pipeline_outputs/csp/salt2_2.4_5param_all.ecsv
# %ECSV 0.9
# ---
# datatype:
# - {name: cid, datatype: string}
# - {name: num_points_91bg_proj_csp_u, datatype: float64}
# - {name: num_points_91bg_proj_csp_g, datatype: float64}
# - {name: num_points_91bg_proj_csp_r, datatype: float64}
# - {name: num_points_91bg_proj_csp_i, datatype: float64}
# - {name: num_points_91bg_proj_csp_B, datatype: float64}
# - {name: num_points_91bg_proj_csp_V0, datatype: float64}
# - {name: num_points_91bg_proj_csp_V1, datatype: float64}
# - {name: num_points_91bg_proj_csp_V, datatype: float64}
# - {name: num_points_91bg_proj_csp_Y, datatype: float64}
# - {name: num_points_91bg_proj_csp_H, datatype: float64}
# - {name: num_points_91bg_proj_csp_J, datatype: float64}
# - {name: num_points_91bg_proj_csp_Jrc2, datatype: float64}
# - {name: num_points_91bg_proj_csp_Ydw, datatype: float64}
# - {name: num_points_91bg_proj_csp_Jdw, datatype: float64}
# - {name: num_points_91bg_proj_csp_Hdw, datatype: float64}
# - {name: z, datatype: float64}
# - {name: t0, datatype: float64}
# - {name: x0, datatype: float64}
# - {name: x1, datatype: float64}
# - {name: c, datatype: float64}
# - {name: z_err, datatype: float64}
# - {name: t0_err, datatype: float64}
# - {name: x0_err, datatype: float64}
# - {name: x1_err, datatype: float64}
# - {name: c_err, datatype: float64}
# - {name: chi, datatype: float64}
# - {name: dof, datatype: float64}
# - {name: message, datatype: string}
# meta: !!omap
# - bounds:
#     z: [0.002, 0.085]
# - {modelcov: true}
# - {warn: false}
# schema: astropy-2.0
cid num_points_91bg_proj_csp_u num_points_91bg_proj_csp_g num_points_91bg_proj_csp_r num_points_91bg_proj_csp_i num_points_91bg_proj_csp_B num_points_91bg_proj_csp_V0 num_points_91bg_proj_csp_V1 num_points_91bg_proj_csp_V num_points_91bg_proj_csp_Y num_points_91bg_proj_csp_H num_points_91bg_proj_csp_J num_points_91bg_proj_csp_Jrc2 num_points_91bg_proj_csp_Ydw num_points_91bg_proj_csp_Jdw num_points_91bg_proj_csp_Hdw z t0 x0 x1 c z_err t0_err x0_err x1_err c_err chi dof message
2008J 8 10 10 9 10 0 0 10 10 3 11 0 0 0 0 0.06511855191669973 1536.2975470332187 -0.13505658382874872 -22.970015411544804 1.385610445591452 0.05081929946088969 71.85305729349238 10.838380281828098 1927.2993328737218 6.116089156215053 611906.8452686203 52 "Covariance may not be accurate. Covariance not positive definite. Covariance forced positive definite."
2005kc 9 13 12 13 13 13 0 0 18 16 18 0 0 0 0 0.03861059406765087 698.4982730960156 0.0068168967787539244 -0.5927128838181317 0.28992091775992845 0.003518733814459201 0.04815166350999789 0.00011962314540351632 0.038859564213450916 0.01855500576799955 113.67740410024984 68 "Minimization exited successfully."
2005A 0 28 33 33 17 28 0 0 0 15 14 0 14 0 0 0.04021019485924962 380.5096286790786 0.0008921684260760554 -0.23744507583414204 0.9914210589378397 3.029884640751157e-08 3.7032453406027344e-06 1.8010112801283673e-05 0.02544136591179972 0.019152076728386782 681.9099187769277 134 "Covariance may not be accurate."
2009Y 29 27 28 31 30 0 0 30 29 26 6 22 6 0 0 nan nan nan nan nan nan nan nan nan nan nan nan "result is NaN
User function arguments:
     z = +0.012014
    t0 = +1933.720244
    x0 = -3924.821550
    x1 = +3738.801212
     c = +3482.942663"
2004gs 19 49 50 46 43 53 0 0 0 7 15 0 17 0 0 nan nan nan nan nan nan nan nan nan nan nan nan "result is NaN
User function arguments:
     z = +0.063600
    t0 = +472.592524
    x0 = -2123575.668501
    x1 = -664.802788
     c = -6868.634029"
2004eo 36 34 35 39 38 39 0 0 0 17 16 0 15 0 0 0.03092422871793795 279.0127123864573 0.010829661207715429 -1.161105697881848 0.1334222040939177 0.03327904846129752 0.2413264600038474 0.00914036456374038 1.0000914607808336 1.0000308714919388 13086.170879113837 216 "Covariance may not be accurate."
2008gp 14 17 20 20 21 0 0 21 20 17 19 0 0 0 0 0.04771424563772017 1779.917516098482 0.00321358677670337 -0.047378879676638015 0.010687100050392168 0.002281160522987803 0.039422715795694785 5.3788847790013784e-05 0.02771010679987831 0.017453511103640476 156.9690289271042 108 "Minimization exited successfully."
2007ca 8 12 12 12 12 0 0 12 12 14 15 0 8 0 0 0.012463800001022362 1228.1799038197018 0.006073367028918675 0.5304204278903664 0.33114229299460973 0.0018604396957066956 0.044291687588383866 0.00010617185817115154 0.03409271152676862 0.018088889704123277 94.92841309584539 63 "Minimization exited successfully."
2009al 12 14 14 14 14 0 0 15 14 12 2 12 0 0 0 0.06981871325385994 1894.831271915825 0.005775492916294012 1.0008998803158127 -0.0012613991509571169 0.0019456632148465297 0.24161683006957446 0.00011006293057329818 0.08271806322496827 0.019945579299769842 436.82546695264796 78 "Minimization exited successfully."
2008ae 2 2 5 5 8 0 0 18 17 16 20 0 8 0 0 nan nan nan nan nan nan nan nan nan nan nan nan "result is NaN
User function arguments:
     z = +0.064238
    t0 = +1615.781337
    x0 = +0.079436
    x1 = +50.347649
     c = -216.546000"
2006dd 25 39 38 37 38 0 0 39 1 0 0 0 0 0 0 0.043500000000000004 905.7964383561645 0.0333142341061981 0.0 0.0 0.050282799647989984 4.658737514848781 0.004328308479017677 10.390977721333709 0.045838823289174914 1769799.1876002646 211 "Covariance may not be accurate. Covariance not positive definite. Covariance forced positive definite."
2005ki 30 47 45 43 44 17 0 25 18 17 21 0 3 0 0 0.01657684869591194 705.7047706978792 0.009425487585673903 -1.4763570649241795 -0.03476073404248766 0.0017417375795636238 0.05405618328421724 0.00016557059194591273 0.03371664323674127 0.019239364748707372 347545.4922561233 246 "Minimization exited successfully."
2007if 4 15 0 15 15 0 0 17 0 0 0 0 10 0 0 nan nan nan nan nan nan nan nan nan nan nan nan "result is NaN
User function arguments:
     z = +0.066681
    t0 = +1436.797842
    x0 = +39.403379
    x1 = +1089.168541
     c = +410.397065"
2006D 32 38 38 41 39 0 0 38 20 21 23 0 8 0 0 0.003799471496907799 757.8861856259581 0.032369615716429205 -1.6360819923211551 0.08647346086691807 0.0016175605347670153 0.04700918317206515 0.0005966218589853558 0.03342116764004338 0.020263915211462757 712107.5903318701 221 "Minimization exited successfully."
2006lu 6 26 26 17 21 0 0 27 2 0 0 0 3 0 0 0.06700877200681886 1038.5005497333361 0.0010765598902853022 0.09562783207398311 0.03723806993887157 7.799497440605374e-07 5.3766536098009965e-05 1.836436639918345e-05 0.03582997941961647 0.01737735275106744 19768.893382959963 118 "Covariance may not be accurate."
2009ag 18 18 18 18 18 0 0 18 32 31 3 30 4 0 0 0.016944035397568967 1890.0508872054354 0.011045875087001599 -0.16017710169555238 0.3893820512909185 0.0011808895644178363 0.05917248601247138 0.00019471270955555005 0.03135864643503169 0.017785360145059735 238.31581861752082 103 "Minimization exited successfully."
2006ev 0 10 10 10 9 0 0 10 16 20 23 0 8 0 0 0.032988853476599585 989.8852252534277 0.0019164451744908058 -1.2910501383664588 0.20442032402521815 0.004573816440683456 0.24530481357584222 5.1953365801777794e-05 0.07497406485742623 0.02516111422751225 14.688374070930266 44 "Minimization exited successfully."
2009cz 8 8 8 8 8 0 0 8 9 12 2 10 2 0 0 0.02545996485272633 1943.96675996914 0.008203582492020857 0.6751222466775714 0.06043852858223871 0.004778642236101888 0.07007734840783542 0.00014021443083315756 0.05516923271627176 0.01826723657296026 22.29559042067023 43 "Minimization exited successfully."
2006gj 4 19 19 16 12 0 0 17 14 7 9 0 5 0 0 nan nan nan nan nan nan nan nan nan nan nan nan "result is NaN
User function arguments:
     z = +0.051896
    t0 = +956.039546
    x0 = -1156448.750087
    x1 = -78.131825
     c = -589.949699"
2005el 24 22 22 24 24 23 0 0 38 24 31 0 4 0 0 nan nan nan nan nan nan nan nan nan nan nan nan "result is NaN
User function arguments:
     z = +0.028567
    t0 = +723.214758
    x0 = +350574.631164
    x1 = -402.619795
     c = +13710.479741"
2007jh 0 9 10 8 7 0 0 9 1 1 0 0 0 0 0 0.07065101947506454 1365.872014192706 0.0005932510558612469 -1.721512704197465 0.30510635538568737 0.006384320689240865 0.1795386650637738 1.301493983874655e-05 0.12230958434272975 0.025536434898679187 171.43508730067646 38 "Minimization exited successfully."
2007so 4 8 8 8 7 0 0 8 8 6 4 0 5 0 0 0.07944417804453752 1428.007540883701 0.0035533086026489115 -1.1907498981951918 0.046588194793575365 0.0050441018610968905 0.4874087075766056 0.00012574520088053312 0.13218703128158546 0.023449625777294158 81.14594084096937 38 "Minimization exited successfully."
2006gt 4 12 13 12 11 0 0 12 9 2 10 0 8 0 0 0.08103373071611739 1003.4271160798359 0.0008383934634893622 -1.890477727158484 0.1077308832860905 0.005774114632608927 0.10559947315198315 1.4973892837931899e-05 0.07598829158151148 0.022451476265573454 1022.8304815573522 59 "Minimization exited successfully."
2007ai 6 15 17 16 15 0 0 16 6 6 10 0 4 0 0 0.04106744880678161 1174.0295109862175 0.000948394232921467 1.1281488248358118 0.44268804574865167 0.009164952285004482 0.20510666912809938 2.4257859860066045e-05 0.20327845647165382 0.026948095019136656 5722.309060837226 80 "Minimization exited successfully."
2006hb 9 26 27 27 28 0 0 26 20 12 15 0 0 0 0 0.07392208413727343 1000.6535759257363 0.012636623688631525 -1.8379085544253206 -0.09790335864407054 0.003107089390119347 0.21226641470565255 0.00035182097306724725 0.0742158526620451 0.02235745035204875 126331.03247515365 138 "Minimization exited successfully."
2007hj 13 27 28 28 26 0 0 27 34 36 33 0 14 0 0 nan nan nan nan nan nan nan nan nan nan nan nan "result is NaN
User function arguments:
     z = +0.075358
    t0 = +1296.648263
    x0 = +307859.859187
    x1 = +212.174673
     c = +4323.429481"
2008ia 15 11 15 14 16 0 0 15 19 28 18 5 10 0 0 0.01655917109056275 1813.4339348645215 0.003637086175007143 -1.264865038139629 0.17690093615240443 0.0025662685729546716 0.06179952506806785 6.43071773535635e-05 0.04383375266163757 0.018986352097627633 134.43602078371492 81 "Minimization exited successfully."
2007ol 3 7 7 0 7 0 0 7 0 0 0 0 0 0 0 0.06587764623208818 1413.2813526135951 0.0009690332747334036 -2.171271062033983 -0.035641039940812066 0.006784438976784525 0.1315182902834522 1.7887803321166765e-05 0.3020629928857483 0.024575836179704418 74.1553883635579 26 "Minimization exited successfully."
2008fw 21 24 23 22 23 0 0 24 10 6 7 0 2 0 0 nan nan nan nan nan nan nan nan nan nan nan nan "result is NaN
User function arguments:
     z = +0.015499
    t0 = +1736.298079
    x0 = +29794.767504
    x1 = +198.081355
     c = +700.374061"
2005mc 5 17 17 14 15 7 0 8 0 0 0 0 0 0 0 0.07571538987846618 731.1313915130488 0.002614484560857096 -1.5800423460244717 0.1364015407635591 0.0031111697244428846 0.25261921615026495 6.664262938824052e-05 0.05106694933447232 0.020913714862749816 155.7711232254155 78 "Minimization exited successfully."
2009dc 10 10 10 9 10 0 0 10 15 19 4 15 4 0 0 0.025327404803384856 1948.3945199016964 0.01368300284330448 2.119644718751401 0.09311254142625984 0.005503820665497351 0.13477763115099606 0.00024849710963862487 0.10049612095513623 0.021974098683852517 203.55318452179768 54 "Minimization exited successfully."
2009F 9 13 16 16 17 0 0 18 10 14 8 10 8 0 0 nan nan nan nan nan nan nan nan nan nan nan nan "result is NaN
User function arguments:
     z = +0.081447
    t0 = +1905.216801
    x0 = +8787.175358
    x1 = +3.383018
     c = -2936.271269"
2008go 6 6 6 6 6 0 0 6 7 0 0 0 0 0 0 0.06480692636190927 1766.4152708472636 0.0009125530193525235 -0.48686487719939836 0.08540791798537535 0.006496603640714034 0.1476011065245757 1.5607671609563524e-05 0.20274363475933255 0.022130945180373916 33.09917440580625 31 "Minimization exited successfully."
2008cf 6 13 13 13 13 0 0 13 9 10 1 0 5 0 0 0.02864839344017228 1594.995135585052 0.002177828893417271 1.03524935624347 0.00804427550764785 0.004679244842094813 0.18594438374896072 3.817828119764998e-05 0.08422665405340832 0.019513387317528958 33209.69485406777 66 "Minimization exited successfully."
2006bd 0 8 8 8 5 0 0 8 4 4 7 0 0 0 0 0.0034745471231804478 811.860162534583 0.0009520948001226278 -1.782782936527274 0.524419294544964 0.004465788584786095 0.5372431731465213 6.652462603526581e-05 0.1545650015055071 0.05187648324854945 1598.6068583600681 32 "Minimization exited successfully."
2007bm 7 8 7 10 10 0 0 10 3 14 16 0 0 0 0 nan nan nan nan nan nan nan nan nan nan nan nan "result is NaN
User function arguments:
     z = +0.080060
    t0 = +1280.171340
    x0 = -149871.466326
    x1 = -704.342363
     c = +10772.577402"
2006kf 9 16 20 19 17 0 0 20 24 18 27 0 10 0 0 nan nan nan nan nan nan nan nan nan nan nan nan "result is NaN
User function arguments:
     z = +0.003045
    t0 = +1118.400201
    x0 = -2514456.867313
    x1 = +100.942126
     c = -15500.764683"
2008bt 8 14 14 14 13 0 0 14 5 1 1 0 0 0 0 0.07997305329381149 1572.0039926590205 0.003355671647234023 -1.9173373950064942 0.33147676147999044 0.002169864780980843 0.11232483253309056 6.05664139917034e-05 0.058592285794255294 0.020190846420066196 10818.641552252278 72 "Minimization exited successfully."
2006mr 18 28 27 30 29 0 0 28 24 18 17 0 2 0 0 0.0849924013129044 1052.4019977772211 0.011794449612800819 -2.2622445761767334 0.3802498837932996 nan 5.372359248667635e-05 0.0002866234686972444 0.048998229689933025 0.024951734818955823 36141.111050387015 155 "Covariance may not be accurate."
2007le 21 23 25 25 25 0 0 25 25 32 33 0 8 0 0 0.009950534674836366 1399.8957861997408 0.042641280027748904 0.25623431827431215 0.32706065451441585 0.000909242397932759 0.03367113097442598 0.0007461856251730727 0.02666519077232299 0.01756993678427879 348715.79318337044 139 "Minimization exited successfully."
2008hu 7 12 16 16 12 0 0 14 10 3 5 0 2 0 0 0.057860338821147744 1806.742639424208 0.0008916422033421798 -1.6468052049870296 0.0876595889349176 0.004585716300029873 0.13301741491295616 1.60965226271536e-05 0.06786905134572531 0.020664139682605373 106.76430745168605 72 "Minimization exited successfully."
2009J 3 7 7 7 6 0 0 7 4 0 0 0 0 0 0 nan nan nan nan nan nan nan nan nan nan nan nan "result is NaN
User function arguments:
     z = +0.021113
    t0 = +1869.386909
    x0 = +1462235.115416
    x1 = +108.508151
     c = +1695.233111"
2007N 3 20 21 22 20 0 0 22 20 14 14 0 9 0 0 0.0024372048467250365 1115.2640927007799 0.0016830042200901988 -2.6497227217817234 0.6506302286162179 0.010117479001358266 0.4857711253538355 0.00013200320980762806 0.10121538506054222 0.055917086043815574 18291.477626437976 103 "Minimization exited successfully."
2006ob 2 8 13 12 5 0 0 10 7 2 2 0 2 0 0 0.07033776972396219 1063.852056762695 0.0008415486065374994 -2.0454757236769967 -0.021178264496842392 0.0049224901464687346 0.11895440384910216 1.5200025335826402e-05 0.09532914847556057 0.022464281748502447 441.1510460448104 45 "Minimization exited successfully."
2006bh 17 18 18 19 19 0 0 19 20 19 22 0 4 0 0 0.014340238645752693 833.9458577515818 0.028862030159646834 -1.644852610376402 -0.016816683739158404 0.0020522299418144216 0.06670132620882896 0.0005020503198786639 0.041664427933806265 0.01888731284260286 69489.11837306435 105 "Minimization exited successfully."
2007ba 6 17 13 12 16 0 0 17 21 6 11 0 5 0 0 0.01228055388272643 1197.2540455349765 0.0011596627318441236 -2.469406494160643 0.3621866369790507 0.0035128649796299398 0.07861489853883086 2.3929072195690135e-05 0.07538899507655213 0.02276307342626456 596.5212278691555 76 "Minimization exited successfully."
2008fp 27 29 28 29 29 0 0 30 26 42 41 0 19 0 0 nan nan nan nan nan nan nan nan nan nan nan nan "result is NaN
User function arguments:
     z = +0.008493
    t0 = +1703.052180
    x0 = +948677.253448
    x1 = -7067.800808
     c = +54350.979964"
2005na 16 25 27 27 26 5 0 19 6 9 5 0 5 0 0 0.041997141310649105 741.1714704227369 0.005603276924096345 -0.29267578459741755 -0.01533764565614459 0.0018866378233647098 0.057724772150095305 9.025416702408943e-05 0.034859164423142436 0.017760521394119 50570.96940549441 140 "Minimization exited successfully."
2008R 10 11 12 13 10 0 0 12 15 9 14 0 1 0 0 0.01835589666632654 1494.4717104339923 0.010931735608196436 -2.1713286169282093 0.13833017677554 0.004781252032165684 0.08046838943312196 0.00019384310726141727 0.05569059483245204 0.020414546125853854 183.25158037123967 63 "Minimization exited successfully."
2005bg 15 15 15 16 17 17 0 0 0 0 0 0 0 0 0 0.018804327987387855 470.3987843503363 0.007012470931061535 0.353178624618472 0.033313795280683164 0.0023056320950078403 0.11587848469676487 0.00012074548665058121 0.05820566611737982 0.017861116196995593 231.82157294288317 90 "Minimization exited successfully."
2005ke 33 38 36 38 38 21 0 15 39 49 48 0 12 0 0 nan nan nan nan nan nan nan nan nan nan nan nan "result is NaN
User function arguments:
     z = +0.043985
    t0 = +637.564300
    x0 = -20094.958061
    x1 = -36.810086
     c = -482.377188"
2007cg 3 7 7 7 4 0 0 8 5 0 0 0 4 0 0 0.018813555152177162 1227.9685351480284 0.0006864934655335859 0.5829101886377032 0.753859193747926 0.0045198210961177945 0.4053686914824084 2.744330091608411e-05 0.11223543265071305 0.028900323676146734 27.955010041333445 31 "Minimization exited successfully."
2004gu 12 24 29 28 26 26 0 0 0 2 3 0 6 0 0 0.04219331238472274 363.0939232105428 0.0016802083504518543 1.3558144508651047 0.13904729621950043 0.002887282769258346 0.11273029990738337 2.866785715070564e-05 0.07472099071909007 0.01834380902329866 253.92528203116197 140 "Minimization exited successfully."
2007jd 2 11 0 14 10 0 0 10 0 0 0 0 3 0 0 0.027219079663789322 1362.3105152643898 0.00034078060010224985 -1.3272853836615357 0.37236590731344427 0.00792464841545891 0.3337237176568806 8.134945234279991e-06 0.17489881030206064 0.028168839910988057 114.17679047121149 42 "Minimization exited successfully."
2007hx 2 10 0 11 9 0 0 9 0 0 0 0 3 0 0 0.005572022519538548 1355.2669076337502 0.00029123086382380655 -0.4746208091780876 0.349576344391158 0.006380382641251884 0.2589549503949229 6.3469465119665535e-06 0.21541158164510532 0.02905358132951985 136.26392837961308 36 "Minimization exited successfully."
