pipeline_outputs/csp/salt2_2.4_4param_blue.ecsv
# %ECSV 0.9
# ---
# datatype:
# - {name: cid, datatype: string}
# - {name: num_points, datatype: int64}
# - {name: z, datatype: float64}
# - {name: t0, datatype: float64}
# - {name: x0, datatype: float64}
# - {name: x1, datatype: float64}
# - {name: c, datatype: float64}
# - {name: z_err, datatype: float64}
# - {name: t0_err, datatype: float64}
# - {name: x0_err, datatype: float64}
# - {name: x1_err, datatype: float64}
# - {name: c_err, datatype: float64}
# - {name: chi, datatype: float64}
# - {name: dof, datatype: float64}
# - {name: b_max, datatype: float64}
# - {name: delta_15, datatype: float64}
# - {name: tmin, datatype: float64}
# - {name: tmax, datatype: float64}
# - {name: pre_max, datatype: int64}
# - {name: post_max, datatype: int64}
# - {name: message, datatype: string}
# meta: !!omap
# - {bounds: null}
# - {warn: false}
# schema: astropy-2.0
cid num_points z t0 x0 x1 c z_err t0_err x0_err x1_err c_err chi dof b_max delta_15 tmin tmax pre_max post_max message
2008J 38 0.0159 1495.2477373525683 0.0020283371931801714 6.094924949690846 1.5391216117882045 0.0 0.06889632702109338 9.441678941696787e-06 0.07383515095395969 0.006118085270790018 1787.2972955401783 34.0 16.98236003636204 0.1726070755185951 1484.54 1515.52 27 11 "Minimization exited successfully."
2005kc 48 0.0151 698.1989041515399 0.006444737498287242 -0.6409809071235272 0.3523751738536827 0.0 0.015202788038948256 1.5310673456860232e-05 0.018789750531894106 0.00369677274078001 1721.2619466158337 44.0 15.972731524593716 1.1545922155417614 687.52 728.54 19 29 "Minimization exited successfully."
2005A 73 0.0191 380.581769561208 0.0007534586312397453 -0.6133296861638515 1.2409901631199458 0.0 0.04692002098980197 3.028529905264981e-06 0.033376663462969046 0.006131855921869869 688.0223009565515 69.0 18.226439811355128 1.0824654994817138 376.65 432.52 6 67 "Minimization exited successfully."
2009Y 116 0.0094 1877.3228555831743 0.03134037113744287 0.23344802018065508 0.23177957531424054 0.0 2.3635720935999416e-08 5.1857448385216206e-05 0.013116136845870744 0.0017714399473511843 437939.5195355951 112.0 14.258712382045285 0.9984830662953037 1869.84 1976.65 18 98 "Covariance may not be accurate."
2004gs 164 0.0267 356.2152629082597 0.0020572585271727345 -1.8940934733410624 0.2311501447633366 0.0 0.028528313300796526 4.065851223243414e-06 0.017296709858846734 0.003368370921480084 87170.00017343325 160.0 17.21688042680186 1.4449860259482712 352.85 461.56 8 156 "Minimization exited successfully."
2004eo 147 0.0157 278.7451677945975 0.010668119545216043 -1.1740034736430112 0.11533617442564352 0.0 7.778668191349425e-06 9.881903724277129e-06 0.004377283009988975 0.0015941294287274374 18112.05085206343 143.0 15.431740297386273 1.284559734249214 266.52 341.54 45 102 "Covariance may not be accurate."
2008gp 73 0.0334 1779.7455326893344 0.0032026164708794493 -0.11245556928142868 0.023083415063319627 0.0 0.013226375286990333 6.928925469620661e-06 0.016187648785402357 0.00267123221972503 1972.319355118819 69.0 16.738340137145304 1.0731015501528383 1768.75 1814.69 14 59 "Minimization exited successfully."
2007ca 44 0.0141 1228.3057945261 0.005926066187059712 0.6623532762420035 0.3710783319076627 0.0 0.01588088568519197 1.1148401978812344e-05 0.016187188856132788 0.002856269051192443 1162.771325080587 40.0 16.062214328417923 0.9177406560857762 1218.68 1259.63 11 33 "Minimization exited successfully."
2009al 55 0.0221 1896.465110244647 0.005274303922070364 0.1732385164822565 0.16786940262927866 0.0 8.918827461457113e-06 1.885689715549007e-05 0.024785873002470336 0.0043579480425844025 1024.79770511129 51.0 16.194976446079693 1.012551002657574 1897.7 1947.57 0 55 "Covariance may not be accurate."
2008ae 30 0.03 1510.0288990118831 0.0006047262101702555 -1.7506568214864278 0.5260825764792136 0.0 0.14915926546518676 6.557051425869921e-06 0.10795095914446927 0.01394277013734325 1824.6131410759035 26.0 18.534240015491864 1.378759745709452 1508.74 1597.56 3 27 "Minimization exited successfully."
2006dd 141 0.0059 905.9341000000001 0.03341378603930534 0.0 0.0 0.0 5.016729645857254 8.827683203866809e-05 101.20164546149063 0.0030899603735456663 1344028.6103217546 137.0 14.192255726689577 1.053132427081529 906.94 1147.57 0 141 "Covariance may not be accurate. Covariance not positive definite. Covariance forced positive definite."
2005ki 163 0.0192 705.8435565922014 0.009281103073936092 -1.509448049230122 -0.017786825799736318 0.0 0.013352574407747397 1.8485334386515012e-05 0.011357602375203724 0.0029812251247229495 215406.61244166413 159.0 15.583880890065284 1.374000240896514 695.86 861.5 12 151 "Minimization exited successfully."
2007if 67 0.0742 1350.0019218506502 0.0015112988093448111 0.7866848534621176 0.23554663978522702 0.0 6.1714146227132e-05 7.041269870072988e-06 0.03933250165400607 0.0034415903788737002 25426.047270943644 63.0 17.550060386627752 0.9027874415061881 1357.77 1443.6 0 67 "Covariance may not be accurate."
2006D 147 0.0085 757.7618556236233 0.031068210232845162 -1.4028588601272538 0.12895434878648082 0.0 0.016475767405722763 5.640730778182045e-05 0.010509493825397185 0.0019854172710442428 455681.8880820718 143.0 14.271091121910828 1.3354635525945096 751.84 891.61 8 139 "Minimization exited successfully."
2006lu 80 0.0534 1036.0168761264854 0.0011778508789816325 0.23029687374464305 0.07389782417988237 0.0 0.17041273605684637 1.0594165203065395e-05 0.04924926836295337 0.007999691787643643 13824.515659942914 76.0 17.823861323815294 1.0069967168933616 1040.84 1137.75 0 80 "Minimization exited successfully."
2009ag 72 0.0086 1890.0586601960597 0.010842910162754918 -0.38859602553705885 0.43230533678592276 0.0 0.03473598975233472 2.520206544369363e-05 0.014954930456133756 0.0020750262861463143 1100.6124723906364 68.0 15.404382129058698 1.1003976469650514 1888.59 1937.5 4 68 "Minimization exited successfully."
2006ev 29 0.0287 989.6844929005646 0.001895878381707415 -1.3791695172791691 0.2741380472628779 0.0 0.13632049845705296 2.1185154916132874e-05 0.04099172986419357 0.008676603701737721 95.98832462285613 25.0 17.304198333359885 1.3168464224920022 994.59 1038.53 0 29 "Minimization exited successfully."
2009cz 32 0.0211 1943.8844076155153 0.008049550636101306 0.6870241648401997 0.09528768599124993 0.0 0.025560814941854915 2.0221932461964347e-05 0.029021164003457136 0.0032251542398210728 533.6002724001769 28.0 15.73660275460383 0.9256216638995944 1937.53 1966.46 12 20 "Minimization exited successfully."
2006gj 52 0.0284 1000.1402989937836 0.0011413256255239747 -2.015937373831122 0.3571899956878361 0.0 0.07438227348399096 5.261271447060373e-06 0.06496277836130772 0.00813383176845664 2794.57479318023 48.0 17.852671369228705 1.462542751378816 998.83 1096.59 4 48 "Minimization exited successfully."
2005el 93 0.0149 647.2548944759478 0.013458988714919766 -1.2741228416956096 -0.02433671186838588 0.0 0.011724821643952055 2.926141833281609e-05 0.012494620763875957 0.0020998853262856857 116044.43754709917 89.0 15.180231696412445 1.318847371201965 639.89 730.75 9 84 "Minimization exited successfully."
2007jh 25 0.0408 1362.9960220579499 0.0005630416788753697 -0.9801445316119629 0.38840242900823896 0.0 0.20205219166075494 5.405470892499281e-06 0.07700497760901805 0.015355882204313213 427.9599214429146 21.0 18.618143949644615 1.2204785939183438 1363.86 1395.86 0 25 "Minimization exited successfully."
2007so 27 0.0297 1430.2641393685044 0.0027561019186936684 -1.0082396275921133 0.11309914795160551 0.0 0.16786081825625843 6.34096879389822e-05 0.0924552413981591 0.01389001959339071 418.9897673105357 23.0 16.901170851569717 1.2483424614045795 1449.68 1469.55 0 27 "Minimization exited successfully."
2006gt 39 0.0448 1002.8743544954216 0.0007712498869701341 -2.1192327083567895 0.3339692344345895 0.0 0.08784659643214354 3.722778061083484e-06 0.05832500333358062 0.009265455367556878 1437.427393005584 35.0 18.27910251608502 1.4921473492376052 1001.67 1076.62 4 35 "Minimization exited successfully."
2007ai 52 0.0317 1173.4707822141272 0.0008929674292481331 1.213339072127629 0.5335029585743841 0.0 0.17501194518547436 5.747385057498807e-06 0.09153808698169189 0.00803106512990628 3079.350953897051 48.0 18.108579868972143 0.8210141100277752 1172.89 1259.7 2 50 "Minimization exited successfully."
2006hb 89 0.0153 1000.6752708797956 0.011640485802394674 -2.091916308476625 0.06974126267891431 0.0 0.0399159230597661 5.858339490789354e-05 0.013313039723400909 0.003863957700324178 91517.45923644947 85.0 15.337890788989618 1.5147539815477913 1007.88 1143.59 0 89 "Minimization exited successfully."
2007hj 93 0.0141 1347.7403354047065 0.007757150844879166 -2.0892416142604455 0.2711429030891839 0.0 0.028331748557889114 2.0067996065136072e-05 0.010118020022059575 0.0026315872190290717 37695.31415086581 89.0 15.774849785449994 1.4914371153452457 1348.76 1440.53 0 93 "Minimization exited successfully."
2008ia 57 0.0219 1813.419726204905 0.0036335216805195546 -1.1012133891024862 0.13854575994058557 0.0 0.03370451371984018 7.973458571043271e-06 0.024418281065266483 0.003009115966521701 952.1960243106431 53.0 16.600784822438737 1.2665750935885534 1809.77 1858.76 7 50 "Minimization exited successfully."
2007ol 24 0.0559 1413.163125900014 0.0009461512897591482 -2.113955636710038 0.03845397046047068 0.0 0.10419465844222486 5.892405535821979e-06 0.2000200515020805 0.00933797956084632 230.01511213738297 20.0 18.063125173713402 1.5242867656698778 1409.79 1422.66 8 16 "Minimization exited successfully."
2008fw 92 0.0085 1736.4452567383285 0.023215436141052335 0.2966407170372637 0.2681616467713573 0.0 6.264144758461043e-10 4.730969924332294e-05 0.013097181088403666 0.0017573782616291892 454818.7517846943 88.0 14.583508830529759 0.9854552106184897 1740.89 1827.81 0 92 "Minimization exited successfully."
2005mc 52 0.0252 730.9777659575328 0.002400753005274844 -2.0086351805227776 0.2640773620755541 0.0 0.10693831235676043 2.699637969585888e-05 0.025776528004321255 0.007861095146025183 597.4270153207441 48.0 17.048407295456133 1.47101981993535 736.79 773.62 0 52 "Minimization exited successfully."
2009dc 40 0.0214 1947.9057191428396 0.012959056833149329 2.7745128737522524 0.10979662292522725 0.0 0.042618097020636014 3.1074831501856966e-05 0.03500689328571501 0.0028787351261914296 4376.285791209892 36.0 15.21585351500578 0.5710818363355266 1942.81 1976.68 12 28 "Minimization exited successfully."
2009F 57 0.013 1842.0418504489423 0.0018621937889776459 -3.3508197691068653 0.6213613196898446 0.0 0.01955608080481852 5.346562154817495e-06 0.025805941383505355 0.004340524409784633 11748.04733388277 53.0 17.307875383618242 1.8199229994773773 1837.75 1884.63 20 37 "Minimization exited successfully."
2008go 24 0.0623 1766.6621374041993 0.0009001271949443852 -1.0039225668167562 0.18833874241883594 0.0 0.12327548248015319 2.780733331320773e-06 0.16783717403123755 0.0052662887912147075 278.71610864955534 20.0 18.11491823167707 1.241524691407161 1765.61 1776.58 8 16 "Minimization exited successfully."
2008cf 45 0.046 1596.3719448199972 0.0021003636031973858 0.957781263622767 0.011361119668177407 0.0 1.3076066920802987e-05 4.130741286123099e-06 0.02418193342558912 0.00343559971610355 12713.46987156125 41.0 17.195561176492575 0.882791515997468 1595.77 1654.65 4 41 "Covariance may not be accurate."
2006bd 21 0.0257 815.3053101564749 0.00064616008033842 -0.8208607846652989 0.6929760517918615 0.0 0.00010704869424671415 1.0311054155217152e-05 0.08081684363650321 0.019408351801958556 704.7254174364494 17.0 18.450916967729977 1.163758095469884 823.7 872.57 0 21 "Minimization exited successfully."
2007bm 35 0.0062 1225.3060593771202 0.024596171767336278 -0.9941959545797228 0.5406507646655003 0.0 0.032862249218055695 4.9221051608443934e-05 0.013763493956732856 0.002247823058764491 1580.9773456302753 31.0 14.509773543711242 1.2107803635729582 1224.67 1259.56 3 32 "Minimization exited successfully."
2006kf 62 0.0213 1041.5190014959828 0.0032153750913056977 -2.0474346898558933 0.19380004561758876 0.0 0.02331798091051951 7.875509731780626e-06 0.019887984471247015 0.003635336229453303 11217.270773353146 58.0 16.732935486672314 1.4890175757095037 1036.81 1127.64 12 50 "Minimization exited successfully."
2008bt 49 0.0154 1568.3763833375872 0.0033185575638477256 -1.9270941022768089 0.4546135549035234 0.0 0.10814161929761212 2.7223053114505202e-05 0.026462640914168778 0.006461481639491984 13827.058615834256 45.0 16.68957494825825 1.4292354773720177 1571.61 1651.47 0 49 "Minimization exited successfully."
2006mr 103 0.0059 1050.3678333794298 0.008685938061363167 -0.978363313484913 0.6969946093287127 0.0 2.8743412599396834e-05 2.7373881884362032e-05 0.02322120212254375 0.004320166911094117 51130.851615295076 99.0 15.629516199521426 1.1945991375045644 1046.68 1147.57 12 91 "Covariance may not be accurate."
2007le 94 0.0067 1399.878453010436 0.0414034669011219 0.11284632726942206 0.4084330907132317 0.0 0.018625790407554632 9.529470323127534e-05 0.01671392089814902 0.0026114021931016532 165764.6955319054 90.0 13.95040506942568 1.0104056553236216 1392.6 1470.55 13 81 "Minimization exited successfully."
2008hu 45 0.0497 1807.020801081365 0.0008746425933795826 -1.9251024653843027 0.12043271155859757 0.0 0.08526673278265662 4.353810378000424e-06 0.04080913906860924 0.006731866588701508 273.73850760512204 41.0 18.147638883188886 1.4646113289645477 1806.76 1840.68 4 41 "Minimization exited successfully."
2009J 23 0.0158 1837.777287837051 0.0011377185323803358 -2.1306745284873085 -0.25556026535704723 0.0 0.3455855705662998 5.089549387126119e-05 0.06523424070839656 0.02673426991826477 155.80307992353755 19.0 17.859958866815223 1.5619244380063897 1848.7 1867.68 0 23 "Minimization exited successfully."
2007N 65 0.0129 1115.7587068848918 0.0015433431216579706 -2.2950790642765924 0.7934626350587164 0.0 0.10326364041122815 2.352881725509258e-05 0.033737418588063034 0.011131395202876792 10153.88451432262 61.0 17.49835669615258 1.4809651000477402 1123.82 1213.67 0 65 "Minimization exited successfully."
2006ob 25 0.0592 1063.9166126229761 0.0008088832772298142 -2.257696317852034 0.016351595113623277 0.0 0.08066632887573633 4.087342034471483e-06 0.06117134796028688 0.012165475620252095 452.50350540527893 21.0 18.233448616885703 1.5674084361261968 1060.65 1121.57 4 21 "Minimization exited successfully."
2006bh 73 0.0109 833.7604761696048 0.028517894611091756 -1.5634567475989014 -0.016694517129675228 0.0 0.02319736704572506 4.7411216578708354e-05 0.010123791473755254 0.0020173128548397192 41742.37111748634 69.0 14.365111258313332 1.3870623754882505 831.9 891.79 7 66 "Minimization exited successfully."
2007ba 56 0.0385 1197.1449407085317 0.001139195740923657 -2.930095944362107 0.3761441135641923 0.0 0.028295667796328416 5.084017554911816e-06 0.031230417676561643 0.0070196007876265855 3011.370138293977 52.0 17.85429235661293 1.7227866501848048 1190.83 1255.61 8 48 "Minimization exited successfully."
2008fp 115 0.0057 1731.5486583841566 0.024626187839705944 -0.036571309257557014 0.6726822118635507 0.0 2.248195085030602e-05 4.7252468689246614e-05 0.01231694160928804 0.00214538510492312 416018.3973358773 111.0 14.499257444790764 1.0211069086767441 1724.84 1820.73 18 97 "Minimization exited successfully."
2005na 91 0.0263 741.5469448839972 0.005526531737178733 -0.5422892052773151 -0.031342601528429534 0.0 0.03516893249599207 1.02248228817365e-05 0.02099389098291757 0.0030034254723424604 28675.887749974514 87.0 16.146238114394077 1.1607602644421888 738.71 834.54 8 83 "Minimization exited successfully."
2008R 43 0.0135 1493.260622641781 0.011039974390790165 -2.1632637939982198 0.12914300752682056 0.0 0.03627606446423215 2.5701592636107177e-05 0.012819657574028719 0.002786322999704933 5179.832692617716 39.0 15.39476944247774 1.5277175919722925 1493.63 1532.52 0 43 "Minimization exited successfully."
2005bg 64 0.0231 469.5856173971845 0.007032890930803284 0.7844143867532155 0.0502899996913377 0.0 0.12212556534433361 2.8841668628022175e-05 0.05562011742718348 0.002544324418301349 1392.706758491966 60.0 15.88347770539626 0.9107738964377177 471.65 512.61 0 64 "Minimization exited successfully."
2005ke 145 0.0049 699.3381836941471 0.016078741416704432 -1.9643333252610125 0.5810536887204293 0.0 0.00788659254033064 3.311491418172667e-05 0.010636091800559537 0.002448537532384257 341052.1863438431 141.0 14.969352968468836 1.4242941386809775 689.69 819.51 20 125 "Minimization exited successfully."
2007cg 22 0.0332 1227.8003045970188 0.0006977305612508869 0.8007702405739033 0.8216573472436461 0.0 0.4133474620417701 1.9610931142944613e-05 0.12598119187671727 0.017858891889277573 117.32192376477249 18.0 18.355750245824723 0.8741934777643934 1235.63 1259.59 0 22 "Minimization exited successfully."
