pipeline_outputs/csp/salt2_2.4_5param_blue.ecsv
# %ECSV 0.9
# ---
# datatype:
# - {name: cid, datatype: string}
# - {name: num_points, datatype: int64}
# - {name: z, datatype: float64}
# - {name: t0, datatype: float64}
# - {name: x0, datatype: float64}
# - {name: x1, datatype: float64}
# - {name: c, datatype: float64}
# - {name: z_err, datatype: float64}
# - {name: t0_err, datatype: float64}
# - {name: x0_err, datatype: float64}
# - {name: x1_err, datatype: float64}
# - {name: c_err, datatype: float64}
# - {name: chi, datatype: float64}
# - {name: dof, datatype: float64}
# - {name: b_max, datatype: float64}
# - {name: delta_15, datatype: float64}
# - {name: tmin, datatype: float64}
# - {name: tmax, datatype: float64}
# - {name: pre_max, datatype: int64}
# - {name: post_max, datatype: int64}
# - {name: message, datatype: string}
# meta: !!omap
# - bounds:
#     z: [0.002, 0.085]
# - {warn: false}
# schema: astropy-2.0
cid num_points z t0 x0 x1 c z_err t0_err x0_err x1_err c_err chi dof b_max delta_15 tmin tmax pre_max post_max message
[from data line 101]
2008bd 31 0.08365659508139094 1524.0440693488351 0.0014486441840349748 -1.9785973897145865 0.26220008058261507 0.004893946783117567 0.24742811475641702 7.547113437842355e-05 0.17425279639359886 0.04468570885529774 136.45358974026888 26.0 17.596912656555165 1.4634143586758626 1541.7 1592.62 0 31 "Minimization exited successfully."
2007S 65 0.04007124575936074 1142.6164819987755 0.007061761804906769 2.720789440524697 0.4501104234681379 2.1384607896968166e-08 1.9129886368318694e-06 2.4670479207001963e-05 0.0353757204874109 0.0035215562587890227 67502.09429760264 60.0 15.864718291326646 0.5729412496458117 1133.84 1246.54 8 57 "Minimization exited successfully."
2005bo 36 0.0020000007816782742 478.952490099418 0.00820611851435286 -1.2770207710192447 0.2692268897381692 4.5699383978663926e-05 0.10776049749199501 2.939333160808911e-05 0.07829896551288658 0.0038937901624649988 806.9023631406286 31.0 15.71347707143947 1.2943564445041105 478.75 512.76 4 32 "Minimization exited successfully."
2006bt 39 0.0025380705905447233 858.2581953235838 0.0025268969872928133 -0.09493443135679244 0.23167798736575376 0.0021234653663567463 0.04900178230832353 1.0147450951263935e-05 0.05232903606526267 0.004946110736454946 805.9983882464404 34.0 16.992727890422604 1.058047089279345 853.76 891.71 3 36 "Minimization exited successfully."
2008fl 89 0.007042516131035758 1721.4849884856417 0.005395922432179611 -1.5680318110234257 0.17745389059444572 0.000681888420984292 0.051848863454210914 2.0400285822179534e-05 0.01898078845450599 0.002974120165336065 22926.350285715147 84.0 16.170982974027055 1.3698345099352736 1724.49 1789.53 0 89 "Minimization exited successfully."
2007st 44 0.002098297545529598 1453.6762447621168 0.008656983836117616 -1.9965180738305786 0.008931723501580282 0.0021297396007577876 0.09309641327013196 7.459884508443161e-05 0.0277192919010516 0.005827952103505057 917.3730519482023 39.0 15.659659820885883 1.4955557978537737 1458.66 1493.55 0 44 "Minimization exited successfully."
2005hc 79 0.04322118275756536 668.081666375088 0.0018125444768356412 0.8118580835001732 0.07861360677815397 0.0012562281138896458 0.04188864046244589 3.282280591186091e-06 0.03307518446936462 0.0033675627404975822 21508.828795070927 74.0 17.355361312283883 0.9049607330587328 662.72 755.61 16 63 "Minimization exited successfully."
2009ab 40 0.0020000000000153337 1883.659622894887 0.011449374814141195 -0.9623130413868829 0.17222902093042916 1.3882977237805218e-05 0.012276628206791429 2.183977524608775e-05 0.01353595480831265 0.002598290393904686 3337.9892410206107 35.0 15.354016233480234 1.2338988873745045 1874.57 1911.51 16 24 "Minimization exited successfully."
2007as 65 0.009093612888975106 1182.3924536958202 0.006698018858370365 -1.1513139390335325 0.252492088150284 0.0010180440230742657 0.042359239125289605 1.555718560914959e-05 0.028781985787170786 0.002760912348327899 48837.01221078042 60.0 15.934364913177841 1.268127279770546 1181.7 1259.49 4 61 "Minimization exited successfully."
2006hx 31 nan nan nan nan nan nan nan nan nan nan nan nan nan nan nan nan 0 0 "result is NaN User function arguments:      z = +0.056195     t0 = +1080.761381     x0 = +204618.461630     x1 = +32.226958      c = +532.168825"
2008ff 86 nan nan nan nan nan nan nan nan nan nan nan nan nan nan nan nan 0 0 "result is NaN User function arguments:      z = +0.083548     t0 = +1809.092309     x0 = +390851.629654     x1 = +1575.331779      c = +5262.249358"
2009ds 36 0.002000000000000281 1962.0747443469445 0.009335359937581795 1.504476587216672 0.1805740280490301 6.572881397038342e-05 0.04291960762191138 2.5016816429450286e-05 0.054202545469473985 0.0035538860943669964 523.5480780085818 31.0 15.573579192294043 0.7865122236911031 1956.68 1976.62 12 24 "Minimization exited successfully."
2008O 50 0.04937540340919113 1490.2814979763887 0.0007271703640093976 -1.854493452153371 0.4661973875819961 0.002477295800770659 0.12041332781268466 6.425057692149744e-06 0.06912139765760378 0.0096577434344553 815.9572138716917 45.0 18.337259336568152 1.410084597925728 1490.64 1571.48 0 50 "Minimization exited successfully."
2006ot 43 0.00470620370099205 1063.8366110061781 0.0010265910153352783 0.14176723275213088 0.19904899629340062 0.004832662222207603 0.2610923519791868 1.1086430902409967e-05 0.14435224355135445 0.008994950470701485 1751.3893963120822 38.0 17.9713011948062 1.0165993487071106 1065.68 1119.57 0 43 "Minimization exited successfully."
2006py 21 0.032309745926337945 1071.3747774794829 0.000987550002618453 -0.2985876093857284 0.14887319762724974 0.009641198236708271 0.1992571517127999 7.022236733400036e-06 0.15777839485877249 0.011639752720747182 131.10618103950677 16.0 18.014620278489154 1.1013714947472408 1069.54 1087.54 4 17 "Minimization exited successfully."
2005be 45 nan nan nan nan nan nan nan nan nan nan nan nan nan nan nan nan 0 0 "result is NaN User function arguments:      z = +0.084998     t0 = +425.032541     x0 = +74862.290326     x1 = -15.990265      c = +831.066023"
2006fw 25 0.08499999975220558 1004.2342598325911 0.0003800960256643492 -0.4708670570726259 0.16146094869450603 0.0008338483584171483 0.11568800057830231 2.097549992692797e-06 0.09354490978886805 0.005928700169885867 849.9223974386725 20.0 19.051173171838727 1.134093552822062 1001.75 1039.73 5 20 "Minimization exited successfully."
2007ax 40 0.07995499274147938 1186.1783516109758 0.004903744930591033 -1.105027058013219 0.8095657134746538 0.0018729199884867306 0.0689014143466693 3.41458051939441e-05 0.042413506703959644 0.007886098836789061 8050.754973510075 35.0 16.24118632100408 1.2106826950394485 1185.56 1246.46 4 36 "Minimization exited successfully."
2007jg 57 0.04182264309608939 1367.14062787608 0.001459336249945569 -0.6281550740904652 0.2411147512760318 0.001728331002081293 0.04742529573115917 4.024689019212388e-06 0.04788483761215223 0.004111672624070567 1794.983146851203 52.0 17.58888106014551 1.159925860125938 1363.82 1423.7 12 45 "Minimization exited successfully."
2007af 102 0.00469036191512261 1174.9143476749482 0.08147026577491315 -0.584024073702388 0.10694435737516549 0.0008278318641619159 0.016701646314572827 0.00019022299553219993 0.019363093193420278 0.002298816291304757 269016.3623522599 97.0 13.224266736142582 1.1602242935275822 1165.8 1256.69 22 80 "Minimization exited successfully."
2008cc 81 0.08499358511553523 1576.5303254106525 0.024299108196945404 -1.1022362104087802 0.08927487301858889 0.051344261487565206 94.76436011926944 1.0000214939496848 1.0000732838542243 1.0000234545750508 138220.01325857887 76.0 14.538244487218122 1.2707586257041772 1582.86 1654.86 0 81 "Covariance may not be accurate."
2006ef 36 0.0047553435489274265 970.9984675648452 0.01003634942400055 -1.7899061842027044 0.05358342237483902 0.0010088112972875566 0.06709812627940437 7.814710586858923e-05 0.02593847105752894 0.005257045862585235 32648.84762981683 31.0 15.498873951617805 1.4367940736393852 979.9 1040.71 0 36 "Minimization exited successfully."
2007nq 75 0.03882640605103837 1398.786602963677 0.0016954349748263837 -2.0635689834867676 0.054118998981429633 0.0027634875851328435 0.06066976521049128 8.027282223252102e-06 0.0446537274336687 0.006003977928330291 5206.350921521474 70.0 17.429716652841197 1.5087061096682675 1397.65 1476.56 4 71 "Minimization exited successfully."
2008bq 64 0.03758044780007715 1563.942159302798 0.0025626848447837195 0.4676835996861882 0.19782237868019353 0.0009726232041528289 0.057342482612625645 5.792025257993625e-06 0.035466205578016746 0.0026758110714215607 649.6661280090269 59.0 16.977843988374786 0.958976698490833 1562.49 1606.46 4 60 "Minimization exited successfully."
2008hv 93 0.004194152253923739 1817.500727888895 0.020187916488796642 -1.2832321071097894 -0.05265534336923359 9.053264324841714e-09 8.916710157791385e-06 5.357934644719105e-07 0.0001546820893834278 4.4667145420414044e-05 88905.04612003735 88.0 14.739946698286952 1.3233043930725525 1806.79 1884.68 19 74 "Covariance may not be accurate."
2009I 18 0.002000006506296838 1846.0823458861958 0.0007079461474930226 6.448863370733185 0.771684863689678 0.0004500081867452228 0.24423858392003694 6.090577541645315e-06 0.24534215798119677 0.009603946687377234 182.17403966984864 13.0 18.221074367319183 0.1370707964352107 1848.58 1867.58 0 18 "Minimization exited successfully."
2004gc 80 0.039693711853545935 326.17339631103897 0.0016801804238616854 -0.660416029810893 0.38730440972606167 0.0017620691987620257 0.0988141156543918 1.1700920078274386e-05 0.035822447431962466 0.005610220736679675 12150.909106657844 75.0 17.43098454802503 1.1559006776497291 329.83 397.66 0 80 "Minimization exited successfully."
2005lu 49 nan nan nan nan nan nan nan nan nan nan nan nan nan nan nan nan 0 0 "result is NaN User function arguments:      z = +0.020469     t0 = +813.958855     x0 = +0.465394     x1 = -76.141367      c = -418.474549"
2007al 48 0.08495453932913438 1164.3223598939333 0.002920017669388404 -1.542384497617646 0.4414488424704342 1.0807503581650169e-07 2.4041974029387347e-06 1.6069000212124658e-05 0.031530115772881506 0.00847500464669574 7399.574556060396 43.0 16.828947433570377 1.3385543406256346 1170.77 1246.58 0 48 "Covariance may not be accurate."
2005gj 81 0.002000000000098719 710.1264619048071 0.0005408538165890938 12.210022591681007 0.929395799603554 2.367576205988451e-05 0.04167826470552427 4.815580566179905e-06 0.1535518330074819 0.0066465966812070095 85546.5851348523 76.0 18.156146110152875 0.2896242994026963 698.7 795.54 16 65 "Minimization exited successfully."
2008bz 44 0.040193924841133016 1580.2878985864197 0.0010062104407213143 -0.6755794268961061 0.0772639565193524 0.0026546880838061067 0.13848373186783647 6.36459032412461e-06 0.08022061363946967 0.006462902331899371 2474.0149369600467 39.0 17.995394510510174 1.180858200454928 1580.72 1651.52 0 44 "Minimization exited successfully."
2007bc 47 0.028807748807720905 1200.753043951166 0.0072824868385976 -0.9636842932505016 0.04784568137664811 0.0017686494911204227 0.03509363219336592 1.6272909713723208e-05 0.032020566281914506 0.003142229492507129 11643.379580420598 42.0 15.846775626273855 1.243692194935866 1197.65 1259.53 8 39 "Minimization exited successfully."
2008fr 68 0.042347344316526626 1737.5146304123084 0.0022487766576432706 -0.017266719226735602 0.14073231433949207 1.7062931605207887e-06 3.711661497618479e-05 8.4905218378465e-06 0.02807473881918634 0.00491905352897083 19385.95376058153 63.0 17.12110480064024 1.048788047822402 1740.72 1807.57 0 68 "Covariance may not be accurate."
