pipeline_outputs/csp/salt2_2.4_5param_blue.ecsv
# %ECSV 0.9
# ---
# datatype:
# - {name: cid, datatype: string}
# - {name: num_points, datatype: int64}
# - {name: z, datatype: float64}
# - {name: t0, datatype: float64}
# - {name: x0, datatype: float64}
# - {name: x1, datatype: float64}
# - {name: c, datatype: float64}
# - {name: z_err, datatype: float64}
# - {name: t0_err, datatype: float64}
# - {name: x0_err, datatype: float64}
# - {name: x1_err, datatype: float64}
# - {name: c_err, datatype: float64}
# - {name: chi, datatype: float64}
# - {name: dof, datatype: float64}
# - {name: b_max, datatype: float64}
# - {name: delta_15, datatype: float64}
# - {name: tmin, datatype: float64}
# - {name: tmax, datatype: float64}
# - {name: pre_max, datatype: int64}
# - {name: post_max, datatype: int64}
# - {name: message, datatype: string}
# meta: !!omap
# - bounds:
#     z: [0.002, 0.085]
# - {warn: false}
# schema: astropy-2.0
cid num_points z t0 x0 x1 c z_err t0_err x0_err x1_err c_err chi dof b_max delta_15 tmin tmax pre_max post_max message
2008J 38 0.002000006334057596 1495.0011749280716 0.0018975938431758648 6.089170362442339 1.5313277025175478 0.00020397376208441845 0.07144263665281869 9.430506020099669e-06 0.07668734043165584 0.006029057116611586 1706.0423688957603 33.0 17.05646331992917 0.1724843839665553 1484.54 1515.52 27 11 "Minimization exited successfully."
2005kc 48 0.002000001408019744 698.0253119898551 0.006443999323251234 -0.7266112402254283 0.3445898128893013 0.00041799667771690225 0.01514509929995711 1.605394743436777e-05 0.01907573811151218 0.0036294532822121702 1672.2503121112316 43.0 15.973191828762127 1.172187520313413 687.52 728.54 19 29 "Minimization exited successfully."
2005A 73 0.04148470869496121 380.44577358369304 0.0008123967296832565 -0.1484819318073982 1.2507674889394766 1.8641789428092137e-08 1.0441646054459852e-06 2.9453636700065017e-06 0.03132638414177246 0.00619364265519929 359.9963884526143 68.0 18.142915362525258 1.0019474414561458 376.65 432.52 6 67 "Covariance may not be accurate."
2009Y 116 nan nan nan nan nan nan nan nan nan nan nan nan nan nan nan nan 0 0 "result is NaN User function arguments:      z = +0.009972     t0 = +1943.004636     x0 = +50372.440070     x1 = +1320.334269      c = +27538.878341"
2004gs 164 nan nan nan nan nan nan nan nan nan nan nan nan nan nan nan nan 0 0 "result is NaN User function arguments:      z = +0.065061     t0 = +327.194407     x0 = +5187774.591218     x1 = -2062.282211      c = -5470.043164"
2004eo 147 nan nan nan nan nan nan nan nan nan nan nan nan nan nan nan nan 0 0 "result is NaN User function arguments:      z = +0.081254     t0 = +244.167046     x0 = -839903.862342     x1 = +599.490307      c = +5099.193897"
2008gp 73 0.03165603261029507 1779.7225890444108 0.003206409673925334 -0.12306849401525231 0.022839634754980676 0.001219127731778659 0.02073044520682288 7.491218787817222e-06 0.017861804094510863 0.002682322861531535 1971.7586780597906 68.0 16.737062421498322 1.075131198235809 1768.75 1814.69 14 59 "Minimization exited successfully."
2007ca 44 0.009345613829810934 1228.2446104983223 0.0059339621003030255 0.6203016180600035 0.3674247501274901 0.0010941815324890603 0.021088816396058974 1.1541911569051224e-05 0.01906557617483709 0.002947688869800883 1145.1454166972903 39.0 16.06094952876566 0.9249775768337116 1218.68 1259.63 11 33 "Minimization exited successfully."
2009al 55 nan nan nan nan nan nan nan nan nan nan nan nan nan nan nan nan 0 0 "result is NaN User function arguments:      z = +0.082823     t0 = +1927.790990     x0 = -1719690.319966     x1 = -908.768355      c = -2799.559717"
2008ae 30 0.0020000011748631573 1510.2343035386698 0.0005771546993590582 -1.9083507807890268 0.5102824025755897 0.0008622920437783856 0.14642999202351348 6.7328846582856114e-06 0.11156827591446718 0.013617678953384445 1791.142160176907 25.0 18.585847918433142 1.4184730325222894 1508.74 1597.56 3 27 "Minimization exited successfully."
2006dd 141 0.043500000000000004 905.7964383561645 0.0333142341061981 0.0 0.0 0.053742339075540047 1.074366597156768 0.0008498705833481397 7.025619866363037 0.01692903723762108 1344028.6103217546 136.0 14.195495361792956 1.053132427081529 906.94 1147.57 0 141 "Covariance may not be accurate. Covariance not positive definite. Covariance forced positive definite."
2005ki 163 0.014718573655468786 705.7850943435172 0.009340601762981808 -1.5569621316390827 -0.019736095655450807 0.000985422802419149 0.018544062690409646 2.3331182795765836e-05 0.015787111796515936 0.0030124470855464815 215396.17989949527 158.0 15.576961525291729 1.3857522824477257 695.86 861.5 12 151 "Minimization exited successfully."
2007if 67 0.0844278266547756 1349.488666821131 0.0015546451073282805 0.9358951625618157 0.21843036630305188 9.208443670083444e-08 4.283040880181943e-06 7.857612863287938e-06 0.04261530140361596 0.0035676090158098532 25242.726704240646 62.0 17.519638362763295 0.8785218025923491 1357.77 1443.6 0 67 "Minimization exited successfully."
2006D 147 0.039426128707288434 757.7939269047356 0.03077897566034431 -0.967049991958818 0.1466417862366658 9.266619374302676e-07 0.018075566865377368 5.2569533536815556e-05 0.011472764078667276 0.00200263044096985 444375.6480051668 142.0 14.280778795813449 1.2368868826924722 751.84 891.61 8 139 "Covariance may not be accurate."
2006lu 80 0.07551119989742061 1038.0745055106977 0.0010943018505276067 -0.053645802075051895 0.06068217556562457 4.6425409523653816e-08 1.9852541299769655e-06 4.024694899433588e-06 0.03538450865038354 0.00721536267414972 12073.746636383556 75.0 17.904036918953228 1.0599447538045226 1040.84 1137.75 0 80 "Minimization exited successfully."
2009ag 72 0.005664845447838262 1890.1062404035597 0.010793938378033751 -0.4623324679741871 0.43591492010240074 0.00048652060582787685 0.034806296238457435 2.650774088187953e-05 0.019126196408682437 0.002175078261469703 1067.2922874888636 67.0 15.409172830527158 1.1141085362326137 1888.59 1937.5 4 68 "Minimization exited successfully."
2006ev 29 0.038819387946342654 989.7023484732588 0.0018968786913098968 -1.256343804458636 0.2853917454351926 0.0029147979396272686 0.13889877037632914 2.077435629064244e-05 0.05408993836877354 0.00896440759638002 83.7276008712474 24.0 17.3032340385401 1.2883467611664976 994.59 1038.53 0 29 "Minimization exited successfully."
2009cz 32 0.023504655757572324 1943.9129032136013 0.008042495680018977 0.6970570706306363 0.09572950854443264 0.0021934376966958047 0.03676964089413559 2.089638323400535e-05 0.03020983010964016 0.0032452726911557876 533.0265706087791 27.0 15.737541572443934 0.9238802604063814 1937.53 1966.46 12 20 "Minimization exited successfully."
2006gj 52 0.04842283027232457 1000.3088972440258 0.0011590916936108286 -1.7927577522804368 0.3551897628863763 9.980949418342266e-08 3.3715186305016687e-06 3.97383559699433e-06 0.0531638697560088 0.007197828088658088 2383.9992985780127 47.0 17.83588624734514 1.4066663968307758 998.83 1096.59 4 48 "Covariance may not be accurate."
2005el 93 nan nan nan nan nan nan nan nan nan nan nan nan nan nan nan nan 0 0 "result is NaN User function arguments:      z = +0.083464     t0 = +644.555195     x0 = +62360.004348     x1 = +31.886047      c = -648.546627"
2007jh 25 0.06123665417714856 1363.446636440133 0.0005737080108876611 -0.9391064290431625 0.37682557475842227 0.004622732214962816 0.23629220570558118 6.093585146388398e-06 0.08691808297962401 0.017978068299855186 406.66204993777905 20.0 18.598220577890615 1.2129170811243135 1363.86 1395.86 0 25 "Minimization exited successfully."
2007so 27 0.0020000000020571605 1430.9304527932977 0.0026039991701144053 -1.3907219797770474 0.12475284240632989 0.002654256725072434 0.1490257420953185 5.887023083169526e-05 0.07382170424336686 0.0144527467085639 292.5835937060355 22.0 16.962832484221273 1.333022205566568 1449.68 1469.55 0 27 "Minimization exited successfully."
2006gt 39 0.07128915251000448 1003.0855458351455 0.0008008690809201085 -1.9533431608692826 0.2816874041584944 0.048080719520667864 99.23305163907332 1.0000010000040476 1.001249897440716 1.000042406204255 1106.5667626380757 34.0 18.239837309208315 1.454776141233932 1001.67 1076.62 4 35 "Covariance may not be accurate."
2007ai 52 0.0020003285136490916 1174.0828170711923 0.0008691500459689969 0.5054193631016912 0.5042267051015921 0.0118685033745164 0.13256292401922565 5.420623819347446e-06 0.07904721323504064 0.007691052849417476 3033.2532187296856 47.0 18.1402658297087 0.937750576317697 1172.89 1259.7 2 50 "Minimization exited successfully."
2006hb 89 nan nan nan nan nan nan nan nan nan nan nan nan nan nan nan nan 0 0 "result is NaN User function arguments:      z = +0.083080     t0 = +1036.006832     x0 = +32212.893921     x1 = +94.673874      c = +1836.524326"
2007hj 93 0.058704959606828325 1347.6249523605352 0.008106685920487506 -1.5652202593055073 0.26313427254689004 1.3049070611316493e-05 0.00041332381147185515 1.3039836496546614e-05 0.009868197296109955 0.00250477257525805 35703.88401863523 88.0 15.727012469387542 1.3608501135435311 1348.76 1440.53 0 93 "Covariance may not be accurate."
2008ia 57 0.0020000000000827633 1813.2611716367257 0.0036495345392926737 -1.359017191951875 0.15009384950844062 0.0017722888334056868 0.032183442462837775 8.320283737305983e-06 0.023668709150474608 0.0030048365330601324 873.6910569512615 52.0 16.595947747851895 1.323444951675711 1809.77 1858.76 7 50 "Minimization exited successfully."
2007ol 24 0.05767609257682362 1413.2013259930422 0.0009471582002268895 -2.158626326327587 0.03627417622577194 0.003482078994952696 0.12795808019825472 6.2423291101318156e-06 0.21854204414844167 0.010242325617200022 229.780883131093 19.0 18.06199802429617 1.5369779196522089 1409.79 1422.66 8 16 "Minimization exited successfully."
2008fw 92 0.0020110219998178878 1736.7696839447192 0.02277607821711326 0.14264576055642078 0.2771622205365529 2.1572497330580448e-08 3.8664438761770725e-08 4.9455032588806775e-05 0.012783550047876952 0.002081194395575437 454204.4092765647 87.0 14.604100455354956 1.0122912216259365 1740.89 1827.81 0 92 "Covariance may not be accurate."
2005mc 52 0.04746000106473607 730.9062351068129 0.00243553169079562 -1.6670326421231925 0.2518801449448051 0.002368035215244514 0.10922666107575196 2.6525183801798615e-05 0.042797885242356615 0.008678232870028326 560.8711537087362 47.0 17.032989238167655 1.3863119265463126 736.79 773.62 0 52 "Minimization exited successfully."
2009dc 40 0.002000000000000083 1947.8576716199702 0.013291846001547989 2.480257884771121 0.0974222377117039 2.258534488270669e-05 0.03939769140686167 3.3204552062134284e-05 0.03360590711122723 0.0028079277142160092 3397.0522103923845 35.0 15.189424351088142 0.6261003848146309 1942.81 1976.68 12 28 "Minimization exited successfully."
2009F 57 0.0020000000000032162 1841.9910557513183 0.001848051612430153 -3.4769690509580737 0.6084582810077777 3.0476902259655644e-05 0.01923151448329463 5.5003691993117425e-06 0.025953663391640257 0.004234252130594294 11492.04918963297 52.0 17.317039112750116 1.8671467380089624 1837.75 1884.63 20 37 "Minimization exited successfully."
2008go 24 0.04938010833397684 1766.6466643001177 0.0008892458994770211 -1.2230645815112189 0.21734518714781725 0.0018991657958667314 0.11184347630603497 3.0991803834721544e-06 0.1544309120816057 0.005898506954721509 235.19722850036317 19.0 18.127594111497988 1.2868869507309277 1765.61 1776.58 8 16 "Minimization exited successfully."
2008cf 45 0.03882125820148288 1596.7293744594851 0.0020928183952758942 0.723934674753031 0.024362630593817717 0.0024723545535850697 0.042044598098186725 1.0089296862677322 1.006203561145485 1.0107509457931694 12795.129075564928 40.0 17.1996504150554 0.9221995194039891 1595.77 1654.65 4 41 "Covariance may not be accurate."
2006bd 21 0.08311307537106453 818.4144272489223 0.000600133243797887 -0.6692336761460167 0.7605483262797995 4.167174985230532e-05 0.002287616877651999 6.851791466545169e-06 0.08443843958321469 0.01960391152819275 199.2809882814762 16.0 18.52576883585884 1.1294512698523391 823.7 872.57 0 21 "Covariance may not be accurate. Covariance not positive definite. Covariance forced positive definite."
2007bm 35 0.0020000000008334787 1225.402806701274 0.024383296685990548 -1.087147994839186 0.5427560268827714 4.2678831742458314e-05 0.03189034772321975 4.845036270208764e-05 0.01356614509592813 0.002232677547998442 1439.904413636832 30.0 14.519137018612415 1.2296816794734422 1224.67 1259.56 3 32 "Minimization exited successfully."
2006kf 62 0.06888048789252384 1042.061833733645 0.0033091351921038024 -1.8844871195931139 0.17724129666220775 0.0014879995056571796 0.027087572138839278 8.486054464541372e-06 0.02024463184710642 0.00492118728114564 10968.156805456365 57.0 16.701994849149372 1.4481557616974712 1036.81 1127.64 12 50 "Minimization exited successfully."
2008bt 49 0.08494458563830996 1570.3129047821358 0.0033762712264275457 -1.7261005851116191 0.4690363360048194 1.1520961596539481e-07 2.6487345166970044e-05 8.704749960293298e-06 0.018687597826638015 0.005494026459885594 9698.052880884403 44.0 16.67005994256297 1.3788328337973148 1571.61 1651.47 0 49 "Minimization exited successfully."
2006mr 103 nan nan nan nan nan nan nan nan nan nan nan nan nan nan nan nan 0 0 "result is NaN User function arguments:      z = +0.054428     t0 = +1168.013330     x0 = -23105.193481     x1 = -36.686928      c = -392.313813"
2007le 94 0.0041693120955640295 1399.874543704241 0.041440044230523866 0.05867311718455196 0.4063521465220329 0.00048234811151643374 0.018437240227626717 9.618161807508126e-05 0.01956128984804169 0.00263544592638465 165742.88088072167 89.0 13.949574887694478 1.0201389681528248 1392.6 1470.55 13 81 "Minimization exited successfully."
2008hu 45 0.05692771647764248 1807.0985323833013 0.0008778101736734673 -1.8935975058414913 0.11086022360155029 0.002907885957321915 0.08943055611712225 4.568520363100677e-06 0.04215676463641286 0.008600666240057753 267.10028046775057 40.0 18.14382296374069 1.4573875049445135 1806.76 1840.68 4 41 "Minimization exited successfully."
2009J 23 0.0020000008061524166 1836.9537051486247 0.0013420843530736505 -2.451258827458528 -0.33350477439051235 0.0006132833194051814 0.3508524785094096 7.046350532991583e-05 0.06667606682261061 0.03012435455026593 128.35281131779917 18.0 17.67850164658735 1.6683620615037533 1848.7 1867.68 0 23 "Minimization exited successfully."
2007N 65 0.08499999998578278 1116.1282826234187 0.0017994964384338518 -1.3855011725825546 0.7524750588864036 6.8461842694649e-05 0.17855995353806975 3.2361684334738214e-05 0.037617645756137436 0.013794187032951651 8727.189235270409 60.0 17.33458480918641 1.2741329549088505 1123.82 1213.67 0 65 "Minimization exited successfully."
2006ob 25 0.08499998559766272 1064.1759863115587 0.0008131762094509215 -2.3111978704781304 -0.06935618604620311 0.002027011983743464 0.07819377230293867 3.892356572652344e-06 0.058803467306106236 0.011540238255733316 415.3473272674328 20.0 18.227563948366225 1.5930679700061212 1060.65 1121.57 4 21 "Minimization exited successfully."
2006bh 73 0.002000000010103633 833.833834639647 0.028632787159735947 -1.7210888714638608 -0.010370165040223487 4.052160178668121e-05 0.022252125717443505 4.8259808981003395e-05 0.009836009739610057 0.0020114957484595524 41333.65455653814 68.0 14.360817925334487 1.4257249953933133 831.9 891.79 7 66 "Minimization exited successfully."
2007ba 56 0.0849999992018829 1197.5390696110408 0.0012139072291912883 -2.7931613923831056 0.2985109308728129 0.0003533080565187585 0.02828899734231527 4.355691247697213e-06 0.029843307702134215 0.006875533308653205 2883.1502588545045 51.0 17.7880641358308 1.691202452844184 1190.83 1255.61 8 48 "Minimization exited successfully."
2008fp 115 0.04161255218933803 1731.732194033803 0.025646026936657997 0.6573439010649178 0.6834053625617954 0.0001755332822973854 0.010475952791807686 3.620983812233345e-05 0.01826738068628758 0.0018727341718475401 377873.10289961693 110.0 14.4538420658814 0.9038493304044639 1724.84 1820.73 18 97 "Minimization exited successfully."
2005na 91 0.004448439941241674 741.6388852342392 0.00569324526138507 -0.9510870739772794 -0.03540810783485083 0.0019962062763490564 0.03458391110342518 1.9280894956522686e-05 0.04948274497647605 0.0030028071243516866 28659.782782278664 86.0 16.114178457753482 1.2471464656543532 738.71 834.54 8 83 "Minimization exited successfully."
2008R 43 0.03971965761064966 1493.4357723175156 0.01099439315187084 -1.9407972221153749 0.14553508305178797 0.0008214587913048035 0.04051969932197608 2.4804660445120703e-05 0.015426660354391988 0.002897095315562733 4962.020992328124 38.0 15.398929251668054 1.4660869744085083 1493.63 1532.52 0 43 "Minimization exited successfully."
