pipeline_outputs/csp/salt2_2.4_4param_all.ecsv
# %ECSV 0.9
# ---
# datatype:
# - {name: cid, datatype: string}
# - {name: num_points_91bg_proj_csp_u, datatype: float64}
# - {name: num_points_91bg_proj_csp_g, datatype: float64}
# - {name: num_points_91bg_proj_csp_r, datatype: float64}
# - {name: num_points_91bg_proj_csp_i, datatype: float64}
# - {name: num_points_91bg_proj_csp_B, datatype: float64}
# - {name: num_points_91bg_proj_csp_V0, datatype: float64}
# - {name: num_points_91bg_proj_csp_V1, datatype: float64}
# - {name: num_points_91bg_proj_csp_V, datatype: float64}
# - {name: num_points_91bg_proj_csp_Y, datatype: float64}
# - {name: num_points_91bg_proj_csp_H, datatype: float64}
# - {name: num_points_91bg_proj_csp_J, datatype: float64}
# - {name: num_points_91bg_proj_csp_Jrc2, datatype: float64}
# - {name: num_points_91bg_proj_csp_Ydw, datatype: float64}
# - {name: num_points_91bg_proj_csp_Jdw, datatype: float64}
# - {name: num_points_91bg_proj_csp_Hdw, datatype: float64}
# - {name: z, datatype: float64}
# - {name: t0, datatype: float64}
# - {name: x0, datatype: float64}
# - {name: x1, datatype: float64}
# - {name: c, datatype: float64}
# - {name: z_err, datatype: float64}
# - {name: t0_err, datatype: float64}
# - {name: x0_err, datatype: float64}
# - {name: x1_err, datatype: float64}
# - {name: c_err, datatype: float64}
# - {name: chi, datatype: float64}
# - {name: dof, datatype: float64}
# - {name: message, datatype: string}
# meta: !!omap
# - {bounds: null}
# - {modelcov: true}
# - {warn: false}
# schema: astropy-2.0
cid num_points_91bg_proj_csp_u num_points_91bg_proj_csp_g num_points_91bg_proj_csp_r num_points_91bg_proj_csp_i num_points_91bg_proj_csp_B num_points_91bg_proj_csp_V0 num_points_91bg_proj_csp_V1 num_points_91bg_proj_csp_V num_points_91bg_proj_csp_Y num_points_91bg_proj_csp_H num_points_91bg_proj_csp_J num_points_91bg_proj_csp_Jrc2 num_points_91bg_proj_csp_Ydw num_points_91bg_proj_csp_Jdw num_points_91bg_proj_csp_Hdw z t0 x0 x1 c z_err t0_err x0_err x1_err c_err chi dof message
2008J 8 10 10 9 10 0 0 10 10 3 11 0 0 0 0 0.0159 1495.7098304280728 0.0021284927888709634 5.906395238516601 1.5080331447946562 0 0.24672302331771334 5.251282263450486e-05 0.25708065342034453 0.029400687009065084 130.39346517915808 53 "Minimization exited successfully."
2005kc 9 13 12 13 13 13 0 0 18 16 18 0 0 0 0 0.0151 698.2428288750158 0.006764298289236574 -0.7347221693500195 0.30722254536806887 0 0.031550871501224265 0.00012081352003146171 0.03524500767964799 0.01863359422336343 154.29856028226052 69 "Minimization exited successfully."
2005A 0 28 33 33 17 28 0 0 0 15 14 0 14 0 0 0.0191 380.47243165588765 0.0008255251898227386 -0.38909383296673145 1.039761650908771 0 0.059593299224815155 1.7384277322289835e-05 0.031868283696449104 0.020714502991661957 8093.346836802096 135 "Minimization exited successfully."
2009Y 29 27 28 31 30 0 0 30 29 26 6 22 6 0 0 0.0094 1877.3204881063932 0.03150530535380894 0.3681342505138504 0.22975791750431182 0 7.820046357664978e-05 0.0005326854174447977 0.022941115574403953 0.017194998078695137 701638.658579131 171 "Minimization exited successfully."
2004gs 19 49 50 46 43 53 0 0 0 7 15 0 17 0 0 0.0267 357.35676713086724 0.0021335314961128528 -1.9355609466415404 0.16553648911215715 0 4.3898571362888106e-05 1.7654943915592357e-05 0.027212181298658798 0.005071640622135724 135285.3488045852 256 "Covariance may not be accurate."
2004eo 36 34 35 39 38 39 0 0 0 17 16 0 15 0 0 0.0157 278.8306721205905 0.011275114314461494 -1.1986309327526827 0.11493775857406448 0 0.023179822841797204 0.00020037859977364768 0.0183617878514168 0.018674750111165088 13190.421639070764 217 "Minimization exited successfully."
2008gp 14 17 20 20 21 0 0 21 20 17 19 0 0 0 0 0.0334 1779.732880418252 0.0032538300756605586 -0.14658140756381205 0.01860032334620432 0 0.027913858211604747 5.5047471914353844e-05 0.023713183373191258 0.01758202355519964 192.17872189256724 109 "Minimization exited successfully."
2007ca 8 12 12 12 12 0 0 12 12 14 15 0 8 0 0 0.0141 1228.1983333481746 0.0060737445492197685 0.5442275329576127 0.33009832531472294 0 0.03904364323750542 0.00010596953859544585 0.030650927214449102 0.018001147736179796 95.69391301323023 64 "Minimization exited successfully."
2009al 12 14 14 14 14 0 0 15 14 12 2 12 0 0 0 0.0221 1896.465176544039 0.005293822028161919 -0.007934150190242148 0.15197882321434608 0 2.9251722253320622e-06 9.536296330650696e-05 0.03315042320516074 0.018971225258402856 448.4264109958549 79 "Covariance may not be accurate."
2008ae 2 2 5 5 8 0 0 18 17 16 20 0 8 0 0 0.03 1513.0907255789302 0.0006085342117226356 -1.7257170910213513 0.46674134240525017 0 0.0001293449804506963 1.2430854263997256e-05 0.13055465109281544 0.025587546339804083 1457.1597233294056 36 "Minimization exited successfully."
2006dd 25 39 38 37 38 0 0 39 1 0 0 0 0 0 0 0.0059 905.9341000000001 0.03341378603930534 0.0 0.0 0 5.82251007677246 0.00016598413850880253 228.7540388448253 0.00582712059787203 1769799.1876002648 212 "Covariance may not be accurate. Covariance not positive definite. Covariance forced positive definite."
2005ki 30 47 45 43 44 17 0 25 18 17 21 0 3 0 0 0.0192 705.7277698474926 0.009401266532467966 -1.4565148119565077 -0.03914817345231071 0 0.051689031694195364 0.00016371078081497592 0.029891761452980392 0.018858344776694097 347550.35365431174 247 "Minimization exited successfully."
2007if 4 15 0 15 15 0 0 17 0 0 0 0 10 0 0 0.0742 1342.959209820562 0.0026020024049486935 0.7980775311917928 0.05454513508856384 0 0.2749019757897031 7.610803886694894e-05 0.15329967164352265 0.02611989880117204 18674.10147112384 62 "Minimization exited successfully."
2006D 32 38 38 41 39 0 0 38 20 21 23 0 8 0 0 0.0085 757.9144226274051 0.032487237592089144 -1.5918887575779657 0.07351204402523555 0 0.04432150730877993 0.0005891852325376993 0.029100013175456324 0.01924869085330901 712129.2889384041 222 "Minimization exited successfully."
2006lu 6 26 26 17 21 0 0 27 2 0 0 0 3 0 0 0.0534 1039.1808600707755 0.0010393616719062363 -0.12588533473412294 0.07503952691344379 0 5.4012718919693725e-05 1.7751496268559138e-05 0.03360335429453914 0.0175779696690116 19846.634127443096 119 "Minimization exited successfully."
2009ag 18 18 18 18 18 0 0 18 32 31 3 30 4 0 0 0.0086 1890.0332910072339 0.011062485696918166 -0.25509557702028623 0.3928109741154505 0 0.058095653640748424 0.00019794177025531825 0.02865202056440416 0.018020884784955067 285.7559743628527 104 "Minimization exited successfully."
2006ev 0 10 10 10 9 0 0 10 16 20 23 0 8 0 0 0.0287 989.9192746439302 0.0018992981577751426 -1.3248408897278896 0.21597017203555094 0 0.2469381672185591 4.941879855157578e-05 0.06828418757683898 0.022851530862645686 14.848958815511644 45 "Minimization exited successfully."
2009cz 8 8 8 8 8 0 0 8 9 12 2 10 2 0 0 0.0211 1943.9193038157357 0.008218424053774985 0.6496005572908483 0.06383526112703564 0 0.04527891034547338 0.00014016459187560432 0.04878979483685227 0.0178940388782484 23.95041463680932 44 "Minimization exited successfully."
2006gj 4 19 19 16 12 0 0 17 14 7 9 0 5 0 0 0.0284 nan nan nan nan 0 nan nan nan nan nan nan "result is NaN User function arguments:      z = +0.028400     t0 = +1076.505053     x0 = +2329569.715517     x1 = -15.069395      c = +3726.691596"
2005el 24 22 22 24 24 23 0 0 38 24 31 0 4 0 0 0.0149 648.0271419864998 0.014565828667309143 -1.4904081373687637 -0.11245412156331083 0 5.315841349329276e-07 0.0002559345913578873 0.03947716707067341 0.021759291276678125 144363.96590499254 135 "Minimization exited successfully."
2007jh 0 9 10 8 7 0 0 9 1 1 0 0 0 0 0 0.0408 1365.7378542364827 0.0005667843333055039 -1.9240532441933007 0.35246037313393563 0 0.18387570840195622 1.1959851244522423e-05 0.11878094276696242 0.023899789433399342 157.21897368557882 39 "Minimization exited successfully."
2007so 4 8 8 8 7 0 0 8 8 6 4 0 5 0 0 0.0297 1428.4691788361297 0.0028785849978262704 -0.9075644916875181 0.14680856711941126 0 0.34052883266338085 9.231778469991445e-05 0.11630798939296139 0.023070520458333486 198.0036917207665 39 "Minimization exited successfully."
2006gt 4 12 13 12 11 0 0 12 9 2 10 0 8 0 0 0.0448 1003.1792160108891 0.000806428941892826 -2.1186682713154914 0.18668549423432154 0 0.11197363840761909 1.4481104798552986e-05 0.0679459638642349 0.019284539583608696 1841.0178415505015 60 "Minimization exited successfully."
2007ai 6 15 17 16 15 0 0 16 6 6 10 0 4 0 0 0.0317 1174.0810723296909 0.0009321145601049701 0.9679304995561189 0.461481740986169 0 0.16711925117044757 1.786752889229727e-05 0.08740670569067459 0.019762791736009096 5728.619017376519 81 "Minimization exited successfully."
2006hb 9 26 27 27 28 0 0 26 20 12 15 0 0 0 0 0.0153 1001.36897520791 0.011160953656893288 -2.207873335038919 0.07841110944030917 0 0.20726081119983064 0.000340837996457157 0.0743181501935734 0.02389600565214969 126289.89859701031 139 "Minimization exited successfully."
2007hj 13 27 28 28 26 0 0 27 34 36 33 0 14 0 0 0.0141 1349.8550937084083 0.0070288123349066065 -2.208358661751327 0.2738971389351938 0 6.671816663583741e-07 0.00011379367387515139 0.032125684435438534 0.01433329859211843 57324.03058936555 145 "Covariance may not be accurate."
2008ia 15 11 15 14 16 0 0 15 19 28 18 5 10 0 0 0.0219 1813.4793243238346 0.0036414537312190166 -1.2328722402703678 0.1697430395585557 0 0.0580214633992 6.378911279577628e-05 0.040744011857959846 0.018501486055347956 141.46902055664413 82 "Minimization exited successfully."
2007ol 3 7 7 0 7 0 0 7 0 0 0 0 0 0 0 0.0559 1413.1839297551396 0.000968379031202261 -2.058569098184903 -0.021251685307769805 0 0.11962411019590036 1.788602723106774e-05 0.28539068678539076 0.022429079770187925 78.973240991759 27 "Minimization exited successfully."
2008fw 21 24 23 22 23 0 0 24 10 6 7 0 2 0 0 0.0085 1736.4473432363043 0.02351246546270736 0.3806356714526491 0.2510556201162533 0 1.7006078678605263e-05 0.0004339322270336035 0.027605646651681918 0.018054088178322106 727101.9155904122 133 "Covariance may not be accurate."
2005mc 5 17 17 14 15 7 0 8 0 0 0 0 0 0 0 0.0252 731.6910733084692 0.002292532231106666 -1.9189985238758511 0.2627138549559271 0 0.23304622676869258 6.14223679830247e-05 0.050243232481134686 0.021142012967924343 134.42075820845236 79 "Minimization exited successfully."
2009dc 10 10 10 9 10 0 0 10 15 19 4 15 4 0 0 0.0214 1948.3562975745722 0.013688346376409043 2.109954264923657 0.09832337272950867 0 0.12377562760093497 0.0002497391184502019 0.09771288116637067 0.02113780169703699 204.81686090217687 55 "Minimization exited successfully."
2009F 9 13 16 16 17 0 0 18 10 14 8 10 8 0 0 0.013 1842.4397864228786 0.002104102686803875 -2.439208055207866 0.49579648341317545 0 0.05561075996956788 3.900332246801089e-05 0.05576425342811573 0.020195841447223573 1407.271694915351 85 "Minimization exited successfully."
2008go 6 6 6 6 6 0 0 6 7 0 0 0 0 0 0 0.0623 1766.4104952074815 0.0009105312817006743 -0.4960495759213666 0.09162425258801069 0 0.14649170452548788 1.520280792716598e-05 0.2010856955377175 0.01743361978817631 33.253213937032 32 "Minimization exited successfully."
2008cf 6 13 13 13 13 0 0 13 9 10 1 0 5 0 0 0.046 1596.371225190267 0.0021024374430315853 0.9008261332825312 -0.004049295612321474 0 1.623228081371053e-05 3.513128186208497e-05 0.03288334010484413 0.017624488541745552 20495.591677106935 67 "Covariance may not be accurate."
2006bd 0 8 8 8 5 0 0 8 4 4 7 0 0 0 0 0.0257 811.2051165332931 0.0011370411366654406 -1.6277688441915843 0.38189287576648334 0 0.4720973106175279 5.667357277906174e-05 0.13320213115882598 0.034628878476546596 1631.1870723371162 33 "Minimization exited successfully."
2007bm 7 8 7 10 10 0 0 10 3 14 16 0 0 0 0 0.0062 1225.3488423144743 0.025931137220931166 -0.9950751105093966 0.4577540159282894 0 0.07616347635723741 0.0004788876971732004 0.03680266493796172 0.019342842595000215 75.13749025203182 48 "Minimization exited successfully."
2006kf 9 16 20 19 17 0 0 20 24 18 27 0 10 0 0 0.0213 1041.6084316011193 0.0033167077444860578 -2.0256349997463254 0.17355429540548095 0 0.06544191939633492 6.0220582909841065e-05 0.05046417038049782 0.020017093969526972 15092.701788715614 97 "Minimization exited successfully."
2008bt 8 14 14 14 13 0 0 14 5 1 1 0 0 0 0 0.0154 nan nan nan nan 0 nan nan nan nan nan nan "result is NaN User function arguments:      z = +0.015400     t0 = +1666.135851     x0 = -174146.037147     x1 = +113.180028      c = -1197.443237"
2006mr 18 28 27 30 29 0 0 28 24 18 17 0 2 0 0 0.0059 1051.308996969392 0.010524384859317998 -1.7789783514846196 0.5158106822130858 0 0.06341917752126847 0.00019912949184860203 0.0507193621631337 0.02133247168090579 54834.44661232128 156 "Minimization exited successfully."
2007le 21 23 25 25 25 0 0 25 25 32 33 0 8 0 0 0.0067 1399.8758205686734 0.04304632589653358 0.23010930919993847 0.3183227737930727 0 0.032807969498321654 0.0007462955953357193 0.025429160735292732 0.01740226906054605 348730.9155565967 140 "Minimization exited successfully."
2008hu 7 12 16 16 12 0 0 14 10 3 5 0 2 0 0 0.0497 1806.7430410670927 0.0008847089459976124 -1.7145530166319451 0.10367750041147258 0 0.13222438778916512 1.5656609989375685e-05 0.054844447110093966 0.01871064336323013 105.65805999218502 73 "Minimization exited successfully."
2009J 3 7 7 7 6 0 0 7 4 0 0 0 0 0 0 0.0158 nan nan nan nan 0 nan nan nan nan nan nan "result is NaN User function arguments:      z = +0.015800     t0 = +1856.699093     x0 = -10440470.389471     x1 = +150.600028      c = +6369.340055"
2007N 3 20 21 22 20 0 0 22 20 14 14 0 9 0 0 0.0129 1115.1000945646315 0.0018629751773968218 -2.666299888734287 0.5598506750466379 0 0.39362532250879667 9.666973491646723e-05 0.09960893167144841 0.032600172851405575 18291.311914672253 104 "Minimization exited successfully."
2006ob 2 8 13 12 5 0 0 10 7 2 2 0 2 0 0 0.0592 1063.8018632995686 0.0008405698854586934 -2.0924915603439462 -0.005958257433514315 0 0.11153026578278968 1.534230272986212e-05 0.09530202790254468 0.021351964012130426 444.7279212187498 46 "Minimization exited successfully."
2006bh 17 18 18 19 19 0 0 19 20 19 22 0 4 0 0 0.0109 833.9429817403908 0.028928675569200254 -1.683698260145881 -0.013551495584341442 0 0.06775087848302519 0.0005048438744931097 0.03599133054590736 0.018931211407784542 69490.72517338874 106 "Minimization exited successfully."
2007ba 6 17 13 12 16 0 0 17 21 6 11 0 5 0 0 0.0385 nan nan nan nan 0 nan nan nan nan nan nan "result is NaN User function arguments:      z = +0.038500     t0 = +1144.766301     x0 = +2812293.894572     x1 = +1365.232367      c = +8289.255053"
2008fp 27 29 28 29 29 0 0 30 26 42 41 0 19 0 0 0.0057 1733.525190413765 0.03252331504995679 -0.16310403402740478 0.26024371904121113 0 1.1963796850977815e-06 0.0003848249001156217 0.020703870985543153 0.013590093308363874 612572.7145213368 168 "Minimization exited successfully."
2005na 16 25 27 27 26 5 0 19 6 9 5 0 5 0 0 0.0263 741.1472386719536 0.005675422081660058 -0.4499993926262924 -0.010299719853182104 0 0.05743385145325419 9.459882457655297e-05 0.029368425253436494 0.018179903358582754 50635.460634378425 141 "Minimization exited successfully."
2008R 10 11 12 13 10 0 0 12 15 9 14 0 1 0 0 0.0135 1494.4591430406144 0.010914428880727559 -2.228706246742522 0.14301943951850618 0 0.08049833323866551 0.00019520973180734802 0.049229605124838545 0.01976773614809621 171.90376522464362 64 "Minimization exited successfully."
2005bg 15 15 15 16 17 17 0 0 0 0 0 0 0 0 0 0.0231 470.3695189956381 0.007011899934627885 0.384762555908059 0.026753527510520212 0 0.11626628491811175 0.00012037396808104841 0.0549784738230027 0.017472993184612224 234.9920568193608 91 "Minimization exited successfully."
2005ke 33 38 36 38 38 21 0 15 39 49 48 0 12 0 0 0.0049 699.3325858556423 0.018309167129605914 -1.7861918693839565 0.5529405016485814 0 0.037496799064115294 0.0003419050318980274 0.03360420118166065 0.019913200286416317 520129.235272255 215 "Minimization exited successfully."
2007cg 3 7 7 7 4 0 0 8 5 0 0 0 4 0 0 0.0332 1227.866457200707 0.0007289971702672363 0.7728829332632886 0.6992904611334115 0 0.4146253506596622 2.5548125457393745e-05 0.10137335440899299 0.0231854508009058 32.732689847747764 32 "Minimization exited successfully."
2004gu 12 24 29 28 26 26 0 0 0 2 3 0 6 0 0 0.0459 363.07430575684174 0.0016800391690174955 1.4168406426593052 0.13422788880624392 0 0.11443207882302886 2.8604347049603688e-05 0.0559275679186704 0.017820547416096316 253.78549156125376 141 "Minimization exited successfully."
2007jd 2 11 0 14 10 0 0 10 0 0 0 0 3 0 0 0.0726 1362.4859917000235 0.0003705722998418827 -1.0603191087769652 0.21804242541419688 0 0.30561343999522705 7.1554822315941665e-06 0.12511422196412778 0.022599507672212953 148.0646034454324 43 "Minimization exited successfully."
2007hx 2 10 0 11 9 0 0 9 0 0 0 0 3 0 0 0.0794 1355.2221482399825 0.0003183420723612287 0.40966929581280215 0.19579189961987434 0 0.32105913526436325 5.9300443622736e-06 0.16426040817486154 0.023180607605695562 146.67691439849156 37 "Minimization exited successfully."
2008ha 7 14 18 18 12 0 0 17 7 7 6 0 0 0 0 0.0046 1782.2140208339802 0.000974568142291022 -3.148562726508689 0.3749372614837318 0 0.16720751124194067 2.0686010936718912e-05 0.11698340927644019 0.0216882431782389 316.4550614417928 82 "Minimization exited successfully."
2005hj 5 16 16 16 14 14 0 1 13 0 7 0 0 0 0 0.0574 674.9179576075683 0.0012443149074406413 1.5912187407968457 0.04352575538800838 0 0.1594670444006283 2.1276448660896867e-05 0.09414008296063653 0.018997502250266 6633.886115045079 78 "Minimization exited successfully."
2005hk 18 24 24 24 24 22 0 1 23 37 40 0 8 0 0 0.013 nan nan nan nan 0 nan nan nan nan nan nan "result is NaN User function arguments:      z = +0.013000     t0 = +736.507302     x0 = +4009002.788226     x1 = +1487.508031      c = +8914.738870"
2005ir 8 10 0 13 12 12 0 0 0 0 0 0 0 0 0 0.0763 686.7151117132905 0.0006770927717944147 0.19769769795458467 0.032097164518415155 0 1.2440637192412396e-05 1.1306601906732462e-05 0.07017246077900202 0.020580765999400223 127.00010072609078 51 "Covariance may not be accurate."
