pipeline_outputs/csp/salt2_2.4_5param_red.ecsv
# %ECSV 0.9
# ---
# datatype:
# - {name: cid, datatype: string}
# - {name: num_points, datatype: int64}
# - {name: z, datatype: float64}
# - {name: t0, datatype: float64}
# - {name: x0, datatype: float64}
# - {name: x1, datatype: float64}
# - {name: c, datatype: float64}
# - {name: z_err, datatype: float64}
# - {name: t0_err, datatype: float64}
# - {name: x0_err, datatype: float64}
# - {name: x1_err, datatype: float64}
# - {name: c_err, datatype: float64}
# - {name: chi, datatype: float64}
# - {name: dof, datatype: float64}
# - {name: b_max, datatype: float64}
# - {name: delta_15, datatype: float64}
# - {name: tmin, datatype: float64}
# - {name: tmax, datatype: float64}
# - {name: pre_max, datatype: int64}
# - {name: post_max, datatype: int64}
# - {name: message, datatype: string}
# meta: !!omap
# - bounds:
#     z: [0.002, 0.085]
# - {warn: false}
# schema: astropy-2.0
cid num_points z t0 x0 x1 c z_err t0_err x0_err x1_err c_err chi dof b_max delta_15 tmin tmax pre_max post_max message
2008J 43 0.08499999998772166 1493.7188679238452 0.0023367067874744906 1.1779320766465278 1.5988613176003983 1.958609124612376e-05 0.05054558180734148 2.91592910132506e-05 0.04825334586943278 0.008720668750244532 10710.926147500799 14.0 16.9393556945511 0.7811364674983743 1484.54 1516.52 23 20 "Minimization exited successfully."
2005kc 77 0.016866180746850756 698.4540964944082 0.004684110889377313 -0.3824538160118308 0.5791424281862719 0.0023777953111759585 0.030192926228835404 0.00010457556579869207 0.04190380408362788 0.0175552111276464 140.40902869659953 20.0 16.307714891394628 1.0893045589773003 687.52 728.54 34 43 "Minimization exited successfully."
2005A 109 0.0403131695714615 380.50467977611373 0.001156970122763505 -0.38902521346742386 0.7725000182104399 3.6641954172592084e-07 2.1587086962426838e-07 1.3247564685991875e-05 0.017019640409496436 0.007507773039958977 5121.383840137781 61.0 17.81191120276161 1.0770054332435421 376.65 433.53 4 105 "Minimization exited successfully."
2009Y 148 0.021548842911619612 1877.7326729867366 0.04814928907714673 0.03932446361228244 -0.11309494538162189 1.6398525176652967e-09 9.278551260649692e-09 0.00047630310952361584 0.012698455414657884 0.00669804683624811 206026.38170864998 54.0 13.794970254301047 1.0515441820496978 1868.84 1976.65 23 125 "Covariance may not be accurate."
2004gs 135 0.06572857829827228 356.3937005084673 0.0028770013560938186 -2.1712502006943075 -0.07171828473472558 nan nan 3.718138145064423e-05 0.021227286091912857 0.00956183594809066 55394.509680138464 91.0 16.85560511248248 1.5528873904007696 352.85 461.56 4 131 "Covariance may not be accurate."
2004eo 122 0.05333825286949139 279.2217569467867 0.011483134930390089 -1.3492600453841015 0.0864756173185676 0.00041528636448700737 0.006993835439459417 6.71976043390372e-05 0.006551883953656803 0.004412269874208359 17659.680158439187 69.0 15.352210845178451 1.3268001604789497 266.52 341.54 49 73 "Minimization exited successfully."
2008gp 96 0.018388994457008048 1779.8830791554776 0.0025725491649563397 0.12366698792905119 0.21339949493658217 0.002172229753122269 0.0264381763856818 3.591182988904661e-05 0.024651603932683664 0.011368553872631167 456.8189798414451 35.0 16.97357988149681 1.019105445990803 1768.75 1844.52 26 70 "Minimization exited successfully."
2007ca 73 0.002000000039868878 1228.1029688000065 0.0045200232438305085 0.7773210983784723 0.543729495842982 0.00014549882578720683 0.0208664993245975 4.054232820561744e-05 0.01850800327454486 0.005716197957604473 1372.042007733382 19.0 16.347680364640063 0.8908640351165431 1217.65 1275.65 18 55 "Minimization exited successfully."
2009al 68 0.00881822390505144 1897.148853910687 0.006564541992008675 -0.7414862636777102 0.10952147083190433 0.04311735924123472 83.9278960072844 1.002245112332843 1.0016013165160786 1.0014469429483328 1889.6316277655942 23.0 15.958807094632569 1.192198635989282 1891.71 1973.54 18 50 "Covariance may not be accurate."
2008ae 71 0.0020000013414795893 1524.559438068059 0.00026912771460011587 8.261184222474922 1.180704668623441 0.0003605731063810835 0.11053109295937702 1.1320642267350438e-05 0.22522860235107836 0.026236256089109983 47.053744353670524 5.0 19.11897839652741 0.16137343159809703 1511.74 1602.52 27 44 "Minimization exited successfully."
2006dd 76 0.041572619221274636 978.3787928155747 0.00925736965904832 0.0008578331836603922 0.6711345447645047 0.001000862861091266 0.09748196820947896 0.00017125150077716583 0.030852283315853303 0.012845794161522144 134707.45911906823 70.0 15.561616147201786 1.014680058310038 979.93 1147.57 0 76 "Minimization exited successfully."
2005ki 147 0.0020000000001522294 705.7503634532868 0.009155114694549491 -1.342953659878248 0.018624757797393345 0.0001736477264024682 0.018005259688550268 0.00010303435837291505 0.01162728765689956 0.0072443795075226225 135677.06698882184 83.0 15.598616812662907 1.3312118428029933 695.86 858.54 17 130 "Minimization exited successfully."
2007if 25 nan nan nan nan nan nan nan nan nan nan nan nan nan nan nan nan 0 0 "result is NaN User function arguments:      z = +0.007710     t0 = +1463.696946     x0 = +639722.229518     x1 = -27.866005      c = +2312.373489"
2006D 151 0.0020000000201826893 757.6799902917564 0.033175404144784176 -1.5097262731372945 0.0685793712526144 3.814538684575558e-05 0.025253515000656535 0.00029466744962757576 0.009375816363803654 0.00553238581891355 263169.47995583253 74.0 14.200548720218649 1.366170079679769 752.87 891.61 4 147 "Minimization exited successfully."
2006lu 48 0.048877824528056585 1039.4062704084877 0.0011301598171687846 -0.13911568993407766 0.014349930088332385 0.06007203616762878 109.84246623779433 1.0016946493891457 1.001822744111807 1.0000009999995 8129.011661973333 38.0 17.8692917009036 1.0786569091390952 1040.84 1137.75 0 48 "Covariance may not be accurate."
2009ag 136 0.04897738069955896 1889.2224822964765 0.008888071692579104 0.08199370886645399 0.518431729640078 0.0013346307411231072 0.07271659291939159 0.00018343222743038404 0.021570341129249087 0.014100930752351545 1332.4541127874686 31.0 15.615530728662517 1.0095910347350205 1886.62 1959.54 14 122 "Minimization exited successfully."
2006ev 87 0.03671160187621245 990.2036996464126 0.002136156854604595 -1.3267002546947193 0.09306076093682866 0.0037507328927051872 0.09670996976052493 4.55998377726958e-05 0.04616092301432285 0.017716301398212883 68.14249197965 15.0 17.178203161892075 1.3210219860273789 993.59 1039.52 0 87 "Minimization exited successfully."
2009cz 51 0.0312015843663577 1943.9709582104065 0.008397318217137486 0.4316562149515501 0.0276566986450132 0.001955673914968113 0.05027690683743913 0.0001618303998626591 0.06644564749447573 0.015366666685412079 63.570465457474256 11.0 15.691355505913048 0.9731355639274106 1937.53 1966.46 12 39 "Minimization exited successfully."
2006gj 70 0.03955604438762529 1000.7522209360015 0.0010636307489670619 -2.311831675233116 0.40314358886460044 0.05797499114187277 111.63780754198507 1.0000010003062676 1.0004666410003136 1.0001276528112248 3704.6551917819443 30.0 17.927472976144145 1.5355384386617743 998.83 1096.59 2 68 "Minimization exited successfully."
2005el 143 0.014070486737006272 646.3919757063336 0.010984980688772449 -1.088739592345602 0.13630893529827123 0.0009592525773023074 0.028400170012105264 0.00010550845212878926 0.013904012615232402 0.006507317074549492 83325.11894156983 41.0 15.399633480318617 1.264023146184556 639.89 730.75 15 128 "Minimization exited successfully."
2007jh 20 0.002000000197304176 1367.1819137210512 0.0003639210281588459 -2.3300042324602375 0.6952300927051147 0.0004141425898358303 0.18290093920938943 2.3545026765027293e-05 0.11530178361225915 0.043246444713159214 713.9834481308678 13.0 19.074839647790007 1.5027772036274598 1363.86 1413.8 4 16 "Minimization exited successfully."
2007so 39 0.009726967781835346 1447.6752002327692 3.318292853833217e-05 2.910474910612425 2.7199201797157726 0.0011167371633818216 0.10296668908256379 1.762736859670582e-06 0.10518524139821273 0.03694768730699067 1203.6187622429618 11.0 21.279602409044372 0.4584294130217472 1449.68 1494.53 0 39 "Minimization exited successfully."
2006gt 54 0.01702749740703947 1001.7887326997285 0.0004887613508191125 -2.1555047471837665 0.5711589378895056 1.2541604411248075e-07 4.441898937557198e-05 1.4880395911070448e-05 0.04132596517691493 0.020057185607134292 1783.1869994775843 20.0 18.76293027569525 1.473369568463152 1001.67 1076.62 2 52 "Minimization exited successfully."
2007ai 59 nan nan nan nan nan nan nan nan nan nan nan nan nan nan nan nan 0 0 "result is NaN User function arguments:      z = +0.084682     t0 = +1133.361152     x0 = -130395.648367     x1 = +26.423281      c = +546.380187"
2006hb 101 0.004163812922515008 999.6118148844791 0.011299777032480567 -2.095841003921528 0.14268351418852787 2.65993482968796e-09 1.1582415027078241e-09 0.0001644987369829602 0.014435691785539648 0.009229882833256106 38867.37111450768 49.0 15.369288237378322 1.5077195225127813 1006.87 1143.59 0 101 "Covariance may not be accurate."
2007hj 173 0.003035828111974427 1345.3782529100192 0.008127956466539441 -2.0517034877106206 0.3409723219773024 0.04692393253007172 106.33750698570293 1.0000010019516794 1.0000239304391734 1.0000129929356092 49076.58132978774 51.0 15.72185889194027 1.473629580703177 1348.76 1440.53 0 173 "Minimization exited successfully."
2008ia 109 0.056786375310688225 1812.5168066922038 0.004306544573235252 -1.192661688356171 0.019874268249727538 0.0019687842119142547 0.08466535291609034 9.301044762123412e-05 0.05537423126976443 0.01694968299005108 198.4549098787382 24.0 16.41738065157152 1.2965695611518804 1809.77 1874.69 9 100 "Minimization exited successfully."
2007ol 7 0.022379765952432365 1415.205699669438 1.0957390803557367e-05 -3.711641884089703 3.181812433324406 0.05151617897768861 0.5741873246385012 8.66501692694291e-06 3.246516770980259 0.5518627692034515 4.593920129126302 2.0 22.344695396858782 1.4328490071603142 1409.79 1422.66 3 4 "Minimization exited successfully."
2008fw 70 0.019431555342478424 1732.869813363725 0.026570791712621385 0.7351540900529708 0.16936686631268688 0.050191990277776134 101.83404405893066 1.0000010218402395 1.0000547627622807 1.000013301174771 280776.81724339956 40.0 14.438913867184784 0.9142828812036221 1740.89 1827.81 0 70 "Covariance may not be accurate."
2005mc 31 0.08499999486669925 729.8433419422144 0.004455819033298459 -2.0493970654966134 -0.21402997765438625 4.87668332374222e-05 0.13556121915513586 6.546013876407689e-05 0.024339005253056753 0.00873290436752547 1652.1904119873516 26.0 16.37864117347188 1.534232838820376 736.79 773.62 0 31 "Minimization exited successfully."
2009dc 76 0.08499999979654278 1949.6934011553176 0.010110420035149288 1.615017132848469 0.2798217602007312 2.807173354573561e-05 0.05009014580230087 9.09972566623502e-05 0.03577768782093748 0.006435134102712329 13895.036496575656 14.0 15.484368909584266 0.7654540594704748 1938.77 1976.68 29 47 "Minimization exited successfully."
2009F 82 0.0020000000333172158 1844.6430834244975 0.0010904140495351265 -3.1749109191348848 0.9070828871420004 1.5516574340308526e-05 0.020043788789394057 1.6364741503844716e-05 0.0206849758310806 0.009429654181037105 26033.853893462106 27.0 17.865568837978888 1.7087639698944912 1837.75 1884.63 36 46 "Minimization exited successfully."
2008go 19 0.08291922168928025 1766.6794992655107 0.001280530418661861 -0.9254896277737693 -0.23022838389533437 0.015220681750616877 0.17835473640707278 0.00013729853194282426 0.32670415195472163 0.11020461489537825 10.674759019246263 7.0 17.73157335560962 1.2553919591732594 1764.54 1776.58 6 13 "Minimization exited successfully."
2008cf 51 0.002000086276975976 1596.2757903203142 0.0023361604634765053 0.7507191212791389 -8.17510740081069e-05 0.0018740556417724547 0.13377454183216742 4.680285719709615e-05 0.04003413479666477 0.013832185773762658 15152.1565065549 21.0 17.080242410955623 0.9185689130246146 1595.77 1654.65 2 49 "Minimization exited successfully."
2006bd 31 0.01288734116873899 828.554519875569 0.00016797740750798328 -2.652480780740975 1.2891536741496423 0.0013298665469867414 0.07625680395096879 8.128049529096064e-06 0.08832154116510352 0.03197684454189086 1691.1266554991698 11.0 19.850799479731382 1.5013324157433239 822.75 872.57 5 26 "Minimization exited successfully."
2007bm 50 0.06251563739484865 1222.02890674405 0.032748488942445066 -0.15216894396604894 0.30932499642581096 0.0015615540238982928 0.10710367339618188 0.0008603511310749425 0.030711620651805917 0.018148035727524728 983.1714851418726 12.0 14.209004242883914 1.0640701564193318 1217.57 1278.52 7 43 "Minimization exited successfully."
2006kf 118 0.05236437183616984 1040.5510648109075 0.0035069469937321286 -2.2207970547174876 0.12776698636329406 0.0009090396540951569 0.03706865675167137 4.990234998829808e-05 0.02203049929951245 0.010379617261817804 7113.179186723193 34.0 16.639907816605778 1.5438896871159962 1036.81 1127.64 20 98 "Minimization exited successfully."
2008bt 35 nan nan nan nan nan nan nan nan nan nan nan nan nan nan nan nan 0 0 "result is NaN User function arguments:      z = +0.003779     t0 = +1665.614440     x0 = -369142.622561     x1 = -125.518950      c = +1453.246296"
2006mr 118 0.002000000000168429 1052.2862518010234 0.004711827398871592 -2.48708322868309 0.9506102389319524 1.804538898369395e-05 0.035932793285724074 9.257908432203501e-05 0.020836861838380363 0.012286782105180452 40446.22877335288 52.0 16.271905657622995 1.5087132593846633 1045.86 1147.57 16 102 "Minimization exited successfully."
2007le 148 0.015510035175735298 1399.8199974091372 0.05011785874897838 0.2974471816026501 0.1799799937816822 0.001669858079019271 0.046292981297369806 0.0004743778275521961 0.013834811766849064 0.005223593165854717 185277.19226094362 45.0 13.750092256854176 0.9897295218879165 1388.57 1470.55 30 118 "Minimization exited successfully."
2008hu 52 0.060415871121576044 1805.5613513056414 0.0011324224744287369 -1.7062901781832582 -0.07558455004303481 0.0017905017616274034 0.10555995640038418 2.5719756279859778e-05 0.05104411541043529 0.017832949871472745 194.38634227823394 27.0 17.867713552583282 1.4283087012703994 1804.74 1844.84 5 47 "Minimization exited successfully."
2009J 18 0.01186660673283569 1851.5460190550934 9.877898435460909e-05 -3.2817491005592605 1.2540833510520943 0.002045160691179166 0.1414095368679682 8.998279939930692e-06 0.4597183465555997 0.06456952122905069 225.67431034654595 9.0 20.43249234062976 1.6766173939229283 1846.74 1867.68 4 14 "Minimization exited successfully."
2007N 100 0.08499999999906487 1125.121090882008 0.002082812562813096 -3.305063712437038 0.19486049903095837 1.856617639293956e-05 0.059298897700500675 2.7514302419923188e-05 0.025371930538754653 0.009882671187379441 13349.474689642613 38.0 17.20480243561539 1.8850267450281137 1123.82 1213.67 8 92 "Minimization exited successfully."
2006ob 38 0.08499999593654908 1063.4174888893715 0.0009692616021466666 -2.0179723869515733 -0.13654655790071069 0.0008121096914675066 0.14405642217695913 2.8172849421062677e-05 0.08402110066530932 0.022091412933053906 411.32991338308915 20.0 18.036156889207657 1.5171741963941798 1060.65 1121.57 2 36 "Minimization exited successfully."
2006bh 102 0.04530763116921162 832.6656960477754 0.0327104468241345 -1.5345539856885277 -0.1648163713399008 0.0008442040396252487 0.0326224001730111 0.00024440331012817534 0.010739542160888665 0.00582336795323155 31198.267797450222 32.0 14.214914829234269 1.3933186791233556 829.91 891.79 14 88 "Minimization exited successfully."
2007ba 68 0.08499999998995994 1198.9792895771839 0.0017592907388124363 -2.6849958486817185 -0.00639502769390147 0.00024819389350929505 0.0757225529966945 5.338463343046373e-05 0.09533760110674688 0.02280011391518323 399.2607270329625 20.0 17.39001089330699 1.7008285149552442 1190.83 1254.75 26 42 "Minimization exited successfully."
2008fp 185 nan nan nan nan nan nan nan nan nan nan nan nan nan nan nan nan 0 0 "result is NaN User function arguments:      z = +0.084572     t0 = +1709.167896     x0 = +1014966.662087     x1 = +5429.139736      c = +94324.652152"
2005na 79 0.05615783085472278 739.3560824021203 0.0050445396632562735 0.6147457887396929 0.052436025833459854 0.0015608370545571043 0.12502917257393165 8.151115686547017e-05 0.04794123883344038 0.012559372110365436 25438.993256994156 49.0 16.24439104920477 0.9399184511041199 738.71 834.54 2 77 "Minimization exited successfully."
2008R 64 0.04692261481187289 1491.5983645131867 0.013568540635146408 -2.425744230748223 0.002607126398062416 0.0004930668321675817 0.03862711913473049 0.00013715563668693345 0.012700727106220154 0.00707844925816928 6560.316846062211 20.0 15.171919771676638 1.6185895756663555 1493.63 1532.52 0 64 "Minimization exited successfully."
