pipeline_outputs/csp/salt2_2.4_5param_all.ecsv
# %ECSV 0.9
# ---
# datatype:
# - {name: cid, datatype: string}
# - {name: num_points_91bg_proj_csp_u, datatype: float64}
# - {name: num_points_91bg_proj_csp_g, datatype: float64}
# - {name: num_points_91bg_proj_csp_r, datatype: float64}
# - {name: num_points_91bg_proj_csp_i, datatype: float64}
# - {name: num_points_91bg_proj_csp_B, datatype: float64}
# - {name: num_points_91bg_proj_csp_V0, datatype: float64}
# - {name: num_points_91bg_proj_csp_V1, datatype: float64}
# - {name: num_points_91bg_proj_csp_V, datatype: float64}
# - {name: num_points_91bg_proj_csp_Y, datatype: float64}
# - {name: num_points_91bg_proj_csp_H, datatype: float64}
# - {name: num_points_91bg_proj_csp_J, datatype: float64}
# - {name: num_points_91bg_proj_csp_Jrc2, datatype: float64}
# - {name: num_points_91bg_proj_csp_Ydw, datatype: float64}
# - {name: num_points_91bg_proj_csp_Jdw, datatype: float64}
# - {name: num_points_91bg_proj_csp_Hdw, datatype: float64}
# - {name: z, datatype: float64}
# - {name: t0, datatype: float64}
# - {name: x0, datatype: float64}
# - {name: x1, datatype: float64}
# - {name: c, datatype: float64}
# - {name: z_err, datatype: float64}
# - {name: t0_err, datatype: float64}
# - {name: x0_err, datatype: float64}
# - {name: x1_err, datatype: float64}
# - {name: c_err, datatype: float64}
# - {name: chi, datatype: float64}
# - {name: dof, datatype: float64}
# - {name: message, datatype: string}
# meta: !!omap
# - bounds:
#     z: [0.002, 0.085]
# - {modelcov: true}
# - {warn: false}
# schema: astropy-2.0
cid num_points_91bg_proj_csp_u num_points_91bg_proj_csp_g num_points_91bg_proj_csp_r num_points_91bg_proj_csp_i num_points_91bg_proj_csp_B num_points_91bg_proj_csp_V0 num_points_91bg_proj_csp_V1 num_points_91bg_proj_csp_V num_points_91bg_proj_csp_Y num_points_91bg_proj_csp_H num_points_91bg_proj_csp_J num_points_91bg_proj_csp_Jrc2 num_points_91bg_proj_csp_Ydw num_points_91bg_proj_csp_Jdw num_points_91bg_proj_csp_Hdw z t0 x0 x1 c z_err t0_err x0_err x1_err c_err chi dof message
[from data line 229]
2007as 9 19 19 19 18 0 0 19 18 13 15 0 4 0 0 nan nan nan nan nan nan nan nan nan nan nan nan "result is NaN
User function arguments:
     z = +0.043148
    t0 = +1200.688286
    x0 = +406492.844294
    x1 = -1823.779477
     c = +14604.575954"
2006hx 4 10 10 8 8 0 0 9 0 8 6 0 7 0 0 0.07441707576944875 1022.7719704741085 0.001523026545993145 0.09193325059470639 0.0786788127523835 0.0045165990946346365 0.06552677928499406 2.9895641923879223e-05 0.07428406440322173 0.02134648922310425 861.3038389125413 44 "Minimization exited successfully."
2008ff 17 23 24 23 23 0 0 23 23 31 29 0 14 0 0 nan nan nan nan nan nan nan nan nan nan nan nan "result is NaN
User function arguments:
     z = +0.051171
    t0 = +1675.727995
    x0 = +8756005.992793
    x1 = +9816.376538
     c = +18257.335663"
2009ds 9 9 9 9 9 0 0 9 11 12 2 12 1 0 0 0.002000000116026554 1962.1204604234924 0.00940472508728129 1.2123430565495428 0.18521335333917158 0.004226910400436034 0.0784200086719693 0.00016857696798746005 0.11444592611157962 0.019095320357241354 55.48937242031132 49 "Minimization exited successfully."
2008O 6 10 14 9 16 0 0 18 16 5 5 0 4 0 0 0.07023304647586052 1491.2117795391105 0.0007461856767907736 -1.6101315193895096 0.3634632008302288 0.004870375594275625 0.14502036697774656 1.5415212044979893e-05 0.08887637330094778 0.021631147999483187 1143.4725652622374 68 "Minimization exited successfully."
2006ot 5 11 17 16 13 0 0 14 23 4 11 0 4 0 0 0.07189409397196155 1065.97614375453 0.0009883529253678822 0.6484763341554866 0.19256712128975761 1.3244911280657634e-06 2.207926684150152e-05 1.7411977030748213e-05 0.05389660648633325 0.018501270938419273 5387.912052627775 71 "Minimization exited successfully."
2006py 3 6 7 7 6 0 0 6 0 0 0 0 0 0 0 0.060404395340332165 1071.4257282814624 0.0010004617607987116 0.12501030256273057 0.08497712749688831 0.00740159733309954 0.18928617304118234 1.859072672448818e-05 0.1836524481835391 0.025054564226383927 56.46361535876346 30 "Minimization exited successfully."
2005be 7 12 12 11 13 13 0 0 0 0 0 0 0 0 0 0.05871931171910718 460.23548619098307 0.002887596084681249 -1.5884594420375755 -0.07654943078239247 0.005279261010251023 0.26218951650608346 9.367879740864e-05 0.07938226017815224 0.022527782681322137 29.924515044301796 63 "Minimization exited successfully."
2006fw 2 6 0 6 5 0 0 6 0 0 0 0 0 0 0 nan nan nan nan nan nan nan nan nan nan nan nan "result is NaN
User function arguments:
     z = +0.059384
    t0 = +961.012298
    x0 = +1611514.172546
    x1 = +89.317849
     c = -998.661320"
2007ax 5 11 12 12 12 0 0 12 13 7 11 0 2 0 0 0.0020000004839759457 1189.3608243776891 0.00416378529905453 -2.356943053165201 0.6732419938548728 4.73385496431427e-05 2.5841964315986843e-05 2.6352885709159635e-05 0.04114124415184398 0.014241709613863725 5268.337147454471 59 "Minimization exited successfully."
2007jg 7 15 13 19 17 0 0 18 8 1 8 0 7 0 0 0.030032024229698404 1367.1051469650472 0.0014728930324557717 -0.6570513755316869 0.1621893535691552 0.002442260432325559 0.0755194241977506 2.4869756953718817e-05 0.059809224599076095 0.01741564521458722 2853.1773346107752 84 "Minimization exited successfully."
2007af 24 24 27 28 27 0 0 27 40 48 50 0 12 0 0 0.03220872818238867 1175.2081988845807 0.07784216771186316 -0.4486645301050446 0.10583536078180247 8.089213862638722e-08 2.9115200277374242e-06 0.001934827363527243 0.12525794673655913 0.03106636535233594 440518.2572810574 152 "Covariance may not be accurate."
2008cc 21 19 21 21 20 0 0 21 17 13 12 0 2 0 0 nan nan nan nan nan nan nan nan nan nan nan nan "result is NaN
User function arguments:
     z = +0.047322
    t0 = +1669.186718
    x0 = +804773.176703
    x1 = -2502.469619
     c = -971.031997"
2006ef 6 10 10 10 10 0 0 10 0 0 0 0 0 0 0 0.021022685816016712 970.7084650499307 0.010204161792732466 -1.4404493346682643 0.004047424047826928 0.00430681578301074 0.22616239609340028 0.0003036212650664433 0.07510695703859804 0.02908275962080849 60148.09566002464 51 "Minimization exited successfully."
2007nq 6 23 25 25 21 0 0 25 27 3 9 0 10 0 0 0.05367631471183915 1398.9696302769744 0.0016985035210674419 -1.8117199704416036 0.018913158335807582 0.007462701525394751 0.10266092617177947 2.9900297485045812e-05 0.08960278812720619 0.021129130659721097 9975.817402437438 120 "Minimization exited successfully."
2008bq 15 17 16 16 16 0 0 16 8 3 7 0 0 0 0 0.0393821876630768 1563.956210754617 0.0025995088141807453 0.41814979031595134 0.15624943386030518 0.003539202332755776 0.07610703247701167 4.418460445191778e-05 0.05909950878127816 0.018201526473928954 125.92496814724703 91 "Minimization exited successfully."
2008hv 21 24 24 24 24 0 0 24 31 23 18 8 4 0 0 0.0048979937168154505 1817.4668630215094 0.0202166654187689 -1.1957497124344907 -0.04146496527203188 5.758190086335366e-08 2.3454323354599182e-06 0.00016876106011273856 0.028690296854501193 0.013222193207819304 126442.80904898918 136 "Minimization exited successfully."
2009I 3 5 5 5 5 0 0 5 10 7 0 10 0 0 0 nan nan nan nan nan nan nan nan nan nan nan nan "result is NaN
User function arguments:
     z = +0.002576
    t0 = +1884.339394
    x0 = +36533.114384
    x1 = +43.820105
     c = +256.398451"
2004gc 0 26 28 26 26 28 0 0 0 0 0 0 0 0 0 nan nan nan nan nan nan nan nan nan nan nan nan "result is NaN
User function arguments:
     z = +0.011691
    t0 = +344.178626
    x0 = +5824636.290403
    x1 = -6977.851473
     c = +76167.898096"
2005lu 6 10 17 17 17 8 0 8 5 0 0 0 0 0 0 0.07172114965072178 711.9539621473419 0.0020428531038844504 1.875396065505131 0.12713003935227687 1.989087004133916e-08 3.636748124336009e-05 4.313298973882562e-05 0.12895267780242806 0.018977009224165887 11482.473404137962 78 "Minimization exited successfully."
2007al 4 15 16 14 14 0 0 15 14 10 12 0 6 0 0 0.00560746061932171 1163.2852817253906 0.002871895062862301 -2.0269510549466174 0.30648377064899 0.05732990165511647 0.003037215916265268 1.0007780756402582 1.0008688703608304 1.0007817792402578 11392.465263075363 73 "Covariance may not be accurate."
2005gj 13 23 23 23 23 12 0 10 24 25 0 0 17 0 0 0.04061089707659526 702.5596626618387 0.0007527137614846396 20.6354595758421 0.5742320837009026 0.059109090679916924 112.60684483246729 1.0945256851521168 1.0000009999995 1.0945443561819583 177048.10706385924 122 "Covariance may not be accurate."
2008bz 7 14 14 12 12 0 0 11 0 0 0 0 0 0 0 0.026911769556249854 1580.258395704648 0.0010235805191127813 -0.9537471498691817 0.02327618667165367 0.003666955045250494 0.14640843553002014 1.8374533295107294e-05 0.07829720016924213 0.01910488842533998 3777.0431395864675 65 "Minimization exited successfully."
2007bc 7 15 15 15 11 0 0 14 11 8 11 0 4 0 0 0.03054424917264066 1200.8051064065476 0.007421673966583952 -1.018705611127614 0.027114528276775587 0.0023126588361961457 0.06073429327307167 0.00012637292315034786 0.03708937795295932 0.018067829714181086 18786.081304468415 72 "Minimization exited successfully."
2008fr 8 19 19 18 20 0 0 21 23 8 6 0 8 0 0 0.039259464791291485 1737.6678724110106 0.002303135174293428 -0.034219114429720296 0.05795792203530217 9.976067905440034e-08 1.681430831013131e-06 4.099725661537897e-05 0.019282469551386912 0.017266889922670923 36885.86691101198 100 "Minimization exited successfully."
