pipeline_outputs/csp/salt2_2.4_5param_red.ecsv
# %ECSV 0.9
# ---
# datatype:
# - {name: cid, datatype: string}
# - {name: num_points, datatype: int64}
# - {name: z, datatype: float64}
# - {name: t0, datatype: float64}
# - {name: x0, datatype: float64}
# - {name: x1, datatype: float64}
# - {name: c, datatype: float64}
# - {name: z_err, datatype: float64}
# - {name: t0_err, datatype: float64}
# - {name: x0_err, datatype: float64}
# - {name: x1_err, datatype: float64}
# - {name: c_err, datatype: float64}
# - {name: chi, datatype: float64}
# - {name: dof, datatype: float64}
# - {name: b_max, datatype: float64}
# - {name: delta_15, datatype: float64}
# - {name: tmin, datatype: float64}
# - {name: tmax, datatype: float64}
# - {name: pre_max, datatype: int64}
# - {name: post_max, datatype: int64}
# - {name: message, datatype: string}
# meta: !!omap
# - bounds:
#     z: [0.002, 0.085]
# - {warn: false}
# schema: astropy-2.0
cid num_points z t0 x0 x1 c z_err t0_err x0_err x1_err c_err chi dof b_max delta_15 tmin tmax pre_max post_max message
[from data line 98]
2005al 98 0.04167186130399028 431.66643533102865 0.016830943675738164 -1.4905687066074766 -0.1529376840779135 0.0585233881658795 103.77905065250431 1.000001062831075 1.0000492860092014 1.000006214908657 21740.720038767373 65.0 14.936522331759644 1.3814009362763784 429.76 512.79 4 94 "Covariance may not be accurate."
2005am 66 0.040871270874272274 437.4564448901852 0.05639650099660031 -2.0791965363187943 -0.09116632691777676 4.165596166616492e-10 3.507355472720519e-08 0.00031981568979585036 0.00808621609357452 0.004104066258969248 36371.94715419892 39.0 13.624642582052147 1.5292053401863743 433.71 490.46 4 62 "Minimization exited successfully."
2005iq 84 0.009237722346583006 688.1311502756877 0.0029511817226424665 -0.8520682353300152 0.03721925333925837 0.0012899369088285187 0.04095955562581821 4.9790997149636966e-05 0.03248795607889358 0.012012842219709944 3396.868806863013 34.0 16.82748239605968 1.2205377165735491 682.55 755.55 20 64 "Minimization exited successfully."
2008bd 35 0.0288384092795521 1540.17987345924 0.00031715094895165373 -2.7606449734698133 0.7448588109427766 0.0013649103077325968 0.1507666186315646 1.3194442088866596e-05 0.07943659727276879 0.02773093551351499 2423.4268978968316 20.0 19.220553940683004 1.6131510283409227 1541.7 1607.65 0 35 "Minimization exited successfully."
2007S 127 0.07796098131425798 1145.701959627462 0.010214517019158162 1.194158922544488 0.11153939684315796 1.3616449162645594e-08 3.6377514334162697e-09 0.0001200463133615198 0.02495468775988497 0.007687345515509281 48679.2987589415 32.0 15.477319904640597 0.8396695435584274 1132.77 1246.54 30 97 "Minimization exited successfully."
2005bo 18 0.00200000228080778 479.53349963082314 0.00690604110556711 -0.8466784136704337 0.42185999277866315 0.001510081834166774 0.12310438879543995 0.0001600041017202209 0.06742207374550975 0.015305690645240311 19.12935992109128 13.0 15.89490640802281 1.1904728562997722 478.75 512.76 2 16 "Minimization exited successfully."
2006bt 49 0.08499999992142385 860.4894914936028 0.002123872416228797 0.18321066917640316 0.23842896361264015 3.9598847490524e-05 0.04915885301255685 2.1614432090200388e-05 0.03749606675704149 0.007392511679672234 1100.4417084676295 17.0 17.18101942548995 1.0070923488629404 853.76 891.71 15 34 "Minimization exited successfully."
2008fl 97 0.04854186793843506 1720.272842424441 0.0048966025593046875 -0.9628526837576258 0.23966112961212555 0.00120860588146951 0.07830054282283072 7.578433054107112e-05 0.01582712612630434 0.010775516035229148 37409.457039490444 41.0 16.274741701188912 1.2287542984672761 1724.49 1789.53 0 97 "Minimization exited successfully."
2007st 74 0.002000000013330222 1451.7611055758616 0.008110593458027593 -1.1657623978230358 0.21660596316933134 0.0002639011247801595 0.16484311392605377 0.00024398982449206103 0.02753692556576223 0.01708053660691779 3304.40970133242 21.0 15.727508002451945 1.2743052032315596 1458.66 1513.52 0 74 "Minimization exited successfully."
2005hc 84 0.05056963541126547 668.2550075504344 0.0021697478832039966 0.8323165139862362 -0.0990452742098045 0.0021701465288441538 0.06647387248273162 3.640394274197863e-05 0.046567962905628126 0.014564294867281365 18899.195444325836 40.0 17.15994186906848 0.9083374694703075 661.67 755.61 19 65 "Minimization exited successfully."
2009ab 62 0.0020000000062022215 1883.744411222534 0.007256000101283009 -0.8384732809439535 0.5399330459990485 0.000161310468508425 0.017876973058946533 7.191504861374537e-05 0.021924683221702827 0.006297784435769055 334.694535343222 15.0 15.83515797518064 1.1795127811133685 1874.57 1911.51 14 48 "Minimization exited successfully."
2007as 88 0.011229954463877236 1181.9017196986374 0.009257871185555181 -0.806935345319026 -0.007491128634482247 0.0007216771246027114 0.04942989337814652 0.00010165542370009527 0.017364105770293414 0.007223321143589445 46528.40796405552 33.0 15.586268988756991 1.2141382589541898 1175.59 1259.49 13 75 "Minimization exited successfully."
2006hx 39 0.06021954887061973 1023.0823499383183 0.0010929459521749588 -0.1581795231809308 0.35007131942432196 0.003657660704855785 0.10676643816492515 6.152887343455228e-05 0.08914314516481725 0.04346532284500988 403.56430384905923 13.0 17.899051459863312 1.0627221153222983 1013.66 1080.59 8 31 "Minimization exited successfully."
2008ff 144 0.05555990686355798 1726.0065968552444 0.006645552678902772 -0.6133891112825905 -0.07820142681566704 0.0009256875886771224 0.052433663076158155 6.073704252576724e-05 0.01552157458996613 0.007763973390876774 56183.296141470964 42.0 15.945846904000117 1.1783432551896702 1724.53 1790.57 10 134 "Minimization exited successfully."
2009ds 56 0.008205319258144413 1962.2922002600894 0.012027636605999299 0.42205681361124475 0.0008421208607625277 0.007997014810289842 0.13320402031604317 0.00039431644356083175 0.21725946010353667 0.02233741269510582 35.68289153752737 13.0 15.301317353117474 0.9760519569997737 1954.64 1976.62 17 39 "Minimization exited successfully."
2008O 53 0.08499999999742744 1491.9090522517643 0.0011205274387333056 -1.8798092940215585 0.010291347651811519 0.0005044331014242842 0.12325034652337763 2.605635730994528e-05 0.07036681131216488 0.018658184639082285 269.6318216920664 18.0 17.87947053550092 1.4644721277847452 1489.71 1546.54 7 46 "Minimization exited successfully."
2006ot 75 nan nan nan nan nan nan nan nan nan nan nan nan nan nan nan nan 0 0 "result is NaN User function arguments:      z = +0.066394     t0 = +1150.576251     x0 = -402306.718769     x1 = +39.455013      c = +1290.604423"
2006py 14 0.06270219115274331 1071.0795615046436 0.0009652121467616125 0.4982153918303381 0.11083806774835347 0.006697984354453665 0.3321491337619591 6.128856267120442e-05 0.32997174478403096 0.05563443755481338 19.07339129617216 9.0 18.039453706551157 0.957654969282224 1069.54 1091.54 2 12 "Minimization exited successfully."
2005be 23 0.04452841672444392 460.2051978031272 0.003484172339727356 -2.1285589875586575 -0.18354866132468522 0.0029437032516730632 0.06131173744751095 4.96931732203656e-05 0.04345384488484721 0.01117665533830393 189.85318655841505 18.0 16.64633366982681 1.5533844658658076 467.89 491.77 0 23 "Minimization exited successfully."
2006fw 6 0.04301774732751411 1008.8652390979385 0.9566373714811239 -1.0627752183328416 -4.246706548335252 0.009380294226232214 0.14542656318121772 0.13587169561021514 0.2187895874059919 0.08438780727882045 15.879305127892271 1.0 9.762827870082619 1.4042983192263012 1001.75 1039.73 2 4 "Covariance may not be accurate. Covariance not positive definite. Covariance forced positive definite."
2007ax 57 0.08499999999949247 1190.0288040937553 0.010036338997675184 -3.0664298468842053 -0.10229900957856815 9.245657596732015e-06 0.04125801361658432 0.00012209897713077918 0.023257192805184866 0.008894444789551205 19051.41891610092 19.0 15.499116613591173 1.847561808646116 1184.55 1248.47 6 51 "Minimization exited successfully."
2007jg 56 0.002000006453177096 1367.7293268821256 0.0014883825652420464 -0.3917441966899651 0.1758166904671205 0.0011265335768526966 0.08097522534535528 3.449608107100006e-05 0.05197700501240929 0.014655192165334487 1519.7074555352588 27.0 17.568813662565425 1.1177004441267613 1363.82 1425.78 13 43 "Minimization exited successfully."
2007af 205 0.022014720103094174 1175.7096179230414 0.09121798176438353 -0.6686690309767975 0.009418529809533685 4.375830458397401e-09 3.986813226219965e-07 8.685449587609104e-05 0.008972827685860467 0.000583717135432441 225218.42458054016 50.0 13.10225933176656 1.1840284252822109 1162.76 1257.72 61 144 "Minimization exited successfully."
2008cc 86 nan nan nan nan nan nan nan nan nan nan nan nan nan nan nan nan 0 0 "result is NaN User function arguments:      z = +0.072045     t0 = +1647.511492     x0 = +1009651.953755     x1 = +902.436377      c = +29762.859553"
2006ef 20 0.0020000017675483508 979.9561192725317 0.007225787063042957 -1.45933395186035 -0.06207485119541116 7.611394371863757e-05 0.08920130522170666 0.0001260418968920113 0.0374305065409698 0.011310029624998566 31729.798032546365 15.0 15.855496119944572 1.365834427861234 979.9 1040.71 2 18 "Minimization exited successfully."
2007nq 99 0.005929974520158636 1399.2838569430148 0.0014893895432420343 -1.5873246991928927 0.17637496321355217 0.042720907861700394 101.45952016774766 1.0001962523518508 1.000326906127127 1.0000009999995 6367.939704359845 45.0 17.56865518166687 1.374549920176392 1397.65 1476.56 2 97 "Covariance may not be accurate."
2008bq 50 0.04986332120163902 1563.7428580840678 0.003001353743584583 0.5893151133126164 0.03337094810784959 0.0017645753290290306 0.09584179841658624 4.062036388729719e-05 0.04695250344785255 0.011340692351328615 127.59902187821127 27.0 16.808267852060343 0.9451578248336041 1562.49 1606.46 2 48 "Minimization exited successfully."
2008hv 132 0.00569560334775086 1817.4261775446034 0.019729680435794303 -1.3520323390279279 -0.017338044570690617 9.896091574240068e-09 8.902223157747358e-06 7.798472762841725e-07 0.000483855465828102 2.5590296945079715e-05 43545.28432732288 43.0 14.76500887217176 1.3364162405484183 1804.8 1912.7 31 101 "Covariance may not be accurate."
2009I 37 0.03926006894999776 1851.0455782441354 0.00034833620129670156 3.293587893017998 1.3685820956967716 0.0019929080247266424 0.1463817882205376 2.662444174125674e-05 0.21814124902756457 0.05707009991852708 19.79378935253402 5.0 19.034130660584946 0.3897956660046411 1846.58 1867.58 14 23 "Minimization exited successfully."
2004gc 54 0.04494171597611115 329.4529195813346 0.0017563801804105872 -1.012445214350528 0.21773060840835873 4.1906745018582825e-09 3.2748499734225334e-07 2.4136768861581417e-05 0.02798277305668329 0.009529217689845982 9528.49809822228 49.0 17.388494422045767 1.2410187416620282 329.83 397.66 0 54 "Covariance may not be accurate."
2005lu 39 0.04337631477684214 719.3713348653724 0.0017924585303844293 0.12778654049868785 0.13619606179815705 3.8004753007830905e-07 0.00011036069429337658 3.676764615894696e-05 0.035651129768751 0.013667528221207653 6539.248952931832 29.0 17.36731897020403 1.0224208000780948 719.66 799.52 0 39 "Minimization exited successfully."
2007al 72 0.002000000189186224 1155.2735282204803 0.0034272410560476636 -2.4065827578654972 0.6004046193649271 6.855771143335007e-05 0.0789044837132451 9.34611596271363e-05 0.02022442991050917 0.016676769413000544 11774.200737112857 25.0 16.646586521735067 1.5356194721025815 1170.77 1246.58 0 72 "Minimization exited successfully."
2005gj 112 nan nan nan nan nan nan nan nan nan nan nan nan nan nan nan nan 0 0 "result is NaN User function arguments:      z = +0.084469     t0 = +770.163166     x0 = -34.899047     x1 = -425.526264      c = +9156.480999"
2008bz 26 0.01402126753305546 1580.343260063397 0.0010278349569305628 -0.7974577681131274 0.027119172921449126 0.0030135860424476022 0.12166967197379108 3.514425579403557e-05 0.06816424505070866 0.02694435601599565 1521.6266825436574 21.0 17.972675747243592 1.209698783360377 1580.72 1651.52 0 26 "Minimization exited successfully."
2007bc 64 0.04866247633335161 1200.4384639794519 0.008274990607637218 -0.9338220705724878 -0.07632782758461638 0.001751815617623196 0.061526483022930734 0.0001263138308244494 0.026435859281769846 0.012980564072655904 8255.503066204226 25.0 15.707942924420134 1.2463561669879937 1196.65 1259.53 11 53 "Minimization exited successfully."
2008fr 82 0.033881324816707095 1737.9382893490458 0.0024589512682442454 -0.07477094390671939 -0.01361233271465064 7.354987115112954e-07 1.6293519138343981e-06 3.7198901223651464e-05 0.02789586546028479 0.01070307105880365 19008.066194002648 32.0 17.025242254630196 1.0679495571398867 1738.78 1807.57 0 82 "Covariance may not be accurate."
