pipeline_outputs/csp/salt2_2.4_5param_all.ecsv
# %ECSV 0.9
# ---
# datatype:
# - {name: cid, datatype: string}
# - {name: num_points, datatype: int64}
# - {name: z, datatype: float64}
# - {name: t0, datatype: float64}
# - {name: x0, datatype: float64}
# - {name: x1, datatype: float64}
# - {name: c, datatype: float64}
# - {name: z_err, datatype: float64}
# - {name: t0_err, datatype: float64}
# - {name: x0_err, datatype: float64}
# - {name: x1_err, datatype: float64}
# - {name: c_err, datatype: float64}
# - {name: chi, datatype: float64}
# - {name: dof, datatype: float64}
# - {name: b_max, datatype: float64}
# - {name: delta_15, datatype: float64}
# - {name: tmin, datatype: float64}
# - {name: tmax, datatype: float64}
# - {name: pre_max, datatype: int64}
# - {name: post_max, datatype: int64}
# - {name: message, datatype: string}
# meta: !!omap
# - bounds:
#     z: [0.002, 0.085]
# - {warn: false}
# schema: astropy-2.0
cid num_points z t0 x0 x1 c z_err t0_err x0_err x1_err c_err chi dof b_max delta_15 tmin tmax pre_max post_max message
2008J 81 0.06493357124195757 1536.388022892828 -0.12160651765812154 -22.35379430983764 1.6771957169322627 0.05152646403268501 64.2176466134714 0.2501584576046163 0.9999885601616826 1.008536050306527 612283.773438277 52.0 12.09317886608402 nan 1484.54 1516.52 81 0 "Covariance may not be accurate."
2005kc 125 0.03865549053279927 698.467219339092 0.006527843780632349 -0.5542027239568553 0.3325239847762177 0.0012751825645530186 0.018146842299017862 1.58415620311491e-05 0.01692195268128819 0.002979411950657384 2232.6849536480927 68.0 15.959499260787489 1.1389530340203997 687.52 728.54 53 72 "Minimization exited successfully."
2005A 182 0.04021011010332918 380.5094970051268 0.0009096489910445284 -0.13594666672175781 0.9348975767887989 nan 6.594197543563496e-08 2.3178301356525226e-06 0.014080210865633843 0.0019135829045812758 8949.882642599117 134.0 18.05782973111799 1.0213981677652129 376.65 433.53 10 172 "Covariance may not be accurate."
2009Y 264 0.024268032467978727 1877.5966069968476 0.03168832768880734 0.3044827568928247 0.16138073177297693 4.8205457785222006e-09 5.5580699154234026e-08 3.4780580446661516e-05 0.00857557742811814 0.0007826322751367609 596112.7317007676 170.0 14.248162669451103 0.9893983445234138 1868.84 1976.65 41 223 "Minimization exited successfully."
2004gs 299 nan nan nan nan nan nan nan nan nan nan nan nan nan nan nan nan 0 0 "result is NaN User function arguments:      z = +0.063600     t0 = +472.592524     x0 = -2123575.668501     x1 = -664.802788      c = -6868.634029"
2004eo 269 0.053068107828300785 279.22447729805236 0.010907146524277673 -1.2224360283695854 0.11502119335788226 0.00024105076609694936 0.004705925266051736 8.861815919119102e-06 0.004032425368074242 0.0007393370045021377 39431.335677022995 216.0 15.407708545955641 1.2954293973763438 266.52 341.54 94 175 "Minimization exited successfully."
2008gp 169 0.04228408593895527 1779.8554832893822 0.0031722760097456205 -0.030878041743607965 0.029527419001426913 0.0008597974434984279 0.015450392528691737 6.111500734749549e-06 0.014031831190660895 0.0019632912442060875 2589.53700228025 108.0 16.748601112862534 1.0573562541629862 1768.75 1844.52 44 125 "Minimization exited successfully."
2007ca 117 0.0020000002290155887 1228.119088043729 0.0058748328977294055 0.6164280737660023 0.37619981690264814 0.00036491993008852595 0.012529113585060259 9.789164260684377e-06 0.012163011412465683 0.0012852258198947052 3510.912307388294 63.0 16.071475702430366 0.9252242615465534 1217.65 1275.65 29 88 "Minimization exited successfully."
2009al 123 0.07250667800245891 1895.1689591119436 0.006028504146770538 0.389926438042911 0.030658347054960376 0.0010227465818508016 0.12198062788388597 3.005383463439433e-05 0.03623283824633767 0.0039848972073624 4849.187485670415 78.0 16.051204325826852 0.9804168558384845 1891.71 1973.54 18 105 "Minimization exited successfully."
2008ae 101 0.08499999999177857 1512.3143823737269 0.0005695130399046429 -1.5813609343608248 0.6942275548923708 3.935688127341963e-05 0.09894743608970202 5.1167061169809e-06 0.0937914575524587 0.008396187587519663 3048.25858961592 35.0 18.588326622241688 1.3225977065369179 1508.74 1602.52 9 92 "Minimization exited successfully."
2006dd 217 0.043500000000000004 905.7964383561645 0.0333142341061981 0.0 0.0 0.054420500137536285 0.9599714093515672 0.0008559660494660727 6.968442968060446 0.01630368060807293 1769799.1876002648 211.0 14.195495361792956 1.053132427081529 906.94 1147.57 0 217 "Covariance may not be accurate. Covariance not positive definite. Covariance forced positive definite."
2005ki 310 0.013875855082633984 705.7460385173489 0.009294109200393995 -1.499623461389856 -0.01796203443316613 0.0004608092592259727 0.01086596431059661 1.5903817907309413e-05 0.008199708754288665 0.0019258114644131424 351293.59859774646 246.0 15.582355880306334 1.3716373944937388 695.86 861.5 29 281 "Minimization exited successfully."
2007if 114 0.08499999987597295 1342.0086109377498 0.0029522993538306534 0.4603233520052789 -0.02409968975177417 3.450141090712705e-05 0.12228922400981901 2.8061561325973788e-05 0.03132100084685771 0.005049160354983721 32237.62628965325 77.0 16.826320165663308 0.9703580520838777 1355.77 1443.6 0 114 "Minimization exited successfully."
2006D 298 0.0020000000013469946 757.7375061278476 0.0313597555585421 -1.4977015751707916 0.10562392559618253 7.766786456342737e-06 0.013544834873925993 4.6077188835731156e-05 0.0066890987932602935 0.0009877153056532582 718548.4324328734 221.0 14.261291634690803 1.3598774156596516 751.84 891.61 12 286 "Minimization exited successfully."
2006lu 128 0.06701366551257368 1038.4997563601976 0.0010623200645666928 0.03315318942759 0.04483041023589835 1.7720874281451637e-06 1.9478688955132384e-06 3.556196761406086e-06 0.028102556795411345 0.0032112810564759804 20315.230883204298 118.0 17.936280097956228 1.0445908870886988 1040.84 1137.75 0 128 "Minimization exited successfully."
2009ag 208 0.01001475757799679 1890.1350192060845 0.010585530612104217 -0.2728649377057709 0.4518658043677678 0.00036468921753775134 0.02711051365054118 2.4730152364722688e-05 0.009764577488957552 0.0018489051704551713 5253.973497060625 103.0 15.429468674425541 1.0775205449237237 1886.62 1959.54 24 184 "Minimization exited successfully."
2006ev 116 0.019610098072422054 990.0424690832806 0.0018594745357455372 -1.4091356111545283 0.23238755042546047 0.0011100383358239457 0.07052765974299291 1.2670275477718345e-05 0.030211918991541957 0.005319009930344645 394.3696826147665 44.0 17.326393689233342 1.3275092865910274 993.59 1039.52 0 116 "Minimization exited successfully."
2009cz 83 0.022252670820078937 1943.9623455982946 0.0080870906247559 0.6533443205827791 0.07520455509183396 0.0010716666998746363 0.022700514012626627 1.9410680146616493e-05 0.025485814333783992 0.0023168202303505817 706.468714566781 43.0 15.731768699396572 0.9322685781268056 1937.53 1966.46 24 59 "Minimization exited successfully."
2006gj 122 nan nan nan nan nan nan nan nan nan nan nan nan nan nan nan nan 0 0 "result is NaN User function arguments:      z = +0.051896     t0 = +956.039546     x0 = -1156448.750087     x1 = -78.131825      c = -589.949699"
2005el 236 nan nan nan nan nan nan nan nan nan nan nan nan nan nan nan nan 0 0 "result is NaN User function arguments:      z = +0.028567     t0 = +723.214758     x0 = +350574.631164     x1 = -402.619795      c = +13710.479741"
2007jh 45 0.08499993118564786 1364.5784725488024 0.0005858601180955874 -1.3075659348198065 0.3110761910704605 0.0013405766952085674 0.15417309129543355 3.3921538103834673e-06 0.06728562546955524 0.005936855940390162 1048.0862394744247 38.0 18.57805303437332 1.2974191471665506 1363.86 1413.8 6 39 "Minimization exited successfully."
2007so 66 0.002000000002983967 1427.9620673140546 0.0024291784267105043 -1.0716175615484467 0.3905632560187655 9.874390889690358e-05 0.10597492612703263 2.210306455849513e-05 0.025735068355355065 0.005196630817886844 2052.9153529102105 38.0 17.03080191247296 1.2394331330712518 1449.68 1494.53 0 66 "Minimization exited successfully."
2006gt 93 0.0849999999636647 1002.9514801642521 0.0008273459634602366 -1.977739151677333 0.11048289434519615 0.0013644741580912875 0.07065074677626626 3.0411264557808283e-06 0.03647834755408555 0.0033840729336767654 2384.3575373826634 59.0 18.208144895348568 1.4795362015991174 1001.67 1076.62 10 83 "Minimization exited successfully."
2007ai 111 0.028338554590404998 1174.6775367402258 0.0008674871816040774 0.5967090842069855 0.5361688623085952 0.002063843352556695 0.08947422542678396 5.7053417427863314e-06 0.05766429629259529 0.006026382358197355 6140.923536609431 80.0 18.140478780208596 0.9209501561886881 1167.88 1259.7 20 91 "Minimization exited successfully."
2006hb 190 0.07327063246701092 999.9467035716508 0.013232946123398528 -1.8249842478903346 -0.10578649321730879 0.0006509206423279956 0.03160600561852789 4.7469821465187935e-05 0.011144647848719194 0.0022824697424999106 131313.56697710935 138.0 15.198389420922794 1.4619895198079114 1006.87 1143.59 0 190 "Minimization exited successfully."
2007hj 266 nan nan nan nan nan nan nan nan nan nan nan nan nan nan nan nan 0 0 "result is NaN User function arguments:      z = +0.075358     t0 = +1296.648263     x0 = +307859.859187     x1 = +212.174673      c = +4323.429481"
2008ia 166 0.01691891572690999 1813.3574430730778 0.0036647553894862167 -1.3108470405866899 0.1702086020206835 0.0015677336022417773 0.029945055998041425 7.811346370108963e-06 0.02645713942698534 0.0034191458809022944 1553.5581986104007 81.0 16.591058873534987 1.3106703634763477 1809.77 1874.69 22 144 "Minimization exited successfully."
2007ol 31 0.06032460583130226 1413.313767957117 0.0009425936712056419 -2.206793840471684 0.014664791804380524 0.0028491236865767246 0.10824304974596544 5.867302606825501e-06 0.2060159567170043 0.008110186885087358 254.7113734999002 26.0 18.06733626662581 1.5530298163838587 1409.79 1422.66 10 21 "Minimization exited successfully."
2008fw 162 nan nan nan nan nan nan nan nan nan nan nan nan nan nan nan nan 0 0 "result is NaN User function arguments:      z = +0.015499     t0 = +1736.298079     x0 = +29794.767504     x1 = +198.081355      c = +700.374061"
2005mc 83 0.048910024393114246 730.3601325029 0.002684745525206547 -1.9941864480342089 0.17923119100578414 0.0013668646022869345 0.09474096154610834 2.6174477577021824e-05 0.020915355359762883 0.005305361647378228 2950.554455891164 78.0 16.92902863156643 1.4765097082527738 736.79 773.62 0 83 "Minimization exited successfully."
2009dc 116 0.08499999915061097 1949.3922353371527 0.013268118559861559 1.897974927832746 0.0715557322974222 7.201990032672245e-05 0.02621276820013918 2.4007457734015834e-05 0.01999924048681362 0.0014879063860026244 28440.57200357288 54.0 15.1928272018125 0.7253877742499402 1938.77 1976.68 41 75 "Minimization exited successfully."
2009F 139 nan nan nan nan nan nan nan nan nan nan nan nan nan nan nan nan 0 0 "result is NaN User function arguments:      z = +0.081447     t0 = +1905.216801     x0 = +8787.175358     x1 = +3.383018      c = -2936.271269"
2008go 43 0.08490756343881978 1764.7928560312434 0.0009279493919488117 1.0390152777460928 0.05235681929789113 0.012297719827837603 0.19893713068563557 4.399592457788814e-06 0.14972031782662865 0.006539536342100976 633.9072567998431 31.0 18.082251047634934 0.867605408291368 1764.54 1776.58 2 41 "Minimization exited successfully."
2008cf 96 0.020883596839766663 1595.5544476952768 0.002165037333798541 0.7898408555476916 0.015918840458546423 0.000987841950121502 0.07279835283804914 5.7676454347516925e-06 0.026634989951028466 0.00263409900791964 34447.910976096224 66.0 17.162779973033516 0.9112112299279218 1595.77 1654.65 0 96 "Minimization exited successfully."
2006bd 52 0.0020002173936983455 810.6485316123749 0.0010089544598781432 -1.7625650200688674 0.541127637976491 0.0012075755363129314 0.10804926739660914 1.4066901905403882e-05 0.041077505368425075 0.008733728100894678 2359.1614333188936 32.0 17.97760670173 1.380006580990056 822.75 872.57 0 52 "Minimization exited successfully."
2007bm 85 nan nan nan nan nan nan nan nan nan nan nan nan nan nan nan nan 0 0 "result is NaN User function arguments:      z = +0.080060     t0 = +1280.171340     x0 = -149871.466326     x1 = -704.342363      c = +10772.577402"
2006kf 180 nan nan nan nan nan nan nan nan nan nan nan nan nan nan nan nan 0 0 "result is NaN User function arguments:      z = +0.003045     t0 = +1118.400201     x0 = -2514456.867313     x1 = +100.942126      c = -15500.764683"
2008bt 84 0.0849999998966174 1568.5969856304755 0.0038486325212023506 -1.6282746571363735 0.2507913817127831 7.217561382075188e-05 0.06263088337175304 1.652396390720884e-05 0.017307063851436634 0.0025075768993100293 29199.014253698497 72.0 16.536220478030355 1.3770377228336734 1571.61 1651.47 0 84 "Minimization exited successfully."
2006mr 221 0.0849999999933869 1051.4248136394413 0.011149315836238816 -1.5261773105598002 0.319855612234641 9.617304896590573e-06 0.024711818283435605 2.204285844879404e-05 0.016142967656619166 0.0016102351007123473 91722.75941036244 155.0 15.379218038720921 1.3462781177804928 1045.86 1147.57 28 193 "Minimization exited successfully."
2007le 242 0.0025090002525662188 1399.8693948721968 0.041925948461843714 0.2996795961147241 0.3284444826624121 0.0002680758991143461 0.015948807797713016 7.799013109485993e-05 0.010168478511684474 0.0015241897915377646 353355.2983708306 139.0 13.939813415349816 0.9818489835720623 1388.57 1470.55 43 199 "Minimization exited successfully."
2008hu 97 0.052546592467943395 1806.342923912259 0.0009109840506414067 -1.7349255716549985 0.0742655567987476 0.0013242106044166063 0.06899231731438249 4.2440497901367254e-06 0.03176856446252597 0.0038710873623304665 711.8566583698137 72.0 18.103861483887194 1.4208042638367004 1804.74 1844.84 5 92 "Minimization exited successfully."
2009J 41 nan nan nan nan nan nan nan nan nan nan nan nan nan nan nan nan 0 0 "result is NaN User function arguments:      z = +0.021113     t0 = +1869.386909     x0 = +1462235.115416     x1 = +108.508151      c = +1695.233111"
2007N 165 0.002000000005051531 1113.3336418451333 0.0021588908767786455 -3.068485489110635 0.6555653071692207 1.972250780342172e-05 0.044447979049323294 1.52680819273832e-05 0.016135061085095895 0.004653500126893665 24185.823064590244 103.0 17.144935010402435 1.720247341217103 1123.82 1213.67 0 165 "Minimization exited successfully."
2006ob 63 0.0727746877682968 1063.841179031979 0.0008130740039858167 -2.1785051220456815 0.0057658024572012625 0.001740907750322443 0.07037071155912145 3.8110657652162747e-06 0.04787289221487786 0.0055348278860935666 895.5525806392831 45.0 18.22782802015959 1.5460136674397624 1060.65 1121.57 6 57 "Minimization exited successfully."
2006bh 175 0.008667621071878538 833.3672102875714 0.028833919760171585 -1.4908450854419175 -0.011977376718403635 0.0003412681584021998 0.019037236089218368 4.4831422325481306e-05 0.006988546153788537 0.0015420412480777192 74445.08932963645 105.0 14.353116892294754 1.3689774113477782 829.91 891.79 23 152 "Minimization exited successfully."
2007ba 124 0.08314189465603929 1197.6594527643717 0.0012108992445693544 -2.7791871639539942 0.27579710572495764 0.0016985859933016934 0.026807091428622698 4.857394444466758e-06 0.028413401565229313 0.005570519507881752 3743.261312484534 76.0 17.791448430614196 1.6902108550782913 1190.83 1255.61 28 96 "Minimization exited successfully."
2008fp 300 nan nan nan nan nan nan nan nan nan nan nan nan nan nan nan nan 0 0 "result is NaN User function arguments:      z = +0.008493     t0 = +1703.052180     x0 = +948677.253448     x1 = -7067.800808      c = +54350.979964"
2005na 170 0.039747463108055145 741.3480231496792 0.005417946646250713 -0.22130127952374828 0.0045062799306680975 0.0007499579099178241 0.033103041965375724 9.265481517566227e-06 0.01922142794066168 0.0018970696080902428 54932.7218916891 140.0 16.167621262067257 1.0949830955432702 738.71 834.54 12 158 "Minimization exited successfully."
2008R 107 0.027249370088771867 1492.4244325561315 0.011743922285202891 -2.102358978792581 0.09352725262863423 0.0004567069503960755 0.02711947734064779 2.3654593533938494e-05 0.008438181655990654 0.0016625607322288429 15933.084059001561 63.0 15.328070638357156 1.5149816317232325 1493.63 1532.52 0 107 "Minimization exited successfully."
2005bg 95 0.002000000012439003 470.27481703709736 0.0068711131577710435 0.4598066100681772 0.07035369430881314 0.00013883099644764418 0.06371356762630853 1.8107575032097515e-05 0.03251125779535468 0.0016109020462063413 1643.166240724492 90.0 15.90887718292566 0.9662261579820743 471.65 512.61 0 95 "Minimization exited successfully."
2005ke 367 nan nan nan nan nan nan nan nan nan nan nan nan nan nan nan nan 0 0 "result is NaN User function arguments:      z = +0.043985     t0 = +637.564300     x0 = -20094.958061     x1 = -36.810086      c = -482.377188"
