pipeline_outputs/csp/salt2_2.4_4param_all.ecsv
# %ECSV 0.9
# ---
# datatype:
# - {name: cid, datatype: string}
# - {name: num_points, datatype: int64}
# - {name: z, datatype: float64}
# - {name: t0, datatype: float64}
# - {name: x0, datatype: float64}
# - {name: x1, datatype: float64}
# - {name: c, datatype: float64}
# - {name: z_err, datatype: float64}
# - {name: t0_err, datatype: float64}
# - {name: x0_err, datatype: float64}
# - {name: x1_err, datatype: float64}
# - {name: c_err, datatype: float64}
# - {name: chi, datatype: float64}
# - {name: dof, datatype: float64}
# - {name: b_max, datatype: float64}
# - {name: delta_15, datatype: float64}
# - {name: tmin, datatype: float64}
# - {name: tmax, datatype: float64}
# - {name: pre_max, datatype: int64}
# - {name: post_max, datatype: int64}
# - {name: message, datatype: string}
# meta: !!omap
# - {bounds: null}
# - {warn: false}
# schema: astropy-2.0
cid num_points z t0 x0 x1 c z_err t0_err x0_err x1_err c_err chi dof b_max delta_15 tmin tmax pre_max post_max message
[from data line 54]
2007hx 65 0.0794 1354.8026662462921 0.0003119530781186142 0.4532250506948012 0.19539991707784857 0.0 0.20518790119569985 2.1111051800852993e-06 0.10196476838590808 0.006011249036252482 648.0746851052711 48.0 19.26442133159115 0.9616061647979066 1354.78 1411.73 6 59 "Minimization exited successfully."
2008ha 106 0.0046 1770.4761282823345 0.0024385263542555983 -2.0387894771867114 0.15430181265371712 0.0 0.059926966233319945 1.8305785091673894e-05 0.020372843114100588 0.004536958712121758 8841.353107508408 82.0 17.033934729313522 1.49106587631168 1781.55 1810.55 0 106 "Minimization exited successfully."
2005hj 102 0.0574 675.0749553861431 0.0012210606222607101 1.4404997657366914 0.057308326545216365 0.0 0.07876741863412917 3.72079524194668e-06 0.04611092205549254 0.0030441738246840665 7560.40569600806 78.0 17.78374805857433 0.8008780996435441 671.67 761.57 19 83 "Minimization exited successfully."
2005hk 245 0.013 685.7007805005245 0.006143044344498099 -0.8690514552211471 0.4380573876368491 0.0 0.011367416025734656 1.1832887824514628e-05 0.010521834346986935 0.0015047737459999795 370510.878104358 133.0 16.02128754643706 1.1937253924180453 675.61 761.54 58 187 "Minimization exited successfully."
2005ir 65 0.0763 685.821484404516 0.0006632509380142603 0.6809274065686797 0.05552721047096632 0.0 0.01978074677793984 2.9165345879866766e-06 0.05293308563123228 0.004074242726145918 462.0212968580448 61.0 18.447175853630696 0.9283334682388684 682.62 740.53 18 47 "Minimization exited successfully."
2005bl 64 0.0241 482.8981942634436 0.0005595230352191857 -4.428943400990721 0.5511646771440759 0.0 0.020542179987131703 3.1048459343060155e-06 0.05919190250727666 0.0049769982724769775 11010.746199493968 60.0 18.618099608634534 2.2984063536484705 476.61 512.57 35 29 "Minimization exited successfully."
2005M 381 0.022 406.8024973089971 0.0066318349009599565 1.0519537722995977 0.06728624018746314 0.0 0.012267755750173137 7.966203785607815e-06 0.011761252913707602 0.0009779631736538585 246589.58778398548 316.0 15.946863853937296 0.8648949880696986 396.77 480.51 69 312 "Minimization exited successfully."
2008bf 184 0.0235 1555.4774491958567 0.007880427757073274 0.5778312504755984 -0.025213043916521908 0.0 0.014742514622639646 1.3491791730414524e-05 0.014191615917689976 0.0013432545263388912 70413.5842973117 151.0 15.76025036632014 0.9496562821612429 1546.79 1646.49 43 141 "Minimization exited successfully."
2006eq 98 0.0495 977.035519285893 0.0006231852747339478 -2.315572901125364 0.252020456609655 0.0 3.06661763147531e-05 5.047262705361259e-06 0.03185988227372653 0.00622529590490979 900.9108329895797 61.0 18.513181981090444 1.5554966304389133 980.56 1029.51 0 98 "Covariance may not be accurate."
2009aa 232 0.0273 1878.8421352918203 0.004686330000541499 -0.6000390281916174 0.011882154960260148 0.0 0.009357659621855419 6.601090885590175e-06 0.011734628126406304 0.0011738898530171849 22500.898411071066 122.0 16.325336472154326 1.169755649503653 1868.77 1956.66 66 166 "Minimization exited successfully."
2008hj 127 0.0379 1802.2981925650286 0.0029163700106871475 0.4057229285495387 0.03357164276550847 0.0 0.018928106149019186 4.890553237846372e-06 0.02086901409380225 0.001505524527455668 1749.7943619996574 90.0 16.83959840677222 0.9774718964278861 1794.58 1834.55 37 90 "Minimization exited successfully."
2006ax 236 0.0167 828.1247945728203 0.013948019608467099 0.17104908440030075 -0.0009572165783328755 0.0 0.007862955016321393 2.1905845525369752e-05 0.009334356062310126 0.001090183073267158 91138.79785010128 131.0 15.140672207333466 1.0214752962255744 815.64 891.5 55 181 "Minimization exited successfully."
2009D 176 0.025 1841.846592865129 0.007223770625029823 0.6665876207365578 0.060225284324872605 0.0 0.013931066351915433 7.912073496442955e-06 0.010469021943166278 0.0008856944473177372 3674.332435164166 121.0 15.854442025666764 0.9306122844113709 1834.67 1890.52 54 122 "Minimization exited successfully."
2008gl 166 0.034 1768.4643968969988 0.0029596007032635773 -1.2155833719877138 0.04518224202387317 0.0 0.024292620642995644 4.418871891950106e-06 0.014083768732270347 0.0013591646981165506 31006.155564048677 119.0 16.824528224809953 1.2996920541258632 1765.7 1844.55 18 148 "Minimization exited successfully."
2008cd 23 0.0074 1557.8772492504695 0.0028887648945546455 -0.48691480881430776 0.9218678527726603 0.0 0.6004968852047341 0.00010364162586195505 0.11604844764366268 0.011632810293594453 228.0612625297989 19.0 16.804811715321456 1.083701893073325 1587.74 1595.73 0 23 "Minimization exited successfully."
2007A 76 0.0177 1113.5487330760604 0.006919473094019304 0.7571042201395694 0.257470220243396 0.0 0.02851665252114799 2.143020760401886e-05 0.04496018626705925 0.0026793995141329925 1535.2341493601598 41.0 15.897699005534854 0.9068334534310267 1107.53 1133.53 29 47 "Minimization exited successfully."
2008ar 132 0.0261 1535.349416048811 0.004846457780774259 -0.07772921749094712 0.06355151243262162 0.0 0.020614043201589993 1.3785147702505857e-05 0.01683723102537655 0.0019512669479804276 22585.355014000674 94.0 16.288314029943617 1.0643120357792561 1527.79 1627.59 11 121 "Minimization exited successfully."
2006X 312 0.0052 786.9882921640644 0.011467214061958874 -0.23130008847757433 1.2433322124534805 0.0 0.006813610234189582 1.5275027487535677e-05 0.007036397151085625 0.00096552134048649 929966.57538076 187.0 15.269785144897842 1.0162845865384824 775.68 906.46 64 248 "Minimization exited successfully."
2006ej 64 0.0205 975.9681879749692 0.008235537481838294 -1.42458184137721 -0.007816195097610813 0.0 0.07256884660966989 4.582270407984981e-05 0.01705684936235016 0.002883384371469912 8529.464892176931 50.0 15.713617596028428 1.3527341316819523 979.74 1046.74 0 64 "Minimization exited successfully."
2005eq 211 0.029 655.337212393063 0.00411881500212763 1.2372678119618992 0.10345929035601392 0.0 0.03119132454952478 8.167641342815955e-06 0.019177032459116915 0.001545399761713275 76978.3631192676 149.0 16.463482331583727 0.8328280229745566 647.8 751.66 12 199 "Minimization exited successfully."
2008gg 198 0.032 1752.090606119072 0.0034067908359727422 0.6398198697853672 0.15838284585390192 0.0 1.9492706655910297e-05 5.760613840463366e-06 0.009885467176354756 0.0013700544899043893 106041.40218338957 144.0 16.669337195503992 0.9310298353545079 1753.63 1827.57 0 198 "Covariance may not be accurate."
2004ey 213 0.0158 305.0241062991947 0.01334018844326158 0.23985509790209428 0.08532102222785277 0.0 0.008376738362215974 1.1790917214780048e-05 0.007320861048282412 0.0007113246895715585 6074.436258099183 171.0 15.18857439271584 1.0047080371263633 295.53 358.55 55 158 "Minimization exited successfully."
2010ae 57 0.0037 2276.069823039616 0.00018945619702111967 -1.63128968918557 1.4623815771740996 0.0 0.42924275841733106 2.0938627491398538e-05 0.32696979746582755 0.0649799475375903 229.25813895887262 5.0 19.69336587131832 1.2527201777436048 2258.59 2305.53 48 9 "Minimization exited successfully."
2007ux 151 0.0309 1463.6407027781872 0.0019205247319145759 -2.118123296483356 0.15507853031615063 0.0 0.054119718152605856 8.423184358349318e-06 0.017465843667311017 0.0025222431620271833 9450.628921772128 92.0 17.29322128447736 1.5123818062361245 1466.82 1558.61 0 151 "Minimization exited successfully."
2005W 117 0.0089 412.93744202130847 0.027650790312219 -0.02810540277334362 0.24274574217246025 0.0 0.017767104347939267 4.75694949046455e-05 0.027857777600383302 0.0014751415675992978 1806.4937849357113 113.0 14.394603139773057 1.0451012491969927 404.54 429.51 42 75 "Minimization exited successfully."
2007on 308 0.0065 1419.9166154736138 0.09060244976312337 -1.903883970163011 0.0675366872546485 0.0 0.008305298941536421 0.00012672478606282864 0.006808272569364709 0.0011048821792701729 436893.0168619014 149.0 13.109911589201843 1.4646984508750442 1410.73 1508.61 34 274 "Minimization exited successfully."
2005ku 37 0.0454 699.061264924786 0.0013305816275655232 0.10117654536637607 0.17435014855372757 0.0 0.1802544905973491 1.0079698930759996e-05 0.11067215117924872 0.005416476949964613 165.66768789828396 30.0 17.690215472092103 1.025252147389768 699.56 739.53 0 37 "Minimization exited successfully."
2008fu 103 0.052 1732.7171340447637 0.0014514333102994168 -1.519366506849026 -0.08576152297202999 0.0 0.12016128625680267 1.9227481766204652e-05 0.03487546050828821 0.00696739134565048 3020.180957681295 77.0 17.598082276756607 1.3825387816887158 1737.84 1817.67 0 103 "Minimization exited successfully."
2007bd 110 0.0309 1207.3877398959794 0.0036900512193145615 -0.8744450020458345 -0.012527164467437778 0.0 0.012873872252498586 9.712940653875165e-06 0.01623252408391843 0.002175075597796715 6771.405325510709 64.0 16.584999101920516 1.228898415156639 1197.53 1259.46 34 76 "Minimization exited successfully."
2006is 176 0.031 1009.2716814542694 0.005054738087433836 1.6297772025571502 -0.002436616583911201 0.0 2.9656579727088683e-05 8.92736832344803e-06 0.014265641204230201 0.001345968325589283 225366.3305458917 143.0 16.241304193287807 0.7715605237496206 1008.9 1125.67 3 173 "Covariance may not be accurate."
2008bc 205 0.0151 1550.5355385225855 0.009143905406891873 0.624328750969843 0.18606016239252318 0.0 0.009197714671245194 9.941689199472139e-06 0.008875585533407506 0.0009142854469192149 84352.98781069019 138.0 15.596869819327114 0.9324749380701931 1541.67 1646.46 54 151 "Minimization exited successfully."
2007mm 39 0.0664 1392.5141984844618 0.00019044655068184855 -3.4593809047168986 0.43670583127603313 0.0 0.06207870858395381 1.5003039731937452e-06 0.07461755699289088 0.007084168505402056 1404.2585774608183 35.0 19.793913178736496 1.8958338901024767 1385.72 1418.69 5 34 "Minimization exited successfully."
2008C 121 0.0166 1467.3715662678674 0.007028632751839607 -0.5281863381168369 0.24295377322847453 0.0 0.10178595594300077 4.0647973713904746e-05 0.04048241743405426 0.0031936426251782464 21041.130516772173 82.0 15.881990005454107 1.1399824837306554 1469.81 1552.5 0 121 "Minimization exited successfully."
2004dt 269 0.0197 243.80619890097037 0.010502563262560818 -0.9348368594080615 0.20391776108812373 0.0 5.057500800376147e-07 2.1277515098854795e-05 0.009103886159304337 0.0011376739595918678 485212.50323718635 265.0 15.447077282948378 1.2256233083151287 249.79 365.62 0 269 "Covariance may not be accurate."
2006br 64 0.0246 851.3759364418212 0.00042750005010453064 -0.7995030923663823 0.8576182728402524 0.0 0.1392032726570278 6.213716599878075e-06 0.06327120919881857 0.008740846836007817 285.3397134851979 39.0 18.885653667513978 1.1466074439582314 855.66 891.66 0 64 "Minimization exited successfully."
2005ag 208 0.0797 415.21607353859883 0.0006227782506694481 0.38747818047242094 0.04021633336513489 0.0 0.07369913356211555 1.5819240791471119e-06 0.03479638970567327 0.0023251720594222734 19557.556285418308 195.0 18.515856222948482 0.9804126274512122 412.82 480.84 15 193 "Minimization exited successfully."
2007sr 259 0.0055 1449.6164170798882 0.11369957121296198 0.1274518851966102 0.1468404161545029 0.0 0.025831966048599497 0.00023052723971945347 0.009426740642235816 0.001102498534828748 1108007.3346838618 157.0 12.861381621789263 1.0219267734591089 1454.84 1955.57 0 259 "Minimization exited successfully."
2009ad 128 0.0284 1887.1172716675967 0.004199573396060214 0.20680989153760154 0.0725003981118939 0.0 0.013179575212689087 6.796307538867395e-06 0.014988004237058414 0.00141586095803566 5651.78797402866 68.0 16.443602246987982 1.0113165323847468 1878.6 1921.53 36 92 "Minimization exited successfully."
2006et 236 0.0226 994.8234770723811 0.006411745021930817 0.7489749368932 0.21166669247147135 0.0 0.014607167130520793 1.123557931678764e-05 0.013741435066296312 0.0013916154525316078 127965.77618505553 127.0 15.98160356739061 0.9101536800132983 982.63 1099.54 42 194 "Minimization exited successfully."
2009P 99 0.0251 1868.1328658059658 0.0023398484432336887 1.5681522771629037 0.39881101740969466 0.0 0.08006205296771896 9.031381072490844e-06 0.0368672509540298 0.002678645408269795 5671.22289709906 78.0 17.069030129393457 0.7691709559117044 1867.74 1931.61 6 93 "Minimization exited successfully."
2004ef 278 0.031 264.7250886351909 0.0025563713633278973 -1.4142639361492988 0.14564523390092698 0.0 0.005410352156474119 2.301193048013118e-06 0.006234505758737245 0.0007625890662877083 36283.92319972883 257.0 16.98257735308037 1.336608116436846 255.69 329.57 59 219 "Minimization exited successfully."
2006os 106 0.0328 1065.3305530503292 0.000935077901692196 -0.6809194175997944 0.49569340370409243 0.0 0.0907566723429909 4.29962614875257e-06 0.035851444955717404 0.003426931946041039 5398.482961018094 67.0 18.062147754038424 1.1519181622806265 1063.65 1133.56 4 102 "Minimization exited successfully."
2008bi 83 0.0134 1536.0835529953868 0.0048622915797893835 -2.6495242627842712 0.2316428187899185 0.0 0.062058785683348106 5.0247981176704746e-05 0.018243124595488977 0.00577798808253499 3564.185015576517 62.0 16.283268728377436 1.6562594220127593 1551.52 1628.47 0 83 "Minimization exited successfully."
2009le 66 0.0178 2168.5335829205596 0.011223354854908505 2.8261562096927912 0.17777982088333494 0.0 0.0395384598198234 2.4188700892954013e-05 0.055519879161039544 0.0020183273903106817 1081.9254888898374 50.0 15.370668890494926 0.5589523840702011 2153.53 2169.58 54 12 "Minimization exited successfully."
2005al 238 0.0124 431.3281050920794 0.015521811939629475 -1.2820310385726097 -0.026227114492716457 0.0 0.0229002623350425 1.9964952993178868e-05 0.007626211875649972 0.0008587839753418703 91601.15947013514 206.0 15.025406889678102 1.3208358473241617 429.76 512.79 12 226 "Minimization exited successfully."
2005am 203 0.0079 435.7164785853626 0.0513524710035377 -1.7358285996628446 0.07131217342730657 0.0 0.018537234329869534 6.455653616124496e-05 0.005744049280977897 0.0008466705994634969 139386.4658259333 177.0 13.726259874928244 1.4213274854167608 432.58 512.46 3 200 "Minimization exited successfully."
2005iq 154 0.034 688.1296379234537 0.0031166291921949155 -0.9598905489098088 -0.05460492171620189 0.0 0.018168304375194566 6.168603524934097e-06 0.02020292781800318 0.0017309846842844176 6328.026723838016 105.0 16.76829388178184 1.250479743902627 682.55 755.55 36 118 "Minimization exited successfully."
2008bd 66 0.0301 1522.1933212703236 0.0017264811740977791 -2.3852135024247327 0.08247832589641893 0.0 0.161612404430457 3.143844593943648e-05 0.056704438115037815 0.012784275343347237 1441.3282552647174 52.0 17.40991550636991 1.5965733774471467 1541.7 1607.65 0 66 "Minimization exited successfully."
2007S 192 0.0139 1145.1416645630386 0.007735976525498998 0.8754849678446043 0.4193452224589222 0.0 0.014509297243421315 1.9973830768952404e-05 0.014613189239421322 0.0018547168655672199 105105.49615300624 98.0 15.770598829273702 0.8802535211909692 1132.77 1246.54 42 150 "Minimization exited successfully."
2005bo 54 0.0139 479.0472809168347 0.00820392202558628 -1.0552878158944845 0.2865568866931431 0.0 0.0694401773230311 2.6248637018915915e-05 0.04446232499645001 0.0023553538442674777 1328.9347420766858 50.0 15.713149523118428 1.244602684121645 478.75 512.76 6 48 "Minimization exited successfully."
2006bt 88 0.0322 859.6262248333591 0.002404970500337366 -0.30989443587483534 0.24558369696063126 0.0 0.03156187276096034 6.6461461563638234e-06 0.02369879047797056 0.002199779013537269 6838.396014480897 57.0 17.04619860490026 1.0975712944859737 853.76 891.71 15 73 "Minimization exited successfully."
2008fl 186 0.0199 1721.0301732330386 0.005374155150311709 -1.1700069530255113 0.2070225872219638 0.0 0.036252290277388965 1.464118407863208e-05 0.008792332880182822 0.0014329735254127824 62274.659165989106 131.0 16.17458400526878 1.276042903744699 1724.49 1789.53 0 186 "Minimization exited successfully."
