pipeline_outputs/csp/salt2_2.4_5param_all.ecsv
# %ECSV 0.9
# ---
# datatype:
# - {name: cid, datatype: string}
# - {name: num_points_91bg_proj_csp_u, datatype: float64}
# - {name: num_points_91bg_proj_csp_g, datatype: float64}
# - {name: num_points_91bg_proj_csp_r, datatype: float64}
# - {name: num_points_91bg_proj_csp_i, datatype: float64}
# - {name: num_points_91bg_proj_csp_B, datatype: float64}
# - {name: num_points_91bg_proj_csp_V0, datatype: float64}
# - {name: num_points_91bg_proj_csp_V1, datatype: float64}
# - {name: num_points_91bg_proj_csp_V, datatype: float64}
# - {name: num_points_91bg_proj_csp_Y, datatype: float64}
# - {name: num_points_91bg_proj_csp_H, datatype: float64}
# - {name: num_points_91bg_proj_csp_J, datatype: float64}
# - {name: num_points_91bg_proj_csp_Jrc2, datatype: float64}
# - {name: num_points_91bg_proj_csp_Ydw, datatype: float64}
# - {name: num_points_91bg_proj_csp_Jdw, datatype: float64}
# - {name: num_points_91bg_proj_csp_Hdw, datatype: float64}
# - {name: z, datatype: float64}
# - {name: t0, datatype: float64}
# - {name: x0, datatype: float64}
# - {name: x1, datatype: float64}
# - {name: c, datatype: float64}
# - {name: z_err, datatype: float64}
# - {name: t0_err, datatype: float64}
# - {name: x0_err, datatype: float64}
# - {name: x1_err, datatype: float64}
# - {name: c_err, datatype: float64}
# - {name: chi, datatype: float64}
# - {name: dof, datatype: float64}
# - {name: message, datatype: string}
# meta: !!omap
# - bounds:
#     z: [0.002, 0.085]
# - {modelcov: true}
# - {warn: false}
# schema: astropy-2.0
cid num_points_91bg_proj_csp_u num_points_91bg_proj_csp_g num_points_91bg_proj_csp_r num_points_91bg_proj_csp_i num_points_91bg_proj_csp_B num_points_91bg_proj_csp_V0 num_points_91bg_proj_csp_V1 num_points_91bg_proj_csp_V num_points_91bg_proj_csp_Y num_points_91bg_proj_csp_H num_points_91bg_proj_csp_J num_points_91bg_proj_csp_Jrc2 num_points_91bg_proj_csp_Ydw num_points_91bg_proj_csp_Jdw num_points_91bg_proj_csp_Hdw z t0 x0 x1 c z_err t0_err x0_err x1_err c_err chi dof message
[from data line 140]
2005hj 5 16 16 16 14 14 0 1 13 0 7 0 0 0 0 0.07282781285499353 675.9887090206514 0.0012484209685890348 1.3893825322465019 0.011750324891830853 1.3415133170990856e-09 1.5794739738339558e-08 2.925664476698858e-05 0.07276590651488964 0.024228928330391038 4674.112122937596 77 "Covariance may not be accurate."
2005hk 18 24 24 24 24 22 0 1 23 37 40 0 8 0 0 nan nan nan nan nan nan nan nan nan nan nan nan "result is NaN
User function arguments:
     z = +0.012934
    t0 = +782.203844
    x0 = -183423.203654
    x1 = +383.708787
     c = -757.517923"
2005ir 8 10 0 13 12 12 0 0 0 0 0 0 0 0 0 0.08088867019552212 686.4858481607289 0.0006767682016746129 0.34274548746576977 0.024012386001670112 1.737376130676871e-06 3.857618452229872e-05 1.1301879328120342e-05 0.07048593626596635 0.020387078870790932 102.55270166682116 50 "Covariance may not be accurate."
2005bl 7 11 11 12 11 12 0 0 0 0 0 0 0 0 0 0.08499999397866667 483.35496204841877 0.0007583358736896605 -5.506431344025874 0.4913878769097105 0.00228531759455753 0.09766236849998222 1.5136809898002127e-05 0.2937140766931636 0.024575669241153168 144.57255090003596 59 "Minimization exited successfully."
2005M 38 59 56 55 55 57 0 0 0 20 21 0 20 0 0 0.06610097767789921 407.2700692250939 0.0062584171064183364 1.5524548439359687 0.037051009333291446 0.00043551052993966166 0.026289790432002746 0.00010674008604299701 0.026865099735892867 0.017069970942350438 171466.0609619858 315 "Covariance may not be accurate. Covariance not positive definite. Covariance forced positive definite."
2008bf 20 27 27 27 27 0 0 27 10 5 10 0 4 0 0 0.030319048604232915 1555.6710996808015 0.008080818110096318 0.39882538066500467 -0.053836218216488346 0.00128627702424014 0.03162196691380359 0.0001324719470239914 0.02823058967270159 0.017072132741084583 67673.15595673514 150 "Minimization exited successfully."
2006eq 2 10 15 14 12 0 0 12 14 3 11 0 5 0 0 0.07703331755994311 975.6587718465673 0.0007229832687227529 -1.8434030172213163 0.16055284543109438 1.3274459103596037e-06 7.881266850517932e-05 1.5929685142501252e-05 0.06378650869787868 0.022615448598097092 98.37043484622356 60 "Covariance may not be accurate."
2009aa 16 22 22 22 22 0 0 22 32 32 5 31 6 0 0 0.05939848510821269 1879.256796631766 0.0046139649854842636 -0.5577580955758317 -0.015097081195216392 0.002431049625370253 0.03952891899427868 7.574281461163538e-05 0.028022015351693387 0.017869413192651087 12026.40478769628 121 "Minimization exited successfully."
2008hj 14 16 16 16 16 0 0 16 18 6 7 0 2 0 0 0.03421998602143543 1802.3695130882422 0.002974792093231301 0.15015236956203903 0.03194735396661671 0.0028266623736172107 0.042485603022100804 4.9584633388240435e-05 0.03729135482541032 0.017113352461448798 112.75001526163663 89 "Minimization exited successfully."
2006ax 18 22 22 23 25 0 0 25 29 31 35 0 6 0 0 0.017198472480552417 827.9953972626031 0.014397891238168132 0.12654673165786745 -0.02300431738473673 0.0010288469688461144 0.024105413335121284 0.000248150903689164 0.022454042947306914 0.01751179861229954 87788.23250655454 130 "Minimization exited successfully."
2009D 20 21 21 21 21 0 0 21 13 14 6 12 6 0 0 0.03061045964755047 1841.973177710676 0.007305083527335414 0.6465096426550803 0.03763696034672104 0.001855892273564759 0.04052854674591799 0.00012169157392444134 0.028843391289682607 0.016871900365719825 133.05319423492136 120 "Minimization exited successfully."
2008gl 16 22 22 22 19 0 0 22 20 8 15 0 0 0 0 0.03739578417826634 1768.7211578606205 0.0029546612083975288 -1.3176723648836315 0.053108162761366255 1.0195700276514896e-06 2.7236173195888114e-05 4.9236403034392434e-05 0.028306326033695435 0.017460434988837707 17667.613411360282 118 "Minimization exited successfully."
2008cd 0 5 4 5 4 0 0 5 0 0 0 0 0 0 0 0.0020000000000002997 1559.5083891717434 0.0021812497600330613 -0.047459673526121564 1.0143838982486744 0.00038712561169187585 1.1039857716449433 0.00020170253422858818 0.33408659189617934 0.03017203856643707 72.23424112556171 18 "Minimization exited successfully."
2007A 5 6 8 10 8 0 0 8 18 3 10 0 0 0 0 0.007284509234352313 1113.6918795818722 0.007121928562186165 0.5479237639498028 0.2363730579019791 0.005063417661175152 0.06569179979737783 0.0001333634988766535 0.09608943048589555 0.021086688963106268 55.72993832034931 40 "Minimization exited successfully."
2008ar 8 18 18 18 18 0 0 18 16 7 7 0 4 0 0 0.08441111482914437 1538.4697150779589 0.004422397392589542 0.625710805899274 -0.09491804470346393 0.04797237754684864 104.39108624970527 1.0000010044725167 1.0003001064025785 1.000123275012057 8898.459632193073 93 "Covariance may not be accurate."
2006X 19 34 33 34 35 0 0 36 23 42 40 0 16 0 0 nan nan nan nan nan nan nan nan nan nan nan nan "result is NaN
User function arguments:
     z = +0.084784
    t0 = +813.937515
    x0 = -1106497.605647
    x1 = -2722.284530
     c = +18923.469760"
2006ej 5 13 5 6 12 0 0 13 3 2 5 0 0 0 0 0.028316335368783592 976.4235894747869 0.008017672217245145 -1.4123263990263173 0.0038958113376178958 0.003762301504142307 0.2237414844801151 0.0001777028547595657 0.06870784231209674 0.025385845006123557 7913.880262748303 49 "Minimization exited successfully."
2005eq 19 27 27 27 27 26 0 0 25 13 19 0 1 0 0 0.027119695818139618 655.2604238305636 0.0040914946383145395 1.4095196389757298 0.1038015061157293 0.002702886287363905 0.08879077185378037 7.071413521434015e-05 0.058076025075707804 0.018528682242588017 74823.82464432734 148 "Minimization exited successfully."
2008gg 18 26 26 26 26 0 0 26 20 14 12 0 4 0 0 0.03966078756301465 1751.7070163496935 0.0035947520222454985 0.6062078793032715 0.14963940332712955 2.2341177817464253e-08 3.744455625565024e-07 3.742957682914088e-05 0.024570073712851786 0.00136079485506306 100233.25269169998 143 "Covariance may not be accurate."
2004ey 25 26 32 32 30 30 0 0 0 14 14 0 10 0 0 0.023805551472166328 305.08465013145474 0.013688948983196574 0.10779270236955298 0.049939080506373516 0.0010774712437057118 0.0239362452795433 0.00023151187313182197 0.017556741028529575 0.017254138611371577 280.9008838790379 170 "Minimization exited successfully."
2010ae 0 2 2 2 1 0 0 2 9 14 8 9 8 0 0 0.0020000000000006497 2276.435192811884 0.0002272721385218326 -0.9169791560736339 1.2727994742803765 0.000639532452481612 0.5872748435260746 2.8227408537141544e-05 0.45331690727718804 0.0785393393641168 161.13732257876984 4 "Minimization exited successfully."
2007ux 7 17 17 16 17 0 0 22 15 16 10 0 14 0 0 0.01832694106257978 1465.3414874880038 0.0017469891334999047 -2.107504338020309 0.1769192257330505 0.0039802720392241005 0.17797920815405632 3.561975480006974e-05 0.06327781858427252 0.02156818019733612 6262.8795627391355 91 "Minimization exited successfully."
2005W 16 20 21 19 20 21 0 0 0 0 0 0 0 0 0 0.01713342738925093 412.75591362149515 0.028811349491440773 -0.4115609974323001 0.1986468163554524 0.003100868173382533 0.03486460579514983 0.0004960592421524674 0.049649186313116545 0.017987772821686492 180.50469227357843 112 "Minimization exited successfully."
2007on 33 17 26 23 31 0 0 23 38 49 49 0 19 0 0 0.07613245265457196 1420.9051352977283 0.10263836761045302 -1.9667960591621216 -0.06911398120674511 0.0017479027893093912 0.054307880332430614 0.0016918482587103404 0.03801499277521459 0.01880661966397712 335670.9875028586 148 "Minimization exited successfully."
2005ku 3 6 7 7 5 6 0 0 3 0 0 0 0 0 0 0.05503590972576943 699.319626385569 0.001346943268776745 -0.0001957936687368956 0.1521810136390177 0.005914904263141334 0.25027552765880046 2.6537058867456747e-05 0.16760306910724376 0.022419771767686534 81.81962704236591 29 "Minimization exited successfully."
2008fu 3 14 19 17 8 0 0 20 10 4 3 0 5 0 0 0.05921532612266417 1733.180161379465 0.0013848755052414002 -1.507988430998293 -0.06413600486610543 0.004576660692686193 0.3076038563730208 4.8932848620163736e-05 0.0839641194596689 0.02441451959572481 2789.3449438828075 76 "Minimization exited successfully."
2007bd 8 12 12 12 12 0 0 12 20 9 10 0 3 0 0 nan nan nan nan nan nan nan nan nan nan nan nan "result is NaN
User function arguments:
     z = +0.072548
    t0 = +1182.275424
    x0 = -486192.986192
    x1 = -362.768481
     c = -175.291630"
2006is 13 27 26 25 28 0 0 28 5 9 9 0 6 0 0 0.0043754589901162455 1008.3777350506721 0.005105729007795106 1.629104341774399 0.08384253111498716 0.0028965976769615223 0.20801165310234637 0.0001015015788294488 0.10463737884876685 0.022306872467853595 247341.68156376286 142 "Minimization exited successfully."
2008bc 29 22 16 22 30 0 0 23 14 18 21 0 10 0 0 0.019488274093154262 1550.6165622910141 0.009317713548040773 0.5721558359854764 0.17820480307511735 0.0017374569625088106 0.03477572474662338 0.00015817277752097725 0.027206111173213567 0.01750275293992141 79325.7639285355 137 "Minimization exited successfully."
2007mm 0 8 9 8 6 0 0 8 0 0 0 0 0 0 0 nan nan nan nan nan nan nan nan nan nan nan nan "result is NaN
User function arguments:
     z = +0.042766
    t0 = +1432.322121
    x0 = -2185867.953675
    x1 = +27.927949
     c = -907.583201"
2008C 6 16 20 18 11 0 0 15 3 12 14 0 6 0 0 0.040885386407951384 1465.5359273582874 0.007866685793040295 0.0832544019831136 0.15648577451528367 1.672102919490076e-06 3.379922191015794e-05 1.886367131370898e-05 0.008728031166391568 0.002434232520765566 20564.670541898908 81 "Covariance may not be accurate."
2004dt 43 46 45 43 46 46 0 0 0 0 0 0 0 0 0 nan nan nan nan nan nan nan nan nan nan nan nan "result is NaN
User function arguments:
     z = +0.051892
    t0 = +240.528256
    x0 = -4018392.417171
    x1 = +4216.216710
     c = -223242.697907"
2006br 0 8 10 10 7 0 0 8 7 4 10 0 0 0 0 0.008684400346838712 851.8615177434225 0.0003647371622184318 -0.8127090228445033 0.9956599168338854 0.004271922865979056 0.4160205967781394 1.9106098113290194e-05 0.12192571086924164 0.03574117494240335 30.247966282044494 38 "Minimization exited successfully."
2005ag 0 41 0 36 35 43 0 0 0 0 0 0 5 0 0 0.07393662772982282 415.31854623532723 0.0006303672769305063 0.2723185706978255 0.03424023994384043 0.0026589912294519014 0.09460433924286349 1.1430755521612953e-05 0.05176840719589802 0.02425262550735796 10297.86625815838 150 "Minimization exited successfully."
2007sr 15 29 29 29 29 0 0 30 23 31 35 0 9 0 0 0.01672037312529025 1449.7902576050178 0.11667834686317453 0.08668250400115031 0.12380306372947857 0.0015081263396726696 0.10116147585347335 0.0022725135353699835 0.035412935746774656 0.018879961453379855 1102415.5077810572 156 "Minimization exited successfully."
2009ad 12 12 12 12 12 0 0 12 22 17 0 17 0 0 0 0.036033024267941416 1887.1375278982782 0.004223511097818046 0.22369278292559103 0.055376302162398666 0.003996126520040756 0.06021202002602877 7.191480536776578e-05 0.03783809835904217 0.01834845033489653 145.4519828367566 67 "Minimization exited successfully."
2006et 17 24 24 22 21 0 0 23 35 32 34 0 4 0 0 0.03359129262660096 994.9009464742204 0.006595441818291005 0.7828958658928139 0.16875837385017217 0.05617802473981062 124.88053502337453 1.0000010056260529 1.000441312988217 1.000146872030267 98237.01784992535 126 "Covariance may not be accurate."
2009P 10 14 15 14 15 0 0 14 11 0 0 6 0 0 0 0.012286929511638444 1868.356104894799 0.002257786994142301 1.444989072773668 0.4452390510045222 0.0033032416027633273 0.1979672402047754 4.409471816617567e-05 0.09963977366799374 0.020344869761599264 4595.060759800975 77 "Minimization exited successfully."
2004ef 34 47 47 47 42 44 0 0 0 5 6 0 6 0 0 0.03741865095683116 264.708732605364 0.0026154828187837007 -1.3410185776926367 0.13991885420494904 0.0016911188001393247 0.028548167131447144 4.420779132288859e-05 0.022014957894749814 0.01741201795617174 26997.215223413517 256 "Minimization exited successfully."
2006os 4 13 16 15 9 0 0 14 15 7 9 0 4 0 0 0.03948448918419747 1065.2524561116618 0.000982909827019676 -0.5985928185591987 0.4450140898052734 0.0031446928554216616 0.14998873411639124 1.919042667017892e-05 0.06720716462609046 0.019751197215141007 5039.853433131889 66 "Minimization exited successfully."
2008bi 4 10 14 17 7 0 0 14 5 4 4 0 4 0 0 0.07535827471060379 1535.9816767255807 0.0059695703181715685 -2.542720623355321 0.03186951737867641 0.004577005855706133 0.3448556224926733 0.0003081087916584325 0.11058015106605038 0.03162381581102578 1551.251326719447 61 "Minimization exited successfully."
2009le 9 9 9 9 9 0 0 9 4 4 0 4 0 0 0 0.016232383167202588 2166.719350087618 0.011779722778648897 0.8869278267134509 0.13606650409598361 0.007728265262510652 0.15259724340080538 0.00020621728568880933 0.16421264459127052 0.02072532373934873 42.59124061895949 49 "Minimization exited successfully."
2005al 35 35 35 35 35 35 0 0 0 10 10 0 8 0 0 0.012468001927433732 431.22797683034884 0.015768315933503394 -1.3320513961519167 -0.02410143789634409 0.0013446000983766094 0.08021205085731253 0.00026886482851512603 0.031674248557084415 0.01831089633137022 87237.69493021196 205 "Minimization exited successfully."
2005am 37 34 21 23 35 31 0 0 0 9 4 0 9 0 0 0.011544471985515212 436.6480188968853 0.049870814101378856 -1.8230896559407914 0.07529849848912501 0.0016214882672942231 0.08897901683067744 0.0008875263409204815 0.03388757312970835 0.019738757697762056 128062.30739424675 176 "Minimization exited successfully."
2005iq 14 20 20 19 18 18 0 0 21 12 12 0 0 0 0 0.04087441006743587 688.2332294146886 0.0031531208343611476 -1.1117416969809082 -0.06454932985242758 0.003859539011143706 0.05501684549739139 5.3249724162020854e-05 0.04428542691807636 0.01845198560174571 4076.580344256332 104 "Minimization exited successfully."
2008bd 0 10 9 16 11 0 0 10 6 1 1 0 2 0 0 0.002000272308158687 1524.7744900533578 0.001155451314487839 -2.448570571852591 0.2848657839216183 0.05684732472745515 0.4168895625150526 7.444225301440338e-05 0.1806208492375346 0.0471634166418249 983.9174984337019 51 "Minimization exited successfully."
2007S 12 18 19 18 18 0 0 17 20 33 32 0 5 0 0 nan nan nan nan nan nan nan nan nan nan nan nan "result is NaN
User function arguments:
     z = +0.050092
    t0 = +1214.026713
    x0 = -2887300.745229
    x1 = +4219.367285
     c = +31559.362277"
2005bo 8 9 9 9 9 10 0 0 0 0 0 0 0 0 0 0.024214410313118703 479.2770535253981 0.008252948981071588 -1.1330345541269042 0.2689503268058357 0.004333806616802875 0.13341243640434186 0.00014851185786793404 0.10052582925465318 0.019981059868234608 28.45196943012496 49 "Minimization exited successfully."
2006bt 9 11 11 11 8 0 0 11 9 9 9 0 0 0 0 0.08480017044230898 859.3822355582006 0.002525682239413041 0.6059093681935062 0.10936619851415344 0.010483708770985124 0.07302566647643971 4.2008147676625365e-05 0.04608567977609944 0.01828452689383552 265.197764170704 56 "Minimization exited successfully."
2008fl 20 23 23 23 23 0 0 23 13 15 16 0 7 0 0 0.07101928662116135 1722.9790848409084 0.005215162014578747 -0.7455992442302033 0.09715008185158111 7.70744400940826e-09 7.693907946304535e-07 8.679478554889383e-05 0.021509403918715305 0.017449734352692443 38829.31260649057 130 "Covariance may not be accurate."
2007st 12 13 13 13 11 0 0 8 18 10 14 0 6 0 0 0.03876328093461457 1454.0628705225006 0.00829758699722894 -1.4638884221921908 0.04837994587566484 0.00476560244752515 0.2365510233214536 0.00020126556786136278 0.06557788118938064 0.022314197187221482 2669.5524721562006 65 "Minimization exited successfully."
2005hc 10 23 23 22 23 23 0 0 26 3 10 0 0 0 0 0.046557253240481794 668.1710334829895 0.001841362554740065 0.7933411883243704 0.03348883093447403 0.002663632263213027 0.058481864721102284 3.0567624654850015e-05 0.04517110047307955 0.01745489522725959 39755.31067879495 119 "Minimization exited successfully."
