pipeline_outputs/csp/salt2_2.4_4param_blue.ecsv
# %ECSV 0.9
# ---
# datatype:
# - {name: cid, datatype: string}
# - {name: num_points, datatype: int64}
# - {name: z, datatype: float64}
# - {name: t0, datatype: float64}
# - {name: x0, datatype: float64}
# - {name: x1, datatype: float64}
# - {name: c, datatype: float64}
# - {name: z_err, datatype: float64}
# - {name: t0_err, datatype: float64}
# - {name: x0_err, datatype: float64}
# - {name: x1_err, datatype: float64}
# - {name: c_err, datatype: float64}
# - {name: chi, datatype: float64}
# - {name: dof, datatype: float64}
# - {name: b_max, datatype: float64}
# - {name: delta_15, datatype: float64}
# - {name: tmin, datatype: float64}
# - {name: tmax, datatype: float64}
# - {name: pre_max, datatype: int64}
# - {name: post_max, datatype: int64}
# - {name: message, datatype: string}
# meta: !!omap
# - {bounds: null}
# - {warn: false}
# schema: astropy-2.0
cid num_points z t0 x0 x1 c z_err t0_err x0_err x1_err c_err chi dof b_max delta_15 tmin tmax pre_max post_max message
[from data line 106]
2007st 44 0.0212 1453.5523038933513 0.008661988984683917 -1.698084400051171 -0.018467725349106442 0.0 0.08522234986457988 6.629362295019383e-05 0.02233548211820249 0.005224534560812593 1142.612573607572 40.0 15.65891745569251 1.4207019181693532 1458.66 1493.55 0 44 "Minimization exited successfully."
2005hc 79 0.0459 668.1161093659084 0.0018113748096586818 0.8311276897982849 0.07490265529382054 0.0 0.03878911324659384 3.2035684094586956e-06 0.03173376743101999 0.0029519462620391573 21513.260895852003 75.0 17.356076496579817 0.9018311099552463 662.72 755.61 16 63 "Minimization exited successfully."
2009ab 40 0.0112 1883.7839833429268 0.011416288269560038 -0.876395044074352 0.17378882960738357 0.0 0.012345695176918525 2.120549735312755e-05 0.01353775880081684 0.002634018780552206 3953.326055755469 36.0 15.357086636431825 1.2156185016268903 1874.57 1911.51 16 24 "Minimization exited successfully."
2007as 65 0.0176 1182.2525851332487 0.006731589139542869 -0.9772317284707478 0.25301544239202345 0.0 0.04016069645911102 1.4874549764225938e-05 0.019562591763162527 0.0027574871486438614 48891.79651934546 61.0 15.928839547375844 1.2307380239252588 1181.7 1259.49 4 61 "Minimization exited successfully."
2006hx 31 0.0455 1022.3355683120777 0.0015155833428510282 -0.1331196569671374 0.17174591721310142 0.0 0.04444808177305504 1.568351721547131e-05 0.06663464675081228 0.01146730260300152 683.672847338494 27.0 17.54907123972378 1.0686177264459005 1012.66 1080.59 8 23 "Minimization exited successfully."
2008ff 86 0.0193 nan nan nan nan 0.0 nan nan nan nan nan nan nan nan nan nan 0 0 "result is NaN User function arguments:      z = +0.019300     t0 = +1722.589861     x0 = -103761.197383     x1 = -52.723131      c = -510.928038"
2009ds 36 0.0193 1962.3027117869099 0.00932452232018484 1.6836759824045817 0.1667152247956948 0.0 0.04377642129406922 2.3478643890895698e-05 0.05245915331010213 0.003522434461871343 793.5109915693877 32.0 15.57486177692743 0.7577751706744298 1956.68 1976.62 12 24 "Minimization exited successfully."
2008O 50 0.0389 1490.2936677105895 0.0007138812572480466 -1.9969134074307369 0.4708120922298112 0.0 0.11730095820848874 5.273616305199686e-06 0.060711761519662205 0.00915078542147037 832.678328685852 46.0 18.357113801939704 1.4448860984331482 1490.64 1571.48 0 50 "Minimization exited successfully."
2006ot 43 0.0531 1063.5418226741651 0.0010435765472010681 0.899239550215972 0.18001900938639648 0.0 0.2370166027724281 9.337403299004751e-06 0.09859924779835909 0.008397806318880313 1824.6812425202725 39.0 17.953265420650155 0.8861679666132964 1065.68 1119.57 0 43 "Minimization exited successfully."
2006py 21 0.0579 1071.8151802751847 0.0009962458130827053 -0.4664546205100425 0.11833942155267504 0.0 0.14929656482956943 6.131574071942198e-06 0.14067814193333783 0.01134792657424351 144.93030450328783 17.0 18.005642412124367 1.1360033191608032 1069.54 1087.54 4 17 "Minimization exited successfully."
2005be 45 0.035 459.71789068561367 0.0029830684600083697 -1.7103129032688809 -0.042235024349299835 0.0 0.07572744159409694 2.6275013001090156e-05 0.01911890203792492 0.005774221938142432 690.3041129054055 41.0 16.816253363459538 1.4261058804288496 467.89 491.77 0 45 "Minimization exited successfully."
2006fw 25 0.0835 1004.2273081663296 0.0003795902964654155 -0.47130673262693745 0.16348597771566162 0.0 0.11559393739435109 2.100524386448626e-06 0.09367089268431916 0.005918894625135212 851.7419172057623 21.0 19.05258344442206 1.134048718065987 1001.75 1039.73 5 20 "Minimization exited successfully."
2007ax 40 0.0069 1186.3972675257146 0.003957670423381511 -2.018181669551861 0.8436229931013515 0.0 0.05202986183394387 1.7742317740360224e-05 0.03557318844364115 0.005896872235829605 11193.975160108614 36.0 16.47137210312414 1.4068027746160823 1185.56 1246.46 4 36 "Minimization exited successfully."
2007jg 57 0.0371 1367.1203492583845 0.0014594790806299297 -0.6903256632948421 0.2401736749762182 0.0 0.04580166163191279 4.080047005450741e-06 0.041687898384916725 0.004115863497787496 1803.4239960751006 53.0 17.588832250761698 1.172475554379126 1363.82 1423.7 12 45 "Minimization exited successfully."
2007af 102 0.0055 1174.924735297654 0.08146039616128663 -0.5716135920130401 0.10617160897584689 0.0 0.012763531866767153 0.0001897205819180441 0.014465157841770746 0.002149136511171935 269017.80286076793 98.0 13.224400512233945 1.1577754471900406 1165.8 1256.69 22 80 "Minimization exited successfully."
2008cc 81 0.0104 1578.2601797442187 0.01915747992687203 -1.684160853400597 0.2986636579911854 0.0 7.028992854429816e-06 3.9581135548150435e-05 0.012014008427960486 0.0023466107118985747 160522.30348144253 77.0 14.792259569104933 1.3858951453738388 1582.86 1654.86 0 81 "Covariance may not be accurate."
2006ef 36 0.0179 970.691133095787 0.01019222761949576 -1.5738370189870914 0.038501825081987295 0.0 0.061128630761800196 7.60720979099545e-05 0.01985852676609065 0.004990382471361752 32751.849441359114 32.0 15.482132827048982 1.3844558757475696 979.9 1040.71 0 36 "Minimization exited successfully."
2007nq 75 0.045 1398.784806460913 0.0016956403576130893 -1.992224057150974 0.055364278985946 0.0 0.061118108332607335 7.94075456998727e-06 0.028919583869166526 0.005873540020024882 5211.390882835427 71.0 17.429548880835853 1.4893017912332915 1397.65 1476.56 4 71 "Minimization exited successfully."
2008bq 64 0.034 1563.9431661945646 0.0025607043769374444 0.4162454532906067 0.19847262602741464 0.0 0.05604275608880016 5.759014156608798e-06 0.03214757757108169 0.002650420189678911 659.838407919156 60.0 16.978709238135313 0.9679126018610482 1562.49 1606.46 4 60 "Minimization exited successfully."
2008hv 93 0.0126 1817.5944076158792 0.019976646584098385 -1.208432372226765 -0.05608428866851226 0.0 0.006070777236573122 3.577453511334281e-05 0.008970221431818423 0.0018724141005964491 89732.09746383983 89.0 14.751316479816069 1.3063015476848427 1806.79 1884.68 19 74 "Minimization exited successfully."
2009I 18 0.0262 1852.5963080576053 0.0007559182746355887 1.5158967199509619 0.7899300606418089 0.0 0.11419992581568295 5.007270645530504e-06 0.1359618203702663 0.010235924349815325 127.94157674018561 14.0 18.270675996104274 0.7638922692579833 1848.58 1867.58 4 14 "Minimization exited successfully."
2004gc 80 0.0321 326.2259572610765 0.0016656459855361526 -0.7705967846471672 0.3884450365208958 0.0 0.09680790367195868 1.1128380081167278e-05 0.02461725319759985 0.005505862924123057 12166.74027448613 76.0 17.4404293749298 1.1777244922859254 329.83 397.66 0 80 "Minimization exited successfully."
2005lu 49 0.032 713.9400143447291 0.0017675203713684155 0.8286054964132876 0.3268291709343069 0.0 5.746802571593435e-07 1.3574244966034807e-05 0.06738689244312575 0.008758864189011534 3973.163969930054 45.0 17.377229162248153 0.8919263638560118 720.63 799.52 0 49 "Covariance may not be accurate."
2007al 48 0.0122 1162.9503420150093 0.002962282378798717 -2.152129938609544 0.4234468720190502 0.0 5.8246839444109355e-05 2.1623728515089796e-05 0.0327009191129057 0.007810687270021089 7685.341944783662 44.0 16.81442975344604 1.4902747115474604 1170.77 1246.58 0 48 "Minimization exited successfully."
2005gj 81 0.0616 712.4900028944755 0.0005253930229066927 17.26565960459737 0.9521085454987573 0.0 8.695678843650967e-09 4.8374636083863325e-06 0.20969376875741372 0.007359668346781265 68148.19422896515 77.0 17.919310921974507 0.45258768208089606 698.7 795.54 16 65 "Minimization exited successfully."
2008bz 44 0.0603 1580.3273637286927 0.0010141709561331557 -0.4921141946709666 0.042732622231705014 0.0 0.14280206007015295 6.253091525244635e-06 0.06973280269107976 0.006292183244491972 2530.9937266783477 40.0 17.986974011540852 1.1459319127221548 1580.72 1651.52 0 44 "Minimization exited successfully."
2007bc 47 0.0208 1200.7311739253607 0.007320908584452758 -1.081674842187988 0.04514685622469611 0.0 0.03341730770114282 1.4741326620676464e-05 0.019849463941629175 0.003090620833990799 11648.53934039672 43.0 15.84113509885558 1.269711970079177 1197.65 1259.53 8 39 "Minimization exited successfully."
2008fr 68 0.0397 1737.6450732664068 0.002230366206662122 -0.0681182284044507 0.14473021930759478 0.0 3.884426064360014e-06 8.39512078804955e-06 0.027740158459041292 0.0049139708054209115 19395.95007735028 64.0 17.130001195253737 1.0580092512939245 1740.72 1807.57 0 68 "Minimization exited successfully."
