pipeline_outputs/csp/salt2_2.4_5param_red.ecsv
# %ECSV 0.9
# ---
# datatype:
# - {name: cid, datatype: string}
# - {name: num_points, datatype: int64}
# - {name: z, datatype: float64}
# - {name: t0, datatype: float64}
# - {name: x0, datatype: float64}
# - {name: x1, datatype: float64}
# - {name: c, datatype: float64}
# - {name: z_err, datatype: float64}
# - {name: t0_err, datatype: float64}
# - {name: x0_err, datatype: float64}
# - {name: x1_err, datatype: float64}
# - {name: c_err, datatype: float64}
# - {name: chi, datatype: float64}
# - {name: dof, datatype: float64}
# - {name: b_max, datatype: float64}
# - {name: delta_15, datatype: float64}
# - {name: tmin, datatype: float64}
# - {name: tmax, datatype: float64}
# - {name: pre_max, datatype: int64}
# - {name: post_max, datatype: int64}
# - {name: message, datatype: string}
# meta: !!omap
# - bounds:
#     z: [0.002, 0.085]
# - {warn: false}
# schema: astropy-2.0
cid num_points z t0 x0 x1 c z_err t0_err x0_err x1_err c_err chi dof b_max delta_15 tmin tmax pre_max post_max message
[from data line 50]
2005ke 222 0.002000000006064768 700.5320466695281 0.015512736021380933 -2.187613023399711 0.5329419056268726 6.4898083527843795e-06 0.01000328610325596 0.00016778062531126 0.009046225717173497 0.006726679268129423 257725.53364937258 69.0 15.011213631862049 1.4863083843757927 689.69 819.51 41 181 "Minimization exited successfully."
2007cg 23 0.05154603399847734 1228.0127281887653 0.0007434988102325317 1.2738196466712879 0.6350882737871782 0.00421126457290532 0.2377490273853482 4.381487014242173e-05 0.1337008850657505 0.04176067390600943 11.200297271926445 9.0 18.30097596954327 0.8075102353158847 1235.63 1259.59 0 23 "Minimization exited successfully."
2004gu 68 0.040505927875089484 363.1831456142211 0.00196092297207497 1.1838197304568951 0.023908888962727564 0.003761859091373953 0.09607462461926275 3.458212595833009e-05 0.05249680444187362 0.0173416855803039 238.32621435318399 52.0 17.269889171082703 0.8444177872248844 357.86 410.84 6 62 "Minimization exited successfully."
2007jd 17 0.05007744641971042 1364.5366973602693 0.0001288164573260023 -1.7017136738793734 0.7841468317039461 0.012183268075136696 0.5189210802097932 1.8446566685219853e-05 0.24786581383488318 0.08349474099987243 23.697780522386687 9.0 20.195084871359853 1.3403253194827016 1362.83 1409.83 2 15 "Covariance may not be accurate. Covariance not positive definite. Covariance forced positive definite."
2007hx 14 0.03854923828702679 1359.8026179024123 0.00029436358933512396 -0.7308840900821196 0.24999149387614247 0.05770185706949782 90.36001899427743 1.0004367596651915 1.0163056732144604 1.0000009999995 68.39637985958049 6.0 19.32688025036282 1.1799750998968506 1354.78 1411.73 3 11 "Covariance may not be accurate."
2008ha 56 0.0020000000031035713 1787.271322653344 0.0001275354362269343 -0.6733865520040383 1.6665226015031085 0.00018024563333312238 0.06679643389850298 3.6630534885467754e-06 0.0954298474225612 0.018578832882368144 5244.297569979432 31.0 20.08694608306277 1.0592255853231158 1781.55 1810.55 15 41 "Minimization exited successfully."
2005hj 52 0.06505966846195525 675.6237246008656 0.001496859005771842 1.2237005419104436 -0.10632015621128801 0.0026675958946914234 0.12172041226773445 3.852961665262083e-05 0.08088823021355053 0.020443892288189908 3503.6909395062676 27.0 17.56254898312712 0.8420884781388267 671.67 761.57 11 41 "Minimization exited successfully."
2005hk 156 0.0021232274815600805 698.4643962707808 0.008679358078258887 -0.11402669010942906 0.07498795530356 2.4607601887150637e-09 48.49656354140558 2.9650152437263256e-06 4.269851778964542e-06 2.948319388869486e-05 296610.8037590116 43.0 15.655590333318978 1.0705197035318772 675.61 761.54 70 86 "Covariance may not be accurate. Covariance not positive definite. Covariance forced positive definite."
2005ir 13 0.04281200854900456 688.389569974824 0.00023003002678546986 0.19066141144511156 0.699551572989003 0.05880049879543865 91.11252564170422 1.0000466527254535 1.0047718115042872 1.0000009999995 55.89009720464074 8.0 19.57112752965748 0.9804033286289098 682.62 740.53 3 10 "Covariance may not be accurate."
2005bl 23 0.03398729553257146 485.1512861000759 0.0007974603551101395 -5.422409357451736 0.383001117563997 0.0010984055566856318 0.030321829796463362 3.53222692624324e-05 0.09612885307301483 0.029573897719566394 895.218812041145 18.0 18.241935144791267 3.153444014293232 476.61 512.57 15 8 "Minimization exited successfully."
2005M 172 0.04829582483461258 407.15768955268544 0.006519377201502862 0.8952801606781643 0.03265246524949419 4.768560197439264e-07 9.530405691293709e-07 4.6851520145234415e-05 0.017333564950056023 0.004872656058869079 92722.06050000415 106.0 15.965781680725266 0.8925796188370132 397.73 480.51 31 141 "Covariance may not be accurate."
2008bf 83 0.02921985055725891 1555.1103965619502 0.008194973294508386 0.5759929678405382 -0.0728465326305693 0.05461199000666406 0.004958485618317354 1.0005559353171194 1.0007455502570044 1.0005574442227483 20716.545160928486 49.0 15.717539023703175 0.9519765316497448 1546.79 1646.49 27 56 "Covariance may not be accurate."
2006eq 62 0.0020000000006692564 974.6241161451366 0.0005914387307367015 -2.0612745899336424 0.43983428570337707 0.0009562036361694833 0.1285659298775954 2.4963811840276846e-05 0.04320468113929889 0.026200600650324424 1085.4927313946682 24.0 18.5629325152981 1.4647790267162009 980.56 1029.51 0 62 "Minimization exited successfully."
2009aa 150 0.0469496867082189 1878.7507220874472 0.004515859455472181 -0.6134730723378542 0.013623535020294245 0.0018259701586073943 0.017482545867096633 7.231650105331906e-05 0.019135019245778612 0.013486068710511457 8044.19871970934 39.0 16.365571617366186 1.172390235605512 1868.77 1956.66 36 114 "Minimization exited successfully."
2008hj 65 0.01334511821588403 1802.4370288682978 0.0031701514440718647 0.4528313841190113 0.01697069119625168 0.0018490780218454322 0.04179106396145471 4.4117467110866423e-05 0.03999040812768336 0.010118840513517984 289.9992659385289 27.0 16.74902099202058 0.9698627151527752 1794.58 1834.55 21 44 "Minimization exited successfully."
2006ax 146 0.00200001172370285 828.1445943469479 0.012454146818728995 0.49119843728533286 0.09540161133436999 0.00012127657021330997 0.014494421838321614 0.00012531883967278112 0.0137872462552658 0.006260439745762964 41193.382962664924 40.0 15.262905656191986 0.959579723739008 815.64 891.5 31 115 "Minimization exited successfully."
2009D 93 0.0406655928265241 1841.8043515642885 0.00721120245200517 0.7327422006088017 0.02380783684164562 0.001090947597826672 0.0323478424586483 5.95456825754665e-05 0.018161446723705066 0.006750964181352044 179.18056129706522 37.0 15.856454098162606 0.920705004372353 1834.67 1890.52 30 63 "Minimization exited successfully."
2008gl 87 0.03937312950089032 1768.2033624859523 0.003384156911391235 -1.2547303562972802 -0.05567353739220423 0.0020054507662761213 0.05621741288086923 4.568701992390791e-05 0.02322797656855822 0.01129118465087966 15641.431390754424 39.0 16.679021030843614 1.3169377299992568 1765.7 1844.55 10 77 "Minimization exited successfully."
2008cd 9 0.013609018186534837 1581.68887907811 0.0002597436406153262 -2.3127680571055556 1.9925676482005403 0.005870850416009892 0.34471811361811433 4.298794986084268e-05 0.7549397656083893 0.10581374148168957 12.13384209290448 4.0 19.250264352197675 1.3261423350343193 1587.74 1595.73 0 9 "Minimization exited successfully."
2007A 49 0.004095033665969819 1113.5604232151136 0.005366589493072377 1.208957944600093 0.4499592572693116 0.004145679132679112 0.07383641438127597 0.00011028520138341491 0.07799813517438314 0.012462906232254878 99.24343808234579 13.0 16.165860086978267 0.8249096618801595 1107.53 1133.53 18 31 "Minimization exited successfully."
2008ar 70 0.009818723619515088 1535.5289842987695 0.004985992154378091 -0.024167703011019233 0.07820275468409156 0.0038077806200161094 0.04492229591767227 8.035303541414091e-05 0.02517334163430151 0.012486946894735507 10778.04524956582 31.0 16.257345148557693 1.0534796046747843 1527.79 1627.59 7 63 "Minimization exited successfully."
2006X 188 0.028106651736846143 787.2977126068292 0.016785000668230275 -0.21842803377642175 0.9512212145178454 1.3571061135524143e-06 5.4160476963716064e-05 1.6890757464899095e-05 0.008250227906932568 0.0005180071006334388 466443.37546825386 62.0 14.891103652136536 1.0344476282945614 775.68 891.59 38 150 "Covariance may not be accurate."
2006ej 21 0.05005990894840964 974.9505876328016 0.010641822340139509 -1.3379956633118593 -0.22261939770079034 0.0028253305114037328 0.24006252925767058 0.0002797971613997363 0.05256952232408744 0.021124103292642245 48.57438800126785 6.0 15.432897910612608 1.3501481866132945 980.72 1018.7 0 21 "Minimization exited successfully."
2005eq 112 0.043731514042238066 655.5635756301833 0.004292312892260319 1.0864533903281555 0.03991958899864564 8.017964500672825e-08 6.884892457037495e-06 4.966067553963271e-05 0.026622723569194796 0.007989868939845528 31123.786817642074 49.0 16.419351880720534 0.8601093166195639 647.8 751.66 8 104 "Minimization exited successfully."
2008gg 102 0.03221982540349418 1752.079160218231 0.004767628560869416 0.724185881185274 -0.08265886572533747 2.9980708887711316e-11 2.7907844923902303e-09 2.1105579246226565e-05 0.014612489394151548 0.0032236598817244272 47908.63325913553 47.0 16.30545203413758 0.9264304744350014 1753.63 1827.57 0 102 "Minimization exited successfully."
2004ey 102 0.0020000005785973172 305.00622484830683 0.012180340170402645 0.42322558221548745 0.17322077856669157 0.00041362854120198045 0.016423210585912784 8.323267366739648e-05 0.010924193556000978 0.004341844041383777 702.9957975839218 59.0 15.285959695874254 0.9678897279899559 295.53 358.55 24 78 "Minimization exited successfully."
2010ae 52 0.08499999999786738 2251.477519739763 0.00035156739253046023 0.42064590221943704 1.536312578187598 0.004672219294033456 1.8222729785802585 6.111415232148207e-05 0.40853567146223024 0.11345406037709879 1.093372948841843e-05 -1.0 19.00782225237056 0.894591666048008 2258.59 2305.53 0 52 "Minimization exited successfully."
2007ux 88 0.05021651274347626 1463.1708867156517 0.0018147924471540206 -2.2626365993353326 0.1773190107228048 0.0011735151932542771 0.061600548848446124 3.186990528168966e-05 0.025005218590054955 0.012576023417131233 3322.8348150626425 28.0 17.35435850075319 1.5497476976763487 1466.82 1554.65 0 88 "Minimization exited successfully."
2005W 40 0.0542553161683923 412.2224657809054 0.040486223255174925 -1.5651179281786185 -0.11144688809651353 0.0017316805179546646 0.0344089199103621 0.0007084106781639079 0.0826665555596972 0.015137100532034115 184.41812695263394 35.0 13.984088371617878 1.3961411899584242 404.54 429.51 13 27 "Minimization exited successfully."
2007on 204 0.002000000019524104 1420.6967925576082 0.06792867747326654 -1.7727443442739095 0.25567907702847015 1.8564450410378693e-05 0.017186294913017264 0.0009096703834657831 0.010135514926645356 0.009071928698519518 133842.48171941197 44.0 13.419281688296278 1.4118918149332398 1410.73 1508.61 21 183 "Minimization exited successfully."
2005ku 17 0.04719049337737143 699.9195475610193 0.0016933921174502496 -0.44909273215169204 -0.025601187948950586 0.007452202462616967 0.25524478527125893 8.850329799609155e-05 0.17563211068194487 0.04476110079327578 26.38384770628621 9.0 17.430435795535484 1.141577570555473 699.56 739.53 2 15 "Minimization exited successfully."
2008fu 58 0.0022390283412080767 1733.6583423453167 0.0012245224211720367 -1.389555666653981 0.1083951375612623 4.804003615303549e-07 3.5708920904653496e-05 5.08308950409056e-05 0.04605618887053627 0.026907494796109592 1937.074252781877 31.0 17.782226426361703 1.334210910677264 1737.84 1817.67 0 58 "Covariance may not be accurate."
2007bd 66 0.04646923342985889 1207.1367415479324 0.004185427214802422 -0.9931978618320164 -0.13661461820583032 2.9257709050975467e-07 8.888323691280675e-06 6.964875043482631e-05 0.029265372057574894 0.011885635946847434 617.85371520942 19.0 16.447425683401583 1.2638204276974996 1197.53 1259.46 22 44 "Minimization exited successfully."
2006is 80 0.03067315575704397 1009.6371731261861 0.007222668754048218 1.4320834389013075 -0.2619526878349173 0.0008926126056867795 0.0832687867807067 9.36226511144693e-05 0.02378335926464758 0.008315567203771697 85781.2762725014 46.0 15.850620875317334 0.8118487925311815 1009.86 1125.67 0 80 "Minimization exited successfully."
2008bc 101 0.05587011527536446 1549.9462716587307 0.011638481660544858 0.5500918720484048 -0.04680283264500708 0.0010953308190400184 0.04000769549918459 0.00014261128846399762 0.01940198543053618 0.010056592065797329 28419.46881218677 33.0 15.336836780127108 0.9554495674810006 1542.56 1646.46 27 74 "Minimization exited successfully."
2007mm 17 0.024260541680529574 1393.7494878401826 0.00012374119463086524 -3.960135488317473 0.7186284790685051 0.0037506874197693572 0.09881905765280408 1.3430896637285151e-05 0.22821471155720033 0.07714122827920178 665.1461812647857 12.0 20.24493045361972 2.028895835248388 1385.72 1418.69 4 13 "Minimization exited successfully."
2008C 73 0.05582332181065313 1468.7911611348002 0.008184748434109065 -0.9390345157338361 0.0352621365203575 6.478998728735863e-07 0.0001163365153615814 0.00016633473702153822 0.05428329751809647 0.014290658398343472 11649.627791690935 33.0 15.720011721299269 1.2393065845349227 1469.81 1552.5 0 73 "Covariance may not be accurate."
2004dt 88 0.08499999975375984 252.9739695008758 0.006730105718975551 -0.2715962670453228 0.18295006271284625 4.138636414595387e-06 0.041503044177332526 3.497813994804913e-05 0.011084540947214628 0.0034969876967500674 127175.10239338131 83.0 15.930336813333179 1.0941316158020964 249.79 365.62 8 80 "Minimization exited successfully."
2006br 41 0.010299823844006106 851.4796334274926 0.00040702896161781536 -0.8356577852712028 0.9030508264651987 0.005986232466629271 0.1413445789583534 2.130177438314201e-05 0.0758422058991403 0.03868847680304222 102.06349578944221 15.0 18.934629678908813 1.1499284284930802 855.66 891.66 0 41 "Minimization exited successfully."
2005ag 41 0.04377946433671788 416.61120295875213 0.0005926688772504642 0.2827473969052726 0.1285761170357467 7.524171365368149e-07 2.9530084162843195e-05 0.00011944738366715658 0.06520983203254412 0.11618675345555791 1124.139357375344 31.0 18.568911758625248 0.9948817166503332 412.82 479.84 4 37 "Covariance may not be accurate."
2007sr 156 0.01753475631156341 1449.3966179006143 0.13807788524592055 0.17367883210293933 -0.01512846624891429 0.0006628496692501484 0.04439394157486731 0.0012580876233963402 0.012561879917551293 0.005382920589739261 464619.611221919 53.0 12.651637229665232 1.0216904948702812 1454.84 1955.57 0 156 "Minimization exited successfully."
2009ad 80 0.022344061306974264 1887.1479298054662 0.003411707749035703 0.3309900241070908 0.23325308498751535 0.002266066927526178 0.02874730833320882 4.937936185343578e-05 0.033810459719915927 0.011654908338373205 121.81120886517029 19.0 16.66643532965597 0.9811655707228937 1878.6 1921.53 16 64 "Minimization exited successfully."
2006et 151 0.0341637243482463 995.0288288671952 0.0064208829972790425 0.687100621995853 0.18633105663345823 0.0011805121455317584 0.026605660855068436 6.785567978944249e-05 0.019106565233789306 0.007941733262044158 44346.36512294214 41.0 15.980653972997498 0.921736970049924 982.63 1099.54 27 124 "Minimization exited successfully."
2009P 46 0.002000015115494104 1868.9335283390656 0.0027979912004043065 1.2772140659567095 0.3028631875018715 0.0004081177279064213 0.12013859968760698 6.136285238377274e-05 0.04949549936123885 0.014580174795878614 3538.6045124354723 24.0 16.87887560285208 0.8193035713138883 1867.74 1931.61 6 40 "Minimization exited successfully."
2004ef 111 0.04656100376507629 264.9104418260174 0.003386323548672895 -1.5911163517251072 -0.07185191181753398 0.0006212295292854844 0.009816564246705184 2.5984499162831146e-05 0.010737789313895383 0.00589062842230904 19146.28960557332 89.0 16.67838789706017 1.3989808667700636 255.69 329.57 20 91 "Minimization exited successfully."
2006os 66 0.04241003722772865 1069.4895652643695 0.0010249627170247947 -1.2048298205357204 0.3705382608032925 1.6220039592701463e-07 1.30779653773061e-08 2.0548047409383487e-05 0.03630360457658588 0.014039954179539781 2756.749668774103 26.0 17.968557305817 1.2696009624000908 1063.65 1133.56 14 52 "Minimization exited successfully."
2008bi 48 0.0020000000000576757 1533.9064579838614 0.0032312730161409226 -2.408576265527119 0.5767901259369639 0.00031050285603345966 0.09276600834130022 0.00012082248733250899 0.024387816024080793 0.023248683400835773 1513.3887459904968 26.0 16.71199647843893 1.5393125854334784 1551.52 1628.47 0 48 "Minimization exited successfully."
