pipeline_outputs/csp/salt2_2.4_5param_all.ecsv
# %ECSV 0.9
# ---
# datatype:
# - {name: cid, datatype: string}
# - {name: num_points, datatype: int64}
# - {name: z, datatype: float64}
# - {name: t0, datatype: float64}
# - {name: x0, datatype: float64}
# - {name: x1, datatype: float64}
# - {name: c, datatype: float64}
# - {name: z_err, datatype: float64}
# - {name: t0_err, datatype: float64}
# - {name: x0_err, datatype: float64}
# - {name: x1_err, datatype: float64}
# - {name: c_err, datatype: float64}
# - {name: chi, datatype: float64}
# - {name: dof, datatype: float64}
# - {name: b_max, datatype: float64}
# - {name: delta_15, datatype: float64}
# - {name: tmin, datatype: float64}
# - {name: tmax, datatype: float64}
# - {name: pre_max, datatype: int64}
# - {name: post_max, datatype: int64}
# - {name: message, datatype: string}
# meta: !!omap
# - bounds:
#     z: [0.002, 0.085]
# - {warn: false}
# schema: astropy-2.0
cid num_points z t0 x0 x1 c z_err t0_err x0_err x1_err c_err chi dof b_max delta_15 tmin tmax pre_max post_max message
[from data line 52]
2004gu 156 0.03250455686764064 363.1166347093897 0.0016705855215450442 1.2271824446746205 0.15276297893681423 0.0011079783632162998 0.04455786680085794 4.911702653426822e-06 0.02693009825306323 0.0032540679472704533 1131.6124906641712 140.0 17.442563901467327 0.8327815781833756 357.86 410.84 14 142 "Minimization exited successfully."
2007jd 70 0.019875360063560138 1362.0038270803689 0.0003475073171249123 -1.2508180899206205 0.2773364855745933 0.0023414142225827717 0.2255065840657835 3.449823078218268e-06 0.08780773637018799 0.00829541775465084 432.97951597650876 55.0 19.146162790329058 1.2878322102399764 1362.83 1409.83 0 70 "Minimization exited successfully."
2007hx 65 0.002000002533642607 1355.8626705088966 0.0002867882931271759 -0.7470060593888038 0.33707335966440405 0.0007315505061384854 0.12617469917063318 2.153420435715395e-06 0.08393500103767713 0.006896071210463486 660.114381702665 47.0 19.352461547432473 1.1768380097789013 1354.78 1411.73 8 57 "Minimization exited successfully."
2008ha 106 0.002000001417259157 1770.5051706922334 0.00240391474552773 -2.0508913496896746 0.1699076280627656 2.070304778028706e-05 0.05977775087421833 1.8058886658366844e-05 0.020399723851602682 0.0045477962418781406 8709.95977047817 81.0 17.049186621686008 1.4925833514655515 1781.55 1810.55 0 106 "Minimization exited successfully."
2005hj 102 0.0728220918120209 675.988897804896 0.0012139965249633891 1.3651874355473488 0.026147117597876204 4.076580080447645e-09 6.100383984630753e-07 3.7011517030238085e-06 0.043237168079568844 0.002998060664005829 5858.779755534701 77.0 17.790288420693376 0.814275042375602 671.67 761.57 25 77 "Minimization exited successfully."
2005hk 245 0.0627666550029308 686.4225124075888 0.006438703603246548 -0.3305753673709431 0.35409909953498275 4.82846347495125e-07 4.1895152151028014e-05 9.617482436755993e-06 0.009971744175418995 0.001215731701673089 212603.4378663064 132.0 15.97350638027452 1.094600361317374 675.61 761.54 58 187 "Minimization exited successfully."
2005ir 65 0.06416549894571763 685.8661980532363 0.0006586962720743356 0.6285586604529164 0.0835851485248634 0.004417420302182257 0.0987724595440227 3.5193123926294814e-06 0.07855228989036431 0.011255639980613269 430.5482335072705 60.0 18.45448332618802 0.9361951301235933 682.62 740.53 18 47 "Minimization exited successfully."
2005bl 64 0.08002200403132226 483.07227194706184 0.0006701687464991928 -5.169460774777859 0.39986489555750976 0.0008325730222362923 0.01784341210236562 3.2057189440083845e-06 0.05905974523031201 0.004485220225029107 8866.63928529545 59.0 18.42998851831463 2.8787669093768393 476.61 512.57 35 29 "Minimization exited successfully."
2005M 381 0.049589513756492884 407.09054606095964 0.006563784538004807 1.2021031963525346 0.02065794350166392 1.3144635082479317e-07 6.016670312192218e-06 6.705396102177847e-06 0.01196824995259657 0.0006672603980293006 205270.32912873628 315.0 15.958144362465667 0.8414848677279316 396.77 480.51 69 312 "Minimization exited successfully."
2008bf 184 0.01336592116930463 1555.4340145522801 0.00791684643984488 0.5222912278225043 -0.0062766926940781105 0.0004891237192602982 0.01472937118091977 1.4138914296493074e-05 0.01472345029458969 0.0016510754755995065 83281.49893328795 150.0 15.755310601984851 0.9586140123898677 1546.79 1646.49 43 141 "Minimization exited successfully."
2006eq 98 0.07071127873299496 975.9746284909602 0.0007047485088360495 -2.043098245782994 0.18012851138493027 1.2935955345239059e-06 6.827344486737275e-05 5.511341286482599e-06 0.03219615285974556 0.006031534341663933 618.8557597609602 60.0 18.381202766322666 1.489374372386152 980.56 1029.51 0 98 "Covariance may not be accurate."
2009aa 232 0.056082609515003094 1879.1300970143968 0.004645552931562319 -0.5432765910931696 -0.02410940051339053 0.0006928982005372508 0.012091385787016407 6.02062672650637e-06 0.012122265248916311 0.0014949425498349536 15818.19982527744 121.0 16.334793043315983 1.1605021844370924 1868.77 1956.66 66 166 "Minimization exited successfully."
2008hj 127 0.024409716987679055 1802.2476562090344 0.0029391440524220683 0.29362702058682905 0.051254074829498335 0.0007708516946523976 0.018518450516808116 5.315110504798774e-06 0.021496098818041556 0.0018676722494967396 1502.0390949554308 89.0 16.831148995721012 0.9966831549028292 1794.58 1834.55 37 90 "Minimization exited successfully."
2006ax 236 0.011222659392690442 828.0754890436508 0.013922815606027782 0.1666084958000065 0.01308213391481563 0.0003666477563345578 0.008471321825936684 2.236589890276864e-05 0.009388829177715071 0.0014737954716621375 90926.22197636895 130.0 15.142622588754994 1.0215943548955604 815.64 891.5 55 181 "Minimization exited successfully."
2009D 176 0.02592744318688376 1841.8524558298957 0.007221367532477111 0.6730416538855231 0.058784832363479214 0.00045981295981009987 0.014257162243666244 7.974808309254057e-06 0.010955383463582114 0.001137360724340009 3670.4580583597017 120.0 15.85480750269526 0.9295583592654797 1834.67 1890.52 54 122 "Minimization exited successfully."
2008gl 166 0.04160158899390954 1768.5108566604708 0.002958101939442918 -1.1618881422063931 0.03365243457285398 3.2310383834149164e-05 0.0012573472774874972 4.285961565829009e-06 0.011912778639049342 0.0013200658666988885 19518.790849301637 118.0 16.825107881993386 1.2885104390984665 1765.7 1844.55 18 148 "Covariance may not be accurate. Covariance not positive definite. Covariance forced positive definite."
2008cd 23 0.0020000006434717486 1558.1822184831976 0.00264924815367103 -0.478193118523908 0.9725077326467803 0.0001884540455854651 0.6268357943491765 9.593816272370056e-05 0.11480356941763582 0.011795497892703757 193.83344079188117 18.0 16.89357395284405 1.0783480055862604 1587.74 1595.73 0 23 "Minimization exited successfully."
2007A 76 0.002000001264539333 1113.5975300107339 0.006817067700612738 0.7566081916750137 0.28941144957188836 0.00010262162763969088 0.027988661290351047 2.244795735577969e-05 0.04685405653654583 0.002700836438410708 1309.1251560653927 40.0 15.912949708835127 0.9055458541664105 1107.53 1133.53 29 47 "Minimization exited successfully."
2008ar 132 0.0841512999302644 1538.48281657721 0.004008735830881852 0.6185626829808795 -0.009541862995152181 4.0975388173464244e-07 1.8475900901648856e-05 8.819221797756771e-06 0.01436576703166955 0.0014436476141202338 23443.51031713639 93.0 16.494093105579942 0.9418688446608243 1527.79 1627.59 16 116 "Covariance may not be accurate."
2006X 312 nan nan nan nan nan nan nan nan nan nan nan nan nan nan nan nan 0 0 "result is NaN User function arguments:      z = +0.084784     t0 = +813.937515     x0 = -1106497.605647     x1 = -2722.284530      c = +18923.469760"
2006ej 64 0.024309133343864663 975.8579093874525 0.008324016738168743 -1.3967623498217043 -0.020717043881737736 0.0009579190529130678 0.07812414010459179 5.157777994186697e-05 0.018523045686128184 0.00428267942440074 8511.774867549751 49.0 15.701993043361032 1.3472567061281637 979.74 1046.74 0 64 "Minimization exited successfully."
2005eq 211 0.019573402549175584 655.376025115558 0.004114206379183938 1.1547233264556163 0.12195712883546612 0.0009814721852585973 0.030537574303025394 8.398025895234375e-06 0.020557355222951185 0.0025162443597525177 76888.26732587183 148.0 16.464558254634962 0.8458258102417453 647.8 751.66 12 199 "Minimization exited successfully."
2008gg 198 0.03966631472637793 1751.7070198454169 0.003482837246220048 0.805880372327219 0.135654614348543 3.126619764239058e-07 2.3443124064215226e-07 6.446328045684243e-06 0.013423399726124873 0.0013661669551322643 106213.37050591242 143.0 16.64558652313902 0.9036779001874713 1753.63 1827.57 0 198 "Minimization exited successfully."
2004ey 213 0.01749174258600175 305.03450966293576 0.013340713280141376 0.2448104575757529 0.08183303393475262 0.0004162413615564145 0.008779321159153142 1.1732756909991034e-05 0.007418017640222175 0.0011055735579898395 6058.156078098353 170.0 15.188560412295775 1.0039864464658272 295.53 358.55 55 158 "Minimization exited successfully."
2010ae 57 0.0020000000012099562 2276.0916274450865 0.00018735746899781986 -1.6282468572620663 1.470154627936427 0.00046481536033387183 0.42729353572576656 2.0824743914463585e-05 0.3274399207683907 0.06508296967901982 225.73199472024538 4.0 19.704206850979403 1.2512791965236723 2258.59 2305.53 48 9 "Minimization exited successfully."
2007ux 151 0.03228638629733797 1463.628094383141 0.0019260544900489647 -2.1100383926178528 0.15115581685954912 0.0015215399043666013 0.056229461009820625 1.0350969810171567e-05 0.01962767811768446 0.0049194645609905215 9449.135985358544 91.0 17.29016168115321 1.5106248462967926 1466.82 1558.61 0 151 "Minimization exited successfully."
2005W 117 0.002000000008150181 412.8937244725736 0.027580009965232435 -0.06270772318913452 0.25413759272684733 3.219189604312142e-05 0.017648938750483012 4.838413032112465e-05 0.02827874826176874 0.001476574581690529 1572.2148985596245 112.0 14.397104889996108 1.0508068855806876 404.54 429.51 42 75 "Minimization exited successfully."
2007on 308 0.07109339479682308 1420.5063300478246 0.0921779146878062 -1.8075009339308268 -0.04395644584574861 0.0003018434158174113 0.009032647165213348 0.00011245606917431302 0.007205719130308039 0.0009614321770744761 386414.77179317334 148.0 13.091379496957398 1.4512133512947294 1410.73 1508.61 34 274 "Minimization exited successfully."
2005ku 37 0.05271588078397028 698.8795429472835 0.001345513789250198 0.23664608432952236 0.1572341147738335 0.0038508227599383382 0.2232702022819808 1.360226054898225e-05 0.13813329508965166 0.0110478827974463 163.59646866550872 29.0 17.67831097853495 1.0017020727526038 699.56 739.53 0 37 "Minimization exited successfully."
2008fu 103 0.05740008623645323 1732.6460449462595 0.0014609823709605017 -1.4648935034892725 -0.09715231083774843 0.0017583780435757798 0.12532170193105685 1.9612253686575417e-05 0.03965915546067029 0.00786722435433566 3010.982915116485 76.0 17.590839442216577 1.3702575758350086 1737.84 1817.67 0 103 "Minimization exited successfully."
2007bd 110 nan nan nan nan nan nan nan nan nan nan nan nan nan nan nan nan 0 0 "result is NaN User function arguments:      z = +0.072548     t0 = +1182.275424     x0 = -486192.986192     x1 = -362.768481      c = -175.291630"
2006is 176 0.011103840587534277 1008.7391709426571 0.005121189212829276 1.6158635384575448 0.03674216237788364 0.0006890762231040624 0.05853633551379289 1.5658652276976333e-05 0.018386293553673317 0.0025085906566346856 251119.73702721146 142.0 16.227052564109066 0.7727057152640242 1008.9 1125.67 0 176 "Minimization exited successfully."
2008bc 205 0.002000000033977234 1550.408286024089 0.009098236229840637 0.5542457160458368 0.20896388654022852 7.964486232421445e-05 0.009252693843905035 1.0403163788887847e-05 0.009097397865866025 0.0009359832921057411 83045.65651885419 137.0 15.601876317051106 0.9434877317794861 1541.67 1646.46 54 151 "Minimization exited successfully."
2007mm 39 nan nan nan nan nan nan nan nan nan nan nan nan nan nan nan nan 0 0 "result is NaN User function arguments:      z = +0.042766     t0 = +1432.322121     x0 = -2185867.953675     x1 = +27.927949      c = -907.583201"
2008C 121 0.040898031515180545 1465.535129451077 0.0078566149109145 0.12482745266520702 0.15960242680873757 1.2347387348676797e-10 4.619664650817867e-09 2.528463966465646e-05 0.030662658093304953 0.0027105250509010625 21378.508947605907 81.0 15.762480297978243 1.0217356107410112 1469.81 1552.5 0 121 "Minimization exited successfully."
2004dt 269 nan nan nan nan nan nan nan nan nan nan nan nan nan nan nan nan 0 0 "result is NaN User function arguments:      z = +0.051892     t0 = +240.528256     x0 = -4018392.417171     x1 = +4216.216710      c = -223242.697907"
2006br 64 0.002000041724207299 851.5634938411655 0.0003666138072459931 -0.7640115833038098 0.9819926937059876 0.0021738557013749387 0.1421178942281358 5.594525632197224e-06 0.0663741022095518 0.009091814706464462 167.6733640053609 38.0 19.040059880924357 1.1300930780656628 855.66 891.66 0 64 "Minimization exited successfully."
2005ag 208 0.0733340351649152 415.2973421895047 0.0006213272464469026 0.30427060953499474 0.052276983406860746 0.001448765510462774 0.07280425960203729 1.6146153759088947e-06 0.038595948310036474 0.0036143467979383587 19541.58781780849 194.0 18.518386331229063 0.9947221773364028 412.82 480.84 15 193 "Minimization exited successfully."
2007sr 259 0.003471540809537277 1449.6740808568197 0.11276881632427661 0.11876697825926212 0.15548578640093877 0.00020359574966797916 0.02647873348541907 0.0002495221938875515 0.009420061295334656 0.0014048300083980554 1107958.86127462 156.0 12.870170663519735 1.0230518544224019 1454.84 1955.57 0 259 "Minimization exited successfully."
2009ad 128 0.04725454082648455 1887.318921830784 0.004188708938589548 0.2937846208351557 0.04600916647820358 0.0009514135049005917 0.017227791169830198 6.443527660359642e-06 0.01563247197799531 0.001980605756007279 5293.531973194425 67.0 16.44652995598893 0.996905865972618 1878.6 1921.53 36 92 "Minimization exited successfully."
2006et 236 0.030348054188233026 995.0626486812558 0.006424572720324219 0.7554068639336389 0.19616213801967877 3.2443835475820526e-08 7.882420050009387e-09 1.1207668857645615e-05 0.014764423503652377 0.0013506078181733567 99781.82984810258 126.0 15.979768437074304 0.9097205580779626 982.63 1099.54 42 194 "Minimization exited successfully."
2009P 99 0.002528539118820189 1868.4029637087208 0.0022234976246081864 1.435000582334011 0.4589265679848106 0.0009384388390684096 0.08006676154263914 1.0429873524651741e-05 0.038643030859483875 0.003893912179337028 5392.641149375757 77.0 17.121801710119517 0.7884135012132809 1867.74 1931.61 6 93 "Minimization exited successfully."
2004ef 278 0.030639045550175194 264.7223922369526 0.0025561829176799014 -1.4150845057214834 0.14621511979104734 0.00043133499214366086 0.006291774458105692 2.3151060107971767e-06 0.006305074069428864 0.00102618144481792 36283.46472728994 256.0 16.982648719842533 1.336747178538026 255.69 329.57 59 219 "Minimization exited successfully."
2006os 106 0.04016274127208687 1065.2719565556079 0.0009528976588517434 -0.591373054916655 0.47772308296535726 0.0018618190409552954 0.09529370636562362 6.2198306299017676e-06 0.0447044562130977 0.0054248355012331915 5379.401604839424 66.0 18.042537371923522 1.1358759153894304 1063.65 1133.56 4 102 "Minimization exited successfully."
2008bi 83 0.07636390164602126 1535.920160416959 0.006627292103976868 -2.717280772015823 -0.05282857701553854 0.0009127881983467742 0.06015438812494267 7.178128169755902e-05 0.020755092105172106 0.006078063820949586 3570.938029064273 61.0 15.94992911004562 1.7178633360201268 1551.52 1628.47 0 83 "Minimization exited successfully."
2009le 66 0.01850153254649218 2168.5495483420764 0.011223974523701382 2.8358009223185117 0.1773142098534495 0.0007945246112825502 0.043282785247356514 2.4104320166862767e-05 0.05633065650196803 0.0020920253029966676 1081.2971275563868 49.0 15.370577084622354 0.5569934387080764 2153.53 2169.58 54 12 "Minimization exited successfully."
2005al 238 0.007518882180100435 431.34416078070257 0.015482884358311876 -1.3186068235946335 -0.012086195454048812 0.00029022763527413635 0.022537107892020458 2.0322749969138698e-05 0.00787040390915361 0.001235216725006209 91371.63596824017 205.0 15.028167993642587 1.3281520852377042 429.76 512.79 12 226 "Minimization exited successfully."
