pipeline_outputs/csp/salt2_2.4_4param_all.ecsv
# %ECSV 0.9
# ---
# datatype:
# - {name: cid, datatype: string}
# - {name: num_points, datatype: int64}
# - {name: z, datatype: float64}
# - {name: t0, datatype: float64}
# - {name: x0, datatype: float64}
# - {name: x1, datatype: float64}
# - {name: c, datatype: float64}
# - {name: z_err, datatype: float64}
# - {name: t0_err, datatype: float64}
# - {name: x0_err, datatype: float64}
# - {name: x1_err, datatype: float64}
# - {name: c_err, datatype: float64}
# - {name: chi, datatype: float64}
# - {name: dof, datatype: float64}
# - {name: b_max, datatype: float64}
# - {name: delta_15, datatype: float64}
# - {name: tmin, datatype: float64}
# - {name: tmax, datatype: float64}
# - {name: pre_max, datatype: int64}
# - {name: post_max, datatype: int64}
# - {name: message, datatype: string}
# meta: !!omap
# - {bounds: null}
# - {warn: false}
# schema: astropy-2.0
cid num_points z t0 x0 x1 c z_err t0_err x0_err x1_err c_err chi dof b_max delta_15 tmin tmax pre_max post_max message
[from data line 107]
2005hc 163 0.0459 668.020086434114 0.0018094695138276679 0.9463843673092903 0.04423872446608509 0.0 0.033700626525728694 2.9212718208047886e-06 0.022645897849815667 0.0015584718504831013 40694.61500845986 120.0 17.357318508432765 0.8834901529592685 661.67 755.61 35 128 "Minimization exited successfully."
2009ab 102 0.0112 1883.727193995233 0.011168676763280606 -0.9777613007708689 0.2417652282635087 0.0 0.010077964792799321 1.944473118402143e-05 0.011304145049306888 0.0013939464234491055 6870.217210373926 56.0 15.37942756436393 1.231739745295016 1874.57 1911.51 30 72 "Minimization exited successfully."
2007as 153 0.0176 1181.8013726487432 0.006972261045543922 -0.7514422832269527 0.16903415386743822 0.0 0.031826384030864574 1.311034386738728e-05 0.012672413885291594 0.0013239658155594692 97371.9412951839 99.0 15.8924890241913 1.190016252765611 1175.59 1259.49 17 136 "Minimization exited successfully."
2006hx 70 0.0455 1022.4440244927688 0.001510073743964937 -0.13790523504226365 0.15060642901902596 0.0 0.04072039527670768 1.3002095855743372e-05 0.05220793526503469 0.006585780132211172 1246.8051360495745 45.0 17.553396491517933 1.0707325992850656 1012.66 1080.59 16 54 "Minimization exited successfully."
2008ff 230 0.0193 1721.5485688999927 0.003411332333362956 0.2802925075637398 0.5094915461988409 0.0 1.5705284795330954e-05 5.300206891665381e-06 0.009240523405163003 0.0011446720525709908 255037.7420675787 129.0 16.65558614774376 0.9756894363298514 1724.53 1790.57 0 230 "Minimization exited successfully."
2009ds 92 0.0193 1962.2480538576526 0.009351872325649569 1.6261412165704696 0.1621275843660804 0.0 0.03893362009171142 2.2822287095931493e-05 0.049698164118215676 0.0026521736987884644 900.1253965141327 50.0 15.571843471564362 0.7672817763841149 1954.64 1976.62 29 63 "Minimization exited successfully."
2008O 103 0.0389 1490.903267263748 0.0007023054032813394 -2.0976609106003474 0.421325493241483 0.0 0.06923081438867484 3.2227543604314527e-06 0.03904189157489035 0.0035502550534598962 1898.0482844639619 69.0 18.37725479077282 1.476313515792178 1489.71 1571.48 11 92 "Minimization exited successfully."
2006ot 118 0.0531 1066.9176834729583 0.000925125369623546 -0.08062684544376358 0.27280779866294613 0.0 4.616816875113727e-05 3.523872921581731e-06 0.038891143800583526 0.003561307026043734 6699.753869452268 72.0 18.082573775859967 1.0530263195381906 1063.72 1131.63 21 97 "Minimization exited successfully."
2006py 35 0.0579 1071.5739552807418 0.0009964736436187832 -0.18192425865155593 0.08995435867141328 0.0 0.1258484995797744 5.793453366573641e-06 0.12097334194407469 0.005674601835815251 183.78609814124582 31.0 18.005550292233778 1.0825428334169693 1069.54 1091.54 6 29 "Minimization exited successfully."
2005be 68 0.035 459.95944035104304 0.002971830578643263 -1.8279028805658817 -0.05287944951559535 0.0 0.0407337869775688 1.44802312398491e-05 0.015287586959363534 0.002836202660883509 1171.4420688988002 64.0 16.820358137509167 1.4574233779963741 467.89 491.77 0 68 "Minimization exited successfully."
2006fw 31 0.0835 1004.5983304709782 0.0003783348468020121 -0.6865475288524436 0.19560041041573678 0.0 0.10072444428300287 2.071822953164693e-06 0.0766057352283313 0.00534559161601474 1175.591218458233 27.0 19.05567649435874 1.1748746310280644 1001.75 1039.73 6 25 "Minimization exited successfully."
2007ax 97 0.0069 1173.3882806131448 0.011143185941034226 -1.739343143350947 0.3991827319589564 0.0 0.0356361554340765 5.768804436378785e-05 0.01673608067867257 0.003420500618898752 68537.9214025713 60.0 15.376867007604798 1.3891533629662653 1184.55 1248.47 0 97 "Minimization exited successfully."
2007jg 113 0.0371 1366.7986064757558 0.0014647748815828448 -0.31499891001078284 0.14795208695538298 0.0 0.04581774610630873 3.472359515965835e-06 0.03404667397209772 0.0022924111250724522 4314.98190012618 85.0 17.586615341524833 1.1045862230614674 1363.82 1425.78 25 88 "Minimization exited successfully."
2007af 307 0.0055 1174.9551130041348 0.08014189675830614 -0.4954497254832657 0.13191474687686122 0.0 0.0101016089007544 0.00014169491277913652 0.00894893932345874 0.0011726991455296568 556680.1367236584 153.0 13.241740879604025 1.1408691067147991 1162.76 1257.72 83 224 "Minimization exited successfully."
2008cc 167 0.0104 1578.26003915627 0.019446589720860802 -1.741412336129454 0.26878116901275356 0.0 1.915586494760646e-06 3.0413728723290947e-05 0.008435945582334726 0.0011563251169132494 309110.34455997305 119.0 14.77692588200657 1.4028327371502058 1582.86 1654.86 0 167 "Minimization exited successfully."
2006ef 56 0.0179 970.0309632358232 0.010578633396466558 -1.365225177742812 -0.018164262992422218 0.0 0.04076743107441416 4.59815482726674e-05 0.013902262502807001 0.002144764319968468 61954.02784087432 52.0 15.441740254722703 1.3395881965486538 979.9 1040.71 0 56 "Minimization exited successfully."
2007nq 174 0.045 1398.4014344586976 0.0017336414276556062 -1.8611225457473406 0.01774260982659931 0.0 0.053259412728721145 7.533087464354764e-06 0.02125322342004886 0.0027961491534453852 10942.520693555081 121.0 17.4056042422148 1.4588196804873448 1397.65 1476.56 6 168 "Minimization exited successfully."
2008bq 114 0.034 1563.9379264199563 0.0025670977333892013 0.45562610594649045 0.17422890281593537 0.0 0.038632310612683796 4.95517190505881e-06 0.019847307594674676 0.00138492997474932 1047.5478185384707 92.0 16.9764583680494 0.9621793681353736 1562.49 1606.46 6 108 "Minimization exited successfully."
2008hv 225 0.0126 1817.5549109800631 0.020083625318764446 -1.2567061084086386 -0.04944265019571314 0.0 0.0054312098765194605 3.298650383947083e-05 0.0077896113554135225 0.0012286766522113096 133638.41829731656 137.0 14.745572087326458 1.3168854457450756 1804.8 1912.7 50 175 "Minimization exited successfully."
2009I 55 0.0262 1823.8280612884919 0.004878096817018924 1.3724556468962332 -0.026654072254718424 0.0 0.09552613993048453 5.913135609864581e-05 0.061830418461360406 0.005285763983433876 6171.047749363726 24.0 16.280221646358946 0.8147489275528059 1846.58 1867.58 0 55 "Minimization exited successfully."
2004gc 134 0.0321 325.7945386850323 0.0017252864391215238 -0.6276822992806351 0.32906448636238406 0.0 0.07840027223861057 9.31744748557374e-06 0.018286053533434213 0.0025606322823021805 27318.474422550884 130.0 17.40443338562884 1.1536317704885484 329.83 397.66 0 134 "Minimization exited successfully."
2005lu 88 0.032 713.9415512737642 0.0018182371513009554 0.7003988355938661 0.26417558199615054 0.0 4.206409766993602e-05 8.885769869061258e-06 0.03311291006288979 0.0034830705282333134 11963.727889283 79.0 17.348616932921143 0.9161034673898136 719.66 799.52 0 88 "Minimization exited successfully."
2007al 120 0.0122 1160.3917337168543 0.004061012157657614 -2.6764797105805216 0.36797243481479974 0.0 0.06572220721170652 3.357373167115983e-05 0.01492413277590999 0.004789684006469039 23850.03941320666 74.0 16.474439012581758 1.6449311282988717 1170.77 1246.58 0 120 "Minimization exited successfully."
2005gj 227 0.0616 712.4900248144863 0.0008200757452905168 8.080591643058096 0.7852224752900145 0.0 3.804079710789665e-06 3.1582125355101658e-06 0.04924936962758431 0.0025266787773935906 146425.4427818973 123.0 17.972670622435786 0.13910189707592835 698.7 1016.76 42 185 "Minimization exited successfully."
2008bz 70 0.0603 1579.4615906415188 0.0010626444540476686 -0.31022544836497334 -0.06088046634347176 0.0 0.10073683446341875 5.373697681734567e-06 0.047784313474827964 0.0031113316637493855 4526.481532103044 66.0 17.93614053416797 1.1160823287142492 1580.72 1651.52 0 70 "Minimization exited successfully."
2007bc 111 0.0208 1200.734076883999 0.007275284512651632 -1.0150661585825145 0.05921811861481024 0.0 0.02845956538169503 1.3255672316179599e-05 0.013884284556292112 0.0016212912947439948 20053.65105720446 73.0 15.847804687965489 1.2539900882999753 1196.65 1259.53 19 92 "Minimization exited successfully."
2008fr 150 0.0397 1737.6471236723455 0.002242512066909438 0.03546441235039668 0.052588406217673966 0.0 2.1884151465201285e-05 6.795546119985749e-06 0.018928542045673586 0.002255244049622039 38887.42050977034 101.0 17.125036438553757 1.0437538040822396 1738.78 1807.57 0 150 "Covariance may not be accurate."
