pipeline_outputs/csp/salt2_2.4_4param_red.ecsv
# %ECSV 0.9
# ---
# datatype:
# - {name: cid, datatype: string}
# - {name: num_points, datatype: int64}
# - {name: z, datatype: float64}
# - {name: t0, datatype: float64}
# - {name: x0, datatype: float64}
# - {name: x1, datatype: float64}
# - {name: c, datatype: float64}
# - {name: z_err, datatype: float64}
# - {name: t0_err, datatype: float64}
# - {name: x0_err, datatype: float64}
# - {name: x1_err, datatype: float64}
# - {name: c_err, datatype: float64}
# - {name: chi, datatype: float64}
# - {name: dof, datatype: float64}
# - {name: b_max, datatype: float64}
# - {name: delta_15, datatype: float64}
# - {name: tmin, datatype: float64}
# - {name: tmax, datatype: float64}
# - {name: pre_max, datatype: int64}
# - {name: post_max, datatype: int64}
# - {name: message, datatype: string}
# meta: !!omap
# - {bounds: null}
# - {warn: false}
# schema: astropy-2.0
cid num_points z t0 x0 x1 c z_err t0_err x0_err x1_err c_err chi dof b_max delta_15 tmin tmax pre_max post_max message
[from data line 53]
2007jd 17 0.0726 1364.4233709716723 2.6849927091128245e-05 -1.9999624946024603 1.6835625927940525 0.0 0.4738242303279776 4.423873794875066e-06 0.24546604653332876 0.09785282074298991 25.643339390690812 10.0 21.7768194062075 1.3015769232928562 1362.83 1409.83 2 15 "Covariance may not be accurate. Covariance not positive definite. Covariance forced positive definite."
2007hx 14 0.0794 1357.7609031445766 5.0904053716450104e-05 -1.0388969549434124 1.2257562012814534 0.0 92.99523632297428 1.1049112761586186 1.1285407276366812 1.0000009999995 35.817647767977164 7.0 21.154607580195353 1.1613448936929842 1354.78 1411.73 1 13 "Covariance may not be accurate."
2008ha 56 0.0046 1787.2407990210947 0.00013054629319813056 -0.7122724427716398 1.6513617828499734 0.0 0.06637887495321593 3.750690341048779e-06 0.09577554382319065 0.01864234293951172 5260.771337959466 32.0 20.06443705030181 1.0669965614333954 1781.55 1810.55 15 41 "Minimization exited successfully."
2005hj 52 0.0574 675.641971536844 0.0014706971696175715 1.1122843896259549 -0.07811629009498311 0.0 0.12130711464664046 3.832175288755481e-05 0.070010968967043 0.018410366268016957 3511.4049303509073 28.0 17.582068069260014 0.8598858901054669 671.67 761.57 13 39 "Minimization exited successfully."
2005hk 156 0.013 688.9106085800627 0.0030079715214458786 0.12956619029089878 0.8982413122323536 0.0 4.50165771326283e-09 2.5712020283763154e-05 0.012128569698804154 0.005595066357930322 102446.8826504968 44.0 16.762761662256224 0.9789242534638518 675.61 761.54 48 108 "Covariance may not be accurate."
2005ir 13 0.0763 686.7155867387007 2.257460527193849e-05 0.32585091889795015 2.0574992957208216 0.0 2.4716971154248313e-05 2.7703133232397752e-06 0.12906097971694422 0.06687939567665926 32.97508255335474 9.0 21.884596309089297 0.8774862570844988 682.62 740.53 3 10 "Covariance may not be accurate."
2005bl 23 0.0241 485.1520972559371 0.0006502858134813491 -5.4815681632718976 0.5295051324567789 0.0 0.029573317135344723 2.6689602758711587e-05 0.0963953790647113 0.026128936580434463 981.2963846618109 19.0 18.456402962703493 3.1079321812998018 476.61 512.57 15 8 "Minimization exited successfully."
2005M 172 0.022 408.47058585604884 0.005948002790496904 0.7687139736108491 0.13827206705856487 0.0 8.863168716288783e-06 4.539385033528891e-05 0.015323145879632212 0.00497221387836264 97427.08059566372 107.0 16.064485630616698 0.9098763562025347 397.73 480.51 33 139 "Minimization exited successfully."
2008bf 83 0.0235 1555.1428860894346 0.008160385542053231 0.6008330371550336 -0.05604441970814529 0.0 0.029382732416365798 0.00010074914569309167 0.022945084579498967 0.00847012999167643 27280.13162614267 50.0 15.722214606883448 0.9469082727108713 1546.79 1646.49 27 56 "Minimization exited successfully."
2006eq 62 0.0495 977.0832864088678 0.0009200081038542941 -2.366650934466081 -0.015770030276900153 0.0 82.69210051647923 1.0000161615490848 1.0012232834465264 1.0000644909271394 885.8906354876078 25.0 18.09375456207637 1.6031417661884504 980.56 1029.51 0 62 "Covariance may not be accurate."
2009aa 150 0.0273 1878.7703939714534 0.003998828512210522 -0.5676525962685518 0.12911513591357152 0.0 0.016439709526252955 4.043869729663374e-05 0.018486060292653057 0.0066765158763678065 8065.12401240291 40.0 16.496637751216994 1.1554542234491159 1868.77 1956.66 38 112 "Minimization exited successfully."
2008hj 65 0.0379 1802.1192578178989 0.0032804756560575396 0.4223338706755021 -0.05631745325133841 0.0 0.0381076906060116 4.397736745595443e-05 0.039522867703240115 0.009397729499149212 335.77451162825696 28.0 16.711790798226765 0.9785557491138199 1794.58 1834.55 21 44 "Minimization exited successfully."
2006ax 146 0.0167 828.1166577285408 0.012361585062839178 0.37734256154408635 0.06625250137784977 0.0 0.015155636750534995 0.00011638390832733717 0.01358460486874835 0.005969118944806442 41499.26706425293 41.0 15.27135393128203 0.9810078556803941 815.64 891.5 31 115 "Minimization exited successfully."
2009D 93 0.025 1841.9800470178461 0.00703496813825134 0.6750464173294118 0.07016550203593216 0.0 0.02942697212506573 5.572226936458371e-05 0.01584181476148975 0.005207365928132896 338.34280888485864 38.0 15.883116690070796 0.9287365340324527 1834.67 1890.52 30 63 "Minimization exited successfully."
2008gl 87 0.034 1768.2833488933768 0.003325729222441487 -1.2531767415648318 -0.03509258472993034 0.0 0.04779080917535339 4.020241634510178e-05 0.022672594993315802 0.008431111189995885 15647.852742153369 40.0 16.69801050656481 1.3148938260663385 1765.7 1844.55 10 77 "Minimization exited successfully."
2008cd 9 0.0074 1555.577657157818 0.007636158391470308 -1.778658104662745 0.5834826943058788 0.0 0.37619315688277766 0.0010598036332294632 0.18850608946732925 0.06513920362637539 22.629047950682832 5.0 15.777562679173712 1.3793407205654589 1587.74 1595.73 0 9 "Minimization exited successfully."
2007A 49 0.0177 1113.3213186726093 0.00519177566040807 1.3202582144431811 0.45626762071004534 0.0 0.05017638430990701 0.00011128472651048292 0.08486990646158839 0.014901211172148866 135.27103095398542 14.0 16.201377747421468 0.806835137818048 1107.53 1133.53 18 31 "Minimization exited successfully."
2008ar 70 0.0261 1535.3947483358227 0.004946186441955232 -0.01708698771902423 0.04398456396789495 0.0 0.036878233867810195 7.256343757217977e-05 0.022862745863480114 0.009440346682989082 10817.06594948966 32.0 16.26627996959572 1.0539990897729332 1527.79 1627.59 7 63 "Minimization exited successfully."
2006X 188 0.0052 788.4401996112997 0.014712203194049582 0.2125615378520693 1.047642173416064 0.0 2.0030950622640376e-06 0.0001309630284898157 0.00954681464841318 0.005465267732430093 479999.6349762768 63.0 15.023348067561171 0.95623879349567 775.68 891.59 44 144 "Minimization exited successfully."
2006ej 21 0.0205 975.5616661240095 0.011393342207492831 -1.366615285489636 -0.20608929011633817 0.0 0.2006662292068313 0.0003119770863270005 0.03554971330335862 0.017217241268994207 71.06245607535739 7.0 15.359172839270542 1.3556973644512738 980.72 1018.7 0 21 "Minimization exited successfully."
2005eq 112 0.029 655.462381283369 0.004091978882508844 1.045366405443729 0.1061408712553989 0.0 0.058660475815258906 5.116265726211768e-05 0.02760065687121523 0.008526714820468377 35933.50804862793 50.0 16.470748983732953 0.8645714256427404 647.8 751.66 8 104 "Minimization exited successfully."
2008gg 102 0.032 1752.0900798404077 0.004767370634348505 0.7210199508798365 -0.08227393084598067 0.0 4.534083700491465e-06 4.882280861659422e-05 0.0181328145585409 0.006934125725719721 47911.68830137233 48.0 16.305516638938144 0.9269659174685891 1753.63 1827.57 0 102 "Minimization exited successfully."
2004ey 102 0.0158 304.8892921830991 0.012187005926034335 0.32952224029483496 0.1465002548006643 0.0 0.016665997517463893 7.944917003206104e-05 0.01081350776945053 0.0042159339298440185 857.9046444041501 60.0 15.285897806763852 0.9856810466980974 295.53 358.55 24 78 "Minimization exited successfully."
2010ae 52 0.0037 2255.3463019254705 6.584108727811583e-05 -0.47801106953870687 2.524414276976687 0.0 6.62158963677939e-05 1.1697809366165046e-05 0.16312258720842088 0.11022377646261669 13.110013476767612 0.0 20.603656769840512 0.9613173525996395 2258.59 2305.53 0 52 "Covariance may not be accurate."
2007ux 88 0.0309 1463.2272859195004 0.001612323067767301 -2.2291598895400013 0.2800106595099782 0.0 0.07103938564046075 2.744369476238497e-05 0.024333740224302545 0.011419007977106422 3526.9148336278463 29.0 17.480267558308874 1.5281126066638429 1466.82 1554.65 0 88 "Minimization exited successfully."
2005W 40 0.0089 412.84655473281566 0.027576201446589173 -0.24001844986105206 0.24130022792889705 0.0 0.03194015883366319 0.0002862160830808382 0.0631390088295506 0.00677532445191268 212.28135308973128 36.0 14.397706724556553 1.0845918889646313 404.54 429.51 15 25 "Minimization exited successfully."
2007on 204 0.0065 1420.6898908291078 0.06596739657963559 -1.800612228907862 0.2654211957059792 0.0 0.017167837764759497 0.0008586070920417562 0.010136750057851016 0.00887808553825019 134077.67099712908 45.0 13.450831393046448 1.4178341285659233 1410.73 1508.61 21 183 "Minimization exited successfully."
2005ku 17 0.0454 699.9525513316562 0.001684760261984685 -0.46191811665186394 -0.01930498751498287 0.0 0.2123151696150103 7.98035302173275e-05 0.16591431076537166 0.0354115366073166 26.44912616577947 10.0 17.436002572081833 1.1437625136652017 699.56 739.53 2 15 "Minimization exited successfully."
2008fu 58 0.052 1732.09627063258 0.001457582825374049 -1.3900056409142894 -0.07365218632333123 0.0 0.1557999138416335 4.7290397073173654e-05 0.052939737831124684 0.021611756446760815 1717.9697710322016 32.0 17.593521904413116 1.3502120356006735 1737.84 1817.67 0 58 "Minimization exited successfully."
2007bd 66 0.0309 1207.0576747326481 0.004047799406163686 -0.996251436201903 -0.08064246518360367 0.0 0.025018470353074918 7.564044272310107e-05 0.029306264632677374 0.012982469083651818 2918.322240463959 20.0 16.484314580414605 1.260398818133737 1197.53 1259.46 22 44 "Minimization exited successfully."
2006is 80 0.031 1009.6295115397851 0.007214357026819007 1.4356403637666397 -0.26196147468717096 0.0 0.08114410107901904 9.020624418193902e-05 0.021945752812498248 0.008298781664146168 85781.41868588257 47.0 15.851866463801974 0.8112519146578823 1009.86 1125.67 0 80 "Minimization exited successfully."
2008bc 101 0.0151 1550.0296191662935 0.009385436206717328 0.5941446082561584 0.16558814862411309 0.0 0.033639576083146494 8.403490093616689e-05 0.016877251227551442 0.005780104383673542 28132.05923297058 34.0 15.568976323850986 0.9385644497887924 1542.56 1646.46 27 74 "Minimization exited successfully."
2007mm 17 0.0664 1393.7477182959292 0.00019954895304973895 -3.7772719926649785 0.37966898420292927 0.0 0.10167848659989431 1.0432988499802e-05 0.1980094628338489 0.0377580075637089 613.3019923319602 13.0 19.745787815056016 2.0355300278835173 1385.72 1418.69 4 13 "Minimization exited successfully."
2008C 73 0.0166 1470.7500069057514 0.00791069576524039 -1.7446158462034427 0.08626721236678507 0.0 3.1624098255633726e-06 0.0001942435130467952 0.06032344447005161 0.01599554714360644 11946.206228617466 34.0 15.756997062810214 1.422025942106906 1469.81 1552.5 4 69 "Minimization exited successfully."
2004dt 88 0.0197 254.08313325981288 0.003345886819440345 -0.6157019418570275 0.7129259612501492 0.0 0.041985659784685936 2.5036235038611873e-05 0.009573942217758633 0.004692692501725897 132280.2017778501 84.0 16.663856787561777 1.123062735137978 249.79 365.62 10 78 "Minimization exited successfully."
2006br 41 0.0246 851.4832577466179 0.0004419793809170066 -0.90264419356235 0.8269986236616391 0.0 0.14033716566501653 1.759178736235554e-05 0.07054938144494341 0.025721524659113742 106.27035488929594 16.0 18.852339902761216 1.1690049575303973 855.66 891.66 0 41 "Minimization exited successfully."
2005ag 41 0.0797 414.81668387446496 0.0006478496616963608 0.6078375893677146 0.007456996018068922 0.0 0.00015453051616987068 4.446897403579665e-05 0.06981643928374595 0.04157602683490049 1118.0697825902323 32.0 18.47292826018164 0.9430271753334019 412.82 479.84 2 39 "Covariance may not be accurate."
2007sr 156 0.0055 1449.4971884316806 0.14538888280291273 0.18879609116241036 -0.017647648719366672 0.0 118.6779228537963 1.0000017310603153 1.000062296330369 1.0000147489390248 464672.49388696044 54.0 12.595605931346306 1.0190411522209324 1454.84 1955.57 0 156 "Minimization exited successfully."
2009ad 80 0.0284 1887.1182032030363 0.0034839404036640233 0.2992455049323269 0.20928931212532756 0.0 0.026076867636902534 4.5107963878397284e-05 0.031219352381869438 0.008593877839357866 124.68015352199484 20.0 16.644281292612746 0.987954521389959 1878.6 1921.53 16 64 "Minimization exited successfully."
2006et 151 0.0226 995.0933422536484 0.006209192405187928 0.7085386481661254 0.22985770252319096 0.0 0.02540219237693009 6.742505192814599e-05 0.019192220154206657 0.007066543276944053 61077.042769270636 42.0 16.01605949374529 0.9162179383735527 982.63 1099.54 27 124 "Minimization exited successfully."
2009P 46 0.0251 1868.3372287615782 0.0027622008802595244 1.2293293442057887 0.2789009521453633 0.0 0.13190526935397884 5.702806356981535e-05 0.051909870884533214 0.014243920859195963 3570.981132852608 25.0 16.89365768906836 0.8279470188839184 1867.74 1931.61 2 44 "Minimization exited successfully."
2004ef 111 0.031 264.9144899309817 0.0030628876271574066 -1.5598603853538968 0.02127144820187572 0.0 0.009633743959170715 2.0597361473316617e-05 0.010375908594988967 0.004503482393272277 19615.247286562888 90.0 16.787537941079094 1.38266191214516 255.69 329.57 20 91 "Minimization exited successfully."
2006os 66 0.0328 1065.6438866317335 0.0008597577828607241 -0.5879296268304042 0.5473726384636052 0.0 0.13928549030822523 1.9775566551582507e-05 0.048191050408448524 0.01639414340195083 3989.5879426073734 27.0 18.150386670561286 1.1301474440594816 1063.65 1133.56 6 60 "Minimization exited successfully."
2008bi 48 0.0134 1533.8419047798282 0.003111687138242867 -2.444253743926372 0.5779045049560267 0.0 0.09239126290412969 0.00010926816876736689 0.02476272866268682 0.022112111661509178 1548.649895999395 27.0 16.752886364469305 1.548872742568392 1551.52 1628.47 0 48 "Minimization exited successfully."
2009le 30 0.0178 2165.6929038636777 0.014800928938721298 -0.6693310119703444 -0.04977975863118288 0.0 0.11035429119965556 0.00028678284765527835 0.15502418792639427 0.013335134398518725 15.765293187268053 14.0 15.076652774739012 1.1881055568830927 2153.53 2169.58 22 8 "Minimization exited successfully."
2005al 98 0.0124 430.6403669856901 0.017243372273498765 -1.2390113364435864 -0.08512778570067464 0.0 0.048593721773812604 0.00015190473660099828 0.011130636006080465 0.005471427696154809 33764.80871467688 66.0 14.910892551535603 1.3156880997592282 429.76 512.79 2 96 "Minimization exited successfully."
2005am 66 0.0079 433.4114711857043 0.055193098586355835 -1.4621131593934453 0.07614260229726824 0.0 0.04520398879589038 0.0004701298724407789 0.00931659342162394 0.005377753461031911 53993.10070211186 40.0 13.647794469153713 1.3541378642616113 433.71 490.46 0 66 "Minimization exited successfully."
2005iq 84 0.034 687.738768117293 0.0031554770295837255 -0.9724337021610399 -0.061847775356708205 0.0 0.04099790415278903 4.764234146864171e-05 0.03279100710693571 0.01043901300905697 3447.5309122531635 35.0 16.75481210956979 1.2537633633556027 682.55 755.55 20 64 "Minimization exited successfully."
2008bd 35 0.0301 1521.421499290119 0.0014520981085657486 -2.342268240496961 0.22055557523786962 0.0 0.19614823479798815 5.804256442845931e-05 0.07009312529255678 0.026232742913930213 928.5498643653588 21.0 17.595540606783498 1.5669545890519352 1541.7 1607.65 0 35 "Minimization exited successfully."
2007S 127 0.0139 1145.3001549990408 0.007200845496293784 0.8242612817052052 0.4662205273935247 0.0 0.025032235254570878 9.340326983790826e-05 0.01894583640627492 0.00828124692133285 60114.274760288914 33.0 15.846244062722723 0.8866351951675373 1132.77 1246.54 30 97 "Minimization exited successfully."
2005bo 18 0.0139 479.21707925826485 0.007303542127940033 -0.8598381020700269 0.3687923079153184 0.0 0.13068702903984786 0.00016731868145316472 0.06647498791369942 0.015510524011364114 24.901893384851604 14.0 15.836393704439669 1.1972825804490164 478.75 512.76 2 16 "Minimization exited successfully."
2006bt 49 0.0322 860.770895091583 0.0013508350513642454 -0.35365782017431785 0.6180150358728588 0.0 0.04099881405323913 1.8619355956748627e-05 0.031886092648130124 0.009208500184728421 2273.346949506383 18.0 17.655258962555095 1.081346015946874 853.76 891.71 15 34 "Minimization exited successfully."
