pipeline_outputs/csp/salt2_2.4_5param_all.ecsv
# %ECSV 0.9
# ---
# datatype:
# - {name: cid, datatype: string}
# - {name: num_points, datatype: int64}
# - {name: z, datatype: float64}
# - {name: t0, datatype: float64}
# - {name: x0, datatype: float64}
# - {name: x1, datatype: float64}
# - {name: c, datatype: float64}
# - {name: z_err, datatype: float64}
# - {name: t0_err, datatype: float64}
# - {name: x0_err, datatype: float64}
# - {name: x1_err, datatype: float64}
# - {name: c_err, datatype: float64}
# - {name: chi, datatype: float64}
# - {name: dof, datatype: float64}
# - {name: b_max, datatype: float64}
# - {name: delta_15, datatype: float64}
# - {name: tmin, datatype: float64}
# - {name: tmax, datatype: float64}
# - {name: pre_max, datatype: int64}
# - {name: post_max, datatype: int64}
# - {name: message, datatype: string}
# meta: !!omap
# - bounds:
#     z: [0.002, 0.085]
# - {warn: false}
# schema: astropy-2.0
cid num_points z t0 x0 x1 c z_err t0_err x0_err x1_err c_err chi dof b_max delta_15 tmin tmax pre_max post_max message
[from data line 100]
2005iq 154 0.030549557728987445 688.109852377745 0.003123757792725719 -0.9686249263262189 -0.04910347390975064 0.0009861272849805217 0.01888930549455381 6.565131028878519e-06 0.020250634988282664 0.002376771316025552 6319.709942408098 104.0 16.765843431234252 1.2519895192188812 682.55 755.55 36 118 "Minimization exited successfully."
2008bd 66 0.0020000109531954405 1521.963429844781 0.0013448034940333148 -2.2431637725063545 0.30992375174665165 0.0002501340014495902 0.1390968199134477 2.5491293912961e-05 0.057466773774741214 0.012781295602634263 1291.6273549507462 51.0 17.676315103868745 1.5283241259611984 1541.7 1607.65 0 66 "Minimization exited successfully."
2007S 192 nan nan nan nan nan nan nan nan nan nan nan nan nan nan nan nan 0 0 "result is NaN User function arguments:      z = +0.050092     t0 = +1214.026713     x0 = -2887300.745229     x1 = +4219.367285      c = +31559.362277"
2005bo 54 0.002000003487671517 479.0946713593972 0.00804933489590328 -1.1599003034766617 0.32223227312297664 5.710278883100579e-05 0.07046179802887309 2.6185563618338298e-05 0.047646995856368175 0.0023964390468167976 1181.9884571359182 49.0 15.732692733551 1.2640702860983968 478.75 512.76 6 48 "Minimization exited successfully."
2006bt 88 0.08499999978646973 859.5828517111154 0.002524436667807778 0.09711126463274794 0.12563796817321832 1.8580494060886632e-05 0.034927892034545494 6.12398047291036e-06 0.025649023598820826 0.0020169136271487548 3600.0279747764484 56.0 16.99570169037594 1.0285637794717815 853.76 891.71 15 73 "Minimization exited successfully."
2008fl 186 0.07095035122002868 1722.983506789563 0.005208841091595441 -1.1330904393753753 0.1151697800658116 1.198034125377001e-08 9.775736543815583e-06 1.2081068123873882e-07 0.00020290460442402784 2.2675171644205728e-05 48965.964165410514 130.0 16.210090133293885 1.2754890981253801 1724.49 1789.53 0 186 "Covariance may not be accurate."
2007st 118 0.05333035557501133 1453.4824288840146 0.008748599189879013 -1.434626446480882 0.016956514348390746 0.001387746759010107 0.07806265810177138 6.012309291613627e-05 0.019469544873246432 0.004596821856944193 4994.334970025693 65.0 15.64797573707964 1.3529326909868793 1458.66 1513.52 0 118 "Minimization exited successfully."
2005hc 163 0.03937523495303072 667.9932039964657 0.001813860977484111 0.8673185690711431 0.05395778737290104 0.0012509344078339146 0.033417135728029734 3.1070891480681056e-06 0.026557133196577973 0.00238862600528739 40662.137749174966 119.0 17.354705872760015 0.896504954410247 661.67 755.61 35 128 "Minimization exited successfully."
2009ab 102 0.002000441476633922 1883.662548898798 0.011061293467616185 -1.025743696100586 0.2630095076978354 1.4096881345705518e-06 0.00998250645693588 1.9688456551329963e-05 0.011139132442343422 0.0013902302744765826 6942.11893113491 55.0 15.389366331085084 1.2402248774159492 1874.57 1911.51 30 72 "Minimization exited successfully."
2007as 153 nan nan nan nan nan nan nan nan nan nan nan nan nan nan nan nan 0 0 "result is NaN User function arguments:      z = +0.043148     t0 = +1200.688286     x0 = +406492.844294     x1 = -1823.779477      c = +14604.575954"
2006hx 70 0.07292372013012516 1022.6971400364705 0.0015289147404634327 -0.08173223268974893 0.09477461877281858 0.0022782056220990304 0.04375359733700179 1.2744233930013198e-05 0.05397197599045172 0.007978888664506096 1153.7341936635876 44.0 17.540644514218716 1.0633390193163734 1012.66 1080.59 16 54 "Minimization exited successfully."
2008ff 230 nan nan nan nan nan nan nan nan nan nan nan nan nan nan nan nan 0 0 "result is NaN User function arguments:      z = +0.051171     t0 = +1675.727995     x0 = +8756005.992793     x1 = +9816.376538      c = +18257.335663"
2009ds 92 0.0020000000227214823 1962.0786815187482 0.009366122708989157 1.4331418178124877 0.1806675853258697 7.476269381767099e-05 0.03796613619704203 2.432493148149874e-05 0.05183677307563696 0.0026674834417208565 648.1661610029544 49.0 15.570094253761704 0.7981266808248311 1954.64 1976.62 29 63 "Minimization exited successfully."
2008O 103 0.05328178917827567 1490.739681502015 0.0007265465915373586 -1.8800370090525855 0.39413153834365733 0.0020413105919448067 0.07736383492624554 5.007667666677843e-06 0.052535871547335335 0.005507018775301577 1874.5835433219377 68.0 18.341503936376537 1.4241188187397888 1489.71 1571.48 11 92 "Minimization exited successfully."
2006ot 118 0.07189946590168884 1065.9769873358848 0.0009715645081370372 0.35595297133822656 0.22458111087081128 0.001782748831612932 4.838132099393988e-05 4.0167232452226675e-06 0.04252493901358876 0.005555721004277885 6471.487783640836 71.0 18.030380438787375 0.97720895099825 1063.72 1131.63 9 109 "Covariance may not be accurate."
2006py 35 0.04501600894401811 1071.6607557598 0.000986090039566559 -0.3000910519870927 0.1162141812788657 0.004002628997037554 0.1206186402334879 6.396793296722691e-06 0.12735790160956612 0.009241616023543094 175.32414339764063 30.0 18.016697954350725 1.1036400610057626 1069.54 1091.54 6 29 "Minimization exited successfully."
2005be 68 0.022049615511084843 460.0853592464873 0.0029239755259997786 -1.9274724946019755 -0.016145599633039527 0.0031094156709681256 0.05797789215640137 2.1904251479703465e-05 0.029535554333356726 0.010836373338523324 1111.5553476329494 63.0 16.838125394023248 1.479818740790968 467.89 491.77 0 68 "Minimization exited successfully."
2006fw 31 nan nan nan nan nan nan nan nan nan nan nan nan nan nan nan nan 0 0 "result is NaN User function arguments:      z = +0.028813     t0 = +999.762204     x0 = -182023.260086     x1 = +1.433476      c = -223.446264"
2007ax 97 0.0020000000053429228 1174.3722948405118 0.01015042818840643 -2.0059766179686855 0.4531835371973827 4.879258746297776e-06 4.745014973650541e-05 4.131914699001526e-05 0.01433298829477247 0.0029828333920077763 55101.7544691411 59.0 15.47583897364241 1.4491695807248135 1184.55 1248.47 0 97 "Minimization exited successfully."
2007jg 113 0.019325329364425693 1366.9212608991256 0.0014680711523429755 -0.6079953892221401 0.17286217413411342 0.0008823447742422746 0.04127445030110266 3.791117043497469e-06 0.03487619865732947 0.002765571031593335 4028.2880243705645 84.0 17.583908721146592 1.1606010811272824 1363.82 1425.78 25 88 "Minimization exited successfully."
2007af 307 0.032517409992425986 1175.1842201675402 0.08310250749788281 -0.4376062539694235 0.049259087451216245 4.264388886107695e-08 4.612275006365962e-09 0.00017756502402546602 0.009116543352035867 0.0012651040863009128 445806.57529843645 152.0 13.203150406555919 1.1346556532605891 1162.76 1257.72 83 224 "Minimization exited successfully."
2008cc 167 nan nan nan nan nan nan nan nan nan nan nan nan nan nan nan nan 0 0 "result is NaN User function arguments:      z = +0.047322     t0 = +1669.186718     x0 = +804773.176703     x1 = -2502.469619      c = -971.031997"
2006ef 56 0.02441067157809923 969.881437550438 0.010794246024308903 -1.330689914994235 -0.04431963968175168 0.0010200702746969645 0.045393128580258235 5.67222033453516e-05 0.01484124970435999 0.004485431491514433 61909.34427646369 51.0 15.419752489473165 1.333696861835186 979.9 1040.71 0 56 "Minimization exited successfully."
2007nq 174 0.05644607688414442 1398.422838236602 0.0017440530055048316 -1.7728989365639432 -0.0016308336330038166 0.0010021663461453195 0.05277043593730468 7.393033076297247e-06 0.023014356674417 0.003245136841270874 10861.953564652114 120.0 17.39909815889713 1.4380434949988619 1397.65 1476.56 6 168 "Minimization exited successfully."
2008bq 114 0.03164416528767868 1563.9757850223618 0.0025606403190242145 0.42167768978794135 0.1791677392660308 0.0006994293214734777 0.03973691829219206 5.299674748908849e-06 0.021976656272331162 0.002021287822269542 1038.1883558598522 91.0 16.979124948876702 0.9678794916755287 1562.49 1606.46 6 108 "Minimization exited successfully."
2008hv 225 0.004897002161666499 1817.465164440604 0.02020071578795016 -1.3149448462587727 -0.036020849259842475 0.056782135733278616 103.87237888001698 1.000001000566673 1.000030091049315 1.0000017650052735 132667.42322322403 136.0 14.73933721991829 1.3293130899911496 1804.8 1912.7 50 175 "Covariance may not be accurate."
2009I 55 0.0020000000163626313 1824.8977845443824 0.0040591394689869584 1.4281330671877706 0.12056110384386066 0.00010738501367662254 0.1065925251122053 4.8260767649359256e-05 0.05543453428849307 0.005824537452675917 6226.626663238972 23.0 16.47889888161529 0.8008937550126163 1846.58 1867.58 0 55 "Minimization exited successfully."
2004gc 134 0.07051372697089237 328.17451427302456 0.0016075179622295275 -0.6721076365180996 0.2851018538659965 6.100412303089442e-08 4.557079847700152e-06 3.623248139384455e-06 0.015720091935537507 0.0019697362701364455 19996.367182205766 129.0 17.482664393801535 1.1656032066121362 329.83 397.66 0 134 "Covariance may not be accurate."
2005lu 88 0.07172916679732605 711.9535634994277 0.001957476791375205 2.0426888122430054 0.14296450932045415 5.833316538139677e-10 0.0024478784853272373 1.0774583708919623e-08 6.035304815692757e-05 5.292804348334625e-06 12532.43990734154 78.0 17.269513811348098 0.6995802520062107 719.66 799.52 0 88 "Covariance may not be accurate. Covariance not positive definite. Covariance forced positive definite."
2007al 120 0.0020000001213442693 1160.4589811886785 0.0037831952223268107 -2.6665622428228537 0.4330837465557596 0.007868796282536814 0.07300815471057831 3.6221675198586486e-05 0.015096536403733537 0.005901069494789224 23714.329146597356 73.0 16.54860215736986 1.632502315721677 1170.77 1246.58 0 120 "Minimization exited successfully."
2005gj 227 0.04060972547231102 702.5595450605567 0.0008883617806178267 4.701408045225025 0.8638586804468147 0.04487967308170349 2.1131739913471392e-07 3.8870777051220874e-06 0.01679349988272819 0.0006769607940899672 210379.4036408181 122.0 18.039749783772685 0.21692961045522807 698.7 1016.76 18 209 "Covariance may not be accurate. Covariance not positive definite. Covariance forced positive definite."
2008bz 70 0.017422835459805663 1580.217146702464 0.0010264886637020982 -0.8930148703529329 0.032155250942859474 0.0011133953922056045 0.08118628325951249 4.784474453017915e-06 0.04486467106489674 0.003974177067047344 4160.314780023009 65.0 17.974129305617396 1.229641568756037 1580.72 1651.52 0 70 "Minimization exited successfully."
2007bc 111 0.02732783370862491 1200.7107454166974 0.007299963108864831 -0.9753006699896704 0.04481556978260251 0.0008035230603674337 0.029087575234484575 1.3283128405659931e-05 0.01487518992129503 0.0023103521154284896 19973.414320714124 72.0 15.844195558258772 1.2464379138387116 1196.65 1259.53 19 92 "Minimization exited successfully."
2008fr 150 0.03925896077869972 1737.667063521266 0.0022397046731687485 0.02842146482410359 0.05384855952658773 4.744611321882974e-09 2.191351313740597e-07 6.789978153375392e-06 0.018897609054547806 0.002257322364450837 38884.68940351878 100.0 17.126393536826498 1.0449947124808858 1738.78 1807.57 0 150 "Covariance may not be accurate."
