pipeline_outputs/csp/salt2_2.4_4param_red.ecsv
# %ECSV 0.9
# ---
# datatype:
# - {name: cid, datatype: string}
# - {name: num_points, datatype: int64}
# - {name: z, datatype: float64}
# - {name: t0, datatype: float64}
# - {name: x0, datatype: float64}
# - {name: x1, datatype: float64}
# - {name: c, datatype: float64}
# - {name: z_err, datatype: float64}
# - {name: t0_err, datatype: float64}
# - {name: x0_err, datatype: float64}
# - {name: x1_err, datatype: float64}
# - {name: c_err, datatype: float64}
# - {name: chi, datatype: float64}
# - {name: dof, datatype: float64}
# - {name: b_max, datatype: float64}
# - {name: delta_15, datatype: float64}
# - {name: tmin, datatype: float64}
# - {name: tmax, datatype: float64}
# - {name: pre_max, datatype: int64}
# - {name: post_max, datatype: int64}
# - {name: message, datatype: string}
# meta: !!omap
# - {bounds: null}
# - {warn: false}
# schema: astropy-2.0
cid num_points z t0 x0 x1 c z_err t0_err x0_err x1_err c_err chi dof b_max delta_15 tmin tmax pre_max post_max message
[from data line 106]
2007st 74 0.0212 1451.8536564641374 0.007837055778600222 -1.2533206847830711 0.19157197084925948 0.0 0.2191751244945408 0.00022540828538813925 0.031136423526650955 0.015909348673577538 3280.3679449724395 22.0 15.765346483644198 1.2958456758739239 1458.66 1513.52 0 74 "Minimization exited successfully."
2005hc 84 0.0459 668.2703265555245 0.0021318663826056317 0.7739488779138642 -0.07772166375544048 0.0 0.0651977239794519 3.1847527083487406e-05 0.03632276782956533 0.010606729377652039 18903.385101758053 41.0 17.179302935039594 0.9176068614317217 661.67 755.61 19 65 "Minimization exited successfully."
2009ab 62 0.0112 1883.6766028190511 0.007678448431305919 -0.9137141838378474 0.4885703663868245 0.0 0.017939721372385975 7.504577131479491e-05 0.022629782850891504 0.006289372436630282 424.97015982230727 16.0 15.776584168871281 1.1987276708115004 1874.57 1911.51 14 48 "Minimization exited successfully."
2007as 88 0.0176 1181.7874013762807 0.00923705965732012 -0.8208865505137413 -0.02035939368382029 0.0 0.04876187545016819 9.874445755644122e-05 0.017433919595398212 0.006940190951317375 46578.36330652877 34.0 15.58870970256686 1.2180063011627986 1175.59 1259.49 13 75 "Minimization exited successfully."
2006hx 39 0.0455 1022.9874159258735 0.0009534642359561973 -0.23718396674188671 0.46450704166198864 0.0 0.10117466714365264 4.379767003562666e-05 0.08145634559912554 0.031551763469190745 418.08481092066387 14.0 18.042346338961032 1.0701337950679601 1013.66 1080.59 8 31 "Minimization exited successfully."
2008ff 144 0.0193 1727.6160531020173 0.0058240313171614745 -0.8023719000642929 0.056615257194942974 0.0 0.05658138348587727 4.8253429783569214e-05 0.01363051183802271 0.00561557595517282 58408.087722021344 43.0 16.08928054707326 1.2086427847759396 1724.53 1790.57 18 126 "Minimization exited successfully."
2009ds 56 0.0193 1962.150975280797 0.011984632904804457 0.2805308265962375 -0.01902140036575124 0.0 0.09685714061845374 0.00041999598419847884 0.20783688590717792 0.02488914537728546 38.76305899464586 14.0 15.305304103374517 1.002388085271587 1954.64 1976.62 17 39 "Minimization exited successfully."
2008O 53 0.0389 1480.6764231167647 0.0011474904527034016 -1.3739307575325141 0.38097053924239116 0.0 0.2542027491549561 4.448144678845696e-05 0.04898392480104457 0.02365267344828977 1728.2194134855122 19.0 17.84561397931733 1.3057906449365717 1489.71 1546.54 0 53 "Minimization exited successfully."
2006ot 75 0.0531 1070.9251994268564 0.0005738123265710515 0.12558491031793317 0.5592598786606668 0.0 6.658615347987507e-08 1.1430938123280612e-05 0.059872365778653576 0.014633324704271892 3208.3773258325946 29.0 18.588229059973116 0.9996340637991707 1063.72 1131.63 22 53 "Minimization exited successfully."
2006py 14 0.0579 1071.2046751762193 0.0009421870403641859 0.4356296528620276 0.1349818966467514 0.0 0.27410273685359243 5.228871590694233e-05 0.31517572009099337 0.044844077532348016 19.60971470752161 10.0 18.06539341142773 0.9675083389568329 1069.54 1091.54 2 12 "Minimization exited successfully."
2005be 23 0.035 460.3075625585139 0.003519322230684257 -2.2116288345316963 -0.17241556176012976 0.0 0.047818002210277655 5.3081842120271644e-05 0.029962331351565702 0.010002299988856274 202.3253083576276 19.0 16.635661872299845 1.5761135338257475 467.89 491.77 0 23 "Minimization exited successfully."
2006fw 6 0.0835 1008.4776580714765 0.004077596764419948 -1.2657056810366223 -1.1838992998483826 0.0 0.17106585312620837 0.0006348118839046803 0.2322922260705895 0.09499365144068425 28.68650048506722 2.0 16.40854026721707 1.3977927044592775 1001.75 1039.73 2 4 "Covariance may not be accurate. Covariance not positive definite. Covariance forced positive definite."
2007ax 57 0.0069 1189.7516125787663 0.003937741752455565 -2.590336878558393 0.6166414849830318 0.0 0.05119113883984028 7.964778604817828e-05 0.02029294133109639 0.012944625440167404 25373.92804985049 20.0 16.49484969308712 1.5839599901394514 1184.55 1248.47 6 51 "Minimization exited successfully."
2007jg 56 0.0371 1366.979289246734 0.0015585745234095302 -0.36863822873368024 0.08316476972778167 0.0 0.09949137822707144 3.328051916554193e-05 0.05649141970727616 0.01442764189600013 1601.121658102394 28.0 17.520073308273794 1.1189699544558103 1363.82 1425.78 13 43 "Minimization exited successfully."
2007af 205 0.0055 1175.0042322611143 0.0777668703172461 -0.4460268529398477 0.1519547654172112 0.0 0.015676296359515618 0.0007151135009194614 0.011379017849475957 0.00570221321677945 287432.69339875644 51.0 13.274066969332075 1.129822478582522 1162.76 1257.72 61 144 "Minimization exited successfully."
2008cc 86 0.0104 1580.2649692328137 0.020685522185293546 -1.5857248386313656 0.16996840065889313 0.0 4.422074766807782e-06 0.00020401528728829395 0.011851395813524462 0.005994989630701516 131494.06654057914 38.0 14.712128837892696 1.3747876622362192 1582.86 1654.86 0 86 "Covariance may not be accurate."
2006ef 20 0.0179 979.8413999830346 0.007382596010852488 -1.505893990671641 -0.11753202044171059 0.0 0.08190113490746853 0.00012288567662929235 0.03736185751980605 0.01106447789749173 31858.275723348786 16.0 15.831739886732796 1.3820594530895267 979.9 1040.71 0 20 "Minimization exited successfully."
2007nq 99 0.045 1397.5227257787378 0.001737075365158385 -1.7674426173997806 0.033670315434173315 0.0 0.10720949353208198 3.2242625530866675e-05 0.0325162359636784 0.012518210280248314 5581.193203281466 46.0 17.403362503154348 1.4331006237723791 1397.65 1476.56 0 99 "Minimization exited successfully."
2008bq 50 0.034 1564.3019072978655 0.002795996167191183 0.3591179372631184 0.10371955517097557 0.0 0.06245585880458293 3.240369117733766e-05 0.028303309035440056 0.008123764206522026 169.77559424093295 28.0 16.884859413133658 0.9824825657000922 1562.49 1606.46 2 48 "Minimization exited successfully."
2008hv 132 0.0126 1817.3693005338853 0.02127842615335579 -1.4797132658161105 -0.08431747693489905 0.0 0.012674762231313252 0.00023619827141212852 0.018549878972559865 0.007180520438607144 43551.80066870293 44.0 14.682719523075331 1.3727303479807311 1804.8 1912.7 31 101 "Minimization exited successfully."
2009I 37 0.0262 1826.0600153461764 0.003869288056828356 0.7124016288460372 0.1297332795989727 0.0 0.27947729904008156 0.00010763861775303269 0.083305617240671 0.017843993905830323 1221.8566357599216 6.0 16.53150917055431 0.9198267522513994 1846.58 1867.58 0 37 "Minimization exited successfully."
2004gc 54 0.0321 330.0975491727822 0.0016366947314047202 -1.108570586440474 0.27005043771943127 0.0 3.099569840969707e-05 2.4364823094121417e-05 0.027396015740446925 0.010124836374776838 9762.771231553885 50.0 17.463800695440202 1.2573916937592209 329.83 397.66 2 52 "Covariance may not be accurate."
2005lu 39 0.032 713.9430178306491 0.001958297331795796 0.668695304881994 0.2119639530262522 0.0 2.8817207180509286e-05 4.587587162398371e-05 0.03898198946406876 0.015318370916171092 7920.612173116631 30.0 17.26941006060073 0.9237608152304198 719.66 799.52 0 39 "Covariance may not be accurate."
2007al 72 0.0122 1157.0736200184956 0.002847565900593734 -2.523165047298824 0.6586469132219966 0.0 4.596822270741541e-05 7.338659523979497e-05 0.018121822739004537 0.015986339285432017 10602.504421656751 26.0 16.843899405383354 1.5593523231366966 1170.77 1246.58 0 72 "Minimization exited successfully."
2005gj 112 0.0616 708.5700420295511 0.0005457028501529936 3.010695692992547 1.2038869114989121 0.0 2.7789391538135533e-05 7.141848354870058e-06 0.03630854939082223 0.009110474445721554 90388.925511088 42.0 18.573945409974755 0.48668626229523326 698.7 1016.76 16 96 "Minimization exited successfully."
2008bz 26 0.0603 1579.2991549028757 0.0011834927621999624 -0.7189350048650819 -0.15003631150261512 0.0 0.14325789570921188 2.635634694127338e-05 0.07987671224720988 0.016712563033379795 1586.805699917279 22.0 17.818523868724114 1.205128450169692 1580.72 1651.52 0 26 "Minimization exited successfully."
2007bc 64 0.0208 1200.776370302751 0.007372450532518383 -0.957319456262029 0.05016050684587757 0.0 0.05818056077066558 0.000105135705137322 0.020940931682415145 0.00989843643084595 8341.75832679525 26.0 15.833428777699893 1.2421415030298846 1196.65 1259.53 11 53 "Minimization exited successfully."
2008fr 82 0.0397 1737.6477378763743 0.0025209999680784667 -0.01907574840698058 -0.03605432785996751 0.0 4.841436441438418e-05 4.05188383059218e-05 0.02750979889319487 0.010839968987296217 18931.58832196436 33.0 16.998103267010304 1.058609710159498 1738.78 1807.57 0 82 "Minimization exited successfully."
