pipeline_outputs/csp/salt2_2.4_5param_blue.ecsv
# %ECSV 0.9
# ---
# datatype:
# - {name: cid, datatype: string}
# - {name: num_points, datatype: int64}
# - {name: z, datatype: float64}
# - {name: t0, datatype: float64}
# - {name: x0, datatype: float64}
# - {name: x1, datatype: float64}
# - {name: c, datatype: float64}
# - {name: z_err, datatype: float64}
# - {name: t0_err, datatype: float64}
# - {name: x0_err, datatype: float64}
# - {name: x1_err, datatype: float64}
# - {name: c_err, datatype: float64}
# - {name: chi, datatype: float64}
# - {name: dof, datatype: float64}
# - {name: b_max, datatype: float64}
# - {name: delta_15, datatype: float64}
# - {name: tmin, datatype: float64}
# - {name: tmax, datatype: float64}
# - {name: pre_max, datatype: int64}
# - {name: post_max, datatype: int64}
# - {name: message, datatype: string}
# meta: !!omap
# - bounds:
#     z: [0.002, 0.085]
# - {warn: false}
# schema: astropy-2.0
cid num_points z t0 x0 x1 c z_err t0_err x0_err x1_err c_err chi dof b_max delta_15 tmin tmax pre_max post_max message
[from data line 50]
2005ke 145 0.040871185367515564 698.5765628573834 0.017269815091918043 -1.9117125921001403 0.5433144610934267 0.058321236918471325 131.30372030071248 1.000001000515776 1.0000604253776446 1.0000042217520262 369456.36967609765 140.0 14.894005060473454 1.4156454422682963 689.69 819.51 16 129 "Minimization exited successfully."
2007cg 22 0.08499999997904162 1226.2002374862548 0.0008630050010279646 1.6537164275298148 0.7134956189480584 0.0018145935136315364 0.4078293409613707 2.2374707461357342e-05 0.14433642958597553 0.01965577011001035 276.38133142085724 17.0 18.13287574597295 0.7450998063298506 1235.63 1259.59 0 22 "Minimization exited successfully."
2004gu 88 0.03856849117151968 363.04282157728295 0.0016616197795588706 1.3016550073001145 0.17454736926375905 0.001422008294492759 0.07073531710742031 5.622944074502341e-06 0.05201357551663614 0.004625749513058057 726.9490817466785 83.0 17.447937289528348 0.8198060292565259 357.86 410.84 8 80 "Minimization exited successfully."
2007jd 46 0.08499999885624669 1361.91197129795 0.00037232240028663957 -0.7950460701093006 0.18278062024372307 0.0005503664365998084 0.3038517108451515 3.925219909835498e-06 0.11457367950487701 0.00820531419210797 344.3954123932969 41.0 19.073386982530245 1.1980100627716936 1362.83 1403.81 0 46 "Minimization exited successfully."
2007hx 41 0.0020000001708272734 1355.5195485071206 0.00029166845098066137 -0.5905811394027338 0.3107563655629479 0.0004416700713417328 0.14975931135018072 2.2293255513477956e-06 0.09504993578819734 0.007510697729249204 459.8985335462986 36.0 19.33496875474712 1.1476044854657026 1354.78 1411.73 5 36 "Minimization exited successfully."
2008ha 50 0.054278902607698964 1780.3116526004135 0.0011405782428899332 -2.385203504379151 0.354607805641948 0.0017253611210433471 0.12220534688026419 1.0959437508073188e-05 0.04572200213671601 0.01018297684839363 1201.1581919999085 45.0 17.85362128669196 1.5620588539701927 1781.55 1810.55 0 50 "Minimization exited successfully."
2005hj 50 0.037296943568753654 674.5583594827613 0.001220692998573754 1.4652292141509118 0.10007942579612618 0.0018368289319832774 0.12000029103717225 4.24125274597407e-06 0.08542962548717496 0.0065760554114146115 3892.2482760643256 45.0 17.783670179243813 0.7954721774349771 671.67 761.57 8 42 "Minimization exited successfully."
2005hk 89 nan nan nan nan nan nan nan nan nan nan nan nan nan nan nan nan 0 0 "result is NaN User function arguments:      z = +0.035900     t0 = +782.248992     x0 = +4921070.535400     x1 = +4194.854889      c = +12701.361625"
2005ir 52 0.06561355140055605 685.9784650334567 0.0006601845043402178 0.537582437779188 0.08151689839493009 0.0026342539802490794 0.10827220333339937 3.3023567248771065e-06 0.09396574826344989 0.007048696547765259 235.05741407631 47.0 18.452126040977383 0.9520900764315456 682.62 728.63 15 37 "Minimization exited successfully."
2005bl 41 0.0020000000000067867 482.2685797097872 0.0005130840951107842 -5.383353769536929 0.81513114258954 9.160882947563051e-05 0.019339062259803086 3.6085923210192734e-06 0.06908223753321498 0.008511135683017179 2830.326830188488 36.0 18.693348737374457 2.816204871212726 476.61 512.57 23 18 "Minimization exited successfully."
2005M 209 0.03431355942895105 406.8645314571204 0.006494856452128387 1.4080578567171453 0.04420940267902858 1.6161193135827423e-07 4.045072159897245e-06 9.04428910628358e-06 0.017052449173765555 0.001728107863776457 121759.26861414901 204.0 15.96928233448393 0.8066296446541923 396.77 480.51 38 171 "Minimization exited successfully."
2008bf 101 0.03240796690263079 1555.691437951367 0.0077887818654925585 0.5703635875976518 0.017652078026859242 0.0007635314929758177 0.01904416024069633 1.6427578714079517e-05 0.020177582911322475 0.0022384752554539225 48953.42445056117 96.0 15.772952196677997 0.9491414111914214 1547.73 1646.49 16 85 "Minimization exited successfully."
2006eq 36 0.05824957982883371 974.3391646521367 0.0007700579974725881 -1.8622024493746618 0.19469160679007222 0.004197570895673155 0.22314166831114335 1.7927640299790778e-05 0.05006658441882425 0.017667849483420935 54.652470484439135 31.0 18.284614096697325 1.4406372441634403 981.64 1018.51 0 36 "Minimization exited successfully."
2009aa 82 0.0020000000000000508 1878.5009263779841 0.004807329052267309 -0.774015364993078 -0.03218830391181318 3.1105313631613323e-06 1.9223027038606233e-05 7.973266749906843e-06 0.015145261338370485 0.001984129054331547 13498.153187540596 77.0 16.297735323238285 1.208885001762404 1869.68 1938.65 24 58 "Minimization exited successfully."
2008hj 62 0.041642952096711865 1802.489773345176 0.0029298491819146387 0.23048527579210967 0.07342024298693783 0.0011634819966088138 0.02581005793319946 5.395226506769897e-06 0.02568839015515762 0.002647829111723388 674.2580254457321 57.0 16.834477726955747 1.0069862253743977 1795.56 1834.55 16 46 "Minimization exited successfully."
2006ax 90 0.012614404950908164 828.0203533326752 0.014269578395180293 -0.03324714801542024 0.012324356598845532 0.0007287371954777877 0.014663461246584575 2.9628615287088686e-05 0.014433674077343566 0.0019198685841362465 48881.28296420729 85.0 15.11604925113776 1.0587208875942409 815.64 891.5 24 66 "Minimization exited successfully."
2009D 83 0.03515717712155207 1841.9693610224574 0.0072086775106468045 0.6913100587135909 0.089386149478032 0.0008336258267585758 0.019319608358841833 9.308977560336624e-06 0.017292480574322984 0.00159062739869558 2540.1060921832104 78.0 15.856449202884766 0.9251326999819671 1834.67 1884.53 24 59 "Minimization exited successfully."
2008gl 79 0.03997332729260657 1768.6934933903754 0.0029404149355244055 -1.2174149914324488 0.06994711749110276 0.0008323142661324605 0.0298616180875797 4.723646262317893e-06 0.02139694787398854 0.0025876100590084892 9207.81041019323 74.0 16.83142561733034 1.2980586221520802 1765.7 1844.55 12 67 "Minimization exited successfully."
2008cd 14 0.08499999519604765 1558.9541156511434 0.0009678238187719155 13.928335074259966 1.0803313696567294 0.0012927280399661553 0.41492335852035467 0.00046628758113172934 8.891142229879932 0.03925638764256696 78.32481640885798 9.0 17.407127001543095 0.35536858202762645 1587.74 1595.73 0 14 "Minimization exited successfully."
2007A 27 0.002000000000628886 1113.366441017793 0.0069431580092545585 0.8570334474044582 0.23633165804539472 4.2573710780062805e-05 0.040353908247652726 2.6801894540668393e-05 0.06583925786127433 0.0043667617869591864 793.1544244466261 22.0 15.894459795405236 0.8909586215978109 1108.54 1133.53 11 16 "Minimization exited successfully."
2008ar 62 0.03450785660872306 1535.4271306852938 0.0048205904467910265 -0.06862361207709815 0.09358888066695752 0.001552383950562522 0.03194599042558366 2.0182538550957106e-05 0.033143877735383104 0.004166689367379519 11645.535909044955 57.0 16.293855999905887 1.0609472952392203 1527.79 1606.6 4 58 "Minimization exited successfully."
2006X 124 nan nan nan nan nan nan nan nan nan nan nan nan nan nan nan nan 0 0 "result is NaN User function arguments:      z = +0.017993     t0 = +904.609588     x0 = -370459.288382     x1 = -657.213300      c = -746.841291"
2006ej 43 0.00822801754111262 976.5049464657793 0.008071443550353528 -1.710039072471227 0.0096880193836438 0.00123875395521124 0.08222450768886347 5.196876154826421e-05 0.029000880676164735 0.005437696625423539 8189.035515192558 38.0 15.735579299576692 1.420964152936829 979.74 1046.74 0 43 "Minimization exited successfully."
2005eq 99 0.009470279026937811 655.1689640308327 0.004138067004407009 1.1791418762637513 0.11726564324975955 0.0013878325027566587 0.04041973608082117 1.0915051477319018e-05 0.040334794612401303 0.0028561406489318007 40789.728112144665 94.0 16.458315094919524 0.8419516601680499 650.81 751.66 4 95 "Minimization exited successfully."
2008gg 96 nan nan nan nan nan nan nan nan nan nan nan nan nan nan nan nan 0 0 "result is NaN User function arguments:      z = +0.082153     t0 = +1752.269383     x0 = +5882125.803904     x1 = +1308.145274      c = +10006.623667"
2004ey 111 0.03403057798361786 305.31247722903555 0.013223318475343313 0.3880021591171194 0.06127605688924944 0.0007958617388687354 0.015653790572088155 1.4378778622351666e-05 0.012650092659301563 0.0013845925159841571 4579.719215215015 106.0 15.198215856126009 0.9793448205696969 295.53 352.55 31 80 "Minimization exited successfully."
2010ae 5 0.002000411513336996 2255.433228996469 0.00033370650518801893 4.064876221468547 1.0717318998085792 0.0008151689723884734 0.00012767951329806237 6.671881973653399e-05 0.6915810043954884 0.19147935944883052 121.7475162465657 0.0 19.100791271486518 0.273243785485473 2271.53 2305.53 0 5 "Minimization exited successfully."
2007ux 63 0.04398875075958324 1463.871919234712 0.001864993643201666 -1.7901707948642571 0.20220630938216072 0.0015967723380080345 0.0866703711980108 1.170024147759276e-05 0.034231828490390664 0.0059480355755091125 5433.2974001549255 58.0 17.324039747570666 1.421631687590267 1466.86 1558.61 0 63 "Minimization exited successfully."
2005W 77 0.0020000000613644812 412.88535662899375 0.027533798739561837 -0.04395104205305064 0.2573805088403364 3.3113692083637123e-05 0.021837639046538015 5.289938897687283e-05 0.0322577891296038 0.002647023826101405 1348.4752131195637 72.0 14.398824549143185 1.0471761244065938 404.54 429.51 27 50 "Minimization exited successfully."
2007on 104 nan nan nan nan nan nan nan nan nan nan nan nan nan nan nan nan 0 0 "result is NaN User function arguments:      z = +0.056481     t0 = +1490.157836     x0 = +5227.857269     x1 = +106.460528      c = -5403.486497"
2005ku 20 0.05759240459307925 698.8594660650966 0.0013495674666981798 0.27100909534174145 0.17893987135370218 0.003706761071403466 0.36803011441844546 1.5835496404864422e-05 0.21136524316685593 0.015439380797905258 78.27404408091337 15.0 17.6746263518617 0.9944790349048525 699.56 729.56 0 20 "Minimization exited successfully."
2008fu 45 0.0822668308744388 1736.677048407111 0.0010490392036988216 -1.7579146247776407 0.012255156775917632 2.002075895554678e-07 2.9896879141233512e-06 6.957420108295249e-06 0.04535769885035358 0.013883998239048187 1154.502229827499 40.0 17.9509932694021 1.4328293117018127 1740.75 1817.67 0 45 "Minimization exited successfully."
2007bd 44 0.05359376479401295 1207.7936291209166 0.0036120193815002842 -0.7270191354414891 0.023676615542048328 0.002243750980745831 0.03267616499761061 1.0117422929900972e-05 0.021100507218880484 0.004340136050614 882.6871896004147 39.0 16.608083163674543 1.1951735661610776 1197.53 1259.46 16 28 "Minimization exited successfully."
2006is 96 0.0066792978681805915 1007.9531829867668 0.005253059987498612 1.649970148826099 0.05165862435221191 0.001097953486550366 0.09185528593860681 1.9160504475469427e-05 0.04580007507314809 0.0029837445274560653 150540.95085189922 91.0 16.199326045804327 0.7666732300415902 1008.9 1125.67 0 96 "Minimization exited successfully."
2008bc 104 0.002000000026159313 1550.4424318868164 0.009132524146162788 0.5022274561042185 0.2078701233611845 4.2447496525732566e-05 0.00964151616858544 1.1470818931418459e-05 0.010900596899339143 0.0015126985892291401 54885.02015258622 99.0 15.597858405990818 0.9525169499201187 1541.67 1646.46 27 77 "Minimization exited successfully."
2007mm 22 0.08499999899073017 1392.0234970731185 0.00019217477318103548 -3.603880456646714 0.6927034953669731 0.00041315870563592844 0.07172262225230952 1.6308834530712727e-06 0.08587850840525317 0.020815012104995916 303.13833924007133 17.0 19.76879831235497 1.8956703854348156 1385.72 1418.69 3 19 "Minimization exited successfully."
2008C 48 nan nan nan nan nan nan nan nan nan nan nan nan nan nan nan nan 0 0 "result is NaN User function arguments:      z = +0.004436     t0 = +1563.449228     x0 = +72699.396987     x1 = -43.000228      c = +486.759001"
2004dt 181 nan nan nan nan nan nan nan nan nan nan nan nan nan nan nan nan 0 0 "result is NaN User function arguments:      z = +0.067717     t0 = +257.089876     x0 = +1109824.513999     x1 = -671.003494      c = -5443.819949"
2006br 23 0.08499992788237179 852.904771180035 0.0004247110288373977 -0.09038728803322384 1.0879098975575274 0.0034242682107449504 0.8787348953907781 2.0647779568816463e-05 0.2737109379377023 0.03030810105454771 56.29823546054041 18.0 18.86788851731893 1.00346790298466 858.69 890.61 0 23 "Minimization exited successfully."
2005ag 163 0.08499998330792997 415.3807701157449 0.0006213232634537236 0.3042971156729054 0.04541348891279344 0.0008226056169820181 0.0755830090499785 1.55909595143484e-06 0.039367636417750144 0.0028501843001160205 18381.06062924237 158.0 18.518431833767693 0.9950446961429691 412.82 480.84 12 151 "Minimization exited successfully."
2007sr 103 0.0020000000077820524 1450.1630770940071 0.11147742255197025 -0.2507309129555067 0.22282262324259822 2.5258721168865085e-05 0.03597847867877135 0.0003378388466533057 0.014663424504056187 0.002272380937831158 640212.1340020569 98.0 12.881542041916106 1.0877416106597728 1455.76 1578.72 0 103 "Minimization exited successfully."
2009ad 48 0.002000000053057362 1886.7816580326698 0.00428789663406193 0.1501589242321725 0.016315232642654113 2.3486412879928894e-05 0.015541088860913987 7.705270513871147e-06 0.018205270758798447 0.002418916494805457 3728.1446709065563 43.0 16.421334301417158 1.0244497128277459 1878.6 1915.45 20 28 "Minimization exited successfully."
2006et 85 0.017756324944604905 994.6282496398497 0.006411578764903337 0.7337062994953023 0.22686997173679127 0.001143488055074129 0.022293755731766396 1.4003972556678752e-05 0.022819684503604387 0.0028931893390936702 66627.18017517164 80.0 15.981286360543779 0.9120877511721073 983.64 1099.54 11 74 "Minimization exited successfully."
2009P 53 nan nan nan nan nan nan nan nan nan nan nan nan nan nan nan nan 0 0 "result is NaN User function arguments:      z = +0.018208     t0 = +1951.638086     x0 = -43095.892356     x1 = +105.502323      c = +1640.237092"
2004ef 167 0.05554113064034798 264.95681947245697 0.002545869923516034 -1.3012079071657423 0.17870052954667945 0.0006096631306342429 0.009926172252676224 2.5435567347762456e-06 0.008453478258461877 0.001725503332534788 13561.727595977583 162.0 16.986416638232487 1.3077420153336163 255.69 329.57 39 128 "Minimization exited successfully."
2006os 40 0.02740294226007605 1065.2270052033698 0.0009389683076061131 -0.8639276607534492 0.493861576888247 0.0031564064553774827 0.14362620615600008 6.4599541369435876e-06 0.08511478079986384 0.00918230818878099 1360.602596984801 35.0 18.057836343297268 1.1882648547993284 1065.63 1121.61 0 40 "Minimization exited successfully."
2008bi 35 0.0849949303687382 1541.2706715551926 0.0028254510145401803 -1.8452270240789237 0.5356454079708058 nan 1.2379219469949021e-05 2.4934406709437347e-05 0.03838548024883973 0.01230695445292 601.060732108555 30.0 16.859917404522456 1.400350672191145 1551.52 1595.52 0 35 "Covariance may not be accurate."
2009le 36 0.007115411172627693 2168.600119116785 0.01103688503304574 3.170103062884116 0.22214432833828682 0.001096402283043653 0.03825640286277121 2.7303064452944558e-05 0.057154065053929795 0.003232926898810608 327.898532366788 31.0 15.385924449358546 0.4801401698182506 2155.62 2169.58 28 8 "Minimization exited successfully."
2005al 140 0.01033015552883476 431.57669398002065 0.01545155915348435 -1.3775162368309157 0.005070079674699124 0.0007118777268384953 0.02535886116206143 2.280361442836094e-05 0.016420920943702882 0.0016440168444216837 56958.32381838147 135.0 15.030387684682013 1.3404759637156527 429.76 512.79 8 132 "Minimization exited successfully."
2005am 137 0.0020000001423677908 436.38253234424474 0.05057055746368314 -1.949597937182305 0.06058152381805946 4.923920241417393e-05 0.01983484023287474 7.094106611859803e-05 0.00716764477037651 0.0013485060256019574 80633.48750839873 132.0 13.743086715366301 1.47743177961455 432.58 512.46 1 136 "Minimization exited successfully."
