pipeline_outputs/csp/salt2_2.4_4param_blue.ecsv
# %ECSV 0.9
# ---
# datatype:
# - {name: cid, datatype: string}
# - {name: num_points, datatype: int64}
# - {name: z, datatype: float64}
# - {name: t0, datatype: float64}
# - {name: x0, datatype: float64}
# - {name: x1, datatype: float64}
# - {name: c, datatype: float64}
# - {name: z_err, datatype: float64}
# - {name: t0_err, datatype: float64}
# - {name: x0_err, datatype: float64}
# - {name: x1_err, datatype: float64}
# - {name: c_err, datatype: float64}
# - {name: chi, datatype: float64}
# - {name: dof, datatype: float64}
# - {name: b_max, datatype: float64}
# - {name: delta_15, datatype: float64}
# - {name: tmin, datatype: float64}
# - {name: tmax, datatype: float64}
# - {name: pre_max, datatype: int64}
# - {name: post_max, datatype: int64}
# - {name: message, datatype: string}
# meta: !!omap
# - {bounds: null}
# - {warn: false}
# schema: astropy-2.0
cid num_points z t0 x0 x1 c z_err t0_err x0_err x1_err c_err chi dof b_max delta_15 tmin tmax pre_max post_max message
[from data line 53]
2007jd 46 0.0726 1361.5529645849417 0.000372550553054018 -0.6887795210546449 0.1878815226655393 0.0 0.437456901864266 5.710187230287162e-06 0.14719511935811191 0.009488104462274152 371.318747305447 42.0 19.072564750333253 1.175872017809212 1362.83 1403.81 0 46 "Minimization exited successfully."
2007hx 41 0.0794 1354.7540661833925 0.00031217630174431796 0.4948179015160647 0.1921628270119228 0.0 0.24084350891121176 2.257515379519962e-06 0.1232041611256272 0.007446720577168149 551.4068210370282 37.0 19.26367972694869 0.9545277811658082 1354.78 1411.73 0 41 "Minimization exited successfully."
2008ha 50 0.0046 1780.5987254797212 0.0010801994818394737 -3.2381165248800703 0.3569469702706724 0.0 0.09558923212819082 9.579647333254948e-06 0.045544175704225996 0.009252224549401852 1336.0721959501602 46.0 17.912876138657417 1.8304261411235743 1781.55 1810.55 0 50 "Minimization exited successfully."
2005hj 50 0.0574 674.7656249063551 0.001216591703555831 1.61969886831536 0.06945963963000498 0.0 0.12934432044727373 4.013181644352721e-06 0.08846003651484945 0.006388633159943155 3971.764127368131 46.0 17.78741362066899 0.7711116690551556 671.67 761.57 8 42 "Minimization exited successfully."
2005hk 89 0.013 684.478715180208 0.007188186260111549 -1.3456810996116122 0.2531255716921354 0.0 0.012162280397205905 1.4256679880261333e-05 0.013020216911693009 0.003066623623844644 139312.1246167397 85.0 15.857753884175992 1.3111819424859732 675.61 761.54 12 77 "Minimization exited successfully."
2005ir 52 0.0763 686.0353016642526 0.0006642838278644999 0.5153292248271983 0.0612454345057742 0.0 0.10739642843344654 3.078947213875982e-06 0.09262709541300826 0.004667119146824501 252.63045517183394 48.0 18.445584412359953 0.9568790412367107 682.62 728.63 15 37 "Minimization exited successfully."
2005bl 41 0.0241 482.36414863857624 0.0005266962151780384 -5.36162809767367 0.8591392293656187 0.0 0.01961512258753828 3.339064373572362e-06 0.06727713870496403 0.008575964235179007 2733.4170133688813 37.0 18.66100013748184 2.7717200796312795 476.61 512.57 23 18 "Minimization exited successfully."
2005M 209 0.022 406.6903135938682 0.006554964093747269 1.3177280097836486 0.05150274299599279 0.0 0.014770782103937563 9.405276955278561e-06 0.017148276031670504 0.0017434844308187294 128559.77412715697 205.0 15.959345348175749 0.8212894390323449 396.77 480.51 34 175 "Minimization exited successfully."
2008bf 101 0.0235 1555.6045889443617 0.007861937352433625 0.48490620135271484 0.01338082410341997 0.0 0.01714890734626806 1.584981644918001e-05 0.018792351890601654 0.0022211927377685735 49029.63652004971 97.0 15.762879516776634 0.9643490584943688 1547.73 1646.49 16 85 "Minimization exited successfully."
2006eq 36 0.0495 974.30002923148 0.0007662412275476366 -1.913553601906465 0.1937927366568919 0.0 0.21871377023990135 1.7942471133444593e-05 0.04590596344782876 0.017551036787244827 57.183780160681074 32.0 18.290048270770075 1.4539178299343511 981.64 1018.51 0 36 "Minimization exited successfully."
2009aa 82 0.0273 1878.867061589828 0.004681225365936824 -0.5270913624236292 -0.04190202448265906 0.0 0.011562758631384895 7.348031399375903e-06 0.01581263391782735 0.001955453841637424 13069.094186685987 78.0 16.326428873096717 1.1583352902083703 1869.68 1938.65 28 54 "Minimization exited successfully."
2008hj 62 0.0379 1802.4422261641243 0.002933001122545259 0.21214061991111324 0.07526758416552559 0.0 0.020994723276658078 5.3984544916642105e-06 0.025065174942910558 0.0025527726853868415 684.0894139633544 58.0 16.833308037998748 1.0102132769701235 1795.56 1834.55 16 46 "Minimization exited successfully."
2006ax 90 0.0167 828.0826294405286 0.014210775243198704 0.004592344199043209 0.01209597872532357 0.0 0.009531988744925002 2.7329914738202413e-05 0.012609836511352958 0.0019174380216695896 48912.26994841875 86.0 15.12050814251981 1.0516365165432688 815.64 891.5 24 66 "Minimization exited successfully."
2009D 83 0.025 1841.847784322484 0.007247990074758058 0.5872623143720693 0.09008926101713438 0.0 0.015963910102527734 9.099532298749648e-06 0.014801159819189686 0.0015822682075872282 2704.9389563345344 79.0 15.850623977867436 0.9430684565328562 1834.67 1884.53 24 59 "Minimization exited successfully."
2008gl 79 0.034 1768.8909759312846 0.0029466678891449404 -1.374936230809353 0.07046417854316443 0.0 1.918916734666709e-05 4.727780186555501e-06 0.01538316024068151 0.0025791339849428182 9299.830167992439 75.0 16.829186945225846 1.334164034466987 1765.7 1844.55 12 67 "Covariance may not be accurate."
2008cd 14 0.0074 1579.0675245854566 0.00039616584168869273 -0.8036395568973194 1.8578636434748992 0.0 1.1615582049768136 2.736497521746403e-05 0.8072167258393939 0.04359803632514413 51.97507151728208 10.0 18.81907276359668 1.06514806295554 1587.74 1595.73 0 14 "Minimization exited successfully."
2007A 27 0.0177 1113.4721784117419 0.0069135113159160735 0.9901275925029389 0.24227698825381075 0.0 0.04171127395932217 2.4988668264961043e-05 0.06321547637149343 0.004431768146521999 1142.9897744043744 23.0 15.89882598449843 0.8685800225825844 1108.54 1133.53 11 16 "Minimization exited successfully."
2008ar 62 0.0261 1535.324474385422 0.004878283719394091 -0.18234375597871197 0.08468332410870275 0.0 0.024663384741302252 1.8350338101284226e-05 0.025501170729927358 0.0039118413152106945 11670.11732930271 58.0 16.28109839864032 1.0829254812852902 1527.79 1606.6 4 58 "Minimization exited successfully."
2006X 124 0.0052 786.8104695100682 0.010578055508064716 -0.5261034878137899 1.4741407013840773 0.0 0.008741362981425027 1.9476090849988327e-05 0.009949296435261133 0.0022487915630028756 381190.4516118239 120.0 15.323227012053591 1.0494960431322244 775.68 906.46 22 102 "Minimization exited successfully."
2006ej 43 0.0205 976.3278101241012 0.008092092489968835 -1.5186476306696162 0.007090686246616595 0.0 0.08451076408039171 5.299676045262603e-05 0.01995828600934781 0.005455443359532475 8235.230067393402 39.0 15.732726831588389 1.3739647379465278 979.74 1046.74 0 43 "Minimization exited successfully."
2005eq 99 0.029 655.0856969906014 0.004081161393744968 1.5125963805835991 0.11127965266550739 0.0 0.046000820928952635 9.332580288828252e-06 0.03308088575204497 0.0028211734786661997 40902.3677636529 95.0 16.473037655715903 0.7873691330154244 650.81 751.66 4 95 "Minimization exited successfully."
2008gg 96 0.032 1752.090533218474 0.0034562491223069885 0.24887489516668407 0.24281846904851478 0.0 1.9437125956756063e-05 7.822213035018682e-06 0.01763581034730122 0.0027456512416587364 54472.07920544046 92.0 16.652167829960202 0.9951785534475803 1753.63 1827.57 0 96 "Minimization exited successfully."
2004ey 111 0.0158 305.05140261633755 0.013406268122499974 0.196244001764648 0.06838860056293398 0.0 0.009778506848590496 1.3648124136785446e-05 0.010209159145038322 0.0013123768463623447 4729.755018806424 107.0 15.183385296691172 1.0134379177254917 295.53 352.55 31 80 "Minimization exited successfully."
2010ae 5 0.0037 2261.4918319080753 2.436704631428108e-07 22746.032281205582 1.0587344479006489 0.0 0.6103529384226931 1.0064121446770243e-07 9398.713026062003 0.10703867926356529 77.62312911318725 1.0 18.711985789954053 1.6322058464663733 2271.53 2305.53 0 5 "Covariance may not be accurate. Covariance not positive definite. Covariance forced positive definite."
2007ux 63 0.0309 1463.8657761355162 0.001854049031901437 -1.9381035529266761 0.19684117535554035 0.0 0.08360458674599158 1.1697999524411328e-05 0.028750283084278638 0.005900527163658169 5475.827009600517 59.0 17.33060476060722 1.4599515771772928 1466.86 1558.61 0 63 "Minimization exited successfully."
2005W 77 0.0089 412.95975017743064 0.02755058206601758 0.009585543170158197 0.2549256835920044 0.0 0.021874770641147734 5.158702586612628e-05 0.03169052602000204 0.002664452491164689 1554.2720992713153 73.0 14.398195281814854 1.0375272128183255 404.54 429.51 27 50 "Minimization exited successfully."
2007on 104 0.0065 1419.6817681412997 0.09320851239207721 -2.0156004767588116 0.039387098203492045 0.0 0.008996668554345888 0.00014620435427894398 0.008894029831589883 0.001819134352525402 285118.8454399264 100.0 13.079344375711008 1.4973243330339887 1411.79 1508.61 13 91 "Minimization exited successfully."
2005ku 20 0.0454 698.9266084654557 0.0013320192400094468 0.1443694139294252 0.20940004053746364 0.0 0.36128641155278274 1.4906308110830536e-05 0.2116628478047673 0.0107649765988922 85.27962188423905 16.0 17.688289466019064 1.0155851921624048 699.56 729.56 0 20 "Minimization exited successfully."
2008fu 45 0.052 1733.7090285832828 0.0013346022928470826 -1.6321817590116414 -0.04852195067161618 0.0 0.1981637933033653 2.666229816125453e-05 0.0484017594594567 0.014057450936871616 1258.9489299364795 41.0 17.6894734029561 1.4070351604034137 1740.75 1817.67 0 45 "Minimization exited successfully."
2007bd 44 0.0309 1207.4839219910368 0.0036541819977431987 -0.8267482099290033 0.02186985632150211 0.0 0.015309419857317152 1.080683226699618e-05 0.01998989319327716 0.00407217869973407 3519.8165022846492 40.0 16.595540726732764 1.2162632134969407 1197.53 1259.46 12 32 "Minimization exited successfully."
2006is 96 0.031 1007.1106065531807 0.005277279277909507 2.2958631081485192 0.05436136560457992 0.0 0.07684024271964063 1.782452498239189e-05 0.03653573219134467 0.0028819062268919133 150755.42819933261 92.0 16.193191833051884 0.6592159715613519 1008.9 1125.67 0 96 "Minimization exited successfully."
2008bc 104 0.0151 1550.5817176031492 0.00911008427280222 0.6363555786371284 0.20453733529203516 0.0 0.0097392067510782 1.1151905994783997e-05 0.010942179616037866 0.0015376937955851994 55666.819955318315 100.0 15.60049436130366 0.9296027178590123 1541.67 1646.46 27 77 "Minimization exited successfully."
2007mm 22 0.0664 1391.9597842263186 0.00018141550053147516 -3.6526799783725883 0.7532454378217913 0.0 0.07047824971573391 1.705425153835056e-06 0.08887684196108074 0.02027087879842929 330.43823294952523 18.0 19.826708877073113 1.900365180963906 1385.72 1418.69 3 19 "Minimization exited successfully."
2008C 48 0.0166 1467.3170489128433 0.007002453834801415 -0.5121852710720187 0.2661049698671316 0.0 0.1503931615413876 5.886838944630805e-05 0.05885669789920544 0.007072680007855499 8168.218029220391 44.0 15.88540137227735 1.1352822375232705 1469.81 1552.5 0 48 "Minimization exited successfully."
2004dt 181 0.0197 244.76504073394307 0.010124090339905963 -0.9988294964374661 0.12889932753112396 0.0 9.725212635203206e-09 1.666914810463323e-05 0.01089600481771876 0.0015044678022836928 278312.66682605573 177.0 15.488305434034903 1.2450830391939256 249.79 365.62 0 181 "Covariance may not be accurate."
2006br 23 0.0246 832.5302190588868 0.0007237867704387596 8.811702592067505 0.42198011595534607 0.0 0.2844818640518838 8.404452600826014e-05 1.6452913010957062 0.023635463156752818 224.4247643334315 19.0 18.097297027516092 0.14483271526928476 858.69 890.61 0 23 "Minimization exited successfully."
2005ag 163 0.0797 415.3958692441624 0.0006210146401952637 0.26883744342871013 0.050934860925049424 0.0 0.07414115840305158 1.5679051665123028e-06 0.03867027035737671 0.002838806370165658 18388.07733057651 159.0 18.518966472735848 1.001161340618637 412.82 480.84 12 151 "Minimization exited successfully."
2007sr 103 0.0055 1450.0174790940978 0.11237890514284912 -0.1624871265871871 0.2167316339985389 0.0 0.035607034819577166 0.00033344145348318917 0.015474143825847154 0.0022701784747360164 640391.0402625347 99.0 12.87288697895302 1.0714949607019868 1455.76 1578.72 0 103 "Minimization exited successfully."
2009ad 48 0.0284 1887.1199115112086 0.00419832658820638 0.3569262226869776 0.010665729044786573 0.0 0.01570858455306734 7.127095399202667e-06 0.01836963509344336 0.002424795036888176 4375.576814768682 44.0 16.44411602115535 0.9872345723427713 1878.6 1915.45 20 28 "Minimization exited successfully."
2006et 85 0.0226 994.6873406226025 0.006401279407216065 0.774999002888969 0.2284047341466937 0.0 0.017772130828234367 1.3450086372115867e-05 0.020300219053923808 0.002868985604187754 66642.925551544 81.0 15.982957898359075 0.9050548158428917 983.64 1099.54 11 74 "Minimization exited successfully."
2009P 53 0.0251 1867.9282302445358 0.002290424192335302 1.9004955848026555 0.4500770200345551 0.0 0.15250222011582082 1.1547788323577108e-05 0.08310895110486087 0.00549685698034863 1882.079767205912 49.0 17.089347728295238 0.7142534813480772 1867.74 1931.61 4 49 "Minimization exited successfully."
2004ef 167 0.031 264.6440301982413 0.0025314270954463875 -1.4132742676827932 0.1922475654313452 0.0 0.006544099956528271 2.5452900502898946e-06 0.00808463911260135 0.0015515382048374075 14386.691399731486 163.0 16.99237257832489 1.3321400810744173 255.69 329.57 39 128 "Minimization exited successfully."
2006os 40 0.0328 1065.2028815633937 0.0009440365348861662 -0.7736324940547531 0.49916220770662767 0.0 0.14580839622328767 5.814825647410864e-06 0.06755330678655624 0.008606995095517324 1363.169353131689 36.0 18.051661614621423 1.1698597347691972 1065.63 1121.61 0 40 "Minimization exited successfully."
2008bi 35 0.0134 1537.7583403442134 0.004132491872324557 -2.6904569642340124 0.28215205401764426 0.0 0.11846218517541729 9.959844437236635e-05 0.03755811726026227 0.01631148228484998 901.7367598183757 31.0 16.458469081139395 1.661622276508048 1551.52 1595.52 0 35 "Minimization exited successfully."
2009le 36 0.0178 2168.7298542202057 0.011081616684082017 3.1897856609413213 0.2034775954826806 0.0 0.03724597314612765 2.6529935656717635e-05 0.05801686270751291 0.0026781486355173974 408.4651529081967 32.0 15.381840995636821 0.4757155821977328 2155.62 2169.58 32 4 "Minimization exited successfully."
2005al 140 0.0124 431.5616476761205 0.015435328777969696 -1.3410374914812309 0.0037221776623939024 0.0 0.02511200889784959 2.2104643129304983e-05 0.010647722294715643 0.0015687596087104576 56964.538504773176 136.0 15.031513655985815 1.332041550920632 429.76 512.79 8 132 "Minimization exited successfully."
2005am 137 0.0079 436.3593813771036 0.05063048746235582 -1.8473243343926469 0.05468427653428872 0.0 0.01988298118837406 6.995279973418957e-05 0.00726534168536991 0.0013398464301152193 81091.65234161101 133.0 13.741799519031774 1.4513934526865722 432.58 512.46 1 136 "Minimization exited successfully."
2005iq 70 0.034 688.22964224011 0.0031069906680655603 -0.9651446807594876 -0.037975155111495885 0.0 0.020595928159707455 7.092290282801183e-06 0.026672583990703203 0.00313296111581116 2700.614988521552 66.0 16.771727513458075 1.2504069378782674 682.55 755.55 16 54 "Minimization exited successfully."
2008bd 31 0.0301 1529.0758164331426 0.0005415666323949485 -0.6026196449101977 0.6881443365922529 0.0 0.0001629532466722594 1.5495709168882824e-05 0.13777597107349457 0.030468410815695925 288.2242446245443 27.0 18.642865770690577 1.122479936465382 1541.7 1592.62 0 31 "Covariance may not be accurate."
2007S 65 0.0139 1145.0764634095672 0.007635059365182443 1.043882502683654 0.41939142540971125 0.0 0.018069953269900907 2.6935935363387085e-05 0.025832460748480123 0.0033806505633524405 44819.91128818155 61.0 15.784685402039669 0.8527589309509143 1133.84 1246.54 12 53 "Minimization exited successfully."
2005bo 36 0.0139 478.7818510114181 0.008317801707635375 -1.0031282923980478 0.23865966931993612 0.0 0.11082309591301964 3.1007686302978325e-05 0.07409513504854617 0.0038961835690836445 1052.0795176207434 32.0 15.69950272771999 1.237366928389834 478.75 512.76 4 32 "Minimization exited successfully."
2006bt 39 0.0322 858.3439739478918 0.002492264350573698 0.24583632110069473 0.254675466342153 0.0 0.05190641733975099 9.025691394902512e-06 0.042029715995880255 0.005115885835749682 939.4455018236757 35.0 17.006880844973434 0.9951086057327174 853.76 891.71 3 36 "Minimization exited successfully."
