pipeline_outputs/csp/salt2_2.4_4param_all.ecsv
# %ECSV 0.9
# ---
# datatype:
# - {name: cid, datatype: string}
# - {name: num_points_91bg_proj_csp_u, datatype: float64}
# - {name: num_points_91bg_proj_csp_g, datatype: float64}
# - {name: num_points_91bg_proj_csp_r, datatype: float64}
# - {name: num_points_91bg_proj_csp_i, datatype: float64}
# - {name: num_points_91bg_proj_csp_B, datatype: float64}
# - {name: num_points_91bg_proj_csp_V0, datatype: float64}
# - {name: num_points_91bg_proj_csp_V1, datatype: float64}
# - {name: num_points_91bg_proj_csp_V, datatype: float64}
# - {name: num_points_91bg_proj_csp_Y, datatype: float64}
# - {name: num_points_91bg_proj_csp_H, datatype: float64}
# - {name: num_points_91bg_proj_csp_J, datatype: float64}
# - {name: num_points_91bg_proj_csp_Jrc2, datatype: float64}
# - {name: num_points_91bg_proj_csp_Ydw, datatype: float64}
# - {name: num_points_91bg_proj_csp_Jdw, datatype: float64}
# - {name: num_points_91bg_proj_csp_Hdw, datatype: float64}
# - {name: z, datatype: float64}
# - {name: t0, datatype: float64}
# - {name: x0, datatype: float64}
# - {name: x1, datatype: float64}
# - {name: c, datatype: float64}
# - {name: z_err, datatype: float64}
# - {name: t0_err, datatype: float64}
# - {name: x0_err, datatype: float64}
# - {name: x1_err, datatype: float64}
# - {name: c_err, datatype: float64}
# - {name: chi, datatype: float64}
# - {name: dof, datatype: float64}
# - {name: message, datatype: string}
# meta: !!omap
# - {bounds: null}
# - {modelcov: true}
# - {warn: false}
# schema: astropy-2.0
cid num_points_91bg_proj_csp_u num_points_91bg_proj_csp_g num_points_91bg_proj_csp_r num_points_91bg_proj_csp_i num_points_91bg_proj_csp_B num_points_91bg_proj_csp_V0 num_points_91bg_proj_csp_V1 num_points_91bg_proj_csp_V num_points_91bg_proj_csp_Y num_points_91bg_proj_csp_H num_points_91bg_proj_csp_J num_points_91bg_proj_csp_Jrc2 num_points_91bg_proj_csp_Ydw num_points_91bg_proj_csp_Jdw num_points_91bg_proj_csp_Hdw z t0 x0 x1 c z_err t0_err x0_err x1_err c_err chi dof message
[from data line 60]
2005M 38 59 56 55 55 57 0 0 0 20 21 0 20 0 0 0.022 406.75707191751565 0.006660499152719505 1.1523346926565234 0.04772844663857349 0 0.029554642363791572 0.00011135902390775115 0.026257871411021292 0.01730487414974538 240958.1685414352 316 "Minimization exited successfully."
2008bf 20 27 27 27 27 0 0 27 10 5 10 0 4 0 0 0.0235 1555.6077811397333 0.008186995612869776 0.3464675302702133 -0.05443645851942422 0 0.02851629176620918 0.00013606097033497445 0.025682538862229987 0.01729327103146211 67693.22824373709 151 "Minimization exited successfully."
2006eq 2 10 15 14 12 0 0 12 14 3 11 0 5 0 0 0.0495 977.0359163908734 0.0006255015253188158 -2.073108348458845 0.24598793660223525 0 3.930523797635033e-05 1.3366264806280912e-05 0.06262430391801564 0.022176082236914633 119.73303774268705 61 "Covariance may not be accurate."
2009aa 16 22 22 22 22 0 0 22 32 32 5 31 6 0 0 0.0273 1878.8130063191652 0.0048175380168355535 -0.7226128376223826 -0.02308995769692857 0 0.024982958109490028 8.381055656162166e-05 0.025518384548595473 0.01855352659800026 17238.590870249012 122 "Minimization exited successfully."
2008hj 14 16 16 16 16 0 0 16 18 6 7 0 2 0 0 0.0379 1802.4028568071167 0.0029668563411395592 0.1701487954395974 0.02928360079916879 0 0.033198037213878706 4.887130939099115e-05 0.0336945024102382 0.016983983309537466 114.89141730385911 90 "Minimization exited successfully."
2006ax 18 22 22 23 25 0 0 25 29 31 35 0 6 0 0 0.0167 827.9894621020987 0.014418199158020544 0.1233377872923527 -0.023587761634984283 0 0.021072845968888032 0.00024499655495292404 0.021786619147909678 0.017470758346661626 87787.85290645497 131 "Minimization exited successfully."
2009D 20 21 21 21 21 0 0 21 13 14 6 12 6 0 0 0.025 1841.9163258159228 0.0073744736241358865 0.605529735017418 0.03550097894064506 0 0.03493095463988993 0.00012123659133556773 0.02451348611222848 0.016885127547968226 149.09374587536792 121 "Minimization exited successfully."
2008gl 16 22 22 22 19 0 0 22 20 8 15 0 0 0 0 0.034 1768.6833356807388 0.0029690385939577404 -1.363336542335309 0.05455707772640302 0 0.05265975581198745 4.994060180680552e-05 0.03269209382616619 0.01781386661581253 29415.955899481036 119 "Minimization exited successfully."
2008cd 0 5 4 5 4 0 0 5 0 0 0 0 0 0 0 0.0074 1559.2996974901869 0.002324463655373447 0.07946555721624556 0.9577502813445761 0 1.0477352609859736 0.0002082951965481467 0.34759316355082515 0.028945743941842836 86.46117844025538 19 "Minimization exited successfully."
2007A 5 6 8 10 8 0 0 8 18 3 10 0 0 0 0 0.0177 1113.7341584403343 0.007159294408633146 0.5756151931896489 0.2208974743115342 0 0.06336727124266872 0.00012947064139027994 0.09295311286380578 0.018834900450104896 59.12434128323126 41 "Minimization exited successfully."
2008ar 8 18 18 18 18 0 0 18 16 7 7 0 4 0 0 0.0261 1535.3333298427017 0.004926963285863242 -0.1607667437582031 0.05411632757987034 0 0.04132790133337494 8.693543636249133e-05 0.03596157553899515 0.01782037863838672 21899.90248971902 94 "Minimization exited successfully."
2006X 19 34 33 34 35 0 0 36 23 42 40 0 16 0 0 0.0052 786.8611993519346 0.011838730927277686 -0.3218163588018349 1.2538524846706194 0 0.026664013718061597 0.00021937338205993626 0.020124936649633277 0.017746881588780253 903982.5621978685 187 "Minimization exited successfully."
2006ej 5 13 5 6 12 0 0 13 3 2 5 0 0 0 0 0.0205 976.5944777525358 0.007910668964345976 -1.5215523019243364 0.03539416865027137 0 0.20492191912330782 0.00017155589034064541 0.04410173287412288 0.02184928270410249 7916.086903551515 50 "Minimization exited successfully."
2005eq 19 27 27 27 27 26 0 0 25 13 19 0 1 0 0 0.029 655.2659500257322 0.004087126752575283 1.4298686836272152 0.10175822442216827 0 0.089913814315139 7.036278981130795e-05 0.05004682014150835 0.018171349636780867 74823.98341085727 149 "Minimization exited successfully."
2008gg 18 26 26 26 26 0 0 26 20 14 12 0 4 0 0 0.032 1752.0927082512844 0.003555060052292894 0.42839054490127665 0.15943841195025982 0 1.657449342928885e-05 5.668183554850691e-05 0.025300624458536543 0.016086459790821437 100270.50069118761 144 "Covariance may not be accurate."
2004ey 25 26 32 32 30 30 0 0 0 14 14 0 10 0 0 0.0158 305.01340214404405 0.014152059778000325 0.07015695742108286 0.023747763089095125 0 0.02144606748296951 0.0002333688623845113 0.016805645839002552 0.016940909984941528 329.47938367070145 171 "Minimization exited successfully."
2010ae 0 2 2 2 1 0 0 2 9 14 8 9 8 0 0 0.0037 2276.386131305669 0.00022738931871101734 -0.9037703634563385 1.273339907715261 0 0.5967488165069881 2.7995743686440997e-05 0.4520779130803498 0.07798405461572507 164.71776424482294 5 "Minimization exited successfully."
2007ux 7 17 17 16 17 0 0 22 15 16 10 0 14 0 0 0.0309 1465.4001489831105 0.0017609799054552307 -2.0210724489738494 0.15504069471044557 0 0.16909142471240557 3.3497199719934155e-05 0.0520071654967999 0.01924947476804049 6298.707014100875 92 "Minimization exited successfully."
2005W 16 20 21 19 20 21 0 0 0 0 0 0 0 0 0 0.0089 412.71382478257993 0.028710708838989185 -0.39738102797666996 0.2098480446061692 0 0.030574188556812487 0.0004987141395176417 0.05028666812841537 0.017773166352282543 182.2458502022415 113 "Minimization exited successfully."
2007on 33 17 26 23 31 0 0 23 38 49 49 0 19 0 0 0.0065 1420.1660163690767 0.10197573947335661 -2.1916758092132476 0.06082438543837571 0 0.04980242378883304 0.0019083348773176534 0.040985598652603115 0.020868382873742947 388136.73874102684 149 "Minimization exited successfully."
2005ku 3 6 7 7 5 6 0 0 3 0 0 0 0 0 0 0.0454 699.4555279827132 0.0013320218595070095 -0.14779423944469935 0.17352493644642503 0 0.21591520743982073 2.4598683274826222e-05 0.13449144729648924 0.018365643537045177 82.38555713817146 30 "Minimization exited successfully."
2008fu 3 14 19 17 8 0 0 20 10 4 3 0 5 0 0 0.052 1733.1733022948392 0.0013906303254911552 -1.5940296610004088 -0.05691918676262953 0 0.29938669269040474 4.95286640990034e-05 0.06834906964311725 0.02429298610384969 2787.708086816868 77 "Minimization exited successfully."
2007bd 8 12 12 12 12 0 0 12 20 9 10 0 3 0 0 0.0309 1207.2914238800138 0.003757824917307089 -1.0670656950613784 -0.007029143638573754 0 0.04473609341835072 6.489540308259417e-05 0.03738776154713188 0.0183894930049073 5045.362171419158 64 "Minimization exited successfully."
2006is 13 27 26 25 28 0 0 28 5 9 9 0 6 0 0 0.031 1009.2725665505332 0.00509391908188731 1.7327869161773404 -0.001754823957760081 0 4.882674926420805e-05 8.478474620226315e-05 0.04930294004612812 0.01704689016311754 220546.29041194305 143 "Covariance may not be accurate."
2008bc 29 22 16 22 30 0 0 23 14 18 21 0 10 0 0 0.0151 1550.5668898183098 0.009361374497788595 0.5345785790516225 0.1765894221760763 0 0.02615394944086802 0.00015893025371241986 0.022044964639571042 0.017527404435228596 79339.52095147094 138 "Minimization exited successfully."
2007mm 0 8 9 8 6 0 0 8 0 0 0 0 0 0 0 0.0664 1392.3817040278386 0.00019579100504047852 -3.401189769524511 0.4863815948590713 0 0.1394537229081152 4.24758759795556e-06 0.1960689584066156 0.02475811669051388 155.02345192323594 35 "Minimization exited successfully."
2008C 6 16 20 18 11 0 0 15 3 12 14 0 6 0 0 0.0166 1467.9294466208648 0.00696389119615558 -0.7139390889461705 0.23469447377335206 0 0.16979869793249236 0.0001345861314545034 0.0716381810711063 0.018955823365002025 20358.980094596875 82 "Minimization exited successfully."
2004dt 43 46 45 43 46 46 0 0 0 0 0 0 0 0 0 0.0197 243.8073559652142 0.009426930326063027 -0.40860111664948556 0.33634056669203644 0 116.09134356075046 1.0000987033663258 1.000342086054865 1.0000009999995 411870.38037850684 265 "Covariance may not be accurate."
2006br 0 8 10 10 7 0 0 8 7 4 10 0 0 0 0 0.0246 851.8752672416646 0.0004049455927043794 -0.806567510780222 0.910827776226351 0 0.39792694952683405 1.709177533518278e-05 0.10854429073922392 0.02762464856627206 43.89530585100804 39 "Minimization exited successfully."
2005ag 0 41 0 36 35 43 0 0 0 0 0 0 5 0 0 0.0797 415.3119458273992 0.0006312338455211287 0.30886979012174187 0.017432499955944748 0 0.09732843932064839 1.1360437202632795e-05 0.050494654360210264 0.022412716783368113 10302.254021611396 151 "Minimization exited successfully."
2007sr 15 29 29 29 29 0 0 30 23 31 35 0 9 0 0 0.0055 1449.789005955761 0.11654741128868844 -0.004447488661207818 0.14294572709469852 0 0.06865071865297523 0.002243439330245176 0.030750426518616668 0.01861827628230038 1102596.6637639531 157 "Minimization exited successfully."
2009ad 12 12 12 12 12 0 0 12 22 17 0 17 0 0 0 0.0284 1887.0442004628776 0.004240887214960824 0.1883395189514044 0.058850550218141624 0 0.030361904423102715 7.265058100667442e-05 0.030096786380790413 0.018065083872604568 156.6024069052242 68 "Minimization exited successfully."
2006et 17 24 24 22 21 0 0 23 35 32 34 0 4 0 0 0.0226 994.6988925243447 0.0065665998867331325 0.7249004907770402 0.1907118492743423 0 0.0363002330984159 0.00011352880070331448 0.031268819454197246 0.017908769623220765 126709.16792842594 127 "Minimization exited successfully."
2009P 10 14 15 14 15 0 0 14 11 0 0 6 0 0 0 0.0251 1868.2032304843046 0.00231836367363573 1.5909054994476945 0.4163973641975785 0 0.20068703240917785 4.214978957204141e-05 0.09436610012561622 0.01876143746488409 4601.05688645808 78 "Minimization exited successfully."
2004ef 34 47 47 47 42 44 0 0 0 5 6 0 6 0 0 0.031 264.64913362217436 0.002643833492206298 -1.362401435318294 0.13487833025939858 0 0.02361066979742077 4.469041962478936e-05 0.02107548086650916 0.017604233110733374 26999.061466629668 257 "Minimization exited successfully."
2006os 4 13 16 15 9 0 0 14 15 7 9 0 4 0 0 0.0328 1065.205015597534 0.0009723713241398566 -0.6445824138088772 0.4564911495974694 0 0.15196999578733994 1.8426075502019204e-05 0.05861765182728283 0.01926409877868847 5041.6707256408345 67 "Minimization exited successfully."
2008bi 4 10 14 17 7 0 0 14 5 4 4 0 4 0 0 0.0134 1537.1576104730186 0.0039895894087325825 -2.4990240439262124 0.29598288888301083 0 0.2887583749464966 0.00019528030484868182 0.10346862275348048 0.033956276677059305 1524.4866250473206 62 "Minimization exited successfully."
2009le 9 9 9 9 9 0 0 9 4 4 0 4 0 0 0 0.0178 2166.7260877520002 0.011782496881630213 0.8795332261941395 0.1341939527195885 0 0.14420552743445114 0.0002052885555921334 0.1601100343157816 0.01860129590893916 42.83970817435361 50 "Minimization exited successfully."
2005al 35 35 35 35 35 35 0 0 0 10 10 0 8 0 0 0.0124 431.2285125895787 0.015768495685367392 -1.333061579934023 -0.02388718727498726 0 0.0799928422380276 0.00026804739566735586 0.028386245050357934 0.018167215340125744 87237.30916308926 206 "Minimization exited successfully."
2005am 37 34 21 23 35 31 0 0 0 9 4 0 9 0 0 0.0079 436.63909626033654 0.04978725908434417 -1.8632827937122762 0.08446508175710962 0 0.09054633315648175 0.0008954710566053465 0.02890513982996526 0.0195406040636561 128063.28659017145 177 "Minimization exited successfully."
2005iq 14 20 20 19 18 18 0 0 21 12 12 0 0 0 0 0.034 688.1644049830302 0.003182964499239614 -1.132552039645068 -0.06139178745268819 0 0.04110983756106634 5.368981439913758e-05 0.03971973458349664 0.018005313509135874 4077.960064946951 105 "Minimization exited successfully."
2008bd 0 10 9 16 11 0 0 10 6 1 1 0 2 0 0 0.0301 1525.1158378027724 0.001250218029420981 -2.1959493508129366 0.1620257844284782 0 0.0002619194717681239 6.74569302756983e-05 0.1611276222829942 0.03586183632141554 562.1838290826477 52 "Minimization exited successfully."
2007S 12 18 19 18 18 0 0 17 20 33 32 0 5 0 0 0.0139 1145.0981018128261 0.007601713445503623 1.0689670298010276 0.41865830295427153 0 0.04747086840677639 0.00014105355986341464 0.045341848145772336 0.01907192903492903 103363.77419410282 98 "Minimization exited successfully."
2005bo 8 9 9 9 9 10 0 0 0 0 0 0 0 0 0 0.0139 479.223377952495 0.00819850280918946 -1.1766000858131827 0.28390814459192676 0 0.1380681872952607 0.00014829328469928842 0.10651904784272472 0.019138646980659427 35.216713141427824 50 "Minimization exited successfully."
2006bt 9 11 11 11 8 0 0 11 9 9 9 0 0 0 0 0.0322 859.0034135408648 0.00246053610571636 0.20367563411025044 0.20556601706348965 0 0.0643082984087755 4.268016043823679e-05 0.04044264827550607 0.017785779429919175 496.12696925889463 57 "Minimization exited successfully."
2008fl 20 23 23 23 23 0 0 23 13 15 16 0 7 0 0 0.0199 1721.6084281991857 0.00531947627645431 -1.1794483101424933 0.1756005442606385 0 0.12560806580597728 0.00010072377610435265 0.02928585771360448 0.018575269702133627 57807.487270186335 131 "Minimization exited successfully."
2007st 12 13 13 13 11 0 0 8 18 10 14 0 6 0 0 0.0212 1454.2866365412308 0.008105999551946335 -1.6671790267211017 0.08514338780662085 0 0.24411131002261754 0.0001997875217277183 0.049998142328766794 0.021129000560869735 2675.1442078166306 66 "Minimization exited successfully."
2005hc 10 23 23 22 23 23 0 0 26 3 10 0 0 0 0 0.0459 668.1649998876724 0.0018418531292699613 0.7864291030755405 0.03430788244898462 0 0.0520274468993307 3.0436301710877956e-05 0.036301875443866954 0.017264904245393325 39755.42042533725 120 "Minimization exited successfully."
2009ab 10 10 10 10 10 0 0 10 14 14 0 14 0 0 0 0.0112 1883.7361708513695 0.011719779433138363 -0.9524732244272691 0.1761785963303792 0 0.03751413808026882 0.000210848624529918 0.042580311662718244 0.019185880382372417 154.0418389707904 56 "Minimization exited successfully."
2007as 9 19 19 19 18 0 0 19 18 13 15 0 4 0 0 0.0176 1182.167494273432 0.006873743356092553 -0.9857235818760326 0.2082231505447711 0 0.08507270703944414 0.00011947239686053189 0.03517106486902173 0.01819951999632346 93959.91211184725 99 "Minimization exited successfully."
2006hx 4 10 10 8 8 0 0 9 0 8 6 0 7 0 0 0.0455 1022.4261675301176 0.0015289749118168171 -0.08722155898741858 0.12115688965574549 0 0.05291478223733748 3.066430979781018e-05 0.06958301512372114 0.019689491212693633 912.6616658727525 45 "Minimization exited successfully."
2008ff 17 23 24 23 23 0 0 23 23 31 29 0 14 0 0 0.0193 1721.5452602579714 0.003519902211568437 2.5569607786800503 0.3949571099782653 0 2.6413757382215408e-05 3.4634746590213826e-05 0.041174716953636184 0.010697611767300436 181003.34219585295 129 "Minimization exited successfully."
2009ds 9 9 9 9 9 0 0 9 11 12 2 12 1 0 0 0.0193 1962.242877915785 0.009463894308382646 1.2420807595286394 0.1595902675745746 0 0.0765542653260809 0.00016539403691270108 0.10699756323029867 0.018804564376820064 62.379656668175045 50 "Minimization exited successfully."
2008O 6 10 14 9 16 0 0 18 16 5 5 0 4 0 0 0.0389 1491.0880438590093 0.0007000850388478999 -1.936351559244503 0.42772058578639033 0 0.14059290701175087 1.2965233322972236e-05 0.0695778597096008 0.01904982542708616 1134.7264239913497 69 "Minimization exited successfully."
2006ot 5 11 17 16 13 0 0 14 23 4 11 0 4 0 0 0.0531 1066.9171229794572 0.0009426012335243805 0.21008965776830402 0.2384122940003099 0 2.9660041036549956e-05 1.646023628821388e-05 0.05020816996590497 0.01818865038575425 5573.656657346206 72 "Covariance may not be accurate."
2006py 3 6 7 7 6 0 0 6 0 0 0 0 0 0 0 0.0579 1071.428196059772 0.0009990564519740128 0.11361639323422522 0.09002178615419776 0 0.18714134807930805 1.8007070856451547e-05 0.18222872900521145 0.018926509444648482 56.761961891810664 31 "Minimization exited successfully."
2005be 7 12 12 11 13 13 0 0 0 0 0 0 0 0 0 0.035 460.1283825654871 0.002967266699505483 -1.8542993048275107 -0.04892202772945393 0 0.24326772007165687 9.448065121846211e-05 0.05793061702450441 0.02284362451213606 29.838683989450054 64 "Minimization exited successfully."
