pipeline_outputs/csp/salt2_2.4_4param_all.ecsv
# %ECSV 0.9
# ---
# datatype:
# - {name: cid, datatype: string}
# - {name: num_points_91bg_proj_csp_u, datatype: float64}
# - {name: num_points_91bg_proj_csp_g, datatype: float64}
# - {name: num_points_91bg_proj_csp_r, datatype: float64}
# - {name: num_points_91bg_proj_csp_i, datatype: float64}
# - {name: num_points_91bg_proj_csp_B, datatype: float64}
# - {name: num_points_91bg_proj_csp_V0, datatype: float64}
# - {name: num_points_91bg_proj_csp_V1, datatype: float64}
# - {name: num_points_91bg_proj_csp_V, datatype: float64}
# - {name: num_points_91bg_proj_csp_Y, datatype: float64}
# - {name: num_points_91bg_proj_csp_H, datatype: float64}
# - {name: num_points_91bg_proj_csp_J, datatype: float64}
# - {name: num_points_91bg_proj_csp_Jrc2, datatype: float64}
# - {name: num_points_91bg_proj_csp_Ydw, datatype: float64}
# - {name: num_points_91bg_proj_csp_Jdw, datatype: float64}
# - {name: num_points_91bg_proj_csp_Hdw, datatype: float64}
# - {name: z, datatype: float64}
# - {name: t0, datatype: float64}
# - {name: x0, datatype: float64}
# - {name: x1, datatype: float64}
# - {name: c, datatype: float64}
# - {name: z_err, datatype: float64}
# - {name: t0_err, datatype: float64}
# - {name: x0_err, datatype: float64}
# - {name: x1_err, datatype: float64}
# - {name: c_err, datatype: float64}
# - {name: chi, datatype: float64}
# - {name: dof, datatype: float64}
# - {name: message, datatype: string}
# meta: !!omap
# - {bounds: null}
# - {modelcov: true}
# - {warn: false}
# schema: astropy-2.0
cid num_points_91bg_proj_csp_u num_points_91bg_proj_csp_g num_points_91bg_proj_csp_r num_points_91bg_proj_csp_i num_points_91bg_proj_csp_B num_points_91bg_proj_csp_V0 num_points_91bg_proj_csp_V1 num_points_91bg_proj_csp_V num_points_91bg_proj_csp_Y num_points_91bg_proj_csp_H num_points_91bg_proj_csp_J num_points_91bg_proj_csp_Jrc2 num_points_91bg_proj_csp_Ydw num_points_91bg_proj_csp_Jdw num_points_91bg_proj_csp_Hdw z t0 x0 x1 c z_err t0_err x0_err x1_err c_err chi dof message
[from data line 118]
2007ax 5 11 12 12 12 0 0 12 13 7 11 0 2 0 0 0.0069 1188.1105358638827 0.0043795126415305625 -2.0548456283462895 0.6809223897057671 0 0.08648065367378877 8.33112150471536e-05 0.056431392224411764 0.020705528458769357 9836.296019024232 60 "Minimization exited successfully."
2007jg 7 15 13 19 17 0 0 18 8 1 8 0 7 0 0 0.0371 1367.1185702228054 0.0014742004011898927 -0.5864375452362631 0.15311156271297383 0 0.07437720123573399 2.4696879476461762e-05 0.05423714241346681 0.01719106413390745 2861.5278604305804 85 "Minimization exited successfully."
2007af 24 24 27 28 27 0 0 27 40 48 50 0 12 0 0 0.0055 1174.9675226027637 0.08549711372393036 -0.5916513275961799 0.05403094765011762 0 0.028022003105775184 0.0014925757710830033 0.022883093583440102 0.017805561618576007 554294.8494525001 153 "Minimization exited successfully."
2008cc 21 19 21 21 20 0 0 21 17 13 12 0 2 0 0 0.0104 1578.2614817656172 0.021050180106874733 -0.9467984836379967 0.1840484257867529 0 4.934884145768592e-08 0.00033700099981303125 0.05543140575463596 0.016557531280009623 272814.5297623685 119 "Covariance may not be accurate."
2006ef 6 10 10 10 10 0 0 10 0 0 0 0 0 0 0 0.0179 970.7918302965506 0.010102247772146302 -1.4749244202553877 0.018209137555803914 0 0.20957478644930916 0.0002732009468823873 0.06519314813593105 0.022222127329108457 60146.770789154834 52 "Minimization exited successfully."
2007nq 6 23 25 25 21 0 0 25 27 3 9 0 10 0 0 0.045 1398.9402265950944 0.0016934574610323974 -1.882770610854833 0.03286223435065624 0 0.10405196014653484 2.9871343210028213e-05 0.0457810546313979 0.018730315272688973 9972.320194465534 121 "Minimization exited successfully."
2008bq 15 17 16 16 16 0 0 16 8 3 7 0 0 0 0 0.034 1563.9543443007642 0.0025966977750704633 0.3591687294315832 0.16389832866331233 0 0.07443553591804175 4.42002347513041e-05 0.03684181795178808 0.01747143459363214 128.35240255277404 92 "Minimization exited successfully."
2008hv 21 24 24 24 24 0 0 24 31 23 18 8 4 0 0 0.0126 1817.4947017261406 0.020139996184319508 -1.1400582718599344 -0.045445984948320854 0 0.030974890405218503 0.00035196805944046847 0.026728499782079466 0.018481014793197886 126454.46119319624 137 "Minimization exited successfully."
2009I 3 5 5 5 5 0 0 5 10 7 0 10 0 0 0 0.0262 1823.7790774195792 0.006183450655954545 0.9075493233584241 -0.10955029988372507 0 0.273284138955205 0.00024730395630898555 0.1773987010167492 0.020475868454110466 813.2246896807947 24 "Minimization exited successfully."
2004gc 0 26 28 26 26 28 0 0 0 0 0 0 0 0 0 0.0321 326.77030394057 0.0016686862040689342 -0.6586412597177805 0.30937545115121107 0 0.16126852380764944 3.606070701589698e-05 0.03721487992520391 0.02057267806183747 26099.236116762757 130 "Minimization exited successfully."
2005lu 6 10 17 17 17 8 0 8 5 0 0 0 0 0 0 0.032 713.9415163819356 0.0018267127846407372 0.8087854759516527 0.2567786132071568 0 4.2039135792037996e-05 3.350603813346351e-05 0.06654800959468318 0.0183907641288 11522.097601082141 79 "Minimization exited successfully."
2007al 4 15 16 14 14 0 0 15 14 10 12 0 6 0 0 0.0122 1162.2522608003494 0.003435230959600159 -2.3249089203199076 0.2945228463092708 0 0.33531100145819437 0.00015177868418978348 0.09184380412693544 0.02905799115868086 17351.391074068415 74 "Minimization exited successfully."
2005gj 13 23 23 23 23 12 0 10 24 25 0 0 17 0 0 0.0616 nan nan nan nan 0 nan nan nan nan nan nan "result is NaN User function arguments:      z = +0.061600     t0 = +742.233703     x0 = +1218297.884363     x1 = +195.492560      c = +319.640669"
2008bz 7 14 14 12 12 0 0 11 0 0 0 0 0 0 0 0.0603 1579.8439716066905 0.0010473167800242283 -0.5320299184884385 -0.04456260421462356 0 0.15127056099254332 1.8330920933599446e-05 0.07126479803494126 0.017527508831677568 3828.9644711154983 66 "Minimization exited successfully."
2007bc 7 15 15 15 11 0 0 14 11 8 11 0 4 0 0 0.0208 1200.7402082709395 0.007475123632433681 -1.101411466436299 0.03520648044129716 0 0.0589379150608238 0.00012898672636849355 0.0323487464859845 0.018251424718182988 18802.58878440805 73 "Minimization exited successfully."
2008fr 8 19 19 18 20 0 0 21 23 8 6 0 8 0 0 0.0397 1737.6471678815278 0.0023065077447240743 -0.012493129469932569 0.055163092056951094 0 3.1812646966500324e-05 3.8644950785681724e-05 0.030317751267071206 0.01687308826575984 36882.34679237232 101 "Covariance may not be accurate."
