pipeline_outputs/csp/salt2_2.4_4param_red.ecsv
# %ECSV 0.9
# ---
# datatype:
# - {name: cid, datatype: string}
# - {name: num_points, datatype: int64}
# - {name: z, datatype: float64}
# - {name: t0, datatype: float64}
# - {name: x0, datatype: float64}
# - {name: x1, datatype: float64}
# - {name: c, datatype: float64}
# - {name: z_err, datatype: float64}
# - {name: t0_err, datatype: float64}
# - {name: x0_err, datatype: float64}
# - {name: x1_err, datatype: float64}
# - {name: c_err, datatype: float64}
# - {name: chi, datatype: float64}
# - {name: dof, datatype: float64}
# - {name: b_max, datatype: float64}
# - {name: delta_15, datatype: float64}
# - {name: tmin, datatype: float64}
# - {name: tmax, datatype: float64}
# - {name: pre_max, datatype: int64}
# - {name: post_max, datatype: int64}
# - {name: message, datatype: string}
# meta: !!omap
# - {bounds: null}
# - {warn: false}
# schema: astropy-2.0
cid num_points z t0 x0 x1 c z_err t0_err x0_err x1_err c_err chi dof b_max delta_15 tmin tmax pre_max post_max message
2008J 43 0.0159 1492.7487819553312 0.0006306492604776635 -0.7900618986881954 2.363806703977502 0.0 0.028142019701022036 9.884243771650542e-06 0.05264359268586373 0.009746782098230081 11811.947960177564 15.0 18.194981516338522 1.0204672923853977 1484.54 1516.52 21 22 "Minimization exited successfully."
2005kc 77 0.0151 698.4620022069469 0.0046236658547302465 -0.36977420126674754 0.5902354058824161 0.0 0.028089944078260487 6.0735345891351314e-05 0.037856254891860466 0.008520247653826673 140.93623491629523 21.0 16.32111220722504 1.086205893087861 687.52 728.54 34 43 "Minimization exited successfully."
2005A 109 0.0191 381.5654518675192 0.0009898613219363746 -0.6361335631160924 0.8797255678500867 0.0 8.816928300348081e-06 1.0942306522379666e-05 0.015966456280970365 0.007126035799909508 5975.468538718427 62.0 17.971872547707008 1.1140286083700204 376.65 433.53 6 103 "Minimization exited successfully."
2009Y 148 0.0094 1877.9428063730502 0.048760243650569836 0.03889595328326151 -0.0923872562291219 0.0 0.024971409690124347 0.0004537421623827255 0.014508847653100721 0.005935993706141808 271658.57925920765 55.0 13.78148880537438 1.0505839386599511 1868.84 1976.65 23 125 "Minimization exited successfully."
2004gs 135 0.0267 357.35559032187956 0.002262267171455704 -2.3441652036312783 0.13605412363668518 0.0 3.859435392428168e-05 1.0256592084322134e-05 0.015785380344476317 0.0036438580164282032 66674.30197219936 92.0 17.11579764064231 1.577979088284824 352.85 461.56 6 129 "Covariance may not be accurate."
2004eo 122 0.0157 279.08927218455415 0.008714936168807372 -1.2095130274841248 0.3296739059118456 0.0 0.0053687388889613885 4.1296005194034065e-05 0.005927802799627111 0.002993176693618922 20785.263994905872 70.0 15.646196326768958 1.2741919499832406 266.52 341.54 49 73 "Minimization exited successfully."
2008gp 96 0.0334 1779.8373979725202 0.0027196206199531624 0.0709031886594983 0.14849583792204793 0.0 0.0248350991831785 3.2966345581209275e-05 0.02270415275193928 0.008044466820634132 471.24421812848465 36.0 16.914519793149793 1.0321456945499499 1768.75 1844.52 26 70 "Minimization exited successfully."
2007ca 73 0.0141 1228.0215339667193 0.004644258796551722 0.6544125731907887 0.5087944052825736 0.0 0.019550708069914435 4.104493166125946e-05 0.01821860237548455 0.005733747984327647 1643.9211633700193 20.0 16.320334169462306 0.9126907323619058 1217.65 1275.65 18 55 "Minimization exited successfully."
2009al 68 0.0221 nan nan nan nan 0.0 nan nan nan nan nan nan nan nan nan nan 0 0 "result is NaN User function arguments:      z = +0.022100     t0 = +1848.998649     x0 = +329949.867391     x1 = -2.516784      c = +6520.391824"
2008ae 71 0.03 1512.942405069709 3.937173261160041e-05 4.46165089098943 2.5381773852401825 0.0 0.26126571423708356 2.9771823678541833e-06 0.30849440576432235 0.053778968229685295 10.898142108505526 6.0 21.095958034741905 0.24614650448136643 1511.74 1602.52 7 64 "Minimization exited successfully."
2006dd 76 0.0059 978.5783426145206 0.0068508289531945005 0.1273646728154153 0.9077014857362556 0.0 0.08856275874114772 0.00012759871960434135 0.030629426275599128 0.011828485830396406 135385.364616671 71.0 15.868162009179622 0.9787160287394681 979.93 1147.57 0 76 "Minimization exited successfully."
2005ki 147 0.0192 705.6482494138701 0.009311171998855812 -1.4611092384912376 -0.03373681114761553 0.0 0.01798257678757409 9.63190319658936e-05 0.011827672159082888 0.006796720414391383 135886.98859970242 84.0 15.580317045310345 1.3637593048183838 695.86 858.54 17 130 "Minimization exited successfully."
2007if 25 0.0742 1357.594726917182 6.518485559213603e-10 -0.6250665292027476 8.809436544347227 0.0 0.21572535175948815 3.5219749282778846e-11 0.06390451495380765 0.031116917818289232 2102.114639788146 11.0 29.485588651355606 0.6365522739980527 1357.77 1443.6 0 25 "Covariance may not be accurate. Covariance not positive definite. Covariance forced positive definite."
2006D 151 0.0085 757.5753481090364 0.03224183181903883 -1.531067494071488 0.07207139997011709 0.0 0.02520912181694257 0.0002770196302126849 0.009358756722622838 0.005397854638758308 263361.3592215763 75.0 14.231521304434233 1.3709663153038747 752.87 891.61 4 147 "Minimization exited successfully."
2006lu 48 0.0534 1039.183941294624 0.0010456943982301845 -0.0189390252350564 0.05309181323617001 0.0 0.0001512154391321019 2.5911578617273493e-05 0.04464948473981275 0.01824998199676144 8070.874447234187 39.0 17.953394375555696 1.0538572100679033 1040.84 1137.75 0 48 "Minimization exited successfully."
2009ag 136 0.0086 1890.1907958793074 0.00649624447723865 -0.03310615243975818 0.7575602613613356 0.0 0.04506404266567188 6.300175795088725e-05 0.012578264547784844 0.0059295084240636965 1272.7770978096414 32.0 15.939540328385174 1.0152110661240208 1886.62 1959.54 20 116 "Minimization exited successfully."
2006ev 87 0.0287 990.2712193013035 0.0020994108876359386 -1.3231684099611696 0.11918851600128155 0.0 0.08858285369944952 4.5127836892353943e-05 0.044621267576440846 0.01427966910373532 71.53507586879579 16.0 17.196735148199675 1.3179393509526172 993.59 1039.52 0 87 "Minimization exited successfully."
2009cz 51 0.0211 1944.051643240111 0.008287677450754571 0.43047070455058456 0.05605677287019369 0.0 0.045090219840744794 0.00014315457699983888 0.061869699002275944 0.012046605237562742 90.7384112045283 12.0 15.705487196143027 0.9720551976463145 1937.53 1966.46 12 39 "Minimization exited successfully."
2006gj 70 0.0284 999.5606671410203 0.0008914232076738303 -2.139674578702296 0.5540180224003066 0.0 0.08623653817772947 2.36220918975589e-05 0.03201628795526953 0.01818627722673924 5163.573592748292 31.0 18.111484294766257 1.4713908015016273 998.83 1096.59 2 68 "Minimization exited successfully."
2005el 143 0.0149 646.383327552225 0.010987831009469356 -1.0916841547722889 0.13428996750708805 0.0 0.02662438245812382 0.00010504991010051729 0.013476730197530306 0.006048952815444496 83325.90679320125 42.0 15.399382922849627 1.2648300252755451 639.89 730.75 15 128 "Minimization exited successfully."
2007jh 20 0.0408 1366.5842804059089 0.0005180881310900224 -2.34279471552074 0.4211287294511025 0.0 0.2191805702864258 2.746832109677858e-05 0.12994524683560602 0.03739194889780848 633.0300249945981 14.0 18.707664225357416 1.5417315574349786 1363.86 1413.8 4 16 "Minimization exited successfully."
2007so 39 0.0297 1448.1760647768306 4.9719293104742025e-05 2.2956102486159113 2.462427563981615 0.0 0.0972108915126455 2.437453449538798e-06 0.09782736528777843 0.03441318346465386 1452.118845444747 12.0 20.919845372216482 0.5895470268988845 1449.68 1494.53 0 39 "Minimization exited successfully."
2006gt 54 0.0448 1002.8231871258806 0.0006708214222620399 -2.491102637597959 0.2963640759446293 0.0 0.10421964118194182 1.8108129098362324e-05 0.047835874367264684 0.01905483433722815 1408.7868346261785 21.0 18.431973675623176 1.599983311495329 1001.67 1076.62 6 48 "Minimization exited successfully."
2007ai 59 0.0317 1176.2860958312024 0.0006987916355796509 0.43946763118154153 0.6493281581566891 0.0 0.0001429567133754972 2.279102143212438e-05 0.07252604160335277 0.02200619254504892 1953.5639082414837 29.0 18.368171889966423 0.9413813003516012 1167.88 1259.7 20 39 "Minimization exited successfully."
2006hb 101 0.0153 999.3588020852358 0.01089704096769791 -2.108261192859823 0.14329680921214902 0.0 0.04424211345872209 0.00015625754181293724 0.014878916905649036 0.009069893246795746 38999.56431250981 50.0 15.408686713038973 1.511026160997547 1006.87 1143.59 0 101 "Minimization exited successfully."
2007hj 173 0.0141 1344.825403324501 0.008522209442699498 -2.046089947341503 0.29542225829632424 0.0 4.0221842596110946e-05 6.315738598275463e-05 0.006859379758534616 0.004774519976876117 47858.327794422294 52.0 15.671974243357658 1.4773136932931354 1348.76 1440.53 0 173 "Covariance may not be accurate."
2008ia 109 0.0219 1812.8487727984154 0.0035055077488570082 -1.4426932934326842 0.2046010707182491 0.0 0.08104774313699181 7.274054160149587e-05 0.049326803700467485 0.014278809832211295 247.6192597862078 25.0 16.638658010372055 1.3378069721746506 1809.77 1874.69 12 97 "Minimization exited successfully."
2007ol 7 0.0559 1414.1808152431963 0.0009232533337857543 -3.1017294371181428 0.0020097812157758655 0.0 0.3090767617486563 0.00018909363016205067 1.5432947026865775 0.16589234726894364 5.842444803451721 3.0 18.09019295391036 1.8434164666998107 1409.79 1422.66 3 4 "Covariance may not be accurate. Covariance not positive definite. Covariance forced positive definite."
2008fw 70 0.0085 1733.4150868098063 0.026588445213341545 0.6729813898095218 0.1856959665812743 0.0 1.1320821613480803e-08 0.0002667032762847313 0.010743229718027623 0.0062058464176259895 281071.03658884834 41.0 14.437933250651762 0.9241716669718834 1740.89 1827.81 0 70 "Covariance may not be accurate."
2005mc 31 0.0252 729.4938174235313 0.0028995304522595263 -2.1966761176406675 0.20519419448183807 0.0 0.12408203968499265 5.811234964989149e-05 0.02099474409123477 0.011752424360028064 2445.362126564022 27.0 16.84500814694824 1.5281003857288233 736.79 773.62 0 31 "Minimization exited successfully."
2009dc 76 0.0214 1950.0335073660744 0.008611725521828319 -0.25135086329847983 0.4840879343768791 0.0 0.025165942841454125 9.532338956272485e-05 0.0302589375731952 0.007209769685441354 14944.014927416083 15.0 15.651895619230555 1.0714798552714022 1938.77 1976.68 29 47 "Minimization exited successfully."
2009F 82 0.013 1844.5268478883845 0.0012544000880170595 -3.2719972788405634 0.8028992979773022 0.0 0.02107148990717178 1.755967163978401e-05 0.021002819883246388 0.008888394019524236 26101.97100463447 28.0 17.723035540349517 1.7587000766081466 1837.75 1884.63 36 46 "Minimization exited successfully."
2008go 19 0.0623 1766.7132676238941 0.0010841796192819753 -0.5047628280831513 -0.058071533878317476 0.0 0.19520561273736803 5.318832561258883e-05 0.30650734096537835 0.03987517978199515 13.198041900133166 8.0 17.914488409003212 1.154810078356654 1764.54 1776.58 6 13 "Minimization exited successfully."
2008cf 51 0.046 1595.5554117337092 0.002463539099247282 0.7487384789610758 -0.11927968559814982 0.0 0.1393151257932459 3.8004097165422305e-05 0.03947051539654484 0.011329926898086004 15271.965714754551 22.0 17.021922439799475 0.9235833371328965 1595.77 1654.65 0 51 "Minimization exited successfully."
2006bd 31 0.0257 828.4197782800809 0.00021743508791463126 -2.7339552456716416 1.1083499435977362 0.0 0.06379018874230269 7.963395856027736e-06 0.09208260560848057 0.024183310983481397 1751.109633738769 12.0 19.594160741204288 1.5496963699298796 822.75 872.57 5 26 "Minimization exited successfully."
2007bm 50 0.0062 1223.4863917169464 0.019655044998122807 -0.49969960430570337 0.6967868239250548 0.0 0.06674419477633364 0.0002258901650908788 0.016326276300143067 0.00684769456214396 724.4003157677853 13.0 14.742601765783911 1.1026575813320232 1217.57 1278.52 7 43 "Minimization exited successfully."
2006kf 118 0.0213 1040.6253312849115 0.0026799172543529254 -2.1212249875131213 0.3486078625010685 0.0 2.6672268745642214e-05 3.578204668489719e-05 0.018389596551180887 0.008666990103303464 8032.644799306445 35.0 16.926255547434955 1.4909680990582679 1036.81 1127.64 20 98 "Minimization exited successfully."
2008bt 35 0.0154 1568.9366370278692 0.0022003781886468076 -2.477278185895459 0.6791693125646938 0.0 0.08524435231879579 4.2400251027521165e-05 0.024482488178520438 0.012281518661455234 14734.697213718384 24.0 17.12235593065708 1.5440035198937636 1571.61 1651.47 0 35 "Minimization exited successfully."
2006mr 118 0.0059 1052.2020071951022 0.0047828836388374265 -2.493254224717881 0.935980823970634 0.0 0.03854152773624264 9.285364009083774e-05 0.021192864656163116 0.01220055978514369 40642.3891325929 53.0 16.25714325996607 1.512363623219791 1045.86 1147.57 16 102 "Minimization exited successfully."
2007le 148 0.0067 1399.9653046853705 0.05102750345612347 0.3149927001605784 0.1860004686913749 0.0 0.028575816983220648 0.00043387859000826404 0.013201293967989301 0.005369481077113147 185296.43680610333 46.0 13.730431144097446 0.9863233239761673 1388.57 1470.55 30 118 "Minimization exited successfully."
2008hu 52 0.0497 1805.6412177287712 0.0010632740645301097 -1.8229531105923085 -0.017005675447527187 0.0 0.09679574327140017 2.144939866272823e-05 0.043920911222842356 0.014234202205267311 230.2958900510244 28.0 17.93640275653898 1.4524886569267288 1804.74 1844.84 5 47 "Minimization exited successfully."
2009J 18 0.0158 1828.0996895543944 0.0005718483548032622 -0.09543721946682034 0.5830548094616592 0.0 1.486535274764833 2.8330354682138834e-05 0.3909182107365644 0.03319850710950033 20.520061044341418 10.0 18.590647756667934 1.0370443401747664 1846.74 1867.68 0 18 "Minimization exited successfully."
2007N 100 0.0129 1125.9809497879594 0.0007487797090459589 -3.1249462494926568 0.9174449072137454 0.0 0.05270864278747922 1.6361029855624203e-05 0.023448224418996133 0.014136975924375631 15150.017090703897 39.0 18.27262593583082 1.6916544533738112 1123.82 1213.67 10 90 "Minimization exited successfully."
2006ob 38 0.0592 1063.0242856946438 0.0007521591314164243 -2.119385349859253 0.0877835588214675 0.0 0.16976171268106555 2.5693420626248295e-05 0.08287875512664553 0.02445621335301315 463.19853856516363 21.0 18.311894106424006 1.5202982748945182 1060.65 1121.57 2 36 "Minimization exited successfully."
2006bh 102 0.0109 832.6823990164152 0.03144563392842807 -1.4213802743640065 -0.05860774749234399 0.0 0.032032957494323 0.000258776113507114 0.009667362832083363 0.005236626615383502 31886.175488774243 33.0 14.258809554105284 1.3564092575974271 829.91 891.79 14 88 "Minimization exited successfully."
2007ba 68 0.0385 1198.8086098693645 0.0010964805802861723 -2.9854545937905823 0.3699593593563283 0.0 0.06801139515948762 4.5177876084281304e-05 0.0947257971006085 0.028296312470970624 483.39168205842464 21.0 17.896049466385055 1.7418205602571568 1190.83 1254.75 24 44 "Minimization exited successfully."
2008fp 185 0.0057 1731.5454023231985 0.014386302275109536 0.21821778983827508 0.9503454884721287 0.0 3.984928071076865e-06 0.00012263338384866997 0.009770033539555337 0.005372341147215885 277282.9585909771 53.0 15.058259312998487 0.9611365714123075 1725.83 1874.61 42 143 "Minimization exited successfully."
2005na 79 0.0263 740.7229311802206 0.004432423690763944 0.14256458524771073 0.1747891874777737 0.0 0.0724987188187356 5.3207047467380565e-05 0.02504954454148012 0.00797562714115287 25484.889705729718 50.0 16.383679513487557 1.0177280945181124 738.71 834.54 2 77 "Minimization exited successfully."
2008R 64 0.0135 1491.361477981699 0.011494752172726112 -2.250079698217042 0.17992891227196495 0.0 0.03381778635207411 0.0001283046798695684 0.011935120687627901 0.007161726793537329 9126.581219744876 21.0 15.350121896963358 1.5459145554133542 1493.63 1532.52 0 64 "Minimization exited successfully."
2005bg 31 0.0231 470.9136484046788 0.00816837619735266 0.3380407795368988 -0.11502579409531555 0.0 0.09847750008526646 0.00015132663690163356 0.05940040512903055 0.013547866134012489 537.2166386871012 27.0 15.720867942481418 0.9963700844675696 472.67 512.61 0 31 "Minimization exited successfully."
2005ke 222 0.0049 700.5281456707247 0.0154831715310637 -2.192537963729511 0.5280480296667812 0.0 0.010064963503623403 0.00016502366492555668 0.009047034161689511 0.006649316206532582 258134.76040938654 70.0 15.013563441821491 1.48818768986723 689.69 819.51 41 181 "Minimization exited successfully."
2007cg 23 0.0332 1228.5999221431662 0.0006092840491856248 0.9433172898792175 0.7824595532710621 0.0 0.2096019988240414 2.6041823978554943e-05 0.07511670225604462 0.025951849512828327 22.703059647421796 10.0 18.506182201995824 0.8534700479871375 1235.63 1259.59 0 23 "Minimization exited successfully."
