pipeline_outputs/csp/salt2_2.4_4param_all.ecsv
# %ECSV 0.9
# ---
# datatype:
# - {name: cid, datatype: string}
# - {name: num_points, datatype: int64}
# - {name: z, datatype: float64}
# - {name: t0, datatype: float64}
# - {name: x0, datatype: float64}
# - {name: x1, datatype: float64}
# - {name: c, datatype: float64}
# - {name: z_err, datatype: float64}
# - {name: t0_err, datatype: float64}
# - {name: x0_err, datatype: float64}
# - {name: x1_err, datatype: float64}
# - {name: c_err, datatype: float64}
# - {name: chi, datatype: float64}
# - {name: dof, datatype: float64}
# - {name: b_max, datatype: float64}
# - {name: delta_15, datatype: float64}
# - {name: tmin, datatype: float64}
# - {name: tmax, datatype: float64}
# - {name: pre_max, datatype: int64}
# - {name: post_max, datatype: int64}
# - {name: message, datatype: string}
# meta: !!omap
# - {bounds: null}
# - {warn: false}
# schema: astropy-2.0
cid num_points z t0 x0 x1 c z_err t0_err x0_err x1_err c_err chi dof b_max delta_15 tmin tmax pre_max post_max message
2008J 81 0.0159 1493.2641879497019 0.0021177698646190554 1.492718970885287 1.6172089923529234 0.0 0.048464151271218725 6.9522260043495705e-06 0.04802665811742395 0.002724213776180254 27698.700490997177 53.0 17.0423214736898 0.7354125246101155 1484.54 1516.52 40 41 "Minimization exited successfully."
2005kc 125 0.0151 698.2484583179577 0.006368165917543256 -0.6406300539734789 0.3794256731125129 0.0 0.012931662611606498 1.381681846258322e-05 0.016564232822255116 0.0018283801847172002 2574.681352591363 69.0 15.984650493539503 1.1525751229879528 687.52 728.54 53 72 "Minimization exited successfully."
2005A 182 0.0191 379.55613068858105 0.0008326878173726371 -0.07432409448123933 1.0247238384067283 0.0 0.051952321191492956 2.344903729952884e-06 0.019498076186265936 0.0020854307505758954 14020.608767430029 135.0 18.14418252179698 1.004991759493361 376.65 433.53 10 172 "Minimization exited successfully."
2009Y 264 0.0094 1877.3240904951713 0.031382038589080764 0.26008733009401996 0.19494620144193234 0.0 9.857140639724093e-06 3.1545788619053995e-05 0.008965374762285204 0.0006518214408795382 713282.8614971614 171.0 14.258095522645803 0.9956191169801656 1868.84 1976.65 41 223 "Minimization exited successfully."
2004gs 299 0.0267 356.2763984252846 0.0020765450084733374 -2.0127699926278146 0.2074742684793793 0.0 0.023043080710579034 3.7264404477149342e-06 0.012212343867804093 0.0015915251597937458 169916.8863687847 256.0 17.207352884380427 1.4783304994038566 352.85 461.56 12 287 "Minimization exited successfully."
2004eo 269 0.0157 278.85503858182443 0.01062989748243985 -1.2243034108909518 0.1959156963973834 0.0 0.0035549774835317294 9.139072327634213e-06 0.0038470158870346455 0.0006183952599172144 47525.904974317185 217.0 15.434302360047026 1.2889964360387314 266.52 341.54 94 175 "Minimization exited successfully."
2008gp 169 0.0334 1779.7562180950601 0.003178857358956127 -0.0734404498741199 0.04312102952673952 0.0 0.011664533305406621 6.20796960832431e-06 0.013154237921636312 0.0015174129347027324 2685.583664074801 109.0 16.74631960650706 1.0646238999927569 1768.75 1844.52 38 131 "Minimization exited successfully."
2007ca 117 0.0141 1228.1910061950114 0.005961801475707737 0.630020170486274 0.3477142633481091 0.0 0.012663656383097077 9.57011422041422e-06 0.012016350757935161 0.001269108766803262 4017.6976898032954 64.0 16.056615924508606 0.9242454687828712 1217.65 1275.65 29 88 "Minimization exited successfully."
2009al 123 0.0221 1896.8225164030011 0.005407800062091206 -0.4209663252473537 0.18563123257325928 0.0 0.06977645378560737 2.005568271581277e-05 0.020244059344161347 0.002379421585476595 3266.6809571225936 79.0 16.167874229207268 1.1227608139546952 1891.71 1973.54 18 105 "Minimization exited successfully."
2008ae 101 0.03 1513.0912968129965 0.0004640288291435472 -2.1794041938404614 0.8172190463462259 0.0 0.00035284098476040526 5.488012194951841e-06 0.08824683979077574 0.009436577097296865 4390.432943154925 36.0 18.801043372603722 1.4490024581009315 1508.74 1602.52 13 88 "Minimization exited successfully."
2006dd 217 0.0059 905.9341000000001 0.03341378603930534 0.0 0.0 0.0 5.22338685596651 9.633320278412788e-05 105.28545371848539 0.0033674985022505415 1769799.1876002648 212.0 14.192255726689577 1.053132427081529 906.94 1147.57 0 217 "Covariance may not be accurate. Covariance not positive definite. Covariance forced positive definite."
2005ki 310 0.0192 705.7738359376283 0.009315844903956618 -1.4881340340283413 -0.03345781001785721 0.0 0.010611882146065454 1.5473596365462227e-05 0.00813895692336297 0.0013383172691486377 351412.28252792417 247.0 15.579785250585783 1.370251614442072 695.86 861.5 29 281 "Minimization exited successfully."
2007if 114 0.0742 1350.0008045838313 0.0015287798442792909 0.545147691328213 0.2567092301433617 0.0 7.756994557439612e-05 0.0012356211773154608 1.0001796078973693 1.0000002417275968 30089.611187474875 78.0 17.537219546197157 0.9428636721118799 1355.77 1443.6 0 114 "Covariance may not be accurate."
2006D 298 0.0085 757.734984616385 0.031747915164194625 -1.4741716347855272 0.08219674909038004 0.0 0.01347773997645163 4.5593758558627155e-05 0.006668896876407813 0.0009689113308841292 719933.5646507497 222.0 14.248169697685542 1.3564452048968523 751.84 891.61 12 286 "Minimization exited successfully."
2006lu 128 0.0534 1039.1800462455778 0.0010276216397039897 -0.2183138395869954 0.08066877640068283 0.0 2.2006663584761554e-06 3.4616767824960395e-06 0.027036891330951336 0.003232893457271629 20394.98339516011 119.0 17.972241941813163 1.0900258859023246 1040.84 1137.75 0 128 "Covariance may not be accurate."
2009ag 208 0.0086 1890.1455149141493 0.010532676249916434 -0.28390226430667087 0.4576072718459458 0.0 0.02677849974190849 2.0699103317805672e-05 0.009324319322436297 0.0011288583451437891 5270.504578637658 104.0 15.434630633677422 1.0791906931727908 1886.62 1959.54 24 184 "Minimization exited successfully."
2006ev 116 0.0287 989.9165491102808 0.0019038104210830908 -1.3237703938966459 0.2016459529976595 0.0 0.07025912563960901 1.1561954469556492e-05 0.02837852585768882 0.0035242443313898337 444.9061078031423 45.0 17.3014882776385 1.3108297268414617 993.59 1039.52 0 116 "Minimization exited successfully."
2009cz 83 0.0211 1943.9540349018546 0.008092318126787028 0.6421221774103342 0.0764607588770913 0.0 0.021293998354394716 1.888311225847003e-05 0.023320228899384506 0.0020031127378157838 707.4774842563577 44.0 15.731065897395295 0.9341538782633076 1937.53 1966.46 24 59 "Minimization exited successfully."
2006gj 122 0.0284 nan nan nan nan 0.0 nan nan nan nan nan nan nan nan nan nan 0 0 "result is NaN User function arguments:      z = +0.028400     t0 = +1076.505053     x0 = +2329569.715517     x1 = -15.069395      c = +3726.691596"
2005el 236 0.0149 648.0250756513718 0.013564989386529475 -1.5283629595479211 -0.015523024771174513 0.0 2.8034699539603025e-06 2.2309301014405865e-05 0.0072881747788568225 0.0011600601029116107 164714.4552565657 135.0 15.171841808596525 1.378386864236493 639.89 730.75 24 212 "Minimization exited successfully."
2007jh 45 0.0408 1363.584429541297 0.0005575540418610628 -1.311886002492836 0.38929188938097753 0.0 0.15994755076962974 4.155660140159539e-06 0.056415127709097804 0.006437531782002437 1169.5963895078105 39.0 18.628899204168043 1.2912825665570118 1363.86 1413.8 0 45 "Minimization exited successfully."
2007so 66 0.0297 1427.9217892393183 0.003081893869842538 -1.2238801016580416 0.18951452373695282 0.0 0.1314051344057816 2.894380464825351e-05 0.02625888035145479 0.0048687327886299606 2298.5767555532816 39.0 16.77871340123955 1.289448646629097 1449.68 1494.53 0 66 "Minimization exited successfully."
2006gt 93 0.0448 1002.8145476196328 0.0007949557883961346 -2.3062966396770674 0.19239442481686245 0.0 0.06370871471119699 3.180791209897672e-06 0.034881535632249126 0.0035586067948724324 3267.6614020140973 60.0 18.25028433760671 1.5602304586027849 1001.67 1076.62 10 83 "Minimization exited successfully."
2007ai 111 0.0317 1174.637062046188 0.000874035004612396 0.6518220666647682 0.5286152976832912 0.0 0.08797607059636903 4.046845544855456e-06 0.047906170127331844 0.0037723295224218177 6143.65842834192 81.0 18.1326986106179 0.9121842320366973 1167.88 1259.7 20 91 "Minimization exited successfully."
2006hb 190 0.0153 1000.1040807453143 0.012387639888464008 -2.123658807106214 0.03890799135849283 0.0 0.02882770419330427 4.731112848371471e-05 0.009760762168129272 0.002075621358279083 131275.6137633017 139.0 15.270556854973236 1.5269283552847561 1006.87 1143.59 0 190 "Minimization exited successfully."
2007hj 266 0.0141 1346.4455053886106 0.008563830271791324 -2.1550442201225524 0.2563485074531516 0.0 0.024665340108072087 1.8676539535861408e-05 0.006318269467952844 0.0012528943356185655 92340.82294447787 145.0 15.667877206148946 1.5107610200091006 1348.76 1440.53 0 266 "Minimization exited successfully."
2008ia 166 0.0219 1813.3821985362817 0.0036651071420284193 -1.2549906194918665 0.16181539510862603 0.0 0.02923344914665904 7.653796573986066e-06 0.01978901469575475 0.0019050225637901091 1565.8276872536987 82.0 16.591080024444512 1.298779656437297 1809.77 1874.69 22 144 "Minimization exited successfully."
2007ol 31 0.0559 1413.2354634213723 0.0009405441958348609 -2.1161528173156814 0.02013213952630607 0.0 0.09891988259619211 5.717488773204525e-06 0.19795403189805463 0.007411832041411102 255.9812251481543 27.0 18.069649590797397 1.5269211540260272 1409.79 1422.66 10 21 "Minimization exited successfully."
2008fw 162 0.0085 1736.4450380179064 0.023978028515362685 0.22169007188803347 0.20542123990213493 0.0 2.529605922063638e-06 3.537705340297101e-05 0.007426921497288698 0.0010186227450279795 743290.1733241623 133.0 14.550066579561333 1.001929409820976 1740.89 1827.81 0 162 "Minimization exited successfully."
2005mc 83 0.0252 730.5885306112964 0.002517936828693528 -2.137451353936576 0.25348298791916285 0.0 0.09702564911697209 2.3405037427544757e-05 0.015997454078051972 0.0034867270078744513 3133.7591573679483 79.0 16.99700663200971 1.5063503765602846 736.79 773.62 0 83 "Minimization exited successfully."
2009dc 116 0.0214 1949.182820607202 0.013576153620997894 1.063840361997505 0.1762318926783534 0.0 0.01892145944771073 2.7326420169611498e-05 0.016363092701869964 0.0015737292553596684 32052.311219452953 55.0 15.167547294582278 0.8588968063595672 1938.77 1976.68 41 75 "Minimization exited successfully."
2009F 139 0.013 1842.7234024339639 0.0019311446377043983 -3.2338661114452414 0.505743333037903 0.0 0.015268957902890179 4.532040017553248e-06 0.016395140203573307 0.0018851473838893027 48147.40960141469 85.0 17.275283913294047 1.8015297907199326 1837.75 1884.63 56 83 "Minimization exited successfully."
2008go 43 0.0623 1765.3638293547017 0.0009052309236564142 0.5084430350336715 0.11378010933808602 0.0 0.12297063494997929 3.2433626672551834e-06 0.11006345318140147 0.003138364859474242 677.5356636197437 32.0 18.109068040673556 0.9557359813395472 1764.54 1776.58 2 41 "Minimization exited successfully."
2008cf 96 0.046 1596.3718738776427 0.00211647754134119 0.8511557246762304 -0.017991661419224373 0.0 3.962310904626065e-05 3.847137613162196e-06 0.017863449120509252 0.001752044533655626 22110.803807601966 67.0 17.18736707141118 0.9020313219098419 1595.77 1654.65 6 90 "Covariance may not be accurate."
2006bd 52 0.0257 810.1302709918585 0.001218228336920386 -1.7001416893982377 0.38741909191814294 0.0 0.12141320082599805 1.713371901787425e-05 0.041692324706728845 0.008578045339999629 2573.171965794129 33.0 17.78054499160151 1.3809205721904476 822.75 872.57 0 52 "Minimization exited successfully."
2007bm 85 0.0062 1224.992053061341 0.024972202833274216 -0.8952995370135736 0.5197814665030956 0.0 0.03185910820150184 4.418559582406991e-05 0.011019044808540351 0.0010810650864180962 3514.894067902348 48.0 14.49443255928135 1.1924863709088331 1217.57 1278.52 11 74 "Minimization exited successfully."
2006kf 180 0.0213 1041.3116431097696 0.0032006218091250615 -2.1085072305493235 0.22063644079162326 0.0 0.01897529842460699 6.732572966052601e-06 0.013598152216517676 0.0017877500139489018 20119.597839435002 97.0 16.737355142290376 1.502337845586169 1036.81 1127.64 32 148 "Minimization exited successfully."
2008bt 84 0.0154 nan nan nan nan 0.0 nan nan nan nan nan nan nan nan nan nan 0 0 "result is NaN User function arguments:      z = +0.015400     t0 = +1666.135851     x0 = -174146.037147     x1 = +113.180028      c = -1197.443237"
2006mr 221 0.0059 1050.9504564275485 0.00943075272409876 -1.8078313837590636 0.5166871531820378 0.0 0.024617448257572505 2.340990727896711e-05 0.01535018199823389 0.0019523929308142792 99766.20708160097 156.0 15.55231872599225 1.393385744746329 1045.86 1147.57 28 193 "Minimization exited successfully."
2007le 242 0.0067 1399.8676913413822 0.04245335538213229 0.3022312136421483 0.31301463729307627 0.0 0.015596638371107474 6.833212641085557e-05 0.009757679467681779 0.0011181195640816025 353563.53252376965 140.0 13.926769213130276 0.9821931137402196 1388.57 1470.55 43 199 "Minimization exited successfully."
2008hu 97 0.0497 1806.3351255961668 0.0009092333645126749 -1.7590883469408969 0.07906397410547089 0.0 0.06916969460473865 4.176395713904745e-06 0.02955027880282321 0.003145951465329965 715.4030735855797 73.0 18.105918299162116 1.4263941525692196 1804.74 1844.84 5 92 "Minimization exited successfully."
2009J 41 0.0158 nan nan nan nan 0.0 nan nan nan nan nan nan nan nan nan nan 0 0 "result is NaN User function arguments:      z = +0.015800     t0 = +1856.699093     x0 = -10440470.389471     x1 = +150.600028      c = +6369.340055"
2007N 165 0.0129 1113.1994055563202 0.00235779482119722 -3.009992251881338 0.5797505379817978 0.0 0.04573430524271771 1.670281852252013e-05 0.016086166051348195 0.004661846148528121 24901.23608858274 104.0 17.05421005914931 1.7147216424671647 1123.82 1213.67 0 165 "Minimization exited successfully."
2006ob 63 0.0592 1063.7453926586618 0.0008082615307237956 -2.2358362979163173 0.02777915368660638 0.0 0.07017776443194634 3.887098987957921e-06 0.046792188657697374 0.00478158269524532 947.2543570492874 46.0 18.234239574646807 1.559804817425011 1060.65 1121.57 6 57 "Minimization exited successfully."
2006bh 175 0.0109 833.3473705398206 0.028924585162356593 -1.4780429550413559 -0.019581458013444228 0.0 0.018927494388208288 4.2255915692141817e-05 0.006723936031513819 0.0009885163204379666 74479.2307917893 106.0 14.349695888309729 1.366574148906425 829.91 891.79 23 152 "Minimization exited successfully."
2007ba 124 0.0385 nan nan nan nan 0.0 nan nan nan nan nan nan nan nan nan nan 0 0 "result is NaN User function arguments:      z = +0.038500     t0 = +1144.766301     x0 = +2812293.894572     x1 = +1365.232367      c = +8289.255053"
2008fp 300 0.0057 1733.5250310096706 0.024008204316826834 -0.32570686785646347 0.623389337042329 0.0 3.21194420394022e-07 3.3392169790255337e-05 0.005463020258996612 0.001034197751140659 653833.7389445179 168.0 14.530488881538055 1.0758737162729197 1724.84 1874.61 72 228 "Covariance may not be accurate."
2005na 170 0.0263 741.3950533555292 0.0054240982738529555 -0.37842940026972866 0.028514058765448737 0.0 0.031206809596483254 9.564347726903551e-06 0.015798862843334892 0.0014611995034004505 55281.300981553184 141.0 16.16642861505826 1.1242278854503276 738.71 834.54 12 158 "Minimization exited successfully."
2008R 107 0.0135 1492.3818328967866 0.011614830773555403 -2.1707894904902463 0.13151654360315634 0.0 0.023048128882578567 2.2285495280798088e-05 0.00796013708863711 0.001291238419317585 16352.544461244199 64.0 15.339626438627032 1.5295263481219088 1493.63 1532.52 0 107 "Minimization exited successfully."
2005bg 95 0.0231 469.6518558454392 0.007000917119633993 0.8242332565226868 0.028412395375580917 0.0 0.0662175733423851 1.87009134620179e-05 0.03210951324297579 0.0016161545612210328 2310.5815489313136 91.0 15.888490248979446 0.9048361072510911 471.65 512.61 0 95 "Minimization exited successfully."
2005ke 367 0.0049 699.8653385307493 0.016475883847341815 -2.0532977781970114 0.4856903590932743 0.0 0.006234645842653208 2.709242661389974e-05 0.006948097595572111 0.0011780375716506871 642680.7767334485 215.0 14.948322100222835 1.4574383587559083 689.69 819.51 65 302 "Minimization exited successfully."
2007cg 45 0.0332 1228.1243988773927 0.0007180588639189077 0.8099789998451555 0.694902417155944 0.0 0.18286314452734587 1.0739755211293682e-05 0.0575682094125312 0.007163705100761205 278.3102310486672 32.0 18.334986018526436 0.878656732238305 1235.63 1259.59 0 45 "Minimization exited successfully."
2004gu 156 0.0459 362.98356980723247 0.0016830585800498266 1.4424685838216262 0.12473479707850757 0.0 0.04655916510509428 4.630213466273241e-06 0.02423896177871721 0.002080939306139619 1256.0362932755725 141.0 17.434662385373876 0.7984136638985007 357.86 410.84 14 142 "Minimization exited successfully."
