results/collective_fits/no_ext/des_sn3yr_simple_fit_class.ecsv
# %ECSV 0.9
# ---
# datatype:
# - {name: obj_id, datatype: string}
# - {name: x, datatype: float64}
# - {name: y, datatype: float64}
# schema: astropy-2.0
obj_id x y
01248677 -198.3733068783069 -23.883241758241756
01250017 -28.54653846153846 -23.2196164021164
01253039 -1.5237619047619049 -0.5369117647058823
01253101 -1.1238461538461537 -2.6141666666666667
01253920 -1.3788636363636366 -9.437333333333333
01255502 -90.95160714285714 -35.68066666666666
01257366 -0.7363333333333334 -3.380217391304348
01257695 -40.63125 -38.301818181818184
01258906 -6.5645108695652175 -2.4273484848484843
01258940 -3.498537634408602 -0.7241904761904763
01259412 -32.910555555555554 -43.45943722943723
01261579 -122.18625000000002 -32.52549019607843
01263369 -10.721190476190475 -1.7086666666666668
01263715 -29.525238095238095 -6.343166666666667
01275946 -63.19016666666667 -31.23680158730159
01279500 -27.148888888888887 -47.99926190476191
01280217 -6.674264367816091 -6.348809523809523
01281668 -6.515555555555555 -6.497715019255455
01281886 -3.1383333333333328 -1.3048529411764704
01282736 -1.0089299242424243 -0.5937254901960783
01283373 -10.711636363636362 -9.27086763070078
01283878 -1.2385897435897435 -0.6948000000000001
01283936 -0.5064358974358973 -0.293452380952381
01285317 -0.40997619047619055 -0.3194805194805196
01286398 -14.294940476190476 -11.475952380952382
01287626 -6.383333333333334 -22.774166666666666
01289288 -0.26584313725490194 -0.9557875457875458
01289555 -0.8081250000000001 -0.20541795665634666
01289600 -6.848553948832035 -7.574166666666667
01289656 -0.31808823529411767 -0.0018421052631578672
01289664 -1.0853846153846154 -4.267591397849463
01290779 -4.136447368421053 -4.772222222222222
01290816 -13.987142857142857 -33.98022875816993
01291080 -0.13836363636363624 0.007272727272727542
01291090 -15.016909090909092 -8.573814229249013
01291794 -1.7925714285714283 -1.0270535714285716
01291957 -12.6672 -3.915
01292145 -0.3836764705882354 -0.7412867647058825
01292332 -3.7220000000000004 -3.535770750988142
01292336 -3.277555555555555 -6.059683794466404
01292560 -27.215 -31.45796666666667
01293319 -11.758818181818182 -18.07035
01293758 -68.74895238095239 -9.86742857142857
01294014 -7.500643274853801 -7.325833333333334
01294743 -0.5076388888888889 -4.154328063241106
01295027 -1.6638068181818182 -0.7362132352941178
01295256 -1.1914835164835167 -0.42747619047619057
01295305 -3.385576923076923 -4.6832142857142856
01295921 -0.5621212121212121 -0.6031818181818182
01296273 -8.832130541871921 -2.588626373626373
01296321 -7.900727272727273 -8.484822134387352
01296657 -32.00566666666667 -14.125064935064938
01297026 -3.054181818181818 -3.117716666666667
01297465 -39.21763636363636 -27.34936507936508
01298281 -0.28179487179487184 -4.98048433048433
01298893 -0.6449999999999999 -1.3682692307692308
01299643 -15.765825123152709 -7.080274725274725
01299775 -8.191666666666666 -4.8651904761904765
01299785 -2.1530414746543776 -1.7896503496503495
01300516 -4.4620512820512825 -5.068494252873563
01300912 -11.27686507936508 -7.565934065934066
01301933 -22.43224358974359 -56.476225071225066
01302058 -21.626727272727273 -18.317513227513228
01302141 -0.2463742690058479 -0.27514285714285713
01302187 -1.0154761904761904 -2.7976638176638176
01302523 -7.592953846153845 -2.059551282051282
01302648 -1.4895555555555555 -4.883846153846154
01303004 -16.901333333333337 -11.400887096774195
01303279 -16.491999999999997 -4.90608695652174
01303496 -4.555238095238096 -5.330980392156863
01303883 -5.741190476190476 -3.6660714285714286
01303952 0.0818333333333332 -0.23691666666666666
01304442 nan -3.9123809523809525
01304678 0.0017857142857142794 -1.1067806267806266
01305504 -3.585272727272727 -3.265320512820513
01305626 -24.161363636363635 -39.81203463203464
01306029 -1.6564616935483871 -0.9841249999999999
01306073 -3.2988111888111886 -6.8864363636363635
01306141 -8.212460317460318 -4.257820512820513
01306360 -0.022573529411764715 -0.2531045751633987
01306390 -0.19160560344827587 -0.22415384615384615
01306537 -0.4075367647058823 -0.95281045751634
01306626 -4.2023891129032265 -0.7684558823529412
01306785 -0.25708333333333333 -0.5841269841269842
01306980 -0.14707602339181292 -0.08092857142857135
01306991 -0.5816098484848484 -0.10650326797385623
01307277 -0.06279233870967749 -0.2367083333333333
01307830 -7.278425925925926 -1.9177564102564102
01308314 -7.070483870967742 -3.2696666666666667
01308326 -5.2771978021978025 -8.237512315270937
01308568 -0.676190476190476 -0.20448529411764704
01308582 -2.7194729344729343 -0.6535897435897435
01308884 -207.51464285714286 -192.0170238095238
01308957 -0.6758571428571432 -0.038846153846153864
01309288 -0.13500000000000004 -2.216503623188406
01309492 -90.46075384615384 -24.192252747252745
01310338 -3.846660079051383 -0.7281666666666667
01310395 -0.7722857142857142 -3.935064516129032
01312274 -1.1951379310344827 -0.28446969696969704
01313594 -21.619583333333335 -13.376413043478262
01314897 -3.9346320346320347 -10.182272727272728
01315192 -6.446 -15.76028947368421
01315259 -7.995238095238095 -9.208526315789474
01315296 -1.7846442687747035 -1.0113636363636362
01316385 -51.651666666666664 -36.02885964912281
01316431 -68.47160714285715 -32.431985294117645
01316437 -0.6758888888888888 -0.625
01316465 -171.05833333333334 -89.45333333333332
01317164 -1.6666666666666665 -1.3942724458204334
01317277 0.07311111111111113 -3.010466666666667
01317286 -24.511444444444443 -19.745045454545455
01317454 -0.8023214285714291 -1.618035714285714
01317666 -78.25616959064328 -70.79533333333333
01319366 -9.776923076923078 -14.746711822660098
01319821 -6.065714285714286 -4.8118181818181816
01320166 -2.7586666666666666 -0.8855
01322229 -2.58 -3.2875000000000005
01322979 -13.091333333333333 -13.52309523809524
01324542 -1.355 -0.7023809523809523
01327978 -0.2554761904761904 -0.998505291005291
01328066 -1.3144444444444443 -0.7459444444444443
01328105 -2.1573826458036987 -1.3474736842105262
01329312 -1.4653703703703704 -0.9011363636363637
01329615 -1.1410919540229885 -0.6666666666666666
01330031 -224.0072222222222 -192.3958947368421
01330426 -49.5373717948718 -47.76467816091954
01330642 -2.078653846153846 -5.130238095238095
01330903 -0.6865882352941175 -0.1272916666666668
01331123 -0.7135714285714286 -2.979334677419355
01332059 -0.5739010989010991 -0.5556190476190475
01332413 -1.8766666666666667 -0.5932857142857142
01333246 -0.5262678062678062 -0.696923076923077
01333438 -1.3486039886039887 -0.12333333333333331
01334084 -6.985555555555555 -9.199841269841269
01334087 -inf -5.394500000000001
01334302 -0.16747252747252744 0.047166666666666635
01334423 -3.718184615384615 -2.8615909090909093
01334448 -0.01794871794871794 -0.06435897435897442
01334470 -0.7368939393939394 -0.28454545454545443
01334597 -144.795 -64.79526315789474
01334620 -0.897651515151515 -2.8422666666666667
01334644 -1.0293589743589744 -2.9737833333333334
01334645 -2.4258333333333333 -7.188007246376811
01334879 -2.752307692307692 -3.4643406593406594
01335472 -0.9637777777777776 -0.5617272727272727
01335564 -0.4992424242424242 -0.5160909090909094
01335694 -57.31027777777778 -20.76437908496732
01335717 -34.14545454545454 -19.831837944664034
01335868 -0.5953846153846153 -1.4398076923076923
01336008 -7.118874458874459 -1.711181818181818
01336009 -2.5440711462450594 -1.6167272727272728
01336453 -34.526 -39.675666666666665
01336480 -12.954 -3.231666666666667
01336687 -11.754444444444443 -19.567602339181285
01337117 -4.595535714285714 -1.777638888888889
01337228 -0.23509090909090924 -0.5623636363636364
01337272 -0.382142857142857 -0.5473214285714285
01337325 -0.20291666666666663 0.0031944444444444997
01337649 -37.59866666666667 -31.056923076923074
01337687 -29.35325 -27.003333333333334
01337703 -0.5904040404040406 -1.028
01337838 -28.08 -13.507058823529412
01338128 -3.9896428571428575 -1.8090849673202616
01338170 -2.787294117647059 -3.7911111111111118
01338233 -0.09625 -0.2061111111111111
01338278 -1.6414285714285715 -0.32000000000000006
01338387 -4.295476190476191 -1.708333333333333
01338430 -1.7354761904761906 -1.2214285714285713
01338471 -0.39714285714285713 -0.13416666666666666
01338675 -50.651590909090906 -27.472499999999997
01339002 -1.6711904761904761 -0.4657647058823531
01339149 -0.21666666666666667 -1.1283333333333334
01339392 -0.17833333333333334 -2.9353333333333333
01339450 -0.248080808080808 -0.39707070707070713
01340454 -3.0681699346405233 -3.072857142857143
01341370 -17.52378787878788 -4.8935
01341894 -5.9591666666666665 -6.649
01342255 -47.068333333333335 -45.49142857142857
01343208 -1.9800000000000002 -4.728666666666667
01343337 -1.076428571428571 -1.1520000000000001
01343401 -8.611666666666666 -4.981666666666667
01343533 -0.763956043956044 -0.2776666666666666
01343759 -11.930833333333334 -19.852
01343871 -2.9025 -2.076666666666666
01344692 0.21288888888888885 0.3858333333333333
01345553 -3.079166666666666 -9.250777777777778
01345582 -2.2800000000000002 -0.36916666666666664
01345594 -1.617222222222222 -0.031666666666666676
01346137 -4.150333333333334 -0.22749999999999998
01346387 -40.478727272727276 -13.5365
01346956 -31.787857142857142 -10.313333333333334
01346966 -12.456428571428573 -6.303333333333334
