results/collective_fits/no_ext/des_sn3yr_simple_fit_class.ecsv
# %ECSV 0.9
# ---
# datatype:
# - {name: obj_id, datatype: string}
# - {name: x, datatype: float64}
# - {name: y, datatype: float64}
# schema: astropy-2.0
obj_id x y
01248677 -198.38107142857143 -23.882417582417585
01250017 -28.545824175824176 -23.219259259259257
01253039 -1.5238095238095235 -0.5369117647058823
01253101 -1.126153846153846 -2.695384615384616
01253920 -1.3571212121212122 -9.459016666666667
01255502 -26.500535714285714 -35.83533333333333
01257366 -0.7366666666666666 -3.3694466403162053
01257695 -40.7225 -38.28909090909091
01258906 -6.5683333333333325 -2.42719696969697
01258940 -3.4985483870967737 -0.7241904761904763
01259412 -32.91180555555555 -43.46084415584416
01261579 -122.18625000000002 -32.52549019607843
01263369 -10.721190476190475 -1.7086666666666668
01263715 -29.525238095238095 -6.343166666666667
01275946 -63.7415 -31.23165873015873
01279500 -25.772111111111112 -47.99866666666667
01280217 -2.5060000000000002 -4.47947619047619
01281668 -6.396597222222223 -6.488915275994866
01281886 -3.1409893048128343 -1.3013602941176472
01282736 -1.0083238636363636 -0.593202614379085
01283373 -10.717272727272727 -9.272224694104562
01283878 -1.225320512820513 -0.6940307692307693
01283936 -0.5096794871794872 -0.28628571428571414
01285317 -0.40902380952380957 -0.3194805194805196
01286398 -14.29375 -11.481428571428571
01287626 -6.378333333333333 -22.776666666666667
01289288 -0.23145098039215695 -0.9439377289377289
01289555 -0.8072222222222221 -0.20730650154798758
01289600 -6.852369299221357 -7.553589743589743
01289656 -0.2955514705882354 0.01178362573099423
01289664 -1.0189560439560437 -4.262376344086022
01290779 -4.110026315789474 -4.901777777777777
01290816 -13.006607142857144 -33.92437908496732
01291080 -0.15127272727272723 0.0005303030303032141
01291090 -14.528272727272729 -8.573379446640317
01291794 -1.7926964285714289 -1.0333928571428572
01291957 -12.701833333333335 -3.8969696969696965
01292145 -0.38555147058823547 -0.7396691176470589
01292332 -3.735666666666667 -3.535849802371542
01292336 -3.2868888888888885 -6.066324110671938
01292560 -2.2625 -22.4088
01293319 -11.049909090909091 -18.07701666666667
01293758 -69.03928571428571 -9.882285714285715
01294014 -7.500116959064328 -7.337499999999999
01294743 -0.5075 -4.159743083003953
01295027 -1.663503787878788 -0.7337867647058822
01295256 -1.1663736263736264 -0.42638095238095236
01295305 -3.3837820512820516 -4.674107142857143
01295921 -0.5129545454545453 -0.5995454545454546
01296273 -8.831798029556651 -2.5763736263736265
01296321 -7.9194545454545455 -8.476600790513833
01296657 -32.11166666666667 -14.121277056277055
01297026 -3.058090909090909 -3.1147666666666667
01297465 -39.35118181818182 -27.33185185185185
01298281 -0.2763461538461539 -4.978319088319088
01298893 -0.6649999999999999 -1.3682692307692308
01299643 -15.758682266009853 -7.069725274725275
01299775 -8.198333333333334 -4.866190476190476
01299785 -2.151543778801843 -1.7862937062937063
01300516 -4.460512820512821 -5.064793103448276
01300912 -11.277632275132273 -7.564505494505494
01301933 -22.4275641025641 -56.48782051282052
01302058 -20.770545454545456 -18.28554232804233
01302141 -0.24485380116959055 -0.2760476190476191
01302187 -0.9738095238095237 -2.7976638176638176
01302523 -7.608846153846153 -2.0535897435897437
01302648 -1.4028888888888889 -4.879184615384616
01303004 -16.871333333333332 -11.402852822580645
01303279 -16.584000000000003 -4.9173913043478255
01303496 -4.510952380952381 -5.326666666666667
01303883 -5.806761904761904 -3.658896825396825
01303952 0.08695833333333347 -0.23695833333333327
01304442 nan -3.945714285714285
01304678 -0.0021428571428571547 -1.1095014245014245
01305504 -3.587272727272727 -3.268653846153846
01305626 -24.160454545454545 -39.8139393939394
01306029 -1.6571068548387096 -0.9748333333333332
01306073 -3.300629370629371 -6.890072727272727
01306141 -8.212328042328043 -4.254551282051283
01306360 -0.022573529411764715 -0.25254901960784315
01306390 -0.1929849137931034 -0.2118461538461539
01306537 -0.41419117647058823 -0.9431045751633986
01306626 -4.211431451612903 -0.7610661764705882
01306785 -0.25708333333333333 -0.5841269841269842
01306980 -0.1567251461988305 -0.06297619047619041
01306991 -0.578465909090909 -0.10545751633986927
01307277 -0.06533266129032256 -0.23845833333333333
01307830 -7.27436507936508 -1.9260256410256409
01308314 -7.070462365591399 -3.2662857142857145
01308326 -5.278736263736263 -8.241071428571427
01308568 -0.6622857142857144 -0.20514705882352946
01308582 -2.724017094017094 -0.6527564102564103
01308884 -205.59750000000003 -192.35642063492062
01308957 -0.6794761904761903 -0.036758241758241716
01309288 -0.13500000000000004 -2.215199275362319
01309492 -90.4564153846154 -24.191648351648354
01310338 -3.8440118577075104 -0.7307916666666665
01310395 -0.7716190476190476 -3.9354086021505372
01312274 -1.1920344827586207 -0.28174242424242424
01313594 -21.619583333333335 -13.376413043478262
01314897 -3.9314285714285715 -10.162651515151515
01315192 -6.446 -15.76028947368421
01315259 -7.995238095238095 -9.208526315789474
01315296 -1.7846442687747035 -1.0113636363636362
01316385 -51.651666666666664 -36.02885964912281
01316431 -401.65446428571425 -53.19511029411765
01316437 -0.6758888888888888 -0.625
01316465 -171.05833333333334 -89.45333333333332
01317164 -1.6766666666666665 -1.4007430340557274
01317277 0.07311111111111113 -3.010466666666667
01317286 -22.481333333333332 -19.745045454545455
01317454 -0.8023214285714291 -1.6166071428571427
01317666 -78.57143274853802 -70.64483333333334
01319366 -9.015128205128205 -14.71777093596059
01319821 -6.065714285714286 -4.810865800865801
01320166 -2.7586666666666666 -0.8855
01322229 -2.583333333333334 -3.2908333333333335
01322979 -12.667333333333332 -13.524761904761904
01324542 -1.355 -0.7023809523809523
01327978 -0.2554761904761904 -0.998505291005291
01328066 -1.3138194444444444 -0.7448888888888889
01328105 -2.157389758179232 -1.3459210526315786
01329312 -1.4653835978835978 -0.9038636363636364
01329615 -1.1421149425287358 -0.6683333333333333
01330031 -77.19544444444445 -192.58305263157897
01330426 -45.38967948717948 -47.73987356321839
01330642 -2.0778205128205127 -5.131071428571429
01330903 -0.6894901960784313 -0.10298611111111122
01331123 -0.7136190476190475 -2.9809475806451613
01332059 -0.5701648351648351 -0.5539047619047617
01332413 -1.8766666666666667 -0.5932857142857142
01333246 -0.5239743589743588 -0.696923076923077
01333438 -1.3452564102564102 -0.12047619047619045
01334084 -6.988055555555555 -9.19936507936508
01334087 -inf -5.391166666666667
01334302 -0.1682417582417582 0.04779166666666662
01334423 -3.718184615384615 -2.860681818181818
01334448 -0.01794871794871794 -0.06435897435897442
01334470 -0.7368939393939394 -0.28454545454545443
01334597 -144.80125 -64.79526315789474
01334620 -0.9045454545454543 -2.83705
01334644 -1.0276923076923077 -2.977966666666667
01334645 -2.4320833333333334 -7.185833333333333
01334879 -2.7531410256410256 -3.4643406593406594
01335472 -0.9647777777777776 -0.5617272727272727
01335564 -0.4992424242424242 -0.5179090909090911
01335694 -57.35652777777778 -20.763790849673203
01335717 -34.14545454545454 -19.831837944664034
01335868 -0.5953846153846153 -1.4398076923076923
01336008 -7.1193506493506495 -1.710181818181818
01336009 -2.5440711462450594 -1.6167272727272728
01336453 -34.526 -39.675666666666665
01336480 -12.952 -3.231666666666667
01336687 -11.754444444444443 -19.567602339181285
01337117 -4.595535714285714 -1.777638888888889
01337228 -0.23509090909090924 -0.5623636363636364
01337272 -0.382142857142857 -0.5473214285714285
01337325 -0.20291666666666663 0.0031944444444444997
01337649 -35.00266666666666 -31.06
01337687 -29.35075 -27.000555555555557
01337703 -0.5904040404040406 -1.028
01337838 -28.08 -13.507058823529412
01338128 -3.9882142857142857 -1.8090849673202616
01338170 -2.786117647058824 -3.788253968253968
01338233 -0.09625 -0.2061111111111111
01338278 -1.6414285714285715 -0.32000000000000006
01338387 -4.295476190476191 -1.708333333333333
01338430 -1.7354761904761906 -1.2214285714285713
01338471 -0.39714285714285713 -0.13416666666666666
01338675 -50.651590909090906 -27.469166666666666
01339002 -1.6711904761904761 -0.4657647058823531
01339149 -0.21666666666666667 -1.1300000000000003
01339392 -0.18333333333333335 -2.9353333333333333
01339450 -0.248080808080808 -0.39707070707070713
01340454 -3.0681699346405233 -3.072857142857143
01341370 -17.52378787878788 -4.8935
01341894 -5.9591666666666665 -6.647888888888889
01342255 -46.39833333333333 -45.46714285714286
01343208 -1.9800000000000002 -4.700666666666667
01343337 -1.0779670329670323 -1.166
01343401 -8.611666666666666 -4.981666666666667
01343533 -0.763956043956044 -0.2776666666666666
01343759 -11.930833333333334 -19.852
01343871 -2.9025 -2.076666666666666
01344692 0.21288888888888885 0.3858333333333333
01345553 -3.079166666666666 -9.249666666666668
01345582 -2.2800000000000002 -0.36916666666666664
01345594 -1.617222222222222 -0.031666666666666676
01346137 -4.150333333333334 -0.22749999999999998
01346387 -40.478727272727276 -13.5365
01346956 -31.787857142857142 -10.313333333333334
01346966 -12.456428571428573 -6.298333333333334
