results/collective_fits/with_ext/des_sn3yr_simple_fit_class.ecsv
# %ECSV 0.9
# ---
# datatype:
# - {name: obj_id, datatype: string}
# - {name: x, datatype: float64}
# - {name: y, datatype: float64}
# schema: astropy-2.0
obj_id x y
01248677 -199.77558201058199 -23.82774725274725
01250017 -31.25362637362637 -23.095291005291003
01253039 -1.5223809523809522 -0.5374999999999999
01253101 -1.123846153846154 -2.693717948717949
01253920 -1.3932575757575758 -9.432066666666667
01255502 -27.679285714285715 -35.952666666666666
01257366 -0.7363333333333334 -3.39005928853755
01257695 -41.097500000000004 -38.26
01258906 -6.626648550724637 -2.425151515151515
01258940 -3.7828387096774194 -0.722
01259412 -32.667361111111106 -44.05722943722944
01261579 -124.66625 -33.55395424836601
01263369 -11.535238095238094 -1.9155
01263715 -30.07714285714286 -6.534166666666666
01275946 -64.40158333333332 -31.450849206349204
01279500 -26.260111111111108 -48.75261904761904
01280217 -2.6913793103448276 -4.47947619047619
01281668 -6.402708333333333 -6.5229781771501925
01281886 -3.287023172905526 -1.3002573529411765
01282736 -1.1259469696969697 -0.5901960784313726
01283373 -10.841363636363637 -9.322525027808677
01283878 -1.2742948717948717 -0.7149076923076924
01283936 -0.5294743589743591 -0.28721428571428576
01285317 -0.41000000000000003 -0.31995670995671
01286398 -15.356428571428571 -11.478869047619048
01287626 -6.590000000000001 -23.194722222222225
01289288 -0.24039215686274495 -0.9522527472527473
01289555 -0.8045833333333333 -0.21012383900928788
01289600 -7.023815350389321 -7.556474358974359
01289656 -0.30308823529411766 0.006900584795321629
01289664 -0.9695054945054944 -4.749118279569893
01290779 -4.249552631578948 -4.872222222222223
01290816 -13.08267857142857 -34.21529411764706
01291080 -0.19227272727272737 -0.03174242424242424
01291090 -14.681272727272727 -8.606482213438737
01291794 -1.8277857142857141 -1.030982142857143
01291957 -12.7909 -3.8940151515151515
01292145 -0.387389705882353 -0.7416176470588236
01292332 -3.7971111111111107 -3.580632411067194
01292336 -3.328888888888889 -6.188715415019764
01292560 -2.2181944444444444 -22.576033333333335
01293319 -11.015636363636364 -18.381833333333333
01293758 -70.5807619047619 -9.895761904761905
01294014 -7.9485087719298235 -7.673333333333334
01294743 -0.5036111111111111 -4.286324110671936
01295027 -1.7318655303030301 -0.7356617647058823
01295256 -1.1742307692307692 -0.42761904761904757
01295305 -3.504335664335665 -4.739107142857143
01295921 -0.515 -0.5976363636363634
01296273 -9.264802955665026 -2.574010989010989
01296321 -7.980999999999999 -8.54102766798419
01296657 -32.96366666666667 -14.126580086580088
01297026 -3.058090909090909 -3.206366666666667
01297465 -39.469272727272724 -27.4080291005291
01298281 -0.3646153846153847 -5.197008547008546
01298893 -0.8250000000000001 -1.6083974358974358
01299643 -15.93332512315271 -7.105879120879121
01299775 -8.516666666666666 -4.9271666666666665
01299785 -2.1935714285714285 -1.7906993006993008
01300516 -4.462435897435897 -5.148310344827586
01300912 -11.52181216931217 -7.564340659340659
01301933 -22.53596153846154 -57.523561253561255
01302058 -20.741909090909093 -18.385568783068784
01302141 -0.2454093567251462 -0.27554761904761915
01302187 -0.9916666666666667 -2.8226068376068376
01302523 -7.99376923076923 -2.047628205128205
01302648 -1.4203333333333332 -4.9058
01303004 -16.864 -11.525846774193548
01303279 -16.700000000000003 -4.904347826086956
01303496 -4.6692857142857145 -5.360882352941177
01303883 -5.856428571428571 -3.6804047619047617
01303952 0.07100000000000017 -0.23629166666666668
01304442 nan -3.9083333333333328
01304678 -0.008035714285714299 -1.1118945868945869
01305504 -3.579272727272728 -3.2835256410256406
01305626 -24.11151515151515 -40.783290043290044
01306029 -1.778407258064516 -0.9753750000000001
01306073 -3.3146153846153847 -7.098272727272727
01306141 -8.348650793650794 -4.255320512820513
01306360 -0.02547794117647051 -0.25369281045751635
01306390 -0.2739762931034483 -0.2334871794871795
01306537 -0.4207720588235294 -0.9409150326797386
01306626 -4.306129032258065 -0.7584926470588236
01306785 -0.2583333333333333 -0.5812698412698413
01306980 -0.15728070175438602 -0.05645238095238103
01306991 -0.5903314393939394 -0.10486928104575172
01307277 -0.11777217741935486 -0.244
01307830 -7.375066137566138 -1.925897435897436
01308314 -7.164483870967741 -3.2710952380952385
01308326 -5.298516483516484 -8.514987684729064
01308568 -0.6665714285714284 -0.20452205882352936
01308582 -2.86494301994302 -0.646474358974359
01308884 -207.06089285714285 -194.07519841269843
01308957 -0.6823809523809521 -0.03532967032967027
01309288 -0.13500000000000004 -2.222355072463768
01309492 -91.2350153846154 -24.161923076923078
01310338 -4.249822134387351 -0.7311250000000001
01310395 -0.7668095238095238 -4.1100537634408605
01312274 -1.442977011494253 -0.31083333333333335
01313594 -21.529305555555556 -13.574456521739132
01314897 -4.1056060606060605 -10.14060606060606
01315192 -6.9595 -16.256657894736843
01315259 -8.112142857142857 -9.544052631578946
01315296 -1.9119169960474305 -1.0251818181818182
01316385 -52.471111111111114 -36.09640350877193
01316431 -69.41714285714286 -33.20768382352941
01316437 -0.6703333333333332 -0.6376785714285713
01316465 -171.23361111111112 -90.07535087719297
01317164 -1.675 -1.4216718266253867
01317277 0.02822222222222237 -3.0885166666666666
01317286 -22.477 -20.204681818181818
01317454 -0.7998214285714289 -1.61375
01317666 -82.40380116959064 -70.89935714285714
01319366 -9.026538461538461 -14.968891625615763
01319821 -6.0476190476190474 -4.885541125541126
01320166 -2.761 -0.8745
01322229 -2.589166666666667 -3.3016666666666667
01322979 -12.670333333333332 -13.242857142857144
01324542 -1.3563333333333332 -0.7023809523809523
01327978 -0.2538095238095238 -0.9980952380952381
01328066 -1.3145138888888888 -0.746
01328105 -2.1777169274537695 -1.3454210526315786
01329312 -1.562989417989418 -0.9129545454545455
01329615 -1.2133448275862069 -0.6691666666666668
01330031 -77.90155555555556 -193.92392105263158
01330426 -45.34352564102565 -48.00114942528736
01330642 -2.0778846153846153 -5.106071428571429
01330903 -0.6895294117647057 -0.10854166666666665
01331123 -0.7142857142857143 -2.995352822580645
01332059 -0.5731868131868133 -0.5522857142857143
01332413 -1.875904761904762 -0.5918571428571429
01333246 -0.5688461538461539 -0.6984615384615385
01333438 -1.3786467236467235 -0.12047619047619045
01334084 -7.918055555555556 -9.485555555555555
01334087 -inf -5.488833333333334
01334302 -0.16895604395604397 0.047166666666666635
01334423 -4.0087230769230775 -2.8443181818181817
01334448 -0.018653846153846132 -0.06358974358974362
01334470 -0.7307575757575757 -0.28446969696969715
01334597 -147.37750000000003 -66.18052631578948
01334620 -0.9202272727272727 -2.8696500000000005
01334644 -1.0351923076923077 -3.0220000000000002
01334645 -2.4969444444444444 -7.386702898550725
01334879 -2.751602564102564 -3.4657692307692307
01335472 -0.927111111111111 -0.5598181818181819
01335564 -0.5009848484848485 -0.515090909090909
01335694 -58.632222222222225 -21.874738562091505
01335717 -34.213 -20.0001581027668
01335868 -0.5975824175824174 -1.442371794871795
01336008 -7.2207359307359305 -1.7019090909090908
01336009 -2.6212648221343873 -1.6166363636363634
01336453 -34.665333333333336 -39.671375000000005
01336480 -13.858 -3.385555555555556
01336687 -11.695555555555556 -19.899883040935674
01337117 -4.592678571428571 -1.780138888888889
01337228 -0.2360000000000001 -0.5613636363636365
01337272 -0.37357142857142855 -0.54
01337325 -0.20625000000000004 0.0043055555555555625
01337649 -35.91666666666667 -33.979395604395606
01337687 -29.3315 -27.21563492063492
01337703 -0.5933333333333335 -1.0382500000000001
01337838 -21.712500000000002 -16.187516339869283
01338128 -3.995178571428572 -1.8388235294117647
01338170 -2.080421052631579 -2.1298611111111114
01338233 -0.09638888888888891 -0.2059722222222222
01338278 -1.6442857142857141 -0.3214285714285714
01338387 -4.287857142857143 -1.7230952380952382
01338430 -1.7461904761904763 -1.2576190476190476
01338471 -0.4019642857142858 -0.13138888888888883
01338675 -52.89530303030303 -27.115833333333335
01339002 -1.7485714285714287 -0.5301960784313726
01339149 -0.235 -1.123333333333333
01339392 -0.09666666666666668 -2.9316666666666666
01339450 -0.25191919191919177 -0.3937373737373737
01340454 -3.2521241830065364 -3.0578571428571433
01341370 -17.75719696969697 -4.8705
01341894 -5.960833333333333 -6.759666666666666
01342255 -46.056666666666665 -46.22714285714286
01343208 -1.9683333333333333 -4.683666666666667
01343337 -1.2320879120879118 -1.205
01343401 -9.014000000000001 -5.038333333333334
01343533 -0.7806593406593407 -0.2793333333333333
01343759 -12.045833333333334 -19.840999999999998
01343871 -2.9050000000000002 -2.1125
01344692 0.1598888888888888 0.37000000000000005
01345553 -3.05 -9.383222222222223
01345582 -0.5491666666666666 -1.9024999999999999
01345594 -1.6956944444444446 -0.025000000000000022
01346137 -4.235222222222222 -0.22666666666666668
01346387 -41.51981818181818 -13.4625
01346956 -32.23946428571429 -10.3
01346966 -12.929464285714285 -6.245
