results/collective_fits/with_ext/des_sn3yr_mcmc_fit_fits.ecsv
# %ECSV 0.9
# ---
# datatype:
# - {name: obj_id, datatype: string}
# - {name: message, datatype: string}
# - {name: band, datatype: string}
# - {name: source, datatype: string}
# - {name: pre_max, datatype: int64}
# - {name: post_max, datatype: int64}
# - {name: vparams, datatype: string}
# - {name: amplitude, datatype: float64}
# - {name: mwebv, datatype: float64}
# - {name: c, datatype: float64}
# - {name: z, datatype: float64}
# - {name: x1, datatype: float64}
# - {name: t0, datatype: float64}
# - {name: amplitude_err, datatype: float64}
# - {name: mwebv_err, datatype: float64}
# - {name: c_err, datatype: float64}
# - {name: z_err, datatype: float64}
# - {name: x1_err, datatype: float64}
# - {name: t0_err, datatype: float64}
# - {name: chisq, datatype: float64}
# - {name: ndof, datatype: float64}
# - {name: b_max, datatype: float64}
# - {name: delta_15, datatype: float64}
# meta: !!omap
# - band_names: !!python/tuple [des_sn3yr_g, des_sn3yr_r, des_sn3yr_i, des_sn3yr_z, des_sn3yr_y]
# - lambda_eff: !!python/tuple [5270, 6590, 7890, 9760, 10030]
# - {fit_func: mcmc_fit}
# - {out_path: /global/u1/d/djp81/Photometric-Classification/results/collective_fits/with_ext/des_sn3yr_mcmc_fit_fits.ecsv}
# schema: astropy-2.0
obj_id message band source pre_max post_max vparams amplitude mwebv c z x1 t0 amplitude_err mwebv_err c_err z_err x1_err t0_err chisq ndof b_max delta_15
[from data line 1014]
01338387 NONE all sn91bg 16 25 t0,amplitude,x1,c 1.93563282068814e-17 0.02481230272630288 0.047430182836321236 0.5838 1.2187762678977374 2457365.4819695656 2.2005514920294248e-18 "" 0.11482423322755654 "" 0.044358839600525356 1.4651181482309599 275.95 33.0 -19.38 1.467
01338387 NONE blue sn91bg 4 6 amplitude,x1,c 3.69169244877097e-17 0.02481230272630288 0.5219225716766673 0.5838 1.222600195201296 2457365.4819695656 1.2496350902765316e-17 "" 0.2777687782607698 "" 0.02543038461171495 "" 39.69 6.0 -19.15 1.465
01338387 NONE red sn91bg 4 6 amplitude,x1,c 2.4640991123931894e-17 0.02481230272630288 0.5669754319212882 0.5838 1.1891117108562248 2457365.4819695656 5.425623850491052e-18 "" 0.2831191606022709 "" 0.04393686471881312 "" 11.89 6.0 -18.61 1.49
01338430 NONE all hsiao_x1 12 25 t0,amplitude,x1 -1.0688643846181995e-05 0.02814612313500211 "" 0.5089 0.0040698816054351 2457362.5557970437 2.5140982360749594e-05 "" "" "" 0.12118939513478152 1.6062060317778795 1182.48 34.0 -17.62 1.043
01338430 NONE blue hsiao_x1 3 6 amplitude,x1 -2.7279641505097813e-05 0.02814612313500211 "" 0.5089 0.04627722014107146 2457362.5557970437 7.773191379438741e-07 "" "" "" 0.1032062161678095 "" 1.38 7.0 -19.65 0.978
01338430 NONE red hsiao_x1 3 6 amplitude,x1 -2.801622759446322e-05 0.02814612313500211 "" 0.5089 -0.051268330875178944 2457362.5557970437 8.948956949589186e-07 "" "" "" 0.11009369762405075 "" 2.81 7.0 -19.71 1.141
01338430 NONE all sn91bg 12 25 t0,amplitude,x1,c 2.4387377839606078e-17 0.02814612313500211 0.044089169706511236 0.5089 1.1902474912237184 2457365.092532604 3.498145963850449e-18 "" 0.08518205064366847 "" 0.08137043688323099 0.9064068210489283 255.87 33.0 -19.25 1.489
01338430 NONE blue sn91bg 3 6 amplitude,x1,c 4.0437450597958804e-17 0.02814612313500211 0.5587323113586472 0.5089 1.206711640047323 2457365.092532604 1.1646496861271478e-17 "" 0.2887950615227611 "" 0.038112663566427306 "" 14.77 6.0 -18.81 1.476
01338430 NONE red sn91bg 3 6 amplitude,x1,c 2.801293455069554e-17 0.02814612313500211 0.562610146981476 0.5089 1.1551207015483234 2457365.092532604 6.000845091407924e-18 "" 0.2857760109106568 "" 0.0689492504814246 "" 12.29 6.0 -18.36 1.517
01338471 NONE all hsiao_x1 17 29 t0,amplitude,x1 7.72176836458355e-06 0.02808040012002839 "" 0.5309 -0.05203104261971014 2457350.856137584 1.776783965100427e-05 "" "" "" 0.10351765275240167 1.8620877500045272 263.22 40.0 -17.02 1.142
01338471 NONE blue hsiao_x1 4 7 amplitude,x1 1.980072047575408e-05 0.02808040012002839 "" 0.5309 -0.05215911297517184 2457350.856137584 1.3858335468196455e-06 "" "" "" 0.18462814209244757 "" 2.44 8.0 -19.07 1.143
01338471 NONE red hsiao_x1 5 7 amplitude,x1 1.897223572611734e-05 0.02808040012002839 "" 0.5309 0.04249327272929075 2457350.856137584 1.5179759702510682e-06 "" "" "" 0.2300589696948072 "" 3.89 9.0 -18.97 0.983
01338471 NONE all sn91bg 17 29 t0,amplitude,x1,c 1.2528540571804235e-17 0.02808040012002839 0.03390958147238952 0.5309 1.1856780122858037 2457350.0991518917 1.4275349122633914e-18 "" 0.040688298136042356 "" 0.06222789472704065 1.4849119623623475 73.83 39.0 -18.65 1.492
01338471 NONE blue sn91bg 4 7 amplitude,x1,c 2.7042234410443014e-17 0.02808040012002839 0.6013441112674546 0.5309 1.1517054164724327 2457350.0991518917 8.913247211018619e-18 "" 0.280121030958707 "" 0.08684518635819531 "" 6.73 7.0 -18.37 1.519
01338471 NONE red sn91bg 5 7 amplitude,x1,c 1.5825975614775913e-17 0.02808040012002839 0.5551209305593505 0.5309 1.0785328697756025 2457350.0991518917 4.379415308863635e-18 "" 0.27659095841947107 "" 0.12558312666811092 "" 5.57 8.0 -17.81 1.582
01338675 NONE all hsiao_x1 15 19 t0,amplitude,x1 3.4072541883286915e-05 0.021932159412142084 "" 0.3306 -0.0055202188570157365 2457371.841172772 4.5883383492847656e-06 "" "" "" 0.1290948629164693 2.0015140022374296 296.32 24.0 -19.02 1.059
01338675 NONE blue hsiao_x1 7 10 amplitude,x1 3.6608512197988266e-05 0.021932159412142084 "" 0.3306 0.005430808993301127 2457371.841172772 2.6255974052463177e-07 "" "" "" 0.020126043612173395 "" 30.15 12.0 -19.18 1.041
01338675 NONE red hsiao_x1 4 4 amplitude,x1 3.6857927031187217e-05 0.021932159412142084 "" 0.3306 0.01461205762428596 2457371.841172772 5.099012827649089e-07 "" "" "" 0.04177933695143577 "" 4.12 4.0 -19.19 1.026
01338675 NONE all sn91bg 15 19 t0,amplitude,x1,c 3.564952922387529e-17 0.021932159412142084 0.04089403720680321 0.3306 1.2437870044247443 2457369.8390886695 3.1973325455003078e-18 "" 0.11467204505628997 "" 0.007481298129707121 0.7340438317167782 1605.23 24.0 -18.6 1.45
01338675 NONE blue sn91bg 7 10 amplitude,x1,c 3.7923340576680714e-17 0.021932159412142084 0.003494588445797184 0.3306 1.2470473738611552 2457369.8390886695 4.184290860834803e-19 "" 0.0034754859814079796 "" 0.0029731424198174055 "" 616.86 11.0 -18.73 1.448
01338675 NONE red sn91bg 4 4 amplitude,x1,c 3.2114921914850776e-17 0.021932159412142084 0.5597725486359886 0.3306 1.23726411718343 2457369.8390886695 5.140494074706685e-18 "" 0.2788873220327344 "" 0.012527573486126998 "" 81.57 3.0 -17.47 1.454
01339002 NONE all hsiao_x1 12 24 t0,amplitude,x1 6.494026148940225e-08 0.02317667885681643 "" 0.3025 -0.034027141282599684 2457369.0734952153 3.402385851822133e-05 "" "" "" 0.09300658659253029 2.2528478325396484 1945.27 32.0 -5.2 1.109
01339002 NONE blue hsiao_x1 3 6 amplitude,x1 2.7770981960596188e-08 0.02317667885681643 "" 0.3025 -0.11651357082315139 2457369.0734952153 3.688190094496073e-05 "" "" "" 0.04519239652584361 "" 639.83 7.0 -3.35 1.273
01339002 NONE red hsiao_x1 7 12 amplitude,x1 -8.278291020428526e-06 0.02317667885681643 "" 0.3025 -0.024608321531074735 2457369.0734952153 3.960587418039896e-05 "" "" "" 0.06898234605723942 "" 499.92 16.0 -15.73 1.092
01339002 NONE all sn91bg 12 24 t0,amplitude,x1,c 4.692315998578387e-17 0.02317667885681643 0.007180796270758233 0.3025 1.152301935715211 2457369.5318944366 4.7741964772517234e-18 "" 0.010152799171884205 "" 0.09730878106759995 0.7695452296372582 161.39 31.0 -18.66 1.519
01339002 NONE blue sn91bg 3 6 amplitude,x1,c 9.185032441964118e-17 0.02317667885681643 0.5503716055710093 0.3025 1.215020160598084 2457369.5318944366 3.134994125044494e-17 "" 0.29745985380118056 "" 0.03011736008851662 "" 18.33 6.0 -18.39 1.47
01339002 NONE red sn91bg 7 12 amplitude,x1,c 4.195539671654705e-17 0.02317667885681643 0.25360712662146967 0.3025 1.2169295714870447 2457369.5318944366 6.923155079871511e-18 "" 0.2155191099232484 "" 0.0290702316273949 "" 29.4 15.0 -18.11 1.469
01339149 NONE all hsiao_x1 17 19 t0,amplitude,x1 1.7608399736499745e-05 0.022899657458866306 "" 0.4678 -0.015366587975851973 2457373.9637500984 1.3484084576761495e-05 "" "" "" 0.2234752697022217 5.635890977035096 484.7 28.0 -18.48 1.076
01339149 NONE blue hsiao_x1 4 5 amplitude,x1 2.8549466312573347e-05 0.022899657458866306 "" 0.4678 -0.041360930098241926 2457373.9637500984 8.193429676081995e-07 "" "" "" 0.07783927327483595 "" 5.57 6.0 -19.53 1.123
01339149 NONE red hsiao_x1 4 5 amplitude,x1 2.683289077290725e-05 0.022899657458866306 "" 0.4678 0.17348462198132483 2457373.9637500984 1.0466341663754216e-06 "" "" "" 0.14659730788131128 "" 4.16 6.0 -19.4 0.81
01339149 NONE all sn91bg 13 23 t0,amplitude,x1,c 2.5437063629353997e-17 0.022899657458866306 0.016549566314667224 0.4678 1.1647404465737992 2457372.414004466 4.729329880644045e-18 "" 0.019505200208291176 "" 0.1258229056601085 0.6205349011299276 160.28 31.0 -19.1 1.509
01339149 NONE blue sn91bg 3 6 amplitude,x1,c 4.11972439008684e-17 0.022899657458866306 0.5242644378136758 0.4678 1.2014117830334177 2457372.414004466 1.0839266628957899e-17 "" 0.28512667912429607 "" 0.04209124157008763 "" 8.75 6.0 -18.67 1.48
01339149 NONE red sn91bg 3 6 amplitude,x1,c 2.5381125681790737e-17 0.022899657458866306 0.5691146770687953 0.4678 1.1791814239134182 2457372.414004466 5.2752759104758214e-18 "" 0.283457324914058 "" 0.06142630883383529 "" 13.22 6.0 -18.05 1.497
01339392 NONE all hsiao_x1 11 18 t0,amplitude,x1 -1.721790048083202e-05 0.009806522059106178 "" 0.1804 -0.07863696035183064 2457370.713206522 8.552724404116442e-05 "" "" "" 0.03252429333184698 0.37459420143184174 1949.14 23.0 -16.04 1.194
01339392 NONE blue hsiao_x1 3 3 amplitude,x1 -8.485626144069985e-05 0.009806522059106178 "" 0.1804 0.006978712516139634 2457370.713206522 2.653424167843501e-06 "" "" "" 0.047552032360501414 "" 1.33 3.0 -19.51 1.039
01339392 NONE red hsiao_x1 6 13 amplitude,x1 -8.806150817074177e-05 0.009806522059106178 "" 0.1804 -0.028597837424757522 2457370.713206522 1.5922074427108596e-06 "" "" "" 0.04425520658664085 "" 12.06 15.0 -19.59 1.099
01339392 NONE all sn91bg 11 18 t0,amplitude,x1,c 1.5640351724091567e-16 0.009806522059106178 0.015126582437355927 0.1804 1.2407356205886069 2457369.7827232047 1.1313120160486217e-17 "" 0.02658052872024488 "" 0.01186334537839257 2.3239037552923008 409.3 22.0 -18.75 1.452
01339392 NONE blue sn91bg 3 3 amplitude,x1,c 3.617020552258314e-16 0.009806522059106178 0.5342723766252576 0.1804 1.2272936155926903 2457369.7827232047 9.039011998477618e-17 "" 0.27864261726246037 "" 0.02174858143045471 "" 11.37 2.0 -18.64 1.461
01339392 NONE red sn91bg 6 13 amplitude,x1,c 1.467989757835835e-16 0.009806522059106178 0.20293725311913774 0.1804 1.236078069443497 2457369.7827232047 1.1212945860387777e-17 "" 0.1604156007917031 "" 0.013806258477221505 "" 60.7 14.0 -18.33 1.455
01339450 NONE all hsiao_x1 20 31 t0,amplitude,x1 -3.6783894573355144e-06 0.008722810876233585 "" 0.5505 -0.028020150057500744 2457367.6834624745 1.8262323873288867e-05 "" "" "" 0.09967853474193326 1.393201382761433 361.99 48.0 -15.51 1.098
01339450 NONE blue hsiao_x1 5 8 amplitude,x1 -7.991812452609563e-06 0.008722810876233585 "" 0.5505 -0.09724909165032065 2457367.6834624745 1.8614857105857796e-05 "" "" "" 0.14232830618037748 "" 88.81 11.0 -17.19 1.232
01339450 NONE red hsiao_x1 5 8 amplitude,x1 -1.5277436245471374e-05 0.008722810876233585 "" 0.5505 0.0612241071433189 2457367.6834624745 1.1548515681372472e-05 "" "" "" 0.20851403688920486 "" 21.29 11.0 -18.6 0.956
01339450 NONE all sn91bg 20 31 t0,amplitude,x1,c 1.3759140361129223e-17 0.008722810876233585 0.029630695791129973 0.5505 1.1630068263305444 2457368.3939029933 1.4429084463637941e-18 "" 0.027655611471060264 "" 0.07227844159842638 0.9775116771464921 64.99 43.0 -18.84 1.51
01339450 NONE blue sn91bg 5 8 amplitude,x1,c 2.7647007248150846e-17 0.008722810876233585 0.5585878354129431 0.5505 1.1221050495941316 2457368.3939029933 8.921825383299064e-18 "" 0.28051836209360687 "" 0.09168759681054749 "" 11.43 9.0 -18.54 1.543
01339450 NONE red sn91bg 5 8 amplitude,x1,c 1.6217659497356996e-17 0.008722810876233585 0.5403986474556652 0.5505 1.1044792148087879 2457368.3939029933 4.733466911919014e-18 "" 0.2767940208293845 "" 0.10867869166347513 "" 13.98 9.0 -17.97 1.558
01340454 NONE all hsiao_x1 15 28 t0,amplitude,x1 -5.91815837240231e-06 0.009134621161480241 "" 0.421 0.053688163817078464 2457374.905796815 2.966530609749711e-05 "" "" "" 0.07969164376184341 1.4609791168456772 3661.69 36.0 -15.84 0.967
01340454 NONE blue hsiao_x1 8 14 amplitude,x1 -1.17014225793104e-05 0.009134621161480241 "" 0.421 0.017052352987692726 2457374.905796815 2.8853767141828086e-05 "" "" "" 0.10745281673962137 "" 1922.2 18.0 -17.32 1.023
01340454 NONE red hsiao_x1 3 7 amplitude,x1 -2.6122711918853457e-05 0.009134621161480241 "" 0.421 0.24810030811116418 2457374.905796815 1.9692411272485974e-05 "" "" "" 0.11401557339875448 "" 110.5 7.0 -19.06 0.729
01340454 NONE all sn91bg 15 28 t0,amplitude,x1,c 3.0899642213747224e-17 0.009134621161480241 0.005776847086252738 0.421 1.231947855374599 2457373.9634831375 1.593545176385175e-18 "" 0.011490109743435034 "" 0.031113238898515187 0.32522144365486666 404.34 35.0 -19.11 1.458
01340454 NONE blue sn91bg 8 14 amplitude,x1,c 3.3105616407706007e-17 0.009134621161480241 0.014381484560416427 0.421 1.2422386431705692 2457373.9634831375 8.477148921034025e-19 "" 0.013645653729412925 "" 0.007304374726399911 "" 105.97 17.0 -19.18 1.451
01340454 NONE red sn91bg 3 7 amplitude,x1,c 3.287406977066063e-17 0.009134621161480241 0.5591434486138013 0.421 1.233468070264852 2457373.9634831375 6.1284156169065906e-18 "" 0.2832499900401578 "" 0.017382758166901865 "" 36.28 6.0 -18.12 1.457
01341370 NONE all hsiao_x1 16 16 t0,amplitude,x1 1.6638104342042363e-05 0.008703688817729333 "" 0.409 -0.04526718457022853 2457375.5580349695 2.5698697623965605e-05 "" "" "" 0.1944547312166064 2.1540691632332476 1660.9 25.0 -18.01 1.13
01341370 NONE blue hsiao_x1 8 8 amplitude,x1 3.064374047659095e-05 0.008703688817729333 "" 0.409 0.06491806472047788 2457375.5580349695 4.956265118258321e-07 "" "" "" 0.03841196265028904 "" 10.17 12.0 -19.34 0.95
01341370 NONE red hsiao_x1 4 4 amplitude,x1 3.155904237221277e-05 0.008703688817729333 "" 0.409 0.15945560118761332 2457375.5580349695 9.548029588961114e-07 "" "" "" 0.1040020757211421 "" 4.67 5.0 -19.4 0.826
01341370 NONE all sn91bg 16 16 t0,amplitude,x1,c 3.043958873651305e-17 0.008703688817729333 0.012168648171759815 0.409 1.2019073367774813 2457374.450378196 4.074158796097341e-18 "" 0.02212265963429419 "" 0.09025186955506297 0.4949448872834868 471.77 24.0 -18.99 1.48
01341370 NONE blue sn91bg 8 8 amplitude,x1,c 3.2758769694832284e-17 0.008703688817729333 0.008483944378143512 0.409 1.2412956868691591 2457374.450378196 8.128879243107092e-19 "" 0.0074044670666333565 "" 0.008435734287202765 "" 209.02 11.0 -19.11 1.452
01341370 NONE red sn91bg 4 4 amplitude,x1,c 2.8953738808859136e-17 0.008703688817729333 0.5558384784952315 0.409 1.2057014603000613 2457374.450378196 5.435097458669748e-18 "" 0.2829949015853123 "" 0.04033672439193562 "" 24.78 4.0 -17.89 1.477
01341894 NONE all hsiao_x1 12 16 t0,amplitude,x1 -2.2060194855915165e-05 0.022281336586130487 "" 0.3121 0.039470160584596924 2457387.3310379405 2.6066958414982408e-05 "" "" "" 0.33355298295568214 4.468936624525063 1512.0 25.0 -17.93 0.988
01341894 NONE blue hsiao_x1 3 4 amplitude,x1 -4.308587383420365e-05 0.022281336586130487 "" 0.3121 -0.1123907913699663 2457387.3310379405 8.332763350218956e-07 "" "" "" 0.04362767789488441 "" 18.05 5.0 -19.39 1.264
01341894 NONE red hsiao_x1 6 8 amplitude,x1 -4.247266963261131e-05 0.022281336586130487 "" 0.3121 -0.0678337176217656 2457387.3310379405 8.998494318802145e-07 "" "" "" 0.0489814081090425 "" 14.56 12.0 -19.36 1.173
01341894 NONE all sn91bg 16 12 t0,amplitude,x1,c 4.8676013940062427e-17 0.022281336586130487 0.004097532865986029 0.3121 1.2019589690775438 2457391.220907243 4.477907157258952e-18 "" 0.004985091925034585 "" 0.07268764843511605 0.810489709990541 583.66 20.0 -18.82 1.48
01341894 NONE blue sn91bg 4 3 amplitude,x1,c 1.1392813822897073e-16 0.022281336586130487 0.504639835621134 0.3121 1.2309162688428892 2457391.220907243 3.9524882669986276e-17 "" 0.280021427935583 "" 0.018021878780426628 "" 23.3 3.0 -18.79 1.459
01341894 NONE red sn91bg 8 6 amplitude,x1,c 3.614373782082341e-17 0.022281336586130487 0.0828922440300699 0.3121 1.2264652422931457 2457391.220907243 2.5399836754251085e-18 "" 0.07778867483781303 "" 0.023616072730519397 "" 73.83 9.0 -18.39 1.462
01342255 NONE all hsiao_x1 12 13 t0,amplitude,x1 2.4539648528305623e-05 0.02411393753934544 "" 0.2141 -0.1474296967236353 2457389.5095734396 6.411643353584796e-05 "" "" "" 0.19952972962793034 2.676194460721922 27750.48 18.0 -17.23 1.343
01342255 NONE blue hsiao_x1 3 3 amplitude,x1 7.232503240148542e-05 0.02411393753934544 "" 0.2141 -0.026567953452450815 2457389.5095734396 3.326528425150292e-07 "" "" "" 0.018860572216326515 "" 10.47 3.0 -19.58 1.096
01342255 NONE red hsiao_x1 6 6 amplitude,x1 7.029409558846114e-05 0.02411393753934544 "" 0.2141 -0.0017531013095486315 2457389.5095734396 4.294411246973184e-07 "" "" "" 0.02040789402745791 "" 21.58 8.0 -19.52 1.053
