results/collective_fits/with_ext/des_sn3yr_mcmc_fit_class.ecsv
# %ECSV 0.9
# ---
# datatype:
# - {name: obj_id, datatype: string}
# - {name: x, datatype: float64}
# - {name: y, datatype: float64}
# schema: astropy-2.0
obj_id x y
01248677 -211.35526455026454 -21.138186813186813
01250017 1006.0297252747251 -15.532314814814816
01253039 9.832 5.602352941176471
01253101 -1.5007142857142861 -2.944230769230769
01253920 -2.777727272727273 -7.874499999999999
01255502 -264.7826785714286 -147.42295833333333
01257366 -1.376 -0.9031027667984186
01257695 1424.87125 695.7677272727273
01258906 -6.534927536231884 -1.657348484848485
01258940 -3.9039569892473116 -0.8383333333333334
01259412 -19.204761904761902 -56.436937799043065
01261579 -82.94232142857143 -40.92993464052287
01263369 -12.496666666666668 -1.9817083333333332
01263715 -40.53071428571428 -5.52575
01275946 -57.25483333333332 -31.572936507936507
01279500 1563.6422222222222 -67.37747619047619
01280217 -2.8486666666666665 13.965333333333334
01281668 -7.667291666666666 -7.348311938382542
01281886 -12.251782531194296 -3.8299999999999996
01282736 -0.9314015151515149 -0.5473856209150327
01283373 -3.956 -6.048903225806451
01283878 7.021346153846153 16.130692307692307
01283936 -3.6174285714285714 -4.208412698412698
01285317 -0.6889285714285716 -0.5828354978354978
01286398 -15.823154761904762 -11.136190476190476
01287626 953.22 212.9184722222222
01289288 -0.46733333333333327 -1.050934065934066
01289555 -0.9427777777777777 -0.33541795665634677
01289600 -7.099655172413793 -7.562115384615384
01289656 -0.4787500000000001 -0.10578947368421066
01289664 -1.5226923076923076 -3.238086021505376
01290779 11.472499999999998 19.593777777777778
01290816 -15.847678571428574 -32.66555555555556
01291080 -0.38063636363636366 -0.15780303030303044
01291090 -18.913454545454545 -8.609841897233201
01291794 -1.9175662878787878 -1.037952380952381
01291957 -12.808116666666667 -4.097121212121213
01292145 -0.49897058823529394 -0.9075735294117647
01292332 -6.340222222222223 -3.6128853754940713
01292336 -0.7344444444444442 -4.4944861660079045
01292560 -3.8826388888888888 -21.92976666666667
01293319 -17.41109090909091 -15.761283333333333
01293758 -68.4177142857143 -10.004999999999999
01294014 -8.169590643274853 -8.1425
01294743 -1.2925 -4.377233201581028
01295027 -1.7876704545454545 -0.8351470588235295
01295256 -1.2271428571428573 -0.20652380952380955
01295305 -4.849166666666666 -4.423374999999999
01295921 -0.5697727272727271 -0.7288181818181817
01296273 -9.53149014778325 -2.353021978021978
01296321 -10.51609090909091 -8.025217391304347
01296657 -32.50666666666666 -14.374307359307359
01297026 -9.343454545454547 -2.7713846153846156
01297465 -42.59545454545455 -25.03
01298281 0.03442307692307711 -4.276923076923078
01298893 -7.08 -1.2724999999999995
01299643 -14.515233990147784 4.934395604395604
01299775 -8.4375 53.38692857142857
01299785 -2.107730414746544 -1.875034965034965
01300516 -5.818653846153846 -5.0024712643678155
01300912 41.107350427350426 2.884615384615385
01301933 -17.322820512820513 -43.40354700854701
01302058 -20.130272727272725 -16.509497354497356
01302141 8.03280701754386 2.7565238095238094
01302187 -1.3445238095238097 -2.968760683760684
01302523 -11.129646153846153 -1.7955128205128204
01302648 -1.7231111111111113 5.8512
01303004 240.25504166666667 -12.03499053030303
01303279 -11.68 -3.309565217391305
01303496 -9.839761904761906 -7.305555555555556
01303883 -10.746571428571428 50.7166746031746
01303952 0.04699999999999993 -0.2795
01304442 inf -1.5747619047619048
01304678 -14.838000000000001 -8.35601851851852
01305504 -5.409181818181818 -5.803397435897437
01305626 -31.77962121212121 -35.155584415584414
01306029 -1.8963306451612905 -1.0971250000000001
01306073 -5.634195804195804 -7.577436363636362
01306141 -8.28202380952381 -4.251602564102565
01306360 1.1215073529411765 0.5124183006535948
01306390 -0.3559885057471264 -0.297087912087912
01306537 -0.6415073529411764 -1.0445751633986928
01306626 -4.640120967741936 -0.7616544117647058
01306785 -0.6141666666666667 -0.6188888888888888
01306980 2.7547660818713453 1.9448095238095238
01306991 -0.7546780303030303 0.3370915032679739
01307277 -0.21365927419354847 -0.31487499999999996
01307830 -6.8814550264550265 -2.5041025641025643
01308314 -7.377172043010751 -3.5517142857142856
01308326 -6.076923076923077 -9.566243842364532
01308568 7.524476190476192 8.055625000000001
01308582 47.12061253561254 31.93032051282051
01308884 278.64875 49.298293650793624
01308957 -0.9523809523809523 -0.1287912087912088
01309288 9.993333333333334 -2.7644202898550723
01309492 -87.88832307692307 -27.25076923076923
01310338 -4.693596837944664 -0.7261666666666665
01310395 -2.171333333333333 -2.7996471774193545
01312274 -1.5815632183908044 -0.3906060606060605
01313594 -25.027301587301586 -20.299761904761905
01314897 -5.179350649350649 -14.502272727272727
01315192 -35.4825 -18.432894736842105
01315259 244.04666666666665 16.190382775119616
01315296 -2.096422924901186 1.7465454545454548
01316385 -50.370694444444446 -36.438625730994154
01316431 936.775 79.2860661764706
01316437 3.578777777777778 0.9562500000000003
01316465 -284.9791666666667 -85.41497076023391
01317164 -5.2 -1.5829411764705883
01317277 -0.4645555555555556 -3.2641999999999998
01317286 -30.932000000000002 -18.96636363636364
01317454 -1.3010714285714284 -1.5294642857142855
01317666 -221.14755555555558 -59.80923809523813
01319366 -8.207115384615385 -13.641785714285714
01319821 -7.776428571428571 -4.93474025974026
01320166 -2.9293333333333336 -0.9119999999999999
01322229 -6.124166666666667 16.796666666666667
01322979 -18.934 -21.234285714285715
01324542 24.34433333333333 -0.6907142857142857
01327978 -0.6207142857142858 -1.0651984126984126
01328066 -1.2935294117647058 -0.9652631578947368
01328105 -2.283890469416785 -1.5211842105263158
01329312 15.703478835978835 -0.9156060606060608
01329615 10.978528735632185 8.850769230769231
01330031 -64.701 -196.555
01330426 -45.17839743589743 -48.24735632183908
01330642 -5.201483516483516 -3.1310989010989014
01330903 2.1133333333333333 2.995277777777777
01331123 -1.2504761904761905 -3.551552419354839
01332059 15.433190476190477 14.414999999999997
01332413 -2.253619047619047 -0.622238095238095
01333246 0.9459686609686606 3.7315384615384612
01333438 -1.514159544159544 0.10761904761904756
01334084 -6.753888888888889 -9.711785714285714
01334087 nan 24.072249999999997
01334302 -0.3323076923076923 -0.02866666666666673
01334423 -5.064707692307692 -2.6358333333333333
01334448 0.7072435897435898 3.083076923076923
01334470 -0.8850757575757576 -0.4507575757575759
01334597 -160.95638888888888 -54.322052631578956
01334620 -1.1162878787878787 -2.9439166666666665
01334644 -1.0300641025641029 -2.9027833333333333
01334645 -2.772222222222222 -8.047626811594203
01334879 11.882948717948718 -3.7326923076923073
01335472 46.161818181818184 -0.3333333333333335
01335564 -0.7496212121212122 0.9094545454545453
01335694 -62.92861111111112 -22.10578431372549
01335717 -19.59109090909091 -16.60901185770751
01335868 6.968076923076922 -1.5925641025641026
01336008 -7.536233766233766 -1.0325454545454544
01336009 7.3853754940711465 -1.2840909090909092
01336453 -49.63933333333333 -52.86008333333334
01336480 -14.927499999999998 -3.6199999999999997
01336687 -13.135555555555555 -19.18798245614035
01337117 -5.344285714285713 -2.6527777777777777
01337228 4.818818181818182 -0.6951818181818181
01337272 45.5525 20.33125
01337325 -0.5155555555555555 -0.10750000000000015
01337649 -36.42033333333333 -32.892197802197806
01337687 -31.907999999999998 -26.331587301587298
01337703 -0.8247474747474748 -1.408
01337838 86.00464285714285 33.78040441176471
01338128 -4.070892857142858 -2.4992156862745096
01338170 29.543789473684214 31.14027777777778
01338233 8.665000000000001 0.4973611111111111
01338278 18.737142857142857 21.985714285714284
01338387 -5.076428571428571 60.1097619047619
01338430 -2.2645238095238094 -1.6469047619047619
01338471 -0.6564285714285716 -0.2640277777777778
01338675 -53.565681818181815 -26.159999999999997
01339002 88.34928571428571 29.285
01339149 -0.5299999999999999 -1.5100000000000002
01339392 -5.241666666666666 -3.531714285714286
01339450 6.803636363636365 0.38212121212121186
01340454 100.55535947712418 9.73904761904762
01341370 -18.154318181818184 -5.261
01341894 -4.156666666666666 -6.99
01342255 -37.605 -22.908214285714287
01343208 200.22833333333332 155.9706666666667
01343337 -1.8746153846153852 -2.319
01343401 -9.417333333333334 -5.483333333333333
01343533 -0.9847802197802196 -0.5406666666666666
01343759 745.3825 499.667
01343871 -4.254166666666667 -3.013333333333333
01344692 21.974666666666664 14.164166666666667
01345553 -8.180000000000001 -6.967666666666666
01345582 -0.10666666666666669 -2.066666666666667
01345594 -1.4939285714285715 -0.01666666666666669
01346137 -4.506222222222222 -0.6641666666666667
01346387 -39.345727272727274 -11.3495
01346956 -32.66309523809524 -12.125
01346966 -14.173214285714286 -4.845
