results/collective_fits/with_ext/des_sn3yr_simple_fit_class.ecsv
# %ECSV 0.9
# ---
# datatype:
# - {name: obj_id, datatype: string}
# - {name: x, datatype: float64}
# - {name: y, datatype: float64}
# schema: astropy-2.0
obj_id x y
01248677 -199.7678306878307 -23.838571428571427
01250017 -31.253516483516485 -23.09601851851852
01253039 -1.523047619047619 -0.5374999999999999
01253101 -1.1207692307692307 -2.692051282051282
01253920 -1.4159090909090908 -9.409133333333333
01255502 -93.88196428571429 -35.782000000000004
01257366 -0.7376666666666668 -3.3999209486166007
01257695 -41.00749999999999 -38.27227272727273
01258906 -6.622391304347826 -2.4271212121212122
01258940 -5.338598790322581 -0.8686666666666667
01259412 -32.667361111111106 -44.05532467532467
01261579 -124.66625 -33.55395424836601
01263369 -11.535238095238094 -1.9155
01263715 -30.065476190476193 -6.5361666666666665
01275946 -63.85029166666667 -31.45513492063492
01279500 -26.85111111111111 -47.22864285714286
01280217 -2.6872298850574703 -4.615238095238095
01281668 -6.520347222222222 -6.5304621309370985
01281886 -3.284964349376114 -1.3043749999999998
01282736 -1.1262500000000002 -0.5912745098039215
01283373 -10.837727272727273 -9.322525027808677
01283878 -1.2900641025641026 -0.7156769230769231
01283936 -0.5262371794871795 -0.2948571428571427
01285317 -0.4104761904761905 -0.3209090909090909
01286398 -15.355595238095237 -11.477321428571429
01287626 -6.593333333333334 -23.194722222222225
01289288 -0.271450980392157 -0.9643772893772893
01289555 -0.804861111111111 -0.20823529411764707
01289600 -7.02 -7.577051282051282
01289656 -0.3025367647058823 -0.007251461988304175
01289664 -1.0365934065934066 -4.757645161290323
01290779 -4.256473684210526 -4.865
01290816 -14.057500000000001 -34.252124183006536
01291080 -0.182181818181818 -0.030909090909090997
01291090 -15.20581818181818 -8.607351778656128
01291794 -1.8273482142857143 -1.0267857142857144
01291957 -12.754616666666669 -3.9129545454545456
01292145 -0.3861029411764706 -0.742610294117647
01292332 -3.7833333333333328 -3.580098814229249
01292336 -3.3215555555555563 -6.18292490118577
01292560 -2.8895833333333334 -22.576866666666668
01293319 -11.720545454545453 -18.375583333333335
01293758 -70.29966666666667 -10.238047619047618
01294014 -7.949532163742691 -7.677499999999999
01294743 -0.5037499999999999 -4.280909090909091
01295027 -1.7318655303030301 -0.7330882352941177
01295256 -1.1993406593406597 -0.428047619047619
01295305 -3.5056643356643353 -4.749642857142857
01295921 -0.5668939393939393 -0.6002727272727273
01296273 -9.265135467980297 -2.5785714285714283
01296321 -7.965272727272726 -8.548774703557312
01296657 -32.873 -14.129913419913422
01297026 -3.054181818181818 -3.2093
01297465 -39.33363636363636 -27.4255291005291
01298281 -0.36775641025641037 -5.198447293447294
01298893 -0.8150000000000001 -1.6075641025641028
01299643 -15.940800492610839 -7.115714285714286
01299775 -8.510000000000002 -4.926666666666666
01299785 -2.1950691244239633 -1.792377622377622
01300516 -4.464807692307692 -5.1530574712643675
01300912 -11.521044973544972 -7.566538461538462
01301933 -22.54301282051282 -57.51378917378918
01302058 -21.59227272727273 -18.417195767195764
01302141 -0.24745614035087737 -0.27414285714285724
01302187 -1.0333333333333332 -2.8222222222222224
01302523 -7.979061538461538 -2.053589743589743
01302648 -1.5014444444444444 -4.910461538461538
01303004 -16.895999999999997 -11.52452620967742
01303279 -16.605999999999998 -4.892173913043479
01303496 -4.710952380952381 -5.36640522875817
01303883 -5.795095238095238 -3.6870000000000003
01303952 0.0658749999999999 -0.23624999999999996
01304442 nan -3.8833333333333333
01304678 -0.004107142857142865 -1.1095584045584046
01305504 -3.579272727272728 -3.2826923076923076
01305626 -55.32083333333333 -28.918735177865614
01306029 -1.7777620967741936 -0.9766666666666666
01306073 -3.312797202797203 -7.094636363636363
01306141 -8.349523809523811 -4.258589743589743
01306360 -0.02547794117647051 -0.25369281045751635
01306390 -0.2739762931034483 -0.23271794871794876
01306537 -0.41408088235294116 -0.9512091503267973
01306626 -4.303870967741935 -0.7608823529411763
01306785 -0.26 -0.5812698412698413
01306980 -0.1565204678362574 -0.060904761904761906
01306991 -0.5934848484848485 -0.10535947712418292
01307277 -0.11648185483870965 -0.2447083333333333
01307830 -7.379140211640212 -1.9176282051282052
01308314 -7.164172043010752 -3.2744761904761908
01308326 -5.297747252747253 -8.512487684729065
01308568 -0.6798095238095239 -0.2044485294117646
01308582 -2.860769230769231 -0.6473076923076923
01308884 -209.02410714285713 -193.7270396825397
01308957 -0.6744761904761905 -0.03741758241758236
01309288 -0.13500000000000004 -2.222807971014493
01309492 -91.23895384615385 -24.162527472527476
01310338 -4.252470355731225 -0.7291666666666665
01310395 -0.7674761904761904 -4.1100537634408605
01312274 -1.442977011494253 -0.31083333333333335
01313594 -21.528055555555557 -13.575760869565217
01314897 -4.107900432900433 -10.158560606060606
01315192 -6.962 -16.256657894736843
01315259 -8.112142857142857 -9.544052631578946
01315296 -1.9119169960474305 -1.0251818181818182
01316385 -52.471111111111114 -36.09640350877193
01316431 -69.41714285714286 -33.20768382352941
01316437 -0.6703333333333332 -0.6376785714285713
01316465 -171.23361111111112 -90.07535087719297
01317164 -1.6616666666666666 -1.4157275541795664
01317277 0.030444444444444496 -3.0872666666666664
01317286 -24.494999999999997 -20.204681818181818
01317454 -0.7998214285714289 -1.61375
01317666 -82.0906432748538 -71.05083333333334
01319366 -9.786602564102562 -14.999605911330049
01319821 -6.0476190476190474 -4.886017316017317
01320166 -2.761 -0.8745
01322229 -2.589166666666667 -3.3016666666666667
01322979 -12.668333333333331 -13.241190476190475
01324542 -1.3563333333333332 -0.7023809523809523
01327978 -0.2538095238095238 -0.9980952380952381
01328066 -1.3145138888888888 -0.7459444444444443
01328105 -2.1779871977240397 -1.3427631578947368
01329312 -1.5626190476190478 -0.9110606060606061
01329615 -1.2123218390804598 -0.6675641025641026
01330031 -227.78211111111113 -193.74063157894736
01330426 -49.489487179487185 -48.025609195402296
01330642 -2.0778846153846153 -5.105238095238095
01330903 -0.6878823529411765 -0.1322916666666667
01331123 -0.7142380952380953 -2.9937399193548386
01332059 -0.5762087912087912 -0.5547142857142857
01332413 -1.875904761904762 -0.5918571428571429
01333246 -0.5711396011396012 -0.6992307692307692
01333438 -1.3816239316239316 -0.12166666666666666
01334084 -7.9172222222222235 -9.482380952380952
01334087 -inf -5.492166666666667
01334302 -0.16895604395604397 0.047166666666666635
01334423 -4.008323076923077 -2.8461363636363637
01334448 -0.018653846153846132 -0.06358974358974362
01334470 -0.7307575757575757 -0.28446969696969715
01334597 -147.37 -66.18052631578948
01334620 -0.9141666666666668 -2.8752666666666666
01334644 -1.0368589743589742 -3.0178166666666666
01334645 -2.4905555555555554 -7.389728260869567
01334879 -2.7507692307692304 -3.4657692307692307
01335472 -0.9615555555555555 -0.5598181818181819
01335564 -0.5009848484848485 -0.515090909090909
01335694 -58.585972222222225 -21.874738562091505
01335717 -34.213 -20.0001581027668
01335868 -0.5975824175824174 -1.442371794871795
01336008 -7.2207359307359305 -1.7019090909090908
01336009 -2.6212648221343873 -1.6166363636363634
01336453 -34.665333333333336 -39.671375000000005
01336480 -13.8505 -3.3861111111111106
01336687 -11.695555555555556 -19.899883040935674
01337117 -4.592678571428571 -1.7788888888888887
01337228 -0.2370000000000001 -0.5613636363636365
01337272 -0.37357142857142855 -0.54
01337325 -0.20625000000000004 0.0043055555555555625
01337649 -38.41466666666666 -33.980164835164835
01337687 -29.33025 -27.215079365079365
01337703 -0.5924242424242425 -1.0382500000000001
01337838 -21.712500000000002 -16.187516339869283
01338128 -3.995178571428572 -1.8388235294117647
01338170 -2.080421052631579 -2.131111111111111
01338233 -0.09388888888888891 -0.20722222222222222
01338278 -1.6442857142857141 -0.3214285714285714
01338387 -4.286428571428571 -1.7230952380952382
01338430 -1.7445238095238098 -1.255952380952381
01338471 -0.4033928571428571 -0.13138888888888883
01338675 -52.89439393939394 -27.155833333333334
01339002 -1.7485714285714287 -0.5301960784313726
01339149 -0.235 -1.1216666666666666
01339392 -0.09666666666666668 -2.930952380952381
01339450 -0.25191919191919177 -0.3937373737373737
01340454 -3.2527124183006544 -3.0578571428571433
01341370 -17.758106060606064 -4.8555
01341894 -5.960833333333333 -6.761888888888889
01342255 -46.60166666666667 -46.22428571428572
01343208 -1.9683333333333333 -4.707666666666666
01343337 -1.2320879120879118 -1.205
01343401 -9.014000000000001 -5.038333333333334
01343533 -0.7806593406593407 -0.2793333333333333
01343759 -11.929166666666667 -19.8435
01343871 -2.9050000000000002 -2.1125
01344692 0.1598888888888888 0.37000000000000005
01345553 -3.05 -9.383222222222223
01345582 -0.5491666666666666 -1.9024999999999999
01345594 -1.6956944444444446 -0.025000000000000022
01346137 -4.235222222222222 -0.22666666666666668
01346387 -41.51981818181818 -13.4625
01346956 -32.23946428571429 -10.3
01346966 -12.929464285714285 -6.245
