results/collective_fits/with_ext/des_sn3yr_mcmc_fit_fits.ecsv
# %ECSV 0.9
# ---
# datatype:
# - {name: obj_id, datatype: string}
# - {name: message, datatype: string}
# - {name: band, datatype: string}
# - {name: source, datatype: string}
# - {name: pre_max, datatype: int64}
# - {name: post_max, datatype: int64}
# - {name: vparams, datatype: string}
# - {name: amplitude, datatype: float64}
# - {name: mwebv, datatype: float64}
# - {name: c, datatype: float64}
# - {name: z, datatype: float64}
# - {name: x1, datatype: float64}
# - {name: t0, datatype: float64}
# - {name: amplitude_err, datatype: float64}
# - {name: mwebv_err, datatype: float64}
# - {name: c_err, datatype: float64}
# - {name: z_err, datatype: float64}
# - {name: x1_err, datatype: float64}
# - {name: t0_err, datatype: float64}
# - {name: chisq, datatype: float64}
# - {name: ndof, datatype: float64}
# - {name: b_max, datatype: float64}
# - {name: delta_15, datatype: float64}
# meta: !!omap
# - band_names: !!python/tuple [des_sn3yr_g, des_sn3yr_r, des_sn3yr_i, des_sn3yr_z, des_sn3yr_y]
# - lambda_eff: !!python/tuple [5270, 6590, 7890, 9760, 10030]
# - {fit_func: mcmc_fit}
# - {out_path: /global/u1/d/djp81/Photometric-Classification/results/collective_fits/with_ext/des_sn3yr_mcmc_fit_fits.ecsv}
# schema: astropy-2.0
obj_id message band source pre_max post_max vparams amplitude mwebv c z x1 t0 amplitude_err mwebv_err c_err z_err x1_err t0_err chisq ndof b_max delta_15
01248677 NONE all hsiao_x1 10 49 t0,amplitude,x1 -1.724873063126668e-05 0.007308904569088479 "" 0.3502 0.1783068409464051 2456553.3340077316 3.780173964231681e-05 "" "" "" 0.11460609301345494 1.4207939283887474 51812.79 56.0 -17.69 0.804
01248677 NONE blue hsiao_x1 5 25 amplitude,x1 -4.315382267396055e-05 0.007308904569088479 "" 0.3502 0.10574906151574076 2456553.3340077316 1.4400865256759517e-07 "" "" "" 0.00952267105489901 "" 99.18 28.0 -19.68 0.894
01248677 NONE red hsiao_x1 3 13 amplitude,x1 -4.080798242588295e-05 0.007308904569088479 "" 0.3502 0.12461012163302089 2456553.3340077316 2.692291997524194e-07 "" "" "" 0.018997128566067046 "" 15.07 14.0 -19.56 0.869
01248677 NONE all sn91bg 9 50 t0,amplitude,x1,c 5.475916306946736e-17 0.007308904569088479 0.018642542732219217 0.3502 1.166377964504925 2456550.542418273 5.0591038727668016e-18 "" 0.018128331963468254 "" 0.08528901506851531 0.4990212471690279 16586.17 55.0 -19.19 1.507
01248677 NONE blue sn91bg 4 26 amplitude,x1,c 5.687804622777448e-17 0.007308904569088479 0.003562533577556941 0.3502 1.247825069858467 2456550.542418273 7.839620985144895e-19 "" 0.006579095955201329 "" 0.006474862898137615 "" 5802.23 27.0 -19.32 1.447
01248677 NONE red sn91bg 3 13 amplitude,x1,c 3.6862637016703105e-17 0.007308904569088479 0.35437129488094105 0.3502 1.2466491228085372 2456550.542418273 5.5467993625253555e-18 "" 0.2460452532114043 "" 0.003351190799489771 "" 288.79 13.0 -18.19 1.448
01250017 NONE all hsiao_x1 19 41 t0,amplitude,x1 4.905788785275856e-06 0.048700785615542946 "" 0.1817 -0.2513365765418709 2456554.3344135294 1.8177466635633433e-05 "" "" "" 0.3665460689264054 9.963922802086199 51852.03 57.0 -13.34 1.62
01250017 NONE blue hsiao_x1 6 10 amplitude,x1 1.7213774764300983e-05 0.048700785615542946 "" 0.1817 0.04565847322944785 2456554.3344135294 8.540630359974767e-05 "" "" "" 0.05448289578563149 "" 15418.39 14.0 -16.06 0.979
01250017 NONE red hsiao_x1 8 22 amplitude,x1 8.199671134005006e-05 0.048700785615542946 "" 0.1817 0.11251989868568912 2456554.3344135294 4.874546307391076e-07 "" "" "" 0.013783217671671202 "" 177.03 28.0 -19.45 0.885
01250017 NONE all sn91bg 16 44 t0,amplitude,x1,c 2.962720466359055e-16 0.048700785615542946 0.05657058949734594 0.1817 0.8382434469851365 2456549.219104231 3.469778095435924e-17 "" 0.061264157937027545 "" 0.08205022158497914 0.7254517803939158 16142.54 56.0 -19.06 1.879
01250017 NONE blue sn91bg 5 11 amplitude,x1,c 3.807536346942621e-16 0.048700785615542946 0.631899627968233 0.1817 1.2484102899160723 2456549.219104231 8.290470918099067e-17 "" 0.26615646462354925 "" 0.0014416622022715442 "" 1238.69 13.0 -18.56 1.447
01250017 NONE red sn91bg 6 24 amplitude,x1,c 1.2287061905659533e-16 0.048700785615542946 0.005804039941599409 0.1817 1.244763915701621 2456549.219104231 1.377710990482877e-18 "" 0.006002141135503021 "" 0.005028574647972689 "" 590.08 27.0 -18.53 1.449
01253039 NONE all hsiao_x1 28 46 t0,amplitude,x1 5.503563726539236e-06 0.009686011263915172 "" 0.4535 0.02510203899282261 2456576.306445938 2.9316544775809338e-05 "" "" "" 0.11748824469484441 3.407101601552599 5743.09 67.0 -15.87 1.01
01253039 NONE blue hsiao_x1 7 11 amplitude,x1 2.4714521618415403e-05 0.009686011263915172 "" 0.4535 0.11861617626387701 2456576.306445938 1.795107254896777e-05 "" "" "" 0.08512672665561395 "" 179.94 15.0 -19.14 0.877
01253039 NONE red hsiao_x1 7 13 amplitude,x1 2.45462393023748e-05 0.009686011263915172 "" 0.4535 0.012430707777097302 2456576.306445938 1.770800054842237e-05 "" "" "" 0.09875396096322647 "" 120.33 17.0 -19.12 1.03
01253039 NONE all sn91bg 24 50 t0,amplitude,x1,c 3.684488144625033e-17 0.009686011263915172 0.10179265292399578 0.4535 1.1860435953638184 2456572.552598604 5.53080526395152e-18 "" 0.133486660714789 "" 0.07234623541194125 0.9689280632584174 1349.75 70.0 -19.3 1.492
01253039 NONE blue sn91bg 6 12 amplitude,x1,c 4.629673217031587e-17 0.009686011263915172 0.5840780120439457 0.4535 1.2298707854645956 2456572.552598604 1.1397172410525594e-17 "" 0.277846189037857 "" 0.01788417027900838 "" 32.46 15.0 -18.63 1.46
01253039 NONE red sn91bg 6 14 amplitude,x1,c 2.8014209408576156e-17 0.009686011263915172 0.5714671043724197 0.4535 1.2206227077945229 2456572.552598604 5.4052757108751715e-18 "" 0.2895886935373205 "" 0.02653964132733175 "" 25.09 17.0 -18.1 1.466
01253101 NONE all hsiao_x1 24 44 t0,amplitude,x1 -2.9413897610517636e-05 0.0058442732258099685 "" 0.4596 0.09085993240047507 2456578.0167062543 3.665059770504687e-07 "" "" "" 0.03175072455265026 0.39560508443190145 95.78 57.0 -19.55 0.914
01253101 NONE blue hsiao_x1 6 12 amplitude,x1 -3.0443166297736273e-05 0.0058442732258099685 "" 0.4596 0.0731302620575217 2456578.0167062543 6.216978140159759e-07 "" "" "" 0.0524940500768545 "" 25.75 14.0 -19.62 0.939
01253101 NONE red hsiao_x1 6 11 amplitude,x1 -2.908746174334959e-05 0.0058442732258099685 "" 0.4596 0.26975620719739885 2456578.0167062543 7.80644845380882e-07 "" "" "" 0.08016766405323118 "" 15.35 13.0 -19.52 0.707
01253101 NONE all sn91bg 24 44 t0,amplitude,x1,c 3.061539139750271e-17 0.0058442732258099685 0.09185241361811793 0.4596 1.2319965436067295 2456576.377397036 4.165447738146833e-18 "" 0.14107916009363133 "" 0.03723078916530226 1.0081651061755073 472.36 56.0 -19.18 1.458
01253101 NONE blue sn91bg 6 12 amplitude,x1,c 4.779795147836569e-17 0.0058442732258099685 0.5549029986320144 0.4596 1.2371462549890653 2456576.377397036 1.240824901015615e-17 "" 0.29179261077839524 "" 0.013214327642056574 "" 43.42 13.0 -18.76 1.454
01253101 NONE red sn91bg 6 11 amplitude,x1,c 2.858133117317764e-17 0.0058442732258099685 0.5282914036145095 0.4596 1.2360073770648352 2456576.377397036 5.843761039062675e-18 "" 0.2959697215762252 "" 0.013845588807473563 "" 49.5 12.0 -18.25 1.455
01253920 NONE all hsiao_x1 20 38 t0,amplitude,x1 6.924252005210676e-05 0.009120105712886257 "" 0.1956 -0.04836660712048478 2456583.5990464706 1.9883910854385595e-05 "" "" "" 0.15995663313750502 2.515797984177359 864.66 51.0 -19.26 1.136
01253920 NONE blue hsiao_x1 5 10 amplitude,x1 7.516441480937686e-05 0.009120105712886257 "" 0.1956 -0.06102422425177131 2456583.5990464706 6.171139643573952e-07 "" "" "" 0.014499621931812482 "" 28.74 12.0 -19.44 1.16
01253920 NONE red hsiao_x1 10 19 amplitude,x1 7.708464901253281e-05 0.009120105712886257 "" 0.1956 -0.05791787782361538 2456583.5990464706 6.078747030040865e-07 "" "" "" 0.015685992298080226 "" 33.95 25.0 -19.5 1.154
01253920 NONE all sn91bg 20 38 t0,amplitude,x1,c 1.9133004102536588e-16 0.009120105712886257 0.02746022922615051 0.1956 1.1196655125851867 2456581.909178968 6.738608047404793e-17 "" 0.07158883629755015 "" 0.20627130818285094 0.5881498805763679 4820.33 50.0 -19.05 1.545
01253920 NONE blue sn91bg 5 10 amplitude,x1,c 3.058567908504826e-16 0.009120105712886257 0.7009084264957817 0.1956 1.2431588752324576 2456581.909178968 6.323013273283532e-17 "" 0.2425069467791395 "" 0.0060015024773188335 "" 56.9 11.0 -18.35 1.45
01253920 NONE red sn91bg 10 19 amplitude,x1,c 1.1567790801537868e-16 0.009120105712886257 0.06919705408247998 0.1956 1.242179714608745 2456581.909178968 3.6971333812952455e-18 "" 0.0525366718019563 "" 0.007161676739840879 "" 221.58 24.0 -18.53 1.451
01255502 NONE all hsiao_x1 8 21 t0,amplitude,x1 -0.00010352955781514958 0.01852964782464836 "" 0.1482 0.12306706369765293 2456593.110203716 2.4749427918146833e-05 "" "" "" 0.07535379723512854 2.0276373528543328 350.55 24.0 -19.47 0.871
01255502 NONE blue hsiao_x1 2 8 amplitude,x1 -0.00011324607463229993 0.01852964782464836 "" 0.1482 0.161229115751404 2456593.110203716 2.4827264032084617e-06 "" "" "" 0.030403677367950827 "" 20.47 8.0 -19.66 0.824
01255502 NONE red hsiao_x1 6 13 amplitude,x1 -0.00011072093641657415 0.01852964782464836 "" 0.1482 0.11706192479124375 2456593.110203716 6.875012168567573e-07 "" "" "" 0.012251432203943355 "" 28.99 15.0 -19.62 0.879
01255502 NONE all sn91bg 6 23 t0,amplitude,x1,c 7.288980089238116e-16 0.01852964782464836 0.5500515281556568 0.1482 0.999991643914901 2456580.248205585 5.534126301473152e-18 "" 8.163726824953721e-05 "" 3.0131143405906738e-05 0.001850125904271307 21155.24 25.0 -18.72 1.661
01255502 NONE blue sn91bg 2 8 amplitude,x1,c 1.9404974801042208e-16 0.01852964782464836 0.006926180770006914 0.1482 1.2480488020114515 2456580.248205585 4.3342977032103356e-18 "" 0.007162758176195911 "" 0.001903257972977898 "" 1871.39 7.0 -18.54 1.447
01255502 NONE red sn91bg 4 15 amplitude,x1,c 1.76554920236397e-16 0.01852964782464836 0.0073352071000875665 0.1482 1.2482748727615303 2456580.248205585 2.467922908475574e-18 "" 0.007114909285941429 "" 0.0017082590375643528 "" 2389.69 16.0 -18.43 1.447
01257366 NONE all hsiao_x1 11 29 t0,amplitude,x1 -1.4269892548507119e-05 0.009847501792583466 "" 0.2114 0.061694837646685895 2456614.628547648 1.564432891012389e-05 "" "" "" 0.24721286173420914 7.035028751564313 2417.75 35.0 -16.02 0.955
01257366 NONE blue hsiao_x1 2 6 amplitude,x1 -5.5509792401001836e-05 0.009847501792583466 "" 0.2114 -0.09277969694744917 2456614.628547648 1.4031232795140946e-06 "" "" "" 0.06682021466540719 "" 2.63 5.0 -18.97 1.223
01257366 NONE red hsiao_x1 6 19 amplitude,x1 -5.803645266723871e-05 0.009847501792583466 "" 0.2114 0.10060923698165665 2456614.628547648 8.55682238722073e-07 "" "" "" 0.032017672041603974 "" 71.26 23.0 -19.07 0.901
01257366 NONE all sn91bg 7 33 t0,amplitude,x1,c 7.296426871505516e-17 0.009847501792583466 0.006741440211162373 0.2114 1.2198991932590124 2456609.768433965 4.191777682355641e-18 "" 0.006831616172118048 "" 0.04534781184555815 0.3828071738159563 236.57 36.0 -18.31 1.467
01257366 NONE blue sn91bg 1 7 amplitude,x1,c 1.7806414036928536e-16 0.009847501792583466 0.6559555244401517 0.2114 1.1861906957802997 2456609.768433965 4.3778725305496297e-17 "" 0.2636390827299627 "" 0.05816350093186858 "" 9.51 5.0 -18.0 1.492
01257366 NONE red sn91bg 4 21 amplitude,x1,c 6.943374491687305e-17 0.009847501792583466 0.1285461617165156 0.2114 1.2385122123754995 2456609.768433965 4.261831873278849e-18 "" 0.10336455221708887 "" 0.010602867506167036 "" 88.03 22.0 -18.05 1.454
01257695 NONE all hsiao_x1 17 31 t0,amplitude,x1 4.777809089972108e-07 0.005625758973059664 "" 0.1838 0.04336964476558388 2456613.41995232 8.375476673460484e-05 "" "" "" 0.04724565598997879 0.5679547720619363 47363.93 42.0 -8.31 0.982
01257695 NONE blue hsiao_x1 4 7 amplitude,x1 -6.634578521692398e-06 0.005625758973059664 "" 0.1838 0.048270411546429866 2456613.41995232 7.567634742475467e-05 "" "" "" 0.3176777791267024 "" 11557.98 8.0 -14.02 0.975
01257695 NONE red hsiao_x1 9 16 amplitude,x1 1.6477816879722298e-09 0.005625758973059664 "" 0.1838 0.046717441525077945 2456613.41995232 8.23051957771742e-05 "" "" "" 0.030140114814766496 "" 16409.69 22.0 4.01 0.977
01257695 NONE all sn91bg 17 31 t0,amplitude,x1,c 2.036652464771933e-16 0.005625758973059664 0.143533915438214 0.1838 1.1716591982858153 2456611.6857906105 4.9405573090225237e-17 "" 0.2815380519541725 "" 0.07903440144671442 1.000681422112273 11948.93 44.0 -18.8 1.503
01257695 NONE blue sn91bg 4 7 amplitude,x1,c 3.1943085996189465e-16 0.005625758973059664 0.44419055062902363 0.1838 1.246455766854528 2456611.6857906105 8.463857257140233e-17 "" 0.28919777100379074 "" 0.0038508284023422855 "" 159.01 8.0 -18.75 1.448
01257695 NONE red sn91bg 9 16 amplitude,x1,c 1.3281306670022037e-16 0.005625758973059664 0.06005991169246006 0.1838 1.248974395274744 2456611.6857906105 2.9763367492998396e-18 "" 0.041436427631180064 "" 0.0009999643530528921 "" 1102.8 22.0 -18.55 1.446
01258906 NONE all hsiao_x1 18 38 t0,amplitude,x1 1.953854412954613e-05 0.005508620936371755 "" 0.3492 0.04356546877492912 2456622.7442334476 2.480652696136927e-05 "" "" "" 0.23854811760501587 3.687626961091893 1411.16 49.0 -17.95 0.982
01258906 NONE blue hsiao_x1 9 19 amplitude,x1 3.4619995922515154e-05 0.005508620936371755 "" 0.3492 0.05022858466088975 2456622.7442334476 5.210951440079939e-07 "" "" "" 0.03331818984105983 "" 31.76 24.0 -19.2 0.972
01258906 NONE red hsiao_x1 5 10 amplitude,x1 3.622728302116221e-05 0.005508620936371755 "" 0.3492 0.047813924166501376 2456622.7442334476 8.956770483763032e-07 "" "" "" 0.05919232330070277 "" 14.29 12.0 -19.29 0.975
01258906 NONE all sn91bg 18 38 t0,amplitude,x1,c 3.5150638123398123e-17 0.005508620936371755 0.018931213486831352 0.3492 1.201808218200961 2456619.148058891 5.660021873998145e-18 "" 0.028990391276116655 "" 0.08772123952838527 0.9097382918336692 390.55 48.0 -18.73 1.48
01258906 NONE blue sn91bg 9 19 amplitude,x1,c 3.761549960845183e-17 0.005508620936371755 0.0125184118819443 0.3492 1.2389931517245327 2456619.148058891 1.0692770377940874e-18 "" 0.012389060566419587 "" 0.01001177883838332 "" 180.74 23.0 -18.84 1.453
01258906 NONE red sn91bg 5 10 amplitude,x1,c 3.343601978759191e-17 0.005508620936371755 0.5127724070734881 0.3492 1.2229949717975928 2456619.148058891 5.8004802057774985e-18 "" 0.2787417951561334 "" 0.026163413446006194 "" 31.33 11.0 -17.72 1.464
01258940 NONE all hsiao_x1 23 47 t0,amplitude,x1 -3.074161073397433e-05 0.05074049100743485 "" 0.4259 0.0017537081346253739 2456618.9347461686 3.4513959063636337e-06 "" "" "" 0.11527940085408325 1.2288085415815866 59.75 63.0 -19.45 1.047
01258940 NONE blue hsiao_x1 12 23 amplitude,x1 -3.1270394982641684e-05 0.05074049100743485 "" 0.4259 0.003343593877444677 2456618.9347461686 5.871888873309547e-07 "" "" "" 0.03890957866971125 "" 27.55 31.0 -19.48 1.045
01258940 NONE red hsiao_x1 6 12 amplitude,x1 -3.196966292758221e-05 0.05074049100743485 "" 0.4259 -0.09756349456244692 2456618.9347461686 1.0653228188048e-06 "" "" "" 0.06334070259326206 "" 11.95 15.0 -19.53 1.233
01258940 NONE all sn91bg 23 47 t0,amplitude,x1,c 2.724976182400699e-17 0.05074049100743485 0.01350651929687993 0.4259 1.2359238005020443 2456618.0967827355 9.756042223367433e-19 "" 0.022945280022502876 "" 0.016122426112292657 0.4784005851042547 389.6 62.0 -19.0 1.455
01258940 NONE blue sn91bg 12 23 amplitude,x1,c 3.4568704465810314e-17 0.05074049100743485 0.01092598570579939 0.4259 1.2372986474577892 2456618.0967827355 1.1516001069013515e-18 "" 0.010966684822711953 "" 0.012836266320818442 "" 143.78 30.0 -19.26 1.454
01258940 NONE red sn91bg 6 12 amplitude,x1,c 2.790026855147368e-17 0.05074049100743485 0.5306586526906095 0.4259 1.190494796007327 2456618.0967827355 5.393714003866125e-18 "" 0.27852937934009503 "" 0.05176553365570897 "" 22.89 14.0 -17.98 1.488
01259412 NONE all hsiao_x1 11 36 t0,amplitude,x1 -3.829579790107725e-05 0.021609670008482178 "" 0.3047 0.06334851663981039 2456624.4577887333 1.5325553987993388e-05 "" "" "" 0.13662344799850576 4.290341568722139 3330.53 44.0 -19.07 0.953
01259412 NONE blue hsiao_x1 2 9 amplitude,x1 -4.67474292179159e-05 0.021609670008482178 "" 0.3047 0.06056284910448425 2456624.4577887333 2.6760260803428257e-07 "" "" "" 0.014201184352246784 "" 4.56 9.0 -19.5 0.957
01259412 NONE red hsiao_x1 6 18 amplitude,x1 -4.6590136292195025e-05 0.021609670008482178 "" 0.3047 0.09214696142972344 2456624.4577887333 2.7226860496082124e-07 "" "" "" 0.014708454270135 "" 24.8 22.0 -19.5 0.912
01259412 NONE all sn91bg 11 36 t0,amplitude,x1,c 5.953208747705971e-17 0.021609670008482178 0.011742016715325999 0.3047 1.1496345800929673 2456627.2768937703 7.808323368302259e-18 "" 0.015559008118513665 "" 0.13258587018732507 1.086669837039324 6355.24 39.0 -18.93 1.521
01259412 NONE blue sn91bg 2 9 amplitude,x1,c 8.375988499345317e-17 0.021609670008482178 0.15545034779162406 0.3047 1.2468483061135969 2456627.2768937703 1.4623747202153863e-17 "" 0.13602336365590403 "" 0.0030736178169243704 "" 137.98 7.0 -19.12 1.448
01259412 NONE red sn91bg 6 18 amplitude,x1,c 4.0445464377943264e-17 0.021609670008482178 0.00810109226456026 0.3047 1.247937570682042 2456627.2768937703 4.442389762354987e-19 "" 0.00836684164110807 "" 0.0019252115383403205 "" 1093.72 19.0 -18.59 1.447
