results/collective_fits/with_ext/des_sn3yr_mcmc_fit_fits.ecsv
# %ECSV 0.9
# ---
# datatype:
# - {name: obj_id, datatype: string}
# - {name: message, datatype: string}
# - {name: band, datatype: string}
# - {name: source, datatype: string}
# - {name: pre_max, datatype: int64}
# - {name: post_max, datatype: int64}
# - {name: vparams, datatype: string}
# - {name: amplitude, datatype: float64}
# - {name: mwebv, datatype: float64}
# - {name: c, datatype: float64}
# - {name: z, datatype: float64}
# - {name: x1, datatype: float64}
# - {name: t0, datatype: float64}
# - {name: amplitude_err, datatype: float64}
# - {name: mwebv_err, datatype: float64}
# - {name: c_err, datatype: float64}
# - {name: z_err, datatype: float64}
# - {name: x1_err, datatype: float64}
# - {name: t0_err, datatype: float64}
# - {name: chisq, datatype: float64}
# - {name: ndof, datatype: float64}
# - {name: b_max, datatype: float64}
# - {name: delta_15, datatype: float64}
# meta: !!omap
# - band_names: !!python/tuple [des_sn3yr_g, des_sn3yr_r, des_sn3yr_i, des_sn3yr_z, des_sn3yr_y]
# - lambda_eff: !!python/tuple [5270, 6590, 7890, 9760, 10030]
# - {fit_func: mcmc_fit}
# - {out_path: /global/u1/d/djp81/Photometric-Classification/results/collective_fits/with_ext/des_sn3yr_mcmc_fit_fits.ecsv}
# schema: astropy-2.0
obj_id message band source pre_max post_max vparams amplitude mwebv c z x1 t0 amplitude_err mwebv_err c_err z_err x1_err t0_err chisq ndof b_max delta_15
[from data line 338]
01298893 NONE blue sn91bg 0 4 amplitude,x1,c 3.1080667764550216e-16 0.025134692626769733 0.5874266149617846 0.1962 1.0360336119145077 2456932.4758040006 1.201648232799298e-16 "" 0.3032211444839711 "" 0.13068044333472256 "" 7.97 1.0 -18.43 1.623
01298893 NONE red sn91bg 4 11 amplitude,x1,c 8.251872248840415e-17 0.025134692626769733 0.07865299002976923 0.1962 1.1226380508002176 2456932.4758040006 9.47529456521862e-18 "" 0.0665669447956029 "" 0.07925154485809126 "" 25.58 12.0 -18.06 1.543
01299643 NONE all hsiao_x1 12 54 t0,amplitude,x1 7.225422558778107e-06 0.012049667129744045 "" 0.38 0.03955612308014021 2456941.445058891 3.5937699592616156e-05 "" "" "" 0.0900186311353903 1.6357726469977492 5474.98 59.0 -16.01 0.988
01299643 NONE blue hsiao_x1 6 27 amplitude,x1 3.728240170065545e-05 0.012049667129744045 "" 0.38 0.06284948180285087 2456941.445058891 3.686471416926498e-07 "" "" "" 0.021437170908811712 "" 39.34 29.0 -19.57 0.953
01299643 NONE red hsiao_x1 3 14 amplitude,x1 2.865471588496687e-05 0.012049667129744045 "" 0.38 0.0648369690931269 2456941.445058891 2.1844947874707184e-05 "" "" "" 0.051428317137145255 "" 151.38 14.0 -19.0 0.95
01299643 NONE all sn91bg 12 54 t0,amplitude,x1,c 4.6969868355470066e-17 0.012049667129744045 0.04430019594063632 0.38 1.072913605394829 2456941.92434902 1.4381791849059277e-17 "" 0.06527779516024691 "" 0.22330558254503577 4.118275166966756 1784.29 58.0 -19.11 1.587
01299643 NONE blue sn91bg 6 27 amplitude,x1,c 4.1440119616933056e-17 0.012049667129744045 0.005748674860681544 0.38 1.2468375592116514 2456941.92434902 7.396640502838926e-19 "" 0.005767875385309623 "" 0.0032217055103130284 "" 444.41 28.0 -19.18 1.448
01299643 NONE red sn91bg 3 14 amplitude,x1,c 3.252448400384957e-17 0.012049667129744045 0.5453429932082696 0.38 1.2376127338287353 2456941.92434902 5.747347059184204e-18 "" 0.2914321080236369 "" 0.012015591732806244 "" 76.42 13.0 -17.87 1.454
01299775 NONE all hsiao_x1 4 33 t0,amplitude,x1 -6.201740166871626e-07 0.009302427418017723 "" 0.1598 -0.07221713851891881 2456938.5559893 8.328143117483739e-05 "" "" "" 0.057003081700187475 0.564080859755448 4126.59 34.0 -8.54 1.181
01299775 NONE blue hsiao_x1 1 5 amplitude,x1 -8.821061446504212e-05 0.009302427418017723 "" 0.1598 -0.10306565607801108 2456938.5559893 1.717970082162211e-06 "" "" "" 0.032587981964392665 "" 17.57 4.0 -19.3 1.244
01299775 NONE red hsiao_x1 3 20 amplitude,x1 -1.804291876109928e-05 0.009302427418017723 "" 0.1598 -0.0445449444859734 2456938.5559893 8.946811987146883e-05 "" "" "" 0.03129042993502502 "" 1241.55 21.0 -15.86 1.128
01299775 NONE all sn91bg 4 33 t0,amplitude,x1,c 1.7504049604726183e-16 0.009302427418017723 0.008748611396498797 0.1598 1.2447973118236595 2456940.081977715 5.327606617237454e-18 "" 0.017553198952630723 "" 0.005653401050611999 1.064976357963077 516.89 33.0 -18.6 1.449
01299775 NONE blue sn91bg 1 5 amplitude,x1,c 3.1079930682212494e-16 0.009302427418017723 0.48818158993342775 0.1598 1.2410876879741297 2456940.081977715 7.627119412253491e-17 "" 0.2864871879377262 "" 0.008386330926660445 "" 38.49 3.0 -18.28 1.452
01299775 NONE red sn91bg 3 20 amplitude,x1,c 1.3795416767153797e-16 0.009302427418017723 0.07283531584338945 0.1598 1.2429642671926446 2456940.081977715 5.70451669616399e-18 "" 0.0644977242644364 "" 0.006761140677485057 "" 114.69 20.0 -18.23 1.45
01299785 NONE all hsiao_x1 13 51 t0,amplitude,x1 9.028441375748552e-06 0.008709617083092017 "" 0.3813 0.15122878485537863 2456944.360680479 2.7500519066897328e-05 "" "" "" 0.2816916382576575 2.932086061751502 1490.34 61.0 -16.5 0.836
01299785 NONE blue hsiao_x1 7 26 amplitude,x1 3.231458675386023e-05 0.008709617083092017 "" 0.3813 -0.02052966543067363 2456944.360680479 5.683091328547906e-07 "" "" "" 0.04404172294588622 "" 11.95 31.0 -19.27 1.085
01299785 NONE red hsiao_x1 3 12 amplitude,x1 3.2519206626775374e-05 0.008709617083092017 "" 0.3813 0.1047390932673328 2456944.360680479 1.0310445997095865e-06 "" "" "" 0.0979980327446858 "" 3.74 13.0 -19.28 0.895
01299785 NONE all sn91bg 13 51 t0,amplitude,x1,c 2.775894683334302e-17 0.008709617083092017 0.036653917056108716 0.3813 1.218025116686963 2456945.8044656594 2.682356996281319e-18 "" 0.08021233724590374 "" 0.039174012645496664 1.5522138865033537 238.45 56.0 -18.68 1.468
01299785 NONE blue sn91bg 7 26 amplitude,x1,c 3.203204642599883e-17 0.008709617083092017 0.02245273195443347 0.3813 1.2293616740844306 2456945.8044656594 1.3706580369738993e-18 "" 0.02108080743587777 "" 0.0191959948525527 "" 69.81 28.0 -18.87 1.46
01299785 NONE red sn91bg 3 12 amplitude,x1,c 2.675714936538694e-17 0.008709617083092017 0.5091548349864464 0.3813 1.2023755076916969 2456945.8044656594 5.162112705347007e-18 "" 0.30268253496820646 "" 0.040923584069969154 "" 23.79 11.0 -17.7 1.479
01300516 NONE all hsiao_x1 19 50 t0,amplitude,x1 -2.252938380784688e-05 0.01846447905818172 "" 0.3104 0.06781813316620099 2456948.721990721 3.210545377993551e-05 "" "" "" 0.08896098847229235 1.6557223726827877 3600.57 58.0 -17.97 0.946
01300516 NONE blue hsiao_x1 5 12 amplitude,x1 -4.129528778588621e-05 0.01846447905818172 "" 0.3104 0.06683940232596512 2456948.721990721 5.397232110573127e-07 "" "" "" 0.03715678985226073 "" 7.2 13.0 -19.28 0.948
01300516 NONE red hsiao_x1 10 26 amplitude,x1 -4.5669749854052006e-05 0.01846447905818172 "" 0.3104 0.06761112550842473 2456948.721990721 5.458570516555371e-07 "" "" "" 0.03371590544125038 "" 24.95 30.0 -19.5 0.946
01300516 NONE all sn91bg 19 50 t0,amplitude,x1,c 5.308449620506315e-17 0.01846447905818172 0.011528784506915713 0.3104 1.24333703182541 2456949.1477857046 1.765956671956233e-18 "" 0.025697774907549435 "" 0.01380532444055462 0.8285151396364663 800.78 57.0 -18.92 1.45
01300516 NONE blue sn91bg 5 12 amplitude,x1,c 1.0198132267311279e-16 0.01846447905818172 0.37747230521293457 0.3104 1.24138031853022 2456949.1477857046 4.040763371060925e-17 "" 0.28848501993364734 "" 0.007288408895266997 "" 76.47 12.0 -18.94 1.452
01300516 NONE red sn91bg 10 26 amplitude,x1,c 4.376426606261128e-17 0.01846447905818172 0.03172859226505841 0.3104 1.2447728687268302 2456949.1477857046 1.195594020111986e-18 "" 0.028637858333041066 "" 0.004812135056784094 "" 169.19 29.0 -18.68 1.449
01300912 NONE all hsiao_x1 23 42 t0,amplitude,x1 -5.674003901486373e-06 0.007166650394502261 "" 0.3376 0.08317920940638697 2456954.4712891495 1.0803853076348893e-05 "" "" "" 0.41417358431914864 4.129638363504375 12872.89 54.0 -15.18 0.925
01300912 NONE blue hsiao_x1 12 20 amplitude,x1 -3.216127617170113e-05 0.007166650394502261 "" 0.3376 0.19142260782423715 2456954.4712891495 2.1380553176517907e-07 "" "" "" 0.018223635765764152 "" 1414.62 26.0 -18.95 0.789
01300912 NONE red hsiao_x1 5 12 amplitude,x1 -3.2181995319193434e-05 0.007166650394502261 "" 0.3376 0.15360291986834673 2456954.4712891495 4.710442696287119e-07 "" "" "" 0.05661376188072728 "" 145.12 13.0 -18.95 0.833
01300912 NONE all sn91bg 20 45 t0,amplitude,x1,c 3.013411742709235e-17 0.007166650394502261 0.013013110979720275 0.3376 1.2211409493270071 2456944.898785457 2.0461482251417543e-18 "" 0.016769673027280406 "" 0.047050446028055894 0.9816716414386915 1115.61 57.0 -18.5 1.466
01300912 NONE blue sn91bg 10 22 amplitude,x1,c 3.274447586433278e-17 0.007166650394502261 0.004733208784419114 0.3376 1.2473452857164842 2456944.898785457 3.399381839331895e-19 "" 0.004870408772501339 "" 0.002379309636081775 "" 359.13 27.0 -18.63 1.447
01300912 NONE red sn91bg 5 12 amplitude,x1,c 2.739671339967592e-17 0.007166650394502261 0.4260216411341045 0.3376 1.2410636591554385 2456944.898785457 4.5227938911674685e-18 "" 0.27683188386186547 "" 0.00904206922015858 "" 107.62 13.0 -17.63 1.452
01301933 NONE all hsiao_x1 19 42 t0,amplitude,x1 -1.9699932067843004e-05 0.023012674070977075 "" 0.3299 0.013671652717273872 2456954.4371110597 1.888128927103236e-05 "" "" "" 0.3178816420132831 7.064131284992823 29384.08 54.0 -17.83 1.028
01301933 NONE blue hsiao_x1 5 11 amplitude,x1 -4.216299914786215e-05 0.023012674070977075 "" 0.3299 -0.016030831398628768 2456954.4371110597 1.9990821168362906e-07 "" "" "" 0.010596451722178706 "" 128.88 13.0 -19.48 1.077
01301933 NONE red hsiao_x1 10 21 amplitude,x1 -4.1225816289768716e-05 0.023012674070977075 "" 0.3299 0.015283461283887311 2456954.4371110597 1.6131307408679016e-07 "" "" "" 0.008825628915875943 "" 418.83 27.0 -19.43 1.025
01301933 NONE all sn91bg 19 42 t0,amplitude,x1,c 5.300594569508061e-17 0.023012674070977075 0.027912785008988885 0.3299 1.0679720073556203 2456951.6154067693 8.302774132743083e-18 "" 0.02702634730049625 "" 0.15530561740139637 0.583917261354219 8081.87 53.0 -18.91 1.591
01301933 NONE blue sn91bg 5 11 amplitude,x1,c 6.522860172452484e-17 0.023012674070977075 0.03008881619650824 0.3299 1.2465843529055014 2456951.6154067693 2.1025111387043585e-18 "" 0.026188267138737804 "" 0.004082278144767662 "" 326.84 12.0 -19.27 1.448
01301933 NONE red sn91bg 10 21 amplitude,x1,c 3.6485891561552926e-17 0.023012674070977075 0.0038395720523195956 0.3299 1.2387884087332224 2456951.6154067693 1.8065458940279846e-18 "" 0.004265539192400016 "" 0.03653896478764495 "" 1531.81 26.0 -18.68 1.453
01302058 NONE all hsiao_x1 12 44 t0,amplitude,x1 -4.750537730528108e-05 0.00841748083868763 "" 0.1984 0.10988439760246849 2456959.2112236437 5.349847619326631e-05 "" "" "" 0.22731479943653082 3.8866512645259164 11831.49 51.0 -18.48 0.889
01302058 NONE blue hsiao_x1 4 10 amplitude,x1 -8.327489337356229e-05 0.00841748083868763 "" 0.1984 0.03961850608792476 2456959.2112236437 5.102152042292253e-07 "" "" "" 0.015907752789790768 "" 12.02 11.0 -19.7 0.988
01302058 NONE red hsiao_x1 7 24 amplitude,x1 -8.474006416542774e-05 0.00841748083868763 "" 0.1984 0.0007839785906768006 2456959.2112236437 6.193942826077414e-07 "" "" "" 0.017053599041027632 "" 46.94 28.0 -19.74 1.049
01302058 NONE all sn91bg 12 44 t0,amplitude,x1,c 2.0326135950927921e-16 0.00841748083868763 0.04965037525843312 0.1984 1.1514622031683082 2456958.257643912 4.312078890958812e-17 "" 0.12868770949898103 "" 0.11137209258536739 0.5623152605888703 4996.54 50.0 -19.14 1.52
01302058 NONE blue sn91bg 4 10 amplitude,x1,c 4.1544365657293366e-16 0.00841748083868763 0.7772056263855468 0.1984 1.248436430839156 2456958.257643912 7.142502307958497e-17 "" 0.20800863279932155 "" 0.001589377636404734 "" 212.23 10.0 -18.56 1.447
01302058 NONE red sn91bg 7 24 amplitude,x1,c 1.2880933144291772e-16 0.00841748083868763 0.015889822683040244 0.1984 1.2479269381333153 2456958.257643912 1.812011206655506e-18 "" 0.016368867082843398 "" 0.0020781441892376447 "" 491.02 27.0 -18.78 1.447
01302141 NONE all hsiao_x1 28 63 t0,amplitude,x1 4.179013286285059e-08 0.0054056395744640166 "" 0.6088 -0.06280798068255153 2457280.3742818167 2.0735568190822724e-05 "" "" "" 0.09797338622202363 2.521564519996028 638.4 84.0 -6.05 1.163
01302141 NONE blue hsiao_x1 7 15 amplitude,x1 -4.293605416156023e-06 0.0054056395744640166 "" 0.6088 -0.1273739048469316 2457280.3742818167 2.1316365162095752e-05 "" "" "" 0.08033899701190604 "" 176.31 19.0 -16.11 1.297
01302141 NONE red hsiao_x1 7 17 amplitude,x1 1.43224343959686e-05 0.0054056395744640166 "" 0.6088 0.01819613628541071 2457280.3742818167 1.5000976917799921e-05 "" "" "" 0.19831511496750504 "" 93.65 21.0 -18.72 1.021
01302141 NONE all sn91bg 28 63 t0,amplitude,x1,c 1.6177750189723744e-17 0.0054056395744640166 0.03055806367775309 0.6088 1.1973728407526736 2457279.5832099956 2.0077030165129285e-18 "" 0.04625894711581392 "" 0.05649773770703638 1.0943845291006788 123.7 83.0 -19.31 1.483
01302141 NONE blue sn91bg 7 15 amplitude,x1,c 3.4598520567169635e-17 0.0054056395744640166 0.5707082179618493 0.6088 1.1559696095667982 2457279.5832099956 1.2042822759915442e-17 "" 0.26913408610845363 "" 0.06880110711859136 "" 22.44 18.0 -19.05 1.516
01302141 NONE red sn91bg 7 17 amplitude,x1,c 2.1095350810080548e-17 0.0054056395744640166 0.5535434871231377 0.6088 1.2030763624754226 2457279.5832099956 5.0621522483085094e-18 "" 0.28912379080327305 "" 0.04248351770653118 "" 34.06 20.0 -18.58 1.479
01302187 NONE all hsiao_x1 15 35 t0,amplitude,x1 -5.434834516554227e-05 0.009741873921395977 "" 0.2195 -0.09153812157275937 2456952.789374688 1.7532378018870137e-05 "" "" "" 0.13872885585516292 2.3881504699391534 146.24 45.0 -19.02 1.22
01302187 NONE blue hsiao_x1 3 6 amplitude,x1 -6.045713191352885e-05 0.009741873921395977 "" 0.2195 -0.06426368594349291 2456952.789374688 1.7374935556561893e-06 "" "" "" 0.052827900087518045 "" 1.94 7.0 -19.25 1.166
01302187 NONE red hsiao_x1 8 23 amplitude,x1 -6.312194109372378e-05 0.009741873921395977 "" 0.2195 -0.12443460467685634 2456952.789374688 9.352211847401822e-07 "" "" "" 0.026834095901344994 "" 14.79 27.0 -19.34 1.29
01302187 NONE all sn91bg 15 35 t0,amplitude,x1,c 8.269184585903223e-17 0.009741873921395977 0.05940158983185288 0.2195 1.2244471042457363 2456950.8740211865 1.01309943238637e-17 "" 0.1300829834548703 "" 0.045305832720121675 0.4454472988072689 322.42 44.0 -18.45 1.463
01302187 NONE blue sn91bg 3 6 amplitude,x1,c 2.0959154773134886e-16 0.009741873921395977 0.5249697453675553 0.2195 1.0877932329794784 2456950.8740211865 6.717986066629521e-17 "" 0.2856648689662011 "" 0.09026279152120989 "" 9.73 6.0 -18.43 1.573
01302187 NONE red sn91bg 8 23 amplitude,x1,c 7.052767849661206e-17 0.009741873921395977 0.04557704084789849 0.2195 1.236442387281671 2456950.8740211865 2.5248836738520547e-18 "" 0.04244414836885167 "" 0.011794184593058737 "" 91.43 26.0 -18.31 1.455
01302523 NONE all hsiao_x1 12 44 t0,amplitude,x1 -3.0388671421473017e-05 0.022160266410420775 "" 0.4239 0.014096719084675809 2457288.478040952 1.8081814791420196e-06 "" "" "" 0.04269526497335169 0.7718224323694584 99.64 53.0 -19.41 1.027
01302523 NONE blue hsiao_x1 6 22 amplitude,x1 -3.1057950015729425e-05 0.022160266410420775 "" 0.4239 0.024963720539566348 2457288.478040952 3.1509929169455847e-07 "" "" "" 0.028960389205560804 "" 8.87 26.0 -19.46 1.01
01302523 NONE red hsiao_x1 4 11 amplitude,x1 -3.064507554310193e-05 0.022160266410420775 "" 0.4239 0.05618422573556379 2457288.478040952 4.5965564152538515e-07 "" "" "" 0.05067280961238438 "" 6.45 13.0 -19.43 0.963
01302523 NONE all sn91bg 8 48 t0,amplitude,x1,c 2.937421311425355e-17 0.022160266410420775 0.2432669621241288 0.4239 1.2110247967111532 2457284.6751737464 4.665553959405459e-18 "" 0.22631836362453098 "" 0.057907292962330784 1.3429127898250248 1022.7 52.0 -18.6 1.473
01302523 NONE blue sn91bg 4 24 amplitude,x1,c 3.005190006939147e-17 0.022160266410420775 0.005742463740438259 0.4239 1.2405251356665292 2457284.6751737464 6.002432947577634e-19 "" 0.00573602961117285 "" 0.008929999526953515 "" 286.77 25.0 -19.11 1.452
01302523 NONE red sn91bg 3 12 amplitude,x1,c 2.5325604864630485e-17 0.022160266410420775 0.47142891508714185 0.4239 1.2308221547822442 2457284.6751737464 5.062913139507631e-18 "" 0.3017009808779084 "" 0.01610290137221717 "" 27.5 12.0 -18.01 1.459
01302648 NONE all hsiao_x1 13 44 t0,amplitude,x1 -9.290781392084167e-06 0.005716402298462432 "" 0.2319 -0.054558430990546504 2456948.3897246514 4.799949857941641e-05 "" "" "" 0.09734107415044958 1.988973642781365 7185.48 50.0 -15.32 1.147
01302648 NONE blue hsiao_x1 3 10 amplitude,x1 -5.6242832599255065e-05 0.005716402298462432 "" 0.2319 -0.10949808313441181 2456948.3897246514 8.522180091782773e-07 "" "" "" 0.03288213481573561 "" 5.68 10.0 -19.23 1.258
01302648 NONE red hsiao_x1 7 23 amplitude,x1 -4.6125148023113694e-05 0.005716402298462432 "" 0.2319 -0.0727505925340119 2456948.3897246514 3.4708305977312837e-05 "" "" "" 0.02717517434534742 "" 294.58 26.0 -18.8 1.182
