results/collective_fits/with_ext/des_sn3yr_mcmc_fit_fits.ecsv
# %ECSV 0.9
# ---
# datatype:
# - {name: obj_id, datatype: string}
# - {name: message, datatype: string}
# - {name: band, datatype: string}
# - {name: source, datatype: string}
# - {name: pre_max, datatype: int64}
# - {name: post_max, datatype: int64}
# - {name: vparams, datatype: string}
# - {name: amplitude, datatype: float64}
# - {name: mwebv, datatype: float64}
# - {name: c, datatype: float64}
# - {name: z, datatype: float64}
# - {name: x1, datatype: float64}
# - {name: t0, datatype: float64}
# - {name: amplitude_err, datatype: float64}
# - {name: mwebv_err, datatype: float64}
# - {name: c_err, datatype: float64}
# - {name: z_err, datatype: float64}
# - {name: x1_err, datatype: float64}
# - {name: t0_err, datatype: float64}
# - {name: chisq, datatype: float64}
# - {name: ndof, datatype: float64}
# - {name: b_max, datatype: float64}
# - {name: delta_15, datatype: float64}
# meta: !!omap
# - band_names: !!python/tuple [des_sn3yr_g, des_sn3yr_r, des_sn3yr_i, des_sn3yr_z, des_sn3yr_y]
# - lambda_eff: !!python/tuple [5270, 6590, 7890, 9760, 10030]
# - {fit_func: mcmc_fit}
# - {out_path: /global/u1/d/djp81/Photometric-Classification/results/collective_fits/with_ext/des_sn3yr_mcmc_fit_fits.ecsv}
# schema: astropy-2.0
obj_id message band source pre_max post_max vparams amplitude mwebv c z x1 t0 amplitude_err mwebv_err c_err z_err x1_err t0_err chisq ndof b_max delta_15
[from data line 809]
01334084 NONE blue hsiao_x1 4 10 amplitude,x1 -9.004549097235658e-05 0.03391536208240094 "" 0.1335 -0.10918220330784494 2457337.051872494 2.7284678256125394e-06 "" "" "" 0.06313893237920971 "" 24.15 10.0 -18.92 1.257
01334084 NONE red hsiao_x1 3 8 amplitude,x1 -0.00010080151557429837 0.03391536208240094 "" 0.1335 -0.06799371176436594 2457337.051872494 1.8618648592468904e-06 "" "" "" 0.038465518545624154 "" 4.98 8.0 -19.16 1.173
01334084 NONE all sn91bg 11 26 t0,amplitude,x1,c 1.9935107886021435e-16 0.03391536208240094 0.07376582701244341 0.1335 1.2390215020877051 2457336.842174463 2.2504170342515597e-17 "" 0.16571325065993622 "" 0.027201321991047783 0.642592838778793 344.37 29.0 -18.2 1.453
01334084 NONE blue sn91bg 4 10 amplitude,x1,c 2.566764654898959e-16 0.03391536208240094 0.01106109368468576 0.1335 1.2328311625163704 2457336.842174463 9.309461047841707e-18 "" 0.010722199357631286 "" 0.01619438856780396 "" 82.52 9.0 -18.57 1.457
01334084 NONE red sn91bg 3 8 amplitude,x1,c 2.455659323582352e-16 0.03391536208240094 0.5506283363457206 0.1335 1.2405133806446302 2457336.842174463 4.183941464032124e-17 "" 0.29015434410308194 "" 0.00892706915032954 "" 72.34 7.0 -17.49 1.452
01334087 NONE all hsiao_x1 13 14 t0,amplitude,x1 3.355000707483913e-09 0.03083759918535835 "" 0.2663 4.2247871451764074e-05 2457348.461106814 3.140530978516514e-11 "" "" "" 9.723282644809286e-05 0.0016640459450607806 2863.85 15.0 1.55 1.05
01334087 NONE blue hsiao_x1 2 2 amplitude,x1 -1.8758108755626794e-05 0.03083759918535835 "" 0.2663 0.18325546153013056 2457348.461106814 4.316960813921348e-05 "" "" "" 0.2536710909459097 "" 199.23 0.0 -17.18 0.798
01334087 NONE red hsiao_x1 8 7 amplitude,x1 3.002314296470915e-05 0.03083759918535835 "" 0.2663 0.38638525476307123 2457348.461106814 3.985593924286566e-05 "" "" "" 0.08434685881506378 "" 240.85 8.0 -18.21 0.605
01334087 NONE all sn91bg 12 15 t0,amplitude,x1,c 1.5136789306363707e-16 0.03083759918535835 0.0038095629804412866 0.2663 0.9147897897447826 2457339.6366202803 2.585940719564375e-17 "" 0.0061610945299334936 "" 0.1563435023062008 1.2267605293074881 675.26 19.0 -19.42 1.766
01334087 NONE blue sn91bg 2 2 amplitude,x1,c 4.030432312952829e-16 0.03083759918535835 0.5477089892428604 0.2663 0.9466343416765017 2457339.6366202803 1.8300080445649164e-16 "" 0.2822370544481846 "" 0.17602949204361223 "" 17.84 0.0 -19.46 1.725
01334087 NONE red sn91bg 7 8 amplitude,x1,c 6.932262614796822e-17 0.03083759918535835 0.2227833686729049 0.2663 1.229049233946211 2457339.6366202803 8.519744493159225e-18 "" 0.18924848382006232 "" 0.02533550402283559 "" 60.34 10.0 -18.41 1.46
01334302 NONE all hsiao_x1 26 38 t0,amplitude,x1 -1.6514737336793697e-05 0.006254048453139867 "" 0.4549 0.012197079119346442 2457332.7171226423 2.0466298741268746e-05 "" "" "" 0.23942250228968412 3.9759181775090435 472.17 53.0 -18.27 1.03
01334302 NONE blue hsiao_x1 6 11 amplitude,x1 -2.710906281751396e-05 0.006254048453139867 "" 0.4549 -0.007566998502694756 2457332.7171226423 1.0071580913557572e-06 "" "" "" 0.10858882430358141 "" 3.43 13.0 -19.34 1.063
01334302 NONE red hsiao_x1 7 12 amplitude,x1 -2.8100273792941842e-05 0.006254048453139867 "" 0.4549 -0.1470374829642512 2457332.7171226423 1.199649782778504e-06 "" "" "" 0.12671188061214123 "" 7.81 15.0 -19.42 1.342
01334302 NONE all sn91bg 26 38 t0,amplitude,x1,c 2.512201974071501e-17 0.006254048453139867 0.018379933314711293 0.4549 1.1244493091751278 2457330.161355848 4.028228813751932e-18 "" 0.04899873768685808 "" 0.11308384748687215 0.7964158725417165 162.62 56.0 -18.98 1.541
01334302 NONE blue sn91bg 6 11 amplitude,x1,c 3.905172430744255e-17 0.006254048453139867 0.5831954306309759 0.4549 1.191620705080151 2457330.161355848 1.104222160699903e-17 "" 0.3032205523599541 "" 0.050033460425195964 "" 7.75 13.0 -18.43 1.488
01334302 NONE red sn91bg 7 12 amplitude,x1,c 2.5624892663160324e-17 0.006254048453139867 0.5447323831642973 0.4549 1.125044517843583 2457330.161355848 5.549436056045777e-18 "" 0.2838468553193121 "" 0.08713747497294347 "" 8.24 15.0 -17.98 1.541
01334423 NONE all hsiao_x1 20 36 t0,amplitude,x1 -2.994981393010339e-05 0.04013168246871591 "" 0.3577 0.08358071877196795 2457334.328493496 1.5250364551698792e-05 "" "" "" 0.07861278912066998 2.712197986441771 292.15 53.0 -18.94 0.924
01334423 NONE blue hsiao_x1 10 18 amplitude,x1 -3.57494603443607e-05 0.04013168246871591 "" 0.3577 0.0994325003238129 2457334.328493496 5.445108112154866e-07 "" "" "" 0.05208479276306107 "" 13.98 26.0 -19.33 0.902
01334423 NONE red hsiao_x1 5 9 amplitude,x1 -3.6039690904292435e-05 0.04013168246871591 "" 0.3577 0.10970606154571073 2457334.328493496 9.572009658693238e-07 "" "" "" 0.08282083013687194 "" 4.97 12.0 -19.34 0.889
01334423 NONE all sn91bg 20 36 t0,amplitude,x1,c 3.580555466681534e-17 0.04013168246871591 0.025158200560918526 0.3577 1.2267538252538244 2457332.6890270147 2.3853665761259007e-18 "" 0.03039611442577905 "" 0.02773127207138729 2.4970545911406683 538.87 52.0 -18.82 1.462
01334423 NONE blue sn91bg 10 18 amplitude,x1,c 3.956897324997476e-17 0.04013168246871591 0.016532539301175687 0.3577 1.2392691666612683 2457332.6890270147 1.1343750628535588e-18 "" 0.015003071228896967 "" 0.009699509074370168 "" 140.06 25.0 -18.95 1.453
01334423 NONE red sn91bg 5 9 amplitude,x1,c 3.489877029240782e-17 0.04013168246871591 0.5219741074621733 0.3577 1.2266313896352263 2457332.6890270147 6.2202915429889344e-18 "" 0.28045884150706424 "" 0.023847796725624912 "" 33.55 11.0 -17.82 1.462
01334448 NONE all hsiao_x1 28 36 t0,amplitude,x1 4.807576923395159e-06 0.01752413832302989 "" 0.5167 -0.24225995201784573 2457330.5361816273 2.2536474439720003e-05 "" "" "" 0.0761069792849575 0.9478984672419946 340.27 57.0 -15.92 1.593
01334448 NONE blue hsiao_x1 7 9 amplitude,x1 1.8446643658543134e-05 0.01752413832302989 "" 0.5167 -0.17792348027918276 2457330.5361816273 1.4818049744382815e-05 "" "" "" 0.1904583183498511 "" 14.86 13.0 -18.84 1.417
01334448 NONE red hsiao_x1 7 9 amplitude,x1 4.0387034898511066e-06 0.01752413832302989 "" 0.5167 -0.19517891402263998 2457330.5361816273 2.24871771658172e-05 "" "" "" 0.17756966081414272 "" 46.58 13.0 -15.54 1.461
01334448 NONE all sn91bg 28 36 t0,amplitude,x1,c 2.231005322614301e-17 0.01752413832302989 0.0360638749285349 0.5167 1.0418895068474736 2457331.032567576 5.054744733950489e-18 "" 0.05123560806974881 "" 0.16156747621307593 0.9435661272919794 98.43 56.0 -19.09 1.617
01334448 NONE blue sn91bg 7 9 amplitude,x1,c 3.9091206814437456e-17 0.01752413832302989 0.5865970177343065 0.5167 1.0235806202300703 2457331.032567576 1.4440390324530613e-17 "" 0.2859973866119259 "" 0.1494767158759312 "" 5.23 12.0 -18.62 1.636
01334448 NONE red sn91bg 7 9 amplitude,x1,c 2.2301791520562328e-17 0.01752413832302989 0.5551896658675364 0.5167 1.0052252254152352 2457331.032567576 7.352878706609525e-18 "" 0.27707375303744464 "" 0.1585140711195239 "" 6.0 12.0 -18.05 1.655
01334470 NONE all hsiao_x1 24 36 t0,amplitude,x1 -2.403413752541612e-05 0.018579840782485233 "" 0.5188 0.11412360993807408 2457333.9446081906 6.802349370282693e-07 "" "" "" 0.09095233013125034 0.8442861381525623 77.63 53.0 -19.43 0.883
01334470 NONE blue hsiao_x1 6 9 amplitude,x1 -2.455868202226728e-05 0.018579840782485233 "" 0.5188 0.08674129615421934 2457333.9446081906 8.348335187861972e-07 "" "" "" 0.08967490206764878 "" 7.63 12.0 -19.47 0.92
01334470 NONE red hsiao_x1 6 9 amplitude,x1 -2.5349750979926517e-05 0.018579840782485233 "" 0.5188 0.002592094850472939 2457333.9446081906 1.1960607860403399e-06 "" "" "" 0.14180565814011928 "" 12.82 12.0 -19.54 1.046
01334470 NONE all sn91bg 24 36 t0,amplitude,x1,c 2.017713599945652e-17 0.018579840782485233 0.01227233034531282 0.5188 1.2307655775442587 2457333.3607592094 7.967362936785948e-19 "" 0.017641689458985737 "" 0.018214601458479626 0.6720156320321572 221.33 52.0 -19.18 1.459
01334470 NONE blue sn91bg 6 9 amplitude,x1,c 4.092831704027146e-17 0.018579840782485233 0.6348254390600522 0.5188 1.2111990992025916 2457333.3607592094 1.1321074462476634e-17 "" 0.28012588973250974 "" 0.034990787349162784 "" 16.73 11.0 -18.74 1.473
01334470 NONE red sn91bg 6 9 amplitude,x1,c 2.3198022384821043e-17 0.018579840782485233 0.5389238350382357 0.5188 1.1912654152283524 2457333.3607592094 4.728750592884315e-18 "" 0.2736805612711639 "" 0.052846985950182064 "" 16.71 11.0 -18.28 1.488
01334597 NONE all hsiao_x1 18 30 t0,amplitude,x1 2.380302823471443e-05 0.020987695792886087 "" 0.289 0.12574351187170177 2457340.8362075607 4.0585226502079725e-05 "" "" "" 0.16044001777786907 4.550268446954143 31499.16 41.0 -17.91 0.868
01334597 NONE blue hsiao_x1 5 7 amplitude,x1 5.031716165858359e-05 0.020987695792886087 "" 0.289 0.03437118671115721 2457340.8362075607 2.529913615629988e-07 "" "" "" 0.010841698466589599 "" 391.6 9.0 -19.53 0.996
01334597 NONE red hsiao_x1 8 15 amplitude,x1 5.080269231505642e-05 0.020987695792886087 "" 0.289 0.06492587371565738 2457340.8362075607 2.1771674700669751e-07 "" "" "" 0.01279256683254719 "" 251.54 19.0 -19.55 0.95
01334597 NONE all sn91bg 14 34 t0,amplitude,x1,c 7.438893282497332e-17 0.020987695792886087 0.05416312633007029 0.289 1.120674870468759 2457339.484771442 8.079801749427658e-18 "" 0.04177246518535439 "" 0.07416097800017818 0.6963256235970647 10437.12 42.0 -18.94 1.545
01334597 NONE blue sn91bg 4 8 amplitude,x1,c 8.427324908038299e-17 0.020987695792886087 0.053356773039741026 0.289 1.2488295391898636 2457339.484771442 6.915354571705709e-18 "" 0.0651265084202001 "" 0.0010828738279702048 "" 1635.74 8.0 -19.18 1.446
01334597 NONE red sn91bg 6 17 amplitude,x1,c 5.292086404777678e-17 0.020987695792886087 0.003929090897067258 0.289 1.24899652569411 2457339.484771442 5.1299936286689105e-19 "" 0.003978843027080157 "" 0.0010633129112440245 "" 1351.22 20.0 -18.76 1.446
01334620 NONE all hsiao_x1 20 38 t0,amplitude,x1 4.8129152100048776e-05 0.025008511768203137 "" 0.1961 -0.012172124971504565 2457334.297657131 1.3056171895123312e-05 "" "" "" 0.13368984911935375 3.280535178009699 344.62 51.0 -18.48 1.071
01334620 NONE blue hsiao_x1 5 10 amplitude,x1 5.656292890417435e-05 0.025008511768203137 "" 0.1961 -0.04192989998376854 2457334.297657131 1.0402314967734109e-06 "" "" "" 0.04516457708018406 "" 5.75 12.0 -18.83 1.124
01334620 NONE red hsiao_x1 10 19 amplitude,x1 6.183294290699193e-05 0.025008511768203137 "" 0.1961 -0.02688656019710835 2457334.297657131 1.0299510560671113e-06 "" "" "" 0.03829086928526603 "" 19.85 25.0 -19.02 1.096
01334620 NONE all sn91bg 20 38 t0,amplitude,x1,c 8.417278209128997e-17 0.025008511768203137 0.0037332640921731402 0.1961 1.2407274092361675 2457334.187908783 1.724736635399172e-18 "" 0.004237165113633585 "" 0.008458680698983654 0.328047952555547 286.54 50.0 -18.3 1.452
01334620 NONE blue sn91bg 5 10 amplitude,x1,c 1.5336717657980288e-16 0.025008511768203137 0.5229490907667667 0.1961 1.2272507742817411 2457334.187908783 3.9141737880862817e-17 "" 0.27995235521354217 "" 0.021362165542130898 "" 17.55 11.0 -17.93 1.461
01334620 NONE red sn91bg 10 19 amplitude,x1,c 7.16674830967931e-17 0.025008511768203137 0.07223194775474587 0.1961 1.237970857337287 2457334.187908783 3.477569385554815e-18 "" 0.06724647045537299 "" 0.011586047593844972 "" 89.71 24.0 -18.01 1.454
01334644 NONE all hsiao_x1 16 40 t0,amplitude,x1 -2.7509689016864143e-05 0.020300083841248436 "" 0.2881 -0.034279540537486414 2457330.970040097 2.9226823069320654e-05 "" "" "" 0.2746228381347194 3.673758691729466 1465.32 53.0 -18.21 1.11
01334644 NONE blue hsiao_x1 4 11 amplitude,x1 -4.4279959011221964e-05 0.020300083841248436 "" 0.2881 -0.1864347444174901 2457330.970040097 7.155984815386996e-07 "" "" "" 0.033447253487595585 "" 14.44 13.0 -19.25 1.438
01334644 NONE red hsiao_x1 8 19 amplitude,x1 -4.435060844154414e-05 0.020300083841248436 "" 0.2881 -0.17236936577154266 2457330.970040097 7.520382322667194e-07 "" "" "" 0.03090576212881798 "" 18.92 25.0 -19.25 1.403
01334644 NONE all sn91bg 20 36 t0,amplitude,x1,c 6.92388991671131e-17 0.020300083841248436 0.0025725885163000086 0.2881 0.9818309467292785 2457331.7593484595 4.111116082965857e-18 "" 0.00827239977688434 "" 0.04147842427184513 0.4993148822549134 719.79 52.0 -18.83 1.682
01334644 NONE blue sn91bg 5 10 amplitude,x1,c 1.1849906109125791e-16 0.020300083841248436 0.49533907650453957 0.2881 1.180763047457914 2457331.7593484595 4.270452905342987e-17 "" 0.31261800675548396 "" 0.04769805295527238 "" 25.69 12.0 -18.61 1.496
01334644 NONE red sn91bg 10 17 amplitude,x1,c 3.94967064685282e-17 0.020300083841248436 0.047071085278776764 0.2881 1.1941370828410112 2457331.7593484595 2.6730778400252546e-18 "" 0.046653057264893806 "" 0.042832831595539675 "" 87.83 24.0 -18.32 1.486
01334645 NONE all hsiao_x1 19 35 t0,amplitude,x1 -5.319485313740372e-05 0.02430963056614381 "" 0.2312 -0.13239439914130968 2457334.966374544 1.6014866394850275e-05 "" "" "" 0.13923246478450949 2.554560812986079 809.85 47.0 -19.1 1.308
01334645 NONE blue hsiao_x1 4 8 amplitude,x1 -6.0011915080306165e-05 0.02430963056614381 "" 0.2312 -0.05244815765912541 2457334.966374544 6.845823699383586e-07 "" "" "" 0.03214163080341548 "" 7.72 9.0 -19.36 1.143
01334645 NONE red hsiao_x1 10 18 amplitude,x1 -6.162908422027095e-05 0.02430963056614381 "" 0.2312 -0.08640789081626836 2457334.966374544 5.919671831735188e-07 "" "" "" 0.021877536218490604 "" 16.45 24.0 -19.42 1.21
01334645 NONE all sn91bg 19 35 t0,amplitude,x1,c 9.167865498911535e-17 0.02430963056614381 0.003017436127552372 0.2312 1.2319462962397711 2457334.7964605438 2.1406180501371642e-18 "" 0.005587338646509969 "" 0.017403686901719298 0.5641258806385177 2061.47 46.0 -18.79 1.458
01334645 NONE blue sn91bg 4 8 amplitude,x1,c 1.9235630502862417e-16 0.02430963056614381 0.5603564406144935 0.2312 1.239787754318142 2457334.7964605438 5.4677170923685517e-17 "" 0.29623544517219547 "" 0.010238383816723774 "" 29.04 8.0 -18.53 1.453
01334645 NONE red sn91bg 10 18 amplitude,x1,c 6.998809388854732e-17 0.02430963056614381 0.014997913600343795 0.2312 1.2452734438146549 2457334.7964605438 1.2781901303678638e-18 "" 0.015193978899937802 "" 0.0045222156048383136 "" 200.86 23.0 -18.49 1.449
01334707 "No data within model range" "" "" "" "" "" "" "" "" "" "" "" "" "" "" "" "" "" "" "" "" ""
01334879 NONE all hsiao_x1 20 41 t0,amplitude,x1 -3.389826713054545e-06 0.006257187466732139 "" 0.6393 0.009423105190573896 2457336.311020181 1.5854839689205155e-05 "" "" "" 0.10808039894244678 1.7398612973016538 3848.49 54.0 -15.72 1.035
01334879 NONE blue hsiao_x1 5 11 amplitude,x1 -1.3976321569039627e-05 0.006257187466732139 "" 0.6393 -0.051734587670511686 2457336.311020181 1.0542782977349072e-05 "" "" "" 0.036786533970063096 "" 217.29 13.0 -18.8 1.142
01334879 NONE red hsiao_x1 5 12 amplitude,x1 -1.7283290619910224e-05 0.006257187466732139 "" 0.6393 0.11139846481870051 2457336.311020181 3.248075482934703e-07 "" "" "" 0.0582233087388883 "" 9.17 14.0 -19.26 0.887
01334879 NONE all sn91bg 20 41 t0,amplitude,x1,c 1.0722435524465065e-17 0.006257187466732139 0.039271878051000964 0.6393 1.2302724699374195 2457336.906540412 1.61593769416518e-18 "" 0.10218696888164486 "" 0.025742963248628434 0.9761147487943216 370.8 53.0 -19.0 1.459
01334879 NONE blue sn91bg 5 11 amplitude,x1,c 2.200564338737646e-17 0.006257187466732139 0.44139853688900593 0.6393 1.232559322256285 2457336.906540412 9.125003124197063e-18 "" 0.2930241808635012 "" 0.01602632603524683 "" 57.98 12.0 -19.01 1.458
01334879 NONE red sn91bg 5 12 amplitude,x1,c 1.3045386012536393e-17 0.006257187466732139 0.5069399898242426 0.6393 1.237828664007124 2457336.906540412 3.0907138180494377e-18 "" 0.2835234948565081 "" 0.012402603199724789 "" 57.04 13.0 -18.3 1.454
01335472 NONE all hsiao_x1 27 32 t0,amplitude,x1 3.422055801198209e-08 0.005646270271331739 "" 0.4989 -0.10140389635071213 2457342.6036603544 2.3366232998093343e-05 "" "" "" 0.1867746273148067 4.031246274393351 2777.95 52.0 -5.09 1.241
