results/collective_fits/with_ext/sdss_sako18_simple_fit_class.ecsv
# %ECSV 0.9
# ---
# datatype:
# - {name: obj_id, datatype: string}
# - {name: x, datatype: float64}
# - {name: y, datatype: float64}
# schema: astropy-2.0
obj_id x y
[from data line 1749]
5802 -3.254 -0.7320867430441899
5804 -0.11455645161290329 -0.07020833333333332
5807 -0.5678183831672206 0.6882936507936508
5812 -0.07428571428571429 -0.7519696969696967
5821 -0.8806763285024154 0.0007142857142857229
5844 -2.309237012987013 -0.8003538961038961
5859 0.13197222222222227 0.265769230769231
5869 -1.4509951690821261 -0.03081609195402324
5877 -0.8629166666666668 1.347777777777778
5890 -8.469323979591836 -1.8363407258064517
5897 -1.0607593984962405 -0.028172932330827072
5909 -1.8670370370370368 -0.41513227513227513
5916 -21.63766488413547 -5.00034632034632
5917 -8.14809523809524 -1.5718831168831169
5925 -1.238706636500754 -0.03229166666666661
5944 -244.84024673439768 -405.46393556157784
5957 -4.239955436720142 -0.7174866310160426
5959 -12.09116577540107 -1.8963888888888891
5963 -8.35554367201426 -2.435627705627706
5966 -0.5597491638795986 -0.30349498327759195
5978 0.23326436781609194 -0.31945977011494264
5993 -1.0498588709677419 -0.16214285714285726
5994 -18.43568027210884 -5.501412037037037
6055 -0.620482941958352 0.2414406779661018
6057 -7.1376831896551725 -58.52373696145125
6085 -0.6636671087533157 1.0898472222222222
6100 -1.6400574712643678 0.09277011494252885
6108 -4.610923913043479 -0.935978260869565
6120 -0.6701642512077294 -0.25570512820512814
6121 -0.28133597883597883 -0.8984656084656082
6127 -0.6338176638176645 -0.5255423280423281
6137 -4.158494983277592 -0.604866220735786
6192 -3.075507246376812 -0.39018461538461535
6196 -1.9004985754985753 -0.6304232804232803
6197 -0.2911773940345369 -0.23183076923076917
6210 -0.2617433155080212 -0.2015608465608466
6216 -1.039286786786787 -0.007784615384615501
6225 -1.6607789855072461 -0.1828985507246378
6249 -3.8614673913043474 -0.7653985507246376
6274 -0.9367198067632851 -0.3217471264367815
6275 -2.785 -0.5825047438330171
6282 -0.020370370370370372 0.013606271777003354
6295 0.7986181818181821 20.639472222222224
6300 0.0799677419354845 -0.5571075268817207
6304 -7.153981707317074 -2.1518783068783067
6315 -20.15964285714286 -0.7837285714285713
6326 -5.133217468805704 -1.2071645021645023
6333 -1.1987999999999999 -0.20795384615384616
6362 -0.5466919191919193 -0.6181283422459893
6406 -16.835374331550803 -16.98531297134238
6422 -50.163959451401304 -7.245742857142858
6431 -0.70481884057971 -0.257445652173913
6433 -0.48104037267080724 -0.35682539682539693
6469 -2.1406944444444447 -0.31109090909090886
6479 -5.501906906906907 -1.5844021739130436
6491 -0.37116883116883104 0.15867201426024957
6496 -8.467268518518518 -0.8972222222222224
6501 -0.21097826086956517 -0.13902777777777775
6530 -3.2385330948121647 -1.0009571428571429
6535 -2.9699230769230773 -0.7234769230769229
6556 -1.8190476190476188 -1.162261904761905
6558 -139.19571052631576 -304.6463343108504
6560 -0.6870568561872907 -0.735953177257525
6618 -0.8070683111954458 -0.3073651960784315
6638 -0.3114929214929216 -0.5629665379665381
6641 -2.003030303030303 0.6790476190476191
6649 -4.719092741935484 -0.37782258064516117
6683 -0.12943589743589734 -0.29446969696969705
6687 -0.17623188405797097 0.01880952380952383
6696 -1.4127371794871797 -0.0238307692307691
6699 -2.8689661319073085 -0.0809784946236558
6709 -0.12060000000000004 -0.18926666666666647
6714 -1.7601617199391175 -0.09310276679841878
6743 -0.26816137566137566 -0.16189153439153425
6773 -18.903986928104576 -64.91549019607844
6777 -0.6134440753045405 -0.1067307692307693
6780 -4.1280143112701255 -1.219357142857143
6807 -0.1347846153846155 -0.3894923076923078
6816 -1.1700806451612904 -0.07493951612903205
6831 0.11805272895467178 -0.08404233870967748
6851 -2.6196321839080463 -0.4247701149425289
6852 -3.2059080459770115 -1.2950459770114942
6873 0.27289655172413796 -0.5437931034482758
6877 -2.4414640048396854 -0.2039761904761903
6883 -0.11349001175088147 -0.5589646464646465
6895 -1.5172972972972971 -0.21913043478260874
6896 -0.7573230769230768 -0.10316923076923068
6903 -3.0168 -0.061153846153846225
6912 -0.1992500000000001 0.24085714285714288
6913 -0.6217329545454546 -0.11749999999999994
6914 -2.117040998217469 -0.367
6924 -4.454021739130435 -0.4641123188405798
6933 -14.378119429590019 -1.1862987012987012
6934 -0.11324935400516789 -0.35523076923076924
6936 -16.804162210338678 -1.3587445887445884
696 -0.11805219012115575 -0.3653801169590643
6962 -15.607204433497536 -16.32090404040404
6987 -0.9416153846153845 -0.20998461538461521
7017 -97.35427350427351 -6.538452380952381
7024 -1.1195846153846152 -0.09575384615384597
703 -0.9298199767711962 -0.43610336817653883
7051 -1.1489492753623187 -0.5750905797101447
7056 0.27590579710144936 -0.2671014492753625
7092 -4.439717948717949 -0.06632307692307693
7099 -18.045784313725488 -2.1148418972332017
7119 -0.7398662207357861 -0.08600427350427353
7121 -5.4019063545150505 -0.46468227424749187
7127 -0.9689894242068156 -0.21333333333333326
7143 -0.32236211901306244 -0.099288824383164
7147 -18.08145238095238 -22.289491978609625
7194 -0.21378787878787886 -0.3343548387096775
7195 -1.0294086021505378 -0.15190524193548394
7205 -0.4083333333333333 -0.2393333333333334
722 -5.915371794871795 -20.43646153846154
7243 -6.086088588588589 -0.32710144927536255
7258 -3.1703439153439144 -0.1000132275132275
7304 -0.5458543417366946 -1.1560606060606062
7335 -2.267042042042042 -0.3893478260869563
735 0.10528930450029217 -0.10368421052631593
7350 0.2627629233511588 1.1586363636363637
7357 0.2777898550724638 0.030075757575757645
7365 -1.3578397435897436 -0.2523484848484849
7373 -7.659365942028985 0.011449275362318878
7374 -0.5217076923076922 0.1529666666666667
739 -1.0192117117117117 -7.181400318979266
7413 -0.30726923076923063 -0.4358333333333334
744 -0.5117476383265858 -13.027655737704919
7444 -5.291125541125541 -0.2975757575757575
7457 1.3987500000000002 0.026974637681159486
7460 -1.7173188405797104 0.003913043478260825
7473 -20.217741935483872 -1.3378684210526317
7475 -10.667142857142856 -1.2026623376623378
7479 -3.4007419354838704 -2.212105263157894
7499 -0.8135930735930735 -0.3673376623376623
7502 -0.5253071253071253 -0.18797979797979814
7512 -3.196364795918367 -0.5079435483870967
7527 -0.6119230769230772 -0.38333846153846163
7550 -0.4897117117117118 0.10976734693877543
7594 0.6982428571428574 -2.1453846153846157
7600 -3.096351351351352 -0.25782608695652165
7611 -0.17881632653061208 -0.04902564102564089
762 -10.2293315184513 -1.5811877667140823
7636 -0.9137837837837839 -0.1696969696969698
7644 -0.7189692307692308 -0.28238461538461523
7647 -0.772536997885835 -0.08969696969696972
7654 -1.929406906906907 -0.20409090909090888
7656 -0.8135714285714286 -0.10988888888888881
7663 -0.17469696969696968 -0.0015555555555555323
7680 -0.4629220779220779 -0.32944444444444443
7699 -4.153538324420677 -0.08566666666666656
7701 -1.9521842105263159 -0.42584210526315797
7707 -0.8367914438502673 -0.13694805194805193
7712 -0.6067379679144387 -0.1507777777777779
7713 0.2662770562770562 -0.10712121212121195
7717 -1.913549783549784 -0.20404761904761903
7721 -1.616125541125541 -0.83012987012987
7725 -0.5448999999999999 -0.20935897435897444
773 -1.3426190476190478 -0.07571428571428562
7736 -1.2182051282051283 -0.1360489510489511
774 -1.2533048780487803 -18.947471590909092
7762 -0.5406858974358973 -0.20318181818181813
7779 -3.3379549319727895 -0.13598814229249
7780 -0.6612698412698412 0.7303571428571431
779 -1.9928181818181818 -0.8287596899224805
7794 -0.5845394736842107 0.031060606060606233
7802 -7.892988505747127 -0.4534722222222223
7804 -0.6015625 -0.03280952380952379
7824 -3.586213768115942 -0.7723731884057969
7835 -0.19901651651651664 0.0682789855072462
7841 -0.5229054054054055 -0.19754545454545447
7847 -1.3004587688734026 -0.6394576719576721
7857 -0.08323333333333338 -0.017575757575757467
7876 -131.90480952380952 -75.79598240469208
7882 -6.3569696969696965 -0.217012987012987
7884 -1.91849358974359 -0.12704545454545446
7919 -0.37565134099616837 -0.220536398467433
7939 -0.031000000000000028 0.3011111111111112
7947 -1.035515873015873 -0.08078042328042301
7954 -3.8513692307692313 -0.4060166666666667
8004 -0.04847222222222236 -0.4494907407407407
8030 -1.3127891156462586 -0.08442857142857141
8046 -2.516494708994709 -0.5208068783068784
8053 -0.3057291666666666 -0.4022580645161291
8062 -1.0846025641025643 -0.2140151515151516
8092 -0.9355238095238095 -0.4824074074074074
8114 -0.8242490118577076 -0.12199999999999989
8128 -0.9797297297297298 -0.15888888888888886
8138 -4.085463458110517 -0.14922222222222215
8151 -193.30679738562094 642.367208994709
8160 -0.3018815987933634 -0.022458333333333247
8165 -1.5801160714285714 -0.15568749999999987
8195 -1.7407666666666666 -0.5760688405797103
8213 -0.6417857142857142 -0.20313725490196088
8216 -0.43890000000000007 -0.05291666666666661
822 -1.5414687500000002 -0.04123678646934448
8226 -0.1623714285714285 -0.06045787545787551
8252 -1.2107779886148011 -1.0617142857142856
8254 -1.2642499999999997 -0.325233918128655
8264 -0.004806451612903162 -0.3234999999999999
8280 1.0106060606060605 0.1278787878787877
8290 -0.9960256410256408 -0.29858974358974355
8297 -1.2308514492753622 -0.21166666666666667
8323 -0.7768888888888889 -0.38530769230769213
8351 0.04715579710144935 -0.39481818181818173
841 -2.0044947735191636 -0.013844367015098724
8421 -0.4923873873873874 -0.18145454545454553
8489 1.1419949494949497 -0.32345959595959606
8495 -8.314428152492669 -0.29440476190476184
8555 -0.18620496894409921 -0.18840579710144933
8576 -0.3210458284371328 0.07123737373737382
8577 -0.2717748917748919 -0.08796791443850271
859 -2.034640243902439 -0.5110336817653889
8598 0.5450132275132276 -0.1589153439153439
8600 -0.5917149758454106 -0.06489010989011001
8607 -0.6588095238095238 -0.15835497835497847
8651 -0.33109080841638994 -0.15916666666666668
8662 -0.10984042553191498 -0.038956043956043906
8675 -0.07048325722983262 -0.06426877470355719
8700 -1.183072463768116 -0.11065934065934058
8705 -0.8325855689176687 -0.2007692307692308
8707 -2.212484326018809 -0.09403439153439153
8719 -90.05186274509805 -36.88291005291005
8723 -0.4721794871794873 -0.10901515151515162
8730 -1.1888910256410254 -0.008181818181818179
8742 -8.887261904761903 -0.09607843137254912
8793 -0.5296846846846845 -0.18172727272727274
8823 0.3533333333333333 0.05738095238095242
8888 -0.30067736185383254 -0.9134444444444447
8912 -0.31333333333333324 -0.463641304347826
8921 -16.48313577586207 -0.16938333333333344
893 -0.5367820512820514 0.4485409836065575
9020 0.11323333333333352 -0.05946969696969684
9026 -2.430398550724638 -1.3224999999999998
9032 -3.8786428571428573 -0.23426406926406917
904 -1.7411666666666665 -0.09201754385964911
9045 -2.471622983870968 -0.28208333333333346
9052 -6.442457983193277 -1.088703703703704
9109 -9.384675324675325 -0.36032467532467527
911 -0.0813003165988242 -0.21735353535353552
9117 -1.2307843137254904 -0.23396078431372547
9132 -0.5316176470588235 -0.6092592592592594
9133 -0.1973421052631581 -0.1310526315789473
9155 -1.5955238095238098 -0.583142857142857
9207 -1.6689473684210523 -0.23621052631578954
9218 -0.11488911290322568 -0.16427083333333337
9239 -0.9345366192294344 -0.1326688815060908
9268 -0.04862470862470858 0.29194444444444445
932 -0.8576503844414289 -0.0039047619047618554
9324 -0.6325526315789474 -0.21875
9326 -2.385518292682926 -0.5182115384615384
9334 -1.1098103607770584 -0.05693675889328065
9353 -0.43229411764705883 0.2275555555555554
9424 0.9243393393393395 0.22684782608695664
9457 -8.459763157894736 -2.3045
9467 -3.2425579322638143 -0.43266666666666675
9557 -0.4067748917748917 -0.25722222222222224
9558 0.09246996996996992 -0.2834545454545454
9594 -0.2357843137254898 -1.3300980392156863
9595 0.15834733893557407 -0.4717272727272728
9632 -0.2522648083623694 0.2233618233618233
9633 -0.2493816425120774 -0.10874712643678186
9652 -0.3897689075630253 0.2560392156862745
9677 -0.14741666666666675 0.1475512820512821
9704 -0.28662337662337667 0.11623376623376613
9740 -1.0989414414414411 -0.4728623188405796
9804 -0.6697619047619046 0.7050000000000003
9814 -0.25047256097560977 0.31984615384615367
9817 -0.7904833333333334 -1.0175416666666666
986 -0.47136538461538446 -0.17485829959514165
9895 0.21324999999999994 -1.011628787878788
9954 -12.94653381642512 -1.7599999999999998
9962 0.11547101449275354 -0.18775362318840583
999 -6.934399999999998 -0.43405000000000005
