results/collective_fits/with_ext/sdss_sako18_mcmc_fit_fits.ecsv
# %ECSV 0.9
# ---
# datatype:
# - {name: obj_id, datatype: string}
# - {name: message, datatype: string}
# - {name: band, datatype: string}
# - {name: source, datatype: string}
# - {name: pre_max, datatype: int64}
# - {name: post_max, datatype: int64}
# - {name: vparams, datatype: string}
# - {name: x1, datatype: float64}
# - {name: c, datatype: float64}
# - {name: mwebv, datatype: float64}
# - {name: z, datatype: float64}
# - {name: amplitude, datatype: float64}
# - {name: t0, datatype: float64}
# - {name: x1_err, datatype: float64}
# - {name: c_err, datatype: float64}
# - {name: mwebv_err, datatype: float64}
# - {name: z_err, datatype: float64}
# - {name: amplitude_err, datatype: float64}
# - {name: t0_err, datatype: float64}
# - {name: chisq, datatype: float64}
# - {name: ndof, datatype: float64}
# - {name: b_max, datatype: float64}
# - {name: delta_15, datatype: float64}
# meta: !!omap
# - band_names: !!python/tuple [sdss_sako18_u1, sdss_sako18_u2, sdss_sako18_u3, sdss_sako18_u4, sdss_sako18_u5, sdss_sako18_u6, sdss_sako18_g1,
#     sdss_sako18_g2, sdss_sako18_g3, sdss_sako18_g4, sdss_sako18_g5, sdss_sako18_g6, sdss_sako18_r1, sdss_sako18_r2, sdss_sako18_r3,
#     sdss_sako18_r4, sdss_sako18_r5, sdss_sako18_r6, sdss_sako18_i1, sdss_sako18_i2, sdss_sako18_i3, sdss_sako18_i4, sdss_sako18_i5,
#     sdss_sako18_i6, sdss_sako18_z1, sdss_sako18_z2, sdss_sako18_z3, sdss_sako18_z4, sdss_sako18_z5, sdss_sako18_z6]
# - lambda_eff: !!python/tuple [3551, 3551, 3551, 3551, 3551, 3551, 4686, 4686, 4686, 4686, 4686, 4686, 6166, 6166, 6166, 6166, 6166,
#     6166, 7480, 7480, 7480, 7480, 7480, 7480, 8932, 8932, 8932, 8932, 8932, 8932]
# - {fit_func: mcmc_fit}
# - {out_path: /global/u1/d/djp81/Photometric-Classification/results/collective_fits/with_ext/sdss_sako18_mcmc_fit_fits.ecsv}
# schema: astropy-2.0
obj_id message band source pre_max post_max vparams x1 c mwebv z amplitude t0 x1_err c_err mwebv_err z_err amplitude_err t0_err chisq ndof b_max delta_15
[from data line 7228]
14815 NONE blue hsiao_x1 16 30 amplitude,x1 0.4267603450633799 "" 0.07207527703068616 0.135051 -0.00011649607548582391 2454025.6052094586 0.016442766099746303 "" "" "" 6.565876456509895e-07 "" 118.84 38.0 -19.51 0.575
14815 NONE red hsiao_x1 16 30 amplitude,x1 0.40793535612153775 "" 0.07207527703068616 0.135051 -9.635820477240239e-05 2454025.6052094586 0.039815468804630015 "" "" "" 7.228306428888071e-05 "" 848.26 38.0 -19.09 0.589
14815 NONE all sn91bg 40 75 t0,amplitude,x1,c 1.1999289665854518 0.011385292997203488 0.07207527703068616 0.135051 4.679268931166378e-16 2454023.5526993033 0.119506890387578 0.025905145584379244 "" "" 7.224137440024156e-17 0.876368610970916 7561.7 96.0 -19.23 1.481
14815 NONE blue sn91bg 16 30 amplitude,x1,c 1.2461874850722834 0.016218127185875664 0.07207527703068616 0.135051 8.869627331687016e-16 2454023.5526993033 0.011601204714926741 0.015768244850898065 "" "" 2.6361392039226093e-17 "" 1335.17 37.0 -19.95 1.448
14815 NONE red sn91bg 16 30 amplitude,x1,c 1.2484745053471153 0.06030696073314531 0.07207527703068616 0.135051 2.952229331829955e-16 2454023.5526993033 0.001489197578019749 0.0509088663806688 "" "" 9.439185880939806e-18 "" 861.06 37.0 -18.68 1.447
14816 NONE all hsiao_x1 45 70 t0,amplitude,x1 -0.07603397867205777 "" 0.04817479042987263 0.105887 -0.00010376288223798353 2454021.359756418 0.10413668869744201 "" "" "" 7.69980325476703e-05 2.8002092680374653 5229.91 92.0 -18.68 1.189
14816 NONE blue hsiao_x1 18 28 amplitude,x1 -0.11529927491396393 "" 0.04817479042987263 0.105887 -0.00013117686058529358 2454021.359756418 0.008784261393172807 "" "" "" 7.654411981357047e-07 "" 104.37 36.0 -19.19 1.27
14816 NONE red hsiao_x1 27 42 amplitude,x1 -0.031773906693886224 "" 0.04817479042987263 0.105887 -0.0001392482438148771 2454021.359756418 0.00961885504736701 "" "" "" 7.218125564769907e-07 "" 138.13 55.0 -19.32 1.105
14816 NONE all sn91bg 45 70 t0,amplitude,x1,c 1.227234212612032 0.050718552795463986 0.04817479042987263 0.105887 4.939332919468258e-16 2454022.109970427 0.03472244615494287 0.07151933436565264 "" "" 3.177005095784556e-17 1.3525738876884534 4909.73 91.0 -18.67 1.461
14816 NONE blue sn91bg 18 28 amplitude,x1,c 1.248229196727609 0.03096303544241782 0.04817479042987263 0.105887 8.612276131961006e-16 2454022.109970427 0.001803635203303351 0.028954863769207573 "" "" 4.379934404621722e-17 "" 349.27 35.0 -19.32 1.447
14816 NONE red sn91bg 27 42 amplitude,x1,c 1.2493522342146186 0.0024791572973747703 0.04817479042987263 0.105887 3.96892268350926e-16 2454022.109970427 0.0006136698569803301 0.0023353131431658927 "" "" 3.2822387589204827e-18 "" 1498.22 54.0 -18.53 1.446
14819 NONE all hsiao_x1 10 102 z,t0,amplitude,x1 -4.693450829368693e-08 "" 0.021794820736116032 0.22501731888646523 1.1802805811743765e-09 2453992.8793422263 0.00011689959424714995 "" "" 3.771214458976186e-05 6.947284321378617e-12 0.0021895533490050877 731.72 108.0 4.24 1.05
14819 NONE blue hsiao_x1 6 61 amplitude,x1 0.4518708385113366 "" 0.021794820736116032 0.22501731888646523 2.0459708274195975e-05 2453992.8793422263 0.09934343821467685 "" "" "" 2.7176859563874524e-05 "" 373.04 65.0 -16.96 0.557
14819 NONE red hsiao_x1 4 41 amplitude,x1 0.4070660851321423 "" 0.021794820736116032 0.22501731888646523 -6.6657818132755e-06 2453992.8793422263 0.07747148721776072 "" "" "" 3.293509498260914e-05 "" 139.29 43.0 -14.52 0.589
14819 NONE all sn91bg 32 80 z,t0,amplitude,x1,c 0.9999781958483878 0.5500291350672416 0.021794820736116032 0.2250010557382127 2.7311195902208045e-16 2454011.825296836 6.659412431407639e-05 6.728425506734791e-05 "" 2.614011514173026e-05 2.805762763442339e-18 0.0018916870492235388 2664.84 102.0 -18.66 1.661
14819 NONE blue sn91bg 19 48 amplitude,x1,c 1.2241276296245207 0.02789502639959837 0.021794820736116032 0.2250010557382127 4.2704439780267994e-17 2454011.825296836 0.030282122391570333 0.025310288425411574 "" "" 3.385648825981151e-18 "" 306.51 61.0 -17.85 1.464
14819 NONE red sn91bg 13 32 amplitude,x1,c 1.170450202714295 0.6757269221925403 0.021794820736116032 0.2250010557382127 4.660448793186389e-17 2454011.825296836 0.07440922420652889 0.2606027314698481 "" "" 1.0199265660319975e-17 "" 64.46 40.0 -16.64 1.504
14820 "No data points with S/N > 5.0. Initial guessing failed." "" "" "" "" "" "" "" "" "" "" "" "" "" "" "" "" "" "" "" "" ""
14821 NONE all hsiao_x1 30 79 z,t0,amplitude,x1 -0.0064832693389883615 "" 0.02651469703342464 0.3207419668989854 5.592152565512914e-06 2454012.117997719 0.1789812470062779 "" "" 0.091300984452385 3.084224827344825e-05 3.6075688343366457 788.87 100.0 -15.02 1.061
14821 NONE blue hsiao_x1 12 32 amplitude,x1 0.04892727947601377 "" 0.02651469703342464 0.3207419668989854 2.2846389357856057e-05 2454012.117997719 0.06447225685254028 "" "" "" 3.0479647158756625e-05 "" 265.83 40.0 -18.08 0.974
14821 NONE red hsiao_x1 12 32 amplitude,x1 -0.13451768469677247 "" 0.02651469703342464 0.3207419668989854 1.119705292525809e-07 2454012.117997719 0.11141778470262 "" "" "" 4.0473700204586367e-05 "" 211.41 40.0 -6.53 1.313
14821 NONE all sn91bg 20 89 z,t0,amplitude,x1,c 1.1755979882496912 0.1965105244321776 0.02651469703342464 0.06556544524176658 6.949095398994279e-17 2454008.3534089327 0.11056131572187408 0.2188788100218371 "" 0.011440797336845856 2.328137848879884e-17 1.8892119002268901 115.25 99.0 -15.12 1.5
14821 NONE blue sn91bg 8 35 amplitude,x1,c 1.1892905173432182 0.7011753834000855 0.02651469703342464 0.06556544524176658 1.8429185271507306e-16 2454008.3534089327 0.05312531214339674 0.22911243688362046 "" "" 6.595914922001873e-17 "" 55.89 38.0 -15.2 1.489
14821 NONE red sn91bg 12 54 amplitude,x1,c 1.224514431777877 0.18628904776755645 0.02651469703342464 0.06556544524176658 6.163545712641255e-17 2454008.3534089327 0.0215551871255098 0.14622340755643495 "" "" 7.047438747043473e-18 "" 51.38 60.0 -15.05 1.463
14823 NONE all hsiao_x1 35 74 t0,amplitude,x1 -0.08447421559572692 "" 0.030505900195751553 0.348181 4.2483338802580256e-05 2454015.7684680778 0.12211435581967023 "" "" "" 4.029699829223329e-06 0.9863975336120829 91.39 96.0 -19.63 1.206
14823 NONE blue hsiao_x1 14 30 amplitude,x1 -0.10473057131604953 "" 0.030505900195751553 0.348181 4.33426220793167e-05 2454015.7684680778 0.05465893365371094 "" "" "" 1.0777627104571495e-06 "" 31.79 38.0 -19.68 1.248
14823 NONE red hsiao_x1 14 30 amplitude,x1 -0.1676122283375904 "" 0.030505900195751553 0.348181 4.520158936495653e-05 2454015.7684680778 0.11172264975697092 "" "" "" 2.0606629391387838e-06 "" 41.93 38.0 -19.77 1.391
14823 NONE all sn91bg 35 74 t0,amplitude,x1,c 1.0238878630124846 0.00931042791665583 0.030505900195751553 0.348181 8.623907066781568e-17 2454014.992000905 0.09628675057346302 0.008759806847199543 "" "" 1.0856387813514072e-17 0.4784255336860836 192.78 100.0 -19.57 1.635
14823 NONE blue sn91bg 14 30 amplitude,x1,c 1.1492325496950335 0.02050799243112827 0.030505900195751553 0.348181 9.712346144075459e-17 2454014.992000905 0.08129838368492424 0.019107018760250883 "" "" 1.068039203002208e-17 "" 71.9 39.0 -19.78 1.522
14823 NONE red sn91bg 14 30 amplitude,x1,c 1.0175986495103297 0.29713750968181973 0.030505900195751553 0.348181 8.470790511305754e-17 2454014.992000905 0.12844312453449386 0.24542206174481948 "" "" 2.342730820174679e-17 "" 49.28 39.0 -18.99 1.642
14824 NONE all hsiao_x1 5 104 z,t0,amplitude,x1 -3.323472022189321e-05 "" 0.025495951471515642 0.2250128625187896 1.0053627168758046e-09 2453977.883876637 8.279610515308575e-05 "" "" 2.6638485505127923e-05 4.640939657131697e-12 0.0017552982438605493 659.39 105.0 4.59 1.05
14824 NONE blue hsiao_x1 3 62 amplitude,x1 0.4751325713375895 "" 0.025495951471515642 0.2250128625187896 -6.719120355343355e-06 2453977.883876637 0.02536993524686534 "" "" "" 3.328637657254919e-05 "" 520.8 63.0 -14.54 0.541
14824 NONE red hsiao_x1 2 42 amplitude,x1 0.3364204143795082 "" 0.025495951471515642 0.2250128625187896 -2.7134997247174685e-05 2453977.883876637 0.2760909859179224 "" "" "" 1.78504521052224e-05 "" 75.38 42.0 -17.57 0.647
14824 NONE all sn91bg 5 104 z,t0,amplitude,x1,c 1.0000147867441032 0.5499735957671694 0.025495951471515642 0.2249908499216499 2.512308465057734e-16 2453976.8824975607 4.6539294222739416e-05 0.00010654748508214258 "" 4.173601790793338e-05 1.7534984470677768e-18 0.0012420861013686733 1268.31 104.0 -18.57 1.661
14824 NONE blue sn91bg 3 62 amplitude,x1,c 1.2152345035490801 0.025549304749609154 0.025495951471515642 0.2249908499216499 5.494380382740774e-17 2453976.8824975607 0.03177636092339074 0.025826888145397027 "" "" 4.720766017963141e-18 "" 366.92 62.0 -18.12 1.47
14824 NONE red sn91bg 2 42 amplitude,x1,c 1.1568151037932821 0.623889105507158 0.025495951471515642 0.2249908499216499 4.627204347170388e-17 2453976.8824975607 0.08639726336734649 0.2775724909164153 "" "" 1.231557357721703e-17 "" 82.27 41.0 -16.73 1.515
14826 NONE all hsiao_x1 20 88 t0,amplitude,x1 -8.417609652507377e-07 "" 0.024992432627996733 0.133732 1.5970167152472928e-09 2454007.0919851465 7.952016540339414e-05 "" "" "" 1.348937540527299e-11 0.0023034521060938985 363.73 100.0 4.83 1.05
14826 NONE blue hsiao_x1 8 34 amplitude,x1 0.3082287123337494 "" 0.024992432627996733 0.133732 -1.1097201647861033e-05 2454007.0919851465 0.13390824910145988 "" "" "" 2.5048487191161445e-05 "" 84.95 38.0 -14.38 0.671
14826 NONE red hsiao_x1 8 36 amplitude,x1 0.3422298221615645 "" 0.024992432627996733 0.133732 -7.5489320370388304e-06 2454007.0919851465 0.11218117442225714 "" "" "" 3.776164770570265e-05 "" 123.36 40.0 -13.54 0.642
14826 NONE all sn91bg 25 83 t0,amplitude,x1,c 0.9999746219774647 0.5499655778270193 0.024992432627996733 0.133732 1.5836904910390053e-16 2454009.1093567773 9.042165515074498e-05 8.599433269124104e-05 "" "" 1.5204316698262461e-18 0.0025766542843650517 774.76 99.0 -16.82 1.661
14826 NONE blue sn91bg 10 32 amplitude,x1,c 1.144676003386008 0.6485731746468516 0.024992432627996733 0.133732 1.7821994712209231e-16 2454009.1093567773 0.10160459051367371 0.2560446288698781 "" "" 8.481882165050703e-17 "" 46.4 37.0 -16.88 1.525
14826 NONE red sn91bg 10 34 amplitude,x1,c 0.9820986271713564 0.5135959910911407 0.024992432627996733 0.133732 4.539526219376006e-17 2454009.1093567773 0.18489476526051965 0.2860216576097871 "" "" 1.2565814081233462e-17 "" 77.62 39.0 -15.51 1.682
14827 NONE all hsiao_x1 15 94 t0,amplitude,x1 5.428318798469958e-05 "" 0.02630608804853675 0.409392 9.949968377408107e-10 2453996.2158839223 0.00010052118805185882 "" "" "" 7.283570121463791e-12 0.0012687570044874444 448.6 106.0 3.1 1.05
14827 NONE blue hsiao_x1 9 57 amplitude,x1 0.2960304203824184 "" 0.02630608804853675 0.409392 1.2989774743698327e-05 2453996.2158839223 0.23007295633208869 "" "" "" 2.6706054852619806e-05 "" 298.45 64.0 -17.47 0.683
14827 NONE red hsiao_x1 3 19 amplitude,x1 0.04497767023646301 "" 0.02630608804853675 0.409392 -5.788982514391708e-07 2453996.2158839223 0.2793378171605483 "" "" "" 2.5309582758848892e-05 "" 18.55 20.0 -10.72 0.98
14827 NONE all sn91bg 30 79 t0,amplitude,x1,c 1.0000208463795377 0.549989035555743 0.02630608804853675 0.409392 3.566816325690881e-16 2454011.1819340554 5.817891767765144e-05 8.238006575920877e-05 "" "" 4.382002894333148e-18 0.0009606897107605153 2867.19 100.0 -20.46 1.661
14827 NONE blue sn91bg 18 48 amplitude,x1,c 1.2263244806953346 0.02977464252433499 0.02630608804853675 0.409392 3.895865695260598e-17 2454011.1819340554 0.022627449224323165 0.027090042035704226 "" "" 3.05820036880145e-18 "" 130.53 60.0 -19.25 1.462
14827 NONE red sn91bg 6 16 amplitude,x1,c 0.9571348512257726 0.503655973561588 0.02630608804853675 0.409392 2.451107467004696e-17 2454011.1819340554 0.17432387942249308 0.2952536985276415 "" "" 1.9526646828230535e-17 "" 16.03 18.0 -17.59 1.712
14829 NONE all hsiao_x1 20 98 z,t0,amplitude,x1 1.0887140053885348e-05 "" 0.023968019062334426 0.2250054034411586 7.268773471325327e-10 2454007.928127087 9.755937217339302e-05 "" "" 3.7879362665227054e-05 9.099164806971661e-12 0.00198525761598223 818.3 109.0 5.29 1.05
14829 NONE blue hsiao_x1 12 58 amplitude,x1 0.48391530995286985 "" 0.023968019062334426 0.2250054034411586 -6.124386796016951e-06 2454007.928127087 0.01806131238790927 "" "" "" 2.9847660773810797e-05 "" 603.55 65.0 -14.34 0.535
14829 NONE red hsiao_x1 8 40 amplitude,x1 0.40232830764207944 "" 0.023968019062334426 0.2250054034411586 6.881977269865278e-06 2454007.928127087 0.09360672861053501 "" "" "" 3.4495053147637794e-05 "" 171.63 44.0 -14.59 0.593
14829 NONE all sn91bg 20 98 z,t0,amplitude,x1,c 1.0000163847473218 0.5499658387484783 0.023968019062334426 0.22498890812950967 1.8102019633251233e-16 2454006.925009203 3.778795740814279e-05 7.258654632746566e-05 "" 2.594041035663379e-05 1.56626142055701e-18 0.0014293604729803298 1588.62 108.0 -18.22 1.661
14829 NONE blue sn91bg 12 58 amplitude,x1,c 1.2375491027647585 0.022782180525067364 0.023968019062334426 0.22498890812950967 3.746297440029661e-17 2454006.925009203 0.012648359758440204 0.02220921100510874 "" "" 2.4572941316641895e-18 "" 355.61 64.0 -17.72 1.454
14829 NONE red sn91bg 8 40 amplitude,x1,c 1.216972098948893 0.6231358989974738 0.023968019062334426 0.22498890812950967 4.445003285261222e-17 2454006.925009203 0.033883309056873846 0.27860003283311335 "" "" 9.288885892668231e-18 "" 66.27 43.0 -16.74 1.469
14831 NONE all hsiao_x1 65 50 t0,amplitude,x1 0.324378192356873 "" 0.025972988578863897 0.534694 1.4094045708249769e-05 2454038.3459413927 0.18211956153852454 "" "" "" 9.857192802302737e-06 0.5526348454309302 234.74 87.0 -18.35 0.657
14831 NONE blue hsiao_x1 39 30 amplitude,x1 0.39563219361740143 "" 0.025972988578863897 0.534694 1.7116587115914368e-05 2454038.3459413927 0.10533318483960348 "" "" "" 1.2111875008213826e-06 "" 148.06 52.0 -18.77 0.598
14831 NONE red hsiao_x1 13 10 amplitude,x1 0.022457289722853754 "" 0.025972988578863897 0.534694 -2.5365680327757213e-06 2454038.3459413927 0.2795509263050642 "" "" "" 2.146455363560087e-05 "" 57.61 16.0 -14.62 1.014
14831 NONE all sn91bg 65 50 t0,amplitude,x1,c 1.1346999703491547 0.1926499243232948 0.025972988578863897 0.534694 2.1906715356248242e-17 2454038.6158468556 0.09213967100447758 0.15590439305866513 "" "" 6.911913562705677e-18 0.5757331069056996 192.46 81.0 -18.94 1.533
14831 NONE blue sn91bg 39 30 amplitude,x1,c 1.1374664531894814 0.18923962345966316 0.025972988578863897 0.534694 2.241276320523274e-17 2454038.6158468556 0.09160887096948386 0.1652710742632018 "" "" 8.046577173422861e-18 "" 116.79 48.0 -18.97 1.531
14831 NONE red sn91bg 13 10 amplitude,x1,c 0.9169986953236905 0.5031978609953527 0.025972988578863897 0.534694 3.223921787745739e-17 2454038.6158468556 0.17125887126201803 0.284024408836583 "" "" 1.8636774788776167e-17 "" 52.87 14.0 -18.55 1.763
14833 NONE all hsiao_x1 25 184 z,t0,amplitude,x1 -3.622720604025185e-05 "" 0.029849714102293753 0.2249882609541116 1.3783738062999945e-09 2453998.901693626 6.161366151987812e-05 "" "" 3.0549979114959074e-05 1.202337991286608e-11 0.0015435865586935604 582.07 200.0 3.9 1.05
14833 NONE blue hsiao_x1 15 110 amplitude,x1 -0.11291638865642808 "" 0.029849714102293753 0.2249882609541116 4.791047901842709e-06 2453998.901693626 0.15054852590240828 "" "" "" 2.3351282105032755e-05 "" 373.23 120.0 -13.8 1.265
14833 NONE red hsiao_x1 10 74 amplitude,x1 0.20625225451776996 "" 0.029849714102293753 0.2249882609541116 -1.1151156506949145e-05 2453998.901693626 0.19332071687481564 "" "" "" 2.6036012776107716e-05 "" 166.62 80.0 -15.64 0.773
14833 NONE all sn91bg 25 184 z,t0,amplitude,x1,c 1.0000247578787262 0.550037232004458 0.029849714102293753 0.2250166589874044 8.356752136683204e-17 2453998.9024325674 6.031783702773076e-05 0.00015240290564764967 "" 2.5573543886318606e-05 7.071094581770667e-19 0.0018648326992236073 460.8 199.0 -17.38 1.661
