results/collective_fits/with_ext/sdss_sako18_mcmc_fit_class.ecsv
# %ECSV 0.9
# ---
# datatype:
# - {name: obj_id, datatype: string}
# - {name: x, datatype: float64}
# - {name: y, datatype: float64}
# schema: astropy-2.0
obj_id x y
[from data line 360]
14549 -0.508307254623044 -0.24347083926031265
14554 2.5962884615384616 0.9859487179487183
14561 -0.85425 -0.39339522546419126
14567 -0.11380555555555572 -0.20448275862069032
1457 -0.1146425120772947 -0.25652657004830914
14579 1.6238475177304963 1.0910416666666665
14588 4.667730496453901 2.7716666666666665
14589 1.1773005319148935 0.02344858156028362
14593 -0.07844858156028356 -0.37170212765957444
1461 -0.4256157894736844 -0.11874736842105271
14617 -0.3333953900709221 -0.786736111111111
14619 0.07975609756097546 0.8290476190476177
14624 0.21700204813108037 0.41007894736842143
14635 -0.26731399747793194 2.222666666666667
14638 -1.0463798008534853 0.03808677098150781
1464 0.8965433854907539 0.03823613086770994
14644 1.5553629764065335 0.29102941176470587
14649 2.9127340067340066 0.3811111111111112
14654 8.357358490566037 0.6649175824175824
14671 2.580009259259259 0.19871794871794857
14675 -0.48064285714285726 -0.4577539682539682
14683 -0.18133333333333335 -0.018579365079365084
14708 -1.4002661826981246 0.6754248366013069
14722 0.3751754385964914 -0.04611664295874818
14727 0.03107808857808858 0.3852941176470588
14733 -2.274801346801347 -0.43966911764705885
14735 -2.3442016806722696 1.572470588235294
14750 -3.9491313131313133 -0.5903015873015875
14751 -3.804771043771044 0.08611111111111125
14752 0.11928165007112379 -0.32789473684210524
14753 -0.04932051282051275 -0.051416666666666666
14760 8.17619486504279 4.861461693548387
14763 -0.6243308270676691 0.17159722222222218
14771 1.5207183499288761 1.2507894736842105
1478 1.5035491803278687 6.121179487179488
14782 177.31937431693987 68.05187195121951
14784 37.826008064516124 11.648650914634146
14786 -1.1020981507823615 -0.8695234708392605
14790 3.961777777777778 1.6570700354609929
14809 2.6086323366555924 0.09611904761904766
14815 -35.40389758179232 -22.28865576102418
14816 181.67274603174604 -18.186734006734007
14821 -0.16896052631578962 -0.060250000000000026
14823 15.616396761133604 -0.16815789473684206
14826 0.4188477951635845 1.0979358974358977
14827 3.725989583333333 0.03199999999999992
14831 0.1076432880844651 0.001291666666666469
14833 0.8448942577030811 1.1858449367088604
14844 0.07391449052739363 0.22144736842105273
14845 -0.19748933143669978 -0.24925320056899003
14846 -2.850523049645391 -1.0377923387096775
14857 1.3094124168514412 0.5956060606060606
14858 1.6136330158730157 1.4150086058519793
14863 -0.26098214285714305 0.2950263157894737
14867 -0.006250000000000089 -0.10299645390070922
14871 226.2038742964353 283.9639960317461
14876 -0.8411602564102564 -0.1303461538461539
14883 15.212894117647062 3.2150534759358287
14888 12.11702786377709 6.42733918128655
14894 0.05628224206349208 1.5635526315789472
14900 0.013420168067227012 -0.2229872646733111
14907 0.1844027484143762 0.15636363636363637
14916 2.3934664198836595 1.4282404181184671
14925 -0.02230978260869554 -0.004722222222222183
14928 -0.052098308668075965 0.38250000000000006
14937 -1.5346493506493508 -0.10684320557491289
14951 0.10852781546811374 -0.04225158562367848
14961 -0.11314102564102546 0.11792397660818721
14963 0.18448684210526312 -0.21033333333333337
14964 5.146564327485381 0.4982456140350877
14965 21.9235 7.6174285714285705
14972 -0.9365679442508712 0.5042160278745644
14979 -29.422713704206245 -2.073409090909091
14982 0.13641666666666663 0.9818302387267908
14984 79.47477777777777 36.38881962864721
14988 -0.5207222222222221 0.4201337792642139
14989 0.25599473684210494 0.5797368421052629
14996 -0.13655761024182078 -0.2539473684210527
1500 4.190188405797102 3.3716666666666675
15002 -4.187566844919786 -0.6675311942958997
15003 2.7045311554748945 1.4737482219061167
15006 -0.398919191919192 0.10233333333333339
15008 3.7515740740740746 1.2631349206349207
15018 0.011249158249158286 -0.3100634920634908
15033 0.9308705882352939 2.5385115864527634
1504 -0.41703655040611576 0.05886512388966825
15048 0.8395366915422886 -0.33124297752809007
15053 4.0297439544807965 1.5794736842105266
15055 -0.8866161948650427 -1.0411458333333337
15057 -0.8140317460317459 0.15415873015873005
15071 0.1754513888888889 0.027954545454545343
15074 2.889712643678161 2.5884779516358467
15075 -0.23546296296296287 -0.03949206349206358
15080 0.3765363598150484 -0.12791666666666668
15085 1.063143669985775 -0.11885964912280711
15088 -0.13788011695906421 0.39043859649122825
15093 0.4964593301435407 1.0590000000000002
15101 5.457247223845704 3.393583333333333
15103 -0.9670361990950225 0.02645833333333336
15104 0.42478289473684194 1.2249166666666667
15108 6.996234119782214 0.37405228758169917
15112 2.3481578947368424 1.286549707602339
15119 -0.09714646464646459 -0.30766339869281045
15120 -0.6054043715846996 -0.032631578947368456
15129 73.73423200859291 19.352635135135134
15132 -57.667646702964305 -4.594815078236131
15136 -5.400552721088437 -2.3135685483870976
15137 -2.2266129032258064 2.824243951612903
15160 -1.0720873015873014 0.7522222222222219
15161 62.729062500000005 11.037047413793104
15170 -3.2987414965986397 0.7320476190476191
15171 -7.687147147147146 -3.799842342342343
15198 5.132911706349205 1.4232788461538461
15201 -0.023398268398268307 -0.050755244755244844
15203 -9.649062745098039 -1.8039661319073086
15206 4.371071428571428 -7.785868725868726
15212 2.697516309412861 3.1584210526315797
15213 14.190530303030304 -0.6106565656565652
15217 0.10061344537815153 0.651176470588235
15219 -8.167542857142857 0.5691909814323606
15220 0.13190562613430123 0.09758169934640537
15222 47.52011293260473 20.70726724137931
15226 0.17899193548387116 0.022338709677419244
15229 -10.333199767711962 -1.1364285714285713
15234 199.1381166666667 68.66898333333333
15239 -0.06780158730158725 -0.45438888888888884
15251 -4.277528044871795 -0.5144150475403055
15254 12.487629943502826 3.886448717948717
15255 -0.20392603129445241 -0.751315789473684
15259 83.77417845117846 24.413174603174603
15260 -2.2488968253968253 -0.7929126984126984
15263 -0.1781881427707197 0.16705882352941148
15268 -3.39368253968254 3.217420634920635
15272 -2.1810786290322586 -0.619858870967742
15286 -1.01225 -1.7809254385964914
15287 1.8129166666666663 19.174156200941916
15289 4.17410052910053 2.187190476190476
15291 -0.29383597883597856 1.3916190476190482
15293 0.4670731707317073 -0.05470046082949309
15294 0.19110953058321467 3.3400000000000007
15301 -13.767291666666665 -0.44112689393939397
15303 25.081811224489805 11.035453629032258
15309 18.790311497938617 4.376416666666667
15314 4.094763729246488 1.2509473684210528
15324 -0.25879874213836485 0.3096256684491978
15325 -1.9667714884696015 -0.8462619047619047
15340 11.160855855855853 -0.33356666666666657
15345 -3.7093750000000005 -0.041458333333333375
15347 37.32242424242424 5.968714285714285
15350 -0.4571230769230761 -0.8272923076923071
15351 11.131142857142859 6.341357142857143
15353 -2.791459770114942 -0.5823908045977011
15354 17.73108003857281 8.348545454545455
15356 32.67394830659536 9.514176136363638
15357 -0.8074999999999999 -0.4309199134199133
15359 -3.9938160919540224 -0.6135862068965517
15363 -0.31098793363499233 1.4116042780748663
15365 -20.92075641025641 -0.7378
15369 0.6689024390243894 -1.9168660968660969
15370 -0.7239583333333331 0.21392857142857147
15381 0.78875956284153 0.3891858974358975
15383 -1.4841330645161288 6.853366935483871
15385 -0.3312032085561498 0.018235294117647127
15386 42.65048048048048 11.458918918918918
15401 -0.2509957325746799 -0.16552631578947352
15417 -0.43275735294117657 -0.31696078431372543
15418 8.608631221719456 2.5552941176470587
15419 -4.048956989247312 -0.5889919354838709
15421 -13.785391666666667 -0.6139393939393938
15422 4.59273166023166 3.6550868725868724
15423 -1.4267501042970379 0.9646250000000002
15425 213.63298039215684 79.82677156177155
15428 13.900387755102042 0.5127380952380953
15433 -5.395426356589148 -0.8784523809523808
15440 34.92628205128206 10.173333333333334
15443 131.58149019607842 29.729848484848482
15448 -0.3874324324324325 -0.07961300309597519
15453 46.21870985603544 -0.8112962962962965
15454 -0.27737843551797026 0.4328809523809525
15455 -0.46580862533692735 0.25641176470588234
15456 -0.789657258064516 -0.28142857142857136
15459 -1.9824094202898548 -7.470675675675675
15461 -18.44365721997301 -1.2672615384615384
15466 -2.78702657807309 -0.5898544973544961
15467 -14.18720930232558 -0.22107142857142859
15470 -1.8374473975636765 -0.21451058201058215
15486 28.006249999999998 19.247567567567565
15489 0.6102714932126696 0.48172413793103463
15496 -16.026769230769233 3.4543384615384616
15498 0.13911960132890355 -1.3363492063492062
15500 13.654460034013606 7.0125806451612895
15503 0.03576530612244877 -0.5265714285714287
15504 21.849152173913044 5.805826086956522
15505 0.9802116935483871 0.9957291666666668
15508 11.633804347826086 22.9993115942029
15511 2.775483870967742 0.9555280172413793
15516 6.6991129032258065 3.471139112903226
15522 -0.5759544159544159 0.8085164835164833
15525 3.7937933634992467 3.6590017825311945
15526 -0.43010775862068984 -0.2012931034482759
15529 1.062613240418119 -0.9227116402116406
15533 -1.4854367816091956 0.1569770114942528
15535 -1.4347091932457785 -0.3692307692307695
15549 -0.7561355311355313 0.16004201680672292
15553 19.279597701149427 3.3994704433497533
15558 0.304144385026738 0.2154367201426024
15559 -0.1627777777777778 -0.05768518518518517
15568 -0.09359357696566994 0.39768518518518525
15569 -0.33440446650124067 -0.35224702380952366
15580 15.437904761904761 4.15195238095238
15583 -8.420985507246376 -0.06577011494252893
15584 -2.5897682709447416 0.26525846702317235
15586 0.030767507002801286 -0.0195238095238095
15587 -5.422160633484163 -0.7417557932263814
15592 -1.892437343358396 2.119575163398692
15603 0.9216123188405798 0.5099456521739132
15624 -0.16388888888888897 -0.08764961389961368
15628 2.944995685936152 0.11182662538699695
15633 -0.40171228887594634 0.0931249999999999
15647 0.0900238095238095 -0.34018518518518515
15648 43.30633633633634 12.548333333333332
15657 -0.08156249999999998 -0.2738709677419353
15663 -2.770731182795698 0.6505698924731182
15674 50.593183183183186 16.578876811594203
15675 -3.3678978978978975 5.578713768115942
15685 -2.2661111111111114 0.07499999999999996
15697 9.610628571428572 5.975272435897436
15704 -2.5803804347826085 -0.03681818181818186
15710 0.13783076923076942 -0.20615384615384613
15719 -4.195996376811593 10.980778985507248
15725 1.5004140786749485 1.8777037037037037
15726 -0.08809764309764323 -0.18314814814814806
15730 0.09052083333333338 -0.11361895161290314
15734 9.625257142857144 2.771181818181818
15737 0.5321471471471472 2.466501501501501
15741 -0.05604597701149405 -0.43271264367816054
15745 -0.1867777777777775 -0.18119047619047612
15748 -11.883602564102565 -0.17846153846153845
15749 -19.289666666666665 -20.777419354838706
15751 1.3714251639833037 0.5470285714285714
15753 0.2540433673469388 0.05095766129032264
15755 51.14619999999999 12.4466
15756 8.760699233716476 0.036696832579185434
15759 3.561412575366064 2.748452380952381
1576 -0.5761573498964802 0.607034632034632
15760 -0.1987692307692306 0.015506410256410197
15761 -1.008586956521739 -0.29891304347826075
15765 2.1089311594202895 3.4118840579710152
15773 1.775525846702317 1.0429411764705883
15776 30.679250000000003 6.770183333333334
15777 24.692985347985346 9.65904761904762
15779 0.1269499999999999 -0.28688333333333327
15782 10.514563218390805 5.91858064516129
15784 11.265587044534414 -0.3098615384615382
15785 -0.8738425381903643 0.2188888888888889
15793 9.589161904761903 6.228777056277057
15795 -1.0779864253393665 0.3011666666666666
1580 -11.199492753623188 -2.227763285024155
15802 -0.4731418918918918 -0.19735810810810817
15805 3.4829679487179486 2.487102564102564
15806 -1.5950574712643677 -0.12316091954023012
15812 0.18434475806451633 1.7274899193548388
15813 1.4330158730158726 -0.012058823529411677
15814 -2.474001782531194 0.09320833333333356
15816 3.4471428571428566 0.8197619047619047
15817 0.025805555555555415 0.08046929824561411
15822 -5.5265389082462235 0.36047619047618973
15823 -9.421324110671936 -0.3187816091954023
15829 18.809447004608295 3.3400115207373275
15850 -4.3573 -0.055723076923076986
15860 29.505883838383838 10.090833333333334
15865 -1.9542641129032252 -0.13255040322580625
15866 23.39083908045977 2.1363157894736844
15868 -18.71137931034483 -0.3457356321839081
15872 -27.24629230769231 -0.8165032679738564
15874 -1.427047511312217 0.24816666666666665
15884 -0.5822923076923079 -0.259871794871795
15892 3.9360998650472334 2.0381384615384617
15897 -3.958100995732575 9.972861538461537
15901 -19.689117647058822 0.3223517786561263
15902 7.495338461538461 8.489276923076924
15903 3.389967948717949 7.87096923076923
15909 -2.332391025641026 -0.6465230769230765
15916 0.5419419237749548 -0.18418300653594777
15934 -1.2865006385696036 0.43875868917576955
15935 0.07965425531914905 0.6221471774193548
15941 0.7231653225806451 0.32383064516129023
15942 6.355332731105089 7.003570929419984
15944 -0.3778958333333333 -0.23843749999999986
15945 -0.9267806267806269 2.267065527065527
1595 -5.049898907103825 17.55395512820513
15950 -2.361732026143791 -0.44500000000000006
15953 0.27723655913978495 -0.09443010752688163
15955 6.82003787878788 5.472282608695653
15961 2.5249602122015915 3.7233421750663127
15967 12.120407407407408 4.661551724137931
15971 2.4360606060606065 0.0905454545454547
15973 -0.0984163898117385 -0.011587301587301813
15987 4.659965986394559 0.21438095238095256
15988 9.774855072463767 5.660815217391304
15992 -0.6977513227513228 -0.04014550264550243
15998 -1.0326984126984127 -0.2303439153439153
16000 -2.3992195767195765 0.28256410256410236
16001 0.7178571428571427 -0.4579444444444445
16015 2.812283206901681 0.9105624092888243
16019 -0.9970740305522916 0.3498611111111112
16021 -86.57539473684211 -94.69477477477477
16024 0.34392592592592586 -0.1774285714285715
16032 12.742476813966176 22.720148883374687
16038 -0.607390648567119 0.20391666666666652
16039 5.341764705882353 1.389485294117647
16044 -0.34982893450635366 0.4508270676691728
16048 6.679354838709678 0.7722619047619046
16052 20.12540948275862 31.66255387931034
16054 -1.9128947368421052 -0.6662727272727271
16069 -13.533888888888889 -32.65517857142857
16072 -4.101796536796537 -0.23564935064935078
16073 313.98587885154063 52.57497615262321
16090 -1.6855905631659056 0.4654037267080746
16091 -4.128089361702128 0.6466255319148941
16093 13.713439803439805 4.764599542334096
16094 4.183668965517241 3.797064777327935
16098 0.7062121212121211 -0.3630714285714285
16099 157.2481414141414 15.529412698412697
16100 -6.245425219941349 0.10957142857142843
16103 -4.3231791626095415 -0.7400490196078433
16104 -0.18325806451612903 0.2784351407000685
16106 -25.98758064516129 -2.653559139784946
16111 4.931869328493651 2.0913798008534847
16116 -59.364900284900294 -7.534084967320261
16119 2.857393483709273 0.6177777777777776
16121 0.5681935483870968 1.1843118279569897
16127 10.051878787878788 0.5986666666666669
16129 2.6153278688524595 1.751951348492861
16130 -2.0276573426573425 -0.921153846153846
16136 14.561277915632754 10.000818858560795
16138 -0.6651426024955437 2.529652406417113
16142 1.0932213438735174 -0.3227525252525252
16148 1.3456250000000003 -0.08234027777777786
16152 38.36698275862068 -0.4292118226600987
16153 4.657309621523027 3.816709956709957
16163 1.8216989247311828 19.253447368421053
16165 -74.19188333333334 -8.684666666666667
16172 18.755352564102562 9.159076923076924
16185 -5.7059999999999995 -14.51862604540024
16199 18.64576666666667 6.182966666666667
16202 0.2836243386243389 4.9275925925925925
16206 -18.132251082251084 -2.268296703296703
16211 1.6265415019762843 1.4006340579710144
16213 -25.901732026143794 -4.19016339869281
16215 5.999462365591398 27.264682971014498
16219 -2.244220779220779 -0.6920129870129872
16220 -1.6933333333333334 -0.4459523809523809
16225 -0.3720238095238093 2.123666666666667
16232 -0.9570108695652173 0.6203636363636365
16236 7.345038461538461 0.4707575757575757
16237 -1.2069860627177702 0.8092441860465114
16238 9.589848484848487 5.23930735930736
