results/collective_fits/with_ext/sdss_sako18_mcmc_fit_fits.ecsv
# %ECSV 0.9
# ---
# datatype:
# - {name: obj_id, datatype: string}
# - {name: message, datatype: string}
# - {name: band, datatype: string}
# - {name: source, datatype: string}
# - {name: pre_max, datatype: int64}
# - {name: post_max, datatype: int64}
# - {name: vparams, datatype: string}
# - {name: x1, datatype: float64}
# - {name: c, datatype: float64}
# - {name: mwebv, datatype: float64}
# - {name: z, datatype: float64}
# - {name: amplitude, datatype: float64}
# - {name: t0, datatype: float64}
# - {name: x1_err, datatype: float64}
# - {name: c_err, datatype: float64}
# - {name: mwebv_err, datatype: float64}
# - {name: z_err, datatype: float64}
# - {name: amplitude_err, datatype: float64}
# - {name: t0_err, datatype: float64}
# - {name: chisq, datatype: float64}
# - {name: ndof, datatype: float64}
# - {name: b_max, datatype: float64}
# - {name: delta_15, datatype: float64}
# meta: !!omap
# - band_names: !!python/tuple [sdss_sako18_u1, sdss_sako18_u2, sdss_sako18_u3, sdss_sako18_u4, sdss_sako18_u5, sdss_sako18_u6, sdss_sako18_g1,
#     sdss_sako18_g2, sdss_sako18_g3, sdss_sako18_g4, sdss_sako18_g5, sdss_sako18_g6, sdss_sako18_r1, sdss_sako18_r2, sdss_sako18_r3,
#     sdss_sako18_r4, sdss_sako18_r5, sdss_sako18_r6, sdss_sako18_i1, sdss_sako18_i2, sdss_sako18_i3, sdss_sako18_i4, sdss_sako18_i5,
#     sdss_sako18_i6, sdss_sako18_z1, sdss_sako18_z2, sdss_sako18_z3, sdss_sako18_z4, sdss_sako18_z5, sdss_sako18_z6]
# - lambda_eff: !!python/tuple [3551, 3551, 3551, 3551, 3551, 3551, 4686, 4686, 4686, 4686, 4686, 4686, 6166, 6166, 6166, 6166, 6166,
#     6166, 7480, 7480, 7480, 7480, 7480, 7480, 8932, 8932, 8932, 8932, 8932, 8932]
# - {fit_func: mcmc_fit}
# - {out_path: /global/u1/d/djp81/Photometric-Classification/results/collective_fits/with_ext/sdss_sako18_mcmc_fit_fits.ecsv}
# schema: astropy-2.0
obj_id message band source pre_max post_max vparams x1 c mwebv z amplitude t0 x1_err c_err mwebv_err z_err amplitude_err t0_err chisq ndof b_max delta_15
[from data line 2750]
13180 NONE red sn91bg 2 46 amplitude,x1,c 1.2115696301949859 0.5531565820998613 0.029368821214744406 0.249487 1.1566355853478863e-16 2453985.209043146 0.03314792333550653 0.28226777653928964 "" "" 2.3115038779268228e-17 "" 78.4 45.0 -18.15 1.473
13184 NONE all hsiao_x1 5 114 z,t0,amplitude,x1 -3.119519063435397e-05 "" 0.019654319973812395 0.22502139961126508 2.2029419737628832e-09 2453988.8383354256 9.298087823499845e-05 "" "" 3.280940169121415e-05 2.075992031433013e-11 0.002646779490041348 2237.31 115.0 2.88 1.05
13184 NONE blue hsiao_x1 3 69 amplitude,x1 0.3898635648652397 "" 0.019654319973812395 0.22502139961126508 8.437058439271567e-06 2453988.8383354256 0.2098774590045446 "" "" "" 4.286775062000571e-05 "" 1791.02 70.0 -15.03 0.603
13184 NONE red hsiao_x1 2 45 amplitude,x1 0.4554801385137354 "" 0.019654319973812395 0.22502139961126508 9.14784717005363e-06 2453988.8383354256 0.052040280256804884 "" "" "" 4.473851755146179e-05 "" 351.76 45.0 -15.21 0.554
13184 NONE all sn91bg 49 70 z,t0,amplitude,x1,c 0.9999834270506952 0.550004236324786 0.019654319973812395 0.22499564053228555 4.963096159271681e-16 2454013.7866475275 4.906697315263064e-05 6.901240067610683e-05 "" 2.3368572515246275e-05 4.274219422459209e-18 0.0015176368193249247 5560.06 105.0 -19.31 1.661
13184 NONE blue sn91bg 30 42 amplitude,x1,c 1.2420589378011202 0.01108206131490837 0.019654319973812395 0.22499564053228555 7.826999327176825e-17 2454013.7866475275 0.007183115502283575 0.010709660489081849 "" "" 3.140173224138576e-18 "" 978.24 63.0 -18.55 1.451
13184 NONE red sn91bg 19 28 amplitude,x1,c 1.2169337737462824 0.7723522049486307 0.019654319973812395 0.22499564053228555 8.992331195351445e-17 2454013.7866475275 0.03045561702511433 0.19359379958788767 "" "" 1.3243874275346839e-17 "" 139.92 41.0 -17.19 1.469
13185 NONE all hsiao_x1 15 95 t0,amplitude,x1 -2.5754624650016023e-05 "" 0.021551917168999776 0.148234 2.7187759704202934e-09 2453995.436390833 0.00011699340913139609 "" "" "" 2.9668184961078223e-11 0.0013071994505893221 421.25 107.0 3.43 1.05
13185 NONE blue hsiao_x1 9 57 amplitude,x1 0.4313559987412763 "" 0.021551917168999776 0.148234 3.945666858295011e-06 2453995.436390833 0.07819643479155784 "" "" "" 1.9376422431729373e-05 "" 209.84 64.0 -12.38 0.571
13185 NONE red hsiao_x1 6 38 amplitude,x1 0.3008999745469918 "" 0.021551917168999776 0.148234 -2.692510689982459e-05 2453995.436390833 0.17673733627618718 "" "" "" 3.613510550016039e-05 "" 124.06 42.0 -16.55 0.678
13185 NONE all sn91bg 5 105 t0,amplitude,x1,c 1.0908463644947328 0.4855835637082792 0.021551917168999776 0.148234 1.0360547067796201e-16 2453979.0435637087 0.13218715311517962 0.15692131891653058 "" "" 3.093170507291906e-17 1.068022475676917 120.22 106.0 -16.8 1.57
13185 NONE blue sn91bg 3 63 amplitude,x1,c 0.9399509408050922 0.4989183443292732 0.021551917168999776 0.148234 1.2804738340545586e-16 2453979.0435637087 0.15457279962504478 0.21229043986363505 "" "" 5.396079532006558e-17 "" 74.38 63.0 -16.87 1.733
13185 NONE red sn91bg 2 42 amplitude,x1,c 1.140917296644146 0.4239872376504748 0.021551917168999776 0.148234 9.641740642894445e-17 2453979.0435637087 0.09154024336992826 0.2819693525866888 "" "" 2.3072402942067818e-17 "" 44.21 41.0 -16.9 1.528
13188 NONE all hsiao_x1 60 49 z,t0,amplitude,x1 6.286545242255958e-06 "" 0.018051616306599395 0.22499615456959673 2.980177860372416e-09 2454033.869910141 7.162105416190152e-05 "" "" 3.536007963288767e-05 2.065984003047601e-11 0.0019336093752153484 883.22 65.0 2.23 1.05
13188 NONE blue hsiao_x1 36 29 amplitude,x1 0.4758972393624218 "" 0.018051616306599395 0.22499615456959673 1.5053231399079873e-05 2454033.869910141 0.02292480345036573 "" "" "" 3.465645988067668e-05 "" 470.29 39.0 -16.29 0.54
13188 NONE red hsiao_x1 24 20 amplitude,x1 0.382383898355935 "" 0.018051616306599395 0.22499615456959673 9.854826169640283e-08 2454033.869910141 0.0968010052000077 "" "" "" 4.852078513126916e-05 "" 247.85 26.0 -5.37 0.609
13188 NONE all sn91bg 65 44 z,t0,amplitude,x1,c 1.0000188452382264 0.5500194951023999 0.018051616306599395 0.22499243127929194 3.4028976792201425e-16 2454036.8764864444 6.339667118280447e-05 8.887569248727867e-05 "" 3.470611120856575e-05 2.2366969585366424e-18 0.002467249140668284 2045.4 59.0 -18.9 1.661
13188 NONE blue sn91bg 39 26 amplitude,x1,c 1.230426841814635 0.0193814611555706 0.018051616306599395 0.22499243127929194 6.235823662575724e-17 2454036.8764864444 0.017431172175390003 0.019257310302959768 "" "" 3.510049216572089e-18 "" 215.08 35.0 -18.28 1.459
13188 NONE red sn91bg 26 18 amplitude,x1,c 1.1960229157248372 0.33505380787303796 0.018051616306599395 0.22499243127929194 7.200704033608851e-17 2454036.8764864444 0.053099847146531085 0.24815063344930166 "" "" 1.41794204581922e-17 "" 55.82 23.0 -17.8 1.484
13191 NONE all hsiao_x1 68 44 z,t0,amplitude,x1 0.33504381472325084 "" 0.02223469730830826 0.18130102121743644 -1.9652321527616846e-05 2454037.9385009487 0.2219217974290055 "" "" 0.12222031049602962 2.6587016990020547e-05 3.6053916325516746 381.22 70.0 -16.34 0.648
13191 NONE blue hsiao_x1 41 26 amplitude,x1 0.4688846226023998 "" 0.02223469730830826 0.18130102121743644 -3.535372549845496e-05 2454037.9385009487 0.02787739741578601 "" "" "" 8.074835245775499e-07 "" 92.03 42.0 -17.62 0.545
13191 NONE red hsiao_x1 27 18 amplitude,x1 0.14000787391664601 "" 0.02223469730830826 0.18130102121743644 -3.4027740056591954e-05 2454037.9385009487 0.24536993710797741 "" "" "" 2.9832366957205005e-06 "" 21.05 28.0 -17.54 0.85
13191 NONE all sn91bg 58 54 z,t0,amplitude,x1,c 1.1507674906112526 0.024488620106250684 0.02223469730830826 0.08223477208136648 4.5086471673955517e-17 2454034.4892063374 0.12298349217451199 0.02420932392052006 "" 0.03190423608514869 5.7219438381644785e-18 1.2595342074915359 280.98 69.0 -15.47 1.52
13191 NONE blue sn91bg 23 21 amplitude,x1,c 1.2334436957234887 0.20134354441833505 0.02223469730830826 0.08223477208136648 9.731914844025479e-17 2454034.4892063374 0.016035081635760954 0.15837707804005435 "" "" 3.176447467137152e-17 "" 133.24 26.0 -16.04 1.457
13191 NONE red sn91bg 35 33 amplitude,x1,c 1.2091297151142082 0.5206123394255749 0.02223469730830826 0.08223477208136648 4.156219761908921e-17 2454034.4892063374 0.03773709456178887 0.2789093190146654 "" "" 8.9117445119976e-18 "" 59.16 42.0 -14.46 1.474
13193 NONE all hsiao_x1 0 110 t0,amplitude,x1 -0.10683586990840288 "" 0.023054738325138442 0.251474 -4.070513787841224e-05 2453968.953766649 0.13888355391907212 "" "" "" 2.914575468268969e-05 3.479487013235898 167.92 107.0 -18.72 1.252
13193 NONE blue hsiao_x1 0 44 amplitude,x1 -0.08806654424652001 "" 0.023054738325138442 0.251474 -4.894912698707568e-05 2453968.953766649 0.12042766882330333 "" "" "" 2.5225010589030204e-06 "" 28.42 42.0 -19.12 1.213
13193 NONE red hsiao_x1 0 44 amplitude,x1 -0.024400761197931217 "" 0.023054738325138442 0.251474 -5.107849421331567e-05 2453968.953766649 0.1817104431150563 "" "" "" 4.262874578423244e-06 "" 66.68 42.0 -19.22 1.092
13193 NONE all sn91bg 5 105 t0,amplitude,x1,c 0.7403774927314005 0.03746334651905033 0.023054738325138442 0.251474 1.2786215389942064e-16 2453978.1557401884 0.08134043464719533 0.0327023651292035 "" "" 1.848156928129673e-17 0.8119367244812902 131.37 106.0 -18.9 2.054
13193 NONE blue sn91bg 2 42 amplitude,x1,c 0.8567483065279479 0.08270204997026508 0.023054738325138442 0.251474 1.2832833919020017e-16 2453978.1557401884 0.11896749874038702 0.057797470008259834 "" "" 2.103566216450072e-17 "" 27.19 41.0 -18.92 1.85
13193 NONE red sn91bg 2 42 amplitude,x1,c 0.8476264614990492 0.33823050719790465 0.023054738325138442 0.251474 1.1342810672273858e-16 2453978.1557401884 0.14896807719983562 0.266100684887839 "" "" 3.539207883699937e-17 "" 74.88 41.0 -18.28 1.864
13195 NONE all hsiao_x1 15 104 t0,amplitude,x1 0.010401854387109595 "" 0.0249784272454758 0.019904 1.4023970340422314e-05 2454004.3337241197 0.3616911382335667 "" "" "" 1.918465499763002e-05 6.70904940871064 383697.86 111.0 -10.58 1.033
13195 NONE blue hsiao_x1 6 41 amplitude,x1 0.49359113182812286 "" 0.0249784272454758 0.019904 0.00019174671933273912 2454004.3337241197 0.010757834394031156 "" "" "" 0.00014391923159200315 "" 15364.4 43.0 -16.25 0.529
13195 NONE red hsiao_x1 9 63 amplitude,x1 0.18169160002258658 "" 0.0249784272454758 0.019904 0.00019244823668322598 2454004.3337241197 0.44633579904592974 "" "" "" 0.000291437721843183 "" 203542.14 67.0 -16.26 0.8
13195 NONE all sn91bg 15 104 t0,amplitude,x1,c 0.9999686866968783 0.5500149490900476 0.0249784272454758 0.019904 1.4787452332928834e-14 2453998.2626791475 6.83414511251934e-05 0.0001031826127766394 "" "" 1.394554540276543e-16 0.0017627795497141023 464239.75 110.0 -17.44 1.661
13195 NONE blue sn91bg 6 41 amplitude,x1,c 1.2496757205949947 0.15944113611464722 0.0249784272454758 0.019904 5.03222960703521e-15 2453998.2626791475 0.000819935420285399 0.20430174448477106 "" "" 2.7022883873420313e-15 "" 14859.39 42.0 -17.24 1.446
13195 NONE red sn91bg 9 63 amplitude,x1,c 1.2169711511360728 0.9020724896528589 0.0249784272454758 0.019904 5.95372105633432e-15 2453998.2626791475 0.05076335431258569 0.062462348918553616 "" "" 4.409656897277074e-16 "" 58345.73 66.0 -15.95 1.469
13196 NONE all hsiao_x1 10 106 z,t0,amplitude,x1 0.14563799298709199 "" 0.0273215483380692 0.16361691270417453 -1.4755330110956564e-05 2453996.7351553 0.3959429894207131 "" "" 0.09163751582149772 2.3610428096998236e-05 6.574497369380602 1284.06 112.0 -15.48 0.843
13196 NONE blue hsiao_x1 6 62 amplitude,x1 0.49388534118210475 "" 0.0273215483380692 0.16361691270417453 -3.723018371198339e-05 2453996.7351553 0.005923526862315681 "" "" "" 6.931528742512629e-07 "" 536.58 66.0 -17.48 0.528
13196 NONE red hsiao_x1 4 44 amplitude,x1 0.44986549981613244 "" 0.0273215483380692 0.16361691270417453 -4.0571597838176426e-05 2453996.7351553 0.04977914263240628 "" "" "" 1.8398839152338984e-06 "" 101.23 46.0 -17.67 0.558
13196 NONE all sn91bg 5 111 z,t0,amplitude,x1,c 1.000021713324802 0.549981116625779 0.0273215483380692 0.2250094290670754 2.984154351227302e-16 2453976.916539193 4.901745769083308e-05 0.00010772695505556384 "" 3.052885492096987e-05 3.1828725263002376e-18 0.001860195673015677 1697.2 111.0 -18.76 1.661
13196 NONE blue sn91bg 3 65 amplitude,x1,c 1.241032419574884 0.012159829974675598 0.0273215483380692 0.2250094290670754 8.521215104467476e-17 2453976.916539193 0.00918903994280689 0.0122679323832441 "" "" 4.537534972651539e-18 "" 823.0 65.0 -18.64 1.452
13196 NONE red sn91bg 2 46 amplitude,x1,c 1.2058845567994 0.6134381644068179 0.0273215483380692 0.2250094290670754 7.792059251526952e-17 2453976.916539193 0.04176906712238028 0.26148398089505226 "" "" 1.7054221838811187e-17 "" 127.23 45.0 -17.36 1.477
13199 NONE all hsiao_x1 30 89 t0,amplitude,x1 4.014486857468237e-05 "" 0.020301428892589554 0.261825 1.96419465361824e-09 2454010.3884272045 9.347181457775284e-05 "" "" "" 1.5595442291798668e-11 0.0015543942200862452 1953.03 111.0 2.76 1.05
13199 NONE blue hsiao_x1 12 35 amplitude,x1 0.49179667570681856 "" 0.020301428892589554 0.261825 1.5131120491443198e-05 2454010.3884272045 0.017033044262574966 "" "" "" 3.478761602342705e-05 "" 965.75 43.0 -16.68 0.53
13199 NONE red hsiao_x1 12 36 amplitude,x1 0.4747380190672582 "" 0.020301428892589554 0.261825 -2.775282336741668e-08 2454010.3884272045 0.023047393370109467 "" "" "" 4.8128096692145776e-05 "" 637.8 44.0 -2.99 0.541
13199 NONE all sn91bg 5 114 t0,amplitude,x1,c 1.0000069078774023 0.54995506567742 0.020301428892589554 0.261825 3.941670279340646e-16 2453977.464792673 5.324946492275036e-05 8.86018540219522e-05 "" "" 4.246098193151956e-18 0.001754232757735702 2045.46 115.0 -19.44 1.661
13199 NONE blue sn91bg 2 45 amplitude,x1,c 1.2425435182312274 0.018921074608439722 0.020301428892589554 0.261825 1.1481122694110306e-16 2453977.464792673 0.00801737443700374 0.01899500544133964 "" "" 6.042444724478583e-18 "" 744.85 44.0 -19.32 1.451
13199 NONE red sn91bg 2 46 amplitude,x1,c 1.2410750973356972 0.6812607025009187 0.020301428892589554 0.261825 1.4141204166107304e-16 2453977.464792673 0.008008564243400036 0.24182532206902102 "" "" 2.4412582913535424e-17 "" 301.56 45.0 -18.27 1.452
13205 NONE all hsiao_x1 5 104 t0,amplitude,x1 -0.04384374851798869 "" 0.027106222233776116 0.417044 -1.605064445506881e-05 2453984.1753614107 0.16726377791789182 "" "" "" 3.341419234536498e-05 2.429237466259282 336.43 106.0 -17.98 1.127
13205 NONE blue hsiao_x1 3 63 amplitude,x1 -0.11482530927760287 "" 0.027106222233776116 0.417044 -3.829954395000422e-05 2453984.1753614107 0.10291777544489271 "" "" "" 2.0883045733736063e-06 "" 67.72 64.0 -19.87 1.269
13205 NONE red hsiao_x1 1 21 amplitude,x1 -0.142224477447454 "" 0.027106222233776116 0.417044 -3.632947207252298e-05 2453984.1753614107 0.26510102415719144 "" "" "" 2.4015779800850635e-05 "" 23.68 20.0 -19.76 1.33
13205 NONE all sn91bg 5 104 t0,amplitude,x1,c 1.000029558116147 0.5500040392147992 0.027106222233776116 0.417044 4.838907395988482e-16 2453978.226241982 4.631102826378097e-05 9.654804655479723e-05 "" "" 4.509346654770031e-18 0.002499173272289672 1976.02 105.0 -20.84 1.661
13205 NONE blue sn91bg 3 63 amplitude,x1,c 1.2033755693475352 0.02965013772757765 0.027106222233776116 0.417044 5.899694172468649e-17 2453978.226241982 0.04593797146237691 0.02753086438139294 "" "" 5.290722682442092e-18 "" 129.84 63.0 -19.73 1.479
13205 NONE red sn91bg 1 21 amplitude,x1,c 0.9887659779803424 0.5592887024404557 0.027106222233776116 0.417044 7.374012758296267e-17 2453978.226241982 0.16518208887766492 0.2748333782340263 "" "" 3.3090324101946955e-17 "" 25.52 19.0 -18.77 1.674
13207 NONE all hsiao_x1 40 75 z,t0,amplitude,x1 1.0736957008689321e-05 "" 0.02215653334704925 0.2250062168367066 1.5899372320970198e-09 2454022.9495776654 9.351962703699073e-05 "" "" 2.752466890775817e-05 2.0633626782253742e-11 0.0017737943994695067 1323.86 96.0 3.59 1.05
13207 NONE blue hsiao_x1 24 45 amplitude,x1 0.317621494624384 "" 0.02215653334704925 0.2250062168367066 7.484739841400331e-06 2454022.9495776654 0.2859856074494311 "" "" "" 3.502885199228499e-05 "" 1099.37 58.0 -14.77 0.663
13207 NONE red hsiao_x1 16 30 amplitude,x1 0.38870007415137026 "" 0.02215653334704925 0.2250062168367066 7.402664453051206e-06 2454022.9495776654 0.12696206892754072 "" "" "" 3.4566612930516774e-05 "" 159.85 38.0 -14.75 0.604
13207 NONE all sn91bg 65 50 z,t0,amplitude,x1,c 1.242675781541813 0.03975841443916232 0.02215653334704925 0.09024284881990717 4.3528954974862724e-17 2454039.89321588 0.00868885622647979 0.054252208063281425 "" 0.03914026693281492 3.9069368408069865e-18 1.6226925120198208 490.8 75.0 -15.69 1.451
13207 NONE blue sn91bg 26 20 amplitude,x1,c 1.2349547564340602 0.23367209261952535 0.02215653334704925 0.09024284881990717 1.0623864755853265e-16 2454039.89321588 0.015237769389446206 0.23479279897454386 "" "" 6.894427660027644e-17 "" 288.14 29.0 -16.27 1.456
13207 NONE red sn91bg 26 20 amplitude,x1,c 1.2345264927694863 0.299274346452459 0.02215653334704925 0.09024284881990717 4.2378053939498795e-17 2454039.89321588 0.015293134526342263 0.25078760463968897 "" "" 8.836594486828072e-18 "" 148.88 29.0 -15.15 1.456
13208 NONE all hsiao_x1 35 95 t0,amplitude,x1 3.217579979230013e-05 "" 0.08220219829825454 0.250088 2.9197467126646924e-09 2454011.239301365 6.625625082172882e-05 "" "" "" 2.1898498771967863e-11 0.001104043520648287 1445.01 122.0 2.01 1.05
13208 NONE blue hsiao_x1 14 38 amplitude,x1 0.48434939299886537 "" 0.08220219829825454 0.250088 6.83355190182745e-06 2454011.239301365 0.019230058036342847 "" "" "" 3.364839158396705e-05 "" 671.15 48.0 -14.84 0.535
13208 NONE red hsiao_x1 14 38 amplitude,x1 0.47019190258380966 "" 0.08220219829825454 0.250088 3.183152827634765e-05 2454011.239301365 0.03765933335700559 "" "" "" 4.250639639055964e-05 "" 359.75 48.0 -18.18 0.544
