results/collective_fits/with_ext/sdss_sako18_simple_fit_class.ecsv
# %ECSV 0.9
# ---
# datatype:
# - {name: obj_id, datatype: string}
# - {name: x, datatype: float64}
# - {name: y, datatype: float64}
# schema: astropy-2.0
obj_id x y
[from data line 1395]
20430 -8.9459 -1.3558749999999997
20431 -0.7631499999999998 0.5585897435897434
20432 -1.888973684210526 -0.5109473684210525
20434 -1.6989736842105265 0.29897368421052617
20435 -2.156526315789474 -1.012
20447 -1.891569069069069 -0.019909090909090932
20467 -7.4645 -0.7884981684981683
20470 -4.812625000000001 -12.243616666666666
20476 -2.4990863356053223 0.34804298642533915
20480 -0.04999999999999982 0.31517094017094005
20489 -0.5801008064516129 -0.04600000000000015
20491 -1.0907777777777778 -1.0198611111111116
20497 -0.7531270903010031 -0.2975213675213676
20501 -1.6951041666666669 -0.0932857142857142
20514 -1.8304124149659864 -0.09995238095238079
20517 0.11030241935483875 -0.1858333333333333
20528 -7.184144736842106 -6.433352941176469
2053 1.2745399698340876 0.47741532976827084
20533 -7.287541666666666 -0.1565833333333333
20536 -0.4317748917748917 -0.306969696969697
20541 -1.571736842105263 -0.6359999999999997
20542 -0.4783436532507741 -0.1823030303030303
20545 0.9294915824915826 -0.2855000000000001
20552 3.305476190476191 1.376068376068376
20553 -2.727644230769231 -0.5873557692307694
20557 -0.7870676328502415 -0.3506043956043958
20558 0.08217452300785633 0.11067307692307704
20560 -0.2921196283391405 -0.08805263157894738
20562 -0.1798272833723651 -0.20803864168618258
20572 -0.31226890756302517 -0.6907407407407407
20575 -19.207870370370372 1.2241830065359474
20578 -0.9594642857142857 -0.45857142857142863
20580 -0.29596923076923076 -0.16984848484848492
20581 -27.67003787878788 -0.7308571428571426
20588 -2.3116017316017317 -0.2724675324675325
20590 -0.5159856630824372 0.7375735294117647
20591 -0.9823524150268338 0.564029304029304
20592 -0.24776767676767664 -0.13994505494505516
20596 -0.10690476190476161 -0.5381521739130436
20601 0.15556451612903233 -0.03510638297872337
20608 -0.6776333333333335 -0.06559944559944553
20613 -1.0658874458874459 -0.1566666666666665
20625 -15.025816993464055 -14.121494708994708
20639 -0.004195624195624137 -0.16015151515151527
2064 -0.3258559577677226 -0.14337500000000003
20663 -1.9687662337662337 -0.08199134199134206
20677 -0.9045751633986929 -1.1313888888888886
20678 -4.248740530303031 -0.08829004329004342
20682 -1.374484126984127 -0.8698214285714285
20685 -0.6015391156462584 -0.10014285714285731
20687 0.5354838709677421 -1.778394736842106
20690 -2.1081818181818184 -0.5808888888888888
20704 -0.015562770562770556 -0.08984848484848484
20709 -0.15826881720430103 -0.3209722222222222
20719 -0.5268045977011493 -0.12906593406593414
20721 -0.29285714285714315 -0.09016339869281043
20722 -3.206580882352941 -0.27636029411764684
20723 -0.2443386243386244 -0.1479487179487179
20725 0.02942937853107308 -0.09429943502824845
20726 0.22519999999999996 -0.6948214285714285
20727 -1.423578947368421 -0.3207407407407407
20744 -7.2475 -0.48159090909090907
20750 -1.7001086956521738 -0.33750000000000013
20757 -0.3182608695652175 -0.272407407407407
20759 0.005279720279720346 0.19019047619047624
20764 -14.825199999999999 -0.9393464052287583
20768 -1.9119034482758621 -0.3348888888888888
2078 -0.641394025604552 -4.978662873389439e-05
20787 0.13862318840579713 0.017771739130434838
20788 -1.3383141025641025 -0.002272727272727204
2079 -0.3505547652916077 0.05054765291607399
20791 -1.4948996655518394 -0.47792642140468233
20805 -1.2722105263157895 -0.19763157894736838
2081 -2.123883357041252 -0.12611664295874825
20821 -0.43352142110762815 -0.13148325358851676
20825 0.7991578947368421 -0.36322222222222256
20828 -0.6857894736842107 -0.0851052631578948
20829 -7.117564102564102 -0.7862179487179488
20830 -2.118787878787879 0.07428571428571429
20834 -1.7253679653679652 -0.47071428571428564
20838 -19.794015151515154 4.848304093567251
20842 -0.8214285714285714 -0.2240043290043292
20844 -0.916 -0.2290000000000001
20862 -9.179090909090908 -0.2787878787878788
20866 -0.19840579710144912 0.027427536231884098
20867 0.137 -0.10277777777777786
20870 -3.6752976190476194 -0.9137500000000001
20874 -0.8442857142857144 1.1473376623376623
20877 -1.3616666666666664 -0.2362222222222221
20882 -3.1781315789473688 -0.09429824561403533
20889 0.15526881720430108 -0.6482941176470588
20891 -0.3902714285714284 -0.1772527472527472
20895 0.4781313131313131 -0.05900000000000005
20896 -3.280861244019139 -0.7482057416267944
20915 0.321966173361522 -0.30989316239316234
20916 -0.22774285714285714 -0.29441428571428563
20917 0.1100000000000001 -0.06188034188034186
20920 -0.5722391304347827 -0.2864415584415584
20921 0.2202801780570831 0.5704606879606879
20923 -0.07437500000000008 0.10520833333333335
20926 -0.14260101010101023 0.07249999999999979
20928 -1.8509364548494982 -0.20833333333333331
20932 -1.0123214285714286 -0.2913448275862067
20934 -10.575208333333334 -0.6066666666666666
20936 -1.1795484949832775 -0.14949999999999997
20953 0.18418269230769235 -0.8730952380952379
20961 -0.90008658008658 -0.6560822510822509
20964 -0.8144444444444443 0.05958333333333332
20965 -3.7329247311827953 -0.48041666666666694
20969 -0.15440476190476193 -0.5190476190476191
20971 -0.8190000000000002 -0.0768716861081653
20978 -14.293291666666669 -0.2384583333333331
20994 0.31340476190476185 0.4424999999999999
20998 -5.42225 0.04699999999999971
21001 -0.062304804804804825 -0.5091818181818186
21006 -14.254052631578949 -0.6461052631578947
21013 -1.402905982905983 0.05776923076923074
21015 0.03549019607843151 -0.16627450980392156
21019 -0.10360139860139872 0.4431818181818181
2102 -8.166676136363636 -64.99208521870287
21027 -0.8252368421052623 -0.2919473684210523
21033 -10.504695767195768 0.4180718954248368
21034 -5.2103296703296715 -7.481553030303031
21042 -7.645125000000002 -0.17658333333333331
21046 -0.20903205128205138 -0.16045454545454563
21060 -0.9540196078431372 -0.0024444444444443603
21062 -13.70264705882353 -0.8068382352941179
21065 -0.23129761904761903 0.4203030303030304
21069 -0.8554786706349206 -0.004894736842105285
21081 -0.12357894736842112 0.1373333333333333
21150 -1.438095238095238 -0.05566666666666664
21152 -0.39144736842105265 -0.017473684210526308
21161 1.5019047619047625 -1.1275757575757575
21166 -0.6220123839009288 1.0583333333333333
21172 0.21576767676767683 -0.01925287356321803
21185 0.2154838709677419 0.11581578947368432
21306 -2.407777777777778 -0.720588235294118
21307 -1.2530730050933785 0.07033333333333336
21347 -0.12869674185463675 -0.028601398601398653
21351 -0.7817333333333333 0.06362101313320823
21356 -0.17411904761904773 -0.4093333333333332
21360 -0.4500294117647058 -0.01461111111111113
21381 -0.6100653594771244 -0.45433823529411765
21385 -1.1852801358234297 -0.2025555555555555
21391 -0.5696187363834423 0.0892857142857143
21396 -0.04681481481481509 -0.34059523809523795
21401 -0.2685925925925927 -0.053701298701298694
21402 -0.49307017543859644 -0.31066666666666665
21404 -0.16909090909090907 0.12021367521367543
21405 -0.2522563718140931 0.4937460317460316
21406 -0.5425131282820705 0.0026430976430977804
21409 0.01144086021505375 -0.27486842105263176
21413 -1.478753623188406 -0.19093406593406592
21420 -0.5047479838709679 -0.3446190476190476
21422 -5.04923076923077 -0.30302197802197794
21429 -0.4551666666666667 -0.16281249999999992
21451 -0.07266002844950226 0.2452727272727273
21455 -3.4432083333333336 -0.240375
21457 0.133793103448276 -0.16088505747126436
21465 -0.5465365025466893 0.07250000000000001
21482 -1.0544166666666666 -0.030624999999999958
21487 0.7567390180878557 -0.15412561576354666
2149 -1.3442307692307691 -0.24857692307692303
21494 0.1056666666666668 -0.3254761904761907
21502 -39.27133333333333 -13.242363636363637
21510 -30.962999999999997 -3.9266666666666667
21524 -0.23763736263736257 0.05340659340659337
21543 -2.7412894736842106 -1.200815789473684
21554 -3.1082528735632184 -0.07513888888888887
21557 0.01461290322580644 -0.21013888888888888
21564 2.6228125 -3.6441269841269843
21582 -0.05819047619047624 0.0822222222222222
21589 -0.822076023391813 -0.980409356725146
21591 -0.3611345939933259 -0.19391812865497082
21594 -1.123333333333333 -0.304761904761905
2162 -9.47625529340593 -1.0493598862019913
21648 -0.26320906432748536 -0.16727272727272724
2165 -3.161307692307692 -0.11281410256410263
21663 -0.972018315018315 0.3746818181818181
21669 1.3880555555555554 -1.878526315789474
21687 -0.3344705882352942 0.09425925925925926
21697 2.012485065710872 0.7512647058823528
21709 -0.6685185185185187 0.12428571428571433
21711 -1.6868131868131868 0.6980952380952379
21764 -0.9355510616784631 0.0969871794871795
2181 -0.29296378968253967 -0.05688172043010742
21810 -6.861948051948052 -0.865879120879121
21813 -0.107375 0.16008333333333313
21814 1.6656666666666662 -15.257375
2182 0.010038461538461552 -0.05341666666666667
21839 -2.556555555555556 -2.951111111111111
21858 -1.5489869281045752 -0.2962091503267976
21861 -7.662756410256409 -0.37142857142857144
21872 -0.22404558404558406 -0.25235294117647067
21874 -0.3156730769230769 0.19663690476190476
21875 0.2070564516129041 -3.96962962962963
21878 -0.8962192118226601 -0.11854497354497351
21884 0.5483516483516484 -0.4816666666666667
21888 -0.022842105263157997 -0.2575263157894736
21889 34.11222222222222 -44.51083333333333
21890 -1.7233235294117648 -0.034882352941176586
22075 -3.1108333333333333 -2.743681318681319
22182 -0.06541666666666668 0.06333333333333324
22282 -0.294723320158103 -0.13175675675675658
22284 -0.4860576923076927 0.2565384615384616
2234 0.061050135501355074 0.7447215007215009
2235 -0.1391858974358976 -0.04520512820512823
2246 -3.346526806526807 -1.2852642706131079
2280 -0.12696153846153846 -0.10444230769230767
2290 -0.7328093883357039 -0.1271479374110953
2308 -55.14020931142411 -9.241648936170213
2319 -19.877349726775954 -3.0302179487179486
2330 -0.8102542372881356 -0.23995276653171393
2342 -0.31038194444444445 -0.24045751633986923
2347 -0.1290423728813559 -0.14959064327485394
2355 -0.14439743589743592 0.19858333333333333
2372 -8.630687471732248 -2.995877378435518
2422 -9.479676113360323 -0.25678137651821864
2427 -0.19345759552656105 -0.02453216374268996
2437 -1.9481111111111111 0.0013913043478261944
2440 -9.369365967365967 -1.0734196617336154
2464 0.11187500000000006 0.30126684636118584
2532 -2.044984126984127 -0.19946031746031745
2533 -1.645739750445633 -0.7042602495543672
2537 1.782938829787234 0.144236111111111
2538 -22.65144291754757 -25.691363636363633
2551 -1.0100555555555557 0.007809523809523822
2561 -3.488666666666667 -7.474829497016197
2621 -0.9223185483870966 -0.28947916666666673
2630 -1.252674418604651 -0.34207716701902746
2632 -0.8815309898242367 -0.15277039007092208
2635 -2.7372661564625855 -4.553518367346938
2639 -5.554326676907322 -0.6630139372822299
2651 -4.253424077434968 -0.5390522875816995
2689 -13.896870748299317 -5.455967741935484
2699 -0.2107575757575757 2.154189291101055
2734 -7.973242368177613 -1.5100132978723404
2744 -9.796626984126984 8.0169494949495
2766 -5.905610583446404 -1.699878435517971
2784 -0.6266923076923075 -0.054547619047618956
2789 -1.2121120107962213 -0.26519871794871785
2799 0.01965517241379311 -0.05565934065934075
2806 -0.5088928571428573 -0.07222222222222241
2808 -1.9815063424947148 -0.5926532769556025
2855 -1.9418115942028984 -0.29648275862068973
2864 -1.4465117845117845 -0.4173015873015873
2871 -0.39896169354838706 -0.2662802419354837
2912 -0.1542626262626262 -0.15681159420289859
2916 -1.8214795008912656 -3.096787749287749
2926 -1.5089818548387095 -0.5140120967741935
2929 -0.5372691705790293 -1.2860813795446822
2943 -3.3699899193548384 -0.3978326612903227
2986 -0.21289661319073083 2.148699095022625
2992 0.0465911730545876 -2.6430257801899595
3065 0.32333020050125305 0.04331436699857749
3068 -0.8414082503556188 -0.2430409356725146
3077 -1.4148617660656497 -0.7266659959758552
3080 -14.83490623109498 -1.4365647226173541
3087 -12.3883668261563 -1.7150675675675675
3102 -0.31449240121580546 -0.0928319327731093
3118 -1.2791088692728037 -0.5003333333333335
3150 -0.3374074074074074 -0.12362993074375195
3161 -0.11454487179487183 -0.11216374269005835
3172 0.030366666666666653 -0.1629984779299849
3175 -2.656352329262776 0.01301268498942898
3180 0.7902819548872182 -0.1657539118065433
3191 -0.019333333333333202 0.08588235294117652
3195 -1.0158434547908233 -0.2625064102564101
3199 -1.0706543859649122 -0.11932982456140351
3205 0.72760101010101 -0.7410457516339868
3206 -0.5267787971457696 0.043134453781512594
3225 -0.23704413472706154 -0.03605110336817652
3241 -4.0978650793650795 0.022436507936507866
3256 -0.49293333333333367 -14.204726867335562
3317 -6.807375832053251 -0.4235540069686411
3323 0.17188628026412334 -0.11379843225083985
3331 -0.47310606060606086 -0.4458181818181818
3341 -0.5612071992976296 -0.021552631578947323
3361 -0.11689024390243907 0.004290598290598302
3368 -0.9639164904862579 0.02361904761904754
3370 0.24973286875725886 -0.16051684088269458
3377 -5.093228450555262 -0.6818780487804879
3402 -0.06573159366262815 -0.23555555555555563
3417 -0.6594603174603173 -0.018111111111110967
3421 -0.27376262626262626 -0.37623737373737365
3426 -2.023424185463659 -0.16572546230440977
3451 -7.180724358974358 -0.8660128205128199
3452 -7.443286340852129 -0.7771692745376957
3475 -0.6726600284495026 0.0406401137980088
3488 -0.17570621468926562 -0.6279487179487178
3506 -1.2387363834422658 -1.6208333333333333
3508 -1.8154747474747475 -0.05327205882352937
3527 -0.29249122036874464 -0.08799999999999986
3533 -1.386369047619048 -0.8120634920634919
3535 -0.6585887949260043 -0.47449260042283314
3539 -0.19889862804878045 0.05442857142857138
3543 1.6905040322580644 -1.2297916666666664
3560 -0.0661664564943254 -0.2020175438596492
3565 -2.61130867709815 -0.13946657183499278
3592 -27.07738975817923 -61.553421052631585
3593 -0.7095512820512819 -0.21986538461538463
3669 -0.09500732370788878 -0.6155555555555555
3674 0.062103174603174716 -0.31592592592592594
3780 -0.585 -0.2846068548387095
3808 -0.19811594202898541 0.04576354679802952
3811 -0.14322278911564634 -0.004761904761904745
3825 -0.2984979838709678 -0.04718750000000016
3881 -0.9395945945945945 -0.2972307692307693
3887 -0.17031249999999987 -0.0007560483870967527
3889 0.029217514124293742 -0.3882859174964437
3901 -237.4912536528346 -187.4459393939394
3945 -1.6833015873015873 -0.2432698412698412
3957 -2.9015942028985506 -0.19204968944099376
3959 0.20525149190110814 -0.2700193236714976
3970 -0.08613793103448286 -0.1594444444444445
3975 -0.37620915032679747 -0.016578947368420804
3983 -1.917407407407407 -0.31082621082621076
4000 -0.004554367201426324 -0.015285204991087431
4012 -2.94394291754757 95.10046359113524
4019 -3.5239625850340133 -1.2281350806451616
4028 -0.5645396825396827 -0.01642857142857146
4035 -1.6758851512062523 -0.022815126050420353
4044 -0.5350482132728305 -0.14264069264069268
4046 -2.573174603174603 -0.3544999999999999
4048 -2.2232956259426846 -0.038416666666666655
4054 -0.20744489795918364 -0.20073333333333343
4059 -0.15932180851063826 -0.22418439716312055
4078 -0.047746806039489 -0.03403846153846157
4079 -0.1881501057082453 -0.16080952380952396
4104 -0.31761038961038945 -0.20148148148148148
4110 -0.9866031746031744 -0.017022058823529362
4117 -0.12471774193548402 -0.11290322580645162
4129 -0.4805847076461768 -0.31512698412698414
4175 -0.5263141025641026 -0.032128205128205134
4181 -2.9195656565656565 -0.2656565656565657
4206 -0.08463909774436096 -0.35417293233082703
4211 -0.5257499999999999 -0.11867307692307683
4229 -2.1211195445920303 -0.1749596774193547
4236 -1.1861794354838708 -0.10182459677419353
4241 -0.7042745376955903 -0.06886913229018488
4307 -3.486290322580645 -0.3272177419354838
4311 -1.7770265151515152 -0.041401515151515134
4313 -1.2175314685314684 -0.10695238095238091
4360 -0.2273487903225806 -0.44833333333333336
4361 -0.2639981785063753 -0.1567543859649122
4417 0.07551282051282038 -0.0932115384615384
4450 -0.24677175283732677 0.6021140350877194
4455 -1.534035087719298 -0.14950980392156854
4524 -1208.9288227513225 -457.8435825027684
4530 -0.038350754936120834 -0.1422590011614404
4534 -0.4868290043290044 0.06037878787878781
4539 0.7636100386100387 0.25742832691484807
