results/collective_fits/with_ext/sdss_sako18_simple_fit_class.ecsv
# %ECSV 0.9
# ---
# datatype:
# - {name: obj_id, datatype: string}
# - {name: x, datatype: float64}
# - {name: y, datatype: float64}
# schema: astropy-2.0
obj_id x y
[from data line 3877]
20953 0.12879807692307688 -0.8726190476190476
20956 -0.45198198198198214 -0.03427536231884065
20957 -5.348370118845501 -0.5264999999999999
20961 -0.90008658008658 -0.6560822510822509
20964 -0.8144444444444443 0.05958333333333332
20965 -3.7329247311827953 -0.48041666666666694
20968 -1.61488603988604 -0.11515669515669513
20969 -0.15440476190476193 -0.5190476190476191
20971 -0.8190000000000002 -0.0768716861081653
20977 -2.720769230769231 -0.1606666666666665
20978 -14.293291666666669 -0.2384583333333331
20979 -0.8255483870967741 1.4065306122448977
20986 -4.430873015873015 2.5972727272727276
20987 -0.4051578947368424 0.0036451612903221076
20990 -1.1145454545454545 -0.6516666666666668
20994 0.31340476190476185 0.4424999999999999
20996 -0.37689393939393945 0.23749999999999993
20998 -5.42225 0.04699999999999971
20999 -0.22962701612903258 0.1064540816326538
21001 -0.062304804804804825 -0.5091818181818186
21005 -14.347788235294118 0.21595588235294116
21006 -14.25457894736842 -0.6461052631578947
21013 -1.402799145299145 0.05815384615384611
21015 0.03549019607843151 -0.16627450980392156
21017 -3.042087912087915 1.6974861572536
21019 -0.10360139860139872 0.4431818181818181
2102 -8.152755681818181 -64.99639140271493
21025 -0.38752688172043026 0.05198129251700667
21027 -4.9216764705882365 -1.7665294117647061
21028 0.7351876617773936 -1.1931054131054128
21033 -11.590621693121692 1.0168954248366013
21034 -6.073901098901097 -7.481553030303031
21035 -5.351708333333333 0.10753676470588247
21042 -7.645125000000002 -0.17658333333333331
21046 -0.20903205128205138 -0.16045454545454563
21048 -0.3731481481481481 -3.378970588235294
21055 -1.4180701754385963 7.001309523809523
21056 -1.1834949832775923 -2.0226086956521736
21058 -34.42159090909091 -1.5235238095238095
2106 -0.7443830787309047 -0.2120833333333333
21060 -0.9540196078431372 -0.00911111111111107
21062 -13.702058823529413 -0.8068382352941179
21064 -49.96453947368421 -4.83115890083632
21065 -0.23129761904761903 0.4203030303030304
21068 -4.127959057071958 -4.231936274509804
21069 -0.8554786706349206 -0.004894736842105285
21071 -1.8298084677419357 -0.7417338709677417
2108 -0.503609625668449 1.2262104072398188
21080 -0.19345351043643266 0.030092592592592782
21081 -0.12463157894736843 0.1376666666666666
2109 -33.50199643493761 -16.02398757763975
21126 -0.9800383631713556 -0.06961904761904747
21128 -0.14572944297082202 -0.9511895424836598
21129 -2.7217391304347824 0.01571428571428568
2115 -1.7219565217391302 -0.09189189189189184
21152 -0.39144736842105265 -0.017473684210526308
21158 -0.29100000000000037 -0.6303333333333327
21159 -3.0252 -0.825
2116 0.48910317460317465 -0.41934920634920614
21161 1.4880952380952386 -1.1275757575757575
21162 -1.5522903225806455 -0.380138888888889
21166 -0.6283281733746133 1.0583333333333333
21172 0.21576767676767683 -0.01925287356321803
2118 -3.1586269841269843 -1.0283492063492061
21183 0.8353238866396759 -0.5674871794871796
21185 0.2154838709677419 0.11213157894736858
21191 0.2975 -0.11777777777777781
21207 -1.8947058823529417 -1.92837037037037
2123 -3.0779445234708405 -0.6992982456140351
21239 0.3912280701754387 0.7879999999999998
21240 -0.15800000000000003 -0.07099999999999995
21242 -0.10409090909090923 -1.091111111111111
21243 -0.2511904761904764 0.2297023809523806
21266 0.37056707317073156 -0.6471031746031743
21272 0.20379310344827606 -2.3834924242424247
2128 -1.2924134199134194 -11.06202380952381
21287 0.0011961722488038617 -0.6123333333333334
21288 -3.0090011750881316 -0.7179166666666665
21306 -2.407777777777778 -0.72
21307 -1.2530730050933785 0.07033333333333336
21308 0.4348923076923077 0.10666666666666647
21309 -2.036363636363636 -0.6795138888888888
21310 -1.3102272727272726 0.0061363636363638285
21314 -3.982941176470587 -3.42053872053872
21315 -1.1295833333333336 0.03000000000000025
21317 -1.2944377811094454 -0.2328888888888887
21319 -1.414693446088795 -0.42691994572591585
21320 -1.317928571428571 0.529722222222222
21321 -2.238508064516129 -0.2104591836734695
21323 -4.5122501461133835 -0.4932291057860898
21324 -0.5150293772032901 -1.7404166666666667
21325 -10.029 -1.4093333333333335
21326 -3.7894444444444444 0.5478571428571429
21327 -3.476666666666667 -0.4571726190476191
21330 -1.4218181818181819 0.008015873015873032
21331 -7.071408668730649 -4.775622009569377
21332 -3.6431339712918662 -2.0288484848484845
21335 -1.1896434634974533 -0.15200000000000002
21338 0.47902564102564105 -0.2965079365079366
21347 -0.12869674185463675 -0.028601398601398653
21351 -0.7817333333333333 0.06362101313320823
21352 -1.2553472222222224 -0.44648148148148126
21353 -2.0248492907801414 -0.19754032258064513
21354 -1.5267829457364341 -0.2637222222222221
21355 -2.5136746453900716 -0.004238095238095263
21356 -0.17411904761904773 -0.4093333333333332
21359 -1.6435213675213676 -0.7816190476190477
21360 -0.4511176470588235 -0.01461111111111113
21362 -15.955432692307692 -1.9842666666666666
21365 -1.3911038961038962 -0.15636363636363637
21367 -0.30261904761904745 -0.5042857142857144
21368 -0.9295454545454549 -0.31507936507936507
21369 -2.3318659420289856 -0.3189414414414413
21371 -0.7145538461538461 0.3382142857142858
21377 -2.336034482758621 -0.47689273049645386
21379 -0.6675714285714285 0.5345833333333333
21381 -0.6100653594771244 -0.45433823529411765
21382 -2.202522796352584 -0.5186805555555558
21385 -1.1852801358234297 -0.2025555555555555
21389 0.17453333333333343 -1.1517261904761904
21391 -0.5696187363834423 0.0892857142857143
21392 -2.7420095693779905 -0.6087262872628726
21394 -0.33643678160919577 0.008457661290322438
21395 -2.27715 -0.12033333333333335
21396 -0.04681481481481509 -0.34059523809523795
21397 -3.1522962962962966 -0.19177083333333322
21399 -5.168958333333333 -0.36187500000000006
2140 -6.260461538461539 3.221338797814208
21401 -0.2685925925925927 -0.053701298701298694
21402 -0.49307017543859644 -0.31066666666666665
21404 -0.16863636363636358 0.12021367521367543
21405 -0.2522563718140931 0.4937460317460316
21406 -0.5434808702175544 0.002087542087542138
21407 -3.2660434782608694 -0.40202991452991466
21409 0.01144086021505375 -0.27486842105263176
21413 -1.478753623188406 -0.19170329670329667
21414 -0.7353846153846151 -0.27023809523809517
21415 -0.4184766584766586 0.010037878787878762
21420 -0.48193548387096785 -0.3612857142857142
21421 -2.3179999999999996 0.08258333333333323
21422 -5.04923076923077 -0.30302197802197794
21423 -2.4850370370370367 -0.17760416666666656
21424 -1.9280184331797237 -0.2086458333333332
21429 -0.4568333333333332 -0.15976902173913032
2143 1.060326923076923 -3.738948717948718
21430 -1.190133689839572 -0.3765319865319865
21433 -0.9418888888888888 -0.15277777777777768
21434 -1.7372495755517827 -0.6113333333333333
21435 -5.194782608695652 -0.7913888888888889
21438 -0.4949627791563276 0.21883333333333332
21442 -2.3056140350877192 -0.27348484848484866
21444 2.07222972972973 -3.187363636363637
21445 -1.5195333333333334 -0.15523809523809529
21450 0.03831119544592032 -0.2404074074074073
21451 -0.07213371266002855 0.2452727272727273
21452 -6.722849462365592 -0.32260215053763464
21454 -2.11029753265602 -0.45419117647058815
21455 -3.4432083333333336 -0.24104166666666682
21456 -1.473798319327731 -0.3519806763285024
21457 0.14525651808242213 -0.18502298850574728
21458 -0.6201333333333332 -0.20692753623188398
21463 -17.81791666666667 -20.64375
21465 -0.5465365025466893 0.07250000000000001
21468 1.8791258741258745 -60.534
21474 0.8868666666666667 -2.288333333333333
21475 -2.016103678929765 -0.30608333333333326
21478 -6.927689075630252 -3.350757575757575
2148 1.2299423076923077 -2.8316987179487176
21482 -2.0863425925925925 -0.37598214285714276
21484 -1.7411437908496734 -0.3549019607843138
21485 0.09905405405405387 -2.1229824561403507
21486 -0.8044474153297683 -1.830113636363636
21487 0.7560723514211891 -0.15447044334975368
2149 -1.3442307692307691 -0.2485705128205128
21490 -3.5992226890756305 -3.0898692810457518
21494 0.10499999999999998 -0.3271428571428572
21497 -18.46849999999999 -8.536923076923081
21502 -45.16663636363636 -13.244181818181817
21510 -31.187 -3.9266666666666667
21524 -0.23763736263736257 0.05340659340659337
21526 -1.2045543672014256 -0.633480392156863
21527 -2.0794444444444444 -1.0067753623188405
21529 -3.3082499999999992 -0.37871794871794884
21535 -11.745454545454546 -0.6383333333333328
21538 -0.0007924984875983254 -0.23625889046941673
21539 -2.4250000000000003 -0.13207207207207206
21541 -1.7096774193548392 0.459111111111111
21542 -0.7377857142857147 1.89956989247312
21543 -2.7412894736842106 -1.200815789473684
21553 -2.7262962962962964 -0.6965873015873016
21554 -3.1082528735632184 -0.07513888888888887
21555 -1.379715909090909 -0.245339366515837
21557 0.01461290322580644 -0.21013888888888888
21563 -3.10925925925926 -0.6915000000000004
21564 2.6228125 -3.6441269841269843
21566 -2.9463869132290186 -0.31125
21567 0.03886752136752136 0.39722727272727454
21573 0.04729102167182653 -1.2159746588693958
21576 -8.974444444444444 -0.925
21582 -0.06104761904761902 0.0822222222222222
21588 -20.987565789473685 -1.344802631578947
21589 -0.822076023391813 -0.980409356725146
21590 -1.0325850340136058 0.25042424242424244
21591 -0.47454838709677416 -0.25569444444444445
21594 -1.123333333333333 -0.304761904761905
21596 -1.0154411764705884 4.531931216931216
21597 -6.410595238095238 -2.5162500000000003
21600 -0.5938362573099418 -1.0603767403767406
21601 -2.5834615384615387 -0.48068627450980395
21604 0.08843434343434353 -0.26434343434343477
21607 -2.4574000000000003 0.5962979094076655
21608 -2.158686679174485 -0.19166666666666665
21609 -4.136888888888889 -0.18174999999999986
21612 -0.13716363636363615 1.713138047138047
21615 -0.9614666666666667 -0.011428571428571344
2162 -9.497298850574714 -1.0482432432432431
21625 -0.4509090909090909 -0.22333333333333327
21627 -1.8490151515151516 -0.3996363636363637
21647 -4.144805194805195 -0.07604395604395597
2165 -3.1605384615384615 -0.1125576923076923
21651 -0.648576850094877 -0.24148148148148152
21652 -0.6203333333333336 -0.06948333333333334
21654 -0.7756993006993007 -0.15976190476190477
21658 -1.5041031746031743 -0.12477777777777765
21659 0.08923076923076922 0.0028571428571427804
21661 -0.4937211981566819 0.545904761904762
21663 -0.9722747252747255 0.3746818181818181
21665 -0.9459100877192981 -0.1463440860215055
21667 -0.5131666666666667 -0.37520833333333325
21668 -4.28415 -0.02842259721203222
21669 -0.15194444444444422 -1.878526315789474
21678 24.22682539682539 10.199090909090906
21680 -6.533 -6.310888888888889
21682 -1.740971659919028 0.05070850202429211
21683 -0.9454833333333332 -0.6861904761904762
21684 0.4400000000000004 -19.375000000000004
21685 -0.9399753694581277 -0.2407441860465116
21686 -1.2785164835164833 -0.19999999999999996
21687 -0.3627058823529412 0.09462962962962973
21688 -0.13515384615384596 0.2643461538461538
21692 0.4901153846153843 -1.2711333333333332
21693 -0.7135000000000002 1.7911666666666672
21695 -2.688846153846154 -0.05934065934065924
21697 2.012807646356033 0.7517647058823532
21700 -0.4746969696969692 1.7344444444444447
21701 -8.162408930669802 -0.8343055555555567
21703 -0.7099999999999995 10.115666666666666
21705 -0.8204166666666666 -0.33454166666666674
21708 -0.22393822393822382 0.701212121212121
21709 -0.7125925925925927 0.10261904761904739
21710 -0.7630416666666667 -0.23416666666666686
21711 -1.6906593406593406 0.6983333333333335
21715 -2.90365 -0.43551282051282036
21718 3.9703571428571447 -17.3425
21719 -1.9898701298701305 -0.08779220779220775
21724 -2.499298941798941 -1.2717724867724867
21725 3.260672514619883 -0.8787121212121218
21735 -1.9321222410865875 -0.19583333333333353
21736 2.9458519388954176 -3.0412878787878785
21741 -0.9119642857142856 0.08413461538461542
21742 -0.8518803418803418 -0.2639772727272728
21762 -0.3580303030303029 0.3531578947368421
21764 -0.9368554095045502 0.09775641025641013
21765 0.26222222222222236 -0.021818181818181848
21772 0.691719576719577 -0.05446428571428541
21775 -0.9879720279720279 -0.30166666666666664
21776 0.21846650998824924 0.18631022326674485
21778 -16.386333333333333 0.348245614035088
21782 -1.4626666666666666 -0.12601666666666667
21783 -11.185384615384617 -1.4420923076923076
21798 -2.699711021505376 -1.9764444444444442
21800 -0.8057272727272726 -0.15100000000000002
21804 -0.7081833333333334 0.36442307692307696
21805 0.7326623376623378 -0.193095238095238
2181 -0.29486607142857135 -0.055892473118279606
21810 -31.88131313131313 -31.209571428571433
21813 -0.10804166666666681 0.051416666666666444
21814 -7.185444444444444 -15.256041666666668
2182 0.013628205128205173 -0.05466666666666675
21821 -0.8113445378151262 -0.17213235294117668
21822 -2.1167384615384615 -0.5618653846153847
2183 -1.5910000000000002 -4.302588235294117
21835 -0.1986538461538463 -0.1723809523809523
21839 -3.065222222222222 -2.951111111111111
21842 0.05262499999999992 -0.29780000000000006
21846 -0.18820346320346304 -2.64829457364341
21849 -0.3664871794871791 -0.25178947368421056
21858 -1.5495751633986932 -0.2962091503267976
21861 -7.661089743589744 -0.37142857142857144
21866 -0.4845454545454544 -0.4469444444444444
21871 -0.48475877192982475 -0.3693333333333335
21872 -0.22366096866096863 -0.2905882352941176
21874 -0.3172115384615384 0.19663690476190476
21875 -15.705622119815668 -4.076666666666666
21884 0.5452747252747253 -0.47119047619047616
21888 -0.052315789473684315 -0.2575263157894736
21889 34.11222222222222 -44.51083333333333
21890 -1.726264705882353 -0.034882352941176586
21892 -1.258476190476193 -0.8981249999999985
21898 4.203555555555556 28.314875
2190 -2.2710656565656553 -4.345716112531969
21902 -1.8371195652173924 -0.875271739130433
21903 -1.4244285714285718 0.17333333333333334
21904 0.20257575757575763 -0.3408241758241757
21938 14.15749084249084 -12.529935897435898
21951 1.2182666666666664 -0.03849999999999998
22003 -3.6700923076923004 -1.7438589743589716
22071 -0.7396666666666666 -0.7455555555555557
22073 -2.314674922600619 -0.1304545454545456
22075 -5.9108333333333345 -2.743681318681319
22077 -4.062619047619047 -0.42685714285714293
22078 -2.925160256410256 -0.9668736842105263
22086 -2.3096969696969696 -0.24299999999999988
22088 -0.09717391304347833 -0.29500000000000015
22102 -0.16218390804597682 -1.2525632183908044
22111 -0.14077777777777772 0.2780555555555555
22113 -2.637 0.32666666666666677
22114 0.06071428571428572 0.2258241758241758
22116 -3.1533597883597886 -1.1314285714285717
22151 -0.9640909090909092 -0.2981871345029241
22152 -0.6128571428571428 -0.06843478260869562
22155 0.4743560606060604 0.011285714285714343
22157 0.10222972972972988 -2.1085449735449737
22169 0.3395121951219515 0.08522792022792025
22170 -4.527857142857142 5.808679653679653
22171 0.2766223908918408 -1.01
22182 0.12704545454545446 -0.023555555555555774
22247 -3.209464285714286 -1.355
22248 -6.209791666666668 -3.76
2225 -3.009557057057056 -0.7517816091954026
22253 -7.5135042735042745 -3.27625
22255 -2.4299999999999997 -0.15222222222222204
22257 3.149230769230769 -inf
22258 -0.1172727272727272 -0.3011111111111111
22282 -0.294723320158103 -0.13203453453453484
22284 -0.48528846153846183 0.2565384615384616
2230 -0.6939500000000001 7.923792912513839
2234 0.13563543003851075 0.7932539682539679
2235 -0.6040576923076922 -0.32776282051282046
2236 -7.351847826086958 -0.8015942028985505
2240 -0.32931818181818184 -0.7503964194373401
2244 40.41777056277056 -84.27376623376622
2245 -3.2173230769230763 -0.5648717948717947
2246 -3.3465244755244754 -1.2852589852008458
2272 -1.8942160493827163 -0.1659333333333335
2280 -0.12721794871794867 -0.1051923076923077
2290 -0.7328093883357039 -0.12741109530583206
2291 -3.2776839826839828 -0.24523172905525847
2292 -0.9570810647307928 -9.872894736842104
2297 -6.085317604355717 -2.267432432432433
2300 0.331862126944094 -0.28525
2306 -22.985298245614032 -33.03616666666667
2308 -55.13992175273866 -9.240797872340424
2309 -7.663853535353535 -163.06375768217737
2313 -0.41269047619047683 -2.02525641025641
2319 -19.87570491803279 -3.036474358974359
