results/collective_fits/with_ext/sdss_sako18_mcmc_fit_fits.ecsv
# %ECSV 0.9
# ---
# datatype:
# - {name: obj_id, datatype: string}
# - {name: message, datatype: string}
# - {name: band, datatype: string}
# - {name: source, datatype: string}
# - {name: pre_max, datatype: int64}
# - {name: post_max, datatype: int64}
# - {name: vparams, datatype: string}
# - {name: x1, datatype: float64}
# - {name: c, datatype: float64}
# - {name: mwebv, datatype: float64}
# - {name: z, datatype: float64}
# - {name: amplitude, datatype: float64}
# - {name: t0, datatype: float64}
# - {name: x1_err, datatype: float64}
# - {name: c_err, datatype: float64}
# - {name: mwebv_err, datatype: float64}
# - {name: z_err, datatype: float64}
# - {name: amplitude_err, datatype: float64}
# - {name: t0_err, datatype: float64}
# - {name: chisq, datatype: float64}
# - {name: ndof, datatype: float64}
# - {name: b_max, datatype: float64}
# - {name: delta_15, datatype: float64}
# meta: !!omap
# - band_names: !!python/tuple [sdss_sako18_u1, sdss_sako18_u2, sdss_sako18_u3, sdss_sako18_u4, sdss_sako18_u5, sdss_sako18_u6, sdss_sako18_g1,
#     sdss_sako18_g2, sdss_sako18_g3, sdss_sako18_g4, sdss_sako18_g5, sdss_sako18_g6, sdss_sako18_r1, sdss_sako18_r2, sdss_sako18_r3,
#     sdss_sako18_r4, sdss_sako18_r5, sdss_sako18_r6, sdss_sako18_i1, sdss_sako18_i2, sdss_sako18_i3, sdss_sako18_i4, sdss_sako18_i5,
#     sdss_sako18_i6, sdss_sako18_z1, sdss_sako18_z2, sdss_sako18_z3, sdss_sako18_z4, sdss_sako18_z5, sdss_sako18_z6]
# - lambda_eff: !!python/tuple [3551, 3551, 3551, 3551, 3551, 3551, 4686, 4686, 4686, 4686, 4686, 4686, 6166, 6166, 6166, 6166, 6166,
#     6166, 7480, 7480, 7480, 7480, 7480, 7480, 8932, 8932, 8932, 8932, 8932, 8932]
# - {fit_func: mcmc_fit}
# - {out_path: /global/u1/d/djp81/Photometric-Classification/results/collective_fits/with_ext/sdss_sako18_mcmc_fit_fits.ecsv}
# schema: astropy-2.0
obj_id message band source pre_max post_max vparams x1 c mwebv z amplitude t0 x1_err c_err mwebv_err z_err amplitude_err t0_err chisq ndof b_max delta_15
[from data line 13986]
17535 NONE all sn91bg 20 75 t0,amplitude,x1,c 1.18781463273156 0.009623316762969635 0.04496811201919157 0.158294 1.3083386731265068e-16 2454364.1676266347 0.09782198111273167 0.01240098756453207 "" "" 2.3876297318679486e-17 0.4279401902067996 508.65 91.0 -18.21 1.49
17535 NONE blue sn91bg 12 45 amplitude,x1,c 1.2113485900510266 0.00853022490047619 0.04496811201919157 0.158294 1.4218126022065341e-16 2454364.1676266347 0.030752531515875287 0.008232974899011338 "" "" 7.801297026581519e-18 "" 339.73 54.0 -18.32 1.473
17535 NONE red sn91bg 8 30 amplitude,x1,c 1.2074908621487472 0.39828252140714565 0.04496811201919157 0.158294 1.1171891398388465e-16 2454364.1676266347 0.037227702893419756 0.270947651367199 "" "" 2.2627028131207725e-17 "" 105.28 35.0 -17.32 1.476
17536 NONE all hsiao_x1 45 45 z,t0,amplitude,x1 -5.571771571258938e-06 "" 0.07164585258100974 0.2249900012094769 1.5377031001541709e-09 2454395.6938956724 0.00010145842447507362 "" "" 4.416303734096717e-05 1.2168485883530075e-11 0.001979265367231145 839.18 66.0 3.66 1.05
17536 NONE blue hsiao_x1 27 27 amplitude,x1 0.4595610642111728 "" 0.07164585258100974 0.2249900012094769 -1.565328360949818e-05 2454395.6938956724 0.033780764033909644 "" "" "" 3.5920907922563874e-05 "" 544.5 40.0 -16.37 0.551
17536 NONE red hsiao_x1 18 18 amplitude,x1 0.30156504743174356 "" 0.07164585258100974 0.2249900012094769 -7.221766593887389e-06 2454395.6938956724 0.14714779721704557 "" "" "" 3.506644767992685e-05 "" 91.08 26.0 -14.7 0.677
17536 NONE all sn91bg 45 45 z,t0,amplitude,x1,c 0.9999980400167712 0.5499905278497458 0.07164585258100974 0.2250077404310403 3.8496125184562585e-16 2454394.692373589 5.3264228779269716e-05 8.857702735938363e-05 "" 3.314198088474564e-05 3.567253997773327e-18 0.001732110388237154 3124.99 65.0 -19.04 1.661
17536 NONE blue sn91bg 27 27 amplitude,x1,c 1.2369412997163103 0.010855872673075044 0.07164585258100974 0.2250077404310403 7.090464138570958e-17 2454394.692373589 0.013242909216644477 0.010606290025882875 "" "" 3.585708325857611e-18 "" 264.61 39.0 -18.44 1.455
17536 NONE red sn91bg 18 18 amplitude,x1,c 1.1794317190927712 0.46380276959496475 0.07164585258100974 0.2250077404310403 4.3098740322404647e-17 2454394.692373589 0.058316923460642725 0.29067783642663086 "" "" 1.0442054836015121e-17 "" 33.58 25.0 -16.97 1.497
17538 NONE all hsiao_x1 0 105 z,t0,amplitude,x1 0.09438925080012249 "" 0.0902873524798676 0.24356250555816547 -2.248885715864228e-05 2454344.7218699357 0.25946009035853745 "" "" 0.09224555291633783 2.263596511674452e-05 7.066790707160533 247.89 101.0 -17.36 0.909
17538 NONE blue hsiao_x1 0 63 amplitude,x1 -0.19096892111440245 "" 0.0902873524798676 0.24356250555816547 -4.294969152078321e-05 2454344.7218699357 0.1451600633171588 "" "" "" 2.277578382930427e-06 "" 64.01 61.0 -18.76 1.45
17538 NONE red hsiao_x1 0 42 amplitude,x1 0.08804228243509075 "" 0.0902873524798676 0.24356250555816547 -4.532674572455243e-05 2454344.7218699357 0.16022050949832015 "" "" "" 3.1678824721277776e-06 "" 29.93 40.0 -18.88 0.918
17538 NONE all sn91bg 0 105 z,t0,amplitude,x1,c 1.1337244435209741 0.12125486308421603 0.0902873524798676 0.08048855340363482 7.538855595582772e-17 2454344.7086276836 0.09358736203854892 0.10712835020031963 "" 0.02199210080156422 1.2991190195267448e-17 1.6456795922540102 97.97 100.0 -15.79 1.534
17538 NONE blue sn91bg 0 42 amplitude,x1,c 0.9716587602825748 0.6792005061865297 0.0902873524798676 0.08048855340363482 3.2389612769256963e-16 2454344.7086276836 0.16218102441189886 0.23697382868621664 "" "" 1.4609545864630278e-16 "" 36.93 39.0 -16.15 1.694
17538 NONE red sn91bg 0 63 amplitude,x1,c 1.1661248041207395 0.6366554399465928 0.0902873524798676 0.08048855340363482 9.732794365442526e-17 2454344.7086276836 0.06811389520930565 0.2553483478775224 "" "" 1.818035677341948e-17 "" 55.57 60.0 -15.09 1.508
17539 NONE all hsiao_x1 0 115 t0,amplitude,x1 0.3109083058735446 "" 0.039407345449399625 0.204614 -2.2288412675507076e-05 2454342.7564247814 0.2318347150589745 "" "" "" 3.7519209251001174e-05 4.338617914247721 811.59 112.0 -16.91 0.669
17539 NONE blue hsiao_x1 0 69 amplitude,x1 0.45426422286380985 "" 0.039407345449399625 0.204614 -4.852709088503117e-05 2454342.7564247814 0.043254246988801294 "" "" "" 9.431852677333413e-07 "" 77.59 67.0 -18.6 0.555
17539 NONE red hsiao_x1 0 46 amplitude,x1 0.4496018117954027 "" 0.039407345449399625 0.204614 -4.987847839160376e-05 2454342.7564247814 0.04527058691987662 "" "" "" 1.7511540309419194e-06 "" 64.33 44.0 -18.66 0.558
17539 NONE all sn91bg 5 110 t0,amplitude,x1,c 1.2346491569563194 0.007186883728154392 0.039407345449399625 0.204614 6.852898080725904e-17 2454351.167396637 0.015138142403423795 0.0069079039945124186 "" "" 3.2770325307859504e-18 0.7914176890654457 373.0 111.0 -18.17 1.456
17539 NONE blue sn91bg 3 66 amplitude,x1,c 1.2210953898635335 0.008158233394200007 0.039407345449399625 0.204614 8.423165730559758e-17 2454351.167396637 0.029251408197768544 0.00826345839860643 "" "" 4.241660046298359e-18 "" 219.26 66.0 -18.38 1.466
17539 NONE red sn91bg 2 44 amplitude,x1,c 1.222034463000297 0.6213448933911896 0.039407345449399625 0.204614 7.67266243268806e-17 2454351.167396637 0.028953875652565644 0.27159814337903215 "" "" 1.5133192953339652e-17 "" 107.84 43.0 -17.11 1.465
17540 NONE all hsiao_x1 60 55 z,t0,amplitude,x1 0.0006525935157778632 "" 0.04110262909843928 0.375013302833796 4.673124758504513e-06 2454394.2140264907 0.4991181901208956 "" "" 0.0035980563626497437 2.1841353592057143e-05 9.240859158446906 1908415.23 86.0 -15.03 1.049
17540 NONE blue hsiao_x1 24 22 amplitude,x1 -0.2607047919339333 "" 0.04110262909843928 0.375013302833796 7.160319234143035e-05 2454394.2140264907 0.29276438275534683 "" "" "" 0.00019890327856348318 "" 1786099.98 34.0 -20.96 1.648
17540 NONE red hsiao_x1 12 11 amplitude,x1 0.14886371806969872 "" 0.04110262909843928 0.375013302833796 1.9920446265782844e-05 2454394.2140264907 0.2109720973910059 "" "" "" 4.761745359858583e-05 "" 54.0 16.0 -18.18 0.839
17540 NONE all sn91bg 55 60 z,t0,amplitude,x1,c 0.8506177494156689 0.4990370335742041 0.04110262909843928 0.0657112474553985 2.743988463226211e-15 2454390.918314131 0.06617163997666509 0.017387102006293197 "" 0.01026703318339068 2.872032829474651e-16 0.34668627278160524 1370143.73 85.0 -18.23 1.86
17540 NONE blue sn91bg 22 24 amplitude,x1,c 1.225193946186238 0.5968321626410042 0.04110262909843928 0.0657112474553985 1.6784523138075421e-16 2454390.918314131 0.022655347209851903 0.25041177153685457 "" "" 7.022767220041293e-17 "" 83.65 33.0 -15.34 1.463
17540 NONE red sn91bg 33 36 amplitude,x1,c 0.7039197880618386 0.00038972903015988404 0.04110262909843928 0.0657112474553985 2.6951626175455687e-15 2454390.918314131 0.007209558055429007 0.0014941883305768764 "" "" 2.6916708668066333e-17 "" 1287979.66 51.0 -19.07 2.13
17541 NONE all hsiao_x1 5 100 t0,amplitude,x1 0.039303167632192534 "" 0.04849247560481267 0.266503 -4.7606965362293574e-05 2454353.3010638827 0.07955221750092652 "" "" "" 3.186267395521552e-06 0.8993186130198111 106.27 102.0 -19.21 0.988
17541 NONE blue hsiao_x1 2 40 amplitude,x1 -0.04208879846725849 "" 0.04849247560481267 0.266503 -4.798715664471422e-05 2454353.3010638827 0.08254990993562918 "" "" "" 1.2178004483282784e-06 "" 37.53 40.0 -19.23 1.124
17541 NONE red hsiao_x1 2 40 amplitude,x1 0.17527833744859406 "" 0.04849247560481267 0.266503 -4.880330586510542e-05 2454353.3010638827 0.13175201337272516 "" "" "" 1.9125885132244543e-06 "" 37.31 40.0 -19.26 0.808
17541 NONE all sn91bg 5 100 t0,amplitude,x1,c 1.2183375481505212 0.010402716159651541 0.04849247560481267 0.266503 7.761351770424356e-17 2454354.059213644 0.030830528128146708 0.009422232615589046 "" "" 3.852422041367575e-18 0.5487498575205692 192.97 101.0 -18.94 1.468
17541 NONE blue sn91bg 2 40 amplitude,x1,c 1.1916504985626555 0.018121983865409072 0.04849247560481267 0.266503 9.616014846403965e-17 2454354.059213644 0.04523277014356721 0.016362146695900404 "" "" 6.050017281396245e-18 "" 81.86 39.0 -19.14 1.488
17541 NONE red sn91bg 2 40 amplitude,x1,c 1.1955801007473665 0.385381002253646 0.04849247560481267 0.266503 8.16752750482887e-17 2454354.059213644 0.049021856893072265 0.2855486050427332 "" "" 1.9663436616333134e-17 "" 49.28 39.0 -18.26 1.485
17542 NONE all hsiao_x1 5 95 z,t0,amplitude,x1 0.05653471567097872 "" 0.05097320919536818 0.2347939898288411 -5.011905478058494e-07 2454347.351183515 0.3330983844329351 "" "" 0.11368013498470356 1.8105564203848457e-05 5.321064839741027 652.88 96.0 -9.01 0.962
17542 NONE blue hsiao_x1 3 57 amplitude,x1 -0.022363007133783263 "" 0.05097320919536818 0.2347939898288411 -2.0919532220167393e-05 2454347.351183515 0.4299213499761318 "" "" "" 3.2570384918257324e-05 "" 352.18 58.0 -17.11 1.088
17542 NONE red hsiao_x1 2 38 amplitude,x1 -0.17226328666378565 "" 0.05097320919536818 0.2347939898288411 1.836623743543914e-05 2454347.351183515 0.20654214141022298 "" "" "" 4.175924571750609e-05 "" 96.49 38.0 -16.83 1.402
17542 NONE all sn91bg 0 100 z,t0,amplitude,x1,c 0.9183540102897925 0.028099913967907002 0.05097320919536818 0.05704444660766013 1.0165721879887842e-16 2454346.493399593 0.11898369461625126 0.027010880328700658 "" 0.006738746308392663 1.5466917097026858e-17 1.0794949158732778 121.06 95.0 -15.32 1.761
17542 NONE blue sn91bg 0 40 amplitude,x1,c 1.1367537507194314 0.35165233530127377 0.05097320919536818 0.05704444660766013 2.240010651148184e-16 2454346.493399593 0.08941026144109174 0.3076710538954503 "" "" 1.4254541702370896e-16 "" 60.0 37.0 -15.74 1.531
17542 NONE red sn91bg 0 60 amplitude,x1,c 0.9514474490900857 0.13295043848463156 0.05097320919536818 0.05704444660766013 9.556485133757747e-17 2454346.493399593 0.10424174255709784 0.11566065372808149 "" "" 1.6615896576083542e-17 "" 49.53 57.0 -15.09 1.719
17546 NONE all hsiao_x1 0 100 t0,amplitude,x1 -0.06812354355225508 "" 0.0398469980615366 0.088088 0.00010491934927901947 2454337.5528192804 0.15749779463523172 "" "" "" 2.8539633706036098e-05 3.2186166107339185 1553.37 87.0 -18.28 1.173
17546 NONE blue hsiao_x1 0 40 amplitude,x1 0.45215713994505824 "" 0.0398469980615366 0.088088 6.728760770146448e-05 2454337.5528192804 0.04489817192936131 "" "" "" 1.4894064731572283e-06 "" 98.55 34.0 -17.32 0.556
17546 NONE red hsiao_x1 0 40 amplitude,x1 0.4824365558149962 "" 0.0398469980615366 0.088088 0.00010596410301741929 2454337.5528192804 0.015924049596765584 "" "" "" 9.095458904264038e-07 "" 506.9 34.0 -18.3 0.536
17546 NONE all sn91bg 5 95 t0,amplitude,x1,c 1.2467688801875518 0.2993047646363244 0.0398469980615366 0.088088 3.013881724814675e-16 2454347.4807588374 0.0029259376919951426 0.03645764619853493 "" "" 9.899901674847642e-18 0.33208622218930933 662.52 96.0 -17.24 1.448
17546 NONE blue sn91bg 2 38 amplitude,x1,c 1.2313477920016638 0.4481834114042111 0.0398469980615366 0.088088 4.68429858970671e-16 2454347.4807588374 0.01786533648615969 0.27714093700633674 "" "" 2.390718514654757e-16 "" 136.17 37.0 -17.42 1.458
17546 NONE red sn91bg 2 38 amplitude,x1,c 1.246390411312746 0.6176066158004893 0.0398469980615366 0.088088 3.7654634819450815e-16 2454347.4807588374 0.003654564933870461 0.11734502133403218 "" "" 3.1506188821937374e-17 "" 517.05 37.0 -16.87 1.448
17547 NONE all hsiao_x1 65 30 t0,amplitude,x1 9.291738690798386e-06 "" 0.06467652885288365 0.059952 6.204370007199807e-09 2454414.729154821 0.0001195894603819778 "" "" "" 6.393530247070691e-11 0.002241800724897021 91.43 42.0 3.74 1.05
17547 NONE blue hsiao_x1 26 12 amplitude,x1 0.007260085397085692 "" 0.06467652885288365 0.059952 2.569123181852852e-06 2454414.729154821 0.29047273688371056 "" "" "" 1.2160778376491068e-05 "" 24.9 16.0 -9.35 1.038
17547 NONE red hsiao_x1 39 18 amplitude,x1 -0.06468829221116136 "" 0.06467652885288365 0.059952 3.520026048384678e-06 2454414.729154821 0.28382459387661 "" "" "" 2.3288587333429756e-05 "" 65.82 25.0 -10.03 1.167
17547 NONE all sn91bg 60 35 t0,amplitude,x1,c 1.0000080884848799 0.5500644435488488 0.06467652885288365 0.059952 1.547743690052537e-16 2454409.721009486 5.8902979559687595e-05 7.959251782133646e-05 "" "" 1.57845208524621e-18 0.0021840535356538434 527.22 46.0 -14.94 1.661
17547 NONE blue sn91bg 24 14 amplitude,x1,c 0.935327637101248 0.6030472431955051 0.06467652885288365 0.059952 4.1783340852091996e-17 2454409.721009486 0.16942897441616614 0.29203696451083017 "" "" 3.143247479213574e-17 "" 20.92 17.0 -13.37 1.739
17547 NONE red sn91bg 36 21 amplitude,x1,c 0.8565985012354131 0.6380404075689706 0.06467652885288365 0.059952 3.4845312730768576e-17 2454409.721009486 0.15994103205833063 0.2666554268389702 "" "" 1.3872036913122536e-17 "" 58.05 27.0 -13.04 1.85
17548 NONE all hsiao_x1 16 56 t0,amplitude,x1 0.2310409647430796 "" 0.17885053746320517 0.038025 0.00015779144599421314 2454374.6637061527 0.20714309842015644 "" "" "" 8.592762927527812e-05 2.721265031900757 13282.56 65.0 -17.27 0.746
17548 NONE blue hsiao_x1 8 28 amplitude,x1 0.49237688253171463 "" 0.17885053746320517 0.038025 0.0001727866005957691 2454374.6637061527 0.006940363352258454 "" "" "" 7.607076401969793e-07 "" 181.42 32.0 -17.46 0.529
17548 NONE red hsiao_x1 8 28 amplitude,x1 0.271075002197778 "" 0.17885053746320517 0.038025 0.00023603752829711718 2454374.6637061527 0.010696228251844062 "" "" "" 1.0524972383485848e-06 "" 1236.02 32.0 -18.14 0.706
17548 NONE all sn91bg 16 56 t0,amplitude,x1,c 0.9999954012796334 0.5500393704106891 0.17885053746320517 0.038025 1.3947162466928658e-14 2454368.1627956866 6.62365928881916e-05 9.769523436132964e-05 "" "" 1.0371400220311447e-16 0.001492181398080283 213228.94 64.0 -18.81 1.661
17548 NONE blue sn91bg 8 28 amplitude,x1,c 1.236883580988606 0.014219390571899547 0.17885053746320517 0.038025 2.4385649498611224e-15 2454368.1627956866 0.009581093500092631 0.019043047262842186 "" "" 1.0531882197332819e-16 "" 2764.94 31.0 -18.14 1.455
17548 NONE red sn91bg 8 28 amplitude,x1,c 1.2000595749522487 0.5865971337860837 0.17885053746320517 0.038025 2.8443621227613417e-15 2454368.1627956866 0.08062492541742859 0.12029731080817664 "" "" 4.756767902189253e-16 "" 5435.24 31.0 -17.18 1.481
17551 NONE all hsiao_x1 5 85 z,t0,amplitude,x1 0.07135185056737454 "" 0.05517601438296173 0.24454645295966124 -4.936081560479274e-06 2454351.193424129 0.2374354149354821 "" "" 0.09123692387482746 3.5319663257760256e-05 4.344369213293187 710.65 86.0 -14.07 0.941
17551 NONE blue hsiao_x1 3 51 amplitude,x1 -0.11243995667107923 "" 0.05517601438296173 0.24454645295966124 -2.809808947579483e-05 2454351.193424129 0.14621675421541397 "" "" "" 3.642496825275401e-05 "" 221.82 52.0 -17.85 1.264
17551 NONE red hsiao_x1 2 34 amplitude,x1 0.2572345572735424 "" 0.05517601438296173 0.24454645295966124 -1.8470815214176276e-05 2454351.193424129 0.14194994607455422 "" "" "" 4.2190369785354776e-05 "" 168.33 34.0 -16.94 0.72
17551 NONE all sn91bg 5 85 z,t0,amplitude,x1,c 1.0525441661185686 0.09623060722414985 0.05517601438296173 0.06780982695458032 1.068953564092893e-16 2454349.557492228 0.23124864513242335 0.07430488651714105 "" 0.016318147599861416 4.318774322565577e-17 0.6806095953744038 125.74 85.0 -15.76 1.606
17551 NONE blue sn91bg 2 34 amplitude,x1,c 1.10070170829182 0.6129889288290254 0.05517601438296173 0.06780982695458032 3.4410409787679504e-16 2454349.557492228 0.10854831420213455 0.28713282909544413 "" "" 1.684190560592713e-16 "" 25.21 33.0 -16.06 1.562
17551 NONE red sn91bg 3 51 amplitude,x1,c 1.2043852938146855 0.299213147061405 0.05517601438296173 0.06780982695458032 8.890714536452003e-17 2454349.557492228 0.04210348842546037 0.2037988587342768 "" "" 1.4933710322305283e-17 "" 82.79 51.0 -15.28 1.478
17552 NONE all hsiao_x1 10 105 t0,amplitude,x1 0.12726663639372088 "" 0.04557598092482043 0.251909 2.1507232050550043e-05 2454357.2193085775 0.12210985059421776 "" "" "" 5.06322098352645e-05 1.8091227521818574 1614.41 112.0 -17.34 0.866
