results/collective_fits/with_ext/sdss_sako18_simple_fit_class.ecsv
# %ECSV 0.9
# ---
# datatype:
# - {name: obj_id, datatype: string}
# - {name: x, datatype: float64}
# - {name: y, datatype: float64}
# schema: astropy-2.0
obj_id x y
[from data line 2465]
17879 -4.73375 0.20866666666666678
17880 6.793361742424243 -11.860354449472096
17882 -4.4680545876887345 -0.06480255516840883
17884 -6.764250790911706 -1.0869256756756758
17885 -0.33320175438596467 -0.7413333333333334
17886 10.638235887096773 13.550616496598636
17894 -3.46625 -1.6232499999999996
17895 -0.11352329262777028 -1.478498942917548
17897 -0.07255208333333318 -0.014423963133640583
17898 -6.447047101449275 -2.6437500000000003
17899 -1.5775238095238098 -0.3540000000000001
17902 -0.5539078947368421 0.15983333333333327
17906 -0.5380519480519483 -1.051852445870088
17907 -2.3012979797979796 -0.3103793103448276
17908 -0.4373043871551334 -0.1660676532769556
17909 -12.017831957989499 -9.381428571428572
17910 -9.637857142857143 -3.290989010989011
17914 -4.0831858974358965 -0.7671858974358972
17915 -0.013083778966131887 -0.04833333333333334
17916 -2.6876190476190476 -2.120454545454545
17922 0.45004978662873407 -1.1952062588904693
17925 -0.6523262032085562 -0.3838235294117647
17927 0.18705964585274926 -0.24403508771929838
17928 0.46355111917725367 -0.23834281650071132
17934 0.008351694915254226 -0.30782692307692283
17935 -10.86610188261351 -0.23256410256410254
17936 -6.074852216748769 -2.7244444444444444
17937 -0.06374999999999997 -0.9088690476190476
1794 -2.013532051282051 -2.313012820512821
17943 0.06511470985155166 -0.8523819163292845
17945 -0.6520705128205129 -0.2507179487179486
17949 0.12005769230769237 0.02369230769230779
17951 -4.407503373819161 -16.938769230769232
17952 -1.4030320512820516 -0.33162179487179455
17953 -4.83815340909091 -6.809851851851853
17954 0.4531730769230764 -0.46576923076923094
17955 -2.1457057823129255 -0.4316190476190478
17956 -7.730343915343916 -0.5202380952380954
17957 -0.4100539811066126 -0.06494152046783608
17958 -2.765945945945946 -0.2555618776671408
17959 -0.4622425629290614 -0.28541666666666676
1796 -1.1067210144927535 -0.2936936936936936
17963 -0.07208708708708667 0.1251038251366121
17965 -1.4156754032258065 -0.6997782258064515
17967 -1.8611995967741937 -0.046857142857142875
17975 -3.054104859335038 -0.6231313131313132
17976 -0.18276455026455007 -0.04964285714285721
17979 -2.4938537549407114 -3.8272897897897913
17980 -0.07048275862068953 -0.18692307692307675
17981 -1.821666666666667 0.4107142857142858
17984 -0.32298319327731084 -0.24084558823529412
17986 -0.7958991596638654 -0.24859044162129462
17987 -12.315518707482994 -0.36266666666666647
17989 -7.468156682027649 -4.278437500000001
17990 -13.593088954056695 -0.22411111111111115
17991 -3.9847391304347832 -0.336974358974359
17993 -0.4262433862433863 -0.0772883597883599
17996 -5.719153936545242 -1.7806944444444446
17997 0.4011282051282046 -0.6813714285714285
1800 3.83419649122807 -6.1967027027027015
18002 -8.96090579710145 -1.212882882882883
18003 -1.4730952380952385 -0.649047619047619
18005 -4.736118881118881 -1.1390170940170938
18007 -4.972555555555554 -0.04785714285714293
18008 -2.377968515742129 -0.01922222222222225
18009 -0.32149462365591386 -0.7305376344086021
18010 -0.328801282051282 -0.08994871794871817
18011 -0.67234126984127 -0.29533068783068783
18012 -7.554324324324324 -2.3605555555555555
18013 -0.08411538461538459 -0.87445
18014 -4.0198449612403095 0.024038461538461675
18019 -4.1037955346651005 -0.6429166666666667
18020 -0.6028042328042331 0.5181284606865999
18021 -1.416153846153846 -0.33785714285714286
18029 -0.3317743324720075 -1.710026455026455
1803 -4.423443008225617 -2.0958498023715415
18030 -7.3159136212624585 -0.5378835978835977
18032 -7.498928571428571 -0.6138505747126437
18033 0.3116571790006325 -0.1381495098039215
18034 0.08044736842105271 -0.19366666666666643
18035 -7.924236453201971 -0.974367816091954
18036 -1.8711764705882348 -0.5658560447239693
18037 0.18991228070175437 -0.18827327327327337
18038 -0.5721939890710384 -0.06453216374269
18040 -1.68143115942029 -0.6372826086956522
18041 -0.2179910044977511 0.17322222222222217
18042 -2.881689655172414 -1.3158405797101451
18043 0.14511111111111097 -1.4794137931034481
18046 -2.822888888888889 -0.9333333333333336
18047 -0.3986025641025639 -0.1090192307692307
18048 -5.336479500891265 -5.058052728954671
18049 -2.953148148148148 -0.29120370370370363
18051 -1.6708745098039213 -0.11320833333333336
18052 -1.2868403361344536 -0.03135208711433768
18053 -3.7394130594277337 -0.5107291666666669
18054 -0.5322462406015038 -0.057156862745098014
18055 2.747168367346939 -2.495761904761905
18056 -1.1182936507936514 -0.7522171808832425
18058 -5.5060600375234525 0.41920168067226915
18061 -3.39470643939394 -1.1156944444444443
18063 -0.6307701149425285 -0.5423852040816326
18064 0.19356862745098002 -0.0417496807151978
18066 3.325384615384615 -0.11083333333333345
18067 -0.9721621621621623 -0.2532137592137592
18070 -12.113452380952381 0.7819047619047619
18075 -7.039353813559322 -0.5224652777777776
18076 0.22976704055219999 0.33008771929824565
18077 -1.9154367201426021 -0.4475751222921033
18078 -0.30837588652482295 -0.07690476190476203
18079 -4.4865306122448985 -1.1931708991077556
1808 -1.784012474012474 -0.4310064102564104
18082 -0.8159865900383141 -0.03058479532163727
18083 0.28124466571835005 0.04728307254623043
18084 -0.24311403508771945 -0.6318762677484786
18086 -4.925702564102564 -1.432337662337662
18087 -4.687857666911226 -1.3907291666666666
18088 -0.4984033613445378 -0.02833333333333332
18089 -0.16120582120582116 -0.7404166666666667
18091 -0.9438122332859173 -0.4317320261437908
18092 -4.175437710437712 -1.4213015647226175
18094 -2.1479583333333334 -1.0339583333333333
18095 -0.15064705882352936 -0.43326164874551965
18096 -0.16043220338983044 -0.7352371794871795
18099 -2.0159102564102582 0.6551639344262294
1810 -50.82460234680574 -0.7618611111111111
18100 -0.3501402934054979 -0.06417307692307661
18101 -1.8282051282051284 -1.1933846153846153
18102 -0.9919139784946236 -0.4288608156028366
18103 -1.7776845878136198 -0.5857741935483871
18104 -0.40562656641604 -0.05271241830065365
18107 -1.1630481283422462 -0.44725589225589224
18109 -28.353394396551728 -34.3146314102564
18111 -2.3655645161290324 -1.2933333333333334
18112 -5.066965517241381 -1.3431365820178447
18113 -1.1271710526315786 -0.2597940503432494
18117 -2.513620689655172 -2.199133064516129
18119 -2.756389811738649 -0.6338529014844805
18121 -2.2251578947368422 -0.7628947368421053
18122 -0.9952083333333333 -4.7568936170212766
18123 -0.947947368421052 -1.2014132553606238
18127 -0.5691587301587302 -0.28263157894736834
18128 -0.9162987987987985 -0.39734649122807
18129 0.9150694444444443 -0.27674836601307207
18130 -0.771179673321234 -0.0776470588235294
18131 -0.9050907258064518 -0.47791666666666677
18134 -3.246530303030303 -0.21839682539682514
18137 -3.318657011191574 -1.0544791666666666
18138 -0.5331140350877193 -0.15434845559845556
18139 -0.2190355191256832 -0.09511695906432727
18140 -7.797375000000001 -1.8227083333333332
18142 -1.7836355226641998 -0.00471955128205126
18144 -2.2153324555628697 -0.4596875
18145 -0.23227067669172907 -0.10022349936143038
18146 -0.26465184893784444 -0.03219871794871798
18148 -1.2041265597147952 -0.5303119429590017
18149 -1.6299166666666665 -0.5138666666666667
18150 -3.2935862068965522 -0.7546586879432622
18152 -0.09591798695246967 0.49005847953216386
18153 -3.2363999999999997 -1.2229743589743591
18154 -0.20795874822190596 0.8253216374269008
18158 -0.06602418207681349 -0.05068965517241364
18160 -6.281533382245047 -1.7737500000000002
18161 -4.441682455475558 -1.1584946236559137
18164 -3.471544642857143 -0.9492499999999999
18165 -8.882444444444445 -1.6244583333333333
18166 -9.913333333333332 -3.1383333333333336
18167 -1.671125740618828 -0.4604166666666667
18168 -2.2234444444444446 -0.4195641025641028
18169 -0.26915816326530595 -0.9440645161290323
18170 1.7427851458885943 -0.8443750000000001
18171 -1.1691538461538462 -0.8471785714285713
18172 -3.641921985815603 -2.1255518617021276
18175 -0.3462435897435898 -0.11509803921568618
18177 -1.1638766038766037 -0.4536065350578624
18178 -3.3331497584541068 -0.01742857142857146
18179 -0.126737012987013 -0.036470588235294255
18181 0.4256381381381382 -0.057844950213371105
18182 -0.24308429118773944 0.23718487394957988
18183 -0.5962812210915818 -0.05561904761904757
18187 -1.2028124999999998 -0.7971874999999999
18188 -0.18905626134301268 -0.15078431372549006
18189 0.11925675675675695 -0.11938833570412521
18190 -0.4923998136067098 0.6913157894736845
18191 -0.7418062200956936 -0.7466666666666666
18193 -7.943206896551725 -0.7039583333333332
18194 -1.5871543778801842 -0.29083333333333306
18195 -2.388795698924731 -1.848125
18196 -1.8154285714285727 -4.253148148148148
18197 -0.5151246200607904 -1.0391666666666668
1820 -0.00019163763066187833 0.15069105691056883
18201 -0.8558095238095238 -0.5803412698412698
18202 0.23737318840579702 -0.7923369565217389
18209 -0.3387701149425286 -1.8177241379310347
1821 -0.15011614401858298 -1.88326636904762
18212 1.952153931339978 0.12003968253968278
18213 -0.04751322751322773 0.21731481481481651
18216 -16.18201951951952 -0.016249999999999876
18218 4.176277777777778 0.19956521739130428
18220 -2.4355128205128205 -0.18902930402930396
18221 0.14634072580645152 -0.23296370967741953
18222 -0.4074679943100994 -3.1279904306220097
18224 -0.039444444444444504 0.02154761904761915
18226 -1.603391812865497 -1.2456666666666667
18227 -1.853443008225617 -0.22930555555555554
18228 -0.2659820089955023 0.03644444444444428
1823 -2.2184356725146195 -1.87719298245614
18236 0.433661616161616 -1.5108965517241377
18238 -1.0140919540229882 -0.8440241545893719
18241 -8.390436507936506 -19.62064784053156
18242 0.13616853192890066 0.2420000000000001
18243 -0.6287701612903225 0.04802083333333329
18244 -1.9382183908045967 4.367895467160036
1825 -0.018518170426065295 -0.3452133712660028
18251 -1.0468288084464552 -1.5242869875222818
18252 0.829375 -0.2410416666666667
18253 -0.38561904761904775 0.006023809523809431
18254 0.06800356506238858 -0.28467914438502673
18255 -5.46925925925926 -0.08063492063492084
18256 0.14809503784693034 -0.1614939024390245
18260 -0.08359609609609597 -0.14151515151515137
18262 0.01214539007092208 -0.27872117400419283
18266 -31.690714285714286 -6.437142857142858
18267 -0.5547894736842103 1.61447311827957
18268 -5.5668 -1.5167948717948716
18269 -4.490384615384615 -0.7549076923076921
18270 -15.129038461538462 -3.967051282051282
18271 0.4444963791968397 -1.173125
18272 -1.1257192982456137 -0.7854166666666664
18273 -0.03301251956181539 -0.30316705790297327
18275 -0.409681583476764 -0.0821367521367522
18276 -0.21299159663865552 -0.4964603174603174
18277 -5.122890442890444 -2.261176470588236
18280 0.3202656546489564 -2.325185185185185
18283 -0.26041176470588245 -0.2547478991596639
18285 -0.027020202020201722 -0.5996984126984128
18286 -0.19391269841269831 0.04706142506142508
18287 -0.01750649350649347 -0.28629629629629627
18288 -0.2970625942684766 -0.13645833333333357
18290 -2.114295900178252 -1.9411236802413274
18291 -1.8900990675990677 -0.6161319073083777
18292 -3.854277777777778 -1.7731439393939394
18294 0.011403368083400145 -0.08852216748768471
18295 -1.6535333333333333 -1.087327935222672
18296 -1.7918 -0.9253846153846155
18297 -0.014444444444444926 -11.448696309739866
18298 -0.3960210210210213 -0.12371445856019347
18299 2.5402000000000005 -0.027668455575432738
18301 -0.19223707664884138 -0.19778966131907316
18302 -1.5013608870967743 -2.552848639455782
18304 -1.3452777777777778 -0.43676984126984153
18305 -0.881111111111111 -0.39635338345864657
18307 1.2851541218637987 -1.3054432234432232
18309 -3.688850574712643 -0.8021075268817204
1831 -0.0037242538881883114 -1.9831346153846154
18310 -5.8272437137330755 -0.465791788856305
18311 -1.4593891557995873 0.34558035714285706
18312 -0.8278060109289616 -0.274415204678363
18313 0.8531501831501829 -3.639792960662526
18314 -1.9736623376623381 -1.5878703703703703
18316 -0.28895512820512836 6.39769230769231
18320 -1.9927384615384616 -1.1724358974358973
18321 2.297941176470588 -18.56833333333334
18323 -16.93220238095238 -2.5978427419354837
18324 -0.4068412698412699 -0.1517063492063493
18325 -7.154305555555555 -1.4955092592592591
18326 -2.676066066066065 -0.28156349206349196
18327 -9.605650623885918 -0.5277777777777777
18328 -1.8142338709677426 -0.5198129251700682
18330 -7.5024675324675325 -0.8894117647058817
18331 -25.051205357142855 -2.0642708333333335
18332 -4.940058883768561 -0.02543990384615369
18333 -0.02576109936575044 -0.13477801268498946
18334 -0.8750996677740863 -1.1077227498869284
18336 -3.2131243243243244 -0.7975500770416024
18338 -0.9551410256410258 -0.4635300546448089
18339 -1.9349573257467994 -0.22541251778093863
18340 -3.4092156862745098 -0.5515441176470589
18341 -3.5460748349229636 -0.5572916666666667
18342 -0.9848465414567111 -0.47225000000000006
18343 0.22662462462462463 -0.6778983050847458
18344 -0.30474025974025953 0.1347863247863248
18346 -6.8915147783251225 -1.974458700882118
1835 -1.7240998838559818 -0.28109175377468054
18351 -0.4484135472370767 -0.18460784313725476
18352 -1.7945804195804196 -1.9614102564102567
18353 -0.18160427807486612 -1.065570409982175
18354 -1.2000198938992042 -1.536673202614379
18357 -0.9701954022988506 -0.6518888888888887
18358 -0.07214942528735624 -0.1401111111111112
18360 -1.596519480519481 -3.2518333333333334
18361 -5.356481481481482 -0.018839285714285836
18362 -0.51396164021164 -0.3013513513513514
18363 -0.35799358974358964 -0.10411538461538461
18365 -0.4739299242424242 -0.30591397849462365
18366 -4.371695652173913 -0.8836707152496628
18367 -1.1292121212121213 -0.38327956989247325
18372 -0.2816935483870968 -0.1088541666666667
18374 -1.4424444444444442 -0.3852063492063491
18375 -4.6372119815668205 -29.18869387755102
18376 -2.2514366998577526 -0.6088122332859176
1838 -66.00419254658385 -1.6817521367521364
18380 1.597893772893773 -1.170873015873016
18382 -1.4406617647058824 -0.1909803921568627
18384 -0.22310526315789403 -1.1309059233449477
18386 3.222932692307692 -2.3152566481137913
18387 -8.15025641025641 -1.51969696969697
18389 0.1281782125859332 -0.24012195121951208
18390 -4.422291666666666 1.23025
18391 2.157830725462304 -3.7916204666204667
18392 -5.38813953488372 -1.4679761904761905
18393 -1.9091115394725313 0.34167763157894737
18394 -5.868258258258258 -0.21753205128205133
18395 -206.4261904761904 -inf
18396 -1.561137624861265 0.3278461538461539
18397 -34.55406153846154 -4.428455128205128
18399 -1.3521116138763198 -1.7210160427807484
18405 -0.43618776671408255 -0.2992982456140352
18406 0.16948568088836913 -0.9461538461538461
18408 -84.16811942959004 -44.803318250377075
1841 -1.3292416582406479 -0.41892857142857154
18414 -5.804523809523808 -19.1552380952381
18415 -3.887539682539683 -4.167566137566137
18419 -0.26733511586452785 -0.271655354449472
18425 -7.828201058201058 -5.6156423034330025
18429 -0.2257241379310344 -0.891219758064516
18430 -0.24870512820512802 -0.06666666666666687
18433 -0.6710969793322734 -0.27481481481481473
18434 -0.3768045112781957 -1.1934210526315787
1844 3.980776942355888 -0.0035897435897436214
18441 -249.49683467741937 -177.6830484693877
18443 0.09808585858585861 -0.7073387096774197
18446 -0.341095305832148 0.138421052631579
18447 0.09090821256038639 -0.2963004032258063
1845 -1.9784615384615378 -1.7844999999999998
18450 -0.5189224137931036 -0.15888888888888886
18451 -0.36689176688251646 -0.1066666666666668
18454 -0.5236904761904762 -0.3333650793650793
18456 -3.9579698581560283 -0.42326203208556157
18457 -46.794215053763445 -6.031857993197278
18459 -2.5442745376955904 -1.3661111111111113
18460 -2.8366066066066074 -0.5536206896551723
18463 -6.164901960784314 -0.34042780748663093
18466 -3.3578049828178695 -1.3885639880952383
18468 0.14036786786786803 0.17527777777777764
18472 -3.576485507246377 -0.5465277777777777
18473 0.03403439153439147 -0.17271164021164032
18474 0.05877294685990364 -0.09191954022988513
18475 0.9460483091787442 -0.3704827586206896
18478 -6.320291891891893 -2.9970833333333333
18479 -1.3516137566137567 -0.18607142857142844
1848 -5.876063829787234 -2.349414141414141
