results/collective_fits/with_ext/sdss_sako18_mcmc_fit_class.ecsv
# %ECSV 0.9
# ---
# datatype:
# - {name: obj_id, datatype: string}
# - {name: x, datatype: float64}
# - {name: y, datatype: float64}
# schema: astropy-2.0
obj_id x y
10028 -27.06611111111111 -68.11298245614036
10036 5.097200956937799 1.4864545454545453
10037 -1.356322463768116 -0.166322463768116
1008 -3.5872843822843827 -0.5905919661733614
10096 124.79967948717947 144.7114761904762
10106 -1.1739031339031336 -0.9674033613445379
10113 -2.1536077235772355 -0.5117592592592594
10146 0.752016666666667 0.5627076923076924
10154 -0.3054285714285715 -0.21166666666666656
10299 -16.025615384615385 -4.819423076923076
1032 37.507231707317075 13.146371951219512
10324 -3.992111111111111 -1.3215555555555554
10434 -87.91309523809524 -102.94672727272727
10449 -12.336545454545455 -8.532857142857143
10450 -17.249545454545455 -2.8914141414141414
10460 0.01043543543543568 7.227807971014492
10480 5.262361111111111 3.729257246376812
10506 0.802535885167464 -0.44645454545454544
10517 0.09371657754010676 -0.0018627450980392979
10524 0.3781878306878306 -1.2326455026455023
10550 -0.7124025974025976 -0.15093073593073603
10559 3.2993790849673204 3.5948366013071897
10620 0.37936120789779326 -0.1652380952380953
10690 8.829666666666666 4.318666666666666
10805 14.341666666666661 -239.58806060606062
10843 9.657309090909092 4.138490909090909
10991 -0.7815166666666671 -0.1801833333333333
10997 -4.897164750957855 -1.3260233918128657
11026 -3.814375 -0.6299264705882351
11067 -35.64821428571429 71.49301282051282
11092 8.24967032967033 -8.719999999999999
11093 -8.941309523809524 -1.3831730769230768
11098 0.2812179487179485 -0.08231729055258441
1112 6.757624466571835 2.613648648648649
11120 694.1607051282051 393.64993506493505
11156 -0.12766666666666815 0.12333333333333307
11172 -1.7780263157894738 -1.7360263157894735
11181 10.50657142857143 -1.2777142857142858
1119 -1.5805436720142603 -0.4530926916221033
11192 0.20921568627450982 0.1410457516339867
11206 -1.697142857142857 0.08500000000000008
11300 -8.857500000000002 -7.8389999999999995
11306 -2.3827173913043485 0.12488333333333324
11311 45.20057142857142 18.323798076923076
11314 -0.022517482517482534 0.09595238095238079
11317 -0.21562499999999996 -0.13768518518518524
11370 1.048941798941799 -0.300546218487395
11452 51.49214285714285 9.688428571428572
11478 -0.861 0.1546666666666665
11518 0.5140430107526877 1.6018421052631573
11523 4.405210084033613 2.9223544973544975
11540 -5.3140909090909085 -0.0797619047619047
11557 15.017777777777777 -0.06357142857142839
11564 3.3703703703703702 3.1704901960784313
1158 -0.251599033816425 0.5176373626373627
11650 7.131 2.3705
1166 -0.7952016129032258 0.5716666666666668
11723 -0.057099567099567095 0.37571428571428545
11771 -1.0314285714285716 3.360194805194805
11858 -1.1055555555555556 -0.39416666666666655
11864 10.448988095238095 3.733095238095238
12076 -2.6218181818181816 -0.07515873015872998
12087 -0.606140350877193 -0.49749999999999994
12110 -0.7791250000000001 -0.2602083333333334
12133 3.7771666666666666 10.381666666666668
12136 -1.5432142857142859 0.8290476190476195
1214 -1.9139323671497586 -0.027637681159420335
12199 -1.8350000000000002 1.9178571428571427
12213 6.275995670995671 4.2310989010989015
12308 -6.458181818181818 -1.157987012987013
12310 -1.557087912087912 0.07880952380952388
1241 -48.70395448079658 -50.94504978662873
1253 -3.189376114081996 -0.12259358288770072
12779 -0.46852439024390247 -7.171852719229768
12780 1.7525058139534875 19.38912820512821
12781 91.10199767711963 171.40301587301587
12804 94.8345487804878 13.764814169570267
1282 -0.48593822843822854 -0.18990196078431398
12840 -0.1974947145877377 -0.13938160676532763
12841 8.885359408033827 2.6517600422832985
12843 -3.077919146825397 -1.5268023255813956
1285 -0.16545454545454552 0.514331550802139
12850 -0.505036997885835 -0.3623643410852714
12851 -0.07591163534586154 -0.2020671484492622
12852 -0.5844657375145181 -0.24077816492450654
12853 36.57096478174603 25.079837398373986
12855 -4.56273717948718 -0.8290576923076922
12856 -25.49939548022599 -4.387153846153846
12860 -2.5438316722037655 -5.039371325192221
12864 0.18770270270270206 -0.5822101449275365
12869 0.09987726475745173 0.09384180790960439
12875 -0.5009176788124157 0.22178846153846155
12879 -0.369228329809725 -0.2234143763213532
12881 10.03426229508197 12.654779069767443
12883 5.545621370499418 2.6819105691056913
12897 379.75496246246234 -17.409367816091958
12898 -9.048136557610242 -41.72996672716273
12907 -1.713131172839506 -1.808069858476363
12924 7.315868242033655 6.446249999999999
12927 86.63261040532366 35.36334992887625
12928 -0.6230549682875263 -0.9607241014799155
12930 -14.159134727061558 -2.7830662020905925
12936 0.08541375872382839 -0.11032520325203243
12939 1.6155027877339705 2.584555856669678
12940 1.3470625889046939 0.9780440967283073
12941 -1.3879139504563234 -2.042173076923077
12947 -7.699122568973314 -1.3544608879492608
12950 -37.72644144144144 -36.17313882532418
12964 0.1488461538461534 2.970844277673546
12971 -2.695508432539683 -1.174965156794425
12972 -3.7383797909407663 -0.23620209059233455
12974 -0.17391405342624855 0.0492218350754936
12977 -4.911135105204873 1.0190531561461793
12978 -14.470166666666666 -9.92579365079365
12979 0.8854865009355788 7.337823659480377
12983 1.5741753774680605 0.16068524970963982
13005 -0.7796828752642706 -1.7964395414233179
13009 -2.7109860139860147 -0.6695665961945034
13016 0.4645295983086677 0.48001057082452425
1302 -1.460096181871175 -1.0711805555555556
13025 -1.3779683195592287 3.469705696202531
13038 0.5124849849849848 -52.68115547489413
13044 -17.018720930232558 -11.374048951048952
13045 -2.094125 -0.6655128205128206
13051 -0.5654718417047186 -0.3997437402190922
13066 1.7154007936507938 0.8543650793650794
13070 41.5434623015873 33.767096399535426
13072 -5.349866071428574 -0.9571718931475028
13079 -0.3413095238095236 0.083560606060606
13096 6.640716870194483 0.30595238095238086
13099 -2.9448281596452324 -0.7212915742793793
13101 -0.09004040404040403 -0.08204830917874384
13108 12.184708333333333 0.5361141906873614
13135 4.5575231481481495 2.3746452924206665
13136 7.1989082462253196 0.30189473684210544
13147 0.1455052264808363 0.2731242740998838
13149 1.25322910578609 1.6720557491289199
13152 8.453909836065572 -1.9486346153846155
1316 -2.4557017543859647 -0.11475817923186327
13168 1.885866729530096 2.4109982174688054
13174 -6.502419354838709 -0.7552671312427409
13177 -0.10508710801393728 -0.30167247386759577
13244 -0.5489095744680852 -0.08893173758865247
13254 0.0535000000000001 1.3827250409165304
13275 0.26429704016913314 0.01606060606060611
13302 0.5684920634920635 0.8046341463414634
13305 -5.493782485875705 -0.5509679487179486
13323 0.45683535762483185 0.5507538461538459
13327 1.3587197724039815 0.2863086770981509
13329 16.924214285714285 6.751388888888888
13333 0.913968253968255 0.733105413105414
13334 0.022354312354312178 -0.28264270613107834
13336 2.1499101479915432 0.7434848484848484
13339 -0.2853131179960444 0.10541666666666627
13344 -0.5569461279461279 -0.5079354354354354
13354 228.16382154882155 75.2375
13357 39.33337837837838 -1.268584637268848
13370 -3.082104377104377 -0.7638333333333336
13378 -0.28129445234708395 -0.23849217638691322
13383 1.6010160427807483 8.394727195225915
13393 0.5698398252639243 0.5513275613275612
13411 73.92247186147186 25.68198179979778
1342 5.5383774695250105 1.5240833333333332
13423 5.827633782307972 3.6274170274170277
13425 7.0074016282225235 5.29399577167019
13429 2.0530868385345995 2.748261351052049
13441 -0.3172364864864863 -0.5273108108108108
13452 -0.28390547263681587 0.09573809523809507
13460 -1.1703252032520324 -0.27779326364692214
13465 -0.423602564102564 -0.12300641025641035
13467 38.99815151515152 154.22670728291317
13476 -1.2181858974358972 -0.2934038461538462
13477 -0.3118176538908247 -0.40383275261324036
13479 0.6744999999999999 1.3562626262626263
13487 -0.21994838494838498 -0.06681989063568006
13489 0.45042787000233786 0.3487588652482272
13491 -1.0227703900709222 0.05801418439716288
13492 0.0793979933110367 0.18518115942028968
13494 0.5996163236832928 1.0241108097636578
13495 0.5970431893687711 0.24402116402116425
13497 0.660813663781799 0.01600641025640992
13506 -0.3404736303123401 -0.39926829268292674
13507 -0.0148051948051946 0.17812367864693424
13510 -0.5941497584541062 0.006565217391304445
13511 -3.0961118012422357 -0.2927874396135264
13518 -0.5498435277382645 -0.24050497866287346
13520 -5.859836415362731 -0.8315789473684208
13529 1.5995234708392605 3.4006685633001426
13532 4.2891289198606275 0.7249593495934961
1354 2.6364206349206354 -0.09923809523809524
13545 -0.9480460426179604 -0.14011524822695054
13554 9.89798534798535 1.146725919801571
13558 -0.06583974358974365 0.07041666666666668
13578 26.07607590404583 16.139704391891893
13590 4.920337941628265 0.9012894736842103
13597 1.5518316460442447 0.1765060975609758
13610 2.06205487804878 1.1067770034843205
13615 5.850096679277007 6.360999999999999
13617 -0.36562431743720425 -0.05409227306826725
13629 -1.1614551282051282 -0.9899871794871795
13633 -0.5753601875532821 -0.17392063492063503
13641 -9.766895622895623 -1.507079365079365
13646 -1.2972564102564104 -0.5301025641025642
13649 -0.43925000000000003 -0.09310897435897436
13655 3.061010452961673 0.7010220673635308
13657 3.2648883374689825 4.111031746031746
13659 6.0804426229508195 5.446121794871795
13660 -0.13178520625889056 0.26274509803921564
13662 -0.1263653846153847 0.4679102564102564
13675 -0.1754342105263158 -0.5062499999999999
13677 4.4326346153846155 0.41554268292682905
13689 -13.134601889338732 -1.3665128205128207
13703 -8.902594246031745 -0.6281358885017423
1371 -17.0839338731444 -23.25207650273224
13716 -1.3195729402872263 0.472410714285715
13727 11.584259740259743 10.288245257452576
13729 4.753403361344538 1.6693333333333333
13732 -0.8578948737965133 -0.024736842105263168
13734 3.0159227053140096 0.1595238095238094
13736 -83.39027062190998 -5.48880487804878
13737 7.869347718253968 0.3951052631578946
13757 -4.459128378378378 -0.7786756756756756
13766 2.003558930133733 0.9745336134453781
13768 -3.0796031746031747 0.02488385598141707
1378 -0.18465079365079373 0.5288316498316497
13780 -0.27213888888888893 0.07862719298245602
13784 0.3816048387096773 -0.45415853658536576
13785 0.6213492063492062 -0.13087108013937288
13786 6.3800588837685615 1.6903252032520324
13796 335.2752488363767 105.92984797297298
13806 2.8309935897435894 0.3703333333333333
13807 -0.4804816824966077 0.1248809523809522
13813 -3.1659384893713254 -0.45622621564482024
13820 0.10005357142857108 -1.4938124999999989
13830 -1.418455128205128 -0.5431923076923076
13833 -0.45885829457364347 0.1613095238095238
13834 2.1969264069264067 1.6436363636363638
13835 -10.907230769230768 -0.5430384615384616
13836 16.948786585365855 2.022105263157895
13843 1.7752151067323476 0.6807780013413816
1385 5.6831653225806456 4.401522177419355
13859 3.47698606271777 3.312112509834776
13861 8.46375248015873 0.8534473684210524
13864 -3.660611664295875 -0.5771052631578946
13867 0.5111923076923077 -0.2379358974358976
13894 -11.982674253200567 -5.700532365396249
13896 -3.2713032786885243 -0.7552820512820513
13897 15.448109289617488 11.11625
13898 -0.5358650937689051 -0.7598648648648649
13901 -0.8073563218390805 -0.2726797385620916
13902 -0.13687687687687689 -0.2979943100995731
13903 -0.5491689189189188 -0.10098648648648667
13904 -3.851019774011299 -0.8582628205128207
13907 63.992887624466576 0.8367638691322905
13908 -0.3310556563823348 -0.3385846372688479
13909 49.779952305246425 5.091033386327503
13931 -0.17685714285714293 -0.25796296296296295
13933 -0.8389567669172932 -0.0390073529411763
13934 4.566714285714285 2.4837698412698415
13940 2.6817211131276464 1.5572747747747748
13942 0.18626739261947978 0.47310457516339866
13946 -1.1412280701754387 -0.5013300142247509
1395 -1.9990146750524111 -0.6219841269841269
13952 0.5341208791208789 2.35054945054945
13953 -0.4565256410256411 -0.5766987179487177
13956 0.026379800853485014 -0.1392247510668564
13958 -2.7962660028449497 -0.7551706970128027
13971 -0.6694294294294294 -0.45879129129129137
13996 0.051950067476382866 2.841969230769232
13998 -0.17966613672496023 2.6819365976145626
14019 -1.32346223428313 -0.16502114164904869
14024 20.99699426111908 5.538249641319941
1403 5.606619047619048 4.1439047619047615
14035 0.3447297297297298 -0.2014082503556187
14046 -0.04327322404371581 -0.02669590643274855
14074 12.758596153846153 7.270089743589744
14087 1.8928621031746031 0.30633565621370507
14093 -0.7417334264865705 0.28178151260504203
14108 -2.4642830712303425 -2.497145390070922
14113 -0.5334213098729228 -1.0562804878048784
14126 -0.41223265306122436 -0.16113333333333335
14131 -0.007959830866807627 0.000606060606060721
14137 3.4202028985507247 -0.025483091787439682
14149 3.3670566971080667 0.31596837944664014
1415 -0.6135331632653063 -1.3473084677419356
14157 -11.689921993911721 -0.7007136524822692
14173 1.8629070175438596 1.9733673469387756
14205 11.007820945945946 5.223834459459459
14206 32.83931605074462 13.393832236842107
14212 22.966483327292497 9.774843373493976
14227 -0.04286071113723189 -0.003321904761904637
14231 6.432202233250621 -0.8191299019607843
14250 -1.435429487179487 -0.3105641025641024
14258 13.87017857142857 2.2885383064516125
14260 1.3445519203413934 4.422588904694168
14261 11.760666666666665 0.9903333333333333
14268 17.701845130066545 8.640113798008535
14279 5354.395204301075 1886.9355887681156
14284 120.6237786885246 60.21535897435897
14298 -6.908576248313091 -0.39653627311522066
14303 0.2728311918475854 0.5441163003663002
14304 0.8713839701770736 0.025087719298245492
14305 0.7461509785647711 -0.09270270270270264
14308 -0.35682142857142884 -0.11968253968253961
14311 0.6691076923076924 1.1662307692307694
14317 7.463887733887731 -12.86435
14318 16.031636363636366 -1.9825
14322 7.2640398293029875 -0.000526315789473597
14327 -1.0027486338797815 0.1763157894736842
14330 0.16379800853485094 8.090504978662874
14331 -4.595096793708408 -0.40891891891891907
14333 -6.311785714285715 -0.11869841269841275
14340 -0.6613174603174601 5.816293650793651
14342 -0.21666969147005455 0.047091503267973844
14343 -3.711554054054054 -0.6400825825825827
14346 -0.24614207650273245 -0.052525641025640946
14347 -0.5818378378378379 -1.2241516516516515
14357 4.013467948717949 2.193333333333333
14361 -0.3572884615384614 -0.28741666666666676
14372 14.286272134203168 2.6622807017543857
14375 31.294338549075395 17.412588904694168
14377 -15.3751280227596 -1.6100213371266003
14382 -0.27512387096774216 0.18188414634146333
14389 3.1049107142857135 1.6993245967741935
14397 -0.9460931174089068 0.18549707602339172
14403 -3.086706970128022 0.13458036984352773
14421 95.4735346215781 15.34695238095238
14425 1.399824561403509 2.9610241820768133
14429 0.13921911421911437 1.4648039215686275
14430 -0.18838794926004243 -0.1571969696969696
14437 178.9098065268065 61.80951902748414
14438 -5.087357723577236 -0.5647444831591174
14444 -2.459332837301587 -0.2638269454123112
14445 -0.7459535519125683 -0.275032051282051
14446 -1.407224358974359 -0.02162179487179494
14451 90.26976801732137 32.96810714285714
14452 -0.10292741935483884 0.37758333333333316
14453 3.1478122843340235 2.583967479674797
14455 0.25914473684210515 -0.3741160593792173
14456 -0.5933873873873875 -0.24125225225225222
14463 -4.325 -0.7623186344238975
14467 -0.1904212454212455 -0.3329047619047619
14470 6.987250000000003 14.850114566284777
14478 -0.05787375415282381 0.0072727272727270975
14480 1.3925 2.7322083333333333
14481 -2.232454044117647 -0.27741685144124184
14491 -0.5118465810482471 0.5196969696969698
14496 2.9561601402688495 1.1280064102564107
14498 -0.3468466898954704 -0.3401742160278747
14500 -0.38208333333333333 0.3270263157894736
14522 -0.7265716870194482 0.45885714285714274
14523 0.2098414918414918 -0.23192917547568714
14524 -1.1847429078014184 -0.3048226950354611
14525 -0.054484126984126746 -1.4742267267267268
14528 7.116479374110953 1.6303508771929824
14531 7.8176587301587315 2.381604010025062
14539 11.188834586466166 2.7398587933247756
14540 -8.295085365853657 -0.5458292682926831
14545 18.807283072546234 4.228122332859175
