results/collective_fits/with_ext/sdss_sako18_mcmc_fit_class.ecsv
# %ECSV 0.9
# ---
# datatype:
# - {name: obj_id, datatype: string}
# - {name: x, datatype: float64}
# - {name: y, datatype: float64}
# schema: astropy-2.0
obj_id x y
[from data line 1078]
18751 24.060909090909092 94.07493197278912
18761 0.08841555977229598 1.0181214421252374
18767 7.192872983870968 4.527832661290322
18768 -5.16698596491228 -0.8146650717703352
18782 -1.6005376344086022 -0.17802150537634387
18787 -4.89950771798081 -0.7995256166982923
18789 -1.8301512096774195 -0.35618371212121214
18797 12.330569385593222 4.469051282051282
18800 -0.1701310483870967 -0.2862499999999999
18802 -0.06425996204933593 -0.18210784313725492
18803 2.3709960258320915 1.047568306010929
18804 -28.81796734693878 -1.2657007575757575
18807 -12.955749999999998 -1.557307692307692
18809 -5.736111111111111 -24.008428571428574
18824 -1.4299999999999997 -0.6657378048780488
18827 -9.147030303030304 -1.9659392789373809
18835 -40.06377777777779 -63.50062745098039
18836 -0.5297165991902835 -0.31036437246963555
18839 -0.5395251058681185 0.8937867647058824
18851 -0.508990486257928 -0.26934848484848484
18855 -27.014861111111113 -10.174910714285701
18890 2.981876923076923 9.985077519379846
18903 4.599288461538462 5.621430769230768
18907 7.547060606060605 3.647420634920635
18909 -20.88210960960961 0.011721014492753645
18917 -0.9069004329004329 -0.060637362637362635
18920 0.9386689814814813 0.4858392857142857
18927 2.2526105442176876 15.35461693548387
18940 95.46377842283503 29.547571428571427
18941 -0.32253367003367006 -0.11189655172413782
18942 -1.1223039215686277 0.15662500000000001
18943 -1.6288823529411767 -0.30982352941176483
18945 48.89137931034483 11.526827586206897
18947 10.901318785578749 3.7617836812144207
18948 4.258270944741533 3.699509803921568
18952 10.429516129032258 5.338064516129032
18953 0.09794871794871796 0.964999999999999
18954 1.611071428571428 1.8130000000000024
18959 -0.7033549783549775 -3.7680000000000042
18961 -0.9657816091954022 0.4651098901098901
18965 7.402101063829786 23.323316532258065
18971 -0.582566844919786 1.8046702317290553
18972 0.23429956896551718 -0.1983836206896552
18973 1.691253101736973 -0.07440277777777782
18990 4.748787878787879 3.408725490196078
18993 16.844915384615383 11.349420677361854
19000 70.36677011494253 22.680505747126436
19002 -13.46903439153439 2.537751322751323
19003 -33.856364764267994 -134.6005
19008 -2.376782051282051 -1.064646153846154
19013 0.21148148148148138 -0.1366666666666666
19014 0.19428571428571428 -0.24321428571428583
19023 35.5425 19.36987556561086
19025 4.318752380952382 1.5241666666666664
19027 -2.0419708994708996 -0.5242063492063492
19029 -2.644656084656085 -0.9895238095238095
19030 -0.37589743589743585 -0.25152307692307696
19032 13.266700000000002 11.946794871794872
19033 0.8933 -0.25595238095238093
19048 -0.3376058201058201 0.9100661375661379
19051 -7.442726530612244 7.286420408163265
19052 3.9950362318840584 -0.3501811594202898
19059 0.43105584884690185 -0.157301747311828
19067 -2.2519576719576717 -0.584457671957672
19068 -0.7849175824175827 0.9081333333333335
19069 1.9350342589253513 1.1424695340501791
19070 5.168087855297157 0.41384615384615375
19072 1.5854345238095235 2.5550808625336927
19078 -0.3047683369644154 0.24522962962962946
19088 -0.2939384615384615 0.752646153846154
19091 0.09440476190476188 0.02051282051282055
19099 2.108846153846154 2.9002842809364546
19101 -6.245127627627626 -0.5884420289855073
19104 -0.5473719806763284 0.6297802197802198
19128 59.723 18.153263157894738
19132 4.959193121693122 0.17948717948717952
19144 5.197218487394958 2.202801587301587
19149 232.01834900117512 78.59933333333333
19155 -297.7098924731183 -143.67158392434987
19165 0.046624319419237725 0.3584640522875815
19174 -8.056971014492753 30.924183467741937
19175 4.944333333333333 1.1186858573216523
19180 4.973364705882354 3.689028520499109
19188 4.076083333333334 1.745166666666667
19205 -7.229396628216504 -1.4186069210292813
19207 1.0531034482758619 9.73019540229885
1921 0.15736958546809499 -0.11421929824561405
19211 3.096783559577677 0.11033333333333328
19212 1.7630424242424243 4.973100490196079
19220 -7.886923076923078 -0.8146166666666667
19230 30.083377630121813 16.922857142857143
19246 -0.874264367816092 -0.3208735632183908
19274 -1.266457142857143 -0.5879
19282 -26.19387921022068 1.9860714285714285
19308 -0.013494983277592132 1.0054487179487177
19317 0.35690476190476206 -0.3200925925925924
19322 -3.274170437405731 2.8001158645276294
19332 -0.1563071895424839 0.13984848484848467
19334 0.11445767195767176 -0.18595238095238098
19335 -0.42314814814814805 -0.4002962962962966
19336 0.8349206349206351 2.107494252873563
19338 0.7193650793650794 -0.10064814814814826
19339 -0.22271164021164025 -0.4867857142857144
19341 0.4157352941176473 0.6793939393939397
19344 -0.32935828877005346 3.9339772727272733
19346 2.414999999999999 2.0276666666666667
19347 -3.4363810483870973 -0.6677217741935482
19350 -0.5278582930756843 -0.06671428571428595
19352 -0.12461904761904741 -0.30988888888888877
19353 -65.24933333333334 7.210138888888885
19359 -0.8904044117647061 -1.1243636363636362
19361 0.26501326259946967 0.26455555555555565
19365 -1.1848588709677421 0.5240952380952382
19377 -2.1205788177339904 0.48756410256410243
19381 -12.70915915915916 -0.9334923076923074
19389 -0.09618493909191539 0.4841666666666665
19399 -1.88271978021978 -0.37316375198728147
19408 2.553916666666667 1.023076923076923
19414 -0.23925925925925928 0.19277777777777771
19417 1.2260769230769233 -1.7428153846153847
19424 -1.625515873015873 -0.1191666666666667
19425 0.06276923076923091 1.9857076923076922
19434 -0.055309523809523586 -0.6886594202898553
19449 -0.6845714285714285 -0.9622857142857143
19459 -0.45322916666666657 0.3678125
19461 -0.6517780172413794 -0.34020833333333333
19467 7.906632558139536 2.281886446886447
19468 0.9342051282051282 -0.4215833333333332
19484 -0.8338104838709678 0.10699596774193565
19490 -1.0942513368983957 -0.17803921568627468
19492 -0.13538359788359788 1.3759126984126984
19494 0.5226091954022988 -0.08429885057471276
19499 -2.250127436281859 -0.21844444444444444
19501 8.457153846153847 15.913923076923076
19517 0.9571544715447156 3.259629629629629
19518 3.8181372549019605 1.7916031746031744
19523 -0.4476104053236538 -0.20620915032679732
19531 -1.9315384615384619 0.3348923076923076
19543 -18.158738461538462 -12.319371794871794
19545 -1.7735449735449733 0.815568783068783
19552 4.624833333333334 0.8691666666666669
19555 1.1252916666666657 0.06439393939393945
19556 25.71335685483871 5.8154334677419355
19557 -0.9462499999999991 0.26083333333333325
19559 -0.9325296442687747 0.6015384615384616
19565 0.1744079939668186 -10.854491978609587
19573 9.799407407407406 1.86
19575 -0.5706410256410257 -0.19756410256410262
19582 0.06929230769230754 0.003076923076922977
19593 -2.432499999999999 2.612
19596 -4.520276923076923 -0.4283076923076924
19604 -0.9374615384615386 0.40753846153846174
19616 -61.64114164904863 -0.902505747126437
19619 -0.8592338709677421 -0.17436491935483867
19625 -1.2423387096774192 -0.22135080645161298
19626 -43.794411764705885 -11.083468599033818
19632 -2.1135282258064514 -0.576844758064516
19636 39.52075573549257 19.34303333333333
19652 -0.019901960784313832 -0.20982213438735187
19658 -41.811403162055335 -0.24877470355731224
19668 -2.964504109589041 -0.19608695652173913
19689 4.469225609756097 3.828720430107527
19690 -0.6391503267973855 -0.43833333333333346
19702 -5.244061538461538 -0.44258461538461513
19708 -6.645714285714286 -0.8058850574712643
19723 -2.932227053140097 -0.7474541062801932
19742 -0.9674818840579711 0.7100905797101444
19757 -2.2991993464052287 0.6860000000000002
19758 -0.8424774774774777 0.7253636363636362
19762 -0.4712121212121212 0.1070000000000002
19764 0.45382051282051283 1.2141666666666666
19769 30.079502164502166 -1.4088744588744588
19775 127.87922101449277 53.10980072463768
19776 6.5703465003465 4.015716666666666
19778 -4.666535947712418 0.9399999999999997
1978 0.014118065433854854 -0.6022403982930298
19784 0.2600904866715579 0.4217458970005661
19787 0.5263269230769232 4.367276923076923
1979 -0.3533783783783784 0.18991465149359898
19791 -0.5419499999999999 -0.1841025641025641
19794 11.530982905982906 4.375099715099715
19804 11.181687370600415 5.9010740740740735
19818 3.1503655913978497 5.380494623655914
19821 4.599026315789474 7.54821052631579
19825 -2.1463118279569895 0.538
19848 18.914687500000003 6.048958333333333
19899 -407.80128205128204 3561.3664743589748
1991 -0.4727179487179488 -0.2627307692307692
19913 -15.08121212121212 -2.4876190476190474
19940 -57.15979689366787 -13.791529411764706
19953 -108.25861842105263 84.73079999999999
19968 -95.29647058823531 -168.20279310344827
19969 -16.354109890109893 -4.106070234113712
1998 0.1968306878306878 0.23865384615384588
19986 1.764502314814815 6.0185703812316715
19990 -5.25122988505747 -0.8394482758620689
19992 -13.387614379084967 -2.2440522875816993
20033 54.66936454849498 12.863394648829432
20039 -14.459454545454545 -2.1804545454545456
20040 -8.943354978354979 -0.7898917748917749
20043 -1.4426153846153849 -0.04076923076923089
20046 -8.734476923076922 -1.2241999999999997
20047 -0.4402344632768358 0.0033128078817733497
20048 -8.325125448028674 -2.1541176470588237
20051 -11.340718954248365 19.342984189723317
20064 -46.85963157894737 -33.160471264367814
20065 -0.03741532976827111 0.28068627450980377
20084 -2.04178947368421 -1.379631578947368
20088 -5.4906432748538005 20.616510638297875
20090 -3.3220202020202017 -1.7271212121212123
20097 -6.507395577395578 -0.9698809523809523
20104 -0.7074861572535991 -0.24562169312169302
20106 13.422705627705628 1.6279437229437232
20111 36.04557932263815 12.235757575757576
20125 -9.051797101449276 -0.8865423387096774
20128 -1.2570813397129186 -0.2614848484848489
20141 23.12712121212121 6.313116883116884
20142 -9.132635327635327 -0.9664814814814813
20144 -22.815380952380952 -0.38014619883040934
20152 27.600602006688963 11.54551839464883
2017 -2.3603253968253965 -0.5272460317460318
20171 0.2820669934640523 -0.532111111111111
20183 0.5926262626262626 0.13284584980237146
20184 -4.2879 2.956999999999999
20185 -4.651304347826088 -1.6596153846153847
20186 -2.3776839826839824 2.381233766233766
20191 -0.3197788697788697 -0.9520512820512821
20208 0.3273411371237458 4.05328320802005
20217 -1.3250078492935633 -0.6498273155416012
20227 -7.155605263157894 -0.9354210526315792
20231 -2.081969696969697 0.06899999999999995
20232 -7.265689655172414 -1.6450000000000002
20245 -2.807842105263158 1.3029473684210526
20257 -1.127876923076923 -0.0786
20262 0.29800865800865806 -0.025019762845849725
20267 -1.083355855855856 0.33672727272727254
20268 0.32293719806763277 0.5501648351648352
20272 11.027270833333333 2.9397916666666664
20273 -0.6185269778219136 0.7649305555555554
20276 4.304666666666662 1.7221111111111114
20278 -0.6108116883116885 -1.528276397515528
2030 1.3119976771196287 1.8966931216931213
2031 -26.582613122171946 -3.4552049910873444
20316 -2.2979763593380613 3.404956989247312
20319 -9.89544444444445 1.3518888888888885
20323 8.853635294117646 5.202781818181819
20331 21.987022988505746 4.047552631578947
20345 83.62923684210526 12.94907894736842
20350 -0.5853947368421051 -0.5158684210526316
20364 -5.672729166666667 2.6158809523809525
20376 1.9616021505376344 -1.6056052631578945
20386 -2.344909420289855 -0.7365942028985506
20391 11.716568627450982 0.8941830065359482
20394 -0.5775543478260867 0.060833333333333295
20397 35.364499151103566 20.760333333333335
20399 -1.0701827956989247 -0.08352631578947356
20400 -2.264771241830065 -0.8630718954248366
20408 0.032584615384615434 -0.2810256410256411
2041 5.904233449477351 0.726381461675579
20411 13.336572890025577 7.572964426877471
20430 -8.767045454545457 -0.6105238095238099
20431 0.5844923076923076 0.2931076923076923
20432 25.55409420289855 7.305217391304348
20434 6.454526315789472 5.004368421052632
20435 -2.1190263157894744 -1.0277894736842104
20447 -1.9952552552552554 0.6206363636363637
20467 -7.691760869565217 -0.9441071428571429
20470 -67.21828947368421 -11.317533333333332
20476 -2.7556296656929558 0.6992232277526389
20480 -0.2015476190476193 0.11854700854700839
20489 -0.6005544354838711 0.37690476190476196
20491 -3.3073333333333337 17.431541666666668
20497 -0.829476923076923 -0.21910256410256412
20501 0.08641129032258066 -0.5614583333333332
20514 8.874948979591839 0.9614761904761905
20517 0.9519354838709679 3.038958333333334
20528 -7.5699013157894735 -6.409382352941177
20533 25.36558823529412 2.4377573529411762
20541 11.121286549707602 5.756052631578947
20542 -4.885098039215686 -0.1444019138755981
20545 0.8643737373737375 -0.2967698412698412
20553 23.435 7.277355769230769
20557 -2.0283478260869563 0.3326373626373629
20558 4.34048128342246 0.683888888888889
20560 20.570191637630664 0.9413157894736841
20562 4.58515056022409 2.30437675070028
20572 14.80716577540107 3.5683597883597886
20575 -2.4618637992831545 57.8464705882353
20578 -1.037536231884058 -0.6764492753623186
20580 -0.3507692307692307 -0.009545454545454524
20581 84.3226515151515 26.719571428571427
20588 0.5997233201581027 0.4138339920948617
20590 -0.04593395252837973 -0.2047527910685807
20591 1.1471428571428572 -0.12357142857142855
20592 4.658171428571429 4.097944297082229
20596 3.123431085043989 16.630142857142857
20601 0.65 -0.0831316489361702
20608 4.703749999999999 -0.5609538461538461
20613 18.19443722943723 0.11255555555555552
20625 -1.4599411764705863 94.88824074074074
20639 -0.4063305322128852 0.11023809523809525
2064 -0.35239441930618387 -0.027291666666666714
20663 -1.8878260869565215 -0.12122529644268776
20678 -4.300909090909091 -0.08900432900432909
20685 -0.6794982993197278 0.006380952380952376
20687 0.28330107526881676 -1.6033947368421053
20690 1.8098157894736842 -0.12233333333333363
20704 0.7619642857142856 1.4260119047619044
20709 -0.23021505376344087 0.6240277777777778
20719 -0.6135747126436786 -0.08527472527472546
20721 -0.4907539682539688 -0.10467320261437918
20722 41.218970588235294 7.930808823529411
20723 3.049007936507936 0.5353846153846155
20725 -0.7758809523809509 -0.5681190476190476
20726 2.0959090909090907 0.2551190476190479
20727 -1.3263157894736843 -0.6409411764705881
20744 32.86734848484848 11.872575757575756
20750 16.87855555555555 -0.9532222222222213
20757 -0.4236413043478259 -0.24829999999999997
20759 2.6143666666666667 0.20801282051282055
20764 -18.861633333333334 28.85323529411765
20768 21.725862068965515 8.506333333333334
2078 9.488065433854908 3.5006970128022763
20787 10.842065217391305 5.415815217391304
20788 -1.4296602564102563 0.5109090909090912
2079 -0.36046230440967286 -0.012773826458036819
20791 -1.6053804347826088 -0.5596014492753624
20805 -1.3805 -0.2687894736842107
2081 -2.2660099573257466 4.151273115220484
20821 12.247057471264368 -0.24989473684210517
20825 5.937754385964912 2.6580555555555554
20828 0.8587368421052632 1.5441052631578946
20829 -7.2621153846153845 -0.8662820512820512
20830 7.85404761904762 2.9045604395604396
20834 -1.864134199134199 -0.5431318681318682
20842 -1.0698268398268396 -0.23538961038961026
20844 0.3338039215686277 0.4475
20862 87.62659090909091 19.31257575757576
20867 2.149166666666667 0.9195833333333332
20870 -3.8654761904761896 -1.0158441558441555
20877 -1.9636250000000002 0.37554166666666644
20882 23.808784615384617 6.326116666666667
20889 0.06541218637992818 1.3881470588235294
20891 -0.47050167224080264 -0.3668162393162393
20895 1.8577777777777778 -0.33166666666666655
20896 -3.3335307017543863 -0.9774122807017542
20915 1.1285984848484847 0.026684782608695556
20916 8.468028571428572 1.9151285714285713
20917 0.911904761904762 -0.21527777777777768
20920 0.06187290969899695 1.1851428571428573
20921 0.24666118421052619 0.3513513513513514
20923 0.2601182795698924 -0.3029334677419353
20926 2.117676767676768 1.0885119047619045
20928 -2.1234963768115938 0.1344545454545455
20932 -1.5021428571428572 -0.034211764705882164
20934 23.697791666666667 15.816
20936 -0.13932971014492734 0.04409090909090896
20953 -0.19389423076923085 -1.2150595238095236
20961 0.9050216450216451 0.5978787878787877
20964 -0.5296296296296297 -0.02401960784313739
20965 5.7521505376344075 0.5963888888888889
