results/collective_fits/with_ext/sdss_sako18_mcmc_fit_fits.ecsv
# %ECSV 0.9
# ---
# datatype:
# - {name: obj_id, datatype: string}
# - {name: message, datatype: string}
# - {name: band, datatype: string}
# - {name: source, datatype: string}
# - {name: pre_max, datatype: int64}
# - {name: post_max, datatype: int64}
# - {name: vparams, datatype: string}
# - {name: t0, datatype: float64}
# - {name: z, datatype: float64}
# - {name: c, datatype: float64}
# - {name: amplitude, datatype: float64}
# - {name: x1, datatype: float64}
# - {name: mwebv, datatype: float64}
# - {name: t0_err, datatype: float64}
# - {name: z_err, datatype: float64}
# - {name: c_err, datatype: float64}
# - {name: amplitude_err, datatype: float64}
# - {name: x1_err, datatype: float64}
# - {name: mwebv_err, datatype: float64}
# - {name: chisq, datatype: float64}
# - {name: ndof, datatype: float64}
# - {name: b_max, datatype: float64}
# - {name: delta_15, datatype: float64}
# meta: !!omap
# - band_names: !!python/tuple [sdss_sako18_u1, sdss_sako18_u2, sdss_sako18_u3, sdss_sako18_u4, sdss_sako18_u5, sdss_sako18_u6, sdss_sako18_g1,
#     sdss_sako18_g2, sdss_sako18_g3, sdss_sako18_g4, sdss_sako18_g5, sdss_sako18_g6, sdss_sako18_r1, sdss_sako18_r2, sdss_sako18_r3,
#     sdss_sako18_r4, sdss_sako18_r5, sdss_sako18_r6, sdss_sako18_i1, sdss_sako18_i2, sdss_sako18_i3, sdss_sako18_i4, sdss_sako18_i5,
#     sdss_sako18_i6, sdss_sako18_z1, sdss_sako18_z2, sdss_sako18_z3, sdss_sako18_z4, sdss_sako18_z5, sdss_sako18_z6]
# - lambda_eff: !!python/tuple [3551, 3551, 3551, 3551, 3551, 3551, 4686, 4686, 4686, 4686, 4686, 4686, 6166, 6166, 6166, 6166, 6166,
#     6166, 7480, 7480, 7480, 7480, 7480, 7480, 8932, 8932, 8932, 8932, 8932, 8932]
# - {fit_func: mcmc_fit}
# - {out_path: /global/u1/d/djp81/Photometric-Classification/results/collective_fits/with_ext/sdss_sako18_mcmc_fit_fits.ecsv}
# schema: astropy-2.0
obj_id message band source pre_max post_max vparams t0 z c amplitude x1 mwebv t0_err z_err c_err amplitude_err x1_err mwebv_err chisq ndof b_max delta_15
10028 NONE all hsiao_x1 90 15 t0,amplitude,x1 2453694.0651438013 0.064256 "" -4.552183481311732e-05 -0.11020291536025895 0.02171205179254163 1.2757768544236798 "" "" 0.00020692615777402233 0.11139334965369015 "" 39023.84 32.0 -15.75 1.259
10028 NONE blue hsiao_x1 36 6 amplitude,x1 2453694.0651438013 0.064256 "" -0.00021004001927806893 -0.13350014117817643 0.02171205179254163 "" "" "" 9.137513874055516e-07 0.007963575127202733 "" 41.9 12.0 -19.07 1.311
10028 NONE red hsiao_x1 54 9 amplitude,x1 2453694.0651438013 0.064256 "" -0.0002243114358031287 -0.07719845309976357 0.02171205179254163 "" "" "" 7.762401699771729e-07 0.009352007962365304 "" 135.16 19.0 -19.21 1.191
10028 NONE all sn91bg 90 15 t0,amplitude,x1,c 2453695.546746857 0.064256 0.05845675767334814 1.482331889078713e-15 1.0064457358281733 0.02171205179254163 0.9221165743181245 "" 0.11210144633969868 2.896342648498933e-16 0.20810269929146974 "" 6202.5 26.0 -18.52 1.654
10028 NONE blue sn91bg 36 6 amplitude,x1,c 2453695.546746857 0.064256 0.008836446543651405 1.857398202233714e-15 1.2480271730641224 0.02171205179254163 "" "" 0.008981888970705093 2.879469006669153e-17 0.0018971055175175868 "" 275.02 9.0 -19.05 1.447
10028 NONE red sn91bg 54 9 amplitude,x1,c 2453695.546746857 0.064256 0.002221074411637275 1.2516619665156349e-15 0.9883264068286015 0.02171205179254163 "" "" 0.0024507145407576723 2.8897407579641863e-16 0.2583270469277409 "" 1128.4 15.0 -18.42 1.674
10036 NONE all hsiao_x1 85 20 z,t0,amplitude,x1 2453686.6551574743 0.3382304884537797 "" 4.400224216625198e-06 -0.08880358223271106 0.02307159784371504 4.771143586349179 0.0953458208587568 "" 2.657346623453478e-05 0.2173733066222013 "" 245.06 56.0 -14.64 1.215
10036 NONE blue hsiao_x1 34 8 amplitude,x1 2453686.6551574743 0.3382304884537797 "" 1.3990436893467332e-05 -0.15089935780146008 0.02307159784371504 "" "" "" 2.721242927104224e-05 0.12905812186307855 "" 129.09 22.0 -17.15 1.351
10036 NONE red hsiao_x1 34 8 amplitude,x1 2453686.6551574743 0.3382304884537797 "" 6.435214453241727e-06 0.016585980743243304 0.02307159784371504 "" "" "" 2.930401580606909e-05 0.1488961360177027 "" 61.5 22.0 -15.46 1.023
10036 NONE all sn91bg 85 20 z,t0,amplitude,x1,c 2453685.13398215 0.11214856627560642 0.2719020110555432 4.8241850142404143e-17 1.17422315940897 0.02307159784371504 0.9453092340345401 0.04511557176330852 0.16917037636030374 1.0387630173182463e-17 0.06337073108234091 "" 54.97 50.0 -15.8 1.501
10036 NONE blue sn91bg 34 8 amplitude,x1,c 2453685.13398215 0.11214856627560642 0.6715472700362538 1.3043309350814515e-16 1.0655524733553565 0.02307159784371504 "" "" 0.2685862700205906 6.479810057230007e-17 0.11764412379848738 "" 14.64 19.0 -16.02 1.594
10036 NONE red sn91bg 51 12 amplitude,x1,c 2453685.13398215 0.11214856627560642 0.19569736589895173 4.369080421142637e-17 1.192493340178414 0.02307159784371504 "" "" 0.17173226057312663 7.250722789582443e-18 0.050432058902346165 "" 39.27 30.0 -15.86 1.487
10037 NONE all hsiao_x1 75 30 t0,amplitude,x1 2453687.869927206 0.252461 "" -4.5039336043908554e-05 -0.11848388644859933 0.06165729747976581 0.5508203819443955 "" "" 3.0594061972083716e-06 0.07051353256085803 "" 81.8 62.0 -18.95 1.277
10037 NONE blue hsiao_x1 30 12 amplitude,x1 2453687.869927206 0.252461 "" -4.278052030456423e-05 -0.09477664171832915 0.06165729747976581 "" "" "" 1.990920113485117e-06 0.06238831134058763 "" 14.29 24.0 -18.84 1.227
10037 NONE red hsiao_x1 30 12 amplitude,x1 2453687.869927206 0.252461 "" -5.036229053996131e-05 -0.008042835817523719 0.06165729747976581 "" "" "" 3.215778102519934e-06 0.1398420703322131 "" 33.49 24.0 -19.2 1.064
10037 NONE all sn91bg 70 35 t0,amplitude,x1,c 2453686.3847852615 0.252461 0.027954672240871697 7.086421156643294e-17 1.1917692942112788 0.06165729747976581 0.583345604247978 "" 0.027396712413768683 6.2257732273906756e-18 0.05155273050464163 "" 113.31 61.0 -18.65 1.487
10037 NONE blue sn91bg 28 14 amplitude,x1,c 2453686.3847852615 0.252461 0.036659425265780914 8.773693424694615e-17 1.1402835160464644 0.06165729747976581 "" "" 0.031836775531520624 1.1287388582555111e-17 0.06556488967146927 "" 44.89 23.0 -18.83 1.529
10037 NONE red sn91bg 28 14 amplitude,x1,c 2453686.3847852615 0.252461 0.6197681358537693 1.0426405108429458e-16 1.1073975818235073 0.06165729747976581 "" "" 0.26923557198153814 2.4529754187932618e-17 0.09950028388167494 "" 35.92 23.0 -17.86 1.556
10066 "No data points with S/N > 5.0. Initial guessing failed." "" "" "" "" "" "" "" "" "" "" "" "" "" "" "" "" "" "" "" "" ""
1008 NONE all hsiao_x1 5 109 t0,amplitude,x1 2453624.4944081525 0.225039 "" 5.241941930564504e-05 0.011917264086791671 0.02141162693664113 4.975618296042824 "" "" 3.051922023849524e-05 0.19526627848759004 "" 502.7 111.0 -19.0 1.031
1008 NONE blue hsiao_x1 3 65 amplitude,x1 2453624.4944081525 0.225039 "" 6.556597134463737e-05 -0.0227116511889279 0.02141162693664113 "" "" "" 1.145438374253364e-06 0.03472256268767037 "" 88.01 66.0 -19.49 1.089
1008 NONE red hsiao_x1 2 44 amplitude,x1 2453624.4944081525 0.225039 "" 6.39143597036802e-05 0.17401979495005673 0.02141162693664113 "" "" "" 1.9995958037342793e-06 0.08364780875539841 "" 51.72 44.0 -19.43 0.809
1008 NONE all sn91bg 5 109 t0,amplitude,x1,c 2453623.1843988732 0.225039 0.10336621552507107 1.5551303546441e-16 1.189702102905818 0.02141162693664113 0.8168206854146991 "" 0.1507112202448122 2.1863528289209276e-17 0.06312626314540046 "" 674.39 110.0 -19.09 1.489
1008 NONE blue sn91bg 3 65 amplitude,x1,c 2453623.1843988732 0.225039 0.004873727243236186 1.7352415887743557e-16 1.2376722897923615 0.02141162693664113 "" "" 0.0050852399482816035 4.8030112085609164e-18 0.01136868394305974 "" 319.85 65.0 -19.42 1.454
1008 NONE red sn91bg 2 44 amplitude,x1,c 2453623.1843988732 0.225039 0.30028150079832117 1.2211144302513537e-16 1.2206478427712626 0.02141162693664113 "" "" 0.24144246678516648 2.187882886464394e-17 0.025342023705242977 "" 75.94 43.0 -18.46 1.466
10096 NONE all hsiao_x1 98 15 t0,amplitude,x1 2453693.7893581633 0.076658 "" -4.039590828078525e-07 -0.1269308290570644 0.023565475125899158 0.7240512087947752 "" "" 0.00010202008010167649 0.06511556384555545 "" 5126.45 35.0 -5.89 1.296
10096 NONE blue hsiao_x1 39 6 amplitude,x1 2453693.7893581633 0.076658 "" 1.3976857244026287e-07 -0.10457531313035892 0.023565475125899158 "" "" "" 8.943725600238676e-05 0.021628238777767962 "" 1716.31 13.0 -3.59 1.247
10096 NONE red hsiao_x1 59 9 amplitude,x1 2453693.7893581633 0.076658 "" -2.281308282536738e-05 -0.07446986499349251 0.023565475125899158 "" "" "" 0.00011371997157872122 0.07182181246314417 "" 3159.46 21.0 -14.65 1.186
10096 NONE all sn91bg 103 10 t0,amplitude,x1,c 2453694.3504124135 0.076658 0.02253610141260565 3.03488331002111e-16 1.2442721467985218 0.023565475125899158 0.3991220579864439 "" 0.07136075873296792 1.4574868745746345e-17 0.006961064771589154 "" 264.01 34.0 -17.46 1.45
10096 NONE blue sn91bg 41 4 amplitude,x1,c 2453694.3504124135 0.076658 0.27678644045215023 6.122339999971612e-16 1.2417141856601221 0.023565475125899158 "" "" 0.17060756711577038 1.9901034785736098e-16 0.007957209486253055 "" 86.69 12.0 -17.72 1.451
10096 NONE red sn91bg 62 6 amplitude,x1,c 2453694.3504124135 0.076658 0.05000632811381099 2.917948283312426e-16 1.2441073108248983 0.023565475125899158 "" "" 0.04494580432054602 1.022007604360059e-17 0.005369158987924901 "" 114.78 20.0 -17.37 1.45
10106 NONE all hsiao_x1 203 30 t0,amplitude,x1 2453695.407338616 0.146889 "" 1.4933075227576048e-05 0.005209317800945307 0.06309012050667637 7.176160720699596 "" "" 5.982491114263545e-05 0.40568270142236784 "" 4405.39 87.0 -15.24 1.042
10106 NONE blue hsiao_x1 121 18 amplitude,x1 2453695.407338616 0.146889 "" 6.573098293951068e-05 0.002330587672301259 0.06309012050667637 "" "" "" 6.184359501501786e-07 0.021541640362445005 "" 173.66 52.0 -18.46 1.046
10106 NONE red hsiao_x1 82 12 amplitude,x1 2453695.407338616 0.146889 "" 7.43913705046919e-05 0.11991600056357166 0.06309012050667637 "" "" "" 1.3067686444674107e-06 0.04906508667909687 "" 29.61 34.0 -18.73 0.875
10106 NONE all sn91bg 198 35 t0,amplitude,x1,c 2453693.6752518527 0.146889 0.017305642598667098 1.3806503030326737e-16 1.2464611332394349 0.06309012050667637 0.3042716692280865 "" 0.03519038578546686 4.71107200344823e-18 0.003976972016130083 "" 522.9 91.0 -18.13 1.448
10106 NONE blue sn91bg 118 21 amplitude,x1,c 2453693.6752518527 0.146889 0.004128174782375869 1.6352856542342965e-16 1.2452923602389154 0.06309012050667637 "" "" 0.003777081340358189 2.9460372656955936e-18 0.004506032939975989 "" 243.73 54.0 -18.33 1.449
10106 NONE red sn91bg 80 14 amplitude,x1,c 2453693.6752518527 0.146889 0.28384281477585116 1.2302959583988706e-16 1.2335635733723447 0.06309012050667637 "" "" 0.2189500199938919 1.7736459336063353e-17 0.014803583444924232 "" 64.34 35.0 -17.48 1.457
10113 NONE all hsiao_x1 98 15 z,t0,amplitude,x1 2453691.7076047184 0.2697209464839544 "" -1.5077325835364896e-05 0.09309726365271194 0.08663289777106634 4.584653077286253 0.09061606805579983 "" 3.8602659317160317e-05 0.2280228262823581 "" 630.74 60.0 -16.74 0.911
10113 NONE blue hsiao_x1 40 6 amplitude,x1 2453691.7076047184 0.2697209464839544 "" -4.459474606276609e-05 0.2664952633701322 0.08663289777106634 "" "" "" 1.315942740709614e-06 0.0668165635549585 "" 37.57 24.0 -19.1 0.711
10113 NONE red hsiao_x1 39 6 amplitude,x1 2453691.7076047184 0.2697209464839544 "" -4.5099094010779314e-05 0.30371616295639126 0.08663289777106634 "" "" "" 2.2131812293166356e-06 0.12405733502382328 "" 18.66 24.0 -19.12 0.675
10113 NONE all sn91bg 84 29 z,t0,amplitude,x1,c 2453681.9039019425 0.22500354737894185 0.549994219643176 4.450920353452297e-16 1.0000155616670843 0.08663289777106634 0.0016344923639767701 4.0956170078080585e-05 8.68342141161934e-05 3.947269207070557e-18 4.032605000973479e-05 "" 4188.04 69.0 -19.19 1.661
10113 NONE blue sn91bg 51 17 amplitude,x1,c 2453681.9039019425 0.22500354737894185 0.020508274031441648 9.273566918239106e-17 0.942146094337292 0.08663289777106634 "" "" 0.018620436914810804 9.758853321580547e-18 0.07104718261357636 "" 152.48 41.0 -18.47 1.73
10113 NONE red sn91bg 33 12 amplitude,x1,c 2453681.9039019425 0.22500354737894185 0.5396941378216309 6.92397298746828e-17 1.1478578797579106 0.08663289777106634 "" "" 0.2829951078624848 1.6021233618190155e-17 0.08058926355320209 "" 34.81 27.0 -17.31 1.523
10146 NONE all hsiao_x1 89 23 t0,amplitude,x1 2453685.488331075 0.282991 "" 5.922169062292902e-06 0.33816490972843316 0.0268128267803499 1.8295197136942138 "" "" 2.9178163704636948e-05 0.16452248660536153 "" 398.77 65.0 -14.83 0.645
10146 NONE blue hsiao_x1 36 9 amplitude,x1 2453685.488331075 0.282991 "" 2.396007403987519e-05 0.35017198719980513 0.0268128267803499 "" "" "" 1.8364518448148743e-05 0.0977885092631978 "" 82.79 25.0 -17.87 0.635
10146 NONE red hsiao_x1 36 10 amplitude,x1 2453685.488331075 0.282991 "" 1.7701967313129535e-05 0.14408430312160933 0.0268128267803499 "" "" "" 2.39178170838923e-05 0.2501725855972031 "" 43.48 26.0 -17.21 0.845
10146 NONE all sn91bg 89 23 t0,amplitude,x1,c 2453682.802226527 0.282991 0.027315344072058236 3.905418718084512e-17 1.1989998241098272 0.0268128267803499 1.0274809112123948 "" 0.027229089891214007 3.941815227872977e-18 0.05627666354097172 "" 143.14 64.0 -18.3 1.482
10146 NONE blue sn91bg 36 9 amplitude,x1,c 2453682.802226527 0.282991 0.06653743229329984 5.130285767576807e-17 1.2160208740665066 0.0268128267803499 "" "" 0.05318051203428458 5.7119955897105895e-18 0.02988912544807281 "" 61.43 24.0 -18.54 1.469
10146 NONE red sn91bg 36 10 amplitude,x1,c 2453682.802226527 0.282991 0.579643645306073 4.499150983950332e-17 1.043098653917518 0.0268128267803499 "" "" 0.2766643754373293 1.5505439441990774e-17 0.14555757190498889 "" 27.74 25.0 -17.26 1.616
10154 NONE all hsiao_x1 89 29 z,t0,amplitude,x1 2453682.163733686 0.35408328164614333 "" 1.3248242192033277e-05 0.08376868770571136 0.02342461282588938 3.408104560263341 0.07175011428726465 "" 2.0678907856513033e-05 0.2041327713994219 "" 204.01 75.0 -17.15 0.924
10154 NONE blue hsiao_x1 36 12 amplitude,x1 2453682.163733686 0.35408328164614333 "" 2.706805068061734e-05 0.2627118710833201 0.02342461282588938 "" "" "" 1.009259115323031e-06 0.1310744853107717 "" 18.63 30.0 -18.7 0.714
10154 NONE red hsiao_x1 36 12 amplitude,x1 2453682.163733686 0.35408328164614333 "" 2.519047379723261e-05 -0.0076728970872615345 0.02342461282588938 "" "" "" 2.7984105327765482e-06 0.23804764656730926 "" 13.57 30.0 -18.54 1.063
10154 NONE all sn91bg 79 39 z,t0,amplitude,x1,c 2453676.5392157547 0.07313264754995416 0.14114636535226055 3.1115211333396434e-17 1.1492692398541844 0.02342461282588938 0.9496878948465742 0.02261280866653052 0.1017627363221802 4.874255471198732e-18 0.07400441836085475 "" 53.99 74.0 -14.59 1.521
10154 NONE blue sn91bg 31 15 amplitude,x1,c 2453676.5392157547 0.07313264754995416 0.6707989801564287 9.186444727585409e-17 1.1183935256177067 0.02342461282588938 "" "" 0.23934210560315866 3.755958127418665e-17 0.1030315595252053 "" 25.94 28.0 -14.7 1.547
10154 NONE red sn91bg 48 24 amplitude,x1,c 2453676.5392157547 0.07313264754995416 0.23106367256119087 3.3009011160342105e-17 1.1439592444456554 0.02342461282588938 "" "" 0.19930083817214914 5.913813815691383e-18 0.08048626051041842 "" 29.88 45.0 -14.45 1.526
10299 NONE all hsiao_x1 85 15 t0,amplitude,x1 2453689.6880605584 0.259705 "" 2.1762768095761466e-05 0.0397981561217752 0.07998663375862318 6.318613811924164 "" "" 3.23427391365719e-05 0.27552270763879666 "" 450.86 52.0 -17.44 0.987
10299 NONE blue hsiao_x1 34 6 amplitude,x1 2453689.6880605584 0.259705 "" 4.8114843705119156e-05 -0.0531991121716309 0.07998663375862318 "" "" "" 1.5601170624202975e-06 0.04740618106261245 "" 20.78 20.0 -19.17 1.145
10299 NONE red hsiao_x1 34 6 amplitude,x1 2453689.6880605584 0.259705 "" 5.1316768678964286e-05 -0.06936512495378754 0.07998663375862318 "" "" "" 2.936298927742122e-06 0.11164503805726822 "" 22.95 20.0 -19.31 1.176
10299 NONE all sn91bg 90 10 t0,amplitude,x1,c 2453699.232680146 0.259705 0.5500208044096441 5.453186045285551e-16 1.0000248897919548 0.07998663375862318 0.001988145349461464 "" 0.0001037375846264317 4.137392957476936e-18 7.469273020906807e-05 "" 3871.56 36.0 -19.77 1.661
10299 NONE blue sn91bg 36 4 amplitude,x1,c 2453699.232680146 0.259705 0.026511783521584266 7.377970383103732e-17 1.2322466580217815 0.07998663375862318 "" "" 0.024561205768134656 5.255262441348301e-18 0.018099142034486135 "" 221.84 13.0 -18.8 1.458
10299 NONE red sn91bg 36 4 amplitude,x1,c 2453699.232680146 0.259705 0.39096810431231654 6.71110818370353e-17 1.1820820594743804 0.07998663375862318 "" "" 0.27839014367309317 1.532135639794948e-17 0.08060497137257475 "" 77.57 13.0 -17.96 1.495
1032 NONE all hsiao_x1 30 80 t0,amplitude,x1 2453644.2288751435 0.129033 "" 1.1681513978936233e-08 -9.896704662893413e-06 0.06359391601103156 0.002116652387444651 "" "" 9.886179141877424e-11 8.203458254588971e-05 "" 4595.33 102.0 0.6 1.05
1032 NONE blue hsiao_x1 12 32 amplitude,x1 2453644.2288751435 0.129033 "" -1.0564537183727822e-07 0.4929324323550555 0.06359391601103156 "" "" "" 4.4269012939348356e-05 0.006630158928686327 "" 1583.86 40.0 -4.19 0.529
1032 NONE red hsiao_x1 12 32 amplitude,x1 2453644.2288751435 0.129033 "" -4.073319741350397e-05 0.4453374444791289 0.06359391601103156 "" "" "" 5.427529412291764e-05 0.04207341284658896 "" 571.65 40.0 -17.12 0.561
1032 NONE all sn91bg 5 105 t0,amplitude,x1,c 2453625.94737993 0.129033 0.004747992876574335 2.429071913113361e-16 1.0855257179402202 0.06359391601103156 0.29533915117603937 "" 0.00883586630421484 1.4221386026487704e-17 0.03956857386633741 "" 471.22 106.0 -18.32 1.575
1032 NONE blue sn91bg 2 42 amplitude,x1,c 2453625.94737993 0.129033 0.3391736416994726 8.748322486122548e-16 1.0127180846944817 0.06359391601103156 "" "" 0.2265032137596232 4.4024372778127684e-16 0.023485967487670643 "" 85.66 41.0 -19.02 1.647
