results/collective_fits/with_ext/sdss_sako18_mcmc_fit_class.ecsv
# %ECSV 0.9
# ---
# datatype:
# - {name: obj_id, datatype: string}
# - {name: x, datatype: float64}
# - {name: y, datatype: float64}
# schema: astropy-2.0
obj_id x y
[from data line 719]
16259 0.5796190476190475 -7.748916666666668
16276 104.38053846153846 23.908882352941177
16277 4.076169082125604 0.6335164835164835
16280 123.09066666666668 -32.62368333333333
16281 -24.018671328671328 -3.6522222222222216
16287 -0.8888596491228071 -22.01762365591398
16298 0.7339213709677419 0.34671370967741943
16301 -1.2032222222222224 -1.859304347826087
16302 -4.278968253968254 -3.292765151515152
16314 2560.3141379310346 2700.014717853839
16333 -20.90620879120879 -33.171068840579714
16350 -10.57080459770115 -1.4503216374269003
16352 -44.51319047619047 -1.783095238095238
16356 -0.5672365591397854 0.6418055555555555
16357 -8.186166666666667 -0.9244117647058825
16360 -1.5637538461538463 -0.5555952380952381
16362 -1.47771164021164 -0.24581699346405217
16392 -102.20444444444445 -27.128708333333332
16393 33.533122171945706 0.9737781954887206
16396 -0.03820056899004243 0.062304409672831795
16398 0.8956722689075622 -3.163484848484848
16402 -28.760274725274723 -2.6646666666666667
16405 64.00679166666666 25.572708333333335
16408 -5.26516304347826 1.0601333333333336
16410 -1.4274307692307693 0.3024769230769231
16414 -4.530458333333333 -0.4111666666666667
16417 19.981140350877194 5.117938596491228
16421 -1.5991830065359478 -0.8909150326797386
16431 4.3502849002849 6.622507122507122
16432 -1.0046511627906978 0.04564102564102557
16433 -3.4955 0.08850000000000025
16434 -0.3167311827956989 -0.05284274193548377
16436 -1.5038492063492062 -0.015962732919254652
16439 2.54035064935065 0.3063818181818181
1644 3.987292437863564 2.4332171893147505
16441 -5.098268398268399 0.580909090909091
16442 -6.0697368421052635 -0.5095526315789474
16451 0.6438970588235291 -0.23536764705882351
16454 -3.177408602150538 0.06781578947368416
16455 -1.3376242236024845 -0.9870146520146521
16458 -0.9899108734402853 -0.1690238095238097
16460 -5.109019607843138 0.7738888888888891
16462 20.571759504862953 1.7321052631578953
16467 -2.5946088193456616 -0.6276307692307692
16468 1.371440860215054 0.9262894736842102
16472 -2.865574162679425 -0.8008373205741626
16473 -16.956666666666667 0.16637254901960785
16477 -0.8778012820512819 0.11090909090909085
16478 8.519816053511706 4.652175925925927
16481 5.711916666666667 10.209473684210527
16482 -4.111152882205516 1.2177027027027023
16484 -1.0687830687830686 0.015304232804232987
1650 0.6982361308677099 1.5112233285917493
16541 -4.3276666666666666 -2.8665555555555557
16546 -1.3265151515151516 -0.3205627705627705
16547 5.265740740740741 3.348068783068783
16551 4.291177536231884 0.6514492753623187
16565 -3.571125 1.316904761904762
16567 -6.929875 -0.44604166666666656
16572 -0.8871328671328671 0.2907142857142857
16578 -9.51032967032967 -1.319952380952381
1658 -2.6291678520625887 -0.3318847795163583
16582 -1.423775743707094 -0.6121428571428571
16584 -1.5910035842293908 0.8346031746031747
16586 -1.6989999999999998 -0.7669747899159665
16590 9.666363636363634 3.812775119617225
16606 -0.9232844574780059 4.042142857142857
16618 185.3186315789474 31.062362637362636
16619 879.476076923077 525.6954464285715
16626 -0.9588333333333333 -0.20174999999999987
16631 -2.40968058968059 -0.911964285714286
16637 40.41892857142858 19.41175213675214
16640 -0.8965311004784687 2.186818181818182
16641 -1.6986813186813183 -7.630064935064935
16644 1.7117845117845079 40.444
16652 33.34213333333333 9.327666666666667
16655 9.326538461538462 0.4614705882352942
16692 6.778910256410256 23.739047619047614
16711 0.5208684210526318 0.911026315789474
16715 -3.505238095238095 -0.164043062200957
16721 0.26901849217638674 0.6492958748221902
16722 14.858961988304095 3.674722222222223
16724 -1.0544736842105265 -0.13587878787878793
16727 4.196431159420291 4.174963768115942
16734 -1.0530484330484327 -0.5416993464052289
16737 -4.505 -0.9890151515151511
16739 -3.7729175401816915 8.382575414781297
16748 26.729064327485382 21.22727272727273
16758 32.34236263736263 5.995439560439561
16759 5.891833333333334 3.9824761904761905
16774 -3.967948717948717 4.812083333333334
16776 -1.9841666666666664 -0.3771212121212122
16779 -1.2096021505376346 0.8002777777777779
16781 -1.494010989010989 -0.18406593406593408
16789 -0.7293333333333333 0.17599999999999993
16793 -2.2223809523809526 -0.2920476190476191
16831 4.925053763440861 0.8973611111111109
16836 34.27192307692307 1.6845604395604397
16841 -0.12874999999999992 0.1651851851851851
16847 -2.287272727272727 -0.20098484848484865
16849 39.908170289855065 6.840958333333334
1686 0.028374245472836845 -0.27712676056338037
16872 -2.8247727272727268 -0.14583333333333326
16879 -0.2133655172413791 1.8480592105263156
1688 -0.35758333333333336 0.0005769230769229194
16889 4.644851851851852 2.2217857142857147
16894 -1.0833333333333333 -0.6342424242424243
16899 10.573888888888884 2.080277777777778
16938 -2.883833333333334 -0.09880952380952379
16941 0.7971861471861471 -0.38994505494505494
16945 -2.676442307692308 -0.779702380952381
16946 0.6545220588235294 0.07581018518518512
16950 0.41755899419729303 0.25840371621621605
16953 -1.2480147058823527 -0.19577205882352944
16956 -1.5876282051282053 1.8740000000000006
16958 0.3835000000000002 -0.19800000000000006
16973 0.24523809523809526 -0.2501136363636365
16975 -0.7586789297658867 -0.4571739130434782
16977 -0.9530820105820106 -0.0020512820512816887
17031 -0.15855913978494618 0.1198611111111112
17048 0.1200595238095239 -0.7844230769230769
17049 -1.156438127090301 -0.4340133779264215
17068 0.19168168168168176 1.7894117647058816
17081 0.1279365079365078 -0.17140211640211644
17099 -2.034033613445378 -0.5688888888888888
17106 8.998607142857143 -4.461153846153847
17115 -1.0957940446650123 1.6003968253968253
17117 -2.1416666666666666 -0.19333333333333336
17168 -7.152990338164253 -1.606528735632184
17169 -2.79731884057971 -0.8141264367816092
17170 21.715270531400968 8.188183908045978
17171 7.451660256410256 2.575769230769229
17174 -2.818951612903227 -2.1868069727891157
17176 61.94128024193548 89.68774659863945
17186 51.58189247311828 -29.257743496672717
17191 3.0043006993006998 1.319019607843137
17205 1.7095282485875707 -1.0714423076923076
17206 -1.2978326530612248 -0.8301782531194295
17208 -1.010076923076923 1.9616089743589744
17215 -3.6430484693877547 -1.1283467741935487
17218 -5.771058681185723 -0.5860739687055477
17219 21.232791245791248 11.908079365079365
17220 66.91387566137564 40.09228978978978
17223 25.666639344262297 13.883929487179488
17240 -15.484551282051282 6.603890824622532
17253 -0.21130675526024367 0.48437830687830674
17254 -3.669923076923076 -1.5513359788359788
17258 -3.339253968253967 -20.86236507936508
17263 -7.096878306878303 -10.190447154471542
17272 -1.046 -0.8722807017543859
17274 44.58821428571429 -1.2703703703703704
17280 -1.2759358288770053 -0.08210084033613452
17322 0.06538047138047132 -0.04253174603174603
17324 47.49855 25.557435897435898
17332 -3.425688329839274 -1.2545555555555556
17337 0.8426923076923081 0.31849206349206316
17340 -2.1189126984126982 -0.4101746031746031
17341 -0.1398484848484849 -0.17977777777777781
17351 -5.33768300060496 13.231024182076812
17366 -1.8577435897435899 -4.558910256410257
17370 -0.35559006211180133 0.06333333333333346
17372 -0.351095238095238 -0.051238095238095305
17374 -2.4028141025641023 3.291115384615385
17389 -4.921750339213026 -0.9614059196617335
17391 2.741622895622896 -1.4601904761904763
17393 4.597419842710224 4.181849217638692
17395 15.077492063492066 3.583674603174604
1740 70.89378688524589 28.604615384615386
17408 -1.5222349726775954 -0.1346346153846154
17421 6.835811051693405 2.60825311942959
17423 -2.324644424934153 -0.08892888498683038
17433 -1.1682698412698413 -0.23203174603174603
17435 -7.5146689976689975 -0.6713953488372093
17455 -0.30133712660028467 -0.24887624466571823
17460 -0.531222222222222 -0.23806349206349187
17464 -4.264920634920635 -0.5433730158730157
17473 -0.8338647342995168 5.359459770114943
1748 5.035682788051209 3.7508839406207826
17497 178.6504301075269 66.41514486391571
1750 -0.44290184921763864 -0.4147866287339971
17500 4.515816532258064 -6.81281887755102
17508 -0.37900641025641013 -0.29669871794871805
17527 1.5420270270270269 0.7429943100995732
17528 0.2979855769230768 0.5803519813519813
17542 -0.3726980428704567 -0.2104385964912281
17551 0.254590017825312 -0.12588235294117633
17552 -4.25362579281184 0.9780285412262153
17568 -0.27057692307692305 -0.4988910256410257
17576 -0.078296370967742 -0.06718749999999984
17577 0.4255855481727573 1.246317307692308
17586 10.904939516129033 6.0194254032258065
17605 86.93366666666667 21.72485057471264
1762 -0.5522756410256411 -0.14852564102564092
17629 48.96755912162161 42.08310810810811
17641 -0.46812865497076017 -1.6171321321321321
17642 -0.0712741312741314 0.015789473684210353
17647 -9.805651629072681 -0.3768627450980391
1765 0.14037179487179485 -0.12274999999999991
17667 -0.3461593172119487 -0.13438596491228072
17682 1.0222126436781611 2.944080459770115
17687 -0.3789415322580646 -0.0520967741935483
17692 3.2552528735632187 3.7813218390804595
17695 1.923581168831169 0.22330725462304413
17716 -1.6167796610169491 -0.23853205128205113
17733 -0.03876876876876889 0.3056985294117648
17737 -0.22815789473684212 4.1466666666666665
17740 0.9855405405405406 -0.15035087719298246
17743 -0.4100877192982455 0.13935277382645794
17745 388.6670857142857 2018.3426058437685
17748 -0.5584219269102995 -0.7669088319088319
1775 -1.6069166666666668 0.09296794871794889
17773 -2.0246230440967286 -0.14386913229018483
17776 -1.2140849420849418 -0.4267543859649121
1778 -0.06307142857142856 -0.12476190476190485
17784 205.03390476190475 984.6323501683501
17790 -2.1638981173864895 -0.14395502645502622
17791 -0.26205882352941146 -0.08503267973856232
17800 1.1521052631578947 0.7540682788051208
17801 1.1763005464480876 -0.267525641025641
17803 0.4041825396825397 -0.25981481481481483
17809 -4.562313988095238 -0.8581646825396823
17811 -11.954677966101695 -1.2558846153846155
17816 0.36108108108108106 -0.0642532005689902
1782 -0.6125198412698413 4.839603174603174
17820 -1.2651103368176542 -0.1580139372822298
17825 -6.730639344262295 -0.3484959349593495
17829 -0.349162162162162 0.18509009009009003
1783 1.733172671210645 1.5653825136612025
17835 2.990762711864407 0.5398538011695906
17849 -0.33575420875420914 -0.013744706594071454
17851 -5.178555555555555 -0.28541666666666643
17875 -3.6845822316234793 -0.4993798449612403
17880 43.76141098484849 303.8032730015083
17882 39.777700348432056 10.30617886178862
17884 49.67317213114754 15.376429487179488
17886 8.054475806451613 12.540875850340134
17899 0.9032222222222224 -0.43946825396825395
17902 5.862302631578947 2.68825
17906 -0.19642857142857162 -1.0579390537289493
17907 -2.3514494949494953 -0.3548735632183908
17908 3.0051718679330617 0.27233615221987306
17915 0.08168449197860972 2.2802584670231725
17925 -0.5175401069518716 -0.19137254901960787
17927 0.03769338303821068 -0.272982456140351
17928 1.8388794567062816 5.74127027027027
17934 3.362157894736842 9.366833333333334
1794 -2.844051282051282 -2.145596153846154
17945 -0.7625897435897436 -0.3141089743589742
17949 16.520596153846153 0.3052948717948718
17952 -2.7033461538461543 -0.5281538461538464
17955 -0.06906926406926406 2.903333333333334
17957 6.38753036437247 0.14625730994152053
17958 1.720227596017069 2.4996514935988623
17965 5.347399193548387 7.3246875
17967 -1.777217741935484 -0.09309523809523806
17976 -0.3664682539682538 0.32952380952380944
18010 2.033820512820513 1.1701474358974358
18011 -1.9501190476190475 -0.36284391534391536
18030 -10.306173864894793 -1.528002645502645
18033 0.9383088954056696 2.090686274509804
18034 2.315593220338983 0.7138782051282053
18037 0.7550071123755335 -0.15768847795163565
18038 -0.6292322404371584 0.31146198830409366
18041 6.82451724137931 3.3887777777777774
18047 5.3708269230769226 1.9428974358974358
18049 8.032275132275132 4.661256613756613
18054 -0.3242481203007519 -0.05493464052287589
18067 1.0005753968253968 0.46349385749385763
18076 1.7150789473684211 1.2000576923076922
18082 1.230248538011696 0.7164912280701756
18083 0.19746799431009943 0.02802275960170697
18091 -1.0513798008534851 0.24408496732026141
18100 -0.37830152399943007 0.043698717948717825
18129 1.4360087719298247 0.4794310099573258
18130 0.03105263157894722 -0.2372807017543861
18139 -0.256412568306011 -0.028596491228070064
18146 0.060833333333333295 0.016000000000000014
18152 0.299267425320057 1.082280701754386
18170 3.8040308747855915 1.895960960960961
18175 0.12113461538461534 0.16375816993464043
18179 -0.15695129870129865 0.22973856209150334
18182 0.23135964912280693 -0.1547972972972973
18188 -0.23056563823351484 0.0008823529411765563
18189 -1.0051876876876875 -0.2604196301564722
18201 -0.9853730158730158 -0.6703333333333334
18218 8.455132890365448 1.7248280423280424
18221 8.944978494623655 6.086043010752689
18224 4.693624338624338 2.593201058201058
1823 180.83959064327487 49.50536984352774
18241 -105.05673645320198 -36.922682170542636
18242 0.9919657258064515 1.0047782258064517
18243 0.5344173798551679 3.8182560483870964
1825 4.514263784461152 6.1162660028449505
18253 5.704349206349207 2.289190476190476
18254 -0.010864527629233622 -0.35492869875222843
18256 0.1954920100925146 -0.21880487804878057
18273 3.808161189358373 3.243337245696401
18275 3.3829403327596097 0.4234330484330485
18276 0.7236806722689075 4.355539682539682
18283 -0.2769495798319327 -0.33423529411764696
18286 -0.9385185185185185 -0.641876876876877
18288 0.1264171122994655 -0.05676470588235294
18298 0.4840615615615613 0.6107592256503325
18301 0.563199643493761 3.3994385026737968
18304 -1.6847857142857143 -0.4125079365079365
18307 2.806245828698554 -1.6581584544487773
18312 -1.0131250000000023 -4.979999999999999
18323 -17.349162414965985 -3.434798387096773
18324 -0.44694444444444437 -0.22619841269841268
18325 -6.734827586206897 -1.4228448275862067
18333 11.113393234672307 3.779698731501057
18339 -2.0464304993252362 -0.2737112010796222
18344 2.09593512565751 0.2977240398293033
1835 -1.7435307781649243 -0.32890824622531933
18351 -0.34430481283422454 -0.1265686274509804
18358 -0.07628735632183914 -0.15366666666666662
18362 -0.7250156641604011 0.5464366998577521
18363 0.3938076923076925 0.9074679487179489
18374 7.257285714285715 -0.47557142857142853
18375 -4.233087557603687 -29.418879818594107
18380 1.0162499999999994 -0.177121212121212
18389 0.08024061343204658 5.307981707317074
18405 -0.54199146514936 -0.34122807017543866
18415 -10.348714285714285 -7.753528571428572
18430 -0.32817307692307685 0.07263157894736838
18446 -0.2338620199146515 0.3064035087719299
18450 2.909097222222222 0.2663888888888888
18451 1.9541986359761303 0.2773214285714287
18454 -0.5990952380952379 -0.4271666666666665
18456 -4.236320921985815 -0.47908199643493754
18463 -7.333903743315509 -0.5054901960784314
18466 -3.407517182130584 -1.4086904761904762
18473 0.2138888888888889 -0.26669312169312187
18475 0.6559595959595956 -0.26733766233766243
18479 -1.718637566137566 -0.7368121693121692
18485 -5.354879032258065 -1.4200000000000002
18486 -13.435274822695035 -1.416989247311828
18582 0.48415726817042626 -0.8853875968992251
18588 -0.45205714285714294 0.1458857142857144
18589 -0.5980923076923076 -0.44987179487179474
18602 -14.293315217391305 -4.140797101449276
18604 -4.138245699448231 -0.33152714932126703
18606 8.66399470899471 4.945198412698413
18612 -4.261985714285714 -11.997149672033395
18617 -0.8847637292464878 -0.41859259259259274
18626 1.090648148148148 4.076481481481482
18630 -0.9722923076923078 -0.26146153846153863
18644 0.8990615384615384 -0.9444871794871792
18647 23.549358178053833 7.487740740740741
18650 -18.561153846153847 -34.193224358974355
18666 -0.3284239130434785 0.03347222222222235
18697 -15.264375000000001 -53.121854875283454
18704 -3.2777539682539683 -0.692595238095238
18721 -0.7997845117845119 -0.3213235294117647
18722 9.920508474576271 3.504741750358681
18740 -10.559913513513514 -2.0569326241134753
18741 -0.20865927419354835 -0.128195564516129
18747 1.5202406554019459 1.5151335656213707
