results/collective_fits/with_ext/sdss_sako18_mcmc_fit_class.ecsv
# %ECSV 0.9
# ---
# datatype:
# - {name: obj_id, datatype: string}
# - {name: x, datatype: float64}
# - {name: y, datatype: float64}
# schema: astropy-2.0
obj_id x y
[from data line 2179]
18961 -0.9726781609195402 0.4199450549450551
18964 -1.8296376811594204 -0.22662365591397848
18965 83.25481826241135 21.51092741935484
18966 -4.225202898550725 -5.525719298245615
18970 0.8728571428571428 -1.0893333333333333
18971 -0.5340463458110515 -0.5532709447415329
18972 0.21644396551724143 1.8209590517241379
18978 1.0375132275132266 -2.171904761904762
18979 -2.3434408033826646 -0.48117724867724854
18982 -4.501206896551723 -2.2322791023842914
18983 14.782252747252748 1.209722222222224
18984 3.3181541950113376 -0.07919354838709669
18986 21.770155279503104 -0.2793846153846158
18988 16.499328063241105 0.5777619047619051
1899 -0.36914565826330525 -1.510902777777778
18991 0.4727777777777771 2.1764393939393933
18993 16.844546153846153 11.279795008912657
18995 4.7797052154195026 3.5309375000000003
18997 -2.32275 -1.7852243589743593
19000 65.34845977011494 20.983379310344827
19001 -1.2583990147783253 0.588251811594203
19002 -8.685119047619049 0.6733201058201062
19003 -33.92645161290323 35.812166666666656
19004 -0.9481000000000002 -1.895976470588235
19005 -0.9250153846153846 -0.20907692307692294
19008 -3.1478589743589747 -1.0658615384615386
19011 -4.477576470588234 -1.8922222222222222
19013 0.17714285714285716 -0.06892857142857156
19014 1.1936609686609687 0.5911680911680914
19017 3.918834412580944 5.2699459459459455
19022 11.515848484848487 11.656333333333334
19023 -8.5151332001332 -0.8583215686274508
19024 -6.463160987074032 -1.62072463768116
19025 3.7696476190476194 1.5241666666666664
19026 1.9157142857142855 0.14241758241758218
19027 -2.1506878306878305 -0.4988756613756612
19029 0.46379629629629626 1.655291005291005
1903 -0.9123450178513473 -22.895819620253167
19032 1.865984615384615 1.4716666666666665
19033 0.9269000000000007 -0.26166666666666694
19034 -15.478095238095237 -9.25592948717949
19035 -1.131333333333334 -5.803541666666668
19037 -2.5051038843721773 0.1718153846153847
19042 13.374736842105264 4.437121212121212
19045 -0.628960372960373 -1.2251934731934728
19047 2.489128787878788 0.98
19048 -0.761 -0.7645571428571427
19050 -6.7959802055576715 0.15926020408163266
19051 1.770167346938777 1.7769591836734695
19052 -0.7883876811594205 -0.3546014492753623
19059 -0.18621628698612214 -0.31017552182163177
19063 -2.6355952380952377 -0.44672413793103427
19065 4.536179078014184 0.8806350806451613
19066 8.98517117117117 1.4018859649122808
19067 -2.2914814814814815 -0.6047222222222222
19068 -0.5131282051282051 1.102775
19070 4.642237726098191 0.32461538461538453
19072 2.3288040123456786 1.4165199161425577
19073 11.266944444444444 3.97963768115942
19078 -0.3546145739235169 0.554353846153846
19079 -2.5706815511163343 -0.8045833333333332
19081 8.48317307692308 1.1764615384615384
19082 -5.1687179487179495 0.20399999999999996
19088 -0.24718461538461545 -0.35132307692307685
19090 -0.23863095238095255 -1.4588095238095242
19098 -5.915670628183362 -1.4849999999999999
19100 -0.0704504504504504 2.367083333333333
19101 -4.9412012012012 -0.43780797101449276
19103 -2.9573478260869566 -0.34452991452991455
19106 4.591958041958042 1.395714285714286
19107 3.442661764705882 2.3665000000000003
19109 5.190922077922078 0.5710668563300143
19112 -2.228989424206816 2.7841666666666667
19114 11.509408602150538 2.9606842105263165
19117 7.9486858974358965 1.2217384615384614
19118 -6.676204465334901 -1.3977777777777776
19119 -0.006980023501761856 0.9504166666666669
19120 3.6383388704318937 0.5140740740740743
19121 2.346573913043479 0.9628461538461535
19122 6.772773109243698 -1.2904201680672267
19124 0.6011111111111109 -0.2517777777777781
19128 -6.709401913875598 -0.36653110047846904
19129 -0.2390602836879432 9.511746031746032
19132 3.669761904761905 0.17282051282051286
19134 7.603099415204679 2.289333333333333
19135 -0.6204341736694676 0.16234265734265696
19137 83.73633928571428 102.819675
19138 -0.42870952821461605 -0.12991935483870964
19140 5.745100742311772 5.4666296296296295
19141 26.566952380952376 6.441530612244899
19144 -0.2965882352941178 2.9370238095238097
19145 3.245282051282051 4.499647435897436
19149 232.6829024676851 106.64241666666666
1915 -1.0095454545454543 -1.2992640692640691
19150 -1.97562091503268 0.10999999999999988
19155 -182.63860599078345 -103.20207193515702
19158 -5.550322580645162 0.6723387096774189
19161 -2.1830000000000003 -1.2248958333333333
19164 -0.706074074074074 -0.5971875
19165 -0.7143133696309738 0.03771241830065364
19169 -1.846828231292517 -0.08908602150537637
19170 -2.845476190476191 -0.6349047619047621
19173 1.9960119047619052 2.0145634920634925
19174 -6.943705314009662 -0.944314516129032
19175 4.9538 2.492953692115144
19176 3.780201465201463 1.0396153846153848
19180 -0.06226102941176492 -0.1935472370766489
19188 -0.4000897435897437 -0.10316666666666685
19189 3.289234972677596 0.5229615384615383
1919 1.7069369369369358 1.644076086956522
19190 13.6046 10.619545454545454
19191 3.107591591591592 3.4045689655172415
19192 13.10923529411765 0.7255681818181818
19198 -0.2761859582542694 -0.36653186274509797
19201 0.6294444444444443 -4.627097812097812
19203 -1.4689473684210528 -1.6516002844950215
19205 -7.133065661047027 -1.3719787045252885
19207 -2.703873563218391 -0.6328275862068965
19209 -0.7652248677248679 -0.9170819490586934
1921 0.2255867709815077 -0.3248245614035089
19212 2.322012121212121 4.968014705882354
19218 0.9619700460829492 0.40482142857142844
19219 1.2041571428571416 -3.9474358974358976
19220 -7.876584084084084 -1.163768115942029
19221 73.0215 108.49821862348179
19222 -3.2198076923076924 -0.5662923076923079
19224 2.4066621067031457 2.5222943722943723
19229 -15.05888888888889 -2.915555555555555
19230 -2.551622369878184 -0.4789947089947091
19232 1.6904807692307697 5.574369230769232
19274 4.503543956043956 5.894587912087912
19276 3.269099582587955 8.054957142857141
19282 -37.45960863697706 -2.694138461538462
19287 5.893815592203898 1.0382222222222222
19306 0.23167460317460353 -2.263796296296296
19315 -6.548461538461539 -0.19128571428571417
19317 1.0209080841638978 4.738650793650793
19319 1.5492190476190464 7.701504629629631
19322 13.351485671191554 3.7119786096256684
19323 37.0954 109.15635
19325 1.9382616487455202 3.0591428571428567
19326 6.478290598290599 0.29405228758170043
19329 -0.04220279720279718 -0.10441176470588287
19331 -0.12880809595202414 -0.32333333333333325
19332 -0.15653594771241863 -0.12727272727272698
19334 7.134668389319553 3.7213095238095235
19335 8.532222222222222 3.247037037037037
19336 0.18180952380952387 0.10655555555555574
19338 -0.22192857142857148 -0.17638888888888915
19339 -0.36125714285714294 -0.42176739926739937
19341 0.38588235294117545 1.354924242424242
19342 -2.6116666666666664 -5.5314736842105265
19344 -0.3157843137254903 1.3400189393939392
19346 2.4271666666666665 2.1640000000000015
19347 -3.457197580645161 -0.6122379032258063
19348 -16.144714285714258 -0.4897222222222233
19349 -2.1629347826086964 -2.197
19352 12.839285714285715 5.232712643678161
19353 21.804238095238077 -1.5363888888888937
19359 -0.6118382352941172 -1.3033636363636347
19364 -1.0393815513626832 0.7959999999999998
19365 1.0413306451612903 0.5488095238095239
19370 -0.30296078431372553 -0.8351515151515151
19372 -4.3977950310559 -1.3902173913043474
19377 -2.161403940886699 0.38371794871794873
19379 4.424166666666666 3.4572352941176474
19380 -3.775349965349965 -0.4169666666666668
19381 -12.428761261261261 -1.1041846153846158
19382 -0.41057142857142903 -0.21188888888888835
19387 0.44224358974359035 1.3076785714285712
19389 -1.3805869324473976 0.475576923076923
19399 -1.1256306306306307 -0.5748273273273274
19400 0.5526758620689658 3.6925714285714286
19402 -17.008897435897435 0.7160769230769233
19408 1.8172333333333333 -0.24
19412 3.9021714285714264 -0.9018269230769222
19414 -0.2394814814814814 -0.2882592592592592
19423 37.62114285714286 6.450818713450293
19424 -1.6051851851851855 -0.10607142857142854
19425 6.998115384615386 1.9199846153846156
19428 -3.2852173913043483 1.8592000000000004
19432 11.992744565217391 11.396521739130433
19433 3.0863988095238097 0.35305443548387094
19434 23.781388888888888 13.457119565217392
19436 3.8969082125603887 3.0716896551724133
19438 22.326609523809523 13.687955665024631
19441 -5.100049261083743 -1.152697044334975
19449 -0.9083444816053511 -0.9856020066889635
19459 -0.4575265957446809 0.08749999999999991
1946 -1.5816031746031745 -1.6867857142857137
19461 2.0332004310344827 7.973645833333333
19464 4.465 1.3256060606060611
19465 -2.5595873015873014 -0.5571798029556649
19467 0.17383076923076923 0.01653846153846139
19468 7.7602395964691055 2.3331858974358974
19486 4.730113442994894 0.8038756613756615
19490 -0.41768500948766607 -0.19019607843137254
19492 -0.12142857142857133 0.006547619047619024
19494 0.23540229885057462 -0.22755555555555562
19499 12.590652173913043 3.9376666666666678
19501 7.6335999999999995 13.032353846153846
19502 -1.0384090909090897 -0.03696428571428578
19513 -0.03699939503932237 -0.5027027027027029
19515 10.275747747747749 4.55030701754386
19516 -2.351878205128205 0.5138636363636364
19517 5.1675319396051105 4.618558201058201
19521 -0.020877192982455384 -0.9043939393939397
19523 0.2298366606170601 0.7403921568627452
19524 7.012100775193799 2.5912969924812024
19525 3.626323232323233 -0.5114867424242426
19528 -1.8953571428571419 -0.7884615384615374
19529 -0.8157142857142858 0.23092490842490832
19531 -1.8765384615384613 -1.564523076923077
19537 3.129430769230769 2.5039846153846157
19538 16.188833333333335 2.8080952380952375
19539 -20.965833333333332 -1.5694565217391307
19541 62.873803418803405 20.41601111111111
19543 -4.810815384615385 -16.726916666666668
19544 -4.065636363636363 -2.694492753623188
19545 -1.7382936507936506 -0.3296957671957672
19552 6.516142857142857 0.8733333333333333
19555 1.161624999999999 0.05803030303030354
19556 16.77319556451613 6.392772177419355
19557 -0.557389705882354 0.2599999999999998
19565 0.15262820512820596 -12.675534759358243
19573 0.30193121693121716 -0.37083333333333346
19575 -0.7376602564102563 -0.2047230769230769
19576 -0.9107871198568872 2.034457142857143
19577 3.7404946236559145 1.5579473684210525
1958 0.02350793650793659 -0.044611111111111046
19580 6.640542635658916 1.9597089947089952
19582 0.19109230769230767 0.017051282051282035
19588 3.562857142857143 -0.08290404040404042
19592 -3.5630000000000006 -0.0031111111111110645
19593 -0.8759999999999994 3.1706666666666656
19596 -4.935138461538462 1.3706461538461538
19598 59.218255813953476 20.21645502645503
19604 -0.9543230769230768 -0.23176923076923062
19605 4.280919540229885 2.812942583732057
1961 -3.0292467532467526 -1.0473148148148148
19610 1.4667575757575757 10.281654135338345
19616 -51.068261099365756 -0.7181034482758621
19619 -0.7627822580645163 1.0305745967741937
19625 15.106824596774194 4.408921370967741
19626 -43.06985294117647 -10.758772946859903
19629 13.656330645161287 24.0967439516129
1963 -3.2004059829059828 2.8650836120401335
19632 -2.2431451612903226 -0.5692943548387097
19636 41.476273684210526 23.447628205128204
19640 54.729061538461536 54.19053205128204
19645 21.380660660660666 27.377391304347828
19647 7.805129870129871 4.437832167832168
19649 10.197913978494626 5.826184210526316
19652 -0.14740990990990976 -0.5166485507246377
19653 1.6054166666666667 -1.3570416666666656
19657 6.846111111111112 -0.412037037037037
19658 -33.026798418972334 0.2821541501976286
19667 -2.7145238095238104 0.43666666666666654
19668 -2.897304109589041 -0.1721739130434783
19679 -12.106825396825398 -4.055899999999999
19683 5.602360784313725 2.3417201426024956
19686 4.85654761904762 2.980833333333333
19687 6.922162162162163 2.4193659420289846
19689 0.8287926829268293 0.1697634408602151
19690 -0.3766013071895431 -0.42833333333333323
19692 1.8197089947089946 1.905789473684211
19694 4.760104308390023 0.9460341555977232
19697 5.225535714285712 5.411555555555555
19699 5.199333333333332 1.7082679738562092
19700 -2.867832167832168 1.0415277777777785
19701 -83.03013888888891 10.918999999999997
19702 -0.5403384615384619 7.665676923076923
19708 -6.643615725359911 -0.7651839080459769
19721 13.285845238095238 3.5168376068376075
19722 0.5145070175438615 0.03860350877192964
19723 -3.1279420289855073 -0.9429082125603863
19724 18.83269005847953 7.373257575757577
19725 -8.060579310344828 4.177666666666667
1973 5.02792042042042 0.73338768115942
19731 -0.8639075630252102 -1.2724537815126054
19733 1.7880776826859774 2.897604166666666
19737 2.1327255154639166 2.1476810515873015
19742 0.7309057971014494 -0.6217210144927536
19746 4.741561561561561 1.8288949275362318
19749 6.411851851851852 0.24107142857142883
1975 -0.44761024182076703 -1.8240834845735026
19751 -15.91403846153846 -0.29901515151515146
19752 8.674060721062618 9.927613636363638
19754 -1.7765374677002586 0.36333333333333284
19755 2.8065646258503385 0.9597278225806452
19757 -2.3380065359477125 0.684
19759 9.610883333333334 1.8347916666666668
19762 -0.9932746823069407 0.11128571428571465
19763 1.5013025210084034 2.775319865319865
19764 0.3901089743589745 1.2145454545454546
19766 0.4032291666666663 0.3650952380952379
19768 40.12631764705881 7.614871794871794
19769 -1.968722943722944 -1.4218181818181814
19772 2.8356086956521733 -0.32068965517241366
19775 -6.637138461538461 -1.564123076923077
19776 8.02067221067221 4.3755
19777 1.335865800865801 -0.3245454545454546
19778 -4.652124183006537 0.9360000000000002
1978 0.005320056899004166 -0.5876671408250355
19787 0.5123397435897434 -0.3544307692307693
1979 -0.331238738738739 0.16411806543385477
19791 -0.45310000000000006 -0.20794871794871783
19794 6.253646723646723 4.054472934472933
19797 7.260492063492064 2.1553260869565216
1980 11.046153846153846 3.4545076923076925
19802 9.844885204081635 6.031612903225806
19804 7.748809523809525 5.422962962962963
19806 -0.10416666666666652 0.2807198228128458
1981 0.20230000000000015 5.002284382284381
19818 -3.812586206896552 -0.9300804597701149
19821 2.647973684210526 -0.2795526315789473
19824 0.6756368421052628 0.7822619047619048
19825 -2.3531182795698924 -0.12085714285714277
19826 -1.8587224157955866 0.04473809523809513
19833 47.66914031620553 11.431172043010752
19834 -2.7728817204301066 -1.440208333333333
19839 2.43235294117647 13.79181818181818
19848 -0.9940624999999998 0.009687500000000071
19849 -35.53335632183908 -0.9215142428785605
19885 32.858221614227084 8.627016806722686
19899 -416.2901282051282 2688.9528205128204
19908 64.99406666666667 39.80996710526316
1991 -0.48421153846153864 -0.27396153846153837
19913 -15.568206388206388 -3.352797619047619
19940 -56.693811230585425 -8.720794117647058
19942 15.10597960992908 4.436709677419353
19943 -6.902763157894737 -1.0826666666666667
19953 1293.998954248366 -54.39261904761905
19968 -106.75924836601308 -153.7999425287356
19969 216.9563882783883 61.002341137123736
19986 0.3842592592592593 -0.11029325513196464
19987 -0.1512285714285715 -0.1592148148148147
19990 -5.276839080459769 -0.3816321839080459
19992 -11.382777777777779 -1.4763071895424835
2000 -71.01638888888888 -167.57383164983167
2001 5.265748663101604 0.9632034632034636
2002 -0.8057619047619049 -0.5540957966764419
20033 -2.9599665551839465 1.339531772575251
20038 -22.638798076923067 -17.201238095238097
20039 -16.6995 -2.618333333333333
20040 -8.884610389610389 -0.8219047619047618
20043 -1.1895230769230767 -0.02051282051282044
20045 -9.920314814814816 -2.039352941176471
20046 -8.085848806366048 -0.797241379310345
20047 0.45174011299435035 0.002623152709359533
20048 -7.9655423280423285 1.201732026143791
20051 58.1147385620915 13.48907114624506
20052 -142.7939826839827 -0.2157142857142862
20064 -58.24671052631579 -29.98722988505747
20065 0.887620320855615 0.2340017825311942
20068 -6.270595238095239 0.6446428571428573
20070 3.18079292929293 5.110372983870968
20084 -1.7389473684210524 0.36269736842105216
20086 19.161153846153844 8.818233618233618
20088 -11.226997682296311 -1.6180685618729096
20090 -3.1285858585858586 -1.5719696969696966
20091 -1.6083870967741933 -0.5451666666666666
20092 2.4001912568306008 0.6146153846153846
