results/collective_fits/with_ext/sdss_sako18_mcmc_fit_fits.ecsv
# %ECSV 0.9
# ---
# datatype:
# - {name: obj_id, datatype: string}
# - {name: message, datatype: string}
# - {name: band, datatype: string}
# - {name: source, datatype: string}
# - {name: pre_max, datatype: int64}
# - {name: post_max, datatype: int64}
# - {name: vparams, datatype: string}
# - {name: t0, datatype: float64}
# - {name: z, datatype: float64}
# - {name: c, datatype: float64}
# - {name: amplitude, datatype: float64}
# - {name: x1, datatype: float64}
# - {name: mwebv, datatype: float64}
# - {name: t0_err, datatype: float64}
# - {name: z_err, datatype: float64}
# - {name: c_err, datatype: float64}
# - {name: amplitude_err, datatype: float64}
# - {name: x1_err, datatype: float64}
# - {name: mwebv_err, datatype: float64}
# - {name: chisq, datatype: float64}
# - {name: ndof, datatype: float64}
# - {name: b_max, datatype: float64}
# - {name: delta_15, datatype: float64}
# meta: !!omap
# - band_names: !!python/tuple [sdss_sako18_u1, sdss_sako18_u2, sdss_sako18_u3, sdss_sako18_u4, sdss_sako18_u5, sdss_sako18_u6, sdss_sako18_g1,
#     sdss_sako18_g2, sdss_sako18_g3, sdss_sako18_g4, sdss_sako18_g5, sdss_sako18_g6, sdss_sako18_r1, sdss_sako18_r2, sdss_sako18_r3,
#     sdss_sako18_r4, sdss_sako18_r5, sdss_sako18_r6, sdss_sako18_i1, sdss_sako18_i2, sdss_sako18_i3, sdss_sako18_i4, sdss_sako18_i5,
#     sdss_sako18_i6, sdss_sako18_z1, sdss_sako18_z2, sdss_sako18_z3, sdss_sako18_z4, sdss_sako18_z5, sdss_sako18_z6]
# - lambda_eff: !!python/tuple [3551, 3551, 3551, 3551, 3551, 3551, 4686, 4686, 4686, 4686, 4686, 4686, 6166, 6166, 6166, 6166, 6166,
#     6166, 7480, 7480, 7480, 7480, 7480, 7480, 8932, 8932, 8932, 8932, 8932, 8932]
# - {fit_func: mcmc_fit}
# - {out_path: /global/u1/d/djp81/Photometric-Classification/results/collective_fits/with_ext/sdss_sako18_mcmc_fit_fits.ecsv}
# schema: astropy-2.0
obj_id message band source pre_max post_max vparams t0 z c amplitude x1 mwebv t0_err z_err c_err amplitude_err x1_err mwebv_err chisq ndof b_max delta_15
[from data line 1515]
13903 NONE red hsiao_x1 4 38 amplitude,x1 2453997.0100070806 0.261982 "" -3.3570340188702084e-05 0.0862784779337335 0.03170809476661958 "" "" "" 2.3868741100462724e-06 0.2133649520700508 "" 40.62 40.0 -18.41 0.92
13903 NONE all sn91bg 15 89 t0,amplitude,x1,c 2453998.0881719026 0.261982 0.020299753500995495 4.194073765087349e-17 1.1725960337782049 0.03170809476661958 0.9032749731404044 "" 0.017843509449509097 4.3396488058989365e-18 0.058719150979873735 "" 158.22 95.0 -18.17 1.502
13903 NONE blue sn91bg 6 36 amplitude,x1,c 2453998.0881719026 0.261982 0.035712019840560584 5.756263144863182e-17 1.1929835987210915 0.03170809476661958 "" "" 0.03229784361879131 4.8799084493730266e-18 0.048707873574012364 "" 62.86 37.0 -18.51 1.487
13903 NONE red sn91bg 6 36 amplitude,x1,c 2453998.0881719026 0.261982 0.4621610657101853 4.6688069189421116e-17 1.0608913414180903 0.03170809476661958 "" "" 0.29113712264126324 1.3167275791732756e-17 0.12331057357120054 "" 41.31 37.0 -17.34 1.598
13904 NONE all hsiao_x1 25 84 t0,amplitude,x1 2454007.3479736475 0.216231 "" 5.645813681904769e-05 0.08905511101345363 0.018499643343316035 0.4948001351794581 "" "" 2.104475485715372e-06 0.04312473228654445 "" 193.59 101.0 -19.06 0.917
13904 NONE blue hsiao_x1 15 50 amplitude,x1 2454007.3479736475 0.216231 "" 5.605181431441691e-05 0.09555616509974721 0.018499643343316035 "" "" "" 6.305713072234099e-07 0.034698035064654756 "" 138.61 60.0 -19.05 0.908
13904 NONE red hsiao_x1 10 34 amplitude,x1 2454007.3479736475 0.216231 "" 5.9172994943109734e-05 0.04374892578270799 0.018499643343316035 "" "" "" 1.2638906839520513e-06 0.06910235640545882 "" 49.29 40.0 -19.17 0.981
13904 NONE all sn91bg 25 84 t0,amplitude,x1,c 2454007.3277621996 0.216231 0.007835855416937765 1.1723896546824826e-16 1.1723203951604908 0.018499643343316035 0.5141316549665044 "" 0.019866030774096058 1.8241692339366095e-17 0.14194744002011708 "" 681.61 100.0 -18.84 1.503
13904 NONE blue sn91bg 15 50 amplitude,x1,c 2454007.3277621996 0.216231 0.0036648696240498815 1.3276588764443135e-16 1.2428471455695262 0.018499643343316035 "" "" 0.0035063506043630415 2.7787372187365083e-18 0.006929505842236426 "" 363.51 59.0 -19.03 1.451
13904 NONE red sn91bg 10 34 amplitude,x1,c 2454007.3277621996 0.216231 0.1561345941089663 8.665030718787423e-17 1.2241000064363246 0.018499643343316035 "" "" 0.15221822550801645 1.0017758287889854e-17 0.02280534531116929 "" 81.53 39.0 -18.28 1.464
13907 NONE all hsiao_x1 16 64 t0,amplitude,x1 2454007.5391593333 0.195808 "" 3.652708325653076e-07 -0.021859786718096158 0.01907241886878101 0.40387696126657435 "" "" 6.136343364874747e-05 0.06841384419413503 "" 3902.89 77.0 -7.88 1.088
13907 NONE blue hsiao_x1 8 32 amplitude,x1 2454007.5391593333 0.195808 "" 1.2014025902156065e-05 -0.02393958873976809 0.01907241886878101 "" "" "" 5.8572251960602794e-05 0.027423419034978327 "" 2619.84 38.0 -15.46 1.091
13907 NONE red hsiao_x1 8 32 amplitude,x1 2454007.5391593333 0.195808 "" 5.8664933186061885e-05 0.06786880644966863 0.01907241886878101 "" "" "" 2.742758311267795e-05 0.1522149824504932 "" 95.37 38.0 -18.91 0.946
13907 NONE all sn91bg 20 60 t0,amplitude,x1,c 2454008.966896892 0.195808 0.015759078687519995 1.2873782571012494e-16 1.164635929233563 0.01907241886878101 1.0263925820995083 "" 0.0195087731470839 1.4397571631461154e-17 0.10457500184315466 "" 381.0 76.0 -18.68 1.509
13907 NONE blue sn91bg 10 30 amplitude,x1,c 2454008.966896892 0.195808 0.005376162309875074 1.3695962806944514e-16 1.2436288287612638 0.01907241886878101 "" "" 0.005111489307485589 2.8603743808572204e-18 0.006044421422238518 "" 183.16 37.0 -18.82 1.45
13907 NONE red sn91bg 10 30 amplitude,x1,c 2454008.966896892 0.195808 0.29909068745259604 1.202799741973925e-16 1.2311165993298347 0.01907241886878101 "" "" 0.233722582822019 1.993856144706603e-17 0.018433000136374843 "" 61.9 37.0 -18.11 1.459
13908 NONE all hsiao_x1 15 85 t0,amplitude,x1 2454001.6263788813 0.238429 "" -4.29018915833061e-05 0.1308252232145407 0.03164083064759531 3.1041973282557285 "" "" 1.3938924583182925e-05 0.157837024024358 "" 394.28 97.0 -18.71 0.861
13908 NONE blue hsiao_x1 9 51 amplitude,x1 2454001.6263788813 0.238429 "" -5.038539902452016e-05 0.08803381315772142 0.03164083064759531 "" "" "" 8.375327135283848e-07 0.0668700000209025 "" 196.05 58.0 -19.06 0.918
13908 NONE red hsiao_x1 6 34 amplitude,x1 2454001.6263788813 0.238429 "" -5.020149030197888e-05 0.1009919427730831 0.03164083064759531 "" "" "" 1.7815174078880475e-06 0.11989134894435148 "" 63.37 38.0 -19.05 0.9
13908 NONE all sn91bg 15 85 t0,amplitude,x1,c 2454003.587058173 0.238429 0.015714348016063598 1.0576405475195073e-16 1.0900942173258745 0.03164083064759531 0.8211383563204581 "" 0.021658896950712388 2.979170236269037e-17 0.19626772733951214 "" 515.85 96.0 -18.88 1.571
13908 NONE blue sn91bg 9 51 amplitude,x1,c 2454003.587058173 0.238429 0.009217353421951574 1.1905079606168412e-16 1.2148316152059477 0.03164083064759531 "" "" 0.00894478461937854 5.232868361619917e-18 0.028374573378679747 "" 211.54 57.0 -19.13 1.47
13908 NONE red sn91bg 6 34 amplitude,x1,c 2454003.587058173 0.238429 0.3887097396784096 7.774315580212775e-17 1.202906836197548 0.03164083064759531 "" "" 0.27007766351676193 1.638055382451173e-17 0.04033593614986619 "" 74.23 37.0 -17.93 1.479
13909 NONE all hsiao_x1 35 65 t0,amplitude,x1 2454020.1158111864 0.291893 "" 3.7029329420464994e-09 -2.0651924542130668e-05 0.025794226360953115 0.0017214430240152375 "" "" 5.003535730563337e-11 5.247479139531858e-05 "" 2565.44 87.0 1.11 1.05
13909 NONE blue hsiao_x1 14 26 amplitude,x1 2454020.1158111864 0.291893 "" -9.035135279283998e-06 0.4807292655644607 0.025794226360953115 "" "" "" 4.430239440671021e-05 0.01717399868132159 "" 1965.52 34.0 -15.83 0.537
13909 NONE red hsiao_x1 14 26 amplitude,x1 2454020.1158111864 0.291893 "" 2.569010069383053e-05 0.45047487549862736 0.025794226360953115 "" "" "" 3.420498444654355e-05 0.044062928355350826 "" 255.32 34.0 -18.1 0.558
13909 NONE all sn91bg 30 70 t0,amplitude,x1,c 2454009.8477776204 0.291893 0.011620111236478744 8.382978484182402e-17 1.2289147817420407 0.025794226360953115 0.9348222898937683 "" 0.03886347881712762 3.535903409904858e-18 0.02056405565704113 "" 667.37 96.0 -19.25 1.46
13909 NONE blue sn91bg 12 28 amplitude,x1,c 2454009.8477776204 0.291893 0.004959289922393016 1.1145424206508288e-16 1.2416077065601447 0.025794226360953115 "" "" 0.00450224094856664 2.8037725969034675e-18 0.007832850921050072 "" 297.09 37.0 -19.58 1.451
13909 NONE red sn91bg 12 28 amplitude,x1,c 2454009.8477776204 0.291893 0.2346417745234674 6.581587364543982e-17 1.2103907505275129 0.025794226360953115 "" "" 0.20625790443365705 1.1842813500245237e-17 0.03875425812199854 "" 89.48 37.0 -18.54 1.474
13931 NONE all hsiao_x1 0 95 z,t0,amplitude,x1 2453986.60646936 0.30532568326563564 "" 3.926063777345897e-05 0.23428149117259053 0.02485564149174804 5.274208012045309 0.0643606651897099 "" 6.194800018716444e-06 0.19463729353754278 "" 86.79 91.0 -19.13 0.743
13931 NONE blue hsiao_x1 0 38 amplitude,x1 2453986.60646936 0.30532568326563564 "" 3.865948146132662e-05 0.31239411387044164 0.02485564149174804 "" "" "" 1.5161437577015328e-06 0.10741696791414898 "" 31.32 36.0 -19.1 0.668
13931 NONE red hsiao_x1 0 38 amplitude,x1 2453986.60646936 0.30532568326563564 "" 4.3255282375504325e-05 0.08435804041703722 0.02485564149174804 "" "" "" 2.408080275771513e-06 0.16414769666480833 "" 31.2 36.0 -19.34 0.923
13931 NONE all sn91bg 5 90 z,t0,amplitude,x1,c 2453991.830374716 0.08307366717993798 0.21678203590027378 6.447062750767998e-17 1.1749861352282263 0.02485564149174804 1.8159562416071504 0.023539231903950866 0.2271028231631196 1.6343526331936764e-17 0.08141267256336492 "" 97.01 90.0 -15.53 1.501
13931 NONE blue sn91bg 2 36 amplitude,x1,c 2453991.830374716 0.08307366717993798 0.5771394581879747 1.946776602326094e-16 1.029052207340887 0.02485564149174804 "" "" 0.2786159223329034 1.0816890724417214e-16 0.15231622521194568 "" 36.64 35.0 -15.91 1.63
13931 NONE red sn91bg 3 54 amplitude,x1,c 2453991.830374716 0.08307366717993798 0.28765431292697596 6.262251174753992e-17 1.2005390987694298 0.02485564149174804 "" "" 0.19727673506910723 9.796171637136488e-18 0.042537002705747604 "" 60.73 54.0 -15.38 1.481
13933 NONE all hsiao_x1 20 76 t0,amplitude,x1 2454008.2381638754 0.43253 "" 6.119777025052752e-06 0.06621835580317127 0.05954412783749713 1.3639120386810077 "" "" 3.055720038429427e-05 0.10663989487829716 "" 380.37 93.0 -15.98 0.948
13933 NONE blue hsiao_x1 12 47 amplitude,x1 2454008.2381638754 0.43253 "" 3.1801305707512076e-05 0.05043281191425456 0.05954412783749713 "" "" "" 1.0502123177730398e-06 0.0880329676460553 "" 43.98 57.0 -19.56 0.971
13933 NONE red hsiao_x1 4 15 amplitude,x1 2454008.2381638754 0.43253 "" -1.282033482161778e-07 -0.011351715039700035 0.05954412783749713 "" "" "" 1.0355833893485542e-05 0.29865586077785117 "" 18.26 17.0 -7.59 1.069
13933 NONE all sn91bg 15 81 t0,amplitude,x1,c 2454007.394058864 0.43253 0.056231965051043914 3.967744662377646e-17 1.2000061232179766 0.05954412783749713 1.253488707757099 "" 0.0726114576583271 3.940036882772537e-18 0.05031123873707291 "" 158.16 92.0 -19.35 1.481
13933 NONE blue sn91bg 9 50 amplitude,x1,c 2454007.394058864 0.43253 0.025659590896720284 4.2242262728283394e-17 1.2143901952178306 0.05954412783749713 "" "" 0.025886262774337598 3.0582992353052906e-18 0.032042923484883905 "" 90.19 56.0 -19.48 1.471
13933 NONE red sn91bg 3 16 amplitude,x1,c 2454007.394058864 0.43253 0.498558879128171 -9.963445598511323e-18 0.9523592358262426 0.05954412783749713 "" "" 0.2939868131743872 1.4682118857605308e-17 0.16787579097582137 "" 17.81 16.0 -4.27 nan
13934 NONE all hsiao_x1 15 80 t0,amplitude,x1 2454007.725989221 0.329309 "" 2.5551229680797e-07 -0.06542620651833767 0.08618980799581352 1.777083039846215 "" "" 3.515191701850005e-05 0.10092959804296425 "" 427.34 92.0 -8.39 1.168
13934 NONE blue hsiao_x1 6 32 amplitude,x1 2454007.725989221 0.329309 "" -1.4693599156544975e-05 0.0018097879982006241 0.08618980799581352 "" "" "" 3.196938873821805e-05 0.22367173365199658 "" 206.82 36.0 -17.19 1.047
13934 NONE red hsiao_x1 6 32 amplitude,x1 2454007.725989221 0.329309 "" 5.8737199155840094e-06 -0.1673513994774939 0.08618980799581352 "" "" "" 3.487686463580102e-05 0.21506552424003264 "" 118.37 36.0 -15.2 1.39
13934 NONE all sn91bg 15 80 t0,amplitude,x1,c 2454007.6943245097 0.329309 0.019587998784199673 4.2776128227102664e-17 1.1899760164283666 0.08618980799581352 1.0399045164579628 "" 0.021595407816795305 3.7143745652491015e-18 0.06191295996229225 "" 111.28 91.0 -18.78 1.489
13934 NONE blue sn91bg 6 32 amplitude,x1,c 2454007.6943245097 0.329309 0.045514682799188785 5.943815228292886e-17 1.2045649967780907 0.08618980799581352 "" "" 0.04217012156734512 5.831062208054448e-18 0.03951438319014286 "" 41.24 35.0 -19.11 1.478
13934 NONE red sn91bg 6 32 amplitude,x1,c 2454007.6943245097 0.329309 0.42316429250331405 4.6554547935149395e-17 1.1218164103968817 0.08618980799581352 "" "" 0.2766797860920364 1.2686160758820908e-17 0.10099353918301208 "" 28.15 35.0 -18.05 1.544
13940 NONE all hsiao_x1 5 94 t0,amplitude,x1 2453990.0029691057 0.233716 "" 9.090936402966541e-06 -0.014255528772945104 0.03334099185061839 2.3030098877649143 "" "" 4.384552524215457e-05 0.0924584089932036 "" 603.9 96.0 -15.29 1.074
13940 NONE blue hsiao_x1 3 57 amplitude,x1 2453990.0029691057 0.233716 "" 2.575479846504313e-05 0.01178151191647082 0.03334099185061839 "" "" "" 3.5046834146751485e-05 0.0778976077266334 "" 229.79 58.0 -17.55 1.031
13940 NONE red hsiao_x1 2 37 amplitude,x1 2453990.0029691057 0.233716 "" 2.923837794073705e-05 -0.07105886360084997 0.03334099185061839 "" "" "" 3.782476897502125e-05 0.12780655419026576 "" 121.29 37.0 -17.83 1.179
13940 NONE all sn91bg 10 89 t0,amplitude,x1,c 2453996.6424012906 0.233716 0.03047613068253678 6.959085641468982e-17 1.0664870484824704 0.03334099185061839 0.985191278394553 "" 0.030189235941143276 9.957165407749622e-18 0.1008251654536353 "" 156.47 95.0 -18.34 1.593
13940 NONE blue sn91bg 6 54 amplitude,x1,c 2453996.6424012906 0.233716 0.07443587242784142 8.068936380090889e-17 1.1484572070603891 0.03334099185061839 "" "" 0.05430060734502333 1.0093545930437434e-17 0.07212761986098948 "" 72.97 57.0 -18.49 1.522
13940 NONE red sn91bg 4 35 amplitude,x1,c 2453996.6424012906 0.233716 0.4644712130969837 7.81348430309067e-17 1.0264806097673855 0.03334099185061839 "" "" 0.2827481955892619 2.0366057867347104e-17 0.11725741932493194 "" 61.95 36.0 -17.59 1.633
13942 NONE all hsiao_x1 5 95 t0,amplitude,x1 2453990.4862706657 0.528565 "" 5.1886835908452025e-06 0.20896605487503156 0.025196216721965484 3.8750828839645344 "" "" 2.5183185876570144e-05 0.1955054294081814 "" 211.11 97.0 -16.15 0.77
13942 NONE blue hsiao_x1 3 57 amplitude,x1 2453990.4862706657 0.528565 "" 2.1225074339974454e-05 0.19998758496925134 0.025196216721965484 "" "" "" 1.6221222543960425e-05 0.1514602572719237 "" 54.68 58.0 -19.21 0.78
13942 NONE red hsiao_x1 1 19 amplitude,x1 2453990.4862706657 0.528565 "" 1.3767729782804033e-05 0.17426949777257814 0.025196216721965484 "" "" "" 3.2863833824244894e-05 0.1955700938198154 "" 28.21 18.0 -18.27 0.809
13942 NONE all sn91bg 10 90 t0,amplitude,x1,c 2453997.153632398 0.528565 0.06878812225667094 3.606494368931635e-17 1.1439677484047153 0.025196216721965484 1.7715998789658838 "" 0.061267232518276614 5.984273105153636e-18 0.08813276085496498 "" 70.26 96.0 -19.7 1.526
13942 NONE blue sn91bg 6 54 amplitude,x1,c 2453997.153632398 0.528565 0.07300678263682166 3.8645415463682194e-17 1.0934799360480765 0.025196216721965484 "" "" 0.058442568640102464 6.8507515829641774e-18 0.10346604857912439 "" 43.12 57.0 -19.72 1.568
13942 NONE red sn91bg 2 18 amplitude,x1,c 2453997.153632398 0.528565 0.5541017501758327 5.352500376975244e-17 1.0156029390891899 0.025196216721965484 "" "" 0.2892686486383578 2.1291607033774414e-17 0.16027702066220986 "" 18.6 17.0 -19.07 1.644
13946 NONE all hsiao_x1 15 85 t0,amplitude,x1 2454003.312989072 0.244831 "" -2.4094052838538978e-05 0.2329151629325836 0.029870794201652597 2.3753787464002127 "" "" 1.851011084981777e-05 0.2655566110765868 "" 163.18 97.0 -17.52 0.744
13946 NONE blue hsiao_x1 9 51 amplitude,x1 2454003.312989072 0.244831 "" -3.088353924202109e-05 0.22536523744270334 0.029870794201652597 "" "" "" 1.1303446960856724e-06 0.14489613530998055 "" 56.84 58.0 -18.06 0.752
13946 NONE red hsiao_x1 6 34 amplitude,x1 2454003.312989072 0.244831 "" -3.216292226627487e-05 0.30088845955502125 0.029870794201652597 "" "" "" 1.800886750747302e-06 0.15731539591699698 "" 34.17 38.0 -18.15 0.678
13946 NONE all sn91bg 10 90 t0,amplitude,x1,c 2453997.317557975 0.244831 0.5499283955123503 2.7661733761994505e-16 1.0000306134611452 0.029870794201652597 0.0018028444514033854 "" 6.340698067495981e-05 3.0512618703252577e-18 6.217646007371825e-05 "" 2567.01 96.0 -18.89 1.661
13946 NONE blue sn91bg 6 54 amplitude,x1,c 2453997.317557975 0.244831 0.029081663818401368 4.735887793319834e-17 1.219332625775583 0.029870794201652597 "" "" 0.026805532977334352 3.396950491907413e-18 0.030485750369826696 "" 120.91 57.0 -18.16 1.467
13946 NONE red sn91bg 4 36 amplitude,x1,c 2453997.317557975 0.244831 0.5354945534980029 4.016629851524302e-17 1.1808645466524894 0.029870794201652597 "" "" 0.2834309189559063 9.699136476569413e-18 0.06519195473260932 "" 51.82 37.0 -16.96 1.496
1395 NONE all hsiao_x1 0 94 t0,amplitude,x1 2453618.7218798185 0.184968 "" 6.356145604331381e-05 -0.014455853920814974 0.024267432020080425 1.7975195042534415 "" "" 3.52581990318011e-05 0.17616467939836683 "" 373.35 91.0 -18.94 1.075
1395 NONE blue hsiao_x1 0 56 amplitude,x1 2453618.7218798185 0.184968 "" 7.535549811387227e-05 0.0019824282633567744 0.024267432020080425 "" "" "" 1.2441539318331193e-06 0.04096881954024643 "" 53.88 54.0 -19.31 1.047
