results/collective_fits/with_ext/sdss_sako18_simple_fit_class.ecsv
# %ECSV 0.9
# ---
# datatype:
# - {name: obj_id, datatype: string}
# - {name: x, datatype: float64}
# - {name: y, datatype: float64}
# schema: astropy-2.0
obj_id x y
10028 -30.734722222222224 -61.826105263157885
10036 0.26653650254668937 0.09166666666666656
10037 -1.1580797101449276 -0.18271739130434783
1008 -3.7451794871794872 -0.49305496828752626
10096 -5.129166666666666 0.8576904761904771
10106 -2.0127205387205387 -0.9537777777777778
10113 -0.7767948717948719 -0.4183333333333332
10146 -0.7638833333333335 0.01973846153846126
10154 -0.3490062111801243 0.041063492063492024
10299 -3.9220526315789472 -0.4482631578947369
1032 -0.2952729384436701 0.034053426248548346
10324 -3.7579999999999996 -1.1207777777777779
10434 -10.546813186813186 -23.158203463203463
10449 -9.585404040404041 -4.381298701298701
10450 -3.1104678362573095 -0.22567251461988325
10460 0.0854954954954954 -0.36371376811594214
10480 0.1905640423031727 0.3841897233201581
10506 0.31923599320882856 -0.5386666666666666
10517 -0.2079254079254078 0.14669117647058827
10524 -0.08903531438415158 -0.8715201465201465
10550 -0.5594285714285716 -0.011857142857142788
10559 -3.096797385620915 -0.26192810457516336
10620 -0.009256678281068575 0.07238095238095255
10690 -0.9509999999999996 -0.376
10805 -14.38666666666667 -269.57206060606063
10843 -0.4677230769230768 -0.057076923076923025
10991 -0.3764512820512822 -0.1516
10997 -0.6594444444444444 -0.40129629629629626
11026 -3.6128676470588235 -0.5125
11067 -49.13464285714286 -76.83839743589743
11092 -10.181503496503495 -0.6538095238095245
11093 -1.299318181818182 -1.2322222222222226
11098 -1.215641025641026 0.07595238095238088
1112 -1.3216358463726885 0.04653627311522057
11120 -3.64301282051282 -23.553744588744586
11156 -17.070833333333333 -3.109047619047619
11172 -0.45655263157894743 -1.4269473684210527
11181 -1.7184523809523813 -1.0771428571428574
1119 -1.4813012477718361 -0.3599019607843137
11192 0.017625000000000002 -0.136541666666667
11206 -1.5589682539682541 -0.09000000000000008
11300 -3.2185 -4.76825
11306 -2.2031521739130433 0.17245
11311 -5.121238095238095 -1.6484615384615384
11314 -0.2326442307692308 -0.020119047619047814
11317 -0.4854999999999998 -0.3234705882352942
11370 -0.9945767195767197 -0.3738970588235294
11452 -5.29325 -0.79075
11478 -0.9626666666666666 0.23550000000000004
11518 -0.35517857142857157 0.26055555555555543
11523 -0.45380252100840335 -0.3440277777777778
11540 -5.324090909090909 0.20103174603174612
11557 -1.7733333333333334 -0.018571428571428683
11564 0.022733333333333383 0.9055128205128204
1158 -0.21467632850241547 -0.19296703296703288
11650 -11.510833333333334 -2.1341666666666668
1166 -0.6890725806451612 -0.1666190476190476
11723 -5.382936507936508 0.5860714285714284
11771 -0.8152597402597402 0.04870129870129869
11858 -0.8017460317460317 -0.12928571428571423
11864 -0.6152930402930403 -0.34496336996336996
12076 -1.582575757575757 -0.15361111111111114
12087 -0.09805555555555545 -0.32033333333333336
12110 -0.7145555555555554 -0.14777777777777756
12133 -0.4207142857142857 0.03347619047619044
12136 -0.9945714285714289 -1.244857142857143
1214 -1.8533913043478263 -0.1684251207729468
12199 -1.0803846153846153 -1.3254807692307693
12213 -0.5775588235294117 0.2307407407407409
12308 -4.913990384615384 -0.27230769230769214
12310 -1.0776923076923077 0.24596153846153834
1241 -9.338001422475106 -30.809950213371266
1253 -3.135775401069519 -0.0010160427807486272
12779 -0.5053597560975611 -5.331090294041114
12780 1.3430437756497948 16.086898944193067
12781 -0.06455284552845564 -2.7959598214285717
12804 -4.228640243902439 -2.060842044134727
1282 -0.1971925133689838 -0.1200603318250375
12840 -0.1589164904862579 -0.06934460887949256
12841 -0.33175475687103595 -0.17536469344608885
12843 -3.1147743055555557 -1.237188160676533
1285 -0.345258467023173 0.00019607843137259273
12850 -0.265 -0.33495570321151724
12851 -0.057862188457950214 -0.17227040048178255
12852 -0.48712543554007004 -0.19210801393728227
12853 -5.970900297619048 -1.085969802555168
12855 -4.691641025641026 -0.8352948717948716
12856 -25.41879661016949 -3.364833333333333
12860 -2.235552325581395 -5.561167969675432
12864 -0.8940540540540542 1.3930451127819552
12869 -1.5818938786420746 -0.20163009404388754
12875 -0.4051214574898786 0.22242948717948718
12879 -0.3606342494714587 -0.19290169133192414
12881 -3.0067752148349163 -0.9235887949260042
12883 -0.44072009291521486 0.0944599303135889
12897 31.1596996996997 -16.94917725347852
12898 -9.77535561877667 -45.99445251058681
12907 -1.6733086419753085 -1.8523577235772355
12924 1.2825106685633005 -2.201491228070176
12927 -15.619833635813674 -1.57551920341394
12928 -0.4971141649048625 -0.8438742071881609
12930 -14.409378629500582 -2.642073170731707
12936 0.008690211345939947 0.05458333333333332
12939 -0.2716316764433466 -0.20106300813008116
12940 -0.37082503556187774 0.4412865497076024
12941 -0.026798336798336875 -2.0123175675675675
12947 -12.654147444595207 -0.4630919661733617
12950 -10.640718918918918 -35.342591914569034
12964 -0.3222183507549361 -0.41570847851335735
12971 -2.6692286706349204 -1.1039024390243903
12972 -3.09781068524971 -0.21683507549361203
12974 -0.06293263646922176 0.0728861788617885
12977 -4.273820598006644 -0.9136212624584718
12978 -17.47279365079365 -9.810079365079364
12979 -0.30994901960784316 -0.1328395061728398
12983 -0.3761614401858303 -0.31577235772357715
13005 -0.3761855036855035 -2.1459645177411293
13009 -0.8281060606060606 -0.44712121212121203
13016 -2.777632135306554 -0.1832241014799154
1302 -1.4303679078014189 -1.224375
13025 -1.332216253443526 -1.0491724683544303
13038 -14.851282051282052 -61.64793169398908
13044 -16.026749471458775 -11.45238927738928
13045 -2.115729166666667 -0.5268315018315018
13051 -1.6359056316590561 -0.26834115805946834
13066 0.19601190476190444 -0.3045238095238094
13070 -21.693546626984126 -1.75760162601626
13072 -3.8561145833333335 -0.22238095238095257
13079 -0.2297294372294374 0.05863636363636382
13096 -1.1593622795115333 -0.07314285714285707
13099 -2.784556025369979 -0.52696088794926
13101 -0.05848989898989898 -0.09028019323671499
13108 0.056845238095238004 0.09905391120507401
13135 -10.137679012345679 -20.622900603199582
13136 -0.5259639953542393 0.03455263157894739
13147 -0.017119628339140602 0.10971428571428565
13149 -0.3205555555555555 -0.05519512195121945
13152 -12.070521857923497 -1.7263205128205128
1316 -2.2394252873563216 -0.31307965860597453
13168 -0.021650793650793587 -0.062323232323232336
13174 -6.609395801331285 -0.8093147502903598
13177 0.004878048780487809 -0.20961672473867599
13244 -0.4476329787234046 -0.06568705673758868
13254 -1.7768640350877194 -0.5266425531914891
13275 -0.0020166608816384324 0.05296536796536788
13302 0.04468253968253977 0.05139024390243918
13305 -7.225474576271186 -1.0692692307692309
13323 -2.6013287250384027 -0.7499070847851339
13327 -1.2990545016561281 -0.2954697380307132
13329 -0.37691269841269825 -0.24601851851851841
13333 -2.678853065539111 -0.40174418604651163
13334 0.05994405594405605 -0.2103541226215646
13336 0.8080111072544256 -0.8698051948051947
13339 2.2863186813186815 -1.4271203776553896
13344 -0.5152087542087542 -0.455382882882883
13354 -15.89102356902357 -2.8482222222222227
13357 -7.6704267425320065 -4.650697012802276
13370 -2.9952188552188552 -0.8386269841269842
13378 -0.2182503556187766 -0.19719772403982927
13383 -0.7823291925465838 -0.07957839262187072
13393 -0.2345898004434589 -0.12645787139689568
13411 -3.453419913419913 -1.4047371081900906
1342 -0.5289615384615384 0.07416666666666671
13423 -0.21851995565410187 -0.13142857142857156
13425 0.18200814111261865 -0.028160676532769546
13429 -0.07726753048780499 -0.533
13441 -0.3230705128205129 -0.3986794871794872
13452 -0.4038738127544098 -0.07354761904761897
13460 -1.1446167247386758 -0.2215505226480835
13465 -0.3765064102564104 -0.08766025641025643
13467 -15.02360601265823 -18.635267083249346
13476 -1.2295448717948718 -0.25702564102564096
13477 -0.22547038327526137 -0.3481823461091753
13479 -0.3045895522388058 0.3746031746031747
13487 -0.20864635364635364 -0.05770164046479831
13489 0.05636898312954641 0.18929078014184397
13491 -1.0179609929078008 0.06077127659574466
13492 0.16378643096034395 0.1517028985507245
13494 -0.5094001080886329 0.1326633374947982
13495 2.094703014184397 -1.1777777777777774
13497 -0.05878966692892729 -0.02956410256410269
13506 -0.2918125960061446 -0.3499535423925668
13507 -0.6374783549783548 -0.49575757575757584
13510 -1.180391304347826 -0.026473429951690886
13511 -3.1609710144927536 -0.30400000000000027
13518 -0.46432432432432424 -0.13189189189189188
13520 -1.7117425320056898 -0.8260597439544806
13529 -1.3696301564722613 -0.4509743954480798
13532 -1.5496217948717947 -0.37343589743589756
1354 -0.14084920634920628 -0.020293650793650753
13545 -0.9180859969558601 -0.11451241134751777
13554 -0.8206968641114982 0.05848151062155782
13558 -0.2239871794871795 0.2353947368421052
13578 -7.665154264972777 -0.2546159317211949
13590 -0.34535842293906815 -0.3685263157894738
13597 -0.27335277968428295 -0.03237931034482755
13610 -3.2534024390243905 -0.22411149825783971
13615 -0.3769038461538463 0.6669999999999998
13617 -0.36311529933481146 -0.035825206301575374
13629 -1.058724358974359 -0.9301217948717946
13633 -0.5317924126172209 -0.1503174603174604
13641 -9.731649831649833 -1.3839920634920637
13646 -1.2449679487179484 -0.5145512820512821
13649 -0.2904871794871796 -0.07225000000000004
13655 0.15152148664343779 -0.12993612078977934
13657 -0.6086996336996335 -0.11134727061556327
13659 -0.031166666666666787 -0.24175438596491217
13660 -0.005860597439544812 -0.013202614379084987
13662 -0.2131153846153847 -0.16663461538461533
13675 -0.43642105263157904 -0.9288653846153845
13677 -0.5308653846153846 -0.19504878048780483
13689 -14.194109311740892 -1.3897500000000003
13703 -7.184942956349206 -0.8535481997677119
1371 -15.031180836707152 -25.050494535519125
13716 0.07146405919661714 -0.10386363636363649
13727 -5.580845734126984 -1.005243902439024
13729 -0.08536414565826334 0.006142857142857117
13732 -0.6376393442622952 -0.11043859649122778
13734 -0.22656448202959845 -0.02647619047619043
13736 -37.36400468384075 -2.282890243902439
13737 -1.736937003968254 -0.10426315789473684
13757 -11.625621794871794 -1.1683782051282052
13766 -0.10057315233785824 0.2805649350649351
13768 -0.6778164924506387 0.07999999999999996
1378 -0.11822222222222223 0.587020202020202
13780 -0.12684210526315787 0.06258333333333344
13784 -0.8664067796610169 -1.3361987179487178
13785 0.05713414634146341 0.20188095238095227
13786 -0.6715526315789473 -0.3314166666666667
13796 -37.876228070175436 -3.167211948790896
13806 -0.8219503993274486 0.11490350877192979
13807 -0.4382134780642244 -0.026547619047619042
13813 -3.1701311623699686 -0.35441331923890096
13820 -0.06440766550522659 0.060499419279906874
13830 -1.39174358974359 -0.44769871794871796
13833 -0.4318058914728682 -0.07988095238095227
13834 -0.49965367965367957 0.1397186147186147
13835 -10.425339743589745 -0.49618589743589736
13836 -1.033858695652174 -0.12109090909090903
13843 -1.2760437737041723 -0.1513888888888888
1385 -1.0918951612903225 -0.10578629032258069
13859 -0.41293844367015087 -0.5613335955940205
13861 -1.129751984126984 -0.1777368421052632
13864 -6.570007112375534 -0.46146514935988625
13867 -0.5363846153846155 -0.26091025641025634
13894 -8.628620199146516 -5.358781004234725
13896 -2.612183060109289 -0.9934615384615388
13897 -1.6982486338797813 -1.1560192307692307
13898 -0.4658620689655173 -0.6700213371266
13901 -0.7546702964307321 -0.322875816993464
13902 -0.20990240240240232 -0.2135419630156472
13903 -0.4899189189189188 -0.06229729729729705
13904 -3.762692090395481 -0.7977756410256407
13907 -2.425711237553343 -0.597795163584637
13908 -0.317171808832426 -0.3033499288762447
13909 -5.8150782361308675 -0.6245661450924607
13931 -0.182436507936508 -0.21333333333333337
13933 -0.7784085213032583 -0.003382352941176281
13934 -0.4478492063492062 -0.05905555555555564
13940 0.1542165759225651 0.017199699699699478
13942 -0.1242740471869328 -0.34915032679738556
13946 -0.3279340592861464 -0.16928876244665725
1395 -1.949332634521314 -0.5223412698412697
13952 -1.0001538461538462 -0.24601923076923082
13953 -1.095070512820513 -0.6548589743589743
13956 0.050945945945946036 -0.08709103840682797
13958 -2.7026742532005685 -0.656394025604552
13971 -0.6602252252252252 -0.34311561561561565
13996 -0.21869871794871787 -2.059176788124156
13998 -0.06411149825783968 -0.28718648018648096
14019 -1.262412935323383 -0.12063953488372092
14024 -0.6337108013937282 -0.9960162601626017
1403 -0.11963492063492054 0.18668253968253967
14035 -0.094815078236131 -0.15333570412517772
14046 -0.021349726775956368 -0.09239766081871337
14074 -1.0834615384615385 -0.210403846153846
14087 -0.042275641025641075 -0.05693169398907105
14093 -0.7089869585468094 -0.08298319327731107
14108 -2.418737280296022 -2.2797473404255317
14113 -0.5086265884652983 -1.004179600886918
14126 -0.23198775510204084 -0.06300000000000017
14131 -0.0850687103594081 0.05856060606060598
14137 -0.1507681159420291 -0.03027053140096614
14149 -0.4516787658802177 -0.08238562091503265
1415 -0.5498469387755103 -1.250070564516129
14157 -11.459221841704718 -0.640084219858156
14173 0.02962626262626289 -0.3920588235294118
14205 -1.0597368421052638 -0.8155689900426739
14206 -1.6061649580615103 -0.8208771929824563
14212 -4.116581935483871 -0.3043230063109583
14227 -0.09604336043360417 0.15139317073170722
14231 -0.5252543424317617 -2.056508538899431
14250 -1.3420897435897436 -0.25156410256410244
14258 0.07282851817334546 0.8316666666666666
14260 -1.1508179231863445 -0.335547652916074
14261 -2.061108974358974 -0.3682051282051282
14268 -0.9718732525629076 -0.2800877192982455
14279 -109.039122983871 -201.3539880952381
14284 -19.720849969751963 -2.1048506401137983
14298 -6.876044871794871 -0.30846153846153834
14303 -0.9134210526315789 -0.07272200772200765
14304 -0.908072546230441 -0.2462280701754388
14305 -1.3009729729729729 -0.4687894736842104
14308 -0.1341309523809524 -0.07341269841269837
14311 0.12930769230769235 -0.07052564102564096
14317 -10.967218500797447 -0.8043693693693696
14318 5.131666666666668 -3.2561666666666667
14322 -0.1728307254623045 -0.33385964912280697
14327 -0.9452213114754098 -0.17093567251461983
14330 0.2182930298719774 -0.28771692745376987
14331 -4.851648517846339 -0.3717283072546227
14333 -6.181047619047619 -0.1409761904761906
14340 -0.625 0.05290476190476179
14342 -0.16198427102238355 -0.06447712418300644
14343 -3.461941678520626 -0.47337126600284507
14346 -0.2380000000000002 0.05483974358974364
14347 -1.3086015037593983 -0.7445224171539961
14357 -0.8681120218579236 -0.03494152046783633
14361 -0.5186538461538464 -0.2274999999999998
14372 -0.1997094594594595 -0.07756140350877205
14375 -2.3279374110953057 -1.636927453769559
14377 -8.397368421052633 -2.6921052631578943
14382 -0.25963806451612903 -0.052481707317073134
14389 0.13601683501683537 -0.2628015873015874
14397 -0.8738731443994603 -0.03327485380116957
14403 -3.020839260312945 0.15114509246088192
14421 -13.84229292929293 -1.3848650793650794
14425 -0.2638596491228069 -0.25130630630630624
14429 -0.3848484848484848 0.14764705882352946
14430 -0.12204016913319249 -0.15136363636363626
14437 -31.202034965034965 -1.843377378435518
14438 -4.917560975609756 -0.5290650406504066
14444 -2.430106646825397 -0.2563821138211382
14445 -0.6978196721311475 -0.21084615384615413
14446 -1.3631217948717946 0.004987179487179416
14451 -20.22104706504495 -2.505170731707317
14452 -0.6122499999999997 0.07723717948717956
14453 0.021138211382113803 0.7965079365079362
14455 0.059789473684210614 -0.018706512042818924
14456 -0.6280631578947368 -0.21370877192982451
14463 -1.6013233082706768 -0.8955458089668616
14467 -0.3854029304029304 -0.2906904761904763
14470 -6.501120082815736 -0.347536231884058
14478 0.0037707641196012 0.026168076109936766
14480 -0.6902083333333333 -0.5790416666666665
14481 -2.169783653846154 -0.3425842044134728
14491 -0.3066886497743839 0.47477272727272735
14496 0.5966666666666665 0.20692307692307688
14498 -0.27318234610917547 -0.2922067363530778
14500 -0.3323462301587301 -0.0796842105263158
