results/collective_fits/with_ext/sdss_sako18_mcmc_fit_fits.ecsv
# %ECSV 0.9
# ---
# datatype:
# - {name: obj_id, datatype: string}
# - {name: message, datatype: string}
# - {name: band, datatype: string}
# - {name: source, datatype: string}
# - {name: pre_max, datatype: int64}
# - {name: post_max, datatype: int64}
# - {name: vparams, datatype: string}
# - {name: x1, datatype: float64}
# - {name: c, datatype: float64}
# - {name: mwebv, datatype: float64}
# - {name: z, datatype: float64}
# - {name: amplitude, datatype: float64}
# - {name: t0, datatype: float64}
# - {name: x1_err, datatype: float64}
# - {name: c_err, datatype: float64}
# - {name: mwebv_err, datatype: float64}
# - {name: z_err, datatype: float64}
# - {name: amplitude_err, datatype: float64}
# - {name: t0_err, datatype: float64}
# - {name: chisq, datatype: float64}
# - {name: ndof, datatype: float64}
# - {name: b_max, datatype: float64}
# - {name: delta_15, datatype: float64}
# meta: !!omap
# - band_names: !!python/tuple [sdss_sako18_u1, sdss_sako18_u2, sdss_sako18_u3, sdss_sako18_u4, sdss_sako18_u5, sdss_sako18_u6, sdss_sako18_g1,
#     sdss_sako18_g2, sdss_sako18_g3, sdss_sako18_g4, sdss_sako18_g5, sdss_sako18_g6, sdss_sako18_r1, sdss_sako18_r2, sdss_sako18_r3,
#     sdss_sako18_r4, sdss_sako18_r5, sdss_sako18_r6, sdss_sako18_i1, sdss_sako18_i2, sdss_sako18_i3, sdss_sako18_i4, sdss_sako18_i5,
#     sdss_sako18_i6, sdss_sako18_z1, sdss_sako18_z2, sdss_sako18_z3, sdss_sako18_z4, sdss_sako18_z5, sdss_sako18_z6]
# - lambda_eff: !!python/tuple [3551, 3551, 3551, 3551, 3551, 3551, 4686, 4686, 4686, 4686, 4686, 4686, 6166, 6166, 6166, 6166, 6166,
#     6166, 7480, 7480, 7480, 7480, 7480, 7480, 8932, 8932, 8932, 8932, 8932, 8932]
# - {fit_func: mcmc_fit}
# - {out_path: /global/u1/d/djp81/Photometric-Classification/results/collective_fits/with_ext/sdss_sako18_mcmc_fit_fits.ecsv}
# schema: astropy-2.0
obj_id message band source pre_max post_max vparams x1 c mwebv z amplitude t0 x1_err c_err mwebv_err z_err amplitude_err t0_err chisq ndof b_max delta_15
[from data line 1052]
11732 NONE red sn91bg 17 4 amplitude,x1,c 0.9501726738153525 0.5657244729984037 0.03081126603501575 0.418291 2.2006043939316063e-17 2453692.908752105 0.1729332813402935 0.2924398081711519 "" "" 2.3793215461233278e-17 "" 10.53 7.0 -17.42 1.72
11771 NONE all hsiao_x1 85 15 t0,amplitude,x1 -0.18745916731867807 "" 0.030568395678139317 0.256095 6.924842174385744e-06 2453694.560834573 0.12153821193632595 "" "" "" 3.59596971546891e-05 1.4611278416621776 315.6 37.0 -14.92 1.441
11771 NONE blue hsiao_x1 34 6 amplitude,x1 -0.12913988501212995 "" 0.030568395678139317 0.256095 3.407541951068509e-05 2453694.560834573 0.09119643647197308 "" "" "" 1.3510913511643987e-06 "" 7.45 14.0 -18.38 1.301
11771 NONE red hsiao_x1 34 6 amplitude,x1 -0.0916871388225782 "" 0.030568395678139317 0.256095 2.478335316723602e-05 2453694.560834573 0.17559177720426422 "" "" "" 3.337085170883756e-05 "" 64.75 14.0 -17.69 1.221
11771 NONE all sn91bg 85 15 t0,amplitude,x1,c 1.081284434895235 0.049436551706596235 0.030568395678139317 0.256095 4.8441482929772323e-17 2453698.5249892543 0.12928449901832262 0.04165124888076362 "" "" 6.8115172118066375e-18 1.31604970933491 26.7 26.0 -18.15 1.579
11771 NONE blue sn91bg 34 6 amplitude,x1,c 1.0350907808606626 0.05511551144723653 0.030568395678139317 0.256095 5.274168766595463e-17 2453698.5249892543 0.14159570531543644 0.04806889564264066 "" "" 8.391075332248982e-18 "" 17.06 9.0 -18.19 1.624
11771 NONE red sn91bg 34 6 amplitude,x1,c 0.93433297310566 0.477035750482951 0.030568395678139317 0.256095 7.330783266720211e-17 2453698.5249892543 0.16712585077655687 0.2889857037470351 "" "" 1.9808449006309885e-17 "" 8.48 9.0 -17.64 1.74
11773 NONE all hsiao_x1 179 10 t0,amplitude,x1 -0.08709764198809085 "" 0.02845577921575735 0.28123 -3.81577294156635e-05 2453702.3353689513 0.2239657245329094 "" "" "" 3.0890877330008695e-05 5.7480741050206 2053.01 47.0 -18.86 1.211
11773 NONE blue hsiao_x1 72 4 amplitude,x1 -0.34048973395582327 "" 0.02845577921575735 0.28123 -6.673684164493986e-05 2453702.3353689513 0.034948722482288454 "" "" "" 6.731213120079473e-07 "" 60.69 18.0 -20.08 1.912
11773 NONE red hsiao_x1 72 4 amplitude,x1 -0.28708701981923074 "" 0.02845577921575735 0.28123 -6.169728972939415e-05 2453702.3353689513 0.09633054250536155 "" "" "" 1.3915055205860516e-06 "" 18.93 18.0 -19.91 1.731
11773 NONE all sn91bg 189 0 t0,amplitude,x1,c 1.1756987135637753 0.0033004586879333063 0.02845577921575735 0.28123 1.6376368524801705e-16 2453706.7410167544 0.13179309115661159 0.005746985472188518 "" "" 1.1535256305734514e-17 1.2940581647880733 912.76 31.0 -19.86 1.5
11773 NONE blue sn91bg 76 0 amplitude,x1,c 1.2381518305235755 0.0024466846076210648 0.02845577921575735 0.28123 1.813444944141407e-16 2453706.7410167544 0.010168726194948175 0.0025073472834763405 "" "" 3.641680743584063e-18 "" 429.62 11.0 -20.02 1.454
11773 NONE red sn91bg 76 0 amplitude,x1,c 1.2229355814193696 0.47491381693386403 0.02845577921575735 0.28123 1.538239687450522e-16 2453706.7410167544 0.024376733290277182 0.2785369584124569 "" "" 3.2269129995498915e-17 "" 32.39 11.0 -18.92 1.464
11785 NONE all hsiao_x1 100 5 z,t0,amplitude,x1 -0.04842986459229527 "" 0.030440931884128237 0.2121211733148769 2.336008445647974e-05 2453701.3226405927 0.27881403491977524 "" "" 0.09315090952010997 1.3301199590734719e-05 4.512607528874836 51.04 21.0 -17.1 1.136
11785 NONE blue hsiao_x1 60 3 amplitude,x1 -0.13538807724829602 "" 0.030440931884128237 0.2121211733148769 3.1575819596313935e-05 2453701.3226405927 0.14984603755997583 "" "" "" 1.4108217537752286e-06 "" 17.22 13.0 -17.75 1.315
11785 NONE red hsiao_x1 40 2 amplitude,x1 0.036083044947181446 "" 0.030440931884128237 0.2121211733148769 8.771268426099519e-06 2453701.3226405927 0.273590185312985 "" "" "" 2.4125758639030675e-05 "" 18.66 8.0 -14.97 0.993
11785 NONE all sn91bg 100 5 z,t0,amplitude,x1,c 1.1158750182466575 0.16386199818458713 0.030440931884128237 0.1383098757302462 4.252512421315565e-17 2453702.1608204595 0.11778347652415705 0.20306558748288023 "" 0.07781856749328338 9.669530142252953e-18 2.675266528617748 39.65 15.0 -16.33 1.549
11785 NONE blue sn91bg 40 2 amplitude,x1,c 1.052508076889519 0.6802045902420945 0.030440931884128237 0.1383098757302462 2.0589511114615218e-16 2453702.1608204595 0.14871923362854153 0.24367187865561266 "" "" 9.733934887835427e-17 "" 10.58 5.0 -16.98 1.606
11785 NONE red sn91bg 40 2 amplitude,x1,c 1.0492574517415492 0.5681925499928011 0.030440931884128237 0.1383098757302462 2.5960714035387475e-17 2453702.1608204595 0.15292220475410528 0.28766566035069724 "" "" 1.0420642972031898e-17 "" 11.35 5.0 -14.95 1.609
11793 NONE all hsiao_x1 10 95 z,t0,amplitude,x1 0.35398325846650225 "" 0.04344823142362535 0.239055594543513 -1.4135391862719202e-06 2453628.0503190826 0.21532730049007717 "" "" 0.13320675285498976 4.162104154452458e-05 7.252616120431362 1229.68 101.0 -11.3 0.632
11793 NONE blue hsiao_x1 6 57 amplitude,x1 0.4852716232314672 "" 0.04344823142362535 0.239055594543513 -2.567252998579002e-05 2453628.0503190826 0.01864722291216207 "" "" "" 3.378347907009014e-05 "" 515.67 61.0 -17.6 0.534
11793 NONE red hsiao_x1 4 38 amplitude,x1 0.3175609329721311 "" 0.04344823142362535 0.239055594543513 6.4871548147261e-06 2453628.0503190826 0.1819957832459417 "" "" "" 4.841644897741546e-05 "" 458.79 40.0 -14.61 0.663
11793 NONE all sn91bg 30 75 z,t0,amplitude,x1,c 0.9999668594118595 0.5499996128038006 0.04344823142362535 0.22501454947622998 2.7986706717998727e-16 2453645.6824341193 5.324973709657344e-05 8.974691665766476e-05 "" 2.8547222386188257e-05 3.1252843793449168e-18 0.001760218990951864 1112.59 100.0 -18.69 1.661
11793 NONE blue sn91bg 18 45 amplitude,x1,c 1.2342790984446084 0.04934704900683139 0.04344823142362535 0.22501454947622998 7.523912811985262e-17 2453645.6824341193 0.015178708097570855 0.038957056639329864 "" "" 7.149075660000267e-18 "" 552.59 60.0 -18.43 1.456
11793 NONE red sn91bg 12 30 amplitude,x1,c 1.23158440656693 0.3985644686186872 0.04344823142362535 0.22501454947622998 1.03425953871646e-16 2453645.6824341193 0.017713111433947906 0.26821584401640236 "" "" 2.078169190787387e-17 "" 247.65 39.0 -18.11 1.458
11798 NONE all hsiao_x1 79 10 t0,amplitude,x1 0.025613916371470417 "" 0.03045159052309409 0.325916 -1.7286439210590783e-05 2453699.09587173 0.19734971120841693 "" "" "" 4.200672570871864e-05 2.4204938224775012 545.56 32.0 -17.51 1.009
11798 NONE blue hsiao_x1 32 4 amplitude,x1 0.05154778733675178 "" 0.03045159052309409 0.325916 -4.5431904147890007e-05 2453699.09587173 0.0608027687835623 "" "" "" 1.0219873613391062e-06 "" 10.59 12.0 -19.61 0.97
11798 NONE red hsiao_x1 32 4 amplitude,x1 0.16424818223010873 "" 0.03045159052309409 0.325916 -4.502285760580336e-05 2453699.09587173 0.13981029755111254 "" "" "" 1.8416558606574122e-06 "" 7.42 12.0 -19.59 0.821
11798 NONE all sn91bg 84 5 t0,amplitude,x1,c 1.1952963510441037 0.011256350823309039 0.03045159052309409 0.325916 7.652609124785659e-17 2453703.523055703 0.05157851400440388 0.010854646911298721 "" "" 5.5461427359733425e-18 1.2076513530094333 131.28 26.0 -19.41 1.485
11798 NONE blue sn91bg 34 2 amplitude,x1,c 1.13208308774615 0.02003519848533981 0.03045159052309409 0.325916 9.766301411044681e-17 2453703.523055703 0.09242266554311633 0.017788936127717446 "" "" 9.961414958661688e-18 "" 73.24 9.0 -19.6 1.535
11798 NONE red sn91bg 34 2 amplitude,x1,c 1.1460506528004497 0.4425928296208586 0.03045159052309409 0.325916 8.368301384372683e-17 2453703.523055703 0.089148625612637 0.28580420294142794 "" "" 2.0961843848749457e-17 "" 24.52 9.0 -18.64 1.524
11836 NONE all hsiao_x1 70 10 z,t0,amplitude,x1 -0.20382867392873874 "" 0.03081991577868444 0.285720891605817 -9.718785194816136e-06 2453699.923085355 0.1600392877986529 "" "" 0.09022345232577611 4.542403978722439e-05 3.112333960412739 867.07 31.0 -15.93 1.485
11836 NONE blue hsiao_x1 28 4 amplitude,x1 -0.16467198304587874 "" 0.03081991577868444 0.285720891605817 -2.0257385539589043e-05 2453699.923085355 0.08623066261541701 "" "" "" 4.567960720468755e-05 "" 568.37 12.0 -17.53 1.384
11836 NONE red hsiao_x1 28 4 amplitude,x1 -0.12126468676257221 "" 0.03081991577868444 0.285720891605817 -4.491627869836087e-05 2453699.923085355 0.16109034325720759 "" "" "" 2.1315753525835337e-06 "" 5.01 12.0 -19.26 1.283
11836 NONE all sn91bg 70 10 z,t0,amplitude,x1,c 0.9363714050914228 0.031308521985404104 0.03081991577868444 0.06503660270832033 1.137265087623445e-16 2453700.1238977583 0.2169989204739477 0.043243212190556164 "" 0.011011017837964597 2.899163647082859e-17 0.6155916180091633 57.81 20.0 -15.75 1.738
11836 NONE blue sn91bg 28 4 amplitude,x1,c 1.0531924491142424 0.44927414892759343 0.03081991577868444 0.06503660270832033 2.840426793822548e-16 2453700.1238977583 0.12031979944635858 0.28228626002341933 "" "" 1.5163856766527343e-16 "" 20.48 7.0 -16.03 1.606
11836 NONE red sn91bg 42 6 amplitude,x1,c 1.079323838620083 0.14846915201842548 0.03081991577868444 0.06503660270832033 9.205947747850784e-17 2453700.1238977583 0.134126950012029 0.13068325864372418 "" "" 1.619590137323107e-17 "" 17.8 12.0 -15.43 1.581
11839 NONE all hsiao_x1 113 0 z,t0,amplitude,x1 -0.039906633587624134 "" 0.04172603950844936 0.28496330427061883 1.968950049840792e-05 2453707.5600340157 0.23050702136093634 "" "" 0.09067232564172858 2.685573850343419e-05 5.394313625894612 108.97 19.0 -17.46 1.12
11839 NONE blue hsiao_x1 45 0 amplitude,x1 -0.21983161111951458 "" 0.04172603950844936 0.28496330427061883 3.76919140774151e-05 2453707.5600340157 0.13427330461684003 "" "" "" 2.023847190339325e-06 "" 8.61 7.0 -18.87 1.529
11839 NONE red hsiao_x1 46 0 amplitude,x1 -0.19181463413524563 "" 0.04172603950844936 0.28496330427061883 3.8187820612444315e-05 2453707.5600340157 0.18429604319220888 "" "" "" 4.6782166865006415e-06 "" 10.6 8.0 -18.9 1.453
11839 NONE all sn91bg 113 0 z,t0,amplitude,x1,c 0.9829155637014655 0.14018269915157314 0.04172603950844936 0.10523333190587907 7.142211649619053e-17 2453706.0636106017 0.1695651562532413 0.11497263899264593 "" 0.05183320835841143 1.2652001643684728e-17 1.6924250581744364 27.36 18.0 -16.19 1.681
11839 NONE blue sn91bg 44 0 amplitude,x1,c 0.9335350353794344 0.6199070689746116 0.04172603950844936 0.10523333190587907 2.3558156776171046e-16 2453706.0636106017 0.1425512827398093 0.2550497656846464 "" "" 1.0869060911086992e-16 "" 9.33 5.0 -16.51 1.741
11839 NONE red sn91bg 69 0 amplitude,x1,c 1.1045144243761542 0.3679366349516818 0.04172603950844936 0.10523333190587907 6.791213106982241e-17 2453706.0636106017 0.09898404360481591 0.2712439693148667 "" "" 1.7064670525149586e-17 "" 16.36 12.0 -15.79 1.558
11850 NONE all hsiao_x1 90 15 z,t0,amplitude,x1 0.060595907152995655 "" 0.13400540088618726 0.2597467464559556 2.405893429007729e-05 2453688.7510955282 0.3485236952887007 "" "" 0.08677687637194278 2.0826596537103992e-05 5.803903058409319 2038.49 61.0 -17.66 0.957
11850 NONE blue hsiao_x1 36 6 amplitude,x1 0.49218196593647756 "" 0.13400540088618726 0.2597467464559556 5.9567281063062426e-05 2453688.7510955282 0.008026388846936636 "" "" "" 7.318363649924535e-07 "" 148.94 24.0 -19.63 0.529
11850 NONE red hsiao_x1 36 6 amplitude,x1 0.48857232483379787 "" 0.13400540088618726 0.2597467464559556 6.744829927288029e-05 2453688.7510955282 0.011390534891492641 "" "" "" 1.1499494854556997e-06 "" 90.43 24.0 -19.9 0.532
11850 NONE all sn91bg 105 0 z,t0,amplitude,x1,c 1.000023562498658 0.5499637521653347 0.13400540088618726 0.2249916776083066 7.384778546741198e-16 2453705.897947197 6.22409952323408e-05 7.609515972111368e-05 "" 2.0934374903193935e-05 6.821001113077886e-18 0.001618222569788764 2805.39 25.0 -19.74 1.661
11850 NONE blue sn91bg 63 0 amplitude,x1,c 1.2123617786562038 0.03358670399165072 0.13400540088618726 0.2249916776083066 1.34093935541702e-16 2453705.897947197 0.04217982956474916 0.031203237690391124 "" "" 1.0655217404540449e-17 "" 250.76 15.0 -19.07 1.472
11850 NONE red sn91bg 42 0 amplitude,x1,c 1.2313928715490514 0.5765932642131872 0.13400540088618726 0.2249916776083066 1.6441172366235033e-16 2453705.897947197 0.02057878068011648 0.27827751796217637 "" "" 3.283221715094769e-17 "" 171.61 9.0 -18.25 1.458
11854 NONE all hsiao_x1 105 5 t0,amplitude,x1 -0.39919116498091695 "" 0.0906438998512414 0.107588 2.310779517117249e-05 2453702.5147659327 0.13310363306636983 "" "" "" 5.104001501188089e-05 0.9916715238239138 382.96 27.0 -15.46 2.126
11854 NONE blue hsiao_x1 42 2 amplitude,x1 -0.3948187841339686 "" 0.0906438998512414 0.107588 5.445051737212882e-05 2453702.5147659327 0.08663888872533566 "" "" "" 1.924107275802938e-06 "" 10.56 10.0 -17.32 2.109
11854 NONE red hsiao_x1 63 3 amplitude,x1 -0.4570654600483135 "" 0.0906438998512414 0.107588 5.8693353196985685e-05 2453702.5147659327 0.038755180407266825 "" "" "" 1.9754249279826235e-06 "" 26.34 16.0 -17.48 2.339
11854 NONE all sn91bg 105 5 t0,amplitude,x1,c 1.0028743823726611 0.0218089181835708 0.0906438998512414 0.107588 1.1857984377804743e-16 2453704.137743358 0.1584019754535783 0.022483027812499196 "" "" 1.2901119014641913e-17 1.2775229554317804 67.64 21.0 -17.02 1.658
11854 NONE blue sn91bg 42 2 amplitude,x1,c 1.0422765839003298 0.46387590761441044 0.0906438998512414 0.107588 4.406062756253328e-16 2453704.137743358 0.12181444647290958 0.32615372231222195 "" "" 2.778009256199665e-16 "" 26.61 7.0 -17.62 1.616
11854 NONE red sn91bg 63 3 amplitude,x1,c 1.0125771342470404 0.4826952958889935 0.0906438998512414 0.107588 1.42473383629592e-16 2453704.137743358 0.10404597835309719 0.26794207902895467 "" "" 3.135855337856249e-17 "" 26.29 12.0 -16.33 1.647
11855 NONE all hsiao_x1 105 5 z,t0,amplitude,x1 0.02832297151436216 "" 0.08201707204182024 0.23923516272422835 -9.379103318246828e-07 2453704.719011881 0.30352631673623026 "" "" 0.07459364396605672 3.6987347545998616e-05 4.606847259073158 318.67 26.0 -10.41 1.005
11855 NONE blue hsiao_x1 63 3 amplitude,x1 -0.3135343360717055 "" 0.08201707204182024 0.23923516272422835 8.434607706503316e-08 2453704.719011881 0.10768250488567321 "" "" "" 4.593207799320512e-05 "" 259.56 16.0 -5.18 1.818
11855 NONE red hsiao_x1 42 2 amplitude,x1 0.026418740106236453 "" 0.08201707204182024 0.23923516272422835 -5.888297705330788e-07 2453704.719011881 0.11114978682162945 "" "" "" 4.418054910536476e-05 "" 59.35 10.0 -9.4 1.008
11855 NONE all sn91bg 110 0 z,t0,amplitude,x1,c 1.1916188844547506 0.2535345534819222 0.08201707204182024 0.0921964877847087 9.658803048988927e-17 2453705.312175437 0.05777391906402626 0.24575635825181674 "" 0.04281083529046376 2.6364369559047598e-17 1.3757120728531118 58.01 20.0 -16.14 1.488
11855 NONE blue sn91bg 44 0 amplitude,x1,c 1.0495009514527176 0.6736794332843523 0.08201707204182024 0.0921964877847087 4.0362138467356e-16 2453705.312175437 0.10900759539898497 0.24915876243640356 "" "" 1.6889480236503804e-16 "" 12.05 7.0 -16.78 1.609
11855 NONE red sn91bg 66 0 amplitude,x1,c 1.1540448422551794 0.4218885443522774 0.08201707204182024 0.0921964877847087 8.952130686581147e-17 2453705.312175437 0.08126659669162449 0.26876217692719195 "" "" 1.9437928362208103e-17 "" 18.24 12.0 -15.72 1.518
11858 NONE all hsiao_x1 90 15 t0,amplitude,x1 -0.07645576240636003 "" 0.03519241698490381 0.289718 -1.3693081309028354e-05 2453698.150806792 0.19138152418816345 "" "" "" 3.0676547437624856e-05 2.107649051310123 183.2 32.0 -16.71 1.19
11858 NONE blue hsiao_x1 36 6 amplitude,x1 -0.07459419936739738 "" 0.03519241698490381 0.289718 -3.281090857990015e-05 2453698.150806792 0.15327288459774796 "" "" "" 1.3491483273125954e-06 "" 6.0 12.0 -18.61 1.186
11858 NONE red hsiao_x1 36 6 amplitude,x1 -0.18837326975811972 "" 0.03519241698490381 0.289718 -3.751998185790186e-05 2453698.150806792 0.19460717488805984 "" "" "" 2.859528034751583e-06 "" 11.71 12.0 -18.9 1.444
