results/collective_fits/with_ext/sdss_sako18_simple_fit_class.ecsv
# %ECSV 0.9
# ---
# datatype:
# - {name: obj_id, datatype: string}
# - {name: x, datatype: float64}
# - {name: y, datatype: float64}
# schema: astropy-2.0
obj_id x y
[from data line 1047]
18221 0.14634072580645152 -0.23296370967741953
18224 -0.039444444444444504 0.02154761904761915
1823 -2.2564181286549707 -1.8634210526315793
18241 -13.861414285714284 -29.20153249850924
18242 0.1368136932192232 0.23929166666666668
18243 -0.6287701612903225 0.048229166666666656
1825 -0.018696741854636434 -0.23475817923186337
18253 -0.38703968253968246 0.006857142857142895
18254 0.06800356506238858 -0.2846880570409982
18256 0.15047939444911695 -0.16351219512195136
18273 -0.029066901408450585 -0.30316705790297327
18275 -0.40920682730923685 -0.08250712250712255
18276 -0.21269747899159674 -0.4964603174603174
18283 -0.26011764705882345 -0.25475630252100845
18286 -0.19450793650793652 0.04706633906633906
18288 -0.2970625942684766 -0.13645833333333357
18298 -0.08128378378378387 -0.12371445856019347
18301 -0.19193404634581113 -0.19778966131907316
18304 -1.3518492063492065 -0.43448412698412686
18307 1.2840250896057344 -1.3053333333333332
18312 -0.8278060109289616 -0.274415204678363
18323 -16.93281462585034 -2.596592741935484
18324 -0.4068412698412699 -0.1517063492063493
18325 -7.154305555555555 -1.4955092592592591
18333 -0.02343551797040133 -0.13502114164904877
18339 -1.9349573257467994 -0.22541251778093863
18344 -0.30474025974025953 0.1347863247863248
1835 -1.7251742160278747 -0.28103948896631825
18351 -0.31387700534759366 -0.1898484848484846
18358 -0.06185057471264366 -0.1419999999999999
18362 -0.5159193121693121 -0.30081081081081085
18363 -0.3585064102564103 -0.1038589743589744
18374 -1.4461587301587298 -0.3852063492063491
18375 -3.9397119815668207 -29.18936054421769
18380 1.600805860805861 -1.1804761904761905
18389 0.1281782125859332 -0.24012195121951208
18405 -0.435647226173542 -0.2998245614035089
18415 -3.887539682539683 -4.167566137566137
18430 -0.24870512820512802 -0.06666666666666687
18446 -0.3408250355618778 0.13807017543859645
18450 -0.5220474137931036 -0.15814814814814815
18451 -0.36689176688251646 -0.1066666666666668
18454 -0.5236904761904762 -0.3333650793650793
18456 -3.9579698581560283 -0.42326203208556157
18463 -6.164901960784314 -0.34042780748663093
18466 -3.357700816151203 -1.3888814484126988
18468 0.1406381381381382 0.17749249249249255
18473 0.03403439153439147 -0.17271164021164032
18475 0.9460483091787442 -0.3704827586206896
18479 -1.3516137566137567 -0.18607142857142844
18485 -5.3035483870967735 -1.2607661290322585
18486 -13.20565159574468 -1.364688172043011
18582 0.46008458646616557 -1.0021399428804572
18588 -0.310642857142857 0.22398571428571423
18589 -0.36977142857142853 -0.2972893772893773
18602 -16.466521739130435 -2.9160326086956525
18604 -4.40276858162934 -0.2829939668174961
18606 0.1721076923076923 -0.5374307692307692
18612 -3.1572714285714287 -11.471138938580799
18617 -0.8874444444444444 -0.2814444444444446
18626 -0.3773280423280423 -0.22443121693121748
18630 -0.8379846153846155 -0.14004615384615415
18644 -0.12569999999999992 -1.3435714285714284
18647 -2.25388198757764 -1.4049259259259252
18650 -17.73026153846154 -34.515115384615385
18666 -0.9547491638795986 0.21303418803418794
18697 -14.221918103448274 -51.64639909297052
18704 -1.459857142857143 -0.2288174603174603
18721 -0.8602323232323231 -0.30761029411764707
18722 -0.8980546519193231 -0.4597597597597598
18740 -16.727445045045044 -1.8466799645390068
18741 -0.16200604838709676 -0.08062499999999995
18747 0.29550000000000004 0.2964999999999999
18749 -3.476364795918367 -0.6171572580645162
18751 12.312662337662339 4.585170068027211
18761 -0.6201897533206832 -0.09896584440227718
18767 -0.8293649193548386 -0.22224798387096767
18768 -5.226080701754387 -0.7744098883572565
18782 -3.0468548387096774 -0.3785483870967741
18787 -4.833158114309553 -0.6575332068311195
18789 -1.8024798387096774 -0.3126704545454546
18797 -0.9931763059701495 -0.20580995475113184
18800 -0.15553752535496967 -0.29534482758620684
18802 -0.20092838196286456 -0.03301388888888912
18803 0.11480186480186483 -0.06732323232323245
18804 -27.92803265306123 -1.6445738636363636
18807 -12.981673076923077 -1.2822649572649572
18809 -3.2946428571428568 -5.16942118226601
18824 0.016730172795746512 -0.3580087719298245
18827 -9.056030303030305 -2.026062618595825
18835 -17.88317663817664 -26.4123693379791
18836 -0.32451417004048577 -0.19607287449392696
18839 -0.4787687969924814 0.028125000000000178
18851 -0.49565539112050727 -0.2174242424242423
18855 -2.831714285714286 -23.450499999999998
18884 -0.5278333333333332 -0.030146198830409476
18890 3.7964307692307693 10.953942414174971
18903 3.5921794871794863 -2.959492307692308
18907 0.7536862244897955 -0.8523891129032255
18909 -20.01048798798799 -0.00036231884057968955
18917 -3.184814016172507 -0.39361904761904754
18920 -0.739987745098039 0.033092979127134825
18927 -1.933707482993197 -1.2073487903225808
18940 -6.260461215932914 -0.17150793650793617
18941 -0.02185185185185179 -0.10226489028213159
18942 -1.0628808446455507 -0.07945833333333341
18943 -1.5217731092436977 -0.24305882352941177
18945 -5.711503267973857 -2.3935947712418297
18947 -1.0163092979127135 -0.13686907020872874
18948 -0.21174395161290338 -0.5469052419354838
18952 -0.39006465517241395 0.367801724137931
18953 -0.050058608058607845 0.15804867448935256
18954 0.12385632183908069 -0.01512179487179477
18959 -0.4697278911564624 -0.6290476190476175
18961 -0.8571034482758622 -0.14357142857142857
18965 -12.003643617021277 -0.3377923387096775
18971 -0.5142676767676766 -0.5409595959595961
18972 0.25986206896551733 -0.2102873563218391
18973 -0.49735897435897436 -0.15620634920634924
18990 -0.8309874608150469 -0.3268954248366014
18993 -1.9047632575757576 -2.7560625
19000 -9.29296551724138 -0.18298850574712644
19002 -13.757513227513225 -0.5541931216931217
19003 -3.353646153846154 9.721256410256409
19008 -3.177506410256411 -0.8365692307692308
19013 0.08033591731266154 -0.04280219780219785
19014 0.052843915343915415 -0.1311904761904763
19023 -8.654682692307693 -0.7375565610859728
19025 -1.059916943521594 -0.15006410256410208
19027 -1.9703174603174602 -0.41974867724867737
19029 -2.447619047619048 -0.8466137566137566
19030 -0.6847384615384615 -0.030933333333333257
19032 -1.4422153846153847 -0.5637179487179487
19033 -0.6194739756367662 -0.12788461538461537
19045 -0.5837016317016324 -1.1907202797202796
19048 -0.13628571428571434 -0.7016428571428572
19051 -7.228269387755102 -0.7293714285714288
19052 -0.8057142857142856 -0.32738095238095233
19059 -0.2796134083679961 -0.22272727272727266
19065 4.577526595744681 0.8647479838709679
19067 -2.1456613756613763 -0.48612433862433857
19068 0.3471296296296298 -0.25026143790849675
19069 0.25887115352970225 -0.12343434343434334
19070 -1.4084166666666667 -0.1730303030303031
19072 0.3156309523809526 -0.04896226415094307
19078 -0.3267012947907255 -0.008599999999999941
19088 -0.1481999999999999 -0.24136923076923078
19091 -0.7353100775193799 0.17307692307692302
19099 -0.48250000000000004 1.034166666666667
19101 -5.468978978978978 -0.6157971014492752
19104 -0.4803091787439613 -0.2606043956043955
19128 -6.374289473684211 -0.5188157894736843
19132 -0.04687830687830685 -0.06916666666666665
19144 -0.1983361344537815 -0.17119047619047623
19149 -29.91583992094862 -1.7667471264367813
19155 -296.532935483871 -145.2170354609929
19165 -0.6679854809437387 -0.18421568627451002
19174 -7.287951690821255 -0.9099193548387097
19175 -0.3747849462365591 -0.14828629032258067
19180 -0.16723333333333334 -0.26900178253119444
19188 -0.40778205128205125 0.005412280701754479
19190 -1.8153571428571427 -1.8768226600985223
19195 -0.061124708624708535 -0.42915441176470587
19205 -3.3155555555555556 -0.4138212560386476
19207 -2.5692298850574717 -0.5032528735632184
19209 -0.2044179894179894 -0.711810631229236
1921 0.06393772032902467 -0.16374414414414395
19211 -0.9622883597883602 -0.23017857142857145
19212 -0.11480186480186472 -0.08960784313725512
19220 -7.687582582582582 -1.0632246376811594
19230 -2.6185326688815063 -0.3606746031746031
19246 -0.7597471264367814 -0.2222413793103447
19274 -1.1419714285714286 -0.4514571428571429
19282 -42.75838056680162 -1.4665538461538465
19308 -0.27642391304347835 -0.3094444444444445
19317 0.3921650055370982 -0.1410449735449737
19322 -0.9872413793103447 -0.6335163398692811
19323 -1.6526923076923075 2.759784615384616
19332 -0.6601165501165505 0.5432180293501048
19334 -0.3377645502645502 0.052289377289377215
19335 -0.34242528735632205 -0.22404597701149442
19336 -0.029254658385093224 -0.3231111111111111
19338 -0.299706349206349 -0.062129629629629424
19339 -0.06937142857142864 -0.0372527472527473
19341 -2.068015726179463 -0.42882056451612893
19344 -0.24116755793226385 -0.11042613636363652
19346 -0.4822638146167568 -0.31869875222816413
19347 -3.5374092741935486 -0.4391834677419353
19350 -0.21374074074074056 -0.037190476190475996
19352 -0.1497291666666668 -0.23520833333333335
19353 -30.752632135306555 -2.3531157635467976
19359 4.162133333333334 -1.6237398373983742
19361 -0.4253694581280788 0.9424444444444446
19365 -0.9800403225806452 -0.045809523809523744
19377 -2.0521674876847293 -0.049935897435897436
19381 -12.952852852852853 -0.6909230769230765
19389 -1.4065282392026577 -0.11647435897435898
19399 -0.9220345345345347 -0.3240196560196562
19408 0.22196428571428584 -0.019487179487179374
19414 -0.13437037037037047 -0.2090740740740742
19417 0.6086000000000003 -0.7254487179487177
19424 -1.510066137566138 -0.05952380952380959
19425 0.13562820512820528 0.3010615384615385
19434 -0.18966666666666687 -0.7333695652173913
19449 -1.0122615384615385 -0.46376923076923093
19459 -0.11349999999999993 0.35302083333333323
19461 -0.4639439655172415 -0.2571874999999999
19467 0.08022857142857143 0.12257326007326019
19468 -0.3681168558217739 0.005508771929824574
19484 -0.7881048387096775 -0.04494959677419352
19490 -0.9001043643263757 -0.13286764705882348
19492 0.0016666666666667052 0.10523809523809513
19494 0.008583208395802067 -0.17928571428571427
19499 -1.8837126436781608 -0.24442995169082127
19501 -0.5072999999999999 0.8060285714285713
19517 0.33187572590011616 -0.022936507936508033
19518 -0.2239786096256684 0.1344771241830065
19523 -0.394301270417423 -0.12150326797385624
19525 3.7024292929292937 -0.5036553030303033
19531 0.33840000000000003 -0.5027564102564102
19543 -7.0029692307692315 -15.482115384615383
19545 -1.675846560846561 -0.16642857142857181
19552 -1.3373653846153848 -0.27636363636363637
19555 0.6810256410256414 -1.2331250000000002
19556 -2.9200604838709676 -0.4026612903225807
19557 -0.15129164231443548 -0.11101307189542475
19559 -0.9889147286821705 -0.23297619047619045
19565 0.046071428571428985 -0.19977207977207978
19573 -0.9701495016611295 -0.22794871794871807
19575 -0.36592948717948715 -0.1315384615384616
1958 0.11846031746031738 -0.011904761904761862
19582 -0.2362000000000002 0.07711538461538459
19593 -2.1550302419354836 -0.379142857142857
19596 -4.5495230769230774 -0.2699384615384617
19604 -0.8740923076923077 -0.15079999999999993
19616 -43.55670718816067 -2.9598045977011496
19619 -0.7892439516129031 -0.13644153225806432
19625 -1.1400403225806452 -0.17175403225806452
19626 -22.355625 -9.027956521739132
19632 -2.0763709677419357 -0.4662802419354839
19636 -2.686461538461538 -0.8944871794871796
19652 -0.04169669669669673 -0.4205978260869565
19658 -32.70788537549407 -0.9188339920948615
19668 -2.9648807017543857 -0.18382246376811606
19689 0.8128414634146339 0.24592473118279545
19690 -0.7970434397163118 -0.05554945054945071
19702 -1.9454769230769229 -0.3791692307692309
19708 -6.611196013289037 -0.6354942528735632
19723 -2.8952083333333336 -0.4295555555555557
19742 -0.8621376811594204 -0.4956521739130433
19757 -2.421140819964349 -0.10144444444444456
19758 -0.7742867867867871 -0.07281818181818167
19762 -0.23269841269841263 -0.07526024363233619
19764 -0.5829551282051281 -0.07257575757575763
19769 -1.7986363636363636 -1.2536147186147186
19772 2.997657004830918 -0.6268045977011494
19775 -5.413946488294315 -2.312775919732441
19776 -3.4210606060606064 -0.2693333333333332
19778 -3.269429590017825 -0.15599999999999992
1978 0.03362019914651504 -0.5260810810810811
19784 0.2771349963316214 0.16165534804753823
19787 0.605320512820513 -0.3196923076923075
1979 -0.25288288288288285 0.18111664295874808
19791 -0.22450000000000014 -0.19512820512820517
19793 0.1998985801217038 -0.3433653846153846
19794 0.006904761904761747 -0.12329365079365073
19804 -1.5745550239234447 0.13271021021021023
19818 -3.8184827586206893 -0.7229310344827587
19821 -2.688421052631579 -0.258
19825 -1.956516129032258 -0.05019047619047634
19848 -0.7871458333333334 0.05270833333333336
19899 -188.6137878787879 -214.41151515151518
1991 -0.41905128205128195 -0.18282051282051293
19913 -15.452121212121211 -3.1323809523809523
19940 -55.91075268817205 -9.752882352941176
19953 -56.76532679738562 -51.63093915343915
19968 -98.75222222222223 -165.83440229885056
19969 -16.265523809523806 -3.9374414715719066
1998 -0.177190476190476 -0.01935413642960815
19986 -0.10612268518518508 1.0285714285714285
19987 -0.6077488372093024 0.1267105263157895
19990 -4.925816091954022 -0.549264367816092
19992 -13.51218954248366 -2.1910784313725493
2000 0.7811904761904813 132.61928956228954
20033 -2.804642857142857 -1.0933850931677016
20039 -16.476 -2.3721666666666668
20040 -8.864805194805195 -0.7255411255411256
20043 -1.3236000000000003 0.009102564102564159
20046 -8.607107692307691 -1.0516769230769232
20047 -0.39888418079096066 -0.01152709359605919
20048 -8.151099163679808 -2.0171176470588237
20051 -9.78925806451613 -2.030473684210527
20064 -55.386526315789474 -30.510252873563218
20065 0.05308377896613181 -0.22234402852049917
20084 -3.280705882352941 -2.137735294117647
20088 -11.038996132208158 -1.4434001636661213
20090 -1.099191919191919 -1.436212121212121
20097 -6.422047502047501 -0.8049999999999999
20104 -0.7118322981366465 -0.012074074074074126
20106 -0.9743073593073592 -0.38335497835497834
20111 -20.574233333333332 -9.292625000000001
20125 -7.371241545893721 -0.9097278225806451
20128 -0.9833971291866028 0.2504848484848483
20141 0.2122023809523811 -0.2940476190476191
20142 -9.522037037037036 -1.0412037037037036
20144 -19.497870370370368 -1.3851307189542483
20152 -1.7552173913043476 -1.4489130434782607
2017 -2.2499603174603173 -0.4139920634920635
20171 0.2029803921568627 -0.2835333333333334
20183 -0.9510714285714285 -0.48231060606060594
20184 0.3007368421052632 -0.28015789473684194
20185 -1.4803230769230769 -0.26059999999999994
20186 -2.2067532467532467 -0.2910822510822513
20191 -0.46399999999999997 -0.8744322344322344
20208 -0.2022408026755853 3.0162656641604007
20217 -0.5482767722473607 -0.27834464555052785
20227 -7.806264705882352 -1.038
20231 -1.8097023809523807 -0.17212121212121212
20232 -6.865471264367816 -0.7252894736842106
20245 -2.5865263157894733 -0.7042105263157894
20257 -0.9602461538461536 -0.0061076923076923695
20262 0.24169960474308283 -0.003695652173912878
20267 -1.0342492492492492 -0.2679090909090911
20268 -0.6423623188405797 -0.26335164835164826
20272 -0.35236054421768714 -0.02054166666666668
20273 -0.6323459119496855 -0.2117763157894736
20276 -1.2793285714285716 -0.2899857142857143
20278 -0.3484965034965035 -0.7610256410256411
2030 -0.6049333333333333 -0.3526648841354725
20301 -0.1865608465608466 1.2091737891737893
2031 -25.29306184012066 -3.6282352941176472
20316 0.14855496453900718 -0.142318548387097
20319 -0.7818571428571426 0.024871428571428433
20331 1.3434022988505752 -0.3422105263157895
20345 -10.628421052631579 -0.6753157894736841
20350 0.07376315789473709 -0.9480263157894737
20364 -5.605645833333334 -0.24161904761904762
20376 1.930161290322581 -1.2634210526315792
20386 -2.1096557971014493 -0.5659420289855073
20391 -0.0751307189542485 -0.6660648148148149
20394 -0.6712681159420291 0.10041666666666682
20397 -1.0054117647058827 -1.1059074074074076
20399 -0.9961397849462363 0.020394736842105243
20400 -2.0169281045751637 -0.6686928104575163
20408 -0.16918461538461538 -0.12025641025641032
2041 -1.216039488966318 -0.3659269162210337
20411 0.10797658862876258 -0.5344658119658121
