results/collective_fits/with_ext/sdss_sako18_mcmc_fit_fits.ecsv
# %ECSV 0.9
# ---
# datatype:
# - {name: obj_id, datatype: string}
# - {name: message, datatype: string}
# - {name: band, datatype: string}
# - {name: source, datatype: string}
# - {name: pre_max, datatype: int64}
# - {name: post_max, datatype: int64}
# - {name: vparams, datatype: string}
# - {name: t0, datatype: float64}
# - {name: z, datatype: float64}
# - {name: c, datatype: float64}
# - {name: amplitude, datatype: float64}
# - {name: x1, datatype: float64}
# - {name: mwebv, datatype: float64}
# - {name: t0_err, datatype: float64}
# - {name: z_err, datatype: float64}
# - {name: c_err, datatype: float64}
# - {name: amplitude_err, datatype: float64}
# - {name: x1_err, datatype: float64}
# - {name: mwebv_err, datatype: float64}
# - {name: chisq, datatype: float64}
# - {name: ndof, datatype: float64}
# - {name: b_max, datatype: float64}
# - {name: delta_15, datatype: float64}
# meta: !!omap
# - band_names: !!python/tuple [sdss_sako18_u1, sdss_sako18_u2, sdss_sako18_u3, sdss_sako18_u4, sdss_sako18_u5, sdss_sako18_u6, sdss_sako18_g1,
#     sdss_sako18_g2, sdss_sako18_g3, sdss_sako18_g4, sdss_sako18_g5, sdss_sako18_g6, sdss_sako18_r1, sdss_sako18_r2, sdss_sako18_r3,
#     sdss_sako18_r4, sdss_sako18_r5, sdss_sako18_r6, sdss_sako18_i1, sdss_sako18_i2, sdss_sako18_i3, sdss_sako18_i4, sdss_sako18_i5,
#     sdss_sako18_i6, sdss_sako18_z1, sdss_sako18_z2, sdss_sako18_z3, sdss_sako18_z4, sdss_sako18_z5, sdss_sako18_z6]
# - lambda_eff: !!python/tuple [3551, 3551, 3551, 3551, 3551, 3551, 4686, 4686, 4686, 4686, 4686, 4686, 6166, 6166, 6166, 6166, 6166,
#     6166, 7480, 7480, 7480, 7480, 7480, 7480, 8932, 8932, 8932, 8932, 8932, 8932]
# - {fit_func: mcmc_fit}
# - {out_path: /global/u1/d/djp81/Photometric-Classification/results/collective_fits/with_ext/sdss_sako18_mcmc_fit_fits.ecsv}
# schema: astropy-2.0
obj_id message band source pre_max post_max vparams t0 z c amplitude x1 mwebv t0_err z_err c_err amplitude_err x1_err mwebv_err chisq ndof b_max delta_15
[from data line 10364]
5350 NONE all hsiao_x1 30 49 t0,amplitude,x1 2453656.5838303557 0.17431 "" 6.660459011807318e-09 -1.8401849895560455e-05 0.16619963075101807 0.0017831617368621246 "" "" 7.333881387302163e-11 8.948216129360642e-05 "" 3343.86 61.0 1.1 1.05
5350 NONE blue hsiao_x1 18 29 amplitude,x1 2453656.5838303557 0.17431 "" 3.415378295249219e-05 -0.07984183171984963 0.16619963075101807 "" "" "" 7.740528824880907e-05 0.02980292000429191 "" 1863.36 36.0 -17.45 1.196
5350 NONE red hsiao_x1 12 20 amplitude,x1 2453656.5838303557 0.17431 "" -1.7432978118333193e-05 -0.15043354343129706 0.16619963075101807 "" "" "" 8.275017266453337e-05 0.0701112821713386 "" 664.22 24.0 -15.99 1.35
5350 NONE all sn91bg 30 49 t0,amplitude,x1,c 2453656.584429578 0.17431 0.5499592855201402 1.3590531332889158e-15 0.9999799785949257 0.16619963075101807 0.0020604425870315557 "" 9.994481232424116e-05 1.9950379394399084e-17 6.864475970299908e-05 "" 20073.09 60.0 -19.79 1.661
5350 NONE blue sn91bg 18 29 amplitude,x1,c 2453656.584429578 0.17431 0.005038183037846034 2.4163959067557337e-16 1.2351413712223946 0.16619963075101807 "" "" 0.007735199246839181 1.1119554788470439e-17 0.024246562141706094 "" 434.9 35.0 -19.15 1.456
5350 NONE red sn91bg 12 20 amplitude,x1,c 2453656.584429578 0.17431 0.6389992152213405 2.0103901584176193e-16 1.1961685446851231 0.16619963075101807 "" "" 0.25245798147102855 3.3358914036822965e-17 0.04228759875463567 "" 43.48 23.0 -17.71 1.484
5359 NONE all hsiao_x1 25 55 z,t0,amplitude,x1 2453648.286089239 0.35808792390805066 "" 2.4582891723103865e-05 0.22443321045866055 0.0649227243457742 3.7799932181269544 0.06857603220161435 "" 2.0863892202538453e-05 0.16094801604880835 "" 138.72 71.0 -18.52 0.753
5359 NONE blue hsiao_x1 10 22 amplitude,x1 2453648.286089239 0.35808792390805066 "" 3.4715904299848066e-05 0.1770968416458968 0.0649227243457742 "" "" "" 1.6150059797836287e-06 0.11918467805574323 "" 29.86 28.0 -19.27 0.805
5359 NONE red hsiao_x1 10 22 amplitude,x1 2453648.286089239 0.35808792390805066 "" 3.6847995822017e-05 0.2734750433303881 0.0649227243457742 "" "" "" 2.086135712701258e-06 0.1513534065204141 "" 20.87 28.0 -19.4 0.704
5359 NONE all sn91bg 20 60 z,t0,amplitude,x1,c 2453645.450930569 0.13015942063764518 0.20631050491779246 6.007193812456938e-17 1.221006817942406 0.0649227243457742 0.8922019475218232 0.03837412737222171 0.1316908577978969 8.194815543166217e-18 0.03159042176645191 "" 66.21 70.0 -16.56 1.466
5359 NONE blue sn91bg 8 24 amplitude,x1,c 2453645.450930569 0.13015942063764518 0.6686260157694607 2.009482543793776e-16 1.1270679362058516 0.0649227243457742 "" "" 0.24697919248084807 9.759074202958549e-17 0.09497926238788186 "" 16.68 27.0 -16.9 1.539
5359 NONE red sn91bg 8 24 amplitude,x1,c 2453645.450930569 0.13015942063764518 0.4942590434335485 6.757850467268643e-17 1.1836681472085466 0.0649227243457742 "" "" 0.2932985621944503 1.3472391649581128e-17 0.055301501987212974 "" 33.73 27.0 -16.08 1.494
5363 NONE all hsiao_x1 10 65 z,t0,amplitude,x1 2453635.9903910193 0.26875283702095487 "" 3.910975783990053e-05 -0.03272755725087095 0.11053585160702704 3.828379853905004 0.0649674489274679 "" 2.1666822300427442e-05 0.19903702793545913 "" 260.43 71.0 -18.8 1.107
5363 NONE blue hsiao_x1 4 26 amplitude,x1 2453635.9903910193 0.26875283702095487 "" 5.356643806561405e-05 -0.14082583596605736 0.11053585160702704 "" "" "" 1.317991739080699e-06 0.048255001455858405 "" 23.28 28.0 -19.49 1.327
5363 NONE red hsiao_x1 4 26 amplitude,x1 2453635.9903910193 0.26875283702095487 "" 5.848351549030852e-05 -0.07553989666105647 0.11053585160702704 "" "" "" 3.2765498121521637e-06 0.15444903061318915 "" 34.74 28.0 -19.68 1.188
5363 NONE all sn91bg 10 65 z,t0,amplitude,x1,c 2453634.742312673 0.07083776378834626 0.07828916131967208 1.0819180660512152e-16 1.2253819108087283 0.11053585160702704 0.5853088571121546 0.0133590970093965 0.05745511180398074 1.1631197394096581e-17 0.030011243272820714 "" 115.56 70.0 -16.05 1.463
5363 NONE blue sn91bg 4 26 amplitude,x1,c 2453634.742312673 0.07083776378834626 0.6695888828614682 4.391065345906803e-16 1.1935437035976963 0.11053585160702704 "" "" 0.24248108372935656 1.7142496951937212e-16 0.046531014379573216 "" 46.29 27.0 -16.39 1.486
5363 NONE red sn91bg 6 39 amplitude,x1,c 2453634.742312673 0.07083776378834626 0.33041101394335604 1.1954072395262613e-16 1.2217907839968856 0.11053585160702704 "" "" 0.19717677310465234 1.768678174225163e-17 0.02427126322976726 "" 55.79 42.0 -15.66 1.465
5378 NONE all hsiao_x1 38 75 t0,amplitude,x1 2453660.130285745 0.250112 "" 6.259072846142186e-05 -0.0792116956554863 0.030518118211089747 2.910060253366115 "" "" 7.081637451932536e-06 0.09750742904634738 "" 1102.69 96.0 -19.65 1.195
5378 NONE blue hsiao_x1 16 32 amplitude,x1 2453660.130285745 0.250112 "" 6.637169971314586e-05 -0.13663962160947107 0.030518118211089747 "" "" "" 7.468265926208974e-07 0.01746521324720186 "" 1008.28 40.0 -19.77 1.318
5378 NONE red hsiao_x1 16 32 amplitude,x1 2453660.130285745 0.250112 "" 5.879678804025291e-05 -0.02685607304353074 0.030518118211089747 "" "" "" 1.7407255453838628e-06 0.10207002423218722 "" 39.6 40.0 -19.51 1.096
5378 NONE all sn91bg 38 75 t0,amplitude,x1,c 2453658.8143457538 0.250112 0.05584015478367339 1.2305473751391381e-16 1.2258135216686568 0.030518118211089747 2.289771228917154 "" 0.1028879819160932 2.0609743479172817e-17 0.05245758194880078 "" 2050.53 95.0 -19.21 1.462
5378 NONE blue sn91bg 16 32 amplitude,x1,c 2453658.8143457538 0.250112 0.0027832190584838423 1.6659330924913045e-16 1.2335501650167868 0.030518118211089747 "" "" 0.003043881108959311 4.318501265301687e-18 0.014558215259684142 "" 1506.7 39.0 -19.63 1.457
5378 NONE red sn91bg 16 32 amplitude,x1,c 2453658.8143457538 0.250112 0.2450902039709178 9.333247420630821e-17 1.1962109478538558 0.030518118211089747 "" "" 0.20828153163792848 1.5618218890329023e-17 0.04674362905684639 "" 55.14 39.0 -18.5 1.484
5391 NONE all hsiao_x1 45 85 t0,amplitude,x1 2453659.7708600773 0.300212 "" -3.737876209925161e-05 0.0002194151595486244 0.08770516346849999 3.8700324500294023 "" "" 2.4111767388985642e-05 0.11418339036801045 "" 192.67 112.0 -18.98 1.05
5391 NONE blue hsiao_x1 18 34 amplitude,x1 2453659.7708600773 0.300212 "" -4.3636759901832005e-05 0.048518978403685915 0.08770516346849999 "" "" "" 1.142760987057202e-06 0.05405773066293271 "" 65.08 44.0 -19.32 0.974
5391 NONE red hsiao_x1 18 34 amplitude,x1 2453659.7708600773 0.300212 "" -4.669469196228173e-05 -0.16921362072002039 0.08770516346849999 "" "" "" 2.150635588369352e-06 0.12086194028501418 "" 34.6 44.0 -19.46 1.395
5391 NONE all sn91bg 40 90 t0,amplitude,x1,c 2453657.946710164 0.300212 0.020697405950926822 6.927944186100035e-17 1.2087537242590005 0.08770516346849999 1.0305310751730918 "" 0.025988503160000828 6.176940663902271e-18 0.07063479859432568 "" 233.31 116.0 -19.09 1.475
5391 NONE blue sn91bg 16 36 amplitude,x1,c 2453657.946710164 0.300212 0.03138686840644959 9.710980786649652e-17 1.2333437497426198 0.08770516346849999 "" "" 0.02701765759040881 5.92301911599501e-18 0.01541960177063168 "" 91.18 45.0 -19.46 1.457
5391 NONE red sn91bg 16 36 amplitude,x1,c 2453657.946710164 0.300212 0.36922523792770345 7.885817339751958e-17 1.1000974631953448 0.08770516346849999 "" "" 0.26391767130539934 2.0701852146610934e-17 0.10763201156809146 "" 38.65 45.0 -18.48 1.562
5395 NONE all hsiao_x1 50 75 t0,amplitude,x1 2453664.087412996 0.116348 "" 3.0132534150954298e-05 0.20740567725344736 0.06218284559344098 0.6995217066208445 "" "" 0.00012191217796340456 0.1930225802065195 "" 38273.12 92.0 -16.22 0.771
5395 NONE blue hsiao_x1 20 30 amplitude,x1 2453664.087412996 0.116348 "" 0.0001266285802756778 0.10056964143138604 0.06218284559344098 "" "" "" 6.680396569197257e-07 0.015002862795065587 "" 67.82 36.0 -19.34 0.901
5395 NONE red hsiao_x1 30 45 amplitude,x1 2453664.087412996 0.116348 "" 0.00010446921012217651 0.0689194652290091 0.06218284559344098 "" "" "" 7.641562319574024e-05 0.06347624876880086 "" 3045.72 55.0 -18.92 0.945
5395 NONE all sn91bg 45 80 t0,amplitude,x1,c 2453663.045690353 0.116348 0.012611492187338052 4.948922980398484e-16 1.1233986896170067 0.06218284559344098 0.41439684082577855 "" 0.013421944536421922 5.787821629901758e-17 0.09706259066425546 "" 9351.05 96.0 -18.87 1.542
5395 NONE blue sn91bg 18 32 amplitude,x1,c 2453663.045690353 0.116348 0.028257616900123985 9.50470949541559e-16 1.2491009815861984 0.06218284559344098 "" "" 0.03162607439974524 5.444416623252144e-17 0.0008917490512485512 "" 1027.56 37.0 -19.66 1.446
5395 NONE red sn91bg 27 48 amplitude,x1,c 2453663.045690353 0.116348 0.0013460460891575941 3.7309649867295834e-16 1.2488050757327862 0.06218284559344098 "" "" 0.0013926383570051885 2.6920922217703884e-18 0.0011261934016519686 "" 2128.88 57.0 -18.68 1.446
5407 NONE all hsiao_x1 21 135 z,t0,amplitude,x1 2453640.33668852 0.25900460329821146 "" -1.5628800628131525e-06 0.019052317174581338 0.08310793806468694 4.846843239042033 0.11784417143369455 "" 2.4067949412353932e-05 0.30473876552976836 "" 320.14 152.0 -11.72 1.019
5407 NONE blue hsiao_x1 8 53 amplitude,x1 2453640.33668852 0.25900460329821146 "" -2.1085349788966707e-07 -0.25959018034146103 0.08310793806468694 "" "" "" 2.9733943474545463e-05 0.12123330837618192 "" 157.0 59.0 -7.37 1.645
5407 NONE red hsiao_x1 8 49 amplitude,x1 2453640.33668852 0.25900460329821146 "" -8.81754148343339e-06 -0.36757494140059016 0.08310793806468694 "" "" "" 3.467932160101655e-05 0.1347726365123187 "" 123.93 55.0 -15.48 2.009
5407 NONE all sn91bg 21 135 z,t0,amplitude,x1,c 2453640.755641042 0.15771908854613267 0.20403791813487207 5.0469680958619735e-17 0.9857185060238999 0.08310793806468694 1.2361488138504253 0.07379888317142058 0.18377852001975054 1.1045558396601723e-17 0.12818788739090678 "" 136.73 151.0 -16.64 1.677
5407 NONE blue sn91bg 13 86 amplitude,x1,c 2453640.755641042 0.15771908854613267 0.14206038372988275 4.949950438490308e-17 0.9564873265782556 0.08310793806468694 "" "" 0.12136826052839149 1.1614446432009262e-17 0.13708399054327453 "" 83.09 96.0 -16.72 1.712
5407 NONE red sn91bg 8 49 amplitude,x1,c 2453640.755641042 0.15771908854613267 0.6140218337951436 7.282087051101349e-17 0.8927278848933171 0.08310793806468694 "" "" 0.26320038878045426 2.002958903002264e-17 0.1682464323030691 "" 51.93 54.0 -16.17 1.796
5439 NONE all hsiao_x1 35 75 z,t0,amplitude,x1 2453651.7071586153 0.316007100510626 "" 2.7589013940283376e-05 -0.027212277424448268 0.05860787199739984 5.295442828497553 0.09406003617831306 "" 1.9345991804088552e-05 0.2317939092598131 "" 282.2 96.0 -18.45 1.097
5439 NONE blue hsiao_x1 14 30 amplitude,x1 2453651.7071586153 0.316007100510626 "" 3.5922846762978975e-05 0.25422144685377274 0.05860787199739984 "" "" "" 1.5621687757306804e-06 0.09863268829930305 "" 106.08 38.0 -19.02 0.723
5439 NONE red hsiao_x1 14 30 amplitude,x1 2453651.7071586153 0.316007100510626 "" 3.753447758171966e-05 0.1781397767861862 0.05860787199739984 "" "" "" 2.4698923858281984e-06 0.1647669726103929 "" 45.13 38.0 -19.12 0.804
5439 NONE all sn91bg 30 80 z,t0,amplitude,x1,c 2453645.1909752926 0.10025492294415696 0.2115884156910207 6.853985791642865e-17 1.2149709264206958 0.05860787199739984 0.4724795614012734 0.03847850274587396 0.13046626959874463 1.0405057042308345e-17 0.037567315650581384 "" 144.56 100.0 -16.07 1.47
5439 NONE blue sn91bg 12 32 amplitude,x1,c 2453645.1909752926 0.10025492294415696 0.577994556470127 1.5317905147992394e-16 1.2055479420806334 0.05860787199739984 "" "" 0.29838131105008714 8.026118026525802e-17 0.04175465864003432 "" 57.61 39.0 -16.23 1.477
5439 NONE red sn91bg 18 48 amplitude,x1,c 2453645.1909752926 0.10025492294415696 0.1370862029364541 6.436341418009514e-17 1.2079952585058615 0.05860787199739984 "" "" 0.13075982419168883 7.628259709361151e-18 0.03406342558076388 "" 88.91 60.0 -16.16 1.475
5468 NONE all hsiao_x1 29 74 z,t0,amplitude,x1 2453637.9511089083 0.2536763187654448 "" -2.065025275234336e-05 0.05402886990388455 0.0923515952143671 4.917208099646181 0.08107041421639463 "" 2.6748934682987067e-05 0.2290609617491606 "" 840.68 99.0 -17.27 0.966
5468 NONE blue hsiao_x1 12 30 amplitude,x1 2453637.9511089083 0.2536763187654448 "" -4.9866663219706665e-05 0.04668238126312791 0.0923515952143671 "" "" "" 1.05579466048134e-06 0.0537781033249961 "" 29.38 40.0 -19.19 0.977
5468 NONE red hsiao_x1 12 29 amplitude,x1 2453637.9511089083 0.2536763187654448 "" -4.94674148383137e-05 0.12533288470581314 0.0923515952143671 "" "" "" 1.9204791777761344e-06 0.11243773960205324 "" 31.45 39.0 -19.17 0.868
5468 NONE all sn91bg 24 79 z,t0,amplitude,x1,c 2453637.5448782984 0.08095186187037386 0.02625383484586543 9.995745697321913e-17 1.109137202553189 0.0923515952143671 0.9047660400675676 0.024780821062106363 0.02839124040030812 9.34580434443756e-18 0.08714385698972389 "" 205.55 93.0 -16.26 1.554
5468 NONE blue sn91bg 9 32 amplitude,x1,c 2453637.5448782984 0.08095186187037386 0.548127119182534 3.3612864696288053e-16 1.2232395304784995 0.0923515952143671 "" "" 0.27186059441096144 1.5892065687952555e-16 0.023958344371103325 "" 66.29 36.0 -16.66 1.464
5468 NONE red sn91bg 15 47 amplitude,x1,c 2453637.5448782984 0.08095186187037386 0.16163317739545252 8.789241825647914e-17 1.2352716637321122 0.0923515952143671 "" "" 0.1293831820426207 8.284400943554301e-18 0.013943818667384894 "" 86.35 56.0 -15.98 1.456
5473 NONE all hsiao_x1 50 50 t0,amplitude,x1 2453657.8171119154 0.275583 "" -2.957821252800592e-05 -0.011624968308762054 0.03290071422792156 2.7218733466582066 "" "" 3.2942925614814956e-05 0.22290008748444 "" 327.47 77.0 -18.26 1.07
5473 NONE blue hsiao_x1 20 20 amplitude,x1 2453657.8171119154 0.275583 "" -4.538276313268471e-05 -0.1143474677854618 0.03290071422792156 "" "" "" 1.1142773206742062e-06 0.043226447406337826 "" 31.11 30.0 -19.19 1.268
5473 NONE red hsiao_x1 20 20 amplitude,x1 2453657.8171119154 0.275583 "" -4.496908077235455e-05 -0.05798198840957316 0.03290071422792156 "" "" "" 2.6301480508399425e-06 0.1877832466363036 "" 28.12 30.0 -19.17 1.154
5473 NONE all sn91bg 45 55 t0,amplitude,x1,c 2453656.611775195 0.275583 0.026836270899573977 7.067144619683187e-17 1.2134248173394269 0.03290071422792156 0.8906987382569902 "" 0.04967694173426917 6.402127034097507e-18 0.0335535399442565 "" 199.02 76.0 -18.89 1.471
5473 NONE blue sn91bg 18 22 amplitude,x1,c 2453656.611775195 0.275583 0.01837401590889173 9.275619424011791e-17 1.2158426724048472 0.03290071422792156 "" "" 0.016112765010783254 5.388109574096874e-18 0.02834455960415506 "" 70.76 29.0 -19.2 1.47
5473 NONE red sn91bg 18 22 amplitude,x1,c 2453656.611775195 0.275583 0.41130031785143983 7.000392012709956e-17 1.1319766173030803 0.03290071422792156 "" "" 0.2783176862313709 1.7080729682078205e-17 0.09381619725036032 "" 33.36 29.0 -18.08 1.535
5486 NONE all hsiao_x1 30 70 t0,amplitude,x1 2453653.8185510053 0.22813 "" 2.239325413815824e-05 0.056612511262816335 0.07606803292511959 0.7163842227094048 "" "" 5.0944915071542885e-05 0.04767977093363233 "" 1101.71 82.0 -17.19 0.962
5486 NONE blue hsiao_x1 18 42 amplitude,x1 2453653.8185510053 0.22813 "" 5.360470756255578e-05 0.08925334328327118 0.07606803292511959 "" "" "" 1.2205826020726881e-06 0.04713752035266327 "" 44.22 49.0 -19.08 0.916
5486 NONE red hsiao_x1 12 28 amplitude,x1 2453653.8185510053 0.22813 "" 5.9776280915117006e-05 0.06716011319632564 0.07606803292511959 "" "" "" 1.8586054049426744e-06 0.091992545247892 "" 54.88 32.0 -19.32 0.947
5486 NONE all sn91bg 30 70 t0,amplitude,x1,c 2453655.1580508538 0.22813 0.008859975016753209 9.853619864494506e-17 1.2321016216194165 0.07606803292511959 1.0018231802957973 "" 0.00992633005227841 4.4733753460553944e-18 0.017074856248483403 "" 302.38 81.0 -18.83 1.458
5486 NONE blue sn91bg 18 42 amplitude,x1,c 2453655.1580508538 0.22813 0.011891867120608772 1.3055213000077851e-16 1.2309192932560282 0.07606803292511959 "" "" 0.011794018870843968 6.114618094613532e-18 0.018556519589458195 "" 135.47 48.0 -19.13 1.459
