results/collective_fits/with_ext/sdss_sako18_simple_fit_class.ecsv
# %ECSV 0.9
# ---
# datatype:
# - {name: obj_id, datatype: string}
# - {name: x, datatype: float64}
# - {name: y, datatype: float64}
# schema: astropy-2.0
obj_id x y
[from data line 3524]
20216 -2.136508538899431 -0.8305740740740741
20217 -0.5482767722473607 -0.27834464555052785
20218 -7.559310344827585 -0.5095263157894736
20227 -7.806264705882352 -1.038
20231 -1.8097023809523807 -0.2721212121212122
20232 -6.865471264367816 -0.7252894736842106
20244 -4.072076612903227 -3.1615624999999996
20245 -2.5865263157894733 -0.7042105263157894
20247 -3.4501954022988506 -0.53916091954023
20251 -9.354833333333334 -1.2519166666666666
20256 0.07512923188933374 -0.8989718614718614
20257 -0.9602461538461536 -0.0061076923076923695
20261 -14.08358858858859 -1.0672727272727278
20262 0.24169960474308283 -0.003695652173912878
20264 -0.9941536050156738 -0.8961455108359131
20266 -1.615486772486772 -0.8101746031746035
20267 -1.0342492492492492 -0.2679090909090911
20268 -0.6423623188405797 -0.26335164835164826
20271 -2.045013955342903 -0.26772943722943743
20272 -0.39369387755102037 -0.020333333333333425
20273 -0.6325345911949687 -0.2117763157894736
20276 -1.9415372670807463 -0.37156832298136666
20278 -0.34804195804195803 -0.7610256410256411
20279 -0.42923148148148194 0.01772727272727259
20280 -3.535341802782819 -1.0446130268199234
20284 -5.577538461538461 -1.8701230769230768
20286 -2.088997033741194 -0.42137931034482756
20288 -2.1453258928571435 -1.4383862433862429
20293 -2.3301851851851856 -0.1346031746031746
20294 -3.529156862745098 -0.14075000000000004
20295 -1.4576877470355738 -0.28288043478260905
20296 -0.327304189435337 -0.8049482758620687
20298 -2.6360416666666673 -2.9587165775401068
20299 -0.21590865384615476 -0.08806526806526849
2030 -0.6055333333333333 -0.37915329768270944
20301 -0.1865608465608466 1.2095441595441596
20302 -2.830726600985221 -0.34395348837209294
20306 0.20763868065967017 -0.13423562412342216
20307 -1.5726515151515152 -9.443124999999998
20308 -409.4346525096523 68.03732456140352
2031 -25.28618778280543 -3.6324331550802142
20310 -2.9648452012383895 -1.1175454545454544
20316 0.14855496453900718 -0.142318548387097
20319 -1.345248447204968 -0.3852329192546584
20320 -1.0764468864468864 -2.7828816621499555
20321 -1.2040225563909772 -0.8643421052631578
20323 1.0499478260869566 -0.7943714285714285
20324 -2.1659330143540667 -0.9674848484848484
20326 -2.9250649350649356 -0.9703333333333337
20327 -3.1145362903225804 -0.6261391129032257
20331 1.343747126436782 -0.34273684210526345
20334 -2.5264285714285717 -0.10983695652173919
20335 -1.0499527665317139 -0.5346174863387978
20337 -1.3912013729977115 -0.1706410256410258
20338 -4.471116666666667 -0.9564102564102563
20345 -13.690476190476192 -0.2728095238095236
20350 -0.18728947368421056 -0.9480263157894737
20351 -8.7136 -2.2204999999999995
20352 -4.84136574074074 -0.3721428571428569
20356 -8.106177777777777 -4.154541666666667
20357 -1.5332667450058755 -1.118333333333333
20359 -0.7673873873873873 -0.20790909090909082
20360 -3.748936507936508 -1.0428985507246378
20361 -0.5990285204991088 -0.27477777777777757
20362 0.7201587301587313 -7.464444444444444
20364 -5.605645833333334 -0.24161904761904762
20365 -2.625536537195523 -0.36249999999999993
20366 -0.2838117647058822 -0.22567460317460308
20367 -0.5011943319838057 -0.3823846153846153
20368 -1.7465000000000006 -0.7814189189189189
20369 -5.562249999999999 -1.5042460317460316
20370 0.9069517543859651 -1.9893779904306215
20372 -0.5788605697151425 -0.026111111111111196
20374 -6.570969696969696 -1.1879601518026561
20375 0.13191954022988495 -0.2143563218390806
20376 1.930161290322581 -1.2628947368421053
20380 -3.7895378151260504 -0.32439393939393946
20386 -2.1092210144927535 -0.5659420289855073
20388 -10.591929824561403 -0.5634848484848487
20391 -3.1446296296296303 -0.07125000000000004
20394 -0.7565131578947368 -0.4072499999999999
20397 -23.83233333333333 -0.05975000000000008
20398 -2.9840217391304353 -0.8812499999999999
20399 -0.9964731182795701 0.020394736842105243
20400 -2.0175163398692812 -0.6675163398692809
20402 0.2348505747126437 -1.9228275862068962
20405 -3.029384057971014 -0.8533695652173912
20408 -0.24238461538461553 -0.12025641025641032
2041 -1.217113821138211 -0.36434046345811066
20410 -2.1716 -1.2874358974358977
20411 0.10841137123745814 -0.5344658119658121
20415 -0.03241379310344783 -1.832173913043478
20416 0.04669642857142864 -0.2761538461538462
20417 -0.3974673913043474 -1.0204487179487178
2042 -2.264385026737968 -1.8387967914438503
20420 8.602583333333333 5.6321666666666665
20430 -8.9459 -1.3558749999999997
20431 -0.7635500000000002 0.5585897435897434
20432 -1.888973684210526 -0.5109473684210525
20434 -1.6989736842105265 0.29897368421052617
20435 -2.156526315789474 -1.012
20436 -0.6952226720647776 -0.06991902834008101
20437 -1.2429999999999999 -3.7241111111111103
20438 -4.452499999999999 -1.0058974358974357
20441 -0.5426704545454544 -0.6825694444444446
20444 0.0798960498960497 -0.40761904761904777
20445 -1.9987499999999998 -0.36430555555555555
20446 -2.8356196943972836 -0.47133333333333327
20447 -1.891569069069069 -0.019909090909090932
20448 -5.8990909090909085 0.5547902097902093
20454 -0.6918666666666669 -0.06520833333333331
20455 -1.3409374999999997 -0.3768628072957969
20459 0.03166982922201145 -0.45551851851851843
20460 -0.9167983193277309 -1.0520300489168417
20467 -7.4645 -0.7884981684981683
20470 -4.812625000000001 -12.243616666666666
20473 -3.9504272863568213 -1.3293333333333335
20474 -6.595809523809524 -0.5534285714285714
20476 -2.4990863356053223 0.34804298642533915
20477 -3.4375319396051105 -0.31505226480836246
20480 -0.05047619047619056 0.31517094017094005
20482 -2.863722222222222 -0.4732222222222222
20485 -0.14258937198067634 -0.4059920634920635
20489 -0.5801008064516129 -0.04600000000000015
20491 -1.3187777777777776 -1.0184722222222224
20496 -inf -1.5596875000000001
20497 -0.7753010033444817 -0.2975213675213676
20498 -2.2702307692307695 -0.3419294871794871
2050 -0.7217032967032972 -0.26112858464384825
20500 -1.3342553191489364 0.03501029512697307
20501 -1.6951041666666669 -0.0932857142857142
20503 -2.0042083333333327 -0.8734374999999999
20505 -1.8357665903890161 0.4897499999999999
20506 -1.2005555555555556 -0.2619166666666668
20507 -1.091564722617354 -0.2907926065162907
20510 0.23776371308016875 -0.32636734693877545
20514 -1.8304124149659864 -0.09995238095238079
20515 -3.3233620071684586 -0.8265957446808511
20516 -2.3674137931034482 -0.4618167701863354
20517 0.011592741935483986 -0.1858333333333333
20522 -0.7365570175438594 -0.6622708333333334
20525 -0.38928571428571446 -1.422068311195446
20528 -7.184144736842106 -6.433352941176469
2053 1.2745437405731523 0.4771122994652406
20530 -43.69007575757576 5.740526315789474
20531 -5.601450000000002 -1.560769230769231
20532 -0.5148888888888887 0.08791666666666664
20533 -7.287541666666666 -0.1565833333333333
20534 -8.129458333333332 0.4195833333333332
20536 -0.4317748917748917 -0.306969696969697
20537 -0.10872294372294355 0.8043939393939388
20539 -2.149013157894737 -0.34876923076923094
20541 -1.571736842105263 -0.6359999999999997
20542 -0.4783436532507741 -0.1823030303030303
20543 -1.163421052631579 -0.37380256930358335
20545 0.9294915824915826 -0.28521428571428564
20548 -0.2805448717948713 -0.37672307692307694
20551 -2.924066666666666 -0.7985714285714287
20552 3.305476190476191 1.3755128205128204
20553 -2.727644230769231 -0.5873557692307694
20555 -3.2071283783783784 -1.0592500000000002
20557 -0.7870676328502415 -0.3506043956043958
20558 0.08217452300785633 0.11067307692307704
20560 -0.2923635307781649 -0.08805263157894738
20561 -0.5740588235294117 -0.40940740740740733
20562 -0.1798272833723651 -0.20768149882903963
20563 -1.9670341614906832 -0.5201041666666665
20565 -0.6103985507246383 4.083025362318841
2057 -0.6127978883861234 -0.599402852049911
20570 -7.750488383119961 -8.13537037037037
20571 3.1644545454545456 -9.29
20572 -0.31226890756302517 -0.6907407407407407
20573 0.6428333333333329 -0.058660287081339746
20575 -19.207870370370372 1.2241830065359474
20576 -2.1884274193548388 -1.0339965986394557
20578 -0.9589880952380949 -0.45761904761904715
20580 -0.29916923076923085 -0.16984848484848492
20581 -27.670454545454547 -0.730142857142857
20583 -3.6216803760282033 -0.9662499999999998
20588 -2.3116017316017317 -0.2724675324675325
2059 -1.3027619047619048 -2.7540707070707073
20590 -0.5159856630824372 0.737781862745098
20591 -0.982737030411449 0.564029304029304
20592 -0.24776767676767664 -0.13994505494505516
20593 -3.5962592592592593 -0.6387777777777774
20594 -2.1561250000000003 -0.3651041666666668
20596 -0.10690476190476161 -0.5381521739130436
20597 -0.5458196181698487 -0.3973958333333336
2060 -3.22454759106933 -3.6530555555555555
20601 0.15427419354838723 -0.03510638297872337
20602 -1.1609523809523807 -1.3105714285714285
20603 -3.306538461538462 -0.2131118881118882
20605 -1.7781111111111112 -2.0235
20606 -1.2278729838709674 -1.4686224489795918
20607 -2.100632558139535 -0.35510989010989014
20608 -0.6772333333333331 -0.0658697158697159
20609 -2.8444 -0.8402083333333334
20610 -1.4384313725490192 -1.1695060331825036
20611 -1.0224579831932772 -0.2300000000000002
20612 -2.484583333333333 -1.0472083333333333
20613 -1.0658874458874459 -0.1566666666666665
20615 0.1111994002998502 -0.310111111111111
20616 -1.976236003445306 -0.563333333333333
20617 -1.4741950113378683 -1.1408836206896553
20618 -5.1581045751633985 -0.5879738562091503
20625 -17.892287581699346 -14.121494708994708
20626 -3.490146198830409 -0.04637426900584796
20628 -3.990333333333334 -0.6665000000000001
2063 -28.383828828828825 -13.328822463768116
20639 -0.004671814671814767 -0.1598484848484849
2064 -0.3248793363499245 -0.14275000000000004
20644 -4.126830065359477 -0.6281372549019606
20645 -3.115708898944193 -0.135
20646 -2.087425997425997 -0.8094999999999999
20649 -3.3362751322751323 -1.3443867924528299
20656 -2.036 -0.2971666666666667
20660 -2.8682 -0.3703846153846153
20661 -1.815614285714286 -0.649441391941392
20662 -1.394181141439205 -0.8572549019607842
20663 -1.9687662337662337 -0.08199134199134206
20677 -0.9051633986928105 -1.131018518518518
20678 -4.248740530303031 -0.08876623376623383
20679 -1.3906060606060606 -1.8673333333333342
20682 -1.374484126984127 -0.8698214285714285
20683 -3.0319384615384606 -0.16212121212121233
20685 -0.6015391156462584 -0.10014285714285731
20687 0.42481720430107517 -1.7789210526315795
20689 -1.231365576102418 -0.2437643678160919
20690 -2.1081818181818184 -0.5808888888888888
20691 -1.15054367201426 -0.3709012066365007
20694 -2.3024458204334364 -0.2243435897435897
20695 -1.467344262295082 -0.42040476190476184
2070 0.048000000000000265 -0.3286923076923076
20704 -0.015562770562770556 -0.08984848484848484
20705 -2.592054329371817 -0.44823684210526316
20709 -0.15793548387096773 -0.3209722222222222
20714 -0.9203463203463205 -1.5012121212121212
20718 -1.639545454545459 0.46737179487179414
20719 -0.5268045977011493 -0.12906593406593414
20721 -0.2924867724867726 -0.09075163398692809
20722 -3.205992647058823 -0.27636029411764684
20723 -0.2450661375661375 -0.1479487179487179
20725 0.02909039548022596 -0.09412994350282489
20726 0.22519999999999996 -0.695297619047619
20727 -1.423578947368421 -0.3207407407407407
20740 -0.3081214421252372 -3.0218518518518516
20741 0.5501975620008412 -3.589083333333334
20742 -1.2704269449715369 -0.273014705882353
20743 435.2663636363637 -inf
20744 -7.2475 -0.48159090909090907
20748 -0.767387978142076 -0.2123976608187137
20749 -0.4787703675634707 -0.9489784946236557
20750 -1.7200905797101451 -0.33706521739130424
20752 -8.904444444444444 -11.020277777777777
20755 0.23015384615384638 0.29368945868945895
20757 -0.3182608695652175 -0.27277777777777756
20758 -0.9099071207430338 -1.5406666666666666
20759 0.005279720279720346 0.19047619047619047
2076 -0.6213654419066539 -1.5277744360902257
20764 -14.825616666666665 -0.9393464052287583
20766 -1.425583333333333 -0.6970833333333334
20767 -2.2012222222222224 0.18615384615384611
20768 -1.9119034482758621 -0.3348888888888888
20771 -1.8318947368421055 0.1829370629370628
20772 -4.216449999999999 -0.30770769230769246
20773 -0.5547894736842103 1.61447311827957
20777 -1.385826201448321 -0.1332291666666665
2078 -0.6424466571834992 -0.0010881934566147056
20780 -1.0450940860215052 -0.36000668337510444
20787 0.13903985507246386 0.017771739130434838
20788 -1.3383141025641025 -0.002272727272727204
20789 0.049153846153846215 -0.4543750000000001
2079 -0.349487908961593 0.04713371266002864
20791 -1.4948996655518394 -0.47831103678929754
2080 -1.6664864864864857 -0.6735874168179068
20801 -1.1689473684210525 -0.6534871794871795
20802 -3.0527499999999996 -0.6437179487179487
20803 -0.4197031039136305 -1.0003735632183908
20805 -1.2722105263157895 -0.19763157894736838
20807 5.139404761904757 -32.47875
2081 -2.266863442389758 -0.067972972972973
20811 -104.04031250000001 -1.694576923076923
20818 -2.1931168831168826 -0.08889812889812876
20819 -6.749047619047619 -0.4772857142857143
20820 -46.23848484848485 -11.912619047619048
20821 -0.43352142110762815 -0.13148325358851676
20822 -12.385448028673835 -8.397833333333335
20823 -0.9692067736185379 -0.5742222222222222
20825 0.7986578947368423 -0.36322222222222256
20827 -0.05858333333333299 0.1897983870967741
20828 -0.6863157894736842 -0.08457894736842109
20829 -7.15525641025641 -0.7862179487179488
20830 -2.119264069264069 0.07428571428571429
20834 -1.7253679653679652 -0.47071428571428564
20838 -136.32916666666668 -27.389583333333334
20840 -3.249763157894736 -0.5236881720430107
20842 -0.8214285714285714 -0.2240043290043292
20844 -0.9163333333333333 -0.22775000000000012
20847 -1.239479479479479 -0.5184068627450977
20848 -0.9515294117647057 -0.7444301994301995
20851 -3.337019230769231 0.004871794871794899
20853 -0.3214195736434108 0.2548106060606061
20854 -1.8122934782608695 -0.14303418803418788
20856 -0.8897486772486773 -0.16147058823529425
20857 -1.478493788819876 -0.29830745341614895
20858 -1.4892222222222222 -0.924166666666667
20859 -0.7389578163771713 -0.27714285714285725
20860 -2.3071345029239767 -0.5806666666666667
20861 -1.4932407045009786 -0.6724305555555554
20862 -9.179090909090908 -0.2787878787878788
20864 -3.863623188405797 -0.7073198198198201
20866 -0.22144927536231884 0.027427536231884098
20867 0.137 -0.10277777777777786
20868 -0.8474153846153847 0.5357142857142858
20870 -3.674821428571429 -0.9147023809523809
20872 -1.410035650623886 -0.15255279034690794
20873 -0.11629870129870123 0.01206349206349211
20874 -0.8442857142857144 1.1473376623376623
20877 -1.3616666666666664 -0.2362222222222221
20879 -1.1161538461538463 -0.14611111111111108
20882 -3.1781315789473688 -0.09429824561403533
20889 0.15156511350059731 -0.6482941176470588
20891 -0.39387142857142865 -0.176996336996337
20892 -2.7725333333333344 -0.9464844804318489
20893 0.03709401709401727 0.8410714285714285
20895 0.47702020202020196 -0.05900000000000005
20896 -3.280861244019139 -0.7482057416267944
20899 -0.6598095238095238 -0.35750000000000004
20901 -0.04840659340659337 0.2123015873015872
20904 -3.2764159811985905 -0.9409722222222223
20905 -1.8506862745098038 -0.1154516129032257
20907 -1.7219583333333333 -0.11179166666666673
20909 -18.7356746031746 0.5402614379084967
20913 -0.29641456582633063 -0.9942424242424243
20914 -1.0374822190611663 -0.0678923076923077
20915 0.321966173361522 -0.30989316239316234
20916 -0.22774285714285714 -0.29441428571428563
20917 0.1100000000000001 -0.06188034188034186
2092 0.06844950213371281 -0.5126955903271692
20920 -0.5722391304347827 -0.2864415584415584
20921 0.21729772191673224 0.5704606879606879
20923 -0.07437500000000008 0.10520833333333335
20925 -1.8904180602006686 -0.6110897435897438
20926 -0.1423232323232324 0.07249999999999979
20928 -1.8509364548494982 -0.20833333333333331
2093 -0.9974424154388881 -1.906138211382114
20930 -1.2927620967741937 -0.6705208333333332
20932 -1.0119047619047616 -0.2913448275862067
20934 -10.575208333333334 -0.6066666666666666
20935 -4.576620689655172 -0.38713002364066185
20936 -1.1795484949832775 -0.14949999999999997
20947 -8.330925925925925 -0.2382142857142857
