results/collective_fits/with_ext/sdss_sako18_simple_fit_class.ecsv
# %ECSV 0.9
# ---
# datatype:
# - {name: obj_id, datatype: string}
# - {name: x, datatype: float64}
# - {name: y, datatype: float64}
# schema: astropy-2.0
obj_id x y
[from data line 1047]
18456 -3.9579698581560283 -0.42326203208556157
18463 -6.164901960784314 -0.34042780748663093
18466 -3.3578049828178695 -1.3885639880952383
18473 0.03403439153439147 -0.17271164021164032
18475 0.9460483091787442 -0.3704827586206896
18479 -1.3516137566137567 -0.18607142857142844
18485 -5.3025806451612905 -1.2610887096774195
18486 -13.20565159574468 -1.364688172043011
18582 0.46026002506265673 -1.0019073847409221
18588 -0.310642857142857 0.22398571428571423
18589 -0.4133714285714286 -0.2972893772893773
18602 -16.466086956521742 -2.9160326086956525
18604 -4.40276858162934 -0.28318627450980394
18606 0.1721076923076923 -0.5374307692307692
18612 -3.5532714285714286 -11.471115086463923
18617 -0.887074074074074 -0.2814444444444446
18626 -0.3773280423280423 -0.22443121693121748
18630 -0.8379846153846155 -0.14004615384615415
18644 -0.15770000000000017 -1.3435714285714284
18647 -2.2553105590062112 -1.4045555555555551
18650 -17.73066153846154 -34.515365384615386
18666 -0.9547491638795986 0.21303418803418794
18697 -49.71909274193549 -52.2721768707483
18704 -1.459857142857143 -0.2288174603174603
18721 -0.8602323232323231 -0.30761029411764707
18722 -0.8967338972023424 -0.4594894894894894
18740 -16.72730990990991 -1.846892730496454
18741 -0.16200604838709676 -0.08062499999999995
18747 0.29550000000000004 0.2964999999999999
18749 -3.4765688775510206 -0.6174697580645163
18751 12.280129870129871 4.585136054421769
18761 -0.6201897533206832 -0.09896584440227718
18767 -0.851945564516129 -0.22192540322580645
18768 -5.225880701754386 -0.7744098883572565
18782 -3.0464976958525343 -0.3785483870967741
18787 -4.832945348352107 -0.6578557874762807
18789 -1.8024798387096774 -0.3126704545454546
18797 -0.9931763059701495 -0.20596380090497757
18800 -0.15519269776876266 -0.23233333333333328
18802 -0.20058355437665776 -0.031013888888888896
18803 0.1114172494172494 -0.06732323232323245
18804 -27.927624489795917 -1.6445738636363636
18807 -12.981673076923077 -1.2822649572649572
18809 -3.7513095238095238 -5.16942118226601
18824 0.016730172795746512 -0.35784210526315785
18827 -9.054666666666668 -2.023804554079696
18835 -17.88317663817664 -26.4123693379791
18836 -0.32477732793522274 -0.19607287449392696
18839 -0.4787687969924814 0.028125000000000178
18851 -0.49449260042283294 -0.2174242424242423
18855 -2.831714285714286 -23.450499999999998
18890 3.6436461538461544 10.953709856035438
18903 3.5921794871794863 -2.9598769230769233
18907 0.7455612244897956 -0.8523891129032255
18909 -20.01021021021021 -0.00036231884057968955
18917 -3.184814016172507 -0.39361904761904754
18920 -0.7397794117647059 0.033092979127134825
18927 -1.933707482993197 -1.2073487903225808
18940 -6.260083857442348 -0.17150793650793617
18941 -0.04037037037037028 -0.10203761755485896
18942 -1.0628808446455507 -0.07945833333333341
18943 -1.5217731092436977 -0.24305882352941177
18945 -5.732091503267974 -2.400065359477124
18947 -1.0163092979127135 -0.1365464895635673
18948 -0.21174395161290338 -0.5469052419354838
18952 -0.39006465517241395 0.367801724137931
18953 -0.07634432234432209 0.15787918296392878
18954 0.12285632183908035 -0.013378205128204534
18959 -0.8113945578231292 -0.46190476190476115
18961 -0.8571034482758622 -0.14357142857142857
18965 -12.003643617021277 -0.3377923387096775
18971 -0.5166919191919193 -0.5376262626262627
18972 0.2595287356321838 -0.2102873563218391
18973 -0.49697435897435893 -0.15620634920634924
18990 -0.8309874608150469 -0.32653594771241834
18993 -1.898513257575758 -2.75575
19000 -9.292275862068967 -0.18298850574712644
19002 -13.757883597883598 -0.5541931216931217
19003 -3.419646153846154 9.721256410256409
19008 -3.177506410256411 -0.8365692307692308
19013 0.0807062876830319 -0.04280219780219785
19014 0.04136243386243399 -0.1311904761904763
19023 -8.655057692307693 -0.737364253393665
19025 -1.059916943521594 -0.15006410256410208
19027 -1.9703174603174602 -0.41974867724867737
19029 -2.447619047619048 -0.8466137566137566
19030 -0.6847384615384615 -0.030933333333333257
19032 -1.4422153846153847 -0.5637179487179487
19033 -0.6194739756367662 -0.12788461538461537
19048 -0.13628571428571434 -0.7016428571428572
19051 -7.228269387755102 -0.7293714285714288
19052 -0.8057142857142856 -0.32738095238095233
19059 -0.2796134083679961 -0.22272727272727266
19067 -2.1456613756613763 -0.48612433862433857
19068 0.3471296296296298 -0.25026143790849675
19069 0.2598881026822446 -0.12313131313131309
19070 -1.4084166666666667 -0.1730303030303031
19072 0.3156309523809526 -0.04896226415094307
19078 -0.3267012947907255 -0.008599999999999941
19088 -0.1481999999999999 -0.24136923076923078
19091 -0.7353100775193799 0.17358974358974366
19099 -0.48250000000000004 1.0344444444444447
19101 -5.468145645645645 -0.6157971014492752
19104 -0.4803091787439613 -0.2606043956043955
19128 -6.374289473684211 -0.5188157894736843
19132 -0.04687830687830685 -0.06916666666666665
19144 -0.1983361344537815 -0.17119047619047623
19149 -29.915612648221348 -1.7667471264367813
19155 -318.5542258064516 -145.21704491725768
19165 -0.6679854809437387 -0.18421568627451002
19174 -7.287951690821255 -0.9099193548387097
19175 -0.3747849462365591 -0.14828629032258067
19180 -0.16703333333333337 -0.26900178253119444
19188 -0.40726923076923083 0.003745614035087552
19205 -3.3155555555555556 -0.4138212560386476
19207 -2.5688850574712645 -0.5029080459770116
1921 0.06393772032902467 -0.16374414414414395
19211 -0.9622883597883602 -0.23017857142857145
19212 -0.11510489510489519 -0.08960784313725512
19220 -7.687304804804805 -1.0636594202898548
19230 -2.618294573643411 -0.36104497354497367
19246 -0.7597471264367814 -0.2222413793103447
19274 -1.7811714285714284 -0.6854571428571427
19282 -42.75838731443995 -1.466938461538462
19308 -0.27642391304347835 -0.3094444444444445
19317 0.3921650055370982 -0.1410449735449737
19322 -1.016551724137931 -0.6335163398692811
19332 -0.6622377622377624 0.5441614255765199
19334 -0.3377645502645502 0.052289377289377215
19335 -0.2641111111111112 -0.3037777777777779
19336 -0.029254658385093224 -0.3231111111111111
19338 -0.3382777777777777 -0.06268518518518507
19339 -0.06861428571428574 -0.0372527472527473
19341 -2.1327983348751163 -0.4068850806451616
19344 -0.2414705882352941 -0.11042613636363652
19346 -1.2756166982922208 -1.1297153700189755
19347 -3.5374092741935486 -0.4391834677419353
19350 -0.21300000000000008 -0.037428571428571145
19352 -0.15006249999999988 -0.23562500000000008
19353 -30.752632135306555 -2.3527586206896554
19359 4.162133333333334 -1.623252032520325
19361 -0.4250246305418718 0.9422222222222223
19365 -0.9800403225806452 -0.04514285714285715
19377 -2.0521674876847293 -0.049935897435897436
19381 -12.9522972972973 -0.6913230769230769
19389 -1.4065282392026577 -0.11647435897435898
19399 -0.9220345345345347 -0.3240196560196562
19408 0.22196428571428584 -0.019230769230769162
19414 -0.13437037037037047 -0.2090740740740742
19417 0.6086000000000003 -0.7254487179487177
19424 -1.510066137566138 -0.05952380952380959
19425 0.13562820512820528 0.3010615384615385
19434 -0.18966666666666687 -0.7333695652173913
19449 -1.0122615384615385 -0.46376923076923093
19459 -0.1338124999999999 0.35333333333333317
19461 -0.4639439655172415 -0.2571874999999999
19467 0.08022857142857143 0.12257326007326019
19468 -0.3681168558217739 0.005675438596491222
19484 -0.7881048387096775 -0.04494959677419352
19490 -0.8997817836812145 -0.13307598039215685
19492 0.0016666666666667052 0.10523809523809513
19494 0.008583208395802067 -0.17928571428571427
19499 -1.8833793103448275 -0.24442995169082127
19501 -0.5069000000000001 0.8060285714285713
19517 0.33187572590011616 -0.022566137566137567
19518 -0.22339037433155084 0.13429193899782121
19523 -0.39447670901391396 -0.12150326797385624
19531 0.33840000000000003 -0.5025
19543 -7.146569230769231 -15.482115384615383
19545 -1.6799338624338627 -0.16678571428571454
19552 -1.3373653846153848 -0.27636363636363637
19555 0.6802849002849003 -1.232916666666667
19556 -2.920383064516129 -0.4026612903225807
19557 -0.15129164231443548 -0.11101307189542475
19559 -0.9621723044397463 -0.17698717948717957
19565 0.04571428571428582 -0.19977207977207978
19573 -0.9701495016611295 -0.22794871794871807
19575 -0.36618589743589736 -0.1315384615384616
19582 -0.2362000000000002 0.07737179487179491
19593 -2.1550302419354836 -0.379142857142857
19596 -4.5495230769230774 -0.2699384615384617
19604 -0.8740923076923077 -0.1504000000000001
19616 -43.55670718816067 -2.9598045977011496
19619 -0.7892439516129031 -0.13644153225806432
19625 -1.1261693548387097 -0.17046370967741942
19626 -22.355625 -9.027734299516908
19632 -2.0760483870967743 -0.4662802419354839
19636 -2.7144615384615385 -0.8944871794871796
19652 -0.04141891891891891 -0.4210326086956522
19658 -32.70745059288537 -0.9188339920948615
19668 -2.9648807017543857 -0.18382246376811606
19689 0.8130853658536581 0.24559139784946216
19690 -0.7970434397163118 -0.05631868131868134
19702 -1.9458769230769228 -0.3791692307692309
19708 -6.611196013289037 -0.6354942528735632
19723 -2.8952083333333336 -0.4297777777777776
19742 -0.8621376811594204 -0.4956521739130433
19757 -2.421140819964349 -0.10144444444444456
19758 -0.7742867867867871 -0.07281818181818167
19762 -0.23269841269841263 -0.07502214839424104
19764 -0.5829551282051281 -0.07257575757575763
19769 -1.7981601731601733 -1.2536147186147186
19775 -5.4131270903010025 -2.313210702341137
19776 -3.4210606060606064 -0.2693333333333332
19778 -3.269429590017825 -0.15599999999999992
1978 0.03470128022759589 -0.527140825035562
19784 0.27724137931034476 0.1614940577249575
19787 0.6055705128205131 -0.31929230769230754
1979 -0.2542342342342343 0.18110953058321488
19791 -0.22409999999999997 -0.19512820512820517
19794 -0.03568783068783077 -0.12329365079365073
19804 -1.5740287081339712 0.13271021021021023
19818 -3.8184827586206893 -0.7229310344827587
19821 -2.6878947368421047 -0.258
19825 -1.9561827956989246 -0.05019047619047634
19848 -0.7871458333333334 0.05270833333333336
19899 -213.7428787878788 -214.41151515151518
1991 -0.41852564102564116 -0.18208974358974372
19913 -15.452121212121211 -3.1323809523809523
19940 -55.91075268817205 -9.752882352941176
19953 -56.77232026143791 -51.62800264550265
19968 -100.9145751633987 -165.835091954023
19969 -16.265523809523806 -3.9365719063545157
1998 -0.177190476190476 -0.01935413642960815
19986 -0.10649305555555555 1.0285714285714285
19990 -4.925816091954022 -0.549264367816092
19992 -13.51218954248366 -2.191666666666667
20033 -2.804642857142857 -1.0938198757763975
20039 -16.476 -2.3728333333333333
20040 -8.864805194805195 -0.7255411255411256
20043 -1.3236000000000003 0.009102564102564159
20046 -8.607107692307691 -1.0516769230769232
20047 -0.39871468926553666 -0.01331280788177347
20048 -8.150776583034647 -2.0171176470588237
20051 -9.78925806451613 -2.030473684210527
20064 -55.38863157894737 -30.509908045977014
20065 0.05308377896613181 -0.22234402852049917
20084 -3.280705882352941 -2.137735294117647
20088 -11.038996132208158 -1.4434001636661213
20090 -1.0996464646464648 -1.4357575757575756
20097 -6.422047502047501 -0.8049999999999999
20104 -0.7118322981366465 -0.012074074074074126
20106 -0.9743073593073592 -0.38335497835497834
20111 -23.37923333333333 -10.389291666666667
20125 -7.371019323671499 -0.9097278225806451
20128 -1.0139234449760768 0.24981818181818172
20141 0.2122023809523811 -0.2940476190476191
20142 -9.522453703703704 -1.040787037037037
20144 -19.497870370370368 -1.3851307189542483
20152 -1.7556521739130435 -1.4480434782608698
2017 -2.2493888888888884 -0.41426190476190483
20171 0.20284705882352938 -0.2835333333333334
20183 -0.9510714285714285 -0.48231060606060594
20184 0.30176315789473673 -0.28015789473684194
20185 -1.4803230769230769 -0.26059999999999994
20186 -2.2067532467532467 -0.2910822510822513
20191 -0.46399999999999997 -0.8744322344322344
20208 -0.2022408026755853 3.0162656641604007
20217 -0.5482767722473607 -0.27834464555052785
20227 -7.806264705882352 -1.038
20231 -1.8097023809523807 -0.2721212121212122
20232 -6.865471264367816 -0.7252894736842106
20245 -2.5865263157894733 -0.7042105263157894
20257 -0.9602461538461536 -0.0061076923076923695
20262 0.24169960474308283 -0.003695652173912878
20267 -1.0342492492492492 -0.2679090909090911
20268 -0.6423623188405797 -0.26335164835164826
20272 -0.39369387755102037 -0.020333333333333425
20273 -0.6325345911949687 -0.2117763157894736
20276 -1.9415372670807463 -0.37156832298136666
20278 -0.34804195804195803 -0.7610256410256411
2030 -0.6055333333333333 -0.37915329768270944
2031 -25.28618778280543 -3.6324331550802142
20316 0.14855496453900718 -0.142318548387097
20319 -1.345248447204968 -0.3852329192546584
20323 1.0499478260869566 -0.7943714285714285
20331 1.343747126436782 -0.34273684210526345
20345 -13.690476190476192 -0.2728095238095236
20350 -0.18728947368421056 -0.9480263157894737
20364 -5.605645833333334 -0.24161904761904762
20376 1.930161290322581 -1.2628947368421053
20386 -2.1092210144927535 -0.5659420289855073
20391 -3.1446296296296303 -0.07125000000000004
20394 -0.7565131578947368 -0.4072499999999999
20397 -23.83233333333333 -0.05975000000000008
20399 -0.9964731182795701 0.020394736842105243
20400 -2.0175163398692812 -0.6675163398692809
20408 -0.24238461538461553 -0.12025641025641032
2041 -1.217113821138211 -0.36434046345811066
20411 0.10841137123745814 -0.5344658119658121
20430 -8.9459 -1.3558749999999997
20431 -0.7635500000000002 0.5585897435897434
20432 -1.888973684210526 -0.5109473684210525
20434 -1.6989736842105265 0.29897368421052617
20435 -2.156526315789474 -1.012
20447 -1.891569069069069 -0.019909090909090932
20467 -7.4645 -0.7884981684981683
20470 -4.812625000000001 -12.243616666666666
20476 -2.4990863356053223 0.34804298642533915
20480 -0.05047619047619056 0.31517094017094005
20489 -0.5801008064516129 -0.04600000000000015
20491 -1.3187777777777776 -1.0184722222222224
20497 -0.7753010033444817 -0.2975213675213676
20501 -1.6951041666666669 -0.0932857142857142
20514 -1.8304124149659864 -0.09995238095238079
20517 0.011592741935483986 -0.1858333333333333
20528 -7.184144736842106 -6.433352941176469
20533 -7.287541666666666 -0.1565833333333333
20541 -1.571736842105263 -0.6359999999999997
20542 -0.4783436532507741 -0.1823030303030303
20545 0.9294915824915826 -0.28521428571428564
20553 -2.727644230769231 -0.5873557692307694
20557 -0.7870676328502415 -0.3506043956043958
20558 0.08217452300785633 0.11067307692307704
20560 -0.2923635307781649 -0.08805263157894738
20562 -0.1798272833723651 -0.20768149882903963
20572 -0.31226890756302517 -0.6907407407407407
20575 -19.207870370370372 1.2241830065359474
20578 -0.9589880952380949 -0.45761904761904715
20580 -0.29916923076923085 -0.16984848484848492
20581 -27.670454545454547 -0.730142857142857
20588 -2.3116017316017317 -0.2724675324675325
20590 -0.5159856630824372 0.737781862745098
20591 -0.982737030411449 0.564029304029304
20592 -0.24776767676767664 -0.13994505494505516
20596 -0.10690476190476161 -0.5381521739130436
20601 0.15427419354838723 -0.03510638297872337
20608 -0.6772333333333331 -0.0658697158697159
20613 -1.0658874458874459 -0.1566666666666665
20625 -17.892287581699346 -14.121494708994708
20639 -0.004671814671814767 -0.1598484848484849
2064 -0.3248793363499245 -0.14275000000000004
20663 -1.9687662337662337 -0.08199134199134206
20678 -4.248740530303031 -0.08876623376623383
20685 -0.6015391156462584 -0.10014285714285731
20687 0.42481720430107517 -1.7789210526315795
20690 -2.1081818181818184 -0.5808888888888888
20704 -0.015562770562770556 -0.08984848484848484
20709 -0.15793548387096773 -0.3209722222222222
20719 -0.5268045977011493 -0.12906593406593414
20721 -0.2924867724867726 -0.09075163398692809
20722 -3.205992647058823 -0.27636029411764684
20723 -0.2450661375661375 -0.1479487179487179
20725 0.02909039548022596 -0.09412994350282489
20726 0.22519999999999996 -0.695297619047619
20727 -1.423578947368421 -0.3207407407407407
20744 -7.2475 -0.48159090909090907
20750 -1.7200905797101451 -0.33706521739130424
