results/collective_fits/with_ext/sdss_sako18_mcmc_fit_fits.ecsv
# %ECSV 0.9
# ---
# datatype:
# - {name: obj_id, datatype: string}
# - {name: message, datatype: string}
# - {name: band, datatype: string}
# - {name: source, datatype: string}
# - {name: pre_max, datatype: int64}
# - {name: post_max, datatype: int64}
# - {name: vparams, datatype: string}
# - {name: t0, datatype: float64}
# - {name: z, datatype: float64}
# - {name: c, datatype: float64}
# - {name: amplitude, datatype: float64}
# - {name: x1, datatype: float64}
# - {name: mwebv, datatype: float64}
# - {name: t0_err, datatype: float64}
# - {name: z_err, datatype: float64}
# - {name: c_err, datatype: float64}
# - {name: amplitude_err, datatype: float64}
# - {name: x1_err, datatype: float64}
# - {name: mwebv_err, datatype: float64}
# - {name: chisq, datatype: float64}
# - {name: ndof, datatype: float64}
# - {name: b_max, datatype: float64}
# - {name: delta_15, datatype: float64}
# meta: !!omap
# - band_names: !!python/tuple [sdss_sako18_u1, sdss_sako18_u2, sdss_sako18_u3, sdss_sako18_u4, sdss_sako18_u5, sdss_sako18_u6, sdss_sako18_g1,
#     sdss_sako18_g2, sdss_sako18_g3, sdss_sako18_g4, sdss_sako18_g5, sdss_sako18_g6, sdss_sako18_r1, sdss_sako18_r2, sdss_sako18_r3,
#     sdss_sako18_r4, sdss_sako18_r5, sdss_sako18_r6, sdss_sako18_i1, sdss_sako18_i2, sdss_sako18_i3, sdss_sako18_i4, sdss_sako18_i5,
#     sdss_sako18_i6, sdss_sako18_z1, sdss_sako18_z2, sdss_sako18_z3, sdss_sako18_z4, sdss_sako18_z5, sdss_sako18_z6]
# - lambda_eff: !!python/tuple [3551, 3551, 3551, 3551, 3551, 3551, 4686, 4686, 4686, 4686, 4686, 4686, 6166, 6166, 6166, 6166, 6166,
#     6166, 7480, 7480, 7480, 7480, 7480, 7480, 8932, 8932, 8932, 8932, 8932, 8932]
# - {fit_func: mcmc_fit}
# - {out_path: /global/u1/d/djp81/Photometric-Classification/results/collective_fits/with_ext/sdss_sako18_mcmc_fit_fits.ecsv}
# schema: astropy-2.0
obj_id message band source pre_max post_max vparams t0 z c amplitude x1 mwebv t0_err z_err c_err amplitude_err x1_err mwebv_err chisq ndof b_max delta_15
[from data line 2832]
15137 NONE blue hsiao_x1 20 24 amplitude,x1 2454021.9355116 0.277353 "" -4.736343235293982e-05 -0.06095411684290557 0.027381421214330424 "" "" "" 9.83550407899866e-07 0.039470198707660144 "" 20.32 32.0 -19.3 1.159
15137 NONE red hsiao_x1 20 24 amplitude,x1 2454021.9355116 0.277353 "" -2.6774387518156956e-05 -0.00522638832669785 0.027381421214330424 "" "" "" 3.563320948283489e-05 0.10163908182086286 "" 127.63 32.0 -18.06 1.059
15137 NONE all sn91bg 50 59 t0,amplitude,x1,c 2454022.24933929 0.277353 0.01624143823548534 7.076911257418915e-17 1.1993604263474547 0.027381421214330424 0.9966749271703861 "" 0.025794714372166284 1.150075055060476e-17 0.11074647434189235 "" 278.38 80.0 -18.91 1.482
15137 NONE blue sn91bg 20 24 amplitude,x1,c 2454022.24933929 0.277353 0.013139281025524158 9.515289563870979e-17 1.237928284780768 0.027381421214330424 "" "" 0.011905995346628197 3.6901999862728794e-18 0.012260689867347572 "" 88.71 31.0 -19.27 1.454
15137 NONE red sn91bg 20 24 amplitude,x1,c 2454022.24933929 0.277353 0.4066428236502187 6.538598543428758e-17 1.192978725048719 0.027381421214330424 "" "" 0.2665429009052983 1.398660561504027e-17 0.050626072370426496 "" 36.09 31.0 -18.08 1.487
15160 NONE all hsiao_x1 40 65 t0,amplitude,x1 2454020.052297123 0.250717 "" 3.038110428227413e-08 -0.11645677131010937 0.026513913711963988 0.4092124784935312 "" "" 4.6072105533372015e-05 0.0430351737009569 "" 1366.54 92.0 -3.08 1.273
15160 NONE blue hsiao_x1 16 26 amplitude,x1 2454020.052297123 0.250717 "" 4.485991393680112e-05 -0.12596251735874256 0.026513913711963988 "" "" "" 1.0601077008383784e-06 0.044072534848816985 "" 44.03 36.0 -18.93 1.294
15160 NONE red hsiao_x1 16 26 amplitude,x1 2454020.052297123 0.250717 "" 4.2130547110104974e-05 -0.1139295471510387 0.026513913711963988 "" "" "" 2.378868041197878e-05 0.14893801327999678 "" 73.88 36.0 -18.79 1.267
15160 NONE all sn91bg 35 70 t0,amplitude,x1,c 2454019.4998550066 0.250717 0.03785007735006974 7.625970302896802e-17 1.1548097457590705 0.026513913711963988 1.3138257906849364 "" 0.04233927609073413 1.439618560275928e-17 0.13119655736086297 "" 201.96 91.0 -18.67 1.517
15160 NONE blue sn91bg 14 28 amplitude,x1,c 2454019.4998550066 0.250717 0.01922749226803376 8.168785601372715e-17 1.2270017881069002 0.026513913711963988 "" "" 0.01796213844140082 3.89745228123409e-18 0.019743301934124588 "" 80.33 35.0 -18.83 1.462
15160 NONE red sn91bg 14 28 amplitude,x1,c 2454019.4998550066 0.250717 0.28179196890072766 7.020807716594806e-17 1.1942247146042864 0.026513913711963988 "" "" 0.22617707794940947 1.3238892294114676e-17 0.04112254861406735 "" 45.5 35.0 -18.13 1.486
15161 NONE all hsiao_x1 30 65 t0,amplitude,x1 2454020.2908810605 0.248522 "" 3.693884341452522e-09 -2.659477204191649e-05 0.029917652575487078 0.00223470603270595 "" "" 2.8532129172455728e-11 8.878968857017799e-05 "" 2960.7 82.0 1.52 1.05
15161 NONE blue hsiao_x1 12 26 amplitude,x1 2454020.2908810605 0.248522 "" -1.0636587500090141e-07 -0.31440481507658974 0.029917652575487078 "" "" "" 6.42134456214321e-05 0.016682465420349374 "" 2326.05 32.0 -5.78 1.821
15161 NONE red hsiao_x1 12 26 amplitude,x1 2454020.2908810605 0.248522 "" -2.4937788553532762e-05 -0.22098842093257284 0.029917652575487078 "" "" "" 5.6592014827917915e-05 0.05444524374587414 "" 428.22 32.0 -17.63 1.532
15161 NONE all sn91bg 40 55 t0,amplitude,x1,c 2454026.5573390964 0.248522 0.0035400677928299103 1.0261222091464272e-16 1.2425442515489806 0.029917652575487078 0.6546332280819699 "" 0.0038014800019062853 2.256836305648225e-18 0.006753985545889693 "" 575.78 76.0 -19.1 1.451
15161 NONE blue sn91bg 16 22 amplitude,x1,c 2454026.5573390964 0.248522 0.004549943288226804 1.2851480265119428e-16 1.244252668812178 0.029917652575487078 "" "" 0.004526197876861411 3.0658275876315454e-18 0.005417487217892874 "" 288.84 29.0 -19.34 1.45
15161 NONE red sn91bg 16 22 amplitude,x1,c 2454026.5573390964 0.248522 0.3607613534151287 9.540522912354346e-17 1.2163862795699467 0.029917652575487078 "" "" 0.26002301081506923 1.8235020394984127e-17 0.031512817298551016 "" 68.0 29.0 -18.32 1.469
15170 NONE all hsiao_x1 35 55 t0,amplitude,x1 2454026.2991244844 0.394414 "" 3.600644485304819e-05 0.10528216329306317 0.15499363211333897 1.4981405158654217 "" "" 1.8123698749181314e-05 0.14700231269024777 "" 219.26 82.0 -19.59 0.895
15170 NONE blue hsiao_x1 21 33 amplitude,x1 2454026.2991244844 0.394414 "" 4.2469331439627794e-05 0.043038448599142735 0.15499363211333897 "" "" "" 1.0143591329849686e-06 0.055105800132686136 "" 145.51 49.0 -19.95 0.982
15170 NONE red hsiao_x1 7 11 amplitude,x1 2454026.2991244844 0.394414 "" 2.2482046196191613e-07 -0.13427167224299844 0.15499363211333897 "" "" "" 4.0239759218216296e-05 0.2746132357176223 "" 28.07 15.0 -8.57 1.312
15170 NONE all sn91bg 35 55 t0,amplitude,x1,c 2454026.946675923 0.394414 0.012723825938292587 6.181980190502701e-17 1.2295611795851653 0.15499363211333897 1.3544608584766165 "" 0.012064911660957963 3.2086342105705948e-18 0.018562405861456396 "" 343.22 81.0 -19.69 1.46
15170 NONE blue sn91bg 21 33 amplitude,x1,c 2454026.946675923 0.394414 0.01191076674764381 6.492454791644179e-17 1.2346404682342647 0.15499363211333897 "" "" 0.010812314732235375 3.2284161838087736e-18 0.014418157876057968 "" 300.88 48.0 -19.74 1.456
15170 NONE red sn91bg 7 11 amplitude,x1,c 2454026.946675923 0.394414 0.5208590510941874 6.583204640360061e-17 0.9057864358956577 0.15499363211333897 "" "" 0.27996733095210347 2.6773392986034862e-17 0.16865235974313947 "" 15.95 14.0 -18.5 1.778
15171 NONE all hsiao_x1 55 65 t0,amplitude,x1 2454029.5344472667 0.138185 "" -0.00010980717765222377 0.07058244474992961 0.09195064556129748 2.0814406624676747 "" "" 2.034561071263065e-05 0.0724651916491737 "" 474.09 92.0 -19.43 0.942
15171 NONE blue hsiao_x1 22 26 amplitude,x1 2454029.5344472667 0.138185 "" -0.00011715782900413939 0.08747277712514846 0.09195064556129748 "" "" "" 5.356119866644605e-07 0.015246702042348353 "" 57.8 36.0 -19.57 0.919
15171 NONE red hsiao_x1 22 26 amplitude,x1 2454029.5344472667 0.138185 "" -0.00011426552851014569 0.07626424979155308 0.09195064556129748 "" "" "" 1.0292894027628609e-06 0.03936798089037727 "" 59.25 36.0 -19.52 0.934
15171 NONE all sn91bg 55 65 t0,amplitude,x1,c 2454028.7783855437 0.138185 0.010587843579478439 3.859468907708335e-16 1.2419288408331604 0.09195064556129748 0.47355851883468325 "" 0.04588785192913376 2.8268720839027384e-17 0.018594003290224856 "" 5532.55 96.0 -19.11 1.451
15171 NONE blue sn91bg 22 26 amplitude,x1,c 2454028.7783855437 0.138185 0.030061623257759594 7.374954501505294e-16 1.2478765665738212 0.09195064556129748 "" "" 0.026382192103791346 3.575308582808798e-17 0.0019631822262880638 "" 343.83 37.0 -19.78 1.447
15171 NONE red sn91bg 22 26 amplitude,x1,c 2454028.7783855437 0.138185 0.20512794652094954 2.756519663009744e-16 1.2451179655234885 0.09195064556129748 "" "" 0.1594262699446767 2.8032528941409743e-17 0.004436164223265251 "" 201.49 37.0 -18.38 1.449
15198 NONE all hsiao_x1 110 107 t0,amplitude,x1 2454034.1739815087 0.288316 "" -9.888730780118203e-06 0.03246776708339144 0.030027521074955214 1.1201140320825667 "" "" 4.827197959209335e-05 0.06941946851520897 "" 4931.35 159.0 -15.99 0.998
15198 NONE blue hsiao_x1 44 43 amplitude,x1 2454034.1739815087 0.288316 "" -3.974184405214004e-05 -0.01584812557319875 0.030027521074955214 "" "" "" 3.0031366208371578e-05 0.03442110368986816 "" 617.8 63.0 -19.01 1.077
15198 NONE red hsiao_x1 44 44 amplitude,x1 2454034.1739815087 0.288316 "" -3.871362043355599e-05 0.09957541211342524 0.030027521074955214 "" "" "" 2.9665732725321906e-05 0.10708675725531232 "" 219.08 64.0 -18.96 0.902
15198 NONE all sn91bg 110 107 t0,amplitude,x1,c 2454033.4118350665 0.288316 0.002558923914038098 8.661524992194957e-17 1.2270988976032404 0.030027521074955214 0.3155377904301084 "" 0.004988022823933851 2.5409256793220756e-18 0.01884496382186053 "" 838.28 163.0 -19.27 1.461
15198 NONE blue sn91bg 44 43 amplitude,x1,c 2454033.4118350665 0.288316 0.0032413169658706367 1.0807004965107429e-16 1.2293480839697963 0.030027521074955214 "" "" 0.0031165102310730837 2.6561637551958633e-18 0.01642768070443077 "" 299.1 64.0 -19.51 1.46
15198 NONE red sn91bg 44 44 amplitude,x1,c 2454033.4118350665 0.288316 0.11876838059458883 6.339011319575128e-17 1.2262284116258955 0.030027521074955214 "" "" 0.11595214633488699 6.779303562427466e-18 0.020480416818955894 "" 129.99 65.0 -18.73 1.462
15201 NONE all hsiao_x1 90 119 t0,amplitude,x1 2454028.2218346754 0.207354 "" 2.6772917992813073e-05 -0.06260386669763339 0.061548219688328916 0.8509586298080574 "" "" 3.3515565452515086e-05 0.1692579787070509 "" 969.59 166.0 -17.34 1.163
15201 NONE blue hsiao_x1 54 71 amplitude,x1 2454028.2218346754 0.207354 "" 4.232548132878893e-05 -0.11747344153713839 0.061548219688328916 "" "" "" 6.935087415042742e-07 0.052797592077580745 "" 166.62 99.0 -18.34 1.275
15201 NONE red hsiao_x1 36 48 amplitude,x1 2454028.2218346754 0.207354 "" 4.911412134486731e-05 -0.19877995475354304 0.061548219688328916 "" "" "" 1.4719859452628826e-06 0.06551328786163657 "" 69.9 66.0 -18.66 1.471
15201 NONE all sn91bg 95 114 t0,amplitude,x1,c 2454028.8189861537 0.207354 0.04520780410576808 6.587145087773571e-17 1.2150712641873076 0.061548219688328916 0.6744306420028187 "" 0.07344835681403397 4.808847269773448e-18 0.03155680833783284 "" 325.06 165.0 -18.08 1.47
15201 NONE blue sn91bg 57 68 amplitude,x1,c 2454028.8189861537 0.207354 0.009295782867830928 7.574446708568538e-17 1.197553370779859 0.061548219688328916 "" "" 0.00874799477573042 3.613501885354634e-18 0.036919048695202995 "" 167.23 98.0 -18.28 1.483
15201 NONE red sn91bg 38 46 amplitude,x1,c 2454028.8189861537 0.207354 0.668100145451212 7.962324536014267e-17 1.1778538109080061 0.061548219688328916 "" "" 0.24538479155388018 1.3371024724098073e-17 0.05457999589877842 "" 72.14 65.0 -17.05 1.498
15203 NONE all hsiao_x1 40 69 t0,amplitude,x1 2454023.4788609706 0.20313 "" 3.5172142787644774e-05 -0.06559634106257768 0.03045021067171135 5.667518719000354 "" "" 5.586776130741075e-05 0.25211608811800196 "" 4628.61 86.0 -17.88 1.168
15203 NONE blue hsiao_x1 24 41 amplitude,x1 2454023.4788609706 0.20313 "" 7.54378972969337e-05 -0.05068274383746802 0.03045021067171135 "" "" "" 6.074891627824584e-07 0.016226890701331417 "" 259.75 51.0 -19.54 1.14
15203 NONE red hsiao_x1 16 28 amplitude,x1 2454023.4788609706 0.20313 "" 7.432503462400038e-05 0.055138332479064876 0.03045021067171135 "" "" "" 1.3900384484632505e-06 0.046687319357016324 "" 76.19 34.0 -19.51 0.965
15203 NONE all sn91bg 45 64 t0,amplitude,x1,c 2454028.447313049 0.20313 0.0069644233417209935 1.641631517333114e-16 1.2433171832592895 0.03045021067171135 0.4611013472720489 "" 0.014605122756123749 3.3217076362233584e-18 0.008103558727772736 "" 1345.92 85.0 -19.11 1.45
15203 NONE blue sn91bg 27 38 amplitude,x1,c 2454028.447313049 0.20313 0.001773984333846592 2.0408829105249639e-16 1.2460576116108253 0.03045021067171135 "" "" 0.0016296155919737045 2.857784571728877e-18 0.003780877079392019 "" 737.11 50.0 -19.35 1.448
15203 NONE red sn91bg 18 26 amplitude,x1,c 2454028.447313049 0.20313 0.13430372283890113 1.2421612398255672e-16 1.2375634630119692 0.03045021067171135 "" "" 0.12428397460674627 1.1534350645290549e-17 0.011189147612022717 "" 133.48 33.0 -18.58 1.454
15206 NONE all hsiao_x1 35 77 z,t0,amplitude,x1 2454020.962879351 0.2348808980080853 "" 3.567333373372717e-05 -0.0672354531774811 0.09330954987703477 3.2605452416258767 0.05609119150095988 "" 1.5155861201975508e-05 0.16065856313678192 "" 489.08 93.0 -18.27 1.172
15206 NONE blue hsiao_x1 21 46 amplitude,x1 2454020.962879351 0.2348808980080853 "" 3.9811093259334204e-05 -0.054125622127967725 0.09330954987703477 "" "" "" 1.391935069084148e-06 0.0844955980956347 "" 357.9 56.0 -18.51 1.146
15206 NONE red hsiao_x1 14 31 amplitude,x1 2454020.962879351 0.2348808980080853 "" 5.054673477702154e-05 -0.1339750561298419 0.09330954987703477 "" "" "" 2.128626223392869e-06 0.08850618353843859 "" 70.03 37.0 -19.03 1.312
15206 NONE all sn91bg 30 82 z,t0,amplitude,x1,c 2454018.442188209 0.08939902673604339 0.12387955114697438 6.863946178085943e-17 1.1909227277694971 0.09330954987703477 0.7078332581438459 0.021514828096920836 0.1756320604739544 1.2509450227935623e-17 0.05575834070758502 "" 489.95 92.0 -15.97 1.488
15206 NONE blue sn91bg 12 33 amplitude,x1,c 2454018.442188209 0.08939902673604339 0.7156599064170683 4.2411631151460653e-16 1.128580124153588 0.09330954987703477 "" "" 0.24155550933123776 1.737750489802815e-16 0.09140905384749577 "" 72.72 36.0 -16.73 1.538
15206 NONE red sn91bg 12 32 amplitude,x1,c 2454018.442188209 0.08939902673604339 0.7954785361924438 9.783172765383864e-17 1.1821308574115919 0.09330954987703477 "" "" 0.16960095187060104 1.4153733320356595e-17 0.05693076203503767 "" 338.75 35.0 -15.03 1.495
15212 NONE all hsiao_x1 45 65 z,t0,amplitude,x1 2454019.8635335965 0.22501040111309176 "" 1.8718773729353927e-09 4.037856453165131e-06 0.024388786971332285 0.001383169358906653 2.7141747306528728e-05 "" 1.2078598966565382e-11 0.00010428898328063718 "" 448.33 96.0 3.24 1.05
15212 NONE blue hsiao_x1 27 39 amplitude,x1 2454019.8635335965 0.22501040111309176 "" 4.594703638706235e-06 0.4073337034303471 0.024388786971332285 "" "" "" 2.25428919164391e-05 0.08032078954709243 "" 230.79 58.0 -13.71 0.589
15212 NONE red hsiao_x1 18 26 amplitude,x1 2454019.8635335965 0.22501040111309176 "" 6.568034743181358e-06 0.3662184925706623 0.024388786971332285 "" "" "" 3.228892980446007e-05 0.12147671428583319 "" 199.8 38.0 -14.49 0.622
15212 NONE all sn91bg 35 75 z,t0,amplitude,x1,c 2454010.9853488375 0.11713220997714438 0.33083796646472086 4.3020122004316936e-17 1.1540294467541952 0.024388786971332285 1.0862507922339923 0.03890726038746761 0.17248181652416084 7.654325097312375e-18 0.07976234995031836 "" 165.93 95.0 -15.66 1.518
15212 NONE blue sn91bg 14 30 amplitude,x1,c 2454010.9853488375 0.11713220997714438 0.5832406346869492 9.820180632839671e-17 1.012463005980371 0.024388786971332285 "" "" 0.28358280544819764 5.515718390351937e-17 0.15941993429799098 "" 47.42 37.0 -15.94 1.648
15212 NONE red sn91bg 21 45 amplitude,x1,c 2454010.9853488375 0.11713220997714438 0.2878737139198621 3.990452294594804e-17 1.174272361012558 0.024388786971332285 "" "" 0.20952734747011761 7.338751067960935e-18 0.06415400468849894 "" 119.67 57.0 -15.66 1.501
15213 NONE all hsiao_x1 30 70 t0,amplitude,x1 2454019.382676068 0.306322 "" 5.061632763909769e-09 7.314782094497335e-06 0.08720118740490933 0.0022770062587353945 "" "" 4.604334111575971e-11 7.217951252963614e-05 "" 1170.22 92.0 0.31 1.05
15213 NONE blue hsiao_x1 12 28 amplitude,x1 2454019.382676068 0.306322 "" 1.7462844112722015e-05 -0.24484531641050472 0.08720118740490933 "" "" "" 3.8374380428555684e-05 0.1745999654792554 "" 592.83 36.0 -17.38 1.6
15213 NONE red hsiao_x1 12 28 amplitude,x1 2454019.382676068 0.306322 "" 5.362492685607051e-05 -0.45102649930462296 0.08720118740490933 "" "" "" 1.9431799739840176e-06 0.03371021452310755 "" 119.06 36.0 -19.82 2.317
15213 NONE all sn91bg 40 60 t0,amplitude,x1,c 2454025.038126818 0.306322 0.01463494790707052 7.063592826561494e-17 1.2019383981613267 0.08720118740490933 0.8466284734085795 "" 0.022268774472602663 1.0320641321600434e-17 0.08873394095784977 "" 274.74 86.0 -19.16 1.48
15213 NONE blue sn91bg 16 24 amplitude,x1,c 2454025.038126818 0.306322 0.024060156880111615 8.668008345794686e-17 1.2346416480987155 0.08720118740490933 "" "" 0.020744428756020165 4.3280140126452474e-18 0.014386749163967495 "" 75.14 33.0 -19.4 1.456
15213 NONE red sn91bg 16 24 amplitude,x1,c 2454025.038126818 0.306322 0.16235823403426947 6.254232804292912e-17 1.1590356265458444 0.08720118740490933 "" "" 0.15649957915469948 1.0863576037136165e-17 0.06922675056183954 "" 129.29 33.0 -18.73 1.513
