results/collective_fits/with_ext/sdss_sako18_mcmc_fit_fits.ecsv
# %ECSV 0.9
# ---
# datatype:
# - {name: obj_id, datatype: string}
# - {name: message, datatype: string}
# - {name: band, datatype: string}
# - {name: source, datatype: string}
# - {name: pre_max, datatype: int64}
# - {name: post_max, datatype: int64}
# - {name: vparams, datatype: string}
# - {name: x1, datatype: float64}
# - {name: c, datatype: float64}
# - {name: mwebv, datatype: float64}
# - {name: z, datatype: float64}
# - {name: amplitude, datatype: float64}
# - {name: t0, datatype: float64}
# - {name: x1_err, datatype: float64}
# - {name: c_err, datatype: float64}
# - {name: mwebv_err, datatype: float64}
# - {name: z_err, datatype: float64}
# - {name: amplitude_err, datatype: float64}
# - {name: t0_err, datatype: float64}
# - {name: chisq, datatype: float64}
# - {name: ndof, datatype: float64}
# - {name: b_max, datatype: float64}
# - {name: delta_15, datatype: float64}
# meta: !!omap
# - band_names: !!python/tuple [sdss_sako18_u1, sdss_sako18_u2, sdss_sako18_u3, sdss_sako18_u4, sdss_sako18_u5, sdss_sako18_u6, sdss_sako18_g1,
#     sdss_sako18_g2, sdss_sako18_g3, sdss_sako18_g4, sdss_sako18_g5, sdss_sako18_g6, sdss_sako18_r1, sdss_sako18_r2, sdss_sako18_r3,
#     sdss_sako18_r4, sdss_sako18_r5, sdss_sako18_r6, sdss_sako18_i1, sdss_sako18_i2, sdss_sako18_i3, sdss_sako18_i4, sdss_sako18_i5,
#     sdss_sako18_i6, sdss_sako18_z1, sdss_sako18_z2, sdss_sako18_z3, sdss_sako18_z4, sdss_sako18_z5, sdss_sako18_z6]
# - lambda_eff: !!python/tuple [3551, 3551, 3551, 3551, 3551, 3551, 4686, 4686, 4686, 4686, 4686, 4686, 6166, 6166, 6166, 6166, 6166,
#     6166, 7480, 7480, 7480, 7480, 7480, 7480, 8932, 8932, 8932, 8932, 8932, 8932]
# - {fit_func: mcmc_fit}
# - {out_path: /global/u1/d/djp81/Photometric-Classification/results/collective_fits/with_ext/sdss_sako18_mcmc_fit_fits.ecsv}
# schema: astropy-2.0
obj_id message band source pre_max post_max vparams x1 c mwebv z amplitude t0 x1_err c_err mwebv_err z_err amplitude_err t0_err chisq ndof b_max delta_15
[from data line 9194]
15538 NONE red hsiao_x1 32 14 amplitude,x1 0.21081895426039968 "" 0.05591506992544901 0.22501080576593913 8.086800200050744e-06 2454052.644984562 0.24858973192540015 "" "" "" 1.99316537491144e-05 "" 32.69 26.0 -14.94 0.768
15538 NONE all sn91bg 78 34 z,t0,amplitude,x1,c 1.000017317740123 0.5499862609654381 0.05591506992544901 0.22500846251704137 2.6864550115408517e-16 2454051.6419687797 6.498357606291503e-05 0.00011333763937981475 "" 2.573479936637827e-05 1.848314816538246e-18 0.002037967963935975 2919.84 62.0 -18.65 1.661
15538 NONE blue sn91bg 46 20 amplitude,x1,c 1.1246942939041127 0.050511386178352505 0.05591506992544901 0.22500846251704137 2.308729269146293e-17 2454051.6419687797 0.12908495684421586 0.0441016465529967 "" "" 4.792407826420681e-18 "" 201.82 36.0 -17.06 1.541
15538 NONE red sn91bg 32 14 amplitude,x1,c 0.9835579922242667 0.5520703817728511 0.05591506992544901 0.22500846251704137 1.6634299462270783e-17 2454051.6419687797 0.17111164200627643 0.28697212846024783 "" "" 8.026727195365125e-18 "" 29.19 25.0 -15.61 1.68
15539 NONE all hsiao_x1 70 49 z,t0,amplitude,x1 0.1911071696255366 "" 0.07419654377475261 0.29205756704211816 -2.8733618004663843e-05 2454038.8150863713 0.23371730955639394 "" "" 0.05938026932765224 1.8469255424760477e-05 3.4217601875942254 213.51 80.0 -18.34 0.79
15539 NONE blue hsiao_x1 28 20 amplitude,x1 0.29341227789577706 "" 0.07419654377475261 0.29205756704211816 -3.671989264286542e-05 2454038.8150863713 0.09549655342929958 "" "" "" 1.2158111181116124e-06 "" 39.78 32.0 -18.87 0.685
15539 NONE red hsiao_x1 28 20 amplitude,x1 0.10385108761342438 "" 0.07419654377475261 0.29205756704211816 -4.127579381958761e-05 2454038.8150863713 0.1823746570775512 "" "" "" 2.324375156430189e-06 "" 43.61 32.0 -19.13 0.897
15539 NONE all sn91bg 60 59 z,t0,amplitude,x1,c 1.1574859959109085 0.03138876914368144 0.07419654377475261 0.1247140090938354 6.427621126845764e-17 2454035.400961145 0.08246044779995443 0.03163875936824453 "" 0.049921366572012564 5.737638893554992e-18 0.7440289857843256 156.47 79.0 -16.81 1.515
15539 NONE blue sn91bg 24 23 amplitude,x1,c 1.2131885739155561 0.42768272193932044 0.07419654377475261 0.1247140090938354 1.8348717110360042e-16 2454035.400961145 0.03184534630009108 0.28545692962863806 "" "" 1.1135044169913297e-16 "" 74.05 30.0 -17.24 1.471
15539 NONE red sn91bg 36 36 amplitude,x1,c 1.2122831637528193 0.38877369333618267 0.07419654377475261 0.1247140090938354 6.751324688788299e-17 2454035.400961145 0.03314148821354003 0.24737783805019228 "" "" 1.2657623512273939e-17 "" 73.5 48.0 -16.23 1.472
15540 NONE all hsiao_x1 90 30 t0,amplitude,x1 4.4460304757993545e-05 "" 0.0609318406052008 0.173405 4.815013617303088e-09 2454055.5866262633 0.00011093445320765195 "" "" "" 4.454044333540341e-11 0.001796374842317809 345.69 57.0 1.82 1.05
15540 NONE blue hsiao_x1 54 18 amplitude,x1 -0.12995227478553628 "" 0.0609318406052008 0.173405 6.128929635830379e-06 2454055.5866262633 0.3562350058782127 "" "" "" 2.8108058489115487e-05 "" 234.92 34.0 -13.71 1.303
15540 NONE red hsiao_x1 36 12 amplitude,x1 0.1495390216455806 "" 0.0609318406052008 0.173405 1.0387779697050114e-05 2454055.5866262633 0.2636778249605809 "" "" "" 2.5166398014432694e-05 "" 98.03 22.0 -14.85 0.838
15540 NONE all sn91bg 90 30 t0,amplitude,x1,c 1.0000231605098377 0.5500150204396085 0.0609318406052008 0.173405 2.567852655691511e-16 2454055.587390598 3.884853658094165e-05 4.6052574468126456e-05 "" "" 3.19450508098001e-18 0.001826333980579604 1564.93 56.0 -17.96 1.661
15540 NONE blue sn91bg 54 18 amplitude,x1,c 0.76944962822235 0.18076345778760802 0.0609318406052008 0.173405 7.685927566890484e-17 2454055.587390598 0.11214848379001753 0.12400068202069309 "" "" 1.7580742134357244e-17 "" 115.85 33.0 -17.19 1.997
15540 NONE red sn91bg 36 12 amplitude,x1,c 0.9478624757418666 0.5907958082453775 0.0609318406052008 0.173405 3.078004755622455e-17 2454055.587390598 0.17399781722873497 0.2654153114051517 "" "" 1.1463359500910864e-17 "" 88.04 21.0 -15.55 1.723
15541 "No data points with S/N > 5.0. Initial guessing failed." "" "" "" "" "" "" "" "" "" "" "" "" "" "" "" "" "" "" "" "" ""
15545 NONE all hsiao_x1 80 30 z,t0,amplitude,x1 0.37011683780106963 "" 0.027264739301459014 0.23186699511594216 -3.177833174194551e-05 2454041.623453565 0.2010365471982271 "" "" 0.05646356316477553 1.4833238862758e-05 4.189743262565893 237.44 61.0 -17.99 0.618
15545 NONE blue hsiao_x1 48 18 amplitude,x1 0.46795684564553586 "" 0.027264739301459014 0.23186699511594216 -3.976598682664817e-05 2454041.623453565 0.029524023664129713 "" "" "" 6.887181004383553e-07 "" 63.94 37.0 -18.47 0.546
15545 NONE red hsiao_x1 32 12 amplitude,x1 0.3523564121270786 "" 0.027264739301459014 0.23186699511594216 -3.977032329635337e-05 2454041.623453565 0.11356439853636306 "" "" "" 1.9189793086044093e-06 "" 36.46 24.0 -18.47 0.633
15545 NONE all sn91bg 75 35 z,t0,amplitude,x1,c 1.2039673472903627 0.07075544775545897 0.027264739301459014 0.08978950852202439 6.80705467970845e-17 2454038.0443218295 0.06596554278101428 0.10779062830452346 "" 0.03575581222378798 1.3631688289808277e-17 0.24202234111003734 292.02 60.0 -16.08 1.478
15545 NONE blue sn91bg 30 14 amplitude,x1,c 1.2388991450491142 0.10120321257600463 0.027264739301459014 0.08978950852202439 9.349690010329697e-17 2454038.0443218295 0.009820270791314877 0.09532894311488815 "" "" 1.9024521791866973e-17 "" 139.34 23.0 -16.4 1.453
15545 NONE red sn91bg 30 14 amplitude,x1,c 1.2293966447120341 0.18699846090452163 0.027264739301459014 0.08978950852202439 5.93591447205495e-17 2454038.0443218295 0.01961368113285312 0.16217743923897773 "" "" 7.738074399964491e-18 "" 78.39 23.0 -15.73 1.46
15549 NONE all hsiao_x1 107 112 t0,amplitude,x1 0.06637525242816267 "" 0.05140055123659788 0.447229 2.6304360050917264e-05 2454034.31752634 0.06255273212579221 "" "" "" 1.4762586475024376e-05 5.163917723233611 304.49 171.0 -19.24 0.948
15549 NONE blue hsiao_x1 64 67 amplitude,x1 0.10771568954234147 "" 0.05140055123659788 0.447229 3.0959004974062496e-05 2454034.31752634 0.06451832733067547 "" "" "" 6.534657001945252e-07 "" 153.2 102.0 -19.59 0.891
15549 NONE red hsiao_x1 22 23 amplitude,x1 0.03605750974184278 "" 0.05140055123659788 0.447229 1.1613202805583754e-05 2454034.31752634 0.28008586858027 "" "" "" 2.920274710415724e-05 "" 72.12 34.0 -17.46 0.993
15549 NONE all sn91bg 102 117 t0,amplitude,x1,c 1.216552469712186 0.027335257553826493 0.05140055123659788 0.447229 4.167630880701048e-17 2454031.0660834373 0.029835604556552767 0.03580454062911056 "" "" 2.8840863501049544e-18 0.8504666942418818 339.45 180.0 -19.55 1.469
15549 NONE blue sn91bg 61 70 amplitude,x1,c 1.2082127805052294 0.013845126008029115 0.05140055123659788 0.447229 4.354037522269246e-17 2454031.0660834373 0.03268755495176349 0.013870079804381989 "" "" 2.353251707888793e-18 "" 230.17 107.0 -19.61 1.475
15549 NONE red sn91bg 21 24 amplitude,x1,c 0.920459863470006 0.5691063766006204 0.05140055123659788 0.447229 4.8261337605153834e-17 2454031.0660834373 0.16202824030313115 0.2880407686814505 "" "" 1.815591146442916e-17 "" 62.74 35.0 -18.42 1.758
1555 NONE all hsiao_x1 0 130 t0,amplitude,x1 0.4422867876381364 "" 0.09022547597863805 0.022961 -3.91664522377509e-05 2453622.8620163165 0.08057426744707573 "" "" "" 0.00011432731236827496 5.769001613661966 18005.33 127.0 -13.12 0.563
1555 NONE blue hsiao_x1 0 52 amplitude,x1 0.499052497680704 "" 0.09022547597863805 0.022961 -0.00010956494624379062 2453622.8620163165 0.0009613507025109192 "" "" "" 6.401827637885216e-07 "" 2801.11 50.0 -15.35 0.525
1555 NONE red hsiao_x1 0 78 amplitude,x1 0.3425076108854255 "" 0.09022547597863805 0.022961 -0.00012857003271152175 2453622.8620163165 0.021247288892384232 "" "" "" 7.998417356098324e-07 "" 368.45 76.0 -15.7 0.641
1555 NONE all sn91bg 5 125 t0,amplitude,x1,c 1.1752163890605019 0.21099520580654885 0.09022547597863805 0.022961 4.865256299650875e-16 2453625.6809881055 0.07280141476703646 0.16834125267915018 "" "" 4.431133761924915e-17 0.6669717535163475 5848.07 126.0 -14.85 1.5
1555 NONE blue sn91bg 2 50 amplitude,x1,c 1.2488188567711096 0.3524825551146957 0.09022547597863805 0.022961 8.657915686437641e-16 2453625.6809881055 0.0011904678557342582 0.08802548537117465 "" "" 1.2009020212273024e-16 "" 3886.05 49.0 -15.27 1.446
1555 NONE red sn91bg 3 75 amplitude,x1,c 1.2481039194565273 0.014450728020553496 0.09022547597863805 0.022961 3.6875016337784264e-16 2453625.6809881055 0.0018767803051468472 0.014486350526091785 "" "" 4.767301123370179e-18 "" 926.44 75.0 -14.98 1.447
15553 NONE all hsiao_x1 55 53 t0,amplitude,x1 0.11186885429668753 "" 0.04365250017068966 0.333728 1.811589135315151e-05 2454037.3390977676 0.13816059766862882 "" "" "" 3.8313261496104776e-05 2.4475127681520346 744.83 75.0 -17.67 0.886
15553 NONE blue hsiao_x1 22 22 amplitude,x1 0.030440266956744188 "" 0.04365250017068966 0.333728 4.420349743093045e-05 2454037.3390977676 0.05758720039914558 "" "" "" 1.0582146204295342e-06 "" 22.56 30.0 -19.61 1.002
15553 NONE red hsiao_x1 22 21 amplitude,x1 0.35169891687031557 "" 0.04365250017068966 0.333728 3.922072081753727e-05 2454037.3390977676 0.10996203946092484 "" "" "" 1.8604794506617225e-06 "" 144.44 29.0 -19.35 0.634
15553 NONE all sn91bg 55 53 t0,amplitude,x1,c 1.1980895790790524 0.007380782761111702 0.04365250017068966 0.333728 7.314050216773868e-17 2454036.8812421327 0.06714568579243468 0.0076416338494228585 "" "" 5.99785508437288e-18 0.7983037516301824 354.44 74.0 -19.43 1.483
15553 NONE blue sn91bg 22 22 amplitude,x1,c 1.219144560457157 0.014834219928567628 0.04365250017068966 0.333728 9.82264382962757e-17 2454036.8812421327 0.02724459053587257 0.013034076930600083 "" "" 5.0150339187690646e-18 "" 92.49 29.0 -19.75 1.467
15553 NONE red sn91bg 22 21 amplitude,x1,c 1.2028448153060947 0.4538148111861173 0.04365250017068966 0.333728 6.578687528171183e-17 2454036.8812421327 0.04109558358178567 0.28160469492620016 "" "" 1.6744396413451535e-17 "" 162.68 28.0 -18.46 1.479
15554 NONE all hsiao_x1 60 50 t0,amplitude,x1 0.43175234330672485 "" 0.03988040213353927 0.497646 -6.3593892327136485e-06 2454038.4926725235 0.09542177973790855 "" "" "" 3.0906178650636126e-05 2.097425053752265 483.32 82.0 -16.43 0.571
15554 NONE blue hsiao_x1 36 30 amplitude,x1 0.45900373068860745 "" 0.03988040213353927 0.497646 -3.1406875622292105e-05 2454038.4926725235 0.03722127723854345 "" "" "" 8.331833485768327e-07 "" 90.75 49.0 -19.9 0.552
15554 NONE red hsiao_x1 12 10 amplitude,x1 0.06311703915404411 "" 0.03988040213353927 0.497646 -2.277623363589315e-05 2454038.4926725235 0.2715351330049936 "" "" "" 3.0973144618660705e-05 "" 20.49 15.0 -19.2 0.953
15554 NONE all sn91bg 55 55 t0,amplitude,x1,c 1.2250050796128253 0.019763174895525485 0.03988040213353927 0.497646 4.5441146096977293e-17 2454032.6586766243 0.023056996695480662 0.0192546352557118 "" "" 3.338149142137427e-18 1.3585748086598501 269.86 91.0 -19.94 1.463
15554 NONE blue sn91bg 33 33 amplitude,x1,c 1.2242378247037997 0.017573601222884157 0.03988040213353927 0.497646 4.593236160584135e-17 2454032.6586766243 0.0236117220734528 0.017254925427789877 "" "" 3.576522013896444e-18 "" 214.22 54.0 -19.95 1.464
15554 NONE red sn91bg 11 11 amplitude,x1,c 0.9778796705462952 0.5323837077856676 0.03988040213353927 0.497646 7.604990492133737e-17 2454032.6586766243 0.17007410579779172 0.28653410783083244 "" "" 3.046234657945642e-17 "" 13.46 16.0 -19.3 1.687
15557 NONE all hsiao_x1 115 4 t0,amplitude,x1 0.2743958294973183 "" 0.040377658100019184 0.28348 -9.626845387014514e-05 2454063.3215058763 0.06892170265746725 "" "" "" 1.7324694957024867e-06 1.1283101184085964 873.91 46.0 -20.89 0.703
15557 NONE blue hsiao_x1 46 2 amplitude,x1 0.23990252497116366 "" 0.040377658100019184 0.28348 -9.716265579438332e-05 2454063.3215058763 0.0256516896368302 "" "" "" 4.732810310518287e-07 "" 196.22 18.0 -20.91 0.737
15557 NONE red hsiao_x1 46 2 amplitude,x1 0.3618228563349548 "" 0.040377658100019184 0.28348 -8.644151235257639e-05 2454063.3215058763 0.07407706503745917 "" "" "" 1.161594189615103e-06 "" 18.48 18.0 -20.66 0.625
15557 NONE all sn91bg 105 14 t0,amplitude,x1,c 1.0522168540126402 0.007453400904805425 0.040377658100019184 0.28348 3.604049808030919e-16 2454061.2409251533 0.14424634896965732 0.007767018548735536 "" "" 4.5386249734401355e-17 0.4391748118490272 4753.37 45.0 -20.63 1.606
15557 NONE blue sn91bg 42 6 amplitude,x1,c 1.2473867418405473 0.0006343085539970395 0.040377658100019184 0.28348 3.7904168559025303e-16 2454061.2409251533 0.0025153652983235446 0.0006044295273193706 "" "" 3.481898893909128e-18 "" 2199.39 17.0 -20.85 1.447
15557 NONE red sn91bg 42 6 amplitude,x1,c 1.2378587222283088 0.15810768565496106 0.040377658100019184 0.28348 2.0525288142102892e-16 2454061.2409251533 0.011682121504829003 0.15218750060717473 "" "" 2.646688215134405e-17 "" 55.54 17.0 -19.9 1.454
15558 NONE all hsiao_x1 60 55 t0,amplitude,x1 0.06624075422879061 "" 0.062069226923523145 0.304365 -1.901847479733386e-05 2454031.5920631792 0.17956146729578884 "" "" "" 2.369052030135003e-05 3.1975134360176365 190.94 87.0 -17.55 0.948
15558 NONE blue hsiao_x1 24 22 amplitude,x1 0.040749957220836124 "" 0.062069226923523145 0.304365 -3.012730687090773e-05 2454031.5920631792 0.11327732785184773 "" "" "" 1.2817541924375501e-06 "" 37.77 34.0 -18.55 0.986
15558 NONE red hsiao_x1 24 22 amplitude,x1 -0.19382905439317288 "" 0.062069226923523145 0.304365 -3.522905184045723e-05 2454031.5920631792 0.22202260774732827 "" "" "" 3.134485009142917e-06 "" 36.9 34.0 -18.89 1.458
15558 NONE all sn91bg 55 60 t0,amplitude,x1,c 1.153143285722659 0.05114577897769715 0.062069226923523145 0.304365 4.251962839174436e-17 2454030.534000508 0.0707057233987001 0.03945786683708219 "" "" 4.3931938125830244e-18 0.9639345293746049 95.58 86.0 -18.49 1.518
15558 NONE blue sn91bg 22 24 amplitude,x1,c 1.1742507860478097 0.15837936213044437 0.062069226923523145 0.304365 6.058943553692557e-17 2454030.534000508 0.05642549655234991 0.11124400548282264 "" "" 1.3788860486794258e-17 "" 25.92 33.0 -18.7 1.501
15558 NONE red sn91bg 22 24 amplitude,x1,c 0.9921677464876846 0.5746884729562977 0.062069226923523145 0.304365 5.835881914636886e-17 2454030.534000508 0.14548973708618462 0.2775467846560771 "" "" 1.809129722698447e-17 "" 36.05 33.0 -17.69 1.67
15559 NONE all hsiao_x1 50 65 z,t0,amplitude,x1 0.08392459657727508 "" 0.07633701260534778 0.31318310936087485 1.7391920041775665e-05 2454026.5458018817 0.2264475357673623 "" "" 0.09910463028331519 1.3467766282158012e-05 4.168923878012727 151.62 91.0 -17.43 0.924
15559 NONE blue hsiao_x1 20 26 amplitude,x1 -0.1183758002390429 "" 0.07633701260534778 0.31318310936087485 2.9061117588579893e-05 2454026.5458018817 0.169642410437556 "" "" "" 1.4730718141030987e-06 "" 23.08 36.0 -18.54 1.277
15559 NONE red hsiao_x1 20 26 amplitude,x1 0.24948804426098636 "" 0.07633701260534778 0.31318310936087485 3.000335214091066e-05 2454026.5458018817 0.17038301087717167 "" "" "" 2.366610489925213e-06 "" 34.02 36.0 -18.61 0.727
15559 NONE all sn91bg 50 65 z,t0,amplitude,x1,c 1.1413023015586217 0.13972509661692573 0.07633701260534778 0.11089651665327492 3.7114296781655116e-17 2454024.9833582304 0.09695359534837963 0.12008133710767215 "" 0.048825589339685616 6.49219417596308e-18 1.354741500152571 80.14 90.0 -15.74 1.528
15559 NONE blue sn91bg 20 26 amplitude,x1,c 1.0225209162354454 0.6908847552276762 0.07633701260534778 0.11089651665327492 1.4342360343434568e-16 2454024.9833582304 0.15546783655760815 0.2355477699473257 "" "" 6.397179421586086e-17 "" 25.79 35.0 -16.02 1.637
15559 NONE red sn91bg 30 39 amplitude,x1,c 1.122339472088791 0.3432780644434376 0.07633701260534778 0.11089651665327492 4.2316913009241895e-17 2454024.9833582304 0.11313191026284053 0.2553399638033783 "" "" 1.0362334930683722e-17 "" 55.65 54.0 -15.46 1.543
