results/collective_fits/with_ext/sdss_sako18_simple_fit_class.ecsv
# %ECSV 0.9
# ---
# datatype:
# - {name: obj_id, datatype: string}
# - {name: x, datatype: float64}
# - {name: y, datatype: float64}
# schema: astropy-2.0
obj_id x y
[from data line 351]
14523 0.24415850815850826 -0.16403276955602542
14524 -1.124104609929078 -0.2139051418439717
14525 -0.024661076170509943 -1.6063412698412698
14528 -0.011714082503556322 -0.17833333333333323
14531 -0.1743055555555557 -0.4056140350877193
14539 -1.1940476190476195 -0.014210526315789451
14540 -9.152139423076923 -2.0744505494505496
14545 -7.143577524893314 -0.46441678520625884
14548 -2.663829326923077 -0.2517272727272728
14549 -0.3796301564722617 -0.18110241820768147
14554 -0.11203296703296695 0.05181318681318692
14561 0.8682949577382686 -0.2868176328502412
14567 -0.06638888888888883 -0.10428191489361716
1457 -0.053086956521739226 -0.2393188405797102
14579 -0.33163493840985425 0.023055555555555607
14588 -0.43575354609929073 0.15186864014801105
14589 -0.3114450354609929 0.028138297872340567
14593 -0.029410460992907783 -0.31993794326241165
1461 -0.4505842105263157 -0.07857192982456151
14617 -0.2726640070921986 -0.7258333333333333
14619 0.8196048387096777 -0.5039838709677418
14624 -0.7243189964157706 -0.20323684210526305
14635 -0.33458333333333323 -0.2286666666666668
14638 -0.9486628733997153 0.10093883357041245
1464 -1.0907254623044096 -0.24393314366998575
14644 -0.2418390804597701 -0.36426470588235293
14649 -0.1344295900178254 -0.07197963800904983
14654 -0.6995821157218001 -0.018842364532019706
14671 0.043919000301114064 0.0021602564102564115
14675 -0.6163253968253968 -0.13858730158730148
14683 -0.13393650793650802 -0.052785714285714214
14708 -1.3682909860859043 -0.031339869281045596
14722 0.20771929824561397 0.1761111111111111
14727 0.2053386809269162 0.08078431372549022
14733 -2.2153771043771044 -0.4070220588235296
14735 -2.345690476190476 -0.09788888888888891
14750 -3.493905723905724 -0.6158888888888887
14751 -4.065545454545455 0.16566666666666685
14752 -0.12472972972972973 -0.18111111111111106
14753 -0.0174935897435895 0.02120512820512832
14760 -0.10640120967741928 -0.35010416666666666
14763 -0.5362556390977443 -0.23111111111111104
14771 -1.4778449502133713 -0.1599715504978665
1478 -1.319819672131148 -0.8629487179487181
14782 -28.262765027322402 -3.8017560975609754
14784 -1.853095238095238 -0.6240766550522654
14786 -1.339515377446412 -2.133018018018018
14790 0.6949528158295282 -0.18185386473429954
14809 -1.6992417417417416 -0.24571895424836576
14815 -33.03033428165007 -18.581991465149358
14816 -8.661396825396825 -19.556164983164983
14821 -0.41542105263157914 0.009166666666666545
14823 -0.9174493927125505 -0.10678812415654537
14826 -0.16128571428571437 -0.5592603129445235
14827 -0.1949130434782611 -0.04576923076923067
14831 -0.2525829562594266 -0.18745833333333373
14833 0.01040701754385931 -0.14134057971014502
14844 -0.10768561187916026 -0.05244736842105269
14845 -0.14416073968705556 -0.1867425320056899
14846 -13.364689716312055 -0.31982862903225806
14857 -0.19239898070622508 0.017186147186147194
14858 -0.020245594300712377 -0.05870121951219498
14863 -0.2201686507936509 -0.044736842105263186
14867 -0.04439716312056752 0.16921369102682704
14871 -21.69362950058072 -36.844007936507936
14876 -0.7824696356275305 -0.1599797570850202
14883 -0.2923529411764706 -0.06892156862745102
14888 -0.27150326797385627 -0.5150217864923747
14894 -0.19588435374149626 -0.3708095238095239
14900 -0.5149119858469704 -0.02503875968992264
14907 0.07584566596194497 0.4386600221483943
14916 -0.5198924180327869 0.207621951219512
14925 -0.06508152173913051 0.19525362318840567
14928 -0.08568552585907674 -0.07482683982683991
14937 -0.3836044444444444 -0.034499999999999975
14951 -0.28341264927023424 0.9308527131782944
14961 -0.11266666666666669 -0.04198830409356713
14963 0.10843421052631586 -0.16974999999999996
14964 -1.074327485380117 -0.03649122807017535
14965 -2.039722222222222 -0.5110238095238095
14972 -0.8433914053426252 -0.028832752613240364
14979 -29.331142017186792 -2.262875264270613
14982 1.0542155078267195 -0.6429616724738674
14984 -5.291776018099547 -3.706720142602496
14988 2.0226474358974365 -1.2449166666666667
14989 -0.4408230027548221 -0.03099190283400821
14996 -0.6818421052631579 0.07803405572755417
1500 -0.14761835748792285 0.1728260869565219
15002 -3.6593226381461674 -0.5240909090909092
15003 -0.24504377104377095 -0.06588235294117606
15006 -0.34593939393939377 -0.14904166666666663
15008 -0.3037142857142856 0.6321677559912855
15018 0.07499326599326595 -0.26634126984126993
15033 -0.7924509803921569 0.11548128342245967
1504 -0.3650704730052552 0.06285530621785873
15048 -0.6845131450827657 -0.04066666666666674
15053 0.11300093196644923 -0.20143274853801174
15055 -0.9260500329163924 -0.27427083333333335
15057 -0.7603333333333332 0.1520555555555555
15071 -0.07556249999999998 0.030980392156862768
15074 -0.5304155844155845 0.7677342047930283
15075 -0.3594682539682539 -0.11203703703703716
15080 -0.05416025641025657 -0.4634935897435898
15085 0.044241379310344886 0.2627777777777779
15088 -0.07001461988304092 -0.04149122807017547
15093 -0.2326060606060607 -0.1507952069716776
15101 0.22052308591467007 0.05086538461538481
15103 -0.9110143288084462 -0.09416666666666662
15104 -0.20932236842105278 -0.6362393162393162
15108 -0.7004355716878402 -0.20078431372549033
15112 -0.810263157894737 0.17884015594541913
15119 -0.354313725490196 -0.1253308823529411
15120 -0.5618606557377047 -0.032631578947368456
15129 -10.51919842710224 -1.4747368421052638
15132 -57.038436176648524 -5.090064011379801
15136 -7.64687925170068 -3.5121774193548387
15137 -2.1457874762808347 -0.283956356736243
15160 -0.6844365079365082 -0.4341666666666665
15161 -8.057068965517242 -1.1968390804597704
15170 -3.2126658163265307 -0.17538095238095242
15171 -6.960633001422473 -4.239786628733997
15198 -3.650324519230769 -0.6134545454545455
15201 -0.00956606885178335 -0.0266876456876457
15203 -13.150639215686274 -2.9669518716577548
15206 4.211741996233521 -4.921981351981352
15212 0.30700930438635354 0.3833333333333333
15213 -0.9586898395721923 -0.561372549019608
15217 0.21060504201680685 -0.45750000000000024
15219 -16.932660098522167 -1.0682758620689656
15220 -0.44025925925925913 -0.053639705882353006
15222 -5.81303381642512 -1.3315977011494253
15226 0.28275201612903234 0.10412298387096763
15229 -10.355481997677119 -0.943637566137566
15234 -6.1473 -2.3108666666666666
15239 -0.031031746031746077 -0.3416269841269841
15251 -34.640139830508474 2.7200000000000006
15254 -2.870314465408805 -0.22493650793650755
15255 -0.06889758179231853 -0.6199644381223329
15259 -8.523111111111112 -1.2325079365079366
15260 -2.61579365079365 -0.886888888888889
15263 -0.3377434966727162 -0.2676143790849672
15268 -3.2348333333333334 -0.40902380952380946
15272 -1.9932560483870967 -0.5739112903225805
15286 -19.745166666666666 -0.7493678160919541
15287 -7.368930005737234 -0.8791327300150829
15289 -1.2350570436507935 -0.1742631578947369
15291 -0.27022435897435915 -0.2107692307692306
15293 0.02930717568045238 0.18073313782991218
15294 -0.0036130867709814884 0.733011695906433
15301 -13.833558467741936 -0.6445060483870966
15303 -5.059125603864734 -0.2956091954022988
15309 -0.25242785158039394 0.4185833333333333
15314 -0.19225396825396812 -0.2739326599326599
15324 -0.22669811320754718 -0.0573262032085563
15325 -2.3542999006951346 -1.049187969924812
15340 10.790262762762762 -0.25998333333333323
15345 -3.6112405303030304 -0.0017045454545454586
15347 -2.0406417112299464 -0.1099444444444444
15350 -0.8740571428571435 -0.8533333333333326
15351 -0.3552698412698412 -0.39025396825396785
15353 -3.0217586206896554 -0.5546666666666666
15354 -0.4335407239819007 0.18939393939393945
15356 -3.5999554367201423 -0.4503314393939395
15357 -0.8466176470588235 -0.06484848484848482
15359 -3.895563218390805 -0.44928735632183914
15363 -0.25128582202111627 -0.06161319073083771
15365 -21.468852564102562 -0.6119846153846153
15369 -19.233136557610244 -1.9923666666666662
15370 -0.6929124149659863 -0.05552380952380942
15381 0.79183606557377 0.44954487179487135
15383 -1.380614919354839 -0.10220766129032244
15385 -0.297602495543672 0.27271836007130124
15386 -4.71743993993994 -0.26174253200568987
15401 -0.16221906116642937 -0.11912280701754363
15417 -0.35588235294117654 -0.26754901960784316
15418 -0.2935739750445634 -0.04343137254901963
15419 -4.1329677419354836 -0.520241935483871
15421 -14.528727836879433 -0.661048387096774
15422 -0.9907681365576102 -0.502254623044097
15423 -3.7852478632478634 -0.03935960591133003
15425 -27.991361236802415 -2.447263814616756
15428 -0.2582434607645876 -0.03192857142857142
15433 -7.113765227021041 -0.8609656084656085
15440 -0.8558241758241758 -0.17994505494505497
15443 -43.307439668174965 -2.125249554367201
15448 -5.659329268292683 -0.9096341463414634
15453 -17.360548172757476 -0.9871825396825398
15454 -1.301448202959831 -0.14138095238095238
15455 -0.4378787061994609 -0.013033613445378123
15456 -0.7167338709677422 -0.24771428571428566
15459 -3.2822826086956516 -5.764534534534535
15461 -18.630411605937923 -1.4137230769230769
15466 -2.6688925802879293 -0.4898148148148138
15467 -12.04439091915836 -0.2998148148148151
15470 -1.5774521963824288 -0.1161576354679803
15486 -0.6445108695652175 1.0353528528528528
15489 0.6646153846153847 0.3198888888888891
15496 -15.77651282051282 -0.42104615384615385
15498 0.14768549280177212 -1.191243386243386
15500 -1.0938963963963957 0.5515579710144927
15503 0.08544217687074829 -0.4647619047619047
15504 -3.147590579710145 -0.9014130434782606
15505 -0.2381830151415405 -0.35145833333333343
15508 -61.04639492753623 -3.998514492753624
15511 -0.2616413793103448 -0.060455284552845434
15516 -1.0495766129032256 0.05835685483870967
15522 -0.9627285714285713 -0.5058150183150185
15525 -0.3254900744416872 -0.1932862903225805
15526 -0.3364604462474645 -0.15554901960784284
15529 0.38448827292110876 0.4920129870129868
15533 -1.4334113300492615 0.014913793103448203
15535 -1.365697310819262 -0.2924643874643873
15549 -0.6543364485981311 -0.06400000000000006
15553 -2.27051724137931 -0.768288177339902
15558 0.3364260249554366 -0.04893939393939406
15559 -0.06467532467532466 0.25472766884531584
15568 -0.06911406423034339 -0.07007936507936519
15569 -0.17013647642679897 -0.17980654761904769
15580 1.9909761904761911 0.12842857142857111
15583 -8.08556038647343 -0.472827586206896
15584 -5.318342245989305 -0.17583778966131924
15586 -0.8980690200210748 -0.02481002741872307
15587 -5.446395173453997 -0.5845632798573979
15592 -1.9262907268170426 -0.23042483660130708
15603 1.1223369565217391 -0.357409420289855
15624 -0.378611111111111 -0.7616071428571429
15628 -0.6252267759562841 -0.04687134502923984
15633 -0.41521408563425366 -0.10169110459433028
15647 -0.18724675324675322 -0.5293572984749455
15648 -0.04788288288288278 -0.7874818840579709
15657 -0.11624999999999996 -0.22400201612903237
15663 -2.213204301075269 -0.299978494623656
15674 -3.4405630630630633 -0.773768115942029
15675 -3.200930930930931 -0.20965579710144921
15685 -0.9612096774193548 -0.034952380952380846
15697 -0.3218325581395347 -0.226923076923077
15704 -2.3659782608695656 -0.17318181818181821
15710 -0.28790384615384634 0.009566666666666612
15719 -4.562210144927536 -0.19496376811594196
15725 -0.7998723723723722 -0.2991304347826087
15726 -1.1670355314664256 -0.034415384615384514
15730 -0.22953431372549016 0.24975806451612903
15734 -2.5384769230769235 -0.2366666666666668
15737 -0.05045795795795793 -0.07746246246246247
15741 0.14956321839080444 0.1928888888888891
15745 -0.5563038548752834 -0.04752380952380941
15748 -11.82920512820513 -0.19740000000000046
15751 -0.33233333333333337 0.016897435897435864
15753 0.25494047619047644 0.13392137096774182
15755 -2.4334615384615383 -0.19840000000000013
15756 -1.1468842364532015 -0.37
15759 1.449901738473167 0.10014285714285709
1576 -0.5570124223602484 -0.008354978354978448
15760 -0.14682539682539697 0.0013676633444077435
15761 -0.9313768115942023 -0.1717753623188405
15765 -0.8266666666666668 -0.41643115942028996
15773 -0.11572843822843837 -0.21052696078431365
15776 -1.6837230769230769 -0.2128153846153844
15777 -0.16186813186813187 -0.2972619047619045
15779 -2.3431999999999995 -0.3204
15782 -0.14041379310344815 -0.2616344086021505
15784 0.40895411605937904 -0.24135384615384614
15785 -0.9156702898550725 0.14402777777777787
15793 -2.072656794425087 -0.3765873015873018
15795 -1.0040384615384614 -0.1349999999999999
1580 -10.534492753623189 -2.20807729468599
15802 -0.3973851351351352 -0.11461486486486483
15805 0.07951635846372684 -0.165085348506401
15806 -1.4765977011494253 -0.14444827586206888
15812 -0.9645766129032258 -0.05561491935483864
15813 1.4774444444444446 -0.015845588235294028
15814 -2.363511586452763 -0.31629166666666664
15816 -1.224642857142857 0.15690476190476188
15817 -0.20692622950819672 0.3978947368421052
15822 -3.950766488413546 -0.016515151515151594
15823 -9.995898520084568 -0.3898645320197045
15829 -1.5648387096774194 -0.23565524193548382
15850 -4.570483333333334 -0.23443076923076944
15860 -1.4870454545454548 -0.39875000000000016
15865 -1.8993750000000005 -0.07801411290322591
15866 -2.221213704994193 -0.3991931216931216
15868 -18.656416256157634 -0.28129310344827585
15872 -27.4608 -0.548566176470588
15874 -1.3358408748114632 -0.08504166666666668
15884 -0.4669130434782609 0.052457264957265215
15892 0.8697300944669366 -0.08298461538461555
15897 -3.8181223328591756 -0.2095538461538461
15901 -17.875499108734402 -0.945606060606061
15902 0.7447384615384611 -0.2613846153846153
15903 -0.7695484949832776 -0.5107608695652173
15909 -3.724897435897436 -0.7112153846153846
15916 -0.2355330330330332 -0.40954545454545466
15934 -1.0890277777777775 -0.19097222222222232
15935 -0.032312499999999966 -0.015937499999999938
15941 -0.6392036290322581 -0.3851512096774192
15942 -0.5523632653061225 -0.30566666666666653
15944 -0.3793333333333333 -0.17572916666666683
15945 -1.1607804232804235 -0.3284920634920635
1595 -6.354090163934426 -0.7959487179487181
15950 -2.0926960784313726 -0.4666798418972331
15953 0.29103448275862065 -0.09079310344827607
15955 -0.11568750000000017 0.46210144927536234
15961 0.029517241379310333 0.18197701149425294
15967 0.06087500000000001 -0.08409195402298852
15971 -1.5884937611408199 -0.21349376114081986
15973 -0.05693244739756387 -0.021494708994708844
15987 -1.3166241496598639 -0.06066666666666687
15988 -1.2320289855072466 -0.31119565217391276
15992 -0.49564102564102575 0.020527065527065513
15998 -0.9461243386243385 -0.195489417989418
16000 -2.2889417989417984 -0.18717948717948696
16001 0.025714285714285356 -0.47034722222222203
16015 -3.101914634146342 -0.4093589743589745
16019 -0.714289071680376 0.11486111111111108
16021 -21.041666666666664 -26.67451201201201
16024 0.1528571428571428 -0.2509523809523809
16032 -9.219445921985814 -0.8406350806451612
16038 -0.5896719457013577 -0.130625
16039 -1.93921568627451 0.06745098039215691
16044 -0.2705151515151514 -0.07264285714285712
16048 -0.027449596774193674 -0.15266666666666673
16052 -2.0780459770114947 -1.1776666666666666
16054 -0.17281512605042026 -0.3780303030303027
16069 -11.297764705882354 -26.94442054958184
16072 -3.9293073593073595 -0.08212121212121237
16073 -48.9444246031746 -6.808532818532819
16090 -0.9745924225028701 0.05404761904761923
16091 -4.088147163120567 -0.18136524822695055
16093 -2.9046320346320345 -0.47268774703557326
16094 1.1415441860465114 -1.817948717948718
16098 -0.07518181818181824 -0.04059523809523791
16099 -25.926648517846342 -2.5826173541963016
16100 -6.801806451612904 0.028552631578947274
16103 -4.4800352564102575 -0.47276688453159066
16104 -0.4941720430107527 0.8022340425531915
16106 -8.548359788359788 -0.5671825396825396
16111 -2.7216402116402114 0.8430952380952386
16116 -174.16625272331154 -39.12232323232324
16119 1.3640553306342778 -0.060350000000000015
16121 -0.31072198275862073 0.8553333333333333
16127 -0.7826470588235295 -0.13975000000000026
16129 -0.3276590163934425 0.3045491803278688
16130 -0.9692857142857143 -0.9377380952380954
16136 -0.29683870967741943 -0.8992473118279574
16138 -0.5802941176470587 0.11009803921568628
16142 -1.5844894894894896 -0.029818181818181855
