results/collective_fits/with_ext/sdss_sako18_simple_fit_class.ecsv
# %ECSV 0.9
# ---
# datatype:
# - {name: obj_id, datatype: string}
# - {name: x, datatype: float64}
# - {name: y, datatype: float64}
# schema: astropy-2.0
obj_id x y
[from data line 1748]
4547 -0.6476120218579234 -0.017514619883040927
4557 -0.22493087557603686 0.2884146341463416
4558 -0.34907246376811596 0.3450401069518716
4572 0.09205797101449265 -0.08690476190476182
4577 -0.7361416490486258 -0.12116807610993674
4578 -0.9290600961538461 -0.08152380952380955
4579 -0.00891257995735606 -0.12920265780730888
4612 -0.1934672057502247 -0.031078431372548954
4639 -0.9328787878787878 -0.14601604278074864
4651 0.8995816532258065 -0.31244483159117276
4662 -0.050277777777777644 -0.1266090425531915
4664 -1.171216755319149 -2.5798924731182793
4669 0.29200000000000026 0.1355064102564102
4676 -5.659501424501425 -0.45044537815126073
4679 0.053753753753753575 -0.06379129129129135
4682 0.037456284153005615 -0.029590643274853723
4714 -0.079010871675403 -0.08134469696969693
4737 -1.0247896174863387 -0.05833333333333329
4757 -0.3653196347031964 -0.0984387351778655
4779 -0.549630973986691 -0.046797385620915066
4803 -0.13522705314009675 -0.06186813186813178
4808 0.12977966101694927 -0.23684745762711867
4857 -0.536830357142857 -0.02134210526315794
4906 0.07808333333333328 -0.29427083333333326
4907 -0.5527828054298642 -0.8350065359477125
4914 -0.22751207729468592 0.17492753623188406
4953 0.15398288347597133 -0.38968749999999996
4966 -1.1954273504273505 -0.06631578947368433
4969 -0.2306236559139787 -0.20616091954022986
4978 -0.6161675579322639 -0.07433155080213905
5021 -0.11441860465116271 0.10075757575757582
5103 -11.396675170068027 -1.225967741935484
5142 -0.16403636363636365 0.08666666666666667
5183 -0.5386559139784945 -0.12407894736842107
5197 -0.018538461538461504 -0.09233333333333338
5199 -1.3902083333333335 -0.5966129032258065
5230 -0.040166666666666684 -0.05835269993164738
5235 -0.47222040816326527 -0.11535714285714294
5247 -0.6874420677361854 -0.21150000000000002
5292 -0.03460188933873143 -0.08416120218579237
5311 0.08199358974358972 -0.4743859649122807
5339 -0.7595289855072462 -0.6804710144927539
5340 -6.347473429951691 -1.717137931034486
5350 -10.108920454545455 -0.8453463203463201
5359 0.3290180878552972 -0.2883475783475784
5363 -0.745925925925926 -0.04559523809523802
5378 -13.724493589743592 -0.4646730769230769
5391 -0.5746161616161614 -0.05939898989898995
5395 -15.188563909774436 -40.00445083014048
5407 -0.06456214689265549 -0.006767676767676867
5439 -0.028209134615384546 -0.21233333333333326
5468 -1.0970555555555555 -0.4372527472527471
5473 -1.4947586206896553 -0.1652873563218391
5486 -1.8443920068027215 -0.7543649193548387
5487 -0.2786592741935484 0.1255208333333333
5498 -0.9082758620689657 -0.12061805555555538
5524 0.09318783068783065 -0.14190476190476187
5533 -4.41620445648901 -1.9004472396925225
5549 -31.364963768115942 -57.79143393393393
5550 -114.37498498498499 -11.37976449275362
5588 -0.8714541062801932 -0.23631868131868128
5590 -0.6792710223835451 -0.03888888888888897
5595 -0.04581002331002315 -0.024117647058823466
5597 0.1294240196078431 -0.7557459677419354
5635 -8.813981173864894 -1.5076896551724137
5641 -0.3860064935064935 0.27565359477124196
5659 -1.4883927454659163 -0.23249999999999993
5689 1.3290833333333332 -0.27701538461538466
5690 -0.41660714285714273 0.013689516129032242
5691 0.3181344696969699 -0.02718750000000003
5702 -7.7311 -2.1388461538461536
5717 -12.540686813186815 -1.166510989010989
5731 -0.38847394540942926 -0.03562500000000002
5735 -0.40294444444444455 -0.35111111111111115
5736 -6.7920486656200945 -0.7622762951334379
5737 -1.2811180124223605 -0.17833333333333323
5747 -0.2929227053140099 0.265
5751 -13.93402039007092 -9.80459219858156
5776 -1.4418030303030303 -0.216413793103448
5781 -0.036666666666666625 -0.021777777777777896
5802 -3.2544444444444447 -0.7322995090016368
5804 -0.11455645161290329 -0.07020833333333332
5807 -0.567580287929125 0.6882936507936508
5812 -0.07476190476190503 -0.7522727272727272
5821 -0.8806763285024154 0.0007142857142857229
5844 -2.309237012987013 -0.8003538961038961
5859 0.13169444444444456 0.265769230769231
5869 -1.4509951690821261 -0.03081609195402324
5877 -0.6945833333333333 1.348055555555555
5890 -8.469323979591836 -1.8363407258064517
5897 -1.0607593984962405 -0.028436090225563815
5909 -1.8670370370370368 -0.41513227513227513
5916 -21.63766488413547 -5.00034632034632
5917 -8.14857142857143 -1.5718831168831169
5925 -1.238706636500754 -0.03229166666666661
5944 -244.8444811320755 -405.4636856368564
5957 -4.239955436720142 -0.7168894830659536
5959 -12.08038146167558 -1.758207070707071
5963 -8.35554367201426 -2.435151515151515
5966 -0.5601839464882945 -0.3039297658862876
5978 0.23326436781609194 -0.31945977011494264
5993 -1.0501814516129033 -0.16214285714285726
5994 -18.435442176870747 -5.501041666666666
6055 -0.6210234824988923 0.2414406779661018
6057 -7.1376831896551725 -58.52373696145125
6085 -0.6636671087533157 1.0898472222222222
6100 -1.6400574712643678 0.09277011494252885
6108 -4.610923913043479 -0.935978260869565
6120 -0.6701642512077294 -0.25570512820512814
6121 -0.2298544973544976 -0.8984656084656082
6127 -0.6338176638176645 -0.5255423280423281
6137 -4.158494983277592 -0.604866220735786
6192 -3.075090579710145 -0.39018461538461535
6196 -1.9008689458689456 -0.6304232804232803
6197 -0.2911773940345369 -0.23183076923076917
6210 -0.2617433155080212 -0.2015608465608466
6213 -0.15808333333333335 1.7602773826458036
6216 -1.039286786786787 -0.007784615384615501
6225 -1.6607789855072461 -0.1828985507246378
6249 -3.8614673913043474 -0.7649637681159421
6274 -0.9364975845410628 -0.3214022988505747
6275 -1.5788709677419352 0.18814041745730536
6282 -0.020370370370370372 0.013606271777003354
6295 0.7986181818181821 20.639472222222224
6300 0.1399677419354841 -0.5571075268817207
6304 -7.153981707317074 -2.1522486772486777
6315 -20.15964285714286 -0.7837285714285713
6326 -5.134126559714794 -1.2057575757575758
6333 -1.0572 -0.20795384615384616
6362 -0.5151767676767678 -0.6178253119429591
6367 0.04088362068965523 -0.8131111111111111
6406 -6.933253119429592 -18.949234539969833
6422 -50.163959451401304 -7.2461
6431 -0.6709057971014494 -0.257445652173913
6433 -0.48104037267080724 -0.3565476190476191
6469 -2.1406944444444447 -0.31109090909090886
6479 -5.501906906906907 -1.584836956521739
6491 -0.37116883116883104 0.15867201426024957
6496 -1.80483695652174 -0.6915217391304351
6501 -0.21097826086956517 -0.13930555555555557
6520 -9.810670289855072 -2.4282732732732732
6530 -3.2390459153249855 -1.0009571428571429
6535 -2.9699230769230773 -0.7234769230769229
6556 -1.8190476190476188 -1.162261904761905
6558 -139.19415789473683 -304.64697947214074
6560 -0.6866220735785953 -0.7355183946488295
6614 1.2306538461538463 0.12778461538461539
6618 -0.7041650853889942 -0.3073651960784315
6638 -0.311763191763192 -0.5632368082368084
6641 1.5999545454545459 -2.8987648809523803
6649 -4.719092741935484 -0.37782258064516117
6660 -0.007634615384615184 -0.32946969696969686
6683 -0.12943589743589734 -0.29446969696969705
6687 -0.17623188405797097 0.01880952380952383
6696 -1.4127371794871797 -0.0238307692307691
6699 -2.869269162210339 -0.0809784946236558
6709 -0.12060000000000004 -0.18926666666666647
6714 -1.7601617199391175 -0.09310276679841878
6743 -0.2677910052910053 -0.16189153439153425
6773 -18.308692810457515 -64.91549019607844
6777 -0.6134440753045405 -0.1067307692307693
6780 -4.1280143112701255 -1.219357142857143
6807 -0.13518461538461524 -0.3894923076923078
6813 0.4676209677419356 -0.13728830645161305
6816 -1.1700806451612904 -0.07493951612903205
6831 0.11805272895467178 -0.08404233870967748
6851 -2.6199655172413796 -0.4244252873563217
6852 -3.2059080459770115 -1.2950459770114942
6861 0.41923717948717965 -0.5374769230769232
6873 0.2746206896551723 -0.5437931034482758
6877 -2.4414640048396854 -0.2039761904761903
6883 -0.11392479435957692 -0.5589646464646465
6895 -1.5172972972972971 -0.21869565217391307
6896 -0.7565384615384612 -0.10556923076923064
6903 -3.0168 -0.061153846153846225
6912 -0.1992500000000001 0.24085714285714288
6913 -0.6217329545454546 -0.11749999999999994
6914 -2.117344028520499 -0.36588888888888893
6924 -4.454021739130435 -0.4641123188405798
6933 -14.378119429590019 -1.1862987012987012
6934 -0.11324935400516789 -0.3542307692307691
6936 -16.804162210338678 -1.3596753246753246
696 -0.12048462255358827 -0.37292397660818716
6962 -14.628990147783252 -16.32090404040404
6987 -0.9416307692307693 -0.20998461538461521
7017 -97.35427350427351 -6.538095238095239
7024 -1.1195846153846152 -0.09575384615384597
703 -0.9298257839721253 -0.4356445993031358
7051 -1.1489492753623187 -0.5750905797101447
7056 0.2758876811594202 -0.26623188405797116
7092 -4.415615384615385 -0.07752307692307703
7099 -18.046087344028518 -2.1148418972332017
7119 -0.4407357859531773 -0.08600427350427353
7121 -5.4019063545150505 -0.46468227424749187
7127 -0.9685546415981201 -0.21277777777777773
7143 -0.32236211901306244 -0.099288824383164
7147 -16.10795238095238 -7.201916221033868
7194 -0.21378787878787886 -0.3343548387096775
7195 -1.0294086021505378 -0.15190524193548394
7205 -0.409047619047619 -0.23977777777777787
722 -5.722846153846152 -20.038589743589743
7243 -6.085810810810811 -0.32710144927536255
7258 -3.1703439153439144 -0.1000132275132275
7304 -0.5420448179271709 -1.1565151515151517
7335 -2.268430930930931 -0.38847826086956516
735 0.12474576271186433 -0.09110661268556008
7350 0.26245989304812833 1.1591125541125542
7357 0.2777898550724638 0.030075757575757645
7365 -1.358096153846154 -0.2523484848484849
7373 -7.659365942028985 0.011449275362318878
7374 -0.4865076923076923 0.15336666666666665
739 -0.5710735735735737 -7.205527910685806
7413 -0.30726923076923063 -0.4358333333333334
744 -0.4201349527665319 -13.058262295081967
7444 -5.291125541125541 -0.2975757575757575
7457 1.3987500000000002 0.026974637681159486
7460 -1.7173188405797104 0.003913043478260825
7473 -20.217408602150538 -1.3378684210526317
7475 -10.667142857142856 -1.2026623376623378
7479 -3.400419354838709 -2.212105263157894
7499 -0.8140692640692643 -0.36779220779220767
7502 -0.5253071253071253 -0.18797979797979814
7512 -3.196364795918367 -0.5079435483870967
7527 -0.6119230769230772 -0.38333846153846163
7550 -0.4897117117117118 0.10976734693877543
7594 0.7002428571428572 -2.1466666666666665
7600 -3.096351351351352 -0.2573913043478262
7611 -0.17881632653061208 -0.04902564102564089
762 -10.22916817906836 -1.581714082503556
7636 -0.9137837837837839 -0.1696969696969698
7644 -0.7185846153846152 -0.28238461538461523
7647 -0.2867230443974629 -0.09683982683982673
7654 -1.929406906906907 -0.20409090909090888
7656 -0.7873809523809525 -0.10655555555555563
7663 -0.17469696969696968 -0.0015555555555555323
7680 -0.4629220779220779 -0.3304444444444443
7699 -4.153841354723707 -0.08566666666666656
7701 -1.9521842105263159 -0.42584210526315797
7707 -0.8367914438502673 -0.13694805194805193
7712 -0.6067379679144387 -0.1507777777777779
7713 0.2724675324675324 -0.10712121212121195
7717 -1.913549783549784 -0.20404761904761903
7721 -1.5975541125541124 -0.83012987012987
7725 -0.5448999999999999 -0.20935897435897444
773 -1.43828320802005 -0.01158730158730159
7736 0.15104615384615383 -0.3747435897435898
774 -0.7803902439024388 -18.950776515151514
7762 -0.13405 0.7167948717948717
7779 -3.337121598639456 -0.13598814229249
7780 -0.6612830687830686 0.7305952380952383
779 -1.9928181818181818 -0.8287596899224805
7794 -0.5903289473684212 0.03681818181818186
7802 -7.892988505747127 -0.4534722222222223
7804 0.12784274193548384 -0.4192083333333333
7824 -3.58143115942029 -0.7727898550724637
7835 -0.19901651651651664 0.0682789855072462
7841 -0.5229054054054055 -0.19754545454545447
7847 -1.3004587688734026 -0.6394576719576721
7857 -0.08323333333333338 -0.017575757575757467
7876 -113.76385714285712 -75.79567937438905
7882 -6.3569696969696965 -0.217012987012987
7884 -1.91849358974359 -0.12704545454545446
7919 -0.37565134099616837 -0.220536398467433
7923 -0.41347916666666684 0.21854166666666663
7939 -0.03060000000000007 0.3011111111111112
7947 -1.1062566137566139 -0.08559523809523806
7954 -3.8517692307692313 -0.40559999999999996
8004 -0.04810185185185201 -0.4494907407407407
8030 -1.312997448979592 -0.08233333333333337
8046 -2.516494708994709 -0.5208068783068784
8053 -0.30604166666666666 -0.4022580645161291
8062 -1.0846025641025643 -0.2140151515151516
8086 -1.0104347826086957 1.1853709856035437
8092 -0.9358095238095238 -0.4824074074074074
8114 -0.8242490118577076 -0.12199999999999989
8128 -0.9797297297297298 -0.15888888888888886
8138 -4.085463458110517 -0.14922222222222215
8151 -187.78493464052275 642.3719708994711
8160 -0.3018815987933634 -0.022458333333333247
8165 -1.5801160714285714 -0.15568749999999987
8195 -1.7407666666666666 -0.5760688405797103
8196 -0.9406126482213435 2.0844594594594597
8213 -0.6417857142857142 -0.20313725490196088
8216 -0.43890000000000007 -0.05291666666666661
822 -1.535877403846154 -0.04430761099365765
8226 -0.16197142857142854 -0.06069597069597066
8252 -1.2107779886148011 -1.3037142857142856
8254 -1.2417499999999997 -0.325233918128655
8264 -0.004473118279569754 -0.3240263157894736
8280 1.0106060606060605 0.1278787878787877
8290 -0.8235256410256407 -0.29858974358974355
8297 -1.1865036231884059 -0.2124999999999999
8323 0.03335632183908044 0.06522222222222229
8351 0.04715579710144935 -0.39381818181818184
841 -2.0047386759581887 -0.012891986062717686
8421 -0.4923873873873874 -0.18145454545454553
8489 1.1419949494949497 -0.32345959595959606
8495 -8.314428152492669 -0.29440476190476184
8555 -0.18606004140786725 -0.18840579710144933
8576 -0.3210458284371328 0.07151515151515153
8577 -0.2713203463203464 -0.08796791443850271
859 -2.033896341463415 -0.506521486643438
8598 0.5450132275132276 -0.1589153439153439
8600 -0.5917149758454106 -0.06489010989011001
8607 -0.6597402597402595 -0.15787878787878795
8651 -0.33109080841638994 -0.15916666666666668
8662 -0.10984042553191498 -0.038956043956043906
8675 -0.07048325722983262 -0.06381422924901192
8700 -1.183072463768116 -0.13994505494505494
8705 -0.8325855689176687 -0.2007692307692308
8707 -2.212484326018809 -0.09403439153439153
8719 -86.52245098039216 -36.88253968253969
8723 -0.4721794871794873 -0.10901515151515162
8730 -1.1888910256410254 -0.008181818181818179
8742 -8.885410052910053 -0.09490196078431379
8793 -0.5299624624624626 -0.18172727272727274
8823 0.35378787878787854 0.05738095238095242
8888 -0.3003743315508023 -0.9156666666666669
8912 -0.31333333333333324 -0.463641304347826
8921 -15.52876077586207 -0.1697833333333334
893 -0.5421346153846154 0.4524972677595629
9026 -2.8251811594202896 -0.044818840579710306
9032 -3.8786428571428573 -0.23426406926406917
904 -1.7389038461538462 -0.09257309941520464
9045 -2.471622983870968 -0.28208333333333346
9052 -6.4065756302521 -1.088703703703704
9109 -9.386103896103897 -0.36032467532467527
911 -0.08130257801899599 -0.2171515151515152
9117 -0.24278937381404164 0.04845588235294107
9118 -1.228586956521739 4.827155797101449
9132 -0.5316176470588235 -0.6092592592592594
9133 -0.1973421052631581 -0.1310526315789473
9155 -1.596 -0.583142857142857
9194 -0.1291341991341992 -0.55475935828877
9207 -1.6684210526315788 -0.23621052631578954
9218 -0.08295362903225811 -0.16427083333333337
9239 -0.9345366192294344 -0.13243632336655597
9268 -0.04862470862470858 0.29194444444444445
9273 -0.37952173913043463 2.0930548730548733
932 -0.8569154228855722 -0.0009523809523809268
9324 -0.5409736842105264 -0.21625000000000005
9326 -2.385518292682926 -0.5182115384615384
9334 -1.1098103607770584 -0.05693675889328065
9353 -0.43229411764705883 0.2275555555555554
9424 0.9243393393393395 0.22684782608695664
9457 -7.4345 -2.1050263157894737
9467 -3.2225579322638147 -0.43266666666666675
9557 -0.4067748917748917 -0.25722222222222224
9558 0.09246996996996992 -0.2834545454545454
9594 -0.2357843137254898 -1.3300980392156863
9595 0.15834733893557407 -0.4717272727272728
9632 -0.23860627177700355 0.22150997150997132
9633 -0.2493816425120774 -0.10874712643678186
9652 -0.3894747899159665 0.2560392156862745
9677 -0.1469038461538461 0.14738461538461545
9704 -0.28662337662337667 0.11623376623376613
