results/collective_fits/with_ext/sdss_sako18_mcmc_fit_class.ecsv
# %ECSV 0.9
# ---
# datatype:
# - {name: obj_id, datatype: string}
# - {name: x, datatype: float64}
# - {name: y, datatype: float64}
# schema: astropy-2.0
obj_id x y
[from data line 1816]
18014 4.994071428571431 -0.13416666666666677
18019 -4.253419506462985 -0.7233333333333332
18020 -0.6407010582010582 0.5083333333333333
18021 -1.7296853146853148 3.3228571428571425
18029 2.073743386243386 -3.418333333333333
1803 -8.533 -7.696270396270394
18030 -6.2312569213732 -0.5812037037037037
18032 1.3304112554112564 3.187582417582417
18033 0.9634897360703815 -0.0946345811051692
18034 2.315415254237288 0.9834230769230767
18035 -7.628041871921183 -1.2575402298850573
18037 1.960701754385965 1.1649644381223327
18041 1.8621494252873563 -0.2621111111111111
18042 -1.8786731634182914 4.074402298850574
18043 1.4326614987080104 6.711243842364532
18046 16.503928571428574 4.638516483516485
18047 4.984685897435897 1.969128205128205
18048 1.708035230352305 13.181096551724139
18049 -4.357698412698412 -0.9479629629629631
18053 -3.677835656639765 -0.506875
18055 4.8826 35.893848684210525
18058 -3.554431818181818 3.1373400673400673
18063 0.11172413793103453 0.2510416666666666
18064 3.337054507337525 4.5162184873949585
18067 -1.1423873873873873 5.042034534534535
18070 -8.931865942028985 -1.1666123188405795
18075 4.623363636363637 -0.18212009803921525
18076 1.0546184210526315 -0.2244166666666667
18077 2.3996380090497738 1.2323253968253964
18079 10.738 2.2301461988304094
18083 0.1763157894736842 0.031507823613086794
18084 -0.2637619047619051 0.08280701754385977
18086 5.998123993558778 2.946157094594595
18087 -6.305055504162811 -0.33652217741935475
18089 -2.2204615384615387 -0.633695945945946
18091 -0.8513229018492177 -0.5038235294117648
18092 5.665656382335147 2.178166666666667
18096 -0.20431073446327686 0.5084615384615385
18101 -2.0161808367071528 -1.2653076923076927
18107 6.735742296918767 3.5847089947089943
18109 77.77166666666665 -176.27651549508693
18111 3.988953418027827 1.5406827880512095
18112 4.022039618488627 2.386129032258064
18113 2.2303794037940374 3.7737254901960777
18117 -2.847974137931035 2.6836458333333337
18121 -1.8683253588516742 -0.7126555023923442
18122 12.933696236559141 1.6007499999999988
18123 1.574508196721312 1.042326923076923
18130 0.017165413533834828 -0.4977667140825036
18134 4.7684523809523816 0.16100000000000003
18137 -2.8679065174456873 -1.0119791666666669
18140 12.857875000000002 4.0625
18145 0.6680378787878785 -0.054811827956989134
18146 0.06199346405228745 0.018000000000000016
18148 4.906130867709815 0.8074679943100995
18150 -3.3963462949376373 -1.194859299931366
18153 -3.180416666666667 -1.257002688172043
18154 0.10499999999999998 -0.25768136557610255
18160 11.101257763975156 3.044889643463497
18161 -4.4059510567297 -1.2432795698924726
18165 -6.372466666666667 1.9440719696969697
18166 15.052625 4.723437499999999
18169 1.7985390749601269 1.18725975975976
18170 2.7414442538593486 1.8891066066066065
18172 10.995988095238094 5.333877192982456
18175 -0.3364871794871793 0.15990196078431373
18178 7.179433333333333 0.11357142857142855
18181 3.370515873015873 3.24325075075075
18188 0.35813974591651543 -0.001993464052287619
18189 7.233295795795796 2.8883854907539117
18190 2.2101361161524498 0.8029302987197728
18191 9.634623655913977 2.351815789473684
18193 13.687032258064518 3.5653684210526313
18195 0.9749955673758866 -0.19547379032258072
18196 6.430122549019609 3.682319347319348
18201 -0.9234841269841267 -0.6857222222222221
18202 0.8396273291925467 2.3557453416149063
18209 6.612344827586206 7.154896551724137
18212 6.489280177187155 7.456402116402115
18216 -9.290555555555553 0.09989130434782645
18218 8.548211517165004 1.8595105820105817
18221 11.15490322580645 6.096333333333335
18224 3.9828042328042335 2.6072751322751326
18226 -2.8562222222222218 2.5503333333333336
18228 0.8991345029239763 5.825977011494253
18236 2.891373737373737 2.9581379310344826
18238 2.445125603864734 1.653022988505747
18241 -77.17826259946949 -13.696805555555557
18242 2.307429435483871 2.0421875
18243 -0.504405241935484 0.1579166666666666
18244 -4.760869565217391 7.420818858560795
18251 -1.1481561085972853 -1.515463458110517
18252 11.1526026026026 2.856348039215687
18253 4.8815396825396835 3.0479285714285718
18255 6.3244654088050325 1.9288650793650794
18256 0.17660639192598815 -0.2208719512195123
18266 21.42499358974359 2.198846153846154
18267 2.1073433583959904 1.6814166666666663
18268 -3.4438333333333335 -1.679717948717949
18270 -32.06616666666667 1.0333333333333332
18271 -0.12580645161290338 -0.9353124999999998
18272 -1.5032777777777775 1.7315307017543855
18273 -0.047576291079812094 -0.34607003129890457
18276 12.40210924369748 7.791873015873016
18277 -5.651486013986014 -3.4237254901960785
18280 -13.700608465608465 -1.8068253968253971
18283 -0.3356890756302521 -0.3132268907563025
18286 3.1719444444444447 1.3094144144144142
18288 0.12267379679144397 -0.023431372549019502
18290 6.463526383526384 0.2640705128205125
18291 0.16581996434937585 -0.3174509803921566
18292 9.535494912118407 1.6700537634408599
18295 -0.5082909090909085 -1.0031794871794872
18296 -2.1771846153846153 -0.9238461538461538
18297 -45.21618065433855 -37.469614942528736
18298 1.122484984984985 1.2386569872958257
18299 -3.956269841269841 -3.709462901439646
18301 -0.01661319073083778 -0.27242424242424246
18302 -0.11512012012012063 6.239949874686717
18304 19.896222222222224 6.457547619047619
18309 -5.3702072072072085 -0.5740152801358234
1831 1.1132380952380951 -0.6342499999999998
18311 -0.5610439560439566 0.27877777777777757
18312 -1.0130833333333307 -4.99
18313 0.5739285714285716 -3.916656346749227
18314 -1.6088754208754201 -0.2978571428571428
18320 -2.117523076923077 -1.2124153846153847
18321 39.826648745519705 68.11807375581813
18323 -28.483401360544214 -8.143530092592592
18324 1.1810238095238093 4.182499999999999
18325 -6.527127016129032 0.8367036290322583
18327 -9.672727272727272 -0.8607777777777776
18330 -1.1679901960784318 1.5910714285714285
18331 -23.272723214285712 -2.529791666666666
18332 -4.966395289298514 -0.04872355769230752
18333 -0.07072410147991559 -0.1689587737843553
18336 -3.8091586761521805 -0.7971071428571428
18339 -1.917769230769231 -0.2744230769230769
18340 1.2434336917562723 0.5579512195121952
18341 -2.701156186612576 -0.673709677419355
18346 -7.006293103448275 -2.3090216519647155
18351 -0.3573885918003564 -0.1605882352941177
18352 2.3451538461538464 2.3581538461538463
18353 -0.22177361853832456 -1.1179679144385026
18354 0.9655462184873942 0.34714596949891074
18357 4.171106280193236 1.2328390804597702
18360 8.44950166112957 1.7655820105820101
18361 -4.502155844155844 -2.261111111111111
18362 1.551283068783069 -0.3875975975975975
18363 -0.40303846153846146 -0.18782692307692306
18365 0.6726600102406559 0.9775958188153311
18366 -4.496101449275362 -1.3666329284750338
18374 -1.4772539682539683 3.078150793650793
18375 -3.5761751152073717 -31.65158276643991
18376 -2.119132290184922 -0.6076884779516356
1838 -66.77960144927536 -1.2894444444444444
18386 3.605244755244753 3.570888888888888
18387 -26.46023809523809 -19.42597222222222
18389 0.07806980433632993 -0.27039024390243904
18390 -0.5241428571428557 0.26122222222222113
18391 -1.8136909581646403 -0.1233846153846141
18392 7.076423034330009 1.7024450549450552
18393 1.023886639676114 -0.17686153846153818
18394 -5.931086956521741 -0.8297463768115942
18395 30.759354838709683 7.403007518796992
18396 -0.6957692307692316 -0.8019444444444446
18397 -31.992584615384615 -6.007692307692308
18399 -1.4306523378582203 -1.5074777183600707
18405 0.13466891891891897 -0.3825608108108105
18408 -73.05335858585858 -32.962395721925134
1841 7.964259005927952 2.392694805194805
18414 -35.2099715099715 -8.63387394957983
18415 -3.194153439153439 -3.3913227513227513
18419 1.8296166666666667 0.6247817047817037
18425 -8.63334656084656 -5.511544850498338
18430 5.34775 0.07532163742690057
18441 -233.62213709677422 -200.75440901360543
18443 1.7739495798319327 2.6528525641025635
18447 1.6055342136854742 2.93955462184874
18451 7.261700767263427 0.32607142857142857
18454 -0.6157142857142858 3.6193333333333326
18456 -4.071316489361702 -0.5041176470588238
18457 80.59129885057472 25.290434782608695
18459 -1.0452773826458035 -1.4144444444444444
18460 5.437553191489362 0.5905947580645161
18463 -6.737486631016043 -0.46026737967914433
18466 14.303005798969073 16.963472222222222
18468 5.570585585585587 1.3475975975975976
18473 7.643386243386244 1.4598941798941798
18475 0.6484848484848484 0.0790909090909091
18478 -3.066420634920634 4.118275862068966
18479 -1.4531438415159346 -0.5527380952380954
1848 15.98305977710233 3.9160000000000004
18480 5.044274640088593 3.031415343915344
18485 -5.855100806451613 -1.2902620967741936
18486 0.7682934397163113 2.2040967741935487
18516 -51.960530303030296 -5.78388888888889
18539 -65.56129032258065 47.53506451612904
18547 2.6183076923076882 3.5523837209302336
18582 0.4000689223057645 -0.9869400244798041
18584 0.9583483483483466 1.7828623188405799
18585 4.336019490254872 0.07455555555555549
18586 -1.8562639109697927 -1.0916203703703704
18587 -2.9496333333333333 3.8626666666666667
18588 -0.44414285714285695 0.8715999999999999
18589 -0.24047692307692325 -0.47269230769230774
18590 58.160227272727276 173.50320175438594
18593 5.858896103896107 -0.1613186813186811
18596 -234.78478787878788 3640.3886305220885
18598 0.716719806763285 -0.32656321839080515
18601 4.778079710144928 2.090967741935484
18602 -14.078188405797102 7.84911231884058
18604 -4.3696543330087625 -0.4367383107088989
18606 7.967142857142858 4.9408994708994705
18607 7.441951466127402 2.1104365079365084
18610 -5.388429487179487 0.524986338797814
18612 -4.190385714285714 -11.049314251639835
18615 0.3139370748299317 3.521320564516129
18617 -0.8810449735449737 -0.38642857142857134
18618 7.4234021739130425 2.761872909698997
18621 -4.72054054054054 -0.2569166666666667
18624 -3.3608771929824566 -0.6826666666666666
18626 1.0843518518518518 4.346574074074075
18628 6.413999999999998 0.5393333333333334
18629 3.9314935897435896 2.0007692307692304
18630 -0.9381076923076925 2.2251230769230768
18635 -2.300649970184855 -0.25964285714285706
18643 16.95698757763975 33.78608585858586
18644 0.6309729729729734 -0.8776282051282052
18647 -2.2823913043478266 -1.4011851851851858
1865 2.352843434343434 2.2548494623655917
18650 -21.904661538461536 -34.53976923076923
18651 -1.1410804597701147 2.1732758620689654
18653 -0.2515800865800859 -2.14849376114082
1866 -0.6380336307481127 0.030638297872340292
18660 -3.785773535220539 -1.9772916666666664
18661 -2.894380952380949 -0.2615865384615379
18662 11.222354788069072 7.057362500000001
18664 2.811969439728351 14.575913978494624
18666 -1.3188795986622073 0.13801282051282038
18668 6.272007326007326 2.504615384615385
18670 4.318289407630522 1.5544687499999998
18671 13.631212121212124 1.8307142857142864
18673 3.1680024813895784 2.6762916666666676
18678 -1.7911499999999996 -2.190769230769231
18680 13.599333333333332 6.272020202020201
18684 2.0587931034482736 -20.785492610837437
18686 -1.9514682539682537 -0.8001242236024844
18688 0.5801960784313729 4.543611764705883
18689 7.323206521739133 3.0348369565217395
18690 -0.3833333333333333 0.04843749999999991
18691 3.241577380952382 -0.8622916666666665
18693 0.5372633527234267 1.5948083623693377
18694 9.836268817204303 2.761559139784946
18697 -14.167747844827588 -51.30526984126985
18700 111.55074596774193 106.47821644042233
18701 5.434412238325282 4.817555555555555
18704 -2.4480476190476192 -0.5431984126984128
18705 8.359642857142855 1.0695396825396815
18709 53.670665024630544 42.30187596899225
18711 -13.459155722326454 0.4217236467236467
18713 -4.1669230769230765 -1.911205128205129
18715 -1.496614035087724 12.315526315789475
18718 1.7204900181488203 2.8538264580369845
18721 -0.9100606060606059 0.3280514705882349
18722 1.4003612845673505 0.2224454428754814
18723 2.988777777777777 2.442916666666666
18727 2.6777192982456137 3.837636363636363
18728 1.7625377468060401 0.980493612078978
18729 -2.9663857801184994 -0.1627922077922077
18733 8.231778584392014 -0.3688461538461536
18734 -33.884316239316234 -42.164547619047624
18737 14.04904301075269 3.671368421052631
18738 -3.100388888888889 -0.8644655172413793
18740 -17.02874054054054 -2.0408953900709226
18743 1.5627826086956524 7.979436363636363
18749 -3.5993239795918366 -0.4783467741935483
18751 3.2329870129870124 6.02268707482993
18760 -3.31640977443609 -1.433555555555556
18761 -0.6885863377609108 -0.07819734345351048
18767 7.221421370967741 4.136209677419354
18768 -5.1467368421052635 -0.8248803827751194
18769 7.92142857142857 0.6276315789473681
18771 3.040033613445381 9.066655462184874
18772 5.693452380952383 1.8044144144144143
18774 1.8982471264367824 0.03585526315789478
18775 4.332941176470589 0.5252272727272729
18777 6.439047619047619 2.492137049941928
18779 -2.316947261663286 -0.7521191553544494
18780 13.536726296958854 4.847885057471265
18782 7.809021505376344 0.3229032258064517
18783 5.166956521739131 2.1091111111111114
18784 5.5596905660377365 3.433611111111111
18786 7.659505747126437 2.5853333333333333
18787 -4.882720066750104 -0.8367362428842506
18789 -1.8527116935483874 0.2926704545454548
18793 7.920610465116278 13.012023809523809
18797 10.737057733050847 3.278461538461538
18799 3.527287211740042 5.909087221095335
18800 -0.05952561669829226 -0.24769607843137265
18801 0.4629613526570049 -0.1304942528735633
18802 3.8731214421252376 1.441372549019608
18804 -27.11244897959184 57.103503787878786
18807 -13.308179487179489 -1.2597293447293447
18809 -5.545555555555556 -19.044428571428572
18812 -1.8131529411764706 -0.9945222222222223
18813 2.532923076923076 0.8533333333333326
18814 0.1053571428571427 0.4238888888888894
18817 1.5531372549019622 3.236136363636364
18818 -5.961131782945737 -0.5631954022988507
18821 0.3646190476190476 -0.41619825708061
18822 -1.6040810810810804 -0.6067567567567564
18823 -1.0485714285714351 1.241071428571428
18824 -0.7417499999999997 -0.6470548780487804
18827 -9.17909090909091 -2.040939278937381
18831 2.3307654600301664 2.2091443850267374
18832 -1.2473567119155353 -0.35593582887700537
18834 58.12333333333333 -1.0735786290322582
18835 -49.968777777777774 3.3134509803921617
18836 5.634595141700405 2.558049932523616
18842 9.558033033033032 2.102539682539683
18848 8.57669117647059 4.01502380952381
18850 8.417071611253196 -0.6260869565217391
18851 -0.4176744186046508 -0.14362050739957732
18852 -0.41745517241379304 -0.8919696969696967
18855 -13.900000000000006 0.7341071428571411
1886 -6.398229824561404 -2.5363551020408166
1887 -0.603834586466165 -1.2966000000000002
18878 6.936129032258064 2.1823333333333337
18884 -1.3696225490196077 -2.393409090909091
18890 30.82161538461538 38.791782945736436
18892 -4.241648550724638 -1.5326811594202903
18893 0.053637566137566095 -0.42988095238095236
18894 6.444803001876172 9.788176638176637
18898 -41.34186594202899 -8.880555555555553
18903 3.3527499999999995 -2.9735538461538464
18907 7.5879528619528624 10.906182539682538
18909 -20.702852852852853 0.06369565217391304
18914 -3.6484660961158664 -2.2210295126973234
18915 7.150372340425532 3.5615423387096774
18917 -0.8710897435897436 -0.17941208791208796
18920 -0.1127124183006536 0.14861344537815135
18927 -1.7041751700680272 -1.4061592741935485
18930 10.333894009216591 3.9497037037037037
18933 0.13531250000000006 -0.6461491935483872
18934 9.832800000000004 1.5339166666666664
18935 3.271771561771563 3.0176470588235293
18936 19.40822222222222 2.5367592592592594
18940 95.51120464441217 29.559670329670332
18941 -0.34393097643097637 -0.12222570532915356
18942 -1.1237141779788837 0.15604166666666663
18943 16.898344537815124 0.4924201680672269
18945 36.052873563218384 8.088528735632183
18947 -1.05219165085389 -0.21133776091081602
18948 4.224242424242424 4.011550802139038
18949 -2.6361279069767445 -1.512741379310345
18950 15.40120265151515 -0.9248958333333333
18951 -1.7565540258656656 -0.21308928571428587
18952 1.3857862903225806 5.766219758064516
18953 0.09928205128205114 0.9690000000000003
18958 -1.122476190476192 -0.11366666666666658
18959 -0.017034632034631514 -3.766000000000002
