results/collective_fits/with_ext/sdss_sako18_mcmc_fit_fits.ecsv
# %ECSV 0.9
# ---
# datatype:
# - {name: obj_id, datatype: string}
# - {name: message, datatype: string}
# - {name: band, datatype: string}
# - {name: source, datatype: string}
# - {name: pre_max, datatype: int64}
# - {name: post_max, datatype: int64}
# - {name: vparams, datatype: string}
# - {name: x1, datatype: float64}
# - {name: c, datatype: float64}
# - {name: mwebv, datatype: float64}
# - {name: z, datatype: float64}
# - {name: amplitude, datatype: float64}
# - {name: t0, datatype: float64}
# - {name: x1_err, datatype: float64}
# - {name: c_err, datatype: float64}
# - {name: mwebv_err, datatype: float64}
# - {name: z_err, datatype: float64}
# - {name: amplitude_err, datatype: float64}
# - {name: t0_err, datatype: float64}
# - {name: chisq, datatype: float64}
# - {name: ndof, datatype: float64}
# - {name: b_max, datatype: float64}
# - {name: delta_15, datatype: float64}
# meta: !!omap
# - band_names: !!python/tuple [sdss_sako18_u1, sdss_sako18_u2, sdss_sako18_u3, sdss_sako18_u4, sdss_sako18_u5, sdss_sako18_u6, sdss_sako18_g1,
#     sdss_sako18_g2, sdss_sako18_g3, sdss_sako18_g4, sdss_sako18_g5, sdss_sako18_g6, sdss_sako18_r1, sdss_sako18_r2, sdss_sako18_r3,
#     sdss_sako18_r4, sdss_sako18_r5, sdss_sako18_r6, sdss_sako18_i1, sdss_sako18_i2, sdss_sako18_i3, sdss_sako18_i4, sdss_sako18_i5,
#     sdss_sako18_i6, sdss_sako18_z1, sdss_sako18_z2, sdss_sako18_z3, sdss_sako18_z4, sdss_sako18_z5, sdss_sako18_z6]
# - lambda_eff: !!python/tuple [3551, 3551, 3551, 3551, 3551, 3551, 4686, 4686, 4686, 4686, 4686, 4686, 6166, 6166, 6166, 6166, 6166,
#     6166, 7480, 7480, 7480, 7480, 7480, 7480, 8932, 8932, 8932, 8932, 8932, 8932]
# - {fit_func: mcmc_fit}
# - {out_path: /global/u1/d/djp81/Photometric-Classification/results/collective_fits/with_ext/sdss_sako18_mcmc_fit_fits.ecsv}
# schema: astropy-2.0
obj_id message band source pre_max post_max vparams x1 c mwebv z amplitude t0 x1_err c_err mwebv_err z_err amplitude_err t0_err chisq ndof b_max delta_15
[from data line 13458]
17341 NONE all hsiao_x1 0 93 z,t0,amplitude,x1 -0.042877996710114503 "" 0.041043076288675734 0.12885751318140015 -2.0128932026409748e-07 2454345.070976359 0.17765876002296246 "" "" 0.08476791975882557 3.9272659973640895e-05 3.414840052782258 485.23 89.0 -5.58 1.125
17341 NONE blue hsiao_x1 0 36 amplitude,x1 0.025692525246482814 "" 0.041043076288675734 0.12885751318140015 -8.94254033662461e-06 2454345.070976359 0.12376206125195129 "" "" "" 4.3165460371654926e-05 "" 245.63 34.0 -13.82 1.009
17341 NONE red hsiao_x1 0 38 amplitude,x1 -0.2775323816742972 "" 0.041043076288675734 0.12885751318140015 3.3648911728429634e-08 2454345.070976359 0.16627390517287322 "" "" "" 4.2316251508843055e-05 "" 69.24 36.0 -1.7 1.701
17341 NONE all sn91bg 5 88 z,t0,amplitude,x1,c 0.9998814556885381 0.05231546536448992 0.041043076288675734 0.06038323077525276 6.504375701502337e-17 2454347.6886403663 0.15328565686904236 0.10355369366244595 "" 0.00931159457771372 1.0921141548056e-17 1.1237140576314437 141.35 88.0 -14.99 1.661
17341 NONE blue sn91bg 2 34 amplitude,x1,c 1.1246188302949285 0.2945816560073244 0.041043076288675734 0.06038323077525276 1.6775781284492954e-16 2454347.6886403663 0.09825161220130009 0.24810430656939264 "" "" 8.626779431739411e-17 "" 50.3 33.0 -15.65 1.541
17341 NONE red sn91bg 3 54 amplitude,x1,c 0.8546768911962898 0.23962703528673002 0.041043076288675734 0.06038323077525276 7.138897594325168e-17 2454347.6886403663 0.11129154790658718 0.20987602222156562 "" "" 1.5253406778106432e-17 "" 43.94 54.0 -14.6 1.853
17343 "No data within model range" "" "" "" "" "" "" "" "" "" "" "" "" "" "" "" "" "" "" "" "" ""
17345 NONE all hsiao_x1 0 89 z,t0,amplitude,x1 -0.1777694133960088 "" 0.1019552864218953 0.2803403652286755 2.536948898344633e-05 2454344.242075619 0.23617125077894635 "" "" 0.09393858209944184 2.8238948750040712e-05 5.195821050839522 211.47 85.0 -17.97 1.416
17345 NONE blue hsiao_x1 0 35 amplitude,x1 -0.30642808273532113 "" 0.1019552864218953 0.2803403652286755 4.533983856994033e-05 2454344.242075619 0.08738147150098043 "" "" "" 2.16118640009923e-06 "" 23.91 33.0 -19.23 1.794
17345 NONE red hsiao_x1 0 36 amplitude,x1 -0.24263057918937705 "" 0.1019552864218953 0.2803403652286755 4.4282618412981665e-05 2454344.242075619 0.154341478765422 "" "" "" 3.1101599317767863e-06 "" 55.54 34.0 -19.18 1.594
17345 NONE all sn91bg 0 89 z,t0,amplitude,x1,c 0.9914671051960898 0.20105528306893553 0.1019552864218953 0.07555216362900016 9.02651861722245e-17 2454344.1850188947 0.14047259580922652 0.15874158620810158 "" 0.026914942881079897 1.9944975526887374e-17 2.313070406125864 85.94 84.0 -15.56 1.671
17345 NONE blue sn91bg 0 36 amplitude,x1,c 0.9446982520699833 0.5887326585786579 0.1019552864218953 0.07555216362900016 2.287419790337704e-16 2454344.1850188947 0.17085050873766133 0.28374344463909945 "" "" 1.228691085125565e-16 "" 23.8 33.0 -15.78 1.727
17345 NONE red sn91bg 0 53 amplitude,x1,c 1.010438415548459 0.23983347566702237 0.1019552864218953 0.07555216362900016 8.883009762485191e-17 2454344.1850188947 0.1184369150171699 0.19735338817977002 "" "" 1.9501181316187898e-17 "" 63.29 50.0 -15.47 1.65
17351 NONE all hsiao_x1 5 95 t0,amplitude,x1 0.02198418157882218 "" 0.09249609248956671 0.180813 7.835911432293924e-05 2454347.0205818005 0.07371981806829786 "" "" "" 5.46312305786849e-06 1.279075797452946 120.13 97.0 -19.34 1.015
17351 NONE blue hsiao_x1 3 57 amplitude,x1 0.04281559515831357 "" 0.09249609248956671 0.180813 7.876823052853531e-05 2454347.0205818005 0.04141675915868387 "" "" "" 1.019318810777182e-06 "" 78.88 58.0 -19.35 0.983
17351 NONE red hsiao_x1 2 38 amplitude,x1 -0.03418437739465353 "" 0.09249609248956671 0.180813 8.102357049914966e-05 2454347.0205818005 0.05673090645400463 "" "" "" 2.1313290003613853e-06 "" 38.39 38.0 -19.41 1.109
17351 NONE all sn91bg 5 95 t0,amplitude,x1,c 1.227176042575689 0.0029883248552357543 0.09249609248956671 0.180813 1.7368138917969354e-16 2454349.2687614374 0.01940351780756866 0.0032210133074803532 "" "" 5.5852098863738795e-18 0.4496714497337 641.96 96.0 -18.88 1.461
17351 NONE blue sn91bg 3 57 amplitude,x1,c 1.201697561156788 0.0033940976874005883 0.09249609248956671 0.180813 2.2550875599943497e-16 2454349.2687614374 0.03985594801717612 0.003526730798371828 "" "" 1.2152516878234059e-17 "" 380.53 57.0 -19.14 1.48
17351 NONE red sn91bg 2 38 amplitude,x1,c 1.192678425826838 0.5087590868219554 0.09249609248956671 0.180813 1.7765420240557534e-16 2454349.2687614374 0.04983121337048755 0.2875195440174419 "" "" 3.461531098418156e-17 "" 67.21 37.0 -17.89 1.487
17355 NONE all hsiao_x1 0 105 z,t0,amplitude,x1 -0.1853875120401195 "" 0.06407513593247383 0.30985885683692915 -5.364612551729272e-05 2454343.2568772146 0.1956681035497094 "" "" 0.08221354147065829 2.513150833127576e-05 5.043813087015994 393.44 101.0 -19.84 1.436
17355 NONE blue hsiao_x1 0 42 amplitude,x1 -0.2655918051913864 "" 0.06407513593247383 0.30985885683692915 -6.662155492996247e-05 2454343.2568772146 0.046299268518091206 "" "" "" 1.5845559434073555e-06 "" 38.01 40.0 -20.32 1.663
17355 NONE red hsiao_x1 0 42 amplitude,x1 0.11998440194800564 "" 0.06407513593247383 0.30985885683692915 -5.953972993447167e-05 2454343.2568772146 0.11678006112158461 "" "" "" 2.5095012593467925e-06 "" 112.23 40.0 -20.07 0.875
17355 NONE all sn91bg 0 105 z,t0,amplitude,x1,c 1.045471153402322 0.03984379036666847 0.06407513593247383 0.08095034192606457 1.474469968237666e-16 2454345.537259873 0.1603157865180739 0.03839570264969346 "" 0.02280061918876176 2.9252262647215774e-17 1.371452143616712 315.31 100.0 -16.61 1.613
17355 NONE blue sn91bg 0 42 amplitude,x1,c 0.798005920506441 0.8348255617812831 0.06407513593247383 0.08095034192606457 9.401948511643983e-16 2454345.537259873 0.1080758234373631 0.176189404803205 "" "" 2.512247918802419e-16 "" 141.05 39.0 -16.87 1.945
17355 NONE red sn91bg 0 63 amplitude,x1,c 1.168536643982311 0.31281351178854766 0.06407513593247383 0.08095034192606457 1.4433209242828457e-16 2454345.537259873 0.05955686822987258 0.1907148082232231 "" "" 2.148721408047557e-17 "" 148.51 60.0 -16.16 1.506
17366 NONE all hsiao_x1 5 100 t0,amplitude,x1 0.0852413916899843 "" 0.0687304711607109 0.138109 -2.4020298926119132e-05 2454350.8265880533 0.017782683435153424 "" "" "" 0.00011717735586987985 0.24793174950752625 13758.5 102.0 -16.13 0.922
17366 NONE blue hsiao_x1 2 40 amplitude,x1 0.10367203490733254 "" 0.0687304711607109 0.138109 -0.00012134019897809548 2454350.8265880533 0.028780717077053385 "" "" "" 1.11241934268576e-06 "" 50.45 40.0 -19.65 0.897
17366 NONE red hsiao_x1 2 40 amplitude,x1 0.11667753163134498 "" 0.0687304711607109 0.138109 -0.00011448900580644428 2454350.8265880533 0.03713873772007322 "" "" "" 1.5010819935323375e-06 "" 30.42 40.0 -19.52 0.88
17366 NONE all sn91bg 5 100 t0,amplitude,x1,c 1.2477418296207767 0.003571586967135264 0.0687304711607109 0.138109 3.696416875038388e-16 2454351.77362742 0.0034591326404274725 0.008577715209071834 "" "" 1.259410234591809e-17 1.1624415686479095 2336.34 101.0 -19.07 1.447
17366 NONE blue sn91bg 2 40 amplitude,x1,c 1.0808197008495917 0.07907904049371776 0.0687304711607109 0.138109 1.1051339876388053e-15 2454351.77362742 0.051027779619575275 0.07333525364096175 "" "" 1.874184944745008e-16 "" 103.02 39.0 -20.0 1.579
17366 NONE red sn91bg 2 40 amplitude,x1,c 1.2468417213290346 0.09761003267946046 0.0687304711607109 0.138109 2.6727528389991127e-16 2454351.77362742 0.0033671033843144503 0.09150164888743394 "" "" 1.5871662165185688e-17 "" 209.19 39.0 -18.56 1.448
17370 NONE all hsiao_x1 5 77 z,t0,amplitude,x1 0.05318273790265066 "" 0.09977828709555928 0.26805849916755176 2.193617404008793e-05 2454357.561247994 0.27501895102719937 "" "" 0.08962931501684357 2.241126743494808e-05 5.422337042266859 512.78 78.0 -17.54 0.967
17370 NONE blue hsiao_x1 2 32 amplitude,x1 0.004213610921527234 "" 0.09977828709555928 0.26805849916755176 4.908514702902483e-05 2454357.561247994 0.05938836281511499 "" "" "" 1.2325634835759278e-06 "" 28.8 32.0 -19.29 1.043
17370 NONE red hsiao_x1 2 32 amplitude,x1 -0.05243454798265556 "" 0.09977828709555928 0.26805849916755176 4.806320774973654e-05 2454357.561247994 0.12309655799148439 "" "" "" 2.6451603480110905e-06 "" 45.85 32.0 -19.24 1.143
17370 NONE all sn91bg 5 77 z,t0,amplitude,x1,c 1.1721636501667416 0.04676160629748761 0.09977828709555928 0.09935974919112421 8.9690937849112e-17 2454353.924450737 0.055513510939443636 0.05077731588892537 "" 0.07777783736386391 7.868471560761683e-18 1.0349047683716357 125.21 77.0 -16.63 1.503
17370 NONE blue sn91bg 2 29 amplitude,x1,c 1.130409581240897 0.6091756666104634 0.09977828709555928 0.09935974919112421 4.056998965430945e-16 2454353.924450737 0.0969190737621581 0.25996022837936844 "" "" 1.8614149481897277e-16 "" 44.63 28.0 -17.15 1.537
17370 NONE red sn91bg 3 48 amplitude,x1,c 1.1736841653224452 0.1435699432295415 0.09977828709555928 0.09935974919112421 8.311980425882489e-17 2454353.924450737 0.059257119475764106 0.11851164041158663 "" "" 1.0918635380199089e-17 "" 59.03 48.0 -16.37 1.502
17371 NONE all hsiao_x1 5 90 t0,amplitude,x1 -1.1909457845250583e-08 "" 0.030879821151675646 0.278428 2.1578109370519197e-09 2454348.6822984503 9.981190939982804e-05 "" "" "" 1.9290775460790596e-11 0.0017778613579893278 924.71 92.0 2.4 1.05
17371 NONE blue hsiao_x1 2 36 amplitude,x1 0.4791588142202262 "" 0.030879821151675646 0.278428 1.7414575351402158e-05 2454348.6822984503 0.020504213827880206 "" "" "" 3.9975916361066105e-05 "" 462.46 36.0 -17.13 0.538
17371 NONE red hsiao_x1 2 36 amplitude,x1 0.44207117046012745 "" 0.030879821151675646 0.278428 8.564743455662542e-08 2454348.6822984503 0.05464762312815178 "" "" "" 4.4052038403901164e-05 "" 211.24 36.0 -5.59 0.564
17371 NONE all sn91bg 5 90 t0,amplitude,x1,c 0.9999793162544153 0.5500071523558153 0.030879821151675646 0.278428 6.041143328761856e-16 2454347.678128083 5.4441641089700975e-05 7.964806814778602e-05 "" "" 5.4809625840451154e-18 0.0018809993746346067 6197.66 91.0 -20.05 1.661
17371 NONE blue sn91bg 2 36 amplitude,x1,c 1.2363982204272081 0.019176716206341166 0.030879821151675646 0.278428 7.825049878533093e-17 2454347.678128083 0.014005941475625828 0.020563353277576683 "" "" 4.740402144264126e-18 "" 242.16 35.0 -19.06 1.455
17371 NONE red sn91bg 2 36 amplitude,x1,c 1.2198372831128683 0.5175918536834504 0.030879821151675646 0.278428 7.286206920995691e-17 2454347.678128083 0.028574482203699816 0.2836702841194639 "" "" 1.631674353358934e-17 "" 75.07 35.0 -17.99 1.467
17372 NONE all hsiao_x1 0 95 t0,amplitude,x1 0.13996674803112658 "" 0.023030943248991267 0.144782 1.5983562782576115e-05 2454341.3998815054 0.18720413473339134 "" "" "" 3.437576233396463e-05 3.0832418646965616 231.1 92.0 -15.36 0.85
17372 NONE blue hsiao_x1 0 38 amplitude,x1 0.31424805409353834 "" 0.023030943248991267 0.144782 3.590047158725625e-05 2454341.3998815054 0.13408867388446394 "" "" "" 1.9811790004445494e-06 "" 21.55 36.0 -17.11 0.666
17372 NONE red hsiao_x1 0 38 amplitude,x1 -0.15180407548992556 "" 0.023030943248991267 0.144782 3.244545046948285e-05 2454341.3998815054 0.25519107503504807 "" "" "" 2.3237132790167477e-05 "" 24.58 36.0 -16.89 1.353
17372 NONE all sn91bg 5 90 t0,amplitude,x1,c 0.9149070003462155 0.030985519989127994 0.023030943248991267 0.144782 5.4344789895152996e-17 2454347.5006098105 0.14393942795983583 0.02840952837874823 "" "" 8.771803487832491e-18 1.3549195724453553 100.6 91.0 -16.79 1.766
17372 NONE blue sn91bg 2 36 amplitude,x1,c 1.1307589281510995 0.6741826366674838 0.023030943248991267 0.144782 2.9252882217735304e-16 2454347.5006098105 0.11226365641591667 0.23254030598134845 "" "" 1.3434682330087191e-16 "" 31.26 35.0 -17.55 1.536
17372 NONE red sn91bg 2 36 amplitude,x1,c 0.8659602786744793 0.5776852561854511 0.023030943248991267 0.144782 4.7656218584605053e-17 2454347.5006098105 0.1634169263291193 0.2720757321637533 "" "" 1.5094955524108435e-17 "" 23.08 35.0 -15.55 1.836
17373 NONE all hsiao_x1 0 108 t0,amplitude,x1 0.4658778951850386 "" 0.02460147201526437 0.121282 -2.3005140791555166e-05 2454348.3709921353 0.0878627491822915 "" "" "" 5.665752355200724e-05 3.747350512129664 2194.91 105.0 -15.73 0.547
17373 NONE blue hsiao_x1 0 42 amplitude,x1 0.4847439465208396 "" 0.02460147201526437 0.121282 -5.790447245746119e-05 2454348.3709921353 0.015062390777929816 "" "" "" 1.0257022076426302e-06 "" 124.74 40.0 -17.73 0.534
17373 NONE red hsiao_x1 0 66 amplitude,x1 0.4938342744069166 "" 0.02460147201526437 0.121282 -6.311479350124792e-05 2454348.3709921353 0.0062221598024751685 "" "" "" 8.472056331863576e-07 "" 416.28 64.0 -17.92 0.528
17373 NONE all sn91bg 5 103 t0,amplitude,x1,c 1.235866584770808 0.024232582136173023 0.02460147201526437 0.121282 1.1727276581961995e-16 2454354.9926282647 0.03442997290323942 0.03966126255576382 "" "" 9.117283698720936e-18 0.7096221795365049 1015.27 104.0 -17.48 1.455
17373 NONE blue sn91bg 2 40 amplitude,x1,c 1.238316904853755 0.11729020051566955 0.02460147201526437 0.121282 2.1337324588196923e-16 2454354.9926282647 0.010674772255030086 0.10468625206840383 "" "" 4.963602244363489e-17 "" 193.82 39.0 -17.97 1.454
17373 NONE red sn91bg 3 63 amplitude,x1,c 1.2461660307942348 0.6658097230731221 0.02460147201526437 0.121282 1.6211814002713077e-16 2454354.9926282647 0.003763496515645432 0.18444952163913733 "" "" 2.194410311703167e-17 "" 691.36 63.0 -16.6 1.448
17374 NONE all hsiao_x1 5 100 t0,amplitude,x1 0.08864211824059427 "" 0.0494148010520371 0.250707 4.544013208260614e-05 2454348.917316688 0.13341039530871515 "" "" "" 3.316873437637059e-05 2.3526057078284026 318.17 102.0 -18.96 0.917
17374 NONE blue hsiao_x1 2 40 amplitude,x1 0.06729784295660413 "" 0.0494148010520371 0.250707 5.75494016647382e-05 2454348.917316688 0.06069733996670988 "" "" "" 9.752510048176607e-07 "" 34.72 40.0 -19.47 0.947
17374 NONE red hsiao_x1 2 40 amplitude,x1 0.06041068952286901 "" 0.0494148010520371 0.250707 5.719225446909787e-05 2454348.917316688 0.10025961132750466 "" "" "" 2.213641650247634e-06 "" 42.39 40.0 -19.46 0.957
17374 NONE all sn91bg 5 100 t0,amplitude,x1,c 1.2285906164304556 0.005089283245486559 0.0494148010520371 0.250707 1.0570416082169172e-16 2454351.360504443 0.01890504961467413 0.005013314250738042 "" "" 3.6525357906806466e-18 0.4848250247277752 306.04 101.0 -19.14 1.46
17374 NONE blue sn91bg 2 40 amplitude,x1,c 1.1710658936617966 0.009307464795866638 0.0494148010520371 0.250707 1.424004012578575e-16 2454351.360504443 0.06383464863547705 0.009052667904878955 "" "" 1.2874076525934539e-17 "" 128.36 39.0 -19.41 1.504
17374 NONE red sn91bg 2 40 amplitude,x1,c 1.2185468502895767 0.541697143966577 0.0494148010520371 0.250707 1.1356197518042622e-16 2454351.360504443 0.02970534182205988 0.2851724170552909 "" "" 2.2490456458287552e-17 "" 56.81 39.0 -18.17 1.468
17376 NONE all hsiao_x1 0 100 t0,amplitude,x1 -0.41313126499306274 "" 0.04740839147105175 0.070412 -0.00014932814652638307 2454337.0990294265 0.16724432945469697 "" "" "" 2.771973775515754e-05 1.522034218805363 949.43 87.0 -18.54 2.178
17376 NONE blue hsiao_x1 0 40 amplitude,x1 -0.49618897563912795 "" 0.04740839147105175 0.070412 -0.00013117983956457337 2454337.0990294265 0.0037513860662649954 "" "" "" 2.6125098674719908e-06 "" 185.99 34.0 -18.25 2.479
17376 NONE red hsiao_x1 0 60 amplitude,x1 -0.0016368920839004378 "" 0.04740839147105175 0.070412 -0.00013059732578847946 2454337.0990294265 0.029662439474299165 "" "" "" 1.5881661655628899e-06 "" 203.67 52.0 -18.24 1.053
17376 NONE all sn91bg 0 100 t0,amplitude,x1,c 1.2392059925486447 0.05665735399882266 0.04740839147105175 0.070412 3.9444736392050204e-16 2454337.724528252 0.010687926870783786 0.0793533375712005 "" "" 2.0706494297622548e-17 2.32769023414672 263.68 86.0 -17.49 1.453
