results/collective_fits/with_ext/sdss_sako18_mcmc_fit_fits.ecsv
# %ECSV 0.9
# ---
# datatype:
# - {name: obj_id, datatype: string}
# - {name: message, datatype: string}
# - {name: band, datatype: string}
# - {name: source, datatype: string}
# - {name: pre_max, datatype: int64}
# - {name: post_max, datatype: int64}
# - {name: vparams, datatype: string}
# - {name: t0, datatype: float64}
# - {name: z, datatype: float64}
# - {name: c, datatype: float64}
# - {name: amplitude, datatype: float64}
# - {name: x1, datatype: float64}
# - {name: mwebv, datatype: float64}
# - {name: t0_err, datatype: float64}
# - {name: z_err, datatype: float64}
# - {name: c_err, datatype: float64}
# - {name: amplitude_err, datatype: float64}
# - {name: x1_err, datatype: float64}
# - {name: mwebv_err, datatype: float64}
# - {name: chisq, datatype: float64}
# - {name: ndof, datatype: float64}
# - {name: b_max, datatype: float64}
# - {name: delta_15, datatype: float64}
# meta: !!omap
# - band_names: !!python/tuple [sdss_sako18_u1, sdss_sako18_u2, sdss_sako18_u3, sdss_sako18_u4, sdss_sako18_u5, sdss_sako18_u6, sdss_sako18_g1,
#     sdss_sako18_g2, sdss_sako18_g3, sdss_sako18_g4, sdss_sako18_g5, sdss_sako18_g6, sdss_sako18_r1, sdss_sako18_r2, sdss_sako18_r3,
#     sdss_sako18_r4, sdss_sako18_r5, sdss_sako18_r6, sdss_sako18_i1, sdss_sako18_i2, sdss_sako18_i3, sdss_sako18_i4, sdss_sako18_i5,
#     sdss_sako18_i6, sdss_sako18_z1, sdss_sako18_z2, sdss_sako18_z3, sdss_sako18_z4, sdss_sako18_z5, sdss_sako18_z6]
# - lambda_eff: !!python/tuple [3551, 3551, 3551, 3551, 3551, 3551, 4686, 4686, 4686, 4686, 4686, 4686, 6166, 6166, 6166, 6166, 6166,
#     6166, 7480, 7480, 7480, 7480, 7480, 7480, 8932, 8932, 8932, 8932, 8932, 8932]
# - {fit_func: mcmc_fit}
# - {out_path: /global/u1/d/djp81/Photometric-Classification/results/collective_fits/with_ext/sdss_sako18_mcmc_fit_fits.ecsv}
# schema: astropy-2.0
obj_id message band source pre_max post_max vparams t0 z c amplitude x1 mwebv t0_err z_err c_err amplitude_err x1_err mwebv_err chisq ndof b_max delta_15
[from data line 463]
12804 NONE all sn91bg 5 104 t0,amplitude,x1,c 2453978.136340506 0.132512 0.5499668556718988 2.412298799313819e-15 1.0000134174608977 0.02608296317773385 0.00200209961834928 "" 8.605096869130031e-05 2.3103657972043152e-17 7.792148143995656e-05 "" 50748.92 105.0 -19.76 1.661
12804 NONE blue sn91bg 2 41 amplitude,x1,c 2453978.136340506 0.132512 0.09083156282015328 5.922827464320088e-16 1.2470374404591853 0.02608296317773385 "" "" 0.062342493527909174 7.734574032890395e-17 0.0036208286265083313 "" 545.34 40.0 -19.34 1.448
12804 NONE red sn91bg 2 42 amplitude,x1,c 2453978.136340506 0.132512 0.36019678773269803 2.91982851090026e-16 1.2413348826418775 0.02608296317773385 "" "" 0.21273314942983232 3.866231884312625e-17 0.008561360185935663 "" 119.22 41.0 -18.04 1.452
1282 NONE all hsiao_x1 5 85 z,t0,amplitude,x1 2453624.941671744 0.15657282022606536 "" 2.1667608037056357e-05 0.04205137005617602 0.06915699700600722 3.9579459023964514 0.08657105052153927 "" 2.3470500104176736e-05 0.2576101329366073 "" 286.31 86.0 -16.2 0.984
1282 NONE blue hsiao_x1 3 51 amplitude,x1 2453624.941671744 0.15657282022606536 "" 3.9616374086849444e-05 0.15549115326865331 0.06915699700600722 "" "" "" 1.2674864142396394e-06 0.13730486508970652 "" 75.17 52.0 -17.51 0.831
1282 NONE red hsiao_x1 2 34 amplitude,x1 2453624.941671744 0.15657282022606536 "" 3.9170433354583005e-05 -0.34419222512900294 0.06915699700600722 "" "" "" 3.2374131248916448e-06 0.13927522899510808 "" 39.33 34.0 -17.49 1.925
1282 NONE all sn91bg 5 85 z,t0,amplitude,x1,c 2453625.607412442 0.05801975642655084 0.12720406932874562 7.371144002923137e-17 0.8947091492817036 0.06915699700600722 1.0327804729536219 0.00821787100041066 0.11889762304211915 1.764968223326074e-17 0.19174167291248007 "" 165.26 85.0 -14.82 1.793
1282 NONE blue sn91bg 2 34 amplitude,x1,c 2453625.607412442 0.05801975642655084 0.5264762865528116 2.0326774638851918e-16 1.16090052962994 0.06915699700600722 "" "" 0.2696731775549773 9.359810959899859e-17 0.08541410736420998 "" 63.74 33.0 -15.34 1.512
1282 NONE red sn91bg 3 51 amplitude,x1,c 2453625.607412442 0.05801975642655084 0.21514466494746148 5.4706357576172867e-17 1.0729289832970532 0.06915699700600722 "" "" 0.188024133209599 1.0458752184121016e-17 0.12314472498148751 "" 68.68 51.0 -14.45 1.587
12840 NONE all hsiao_x1 0 115 t0,amplitude,x1 2453970.1016583643 0.33786 "" 8.698462026974387e-06 0.13475760857876973 0.04241801295920899 3.361941288051428 "" "" 4.230538695490765e-05 0.14209589143260656 "" 467.61 112.0 -16.11 0.857
12840 NONE blue hsiao_x1 0 46 amplitude,x1 2453970.1016583643 0.33786 "" 4.304191509461286e-05 0.07719923962018964 0.04241801295920899 "" "" "" 1.9278862913937417e-06 0.10915144389771461 "" 57.3 44.0 -19.59 0.933
12840 NONE red hsiao_x1 0 46 amplitude,x1 2453970.1016583643 0.33786 "" 4.246350344570361e-05 0.27236679603069913 0.04241801295920899 "" "" "" 2.32268084664118e-06 0.14260551916400527 "" 41.07 44.0 -19.56 0.705
12840 NONE all sn91bg 5 110 t0,amplitude,x1,c 2453978.3298166944 0.33786 0.03676628010053912 7.517513230167781e-17 1.0842833327572643 0.04241801295920899 0.9823144802858443 "" 0.03276891366322321 1.5624090994296884e-17 0.12755792043340294 "" 151.36 111.0 -19.35 1.576
12840 NONE blue sn91bg 2 44 amplitude,x1,c 2453978.3298166944 0.33786 0.07304655288111997 1.0741857206669392e-16 1.0225581981857759 0.04241801295920899 "" "" 0.06329389733137425 2.4928764926960835e-17 0.14620458105414322 "" 64.49 43.0 -19.62 1.637
12840 NONE red sn91bg 2 44 amplitude,x1,c 2453978.3298166944 0.33786 0.46729151110212114 8.5498905214919e-17 1.114995108882765 0.04241801295920899 "" "" 0.2865603116349932 2.4558665190018715e-17 0.09942196775902268 "" 46.13 43.0 -18.67 1.549
12841 NONE all hsiao_x1 0 114 t0,amplitude,x1 2453972.93790239 0.292073 "" 2.0318518908722224e-09 1.3233483577258432e-05 0.03999030241332896 0.0018404976698225687 "" "" 1.7290858336842192e-11 0.0001113748033276204 "" 771.77 111.0 2.41 1.05
12841 NONE blue hsiao_x1 0 46 amplitude,x1 2453972.93790239 0.292073 "" -8.987376169612714e-06 0.3201558193883332 0.03999030241332896 "" "" "" 4.426640746954669e-05 0.07212085988653803 "" 483.98 44.0 -15.82 0.661
12841 NONE red hsiao_x1 0 46 amplitude,x1 2453972.93790239 0.292073 "" 1.8039736224514063e-05 0.15851733442766114 0.03999030241332896 "" "" "" 4.1195923064302736e-05 0.14569173324203952 "" 157.27 44.0 -17.33 0.827
12841 NONE all sn91bg 5 109 t0,amplitude,x1,c 2453975.942322295 0.292073 0.5499580684152319 5.038917359572023e-16 0.9999793588163101 0.03999030241332896 0.002285260806078643 "" 6.070753322257052e-05 3.294762350638172e-18 4.196321184098063e-05 "" 2807.25 110.0 -19.97 1.661
12841 NONE blue sn91bg 2 44 amplitude,x1,c 2453975.942322295 0.292073 0.03825768089984661 9.913577058599841e-17 1.2270492852133374 0.03999030241332896 "" "" 0.032586454554517794 7.14397483828422e-18 0.02141272186361128 "" 90.91 43.0 -19.39 1.462
12841 NONE red sn91bg 2 44 amplitude,x1,c 2453975.942322295 0.292073 0.3829934593803052 7.945065833290271e-17 1.1563093923774563 0.03999030241332896 "" "" 0.27098617279869763 2.0478557040129603e-17 0.07693862783617426 "" 39.67 43.0 -18.43 1.516
12843 NONE all hsiao_x1 5 107 t0,amplitude,x1 2453982.192476593 0.165949 "" -1.4361774683651385e-05 -0.18035871457707262 0.03877984998649935 1.8390312986176387 "" "" 8.715156494515932e-05 0.1801167661007374 "" 5195.0 109.0 -15.45 1.423
12843 NONE blue hsiao_x1 3 63 amplitude,x1 2453982.192476593 0.165949 "" -8.594748264965716e-05 -0.1393842440870991 0.03877984998649935 "" "" "" 1.5590834169288513e-06 0.02866554782509416 "" 94.01 64.0 -19.34 1.324
12843 NONE red hsiao_x1 2 44 amplitude,x1 2453982.192476593 0.165949 "" -8.911592839690184e-05 -0.08711347149860312 0.03877984998649935 "" "" "" 2.0706739414918802e-06 0.049214165984509506 "" 57.75 44.0 -19.41 1.211
12843 NONE all sn91bg 5 107 t0,amplitude,x1,c 2453982.1769872047 0.165949 0.0057303068919338776 2.0376496225499782e-16 1.209651801270446 0.03877984998649935 3.162331088741218 "" 0.01262054600714783 2.785424035590526e-17 0.058120924375729806 "" 722.25 108.0 -18.83 1.474
12843 NONE blue sn91bg 3 63 amplitude,x1,c 2453982.1769872047 0.165949 0.003962972299209884 2.453140797229925e-16 1.2336940838496748 0.03877984998649935 "" "" 0.0038557139249325093 6.416278657326823e-18 0.01432260319061796 "" 286.45 63.0 -19.05 1.457
12843 NONE red sn91bg 2 44 amplitude,x1,c 2453982.1769872047 0.165949 0.1800751190649062 1.6109857978844494e-16 1.2369166543281707 0.03877984998649935 "" "" 0.15480725953750818 1.7915797920882307e-17 0.011995657666804582 "" 122.09 43.0 -18.28 1.455
1285 NONE all hsiao_x1 10 80 z,t0,amplitude,x1 2453626.464230199 0.28967295460199477 "" 7.1900491797859386e-06 -0.03707870915333973 0.03944842657259037 3.8282243523809356 0.10502499488684425 "" 3.5330567840775224e-05 0.18522729722385622 "" 534.21 86.0 -15.31 1.115
1285 NONE blue hsiao_x1 4 32 amplitude,x1 2453626.464230199 0.28967295460199477 "" 3.890003912874035e-05 -0.10573641208789288 0.03944842657259037 "" "" "" 1.2360511404908896e-06 0.13700814298064976 "" 36.72 34.0 -18.98 1.25
1285 NONE red hsiao_x1 4 32 amplitude,x1 2453626.464230199 0.28967295460199477 "" 3.543962835022698e-05 -0.06003764688067627 0.03944842657259037 "" "" "" 2.6384199481251386e-05 0.1555362296092708 "" 42.74 34.0 -18.78 1.158
1285 NONE all sn91bg 5 85 z,t0,amplitude,x1,c 2453624.5454458534 0.08695279339414654 0.14299805677903601 6.685667735482503e-17 1.140470293063154 0.03944842657259037 1.3698059062353558 0.030764012631774248 0.09476281439372866 8.868530452904266e-18 0.08489771064251544 "" 72.14 85.0 -15.8 1.528
1285 NONE blue sn91bg 2 34 amplitude,x1,c 2453624.5454458534 0.08695279339414654 0.6168525567808015 2.075435875008174e-16 1.0252480722492732 0.03944842657259037 "" "" 0.2668362064633088 9.956474876166206e-17 0.16646021040862938 "" 41.1 33.0 -16.01 1.634
1285 NONE red sn91bg 2 34 amplitude,x1,c 2453624.5454458534 0.08695279339414654 0.34279287771706796 7.822017728144383e-17 1.1220564090242262 0.03944842657259037 "" "" 0.23418689684934085 1.5741752597741382e-17 0.09009534157214188 "" 24.51 33.0 -15.57 1.543
12850 NONE all hsiao_x1 0 114 t0,amplitude,x1 2453974.2248510425 0.303526 "" 3.896687322550747e-05 0.06869732233389068 0.04414878963917318 5.078496902552751 "" "" 2.014255092420941e-05 0.1948625586821448 "" 148.89 111.0 -19.1 0.945
12850 NONE blue hsiao_x1 0 46 amplitude,x1 2453974.2248510425 0.303526 "" 4.300922139184508e-05 0.07989423340967146 0.04414878963917318 "" "" "" 1.470266657096435e-06 0.08775136925721629 "" 30.21 44.0 -19.31 0.929
12850 NONE red hsiao_x1 0 45 amplitude,x1 2453974.2248510425 0.303526 "" 4.894459913498394e-05 0.1000335511800112 0.04414878963917318 "" "" "" 2.114575349898378e-06 0.11226790382413869 "" 40.82 43.0 -19.59 0.902
12850 NONE all sn91bg 5 109 t0,amplitude,x1,c 2453978.447785676 0.303526 0.019690410396132122 8.369695353541148e-17 1.0968939620902434 0.04414878963917318 0.7847773489799866 "" 0.018835690935874276 1.2616783730352843e-17 0.1002895371919247 "" 146.99 110.0 -19.23 1.565
12850 NONE blue sn91bg 2 44 amplitude,x1,c 2453978.447785676 0.303526 0.03707373120671772 1.1078785299378614e-16 1.0226744627168807 0.04414878963917318 "" "" 0.03196764869145236 2.4326320903750924e-17 0.14543517325283378 "" 51.24 43.0 -19.45 1.637
12850 NONE red sn91bg 2 43 amplitude,x1,c 2453978.447785676 0.303526 0.2255184585757558 7.76110281378839e-17 1.1723312180726613 0.04414878963917318 "" "" 0.20505212367954928 1.7438484549022036e-17 0.0683948402410672 "" 55.09 42.0 -18.81 1.503
12851 NONE all hsiao_x1 0 209 t0,amplitude,x1 2453968.4617129588 0.243477 "" -2.258660714145567e-05 0.0850003828583809 0.0415802449248109 2.548506209638231 "" "" 5.1085585991068186e-05 0.08153872054781545 "" 1064.74 206.0 -17.37 0.922
12851 NONE blue hsiao_x1 0 125 amplitude,x1 2453968.4617129588 0.243477 "" -5.6418738772519154e-05 0.03957329447088321 0.0415802449248109 "" "" "" 1.8357459393904633e-06 0.05499783792134414 "" 146.52 123.0 -19.35 0.988
12851 NONE red hsiao_x1 0 84 amplitude,x1 2453968.4617129588 0.243477 "" -5.6048437537723374e-05 0.12980297182232983 0.0415802449248109 "" "" "" 1.9265852140888426e-06 0.06992126282976033 "" 103.93 82.0 -19.34 0.863
12851 NONE all sn91bg 5 204 t0,amplitude,x1,c 2453977.1706134593 0.243477 0.00839522101373055 1.0591718919812076e-16 1.053747931322436 0.0415802449248109 0.9431962918395999 "" 0.009199702404570447 1.6562389054737577e-17 0.10437734915023324 "" 322.61 205.0 -18.92 1.605
12851 NONE blue sn91bg 3 122 amplitude,x1,c 2453977.1706134593 0.243477 0.021811926210452307 1.396430233205854e-16 0.9873015580882769 0.0415802449248109 "" "" 0.01905429152545683 1.3922357771520676e-17 0.06367493562924006 "" 154.59 122.0 -19.14 1.676
12851 NONE red sn91bg 2 82 amplitude,x1,c 2453977.1706134593 0.243477 0.3771492657097405 8.956730054467228e-17 1.2072694052684487 0.0415802449248109 "" "" 0.26440101692519447 1.7988865330691525e-17 0.03688056718689735 "" 119.03 81.0 -18.17 1.476
12852 NONE all hsiao_x1 5 105 t0,amplitude,x1 2453985.0499324515 0.262708 "" -4.4377814813213624e-05 0.03712746930537887 0.06357981410678144 1.0175435955562733 "" "" 2.6294494040063056e-06 0.08226480497362411 "" 153.73 107.0 -19.02 0.991
12852 NONE blue hsiao_x1 2 42 amplitude,x1 2453985.0499324515 0.262708 "" -4.338654805136238e-05 0.07841800292678877 0.06357981410678144 "" "" "" 1.7345039298073478e-06 0.09629440305136004 "" 92.53 42.0 -18.97 0.931
12852 NONE red hsiao_x1 2 42 amplitude,x1 2453985.0499324515 0.262708 "" -4.6989973056095965e-05 0.02600267182308581 0.06357981410678144 "" "" "" 2.522848026371011e-06 0.14755604774194428 "" 38.72 42.0 -19.14 1.008
12852 NONE all sn91bg 5 105 t0,amplitude,x1,c 2453984.1998892035 0.262708 0.01830516681217755 7.259165143643399e-17 1.2136114989155384 0.06357981410678144 0.6503470819836704 "" 0.019448981090539923 6.199502372688758e-18 0.046496213817957634 "" 237.5 106.0 -18.81 1.471
12852 NONE blue sn91bg 2 42 amplitude,x1,c 2453984.1998892035 0.262708 0.03973449377438952 9.888689902992769e-17 1.2232149244958446 0.06357981410678144 "" "" 0.03438171299016334 7.211239890668644e-18 0.024091842553513553 "" 114.29 41.0 -19.12 1.464
12852 NONE red sn91bg 2 42 amplitude,x1,c 2453984.1998892035 0.262708 0.40347254482426714 7.667087152730911e-17 1.1520356332453743 0.06357981410678144 "" "" 0.26916691214304833 1.8209334939282366e-17 0.08065747376059942 "" 47.67 41.0 -18.09 1.519
12853 NONE all hsiao_x1 5 105 t0,amplitude,x1 2453979.036287141 0.168171 "" 1.304121992042453e-07 -0.06396391588443688 0.09518859472942201 0.44120167357029216 "" "" 9.059120461368053e-05 0.03695505678954601 "" 5547.05 107.0 -5.27 1.165
12853 NONE blue hsiao_x1 3 63 amplitude,x1 2453979.036287141 0.168171 "" -3.7534847743300455e-05 0.0048998691790508395 0.09518859472942201 "" "" "" 7.961916103199068e-05 0.14394648111607414 "" 3059.79 64.0 -17.57 1.042
12853 NONE red hsiao_x1 2 42 amplitude,x1 2453979.036287141 0.168171 "" -8.369054687267686e-08 -0.0769043407604931 0.09518859472942201 "" "" "" 9.267510721844434e-05 0.060214628354325686 "" 1133.44 42.0 -4.31 1.191
12853 NONE all sn91bg 5 105 t0,amplitude,x1,c 2453978.2955249506 0.168171 0.006045184805895385 2.6429866371261965e-16 1.1542384889431707 0.09518859472942201 0.6597848148721851 "" 0.011233311623304766 2.999803027931448e-17 0.08246580098980962 "" 1074.65 106.0 -19.1 1.517
12853 NONE blue sn91bg 3 63 amplitude,x1,c 2453978.2955249506 0.168171 0.0026782577379065166 3.5530428679037154e-16 1.0751067146390503 0.09518859472942201 "" "" 0.002716831326757397 2.217103782384229e-17 0.04235510354464389 "" 708.01 63.0 -19.36 1.585
12853 NONE red sn91bg 2 42 amplitude,x1,c 2453978.2955249506 0.168171 0.12090741101128004 1.8415963306423233e-16 1.2216468320979146 0.09518859472942201 "" "" 0.11399309456340578 1.704565767497502e-17 0.027204361523975082 "" 78.18 41.0 -18.56 1.465
12855 NONE all hsiao_x1 8 76 t0,amplitude,x1 2453996.515632287 0.170628 "" 5.7468247164314534e-05 -0.0691658208226686 0.044805447823487755 3.61475616226043 "" "" 3.727593361644866e-05 0.1918942912583199 "" 633.2 81.0 -18.53 1.175
12855 NONE blue hsiao_x1 4 38 amplitude,x1 2453996.515632287 0.170628 "" 6.875730629023802e-05 -0.17017015338744876 0.044805447823487755 "" "" "" 6.228774150618397e-07 0.02565704754683987 "" 92.27 40.0 -18.92 1.397
12855 NONE red hsiao_x1 4 38 amplitude,x1 2453996.515632287 0.170628 "" 7.55127592186277e-05 -0.16153195463216347 0.044805447823487755 "" "" "" 1.6978352064214775e-06 0.058683100561395064 "" 86.93 40.0 -19.12 1.376
12855 NONE all sn91bg 8 76 t0,amplitude,x1,c 2453997.1395363607 0.170628 0.0040725206811640996 1.5289899423588454e-16 1.179677999163815 0.044805447823487755 0.46207017704638814 "" 0.006976393917988197 1.0282984097200717e-17 0.056973513083756304 "" 618.92 80.0 -18.56 1.497
12855 NONE blue sn91bg 4 38 amplitude,x1,c 2453997.1395363607 0.170628 0.00266937584420962 1.8680235108030936e-16 1.1457228508337076 0.044805447823487755 "" "" 0.002702556644728526 6.947446021912206e-18 0.03251240925977965 "" 267.91 39.0 -18.75 1.524
12855 NONE red sn91bg 4 38 amplitude,x1,c 2453997.1395363607 0.170628 0.30429771841155456 1.3067075948589572e-16 1.1925354633039291 0.044805447823487755 "" "" 0.22381397382744825 2.1151192428866736e-17 0.042804165930597556 "" 117.09 39.0 -17.83 1.487
12856 NONE all hsiao_x1 10 94 t0,amplitude,x1 2453996.3922907896 0.170283 "" -3.685642481948599e-05 0.07750122008686221 0.04281724635494319 0.5379795652422343 "" "" 8.559558721521503e-05 0.038833707694552785 "" 11184.58 101.0 -17.56 0.933
12856 NONE blue hsiao_x1 6 56 amplitude,x1 2453996.3922907896 0.170283 "" -9.35407095405749e-05 0.10244171876552363 0.04281724635494319 "" "" "" 5.184832166790567e-07 0.021088528563982436 "" 81.26 60.0 -19.58 0.898
