results/collective_fits/with_ext/sdss_sako18_simple_fit_class.ecsv
# %ECSV 0.9
# ---
# datatype:
# - {name: obj_id, datatype: string}
# - {name: x, datatype: float64}
# - {name: y, datatype: float64}
# schema: astropy-2.0
obj_id x y
10028 -30.71833333333333 -61.81119298245613
10036 0.26653650254668937 0.09166666666666656
10037 -1.1480797101449274 -0.18271739130434783
1008 -3.7433403263403258 -0.49580338266384794
10096 -4.332435897435898 0.309214285714285
10106 -2.012905723905724 -0.9534920634920634
10113 -0.7426282051282053 -0.4183333333333332
10146 -0.7642999999999998 0.01973846153846126
10154 -0.3490062111801243 0.041063492063492024
10299 -3.9215263157894737 -0.4482631578947369
1032 -0.29917537746806033 0.035267131242740835
10324 -3.7579999999999996 -1.1207777777777779
10396 0.0409126984126984 -0.5896866096866098
10434 -10.546813186813186 -23.15772727272727
10449 -9.584848484848484 -4.384025974025974
10450 -3.1104678362573095 -0.22567251461988325
10460 0.08576576576576578 -0.36413043478260887
10480 0.19360752056404218 0.3841897233201581
10506 0.3197623089983022 -0.5386666666666666
10517 -0.20822843822843828 0.14669117647058827
10524 -0.08866494401378111 -0.8715201465201465
10550 -0.5594285714285716 -0.011857142857142788
10559 -3.0979738562091512 -0.26192810457516336
10620 -0.009012775842044185 0.07238095238095255
10690 -0.9509999999999996 -0.376
10805 -14.385000000000005 -269.57115151515154
10843 -0.4677230769230768 -0.057076923076923025
10991 -0.3764512820512822 -0.1516
10997 -0.6288194444444445 -0.40129629629629626
11026 -3.6122794117647055 -0.5119117647058822
11067 -49.140357142857134 -76.84173076923076
11092 -10.181503496503495 -0.6538095238095245
11093 -0.8093181818181818 -1.2322222222222226
11098 -1.124871794871795 0.07690476190476181
1112 -1.3197439544807965 0.044850640113798024
11120 -3.64301282051282 -23.553744588744586
11156 -17.06940476190476 -3.109047619047619
11172 -0.45755263157894754 -1.4269473684210527
11181 -1.7184523809523813 -1.0771428571428574
1119 -1.481595365418895 -0.3587165775401071
11192 0.017625000000000002 -0.136541666666667
11206 -1.5589682539682541 -0.09000000000000008
11241 -0.18173076923076903 7.447417582417582
11300 -3.2165000000000004 -4.7669999999999995
11305 0.3473626373626374 -0.10975000000000013
11306 -2.2031521739130433 0.17245
11311 -5.121238095238095 -1.6484615384615384
11314 -0.2326442307692308 -0.020119047619047814
11317 -0.42674999999999996 -0.32405882352941173
11332 -0.018333333333333535 7.674166666666666
11370 -0.9838359788359787 -0.3738970588235294
11452 -4.687 -0.7403333333333334
11478 -0.8648888888888888 0.23550000000000004
11518 -0.35642857142857176 0.25988888888888884
11523 -0.45439075630252135 -0.3440277777777778
11540 -5.324090909090909 0.20103174603174612
11557 -1.7727777777777778 -0.018571428571428683
11564 0.023533333333333406 0.9055128205128204
1158 -0.21512077294685994 -0.1922527472527472
11650 -11.514166666666668 -2.1341666666666668
1166 -0.68875 -0.1632857142857143
11723 0.2845454545454546 0.4485714285714284
11771 -0.8152597402597402 0.04870129870129869
11858 -0.8017460317460317 -0.1303968253968255
11864 -0.6156776556776558 -0.34496336996336996
12035 -0.22299242424242438 0.2512554112554113
12076 -1.5834848484848485 -0.15416666666666679
12081 -0.9625 -3.34
12087 -0.09805555555555545 -0.32099999999999995
12110 -0.7145555555555554 -0.14777777777777756
12133 -0.4140476190476191 0.03347619047619044
12136 -0.9931428571428571 -1.2434285714285718
1214 -1.857840579710145 -0.16422705314009667
12199 -1.0803846153846153 -1.3254807692307693
12213 -0.5775588235294117 0.2307407407407409
12308 -4.913221153846154 -0.27230769230769214
12310 -1.0784615384615386 0.24596153846153834
1241 -5.910903271692746 -30.82972972972973
1253 -3.132540106951872 -0.003057040998217353
12779 -0.07620667522464686 -5.194931581828133
12780 2.764630642954856 16.521113122171947
12781 -0.05146922183507563 -2.7847544642857143
12804 -4.225957317073171 -2.0637688734030197
1282 -0.19425133689839558 -0.1198868778280544
12840 -0.15892706131078227 -0.05957716701902749
12841 -0.3108245243128964 -0.17516384778012684
12843 -3.1072643849206356 -1.2383350951374206
12844 0.6432447397563683 1.8093916779737693
1285 -0.3473618538324419 0.0039215686274510775
12850 -0.2740750528541227 -0.33377076411960116
12851 -0.047098493935759045 -0.17470039144835892
12852 -0.48664343786294983 -0.19187572590011626
12853 -5.960954861111111 -1.0806155632984904
12855 -4.690884615384616 -0.8355961538461538
12856 -25.421677966101694 -3.3592884615384615
12860 -2.2464941860465117 -5.554799810471453
12864 -0.5318350754936119 6.1121138211382116
12869 -0.6020155038759691 -0.15575888192267495
12875 -0.4038326585695008 0.24260256410256398
12879 -0.36412790697674424 -0.19199788583509503
12881 -2.9967706919945734 -0.9010782241014801
12883 -0.43754936120789756 0.09563879210220672
12897 25.236253753753743 -17.59705686630369
12898 -9.785981507823614 -45.990459770114946
12907 -1.6730648148148148 -1.8469421860885276
12924 1.3198293029871975 -2.2029824561403517
12927 -5.939413188142771 -1.4297652916073966
12928 -0.49298097251585615 -0.8499207188160676
12930 -14.40841463414634 -2.645975609756098
12936 -0.025361648444070406 -0.01464634146341448
12939 -0.2359154059895029 -0.20976626016260158
12940 -0.36739687055476544 0.43540935672514625
12941 -0.0038045738045737743 -2.015885135135135
12947 -7.583048394391678 -1.3991226215644819
12950 -10.64613873873874 -35.342758962623954
12964 -0.3252729384436699 -0.4175087108013935
12971 -2.6746403769841267 -1.1014866434378632
12972 -3.1158594657375143 -0.21468060394889665
12974 -0.06368757259001157 0.07191637630662018
12977 -4.274540420819491 -0.913377630121816
12978 -17.47329365079365 -9.806111111111111
12979 -0.30994901960784316 -0.1328395061728398
12983 -0.38381533101045284 -0.30666666666666664
13005 -0.34670761670761663 -2.1601399300349824
13009 -0.8300865800865801 -0.43992424242424244
13016 -2.779254756871036 -0.17959302325581383
1302 -1.4722296099290781 -1.1756250000000004
13025 -1.331387052341598 -1.0496787974683546
13038 -13.066268556005397 -61.65642349726777
13044 -16.072389006342494 -11.455440559440559
13045 -2.115114583333334 -0.5292673992673992
13051 -1.66451103500761 -0.27433294209702663
13066 0.20944047619047623 -0.30746031746031743
13070 -18.560853174603174 -4.5078455284552845
13072 -3.8562812500000003 -0.22190476190476205
13079 -0.205952380952381 0.0586363636363636
13096 -1.1593622795115333 -0.07647619047619048
13099 -2.785470401691332 -0.5249154334038053
13101 -0.058267676767676635 -0.09028019323671499
13108 0.22957291666666668 -0.0020676274944568807
13135 -9.103202160493826 -20.628343823760815
13136 -0.5218176538908247 0.03507894736842121
13147 0.05458768873403019 0.11039682539682527
13149 -0.3201215277777778 -0.05592682926829262
13152 -12.071024590163935 -1.722525641025641
1316 -2.2420114942528735 -0.3120625889046942
13168 -0.021814407814407688 -0.06186868686868696
13174 -6.605852534562212 -0.8112659698025549
13177 0.005598141695702719 -0.20866434378629506
13195 63.50671096345515 206.050961103573
13244 -0.45848847517730507 -0.09880762411347543
13254 -1.7792178362573101 -0.5189234042553192
13269 -0.20738095238095233 -0.7446051103368175
13275 -0.0016348490107601643 0.05647186147186145
13302 0.043095238095238075 0.05217073170731701
13305 -7.2251355932203385 -1.0695256410256413
13323 -2.6008499743983617 -0.7503948896631822
13327 -1.2993029208069853 -0.29522433002107773
13329 -0.3771984126984127 -0.24601851851851841
13330 -0.7562936507936511 -1.0665740740740741
13333 -0.9078880266075382 -0.12001162790697695
13334 0.05994405594405605 -0.2110517970401693
13336 0.8096390142311698 -0.8708658008658009
13339 2.4704761904761896 -1.401573564122738
13344 -0.5035757575757576 -0.45458708708708706
13354 -15.89250505050505 -2.845936507936508
13357 -7.670697012802277 -4.651237553342817
13370 -2.993946127946128 -0.837246031746032
13378 -0.21746799431009955 -0.17739687055476527
13383 -0.6784575569358178 -0.04534255599473047
13393 -0.2341352549889134 -0.12532150776053208
13411 -3.4403549783549785 -1.4036501516683515
1342 -0.5294358974358973 0.07166666666666655
13423 -0.21951219512195141 -0.13238095238095215
13425 0.1827498869289914 -0.030729386892177635
13429 -0.07385289634146353 -0.5357499999999998
13441 -0.32563461538461547 -0.39611538461538465
13452 -0.4038738127544098 -0.07354761904761897
13458 0.11071428571428577 -0.000677655677655653
13460 -1.1439024390243901 -0.22202671312427402
13465 -0.3762564102564103 -0.08591025641025629
13467 -15.02373259493671 -18.63485386010885
13476 -1.2295448717948718 -0.25702564102564096
13477 -0.22619047619047616 -0.3469860627177699
13479 -0.30433955223880593 0.3733333333333335
13482 -0.1892765957446808 -0.3094510638297874
13487 -0.20916583416583423 -0.06065789473684213
13489 0.054021823247175416 0.20416435399321609
13491 -1.018386524822695 0.06098404255319134
13492 0.1660869565217391 0.14786231884057965
13494 -0.5090722392361736 0.1326633374947982
13495 2.092628546099291 -1.1747916666666665
13497 -0.05878966692892729 -0.02956410256410269
13506 -0.2922887864823349 -0.3499593495934963
13507 -0.6374783549783548 -0.4956060606060606
13510 -1.1799710144927533 -0.026922705314009754
13511 -3.1609710144927536 -0.30333333333333345
13518 -0.46327169274537683 -0.13189189189189188
13520 -1.7130298719772403 -0.8289900426742534
13529 -1.3748862019914654 -0.4470199146514937
13532 -1.5496217948717947 -0.37343589743589756
1354 -0.1408571428571428 -0.00862698412698415
13545 -0.9172640791476407 -0.11598847517730504
13554 -0.6860336817653891 0.05913453973249416
13558 -0.22680769230769238 0.23756140350877197
13578 -7.66480943738657 -0.2564651493598862
13590 -0.34535842293906815 -0.3685263157894738
13597 -0.27335277968428295 -0.027551724137930833
13610 -3.253152439024391 -0.2243554006968641
13615 -0.37767307692307694 0.6665000000000001
13617 -0.3630820399113084 -0.03670292573143297
13629 -1.058724358974359 -0.9298717948717949
13633 -0.5319352088661551 -0.15003968253968236
13641 -9.731649831649833 -1.3839920634920637
13646 -1.2442243589743587 -0.5138012820512821
13649 -0.28230769230769226 -0.07491666666666663
13655 0.15176538908246218 -0.13136469221835068
13657 -0.6086996336996335 -0.11110336817653899
13659 -0.03291666666666648 -0.24303643724696344
13660 -0.00666429587482209 -0.012058823529411788
13662 -0.2067371794871795 -0.1761987179487181
13675 -0.10036842105263144 -0.43308333333333326
13677 -0.5308653846153846 -0.19504878048780483
13689 -14.193353576248315 -1.3900128205128208
13703 -7.185101686507937 -0.8535481997677119
1371 -15.056727395411606 -25.04385519125683
13716 0.06751057082452405 -0.10462121212121245
13727 -5.580528273809524 -1.005249709639953
13729 -0.08448179271708689 0.004976190476190467
13732 -0.6376393442622952 -0.11043859649122778
13734 -0.22656448202959845 -0.02647619047619043
13736 -37.36416341399948 -2.282890243902439
13737 -1.736937003968254 -0.10426315789473684
13757 -11.61999358974359 -1.1671346153846152
13766 -0.10057315233785824 0.2805649350649351
13768 -0.5575725900116144 0.07896825396825402
1378 -0.11768253968253961 0.5871986531986533
13780 -0.12510526315789472 0.06266666666666665
13784 -0.8687796610169491 -1.3395320512820512
13785 0.053525641025640947 0.2560000000000001
13786 -0.672842105263158 -0.3301666666666666
13796 -37.87570175438596 -3.167211948790896
13806 -0.8219503993274486 0.11490350877192979
13807 -0.4382134780642244 -0.026547619047619042
13813 -3.1701356852103126 -0.3541807610993659
13820 -0.06656794425087087 0.06216027874564567
13830 -1.394076923076923 -0.44973076923076927
13833 -0.4318058914728682 -0.07988095238095227
13834 -0.4991774891774893 0.14062770562770566
13835 -10.425596153846154 -0.49618589743589736
13836 -1.033858695652174 -0.12109090909090903
13843 -1.2760437737041723 -0.1513888888888888
1385 -1.0882661290322582 -0.10355846774193544
13859 -0.2902555168408827 -0.5613335955940205
13861 -1.129751984126984 -0.1777368421052632
13864 -6.569466571834992 -0.46146514935988625
13867 -0.47688461538461535 -0.1719935897435898
13894 -8.628890469416787 -5.358953418027829
13896 -2.612183060109289 -0.9929615384615382
13897 -1.6974289617486338 -1.1565128205128203
13898 -0.4656775559588625 -0.6740682788051207
13901 -0.7546702964307321 -0.322875816993464
13902 -0.07239489489489492 -0.21275248933143664
13903 -0.48968918918918924 -0.06129729729729716
13904 -3.762692090395481 -0.7977756410256407
13907 -2.425711237553343 -0.597795163584637
13908 -0.317171808832426 -0.3033499288762447
13909 -5.814807965860597 -0.6248364153627313
13931 -0.19471428571428573 -0.09284920634920646
13933 -0.7784085213032583 -0.003382352941176281
13934 -0.4478492063492062 -0.05905555555555564
13940 0.1445523290986086 0.07208708708708711
13942 -0.1242740471869328 -0.34859477124183
13946 -0.3275892316999396 -0.16981507823613096
1395 -1.9490391334730957 -0.5190952380952383
13952 -1.0001538461538462 -0.24601923076923082
13953 -1.095070512820513 -0.6548589743589743
13956 0.050945945945946036 -0.08709103840682797
13958 -2.7026742532005685 -0.656394025604552
13971 -0.656463963963964 -0.34363363363363375
13979 0.31558321479374096 -0.8594736842105264
13996 -0.21869871794871787 -2.059176788124156
13998 -0.0655865272938444 -0.2868881118881106
14019 -1.262412935323383 -0.12063953488372092
14024 -0.6332229965156794 -0.9962601626016268
1403 -0.08274603174603157 0.18446031746031755
14035 -0.094815078236131 -0.15333570412517772
14046 -0.021349726775956368 -0.09239766081871337
14074 -1.0834615384615385 -0.210403846153846
14087 -0.04353205128205129 -0.05643715846994535
14093 -0.7089869585468094 -0.08298319327731107
14108 -2.4204301572617943 -2.2804122340425534
14113 -0.5081427174975564 -1.0042461197339247
14126 -0.2292163265306124 -0.04813333333333314
14131 -0.10249999999999992 0.043416305916305964
14137 -0.15054106280193225 -0.027632850241546048
14149 -0.4516787658802177 -0.08179738562091488
1415 -0.5498596938775508 -1.2428830645161288
14157 -11.45908295281583 -0.640084219858156
14169 0.05946230598669633 -0.12075942350332625
14173 0.02962626262626289 -0.3920588235294118
14177 0.32196283391405345 -0.029959349593496
14205 -1.0302773826458038 -0.8155689900426739
14206 -1.2194268406337372 -0.8204385964912282
14212 -4.116581935483871 -0.3043230063109583
14227 -0.09616531165311648 0.15131317073170725
14231 -0.2788585607940447 -0.49944852941176476
14250 -1.3418397435897433 -0.25156410256410244
14258 0.07607176141658867 0.8293859649122806
14260 -0.5699004267425319 -0.2829231863442391
14261 -2.061108974358974 -0.3682051282051282
14268 -1.3726374650512583 -0.43429824561403507
14279 -109.03783266129035 -201.35461309523808
14284 -19.721200846944946 -2.1045803698435277
14298 -6.876301282051282 -0.3081983805668016
14303 -0.8485561877667143 -0.07254343629343629
14304 -0.8705049786628735 -0.2462280701754388
14305 -1.0255675675675675 -0.4687894736842104
14308 -0.13388095238095232 -0.07404761904761914
14311 0.12930769230769235 -0.07052564102564096
14317 -10.967744816586922 -0.8043768768768769
14318 11.761555555555557 -3.2561666666666667
14322 -0.14147937411095302 -0.3326315789473684
14327 -0.9452213114754098 -0.17093567251461983
14330 0.2215362731152204 -0.29014935988620216
14331 -4.8521748336358135 -0.3714580369843521
14333 -6.181047619047619 -0.14069841269841266
14340 -0.625 0.05290476190476179
14342 -0.16181185722928015 -0.06392156862745091
14343 -3.461941678520626 -0.47337126600284507
14346 -0.23849726775956293 0.055346153846153934
14347 -1.1826015037593984 -0.7463742690058479
14357 -0.8681120218579236 -0.03494152046783633
14361 -0.5183974358974359 -0.22783333333333333
14372 -0.18565540540540537 -0.07738596491228078
14375 -2.3279374110953057 -1.636927453769559
14377 -8.39790896159317 -2.6918349928876246
14382 -0.2594774193548388 -0.05297560975609761
14389 0.13601683501683537 -0.2628015873015874
14397 -0.874136302294197 -0.03327485380116957
14403 -3.020839260312945 0.15114509246088192
14419 -0.15169274537695587 1.2775462304409668
14421 -13.84229292929293 -1.3848650793650794
14425 -0.2643859649122806 -0.25049549549549555
14429 -0.39936720142602505 0.14931372549019595
14430 -0.11692389006342507 -0.15136363636363626
14437 -31.2024965034965 -1.8431501057082453
14438 -4.917560975609756 -0.5290650406504066
