results/collective_fits/with_ext/sdss_sako18_mcmc_fit_class.ecsv
# %ECSV 0.9
# ---
# datatype:
# - {name: obj_id, datatype: string}
# - {name: x, datatype: float64}
# - {name: y, datatype: float64}
# schema: astropy-2.0
obj_id x y
[from data line 2907]
21542 -0.07663992869875269 3.380377073906484
21543 4.97334008097166 2.25580971659919
21563 2.087291666666667 -0.6724999999999999
21582 5.112515873015874 2.6998888888888892
21589 9.3145 1.4690999999999999
21591 -0.8213749999999997 -0.15600000000000003
21596 -0.7444852941176467 4.647275132275132
21604 -0.8445833333333326 -0.9295833333333334
21607 3.787107526881721 2.907922077922077
21612 -0.11301981981982001 1.3894793850454228
2162 -4.572217180883243 0.9696443812233289
21627 13.30622009569378 4.439722222222223
2165 -3.110314102564103 -0.14017948717948725
21663 1.8158645276292331 -0.37733766233766275
21678 -27.92989130434782 -2.1961290322580567
21682 3.298881578947367 3.156833333333333
21683 -0.9698666666666664 0.305238095238094
21685 0.016840417000802077 0.41503174603174586
21686 -1.2959340659340661 0.059047619047619015
21687 11.104673202614379 2.7634313725490194
21693 -0.9158095238095241 2.1259523809523815
21697 1.9861887694145763 0.5276764705882353
21700 8.338484848484848 7.430935672514621
21701 7.43836111111111 -1.729965034965037
21705 -2.040714285714286 0.7759999999999998
21709 -0.36159449345094963 1.0324652147610411
21710 -0.8349333333333333 -0.3989583333333335
21711 44.02412087912088 15.303809523809525
21719 3.9999999999999982 0.5287878787878788
21724 0.35864102564102573 -0.4801794871794871
21725 3.352836257309942 -0.7930303030303034
21735 5.58595238095238 0.507264957264957
21772 3.653650793650794 1.9569642857142857
21783 -1.0843589743589739 -0.383
21798 4.19258064516129 3.3065
21805 -0.1464102564102563 4.405
2181 -0.3024950396825399 -0.07141935483870965
21810 -7.186493506493507 -0.793626373626374
21813 12.145166666666668 3.160166666666666
21814 -7.670111111111111 -33.82116666666667
2182 -0.009820512820512772 -0.0980833333333333
21821 0.26637037037037037 2.3048529411764704
21822 -2.98605 -0.8115384615384614
2183 4.441107142857144 43.99245238095238
21835 -6.784930555555556 -6.130909090909091
21842 0.05359477124183032 -0.22755291005291012
21846 -0.03398293029871979 0.2707562008469466
21858 5.236274509803922 4.592941176470588
21861 -7.884551282051282 10.053214285714287
21866 54.95545454545454 11.022
21871 -0.36854166666666677 -0.5596666666666666
21872 -0.3270370370370371 -0.23598039215686284
21875 -6.793714285714287 1.2028888888888902
21884 4.331208791208791 6.283095238095238
21889 4.83 -5.958333333333332
21890 -1.2994210526315788 -0.24857894736842123
21898 1.9130000000000003 72.84908333333334
2190 -2.5251515151515136 -6.228354646206308
21902 5.044861111111111 6.750452898550723
21938 2.231677489177489 12.808267195767193
21951 3.619766666666667 7.007916666666667
22003 -4.634046153846164 -4.233569230769234
22073 -2.2792569659442723 -0.2245454545454546
22075 101.9373076923077 27.681043956043954
22102 -0.10562499999999986 7.828666666666667
22113 -3.7324285714285708 0.1533333333333332
22116 -1.8543783068783073 2.517142857142857
22157 0.6838709677419352 8.255765271105009
22171 0.8318087855297156 3.898193277310924
22282 -0.0736099865047235 0.4003387978142072
2230 0.9412499999999997 6.9516937799043035
2235 -0.2073717948717947 -0.1150000000000001
2236 14.350705128205131 3.564525641025641
2244 116.50411255411254 113.76129492600423
2245 0.47087179487179487 1.4083333333333332
2246 1.5746713286713288 -1.4312843551797039
2272 5.042542019931578 0.12960000000000016
2290 0.037688477951635546 2.8127667140825032
2292 23.13282615629984 20.068528528528525
2297 16.811407894736842 10.654844074844075
2306 -7.980398706896551 -3.518405172413792
2308 72.94297143974963 -0.6621232269503565
2309 -6.546263213530655 -167.18724913892078
2313 3.325007440476191 5.48979094076655
2319 -22.10505464480874 -4.043948717948718
2321 8.960790960451979 3.7641410256410266
2325 4.985055418719213 0.40158569500674757
2329 4.043581632653062 1.3748076923076922
2330 -0.8818672316384182 -0.23890688259109327
2342 4.582901960784314 5.927144607843138
2350 -0.7769933454325471 -0.7330384615384617
2355 -0.18430128205128204 0.324448717948718
2361 0.43291525423728805 -1.0050568990042674
2366 -3.14743799153055 -1.5790753911806545
2372 -8.722437810945273 -3.501083509513742
2401 6.222336734693878 6.795072115384615
2405 -1.2361111111111107 11.036818181818182
2422 -9.556929824561404 -0.3494197031039138
2423 -9.720689265536723 -4.762410256410256
2427 0.5963869132290185 1.4445614035087722
2437 5.745358585858586 0.2028695652173913
2440 -9.398312354312354 -1.1387632135306553
2441 3.5167852062588905 1.3945614035087721
2450 -8.526805094130676 3.2289814814814815
2458 -0.045526315789473415 0.6873399715504978
2464 4.165902777777777 3.544355795148248
2468 6.0748560354374295 1.4314021164021167
2481 -0.8494283121597102 0.6321266002844954
2488 -0.30473604826545997 -1.3507486631016032
2532 -2.1089761904761906 -0.29046825396825404
2533 -2.1113636363636368 -0.8681105169340463
2535 -2.1967747747747746 -0.9450790229885053
2537 86.89043882978724 44.88425975177305
2538 120.28924941724941 70.40677777777778
2545 -1.817744107744108 -0.651531746031746
2551 -1.1178492063492063 1.3862142857142858
2561 -3.4405652173913044 -7.323378090366583
2571 1.6925824915824916 0.5083492063492063
2575 -5.845288818229994 3.129791666666667
2582 5.531864919354839 2.425752551020408
2595 6.266836977852537 2.115788723471651
2603 -0.2239365079365081 -1.0449074074074074
2615 -2.1501814516129034 -5.744889455782314
2620 6.340520833333333 3.767590725806451
2621 0.6853125 0.06735887096774196
2630 12.084746300211416 4.574328752642707
2632 -0.9554532839962997 -0.21102393617021287
2635 16.03796343537415 -4.924395918367347
2639 13.298197471078826 -0.9577472527472528
2651 1.0193883357041251 -1.5876315789473683
2661 5.7549561403508775 3.5710028449502143
2666 3.8933040935672514 15.781214285714288
2671 -0.647777777777778 0.7479920634920627
2689 33.86473639455782 -5.930201612903226
2699 -0.23094474153297662 33.89658371040724
2718 -0.6363608870967741 -0.6023978494623655
2734 -7.087613320999074 -1.6781294326241136
2744 -12.450904761904761 6.656474747474746
2746 26.163568262411353 27.884452054794526
2760 4.013115079365079 2.9438441558441557
2766 39.10757102272727 14.740492801771872
2784 -0.6825407925407925 0.22471428571428576
2789 -1.0639811066126856 -0.16490384615384635
2793 1.3925754527162981 5.013087542087543
2799 2.430489898989899 0.3256926406926408
2806 -0.6838214285714286 -0.18325396825396822
2808 -2.0286786469344613 -0.6926902748414374
2809 4.799384615384615 3.055
2813 1.8634610917537735 2.5858531746031765
2826 96.76255060728747 -52.673564102564086
2834 1.281458036984354 7.6331578947368435
2837 17.071673789173794 103.28302521008402
2855 -2.0036714975845413 5.311942528735632
2864 -1.2626868686868686 -0.4647301587301589
2871 9.714889112903226 2.393427419354839
2906 -18.858690235690233 0.5519126984126985
2913 0.4168205128205127 32.093055555555566
2916 -1.751880570409982 -2.7396225071225073
2926 -1.4329334677419356 -0.571733870967742
2928 -3.4457342995169085 -1.3677356321839083
2929 -0.3602601721439749 -1.6614534488617063
2943 -3.4096673387096774 -0.5040725806451611
2970 -76.28519841269842 -134.08665656565657
2986 -0.25457219251336904 1.8554638009049755
2992 -0.08552264808362353 -2.7098032564450474
2995 1.4912500000000002 4.85445564516129
3019 7.093999999999999 2.7354278074866314
3049 15.750892255892255 21.189007936507934
3050 0.3038920454545453 -2.0408408748114635
3063 -20.772394957983195 8.878859649122802
3065 0.3064066416040101 0.07621621621621599
3068 -1.8655945419103315 -0.9165789473684213
3077 -1.2663485899214053 -0.8490704225352113
3080 -15.471966122202058 -1.3792105263157897
3087 -22.254379585326955 -2.075195195195195
3090 3.815215053763442 1.766426829268293
3102 -0.21644376899696072 -0.03930252100840348
3112 -0.5200289855072464 -1.1949122807017543
3118 -2.099512400168138 -0.20199999999999996
3150 -0.3769241192411926 -0.16350647395362838
3165 -1.548333333333333 1.0219335142469472
3175 -2.6871935775667115 -0.029820295983086664
3180 0.9737750626566415 0.09643669985775238
3184 68.77021802325582 21.33713133640553
3191 -0.07451948051948065 0.2374074074074073
3193 3.7721201923076926 0.27823684210526334
3195 -1.034331983805668 -0.35048076923076943
3196 -1.7709624329159208 -2.141643763213531
3199 -1.0069473684210528 -0.12936666666666663
3205 11.886441558441557 9.804166666666667
3206 -0.998076792388719 0.04878991596638649
3223 1.9899249249249251 3.8572738095238104
3225 -0.2819396051103368 3.3671777003484324
3239 -1.4669379844961243 -0.48949260042283327
3241 30.759634581105175 8.492201426024955
3246 -1.907150793650794 -0.42943697478991627
3256 35.93508888888889 119.15475274725276
3283 3.568668147677986 1.329207275223061
3284 -4.468095238095239 -2.4412962962962963
3290 -4.068751076658053 -2.006944444444444
3294 -1.9534708392603122 -3.3793387978142064
3312 -3.8338763575605688 -0.7269523809523811
3317 11.258681515616999 36.28952961672474
3323 0.2003511382234786 -0.09231354983202711
3329 -0.47476744186046504 2.1721709633649926
3331 36.06856676003735 15.06031746031746
3344 6.758084577114428 2.918315911730546
3356 -0.7103613053613054 0.006844608879492897
3361 -0.22527701778385767 -0.015529411764705903
3368 -0.9355391120507401 -0.04080952380952374
3370 0.1932171893147503 0.020476190476190537
3377 6.408708040593288 7.539714285714286
3402 0.20610101010101012 0.950793650793651
3405 0.9901651651651662 0.9981818181818183
3409 3.3521502732240434 2.675365384615385
3417 -1.0635873015873014 -0.2045555555555556
3421 2.5603896103896107 4.839047619047619
3426 -2.0486215538847117 -0.19034139402560446
3451 1.3338141025641033 -0.8469999999999995
3452 -7.502709899749372 -0.8597795163584637
3453 -3.8093346190935398 1.033130081300813
3472 7.823064971751413 6.491769230769229
3475 4.727592905405405 3.4025422297297294
3488 17.570538068334677 12.050860805860806
3497 0.3325071225071228 -0.6513613445378152
3506 12.011944444444445 -0.6381756756756756
3508 -1.8895622895622894 0.06459558823529399
3514 -11.717806451612903 -2.407397849462365
3517 0.5801515151515142 -2.271091219096334
3529 4.206133333333332 2.6109714285714287
3533 18.598714912280702 10.346457811194654
3535 -0.6788742071881608 -0.5428541226215645
3543 3.5305703211517168 2.203227513227512
3558 -1.4355873015873015 -0.9077777777777776
3565 -2.6567780938833567 -0.2079729729729729
3573 2.248067201903063 4.50806342780027
3592 36.74615615615615 -7.6401501501501485
3593 3.5875769230769223 3.467128205128205
3607 5.241241554054054 13.718614864864865
3611 6.090103056147831 18.509186211798152
3669 1.6873258795043438 1.2255585443037975
3674 1.2412380952380953 -0.049537037037036935
3683 -1.046760869565217 -0.8630769230769232
3705 5.013430930930931 2.0292572463768113
3719 2.105227963525836 -2.261497695852535
3729 -0.2871846153846156 -0.30638461538461526
3757 0.25757575757575757 3.969945945945946
3775 1.9093706004140791 10.443258799171844
3780 1.5577217741935485 2.1668447580645163
3786 2.4010173160173154 10.567317290552584
3805 18.204956896551725 3.3881336405529963
3808 2.0779130434782607 2.996770114942529
3809 -0.1278750000000004 -2.2753870967741943
3811 1.4688732993197278 0.09238095238095234
3818 -31.695992063492042 -43.20171096345514
3825 -0.31229838709677415 -0.08845766129032251
3832 3.900159574468085 0.9204233870967742
3852 -0.2102027027027027 -0.2374624624624624
3881 -0.9658890469416785 -0.3464679487179486
3887 0.19246975806451605 2.3082459677419354
3888 -1.4001507936507935 -0.48358922558922535
3889 6.669177966101694 5.162411095305832
3897 11.58403237156932 -0.4662638888888875
3901 -621.0489123376623 -211.8462394957983
3903 17.122062588904694 34.33840895341804
3908 290.7477791385997 214.53639685476412
3919 -0.7074571078431373 -0.9405882352941174
3931 6.431252913752914 4.451120448179272
3936 -0.20533986405437865 -0.07214716006884636
3937 5.211710437710439 0.9674206349206353
3945 -1.2188730158730157 -0.2067380952380954
3957 0.3132509881422926 -0.33615942028985524
3959 0.17581841432225076 2.636251207729469
3962 4.001543859649121 1.8705632653061226
3967 -0.19174603174603178 0.26726936026936055
3975 -0.4023730517848165 0.30315789473684185
3983 -1.9608262108262104 -0.2729344729344727
3987 0.7161724137931033 0.4083333333333332
3994 13.708333333333334 11.385126436781608
4000 -0.07614081996434918 3.0524688057040996
4012 744.3446349206349 2087.7183220108695
4017 3.5517062146892657 -0.9676653171390015
4019 -3.483881802721088 -1.1546471774193545
4028 -0.6276666666666667 3.3776111111111113
4035 1.3213095238095232 0.15111111111111097
4044 -0.13975042541123073 -0.4890274841437633
4046 -3.0832936507936513 -0.3416984126984127
4048 9.082353896103896 0.20882352941176474
4054 -0.4360638297872341 -0.19677222222222213
4055 7.442717391304346 3.8446565656565648
4059 7.05019060283688 4.219445921985815
4060 0.618429241261722 2.549826086956522
4062 7.4945689865689875 2.921478405315615
4064 69.66056490384616 19.24250527903469
4079 7.129836152219873 0.16876190476190467
4104 -0.4615064935064934 -0.008888888888888946
4110 5.251349206349207 0.3337132352941176
4117 -0.05251077586206887 0.026819444444444507
4118 -2.8727254772876893 -1.553854166666667
4122 8.508898809523807 4.0832560483870965
4127 -4.256205432937183 -1.147037037037037
4141 3.7611397058823535 -0.7826539589442816
4145 14.076777777777776 3.4008333333333334
4154 -1.7022097114707955 -0.4442152777777779
4177 3.197613751263903 0.013457364341085132
4181 1.2173282828282836 3.2498787878787883
4206 7.185172932330827 3.7788721804511276
4226 7.644809523809524 1.239642857142857
4229 5.179668367346938 2.90222972972973
4236 -1.3046370967741932 -0.18590725806451602
4241 -0.7932147937411094 -0.11541963015647227
4244 8.171782051282051 4.764123076923076
4248 3.6936494252873557 5.05338056680162
4259 12.757569444444444 0.9464166666666673
4262 3.37846875 1.1358791208791208
4268 1.005739750445633 11.521206636500754
4281 -14.663730769230769 -2.0389709302325585
4293 0.3100360576923076 1.8987737843551797
4307 -3.4663608870967746 -0.48056451612903206
4311 -1.8346780303030301 0.045823863636363704
4313 -1.2506177156177158 0.18414285714285739
4318 -1.036369495166488 0.04266666666666685
4322 -21.524774327122152 46.38106763285024
4330 -1.8039164598842024 -1.3643650793650797
4333 0.8687459207459209 1.0700687103594082
4338 0.2362949956101854 0.8100869565217392
4360 2.3572278225806453 0.001979166666666643
4375 -7.1501587301587275 -3.071793650793651
4395 60.299641148325364 28.280757575757573
4397 -7.151666666666667 -1.2127441077441077
4421 -6.57132275132275 -0.5772222222222222
4426 4.008774509803922 4.923260869565218
4443 -0.23499493414387018 0.11196302816901416
4450 2.564333333333333 3.227833333333333
4455 2.1214068100358423 0.2972696476964771
4465 13.99716966966967 0.46737318840579745
4466 -4.6674999999999995 -0.3170384615384616
4480 6.090176829268293 4.484189024390243
4493 -10.109466338259441 -1.40085020242915
4501 -0.924123475609756 -0.2703174603174603
4509 -0.6701315496098101 -0.7400252780586454
4524 -1730.7036363636362 9422.88619501855
4530 1.6389895470383276 0.10360627177700343
4534 -0.509090909090909 -0.30231501057082477
4539 2.1594494047619044 0.6012621951219512
4540 0.17861032331253546 -0.246458041958042
4547 0.3186530054644807 0.10546783625731004
4557 0.24753200204813086 1.5625958188153306
4558 4.299777777777778 2.5897442455242965
4565 5.7536396574440065 0.5167316341829087
4572 0.07094685990338157 0.15567099567099563
4577 -0.7406659619450319 -0.1793763213530657
4578 4.770358173076923 0.24285714285714288
4627 70.45836781609195 31.651839080459773
4631 0.46333669354838714 6.485141843971631
4638 -11.770000000000001 -5.322999999999999
4639 -1.0335383244206775 -0.1864260249554368
4640 -30.65152714932126 -7.036408199643494
4649 2.0819730639730643 3.575039682539682
4651 -0.973913043478261 -4.364933554817275
4652 4.865199999999999 2.0570944741532977
4655 -1.767719696969697 -1.2166802325581396
4662 -0.15066932624113494 -0.07093528368794333
4664 -0.4737965425531916 -2.4411995967741933
4669 0.07674358974359019 0.08753846153846156
4676 -5.748034188034188 -0.5195042016806724
4679 12.828648648648649 2.5877927927927926
4682 4.969260912698413 0.1168157894736841
