results/collective_fits/with_ext/sdss_sako18_mcmc_fit_class.ecsv
# %ECSV 0.9
# ---
# datatype:
# - {name: obj_id, datatype: string}
# - {name: x, datatype: float64}
# - {name: y, datatype: float64}
# schema: astropy-2.0
obj_id x y
[from data line 365]
13361 5.452809523809524 56.62488215488215
13363 -3.683212499999999 1.7865789473684224
13368 0.8200711237553342 -0.37254385964912284
1337 -2.905507099391481 -0.42357256778309416
13370 -2.9988653198653195 -0.8152380952380951
13375 -0.269975490196078 4.1311904761904765
13376 143.25105734767027 204.9956211958468
13378 -0.2243385490753912 -0.22556187766714098
13383 1.790042016806722 7.822950089126558
13386 -9.67913650075415 8.683386809269162
13388 -1.270634384384385 -0.0039639639639641455
13389 -2.8854846225535873 -5.141330014224751
13390 2.0061904761904765 0.2117692307692307
13391 3.756415291961247 3.281474201474201
13393 -0.3749113082039912 -0.1728282828282829
13395 2.5542893081761004 5.071100840336134
13397 1.8260426487093149 1.2023152877085463
13400 -0.6868747173224783 -0.4687209302325581
13404 6.38108695652174 1.8069820971867006
13406 5.294015151515152 2.819688160676533
13407 0.9329898989898995 -0.9596093064091309
13409 0.45660382513661224 6.131788461538462
13410 -3.1054545454545455 52.23780578898226
13411 45.644562770562764 27.79859453993933
13413 0.07215797430083182 1.7387232142857143
13419 0.4058181818181814 0.12097619047619057
1342 -0.06249358974358965 0.2340833333333333
13423 0.5792682926829269 2.041678281068525
13425 0.1536996834011759 -0.08757399577167013
13428 0.7830926761541133 0.29598484848484863
13429 2.836861148801447 3.0284385382059806
13432 1.9260153776571687 1.758520084566596
13435 2.26139024390244 6.868830005120329
13437 2.3016440524649484 0.24230952380952364
13440 -3.0024168514412417 -0.10885809312638584
13441 -0.04953769559032706 -0.38517780938833557
13444 2.939601092896175 1.172121794871795
13445 4.036154633896569 1.7611614401858302
13449 -92.86199810606061 -68.67429864253394
13457 3.219324444444444 -0.07036861732644861
13458 3.922728937728938 2.9522893772893775
13460 -1.215005807200929 -0.23314169570267118
13461 4.245493263798348 2.777564102564102
13465 -0.4108846153846155 -0.11851923076923088
13467 39.10788552188552 141.6853655462185
13472 9.141963276836158 3.3615144230769225
13474 -1.287137896825397 -0.3742102206736353
13476 -1.3116153846153848 -0.3411602564102564
13477 -0.29556910569105677 -0.39137630662020917
13478 -0.17794168691426593 -0.1006818181818182
13481 0.9980501930501933 0.5118981481481484
13482 -0.8150595238095236 -0.3198979591836735
13483 12.992416666666667 11.371976127320957
13486 -0.1270396270396268 -0.10781712473572957
13487 3.10973692973693 2.5032194121667803
13488 4.899474969474969 -0.13433001107419718
1349 -0.8199791738979518 -0.3379545454545455
13491 -0.9973226950354608 0.013736702127659539
13492 0.05520544672718597 0.47128643096034406
13495 0.5955094130675525 0.49936507936507946
13496 5.804272727272728 4.144883720930233
13497 -0.06500096024582303 -0.007035647279549639
13498 1.1001532769556026 -2.015833333333333
13500 -0.8825101763907734 -0.7277536997885836
13501 1.003072727272727 6.14758672699849
13502 -0.4280554938956713 -0.9061201923076925
13506 -0.27522017409114197 -0.37252032520325207
13507 -0.6123268398268398 -0.08303030303030312
13509 -0.016351966873706214 0.39018357487922706
13511 -2.939418219461698 -0.05887922705314019
13515 11.345285714285716 4.479760869565219
13518 -0.47008534850640116 3.6958250355618776
13519 18.982094594594592 2.770587182241318
13520 -5.836578947368421 0.7290967283072547
13529 -1.528733997155049 -0.3898577524893312
13530 -1.375833333333333 -4.997374470659409
13533 -1.4265384615384615 1.28203830369357
13535 3.8153507424475164 1.2852671312427408
13537 -7.602386363636363 -1.061503623188406
1354 6.607079365079365 3.333992063492064
13540 -2.8153246753246766 2.9502525252525267
13545 -0.9364821156773215 -0.09525709219858158
1355 -1.5687222222222212 -1.8238350168350168
13553 7.3851121656600505 2.4139
13554 -0.4740109890109888 0.004555601488218097
13557 -0.07070158102766744 3.0645854063018234
13558 -0.14649358974358984 0.06508333333333316
13562 1.8439642857142848 0.8584045584045583
13565 4.011385452746165 3.469984802431611
13566 8.049515205724509 3.598774509803922
13578 26.106251342642324 15.889738175675676
13589 1.3965763888888887 -1.1638248847926267
13593 0.9923484848484851 -0.0957614942528735
13600 -1.1834453551912567 -1.311397435897436
13610 -3.323280487804877 -0.2961846689895471
13615 -0.9595833333333332 -0.18250000000000055
13617 -0.3781725518747725 -0.15147786946736674
13620 3.396998304126626 2.2823421052631585
13626 1.668149425287357 7.946052631578947
13628 10.258750000000001 5.190333333333333
13629 -1.1582179487179487 -0.9840705128205132
1363 347.5570964360587 219.94209523809525
13631 0.3868579931972791 0.29842741935483863
13633 -0.5650383631713554 0.2872460317460317
1364 -3.295459183673469 -0.9319959677419358
13641 76.95725589225589 33.28973809523809
13644 -164.73239234449764 -63.683836363636374
13646 1.235403846153846 3.203275641025641
13647 2.018525641025641 0.7430576923076924
13649 4.580128205128204 3.313666666666667
13655 0.08515098722415804 -0.18018002322880367
13657 -0.48598901098901104 -0.05698412698412714
13659 6.095612021857923 5.867596153846154
13664 -2.409105263157895 -1.7663397435897434
1367 2.2952552552552525 5.104637681159421
13675 2.626815789473684 -0.7053397435897435
13677 -0.5168717948717947 -0.25201219512195117
13681 7.02368932038835 0.8497667342799189
13689 -14.30958164642375 -1.5349679487179486
13697 0.612295081967213 -0.39875000000000016
13699 9.369043715846995 3.501435897435898
13700 4.012877049180329 1.6671217948717951
13703 -6.979657738095239 -0.8344192799070848
13705 -11.572045454545453 -6.456617259552043
13706 -26.896951612903216 -1.5696025641025635
1371 31.76153846153846 -5.37390710382514
13716 -1.3186470143613 -0.39090178571428513
13718 1.2143592767295601 2.236348214285714
1372 9.244435483870967 22.87383928571429
13720 -2.2644592592592594 1.1224632352941177
13721 -0.08989489489489522 1.387147147147148
13722 -65.85880672268908 -41.34180672268907
13724 -0.19050724637681182 -0.09331400966183567
13725 -12.81389545291801 -0.5263620071684594
13726 -0.3585676274944567 1.5042005420054205
13727 22.30579220779221 4.278922764227643
13729 -0.0013445378151260012 -0.038380952380952515
13730 -0.38944537815126035 1.1327899159663861
13732 5.335480093676814 -0.02210526315789485
13736 -83.59169138693728 -5.5837560975609755
13737 -1.4551736111111109 0.44405263157894725
13740 15.50049189189189 1.310382653061224
13741 5.230054398148146 2.151535947712418
13742 8.217572431957858 2.0741062801932366
13743 -0.6900107526881722 -0.011932926829267387
13744 4.377620320855614 10.760259740259738
13746 -0.6783492063492063 -0.04847826086956519
13750 -1.3925203252032519 -0.3876538908246223
13757 -5.504846153846154 -0.6904166666666667
13768 17.957433035714285 11.11403019744483
13774 3.0963649425287354 2.6915614035087714
13775 1.341656746031746 0.13600464576074334
1378 -0.14100000000000001 0.5217912457912459
13780 3.542789473684211 2.20125
13784 6.0285 1.0652621951219512
13785 0.6621138211382112 -0.11246031746031748
13786 1.8013287250384025 0.1721312427409989
13795 -1.0686176340274698 -0.4936008771929823
13796 169.43670963122088 106.83930743243243
13799 5.317434173669469 0.6207033248081844
1381 10.546807692307693 3.854846153846153
13811 -8.462278911564626 -0.15336482558139508
13813 -3.1997012987012994 0.9937866531850355
13815 0.7787142857142855 1.2917500000000004
13816 -0.6883669354838706 -0.12109879032258064
13817 0.4572138836772983 1.2698786181139123
13820 1.0551428571428572 -1.5266160714285721
13828 2.0686696826645683 1.1445347786811204
13830 -1.4018397435897438 0.5217051282051286
13834 -0.6139502164502165 0.09022727272727271
13835 -10.470326923076923 -0.6556153846153845
13836 3.1569573170731706 1.876315789473684
13839 3.7178385772913813 -2.4798550724637676
1384 11.799794871794871 2.695986842105263
13840 -10.182873020283413 2.1395121951219505
13841 2.950932868352223 -5.8911244315832985
13842 2.615714285714285 4.05604761904762
13843 2.4667047619047624 0.5319095238095235
13844 5.533842105263158 -1.5693421052631575
13846 2.287585924713584 5.0532922201138515
13849 3.6680223123732247 1.8569298245614032
1385 8.833286290322581 1.7548387096774194
13850 -2.308384146341463 0.17563657407407396
13853 -0.306515707874337 0.5413333333333334
13855 0.24310104529616705 -0.14223544973544966
13859 -1.7869744483159118 -0.32599999999999996
13861 -1.1587152777777776 -0.15300000000000002
13862 6.137373991935484 0.6069345238095241
13864 -3.8338122332859177 -0.5797724039829302
13867 -0.4834358974358972 -0.2251923076923077
13868 6.420033898305083 3.502403846153846
13883 8.762174833635811 1.761339743589743
13888 -5.291 -1.159319923371648
13891 -1.4151060606060608 0.6530303030303024
13893 -0.3812905405405409 -1.204601351351351
13894 -8.918136557610241 -5.400257108287962
13896 -2.6626284153005466 -1.0994423076923074
13897 -1.83655737704918 -1.1355576923076922
13898 -0.5225105868118572 -0.7675391180654338
1390 6.777592592592594 -2.7540000000000004
13900 1.940892857142857 0.5956250000000001
13903 0.41577027027027014 0.18720270270270278
13904 -3.6531666666666665 -0.6265128205128208
13905 -0.06389102564102545 1.2192732240437159
13907 -2.65049786628734 -0.7185704125177811
13908 -0.22624621899576525 -0.3765149359886204
13909 49.872933227344994 9.933712241653417
1391 3.6354410774410777 0.9479365079365076
13913 -3.815177809388336 -1.6528947368421052
13917 3.2489140049140057 1.302083333333334
13922 -3.1483160919540234 -0.04500000000000015
13923 5.001785714285716 0.7394017094017089
13931 1.2144603174603175 4.301759259259259
13932 9.327153660012101 1.230448079658606
13933 4.938170426065163 -0.04025735294117627
13934 -0.5628888888888889 -0.1366587301587302
1394 8.323146853146852 1.226666666666667
13940 0.10473684210526302 4.037747747747748
13943 -7.0138546798029555 -1.501256157635468
13946 -1.1308318209316395 -0.529217638691323
1395 -1.9816701607267642 -0.6817460317460315
13952 6.343498168498169 2.158498168498169
13953 -0.015985155195681333 -0.4554588394062078
13955 11.53535087719298 3.319381223328591
13956 0.0001706970128023677 -0.13073968705547645
13957 4.14368817204301 3.074342105263158
13958 -2.6975817923186343 3.9164224751066854
13962 -2.7407777777777778 -4.925888888888888
13968 3.968245614035088 0.9411666666666663
13970 15.063051209103838 1.1354409672830723
13971 1.7458408408408408 0.07188438438438438
13976 10.371967213114754 3.694230769230769
13979 24.349444717444715 20.336213450292398
13986 -7354.818333333333 -319.7774410774409
13991 6.2614456233421745 -10.197666666666667
13992 2.022955465587044 0.7712615384615382
13995 3.1071346153846147 0.21696923076923014
13996 0.04908232118758438 2.8379692307692324
13997 -6.533563492063492 -1.1397115384615386
13998 -0.1791255961844197 2.670131826741997
13999 1.3873466160657806 1.2039015151515153
14003 37.702153439153435 -68.07650103519669
14004 -11.28168275862069 -1.3870512820512821
14013 -0.288572695035461 -0.48968834282289486
14014 0.21290441176470587 0.143013888888889
14015 6.220757575757576 -0.5891807610993658
14016 4.642343159486017 0.7596964285714285
14017 0.05097402597402567 -0.3521262458471761
14019 -1.3092152872003617 -0.17958773784355186
14024 24.248680057388807 14.285107604017217
14028 -2.802796101949025 0.8834444444444447
14029 -1.4861895070104025 -0.7775249169435214
1403 -0.14111904761904748 0.07271428571428562
14030 14.913117732558138 40.0210606060606
14039 -0.48406386554621816 -0.48352941176470576
14041 -0.4766190476190477 -0.4334090909090902
14048 -110.22527633443553 203.98721925133697
14053 1.230332225913621 1.5500332225913618
14054 25.839126984126985 8.5145818815331
14055 0.3314830841856804 -0.6754529616724738
14065 -2.9911279953243715 -1.0723589743589743
14067 1.326155501748722 1.063076923076923
14068 0.7388446526151444 1.5711829268292685
14074 8.167884615384615 5.129198717948718
14079 -0.7479618226600984 -0.38703778677462863
14081 12.63073333333333 5.243916666666666
1409 23.55399865591398 29.040758064516126
14093 5.789171712467009 0.2813277310924369
14100 2.9558709677419346 0.8654166666666661
14102 4.261477908547174 1.7469345238095233
14103 -0.14763888888888865 -0.15526525198939023
14108 -2.6540148011100833 -2.0895789007092196
14109 -2.873391608391609 -0.5194805194805197
1411 -0.26786290322580664 -0.36072916666666677
14113 -0.5391593352883677 -1.1230543237250554
14121 -5.709242424242424 -2.5545649509803923
14126 -0.5462666666666667 -0.18527755102040788
14130 5.120699888017917 3.2068611111111105
14137 4.541753623188407 1.851753623188406
14139 6.940666666666665 -5.577781954887219
14141 -0.33705594405594397 -0.37469873150105704
14143 4.964640591966173 1.7400422832980973
1415 -0.2686564625850336 -1.4410584677419356
14152 2.0948352941176474 1.736307977736549
14155 -0.17341666666666677 0.4138196286472149
14157 -8.22603691019787 0.32775709219858173
14165 -2.5197414965986393 -0.7186099137931035
14166 -0.09214082278481017 10.230107438016532
14168 -0.7903888888888888 0.7328249336870023
14169 4.743813747228381 3.621779379157428
1417 371.29738735465116 273.4784662236988
14171 -0.8023076923076919 3.1745337995337994
14180 2.971888111888112 -0.9583333333333335
14186 -2.7016957026713126 -0.7696280487804876
14187 2.6351851851851853 1.15330623306233
14191 2.9646040827859013 1.2485742838107932
14196 9.372916666666667 2.6212698412698408
14198 -11.631294642857142 -4.1938749999999985
14205 8.868260135135133 6.8246875
14206 32.269249862107 11.279605263157894
14209 -4.971751879699249 -4.460916179337232
14211 -2.3598421975452943 1.521647435897436
14212 24.05212758245741 9.817883534136545
14215 51.33309523809524 164.58581780538302
14216 3.4535662431941923 0.7839046941678527
14220 1.2675131502045591 1.453685897435897
14224 -1.1331511470985154 -2.299003506721215
14231 -2.469411764705882 -0.8243939393939393
14232 33.413232240437154 16.025192307692308
14250 -1.4451730769230768 -0.28032051282051285
14251 2.594371794871795 2.14815233785822
14252 5.126996370235936 3.7733214793741117
14258 8.616449829931975 1.366391129032258
14260 1.4409672830725464 -1.1150640113798005
14261 11.506557692307691 1.0405641025641028
14262 13.704952380952383 0.9978937728937725
14268 24.950220810647306 8.816458036984354
14270 7.167325000000002 16.877717803030304
14279 -205.944314516129 -162.38575255102043
14284 121.61677322404373 60.19894871794872
14285 -1.8874547511312203 -7.028377896613191
14292 0.439047619047619 1.701033681765389
14298 -7.034192307692308 -0.3693319838056681
14299 0.1131639443436181 0.34703413940256045
14303 -0.8068278805120912 -0.04335424710424707
14304 -0.8298364153627313 -0.1819298245614035
14305 -0.8473470839260313 -0.6328520625889048
14308 -0.8292345110087047 0.07092334494773511
14309 -0.2906570363466916 -0.15087719298245617
14310 -1.9378333333333335 -1.0375769230769232
14311 -0.28707692307692323 0.22338461538461463
14313 1.7612955465587037 -0.3012307692307701
14314 0.04277469478357432 -1.0208143939393937
14317 7.475121275121282 4.380066666666668
14320 2.3765110565110565 -1.3405303030303037
14322 2.5814538676607643 2.5786842105263164
14327 -1.0002267759562842 0.13307017543859634
14329 23.187781742491822 6.811288798920378
14330 0.193662873399715 -0.4003840682788051
14331 -5.066203871748337 -0.3871692745376958
14332 -1.7173054587688732 -0.2262717770034841
14333 -5.894119047619048 -0.05676190476190479
14334 0.24934210526315814 -0.566842105263158
14335 2.9867186874749896 2.7624337121212124
14339 -0.6324492753623208 1.6834065934065938
14340 20.46718253968254 2.5868730158730155
14342 -0.20790381125226864 -0.08764705882352941
14343 -3.5617140825035563 1.4161379800853482
14344 3.3589583333333333 2.616527293844367
14346 -0.3224672131147541 0.05621153846153848
14347 23.66505418719212 6.64888888888889
14349 4.656727272727275 1.6963970588235295
14353 4.00347138047138 1.9835238095238097
14357 -0.02010256410256428 -0.015416666666666745
14361 -0.3183717948717948 0.42366666666666686
14368 -5.407095238095238 -4.373102564102563
14372 8.53845759552656 5.411754385964913
14374 2.7808500000000005 1.9796666666666658
14375 35.60933854907539 19.005633001422474
14376 -0.8654193849021434 -0.09008771929824566
14377 -11.960874822190611 -1.555064011379801
