results/collective_fits/with_ext/sdss_sako18_mcmc_fit_fits.ecsv
# %ECSV 0.9
# ---
# datatype:
# - {name: obj_id, datatype: string}
# - {name: message, datatype: string}
# - {name: band, datatype: string}
# - {name: source, datatype: string}
# - {name: pre_max, datatype: int64}
# - {name: post_max, datatype: int64}
# - {name: vparams, datatype: string}
# - {name: t0, datatype: float64}
# - {name: z, datatype: float64}
# - {name: c, datatype: float64}
# - {name: amplitude, datatype: float64}
# - {name: x1, datatype: float64}
# - {name: mwebv, datatype: float64}
# - {name: t0_err, datatype: float64}
# - {name: z_err, datatype: float64}
# - {name: c_err, datatype: float64}
# - {name: amplitude_err, datatype: float64}
# - {name: x1_err, datatype: float64}
# - {name: mwebv_err, datatype: float64}
# - {name: chisq, datatype: float64}
# - {name: ndof, datatype: float64}
# - {name: b_max, datatype: float64}
# - {name: delta_15, datatype: float64}
# meta: !!omap
# - band_names: !!python/tuple [sdss_sako18_u1, sdss_sako18_u2, sdss_sako18_u3, sdss_sako18_u4, sdss_sako18_u5, sdss_sako18_u6, sdss_sako18_g1,
#     sdss_sako18_g2, sdss_sako18_g3, sdss_sako18_g4, sdss_sako18_g5, sdss_sako18_g6, sdss_sako18_r1, sdss_sako18_r2, sdss_sako18_r3,
#     sdss_sako18_r4, sdss_sako18_r5, sdss_sako18_r6, sdss_sako18_i1, sdss_sako18_i2, sdss_sako18_i3, sdss_sako18_i4, sdss_sako18_i5,
#     sdss_sako18_i6, sdss_sako18_z1, sdss_sako18_z2, sdss_sako18_z3, sdss_sako18_z4, sdss_sako18_z5, sdss_sako18_z6]
# - lambda_eff: !!python/tuple [3551, 3551, 3551, 3551, 3551, 3551, 4686, 4686, 4686, 4686, 4686, 4686, 6166, 6166, 6166, 6166, 6166,
#     6166, 7480, 7480, 7480, 7480, 7480, 7480, 8932, 8932, 8932, 8932, 8932, 8932]
# - {fit_func: mcmc_fit}
# - {out_path: /global/u1/d/djp81/Photometric-Classification/results/collective_fits/with_ext/sdss_sako18_mcmc_fit_fits.ecsv}
# schema: astropy-2.0
obj_id message band source pre_max post_max vparams t0 z c amplitude x1 mwebv t0_err z_err c_err amplitude_err x1_err mwebv_err chisq ndof b_max delta_15
[from data line 1318]
13734 NONE blue sn91bg 8 40 amplitude,x1,c 2453999.336553722 0.376849 0.0782542902686487 4.8196756421002165e-17 1.1260281962238317 0.03921916369455466 "" "" 0.07514557946927725 9.393235661401418e-18 0.09651592087019412 "" 63.79 45.0 -19.1 1.54
13734 NONE red sn91bg 4 20 amplitude,x1,c 2453999.336553722 0.376849 0.500207483076937 4.105563418152222e-17 0.9252970470532713 0.03921916369455466 "" "" 0.2867225378458416 2.3320094986655777e-17 0.1716550653688082 "" 13.24 21.0 -17.92 1.752
13736 NONE all hsiao_x1 40 75 t0,amplitude,x1 2454014.7000370333 0.14882 "" 4.590978815038263e-05 0.1308731854194592 0.05863825482838428 1.3296164650982452 "" "" 8.523433719900684e-05 0.07957061960419809 "" 13309.44 102.0 -17.71 0.861
13736 NONE blue hsiao_x1 24 45 amplitude,x1 2454014.7000370333 0.14882 "" 0.00010132283403121742 0.09585192234714718 0.05863825482838428 "" "" "" 5.072175226450876e-07 0.011153060933180544 "" 163.57 61.0 -19.43 0.907
13736 NONE red hsiao_x1 16 30 amplitude,x1 2454014.7000370333 0.14882 "" 0.0001020648127655742 0.09191098359079976 0.05863825482838428 "" "" "" 1.2874926129894152e-06 0.030386447186342595 "" 31.96 40.0 -19.45 0.913
13736 NONE all sn91bg 25 90 t0,amplitude,x1,c 2454008.3715866525 0.14882 0.5499844347652444 3.0761213371200745e-15 0.9999752954506462 0.05863825482838428 0.0014515311667871278 "" 9.974457921137386e-05 2.6432755528313663e-17 6.0490564004964604e-05 "" 271523.1 106.0 -20.29 1.661
13736 NONE blue sn91bg 15 54 amplitude,x1,c 2454008.3715866525 0.14882 0.012724313559807337 3.383138300817823e-16 1.2391451034527408 0.05863825482838428 "" "" 0.03330978729173029 2.6173254536060004e-17 0.02682881020217684 "" 5422.52 63.0 -19.13 1.453
13736 NONE red sn91bg 10 36 amplitude,x1,c 2454008.3715866525 0.14882 0.21872326008215273 2.1868424001922995e-16 1.2444901759449851 0.05863825482838428 "" "" 0.1727986357377062 2.4380614481174353e-17 0.0054334020871456105 "" 257.8 41.0 -18.27 1.449
13737 NONE all hsiao_x1 20 95 t0,amplitude,x1 2454004.0284101567 0.393262 "" 2.1029848018602484e-07 0.018147089350884053 0.06886122389377043 0.8009006782095843 "" "" 3.9168573899854405e-05 0.08280454721384793 "" 817.23 107.0 -8.42 1.021
13737 NONE blue hsiao_x1 12 57 amplitude,x1 2454004.0284101567 0.393262 "" -7.701765529011661e-06 0.056530255409018584 0.06886122389377043 "" "" "" 3.813460443997408e-05 0.07822297613843736 "" 691.91 64.0 -16.24 0.962
13737 NONE red hsiao_x1 4 19 amplitude,x1 2454004.0284101567 0.393262 "" 1.2830134457413942e-05 -0.19981323751005406 0.06886122389377043 "" "" "" 3.884183032945562e-05 0.27943595955042005 "" 42.66 20.0 -17.34 1.474
13737 NONE all sn91bg 20 95 t0,amplitude,x1,c 2454004.207666488 0.393262 0.014962528865254688 6.315227010812893e-17 1.1782947687098224 0.06886122389377043 0.9469170919421295 "" 0.016839243037996863 9.34538205835434e-18 0.09906572817657315 "" 258.97 106.0 -19.66 1.498
13737 NONE blue sn91bg 12 57 amplitude,x1,c 2454004.207666488 0.393262 0.01285437530185804 6.177328053324963e-17 1.2172048741074104 0.06886122389377043 "" "" 0.012015836190667465 3.3966239369212136e-18 0.026525022335934796 "" 185.33 63.0 -19.67 1.469
13737 NONE red sn91bg 4 19 amplitude,x1,c 2454004.207666488 0.393262 0.5299780333214198 7.287620714668259e-17 0.8726892773291091 0.06886122389377043 "" "" 0.27771004836522567 2.9712467544708747e-17 0.15428800242241844 "" 33.02 19.0 -18.56 1.825
13757 NONE all hsiao_x1 14 90 t0,amplitude,x1 2453998.286715225 0.287424 "" 1.2880408582183268e-05 0.09566992494240852 0.03448034614155279 3.966171572598162 "" "" 5.0489409166091813e-05 0.12676856288165667 "" 2478.79 101.0 -16.56 0.907
13757 NONE blue hsiao_x1 6 36 amplitude,x1 2453998.286715225 0.287424 "" 5.3800623253202127e-05 -0.05503964064458331 0.03448034614155279 "" "" "" 8.578325465190252e-07 0.07619705289727913 "" 73.17 40.0 -19.66 1.148
13757 NONE red hsiao_x1 6 36 amplitude,x1 2453998.286715225 0.287424 "" 5.17703237850103e-05 -0.08368995630158925 0.03448034614155279 "" "" "" 1.87910768374018e-06 0.13407033083760964 "" 53.88 40.0 -19.58 1.204
13757 NONE all sn91bg 19 85 t0,amplitude,x1,c 2453999.0493852906 0.287424 0.004677565941921396 9.63798195734072e-17 1.1605449617983483 0.03448034614155279 0.3951257980121053 "" 0.006668132593974221 8.282783173001524e-18 0.06507906096038445 "" 582.11 95.0 -19.32 1.512
13757 NONE blue sn91bg 8 34 amplitude,x1,c 2453999.0493852906 0.287424 0.004784530539145177 1.2001256465770966e-16 1.2074923712668804 0.03448034614155279 "" "" 0.004728683343302237 5.08440434573013e-18 0.033089029146372316 "" 232.67 37.0 -19.6 1.476
13757 NONE red sn91bg 8 34 amplitude,x1,c 2453999.0493852906 0.287424 0.27628742420024066 9.462457328771017e-17 1.0108575703762583 0.03448034614155279 "" "" 0.23967075704922006 2.5054618745619248e-17 0.12940341659966406 "" 78.65 37.0 -18.66 1.649
13766 NONE all hsiao_x1 15 201 z,t0,amplitude,x1 2453993.7080985866 0.22498203370293776 "" 1.3745672093770084e-09 -8.581621934469343e-05 0.03795506602132273 0.0024647591468716086 3.1223099372249235e-05 "" 1.0022138639462845e-11 0.00013558083145625972 "" 598.15 212.0 3.91 1.05
13766 NONE blue hsiao_x1 9 120 amplitude,x1 2453993.7080985866 0.22498203370293776 "" 1.0611232135865707e-07 0.22877559741811293 0.03795506602132273 "" "" "" 2.799098471487763e-05 0.11114814031970684 "" 423.11 127.0 -5.53 0.749
13766 NONE red hsiao_x1 6 81 amplitude,x1 2453993.7080985866 0.22498203370293776 "" 6.876322026120783e-08 0.09695797578706483 0.03795506602132273 "" "" "" 2.989017498985816e-05 0.23602590176104152 "" 175.03 85.0 -4.59 0.906
13766 NONE all sn91bg 25 191 z,t0,amplitude,x1,c 2453996.715047152 0.2249854916219864 0.550039835437733 1.9501824570214094e-16 0.9999717531770839 0.03795506602132273 0.002099761784910515 2.245020668490199e-05 7.778669987668877e-05 2.5622924439268532e-18 6.73582384905174e-05 "" 2701.17 211.0 -18.3 1.661
13766 NONE blue sn91bg 15 114 amplitude,x1,c 2453996.715047152 0.2249854916219864 0.027616603511058376 3.3286149924907034e-17 1.1556941565207346 0.03795506602132273 "" "" 0.025629073676200827 3.1910174751342797e-18 0.06964400881157598 "" 167.33 126.0 -17.52 1.516
13766 NONE red sn91bg 10 77 amplitude,x1,c 2453996.715047152 0.2249854916219864 0.49828419804640506 3.204809176230774e-17 1.0698390169030454 0.03795506602132273 "" "" 0.27430984929547597 8.753308161261231e-18 0.12685284460474194 "" 91.11 84.0 -16.48 1.59
13768 NONE all hsiao_x1 15 100 z,t0,amplitude,x1 2454005.5394339594 0.26559045505171425 "" 4.245266270448463e-05 -0.028541471868930655 0.04310364356378126 4.092082594709561 0.05581803700907595 "" 1.982402944801425e-05 0.15479560414335056 "" 352.87 106.0 -18.95 1.099
13768 NONE blue hsiao_x1 6 40 amplitude,x1 2454005.5394339594 0.26559045505171425 "" 5.2478011584682705e-05 0.002218588021707911 0.04310364356378126 "" "" "" 1.012609348017381e-06 0.04318375038146536 "" 31.81 42.0 -19.41 1.047
13768 NONE red hsiao_x1 6 40 amplitude,x1 2454005.5394339594 0.26559045505171425 "" 5.432284681155254e-05 -0.07212325178723153 0.04310364356378126 "" "" "" 1.6947582199486147e-06 0.08387674059467184 "" 49.97 42.0 -19.49 1.181
13768 NONE all sn91bg 15 100 z,t0,amplitude,x1,c 2453999.697863082 0.22500580359048622 0.5500186841966814 6.3152372639178865e-16 1.0000139675364637 0.04310364356378126 0.0018900445065677654 3.393436732097101e-05 7.81038164797434e-05 5.9947577271867706e-18 6.833443546243846e-05 "" 9827.0 105.0 -19.57 1.661
13768 NONE blue sn91bg 9 60 amplitude,x1,c 2453999.697863082 0.22500580359048622 0.011159523206131826 1.0611864648538089e-16 1.229502509768353 0.04310364356378126 "" "" 0.016044357114091412 4.447971718860254e-18 0.02204256861030239 "" 241.73 63.0 -18.87 1.46
13768 NONE red sn91bg 6 40 amplitude,x1,c 2453999.697863082 0.22500580359048622 0.34811127532082303 9.239168068619579e-17 1.2001200518542705 0.04310364356378126 "" "" 0.2442230568601349 1.6482388111303572e-17 0.04050721739804924 "" 47.76 41.0 -18.05 1.481
1378 NONE all hsiao_x1 0 95 t0,amplitude,x1 2453618.9272192777 0.124747 "" 4.553773174340985e-05 0.3838172588949737 0.022290956832541703 1.3874541637647635 "" "" 6.212411667750776e-06 0.14093691000743047 "" 246.89 92.0 -17.28 0.607
1378 NONE blue hsiao_x1 0 38 amplitude,x1 2453618.9272192777 0.124747 "" 3.9915602954287444e-05 0.34984189391217646 0.022290956832541703 "" "" "" 1.5363400172391752e-06 0.09846793060629169 "" 55.54 36.0 -16.99 0.635
1378 NONE red hsiao_x1 0 57 amplitude,x1 2453618.9272192777 0.124747 "" 5.375620146166967e-05 0.3888700744117498 0.022290956832541703 "" "" "" 1.2842072109520102e-06 0.07374340715798719 "" 109.07 55.0 -17.64 0.603
1378 NONE all sn91bg 5 90 t0,amplitude,x1,c 2453627.577971812 0.124747 0.07853945483837081 8.031840201807564e-17 1.21409166954011 0.022290956832541703 0.6641301235891885 "" 0.0847227439577946 1.1775820587140044e-17 0.04709700229138651 "" 137.52 91.0 -17.02 1.471
1378 NONE blue sn91bg 2 36 amplitude,x1,c 2453627.577971812 0.124747 0.6693473657636358 3.239757827150694e-16 1.1777867567010936 0.022290956832541703 "" "" 0.23109615618478152 1.4182455639950788e-16 0.06322106121276473 "" 60.46 35.0 -17.36 1.498
1378 NONE red sn91bg 3 54 amplitude,x1,c 2453627.577971812 0.124747 0.2343010472088758 8.799962094680781e-17 1.2227969770881961 0.022290956832541703 "" "" 0.16965593942731885 1.1856303887199764e-17 0.025307492584777852 "" 78.53 54.0 -16.81 1.465
13780 NONE all hsiao_x1 9 95 z,t0,amplitude,x1 2453994.7805284313 0.3166645050831672 "" -2.519904491068058e-05 0.03858151742303567 0.03258542436901059 3.5394170102122016 0.07443782421738625 "" 1.2763093741978013e-05 0.20659866619829814 "" 139.53 100.0 -18.26 0.989
13780 NONE blue hsiao_x1 4 38 amplitude,x1 2453994.7805284313 0.3166645050831672 "" -3.2017570224044044e-05 0.019151480657744423 0.03258542436901059 "" "" "" 1.3563895133251713e-06 0.14171091507828962 "" 32.87 40.0 -18.78 1.019
13780 NONE red hsiao_x1 4 38 amplitude,x1 2453994.7805284313 0.3166645050831672 "" -3.302404976941216e-05 0.10079207060968849 0.03258542436901059 "" "" "" 2.2542142325114198e-06 0.24949680304510263 "" 43.51 40.0 -18.85 0.901
13780 NONE all sn91bg 9 95 z,t0,amplitude,x1,c 2453995.8141585654 0.08248524475700447 0.1536680642032949 4.3614542893934595e-17 1.1183512048775717 0.03258542436901059 2.0364019119800028 0.031500252892503355 0.10661438218256901 7.326329895129483e-18 0.1020917723656282 "" 94.17 94.0 -15.18 1.547
13780 NONE blue sn91bg 3 38 amplitude,x1,c 2453995.8141585654 0.08248524475700447 0.5642280072676075 1.22048993918645e-16 1.0764267962120724 0.03258542436901059 "" "" 0.3034960040651341 6.84764881242558e-17 0.13125618983248596 "" 39.38 36.0 -15.45 1.583
13780 NONE red sn91bg 6 57 amplitude,x1,c 2453995.8141585654 0.08248524475700447 0.4582891833641427 5.2308423617312634e-17 1.105587517367463 0.03258542436901059 "" "" 0.2550247488551877 1.1774986367175083e-17 0.09996464465371961 "" 57.52 57.0 -14.76 1.557
13784 NONE all hsiao_x1 25 84 z,t0,amplitude,x1 2454004.851040494 0.2690181248367743 "" -2.1164171706466095e-05 0.2156526049949953 0.025009708086082997 3.949389300784435 0.10428210260258564 "" 2.9422092260594876e-05 0.24001239283340214 "" 916.64 100.0 -17.47 0.763
13784 NONE blue hsiao_x1 10 34 amplitude,x1 2454004.851040494 0.2690181248367743 "" -3.874783706134462e-05 0.3120938694276882 0.025009708086082997 "" "" "" 7.569826233138154e-07 0.0779073468384113 "" 90.29 40.0 -18.78 0.668
13784 NONE red hsiao_x1 10 34 amplitude,x1 2454004.851040494 0.2690181248367743 "" -4.573805591766693e-05 0.41668437207392334 0.025009708086082997 "" "" "" 1.062867094481527e-06 0.06807989890219619 "" 50.78 40.0 -19.14 0.582
13784 NONE all sn91bg 20 89 z,t0,amplitude,x1,c 2453997.8441982437 0.2250234410717076 0.5500409826284934 4.3841192860839173e-16 0.9999689786412875 0.025009708086082997 0.0025681137511720086 3.2784037260828696e-05 7.474748557626775e-05 4.527972084000235e-18 5.4394113451055646e-05 "" 7410.38 104.0 -19.18 1.661
13784 NONE blue sn91bg 12 53 amplitude,x1,c 2453997.8441982437 0.2250234410717076 0.01426653663948403 7.185260874821164e-17 1.2228698300920162 0.025009708086082997 "" "" 0.014129773788469678 3.397178221698694e-18 0.024993756178383827 "" 116.29 62.0 -18.43 1.464
13784 NONE red sn91bg 8 36 amplitude,x1,c 2453997.8441982437 0.2250234410717076 0.3508086456337614 7.008154319055622e-17 1.2139201193484226 0.025009708086082997 "" "" 0.24822781070451636 1.3059709860482769e-17 0.033209865442243025 "" 70.67 41.0 -17.76 1.471
13785 NONE all hsiao_x1 5 105 z,t0,amplitude,x1 2453978.3408682183 0.32248319582779655 "" -2.1713759006512758e-05 0.23332781699940114 0.019430517663415026 4.484749084660307 0.10332498799165575 "" 1.441042560756844e-05 0.23869547676557148 "" 242.66 106.0 -17.98 0.744
13785 NONE blue hsiao_x1 2 42 amplitude,x1 2453978.3408682183 0.32248319582779655 "" -3.461553936542151e-05 0.28590293145712087 0.019430517663415026 "" "" "" 1.4559179700464293e-06 0.11189514211252946 "" 58.11 42.0 -18.99 0.692
13785 NONE red hsiao_x1 2 42 amplitude,x1 2453978.3408682183 0.32248319582779655 "" -3.464071495714496e-05 0.22198484332593799 0.019430517663415026 "" "" "" 2.4864961064524967e-06 0.20262208104823434 "" 36.36 42.0 -19.0 0.756
13785 NONE all sn91bg 5 105 z,t0,amplitude,x1,c 2453978.9741342836 0.16421327293936597 0.30612124464380336 1.0643521224789016e-16 0.9706880503528224 0.019430517663415026 3.3980558926911355 0.09672454614445276 0.20402567397752053 4.567169766739904e-17 0.20985381126642363 "" 126.27 105.0 -17.33 1.695
13785 NONE blue sn91bg 3 63 amplitude,x1,c 2453978.9741342836 0.16421327293936597 0.4218877090807551 1.0162944136525141e-16 1.1648692410857904 0.019430517663415026 "" "" 0.14103410611215772 2.0612485608405747e-17 0.06481442289503195 "" 48.02 63.0 -17.22 1.509
13785 NONE red sn91bg 2 42 amplitude,x1,c 2453978.9741342836 0.16421327293936597 0.5613814162707315 7.277872728238617e-17 1.0722423282121598 0.019430517663415026 "" "" 0.29412792372544555 2.2633142865005656e-17 0.13166787675275524 "" 40.86 41.0 -16.5 1.587
13786 NONE all hsiao_x1 20 89 z,t0,amplitude,x1 2453996.877487146 0.22503014309690597 "" 1.2198027866504507e-09 -3.137692063407059e-05 0.020018881709604693 0.00235185234318413 2.546023946725458e-05 "" 1.3304625552825474e-11 0.00011911554647403042 "" 728.14 105.0 4.17 1.05
13786 NONE blue hsiao_x1 12 53 amplitude,x1 2453996.877487146 0.22503014309690597 "" 6.780752353388089e-06 0.1382029569990807 0.020018881709604693 "" "" "" 3.332658492729559e-05 0.10349328840029859 "" 540.94 63.0 -14.56 0.852
13786 NONE red hsiao_x1 8 36 amplitude,x1 2453996.877487146 0.22503014309690597 "" 1.3462777411161834e-05 0.1949759790672984 0.020018881709604693 "" "" "" 3.061286091501696e-05 0.16644600107453753 "" 112.84 42.0 -16.05 0.785
13786 NONE all sn91bg 15 94 z,t0,amplitude,x1,c 2453995.874552392 0.2249912745004854 0.5499716387727969 3.0861336409402484e-16 0.9999840247324366 0.020018881709604693 0.0020794845965996563 2.6817750647502565e-05 0.00010892519082286234 2.9012626777360557e-18 3.677914962010489e-05 "" 4733.33 104.0 -18.8 1.661
13786 NONE blue sn91bg 9 56 amplitude,x1,c 2453995.874552392 0.2249912745004854 0.020389401572743954 4.9973400807657235e-17 1.1991906249069433 0.020018881709604693 "" "" 0.02070351425569038 5.827149484082783e-18 0.08799237471568046 "" 136.79 62.0 -18.01 1.482
13786 NONE red sn91bg 6 38 amplitude,x1,c 2453995.874552392 0.2249912745004854 0.5637301034684161 4.1161134040440336e-17 1.1613598025401453 0.020018881709604693 "" "" 0.2866201215261307 9.306050478256168e-18 0.07354422758046751 "" 40.85 41.0 -16.72 1.512
13787 "No data points with S/N > 5.0. Initial guessing failed." "" "" "" "" "" "" "" "" "" "" "" "" "" "" "" "" "" "" "" "" ""
13796 NONE all hsiao_x1 50 55 t0,amplitude,x1 2454023.3625059812 0.14729 "" 1.4601046090275e-08 3.394562458386158e-05 0.036290084574998945 0.0022806952079166957 "" "" 8.159990899167631e-11 9.711427141758942e-05 "" 22776.84 82.0 -0.2 1.05
