results/collective_fits/with_ext/sdss_sako18_mcmc_fit_fits.ecsv
# %ECSV 0.9
# ---
# datatype:
# - {name: obj_id, datatype: string}
# - {name: message, datatype: string}
# - {name: band, datatype: string}
# - {name: source, datatype: string}
# - {name: pre_max, datatype: int64}
# - {name: post_max, datatype: int64}
# - {name: vparams, datatype: string}
# - {name: t0, datatype: float64}
# - {name: z, datatype: float64}
# - {name: c, datatype: float64}
# - {name: amplitude, datatype: float64}
# - {name: x1, datatype: float64}
# - {name: mwebv, datatype: float64}
# - {name: t0_err, datatype: float64}
# - {name: z_err, datatype: float64}
# - {name: c_err, datatype: float64}
# - {name: amplitude_err, datatype: float64}
# - {name: x1_err, datatype: float64}
# - {name: mwebv_err, datatype: float64}
# - {name: chisq, datatype: float64}
# - {name: ndof, datatype: float64}
# - {name: b_max, datatype: float64}
# - {name: delta_15, datatype: float64}
# meta: !!omap
# - band_names: !!python/tuple [sdss_sako18_u1, sdss_sako18_u2, sdss_sako18_u3, sdss_sako18_u4, sdss_sako18_u5, sdss_sako18_u6, sdss_sako18_g1,
#     sdss_sako18_g2, sdss_sako18_g3, sdss_sako18_g4, sdss_sako18_g5, sdss_sako18_g6, sdss_sako18_r1, sdss_sako18_r2, sdss_sako18_r3,
#     sdss_sako18_r4, sdss_sako18_r5, sdss_sako18_r6, sdss_sako18_i1, sdss_sako18_i2, sdss_sako18_i3, sdss_sako18_i4, sdss_sako18_i5,
#     sdss_sako18_i6, sdss_sako18_z1, sdss_sako18_z2, sdss_sako18_z3, sdss_sako18_z4, sdss_sako18_z5, sdss_sako18_z6]
# - lambda_eff: !!python/tuple [3551, 3551, 3551, 3551, 3551, 3551, 4686, 4686, 4686, 4686, 4686, 4686, 6166, 6166, 6166, 6166, 6166,
#     6166, 7480, 7480, 7480, 7480, 7480, 7480, 8932, 8932, 8932, 8932, 8932, 8932]
# - {fit_func: mcmc_fit}
# - {out_path: /global/u1/d/djp81/Photometric-Classification/results/collective_fits/with_ext/sdss_sako18_mcmc_fit_fits.ecsv}
# schema: astropy-2.0
obj_id message band source pre_max post_max vparams t0 z c amplitude x1 mwebv t0_err z_err c_err amplitude_err x1_err mwebv_err chisq ndof b_max delta_15
[from data line 5805]
17915 NONE blue sn91bg 4 32 amplitude,x1,c 2454352.770632249 0.1437410005206456 0.7040471314291677 4.134038350475091e-16 0.8898656507104857 0.09994181312238581 "" "" 0.24006491882476344 2.221299382224839e-16 0.1547403591135278 "" 32.43 33.0 -17.64 1.8
17915 NONE red sn91bg 4 32 amplitude,x1,c 2454352.770632249 0.1437410005206456 0.416762226329891 6.914512394881257e-17 1.1613630876282977 0.09994181312238581 "" "" 0.26490022271924296 1.486142785202788e-17 0.08342342641535809 "" 49.21 33.0 -16.49 1.512
17925 NONE all hsiao_x1 20 70 z,t0,amplitude,x1 2454364.8049878418 0.27609875562073405 "" 1.374812823495861e-05 0.07095564515589403 0.04210329954846766 4.112100404879124 0.06711632969222915 "" 3.577679713959874e-05 0.17682111943768888 "" 728.5 86.0 -16.6 0.942
17925 NONE blue hsiao_x1 8 28 amplitude,x1 2454364.8049878418 0.27609875562073405 "" 4.501470305716253e-05 0.029524384005282196 0.04210329954846766 "" "" "" 1.1764025154909312e-06 0.0565828025515904 "" 29.88 34.0 -19.17 1.003
17925 NONE red hsiao_x1 8 28 amplitude,x1 2454364.8049878418 0.27609875562073405 "" 4.9190931030372326e-05 -0.20303844004563432 0.04210329954846766 "" "" "" 2.364899001084611e-06 0.09919104194973989 "" 39.82 34.0 -19.37 1.482
17925 NONE all sn91bg 20 70 z,t0,amplitude,x1,c 2454363.1718168235 0.09758187961861706 0.4075316914500309 1.2393785077462822e-16 1.0993345877481169 0.04210329954846766 0.7138819377940218 0.041461627522181715 0.3965689572400957 4.835038344383753e-17 0.10505214952187426 "" 191.07 85.0 -16.19 1.563
17925 NONE blue sn91bg 8 28 amplitude,x1,c 2454363.1718168235 0.09758187961861706 0.5035140164190198 2.634203435129123e-16 1.192891618382908 0.04210329954846766 "" "" 0.2837268017925039 1.3823071340998054e-16 0.061094975324047215 "" 46.08 33.0 -16.87 1.487
17925 NONE red sn91bg 12 42 amplitude,x1,c 2454363.1718168235 0.09758187961861706 0.13707162899325026 7.422908041941694e-17 1.2139874354794051 0.04210329954846766 "" "" 0.11778029560295172 7.647729655773579e-18 0.03278264234499404 "" 69.49 51.0 -16.26 1.471
17927 NONE all hsiao_x1 20 80 z,t0,amplitude,x1 2454362.2279643333 0.19123869303473692 "" -2.434592444985617e-05 -0.05180432433159235 0.04807532553348196 3.2819277871792294 0.0984754670896532 "" 1.939010272461319e-05 0.2534819753228368 "" 198.87 96.0 -16.94 1.142
17927 NONE blue hsiao_x1 12 48 amplitude,x1 2454362.2279643333 0.19123869303473692 "" -3.6788457656497694e-05 -0.11232165883122161 0.04807532553348196 "" "" "" 1.2928142995603106e-06 0.09652621430247704 "" 51.69 58.0 -17.83 1.264
17927 NONE red hsiao_x1 8 32 amplitude,x1 2454362.2279643333 0.19123869303473692 "" -3.838583029098299e-05 -0.09063673788790759 0.04807532553348196 "" "" "" 2.8952128098588177e-06 0.15279275469953113 "" 30.24 38.0 -17.93 1.218
17927 NONE all sn91bg 20 80 z,t0,amplitude,x1,c 2454360.7597363973 0.06777259176792115 0.03879295974421233 4.954751369274888e-17 1.1416673677595266 0.04807532553348196 0.8879349214251681 0.01509365557714779 0.041438095855170456 5.241612338921443e-18 0.07951607355370317 "" 108.74 95.0 -15.1 1.527
17927 NONE blue sn91bg 8 32 amplitude,x1,c 2454360.7597363973 0.06777259176792115 0.38709914632863146 1.7533598418470174e-16 0.9447611667700107 0.04807532553348196 "" "" 0.28215847483577816 9.906866859672082e-17 0.1368933913748753 "" 31.58 37.0 -15.64 1.727
17927 NONE red sn91bg 12 48 amplitude,x1,c 2454360.7597363973 0.06777259176792115 0.4367931418775874 5.265345650773716e-17 1.189931486493677 0.04807532553348196 "" "" 0.26661575616715355 1.1379154580715553e-17 0.05821979414818989 "" 60.92 57.0 -14.43 1.489
17928 NONE all hsiao_x1 70 30 t0,amplitude,x1 2454411.2257559616 0.195945 "" 4.605975192428199e-09 -4.283831780616895e-05 0.024608867763766827 0.0021945102542698103 "" "" 4.350347652909556e-11 9.608428895587953e-05 "" 310.65 52.0 1.62 1.05
17928 NONE blue hsiao_x1 42 18 amplitude,x1 2454411.2257559616 0.195945 "" 4.020920848679319e-06 0.36691577029835115 0.024608867763766827 "" "" "" 1.9602149986697375e-05 0.12843416381826075 "" 125.76 31.0 -13.09 0.621
17928 NONE red hsiao_x1 28 12 amplitude,x1 2454411.2257559616 0.195945 "" -7.993675784844614e-06 0.41731555122555947 0.024608867763766827 "" "" "" 3.918096380698478e-05 0.09036105638349556 "" 172.62 20.0 -14.58 0.582
17928 NONE all sn91bg 20 80 t0,amplitude,x1,c 2454361.2393279965 0.195945 0.5499991735632722 5.372632722722024e-16 1.0000177238962176 0.024608867763766827 0.0027788528412024307 "" 7.533857644151573e-05 4.2016218099728266e-18 8.175604439829173e-05 "" 3247.21 96.0 -19.06 1.661
17928 NONE blue sn91bg 12 48 amplitude,x1,c 2454361.2393279965 0.195945 0.02285408668269101 1.1052230118156051e-16 1.2276865131569321 0.024608867763766827 "" "" 0.02060433827158719 4.875036484057648e-18 0.020526238611976704 "" 126.42 57.0 -18.55 1.461
17928 NONE red sn91bg 8 32 amplitude,x1,c 2454361.2393279965 0.195945 0.5674768450877886 1.3769994119623115e-16 1.2300924639423194 0.024608867763766827 "" "" 0.26882706494859016 2.489777887471145e-17 0.018178947397003303 "" 106.92 37.0 -17.74 1.459
17934 NONE all hsiao_x1 25 79 z,t0,amplitude,x1 2454367.0532647287 0.3009081261766555 "" -6.704510696025257e-06 0.03721527007706307 0.017604757707702607 3.707346259687498 0.09637787800554362 "" 3.939116391285604e-05 0.18928332811447063 "" 1343.67 100.0 -15.26 0.991
17934 NONE blue hsiao_x1 10 32 amplitude,x1 2454367.0532647287 0.3009081261766555 "" -3.7759627715969056e-05 0.015759722060667468 0.017604757707702607 "" "" "" 2.9142235136471325e-05 0.07322721391051387 "" 186.56 40.0 -19.01 1.025
17934 NONE red hsiao_x1 10 32 amplitude,x1 2454367.0532647287 0.3009081261766555 "" -1.1337039319330908e-05 0.019292562703960646 0.017604757707702607 "" "" "" 5.68058583195514e-05 0.11784543701893145 "" 466.22 40.0 -16.4 1.019
17934 NONE all sn91bg 25 79 z,t0,amplitude,x1,c 2454366.2551086503 0.11525890224538675 0.2187988122575374 1.1890664455167258e-16 1.2085399545061264 0.017604757707702607 0.509895658332654 0.0403419649291534 0.25228133142211123 3.2514455814959e-17 0.03777888160563125 "" 203.52 99.0 -16.98 1.475
17934 NONE blue sn91bg 10 31 amplitude,x1,c 2454366.2551086503 0.11525890224538675 0.6946900539930656 3.899663625109553e-16 1.1939518854259443 0.017604757707702607 "" "" 0.20654693853621203 1.4702016615094677e-16 0.042492348453922815 "" 49.47 38.0 -17.33 1.486
17934 NONE red sn91bg 15 48 amplitude,x1,c 2454366.2551086503 0.11525890224538675 0.38420530264679803 1.208430771029882e-16 1.2285107068374388 0.017604757707702607 "" "" 0.18759481897407312 1.7217443484298104e-17 0.020671311969734627 "" 137.32 60.0 -16.7 1.46
1794 NONE all hsiao_x1 0 105 t0,amplitude,x1 2453622.2561787833 0.1407 "" -9.802410551995289e-05 0.2305710288418718 0.07568092137813585 0.7760529059516127 "" "" 8.444169581498942e-07 0.03236955007399079 "" 106.3 102.0 -19.23 0.747
1794 NONE blue hsiao_x1 0 42 amplitude,x1 2453622.2561787833 0.1407 "" -9.55345810454671e-05 0.28412268306928495 0.07568092137813585 "" "" "" 9.413012978162258e-07 0.03486350066941816 "" 43.12 40.0 -19.17 0.694
1794 NONE red hsiao_x1 0 42 amplitude,x1 2453622.2561787833 0.1407 "" -9.930145223666178e-05 0.1593343376612583 0.07568092137813585 "" "" "" 1.2555183979152632e-06 0.03949633231903906 "" 32.73 40.0 -19.26 0.826
1794 NONE all sn91bg 5 100 t0,amplitude,x1,c 2453626.2624371178 0.1407 0.01375482710393936 2.83828430412105e-16 1.1532907071246659 0.07568092137813585 0.7086597809156759 "" 0.020402733265939187 4.580157393012285e-17 0.13685225099243523 "" 1776.18 101.0 -18.74 1.518
1794 NONE blue sn91bg 2 40 amplitude,x1,c 2453626.2624371178 0.1407 0.17618894559024487 6.770766178532395e-16 1.2458408949238158 0.07568092137813585 "" "" 0.12470775478973005 1.8554575087622686e-16 0.0042159320080523135 "" 152.96 39.0 -19.46 1.448
1794 NONE red sn91bg 2 40 amplitude,x1,c 2453626.2624371178 0.1407 0.10877226680881538 1.8696770415737579e-16 1.2225941844322379 0.07568092137813585 "" "" 0.09812447882209571 1.290207599747601e-17 0.02351721831049247 "" 115.59 39.0 -18.18 1.465
17945 NONE all hsiao_x1 20 84 t0,amplitude,x1 2454364.269324251 0.328277 "" 2.5113240027663586e-05 0.0828970979318617 0.027414176650309888 4.589967929087633 "" "" 2.2781085347350316e-05 0.30643246524046647 "" 321.13 101.0 -18.34 0.925
17945 NONE blue hsiao_x1 8 34 amplitude,x1 2454364.269324251 0.328277 "" 3.629179215046166e-05 0.16021402237203194 0.027414176650309888 "" "" "" 1.045350576578315e-06 0.11038930077046719 "" 27.24 40.0 -19.14 0.825
17945 NONE red hsiao_x1 8 34 amplitude,x1 2454364.269324251 0.328277 "" 4.3171396995629794e-05 0.08645045551905424 0.027414176650309888 "" "" "" 1.946363304110167e-06 0.1239089946699648 "" 39.21 40.0 -19.52 0.92
17945 NONE all sn91bg 20 84 t0,amplitude,x1,c 2454364.7630706006 0.328277 0.022201573065659497 6.520090020995691e-17 1.1624272398071345 0.027414176650309888 0.8450873679468667 "" 0.02291825789938058 1.0467985442933946e-17 0.11211586450450374 "" 140.96 100.0 -19.21 1.511
17945 NONE blue sn91bg 8 34 amplitude,x1,c 2454364.7630706006 0.328277 0.024557585649510497 6.852076527188159e-17 1.2026877542019332 0.027414176650309888 "" "" 0.022973773829542358 4.819535012795757e-18 0.04371357736004671 "" 56.3 39.0 -19.29 1.479
17945 NONE red sn91bg 8 34 amplitude,x1,c 2454364.7630706006 0.328277 0.31332511852306133 7.54489913399904e-17 1.130538221116069 0.027414176650309888 "" "" 0.2514676442310623 1.8639595510503386e-17 0.0826089043166198 "" 50.48 39.0 -18.78 1.536
17949 NONE all hsiao_x1 20 84 t0,amplitude,x1 2454364.870459813 0.26296 "" 9.372252833063159e-08 0.004542223101561452 0.02816423229056814 0.8162990544181754 "" "" 4.246484188183321e-05 0.08475620098712239 "" 1013.88 101.0 -5.65 1.043
17949 NONE blue hsiao_x1 8 34 amplitude,x1 2454364.870459813 0.26296 "" -8.243496672830866e-06 -0.022409839535631165 0.02816423229056814 "" "" "" 4.144852780655685e-05 0.24655892165134322 "" 711.87 40.0 -15.37 1.088
17949 NONE red hsiao_x1 8 34 amplitude,x1 2454364.870459813 0.26296 "" 4.0988438552471215e-05 -0.08293279384119372 0.02816423229056814 "" "" "" 2.052721705312896e-05 0.2508499988224333 "" 49.74 40.0 -18.85 1.203
17949 NONE all sn91bg 20 84 t0,amplitude,x1,c 2454364.9566956647 0.26296 0.012051136995692246 8.349586670248398e-17 1.0799146372581303 0.02816423229056814 0.4395314306295606 "" 0.0112360968633359 8.862571887590926e-18 0.07552090693098938 "" 131.97 100.0 -18.87 1.58
17949 NONE blue sn91bg 8 34 amplitude,x1,c 2454364.9566956647 0.26296 0.026740107087539666 9.120294815322167e-17 1.1448726517936212 0.02816423229056814 "" "" 0.024145083831721006 9.259268704846573e-18 0.0664177844886496 "" 49.77 39.0 -18.99 1.525
17949 NONE red sn91bg 8 34 amplitude,x1,c 2454364.9566956647 0.26296 0.5585483060769536 9.773332262720031e-17 1.0715892691579474 0.02816423229056814 "" "" 0.2854186105063296 2.726383618572192e-17 0.10896856453213184 "" 36.59 39.0 -17.98 1.588
17952 NONE all hsiao_x1 20 84 t0,amplitude,x1 2454369.4885640726 0.348304 "" -9.377436379950126e-06 0.05480900335717482 0.0291699521146264 2.0181098329247376 "" "" 4.1061727192486015e-05 0.14717201548042505 "" 972.16 101.0 -16.35 0.965
17952 NONE blue hsiao_x1 8 34 amplitude,x1 2454369.4885640726 0.348304 "" -4.1308580713956155e-05 0.15386407609485794 0.0291699521146264 "" "" "" 1.3345125402815462e-06 0.0927040742641501 "" 20.82 40.0 -19.57 0.833
17952 NONE red hsiao_x1 8 34 amplitude,x1 2454369.4885640726 0.348304 "" -4.345419103796394e-05 0.025972661401624565 0.0291699521146264 "" "" "" 2.0427565174098236e-06 0.10218311119019877 "" 67.52 40.0 -19.68 1.008
17952 NONE all sn91bg 20 84 t0,amplitude,x1,c 2454365.038696729 0.348304 0.550014421459069 5.746219565164378e-16 1.000003165283486 0.0291699521146264 0.0020672023085129684 "" 6.343574219195941e-05 5.105302023692014e-18 6.92064446232542e-05 "" 5859.44 100.0 -20.56 1.661
17952 NONE blue sn91bg 8 34 amplitude,x1,c 2454365.038696729 0.348304 0.018884182251494918 8.069368780209377e-17 1.2173373188715706 0.0291699521146264 "" "" 0.018632414493180767 4.460663570562262e-18 0.029131832087283017 "" 125.73 39.0 -19.64 1.468
17952 NONE red sn91bg 8 34 amplitude,x1,c 2454365.038696729 0.348304 0.25683125809416846 6.855161926312486e-17 1.1628887146932474 0.0291699521146264 "" "" 0.21655840863750547 1.6041905200653954e-17 0.07531551424650473 "" 86.43 39.0 -18.95 1.51
17955 NONE all hsiao_x1 75 10 t0,amplitude,x1 2454422.2401666273 0.48157 "" 8.903250923613523e-09 1.2316311759359336e-05 0.04975050326228735 0.00146812778948755 "" "" 5.401930699141518e-11 0.00011672166413684026 "" 147.65 37.0 -2.07 1.05
17955 NONE blue hsiao_x1 45 6 amplitude,x1 2454422.2401666273 0.48157 "" -3.8509142509320046e-07 0.10353030065363068 0.04975050326228735 "" "" "" 1.0964766850751767e-05 0.27203920331039483 "" 93.95 22.0 -10.26 0.897
17955 NONE red hsiao_x1 15 2 amplitude,x1 2454422.2401666273 0.48157 "" -1.2677552493507434e-06 -0.12323971564465283 0.04975050326228735 "" "" "" 4.064824935658671e-05 0.284518902110778 "" 50.84 6.0 -12.84 1.288
17955 NONE all sn91bg 85 0 t0,amplitude,x1,c 2454427.261203225 0.48157 0.5500415224956199 2.18193264236625e-15 1.0000060831797573 0.04975050326228735 0.0018910919821915843 "" 9.09621866573873e-05 1.9919518511077968e-17 6.424799176730783e-05 "" 29517.36 36.0 -22.84 1.661
17955 NONE blue sn91bg 51 0 amplitude,x1,c 2454427.261203225 0.48157 0.7397568534132851 -5.172979155146537e-17 0.7844235525155981 0.04975050326228735 "" "" 0.23438409371636165 4.11739976635215e-17 0.1429698554577869 "" 91.13 21.0 -6.5 nan
17955 NONE red sn91bg 17 0 amplitude,x1,c 2454427.261203225 0.48157 0.6021388556571909 2.82539579244414e-16 0.7772076328948917 0.04975050326228735 "" "" 0.2614797976260381 9.603591563352656e-17 0.11391751889119785 "" 27.85 5.0 -20.35 1.982
17957 NONE all hsiao_x1 15 88 t0,amplitude,x1 2454360.521950868 0.369678 "" 1.0742249653438519e-07 -0.042691211518448374 0.027564688256153307 1.4277715618626923 "" "" 3.490411316859431e-05 0.09285543852356991 "" 482.36 100.0 -6.8 1.125
17957 NONE blue hsiao_x1 6 35 amplitude,x1 2454360.521950868 0.369678 "" -7.214841008901205e-06 -0.004218063884402033 0.027564688256153307 "" "" "" 3.451784897546565e-05 0.10592913194857337 "" 305.13 39.0 -15.94 1.057
17957 NONE red hsiao_x1 3 18 amplitude,x1 2454360.521950868 0.369678 "" 2.445442370873906e-05 0.07654192231464059 0.027564688256153307 "" "" "" 3.0295687042424417e-05 0.262279813531141 "" 28.07 19.0 -18.59 0.934
17957 NONE all sn91bg 15 88 t0,amplitude,x1,c 2454361.527821043 0.369678 0.02783080892054626 5.060190073961216e-17 1.1300174452657332 0.027564688256153307 1.5897676261117903 "" 0.030990701789941465 5.5086060306534564e-18 0.08201803455259961 "" 142.15 99.0 -19.2 1.537
17957 NONE blue sn91bg 6 35 amplitude,x1,c 2454361.527821043 0.369678 0.04605339089979937 6.519554900853062e-17 1.1459882234606067 0.027564688256153307 "" "" 0.03964511202963092 7.750101529084386e-18 0.08872326421701997 "" 54.58 38.0 -19.45 1.524
17957 NONE red sn91bg 3 18 amplitude,x1,c 2454361.527821043 0.369678 0.532901215773146 6.613616994623517e-17 0.9443047283194071 0.027564688256153307 "" "" 0.2965088646391275 2.657087737967495e-17 0.17195036122332766 "" 23.96 18.0 -18.35 1.728
17958 NONE all hsiao_x1 15 84 t0,amplitude,x1 2454366.484797653 0.274897 "" -9.974528477326307e-06 0.11994222169547451 0.03296464003002296 0.7647851108604419 "" "" 4.7969539813141155e-05 0.0637871912231176 "" 1486.77 96.0 -15.89 0.875
17958 NONE blue hsiao_x1 6 34 amplitude,x1 2454366.484797653 0.274897 "" -3.9546125338038475e-05 0.10189532384343088 0.03296464003002296 "" "" "" 3.079335006311066e-05 0.08752746825331949 "" 222.36 38.0 -18.88 0.899
17958 NONE red hsiao_x1 6 34 amplitude,x1 2454366.484797653 0.274897 "" -2.85140083037285e-05 0.10545632105680527 0.03296464003002296 "" "" "" 3.715179940266842e-05 0.11427409527812292 "" 138.43 38.0 -18.17 0.894
