results/collective_fits/with_ext/sdss_sako18_mcmc_fit_fits.ecsv
# %ECSV 0.9
# ---
# datatype:
# - {name: obj_id, datatype: string}
# - {name: message, datatype: string}
# - {name: band, datatype: string}
# - {name: source, datatype: string}
# - {name: pre_max, datatype: int64}
# - {name: post_max, datatype: int64}
# - {name: vparams, datatype: string}
# - {name: x1, datatype: float64}
# - {name: c, datatype: float64}
# - {name: mwebv, datatype: float64}
# - {name: z, datatype: float64}
# - {name: amplitude, datatype: float64}
# - {name: t0, datatype: float64}
# - {name: x1_err, datatype: float64}
# - {name: c_err, datatype: float64}
# - {name: mwebv_err, datatype: float64}
# - {name: z_err, datatype: float64}
# - {name: amplitude_err, datatype: float64}
# - {name: t0_err, datatype: float64}
# - {name: chisq, datatype: float64}
# - {name: ndof, datatype: float64}
# - {name: b_max, datatype: float64}
# - {name: delta_15, datatype: float64}
# meta: !!omap
# - band_names: !!python/tuple [sdss_sako18_u1, sdss_sako18_u2, sdss_sako18_u3, sdss_sako18_u4, sdss_sako18_u5, sdss_sako18_u6, sdss_sako18_g1,
#     sdss_sako18_g2, sdss_sako18_g3, sdss_sako18_g4, sdss_sako18_g5, sdss_sako18_g6, sdss_sako18_r1, sdss_sako18_r2, sdss_sako18_r3,
#     sdss_sako18_r4, sdss_sako18_r5, sdss_sako18_r6, sdss_sako18_i1, sdss_sako18_i2, sdss_sako18_i3, sdss_sako18_i4, sdss_sako18_i5,
#     sdss_sako18_i6, sdss_sako18_z1, sdss_sako18_z2, sdss_sako18_z3, sdss_sako18_z4, sdss_sako18_z5, sdss_sako18_z6]
# - lambda_eff: !!python/tuple [3551, 3551, 3551, 3551, 3551, 3551, 4686, 4686, 4686, 4686, 4686, 4686, 6166, 6166, 6166, 6166, 6166,
#     6166, 7480, 7480, 7480, 7480, 7480, 7480, 8932, 8932, 8932, 8932, 8932, 8932]
# - {fit_func: mcmc_fit}
# - {out_path: /global/u1/d/djp81/Photometric-Classification/results/collective_fits/with_ext/sdss_sako18_mcmc_fit_fits.ecsv}
# schema: astropy-2.0
obj_id message band source pre_max post_max vparams x1 c mwebv z amplitude t0 x1_err c_err mwebv_err z_err amplitude_err t0_err chisq ndof b_max delta_15
[from data line 3656]
13495 NONE blue hsiao_x1 57 21 amplitude,x1 0.24637919716147727 "" 0.07665109865815464 0.22500191060071711 -3.782191131042742e-06 2454051.9261808326 0.1977768718641393 "" "" "" 1.8862764298701483e-05 "" 180.97 43.0 -13.29 0.731
13495 NONE red hsiao_x1 38 14 amplitude,x1 0.37368948538515406 "" 0.07665109865815464 0.22500191060071711 5.553646863102859e-06 2454051.9261808326 0.12122385862963171 "" "" "" 2.6766316343257573e-05 "" 91.76 28.0 -14.12 0.616
13495 NONE all sn91bg 95 35 z,t0,amplitude,x1,c 1.0000024192458759 0.5500235855195915 0.07665109865815464 0.22499351723261587 3.945378092736834e-16 2454051.9258488826 6.47706740898878e-05 8.509922832590738e-05 "" 5.686828365344361e-05 5.0714865744522315e-18 0.0021248935606502928 5788.23 70.0 -19.06 1.661
13495 NONE blue sn91bg 57 21 amplitude,x1,c 0.95721785740949 0.17273324083146657 0.07665109865815464 0.22499351723261587 3.3744044608881087e-17 2454051.9258488826 0.19966869187063208 0.1674060832298089 "" "" 1.466812301001487e-17 "" 151.75 42.0 -17.1 1.712
13495 NONE red sn91bg 38 14 amplitude,x1,c 1.1347451218691846 0.5160038218776587 0.07665109865815464 0.22499351723261587 2.322428138154635e-17 2454051.9258488826 0.10772242045385454 0.29227145713635255 "" "" 6.835558699734832e-18 "" 75.0 27.0 -16.15 1.533
13496 NONE all hsiao_x1 13 101 z,t0,amplitude,x1 4.621412408486271e-05 "" 0.024260531162527882 0.2249945147824084 1.6799683814429448e-09 2453994.8953511356 6.586771158405254e-05 "" "" 2.550711572798245e-05 1.694406971357335e-11 0.0018187086311381715 980.9 110.0 3.47 1.05
13496 NONE blue hsiao_x1 8 60 amplitude,x1 0.4445139172525035 "" 0.024260531162527882 0.2249945147824084 -6.791127187110939e-06 2453994.8953511356 0.051229531591246893 "" "" "" 3.328048604722343e-05 "" 595.47 66.0 -14.56 0.562
13496 NONE red hsiao_x1 5 41 amplitude,x1 0.32414427958381486 "" 0.024260531162527882 0.2249945147824084 8.684497969831242e-06 2453994.8953511356 0.28713087834465084 "" "" "" 4.1795911832994685e-05 "" 328.68 44.0 -15.1 0.657
13496 NONE all sn91bg 20 94 z,t0,amplitude,x1,c 0.9999907972448385 0.5499994473298594 0.024260531162527882 0.22499972799579032 3.033558798902326e-16 2453997.9006484468 7.003148925735174e-05 0.00010162013966328367 "" 3.9697854435130744e-05 3.7559757205955e-18 0.0015105853985619396 2816.58 109.0 -18.78 1.661
13496 NONE blue sn91bg 12 56 amplitude,x1,c 1.214231460686479 0.02068770183557231 0.024260531162527882 0.22499972799579032 5.354961278922989e-17 2453997.9006484468 0.03593455378575082 0.019358362464476885 "" "" 3.556772374862475e-18 "" 209.17 65.0 -18.1 1.471
13496 NONE red sn91bg 8 38 amplitude,x1,c 1.2099799594565386 0.330981883597743 0.024260531162527882 0.22499972799579032 5.3595665532815695e-17 2453997.9006484468 0.03536892031374116 0.2484377648327891 "" "" 1.0577717495420143e-17 "" 142.98 43.0 -17.5 1.474
13497 NONE all hsiao_x1 35 180 t0,amplitude,x1 0.12536403447154024 "" 0.022624033931254568 0.394441 -6.1994654992014625e-06 2454000.920039744 0.16329171681760496 "" "" "" 2.871543586367406e-05 1.8477708957546248 779.38 212.0 -15.77 0.868
13497 NONE blue hsiao_x1 21 108 amplitude,x1 0.05610945654903595 "" 0.022624033931254568 0.394441 -2.9859650309720594e-05 2454000.920039744 0.09737594716376381 "" "" "" 7.659525397848843e-07 "" 127.48 127.0 -19.19 0.963
13497 NONE red hsiao_x1 7 36 amplitude,x1 -0.0840332795211989 "" 0.022624033931254568 0.394441 8.8117852609747e-07 2454000.920039744 0.2873204892458205 "" "" "" 1.7620448631964068e-05 "" 46.42 41.0 -11.54 1.205
13497 NONE all sn91bg 35 180 t0,amplitude,x1,c 1.1840556511209812 0.015541344648841333 0.022624033931254568 0.394441 3.8221531127579194e-17 2454001.651063621 0.049983071797244275 0.016062422246960913 "" "" 2.67814981785456e-18 0.6918168229734605 236.09 206.0 -19.12 1.493
13497 NONE blue sn91bg 21 108 amplitude,x1,c 1.19335374196563 0.02235139392122084 0.022624033931254568 0.394441 4.037207580272076e-17 2454001.651063621 0.045171454026275204 0.020280118840927487 "" "" 2.7406443570364597e-18 "" 131.46 123.0 -19.18 1.486
13497 NONE red sn91bg 7 36 amplitude,x1,c 0.9147811708190576 0.5467563119997184 0.022624033931254568 0.394441 1.6559244082436397e-17 2454001.651063621 0.16915499246220606 0.303017742983055 "" "" 1.3708340199051576e-17 "" 44.43 39.0 -16.96 1.766
13498 NONE all hsiao_x1 15 105 z,t0,amplitude,x1 0.35771717943373776 "" 0.019476198039680277 0.31402545752304517 2.8872753058935703e-05 2454001.4867570354 0.23692085883515734 "" "" 0.0665208764141731 1.0545108829992701e-05 5.482592264481187 265.25 111.0 -18.53 0.629
13498 NONE blue hsiao_x1 6 42 amplitude,x1 0.4719458918930944 "" 0.019476198039680277 0.31402545752304517 3.1472631113014455e-05 2454001.4867570354 0.027359959355132874 "" "" "" 8.059836309326698e-07 "" 106.19 44.0 -18.72 0.543
13498 NONE red hsiao_x1 6 42 amplitude,x1 0.4605011782074713 "" 0.019476198039680277 0.31402545752304517 3.8346338802611564e-05 2454001.4867570354 0.0367814085177607 "" "" "" 1.250000231434422e-06 "" 63.27 44.0 -19.15 0.551
13498 NONE all sn91bg 15 105 z,t0,amplitude,x1,c 1.2292959880361678 0.06508309460673575 0.019476198039680277 0.11810662326266215 4.3771377058356875e-17 2453999.7615258954 0.02070538282371327 0.04872378974752373 "" 0.0269018079740797 2.9249993225738588e-18 0.9039794213001962 281.3 110.0 -16.27 1.46
13498 NONE blue sn91bg 6 42 amplitude,x1,c 1.1118806309412073 0.5398340579184797 0.019476198039680277 0.11810662326266215 1.7307093768034164e-16 2453999.7615258954 0.12839769487825994 0.2707950665543352 "" "" 9.793775532368297e-17 "" 56.47 43.0 -16.73 1.552
13498 NONE red sn91bg 9 63 amplitude,x1,c 1.2304017950195498 0.44007214749547063 0.019476198039680277 0.11810662326266215 5.590788782028178e-17 2453999.7615258954 0.016864697822426156 0.24927556940594117 "" "" 1.0772149432501249e-17 "" 227.95 66.0 -15.81 1.459
13500 NONE all hsiao_x1 15 105 t0,amplitude,x1 0.46278860229813634 "" 0.024496281883265462 0.175956 6.728954406448375e-06 2453998.0051598875 0.04077173627546061 "" "" "" 3.26787531298755e-05 1.4681073201923436 660.46 112.0 -13.94 0.549
13500 NONE blue hsiao_x1 9 63 amplitude,x1 0.445560785179837 "" 0.024496281883265462 0.175956 3.2048662493474835e-05 2453998.0051598875 0.05106153689804959 "" "" "" 8.611467654829846e-07 "" 93.51 67.0 -17.33 0.561
13500 NONE red hsiao_x1 6 42 amplitude,x1 0.44292659336902507 "" 0.024496281883265462 0.175956 4.173446252082682e-05 2453998.0051598875 0.057992751245399356 "" "" "" 1.642191607337042e-06 "" 59.99 44.0 -17.91 0.563
13500 NONE all sn91bg 15 105 t0,amplitude,x1,c 1.213511953363597 0.022664558522825957 0.024496281883265462 0.175956 4.0997220923439394e-17 2454000.6888376013 0.04146720584574445 0.02254832831887901 "" "" 2.7812360275391127e-18 0.932285497889579 242.0 111.0 -17.21 1.471
13500 NONE blue sn91bg 9 63 amplitude,x1,c 1.2087868942999307 0.018298872487990885 0.024496281883265462 0.175956 4.3829948359716354e-17 2454000.6888376013 0.038776497266891315 0.017263736265908335 "" "" 3.322915284589638e-18 "" 150.36 66.0 -17.28 1.475
13500 NONE red sn91bg 6 42 amplitude,x1,c 1.1936111496781256 0.4870723730172236 0.024496281883265462 0.175956 5.111637283822842e-17 2454000.6888376013 0.051412222708163424 0.28686440657370327 "" "" 1.056196637807916e-17 "" 89.92 43.0 -16.52 1.486
13501 NONE all hsiao_x1 90 30 t0,amplitude,x1 -1.2295332286369766e-05 "" 0.02843049081569639 0.095264 2.004287474622562e-08 2454055.4376816233 8.366881814841195e-05 "" "" "" 2.2231716980587627e-10 0.0020957674811276678 606.02 57.0 0.13 1.05
13501 NONE blue hsiao_x1 36 12 amplitude,x1 0.40299693751783977 "" 0.02843049081569639 0.095264 -8.093357764596914e-08 2454055.4376816233 0.09618134828682323 "" "" "" 2.3715472330896996e-05 "" 84.75 22.0 -2.9 0.592
13501 NONE red hsiao_x1 54 18 amplitude,x1 0.47988657138401414 "" 0.02843049081569639 0.095264 -3.004140602734959e-08 2454055.4376816233 0.019874486493761393 "" "" "" 4.14993307704702e-05 "" 521.26 34.0 -0.75 0.538
13501 NONE all sn91bg 80 40 t0,amplitude,x1,c 1.0000178208996897 0.5499705466909949 0.02843049081569639 0.095264 4.806978407691298e-16 2454049.393014816 3.88570320744563e-05 5.358187153498705e-05 "" "" 4.0287723219682686e-18 0.0021487442682924236 7569.45 66.0 -17.23 1.661
13501 NONE blue sn91bg 32 16 amplitude,x1,c 1.1772419774776042 0.6445545196169785 0.02843049081569639 0.095264 1.5146948547464673e-16 2454049.393014816 0.07153901406892843 0.26930661202008743 "" "" 6.949890098187945e-17 "" 71.23 25.0 -15.95 1.499
13501 NONE red sn91bg 48 24 amplitude,x1,c 1.2353061853240423 0.6882239316062273 0.02843049081569639 0.095264 7.48020274809897e-17 2454049.393014816 0.014815104296809907 0.2342824590143727 "" "" 1.2159490239761687e-17 "" 358.16 39.0 -15.14 1.456
13502 NONE all hsiao_x1 5 149 z,t0,amplitude,x1 -0.059093092262804535 "" 0.02933556067652957 0.19259804171197706 -1.2537635837278078e-05 2453978.0467320136 0.3813655608141799 "" "" 0.13772438851084096 2.59009848679084e-05 6.603092049433988 922.06 150.0 -15.51 1.156
13502 NONE blue hsiao_x1 3 84 amplitude,x1 0.4293098709169557 "" 0.02933556067652957 0.19259804171197706 -3.918549948338838e-05 2453978.0467320136 0.0525775300051061 "" "" "" 1.0779276868696e-06 "" 100.77 85.0 -17.99 0.573
13502 NONE red hsiao_x1 2 65 amplitude,x1 0.394958972630354 "" 0.02933556067652957 0.19259804171197706 -5.122834920026177e-05 2453978.0467320136 0.08780806558024888 "" "" "" 1.69901428150039e-06 "" 148.31 65.0 -18.57 0.599
13502 NONE all sn91bg 5 149 z,t0,amplitude,x1,c 1.2100317946111088 0.10574306520879406 0.02933556067652957 0.13715197445343513 7.825240505594632e-17 2453979.6073449547 0.04876790912652285 0.13367215407014937 "" 0.09338133636098504 1.7321082368926662e-17 1.123320214002196 337.31 149.0 -17.17 1.474
13502 NONE blue sn91bg 2 54 amplitude,x1,c 1.1601367278048735 0.5582873120940446 0.02933556067652957 0.13715197445343513 2.970398138520977e-16 2453979.6073449547 0.08407892655848467 0.2687700466590066 "" "" 1.5630532288273031e-16 "" 85.52 53.0 -17.68 1.513
13502 NONE red sn91bg 2 65 amplitude,x1,c 1.2091648181963954 0.7451834456525274 0.02933556067652957 0.13715197445343513 1.059792320882262e-16 2453979.6073449547 0.03718428771884377 0.22127276494858372 "" "" 1.5764192268105542e-17 "" 204.02 64.0 -16.22 1.474
13506 NONE all hsiao_x1 20 94 t0,amplitude,x1 0.13159504835201716 "" 0.02726009529350318 0.243405 -3.797296817841021e-05 2454001.6297297426 0.16954213200257784 "" "" "" 1.3008753294211857e-05 4.5397061104626175 238.97 106.0 -18.49 0.861
13506 NONE blue hsiao_x1 12 56 amplitude,x1 -0.0004405577435256255 "" 0.02726009529350318 0.243405 -4.276836672975336e-05 2454001.6297297426 0.07502403495569038 "" "" "" 9.504448487032617e-07 "" 90.32 63.0 -18.75 1.051
13506 NONE red hsiao_x1 8 38 amplitude,x1 0.17528273398213112 "" 0.02726009529350318 0.243405 -4.749173269927733e-05 2454001.6297297426 0.17337445936754514 "" "" "" 1.806993990222423e-06 "" 59.36 42.0 -18.98 0.808
13506 NONE all sn91bg 20 94 t0,amplitude,x1,c 1.2196244709082567 0.007391796862590711 0.02726009529350318 0.243405 6.852238377216155e-17 2454000.9001034563 0.027128173338754245 0.007475640130498211 "" "" 3.035265163077184e-18 0.529372516448213 231.47 105.0 -18.58 1.467
13506 NONE blue sn91bg 12 56 amplitude,x1,c 1.2029234703765963 0.012524491431030483 0.02726009529350318 0.243405 8.437823905257218e-17 2454000.9001034563 0.040034713426672044 0.012700047588232231 "" "" 5.26748186521696e-18 "" 105.95 62.0 -18.79 1.479
13506 NONE red sn91bg 8 38 amplitude,x1,c 1.2074887896062128 0.2928931885052278 0.02726009529350318 0.243405 6.826103428706582e-17 2454000.9001034563 0.036600923276448205 0.2640994351388921 "" "" 1.3815228204954701e-17 "" 73.22 41.0 -18.02 1.476
13507 NONE all hsiao_x1 10 104 z,t0,amplitude,x1 0.08268242068522354 "" 0.024787469879903542 0.326679199248668 -1.6698446176944588e-05 2453993.247531345 0.2400358139581315 "" "" 0.09204896558059754 2.0930373591629398e-05 2.713902361540448 300.65 110.0 -17.44 0.925
13507 NONE blue hsiao_x1 4 42 amplitude,x1 -0.08743537747214439 "" 0.024787469879903542 0.326679199248668 -3.376789155984623e-05 2453993.247531345 0.09893073712976411 "" "" "" 1.4410280754502763e-06 "" 27.23 44.0 -18.97 1.212
13507 NONE red hsiao_x1 4 42 amplitude,x1 0.2644399464512777 "" 0.024787469879903542 0.326679199248668 -3.294628531803919e-05 2453993.247531345 0.13105306350502963 "" "" "" 1.7799063560131e-06 "" 41.46 44.0 -18.92 0.713
13507 NONE all sn91bg 10 104 z,t0,amplitude,x1,c 1.1203802256489992 0.13160018173892074 0.024787469879903542 0.12755334754746653 4.574874784056325e-17 2453994.881393935 0.10412029072564857 0.11273356314299453 "" 0.06231612541884309 7.488922235281118e-18 1.4697101058061015 117.02 109.0 -16.29 1.545
13507 NONE blue sn91bg 4 41 amplitude,x1,c 1.0388573935367988 0.5667020458818891 0.024787469879903542 0.12755334754746653 1.414011436265071e-16 2453994.881393935 0.15601446725147983 0.27092987147304776 "" "" 7.409482888721615e-17 "" 51.71 42.0 -16.59 1.62
13507 NONE red sn91bg 6 63 amplitude,x1,c 1.113791045245275 0.20978837137244022 0.024787469879903542 0.12755334754746653 4.80370723158319e-17 2453994.881393935 0.09296832024255113 0.17645054725373935 "" "" 8.579557903022453e-18 "" 67.67 66.0 -16.17 1.55
13509 NONE all hsiao_x1 5 115 t0,amplitude,x1 -0.4749635708880899 "" 0.023906007180494467 0.216345 7.473501887048812e-06 2453991.8298477326 0.029137014881496393 "" "" "" 3.2988627171179455e-05 1.3631878410268736 280.97 117.0 -14.67 2.403
13509 NONE blue hsiao_x1 3 69 amplitude,x1 -0.4632457162026805 "" 0.023906007180494467 0.216345 2.648464266979589e-05 2453991.8298477326 0.03265607750749655 "" "" "" 1.9664604055598828e-05 "" 97.88 70.0 -17.42 2.362
13509 NONE red hsiao_x1 2 46 amplitude,x1 -0.4328664565036952 "" 0.023906007180494467 0.216345 1.961154838962029e-05 2453991.8298477326 0.07594960399310316 "" "" "" 2.6931862189659308e-05 "" 66.78 46.0 -16.77 2.251
13509 NONE all sn91bg 5 115 t0,amplitude,x1,c 0.6858615508583495 0.06879367800985224 0.023906007180494467 0.216345 4.737602667522832e-17 2453993.958045096 0.034009855927828084 0.09843633280468207 "" "" 6.561083547622495e-18 1.066436727689343 150.29 116.0 -17.35 2.172
13509 NONE blue sn91bg 3 69 amplitude,x1,c 0.6966793809900157 0.050400305213479456 0.023906007180494467 0.216345 5.390007525418732e-17 2453993.958045096 0.04825922538254793 0.042361282529029876 "" "" 6.725886034552173e-18 "" 97.61 69.0 -17.53 2.147
13509 NONE red sn91bg 2 46 amplitude,x1,c 0.7132013718554057 0.5377875278099705 0.023906007180494467 0.216345 5.0359101258835934e-17 2453993.958045096 0.06989653525922442 0.27671741810510486 "" "" 1.3763363909846122e-17 "" 47.77 45.0 -16.51 2.11
1351 NONE all hsiao_x1 0 90 t0,amplitude,x1 -0.20497685726398968 "" 0.02563332076537454 0.174548 -7.125254683918491e-05 2453613.868352211 0.15958533757519636 "" "" "" 1.871454221463405e-05 3.0762405446625016 92.3 87.0 -19.05 1.488
1351 NONE blue hsiao_x1 0 54 amplitude,x1 -0.31216033940289317 "" 0.02563332076537454 0.174548 -7.839814138792038e-05 2453613.868352211 0.08907460789402946 "" "" "" 5.870558279134866e-06 "" 59.72 52.0 -19.26 1.814
1351 NONE red hsiao_x1 0 36 amplitude,x1 -0.10345877114745317 "" 0.02563332076537454 0.174548 -7.243577407427434e-05 2453613.868352211 0.1340576806080206 "" "" "" 4.409205372946003e-06 "" 28.79 34.0 -19.09 1.245
1351 NONE all sn91bg 0 90 t0,amplitude,x1,c 1.174023117416178 0.020154765495046384 0.02563332076537454 0.174548 1.016562050371597e-16 2453621.2226843066 0.08281071256531439 0.021873835913813974 "" "" 1.039218343756352e-17 1.3033602205235224 127.7 86.0 -18.14 1.501
1351 NONE blue sn91bg 0 54 amplitude,x1,c 1.134418106605396 0.03697816154597408 0.02563332076537454 0.174548 1.2728624096021654e-16 2453621.2226843066 0.07367403414214248 0.031013125860567498 "" "" 1.2522626706230144e-17 "" 61.06 51.0 -18.33 1.533
