results/collective_fits/with_ext/sdss_sako18_simple_fit_class.ecsv
# %ECSV 0.9
# ---
# datatype:
# - {name: obj_id, datatype: string}
# - {name: x, datatype: float64}
# - {name: y, datatype: float64}
# schema: astropy-2.0
obj_id x y
[from data line 4591]
4651 0.9000504032258065 -0.3129210220673635
4652 -4.515710784313726 -1.9952777777777775
4655 -1.1499726775956287 -1.0587854251012148
4662 -0.050833333333333286 -0.1885239361702128
4664 -1.1710039893617021 -2.659569892473118
4669 0.29373717948717926 0.13326282051282057
4676 -5.6580199430199425 -0.4507310924369752
4679 0.05348348348348342 -0.06379129129129135
4682 0.037456284153005615 -0.029590643274853723
4686 -1.4204550691244242 -1.1450154798761611
4689 -1.3330952380952379 -0.682857142857143
4690 0.5723841807909604 -0.6871282051282053
4695 -1.3529852216748768 -0.27076023391812853
4704 -0.1934440227703984 -1.6883111954459205
4706 -18.181357843137256 0.0018333333333333535
4714 -0.079010871675403 -0.08134469696969693
4737 -1.0247896174863387 -0.058888888888888935
4741 -0.254375 -0.40962997224791886
4757 -0.3653196347031964 -0.0984387351778655
4768 -2.4365065666041277 -1.4036532738095238
4772 -2.3516898148148146 -0.7271768707482993
4776 -13.285857142857143 -2.6457692307692304
4779 -0.549630973986691 -0.046797385620915066
4801 -6.036630769230769 -1.840039682539682
4803 -0.1354492753623191 -0.059670329670330036
4808 0.10706779661016941 -0.23684745762711867
4814 -7.243124999999999 -1.061375
4816 -1.0536610418195158 -0.30891397849462365
4853 -2.3991774383078734 -0.7708333333333331
4854 -1.1674340770791076 -1.9366993464052285
4857 -0.536830357142857 -0.02134210526315794
4864 -0.25668831168831163 -1.1141125541125538
4866 -4.686315789473683 -0.23305555555555557
4876 -3.5251333333333332 -0.55585
4879 -17.48111111111111 -20.902
4880 -42.3308682983683 -98.83990196078432
4888 -1.9598192517864645 -1.70075
4891 0.7249820788530468 -0.9395000000000002
4896 -1.1861455108359134 -1.363980392156863
4906 0.07108333333333317 -0.2947916666666667
4907 -0.5528733031674207 -0.8350065359477125
4912 -0.15776168531928902 0.2717708333333333
4914 -0.27528985507246384 0.1755072463768117
4915 -9.59243933588761 1.1017763157894733
4924 -3.1408823529411767 -0.5559932659932658
4925 -2.726190476190476 -0.9742424242424244
4928 -0.3692613636363635 0.03255302120848347
4930 -0.693947368421052 -0.4133760683760681
4942 -4.230018148820327 0.12349999999999994
4950 -3.895632183908047 1.7581578947368421
4952 -1.5193533697632058 -0.2232857142857143
4953 0.10676761026991421 -0.38968749999999996
4955 -5.279166666666667 -0.2785330948121645
4959 -1.9932882882882885 -0.30644888082274646
4963 -1.9713505747126436 -0.15566666666666673
4966 -1.212472222222222 0.12729824561403502
4968 -3.545472222222222 -1.4252006688963212
4969 -0.2306236559139787 -0.20616091954022986
4978 -0.6161675579322639 -0.07433155080213905
4986 -3.4937854251012137 0.5610931174089069
4992 -1.4058217738545613 -2.3299166666666666
5001 -0.38407735321528436 0.13912280701754387
5019 -0.2707199754901961 -0.2527064765300058
5021 -0.08694838343732281 0.10659090909090918
5029 -1.3619293712316969 -0.11511904761904768
5031 -0.7482219061166431 -0.15817301875378087
5036 4.279748837209302 -2.1409757575757578
5039 -2.9240849673202614 -14.746399999999998
5040 -0.38947463768115953 -0.21198198198198215
5050 -1.51109243697479 -0.28893939393939405
5052 7.022375 0.4042380952380952
5058 -2.124772876892693 -0.8028124999999999
5061 -0.49795127353266855 -0.8400248015873018
5072 -0.6886801176965114 -0.53725
5093 -36.75277777777778 9.783257142857142
5103 -11.396466836734694 -1.225967741935484
5104 -1.2896598639455783 -0.07316532258064523
5116 -0.02109062980030718 -0.2583507549361208
5126 -4.141320346320345 -0.39245989304812845
5134 -3.247382645803698 -0.795160314579552
5141 -1.18186630369026 -0.13735294117647046
5142 -0.4314488636363636 0.2072727272727274
5172 -1.1258823529411766 -0.25346825396825423
5183 -0.5386559139784945 -0.12407894736842107
5197 -0.058038461538461594 -0.09241025641025635
5199 -1.3904083333333335 -0.5963004032258066
5212 -2.2427786885245893 0.35258333333333336
5230 -0.040166666666666684 -0.058222829801777176
5233 -2.152858823529412 -0.24116755793226385
5235 -0.4720204081632653 -0.11535714285714294
5236 -7.0181578947368415 -1.4645526315789472
5247 -0.6874420677361854 -0.21150000000000002
5254 -2.2414855072463773 -0.85265015015015
5258 -0.9852062588904698 -0.30677858439201455
5267 -0.4641279069767441 -0.945713530655391
5270 -5.7156746031746035 -0.8525264550264551
5279 -0.7239205397301349 -1.0821111111111112
5285 -2.5019285714285715 -1.1028888888888886
5292 -0.14207152496626185 -0.08699726775956285
5303 -1.5980434782608692 -0.2163333333333335
5311 0.08174358974358975 -0.47385964912280687
5314 -8.707962962962966 0.9674305555555558
5316 -4.200371647509579 -1.1355423728813556
5320 -2.0632505175983438 -0.9414756258234519
5323 -3.2117878787878786 0.13966666666666683
5338 -0.14569264069264065 2.8310606060606034
5339 -0.7595289855072462 -0.6791847826086956
5340 -6.348352657004831 -1.718448275862066
5341 2.3051111111111133 -6.044273399014781
5345 670.6822156862745 -882.0614611005692
5350 -11.29083116883117 0.04966403162055344
5351 -1.0390479760119944 -4.057444444444445
5353 -0.07965240641711224 -0.6828619528619531
5354 -1.4231428571428575 -0.6214848484848485
5357 -2.6750664136622397 -0.8297407407407409
5358 -27.533988095238094 -1.381190476190476
5359 0.33161068044788977 -0.2898290598290598
5363 -0.7444708994708993 -0.03988095238095224
5374 -2.0533333333333332 -0.3221336996336994
5378 -13.724493589743592 -0.4646730769230769
5383 -2.019772727272727 -0.46507928118393227
5384 -1.3087575757575758 -0.11267575167640054
5389 -9.571123882503194 1.0502631578947368
5391 -0.5748383838383837 -0.05939898989898995
5392 -0.3205291005291002 -5.114629629629631
5395 -15.188563909774436 -40.0042656449553
5401 -7.46095238095238 -1.3399999999999999
5402 -2.624511278195488 -8.161142857142856
5403 -9.468578947368421 -9.515999999999998
5405 -58.80222222222223 -3.786013071895426
5407 -0.06529131355932205 -0.006952861952861933
5411 -1.3514187192118228 -0.7028265107212476
5439 -0.028209134615384546 -0.21233333333333326
5442 -3.8400000000000016 -9.513272727272728
5443 -4.711666666666666 -0.4688888888888887
5445 -70.85661375661378 -56.74023809523809
5449 -1.292620689655172 -0.6501690821256041
5451 -3.236839007986548 -2.432083333333334
5461 -1.2391549549549548 -0.8658119658119658
5468 -1.0940833333333333 -0.4435622710622711
5473 -1.4947586206896553 -0.1652873563218391
5486 -1.8448044217687076 -0.7546774193548387
5487 -0.28640120967741944 0.12802083333333347
5498 -0.9082536151279197 -0.12052777777777779
5524 0.07207671957671957 -0.14190476190476187
5533 -4.41620445648901 -1.9004472396925225
5536 -0.2776321839080461 -0.5678620689655172
5543 -0.28591428571428573 0.20257006559332136
5549 -220.71509259259258 -68.72552123552123
5550 -135.33137387387387 -26.328894927536233
5552 -8.705790816326532 -0.37652380952380926
5553 -19.71647058823529 -1.349155844155844
5571 -16.485555555555557 0.776388888888889
5577 -0.6178801169590642 -0.21822459893048118
5588 -0.8714541062801932 -0.23631868131868128
5590 -0.6792710223835451 -0.03888888888888897
5595 -0.0455069930069929 -0.024117647058823466
5597 0.1294240196078431 -0.7557459677419354
5607 -8.189694444444445 -1.1123076923076924
5610 -4.532159663865547 -1.8742521367521372
5635 -8.81422480620155 -1.5069885057471262
5641 -0.3860064935064935 0.23525252525252527
5659 -1.4883927454659163 -0.23249999999999993
5669 -3.3414838709677426 -1.4186805555555553
5673 -2.034655797101449 0.027909090909090883
5681 -3.238712998712999 -1.2479545454545453
5686 -3.501857142857143 -0.355142857142857
5689 1.3290833333333332 -0.27663076923076924
5690 -0.4168112244897957 0.013689516129032242
5691 0.27904356060606084 -0.02718750000000003
5702 -7.8871 -2.1378205128205128
5707 -1.3101190476190476 -0.413980343980344
5714 -7.448809523809523 -0.4204761904761902
5717 -12.540890894819468 -1.166510989010989
5723 -5.170098948670377 -1.4426225490196076
5725 -0.3291806020066894 -0.6059615384615384
5731 -0.38944168734491313 -0.036250000000000115
5735 -0.44293650793650774 -0.35111111111111115
5736 -6.791640502354788 -0.7618681318681317
5737 -1.2811180124223605 -0.17833333333333323
5747 -0.2929227053140099 0.265
5748 -1.833417338709678 -0.8343239795918367
5749 -1.175878787878788 -0.9919934640522877
5751 -13.934450354609929 -9.8052304964539
5776 -1.4418030303030303 -0.216413793103448
5781 -0.036666666666666625 -0.021777777777777896
5785 -0.3707763975155278 -0.4579259259259256
5786 -41.663444444444444 2.7649999999999997
5789 -30.63880555555555 0.19269230769230794
5792 -1.966738223017293 -0.32867132867132853
5802 -3.254 -0.7320867430441899
5804 -0.11455645161290329 -0.07020833333333332
5806 -6.958690476190475 -2.6469988925802888
5807 -0.5678183831672206 0.6882936507936508
5809 -3.568894736842104 -11.076833333333333
5810 1.8830000000000005 -4.571515957446808
5811 -1.1883887468030698 -6.810611111111111
5812 -0.07428571428571429 -0.7519696969696967
5814 -3.3573148148148135 -2.490026455026455
5815 -0.15013071895424823 -0.43595588235294125
5816 -21.79940476190476 -7.797474747474748
5819 -0.2521990740740758 -5.520074404761905
5821 -0.8806763285024154 0.0007142857142857229
5835 -3.135945945945946 -1.6845833333333338
5844 -2.309237012987013 -0.8003538961038961
5856 -25.474356725146198 -2.66859649122807
5858 -6.685206896551719 -6.783497584541063
5859 0.13197222222222227 0.265769230769231
5869 -1.4509951690821261 -0.03081609195402324
5872 -1.2340461538461533 -2.146410256410257
5873 -0.7114285714285713 -0.5068680555555558
5877 -0.8629166666666668 1.347777777777778
5879 -0.554553571428571 0.2594354838709676
5890 -8.469323979591836 -1.8363407258064517
5897 -1.0607593984962405 -0.028172932330827072
5909 -1.8670370370370368 -0.41513227513227513
5916 -21.63766488413547 -5.00034632034632
5917 -8.14809523809524 -1.5718831168831169
5920 -5.814188034188033 1.3495952380952385
5925 -1.238706636500754 -0.03229166666666661
5933 -6.387372549019608 -0.7395784313725489
5943 0.37431034482758596 -1.1415909090909095
5944 -244.84024673439768 -405.46393556157784
5957 -4.239955436720142 -0.7174866310160426
5959 -12.09116577540107 -1.8963888888888891
5963 -8.35554367201426 -2.435627705627706
5966 -0.5597491638795986 -0.30349498327759195
5976 -0.1217071881606765 -0.07626321353065535
5978 0.23326436781609194 -0.31945977011494264
5986 -3.680175438596507 2.3143653250773983
5988 -0.26936363636363647 -0.5861721611721613
5993 -1.0498588709677419 -0.16214285714285726
5994 -18.43568027210884 -5.501412037037037
5995 -4.202727272727272 -0.7484313725490199
5999 -5.129019423558898 -0.3183214793741107
6032 -2.09646934460888 -0.7147444595205792
6055 -0.620482941958352 0.2414406779661018
6057 -7.1376831896551725 -58.52373696145125
6065 -4.903128654970761 -1.4908771929824562
6075 -0.7705582631812138 -0.005122807017543973
6085 -0.6636671087533157 1.0898472222222222
6086 -8.522962962962962 6.653736434108527
6100 -1.6400574712643678 0.09277011494252885
6108 -4.610923913043479 -0.935978260869565
6115 -2.7424773139745895 -1.0531424148606812
6116 -10.041618357487922 -0.8367028985507261
6117 -0.9570572745227124 -1.5285416666666667
6120 -0.6701642512077294 -0.25570512820512814
6121 -0.28133597883597883 -0.8984656084656082
6127 -0.6338176638176645 -0.5255423280423281
6135 -2.4765151515151516 -1.8311904761904763
6136 -1.6433499999999996 -2.228653846153846
6137 -4.158494983277592 -0.604866220735786
6168 -1.7825636363636366 -0.764718250630782
6192 -3.075507246376812 -0.39018461538461535
6196 -1.9004985754985753 -0.6304232804232803
6197 -0.2911773940345369 -0.23183076923076917
6210 -0.2617433155080212 -0.2015608465608466
6213 -0.1584833333333333 1.7602773826458036
6216 -1.039286786786787 -0.007784615384615501
6225 -1.6607789855072461 -0.1828985507246378
6249 -3.8614673913043474 -0.7653985507246376
6260 -0.3980072463768116 -0.46918478260869545
6274 -0.9367198067632851 -0.3217471264367815
6275 -2.785 -0.5825047438330171
6282 -0.020370370370370372 0.013606271777003354
6288 -3.8390158730158728 -0.656340579710145
6289 -1.5857861635220125 0.5091975308641974
6291 -4.98530303030303 -3.3238095238095235
6295 0.7986181818181821 20.639472222222224
6300 0.0799677419354845 -0.5571075268817207
6304 -7.153981707317074 -2.1518783068783067
6305 -3.603582251082251 -0.4705627705627706
6310 -117.08284688995215 -17.42593301435407
6314 -25.73452380952381 -6.597142857142856
6315 -20.15964285714286 -0.7837285714285713
6326 -5.133217468805704 -1.2071645021645023
6327 0.05632197414806117 -0.16472222222222221
6332 1.4226538461538463 -0.6063999999999998
6333 -1.1987999999999999 -0.20795384615384616
6362 -0.5466919191919193 -0.6181283422459893
6367 0.04088362068965523 -0.8131111111111111
6406 -16.835374331550803 -16.98531297134238
6415 1.2386817653890825 0.36050264550264544
6420 -2.738744588744588 -1.5555844155844163
6422 -50.163959451401304 -7.245742857142858
6431 -0.70481884057971 -0.257445652173913
6433 -0.48104037267080724 -0.35682539682539693
6458 -4.573903743315508 -0.7916161616161614
6465 -2.2317929292929293 -1.3756060606060618
6469 -2.1406944444444447 -0.31109090909090886
6479 -5.501906906906907 -1.5844021739130436
6491 -0.37116883116883104 0.15867201426024957
6496 -8.467268518518518 -0.8972222222222224
6501 -0.21097826086956517 -0.13902777777777775
6502 -7.437753623188405 -2.2120720720720723
6520 -9.811105072463766 -2.4277252252252257
6530 -3.2385330948121647 -1.0009571428571429
6533 -1.2118362282878412 -0.4535049019607842
6535 -2.9699230769230773 -0.7234769230769229
6556 -1.8190476190476188 -1.162261904761905
6558 -139.19571052631576 -304.6463343108504
6560 -0.6870568561872907 -0.735953177257525
6601 -2.0409816849816846 -1.3339376321353067
6614 1.2309038461538462 0.12778461538461539
6618 -0.8070683111954458 -0.3073651960784315
6635 -6.823771258503401 -0.6238407258064516
6638 -0.3114929214929216 -0.5629665379665381
6641 -2.003030303030303 0.6790476190476191
6649 -4.719092741935484 -0.37782258064516117
6660 -0.007634615384615184 -0.32946969696969686
6671 -1.7144313725490194 -2.157757575757576
6683 -0.12943589743589734 -0.29446969696969705
6687 -0.17623188405797097 0.01880952380952383
6691 -1.8644347826086953 -0.9896794871794871
6696 -1.4127371794871797 -0.0238307692307691
6699 -2.8689661319073085 -0.0809784946236558
6703 -0.4115659824046922 -0.8479861111111113
6708 -0.32941538461538444 -0.38743589743589735
6709 -0.12060000000000004 -0.18926666666666647
6712 -0.7877355072463768 -0.34818840579710164
6714 -1.7601617199391175 -0.09310276679841878
6715 -2.965184615384615 -0.6987384615384615
6743 -0.26816137566137566 -0.16189153439153425
6746 -5.098939393939394 -1.1192207792207793
6753 -2.4514285714285715 -0.901474358974359
6773 -18.903986928104576 -64.91549019607844
6777 -0.6134440753045405 -0.1067307692307693
6780 -4.1280143112701255 -1.219357142857143
679 -0.3371929824561404 -0.424268817204301
6801 -1.3903846153846153 -1.715
6805 -2.6387862318840587 -0.7145120120120119
6806 -26.051015384615383 -8.962878205128206
6807 -0.1347846153846155 -0.3894923076923078
6809 0.2140891472868216 -0.01846153846153853
6813 0.40020161290322576 -0.13728830645161305
6816 -1.1700806451612904 -0.07493951612903205
6827 -2.0139311594202898 -0.5035688405797101
6831 0.11805272895467178 -0.08404233870967748
685 -6.886703431372548 -3.547549019607844
6851 -2.6196321839080463 -0.4247701149425289
6852 -3.2059080459770115 -1.2950459770114942
6854 -51.578166666666675 -10.790263157894739
6855 0.06472222222222235 -0.2855952380952379
6861 0.41923717948717965 -0.5378769230769231
6867 1.573407407407407 -1.6499264705882348
6873 0.27289655172413796 -0.5437931034482758
6875 -0.24850588235294113 0.35747771836007125
6877 -2.4414640048396854 -0.2039761904761903
688 -0.08858108108108109 0.02089934278796246
6883 -0.11349001175088147 -0.5589646464646465
6889 -0.018200000000000105 -0.051205128205128236
6895 -1.5172972972972971 -0.21913043478260874
6896 -0.7573230769230768 -0.10316923076923068
6898 1.002738095238095 -1.6768181818181818
6903 -3.0168 -0.061153846153846225
691 -0.7681837606837606 -0.7994017094017094
6912 -0.1992500000000001 0.24085714285714288
6913 -0.6217329545454546 -0.11749999999999994
6914 -2.117040998217469 -0.367
