results/collective_fits/with_ext/sdss_sako18_mcmc_fit_fits.ecsv
# %ECSV 0.9
# ---
# datatype:
# - {name: obj_id, datatype: string}
# - {name: message, datatype: string}
# - {name: band, datatype: string}
# - {name: source, datatype: string}
# - {name: pre_max, datatype: int64}
# - {name: post_max, datatype: int64}
# - {name: vparams, datatype: string}
# - {name: t0, datatype: float64}
# - {name: z, datatype: float64}
# - {name: c, datatype: float64}
# - {name: amplitude, datatype: float64}
# - {name: x1, datatype: float64}
# - {name: mwebv, datatype: float64}
# - {name: t0_err, datatype: float64}
# - {name: z_err, datatype: float64}
# - {name: c_err, datatype: float64}
# - {name: amplitude_err, datatype: float64}
# - {name: x1_err, datatype: float64}
# - {name: mwebv_err, datatype: float64}
# - {name: chisq, datatype: float64}
# - {name: ndof, datatype: float64}
# - {name: b_max, datatype: float64}
# - {name: delta_15, datatype: float64}
# meta: !!omap
# - band_names: !!python/tuple [sdss_sako18_u1, sdss_sako18_u2, sdss_sako18_u3, sdss_sako18_u4, sdss_sako18_u5, sdss_sako18_u6, sdss_sako18_g1,
#     sdss_sako18_g2, sdss_sako18_g3, sdss_sako18_g4, sdss_sako18_g5, sdss_sako18_g6, sdss_sako18_r1, sdss_sako18_r2, sdss_sako18_r3,
#     sdss_sako18_r4, sdss_sako18_r5, sdss_sako18_r6, sdss_sako18_i1, sdss_sako18_i2, sdss_sako18_i3, sdss_sako18_i4, sdss_sako18_i5,
#     sdss_sako18_i6, sdss_sako18_z1, sdss_sako18_z2, sdss_sako18_z3, sdss_sako18_z4, sdss_sako18_z5, sdss_sako18_z6]
# - lambda_eff: !!python/tuple [3551, 3551, 3551, 3551, 3551, 3551, 4686, 4686, 4686, 4686, 4686, 4686, 6166, 6166, 6166, 6166, 6166,
#     6166, 7480, 7480, 7480, 7480, 7480, 7480, 8932, 8932, 8932, 8932, 8932, 8932]
# - {fit_func: mcmc_fit}
# - {out_path: /global/u1/d/djp81/Photometric-Classification/results/collective_fits/with_ext/sdss_sako18_mcmc_fit_fits.ecsv}
# schema: astropy-2.0
obj_id message band source pre_max post_max vparams t0 z c amplitude x1 mwebv t0_err z_err c_err amplitude_err x1_err mwebv_err chisq ndof b_max delta_15
[from data line 2898]
15217 NONE blue hsiao_x1 13 26 amplitude,x1 2454020.027425319 0.380037 "" -2.785245429066714e-05 0.12386188427090429 0.027343151049952618 "" "" "" 1.5267210047855823e-06 0.13639748161905327 "" 60.52 35.0 -18.94 0.87
15217 NONE red hsiao_x1 7 13 amplitude,x1 2454020.027425319 0.380037 "" -8.29469647327489e-06 0.10449540640702483 0.027343151049952618 "" "" "" 4.159036950214966e-05 0.19224698704634946 "" 48.81 17.0 -16.31 0.896
15217 NONE all sn91bg 33 65 t0,amplitude,x1,c 2454018.7692475277 0.380037 0.03605374555254217 4.0086378497539883e-17 1.1926838493933467 0.027343151049952618 0.7750644380247427 "" 0.031822714481965525 3.891290174891125e-18 0.05045091171628261 "" 130.51 89.0 -19.05 1.487
15217 NONE blue sn91bg 13 26 amplitude,x1,c 2454018.7692475277 0.380037 0.23136557175954503 7.354756685309715e-17 1.1825670905212067 0.027343151049952618 "" "" 0.156312779097558 2.3554638556732827e-17 0.05359987606176017 "" 55.37 34.0 -19.32 1.495
15217 NONE red sn91bg 7 13 amplitude,x1,c 2454018.7692475277 0.380037 0.5871209855575305 5.597186517822521e-17 1.078494535066025 0.027343151049952618 "" "" 0.28243782405112233 1.9786771364925354e-17 0.14155973549159226 "" 35.52 16.0 -18.26 1.582
15219 NONE all hsiao_x1 50 49 t0,amplitude,x1 2454035.7015864956 0.246368 "" -2.123991996589017e-05 -0.04871338801968961 0.03141905270211318 6.040196938220013 "" "" 3.4825187691664944e-05 0.39863243633002365 "" 3756.81 66.0 -17.26 1.136
15219 NONE blue hsiao_x1 20 19 amplitude,x1 2454035.7015864956 0.246368 "" -5.9202182121689474e-05 0.11969372693683586 0.03141905270211318 "" "" "" 5.642509043287635e-07 0.034003669865658684 "" 254.24 25.0 -19.49 0.876
15219 NONE red hsiao_x1 20 20 amplitude,x1 2454035.7015864956 0.246368 "" -5.5026853992698767e-05 0.35213680897760635 0.03141905270211318 "" "" "" 1.2637324604729007e-06 0.09309012403173608 "" 63.15 26.0 -19.33 0.633
15219 NONE all sn91bg 50 49 t0,amplitude,x1,c 2454031.848745629 0.246368 0.0016720040145268295 1.2291215359954055e-16 1.1882113669410936 0.03141905270211318 0.32381814194721575 "" 0.0017877811935069975 1.3763928431716932e-17 0.09319079091305188 "" 1005.81 75.0 -19.23 1.49
15219 NONE blue sn91bg 20 19 amplitude,x1,c 2454031.848745629 0.246368 0.0019632068738209244 1.5099002846814518e-16 1.2383729724104129 0.03141905270211318 "" "" 0.0018430489619199557 3.0286962049694847e-18 0.010186484543704548 "" 513.44 28.0 -19.49 1.454
15219 NONE red sn91bg 20 20 amplitude,x1,c 2454031.848745629 0.246368 0.288997440117128 9.485831364244717e-17 1.2138989354839977 0.03141905270211318 "" "" 0.23863603435582503 1.7947071674886028e-17 0.03383813109302818 "" 53.93 29.0 -18.42 1.471
15220 NONE all hsiao_x1 30 70 t0,amplitude,x1 2454012.157307339 0.463496 "" 6.765916191253387e-10 7.0577006448627365e-06 0.04258411464289504 0.0018834519475209315 "" "" 4.917428658730694e-12 0.00010496242527712297 "" 389.23 97.0 3.62 1.05
15220 NONE blue hsiao_x1 18 42 amplitude,x1 2454012.157307339 0.463496 "" 2.018603180919541e-05 0.40250713190368553 0.04258411464289504 "" "" "" 1.5026165491772011e-05 0.08426336745030592 "" 118.98 58.0 -18.75 0.593
15220 NONE red hsiao_x1 6 14 amplitude,x1 2454012.157307339 0.463496 "" -5.901082237619592e-07 0.037659213168038816 0.04258411464289504 "" "" "" 2.1278779547062436e-05 0.2904728757539893 "" 20.36 18.0 -11.08 0.991
15220 NONE all sn91bg 35 65 t0,amplitude,x1,c 2454013.16067311 0.463496 0.5500517373611756 1.133032109592278e-16 1.0000094712815921 0.04258411464289504 0.0019053516121947632 "" 7.786187536804333e-05 1.1151620503429572e-18 6.111771090988709e-05 "" 275.4 96.0 -19.53 1.661
15220 NONE blue sn91bg 21 39 amplitude,x1,c 2454013.16067311 0.463496 0.043305549684137225 3.3946631779763274e-17 1.2058362810959964 0.04258411464289504 "" "" 0.03619905439731694 2.92842014603848e-18 0.0410340531911911 "" 109.41 57.0 -19.38 1.477
15220 NONE red sn91bg 7 13 amplitude,x1,c 2454013.16067311 0.463496 0.5208494719144683 2.4644949093541724e-17 0.9453492813279548 0.04258411464289504 "" "" 0.29525776546438254 1.6004859119754127e-17 0.17016884569489207 "" 17.57 17.0 -17.88 1.726
15222 NONE all hsiao_x1 30 80 t0,amplitude,x1 2454009.2477050493 0.198005 "" 2.9731754097295447e-08 -3.6849538833880624e-05 0.023445846266940653 0.001993264776770289 "" "" 2.3618260094228554e-10 0.00010209122277306281 "" 4439.04 102.0 -2.46 1.05
15222 NONE blue hsiao_x1 18 48 amplitude,x1 2454009.2477050493 0.198005 "" -1.384764115791564e-05 0.4601910775401325 0.023445846266940653 "" "" "" 3.0293455024845995e-05 0.1088252418854922 "" 3313.31 61.0 -15.8 0.551
15222 NONE red hsiao_x1 12 32 amplitude,x1 2454009.2477050493 0.198005 "" 9.800040672170995e-06 0.48314814995445676 0.023445846266940653 "" "" "" 4.775546250102558e-05 0.01616445567598 "" 924.87 40.0 -15.05 0.535
15222 NONE all sn91bg 60 50 t0,amplitude,x1,c 2454030.923664341 0.198005 0.0031251564917255665 1.3273569453374726e-16 1.22359209348902 0.023445846266940653 0.2882505700257011 "" 0.004860741289458331 4.3194289727113615e-18 0.020328049031606833 "" 542.81 76.0 -18.81 1.464
15222 NONE blue sn91bg 36 30 amplitude,x1,c 2454030.923664341 0.198005 0.002571041442070162 1.596735954193205e-16 1.2155271089084598 0.023445846266940653 "" "" 0.002534645391517144 5.285165374232025e-18 0.0236340854662624 "" 305.84 45.0 -19.0 1.47
15222 NONE red sn91bg 24 20 amplitude,x1,c 2454030.923664341 0.198005 0.18030686920282266 1.1111528538947062e-16 1.23360584780264 0.023445846266940653 "" "" 0.16617063100897178 1.3294625319334596e-17 0.014857560740201552 "" 70.02 29.0 -18.3 1.457
15226 NONE all hsiao_x1 35 65 t0,amplitude,x1 2454024.371005988 0.287489 "" -8.25386056798009e-06 -0.10798955414696527 0.024881699688392135 0.7944265004885364 "" "" 3.8952793518438725e-05 0.05045946119027577 "" 780.6 82.0 -15.59 1.255
15226 NONE blue hsiao_x1 14 26 amplitude,x1 2454024.371005988 0.287489 "" -3.873766308496852e-05 -0.11369446327955654 0.024881699688392135 "" "" "" 1.0148232217216956e-06 0.044867345403763574 "" 36.52 32.0 -18.95 1.267
15226 NONE red hsiao_x1 14 26 amplitude,x1 2454024.371005988 0.287489 "" -4.371307111919865e-05 -0.0861201485368909 0.024881699688392135 "" "" "" 1.8924790196159049e-06 0.1002352264292481 "" 55.6 32.0 -19.21 1.209
15226 NONE all sn91bg 35 65 t0,amplitude,x1,c 2454025.2420745525 0.287489 0.017778129639016305 5.823833085508496e-17 1.2098036299630104 0.024881699688392135 0.8630348802063191 "" 0.01769397648223089 4.33430248851239e-18 0.058579151150013366 "" 123.45 81.0 -18.8 1.474
15226 NONE blue sn91bg 14 26 amplitude,x1,c 2454025.2420745525 0.287489 0.04164803685935938 6.958454099868828e-17 1.2286022627455562 0.024881699688392135 "" "" 0.03423757718463298 4.699679745347525e-18 0.0203892702141261 "" 29.83 31.0 -18.96 1.46
15226 NONE red sn91bg 14 26 amplitude,x1,c 2454025.2420745525 0.287489 0.625779174258941 7.75981034361106e-17 1.166574550000403 0.024881699688392135 "" "" 0.2692393133984136 1.7273909802076595e-17 0.07122517172687971 "" 53.17 31.0 -17.9 1.507
15229 NONE all hsiao_x1 65 44 t0,amplitude,x1 2454032.2689585867 0.222559 "" -3.882295487813638e-05 0.11831699187763971 0.023540026387255303 1.175912399808505 "" "" 4.838696301249945e-05 0.1373672919769037 "" 1805.86 71.0 -18.32 0.877
15229 NONE blue hsiao_x1 39 26 amplitude,x1 2454032.2689585867 0.222559 "" -6.276547243459576e-05 0.037079559292099135 0.023540026387255303 "" "" "" 5.89735379899112e-07 0.027809840125676485 "" 81.11 42.0 -19.36 0.991
15229 NONE red hsiao_x1 26 18 amplitude,x1 2454032.2689585867 0.222559 "" -6.483136972823542e-05 0.03565213790683494 0.023540026387255303 "" "" "" 1.4893290925878707e-06 0.07424822969630362 "" 38.18 28.0 -19.43 0.994
15229 NONE all sn91bg 65 44 t0,amplitude,x1,c 2454031.8349386435 0.222559 0.0017651847206681826 1.3693227254015112e-16 1.231569406039445 0.023540026387255303 0.41063357476161516 "" 0.0023654160729984003 5.5636993882051056e-18 0.03692712808130505 "" 802.78 70.0 -19.13 1.458
15229 NONE blue sn91bg 39 26 amplitude,x1,c 2454031.8349386435 0.222559 0.002111751395202112 1.6202727700756378e-16 1.2414074717771706 0.023540026387255303 "" "" 0.0021730166129220563 3.2289948399883877e-18 0.008588563367722964 "" 502.84 41.0 -19.32 1.452
15229 NONE red sn91bg 26 18 amplitude,x1,c 2454031.8349386435 0.222559 0.1768217662178697 1.0681577477720893e-16 1.224306004926531 0.023540026387255303 "" "" 0.16769223939943592 1.4098966050499066e-17 0.023776251293651764 "" 67.5 27.0 -18.54 1.463
15234 NONE all hsiao_x1 70 30 t0,amplitude,x1 2454042.08282778 0.135136 "" 1.0906018211163147e-08 -6.228994811299275e-05 0.023853622636634028 0.0019048698334134851 "" "" 1.079271163832764e-10 0.0001111852131868013 "" 11726.43 62.0 0.64 1.05
15234 NONE blue hsiao_x1 28 12 amplitude,x1 2454042.08282778 0.135136 "" 1.3728190651059386e-05 0.4916975366769758 0.023853622636634028 "" "" "" 6.765981077352004e-05 0.008881419483563564 "" 4949.35 24.0 -14.86 0.53
15234 NONE red hsiao_x1 28 12 amplitude,x1 2454042.08282778 0.135136 "" 1.716586603336993e-05 0.48837054412840214 0.023853622636634028 "" "" "" 8.418261318374132e-05 0.01105371036518623 "" 1740.59 24.0 -15.35 0.532
15234 NONE all sn91bg 55 45 t0,amplitude,x1,c 2454032.0884064888 0.135136 0.07975949634352536 3.303908876113854e-16 0.9583251249590728 0.023853622636634028 0.7439236584188968 "" 0.11743368300504996 6.805156107291237e-17 0.14917132256477933 "" 1763.58 66.0 -18.54 1.71
15234 NONE blue sn91bg 22 18 amplitude,x1,c 2454032.0884064888 0.135136 0.0857570380626842 3.723332769082843e-16 1.2455897767200612 0.023853622636634028 "" "" 0.07208591239848872 6.06768579571361e-17 0.004005681945928661 "" 177.12 25.0 -18.89 1.449
15234 NONE red sn91bg 22 18 amplitude,x1,c 2454032.0884064888 0.135136 0.3792569570186936 1.9812375924478607e-16 1.2405394464811612 0.023853622636634028 "" "" 0.2213034756903932 2.6837973451825705e-17 0.008754264341175606 "" 96.39 25.0 -17.63 1.452
15239 NONE all hsiao_x1 35 70 t0,amplitude,x1 2454018.54709028 0.332634 "" 1.6734304033274017e-05 -0.12922514282334335 0.030415391385418343 2.58414787277144 "" "" 2.6133365948939648e-05 0.22079059827661496 "" 274.49 92.0 -17.49 1.301
15239 NONE blue hsiao_x1 14 28 amplitude,x1 2454018.54709028 0.332634 "" 3.119063731711373e-05 -0.1499939693393585 0.030415391385418343 "" "" "" 1.588331779540218e-06 0.09115304248828257 "" 29.27 36.0 -18.85 1.349
15239 NONE red hsiao_x1 14 28 amplitude,x1 2454018.54709028 0.332634 "" 3.4725622031018006e-05 0.1788987802407436 0.030415391385418343 "" "" "" 1.750326144848557e-06 0.15399994481643126 "" 33.61 36.0 -19.08 0.803
15239 NONE all sn91bg 35 70 t0,amplitude,x1,c 2454019.1430815924 0.332634 0.040718947605470436 3.859077505768359e-17 1.2130714895877759 0.030415391385418343 0.8217239618155622 "" 0.03467826631134801 3.005222323943116e-18 0.031179400583492462 "" 100.44 91.0 -18.68 1.472
15239 NONE blue sn91bg 14 28 amplitude,x1,c 2454019.1430815924 0.332634 0.09592562103557997 5.3233921236381155e-17 1.1534000069737198 0.030415391385418343 "" "" 0.08540033044701549 1.0859576168159878e-17 0.06443641817240382 "" 30.83 35.0 -18.88 1.518
15239 NONE red sn91bg 14 28 amplitude,x1,c 2454019.1430815924 0.332634 0.30700463667518624 4.247786850350701e-17 1.192989368766907 0.030415391385418343 "" "" 0.2527191101336774 1.031726199001031e-17 0.04858383320793597 "" 48.58 35.0 -18.25 1.487
15251 NONE all hsiao_x1 50 74 z,t0,amplitude,x1 2454028.1078329263 0.2241162807280467 "" 1.749302625521627e-05 -0.11512185143842926 0.1456467966934949 5.8073159974374 0.1095724370406482 "" 1.2088851527999405e-05 0.2839960205559157 "" 5974.7 105.0 -16.61 1.27
15251 NONE blue hsiao_x1 30 45 amplitude,x1 2454028.1078329263 0.2241162807280467 "" 7.154104884333828e-05 0.0030132189175657255 0.1456467966934949 "" "" "" 5.663639002191608e-07 0.027333958111936868 "" 189.27 64.0 -19.67 1.045
15251 NONE red hsiao_x1 20 29 amplitude,x1 2454028.1078329263 0.2241162807280467 "" 6.205155927743535e-05 0.04180394311068648 0.1456467966934949 "" "" "" 1.2754318394569572e-06 0.07750265244982414 "" 300.62 41.0 -19.36 0.984
15251 NONE all sn91bg 50 74 z,t0,amplitude,x1,c 2454027.1292457455 0.06279667926366822 0.7646296926462782 2.882033681785559e-16 1.1477023584036854 0.1456467966934949 1.0286353771578542 0.028354862040635715 0.06695452858991732 3.18014862844561e-17 0.15989440333501573 "" 2176.45 99.0 -15.41 1.523
15251 NONE blue sn91bg 20 30 amplitude,x1,c 2454027.1292457455 0.06279667926366822 0.294327478385282 4.482734421430759e-16 1.2325389004522227 0.1456467966934949 "" "" 0.31616810338875323 3.2047530252905344e-16 0.013796899400542 "" 282.16 39.0 -16.89 1.458
15251 NONE red sn91bg 30 44 amplitude,x1,c 2454027.1292457455 0.06279667926366822 0.03506525467828982 1.3854879260416294e-16 1.244237195435932 0.1456467966934949 "" "" 0.02933367054444212 3.702023990883207e-18 0.005658969618641944 "" 462.95 59.0 -16.13 1.45
15254 NONE all hsiao_x1 54 70 t0,amplitude,x1 2454029.143470415 0.201785 "" 6.913667167854388e-08 -5.8813359430552955e-05 0.0853834420819073 0.002365494889705786 "" "" 5.65185286458162e-10 7.687836880794244e-05 "" 3329.75 101.0 -4.33 1.05
15254 NONE blue hsiao_x1 32 42 amplitude,x1 2454029.143470415 0.201785 "" 3.5451949411881486e-05 -0.11789959062326823 0.0853834420819073 "" "" "" 4.835833443565577e-05 0.10057447270354554 "" 1286.99 60.0 -17.88 1.276
15254 NONE red hsiao_x1 22 28 amplitude,x1 2454029.143470415 0.201785 "" 3.2564039870207744e-05 0.18718058206278823 0.0853834420819073 "" "" "" 4.3702850392802965e-05 0.11230300017877866 "" 408.34 40.0 -17.7 0.794
15254 NONE all sn91bg 49 75 t0,amplitude,x1,c 2454028.138420967 0.201785 0.5500415531077149 2.8481271835666805e-15 1.0000198826870919 0.0853834420819073 0.0013151781544235553 "" 0.00012675809392073052 2.581384203610738e-17 6.223195133066039e-05 "" 330294.55 100.0 -20.94 1.661
15254 NONE blue sn91bg 29 45 amplitude,x1,c 2454028.138420967 0.201785 0.005848809726460823 1.2947336374444334e-16 1.2371317375823814 0.0853834420819073 "" "" 0.0064573694248541156 3.92262265403918e-18 0.013494736527402115 "" 528.77 59.0 -18.83 1.454
15254 NONE red sn91bg 20 30 amplitude,x1,c 2454028.138420967 0.201785 0.6679913842004758 1.0370322855362768e-16 1.2201375081006058 0.0853834420819073 "" "" 0.2403434078517934 1.6353904292810767e-17 0.02879546468991902 "" 246.56 39.0 -17.3 1.466
15255 NONE all hsiao_x1 45 75 z,t0,amplitude,x1 2454023.3623698005 0.3333965321681935 "" -4.060525402022534e-05 -0.007056449095867087 0.06592332385427792 1.6832164889941559 0.04796001207151943 "" 9.946067774724163e-06 0.0926351352757809 "" 115.14 96.0 -19.42 1.062
15255 NONE blue hsiao_x1 18 30 amplitude,x1 2454023.3623698005 0.3333965321681935 "" -4.304906283238556e-05 -0.024842544910771765 0.06592332385427792 "" "" "" 1.0103631939009037e-06 0.058945560717057276 "" 43.14 38.0 -19.55 1.093
15255 NONE red hsiao_x1 18 30 amplitude,x1 2454023.3623698005 0.3333965321681935 "" -4.4957639061124274e-05 0.13385228559310985 0.06592332385427792 "" "" "" 1.800514265226757e-06 0.13702452669356865 "" 33.59 38.0 -19.65 0.858
15255 NONE all sn91bg 40 80 z,t0,amplitude,x1,c 2454022.015465954 0.09228358003244597 0.12568802074202304 8.060364550818628e-17 1.1682120183566138 0.06592332385427792 1.9167543474925155 0.029138474673579846 0.10802761445927579 1.5545418159242283e-17 0.114899113951511 "" 156.56 95.0 -16.2 1.506
15255 NONE blue sn91bg 16 32 amplitude,x1,c 2454022.015465954 0.09228358003244597 0.6342768620526109 2.430066277745304e-16 1.2115562442491352 0.06592332385427792 "" "" 0.24230677676371717 9.997243223799742e-17 0.032107461503797674 "" 49.55 37.0 -16.44 1.473
15255 NONE red sn91bg 24 48 amplitude,x1,c 2454022.015465954 0.09228358003244597 0.44311679187860453 8.808283214133501e-17 1.2286801754692889 0.06592332385427792 "" "" 0.2247190334936554 1.4297315006597505e-17 0.020156331914139593 "" 93.21 57.0 -15.72 1.46
