results/collective_fits/with_ext/sdss_sako18_mcmc_fit_fits.ecsv
# %ECSV 0.9
# ---
# datatype:
# - {name: obj_id, datatype: string}
# - {name: message, datatype: string}
# - {name: band, datatype: string}
# - {name: source, datatype: string}
# - {name: pre_max, datatype: int64}
# - {name: post_max, datatype: int64}
# - {name: vparams, datatype: string}
# - {name: x1, datatype: float64}
# - {name: c, datatype: float64}
# - {name: mwebv, datatype: float64}
# - {name: z, datatype: float64}
# - {name: amplitude, datatype: float64}
# - {name: t0, datatype: float64}
# - {name: x1_err, datatype: float64}
# - {name: c_err, datatype: float64}
# - {name: mwebv_err, datatype: float64}
# - {name: z_err, datatype: float64}
# - {name: amplitude_err, datatype: float64}
# - {name: t0_err, datatype: float64}
# - {name: chisq, datatype: float64}
# - {name: ndof, datatype: float64}
# - {name: b_max, datatype: float64}
# - {name: delta_15, datatype: float64}
# meta: !!omap
# - band_names: !!python/tuple [sdss_sako18_u1, sdss_sako18_u2, sdss_sako18_u3, sdss_sako18_u4, sdss_sako18_u5, sdss_sako18_u6, sdss_sako18_g1,
#     sdss_sako18_g2, sdss_sako18_g3, sdss_sako18_g4, sdss_sako18_g5, sdss_sako18_g6, sdss_sako18_r1, sdss_sako18_r2, sdss_sako18_r3,
#     sdss_sako18_r4, sdss_sako18_r5, sdss_sako18_r6, sdss_sako18_i1, sdss_sako18_i2, sdss_sako18_i3, sdss_sako18_i4, sdss_sako18_i5,
#     sdss_sako18_i6, sdss_sako18_z1, sdss_sako18_z2, sdss_sako18_z3, sdss_sako18_z4, sdss_sako18_z5, sdss_sako18_z6]
# - lambda_eff: !!python/tuple [3551, 3551, 3551, 3551, 3551, 3551, 4686, 4686, 4686, 4686, 4686, 4686, 6166, 6166, 6166, 6166, 6166,
#     6166, 7480, 7480, 7480, 7480, 7480, 7480, 8932, 8932, 8932, 8932, 8932, 8932]
# - {fit_func: mcmc_fit}
# - {out_path: /global/u1/d/djp81/Photometric-Classification/results/collective_fits/with_ext/sdss_sako18_mcmc_fit_fits.ecsv}
# schema: astropy-2.0
obj_id message band source pre_max post_max vparams x1 c mwebv z amplitude t0 x1_err c_err mwebv_err z_err amplitude_err t0_err chisq ndof b_max delta_15
[from data line 329]
10805 NONE blue hsiao_x1 32 9 amplitude,x1 -0.17725496450172362 "" 0.04625113328376231 0.043968 -0.0003267267383766597 2453692.9770001397 0.002719466951193223 "" "" "" 9.036958707476785e-07 "" 8023.1 13.0 -19.17 1.415
10805 NONE red hsiao_x1 48 14 amplitude,x1 -0.23369511877695637 "" 0.04625113328376231 0.043968 -0.0003404228989913636 2453692.9770001397 0.004478402953740425 "" "" "" 8.376788227176031e-07 "" 3211.08 21.0 -19.26 1.568
10805 NONE all sn91bg 90 13 t0,amplitude,x1,c 1.147001420100297 0.005708848135646752 0.04625113328376231 0.043968 3.043670364702041e-15 2453699.6951622684 0.10863448571399802 0.009908153528842107 "" "" 3.1627970800867633e-16 0.44831227133127555 10424.67 19.0 -18.65 1.523
10805 NONE blue sn91bg 36 5 amplitude,x1,c 1.2444022244454553 0.002873111666860851 0.04625113328376231 0.043968 3.997786760023253e-15 2453699.6951622684 0.005677914053035368 0.002658166697556874 "" "" 3.2213742308155266e-17 "" 331.31 6.0 -19.03 1.449
10805 NONE red sn91bg 54 8 amplitude,x1,c 1.2494132443329495 0.001451579029009313 0.04625113328376231 0.043968 2.322634837033165e-15 2453699.6951622684 0.0006041724254731849 0.0014648482244239427 "" "" 1.0998471146013014e-17 "" 2793.71 11.0 -18.45 1.446
10843 NONE all hsiao_x1 104 20 t0,amplitude,x1 -5.9032169278432634e-05 "" 0.08515355081700574 0.35031 1.6472853128714783e-09 2453695.1682008905 0.00011203778569384166 "" "" "" 1.4944950465482816e-11 0.0018969990033371072 383.86 57.0 2.41 1.05
10843 NONE blue hsiao_x1 41 8 amplitude,x1 0.17167686718911923 "" 0.08515355081700574 0.35031 1.5985918226523497e-07 2453695.1682008905 0.09031485710358206 "" "" "" 3.613178655006738e-05 "" 258.12 22.0 -7.53 0.812
10843 NONE red hsiao_x1 42 8 amplitude,x1 0.013666775001354416 "" 0.08515355081700574 0.35031 -8.038506488042426e-06 2453695.1682008905 0.16414106776189766 "" "" "" 3.803411110453527e-05 "" 107.15 22.0 -16.03 1.028
10843 NONE all sn91bg 104 20 t0,amplitude,x1,c 1.1905618605848796 0.025020322918629975 0.08515355081700574 0.35031 5.3717798972354396e-17 2453692.1042186925 0.053830828654963365 0.02193080306924524 "" "" 4.7316401579801684e-18 0.7761157223303089 96.19 66.0 -19.18 1.488
10843 NONE blue sn91bg 41 8 amplitude,x1,c 1.169383379071817 0.053063359415802605 0.08515355081700574 0.35031 7.870018967101343e-17 2453692.1042186925 0.05444827921549975 0.04691016436331164 "" "" 1.0059351929687688e-17 "" 32.8 25.0 -19.53 1.505
10843 NONE red sn91bg 42 8 amplitude,x1,c 1.0648875959485262 0.47663025938469916 0.08515355081700574 0.35031 6.850583400497176e-17 2453692.1042186925 0.12567161062206036 0.2708911239279362 "" "" 2.0409253702549404e-17 "" 27.28 25.0 -18.46 1.594
10868 NONE all hsiao_x1 209 35 t0,amplitude,x1 -0.0378863492412508 "" 0.09943632913612224 0.084847 4.1033489080593624e-08 2453688.082019227 0.2900256474979492 "" "" "" 1.6950843674781819e-06 5.778891221831329 1420.35 131.0 -1.16 1.116
10868 NONE blue hsiao_x1 83 14 amplitude,x1 -0.06665888215896654 "" 0.09943632913612224 0.084847 1.0968840372522692e-07 2453688.082019227 0.29046112333262075 "" "" "" 3.575529608398391e-06 "" 162.2 51.0 -3.29 1.17
10868 NONE red hsiao_x1 126 21 amplitude,x1 -0.004373204789240656 "" 0.09943632913612224 0.084847 -1.8143254283957714e-07 2453688.082019227 0.29705552488041814 "" "" "" 1.8453792639116059e-06 "" 1258.17 79.0 -4.39 1.058
10868 NONE all sn91bg 170 74 t0,amplitude,x1,c 1.23699090414918 0.6044351389270363 0.09943632913612224 0.084847 -5.3685608783058947e-17 2453678.0601591263 0.012527423212771536 0.1279778644283537 "" "" 6.149478326674398e-18 0.15747917413493356 1164.48 155.0 34.59 nan
10868 NONE blue sn91bg 68 29 amplitude,x1,c 1.1460491881289778 0.6454692213571303 0.09943632913612224 0.084847 -6.750130589879175e-17 2453678.0601591263 0.07833334932364582 0.27451085855444923 "" "" 3.075799545337403e-17 "" 129.64 60.0 nan nan
10868 NONE red sn91bg 102 45 amplitude,x1,c 1.2365678118972658 0.34217326033325624 0.09943632913612224 0.084847 -4.577915271480297e-17 2453678.0601591263 0.013302439051902903 0.24941838651815748 "" "" 8.532695046844815e-18 "" 1035.67 93.0 34.82 nan
10907 NONE all hsiao_x1 85 20 t0,amplitude,x1 0.006174490984734284 "" 0.021429719208944643 0.083431 -7.327017447436893e-06 2453690.983971284 0.4224552750417826 "" "" "" 1.2169902022508705e-05 5.677440684420475 7055.33 37.0 -12.38 1.04
10907 NONE blue hsiao_x1 34 8 amplitude,x1 -0.31086390129037267 "" 0.021429719208944643 0.083431 -8.457505289691693e-05 2453690.983971284 0.012344829153278478 "" "" "" 6.321283972855392e-05 "" 897.13 14.0 -17.69 1.809
10907 NONE red hsiao_x1 51 12 amplitude,x1 -0.40365669410831356 "" 0.021429719208944643 0.083431 -0.00011150395098841785 2453690.983971284 0.01853258234550252 "" "" "" 1.2271149715655697e-06 "" 506.0 22.0 -18.29 2.142
10907 NONE all sn91bg 90 15 t0,amplitude,x1,c 1.130082816070706 0.025177708082926405 0.021429719208944643 0.083431 2.728196559105757e-16 2453698.4896212574 0.17489244737442644 0.07057117139625958 "" "" 5.984752471774169e-17 0.6802438624767715 642.25 21.0 -17.44 1.537
10907 NONE blue sn91bg 36 6 amplitude,x1,c 1.239966503676551 0.025298942912815505 0.021429719208944643 0.083431 3.317807650888008e-16 2453698.4896212574 0.010773387680869806 0.02350273120129954 "" "" 1.3956330681420784e-17 "" 150.88 7.0 -17.74 1.452
10907 NONE red sn91bg 54 9 amplitude,x1,c 1.2310636370947556 0.5699091573290614 0.021429719208944643 0.083431 3.0116522373679703e-16 2453698.4896212574 0.018755127699003317 0.11607341840372394 "" "" 2.426220859473376e-17 "" 77.78 12.0 -16.57 1.459
10915 NONE all hsiao_x1 90 15 t0,amplitude,x1 -0.33844739766082965 "" 0.028532167261090854 0.223131 -9.829570283388984e-06 2453693.0593337636 0.1357426316830329 "" "" "" 4.74968371797065e-05 1.7099032553206006 579.54 37.0 -15.34 1.905
10915 NONE blue hsiao_x1 54 9 amplitude,x1 -0.3645684022131232 "" 0.028532167261090854 0.223131 -4.9048032971584605e-05 2453693.0593337636 0.035413965738186774 "" "" "" 1.2953872584922634e-06 "" 37.75 22.0 -18.83 1.998
10915 NONE red hsiao_x1 36 6 amplitude,x1 -0.3141672597447514 "" 0.028532167261090854 0.223131 -9.95737424343939e-06 2453693.0593337636 0.07791168688312294 "" "" "" 4.8786410039313765e-05 "" 127.4 14.0 -15.37 1.82
10915 NONE all sn91bg 95 10 t0,amplitude,x1,c 1.1588085968456825 0.07705881816937717 0.028532167261090854 0.223131 7.225839356326307e-17 2453695.136856845 0.06824434494630492 0.12779635180320795 "" "" 9.080249053553409e-18 0.6943034991762517 119.23 36.0 -18.26 1.514
10915 NONE blue sn91bg 57 6 amplitude,x1,c 1.1281686657410783 0.020679540683613915 0.028532167261090854 0.223131 8.241872029946242e-17 2453695.136856845 0.0629498397892157 0.019980002545907666 "" "" 7.195543305916408e-18 "" 78.5 21.0 -18.47 1.538
10915 NONE red sn91bg 38 4 amplitude,x1,c 1.072130185639708 0.591909363953475 0.028532167261090854 0.223131 8.44092394829293e-17 2453695.136856845 0.12087664616162624 0.2715858362321233 "" "" 1.9877594608666493e-17 "" 8.71 13.0 -17.35 1.587
10928 NONE all hsiao_x1 65 15 t0,amplitude,x1 -0.21854572344407283 "" 0.019134526867368558 0.080628 0.00011798270814829552 2453694.285349639 0.035624211145219346 "" "" "" 2.8498127714624275e-06 0.5325805132555911 786.82 32.0 -18.33 1.525
10928 NONE blue hsiao_x1 26 6 amplitude,x1 -0.22777526272972276 "" 0.019134526867368558 0.080628 0.00011123782093948706 2453694.285349639 0.013706412630712305 "" "" "" 1.0787865671265033e-06 "" 269.28 12.0 -18.21 1.551
10928 NONE red hsiao_x1 39 9 amplitude,x1 -0.1551377270502914 "" 0.019134526867368558 0.080628 0.0001221680482493906 2453694.285349639 0.018109079081809056 "" "" "" 9.082335611499277e-07 "" 375.85 19.0 -18.41 1.361
10928 NONE all sn91bg 65 15 t0,amplitude,x1,c 1.0000279671239047 0.5500215800858468 0.019134526867368558 0.080628 7.646531400918817e-15 2453687.1528975754 8.003676956977437e-05 7.338831808385061e-05 "" "" 4.740499243969258e-17 0.002312717778788749 942538.91 46.0 -19.85 1.661
10928 NONE blue sn91bg 26 6 amplitude,x1,c 0.6504903060095412 0.10154388014641748 0.019134526867368558 0.080628 1.0919306432041363e-15 2453687.1528975754 0.0005002776468472301 0.08776708174850067 "" "" 1.933546630066954e-16 "" 3048.34 17.0 -18.34 2.261
10928 NONE red sn91bg 39 9 amplitude,x1,c 0.7717982758755674 0.01485591915293993 0.019134526867368558 0.080628 5.853213881328042e-16 2453687.1528975754 0.019705333784690367 0.013760213105018931 "" "" 2.60285700130152e-17 "" 1988.85 27.0 -17.91 1.993
10936 NONE all hsiao_x1 75 5 t0,amplitude,x1 -0.08693673968476613 "" 0.04284301921357599 0.065023 3.676945632701452e-06 2453702.743325087 0.2917134463060776 "" "" "" 2.1249597695707373e-05 5.927027115373672 141.61 17.0 -10.31 1.211
10936 NONE blue hsiao_x1 30 2 amplitude,x1 -0.024042208114180296 "" 0.04284301921357599 0.065023 3.3779334524676375e-07 2453702.743325087 0.29177934422268587 "" "" "" 8.30442326147217e-06 "" 9.88 6.0 -5.13 1.091
10936 NONE red hsiao_x1 45 3 amplitude,x1 0.04986364538898567 "" 0.04284301921357599 0.065023 6.21486391543798e-06 2453702.743325087 0.2267008572617326 "" "" "" 3.300209736721714e-05 "" 130.49 10.0 -11.45 0.972
10936 NONE all sn91bg 70 10 t0,amplitude,x1,c 0.9591929531694381 0.8048936943513533 0.04284301921357599 0.065023 6.03473612997836e-17 2453699.802134629 0.1613410192265531 0.16028845910036715 "" "" 1.7532473527296974e-17 4.098768540452858 137.15 21.0 -13.57 1.709
10936 NONE blue sn91bg 28 4 amplitude,x1,c 0.9298060773818481 0.5992542450909195 0.04284301921357599 0.065023 -1.4571948543278497e-17 2453699.802134629 0.17799864901577012 0.27147908205220816 "" "" 3.315018255506805e-17 "" 12.29 7.0 -3.0 nan
10936 NONE red sn91bg 42 6 amplitude,x1,c 0.9501975341390113 0.6930485027780364 0.04284301921357599 0.065023 5.744027492715087e-17 2453699.802134629 0.17628798436519766 0.24378789153415995 "" "" 1.6801395029621362e-17 "" 120.5 12.0 -13.74 1.72
10976 NONE all hsiao_x1 100 10 t0,amplitude,x1 -0.08854202010912826 "" 0.023287910435212972 0.094496 -1.762618392519853e-05 2453696.0392319593 0.08761728399237874 "" "" "" 8.164576450108004e-05 0.7401054739112802 4219.85 27.0 -14.57 1.214
10976 NONE blue hsiao_x1 40 4 amplitude,x1 -0.08255902279726349 "" 0.023287910435212972 0.094496 -8.003532019764897e-05 2453696.0392319593 0.028265395796080752 "" "" "" 9.751095796684849e-07 "" 71.82 10.0 -17.86 1.202
10976 NONE red hsiao_x1 60 6 amplitude,x1 -0.10994498686002308 "" 0.023287910435212972 0.094496 -8.769673240783433e-05 2453696.0392319593 0.033229103292449005 "" "" "" 9.674717994778718e-07 "" 102.59 16.0 -18.06 1.259
10976 NONE all sn91bg 100 10 t0,amplitude,x1,c 1.096321101010215 0.019953927003756936 0.023287910435212972 0.094496 2.2942292973737e-16 2453697.1520880396 0.18277260671910206 0.028214008734640486 "" "" 4.138100093061625e-17 1.031604768420743 522.53 26.0 -17.52 1.565
10976 NONE blue sn91bg 40 4 amplitude,x1,c 1.2420259515798386 0.03881982031080152 0.023287910435212972 0.094496 3.0038662546514286e-16 2453697.1520880396 0.00783843269474503 0.03501648307804377 "" "" 1.895965642284095e-17 "" 126.61 9.0 -17.9 1.451
10976 NONE red sn91bg 60 6 amplitude,x1,c 1.234410980341305 0.14049877726675714 0.023287910435212972 0.094496 1.8682936468646128e-16 2453697.1520880396 0.014806320918980827 0.0999653833856515 "" "" 1.423511460231367e-17 "" 65.09 15.0 -17.19 1.456
10991 NONE all hsiao_x1 90 15 z,t0,amplitude,x1 0.012672724484534666 "" 0.10964032193855641 0.2085524722035855 4.3320869270968465e-06 2453688.7816885985 0.35563523221004906 "" "" 0.12455612614043865 2.667105668465541e-05 6.367362782436384 337.44 61.0 -13.4 1.03
10991 NONE blue hsiao_x1 54 9 amplitude,x1 0.31023846158121743 "" 0.10964032193855641 0.2085524722035855 2.0225709683701298e-05 2453688.7816885985 0.1116291697189318 "" "" "" 2.8003198027955476e-05 "" 119.06 37.0 -16.75 0.67
10991 NONE red hsiao_x1 36 6 amplitude,x1 0.1303351717831722 "" 0.10964032193855641 0.2085524722035855 -5.295349429878445e-08 2453688.7816885985 0.13487553889021012 "" "" "" 4.877250309860786e-05 "" 134.99 24.0 -3.84 0.862
10991 NONE all sn91bg 80 25 z,t0,amplitude,x1,c 1.1981764389092258 0.13233897223636534 0.10964032193855641 0.20314254947367907 5.576133190100381e-17 2453684.569902819 0.05822124420135384 0.18376469083524563 "" 0.06544657331437859 1.0547723495555135e-17 0.5807090613426205 87.96 65.0 -17.68 1.483
10991 NONE blue sn91bg 48 15 amplitude,x1,c 1.2173355788318356 0.05523854165579457 0.10964032193855641 0.20314254947367907 5.1594019012209736e-17 2453684.569902819 0.029625218836103764 0.053314718001876565 "" "" 5.287500738301378e-18 "" 70.06 39.0 -17.75 1.468
10991 NONE red sn91bg 32 10 amplitude,x1,c 1.1535173954801459 0.5343024069167951 0.10964032193855641 0.20314254947367907 7.733099355979226e-17 2453684.569902819 0.07366598499544928 0.2730922614361038 "" "" 1.6335820040060626e-17 "" 15.15 25.0 -17.2 1.518
10997 NONE all hsiao_x1 54 25 z,t0,amplitude,x1 0.08897254532902238 "" 0.08779069498394511 0.19931559035427765 3.689677845830636e-05 2453683.4494293765 0.18440681093379155 "" "" 0.08013698264808329 1.531578616838831e-05 3.484857920733441 125.96 45.0 -17.94 0.917
10997 NONE blue hsiao_x1 32 15 amplitude,x1 -0.051538258780064086 "" 0.08779069498394511 0.19931559035427765 5.016379215275949e-05 2453683.4494293765 0.045626888278774064 "" "" "" 1.7500066266952149e-06 "" 33.1 27.0 -18.61 1.141
10997 NONE red hsiao_x1 22 10 amplitude,x1 -0.07468681605379708 "" 0.08779069498394511 0.19931559035427765 5.086335110521365e-05 2453683.4494293765 0.13070242169920734 "" "" "" 3.086017505938478e-06 "" 14.55 18.0 -18.64 1.186
10997 NONE all sn91bg 50 29 z,t0,amplitude,x1,c 1.0000317327863812 0.5500055536936066 0.08779069498394511 0.22499693334110685 3.2820999786584604e-16 2453675.5978149227 5.891227550027334e-05 0.00010821643020926723 "" 3.3942990931692606e-05 3.8859470212677675e-18 0.0027399159780302556 1368.89 49.0 -18.86 1.661
10997 NONE blue sn91bg 30 17 amplitude,x1,c 0.8290399398401194 0.10171120904387608 0.08779069498394511 0.22499693334110685 1.0876185416134416e-16 2453675.5978149227 0.10425459842064928 0.07323830397404357 "" "" 2.0014716894646213e-17 "" 169.72 29.0 -18.41 1.893
10997 NONE red sn91bg 20 12 amplitude,x1,c 0.9493295575378415 0.48986504493094624 0.08779069498394511 0.22499693334110685 8.015973178510092e-17 2453675.5978149227 0.14846000945024565 0.2967317939502467 "" "" 2.638047151402133e-17 "" 40.6 19.0 -17.4 1.721
10998 NONE all hsiao_x1 88 5 z,t0,amplitude,x1 0.16469065481774095 "" 0.09187967797475619 0.1844928261674924 6.402351175797995e-09 2453701.159578947 0.26500202588081484 "" "" 0.07404688612000761 5.1403683360163285e-05 3.896352224755775 825.37 26.0 1.05 0.82
10998 NONE blue hsiao_x1 53 3 amplitude,x1 0.341800847828595 "" 0.09187967797475619 0.1844928261674924 -3.6867796317594064e-05 2453701.159578947 0.2876235293073997 "" "" "" 3.9078630202821576e-05 "" 256.48 16.0 -17.75 0.642
10998 NONE red hsiao_x1 35 2 amplitude,x1 0.34643395593523596 "" 0.09187967797475619 0.1844928261674924 -2.642685589858768e-07 2453701.159578947 0.11353894873706682 "" "" "" 5.583248861325038e-05 "" 124.46 10.0 -7.03 0.638
10998 NONE all sn91bg 88 5 z,t0,amplitude,x1,c 1.0439302856763208 0.03208126557876907 0.09187967797475619 0.07368770281611756 1.2832897543274426e-16 2453704.6576796286 0.12295442459620701 0.04870032588326769 "" 0.04405423247365021 1.444803464280782e-17 1.134751297980136 168.41 20.0 -16.25 1.615
10998 NONE blue sn91bg 35 2 amplitude,x1,c 1.1384630699189207 0.2802865283317062 0.09187967797475619 0.07368770281611756 2.618995525864873e-16 2453704.6576796286 0.09062127240277587 0.2056745396054957 "" "" 1.0416895737276857e-16 "" 72.41 7.0 -16.62 1.53
