analysis_pipeline/priors/csp_salt2_2.4.ecsv
# %ECSV 0.9
# ---
# datatype:
# - name: obj_id
#   datatype: string
# - name: z
#   datatype: float64
# - name: z_min
#   datatype: float64
# - name: z_max
#   datatype: float64
# - name: t0
#   datatype: float64
# - name: t0_min
#   datatype: float64
# - name: t0_max
#   datatype: float64
# - name: x0
#   datatype: float64
# - name: x0_min
#   datatype: float64
# - name: x0_max
#   datatype: float64
# - name: x1
#   datatype: float64
# - name: x1_min
#   datatype: float64
# - name: x1_max
#   datatype: float64
# - name: c
#   datatype: float64
# - name: c_min
#   datatype: float64
# - name: c_max
#   datatype: float64
# - name: message
#   datatype: string
# schema: astropy-2.0
obj_id z z_min z_max t0 t0_min t0_max x0 x0_min x0_max x1 x1_min x1_max c c_min c_max message
[from data line 102]
SN2007S 0.0139 0.0035 0.084 1145.141108359322 1117.77 1246.54 0.007737365320263476 0.0 0.05 0.874264073580821 -5.0 5.0 0.41927522019950786 -1.0 1.0 Success
SN2005bo 0.0139 0.0035 0.084 479.04020825306804 463.75 512.76 0.008204189496664531 0.0 0.05 -1.050941479028678 -5.0 5.0 0.2867349311462715 -1.0 1.0 Success
SN2006bt 0.0322 0.0035 0.084 859.6252732848316 838.76 891.71 0.0024048871428453663 0.0 0.05 -0.3090478742426515 -5.0 5.0 0.24570673472430055 -1.0 1.0 Success
SN2008fl 0.0199 0.0035 0.084 1721.0309529421509 1709.49 1789.53 0.005374123993922333 0.0 0.05 -1.1698177516042534 -5.0 5.0 0.2069572601429663 -1.0 1.0 Success
SN2007st 0.0212 0.0035 0.084 1453.174828655885 1443.66 1513.52 0.008665504507266105 0.0 0.05 -1.5832605413913117 -5.0 5.0 0.08909200628430301 -1.0 1.0 Success
SN2005hc 0.0459 0.0035 0.084 668.016452444683 646.67 755.61 0.0018097609226297405 0.0 0.05 0.9462046522032516 -5.0 5.0 0.044134144286498166 -1.0 1.0 Success
SN2009ab 0.0112 0.0035 0.084 1883.7267185782327 1859.57 1911.51 0.011170067635426602 0.0 0.05 -0.9784307821321033 -5.0 5.0 0.24169345780039037 -1.0 1.0 Success
SN2007as 0.0176 0.0035 0.084 1181.8032268945046 1160.59 1259.49 0.006971353573261572 0.0 0.05 -0.7518042466115189 -5.0 5.0 0.16912568560644134 -1.0 1.0 Success
SN2006hx 0.0455 0.0035 0.084 1022.4443498783174 997.66 1080.59 0.0015096232592963109 0.0 0.05 -0.13613989193115378 -5.0 5.0 0.1509312294038232 -1.0 1.0 Success
SN2008ff 0.0193 0.0035 0.084 1714.724368249911 1709.53 1790.57 0.006253166961877818 0.0 0.05 -0.426787159718216 -5.0 5.0 0.33246914977297015 -1.0 1.0 Success
SN2009ds 0.0193 0.0035 0.084 1962.2461384258572 1939.64 1976.62 0.009352008261390167 0.0 0.05 1.624490505965914 -5.0 5.0 0.16206964221681092 -1.0 1.0 Success
SN2008O 0.0389 0.0035 0.084 1490.9067624491133 1474.71 1571.48 0.0007022623234487135 0.0 0.05 -2.0983041598661227 -5.0 5.0 0.4214449764424035 -1.0 1.0 Success
SN2006ot 0.0531 0.0035 0.084 1066.923718637125 1048.72 1131.63 0.0009251647676023626 0.0 0.05 -0.08225086204478327 -5.0 5.0 0.27271691258405606 -1.0 1.0 Success
SN2006py 0.0579 0.0035 0.084 1071.56094333973 1054.54 1091.54 0.0009967160351534716 0.0 0.05 -0.1721239413132363 -5.0 5.0 0.09004150683714877 -1.0 1.0 Success
SN2005be 0.035 0.0035 0.084 459.96096937425125 452.89 491.77 0.0029712472192556134 0.0 0.05 -1.8282516401549125 -5.0 5.0 -0.052694686204933616 -1.0 1.0 Success
SN2006fw 0.0835 0.0035 0.084 1004.5979000963588 986.75 1039.73 0.00037831497485665404 0.0 0.05 -0.6846876178606022 -5.0 5.0 0.19554941091555214 -1.0 1.0 Success
SN2007ax 0.0069 0.0035 0.084 1189.1378938260336 1169.55 1248.47 0.003910538622421269 0.0 0.05 -2.5127290482151645 -5.0 5.0 0.6712233172061843 -1.0 1.0 Success
SN2007jg 0.0371 0.0035 0.084 1366.7975455588232 1348.82 1425.78 0.0014648581284794533 0.0 0.05 -0.31514197852281056 -5.0 5.0 0.14799951780883056 -1.0 1.0 Success
SN2007af 0.0055 0.0035 0.084 1176.5351081644749 1147.76 1257.72 0.049999572295059205 0.0 0.05 0.7094122211214985 -5.0 5.0 0.36805554885990055 -1.0 1.0 Success
SN2008cc 0.0104 0.0035 0.084 1580.2601679835961 1567.86 1654.86 0.01611217572082664 0.0 0.05 -1.6258337724974739 -5.0 5.0 0.3366662052432625 -1.0 1.0 Success
SN2006ef 0.0179 0.0035 0.084 970.03178593122 964.9 1040.71 0.01057937531024522 0.0 0.05 -1.3653723521688719 -5.0 5.0 -0.01824458783530002 -1.0 1.0 Success
SN2007nq 0.045 0.0035 0.084 1398.4040208601516 1382.65 1476.56 0.0017331290527895992 0.0 0.05 -1.8614788907017636 -5.0 5.0 0.017765508717120466 -1.0 1.0 Success
SN2008bq 0.034 0.0035 0.084 1563.9375782140023 1547.49 1606.46 0.0025675002716037936 0.0 0.05 0.4549230388374883 -5.0 5.0 0.17414914563861544 -1.0 1.0 Success
SN2008hv 0.0126 0.0035 0.084 1817.5545111845095 1789.8 1912.7 0.02008332116831239 0.0 0.05 -1.2566588759412656 -5.0 5.0 -0.04942396655050413 -1.0 1.0 Success
SN2009I 0.0262 0.0035 0.084 1852.6121746251774 1831.58 1867.58 0.0007706971640242293 0.0 0.05 0.8054372678780491 -5.0 5.0 0.7703050466850896 -1.0 1.0 Success
SN2004gc 0.0321 0.0035 0.084 330.0958234751766 314.83 397.66 0.0013737684562285675 0.0 0.05 -1.372280423436658 -5.0 5.0 0.3966952739128949 -1.0 1.0 Success
SN2005lu 0.032 0.0035 0.084 719.9484663025395 704.66 799.52 0.001373403101746595 0.0 0.05 -0.030849411138588637 -5.0 5.0 0.32413346441257623 -1.0 1.0 Success
SN2007al 0.0122 0.0035 0.084 1162.9514469678923 1155.77 1246.58 0.0031192092066610715 0.0 0.05 -2.763796289395868 -5.0 5.0 0.46111331053332577 -1.0 1.0 Success
SN2005gj 0.043750000000000004 0.0035 0.084 850.23 683.7 1016.76 0.025 0.0 0.05 0.0 -5.0 5.0 0.0 -1.0 1.0 "Fail Timeout - defaulting to middle point"
SN2008bz 0.0603 0.0035 0.084 1579.4618430225348 1565.72 1651.52 0.0010625415679769495 0.0 0.05 -0.30786909809482527 -5.0 5.0 -0.0608152516280572 -1.0 1.0 Success
SN2007bc 0.0208 0.0035 0.084 1200.7321571736989 1181.65 1259.53 0.0072759371303467 0.0 0.05 -1.0148949987512428 -5.0 5.0 0.05913668234481914 -1.0 1.0 Success
SN2008fr 0.0397 0.0035 0.084 1741.5756951938029 1723.78 1807.57 0.001839548826852167 0.0 0.05 -0.4739668438666773 -5.0 5.0 0.10697059410537448 -1.0 1.0 Success
