analysis_pipeline/priors/csp_salt2_2.4.ecsv
# %ECSV 0.9
# ---
# datatype:
# - {name: obj_id, datatype: string}
# - {name: z, datatype: float64}
# - {name: z_min, datatype: float64}
# - {name: z_max, datatype: float64}
# - {name: t0, datatype: float64}
# - {name: t0_min, datatype: float64}
# - {name: t0_max, datatype: float64}
# - {name: x0, datatype: float64}
# - {name: x0_min, datatype: float64}
# - {name: x0_max, datatype: float64}
# - {name: x1, datatype: float64}
# - {name: x1_min, datatype: float64}
# - {name: x1_max, datatype: float64}
# - {name: c, datatype: float64}
# - {name: c_min, datatype: float64}
# - {name: c_max, datatype: float64}
# - {name: message, datatype: string}
# schema: astropy-2.0
obj_id z z_min z_max t0 t0_min t0_max x0 x0_min x0_max x1 x1_min x1_max c c_min c_max message
2004dt 0.0197 0.0035 0.084 244.76620539291983 234.79 240.0 0.009582770768397666 0.0 0.05 -0.86523171701679 -5.0 5.0 0.2434250294605207 -1.0 1.0 "Lowered t0_max"
2004ef 0.031 0.0035 0.084 264.7250441249646 240.69 280.69 0.002556329728307686 0.0 0.05 -1.4145095086699584 -5.0 5.0 0.14567363870372813 -1.0 1.0 Success
2004eo 0.0157 0.0035 0.084 278.8551772256358 251.51999999999998 291.52 0.010630060699655034 0.0 0.05 -1.2241831045650196 -5.0 5.0 0.19592198567661329 -1.0 1.0 Success
2004ey 0.0158 0.0035 0.084 305.0243034947355 280.53 320.53 0.013339700378228037 0.0 0.05 0.24015988354060192 -5.0 5.0 0.08532848536434222 -1.0 1.0 Success
2004gc 0.0321 0.0035 0.084 330.0958526790842 314.83 354.83 0.0013738548169923762 0.0 0.05 -1.3718406253496742 -5.0 5.0 0.39676385783575424 -1.0 1.0 Success
2004gs 0.0267 0.0035 0.084 358.35102627588685 337.85 377.85 0.0020565958720324203 0.0 0.05 -2.356243312578029 -5.0 5.0 0.18993812835449042 -1.0 1.0 Success
2004gu 0.0459 0.0035 0.084 362.98320637158076 342.86 382.86 0.0016829483123390189 0.0 0.05 1.4435747517133721 -5.0 5.0 0.1248657520233543 -1.0 1.0 Success
2005A 0.0191 0.0035 0.084 381.565725668973 361.65 401.65 0.000826750271455472 0.0 0.05 -0.5485329603574286 -5.0 5.0 0.998915849861762 -1.0 1.0 Success
2005M 0.022 0.0035 0.084 408.47034470414786 381.77 421.77 0.0064358608064684734 0.0 0.05 1.1318612545287767 -5.0 5.0 0.07450242967755816 -1.0 1.0 Success
2005W 0.0089 0.0035 0.084 412.93764051276855 389.54 429.51 0.027646435610582505 0.0 0.05 -0.026621250670528514 -5.0 5.0 0.24285890828562046 -1.0 1.0 Success
2005ag 0.0797 0.0035 0.084 415.2193363529406 397.82 437.82 0.0006227220167658976 0.0 0.05 0.38763800514228747 -5.0 5.0 0.04022130212842978 -1.0 1.0 Success
2005al 0.0124 0.0035 0.084 433.1301888817135 414.76 433.0 0.014975898150706959 0.0 0.05 -1.599401782174747 -5.0 5.0 -0.02922044740976575 -1.0 1.0 "Lowered t0_max"
2005am 0.0079 0.0035 0.084 440.06654681148484 417.58 458.0 0.044610883026087705 0.0 0.05 -2.3274687429018037 -5.0 5.0 0.06766114019384051 -1.0 1.0 "Lowered t0_max"
2005be 0.035 0.0035 0.084 459.9589074719083 452.89 491.77 0.0029720074626807726 0.0 0.05 -1.8274697243299223 -5.0 5.0 -0.05292517217798477 -1.0 1.0 Success
2005bg 0.0231 0.0035 0.084 469.6502936512589 456.65 496.65 0.007001046951076147 0.0 0.05 0.8245199450276982 -5.0 5.0 0.028418798305016313 -1.0 1.0 Success
2005bl 0.0241 0.0035 0.084 482.8990028170245 461.61 501.61 0.0005595470560764156 0.0 0.05 -4.428090474313863 -5.0 5.0 0.5510132273653545 -1.0 1.0 "Unchanged Priors - unphysical fit"
2005bo 0.0139 0.0035 0.084 479.04619910201467 463.75 503.75 0.008204444797088251 0.0 0.05 -1.0541032860640351 -5.0 5.0 0.2866491203617932 -1.0 1.0 Success
2005el 0.0149 0.0035 0.084 649.0229993202382 624.89 664.89 0.012807957632424042 0.0 0.05 -1.4672991670021587 -5.0 5.0 -0.004904293811954119 -1.0 1.0 Success
2005eq 0.029 0.0035 0.084 656.3007164277308 632.8 672.8 0.00402548570041949 0.0 0.05 0.9665675784893207 -5.0 5.0 0.10525376430028371 -1.0 1.0 Success
2005gj 0.0616 0.0035 0.084 712.4902027948679 683.7 723.7 0.0009802623727619478 0.0 0.05 4.9995159727732155 -5.0 5.0 0.7682628345030519 -1.0 1.0 "Unchanged Priors - Failed fit"
2005hc 0.0459 0.0035 0.084 668.019336433475 646.67 686.67 0.0018093675237974447 0.0 0.05 0.9464060286981918 -5.0 5.0 0.044249487653105886 -1.0 1.0 Success
2005hj 0.0574 0.0035 0.084 676.762003864897 656.67 696.67 0.0012169450356665516 0.0 0.05 1.0276357894505321 -5.0 5.0 0.05064609586852482 -1.0 1.0 Success
2005hk 0.013 0.0035 0.084 688.962233618882 660.61 700.61 0.004651004687682948 0.0 0.05 0.08143694761768394 -5.0 5.0 0.62744648049053 -1.0 1.0 "Unchanged Priors - Flag for underestimated flux in most bands"
2005iq 0.034 0.0035 0.084 688.1300639054737 667.55 707.55 0.0031169629841384214 0.0 0.05 -0.9614093402296437 -5.0 5.0 -0.054650175741222815 -1.0 1.0 Success
2005ir 0.0763 0.0035 0.084 686.7232422400142 667.62 707.62 0.0006639172004509616 0.0 0.05 0.19114448885018412 -5.0 5.0 0.04808775397983339 -1.0 1.0 Success
2005kc 0.0151 0.0035 0.084 698.2501573563657 672.52 712.52 0.006367239199819658 0.0 0.05 -0.6396712245255962 -5.0 5.0 0.37946967110868307 -1.0 1.0 Success
2005ke 0.0049 0.0035 0.084 700.3750871929415 674.69 714.69 0.015711761276639365 0.0 0.05 -1.8382950291840727 -5.0 5.0 0.5105253819224262 -1.0 1.0 Success
2005ki 0.0192 0.0035 0.084 705.7737312667617 680.86 720.86 0.00931561531165275 0.0 0.05 -1.4882241511829184 -5.0 5.0 -0.03335591974065433 -1.0 1.0 Success
2005ku 0.0454 0.0035 0.084 699.0423096517516 684.56 724.56 0.0013317579138449839 0.0 0.05 0.11007356768416698 -5.0 5.0 0.17401093538948903 -1.0 1.0 Success
2005lu 0.032 0.0035 0.084 720.0045603609256 704.66 744.66 0.0012879452269853946 0.0 0.05 0.09891567015479322 -5.0 5.0 0.38049030349127255 -1.0 1.0 Success
2005mc 0.0252 0.0035 0.084 730.5875851074046 721.79 761.79 0.002518149174865097 0.0 0.05 -2.137040516755666 -5.0 5.0 0.25348357030509044 -1.0 1.0 Success
2005na 0.0263 0.0035 0.084 744.2880822394073 723.71 763.71 0.005118059365400242 0.0 0.05 -1.1778237689934046 -5.0 5.0 0.032438354307396826 -1.0 1.0 Success
2006D 0.0085 0.0035 0.084 759.3350891493521 736.84 776.84 0.029433325873900067 0.0 0.05 -1.6308986738895765 -5.0 5.0 0.10297557072677654 -1.0 1.0 Success
2006X 0.0052 0.0035 0.084 788.4401451203593 760.68 800.68 0.013623776815398995 0.0 0.05 -0.03307553270335182 -5.0 5.0 0.9999941803920792 -1.0 3.0 "Increased c_max"
2006ax 0.0167 0.0035 0.084 828.1244059253715 800.64 840.64 0.013949298846640505 0.0 0.05 0.1705883480865364 -5.0 5.0 -0.0009836424304378601 -1.0 1.0 Success
2006bd 0.0257 0.0035 0.084 810.1068851091699 807.75 847.75 0.0012193657843709608 0.0 0.05 -1.6938844848724386 -5.0 5.0 0.3873348913542966 -1.0 1.0 Success
2006bh 0.0109 0.0035 0.084 833.3468225804887 814.91 854.91 0.028922803613562826 0.0 0.05 -1.477570751856091 -5.0 5.0 -0.019546700222373675 -1.0 1.0 Success
2006br 0.0246 0.0035 0.084 851.3645317056965 840.66 880.66 0.00042809105987297503 0.0 0.05 -0.80020100361715 -5.0 5.0 0.8568565466253583 -1.0 1.0 Success
2006bt 0.0322 0.0035 0.084 859.6264132989431 838.76 878.76 0.00240473232220308 0.0 0.05 -0.3102760716728707 -5.0 5.0 0.24563606956503545 -1.0 1.0 Success
2006dd 0.0059 0.0035 0.084 931.8917622000495 891.94 931.94 0.04999792028157711 0.0 0.05 4.999469941399415 -5.0 5.0 0.3945783310822634 -1.0 1.0 "Unchanged Priors - Failed fit"
2006ef 0.0179 0.0035 0.084 970.0317853689236 964.9 1004.9 0.010578335660322137 0.0 0.05 -1.3650574789954089 -5.0 5.0 -0.01820288861730078 -1.0 1.0 Success
2006ej 0.0205 0.0035 0.084 975.9629288808356 964.74 1004.74 0.008236132358056918 0.0 0.05 -1.4232740219047224 -5.0 5.0 -0.007765388860495912 -1.0 1.0 Success
2006eq 0.0495 0.0035 0.084 977.0495021240991 965.56 1005.56 0.0006240185285210232 0.0 0.05 -2.3233387371314347 -5.0 5.0 0.25387151116415624 -1.0 1.0 Success
2006et 0.0226 0.0035 0.084 995.4503597761158 967.63 1007.63 0.006334949344894365 0.0 0.05 0.7083979165448778 -5.0 5.0 0.2165763279866116 -1.0 1.0 Success
2006ev 0.0287 0.0035 0.084 989.91212126295 978.59 1018.59 0.0019047404555256357 0.0 0.05 -1.3236004392300413 -5.0 5.0 0.20130633525302802 -1.0 1.0 Success
2006fw 0.0835 0.0035 0.084 1004.5965319700086 986.75 1026.75 0.00037827420085674975 0.0 0.05 -0.6893505953629318 -5.0 5.0 0.19547918733086675 -1.0 1.0 Success
2006gj 0.0284 0.0035 0.084 1001.3118671915137 983.83 1023.83 0.0011136908130584358 0.0 0.05 -2.3052407368715087 -5.0 5.0 0.37607605565141444 -1.0 1.0 Success
2006gt 0.0448 0.0035 0.084 1004.41822100209 986.67 1026.67 0.0007695308493252254 0.0 0.05 -2.562393138940755 -5.0 5.0 0.1911569155737241 -1.0 1.0 Success
2006hb 0.0153 0.0035 0.084 1000.1036788155466 991.87 1031.87 0.012388166326541352 0.0 0.05 -2.1234716790290187 -5.0 5.0 0.03889123239340456 -1.0 1.0 Success
2006hx 0.0455 0.0035 0.084 1022.439823068062 997.66 1037.6599999999999 0.0015105019548808999 0.0 0.05 -0.13714676358292222 -5.0 5.0 0.15017499770778905 -1.0 1.0 Success
2006is 0.031 0.0035 0.084 1014.2502650968911 993.9 1020.0 0.004246671668016868 0.0 0.05 0.5354884896365246 -5.0 5.0 0.05451886492822486 -1.0 1.0 "Lowered t0_max"
2006kf 0.0213 0.0035 0.084 1041.311203686489 1021.81 1061.81 0.0032005480869338535 0.0 0.05 -2.1082710072873083 -5.0 5.0 0.22064054245389056 -1.0 1.0 Success
2006lu 0.0534 0.0035 0.084 1039.1845060008418 1025.84 1065.84 0.0010274076945955921 0.0 0.05 -0.21903873777906263 -5.0 5.0 0.080766436116099 -1.0 1.0 Success
2006mr 0.0059 0.0035 0.084 1050.9515153649106 1030.86 1070.86 0.009430630968865013 0.0 0.05 -1.8076888249841327 -5.0 5.0 0.5167261683512642 -1.0 1.0 Success
2006ob 0.0592 0.0035 0.084 1063.7435430925677 1045.65 1085.65 0.0008082396622365501 0.0 0.05 -2.2390613978382303 -5.0 5.0 0.027815068778605286 -1.0 1.0 Success
2006os 0.0328 0.0035 0.084 1065.3267230041988 1048.65 1088.65 0.0009351658613742923 0.0 0.05 -0.6788837426358451 -5.0 5.0 0.49575019682622024 -1.0 1.0 Success
2006ot 0.0531 0.0035 0.084 1066.9239627635286 1048.72 1088.72 0.0009250985293149874 0.0 0.05 -0.08042015362741797 -5.0 5.0 0.27256725725133313 -1.0 1.0 Success
2006py 0.0579 0.0035 0.084 1071.5587717392573 1054.54 1091.54 0.0009960733545213909 0.0 0.05 -0.16589890497900153 -5.0 5.0 0.09065358317642502 -1.0 1.0 Success
2007A 0.0177 0.0035 0.084 1113.5508377005067 1092.53 1132.53 0.006922118698261117 0.0 0.05 0.7532617523974559 -5.0 5.0 0.2572050742507316 -1.0 1.0 Success
2007N 0.0129 0.0035 0.084 1113.198368708718 1108.82 1148.82 0.00235787451760349 0.0 0.05 -3.0098108779098944 -5.0 5.0 0.5797268828585571 -1.0 1.0 Success
2007S 0.0139 0.0035 0.084 1145.141462938664 1117.77 1157.77 0.0077359648282031915 0.0 0.05 0.8751066999266304 -5.0 5.0 0.4193484427625346 -1.0 1.0 Success
2007af 0.0055 0.0035 0.084 1176.5351264061028 1147.76 1187.76 0.049999520497420236 0.0 0.7 0.7108827193216882 -5.0 5.0 0.36788077674926717 -1.0 1.0 "Increased x0_max"
2007ai 0.0317 0.0035 0.084 1176.288205399243 1152.88 1192.88 0.0008382804255829142 0.0 0.05 0.19709295748398595 -5.0 5.0 0.5315902326422938 -1.0 1.0 Success
2007al 0.0122 0.0035 0.084 1162.951404173826 1155.77 1195.77 0.003120411387983478 0.0 0.05 -2.764419246480323 -5.0 5.0 0.46083342977528907 -1.0 1.0 Success
2007as 0.0176 0.0035 0.084 1181.8008674709447 1160.59 1200.59 0.006971905041621657 0.0 0.05 -0.7510914771196792 -5.0 5.0 0.1690708718245977 -1.0 1.0 Success
2007ax 0.0069 0.0035 0.084 1189.1163840012919 1169.55 1209.55 0.003973962968542886 0.0 0.05 -2.451179646476594 -5.0 5.0 0.6434267356750523 -1.0 1.0 Success
2007ba 0.0385 0.0035 0.084 1197.3587420382523 1175.83 1215.83 0.0011401904466422043 0.0 0.05 -2.9547775386182598 -5.0 5.0 0.3471410679139823 -1.0 1.0 Success
2007bc 0.0208 0.0035 0.084 1200.7347808519326 1181.65 1221.65 0.007275616731578081 0.0 0.05 -1.0158314185606103 -5.0 5.0 0.05921270471602732 -1.0 1.0 Success
2007bd 0.0309 0.0035 0.084 1207.9153240414043 1182.53 1222.53 0.0036033405587368983 0.0 0.05 -0.6351777227787561 -5.0 5.0 -0.00744332824467738 -1.0 1.0 Success
2007bm 0.0062 0.0035 0.084 1224.9907218303867 1202.57 1242.57 0.024973553458685866 0.0 0.05 -0.8947014687553861 -5.0 5.0 0.5197595425383025 -1.0 1.0 Success
2007ca 0.0141 0.0035 0.084 1228.1911304668959 1202.65 1242.65 0.005961777664297381 0.0 0.05 0.6299661644912166 -5.0 5.0 0.34770271056518204 -1.0 1.0 Success
2007cg 0.0332 0.0035 0.084 1228.1218083595606 1220.63 1259.59 0.0007179175961007054 0.0 0.05 0.8158143549176339 -5.0 5.0 0.6951280185107486 -1.0 1.0 Success
2007hj 0.0141 0.0035 0.084 1346.4439802671623 1333.76 1373.76 0.008564921151991856 0.0 0.05 -2.1547859148725923 -5.0 5.0 0.25631256846539535 -1.0 1.0 Success
2007hx 0.0794 0.0035 0.084 1354.7833048502216 1339.78 1379.78 0.0003120671626120881 0.0 0.05 0.4617438134310369 -5.0 5.0 0.19507432859364593 -1.0 1.0 Success
2007if 0.0742 0.0035 0.084 1355.9543751699466 1340.77 1380.77 0.0010698985405991394 0.0 0.05 0.4582552929424584 -5.0 5.0 0.37483909245078306 -1.0 1.0 Success
2007jd 0.0726 0.0035 0.084 1361.4892453242414 1347.83 1387.83 0.0003744686695300644 0.0 0.05 -0.6645307192168042 -5.0 5.0 0.17520804837636486 -1.0 1.0 Success
2007jg 0.0371 0.0035 0.084 1366.7976334710709 1348.82 1388.82 0.0014648796200698617 0.0 0.05 -0.31562654485585356 -5.0 5.0 0.14797079084335854 -1.0 1.0 Success
2007jh 0.0408 0.0035 0.084 1363.5947993589893 1348.86 1388.86 0.0005575735100834049 0.0 0.05 -1.315029703768313 -5.0 5.0 0.38917812918281225 -1.0 1.0 Success
2007le 0.0067 0.0035 0.084 1399.8673884835957 1373.57 1413.57 0.042449885548158615 0.0 0.05 0.302657497597456 -5.0 5.0 0.3130475146784584 -1.0 1.0 Success
2007mm 0.0664 0.0035 0.084 1392.5199891695636 1370.72 1410.72 0.00019042405865629178 0.0 0.05 -3.4594854167848204 -5.0 5.0 0.43683118636078727 -1.0 1.0 Success
2007nq 0.045 0.0035 0.084 1398.3984747796699 1382.65 1422.65 0.0017338973500879945 0.0 0.05 -1.8598536754429833 -5.0 5.0 0.017661201662797735 -1.0 1.0 Success
2007ol 0.0559 0.0035 0.084 1413.2201787115248 1394.79 1422.66 0.0009404942114053722 0.0 0.05 -2.0973365126518426 -5.0 5.0 0.01956675979426082 -1.0 1.0 Success
2007on 0.0065 0.0035 0.084 1422.2868813405662 1395.73 1435.73 0.049992306427598485 0.0 0.1 -0.3214251176883609 -5.0 5.0 0.30793611799914467 -1.0 1.0 "Increased x0_max"
2007so 0.0297 0.0035 0.084 1434.8780709810194 1434.68 1474.68 0.001939308354431464 0.0 0.05 -1.5227045422806975 -5.0 5.0 0.3010914374551372 -1.0 1.0 Success
2007sr 0.0055 0.0035 0.084 1458.7401402793837 1439.84 1479.84 0.04986847642249756 0.0 0.25 0.5375742021407852 -5.0 5.0 0.4615458404897348 -1.0 1.0 "Increased x0_max"
2007st 0.0212 0.0035 0.084 1453.177090210785 1443.66 1483.66 0.008665009924397993 0.0 0.05 -1.5844047801462537 -5.0 5.0 0.08903851064524018 -1.0 1.0 Success
2007ux 0.0309 0.0035 0.084 1463.6432335194704 1451.82 1491.82 0.001919898745551544 0.0 0.05 -2.11722282269802 -5.0 5.0 0.15527489237369235 -1.0 1.0 Success
2008C 0.0166 0.0035 0.084 1470.7532030129178 1454.81 1494.81 0.006089086832651778 0.0 0.05 -1.5598962381966617 -5.0 5.0 0.26966365658695246 -1.0 1.0 Success
2008J 0.0159 0.0035 0.084 1469.5802183471983 1469.54 1480.0 0.008518156310508665 0.0 0.05 0.06752610609627396 -5.0 5.0 0.9858141643060665 -1.0 2.0 "Increased c_max - Still a failed fit"
2008O 0.0389 0.0035 0.084 1490.9030343785212 1474.71 1514.71 0.0007023207219515918 0.0 0.05 -2.097844313083976 -5.0 5.0 0.42106371102252177 -1.0 1.0 Success
2008R 0.0135 0.0035 0.084 1492.3817588977213 1478.63 1518.63 0.011615326515718644 0.0 0.05 -2.1707809784872234 -5.0 5.0 0.1314182708211184 -1.0 1.0 Success
2008ae 0.03 0.0035 0.084 1513.1104935081296 1493.74 1533.74 0.0004659293435800732 0.0 0.05 -2.2629504610711546 -5.0 5.0 0.818899813516436 -1.0 1.0 Success
2008ar 0.0261 0.0035 0.084 1535.3505720244461 1512.79 1552.79 0.004846241566197011 0.0 0.05 -0.07799563299107622 -5.0 5.0 0.06363382957100923 -1.0 1.0 Success
2008bc 0.0151 0.0035 0.084 1550.5361401358775 1526.67 1566.67 0.009143962986756167 0.0 0.05 0.6241786738988658 -5.0 5.0 0.18604162676990227 -1.0 1.0 Success
2008bd 0.0301 0.0035 0.084 1526.9542528892785 1526.7 1566.7 0.0011913563808655778 0.0 0.05 -3.094170922464015 -5.0 5.0 0.1723242568512789 -1.0 1.0 Success
2008bf 0.0235 0.0035 0.084 1555.4774311455014 1531.79 1571.79 0.007880725625954108 0.0 0.05 0.5771882162610578 -5.0 5.0 -0.025268983504777534 -1.0 1.0 Success
2008bi 0.0134 0.0035 0.084 1536.5281364156237 1536.52 1576.52 0.004643171693036319 0.0 0.05 -2.6480264210071076 -5.0 5.0 0.24538232892116235 -1.0 1.0 Success
2008bq 0.034 0.0035 0.084 1563.9369719849954 1547.49 1587.49 0.0025671893929231737 0.0 0.05 0.45555409100107763 -5.0 5.0 0.17420255387763042 -1.0 1.0 Success
2008bt 0.0154 0.0035 0.084 1569.0463743858368 1556.61 1596.61 0.00326532046909297 0.0 0.05 -2.255910056840353 -5.0 5.0 0.42885549641322945 -1.0 1.0 Success
2008bz 0.0603 0.0035 0.084 1579.4510258868436 1565.72 1605.72 0.001063289496842992 0.0 0.05 -0.30831636520400557 -5.0 5.0 -0.06109514543029737 -1.0 1.0 Success
