analysis_pipeline/priors/csp_salt2_2.4.man.ecsv
# %ECSV 0.9
# ---
# datatype:
# - {name: obj_id, datatype: string}
# - {name: z, datatype: float64}
# - {name: z_min, datatype: float64}
# - {name: z_max, datatype: float64}
# - {name: t0, datatype: float64}
# - {name: t0_min, datatype: float64}
# - {name: t0_max, datatype: float64}
# - {name: x0, datatype: float64}
# - {name: x0_min, datatype: float64}
# - {name: x0_max, datatype: float64}
# - {name: x1, datatype: float64}
# - {name: x1_min, datatype: float64}
# - {name: x1_max, datatype: float64}
# - {name: c, datatype: float64}
# - {name: c_min, datatype: float64}
# - {name: c_max, datatype: float64}
# - {name: message, datatype: string}
# schema: astropy-2.0
obj_id z z_min z_max t0 t0_min t0_max x0 x0_min x0_max x1 x1_min x1_max c c_min c_max message
2004dt 0.0197 0.0035 0.084 244.76620539291983 234.79 240.0 0.009582770768397666 0.0 0.05 -0.86523171701679 -5.0 5.0 0.2434250294605207 -1.0 1.0 "Lowered t0_max"
2005al 0.0124 0.0035 0.084 433.1301888817135 414.76 433.0 0.014975898150706959 0.0 0.05 -1.599401782174747 -5.0 5.0 -0.02922044740976575 -1.0 1.0 "Lowered t0_max"
2005am 0.0079 0.0035 0.084 440.06654681148484 417.58 458.0 0.044610883026087705 0.0 0.05 -2.3274687429018037 -5.0 5.0 0.06766114019384051 -1.0 1.0 "Lowered t0_max"
2005bl 0.0241 0.0035 0.084 482.8990028170245 461.61 501.61 0.0005595470560764156 0.0 0.05 -4.428090474313863 -5.0 5.0 0.5510132273653545 -1.0 1.0 "Unchanged Priors - unphysical fit"
2005gj 0.0616 0.0035 0.084 712.4902027948679 683.7 723.7 0.0009802623727619478 0.0 0.05 4.9995159727732155 -5.0 5.0 0.7682628345030519 -1.0 1.0 "Unchanged Priors - Failed fit"
2005hk 0.013 0.0035 0.084 688.962233618882 660.61 700.61 0.004651004687682948 0.0 0.05 0.08143694761768394 -5.0 5.0 0.62744648049053 -1.0 1.0 "Unchanged Priors - Flag for underestimated flux in most bands"
2006X 0.0052 0.0035 0.084 788.4401451203593 760.68 800.68 0.013623776815398995 0.0 0.05 -0.03307553270335182 -5.0 5.0 0.9999941803920792 -1.0 3.0 "Increased c_max"
2006dd 0.0059 0.0035 0.084 931.8917622000495 891.94 931.94 0.04999792028157711 0.0 0.05 4.999469941399415 -5.0 5.0 0.3945783310822634 -1.0 1.0 "Unchanged Priors - Failed fit"
2006is 0.031 0.0035 0.084 1014.2502650968911 993.9 1020.0 0.004246671668016868 0.0 0.05 0.5354884896365246 -5.0 5.0 0.05451886492822486 -1.0 1.0 "Lowered t0_max"
2007af 0.0055 0.0035 0.084 1176.5351264061028 1147.76 1187.76 0.049999520497420236 0.0 0.7 0.7108827193216882 -5.0 5.0 0.36788077674926717 -1.0 1.0 "Increased x0_max"
2007on 0.0065 0.0035 0.084 1422.2868813405662 1395.73 1435.73 0.049992306427598485 0.0 0.1 -0.3214251176883609 -5.0 5.0 0.30793611799914467 -1.0 1.0 "Increased x0_max"
2007sr 0.0055 0.0035 0.084 1458.7401402793837 1439.84 1479.84 0.04986847642249756 0.0 0.25 0.5375742021407852 -5.0 5.0 0.4615458404897348 -1.0 1.0 "Increased x0_max"
2008J 0.0159 0.0035 0.084 1469.5802183471983 1469.54 1480.0 0.008518156310508665 0.0 0.05 0.06752610609627396 -5.0 5.0 0.9858141643060665 -1.0 2.0 "Increased c_max - Still a failed fit"
2008fw 0.0085 0.0035 0.084 1745.4039223783718 1725.89 1740.0 0.013269141868411567 0.0 0.05 -0.0404207218841095 -5.0 5.0 0.3872395183472699 -1.0 1.0 "Increased t0_max"
2009I 0.0262 0.0035 0.084 1852.6100899682078 1831.58 1867.58 0.0007703343017347572 0.0 0.05 0.8088170963645329 -5.0 5.0 0.7705556060680038 -1.0 1.0 "Unchanged Priors - Flag for underestimated flux in most bands"
