analysis_pipeline/priors/csp_4_salt2_2.4.ecsv
# %ECSV 0.9
# ---
# datatype:
# - name: obj_id
#   datatype: string
# - name: t0
#   datatype: float64
# - name: t0_min
#   datatype: float64
# - name: t0_max
#   datatype: float64
# - name: x0
#   datatype: float64
# - name: x0_min
#   datatype: float64
# - name: x0_max
#   datatype: float64
# - name: x1
#   datatype: float64
# - name: x1_min
#   datatype: float64
# - name: x1_max
#   datatype: float64
# - name: c
#   datatype: float64
# - name: c_min
#   datatype: float64
# - name: c_max
#   datatype: float64
# schema: astropy-2.0
obj_id t0 t0_min t0_max x0 x0_min x0_max x1 x1_min x1_max c c_min c_max
2004dt 0.0197 234.79 365.62 244.76512060578997 0.0 0.05 0.009550924734784588 -5.0 5.0 -0.8488446070893598 -1.0 1.0
2004ef 0.031 240.69 329.57 264.7252072216164 0.0 0.05 0.002556381029021972 -5.0 5.0 -1.413947745211134 -1.0 1.0
2004eo 0.0157 251.51999999999998 341.54 278.8551400531374 0.0 0.05 0.010630425261640736 -5.0 5.0 -1.2243201887193726 -1.0 1.0
2004ey 0.0158 280.53 358.55 305.02415204308073 0.0 0.05 0.013340697103308466 -5.0 5.0 0.23920184284400034 -1.0 1.0
2004gc 0.0321 314.83 397.66 330.095806203267 0.0 0.05 0.0013738972930679616 -5.0 5.0 -1.371587113022179 -1.0 1.0
2004gs 0.0267 337.85 461.56 358.3452400764175 0.0 0.05 0.0020333759700691427 -5.0 5.0 -2.3525120519267273 -1.0 1.0
2004gu 0.0459 342.86 410.84 362.9826258037612 0.0 0.05 0.0016828195018732247 -5.0 5.0 1.4438865144792266 -1.0 1.0
2005A 0.0191 361.65 433.53 381.56577480730806 0.0 0.05 0.0008267716172634129 -5.0 5.0 -0.5480474031310894 -1.0 1.0
2005ag 0.0797 397.82 480.84 415.21493822650154 0.0 0.05 0.0006228470986260179 -5.0 5.0 0.3878538333403402 -1.0 1.0
2005al 0.0124 414.76 512.79 433.1301871183006 0.0 0.05 0.014977949173618004 -5.0 5.0 -1.5994885908204413 -1.0 1.0
2005am 0.0079 417.58 512.46 440.0670304308917 0.0 0.05 0.043710035681474406 -5.0 5.0 -2.264500248994885 -1.0 1.0
2005be 0.035 452.89 491.77 459.96073931355494 0.0 0.05 0.002971216537894254 -5.0 5.0 -1.8272282493213954 -1.0 1.0
2005bg 0.0231 456.65 512.61 469.65041401038565 0.0 0.05 0.007001797554666019 -5.0 5.0 0.8253381755687651 -1.0 1.0
2005bl 0.0241 461.61 512.57 482.898052173642 0.0 0.05 0.0005593737224795973 -5.0 5.0 -4.4293896062056 -1.0 1.0
2005bo 0.0139 463.75 512.76 479.04668070596904 0.0 0.05 0.008203170774123069 -5.0 5.0 -1.0538829821340292 -1.0 1.0
2005el 0.0149 624.89 730.75 649.0150416540681 0.0 0.05 0.012837250786952387 -5.0 5.0 -1.5229166342344238 -1.0 1.0
2005eq 0.029 632.8 751.66 656.3008158630975 0.0 0.05 0.004024429314565208 -5.0 5.0 0.9683498867770276 -1.0 1.0
