analysis_pipeline/priors/csp_salt2_2.4.ecsv
# %ECSV 0.9
# ---
# datatype:
# - name: obj_id
#   datatype: string
# - name: z
#   datatype: float64
# - name: z_min
#   datatype: float64
# - name: z_max
#   datatype: float64
# - name: t0
#   datatype: float64
# - name: t0_min
#   datatype: float64
# - name: t0_max
#   datatype: float64
# - name: x0
#   datatype: float64
# - name: x0_min
#   datatype: float64
# - name: x0_max
#   datatype: float64
# - name: x1
#   datatype: float64
# - name: x1_min
#   datatype: float64
# - name: x1_max
#   datatype: float64
# - name: c
#   datatype: float64
# - name: c_min
#   datatype: float64
# - name: c_max
#   datatype: float64
# - name: message
#   datatype: string
# schema: astropy-2.0
obj_id z z_min z_max t0 t0_min t0_max x0 x0_min x0_max x1 x1_min x1_max c c_min c_max message
2004dt 0.0197 0.0035 0.084 244.76620539291983 234.79 274.78999999999996 0.009582770768397666 0.0 0.05 -0.86523171701679 -5.0 5.0 0.2434250294605207 -1.0 1.0 Success
2004ef 0.031 0.0035 0.084 264.7255303624849 240.69 280.69 0.002556402416731658 0.0 0.05 -1.4145757824892182 -5.0 5.0 0.14570350373421456 -1.0 1.0 Success
2004eo 0.0157 0.0035 0.084 278.85487666333785 251.51999999999998 291.52 0.010629826911293865 0.0 0.05 -1.2243534439458434 -5.0 5.0 0.19592699022689553 -1.0 1.0 Success
2004ey 0.0158 0.0035 0.084 305.02371752040716 280.53 320.53 0.013339581653137304 0.0 0.05 0.24034688702655488 -5.0 5.0 0.0853442023455415 -1.0 1.0 Success
2004gc 0.0321 0.0035 0.084 330.0957793477811 314.83 354.83 0.0013739125184341258 0.0 0.05 -1.3727573703186806 -5.0 5.0 0.3966718561753589 -1.0 1.0 Success
2004gs 0.0267 0.0035 0.084 358.3453986399147 337.85 377.85 0.0020297262760951506 0.0 0.05 -2.3766669069116553 -5.0 5.0 0.20566309347455825 -1.0 1.0 Success
2004gu 0.0459 0.0035 0.084 362.98333261139845 342.86 382.86 0.001683085499844519 0.0 0.05 1.4409461001063604 -5.0 5.0 0.1248586843820441 -1.0 1.0 Success
2005A 0.0191 0.0035 0.084 381.5657360907814 361.65 401.65 0.0008268960714016907 0.0 0.05 -0.5498153480223797 -5.0 5.0 0.9988098091470852 -1.0 1.0 Success
2005W 0.0089 0.0035 0.084 412.9367759989729 389.54 429.51 0.027648834517866212 0.0 0.05 -0.02834127349410389 -5.0 5.0 0.24282022808274176 -1.0 1.0 Success
2005ag 0.0797 0.0035 0.084 415.2109817950713 397.82 437.82 0.0006229361238349438 0.0 0.05 0.3894148385285101 -5.0 5.0 0.04002642921821828 -1.0 1.0 Success
2005al 0.0124 0.0035 0.084 433.1301888817135 414.76 454.76 0.014975898150706959 0.0 0.05 -1.599401782174747 -5.0 5.0 -0.02922044740976575 -1.0 1.0 Success
2005M 0.022 0.0035 0.084 408.4841660340994 381.77 421.77 0.006438862955942787 0.0 0.05 1.1086703511261566 -5.0 5.0 0.08089581256952405 -1.0 1.0 Success
2005am 0.0079 0.0035 0.084 440.06654681148484 417.58 457.58 0.044610883026087705 0.0 0.05 -2.3274687429018037 -5.0 5.0 0.06766114019384051 -1.0 1.0 Success
2005be 0.035 0.0035 0.084 459.9594533348206 452.89 491.77 0.0029715655690185673 0.0 0.05 -1.8271641458251133 -5.0 5.0 -0.05281004004388258 -1.0 1.0 Success
2005bg 0.0231 0.0035 0.084 469.6544442288684 456.65 496.65 0.00700026182586868 0.0 0.05 0.8246307564388973 -5.0 5.0 0.02842277591865634 -1.0 1.0 Success
2005bl 0.0241 0.0035 0.084 482.8990028170245 461.61 501.61 0.0005595470560764156 0.0 0.05 -4.428090474313863 -5.0 5.0 0.5510132273653545 -1.0 1.0 Success
2005bo 0.0139 0.0035 0.084 479.04881724032265 463.75 503.75 0.008205783546001096 0.0 0.05 -1.0570535971802595 -5.0 5.0 0.2863794910810356 -1.0 1.0 Success
2005el 0.0149 0.0035 0.084 649.019579737681 624.89 664.89 0.013020547547609977 0.0 0.05 -1.518621402296926 -5.0 5.0 -0.014401648618145246 -1.0 1.0 Success
2005eq 0.029 0.0035 0.084 656.3007342618275 632.8 672.8 0.0040242037896237055 0.0 0.05 0.9686117877578376 -5.0 5.0 0.1054108798550169 -1.0 1.0 Success
2005gj 0.0616 0.0035 0.084 712.4902027948679 683.7 723.7 0.0009802623727619478 0.0 0.05 4.9995159727732155 -5.0 5.0 0.7682628345030519 -1.0 1.0 Success
2005hc 0.0459 0.0035 0.084 668.0196691699997 646.67 686.67 0.0018093808788680246 0.0 0.05 0.947533525089843 -5.0 5.0 0.04416714671263057 -1.0 1.0 Success
2005hj 0.0574 0.0035 0.084 676.7620209020467 656.67 696.67 0.001217152002217553 0.0 0.05 1.024558479102373 -5.0 5.0 0.050797562126979806 -1.0 1.0 Success
2005hk 0.013 0.0035 0.084 688.962233618882 660.61 700.61 0.004651004687682948 0.0 0.05 0.08143694761768394 -5.0 5.0 0.62744648049053 -1.0 1.0 Success
2005iq 0.034 0.0035 0.084 688.1306815314662 667.55 707.55 0.0031167572819067392 0.0 0.05 -0.9611707460920058 -5.0 5.0 -0.054605235083088226 -1.0 1.0 Success
2005ir 0.0763 0.0035 0.084 686.7219857578716 667.62 707.62 0.0006654914705760968 0.0 0.05 0.19250714456008064 -5.0 5.0 0.044497258634457006 -1.0 1.0 Success
2005kc 0.0151 0.0035 0.084 698.2477045377113 672.52 712.52 0.006366155172860057 0.0 0.05 -0.6401673046412577 -5.0 5.0 0.37959811332873267 -1.0 1.0 Success
2005ke 0.0049 0.0035 0.084 700.3750804542611 674.69 714.69 0.015713935022675995 0.0 0.05 -1.838919744617952 -5.0 5.0 0.5104262677597456 -1.0 1.0 Success
2005ki 0.0192 0.0035 0.084 705.7737796376391 680.86 720.86 0.009315702546415238 0.0 0.05 -1.4879441922691838 -5.0 5.0 -0.033499781097099265 -1.0 1.0 Success
2005ku 0.0454 0.0035 0.084 699.0302440113368 684.56 724.56 0.0013316840540600254 0.0 0.05 0.11364467244174284 -5.0 5.0 0.1744121914983794 -1.0 1.0 Success
2005lu 0.032 0.0035 0.084 719.9433683042761 704.66 744.66 0.0013774959174779418 0.0 0.05 -0.31707211138286195 -5.0 5.0 0.3290914783075134 -1.0 1.0 Success
2005mc 0.0252 0.0035 0.084 730.5926525952005 721.79 761.79 0.0025174429669560946 0.0 0.05 -2.137740618094263 -5.0 5.0 0.25337639232408243 -1.0 1.0 Success
2005na 0.0263 0.0035 0.084 744.2889132211795 723.71 763.71 0.0052543119829404055 0.0 0.05 -1.2302471598677203 -5.0 5.0 0.015051824461088437 -1.0 1.0 Success
2006D 0.0085 0.0035 0.084 759.3350936036006 736.84 776.84 0.029438492745458046 0.0 0.05 -1.6316154955344078 -5.0 5.0 0.10285298316793401 -1.0 1.0 Success
2006X 0.0052 0.0035 0.084 788.4401451203593 760.68 800.68 0.013623776815398995 0.0 0.05 -0.03307553270335182 -5.0 5.0 0.9999941803920792 -1.0 1.0 Success
2006ax 0.0167 0.0035 0.084 828.1248469931281 800.64 840.64 0.01394851864187956 0.0 0.05 0.17076391236534433 -5.0 5.0 -0.0009388867792397691 -1.0 1.0 Success
2006bd 0.0257 0.0035 0.084 810.1137176591092 807.75 847.75 0.0012204430348864807 0.0 0.05 -1.697671661351477 -5.0 5.0 0.3865334338586071 -1.0 1.0 Success
2006bh 0.0109 0.0035 0.084 833.3470939931541 814.91 854.91 0.028926978107314268 0.0 0.05 -1.4783576792680966 -5.0 5.0 -0.01963266588256942 -1.0 1.0 Success
2006br 0.0246 0.0035 0.084 851.3691431656082 840.66 880.66 0.0004279770443516329 0.0 0.05 -0.7994545561377874 -5.0 5.0 0.856995282814735 -1.0 1.0 Success
2006bt 0.0322 0.0035 0.084 859.6219219398657 838.76 878.76 0.002405376324392636 0.0 0.05 -0.3090351017267632 -5.0 5.0 0.24545891741853312 -1.0 1.0 Success
2006dd 0.0059 0.0035 0.084 931.8917622000495 891.94 931.94 0.04999792028157711 0.0 0.05 4.999469941399415 -5.0 5.0 0.3945783310822634 -1.0 1.0 Success
2006ef 0.0179 0.0035 0.084 970.031717308202 964.9 1004.9 0.01057486090374403 0.0 0.05 -1.3647993755605277 -5.0 5.0 -0.01801112843317578 -1.0 1.0 Success
2006ej 0.0205 0.0035 0.084 975.96924330692 964.74 1004.74 0.008236114278478176 0.0 0.05 -1.4254916869433019 -5.0 5.0 -0.007847132355529963 -1.0 1.0 Success
2006eq 0.0495 0.0035 0.084 977.0451661720197 965.56 1005.56 0.0006253566523071936 0.0 0.05 -2.3464323349434313 -5.0 5.0 0.2501600290613471 -1.0 1.0 Success
2006et 0.0226 0.0035 0.084 995.4503321586429 967.63 1007.63 0.006335402364249122 0.0 0.05 0.7086973804743141 -5.0 5.0 0.21641517613565459 -1.0 1.0 Success
2006ev 0.0287 0.0035 0.084 989.9143109075112 978.59 1018.59 0.0019043586360846132 0.0 0.05 -1.3241740541578826 -5.0 5.0 0.2015898652686368 -1.0 1.0 Success
2006fw 0.0835 0.0035 0.084 1004.5985608212267 986.75 1026.75 0.00037831256118353715 0.0 0.05 -0.6795556094446853 -5.0 5.0 0.19565562114369903 -1.0 1.0 Success
2006gj 0.0284 0.0035 0.084 1001.3119631655441 983.83 1023.83 0.0011129422775709634 0.0 0.05 -2.305808646590543 -5.0 5.0 0.37651218500250233 -1.0 1.0 Success
2006gt 0.0448 0.0035 0.084 1004.41544586655 986.67 1026.67 0.0007683020325513405 0.0 0.05 -2.556631595499163 -5.0 5.0 0.19372481346852 -1.0 1.0 Success
2006hb 0.0153 0.0035 0.084 1000.102655050989 991.87 1031.87 0.012386647549636668 0.0 0.05 -2.1224788713335894 -5.0 5.0 0.03891541741227315 -1.0 1.0 Success
2006hx 0.0455 0.0035 0.084 1022.4460839138843 997.66 1037.6599999999999 0.0015100982293700291 0.0 0.05 -0.13936358948919264 -5.0 5.0 0.15060907479500824 -1.0 1.0 Success
2006is 0.031 0.0035 0.084 1014.2502650968911 993.9 1033.9 0.004246671668016868 0.0 0.05 0.5354884896365246 -5.0 5.0 0.05451886492822486 -1.0 1.0 Success
2006kf 0.0213 0.0035 0.084 1041.3112657167103 1021.81 1061.81 0.003200330089320482 0.0 0.05 -2.108333021584512 -5.0 5.0 0.220692594960532 -1.0 1.0 Success
2006lu 0.0534 0.0035 0.084 1039.1842225667629 1025.84 1065.84 0.0010275758260197784 0.0 0.05 -0.22028419522830264 -5.0 5.0 0.08068465954685268 -1.0 1.0 Success
2006mr 0.0059 0.0035 0.084 1050.950943787899 1030.86 1070.86 0.009430836335624075 0.0 0.05 -1.8084319099260688 -5.0 5.0 0.5167437432101374 -1.0 1.0 Success
2006ob 0.0592 0.0035 0.084 1063.7426538435213 1045.65 1085.65 0.0008080921405147297 0.0 0.05 -2.2348034240447077 -5.0 5.0 0.028158225624452988 -1.0 1.0 Success
2006os 0.0328 0.0035 0.084 1065.3206647195002 1048.65 1088.65 0.0009351301861516325 0.0 0.05 -0.6764431472653526 -5.0 5.0 0.49575916929057706 -1.0 1.0 Success
2006ot 0.0531 0.0035 0.084 1066.9233199929224 1048.72 1088.72 0.0009251036398764183 0.0 0.05 -0.08336160709018141 -5.0 5.0 0.27271362081078143 -1.0 1.0 Success
2006py 0.0579 0.0035 0.084 1071.563788950091 1054.54 1091.54 0.0009964762096490122 0.0 0.05 -0.17723383338325813 -5.0 5.0 0.09012823546059726 -1.0 1.0 Success
2007A 0.0177 0.0035 0.084 1113.54788165425 1092.53 1132.53 0.006920186757765259 0.0 0.05 0.7560876814605768 -5.0 5.0 0.25742809784400306 -1.0 1.0 Success
2007N 0.0129 0.0035 0.084 1113.2012993398314 1108.82 1148.82 0.002357207335442816 0.0 0.05 -3.0106406808839 -5.0 5.0 0.5798700145301982 -1.0 1.0 Success
2007S 0.0139 0.0035 0.084 1145.1417486389005 1117.77 1157.77 0.00773625338704411 0.0 0.05 0.8746087009707983 -5.0 5.0 0.41935361139922067 -1.0 1.0 Success
2007af 0.0055 0.0035 0.084 1176.5351264061028 1147.76 1187.76 0.049999520497420236 0.0 0.05 0.7108827193216882 -5.0 5.0 0.36788077674926717 -1.0 1.0 Success
2007ai 0.0317 0.0035 0.084 1176.2883852998339 1152.88 1192.88 0.0008385331298889063 0.0 0.05 0.19074061790715185 -5.0 5.0 0.531098556356392 -1.0 1.0 Success
2007al 0.0122 0.0035 0.084 1162.9513896028848 1155.77 1195.77 0.0031200821760404077 0.0 0.05 -2.7640055369322276 -5.0 5.0 0.46099534670845405 -1.0 1.0 Success
2007as 0.0176 0.0035 0.084 1181.637871272591 1160.59 1200.59 0.00696256166390368 0.0 0.05 -0.6731750368016274 -5.0 5.0 0.1679361339062197 -1.0 1.0 Success
2007ax 0.0069 0.0035 0.084 1189.115500917359 1169.55 1209.55 0.0039661769566472806 0.0 0.05 -2.461952305462192 -5.0 5.0 0.6446719293823499 -1.0 1.0 Success
2007ba 0.0385 0.0035 0.084 1197.3604747082213 1175.83 1215.83 0.001139687928915569 0.0 0.05 -2.9532930514484166 -5.0 5.0 0.34754039630276495 -1.0 1.0 Success
2007bc 0.0208 0.0035 0.084 1200.7325982051873 1181.65 1221.65 0.0072749690076349075 0.0 0.05 -1.0142198300023524 -5.0 5.0 0.05929036144967587 -1.0 1.0 Success
2007bd 0.0309 0.0035 0.084 1207.915339260825 1182.53 1222.53 0.003602994117920111 0.0 0.05 -0.6342706098302512 -5.0 5.0 -0.00749279200891971 -1.0 1.0 Success
2007bm 0.0062 0.0035 0.084 1224.990311689081 1202.57 1242.57 0.024973450007773217 0.0 0.05 -0.8948806785059227 -5.0 5.0 0.5197845036105043 -1.0 1.0 Success
2007ca 0.0141 0.0035 0.084 1228.1918934486343 1202.65 1242.65 0.005961225377996745 0.0 0.05 0.6309860536918463 -5.0 5.0 0.34774580540376016 -1.0 1.0 Success
2007cg 0.0332 0.0035 0.084 1228.1357479150981 1220.63 1259.59 0.000717783598822788 0.0 0.05 0.807326528179678 -5.0 5.0 0.6947958828453138 -1.0 1.0 Success
2007hj 0.0141 0.0035 0.084 1346.4436567714763 1333.76 1373.76 0.00856449206638581 0.0 0.05 -2.1549898150798934 -5.0 5.0 0.25632510731141733 -1.0 1.0 Success
2007hx 0.0794 0.0035 0.084 1354.7860697524713 1339.78 1379.78 0.000312102739661697 0.0 0.05 0.4593323929673929 -5.0 5.0 0.19517055306168238 -1.0 1.0 Success
2007if 0.0742 0.0035 0.084 1355.9536580655722 1340.77 1380.77 0.0010626822477299216 0.0 0.05 0.494974096409697 -5.0 5.0 0.3808740076227268 -1.0 1.0 Success
2007jd 0.0726 0.0035 0.084 1361.5203475571677 1347.83 1387.83 0.00037396726839853143 0.0 0.05 -0.6662471271668033 -5.0 5.0 0.17559954347196016 -1.0 1.0 Success
2007jg 0.0371 0.0035 0.084 1366.79694268242 1348.82 1388.82 0.0014645199169187669 0.0 0.05 -0.3133039136018271 -5.0 5.0 0.14814719438122503 -1.0 1.0 Success
2007jh 0.0408 0.0035 0.084 1363.5994971220894 1348.86 1388.86 0.000557354374629605 0.0 0.05 -1.316715000840009 -5.0 5.0 0.38944650361517225 -1.0 1.0 Success
2007le 0.0067 0.0035 0.084 1399.8676728909822 1373.57 1413.57 0.042457575802208325 0.0 0.05 0.3017367666471911 -5.0 5.0 0.3129605028721437 -1.0 1.0 Success
2007mm 0.0664 0.0035 0.084 1392.517170989359 1370.72 1410.72 0.00019054378807274795 0.0 0.05 -3.4615599914697674 -5.0 5.0 0.43628514471172 -1.0 1.0 Success
2007nq 0.045 0.0035 0.084 1398.3989387895683 1382.65 1422.65 0.0017340592551466413 0.0 0.05 -1.861362179538696 -5.0 5.0 0.01757988239966711 -1.0 1.0 Success
2007ol 0.0559 0.0035 0.084 1413.2347829079217 1394.79 1422.66 0.0009404680374829006 0.0 0.05 -2.1090811165895387 -5.0 5.0 0.020580695737701757 -1.0 1.0 Success
2007on 0.0065 0.0035 0.084 1422.2868813405662 1395.73 1435.73 0.049992306427598485 0.0 0.05 -0.3214251176883609 -5.0 5.0 0.30793611799914467 -1.0 1.0 Success
2007so 0.0297 0.0035 0.084 1434.7528825412262 1434.68 1474.68 0.001803745611672931 0.0 0.05 -1.1598269897983107 -5.0 5.0 0.3046375999625511 -1.0 1.0 Success
2007sr 0.0055 0.0035 0.084 1458.7401402793837 1439.84 1479.84 0.04986847642249756 0.0 0.05 0.5375742021407852 -5.0 5.0 0.4615458404897348 -1.0 1.0 Success
2007st 0.0212 0.0035 0.084 1453.1721928459265 1443.66 1483.66 0.008671626508546585 0.0 0.05 -1.5849562148847114 -5.0 5.0 0.0886156354710806 -1.0 1.0 Success
2007ux 0.0309 0.0035 0.084 1463.6441129145046 1451.82 1491.82 0.001920237891411031 0.0 0.05 -2.118285673178825 -5.0 5.0 0.15506744336593725 -1.0 1.0 Success
2008C 0.0166 0.0035 0.084 1470.7548344353356 1454.81 1494.81 0.006232750024926413 0.0 0.05 -1.5834472165647668 -5.0 5.0 0.2478244807437465 -1.0 1.0 Success
2008J 0.0159 0.0035 0.084 1469.5802183471983 1469.54 1509.54 0.008518156310508665 0.0 0.05 0.06752610609627396 -5.0 5.0 0.9858141643060665 -1.0 1.0 Success
2008O 0.0389 0.0035 0.084 1490.9047357477664 1474.71 1514.71 0.0007023269811351213 0.0 0.05 -2.097588668796757 -5.0 5.0 0.42124034829107376 -1.0 1.0 Success
2008R 0.0135 0.0035 0.084 1492.3816049186678 1478.63 1518.63 0.01161462643139318 0.0 0.05 -2.1707089435247555 -5.0 5.0 0.13153977004328504 -1.0 1.0 Success
2008ae 0.03 0.0035 0.084 1513.1507508419643 1493.74 1533.74 0.0004479493734526584 0.0 0.05 -2.0100657912933597 -5.0 5.0 0.8353575310773572 -1.0 1.0 Success
2008ar 0.0261 0.0035 0.084 1535.349617799583 1512.79 1552.79 0.00484624043937217 0.0 0.05 -0.07731056033937865 -5.0 5.0 0.06349935638912528 -1.0 1.0 Success
2008bc 0.0151 0.0035 0.084 1550.5352184026594 1526.67 1566.67 0.009142769296304719 0.0 0.05 0.6256684990339972 -5.0 5.0 0.1861534195870777 -1.0 1.0 Success
2008bd 0.0301 0.0035 0.084 1526.7156090919095 1526.7 1566.7 0.0011492757602667807 0.0 0.05 -2.9539883039109522 -5.0 5.0 0.21945932609732488 -1.0 1.0 Success
2008bf 0.0235 0.0035 0.084 1555.4764272241293 1531.79 1571.79 0.007880344142457104 0.0 0.05 0.5775713315996082 -5.0 5.0 -0.025225126676066377 -1.0 1.0 Success
2008bi 0.0134 0.0035 0.084 1536.5282412090878 1536.52 1576.52 0.004644500526999921 0.0 0.05 -2.648648168784738 -5.0 5.0 0.24517966885030992 -1.0 1.0 Success
2008bq 0.034 0.0035 0.084 1563.9375387599773 1547.49 1587.49 0.002567272640722344 0.0 0.05 0.4555820869183324 -5.0 5.0 0.1741385107861133 -1.0 1.0 Success
2008bt 0.0154 0.0035 0.084 1569.0525149317702 1556.61 1596.61 0.003263007875898654 0.0 0.05 -2.254652057917036 -5.0 5.0 0.4291883954032138 -1.0 1.0 Success
2008bz 0.0603 0.0035 0.084 1579.456511406137 1565.72 1605.72 0.0010626953107796893 0.0 0.05 -0.3094868847989872 -5.0 5.0 -0.06082118333579578 -1.0 1.0 Success
2008cc 0.0104 0.0035 0.084 1580.2601655398087 1567.86 1607.86 0.016113533073659418 0.0 0.05 -1.6262869591466769 -5.0 5.0 0.3365939178092703 -1.0 1.0 Success
2008cd 0.0074 0.0035 0.084 1572.75735639753 1572.74 1595.73 0.0014564725695214362 0.0 0.05 -2.831664305235473 -5.0 5.0 0.9972301474543351 -1.0 1.0 Success
