analysis_pipeline/priors/csp_salt2_2.4.ecsv
# %ECSV 0.9
# ---
# datatype:
# - name: obj_id
#   datatype: string
# - name: z
#   datatype: float64
# - name: z_min
#   datatype: float64
# - name: z_max
#   datatype: float64
# - name: t0
#   datatype: float64
# - name: t0_min
#   datatype: float64
# - name: t0_max
#   datatype: float64
# - name: x0
#   datatype: float64
# - name: x0_min
#   datatype: float64
# - name: x0_max
#   datatype: float64
# - name: x1
#   datatype: float64
# - name: x1_min
#   datatype: float64
# - name: x1_max
#   datatype: float64
# - name: c
#   datatype: float64
# - name: c_min
#   datatype: float64
# - name: c_max
#   datatype: float64
# - name: message
#   datatype: string
# schema: astropy-2.0
obj_id z z_min z_max t0 t0_min t0_max x0 x0_min x0_max x1 x1_min x1_max c c_min c_max message
SN2008J 0.0159 0.0035 0.084 1469.578827914369 1469.54 1516.52 0.008944504638191703 0.0 0.05 0.29040654383253983 -5.0 5.0 0.952894937071767 -1.0 1.0 Success
SN2005kc 0.0151 0.0035 0.084 698.2487975127768 672.52 728.54 0.006368469218101987 0.0 0.05 -0.6403527954199023 -5.0 5.0 0.3794600138942645 -1.0 1.0 Success
SN2005A 0.0191 0.0035 0.084 381.56575665543517 361.65 433.53 0.0008267120635928971 0.0 0.05 -0.5498831261755239 -5.0 5.0 0.998960405279002 -1.0 1.0 Success
SN2009Y 0.0094 0.0035 0.084 1878.3400932459979 1853.84 1976.65 0.03153056540774097 0.0 0.05 0.036396455867922034 -5.0 5.0 0.1924568497893961 -1.0 1.0 Success
SN2004gs 0.0267 0.0035 0.084 358.3527170060401 337.85 461.56 0.0020524260098602957 0.0 0.05 -2.4854396450750182 -5.0 5.0 0.19479944935156146 -1.0 1.0 Success
SN2004eo 0.0157 0.0035 0.084 278.854798015753 251.51999999999998 341.54 0.010630170106622466 0.0 0.05 -1.224387633062455 -5.0 5.0 0.19587946454163077 -1.0 1.0 Success
SN2008gp 0.0334 0.0035 0.084 1779.7550200580276 1753.75 1844.52 0.0031786509248058134 0.0 0.05 -0.07360754787265884 -5.0 5.0 0.043153184064261225 -1.0 1.0 Success
SN2007ca 0.0141 0.0035 0.084 1228.1907348756715 1202.65 1275.65 0.0059617505629434575 0.0 0.05 0.6300711749574447 -5.0 5.0 0.34768445631686357 -1.0 1.0 Success
SN2009al 0.0221 0.0035 0.084 1896.8172942217782 1876.71 1973.54 0.0054079222233294226 0.0 0.05 -0.4195697944350875 -5.0 5.0 0.18572805270814768 -1.0 1.0 Success
SN2008ae 0.03 0.0035 0.084 1513.1279539915802 1493.74 1602.52 0.00041346798053929753 0.0 0.05 -1.2683242458403745 -5.0 5.0 0.8855963415935474 -1.0 1.0 Success
SN2006dd 0.0059 0.0035 0.084 989.1121576263888 891.94 1147.57 0.008620156715740984 0.0 0.05 4.99612330123303 -5.0 5.0 0.5758218537578427 -1.0 1.0 Success
SN2005ki 0.0192 0.0035 0.084 705.773899129209 680.86 861.5 0.009314848149715362 0.0 0.05 -1.4876309932536302 -5.0 5.0 -0.03338809189439757 -1.0 1.0 Success
SN2007if 0.0742 0.0035 0.084 1355.9529603195429 1340.77 1443.6 0.0010629052786417246 0.0 0.05 0.5000692235857864 -5.0 5.0 0.3810531351069555 -1.0 1.0 Success
SN2006D 0.0085 0.0035 0.084 759.3350922457761 736.84 891.61 0.029433344351285286 0.0 0.05 -1.6309228185199098 -5.0 5.0 0.10291074919292971 -1.0 1.0 Success
SN2006lu 0.0534 0.0035 0.084 1039.1843150031423 1025.84 1137.75 0.0010274322843395454 0.0 0.05 -0.21781023944552735 -5.0 5.0 0.08073242016902142 -1.0 1.0 Success
SN2009ag 0.0086 0.0035 0.084 1890.145859556121 1871.62 1959.54 0.010533373178185288 0.0 0.05 -0.28418069527437706 -5.0 5.0 0.4575613563294139 -1.0 1.0 Success
SN2006ev 0.0287 0.0035 0.084 989.9121781993784 978.59 1039.52 0.0019040056615324747 0.0 0.05 -1.320711647237703 -5.0 5.0 0.20160182332254742 -1.0 1.0 Success
SN2009cz 0.0211 0.0035 0.084 1943.9544996737561 1922.53 1966.46 0.008092433796837615 0.0 0.05 0.6422203982698395 -5.0 5.0 0.07647244714342584 -1.0 1.0 Success
SN2006gj 0.0284 0.0035 0.084 1001.3117551834528 983.83 1096.59 0.0011135244857955332 0.0 0.05 -2.3038824166168435 -5.0 5.0 0.3762022676828463 -1.0 1.0 Success
SN2005el 0.0149 0.0035 0.084 649.0153597453417 624.89 730.75 0.013038032345557988 0.0 0.05 -1.5743760418068344 -5.0 5.0 -0.010773832430573727 -1.0 1.0 Success
SN2007jh 0.0408 0.0035 0.084 1363.5859981781468 1348.86 1413.8 0.0005576188077426538 0.0 0.05 -1.3180233652954858 -5.0 5.0 0.38956741221310526 -1.0 1.0 Success
SN2007so 0.0297 0.0035 0.084 1434.6818366189 1434.68 1494.53 0.002086807203833598 0.0 0.05 -1.8235280178085775 -5.0 5.0 0.24612440617108455 -1.0 1.0 Success
SN2006gt 0.0448 0.0035 0.084 1004.4159645095017 986.67 1076.62 0.0007652484749224162 0.0 0.05 -2.5309628408745404 -5.0 5.0 0.1939109035018643 -1.0 1.0 Success
SN2007ai 0.0317 0.0035 0.084 1176.2884488202055 1152.88 1259.7 0.0008384307960268616 0.0 0.05 0.19319488230810533 -5.0 5.0 0.531569271408587 -1.0 1.0 Success
SN2006hb 0.0153 0.0035 0.084 1000.1032398078188 991.87 1143.59 0.012391149855067682 0.0 0.05 -2.1237078430701164 -5.0 5.0 0.03874309138310459 -1.0 1.0 Success
SN2007hj 0.0141 0.0035 0.084 1346.443641148043 1333.76 1440.53 0.008565204390193927 0.0 0.05 -2.154746183485304 -5.0 5.0 0.2562720105997803 -1.0 1.0 Success
SN2008ia 0.0219 0.0035 0.084 1813.3803512047646 1794.77 1874.69 0.0036644747805817655 0.0 0.05 -1.2534404292081087 -5.0 5.0 0.16182981262585527 -1.0 1.0 Success
SN2007ol 0.0559 0.0035 0.084 1413.2362256361712 1394.79 1422.66 0.0009401763807410301 0.0 0.05 -2.1160289665233547 -5.0 5.0 0.020163025745219706 -1.0 1.0 Success
SN2008fw 0.0085 0.0035 0.084 1745.3872692190887 1725.89 1827.81 0.013068044407558077 0.0 0.05 0.14279764187466804 -5.0 5.0 0.3972286235038116 -1.0 1.0 Success
SN2005mc 0.0252 0.0035 0.084 730.5940064889335 721.79 773.62 0.002516402665362252 0.0 0.05 -2.1371628739651776 -5.0 5.0 0.25370909520409457 -1.0 1.0 Success
SN2009dc 0.0214 0.0035 0.084 1949.1828008091052 1923.77 1976.68 0.013575756340714708 0.0 0.05 1.0644252764705737 -5.0 5.0 0.17622734257083097 -1.0 1.0 Success
SN2009F 0.013 0.0035 0.084 1842.7220948373215 1822.75 1884.63 0.0019311459582205454 0.0 0.05 -3.233316579043945 -5.0 5.0 0.5057350376999618 -1.0 1.0 Success
SN2008go 0.0623 0.0035 0.084 1765.3645427524718 1749.54 1776.58 0.0009049632199594706 0.0 0.05 0.5097077682201894 -5.0 5.0 0.11412349950310112 -1.0 1.0 Success
SN2008cf 0.046 0.0035 0.084 1596.3753999879482 1580.77 1654.65 0.0021164799357403946 0.0 0.05 0.8516189813453569 -5.0 5.0 -0.018012692062398413 -1.0 1.0 Success
SN2006bd 0.0257 0.0035 0.084 810.1060909597097 807.75 872.57 0.0012194550889816514 0.0 0.05 -1.695124211133524 -5.0 5.0 0.3873613473418661 -1.0 1.0 Success
SN2007bm 0.0062 0.0035 0.084 1224.9922480793155 1202.57 1278.52 0.0249702087082744 0.0 0.05 -0.8954704662992014 -5.0 5.0 0.5198753671811309 -1.0 1.0 Success
SN2006kf 0.0213 0.0035 0.084 1041.3118594344994 1021.81 1127.64 0.0032002590876845415 0.0 0.05 -2.108241329456893 -5.0 5.0 0.22071474109307543 -1.0 1.0 Success
SN2008bt 0.0154 0.0035 0.084 1569.051685016274 1556.61 1651.47 0.003263346752989533 0.0 0.05 -2.2541012787611816 -5.0 5.0 0.42902332596612663 -1.0 1.0 Success
SN2006mr 0.0059 0.0035 0.084 1050.947481100063 1030.86 1147.57 0.00942883448311976 0.0 0.05 -1.8066518309693578 -5.0 5.0 0.5168280749747947 -1.0 1.0 Success
SN2007le 0.0067 0.0035 0.084 1399.8680753244173 1373.57 1470.55 0.04245005217657442 0.0 0.05 0.30235048380284285 -5.0 5.0 0.31307072372309763 -1.0 1.0 Success
SN2008hu 0.0497 0.0035 0.084 1806.3402144888787 1789.74 1844.84 0.0009088940833158669 0.0 0.05 -1.760034962975329 -5.0 5.0 0.07920106260124926 -1.0 1.0 Success
SN2009J 0.0158 0.0035 0.084 1835.8857151343195 1831.74 1867.68 0.0011147909773702484 0.0 0.05 -1.7704898010677734 -5.0 5.0 -0.004643801666335003 -1.0 1.0 Success
SN2007N 0.0129 0.0035 0.084 1113.1968814460793 1108.82 1213.67 0.002358838656325881 0.0 0.05 -3.0098818635427005 -5.0 5.0 0.5795088521838523 -1.0 1.0 Success
SN2006ob 0.0592 0.0035 0.084 1063.7450962004316 1045.65 1121.57 0.0008080795722196209 0.0 0.05 -2.2364570071506775 -5.0 5.0 0.027826691479348638 -1.0 1.0 Success
SN2006bh 0.0109 0.0035 0.084 833.3489324628001 814.91 891.79 0.028922367264101835 0.0 0.05 -1.4782970204952275 -5.0 5.0 -0.01958691930292759 -1.0 1.0 Success
SN2007ba 0.0385 0.0035 0.084 1197.3604599981984 1175.83 1255.61 0.0011397597548684518 0.0 0.05 -2.9528936170575686 -5.0 5.0 0.347481561203044 -1.0 1.0 Success
SN2008fp 0.0057 0.0035 0.084 1733.5251455981236 1709.84 1874.61 0.02404849590497149 0.0 0.05 -0.32716122676302595 -5.0 5.0 0.6222428708791786 -1.0 1.0 Success
SN2005na 0.0263 0.0035 0.084 744.2861196693871 723.71 834.54 0.005203425089219067 0.0 0.05 -1.2533245033939289 -5.0 5.0 0.024890974009794897 -1.0 1.0 Success
SN2008R 0.0135 0.0035 0.084 1492.381228618593 1478.63 1532.52 0.01161622144606055 0.0 0.05 -2.171417142089801 -5.0 5.0 0.13147586924597596 -1.0 1.0 Success
SN2005bg 0.0231 0.0035 0.084 469.65186553316755 456.65 512.61 0.00700124258821095 0.0 0.05 0.82457247917586 -5.0 5.0 0.028447993661229746 -1.0 1.0 Success
SN2005ke 0.0049 0.0035 0.084 700.3750863380851 674.69 819.51 0.01571221126475736 0.0 0.05 -1.8388779862503628 -5.0 5.0 0.5104677022573743 -1.0 1.0 Success
SN2007cg 0.0332 0.0035 0.084 1228.1258235674645 1220.63 1259.59 0.0007183894706135318 0.0 0.05 0.8086602430965651 -5.0 5.0 0.6947366363694013 -1.0 1.0 Success
SN2004gu 0.0459 0.0035 0.084 362.98472011644037 342.86 410.84 0.0016831963125215716 0.0 0.05 1.441133793364444 -5.0 5.0 0.1247072802439064 -1.0 1.0 Success
SN2007jd 0.0726 0.0035 0.084 1361.5314156194913 1347.83 1409.83 0.00037369946335297753 0.0 0.05 -0.6714416477913072 -5.0 5.0 0.17595557073634835 -1.0 1.0 Success
SN2007hx 0.0794 0.0035 0.084 1354.8022946406747 1339.78 1411.73 0.000312043561423803 0.0 0.05 0.4483741208512879 -5.0 5.0 0.1953838968169231 -1.0 1.0 Success
SN2008ha 0.0046 0.0035 0.084 1770.4794412302394 1766.55 1810.55 0.0024395994188519724 0.0 0.05 -2.040701551596626 -5.0 5.0 0.1538795135734368 -1.0 1.0 Success
SN2005hj 0.0574 0.0035 0.084 676.7620986814159 656.67 761.57 0.0012170175049131 0.0 0.05 1.0266809327315285 -5.0 5.0 0.05088013694600592 -1.0 1.0 Success
SN2005hk 0.013 0.0035 0.084 688.9415860851146 660.61 761.54 0.004803216353071802 0.0 0.05 0.28635545615477564 -5.0 5.0 0.5788268716966611 -1.0 1.0 Success
SN2005ir 0.0763 0.0035 0.084 686.7222997178018 667.62 740.53 0.0006637084678771137 0.0 0.05 0.1935879227130859 -5.0 5.0 0.04819565092571015 -1.0 1.0 Success
SN2005bl 0.0241 0.0035 0.084 482.8969524552669 461.61 512.57 0.0005597879230611252 0.0 0.05 -4.430244625679335 -5.0 5.0 0.5507487620694873 -1.0 1.0 Success
SN2005M 0.022 0.0035 0.084 408.4811221664577 381.77 480.51 0.0064758519686097405 0.0 0.05 0.9492421980519108 -5.0 5.0 0.06273605603659127 -1.0 1.0 Success
SN2008bf 0.0235 0.0035 0.084 1555.4766702132756 1531.79 1646.49 0.007879733857320386 0.0 0.05 0.5782012242047883 -5.0 5.0 -0.025126425488418157 -1.0 1.0 Success
SN2006eq 0.0495 0.0035 0.084 977.0508420747233 965.56 1029.51 0.0006231860644264932 0.0 0.05 -2.296188539025291 -5.0 5.0 0.25449725135117857 -1.0 1.0 Success
SN2009aa 0.0273 0.0035 0.084 1878.841744614524 1853.77 1956.66 0.004686183427886428 0.0 0.05 -0.6002933824855889 -5.0 5.0 0.011985245945660734 -1.0 1.0 Success
SN2008hj 0.0379 0.0035 0.084 1802.2984476306167 1779.58 1834.55 0.0029164516975358898 0.0 0.05 0.40549027302373064 -5.0 5.0 0.03352067865423376 -1.0 1.0 Success
SN2006ax 0.0167 0.0035 0.084 828.1246480484089 800.64 891.5 0.013947142934008939 0.0 0.05 0.17178611367732166 -5.0 5.0 -0.0009682811993087493 -1.0 1.0 Success
SN2009D 0.025 0.0035 0.084 1841.8460307174137 1819.67 1890.52 0.00722402947864273 0.0 0.05 0.6669815787000221 -5.0 5.0 0.06016142282018553 -1.0 1.0 Success
SN2008gl 0.034 0.0035 0.084 1768.8912848289708 1750.7 1844.55 0.0029544531979959583 0.0 0.05 -1.340467423364951 -5.0 5.0 0.04261810135272895 -1.0 1.0 Success
SN2008cd 0.0074 0.0035 0.084 1572.7563072723465 1572.74 1595.73 0.0014576197560385244 0.0 0.05 -2.8321447892069322 -5.0 5.0 0.9971071387067411 -1.0 1.0 Success
SN2007A 0.0177 0.0035 0.084 1113.548746829863 1092.53 1133.53 0.006918700873360592 0.0 0.05 0.7572808487326681 -5.0 5.0 0.25756856577583537 -1.0 1.0 Success
SN2008ar 0.0261 0.0035 0.084 1535.3498578430442 1512.79 1627.59 0.004845489097286136 0.0 0.05 -0.07704838957470646 -5.0 5.0 0.06365229797872686 -1.0 1.0 Success
SN2006X 0.0052 0.0035 0.084 788.4601374940261 760.68 906.46 0.013336876745959406 0.0 0.05 0.3399443101980335 -5.0 5.0 0.9994962653641455 -1.0 1.0 Success
SN2006ej 0.0205 0.0035 0.084 975.970117446186 964.74 1046.74 0.008235506719648593 0.0 0.05 -1.425388745711344 -5.0 5.0 -0.0079131541864572 -1.0 1.0 Success
SN2005eq 0.029 0.0035 0.084 656.3007905262932 632.8 751.66 0.004024409127813018 0.0 0.05 0.9680168655775208 -5.0 5.0 0.10537219918448627 -1.0 1.0 Success
SN2008gg 0.032 0.0035 0.084 1752.1142570132142 1738.63 1827.57 0.0033064736782223974 0.0 0.05 0.6501749810356063 -5.0 5.0 0.18134296862768884 -1.0 1.0 Success
SN2004ey 0.0158 0.0035 0.084 305.02356807312555 280.53 358.55 0.013340182108180948 0.0 0.05 0.24030887245228813 -5.0 5.0 0.08530550028047397 -1.0 1.0 Success
SN2010ae 0.0037 0.0035 0.084 2278.5913307506653 2243.59 2305.53 0.0006671572613580456 0.0 0.05 -3.884911030805565 -5.0 5.0 0.7609229867539613 -1.0 1.0 Success
SN2007ux 0.0309 0.0035 0.084 1463.6439572582037 1451.82 1558.61 0.001920002613601773 0.0 0.05 -2.1184978099302176 -5.0 5.0 0.15521374762668022 -1.0 1.0 Success
SN2005W 0.0089 0.0035 0.084 412.9381301614687 389.54 429.51 0.027651020019810194 0.0 0.05 -0.027200724127224258 -5.0 5.0 0.24275559701623342 -1.0 1.0 Success
SN2007on 0.0065 0.0035 0.084 1422.2896753252799 1395.73 1508.61 0.04997893140207423 0.0 0.05 -0.11702743052602926 -5.0 5.0 0.2891845214060891 -1.0 1.0 Success
SN2005ku 0.0454 0.0035 0.084 699.0411981829576 684.56 739.53 0.0013313751548957827 0.0 0.05 0.11120151602820494 -5.0 5.0 0.17424019586791956 -1.0 1.0 Success
SN2008fu 0.052 0.0035 0.084 1732.7216916789585 1722.84 1817.67 0.0014503996271382242 0.0 0.05 -1.5168345750766137 -5.0 5.0 -0.08546286744854717 -1.0 1.0 Success
SN2007bd 0.0309 0.0035 0.084 1207.9153395042088 1182.53 1259.46 0.003603788427690146 0.0 0.05 -0.6362692538501088 -5.0 5.0 -0.007492173215689829 -1.0 1.0 Success
SN2006is 0.031 0.0035 0.084 1014.2503417192452 993.9 1125.67 0.0042442040942429924 0.0 0.05 0.5333484128248401 -5.0 5.0 0.05505461236744061 -1.0 1.0 Success
SN2008bc 0.0151 0.0035 0.084 1550.5356596420659 1526.67 1646.46 0.009143690505203443 0.0 0.05 0.6245148306791949 -5.0 5.0 0.18610227725133496 -1.0 1.0 Success
SN2007mm 0.0664 0.0035 0.084 1392.513724632077 1370.72 1418.69 0.00019049790892177376 0.0 0.05 -3.4540064690719556 -5.0 5.0 0.43618567460606883 -1.0 1.0 Success
SN2008C 0.0166 0.0035 0.084 1470.7502373850452 1454.81 1552.5 0.00624159844346362 0.0 0.05 -1.6070562572293325 -5.0 5.0 0.2512616575665995 -1.0 1.0 Success
SN2004dt 0.0197 0.0035 0.084 244.76526190233213 234.79 365.62 0.009527195095977634 0.0 0.05 -0.8360525869870801 -5.0 5.0 0.23992832140290316 -1.0 1.0 Success
SN2006br 0.0246 0.0035 0.084 851.3708701210489 840.66 891.66 0.0004282638133107876 0.0 0.05 -0.8008122254313684 -5.0 5.0 0.8564981957049884 -1.0 1.0 Success
SN2005ag 0.0797 0.0035 0.084 415.21700872996854 397.82 480.84 0.0006226971801591778 0.0 0.05 0.3876823457259367 -5.0 5.0 0.04031367482764105 -1.0 1.0 Success
SN2007sr 0.0055 0.0035 0.084 1458.610389371033 1439.84 1955.57 0.04998275579032244 0.0 0.05 0.7006091782061095 -5.0 5.0 0.43397277753435115 -1.0 1.0 Success
SN2009ad 0.0284 0.0035 0.084 1887.1174246128298 1863.6 1921.53 0.0041990405811711835 0.0 0.05 0.20789277501781325 -5.0 5.0 0.07262832660262272 -1.0 1.0 Success
SN2006et 0.0226 0.0035 0.084 995.4503325343396 967.63 1099.54 0.006336232788749491 0.0 0.05 0.7074954429173439 -5.0 5.0 0.2163581409506968 -1.0 1.0 Success
SN2009P 0.0251 0.0035 0.084 1868.129120524008 1852.74 1931.61 0.002340494727985477 0.0 0.05 1.5691537478064457 -5.0 5.0 0.3987440129912816 -1.0 1.0 Success
SN2004ef 0.031 0.0035 0.084 264.72524293154004 240.69 329.57 0.0025563442760979343 0.0 0.05 -1.4138264466997295 -5.0 5.0 0.14563731923552675 -1.0 1.0 Success
SN2006os 0.0328 0.0035 0.084 1065.3287791417006 1048.65 1133.56 0.0009352658971353196 0.0 0.05 -0.6812412496863566 -5.0 5.0 0.4955143276124284 -1.0 1.0 Success
SN2008bi 0.0134 0.0035 0.084 1536.528469319669 1536.52 1628.47 0.0046445809094462255 0.0 0.05 -2.6481353026307026 -5.0 5.0 0.24494344850046246 -1.0 1.0 Success
SN2009le 0.0178 0.0035 0.084 2168.5320763601926 2138.53 2169.58 0.011223446516888804 0.0 0.05 2.8240935338269932 -5.0 5.0 0.1778338360550267 -1.0 1.0 Success
SN2005al 0.0124 0.0035 0.084 433.13016746875786 414.76 512.79 0.014976715241890644 0.0 0.05 -1.5999121550615825 -5.0 5.0 -0.029219637805292086 -1.0 1.0 Success
SN2005am 0.0079 0.0035 0.084 440.0670636422596 417.58 512.46 0.043375890656870655 0.0 0.05 -2.210569445087725 -5.0 5.0 0.07307319822391493 -1.0 1.0 Success
SN2005iq 0.034 0.0035 0.084 688.1300896832633 667.55 755.55 0.0031165339585633644 0.0 0.05 -0.9600339562322348 -5.0 5.0 -0.05456276847663401 -1.0 1.0 Success
