analysis_pipeline/priors/csp_salt2_2.4.ecsv
# %ECSV 0.9
# ---
# datatype:
# - {name: obj_id, datatype: string}
# - {name: z, datatype: float64}
# - {name: z_min, datatype: float64}
# - {name: z_max, datatype: float64}
# - {name: t0, datatype: float64}
# - {name: t0_min, datatype: float64}
# - {name: t0_max, datatype: float64}
# - {name: x0, datatype: float64}
# - {name: x0_min, datatype: float64}
# - {name: x0_max, datatype: float64}
# - {name: x1, datatype: float64}
# - {name: x1_min, datatype: float64}
# - {name: x1_max, datatype: float64}
# - {name: c, datatype: float64}
# - {name: c_min, datatype: float64}
# - {name: c_max, datatype: float64}
# - {name: message, datatype: string}
# schema: astropy-2.0
obj_id z z_min z_max t0 t0_min t0_max x0 x0_min x0_max x1 x1_min x1_max c c_min c_max message
[from data line 101]
2008cd 0.0074 0.0035 0.084 1572.757392214121 1572.74 1595.73 0.0014573877465033855 0.0 0.05 -2.8339457761355047 -5.0 5.0 0.9971835790363851 -1.0 1.0 Success
2008cf 0.046 0.0035 0.084 1596.374771127035 1580.77 1620.77 0.0021164498120533476 0.0 0.05 0.850458443386069 -5.0 5.0 -0.017961145876107858 -1.0 1.0 Success
2008ff 0.0193 0.0035 0.084 1714.7879936816844 1709.53 1749.53 0.006374035271641396 0.0 0.05 -0.4642415870565859 -5.0 5.0 0.31771649165687044 -1.0 1.0 Success
2008fl 0.0199 0.0035 0.084 1721.029511439411 1709.49 1749.49 0.00537499430556471 0.0 0.05 -1.170606094923714 -5.0 5.0 0.20699206970954506 -1.0 1.0 Success
2008fp 0.0057 0.0035 0.084 1733.525053926715 1709.84 1749.84 0.023996487893015846 0.0 0.05 -0.3206851383047483 -5.0 5.0 0.6236032365432742 -1.0 1.0 Success
2008fr 0.0397 0.0035 0.084 1741.575688245396 1723.78 1763.78 0.0018397907601123784 0.0 0.05 -0.4743183037835121 -5.0 5.0 0.10687196570446132 -1.0 1.0 Success
2008fu 0.052 0.0035 0.084 1732.7103487492077 1722.84 1762.84 0.0014521062851804698 0.0 0.05 -1.5160986518061688 -5.0 5.0 -0.08596373356348726 -1.0 1.0 Success
2008fw 0.0085 0.0035 0.084 1745.4039223783718 1725.89 1740.0 0.013269141868411567 0.0 0.05 -0.0404207218841095 -5.0 5.0 0.3872395183472699 -1.0 1.0 "Increased t0_max"
2008gg 0.032 0.0035 0.084 1752.09029055224 1738.63 1778.63 0.0033733415152150015 0.0 0.05 0.7173955139981117 -5.0 5.0 0.16306356292658472 -1.0 1.0 Success
2008gl 0.034 0.0035 0.084 1768.8910848209164 1750.7 1790.7 0.002954476887094513 0.0 0.05 -1.339852350996657 -5.0 5.0 0.04253808219743811 -1.0 1.0 Success
2008go 0.0623 0.0035 0.084 1765.362154226149 1749.54 1776.58 0.0009050848735635374 0.0 0.05 0.5083742419769172 -5.0 5.0 0.11383942739387756 -1.0 1.0 Success
2008gp 0.0334 0.0035 0.084 1779.756494278305 1753.75 1793.75 0.003178726413905416 0.0 0.05 -0.07318733809049183 -5.0 5.0 0.043157718365691336 -1.0 1.0 Success
2008ha 0.0046 0.0035 0.084 1770.477720043791 1766.55 1806.55 0.002439377950760696 0.0 0.05 -2.039735265930267 -5.0 5.0 0.15399800246908285 -1.0 1.0 Success
2008hj 0.0379 0.0035 0.084 1802.2977426048851 1779.58 1819.58 0.002916645647503157 0.0 0.05 0.40550686578482864 -5.0 5.0 0.033567962553887463 -1.0 1.0 Success
2008hu 0.0497 0.0035 0.084 1806.3371092663128 1789.74 1829.74 0.0009093500827187683 0.0 0.05 -1.7603416427784089 -5.0 5.0 0.07902807920398974 -1.0 1.0 Success
2008hv 0.0126 0.0035 0.084 1817.5545849289922 1789.8 1829.8 0.020083804840319918 0.0 0.05 -1.2565408675076506 -5.0 5.0 -0.04951328540191948 -1.0 1.0 Success
2008ia 0.0219 0.0035 0.084 1813.3833611292227 1794.77 1834.77 0.0036651832793403523 0.0 0.05 -1.255166844988749 -5.0 5.0 0.1617742901785599 -1.0 1.0 Success
2009D 0.025 0.0035 0.084 1841.845784118982 1819.67 1859.67 0.007224065369553207 0.0 0.05 0.6662314097304178 -5.0 5.0 0.060241348379548976 -1.0 1.0 Success
2009F 0.013 0.0035 0.084 1842.722108970618 1822.75 1862.75 0.0019308941712224323 0.0 0.05 -3.232866150912912 -5.0 5.0 0.5058610750303563 -1.0 1.0 Success
2009I 0.0262 0.0035 0.084 1852.6100899682078 1831.58 1867.58 0.0007703343017347572 0.0 0.05 0.8088170963645329 -5.0 5.0 0.7705556060680038 -1.0 1.0 "Unchanged Priors - Flag for underestimated flux in most bands"
2009J 0.0158 0.0035 0.084 1835.9022355729055 1831.74 1867.68 0.0011162627582627018 0.0 0.05 -1.7803255421506186 -5.0 5.0 -0.005964284710366621 -1.0 1.0 Success
2009P 0.0251 0.0035 0.084 1868.1391373903064 1852.74 1892.74 0.002339672425822467 0.0 0.05 1.5635620902489198 -5.0 5.0 0.3988679573343789 -1.0 1.0 Success
2009Y 0.0094 0.0035 0.084 1878.340090735928 1853.84 1893.84 0.031525459068710605 0.0 0.05 0.03820137649385398 -5.0 5.0 0.19238036739499637 -1.0 1.0 Success
2009aa 0.0273 0.0035 0.084 1878.8418541773933 1853.77 1893.77 0.004686032264987342 0.0 0.05 -0.5996833567893227 -5.0 5.0 0.011893197558336592 -1.0 1.0 Success
2009ab 0.0112 0.0035 0.084 1883.728378965166 1859.57 1899.57 0.011167671724061402 0.0 0.05 -0.9765914334127728 -5.0 5.0 0.24178103187749586 -1.0 1.0 Success
2009ad 0.0284 0.0035 0.084 1887.1169385071732 1863.6 1903.6 0.004199763882074776 0.0 0.05 0.20493085881272463 -5.0 5.0 0.07245190876425579 -1.0 1.0 Success
2009ag 0.0086 0.0035 0.084 1890.1468824580634 1871.62 1911.62 0.01053150916818382 0.0 0.05 -0.28406214688131426 -5.0 5.0 0.45768629803103467 -1.0 1.0 Success
2009al 0.0221 0.0035 0.084 1896.816867382688 1876.71 1916.71 0.005408986664295131 0.0 0.05 -0.4200969161240782 -5.0 5.0 0.18564236775681386 -1.0 1.0 Success
2009cz 0.0211 0.0035 0.084 1943.952463253916 1922.53 1962.53 0.008091453704378273 0.0 0.05 0.6430560417836089 -5.0 5.0 0.0765744167411493 -1.0 1.0 Success
2009dc 0.0214 0.0035 0.084 1949.1816090175735 1923.77 1963.77 0.013575932617842458 0.0 0.05 1.0653199028462295 -5.0 5.0 0.17618825180499956 -1.0 1.0 Success
2009ds 0.0193 0.0035 0.084 1962.2474700546086 1939.64 1976.62 0.009352356090417619 0.0 0.05 1.6249255838891563 -5.0 5.0 0.16190128907480983 -1.0 1.0 Success
2009le 0.0178 0.0035 0.084 2168.5333323006453 2138.53 2169.58 0.011222747237865175 0.0 0.05 2.8271780404349136 -5.0 5.0 0.17779396253662189 -1.0 1.0 Success
2010ae 0.0037 0.0035 0.084 2277.9266974889974 2243.59 2283.59 0.000461551714232781 0.0 0.05 -3.7517355983561242 -5.0 5.0 0.9489359344517989 -1.0 1.0 Success
