analysis_pipeline/priors/csp_salt2_2.4.ecsv
# %ECSV 0.9
# ---
# datatype:
# - name: obj_id
#   datatype: string
# - name: z
#   datatype: float64
# - name: z_min
#   datatype: float64
# - name: z_max
#   datatype: float64
# - name: t0
#   datatype: float64
# - name: t0_min
#   datatype: float64
# - name: t0_max
#   datatype: float64
# - name: x0
#   datatype: float64
# - name: x0_min
#   datatype: float64
# - name: x0_max
#   datatype: float64
# - name: x1
#   datatype: float64
# - name: x1_min
#   datatype: float64
# - name: x1_max
#   datatype: float64
# - name: c
#   datatype: float64
# - name: c_min
#   datatype: float64
# - name: c_max
#   datatype: float64
# schema: astropy-2.0
obj_id z z_min z_max t0 t0_min t0_max x0 x0_min x0_max x1 x1_min x1_max c c_min c_max
SN2008J 0.0159 0.0035 0.084 1469.8970373932373 1469.54 1516.52 0.008401509412518547 0.0 0.05 0.6292704026458615 -5.0 5.0 0.998378490598872 -1.0 1.0
SN2005kc 0.0151 0.0035 0.084 698.2479344902546 672.52 728.54 0.006367693958768448 0.0 0.05 -0.6404571682715797 -5.0 5.0 0.37949520727123054 -1.0 1.0
SN2005A 0.0191 0.0035 0.084 381.56577575056974 361.65 433.53 0.0008267836802202204 0.0 0.05 -0.5492212094267912 -5.0 5.0 0.9989257244897215 -1.0 1.0
SN2009Y 0.0094 0.0035 0.084 1878.3400849440695 1853.84 1976.65 0.03152443789366312 0.0 0.05 0.038085890913911395 -5.0 5.0 0.19238945926355525 -1.0 1.0
SN2004gs 0.0267 0.0035 0.084 358.3450218379341 337.85 461.56 0.0020488622585689057 0.0 0.05 -2.4153172357758654 -5.0 5.0 0.18695078588524972 -1.0 1.0
SN2004eo 0.0157 0.0035 0.084 278.8549736019476 251.51999999999998 341.54 0.010629773103299392 0.0 0.05 -1.2242359784632912 -5.0 5.0 0.19594012228392454 -1.0 1.0
SN2008gp 0.0334 0.0035 0.084 1779.7557130414575 1753.75 1844.52 0.003178888848865051 0.0 0.05 -0.07389431151351772 -5.0 5.0 0.043108684599852655 -1.0 1.0
SN2007ca 0.0141 0.0035 0.084 1228.1917612993145 1202.65 1275.65 0.005961360865664173 0.0 0.05 0.6307560100925614 -5.0 5.0 0.34775909333830574 -1.0 1.0
SN2009al 0.0221 0.0035 0.084 1896.818372489799 1876.71 1973.54 0.0054087310895016205 0.0 0.05 -0.4204271520730683 -5.0 5.0 0.1856233423170795 -1.0 1.0
SN2008ae 0.03 0.0035 0.084 1513.0993183783355 1493.74 1602.52 0.00046457353800410613 0.0 0.05 -2.181849356370949 -5.0 5.0 0.8158317133582698 -1.0 1.0
SN2006dd 0.0059 0.0035 0.084 989.1095771433546 891.94 1147.57 0.008619548975413574 0.0 0.05 4.99568302906406 -5.0 5.0 0.5758147444996827 -1.0 1.0
SN2005ki 0.0192 0.0035 0.084 705.7732977772894 680.86 861.5 0.009316338934466473 0.0 0.05 -1.4884650981510499 -5.0 5.0 -0.03350463668108552 -1.0 1.0
SN2007if 0.0742 0.0035 0.084 1356.1089134546737 1340.77 1443.6 0.0010553261872560612 0.0 0.05 0.5944630731079261 -5.0 5.0 0.3781491201530561 -1.0 1.0
SN2006D 0.0085 0.0035 0.084 759.3351026514681 736.84 891.61 0.029434797681621477 0.0 0.05 -1.6314033255770348 -5.0 5.0 0.10290804977793121 -1.0 1.0
SN2006lu 0.0534 0.0035 0.084 1039.1843356054817 1025.84 1137.75 0.0010275328650375798 0.0 0.05 -0.22086301370637282 -5.0 5.0 0.08087278512408863 -1.0 1.0
SN2009ag 0.0086 0.0035 0.084 1890.1462361787464 1871.62 1959.54 0.010532118851220804 0.0 0.05 -0.28417465691504273 -5.0 5.0 0.45766711424972223 -1.0 1.0
SN2006ev 0.0287 0.0035 0.084 989.9144735197852 978.59 1039.52 0.0019041122961363437 0.0 0.05 -1.3237766264708244 -5.0 5.0 0.20161722429603313 -1.0 1.0
SN2009cz 0.0211 0.0035 0.084 1943.9546944515519 1922.53 1966.46 0.008092237334606423 0.0 0.05 0.6416006452140989 -5.0 5.0 0.07653501567799889 -1.0 1.0
SN2006gj 0.0284 0.0035 0.084 1001.3119757116264 983.83 1096.59 0.0011137830027889398 0.0 0.05 -2.3058462475761328 -5.0 5.0 0.37601453536223595 -1.0 1.0
SN2005el 0.0149 0.0035 0.084 649.018314123728 624.89 730.75 0.013137243823952708 0.0 0.05 -1.6202361404632128 -5.0 5.0 -0.011525244609045637 -1.0 1.0
SN2007jh 0.0408 0.0035 0.084 1363.5854076620421 1348.86 1413.8 0.0005575029604380255 0.0 0.05 -1.3101615625666103 -5.0 5.0 0.3895154722135886 -1.0 1.0
SN2007so 0.0297 0.0035 0.084 1434.789141614141 1434.68 1494.53 0.001857059083468337 0.0 0.05 -1.4484283493004961 -5.0 5.0 0.32860595567747175 -1.0 1.0
SN2006gt 0.0448 0.0035 0.084 1004.4119274189957 986.67 1076.62 0.0007688158269363763 0.0 0.05 -2.472895261639915 -5.0 5.0 0.187062104925057 -1.0 1.0
SN2007ai 0.0317 0.0035 0.084 1176.288467945677 1152.88 1259.7 0.0008385729566241667 0.0 0.05 0.19410105545851522 -5.0 5.0 0.5313468241109659 -1.0 1.0
SN2006hb 0.0153 0.0035 0.084 1000.1014788090871 991.87 1143.59 0.012396083957987568 0.0 0.05 -2.1247589623471668 -5.0 5.0 0.03850752230200352 -1.0 1.0
SN2007hj 0.0141 0.0035 0.084 1346.4476766276337 1333.76 1440.53 0.008563622376622239 0.0 0.05 -2.155764562975495 -5.0 5.0 0.25632336373041187 -1.0 1.0
SN2008ia 0.0219 0.0035 0.084 1813.380660113029 1794.77 1874.69 0.003665089533618954 0.0 0.05 -1.254219094728222 -5.0 5.0 0.1618489728785786 -1.0 1.0
SN2007ol 0.0559 0.0035 0.084 1413.2320845768616 1394.79 1422.66 0.0009405580417290266 0.0 0.05 -2.109060806803881 -5.0 5.0 0.019945483552474465 -1.0 1.0
SN2008fw 0.0085 0.0035 0.084 1745.3880684676244 1725.89 1827.81 0.013299502708501049 0.0 0.05 -0.07424752117294808 -5.0 5.0 0.39096942007748403 -1.0 1.0
SN2005mc 0.0252 0.0035 0.084 730.5985183228763 721.79 773.62 0.0025165833296190037 0.0 0.05 -2.1373007682123637 -5.0 5.0 0.2533403107742397 -1.0 1.0
SN2009dc 0.0214 0.0035 0.084 1949.1838364689677 1923.77 1976.68 0.013573506290636743 0.0 0.05 1.0649800391554751 -5.0 5.0 0.17637749025409796 -1.0 1.0
SN2009F 0.013 0.0035 0.084 1842.723409389797 1822.75 1884.63 0.0019312295038464036 0.0 0.05 -3.2335330065990986 -5.0 5.0 0.5058144959925188 -1.0 1.0
SN2008go 0.0623 0.0035 0.084 1765.3605647818201 1749.54 1776.58 0.0009051712734503039 0.0 0.05 0.5135895535260958 -5.0 5.0 0.1139781131075794 -1.0 1.0
SN2008cf 0.046 0.0035 0.084 1596.3744979916148 1580.77 1654.65 0.0021163045572956778 0.0 0.05 0.8512341775467798 -5.0 5.0 -0.01791639430270467 -1.0 1.0
SN2006bd 0.0257 0.0035 0.084 810.1164085328265 807.75 872.57 0.001218734476052114 0.0 0.05 -1.697953018442133 -5.0 5.0 0.3873514611943784 -1.0 1.0
SN2007bm 0.0062 0.0035 0.084 1224.991166073386 1202.57 1278.52 0.024974199992652713 0.0 0.05 -0.8954379919545679 -5.0 5.0 0.5197586895755831 -1.0 1.0
SN2006kf 0.0213 0.0035 0.084 1041.311936278931 1021.81 1127.64 0.0031998846210362104 0.0 0.05 -2.1074998098674813 -5.0 5.0 0.22078797096195335 -1.0 1.0
SN2008bt 0.0154 0.0035 0.084 1569.0529987791383 1556.61 1651.47 0.0032634120672385618 0.0 0.05 -2.256228203058875 -5.0 5.0 0.4291379883685397 -1.0 1.0
SN2006mr 0.0059 0.0035 0.084 1050.9490564352286 1030.86 1147.57 0.009430648965591029 0.0 0.05 -1.8070932856653397 -5.0 5.0 0.5167395094054215 -1.0 1.0
SN2007le 0.0067 0.0035 0.084 1399.8677868409932 1373.57 1470.55 0.042458543495198516 0.0 0.05 0.3015617738897087 -5.0 5.0 0.31294953851008483 -1.0 1.0
SN2008hu 0.0497 0.0035 0.084 1806.331000521516 1789.74 1844.84 0.0009097296373195429 0.0 0.05 -1.7601056834159763 -5.0 5.0 0.07880922152628428 -1.0 1.0
SN2009J 0.0158 0.0035 0.084 1835.9210680249746 1831.74 1867.68 0.0011133007000714852 0.0 0.05 -1.779493863094927 -5.0 5.0 -0.0043465984725907045 -1.0 1.0
SN2007N 0.0129 0.0035 0.084 1113.0957557398776 1108.82 1213.67 0.00233891115209447 0.0 0.05 -2.882852260344512 -5.0 5.0 0.5881432940959739 -1.0 1.0
SN2006ob 0.0592 0.0035 0.084 1063.7487234733348 1045.65 1121.57 0.0008082909277339615 0.0 0.05 -2.234301965603989 -5.0 5.0 0.027749110227421374 -1.0 1.0
SN2006bh 0.0109 0.0035 0.084 833.3480263723451 814.91 891.79 0.028925476776261196 0.0 0.05 -1.4781591716294702 -5.0 5.0 -0.01964411968741258 -1.0 1.0
SN2007ba 0.0385 0.0035 0.084 1197.3594755381787 1175.83 1255.61 0.0011399055866493932 0.0 0.05 -2.9552825618201726 -5.0 5.0 0.3472985653248374 -1.0 1.0
SN2008fp 0.0057 0.0035 0.084 1733.52505188228 1709.84 1874.61 0.023998853209543362 0.0 0.05 -0.3208404733391764 -5.0 5.0 0.6235903244256716 -1.0 1.0
SN2005na 0.0263 0.0035 0.084 744.2866051796559 723.71 834.54 0.005199916272360112 0.0 0.05 -1.2215945722611246 -5.0 5.0 0.025726631300708958 -1.0 1.0
SN2008R 0.0135 0.0035 0.084 1492.3802387804903 1478.63 1532.52 0.011616764039306334 0.0 0.05 -2.1711550278938687 -5.0 5.0 0.13148792727684486 -1.0 1.0
SN2005bg 0.0231 0.0035 0.084 469.650161761798 456.65 512.61 0.007001268692286735 0.0 0.05 0.8254379422318635 -5.0 5.0 0.028489949087148483 -1.0 1.0
SN2005ke 0.0049 0.0035 0.084 700.3750916678965 674.69 819.51 0.015714585967789328 0.0 0.05 -1.8386990061238997 -5.0 5.0 0.5103964810196334 -1.0 1.0
SN2007cg 0.0332 0.0035 0.084 1228.1259171040747 1220.63 1259.59 0.0007185209457610238 0.0 0.05 0.8063151042337269 -5.0 5.0 0.694625873660853 -1.0 1.0
SN2004gu 0.0459 0.0035 0.084 362.98437746038377 342.86 410.84 0.0016832465524544433 0.0 0.05 1.4416187263586164 -5.0 5.0 0.12471948799331985 -1.0 1.0
SN2007jd 0.0726 0.0035 0.084 1361.5225277288089 1347.83 1409.83 0.00037392304877173 0.0 0.05 -0.6695845384932009 -5.0 5.0 0.17545963913376708 -1.0 1.0
SN2007hx 0.0794 0.0035 0.084 1354.7819453315356 1339.78 1411.73 0.0003121225921722024 0.0 0.05 0.46300572575746846 -5.0 5.0 0.19528621790330267 -1.0 1.0
SN2008ha 0.0046 0.0035 0.084 1770.4796032913907 1766.55 1810.55 0.0024388199647406203 0.0 0.05 -2.039163681791583 -5.0 5.0 0.1538953637008349 -1.0 1.0
SN2005hj 0.0574 0.0035 0.084 676.7621371308642 656.67 761.57 0.0012170893208268555 0.0 0.05 1.027582852933339 -5.0 5.0 0.05071450994479924 -1.0 1.0
SN2005hk 0.013 0.0035 0.084 688.9103909929288 660.61 761.54 0.004538055437688975 0.0 0.05 0.1391395512444732 -5.0 5.0 0.6287262841489524 -1.0 1.0
SN2005ir 0.0763 0.0035 0.084 686.7216762892201 667.62 740.53 0.0006639656651488255 0.0 0.05 0.1904885620655198 -5.0 5.0 0.047757625063494645 -1.0 1.0
SN2005bl 0.0241 0.0035 0.084 482.89835247964135 461.61 512.57 0.0005594741594141774 0.0 0.05 -4.430534505644958 -5.0 5.0 0.5513154451232082 -1.0 1.0
SN2005M 0.022 0.0035 0.084 408.47263352581075 381.77 480.51 0.006418909046022551 0.0 0.05 1.2243475548074425 -5.0 5.0 0.05590815851611497 -1.0 1.0
SN2008bf 0.0235 0.0035 0.084 1555.4766365687058 1531.79 1646.49 0.007880842923380451 0.0 0.05 0.5781449787146778 -5.0 5.0 -0.025270667638326368 -1.0 1.0
SN2006eq 0.0495 0.0035 0.084 977.0435942645519 965.56 1029.51 0.0006333370052723479 0.0 0.05 -2.3659771537964533 -5.0 5.0 0.23836783224629968 -1.0 1.0
SN2009aa 0.0273 0.0035 0.084 1878.842303886066 1853.77 1956.66 0.004686202949179582 0.0 0.05 -0.5997099661225387 -5.0 5.0 0.011938356726648352 -1.0 1.0
SN2008hj 0.0379 0.0035 0.084 1802.2989925974834 1779.58 1834.55 0.002916400129323278 0.0 0.05 0.4058216766051574 -5.0 5.0 0.03361208587675355 -1.0 1.0
SN2006ax 0.0167 0.0035 0.084 828.1240727103213 800.64 891.5 0.01394760915254965 0.0 0.05 0.1705520421155701 -5.0 5.0 -0.0009055980944641513 -1.0 1.0
SN2009D 0.025 0.0035 0.084 1841.8463410637619 1819.67 1890.52 0.007224066309612312 0.0 0.05 0.6666900829480832 -5.0 5.0 0.06018063025754313 -1.0 1.0
SN2008gl 0.034 0.0035 0.084 1768.89132883862 1750.7 1844.55 0.0029546049011548448 0.0 0.05 -1.3401203356607438 -5.0 5.0 0.04252791495615406 -1.0 1.0
SN2008cd 0.0074 0.0035 0.084 1572.756900905094 1572.74 1595.73 0.0014569041256250858 0.0 0.05 -2.831751482229041 -5.0 5.0 0.9972110321199377 -1.0 1.0
SN2007A 0.0177 0.0035 0.084 1113.5496389540278 1092.53 1133.53 0.006920641132077196 0.0 0.05 0.7576457708399121 -5.0 5.0 0.25731480021518355 -1.0 1.0
SN2008ar 0.0261 0.0035 0.084 1535.3494713804034 1512.79 1627.59 0.004847065735609301 0.0 0.05 -0.0786291303567332 -5.0 5.0 0.06345708116287116 -1.0 1.0
SN2006X 0.0052 0.0035 0.084 788.4596610887686 760.68 906.46 0.013223421711669472 0.0 0.05 0.2356588226434484 -5.0 5.0 0.9990598964678052 -1.0 1.0
SN2006ej 0.0205 0.0035 0.084 975.9669992822447 964.74 1046.74 0.008238514101810252 0.0 0.05 -1.4238713983628535 -5.0 5.0 -0.008284836726094391 -1.0 1.0
SN2005eq 0.029 0.0035 0.084 656.3007772737259 632.8 751.66 0.004024693946742896 0.0 0.05 0.9682333496243842 -5.0 5.0 0.10531164030350221 -1.0 1.0
SN2008gg 0.032 0.0035 0.084 1752.0950902020313 1738.63 1827.57 0.0034009935749858833 0.0 0.05 0.7348570437464241 -5.0 5.0 0.16179760358049355 -1.0 1.0
SN2004ey 0.0158 0.0035 0.084 305.0242805754516 280.53 358.55 0.013340750949127872 0.0 0.05 0.2397852881731887 -5.0 5.0 0.08528491597561433 -1.0 1.0
SN2010ae 0.0037 0.0035 0.084 2277.5978364142748 2243.59 2305.53 0.00038651570127481614 0.0 0.05 -2.749111957670596 -5.0 5.0 0.9956580818245949 -1.0 1.0
SN2007ux 0.0309 0.0035 0.084 1463.6403246544728 1451.82 1558.61 0.0019206258700634792 0.0 0.05 -2.1190443222912116 -5.0 5.0 0.15508368887459612 -1.0 1.0
SN2005W 0.0089 0.0035 0.084 412.9370962239368 389.54 429.51 0.027650786513044825 0.0 0.05 -0.02764552980557433 -5.0 5.0 0.24272643961895524 -1.0 1.0
SN2007on 0.0065 0.0035 0.084 1422.3007276130054 1395.73 1508.61 0.04999128353860775 0.0 0.05 -0.056399357597159486 -5.0 5.0 0.27257605399759016 -1.0 1.0
SN2005ku 0.0454 0.0035 0.084 699.04099506739 684.56 739.53 0.0013312290982440819 0.0 0.05 0.11164732423508641 -5.0 5.0 0.17441313810411785 -1.0 1.0
SN2008fu 0.052 0.0035 0.084 1732.7126847475597 1722.84 1817.67 0.0014519301277875218 0.0 0.05 -1.5192313252615244 -5.0 5.0 -0.08565517779763217 -1.0 1.0
SN2007bd 0.0309 0.0035 0.084 1207.9153902848204 1182.53 1259.46 0.00360253178595142 0.0 0.05 -0.6340982625284837 -5.0 5.0 -0.007335062304359378 -1.0 1.0
SN2006is 0.031 0.0035 0.084 1014.2502682541153 993.9 1125.67 0.004246514529716243 0.0 0.05 0.5366626223305637 -5.0 5.0 0.05457557181942297 -1.0 1.0
SN2008bc 0.0151 0.0035 0.084 1550.535274364897 1526.67 1646.46 0.00914334236220296 0.0 0.05 0.6250029414021446 -5.0 5.0 0.1860532253306523 -1.0 1.0
SN2007mm 0.0664 0.0035 0.084 1392.5153718729616 1370.72 1418.69 0.00019037245123089023 0.0 0.05 -3.456900835402324 -5.0 5.0 0.4367780341598353 -1.0 1.0
SN2008C 0.0166 0.0035 0.084 1470.764478690727 1454.81 1552.5 0.006194206187634638 0.0 0.05 -1.586779169832453 -5.0 5.0 0.2536201967944954 -1.0 1.0
SN2004dt 0.0197 0.0035 0.084 244.76584363890248 234.79 365.62 0.009557019096094195 0.0 0.05 -0.8467762648430396 -5.0 5.0 0.23797935058161787 -1.0 1.0
SN2006br 0.0246 0.0035 0.084 851.3812428927318 840.66 891.66 0.0004271319270644819 0.0 0.05 -0.7975537571470558 -5.0 5.0 0.858116044778925 -1.0 1.0
SN2005ag 0.0797 0.0035 0.084 415.2135860745472 397.82 480.84 0.0006227793146522822 0.0 0.05 0.3882267239003869 -5.0 5.0 0.04027976411118379 -1.0 1.0
SN2007sr 0.0055 0.0035 0.084 1458.6351629034648 1439.84 1955.57 0.04999349024556084 0.0 0.05 0.6279047312171873 -5.0 5.0 0.4164154104208142 -1.0 1.0
SN2009ad 0.0284 0.0035 0.084 1887.117901510383 1863.6 1921.53 0.004199319054511835 0.0 0.05 0.2078680380926133 -5.0 5.0 0.07252894753016624 -1.0 1.0
SN2006et 0.0226 0.0035 0.084 995.4503213405238 967.63 1099.54 0.006335093578936643 0.0 0.05 0.7079102236691938 -5.0 5.0 0.21650958988230537 -1.0 1.0
SN2009P 0.0251 0.0035 0.084 1868.1287533138193 1852.74 1931.61 0.002340279434465911 0.0 0.05 1.5697329512525924 -5.0 5.0 0.39879060320134185 -1.0 1.0
SN2004ef 0.031 0.0035 0.084 264.725276633235 240.69 329.57 0.002556523755319872 0.0 0.05 -1.4146898783557251 -5.0 5.0 0.14560561524665808 -1.0 1.0
SN2006os 0.0328 0.0035 0.084 1065.3243808208438 1048.65 1133.56 0.0009351483349045428 0.0 0.05 -0.6789064758774103 -5.0 5.0 0.49560748579469943 -1.0 1.0
SN2008bi 0.0134 0.0035 0.084 1536.528289631069 1536.52 1628.47 0.004648425212613266 0.0 0.05 -2.64917279312489 -5.0 5.0 0.2446132364865468 -1.0 1.0
SN2009le 0.0178 0.0035 0.084 2168.5310061246905 2138.53 2169.58 0.011223240477070892 0.0 0.05 2.8238877907788584 -5.0 5.0 0.17760102432305472 -1.0 1.0
SN2005al 0.0124 0.0035 0.084 433.1302184889553 414.76 512.79 0.014976786322949253 0.0 0.05 -1.5998245548561532 -5.0 5.0 -0.029218060487110415 -1.0 1.0
SN2005am 0.0079 0.0035 0.084 440.06893111101476 417.58 512.46 0.04399174564507876 0.0 0.05 -2.2804870074118213 -5.0 5.0 0.08856301135124389 -1.0 1.0
SN2005iq 0.034 0.0035 0.084 688.1298311720572 667.55 755.55 0.0031163680067418983 0.0 0.05 -0.9598816610499469 -5.0 5.0 -0.054589065465089154 -1.0 1.0
SN2008bd 0.0301 0.0035 0.084 1526.7522615525756 1526.7 1607.65 0.0011684299099195133 0.0 0.05 -2.8787687466709064 -5.0 5.0 0.16850687620950833 -1.0 1.0
SN2007S 0.0139 0.0035 0.084 1145.142711652705 1117.77 1246.54 0.007734864236642241 0.0 0.05 0.8760520849552935 -5.0 5.0 0.4194019210954815 -1.0 1.0
SN2005bo 0.0139 0.0035 0.084 479.0474469942215 463.75 512.76 0.008204478685986717 0.0 0.05 -1.0565938643203978 -5.0 5.0 0.2865887078197324 -1.0 1.0
SN2006bt 0.0322 0.0035 0.084 859.625048948442 838.76 891.71 0.002405120027682715 0.0 0.05 -0.30985861844214196 -5.0 5.0 0.24556766965111426 -1.0 1.0
SN2008fl 0.0199 0.0035 0.084 1721.0328774131578 1709.49 1789.53 0.005374088409389724 0.0 0.05 -1.1711080880419467 -5.0 5.0 0.20694242284385955 -1.0 1.0
SN2007st 0.0212 0.0035 0.084 1453.1758797536763 1443.66 1513.52 0.00866536816727321 0.0 0.05 -1.5836214290887536 -5.0 5.0 0.08909456618613737 -1.0 1.0
SN2005hc 0.0459 0.0035 0.084 668.0187552834908 646.67 755.61 0.0018095470570265258 0.0 0.05 0.9465340344175889 -5.0 5.0 0.04426624265080183 -1.0 1.0
SN2009ab 0.0112 0.0035 0.084 1883.7277249524038 1859.57 1911.51 0.011167967724937257 0.0 0.05 -0.9768356645832809 -5.0 5.0 0.2418338719645975 -1.0 1.0
SN2007as 0.0176 0.0035 0.084 1181.647762671373 1160.59 1259.49 0.007035719048750518 0.0 0.05 -0.7863732089059118 -5.0 5.0 0.16642906962285103 -1.0 1.0
SN2006hx 0.0455 0.0035 0.084 1022.4434888954987 997.66 1080.59 0.0015098847343483364 0.0 0.05 -0.1370315522131536 -5.0 5.0 0.1505685108224608 -1.0 1.0
SN2008ff 0.0193 0.0035 0.084 1714.6349578210095 1709.53 1790.57 0.005823363046803098 0.0 0.05 0.026433972661294547 -5.0 5.0 0.32917935591528646 -1.0 1.0
SN2009ds 0.0193 0.0035 0.084 1962.2492047385485 1939.64 1976.62 0.009350988202302726 0.0 0.05 1.6279353823726692 -5.0 5.0 0.16209616695185589 -1.0 1.0
SN2008O 0.0389 0.0035 0.084 1490.906022719723 1474.71 1571.48 0.0007023417710346285 0.0 0.05 -2.0981397964925796 -5.0 5.0 0.4210225469912646 -1.0 1.0
SN2006ot 0.0531 0.0035 0.084 1066.923126092561 1048.72 1131.63 0.0009248666301792927 0.0 0.05 -0.08031361602215058 -5.0 5.0 0.27267929925883344 -1.0 1.0
SN2006py 0.0579 0.0035 0.084 1071.5657498552025 1054.54 1091.54 0.000996420414406713 0.0 0.05 -0.1748784977697838 -5.0 5.0 0.09032439439992322 -1.0 1.0
SN2005be 0.035 0.0035 0.084 459.95872840174786 452.89 491.77 0.002972324005601536 0.0 0.05 -1.828098518460359 -5.0 5.0 -0.052887860037321335 -1.0 1.0
SN2006fw 0.0835 0.0035 0.084 1004.58764290429 986.75 1039.73 0.00037828985185316355 0.0 0.05 -0.684692795410962 -5.0 5.0 0.1952905499378428 -1.0 1.0
SN2007ax 0.0069 0.0035 0.084 1189.1167480937352 1169.55 1248.47 0.0039000150971192655 0.0 0.05 -2.462581668552317 -5.0 5.0 0.6436074778385866 -1.0 1.0
SN2007jg 0.0371 0.0035 0.084 1366.7976590589512 1348.82 1425.78 0.0014645474481125573 0.0 0.05 -0.31321924511622573 -5.0 5.0 0.14811207216764674 -1.0 1.0
SN2007af 0.0055 0.0035 0.084 1176.5351227137749 1147.76 1257.72 0.04999948431078249 0.0 0.05 0.710789956837954 -5.0 5.0 0.3679537474862511 -1.0 1.0
SN2008cc 0.0104 0.0035 0.084 1580.2601719399472 1567.86 1654.86 0.01611293215254303 0.0 0.05 -1.6266726296519447 -5.0 5.0 0.33660745197880737 -1.0 1.0
SN2006ef 0.0179 0.0035 0.084 970.0302229677338 964.9 1040.71 0.010578543612259248 0.0 0.05 -1.365191014061397 -5.0 5.0 -0.018161323279275592 -1.0 1.0
SN2007nq 0.045 0.0035 0.084 1398.4006812111327 1382.65 1476.56 0.0017332329521819964 0.0 0.05 -1.8604994204068197 -5.0 5.0 0.017969131221758892 -1.0 1.0
SN2008bq 0.034 0.0035 0.084 1563.9382127565752 1547.49 1606.46 0.0025669162604141657 0.0 0.05 0.45510786233264405 -5.0 5.0 0.1742920737987633 -1.0 1.0
SN2008hv 0.0126 0.0035 0.084 1817.55538958111 1789.8 1912.7 0.020085146542084025 0.0 0.05 -1.2568187111734623 -5.0 5.0 -0.04948636103900324 -1.0 1.0
SN2009I 0.0262 0.0035 0.084 1852.613767944468 1831.58 1867.58 0.0007700964930280981 0.0 0.05 0.8091621409623747 -5.0 5.0 0.7708700467871509 -1.0 1.0
SN2004gc 0.0321 0.0035 0.084 330.0957720112457 314.83 397.66 0.0013739457157289216 0.0 0.05 -1.3718919080569618 -5.0 5.0 0.396665261188031 -1.0 1.0
SN2005lu 0.032 0.0035 0.084 719.9518397102046 704.66 799.52 0.001416497952142768 0.0 0.05 -0.1007726582385768 -5.0 5.0 0.3294092782625326 -1.0 1.0
SN2007al 0.0122 0.0035 0.084 1162.9514232430563 1155.77 1246.58 0.003121044436378177 0.0 0.05 -2.763631981409166 -5.0 5.0 0.46085569013613537 -1.0 1.0
