analysis_pipeline/priors/csp_salt2_2.4.ecsv
# %ECSV 0.9
# ---
# datatype:
# - name: obj_id
#   datatype: string
# - name: z
#   datatype: float64
# - name: z_min
#   datatype: float64
# - name: z_max
#   datatype: float64
# - name: t0
#   datatype: float64
# - name: t0_min
#   datatype: float64
# - name: t0_max
#   datatype: float64
# - name: x0
#   datatype: float64
# - name: x0_min
#   datatype: float64
# - name: x0_max
#   datatype: float64
# - name: x1
#   datatype: float64
# - name: x1_min
#   datatype: float64
# - name: x1_max
#   datatype: float64
# - name: c
#   datatype: float64
# - name: c_min
#   datatype: float64
# - name: c_max
#   datatype: float64
# - name: message
#   datatype: string
# schema: astropy-2.0
obj_id z z_min z_max t0 t0_min t0_max x0 x0_min x0_max x1 x1_min x1_max c c_min c_max message
[from data line 103]
2008ff 0.0193 0.0035 0.084 1714.9693038021305 1709.53 1749.53 0.006685901502650119 0.0 0.05 -0.5668244565627631 -5.0 5.0 0.2712845864443387 -1.0 1.0 Success
2008fl 0.0199 0.0035 0.084 1721.029798587637 1709.49 1749.49 0.005374249537364607 0.0 0.05 -1.170363620059925 -5.0 5.0 0.20700871484389086 -1.0 1.0 Success
2008fp 0.0057 0.0035 0.084 1733.5250501669987 1709.84 1749.84 0.023998893723287975 0.0 0.05 -0.3207770193255959 -5.0 5.0 0.6235865256644432 -1.0 1.0 Success
2008fr 0.0397 0.0035 0.084 1741.5756246743238 1723.78 1763.78 0.0018395583819220032 0.0 0.05 -0.4739014288855264 -5.0 5.0 0.1068299659626532 -1.0 1.0 Success
2008fu 0.052 0.0035 0.084 1732.713247909436 1722.84 1762.84 0.001452590297902367 0.0 0.05 -1.521205087942824 -5.0 5.0 -0.08624722528909276 -1.0 1.0 Success
2008fw 0.0085 0.0035 0.084 1745.4039223783718 1725.89 1765.89 0.013269141868411567 0.0 0.05 -0.0404207218841095 -5.0 5.0 0.3872395183472699 -1.0 1.0 Success
2008gg 0.032 0.0035 0.084 1752.090911776504 1738.63 1778.63 0.003406372486400664 0.0 0.05 0.6408868658597604 -5.0 5.0 0.1583381786916569 -1.0 1.0 Success
2008gl 0.034 0.0035 0.084 1768.891255391621 1750.7 1790.7 0.002954440927988315 0.0 0.05 -1.3399932942138875 -5.0 5.0 0.042560268019427305 -1.0 1.0 Success
2008go 0.0623 0.0035 0.084 1765.3667841593972 1749.54 1776.58 0.0009051346383052606 0.0 0.05 0.5109870368826571 -5.0 5.0 0.11368383834759997 -1.0 1.0 Success
2008gp 0.0334 0.0035 0.084 1779.7562025284756 1753.75 1793.75 0.0031784752391214983 0.0 0.05 -0.07246195156809779 -5.0 5.0 0.043248034759874335 -1.0 1.0 Success
2008ha 0.0046 0.0035 0.084 1770.4729513745074 1766.55 1806.55 0.0024383169983020823 0.0 0.05 -2.0385812058414796 -5.0 5.0 0.15456247921236058 -1.0 1.0 Success
2008hj 0.0379 0.0035 0.084 1802.297852388734 1779.58 1819.58 0.002915968025622989 0.0 0.05 0.40721404672030914 -5.0 5.0 0.03368012722498557 -1.0 1.0 Success
2008hu 0.0497 0.0035 0.084 1806.3313597683712 1789.74 1829.74 0.0009092863344252105 0.0 0.05 -1.7574857138487037 -5.0 5.0 0.07906622079217963 -1.0 1.0 Success
2008hv 0.0126 0.0035 0.084 1817.5548684238802 1789.8 1829.8 0.02008544243039384 0.0 0.05 -1.2572370876670655 -5.0 5.0 -0.04948646046985642 -1.0 1.0 Success
2008ia 0.0219 0.0035 0.084 1813.3836601263079 1794.77 1834.77 0.003665408594198616 0.0 0.05 -1.2568612197192246 -5.0 5.0 0.16183441877817006 -1.0 1.0 Success
2009D 0.025 0.0035 0.084 1841.846441020567 1819.67 1859.67 0.007224135034018803 0.0 0.05 0.6662822884396412 -5.0 5.0 0.06018590640751891 -1.0 1.0 Success
2009F 0.013 0.0035 0.084 1842.7237120148604 1822.75 1862.75 0.0019309633372248463 0.0 0.05 -3.2337165243051937 -5.0 5.0 0.5057709725879398 -1.0 1.0 Success
2009I 0.0262 0.0035 0.084 1852.6100899682078 1831.58 1867.58 0.0007703343017347572 0.0 0.05 0.8088170963645329 -5.0 5.0 0.7705556060680038 -1.0 1.0 Success
2009J 0.0158 0.0035 0.084 1835.8838228667598 1831.74 1867.68 0.0011161765316219758 0.0 0.05 -1.771596482585146 -5.0 5.0 -0.005543017757430465 -1.0 1.0 Success
2009P 0.0251 0.0035 0.084 1868.1349659184166 1852.74 1892.74 0.0023398390213220143 0.0 0.05 1.5674299275151966 -5.0 5.0 0.39872801659453966 -1.0 1.0 Success
2009Y 0.0094 0.0035 0.084 1878.3400937677648 1853.84 1893.84 0.03152381672760772 0.0 0.05 0.03824353425387494 -5.0 5.0 0.19243223355034011 -1.0 1.0 Success
2009aa 0.0273 0.0035 0.084 1878.8422464904957 1853.77 1893.77 0.004686171765228613 0.0 0.05 -0.5994374673961771 -5.0 5.0 0.011957062615995476 -1.0 1.0 Success
2009ab 0.0112 0.0035 0.084 1883.727639374308 1859.57 1899.57 0.011167806955387174 0.0 0.05 -0.9770928273004624 -5.0 5.0 0.24181266091469394 -1.0 1.0 Success
2009ad 0.0284 0.0035 0.084 1887.1180011205074 1863.6 1903.6 0.004200058357950494 0.0 0.05 0.2062041691562478 -5.0 5.0 0.07248230032682852 -1.0 1.0 Success
2009ag 0.0086 0.0035 0.084 1890.1462988077958 1871.62 1911.62 0.010532830035014375 0.0 0.05 -0.2839015488224236 -5.0 5.0 0.457579550967329 -1.0 1.0 Success
2009al 0.0221 0.0035 0.084 1896.8215958469532 1876.71 1916.71 0.005407318904500146 0.0 0.05 -0.41987652340680476 -5.0 5.0 0.18562361359577945 -1.0 1.0 Success
2009cz 0.0211 0.0035 0.084 1943.9542675311036 1922.53 1962.53 0.008091847146375505 0.0 0.05 0.6424731191199223 -5.0 5.0 0.0764437089649866 -1.0 1.0 Success
2009dc 0.0214 0.0035 0.084 1949.1813389370923 1923.77 1963.77 0.013575210830182519 0.0 0.05 1.065859856865262 -5.0 5.0 0.17625707662423148 -1.0 1.0 Success
2009ds 0.0193 0.0035 0.084 1962.2473958688156 1939.64 1976.62 0.009351869193679994 0.0 0.05 1.6251502004150828 -5.0 5.0 0.1620503633833413 -1.0 1.0 Success
2009le 0.0178 0.0035 0.084 2168.5344955994537 2138.53 2169.58 0.0112228156300158 0.0 0.05 2.8278425480683786 -5.0 5.0 0.1778616701146124 -1.0 1.0 Success
2010ae 0.0037 0.0035 0.084 2276.9844985382006 2243.59 2283.59 0.00039974391123678713 0.0 0.05 -2.369837815219101 -5.0 5.0 0.9765380382287641 -1.0 1.0 Success
