analysis_pipeline/priors/des_salt2_2.4.ecsv
# %ECSV 0.9
# ---
# datatype:
# - {name: obj_id, datatype: string}
# - {name: z, datatype: float64}
# - {name: z_min, datatype: float64}
# - {name: z_max, datatype: float64}
# - {name: t0, datatype: float64}
# - {name: t0_min, datatype: float64}
# - {name: t0_max, datatype: float64}
# - {name: x0, datatype: float64}
# - {name: x0_min, datatype: float64}
# - {name: x0_max, datatype: float64}
# - {name: x1, datatype: float64}
# - {name: x1_min, datatype: float64}
# - {name: x1_max, datatype: float64}
# - {name: c, datatype: float64}
# - {name: c_min, datatype: float64}
# - {name: c_max, datatype: float64}
# - {name: message, datatype: string}
# schema: astropy-2.0
obj_id z z_min z_max t0 t0_min t0_max x0 x0_min x0_max x1 x1_min x1_max c c_min c_max message
[from data line 99]
01309288 0.2684 0.075 0.85 56986.31327733697 56946.361 56986.361 7.2452533614519e-05 0.0 0.05 -1.7345142895479706 -3.0 2.0 -0.19781130737044714 -0.3 0.3 Success
01309492 0.3335 0.075 0.85 56988.25379105064 56948.255 56988.255 3.3747124445614845e-05 0.0 0.05 -1.7751581788423374 -3.0 2.0 -0.08156290875762107 -0.3 0.3 Success
01309749 0.7893 0.075 0.85 56974.32751281232 56934.35 56974.35 4.597086459141839e-06 0.0 0.05 1.4832327309792337 -3.0 2.0 -0.1326065651342738 -0.3 0.3 Success
01310338 0.4388 0.075 0.85 56974.061943313645 56934.112 56974.112 1.6825963606539104e-05 0.0 0.05 -0.7770863514610434 -3.0 2.0 0.0572981785818211 -0.3 0.3 Success
01310395 0.289 0.075 0.85 56980.77869294024 56941.203 56981.203 2.486835762768026e-05 0.0 0.05 -0.7237049669409309 -3.0 2.0 0.09189761441630696 -0.3 0.3 Success
01312274 0.438 0.075 0.85 56976.978321466806 56941.141 56981.141 1.2653877438340275e-05 0.0 0.05 -1.2499053618985265 -3.0 2.0 -0.04625687143527132 -0.3 0.3 Success
01313594 0.2883 0.075 0.85 56998.03050542614 56958.035 56998.035 5.1154491721106505e-05 0.0 0.05 -1.172850727355673 -3.0 2.0 -0.11564577991031821 -0.3 0.3 Success
01314897 0.3369 0.075 0.85 57298.30966229121 57258.337 57298.337 3.1857050551630214e-05 0.0 0.05 -0.21795133574334632 -3.0 2.0 -0.09102669445027303 -0.3 0.3 Success
01315192 0.2254 0.075 0.85 57008.77663421975 56972.193 57012.193 5.4798763383097694e-05 0.0 0.05 1.0396888721216704 -3.0 2.0 0.1250483134202896 -0.3 0.3 Success
01315259 0.228 0.075 0.85 57004.218818305635 56965.181 57005.181 4.7174331694122e-05 0.0 0.05 -0.5059203837107864 -3.0 2.0 0.0634510009639129 -0.3 0.3 Success
01315296 0.4126 0.075 0.85 56998.141167242524 56958.183 56998.183 1.29151087610142e-05 0.0 0.05 -1.6494058558285982 -3.0 2.0 0.015794738025822822 -0.3 0.3 Success
01316385 0.1478 0.075 0.85 57019.24497462805 56986.175 57026.175 0.00019323450140759326 0.0 0.05 1.4494562681520093 -3.0 2.0 0.015288465635256548 -0.3 0.3 Success
01316431 0.1981 0.075 0.85 57018.8920553372 56986.16 57026.16 9.784221392964806e-05 0.0 0.05 1.2523464281683425 -3.0 2.0 -0.03282402530577966 -0.3 0.3 Success
01316437 0.482 0.075 0.85 57005.094805805944 56965.192 57005.192 9.79981506405534e-06 0.0 0.05 -2.092444137211367 -3.0 2.0 0.1354452429509304 -0.3 0.3 Success
01316465 0.3291 0.075 0.85 57021.44090045385 56986.175 57026.175 2.878540269106946e-05 0.0 0.05 0.3646028631959713 -3.0 2.0 -0.0019586835334045967 -0.3 0.3 Success
01317164 0.1547 0.075 0.85 57297.50068758059 57261.375 57301.375 7.041226072418007e-05 0.0 0.05 -2.229027953053539 -3.0 2.0 0.12015397638413318 -0.3 0.3 Success
01317277 0.2371 0.075 0.85 57007.33288128421 56972.071 57012.071 4.171118160200957e-05 0.0 0.05 -1.3837376966250803 -3.0 2.0 0.0723835508834465 -0.3 0.3 Success
01317286 0.279 0.075 0.85 57012.06480483409 56972.071 57012.071 5.177998252382678e-05 0.0 0.05 0.12126861964552914 -3.0 2.0 -0.06931488680248399 -0.3 0.3 Success
01317454 0.5688 0.075 0.85 57011.89464583253 56972.028 57012.028 7.855104613850572e-06 0.0 0.05 -0.772249444932784 -3.0 2.0 0.020049519444385412 -0.3 0.3 Success
01317666 0.1414 0.075 0.85 57298.33703212081 57258.339 57298.339 0.00013944487299352614 0.0 0.05 -0.8660148295502857 -3.0 2.0 -0.06626831270416614 -0.3 0.3 Success
01319366 0.2361 0.075 0.85 57301.30053004745 57261.312 57301.312 7.52043932779419e-05 0.0 0.05 0.40146523123317773 -3.0 2.0 -0.004646107187383412 -0.3 0.3 Success
01319821 0.3088 0.075 0.85 57017.10919325073 56977.123 57017.123 2.9996951016472084e-05 0.0 0.05 -0.28768250155562775 -3.0 2.0 0.00010286862468869257 -0.3 0.3 Success
01320166 0.449 0.075 0.85 57016.066716452864 56976.108 57016.108 1.1289890256162427e-05 0.0 0.05 -0.9073343052432253 -3.0 2.0 -0.09057369177873872 -0.3 0.3 Success
01322229 0.5261 0.075 0.85 57026.03965623981 56986.05 57026.05 1.114545254692604e-05 0.0 0.05 -2.447906978645696 -3.0 2.0 0.03806820790094636 -0.3 0.3 Success
01322979 0.5294 0.075 0.85 57033.03331421334 56993.04 57033.04 1.1329699324272901e-05 0.0 0.05 -1.3241677294540373 -3.0 2.0 -0.17006986575174274 -0.3 0.3 Success
01324542 0.5415 0.075 0.85 57035.97432626114 56996.085 57036.085 8.11601484970871e-06 0.0 0.05 0.542476525110369 -3.0 2.0 -0.18605125119988997 -0.3 0.3 Success
01325358 0.7793 0.075 0.85 57030.21112487018 56990.241 57030.241 3.1855800269964625e-06 0.0 0.05 1.5391518110380826 -3.0 2.0 -0.15609612770105544 -0.3 0.3 Success
01327978 0.2073 0.075 0.85 57307.45077595457 57268.129 57308.129 6.649367030311781e-05 0.0 0.05 0.1250317435094901 -3.0 2.0 0.07163849177668846 -0.3 0.3 Success
01328066 0.4489 0.075 0.85 57297.66590153093 57258.093 57298.093 1.842860688785995e-05 0.0 0.05 0.4710449839368398 -3.0 2.0 -0.12472506251561016 -0.3 0.3 Success
01328105 0.4402 0.075 0.85 57297.998587581875 57258.093 57298.093 1.8857072040584225e-05 0.0 0.05 0.5383713031366799 -3.0 2.0 -0.07309482650184239 -0.3 0.3 Success
01329166 0.7316 0.075 0.85 57293.21257949687 57253.251 57293.251 2.939991870528708e-06 0.0 0.05 1.9311177990474477 -3.0 2.0 -0.0739656164100994 -0.3 0.3 Success
01329196 0.7693 0.075 0.85 57291.22766780261 57251.247 57291.247 3.248073234464544e-06 0.0 0.05 1.95917827296021 -3.0 2.0 0.25615292603118534 -0.3 0.3 Success
01329312 0.3444 0.075 0.85 57308.087779370915 57268.189 57308.189 2.104291585544847e-05 0.0 0.05 -1.1553966447991553 -3.0 2.0 -0.05035486278900207 -0.3 0.3 Success
01329615 0.4039 0.075 0.85 57303.0926442258 57263.298 57303.298 1.5879229101733757e-05 0.0 0.05 -0.5648070305164411 -3.0 2.0 -0.007260567070842791 -0.3 0.3 Success
01330031 0.1041 0.075 0.85 57315.03944068633 57275.065 57315.065 0.00040340746623644794 0.0 0.05 0.23647388966665747 -3.0 2.0 -0.09133751055803377 -0.3 0.3 Success
01330426 0.2595 0.075 0.85 57313.20640188287 57273.21 57313.21 6.745500838946903e-05 0.0 0.05 1.2317430158115041 -3.0 2.0 -0.0805783251075297 -0.3 0.3 Success
01330642 0.6339 0.075 0.85 57308.17147133293 57268.189 57308.189 8.238957954531245e-06 0.0 0.05 1.573753307120957 -3.0 2.0 -0.1305509976892551 -0.3 0.3 Success
01330903 0.5638 0.075 0.85 57301.13898139698 57261.312 57301.312 8.792515286158542e-06 0.0 0.05 -0.9674441318684024 -3.0 2.0 0.01968128185026763 -0.3 0.3 Success
01331123 0.2291 0.075 0.85 57318.340029834646 57282.03 57322.03 4.7085795724640985e-05 0.0 0.05 -1.5801738137998977 -3.0 2.0 0.005204841842205615 -0.3 0.3 Success
01331993 0.7196 0.075 0.85 57316.12291034689 57276.17 57316.17 3.960411247799821e-06 0.0 0.05 1.9243181026994844 -3.0 2.0 -0.08129628593858361 -0.3 0.3 Success
01332059 0.5788 0.075 0.85 57313.110971912756 57273.199 57313.199 6.0750637904013545e-06 0.0 0.05 1.6070749246941416 -3.0 2.0 -0.12048626133672043 -0.3 0.3 Success
01332413 0.6087 0.075 0.85 57322.049380335426 57282.151 57322.151 8.495030868137003e-06 0.0 0.05 0.7468026000999657 -3.0 2.0 -0.13901826033185982 -0.3 0.3 Success
01333246 0.4379 0.075 0.85 57323.7127884787 57284.22 57324.22 1.0659881741114104e-05 0.0 0.05 0.7369788961489507 -3.0 2.0 0.17481705198128086 -0.3 0.3 Success
01333438 0.3995 0.075 0.85 57322.301121287375 57282.346 57322.346 1.2983697086656308e-05 0.0 0.05 -0.6476069292229304 -3.0 2.0 0.1118152411752796 -0.3 0.3 Success
01334084 0.1335 0.075 0.85 57336.50013144453 57300.206 57340.206 0.00012245045168844237 0.0 0.05 -0.805350896924813 -3.0 2.0 0.12958555000650396 -0.3 0.3 Success
01334087 0.2663 0.075 0.85 57336.155351616624 57296.299 57336.299 5.948805610900427e-05 0.0 0.05 0.6153185916698034 -3.0 2.0 0.010176624676149614 -0.3 0.3 Success
01334302 0.4549 0.075 0.85 57325.95369823205 57286.033 57326.033 1.3416086509770367e-05 0.0 0.05 -1.8155311613952627 -3.0 2.0 -0.07929191829959494 -0.3 0.3 Success
01334423 0.3577 0.075 0.85 57335.807737267765 57297.138 57337.138 1.9511059340927578e-05 0.0 0.05 0.9691941069831701 -3.0 2.0 0.039307373548472684 -0.3 0.3 Success
01334448 0.5167 0.075 0.85 57326.16848174038 57286.278 57326.278 8.929074281350622e-06 0.0 0.05 -2.157613713528194 -3.0 2.0 -0.09863451884481313 -0.3 0.3 Success
01334470 0.5188 0.075 0.85 57330.152970116884 57290.279 57330.279 1.0462255071945057e-05 0.0 0.05 0.5461290656002368 -3.0 2.0 0.07133921525047102 -0.3 0.3 Success
01334597 0.289 0.075 0.85 57340.21731786566 57300.219 57340.219 4.225905107605959e-05 0.0 0.05 -0.27761585122889365 -3.0 2.0 0.007235976351109662 -0.3 0.3 Success
01334620 0.1961 0.075 0.85 57334.85055759468 57296.28 57336.28 4.074527951118753e-05 0.0 0.05 -0.4800159209552441 -3.0 2.0 0.24519303390858385 -0.3 0.3 Success
01334644 0.2881 0.075 0.85 57332.451220749994 57296.28 57336.28 3.1640350880677116e-05 0.0 0.05 -1.6615404979530324 -3.0 2.0 -0.02722270269811401 -0.3 0.3 Success
01334645 0.2312 0.075 0.85 57335.4561103523 57296.28 57336.28 5.803295114019481e-05 0.0 0.05 -0.8179449431224775 -3.0 2.0 -0.0040838933639525885 -0.3 0.3 Success
01334707 0.6488 0.075 0.85 57329.29837799199 57289.307 57329.307 7.330878879267515e-06 0.0 0.05 -0.19303269284896216 -3.0 2.0 -0.1660227705626732 -0.3 0.3 Success
01334879 0.6393 0.075 0.85 57327.22419171647 57287.241 57327.241 4.895654975496532e-06 0.0 0.05 -1.4928782938582414 -3.0 2.0 0.1853939935483584 -0.3 0.3 Success
01335472 0.4989 0.075 0.85 57335.988425332514 57296.02 57336.02 9.885032984963779e-06 0.0 0.05 1.346262710861422 -3.0 2.0 0.05015625879291205 -0.3 0.3 Success
01335564 0.6077 0.075 0.85 57336.16810023613 57296.28 57336.28 6.551214731824487e-06 0.0 0.05 1.3432455741620295 -3.0 2.0 0.11553052855440772 -0.3 0.3 Success
01335694 0.2591 0.075 0.85 57347.80653371647 57310.214 57350.214 5.1825062857966166e-05 0.0 0.05 1.1230470094676552 -3.0 2.0 0.022370821449694028 -0.3 0.3 Success
01335717 0.3048 0.075 0.85 57346.66854920249 57310.182 57350.182 2.255027148540931e-05 0.0 0.05 -0.05899193924376364 -3.0 2.0 0.054924042856902826 -0.3 0.3 Success
01335718 0.6993 0.075 0.85 57342.14754374887 57302.161 57342.161 5.1658367864142e-06 0.0 0.05 1.8081912780788498 -3.0 2.0 -0.04299357443393961 -0.3 0.3 Success
01335868 0.6194 0.075 0.85 57340.128106492804 57300.229 57340.229 6.586473109420251e-06 0.0 0.05 1.412852676984359 -3.0 2.0 -0.0322812050396247 -0.3 0.3 Success
01336008 0.438 0.075 0.85 57348.265902400104 57310.01 57350.01 1.9687529355983533e-05 0.0 0.05 0.7115732762136233 -3.0 2.0 -0.08779869414737829 -0.3 0.3 Success
01336009 0.3416 0.075 0.85 57344.26798116195 57310.01 57350.01 1.360843775019935e-05 0.0 0.05 -0.4516421196521008 -3.0 2.0 0.1660851968876121 -0.3 0.3 Success
01336453 0.1848 0.075 0.85 57354.15666639861 57314.169 57354.169 0.00011505347819321563 0.0 0.05 0.6029121961792473 -3.0 2.0 -0.06123716849935237 -0.3 0.3 Success
01336480 0.256 0.075 0.85 57349.98412811787 57310.115 57350.115 3.6019014964523885e-05 0.0 0.05 -0.17627469437526092 -3.0 2.0 0.042841316642430245 -0.3 0.3 Success
01336687 0.2337 0.075 0.85 57351.16753740455 57312.063 57352.063 4.229770938023044e-05 0.0 0.05 0.46926685628450454 -3.0 2.0 0.1271769555518237 -0.3 0.3 Success
01337117 0.5539 0.075 0.85 57354.01259672139 57314.028 57354.028 1.3445151415669239e-05 0.0 0.05 -2.161148549740437 -3.0 2.0 -0.12909100224857226 -0.3 0.3 Success
01337221 0.6688 0.075 0.85 57349.98002281874 57310.023 57350.023 7.3335389221377035e-06 0.0 0.05 -1.7258871037246124 -3.0 2.0 -0.03096123037763959 -0.3 0.3 Success
01337228 0.5788 0.075 0.85 57349.888017728474 57310.023 57350.023 5.889936378673145e-06 0.0 0.05 -1.9984207531024833 -3.0 2.0 0.07348508577646014 -0.3 0.3 Success
01337272 0.5027 0.075 0.85 57349.99759822641 57310.068 57350.068 7.77931335814158e-06 0.0 0.05 0.6254916592132602 -3.0 2.0 0.25398459953937375 -0.3 0.3 Success
01337325 0.6387 0.075 0.85 57349.963949887235 57310.068 57350.068 6.663628774143507e-06 0.0 0.05 0.9520699626605598 -3.0 2.0 0.06411592316073735 -0.3 0.3 Success
01337649 0.2491 0.075 0.85 57363.12382738444 57324.162 57364.162 3.9769939677194744e-05 0.0 0.05 1.0746111964526117 -3.0 2.0 0.12631286730458735 -0.3 0.3 Success
01337655 0.8485 0.075 0.85 57350.050218916724 57310.078 57350.078 3.873218247428461e-06 0.0 0.05 1.8711396964413565 -3.0 2.0 0.04913293266187364 -0.3 0.3 Success
01337687 0.3195 0.075 0.85 57361.392144112906 57324.295 57364.295 3.7972184790116424e-05 0.0 0.05 1.005194771124056 -3.0 2.0 -0.08628195189142515 -0.3 0.3 Success
01337703 0.5334 0.075 0.85 57350.08262666414 57310.12 57350.12 9.768329507191274e-06 0.0 0.05 -0.1362332659107037 -3.0 2.0 0.057356953371849755 -0.3 0.3 Success
01337838 0.3119 0.075 0.85 57364.09401941916 57324.148 57364.148 3.4442085759502086e-05 0.0 0.05 0.7484044411362695 -3.0 2.0 -0.0230538505449804 -0.3 0.3 Success
01338128 0.3117 0.075 0.85 57363.96372493662 57324.019 57364.019 2.4575361314870297e-05 0.0 0.05 -0.7706356269940327 -3.0 2.0 -0.024578778407934036 -0.3 0.3 Success
01338170 0.389 0.075 0.85 57363.03566684649 57324.019 57364.019 1.6133784650073603e-05 0.0 0.05 -0.4754206485395154 -3.0 2.0 0.04597401168076209 -0.3 0.3 Success
01338233 0.598 0.075 0.85 57343.9911442816 57304.276 57344.276 4.194355328704589e-06 0.0 0.05 1.0456462846779992 -3.0 2.0 0.08001695514607547 -0.3 0.3 Success
01338266 0.6476 0.075 0.85 57363.80311978684 57324.033 57364.033 5.167418610364228e-06 0.0 0.05 -0.4346439620785074 -3.0 2.0 -0.06829263890221543 -0.3 0.3 Success
01338278 0.5639 0.075 0.85 57363.84832812136 57324.033 57364.033 9.072844651502187e-06 0.0 0.05 -0.27536644713252617 -3.0 2.0 0.045148759472479205 -0.3 0.3 Success
01338387 0.5838 0.075 0.85 57354.11380396015 57314.169 57354.169 9.621579799124527e-06 0.0 0.05 1.4357193362474838 -3.0 2.0 -0.05100914579734144 -0.3 0.3 Success
01338430 0.5089 0.075 0.85 57361.712865379246 57324.117 57364.117 1.276386365434098e-05 0.0 0.05 0.5850246049934418 -3.0 2.0 -0.09816051717801626 -0.3 0.3 Success
01338471 0.5309 0.075 0.85 57343.87998552836 57304.134 57344.134 6.326088245339524e-06 0.0 0.05 0.13491300672719794 -3.0 2.0 0.07624760308655688 -0.3 0.3 Success
01338675 0.3306 0.075 0.85 57364.03856656449 57324.046 57364.046 1.6735878061162565e-05 0.0 0.05 1.666417235913158 -3.0 2.0 0.16187529198989378 -0.3 0.3 Success
01339002 0.3025 0.075 0.85 57369.556100660964 57330.071 57370.071 2.12969422413468e-05 0.0 0.05 -1.2896819137943003 -3.0 2.0 0.12161790075141056 -0.3 0.3 Success
01339149 0.4678 0.075 0.85 57369.993657112114 57330.068 57370.068 1.2347315201625275e-05 0.0 0.05 -1.4231478195109402 -3.0 2.0 0.0695787701190513 -0.3 0.3 Success
01339392 0.1804 0.075 0.85 57370.05038645262 57330.331 57370.331 0.00013955455890219797 0.0 0.05 -1.1498856042663297 -3.0 2.0 -0.05578710352992451 -0.3 0.3 Success
01339450 0.5505 0.075 0.85 57363.889808260006 57324.281 57364.281 6.097323661330767e-06 0.0 0.05 -0.7813831621803614 -3.0 2.0 0.18109958368563445 -0.3 0.3 Success
01340454 0.421 0.075 0.85 57370.25702965578 57330.312 57370.312 1.4231474142812797e-05 0.0 0.05 1.8260845875703438 -3.0 2.0 0.06226293803604873 -0.3 0.3 Success
01341370 0.409 0.075 0.85 57372.04681110864 57332.076 57372.076 1.60173702807241e-05 0.0 0.05 -0.6218209883748685 -3.0 2.0 0.017455090817014036 -0.3 0.3 Success
01341894 0.3121 0.075 0.85 57389.77353983354 57350.051 57390.051 2.9427327417437006e-05 0.0 0.05 -0.15619133431348334 -3.0 2.0 -0.04787313935225144 -0.3 0.3 Success
01342255 0.2141 0.075 0.85 57390.074539066016 57350.107 57390.107 8.606495330784358e-05 0.0 0.05 0.35805993170483724 -3.0 2.0 -0.05409647803598235 -0.3 0.3 Success
01343208 0.4993 0.075 0.85 57380.23936599038 57340.251 57380.251 9.235958545871014e-06 0.0 0.05 -1.115391497222917 -3.0 2.0 0.1356259944653685 -0.3 0.3 Success
01343337 0.3389 0.075 0.85 57393.89926428733 57357.223 57397.223 1.7756913474211878e-05 0.0 0.05 1.0493982971267362 -3.0 2.0 0.149350896581979 -0.3 0.3 Success
01343401 0.3829 0.075 0.85 57394.911275820225 57357.046 57397.046 2.5120614515367652e-05 0.0 0.05 0.8881286107017982 -3.0 2.0 -0.046608235847702184 -0.3 0.3 Success
01343533 0.368 0.075 0.85 57389.02211854599 57350.036 57390.036 1.532282900924394e-05 0.0 0.05 -0.558854436685642 -3.0 2.0 -0.01323987060200145 -0.3 0.3 Success
