analysis_pipeline/priors/des_5_salt2_2.4.ecsv
# %ECSV 0.9
# ---
# datatype:
# - name: obj_id
#   datatype: string
# - name: z
#   datatype: float64
# - name: z_min
#   datatype: float64
# - name: z_max
#   datatype: float64
# - name: t0
#   datatype: float64
# - name: t0_min
#   datatype: float64
# - name: t0_max
#   datatype: float64
# - name: x0
#   datatype: float64
# - name: x0_min
#   datatype: float64
# - name: x0_max
#   datatype: float64
# - name: x1
#   datatype: float64
# - name: x1_min
#   datatype: float64
# - name: x1_max
#   datatype: float64
# - name: c
#   datatype: float64
# - name: c_min
#   datatype: float64
# - name: c_max
#   datatype: float64
# schema: astropy-2.0
obj_id z z_min z_max t0 t0_min t0_max x0 x0_min x0_max x1 x1_min x1_max c c_min c_max
[from data line 192]
01342255 0.24634991344445456 0.075 0.85 57390.74675959725 57350.107 57428.056 8.496458788198622e-05 0.0 0.05 0.4498939679778839 -3.0 2.0 -0.10784039052650649 -0.3 0.3
01343208 0.5136482287783783 0.075 0.85 57391.08067378016 57340.251 57426.117 1.0678995248193842e-05 0.0 0.05 -0.01995206831709706 -3.0 2.0 -0.05827446789192799 -0.3 0.3
01343337 0.3298133767343937 0.075 0.85 57393.7585462243 57357.223 57426.147 1.7545917593139233e-05 0.0 0.05 1.062425958305533 -3.0 2.0 0.16514690153663486 -0.3 0.3
01343401 0.3781904882298978 0.075 0.85 57394.84462203281 57357.046 57427.057 2.497506833074176e-05 0.0 0.05 0.833821315136644 -3.0 2.0 -0.0354858733584432 -0.3 0.3
01343533 0.384499210870456 0.075 0.85 57389.93675618318 57350.036 57407.048 1.4386424252787356e-05 0.0 0.05 -0.24651685636309636 -3.0 2.0 -0.010312566009839368 -0.3 0.3
01343759 0.5136222926306707 0.075 0.85 57396.133657684055 57350.133 57426.118 1.2954466420602817e-05 0.0 0.05 0.4647259549075448 -3.0 2.0 -0.13751018754947159 -0.3 0.3
01343871 0.569910039743791 0.075 0.85 57388.727825053786 57340.223 57408.057 6.967975030434737e-06 0.0 0.05 0.7629337245324642 -3.0 2.0 0.016371934160175516 -0.3 0.3
01344692 0.4686499229839802 0.075 0.85 57395.03568126468 57351.054 57427.068 8.49198518596293e-06 0.0 0.05 -0.7451774125008646 -3.0 2.0 0.06999524676464275 -0.3 0.3
01345553 0.2713224310599998 0.075 0.85 57393.96859185327 57357.046 57427.057 3.552994540530037e-05 0.0 0.05 0.4669882773645056 -3.0 2.0 -0.06902074851216056 -0.3 0.3
01345582 0.5004404951011959 0.075 0.85 57399.43628384719 57350.051 57427.057 1.5185342580804436e-05 0.0 0.05 0.5272507099397714 -3.0 2.0 -0.11156048547243187 -0.3 0.3
01345594 0.3690422983076935 0.075 0.85 57397.09836612037 57357.046 57427.057 1.9558491959275405e-05 0.0 0.05 -0.21534491642205061 -3.0 2.0 -0.008376290630266858 -0.3 0.3
01346137 0.3183642092133742 0.075 0.85 57402.58346709333 57360.046 57425.153 2.0193514983668155e-05 0.0 0.05 0.8538325812171061 -3.0 2.0 0.09643756441965838 -0.3 0.3
01346387 0.3554581745666228 0.075 0.85 57394.91797987223 57357.127 57426.118 1.6716552227227227e-05 0.0 0.05 -1.7804947874769834 -3.0 2.0 -0.003576027743627162 -0.3 0.3
01346956 0.32967692696408674 0.075 0.85 57411.92531436647 57372.178 57426.147 3.593555906719333e-05 0.0 0.05 0.8537189753446823 -3.0 2.0 -0.10077250460750693 -0.3 0.3
01346966 0.2852903656855207 0.075 0.85 57406.91203367679 57361.057 57426.147 3.703679830399195e-05 0.0 0.05 0.42174439450512263 -3.0 2.0 -0.03380191841252703 -0.3 0.3
