analysis_pipeline/priors/des_salt2_2.4.ecsv
# %ECSV 0.9
# ---
# datatype:
# - {name: obj_id, datatype: string}
# - {name: z, datatype: float64}
# - {name: z_min, datatype: float64}
# - {name: z_max, datatype: float64}
# - {name: t0, datatype: float64}
# - {name: t0_min, datatype: float64}
# - {name: t0_max, datatype: float64}
# - {name: x0, datatype: float64}
# - {name: x0_min, datatype: float64}
# - {name: x0_max, datatype: float64}
# - {name: x1, datatype: float64}
# - {name: x1_min, datatype: float64}
# - {name: x1_max, datatype: float64}
# - {name: c, datatype: float64}
# - {name: c_min, datatype: float64}
# - {name: c_max, datatype: float64}
# - {name: message, datatype: string}
# schema: astropy-2.0
obj_id z z_min z_max t0 t0_min t0_max x0 x0_min x0_max x1 x1_min x1_max c c_min c_max message
01248677 0.3502 0.075 0.85 56554.318974567606 56523.281 56563.281 3.381558069015642e-05 0.0 0.05 0.9728107512736837 -3.0 2.0 -0.10502391973621389 -0.3 0.3 Success
01250017 0.1817 0.075 0.85 56553.88708969137 56519.233 56559.233 0.00011558647963394972 0.0 0.05 0.9302747488523482 -3.0 2.0 -0.04362077232015714 -0.3 0.3 Success
01253039 0.4535 0.075 0.85 56572.23186559406 56532.268 56572.268 1.607693310851119e-05 0.0 0.05 -0.03236104824731515 -3.0 2.0 -0.15147916037546882 -0.3 0.3 Success
01253101 0.4596 0.075 0.85 56568.06832637644 56528.092 56568.092 1.261746914094189e-05 0.0 0.05 0.317687112582596 -3.0 2.0 0.16536269995391994 -0.3 0.3 Success
01253920 0.1956 0.075 0.85 56583.17861735897 56544.19 56584.19 0.00010123408910121794 0.0 0.05 -0.8084329748331762 -3.0 2.0 -0.0887627763996687 -0.3 0.3 Success
01255502 0.1482 0.075 0.85 56588.25604887165 56548.266 56588.266 0.00013454754259392722 0.0 0.05 1.1097549393607335 -3.0 2.0 0.25701964378042386 -0.3 0.3 Success
01257366 0.2114 0.075 0.85 56611.97003400774 56575.341 56615.341 4.5146923066723905e-05 0.0 0.05 -0.1379919078981429 -3.0 2.0 0.12768725783639523 -0.3 0.3 Success
01257695 0.1838 0.075 0.85 56613.399112901534 56575.025 56615.025 0.00012858147584546555 0.0 0.05 0.3905495672128927 -3.0 2.0 -0.11053545453872768 -0.3 0.3 Success
01258906 0.3492 0.075 0.85 56618.969519457816 56579.012 56619.012 2.1351761475607473e-05 0.0 0.05 -0.9809459176392556 -3.0 2.0 0.04385441585398361 -0.3 0.3 Success
01258940 0.4259 0.075 0.85 56615.281181811646 56575.311 56615.311 1.8594144152841528e-05 0.0 0.05 -1.9368167796913496 -3.0 2.0 -0.1258246116793264 -0.3 0.3 Success
01259412 0.3047 0.075 0.85 56624.31001417962 56587.144 56627.144 3.729146029298938e-05 0.0 0.05 0.9200588901668845 -3.0 2.0 -0.03636210481063911 -0.3 0.3 Success
01261579 0.3222 0.075 0.85 56638.47911785752 56600.111 56640.111 3.0296633462090585e-05 0.0 0.05 -0.1924708926504202 -3.0 2.0 0.007679894574523685 -0.3 0.3 Success
01262214 0.6894 0.075 0.85 56650.21231980004 56610.224 56650.224 6.2519405654986855e-06 0.0 0.05 -0.9061664088052566 -3.0 2.0 -0.10478978756759098 -0.3 0.3 Success
01262715 0.6894 0.075 0.85 56650.215635001325 56610.224 56650.224 7.413987126319868e-06 0.0 0.05 -1.0799562854841882 -3.0 2.0 -0.07193919735241758 -0.3 0.3 Success
01263369 0.3125 0.075 0.85 56665.78808719586 56630.136 56670.136 3.1873490600709124e-05 0.0 0.05 0.23721269297906103 -3.0 2.0 -0.048887556769050294 -0.3 0.3 Success
01263715 0.2919 0.075 0.85 56667.18918545189 56630.05 56670.05 3.91725190768327e-05 0.0 0.05 0.38280368410155413 -3.0 2.0 -0.030579653236062498 -0.3 0.3 Success
01275946 0.2321 0.075 0.85 57261.705663285145 57233.373 57273.373 8.046757061022194e-05 0.0 0.05 1.6336774372654812 -3.0 2.0 -0.050124304296527776 -0.3 0.3 Success
01279500 0.235 0.075 0.85 57251.97565802008 57234.293 57274.293 5.981247508323969e-05 0.0 0.05 0.6341731449936024 -3.0 2.0 -0.013196846856852218 -0.3 0.3 Success
01280217 0.359 0.075 0.85 57250.0388425153 57233.388 57273.388 2.1093976377285564e-05 0.0 0.05 1.6698318990818757 -3.0 2.0 0.05112056719115597 -0.3 0.3 Success
01281668 0.3071 0.075 0.85 57271.25749558317 57233.373 57273.373 3.8724667861552036e-05 0.0 0.05 0.22494034097484902 -3.0 2.0 -0.09614741633886775 -0.3 0.3 Success
01281886 0.384 0.075 0.85 57267.824312433724 57233.388 57273.388 2.14143270679689e-05 0.0 0.05 0.8766142931784219 -3.0 2.0 -0.032786994807067905 -0.3 0.3 Success
01282736 0.3689 0.075 0.85 57266.22226636349 57234.279 57274.279 1.4825452436301146e-05 0.0 0.05 -0.8472737078205493 -3.0 2.0 0.14038837265963783 -0.3 0.3 Success
01283373 0.2075 0.075 0.85 57268.99266272092 57234.423 57274.423 6.053833370778482e-05 0.0 0.05 -1.1191158151011769 -3.0 2.0 0.0028612522928494707 -0.3 0.3 Success
01283878 0.3135 0.075 0.85 57265.61142876176 57234.293 57274.293 2.460674653517712e-05 0.0 0.05 -0.6849484570369438 -3.0 2.0 0.032477447550648395 -0.3 0.3 Success
01283936 0.369 0.075 0.85 57267.962716957874 57233.373 57273.373 1.082837435609877e-05 0.0 0.05 -0.4929331604852823 -3.0 2.0 0.18205955013462508 -0.3 0.3 Success
01285160 0.7493 0.075 0.85 57273.0343961023 57234.403 57274.403 4.934912477404602e-06 0.0 0.05 0.07069529948578551 -3.0 2.0 -0.06406453482358059 -0.3 0.3 Success
01285317 0.5649 0.075 0.85 57269.067438206 57233.373 57273.373 8.977726408025866e-06 0.0 0.05 0.5101267884342403 -3.0 2.0 -0.06083415572594798 -0.3 0.3 Success
01286398 0.1503 0.075 0.85 57271.6309247265 57234.293 57274.293 9.749634091125963e-05 0.0 0.05 -1.4162128476661866 -3.0 2.0 0.030438454213408146 -0.3 0.3 Success
01287626 0.304 0.075 0.85 56678.029463978404 56638.047 56678.047 4.1934451931539136e-05 0.0 0.05 -1.6191362871078772 -3.0 2.0 -0.07819865891582561 -0.3 0.3 Success
01289288 0.2897 0.075 0.85 57272.884007417015 57233.373 57273.373 2.563524491959909e-05 0.0 0.05 -1.3455971145253902 -3.0 2.0 0.09549495959407665 -0.3 0.3 Success
01289555 0.5588 0.075 0.85 57273.10879348252 57233.388 57273.388 1.1523212702865244e-05 0.0 0.05 0.15330052710292805 -3.0 2.0 -0.14333327159455395 -0.3 0.3 Success
01289600 0.4196 0.075 0.85 57278.25778068646 57238.285 57278.285 1.3012841535049602e-05 0.0 0.05 1.8306036497892637 -3.0 2.0 -0.004735651980923503 -0.3 0.3 Success
01289656 0.5394 0.075 0.85 57269.60430564113 57234.423 57274.423 8.943767716323284e-06 0.0 0.05 0.10981121080157849 -3.0 2.0 -0.03186305795112394 -0.3 0.3 Success
01289664 0.2491 0.075 0.85 57277.25821798401 57237.303 57277.303 5.1122585618332496e-05 0.0 0.05 -0.6781945225593484 -3.0 2.0 -0.034715204526350164 -0.3 0.3 Success
01290779 0.3895 0.075 0.85 56891.99425445863 56872.39 56912.39 1.7178999160638606e-05 0.0 0.05 -0.6860543552954482 -3.0 2.0 -0.04803312174308177 -0.3 0.3 Success
01290816 0.2185 0.075 0.85 56891.82257886813 56872.39 56912.39 6.281987345446423e-05 0.0 0.05 1.2787177292418745 -3.0 2.0 0.025054692656762252 -0.3 0.3 Success
01291080 0.4438 0.075 0.85 56889.03541114872 56872.268 56912.268 1.1029563089380195e-05 0.0 0.05 -2.1703991038611994 -3.0 2.0 0.11971813345971297 -0.3 0.3 Success
01291090 0.292 0.075 0.85 56905.20196810488 56872.211 56912.211 4.7969815823870097e-05 0.0 0.05 1.2019153777492206 -3.0 2.0 -0.06486320756696934 -0.3 0.3 Success
01291794 0.3951 0.075 0.85 57276.96378859369 57237.289 57277.289 1.8866835401881144e-05 0.0 0.05 -0.3148069401875402 -3.0 2.0 0.018271624094374623 -0.3 0.3 Success
01291957 0.36 0.075 0.85 56902.16446497652 56862.179 56902.179 2.9966697989349225e-05 0.0 0.05 -1.2812392657821423 -3.0 2.0 -0.09194156639899276 -0.3 0.3 Success
01292145 0.4925 0.075 0.85 57274.30686119992 57237.289 57277.289 6.815710080157956e-06 0.0 0.05 0.3354149123143846 -3.0 2.0 0.10377661112566583 -0.3 0.3 Success
01292195 0.8293 0.075 0.85 57274.303573475 57234.403 57274.403 3.133222564393154e-06 0.0 0.05 0.5952647612917338 -3.0 2.0 -0.030949041684350077 -0.3 0.3 Success
01292332 0.2735 0.075 0.85 56901.207043252354 56875.328 56915.328 5.427573909185367e-05 0.0 0.05 0.298009576873403 -3.0 2.0 -0.08651607865490638 -0.3 0.3 Success
01292336 0.2336 0.075 0.85 56902.594027397354 56875.328 56915.328 4.5311186348491644e-05 0.0 0.05 0.31628866995336413 -3.0 2.0 0.06801128172313035 -0.3 0.3 Success
01292560 0.2248 0.075 0.85 56904.68681247135 56875.263 56915.263 8.211029054851871e-05 0.0 0.05 0.27487079846374857 -3.0 2.0 -0.10319155287014334 -0.3 0.3 Success
01293319 0.2969 0.075 0.85 56912.20426265315 56872.268 56912.268 4.1534025424176455e-05 0.0 0.05 1.7382626931383496 -3.0 2.0 -0.0048178001268960585 -0.3 0.3 Success
01293758 0.1472 0.075 0.85 56915.83008948596 56876.384 56916.384 0.0001338015771563742 0.0 0.05 -1.2710060455056007 -3.0 2.0 -0.012022681552040556 -0.3 0.3 Success
01294014 0.3627 0.075 0.85 56915.35922128088 56875.386 56915.386 3.026879246591211e-05 0.0 0.05 -0.9396722258665743 -3.0 2.0 -0.0676524611611391 -0.3 0.3 Success
01294743 0.3126 0.075 0.85 56914.36695794817 56875.285 56915.285 1.4400518201615659e-05 0.0 0.05 0.02934197164849332 -3.0 2.0 0.2291351733871114 -0.3 0.3 Success
01295027 0.4254 0.075 0.85 56910.28794239286 56872.268 56912.268 1.534613721147278e-05 0.0 0.05 -0.46434142836004494 -3.0 2.0 -0.018089659598164505 -0.3 0.3 Success
01295256 0.4425 0.075 0.85 56928.131934171404 56889.295 56929.295 1.5155169527083558e-05 0.0 0.05 0.32011222570184217 -3.0 2.0 -0.033053280327440634 -0.3 0.3 Success
01295305 0.6117 0.075 0.85 56914.8598999467 56875.285 56915.285 6.974865215811123e-06 0.0 0.05 0.3599676604907899 -3.0 2.0 0.003027510906012598 -0.3 0.3 Success
01295921 0.5239 0.075 0.85 56913.283075342646 56875.386 56915.386 7.834128368644327e-06 0.0 0.05 0.44306739593961114 -3.0 2.0 0.09179284659243371 -0.3 0.3 Success
01296273 0.397 0.075 0.85 56926.38622435446 56888.383 56928.383 2.649354318611117e-05 0.0 0.05 0.09373003365670692 -3.0 2.0 -0.17431164427481657 -0.3 0.3 Success
01296321 0.1844 0.075 0.85 56930.9939571959 56900.265 56940.265 5.420220245039268e-05 0.0 0.05 0.5555580993196229 -3.0 2.0 0.1131158319155549 -0.3 0.3 Success
01296657 0.1462 0.075 0.85 56923.59210161587 56889.221 56929.221 0.00014768219488618304 0.0 0.05 0.6882835292260475 -3.0 2.0 0.0322764629264187 -0.3 0.3 Success
01297026 0.2585 0.075 0.85 56928.15385037834 56888.237 56928.237 4.28916362386255e-05 0.0 0.05 -0.7837333366952811 -3.0 2.0 -0.021541718553294887 -0.3 0.3 Success
01297465 0.2778 0.075 0.85 56937.25214448534 56897.258 56937.258 3.3200899907208946e-05 0.0 0.05 0.2264300615604408 -3.0 2.0 0.05863793228506843 -0.3 0.3 Success
01298281 0.2351 0.075 0.85 56930.64683764047 56900.265 56940.265 3.756541640948417e-05 0.0 0.05 -1.528853621289147 -3.0 2.0 0.08777377276472743 -0.3 0.3 Success
01298893 0.1962 0.075 0.85 56934.93893059815 56900.299 56940.299 6.047036486935492e-05 0.0 0.05 -1.9978981635391493 -3.0 2.0 0.03985875692842178 -0.3 0.3 Success
01299643 0.38 0.075 0.85 56937.33161850712 56897.344 56937.344 2.9433574050599774e-05 0.0 0.05 -1.6108456982032513 -3.0 2.0 -0.08856971753932073 -0.3 0.3 Success
01299775 0.1598 0.075 0.85 56940.15959428011 56905.298 56945.298 9.997592899313702e-05 0.0 0.05 -0.40495670300360265 -3.0 2.0 0.19511840613400597 -0.3 0.3 Success
01299785 0.3813 0.075 0.85 56943.745840952855 56905.291 56945.291 1.7079758669680962e-05 0.0 0.05 -0.2394771186605555 -3.0 2.0 0.07202789184859427 -0.3 0.3 Success
01300516 0.3104 0.075 0.85 56948.22085151802 56908.288 56948.288 2.718499289089518e-05 0.0 0.05 0.7235875952228946 -3.0 2.0 0.1499971883298555 -0.3 0.3 Success
01300912 0.3376 0.075 0.85 56945.17083725872 56905.196 56945.196 1.9651019054757005e-05 0.0 0.05 -0.7655508821169265 -3.0 2.0 0.0689837487574322 -0.3 0.3 Success
01301933 0.3299 0.075 0.85 56949.19028098029 56909.193 56949.193 3.3160404836037246e-05 0.0 0.05 -0.32242042043827013 -3.0 2.0 -0.19112927196937657 -0.3 0.3 Success
01302058 0.1984 0.075 0.85 56959.56006367483 56920.363 56960.363 0.0001136569221765334 0.0 0.05 0.34255346343261606 -3.0 2.0 0.007986786681565137 -0.3 0.3 Success
01302141 0.6088 0.075 0.85 57273.26529347761 57233.403 57273.403 7.835215259917893e-06 0.0 0.05 -2.678773360822068 -3.0 2.0 -0.05073544319063613 -0.3 0.3 Success
01302187 0.2195 0.075 0.85 56950.29628138212 56910.328 56950.328 5.26094767978474e-05 0.0 0.05 -1.6431827117145692 -3.0 2.0 0.08428591497958861 -0.3 0.3 Success
01302523 0.4239 0.075 0.85 57288.731433091096 57250.24 57290.24 1.507516848814784e-05 0.0 0.05 0.43792802285582444 -3.0 2.0 0.06003137224032809 -0.3 0.3 Success
01302648 0.2319 0.075 0.85 56949.45387771701 56910.158 56950.158 4.3726241501380886e-05 0.0 0.05 -0.702586379386761 -3.0 2.0 0.14299615469467838 -0.3 0.3 Success
01303004 0.2949 0.075 0.85 56959.35407676166 56919.371 56959.371 4.298380261811597e-05 0.0 0.05 0.6106534299313832 -3.0 2.0 -0.03894789064998607 -0.3 0.3 Success
01303279 0.1724 0.075 0.85 56965.789308477826 56928.23 56968.23 0.00018583519883803848 0.0 0.05 1.0726873495858296 -3.0 2.0 -0.04877865808733745 -0.3 0.3 Success
01303496 0.1798 0.075 0.85 56966.27591902464 56928.178 56968.178 8.116918935168439e-05 0.0 0.05 -0.20699634169933026 -3.0 2.0 0.09156911981130789 -0.3 0.3 Success
01303883 0.2591 0.075 0.85 57286.325763689296 57250.223 57290.223 5.180205315404459e-05 0.0 0.05 0.5178289812488304 -3.0 2.0 -0.02208391487158819 -0.3 0.3 Success
01303952 0.5626 0.075 0.85 57274.20264443668 57234.279 57274.279 6.814636277772837e-06 0.0 0.05 1.7296109196442908 -3.0 2.0 -0.16913638817152035 -0.3 0.3 Success
01304127 0.7286 0.075 0.85 57274.1412902712 57234.279 57274.279 6.778620554576748e-06 0.0 0.05 -1.414601390437275 -3.0 2.0 -0.027826074936085313 -0.3 0.3 Success
01304442 0.2171 0.075 0.85 56965.0854430332 56928.114 56968.114 7.7180132128728e-05 0.0 0.05 0.2658014304959033 -3.0 2.0 -0.06282235985328088 -0.3 0.3 Success
01304678 0.2188 0.075 0.85 56963.71957742345 56928.23 56968.23 5.57103398058769e-05 0.0 0.05 -1.2389612119983031 -3.0 2.0 -0.022773676242726536 -0.3 0.3 Success
01305504 0.4956 0.075 0.85 56968.18620697424 56928.192 56968.192 1.18683545478507e-05 0.0 0.05 -1.2681472718422315 -3.0 2.0 -0.009748044791409895 -0.3 0.3 Success
01305626 0.3257 0.075 0.85 56974.10633258778 56934.125 56974.125 3.192328447240284e-05 0.0 0.05 -0.48354646952228486 -3.0 2.0 -0.10408916581649728 -0.3 0.3 Success
01306029 0.4289 0.075 0.85 57273.30829806426 57233.388 57273.388 1.420477052345743e-05 0.0 0.05 0.23135754859795624 -3.0 2.0 0.029288761852216735 -0.3 0.3 Success
01306073 0.3286 0.075 0.85 56972.41900313103 56934.124 56974.124 2.2219564006577094e-05 0.0 0.05 -1.2709259258293042 -3.0 2.0 0.002060114947014912 -0.3 0.3 Success
01306141 0.3324 0.075 0.85 56974.31813023191 56934.337 56974.337 3.476078624343059e-05 0.0 0.05 -1.1668171882584604 -3.0 2.0 -0.09816591249355586 -0.3 0.3 Success
01306360 0.4494 0.075 0.85 57274.07928842851 57234.423 57274.423 1.278156500524903e-05 0.0 0.05 -1.089173279328912 -3.0 2.0 -0.05736601111647504 -0.3 0.3 Success
01306390 0.407 0.075 0.85 57277.73469680072 57238.401 57278.401 9.632759138826454e-06 0.0 0.05 -0.2219393708193228 -3.0 2.0 0.17296155492965767 -0.3 0.3 Success
01306537 0.4795 0.075 0.85 57287.70469016722 57250.363 57290.363 1.4856955759946734e-05 0.0 0.05 1.031039894131418 -3.0 2.0 -0.06737009302735983 -0.3 0.3 Success
01306626 0.4095 0.075 0.85 57280.33942696499 57240.41 57280.41 1.8056676526472404e-05 0.0 0.05 1.594826168297029 -3.0 2.0 -0.05735179364854113 -0.3 0.3 Success
01306785 0.5787 0.075 0.85 57273.165655719386 57233.419 57273.419 8.406810012732455e-06 0.0 0.05 -0.4044327402072724 -3.0 2.0 -0.18250135336113626 -0.3 0.3 Success
01306980 0.5489 0.075 0.85 57276.92877465061 57237.229 57277.229 7.736046101594654e-06 0.0 0.05 -1.6916459057424125 -3.0 2.0 0.06431091682233918 -0.3 0.3 Success
01306991 0.4217 0.075 0.85 57287.471151778554 57250.209 57290.209 1.781923565068878e-05 0.0 0.05 -0.14070624029147435 -3.0 2.0 0.00040425161923349006 -0.3 0.3 Success
01307277 0.4107 0.075 0.85 57280.72769406067 57241.292 57281.292 1.1571595030301105e-05 0.0 0.05 0.7747202939065623 -3.0 2.0 0.013122033001714066 -0.3 0.3 Success
01307830 0.3493 0.075 0.85 57282.25813103361 57242.281 57282.281 1.7643851640230048e-05 0.0 0.05 -0.899870649884136 -3.0 2.0 -0.04809562901176509 -0.3 0.3 Success
01308314 0.4065 0.075 0.85 56968.16863170384 56928.178 56968.178 1.5280421728056004e-05 0.0 0.05 -1.39259778275836 -3.0 2.0 0.07481263331364475 -0.3 0.3 Success
01308326 0.3262 0.075 0.85 56976.311908987 56941.141 56981.141 3.261461689923436e-05 0.0 0.05 0.4694613307793394 -3.0 2.0 -0.09059113348336152 -0.3 0.3 Success
01308568 0.6431 0.075 0.85 57280.70036945753 57241.269 57281.269 5.591642365022045e-06 0.0 0.05 1.5521780838517463 -3.0 2.0 0.14072922945291375 -0.3 0.3 Success
01308582 0.3669 0.075 0.85 57287.795185327435 57250.24 57290.24 2.4981839536863646e-05 0.0 0.05 -0.44507460439876245 -3.0 2.0 -0.053499412092305625 -0.3 0.3 Success
01308884 0.0772 0.075 0.85 57293.47980135922 57261.324 57301.324 0.00031571638212519906 0.0 0.05 -1.4354397744527996 -3.0 2.0 0.0808715177291159 -0.3 0.3 Success
