analysis_pipeline/priors/des_5_salt2_2.4.ecsv
# %ECSV 0.9
# ---
# datatype:
# - name: obj_id
#   datatype: string
# - name: z
#   datatype: float64
# - name: z_min
#   datatype: float64
# - name: z_max
#   datatype: float64
# - name: t0
#   datatype: float64
# - name: t0_min
#   datatype: float64
# - name: t0_max
#   datatype: float64
# - name: x0
#   datatype: float64
# - name: x0_min
#   datatype: float64
# - name: x0_max
#   datatype: float64
# - name: x1
#   datatype: float64
# - name: x1_min
#   datatype: float64
# - name: x1_max
#   datatype: float64
# - name: c
#   datatype: float64
# - name: c_min
#   datatype: float64
# - name: c_max
#   datatype: float64
# schema: astropy-2.0
obj_id z z_min z_max t0 t0_min t0_max x0 x0_min x0_max x1 x1_min x1_max c c_min c_max
[from data line 96]
01308582 0.3907129054575248 0.075 0.85 57287.99142129075 57250.24 57366.076 2.4465972691079642e-05 0.0 0.05 -0.32415387908716375 -3.0 2.0 -0.09453022082685539 -0.3 0.3
01308884 0.07582512160771512 0.075 0.85 57293.478389035525 57261.324 57355.251 0.00031499492588787887 0.0 0.05 -1.4277403685662615 -3.0 2.0 0.0850640141751007 -0.3 0.3
01308957 0.5972387762221012 0.075 0.85 57288.97998658856 57238.33 57373.057 6.586335939715615e-06 0.0 0.05 0.7257503524510737 -3.0 2.0 -0.06097474398585103 -0.3 0.3
01309288 0.27895924218216295 0.075 0.85 56989.947513318475 56946.361 57061.067 5.852244102017545e-05 0.0 0.05 0.545258408611633 -3.0 2.0 -0.0967629375991673 -0.3 0.3
01309492 0.35232947230038303 0.075 0.85 56993.33239231753 56948.255 57067.046 3.4405994700492716e-05 0.0 0.05 0.3027895935551972 -3.0 2.0 -0.12134837818098715 -0.3 0.3
01309749 0.7173205329675963 0.075 0.85 56987.096120369126 56934.35 57067.046 5.403162482169578e-06 0.0 0.05 0.2440150335286264 -3.0 2.0 0.04609036203014728 -0.3 0.3
01310338 0.4442529316906787 0.075 0.85 56977.26960314946 56934.112 57052.042 1.5660637868148755e-05 0.0 0.05 -0.18929674287569667 -3.0 2.0 0.08472663230465918 -0.3 0.3
01310395 0.3248340949144882 0.075 0.85 56980.976936858046 56941.203 57052.042 2.5441861706065788e-05 0.0 0.05 -0.5304419005465142 -3.0 2.0 0.038618737966731514 -0.3 0.3
01312274 0.5200205634853962 0.075 0.85 56978.00338072231 56941.141 57052.1 1.2171498545824584e-05 0.0 0.05 -1.1832197303955907 -3.0 2.0 -0.10164068030234075 -0.3 0.3
01313594 0.2894041745928119 0.075 0.85 57002.3785933947 56958.035 57051.058 4.630097262789536e-05 0.0 0.05 0.5480539225281207 -3.0 2.0 -0.09291078221721953 -0.3 0.3
01314897 0.40154514847815825 0.075 0.85 57302.80925893456 57258.337 57373.072 2.733846911921369e-05 0.0 0.05 1.553951677523646 -3.0 2.0 -0.10624387967511059 -0.3 0.3
01315192 0.229528071434089 0.075 0.85 57008.81182342476 56972.193 57052.1 5.465588895539787e-05 0.0 0.05 1.0384730768592354 -3.0 2.0 0.1198430702113106 -0.3 0.3
01315259 0.23552237535753728 0.075 0.85 57004.25835118318 56965.181 57049.073 4.711040914491545e-05 0.0 0.05 -0.5128525570021255 -3.0 2.0 0.048264466962444616 -0.3 0.3
01315296 0.3642031757868274 0.075 0.85 57004.24292315308 56958.183 57049.072 1.0760695058087182e-05 0.0 0.05 1.1495253461858752 -3.0 2.0 0.1349407511336229 -0.3 0.3
01316385 0.22635485722308019 0.075 0.85 57020.477627810724 56986.175 57067.046 0.00018951006738953644 0.0 0.05 1.7542559541085834 -3.0 2.0 -0.12959604690663923 -0.3 0.3
01316431 0.18204145143914832 0.075 0.85 57018.641692203986 56986.16 57052.1 9.740780848751048e-05 0.0 0.05 1.150157607197527 -3.0 2.0 0.001927655540300711 -0.3 0.3
01316437 0.5220851959368221 0.075 0.85 57010.70953588163 56965.192 57052.1 9.186450454908391e-06 0.0 0.05 -0.4284658683500383 -3.0 2.0 0.12256595302961078 -0.3 0.3
01316465 0.3245390342306136 0.075 0.85 57021.394910347306 56986.175 57067.046 2.873489215334219e-05 0.0 0.05 0.35566039164620383 -3.0 2.0 0.005421240737999094 -0.3 0.3
01317164 0.17474978345697634 0.075 0.85 57297.34142602483 57261.375 57355.165 7.235127685438839e-05 0.0 0.05 -2.3927916316295526 -3.0 2.0 0.1042746583571042 -0.3 0.3
01317277 0.23780168783080455 0.075 0.85 57007.31565069458 56972.071 57052.042 4.1172347826426154e-05 0.0 0.05 -1.4284126471162393 -3.0 2.0 0.0836050077482084 -0.3 0.3
01317286 0.2858822849766768 0.075 0.85 57015.4414714025 56972.071 57052.042 5.178308423981543e-05 0.0 0.05 0.768277280826659 -3.0 2.0 -0.07196767476416194 -0.3 0.3
01317454 0.6380064574689349 0.075 0.85 57016.37913825408 56972.028 57051.043 7.869604915609583e-06 0.0 0.05 -0.28670651583509504 -3.0 2.0 -0.034204761439407566 -0.3 0.3
01317666 0.15160753657181608 0.075 0.85 57301.462643799256 57258.339 57356.106 0.00011051666064504138 0.0 0.05 -0.17430021408749186 -3.0 2.0 0.09543606065177522 -0.3 0.3
01319366 0.33967256610804797 0.075 0.85 57305.47101438299 57261.312 57372.107 6.699248390117896e-05 0.0 0.05 1.6075888228221933 -3.0 2.0 -0.13362397177685933 -0.3 0.3
01319821 0.28462147982336067 0.075 0.85 57020.28785992731 56977.123 57067.103 3.2349988560079876e-05 0.0 0.05 -0.49152101368810397 -3.0 2.0 -0.05090469585442023 -0.3 0.3
01320166 0.5394156862273488 0.075 0.85 57022.44596991818 56976.108 57049.049 1.181400995400451e-05 0.0 0.05 0.23989003886208257 -3.0 2.0 -0.14356857643908263 -0.3 0.3
01322229 0.553734979758781 0.075 0.85 57034.16113187146 56986.05 57052.048 1.0164244066217563e-05 0.0 0.05 0.9580359862060788 -3.0 2.0 -0.011340912856319123 -0.3 0.3
01322979 0.5259425772501343 0.075 0.85 57039.23029931284 56993.04 57067.047 1.036904392351104e-05 0.0 0.05 0.27552021210909167 -3.0 2.0 -0.07285978049973808 -0.3 0.3
01324542 0.637395814380619 0.075 0.85 57044.31127204126 56996.085 57067.103 7.944900982365223e-06 0.0 0.05 -0.13230833277222515 -3.0 2.0 -0.163929362852499 -0.3 0.3
01325358 0.7121067369980814 0.075 0.85 57047.31858132246 56990.241 57066.064 4.684600562289667e-06 0.0 0.05 0.07915152679406727 -3.0 2.0 0.10126554611330245 -0.3 0.3
01327978 0.2608749191748043 0.075 0.85 57308.08623604674 57268.129 57373.043 6.570717682923718e-05 0.0 0.05 0.24434081131126206 -3.0 2.0 -0.015975890246727804 -0.3 0.3
01328066 0.4852424304015109 0.075 0.85 57298.642233900995 57258.093 57379.051 1.7429885176878013e-05 0.0 0.05 0.7095971727448549 -3.0 2.0 -0.1382270758837685 -0.3 0.3
01328105 0.5117265212540894 0.075 0.85 57303.42381025906 57258.093 57386.049 1.6826987853646463e-05 0.0 0.05 0.0299981625560809 -3.0 2.0 -0.10306416800130067 -0.3 0.3
01329166 0.6186109398020093 0.075 0.85 57306.665503870725 57253.251 57402.11 4.475904810999117e-06 0.0 0.05 -0.08839754118483614 -3.0 2.0 0.04954133018349408 -0.3 0.3
01329196 0.7650424435369773 0.075 0.85 57308.77313841145 57251.247 57406.112 4.704113829595629e-06 0.0 0.05 0.36239525331019534 -3.0 2.0 0.004129593028260375 -0.3 0.3
01329312 0.33819619078864843 0.075 0.85 57309.66979569398 57268.189 57389.086 2.073994035939408e-05 0.0 0.05 -1.417677602136685 -3.0 2.0 -0.03950735263286298 -0.3 0.3
01329615 0.3971096821527927 0.075 0.85 57305.02827492517 57263.298 57385.114 1.5079408307603115e-05 0.0 0.05 -0.5508179917694718 -3.0 2.0 0.02484877213973001 -0.3 0.3
01330031 0.14753925372347368 0.075 0.85 57315.68691640489 57275.065 57376.047 0.00038042834544949625 0.0 0.05 0.4228415338256042 -3.0 2.0 -0.12457599364070338 -0.3 0.3
01330426 0.3852045976162211 0.075 0.85 57317.63812766747 57273.21 57387.185 5.949981037863273e-05 0.0 0.05 1.9004250599901813 -3.0 2.0 -0.25155243347664497 -0.3 0.3
01330642 0.7030959514697968 0.075 0.85 57318.32783922298 57268.189 57406.1 8.313904080536299e-06 0.0 0.05 0.8585943252272715 -3.0 2.0 -0.1544676413179875 -0.3 0.3
01330903 0.6565885144629078 0.075 0.85 57307.50737668211 57261.312 57396.103 7.755764890224204e-06 0.0 0.05 0.3678687009904883 -3.0 2.0 -0.008484023551902703 -0.3 0.3
01331123 0.23937239143566139 0.075 0.85 57318.367523032735 57282.03 57386.049 4.678635149703811e-05 0.0 0.05 -1.599350264704248 -3.0 2.0 -0.011725155421076681 -0.3 0.3
01331993 0.6411400232981648 0.075 0.85 57326.503235392716 57276.17 57408.04 4.762054827231296e-06 0.0 0.05 0.5184774753558371 -3.0 2.0 0.00532161277171052 -0.3 0.3
01332059 0.5580362951939538 0.075 0.85 57324.31706799186 57273.199 57403.103 9.074848991937731e-06 0.0 0.05 0.1017092602557303 -3.0 2.0 -0.1524719503144131 -0.3 0.3
01332413 0.5952666153421625 0.075 0.85 57325.17236212923 57282.151 57403.064 8.604142999960637e-06 0.0 0.05 1.1284051116355096 -3.0 2.0 -0.1150729797415364 -0.3 0.3
01333246 0.5110741958011269 0.075 0.85 57326.12182813289 57284.22 57403.103 1.0608392956024395e-05 0.0 0.05 1.154955488562251 -3.0 2.0 0.07886475617043037 -0.3 0.3
01333438 0.3880605236129181 0.075 0.85 57326.96769451133 57282.346 57406.124 1.2527922945943078e-05 0.0 0.05 0.34329092809280654 -3.0 2.0 0.13694144500447428 -0.3 0.3
01334084 0.21445469468825273 0.075 0.85 57336.7530984559 57300.206 57396.104 0.00012680309518197234 0.0 0.05 -0.7718344947773457 -3.0 2.0 -0.016710608176461236 -0.3 0.3
01334087 0.3573011049007003 0.075 0.85 57338.556828027475 57296.299 57403.103 5.442294320206534e-05 0.0 0.05 0.6065200239932294 -3.0 2.0 -0.15639667306852229 -0.3 0.3
01334302 0.511549420842525 0.075 0.85 57331.727177974004 57286.033 57407.048 1.2726020823878703e-05 0.0 0.05 -0.8880335854549065 -3.0 2.0 -0.05357520512933529 -0.3 0.3
01334423 0.37630001556757003 0.075 0.85 57336.09404902148 57297.138 57408.057 1.9355274550572893e-05 0.0 0.05 1.1175089211498095 -3.0 2.0 0.005203189844372732 -0.3 0.3
01334448 0.5214066811563554 0.075 0.85 57331.04950174111 57286.278 57402.056 9.07116496363846e-06 0.0 0.05 -2.066559700241051 -3.0 2.0 -0.10819730266654036 -0.3 0.3
01334470 0.6071443875485473 0.075 0.85 57334.847552945794 57290.279 57402.056 9.734656728174683e-06 0.0 0.05 1.4379810149117704 -3.0 2.0 -0.03855604190460577 -0.3 0.3
01334597 0.2932240587853945 0.075 0.85 57343.64845451929 57300.219 57408.043 4.337560207980026e-05 0.0 0.05 0.5625478806519715 -3.0 2.0 -0.035696483214992164 -0.3 0.3
01334620 0.23924017945958612 0.075 0.85 57335.22403488433 57296.28 57403.064 4.323878233824242e-05 0.0 0.05 -0.538425129132077 -3.0 2.0 0.13872350365080577 -0.3 0.3
01334644 0.29996877913453096 0.075 0.85 57332.58650114779 57296.28 57403.064 3.1811053200396194e-05 0.0 0.05 -1.6089656359114328 -3.0 2.0 -0.040922892884757915 -0.3 0.3
01334645 0.23245726808780098 0.075 0.85 57335.48133769235 57296.28 57403.064 5.7746728599697216e-05 0.0 0.05 -0.8049561932200422 -3.0 2.0 -0.0032087523074361903 -0.3 0.3
01334707 0.6322181703155801 0.075 0.85 57339.459869704544 57289.307 57426.118 7.577802651944528e-06 0.0 0.05 0.6290558204215178 -3.0 2.0 -0.1361361101635211 -0.3 0.3
01334879 0.6788827157691923 0.075 0.85 57336.6187293754 57287.241 57426.118 4.8738188134256775e-06 0.0 0.05 -0.34326745137245596 -3.0 2.0 0.06953036281793663 -0.3 0.3
01335472 0.508722653332377 0.075 0.85 57344.42055974359 57296.02 57403.05 1.1830221042929302e-05 0.0 0.05 -0.13825425485255602 -3.0 2.0 -0.02853162765819584 -0.3 0.3
01335564 0.5893719669886032 0.075 0.85 57343.21725639674 57296.28 57427.068 6.990323340152943e-06 0.0 0.05 0.5488704424307077 -3.0 2.0 0.035926920979364216 -0.3 0.3
01335694 0.26434857335783585 0.075 0.85 57347.86446555641 57310.214 57408.058 5.172580070600607e-05 0.0 0.05 1.1382922367982216 -3.0 2.0 0.01456232536795684 -0.3 0.3
01335717 0.3131315310150176 0.075 0.85 57346.7564676879 57310.182 57408.092 2.266948000447432e-05 0.0 0.05 -0.0367601324261182 -3.0 2.0 0.040234044530533884 -0.3 0.3
01335718 0.6401252306988935 0.075 0.85 57350.89871651353 57302.161 57426.118 5.732172283775734e-06 0.0 0.05 0.6588584976754286 -3.0 2.0 -0.013016609859339234 -0.3 0.3
01335868 0.6350656297670327 0.075 0.85 57347.46907388675 57300.229 57425.154 7.199795834776692e-06 0.0 0.05 1.3805131733185272 -3.0 2.0 -0.05051463186671844 -0.3 0.3
01336008 0.40127524150933125 0.075 0.85 57347.869291278475 57310.01 57403.052 2.0054231207467168e-05 0.0 0.05 0.6872938815779919 -3.0 2.0 -0.022566812580437776 -0.3 0.3
01336009 0.3923654339680708 0.075 0.85 57345.0120900168 57310.01 57403.052 1.3748868099288274e-05 0.0 0.05 -0.10211592131622602 -3.0 2.0 0.06309228733280514 -0.3 0.3
01336453 0.18254180069962417 0.075 0.85 57354.97826756572 57314.169 57403.103 0.00010887494622594688 0.0 0.05 0.9879281765124551 -3.0 2.0 -0.02964606115253881 -0.3 0.3
01336480 0.252777221732428 0.075 0.85 57350.587669001674 57310.115 57403.103 3.6263226653520295e-05 0.0 0.05 -0.01260916720061123 -3.0 2.0 0.03400883189287905 -0.3 0.3
01336687 0.20990361959953355 0.075 0.85 57351.06220942534 57312.063 57403.064 4.070986660582653e-05 0.0 0.05 0.5160318876705983 -3.0 2.0 0.1965155917308164 -0.3 0.3
01337117 0.6619939950235854 0.075 0.85 57362.59358473279 57314.028 57403.051 1.2442762879393236e-05 0.0 0.05 0.30430565862920417 -3.0 2.0 -0.19064968615484712 -0.3 0.3
01337221 0.5231675814495088 0.075 0.85 57358.25994003724 57310.023 57407.048 8.893616751947654e-06 0.0 0.05 -0.28532564758509776 -3.0 2.0 -0.10525473542571721 -0.3 0.3
01337228 0.5533618209024265 0.075 0.85 57357.725522792425 57310.023 57407.048 6.662201919859328e-06 0.0 0.05 -0.7002569289079998 -3.0 2.0 -0.00223652811230223 -0.3 0.3
01337272 0.5567914099756242 0.075 0.85 57359.155154500164 57310.068 57427.057 9.727311768014713e-06 0.0 0.05 -0.21251611306264184 -3.0 2.0 -0.03842163070522986 -0.3 0.3
01337325 0.6377821283517563 0.075 0.85 57357.65366566637 57310.068 57427.057 7.211960613691654e-06 0.0 0.05 0.6125257939527624 -3.0 2.0 -0.06966302325852346 -0.3 0.3
01337649 0.2625750840186359 0.075 0.85 57363.19235052208 57324.162 57408.057 3.9867027543280824e-05 0.0 0.05 1.0281509616097984 -3.0 2.0 0.10490363781698525 -0.3 0.3
01337655 0.8205491816844244 0.075 0.85 57364.35587809795 57310.078 57408.041 4.111742966364815e-06 0.0 0.05 1.4257997832160056 -3.0 2.0 -0.06399476437452095 -0.3 0.3
01337687 0.3098039051641361 0.075 0.85 57361.22605516655 57324.295 57425.154 3.801764932239118e-05 0.0 0.05 0.9568675732212614 -3.0 2.0 -0.0737314696439009 -0.3 0.3
01337703 0.5030499236403102 0.075 0.85 57358.46143419174 57310.12 57425.154 1.2458993024442311e-05 0.0 0.05 -1.0322524173880063 -3.0 2.0 -0.12172852752570658 -0.3 0.3
01337838 0.3249083986374419 0.075 0.85 57364.764870280145 57324.148 57427.068 3.440181480279157e-05 0.0 0.05 0.9381393297892558 -3.0 2.0 -0.042650791729405814 -0.3 0.3
01338128 0.283025236266982 0.075 0.85 57366.54516529908 57324.019 57407.048 2.3917453440185835e-05 0.0 0.05 -0.4119257333051015 -3.0 2.0 0.04381994426672145 -0.3 0.3
01338170 0.47911587194466826 0.075 0.85 57364.3105982357 57324.019 57407.048 1.5438092584306345e-05 0.0 0.05 -0.29644780188658665 -3.0 2.0 -0.05532808631755987 -0.3 0.3
01338233 0.5365719798134622 0.075 0.85 57355.442933474136 57304.276 57427.057 5.634014164802848e-06 0.0 0.05 -1.1721516007285333 -3.0 2.0 -0.008903692728676907 -0.3 0.3
01338266 0.5702214924931354 0.075 0.85 57365.58212543203 57324.033 57427.068 5.156436863645202e-06 0.0 0.05 -0.3112657527375964 -3.0 2.0 0.0336615584463115 -0.3 0.3
01338278 0.6348251836628126 0.075 0.85 57369.06075486897 57324.033 57427.057 8.287080396181859e-06 0.0 0.05 1.4062294709920946 -3.0 2.0 -0.02615920239808367 -0.3 0.3
01338387 0.48638620197705984 0.075 0.85 57362.598451109436 57314.169 57428.056 9.731256005893382e-06 0.0 0.05 1.548734314718184 -3.0 2.0 0.003908802543176274 -0.3 0.3
01338430 0.541728566397794 0.075 0.85 57362.10864046894 57324.117 57428.056 1.2571872759163683e-05 0.0 0.05 0.4522982465019167 -3.0 2.0 -0.14006186225254835 -0.3 0.3
01338471 0.571771364314218 0.075 0.85 57351.56262841678 57304.134 57428.056 6.549259862433163e-06 0.0 0.05 -0.6586978158621003 -3.0 2.0 -0.02445273549740237 -0.3 0.3
01338675 0.31457299859200355 0.075 0.85 57371.749226290754 57324.046 57408.041 2.0437162621833782e-05 0.0 0.05 -0.03815180306622785 -3.0 2.0 0.08896935700457521 -0.3 0.3
01339002 0.29622291072715384 0.075 0.85 57369.69644166643 57330.071 57427.068 2.1276556248213534e-05 0.0 0.05 -1.2678949453363304 -3.0 2.0 0.12762759559782538 -0.3 0.3
01339149 0.4886645528479439 0.075 0.85 57374.21815101664 57330.068 57427.068 1.2291650427930457e-05 0.0 0.05 -0.31933255862352644 -3.0 2.0 0.05024903687085687 -0.3 0.3
01339392 0.20878783332124615 0.075 0.85 57371.283819454926 57330.331 57426.147 0.0001261350097109892 0.0 0.05 -0.35137915822406224 -3.0 2.0 -0.09713647284343413 -0.3 0.3
01339450 0.6351182216655139 0.075 0.85 57370.70042423632 57324.281 57426.147 6.666369729294114e-06 0.0 0.05 -0.7740657475232621 -3.0 2.0 0.09195569276706403 -0.3 0.3
01340454 0.3703139283873271 0.075 0.85 57374.36836871166 57330.312 57425.153 1.4702070464935623e-05 0.0 0.05 0.5486619960258236 -3.0 2.0 0.18687526911246274 -0.3 0.3
01341370 0.4233283655082604 0.075 0.85 57376.45086431188 57332.076 57403.052 1.52161838188219e-05 0.0 0.05 1.1167309563805787 -3.0 2.0 -0.004495408882992716 -0.3 0.3
