analysis_pipeline/priors/des_salt2_2.4.ecsv
# %ECSV 0.9
# ---
# datatype:
# - name: obj_id
#   datatype: string
# - name: z
#   datatype: float64
# - name: z_min
#   datatype: float64
# - name: z_max
#   datatype: float64
# - name: t0
#   datatype: float64
# - name: t0_min
#   datatype: float64
# - name: t0_max
#   datatype: float64
# - name: x0
#   datatype: float64
# - name: x0_min
#   datatype: float64
# - name: x0_max
#   datatype: float64
# - name: x1
#   datatype: float64
# - name: x1_min
#   datatype: float64
# - name: x1_max
#   datatype: float64
# - name: c
#   datatype: float64
# - name: c_min
#   datatype: float64
# - name: c_max
#   datatype: float64
# - name: message
#   datatype: string
# schema: astropy-2.0
obj_id z z_min z_max t0 t0_min t0_max x0 x0_min x0_max x1 x1_min x1_max c c_min c_max message
01248677 0.3502 0.075 0.85 56554.31911360415 56523.281 56629.123 3.384048556088879e-05 0.0 0.05 0.9730308292785991 -3.0 2.0 -0.10506428402113004 -0.3 0.3 Success
01250017 0.1817 0.075 0.85 56553.88254996137 56519.233 56616.08 0.00011554876695211233 0.0 0.05 0.9277490863095209 -3.0 2.0 -0.043396026412694765 -0.3 0.3 Success
01253039 0.4535 0.075 0.85 56574.88571730946 56532.268 56653.094 1.6193802899538144e-05 0.0 0.05 0.526234092281335 -3.0 2.0 -0.13071852534271972 -0.3 0.3 Success
01253101 0.4596 0.075 0.85 56578.21182817383 56528.092 56657.052 1.4956418304277381e-05 0.0 0.05 1.197873544066673 -3.0 2.0 0.02950213704952442 -0.3 0.3 Success
01253920 0.1956 0.075 0.85 56583.181898078714 56544.19 56649.173 0.00010134249700019928 0.0 0.05 -0.8108145169066879 -3.0 2.0 -0.08980038574404585 -0.3 0.3 Success
01255502 0.1482 0.075 0.85 56592.77123167203 56548.266 56653.077 0.00022084099472732542 0.0 0.05 1.2534501628326336 -3.0 2.0 -0.026315986753295172 -0.3 0.3 Success
01257366 0.2114 0.075 0.85 56611.95832551157 56575.341 56682.089 4.519706247137157e-05 0.0 0.05 -0.17860395400698909 -3.0 2.0 0.13076205814968492 -0.3 0.3 Success
01257695 0.1838 0.075 0.85 56613.39683115403 56575.025 56675.078 0.0001285536660755144 0.0 0.05 0.387999447130806 -3.0 2.0 -0.11036222801394843 -0.3 0.3 Success
01258906 0.3492 0.075 0.85 56621.77238578454 56579.012 56695.038 2.0497271946506784e-05 0.0 0.05 0.138453342368334 -3.0 2.0 0.010441309507322437 -0.3 0.3 Success
01258940 0.4259 0.075 0.85 56619.56338650351 56575.311 56697.043 1.5856408696302948e-05 0.0 0.05 0.0655168469931901 -3.0 2.0 -0.0752851206666146 -0.3 0.3 Success
01259412 0.3047 0.075 0.85 56624.315046719916 56587.144 56697.078 3.7272123655731194e-05 0.0 0.05 0.9164176914307054 -3.0 2.0 -0.03557875148783618 -0.3 0.3 Success
01261579 0.3222 0.075 0.85 56638.48411095177 56600.111 56697.079 3.0304753248033934e-05 0.0 0.05 -0.1934077748049263 -3.0 2.0 0.008176860979756931 -0.3 0.3 Success
01262214 0.6894 0.075 0.85 56657.24469956994 56610.224 56698.051 5.772769887414617e-06 0.0 0.05 0.18525104223473796 -3.0 2.0 -0.10401280469369205 -0.3 0.3 Success
01262715 0.6894 0.075 0.85 56659.96145506263 56610.224 56697.09 6.8274536723941184e-06 0.0 0.05 0.8406725244638695 -3.0 2.0 -0.04294660776196815 -0.3 0.3 Success
01263369 0.3125 0.075 0.85 56665.78868051254 56630.136 56697.043 3.1828567432560765e-05 0.0 0.05 0.24383413435606677 -3.0 2.0 -0.048827361111646254 -0.3 0.3 Success
01263715 0.2919 0.075 0.85 56667.19662469216 56630.05 56694.039 3.923010652572205e-05 0.0 0.05 0.38109036296442644 -3.0 2.0 -0.031956853488509705 -0.3 0.3 Success
01275946 0.2321 0.075 0.85 57261.711165270724 57233.373 57329.035 8.044705382372523e-05 0.0 0.05 1.6404934403202749 -3.0 2.0 -0.04982762703897626 -0.3 0.3 Success
01279500 0.235 0.075 0.85 57251.979186057135 57234.293 57319.287 5.982786395727234e-05 0.0 0.05 0.6308748564298176 -3.0 2.0 -0.013638970667012819 -0.3 0.3 Success
01280217 0.359 0.075 0.85 57250.08323557201 57233.388 57329.175 2.1107099229411685e-05 0.0 0.05 1.6767514298393478 -3.0 2.0 0.05226771620358215 -0.3 0.3 Success
01281668 0.3071 0.075 0.85 57271.26992172685 57233.373 57342.028 3.868950652741495e-05 0.0 0.05 0.23636791366316548 -3.0 2.0 -0.09517961842425604 -0.3 0.3 Success
01281886 0.384 0.075 0.85 57267.82644120107 57233.388 57345.234 2.151107776434717e-05 0.0 0.05 0.8398786701289906 -3.0 2.0 -0.033350057161581494 -0.3 0.3 Success
01282736 0.3689 0.075 0.85 57266.18745632653 57234.279 57346.032 1.4851551005682284e-05 0.0 0.05 -0.8784488111575917 -3.0 2.0 0.14201411899380526 -0.3 0.3 Success
01283373 0.2075 0.075 0.85 57268.99036942684 57234.423 57332.081 6.059879332083354e-05 0.0 0.05 -1.1336297588848803 -3.0 2.0 0.0020242363064914095 -0.3 0.3 Success
01283878 0.3135 0.075 0.85 57265.588907055564 57234.293 57339.187 2.47337244845004e-05 0.0 0.05 -0.7264155627831042 -3.0 2.0 0.027543996032050606 -0.3 0.3 Success
01283936 0.369 0.075 0.85 57268.08237344097 57233.373 57347.084 1.0718755531608832e-05 0.0 0.05 -0.3912472290596794 -3.0 2.0 0.1864369655534199 -0.3 0.3 Success
01285160 0.7493 0.075 0.85 57273.00411242623 57234.403 57372.178 4.9356582264022304e-06 0.0 0.05 0.07092742406248718 -3.0 2.0 -0.0645694400992408 -0.3 0.3 Success
01285317 0.5649 0.075 0.85 57269.02466629093 57233.373 57356.127 8.961872608392412e-06 0.0 0.05 0.5203662154732062 -3.0 2.0 -0.061007366617844436 -0.3 0.3 Success
01286398 0.1503 0.075 0.85 57271.632234235934 57234.293 57331.145 9.718287577840282e-05 0.0 0.05 -1.3970840158178561 -3.0 2.0 0.03297387316776561 -0.3 0.3 Success
01287626 0.304 0.075 0.85 56682.74643573161 56638.047 56697.072 3.5172821662354666e-05 0.0 0.05 0.0963737297245703 -3.0 2.0 0.023589161074464633 -0.3 0.3 Success
01289288 0.2897 0.075 0.85 57273.60612127262 57233.373 57347.084 2.4976261846895393e-05 0.0 0.05 -1.112091584598388 -3.0 2.0 0.10637933959618869 -0.3 0.3 Success
01289555 0.5588 0.075 0.85 57274.96388962661 57233.388 57365.115 1.098237880239771e-05 0.0 0.05 0.6128800408710496 -3.0 2.0 -0.11168293638540473 -0.3 0.3 Success
01289600 0.4196 0.075 0.85 57284.44421326372 57238.285 57365.221 1.2407447618587702e-05 0.0 0.05 1.1783403055706603 -3.0 2.0 0.03451091953279765 -0.3 0.3 Success
01289656 0.5394 0.075 0.85 57269.590587082545 57234.423 57355.245 8.933313935171916e-06 0.0 0.05 0.15373661446814282 -3.0 2.0 -0.031044650111604052 -0.3 0.3 Success
01289664 0.2491 0.075 0.85 57278.9164718746 57237.303 57345.234 5.008490348347252e-05 0.0 0.05 -1.1197903967116447 -3.0 2.0 -0.020137085352701818 -0.3 0.3 Success
01290779 0.3895 0.075 0.85 56891.9326063433 56872.39 56973.322 1.714794491433984e-05 0.0 0.05 -0.6288580632036812 -3.0 2.0 -0.04706661109480922 -0.3 0.3 Success
01290816 0.2185 0.075 0.85 56891.793620218195 56872.39 56960.278 6.273541627162343e-05 0.0 0.05 1.2998437412074644 -3.0 2.0 0.025641854588372422 -0.3 0.3 Success
01291080 0.4438 0.075 0.85 56889.01120731688 56872.268 56973.078 1.1038051090793104e-05 0.0 0.05 -2.154850267337657 -3.0 2.0 0.11710676788408438 -0.3 0.3 Success
01291090 0.292 0.075 0.85 56905.21236341157 56872.211 56973.028 4.797832011623008e-05 0.0 0.05 1.1969304221255381 -3.0 2.0 -0.0661373323866833 -0.3 0.3 Success
01291794 0.3951 0.075 0.85 57278.560002540784 57237.289 57356.174 1.8314838382113144e-05 0.0 0.05 -0.07606862428083241 -3.0 2.0 0.042045497464611614 -0.3 0.3 Success
01291957 0.36 0.075 0.85 56905.49631685016 56862.179 56980.031 2.440953644127159e-05 0.0 0.05 0.5010322299741554 -3.0 2.0 -0.0346917512860715 -0.3 0.3 Success
01292145 0.4925 0.075 0.85 57274.26405813967 57237.289 57356.174 6.824532168978813e-06 0.0 0.05 0.40356660329824884 -3.0 2.0 0.10561063355047118 -0.3 0.3 Success
01292195 0.8293 0.075 0.85 57280.81102204355 57234.403 57389.163 2.9988217047379507e-06 0.0 0.05 0.3033589680347453 -3.0 2.0 0.007184413531289729 -0.3 0.3 Success
01292332 0.2735 0.075 0.85 56901.20880738982 56875.328 56973.19 5.428006860034603e-05 0.0 0.05 0.2903639295538932 -3.0 2.0 -0.08666237320198598 -0.3 0.3 Success
01292336 0.2336 0.075 0.85 56902.59561670627 56875.328 56973.19 4.528330083270888e-05 0.0 0.05 0.3142168058959453 -3.0 2.0 0.06906569160438386 -0.3 0.3 Success
01292560 0.2248 0.075 0.85 56904.679156005215 56875.263 56973.042 8.200719776931342e-05 0.0 0.05 0.2898043301443491 -3.0 2.0 -0.10231804105367094 -0.3 0.3 Success
01293319 0.2969 0.075 0.85 56915.233009113064 56872.268 56980.072 3.809284432912635e-05 0.0 0.05 1.8608499637992901 -3.0 2.0 0.026365723337680443 -0.3 0.3 Success
01293758 0.1472 0.075 0.85 56915.8197648557 56876.384 56980.044 0.00013387861594573805 0.0 0.05 -1.2761167618753049 -3.0 2.0 -0.011797968670853157 -0.3 0.3 Success
01294014 0.3627 0.075 0.85 56919.73887296326 56875.386 56990.199 2.3830335226385957e-05 0.0 0.05 0.6178794737598674 -3.0 2.0 -0.02334490691572561 -0.3 0.3 Success
01294743 0.3126 0.075 0.85 56914.410356692155 56875.285 56980.127 1.444976503171433e-05 0.0 0.05 0.001209001393749298 -3.0 2.0 0.22604870845581726 -0.3 0.3 Success
01295027 0.4254 0.075 0.85 56910.26102898546 56872.268 56992.069 1.5313164537902635e-05 0.0 0.05 -0.44324901204926775 -3.0 2.0 -0.020108717074803925 -0.3 0.3 Success
01295256 0.4425 0.075 0.85 56928.130357856004 56889.295 57012.089 1.5161843062373159e-05 0.0 0.05 0.3175319599961209 -3.0 2.0 -0.03339491382564159 -0.3 0.3 Success
01295305 0.6117 0.075 0.85 56915.765386660154 56875.285 57005.143 6.8117016792806985e-06 0.0 0.05 0.2844639382269917 -3.0 2.0 0.0030950813417667438 -0.3 0.3 Success
01295921 0.5239 0.075 0.85 56913.23550596555 56875.386 56990.201 7.811303733684849e-06 0.0 0.05 0.5161606447581913 -3.0 2.0 0.09616421016180579 -0.3 0.3 Success
01296273 0.397 0.075 0.85 56926.41389505713 56888.383 57003.049 2.6474482737136144e-05 0.0 0.05 0.08700604249236461 -3.0 2.0 -0.1735653883443303 -0.3 0.3 Success
01296321 0.1844 0.075 0.85 56930.98975672675 56900.265 56990.188 5.419251941525433e-05 0.0 0.05 0.5434504762426826 -3.0 2.0 0.11242374133065777 -0.3 0.3 Success
01296657 0.1462 0.075 0.85 56923.56611231866 56889.221 56987.079 0.00014781414198738408 0.0 0.05 0.6810119770060733 -3.0 2.0 0.032627317844877594 -0.3 0.3 Success
01297026 0.2585 0.075 0.85 56928.80759071996 56888.237 57001.099 4.2960723172785946e-05 0.0 0.05 -0.7508492526411962 -3.0 2.0 -0.02604159032368853 -0.3 0.3 Success
01297465 0.2778 0.075 0.85 56938.89380785925 56897.258 57008.065 3.205469900717592e-05 0.0 0.05 1.1000775623027776 -3.0 2.0 0.057421282822709224 -0.3 0.3 Success
01298281 0.2351 0.075 0.85 56930.65641254943 56900.265 57003.049 3.759935935738356e-05 0.0 0.05 -1.5198523928960046 -3.0 2.0 0.08581092883073112 -0.3 0.3 Success
01298893 0.1962 0.075 0.85 56935.05430770554 56900.299 56992.068 6.15020325029083e-05 0.0 0.05 -2.1602636386266245 -3.0 2.0 0.02168597203992667 -0.3 0.3 Success
01299643 0.38 0.075 0.85 56941.12889050849 56897.344 57018.078 2.484932794199227e-05 0.0 0.05 0.5840001005683062 -3.0 2.0 -0.07769089202629618 -0.3 0.3 Success
01299775 0.1598 0.075 0.85 56940.17644248707 56905.298 57004.045 9.974490764571117e-05 0.0 0.05 -0.3960211459935741 -3.0 2.0 0.19700054568493075 -0.3 0.3 Success
01299785 0.3813 0.075 0.85 56943.851971507065 56905.291 57025.079 1.7049068490131463e-05 0.0 0.05 -0.21192015888220467 -3.0 2.0 0.0723305732288407 -0.3 0.3 Success
01300516 0.3104 0.075 0.85 56949.35244090752 56908.288 57025.093 2.664140826701762e-05 0.0 0.05 0.8817101203735381 -3.0 2.0 0.15595948648044208 -0.3 0.3 Success
01300912 0.3376 0.075 0.85 56946.35879592543 56905.196 57019.147 1.9031334830295317e-05 0.0 0.05 -0.4569458446644145 -3.0 2.0 0.08501444495237268 -0.3 0.3 Success
01301933 0.3299 0.075 0.85 56952.89250501115 56909.193 57025.117 3.169532706026623e-05 0.0 0.05 -0.1774694929643205 -3.0 2.0 -0.12060076664828069 -0.3 0.3 Success
01302058 0.1984 0.075 0.85 56959.56390051971 56920.363 57025.079 0.00011366741430907035 0.0 0.05 0.34602694795080896 -3.0 2.0 0.008120507791087483 -0.3 0.3 Success
01302141 0.6088 0.075 0.85 57281.332239506795 57233.403 57365.044 7.68554204098299e-06 0.0 0.05 -0.6534833030446544 -3.0 2.0 0.039557845911686915 -0.3 0.3 Success
01302187 0.2195 0.075 0.85 56952.98775847896 56910.328 57019.148 5.693905379438366e-05 0.0 0.05 -0.877004030465356 -3.0 2.0 0.050280426831235535 -0.3 0.3 Success
01302523 0.4239 0.075 0.85 57288.75080924889 57250.24 57372.059 1.5070912996375126e-05 0.0 0.05 0.4453341613060254 -3.0 2.0 0.05820150091645425 -0.3 0.3 Success
01302648 0.2319 0.075 0.85 56949.447528401026 56910.158 57017.08 4.3823891295571254e-05 0.0 0.05 -0.7120444300018128 -3.0 2.0 0.14176258917966508 -0.3 0.3 Success
01303004 0.2949 0.075 0.85 56960.50633699064 56919.371 57033.047 4.238728107916717e-05 0.0 0.05 0.7395802718503437 -3.0 2.0 -0.03451597642955168 -0.3 0.3 Success
01303279 0.1724 0.075 0.85 56965.77554382515 56928.23 57033.169 0.00018620799169690176 0.0 0.05 1.0304206230320656 -3.0 2.0 -0.05150291270058592 -0.3 0.3 Success
01303496 0.1798 0.075 0.85 56966.28256681238 56928.178 57032.15 8.100090726178598e-05 0.0 0.05 -0.18809769379131294 -3.0 2.0 0.09104631992652694 -0.3 0.3 Success
01303883 0.2591 0.075 0.85 57286.32295933503 57250.223 57356.127 5.183043331073072e-05 0.0 0.05 0.5093769068959475 -3.0 2.0 -0.022215881901504714 -0.3 0.3 Success
01303952 0.5626 0.075 0.85 57288.89749757627 57234.279 57373.057 1.068374608172099e-05 0.0 0.05 -0.14087356395500966 -3.0 2.0 -0.17389237727222162 -0.3 0.3 Success
01304127 0.7286 0.075 0.85 57281.75615455379 57234.279 57373.058 6.520915798214601e-06 0.0 0.05 0.3229073662802904 -3.0 2.0 -0.0756244765689991 -0.3 0.3 Success
01304442 0.2171 0.075 0.85 56965.09577122943 56928.114 57029.056 7.722095586799287e-05 0.0 0.05 0.2729888925530195 -3.0 2.0 -0.0633083738149113 -0.3 0.3 Success
01304678 0.2188 0.075 0.85 56963.74429627137 56928.23 57033.168 5.535885601497735e-05 0.0 0.05 -1.2483723659417651 -3.0 2.0 -0.01626432178974826 -0.3 0.3 Success
01305504 0.4956 0.075 0.85 56973.70969556435 56928.192 57052.047 1.0932012382484943e-05 0.0 0.05 -0.4274997612053113 -3.0 2.0 -0.06031890285538426 -0.3 0.3 Success
01305626 0.3257 0.075 0.85 56974.758405382556 56934.125 57049.055 3.118467078025996e-05 0.0 0.05 -0.32132955031602195 -3.0 2.0 -0.09465757264014152 -0.3 0.3 Success
01306029 0.4289 0.075 0.85 57279.63342278422 57233.388 57355.217 1.2553985598825986e-05 0.0 0.05 1.2194370052508963 -3.0 2.0 0.11131345957970304 -0.3 0.3 Success
01306073 0.3286 0.075 0.85 56972.41390907043 56934.124 57049.056 2.222619220090281e-05 0.0 0.05 -1.2586843360053626 -3.0 2.0 0.001985323881479862 -0.3 0.3 Success
01306141 0.3324 0.075 0.85 56977.71333912523 56934.337 57051.151 3.196859613990744e-05 0.0 0.05 -0.05788976671512169 -3.0 2.0 -0.05018448234365715 -0.3 0.3 Success
01306360 0.4494 0.075 0.85 57278.60936489557 57234.423 57355.245 1.1882040910257187e-05 0.0 0.05 -0.8755160116338083 -3.0 2.0 0.02834724816311021 -0.3 0.3 Success
01306390 0.407 0.075 0.85 57280.74428303201 57238.401 57355.23 9.103414084941975e-06 0.0 0.05 -0.18053661999007126 -3.0 2.0 0.19653796157651682 -0.3 0.3 Success
01306537 0.4795 0.075 0.85 57287.703206846614 57250.363 57372.241 1.4880541056121816e-05 0.0 0.05 0.9940418477455318 -3.0 2.0 -0.06658545707642691 -0.3 0.3 Success
01306626 0.4095 0.075 0.85 57285.058889506094 57240.41 57355.245 1.9924348638065758e-05 0.0 0.05 0.3081792423004759 -3.0 2.0 -0.06261067684108439 -0.3 0.3 Success
01306785 0.5787 0.075 0.85 57283.35449013308 57233.419 57311.114 8.310605044268122e-06 0.0 0.05 -0.3192292200885732 -3.0 2.0 -0.030467945874244975 -0.3 0.3 Success
01306980 0.5489 0.075 0.85 57282.68572627251 57237.229 57372.039 8.210557285926598e-06 0.0 0.05 -1.1722935290665364 -3.0 2.0 0.09466930223380295 -0.3 0.3 Success
01306991 0.4217 0.075 0.85 57287.446269634886 57250.209 57365.044 1.779349305091498e-05 0.0 0.05 -0.16671272951110727 -3.0 2.0 0.005488930824256676 -0.3 0.3 Success
01307277 0.4107 0.075 0.85 57284.10350792418 57241.292 57365.115 1.2182001794932466e-05 0.0 0.05 -0.005301415346624791 -3.0 2.0 0.02535961643939172 -0.3 0.3 Success
01307830 0.3493 0.075 0.85 57286.11282972266 57242.281 57365.196 1.899877221233942e-05 0.0 0.05 -1.836400404618415 -3.0 2.0 -0.08162254293230647 -0.3 0.3 Success
01308314 0.4065 0.075 0.85 56977.484389406636 56928.178 57051.151 1.6789749616846377e-05 0.0 0.05 -0.3660355626093858 -3.0 2.0 -0.049668983002573386 -0.3 0.3 Success
01308326 0.3262 0.075 0.85 56976.306922078904 56941.141 57045.113 3.264033107239211e-05 0.0 0.05 0.47406471203572376 -3.0 2.0 -0.08892098123159227 -0.3 0.3 Success
01308568 0.6431 0.075 0.85 57289.42372196494 57241.269 57379.066 7.054413933793269e-06 0.0 0.05 -0.3227455375489784 -3.0 2.0 0.13822871143749937 -0.3 0.3 Success
01308582 0.3669 0.075 0.85 57287.81346439033 57250.24 57366.076 2.4929764051914925e-05 0.0 0.05 -0.4618483776424993 -3.0 2.0 -0.05379061276627804 -0.3 0.3 Success
01308884 0.0772 0.075 0.85 57293.47891207679 57261.324 57355.251 0.0003156782419184698 0.0 0.05 -1.4355517316994006 -3.0 2.0 0.08089389577712801 -0.3 0.3 Success
