analysis_pipeline/priors/des_salt2_2.4.ecsv
# %ECSV 0.9
# ---
# datatype:
# - name: obj_id
#   datatype: string
# - name: z
#   datatype: float64
# - name: z_min
#   datatype: float64
# - name: z_max
#   datatype: float64
# - name: t0
#   datatype: float64
# - name: t0_min
#   datatype: float64
# - name: t0_max
#   datatype: float64
# - name: x0
#   datatype: float64
# - name: x0_min
#   datatype: float64
# - name: x0_max
#   datatype: float64
# - name: x1
#   datatype: float64
# - name: x1_min
#   datatype: float64
# - name: x1_max
#   datatype: float64
# - name: c
#   datatype: float64
# - name: c_min
#   datatype: float64
# - name: c_max
#   datatype: float64
# - name: message
#   datatype: string
# schema: astropy-2.0
obj_id z z_min z_max t0 t0_min t0_max x0 x0_min x0_max x1 x1_min x1_max c c_min c_max message
[from data line 99]
01309288 0.2684 0.075 0.85 56989.82965819475 56946.361 57061.067 5.840982618832125e-05 0.0 0.05 0.5459028729975735 -3.0 2.0 -0.08441089439007848 -0.3 0.3 Success
01309492 0.3335 0.075 0.85 56993.03698900827 56948.255 57067.046 3.454377737751382e-05 0.0 0.05 0.18048730632507545 -3.0 2.0 -0.09091499006422936 -0.3 0.3 Success
01309749 0.7893 0.075 0.85 56987.95278426789 56934.35 57067.046 5.15304880573674e-06 0.0 0.05 0.5483111402483858 -3.0 2.0 -0.0828056356812418 -0.3 0.3 Success
01310338 0.4388 0.075 0.85 56977.22246928937 56934.112 57052.042 1.5715800967244703e-05 0.0 0.05 -0.2129853278969946 -3.0 2.0 0.08371789022448227 -0.3 0.3 Success
01310395 0.289 0.075 0.85 56980.7874333779 56941.203 57052.042 2.482841300548152e-05 0.0 0.05 -0.7223849569085656 -3.0 2.0 0.09271211781783809 -0.3 0.3 Success
01312274 0.438 0.075 0.85 56976.99805632791 56941.141 57052.1 1.2668299242653482e-05 0.0 0.05 -1.2806502460322502 -3.0 2.0 -0.046083757059518615 -0.3 0.3 Success
01313594 0.2883 0.075 0.85 57002.35308406826 56958.035 57051.058 4.6329939168386055e-05 0.0 0.05 0.5319006052294386 -3.0 2.0 -0.09255864287872088 -0.3 0.3 Success
01314897 0.3369 0.075 0.85 57301.49162293871 57258.337 57373.072 2.8233061524196672e-05 0.0 0.05 0.9054492487181045 -3.0 2.0 0.02321141358091066 -0.3 0.3 Success
01315192 0.2254 0.075 0.85 57008.78033320147 56972.193 57052.1 5.4685857405297005e-05 0.0 0.05 1.0584334104852484 -3.0 2.0 0.12658656941958835 -0.3 0.3 Success
01315259 0.228 0.075 0.85 57004.21972163913 56965.181 57049.073 4.715641149797579e-05 0.0 0.05 -0.5054504100454491 -3.0 2.0 0.06251357299865513 -0.3 0.3 Success
01315296 0.4126 0.075 0.85 57004.990959130344 56958.183 57049.072 1.0915481365909297e-05 0.0 0.05 1.3037106507847398 -3.0 2.0 0.010565471474314395 -0.3 0.3 Success
01316385 0.1478 0.075 0.85 57019.257979538015 56986.175 57067.046 0.00019292020486157659 0.0 0.05 1.4704422468602465 -3.0 2.0 0.016427399314356907 -0.3 0.3 Success
01316431 0.1981 0.075 0.85 57018.889067222066 56986.16 57052.1 9.792197106137949e-05 0.0 0.05 1.2440544167041658 -3.0 2.0 -0.033620867815194286 -0.3 0.3 Success
01316437 0.482 0.075 0.85 57010.357045680015 56965.192 57052.1 8.984790253934211e-06 0.0 0.05 -0.318998868489829 -3.0 2.0 0.1934038707810568 -0.3 0.3 Success
01316465 0.3291 0.075 0.85 57021.43733355327 56986.175 57067.046 2.880354502070173e-05 0.0 0.05 0.3623099689393599 -3.0 2.0 -0.0025524842760342404 -0.3 0.3 Success
01317164 0.1547 0.075 0.85 57297.50116488168 57261.375 57355.165 7.030989653686278e-05 0.0 0.05 -2.2174707308433788 -3.0 2.0 0.12281793698323407 -0.3 0.3 Success
01317277 0.2371 0.075 0.85 57007.31626267779 56972.071 57052.042 4.1720638631556065e-05 0.0 0.05 -1.3895686861457184 -3.0 2.0 0.07407818286267036 -0.3 0.3 Success
01317286 0.279 0.075 0.85 57015.32694388883 56972.071 57052.042 5.194597223772733e-05 0.0 0.05 0.7358455410349041 -3.0 2.0 -0.06610545193017181 -0.3 0.3 Success
01317454 0.5688 0.075 0.85 57015.69936769705 56972.028 57051.043 7.960557560581114e-06 0.0 0.05 -0.2966742182635888 -3.0 2.0 0.043240583234800206 -0.3 0.3 Success
01317666 0.1414 0.075 0.85 57301.45044945718 57258.339 57356.106 0.0001102753078214238 0.0 0.05 -0.12633221619839846 -3.0 2.0 0.10616157278485858 -0.3 0.3 Success
01319366 0.2361 0.075 0.85 57304.35508038926 57261.312 57372.107 6.980269903830358e-05 0.0 0.05 1.522811077184017 -3.0 2.0 0.004753788244367383 -0.3 0.3 Success
01319821 0.3088 0.075 0.85 57020.49731029728 56977.123 57067.103 3.215734062984686e-05 0.0 0.05 -0.4513429735644119 -3.0 2.0 -0.07573048816527936 -0.3 0.3 Success
01320166 0.449 0.075 0.85 57021.66953863153 56976.108 57049.049 1.2216161498386792e-05 0.0 0.05 0.5489412067032847 -3.0 2.0 -0.07094325593968763 -0.3 0.3 Success
01322229 0.5261 0.075 0.85 57033.859651128696 56986.05 57052.048 1.0225983369563111e-05 0.0 0.05 0.9837614144748836 -3.0 2.0 0.03810415254484367 -0.3 0.3 Success
01322979 0.5294 0.075 0.85 57039.27144280288 56993.04 57067.047 1.0375637384339166e-05 0.0 0.05 0.2657011721456567 -3.0 2.0 -0.07597768970597157 -0.3 0.3 Success
01324542 0.5415 0.075 0.85 57043.43973423002 56996.085 57067.103 8.28009522035391e-06 0.0 0.05 0.4498835079134975 -3.0 2.0 -0.07261358113319098 -0.3 0.3 Success
01325358 0.7793 0.075 0.85 57048.128415246225 56990.241 57066.064 4.590667468708887e-06 0.0 0.05 0.07330463728158373 -3.0 2.0 -0.056020235604771526 -0.3 0.3 Success
01327978 0.2073 0.075 0.85 57307.554233188006 57268.129 57373.043 6.644286046838743e-05 0.0 0.05 0.1815086665227164 -3.0 2.0 0.07191338474530258 -0.3 0.3 Success
01328066 0.4489 0.075 0.85 57298.17776458554 57258.093 57379.051 1.7977635696142255e-05 0.0 0.05 0.6482729718060368 -3.0 2.0 -0.11822471746055978 -0.3 0.3 Success
01328105 0.4402 0.075 0.85 57302.71744071348 57258.093 57386.049 1.7568945658364436e-05 0.0 0.05 -0.0758024533074994 -3.0 2.0 -0.0582829019594833 -0.3 0.3 Success
01329166 0.7316 0.075 0.85 57308.120158705875 57253.251 57402.11 4.459828007151621e-06 0.0 0.05 -0.0813416903163546 -3.0 2.0 -0.06751165437539577 -0.3 0.3 Success
01329196 0.7693 0.075 0.85 57309.00460410341 57251.247 57406.112 4.66677489300871e-06 0.0 0.05 0.4304667342247461 -3.0 2.0 -0.01591986791957515 -0.3 0.3 Success
01329312 0.3444 0.075 0.85 57309.70148218677 57268.189 57389.086 2.0992790240900134e-05 0.0 0.05 -1.412497790369199 -3.0 2.0 -0.04910207126171142 -0.3 0.3 Success
01329615 0.4039 0.075 0.85 57304.98629634028 57263.298 57385.114 1.526950872096561e-05 0.0 0.05 -0.48362516195628025 -3.0 2.0 0.0023057013853976242 -0.3 0.3 Success
01330031 0.1041 0.075 0.85 57315.10995979464 57275.065 57376.047 0.00039891902481225156 0.0 0.05 0.29313198737445595 -3.0 2.0 -0.08373310364250629 -0.3 0.3 Success
01330426 0.2595 0.075 0.85 57316.123207466764 57273.21 57387.185 6.723903197806084e-05 0.0 0.05 1.3658031729478344 -3.0 2.0 -0.09363710117269865 -0.3 0.3 Success
01330642 0.6339 0.075 0.85 57317.62826630707 57268.189 57406.1 8.554216805200349e-06 0.0 0.05 0.8546868671673654 -3.0 2.0 -0.12429564681944351 -0.3 0.3 Success
01330903 0.5638 0.075 0.85 57306.30331682487 57261.312 57396.103 7.903380551974487e-06 0.0 0.05 -0.004897301135442015 -3.0 2.0 0.08388405428277403 -0.3 0.3 Success
01331123 0.2291 0.075 0.85 57318.34422704296 57282.03 57386.049 4.707313766841231e-05 0.0 0.05 -1.591547618200995 -3.0 2.0 0.004423144320380923 -0.3 0.3 Success
01331993 0.7196 0.075 0.85 57327.6437464576 57276.17 57408.04 4.6128082787195594e-06 0.0 0.05 0.8048175010019825 -3.0 2.0 -0.07551420586987566 -0.3 0.3 Success
01332059 0.5788 0.075 0.85 57324.44724561844 57273.199 57403.103 8.968862053006435e-06 0.0 0.05 0.14219027266897188 -3.0 2.0 -0.18354274787604832 -0.3 0.3 Success
01332413 0.6087 0.075 0.85 57325.428088747074 57282.151 57403.064 8.492207640750682e-06 0.0 0.05 1.237278464893791 -3.0 2.0 -0.13817784672851724 -0.3 0.3 Success
01333246 0.4379 0.075 0.85 57325.35901126373 57284.22 57403.103 1.0764886774700471e-05 0.0 0.05 1.1418307643830834 -3.0 2.0 0.1596072203911517 -0.3 0.3 Success
01333438 0.3995 0.075 0.85 57327.27500732008 57282.346 57406.124 1.251273221493181e-05 0.0 0.05 0.5334401733859221 -3.0 2.0 0.11519367302685701 -0.3 0.3 Success
01334084 0.1335 0.075 0.85 57336.50112495111 57300.206 57396.104 0.0001227074523883517 0.0 0.05 -0.7818789529618493 -3.0 2.0 0.12836621494949882 -0.3 0.3 Success
01334087 0.2663 0.075 0.85 57340.02082777755 57296.299 57403.103 5.305610932851356e-05 0.0 0.05 0.1861395271601888 -3.0 2.0 -0.00995377353779343 -0.3 0.3 Success
01334302 0.4549 0.075 0.85 57330.88023176091 57286.033 57407.048 1.2888175473845404e-05 0.0 0.05 -0.9378481190040094 -3.0 2.0 -0.018932512626725666 -0.3 0.3 Success
01334423 0.3577 0.075 0.85 57335.7814795834 57297.138 57408.057 1.946718961802406e-05 0.0 0.05 1.0134394022135422 -3.0 2.0 0.040323852553953064 -0.3 0.3 Success
01334448 0.5167 0.075 0.85 57331.11931158623 57286.278 57402.056 8.936268799866928e-06 0.0 0.05 -2.106607097689019 -3.0 2.0 -0.10166263727536527 -0.3 0.3 Success
01334470 0.5188 0.075 0.85 57333.74241590911 57290.279 57402.056 1.0082314356354145e-05 0.0 0.05 1.0452495328926026 -3.0 2.0 0.06188246095639112 -0.3 0.3 Success
01334597 0.289 0.075 0.85 57343.60227705902 57300.219 57408.043 4.342885882848559e-05 0.0 0.05 0.5546407521459422 -3.0 2.0 -0.031813216672108284 -0.3 0.3 Success
01334620 0.1961 0.075 0.85 57334.87200571151 57296.28 57403.064 4.075365125521455e-05 0.0 0.05 -0.4917919222772717 -3.0 2.0 0.24547585914405734 -0.3 0.3 Success
01334644 0.2881 0.075 0.85 57332.43540762539 57296.28 57403.064 3.1674028990021364e-05 0.0 0.05 -1.6797258768257435 -3.0 2.0 -0.02545194872197185 -0.3 0.3 Success
01334645 0.2312 0.075 0.85 57335.4675084191 57296.28 57403.064 5.80438482835198e-05 0.0 0.05 -0.8175359310838924 -3.0 2.0 -0.0036259491222905686 -0.3 0.3 Success
01334707 0.6488 0.075 0.85 57339.63666037351 57289.307 57426.118 7.575183475357266e-06 0.0 0.05 0.5918706451339664 -3.0 2.0 -0.1425841984799364 -0.3 0.3 Success
01334879 0.6393 0.075 0.85 57336.25516199675 57287.241 57426.118 4.901774023540555e-06 0.0 0.05 -0.3414847037332533 -3.0 2.0 0.13446844709832723 -0.3 0.3 Success
01335472 0.4989 0.075 0.85 57344.356801500144 57296.02 57403.05 1.1824315832414096e-05 0.0 0.05 -0.11558821801444932 -3.0 2.0 -0.014652217725019902 -0.3 0.3 Success
01335564 0.6077 0.075 0.85 57343.5510223814 57296.28 57427.068 6.938190790804762e-06 0.0 0.05 0.8373501643405865 -3.0 2.0 0.0005736998041856372 -0.3 0.3 Success
01335694 0.2591 0.075 0.85 57347.79939102198 57310.214 57408.058 5.1849644142175015e-05 0.0 0.05 1.1142143647599796 -3.0 2.0 0.022677106397588836 -0.3 0.3 Success
01335717 0.3048 0.075 0.85 57346.66720304811 57310.182 57408.092 2.2599787024834594e-05 0.0 0.05 -0.061119777826779846 -3.0 2.0 0.053910089894619345 -0.3 0.3 Success
01335718 0.6993 0.075 0.85 57351.53422344079 57302.161 57426.118 5.677756871325485e-06 0.0 0.05 0.6577056788944541 -3.0 2.0 -0.056485651745272064 -0.3 0.3 Success
01335868 0.6194 0.075 0.85 57347.44020588173 57300.229 57425.154 7.147419134427836e-06 0.0 0.05 1.4562726533525931 -3.0 2.0 -0.05804553118283971 -0.3 0.3 Success
01336008 0.438 0.075 0.85 57348.23715065711 57310.01 57403.052 1.9701435731722964e-05 0.0 0.05 0.7228355185003096 -3.0 2.0 -0.08647695920976302 -0.3 0.3 Success
01336009 0.3416 0.075 0.85 57344.238612869834 57310.01 57403.052 1.358652635390906e-05 0.0 0.05 -0.44987848516626044 -3.0 2.0 0.1676160902879369 -0.3 0.3 Success
01336453 0.1848 0.075 0.85 57355.00280709667 57314.169 57403.103 0.00010896986364906208 0.0 0.05 0.9906341187500749 -3.0 2.0 -0.03565870612439188 -0.3 0.3 Success
01336480 0.256 0.075 0.85 57350.564634034534 57310.115 57403.103 3.627011714408532e-05 0.0 0.05 -0.02755157967201911 -3.0 2.0 0.025646765203430993 -0.3 0.3 Success
01336687 0.2337 0.075 0.85 57351.157352286005 57312.063 57403.064 4.230671016920592e-05 0.0 0.05 0.4490141587283205 -3.0 2.0 0.12729596883716796 -0.3 0.3 Success
01337117 0.5539 0.075 0.85 57361.36361115722 57314.028 57403.051 1.3037423127704206e-05 0.0 0.05 0.6194920660869663 -3.0 2.0 -0.11889574461314881 -0.3 0.3 Success
01337221 0.6688 0.075 0.85 57360.27090171933 57310.023 57407.048 7.991260992667364e-06 0.0 0.05 0.27350606201270716 -3.0 2.0 -0.1950566274037841 -0.3 0.3 Success
01337228 0.5788 0.075 0.85 57357.85651363267 57310.023 57407.048 6.707734563653084e-06 0.0 0.05 -0.7039264785090948 -3.0 2.0 -0.036016810970797834 -0.3 0.3 Success
01337272 0.5027 0.075 0.85 57358.3487275269 57310.068 57427.057 9.98580528709356e-06 0.0 0.05 -0.5240583917055945 -3.0 2.0 0.026509794128308086 -0.3 0.3 Success
01337325 0.6387 0.075 0.85 57357.817284559926 57310.068 57427.057 7.166255518169872e-06 0.0 0.05 0.7034628441075766 -3.0 2.0 -0.08062266474114058 -0.3 0.3 Success
01337649 0.2491 0.075 0.85 57363.11453519481 57324.162 57408.057 3.980525373246624e-05 0.0 0.05 1.0753635881641783 -3.0 2.0 0.1253513527592099 -0.3 0.3 Success
01337655 0.8485 0.075 0.85 57364.86296864513 57310.078 57408.041 4.083585656400413e-06 0.0 0.05 1.4032952059754278 -3.0 2.0 -0.09646224891869974 -0.3 0.3 Success
01337687 0.3195 0.075 0.85 57361.40600041708 57324.295 57425.154 3.794800356369758e-05 0.0 0.05 0.9990880337770951 -3.0 2.0 -0.08505773881235955 -0.3 0.3 Success
01337703 0.5334 0.075 0.85 57358.81116407966 57310.12 57425.154 1.2238498664387264e-05 0.0 0.05 -1.0979889468683954 -3.0 2.0 -0.15193062231617416 -0.3 0.3 Success
01337838 0.3119 0.075 0.85 57364.56847927205 57324.148 57427.068 3.43742924884607e-05 0.0 0.05 0.8560665895331052 -3.0 2.0 -0.024400756607196594 -0.3 0.3 Success
01338128 0.3117 0.075 0.85 57366.594983438874 57324.019 57407.048 2.4201552814303483e-05 0.0 0.05 -0.3959244766078345 -3.0 2.0 -0.009868399451385108 -0.3 0.3 Success
01338170 0.389 0.075 0.85 57363.3370938136 57324.019 57407.048 1.601621120796587e-05 0.0 0.05 -0.36584620853390337 -3.0 2.0 0.04816221098693058 -0.3 0.3 Success
01338233 0.598 0.075 0.85 57355.95605725825 57304.276 57427.057 5.604918580347646e-06 0.0 0.05 -1.0731181657812066 -3.0 2.0 -0.07969384970361311 -0.3 0.3 Success
01338266 0.6476 0.075 0.85 57366.46599468225 57324.033 57427.068 5.150966335322287e-06 0.0 0.05 -0.1899606319697464 -3.0 2.0 -0.06477719387261918 -0.3 0.3 Success
01338278 0.5639 0.075 0.85 57368.19919595852 57324.033 57427.057 8.599254525607347e-06 0.0 0.05 1.1928616505525698 -3.0 2.0 0.045765131016794906 -0.3 0.3 Success
01338387 0.5838 0.075 0.85 57363.614300537054 57314.169 57428.056 9.514555474428098e-06 0.0 0.05 1.390487857997468 -3.0 2.0 -0.11344424628661158 -0.3 0.3 Success
01338430 0.5089 0.075 0.85 57361.71942864204 57324.117 57428.056 1.2725887177577986e-05 0.0 0.05 0.6006464433500363 -3.0 2.0 -0.0959667410069787 -0.3 0.3 Success
01338471 0.5309 0.075 0.85 57351.07767068086 57304.134 57428.056 6.707988207354074e-06 0.0 0.05 -0.9428370231604548 -3.0 2.0 0.026197962758011686 -0.3 0.3 Success
01338675 0.3306 0.075 0.85 57371.89760337274 57324.046 57408.041 2.0694112880478072e-05 0.0 0.05 -0.017433454196495973 -3.0 2.0 0.06458590445383494 -0.3 0.3 Success
01339002 0.3025 0.075 0.85 57369.75276488297 57330.071 57427.068 2.1280785064086357e-05 0.0 0.05 -1.2287190075235799 -3.0 2.0 0.1257371423885998 -0.3 0.3 Success
01339149 0.4678 0.075 0.85 57373.982551196175 57330.068 57427.068 1.2317941150424108e-05 0.0 0.05 -0.32981025487935306 -3.0 2.0 0.06990457314963433 -0.3 0.3 Success
01339392 0.1804 0.075 0.85 57370.81931170853 57330.331 57426.147 0.00012765389253905946 0.0 0.05 -0.47186621663598555 -3.0 2.0 -0.020960273512857477 -0.3 0.3 Success
01339450 0.5505 0.075 0.85 57369.47829372308 57324.281 57426.147 6.528879031232531e-06 0.0 0.05 -1.0536722572546535 -3.0 2.0 0.19505502168698022 -0.3 0.3 Success
01340454 0.421 0.075 0.85 57374.86142007896 57330.312 57425.153 1.5407217509564566e-05 0.0 0.05 1.0436791549209818 -3.0 2.0 0.03588617940490301 -0.3 0.3 Success
01341370 0.409 0.075 0.85 57376.3735913563 57332.076 57403.052 1.523331578154913e-05 0.0 0.05 1.2345194521499687 -3.0 2.0 0.006433702198801698 -0.3 0.3 Success
01341894 0.3121 0.075 0.85 57390.10260565577 57350.051 57427.057 2.9056884609648534e-05 0.0 0.05 0.005297499034269723 -3.0 2.0 -0.04114865194435094 -0.3 0.3 Success
01342255 0.2141 0.075 0.85 57390.590998790685 57350.107 57428.056 8.529478563865523e-05 0.0 0.05 0.6635402200123613 -3.0 2.0 -0.045373658706688566 -0.3 0.3 Success
01343208 0.4993 0.075 0.85 57390.92440598801 57340.251 57426.117 1.0655886450260434e-05 0.0 0.05 0.003007573717308538 -3.0 2.0 -0.03438657403179479 -0.3 0.3 Success
01343337 0.3389 0.075 0.85 57393.83141297829 57357.223 57426.147 1.776627407439201e-05 0.0 0.05 1.0807805856699781 -3.0 2.0 0.14694297493297465 -0.3 0.3 Success
01343401 0.3829 0.075 0.85 57394.96709774098 57357.046 57427.057 2.50620566131212e-05 0.0 0.05 0.9397849151577345 -3.0 2.0 -0.04623247753178842 -0.3 0.3 Success
