analysis_pipeline/priors/des_4_salt2_2.4.ecsv
# %ECSV 0.9
# ---
# datatype:
# - name: obj_id
#   datatype: string
# - name: t0
#   datatype: float64
# - name: t0_min
#   datatype: float64
# - name: t0_max
#   datatype: float64
# - name: x0
#   datatype: float64
# - name: x0_min
#   datatype: float64
# - name: x0_max
#   datatype: float64
# - name: x1
#   datatype: float64
# - name: x1_min
#   datatype: float64
# - name: x1_max
#   datatype: float64
# - name: c
#   datatype: float64
# - name: c_min
#   datatype: float64
# - name: c_max
#   datatype: float64
# schema: astropy-2.0
obj_id t0 t0_min t0_max x0 x0_min x0_max x1 x1_min x1_max c c_min c_max
[from data line 131]
01329312 0.3444 57268.189 57389.086 57309.835315153454 0.0 0.05 2.0965514491955875e-05 -3.0 2.0 -1.3905715594850994 -0.3 0.3
01329615 0.4039 57263.298 57385.114 57304.90877482087 0.0 0.05 1.5203104463159617e-05 -3.0 2.0 -0.4178357121437106 -0.3 0.3
01330031 0.1041 57275.065 57376.047 57315.11114060545 0.0 0.05 0.00039867504480843927 -3.0 2.0 0.29450000864326925 -0.3 0.3
01330426 0.2595 57273.21 57387.185 57316.124173402604 0.0 0.05 6.72978134009122e-05 -3.0 2.0 1.3377003288925968 -0.3 0.3
01330642 0.6339 57268.189 57406.1 57317.48204251994 0.0 0.05 8.59739956423756e-06 -3.0 2.0 0.9513247472283197 -0.3 0.3
01330903 0.5638 57261.312 57396.103 57306.1594620312 0.0 0.05 7.693720516159717e-06 -3.0 2.0 0.0882689152234299 -0.3 0.3
01331123 0.2291 57282.03 57386.049 57318.3491207369 0.0 0.05 4.6788814243858936e-05 -3.0 2.0 -1.5109500276119006 -0.3 0.3
01331993 0.7196 57276.17 57408.04 57327.53255060651 0.0 0.05 4.7066343848678574e-06 -3.0 2.0 0.6308952015876552 -0.3 0.3
01332059 0.5788 57273.199 57403.103 57324.16058280406 0.0 0.05 9.227740895281117e-06 -3.0 2.0 0.13692655828751613 -0.3 0.3
01332413 0.6087 57282.151 57403.064 57325.42391078154 0.0 0.05 8.763542397300646e-06 -3.0 2.0 1.1859871636829329 -0.3 0.3
01333246 0.4379 57284.22 57403.103 57325.619027640154 0.0 0.05 1.055920379030119e-05 -3.0 2.0 1.3409713160355032 -0.3 0.3
01333438 0.3995 57282.346 57406.124 57327.31559345389 0.0 0.05 1.2476057655376467e-05 -3.0 2.0 0.5764596325666129 -0.3 0.3
01334084 0.1335 57300.206 57396.104 57336.57964998667 0.0 0.05 0.00012178186911339997 -3.0 2.0 -0.7270941562580785 -0.3 0.3
01334087 0.2663 57296.299 57403.103 57339.92980718843 0.0 0.05 5.376924706787641e-05 -3.0 2.0 0.32392477317252816 -0.3 0.3
01334302 0.4549 57286.033 57407.048 57331.0608080922 0.0 0.05 1.2938854955365973e-05 -3.0 2.0 -0.9662946674869406 -0.3 0.3
01334423 0.3577 57297.138 57408.057 57335.722011048165 0.0 0.05 1.9657231746907073e-05 -3.0 2.0 0.8662802605209793 -0.3 0.3
01334448 0.5167 57286.278 57402.056 57331.04653309785 0.0 0.05 9.028253435247153e-06 -3.0 2.0 -2.1211190144534653 -0.3 0.3
01334470 0.5188 57290.279 57402.056 57334.091469418556 0.0 0.05 9.9459502063071e-06 -3.0 2.0 0.9530657998699661 -0.3 0.3
01334597 0.289 57300.219 57408.043 57343.60131835935 0.0 0.05 4.33296604997815e-05 -3.0 2.0 0.5736567265343393 -0.3 0.3
01334620 0.1961 57296.28 57403.064 57334.91104337598 0.0 0.05 4.085852482281632e-05 -3.0 2.0 -0.5102054349328684 -0.3 0.3
01334644 0.2881 57296.28 57403.064 57332.38690466814 0.0 0.05 3.158303829328482e-05 -3.0 2.0 -1.6664158276090653 -0.3 0.3
01334645 0.2312 57296.28 57403.064 57335.44801583887 0.0 0.05 5.809387334318022e-05 -3.0 2.0 -0.8379184311319964 -0.3 0.3
01334707 0.6488 57289.307 57426.118 57339.706218984364 0.0 0.05 7.5929220778654365e-06 -3.0 2.0 0.4665994692326205 -0.3 0.3
01334879 0.6393 57287.241 57426.118 57336.4939925328 0.0 0.05 4.7780675959702825e-06 -3.0 2.0 -0.09124109164424166 -0.3 0.3
01335472 0.4989 57296.02 57403.05 57344.51819690436 0.0 0.05 1.174728202566517e-05 -3.0 2.0 0.002449991082142207 -0.3 0.3
01335564 0.6077 57296.28 57427.068 57343.68348102251 0.0 0.05 7.134568250874304e-06 -3.0 2.0 0.41903940368678616 -0.3 0.3
01335694 0.2591 57310.214 57408.058 57347.73445861991 0.0 0.05 5.1947620623043174e-05 -3.0 2.0 1.0353210818641192 -0.3 0.3
01335717 0.3048 57310.182 57408.092 57346.67761801181 0.0 0.05 2.251118267259285e-05 -3.0 2.0 -0.01273638490602894 -0.3 0.3
01335718 0.6993 57302.161 57426.118 57351.40092732715 0.0 0.05 5.525306421869271e-06 -3.0 2.0 0.7172113719795356 -0.3 0.3
01335868 0.6194 57300.229 57425.154 57347.734201954016 0.0 0.05 7.373367439310396e-06 -3.0 2.0 1.4186305309694867 -0.3 0.3
01336008 0.438 57310.01 57403.052 57348.15130230331 0.0 0.05 1.9757939095879816e-05 -3.0 2.0 0.7543754463357423 -0.3 0.3
01336009 0.3416 57310.01 57403.052 57344.357290304935 0.0 0.05 1.3590057594007324e-05 -3.0 2.0 -0.3808905040950743 -0.3 0.3
01336453 0.1848 57314.169 57403.103 57355.03209004705 0.0 0.05 0.00010807373410391418 -3.0 2.0 1.0703430254393171 -0.3 0.3
01336480 0.256 57310.115 57403.103 57350.546468136 0.0 0.05 3.621889693115519e-05 -3.0 2.0 0.016540508991524615 -0.3 0.3
01336687 0.2337 57312.063 57403.064 57351.216803077186 0.0 0.05 4.2108373975076435e-05 -3.0 2.0 0.5638424002650178 -0.3 0.3
01337117 0.5539 57314.028 57403.051 57361.31716486811 0.0 0.05 1.3264380481930381e-05 -3.0 2.0 0.571959366128065 -0.3 0.3
01337221 0.6688 57310.023 57407.048 57359.82014608912 0.0 0.05 8.044108016208346e-06 -3.0 2.0 0.033244332109677394 -0.3 0.3
01337228 0.5788 57310.023 57407.048 57357.35471171363 0.0 0.05 6.664902941494702e-06 -3.0 2.0 -0.5689362563459162 -0.3 0.3
01337272 0.5027 57310.068 57427.057 57357.9404981287 0.0 0.05 1.0121623462389425e-05 -3.0 2.0 -0.9309366051467459 -0.3 0.3
01337325 0.6387 57310.068 57427.057 57357.96668826162 0.0 0.05 7.079944776950009e-06 -3.0 2.0 0.5017281913233625 -0.3 0.3
01337649 0.2491 57324.162 57408.057 57363.10104335994 0.0 0.05 4.0061950825514475e-05 -3.0 2.0 0.9447053408769787 -0.3 0.3
01337655 0.8485 57310.078 57408.041 57364.71288478785 0.0 0.05 4.1337539631672866e-06 -3.0 2.0 1.2450081096706767 -0.3 0.3
01337687 0.3195 57324.295 57425.154 57361.34099108312 0.0 0.05 3.8111866923738805e-05 -3.0 2.0 0.9373930448463585 -0.3 0.3
01337703 0.5334 57310.12 57425.154 57358.868412777134 0.0 0.05 1.253854691308656e-05 -3.0 2.0 -0.9800023559172583 -0.3 0.3
01337838 0.3119 57324.148 57427.068 57364.60074714167 0.0 0.05 3.438710905796626e-05 -3.0 2.0 0.8669474636398307 -0.3 0.3
01338128 0.3117 57324.019 57407.048 57366.69499768087 0.0 0.05 2.448679425176986e-05 -3.0 2.0 -0.7209207192478853 -0.3 0.3
01338170 0.389 57324.019 57407.048 57363.20197694054 0.0 0.05 1.589871137416727e-05 -3.0 2.0 -0.13353198635243707 -0.3 0.3
01338233 0.598 57304.276 57427.057 57355.84551235466 0.0 0.05 5.69119298255388e-06 -3.0 2.0 -1.2454726597634425 -0.3 0.3
01338266 0.6476 57324.033 57427.068 57366.74208709309 0.0 0.05 5.167599301253717e-06 -3.0 2.0 -0.32703521786615325 -0.3 0.3
01338278 0.5639 57324.033 57427.057 57368.44822744948 0.0 0.05 8.550801498319121e-06 -3.0 2.0 1.17599828719462 -0.3 0.3
01338387 0.5838 57314.169 57428.056 57363.960436979985 0.0 0.05 9.72489728880281e-06 -3.0 2.0 1.3315753823222816 -0.3 0.3
01338430 0.5089 57324.117 57428.056 57362.01188426475 0.0 0.05 1.2898878934941219e-05 -3.0 2.0 0.6104135119311203 -0.3 0.3
01338471 0.5309 57304.134 57428.056 57350.64192095536 0.0 0.05 6.52898012665776e-06 -3.0 2.0 -0.7937911971942103 -0.3 0.3
01338675 0.3306 57324.046 57408.041 57371.899719513654 0.0 0.05 2.062391934318899e-05 -3.0 2.0 0.05748301303790556 -0.3 0.3
01339002 0.3025 57330.071 57427.068 57369.75344323861 0.0 0.05 2.1409771132719157e-05 -3.0 2.0 -1.2897250768791872 -0.3 0.3
01339149 0.4678 57330.068 57427.068 57373.78902785049 0.0 0.05 1.2138549466660667e-05 -3.0 2.0 -0.2600475059723917 -0.3 0.3
01339392 0.1804 57330.331 57426.147 57370.66952732015 0.0 0.05 0.00012949131064027018 -3.0 2.0 -0.6255325230635174 -0.3 0.3
01339450 0.5505 57324.281 57426.147 57368.90775408206 0.0 0.05 6.193002001427763e-06 -3.0 2.0 -0.8855143478095081 -0.3 0.3
01340454 0.421 57330.312 57425.153 57375.1011222933 0.0 0.05 1.543524756463404e-05 -3.0 2.0 1.1601973113184503 -0.3 0.3
01341370 0.409 57332.076 57403.052 57376.24901510415 0.0 0.05 1.535395691886314e-05 -3.0 2.0 1.1461750794843932 -0.3 0.3
01341894 0.3121 57350.051 57427.057 57390.070910280585 0.0 0.05 2.941820709670013e-05 -3.0 2.0 -0.16945811035649397 -0.3 0.3
01342255 0.2141 57350.107 57428.056 57390.569772230745 0.0 0.05 8.509158355937678e-05 -3.0 2.0 0.7057805639402701 -0.3 0.3
01343208 0.4993 57340.251 57426.117 57390.87619861954 0.0 0.05 1.0803134160399722e-05 -3.0 2.0 -0.02808139162844066 -0.3 0.3
01343337 0.3389 57357.223 57426.147 57394.27056139601 0.0 0.05 1.7737992033963473e-05 -3.0 2.0 0.9947258340491926 -0.3 0.3
01343401 0.3829 57357.046 57427.057 57394.904930759876 0.0 0.05 2.515686336621947e-05 -3.0 2.0 0.9338844632586377 -0.3 0.3
01343533 0.368 57350.036 57407.048 57389.88199465844 0.0 0.05 1.540296731383771e-05 -3.0 2.0 -0.5179805877954711 -0.3 0.3
01343759 0.508 57350.133 57426.118 57395.8486311871 0.0 0.05 1.3089461641050962e-05 -3.0 2.0 0.3932825344442981 -0.3 0.3
01343871 0.6379 57340.223 57408.057 57389.95198245646 0.0 0.05 6.724052135452829e-06 -3.0 2.0 0.986948900447665 -0.3 0.3
01344692 0.3795 57351.054 57427.068 57394.538809370366 0.0 0.05 8.717212664638923e-06 -3.0 2.0 -0.7448147534218914 -0.3 0.3
01345553 0.3189 57357.046 57427.057 57394.49708989724 0.0 0.05 3.525838039809693e-05 -3.0 2.0 0.2647461153584656 -0.3 0.3
01345582 0.4588 57350.051 57427.057 57398.83548296586 0.0 0.05 1.546962974321748e-05 -3.0 2.0 0.5323802389597673 -0.3 0.3
01345594 0.4224 57357.046 57427.057 57398.00196950956 0.0 0.05 1.9988985898078527e-05 -3.0 2.0 0.1343920042371134 -0.3 0.3
01346137 0.3635 57360.046 57425.153 57403.22332955326 0.0 0.05 2.126785907922878e-05 -3.0 2.0 0.8273981693356133 -0.3 0.3
01346387 0.3445 57357.127 57426.118 57395.11874605678 0.0 0.05 1.6459400812098893e-05 -3.0 2.0 -1.5379695261376805 -0.3 0.3
01346956 0.3335 57372.178 57426.147 57411.86034341384 0.0 0.05 3.675288450275649e-05 -3.0 2.0 0.622405680135732 -0.3 0.3
01346966 0.3355 57361.057 57426.147 57407.51503703428 0.0 0.05 3.6600162570601636e-05 -3.0 2.0 0.5552148875670788 -0.3 0.3
