analysis_pipeline/priors/des_4_salt2_2.4.ecsv
# %ECSV 0.9
# ---
# datatype:
# - name: obj_id
#   datatype: string
# - name: t0
#   datatype: float64
# - name: t0_min
#   datatype: float64
# - name: t0_max
#   datatype: float64
# - name: x0
#   datatype: float64
# - name: x0_min
#   datatype: float64
# - name: x0_max
#   datatype: float64
# - name: x1
#   datatype: float64
# - name: x1_min
#   datatype: float64
# - name: x1_max
#   datatype: float64
# - name: c
#   datatype: float64
# - name: c_min
#   datatype: float64
# - name: c_max
#   datatype: float64
# schema: astropy-2.0
obj_id t0 t0_min t0_max x0 x0_min x0_max x1 x1_min x1_max c c_min c_max
01248677 0.3502 56523.281 56629.123 56554.34185591464 0.0 0.05 3.379281799943844e-05 -3.0 2.0 0.9833029002230749 -0.3 0.3
01250017 0.1817 56519.233 56616.08 56553.89436369001 0.0 0.05 0.00011409118486723108 -3.0 2.0 1.0701396075457263 -0.3 0.3
01253039 0.4535 56532.268 56653.094 56574.897310177286 0.0 0.05 1.649924951683454e-05 -3.0 2.0 0.33868803105002454 -0.3 0.3
01253101 0.4596 56528.092 56657.052 56577.99885994101 0.0 0.05 1.4796023467621933e-05 -3.0 2.0 1.3126027488615108 -0.3 0.3
01253920 0.1956 56544.19 56649.173 56583.18390982885 0.0 0.05 0.00010139954780282309 -3.0 2.0 -0.8288362211342807 -0.3 0.3
01255502 0.1482 56548.266 56653.077 56592.5269757025 0.0 0.05 0.0002250799332838599 -3.0 2.0 1.0650383536171761 -0.3 0.3
01257366 0.2114 56575.341 56682.089 56611.88924251987 0.0 0.05 4.472387055864435e-05 -3.0 2.0 -0.14430561237184292 -0.3 0.3
01257695 0.1838 56575.025 56675.078 56613.38330906532 0.0 0.05 0.00012860900672116512 -3.0 2.0 0.36876540344672226 -0.3 0.3
01258906 0.3492 56579.012 56695.038 56621.58734509135 0.0 0.05 2.068800668642296e-05 -3.0 2.0 -0.007630326160513298 -0.3 0.3
01258940 0.4259 56575.311 56697.043 56619.53531015442 0.0 0.05 1.6148825966978497e-05 -3.0 2.0 -0.11413554269011117 -0.3 0.3
01259412 0.3047 56587.144 56697.078 56624.36013826831 0.0 0.05 3.719258384109394e-05 -3.0 2.0 0.9522332787895789 -0.3 0.3
01261579 0.3222 56600.111 56697.079 56638.48815956172 0.0 0.05 3.028597002818193e-05 -3.0 2.0 -0.19151262272061567 -0.3 0.3
01262214 0.6894 56610.224 56698.051 56657.28218025779 0.0 0.05 5.76684067451273e-06 -3.0 2.0 0.18599150048147917 -0.3 0.3
01262715 0.6894 56610.224 56697.09 56660.08884674595 0.0 0.05 6.788444876367631e-06 -3.0 2.0 0.8690593635074346 -0.3 0.3
01263369 0.3125 56630.136 56697.043 56665.7575836761 0.0 0.05 3.210851864068569e-05 -3.0 2.0 0.19388117213481043 -0.3 0.3
01263715 0.2919 56630.05 56694.039 56667.18014524928 0.0 0.05 3.881092863778228e-05 -3.0 2.0 0.4986597745902543 -0.3 0.3
01275946 0.2321 57233.373 57329.035 57261.7246069449 0.0 0.05 8.02349027552307e-05 -3.0 2.0 1.6652247847436374 -0.3 0.3
01279500 0.235 57234.293 57319.287 57251.995653015176 0.0 0.05 5.9611996263050365e-05 -3.0 2.0 0.7523506532728815 -0.3 0.3
01280217 0.359 57233.388 57329.175 57251.600291939285 0.0 0.05 2.0712935300683132e-05 -3.0 2.0 1.4036492094446495 -0.3 0.3
01281668 0.3071 57233.373 57342.028 57271.20621744621 0.0 0.05 3.882062771900452e-05 -3.0 2.0 0.20213056563828077 -0.3 0.3
01281886 0.384 57233.388 57345.234 57268.17387911092 0.0 0.05 2.0854553075997155e-05 -3.0 2.0 1.1592520723926274 -0.3 0.3
01282736 0.3689 57234.279 57346.032 57266.3580801966 0.0 0.05 1.4609751824381656e-05 -3.0 2.0 -0.704159625532877 -0.3 0.3
01283373 0.2075 57234.423 57332.081 57268.94803761978 0.0 0.05 6.066363856157087e-05 -3.0 2.0 -1.0773137413236498 -0.3 0.3
01283878 0.3135 57234.293 57339.187 57265.647184985704 0.0 0.05 2.448558693693898e-05 -3.0 2.0 -0.6800102543911407 -0.3 0.3
01283936 0.369 57233.373 57347.084 57268.78524829215 0.0 0.05 1.0350658110269618e-05 -3.0 2.0 0.09211773169703999 -0.3 0.3
01285160 0.7493 57234.403 57372.178 57273.033359616216 0.0 0.05 4.853377466513298e-06 -3.0 2.0 0.004974134252153707 -0.3 0.3
01285317 0.5649 57233.373 57356.127 57269.2018714955 0.0 0.05 8.971802263092253e-06 -3.0 2.0 0.5705390042590698 -0.3 0.3
01286398 0.1503 57234.293 57331.145 57271.44078468196 0.0 0.05 9.97673758524693e-05 -3.0 2.0 -1.5760859059086507 -0.3 0.3
01287626 0.304 56638.047 56697.072 56682.702752664954 0.0 0.05 3.508483689245064e-05 -3.0 2.0 0.12461332553395937 -0.3 0.3
01289288 0.2897 57233.373 57347.084 57273.65744477006 0.0 0.05 2.4873736213313976e-05 -3.0 2.0 -1.2690715491097866 -0.3 0.3
01289555 0.5588 57233.388 57365.115 57275.43698775249 0.0 0.05 1.095174222411641e-05 -3.0 2.0 0.44557383980178594 -0.3 0.3
01289600 0.4196 57238.285 57365.221 57283.19618008674 0.0 0.05 1.2456161402583404e-05 -3.0 2.0 1.3257022011405895 -0.3 0.3
01289656 0.5394 57234.423 57355.245 57270.0160497203 0.0 0.05 8.876793304138273e-06 -3.0 2.0 0.05914489927905827 -0.3 0.3
01289664 0.2491 57237.303 57345.234 57279.398911479155 0.0 0.05 4.9742030996578255e-05 -3.0 2.0 -1.3103294760856865 -0.3 0.3
01290779 0.3895 56872.39 56973.322 56891.74755393458 0.0 0.05 1.7150992535553214e-05 -3.0 2.0 -0.5896192093086141 -0.3 0.3
01290816 0.2185 56872.39 56960.278 56891.61519045585 0.0 0.05 6.263789601284116e-05 -3.0 2.0 1.4084041924001591 -0.3 0.3
01291080 0.4438 56872.268 56973.078 56888.88213950969 0.0 0.05 1.0878481542345037e-05 -3.0 2.0 -1.8983840686037623 -0.3 0.3
01291090 0.292 56872.211 56973.028 56905.217765518355 0.0 0.05 4.7503921896910735e-05 -3.0 2.0 1.25795722132789 -0.3 0.3
01291794 0.3951 57237.289 57356.174 57278.052502156796 0.0 0.05 1.8288217067753144e-05 -3.0 2.0 -0.01977947456681137 -0.3 0.3
01291957 0.36 56862.179 56980.031 56905.569600890725 0.0 0.05 2.4227585546540915e-05 -3.0 2.0 0.5705417053093133 -0.3 0.3
01292145 0.4925 57237.289 57356.174 57273.92651098959 0.0 0.05 6.785966066192429e-06 -3.0 2.0 0.5537090629978462 -0.3 0.3
01292195 0.8293 57234.403 57389.163 57281.43282590023 0.0 0.05 2.989024330456559e-06 -3.0 2.0 0.1162565120899029 -0.3 0.3
01292332 0.2735 56875.328 56973.19 56901.27066713996 0.0 0.05 5.374233755072558e-05 -3.0 2.0 0.41995008918817667 -0.3 0.3
01292336 0.2336 56875.328 56973.19 56902.60577672108 0.0 0.05 4.577453113327443e-05 -3.0 2.0 0.19536490786555652 -0.3 0.3
01292560 0.2248 56875.263 56973.042 56904.61312905262 0.0 0.05 8.154338720896203e-05 -3.0 2.0 0.3954708606596104 -0.3 0.3
01293319 0.2969 56872.268 56980.072 56915.25374840449 0.0 0.05 3.800976574917449e-05 -3.0 2.0 1.8333279480016933 -0.3 0.3
01293758 0.1472 56876.384 56980.044 56915.83941937987 0.0 0.05 0.00013416236327743977 -3.0 2.0 -1.328363931746195 -0.3 0.3
01294014 0.3627 56875.386 56990.199 56919.57265287105 0.0 0.05 2.4066120419413823e-05 -3.0 2.0 0.5707314509278385 -0.3 0.3
01294743 0.3126 56875.285 56980.127 56914.54698625523 0.0 0.05 1.433448012765483e-05 -3.0 2.0 -0.04967575682844335 -0.3 0.3
01295027 0.4254 56872.268 56992.069 56910.32013094849 0.0 0.05 1.5176774381767052e-05 -3.0 2.0 -0.3061195177331208 -0.3 0.3
01295256 0.4425 56889.295 57012.089 56928.156477555756 0.0 0.05 1.5323443500620335e-05 -3.0 2.0 -0.11289315648915967 -0.3 0.3
01295305 0.6117 56875.285 57005.143 56916.226757822486 0.0 0.05 6.772556008289146e-06 -3.0 2.0 -0.02137846941939398 -0.3 0.3
01295921 0.5239 56875.386 56990.201 56914.34406862584 0.0 0.05 7.458477063289193e-06 -3.0 2.0 0.8500683826878344 -0.3 0.3
01296273 0.397 56888.383 57003.049 56926.747249784625 0.0 0.05 2.7344977113726374e-05 -3.0 2.0 -0.2616336586595888 -0.3 0.3
01296321 0.1844 56900.265 56990.188 56931.00730948688 0.0 0.05 5.410245132050861e-05 -3.0 2.0 0.6148835187385465 -0.3 0.3
01296657 0.1462 56889.221 56987.079 56923.72547219239 0.0 0.05 0.00014444973235701666 -3.0 2.0 1.0510220028936823 -0.3 0.3
01297026 0.2585 56888.237 57001.099 56928.77364139477 0.0 0.05 4.2914904263081036e-05 -3.0 2.0 -0.7224787712394073 -0.3 0.3
01297465 0.2778 56897.258 57008.065 56938.84652259433 0.0 0.05 3.20944467930387e-05 -3.0 2.0 1.080738023458534 -0.3 0.3
01298281 0.2351 56900.265 57003.049 56930.662383257724 0.0 0.05 3.748108033087188e-05 -3.0 2.0 -1.456451177871184 -0.3 0.3
01298893 0.1962 56900.299 56992.068 56935.74720333646 0.0 0.05 6.24201084202315e-05 -3.0 2.0 -2.3707624172378203 -0.3 0.3
01299643 0.38 56897.344 57018.078 56941.20517441871 0.0 0.05 2.460135856553354e-05 -3.0 2.0 0.6782566039309065 -0.3 0.3
01299775 0.1598 56905.298 57004.045 56940.0822078581 0.0 0.05 0.00010081156749169885 -3.0 2.0 -0.40644040157616146 -0.3 0.3
01299785 0.3813 56905.291 57025.079 56943.876769458606 0.0 0.05 1.6733446943533446e-05 -3.0 2.0 0.036713285673260126 -0.3 0.3
01300516 0.3104 56908.288 57025.093 56949.41150219316 0.0 0.05 2.6676994974391763e-05 -3.0 2.0 0.8496956736945881 -0.3 0.3
01300912 0.3376 56905.196 57019.147 56946.364380617975 0.0 0.05 1.9122793189894246e-05 -3.0 2.0 -0.42884333720898626 -0.3 0.3
01301933 0.3299 56909.193 57025.117 56952.83621160891 0.0 0.05 3.1677734173305255e-05 -3.0 2.0 -0.1573418919155023 -0.3 0.3
01302058 0.1984 56920.363 57025.079 56959.66801483487 0.0 0.05 0.0001134480355138776 -3.0 2.0 0.30981494338603033 -0.3 0.3
01302141 0.6088 57233.403 57365.044 57280.650813897686 0.0 0.05 7.638517182124375e-06 -3.0 2.0 -0.3330661742139971 -0.3 0.3
01302187 0.2195 56910.328 57019.148 56952.95861330445 0.0 0.05 5.7333804821566564e-05 -3.0 2.0 -0.970229539103263 -0.3 0.3
01302523 0.4239 57250.24 57372.059 57288.64103176764 0.0 0.05 1.5040421760879481e-05 -3.0 2.0 0.3787006430851718 -0.3 0.3
01302648 0.2319 56910.158 57017.08 56949.50434399006 0.0 0.05 4.3631778545893515e-05 -3.0 2.0 -0.7004835304983561 -0.3 0.3
01303004 0.2949 56919.371 57033.047 56960.48263681406 0.0 0.05 4.2147888528351686e-05 -3.0 2.0 0.8090773464482809 -0.3 0.3
01303279 0.1724 56928.23 57033.169 56965.67540916901 0.0 0.05 0.00019123180609923786 -3.0 2.0 0.7090172756945211 -0.3 0.3
01303496 0.1798 56928.178 57032.15 56966.278191320525 0.0 0.05 8.076382727280869e-05 -3.0 2.0 -0.14857747967472865 -0.3 0.3
01303883 0.2591 57250.223 57356.127 57286.27103507729 0.0 0.05 5.172999019706721e-05 -3.0 2.0 0.5322477338951811 -0.3 0.3
01303952 0.5626 57234.279 57373.057 57288.89970987852 0.0 0.05 1.05714338834845e-05 -3.0 2.0 -0.07919104749302361 -0.3 0.3
01304127 0.7286 57234.279 57373.058 57282.04035661526 0.0 0.05 6.092176108214189e-06 -3.0 2.0 0.7536590942611643 -0.3 0.3
01304442 0.2171 56928.114 57029.056 56965.18040492717 0.0 0.05 7.57161767838733e-05 -3.0 2.0 0.5091535192242689 -0.3 0.3
01304678 0.2188 56928.23 57033.168 56963.50616374292 0.0 0.05 5.845699540630234e-05 -3.0 2.0 -1.5291323068936946 -0.3 0.3
01305504 0.4956 56928.192 57052.047 56973.745343220566 0.0 0.05 1.0919498773765142e-05 -3.0 2.0 -0.42769793168141673 -0.3 0.3
01305626 0.3257 56934.125 57049.055 56974.75274194108 0.0 0.05 3.122948096118999e-05 -3.0 2.0 -0.33603956642263066 -0.3 0.3
01306029 0.4289 57233.388 57355.217 57279.61340428354 0.0 0.05 1.2646355211984633e-05 -3.0 2.0 1.0382918294688108 -0.3 0.3
01306073 0.3286 56934.124 57049.056 56972.43858994264 0.0 0.05 2.2167264199096807e-05 -3.0 2.0 -1.2550460662163068 -0.3 0.3
01306141 0.3324 56934.337 57051.151 56977.718171420755 0.0 0.05 3.188710124278974e-05 -3.0 2.0 -0.04217744450822125 -0.3 0.3
01306360 0.4494 57234.423 57355.245 57278.33805011463 0.0 0.05 1.1771807905740127e-05 -3.0 2.0 -0.5963957269969078 -0.3 0.3
01306390 0.407 57238.401 57355.23 57280.685345838625 0.0 0.05 9.07369638551582e-06 -3.0 2.0 -0.15267854179965784 -0.3 0.3
01306537 0.4795 57250.363 57372.241 57287.906679430285 0.0 0.05 1.476919569801128e-05 -3.0 2.0 1.0602164664922418 -0.3 0.3
01306626 0.4095 57240.41 57355.245 57285.027666962 0.0 0.05 1.997029851560188e-05 -3.0 2.0 0.20256052268258326 -0.3 0.3
01306785 0.5787 57233.419 57311.114 57283.38049128816 0.0 0.05 8.61963950222882e-06 -3.0 2.0 -0.4821982873117523 -0.3 0.3
01306980 0.5489 57237.229 57372.039 57281.92137211232 0.0 0.05 7.963158519074137e-06 -3.0 2.0 -1.1244104076705848 -0.3 0.3
01306991 0.4217 57250.209 57365.044 57287.55379667903 0.0 0.05 1.779182375653977e-05 -3.0 2.0 -0.3172688246994627 -0.3 0.3
01307277 0.4107 57241.292 57365.115 57284.76616357134 0.0 0.05 1.2601632927115263e-05 -3.0 2.0 -0.31352885743890885 -0.3 0.3
01307830 0.3493 57242.281 57365.196 57286.126971059275 0.0 0.05 1.9006922631099942e-05 -3.0 2.0 -1.8520577347289195 -0.3 0.3
01308314 0.4065 56928.178 57051.151 56977.71043731964 0.0 0.05 1.645643543887302e-05 -3.0 2.0 -0.03465003522168718 -0.3 0.3
01308326 0.3262 56941.141 57045.113 56976.289094473694 0.0 0.05 3.2701141063325874e-05 -3.0 2.0 0.41866019581728375 -0.3 0.3
01308568 0.6431 57241.269 57379.066 57289.53277566724 0.0 0.05 6.779199704753834e-06 -3.0 2.0 0.056122509565179064 -0.3 0.3
01308582 0.3669 57250.24 57366.076 57287.947266359086 0.0 0.05 2.506846950402123e-05 -3.0 2.0 -0.4548265359631313 -0.3 0.3
01308884 0.0772 57261.324 57355.251 57293.47773508981 0.0 0.05 0.00031572001135312804 -3.0 2.0 -1.4385480781977118 -0.3 0.3
01308957 0.6187 57238.33 57373.057 57289.49488956932 0.0 0.05 6.485697559560442e-06 -3.0 2.0 0.8064442978702806 -0.3 0.3
01309288 0.2684 56946.361 57061.067 56989.74664963744 0.0 0.05 5.885435178493151e-05 -3.0 2.0 0.4777278803035274 -0.3 0.3
01309492 0.3335 56948.255 57067.046 56993.05065625441 0.0 0.05 3.457057837562265e-05 -3.0 2.0 0.1964161841415412 -0.3 0.3
01309749 0.7893 56934.35 57067.046 56987.75662035192 0.0 0.05 5.093805777446307e-06 -3.0 2.0 0.5773211442323878 -0.3 0.3
01310338 0.4388 56934.112 57052.042 56977.22237180184 0.0 0.05 1.5663329500561553e-05 -3.0 2.0 -0.3764493238299731 -0.3 0.3
01310395 0.289 56941.203 57052.042 56980.80987113217 0.0 0.05 2.4888535884305653e-05 -3.0 2.0 -0.743100964571039 -0.3 0.3
01312274 0.438 56941.141 57052.1 56977.10022317017 0.0 0.05 1.257455695068978e-05 -3.0 2.0 -1.3148106340658516 -0.3 0.3
01313594 0.2883 56958.035 57051.058 57002.358280240194 0.0 0.05 4.6308683201169166e-05 -3.0 2.0 0.5473998140421099 -0.3 0.3
01314897 0.3369 57258.337 57373.072 57301.34723864907 0.0 0.05 2.854492101274367e-05 -3.0 2.0 0.8673776069787342 -0.3 0.3
01315192 0.2254 56972.193 57052.1 57008.75971514492 0.0 0.05 5.551677863244372e-05 -3.0 2.0 0.8883961993715537 -0.3 0.3
01315259 0.228 56965.181 57049.073 57004.18157810526 0.0 0.05 4.723625580483804e-05 -3.0 2.0 -0.5267390243750051 -0.3 0.3
01315296 0.4126 56958.183 57049.072 57004.8700136838 0.0 0.05 1.1099430847860559e-05 -3.0 2.0 1.2991995709997588 -0.3 0.3
01316385 0.1478 56986.175 57067.046 57019.29363524379 0.0 0.05 0.00019693510913472033 -3.0 2.0 1.2128611629143848 -0.3 0.3
01316431 0.1981 56986.16 57052.1 57018.869952872905 0.0 0.05 9.716643027220392e-05 -3.0 2.0 1.3548128977012384 -0.3 0.3
01316437 0.482 56965.192 57052.1 57010.59018941867 0.0 0.05 8.7403503200223e-06 -3.0 2.0 -0.07198886869887168 -0.3 0.3
01316465 0.3291 56986.175 57067.046 57021.50397774614 0.0 0.05 2.8604802514716436e-05 -3.0 2.0 0.4643476823585288 -0.3 0.3
01317164 0.1547 57261.375 57355.165 57297.49265344392 0.0 0.05 7.031651163619712e-05 -3.0 2.0 -2.223113701178105 -0.3 0.3
01317277 0.2371 56972.071 57052.042 57007.39177561252 0.0 0.05 4.153666775882738e-05 -3.0 2.0 -1.3755419500210573 -0.3 0.3
01317286 0.279 56972.071 57052.042 57015.305847523414 0.0 0.05 5.214351128390298e-05 -3.0 2.0 0.6686433835510858 -0.3 0.3
01317454 0.5688 56972.028 57051.043 57015.398481592514 0.0 0.05 7.96356245486225e-06 -3.0 2.0 -0.15398954112693147 -0.3 0.3
01317666 0.1414 57258.339 57356.106 57301.24233178124 0.0 0.05 0.0001074379761179309 -3.0 2.0 -0.03342785450966695 -0.3 0.3
01319366 0.2361 57261.312 57372.107 57304.249808909015 0.0 0.05 6.987441992236457e-05 -3.0 2.0 1.506916369201142 -0.3 0.3
01319821 0.3088 56977.123 57067.103 57020.48880350817 0.0 0.05 3.2100526659035035e-05 -3.0 2.0 -0.3920528592311625 -0.3 0.3
01320166 0.449 56976.108 57049.049 57021.60153981505 0.0 0.05 1.2668975826384202e-05 -3.0 2.0 0.3102394366933121 -0.3 0.3
01322229 0.5261 56986.05 57052.048 57033.87532239597 0.0 0.05 1.0158795685786734e-05 -3.0 2.0 1.060423796854403 -0.3 0.3
01322979 0.5294 56993.04 57067.047 57038.98043485517 0.0 0.05 1.0457228725600324e-05 -3.0 2.0 0.039602501002304155 -0.3 0.3
01324542 0.5415 56996.085 57067.103 57043.50021971298 0.0 0.05 8.32024224697995e-06 -3.0 2.0 0.4219560649670106 -0.3 0.3
01325358 0.7793 56990.241 57066.064 57048.420574955424 0.0 0.05 4.70743466194434e-06 -3.0 2.0 0.24251835018263168 -0.3 0.3
01327978 0.2073 57268.129 57373.043 57307.53867889171 0.0 0.05 6.665035977164137e-05 -3.0 2.0 0.2054432212420669 -0.3 0.3
01328066 0.4489 57258.093 57379.051 57298.75518820822 0.0 0.05 1.7464415553125477e-05 -3.0 2.0 0.7909894441647483 -0.3 0.3
01328105 0.4402 57258.093 57386.049 57302.26936610354 0.0 0.05 1.7499973172236812e-05 -3.0 2.0 0.3749288316680531 -0.3 0.3
01329166 0.7316 57253.251 57402.11 57308.29878582611 0.0 0.05 4.477349444363591e-06 -3.0 2.0 0.0912689255465932 -0.3 0.3
