analysis_pipeline/priors/des_salt2_2.4.ecsv
# %ECSV 0.9
# ---
# datatype:
# - name: obj_id
#   datatype: string
# - name: z
#   datatype: float64
# - name: z_min
#   datatype: float64
# - name: z_max
#   datatype: float64
# - name: t0
#   datatype: float64
# - name: t0_min
#   datatype: float64
# - name: t0_max
#   datatype: float64
# - name: x0
#   datatype: float64
# - name: x0_min
#   datatype: float64
# - name: x0_max
#   datatype: float64
# - name: x1
#   datatype: float64
# - name: x1_min
#   datatype: float64
# - name: x1_max
#   datatype: float64
# - name: c
#   datatype: float64
# - name: c_min
#   datatype: float64
# - name: c_max
#   datatype: float64
# schema: astropy-2.0
obj_id z z_min z_max t0 t0_min t0_max x0 x0_min x0_max x1 x1_min x1_max c c_min c_max
[from data line 104]
01312274 0.438 0.075 0.85 56977.03080097499 56941.141 57052.1 1.2678866946659845e-05 0.0 0.05 -1.2949072342770338 -3.0 2.0 -0.045857085802513825 -0.3 0.3
01313594 0.2883 0.075 0.85 57002.36106195451 56958.035 57051.058 4.6319631295799675e-05 0.0 0.05 0.5315312320587405 -3.0 2.0 -0.09195836942830167 -0.3 0.3
01314897 0.3369 0.075 0.85 57301.46855741382 57258.337 57373.072 2.8217013658308314e-05 0.0 0.05 0.8945287829372436 -3.0 2.0 0.021060216964441828 -0.3 0.3
01315192 0.2254 0.075 0.85 57008.77341887636 56972.193 57052.1 5.479016679177598e-05 0.0 0.05 1.045240345279713 -3.0 2.0 0.12559556310679507 -0.3 0.3
01315259 0.228 0.075 0.85 57004.21943664704 56965.181 57049.073 4.719728097046493e-05 0.0 0.05 -0.5121404155894115 -3.0 2.0 0.06234303664326868 -0.3 0.3
01315296 0.4126 0.075 0.85 57004.98668486015 56958.183 57049.072 1.090673008197249e-05 0.0 0.05 1.2907344792727786 -3.0 2.0 0.008196642039315628 -0.3 0.3
01316385 0.1478 0.075 0.85 57019.258354842466 56986.175 57067.046 0.00019304922869263358 0.0 0.05 1.4755054317370189 -3.0 2.0 0.015825704621687586 -0.3 0.3
01316431 0.1981 0.075 0.85 57018.88540268654 56986.16 57052.1 9.79131785622063e-05 0.0 0.05 1.2459130076071128 -3.0 2.0 -0.033818918292852794 -0.3 0.3
01316437 0.482 0.075 0.85 57010.378301116805 56965.192 57052.1 8.987784947080717e-06 0.0 0.05 -0.3337707215898294 -3.0 2.0 0.19097534371413805 -0.3 0.3
01316465 0.3291 0.075 0.85 57021.446427871204 56986.175 57067.046 2.8801929317652767e-05 0.0 0.05 0.3635814060266468 -3.0 2.0 -0.0025972748694205313 -0.3 0.3
01317164 0.1547 0.075 0.85 57297.49930925693 57261.375 57355.165 7.037959049285517e-05 0.0 0.05 -2.2274615702018488 -3.0 2.0 0.12110981501788537 -0.3 0.3
01317277 0.2371 0.075 0.85 57007.33076618169 56972.071 57052.042 4.1827348009411976e-05 0.0 0.05 -1.4041453149046668 -3.0 2.0 0.07157686148141423 -0.3 0.3
01317286 0.279 0.075 0.85 57015.33321638093 56972.071 57052.042 5.197044226412706e-05 0.0 0.05 0.7402548173648426 -3.0 2.0 -0.06536758682553545 -0.3 0.3
01317454 0.5688 0.075 0.85 57015.6901372785 56972.028 57051.043 7.972250381659524e-06 0.0 0.05 -0.30247090042199687 -3.0 2.0 0.0429676390732057 -0.3 0.3
01317666 0.1414 0.075 0.85 57301.459605906595 57258.339 57356.106 0.00011007764819850453 0.0 0.05 -0.12791415080248753 -3.0 2.0 0.10742344413686084 -0.3 0.3
01319366 0.2361 0.075 0.85 57304.34610118164 57261.312 57372.107 6.983080999365583e-05 0.0 0.05 1.5145445152548902 -3.0 2.0 0.004579801755653592 -0.3 0.3
01319821 0.3088 0.075 0.85 57020.51281910204 56977.123 57067.103 3.219018086605663e-05 0.0 0.05 -0.45203681067729423 -3.0 2.0 -0.07613960294062319 -0.3 0.3
01320166 0.449 0.075 0.85 57021.69359522637 56976.108 57049.049 1.2175256606617268e-05 0.0 0.05 0.6014595003406884 -3.0 2.0 -0.07109541226250812 -0.3 0.3
01322229 0.5261 0.075 0.85 57033.851819693 56986.05 57052.048 1.0207326968518918e-05 0.0 0.05 0.9843041129322317 -3.0 2.0 0.03562905425839397 -0.3 0.3
01322979 0.5294 0.075 0.85 57039.27304750653 56993.04 57067.047 1.0380929230451056e-05 0.0 0.05 0.2559172191417276 -3.0 2.0 -0.0753264597452478 -0.3 0.3
01324542 0.5415 0.075 0.85 57043.393663894974 56996.085 57067.103 8.334029625529221e-06 0.0 0.05 0.35225322403783316 -3.0 2.0 -0.06978653982319498 -0.3 0.3
01325358 0.7793 0.075 0.85 57048.10542440239 56990.241 57066.064 4.59671183407748e-06 0.0 0.05 0.03397249588004027 -3.0 2.0 -0.055422384021471344 -0.3 0.3
01327978 0.2073 0.075 0.85 57307.53574620392 57268.129 57373.043 6.637784204977381e-05 0.0 0.05 0.19047186209398026 -3.0 2.0 0.07360114438777055 -0.3 0.3
01328066 0.4489 0.075 0.85 57298.24074692477 57258.093 57379.051 1.7958278501645316e-05 0.0 0.05 0.6401180445789452 -3.0 2.0 -0.1166916224695852 -0.3 0.3
01328105 0.4402 0.075 0.85 57302.66599542904 57258.093 57386.049 1.7608376709117156e-05 0.0 0.05 -0.07243758095450505 -3.0 2.0 -0.06004828311829801 -0.3 0.3
01329166 0.7316 0.075 0.85 57308.09953528765 57253.251 57402.11 4.467875612596954e-06 0.0 0.05 -0.07802379972452289 -3.0 2.0 -0.06837277331688446 -0.3 0.3
01329196 0.7693 0.075 0.85 57309.00949436634 57251.247 57406.112 4.67864257819976e-06 0.0 0.05 0.4569188944435279 -3.0 2.0 -0.012098108069652776 -0.3 0.3
01329312 0.3444 0.075 0.85 57309.72933935332 57268.189 57389.086 2.0968211870765483e-05 0.0 0.05 -1.4065384434088646 -3.0 2.0 -0.05183474620051644 -0.3 0.3
01329615 0.4039 0.075 0.85 57305.04562219877 57263.298 57385.114 1.5269326526377767e-05 0.0 0.05 -0.519409077267133 -3.0 2.0 -0.0015777386509382367 -0.3 0.3
01330031 0.1041 0.075 0.85 57315.11025596357 57275.065 57376.047 0.0003985838465836266 0.0 0.05 0.29613148300620784 -3.0 2.0 -0.08322997137203478 -0.3 0.3
01330426 0.2595 0.075 0.85 57316.12429152577 57273.21 57387.185 6.719114139262696e-05 0.0 0.05 1.3720831562493596 -3.0 2.0 -0.0933107400390244 -0.3 0.3
01330642 0.6339 0.075 0.85 57317.64521392707 57268.189 57406.1 8.542942385632895e-06 0.0 0.05 0.8703269778037528 -3.0 2.0 -0.12284497349127399 -0.3 0.3
01330903 0.5638 0.075 0.85 57306.26474446162 57261.312 57396.103 7.886516446701079e-06 0.0 0.05 0.01472112470571312 -3.0 2.0 0.08700194924546638 -0.3 0.3
01331123 0.2291 0.075 0.85 57318.33879263607 57282.03 57386.049 4.711013723678508e-05 0.0 0.05 -1.5944993773705236 -3.0 2.0 0.004721275314950051 -0.3 0.3
01331993 0.7196 0.075 0.85 57327.596695207394 57276.17 57408.04 4.638313892887471e-06 0.0 0.05 0.7592968156437335 -3.0 2.0 -0.07539219823319791 -0.3 0.3
01332059 0.5788 0.075 0.85 57324.42732372645 57273.199 57403.103 8.993825015091266e-06 0.0 0.05 0.16603004379107453 -3.0 2.0 -0.1813260633389699 -0.3 0.3
01332413 0.6087 0.075 0.85 57325.43786649405 57282.151 57403.064 8.497968755566718e-06 0.0 0.05 1.236744525177842 -3.0 2.0 -0.14029672931474635 -0.3 0.3
01333246 0.4379 0.075 0.85 57325.347685884895 57284.22 57403.103 1.0677758961269021e-05 0.0 0.05 1.1763300477341931 -3.0 2.0 0.1645363058249685 -0.3 0.3
01333438 0.3995 0.075 0.85 57327.32315703951 57282.346 57406.124 1.2503640488130777e-05 0.0 0.05 0.545999938051146 -3.0 2.0 0.11597915489995084 -0.3 0.3
01334084 0.1335 0.075 0.85 57336.46193214355 57300.206 57396.104 0.00012294119113792783 0.0 0.05 -0.8118716635135682 -3.0 2.0 0.12650943181058466 -0.3 0.3
01334087 0.2663 0.075 0.85 57340.03249073941 57296.299 57403.103 5.307256741789626e-05 0.0 0.05 0.17692258420816107 -3.0 2.0 -0.00620503127279793 -0.3 0.3
01334302 0.4549 0.075 0.85 57331.02226700052 57286.033 57407.048 1.286365592606299e-05 0.0 0.05 -0.8982716716686031 -3.0 2.0 -0.017188590549041313 -0.3 0.3
01334423 0.3577 0.075 0.85 57335.740950229476 57297.138 57408.057 1.95279931712149e-05 0.0 0.05 0.9618326424331382 -3.0 2.0 0.039796298754095454 -0.3 0.3
01334448 0.5167 0.075 0.85 57331.11921767132 57286.278 57402.056 8.962329286059437e-06 0.0 0.05 -2.109419407014517 -3.0 2.0 -0.10258859753958319 -0.3 0.3
01334470 0.5188 0.075 0.85 57333.67607776645 57290.279 57402.056 1.0053109732815997e-05 0.0 0.05 1.0684004254787887 -3.0 2.0 0.06896263688707852 -0.3 0.3
01334597 0.289 0.075 0.85 57343.60209235959 57300.219 57408.043 4.3384034665850475e-05 0.0 0.05 0.5572523717978198 -3.0 2.0 -0.03050103712618158 -0.3 0.3
01334620 0.1961 0.075 0.85 57334.852109792024 57296.28 57403.064 4.070093346631249e-05 0.0 0.05 -0.46992526024794895 -3.0 2.0 0.24627446462971891 -0.3 0.3
01334644 0.2881 0.075 0.85 57332.416890104134 57296.28 57403.064 3.168168175969925e-05 0.0 0.05 -1.6763930641919793 -3.0 2.0 -0.026093659647293835 -0.3 0.3
01334645 0.2312 0.075 0.85 57335.469753538506 57296.28 57403.064 5.80796778082561e-05 0.0 0.05 -0.8098563474813667 -3.0 2.0 -0.003866815277705848 -0.3 0.3
01334707 0.6488 0.075 0.85 57339.663943006926 57289.307 57426.118 7.555439956946601e-06 0.0 0.05 0.5931254563041024 -3.0 2.0 -0.14342591666290808 -0.3 0.3
01334879 0.6393 0.075 0.85 57336.22286093197 57287.241 57426.118 4.906043377719055e-06 0.0 0.05 -0.36750790011619183 -3.0 2.0 0.1329021095956518 -0.3 0.3
01335472 0.4989 0.075 0.85 57344.31383161543 57296.02 57403.05 1.1814922415019984e-05 0.0 0.05 -0.13164324409416633 -3.0 2.0 -0.016859553978379228 -0.3 0.3
01335564 0.6077 0.075 0.85 57343.542738017655 57296.28 57427.068 6.951417956096106e-06 0.0 0.05 0.7572843551604735 -3.0 2.0 -0.00427497798931149 -0.3 0.3
01335694 0.2591 0.075 0.85 57347.82060258495 57310.214 57408.058 5.183550778943745e-05 0.0 0.05 1.1269653664233619 -3.0 2.0 0.022850503250340194 -0.3 0.3
01335717 0.3048 0.075 0.85 57346.65681775004 57310.182 57408.092 2.256808041248324e-05 0.0 0.05 -0.061024522442360535 -3.0 2.0 0.055224635060231994 -0.3 0.3
01335718 0.6993 0.075 0.85 57351.54796542409 57302.161 57426.118 5.689547574224559e-06 0.0 0.05 0.6512610416477156 -3.0 2.0 -0.05678245844293588 -0.3 0.3
01335868 0.6194 0.075 0.85 57347.37087987987 57300.229 57425.154 7.155670503249026e-06 0.0 0.05 1.4282690322792195 -3.0 2.0 -0.059289654965911855 -0.3 0.3
01336008 0.438 0.075 0.85 57348.225517167 57310.01 57403.052 1.9695542725633305e-05 0.0 0.05 0.7132179092797112 -3.0 2.0 -0.08735485339834037 -0.3 0.3
01336009 0.3416 0.075 0.85 57344.265410215434 57310.01 57403.052 1.3595528649903919e-05 0.0 0.05 -0.4334946239093797 -3.0 2.0 0.16530043392898608 -0.3 0.3
01336453 0.1848 0.075 0.85 57354.99921201463 57314.169 57403.103 0.00010883630949042008 0.0 0.05 1.004834378365498 -3.0 2.0 -0.03485832173778115 -0.3 0.3
01336480 0.256 0.075 0.85 57350.56015616639 57310.115 57403.103 3.631973491399244e-05 0.0 0.05 -0.041952136299096845 -3.0 2.0 0.025135252694988307 -0.3 0.3
01336687 0.2337 0.075 0.85 57351.15520371829 57312.063 57403.064 4.232834448717788e-05 0.0 0.05 0.4589668846302909 -3.0 2.0 0.12593170204641324 -0.3 0.3
01337117 0.5539 0.075 0.85 57361.4048197281 57314.028 57403.051 1.3040572835526518e-05 0.0 0.05 0.6161700137789063 -3.0 2.0 -0.11879844597431764 -0.3 0.3
01337221 0.6688 0.075 0.85 57360.32719168389 57310.023 57407.048 8.011796700576737e-06 0.0 0.05 0.2625088569762873 -3.0 2.0 -0.18785480895048032 -0.3 0.3
01337228 0.5788 0.075 0.85 57357.836834909314 57310.023 57407.048 6.6322365209272505e-06 0.0 0.05 -0.6691963095165068 -3.0 2.0 -0.034632561869547974 -0.3 0.3
01337272 0.5027 0.075 0.85 57358.39923496844 57310.068 57427.057 9.972903140874045e-06 0.0 0.05 -0.5105479158069086 -3.0 2.0 0.028424394997405813 -0.3 0.3
01337325 0.6387 0.075 0.85 57357.778627492495 57310.068 57427.057 7.1785854062561055e-06 0.0 0.05 0.6731314466519107 -3.0 2.0 -0.08274608040369164 -0.3 0.3
01337649 0.2491 0.075 0.85 57363.1078207439 57324.162 57408.057 3.978954628610523e-05 0.0 0.05 1.0692930435094041 -3.0 2.0 0.12595314569081875 -0.3 0.3
01337655 0.8485 0.075 0.85 57364.90739636476 57310.078 57408.041 4.078314935109493e-06 0.0 0.05 1.4727224245137174 -3.0 2.0 -0.09382851834376502 -0.3 0.3
01337687 0.3195 0.075 0.85 57361.38750304156 57324.295 57425.154 3.798669803018717e-05 0.0 0.05 0.998399093461991 -3.0 2.0 -0.0866658442958542 -0.3 0.3
01337703 0.5334 0.075 0.85 57358.84358161921 57310.12 57425.154 1.226539559955318e-05 0.0 0.05 -1.1021802422035178 -3.0 2.0 -0.1542369760144978 -0.3 0.3
01337838 0.3119 0.075 0.85 57364.57344647488 57324.148 57427.068 3.437341516614999e-05 0.0 0.05 0.8652785160753017 -3.0 2.0 -0.023769026242989367 -0.3 0.3
01338128 0.3117 0.075 0.85 57366.62607945237 57324.019 57407.048 2.4202294262918536e-05 0.0 0.05 -0.38372774030578993 -3.0 2.0 -0.010463351796798477 -0.3 0.3
01338170 0.389 0.075 0.85 57363.409356893484 57324.019 57407.048 1.5987592016936116e-05 0.0 0.05 -0.41138188589315333 -3.0 2.0 0.05096257428631089 -0.3 0.3
01338233 0.598 0.075 0.85 57355.991612981954 57304.276 57427.057 5.590150966617659e-06 0.0 0.05 -1.0436902319109453 -3.0 2.0 -0.08330437409920745 -0.3 0.3
01338266 0.6476 0.075 0.85 57366.500824105315 57324.033 57427.068 5.144808745282493e-06 0.0 0.05 -0.1717787088952842 -3.0 2.0 -0.06293265563504465 -0.3 0.3
01338278 0.5639 0.075 0.85 57368.18924386841 57324.033 57427.057 8.597616839865587e-06 0.0 0.05 1.1972251304693489 -3.0 2.0 0.042037464248432736 -0.3 0.3
01338387 0.5838 0.075 0.85 57363.53569451254 57314.169 57428.056 9.542296425654685e-06 0.0 0.05 1.3672564013592607 -3.0 2.0 -0.11188670367725155 -0.3 0.3
01338430 0.5089 0.075 0.85 57361.73016677356 57324.117 57428.056 1.2733584724412191e-05 0.0 0.05 0.5959990957896681 -3.0 2.0 -0.09513617761855263 -0.3 0.3
01338471 0.5309 0.075 0.85 57351.08537626456 57304.134 57428.056 6.718949769291202e-06 0.0 0.05 -0.8929358413069468 -3.0 2.0 0.02844244687106566 -0.3 0.3
01338675 0.3306 0.075 0.85 57371.899222688924 57324.046 57408.041 2.0690570635391807e-05 0.0 0.05 -0.015102595976312234 -3.0 2.0 0.06431700288081371 -0.3 0.3
01339002 0.3025 0.075 0.85 57369.77912403412 57330.071 57427.068 2.1338947343136976e-05 0.0 0.05 -1.2684207809514625 -3.0 2.0 0.12363027866114008 -0.3 0.3
01339149 0.4678 0.075 0.85 57373.93177751421 57330.068 57427.068 1.2295187476467478e-05 0.0 0.05 -0.3053035573369742 -3.0 2.0 0.06912871220767704 -0.3 0.3
01339392 0.1804 0.075 0.85 57370.86189106087 57330.331 57426.147 0.00012646664686935056 0.0 0.05 -0.41116317938328 -3.0 2.0 -0.015423845359129875 -0.3 0.3
01339450 0.5505 0.075 0.85 57369.41295679242 57324.281 57426.147 6.532044291105558e-06 0.0 0.05 -1.0855647211203192 -3.0 2.0 0.19571228776788344 -0.3 0.3
01340454 0.421 0.075 0.85 57374.884699083246 57330.312 57425.153 1.541780120320553e-05 0.0 0.05 1.0423435108471317 -3.0 2.0 0.035904507706976896 -0.3 0.3
01341370 0.409 0.075 0.85 57376.35971227753 57332.076 57403.052 1.5258550922233684e-05 0.0 0.05 1.2306171626869546 -3.0 2.0 0.00893422791208265 -0.3 0.3
01341894 0.3121 0.075 0.85 57390.134667059174 57350.051 57427.057 2.9035700314788797e-05 0.0 0.05 -0.029174649036411402 -3.0 2.0 -0.04156383298225717 -0.3 0.3
01342255 0.2141 0.075 0.85 57390.59108720212 57350.107 57428.056 8.534483747366159e-05 0.0 0.05 0.6444551758038722 -3.0 2.0 -0.04535403250554455 -0.3 0.3
01343208 0.4993 0.075 0.85 57390.8925993511 57340.251 57426.117 1.0672425804021342e-05 0.0 0.05 -0.015294609128042947 -3.0 2.0 -0.03499135734721754 -0.3 0.3
01343337 0.3389 0.075 0.85 57393.81907337378 57357.223 57426.147 1.784411153304141e-05 0.0 0.05 1.0056262898955024 -3.0 2.0 0.1458935056255421 -0.3 0.3
01343401 0.3829 0.075 0.85 57394.9747648396 57357.046 57427.057 2.513927147236761e-05 0.0 0.05 0.838279996695435 -3.0 2.0 -0.04706874875322218 -0.3 0.3
01343533 0.368 0.075 0.85 57389.68097497811 57350.036 57407.048 1.5147817735920708e-05 0.0 0.05 -0.3983461001442787 -3.0 2.0 -0.0028434792920834164 -0.3 0.3
01343759 0.508 0.075 0.85 57396.050264791906 57350.133 57426.118 1.2943518463679066e-05 0.0 0.05 0.5359632639555894 -3.0 2.0 -0.11058887810779466 -0.3 0.3
01343871 0.6379 0.075 0.85 57389.562014170224 57340.223 57408.057 6.821204974788137e-06 0.0 0.05 0.7546934181693653 -3.0 2.0 -0.0715422909983574 -0.3 0.3
01344692 0.3795 0.075 0.85 57394.06613191411 57351.054 57427.068 8.630702703725736e-06 0.0 0.05 -0.9043310854125562 -3.0 2.0 0.1944987942232177 -0.3 0.3
01345553 0.3189 0.075 0.85 57394.53214858877 57357.046 57427.057 3.476815589778315e-05 0.0 0.05 0.5896980914576597 -3.0 2.0 -0.12743746287056326 -0.3 0.3
01345582 0.4588 0.075 0.85 57398.88395831696 57350.051 57427.057 1.5511092170927033e-05 0.0 0.05 0.4413302384209982 -3.0 2.0 -0.08739539181614485 -0.3 0.3
01345594 0.4224 0.075 0.85 57397.916837033015 57357.046 57427.057 1.977784829786948e-05 0.0 0.05 0.16221175380472203 -3.0 2.0 -0.13945253639438768 -0.3 0.3
01346137 0.3635 0.075 0.85 57403.08564536174 57360.046 57425.153 2.1172729120232696e-05 0.0 0.05 0.8222922147239353 -3.0 2.0 0.017152416864503004 -0.3 0.3
01346387 0.3445 0.075 0.85 57394.84329060029 57357.127 57426.118 1.668172780698494e-05 0.0 0.05 -1.8678107031923754 -3.0 2.0 0.00910860792756973 -0.3 0.3
01346956 0.3335 0.075 0.85 57411.973617074145 57372.178 57426.147 3.6033125650131445e-05 0.0 0.05 0.8300959433507525 -3.0 2.0 -0.10575923968315462 -0.3 0.3
01346966 0.3355 0.075 0.85 57407.380429586905 57361.057 57426.147 3.7058609780563286e-05 0.0 0.05 0.35971788732323456 -3.0 2.0 -0.0948291639701159 -0.3 0.3
