analysis_pipeline/priors/des_salt2_2.4.ecsv
# %ECSV 0.9
# ---
# datatype:
# - name: obj_id
#   datatype: string
# - name: z
#   datatype: float64
# - name: z_min
#   datatype: float64
# - name: z_max
#   datatype: float64
# - name: t0
#   datatype: float64
# - name: t0_min
#   datatype: float64
# - name: t0_max
#   datatype: float64
# - name: x0
#   datatype: float64
# - name: x0_min
#   datatype: float64
# - name: x0_max
#   datatype: float64
# - name: x1
#   datatype: float64
# - name: x1_min
#   datatype: float64
# - name: x1_max
#   datatype: float64
# - name: c
#   datatype: float64
# - name: c_min
#   datatype: float64
# - name: c_max
#   datatype: float64
# schema: astropy-2.0
obj_id z z_min z_max t0 t0_min t0_max x0 x0_min x0_max x1 x1_min x1_max c c_min c_max
01248677 0.3502 0.075 0.85 56554.32364928757 56523.281 56629.123 3.380225620016671e-05 0.0 0.05 0.9793061390324252 -3.0 2.0 -0.10402886372470503 -0.3 0.3
01250017 0.1817 0.075 0.85 56553.886911679314 56519.233 56616.08 0.00011545907085217644 0.0 0.05 0.9377672320415456 -3.0 2.0 -0.04332059081123295 -0.3 0.3
01253039 0.4535 0.075 0.85 56574.87031889043 56532.268 56653.094 1.618356545144191e-05 0.0 0.05 0.5359259740476553 -3.0 2.0 -0.12921929828133755 -0.3 0.3
01253101 0.4596 0.075 0.85 56578.23583298754 56528.092 56657.052 1.4931539129257922e-05 0.0 0.05 1.2262246699338406 -3.0 2.0 0.025614229095725638 -0.3 0.3
01253920 0.1956 0.075 0.85 56583.18182309477 56544.19 56649.173 0.00010128031904295611 0.0 0.05 -0.805027137439698 -3.0 2.0 -0.08934288081070596 -0.3 0.3
01255502 0.1482 0.075 0.85 56592.76581599368 56548.266 56653.077 0.00022062314439924582 0.0 0.05 1.2563624039774937 -3.0 2.0 -0.02590986314729414 -0.3 0.3
01257366 0.2114 0.075 0.85 56611.942180292295 56575.341 56682.089 4.5242797504404656e-05 0.0 0.05 -0.19132889679484336 -3.0 2.0 0.12702216313690218 -0.3 0.3
01257695 0.1838 0.075 0.85 56613.40339371893 56575.025 56675.078 0.00012843427189580716 0.0 0.05 0.3974390904130854 -3.0 2.0 -0.11003408594481795 -0.3 0.3
01258906 0.3492 0.075 0.85 56621.743031507016 56579.012 56695.038 2.049562392393132e-05 0.0 0.05 0.14159451085610442 -3.0 2.0 0.010790783674343428 -0.3 0.3
01258940 0.4259 0.075 0.85 56619.57208674732 56575.311 56697.043 1.5816989357647154e-05 0.0 0.05 0.09244918688032938 -3.0 2.0 -0.07720595736835105 -0.3 0.3
01259412 0.3047 0.075 0.85 56624.310962471856 56587.144 56697.078 3.7276280903156964e-05 0.0 0.05 0.9145380251685593 -3.0 2.0 -0.03519936740169503 -0.3 0.3
01261579 0.3222 0.075 0.85 56638.48034984988 56600.111 56697.079 3.0272409939467962e-05 0.0 0.05 -0.18766739854077757 -3.0 2.0 0.008072162204671164 -0.3 0.3
01262214 0.6894 0.075 0.85 56657.25286010298 56610.224 56698.051 5.767815447543017e-06 0.0 0.05 0.20606456968686807 -3.0 2.0 -0.10368676141738274 -0.3 0.3
01262715 0.6894 0.075 0.85 56659.95411841584 56610.224 56697.09 6.828763578370525e-06 0.0 0.05 0.8445323006235083 -3.0 2.0 -0.041365950490937546 -0.3 0.3
01263369 0.3125 0.075 0.85 56665.79001010039 56630.136 56697.043 3.184917081316491e-05 0.0 0.05 0.23581158217698042 -3.0 2.0 -0.04967829887639248 -0.3 0.3
01263715 0.2919 0.075 0.85 56667.17491666869 56630.05 56694.039 3.926572575103562e-05 0.0 0.05 0.35170329782888726 -3.0 2.0 -0.03209320412889528 -0.3 0.3
01275946 0.2321 0.075 0.85 57261.70431980923 57233.373 57329.035 8.0410075256159e-05 0.0 0.05 1.639841379996478 -3.0 2.0 -0.0488198443240786 -0.3 0.3
01279500 0.235 0.075 0.85 57251.988837547135 57234.293 57319.287 5.981045472655028e-05 0.0 0.05 0.6341767740011962 -3.0 2.0 -0.013903417349542983 -0.3 0.3
01280217 0.359 0.075 0.85 57250.072595892765 57233.388 57329.175 2.114555605765883e-05 0.0 0.05 1.6449910889849637 -3.0 2.0 0.05235425428990273 -0.3 0.3
01281668 0.3071 0.075 0.85 57271.27454047475 57233.373 57342.028 3.865284473630134e-05 0.0 0.05 0.24200277990437824 -3.0 2.0 -0.09543411230302515 -0.3 0.3
01281886 0.384 0.075 0.85 57267.818659045566 57233.388 57345.234 2.1428712392263563e-05 0.0 0.05 0.8879435189602092 -3.0 2.0 -0.03306707556397787 -0.3 0.3
01282736 0.3689 0.075 0.85 57266.25520003178 57234.279 57346.032 1.4842898332924343e-05 0.0 0.05 -0.8523347428091599 -3.0 2.0 0.14157185695935381 -0.3 0.3
01283373 0.2075 0.075 0.85 57268.985620067804 57234.423 57332.081 6.0590980792810216e-05 0.0 0.05 -1.1252259476428772 -3.0 2.0 0.0019142013894367716 -0.3 0.3
01283878 0.3135 0.075 0.85 57265.591905822606 57234.293 57339.187 2.4616216509425666e-05 0.0 0.05 -0.6911710135328011 -3.0 2.0 0.0327525949879906 -0.3 0.3
01283936 0.369 0.075 0.85 57267.963920843875 57233.373 57347.084 1.0808882669179057e-05 0.0 0.05 -0.5218759130442575 -3.0 2.0 0.18359887710094167 -0.3 0.3
01285160 0.7493 0.075 0.85 57273.02626775618 57234.403 57372.178 4.936570385228013e-06 0.0 0.05 0.05969991304998489 -3.0 2.0 -0.06248617856131673 -0.3 0.3
01285317 0.5649 0.075 0.85 57269.015526594885 57233.373 57356.127 8.962005353474859e-06 0.0 0.05 0.5313359004814256 -3.0 2.0 -0.05914238796711757 -0.3 0.3
01286398 0.1503 0.075 0.85 57271.62562464981 57234.293 57331.145 9.72072907734074e-05 0.0 0.05 -1.399711969015626 -3.0 2.0 0.032692737092984654 -0.3 0.3
01287626 0.304 0.075 0.85 56682.732421393055 56638.047 56697.072 3.512746907226508e-05 0.0 0.05 0.10585194815340603 -3.0 2.0 0.023100708025238552 -0.3 0.3
01289288 0.2897 0.075 0.85 57273.58375931059 57233.373 57347.084 2.5036958695434676e-05 0.0 0.05 -1.1655592076828174 -3.0 2.0 0.10580703012399006 -0.3 0.3
01289555 0.5588 0.075 0.85 57274.960173671636 57233.388 57365.115 1.0990528462564395e-05 0.0 0.05 0.5874442603089309 -3.0 2.0 -0.11144700050268588 -0.3 0.3
01289600 0.4196 0.075 0.85 57284.485547257944 57238.285 57365.221 1.2412123407929626e-05 0.0 0.05 1.1879034579272385 -3.0 2.0 0.03550567857768326 -0.3 0.3
01289656 0.5394 0.075 0.85 57269.645832679016 57234.423 57355.245 8.909249792215531e-06 0.0 0.05 0.18647515051226557 -3.0 2.0 -0.030628229919999923 -0.3 0.3
01289664 0.2491 0.075 0.85 57278.94836106208 57237.303 57345.234 5.009338360873116e-05 0.0 0.05 -1.1304783690583835 -3.0 2.0 -0.01909495732994977 -0.3 0.3
01290779 0.3895 0.075 0.85 56891.953979645994 56872.39 56973.322 1.714290429212762e-05 0.0 0.05 -0.6416947125019259 -3.0 2.0 -0.04513617338190475 -0.3 0.3
01290816 0.2185 0.075 0.85 56891.79850073667 56872.39 56960.278 6.28395732429348e-05 0.0 0.05 1.294007156473045 -3.0 2.0 0.024739535299842724 -0.3 0.3
01291080 0.4438 0.075 0.85 56889.02439206955 56872.268 56973.078 1.1065834849678043e-05 0.0 0.05 -2.2027879885448254 -3.0 2.0 0.11926722933167203 -0.3 0.3
01291090 0.292 0.075 0.85 56905.19920001591 56872.211 56973.028 4.790951542697348e-05 0.0 0.05 1.204153871615481 -3.0 2.0 -0.06523624997877109 -0.3 0.3
01291794 0.3951 0.075 0.85 57278.49160151843 57237.289 57356.174 1.830486874279295e-05 0.0 0.05 -0.002265333895729761 -3.0 2.0 0.04503288798882506 -0.3 0.3
01291957 0.36 0.075 0.85 56905.479993518864 56862.179 56980.031 2.4502308400749572e-05 0.0 0.05 0.4926941691732055 -3.0 2.0 -0.03687194732764571 -0.3 0.3
01292145 0.4925 0.075 0.85 57274.2235884189 57237.289 57356.174 6.814526438852104e-06 0.0 0.05 0.3778703898710504 -3.0 2.0 0.10115182119373636 -0.3 0.3
01292195 0.8293 0.075 0.85 57280.85727122195 57234.403 57389.163 2.992561303027983e-06 0.0 0.05 0.2502255761225812 -3.0 2.0 0.005828029532416624 -0.3 0.3
01292332 0.2735 0.075 0.85 56901.20664088605 56875.328 56973.19 5.429697652626807e-05 0.0 0.05 0.29123816380681367 -3.0 2.0 -0.08706040322315821 -0.3 0.3
01292336 0.2336 0.075 0.85 56902.606855849954 56875.328 56973.19 4.531271104355531e-05 0.0 0.05 0.3186202390629152 -3.0 2.0 0.06742643718836121 -0.3 0.3
01292560 0.2248 0.075 0.85 56904.68122387061 56875.263 56973.042 8.199675414598373e-05 0.0 0.05 0.2834439520678334 -3.0 2.0 -0.10239608809285052 -0.3 0.3
01293319 0.2969 0.075 0.85 56915.23347620871 56872.268 56980.072 3.804885839036993e-05 0.0 0.05 1.8483426121426367 -3.0 2.0 0.030832989271415204 -0.3 0.3
01293758 0.1472 0.075 0.85 56915.8289331812 56876.384 56980.044 0.00013402596058744936 0.0 0.05 -1.2789737008403603 -3.0 2.0 -0.011250913478016428 -0.3 0.3
01294014 0.3627 0.075 0.85 56919.7709589922 56875.386 56990.199 2.3719619089576903e-05 0.0 0.05 0.6357765764327231 -3.0 2.0 -0.022688815022524542 -0.3 0.3
01294743 0.3126 0.075 0.85 56914.357686542906 56875.285 56980.127 1.4434367426882488e-05 0.0 0.05 0.009077684248362167 -3.0 2.0 0.2271095717225961 -0.3 0.3
01295027 0.4254 0.075 0.85 56910.31880141294 56872.268 56992.069 1.534473858238449e-05 0.0 0.05 -0.4328329011055541 -3.0 2.0 -0.02128955854000646 -0.3 0.3
01295256 0.4425 0.075 0.85 56928.10330505284 56889.295 57012.089 1.5166802504800402e-05 0.0 0.05 0.30741830400331854 -3.0 2.0 -0.035162480969717906 -0.3 0.3
01295305 0.6117 0.075 0.85 56915.782528174794 56875.285 57005.143 6.820176043490946e-06 0.0 0.05 0.2664547194483366 -3.0 2.0 0.00029863159588040377 -0.3 0.3
01295921 0.5239 0.075 0.85 56913.230052236286 56875.386 56990.201 7.797008814071509e-06 0.0 0.05 0.5287895106951327 -3.0 2.0 0.09493000553319658 -0.3 0.3
01296273 0.397 0.075 0.85 56926.42211576806 56888.383 57003.049 2.6495750507753546e-05 0.0 0.05 0.08242131307482158 -3.0 2.0 -0.1738935627991788 -0.3 0.3
01296321 0.1844 0.075 0.85 56930.99167931659 56900.265 56990.188 5.419630936783437e-05 0.0 0.05 0.5529205370008838 -3.0 2.0 0.11251384705155165 -0.3 0.3
01296657 0.1462 0.075 0.85 56923.58228747173 56889.221 56987.079 0.00014805440260803947 0.0 0.05 0.6892748090666617 -3.0 2.0 0.030761009665652723 -0.3 0.3
01297026 0.2585 0.075 0.85 56928.7986571952 56888.237 57001.099 4.295855368032386e-05 0.0 0.05 -0.7586210070467229 -3.0 2.0 -0.026706776082679295 -0.3 0.3
01297465 0.2778 0.075 0.85 56938.8915559488 56897.258 57008.065 3.204536393800586e-05 0.0 0.05 1.0997280170536419 -3.0 2.0 0.05816690890033807 -0.3 0.3
01298281 0.2351 0.075 0.85 56930.648808295955 56900.265 57003.049 3.757106053272139e-05 0.0 0.05 -1.5242124295297295 -3.0 2.0 0.08661865756964636 -0.3 0.3
01298893 0.1962 0.075 0.85 56935.09940366665 56900.299 56992.068 6.0597827741994124e-05 0.0 0.05 -1.9870461776140913 -3.0 2.0 0.02500476335613443 -0.3 0.3
01299643 0.38 0.075 0.85 56941.15801205136 56897.344 57018.078 2.4785033229862114e-05 0.0 0.05 0.6070425082245622 -3.0 2.0 -0.07789569534797294 -0.3 0.3
01299775 0.1598 0.075 0.85 56940.12483792211 56905.298 57004.045 0.00010014494384481045 0.0 0.05 -0.4208399502341652 -3.0 2.0 0.1939153403385335 -0.3 0.3
01299785 0.3813 0.075 0.85 56943.74800762221 56905.291 57025.079 1.7092120771431418e-05 0.0 0.05 -0.2111473349232946 -3.0 2.0 0.07318978487338305 -0.3 0.3
01300516 0.3104 0.075 0.85 56949.34695061111 56908.288 57025.093 2.6618039270730488e-05 0.0 0.05 0.9005403954304667 -3.0 2.0 0.15645841051163464 -0.3 0.3
01300912 0.3376 0.075 0.85 56946.37112696093 56905.196 57019.147 1.905444473703808e-05 0.0 0.05 -0.4432245546923505 -3.0 2.0 0.08321580807623796 -0.3 0.3
01301933 0.3299 0.075 0.85 56952.88944805042 56909.193 57025.117 3.171126236721063e-05 0.0 0.05 -0.1836165212933926 -3.0 2.0 -0.12080944334795783 -0.3 0.3
01302058 0.1984 0.075 0.85 56959.55626671218 56920.363 57025.079 0.00011366714728191792 0.0 0.05 0.34412142858960504 -3.0 2.0 0.008114611822613551 -0.3 0.3
01302141 0.6088 0.075 0.85 57281.323264551116 57233.403 57365.044 7.727558674556753e-06 0.0 0.05 -0.6787084781108301 -3.0 2.0 0.03409142368444393 -0.3 0.3
01302187 0.2195 0.075 0.85 56952.995312549836 56910.328 57019.148 5.687121162606722e-05 0.0 0.05 -0.8609096212388879 -3.0 2.0 0.04925978703442375 -0.3 0.3
01302523 0.4239 0.075 0.85 57288.73527863873 57250.24 57372.059 1.507128295669707e-05 0.0 0.05 0.4381695104702452 -3.0 2.0 0.05895185655897952 -0.3 0.3
01302648 0.2319 0.075 0.85 56949.43828948409 56910.158 57017.08 4.3771029502474883e-05 0.0 0.05 -0.7074931082539552 -3.0 2.0 0.1416838947905777 -0.3 0.3
01303004 0.2949 0.075 0.85 56960.49570724948 56919.371 57033.047 4.240098713716099e-05 0.0 0.05 0.7308642968743091 -3.0 2.0 -0.03444895124579146 -0.3 0.3
01303279 0.1724 0.075 0.85 56965.78846203788 56928.23 57033.169 0.0001859930696503074 0.0 0.05 1.053069254171724 -3.0 2.0 -0.04944874165943407 -0.3 0.3
01303496 0.1798 0.075 0.85 56966.27462997782 56928.178 57032.15 8.108980866856464e-05 0.0 0.05 -0.2032886624905173 -3.0 2.0 0.09161845924132998 -0.3 0.3
01303883 0.2591 0.075 0.85 57286.320849994314 57250.223 57356.127 5.1852485052395504e-05 0.0 0.05 0.5206102957390895 -3.0 2.0 -0.022050549676137062 -0.3 0.3
01303952 0.5626 0.075 0.85 57288.90857591646 57234.279 57373.057 1.0669729052997818e-05 0.0 0.05 -0.12527656617190128 -3.0 2.0 -0.1737214321317747 -0.3 0.3
01304127 0.7286 0.075 0.85 57281.73830264735 57234.279 57373.058 6.539562020310563e-06 0.0 0.05 0.3336398041702571 -3.0 2.0 -0.07891498168441902 -0.3 0.3
01304442 0.2171 0.075 0.85 56965.06847571886 56928.114 57029.056 7.709854031793238e-05 0.0 0.05 0.25860887081649314 -3.0 2.0 -0.06276630781646057 -0.3 0.3
01304678 0.2188 0.075 0.85 56963.79407763096 56928.23 57033.168 5.532638610279004e-05 0.0 0.05 -1.2159309952644328 -3.0 2.0 -0.02094268114018964 -0.3 0.3
01305504 0.4956 0.075 0.85 56973.72241325017 56928.192 57052.047 1.092294121664903e-05 0.0 0.05 -0.41731750699014025 -3.0 2.0 -0.06028674269408238 -0.3 0.3
01305626 0.3257 0.075 0.85 56974.756295969106 56934.125 57049.055 3.1208555278964767e-05 0.0 0.05 -0.33327304741648334 -3.0 2.0 -0.09539947305228282 -0.3 0.3
01306029 0.4289 0.075 0.85 57279.64713218555 57233.388 57355.217 1.260438726006446e-05 0.0 0.05 1.2023922354598884 -3.0 2.0 0.11285965673263643 -0.3 0.3
01306073 0.3286 0.075 0.85 56972.389273312874 56934.124 57049.056 2.2240241715087792e-05 0.0 0.05 -1.2474215421922263 -3.0 2.0 0.0014045640729789725 -0.3 0.3
01306141 0.3324 0.075 0.85 56977.70123173656 56934.337 57051.151 3.197706703085606e-05 0.0 0.05 -0.08257773885257018 -3.0 2.0 -0.05170053284416107 -0.3 0.3
01306360 0.4494 0.075 0.85 57278.63509871811 57234.423 57355.245 1.187794329487438e-05 0.0 0.05 -0.8076308341845623 -3.0 2.0 0.025739130791367842 -0.3 0.3
01306390 0.407 0.075 0.85 57280.70917362736 57238.401 57355.23 9.083250253693344e-06 0.0 0.05 -0.2598892027944745 -3.0 2.0 0.19650647865570295 -0.3 0.3
01306537 0.4795 0.075 0.85 57287.73436350253 57250.363 57372.241 1.480753241073601e-05 0.0 0.05 1.0641091558421067 -3.0 2.0 -0.06639204810574931 -0.3 0.3
01306626 0.4095 0.075 0.85 57285.055700196746 57240.41 57355.245 1.988658471799651e-05 0.0 0.05 0.3181576538665715 -3.0 2.0 -0.06291410124565089 -0.3 0.3
01306785 0.5787 0.075 0.85 57283.23089887041 57233.419 57311.114 8.372465996818944e-06 0.0 0.05 -0.3071186419662533 -3.0 2.0 -0.035109153151997655 -0.3 0.3
01306980 0.5489 0.075 0.85 57282.73872215404 57237.229 57372.039 8.162973972338913e-06 0.0 0.05 -1.1054476924815522 -3.0 2.0 0.09572800905842613 -0.3 0.3
01306991 0.4217 0.075 0.85 57287.43645084591 57250.209 57365.044 1.78369155337856e-05 0.0 0.05 -0.18780737157527727 -3.0 2.0 0.001783490853654307 -0.3 0.3
01307277 0.4107 0.075 0.85 57284.135850425104 57241.292 57365.115 1.2304632085871417e-05 0.0 0.05 -0.21778241853085387 -3.0 2.0 0.0246936591137301 -0.3 0.3
01307830 0.3493 0.075 0.85 57286.117136247056 57242.281 57365.196 1.901374545215072e-05 0.0 0.05 -1.8421791701680421 -3.0 2.0 -0.08174314002826275 -0.3 0.3
01308314 0.4065 0.075 0.85 56977.49551148999 56928.178 57051.151 1.676882079474821e-05 0.0 0.05 -0.34952144546143493 -3.0 2.0 -0.046183034448369395 -0.3 0.3
01308326 0.3262 0.075 0.85 56976.30594184943 56941.141 57045.113 3.267674198190521e-05 0.0 0.05 0.4498673882357007 -3.0 2.0 -0.08938624784091127 -0.3 0.3
01308568 0.6431 0.075 0.85 57289.49061466045 57241.269 57379.066 7.200290079489701e-06 0.0 0.05 -0.5058212138996143 -3.0 2.0 0.13936772526124006 -0.3 0.3
01308582 0.3669 0.075 0.85 57287.80644677002 57250.24 57366.076 2.4973931821208227e-05 0.0 0.05 -0.4583728435533227 -3.0 2.0 -0.05549374230915788 -0.3 0.3
01308884 0.0772 0.075 0.85 57293.477039675636 57261.324 57355.251 0.0003157431274874138 0.0 0.05 -1.4366251821270775 -3.0 2.0 0.08080913861826196 -0.3 0.3
01308957 0.6187 0.075 0.85 57289.34865973168 57238.33 57373.057 6.597483658005478e-06 0.0 0.05 0.7143818902381294 -3.0 2.0 -0.11537749830775984 -0.3 0.3
01309288 0.2684 0.075 0.85 56989.79496927741 56946.361 57061.067 5.880289572922825e-05 0.0 0.05 0.5020753889243216 -3.0 2.0 -0.08690212149039617 -0.3 0.3
01309492 0.3335 0.075 0.85 56993.03539881403 56948.255 57067.046 3.4541849972650145e-05 0.0 0.05 0.17766145453414253 -3.0 2.0 -0.09054416586036058 -0.3 0.3
01309749 0.7893 0.075 0.85 56987.95734252787 56934.35 57067.046 5.165992545177369e-06 0.0 0.05 0.5331012888240374 -3.0 2.0 -0.08063341009883193 -0.3 0.3
01310338 0.4388 0.075 0.85 56977.25077384567 56934.112 57052.042 1.568559017066542e-05 0.0 0.05 -0.19340274315951367 -3.0 2.0 0.0855274632013256 -0.3 0.3
