analysis_pipeline/priors/des_5_salt2_2.4.ecsv
# %ECSV 0.9
# ---
# datatype:
# - name: obj_id
#   datatype: string
# - name: z
#   datatype: float64
# - name: z_min
#   datatype: float64
# - name: z_max
#   datatype: float64
# - name: t0
#   datatype: float64
# - name: t0_min
#   datatype: float64
# - name: t0_max
#   datatype: float64
# - name: x0
#   datatype: float64
# - name: x0_min
#   datatype: float64
# - name: x0_max
#   datatype: float64
# - name: x1
#   datatype: float64
# - name: x1_min
#   datatype: float64
# - name: x1_max
#   datatype: float64
# - name: c
#   datatype: float64
# - name: c_min
#   datatype: float64
# - name: c_max
#   datatype: float64
# schema: astropy-2.0
obj_id z z_min z_max t0 t0_min t0_max x0 x0_min x0_max x1 x1_min x1_max c c_min c_max
01248677 0.42960244522010604 0.075 0.85 56555.652843608565 56523.281 56629.123 3.107317737468475e-05 0.0 0.05 1.2958971575731075 -3.0 2.0 -0.22658963206168506 -0.3 0.3
01250017 0.1463847616815139 0.075 0.85 56553.6643482404 56519.233 56616.08 0.00011673666808073875 0.0 0.05 1.0143788891127055 -3.0 2.0 0.007717620193392348 -0.3 0.3
01253039 0.5188001734750672 0.075 0.85 56575.59007612529 56532.268 56653.094 1.576186203449918e-05 0.0 0.05 0.3863955170670944 -3.0 2.0 -0.1759037783377298 -0.3 0.3
01253101 0.49934721422220246 0.075 0.85 56578.724751219415 56528.092 56657.052 1.4776475265452751e-05 0.0 0.05 1.2407991886130536 -3.0 2.0 -0.009583681270983567 -0.3 0.3
01253920 0.23318328299711025 0.075 0.85 56583.55600810165 56544.19 56649.173 0.0001013793920848448 0.0 0.05 -0.756384097197201 -3.0 2.0 -0.16083439799646523 -0.3 0.3
01255502 0.20088631079762792 0.075 0.85 56593.53703398617 56548.266 56653.077 0.00022937846070790002 0.0 0.05 1.1967662412989206 -3.0 2.0 -0.15555025149652044 -0.3 0.3
01257366 0.27267053973378386 0.075 0.85 56612.35145443038 56575.341 56682.089 4.596020857360981e-05 0.0 0.05 0.007180183728444471 -3.0 2.0 0.009828432768396591 -0.3 0.3
01257695 0.15829895111527437 0.075 0.85 56613.210957181574 56575.025 56675.078 0.00013116098986093628 0.0 0.05 0.36410126292770695 -3.0 2.0 -0.08096605533538848 -0.3 0.3
01258906 0.4416885373323056 0.075 0.85 56622.920352691486 56579.012 56695.038 1.9379295132932665e-05 0.0 0.05 0.39789570099788485 -3.0 2.0 -0.10391702383669266 -0.3 0.3
01258940 0.5533849601471276 0.075 0.85 56621.098173398335 56575.311 56697.043 1.4236761246683396e-05 0.0 0.05 0.31185906524485 -3.0 2.0 -0.16538305259571817 -0.3 0.3
01259412 0.34092602971374175 0.075 0.85 56625.10394200064 56587.144 56697.078 3.6706777662123266e-05 0.0 0.05 1.2823539665976906 -3.0 2.0 -0.09478434145024854 -0.3 0.3
01261579 0.32587997461913276 0.075 0.85 56638.52183991358 56600.111 56697.079 3.0364873449623222e-05 0.0 0.05 -0.18500904882046615 -3.0 2.0 0.0018726953825467568 -0.3 0.3
01262214 0.6506559686138731 0.075 0.85 56656.88863594278 56610.224 56698.051 5.808142712821435e-06 0.0 0.05 0.25436063516139956 -3.0 2.0 -0.08282201968821878 -0.3 0.3
01262715 0.5511350143181355 0.075 0.85 56658.35482145769 56610.224 56697.09 6.8285874798286965e-06 0.0 0.05 0.8132003811644007 -3.0 2.0 0.11645432379182595 -0.3 0.3
01263369 0.2624163466903785 0.075 0.85 56665.35757360095 56630.136 56697.043 3.183704695263662e-05 0.0 0.05 0.2731231790962747 -3.0 2.0 0.02292056228357895 -0.3 0.3
01263715 0.26106556475281806 0.075 0.85 56667.01387971356 56630.05 56694.039 3.9343965659145155e-05 0.0 0.05 0.5043334962652833 -3.0 2.0 0.011361594184976993 -0.3 0.3
01275946 0.3266533852074793 0.075 0.85 57262.75193922131 57233.373 57329.035 7.38660955796339e-05 0.0 0.05 1.7988906984505573 -3.0 2.0 -0.17424795146440425 -0.3 0.3
01279500 0.2777571367302223 0.075 0.85 57252.35166229584 57234.293 57319.287 5.867031394761514e-05 0.0 0.05 0.6688031831887841 -3.0 2.0 -0.07675259703914061 -0.3 0.3
01280217 0.3545058657425561 0.075 0.85 57250.175068504126 57233.388 57329.175 2.098555066393995e-05 0.0 0.05 1.6177916843853528 -3.0 2.0 0.06134535419517894 -0.3 0.3
01281668 0.39372943759198725 0.075 0.85 57272.85300112302 57233.373 57342.028 3.6124729711521556e-05 0.0 0.05 0.8368871672473153 -3.0 2.0 -0.22694246885958733 -0.3 0.3
01281886 0.3477125953069702 0.075 0.85 57267.203092258045 57233.388 57345.234 2.1856828643285616e-05 0.0 0.05 0.4520074416560973 -3.0 2.0 0.03271653836089166 -0.3 0.3
01282736 0.35383370864878116 0.075 0.85 57266.15416828637 57234.279 57346.032 1.4506677323230964e-05 0.0 0.05 -0.893264437449135 -3.0 2.0 0.16439788272988134 -0.3 0.3
01283373 0.27080928657347525 0.075 0.85 57268.75925040574 57234.423 57332.081 6.157757721465976e-05 0.0 0.05 -1.078941787143725 -3.0 2.0 -0.15120648269665193 -0.3 0.3
01283878 0.33064625677796833 0.075 0.85 57265.656764061394 57234.293 57339.187 2.5060705686107274e-05 0.0 0.05 -0.7333652480024938 -3.0 2.0 0.0023130427768988876 -0.3 0.3
01283936 0.38503395600993245 0.075 0.85 57268.31648423402 57233.373 57347.084 1.0682398290311324e-05 0.0 0.05 -0.2968333688031652 -3.0 2.0 0.15453914430755572 -0.3 0.3
01285160 0.6531231523669722 0.075 0.85 57271.67636728102 57234.403 57372.178 5.290963497516795e-06 0.0 0.05 -0.38045202976076214 -3.0 2.0 0.10716480071799805 -0.3 0.3
01285317 0.6095077117975806 0.075 0.85 57269.326254454296 57233.373 57356.127 8.774314038366217e-06 0.0 0.05 0.521287416594384 -3.0 2.0 -0.0985165533254187 -0.3 0.3
01286398 0.1978546309602646 0.075 0.85 57271.451335033176 57234.293 57331.145 0.00010173940788754802 0.0 0.05 -1.7183314390952873 -3.0 2.0 -0.06065475854869723 -0.3 0.3
01287626 0.24680590708397881 0.075 0.85 56682.63992976286 56638.047 56697.072 3.4268474201207e-05 0.0 0.05 0.36826795535309764 -3.0 2.0 0.12160092613551055 -0.3 0.3
01289288 0.3517637598713304 0.075 0.85 57274.69874333241 57233.373 57347.084 2.614720473914214e-05 0.0 0.05 -0.7801300609512483 -3.0 2.0 -0.007291749561651829 -0.3 0.3
01289555 0.5393092159808608 0.075 0.85 57274.72279278868 57233.388 57365.115 1.0855078347395932e-05 0.0 0.05 0.6830070513294235 -3.0 2.0 -0.07237851603637237 -0.3 0.3
01289600 0.726781525334605 0.075 0.85 57286.59542418527 57238.285 57365.221 1.1032568903618405e-05 0.0 0.05 0.8390518343618618 -3.0 2.0 -0.2004021088248044 -0.3 0.3
01289656 0.5692379330602189 0.075 0.85 57270.16252958431 57234.423 57355.245 8.611896821868093e-06 0.0 0.05 0.5036448847769862 -3.0 2.0 -0.058029900799226576 -0.3 0.3
01289664 0.31579647665702465 0.075 0.85 57279.586552196226 57237.303 57345.234 4.9583190876989375e-05 0.0 0.05 -0.9062143201139017 -3.0 2.0 -0.10095878514808226 -0.3 0.3
01290779 0.37461271967268234 0.075 0.85 56891.858070606315 56872.39 56973.322 1.7132587335980525e-05 0.0 0.05 -0.8660632396465091 -3.0 2.0 -0.020154822704381615 -0.3 0.3
01290816 0.27764514635234455 0.075 0.85 56892.55998430073 56872.39 56960.278 6.191336440909655e-05 0.0 0.05 1.064306127850107 -3.0 2.0 -0.07094828213617237 -0.3 0.3
01291080 0.5582015745759906 0.075 0.85 56886.89496670443 56872.268 56973.078 1.1540867071587436e-05 0.0 0.05 -0.721902089277737 -3.0 2.0 -0.003452122478666697 -0.3 0.3
01291090 0.34504248074410565 0.075 0.85 56906.13912893858 56872.211 56973.028 4.617909650870249e-05 0.0 0.05 1.5236857481687012 -3.0 2.0 -0.1385543604056882 -0.3 0.3
01291794 0.4951976797139336 0.075 0.85 57279.741552098865 57237.289 57356.174 1.7745064384565696e-05 0.0 0.05 0.04850273537646758 -3.0 2.0 -0.06589463283618312 -0.3 0.3
01291957 0.42905818711484034 0.075 0.85 56906.61562670399 56862.179 56980.031 2.2700760342029026e-05 0.0 0.05 0.7552984978901226 -3.0 2.0 -0.13590397769001722 -0.3 0.3
01292145 0.5417736944335771 0.075 0.85 57275.17313517921 57237.289 57356.174 6.823901028721551e-06 0.0 0.05 0.5153580939663377 -3.0 2.0 0.03848419647019558 -0.3 0.3
01292195 0.8052045336037381 0.075 0.85 57280.54896767172 57234.403 57389.163 3.0626240550276067e-06 0.0 0.05 0.2136512147123132 -3.0 2.0 0.08469210683131635 -0.3 0.3
01292332 0.4147038212692185 0.075 0.85 56903.37599730653 56875.328 56973.19 4.8690441504154535e-05 0.0 0.05 0.869661747825854 -3.0 2.0 -0.2719653985129193 -0.3 0.3
01292336 0.2838904328567573 0.075 0.85 56902.30492754153 56875.328 56973.19 4.599125765127143e-05 0.0 0.05 -0.11454002685267976 -3.0 2.0 -0.009007122953490153 -0.3 0.3
01292560 0.2377860757667596 0.075 0.85 56904.64021615832 56875.263 56973.042 8.133678055693198e-05 0.0 0.05 0.300772843823901 -3.0 2.0 -0.12593411151197895 -0.3 0.3
01293319 0.32967456367916037 0.075 0.85 56913.75974359924 56872.268 56980.072 4.052000443162709e-05 0.0 0.05 1.8671109909387287 -3.0 2.0 -0.05039836977976428 -0.3 0.3
01293758 0.2692569838861128 0.075 0.85 56917.062212137935 56876.384 56980.044 0.00013097314089427858 0.0 0.05 -1.3180631387297772 -3.0 2.0 -0.18181949488300056 -0.3 0.3
01294014 0.4055027523199962 0.075 0.85 56920.8081952668 56875.386 56990.199 2.25912336234296e-05 0.0 0.05 1.1927467036930137 -3.0 2.0 -0.10752078679378488 -0.3 0.3
01294743 0.36871160309841466 0.075 0.85 56912.765851297365 56875.285 56980.127 1.6400153687139823e-05 0.0 0.05 0.08273089625370134 -3.0 2.0 0.12270650627216982 -0.3 0.3
01295027 0.5528402301342195 0.075 0.85 56911.762465450214 56872.268 56992.069 1.4151307657206112e-05 0.0 0.05 -0.24188441046697315 -3.0 2.0 -0.09277916469384243 -0.3 0.3
01295256 0.48116777943020317 0.075 0.85 56928.45512816837 56889.295 57012.089 1.4814795182744094e-05 0.0 0.05 0.43488318181222635 -3.0 2.0 -0.04886430775861811 -0.3 0.3
01295305 0.6677913399299226 0.075 0.85 56916.71664982764 56875.285 57005.143 6.761936928915546e-06 0.0 0.05 0.25229240626167015 -3.0 2.0 -0.015869706237334368 -0.3 0.3
01295921 0.5339400877499997 0.075 0.85 56913.623678854936 56875.386 56990.201 7.765535692604919e-06 0.0 0.05 0.6002635727270093 -3.0 2.0 0.06290256811234136 -0.3 0.3
01296273 0.5324498289575106 0.075 0.85 56928.14583055202 56888.383 57003.049 2.329541629527235e-05 0.0 0.05 -0.07681670821274166 -3.0 2.0 -0.2619823709399698 -0.3 0.3
01296321 0.1968166142405733 0.075 0.85 56930.47331358929 56900.265 56990.188 5.441387499655714e-05 0.0 0.05 0.5884551888028038 -3.0 2.0 0.08841148656938347 -0.3 0.3
01296657 0.17963179298082418 0.075 0.85 56923.793492519115 56889.221 56987.079 0.00014433098168722868 0.0 0.05 0.7934572029520355 -3.0 2.0 -0.023249938037628922 -0.3 0.3
01297026 0.2581906480435798 0.075 0.85 56928.83875933021 56888.237 57001.099 4.2927318784906015e-05 0.0 0.05 -0.7352550347875231 -3.0 2.0 -0.02269337373144582 -0.3 0.3
01297465 0.26285814360649473 0.075 0.85 56938.81535368696 56897.258 57008.065 3.193909195982578e-05 0.0 0.05 1.152327108307133 -3.0 2.0 0.08327836020430826 -0.3 0.3
01298281 0.24536639762668677 0.075 0.85 56930.68333937118 56900.265 57003.049 3.741897220118448e-05 0.0 0.05 -1.5341196582769212 -3.0 2.0 0.07397212941981912 -0.3 0.3
01298893 0.22608207719543263 0.075 0.85 56934.91382443476 56900.299 56992.068 6.134904212088547e-05 0.0 0.05 -1.8303222609069862 -3.0 2.0 -0.033259006487468705 -0.3 0.3
01299643 0.41602006238972006 0.075 0.85 56941.899576877266 56897.344 57018.078 2.3875861166975496e-05 0.0 0.05 0.8686697825301724 -3.0 2.0 -0.1499688201174086 -0.3 0.3
01299775 0.23667910988251042 0.075 0.85 56940.84598086684 56905.298 57004.045 0.00010493325926871363 0.0 0.05 -0.3622850802410772 -3.0 2.0 0.02557446012455806 -0.3 0.3
01299785 0.3871486580491069 0.075 0.85 56943.974931704324 56905.291 57025.079 1.6952332061595878e-05 0.0 0.05 -0.1627185062053147 -3.0 2.0 0.05478252922017551 -0.3 0.3
01300516 0.3412552059348216 0.075 0.85 56949.98227481592 56908.288 57025.093 2.6917062548616863e-05 0.0 0.05 1.2145275085089169 -3.0 2.0 0.09620425731603824 -0.3 0.3
01300912 0.34282886345325697 0.075 0.85 56946.41132474805 56905.196 57019.147 1.9095716026045082e-05 0.0 0.05 -0.43725831054634295 -3.0 2.0 0.07750444673589633 -0.3 0.3
01301933 0.31378571548527534 0.075 0.85 56952.72017661893 56909.193 57025.117 3.169866342497333e-05 0.0 0.05 -0.28097202849604486 -3.0 2.0 -0.10174280563951686 -0.3 0.3
01302058 0.20881058489016233 0.075 0.85 56959.65511438677 56920.363 57025.079 0.00011482713047043363 0.0 0.05 0.3555836104403244 -3.0 2.0 -0.018378103552558065 -0.3 0.3
01302141 0.5949033437505751 0.075 0.85 57280.878024614336 57233.403 57365.044 7.664834153421839e-06 0.0 0.05 -1.129763413176599 -3.0 2.0 0.06668083544314601 -0.3 0.3
01302187 0.24952394556453736 0.075 0.85 56953.11463164054 56910.328 57019.148 5.658715274435496e-05 0.0 0.05 -0.9602555862161833 -3.0 2.0 0.004589938386441172 -0.3 0.3
01302523 0.5441338255841659 0.075 0.85 57289.725366293096 57250.24 57372.059 1.4894791173849874e-05 0.0 0.05 0.2223211064785969 -3.0 2.0 -0.03331884587972098 -0.3 0.3
01302648 0.26075319662332447 0.075 0.85 56948.48460568942 56910.158 57017.08 4.483451705867951e-05 0.0 0.05 -0.7829341853281061 -3.0 2.0 0.0846726185441874 -0.3 0.3
01303004 0.3016147224418828 0.075 0.85 56960.67416899284 56919.371 57033.047 4.2320512719151317e-05 0.0 0.05 0.783637629752994 -3.0 2.0 -0.042364935207638406 -0.3 0.3
01303279 0.3287542826061594 0.075 0.85 56967.02225570137 56928.23 57033.169 0.00016582171504423438 0.0 0.05 0.6861441028260515 -3.0 2.0 -0.28768896291550716 -0.3 0.3
01303496 0.18833816426021646 0.075 0.85 56966.26112050063 56928.178 57032.15 8.222707873483686e-05 0.0 0.05 -0.24288616854212144 -3.0 2.0 0.06675868577725756 -0.3 0.3
01303883 0.3840745755333115 0.075 0.85 57288.01125365025 57250.223 57356.127 4.867279994351332e-05 0.0 0.05 1.1007940904739495 -3.0 2.0 -0.1807459975802819 -0.3 0.3
01303952 0.5364379172583209 0.075 0.85 57288.6654353605 57234.279 57373.057 1.0850675428923062e-05 0.0 0.05 -0.15091315037049163 -3.0 2.0 -0.14406572301748694 -0.3 0.3
01304127 0.6091428337706006 0.075 0.85 57280.19659881557 57234.279 57373.058 6.744927732354441e-06 0.0 0.05 -0.07126912428876414 -3.0 2.0 0.027925762265370604 -0.3 0.3
01304442 0.19674898926075435 0.075 0.85 56964.58692032258 56928.114 57029.056 7.682089795702798e-05 0.0 0.05 0.08660008057155355 -3.0 2.0 -0.049085892675745556 -0.3 0.3
01304678 0.20947896421748466 0.075 0.85 56963.73458037389 56928.23 57033.168 5.388369920140564e-05 0.0 0.05 -1.2394241925483118 -3.0 2.0 0.015800876394273987 -0.3 0.3
01305504 0.5258405270056594 0.075 0.85 56974.01761824335 56928.192 57052.047 1.0909328254078816e-05 0.0 0.05 -0.49128586820951914 -3.0 2.0 -0.10422943835732205 -0.3 0.3
01305626 0.3111970638279624 0.075 0.85 56974.55156051144 56934.125 57049.055 3.115942539811651e-05 0.0 0.05 -0.39852081132220935 -3.0 2.0 -0.07226144886851929 -0.3 0.3
01306029 0.4989107117039323 0.075 0.85 57280.55190945169 57233.388 57355.217 1.2625931530091659e-05 0.0 0.05 1.0635503441743797 -3.0 2.0 0.0750250765432828 -0.3 0.3
01306073 0.34035400068935845 0.075 0.85 56972.40972737721 56934.124 57049.056 2.2579823159260866e-05 0.0 0.05 -1.2823471859874873 -3.0 2.0 -0.024146059073951957 -0.3 0.3
01306141 0.3498274641993712 0.075 0.85 56977.638269081894 56934.337 57051.151 3.2383132388003085e-05 0.0 0.05 -0.11890509765032631 -3.0 2.0 -0.0858139377425098 -0.3 0.3
01306360 0.4947911197325548 0.075 0.85 57279.13557101328 57234.423 57355.245 1.1836050640414496e-05 0.0 0.05 -0.7536378605066502 -3.0 2.0 0.007533504092293117 -0.3 0.3
01306390 0.49315188930776704 0.075 0.85 57281.59965827493 57238.401 57355.23 9.084540518078416e-06 0.0 0.05 -0.12573091499146105 -3.0 2.0 0.12067698348387433 -0.3 0.3
01306537 0.5548680689888841 0.075 0.85 57288.68006894443 57250.363 57372.241 1.4512731403250237e-05 0.0 0.05 0.8638763779025318 -3.0 2.0 -0.15731093074204885 -0.3 0.3
01306626 0.42574716847267086 0.075 0.85 57284.9188042769 57240.41 57355.245 1.957444052906436e-05 0.0 0.05 0.35646048057475155 -3.0 2.0 -0.08190924286375026 -0.3 0.3
01306785 0.5603287785331821 0.075 0.85 57283.05534936838 57233.419 57311.114 8.145981001353165e-06 0.0 0.05 -0.13190253887712955 -3.0 2.0 0.005640985901586795 -0.3 0.3
01306980 0.5946153318722728 0.075 0.85 57283.83260883103 57237.229 57372.039 7.966237448484723e-06 0.0 0.05 -0.41608153173941986 -3.0 2.0 0.03924071168711367 -0.3 0.3
01306991 0.4686130283582289 0.075 0.85 57287.91934150835 57250.209 57365.044 1.723612617222892e-05 0.0 0.05 -0.3471121856171285 -3.0 2.0 -0.024814426391018014 -0.3 0.3
01307277 0.33391197049594346 0.075 0.85 57282.79739363688 57241.292 57365.115 1.1642449445596354e-05 0.0 0.05 -0.6335266707340044 -3.0 2.0 0.18101032070101072 -0.3 0.3
01307830 0.36884803383845466 0.075 0.85 57286.4008974052 57242.281 57365.196 1.8526562220241122e-05 0.0 0.05 -1.6597259470741212 -3.0 2.0 -0.12085364930662694 -0.3 0.3
01308314 0.40431031432043457 0.075 0.85 56977.3914821493 56928.178 57051.151 1.678565840966324e-05 0.0 0.05 -0.419232818209581 -3.0 2.0 -0.03835892706068856 -0.3 0.3
01308326 0.30908874613128806 0.075 0.85 56976.090412772784 56941.141 57045.113 3.259283168415439e-05 0.0 0.05 0.42054647060708794 -3.0 2.0 -0.061956813330694006 -0.3 0.3
