analysis_pipeline/priors/sdss_salt2_2.4.ecsv
# %ECSV 0.9
# ---
# datatype:
# - name: obj_id
#   datatype: string
# - name: z
#   datatype: float64
# - name: z_min
#   datatype: float64
# - name: z_max
#   datatype: float64
# - name: t0
#   datatype: float64
# - name: t0_min
#   datatype: float64
# - name: t0_max
#   datatype: float64
# - name: x0
#   datatype: float64
# - name: x0_min
#   datatype: float64
# - name: x0_max
#   datatype: float64
# - name: x1
#   datatype: float64
# - name: x1_min
#   datatype: float64
# - name: x1_max
#   datatype: float64
# - name: c
#   datatype: float64
# - name: c_min
#   datatype: float64
# - name: c_max
#   datatype: float64
# schema: astropy-2.0
obj_id z z_min z_max t0 t0_min t0_max x0 x0_min x0_max x1 x1_min x1_max c c_min c_max
[from data line 416]
4639 0.36401 0.01 0.8 53642.972802595745 53607.405586 53705.299363 2.1253122867012833e-05 0.0 0.02 2.1666355198901774 -6.0 6.0 -0.13167698092418634 -1.0 1.2
4651 0.150687 0.01 0.8 53648.68567471165 53607.426995 53705.322175 2.5790595242227235e-05 0.0 0.02 -0.1408316869490979 -6.0 6.0 0.5438130485383689 -1.0 1.2
4669 0.140794 0.01 0.8 53647.68329478226 53601.362029 53704.267557 2.6572717960017988e-05 0.0 0.02 -0.6599270939915362 -6.0 6.0 0.49643419560360885 -1.0 1.2
4673 0.4981 0.01 0.8 53658.84853436558 53601.358353 53704.263368 1.6473598334730692e-05 0.0 0.02 5.843693695859627 -6.0 6.0 -0.32843886614884427 -1.0 1.2
4676 0.24371 0.01 0.8 53653.00189504901 53601.363225 53704.268469 6.275084260957193e-05 0.0 0.02 0.5988042717956068 -6.0 6.0 -0.06994225831410648 -1.0 1.2
4679 0.331035 0.01 0.8 53654.428452134016 53601.370524 53704.276537 2.379607930517984e-05 0.0 0.02 1.1266998212359487 -6.0 6.0 0.09963084568559782 -1.0 1.2
4682 0.400886 0.01 0.8 53645.89521914143 53601.370524 53704.276537 1.6053265687235122e-05 0.0 0.02 -0.4632856547756946 -6.0 6.0 0.09347319994673023 -1.0 1.2
4690 0.198809 0.01 0.8 53657.11562477969 53601.401238 53704.308716 3.1072376434080044e-05 0.0 0.02 1.4422784151473365 -6.0 6.0 0.4691016877983357 -1.0 1.2
4706 0.589746 0.01 0.8 53679.47070527406 53607.398699 53705.292181 2.2030788187015283e-05 0.0 0.02 5.874865590540564 -6.0 6.0 -0.3429292470283494 -1.0 1.2
4737 0.464087 0.01 0.8 53653.53696894398 53601.391578 53704.298087 1.8827805587247624e-05 0.0 0.02 0.7251280731604988 -6.0 6.0 -0.1041426159904637 -1.0 1.2
4742 0.132938 0.01 0.8 53667.46259250642 53601.453871 53705.364194 4.342662862788996e-07 0.0 0.02 -0.8910231493788933 -6.0 6.0 -0.2607741920553507 -1.0 1.2
4757 0.435253 0.01 0.8 53635.21290768994 53601.404886 53704.312032 1.6453116294381748e-05 0.0 0.02 0.377341174498967 -6.0 6.0 0.010473937433453154 -1.0 1.2
4772 0.104714 0.01 0.8 53659.37973002326 53601.435842 53704.344439 4.95492892147141e-05 0.0 0.02 4.8634608520190294 -6.0 6.0 0.3732672326973297 -1.0 1.2
4779 0.533743 0.01 0.8 53652.660751331714 53601.363636 53704.268879 1.3048088992506064e-05 0.0 0.02 -0.9479038269487218 -6.0 6.0 -0.17097178504471758 -1.0 1.2
4808 0.34803 0.01 0.8 53653.65294765885 53601.407287 53704.31461 1.8136249688395306e-05 0.0 0.02 -0.036369896017213174 -6.0 6.0 0.2730736256857649 -1.0 1.2
4857 0.515438 0.01 0.8 53638.45740147074 53601.374182 53704.280326 1.1537618189496683e-05 0.0 0.02 0.6949228238625799 -6.0 6.0 -0.21460319114768867 -1.0 1.2
4864 0.135858 0.01 0.8 53649.837145127414 53607.369446 53705.261576 1.5003482635606844e-05 0.0 0.02 5.382625284827021 -6.0 6.0 0.5258678164697583 -1.0 1.2
4866 0.3762 0.01 0.8 53687.519992837944 53607.393029 53705.286638 1.3104045207849532e-05 0.0 0.02 5.204228872858413 -6.0 6.0 -0.22023622686495375 -1.0 1.2
4927 0.501885 0.01 0.8 53683.073917900125 53608.211556 53704.121386 1.0536399483179969e-05 0.0 0.02 5.561394152578153 -6.0 6.0 -0.3356225172214294 -1.0 1.2
4928 0.125181 0.01 0.8 53651.04455134434 53601.229865 53704.13038 2.2487173450464708e-05 0.0 0.02 3.664778228042554 -6.0 6.0 0.5412696177828814 -1.0 1.2
4968 0.180827 0.01 0.8 53670.60826048245 53608.177828 53704.087139 3.327843113149913e-05 0.0 0.02 5.801818608667258 -6.0 6.0 0.27915231426386755 -1.0 1.2
4969 0.305176 0.01 0.8 53654.38720798548 53601.274355 53704.176216 2.0329630871772413e-05 0.0 0.02 -0.4814956885091609 -6.0 6.0 0.16410824907052582 -1.0 1.2
4978 0.28063 0.01 0.8 53656.99202958981 53601.286336 53704.188203 2.7465712464040454e-05 0.0 0.02 -1.0176710098981039 -6.0 6.0 0.08195229738527415 -1.0 1.2
4986 0.266426 0.01 0.8 53660.21591768312 53601.3102 53704.213011 1.7493260710515547e-05 0.0 0.02 5.665435580431315 -6.0 6.0 -0.26709234306980306 -1.0 1.2
5017 0.548834 0.01 0.8 53661.304229745845 53601.404478 53704.312047 1.2284314185135334e-05 0.0 0.02 0.972613675614084 -6.0 6.0 -0.6143887978332765 -1.0 1.2
5039 0.081389 0.01 0.8 53655.678286749964 53601.263167 53704.164669 2.7598275081915572e-05 0.0 0.02 3.491597140183777 -6.0 6.0 0.8637310826211945 -1.0 1.2
5103 0.160592 0.01 0.8 53654.56512964631 53601.311825 53704.214767 0.00011981752964664608 0.0 0.02 -0.2229250102757342 -6.0 6.0 0.028896450805020766 -1.0 1.2
5104 0.212305 0.01 0.8 53655.250467779464 53601.315106 53704.218185 1.3668345588637158e-05 0.0 0.02 5.114390998173988 -6.0 6.0 0.3385427567588411 -1.0 1.2
5114 0.563293 0.01 0.8 53608.02004483137 53601.246528 53704.147151 1.3485825889673066e-05 0.0 0.02 -0.16364988815924722 -6.0 6.0 -0.7246364053985797 -1.0 1.2
5141 0.441746 0.01 0.8 53665.636146143705 53601.271437 53704.172853 1.0719756554121087e-05 0.0 0.02 5.3639387409329755 -6.0 6.0 -0.29907748962143765 -1.0 1.2
5144 0.405 0.01 0.8 53652.879069500006 53601.42498 53704.333159 0.01 0.0 0.02 0.0 -6.0 6.0 0.09999999999999998 -1.0 1.2
5172 0.156791 0.01 0.8 53647.93936629315 53601.283014 53704.184842 1.8726991446015533e-05 0.0 0.02 5.392631934080525 -6.0 6.0 0.35179834240220687 -1.0 1.2
5183 0.389088 0.01 0.8 53647.239724069834 53601.456663 53704.366275 1.654916276640317e-05 0.0 0.02 0.6244279426031144 -6.0 6.0 -0.031581851699192524 -1.0 1.2
5194 0.774511 0.01 0.8 53668.65973620076 53601.40768 53705.316332 1.1019560704516543e-05 0.0 0.02 1.0993715229852292 -6.0 6.0 -0.4395890993604582 -1.0 1.2
5199 0.220456 0.01 0.8 53651.1343059798 53601.281387 53704.183051 3.550128904353239e-05 0.0 0.02 0.7791098073624025 -6.0 6.0 0.15203976347139608 -1.0 1.2
5209 0.28274 0.01 0.8 53641.34047355652 53601.311846 53704.214705 1.0191119149423517e-05 0.0 0.02 1.3576599180072357 -6.0 6.0 0.36392567992349545 -1.0 1.2
5218 0.405 0.01 0.8 53656.160762 53608.205658 53704.115866 0.01 0.0 0.02 0.0 -6.0 6.0 0.09999999999999998 -1.0 1.2
5230 0.320475 0.01 0.8 53649.064653050875 53601.242368 53705.144098 2.2186160465584218e-05 0.0 0.02 0.6502145456548528 -6.0 6.0 0.09802580285064823 -1.0 1.2
5233 0.215864 0.01 0.8 53650.93846589901 53601.2457 53704.146277 2.2265861572002836e-05 0.0 0.02 3.8357563615598003 -6.0 6.0 -0.033136874886516836 -1.0 1.2
5235 0.250714 0.01 0.8 53649.79704976829 53601.24903 53705.14762 3.694693665023454e-05 0.0 0.02 -0.4794491617036718 -6.0 6.0 0.08167757901075579 -1.0 1.2
5247 0.375936 0.01 0.8 53656.17132157716 53601.375811 53704.281567 2.650175887337189e-05 0.0 0.02 -0.5038689202720679 -6.0 6.0 -0.01066814733949437 -1.0 1.2
5252 0.783297 0.01 0.8 53652.48936607657 53601.387943 53704.294278 1.146882614776949e-05 0.0 0.02 4.694487220059365 -6.0 6.0 0.0022288154868298515 -1.0 1.2
5286 0.184077 0.01 0.8 53644.356792167186 53601.422591 53704.330573 8.134133895305674e-06 0.0 0.02 4.2014892286140855 -6.0 6.0 0.6407749791019868 -1.0 1.2
5290 0.772417 0.01 0.8 53659.62941913937 53601.433033 53704.341501 1.1052606614643556e-05 0.0 0.02 0.7093513440081813 -6.0 6.0 -0.44990939359472276 -1.0 1.2
5318 0.625591 0.01 0.8 53679.758531992666 53607.43746 53705.333175 1.5751415236689382e-05 0.0 0.02 4.769622408244929 -6.0 6.0 -0.31827961721923687 -1.0 1.2
5339 0.13695 0.01 0.8 53652.368912804835 53607.176669 53705.064077 3.8767569220366585e-05 0.0 0.02 0.23153918348030678 -6.0 6.0 0.6818378935614647 -1.0 1.2
5340 0.192595 0.01 0.8 53643.45591535029 53607.177519 53705.064503 9.055530058814005e-05 0.0 0.02 -0.36697156925646335 -6.0 6.0 0.050661969499391564 -1.0 1.2
5350 0.17431 0.01 0.8 53658.738463078604 53607.177972 53705.065338 7.451027017247626e-05 0.0 0.02 -0.7076780461139105 -6.0 6.0 0.04309389029052612 -1.0 1.2
5378 0.250112 0.01 0.8 53658.97078095986 53607.428208 53705.323002 7.291815283150506e-05 0.0 0.02 -0.6851797748113801 -6.0 6.0 -0.2615596298787527 -1.0 1.2
5391 0.300212 0.01 0.8 53658.50709663206 53607.467206 53705.364161 2.830070499298756e-05 0.0 0.02 0.15984398984225007 -6.0 6.0 0.05001847137811797 -1.0 1.2
5395 0.116348 0.01 0.8 53663.92651680505 53607.459973 53705.356673 0.00023557734035475601 0.0 0.02 1.1601847250022093 -6.0 6.0 0.036301842867555306 -1.0 1.2
5461 0.114578 0.01 0.8 53652.11563990728 53607.229511 53705.117529 1.4663112269874915e-05 0.0 0.02 5.485805474885494 -6.0 6.0 0.21883476495668405 -1.0 1.2
5470 0.290104 0.01 0.8 53685.14451944421 53601.270619 53704.171964 1.0394249424329366e-05 0.0 0.02 4.790470650964368 -6.0 6.0 0.16664567013902412 -1.0 1.2
5473 0.275583 0.01 0.8 53656.420482681395 53601.297451 53704.200215 3.487348127075972e-05 0.0 0.02 -1.002368031178099 -6.0 6.0 -0.06485603484553283 -1.0 1.2
5486 0.22813 0.01 0.8 53653.53702568138 53607.251333 53705.139339 4.001789635932556e-05 0.0 0.02 1.5272454828319602 -6.0 6.0 0.1464496640802237 -1.0 1.2
5501 0.238531 0.01 0.8 53642.122709982854 53607.259282 53705.147875 4.442144684401181e-06 0.0 0.02 1.43754736244481 -6.0 6.0 0.4500498410538801 -1.0 1.2
5507 0.109693 0.01 0.8 53696.44371666843 53607.278865 53705.168056 1.3790343873187182e-05 0.0 0.02 1.1124872116916076 -6.0 6.0 -0.7062923135867527 -1.0 1.2
5533 0.218868 0.01 0.8 53667.48376206625 53601.225255 53705.126521 4.984071184593717e-05 0.0 0.02 -0.026599605991341493 -6.0 6.0 0.0784457049074313 -1.0 1.2
5536 0.128205 0.01 0.8 53664.70886041423 53601.249036 53704.150118 1.6843868230466314e-05 0.0 0.02 4.602840622586039 -6.0 6.0 0.6190713598860605 -1.0 1.2
5543 0.070322 0.01 0.8 53657.15558374458 53601.303619 53704.206203 1.8785301200102424e-05 0.0 0.02 -0.09255580403848242 -6.0 6.0 0.4328358934258223 -1.0 1.2
5549 0.119914 0.01 0.8 53666.06178454573 53601.320846 53704.224149 0.00022313813519271697 0.0 0.02 0.26369833923808716 -6.0 6.0 0.034654962440828836 -1.0 1.2
5550 0.154924 0.01 0.8 53671.29152942174 53601.322074 53704.22543 0.00018968442404005635 0.0 0.02 1.977483107833078 -6.0 6.0 -0.041068040574835825 -1.0 1.2
5552 0.423476 0.01 0.8 53661.18164457753 53601.343715 53704.248033 3.0721504285370656e-05 0.0 0.02 -1.3056512488371228 -6.0 6.0 -0.4960156138843717 -1.0 1.2
5553 0.242856 0.01 0.8 53680.97900588129 53601.345751 53704.250162 3.160305990217532e-05 0.0 0.02 5.900424027977509 -6.0 6.0 -0.1219510376276309 -1.0 1.2
5564 0.107715 0.01 0.8 53650.4334458661 53601.234464 53704.134649 6.149505425794289e-07 0.0 0.02 -0.9923781533299227 -6.0 6.0 -0.15661015312879928 -1.0 1.2
5588 0.40946 0.01 0.8 53662.03882562006 53601.318379 53704.222045 1.582320603630458e-05 0.0 0.02 0.4521151018023115 -6.0 6.0 -0.0686636054918196 -1.0 1.2
5590 0.446093 0.01 0.8 53640.49573123692 53601.302813 53704.205729 1.6285349004285762e-05 0.0 0.02 -0.014611182767142919 -6.0 6.0 -0.1837617040629324 -1.0 1.2
5607 0.216462 0.01 0.8 53664.78088408781 53601.36606 53704.271458 2.7084687566996214e-05 0.0 0.02 2.884892277606041 -6.0 6.0 -0.20176879863748395 -1.0 1.2
5635 0.178391 0.01 0.8 53662.15002550667 53601.237794 53704.138536 6.463744179285992e-05 0.0 0.02 0.21431423893775078 -6.0 6.0 0.02077381400391799 -1.0 1.2
5659 0.489078 0.01 0.8 53665.45783371081 53601.291692 53704.194212 1.3897455256133182e-05 0.0 0.02 2.785647852014201 -6.0 6.0 -0.0778339624360305 -1.0 1.2
5673 0.378252 0.01 0.8 53666.10441442772 53601.294976 53704.197236 2.3154903859227873e-05 0.0 0.02 2.631281944951116 -6.0 6.0 -0.01999277769040033 -1.0 1.2
5686 0.262255 0.01 0.8 53655.984420435845 53601.301164 53704.204033 1.0376555940225696e-05 0.0 0.02 4.968200862787922 -6.0 6.0 0.5576893324142597 -1.0 1.2
5689 0.169789 0.01 0.8 53660.885223113444 53601.306079 53704.20921 4.2534110395052376e-05 0.0 0.02 0.06998488594223944 -6.0 6.0 0.4035199318711584 -1.0 1.2
5690 0.221088 0.01 0.8 53657.63138345289 53601.344138 53704.248412 1.3479539106768873e-05 0.0 0.02 0.17633827587163586 -6.0 6.0 -0.04393168695575613 -1.0 1.2
5691 0.284349 0.01 0.8 53653.464204750875 53601.329034 53704.232671 1.9901643582658616e-05 0.0 0.02 1.129357944299052 -6.0 6.0 0.36595718590884074 -1.0 1.2
5717 0.250368 0.01 0.8 53664.1646226421 53601.360802 53705.267153 4.8438860288088426e-05 0.0 0.02 1.6437107442811778 -6.0 6.0 -0.010790763753526071 -1.0 1.2
5736 0.25174 0.01 0.8 53665.829560992555 53601.374186 53705.281139 4.496438495304443e-05 0.0 0.02 -0.07947376336022924 -6.0 6.0 0.001835601432690002 -1.0 1.2
5737 0.391599 0.01 0.8 53665.44407683965 53601.374186 53704.279886 1.985512164914966e-05 0.0 0.02 1.2929809819620124 -6.0 6.0 0.0664341694912197 -1.0 1.2
5751 0.129282 0.01 0.8 53666.10628942636 53601.34371 53705.249308 0.00014876038164281021 0.0 0.02 0.7325161749310898 -6.0 6.0 0.17797157342962444 -1.0 1.2
5754 0.789767 0.01 0.8 53640.91480396694 53601.351444 53704.256137 3.4171915837109077e-06 0.0 0.02 0.8687301673050903 -6.0 6.0 -0.42278965448686295 -1.0 1.2
5776 0.23722 0.01 0.8 53652.8639554637 53607.237921 53705.126062 4.450067795580214e-05 0.0 0.02 0.12091303907779745 -6.0 6.0 -0.09348281155355234 -1.0 1.2
5785 0.147069 0.01 0.8 53650.27610355425 53607.238336 53705.126077 9.632898138803262e-05 0.0 0.02 -1.432717104689861 -6.0 6.0 0.2015386578737736 -1.0 1.2
5802 0.299152 0.01 0.8 53659.497687911484 53601.223995 53705.124826 3.742005400032489e-05 0.0 0.02 0.8307677266265675 -6.0 6.0 -0.011508546998951968 -1.0 1.2
5803 0.6855 0.01 0.8 53666.57086244827 53607.258848 53705.147525 2.2788324218652694e-05 0.0 0.02 0.4680795549859037 -6.0 6.0 -0.3529236350121035 -1.0 1.2
5806 0.122306 0.01 0.8 53667.23589233789 53607.274281 53705.162947 4.522382292434509e-05 0.0 0.02 4.6186856026216905 -6.0 6.0 0.3009721430554328 -1.0 1.2
5807 0.194027 0.01 0.8 53665.09233055804 53607.274697 53705.163376 2.88937667733601e-05 0.0 0.02 2.5963143192041445 -6.0 6.0 0.4693967037574997 -1.0 1.2
5821 0.399403 0.01 0.8 53656.963168696864 53607.193234 53705.080277 1.831491102936293e-05 0.0 0.02 -0.2847260131360054 -6.0 6.0 -0.1511262482958244 -1.0 1.2
5844 0.309294 0.01 0.8 53663.800246933526 53601.22276 53705.123905 3.168564840195154e-05 0.0 0.02 0.40162355217521695 -6.0 6.0 -0.058273381263422575 -1.0 1.2
5856 0.302011 0.01 0.8 53686.76106822502 53607.358425 53705.250523 4.0029558071833184e-05 0.0 0.02 5.6888734970030335 -6.0 6.0 0.03896168258332669 -1.0 1.2
5859 0.238695 0.01 0.8 53655.72085382247 53607.376366 53705.268822 2.138722458533529e-05 0.0 0.02 0.22542509110654402 -6.0 6.0 0.062159421182575565 -1.0 1.2
5867 0.405 0.01 0.8 53656.346474000005 53607.399512 53705.293436 0.01 0.0 0.02 0.0 -6.0 6.0 0.09999999999999998 -1.0 1.2
5869 0.15728 0.01 0.8 53652.62688953864 53607.399917 53705.293859 1.9825006956109595e-05 0.0 0.02 2.8337705894080996 -6.0 6.0 -0.009764051020586566 -1.0 1.2
5870 0.405 0.01 0.8 53656.347919 53607.401132 53705.294706 0.01 0.0 0.02 0.0 -6.0 6.0 0.09999999999999998 -1.0 1.2
5879 0.152184 0.01 0.8 53654.69112012722 53607.412057 53705.306131 3.354692637885722e-05 0.0 0.02 -0.04635330184966927 -6.0 6.0 0.24493588569435537 -1.0 1.2
5890 0.178575 0.01 0.8 53653.8502677328 53607.249231 53705.137656 9.394847575568368e-05 0.0 0.02 0.031296982326573 -6.0 6.0 -0.01932990846405149 -1.0 1.2
5897 0.367892 0.01 0.8 53663.757170991856 53607.429011 53705.324283 2.3435307981460723e-05 0.0 0.02 0.6797901248054243 -6.0 6.0 -0.00677343302451677 -1.0 1.2
5909 0.346141 0.01 0.8 53655.4981913784 53607.373113 53705.26583 2.2527424731035285e-05 0.0 0.02 3.112925318901359 -6.0 6.0 0.002543323408574844 -1.0 1.2
5916 0.172701 0.01 0.8 53664.25290503518 53607.340412 53705.231349 0.00011210270227499496 0.0 0.02 -0.5198412360482427 -6.0 6.0 0.011711967605612475 -1.0 1.2
5917 0.2949 0.01 0.8 53665.61289425023 53607.342053 53705.233056 5.065876043004573e-05 0.0 0.02 0.43128867693266254 -6.0 6.0 -0.08088377702276432 -1.0 1.2
5920 0.080598 0.01 0.8 53655.72203491104 53607.392212 53705.285823 7.318628596768028e-05 0.0 0.02 1.4782801986809522 -6.0 6.0 0.17284646871779516 -1.0 1.2
5925 0.395188 0.01 0.8 53657.498973460104 53607.396678 53705.290454 2.2219380025347578e-05 0.0 0.02 1.6772211262612131 -6.0 6.0 -0.007080598223955253 -1.0 1.2
5944 0.04495 0.01 0.8 53667.90354904708 53601.391569 53705.298957 0.0019093393881715029 0.0 0.02 0.8298581293373996 -6.0 6.0 -0.014843296144033617 -1.0 1.2
