analysis_pipeline/priors/sdss_salt2_2.4.ecsv
# %ECSV 0.9
# ---
# datatype:
# - name: obj_id
#   datatype: string
# - name: z
#   datatype: float64
# - name: z_min
#   datatype: float64
# - name: z_max
#   datatype: float64
# - name: t0
#   datatype: float64
# - name: t0_min
#   datatype: float64
# - name: t0_max
#   datatype: float64
# - name: x0
#   datatype: float64
# - name: x0_min
#   datatype: float64
# - name: x0_max
#   datatype: float64
# - name: x1
#   datatype: float64
# - name: x1_min
#   datatype: float64
# - name: x1_max
#   datatype: float64
# - name: c
#   datatype: float64
# - name: c_min
#   datatype: float64
# - name: c_max
#   datatype: float64
# schema: astropy-2.0
obj_id z z_min z_max t0 t0_min t0_max x0 x0_min x0_max x1 x1_min x1_max c c_min c_max
[from data line 209]
235 0.203791 0.01 0.8 53638.89937911205 53601.273528 53704.174931 1.7855005251921088e-05 0.0 0.02 5.1875916158628295 -6.0 6.0 0.1568253327598336 -1.0 1.2
236 0.405 0.01 0.8 53652.781680500004 53601.329854 53704.233507 0.01 0.0 0.02 0.0 -6.0 6.0 0.09999999999999998 -1.0 1.2
236 0.152364 0.01 0.8 53627.005902360426 53601.332714 53704.23692 1.192246813581418e-05 0.0 0.02 3.9093776976959793 -6.0 6.0 0.9951441495264189 -1.0 1.2
237 0.179585 0.01 0.8 53636.741063758076 53601.421781 53704.329747 9.9240246842576e-05 0.0 0.02 0.24129274569984668 -6.0 6.0 0.04105250447269961 -1.0 1.2
240 0.13232 0.01 0.8 53643.54907654819 53601.34698 53704.251425 1.3558275626064877e-05 0.0 0.02 5.823179486751068 -6.0 6.0 0.8345948810620336 -1.0 1.2
242 0.405 0.01 0.8 53652.7616205 53601.310184 53704.213057 0.01 0.0 0.02 0.0 -6.0 6.0 0.09999999999999998 -1.0 1.2
242 0.263492 0.01 0.8 53639.56968778978 53601.317565 53704.220748 5.553316453622215e-05 0.0 0.02 1.0391575822094679 -6.0 6.0 -0.14950277397561829 -1.0 1.2
242 0.187286 0.01 0.8 53635.948614900095 53601.335963 53704.239951 4.882666137053145e-05 0.0 0.02 5.623235625812306 -6.0 6.0 0.10862810486124415 -1.0 1.2
243 0.258478 0.01 0.8 53636.780717188754 53601.396803 53704.303646 2.1245776689571505e-05 0.0 0.02 1.007529401737431 -6.0 6.0 -0.28176949661594 -1.0 1.2
244 0.19029 0.01 0.8 53634.94140017328 53601.42739 53704.335681 8.510909933047519e-05 0.0 0.02 0.48842362732418587 -6.0 6.0 -0.04830953759199022 -1.0 1.2
244 0.088459 0.01 0.8 53625.489764096026 53607.266379 53705.155158 1.6653214915797376e-05 0.0 0.02 -1.8075405247213967 -6.0 6.0 1.1289466938818304 -1.0 1.2
246 0.087033 0.01 0.8 53651.471581843165 53607.278446 53705.167215 4.2145473270089935e-07 0.0 0.02 -0.5343603504849272 -6.0 6.0 -0.27765586914074264 -1.0 1.2
248 0.145789 0.01 0.8 53631.109426372685 53607.275952 53705.165057 2.513246647723608e-05 0.0 0.02 5.211424932769956 -6.0 6.0 0.28099049649239544 -1.0 1.2
248 0.169735 0.01 0.8 53633.805756399335 53607.213097 53705.100366 1.4257548241134918e-05 0.0 0.02 5.37002551248714 -6.0 6.0 0.4719257376811109 -1.0 1.2
253 0.267696 0.01 0.8 53635.91746186648 53607.40113 53705.294723 3.546930139073731e-05 0.0 0.02 1.066744764762661 -6.0 6.0 0.00804947712809303 -1.0 1.2
253 0.338803 0.01 0.8 53640.62378073557 53607.410438 53705.30488 3.211588540082303e-05 0.0 0.02 2.1746241252836507 -6.0 6.0 -0.07053016446803198 -1.0 1.2
253 0.437692 0.01 0.8 53618.99395409885 53607.270127 53705.158616 1.8009857614868868e-05 0.0 0.02 0.7658492380875731 -6.0 6.0 -0.1044550888346598 -1.0 1.2
254 0.239367 0.01 0.8 53641.58169630734 53607.397472 53705.290956 2.5556133002660386e-05 0.0 0.02 4.96503030156986 -6.0 6.0 0.06927537681320864 -1.0 1.2
254 0.096588 0.01 0.8 53648.55914437687 53607.307069 53705.197124 5.192935229046107e-07 0.0 0.02 -0.9591743080055664 -6.0 6.0 -0.26535866749155534 -1.0 1.2
255 0.405 0.01 0.8 53656.2596625 53607.314501 53705.204824 0.01 0.0 0.02 0.0 -6.0 6.0 0.09999999999999998 -1.0 1.2
255 0.247554 0.01 0.8 53624.31360997784 53607.319037 53705.209528 2.2347735800863277e-05 0.0 0.02 2.3525391254270125 -6.0 6.0 -0.153295625031555 -1.0 1.2
255 0.102927 0.01 0.8 53625.09701658598 53607.335493 53705.226621 1.4624690221014759e-05 0.0 0.02 1.5121325178423293 -6.0 6.0 0.8474299439647927 -1.0 1.2
256 0.117406 0.01 0.8 53639.24025026804 53607.451131 53705.347479 0.0001673005064825143 0.0 0.02 -0.07031063158924065 -6.0 6.0 0.1269165323697915 -1.0 1.2
256 0.209761 0.01 0.8 53636.47345417313 53607.300024 53705.189911 1.600503265428718e-05 0.0 0.02 5.455873596338898 -6.0 6.0 0.3452490410145261 -1.0 1.2
257 0.241983 0.01 0.8 53623.760363398666 53607.309534 53705.199326 2.0718344393615392e-05 0.0 0.02 1.0678595136071123 -6.0 6.0 0.2373989666007074 -1.0 1.2
258 0.069291 0.01 0.8 53632.30826204763 53607.360865 53705.253126 2.1638782910647352e-05 0.0 0.02 5.4157022069514955 -6.0 6.0 -0.09260929611533182 -1.0 1.2
261 0.055356 0.01 0.8 53635.22988822087 53607.35802 53705.250081 1.9865148508613485e-05 0.0 0.02 5.698565727589682 -6.0 6.0 0.8390056593697128 -1.0 1.2
262 0.221876 0.01 0.8 53620.799227032716 53607.397084 53705.290877 4.7009832766090824e-05 0.0 0.02 -0.756527467749744 -6.0 6.0 0.09336831720672366 -1.0 1.2
263 0.349599 0.01 0.8 53633.375441079224 53607.42135 53705.316253 2.7032063234537308e-05 0.0 0.02 1.7418602951805042 -6.0 6.0 -0.09880047125339177 -1.0 1.2
263 0.295151 0.01 0.8 53632.77617151823 53607.449139 53705.345301 3.029775942021623e-05 0.0 0.02 -0.6977716612089305 -6.0 6.0 -0.015771371627155147 -1.0 1.2
263 0.143104 0.01 0.8 53640.415598147556 53607.468409 53705.364998 0.00015594383442136482 0.0 0.02 0.8815579611635317 -6.0 6.0 0.035770909631830626 -1.0 1.2
263 0.214887 0.01 0.8 53638.20138943773 53601.230267 53704.130426 8.435854069913647e-05 0.0 0.02 0.36992351449173877 -6.0 6.0 0.01538732447954492 -1.0 1.2
266 0.056906 0.01 0.8 53636.22240071794 53607.343284 53705.23432 1.269832504235771e-05 0.0 0.02 5.849723847058127 -6.0 6.0 1.1534163349584914 -1.0 1.2
266 0.094191 0.01 0.8 53626.4720461432 53607.314904 53705.205299 7.995746648581796e-06 0.0 0.02 -2.3859095565456765 -6.0 6.0 -0.3460286139724358 -1.0 1.2
268 0.160352 0.01 0.8 53637.02604146166 53607.393431 53705.286654 0.00013124016418582316 0.0 0.02 1.4183713063509615 -6.0 6.0 0.09061419259753675 -1.0 1.2
269 0.045116 0.01 0.8 53629.184591340294 53607.403562 53705.29767 2.156666312519689e-05 0.0 0.02 0.6675018820767528 -6.0 6.0 1.1869772823238327 -1.0 1.2
271 0.287559 0.01 0.8 53634.995854531364 53607.383274 53705.276501 2.1942390046938627e-05 0.0 0.02 2.279825624532732 -6.0 6.0 0.11822357937015475 -1.0 1.2
272 0.015648 0.01 0.8 53635.017134884816 53607.392207 53705.285413 8.135508384261213e-06 0.0 0.02 5.106846735249445 -6.0 6.0 1.0410595049473488 -1.0 1.2
273 0.302007 0.01 0.8 53641.226802826015 53607.456367 53705.35245 6.162331763572793e-05 0.0 0.02 2.300905329094416 -6.0 6.0 -0.06500467999821455 -1.0 1.2
274 0.033619 0.01 0.8 53646.80942444144 53608.20441 53704.114092 0.00029310656481935644 0.0 0.02 0.05209448127928262 -6.0 6.0 0.2999286108246606 -1.0 1.2
274 0.118293 0.01 0.8 53638.310097906135 53601.406069 53704.313375 4.408206635294402e-05 0.0 0.02 5.794683664124273 -6.0 6.0 0.38207069311383235 -1.0 1.2
276 0.149336 0.01 0.8 53619.28705242223 53601.454677 53704.364139 0.00012039572320838672 0.0 0.02 -0.16002649110418757 -6.0 6.0 0.053047407510030765 -1.0 1.2
278 0.398676 0.01 0.8 53636.366778326614 53601.388338 53704.294733 2.1361277016663525e-05 0.0 0.02 0.8638750147819777 -6.0 6.0 -0.030005233899771253 -1.0 1.2
278 0.288898 0.01 0.8 53636.43644341485 53601.268549 53704.169823 3.6323593261848594e-05 0.0 0.02 -0.5000612859027527 -6.0 6.0 -0.07103423326527825 -1.0 1.2
279 0.043219 0.01 0.8 53634.74371080043 53601.338008 53705.243309 4.117176508053884e-05 0.0 0.02 1.3687113843962766 -6.0 6.0 0.9604083328701996 -1.0 1.2
279 0.375668 0.01 0.8 53616.93259123331 53601.394387 53704.301094 2.1221517149858617e-05 0.0 0.02 1.1959009549854938 -6.0 6.0 0.12723511395448397 -1.0 1.2
280 0.313378 0.01 0.8 53627.81945920922 53601.451061 53704.360407 3.2577038536259216e-05 0.0 0.02 1.0233232138054256 -6.0 6.0 -0.06039006897765961 -1.0 1.2
281 0.066556 0.01 0.8 53674.190424781715 53601.424975 53704.333595 1.5230296046538563e-05 0.0 0.02 5.0398032210400405 -6.0 6.0 0.8068027482366931 -1.0 1.2
285 0.243729 0.01 0.8 53644.03429471424 53607.369848 53705.262034 5.664163314566272e-05 0.0 0.02 0.6241593166318333 -6.0 6.0 -0.019456780904775758 -1.0 1.2
286 0.242608 0.01 0.8 53644.79371240078 53607.323981 53705.214231 6.395842164348097e-05 0.0 0.02 0.32378581529435124 -6.0 6.0 0.024517475723925836 -1.0 1.2
287 0.290779 0.01 0.8 53633.653895074465 53607.351069 53705.242835 2.8944263326196998e-05 0.0 0.02 -0.9238129655041557 -6.0 6.0 -0.00018534393339192287 -1.0 1.2
289 0.02525 0.01 0.8 53628.22122924721 53607.420538 53705.31502 2.6504526076765618e-05 0.0 0.02 -1.4154340657567543 -6.0 6.0 1.196589601254697 -1.0 1.2
290 0.234856 0.01 0.8 53641.408575201734 53607.40397 53705.298077 0.00013103346330320569 0.0 0.02 -2.2928905284350516 -6.0 6.0 -0.17312773190339215 -1.0 1.2
291 0.169728 0.01 0.8 53651.619550782874 53607.443912 53705.33984 1.4030434954446673e-05 0.0 0.02 4.346816409896052 -6.0 6.0 -0.32745845744327406 -1.0 1.2
291 0.12303 0.01 0.8 53644.006518644856 53607.20253 53705.090151 0.0001335176272930933 0.0 0.02 -0.378962147641316 -6.0 6.0 0.17071544543040237 -1.0 1.2
292 0.302749 0.01 0.8 53637.28920832955 53607.337121 53705.227964 3.85390358665671e-05 0.0 0.02 0.41366028617630024 -6.0 6.0 -0.08372055514011395 -1.0 1.2
292 0.148851 0.01 0.8 53644.870022162344 53607.338763 53705.230099 7.564593965815371e-05 0.0 0.02 0.21074421148492145 -6.0 6.0 0.0632291130352564 -1.0 1.2
292 0.118996 0.01 0.8 53644.33993011108 53601.336779 53705.241635 5.1972005448208246e-05 0.0 0.02 2.6605435282840637 -6.0 6.0 0.20580864606439017 -1.0 1.2
294 0.264048 0.01 0.8 53640.47102606037 53607.37391 53705.266334 4.674388454347099e-05 0.0 0.02 0.49534684972781284 -6.0 6.0 -0.023358482932544875 -1.0 1.2
297 0.082938 0.01 0.8 53635.25075861076 53607.397476 53705.291364 0.00018452304788454198 0.0 0.02 5.974509303660828 -6.0 6.0 0.22364078365595716 -1.0 1.2
298 0.045116 0.01 0.8 53629.174747419915 53607.403562 53705.29767 2.159005732692344e-05 0.0 0.02 0.6753159501586654 -6.0 6.0 1.188507476720411 -1.0 1.2
299 0.126077 0.01 0.8 53641.278206011615 53607.475621 53705.372955 0.00012921037648709672 0.0 0.02 -0.9501893588927223 -6.0 6.0 0.17716328001063697 -1.0 1.2
304 0.165342 0.01 0.8 53645.352674365764 53607.24296 53705.130741 0.00011398769063011473 0.0 0.02 0.5506691519478116 -6.0 6.0 -0.022115536026712974 -1.0 1.2
305 0.09956 0.01 0.8 53645.85613674497 53607.243379 53705.131169 4.407285799827829e-05 0.0 0.02 2.7272665886156413 -6.0 6.0 0.5139868540648531 -1.0 1.2
306 0.09047 0.01 0.8 53625.71281800641 53601.334351 53704.238183 0.00017394769655153987 0.0 0.02 2.653877770667119 -6.0 6.0 0.19261632428704825 -1.0 1.2
306 0.154383 0.01 0.8 53628.91793596356 53607.261788 53705.150017 1.5641318246385924e-05 0.0 0.02 -0.5684416546979973 -6.0 6.0 0.458618933759629 -1.0 1.2
307 0.244054 0.01 0.8 53648.47521668855 53601.22651 53705.127361 6.420961818488036e-05 0.0 0.02 -0.10928370121436928 -6.0 6.0 0.06369287514824028 -1.0 1.2
308 0.173146 0.01 0.8 53647.66719017642 53601.358374 53704.263306 0.00012775608653274335 0.0 0.02 0.12185672739411808 -6.0 6.0 -0.030726064601099015 -1.0 1.2
308 0.164306 0.01 0.8 53648.90636765074 53601.367708 53704.273079 0.0001258215322247777 0.0 0.02 0.5955860475266825 -6.0 6.0 0.02085989990690049 -1.0 1.2
309 0.113517 0.01 0.8 53654.943879839404 53601.269377 53704.170679 7.987612829769095e-07 0.0 0.02 -0.7131327783056086 -6.0 6.0 -0.21901139654571145 -1.0 1.2
315 0.33168 0.01 0.8 53634.426148242135 53601.24155 53705.143178 1.961367826962333e-05 0.0 0.02 0.02677497234497737 -6.0 6.0 0.08295977389981003 -1.0 1.2
315 0.405 0.01 0.8 53656.181769999996 53607.237923 53705.125617 0.01 0.0 0.02 0.0 -6.0 6.0 0.09999999999999998 -1.0 1.2
316 0.370041 0.01 0.8 53642.753832051065 53608.187532 53704.097053 1.5000738184771788e-05 0.0 0.02 -0.8668379644219386 -6.0 6.0 0.1458970895142656 -1.0 1.2
317 0.315382 0.01 0.8 53617.54916816496 53601.246542 53705.146605 2.216650640104093e-05 0.0 0.02 0.09781068931716803 -6.0 6.0 0.18924960430696866 -1.0 1.2
317 0.220288 0.01 0.8 53630.41819667824 53601.433033 53704.341501 3.57036081267872e-05 0.0 0.02 1.6934391473336143 -6.0 6.0 -0.002119672875602252 -1.0 1.2
318 0.245505 0.01 0.8 53642.594685754906 53601.331478 53704.235245 2.8980807030188062e-05 0.0 0.02 -0.8251542964489085 -6.0 6.0 0.27323137270800024 -1.0 1.2
319 0.528563 0.01 0.8 53608.64829557264 53601.231921 53704.132157 3.863231924001897e-05 0.0 0.02 -0.8396480846028852 -6.0 6.0 -0.5184031545671587 -1.0 1.2
319 0.298507 0.01 0.8 53636.73984830703 53601.33556 53704.239936 3.284543795758867e-05 0.0 0.02 -2.3330546156157066 -6.0 6.0 -0.11920128506264012 -1.0 1.2
319 0.249612 0.01 0.8 53647.39684119898 53601.238193 53705.139814 3.842425950285742e-05 0.0 0.02 1.6655448525366507 -6.0 6.0 0.052830600398238975 -1.0 1.2
320 0.695643 0.01 0.8 53643.04382680759 53601.345751 53704.250162 8.751387942773335e-06 0.0 0.02 -0.009164616421866102 -6.0 6.0 -0.3778631408875462 -1.0 1.2
320 0.415501 0.01 0.8 53635.207730374816 53601.349008 53705.254829 1.636131078593931e-05 0.0 0.02 -0.1090912220152117 -6.0 6.0 -0.1404290195552564 -1.0 1.2
322 0.34057 0.01 0.8 53633.01417548521 53601.375795 53704.281613 2.1126266059596742e-05 0.0 0.02 0.5858267624274096 -6.0 6.0 0.09629064147077054 -1.0 1.2
324 0.257823 0.01 0.8 53646.87177804746 53607.193232 53705.080721 4.78226404771156e-05 0.0 0.02 0.8087562917358835 -6.0 6.0 -0.08539971541759567 -1.0 1.2
324 0.336281 0.01 0.8 53637.26869667661 53607.208874 53705.096105 1.8690907053977998e-05 0.0 0.02 5.672933531483886 -6.0 6.0 -0.07457562081746862 -1.0 1.2
324 0.650291 0.01 0.8 53652.91151042052 53607.210563 53705.097816 2.359731047477745e-05 0.0 0.02 0.5848450780096056 -6.0 6.0 -0.45845718229610494 -1.0 1.2
325 0.106938 0.01 0.8 53652.36427709922 53607.240019 53705.128203 0.0002174371072538502 0.0 0.02 -0.48493413831220766 -6.0 6.0 0.05126624288850365 -1.0 1.2
326 0.405 0.01 0.8 53656.212473 53607.268043 53705.156903 0.01 0.0 0.02 0.0 -6.0 6.0 0.09999999999999998 -1.0 1.2
327 0.625249 0.01 0.8 53677.656866346515 53601.329016 53704.232717 1.0956449329791803e-05 0.0 0.02 4.421779310709024 -6.0 6.0 -0.32827683680427133 -1.0 1.2
329 0.131102 0.01 0.8 53623.72654753449 53601.419359 53704.327253 1.0387404580173312e-05 0.0 0.02 3.8276934746727584 -6.0 6.0 1.0510720532380338 -1.0 1.2
329 0.121619 0.01 0.8 53645.097152116956 53601.373355 53704.279099 5.359738554075179e-05 0.0 0.02 3.9619284848985767 -6.0 6.0 0.37249681016842867 -1.0 1.2
331 0.159901 0.01 0.8 53646.48471084248 53601.385498 53704.2918 0.00012149523739173469 0.0 0.02 -0.6189235574257804 -6.0 6.0 0.022325957025727993 -1.0 1.2
332 0.121793 0.01 0.8 53642.91726356666 53601.403254 53704.310405 3.836246132522488e-05 0.0 0.02 1.299329600494463 -6.0 6.0 0.18750405403948947 -1.0 1.2
333 0.212097 0.01 0.8 53650.11649180458 53601.405671 53704.313359 5.878756323564067e-05 0.0 0.02 -0.0490184455783751 -6.0 6.0 0.07081489212401197 -1.0 1.2
334 0.430018 0.01 0.8 53638.668307483465 53601.419354 53704.327268 1.5298650983131724e-05 0.0 0.02 2.361058874624606 -6.0 6.0 -0.0005796033362968098 -1.0 1.2
336 0.376543 0.01 0.8 53633.31405534104 53601.432204 53704.341158 2.368619114142057e-05 0.0 0.02 1.8925115163144413 -6.0 6.0 -0.06531424845008403 -1.0 1.2
337 0.156478 0.01 0.8 53634.03621373222 53607.196609 53705.084168 8.421880710261458e-06 0.0 0.02 5.573678457508687 -6.0 6.0 0.6877461118725461 -1.0 1.2
337 0.244478 0.01 0.8 53645.909659486206 53601.45826 53704.367961 6.459943078697854e-05 0.0 0.02 1.1381276363986252 -6.0 6.0 -0.011468762699082527 -1.0 1.2
339 0.809285 0.01 0.8 53642.489552993306 53608.210293 53704.120118 9.269744844145387e-06 0.0 0.02 0.36954154491201174 -6.0 6.0 -0.39421518608459444 -1.0 1.2
340 0.177075 0.01 0.8 53647.24347468791 53607.248812 53705.1368 1.1338599291225791e-05 0.0 0.02 5.3175465781729825 -6.0 6.0 0.543990963682195 -1.0 1.2
340 0.465775 0.01 0.8 53680.377579447726 53607.251742 53705.139798 6.294237952774261e-06 0.0 0.02 5.057773182831213 -6.0 6.0 -0.38654625124075015 -1.0 1.2
342 0.231166 0.01 0.8 53642.766763340194 53607.275533 53705.164216 5.396186913351891e-05 0.0 0.02 -0.2532143200623228 -6.0 6.0 -0.0779577853849686 -1.0 1.2
345 0.248351 0.01 0.8 53645.01754591692 53601.240284 53704.141136 6.458388998906664e-05 0.0 0.02 0.7698170494696922 -6.0 6.0 -0.031153949511463074 -1.0 1.2
345 0.229666 0.01 0.8 53648.49282192091 53601.241951 53704.14285 7.254374305651272e-05 0.0 0.02 0.9624820937527376 -6.0 6.0 -0.056501734058079504 -1.0 1.2
347 0.299548 0.01 0.8 53642.923062280286 53601.313478 53704.216446 2.475506088079766e-05 0.0 0.02 -3.9367964687780317 -6.0 6.0 -0.022540773721348006 -1.0 1.2
