analysis_pipeline/priors/sdss_salt2_2.4.ecsv
# %ECSV 0.9
# ---
# datatype:
# - name: obj_id
#   datatype: string
# - name: z
#   datatype: float64
# - name: z_min
#   datatype: float64
# - name: z_max
#   datatype: float64
# - name: t0
#   datatype: float64
# - name: t0_min
#   datatype: float64
# - name: t0_max
#   datatype: float64
# - name: x0
#   datatype: float64
# - name: x0_min
#   datatype: float64
# - name: x0_max
#   datatype: float64
# - name: x1
#   datatype: float64
# - name: x1_min
#   datatype: float64
# - name: x1_max
#   datatype: float64
# - name: c
#   datatype: float64
# - name: c_min
#   datatype: float64
# - name: c_max
#   datatype: float64
# - name: message
#   datatype: string
# schema: astropy-2.0
obj_id z z_min z_max t0 t0_min t0_max x0 x0_min x0_max x1 x1_min x1_max c c_min c_max message
[from data line 1157]
13647 0.24611 0.01 0.8 53979.49084082738 53959.30837 54063.229242 4.46022736381556e-05 0.0 0.02 -0.7651084078755708 -6.0 6.0 0.02034608076376741 -1.0 1.2 Success
13655 0.251036 0.01 0.8 53999.773835621076 53974.417475 54065.346688 2.7475565541151006e-05 0.0 0.02 -1.1627397998389684 -6.0 6.0 0.11892106097283568 -1.0 1.2 Success
13658 0.743436 0.01 0.8 53988.301438414055 53974.420297 54065.349628 2.1773120602133237e-05 0.0 0.02 0.4362988635036509 -6.0 6.0 -0.40551571884244386 -1.0 1.2 Success
13660 0.369555 0.01 0.8 53984.681873732516 53974.420697 54065.350062 2.5236150566447697e-05 0.0 0.02 -0.7175919534271693 -6.0 6.0 -0.04333203528504893 -1.0 1.2 Success
13666 0.127432 0.01 0.8 53995.61359195557 53974.423917 54065.353436 1.0067274940999392e-05 0.0 0.02 1.0092329099768118 -6.0 6.0 1.1460239346036138 -1.0 1.2 Success
13677 0.303201 0.01 0.8 54000.56894251067 53959.206426 54063.128663 2.3881381406402684e-05 0.0 0.02 -1.245082027637477 -6.0 6.0 0.01871282754213554 -1.0 1.2 Success
13689 0.250289 0.01 0.8 54000.920435467735 53959.318543 54063.239962 6.867001139015332e-05 0.0 0.02 1.1574229197105328 -6.0 6.0 -0.13396093183924668 -1.0 1.2 Success
13693 0.405 0.01 0.8 54011.2738335 53959.313233 54063.234434 0.01 0.0 0.02 0.0 -6.0 6.0 0.09999999999999998 -1.0 1.2 "Fail bandpass 'sdss_sako18_g6' [3767, .., 5573.8] outside spectral range [4529.27, .., 20834.6] - de"
13703 0.234538 0.01 0.8 54007.11072594287 53974.417458 54065.346761 5.794811033619658e-05 0.0 0.02 -0.1414704026652909 -6.0 6.0 -0.014513861375049297 -1.0 1.2 Success
13719 0.118317 0.01 0.8 53983.72374683221 53960.204896 54068.132036 1.2516612974863242e-05 0.0 0.02 4.0685059332701545 -6.0 6.0 0.6192599282396765 -1.0 1.2 Success
13721 0.280816 0.01 0.8 53995.78001617425 53960.212409 54068.139745 1.2096627495679983e-05 0.0 0.02 0.2530110085826491 -6.0 6.0 0.6938484471852598 -1.0 1.2 Success
13722 0.08642 0.01 0.8 54022.076399497746 53960.244819 54068.17359 9.472595443114849e-05 0.0 0.02 5.972321168062397 -6.0 6.0 0.12358016988556121 -1.0 1.2 Success
13727 0.225337 0.01 0.8 54004.93743634915 53960.183537 54068.110649 6.065339232981204e-05 0.0 0.02 1.3163395646699543 -6.0 6.0 0.05562640196463678 -1.0 1.2 Success
13730 0.255128 0.01 0.8 53996.88079044611 53960.191084 54068.118351 7.942147194951741e-06 0.0 0.02 4.545144835620297 -6.0 6.0 0.7308433459484974 -1.0 1.2 Success
13731 0.457077 0.01 0.8 54004.761745287724 53960.195272 54068.122631 1.2762281729011421e-05 0.0 0.02 3.1795404427071845 -6.0 6.0 -0.026649868349016153 -1.0 1.2 Success
13732 0.400678 0.01 0.8 54001.08483537912 53960.202382 54068.129481 1.7028976847957104e-05 0.0 0.02 4.024667056664489 -6.0 6.0 0.05031073007144502 -1.0 1.2 Success
13734 0.376849 0.01 0.8 54002.337732550266 53960.21782 54068.145756 1.5197933883320256e-05 0.0 0.02 0.5859686975463417 -6.0 6.0 0.15819252883760399 -1.0 1.2 Success
13735 0.405 0.01 0.8 54014.1961415 53960.23196 54068.160323 0.01 0.0 0.02 0.0 -6.0 6.0 0.09999999999999998 -1.0 1.2 "Fail bandpass 'sdss_sako18_g6' [3767, .., 5573.8] outside spectral range [4474.91, .., 20584.6] - de"
13736 0.14882 0.01 0.8 54015.42640868556 53960.237354 54068.165464 0.00014643918110288494 0.0 0.02 1.514833455464053 -6.0 6.0 0.03579151557423633 -1.0 1.2 Success
13737 0.393262 0.01 0.8 54004.425336283195 53960.243156 54068.171462 2.1826985218830388e-05 0.0 0.02 0.8663957709198753 -6.0 6.0 -0.14246174289719385 -1.0 1.2 Success
13743 0.200574 0.01 0.8 54002.68989172671 53960.172649 54068.099027 1.7600501718612684e-05 0.0 0.02 1.628975624562953 -6.0 6.0 -0.24171921362412863 -1.0 1.2 Success
13744 0.221301 0.01 0.8 54013.7051987153 53960.17391 54068.10031 1.0085957517814719e-05 0.0 0.02 5.842904190233126 -6.0 6.0 1.0625542386805418 -1.0 1.2 Success
13750 0.330488 0.01 0.8 54009.82084268008 53960.201163 54068.128121 1.5716359082731922e-05 0.0 0.02 4.207569105665572 -6.0 6.0 -0.04893275564568262 -1.0 1.2 Success
13753 0.091282 0.01 0.8 54009.54262377942 53960.226593 54068.154248 2.2727204699454107e-07 0.0 0.02 -0.8734114557620511 -6.0 6.0 -0.2299024058838645 -1.0 1.2 Success
13757 0.287424 0.01 0.8 53993.475166693264 53960.274142 54062.214037 5.141187776518397e-05 0.0 0.02 1.200340704291623 -6.0 6.0 -0.17200888027265196 -1.0 1.2 Success
13765 0.405 0.01 0.8 54014.155547999995 53960.19195 54068.119146 0.01 0.0 0.02 0.0 -6.0 6.0 0.09999999999999998 -1.0 1.2 "Fail bandpass 'sdss_sako18_g2' [3677.2, .., 5573.8] outside spectral range [5167.22, .., 23769.2] -"
13771 0.421842 0.01 0.8 53990.550588188285 53960.220347 54068.147838 1.5431626792368555e-05 0.0 0.02 5.465230958956194 -6.0 6.0 -0.33906435985699274 -1.0 1.2 Success
13772 0.286104 0.01 0.8 54013.20607227139 53960.220763 54068.148694 1.8939794178847566e-05 0.0 0.02 5.7016311355732245 -6.0 6.0 -0.09014612462423718 -1.0 1.2 Success
13775 0.174475 0.01 0.8 53999.56074119601 53960.238626 54068.167117 1.842088025063579e-05 0.0 0.02 -3.1789282505978806 -6.0 6.0 -0.19702586882595524 -1.0 1.2 Success
13777 0.487443 0.01 0.8 53997.97831869723 53960.264254 54062.204214 1.1014669426052602e-05 0.0 0.02 0.37178327731624683 -6.0 6.0 0.033953306322929235 -1.0 1.2 Success
13778 0.530545 0.01 0.8 53967.04774013554 53960.266727 54062.206781 1.767236826889301e-05 0.0 0.02 -0.7447912926791662 -6.0 6.0 -0.617422453030151 -1.0 1.2 Success
13781 0.177678 0.01 0.8 53985.39153793358 53960.287685 54062.228156 1.2394962080480622e-05 0.0 0.02 4.588926480685612 -6.0 6.0 -0.03701167655247415 -1.0 1.2 Success
13782 0.186142 0.01 0.8 53978.27311323014 53960.29956 54068.220627 4.008633349308304e-06 0.0 0.02 0.2733496921230634 -6.0 6.0 0.3470067793174562 -1.0 1.2 Success
13787 0.563124 0.01 0.8 54001.51480866021 53960.328506 54068.25092 8.200033627550698e-06 0.0 0.02 2.519176340861544 -6.0 6.0 -0.2736060888401529 -1.0 1.2 Success
13796 0.14729 0.01 0.8 54010.52098976098 53960.275348 54062.215805 0.0001862877358787356 0.0 0.02 0.8750264404054178 -6.0 6.0 -0.004992818599109123 -1.0 1.2 Success
13797 0.277755 0.01 0.8 53986.4451925843 53960.277403 54062.217516 2.383434280335663e-05 0.0 0.02 -2.4542763933147937 -6.0 6.0 0.021552857885244837 -1.0 1.2 Success
13807 0.512134 0.01 0.8 54000.15958838508 53960.329705 54068.25267 1.2831210711182368e-05 0.0 0.02 0.35372803673907627 -6.0 6.0 -0.10032010987633772 -1.0 1.2 Success
13808 0.266911 0.01 0.8 54011.13385412284 53960.330111 54068.25267 2.0994999239881244e-05 0.0 0.02 4.424158235179182 -6.0 6.0 -0.19078846007537176 -1.0 1.2 Success
13813 0.235143 0.01 0.8 53998.92051137585 53960.185656 54068.112743 4.896755849571981e-05 0.0 0.02 -0.3155605698827742 -6.0 6.0 -0.04010490710660432 -1.0 1.2 Success
13815 0.132502 0.01 0.8 53986.77209519792 53960.186914 54068.114027 2.044582976903347e-05 0.0 0.02 4.968033572250068 -6.0 6.0 0.37238310087437915 -1.0 1.2 Success
13820 0.134433 0.01 0.8 54004.72465186889 53960.206163 54068.13329 3.186268851490552e-05 0.0 0.02 -0.8060060570403952 -6.0 6.0 0.06602056493961142 -1.0 1.2 Success
13830 0.329841 0.01 0.8 53991.1251085106 53960.277827 54062.218343 3.511591746588679e-05 0.0 0.02 1.3454999899695732 -6.0 6.0 0.005329506584290944 -1.0 1.2 Success
13833 0.514732 0.01 0.8 53998.908210097594 53959.291983 54063.212193 1.218718247686432e-05 0.0 0.02 1.4295782434775004 -6.0 6.0 -0.15013076778501794 -1.0 1.2 Success
13835 0.246034 0.01 0.8 54011.369730560225 53960.317513 54068.239853 6.222721725539351e-05 0.0 0.02 0.5697823783491526 -6.0 6.0 -0.050916997707203406 -1.0 1.2 Success
13836 0.372747 0.01 0.8 54002.87155792391 53960.319957 54068.241985 2.774955253022146e-05 0.0 0.02 2.574861810960999 -6.0 6.0 0.09850621319577832 -1.0 1.2 Success
13840 0.240641 0.01 0.8 54005.72570070886 53960.172628 54068.099501 5.900615272530123e-05 0.0 0.02 -1.7570654917352453 -6.0 6.0 0.003975228942510696 -1.0 1.2 Success
13850 0.187582 0.01 0.8 54009.062002236664 53960.272462 54062.212826 2.2662160073312614e-05 0.0 0.02 5.87227381825919 -6.0 6.0 0.42985147483790376 -1.0 1.2 Success
13855 0.17634 0.01 0.8 53983.151881920065 53960.226157 54068.153866 9.647119671157101e-06 0.0 0.02 4.8839947897891545 -6.0 6.0 0.7724468791814728 -1.0 1.2 Success
13861 0.391996 0.01 0.8 54005.322290009346 53960.24027 54068.168433 1.9783525975320522e-05 0.0 0.02 0.6094129431334439 -6.0 6.0 -0.07546137841654868 -1.0 1.2 Success
13864 0.299254 0.01 0.8 54006.97351530232 53960.269596 54062.209803 3.7071723903696825e-05 0.0 0.02 1.0318517457559275 -6.0 6.0 -0.01770108394414635 -1.0 1.2 Success
13867 0.345589 0.01 0.8 53991.913624121604 53960.27741 54062.217928 2.405174052636033e-05 0.0 0.02 1.347446630742113 -6.0 6.0 0.09337135407611397 -1.0 1.2 Success
13868 0.186082 0.01 0.8 54008.86993295221 53960.281928 54062.222203 1.955266513936696e-05 0.0 0.02 4.285866871788099 -6.0 6.0 0.13591553836904494 -1.0 1.2 Success
13892 0.226961 0.01 0.8 54035.73026328259 53974.270597 54063.186543 1.363121920907267e-06 0.0 0.02 0.1674006704507223 -6.0 6.0 0.32205852287630765 -1.0 1.2 Success
13893 0.281313 0.01 0.8 53997.553759736395 53959.297722 54063.218174 3.080454888549561e-05 0.0 0.02 -2.6588903793165723 -6.0 6.0 0.3300745686363155 -1.0 1.2 Success
13894 0.119664 0.01 0.8 54013.678627723064 53959.312032 54063.233539 0.00010524002209277877 0.0 0.02 0.8378304647867846 -6.0 6.0 0.24490007041537196 -1.0 1.2 Success
13895 0.630704 0.01 0.8 54003.39247137264 53959.313665 54063.235245 7.462344168397916e-06 0.0 0.02 -0.7904544702759062 -6.0 6.0 -0.4684634282926581 -1.0 1.2 Success
13896 0.155944 0.01 0.8 54005.01007557028 53959.314889 54063.236098 5.2098574615848754e-05 0.0 0.02 -0.5700744682189143 -6.0 6.0 0.12268041607723539 -1.0 1.2 Success
13897 0.230382 0.01 0.8 54001.2670989569 53959.324263 54063.245899 4.297680687505462e-05 0.0 0.02 0.4703062054153789 -6.0 6.0 0.10972171578001906 -1.0 1.2 Success
13898 0.224959 0.01 0.8 53990.95642381933 53974.360736 54063.279897 3.383453983508829e-05 0.0 0.02 1.5079264047057126 -6.0 6.0 0.1767477022868255 -1.0 1.2 Success
13901 0.429816 0.01 0.8 54000.51997317599 53974.371318 54063.290909 1.456447723265907e-05 0.0 0.02 2.9120855638149488 -6.0 6.0 -0.01573232279662553 -1.0 1.2 Success
13902 0.323385 0.01 0.8 53990.98530984416 53959.277195 54063.197242 2.2604861353818267e-05 0.0 0.02 -0.3760818172584176 -6.0 6.0 -0.024246889574937293 -1.0 1.2 Success
13903 0.261982 0.01 0.8 53997.38115348915 53959.307123 54063.228007 1.9155132571682607e-05 0.0 0.02 1.3288771626417377 -6.0 6.0 -0.02035251928589204 -1.0 1.2 Success
13904 0.216231 0.01 0.8 54007.71566150171 53959.32629 54063.248041 5.3548381228278434e-05 0.0 0.02 1.1010820977556 -6.0 6.0 0.04760791980622165 -1.0 1.2 Success
13905 0.115131 0.01 0.8 54001.36485787629 53959.338485 54063.26123 9.95239120168926e-06 0.0 0.02 -2.5567016282313992 -6.0 6.0 0.9064344265266864 -1.0 1.2 Success
13907 0.195808 0.01 0.8 54007.760238449955 53974.350124 54063.268878 5.9778695361343324e-05 0.0 0.02 -0.10343245712760726 -6.0 6.0 0.14978408019799286 -1.0 1.2 Success
13908 0.238429 0.01 0.8 54003.18740885778 53974.355022 54063.273971 4.232224722624398e-05 0.0 0.02 0.0824001193464776 -6.0 6.0 0.06141755922255951 -1.0 1.2 Success
13909 0.291893 0.01 0.8 54010.709926305484 53974.356246 54063.275244 4.063080861269346e-05 0.0 0.02 1.0724225868417876 -6.0 6.0 -0.11617122202405608 -1.0 1.2 Success
13917 0.152221 0.01 0.8 54006.47906457877 53974.374566 54063.294308 1.8240410649242334e-05 0.0 0.02 5.746830418219906 -6.0 6.0 0.3915434423569471 -1.0 1.2 Success
13922 0.508076 0.01 0.8 54017.09629260189 53974.430355 54065.360159 1.3533179646129175e-05 0.0 0.02 5.636501296306627 -6.0 6.0 -0.2085332087894754 -1.0 1.2 Success
13926 0.806101 0.01 0.8 54025.16529825665 53959.28256 54063.20233 2.3726416043643428e-05 0.0 0.02 0.5748252832201617 -6.0 6.0 -0.407362863114021 -1.0 1.2 Success
13929 0.510055 0.01 0.8 54020.242453067964 53974.358294 54063.277321 1.9951270016187766e-05 0.0 0.02 5.86103127734886 -6.0 6.0 -0.30422159483436945 -1.0 1.2 Success
13932 0.183509 0.01 0.8 54008.319855651025 53974.412231 54065.341223 1.8544184570352783e-05 0.0 0.02 5.390140390263713 -6.0 6.0 0.11442279309449321 -1.0 1.2 Success
13933 0.43253 0.01 0.8 54008.34145828766 53974.24851 54063.163816 1.58010882243826e-05 0.0 0.02 0.6030936289044154 -6.0 6.0 -0.05421821832763239 -1.0 1.2 Success
13934 0.329309 0.01 0.8 54007.36532120538 53974.261862 54063.177523 1.8400941337662136e-05 0.0 0.02 -0.5764522105557736 -6.0 6.0 -0.027001029470073025 -1.0 1.2 Success
13940 0.233716 0.01 0.8 53994.685295130825 53974.374166 54063.293855 2.8467974810711878e-05 0.0 0.02 -2.0989810822179074 -6.0 6.0 0.19526492359909028 -1.0 1.2 Success
13942 0.528565 0.01 0.8 53988.06974959107 53974.38999 54063.310332 1.309691636974544e-05 0.0 0.02 2.3268000546372742 -6.0 6.0 0.07488801837705578 -1.0 1.2 Success
13946 0.244831 0.01 0.8 54004.72958716287 53974.402535 54065.331135 1.4702137097295462e-05 0.0 0.02 3.0808584401381873 -6.0 6.0 0.08627860891091921 -1.0 1.2 Success
13952 0.327845 0.01 0.8 54003.520301951394 53959.320173 54063.241667 2.0130077292468743e-05 0.0 0.02 3.285061343016741 -6.0 6.0 -0.03419457325254457 -1.0 1.2 Success
13953 0.260998 0.01 0.8 54006.61102385684 53959.334415 54063.256567 2.001380432830239e-05 0.0 0.02 3.053210664013858 -6.0 6.0 0.12106542527153179 -1.0 1.2 Success
13956 0.260698 0.01 0.8 54002.26018944926 53974.368463 54063.287974 1.5862616716059116e-05 0.0 0.02 -0.7826139034020151 -6.0 6.0 0.1272876592807923 -1.0 1.2 Success
13958 0.301176 0.01 0.8 54003.56775013036 53974.370904 54063.290514 4.3608255206102236e-05 0.0 0.02 -1.1203005320889166 -6.0 6.0 -0.17648681917928172 -1.0 1.2 Success
13962 0.356186 0.01 0.8 54012.438162820035 53974.386333 54063.306578 1.930566342938754e-05 0.0 0.02 5.861151353724766 -6.0 6.0 0.3945485329345054 -1.0 1.2 Success
13970 0.198765 0.01 0.8 54001.035705415234 53974.369679 54063.288835 2.3366382789908596e-05 0.0 0.02 -1.441024544260515 -6.0 6.0 0.06920488248276811 -1.0 1.2 Success
13971 0.260637 0.01 0.8 53993.61622037682 53974.376183 54063.295606 3.2633139505394545e-05 0.0 0.02 -0.4045938237267991 -6.0 6.0 -0.00036237053489307925 -1.0 1.2 Success
13998 0.121424 0.01 0.8 53986.82356693192 53959.203908 54063.125694 5.802248409133555e-06 0.0 0.02 -0.5270351991100355 -6.0 6.0 0.653343567772839 -1.0 1.2 Success
14005 0.70983 0.01 0.8 54009.742375525995 53959.199323 54063.121379 1.8950848751523666e-05 0.0 0.02 0.7732050862116389 -6.0 6.0 -0.24122994298563188 -1.0 1.2 Success
14019 0.215128 0.01 0.8 54012.206596904696 53960.181046 54068.107594 3.7392886024309826e-05 0.0 0.02 -0.2576002405559778 -6.0 6.0 0.034435390234394764 -1.0 1.2 Success
14024 0.144777 0.01 0.8 54011.18322613613 53960.185215 54068.11236 8.17354988136566e-05 0.0 0.02 -1.9485973128215817 -6.0 6.0 0.13417769453752387 -1.0 1.2 Success
14030 0.085421 0.01 0.8 54013.93729930942 53960.17431 54068.100783 5.9684199964068876e-05 0.0 0.02 3.6946243677778248 -6.0 6.0 0.4332683041986743 -1.0 1.2 Success
14035 0.280154 0.01 0.8 54007.39929553023 53960.273716 54062.21364 1.1850469457101377e-05 0.0 0.02 0.9572505239581515 -6.0 6.0 0.4526788344989358 -1.0 1.2 Success
14044 0.259247 0.01 0.8 54007.55191097031 53959.329559 54068.245396 1.046008401869346e-05 0.0 0.02 5.560022424646926 -6.0 6.0 -0.04454321266123974 -1.0 1.2 Success
14046 0.472527 0.01 0.8 53997.60858766382 53960.276999 54062.217073 1.1388600397214042e-05 0.0 0.02 -2.0937928317203283 -6.0 6.0 0.1051848508058619 -1.0 1.2 Success
14050 0.197063 0.01 0.8 53984.906614385334 53960.310983 54068.233041 2.0291538283442982e-05 0.0 0.02 -5.7601530519284 -6.0 6.0 -0.5012209261041477 -1.0 1.2 Success
14053 0.139907 0.01 0.8 54007.79791869629 53960.236974 54068.164959 9.215160525956154e-06 0.0 0.02 5.750096847425358 -6.0 6.0 0.8326661107258647 -1.0 1.2 Success
14066 0.829981 0.01 0.8 54005.887238319505 53960.304471 54068.226164 1.1846608931466238e-05 0.0 0.02 0.7247010123011504 -6.0 6.0 -0.3418216041164408 -1.0 1.2 Success
