analysis_pipeline/priors/sdss_salt2_2.4.ecsv
# %ECSV 0.9
# ---
# datatype:
# - name: obj_id
#   datatype: string
# - name: z
#   datatype: float64
# - name: z_min
#   datatype: float64
# - name: z_max
#   datatype: float64
# - name: t0
#   datatype: float64
# - name: t0_min
#   datatype: float64
# - name: t0_max
#   datatype: float64
# - name: x0
#   datatype: float64
# - name: x0_min
#   datatype: float64
# - name: x0_max
#   datatype: float64
# - name: x1
#   datatype: float64
# - name: x1_min
#   datatype: float64
# - name: x1_max
#   datatype: float64
# - name: c
#   datatype: float64
# - name: c_min
#   datatype: float64
# - name: c_max
#   datatype: float64
# schema: astropy-2.0
obj_id z z_min z_max t0 t0_min t0_max x0 x0_min x0_max x1 x1_min x1_max c c_min c_max
[from data line 312]
3475 0.299548 0.01 0.8 53643.02651274272 53601.313478 53704.216446 2.4770990525070655e-05 0.0 0.02 -3.9781459504244507 -6.0 6.0 -0.027242318867569244 -1.0 1.2
3479 0.252419 0.01 0.8 53667.21221718464 53601.338423 53704.242479 2.4659227051873324e-06 0.0 0.02 0.644170666064576 -6.0 6.0 0.36375910224992464 -1.0 1.2
3480 0.17373 0.01 0.8 53671.133201912984 53601.350642 53704.255256 3.626473014349418e-06 0.0 0.02 2.6266055805002675 -6.0 6.0 0.7306553285601401 -1.0 1.2
3488 0.15883 0.01 0.8 53646.34112796672 53608.172749 53704.082438 4.7912681228268224e-05 0.0 0.02 -0.08473872303618216 -6.0 6.0 0.30501014221700273 -1.0 1.2
3497 0.165352 0.01 0.8 53648.9376289299 53608.209457 53704.11923 2.2893734102131384e-05 0.0 0.02 3.390197458495625 -6.0 6.0 0.19399236717123103 -1.0 1.2
3508 0.495076 0.01 0.8 53644.38424421903 53601.355115 53704.259936 2.4459145496442494e-05 0.0 0.02 0.5532217578290034 -6.0 6.0 -0.10714259760125844 -1.0 1.2
3514 0.26267 0.01 0.8 53652.84224314006 53601.293349 53704.195463 4.864100419454404e-05 0.0 0.02 4.611374889654755 -6.0 6.0 0.10187867483315027 -1.0 1.2
3517 0.11202 0.01 0.8 53648.75181022421 53601.301168 53704.203591 2.964828303050674e-05 0.0 0.02 5.580321433153351 -6.0 6.0 0.4795691136897761 -1.0 1.2
3527 0.418798 0.01 0.8 53636.4678524225 53601.413332 53704.321342 1.289357701340173e-05 0.0 0.02 3.9345179420648924 -6.0 6.0 0.12706506397616021 -1.0 1.2
3532 0.181326 0.01 0.8 53625.67260802775 53601.427001 53704.335231 6.095299810650176e-06 0.0 0.02 1.4456070743242282 -6.0 6.0 0.8929095811421621 -1.0 1.2
3535 0.307551 0.01 0.8 53638.61477739422 53601.431417 53704.339853 2.7182744736258202e-05 0.0 0.02 1.1195699572373323 -6.0 6.0 0.05338258214253695 -1.0 1.2
3565 0.288229 0.01 0.8 53645.541455086284 53601.319203 53704.222456 3.870727176780696e-05 0.0 0.02 -0.8357507372279774 -6.0 6.0 -0.17986618502030108 -1.0 1.2
3572 0.432606 0.01 0.8 53632.35571085617 53601.327795 53704.23142 1.5340939088559782e-05 0.0 0.02 5.646247293779854 -6.0 6.0 -0.3956269498607333 -1.0 1.2
3573 0.214527 0.01 0.8 53622.81765412159 53601.328204 53704.231847 1.5425837017302097e-05 0.0 0.02 5.350382706266597 -6.0 6.0 0.45583005319686265 -1.0 1.2
3592 0.085433 0.01 0.8 53645.13014443239 53601.364037 53704.269318 0.000520076245137438 0.0 0.02 -0.14502146268963212 -6.0 6.0 -0.03159778436203108 -1.0 1.2
3593 0.35505 0.01 0.8 53626.33361093653 53601.365659 53704.271018 2.219916458413244e-05 0.0 0.02 1.523116172501041 -6.0 6.0 -0.002512679231821476 -1.0 1.2
3596 0.116969 0.01 0.8 53632.70665764577 53601.37417 53704.279932 5.930347923422688e-06 0.0 0.02 5.283812751738607 -6.0 6.0 1.1683003914222105 -1.0 1.2
3607 0.087854 0.01 0.8 53640.56851403896 53607.277194 53705.165946 2.0756445294621207e-05 0.0 0.02 3.5164617864214507 -6.0 6.0 0.7366756470021589 -1.0 1.2
3611 0.091615 0.01 0.8 53650.784007419556 53601.301564 53705.204887 2.4993121179742652e-05 0.0 0.02 5.290033205629877 -6.0 6.0 0.3773508445155093 -1.0 1.2
3644 0.214418 0.01 0.8 53655.79139023691 53601.379427 53704.28546 3.3663656343354137e-06 0.0 0.02 2.4851407329940676 -6.0 6.0 0.07975414424486621 -1.0 1.2
3723 0.405 0.01 0.8 53656.286505 53607.340824 53705.232186 0.01 0.0 0.02 0.0 -6.0 6.0 0.09999999999999998 -1.0 1.2
3729 0.25275 0.01 0.8 53673.09195350912 53607.282604 53705.171926 1.0034928180008892e-05 0.0 0.02 4.9237176704877434 -6.0 6.0 0.8542133639920851 -1.0 1.2
3740 0.234879 0.01 0.8 53639.429625124714 53607.347381 53705.238587 8.758916477905168e-06 0.0 0.02 4.723728247115313 -6.0 6.0 0.9004747959668212 -1.0 1.2
3746 0.188604 0.01 0.8 53618.50133682997 53601.339655 53705.244983 1.9021059219420146e-05 0.0 0.02 0.2193113736870584 -6.0 6.0 0.5870165689392749 -1.0 1.2
3757 0.069066 0.01 0.8 53646.7576166587 53607.3182 53705.208736 3.724159682833818e-05 0.0 0.02 -2.4998249933427936 -6.0 6.0 0.46338310751095013 -1.0 1.2
3775 0.137941 0.01 0.8 53634.21799986159 53601.349019 53705.254782 2.157773995371667e-05 0.0 0.02 -0.33447827195409546 -6.0 6.0 0.8181412682081626 -1.0 1.2
3780 0.360378 0.01 0.8 53641.74713597047 53607.340814 53705.231807 1.695682244518711e-05 0.0 0.02 3.535663303098379 -6.0 6.0 -0.006310852391877302 -1.0 1.2
3786 0.065163 0.01 0.8 53634.62317727776 53607.371072 53705.26372 1.0880997318490088e-05 0.0 0.02 4.680850693645207 -6.0 6.0 1.1715039915651517 -1.0 1.2
3805 0.246932 0.01 0.8 53643.28332544106 53607.361274 53705.253552 3.0163684381672826e-05 0.0 0.02 5.68235146686636 -6.0 6.0 -0.00023686692399472347 -1.0 1.2
3811 0.417873 0.01 0.8 53633.68415912691 53607.362907 53705.255255 1.8089920482710926e-05 0.0 0.02 -0.2092593065836563 -6.0 6.0 -0.03733794578303265 -1.0 1.2
3825 0.312029 0.01 0.8 53644.54633869718 53607.373099 53705.265893 2.488508301358994e-05 0.0 0.02 -1.0165856626129588 -6.0 6.0 0.005996934000015021 -1.0 1.2
3852 0.346735 0.01 0.8 53648.26511197384 53607.304165 53705.194175 2.5746615492942187e-05 0.0 0.02 1.088583481001745 -6.0 6.0 0.21106132622463109 -1.0 1.2
3858 0.146156 0.01 0.8 53626.498786786215 53607.308298 53705.198454 2.5063076007721622e-05 0.0 0.02 3.455381553872689 -6.0 6.0 0.7900341280142317 -1.0 1.2
3868 0.19463 0.01 0.8 53651.00770072234 53607.323147 53705.213423 9.286467300636399e-06 0.0 0.02 4.65672953027911 -6.0 6.0 0.722876886172579 -1.0 1.2
3871 0.535274 0.01 0.8 53656.26810697556 53607.300865 53705.190704 2.4707347459508047e-05 0.0 0.02 0.36670645264606233 -6.0 6.0 -0.6015752463444212 -1.0 1.2
3872 0.415137 0.01 0.8 53651.17936231553 53607.325617 53705.216415 1.0135679703086021e-05 0.0 0.02 3.9449470616795277 -6.0 6.0 -0.3943326357396408 -1.0 1.2
3881 0.32616 0.01 0.8 53636.71468284221 53601.289635 53704.192055 2.6903045453305273e-05 0.0 0.02 -0.31086039111497316 -6.0 6.0 -0.10658811015112457 -1.0 1.2
3887 0.297161 0.01 0.8 53620.99191280149 53607.355558 53705.247146 2.8570631874186403e-05 0.0 0.02 -1.615616780774157 -6.0 6.0 0.003853496770581928 -1.0 1.2
3888 0.116951 0.01 0.8 53643.983420652105 53601.332714 53704.236493 3.505455129961366e-05 0.0 0.02 2.396864085120186 -6.0 6.0 0.5154892574732356 -1.0 1.2
3889 0.227878 0.01 0.8 53634.43211076594 53601.333122 53704.23692 2.1098516220588777e-05 0.0 0.02 1.3532223686992244 -6.0 6.0 0.3584166221057324 -1.0 1.2
3901 0.061697 0.01 0.8 53656.39856429047 53601.352676 53705.25822 0.0010340306977023694 0.0 0.02 1.1723467047071023 -6.0 6.0 0.07872497791194961 -1.0 1.2
3903 0.043073 0.01 0.8 53616.244487419914 53601.345355 53704.249705 4.335129662710598e-05 0.0 0.02 -1.8739078775130318 -6.0 6.0 0.44779074811413083 -1.0 1.2
3935 0.641065 0.01 0.8 53656.96349116502 53607.410026 53705.304064 1.53321779988113e-05 0.0 0.02 0.5024449933174037 -6.0 6.0 -0.4143874858400134 -1.0 1.2
3936 0.178146 0.01 0.8 53627.208323633524 53601.398018 53705.306178 1.4190641116341295e-05 0.0 0.02 -5.6593737401166315 -6.0 6.0 -0.5744942911911852 -1.0 1.2
3945 0.260455 0.01 0.8 53644.36545228496 53607.286766 53705.176179 4.5379219498434443e-05 0.0 0.02 0.6248233048953901 -6.0 6.0 -0.11493833888725742 -1.0 1.2
3959 0.182509 0.01 0.8 53648.22041602999 53607.44792 53705.343685 2.628764161994186e-05 0.0 0.02 0.5245599058755935 -6.0 6.0 0.33801762889609155 -1.0 1.2
3967 0.103849 0.01 0.8 53633.099375967446 53607.395046 53705.288382 8.61643003253543e-06 0.0 0.02 0.9507898179896618 -6.0 6.0 0.8681240023788316 -1.0 1.2
3975 0.392269 0.01 0.8 53648.67157316321 53601.393177 53705.300664 1.9489759691345136e-05 0.0 0.02 -0.0989568080120979 -6.0 6.0 -0.008266663149277763 -1.0 1.2
3983 0.306494 0.01 0.8 53652.81188652784 53607.345331 53705.236897 3.771877787131186e-05 0.0 0.02 1.856518689144535 -6.0 6.0 -0.037682428911985755 -1.0 1.2
3987 0.122708 0.01 0.8 53633.345324087786 53607.363323 53705.255224 1.0045808709778627e-05 0.0 0.02 1.8567796476669958 -6.0 6.0 0.870345778599364 -1.0 1.2
4000 0.276556 0.01 0.8 53643.02858116052 53607.410033 53705.304034 2.9089551090678244e-05 0.0 0.02 -1.0912784539323739 -6.0 6.0 0.008473906574387895 -1.0 1.2
4012 0.02458 0.01 0.8 53647.722169176035 53607.456766 53705.353305 0.0009168158590018649 0.0 0.02 -2.0897711754872894 -6.0 6.0 0.30746486285111224 -1.0 1.2
4019 0.17999 0.01 0.8 53652.883573216604 53601.315511 53704.218628 6.747343270924926e-05 0.0 0.02 0.5229734722269366 -6.0 6.0 0.17727303717579518 -1.0 1.2
4028 0.343723 0.01 0.8 53646.94410957175 53601.342075 53704.24636 2.1588919266781434e-05 0.0 0.02 0.004538420298759227 -6.0 6.0 -0.0640786420045306 -1.0 1.2
4035 0.426249 0.01 0.8 53649.345205662416 53601.370519 53705.277382 2.2020175316079643e-05 0.0 0.02 0.3846208509541955 -6.0 6.0 -0.2433686941005713 -1.0 1.2
4046 0.275441 0.01 0.8 53645.72001927365 53601.297034 53704.199375 4.036426067652965e-05 0.0 0.02 1.029964248081858 -6.0 6.0 -0.002232086707678515 -1.0 1.2
4048 0.433246 0.01 0.8 53654.12058324109 53601.328204 53704.231847 2.034464116192136e-05 0.0 0.02 2.3804124048900874 -6.0 6.0 -0.21301787831958482 -1.0 1.2
4059 0.303065 0.01 0.8 53638.54978046447 53607.47361 53705.37048 2.603222584739263e-05 0.0 0.02 -0.330300742015736 -6.0 6.0 0.12161573246392672 -1.0 1.2
4062 0.151617 0.01 0.8 53639.26405187897 53601.430999 53704.339478 2.044083949714596e-05 0.0 0.02 5.847604092650852 -6.0 6.0 0.3169504018450769 -1.0 1.2
4064 0.1557 0.01 0.8 53646.416221465995 53601.436618 53705.346639 0.0001036381282277165 0.0 0.02 -1.195805655980051 -6.0 6.0 0.027767412303845145 -1.0 1.2
4070 0.233825 0.01 0.8 53623.132424885254 53601.34941 53704.254009 6.066461877785016e-06 0.0 0.02 2.8616870584211522 -6.0 6.0 0.7949674693048406 -1.0 1.2
4079 0.370462 0.01 0.8 53639.14575784073 53601.391556 53704.298148 2.1003588024977633e-05 0.0 0.02 0.03234903851987716 -6.0 6.0 -0.019396860557969974 -1.0 1.2
4110 0.372034 0.01 0.8 53640.5120403783 53607.330152 53705.220641 2.5167750913481855e-05 0.0 0.02 0.7796880022740384 -6.0 6.0 -0.14575523899483123 -1.0 1.2
4138 0.427588 0.01 0.8 53685.04527609118 53607.370668 53705.262853 2.710303342326791e-05 0.0 0.02 5.937876746025783 -6.0 6.0 -0.2724782657094569 -1.0 1.2
4163 0.405 0.01 0.8 53653.2229675 53601.271851 53705.174084 0.01 0.0 0.02 0.0 -6.0 6.0 0.09999999999999998 -1.0 1.2
4175 0.278076 0.01 0.8 53642.04729574303 53607.415697 53705.310342 1.2687724519875868e-05 0.0 0.02 -2.826430871281465 -6.0 6.0 -0.40423868852442446 -1.0 1.2
4181 0.28815 0.01 0.8 53647.27205361517 53607.428208 53705.323424 4.0099306856605647e-05 0.0 0.02 2.919137784424421 -6.0 6.0 -0.08969222223254204 -1.0 1.2
4206 0.289104 0.01 0.8 53640.480725012945 53601.29705 53704.199756 2.4462442724703026e-05 0.0 0.02 -1.4071322880233101 -6.0 6.0 0.11023212633098985 -1.0 1.2
4211 0.248729 0.01 0.8 53637.55028975137 53601.313482 53704.216429 1.3492393256529619e-05 0.0 0.02 3.4379016403001583 -6.0 6.0 0.04766987802176981 -1.0 1.2
4234 0.155181 0.01 0.8 53645.315791669724 53601.329026 53704.232685 1.6033123655997215e-07 0.0 0.02 -1.1176484888745544 -6.0 6.0 -0.17152179205887677 -1.0 1.2
4236 0.342829 0.01 0.8 53654.1487852012 53601.317176 53704.220259 3.289775307962358e-05 0.0 0.02 0.8661177793616428 -6.0 6.0 0.04991250101901212 -1.0 1.2
4240 0.465493 0.01 0.8 53643.08552831926 53601.340062 53704.244152 7.84108920510314e-06 0.0 0.02 1.8970245816129518 -6.0 6.0 -0.25793117439236585 -1.0 1.2
4241 0.330513 0.01 0.8 53638.36326557092 53601.34536 53704.24969 2.7220707946784146e-05 0.0 0.02 0.17758614581827994 -6.0 6.0 -0.046918296542123025 -1.0 1.2
4248 0.170217 0.01 0.8 53627.551002652894 53601.369735 53704.275202 1.1441742168616676e-05 0.0 0.02 5.711032756301149 -6.0 6.0 0.7885542483697842 -1.0 1.2
4262 0.220565 0.01 0.8 53645.755724317634 53601.375001 53704.281143 1.4375102706149555e-05 0.0 0.02 1.4210697268106378 -6.0 6.0 0.15815925628271854 -1.0 1.2
4268 0.095811 0.01 0.8 53647.38796171469 53607.3326 53705.223283 2.5836930593751284e-05 0.0 0.02 0.4352099438972581 -6.0 6.0 0.819255148799565 -1.0 1.2
4281 0.212157 0.01 0.8 53651.610515305736 53601.402469 53704.309921 0.00010575423227871271 0.0 0.02 0.16221577125501238 -6.0 6.0 -0.06162946833330943 -1.0 1.2
4304 0.211499 0.01 0.8 53643.11461296386 53607.399498 53705.293498 4.982892909907477e-06 0.0 0.02 -5.1131528925051235 -6.0 6.0 0.8103797348318567 -1.0 1.2
4307 0.270836 0.01 0.8 53648.08068607238 53607.40719 53705.301119 4.5066578378963394e-05 0.0 0.02 2.0234305175817613 -6.0 6.0 -0.0007201380395331442 -1.0 1.2
4311 0.295144 0.01 0.8 53652.2770174739 53607.412851 53705.307462 3.782498584892263e-05 0.0 0.02 0.23294871083893395 -6.0 6.0 -0.03651874309645983 -1.0 1.2
4313 0.390746 0.01 0.8 53642.080347306925 53607.423754 53705.318864 2.3609306259671534e-05 0.0 0.02 1.0683125266948146 -6.0 6.0 -0.14203790805993943 -1.0 1.2
4341 0.101555 0.01 0.8 53641.74509521431 53607.314072 53705.204475 1.0401357154652202e-06 0.0 0.02 -0.47959333133536436 -6.0 6.0 -0.3306409012854789 -1.0 1.2
4355 0.526062 0.01 0.8 53643.90504831602 53601.356728 53705.262931 8.763336851820797e-06 0.0 0.02 5.2737411693171445 -6.0 6.0 -0.18163814789910943 -1.0 1.2
4387 0.802772 0.01 0.8 53650.372584150646 53601.333122 53704.23692 5.848435198166147e-06 0.0 0.02 0.37472226263537345 -6.0 6.0 -0.2747222580496274 -1.0 1.2
4409 0.429098 0.01 0.8 53659.43828422335 53601.402056 53704.309108 1.1231799927638477e-05 0.0 0.02 5.167173529325845 -6.0 6.0 -0.35220873431494176 -1.0 1.2
4417 0.360538 0.01 0.8 53640.39861066829 53601.340058 53704.244167 1.5135019677111918e-05 0.0 0.02 0.03848494227216686 -6.0 6.0 0.05793607395923332 -1.0 1.2
4437 0.819428 0.01 0.8 53656.59668084331 53601.358369 53704.263322 8.756628222588033e-06 0.0 0.02 0.5872864122475396 -6.0 6.0 -0.37046364104578483 -1.0 1.2
4464 0.831566 0.01 0.8 53667.93155569883 53607.371885 53705.264587 1.1017268059861148e-05 0.0 0.02 1.2600622848085277 -6.0 6.0 -0.4078665794028225 -1.0 1.2
4480 0.337394 0.01 0.8 53634.46657642225 53601.379043 53704.284974 1.603729821043256e-05 0.0 0.02 5.809557609012442 -6.0 6.0 0.17744940989616734 -1.0 1.2
4482 0.471389 0.01 0.8 53634.35100789083 53601.380257 53704.286246 1.138923471721598e-05 0.0 0.02 5.171828288903497 -6.0 6.0 -0.3311358655952034 -1.0 1.2
4490 0.494599 0.01 0.8 53648.026127415804 53601.349822 53705.255665 1.0845602538172541e-05 0.0 0.02 -0.904201612537812 -6.0 6.0 0.18555211551087503 -1.0 1.2
4507 0.647735 0.01 0.8 53633.491856779554 53601.409311 53704.316688 1.6777810214737192e-05 0.0 0.02 -0.004074182877852663 -6.0 6.0 -0.3948690119633344 -1.0 1.2
4508 0.568272 0.01 0.8 53660.44947178594 53601.410117 53704.317532 1.6195341684851294e-05 0.0 0.02 1.6467640478291796 -6.0 6.0 -0.4793755087240422 -1.0 1.2
4519 0.185525 0.01 0.8 53636.31377993787 53601.421781 53704.329747 1.5083131141779025e-05 0.0 0.02 5.073849569019199 -6.0 6.0 0.029635998660548873 -1.0 1.2
4524 0.060897 0.01 0.8 53657.959087112984 53601.434633 53704.343195 0.002539654637612303 0.0 0.02 3.314357729638768 -6.0 6.0 0.35602062128399703 -1.0 1.2
4530 0.295229 0.01 0.8 53635.63976266546 53601.44466 53704.353678 1.9634534113323203e-05 0.0 0.02 -3.238508133475731 -6.0 6.0 0.05117499121879612 -1.0 1.2
4547 0.439751 0.01 0.8 53623.2094238903 53601.377414 53704.283734 1.9751378681048732e-05 0.0 0.02 1.0890802908461097 -6.0 6.0 -0.042496495332120306 -1.0 1.2
4572 0.382993 0.01 0.8 53643.71182067751 53601.410509 53704.317985 1.8676640452955405e-05 0.0 0.02 -1.30111688955432 -6.0 6.0 0.0721367071705117 -1.0 1.2
4577 0.361934 0.01 0.8 53648.12456678745 53601.416544 53704.324306 2.4826530543622655e-05 0.0 0.02 0.26031064173748514 -6.0 6.0 -0.07373915964015726 -1.0 1.2
4578 0.412515 0.01 0.8 53643.54943983962 53601.416544 53704.324727 2.122165945186352e-05 0.0 0.02 -0.15180887151173048 -6.0 6.0 -0.15010841333009153 -1.0 1.2
4612 0.393403 0.01 0.8 53640.66338127935 53601.349023 53705.254356 1.2142751668649487e-05 0.0 0.02 -0.19710133733953697 -6.0 6.0 0.02297729384226813 -1.0 1.2
4619 0.1788 0.01 0.8 53664.59181173545 53607.413664 53705.308292 1.4334311820528595e-05 0.0 0.02 5.464578176653987 -6.0 6.0 0.1574797602837878 -1.0 1.2
4627 0.289717 0.01 0.8 53650.08418323504 53607.390185 53705.283685 7.1450798231895e-05 0.0 0.02 3.30531251392288 -6.0 6.0 -0.09312989868830444 -1.0 1.2
