analysis_pipeline/priors/sdss_salt2_2.0.ecsv
# %ECSV 0.9
# ---
# datatype:
# - name: obj_id
#   datatype: string
# - name: z
#   datatype: float64
# - name: z_min
#   datatype: float64
# - name: z_max
#   datatype: float64
# - name: t0
#   datatype: float64
# - name: t0_min
#   datatype: float64
# - name: t0_max
#   datatype: float64
# - name: x0
#   datatype: float64
# - name: x0_min
#   datatype: float64
# - name: x0_max
#   datatype: float64
# - name: x1
#   datatype: float64
# - name: x1_min
#   datatype: float64
# - name: x1_max
#   datatype: float64
# - name: c
#   datatype: float64
# - name: c_min
#   datatype: float64
# - name: c_max
#   datatype: float64
# - name: message
#   datatype: string
# schema: astropy-2.0
obj_id z z_min z_max t0 t0_min t0_max x0 x0_min x0_max x1 x1_min x1_max c c_min c_max message
679 0.123663 0.01 0.8 53619.87409942135 53601.221902 53704.121861 6.559928399096569e-06 0.0 0.02 0.3827206466840989 -6.0 6.0 1.0725244838536614 -1.0 1.2 Success
682 0.047317 0.01 0.8 53649.66747950662 53601.232356 53705.133817 1.0420696261880088e-06 0.0 0.02 -1.1683205316025735 -6.0 6.0 -0.2694936184304772 -1.0 1.2 Success
688 0.066563 0.01 0.8 53624.29246516513 53601.265664 53704.166778 1.2356579752645461e-05 0.0 0.02 2.8829439499541696 -6.0 6.0 0.9053592612442273 -1.0 1.2 Success
691 0.129587 0.01 0.8 53618.81614882322 53601.228193 53704.128667 5.6219554019177985e-05 0.0 0.02 0.15855715813815288 -6.0 6.0 0.4413641531247312 -1.0 1.2 Success
694 0.126178 0.01 0.8 53624.92149459766 53601.229447 53705.130756 0.00012508794364278066 0.0 0.02 0.5955214654303087 -6.0 6.0 0.30599885413179423 -1.0 1.2 Success
697 0.155294 0.01 0.8 53623.730102520625 53601.243217 53705.144463 1.8292050984382203e-05 0.0 0.02 1.4628726692211267 -6.0 6.0 0.7066432196126068 -1.0 1.2 Success
701 0.205128 0.01 0.8 53607.64138183439 53601.241951 53704.142421 7.553006194173294e-05 0.0 0.02 -1.3331065593215172 -6.0 6.0 0.07557024351301127 -1.0 1.2 Success
703 0.296481 0.01 0.8 53626.47745677656 53601.246533 53704.147134 3.603583324468694e-05 0.0 0.02 0.6854315335683434 -6.0 6.0 0.013729750751999732 -1.0 1.2 Success
704 0.204966 0.01 0.8 53618.07480583583 53601.248214 53704.148801 2.5083846355037788e-05 0.0 0.02 0.63563340438842 -6.0 6.0 0.4417806239105756 -1.0 1.2 Success
711 0.405 0.01 0.8 53652.7132905 53601.26274 53704.163841 0.01 0.0 0.02 0.0 -6.0 6.0 0.09999999999999998 -1.0 1.2 "Fail bandpass 'sdss_sako18_g5' [3677.2, .., 5573.8] outside spectral range [4222.79, .., 19424.8] -"
716 0.322376 0.01 0.8 53639.16350969311 53601.287145 53705.190339 9.949357455310734e-05 0.0 0.02 5.991650331175549 -6.0 6.0 -0.054059870011213186 -1.0 1.2 Success
717 0.12901 0.01 0.8 53614.73929921933 53601.294564 53704.196808 1.575108629330264e-05 0.0 0.02 0.0195236551511394 -6.0 6.0 0.979983145476538 -1.0 1.2 Success
722 0.085038 0.01 0.8 53623.02974961644 53601.313876 53704.216903 0.0002222980068157952 0.0 0.02 -0.3308558825693007 -6.0 6.0 0.24871273526833107 -1.0 1.2 Success
735 0.189482 0.01 0.8 53613.89988895933 53601.333922 53704.237819 5.324672563265601e-05 0.0 0.02 -3.162430804173148 -6.0 6.0 0.11995792488300734 -1.0 1.2 Success
739 0.106421 0.01 0.8 53613.17705207777 53601.35185 53704.256563 0.00024083129713247325 0.0 0.02 -1.4426867840315818 -6.0 6.0 0.06786886888887357 -1.0 1.2 Success
744 0.12694 0.01 0.8 53618.80068974738 53601.226928 53704.126985 0.0001476733126328001 0.0 0.02 0.1598340138914058 -6.0 6.0 0.15938852140110638 -1.0 1.2 Success
762 0.190088 0.01 0.8 53625.24016670015 53601.354311 53704.259479 9.052611967426314e-05 0.0 0.02 1.067126477420218 -6.0 6.0 -0.005466377339538475 -1.0 1.2 Success
764 0.185808 0.01 0.8 53622.06023742438 53601.360811 53704.265857 1.965544168679112e-05 0.0 0.02 5.492998786671495 -6.0 6.0 0.3455037913131785 -1.0 1.2 Success
765 0.259902 0.01 0.8 53629.45977248316 53601.394382 53704.301532 2.730388756979796e-05 0.0 0.02 5.606008936442197 -6.0 6.0 -0.2978420339448441 -1.0 1.2 Success
770 0.041464 0.01 0.8 53629.05078022826 53601.398013 53704.304914 9.113695403729672e-06 0.0 0.02 4.705231698099651 -6.0 6.0 1.1843777771703676 -1.0 1.2 Success
772 0.20925 0.01 0.8 53624.19306529839 53601.399626 53704.307026 1.5121466169839853e-05 0.0 0.02 4.902320516607658 -6.0 6.0 0.6024639189006363 -1.0 1.2 Success
774 0.092269 0.01 0.8 53615.8634772795 53601.381476 53704.287502 0.0003397642010392976 0.0 0.02 -0.7338022633142993 -6.0 6.0 0.10763918974368072 -1.0 1.2 Success
779 0.236938 0.01 0.8 53626.95624513861 53601.38471 53704.290891 5.523788506593661e-05 0.0 0.02 0.4429324819270034 -6.0 6.0 0.03945670670074732 -1.0 1.2 Success
782 0.131251 0.01 0.8 53629.83689519387 53601.41332 53704.32095 3.37736940639764e-05 0.0 0.02 5.946569679354428 -6.0 6.0 0.7042449141361659 -1.0 1.2 Success
792 0.04282 0.01 0.8 53622.683879973396 53601.434617 53704.343242 1.5191311195920115e-05 0.0 0.02 2.022623948380091 -6.0 6.0 0.873150159605462 -1.0 1.2 Success
799 0.146407 0.01 0.8 53613.15008864373 53601.25818 53704.159114 5.7633692712788615e-05 0.0 0.02 -0.3964926142724956 -6.0 6.0 -0.45901834297100114 -1.0 1.2 Success
818 0.237174 0.01 0.8 53614.415402761806 53601.421385 53704.329311 3.2352368308052735e-05 0.0 0.02 -1.3829481128317644 -6.0 6.0 0.24300690431617578 -1.0 1.2 Success
822 0.236635 0.01 0.8 53621.84274887082 53601.421787 53704.330152 4.837054195921095e-05 0.0 0.02 -0.648061242328643 -6.0 6.0 -0.059835639250153116 -1.0 1.2 Success
830 0.38623 0.01 0.8 53682.42520014315 53601.426207 53704.334779 3.6860092804488164e-05 0.0 0.02 5.8401489447353105 -6.0 6.0 -0.23299218875239477 -1.0 1.2 Success
841 0.298318 0.01 0.8 53624.76175187871 53601.443061 53704.352405 3.40791776674347e-05 0.0 0.02 0.883444711977122 -6.0 6.0 -0.11434531155044517 -1.0 1.2 Success
859 0.276728 0.01 0.8 53624.248583885565 53601.285913 53704.188235 4.5290500136200366e-05 0.0 0.02 0.696954167292229 -6.0 6.0 0.041588190021381394 -1.0 1.2 Success
863 0.092949 0.01 0.8 53626.72409914238 53601.297451 53704.199788 1.8470959301014582e-05 0.0 0.02 5.176023301358169 -6.0 6.0 0.7230247978480375 -1.0 1.2 Success
875 0.104044 0.01 0.8 53627.15856675751 53601.259017 53704.159957 1.232149721593205e-05 0.0 0.02 2.3117700275855855 -6.0 6.0 1.1920908869904232 -1.0 1.2 Success
879 0.451353 0.01 0.8 53661.155262287386 53601.271455 53704.173235 5.4016014634472e-05 0.0 0.02 5.967063774049082 -6.0 6.0 -0.3469927447537901 -1.0 1.2 Success
893 0.108834 0.01 0.8 53620.30652516148 53601.32699 53704.230537 5.502849967816424e-05 0.0 0.02 -0.9641014911738138 -6.0 6.0 0.13980645327108868 -1.0 1.2 Success
895 0.266814 0.01 0.8 53615.300212865965 53601.348201 53704.253128 2.491712269128086e-05 0.0 0.02 -0.28267853307888113 -6.0 6.0 0.33290714226983015 -1.0 1.2 Success
896 0.423446 0.01 0.8 53655.83962985371 53601.350236 53704.255256 1.723667540382431e-05 0.0 0.02 5.430060483141418 -6.0 6.0 -0.3905151353858189 -1.0 1.2 Success
904 0.383892 0.01 0.8 53618.852478804045 53601.369321 53704.275234 2.742336341380194e-05 0.0 0.02 2.259837852921653 -6.0 6.0 -0.2614817583385358 -1.0 1.2 Success
907 0.105466 0.01 0.8 53643.08891171573 53601.398831 53704.305729 3.598419866155413e-05 0.0 0.02 5.93749706304595 -6.0 6.0 0.9066841423193783 -1.0 1.2 Success
910 0.147747 0.01 0.8 53618.04962974186 53601.33353 53704.237346 5.814593585416408e-05 0.0 0.02 0.4160608073222431 -6.0 6.0 0.37413008772672046 -1.0 1.2 Success
911 0.206325 0.01 0.8 53621.99108221903 53601.416953 53704.324712 3.6870787865371784e-05 0.0 0.02 -0.548923930338823 -6.0 6.0 0.23469089067577764 -1.0 1.2 Success
921 0.125781 0.01 0.8 53630.31716109914 53601.457475 53705.367973 6.214486936960902e-06 0.0 0.02 5.5877850612928635 -6.0 6.0 1.1211423602696997 -1.0 1.2 Success
930 0.288698 0.01 0.8 53657.30769432098 53601.351053 53705.256485 4.1776884674926524e-05 0.0 0.02 5.952186750987018 -6.0 6.0 -0.17949725618267243 -1.0 1.2 Success
932 0.390036 0.01 0.8 53619.55439984228 53601.38915 53704.295563 2.185401873188481e-05 0.0 0.02 3.730304923452534 -6.0 6.0 0.0652933867029634 -1.0 1.2 Success
938 0.760567 0.01 0.8 53676.979595902674 53601.411727 53704.319218 7.692452254814858e-06 0.0 0.02 1.3230267436136165 -6.0 6.0 -0.41996168929048067 -1.0 1.2 Success
979 0.291144 0.01 0.8 53618.09781983469 53601.247361 53704.148008 2.584530745483455e-05 0.0 0.02 0.721569837348681 -6.0 6.0 0.21147882625709197 -1.0 1.2 Success
983 0.067238 0.01 0.8 53627.98422317851 53601.269781 53704.17114 1.9309264757717714e-05 0.0 0.02 5.827720230025152 -6.0 6.0 1.089868864755221 -1.0 1.2 Success
986 0.279009 0.01 0.8 53618.31246080234 53601.292499 53704.194686 3.026842348428359e-05 0.0 0.02 0.3081578103669584 -6.0 6.0 -0.0036353164412330436 -1.0 1.2 Success
1000 0.128293 0.01 0.8 53614.181778633196 53601.374975 53704.28122 0.00011346770882469492 0.0 0.02 -2.1680086902681754 -6.0 6.0 0.04599298789346521 -1.0 1.2 Success
1008 0.225039 0.01 0.8 53623.11410953199 53601.388725 53704.295625 7.10300839775463e-05 0.0 0.02 0.7165928227411368 -6.0 6.0 -0.021788040192773812 -1.0 1.2 Success
1027 0.185416 0.01 0.8 53625.70224572395 53601.423368 53704.331492 8.586666421162388e-06 0.0 0.02 5.183544723230347 -6.0 6.0 0.8766486879682157 -1.0 1.2 Success
1031 0.114804 0.01 0.8 53618.63125212381 53601.436217 53705.3458 2.6300833664267714e-05 0.0 0.02 0.11679317138494955 -6.0 6.0 0.8394099305410171 -1.0 1.2 Success
1032 0.129033 0.01 0.8 53626.79912996054 53601.438624 53704.347453 0.00010319431739854599 0.0 0.02 -2.463979848899048 -6.0 6.0 0.11840351462656339 -1.0 1.2 Success
1041 0.065187 0.01 0.8 53620.24285265096 53601.447043 53704.356252 5.10792288046762e-05 0.0 0.02 0.4817015819636726 -6.0 6.0 0.8556061002892581 -1.0 1.2 Success
1112 0.256085 0.01 0.8 53629.880555846335 53607.267208 53705.156046 3.7767364634385836e-05 0.0 0.02 -0.35491623910071113 -6.0 6.0 0.0010154520716859857 -1.0 1.2 Success
1113 0.055632 0.01 0.8 53634.474456808246 53607.270544 53705.159045 0.00014622196650417325 0.0 0.02 5.977376254326177 -6.0 6.0 0.48512927376767445 -1.0 1.2 Success
1119 0.296391 0.01 0.8 53622.443695070375 53607.215192 53705.102995 3.5428380810998404e-05 0.0 0.02 1.2133593010445363 -6.0 6.0 -0.09134398860599706 -1.0 1.2 Success
1126 0.113914 0.01 0.8 53613.94110819685 53607.225302 53705.113265 8.672585861474938e-05 0.0 0.02 -2.3903360580781055 -6.0 6.0 0.3429321252415453 -1.0 1.2 Success
1127 0.076085 0.01 0.8 53651.3559136884 53607.326445 53705.217254 3.601429187031361e-05 0.0 0.02 1.701690033155116 -6.0 6.0 1.1107140580103827 -1.0 1.2 Success
1131 0.172432 0.01 0.8 53634.237672342075 53607.237489 53705.12568 1.536694948304137e-05 0.0 0.02 5.349547656063287 -6.0 6.0 0.3185415497794835 -1.0 1.2 Success
1150 0.456315 0.01 0.8 53686.00617953326 53607.324375 53705.214737 1.0273052350425098e-05 0.0 0.02 4.954281087035051 -6.0 6.0 -0.17879701557723113 -1.0 1.2 Success
1151 0.361362 0.01 0.8 53616.191777255815 53607.368625 53705.261183 3.926017111967698e-05 0.0 0.02 1.4342692380616286 -6.0 6.0 -0.16344936141131824 -1.0 1.2 Success
1153 0.338423 0.01 0.8 53633.61568491195 53607.370256 53705.26246 2.1904604384187722e-05 0.0 0.02 5.249389278072258 -6.0 6.0 0.41042120357323164 -1.0 1.2 Success
1158 0.410115 0.01 0.8 53627.52946076651 53607.3727 53705.265437 2.2267276341409305e-05 0.0 0.02 -3.857451339296995 -6.0 6.0 -0.029881986265920268 -1.0 1.2 Success
1166 0.380494 0.01 0.8 53631.36203624903 53607.351052 53705.242915 2.579661710293254e-05 0.0 0.02 1.6149002959640977 -6.0 6.0 0.005291534698261028 -1.0 1.2 Success
1170 0.32846 0.01 0.8 53618.85176203329 53607.353506 53705.245472 1.9858653712768106e-05 0.0 0.02 3.3654985044172627 -6.0 6.0 0.2837610054981929 -1.0 1.2 Success
1174 0.405 0.01 0.8 53656.3061675 53607.360045 53705.25229 0.01 0.0 0.02 0.0 -6.0 6.0 0.09999999999999998 -1.0 1.2 "Fail bandpass 'sdss_sako18_r6' [5404.6, .., 6981.7] outside spectral range [6765.79, .., 31122.6] -"
1176 0.70546 0.01 0.8 53687.107715954 53607.365351 53705.257399 2.2135791558980784e-05 0.0 0.02 -0.46127264745177876 -6.0 6.0 -0.34770538581349875 -1.0 1.2 Success
1181 0.602537 0.01 0.8 53662.5459120467 53607.403559 53705.297263 1.7578038852305853e-05 0.0 0.02 5.568707431711598 -6.0 6.0 -0.28216184107872927 -1.0 1.2 Success
1184 0.548751 0.01 0.8 53623.084936429186 53607.388953 53705.282051 1.8407246592501537e-05 0.0 0.02 -2.0792555754611612 -6.0 6.0 -0.6245347899948056 -1.0 1.2 Success
1196 0.368957 0.01 0.8 53678.7708666943 53607.229522 53705.117482 3.053153600777168e-05 0.0 0.02 5.692758454259965 -6.0 6.0 -0.11577835133761043 -1.0 1.2 Success
1198 0.118439 0.01 0.8 53635.77260592394 53607.224474 53705.111918 1.2980212397505047e-05 0.0 0.02 5.552949972221312 -6.0 6.0 1.083075500740522 -1.0 1.2 Success
1209 0.241036 0.01 0.8 53619.3779633776 53607.426578 53705.321395 5.769610925234625e-05 0.0 0.02 0.577497700621945 -6.0 6.0 0.0060422943999241235 -1.0 1.2 Success
1214 0.263798 0.01 0.8 53619.28505976609 53607.43504 53705.330664 3.2328535633238514e-05 0.0 0.02 0.07168418348083727 -6.0 6.0 -0.3928498127962199 -1.0 1.2 Success
1223 0.405 0.01 0.8 53656.372730999996 53607.425379 53705.320083 0.01 0.0 0.02 0.0 -6.0 6.0 0.09999999999999998 -1.0 1.2 "Fail bandpass 'sdss_sako18_g3' [3677.2, .., 5573.8] outside spectral range [4553.31, .., 20945.2] -"
1241 0.088477 0.01 0.8 53635.39089693803 53607.263455 53705.152174 0.00033243041375170297 0.0 0.02 -0.49447688041299753 -6.0 6.0 0.09126873553935012 -1.0 1.2 Success
1243 0.196967 0.01 0.8 53618.76187883382 53607.274711 53705.163741 3.110919659368261e-05 0.0 0.02 1.947436549580623 -6.0 6.0 0.23045170583763955 -1.0 1.2 Success
1248 0.781457 0.01 0.8 53675.06864068179 53607.223204 53705.111093 1.6576795525026552e-05 0.0 0.02 0.14697812514519226 -6.0 6.0 -0.4058633403270726 -1.0 1.2 Success
1251 0.178299 0.01 0.8 53641.96802155883 53607.441492 53705.33735 1.667243922202928e-05 0.0 0.02 5.801801730082181 -6.0 6.0 0.5823769039823868 -1.0 1.2 Success
1253 0.261657 0.01 0.8 53634.25194873915 53607.224887 53705.112377 5.004036930334986e-05 0.0 0.02 -0.8746406677020279 -6.0 6.0 -0.10013349424128849 -1.0 1.2 Success
1277 0.143396 0.01 0.8 53623.80051415547 53607.244218 53705.132026 1.4483812759038958e-05 0.0 0.02 0.7778549320835292 -6.0 6.0 0.839574375629904 -1.0 1.2 Success
1281 0.289319 0.01 0.8 53640.763731601604 53607.243369 53705.131644 7.075508984202501e-05 0.0 0.02 5.97165057612619 -6.0 6.0 0.09493666775765143 -1.0 1.2 Success
1293 0.405 0.01 0.8 53656.200844 53607.256765 53705.144923 0.01 0.0 0.02 0.0 -6.0 6.0 0.09999999999999998 -1.0 1.2 "Fail bandpass 'sdss_sako18_g4' [3677.2, .., 5573.8] outside spectral range [3959.74, .., 18214.8] -"
1298 0.225088 0.01 0.8 53608.41302404511 53607.232873 53705.120526 7.90668400278155e-05 0.0 0.02 -0.3428463088152655 -6.0 6.0 -0.14579576953811532 -1.0 1.2 Success
1311 0.260328 0.01 0.8 53615.86849726939 53607.250905 53705.13937 3.0134274048443406e-05 0.0 0.02 -3.8755189996076598 -6.0 6.0 -0.47068043686287114 -1.0 1.2 Success
1316 0.215653 0.01 0.8 53620.78135939982 53607.255925 53705.144082 6.34267925105643e-05 0.0 0.02 0.2756943452963428 -6.0 6.0 -0.04872442396185207 -1.0 1.2 Success
1329 0.087806 0.01 0.8 53627.022486830785 53607.263862 53705.152221 1.417293901342522e-05 0.0 0.02 0.7663026918098911 -6.0 6.0 1.1692856330913557 -1.0 1.2 Success
1351 0.174548 0.01 0.8 53614.694534189926 53607.331796 53705.22235 7.095800467426223e-05 0.0 0.02 -1.1642989108292026 -6.0 6.0 0.0947292876893488 -1.0 1.2 Success
1354 0.247914 0.01 0.8 53621.72636949646 53607.31119 53705.201021 2.6682132657705424e-05 0.0 0.02 -0.6743974028792525 -6.0 6.0 0.19648700309570588 -1.0 1.2 Success
1364 0.217423 0.01 0.8 53629.64178344201 53607.378811 53705.271356 3.8154220557452294e-05 0.0 0.02 5.006037164017719 -6.0 6.0 0.06783001239685688 -1.0 1.2 Success
1371 0.117969 0.01 0.8 53633.30907228385 53607.296297 53705.18563 0.0003677025320964654 0.0 0.02 0.8032936264647026 -6.0 6.0 -0.05705604391981229 -1.0 1.2 Success
1372 0.067849 0.01 0.8 53637.04595231874 53607.38897 53705.282396 3.896543028233124e-05 0.0 0.02 5.96621171515743 -6.0 6.0 0.755013322738165 -1.0 1.2 Success
1378 0.124747 0.01 0.8 53626.80601473258 53607.395462 53705.288758 2.4822462043200823e-05 0.0 0.02 1.0588590401586824 -6.0 6.0 0.5190511526984918 -1.0 1.2 Success
1385 0.335346 0.01 0.8 53624.235232463114 53607.349422 53705.241177 3.036889560915386e-05 0.0 0.02 0.7118706244517183 -6.0 6.0 -0.11249276198235282 -1.0 1.2 Success
1395 0.184968 0.01 0.8 53623.022907225255 53607.319024 53705.209591 8.611593873877275e-05 0.0 0.02 -1.2427401306609425 -6.0 6.0 0.060774141553006915 -1.0 1.2 Success
1396 0.271554 0.01 0.8 53618.55034161095 53607.319848 53705.210446 4.8987137491918096e-05 0.0 0.02 2.6806377580395235 -6.0 6.0 0.14902596145797437 -1.0 1.2 Success
1400 0.277262 0.01 0.8 53615.29904716331 53607.369843 53705.262475 2.6183398554941142e-05 0.0 0.02 1.9319169907260878 -6.0 6.0 0.36908087967216213 -1.0 1.2 Success
