analysis_pipeline/priors/sdss_4_salt2_2.4.ecsv
# %ECSV 0.9
# ---
# datatype:
# - name: obj_id
#   datatype: string
# - name: t0
#   datatype: float64
# - name: t0_min
#   datatype: float64
# - name: t0_max
#   datatype: float64
# - name: x0
#   datatype: float64
# - name: x0_min
#   datatype: float64
# - name: x0_max
#   datatype: float64
# - name: x1
#   datatype: float64
# - name: x1_min
#   datatype: float64
# - name: x1_max
#   datatype: float64
# - name: c
#   datatype: float64
# - name: c_min
#   datatype: float64
# - name: c_max
#   datatype: float64
# schema: astropy-2.0
obj_id t0 t0_min t0_max x0 x0_min x0_max x1 x1_min x1_max c c_min c_max
[from data line 254]
2808 0.313378 53601.451061 53704.360407 53627.966966971515 0.0 0.02 3.198040629521325e-05 -6.0 6.0 1.1614635715466464 -1.0 1.2
2855 0.243729 53607.369848 53705.262034 53643.98549822775 0.0 0.02 5.660453858009746e-05 -6.0 6.0 0.6721945532492337 -1.0 1.2
2864 0.242608 53607.323981 53705.214231 53644.791899824726 0.0 0.02 6.309806831614755e-05 -6.0 6.0 0.4376569633520107 -1.0 1.2
2871 0.290779 53607.351069 53705.242835 53634.04212544549 0.0 0.02 2.7654217596302996e-05 -6.0 6.0 -0.46233595182926235 -1.0 1.2
2898 0.02525 53607.420538 53705.31502 53628.20915082618 0.0 0.02 2.651604128663863e-05 -6.0 6.0 -1.4256854210155534 -1.0 1.2
2906 0.234856 53607.40397 53705.298077 53641.81012742281 0.0 0.02 0.0001311533510969434 -6.0 6.0 -1.880608010422705 -1.0 1.2
2913 0.169728 53607.443912 53705.33984 53650.37495485764 0.0 0.02 1.3980346328667538e-05 -6.0 6.0 4.112481108207125 -1.0 1.2
2916 0.12303 53607.20253 53705.090151 53644.0045537424 0.0 0.02 0.0001391111350562906 -6.0 6.0 -0.5529890911560328 -1.0 1.2
2926 0.302749 53607.337121 53705.227964 53637.311148042645 0.0 0.02 3.825405512626236e-05 -6.0 6.0 0.5723929324147983 -1.0 1.2
2928 0.148851 53607.338763 53705.230099 53644.98599594423 0.0 0.02 8.21398693238875e-05 -6.0 6.0 -0.143159022145283 -1.0 1.2
2929 0.118996 53601.336779 53705.241635 53643.66732748092 0.0 0.02 5.775067202030145e-05 -6.0 6.0 1.9136767099667022 -1.0 1.2
2943 0.264048 53607.37391 53705.266334 53640.65427673243 0.0 0.02 4.6411373084126486e-05 -6.0 6.0 0.5240072158595821 -1.0 1.2
2970 0.082938 53607.397476 53705.291364 53635.17018652172 0.0 0.02 0.00019290009578014537 -6.0 6.0 5.9796516020240205 -1.0 1.2
2986 0.045116 53607.403562 53705.29767 53629.175163659944 0.0 0.02 2.146470479356226e-05 -6.0 6.0 0.4939697618982627 -1.0 1.2
2992 0.126077 53607.475621 53705.372955 53641.30094362188 0.0 0.02 0.0001295638715642025 -6.0 6.0 -0.9537611739982804 -1.0 1.2
3049 0.165342 53607.24296 53705.130741 53645.341892474244 0.0 0.02 0.00011832267420979706 -6.0 6.0 0.36579269776550843 -1.0 1.2
3050 0.09956 53607.243379 53705.131169 53645.598384125056 0.0 0.02 4.920448659528594e-05 -6.0 6.0 2.218238011800248 -1.0 1.2
3063 0.09047 53601.334351 53704.238183 53631.17121274255 0.0 0.02 0.00019167799085037737 -6.0 6.0 0.39334996483325013 -1.0 1.2
3065 0.154383 53607.261788 53705.150017 53628.10628438181 0.0 0.02 1.524836330769223e-05 -6.0 6.0 -0.1801735914424881 -1.0 1.2
3077 0.244054 53601.22651 53705.127361 53648.48067065147 0.0 0.02 6.447010927657637e-05 -6.0 6.0 -0.12229955807510431 -1.0 1.2
3080 0.173146 53601.358374 53704.263306 53647.670296849305 0.0 0.02 0.00012702592183341436 -6.0 6.0 0.1667859384987489 -1.0 1.2
3087 0.164306 53601.367708 53704.273079 53648.900772969384 0.0 0.02 0.0001257315394965512 -6.0 6.0 0.5875627104765103 -1.0 1.2
3092 0.113517 53601.269377 53704.170679 53646.05328259557 0.0 0.02 8.103321062763458e-07 -6.0 6.0 -0.9557164172926748 -1.0 1.2
3150 0.33168 53601.24155 53705.143178 53634.37271494839 0.0 0.02 1.9600169907410964e-05 -6.0 6.0 0.16169864771894485 -1.0 1.2
3159 1.537698 53607.237923 53705.125617 53662.50159594813 0.0 0.02 1.7402189919325906e-05 -6.0 6.0 0.5017374552561127 -1.0 1.2
3161 0.370041 53608.187532 53704.097053 53642.54856294653 0.0 0.02 1.5072915080221723e-05 -6.0 6.0 -0.9976577715961079 -1.0 1.2
3172 0.315382 53601.246542 53705.146605 53617.00991455599 0.0 0.02 2.3374471608194666e-05 -6.0 6.0 -0.165652231114004 -1.0 1.2
3175 0.220288 53601.433033 53704.341501 53630.2944385866 0.0 0.02 3.868117789843487e-05 -6.0 6.0 1.3679763626301533 -1.0 1.2
3180 0.245505 53601.331478 53704.235245 53642.593708605746 0.0 0.02 2.9162965653492295e-05 -6.0 6.0 -0.9245310613426224 -1.0 1.2
3193 0.528563 53608.222036 53704.132157 53609.5110913002 0.0 0.02 3.641084338368153e-05 -6.0 6.0 -0.9878946373806761 -1.0 1.2
3195 0.298507 53601.33556 53704.239936 53636.761803542446 0.0 0.02 3.1936097356745164e-05 -6.0 6.0 -2.058473646211444 -1.0 1.2
3199 0.249612 53601.238193 53705.139814 53647.346318366086 0.0 0.02 3.859334413442438e-05 -6.0 6.0 1.6397263938256332 -1.0 1.2
3203 0.695643 53601.345751 53704.250162 53643.27605301314 0.0 0.02 8.964853416474786e-06 -6.0 6.0 -0.02520804845971708 -1.0 1.2
3206 0.415501 53601.349008 53705.254829 53635.28374615942 0.0 0.02 1.6378419488143923e-05 -6.0 6.0 0.12553985732891265 -1.0 1.2
3225 0.34057 53601.375795 53704.281613 53633.16728734037 0.0 0.02 2.1254086606900827e-05 -6.0 6.0 0.4991181805861823 -1.0 1.2
3241 0.257823 53607.193232 53705.080721 53646.79901904377 0.0 0.02 4.804403261088893e-05 -6.0 6.0 0.7392258947566955 -1.0 1.2
3246 0.336281 53607.208874 53705.096105 53637.18892991235 0.0 0.02 1.952185258484771e-05 -6.0 6.0 5.630634386123671 -1.0 1.2
3248 0.650291 53607.210563 53705.097816 53651.9662596966 0.0 0.02 2.5183454261248608e-05 -6.0 6.0 0.6554761116056171 -1.0 1.2
3256 0.106938 53607.240019 53705.128203 53652.37220350414 0.0 0.02 0.0002177497332588725 -6.0 6.0 -0.5034382945003992 -1.0 1.2
3265 1.828339 53607.268043 53705.156903 53609.07849699827 0.0 0.02 6.501267537443199e-05 -6.0 6.0 0.2853155854093317 -1.0 1.2
3271 0.625249 53601.329016 53704.232717 53677.73033476445 0.0 0.02 1.0743497131132001e-05 -6.0 6.0 4.262517578020792 -1.0 1.2
3293 0.131102 53601.419359 53704.327253 53623.07487057906 0.0 0.02 1.2211927717782677e-05 -6.0 6.0 2.9214461560199503 -1.0 1.2
3294 0.121619 53601.373355 53704.279099 53644.638707938924 0.0 0.02 5.5596356602462404e-05 -6.0 6.0 3.6995333219463973 -1.0 1.2
3317 0.159901 53601.385498 53704.2918 53646.47873000212 0.0 0.02 0.0001213375695606456 -6.0 6.0 -0.610308867956804 -1.0 1.2
3329 0.121793 53601.403254 53704.310405 53642.766679798784 0.0 0.02 4.000801839925017e-05 -6.0 6.0 1.3027843884965347 -1.0 1.2
3331 0.212097 53601.405671 53704.313359 53650.09752146351 0.0 0.02 5.8837554148148497e-05 -6.0 6.0 -0.06432857828057569 -1.0 1.2
3341 0.430018 53601.419354 53704.327268 53639.13501452209 0.0 0.02 1.5196676386696845e-05 -6.0 6.0 1.481035373659543 -1.0 1.2
3368 0.376543 53601.432204 53704.341158 53633.12891545465 0.0 0.02 2.4733747046044418e-05 -6.0 6.0 1.3986401764012273 -1.0 1.2
3372 0.156478 53607.196609 53705.084168 53634.029793925816 0.0 0.02 8.376118196701813e-06 -6.0 6.0 5.631710690927651 -1.0 1.2
3377 0.244478 53601.45826 53704.367961 53646.023341693486 0.0 0.02 6.477373396677005e-05 -6.0 6.0 1.1100266256206779 -1.0 1.2
3391 0.809285 53608.210293 53704.120118 53642.346214303194 0.0 0.02 9.370431906263321e-06 -6.0 6.0 0.37012174802644116 -1.0 1.2
3400 0.177075 53607.248812 53705.1368 53647.11897697782 0.0 0.02 1.1585644235621832e-05 -6.0 6.0 5.310318079761536 -1.0 1.2
3403 0.465775 53607.251742 53705.139798 53675.28679908175 0.0 0.02 7.937011560792622e-06 -6.0 6.0 0.46850660637472374 -1.0 1.2
3426 0.231166 53607.275533 53705.164216 53642.69582412944 0.0 0.02 5.4918909354655045e-05 -6.0 6.0 -0.37355860396006507 -1.0 1.2
3451 0.248351 53601.240284 53704.141136 53645.29743578572 0.0 0.02 6.497656477933695e-05 -6.0 6.0 0.6828981437764683 -1.0 1.2
3452 0.229666 53601.24361 53704.14285 53648.46794505243 0.0 0.02 7.295355056524237e-05 -6.0 6.0 0.8612027910668284 -1.0 1.2
3475 0.299548 53601.316796 53704.216446 53643.01485187236 0.0 0.02 2.371459219633979e-05 -6.0 6.0 -3.718101474927212 -1.0 1.2
3479 0.252419 53601.338423 53704.242479 53665.41992005076 0.0 0.02 2.531700403125309e-06 -6.0 6.0 0.7526513108171504 -1.0 1.2
3480 0.17373 53601.350642 53704.255256 53670.474709552705 0.0 0.02 3.572233272271663e-06 -6.0 6.0 2.688905535675612 -1.0 1.2
3488 0.15883 53608.172749 53704.082438 53646.30439995431 0.0 0.02 4.8101961193623385e-05 -6.0 6.0 -0.12146553970569852 -1.0 1.2
3497 0.165352 53608.210286 53704.11923 53648.63420005744 0.0 0.02 2.4450878770938407e-05 -6.0 6.0 2.8699719158205466 -1.0 1.2
3508 0.495076 53601.355115 53704.259936 53644.38826547247 0.0 0.02 2.3811552797500293e-05 -6.0 6.0 0.5471387123088507 -1.0 1.2
3514 0.26267 53601.293349 53704.195463 53652.77479917683 0.0 0.02 5.021101255305128e-05 -6.0 6.0 4.275229388477486 -1.0 1.2
3517 0.11202 53601.301168 53704.203591 53648.73724737017 0.0 0.02 3.085424916562945e-05 -6.0 6.0 5.506182866431242 -1.0 1.2
3527 0.418798 53601.413332 53704.321342 53636.142469180406 0.0 0.02 1.3045296089542051e-05 -6.0 6.0 3.340463398718145 -1.0 1.2
3532 0.181326 53601.427001 53704.334402 53626.286764522 0.0 0.02 5.762081376892912e-06 -6.0 6.0 1.6395536977822291 -1.0 1.2
3535 0.307551 53601.431417 53704.339853 53638.67505850604 0.0 0.02 2.732602282699485e-05 -6.0 6.0 1.0742464419245572 -1.0 1.2
3565 0.288229 53608.309648 53704.222456 53645.55530547082 0.0 0.02 3.7969681248088006e-05 -6.0 6.0 -0.5954336980264108 -1.0 1.2
3572 0.432606 53601.327795 53704.23142 53633.525095464815 0.0 0.02 1.961551202207752e-05 -6.0 6.0 0.6169529171350414 -1.0 1.2
3573 0.214527 53601.328204 53704.231847 53623.26425172693 0.0 0.02 1.5087839342714914e-05 -6.0 6.0 5.364221202408228 -1.0 1.2
3592 0.085433 53601.364037 53704.269318 53645.11281982269 0.0 0.02 0.0005152910952832987 -6.0 6.0 -0.11314907223325806 -1.0 1.2
3593 0.35505 53601.365659 53704.271018 53626.56440648997 0.0 0.02 2.2394786014892997e-05 -6.0 6.0 1.3669011440868695 -1.0 1.2
3596 0.116969 53601.37417 53704.279932 53641.11567175488 0.0 0.02 5.835308858515146e-06 -6.0 6.0 3.9297728342869274 -1.0 1.2
3607 0.087854 53607.277194 53705.165946 53640.64764270358 0.0 0.02 2.121461425652558e-05 -6.0 6.0 3.5884673618678087 -1.0 1.2
3611 0.091615 53601.301564 53705.204887 53650.74245912544 0.0 0.02 2.5382444761243434e-05 -6.0 6.0 5.276527334156315 -1.0 1.2
3644 0.214418 53601.379427 53704.28546 53655.593572938196 0.0 0.02 3.4223990713152925e-06 -6.0 6.0 2.3113434070234953 -1.0 1.2
3723 2.118006 53607.340824 53705.232186 53639.55019153358 0.0 0.02 0.001972275185548397 -6.0 6.0 -2.907214167424666 -1.0 1.2
3729 0.25275 53607.282604 53705.171926 53673.37335748611 0.0 0.02 9.793146123969911e-06 -6.0 6.0 4.195839300198754 -1.0 1.2
3740 0.234879 53607.347381 53705.238587 53639.336356463114 0.0 0.02 9.427798848867315e-06 -6.0 6.0 5.066291159714442 -1.0 1.2
3746 0.188604 53601.339655 53705.244983 53618.568643184284 0.0 0.02 1.8855336965424678e-05 -6.0 6.0 0.13831252285843798 -1.0 1.2
3757 0.069066 53607.3182 53705.208736 53646.71271165731 0.0 0.02 5.0020230448572624e-05 -6.0 6.0 -2.912550778670174 -1.0 1.2
3775 0.137941 53601.349019 53705.254782 53634.15071032989 0.0 0.02 2.1410193029211264e-05 -6.0 6.0 -0.4259853416639498 -1.0 1.2
3780 0.360378 53607.340814 53705.231807 53641.8709988716 0.0 0.02 1.710189178191572e-05 -6.0 6.0 3.3690883329467685 -1.0 1.2
3786 0.065163 53607.371072 53705.26372 53634.60188486883 0.0 0.02 1.0906431676252658e-05 -6.0 6.0 4.68926502396267 -1.0 1.2
3805 0.246932 53607.361274 53705.253552 53643.22428629288 0.0 0.02 3.084278553770464e-05 -6.0 6.0 5.664934198018463 -1.0 1.2
3811 0.417873 53607.362907 53705.255255 53633.732447714916 0.0 0.02 1.7700261105552957e-05 -6.0 6.0 -0.07450159183201069 -1.0 1.2
3825 0.312029 53607.373099 53705.265893 53644.50679471741 0.0 0.02 2.5562055278666597e-05 -6.0 6.0 -1.2290349816721586 -1.0 1.2
3852 0.346735 53607.304165 53705.194175 53648.46077598464 0.0 0.02 2.3440397794706828e-05 -6.0 6.0 1.8475167983955871 -1.0 1.2
3858 0.146156 53607.308298 53705.198454 53626.96654056518 0.0 0.02 2.4160333225622184e-05 -6.0 6.0 4.1461608005734325 -1.0 1.2
3868 0.19463 53607.323147 53705.213423 53650.329123290896 0.0 0.02 1.0320897396028477e-05 -6.0 6.0 4.394229355788023 -1.0 1.2
3871 0.535274 53607.300865 53705.190704 53656.884208787415 0.0 0.02 2.7150127534203924e-05 -6.0 6.0 0.1468188717467767 -1.0 1.2
3872 0.415137 53607.325617 53705.216415 53649.47254765688 0.0 0.02 1.4238228842641954e-05 -6.0 6.0 0.6020356343507102 -1.0 1.2
3881 0.32616 53601.289635 53704.192055 53636.62748055855 0.0 0.02 2.7244096497290378e-05 -6.0 6.0 -0.3685243960326625 -1.0 1.2
3887 0.297161 53607.355558 53705.247146 53621.57735056075 0.0 0.02 2.6581475069528277e-05 -6.0 6.0 -1.3761473805464972 -1.0 1.2
3888 0.116951 53601.332714 53704.236493 53644.011001175626 0.0 0.02 3.5451827690918126e-05 -6.0 6.0 2.3771012574843984 -1.0 1.2
3889 0.227878 53601.333122 53704.23692 53634.4880269707 0.0 0.02 2.102911929133798e-05 -6.0 6.0 1.550526751009703 -1.0 1.2
3901 0.061697 53601.352676 53705.25822 53656.37330070647 0.0 0.02 0.00104153499374381 -6.0 6.0 1.1748907617488213 -1.0 1.2
3903 0.043073 53601.345355 53704.249705 53616.1646995943 0.0 0.02 4.6897296134648e-05 -6.0 6.0 -2.0375618047095903 -1.0 1.2
3935 0.641065 53607.410026 53705.304064 53656.936207876526 0.0 0.02 1.554676300308913e-05 -6.0 6.0 0.49876874694192275 -1.0 1.2
3936 0.178146 53601.398018 53705.306178 53627.26341398399 0.0 0.02 1.2122988512781149e-05 -6.0 6.0 -5.575697657304652 -1.0 1.2
3945 0.260455 53607.286766 53705.176179 53644.16731761722 0.0 0.02 4.585008462385945e-05 -6.0 6.0 0.7385147977776562 -1.0 1.2
3959 0.182509 53607.44792 53705.343685 53648.21318593399 0.0 0.02 2.6458478138204942e-05 -6.0 6.0 0.45265659474814063 -1.0 1.2
3967 0.103849 53607.395046 53705.288382 53632.1759123761 0.0 0.02 7.659310804912306e-06 -6.0 6.0 0.6291337131760288 -1.0 1.2
3975 0.392269 53601.393177 53705.300664 53648.67036794947 0.0 0.02 1.9110247698440065e-05 -6.0 6.0 0.15011243602160756 -1.0 1.2
3983 0.306494 53607.345331 53705.236897 53652.716479262876 0.0 0.02 3.957271409906408e-05 -6.0 6.0 1.376848667785885 -1.0 1.2
3987 0.122708 53607.363323 53705.255224 53633.44189187724 0.0 0.02 9.967167867341309e-06 -6.0 6.0 1.8971977104231066 -1.0 1.2
4000 0.276556 53607.410033 53705.304034 53643.178519374174 0.0 0.02 2.8792316452056757e-05 -6.0 6.0 -0.9380151580848175 -1.0 1.2
4012 0.02458 53607.456766 53705.353305 53647.641701682725 0.0 0.02 0.0009871897355873652 -6.0 6.0 -2.115049187494432 -1.0 1.2
4019 0.17999 53608.305943 53704.218628 53652.89543474998 0.0 0.02 6.771877981675093e-05 -6.0 6.0 0.5212714813220006 -1.0 1.2
4028 0.343723 53601.342075 53704.24636 53647.01588628609 0.0 0.02 2.175123791293952e-05 -6.0 6.0 0.1277124887160556 -1.0 1.2
4035 0.426249 53601.370519 53705.277382 53649.243688255185 0.0 0.02 2.2656789021447402e-05 -6.0 6.0 0.22449052722802093 -1.0 1.2
4046 0.275441 53601.297034 53704.199375 53645.766964471266 0.0 0.02 4.0718188435474844e-05 -6.0 6.0 0.9047298631369374 -1.0 1.2
4048 0.433246 53601.328204 53704.231847 53653.55972988863 0.0 0.02 2.283459799972761e-05 -6.0 6.0 0.9801231645216162 -1.0 1.2
4059 0.303065 53607.47361 53705.37048 53638.61703457228 0.0 0.02 2.562348240758628e-05 -6.0 6.0 -0.1247154320739295 -1.0 1.2
4062 0.151617 53601.430999 53704.339478 53638.87108237178 0.0 0.02 2.0648349006279358e-05 -6.0 6.0 5.843456194824134 -1.0 1.2
4064 0.1557 53601.436618 53705.346639 53646.38578721494 0.0 0.02 0.0001023875367122743 -6.0 6.0 -1.1698346027558948 -1.0 1.2
4070 0.233825 53601.34941 53704.254009 53622.81047397479 0.0 0.02 6.338578503381558e-06 -6.0 6.0 3.6999817013351803 -1.0 1.2
4079 0.370462 53601.391556 53704.298148 53639.10013108846 0.0 0.02 2.1253026623391762e-05 -6.0 6.0 -0.3376676836106902 -1.0 1.2
4110 0.372034 53607.330152 53705.220641 53640.27196044652 0.0 0.02 2.4868577877366805e-05 -6.0 6.0 0.7233026087007192 -1.0 1.2
4138 0.427588 53607.370668 53705.262853 53681.68227089223 0.0 0.02 3.370555798328243e-05 -6.0 6.0 0.43252587141764426 -1.0 1.2
4163 1.900454 53601.271851 53705.174084 53668.983160819305 0.0 0.02 1.2206424530124157e-05 -6.0 6.0 0.39828359121318174 -1.0 1.2
4175 0.278076 53607.415697 53705.309513 53642.36883383919 0.0 0.02 1.195599886370488e-05 -6.0 6.0 -1.1087548722321774 -1.0 1.2
4181 0.28815 53607.428208 53705.323424 53647.14578159136 0.0 0.02 4.201709903351034e-05 -6.0 6.0 2.232945754486329 -1.0 1.2
4206 0.289104 53601.29705 53704.199756 53640.37920111731 0.0 0.02 2.4325896372598548e-05 -6.0 6.0 -1.2763749239244329 -1.0 1.2
4211 0.248729 53601.316799 53704.216429 53637.24590250828 0.0 0.02 1.3916488739036394e-05 -6.0 6.0 3.2510325635926476 -1.0 1.2
4234 0.155181 53601.329026 53704.232685 53638.05184164695 0.0 0.02 1.8640670038717816e-07 -6.0 6.0 -1.1075251241999347 -1.0 1.2
