analysis_pipeline/priors/sdss_salt2_2.4.ecsv
# %ECSV 0.9
# ---
# datatype:
# - name: obj_id
#   datatype: string
# - name: z
#   datatype: float64
# - name: z_min
#   datatype: float64
# - name: z_max
#   datatype: float64
# - name: t0
#   datatype: float64
# - name: t0_min
#   datatype: float64
# - name: t0_max
#   datatype: float64
# - name: x0
#   datatype: float64
# - name: x0_min
#   datatype: float64
# - name: x0_max
#   datatype: float64
# - name: x1
#   datatype: float64
# - name: x1_min
#   datatype: float64
# - name: x1_max
#   datatype: float64
# - name: c
#   datatype: float64
# - name: c_min
#   datatype: float64
# - name: c_max
#   datatype: float64
# - name: message
#   datatype: string
# schema: astropy-2.0
obj_id z z_min z_max t0 t0_min t0_max x0 x0_min x0_max x1 x1_min x1_max c c_min c_max message
[from data line 1253]
14077 0.405 0.01 0.8 54011.7258285 53960.263018 54063.188639 0.01 0.0 0.02 0.0 -6.0 6.0 0.09999999999999998 -1.0 1.2 "Fail bandpass 'sdss_sako18_g2' [3677.2, .., 5573.8] outside spectral range [3876.23, .., 17830.6] -"
14090 0.355628 0.01 0.8 53998.140638023775 53960.332569 54068.255605 1.1218371213236047e-05 0.0 0.02 -0.11429213903621974 -6.0 6.0 0.3409722357558041 -1.0 1.2 Success
14093 0.452413 0.01 0.8 54005.13123654768 53960.373041 54068.297626 1.6983180563868453e-05 0.0 0.02 -0.14387256954670796 -6.0 6.0 -0.09657232054649514 -1.0 1.2 Success
14098 0.405 0.01 0.8 54014.372633499996 53960.409241 54068.336026 0.01 0.0 0.02 0.0 -6.0 6.0 0.09999999999999998 -1.0 1.2 "Fail bandpass 'sdss_sako18_g1' [3677.2, .., 5573.8] outside spectral range [6154.49, .., 28310.7] -"
14108 0.132428 0.01 0.8 54010.22418381357 53960.445697 54068.373742 9.831614581736567e-05 0.0 0.02 0.2789266755759731 -6.0 6.0 0.11627770220982855 -1.0 1.2 Success
14111 0.451119 0.01 0.8 54012.68693114162 53960.370614 54068.295524 1.1878699490962073e-05 0.0 0.02 5.707171679649118 -6.0 6.0 0.1841401158582134 -1.0 1.2 Success
14113 0.241161 0.01 0.8 53997.74442795834 53960.378275 54068.303142 4.652483074731805e-05 0.0 0.02 -0.853463555591011 -6.0 6.0 0.17073479415437165 -1.0 1.2 Success
14115 0.802617 0.01 0.8 53999.931308814645 53960.383511 54068.308638 8.686708626481099e-06 0.0 0.02 0.2733591952618606 -6.0 6.0 -0.22701008570605852 -1.0 1.2 Success
14137 0.311058 0.01 0.8 53995.52714946315 53960.453284 54068.382117 1.7650166013104304e-05 0.0 0.02 -0.07460469516686795 -6.0 6.0 0.019641940708510962 -1.0 1.2 Success
14141 0.166154 0.01 0.8 53980.982211981514 53960.371004 54068.295978 1.4463136894644785e-05 0.0 0.02 4.923056159510128 -6.0 6.0 0.37943597069957735 -1.0 1.2 Success
14142 0.65426 0.01 0.8 54013.28282177295 53960.37544 54068.300635 5.918536802348897e-06 0.0 0.02 0.18889381155316715 -6.0 6.0 -0.4950455286078312 -1.0 1.2 Success
14143 0.348702 0.01 0.8 54018.01151284784 53960.37544 54068.300635 1.621464773630752e-05 0.0 0.02 5.77188508359569 -6.0 6.0 -0.034692879803988004 -1.0 1.2 Success
14149 0.534992 0.01 0.8 54003.61148817902 53960.409622 54068.336073 1.262701062050257e-05 0.0 0.02 0.7388615675436968 -6.0 6.0 0.018993896374414697 -1.0 1.2 Success
14153 0.180794 0.01 0.8 53974.94204167054 53960.43407 54068.362084 5.3579433544557456e-05 0.0 0.02 -1.528980697135246 -6.0 6.0 0.17077276071119235 -1.0 1.2 Success
14157 0.210825 0.01 0.8 54013.59195064732 53960.43886 54068.367134 8.205794099870114e-05 0.0 0.02 1.3502343361317375 -6.0 6.0 0.008628664846326229 -1.0 1.2 Success
14162 0.461182 0.01 0.8 54014.7305162855 53960.381879 54068.306994 1.0645660657864004e-05 0.0 0.02 5.624041761367876 -6.0 6.0 -0.37793862952624885 -1.0 1.2 Success
14166 0.040571 0.01 0.8 54012.42366555897 53960.452069 54068.380897 3.788777077912168e-05 0.0 0.02 0.8555447913969855 -6.0 6.0 1.196853915416459 -1.0 1.2 Success
14169 0.341769 0.01 0.8 54000.65867792551 53960.3722 54068.296856 1.8041384829193152e-05 0.0 0.02 -1.0963370392500067 -6.0 6.0 0.3114904299234522 -1.0 1.2 Success
14177 0.29214 0.01 0.8 54000.45863191902 53960.239434 54068.167592 1.184746229098572e-05 0.0 0.02 -2.2385070791247608 -6.0 6.0 0.3671987873439735 -1.0 1.2 Success
14186 0.311611 0.01 0.8 54015.278335377654 53960.240256 54068.168463 3.469613612592232e-05 0.0 0.02 0.6612312417135305 -6.0 6.0 0.04196731917062276 -1.0 1.2 Success
14193 0.149221 0.01 0.8 53983.61322874451 53960.298306 54068.219406 1.3301691327579396e-05 0.0 0.02 4.046911000775169 -6.0 6.0 0.6030821196612486 -1.0 1.2 Success
14195 0.808105 0.01 0.8 54010.75274485289 53959.315681 54068.230938 5.981009832607783e-06 0.0 0.02 0.33970418032144445 -6.0 6.0 -0.38303005244000554 -1.0 1.2 Success
14205 0.252308 0.01 0.8 53992.90464010592 53974.358282 54063.27738 5.3129827548193674e-05 0.0 0.02 -1.5549372738057723 -6.0 6.0 -0.007732269557459334 -1.0 1.2 Success
14212 0.203078 0.01 0.8 54013.06073572764 53960.219486 54068.14747 6.601890282306596e-05 0.0 0.02 -0.22985032386248885 -6.0 6.0 0.01591920868910218 -1.0 1.2 Success
14215 0.014464 0.01 0.8 54039.259099298266 53974.362353 54063.281634 3.943871613432984e-05 0.0 0.02 1.33429394929019 -6.0 6.0 1.196085357950995 -1.0 1.2 Success
14223 0.343494 0.01 0.8 54002.92494387689 53974.224629 54063.138962 1.055847237414743e-05 0.0 0.02 4.813556227328565 -6.0 6.0 0.0857956137742379 -1.0 1.2 Success
14224 0.126867 0.01 0.8 54000.04992272738 53974.228408 54063.142819 1.7630363069461864e-05 0.0 0.02 5.610113413745801 -6.0 6.0 0.8724758558638421 -1.0 1.2 Success
14228 0.279638 0.01 0.8 54005.07503093738 53974.268107 54063.183945 1.7976144894137238e-05 0.0 0.02 2.3030307782478703 -6.0 6.0 -0.16898886284760217 -1.0 1.2 Success
14250 0.36566 0.01 0.8 54009.58947445263 53962.391279 54063.265025 2.1997962582329125e-05 0.0 0.02 2.6911418161811222 -6.0 6.0 -0.006804593501149519 -1.0 1.2 Success
14255 0.18895 0.01 0.8 53996.40591574265 53974.352579 54063.271412 6.014840166041883e-06 0.0 0.02 1.482758643168895 -6.0 6.0 0.9751432845792372 -1.0 1.2 Success
14260 0.365997 0.01 0.8 53992.37016610735 53974.455669 54065.386477 2.791339415711765e-05 0.0 0.02 0.3295180516362696 -6.0 6.0 -0.06901052579765336 -1.0 1.2 Success
14261 0.284362 0.01 0.8 54018.92661563972 53974.222942 54063.137706 3.967850398951562e-05 0.0 0.02 0.7927038900433272 -6.0 6.0 0.038890494135084636 -1.0 1.2 Success
14274 0.171798 0.01 0.8 54021.77734830126 53959.330773 54068.246675 5.091371159750201e-07 0.0 0.02 -1.2028019906799712 -6.0 6.0 -0.1445987278142435 -1.0 1.2 Success
14279 0.044283 0.01 0.8 54022.20616091253 53974.361953 54063.281181 0.0015406266042365356 0.0 0.02 -0.21693266451208104 -6.0 6.0 0.13660771488488668 -1.0 1.2 Success
14284 0.180366 0.01 0.8 54014.66940733146 53974.444433 54065.374775 0.0001238818478009498 0.0 0.02 -0.32496915004740096 -6.0 6.0 -0.017413800984535953 -1.0 1.2 Success
14298 0.260699 0.01 0.8 54012.46936106376 53959.177913 54063.099611 4.5803112859345955e-05 0.0 0.02 1.3622579066255227 -6.0 6.0 -0.028668136876196213 -1.0 1.2 Success
14299 0.208079 0.01 0.8 54015.129313762634 53959.174166 54063.095686 1.5765496222149707e-05 0.0 0.02 4.403626925018727 -6.0 6.0 0.23392225238465494 -1.0 1.2 Success
14311 0.334618 0.01 0.8 54010.55075084736 53959.184232 54063.10599 1.785764580514269e-05 0.0 0.02 0.18396151860050405 -6.0 6.0 0.10938655510249307 -1.0 1.2 Success
14317 0.179776 0.01 0.8 54017.54042879161 53959.180027 54063.101722 9.624315082147106e-05 0.0 0.02 -0.31492395258355615 -6.0 6.0 0.059122943877319 -1.0 1.2 Success
14318 0.056579 0.01 0.8 54063.171773783295 53974.257275 54063.172827 0.0004840043260616391 0.0 0.02 -5.191800616550662 -6.0 6.0 0.06863131874002878 -1.0 1.2 Success
14323 0.62779 0.01 0.8 53966.82671279006 53959.302634 54063.223298 1.598971673330524e-05 0.0 0.02 0.05432542854074351 -6.0 6.0 -0.5156766043828489 -1.0 1.2 Success
14327 0.419115 0.01 0.8 54006.86726551296 53959.314073 54063.235245 1.5211706854625515e-05 0.0 0.02 0.7935541413953254 -6.0 6.0 -0.12959732899741602 -1.0 1.2 Success
14329 0.161057 0.01 0.8 54017.54006552168 53959.325891 54063.248028 3.117218167181425e-05 0.0 0.02 5.463929412730419 -6.0 6.0 0.25513494940873016 -1.0 1.2 Success
14330 0.251339 0.01 0.8 54012.77514188205 53959.327112 54063.24888 2.7353688559674685e-05 0.0 0.02 -1.3063046257564843 -6.0 6.0 0.2719601887214301 -1.0 1.2 Success
14331 0.21975 0.01 0.8 54013.90275229328 53959.329146 54063.251008 5.423587852588311e-05 0.0 0.02 0.25341519714605365 -6.0 6.0 -0.0666986180736435 -1.0 1.2 Success
14333 0.268718 0.01 0.8 54015.5489929275 53974.355844 54063.274807 4.716591555664991e-05 0.0 0.02 -0.6361376761622378 -6.0 6.0 -0.15023381407833555 -1.0 1.2 Success
14338 0.140866 0.01 0.8 53999.7864701222 53974.24893 54063.16423 5.670212868564362e-06 0.0 0.02 4.80151723102285 -6.0 6.0 1.0897702624306647 -1.0 1.2 Success
14339 0.574868 0.01 0.8 54014.84034088677 53974.256445 54063.17194 1.745486609992215e-05 0.0 0.02 5.714812574282579 -6.0 6.0 -0.11976058156927463 -1.0 1.2 Success
14340 0.275878 0.01 0.8 54008.123235657746 53974.272269 54063.188211 3.4049347348047845e-05 0.0 0.02 -0.8321568245152238 -6.0 6.0 0.03563615392089488 -1.0 1.2 Success
14342 0.432028 0.01 0.8 53999.29027197213 53974.411418 54065.340412 1.569384434787299e-05 0.0 0.02 3.2377671089709303 -6.0 6.0 0.22463861813953345 -1.0 1.2 Success
14343 0.341448 0.01 0.8 54014.15660482161 53959.309595 54063.230522 3.824935578825702e-05 0.0 0.02 1.1429718688552486 -6.0 6.0 -0.05581921245218444 -1.0 1.2 Success
14346 0.211888 0.01 0.8 54010.16696121001 53959.327125 54063.248849 1.765919685500772e-05 0.0 0.02 1.255029707607234 -6.0 6.0 0.2242372791951049 -1.0 1.2 Success
14349 0.485097 0.01 0.8 54006.788219585134 53974.398089 54063.318327 1.3764944414655335e-05 0.0 0.02 5.64240394650133 -6.0 6.0 -0.20490761341743677 -1.0 1.2 Success
14375 0.322219 0.01 0.8 54009.9511571509 53974.414649 54065.34334 3.6285516617687325e-05 0.0 0.02 1.3824932311094695 -6.0 6.0 0.09204020328306682 -1.0 1.2 Success
14377 0.138717 0.01 0.8 54014.69753986936 53974.442425 54065.372685 9.902272471903794e-05 0.0 0.02 0.11061093368401252 -6.0 6.0 0.1448771800772325 -1.0 1.2 Success
14379 0.405 0.01 0.8 54019.9214755 53974.456074 54065.386877 0.01 0.0 0.02 0.0 -6.0 6.0 0.09999999999999998 -1.0 1.2 "Fail Timeout - defaulting to middle point"
14382 0.416098 0.01 0.8 53997.6820704236 53959.305079 54068.219803 1.1937586487596043e-05 0.0 0.02 -1.444803712441224 -6.0 6.0 -0.09167348817308757 -1.0 1.2 Success
14383 0.612488 0.01 0.8 54047.82402079901 53959.311207 54068.22621 1.1417496134742528e-05 0.0 0.02 1.0000036501471308 -6.0 6.0 -0.4208003500589275 -1.0 1.2 Success
14387 0.554241 0.01 0.8 54014.20355761929 53960.354847 54068.278594 9.435692673397937e-06 0.0 0.02 5.403648437278054 -6.0 6.0 -0.3074820748847597 -1.0 1.2 Success
14389 0.23163 0.01 0.8 54006.380622858305 53974.38512 54063.305297 2.0754900283233767e-05 0.0 0.02 -0.07827974975924955 -6.0 6.0 0.28702959061009176 -1.0 1.2 Success
14390 0.354802 0.01 0.8 54011.371970498534 53974.399293 54063.320056 1.2427433011909957e-05 0.0 0.02 5.751099428996109 -6.0 6.0 -0.3812671190567609 -1.0 1.2 Success
14397 0.384917 0.01 0.8 54014.26131188499 53959.326282 54063.248482 2.2011054871456892e-05 0.0 0.02 -0.9764342079754698 -6.0 6.0 -0.1952923712632201 -1.0 1.2 Success
14398 0.117751 0.01 0.8 53989.326751767316 53974.448844 54065.379399 1.0815012815779417e-05 0.0 0.02 1.0521643317600897 -6.0 6.0 0.798880020486583 -1.0 1.2 Success
14403 0.288427 0.01 0.8 54009.045557079306 53974.357466 54063.276531 3.271595828484868e-05 0.0 0.02 -0.7481305656941436 -6.0 6.0 -0.15003619254501868 -1.0 1.2 Success
14405 0.289811 0.01 0.8 54011.59894907281 53974.400099 54063.320913 1.0072207104194316e-05 0.0 0.02 5.246237104363407 -6.0 6.0 -0.21041898887553095 -1.0 1.2 Success
14414 0.191079 0.01 0.8 54005.649360372554 53959.289503 54063.209671 1.970366795260006e-05 0.0 0.02 4.1986784974299995 -6.0 6.0 0.20893482521874546 -1.0 1.2 Success
14415 0.158055 0.01 0.8 54005.83465297113 53959.316497 54063.237845 1.7462181890819707e-05 0.0 0.02 5.765261381566521 -6.0 6.0 0.5014630847505476 -1.0 1.2 Success
14419 0.132971 0.01 0.8 54007.67975780796 53974.391596 54063.312077 3.562518445342155e-05 0.0 0.02 -3.143103212919776 -6.0 6.0 0.50362398976638 -1.0 1.2 Success
14421 0.173997 0.01 0.8 54010.784455564964 53974.398072 54063.318822 0.00011109065233344449 0.0 0.02 -0.857248331221012 -6.0 6.0 -0.14837076454187578 -1.0 1.2 Success
14437 0.147915 0.01 0.8 54009.927429879455 53960.224098 54068.152106 0.00017558002333251227 0.0 0.02 0.6607946425484875 -6.0 6.0 -0.02886490168097284 -1.0 1.2 Success
14438 0.295953 0.01 0.8 54016.9270157948 53960.246088 54068.174813 4.082356613383172e-05 0.0 0.02 1.8613269181190855 -6.0 6.0 -0.05172570509432695 -1.0 1.2 Success
14441 0.568937 0.01 0.8 54038.59809904155 53960.19195 54068.118718 1.2888673296520424e-05 0.0 0.02 5.541228668990719 -6.0 6.0 -0.28397368450935445 -1.0 1.2 Success
14444 0.24442 0.01 0.8 54013.93043397791 53960.236967 54068.164975 4.2554410379628886e-05 0.0 0.02 -0.9792899133247427 -6.0 6.0 -0.09958877534625342 -1.0 1.2 Success
14445 0.235476 0.01 0.8 54008.62697979744 53960.248564 54068.177399 3.074773225231818e-05 0.0 0.02 -2.305795228253028 -6.0 6.0 0.058273994874084314 -1.0 1.2 Success
14446 0.306488 0.01 0.8 54011.865437541586 53960.253525 54068.182111 2.3052630737904433e-05 0.0 0.02 -2.7008706711039863 -6.0 6.0 -0.3151420884807788 -1.0 1.2 Success
14451 0.177886 0.01 0.8 54011.80959834899 53960.15745 54068.083724 0.00011799876805196947 0.0 0.02 0.2968649627932937 -6.0 6.0 -0.03671820213109467 -1.0 1.2 Success
14456 0.327932 0.01 0.8 54018.81211271949 53960.255976 54063.181435 2.5742095671926082e-05 0.0 0.02 0.042315694502147366 -6.0 6.0 0.03003531365814789 -1.0 1.2 Success
14465 0.05793 0.01 0.8 53985.53320812655 53960.320364 54068.242838 7.3220135173748444e-06 0.0 0.02 2.960980674252852 -6.0 6.0 1.080270432462263 -1.0 1.2 Success
14470 0.194615 0.01 0.8 54017.78103681061 53960.420459 54068.347401 8.10257201316076e-05 0.0 0.02 -0.4755808825022802 -6.0 6.0 0.02258442250368866 -1.0 1.2 Success
14472 0.362947 0.01 0.8 54014.89396163382 53960.167579 54068.094372 1.6424104158212577e-05 0.0 0.02 5.011446330098162 -6.0 6.0 -0.23412335981494664 -1.0 1.2 Success
14475 0.142671 0.01 0.8 54018.855487886154 53960.235294 54068.16372 3.1610308594685854e-05 0.0 0.02 -0.03497058067779339 -6.0 6.0 0.6839780995984573 -1.0 1.2 Success
14478 0.280202 0.01 0.8 54014.49236499823 53960.288082 54062.229039 1.7639957453174305e-05 0.0 0.02 -1.0815128344948866 -6.0 6.0 0.2846334760280908 -1.0 1.2 Success
14479 0.196225 0.01 0.8 54030.46279680696 53960.290131 54062.230747 1.3983675545272464e-05 0.0 0.02 4.831878778567019 -6.0 6.0 0.05634967276053131 -1.0 1.2 Success
14480 0.329199 0.01 0.8 54013.189489348784 53960.301182 54053.242309 2.6241338578727e-05 0.0 0.02 -0.10932598191500308 -6.0 6.0 0.015442052228504729 -1.0 1.2 Success
14481 0.242061 0.01 0.8 54020.109528814544 53960.308126 54068.230053 4.685233280474798e-05 0.0 0.02 -1.0374857180087678 -6.0 6.0 -0.1429865654811739 -1.0 1.2 Success
14486 0.644529 0.01 0.8 54011.21341133126 53960.406813 54068.333128 1.4006956620731734e-05 0.0 0.02 -0.01314266656378588 -6.0 6.0 -0.30981289564648123 -1.0 1.2 Success
14492 0.075811 0.01 0.8 54014.921707466085 53960.357685 54068.281551 0.00010854855464511313 0.0 0.02 -2.479733187374401 -6.0 6.0 0.35757614950045247 -1.0 1.2 Success
14498 0.344993 0.01 0.8 54012.86572959027 53960.332982 54068.256015 2.2811300544145813e-05 0.0 0.02 -0.6978903818197516 -6.0 6.0 0.11220197975311352 -1.0 1.2 Success
14500 0.401983 0.01 0.8 53993.51237219248 53960.366182 54068.290849 1.615223803255891e-05 0.0 0.02 1.026209283611031 -6.0 6.0 0.06307686605462495 -1.0 1.2 Success
14522 0.436719 0.01 0.8 54013.94148206967 53960.378275 54068.303565 1.5408373496523818e-05 0.0 0.02 -0.4244182749200398 -6.0 6.0 -0.14877602297606166 -1.0 1.2 Success
14523 0.225975 0.01 0.8 54008.52950526425 53960.382705 54068.307793 1.255372677975721e-05 0.0 0.02 1.4435810048283522 -6.0 6.0 0.3900778201446567 -1.0 1.2 Success
14524 0.271248 0.01 0.8 54009.25233197329 53960.413246 54068.340246 2.8458528884917884e-05 0.0 0.02 -0.32116525455039674 -6.0 6.0 0.07355822088576576 -1.0 1.2 Success
14525 0.153123 0.01 0.8 54016.38909696792 53960.346745 54068.27054 6.834574717082171e-05 0.0 0.02 1.421575482482596 -6.0 6.0 0.2707678893454753 -1.0 1.2 Success
14532 0.214354 0.01 0.8 54014.054914862565 53960.313422 54068.235617 2.8624302878952562e-05 0.0 0.02 -1.164543946026821 -6.0 6.0 0.3254326097033176 -1.0 1.2 Success
14536 0.472659 0.01 0.8 54008.034550458986 53960.332548 54068.255651 1.4167636078639194e-05 0.0 0.02 2.2014680318203745 -6.0 6.0 0.20210626172093593 -1.0 1.2 Success
14537 0.405 0.01 0.8 54014.3165225 53960.354435 54068.27861 0.01 0.0 0.02 0.0 -6.0 6.0 0.09999999999999998 -1.0 1.2 "Fail bandpass 'sdss_sako18_g5' [3677.2, .., 5573.8] outside spectral range [4490.96, .., 20658.4] -"
