analysis_pipeline/priors/sdss_salt2_2.4.ecsv
# %ECSV 0.9
# ---
# datatype:
# - name: obj_id
#   datatype: string
# - name: z
#   datatype: float64
# - name: z_min
#   datatype: float64
# - name: z_max
#   datatype: float64
# - name: t0
#   datatype: float64
# - name: t0_min
#   datatype: float64
# - name: t0_max
#   datatype: float64
# - name: x0
#   datatype: float64
# - name: x0_min
#   datatype: float64
# - name: x0_max
#   datatype: float64
# - name: x1
#   datatype: float64
# - name: x1_min
#   datatype: float64
# - name: x1_max
#   datatype: float64
# - name: c
#   datatype: float64
# - name: c_min
#   datatype: float64
# - name: c_max
#   datatype: float64
# schema: astropy-2.0
obj_id z z_min z_max t0 t0_min t0_max x0 x0_min x0_max x1 x1_min x1_max c c_min c_max
[from data line 523]
246 0.087033 0.01 0.8 53647.70302110416 53607.278446 53705.167215 4.3532815668159863e-07 0.0 0.02 -0.556619187429687 -6.0 6.0 -0.23907209167675975 -1.0 1.2
248 0.145789 0.01 0.8 53631.12411301331 53607.275952 53705.165057 2.5101908919348124e-05 0.0 0.02 5.246849744100857 -6.0 6.0 0.28009887466336864 -1.0 1.2
248 0.169735 0.01 0.8 53633.82241658189 53607.213097 53705.100366 1.4400750851887658e-05 0.0 0.02 5.3607452672215175 -6.0 6.0 0.4639685435206681 -1.0 1.2
253 0.267696 0.01 0.8 53636.00494895393 53607.40113 53705.294723 3.52520143961853e-05 0.0 0.02 1.1516451136675934 -6.0 6.0 0.0061706437274922634 -1.0 1.2
253 0.338803 0.01 0.8 53640.63415075538 53607.410438 53705.30488 3.216818434802539e-05 0.0 0.02 2.1722851507060987 -6.0 6.0 -0.06993342699217714 -1.0 1.2
253 0.437692 0.01 0.8 53618.553360340586 53607.270127 53705.158616 1.8143272881196947e-05 0.0 0.02 0.9145545332229826 -6.0 6.0 -0.11319752767666318 -1.0 1.2
254 0.239367 0.01 0.8 53641.58408436424 53607.397472 53705.290956 2.5563218753667062e-05 0.0 0.02 4.917987638969876 -6.0 6.0 0.06577381414799012 -1.0 1.2
254 0.096588 0.01 0.8 53645.08158197853 53607.307069 53705.197124 5.446704381242247e-07 0.0 0.02 -0.7977707669617278 -6.0 6.0 -0.2738539721054709 -1.0 1.2
255 0.405 0.01 0.8 53656.2596625 53607.314501 53705.204824 0.01 0.0 0.02 0.0 -6.0 6.0 0.09999999999999998 -1.0 1.2
255 0.247554 0.01 0.8 53624.24949876909 53607.319037 53705.209528 2.2438423972498433e-05 0.0 0.02 2.3782996417315805 -6.0 6.0 -0.15345523162403896 -1.0 1.2
255 0.102927 0.01 0.8 53624.901611478745 53607.335493 53705.226621 1.4662010286072859e-05 0.0 0.02 1.485871799892558 -6.0 6.0 0.853472959187353 -1.0 1.2
256 0.117406 0.01 0.8 53639.24469626164 53607.451131 53705.347479 0.00016713756143184119 0.0 0.02 -0.08089828843739454 -6.0 6.0 0.12762219384998685 -1.0 1.2
256 0.209761 0.01 0.8 53636.57062611471 53607.300024 53705.189911 1.5911275415644877e-05 0.0 0.02 5.505824442166647 -6.0 6.0 0.34923455710614554 -1.0 1.2
257 0.241983 0.01 0.8 53623.72766697075 53607.309534 53705.199326 2.0675665613391645e-05 0.0 0.02 1.1754583918396004 -6.0 6.0 0.23919594035451827 -1.0 1.2
258 0.069291 0.01 0.8 53632.51796630147 53607.360865 53705.253126 2.1615399119003955e-05 0.0 0.02 5.381849836434058 -6.0 6.0 -0.08647613738173654 -1.0 1.2
261 0.055356 0.01 0.8 53635.263633976654 53607.35802 53705.250081 1.99387659875897e-05 0.0 0.02 5.70307625850532 -6.0 6.0 0.8357692303766864 -1.0 1.2
262 0.221876 0.01 0.8 53620.83952449298 53607.397084 53705.290877 4.699001108307146e-05 0.0 0.02 -0.7765770520996705 -6.0 6.0 0.09562132171295094 -1.0 1.2
263 0.349599 0.01 0.8 53633.3716979489 53607.42135 53705.316253 2.7145271446930104e-05 0.0 0.02 1.6741902707280067 -6.0 6.0 -0.10093431526881017 -1.0 1.2
263 0.295151 0.01 0.8 53632.82099339898 53607.449139 53705.345301 3.023994976736995e-05 0.0 0.02 -0.6701491403594892 -6.0 6.0 -0.016150037458329762 -1.0 1.2
263 0.143104 0.01 0.8 53640.42428944244 53607.468409 53705.364998 0.00015601989349729747 0.0 0.02 0.8978747010240375 -6.0 6.0 0.0344364583091593 -1.0 1.2
263 0.214887 0.01 0.8 53638.21449872118 53601.230267 53704.130426 8.444779273353877e-05 0.0 0.02 0.35473404477526593 -6.0 6.0 0.01605877439570799 -1.0 1.2
266 0.056906 0.01 0.8 53636.20606201337 53607.343284 53705.23432 1.2771319287732297e-05 0.0 0.02 5.805549237267642 -6.0 6.0 1.1562890449882923 -1.0 1.2
266 0.094191 0.01 0.8 53626.67389539966 53607.314904 53705.205299 5.774393181640353e-06 0.0 0.02 -2.422678419034544 -6.0 6.0 -0.2913440320901819 -1.0 1.2
268 0.160352 0.01 0.8 53637.01957762527 53607.393431 53705.286654 0.00013094458668698662 0.0 0.02 1.4304448522760977 -6.0 6.0 0.0912766335090345 -1.0 1.2
269 0.045116 0.01 0.8 53629.17787886263 53607.403562 53705.29767 2.1569022815580076e-05 0.0 0.02 0.6630586034138111 -6.0 6.0 1.1880663064945238 -1.0 1.2
271 0.287559 0.01 0.8 53635.03910438374 53607.383274 53705.276501 2.184401176204546e-05 0.0 0.02 2.3125574203984582 -6.0 6.0 0.11973652163543508 -1.0 1.2
272 0.015648 0.01 0.8 53635.04796109772 53607.392207 53705.285413 8.253516436423076e-06 0.0 0.02 5.065573067402476 -6.0 6.0 1.0332322863789971 -1.0 1.2
273 0.302007 0.01 0.8 53641.21669543418 53607.456367 53705.35245 6.162686042396849e-05 0.0 0.02 2.327188806842297 -6.0 6.0 -0.06491935274939614 -1.0 1.2
274 0.033619 0.01 0.8 53646.80399702497 53608.20441 53704.114092 0.0002934122209214112 0.0 0.02 0.041638443641585796 -6.0 6.0 0.29952248336299686 -1.0 1.2
274 0.118293 0.01 0.8 53638.22735963041 53601.406069 53704.313375 4.423583033014752e-05 0.0 0.02 5.816337450115063 -6.0 6.0 0.37886002456321666 -1.0 1.2
276 0.149336 0.01 0.8 53619.29254869971 53601.454677 53704.364139 0.00012047894527900354 0.0 0.02 -0.17452934605909376 -6.0 6.0 0.051454539346491586 -1.0 1.2
278 0.398676 0.01 0.8 53636.33389779668 53601.388338 53704.294733 2.1438146203829612e-05 0.0 0.02 0.8108465931493622 -6.0 6.0 -0.035516963711379045 -1.0 1.2
278 0.288898 0.01 0.8 53636.45518229496 53601.268549 53704.169823 3.622020178641024e-05 0.0 0.02 -0.4950416220499879 -6.0 6.0 -0.069788767416335 -1.0 1.2
279 0.043219 0.01 0.8 53634.71676372809 53601.338008 53705.243309 4.119385317343257e-05 0.0 0.02 1.3686132426187876 -6.0 6.0 0.959440802736971 -1.0 1.2
279 0.375668 0.01 0.8 53617.18243072229 53601.394387 53704.301094 2.1280898214138843e-05 0.0 0.02 0.9723159527354233 -6.0 6.0 0.11803794589351126 -1.0 1.2
280 0.313378 0.01 0.8 53627.90024047662 53601.451061 53704.360407 3.234995818856262e-05 0.0 0.02 1.0481917221590737 -6.0 6.0 -0.06234193221789972 -1.0 1.2
281 0.066556 0.01 0.8 53673.367158084504 53601.424975 53704.333595 1.5273166891923486e-05 0.0 0.02 5.064377734136526 -6.0 6.0 0.8077962292713995 -1.0 1.2
285 0.243729 0.01 0.8 53644.05293873969 53607.369848 53705.262034 5.649919499675568e-05 0.0 0.02 0.6532029913688837 -6.0 6.0 -0.02029598070354394 -1.0 1.2
286 0.242608 0.01 0.8 53644.813536308226 53607.323981 53705.214231 6.363206035791574e-05 0.0 0.02 0.3720685838809779 -6.0 6.0 0.025322473350243287 -1.0 1.2
287 0.290779 0.01 0.8 53633.61438506825 53607.351069 53705.242835 2.8972230253249853e-05 0.0 0.02 -0.9410419805151993 -6.0 6.0 0.003508419113329659 -1.0 1.2
289 0.02525 0.01 0.8 53628.207195796625 53607.420538 53705.31502 2.6535085316278526e-05 0.0 0.02 -1.4435356273665283 -6.0 6.0 1.1962933662066852 -1.0 1.2
290 0.234856 0.01 0.8 53641.411070749054 53607.40397 53705.298077 0.00013104020925557182 0.0 0.02 -2.2894644008093596 -6.0 6.0 -0.17499878286867637 -1.0 1.2
291 0.169728 0.01 0.8 53651.6132488278 53607.443912 53705.33984 1.390785162690391e-05 0.0 0.02 4.408012360968001 -6.0 6.0 -0.3238363358328265 -1.0 1.2
291 0.12303 0.01 0.8 53644.00367828193 53607.20253 53705.090151 0.00013360520874045872 0.0 0.02 -0.3869698931669655 -6.0 6.0 0.17154187995705614 -1.0 1.2
292 0.302749 0.01 0.8 53637.23204832005 53607.337121 53705.227964 3.858704867542151e-05 0.0 0.02 0.3754587754010137 -6.0 6.0 -0.0877411002245438 -1.0 1.2
292 0.148851 0.01 0.8 53644.89555847275 53607.338763 53705.230099 7.570590420568531e-05 0.0 0.02 0.21313918396999107 -6.0 6.0 0.0631291886085193 -1.0 1.2
292 0.118996 0.01 0.8 53644.338148732466 53601.336779 53705.241635 5.1872246820335757e-05 0.0 0.02 2.6731768288050937 -6.0 6.0 0.2062715986109221 -1.0 1.2
294 0.264048 0.01 0.8 53640.46178122923 53607.37391 53705.266334 4.6637889813387165e-05 0.0 0.02 0.5074733561161621 -6.0 6.0 -0.02204331742427412 -1.0 1.2
297 0.082938 0.01 0.8 53635.25010072952 53607.397476 53705.291364 0.00018450410390958858 0.0 0.02 5.973698813981083 -6.0 6.0 0.22441228180881684 -1.0 1.2
298 0.045116 0.01 0.8 53629.18151167474 53607.403562 53705.29767 2.153481705776013e-05 0.0 0.02 0.6810227538327788 -6.0 6.0 1.1880198074576358 -1.0 1.2
299 0.126077 0.01 0.8 53641.29016882867 53607.475621 53705.372955 0.00012924132214606372 0.0 0.02 -0.9386417974715872 -6.0 6.0 0.176216661806247 -1.0 1.2
304 0.165342 0.01 0.8 53645.37245470683 53607.24296 53705.130741 0.00011500016935387106 0.0 0.02 0.5053925326554239 -6.0 6.0 -0.025446698496692077 -1.0 1.2
305 0.09956 0.01 0.8 53645.827887051106 53607.243379 53705.131169 4.41831439090388e-05 0.0 0.02 2.7350902430481465 -6.0 6.0 0.513691976417513 -1.0 1.2
306 0.09047 0.01 0.8 53625.71931947834 53601.334351 53704.238183 0.00017500783880442943 0.0 0.02 2.6030907600368893 -6.0 6.0 0.18275083950963233 -1.0 1.2
306 0.154383 0.01 0.8 53628.79037768729 53607.261788 53705.150017 1.562056499323004e-05 0.0 0.02 -0.5713712588616847 -6.0 6.0 0.46240260178773823 -1.0 1.2
307 0.244054 0.01 0.8 53648.47988483972 53601.22651 53705.127361 6.413551740423939e-05 0.0 0.02 -0.09999406196653574 -6.0 6.0 0.06488378462768472 -1.0 1.2
308 0.173146 0.01 0.8 53647.67015291036 53601.358374 53704.263306 0.00012761946768779164 0.0 0.02 0.12784357698776608 -6.0 6.0 -0.029989696590889996 -1.0 1.2
308 0.164306 0.01 0.8 53648.899834527736 53601.367708 53704.273079 0.00012587856474483236 0.0 0.02 0.5878437763648188 -6.0 6.0 0.02098579740804773 -1.0 1.2
309 0.113517 0.01 0.8 53656.1356560661 53601.269377 53704.170679 8.516999693672388e-07 0.0 0.02 -0.8652642189583202 -6.0 6.0 -0.20281264512482064 -1.0 1.2
315 0.33168 0.01 0.8 53634.368257397546 53601.24155 53705.143178 1.9715549162911787e-05 0.0 0.02 -0.025379491714195207 -6.0 6.0 0.0890577868415141 -1.0 1.2
315 0.405 0.01 0.8 53656.181769999996 53607.237923 53705.125617 0.01 0.0 0.02 0.0 -6.0 6.0 0.09999999999999998 -1.0 1.2
316 0.370041 0.01 0.8 53642.66769651507 53608.187532 53704.097053 1.483264399197378e-05 0.0 0.02 -0.8573226257546236 -6.0 6.0 0.14229044677937916 -1.0 1.2
317 0.315382 0.01 0.8 53617.35846843467 53601.246542 53705.146605 2.2284676014680905e-05 0.0 0.02 0.06187465757063744 -6.0 6.0 0.18596417270357857 -1.0 1.2
317 0.220288 0.01 0.8 53630.426997854345 53601.433033 53704.341501 3.59020939958743e-05 0.0 0.02 1.6534430262733357 -6.0 6.0 -0.005769777392923625 -1.0 1.2
318 0.245505 0.01 0.8 53642.59203539174 53601.331478 53704.235245 2.9071870740718688e-05 0.0 0.02 -0.8446234666408577 -6.0 6.0 0.26730574254895084 -1.0 1.2
319 0.528563 0.01 0.8 53607.269930283444 53601.231921 53704.132157 3.805911928421809e-05 0.0 0.02 -0.8378618942459548 -6.0 6.0 -0.5105797588557108 -1.0 1.2
319 0.298507 0.01 0.8 53636.743306879376 53601.33556 53704.239936 3.281140107520658e-05 0.0 0.02 -2.349394296195351 -6.0 6.0 -0.11963046805219932 -1.0 1.2
319 0.249612 0.01 0.8 53647.39180851598 53601.238193 53705.139814 3.865760302259179e-05 0.0 0.02 1.6006256622206725 -6.0 6.0 0.05370374674178661 -1.0 1.2
320 0.695643 0.01 0.8 53643.13178132594 53601.345751 53704.250162 8.894955599895622e-06 0.0 0.02 -0.011328476241091113 -6.0 6.0 -0.3756749330627816 -1.0 1.2
320 0.415501 0.01 0.8 53635.19724872039 53601.349008 53705.254829 1.6442677566115796e-05 0.0 0.02 -0.11046235674350387 -6.0 6.0 -0.13692704601992575 -1.0 1.2
322 0.34057 0.01 0.8 53633.01384556052 53601.375795 53704.281613 2.1151793236886635e-05 0.0 0.02 0.5938114886016014 -6.0 6.0 0.09893632273378355 -1.0 1.2
324 0.257823 0.01 0.8 53646.87071495393 53607.193232 53705.080721 4.774387981569838e-05 0.0 0.02 0.8168328300179333 -6.0 6.0 -0.08819264977897649 -1.0 1.2
324 0.336281 0.01 0.8 53637.307831191 53607.208874 53705.096105 1.865933102607426e-05 0.0 0.02 5.6906747798351835 -6.0 6.0 -0.07206389599582194 -1.0 1.2
324 0.650291 0.01 0.8 53651.79432896171 53607.210563 53705.097816 2.4964172921938812e-05 0.0 0.02 0.7882205762169346 -6.0 6.0 -0.4670403068322529 -1.0 1.2
325 0.106938 0.01 0.8 53652.36008264095 53607.240019 53705.128203 0.00021744118939793453 0.0 0.02 -0.49413879995898874 -6.0 6.0 0.05165906895918889 -1.0 1.2
326 0.405 0.01 0.8 53656.212473 53607.268043 53705.156903 0.01 0.0 0.02 0.0 -6.0 6.0 0.09999999999999998 -1.0 1.2
327 0.625249 0.01 0.8 53677.67215703687 53601.329016 53704.232717 1.0957994198918531e-05 0.0 0.02 4.341280727685284 -6.0 6.0 -0.3298079442662381 -1.0 1.2
329 0.131102 0.01 0.8 53623.817140813284 53601.419359 53704.327253 1.0318836528012242e-05 0.0 0.02 3.910363617873191 -6.0 6.0 1.057644890976993 -1.0 1.2
329 0.121619 0.01 0.8 53645.080165671345 53601.373355 53704.279099 5.3518395073419595e-05 0.0 0.02 3.9568571212027583 -6.0 6.0 0.37391955693762247 -1.0 1.2
331 0.159901 0.01 0.8 53646.49667844149 53601.385498 53704.2918 0.00012159478845843689 0.0 0.02 -0.640885404727493 -6.0 6.0 0.019754958758723604 -1.0 1.2
332 0.121793 0.01 0.8 53642.873901853105 53601.403254 53704.310405 3.823205658070076e-05 0.0 0.02 1.3083467887417553 -6.0 6.0 0.1908330497920209 -1.0 1.2
333 0.212097 0.01 0.8 53650.10757956674 53601.405671 53704.313359 5.875605006183717e-05 0.0 0.02 -0.04357207730034709 -6.0 6.0 0.07179207780138681 -1.0 1.2
334 0.430018 0.01 0.8 53638.72150678485 53601.419354 53704.327268 1.5270256004429018e-05 0.0 0.02 2.2702811979309883 -6.0 6.0 -0.0019437538828216033 -1.0 1.2
336 0.376543 0.01 0.8 53633.38475343343 53601.432204 53704.341158 2.3496028199632916e-05 0.0 0.02 2.0175197266716505 -6.0 6.0 -0.06401352719042967 -1.0 1.2
337 0.156478 0.01 0.8 53634.00467335178 53607.196609 53705.084168 8.352542113935682e-06 0.0 0.02 5.596285641352603 -6.0 6.0 0.6938132018631245 -1.0 1.2
337 0.244478 0.01 0.8 53645.933595796545 53601.45826 53704.367961 6.460146304823578e-05 0.0 0.02 1.1256256418211663 -6.0 6.0 -0.010715653502892615 -1.0 1.2
339 0.809285 0.01 0.8 53642.71879780495 53608.210293 53704.120118 9.507294075607526e-06 0.0 0.02 0.36336031868763224 -6.0 6.0 -0.3901938145961167 -1.0 1.2
340 0.177075 0.01 0.8 53647.16692480396 53607.248812 53705.1368 1.1400613652300157e-05 0.0 0.02 5.343575481275664 -6.0 6.0 0.5439119238286965 -1.0 1.2
340 0.465775 0.01 0.8 53680.66660114928 53607.251742 53705.139798 6.2458915159297885e-06 0.0 0.02 5.062212875482263 -6.0 6.0 -0.3920558222643 -1.0 1.2
342 0.231166 0.01 0.8 53642.74463598191 53607.275533 53705.164216 5.3950647900330856e-05 0.0 0.02 -0.24042480747899533 -6.0 6.0 -0.0805223210394271 -1.0 1.2
345 0.248351 0.01 0.8 53645.01283365175 53601.240284 53704.141136 6.454431715160542e-05 0.0 0.02 0.7872279218898884 -6.0 6.0 -0.03128727529170696 -1.0 1.2
345 0.229666 0.01 0.8 53648.47592583099 53601.241951 53704.14285 7.277391202540034e-05 0.0 0.02 0.9340399508221293 -6.0 6.0 -0.05672428703627482 -1.0 1.2
347 0.299548 0.01 0.8 53642.95152654304 53601.313478 53704.216446 2.4717767950965027e-05 0.0 0.02 -3.976266670588327 -6.0 6.0 -0.029963301602697934 -1.0 1.2
347 0.252419 0.01 0.8 53666.9363613834 53601.338423 53704.242479 2.4893463135730883e-06 0.0 0.02 0.7789162097395922 -6.0 6.0 0.3588515359540057 -1.0 1.2
348 0.17373 0.01 0.8 53671.34268918615 53601.350642 53704.255256 3.5664030357260465e-06 0.0 0.02 2.686954558578396 -6.0 6.0 0.7401642540086414 -1.0 1.2
348 0.15883 0.01 0.8 53646.30302588966 53608.172749 53704.082438 4.79275067578015e-05 0.0 0.02 -0.0983137472254131 -6.0 6.0 0.3039774299393412 -1.0 1.2
349 0.165352 0.01 0.8 53648.987025343136 53608.209457 53704.11923 2.2867242778873356e-05 0.0 0.02 3.470659950198865 -6.0 6.0 0.19800706401346455 -1.0 1.2
350 0.495076 0.01 0.8 53644.44863528971 53601.355115 53704.259936 2.44287724993878e-05 0.0 0.02 0.6037522264293985 -6.0 6.0 -0.10371390431969434 -1.0 1.2
351 0.26267 0.01 0.8 53652.86242152166 53601.293349 53704.195463 4.8663728831156524e-05 0.0 0.02 4.600295492609397 -6.0 6.0 0.1005950909444576 -1.0 1.2
351 0.11202 0.01 0.8 53648.75044276571 53601.301168 53704.203591 2.978806816438519e-05 0.0 0.02 5.563995321111208 -6.0 6.0 0.47619423928717936 -1.0 1.2
352 0.418798 0.01 0.8 53636.53950525507 53601.413332 53704.321342 1.2945974551064136e-05 0.0 0.02 3.8783287177865566 -6.0 6.0 0.11625412448565647 -1.0 1.2
353 0.181326 0.01 0.8 53625.61902188699 53601.427001 53704.335231 5.943914836962883e-06 0.0 0.02 1.614642028856661 -6.0 6.0 0.910021830087746 -1.0 1.2
353 0.307551 0.01 0.8 53638.6091848906 53601.431417 53704.339853 2.716844518019077e-05 0.0 0.02 1.143835415589651 -6.0 6.0 0.054591275915957416 -1.0 1.2
356 0.288229 0.01 0.8 53645.48838753169 53601.319203 53704.222456 3.880872291997322e-05 0.0 0.02 -0.8725326775357503 -6.0 6.0 -0.17999947773375202 -1.0 1.2
