analysis_pipeline/priors/sdss_salt2_2.4.ecsv
# %ECSV 0.9
# ---
# datatype:
# - name: obj_id
#   datatype: string
# - name: z
#   datatype: float64
# - name: z_min
#   datatype: float64
# - name: z_max
#   datatype: float64
# - name: t0
#   datatype: float64
# - name: t0_min
#   datatype: float64
# - name: t0_max
#   datatype: float64
# - name: x0
#   datatype: float64
# - name: x0_min
#   datatype: float64
# - name: x0_max
#   datatype: float64
# - name: x1
#   datatype: float64
# - name: x1_min
#   datatype: float64
# - name: x1_max
#   datatype: float64
# - name: c
#   datatype: float64
# - name: c_min
#   datatype: float64
# - name: c_max
#   datatype: float64
# - name: message
#   datatype: string
# schema: astropy-2.0
obj_id z z_min z_max t0 t0_min t0_max x0 x0_min x0_max x1 x1_min x1_max c c_min c_max message
[from data line 1543]
15475 0.014867 0.01 0.8 54040.5737482069 53974.258943 54063.17454 0.0006580792646606828 0.0 0.02 -1.890835021326941 -6.0 6.0 0.8401200383523961 -1.0 1.2 Success
15486 0.114636 0.01 0.8 54038.49939115734 53974.269758 54063.185716 4.2867979456300944e-05 0.0 0.02 0.725314543520367 -6.0 6.0 0.5276865033115872 -1.0 1.2 Success
15496 0.232986 0.01 0.8 54040.579101703865 53959.329545 54063.251447 6.807655448185205e-05 0.0 0.02 1.2368938915643026 -6.0 6.0 -0.053290318745901025 -1.0 1.2 Success
15497 0.201744 0.01 0.8 54032.45108876585 53974.351757 54063.270576 1.61704652215034e-05 0.0 0.02 5.241628261164232 -6.0 6.0 0.13782887637946348 -1.0 1.2 Success
15498 0.214287 0.01 0.8 54031.158079443834 53974.367246 54063.28669 3.540244346134917e-05 0.0 0.02 -1.9572766536983621 -6.0 6.0 0.25408796569162573 -1.0 1.2 Success
15499 0.405 0.01 0.8 54018.8452085 53974.38512 54063.305297 0.01 0.0 0.02 0.0 -6.0 6.0 0.09999999999999998 -1.0 1.2 "Fail bandpass 'sdss_sako18_g4' [3677.2, .., 5573.8] outside spectral range [5154.14, .., 23709] - de"
15500 0.239325 0.01 0.8 54035.7024829233 53974.387957 54063.30783 2.3346354455699482e-05 0.0 0.02 3.79547309213294 -6.0 6.0 0.37605571788533954 -1.0 1.2 Success
15503 0.408585 0.01 0.8 54028.52417853049 53974.421093 54065.350512 1.6161049845310452e-05 0.0 0.02 -0.6480356976533359 -6.0 6.0 0.11166510713584897 -1.0 1.2 Success
15504 0.2682 0.01 0.8 54040.05773749259 53974.271853 54063.187783 2.8476869887651003e-05 0.0 0.02 2.603737773236653 -6.0 6.0 0.19513275047421372 -1.0 1.2 Success
15506 0.405 0.01 0.8 54013.797453499996 53959.339318 54068.255589 0.01 0.0 0.02 0.0 -6.0 6.0 0.09999999999999998 -1.0 1.2 "Fail bandpass 'sdss_sako18_g1' [3677.2, .., 5573.8] outside spectral range [5187.98, .., 23864.7] -"
15508 0.133526 0.01 0.8 54041.58337635354 53974.385532 54063.305689 0.0002388514136085893 0.0 0.02 0.96162115285777 -6.0 6.0 -0.0440631060059678 -1.0 1.2 Success
15513 0.405 0.01 0.8 54011.2523095 53959.291971 54063.212648 0.01 0.0 0.02 0.0 -6.0 6.0 0.09999999999999998 -1.0 1.2 "Fail bandpass 'sdss_sako18_g5' [3677.2, .., 5573.8] outside spectral range [5366.64, .., 24686.5] -"
15516 0.364072 0.01 0.8 54031.38990188779 53974.393625 54063.314172 1.5824397514938243e-05 0.0 0.02 3.5050564116443277 -6.0 6.0 -0.006739106329744461 -1.0 1.2 Success
15520 0.109042 0.01 0.8 54030.28067380373 53974.354199 54063.273151 3.716383902902467e-05 0.0 0.02 0.8636413567012861 -6.0 6.0 0.5597020969015766 -1.0 1.2 Success
15531 0.226214 0.01 0.8 54028.188951819684 53960.198222 54068.125155 1.9399728215600304e-05 0.0 0.02 2.6084217599380035 -6.0 6.0 -0.0810856993011688 -1.0 1.2 Success
15533 0.342762 0.01 0.8 54036.6846345711 53960.284396 54062.224754 2.4952681870092268e-05 0.0 0.02 0.7179126270070793 -6.0 6.0 -0.07868697911977142 -1.0 1.2 Success
15535 0.199362 0.01 0.8 54034.586051584956 53960.30609 54068.227477 4.501355159797974e-05 0.0 0.02 -1.8144537257409903 -6.0 6.0 0.03908030620374911 -1.0 1.2 Success
15540 0.173405 0.01 0.8 54007.932328329225 53960.224494 54068.152153 1.747641766264773e-05 0.0 0.02 2.836720022187429 -6.0 6.0 0.3205812883475653 -1.0 1.2 Success
15549 0.447229 0.01 0.8 54032.53598203293 53959.20222 54068.127326 1.473388844979293e-05 0.0 0.02 1.6225760427771974 -6.0 6.0 -0.06392438019535913 -1.0 1.2 Success
15553 0.333728 0.01 0.8 54038.45048488141 53960.193597 54068.120491 2.7758873934697302e-05 0.0 0.02 1.5948309654512174 -6.0 6.0 -0.11373435704364723 -1.0 1.2 Success
15554 0.497646 0.01 0.8 54037.56983085681 53960.196946 54068.124344 1.2180101593383595e-05 0.0 0.02 5.548648136409786 -6.0 6.0 -0.21746231955533663 -1.0 1.2 Success
15558 0.304365 0.01 0.8 54030.723864740576 53960.239012 54068.167606 1.5086939673851025e-05 0.0 0.02 -0.6604211742385958 -6.0 6.0 0.20125431792372803 -1.0 1.2 Success
15564 0.390939 0.01 0.8 54011.1827488088 53960.333361 54068.256503 1.6151880716338287e-05 0.0 0.02 5.66211048514051 -6.0 6.0 -0.11186845547975777 -1.0 1.2 Success
15568 0.205144 0.01 0.8 54031.75703995433 53960.292575 54062.233338 1.653239545097069e-05 0.0 0.02 -4.597095370066345 -6.0 6.0 0.08459995497136377 -1.0 1.2 Success
15580 0.321868 0.01 0.8 54034.48201432339 53960.44807 54068.376309 2.434660089775791e-05 0.0 0.02 -4.207190042447569 -6.0 6.0 0.1594306641586395 -1.0 1.2 Success
15583 0.177062 0.01 0.8 54040.80497182081 53960.403185 54068.32937 8.547340908304839e-05 0.0 0.02 -0.28454935676408377 -6.0 6.0 0.005314999455043524 -1.0 1.2 Success
15584 0.283322 0.01 0.8 54038.01858851727 53960.418432 54068.345768 3.795183250886822e-05 0.0 0.02 0.28532381437093135 -6.0 6.0 -0.052710795289292664 -1.0 1.2 Success
15587 0.218245 0.01 0.8 54042.788375316064 53960.447663 54068.375906 5.38142224175116e-05 0.0 0.02 -0.012188067081445746 -6.0 6.0 0.0325195918300844 -1.0 1.2 Success
15592 0.4141 0.01 0.8 54029.52101571509 53960.191957 54068.118703 2.2712334387699e-05 0.0 0.02 -0.717833209585818 -6.0 6.0 -0.18914735366938468 -1.0 1.2 Success
15601 0.105151 0.01 0.8 54036.338017897935 53960.24937 54068.177874 5.289041298014097e-05 0.0 0.02 -1.6569983366662229 -6.0 6.0 0.27748292988504464 -1.0 1.2 Success
15602 0.405 0.01 0.8 54011.2453475 53960.275375 54062.21532 0.01 0.0 0.02 0.0 -6.0 6.0 0.09999999999999998 -1.0 1.2 "Fail bandpass 'sdss_sako18_g1' [3677.2, .., 5573.8] outside spectral range [6708.73, .., 30860.2] -"
15603 0.261057 0.01 0.8 54038.39615083144 53960.289742 54062.230704 2.9171162856502046e-05 0.0 0.02 -0.9648841276081279 -6.0 6.0 0.16290578689491833 -1.0 1.2 Success
15606 0.401568 0.01 0.8 54033.386194100036 53960.298749 54068.219757 2.1149443662385706e-05 0.0 0.02 0.2836305791714619 -6.0 6.0 -0.30878218516286915 -1.0 1.2 Success
15628 0.44716 0.01 0.8 54022.007379460854 53960.246909 54068.175257 1.2156426119014228e-05 0.0 0.02 2.167823039272542 -6.0 6.0 -0.07861602900969047 -1.0 1.2 Success
15633 0.449254 0.01 0.8 54033.53347199917 53959.29077 54063.211308 1.0872386807015202e-05 0.0 0.02 -0.7255521712054972 -6.0 6.0 -0.1486486507176395 -1.0 1.2 Success
15635 0.703958 0.01 0.8 54022.734155525555 53960.317926 54068.239837 9.571108990429507e-06 0.0 0.02 0.5204349132915869 -6.0 6.0 -0.35043294379247153 -1.0 1.2 Success
15640 0.165114 0.01 0.8 54038.78541044951 53959.197203 54063.119296 7.162617240347441e-05 0.0 0.02 0.002242430673061088 -6.0 6.0 -0.022088634041102735 -1.0 1.2 Success
15648 0.173827 0.01 0.8 54042.66327581103 53959.174573 54063.096144 4.9341067631077084e-05 0.0 0.02 -1.2034878704306295 -6.0 6.0 0.22592322122855685 -1.0 1.2 Success
15649 0.13293 0.01 0.8 54022.82438500577 53959.190923 54063.112442 2.2662481912241555e-05 0.0 0.02 5.508638977175284 -6.0 6.0 0.6816074262179918 -1.0 1.2 Success
15663 0.29064 0.01 0.8 54028.58956118128 53974.245991 54063.161304 3.5010173216129874e-05 0.0 0.02 -0.6293128894798966 -6.0 6.0 -0.03294741440740656 -1.0 1.2 Success
15670 0.283012 0.01 0.8 53974.72653523634 53959.196374 54063.118424 1.7762712047718256e-05 0.0 0.02 -3.825324337061999 -6.0 6.0 -0.9544811615775598 -1.0 1.2 Success
15674 0.196541 0.01 0.8 54039.607182449894 53974.258104 54063.173698 5.7916160112414754e-05 0.0 0.02 0.20018581020200396 -6.0 6.0 0.10905636945868376 -1.0 1.2 Success
15675 0.233194 0.01 0.8 54038.1766331577 53974.264771 54063.18055 4.248932819489696e-05 0.0 0.02 -0.589834682468838 -6.0 6.0 0.0014348052510236133 -1.0 1.2 Success
15685 0.384278 0.01 0.8 54023.69665012697 53974.276411 54063.19255 1.8176855017447275e-05 0.0 0.02 0.2834476802101396 -6.0 6.0 -0.21206666397299986 -1.0 1.2 Success
15690 0.299696 0.01 0.8 54019.48394236537 53959.32221 54063.244223 1.1753221216577678e-05 0.0 0.02 4.189226963904938 -6.0 6.0 0.21612768791729214 -1.0 1.2 Success
15692 0.167646 0.01 0.8 54048.765049005946 53974.377812 54063.297706 4.985318806102184e-05 0.0 0.02 3.046906757746151 -6.0 6.0 0.19913771579463146 -1.0 1.2 Success
15693 0.339893 0.01 0.8 54031.124008998966 53974.379436 54063.298974 1.0639311003011114e-05 0.0 0.02 1.2607047387966273 -6.0 6.0 0.04221345646041244 -1.0 1.2 Success
15696 0.169942 0.01 0.8 54029.61411374104 53974.387549 54063.307844 1.2276372324166571e-05 0.0 0.02 5.262581708928413 -6.0 6.0 0.5410435607416103 -1.0 1.2 Success
15699 0.140949 0.01 0.8 54030.67388383422 53974.396458 54063.317122 2.3102793418773688e-05 0.0 0.02 5.830897965482551 -6.0 6.0 0.15963706603754557 -1.0 1.2 Success
15704 0.369516 0.01 0.8 54043.380831907154 53974.420687 54065.350108 2.4301999748660488e-05 0.0 0.02 0.25688023893900386 -6.0 6.0 -0.13506381705340567 -1.0 1.2 Success
15714 0.250344 0.01 0.8 54057.21841157111 53974.350116 54063.268906 4.169367591649688e-06 0.0 0.02 -0.3810412507186667 -6.0 6.0 0.7682557313367966 -1.0 1.2 Success
15719 0.26766 0.01 0.8 54036.99761566016 53974.413828 54065.342978 4.417284342633702e-05 0.0 0.02 -0.6100739380126716 -6.0 6.0 -0.039132072781467145 -1.0 1.2 Success
15721 0.482477 0.01 0.8 54026.19768487565 53974.426725 54065.356415 1.025189630709862e-05 0.0 0.02 5.135455703124713 -6.0 6.0 -0.37965905862065075 -1.0 1.2 Success
15727 0.10406 0.01 0.8 54026.27308289747 53959.284187 54063.204071 1.201045070027031e-05 0.0 0.02 2.793497949342603 -6.0 6.0 0.8108112796564005 -1.0 1.2 Success
15734 0.38338 0.01 0.8 54040.73740131951 53959.322634 54063.244195 2.0313795601006747e-05 0.0 0.02 3.9234856804594473 -6.0 6.0 0.006178446003651912 -1.0 1.2 Success
15737 0.331493 0.01 0.8 54019.971287818924 53959.341334 54063.263767 1.695066636518229e-05 0.0 0.02 -0.8647598214735461 -6.0 6.0 0.19686776697021255 -1.0 1.2 Success
15740 0.316429 0.01 0.8 54035.18723784362 53974.361551 54063.280321 1.1429319637734199e-05 0.0 0.02 0.2661587329564651 -6.0 6.0 -0.2966163578127224 -1.0 1.2 Success
15743 0.567436 0.01 0.8 54032.166179705695 53974.389987 54063.310347 1.0135200388568446e-05 0.0 0.02 -0.5644726485126005 -6.0 6.0 0.11197577061972415 -1.0 1.2 Success
15746 0.275065 0.01 0.8 54027.08064022233 53974.430761 54065.360564 1.4587506519876714e-05 0.0 0.02 5.7550002793620925 -6.0 6.0 -0.13046032676926217 -1.0 1.2 Success
15748 0.155393 0.01 0.8 54040.68300579912 53974.44202 54065.372283 0.00010938234343769318 0.0 0.02 -1.3393591206440636 -6.0 6.0 0.021961558592262793 -1.0 1.2 Success
15749 0.117783 0.01 0.8 54045.84048488164 53974.450453 54065.381055 5.006022557017623e-05 0.0 0.02 3.6079561531023554 -6.0 6.0 0.8901774417736104 -1.0 1.2 Success
15753 0.158554 0.01 0.8 54023.16982664104 53974.466894 54065.398134 1.0597955751868964e-05 0.0 0.02 -1.2245961563615204 -6.0 6.0 0.6108550913669246 -1.0 1.2 Success
15755 0.279566 0.01 0.8 54036.92706255939 53959.303035 54063.224166 3.781311010579919e-05 0.0 0.02 -1.005507801159022 -6.0 6.0 0.00923891812020304 -1.0 1.2 Success
15756 0.385038 0.01 0.8 54034.99803101189 53959.308757 54063.229714 1.6980737559968863e-05 0.0 0.02 0.2942350134197905 -6.0 6.0 -0.16482098752425284 -1.0 1.2 Success
15757 0.069405 0.01 0.8 54043.41507279279 53959.325068 54063.246764 7.797087845253158e-05 0.0 0.02 0.17277877394746202 -6.0 6.0 0.5265356963807866 -1.0 1.2 Success
15760 0.127809 0.01 0.8 54030.488312915855 53974.362768 54063.282029 7.685722669047464e-06 0.0 0.02 -1.2682489330070272 -6.0 6.0 0.782296162688174 -1.0 1.2 Success
15761 0.353604 0.01 0.8 54036.58204738601 53974.366839 54063.286266 2.2143891961939772e-05 0.0 0.02 -2.2046935353262493 -6.0 6.0 -0.12630247765893454 -1.0 1.2 Success
15765 0.304002 0.01 0.8 54040.75130055686 53974.400911 54063.321741 2.660269702633211e-05 0.0 0.02 -0.4666154407766716 -6.0 6.0 0.07368282534999436 -1.0 1.2 Success
15769 0.179228 0.01 0.8 54025.816870824216 53959.296507 54063.216862 1.4074656208265741e-05 0.0 0.02 3.017084420530947 -6.0 6.0 0.13532180831593163 -1.0 1.2 Success
15772 0.239539 0.01 0.8 54036.44523799321 53974.354216 54063.273078 2.4642417764656004e-05 0.0 0.02 0.03873658424948218 -6.0 6.0 -0.13237492615862964 -1.0 1.2 Success
15776 0.315818 0.01 0.8 54033.97747378641 53974.400921 54063.321696 3.0280610218260082e-05 0.0 0.02 -2.08583850360336 -6.0 6.0 -0.10063800058370483 -1.0 1.2 Success
15779 0.260992 0.01 0.8 54034.94631232167 53974.27185 54063.18737 2.6095138290846476e-05 0.0 0.02 -0.15812701848296132 -6.0 6.0 -0.013607199998596308 -1.0 1.2 Success
15781 0.803564 0.01 0.8 54027.937290623326 53959.284607 54063.204482 1.6663170696671105e-05 0.0 0.02 0.5406499994906634 -6.0 6.0 -0.37805177893968656 -1.0 1.2 Success
15782 0.305872 0.01 0.8 54035.6616668382 53959.287481 54063.207475 1.781519648638349e-05 0.0 0.02 0.3509325811172339 -6.0 6.0 0.17789469349993464 -1.0 1.2 Success
15784 0.175475 0.01 0.8 54038.736779277286 53959.298548 54063.219012 3.641177917281072e-05 0.0 0.02 0.2746914747243859 -6.0 6.0 0.2476484126128415 -1.0 1.2 Success
15795 0.508241 0.01 0.8 54028.26778454827 53960.362917 54068.287535 1.4625671159421896e-05 0.0 0.02 1.84508571276274 -6.0 6.0 -0.18481680027798536 -1.0 1.2 Success
15802 0.341264 0.01 0.8 54028.760411859184 53960.381504 54068.306932 2.3388161553094477e-05 0.0 0.02 -1.0342513426150128 -6.0 6.0 -0.03687232049350246 -1.0 1.2 Success
15803 0.427811 0.01 0.8 54016.90251803891 53960.350815 54068.274318 1.3506150061184701e-05 0.0 0.02 -1.1061594026029535 -6.0 6.0 -0.08880352758496882 -1.0 1.2 Success
15805 0.29407 0.01 0.8 54017.12583842088 53960.362945 54068.287474 1.4475516160921899e-05 0.0 0.02 2.2417118660414035 -6.0 6.0 0.24669808036663168 -1.0 1.2 Success
15806 0.250513 0.01 0.8 54034.635944837995 53960.366175 54068.290865 3.679577346688346e-05 0.0 0.02 -2.1562552120262986 -6.0 6.0 0.023839864916564826 -1.0 1.2 Success
15807 0.208154 0.01 0.8 54038.13358409675 53960.381095 54068.306525 2.895087869308665e-05 0.0 0.02 0.530955559297165 -6.0 6.0 0.05057010104233406 -1.0 1.2 Success
15810 0.82488 0.01 0.8 54011.42718130038 53960.352023 54068.276032 8.379122232684312e-06 0.0 0.02 0.5207241958833873 -6.0 6.0 -0.34049384478280964 -1.0 1.2 Success
15812 0.342029 0.01 0.8 54033.677984383205 53960.353641 54068.277306 2.1895379796321813e-05 0.0 0.02 -3.520318020146958 -6.0 6.0 -0.22345267690853737 -1.0 1.2 Success
15813 0.376811 0.01 0.8 54027.17729128537 53960.371012 54068.295964 1.515720930419553e-05 0.0 0.02 -4.492012524942575 -6.0 6.0 -0.08391168791569842 -1.0 1.2 Success
15814 0.369922 0.01 0.8 54037.001221656974 53960.381491 54068.306964 2.6959569144249264e-05 0.0 0.02 1.076432912192501 -6.0 6.0 -0.10890039243215878 -1.0 1.2 Success
15820 0.136655 0.01 0.8 54001.594981420494 53960.163797 54068.090512 2.735057426951065e-07 0.0 0.02 -0.6626458821823802 -6.0 6.0 -0.30624559695842113 -1.0 1.2 Success
15822 0.232086 0.01 0.8 54042.50600894948 53960.166316 54068.092663 4.512381738201404e-05 0.0 0.02 1.6240975065019068 -6.0 6.0 0.10608823778197846 -1.0 1.2 Success
15823 0.21396 0.01 0.8 54045.732359655274 53960.17431 54068.100783 6.396716794124494e-05 0.0 0.02 0.44125133936489297 -6.0 6.0 -0.03087933461785661 -1.0 1.2 Success
15824 0.405 0.01 0.8 54013.647207500006 53959.184651 54068.109764 0.01 0.0 0.02 0.0 -6.0 6.0 0.09999999999999998 -1.0 1.2 "Fail Timeout - defaulting to middle point"
15829 0.247475 0.01 0.8 54040.945274300095 53960.199066 54068.125995 2.506001185663433e-05 0.0 0.02 1.6360589412596485 -6.0 6.0 0.12094400608689655 -1.0 1.2 Success
15831 0.134317 0.01 0.8 54002.99625849404 53960.178498 54068.105517 3.8961982833258513e-07 0.0 0.02 -0.8051206701443568 -6.0 6.0 -0.21137758120759184 -1.0 1.2 Success
15850 0.249428 0.01 0.8 54040.8409154851 53960.302837 54068.224456 4.6324168463031135e-05 0.0 0.02 -1.061849960611998 -6.0 6.0 -0.07149441963101072 -1.0 1.2 Success
15853 0.231009 0.01 0.8 54035.08876252289 53959.329566 54068.24538 3.529313158290091e-05 0.0 0.02 -3.996584170135242 -6.0 6.0 -0.3580478326899318 -1.0 1.2 Success
15865 0.329415 0.01 0.8 54042.259383458026 53960.454869 54068.383398 2.4835932301658758e-05 0.0 0.02 -1.1907572796433776 -6.0 6.0 -0.12148445557084403 -1.0 1.2 Success
15866 0.188591 0.01 0.8 54041.40065460989 53960.242742 54068.171034 6.208232293157419e-05 0.0 0.02 -0.7584273213401451 -6.0 6.0 0.0783825542863014 -1.0 1.2 Success
