analysis_pipeline/priors/sdss_salt2_2.0.ecsv
# %ECSV 0.9
# ---
# datatype:
# - name: obj_id
#   datatype: string
# - name: z
#   datatype: float64
# - name: z_min
#   datatype: float64
# - name: z_max
#   datatype: float64
# - name: t0
#   datatype: float64
# - name: t0_min
#   datatype: float64
# - name: t0_max
#   datatype: float64
# - name: x0
#   datatype: float64
# - name: x0_min
#   datatype: float64
# - name: x0_max
#   datatype: float64
# - name: x1
#   datatype: float64
# - name: x1_min
#   datatype: float64
# - name: x1_max
#   datatype: float64
# - name: c
#   datatype: float64
# - name: c_min
#   datatype: float64
# - name: c_max
#   datatype: float64
# - name: message
#   datatype: string
# schema: astropy-2.0
obj_id z z_min z_max t0 t0_min t0_max x0 x0_min x0_max x1 x1_min x1_max c c_min c_max message
[from data line 195]
2236 0.253016 0.01 0.8 53652.28460098547 53601.367708 53704.273079 2.6038458275629173e-05 0.0 0.02 5.822361239587537 -6.0 6.0 -0.16715831704858478 -1.0 1.2 Success
2246 0.194216 0.01 0.8 53634.33436656123 53601.44747 53704.356593 6.011657030500767e-05 0.0 0.02 0.6175877668706089 -6.0 6.0 0.11922555782211942 -1.0 1.2 Success
2250 0.252085 0.01 0.8 53690.376526156004 53601.370946 53704.276491 2.620493683121159e-06 0.0 0.02 -1.6840289432946036 -6.0 6.0 0.4015942065552585 -1.0 1.2 Success
2272 0.471837 0.01 0.8 53672.05879436771 53601.276826 53705.179207 1.1223361999878994e-05 0.0 0.02 4.099007744960734 -6.0 6.0 -0.2323665665771876 -1.0 1.2 Success
2280 0.348577 0.01 0.8 53623.57557466172 53601.261086 53704.162113 1.664857068264187e-05 0.0 0.02 1.2766584377055847 -6.0 6.0 0.0924373938672048 -1.0 1.2 Success
2290 0.328975 0.01 0.8 53625.66562103285 53601.345751 53704.250162 2.3885847976247057e-05 0.0 0.02 -1.0077011129457003 -6.0 6.0 -0.10970054488754481 -1.0 1.2 Success
2292 0.150375 0.01 0.8 53623.417033548816 53601.356327 53704.261227 3.120672817852416e-05 0.0 0.02 5.805155260032132 -6.0 6.0 0.7871356184609757 -1.0 1.2 Success
2297 0.229972 0.01 0.8 53642.97412960418 53601.367287 53704.273126 3.046549712187813e-05 0.0 0.02 5.899298284621179 -6.0 6.0 0.20646541501586008 -1.0 1.2 Success
2308 0.147025 0.01 0.8 53630.601082134446 53601.404871 53704.312501 0.0002365464944820424 0.0 0.02 0.7996113291582398 -6.0 6.0 -0.164100722800073 -1.0 1.2 Success
2309 0.059447 0.01 0.8 53620.36396628112 53601.414935 53704.322621 0.001206041925370386 0.0 0.02 -0.08113808442443061 -6.0 6.0 0.002489466665379834 -1.0 1.2 Success
2319 0.159153 0.01 0.8 53635.66718609121 53601.461872 53704.371689 0.00012958022522256265 0.0 0.02 0.5392755044270998 -6.0 6.0 0.0006210507382324109 -1.0 1.2 Success
2330 0.211788 0.01 0.8 53635.44944825224 53601.330651 53704.234423 3.320881564134046e-05 0.0 0.02 -1.7327502318160564 -6.0 6.0 0.04202796591305441 -1.0 1.2 Success
2335 0.18313 0.01 0.8 53675.89095915555 53601.398008 53704.304929 3.49369512131156e-06 0.0 0.02 1.9188250946419216 -6.0 6.0 0.023108826725241425 -1.0 1.2 Success
2347 0.4023 0.01 0.8 53621.724854365646 53608.204827 53704.114535 1.7848391767887678e-05 0.0 0.02 -1.8868637445392313 -6.0 6.0 -0.007160192660991797 -1.0 1.2 Success
2350 0.203791 0.01 0.8 53638.42002498116 53601.273528 53704.174931 1.8092849352485122e-05 0.0 0.02 5.08141151215191 -6.0 6.0 0.13971173418708924 -1.0 1.2 Success
2360 0.405 0.01 0.8 53652.781680500004 53601.329854 53704.233507 0.01 0.0 0.02 0.0 -6.0 6.0 0.09999999999999998 -1.0 1.2 "Fail bandpass 'sdss_sako18_g2' [3677.2, .., 5573.8] outside spectral range [3725.51, .., 17137.3] -"
2361 0.152364 0.01 0.8 53626.7810733637 53601.332714 53704.23692 1.192319690098969e-05 0.0 0.02 4.017239428668314 -6.0 6.0 0.946990037596235 -1.0 1.2 Success
2372 0.179585 0.01 0.8 53636.733989775494 53601.421781 53704.329747 9.946434547618106e-05 0.0 0.02 0.2220596802180636 -6.0 6.0 0.036045404429327965 -1.0 1.2 Success
2405 0.13232 0.01 0.8 53646.6704576285 53601.34698 53704.251425 1.4005185731701368e-05 0.0 0.02 5.815729501553563 -6.0 6.0 0.7797400485059951 -1.0 1.2 Success
2420 0.405 0.01 0.8 53652.7616205 53601.310184 53704.213057 0.01 0.0 0.02 0.0 -6.0 6.0 0.09999999999999998 -1.0 1.2 "Fail bandpass 'sdss_sako18_g5' [3677.2, .., 5573.8] outside spectral range [3724.61, .., 17133.2] -"
2422 0.263492 0.01 0.8 53639.38468142317 53601.317565 53704.220748 5.56258577828642e-05 0.0 0.02 0.9657986846625078 -6.0 6.0 -0.14721038164820663 -1.0 1.2 Success
2423 0.187286 0.01 0.8 53635.182436306364 53601.335963 53704.239951 4.873874590120553e-05 0.0 0.02 5.497646437398099 -6.0 6.0 0.10399630175434464 -1.0 1.2 Success
2437 0.258478 0.01 0.8 53636.78919659392 53601.396803 53704.303646 2.109599747331335e-05 0.0 0.02 1.0594429178856761 -6.0 6.0 -0.2717581458890489 -1.0 1.2 Success
2440 0.19029 0.01 0.8 53634.812215131555 53601.42739 53704.335681 8.560577259807425e-05 0.0 0.02 0.46597222301534746 -6.0 6.0 -0.05158642808471481 -1.0 1.2 Success
2443 0.088459 0.01 0.8 53624.90189348314 53607.266379 53705.155158 1.842204078976431e-05 0.0 0.02 -2.0285992372738364 -6.0 6.0 1.0074157947626405 -1.0 1.2 Success
2460 0.087033 0.01 0.8 53649.92848146643 53607.278446 53705.167215 4.25588075689364e-07 0.0 0.02 -1.2529108167158942 -6.0 6.0 -0.25725387093647895 -1.0 1.2 Success
2481 0.145789 0.01 0.8 53631.47323816371 53607.275952 53705.165057 2.49024137192079e-05 0.0 0.02 5.108140258332895 -6.0 6.0 0.25924344279684247 -1.0 1.2 Success
2488 0.169735 0.01 0.8 53633.70628122143 53607.213097 53705.100366 1.4287280357426043e-05 0.0 0.02 5.340787858295212 -6.0 6.0 0.4486293443638653 -1.0 1.2 Success
2532 0.267696 0.01 0.8 53635.87401456621 53607.40113 53705.294723 3.562632537382194e-05 0.0 0.02 0.994111656952582 -6.0 6.0 0.0014553522207795303 -1.0 1.2 Success
2533 0.338803 0.01 0.8 53640.2670275868 53607.410438 53705.30488 3.2265501468022384e-05 0.0 0.02 2.0648641409497976 -6.0 6.0 -0.07047761332358014 -1.0 1.2 Success
2539 0.437692 0.01 0.8 53617.83072337203 53607.270127 53705.158616 1.8351632803708306e-05 0.0 0.02 0.9731074106501244 -6.0 6.0 -0.11537329776328382 -1.0 1.2 Success
2545 0.239367 0.01 0.8 53640.725174496656 53607.397472 53705.290956 2.6245436204603203e-05 0.0 0.02 4.6379664699267344 -6.0 6.0 0.05613975020133293 -1.0 1.2 Success
2547 0.096588 0.01 0.8 53646.134076350914 53607.307069 53705.197124 5.953994971005174e-07 0.0 0.02 -0.5897874471440322 -6.0 6.0 -0.2678463865154766 -1.0 1.2 Success
2550 0.405 0.01 0.8 53656.2596625 53607.314501 53705.204824 0.01 0.0 0.02 0.0 -6.0 6.0 0.09999999999999998 -1.0 1.2 "Fail bandpass 'sdss_sako18_g1' [3677.2, .., 5573.8] outside spectral range [4304.68, .., 19801.5] -"
2551 0.247554 0.01 0.8 53623.92490917583 53607.319037 53705.209528 2.255391359418134e-05 0.0 0.02 2.2324368887609447 -6.0 6.0 -0.16174225069850284 -1.0 1.2 Success
2556 0.102927 0.01 0.8 53623.61139989743 53607.335493 53705.226621 1.5156927485822744e-05 0.0 0.02 1.8869971133946257 -6.0 6.0 0.8081144289122502 -1.0 1.2 Success
2561 0.117406 0.01 0.8 53639.211109113385 53607.451131 53705.347479 0.000167519456856079 0.0 0.02 -0.04271528648448438 -6.0 6.0 0.11943135171866523 -1.0 1.2 Success
2569 0.209761 0.01 0.8 53635.719153351114 53607.300024 53705.189911 1.590706864238246e-05 0.0 0.02 5.502375372796576 -6.0 6.0 0.3335756629370866 -1.0 1.2 Success
2571 0.241983 0.01 0.8 53623.59693824851 53607.309534 53705.199326 2.0702864284365785e-05 0.0 0.02 1.3411258190364674 -6.0 6.0 0.22732296468582172 -1.0 1.2 Success
2582 0.069291 0.01 0.8 53632.75270634064 53607.360865 53705.253126 2.17144942036278e-05 0.0 0.02 5.446489768151057 -6.0 6.0 -0.1165879041951137 -1.0 1.2 Success
2615 0.055356 0.01 0.8 53635.124741436506 53607.35802 53705.250081 2.0866940368373678e-05 0.0 0.02 5.683308219580536 -6.0 6.0 0.7631040694458578 -1.0 1.2 Success
2629 0.221876 0.01 0.8 53620.77423105592 53607.397084 53705.290877 4.72537634607611e-05 0.0 0.02 -0.7170622338960551 -6.0 6.0 0.08839735908888709 -1.0 1.2 Success
2630 0.349599 0.01 0.8 53633.30408624177 53607.42135 53705.316253 2.7297827791246594e-05 0.0 0.02 1.5121111825314306 -6.0 6.0 -0.09070142802109425 -1.0 1.2 Success
2632 0.295151 0.01 0.8 53632.70261056273 53607.449139 53705.345301 3.066089931799558e-05 0.0 0.02 -0.7421889402715842 -6.0 6.0 -0.022225215110501177 -1.0 1.2 Success
2635 0.143104 0.01 0.8 53640.31184705628 53607.468409 53705.364998 0.00015623978661358185 0.0 0.02 0.9197773884332785 -6.0 6.0 0.025594158016287845 -1.0 1.2 Success
2639 0.214887 0.01 0.8 53638.20356828779 53601.230267 53704.130426 8.402564655832346e-05 0.0 0.02 0.4277061607320532 -6.0 6.0 0.015167378638062806 -1.0 1.2 Success
2666 0.056906 0.01 0.8 53636.11108579897 53607.343284 53705.23432 1.3802235139840622e-05 0.0 0.02 5.81313782892633 -6.0 6.0 1.0530100671125793 -1.0 1.2 Success
2667 0.094191 0.01 0.8 53624.16174515944 53607.314904 53705.205299 1.0047824042366863e-05 0.0 0.02 -2.883475037583434 -6.0 6.0 -0.38250700940182564 -1.0 1.2 Success
2689 0.160352 0.01 0.8 53636.84681298012 53607.393431 53705.286654 0.00013206457049078126 0.0 0.02 1.3663572187001787 -6.0 6.0 0.07791032996618619 -1.0 1.2 Success
2699 0.045116 0.01 0.8 53629.17363889431 53607.403562 53705.29767 2.0178707243197057e-05 0.0 0.02 0.7272682665965396 -6.0 6.0 1.1848905996595667 -1.0 1.2 Success
2718 0.287559 0.01 0.8 53634.87850813998 53607.383274 53705.276501 2.202250574100741e-05 0.0 0.02 2.1902135864421886 -6.0 6.0 0.1198374715790791 -1.0 1.2 Success
2722 0.015648 0.01 0.8 53634.957418481994 53607.392207 53705.285413 8.510350752766685e-06 0.0 0.02 5.085035794707612 -6.0 6.0 0.9646125724647588 -1.0 1.2 Success
2734 0.302007 0.01 0.8 53640.75251172643 53607.456367 53705.35245 6.249245687897013e-05 0.0 0.02 2.077930477886202 -6.0 6.0 -0.0672400853227894 -1.0 1.2 Success
2744 0.033619 0.01 0.8 53646.82513565773 53608.20441 53704.114092 0.0002931160845015627 0.0 0.02 0.11328300914540582 -6.0 6.0 0.286121871882951 -1.0 1.2 Success
2746 0.118293 0.01 0.8 53638.42145633094 53601.406069 53704.313375 4.447140494073328e-05 0.0 0.02 5.818119194134899 -6.0 6.0 0.3495014225409694 -1.0 1.2 Success
2766 0.149336 0.01 0.8 53619.316815040744 53601.454677 53704.364139 0.0001201820737243062 0.0 0.02 -0.12935087883265353 -6.0 6.0 0.04982598141240368 -1.0 1.2 Success
2784 0.398676 0.01 0.8 53636.22824274914 53601.388338 53704.294733 2.161430320469982e-05 0.0 0.02 0.6658373734047204 -6.0 6.0 -0.03194115091078031 -1.0 1.2 Success
2789 0.288898 0.01 0.8 53636.39714527714 53601.268549 53704.169823 3.6333615026022893e-05 0.0 0.02 -0.4847656728277008 -6.0 6.0 -0.07583511797595803 -1.0 1.2 Success
2793 0.043219 0.01 0.8 53634.82011174119 53601.338008 53705.243309 4.2997500434264376e-05 0.0 0.02 1.3531772961186213 -6.0 6.0 0.8895940627354022 -1.0 1.2 Success
2799 0.375668 0.01 0.8 53616.98551973597 53601.394387 53704.301094 2.0683983901402834e-05 0.0 0.02 1.3634561415798068 -6.0 6.0 0.12168924754620654 -1.0 1.2 Success
2808 0.313378 0.01 0.8 53627.791377704096 53601.451061 53704.360407 3.258043272545823e-05 0.0 0.02 0.9272399283414609 -6.0 6.0 -0.059414712141745034 -1.0 1.2 Success
2813 0.066556 0.01 0.8 53665.73874853894 53601.424975 53704.333595 1.3426170087260179e-05 0.0 0.02 5.194294850614526 -6.0 6.0 0.8805910835035015 -1.0 1.2 Success
2855 0.243729 0.01 0.8 53643.89895711716 53607.369848 53705.262034 5.6345735655735056e-05 0.0 0.02 0.6354169211809262 -6.0 6.0 -0.018396788306476893 -1.0 1.2 Success
2864 0.242608 0.01 0.8 53644.68679782258 53607.323981 53705.214231 6.351813818413697e-05 0.0 0.02 0.4238782303484268 -6.0 6.0 0.025516977930907493 -1.0 1.2 Success
2871 0.290779 0.01 0.8 53633.47700028041 53607.351069 53705.242835 2.9475333785139958e-05 0.0 0.02 -1.112337989001111 -6.0 6.0 -0.011235544440833838 -1.0 1.2 Success
2898 0.02525 0.01 0.8 53627.7269895567 53607.420538 53705.31502 2.467452814637015e-05 0.0 0.02 -0.9950825047936557 -6.0 6.0 1.1961340820010582 -1.0 1.2 Success
2906 0.234856 0.01 0.8 53641.54130139904 53607.40397 53705.298077 0.0001310602769090835 0.0 0.02 -2.4075812558967216 -6.0 6.0 -0.1750858082296733 -1.0 1.2 Success
2913 0.169728 0.01 0.8 53651.040941593026 53607.443912 53705.33984 1.3609673180477253e-05 0.0 0.02 4.412569756369957 -6.0 6.0 -0.30476354916019394 -1.0 1.2 Success
2916 0.12303 0.01 0.8 53644.010687504444 53607.20253 53705.090151 0.0001376559975401657 0.0 0.02 -0.5210855747942038 -6.0 6.0 0.1517959982552314 -1.0 1.2 Success
2926 0.302749 0.01 0.8 53637.29486555872 53607.337121 53705.227964 3.85019448346092e-05 0.0 0.02 0.38593762029765066 -6.0 6.0 -0.08049204653602045 -1.0 1.2 Success
2928 0.148851 0.01 0.8 53644.799962218494 53607.338763 53705.230099 7.447663310559395e-05 0.0 0.02 0.4193922511405699 -6.0 6.0 0.0625551734553343 -1.0 1.2 Success
2929 0.118996 0.01 0.8 53643.81984312198 53601.336779 53705.241635 5.2957333324875054e-05 0.0 0.02 2.3618347839702705 -6.0 6.0 0.1845552047915892 -1.0 1.2 Success
2943 0.264048 0.01 0.8 53640.29465909841 53607.37391 53705.266334 4.658287467986513e-05 0.0 0.02 0.498521679352453 -6.0 6.0 -0.022038556245100326 -1.0 1.2 Success
2970 0.082938 0.01 0.8 53634.99658997417 53607.397476 53705.291364 0.00018555607462325744 0.0 0.02 5.9713949933330035 -6.0 6.0 0.20239010021999346 -1.0 1.2 Success
2986 0.045116 0.01 0.8 53629.17151700542 53607.403562 53705.29767 2.0232099772428694e-05 0.0 0.02 0.677804172495941 -6.0 6.0 1.184543350561068 -1.0 1.2 Success
2992 0.126077 0.01 0.8 53641.354440073075 53607.475621 53705.372955 0.0001290389183524333 0.0 0.02 -0.8971630321517993 -6.0 6.0 0.17220107418289352 -1.0 1.2 Success
3049 0.165342 0.01 0.8 53645.34485919668 53607.24296 53705.130741 0.00011431730628014202 0.0 0.02 0.5687135700112664 -6.0 6.0 -0.02838850216408256 -1.0 1.2 Success
3050 0.09956 0.01 0.8 53645.63758846356 53607.243379 53705.131169 4.401063595842462e-05 0.0 0.02 2.880944335339466 -6.0 6.0 0.4770318641912776 -1.0 1.2 Success
3063 0.09047 0.01 0.8 53625.70974931589 53601.334351 53704.238183 0.00016951160165786468 0.0 0.02 3.121869341645946 -6.0 6.0 0.18296136162158297 -1.0 1.2 Success
3065 0.154383 0.01 0.8 53628.81124263308 53607.261788 53705.150017 1.5973969653273037e-05 0.0 0.02 -0.520404123444101 -6.0 6.0 0.4308674777873164 -1.0 1.2 Success
3077 0.244054 0.01 0.8 53648.50083097611 53601.22651 53705.127361 6.391776777279101e-05 0.0 0.02 -0.05317798839461048 -6.0 6.0 0.06017312389379251 -1.0 1.2 Success
3080 0.173146 0.01 0.8 53647.64463215472 53601.358374 53704.263306 0.00012791948932267945 0.0 0.02 0.11293867037119702 -6.0 6.0 -0.03288960839827794 -1.0 1.2 Success
3087 0.164306 0.01 0.8 53648.87497462474 53601.367708 53704.273079 0.0001262391102668916 0.0 0.02 0.5645492544989429 -6.0 6.0 0.0166859225029351 -1.0 1.2 Success
3092 0.113517 0.01 0.8 53654.33762512228 53601.269377 53704.170679 7.778606198398152e-07 0.0 0.02 -0.9520970684144175 -6.0 6.0 -0.22753253261221504 -1.0 1.2 Success
3150 0.33168 0.01 0.8 53634.361629181214 53601.24155 53705.143178 1.9281273563837213e-05 0.0 0.02 0.2802724533397115 -6.0 6.0 0.08497250995299327 -1.0 1.2 Success
3159 0.405 0.01 0.8 53656.181769999996 53607.237923 53705.125617 0.01 0.0 0.02 0.0 -6.0 6.0 0.09999999999999998 -1.0 1.2 "Fail bandpass 'sdss_sako18_g2' [3677.2, .., 5573.8] outside spectral range [5075.4, .., 23346.8] - d"
3161 0.370041 0.01 0.8 53642.81935654706 53608.187532 53704.097053 1.506828496097507e-05 0.0 0.02 -0.9532002079240838 -6.0 6.0 0.13295322556165665 -1.0 1.2 Success
3172 0.315382 0.01 0.8 53617.3071304168 53601.246542 53705.146605 2.247834222694648e-05 0.0 0.02 0.03327991934997749 -6.0 6.0 0.1781459856743339 -1.0 1.2 Success
3175 0.220288 0.01 0.8 53630.22878635428 53601.433033 53704.341501 3.600825667864463e-05 0.0 0.02 1.639415540101953 -6.0 6.0 -0.006746330617318731 -1.0 1.2 Success
3180 0.245505 0.01 0.8 53642.69545918996 53601.331478 53704.235245 2.9489229584184988e-05 0.0 0.02 -0.982206505375495 -6.0 6.0 0.25660786127954577 -1.0 1.2 Success
3193 0.528563 0.01 0.8 53604.01107549207 53601.231921 53704.132157 5.2447198962055396e-05 0.0 0.02 -0.6516512566701578 -6.0 6.0 -0.5344697517333012 -1.0 1.2 Success
3195 0.298507 0.01 0.8 53636.63111186023 53601.33556 53704.239936 3.329761570448071e-05 0.0 0.02 -2.3026231672262614 -6.0 6.0 -0.13405938554461339 -1.0 1.2 Success
3199 0.249612 0.01 0.8 53647.321641700575 53601.238193 53705.139814 3.847844392691857e-05 0.0 0.02 1.6131646231082009 -6.0 6.0 0.05477948955582163 -1.0 1.2 Success
3203 0.695643 0.01 0.8 53642.00318521781 53601.345751 53704.250162 9.377887999279464e-06 0.0 0.02 -0.7067696839444617 -6.0 6.0 -0.3832836665531017 -1.0 1.2 Success
3206 0.415501 0.01 0.8 53635.037276963674 53601.349008 53705.254829 1.6503192301759465e-05 0.0 0.02 -0.12042778596531721 -6.0 6.0 -0.1449418129490479 -1.0 1.2 Success
3225 0.34057 0.01 0.8 53633.00373082842 53601.375795 53704.281613 2.1136817375333513e-05 0.0 0.02 0.608750178784239 -6.0 6.0 0.09868296620516247 -1.0 1.2 Success
