analysis_pipeline/priors/sdss_salt2_2.0.ecsv
# %ECSV 0.9
# ---
# datatype:
# - name: obj_id
#   datatype: string
# - name: z
#   datatype: float64
# - name: z_min
#   datatype: float64
# - name: z_max
#   datatype: float64
# - name: t0
#   datatype: float64
# - name: t0_min
#   datatype: float64
# - name: t0_max
#   datatype: float64
# - name: x0
#   datatype: float64
# - name: x0_min
#   datatype: float64
# - name: x0_max
#   datatype: float64
# - name: x1
#   datatype: float64
# - name: x1_min
#   datatype: float64
# - name: x1_max
#   datatype: float64
# - name: c
#   datatype: float64
# - name: c_min
#   datatype: float64
# - name: c_max
#   datatype: float64
# - name: message
#   datatype: string
# schema: astropy-2.0
obj_id z z_min z_max t0 t0_min t0_max x0 x0_min x0_max x1 x1_min x1_max c c_min c_max message
[from data line 389]
4304 0.211499 0.01 0.8 53643.23767658901 53607.399498 53705.293498 4.788733713607164e-06 0.0 0.02 -5.093403140001139 -6.0 6.0 0.801779381942336 -1.0 1.2 Success
4307 0.270836 0.01 0.8 53647.93359187816 53607.40719 53705.301119 4.520980011643908e-05 0.0 0.02 1.808659130293667 -6.0 6.0 0.008312947048781117 -1.0 1.2 Success
4311 0.295144 0.01 0.8 53652.23545744726 53607.412851 53705.307462 3.829964784817512e-05 0.0 0.02 0.0663362082564907 -6.0 6.0 -0.04117261197493278 -1.0 1.2 Success
4313 0.390746 0.01 0.8 53641.84820314314 53607.423754 53705.318864 2.377277117353802e-05 0.0 0.02 0.8866290058576778 -6.0 6.0 -0.14126559022887075 -1.0 1.2 Success
4341 0.101555 0.01 0.8 53643.78396855849 53607.314072 53705.204475 8.832845576959461e-07 0.0 0.02 -0.9853492997818465 -6.0 6.0 -0.3341767178349063 -1.0 1.2 Success
4355 0.526062 0.01 0.8 53642.015473630134 53601.356728 53705.262931 9.022379629362528e-06 0.0 0.02 5.170540930620383 -6.0 6.0 -0.1452778256784678 -1.0 1.2 Success
4387 0.802772 0.01 0.8 53649.71223617077 53601.333122 53704.23692 5.616453295205232e-06 0.0 0.02 0.2272613262462185 -6.0 6.0 -0.3350294463555646 -1.0 1.2 Success
4409 0.429098 0.01 0.8 53659.449452595436 53601.402056 53704.309108 1.1145153945047413e-05 0.0 0.02 5.3378835503788835 -6.0 6.0 -0.3142270669517238 -1.0 1.2 Success
4417 0.360538 0.01 0.8 53640.496947569874 53601.340058 53704.244167 1.5089904099888172e-05 0.0 0.02 -0.011736400757784798 -6.0 6.0 0.058813227056048245 -1.0 1.2 Success
4437 0.819428 0.01 0.8 53622.537388361176 53601.358369 53704.263322 5.427744180377509e-06 0.0 0.02 -1.5831046578854806 -6.0 6.0 -0.45180131473593976 -1.0 1.2 Success
4464 0.831566 0.01 0.8 53669.782596787285 53607.371885 53705.264587 9.998216274614343e-06 0.0 0.02 0.3019890614399895 -6.0 6.0 -0.42987171901119486 -1.0 1.2 Success
4480 0.337394 0.01 0.8 53636.97688155085 53601.379043 53704.284974 1.585022645780725e-05 0.0 0.02 5.7747711863164 -6.0 6.0 0.1924476408338516 -1.0 1.2 Success
4482 0.471389 0.01 0.8 53634.65719225739 53601.380257 53704.286246 1.121442182279389e-05 0.0 0.02 4.904310660185672 -6.0 6.0 -0.3091108067806952 -1.0 1.2 Success
4490 0.494599 0.01 0.8 53648.01689131675 53601.349822 53705.255665 1.0872860802898676e-05 0.0 0.02 -0.7121369153204419 -6.0 6.0 0.1371048527304074 -1.0 1.2 Success
4507 0.647735 0.01 0.8 53636.55466895928 53601.409311 53704.316688 1.5593004494896078e-05 0.0 0.02 -0.4490326584476354 -6.0 6.0 -0.4185633729615802 -1.0 1.2 Success
4508 0.568272 0.01 0.8 53663.414487146394 53601.410117 53704.317532 1.4695631155364018e-05 0.0 0.02 5.705586355000629 -6.0 6.0 -0.29106625492783345 -1.0 1.2 Success
4519 0.185525 0.01 0.8 53635.28352271781 53601.421781 53704.329747 1.5067066504084512e-05 0.0 0.02 5.06957527528126 -6.0 6.0 0.0253440651730913 -1.0 1.2 Success
4524 0.060897 0.01 0.8 53657.8778723899 53601.434633 53704.343195 0.0024779567640212594 0.0 0.02 3.745867371916688 -6.0 6.0 0.33514250102640464 -1.0 1.2 Success
4530 0.295229 0.01 0.8 53635.68535505439 53601.44466 53704.353678 1.9809685444682933e-05 0.0 0.02 -2.924617341299346 -6.0 6.0 0.03520638904394756 -1.0 1.2 Success
4547 0.439751 0.01 0.8 53623.40916811496 53601.377414 53704.283734 1.9686181977835152e-05 0.0 0.02 1.0292468051695691 -6.0 6.0 -0.043981027156168036 -1.0 1.2 Success
4572 0.382993 0.01 0.8 53643.886611803 53601.410509 53704.317985 1.8716379530112207e-05 0.0 0.02 -1.1567547611081 -6.0 6.0 0.0691689999895826 -1.0 1.2 Success
4577 0.361934 0.01 0.8 53647.96714958903 53601.416544 53704.324306 2.448275849563417e-05 0.0 0.02 0.45207637136714596 -6.0 6.0 -0.07102760617674532 -1.0 1.2 Success
4578 0.412515 0.01 0.8 53643.543340896984 53601.416544 53704.324727 2.139731801886565e-05 0.0 0.02 -0.2400308596720517 -6.0 6.0 -0.15584763183167855 -1.0 1.2 Success
4612 0.393403 0.01 0.8 53640.7319255157 53601.349023 53705.254356 1.2315055724025125e-05 0.0 0.02 -0.2553240818186433 -6.0 6.0 0.024533983190174326 -1.0 1.2 Success
4619 0.1788 0.01 0.8 53664.666305843624 53607.413664 53705.308292 1.420671581316763e-05 0.0 0.02 5.354312507457303 -6.0 6.0 0.15659429687784918 -1.0 1.2 Success
4627 0.289717 0.01 0.8 53649.892958521574 53607.390185 53705.283685 6.940564680919461e-05 0.0 0.02 3.544407436067857 -6.0 6.0 -0.07035192767998351 -1.0 1.2 Success
4631 0.118538 0.01 0.8 53635.78153122272 53607.39708 53705.290893 9.135372203312396e-06 0.0 0.02 5.646769169609922 -6.0 6.0 1.0091334500124645 -1.0 1.2 Success
4639 0.36401 0.01 0.8 53642.79493090711 53607.405586 53705.299363 2.1304212314597335e-05 0.0 0.02 2.098410579322263 -6.0 6.0 -0.12403310002880427 -1.0 1.2 Success
4651 0.150687 0.01 0.8 53648.6830709282 53607.426995 53705.322175 2.596588525771307e-05 0.0 0.02 -0.10674881171479103 -6.0 6.0 0.5210678575351225 -1.0 1.2 Success
4669 0.140794 0.01 0.8 53647.644915819394 53601.362029 53704.267557 2.6843941740197953e-05 0.0 0.02 -0.6005786415182339 -6.0 6.0 0.47294872955681844 -1.0 1.2 Success
4673 0.4981 0.01 0.8 53658.51402597825 53601.358353 53704.263368 1.667043420738128e-05 0.0 0.02 5.751390105517923 -6.0 6.0 -0.2750097737215697 -1.0 1.2 Success
4676 0.24371 0.01 0.8 53653.04325210606 53601.363225 53704.268469 6.182780371909546e-05 0.0 0.02 0.7869076645927681 -6.0 6.0 -0.06894910705113677 -1.0 1.2 Success
4679 0.331035 0.01 0.8 53654.22246320772 53601.370524 53704.276537 2.4299905929715914e-05 0.0 0.02 0.9230004685664701 -6.0 6.0 0.09536660631005305 -1.0 1.2 Success
4682 0.400886 0.01 0.8 53645.912952061335 53601.370524 53704.276537 1.6263313255293233e-05 0.0 0.02 -0.41847588265215113 -6.0 6.0 0.0894427749126614 -1.0 1.2 Success
4690 0.198809 0.01 0.8 53656.972145595886 53601.401238 53704.308716 3.164197003544578e-05 0.0 0.02 1.4533051062254687 -6.0 6.0 0.44175662645070807 -1.0 1.2 Success
4706 0.589746 0.01 0.8 53679.59515876899 53607.398699 53705.292181 2.288705754056846e-05 0.0 0.02 5.903447517923534 -6.0 6.0 -0.2949107386534722 -1.0 1.2 Success
4737 0.464087 0.01 0.8 53653.53911775162 53601.391578 53704.298087 1.9076762497322025e-05 0.0 0.02 0.572002110601593 -6.0 6.0 -0.1197532334553756 -1.0 1.2 Success
4742 0.132938 0.01 0.8 53668.32947912744 53601.453871 53705.364194 4.2725677028837386e-07 0.0 0.02 -0.5177631916846386 -6.0 6.0 -0.3196759511095809 -1.0 1.2 Success
4757 0.435253 0.01 0.8 53635.105841587065 53601.404886 53704.312032 1.6481895300405034e-05 0.0 0.02 0.464472079459232 -6.0 6.0 0.01164599736790681 -1.0 1.2 Success
4772 0.104714 0.01 0.8 53659.1634433026 53601.435842 53704.344439 4.8633888016029586e-05 0.0 0.02 5.137991026325512 -6.0 6.0 0.3581201139120665 -1.0 1.2 Success
4779 0.533743 0.01 0.8 53652.803306725524 53601.363636 53704.268879 1.2648791468395034e-05 0.0 0.02 -0.45482955261873487 -6.0 6.0 -0.18929603561655195 -1.0 1.2 Success
4808 0.34803 0.01 0.8 53653.78206196493 53601.407287 53704.31461 1.7960009300137094e-05 0.0 0.02 0.14677734499479342 -6.0 6.0 0.2619497735583074 -1.0 1.2 Success
4857 0.515438 0.01 0.8 53638.52663730712 53601.374182 53704.280326 1.1347503495705835e-05 0.0 0.02 1.134917856675152 -6.0 6.0 -0.2038450009427435 -1.0 1.2 Success
4864 0.135858 0.01 0.8 53649.78201965308 53607.369446 53705.261576 1.5053932766378982e-05 0.0 0.02 5.3810113915752495 -6.0 6.0 0.496251130374666 -1.0 1.2 Success
4866 0.3762 0.01 0.8 53687.24666200519 53607.393029 53705.286638 1.2971735209187464e-05 0.0 0.02 5.1516466056029815 -6.0 6.0 -0.20125251197816907 -1.0 1.2 Success
4927 0.501885 0.01 0.8 53682.06940385709 53608.211556 53704.121386 1.1295812292998806e-05 0.0 0.02 3.48219313365765 -6.0 6.0 -0.341237813229666 -1.0 1.2 Success
4928 0.125181 0.01 0.8 53650.71605165132 53601.229865 53704.13038 2.2115634437208316e-05 0.0 0.02 3.831575030454245 -6.0 6.0 0.5278194325920001 -1.0 1.2 Success
4968 0.180827 0.01 0.8 53669.8755042914 53608.177828 53704.087139 3.31785750650584e-05 0.0 0.02 5.788051585313429 -6.0 6.0 0.25979960681987196 -1.0 1.2 Success
4969 0.305176 0.01 0.8 53654.41389061672 53601.274355 53704.176216 2.040525661378642e-05 0.0 0.02 -0.35569481957548166 -6.0 6.0 0.16021981027051652 -1.0 1.2 Success
4978 0.28063 0.01 0.8 53657.07350623245 53601.286336 53704.188203 2.762390475063046e-05 0.0 0.02 -0.9848164054451471 -6.0 6.0 0.07737673187219583 -1.0 1.2 Success
4986 0.266426 0.01 0.8 53659.161023960536 53601.3102 53704.213011 1.716894760047167e-05 0.0 0.02 5.601570709583096 -6.0 6.0 -0.2671245874014974 -1.0 1.2 Success
5017 0.548834 0.01 0.8 53626.27487784086 53601.404478 53704.312047 1.8517652157673153e-05 0.0 0.02 -2.551417858958678 -6.0 6.0 -0.5137646222711226 -1.0 1.2 Success
5039 0.081389 0.01 0.8 53655.5607967075 53601.263167 53704.164669 2.748403963445679e-05 0.0 0.02 3.865104336595363 -6.0 6.0 0.8197129786692628 -1.0 1.2 Success
5103 0.160592 0.01 0.8 53654.63448472044 53601.311825 53704.214767 0.00011898271398966441 0.0 0.02 -0.09753203706711097 -6.0 6.0 0.028956944664223935 -1.0 1.2 Success
5104 0.212305 0.01 0.8 53654.517387377324 53601.315106 53704.218185 1.3821529572321595e-05 0.0 0.02 5.154204702170335 -6.0 6.0 0.3197704504192204 -1.0 1.2 Success
5114 0.563293 0.01 0.8 53609.15714802171 53601.246528 53704.147151 1.6833556339204654e-05 0.0 0.02 -0.6789325508426169 -6.0 6.0 -0.6450998360055584 -1.0 1.2 Success
5141 0.441746 0.01 0.8 53668.042978499376 53601.271437 53704.172853 1.0464798497653508e-05 0.0 0.02 5.223701548164374 -6.0 6.0 -0.26079022717956185 -1.0 1.2 Success
5144 0.405 0.01 0.8 53652.879069500006 53601.42498 53704.333159 0.01 0.0 0.02 0.0 -6.0 6.0 0.09999999999999998 -1.0 1.2 "Fail bandpass 'sdss_sako18_g5' [3677.2, .., 5573.8] outside spectral range [5861.78, .., 26964.2] -"
5172 0.156791 0.01 0.8 53647.72601880707 53601.283014 53704.184842 1.8616974575978644e-05 0.0 0.02 5.277796842783075 -6.0 6.0 0.34151355684583623 -1.0 1.2 Success
5183 0.389088 0.01 0.8 53647.16498029418 53601.456663 53704.366275 1.6592491837500614e-05 0.0 0.02 0.5461246293816743 -6.0 6.0 -0.033849394715054944 -1.0 1.2 Success
5194 0.774511 0.01 0.8 53681.88587852846 53601.40768 53705.316332 1.240096260771271e-05 0.0 0.02 -0.16381698192394376 -6.0 6.0 -0.38495694448748735 -1.0 1.2 Success
5199 0.220456 0.01 0.8 53651.10910470592 53601.281387 53704.183051 3.5304817358146456e-05 0.0 0.02 0.8537191000061206 -6.0 6.0 0.15345262983926589 -1.0 1.2 Success
5209 0.28274 0.01 0.8 53641.29905708552 53601.311846 53704.214705 1.0179440664537468e-05 0.0 0.02 1.3280050641746728 -6.0 6.0 0.3634250342658693 -1.0 1.2 Success
5218 0.405 0.01 0.8 53656.160762 53608.205658 53704.115866 0.01 0.0 0.02 0.0 -6.0 6.0 0.09999999999999998 -1.0 1.2 "Fail bandpass 'sdss_sako18_g5' [3677.2, .., 5573.8] outside spectral range [9549.44, .., 43927.4] -"
5230 0.320475 0.01 0.8 53648.9970368829 53601.242368 53705.144098 2.2473287482125927e-05 0.0 0.02 0.5271586219623978 -6.0 6.0 0.09658612180053464 -1.0 1.2 Success
5233 0.215864 0.01 0.8 53650.508434928386 53601.2457 53704.146277 2.211137251350119e-05 0.0 0.02 3.7586370357600867 -6.0 6.0 -0.02256148643378652 -1.0 1.2 Success
5235 0.250714 0.01 0.8 53649.8423194312 53601.24903 53705.14762 3.717105811906382e-05 0.0 0.02 -0.4650561836985541 -6.0 6.0 0.07070864597923401 -1.0 1.2 Success
5247 0.375936 0.01 0.8 53656.33550601619 53601.375811 53704.281567 2.634999359936648e-05 0.0 0.02 -0.44630298100273047 -6.0 6.0 -0.013451318312430564 -1.0 1.2 Success
5252 0.783297 0.01 0.8 53656.04560433659 53601.387943 53704.294278 1.133184751118466e-05 0.0 0.02 4.743433879415224 -6.0 6.0 0.00603303920296017 -1.0 1.2 Success
5286 0.184077 0.01 0.8 53643.78543376502 53601.422591 53704.330573 8.289257645127734e-06 0.0 0.02 3.9154347397301548 -6.0 6.0 0.6155920632828024 -1.0 1.2 Success
5290 0.772417 0.01 0.8 53668.21098074135 53601.433033 53704.341501 1.0068552717577931e-05 0.0 0.02 0.24708530504123238 -6.0 6.0 -0.4394679631740601 -1.0 1.2 Success
5318 0.625591 0.01 0.8 53693.98329279199 53607.43746 53705.333175 2.416136767734446e-05 0.0 0.02 1.6739083057705648 -6.0 6.0 -0.4051323276573233 -1.0 1.2 Success
5339 0.13695 0.01 0.8 53652.27808172996 53607.176669 53705.064077 3.9553162226526475e-05 0.0 0.02 0.3044476514069124 -6.0 6.0 0.6398729401642052 -1.0 1.2 Success
