analysis_pipeline/priors/sdss_4_salt2_2.4.ecsv
# %ECSV 0.9
# ---
# datatype:
# - name: obj_id
#   datatype: string
# - name: t0
#   datatype: float64
# - name: t0_min
#   datatype: float64
# - name: t0_max
#   datatype: float64
# - name: x0
#   datatype: float64
# - name: x0_min
#   datatype: float64
# - name: x0_max
#   datatype: float64
# - name: x1
#   datatype: float64
# - name: x1_min
#   datatype: float64
# - name: x1_max
#   datatype: float64
# - name: c
#   datatype: float64
# - name: c_min
#   datatype: float64
# - name: c_max
#   datatype: float64
# schema: astropy-2.0
obj_id t0 t0_min t0_max x0 x0_min x0_max x1 x1_min x1_max c c_min c_max
[from data line 381]
4240 0.465493 53601.340062 53704.244152 53642.68285134001 0.0 0.02 8.391465410951706e-06 -6.0 6.0 -0.09832110700133469 -1.0 1.2
4241 0.330513 53601.34536 53704.24969 53638.52713287184 0.0 0.02 2.7046838608639096e-05 -6.0 6.0 0.33961711320651927 -1.0 1.2
4248 0.170217 53601.369735 53704.275202 53627.57236284662 0.0 0.02 1.1478644723564413e-05 -6.0 6.0 5.707798651419021 -1.0 1.2
4262 0.220565 53601.375001 53704.281143 53645.75424434758 0.0 0.02 1.4185292178346484e-05 -6.0 6.0 1.9232279059826187 -1.0 1.2
4268 0.095811 53607.3326 53705.223283 53647.30007258231 0.0 0.02 2.9908028227088905e-05 -6.0 6.0 0.2016271105214419 -1.0 1.2
4281 0.212157 53601.402469 53704.309921 53651.61434196638 0.0 0.02 0.00010506598841275354 -6.0 6.0 0.1725978988516533 -1.0 1.2
4304 0.211499 53607.399498 53705.293498 53654.93482065134 0.0 0.02 3.1421076209121893e-06 -6.0 6.0 -2.9488160437379887 -1.0 1.2
4307 0.270836 53607.40719 53705.301119 53648.02312689644 0.0 0.02 4.5960807694364835e-05 -6.0 6.0 1.7216344520325169 -1.0 1.2
4311 0.295144 53607.412851 53705.307462 53652.1731782583 0.0 0.02 3.85621988144517e-05 -6.0 6.0 0.05564821229406823 -1.0 1.2
4313 0.390746 53607.423754 53705.318864 53641.81661610713 0.0 0.02 2.4025980813986596e-05 -6.0 6.0 0.8081756930751554 -1.0 1.2
4341 0.101555 53607.314072 53705.204475 53639.12814597368 0.0 0.02 1.0559435260706485e-06 -6.0 6.0 -0.3661538007353271 -1.0 1.2
4355 0.526062 53601.356728 53705.262931 53643.87830436156 0.0 0.02 9.003795771992079e-06 -6.0 6.0 5.183859589535731 -1.0 1.2
4387 0.802772 53601.333122 53704.23692 53649.41134768136 0.0 0.02 6.2299883588298305e-06 -6.0 6.0 0.5492119537898011 -1.0 1.2
4409 0.429098 53601.402056 53704.309108 53657.29481930109 0.0 0.02 1.702873359736902e-05 -6.0 6.0 0.6510451790963897 -1.0 1.2
4417 0.360538 53601.340058 53704.244167 53640.66531992289 0.0 0.02 1.4656192136325542e-05 -6.0 6.0 0.32700041096466015 -1.0 1.2
4437 0.819428 53601.358369 53704.263322 53656.736037675146 0.0 0.02 8.78954481488854e-06 -6.0 6.0 0.5478046308052014 -1.0 1.2
4464 0.831566 53607.371885 53705.264587 53667.96988283907 0.0 0.02 1.0740203418066905e-05 -6.0 6.0 1.2559813155100166 -1.0 1.2
4480 0.337394 53601.379043 53704.284974 53633.15273182244 0.0 0.02 1.611290138156609e-05 -6.0 6.0 5.749452659906695 -1.0 1.2
4482 0.471389 53601.380257 53704.286246 53635.99666010038 0.0 0.02 1.3063442481800815e-05 -6.0 6.0 0.8088820477373543 -1.0 1.2
4490 0.494599 53601.349822 53705.255665 53648.22126055471 0.0 0.02 1.0541383640249164e-05 -6.0 6.0 -0.3398379316301902 -1.0 1.2
4507 0.647735 53601.409311 53704.316688 53654.81272966395 0.0 0.02 1.7415379561528168e-05 -6.0 6.0 0.6612171273037715 -1.0 1.2
4508 0.568272 53601.410117 53704.317532 53660.343040072024 0.0 0.02 1.6260002049781985e-05 -6.0 6.0 1.6356316353229996 -1.0 1.2
4519 0.185525 53601.421781 53704.329747 53636.396828178375 0.0 0.02 1.544282870039283e-05 -6.0 6.0 5.131235876619821 -1.0 1.2
4524 0.060897 53601.434633 53704.343195 53657.87099042667 0.0 0.02 0.002699164621700852 -6.0 6.0 3.183513114647966 -1.0 1.2
4530 0.295229 53601.44466 53704.353678 53635.792498524905 0.0 0.02 1.9188989744050592e-05 -6.0 6.0 -2.859542732568556 -1.0 1.2
4547 0.439751 53601.377414 53704.283734 53623.86629969641 0.0 0.02 1.937538452863122e-05 -6.0 6.0 0.8871141931275657 -1.0 1.2
4572 0.382993 53601.410509 53704.317985 53643.645105396325 0.0 0.02 1.8736947344229306e-05 -6.0 6.0 -1.4301626533540903 -1.0 1.2
4577 0.361934 53601.416544 53704.324306 53648.08903271796 0.0 0.02 2.452070891212237e-05 -6.0 6.0 0.48651345113927497 -1.0 1.2
4578 0.412515 53601.416544 53704.324727 53643.812532570824 0.0 0.02 2.0703026125975598e-05 -6.0 6.0 0.5848515648266498 -1.0 1.2
4612 0.393403 53601.349023 53705.254356 53640.95843519076 0.0 0.02 1.2272452519556064e-05 -6.0 6.0 -0.05780821639699216 -1.0 1.2
4619 0.1788 53607.413664 53705.308292 53664.48434223914 0.0 0.02 1.4911450201332435e-05 -6.0 6.0 5.361364061571133 -1.0 1.2
4627 0.289717 53607.390185 53705.283685 53649.169559184375 0.0 0.02 8.305752503320646e-05 -6.0 6.0 1.2851163296761408 -1.0 1.2
4631 0.118538 53607.39708 53705.290893 53636.2649585275 0.0 0.02 9.51045592218066e-06 -6.0 6.0 5.606140403607389 -1.0 1.2
4639 0.36401 53607.405586 53705.299363 53642.13175552153 0.0 0.02 2.398171372054334e-05 -6.0 6.0 0.656618059549815 -1.0 1.2
4651 0.150687 53607.426995 53705.322175 53648.67375976835 0.0 0.02 2.6319795211898517e-05 -6.0 6.0 -0.2981261606738745 -1.0 1.2
4669 0.140794 53601.362029 53704.267557 53647.67749778356 0.0 0.02 2.6625975912060064e-05 -6.0 6.0 -0.6484950408292988 -1.0 1.2
4673 0.4981 53601.358353 53704.263368 53658.84556110577 0.0 0.02 1.6633138426255174e-05 -6.0 6.0 5.8362755695918835 -1.0 1.2
4676 0.24371 53601.363225 53704.268469 53653.10063732985 0.0 0.02 6.227194187752011e-05 -6.0 6.0 0.6876680560665779 -1.0 1.2
4679 0.331035 53601.370524 53704.276537 53654.37731086079 0.0 0.02 2.39602355146912e-05 -6.0 6.0 1.089748560620669 -1.0 1.2
4682 0.400886 53601.370524 53704.276537 53645.86721527094 0.0 0.02 1.603102362243726e-05 -6.0 6.0 -0.6124718715617823 -1.0 1.2
4690 0.198809 53601.401238 53704.308716 53656.87640138515 0.0 0.02 3.299058988030621e-05 -6.0 6.0 0.8630236065208707 -1.0 1.2
4706 0.589746 53607.398699 53705.292181 53679.45864628218 0.0 0.02 2.210370536991519e-05 -6.0 6.0 5.865882351841893 -1.0 1.2
4737 0.464087 53601.391578 53704.298087 53653.84640439342 0.0 0.02 1.69352774177408e-05 -6.0 6.0 1.8930825829452846 -1.0 1.2
4742 0.132938 53601.453871 53705.364194 53658.62571201135 0.0 0.02 4.0644651499403827e-07 -6.0 6.0 -1.4574572651832625 -1.0 1.2
4757 0.435253 53601.404886 53704.312032 53635.55245960123 0.0 0.02 1.620317647208631e-05 -6.0 6.0 0.164107843432004 -1.0 1.2
4772 0.104714 53601.435842 53704.344439 53659.35224687247 0.0 0.02 5.1319912512269354e-05 -6.0 6.0 4.756923270548315 -1.0 1.2
4779 0.533743 53601.363636 53704.268879 53652.860102228784 0.0 0.02 1.2284198040991624e-05 -6.0 6.0 -0.6693672696845192 -1.0 1.2
4808 0.34803 53601.407287 53704.31461 53654.45685675147 0.0 0.02 1.668414342719052e-05 -6.0 6.0 0.8645237122728318 -1.0 1.2
4857 0.515438 53601.374182 53704.280326 53638.55352913571 0.0 0.02 1.1231339001787887e-05 -6.0 6.0 0.7010874826225747 -1.0 1.2
4864 0.135858 53607.369446 53705.261576 53649.86972686926 0.0 0.02 1.569417971849902e-05 -6.0 6.0 5.331252686107624 -1.0 1.2
4866 0.3762 53607.393029 53705.286638 53684.47792703202 0.0 0.02 1.4759075459771058e-05 -6.0 6.0 2.8647127209157337 -1.0 1.2
4927 0.501885 53608.211556 53704.121386 53683.030817818144 0.0 0.02 1.0377947896161874e-05 -6.0 6.0 5.598231189220312 -1.0 1.2
4928 0.125181 53601.229865 53704.13038 53651.02006529787 0.0 0.02 2.2786731729815054e-05 -6.0 6.0 3.648338018633328 -1.0 1.2
4968 0.180827 53608.177828 53704.087139 53670.62148507864 0.0 0.02 3.374592307053565e-05 -6.0 6.0 5.815054664527414 -1.0 1.2
4969 0.305176 53601.274355 53704.176216 53654.44303816176 0.0 0.02 2.0432819942303e-05 -6.0 6.0 -0.4312591631882951 -1.0 1.2
4978 0.28063 53601.286336 53704.188203 53657.03694569677 0.0 0.02 2.7466058326321662e-05 -6.0 6.0 -0.9092784573554158 -1.0 1.2
4986 0.266426 53601.3102 53704.213011 53660.547944230064 0.0 0.02 1.7323241235468213e-05 -6.0 6.0 5.618539019456345 -1.0 1.2
5017 0.548834 53601.404478 53704.312047 53659.82724369759 0.0 0.02 1.325966977539666e-05 -6.0 6.0 0.602242069832437 -1.0 1.2
5039 0.081389 53601.263167 53704.164669 53655.696466883215 0.0 0.02 2.7857262690905867e-05 -6.0 6.0 3.6039154235775355 -1.0 1.2
5103 0.160592 53608.302242 53704.214767 53654.60929726362 0.0 0.02 0.00011932552288313276 -6.0 6.0 -0.19900289271320828 -1.0 1.2
5104 0.212305 53608.305123 53704.218185 53655.19830531244 0.0 0.02 1.3749968482232067e-05 -6.0 6.0 5.058735284165967 -1.0 1.2
5114 0.563293 53601.246528 53704.147151 53605.884793052806 0.0 0.02 1.714817347835981e-05 -6.0 6.0 -0.1616634613145885 -1.0 1.2
5141 0.441746 53601.271437 53704.172853 53671.847217331175 0.0 0.02 1.1216020814248326e-05 -6.0 6.0 0.6962333315695822 -1.0 1.2
5144 1.930889 53601.42498 53704.333159 53606.336498593344 0.0 0.02 4.4786016180354306e-05 -6.0 6.0 0.4672053662305868 -1.0 1.2
5172 0.156791 53601.283014 53704.184842 53647.76457627459 0.0 0.02 1.8870814304515027e-05 -6.0 6.0 5.336253751956694 -1.0 1.2
5183 0.389088 53601.456663 53704.366275 53647.011698997034 0.0 0.02 1.6501461112456554e-05 -6.0 6.0 0.7757883475500436 -1.0 1.2
5194 0.774511 53601.40768 53705.316332 53669.96445432975 0.0 0.02 1.1675105817147958e-05 -6.0 6.0 0.8229991394247546 -1.0 1.2
5199 0.220456 53601.281387 53704.183051 53651.14821500384 0.0 0.02 3.560113140731977e-05 -6.0 6.0 0.8242629732912978 -1.0 1.2
5209 0.28274 53601.311846 53704.214705 53640.922942994875 0.0 0.02 1.0212183015004234e-05 -6.0 6.0 1.534822456726249 -1.0 1.2
