analysis_pipeline/priors/sdss_salt2_2.4.ecsv
# %ECSV 0.9
# ---
# datatype:
# - name: obj_id
#   datatype: string
# - name: z
#   datatype: float64
# - name: z_min
#   datatype: float64
# - name: z_max
#   datatype: float64
# - name: t0
#   datatype: float64
# - name: t0_min
#   datatype: float64
# - name: t0_max
#   datatype: float64
# - name: x0
#   datatype: float64
# - name: x0_min
#   datatype: float64
# - name: x0_max
#   datatype: float64
# - name: x1
#   datatype: float64
# - name: x1_min
#   datatype: float64
# - name: x1_max
#   datatype: float64
# - name: c
#   datatype: float64
# - name: c_min
#   datatype: float64
# - name: c_max
#   datatype: float64
# - name: message
#   datatype: string
# schema: astropy-2.0
obj_id z z_min z_max t0 t0_min t0_max x0 x0_min x0_max x1 x1_min x1_max c c_min c_max message
[from data line 582]
6712 0.090509 0.01 0.8 53675.63851428581 53607.311186 53705.201037 1.7711915758162193e-05 0.0 0.02 3.62220814225652 -6.0 6.0 0.5281373489632745 -1.0 1.2 Success
6714 0.411986 0.01 0.8 53677.04390054761 53601.304847 53705.208736 1.7103799783498684e-05 0.0 0.02 2.427547593480843 -6.0 6.0 -0.08325619231907204 -1.0 1.2 Success
6743 0.360485 0.01 0.8 53666.02349706323 53607.272627 53705.161187 1.610116040820671e-05 0.0 0.02 -1.2565362899260653 -6.0 6.0 -0.0028307201396786806 -1.0 1.2 Success
6773 0.08932 0.01 0.8 53678.511437385256 53608.148556 53703.079665 0.000378566691003943 0.0 0.02 0.29139556926156684 -6.0 6.0 0.0714006496390129 -1.0 1.2 Success
6777 0.402761 0.01 0.8 53667.91595254482 53608.194289 53704.104293 1.480826740535995e-05 0.0 0.02 2.6659432453843985 -6.0 6.0 0.023009374396417554 -1.0 1.2 Success
6780 0.202674 0.01 0.8 53665.64222712346 53601.223582 53704.123558 5.4650347490801e-05 0.0 0.02 -1.6876174902204786 -6.0 6.0 0.044032669064135964 -1.0 1.2 Success
6807 0.293439 0.01 0.8 53676.43905323913 53607.26471 53705.153444 2.39069490784564e-05 0.0 0.02 0.13861749571062604 -6.0 6.0 0.168707121322067 -1.0 1.2 Success
6813 0.284915 0.01 0.8 53654.88478667413 53607.39991 53705.293467 2.5106275233978007e-05 0.0 0.02 -1.2490824276772645 -6.0 6.0 0.41064019543434105 -1.0 1.2 Success
6815 0.099577 0.01 0.8 53643.08438159588 53601.403259 53705.311657 2.94126584125635e-07 0.0 0.02 -0.8762217387444312 -6.0 6.0 -0.2452816409009151 -1.0 1.2 Success
6816 0.352338 0.01 0.8 53675.75625466282 53607.419322 53705.31419 2.300568402910453e-05 0.0 0.02 0.15359049055129592 -6.0 6.0 -0.03477790880112233 -1.0 1.2 Success
6831 0.210437 0.01 0.8 53673.03448947893 53601.406879 53704.314625 2.279246367432782e-05 0.0 0.02 1.6668189571972134 -6.0 6.0 0.31502919334616636 -1.0 1.2 Success
6851 0.304122 0.01 0.8 53674.58750138417 53601.45307 53704.362483 3.19527003762552e-05 0.0 0.02 0.8884287120036695 -6.0 6.0 -0.002303241060533511 -1.0 1.2 Success
6852 0.299936 0.01 0.8 53681.56552809632 53601.456274 53704.366245 3.3374087720439415e-05 0.0 0.02 4.642325172492218 -6.0 6.0 0.16990401780251008 -1.0 1.2 Success
6861 0.189589 0.01 0.8 53672.910552062065 53607.29631 53705.185995 2.5488318646063993e-05 0.0 0.02 -2.9227371765799264 -6.0 6.0 0.32807457848113347 -1.0 1.2 Success
6875 0.166639 0.01 0.8 53674.13484593728 53607.445105 53705.341164 1.902924990045824e-05 0.0 0.02 -0.4079505960387697 -6.0 6.0 0.2833578652379176 -1.0 1.2 Success
6895 0.216121 0.01 0.8 53678.74611674368 53607.242524 53705.130819 5.008249938639971e-05 0.0 0.02 0.15521562810507572 -6.0 6.0 0.20102792409365286 -1.0 1.2 Success
6896 0.333477 0.01 0.8 53669.25587307288 53607.242943 53705.130819 1.8219009172885026e-05 0.0 0.02 2.511858874276808 -6.0 6.0 0.14846909048255322 -1.0 1.2 Success
6903 0.251778 0.01 0.8 53677.36702273528 53607.257594 53705.145811 4.0338957856661974e-05 0.0 0.02 -1.5118864151660758 -6.0 6.0 0.0476872493788868 -1.0 1.2 Success
6913 0.379467 0.01 0.8 53657.57775338397 53607.284678 53705.174084 2.5290761139171933e-05 0.0 0.02 0.6711206977506242 -6.0 6.0 -0.09923467097743588 -1.0 1.2 Success
6914 0.412769 0.01 0.8 53675.780207756216 53607.206344 53705.093951 1.722930632768909e-05 0.0 0.02 0.23396165668702854 -6.0 6.0 -0.15833973246073024 -1.0 1.2 Success
6921 0.140712 0.01 0.8 53654.79422848453 53607.30209 53705.191639 1.706355006385323e-05 0.0 0.02 -2.5618839022742956 -6.0 6.0 0.584654211498539 -1.0 1.2 Success
6924 0.326398 0.01 0.8 53674.628193725206 53607.322728 53705.213027 3.6440960661018016e-05 0.0 0.02 0.9762844704738357 -6.0 6.0 -0.051394037910177236 -1.0 1.2 Success
6933 0.21163 0.01 0.8 53679.902525494006 53601.34289 53704.247638 7.868871284671762e-05 0.0 0.02 0.11795322335269051 -6.0 6.0 -0.006452873261403924 -1.0 1.2 Success
6936 0.178899 0.01 0.8 53680.68867111235 53607.223211 53705.111062 9.503202766412066e-05 0.0 0.02 0.0939286339821594 -6.0 6.0 -0.0006010601355715274 -1.0 1.2 Success
6939 0.348022 0.01 0.8 53660.12740813677 53601.344545 53704.248838 2.6750730726303806e-05 0.0 0.02 -0.965243407965862 -6.0 6.0 -0.15904270106742344 -1.0 1.2 Success
6944 0.078822 0.01 0.8 53657.133211483975 53601.374165 53704.280372 1.7474780260535906e-06 0.0 0.02 -0.24436504024926395 -6.0 6.0 -0.22505221584386745 -1.0 1.2 Success
6957 0.210861 0.01 0.8 53657.2122620428 53601.404457 53704.312109 3.5885820511850234e-06 0.0 0.02 -3.6646480413216556 -6.0 6.0 -0.2900868906678255 -1.0 1.2 Success
6962 0.093369 0.01 0.8 53678.73506307716 53601.417338 53704.325179 0.0003594448713204264 0.0 0.02 -1.5641035052382872 -6.0 6.0 -0.056745547812473485 -1.0 1.2 Success
6968 0.09746 0.01 0.8 53687.768785458684 53601.365275 53704.270531 0.00022357372032501393 0.0 0.02 2.1869366618461665 -6.0 6.0 0.1890949450393873 -1.0 1.2 Success
6987 0.292795 0.01 0.8 53669.533468354355 53607.240434 53705.128646 1.0853796871780174e-05 0.0 0.02 2.3930482296383473 -6.0 6.0 -0.07709803439508942 -1.0 1.2 Success
7013 0.049075 0.01 0.8 53616.08905169433 53601.355119 53704.260345 3.782974028559184e-05 0.0 0.02 -4.424783670619001 -6.0 6.0 -0.2528283598249649 -1.0 1.2 Success
7017 0.267869 0.01 0.8 53685.302265415194 53601.397222 53704.304022 0.00010498915498916913 0.0 0.02 4.7547106690095635 -6.0 6.0 -0.012682895923832854 -1.0 1.2 Success
7024 0.337479 0.01 0.8 53670.686892278594 53607.231623 53705.119623 1.4857539549996746e-05 0.0 0.02 2.054685617710752 -6.0 6.0 -0.09033705827135967 -1.0 1.2 Success
7051 0.331441 0.01 0.8 53665.66575486658 53607.321499 53705.211713 2.922930957944479e-05 0.0 0.02 -2.323318319209411 -6.0 6.0 -0.11133260094968132 -1.0 1.2 Success
7055 0.505103 0.01 0.8 53662.00695644938 53607.331374 53705.222397 1.726562736489777e-05 0.0 0.02 4.3542992603681245 -6.0 6.0 0.04337581557162633 -1.0 1.2 Success
7056 0.292765 0.01 0.8 53668.2531918578 53607.331786 53705.222824 2.19690703089961e-05 0.0 0.02 1.3556422125180776 -6.0 6.0 0.33041686124539826 -1.0 1.2 Success
7067 0.136369 0.01 0.8 53659.11955013113 53601.401244 53704.308278 1.3258542125783732e-05 0.0 0.02 5.01158161426123 -6.0 6.0 0.3876003564936779 -1.0 1.2 Success
7092 0.224117 0.01 0.8 53671.011698914604 53608.180348 53704.09021 4.516646194774231e-05 0.0 0.02 -1.2157971285783407 -6.0 6.0 -0.003915416276394165 -1.0 1.2 Success
7099 0.217393 0.01 0.8 53678.32033226762 53601.264808 53704.166 7.5141848339457e-05 0.0 0.02 1.3041116643528654 -6.0 6.0 0.04534371785982596 -1.0 1.2 Success
7102 0.195062 0.01 0.8 53671.002812705796 53608.203986 53704.113679 7.661820446679938e-05 0.0 0.02 -0.9317829532591206 -6.0 6.0 -0.10232201443678632 -1.0 1.2 Success
7121 0.25319 0.01 0.8 53677.46964353767 53608.180783 53704.090164 3.7197476176744556e-05 0.0 0.02 0.6690777102637191 -6.0 6.0 0.019071843803541613 -1.0 1.2 Success
7143 0.303538 0.01 0.8 53677.875775954904 53601.271455 53705.174037 2.3314936522278358e-05 0.0 0.02 -0.36430936933277225 -6.0 6.0 0.047823086144086376 -1.0 1.2 Success
7147 0.108856 0.01 0.8 53679.52134466812 53601.284681 53704.186508 0.00024745197788992245 0.0 0.02 -2.0180129605165114 -6.0 6.0 -0.03483546407076245 -1.0 1.2 Success
7172 0.136351 0.01 0.8 53646.259601636244 53601.372955 53704.278659 5.691722045876333e-06 0.0 0.02 -4.756290098473037 -6.0 6.0 1.1354625723113054 -1.0 1.2 Success
7194 0.363247 0.01 0.8 53667.5994095909 53601.412934 53704.320483 1.8267563141121916e-05 0.0 0.02 0.3455570822736781 -6.0 6.0 0.008147309690582437 -1.0 1.2 Success
7195 0.361269 0.01 0.8 53673.38738900369 53601.412934 53704.320483 1.916945421029363e-05 0.0 0.02 1.2218763345053303 -6.0 6.0 -0.023502842814756005 -1.0 1.2 Success
7209 0.065355 0.01 0.8 53644.66050877238 53607.445105 53705.340744 7.423776526959209e-06 0.0 0.02 5.806010057663575 -6.0 6.0 1.127772648023668 -1.0 1.2 Success
7243 0.203226 0.01 0.8 53686.328594692335 53607.236653 53705.124808 6.504850828643363e-05 0.0 0.02 0.7967055199088273 -6.0 6.0 0.051081459834740016 -1.0 1.2 Success
7248 0.124885 0.01 0.8 53665.46392978923 53607.250068 53705.138513 7.393055271117373e-06 0.0 0.02 5.2593017602212875 -6.0 6.0 1.1293452996453273 -1.0 1.2 Success
7254 0.364577 0.01 0.8 53668.6352462783 53607.269701 53705.158219 1.3785566132765307e-05 0.0 0.02 -0.923319122512057 -6.0 6.0 0.4654910807021806 -1.0 1.2 Success
7258 0.253123 0.01 0.8 53674.27891082059 53608.194299 53704.104247 3.555105970981502e-05 0.0 0.02 0.684763262166205 -6.0 6.0 -0.0009805417383622148 -1.0 1.2 Success
7303 0.405 0.01 0.8 53656.339425 53607.39262 53705.28623 0.01 0.0 0.02 0.0 -6.0 6.0 0.09999999999999998 -1.0 1.2 "Fail bandpass 'sdss_sako18_g2' [3677.2, .., 5573.8] outside spectral range [4892.67, .., 22506.3] -"
7306 0.11084 0.01 0.8 53680.57924873075 53607.395053 53705.288774 4.191252015050988e-05 0.0 0.02 4.433379220057727 -6.0 6.0 0.1669780854149753 -1.0 1.2 Success
7335 0.19561 0.01 0.8 53675.002724018785 53607.210985 53705.098671 4.883427118478908e-05 0.0 0.02 -2.5844670916229417 -6.0 6.0 0.06917321460864773 -1.0 1.2 Success
7339 0.30571 0.01 0.8 53658.94548083638 53607.307892 53705.197567 1.6187385452352693e-05 0.0 0.02 4.9866514638547095 -6.0 6.0 -0.1962206836047095 -1.0 1.2 Success
7343 0.405 0.01 0.8 53656.267647 53607.32233 53705.212964 0.01 0.0 0.02 0.0 -6.0 6.0 0.09999999999999998 -1.0 1.2 "Fail bandpass 'sdss_sako18_g2' [3677.2, .., 5573.8] outside spectral range [3739.51, .., 17201.8] -"
7350 0.154889 0.01 0.8 53668.167773291454 53607.346152 53705.237734 9.277684715472966e-06 0.0 0.02 -2.2539222161967016 -6.0 6.0 0.511145516611474 -1.0 1.2 Success
7363 0.179153 0.01 0.8 53679.948632145766 53607.374738 53705.267122 5.736125346766174e-05 0.0 0.02 1.7509779241126118 -6.0 6.0 0.2595118374856542 -1.0 1.2 Success
7365 0.392218 0.01 0.8 53665.52170628282 53607.304162 53705.194191 1.8308604542724042e-05 0.0 0.02 2.9747158328148537 -6.0 6.0 -0.05515502031696675 -1.0 1.2 Success
7373 0.278495 0.01 0.8 53684.0821726941 53607.305402 53705.195475 4.576512683393402e-05 0.0 0.02 1.7049361124983828 -6.0 6.0 -0.06085061284460273 -1.0 1.2 Success
7390 0.369317 0.01 0.8 53681.262070498065 53607.339583 53705.230953 1.1171131347753846e-05 0.0 0.02 5.401579483733715 -6.0 6.0 -0.3320901762520874 -1.0 1.2 Success
7392 0.79782 0.01 0.8 53695.80804555647 53607.344094 53705.235647 9.823522874610485e-06 0.0 0.02 0.6081420227054319 -6.0 6.0 -0.4054927582085432 -1.0 1.2 Success
7402 0.284526 0.01 0.8 53676.27367564702 53601.337187 53705.242046 2.8517654099389806e-05 0.0 0.02 -5.8101313761482105 -6.0 6.0 0.13091585631433422 -1.0 1.2 Success
7404 0.287543 0.01 0.8 53673.6672393745 53607.351874 53705.243751 2.3127084776620576e-05 0.0 0.02 1.0318552556291176 -6.0 6.0 -0.3181299808737564 -1.0 1.2 Success
7408 0.330783 0.01 0.8 53611.786446813414 53607.357598 53705.249718 2.020359868177999e-05 0.0 0.02 2.7139505665304284 -6.0 6.0 -0.13393426986872733 -1.0 1.2 Success
7412 0.373381 0.01 0.8 53687.71040348633 53607.36617 53705.258235 1.4412578232973342e-05 0.0 0.02 4.360215506978248 -6.0 6.0 -0.14507544066713798 -1.0 1.2 Success
7417 0.354451 0.01 0.8 53682.293706231874 53607.36821 53705.260363 3.286443854620997e-05 0.0 0.02 5.793132742510819 -6.0 6.0 -0.192927528152106 -1.0 1.2 Success
7426 0.382324 0.01 0.8 53685.5754219023 53607.267208 53705.156046 2.2559888591557447e-05 0.0 0.02 5.622287303387104 -6.0 6.0 0.01935980167647868 -1.0 1.2 Success
7431 0.348623 0.01 0.8 53679.232151061886 53607.272627 53705.161615 2.620719920872397e-05 0.0 0.02 1.012451819307881 -6.0 6.0 -0.004935969891134175 -1.0 1.2 Success
7435 0.218033 0.01 0.8 53677.458204316026 53607.27679 53705.165899 7.941671235090242e-06 0.0 0.02 5.1231615814396765 -6.0 6.0 0.9657147902249691 -1.0 1.2 Success
7444 0.249173 0.01 0.8 53682.88004909813 53607.401122 53705.294753 3.801902758747994e-05 0.0 0.02 0.8976370875506036 -6.0 6.0 0.030890662917313596 -1.0 1.2 Success
7457 0.252968 0.01 0.8 53681.43032932584 53607.300447 53705.18988 2.366924881521308e-05 0.0 0.02 0.309419392522646 -6.0 6.0 0.32816018394893676 -1.0 1.2 Success
7460 0.248054 0.01 0.8 53676.12677157858 53607.224053 53705.111918 1.807447753621866e-05 0.0 0.02 -1.1349118333105328 -6.0 6.0 -0.11347555037048834 -1.0 1.2 Success
7473 0.214569 0.01 0.8 53679.578004093535 53607.33713 53705.228361 7.478953344543732e-05 0.0 0.02 -0.1341327684721614 -6.0 6.0 -0.09043715500145175 -1.0 1.2 Success
7475 0.320448 0.01 0.8 53676.53203773489 53607.338361 53705.229641 4.100937380804274e-05 0.0 0.02 0.6930308193308296 -6.0 6.0 -0.16164973614118422 -1.0 1.2 Success
7479 0.225995 0.01 0.8 53679.82191570197 53607.345331 53705.23647 6.147424612767959e-05 0.0 0.02 -0.47359066646760434 -6.0 6.0 0.16602877204015384 -1.0 1.2 Success
7480 0.384121 0.01 0.8 53682.35038830986 53607.345331 53705.236897 1.7139579439010197e-05 0.0 0.02 5.478276710921529 -6.0 6.0 -0.13061825296792692 -1.0 1.2 Success
7483 0.118715 0.01 0.8 53680.38856783471 53607.349836 53705.241162 2.2521427990280833e-05 0.0 0.02 3.884504619480115 -6.0 6.0 0.07986602620797952 -1.0 1.2 Success
7491 0.560016 0.01 0.8 53660.10494844998 53607.364547 53705.256927 1.2500877192174955e-05 0.0 0.02 5.408889595910165 -6.0 6.0 -0.2697224830209612 -1.0 1.2 Success
7499 0.351122 0.01 0.8 53666.3337661904 53607.379619 53705.272663 1.850947750657351e-05 0.0 0.02 1.4078496324781684 -6.0 6.0 0.099840439299526 -1.0 1.2 Success
7502 0.448354 0.01 0.8 53664.9372055033 53607.388559 53705.282005 1.2498186770335835e-05 0.0 0.02 0.11353440158340959 -6.0 6.0 -0.1470375178855515 -1.0 1.2 Success
7512 0.218347 0.01 0.8 53682.56472730804 53607.466398 53705.363357 4.809746696153614e-05 0.0 0.02 0.5411832344707231 -6.0 6.0 0.08286026757271661 -1.0 1.2 Success
7527 0.235524 0.01 0.8 53678.15004815558 53607.256775 53705.145305 2.37432283697011e-05 0.0 0.02 1.7398854780041506 -6.0 6.0 0.29455065379919004 -1.0 1.2 Success
7550 0.161089 0.01 0.8 53675.915961959116 53607.218985 53705.106418 1.4744052224387637e-05 0.0 0.02 -2.0595144321543706 -6.0 6.0 0.19011828675210513 -1.0 1.2 Success
7573 0.405 0.01 0.8 53656.202972 53607.258848 53705.147096 0.01 0.0 0.02 0.0 -6.0 6.0 0.09999999999999998 -1.0 1.2 "Fail bandpass 'sdss_sako18_g6' [3767, .., 5573.8] outside spectral range [5196.63, .., 23904.5] - de"
7600 0.186623 0.01 0.8 53680.893797637254 53607.291335 53705.180429 6.38468719687169e-05 0.0 0.02 -2.326705101469366 -6.0 6.0 0.04411274553621977 -1.0 1.2 Success
7607 0.405 0.01 0.8 53656.247047 53607.302106 53705.191988 0.01 0.0 0.02 0.0 -6.0 6.0 0.09999999999999998 -1.0 1.2 "Fail bandpass 'sdss_sako18_g1' [3677.2, .., 5573.8] outside spectral range [5603.39, .., 25775.6] -"
7644 0.308461 0.01 0.8 53677.525172396934 53607.308705 53705.198914 2.5419005321847592e-05 0.0 0.02 0.9980776614027635 -6.0 6.0 0.05235927585921422 -1.0 1.2 Success
7647 0.384983 0.01 0.8 53679.03713715947 53607.321081 53705.211317 2.1426689972005133e-05 0.0 0.02 0.7093096152621846 -6.0 6.0 0.02073950884645743 -1.0 1.2 Success
7656 0.385547 0.01 0.8 53666.04923561052 53607.346548 53705.238223 1.9276325905855295e-05 0.0 0.02 -1.9226316302379312 -6.0 6.0 -0.15964489066788132 -1.0 1.2 Success
7663 0.486465 0.01 0.8 53672.47027412489 53607.361678 53705.253567 1.1796315914837249e-05 0.0 0.02 0.7113860377314909 -6.0 6.0 0.09253814917266825 -1.0 1.2 Success
7671 0.017682 0.01 0.8 53678.64193737099 53607.371466 53705.264207 1.534656414597001e-05 0.0 0.02 3.106241850495918 -6.0 6.0 0.7757902036674236 -1.0 1.2 Success
7680 0.377647 0.01 0.8 53677.80242684919 53607.402738 53705.296886 1.5642154223052366e-05 0.0 0.02 0.801139206803984 -6.0 6.0 0.05391141310887623 -1.0 1.2 Success
7681 0.084608 0.01 0.8 53636.07491936014 53607.46881 53705.365834 0.0001406169121225486 0.0 0.02 5.988903284457017 -6.0 6.0 0.4124945771826239 -1.0 1.2 Success
7699 0.404925 0.01 0.8 53677.992433791995 53607.342468 53705.233878 2.2214250437691253e-05 0.0 0.02 1.5064846638806997 -6.0 6.0 -0.14544952901323127 -1.0 1.2 Success
7701 0.35904 0.01 0.8 53681.340983597256 53607.343288 53705.234731 2.4748948435548865e-05 0.0 0.02 0.20164414883240242 -6.0 6.0 -0.016594897234234664 -1.0 1.2 Success
