analysis_pipeline/priors/sdss_salt2_2.4.ecsv
# %ECSV 0.9
# ---
# datatype:
# - name: obj_id
#   datatype: string
# - name: z
#   datatype: float64
# - name: z_min
#   datatype: float64
# - name: z_max
#   datatype: float64
# - name: t0
#   datatype: float64
# - name: t0_min
#   datatype: float64
# - name: t0_max
#   datatype: float64
# - name: x0
#   datatype: float64
# - name: x0_min
#   datatype: float64
# - name: x0_max
#   datatype: float64
# - name: x1
#   datatype: float64
# - name: x1_min
#   datatype: float64
# - name: x1_max
#   datatype: float64
# - name: c
#   datatype: float64
# - name: c_min
#   datatype: float64
# - name: c_max
#   datatype: float64
# schema: astropy-2.0
obj_id z z_min z_max t0 t0_min t0_max x0 x0_min x0_max x1 x1_min x1_max c c_min c_max
[from data line 628]
357 0.214527 0.01 0.8 53622.84931737211 53601.328204 53704.231847 1.5253365682275955e-05 0.0 0.02 5.408435156232583 -6.0 6.0 0.46461863253448693 -1.0 1.2
359 0.085433 0.01 0.8 53645.13248839748 53601.364037 53704.269318 0.0005204048202852715 0.0 0.02 -0.14397716822634918 -6.0 6.0 -0.03230598797235247 -1.0 1.2
359 0.35505 0.01 0.8 53626.479666561696 53601.365659 53704.271018 2.2079034386825005e-05 0.0 0.02 1.6233887583468727 -6.0 6.0 0.007644485556611028 -1.0 1.2
359 0.116969 0.01 0.8 53632.69528753711 53601.37417 53704.279932 5.9295537154279175e-06 0.0 0.02 5.271637441683637 -6.0 6.0 1.1680441161021085 -1.0 1.2
360 0.087854 0.01 0.8 53640.52943255175 53607.277194 53705.165946 2.0663315177327222e-05 0.0 0.02 3.490952472164608 -6.0 6.0 0.7409694048700332 -1.0 1.2
361 0.091615 0.01 0.8 53650.78027829071 53601.301564 53705.204887 2.496269223524359e-05 0.0 0.02 5.2669953924367805 -6.0 6.0 0.3804524563411135 -1.0 1.2
364 0.214418 0.01 0.8 53656.08378679582 53601.379427 53704.28546 3.375756125133222e-06 0.0 0.02 2.3784053899913515 -6.0 6.0 0.07921441484368702 -1.0 1.2
372 0.405 0.01 0.8 53656.286505 53607.340824 53705.232186 0.01 0.0 0.02 0.0 -6.0 6.0 0.09999999999999998 -1.0 1.2
372 0.25275 0.01 0.8 53673.29160161089 53607.282604 53705.171926 1.0039009517354103e-05 0.0 0.02 4.894840737910503 -6.0 6.0 0.8520850529162769 -1.0 1.2
374 0.234879 0.01 0.8 53639.345266360186 53607.347381 53705.238587 8.842544441113921e-06 0.0 0.02 4.805423531641646 -6.0 6.0 0.8908891348722395 -1.0 1.2
374 0.188604 0.01 0.8 53618.48118078624 53601.339655 53705.244983 1.8980706749091116e-05 0.0 0.02 0.21762443200600162 -6.0 6.0 0.5870160003466147 -1.0 1.2
375 0.069066 0.01 0.8 53646.75994398166 53607.3182 53705.208736 3.6634267773357173e-05 0.0 0.02 -2.486264313710241 -6.0 6.0 0.47501341304528866 -1.0 1.2
377 0.137941 0.01 0.8 53634.19279927793 53601.349019 53705.254782 2.1442482511097825e-05 0.0 0.02 -0.3307696846472662 -6.0 6.0 0.8208365629303794 -1.0 1.2
378 0.360378 0.01 0.8 53641.88884402755 53607.340814 53705.231807 1.687667182465652e-05 0.0 0.02 3.570046728507808 -6.0 6.0 -0.005346042458594986 -1.0 1.2
378 0.065163 0.01 0.8 53634.59535503265 53607.371072 53705.26372 1.0882169653205814e-05 0.0 0.02 4.6724946325025245 -6.0 6.0 1.1704663225737983 -1.0 1.2
380 0.246932 0.01 0.8 53643.28255494196 53607.361274 53705.253552 3.0148507308251197e-05 0.0 0.02 5.685558195536683 -6.0 6.0 0.004075563649109864 -1.0 1.2
381 0.417873 0.01 0.8 53633.686683923115 53607.362907 53705.255255 1.8280084517945347e-05 0.0 0.02 -0.381828755604542 -6.0 6.0 -0.046473581346572826 -1.0 1.2
382 0.312029 0.01 0.8 53644.50326083439 53607.373099 53705.265893 2.4818593008350533e-05 0.0 0.02 -0.9861094019424677 -6.0 6.0 0.010932342185909457 -1.0 1.2
385 0.346735 0.01 0.8 53648.310902580786 53607.304165 53705.194175 2.5575871494157908e-05 0.0 0.02 1.137675643123494 -6.0 6.0 0.21712245341924635 -1.0 1.2
385 0.146156 0.01 0.8 53626.53930947424 53607.308298 53705.198454 2.516466503352285e-05 0.0 0.02 3.415944061495289 -6.0 6.0 0.7886104891865586 -1.0 1.2
386 0.19463 0.01 0.8 53651.0035099978 53607.323147 53705.213423 9.392383182577881e-06 0.0 0.02 4.604425362399373 -6.0 6.0 0.7125232315188271 -1.0 1.2
