analysis_pipeline/priors/sdss_salt2_2.4.ecsv
# %ECSV 0.9
# ---
# datatype:
# - name: obj_id
#   datatype: string
# - name: z
#   datatype: float64
# - name: z_min
#   datatype: float64
# - name: z_max
#   datatype: float64
# - name: t0
#   datatype: float64
# - name: t0_min
#   datatype: float64
# - name: t0_max
#   datatype: float64
# - name: x0
#   datatype: float64
# - name: x0_min
#   datatype: float64
# - name: x0_max
#   datatype: float64
# - name: x1
#   datatype: float64
# - name: x1_min
#   datatype: float64
# - name: x1_max
#   datatype: float64
# - name: c
#   datatype: float64
# - name: c_min
#   datatype: float64
# - name: c_max
#   datatype: float64
# - name: manual
#   datatype: int64
# schema: astropy-2.0
obj_id z z_min z_max t0 t0_min t0_max x0 x0_min x0_max x1 x1_min x1_max c c_min c_max manual
679 0.123663 0.01 0.8 53619.871967429644 53601.221902 53704.121861 6.6123100408271e-06 0.0 0.02 0.36000276615229543 -6.0 6.0 1.0994103469933965 -1.0 1.2 0
682 0.047317 0.01 0.8 53650.3735180479 53601.232356 53705.133817 9.752613238848466e-07 0.0 0.02 -0.7229332093561068 -6.0 6.0 -0.3075046508988049 -1.0 1.2 0
688 0.066563 0.01 0.8 53624.29065840189 53601.265664 53704.166778 1.1769290351267579e-05 0.0 0.02 2.9334922666383405 -6.0 6.0 0.9835943839369201 -1.0 1.2 0
691 0.129587 0.01 0.8 53618.823581959194 53601.228193 53704.128667 5.1252997395872277e-05 0.0 0.02 0.6046025111756764 -6.0 6.0 0.5333750776338064 -1.0 1.2 0
694 0.126178 0.01 0.8 53624.91937704016 53601.229447 53705.130756 0.00012391882099779786 0.0 0.02 0.6698951740191422 -6.0 6.0 0.32921175898529104 -1.0 1.2 0
697 0.155294 0.01 0.8 53623.7412228042 53601.243217 53705.144463 1.7933802620325443e-05 0.0 0.02 1.7500686496903088 -6.0 6.0 0.7479913866788294 -1.0 1.2 0
701 0.205128 0.01 0.8 53609.80877456446 53601.241951 53704.142421 6.439213631271906e-05 0.0 0.02 -1.401919368594629 -6.0 6.0 0.14404930546404843 -1.0 1.2 0
703 0.296481 0.01 0.8 53626.55293008568 53601.246533 53704.147134 3.601879430772887e-05 0.0 0.02 0.7502565546296777 -6.0 6.0 0.01241525497890698 -1.0 1.2 0
704 0.204966 0.01 0.8 53618.08017258979 53601.248214 53704.148801 2.493661792990282e-05 0.0 0.02 0.7921685570248309 -6.0 6.0 0.4601295263377733 -1.0 1.2 0
711 0.405 0.01 0.8 53652.7132905 53601.26274 53704.163841 0.01 0.0 0.02 0.0 -6.0 6.0 0.09999999999999998 -1.0 1.2 0
716 0.322376 0.01 0.8 53639.68192172629 53601.287145 53705.190339 9.995204667526039e-05 0.0 0.02 5.991296634245537 -6.0 6.0 -0.06038166836331301 -1.0 1.2 0
717 0.12901 0.01 0.8 53614.94318075827 53601.294564 53704.196808 1.4939068363869157e-05 0.0 0.02 -0.11961164318056922 -6.0 6.0 1.0487316308585062 -1.0 1.2 0
722 0.085038 0.01 0.8 53623.04489020136 53601.313876 53704.216903 0.00021956390218823014 0.0 0.02 -0.12971445891209396 -6.0 6.0 0.270957637562828 -1.0 1.2 0
735 0.189482 0.01 0.8 53613.93807644198 53601.333922 53704.237819 5.28794953185491e-05 0.0 0.02 -3.1269308445981583 -6.0 6.0 0.11617288710922069 -1.0 1.2 0
739 0.106421 0.01 0.8 53613.07109204677 53601.35185 53704.256563 0.00024223910445503796 0.0 0.02 -1.531411445692734 -6.0 6.0 0.060559809359756675 -1.0 1.2 0
744 0.12694 0.01 0.8 53618.82682724405 53601.226928 53704.126985 0.00014606937373302099 0.0 0.02 0.1999411021406506 -6.0 6.0 0.17409619205913462 -1.0 1.2 0
762 0.190088 0.01 0.8 53625.22674554138 53601.354311 53704.259479 9.040184152211777e-05 0.0 0.02 1.1113211048062028 -6.0 6.0 0.00020219641402418047 -1.0 1.2 0
764 0.185808 0.01 0.8 53622.20324545081 53601.360811 53704.265857 1.9834189848887665e-05 0.0 0.02 5.5056487820506455 -6.0 6.0 0.351652571644147 -1.0 1.2 0
765 0.259902 0.01 0.8 53630.50903074255 53601.394382 53704.301532 2.7604601012145835e-05 0.0 0.02 5.647437767578495 -6.0 6.0 -0.2784355626841558 -1.0 1.2 0
770 0.041464 0.01 0.8 53629.5798672487 53601.398013 53704.304914 9.434266146286723e-06 0.0 0.02 5.111864119152658 -6.0 6.0 1.1872567494294914 -1.0 1.2 0
772 0.20925 0.01 0.8 53624.10009634381 53601.399626 53704.307026 1.4998902269203791e-05 0.0 0.02 5.110244373338672 -6.0 6.0 0.6319197056679651 -1.0 1.2 0
774 0.092269 0.01 0.8 53615.780824328656 53601.381476 53704.287502 0.0003318107482475268 0.0 0.02 -0.5911233726222864 -6.0 6.0 0.12301536831078416 -1.0 1.2 0
779 0.236938 0.01 0.8 53626.99475883659 53601.38471 53704.290891 5.5232551452996286e-05 0.0 0.02 0.3944882889908342 -6.0 6.0 0.04314250534339323 -1.0 1.2 0
782 0.131251 0.01 0.8 53629.87879688992 53601.41332 53704.32095 3.422846703103108e-05 0.0 0.02 5.948852433552775 -6.0 6.0 0.7441659495958511 -1.0 1.2 0
792 0.04282 0.01 0.8 53623.0488985494 53601.434617 53704.343242 1.4429031547669727e-05 0.0 0.02 2.2880943817194033 -6.0 6.0 0.9404207737475829 -1.0 1.2 0
799 0.146407 0.01 0.8 53612.95596194088 53601.25818 53704.159114 5.7783210742804154e-05 0.0 0.02 -0.2970118825601571 -6.0 6.0 -0.4705259953953438 -1.0 1.2 0
818 0.237174 0.01 0.8 53614.47194849368 53601.421385 53704.329311 3.250564358437061e-05 0.0 0.02 -1.5693682767268238 -6.0 6.0 0.2399762144526345 -1.0 1.2 0
822 0.236635 0.01 0.8 53621.90281175388 53601.421787 53704.330152 4.845306147021254e-05 0.0 0.02 -0.7810765413429723 -6.0 6.0 -0.057218685548723454 -1.0 1.2 0
830 0.38623 0.01 0.8 53683.035210189155 53601.426207 53704.334779 3.708748333610619e-05 0.0 0.02 5.861603294178829 -6.0 6.0 -0.2680955259677981 -1.0 1.2 0
841 0.298318 0.01 0.8 53624.83136169606 53601.443061 53704.352405 3.427584783265863e-05 0.0 0.02 0.8916275307791264 -6.0 6.0 -0.12021466321902807 -1.0 1.2 0
859 0.276728 0.01 0.8 53624.37694693401 53601.285913 53704.188235 4.567642057422631e-05 0.0 0.02 0.5559315933022646 -6.0 6.0 0.0355207245047428 -1.0 1.2 0
863 0.092949 0.01 0.8 53627.6220654553 53601.297451 53704.199788 1.724572831206716e-05 0.0 0.02 5.380241983607077 -6.0 6.0 0.8047406000718861 -1.0 1.2 0
875 0.104044 0.01 0.8 53629.04260034619 53601.259017 53704.159957 1.2679777334991724e-05 0.0 0.02 2.253668707366186 -6.0 6.0 1.1910242144521606 -1.0 1.2 0
879 0.451353 0.01 0.8 53661.55852299994 53601.271455 53704.173235 5.41817504430348e-05 0.0 0.02 5.968626823924028 -6.0 6.0 -0.39984264303530553 -1.0 1.2 0
893 0.108834 0.01 0.8 53620.27263742134 53601.32699 53704.230537 5.48320840335537e-05 0.0 0.02 -0.9325639900286167 -6.0 6.0 0.1474694245043275 -1.0 1.2 0
895 0.266814 0.01 0.8 53615.168288215194 53601.348201 53704.253128 2.4531900909032874e-05 0.0 0.02 0.0031848793964642692 -6.0 6.0 0.3415481170513948 -1.0 1.2 0
896 0.423446 0.01 0.8 53655.446923287294 53601.350236 53704.255256 1.798771016414297e-05 0.0 0.02 5.896932479252908 -6.0 6.0 -0.4644806618089276 -1.0 1.2 0
904 0.383892 0.01 0.8 53620.37933404687 53601.369321 53704.275234 2.770611597315929e-05 0.0 0.02 1.4236031560609823 -6.0 6.0 -0.28191617570349675 -1.0 1.2 0
907 0.105466 0.01 0.8 53643.11399583884 53601.398831 53704.305729 3.35539367304667e-05 0.0 0.02 5.8995739146243285 -6.0 6.0 0.996204456860366 -1.0 1.2 0
910 0.147747 0.01 0.8 53618.05580414377 53601.33353 53704.237346 5.7534643668260376e-05 0.0 0.02 0.5342654459295726 -6.0 6.0 0.39313002372597583 -1.0 1.2 0
911 0.206325 0.01 0.8 53621.9806114755 53601.416953 53704.324712 3.647972852165465e-05 0.0 0.02 -0.5347449690941537 -6.0 6.0 0.25083674157379554 -1.0 1.2 0
921 0.125781 0.01 0.8 53631.02872622989 53601.457475 53705.367973 6.423092982527366e-06 0.0 0.02 5.589186027193408 -6.0 6.0 1.1467025936432542 -1.0 1.2 0
930 0.288698 0.01 0.8 53658.20154270123 53601.351053 53705.256485 4.253505629175497e-05 0.0 0.02 5.953078739895589 -6.0 6.0 -0.1750964885874339 -1.0 1.2 0
932 0.390036 0.01 0.8 53619.17215158529 53601.38915 53704.295563 2.2212559836978767e-05 0.0 0.02 3.895211686256163 -6.0 6.0 0.06752572712563222 -1.0 1.2 0
938 0.760567 0.01 0.8 53666.846091946754 53601.411727 53704.319218 1.019571217216267e-05 0.0 0.02 0.43978767957113996 -6.0 6.0 -0.46741520710085876 -1.0 1.2 0
979 0.291144 0.01 0.8 53618.709555834415 53601.247361 53704.148008 2.593972203647968e-05 0.0 0.02 0.1814613304838549 -6.0 6.0 0.21656605147634256 -1.0 1.2 0
983 0.067238 0.01 0.8 53627.14750359624 53601.269781 53704.17114 1.9039712680968732e-05 0.0 0.02 5.76008258345211 -6.0 6.0 1.1500559307702036 -1.0 1.2 0
986 0.279009 0.01 0.8 53618.079815453515 53601.292499 53704.194686 3.0403351360034116e-05 0.0 0.02 0.29354073643483936 -6.0 6.0 -0.004819167412070696 -1.0 1.2 0
1000 0.128293 0.01 0.8 53614.1532326708 53601.374975 53704.28122 0.00011359884572339922 0.0 0.02 -2.2348688796135767 -6.0 6.0 0.029425875452604923 -1.0 1.2 0
