analysis_pipeline/priors/sdss_salt2_2.4.ecsv
# %ECSV 0.9
# ---
# datatype:
# - name: obj_id
#   datatype: string
# - name: z
#   datatype: float64
# - name: z_min
#   datatype: float64
# - name: z_max
#   datatype: float64
# - name: t0
#   datatype: float64
# - name: t0_min
#   datatype: float64
# - name: t0_max
#   datatype: float64
# - name: x0
#   datatype: float64
# - name: x0_min
#   datatype: float64
# - name: x0_max
#   datatype: float64
# - name: x1
#   datatype: float64
# - name: x1_min
#   datatype: float64
# - name: x1_max
#   datatype: float64
# - name: c
#   datatype: float64
# - name: c_min
#   datatype: float64
# - name: c_max
#   datatype: float64
# schema: astropy-2.0
obj_id z z_min z_max t0 t0_min t0_max x0 x0_min x0_max x1 x1_min x1_max c c_min c_max
[from data line 105]
1464 0.288787 0.01 0.8 53622.065679539686 53607.397479 53705.290925 3.227435902519632e-05 0.0 0.02 -1.7010832291830218 -6.0 6.0 -0.09267469430334394 -1.0 1.2
1469 0.086745 0.01 0.8 53632.145299949894 53607.401125 53705.295161 2.019059397769557e-05 0.0 0.02 5.6503790443184805 -6.0 6.0 0.44899676139850103 -1.0 1.2
1470 0.08672 0.01 0.8 53635.697307705836 53601.389543 53705.297278 1.7465273229784748e-05 0.0 0.02 5.9222655662592585 -6.0 6.0 0.9839294520628529 -1.0 1.2
1478 0.200911 0.01 0.8 53620.60115018261 53607.414475 53705.309122 5.398550934340612e-05 0.0 0.02 0.3301361916130062 -6.0 6.0 0.06112154166260992 -1.0 1.2
1495 0.204013 0.01 0.8 53624.728572546206 53607.425778 53705.32052 1.4192082425173817e-05 0.0 0.02 2.742520827084844 -6.0 6.0 0.698074507671394 -1.0 1.2
1504 0.316373 0.01 0.8 53627.50414041786 53601.420565 53705.32937 2.6471395380818852e-05 0.0 0.02 -0.47128470664009026 -6.0 6.0 -0.050880487315180745 -1.0 1.2
1511 0.185727 0.01 0.8 53614.60814324901 53607.440281 53705.335683 2.821282928912246e-05 0.0 0.02 -1.2152120748168977 -6.0 6.0 0.47330619486572273 -1.0 1.2
1514 0.041224 0.01 0.8 53630.12126496661 53607.442695 53705.338627 0.00021500061064842212 0.0 0.02 1.2481343426898406 -6.0 6.0 0.6346947395991694 -1.0 1.2
1525 0.106504 0.01 0.8 53632.02364370843 53607.453549 53705.349546 0.00013118297408358878 0.0 0.02 2.98524145470836 -6.0 6.0 0.21821694017561097 -1.0 1.2
1533 0.143081 0.01 0.8 53630.578522851145 53607.310371 53705.200134 1.2093996315519687e-05 0.0 0.02 5.534234404950654 -6.0 6.0 1.017118694690523 -1.0 1.2
1535 0.234585 0.01 0.8 53635.77719632237 53607.457565 53705.35374 4.6937726284343574e-05 0.0 0.02 5.954599433639523 -6.0 6.0 0.38009166655455867 -1.0 1.2
1545 0.097666 0.01 0.8 53623.49095746104 53607.364957 53705.257337 0.00012610249791761803 0.0 0.02 -2.678275758271621 -6.0 6.0 -0.05243994195862819 -1.0 1.2
1546 0.036428 0.01 0.8 53632.587958878736 53607.476426 53705.373774 4.523435111419201e-05 0.0 0.02 5.943235557954181 -6.0 6.0 1.082032957587738 -1.0 1.2
1555 0.022961 0.01 0.8 53630.290147788786 53607.46198 53705.358768 0.0001259037937751372 0.0 0.02 3.7245833587563024 -6.0 6.0 0.35841659584972824 -1.0 1.2
1576 0.475687 0.01 0.8 53627.853225402 53607.443094 53705.338642 1.3535034320107701e-05 0.0 0.02 -0.11255633540684608 -6.0 6.0 -0.168148823414711 -1.0 1.2
1577 0.548885 0.01 0.8 53680.552036053225 53607.443496 53705.339062 1.4562775038981963e-05 0.0 0.02 5.53187583126254 -6.0 6.0 -0.32672880314709607 -1.0 1.2
1580 0.183217 0.01 0.8 53634.07594127062 53607.448332 53705.344477 9.706551374741152e-05 0.0 0.02 0.9224308730195371 -6.0 6.0 0.05156177549652614 -1.0 1.2
1583 0.316788 0.01 0.8 53623.098054459406 53607.455163 53705.351192 2.652219451450546e-05 0.0 0.02 0.48271252822911176 -6.0 6.0 -0.073011763298158 -1.0 1.2
1588 0.14989 0.01 0.8 53617.063274254535 53601.453079 53705.363341 4.867928589795094e-05 0.0 0.02 0.9178087656571462 -6.0 6.0 0.47491564739731357 -1.0 1.2
1595 0.212269 0.01 0.8 53631.31289586285 53608.195561 53704.105118 8.751869213642512e-05 0.0 0.02 -0.11299031012211178 -6.0 6.0 -0.025671217238184815 -1.0 1.2
1601 0.327813 0.01 0.8 53614.52100675962 53608.209034 53704.118817 2.5111057834526834e-05 0.0 0.02 2.393775824095188 -6.0 6.0 -0.12330108924472268 -1.0 1.2
1609 0.423845 0.01 0.8 53641.31725356728 53601.234042 53704.134235 2.736978473967531e-05 0.0 0.02 5.879911304674072 -6.0 6.0 0.05688373296925687 -1.0 1.2
1627 0.337473 0.01 0.8 53620.18954690813 53608.193024 53704.102582 1.577691565141118e-05 0.0 0.02 5.109196605865548 -6.0 6.0 -0.4110457087106532 -1.0 1.2
1631 0.142885 0.01 0.8 53637.50793361801 53608.197666 53704.107275 1.8894913388126275e-05 0.0 0.02 5.856832172487423 -6.0 6.0 0.656951476481519 -1.0 1.2
1632 0.056351 0.01 0.8 53635.639577548 53608.198509 53704.108559 5.666421117256608e-05 0.0 0.02 5.265395132006171 -6.0 6.0 0.6720086856554626 -1.0 1.2
1650 0.302746 0.01 0.8 53621.854807320684 53601.294152 53704.19638 2.0341623589118196e-05 0.0 0.02 -1.4926934643244985 -6.0 6.0 0.20659195532845528 -1.0 1.2
1658 0.275748 0.01 0.8 53638.23037911146 53601.305257 53704.207928 3.585239995379184e-05 0.0 0.02 0.4738604994739249 -6.0 6.0 -0.02884790048476904 -1.0 1.2
1662 0.205317 0.01 0.8 53633.18042156882 53601.311825 53699.252845 1.9037622971513772e-05 0.0 0.02 4.772125217055413 -6.0 6.0 0.1739255876027359 -1.0 1.2
1668 0.21401 0.01 0.8 53632.05917241375 53601.329838 53704.23398 2.710980969958515e-06 0.0 0.02 -1.375814010775875 -6.0 6.0 0.8904095797488282 -1.0 1.2
1686 0.135049 0.01 0.8 53624.97927686755 53601.318396 53705.222382 1.5642190186596537e-05 0.0 0.02 3.3185827045019933 -6.0 6.0 0.6947517329322226 -1.0 1.2
1688 0.357669 0.01 0.8 53630.00233086235 53608.194711 53704.104722 2.0102389759599343e-05 0.0 0.02 1.7999677848350433 -6.0 6.0 0.026874505892019004 -1.0 1.2
1709 0.143989 0.01 0.8 53642.88048472308 53601.316766 53704.220259 4.131614187741915e-06 0.0 0.02 -0.8390657833659141 -6.0 6.0 -0.10062101771681964 -1.0 1.2
1740 0.166272 0.01 0.8 53632.58484913751 53601.326998 53704.230505 0.0001158172441181526 0.0 0.02 -1.1506616012883875 -6.0 6.0 -0.03604587516394258 -1.0 1.2
1741 0.203484 0.01 0.8 53625.60817088791 53601.27849 53704.18007 2.1166075390144496e-05 0.0 0.02 1.6402921625173583 -6.0 6.0 0.4905062991198573 -1.0 1.2
1742 0.110276 0.01 0.8 53632.27915372024 53601.27973 53704.181354 1.33826514702452e-05 0.0 0.02 5.864207286275546 -6.0 6.0 1.0848477014372517 -1.0 1.2
1748 0.337892 0.01 0.8 53631.10210259237 53601.293344 53704.195478 1.7859107042525735e-05 0.0 0.02 1.2440549407075636 -6.0 6.0 0.12091165458944408 -1.0 1.2
1749 0.074924 0.01 0.8 53626.678605251116 53601.294992 53704.19719 3.077687470206801e-05 0.0 0.02 2.1095136258591327 -6.0 6.0 1.190066603990606 -1.0 1.2
1750 0.258435 0.01 0.8 53628.51734113363 53601.296638 53704.198901 2.2403359960722737e-05 0.0 0.02 1.334037442903907 -6.0 6.0 0.24417433248499884 -1.0 1.2
1770 0.104044 0.01 0.8 53644.98232816108 53601.326993 53704.230521 1.0394523498952617e-06 0.0 0.02 -0.9774201748637621 -6.0 6.0 -0.2324624421880976 -1.0 1.2
1773 0.118987 0.01 0.8 53637.4787920143 53608.18797 53704.097402 1.0128818370725272e-05 0.0 0.02 4.515776861672582 -6.0 6.0 1.1617171998116096 -1.0 1.2
1775 0.302486 0.01 0.8 53633.74013251773 53608.188392 53704.09783 2.900772046729726e-05 0.0 0.02 0.20570975779580578 -6.0 6.0 -0.14833070460620423 -1.0 1.2
1776 0.50551 0.01 0.8 53635.40902483424 53601.245289 53704.145833 1.558365245229601e-05 0.0 0.02 5.527331593735619 -6.0 6.0 0.3138443114323326 -1.0 1.2
1794 0.1407 0.01 0.8 53624.63324505159 53608.185011 53704.094423 0.00012898492656226792 0.0 0.02 1.2516176878132463 -6.0 6.0 0.08375833307847202 -1.0 1.2
1821 0.09504 0.01 0.8 53633.245620472066 53608.163841 53704.073086 1.9844206404432064e-05 0.0 0.02 5.297657873422894 -6.0 6.0 1.060002236891031 -1.0 1.2
1825 0.155096 0.01 0.8 53622.04502238016 53608.182046 53704.09146 1.7258063947869342e-05 0.0 0.02 2.624522594919458 -6.0 6.0 0.6117026912048037 -1.0 1.2
1826 0.434105 0.01 0.8 53638.1133126989 53608.182891 53704.092743 1.4274221257673064e-05 0.0 0.02 5.634316215239603 -6.0 6.0 -0.17748626962089456 -1.0 1.2
1832 0.448729 0.01 0.8 53642.857956808344 53608.189649 53705.099985 2.7990351607343594e-05 0.0 0.02 5.951870010893981 -6.0 6.0 -0.06894213182560816 -1.0 1.2
1835 0.270324 0.01 0.8 53623.07988509889 53608.170193 53704.079952 4.6885521906251495e-05 0.0 0.02 -0.8750574364850259 -6.0 6.0 -0.07334506877275197 -1.0 1.2
1902 0.215307 0.01 0.8 53620.52025327874 53607.245053 53705.132898 4.655035992991634e-05 0.0 0.02 0.6965831823400414 -6.0 6.0 0.17665288805474982 -1.0 1.2
1903 0.088843 0.01 0.8 53639.96948883731 53601.245305 53705.147034 5.420547116603192e-05 0.0 0.02 5.248261880464018 -6.0 6.0 0.4675100407798945 -1.0 1.2
1906 0.199072 0.01 0.8 53613.838278145144 53607.184745 53705.072227 4.981470324822554e-05 0.0 0.02 -0.5827312699468888 -6.0 6.0 0.1698075762386781 -1.0 1.2
1924 0.405 0.01 0.8 53656.1565445 53607.212661 53705.100428 0.01 0.0 0.02 0.0 -6.0 6.0 0.09999999999999998 -1.0 1.2
1941 0.229542 0.01 0.8 53624.4772247348 53607.225723 53705.113694 2.010148522054233e-05 0.0 0.02 2.5439897992201446 -6.0 6.0 0.5040587344536296 -1.0 1.2
1958 0.368223 0.01 0.8 53620.49494651285 53607.234969 53705.123113 1.857403013125997e-05 0.0 0.02 0.38332864929143046 -6.0 6.0 0.1676024709788919 -1.0 1.2
1978 0.296478 0.01 0.8 53625.776952538254 53607.253831 53705.142384 2.183858453022538e-05 0.0 0.02 3.376281665349286 -6.0 6.0 0.3185349463499688 -1.0 1.2
1979 0.285356 0.01 0.8 53626.177976800944 53607.254249 53705.142812 2.7231572995441097e-05 0.0 0.02 0.5882505308562546 -6.0 6.0 0.016093657197139403 -1.0 1.2
1981 0.055563 0.01 0.8 53635.40635703188 53607.255922 53705.144098 1.647686448243933e-05 0.0 0.02 5.483610729491664 -6.0 6.0 1.0374427638621493 -1.0 1.2
1985 0.199844 0.01 0.8 53625.804254871895 53607.258012 53705.14624 1.3956073980860312e-05 0.0 0.02 2.8362139189901323 -6.0 6.0 0.4693084118810013 -1.0 1.2
1991 0.313884 0.01 0.8 53627.63252584242 53607.268864 53705.157806 3.185746548811293e-05 0.0 0.02 0.3470313629080398 -6.0 6.0 0.08332606849880779 -1.0 1.2
2000 0.022141 0.01 0.8 53630.89817925034 53607.196609 53705.084168 0.00036217812441238155 0.0 0.02 0.6059992507232944 -6.0 6.0 0.9367680849023032 -1.0 1.2
2002 0.050476 0.01 0.8 53636.58261025719 53607.20253 53705.090151 9.75919625743355e-06 0.0 0.02 5.801073878197502 -6.0 6.0 1.0522941447342367 -1.0 1.2
2017 0.261621 0.01 0.8 53636.35454767226 53607.239171 53705.127377 4.490815055117191e-05 0.0 0.02 1.6518661755927553 -6.0 6.0 -0.07368208058617688 -1.0 1.2
2030 0.232382 0.01 0.8 53612.76192499752 53607.19112 53705.078126 6.645021831352908e-05 0.0 0.02 1.5026358757608127 -6.0 6.0 0.04925289249651985 -1.0 1.2
2031 0.151859 0.01 0.8 53636.9665130632 53607.191543 53705.07898 0.00019130549521586567 0.0 0.02 0.5377320792890997 -6.0 6.0 -0.06337866161594961 -1.0 1.2
2041 0.208513 0.01 0.8 53622.02449683181 53607.214366 53705.102061 4.195160777794988e-05 0.0 0.02 -0.34849473732736097 -6.0 6.0 0.09864927710289807 -1.0 1.2
2053 0.232293 0.01 0.8 53629.31791982684 53607.210985 53705.098243 2.1228149496377697e-05 0.0 0.02 -2.4602530359554535 -6.0 6.0 0.5398861389040189 -1.0 1.2
2056 0.188194 0.01 0.8 53634.729891670875 53607.21436 53705.101665 6.339943929673942e-06 0.0 0.02 4.782502510318536 -6.0 6.0 0.7537231027076972 -1.0 1.2
2057 0.210271 0.01 0.8 53635.37789774044 53607.215204 53705.102949 5.6857869410090525e-05 0.0 0.02 0.514537339664246 -6.0 6.0 0.14573244219797718 -1.0 1.2
2063 0.191544 0.01 0.8 53652.265336359 53607.241702 53705.129884 9.704180362684433e-05 0.0 0.02 5.904602033734094 -6.0 6.0 0.1504775098863287 -1.0 1.2
2064 0.455074 0.01 0.8 53620.072869460804 53607.222789 53705.110223 1.8202248649418793e-05 0.0 0.02 1.717880747785033 -6.0 6.0 -0.09704290557225535 -1.0 1.2
2078 0.322184 0.01 0.8 53625.04670323864 53607.260953 53705.149589 2.737689374732486e-05 0.0 0.02 1.0336990395565582 -6.0 6.0 -0.0845116302383064 -1.0 1.2
2079 0.305008 0.01 0.8 53633.30947853421 53607.261371 53705.149589 2.5714466055145192e-05 0.0 0.02 1.5828369699734834 -6.0 6.0 0.12709522950825944 -1.0 1.2
2080 0.102187 0.01 0.8 53634.555287995514 53607.262623 53705.150874 2.9333591081929223e-05 0.0 0.02 5.23621891830372 -6.0 6.0 0.4072166934515993 -1.0 1.2
2081 0.250159 0.01 0.8 53627.83016362338 53607.262623 53705.151302 4.030277254611795e-05 0.0 0.02 -0.22967082547063516 -6.0 6.0 -0.07801483128104467 -1.0 1.2
2092 0.142017 0.01 0.8 53632.82594411183 53607.260113 53705.148763 8.950698691897045e-06 0.0 0.02 1.6668460468411532 -6.0 6.0 1.0277696594143195 -1.0 1.2
2102 0.094009 0.01 0.8 53620.344296544434 53607.191956 53705.079454 0.000470357548579039 0.0 0.02 1.2270963054644257 -6.0 6.0 -0.04209238850913631 -1.0 1.2
2108 0.118269 0.01 0.8 53620.6130472674 53607.206759 53705.093982 3.9047080448031064e-05 0.0 0.02 1.138866566333766 -6.0 6.0 0.7648514451261261 -1.0 1.2
2109 0.030697 0.01 0.8 53629.66430898709 53607.207603 53705.095265 0.0001589379103241894 0.0 0.02 4.394273408242879 -6.0 6.0 0.23664804063545342 -1.0 1.2
2116 0.306324 0.01 0.8 53631.063084310656 53607.227832 53705.115801 2.6231855861782422e-05 0.0 0.02 0.9115274222818053 -6.0 6.0 0.2550240113234909 -1.0 1.2
2118 0.304619 0.01 0.8 53639.74794453715 53607.232036 53705.119654 2.2888101848824996e-05 0.0 0.02 5.807111231654794 -6.0 6.0 -0.02054955578725795 -1.0 1.2
2149 0.294257 0.01 0.8 53624.50319450206 53601.359588 53704.264598 3.0742349829627694e-05 0.0 0.02 0.4170136968599286 -6.0 6.0 -0.08959800488605708 -1.0 1.2
2162 0.171423 0.01 0.8 53629.86455784656 53601.354302 53704.259086 0.00010885048649070509 0.0 0.02 -1.3773428286247174 -6.0 6.0 -0.06434558957657859 -1.0 1.2
2165 0.286619 0.01 0.8 53634.48420097483 53601.358772 53704.263764 3.682171561194615e-05 0.0 0.02 0.696821684885766 -6.0 6.0 -0.10118761868121753 -1.0 1.2
2181 0.377208 0.01 0.8 53629.33314054043 53601.366888 53705.273528 2.261764980433232e-05 0.0 0.02 -2.408314754138914 -6.0 6.0 -0.14155682567613465 -1.0 1.2
2183 0.088587 0.01 0.8 53639.83831393339 53601.367699 53704.273536 1.2452091862603438e-05 0.0 0.02 5.727991097219678 -6.0 6.0 1.1270210907469935 -1.0 1.2
2184 0.025254 0.01 0.8 53652.05278773523 53601.372157 53705.279049 5.18499486687256e-08 0.0 0.02 -0.8246378301262666 -6.0 6.0 -0.22632697869003365 -1.0 1.2
2190 0.072877 0.01 0.8 53626.86606563978 53601.398831 53704.306151 4.25846914168595e-05 0.0 0.02 5.5242928686187085 -6.0 6.0 0.40995353973212517 -1.0 1.2
2230 0.112116 0.01 0.8 53643.73470286687 53601.354717 53704.259905 1.6355074592544186e-05 0.0 0.02 4.350027999246556 -6.0 6.0 1.1962926136320529 -1.0 1.2
2234 0.080525 0.01 0.8 53619.57295404319 53601.36284 53704.267982 1.002237859085149e-05 0.0 0.02 -1.338104275401946 -6.0 6.0 1.0687283342196694 -1.0 1.2
2235 0.346426 0.01 0.8 53616.825767582035 53601.363652 53704.268832 2.5492773781181937e-05 0.0 0.02 1.759276802082418 -6.0 6.0 0.013298133719899394 -1.0 1.2
2236 0.253016 0.01 0.8 53652.92481786927 53601.367708 53704.273079 2.6761874195680465e-05 0.0 0.02 5.841150178443804 -6.0 6.0 -0.18427844326234513 -1.0 1.2
2246 0.194216 0.01 0.8 53634.40440185963 53601.44747 53704.356593 6.011342178469145e-05 0.0 0.02 0.5590522671704732 -6.0 6.0 0.1266976152264926 -1.0 1.2
2250 0.252085 0.01 0.8 53688.70907098862 53601.370946 53704.276491 2.563367394059878e-06 0.0 0.02 -1.8512539399750472 -6.0 6.0 0.4211086145034718 -1.0 1.2
2272 0.471837 0.01 0.8 53672.1366003711 53601.276826 53705.179207 1.1342077255677249e-05 0.0 0.02 3.923886784893355 -6.0 6.0 -0.26478794348166207 -1.0 1.2
2280 0.348577 0.01 0.8 53623.41245250904 53601.261086 53704.162113 1.6194484139488137e-05 0.0 0.02 1.8731915459777226 -6.0 6.0 0.09351946570245097 -1.0 1.2
2290 0.328975 0.01 0.8 53625.74843731474 53601.345751 53704.250162 2.4116035977240905e-05 0.0 0.02 -1.4033531191304376 -6.0 6.0 -0.1077548943174434 -1.0 1.2
2292 0.150375 0.01 0.8 53623.59294555678 53601.356327 53704.261227 3.136366271990892e-05 0.0 0.02 5.852984608615267 -6.0 6.0 0.8283779002315292 -1.0 1.2
2297 0.229972 0.01 0.8 53643.16075544649 53601.367287 53704.273126 3.055573918919058e-05 0.0 0.02 5.907884564431006 -6.0 6.0 0.19622664184610758 -1.0 1.2
2308 0.147025 0.01 0.8 53630.65538047497 53601.404871 53704.312501 0.0002365717271524983 0.0 0.02 0.7399398902314143 -6.0 6.0 -0.15896901653488807 -1.0 1.2
2309 0.059447 0.01 0.8 53622.36976279131 53601.414935 53704.322621 0.001028579492484052 0.0 0.02 0.03668129647769145 -6.0 6.0 0.07888655502281092 -1.0 1.2
2319 0.159153 0.01 0.8 53635.67457984456 53601.461872 53704.371689 0.00012920428911683267 0.0 0.02 0.5791515879551622 -6.0 6.0 0.0052133693654555216 -1.0 1.2
2330 0.211788 0.01 0.8 53635.51688881213 53601.330651 53704.234423 3.3064341803436934e-05 0.0 0.02 -1.7787066432762975 -6.0 6.0 0.0474746465538342 -1.0 1.2
