analysis_pipeline/priors/sdss_salt2_2.4.ecsv
# %ECSV 0.9
# ---
# datatype:
# - name: obj_id
#   datatype: string
# - name: z
#   datatype: float64
# - name: z_min
#   datatype: float64
# - name: z_max
#   datatype: float64
# - name: t0
#   datatype: float64
# - name: t0_min
#   datatype: float64
# - name: t0_max
#   datatype: float64
# - name: x0
#   datatype: float64
# - name: x0_min
#   datatype: float64
# - name: x0_max
#   datatype: float64
# - name: x1
#   datatype: float64
# - name: x1_min
#   datatype: float64
# - name: x1_max
#   datatype: float64
# - name: c
#   datatype: float64
# - name: c_min
#   datatype: float64
# - name: c_max
#   datatype: float64
# schema: astropy-2.0
obj_id z z_min z_max t0 t0_min t0_max x0 x0_min x0_max x1 x1_min x1_max c c_min c_max
[from data line 728]
8213 0.18468 0.01 0.8 53683.716279782486 53601.305278 53704.207866 6.060103557796099e-05 0.0 0.02 -0.6739094327402014 -6.0 6.0 0.16258589218819341 -1.0 1.2
8216 0.289832 0.01 0.8 53681.79254494984 53601.232784 53704.132967 2.4630882645851332e-05 0.0 0.02 -0.5834213476499598 -6.0 6.0 0.0830725227246882 -1.0 1.2
8236 0.19232 0.01 0.8 53691.61278748404 53601.263155 53704.16427 3.224624849084259e-05 0.0 0.02 4.293080207675181 -6.0 6.0 0.1908695016603238 -1.0 1.2
8254 0.187736 0.01 0.8 53685.92341109435 53601.28797 53704.189962 6.018953052129802e-05 0.0 0.02 -0.965711155109861 -6.0 6.0 0.047689346888441626 -1.0 1.2
8259 0.445611 0.01 0.8 53684.71715112337 53601.403249 53704.31042 1.007901203410643e-05 0.0 0.02 5.291107322774555 -6.0 6.0 -0.28902987484853737 -1.0 1.2
8264 0.236019 0.01 0.8 53679.25917366388 53601.305257 53704.207928 1.6486035616404975e-05 0.0 0.02 0.011703706427263011 -6.0 6.0 0.3052039921037525 -1.0 1.2
8276 0.471062 0.01 0.8 53683.481741737865 53601.439025 53704.347872 1.1178592908646669e-05 0.0 0.02 0.7523953009092234 -6.0 6.0 -0.07007573026624307 -1.0 1.2
8280 0.18347 0.01 0.8 53680.06557323679 53601.335555 53704.239524 2.1757688381491344e-05 0.0 0.02 1.2067283176112569 -6.0 6.0 0.3630623318425956 -1.0 1.2
8307 0.434911 0.01 0.8 53668.41429295156 53601.411308 53704.318843 1.024772652478434e-05 0.0 0.02 0.3445142016579497 -6.0 6.0 0.16932649199286495 -1.0 1.2
8309 0.148446 0.01 0.8 53682.623554396356 53601.414125 53704.321793 2.7496219787892834e-05 0.0 0.02 2.9958595186587327 -6.0 6.0 0.1945213021318154 -1.0 1.2
8322 0.08378 0.01 0.8 53603.92067246063 53601.297029 53704.199392 1.0883946452294806e-05 0.0 0.02 -3.7195151026835025 -6.0 6.0 0.8219651773807831 -1.0 1.2
8350 0.216735 0.01 0.8 53638.43364866191 53601.342482 53704.246786 1.1102642641853483e-06 0.0 0.02 -1.1538677674402102 -6.0 6.0 -0.05141695711621398 -1.0 1.2
8351 0.379574 0.01 0.8 53678.552466277724 53601.344927 53704.249767 1.7551505442691134e-05 0.0 0.02 0.8829076153558977 -6.0 6.0 0.029957712693531455 -1.0 1.2
8412 0.232846 0.01 0.8 53682.582247541555 53608.155347 53704.065009 6.652355500041685e-05 0.0 0.02 -1.3510278159891673 -6.0 6.0 -0.22095546975196795 -1.0 1.2
8421 0.477648 0.01 0.8 53679.43788802296 53601.351465 53704.256501 1.3858071351787084e-05 0.0 0.02 0.35175212535723854 -6.0 6.0 0.04840732199495409 -1.0 1.2
8495 0.21353 0.01 0.8 53690.05628836423 53607.256772 53705.14532 7.027921256676369e-05 0.0 0.02 0.8760892844669224 -6.0 6.0 0.0025226482569957265 -1.0 1.2
8519 0.451073 0.01 0.8 53680.75815086173 53608.202302 53704.112395 1.4890495316743943e-05 0.0 0.02 2.5219248657241327 -6.0 6.0 -0.2820286944108026 -1.0 1.2
8555 0.196285 0.01 0.8 53685.063011145154 53601.320038 53705.224517 3.339716849931101e-05 0.0 0.02 -1.1340986510362934 -6.0 6.0 0.1555487617221541 -1.0 1.2
8569 0.079467 0.01 0.8 53685.54312931639 53601.388338 53704.295157 6.466628224257399e-05 0.0 0.02 3.0169134644011972 -6.0 6.0 0.38340493748778715 -1.0 1.2
8598 0.36023 0.01 0.8 53683.34160669169 53601.427804 53704.336072 1.6631638768127565e-05 0.0 0.02 -1.053259671135514 -6.0 6.0 0.13793566213863048 -1.0 1.2
8600 0.436955 0.01 0.8 53682.53477897014 53601.431819 53704.340273 1.3147045930755203e-05 0.0 0.02 1.9711100978256453 -6.0 6.0 -7.41617820903679e-05 -1.0 1.2
8633 0.6997 0.01 0.8 53677.66096396502 53607.242531 53705.130359 1.1050540784675369e-05 0.0 0.02 4.083213415522326 -6.0 6.0 -0.19404480870396623 -1.0 1.2
8644 0.11695 0.01 0.8 53685.86399256231 53607.300852 53705.190339 2.2537829265469337e-05 0.0 0.02 1.158155423956559 -6.0 6.0 0.4528927655531204 -1.0 1.2
8651 0.411273 0.01 0.8 53681.57112393472 53601.390361 53704.296833 1.2113761781127769e-05 0.0 0.02 -2.692167868434995 -6.0 6.0 -0.11469597679874975 -1.0 1.2
8662 0.556918 0.01 0.8 53673.50671416343 53601.413739 53704.321326 1.0138331538845987e-05 0.0 0.02 -1.0826605087208612 -6.0 6.0 0.0017477389486327771 -1.0 1.2
8670 0.267718 0.01 0.8 53673.71699342748 53601.341677 53704.246329 1.1923082776015852e-05 0.0 0.02 -1.2655752039444812 -6.0 6.0 -0.46998192473096023 -1.0 1.2
8675 0.494785 0.01 0.8 53676.90729168615 53601.342492 53705.247587 1.2696364048770728e-05 0.0 0.02 -1.4965636226287855 -6.0 6.0 0.07243353335752041 -1.0 1.2
8700 0.422248 0.01 0.8 53686.65698756357 53601.407287 53704.31461 1.782761378255097e-05 0.0 0.02 0.8518393149599195 -6.0 6.0 -0.09258709766698141 -1.0 1.2
8705 0.393173 0.01 0.8 53681.33344403414 53601.421771 53704.329779 1.6003888275275196e-05 0.0 0.02 -1.6402321917494962 -6.0 6.0 -0.099625101448119 -1.0 1.2
8707 0.394074 0.01 0.8 53688.09114611565 53601.42378 53705.333159 2.0127629647461925e-05 0.0 0.02 2.0633365954944067 -6.0 6.0 -0.13367609362735716 -1.0 1.2
8719 0.116277 0.01 0.8 53690.06462365399 53607.346562 53705.23816 0.0002942191397070925 0.0 0.02 -0.003195332554228164 -6.0 6.0 -0.07293667035124939 -1.0 1.2
8730 0.469448 0.01 0.8 53681.14612455731 53607.41327 53705.307822 1.210338591352957e-05 0.0 0.02 3.911461909958679 -6.0 6.0 -0.08329594925949617 -1.0 1.2
8742 0.213996 0.01 0.8 53689.27553540244 53607.356372 53705.248013 5.18326605128145e-05 0.0 0.02 1.9337200355393371 -6.0 6.0 0.01131395713616736 -1.0 1.2
8744 0.394003 0.01 0.8 53694.291736022176 53607.366986 53705.259086 2.5436285623184695e-05 0.0 0.02 3.930972406040037 -6.0 6.0 -0.27610275952668245 -1.0 1.2
8750 0.075874 0.01 0.8 53685.84663069588 53601.334744 53705.239898 0.00031767191236221426 0.0 0.02 -2.246896125025073 -6.0 6.0 -0.07871822378187214 -1.0 1.2
8755 0.281508 0.01 0.8 53686.297010634626 53607.38327 53705.276517 1.9674635666196596e-05 0.0 0.02 5.404018793439963 -6.0 6.0 0.1128804484271429 -1.0 1.2
8785 0.629335 0.01 0.8 53694.84415279426 53607.333011 53705.224137 1.2971887021962446e-05 0.0 0.02 0.8896284751293952 -6.0 6.0 -0.44798807468515256 -1.0 1.2
8793 0.434621 0.01 0.8 53679.93668006241 53601.34454 53704.248853 1.4671066502460521e-05 0.0 0.02 1.2968920335644942 -6.0 6.0 0.011033863835465639 -1.0 1.2
8796 0.571296 0.01 0.8 53679.81621826786 53601.357557 53704.262472 7.375356285737863e-06 0.0 0.02 4.241801974748943 -6.0 6.0 -0.3120096934563391 -1.0 1.2
8797 0.309772 0.01 0.8 53676.52621103381 53607.343692 53705.234763 1.3502026006309025e-05 0.0 0.02 5.239423111200677 -6.0 6.0 -0.19412895334724287 -1.0 1.2
8850 0.557676 0.01 0.8 53681.144127014435 53601.387523 53704.294325 7.824753496976376e-06 0.0 0.02 4.304075301366496 -6.0 6.0 -0.22107155428810438 -1.0 1.2
8888 0.396575 0.01 0.8 53682.11581540209 53601.326165 53704.229698 1.56559292071396e-05 0.0 0.02 0.006947279988910696 -6.0 6.0 0.029868522145062592 -1.0 1.2
8896 0.213812 0.01 0.8 53661.67619334831 53601.351042 53704.255697 3.5333750884175053e-06 0.0 0.02 3.50091745964373 -6.0 6.0 0.6888674961650365 -1.0 1.2
8921 0.144093 0.01 0.8 53692.658421390166 53608.205246 53705.114143 0.00015643848702075593 0.0 0.02 0.8896954671207745 -6.0 6.0 0.02794321564297943 -1.0 1.2
8978 0.20335 0.01 0.8 53684.50358116054 53601.421787 53704.330152 1.79073247848358e-05 0.0 0.02 -0.49644935052187944 -6.0 6.0 -0.03973929179626953 -1.0 1.2
8983 0.405 0.01 0.8 53652.766027499994 53601.314281 53704.217774 0.01 0.0 0.02 0.0 -6.0 6.0 0.09999999999999998 -1.0 1.2
8990 0.405 0.01 0.8 53652.8733015 53601.419365 53704.327238 0.01 0.0 0.02 0.0 -6.0 6.0 0.09999999999999998 -1.0 1.2
