analysis_pipeline/priors/sdss_salt2_2.4.ecsv
# %ECSV 0.9
# ---
# datatype:
# - name: obj_id
#   datatype: string
# - name: z
#   datatype: float64
# - name: z_min
#   datatype: float64
# - name: z_max
#   datatype: float64
# - name: t0
#   datatype: float64
# - name: t0_min
#   datatype: float64
# - name: t0_max
#   datatype: float64
# - name: x0
#   datatype: float64
# - name: x0_min
#   datatype: float64
# - name: x0_max
#   datatype: float64
# - name: x1
#   datatype: float64
# - name: x1_min
#   datatype: float64
# - name: x1_max
#   datatype: float64
# - name: c
#   datatype: float64
# - name: c_min
#   datatype: float64
# - name: c_max
#   datatype: float64
# schema: astropy-2.0
obj_id z z_min z_max t0 t0_min t0_max x0 x0_min x0_max x1 x1_min x1_max c c_min c_max
[from data line 105]
146 0.288787 0.01 0.8 53622.1099245339 53607.397479 53705.290925 3.213931272857379e-05 0.0 0.02 -1.7389669114608977 -6.0 6.0 -0.09104171364142782 -1.0 1.2
146 0.086745 0.01 0.8 53632.08827789733 53607.401125 53705.295161 2.0170200885141707e-05 0.0 0.02 5.648657522063321 -6.0 6.0 0.44956951395600825 -1.0 1.2
147 0.08672 0.01 0.8 53635.72883383293 53601.389543 53705.297278 1.745141165008176e-05 0.0 0.02 5.929082098820884 -6.0 6.0 0.9847302078574116 -1.0 1.2
147 0.200911 0.01 0.8 53620.53719972774 53607.414475 53705.309122 5.385239825464112e-05 0.0 0.02 0.4179409517953893 -6.0 6.0 0.06147249022991808 -1.0 1.2
149 0.204013 0.01 0.8 53624.743393317876 53607.425778 53705.32052 1.4124866399397876e-05 0.0 0.02 2.865397502520322 -6.0 6.0 0.6994175331662698 -1.0 1.2
150 0.316373 0.01 0.8 53627.5116842035 53601.420565 53705.32937 2.6386524889394354e-05 0.0 0.02 -0.48851501964257216 -6.0 6.0 -0.04790372908921431 -1.0 1.2
151 0.185727 0.01 0.8 53614.5028590753 53607.440281 53705.335683 2.8261641459756568e-05 0.0 0.02 -1.2425675767284325 -6.0 6.0 0.4792285801267424 -1.0 1.2
151 0.041224 0.01 0.8 53630.1230421809 53607.442695 53705.338627 0.00021504304497553742 0.0 0.02 1.247833888815517 -6.0 6.0 0.6340932902213653 -1.0 1.2
152 0.106504 0.01 0.8 53632.020841838836 53607.453549 53705.349546 0.00013136179111951653 0.0 0.02 2.9727047063832273 -6.0 6.0 0.21733534587873324 -1.0 1.2
153 0.143081 0.01 0.8 53630.58824311988 53607.310371 53705.200134 1.2103905698553177e-05 0.0 0.02 5.526481244148805 -6.0 6.0 1.0169198392864385 -1.0 1.2
153 0.234585 0.01 0.8 53635.78363128806 53607.457565 53705.35374 4.7039941506068395e-05 0.0 0.02 5.956681484238728 -6.0 6.0 0.37702061065524106 -1.0 1.2
154 0.097666 0.01 0.8 53623.51435112095 53607.364957 53705.257337 0.0001261460062154649 0.0 0.02 -2.6823589972959483 -6.0 6.0 -0.05395910553737254 -1.0 1.2
154 0.036428 0.01 0.8 53632.58917918489 53607.476426 53705.373774 4.499631969623771e-05 0.0 0.02 5.939738376368452 -6.0 6.0 1.0859287302582143 -1.0 1.2
155 0.022961 0.01 0.8 53630.29153010408 53607.46198 53705.358768 0.0001258670653437499 0.0 0.02 3.716250438861269 -6.0 6.0 0.3597416165353176 -1.0 1.2
157 0.475687 0.01 0.8 53627.43073192609 53607.443094 53705.338642 1.3403126112868033e-05 0.0 0.02 0.13106358831970863 -6.0 6.0 -0.16767484837999813 -1.0 1.2
157 0.548885 0.01 0.8 53680.58287928365 53607.443496 53705.339062 1.4479742047236445e-05 0.0 0.02 5.560794986206268 -6.0 6.0 -0.3279225205405319 -1.0 1.2
158 0.183217 0.01 0.8 53634.06244486352 53607.448332 53705.344477 9.705235030350279e-05 0.0 0.02 0.9112886600426785 -6.0 6.0 0.0518058291503621 -1.0 1.2
158 0.316788 0.01 0.8 53622.71589397614 53607.455163 53705.351192 2.6708828876988692e-05 0.0 0.02 0.6130752842270536 -6.0 6.0 -0.07941904413559533 -1.0 1.2
158 0.14989 0.01 0.8 53616.94204254514 53601.453079 53705.363341 4.900795663956593e-05 0.0 0.02 0.8664805638617152 -6.0 6.0 0.474774963378873 -1.0 1.2
159 0.212269 0.01 0.8 53631.28508085072 53608.195561 53704.105118 8.752917494930551e-05 0.0 0.02 -0.12087515176022058 -6.0 6.0 -0.025636279268667777 -1.0 1.2
160 0.327813 0.01 0.8 53614.370832848974 53608.209034 53704.118817 2.5045182642232482e-05 0.0 0.02 2.500821133590309 -6.0 6.0 -0.11365684656391799 -1.0 1.2
160 0.423845 0.01 0.8 53641.32500344211 53601.234042 53704.134235 2.7288849990534677e-05 0.0 0.02 5.859251847648973 -6.0 6.0 0.06115579974207356 -1.0 1.2
162 0.337473 0.01 0.8 53620.88864737939 53608.193024 53704.102582 1.5613844646541814e-05 0.0 0.02 5.044950375655828 -6.0 6.0 -0.4048400333505446 -1.0 1.2
163 0.142885 0.01 0.8 53637.48709921172 53608.197666 53704.107275 1.894640068095486e-05 0.0 0.02 5.8551947805919164 -6.0 6.0 0.655565857507216 -1.0 1.2
163 0.056351 0.01 0.8 53635.634389472296 53608.198509 53704.108559 5.656879059993971e-05 0.0 0.02 5.258353494832432 -6.0 6.0 0.6732928729644126 -1.0 1.2
165 0.302746 0.01 0.8 53621.77926221874 53601.294152 53704.19638 2.0217339381635167e-05 0.0 0.02 -1.3620583215686455 -6.0 6.0 0.2002473516856211 -1.0 1.2
165 0.275748 0.01 0.8 53638.24523764402 53601.305257 53704.207928 3.585269477411815e-05 0.0 0.02 0.5105158314682371 -6.0 6.0 -0.02796483477522962 -1.0 1.2
166 0.205317 0.01 0.8 53633.19218535952 53601.311825 53699.252845 1.9077418803084213e-05 0.0 0.02 4.735116408449774 -6.0 6.0 0.17136315855945375 -1.0 1.2
166 0.21401 0.01 0.8 53634.2505614173 53601.329838 53704.23398 2.6069953766520294e-06 0.0 0.02 -1.7883021603760145 -6.0 6.0 0.9144441314126338 -1.0 1.2
168 0.135049 0.01 0.8 53624.98540896926 53601.318396 53705.222382 1.570784401796258e-05 0.0 0.02 3.3775269594694795 -6.0 6.0 0.6886376571479751 -1.0 1.2
168 0.357669 0.01 0.8 53629.97465713909 53608.194711 53704.104722 2.0022472195965508e-05 0.0 0.02 1.877261385215767 -6.0 6.0 0.032315367707227635 -1.0 1.2
170 0.143989 0.01 0.8 53638.39753358478 53601.316766 53704.220259 4.2659301786441255e-06 0.0 0.02 -1.444901418686707 -6.0 6.0 -0.059439446883911055 -1.0 1.2
174 0.166272 0.01 0.8 53632.572294964855 53601.326998 53704.230505 0.00011564200152249645 0.0 0.02 -1.1326412277424416 -6.0 6.0 -0.03451865282522887 -1.0 1.2
174 0.203484 0.01 0.8 53625.66790635933 53601.27849 53704.18007 2.1232552379619678e-05 0.0 0.02 1.7055998189447255 -6.0 6.0 0.48847574739254696 -1.0 1.2
174 0.110276 0.01 0.8 53632.3308868997 53601.27973 53704.181354 1.3390088070061598e-05 0.0 0.02 5.872010991976057 -6.0 6.0 1.0835546407805106 -1.0 1.2
174 0.337892 0.01 0.8 53631.162531836584 53601.293344 53704.195478 1.8037493398463386e-05 0.0 0.02 1.112616268289382 -6.0 6.0 0.12282859374888767 -1.0 1.2
174 0.074924 0.01 0.8 53626.67895526701 53601.294992 53704.19719 3.0790289707418084e-05 0.0 0.02 2.0916955080588555 -6.0 6.0 1.1904335879114152 -1.0 1.2
175 0.258435 0.01 0.8 53628.491461725316 53601.296638 53704.198901 2.221413828601502e-05 0.0 0.02 1.3939603019639941 -6.0 6.0 0.24781345312917138 -1.0 1.2
177 0.104044 0.01 0.8 53647.80359790218 53601.326993 53704.230521 1.1355640959644398e-06 0.0 0.02 -1.1610962853405322 -6.0 6.0 -0.1777250621438014 -1.0 1.2
177 0.118987 0.01 0.8 53637.47849928074 53608.18797 53704.097402 1.0142521635329062e-05 0.0 0.02 4.509600980775616 -6.0 6.0 1.1616666968882277 -1.0 1.2
177 0.302486 0.01 0.8 53633.74125605825 53608.188392 53704.09783 2.903870056743947e-05 0.0 0.02 0.17586109007882902 -6.0 6.0 -0.15087763703498075 -1.0 1.2
177 0.50551 0.01 0.8 53635.50085495957 53601.245289 53704.145833 1.553377379101394e-05 0.0 0.02 5.567497347680364 -6.0 6.0 0.3254771449233065 -1.0 1.2
179 0.1407 0.01 0.8 53624.665249409416 53608.185011 53704.094423 0.00012922322276479408 0.0 0.02 1.2200493128729573 -6.0 6.0 0.08205951437565762 -1.0 1.2
182 0.09504 0.01 0.8 53633.29487068991 53608.163841 53704.073086 1.97922315125003e-05 0.0 0.02 5.28949278081573 -6.0 6.0 1.061733313214414 -1.0 1.2
182 0.155096 0.01 0.8 53622.02855834359 53608.182046 53704.09146 1.73819190897755e-05 0.0 0.02 2.565242990811496 -6.0 6.0 0.610826832325726 -1.0 1.2
182 0.434105 0.01 0.8 53638.16603686932 53608.182891 53704.092743 1.4327236404564593e-05 0.0 0.02 5.681588515959712 -6.0 6.0 -0.17363932899512152 -1.0 1.2
183 0.448729 0.01 0.8 53642.846837458674 53608.189649 53705.099985 2.80078174815298e-05 0.0 0.02 5.950486709588125 -6.0 6.0 -0.06980847391617997 -1.0 1.2
183 0.270324 0.01 0.8 53622.93561977712 53608.170193 53704.079952 4.67839771608689e-05 0.0 0.02 -0.7714478364114822 -6.0 6.0 -0.07297502439895766 -1.0 1.2
190 0.215307 0.01 0.8 53620.64661648086 53607.245053 53705.132898 4.6485870395410985e-05 0.0 0.02 0.6843381525935436 -6.0 6.0 0.17619319672808895 -1.0 1.2
190 0.088843 0.01 0.8 53639.96694413189 53601.245305 53705.147034 5.4182981088171347e-05 0.0 0.02 5.251346240172284 -6.0 6.0 0.46813651011420376 -1.0 1.2
190 0.199072 0.01 0.8 53614.17478536174 53607.184745 53705.072227 4.921280993198763e-05 0.0 0.02 -0.640037978989625 -6.0 6.0 0.17272952965426452 -1.0 1.2
192 0.405 0.01 0.8 53656.1565445 53607.212661 53705.100428 0.01 0.0 0.02 0.0 -6.0 6.0 0.09999999999999998 -1.0 1.2
194 0.229542 0.01 0.8 53624.70548039675 53607.225723 53705.113694 1.994185311476159e-05 0.0 0.02 2.5170580140455288 -6.0 6.0 0.5085589161548985 -1.0 1.2
195 0.368223 0.01 0.8 53621.198497072895 53607.234969 53705.123113 1.8463231662863107e-05 0.0 0.02 0.2208493225204611 -6.0 6.0 0.15623538985160026 -1.0 1.2
197 0.296478 0.01 0.8 53625.86304521436 53607.253831 53705.142384 2.1770417884774015e-05 0.0 0.02 3.3777551947516202 -6.0 6.0 0.3237442047005824 -1.0 1.2
197 0.285356 0.01 0.8 53626.11360993211 53607.254249 53705.142812 2.7116994211345154e-05 0.0 0.02 0.6562742957763823 -6.0 6.0 0.01929421600796627 -1.0 1.2
198 0.055563 0.01 0.8 53635.38276079575 53607.255922 53705.144098 1.6526570138461525e-05 0.0 0.02 5.471648338774623 -6.0 6.0 1.033157303946424 -1.0 1.2
198 0.199844 0.01 0.8 53625.969935913585 53607.258012 53705.14624 1.3983378039055141e-05 0.0 0.02 2.8348654718389716 -6.0 6.0 0.46484743320349087 -1.0 1.2
199 0.313884 0.01 0.8 53627.63184961381 53607.268864 53705.157806 3.1728513137900076e-05 0.0 0.02 0.4224700948725237 -6.0 6.0 0.08221388302357448 -1.0 1.2
200 0.022141 0.01 0.8 53630.89429449615 53607.196609 53705.084168 0.0003621561786462506 0.0 0.02 0.6061980903821513 -6.0 6.0 0.9368050206409907 -1.0 1.2
200 0.050476 0.01 0.8 53636.507618408476 53607.20253 53705.090151 9.677295895668298e-06 0.0 0.02 5.7963529148364 -6.0 6.0 1.0585787120641463 -1.0 1.2
201 0.261621 0.01 0.8 53636.33506884537 53607.239171 53705.127377 4.505024416415091e-05 0.0 0.02 1.6530596969458105 -6.0 6.0 -0.07287799067770204 -1.0 1.2
203 0.232382 0.01 0.8 53612.90572642087 53607.19112 53705.078126 6.645252783336436e-05 0.0 0.02 1.4392514185856047 -6.0 6.0 0.04743342635357531 -1.0 1.2
203 0.151859 0.01 0.8 53636.949992749855 53607.191543 53705.07898 0.000191183023154351 0.0 0.02 0.5368824333967654 -6.0 6.0 -0.06316287257111977 -1.0 1.2
204 0.208513 0.01 0.8 53621.89559522495 53607.214366 53705.102061 4.21642979362823e-05 0.0 0.02 -0.36847989859968383 -6.0 6.0 0.09435980549880323 -1.0 1.2
205 0.232293 0.01 0.8 53629.25173223488 53607.210985 53705.098243 2.1247510608609334e-05 0.0 0.02 -2.490551530587925 -6.0 6.0 0.5405249267100836 -1.0 1.2
205 0.188194 0.01 0.8 53634.6882894465 53607.21436 53705.101665 6.301816936787927e-06 0.0 0.02 4.858726379397255 -6.0 6.0 0.7587849555132667 -1.0 1.2
205 0.210271 0.01 0.8 53635.38131407031 53607.215204 53705.102949 5.6908882279485254e-05 0.0 0.02 0.5084643335937172 -6.0 6.0 0.1450889443997357 -1.0 1.2
206 0.191544 0.01 0.8 53652.24044074309 53607.241702 53705.129884 9.623821667608389e-05 0.0 0.02 5.863685192679607 -6.0 6.0 0.13701143418748893 -1.0 1.2
206 0.455074 0.01 0.8 53619.73623278115 53607.222789 53705.110223 1.831356087122701e-05 0.0 0.02 1.8841214915380882 -6.0 6.0 -0.10146625578630049 -1.0 1.2
207 0.322184 0.01 0.8 53625.043633182206 53607.260953 53705.149589 2.7165821004804317e-05 0.0 0.02 1.1310439906964656 -6.0 6.0 -0.08525028183894767 -1.0 1.2
207 0.305008 0.01 0.8 53633.2581759608 53607.261371 53705.149589 2.587314509606232e-05 0.0 0.02 1.5084922170058204 -6.0 6.0 0.12813441398768616 -1.0 1.2
208 0.102187 0.01 0.8 53634.52932873872 53607.262623 53705.150874 2.9422544423272137e-05 0.0 0.02 5.185625717083918 -6.0 6.0 0.41085605749496795 -1.0 1.2
208 0.250159 0.01 0.8 53627.815753333576 53607.262623 53705.151302 4.023682534598376e-05 0.0 0.02 -0.23310298881134456 -6.0 6.0 -0.07766624204854727 -1.0 1.2
209 0.142017 0.01 0.8 53632.92494466416 53607.260113 53705.148763 8.89710082990407e-06 0.0 0.02 1.6795546917881585 -6.0 6.0 1.03494227775461 -1.0 1.2
210 0.094009 0.01 0.8 53620.35706702178 53607.191956 53705.079454 0.0004699970957008584 0.0 0.02 1.2226889197287498 -6.0 6.0 -0.04219971820557902 -1.0 1.2
210 0.118269 0.01 0.8 53620.608293078294 53607.206759 53705.093982 3.9115047039516875e-05 0.0 0.02 1.143983744869051 -6.0 6.0 0.7623955811090058 -1.0 1.2
210 0.030697 0.01 0.8 53629.66336605684 53607.207603 53705.095265 0.00015882537500178272 0.0 0.02 4.389655006575732 -6.0 6.0 0.23790689811583413 -1.0 1.2
211 0.306324 0.01 0.8 53631.14159733411 53607.227832 53705.115801 2.6235494103905396e-05 0.0 0.02 0.9097467049342443 -6.0 6.0 0.2507770900004595 -1.0 1.2
211 0.304619 0.01 0.8 53639.73512253632 53607.232036 53705.119654 2.281539308755224e-05 0.0 0.02 5.802322116846579 -6.0 6.0 -0.020511790702886105 -1.0 1.2
214 0.294257 0.01 0.8 53624.478897309906 53601.359588 53704.264598 3.0657607293092246e-05 0.0 0.02 0.4540394832883827 -6.0 6.0 -0.08957460524976235 -1.0 1.2
216 0.171423 0.01 0.8 53629.87292075915 53601.354302 53704.259086 0.00010879074493781438 0.0 0.02 -1.3892494667332578 -6.0 6.0 -0.06446019926263437 -1.0 1.2
216 0.286619 0.01 0.8 53634.45791892224 53601.358772 53704.263764 3.6854618336955135e-05 0.0 0.02 0.6755476592556364 -6.0 6.0 -0.10064338811718436 -1.0 1.2
218 0.377208 0.01 0.8 53629.3002209714 53601.366888 53705.273528 2.2715028312059825e-05 0.0 0.02 -2.4136556296544804 -6.0 6.0 -0.1444563082275249 -1.0 1.2
218 0.088587 0.01 0.8 53639.852660380275 53601.367699 53704.273536 1.2442722463949048e-05 0.0 0.02 5.741079468613145 -6.0 6.0 1.1292256318088945 -1.0 1.2
218 0.025254 0.01 0.8 53652.268632816544 53601.372157 53705.279049 6.458255576755288e-08 0.0 0.02 -0.6352081867776168 -6.0 6.0 -0.26770531811323806 -1.0 1.2
219 0.072877 0.01 0.8 53626.873485621174 53601.398831 53704.306151 4.28239771370641e-05 0.0 0.02 5.522977513392269 -6.0 6.0 0.40619569450621124 -1.0 1.2
223 0.112116 0.01 0.8 53643.73776576049 53601.354717 53704.259905 1.7135505444539993e-05 0.0 0.02 3.7396731512448684 -6.0 6.0 1.1977182762602754 -1.0 1.2
223 0.080525 0.01 0.8 53619.55474081061 53601.36284 53704.267982 9.938175833986044e-06 0.0 0.02 -1.3500458049462372 -6.0 6.0 1.073079029204146 -1.0 1.2
223 0.346426 0.01 0.8 53616.83846261277 53601.363652 53704.268832 2.5358277728045595e-05 0.0 0.02 1.7936767413772245 -6.0 6.0 0.0136245515270437 -1.0 1.2
223 0.253016 0.01 0.8 53652.88823464467 53601.367708 53704.273079 2.6734360811034745e-05 0.0 0.02 5.841760912172592 -6.0 6.0 -0.18773861737270536 -1.0 1.2
224 0.194216 0.01 0.8 53634.42934261383 53601.44747 53704.356593 6.0090609973081365e-05 0.0 0.02 0.543172939542057 -6.0 6.0 0.12484538308438291 -1.0 1.2
225 0.252085 0.01 0.8 53691.34511603261 53601.370946 53704.276491 2.652171191542453e-06 0.0 0.02 -2.160023103455579 -6.0 6.0 0.49706827451881347 -1.0 1.2
227 0.471837 0.01 0.8 53672.291431727455 53601.276826 53705.179207 1.126642491909335e-05 0.0 0.02 4.037825038035058 -6.0 6.0 -0.26258994497168464 -1.0 1.2
228 0.348577 0.01 0.8 53623.6414087566 53601.261086 53704.162113 1.6355358325197793e-05 0.0 0.02 1.6293725068972962 -6.0 6.0 0.09818029075076891 -1.0 1.2
229 0.328975 0.01 0.8 53625.719362105236 53601.345751 53704.250162 2.409435176993216e-05 0.0 0.02 -1.2966116574919662 -6.0 6.0 -0.10722297325680939 -1.0 1.2
229 0.150375 0.01 0.8 53623.56205196979 53601.356327 53704.261227 3.142307724873161e-05 0.0 0.02 5.864947826127793 -6.0 6.0 0.8280664792389681 -1.0 1.2
229 0.229972 0.01 0.8 53643.17104228196 53601.367287 53704.273126 3.0486556752036735e-05 0.0 0.02 5.910213286659624 -6.0 6.0 0.1976404878205872 -1.0 1.2
230 0.147025 0.01 0.8 53630.657932079586 53601.404871 53704.312501 0.00023656845070322744 0.0 0.02 0.7382783475217151 -6.0 6.0 -0.15975523848092474 -1.0 1.2
230 0.059447 0.01 0.8 53622.36883206696 53601.414935 53704.322621 0.0009970683394957894 0.0 0.02 0.0946096388545721 -6.0 6.0 0.1005315988164981 -1.0 1.2
231 0.159153 0.01 0.8 53635.676686697545 53601.461872 53704.371689 0.0001290776049889239 0.0 0.02 0.5999575880006855 -6.0 6.0 0.0065300514798226055 -1.0 1.2
233 0.211788 0.01 0.8 53635.50232976567 53601.330651 53704.234423 3.292584502576489e-05 0.0 0.02 -1.7250558680223786 -6.0 6.0 0.05073044134984879 -1.0 1.2
233 0.18313 0.01 0.8 53676.44592990038 53601.398008 53704.304929 3.379237132883821e-06 0.0 0.02 2.250145417494959 -6.0 6.0 0.040967560061336235 -1.0 1.2
