analysis_pipeline/priors/sdss_4_salt2_2.4.ecsv
# %ECSV 0.9
# ---
# datatype:
# - name: obj_id
#   datatype: string
# - name: t0
#   datatype: float64
# - name: t0_min
#   datatype: float64
# - name: t0_max
#   datatype: float64
# - name: x0
#   datatype: float64
# - name: x0_min
#   datatype: float64
# - name: x0_max
#   datatype: float64
# - name: x1
#   datatype: float64
# - name: x1_min
#   datatype: float64
# - name: x1_max
#   datatype: float64
# - name: c
#   datatype: float64
# - name: c_min
#   datatype: float64
# - name: c_max
#   datatype: float64
# schema: astropy-2.0
obj_id t0 t0_min t0_max x0 x0_min x0_max x1 x1_min x1_max c c_min c_max
[from data line 128]
1631 0.142885 53608.197666 53704.107275 53637.4784193254 0.0 0.02 1.904792893904684e-05 -6.0 6.0 5.864257621131256 -1.0 1.2
1632 0.056351 53608.198509 53704.108559 53635.5647302288 0.0 0.02 5.835889872979257e-05 -6.0 6.0 5.34097162070667 -1.0 1.2
1650 0.302746 53601.294152 53704.19638 53621.95441446989 0.0 0.02 2.0184817972209157e-05 -6.0 6.0 -1.5775793142206214 -1.0 1.2
1658 0.275748 53601.305257 53704.207928 53638.146467162864 0.0 0.02 3.589248353445794e-05 -6.0 6.0 0.4655763278393941 -1.0 1.2
1662 0.205317 53601.311825 53699.252845 53633.886381956596 0.0 0.02 1.9624473892372897e-05 -6.0 6.0 5.058905975600608 -1.0 1.2
1668 0.21401 53601.329838 53704.23398 53634.32411705497 0.0 0.02 2.4993331841366256e-06 -6.0 6.0 -1.992327593166734 -1.0 1.2
1686 0.135049 53601.318396 53705.222382 53625.125218644025 0.0 0.02 1.5714369302348073e-05 -6.0 6.0 3.3022181152607324 -1.0 1.2
1688 0.357669 53608.194711 53704.104722 53630.13230498229 0.0 0.02 2.06350747000647e-05 -6.0 6.0 1.3292884079390639 -1.0 1.2
1709 0.143989 53601.316766 53704.220259 53678.38943523216 0.0 0.02 2.815019708985637e-06 -6.0 6.0 -0.010563174550298501 -1.0 1.2
1740 0.166272 53601.326998 53704.230505 53632.30083708888 0.0 0.02 0.00011697468397356696 -6.0 6.0 -1.0007240169652825 -1.0 1.2
1741 0.203484 53601.27849 53704.18007 53625.6648109039 0.0 0.02 2.0977015893278693e-05 -6.0 6.0 1.895641765124595 -1.0 1.2
1742 0.110276 53601.27973 53704.181354 53632.96399911545 0.0 0.02 1.2714949934126069e-05 -6.0 6.0 5.856373597750419 -1.0 1.2
1748 0.337892 53601.293344 53704.195478 53631.1504845848 0.0 0.02 1.7394058083848986e-05 -6.0 6.0 1.5713222718922755 -1.0 1.2
1749 0.074924 53601.294992 53704.19719 53626.71169746379 0.0 0.02 3.0605171213913756e-05 -6.0 6.0 2.083819379146059 -1.0 1.2
1750 0.258435 53601.296638 53704.198901 53628.5621614136 0.0 0.02 2.248670223925842e-05 -6.0 6.0 1.1419322903677898 -1.0 1.2
1770 0.104044 53601.326993 53704.230521 53636.50771232441 0.0 0.02 1.4868167022487422e-06 -6.0 6.0 -1.3163747008067093 -1.0 1.2
1773 0.118987 53608.18797 53704.097402 53637.47696297044 0.0 0.02 1.0143353259267397e-05 -6.0 6.0 4.539851782362338 -1.0 1.2
1775 0.302486 53608.188392 53704.09783 53633.69114769788 0.0 0.02 2.8621836941943425e-05 -6.0 6.0 0.30194015282396597 -1.0 1.2
1776 0.50551 53601.245289 53704.145833 53635.55637725095 0.0 0.02 1.4895928313504869e-05 -6.0 6.0 5.597407703867057 -1.0 1.2
1794 0.1407 53608.185011 53704.094423 53624.55437705558 0.0 0.02 0.00012876900843218053 -6.0 6.0 1.2835711537100207 -1.0 1.2
1821 0.09504 53608.163841 53704.073086 53633.327831775554 0.0 0.02 1.9787712955224245e-05 -6.0 6.0 5.491097033343739 -1.0 1.2
1825 0.155096 53608.182046 53704.09146 53622.00980051741 0.0 0.02 1.741399674939067e-05 -6.0 6.0 2.6879560044464705 -1.0 1.2
1826 0.434105 53608.182891 53704.092743 53640.211041818366 0.0 0.02 1.531312551136326e-05 -6.0 6.0 5.617410721976092 -1.0 1.2
1832 0.448729 53608.189649 53705.099985 53643.19201164352 0.0 0.02 2.8909515037520682e-05 -6.0 6.0 5.952559788470587 -1.0 1.2
1835 0.270324 53608.170193 53704.079952 53622.63939282033 0.0 0.02 4.666889640890845e-05 -6.0 6.0 -0.434739268743385 -1.0 1.2
1902 0.215307 53607.245053 53705.132898 53620.510726845954 0.0 0.02 4.6945217287898434e-05 -6.0 6.0 0.6299943315052333 -1.0 1.2
1903 0.088843 53601.245305 53705.147034 53639.89924963629 0.0 0.02 5.6168317193487955e-05 -6.0 6.0 5.269877945867765 -1.0 1.2
1906 0.199072 53607.184745 53705.072227 53616.633526463986 0.0 0.02 4.169066706486165e-05 -6.0 6.0 -0.7129914524135061 -1.0 1.2
1924 1.192208 53607.212661 53705.100428 53607.54208948904 0.0 0.02 2.4452407625464763e-05 -6.0 6.0 -0.30778014023791606 -1.0 1.2
1941 0.229542 53607.225723 53705.113694 53623.669111193245 0.0 0.02 2.0499938353525495e-05 -6.0 6.0 2.4471651074094103 -1.0 1.2
1958 0.368223 53607.234969 53705.123113 53624.56558103178 0.0 0.02 1.826020081271882e-05 -6.0 6.0 -1.265500178035022 -1.0 1.2
1978 0.296478 53607.253831 53705.142384 53626.22215641975 0.0 0.02 2.1788260511977915e-05 -6.0 6.0 3.315426914632664 -1.0 1.2
1979 0.285356 53607.254249 53705.142812 53626.921162678766 0.0 0.02 2.819653954978141e-05 -6.0 6.0 -0.8124213227888568 -1.0 1.2
1981 0.055563 53607.255922 53705.144098 53635.08975265425 0.0 0.02 1.6570731329004163e-05 -6.0 6.0 5.537178447436363 -1.0 1.2
1985 0.199844 53607.258012 53705.14624 53625.257688949205 0.0 0.02 1.4186140570720216e-05 -6.0 6.0 2.854954649367691 -1.0 1.2
1991 0.313884 53607.268864 53705.157806 53627.88906585878 0.0 0.02 3.091351708338008e-05 -6.0 6.0 0.9170961645206335 -1.0 1.2
2000 0.022141 53607.196609 53705.084168 53630.881265829 0.0 0.02 0.0003661062588264963 -6.0 6.0 0.6245596344830846 -1.0 1.2
2002 0.050476 53607.20253 53705.090151 53636.55454815176 0.0 0.02 9.702119367119756e-06 -6.0 6.0 5.784202571872927 -1.0 1.2
2017 0.261621 53607.239171 53705.127377 53636.05458924846 0.0 0.02 4.5223505553596786e-05 -6.0 6.0 1.4721534076284972 -1.0 1.2
2030 0.232382 53607.19112 53705.078126 53611.93086095208 0.0 0.02 6.916352780057205e-05 -6.0 6.0 1.4687022876043139 -1.0 1.2
2031 0.151859 53607.191543 53705.07898 53636.940070136436 0.0 0.02 0.0001932164699512986 -6.0 6.0 0.5095874710658818 -1.0 1.2
2041 0.208513 53607.214366 53705.102061 53622.04199084708 0.0 0.02 4.201663848064701e-05 -6.0 6.0 -0.5978033980511093 -1.0 1.2
2053 0.232293 53607.210985 53705.098243 53629.145834749535 0.0 0.02 2.1243834170948855e-05 -6.0 6.0 -2.1681268442608728 -1.0 1.2
2056 0.188194 53607.21436 53705.101665 53635.041451838115 0.0 0.02 6.34722711515432e-06 -6.0 6.0 4.783512152982648 -1.0 1.2
2057 0.210271 53607.215204 53705.102949 53635.403193348306 0.0 0.02 5.667488518556014e-05 -6.0 6.0 0.5399622908515319 -1.0 1.2
2063 0.191544 53607.241702 53705.129884 53652.116465324216 0.0 0.02 9.573625426087737e-05 -6.0 6.0 5.96664998447794 -1.0 1.2
2064 0.455074 53607.222789 53705.110223 53621.25597309473 0.0 0.02 1.788361616322409e-05 -6.0 6.0 2.056434534796405 -1.0 1.2
2078 0.322184 53607.260953 53705.149589 53627.57223300652 0.0 0.02 2.8433227554387965e-05 -6.0 6.0 -0.8839924870769874 -1.0 1.2
2079 0.305008 53607.261371 53705.149589 53632.749886111545 0.0 0.02 2.7672293402815422e-05 -6.0 6.0 0.4732857974971934 -1.0 1.2
2080 0.102187 53607.262623 53705.150874 53634.59248670315 0.0 0.02 3.3187975210597056e-05 -6.0 6.0 5.191368031047137 -1.0 1.2
2081 0.250159 53607.262623 53705.151302 53628.04890235185 0.0 0.02 4.0867865948662975e-05 -6.0 6.0 -0.5753061316876585 -1.0 1.2
2092 0.142017 53607.260113 53705.148763 53632.90483941935 0.0 0.02 9.049010953275817e-06 -6.0 6.0 1.608287521831706 -1.0 1.2
2102 0.094009 53607.191956 53705.079454 53620.41892353596 0.0 0.02 0.00047036742104881313 -6.0 6.0 1.193744902584182 -1.0 1.2
2108 0.118269 53607.206759 53705.093982 53620.58268109067 0.0 0.02 3.909048789629384e-05 -6.0 6.0 1.048302125260564 -1.0 1.2
2109 0.030697 53607.207603 53705.095265 53629.65621303155 0.0 0.02 0.00015442597256625518 -6.0 6.0 4.286145506354897 -1.0 1.2
2116 0.306324 53607.227832 53705.115801 53630.60451633504 0.0 0.02 2.5529238950392017e-05 -6.0 6.0 1.437909319979737 -1.0 1.2
2118 0.304619 53607.232036 53705.119654 53639.70101201161 0.0 0.02 2.2981324106097235e-05 -6.0 6.0 5.79576223904784 -1.0 1.2
2149 0.294257 53601.359588 53704.264598 53624.434919888976 0.0 0.02 3.067665490168661e-05 -6.0 6.0 0.4905844224674236 -1.0 1.2
2162 0.171423 53601.354302 53704.259086 53629.90116407053 0.0 0.02 0.00010850932641207886 -6.0 6.0 -1.386550136680933 -1.0 1.2
2165 0.286619 53601.358772 53704.263764 53634.48254783131 0.0 0.02 3.678949613027272e-05 -6.0 6.0 0.6918558474177552 -1.0 1.2
2181 0.377208 53601.366888 53705.273528 53629.517274034624 0.0 0.02 2.10349296750758e-05 -6.0 6.0 -1.6163079630734103 -1.0 1.2
2183 0.088587 53601.367699 53704.273536 53640.016641228125 0.0 0.02 1.2323237356644653e-05 -6.0 6.0 5.725568488412134 -1.0 1.2
2184 0.025254 53601.372157 53705.279049 53645.131909393145 0.0 0.02 5.433338888336469e-08 -6.0 6.0 -0.8267160704853995 -1.0 1.2
2190 0.072877 53601.398831 53704.306151 53626.84910766869 0.0 0.02 4.176918045337081e-05 -6.0 6.0 5.584062065202231 -1.0 1.2
2230 0.112116 53601.354717 53704.259905 53643.741535149085 0.0 0.02 1.693984174952756e-05 -6.0 6.0 3.8572490741049617 -1.0 1.2
2234 0.080525 53601.36284 53704.267982 53619.67383651082 0.0 0.02 9.97590479986756e-06 -6.0 6.0 -1.32788690395671 -1.0 1.2
2235 0.346426 53601.363652 53704.268832 53617.85872350432 0.0 0.02 2.5589268741126017e-05 -6.0 6.0 1.110880477155046 -1.0 1.2
2236 0.253016 53601.367708 53704.273079 53652.77151335552 0.0 0.02 2.6997286506126995e-05 -6.0 6.0 5.818941097171625 -1.0 1.2
2246 0.194216 53601.44747 53704.356593 53634.35274032238 0.0 0.02 6.035765656370492e-05 -6.0 6.0 0.568101271080152 -1.0 1.2
2272 0.471837 53601.276826 53705.179207 53670.10478924481 0.0 0.02 1.247795900282782e-05 -6.0 6.0 0.5739107897091573 -1.0 1.2
2280 0.348577 53601.261086 53704.162113 53623.3371181196 0.0 0.02 1.6456959100219718e-05 -6.0 6.0 1.7302705469218946 -1.0 1.2
2290 0.328975 53601.345751 53704.250162 53625.61250564467 0.0 0.02 2.3300175165143238e-05 -6.0 6.0 -0.8357820482101868 -1.0 1.2
2292 0.150375 53601.356327 53704.261227 53623.523082626 0.0 0.02 3.135608200361733e-05 -6.0 6.0 5.863050980595463 -1.0 1.2
2297 0.229972 53601.367287 53704.273126 53643.090218191646 0.0 0.02 3.087445996978317e-05 -6.0 6.0 5.9043923376733 -1.0 1.2
2308 0.147025 53601.404871 53704.312501 53630.63613987983 0.0 0.02 0.0002370125716312687 -6.0 6.0 0.7190455962306473 -1.0 1.2
2309 0.059447 53601.414935 53704.322621 53620.36399999631 0.0 0.02 0.0011639411919823841 -6.0 6.0 0.11390417107947694 -1.0 1.2
2319 0.159153 53601.461872 53704.371689 53635.70931907861 0.0 0.02 0.00012896601487544647 -6.0 6.0 0.6037904419965539 -1.0 1.2
2330 0.211788 53601.330651 53704.234423 53635.507368654726 0.0 0.02 3.311754227144252e-05 -6.0 6.0 -1.5612987419073694 -1.0 1.2
2335 0.18313 53601.398008 53704.304929 53677.75158799216 0.0 0.02 3.1994104195001607e-06 -6.0 6.0 2.308647111151801 -1.0 1.2
2347 0.4023 53608.204827 53704.114535 53620.549204299416 0.0 0.02 1.8242898831507977e-05 -6.0 6.0 -1.7405639112383238 -1.0 1.2
2350 0.203791 53601.273528 53704.174931 53638.48336254366 0.0 0.02 1.8533355279855164e-05 -6.0 6.0 5.059856151534118 -1.0 1.2
2360 0.862755 53601.329854 53704.233507 53661.834659655295 0.0 0.02 1.1461875421095397e-05 -6.0 6.0 5.541416298709383 -1.0 1.2
2361 0.152364 53601.332714 53704.23692 53626.93804738545 0.0 0.02 1.1781828161796432e-05 -6.0 6.0 3.9612750157174283 -1.0 1.2
2372 0.179585 53601.421781 53704.329747 53636.771720844285 0.0 0.02 9.938418761234926e-05 -6.0 6.0 0.2550076389799429 -1.0 1.2
2405 0.13232 53601.34698 53704.251425 53643.38221080548 0.0 0.02 1.3469559570940181e-05 -6.0 6.0 5.86498440613388 -1.0 1.2
2420 0.862303 53601.310184 53704.213057 53659.81481934297 0.0 0.02 1.4324016186279812e-05 -6.0 6.0 5.7910335464068705 -1.0 1.2
2422 0.263492 53601.317565 53704.220748 53639.53699473566 0.0 0.02 5.565935734118533e-05 -6.0 6.0 1.0188194755002469 -1.0 1.2
2423 0.187286 53601.335963 53704.239951 53635.93474145022 0.0 0.02 5.0658016592097266e-05 -6.0 6.0 5.64663239198722 -1.0 1.2
2437 0.258478 53601.396803 53704.303646 53636.79012078035 0.0 0.02 2.1807959187430322e-05 -6.0 6.0 0.7720329847149908 -1.0 1.2
2440 0.19029 53601.42739 53704.335681 53634.8289026473 0.0 0.02 8.570721744950319e-05 -6.0 6.0 0.5156150180478364 -1.0 1.2
2443 0.088459 53607.266379 53705.155158 53625.44842029531 0.0 0.02 1.679479518046896e-05 -6.0 6.0 -1.752736449390443 -1.0 1.2
2460 0.087033 53607.278446 53705.167215 53648.08684841898 0.0 0.02 4.172211897601539e-07 -6.0 6.0 -0.8003672807685274 -1.0 1.2
2481 0.145789 53607.275952 53705.165057 53631.10599377018 0.0 0.02 2.5406125216708222e-05 -6.0 6.0 5.187389986760153 -1.0 1.2
2488 0.169735 53607.213097 53705.100366 53633.479291110474 0.0 0.02 1.5052123495745256e-05 -6.0 6.0 5.2258309449688 -1.0 1.2
2532 0.267696 53607.40113 53705.294723 53635.86771379478 0.0 0.02 3.6409909253228465e-05 -6.0 6.0 0.7710307429885359 -1.0 1.2
2533 0.338803 53607.410438 53705.30488 53640.3662092657 0.0 0.02 3.348602776061317e-05 -6.0 6.0 1.5875781355148253 -1.0 1.2
2539 0.437692 53607.270127 53705.158616 53618.947125543884 0.0 0.02 1.7814787609296676e-05 -6.0 6.0 0.7440826189677121 -1.0 1.2
2545 0.239367 53607.397472 53705.290956 53641.44163926185 0.0 0.02 2.6211095201936697e-05 -6.0 6.0 4.861967630938936 -1.0 1.2
2547 0.096588 53607.307069 53705.197124 53649.75066783231 0.0 0.02 5.56646634274371e-07 -6.0 6.0 -0.6921908373315964 -1.0 1.2
2550 1.15234 53607.314501 53705.204824 53651.69546894692 0.0 0.02 9.184986281339797e-06 -6.0 6.0 4.585122740240167 -1.0 1.2
2551 0.247554 53607.319037 53705.209528 53626.67649782673 0.0 0.02 2.28983834592914e-05 -6.0 6.0 0.8375076705357312 -1.0 1.2
2556 0.102927 53607.335493 53705.226621 53623.99511770593 0.0 0.02 1.4069325371593084e-05 -6.0 6.0 1.2832330322161556 -1.0 1.2
2561 0.117406 53607.451131 53705.347479 53639.25597293727 0.0 0.02 0.00016953620541317166 -6.0 6.0 -0.0873600918920382 -1.0 1.2
2569 0.209761 53607.300024 53705.189911 53636.484760755855 0.0 0.02 1.615067749321558e-05 -6.0 6.0 5.495715192522005 -1.0 1.2
2571 0.241983 53607.309534 53705.199326 53625.87321641813 0.0 0.02 2.080289171989841e-05 -6.0 6.0 -0.2927494936557108 -1.0 1.2
2582 0.069291 53607.360865 53705.253126 53632.03888470188 0.0 0.02 2.0650359210121616e-05 -6.0 6.0 5.43385011976938 -1.0 1.2
2615 0.055356 53607.35802 53705.250081 53635.26104086851 0.0 0.02 1.9460639127815715e-05 -6.0 6.0 5.67481590530574 -1.0 1.2
2629 0.221876 53607.397084 53705.290877 53621.85747974249 0.0 0.02 4.651814446987915e-05 -6.0 6.0 -1.1124953922896612 -1.0 1.2
2630 0.349599 53607.42135 53705.316253 53633.01608662885 0.0 0.02 2.87619792706622e-05 -6.0 6.0 0.8412660274052842 -1.0 1.2
2632 0.295151 53607.449139 53705.345301 53632.67941792943 0.0 0.02 3.07880495251952e-05 -6.0 6.0 -0.932638120776929 -1.0 1.2
2635 0.143104 53607.468409 53705.364998 53640.439184651164 0.0 0.02 0.00015714504297433918 -6.0 6.0 0.8682997869699781 -1.0 1.2
2639 0.214887 53601.233584 53704.130426 53638.3844924409 0.0 0.02 8.403742002680096e-05 -6.0 6.0 0.4314133374974702 -1.0 1.2
2666 0.056906 53607.343284 53705.23432 53636.30618321264 0.0 0.02 1.2803771654972082e-05 -6.0 6.0 5.812628499169341 -1.0 1.2
2667 0.094191 53607.314904 53705.205299 53627.943309707865 0.0 0.02 3.557292387732769e-06 -6.0 6.0 -1.3123448619780302 -1.0 1.2
2689 0.160352 53607.393431 53705.286654 53637.031438646394 0.0 0.02 0.00013108307299210898 -6.0 6.0 1.4183966561162868 -1.0 1.2
2699 0.045116 53607.403562 53705.29767 53629.1744152222 0.0 0.02 2.151547577554259e-05 -6.0 6.0 0.4755009140963467 -1.0 1.2
2718 0.287559 53607.383274 53705.276501 53634.83928143774 0.0 0.02 2.2255026024658136e-05 -6.0 6.0 2.0530127846429767 -1.0 1.2
2722 0.015648 53607.392207 53705.285413 53635.02076722446 0.0 0.02 7.644874506217582e-06 -6.0 6.0 5.099353895019732 -1.0 1.2
2734 0.302007 53607.456367 53705.35245 53641.19453522523 0.0 0.02 6.165382648226299e-05 -6.0 6.0 2.3243255128022016 -1.0 1.2
2744 0.033619 53608.20441 53704.114092 53646.74434680959 0.0 0.02 0.00030599624254224606 -6.0 6.0 0.12998369328074438 -1.0 1.2
2746 0.118293 53601.406069 53704.313375 53643.47173641686 0.0 0.02 4.0499752744393354e-05 -6.0 6.0 5.709909208893144 -1.0 1.2
2766 0.149336 53601.454677 53704.364139 53619.40353604638 0.0 0.02 0.0001212243002866501 -6.0 6.0 -0.2801038290155971 -1.0 1.2
2784 0.398676 53601.388338 53704.294733 53635.91081142632 0.0 0.02 2.196046831077534e-05 -6.0 6.0 0.08329360410742799 -1.0 1.2
2789 0.288898 53601.268549 53704.169823 53636.313138019585 0.0 0.02 3.67683599046878e-05 -6.0 6.0 -0.6960744905699001 -1.0 1.2
2793 0.043219 53601.338008 53705.243309 53634.49108665086 0.0 0.02 4.152082826681079e-05 -6.0 6.0 1.480477629294165 -1.0 1.2
