analysis_pipeline/priors/sdss_4_salt2_2.4.ecsv
# %ECSV 0.9
# ---
# datatype:
# - name: obj_id
#   datatype: string
# - name: t0
#   datatype: float64
# - name: t0_min
#   datatype: float64
# - name: t0_max
#   datatype: float64
# - name: x0
#   datatype: float64
# - name: x0_min
#   datatype: float64
# - name: x0_max
#   datatype: float64
# - name: x1
#   datatype: float64
# - name: x1_min
#   datatype: float64
# - name: x1_max
#   datatype: float64
# - name: c
#   datatype: float64
# - name: c_min
#   datatype: float64
# - name: c_max
#   datatype: float64
# schema: astropy-2.0
obj_id t0 t0_min t0_max x0 x0_min x0_max x1 x1_min x1_max c c_min c_max
679 0.123663 53601.221902 53704.121861 53619.75254734911 0.0 0.02 6.608271099498726e-06 -6.0 6.0 0.3352230666924373 -1.0 1.2
682 0.047317 53601.233185 53705.133817 53657.78307349812 0.0 0.02 1.0918560056714994e-06 -6.0 6.0 0.04519509624693535 -1.0 1.2
688 0.066563 53601.265664 53704.166778 53624.212061644925 0.0 0.02 1.3116829538506626e-05 -6.0 6.0 2.5545343038298167 -1.0 1.2
691 0.129587 53601.228193 53704.128667 53618.840612643384 0.0 0.02 5.562175370214315e-05 -6.0 6.0 0.0022793085306045484 -1.0 1.2
694 0.126178 53601.230276 53705.130756 53624.924365743405 0.0 0.02 0.00012451371128770544 -6.0 6.0 0.6411316561213595 -1.0 1.2
697 0.155294 53601.244046 53705.144463 53623.785482445885 0.0 0.02 1.8280217552071262e-05 -6.0 6.0 1.6499640023468858 -1.0 1.2
701 0.205128 53601.241951 53704.142421 53609.78535373566 0.0 0.02 6.432447464813926e-05 -6.0 6.0 -1.8354537508379394 -1.0 1.2
703 0.296481 53601.246533 53704.147134 53626.578848885634 0.0 0.02 3.5734590720314936e-05 -6.0 6.0 0.8957938535528787 -1.0 1.2
704 0.204966 53601.248214 53704.148801 53618.03453339914 0.0 0.02 2.553532909059762e-05 -6.0 6.0 0.48525040049733764 -1.0 1.2
711 1.111396 53601.26274 53704.163841 53646.51652579604 0.0 0.02 1.2250257427663514e-05 -6.0 6.0 5.38771205901621 -1.0 1.2
716 0.322376 53601.287145 53705.190339 53639.67034062515 0.0 0.02 0.00010065013671818994 -6.0 6.0 5.989413669701789 -1.0 1.2
717 0.12901 53601.294564 53704.196808 53614.780004026186 0.0 0.02 1.5114292863808896e-05 -6.0 6.0 -0.038151863535302415 -1.0 1.2
722 0.085038 53601.316364 53704.216903 53623.029078133055 0.0 0.02 0.00021926346277200415 -6.0 6.0 -0.3081778003550647 -1.0 1.2
735 0.189482 53601.333922 53704.237819 53614.19411551839 0.0 0.02 5.2893953120677106e-05 -6.0 6.0 -3.1646128549689476 -1.0 1.2
739 0.106421 53601.35185 53704.256563 53613.06407566534 0.0 0.02 0.0002391079378377542 -6.0 6.0 -1.4809807291495067 -1.0 1.2
744 0.12694 53601.226928 53704.126985 53618.822252331185 0.0 0.02 0.00014603864384338605 -6.0 6.0 0.2024105083092878 -1.0 1.2
762 0.190088 53601.354311 53704.259479 53625.15571665864 0.0 0.02 9.121274601950775e-05 -6.0 6.0 1.1528576345455275 -1.0 1.2
764 0.185808 53601.360811 53704.265857 53622.17591120705 0.0 0.02 1.9765545243261353e-05 -6.0 6.0 5.523455150235666 -1.0 1.2
765 0.259902 53601.394382 53704.301532 53627.77995736894 0.0 0.02 4.104743497700419e-05 -6.0 6.0 0.013536095022973878 -1.0 1.2
770 0.041464 53601.398013 53704.304914 53628.701407394125 0.0 0.02 1.01083999821519e-05 -6.0 6.0 4.863931645646249 -1.0 1.2
772 0.20925 53601.399626 53704.307026 53624.74888662754 0.0 0.02 1.487707939130493e-05 -6.0 6.0 4.773157656901138 -1.0 1.2
774 0.092269 53601.381476 53704.287502 53615.76206075276 0.0 0.02 0.0003383021527657699 -6.0 6.0 -0.6714830724283374 -1.0 1.2
779 0.236938 53601.38471 53704.290891 53626.92291100608 0.0 0.02 5.528587868285113e-05 -6.0 6.0 0.40748138267216477 -1.0 1.2
782 0.131251 53601.41332 53704.32095 53629.86897656227 0.0 0.02 3.328837415626315e-05 -6.0 6.0 5.951306081453063 -1.0 1.2
792 0.04282 53601.434617 53704.343242 53623.101067485135 0.0 0.02 1.4447674752538166e-05 -6.0 6.0 2.486593575589507 -1.0 1.2
799 0.146407 53601.25818 53704.159114 53612.21628454953 0.0 0.02 5.927512988271157e-05 -6.0 6.0 -0.06095328606636307 -1.0 1.2
818 0.237174 53601.421385 53704.329311 53614.30669745823 0.0 0.02 3.281855092943821e-05 -6.0 6.0 -1.5119998431400137 -1.0 1.2
822 0.236635 53601.421787 53704.330152 53621.885143680425 0.0 0.02 4.8675561193547366e-05 -6.0 6.0 -0.7444708097859922 -1.0 1.2
830 0.38623 53601.426207 53704.334779 53679.7082860109 0.0 0.02 4.4550573011403374e-05 -6.0 6.0 0.5930978160411291 -1.0 1.2
841 0.298318 53601.443061 53704.352405 53624.88938789377 0.0 0.02 3.6340959470362015e-05 -6.0 6.0 0.26866657314035386 -1.0 1.2
859 0.276728 53601.285913 53704.188235 53624.32142900691 0.0 0.02 4.574228950031443e-05 -6.0 6.0 0.5486817013693078 -1.0 1.2
863 0.092949 53601.297451 53704.199788 53628.01408552274 0.0 0.02 1.595919289706937e-05 -6.0 6.0 5.458867675977716 -1.0 1.2
875 0.104044 53601.259017 53704.159957 53630.06870740249 0.0 0.02 1.2246749305880416e-05 -6.0 6.0 2.5362824030506 -1.0 1.2
879 0.451353 53601.271455 53704.173235 53656.24127315545 0.0 0.02 8.084926647314746e-05 -6.0 6.0 0.7507286518746522 -1.0 1.2
893 0.108834 53601.32699 53704.230537 53620.362441687255 0.0 0.02 5.831515690758854e-05 -6.0 6.0 -1.1738960679882742 -1.0 1.2
895 0.266814 53601.348201 53704.253128 53614.89229244321 0.0 0.02 2.4565740928393152e-05 -6.0 6.0 0.2617727582007111 -1.0 1.2
896 0.423446 53601.350236 53704.255256 53652.497267375584 0.0 0.02 2.869917940466631e-05 -6.0 6.0 0.6528750843964719 -1.0 1.2
904 0.383892 53601.369321 53704.275234 53621.29773069228 0.0 0.02 2.8041912328549185e-05 -6.0 6.0 0.6621385417590115 -1.0 1.2
907 0.105466 53601.398831 53704.305729 53643.11268195219 0.0 0.02 3.388743281916722e-05 -6.0 6.0 5.9243898870525555 -1.0 1.2
910 0.147747 53601.33353 53704.237346 53618.04058154924 0.0 0.02 5.881926783650611e-05 -6.0 6.0 0.26541109988500483 -1.0 1.2
911 0.206325 53601.416953 53704.324712 53621.949265554416 0.0 0.02 3.621501291065181e-05 -6.0 6.0 -0.22285164297503637 -1.0 1.2
921 0.125781 53601.457475 53705.367973 53630.720480856544 0.0 0.02 6.384892630770432e-06 -6.0 6.0 5.659812317101213 -1.0 1.2
930 0.288698 53601.351053 53705.256485 53658.96158713613 0.0 0.02 4.28193530762727e-05 -6.0 6.0 5.948319397774636 -1.0 1.2
932 0.390036 53601.38915 53704.295563 53618.46278121992 0.0 0.02 2.2814152011552385e-05 -6.0 6.0 3.58950528679371 -1.0 1.2
938 0.760567 53601.411727 53704.319218 53662.29355236213 0.0 0.02 1.2032828903301215e-05 -6.0 6.0 0.6056818009362263 -1.0 1.2
979 0.291144 53601.247361 53704.148008 53618.52834388456 0.0 0.02 2.6030809684632638e-05 -6.0 6.0 0.23280005888598213 -1.0 1.2
983 0.067238 53601.269781 53704.17114 53627.107094824336 0.0 0.02 1.946037185608601e-05 -6.0 6.0 5.694023421132865 -1.0 1.2
986 0.279009 53601.292499 53704.194686 53618.333962087 0.0 0.02 2.983472133916063e-05 -6.0 6.0 0.7383718707547582 -1.0 1.2
1000 0.128293 53601.374975 53704.28122 53614.13180030615 0.0 0.02 0.0001125011669444235 -6.0 6.0 -2.223228795924084 -1.0 1.2
1008 0.225039 53601.388725 53704.295625 53623.233593113335 0.0 0.02 7.291870965359601e-05 -6.0 6.0 0.377429218377126 -1.0 1.2
1027 0.185416 53601.423368 53704.330663 53626.09767393058 0.0 0.02 8.800015895654898e-06 -6.0 6.0 5.191968888532668 -1.0 1.2
1031 0.114804 53601.436217 53705.3458 53618.419468992324 0.0 0.02 2.493161953851421e-05 -6.0 6.0 0.02328186325315414 -1.0 1.2
1032 0.129033 53601.438624 53704.347453 53626.505609781416 0.0 0.02 0.00010487452337530703 -6.0 6.0 -2.6284484468119707 -1.0 1.2
1041 0.065187 53601.447043 53704.356252 53620.17414638146 0.0 0.02 4.944032426871782e-05 -6.0 6.0 0.632500165256886 -1.0 1.2
1112 0.256085 53607.267208 53705.156046 53630.070348946494 0.0 0.02 3.818159099612511e-05 -6.0 6.0 -0.4880070154372634 -1.0 1.2
1113 0.055632 53607.270544 53705.159045 53634.469334200054 0.0 0.02 0.00014860729482535256 -6.0 6.0 5.980424105450049 -1.0 1.2
1119 0.296391 53607.215192 53705.102995 53623.08416249698 0.0 0.02 3.4871347488156256e-05 -6.0 6.0 0.9965692506877641 -1.0 1.2
1126 0.113914 53607.225302 53705.113265 53613.98255327283 0.0 0.02 8.790595726130261e-05 -6.0 6.0 -2.6872889873776193 -1.0 1.2
1127 0.076085 53607.326445 53705.217254 53651.43255775136 0.0 0.02 3.6742297983653027e-05 -6.0 6.0 2.16179759071772 -1.0 1.2
1131 0.172432 53607.237489 53705.12568 53634.64905553435 0.0 0.02 1.5377512818307688e-05 -6.0 6.0 5.381848544845301 -1.0 1.2
1150 0.456315 53607.324375 53705.214737 53683.3771168219 0.0 0.02 1.2729395198123194e-05 -6.0 6.0 0.25898928566818274 -1.0 1.2
1151 0.361362 53607.368625 53705.261183 53618.838792944654 0.0 0.02 3.8516831081804045e-05 -6.0 6.0 0.3199466984496667 -1.0 1.2
1153 0.338423 53607.370256 53705.26246 53633.8976724288 0.0 0.02 2.2211577474116277e-05 -6.0 6.0 4.912454881020634 -1.0 1.2
1158 0.410115 53607.3727 53705.265437 53627.14840998876 0.0 0.02 2.1519011958202947e-05 -6.0 6.0 -3.455571009691024 -1.0 1.2
1166 0.380494 53607.351052 53705.242915 53631.57669045344 0.0 0.02 2.5552087959696525e-05 -6.0 6.0 1.8689772272362912 -1.0 1.2
1170 0.32846 53607.353506 53705.245472 53618.5389484017 0.0 0.02 1.9698030206869422e-05 -6.0 6.0 3.6683175795684577 -1.0 1.2
1174 2.382896 53607.360045 53705.25229 53682.59243512602 0.0 0.02 0.010109438206572056 -6.0 6.0 1.0003329248415695 -1.0 1.2
1176 0.70546 53607.365351 53705.257399 53681.4731267927 0.0 0.02 1.6732240622473452e-05 -6.0 6.0 1.2726916767845702 -1.0 1.2
1181 0.602537 53607.403559 53705.297263 53662.20321996375 0.0 0.02 1.711527491569493e-05 -6.0 6.0 3.5503152736341925 -1.0 1.2
1184 0.548751 53607.388953 53705.282051 53623.25845857761 0.0 0.02 2.205276146817684e-05 -6.0 6.0 0.6817406486467962 -1.0 1.2
1196 0.368957 53607.229522 53705.117482 53673.49805921192 0.0 0.02 3.113934034439775e-05 -6.0 6.0 5.658703332924445 -1.0 1.2
1198 0.118439 53607.224474 53705.111918 53636.20165336986 0.0 0.02 1.2978865519354023e-05 -6.0 6.0 5.527612356582328 -1.0 1.2
1209 0.241036 53607.426578 53705.321395 53619.33408417764 0.0 0.02 5.7945486867519406e-05 -6.0 6.0 0.480157200380694 -1.0 1.2
1214 0.263798 53607.43504 53705.330664 53619.81981079851 0.0 0.02 3.072343614166058e-05 -6.0 6.0 0.5298333530190802 -1.0 1.2
1223 1.276657 53607.425379 53705.320083 53610.734993386715 0.0 0.02 3.613516162204178e-05 -6.0 6.0 0.07831558967286854 -1.0 1.2
1241 0.088477 53607.263455 53705.152174 53635.32171627354 0.0 0.02 0.0003337653385531223 -6.0 6.0 -0.5251966727936564 -1.0 1.2
1243 0.196967 53607.274711 53705.163741 53619.622063972434 0.0 0.02 3.038715166685435e-05 -6.0 6.0 2.0607149094194854 -1.0 1.2
1248 0.781457 53607.223204 53705.111093 53652.54476925774 0.0 0.02 2.6722361234449247e-05 -6.0 6.0 0.7002873171366613 -1.0 1.2
1251 0.178299 53607.441492 53705.33735 53641.90954123465 0.0 0.02 1.7088940272930263e-05 -6.0 6.0 5.821516616868618 -1.0 1.2
1253 0.261657 53607.224887 53705.112377 53634.42305730489 0.0 0.02 4.969019144732357e-05 -6.0 6.0 -0.8257842045040442 -1.0 1.2
1277 0.143396 53607.244218 53705.132026 53623.72233337729 0.0 0.02 1.3906953502165445e-05 -6.0 6.0 0.985721037073604 -1.0 1.2
1281 0.289319 53607.243369 53705.131644 53641.55493810405 0.0 0.02 7.156463370817585e-05 -6.0 6.0 5.964709134593545 -1.0 1.2
1293 0.979868 53607.256765 53705.144923 53648.63083275235 0.0 0.02 1.39187456044072e-05 -6.0 6.0 5.703397147711571 -1.0 1.2
1298 0.225088 53607.232873 53705.120526 53608.39408183223 0.0 0.02 7.710235891184794e-05 -6.0 6.0 -0.3087117535226643 -1.0 1.2
1311 0.260328 53607.250905 53705.13937 53618.83887363986 0.0 0.02 2.0340187654825003e-05 -6.0 6.0 -2.530122670483839 -1.0 1.2
1316 0.215653 53607.255925 53705.144082 53620.85368383342 0.0 0.02 6.322183759587658e-05 -6.0 6.0 0.1940352548183424 -1.0 1.2
1329 0.087806 53607.263862 53705.152221 53627.01409958779 0.0 0.02 1.4830407919237068e-05 -6.0 6.0 0.7606848191518579 -1.0 1.2
1351 0.174548 53607.331796 53705.22235 53614.70023787624 0.0 0.02 7.082921279674988e-05 -6.0 6.0 -1.2645995602130482 -1.0 1.2
1354 0.247914 53607.31119 53705.201021 53621.641575208436 0.0 0.02 2.6610093156262958e-05 -6.0 6.0 -0.5782865523145866 -1.0 1.2
1364 0.217423 53607.378811 53705.271356 53631.53347308558 0.0 0.02 3.872210906058098e-05 -6.0 6.0 5.201706376511611 -1.0 1.2
1371 0.117969 53607.296297 53705.18563 53633.291659444236 0.0 0.02 0.00037366169961186845 -6.0 6.0 0.7850695882446602 -1.0 1.2
1372 0.067849 53607.38897 53705.282396 53636.90602918666 0.0 0.02 3.9056640687690394e-05 -6.0 6.0 5.968803012662962 -1.0 1.2
1378 0.124747 53607.395462 53705.288758 53626.71932954301 0.0 0.02 2.4551567440738114e-05 -6.0 6.0 1.0904663226637763 -1.0 1.2
1385 0.335346 53607.349422 53705.241177 53625.05906291047 0.0 0.02 2.960561344678642e-05 -6.0 6.0 1.053841038966461 -1.0 1.2
1395 0.184968 53607.319024 53705.209591 53622.94833725461 0.0 0.02 8.620612457822517e-05 -6.0 6.0 -1.0136148565708707 -1.0 1.2
1396 0.271554 53607.319848 53705.210446 53619.0385232454 0.0 0.02 4.6123506035436866e-05 -6.0 6.0 3.9778092643900815 -1.0 1.2
1400 0.277262 53607.369843 53705.262475 53611.81183762191 0.0 0.02 3.065404042328303e-05 -6.0 6.0 2.041681990933721 -1.0 1.2
1403 0.359741 53607.324791 53705.215148 53627.17701336534 0.0 0.02 2.4436250540385772e-05 -6.0 6.0 -0.3946576491798733 -1.0 1.2
1415 0.210449 53607.342044 53705.233514 53631.91741155459 0.0 0.02 5.5938934811224555e-05 -6.0 6.0 0.8577336836073512 -1.0 1.2
1427 0.338832 53607.376356 53705.269294 53616.95949320292 0.0 0.02 2.6403014242347513e-05 -6.0 6.0 3.0188999989517797 -1.0 1.2
1450 0.399415 53607.426581 53705.321379 53647.4031615283 0.0 0.02 7.851663983490423e-06 -6.0 6.0 0.7867489307599503 -1.0 1.2
1452 0.324156 53607.428597 53705.323487 53639.695534337945 0.0 0.02 1.7503115246979303e-05 -6.0 6.0 5.589051979755483 -1.0 1.2
1456 0.198268 53607.437057 53705.332333 53631.89494683525 0.0 0.02 1.3386919542868269e-05 -6.0 6.0 4.977319546154009 -1.0 1.2
1457 0.359187 53607.43746 53705.333175 53613.414298244556 0.0 0.02 2.787429763445793e-05 -6.0 6.0 0.6865245716331401 -1.0 1.2
1461 0.33986 53601.378224 53705.285413 53629.15146860617 0.0 0.02 2.4907971580615488e-05 -6.0 6.0 0.33009473254507643 -1.0 1.2
1464 0.288787 53607.397479 53705.290925 53621.93964342695 0.0 0.02 3.076463090903799e-05 -6.0 6.0 -1.0483903494865554 -1.0 1.2
1469 0.086745 53607.401125 53705.295161 53631.897466020324 0.0 0.02 2.0074408801666673e-05 -6.0 6.0 5.645658702889659 -1.0 1.2
1470 0.08672 53601.389543 53705.297278 53636.0135824299 0.0 0.02 1.7464880741801567e-05 -6.0 6.0 5.924355842253537 -1.0 1.2
1478 0.200911 53607.414475 53705.308293 53620.37362816085 0.0 0.02 5.482105865958929e-05 -6.0 6.0 0.2800901120286549 -1.0 1.2
1495 0.204013 53607.425778 53705.32052 53623.13566714653 0.0 0.02 1.486407455919056e-05 -6.0 6.0 2.8314699683567084 -1.0 1.2
1504 0.316373 53601.420565 53705.32937 53627.53307514954 0.0 0.02 2.6101628905850476e-05 -6.0 6.0 -0.3266777488977804 -1.0 1.2
1511 0.185727 53607.440281 53705.335683 53614.06652110721 0.0 0.02 2.996691574355038e-05 -6.0 6.0 -1.4909305215944204 -1.0 1.2
1514 0.041224 53607.442695 53705.338627 53630.13041484401 0.0 0.02 0.00021490060146619645 -6.0 6.0 1.3034682677006424 -1.0 1.2
1525 0.106504 53607.453549 53705.349546 53632.01872126706 0.0 0.02 0.00013613946595370034 -6.0 6.0 2.8525516399009527 -1.0 1.2
1533 0.143081 53607.310371 53705.200134 53630.43063694225 0.0 0.02 1.2600931974195992e-05 -6.0 6.0 5.496457465350111 -1.0 1.2
1535 0.234585 53607.457565 53705.35374 53635.73786951085 0.0 0.02 4.69016040384993e-05 -6.0 6.0 5.953255179891164 -1.0 1.2
1545 0.097666 53607.364957 53705.257337 53623.56073018646 0.0 0.02 0.00012577292051696437 -6.0 6.0 -2.6797786011592137 -1.0 1.2
1546 0.036428 53607.476426 53705.373774 53632.58849219781 0.0 0.02 4.5225762612378427e-05 -6.0 6.0 5.945231380179659 -1.0 1.2
1555 0.022961 53607.46198 53705.358768 53630.287986225834 0.0 0.02 0.00012266260209250156 -6.0 6.0 3.62609916369053 -1.0 1.2
1576 0.475687 53607.443094 53705.338642 53626.92463772562 0.0 0.02 1.3210750357005482e-05 -6.0 6.0 1.631688964877664 -1.0 1.2
1577 0.548885 53607.443496 53705.339062 53680.635722666215 0.0 0.02 1.443925119180384e-05 -6.0 6.0 5.5324251171905905 -1.0 1.2
1580 0.183217 53607.448332 53705.344477 53634.06310099779 0.0 0.02 9.713623611559156e-05 -6.0 6.0 0.9289148330795767 -1.0 1.2
1583 0.316788 53607.455163 53705.351192 53623.79638364721 0.0 0.02 2.6429003604349113e-05 -6.0 6.0 0.36832719175922846 -1.0 1.2
1588 0.14989 53601.453079 53705.363341 53617.10665062082 0.0 0.02 4.894147234075764e-05 -6.0 6.0 0.8602055862291649 -1.0 1.2
1595 0.212269 53608.195561 53704.105118 53631.27398773506 0.0 0.02 8.73510377559207e-05 -6.0 6.0 -0.059759457727640165 -1.0 1.2
1601 0.327813 53608.209034 53704.118817 53619.132371685366 0.0 0.02 2.4893530442886196e-05 -6.0 6.0 0.13899454918669157 -1.0 1.2
1609 0.423845 53601.234871 53704.134235 53641.23440683439 0.0 0.02 2.747244592023353e-05 -6.0 6.0 5.889635241602779 -1.0 1.2
