analysis_pipeline/priors/sdss_salt2_2.0.ecsv
# %ECSV 0.9
# ---
# datatype:
# - name: obj_id
#   datatype: string
# - name: z
#   datatype: float64
# - name: z_min
#   datatype: float64
# - name: z_max
#   datatype: float64
# - name: t0
#   datatype: float64
# - name: t0_min
#   datatype: float64
# - name: t0_max
#   datatype: float64
# - name: x0
#   datatype: float64
# - name: x0_min
#   datatype: float64
# - name: x0_max
#   datatype: float64
# - name: x1
#   datatype: float64
# - name: x1_min
#   datatype: float64
# - name: x1_max
#   datatype: float64
# - name: c
#   datatype: float64
# - name: c_min
#   datatype: float64
# - name: c_max
#   datatype: float64
# - name: message
#   datatype: string
# schema: astropy-2.0
obj_id z z_min z_max t0 t0_min t0_max x0 x0_min x0_max x1 x1_min x1_max c c_min c_max message
[from data line 98]
1415 0.210449 0.01 0.8 53631.79706921803 53607.342044 53705.233514 5.5831475919296324e-05 0.0 0.02 0.8336615578234179 -6.0 6.0 0.19269265485350034 -1.0 1.2 Success
1427 0.338832 0.01 0.8 53617.84356326144 53607.376356 53705.269294 2.5551141256314266e-05 0.0 0.02 2.9513952345073324 -6.0 6.0 0.07803066973830958 -1.0 1.2 Success
1450 0.399415 0.01 0.8 53613.35260169455 53607.426581 53705.321379 1.1443080851186566e-05 0.0 0.02 -1.6982382734928356 -6.0 6.0 -0.879399714608972 -1.0 1.2 Success
1452 0.324156 0.01 0.8 53639.572877357394 53607.428597 53705.323487 1.6314454459224667e-05 0.0 0.02 5.71017239971366 -6.0 6.0 -0.2349831354042121 -1.0 1.2 Success
1456 0.198268 0.01 0.8 53631.702804866596 53607.437057 53705.332333 1.3455921837548594e-05 0.0 0.02 4.953952330408222 -6.0 6.0 0.6133878016469853 -1.0 1.2 Success
1457 0.359187 0.01 0.8 53614.07619554691 53607.43746 53705.333175 2.7448431150910566e-05 0.0 0.02 0.37472434794363685 -6.0 6.0 0.002181055704868362 -1.0 1.2 Success
1461 0.33986 0.01 0.8 53629.006890730416 53601.378224 53705.285413 2.492941534617455e-05 0.0 0.02 0.3139332416132565 -6.0 6.0 0.04530434623945712 -1.0 1.2 Success
1464 0.288787 0.01 0.8 53622.27375264202 53607.397479 53705.290925 3.2049303102649524e-05 0.0 0.02 -1.6814676191887201 -6.0 6.0 -0.09287823077659216 -1.0 1.2 Success
1469 0.086745 0.01 0.8 53632.08089665951 53607.401125 53705.295161 2.0469083656956643e-05 0.0 0.02 5.635084213353911 -6.0 6.0 0.4063436233684409 -1.0 1.2 Success
1470 0.08672 0.01 0.8 53636.67964476825 53601.389543 53705.297278 1.8531404583135273e-05 0.0 0.02 5.934393509236569 -6.0 6.0 0.892310072632465 -1.0 1.2 Success
1478 0.200911 0.01 0.8 53620.502447204264 53607.414475 53705.309122 5.4192559040417954e-05 0.0 0.02 0.35882639086091045 -6.0 6.0 0.052454981044825016 -1.0 1.2 Success
1495 0.204013 0.01 0.8 53624.85453639238 53607.425778 53705.32052 1.4278841594455676e-05 0.0 0.02 2.6389775930295754 -6.0 6.0 0.6710254939118347 -1.0 1.2 Success
1504 0.316373 0.01 0.8 53627.6543494404 53601.420565 53705.32937 2.682462475666308e-05 0.0 0.02 -0.6831398950900314 -6.0 6.0 -0.05741719735290987 -1.0 1.2 Success
1511 0.185727 0.01 0.8 53613.69314827601 53607.440281 53705.335683 3.1181197299681453e-05 0.0 0.02 -1.4660230703873909 -6.0 6.0 0.41722798426693886 -1.0 1.2 Success
1514 0.041224 0.01 0.8 53630.034673759634 53607.442695 53705.338627 0.00021919561414432813 0.0 0.02 1.2029635902112406 -6.0 6.0 0.5951290110773674 -1.0 1.2 Success
1525 0.106504 0.01 0.8 53632.008023656395 53607.453549 53705.349546 0.00013262436839423314 0.0 0.02 2.8319455318604 -6.0 6.0 0.19996260963935844 -1.0 1.2 Success
1533 0.143081 0.01 0.8 53631.270182091255 53607.310371 53705.200134 1.2243133081999222e-05 0.0 0.02 5.489217786864883 -6.0 6.0 0.9521649286273128 -1.0 1.2 Success
1535 0.234585 0.01 0.8 53635.72411610918 53607.457565 53705.35374 4.689542500621128e-05 0.0 0.02 5.9516294286769424 -6.0 6.0 0.3639792634859046 -1.0 1.2 Success
1545 0.097666 0.01 0.8 53623.81370083116 53607.364957 53705.257337 0.00012397153918362872 0.0 0.02 -2.590616262630619 -6.0 6.0 -0.042765521713413475 -1.0 1.2 Success
1546 0.036428 0.01 0.8 53632.585978683746 53607.476426 53705.373774 4.662467643482967e-05 0.0 0.02 5.939729085136144 -6.0 6.0 1.0032002283993253 -1.0 1.2 Success
1555 0.022961 0.01 0.8 53630.28500151859 53607.46198 53705.358768 0.00012998115296483878 0.0 0.02 3.2450904017779605 -6.0 6.0 0.3274061351459195 -1.0 1.2 Success
1576 0.475687 0.01 0.8 53621.865820961466 53607.443094 53705.338642 1.329916914382702e-05 0.0 0.02 2.8972829375015263 -6.0 6.0 -0.18714102203382307 -1.0 1.2 Success
1577 0.548885 0.01 0.8 53681.25919911468 53607.443496 53705.339062 1.5291428627581124e-05 0.0 0.02 5.50303971144882 -6.0 6.0 -0.27186666622289585 -1.0 1.2 Success
1580 0.183217 0.01 0.8 53634.031064489456 53607.448332 53705.344477 9.752518524957035e-05 0.0 0.02 0.8582860496453975 -6.0 6.0 0.04517423878862964 -1.0 1.2 Success
1583 0.316788 0.01 0.8 53622.53351914727 53607.455163 53705.351192 2.6236032130435744e-05 0.0 0.02 0.9798269177642026 -6.0 6.0 -0.0733670322521086 -1.0 1.2 Success
1588 0.14989 0.01 0.8 53616.28439107796 53601.453079 53705.363341 5.074692104323312e-05 0.0 0.02 0.814039555198788 -6.0 6.0 0.43996817151778644 -1.0 1.2 Success
1595 0.212269 0.01 0.8 53631.25363104262 53608.195561 53704.105118 8.810569519735694e-05 0.0 0.02 -0.13642349729937145 -6.0 6.0 -0.02873846244456101 -1.0 1.2 Success
1601 0.327813 0.01 0.8 53613.580880981244 53608.209034 53704.118817 2.4822862357357548e-05 0.0 0.02 2.8286912554031494 -6.0 6.0 -0.11770196876024258 -1.0 1.2 Success
1609 0.423845 0.01 0.8 53640.756306458956 53601.234042 53704.134235 2.7084540233589384e-05 0.0 0.02 5.866076756631491 -6.0 6.0 0.0629805651392376 -1.0 1.2 Success
1627 0.337473 0.01 0.8 53619.09933818989 53608.193024 53704.102582 1.587248900820248e-05 0.0 0.02 5.090284193673785 -6.0 6.0 -0.3775144723329112 -1.0 1.2 Success
1631 0.142885 0.01 0.8 53637.031304117896 53608.197666 53704.107275 1.886844637543876e-05 0.0 0.02 5.84587387126271 -6.0 6.0 0.6268657164472369 -1.0 1.2 Success
1632 0.056351 0.01 0.8 53635.53059484146 53608.198509 53704.108559 5.70627088422882e-05 0.0 0.02 5.485045788527775 -6.0 6.0 0.6306607157284045 -1.0 1.2 Success
1650 0.302746 0.01 0.8 53621.8340922743 53601.294152 53704.19638 2.0358014869673866e-05 0.0 0.02 -1.2367802202734077 -6.0 6.0 0.19497219544100663 -1.0 1.2 Success
1658 0.275748 0.01 0.8 53638.21573590999 53601.305257 53704.207928 3.569597526004401e-05 0.0 0.02 0.5486505487737368 -6.0 6.0 -0.02734039979939903 -1.0 1.2 Success
1662 0.205317 0.01 0.8 53632.59735005947 53601.311825 53699.252845 1.873698730818727e-05 0.0 0.02 4.576501159529164 -6.0 6.0 0.19488131848987555 -1.0 1.2 Success
1668 0.21401 0.01 0.8 53634.21548179199 53601.329838 53704.23398 2.704746082438952e-06 0.0 0.02 -2.1894150021672205 -6.0 6.0 0.9068288011803561 -1.0 1.2 Success
1686 0.135049 0.01 0.8 53624.75066199336 53601.318396 53705.222382 1.5826731058886544e-05 0.0 0.02 3.6502254323219168 -6.0 6.0 0.6424029833422701 -1.0 1.2 Success
1688 0.357669 0.01 0.8 53629.84716364276 53608.194711 53704.104722 2.0163977051473883e-05 0.0 0.02 1.6559424455474971 -6.0 6.0 0.032185146830233505 -1.0 1.2 Success
1709 0.143989 0.01 0.8 53640.11317760452 53601.316766 53704.220259 3.2762645474443917e-06 0.0 0.02 -1.0352016670386617 -6.0 6.0 -0.06322851359327103 -1.0 1.2 Success
1740 0.166272 0.01 0.8 53632.56764103638 53601.326998 53704.230505 0.00011727900437404326 0.0 0.02 -1.1830136811621934 -6.0 6.0 -0.041417829514370307 -1.0 1.2 Success
1741 0.203484 0.01 0.8 53625.49492240253 53601.27849 53704.18007 2.1493249754996035e-05 0.0 0.02 1.4820774044986396 -6.0 6.0 0.4692602055909087 -1.0 1.2 Success
1742 0.110276 0.01 0.8 53631.15974206791 53601.27973 53704.181354 1.3817305703166938e-05 0.0 0.02 5.873365865861341 -6.0 6.0 1.0315416369606083 -1.0 1.2 Success
1748 0.337892 0.01 0.8 53631.19244632479 53601.293344 53704.195478 1.7431193324226795e-05 0.0 0.02 1.6116385492801515 -6.0 6.0 0.12408326312582996 -1.0 1.2 Success
1749 0.074924 0.01 0.8 53626.67396572555 53601.294992 53704.19719 2.870244999871447e-05 0.0 0.02 2.6391611869739093 -6.0 6.0 1.1777842249045625 -1.0 1.2 Success
1750 0.258435 0.01 0.8 53628.22223764673 53601.296638 53704.198901 2.2593157769585257e-05 0.0 0.02 1.1161758109610698 -6.0 6.0 0.24064877002705265 -1.0 1.2 Success
1770 0.104044 0.01 0.8 53643.28295293053 53601.326993 53704.230521 1.1842937289130784e-06 0.0 0.02 -1.0589477815388577 -6.0 6.0 -0.2425689925898387 -1.0 1.2 Success
1773 0.118987 0.01 0.8 53637.2018062948 53608.18797 53704.097402 9.892791933693012e-06 0.0 0.02 4.4344234141296335 -6.0 6.0 1.1459399983479088 -1.0 1.2 Success
1775 0.302486 0.01 0.8 53633.69551626681 53608.188392 53704.09783 2.9182770398636045e-05 0.0 0.02 0.12079716070251413 -6.0 6.0 -0.14984521314199192 -1.0 1.2 Success
1776 0.50551 0.01 0.8 53634.734301358745 53601.245289 53704.145833 1.5569001541523927e-05 0.0 0.02 5.562963364502678 -6.0 6.0 0.3328245936378975 -1.0 1.2 Success
1794 0.1407 0.01 0.8 53624.399961597475 53608.185011 53704.094423 0.00012925450397448303 0.0 0.02 1.3584209888652707 -6.0 6.0 0.07145282929097173 -1.0 1.2 Success
1821 0.09504 0.01 0.8 53632.96781392284 53608.163841 53704.073086 2.0967819828491052e-05 0.0 0.02 5.0893440218880395 -6.0 6.0 0.9883823503179775 -1.0 1.2 Success
1825 0.155096 0.01 0.8 53622.2083593847 53608.182046 53704.09146 1.7226883484440585e-05 0.0 0.02 2.3919843608623252 -6.0 6.0 0.5889734874399761 -1.0 1.2 Success
1826 0.434105 0.01 0.8 53611.375504545795 53608.182891 53704.092743 3.752592192227476e-05 0.0 0.02 -2.2328194007578177 -6.0 6.0 -0.6373925154151767 -1.0 1.2 Success
1832 0.448729 0.01 0.8 53641.79638278431 53608.189649 53705.099985 2.749479171001581e-05 0.0 0.02 5.9443563872203375 -6.0 6.0 -0.03456555130833587 -1.0 1.2 Success
1835 0.270324 0.01 0.8 53623.10827016275 53608.170193 53704.079952 4.6810424453724264e-05 0.0 0.02 -0.8214289342609662 -6.0 6.0 -0.07230272893751248 -1.0 1.2 Success
1902 0.215307 0.01 0.8 53620.565345466595 53607.245053 53705.132898 4.6704699212557705e-05 0.0 0.02 0.6506716952946667 -6.0 6.0 0.16685689203595713 -1.0 1.2 Success
1903 0.088843 0.01 0.8 53639.6261828583 53601.245305 53705.147034 5.4520736471193004e-05 0.0 0.02 5.394836384337004 -6.0 6.0 0.43608663726724756 -1.0 1.2 Success
1906 0.199072 0.01 0.8 53613.53116909732 53607.184745 53705.072227 5.084130297606819e-05 0.0 0.02 -0.4993892465081884 -6.0 6.0 0.1586843987116623 -1.0 1.2 Success
1924 0.405 0.01 0.8 53656.1565445 53607.212661 53705.100428 0.01 0.0 0.02 0.0 -6.0 6.0 0.09999999999999998 -1.0 1.2 "Fail bandpass 'sdss_sako18_g6' [3767, .., 5573.8] outside spectral range [4384.42, .., 20168.3] - de"
1941 0.229542 0.01 0.8 53624.07526714006 53607.225723 53705.113694 2.0420767907246028e-05 0.0 0.02 2.259785713246297 -6.0 6.0 0.48567516557961304 -1.0 1.2 Success
1958 0.368223 0.01 0.8 53620.86542324251 53607.234969 53705.123113 1.8440730688622482e-05 0.0 0.02 0.39489277988136406 -6.0 6.0 0.16727141180605756 -1.0 1.2 Success
1978 0.296478 0.01 0.8 53625.784669228975 53607.253831 53705.142384 2.1916849786628667e-05 0.0 0.02 3.064510295003945 -6.0 6.0 0.3196851719813776 -1.0 1.2 Success
1979 0.285356 0.01 0.8 53625.93817554456 53607.254249 53705.142812 2.71717663950285e-05 0.0 0.02 0.68418504710817 -6.0 6.0 0.016958495138343205 -1.0 1.2 Success
1981 0.055563 0.01 0.8 53635.346389524006 53607.255922 53705.144098 1.7460825735377724e-05 0.0 0.02 5.49049237168411 -6.0 6.0 0.9517611493781839 -1.0 1.2 Success
1985 0.199844 0.01 0.8 53625.539421736124 53607.258012 53705.14624 1.4064277059714153e-05 0.0 0.02 2.800707845269717 -6.0 6.0 0.4522538687178943 -1.0 1.2 Success
1991 0.313884 0.01 0.8 53627.58326415384 53607.268864 53705.157806 3.222988781746823e-05 0.0 0.02 0.15205502372024848 -6.0 6.0 0.077780863881976 -1.0 1.2 Success
2000 0.022141 0.01 0.8 53630.89755254229 53607.196609 53705.084168 0.0003794951094723206 0.0 0.02 0.5557087556524574 -6.0 6.0 0.8661951827065919 -1.0 1.2 Success
2002 0.050476 0.01 0.8 53636.555106630025 53607.20253 53705.090151 1.0233603031755883e-05 0.0 0.02 5.80174291056489 -6.0 6.0 0.9776015656784446 -1.0 1.2 Success
2017 0.261621 0.01 0.8 53636.13879830436 53607.239171 53705.127377 4.462010537187445e-05 0.0 0.02 1.6114437976010267 -6.0 6.0 -0.06831851677835832 -1.0 1.2 Success
2030 0.232382 0.01 0.8 53612.4093737523 53607.19112 53705.078126 6.849574350629779e-05 0.0 0.02 1.408637067618325 -6.0 6.0 0.027949892172667905 -1.0 1.2 Success
2031 0.151859 0.01 0.8 53636.91042384282 53607.191543 53705.07898 0.00019051327313102464 0.0 0.02 0.5656507299287961 -6.0 6.0 -0.06519543817962548 -1.0 1.2 Success
2041 0.208513 0.01 0.8 53622.085257337065 53607.214366 53705.102061 4.212029526304613e-05 0.0 0.02 -0.40616378973616885 -6.0 6.0 0.09527376931518103 -1.0 1.2 Success
2053 0.232293 0.01 0.8 53629.55607041453 53607.210985 53705.098243 2.1738741497932734e-05 0.0 0.02 -2.4383139289860316 -6.0 6.0 0.4985404754331972 -1.0 1.2 Success
2056 0.188194 0.01 0.8 53634.51718321351 53607.21436 53705.101665 6.31546773123245e-06 0.0 0.02 4.8442533891226605 -6.0 6.0 0.7361252475157938 -1.0 1.2 Success
2057 0.210271 0.01 0.8 53635.405199435925 53607.215204 53705.102949 5.6791574489742594e-05 0.0 0.02 0.5751022085682354 -6.0 6.0 0.1398682587813955 -1.0 1.2 Success
2063 0.191544 0.01 0.8 53651.77310779117 53607.241702 53705.129884 9.746728605097003e-05 0.0 0.02 5.976228908735936 -6.0 6.0 0.13650028060953598 -1.0 1.2 Success
2064 0.455074 0.01 0.8 53620.220997287244 53607.222789 53705.110223 1.8198269628460862e-05 0.0 0.02 1.6574360846244267 -6.0 6.0 -0.08378624258020417 -1.0 1.2 Success
2078 0.322184 0.01 0.8 53625.06721786695 53607.260953 53705.149589 2.7161851534118744e-05 0.0 0.02 1.0057605404928953 -6.0 6.0 -0.0806541311883144 -1.0 1.2 Success
2079 0.305008 0.01 0.8 53632.935368128936 53607.261371 53705.149589 2.5378539559773566e-05 0.0 0.02 1.6227326925146919 -6.0 6.0 0.13885738501516393 -1.0 1.2 Success
2080 0.102187 0.01 0.8 53634.28170555951 53607.262623 53705.150874 2.984366681720204e-05 0.0 0.02 4.794070365550132 -6.0 6.0 0.40089317776909983 -1.0 1.2 Success
2081 0.250159 0.01 0.8 53627.871305152876 53607.262623 53705.151302 4.0235502126393027e-05 0.0 0.02 -0.3266474689794052 -6.0 6.0 -0.07758235146650147 -1.0 1.2 Success
2092 0.142017 0.01 0.8 53632.72295304432 53607.260113 53705.148763 9.182783615415648e-06 0.0 0.02 1.5639560041895362 -6.0 6.0 0.978515541836702 -1.0 1.2 Success
2102 0.094009 0.01 0.8 53620.37993437093 53607.191956 53705.079454 0.0004719553912678139 0.0 0.02 1.2046922715450927 -6.0 6.0 -0.05480691710435323 -1.0 1.2 Success
2108 0.118269 0.01 0.8 53620.68333016152 53607.206759 53705.093982 3.971053176325515e-05 0.0 0.02 1.1451880466050801 -6.0 6.0 0.7155260541868013 -1.0 1.2 Success
2109 0.030697 0.01 0.8 53629.67801453287 53607.207603 53705.095265 0.00016194870246233166 0.0 0.02 4.171373354858302 -6.0 6.0 0.20301567661024825 -1.0 1.2 Success
2116 0.306324 0.01 0.8 53630.93093516035 53607.227832 53705.115801 2.6315560420182847e-05 0.0 0.02 0.8599009974390827 -6.0 6.0 0.25254389766209373 -1.0 1.2 Success
2118 0.304619 0.01 0.8 53638.262710599956 53607.232036 53705.119654 2.2362601325222716e-05 0.0 0.02 5.766408014706376 -6.0 6.0 -0.021708281702424927 -1.0 1.2 Success
2149 0.294257 0.01 0.8 53624.41496037153 53601.359588 53704.264598 3.065762709039105e-05 0.0 0.02 0.45021062858123506 -6.0 6.0 -0.0846693514488731 -1.0 1.2 Success
2162 0.171423 0.01 0.8 53630.036250480836 53601.354302 53704.259086 0.00010925150143052438 0.0 0.02 -1.4245946186380316 -6.0 6.0 -0.06933429863000556 -1.0 1.2 Success
2165 0.286619 0.01 0.8 53634.379362729676 53601.358772 53704.263764 3.662787018329238e-05 0.0 0.02 0.815525567957154 -6.0 6.0 -0.0963244544719918 -1.0 1.2 Success
2181 0.377208 0.01 0.8 53629.53110722652 53601.366888 53705.273528 2.2965059200665587e-05 0.0 0.02 -2.4491188038307925 -6.0 6.0 -0.1589249549948723 -1.0 1.2 Success
2183 0.088587 0.01 0.8 53639.946155162164 53601.367699 53704.273536 1.342639745630111e-05 0.0 0.02 5.841594014530273 -6.0 6.0 1.0273063480932856 -1.0 1.2 Success
2184 0.025254 0.01 0.8 53647.50573042633 53601.372157 53705.279049 5.452318732223373e-08 0.0 0.02 -0.7565023599737827 -6.0 6.0 -0.24927729282535094 -1.0 1.2 Success
2190 0.072877 0.01 0.8 53626.846197763225 53601.398831 53704.306151 4.327140294327543e-05 0.0 0.02 5.449291768287125 -6.0 6.0 0.3647966125636578 -1.0 1.2 Success
2230 0.112116 0.01 0.8 53643.723300383084 53601.354717 53704.259905 1.6342127537619626e-05 0.0 0.02 3.8708844668282163 -6.0 6.0 1.1974224642617821 -1.0 1.2 Success
2234 0.080525 0.01 0.8 53620.02304136915 53601.36284 53704.267982 9.880269804818029e-06 0.0 0.02 -1.589600316810929 -6.0 6.0 1.0442748607699204 -1.0 1.2 Success
