results/no_ext/sdss_sako18_simple_fit_class.ecsv
# %ECSV 0.9
# ---
# datatype:
# - {name: obj_id, datatype: string}
# - {name: x, datatype: float64}
# - {name: y, datatype: float64}
# schema: astropy-2.0
obj_id x y
[from data line 692]
16398 -1.573666666666666 -1.475625
16402 -2.482 -3.0764242424242423
16405 -0.8486507936507934 -0.44452380952380965
16408 -0.18957393483709262 -0.6412272727272728
16410 -1.3503888888888889 -0.2576666666666667
16414 -0.6037142857142856 -0.3427142857142855
16417 -1.2397500000000001 -0.5193749999999999
16421 -0.1443915343915343 -1.0854761904761903
16431 -0.2681017939090531 0.10506410256410259
16432 -0.3423397435897435 -0.09673076923076906
16433 -0.9134883720930236 0.0427272727272725
16434 -0.19567441860465118 -0.18554761904761863
16436 -0.9438131313131314 -0.36996212121212135
16439 -0.18690125477359543 -0.3125833333333333
1644 -0.08785266457680263 -0.1817894736842106
16441 -0.7606666666666666 -0.30037500000000006
16442 -0.26021164021164034 -0.7492857142857143
16451 -1.603452380952381 0.09380952380952379
16452 -0.22346153846153827 -2.1173626373626364
16454 -0.5300529100529101 -0.41920634920634925
16455 -1.3817478260869565 -0.2798717948717949
16458 -0.31799999999999984 -0.19034055727554144
16460 -1.015673913043478 -1.5703571428571428
16462 -0.4008095952023989 -1.379875
16467 -1.1853530950305133 -0.9653846153846148
16468 -0.2959259259259259 -0.38097222222222227
16472 -0.6318037135278516 -0.9870000000000001
16473 -1.3142710997442453 -0.6441666666666667
16477 -0.2298863636363636 -0.0387121212121212
16478 -0.394831038798498 -0.026730769230769225
16481 -1.1295348837209302 -0.11699999999999999
16482 -0.629346153846154 -0.8391269841269844
16484 -0.7691608391608398 0.264055944055944
1650 -0.11810457516339867 -0.023627450980391984
16541 -2.948333333333333 -4.4383333333333335
16546 -0.6246996996996996 -0.06777777777777783
16547 -0.013488721804510995 -0.1558333333333335
16551 -0.09687878787878779 -0.06818181818181834
16565 -0.4713095238095242 -0.07261904761904758
16567 -0.8960119047619051 -0.24690476190476196
16572 -0.578888888888889 -0.4235
16578 -2.107482517482518 -1.6445238095238093
1658 -0.7594771241830063 -0.3341830065359478
16582 -1.6131159420289858 -0.060833333333333406
16586 -0.5581944444444447 -0.4195757575757577
16590 -0.6326666666666667 0.1140000000000001
16606 -0.12862962962962976 -0.42138888888888903
16618 -0.6375961538461539 -1.641
16619 -1.0839999999999996 -2.0806666666666667
16626 -0.2836111111111109 -0.2839583333333331
16631 -0.7607070707070711 -1.207777777777778
16637 -0.6444444444444444 -0.9020000000000001
16640 -0.27877061469265374 -0.13
16641 -2.9535000000000005 -3.134444444444444
16652 -1.3452380952380953 -1.5798571428571428
16655 -0.19620071684587814 -0.29035714285714276
16692 0.8610000000000002 -4.0760000000000005
16708 2.8267441860465112 0.9974675324675322
16711 -0.227824074074074 -0.1307638888888889
16715 -0.8621052631578947 -0.22150000000000003
16721 -0.3611805555555556 0.3252777777777778
16724 -0.26849999999999996 -0.35535714285714315
16734 -0.8613076923076921 -1.011825396825397
16737 -0.5735064935064935 -1.5525
16739 -0.7754333333333332 -0.7512249999999999
16748 -0.555 -0.8310000000000002
16758 -0.3114285714285716 -0.4475714285714285
16759 -0.6622142857142859 -0.4771428571428571
16768 0.20627272727272716 0.13109090909090892
16774 -1.7533333333333334 -0.6166666666666667
16776 -0.22299999999999986 -0.75375
16779 -0.31753472222222223 -0.32777777777777783
16793 -0.07858823529411751 -0.10452380952380957
16831 -0.24531249999999982 -0.11575000000000002
16836 -0.27966666666666673 -0.4999999999999998
16841 -0.012962962962962843 -0.504920634920635
16847 -0.40512987012987034 -0.16249999999999998
16849 -1.208132992327366 -0.5764583333333333
1686 -0.5029144385026738 -0.24684046345811073
16872 -0.5731168831168827 -0.14967914438502672
16879 -0.5221684210526315 0.1680090497737557
1688 -0.22498050682261228 -0.08782163742690052
16889 -1.1125961538461544 -1.0358585858585858
16899 -0.30361111111111116 -1.2416666666666665
16938 -0.5384523809523813 -0.09333333333333338
16941 -0.1707777777777777 -0.6183333333333338
16945 -2.601428571428571 -0.38842857142857146
16946 -0.19313492063492077 -0.5073015873015869
16950 -0.38409090909090926 -0.5103749999999999
16956 -1.0990000000000002 1.1219999999999999
16958 -0.1844444444444444 -0.03013888888888888
16973 0.018333333333333313 -0.05010101010100998
16975 -0.44633333333333325 -0.886833333333334
16976 -1.3828292682926833 -1.2816666666666663
16977 -0.26535256410256414 -0.21634615384615374
16988 -1.4828333333333337 -0.2861111111111114
17031 -0.19599999999999995 -0.1811111111111111
17048 0.1690000000000001 -0.7415714285714285
17049 -0.2866111111111109 -0.6626666666666661
17068 -0.06735294117647062 0.12470588235294144
17099 -1.8591666666666669 -0.8019444444444443
17106 -0.8942857142857144 -11.320000000000002
17115 -0.5731818181818182 -0.2034027777777776
17117 -0.09277777777777763 -0.9575
17168 -1.1820146520146517 -1.2387637362637363
17169 -0.7357326007326007 -0.8107967032967035
17170 -0.27652014652014656 -0.2935714285714286
17171 -1.2879206349206351 -1.446190476190476
17174 -3.2180714285714274 -2.4260476190476186
17176 0.1018809523809523 0.5875079365079365
17186 -7.823014048531292 -23.8799128540305
17191 -0.21419444444444458 -0.011812500000000226
17205 -0.5557210242587602 -1.1039766081871345
17206 -0.17940343781597567 -0.9233124999999998
17208 -1.7669298245614034 -1.452923976608187
17215 -0.9450158730158733 -1.168357142857143
17218 -0.9454575163398693 -0.5412581699346406
17219 -0.2690073529411765 -0.6995220588235294
17220 -3.596754716981132 -7.205522875816994
17223 -0.6943079922027289 -0.8251461988304094
17240 -15.901282051282054 -5.402127819548872
17253 -0.5732478632478633 -0.44141025641025644
17254 -2.1046212121212124 -1.951057692307692
17258 -4.0562499999999995 -7.427843137254902
17263 -24.46836538461539 0.28554887218045266
17272 -0.7044034536891681 -0.9667973856209151
17274 -0.801955128205128 -1.5788695652173912
17280 -1.6988997338065661 -0.10486803519061572
17287 -0.2846568627450985 -40.476034858387806
17312 -0.2319852941176468 -0.15830882352941167
17322 -0.08557598039215675 -0.08286764705882343
17324 -6.2683333333333335 -0.11392857142857138
17332 -1.7207106382978719 -1.2684375
17337 -0.2575768025078373 -0.27732894736842106
17340 -0.5972851063829786 -0.4101470588235294
17341 -0.08210416666666642 -0.13799019607843144
17351 -0.932385620915033 -0.9341176470588236
17366 -3.955682261208577 -4.888099415204678
17372 -0.20879901960784308 -0.05834558823529423
17374 -0.5110526315789473 -0.5570321637426902
17389 -0.624357142857143 -1.7218571428571434
17391 -0.18863970588235313 -1.2724264705882353
17393 -0.27691721132897595 -0.32066993464052296
17395 -0.24095588235294096 -0.2664338235294117
1740 -1.2653411306042894 -2.469649122807017
17408 -0.18406432748538015 -0.06846491228070184
17421 -0.047499999999999876 -0.11410416666666667
17423 -0.45137189469781225 -0.4488264738598444
17433 -0.4911887254901961 -0.32229779411764714
17435 -2.0873810825587755 -0.5915476190476191
17455 -0.3379084967320263 -0.5333169934640523
17460 -0.36580425531914906 -0.28150735294117646
17464 -0.26938034188034166 -0.6433012820512818
17473 -0.13699633699633695 -0.2273351648351648
1748 -0.08337601078167123 -0.23533625730994157
17497 -3.6789770867430445 -3.6139299242424237
1750 -0.4483660130718955 -0.3517156862745098
17500 -8.915000000000006 -6.7767222222222205
17508 -0.09746588693957103 -0.2398391812865498
17527 -0.13272331154684114 -0.03163398692810471
17528 -0.09290476190476227 -0.05259523809523814
17542 -0.0010457516339867912 -0.11016339869281044
17548 -48.159619047619046 -84.544
17551 -0.023375000000000146 -0.6148125
17552 -0.9961190476190478 -0.133309523809524
17568 -0.5571539961013646 -0.5681725146198828
17576 -0.1327777777777781 -0.14921428571428585
17577 -0.17492281568385293 -0.3140250000000001
17586 -0.016380952380952385 -0.33333333333333337
17605 -2.701736909323116 -3.8049042145593868
1762 -0.1350219298245614 -0.27815789473684194
17629 -6.565772058823529 -2.500114379084968
17641 -0.820641160395207 -0.17231617647058817
17647 -1.689640692640693 -0.2972222222222223
17667 -0.16906318082788674 -0.42236928104575155
17682 0.014670329670329885 -0.34969780219780233
17692 0.04329670329670343 -0.13249999999999995
17695 0.047064364207221376 0.3669771241830062
17733 -0.03827705627705624 0.06683823529411759
17740 -0.18762254901960795 -0.42656862745098056
17745 -78.17169871794871 -146.0701495726496
17748 -1.191239316239316 -0.7586086956521739
1775 -0.3593372319688112 -0.05925438596491239
17773 -0.27400000000000013 -0.11320261437908508
17776 -1.1334576138147565 -0.7384803921568629
1778 -0.17129620253164557 -0.2245789473684212
17784 -54.61101102941176 -107.31160539215685
17789 -35.45842660697153 -7.973912087912087
17790 -0.8423290598290598 -0.5922435897435898
17791 -0.5318014705882352 -0.07029411764705884
17800 -0.03998910675381229 0.09982026143790823
17801 -0.24170565302144253 -0.1951900584795323
17803 -0.05112132352941168 -0.025992647058823537
17809 -1.6602063953488375 -0.8201915708812262
17811 -2.8710646900269543 -1.5999853801169588
17816 -0.14762875762034888 -0.14660130718954267
1782 -0.20233958837772392 -0.1848552631578948
17820 -0.08314035087719285 -0.25119736842105245
17825 -3.000009746588694 -0.3837236842105263
17829 -0.050818045112782095 -0.16474264705882358
1783 -0.2228051981307213 0.022357142857142964
17835 -0.22433976833976832 -0.04456140350877191
17849 -0.5173004201680671 -0.10652243589743593
17851 -0.6164690026954194 -0.19012355212355225
17875 -1.21469592476489 -0.6188180112570356
17880 -0.5207786429365966 -9.146069444444443
17882 -0.11064912280701766 -0.1337631578947368
17884 -2.47515995872033 -1.3032043343653252
17886 0.6644523809523806 7.052571428571427
17897 -0.03378494623655903 -0.047387096774193616
17899 -0.8758578431372549 -0.3421691176470588
17902 -0.11887803234501348 -0.21788011695906473
17906 -0.9694594594594599 -1.0543703703703708
17907 -0.5967137355584085 -0.5378571428571428
17925 -0.33409722222222227 -0.35514583333333327
17927 -0.03543572984749466 -0.12949346405228757
17928 -0.28262527233115475 -0.43622549019607826
17934 -0.4406816901408448 -0.24347953216374263
1794 -2.670896686159844 -2.1880409356725146
17945 -0.13779312668463606 -0.15340643274853805
17949 -0.07275269541778984 -0.05999999999999994
17952 -0.6006603773584908 -0.17361111111111138
17955 -0.1665476190476194 -0.43238095238095253
17957 -0.09505791505791505 -0.06546783625731001
17958 -1.1398830188679245 -0.23535947712418315
17965 -0.460968253968254 -0.5048571428571427
17967 -0.41666666666666663 -0.046095238095238134
17976 -0.12089743589743596 -0.14679487179487183
18010 -0.1291423001949319 -0.21998538011695912
18011 -0.24416666666666653 -0.19041666666666668
18030 -3.966282051282051 -0.6014102564102565
18033 -0.08467741935483863 -0.017916666666666692
18034 -0.30842318059299156 -0.057134502923976704
18037 -0.12273692810457526 -0.012026143790849653
18038 -0.319736842105263 -0.06453216374269
18041 -0.1332692307692307 -0.19109890109890115
18047 -0.34255471698113216 -0.058625730994152025
18049 -1.46542735042735 -0.3836217948717948
18054 -0.36946605003153254 -0.057156862745098014
18067 -0.48164050235478795 -0.5650043290043293
18076 -0.27299718309859133 -0.16491228070175423
18082 -0.14484128652512096 -0.02287581699346397
18083 -0.06938997821350767 -0.03728758169934632
18091 -0.20667483660130737 -0.4317320261437908
18100 -0.18795751633986924 -0.11633040935672523
18129 -0.569536363636364 0.1869803921568629
18130 -0.22218181818181815 -0.08101307189542484
18139 -0.1183823529411765 -0.10400584795321621
18146 -0.1140657276995306 -0.06027777777777776
18170 0.5936857825567503 0.0030357142857144748
18175 -0.15589671361502377 -0.11509803921568618
18179 -0.020333333333333425 -0.03650326797385639
18182 -0.05850956485179748 -0.059779411764705914
18188 -0.10223249947445878 -0.15137254901960784
18189 -0.042751177394034556 -0.18522875816993456
18201 -0.13738723404255304 -0.5178125
18218 3.6883333333333335 0.13616666666666655
18221 -0.08744444444444444 -0.7704047619047614
18224 -0.09094017094017093 -0.14576923076923065
1823 -3.1432830188679244 -2.383921568627451
18241 -14.867622377622377 -20.66713286713287
18242 -0.00890476190476197 -0.162047619047619
18243 -0.27187301587301604 -0.16342857142857126
1825 -0.13486037735849044 -0.5358496732026145
18253 -0.2767034313725487 -0.07194852941176477
18254 -0.04148452611218545 -0.1809166666666664
18273 0.019389355742296832 -0.2586806722689078
18276 -0.11787878787878792 -0.34185661764705877
18283 -0.17648611111111112 -0.14225806451612888
18286 -0.06214460784313691 -0.1340086580086579
18288 -0.11311458333333346 -0.11712499999999992
18298 -0.09638095238095246 -0.2605446623093679
18301 -0.20919444444444446 -0.27893749999999995
18304 -0.7039705882352938 -0.5776470588235296
18307 -0.26725443890492473 -0.08071428571428574
18312 -0.4690910798122063 -0.27552631578947384
18323 -2.612730158730159 -2.81952380952381
18324 -0.3503021276595746 -0.1064705882352941
18325 -2.614051948051948 -1.8276666666666663
18333 -0.3118069983597591 -0.14141666666666675
18339 -0.6209615384615388 -0.1641666666666668
18344 -0.20753946861763595 -0.10237179487179504
1835 -0.3589210526315789 -0.44288157894736824
18351 -0.052625000000000366 -0.2964583333333335
18358 -0.058223443223443305 -0.1047802197802199
18362 -0.32620000000000005 -0.17176470588235282
18363 -0.11268194070080861 -0.23989766081871333
18374 -0.1861764705882355 -0.32667279411764705
18375 -7.063696551724139 -9.852837606837607
18380 -0.14750783699059555 -0.25948684210526296
18389 -0.32651097178683375 -0.2607276507276508
18405 -0.5440196078431372 -0.15274509803921565
18415 -3.488482905982906 -4.593301282051281
18430 -0.12962629107981205 -0.06719298245614036
18446 -0.09628267973856208 -0.08343137254901967
18450 -0.11173611111111104 -0.07541666666666669
18451 -0.28247286821705453 -0.1066666666666668
18454 -0.26412990196078423 -0.34224264705882335
18456 -1.1367073170731707 -0.6499166666666665
18463 -1.3282912032355916 -0.5628541666666668
18466 -0.8108172043010753 -1.2801827956989245
18468 0.1760150943396226 0.14319480519480532
18473 -0.10894230769230762 -0.1132692307692309
18475 -0.44934065934065925 -0.5282142857142855
18479 -0.9246581196581197 -0.7802564102564105
18485 -0.8673174603174606 -1.0687380952380954
18486 -3.188431263858094 -1.1182886334610473
18582 -0.3406424418604652 -0.7804170804369412
18589 -0.7503263403263404 -0.08174825174825173
18602 -17.82606060606061 -3.7678636363636366
18604 -0.07267080745341614 -0.2976397515527951
18612 -5.956538461538461 -6.097202797202797
18617 -0.2913095238095238 0.03321428571428575
18626 -0.35615384615384627 -0.32467948717948714
18630 -0.31320707070707066 -0.3233712121212122
18644 -0.8927972027972026 -0.9412587412587414
18647 -0.6284126984126984 -1.5743452380952387
18650 -20.18223484848485 -13.39060606060606
18666 -0.3926666666666667 -0.3250833333333334
18697 -13.185 -19.548478632478634
18704 -0.8785049019607845 -0.27270220588235294
18721 -0.24364889705882353 -0.3076470588235294
18722 -1.00983455882353 -0.06758169934640534
18740 -4.08829536039768 -1.9704150197628458
18741 -0.22036507936507932 -0.15183333333333326
18747 0.26479020979020984 0.5175
18749 -0.2773650793650795 -0.8368333333333332
18751 12.601233766233765 3.100944444444445
18761 -0.19663690476190476 -0.10227678571428567
18768 -2.7895797598627787 -0.9490000000000001
18782 -0.23139688844753414 -0.09576923076923072
18787 -0.7852464971458226 -0.8615625
18789 -0.7411904761904762 -0.5605561735261397
18800 -0.2595952380952381 -0.10838095238095236
18802 -0.07812499999999989 -0.5107211538461538
18803 -0.16761111111111093 -0.18173809523809537
18804 -8.178387259858443 -1.2138264738598443
18807 -2.585 -1.4813391304347825
18809 -5.051495726495727 -5.65028148148148
18824 -0.2181853281853281 -0.1090643274853802
18827 -4.513945652173913 -2.3039732142857146
18835 -19.116466165413534 -9.303582608695653
18836 -0.2474650349650349 -0.2039382239382238
18839 -0.14059701492537302 0.028125000000000178
18851 -0.16237358101135158 -0.3723296703296701
18855 -5.496602941176469 -7.925699300699301
18884 -0.2539473684210527 -0.029649122807017703
18890 0.606590909090909 5.786944444444446
