results/no_ext/sdss_sako18_simple_fit_class.ecsv
# %ECSV 0.9
# ---
# datatype:
# - {name: obj_id, datatype: string}
# - {name: x, datatype: float64}
# - {name: y, datatype: float64}
# schema: astropy-2.0
obj_id x y
[from data line 347]
14545 -2.4949782135076246 -0.26165032679738576
14548 -0.7629920634920634 -0.29143919119833495
14549 -0.5660037735849057 -0.10566993464052299
14554 -0.158055644387592 0.015833333333333144
14561 -0.14300395256917042 -0.13725296442687762
14567 -0.21201581027667982 -0.19055335968379428
1457 -0.03944444444444439 -0.17737012987013
14579 -0.059450757575757573 -0.0690909090909092
14588 -0.1593181818181818 -0.04901185770750982
14589 -0.0012647058823530566 0.012707509881422996
14593 -0.0599868247694334 -0.19324110671936756
14617 -0.31600131752305693 -0.4751482213438736
14619 -0.2890609840609839 -0.10192105263157902
14624 -0.4078531645569625 -0.20378947368421052
14635 -0.4672124756335284 -0.2589327485380116
14638 -0.360290566037736 -0.29374183006535914
1464 -0.6818137254901961 -0.14968954248366018
14644 -0.10993464052287583 -0.2622794117647058
14649 -0.017458333333333353 -0.11793055555555565
14661 -0.12545830639948286 -0.035607142857142726
14671 -0.09699069142777772 -0.00802631578947377
14675 -0.11062500000000008 -0.43913602941176477
14683 -0.5118382978723405 -0.14957720588235301
14708 -0.18107026143790872 -0.031339869281045596
14722 -0.043194444444444424 0.03552287581699343
14727 -0.19309375000000017 0.017333333333333423
14733 -1.2989522058823533 -0.4052573529411765
14735 -0.5919276595744678 -0.3477757352941173
14750 -1.688688725490196 -0.5367279411764705
14751 0.053651960784314 -0.009356617647058973
14752 -0.16085784313725493 -0.09614379084967323
14753 0.053148148148147945 -0.15109649122807023
14763 -0.13776041666666683 -0.23173611111111092
14771 -0.9861002178649236 -0.18949346405228762
1478 -0.27849902534113047 -0.8183333333333334
14782 -5.5930799220272895 -4.156625086625087
14784 -1.258925544794189 -1.10153947368421
14786 -1.7106138322472142 -0.38464052287581696
14790 -0.16247803617571055 -0.11782608695652197
14809 -1.098718614718615 -0.24571895424836576
14815 -42.202516339869284 -20.474852941176472
14816 -9.70829044117647 -8.407928921568628
14823 -0.20471698113207548 -0.006388888888888777
14826 -0.2971350078492936 -0.6529575163398693
14827 -0.37188591800356496 -0.04499999999999993
14831 -0.26235416666666644 -0.18745833333333373
14845 -0.04088978766430762 -0.05691176470588255
14846 -3.646014412416852 -1.488333333333333
14863 -0.02829873417721529 -0.04523684210526313
14867 -0.032149209486166064 -0.09754940711462456
14871 -23.87430263157895 -14.381622807017544
14876 -0.1266037735849056 -0.2122222222222221
14883 -0.37287597524885674 -0.04587499999999989
14888 -0.8460743899549871 -0.13522058823529393
14900 -0.15768434486670446 -0.04427112875779926
14907 -0.1310595238095238 -0.07573809523809527
14916 -0.17594941094941108 -0.04013157894736863
14925 0.04610205886067953 -0.05626482213438733
14928 -0.10287500000000016 -0.07285714285714284
14937 -0.10090909090909106 -0.07243243243243236
14964 -0.6196150943396226 0.027303921568627487
14965 -0.7121659574468084 -0.6228676470588235
14972 -0.1201089588377724 -0.22898684210526343
14979 -6.719396825396825 -2.0624047619047623
14984 -1.9362916666666665 -4.4488333333333365
14989 -0.5949055330634252 -0.03099190283400821
14996 -0.035773420479302764 -0.0980882352941177
1500 -0.08638528138528145 -0.07374458874458889
15002 -0.9185579768630616 -0.3636666666666666
15003 -0.3059375 -0.06588235294117606
15006 -0.10003553660270081 -0.1490833333333333
15008 -0.12500919117647058 -0.18639705882352953
15033 -0.3055222437137328 0.01339583333333394
1504 -0.2379406403099007 0.028903568341770658
15053 -0.10129084967320268 0.00039215686274507444
15055 -0.8425396825396825 -0.1590952380952383
15057 -0.15824754901960802 0.05009191176470584
15071 -0.11860865165696965 -0.13090196078431404
15074 -0.13721507352941176 -0.2823529411764705
15075 -0.14393382352941186 -0.096985294117647
15080 -0.010051169590643338 -0.08730994152046778
15085 -0.1684027777777779 -0.12673611111111116
15088 -0.04523396226415066 -0.14437908496732021
15093 -0.0914662756598239 -0.05518382352941176
15101 0.015433566433566526 0.02274853801169585
15103 -0.2006874999999999 -0.09416666666666662
15104 -0.07984507351327608 -0.06243243243243235
15108 -0.2785368929997898 -0.19967320261437926
15112 -0.017118055555555678 -0.2088888888888889
15119 -0.22610416666666666 -0.006833333333333358
15120 -0.08707602339181275 -0.032631578947368456
15129 -2.553769063180828 -1.9236111111111107
15132 -9.814291938997826 -5.355571895424837
15136 -2.3961428571428574 -3.9102142857142863
15161 -2.102527472527473 -1.4866758241758242
15170 -0.7089523809523808 -0.14280952380952372
15171 -7.216339869281046 -4.791650326797386
15198 -0.06946594982078835 -0.46623487903225813
15201 -0.058800595640990716 -0.24709523809523826
15203 -4.501305609284333 -3.1059791666666663
15219 -1.0759178433889602 -1.1977472527472526
15220 -0.18409926470588234 -0.05301470588235291
15222 -0.8640293040293039 -1.4462362637362638
15226 -0.044158730158730286 -0.42942857142857127
15229 -2.3022857142857136 -0.7476282051282053
15234 -5.938787878787878 -2.962272727272727
15239 -0.1094240196078432 -0.24303308823529413
15251 -2.2266253869969033 -1.2488124488124486
15254 -0.7668042553191485 -0.7163051470588249
15255 -0.43629084967320253 -0.3997712418300654
15259 -2.412377450980392 -1.3089705882352942
15260 -1.0584436274509803 -1.068161764705882
15263 -0.3279152731326642 -0.2676143790849672
15272 -0.26763492063492056 -0.5256666666666667
15286 -1.8299652777777777 -0.2597569444444445
15287 -1.328673701298701 -0.7735083333333337
15289 -0.37173684210526314 -0.17534210526315785
15291 -0.3060307017543862 -0.007397660818713403
15294 -0.11629084967320258 -0.2041830065359478
15301 -1.6163525498891353 -0.456547619047619
15303 -0.8252564102564097 -0.4688186813186812
15309 -0.2690419580419581 -0.12440058479532157
15314 -0.11819852941176467 -0.5319485294117647
15324 -0.16712806812489545 -0.05964583333333329
15325 -0.30799277398635105 -1.5337847222222227
15343 -0.3809361702127658 -0.5423161764705883
15345 -0.8250952380952383 -0.2801334816462736
15347 -0.008056787932564147 -0.24299632352941192
15350 -2.3086363636363627 -1.5666666666666664
15353 -0.5838827838827836 -0.48969780219780246
15354 -0.3302777777777779 -0.09056250000000032
15356 -0.3345652173913043 -0.3169855394883203
15357 -0.41303471444568896 -0.40254193548387085
15359 -1.016080586080586 -0.5740109890109889
15363 -0.4417361111111109 -0.2880208333333335
15365 -7.342727272727273 -0.5832575757575758
15369 -5.474705882352941 -1.595258799171843
15370 -0.235713405238829 -0.05552380952380942
15381 -0.9262670565302145 -0.39691520467836217
15383 -0.293968253968254 -0.13061904761904763
15386 -0.4652394034536891 -0.3538235294117651
15401 -0.19083877995642706 -0.07447712418300645
15418 -0.2525416666666668 -0.030208333333333393
15419 -0.10840697674418598 -0.29214285714285715
15421 -1.7721784922394686 -0.9092619047619046
15422 -0.42085660377358547 -0.3732189542483657
15423 -0.33863300492610837 -0.03935960591133003
15425 -6.218361111111111 -2.7024791666666665
15428 -0.18795620437956195 -0.03193650793650771
15433 -1.596559829059829 -0.7827564102564102
15440 -0.24585185185185177 -0.14855555555555555
15443 -12.98786111111111 -2.3563750000000017
15448 -0.9445465686274508 -0.7083639705882354
15453 -7.111025641025641 -1.0227564102564104
15454 -0.5559860696517416 -0.2243653250773996
15455 -0.0979327113372912 -0.013033613445378123
15456 -0.09521072796934882 -0.2490000000000001
15459 -5.299666666666666 -2.668363636363636
15461 -4.573357142857142 -1.5259469696969696
15466 -1.1554059829059815 -0.7866987179487186
15467 -6.1945512820512825 -0.8034935897435896
15470 -0.6215384615384614 -0.18807692307692303
15475 1.289555555555559 141.79874074074073
15486 -1.1915000000000002 -0.1966363636363635
15489 -0.13084935897435912 0.31033653846153864
15496 -9.319545454545453 -0.23446969696969666
15498 0.02017094017094001 -1.4988141025641024
15500 -3.4462727272727283 -0.10204545454545455
15503 -0.03702380952380957 -0.4647619047619047
15504 -2.1996363636363636 -1.046181818181818
15505 -0.45411904761904753 0.006904761904761858
15508 -50.90178787878788 -4.893227272727273
15511 -0.3510722610722611 -0.2472023809523809
15516 -0.5012142857142856 -0.009047619047619193
15522 -0.7827039627039627 -0.5049650349650351
15526 -0.27312499999999984 -0.1273557692307694
15535 -0.29458035714285713 -0.4234848484848486
15549 -0.16357290470723296 -0.08757142857142841
15553 -0.4792875481386394 -1.1022222222222213
15557 -12.109499999999999 -3.051428571428571
15558 -0.21009722222222227 -0.12024999999999997
15559 -0.14419117647058832 0.03955882352941176
15569 -0.2678615218175263 -0.2094999999999999
15583 -3.2143589743589738 -1.1090384615384608
15584 -0.8857638888888888 -0.3508541666666667
15586 -0.018415584415584663 0.1327846027846029
15587 -2.0267777777777773 -0.6131458333333335
15592 -0.15154112554112564 -0.26450980392156853
15603 -0.5027047413793106 -0.2057272727272727
15648 -1.0984848484848484 -0.9845454545454548
15663 -0.28005232558139537 -0.33427841634738187
15674 -4.565212121212124 -0.6171363636363636
15675 -1.3390303030303032 -0.17590909090909101
15685 -0.13727380952380974 -0.034952380952380846
15697 -0.5976223776223777 -0.2267832167832169
15719 -0.6266363636363637 -0.30286363636363633
15726 -0.464201814058957 -0.1910227272727274
15730 -0.19616071428571435 -0.17821428571428566
15734 -1.5024810606060606 -0.23484848484848508
15737 -0.11420000000000008 -0.07205882352941173
15741 -0.415357142857143 0.17456043956043965
15745 -0.3150833333333335 -0.14549999999999985
15748 -2.529848484848484 -0.40859848484848404
15749 -23.96777777777778 -8.008148148148148
15751 -0.19014610389610376 0.11642857142857144
15753 -0.12325396825396817 0.06119047619047624
15755 -0.5999810246679316 -0.17916666666666692
15756 -0.351346153846154 -0.37
15757 -8.12859090909091 3.5585454545454525
15759 -0.1696249999999997 -0.35283333333333333
1576 -0.18692640692640705 -0.009783549783549783
15761 -0.15300000000000047 -0.26577272727272705
15773 -0.07544791666666661 -0.043624999999999914
15776 -0.5575757575757578 -0.18390151515151487
15777 -0.6798421052631574 -0.4275641025641024
15779 -0.40636363636363626 -0.4440909090909091
15782 -0.20069078947368424 -0.690228571428571
15784 -0.6288660714285714 -0.19746212121212114
15785 -0.5297575757575759 -0.1865000000000001
15793 -1.5450020859407594 -0.1449999999999999
15795 -0.382179176755448 -0.1349999999999999
1580 -4.7164913151364765 -2.368582251082251
15802 -0.22850361197110436 -0.04219814241486053
15803 -0.10777777777777775 -0.2172222222222222
15805 -0.07396514161220069 -0.14411764705882368
15806 -0.18163003663003674 -0.3860439560439559
15812 -0.223793650793651 -0.09392857142857136
15813 0.2285311537550343 -0.015845588235294028
15814 -0.34125000000000005 -0.31629166666666664
15816 -1.0833760683760685 -0.34096153846153854
15817 -0.06723383084577139 -0.18439628482972137
15822 -3.731937499999999 -0.2852291666666664
15823 -2.917337837837838 -0.18453333333333322
15829 -0.7739356984478934 -0.08097619047619031
15850 -0.8131160714285716 -0.301628787878788
15860 -1.0596875 -0.35563636363636375
15865 -0.16468253968253954 -0.22059523809523762
15866 -1.059225563909774 -0.3895192307692307
15868 -4.767948717948719 -0.6634615384615384
15872 -15.782727272727273 -0.9814285714285718
15874 -0.4180833333333336 -0.08504166666666668
15884 -0.22272222222222215 -0.7181666666666666
15892 -0.09773214285714316 -0.34276515151515174
15897 -1.100370018975332 -0.1291287878787879
15901 -8.986185185185185 -0.9257222222222223
15902 -0.7341696428571429 -0.36681818181818193
15909 -1.084267676767677 -0.609015151515151
15916 -0.20698867024448409 -0.4104545454545456
15934 -1.3470462387853686 -0.28260869565217406
15935 -0.16034822804314341 -0.04899999999999993
15941 0.011952380952380937 -0.16378571428571398
15942 -0.49729619565217387 -0.16320652173913053
15943 -0.18776556776556808 -0.2582417582417582
15944 -0.7634539473684213 -0.30479020979020977
15945 -0.3723684210526317 -0.3848717948717948
1595 -1.518947368421053 -0.8890789473684211
15950 -0.7973678160919537 -0.5080000000000002
15953 -0.06078754578754586 -0.1685439560439559
15955 -0.40560606060606064 -0.055333333333333456
15961 -0.08463414634146349 -0.11928571428571433
15971 -0.6803055555555553 -0.1873541666666667
15973 -0.21021367521367518 -0.19250000000000012
15987 -0.5487738095238096 -0.06071428571428572
15988 -0.4105875576036867 -0.3324545454545451
15992 -0.3234778911564624 -0.21775641025641024
15994 -0.11765151515151517 -0.3450000000000001
15998 -0.03202991452991444 -0.3401602564102564
16000 -0.5995032051282051 -0.1864102564102561
16001 -0.6556582633053223 -0.16658653846153815
16015 -2.9372541148133284 -0.7293725490196077
16019 -0.5751515151515152 -0.18686363636363645
16021 -18.21457575757576 -6.730636363636363
16032 -2.7054101995565416 -0.7195952380952381
16038 -0.08766666666666678 -0.13129166666666658
16039 -0.1741038961038962 -0.04249999999999998
16044 -0.1037179487179486 -0.07264285714285712
16048 -0.2666428571428572 -0.15266666666666673
16052 -1.9027838827838823 -1.4262362637362633
16054 -0.5526666666666669 -0.1471666666666669
16069 -18.772328042328045 -11.13063492063492
16072 -0.9770370370370374 -0.27083333333333337
16073 -16.93360677966102 -7.3395
16085 -0.24456221198156647 -1.1080454545454543
16090 -0.21729166666666677 0.05446428571428574
16091 -0.9800751879699248 -0.44513784461152905
16093 -1.4986206896551728 -0.09950000000000014
16094 -0.73055944055944 0.0011188811188811432
16098 -0.39840659340659335 0.051071428571428656
16099 -10.642254901960785 -4.455130718954249
16100 -2.2394444444444446 -0.3661805555555555
16103 -0.20964181286549666 -0.6652564102564098
16104 -0.1379661016949152 -0.49445054945054956
16106 -0.9779699248120304 -0.2006410256410256
16111 -1.9901282051282052 -0.5301602564102561
16116 -19.203108695652173 -8.499642857142858
16119 -0.2332589285714286 -0.18455486542443067
16121 -0.40993589743589753 -0.5858461538461532
16125 -0.42819221967963383 0.44644444444444464
16127 -0.04968750000000011 -0.13908333333333323
16130 -1.1632692307692307 -0.9993589743589744
16136 -1.0689010989010992 -1.0053021978021979
16142 -0.4141363636363635 -0.027000000000000135
16148 -0.32158974358974346 -0.11474358974358978
16152 -2.959199499687305 -0.7198351648351649
16153 -0.1355833333333334 -0.05750000000000011
16163 -0.4535648148148146 -1.2493750000000001
16165 -15.590952380952382 -7.962232142857143
16172 -0.9343181818181818 -0.23068181818181843
16179 1.4836874999999985 11.04560606060606
16185 -0.5763888888888888 -3.7895370370370376
16199 -0.8683297413793103 -0.43727272727272704
16202 -0.5507425949103055 -0.23935897435897457
16206 -3.850857142857143 -3.079428571428572
16211 -0.1653879310344828 -0.058318181818181825
16213 -5.074 -4.1433333333333335
16215 -16.608901515151516 -23.386540404040403
16219 -0.28698938992042444 -0.25438888888888855
16220 -0.7413939393939394 -0.3834545454545457
16225 -0.6647500000000002 -0.2340000000000002
16232 -0.4105000000000001 -0.015000000000000013
16236 -0.5286363636363635 -0.1863636363636363
16237 -0.4682648247978439 -0.1863095238095238
16238 -0.33870370370370373 -0.11277777777777787
16247 -0.04430555555555549 -0.12020833333333325
16259 -0.6475524475524481 -8.215555555555556
16276 -1.989269230769231 -2.5381746031746033
16277 -0.19180392156862758 -0.1310989010989012
16280 -6.116783216783218 -26.20309523809524
16281 -3.8426136363636356 -4.432291666666667
16282 0.057490196078431755 0.40796296296296264
16287 -1.3859298245614033 -9.008833333333332
16298 -0.2623650793650796 -0.05042857142857149
16301 -0.24491987179487196 -0.16217948717948727
16302 -6.089449735449736 -2.1840277777777777
16314 -19.23108333333333 -17.059194078947368
16333 -3.9314999999999998 -10.518705882352943
16350 -1.6819230769230766 -1.7056862745098038
16352 -3.8901260504201676 -2.5235000000000003
16356 -0.23305555555555557 -0.34152777777777743
16357 -0.5606451612903229 -0.49392857142857105
16360 -1.3695238095238094 -0.32571428571428573
16362 -0.6872222222222223 -0.6864583333333332
16392 -3.359166666666667 -32.24888888888889
16393 -0.8957671957671955 -2.9053750000000003
