results/no_ext/sdss_sako18_simple_fit_class.ecsv
# %ECSV 0.9
# ---
# datatype:
# - {name: obj_id, datatype: string}
# - {name: x, datatype: float64}
# - {name: y, datatype: float64}
# schema: astropy-2.0
obj_id x y
[from data line 1041]
18907 -0.07739682539682557 -1.2028095238095238
18909 -4.655454545454546 -0.08445454545454545
18917 -0.45299999999999985 -0.2928836754643205
18920 -0.30556249999999996 -0.20850000000000002
18927 -0.3080793650793652 -1.081333333333334
18940 -3.518205741626794 -0.7839487179487179
18941 -0.4102905405405406 -0.1638518518518518
18942 -0.24798101811906814 -0.07945833333333341
18943 -0.49099613152804644 -0.40468230694037133
18947 -0.2014955357142858 -0.41562500000000013
18948 -0.3632760532150776 -0.6361666666666668
18952 -0.17558974358974355 0.14848717948717938
18953 -0.07619245283018894 -0.2976370656370655
18954 -0.06462962962962937 -0.18135135135135272
18959 -0.196563944530046 -0.6304285714285713
18961 -0.3696565934065933 -0.14571428571428569
18965 -3.8899168514412406 -0.3390238095238094
18971 -0.13296630280018984 -0.4693921568627448
18972 -0.05704107830551974 -0.08065934065934066
18973 -0.17120908740854823 -0.1256593406593407
18990 -0.4885833333333336 -0.4327777777777777
18993 -1.3368965517241387 -0.14061904761904764
19000 -2.478189189189189 -0.09153846153846157
19002 -1.9570526315789474 -0.3426602564102563
19003 -4.295378787878788 -9.014722222222222
19008 -2.824141414141414 -0.6995075757575758
19013 -0.077275641025641 -0.05352564102564106
19014 -0.14350427350427342 -0.5426602564102565
19023 -3.930140271493214 -0.7640930232558143
19027 -0.6245512820512817 -0.33086538461538484
19029 -1.0643589743589743 -0.707948717948718
19032 -0.9970454545454548 -0.052954545454545476
19033 -0.2729487179487178 -0.12788461538461537
19045 -0.8253333333333337 -1.067047619047619
19048 -0.3538131313131314 -1.0884090909090909
19051 -1.4238748370273793 -0.8987727272727273
19052 -0.32706060606060616 -0.23122727272727261
19065 -0.2213636363636362 0.6877619047619046
19069 0.1338474025974028 -0.05784632034632042
19070 -0.48926136363636363 -0.1730303030303031
19072 -0.3126153846153845 -0.5434000000000001
19078 -0.15005000000000002 -0.008199999999999763
19088 -0.45838383838383856 -0.3049621212121214
19091 -0.4353032375740994 -0.21020979020979003
19099 -0.31583563154991734 -0.24038461538461542
19101 -4.34030303030303 -0.6593181818181817
19104 -0.37554945054945055 -0.2606043956043955
19128 -0.816527777777778 -0.28819444444444453
19132 -0.12211538461538463 -0.07
19144 -0.08677427490542278 -0.09316176470588222
19149 -16.061180232558137 -1.1134865900383137
19155 -314.0603021978022 -29.53788831835687
19165 -0.11876633986928109 -0.18356209150326797
19174 -2.2273443223443232 -1.1549999999999998
19175 -0.19528735632183913 -0.03852380952380963
19180 -0.20295218821148464 -0.24650980392156863
19188 -0.15494883040935692 -0.11903508771929827
19190 -3.753233511586452 -0.23620879120879124
19195 -0.09268750000000003 -0.02429166666666671
19205 -0.9005925925925925 -0.6013611111111113
19207 -0.6655860805860807 -0.6514285714285714
19209 -0.3170940170940173 -1.4140705128205129
1921 -0.2853715195782307 -0.0658961038961039
19211 -0.9620535714285721 -0.23017857142857145
19212 -0.49154166666666665 -0.5952083333333338
19220 -3.1243333333333334 -0.8427272727272728
19230 -0.5057051282051279 -0.3262179487179485
19246 -0.4215934065934064 -0.1768956043956046
19274 -0.5958275058275058 -0.3288461538461538
19282 -21.87367857142857 -1.5111363636363635
19308 -0.14808333333333334 -0.08316666666666667
19317 0.09230769230769198 -0.11958333333333382
19322 -1.1559615384615385 -0.3117788461538462
19323 -2.0168181818181816 0.5262121212121205
19332 -0.4343461203138623 0.3748888888888888
19334 -0.2833173076923077 -0.20570512820512832
19336 -0.20121925133689844 -0.15846153846153843
19338 -0.10552696078431412 -0.21759191176470605
19339 -0.32181623931623937 -0.2119551282051284
19341 -1.0959360465116275 -0.21947619047619016
19344 -0.44017891682785293 -0.20046718576195754
19346 -0.40851762173796136 -0.3577083333333335
19347 -0.7565476190476192 -0.6881904761904762
19350 -0.19746031746031734 -0.4475595238095236
19352 -0.16482261640798224 -0.05885714285714283
19353 -16.998324324324322 -2.488296296296296
19359 -0.6774956521739126 -0.12492424242424238
19361 -0.15264102564102566 -0.19020512820512847
19365 -0.21145593869731794 -0.045809523809523744
19377 -0.228798613785137 -0.04916666666666658
19381 -1.5378181818181806 -0.843825757575758
19389 -0.4674358974358974 -0.11717948717948712
19399 -1.2717826086956519 -0.9760334528076462
19408 -0.27077975376196983 -0.13909090909090915
19414 -0.36111111111111094 -0.10821428571428582
19417 -0.4189015151515154 -0.39696969696969675
19424 -0.42915064102564116 -0.09801282051282045
19425 -0.09676767676767684 -0.008787878787878789
19449 -0.11848484848484853 -0.5995454545454544
19459 -0.25089246119733943 0.10557142857142854
19461 -0.35413154533844193 -0.07747619047619048
19467 -0.05878787878787861 -0.16692307692307717
19468 -0.6051078431372547 -0.4911764705882353
19484 -0.07675224646983325 -0.14685714285714302
19490 -0.49458333333333326 -0.4241964285714286
19492 -0.3111324786324785 -0.35695512820512776
19499 -1.5046153846153847 -0.10085164835164828
19501 -0.5484382284382285 0.3712937062937063
19517 -0.05547368421052645 -0.09637820512820505
19518 -0.2664581852641553 -0.14441176470588246
19523 -0.1646813725490196 -0.12032679738562091
19525 -0.9883889602053915 -0.6251056729699664
19531 -0.46378787878787864 0.04007575757575754
19543 -5.989368686868687 -5.610530303030303
19545 -0.1860256410256409 -0.050320512820512864
19552 -0.40240530303030275 -0.27636363636363637
19555 -0.8602435897435896 -0.4738392857142859
19556 -0.8727905491698594 -0.18476190476190468
19557 -0.1500735930735928 -0.11156862745098017
19559 -0.3918030303030302 -0.2338095238095239
19565 -0.5237179487179491 0.0010256410256410664
19573 -0.1614423076923076 -0.23121794871794887
19575 -0.22345535714285714 -0.2833333333333332
1958 -0.008941009239516573 -0.08878676470588232
19582 -0.144602272727273 -0.08924242424242423
19593 -0.35132511556240376 -0.379142857142857
19596 -1.3251262626262625 -0.2521212121212122
19604 -0.7735892857142859 -0.29340909090909095
19616 -8.367736486486486 -3.2556043956043954
19619 -0.06356984478935712 -0.2674047619047619
19625 -0.314739467849224 -0.14640476190476193
19626 -27.521435897435897 -3.660219780219779
19632 -0.8045396825396828 -0.09659523809523796
19636 -3.2658838383838393 -0.7864393939393941
19658 -10.1905 -1.185
19668 -0.5178449971081551 -0.18427536231884067
19689 -0.31507154213036515 0.011839080459770113
19702 -0.8173636363636363 -0.4393560606060607
19708 -1.2397863247863248 -0.6429395604395605
19723 -0.8094708994708995 -0.3855952380952381
19742 -0.22209090909090912 -0.25736363636363624
19757 -0.3134722222222224 -0.10033333333333327
19764 -0.3424242424242423 -0.07174242424242427
19769 -0.5792592592592591 -0.7797777777777777
19772 -0.9945970695970694 -1.0265659340659343
19775 -5.535222222222222 -2.5497500000000004
19776 -4.425999999999998 -0.2693333333333332
19778 -0.6004722222222221 -0.15488888888888908
1978 -0.04401960784313719 -0.5918137254901962
19784 -0.14791666666666692 0.0407142857142857
19787 -0.424040404040404 -0.47571969696969707
1979 -0.08860000000000023 0.03782679738562078
19791 -0.17878787878787872 -0.24348484848484853
19793 -0.06686274509803902 -0.3408653846153846
19804 -0.4633333333333334 -0.03941176470588226
19818 -1.2335347985347984 -0.28912087912087925
19821 -0.9815277777777779 -0.2601388888888887
19825 -0.7405053929121727 -0.050857142857143156
19848 0.09429600886917955 -0.155309523809524
19899 -123.06925000000001 -24.518666666666668
1991 -0.09924951267056525 -0.10907894736842128
19913 -3.3984511784511784 -3.67560606060606
19940 -17.613174603174606 -11.106746031746031
19953 -26.205357142857146 -9.243303571428571
19968 -65.02374999999999 -64.71423076923077
19969 -4.911379310344827 -4.148166666666667
1998 -0.1558170212765957 0.0002737047898339062
19986 -0.29423448275862063 -0.3391666666666664
19987 -0.35699300699300696 -0.2038333333333331
19990 -0.27038510911424896 -0.7973351648351649
19992 -3.948035714285715 -1.6041071428571432
2000 -22.506378676470586 -91.24801470588235
20033 -0.3121538461538461 -1.2335000000000003
20039 -4.493333333333333 -2.706944444444444
20040 -1.068185185185185 -0.752
20043 -0.9563888888888887 -0.7570454545454546
20046 -2.0776515151515156 -0.8693181818181821
20047 -0.17737376847290642 -0.028078817733990236
20048 -1.3102116402116397 -2.0933333333333337
20051 -6.73851851851852 -2.1979166666666665
20064 -53.17611111111111 -16.5702508361204
20065 -0.2960833333333335 -0.1757708333333331
20084 -4.446825396825398 -2.623650793650794
20088 -2.521581818181818 -1.7604272727272723
20090 -2.0414444444444437 -0.3155000000000001
20097 -2.117171717171718 -1.1381313131313133
20104 -0.38503968253968246 -0.26488095238095244
20106 -0.21788888888888902 -0.13405555555555548
20111 -28.236587301587303 -12.006666666666664
20125 -2.228534798534798 -1.1496666666666666
20128 -0.8659999999999997 -0.36087500000000006
20141 -0.08239057239057235 -0.3508080808080808
20142 -1.6610049261083746 -0.9118095238095238
20144 -1.5992857142857142 -1.5609821428571427
20152 -0.8733030303030305 -1.3873636363636364
2017 -0.2592769607843136 -0.41665441176470586
20183 -0.3458838383838383 -0.28929292929292916
20184 -0.18407407407407417 -1.2380555555555555
20185 -0.6604292929292931 -0.17753787878787897
20186 -0.2732222222222223 -0.1680555555555555
20191 -1.2151111111111113 -0.27475524475524504
20208 0.0034166666666666234 1.8005592105263155
20217 -0.21957916666666677 -0.057983333333333276
20227 -0.34883597883597894 -1.0247619047619045
20231 -0.3165780730897012 -0.17212121212121212
20232 -0.9877424749163877 -0.9734722222222223
20245 -0.12986111111111104 -0.35215277777777776
20257 -0.4206293706293708 -0.0930419580419578
20262 -0.6900501253132831 -0.21363636363636385
20267 -0.12463923673225996 -0.26881818181818207
20268 -0.31186096256684503 -0.26335164835164826
20272 -0.09216640986132507 -0.11885714285714288
20273 -0.10022222222222232 -0.2124013157894737
20276 -0.8066118421052635 -0.2935664335664334
20278 -1.0698185117967336 -0.37749999999999995
2030 -0.4676885880077368 -0.3589583333333335
20301 -0.05208333333333337 -0.02448717948717949
2031 -4.696180555555555 -4.088125
20316 -0.5592350332594238 -0.3668095238095237
20319 -0.7755098684210533 -0.2206293706293707
20323 -0.32141233766233746 -0.09538961038961036
20331 -0.3624080267558527 -0.4243055555555555
20345 -0.35787625418060176 -0.7949305555555557
20350 0.11879629629629651 -1.4860416666666667
20364 -1.5196153846153846 -0.8605555555555555
20376 -0.5731944444444446 -1.37
20386 -0.5783081896551723 -0.26109090909090904
20391 -0.3994642857142856 -0.035357142857142865
20394 -0.26663636363636356 -0.06845454545454543
20397 -2.172645502645503 -0.25626984126984137
20399 -0.4276851851851853 0.0009722222222221522
20400 -0.29982142857142846 -0.4486607142857142
20408 -0.23606060606060608 -0.43454545454545457
2041 -0.10190225563909794 -0.46925000000000017
20411 -0.36929166666666646 -0.029666666666666675
20420 0.9221428571428567 4.267857142857142
20430 -1.0749206349206348 -2.4210714285714285
20431 -0.20956439393939363 -0.24651515151515158
20432 -0.4145370370370369 -0.7139583333333333
20434 -0.29425925925925944 -0.266388888888889
20447 -0.5914318181818181 -0.018000000000000016
20467 -3.0648106060606057 -1.017777777777778
20470 -4.220873015873016 -6.1690476190476184
20476 -2.5836162870945474 -0.2915010351966867
20480 -0.9906944444444445 0.17895833333333333
20491 -2.0240277777777784 -1.6564583333333336
20497 -0.3274444444444442 -0.5515000000000001
20501 -0.8035714285714288 -0.0932857142857142
20514 -0.9721547619047619 -0.09995238095238079
20528 -6.967576923076923 -8.924047619047618
20533 -0.3623015873015871 -0.5382142857142856
20536 -0.14541666666666653 -0.032999999999999974
20541 -0.7392592592592595 -0.6978472222222223
20542 -0.33091666666666664 -0.13137500000000002
20545 -0.2801880341880343 -0.4699230769230769
20553 -0.24038095238095247 -1.177142857142857
20557 -0.09764728532922606 -0.3506043956043958
20560 -0.12536842105263157 -0.08805263157894738
20562 -0.4456736446591516 -0.2229593810444872
20572 -1.1203571428571428 -0.6058035714285719
20575 -0.6694642857142856 0.2525000000000004
20578 -0.7115488215488219 -0.12808080808080824
20581 -1.493888888888889 -0.8391666666666662
20588 -1.7736666666666658 -0.585833333333333
20590 -0.23638655462184865 -0.2929411764705885
20591 -0.21006675010429687 -0.48455128205128206
20592 -0.5127925925925926 -0.13994505494505516
20596 -0.8520526315789474 -0.5457692307692307
20601 0.03032973805855166 0.08419047619047626
20608 -0.6036616161616162 -0.2052272727272727
20613 -0.6930000000000001 -0.15244444444444438
20625 -17.54232142857143 -4.5492857142857135
20639 -0.2541414141414142 -0.025505050505050475
20663 -0.3249629629629631 -0.24088888888888882
20677 -1.3858035714285717 -3.083214285714286
20678 -0.3770954907161801 -0.2108888888888888
20685 -0.3352738095238097 -0.10014285714285731
20687 -0.5679166666666666 -2.877916666666666
20690 -0.4759166666666672 -0.5832222222222223
20704 -0.08799999999999997 -0.14283333333333337
20709 -0.04673611111111109 -0.3222222222222222
20721 -0.7916071428571427 -0.11562499999999998
20722 -1.152857142857143 -0.5599999999999998
20723 -0.09278846153846143 -0.14871794871794874
20725 -0.21096153846153798 -0.09527407407407418
20727 -0.4680090497737557 -0.06126984126984125
20744 -0.7925974025974025 -0.7925
20759 -0.18756292906178496 -0.17149999999999999
20764 -1.1343650793650797 -1.1875892857142856
20768 -0.45762105263157893 -0.9204166666666664
2078 -0.02098113207547181 -0.11184640522875822
20787 -0.22642424242424253 -0.2605909090909089
2079 -0.052483660130719034 -0.30676470588235305
20791 -0.4428333333333334 -0.5215
20805 -0.06687499999999996 -0.2660416666666665
2081 -0.1182352941176471 -0.2487091503267973
20821 -0.29314842578710665 -0.12124999999999997
20825 -0.7464236111111111 -0.004027777777777741
20828 -0.3633333333333335 -0.14055555555555554
20829 -0.11680952380952392 -0.9100000000000003
20830 -0.5814444444444444 -0.049666666666666526
20834 -0.15388888888888885 -0.8530000000000002
20838 -8.447500000000002 -0.8951666666666682
20842 -0.2239444444444446 -0.7197777777777776
20844 -0.42281250000000004 -0.23775000000000013
20862 -0.8946666666666667 -0.7382499999999999
20866 -0.1252045454545454 -0.8210909090909091
20867 -0.3081666666666666 -0.3390000000000002
20870 -0.9915488215488216 -0.8529292929292929
20874 -0.09916666666666685 0.9141666666666669
20877 -1.7945833333333332 -0.48750000000000004
20882 -0.7568965517241382 -0.19719298245614025
20889 -0.25862433862433865 -0.6161111111111113
20891 -0.2607459207459204 -0.14339160839160847
20895 -0.40041666666666675 -0.08499999999999996
20896 -1.2239999999999998 -0.39049999999999996
20915 -0.14346907993966806 -0.22015384615384603
20916 -0.21040209790209796 -0.2895104895104894
20917 -0.28802105263157907 0.2314615384615385
20920 -0.483269230769231 -0.19333333333333336
20921 -0.10879551820728328 0.5282633053221288
20923 -0.2736363636363638 -0.08357142857142863
20926 0.026840277777777755 0.01929292929292936
20928 -0.2742499999999999 -0.20733333333333331
20932 -0.9527960526315788 -0.5272946859903382
20934 -0.6674603174603171 -0.45428571428571407
20936 0.04936715766503008 -0.1486666666666666
20953 -0.8262499999999998 -0.02904761904761899
20961 -0.36896296296296294 -0.6471666666666667
20964 -0.5705555555555557 0.10208333333333319
20965 -0.45412037037037023 -0.4801388888888891
20971 -0.30411813186813186 -0.11831339712918654
20994 -0.11302083333333335 -0.4754166666666666
20998 -0.28761904761904755 -0.160595238095238
21001 -0.10602272727272732 -0.5090909090909088
21006 -0.8605 -1.3871250000000002
21013 -0.24926350245499196 -0.16133333333333338
2102 -8.071256952169076 -28.39013888888889
21027 -1.2034000000000002 -0.7491666666666665
21033 -1.1297619047619043 -2.416607142857142
21034 -5001.694545454546 -1799.678333333333
21042 -1.6913492063492066 -0.6659523809523809
21046 -0.12238636363636379 -0.16045454545454563
21060 -0.12183333333333335 -0.0004444444444444695
21062 -10.161904761904761 -1.6207142857142856
