results/no_ext/sdss_sako18_simple_fit_class.ecsv
# %ECSV 0.9
# ---
# datatype:
# - {name: obj_id, datatype: string}
# - {name: x, datatype: float64}
# - {name: y, datatype: float64}
# schema: astropy-2.0
obj_id x y
[from data line 1739]
6773 -10.250446428571427 -18.090535714285714
6777 -0.43564102564102547 -0.1067307692307693
6780 -1.4769930069930068 -1.2272377622377622
6807 -0.45525252525252513 -0.3578787878787879
6813 -0.21439682539682536 -0.12321428571428528
6816 -0.19211111111111123 -0.15747619047619055
6831 -0.09744767441860458 -0.2916428571428571
6851 -0.2470743243243243 -0.31868131868131855
6852 -2.0707326007326006 -1.2918131868131866
6861 -0.4870202020202019 -0.5670833333333336
6873 -0.2919368131868133 -0.06307692307692314
6877 -1.3537921686746985 -0.5885529556650249
6883 -0.16597727272727303 -0.04109090909090912
6895 -0.7006060606060609 -0.05686363636363645
6896 -0.4931313131313133 -0.3090909090909092
6903 -0.31979797979797997 -0.011212121212121007
6912 -0.26703030303030295 -0.3052222222222223
6913 -0.1275194660734147 -0.11816666666666653
6914 -0.05216666666666647 -0.36711111111111105
6924 -0.39523706896551736 -0.3414999999999999
6933 -2.890185185185185 -1.3187222222222221
6934 -0.009846153846153727 -0.3542307692307691
6936 -2.12937037037037 -1.3456666666666666
696 -0.043047385620915035 -0.05571895424836598
6962 -6.017822222222222 -9.172849807445443
7017 -37.12198728139904 -8.018974358974361
7024 -0.4050252525252527 -0.1606439393939394
703 -0.2821316614420063 -0.5221842105263157
7092 -0.5386616161616161 -0.11246212121212151
7099 -4.4051481481481485 -1.9579197994987467
7121 -0.5387777777777778 -0.49583333333333335
7127 -0.7171212121212122 -0.12859090909090898
7143 -0.08230894015861567 -0.12685074029611854
7147 -5.716842105263159 -3.080814814814815
7194 -0.31409217445097415 -0.07017857142857131
7195 -0.24036979969183336 -0.19161904761904758
7205 -0.34039152759948677 -0.19697802197802183
722 -6.328011695906433 -8.174083820662768
7243 -2.759181818181818 -0.40354545454545454
7258 -0.3287820512820514 -0.1695833333333333
7304 -1.7518518518518515 -0.26794444444444443
7335 -0.3716666666666668 -0.3668181818181817
735 0.12087412587412594 -0.09378378378378371
7350 -0.27855555555555556 0.7612777777777775
7357 -0.14240909090909093 -0.050090909090909075
7365 -0.3136467095497274 -0.2546969696969697
7373 -2.01669696969697 -0.09977272727272735
7374 -0.21081439393939372 -0.1896212121212122
739 -0.762941176470588 -3.0649019607843133
7413 -0.5098237082066871 -0.20027777777777767
744 -3.201203773584906 -5.706339869281045
7444 -1.1516296296296296 -0.24677777777777765
7457 -0.21557575757575753 -0.17513636363636342
7460 -0.15760606060606064 0.032772727272727176
7473 -1.690324074074074 -1.5846527777777777
7475 -0.7122222222222225 -0.9988888888888888
7479 -0.843148148148148 -3.251875
7502 -0.1582575757575756 -0.188181818181818
7512 -1.4092063492063491 -0.5186190476190478
7527 -0.8361616161616168 -0.4935606060606059
7550 -0.16698840099420087 -0.030561594202898612
7600 -0.4914848484848484 -0.28777272727272707
7611 -0.36225757575757556 -0.374060606060606
762 -3.905991285403049 -1.493888888888889
7647 -0.21134495279593346 -0.09683982683982673
7654 -0.6340681818181817 -0.20318181818181813
7656 -0.3668055555555554 -0.10655555555555563
7663 -0.03213888888888883 -0.0016666666666665941
7680 -0.11599999999999999 -0.33144444444444443
7699 -0.6726944444444447 -0.08566666666666656
7701 -0.3352314814814815 -0.23999999999999994
7707 -0.6398518518518519 -0.18927777777777782
7712 -0.37749999999999984 -0.1507777777777779
7713 -0.179259259259259 -0.18533333333333335
7717 -0.2581111111111112 -0.2642777777777775
7725 -0.46590909090909094 -0.5014015151515153
773 -0.6914736842105264 0.02673684210526317
774 -0.8118421052631579 -10.059
7762 -0.13611742424242435 -0.18515151515151507
7780 -0.20153846153846167 -0.4213782051282049
779 -1.0475013668671405 -0.7673921200750469
7794 -0.47527142857142857 -0.03127777777777774
7802 -4.196039215686273 -0.4534722222222223
7804 -0.1007380952380954 -0.029952380952380953
7824 -0.13533405172413793 -0.6775
7835 -0.26418181818181796 -0.12209090909090925
7841 -0.15109090909090916 -0.19745454545454555
7847 -0.8891654135338346 -0.32413461538461563
7876 -126.82277777777777 -26.538148148148146
7882 -0.9512222222222223 -0.35144444444444445
7884 -0.1600189393939393 -0.12704545454545446
7919 -0.4996315789473683 -0.26945701357466056
7923 -0.08528813559322002 -0.1931904761904759
7939 0.16926868044515064 0.3121474358974359
7947 -0.3099038461538465 -0.1268589743589743
7954 -0.29783928571428553 -0.2825465838509318
8004 -0.07854187192118223 -0.48626666666666685
8030 -0.10567857142857162 -0.08300000000000007
8046 -0.7647863247863247 -0.49105769230769236
8053 -0.4399642857142858 -0.08690476190476193
8062 -0.10592803030303044 -0.2140151515151516
8086 -1.3538345864661652 0.2234188034188036
8092 -0.9606740196078432 -0.21012867647058842
8138 -0.44452777777777785 -0.14822222222222203
8151 -214.63348214285702 640.1232738095237
8160 -0.19162500000000016 -0.0245833333333334
8165 -0.415888888888889 -0.08931250000000013
8195 -0.8900284629981026 -0.589590909090909
8196 -0.1933583959899745 0.2695757575757576
8213 -1.2788690476190476 -0.558392857142857
8216 -0.23025616698292195 -0.13577272727272727
822 -0.40726399095534194 -0.07977380952380964
8226 -0.2427304347826087 -0.05532051282051298
8252 -2.068157894736842 -0.5028888888888889
8254 -1.2315384615384615 -0.556875
8264 -0.24291666666666656 -0.262013888888889
8280 -0.6331481481481481 -0.3309444444444445
8297 -1.4550606060606062 -0.0680909090909092
8351 -0.27256818181818177 -0.39381818181818184
841 -0.5382105263157895 -0.10490789473684214
8421 -0.23604545454545445 -0.18045454545454565
8489 -0.20731663685152046 -0.20718181818181813
8495 -4.6685185185185185 -0.26
8513 -0.9070833333333335 nan
8555 -0.6165740740740742 -0.22311111111111126
8576 -0.2034318181818181 -0.17081818181818176
8577 -0.2921111111111113 0.0025000000000000577
859 -0.4902068965517239 -0.36609210526315783
8598 -0.03279098873592001 -0.06179487179487175
8600 -0.14822802197802176 -0.06489010989011001
8607 -0.4658888888888886 -0.4680000000000001
8662 -0.044674329501915855 -0.038956043956043906
8675 -0.10781204819277102 -0.12037593984962414
8700 -0.31189560439560426 -0.13923076923076927
8705 -0.1153061900033101 -0.20291208791208803
8719 -104.62955357142857 -7.5964285714285715
8723 -0.9174053030303033 -0.10992424242424237
8730 -0.48083333333333333 -0.009015151515151476
8742 -5.885238095238094 -0.230089285714286
8793 -0.27440909090909127 -0.1826363636363636
8823 -0.11205555555555557 -0.06
8888 -0.19080555555555545 -0.9169999999999998
8912 -0.6014655172413794 -0.5684545454545453
8921 -18.205423387096772 -0.839375
893 -0.4854824561403508 -0.21530214424951266
9026 -1.3096363636363635 -0.46104545454545476
9032 -1.6760079575596813 -0.15627777777777796
904 -0.2629824561403509 -0.09257309941520464
9045 -0.46857142857142864 -0.28208333333333346
9052 -6.173511904761904 -0.7015178571428571
9109 -2.431962962962963 -0.1410555555555555
911 -0.2315476190476189 -0.1419001701644922
9117 -0.046272321428571295 -0.18669642857142854
9118 -0.23912121212121207 4.765045454545454
9132 -0.7559523809523812 -0.04857142857142854
9133 -0.5026851851851852 -0.31576388888888896
9155 -0.7796296296296295 -0.4655555555555555
9194 -0.26666666666666683 -0.7300000000000002
9207 -1.1185648148148146 -0.18652777777777785
9218 -0.35290476190476205 -0.11285714285714288
9239 -0.4839107142857144 -0.17076190476190478
9273 -0.7343977591036415 0.7842087542087541
9324 -0.5064236111111109 -0.22611111111111115
9334 -0.18492419248516812 -0.08546365914786969
9353 -0.23788235294117654 -0.17361111111111127
9457 -4.524782608695651 -2.5810416666666667
9467 -0.9733333333333329 -0.2983900928792569
9557 -0.0767545787545787 -0.25722222222222224
9558 -0.1182727272727272 -0.2844545454545455
9594 -0.5901190476190474 -1.7816071428571432
9595 -0.2743888888888889 -0.0367777777777778
9632 -0.23806841885690433 -0.1658333333333335
9633 -0.33886446886446875 -0.3771153846153845
9652 -0.1496171802054156 -0.43461538461538485
9677 -0.06897116000854508 -0.06732793522267189
9704 -0.09525925925925927 -0.0591666666666667
9740 -0.14409090909090905 -0.7047727272727276
9804 -4.550972222222223 -3.5639583333333333
9814 -0.1493415028279017 -0.08725000000000005
9817 -1.3182539682539682 -1.0492857142857144
986 0.01320417789757411 -0.28888803088803083
9895 -0.9432691029900333 -0.762121212121212
9954 -8.358492063492063 -3.475476190476191
9962 -0.1293333333333334 -0.10236363636363621
999 -0.6915734989648037 -0.4882070707070705
