analysis_results/csp_dr3_simple_fit_class.ecsv
# %ECSV 0.9
# ---
# datatype:
# - {name: obj_id, datatype: string}
# - {name: x, datatype: float64}
# - {name: y, datatype: float64}
# schema: astropy-2.0
obj_id x y
2004dt -353.80714740522956 14.397510731030593
2004ef -517.511976264156 -298.54707240041625
2004eo -3393.668536923898 -636.3891051461351
2004ey -2140.0058555919263 -1062.461989075815
2004gc -265.95993536505955 -78.88056437949876
2004gs -345.14509622634915 -44.38035540076528
2004gu -625.4012210037023 -112.92458644036806
2005A -436.9274152484563 -39.25664722396007
2005M -634.1971513029703 -724.1002073445148
2005W -212.48770790639563 -133.72434947364488
2005ag -107.90131317248513 -197.5014629458343
2005al -543.7692390140322 -357.9312952044013
2005am -428.13174683241755 -352.0131436886621
2005be -636.4424244824542 -396.4626390538818
2005bg -715.9962263379283 -610.6571260409079
2005bl 39.76912291421106 45.186824145064776
2005bo -257.8428039179612 -224.7875914735634
2005el -1912.0053194302031 -799.501102749334
2005eq -951.2892963760621 -576.9206617173062
2005gj -1594.1300508253196 -713.4578128129695
2005hc -445.4870954958876 -411.05027408643906
2005hj -202.26797631938706 -140.8383165693423
2005hk 43.04969532455152 -87.29882830243031
2005iq -337.70383972413043 -1453.2729559365544
2005ir -66.88963063608692 -290.8964504031124
2005kc -359.1500894405176 -149.75408705037842
2005ke 1236.9546639012597 564.8683354013168
2005ki -713.6350756138911 -505.91674788116603
2005ku -96.40449768159532 -54.961850795871
2005lu -468.4506537497654 -52.0719424253736
2005mc 12.425320763494668 -60.580781966247336
2005na -992.5658497592117 -492.55788804141406
2006D -1211.630816828416 -391.41838828137963
2006X -1495.453937975701 -434.2204133272561
2006ax -2106.8707180331917 -910.4677654016809
2006bd -177.79641192813176 -38.62622881156976
2006bh -2047.5626036969963 -696.9409963850406
2006br -90.67677174138679 -4.160562547564834
2006bt -200.3238597058167 -188.83756114767928
2006dd nan 0.0
2006ef -1301.9404533878394 -417.8438050400194
2006ej -516.3451482972416 -119.12925568879956
2006eq -37.44738363193581 -10.46159823216415
2006et -803.873066284598 -499.7014979543408
2006ev -423.6794460840748 -75.00950494460345
2006fw -30.389061322547143 -214.44038792984188
2006gt -19.239203289755487 -4.668365317421809
2006hb -106.66484195224713 -1257.7527221668352
2006hx -221.07444168996102 -75.30798180210286
2006is -2716.725933976213 -678.5830444293634
2006kf -442.27814961092747 -137.47478900928766
2006lu -193.34925988223384 -46.46411808886283
2006mr 506.7082187499393 155.13450587680614
2006ob -42.21088346498361 -82.81593012152456
2006os -222.7492599759563 -22.757640399696015
2006ot -182.42166995881416 -48.25154306226251
2006py -174.4403453338141 -88.27634330916928
2007A -436.10341345908176 -338.6464600917436
2007N -867.3696357624625 -109.20929683594409
2007S -1310.4753492833881 -368.8273513478588
2007af -1227.556731536729 -298.1038570190626
2007ai -180.43264085076163 -47.80771201877391
2007al -145.2607487109501 -116.66205556063689
2007as -1511.4267542975688 -238.34127005407908
2007ax -286.5170944548968 -454.83934418595345
2007bc -473.6920011507374 -529.4192839369719
2007bd -289.08918711307206 -417.6912935684797
2007bm -1701.6834279637683 -533.2880001556396
2007ca -1947.0568325287948 -862.3405047952047
2007cg -296.23762949469614 -43.138110809589136
2007hj -15.809214260878207 -221.307749892386
2007hx -123.10847674037416 -55.871745289735294
2007if -1043.517700274602 -317.11892754809776
2007jd -55.044203618552494 -34.50078954008025
2007jg -497.298031025156 -122.02415678752257
2007jh 25.45332889106218 10.860431667008601
2007le -2615.721951317598 -380.79820793559236
2007mm 31.896156083219115 9.976165716444992
2007nq -237.21756282865144 -123.2891049335619
2007ol 0.024616926041234 -69.12652385106367
2007on 300.62980345558856 -373.28129740963504
2007so -735.1487317165034 -22.573341109718626
2007sr -2961.240313499128 -334.6632590418279
2007st -1188.4480367079589 -191.8188515948939
2007ux -294.690481031084 -76.66727016876501
2008C -925.1932894524731 -50.53404164334107
2008J -1141.0966411260129 -294.7275139075939
2008O -117.64020841070563 -15.367007596234986
2008R 203.63765925676387 -114.05346705504334
2008ae -263.8075968949097 -8.244205983916732
2008ar -848.019887912626 -382.8247670300527
2008bc -1540.5873195455588 -894.4483676151407
2008bd -62.901179952719104 -1.0268995321715604
2008bf -976.9852350185647 -837.23730206333
2008bi -364.4725358773603 -88.44839722190328
2008bq -971.1078001701287 -388.5579332325719
2008bz -314.8929393283324 -189.18737600264328
2008cc 279.1349459752529 140.91061790000276
2008cd -4.903355266075876 -2.8165926644977235
2008cf -1164.0708659181284 -1906.498537244586
2008fl -3435.672505489418 -123.69397178873929
2008fp -4883.882059786956 -512.0654509866703
2008fr -530.3390723868583 -76.87952786100809
2008fu -116.21714209355868 -73.62258883288001
2008fw -5770.452725470031 -237.41253392025945
2008gg -1590.6669260465137 -166.64826665536202
2008gl -438.31734806748597 -984.9810494729977
2008go -209.28548666878916 -192.40801859694398
2008gp -737.7165921903197 -484.7906232072006
2008ha -20.853841041782744 -144.4940331998562
2008hj -658.8006963698144 -554.9605455246302
2008hu -157.3540056469305 -78.60675488679986
2008hv -1077.937810857273 -753.8684877672192
2008ia -1535.0470546892905 -177.1981510921237
2009D -1985.3491971541623 -772.251770173552
2009F 418.21464195405343 169.2100407835505
2009I -342.2128803894234 -235.74497324244962
2009J -50.007641738809525 -64.06731704535683
2009P -415.0544184521731 -99.49838721890883
2009Y -1800.4881889934436 -570.6895148102694
2009aa -1187.8435344186157 -559.9028558019237
2009ab -923.6081311248902 -297.6113690862584
2009ad -927.3106346106968 -657.2342447850283
2009ag -1516.7747273051307 -262.0832011919138
2009cz -1064.6036483390533 -602.431431399817
2009dc -3429.2395023807376 -1282.2943907335123
2009ds -144.2168682389427 -431.7898190167433
2009le -945.160017347537 -5267.308393160948
2010ae -2581.616490901577 4.160374568306249
