analysis_pipeline/results/fit_results/csp_dr3_salt2_2.4_4_blue.ecsv
# %ECSV 0.9
# ---
# datatype:
# - {name: obj_id, datatype: string}
# - {name: num_points, datatype: int64}
# - {name: z, datatype: float64}
# - {name: t0, datatype: float64}
# - {name: x0, datatype: float64}
# - {name: x1, datatype: float64}
# - {name: c, datatype: float64}
# - {name: z_err, datatype: float64}
# - {name: t0_err, datatype: float64}
# - {name: x0_err, datatype: float64}
# - {name: x1_err, datatype: float64}
# - {name: c_err, datatype: float64}
# - {name: chi, datatype: float64}
# - {name: dof, datatype: float64}
# - {name: b_max, datatype: float64}
# - {name: delta_15, datatype: float64}
# - {name: tmin, datatype: float64}
# - {name: tmax, datatype: float64}
# - {name: pre_max, datatype: int64}
# - {name: post_max, datatype: int64}
# - {name: message, datatype: string}
# schema: astropy-2.0
obj_id num_points z t0 x0 x1 c z_err t0_err x0_err x1_err c_err chi dof b_max delta_15 tmin tmax pre_max post_max message
[from data line 53]
2006mr 103 0.0059 1050.3678772782894 0.008686035928093522 -0.9784415645251414 0.6969937147451104 0.0 2.8746773523380398e-05 2.7371110797277595e-05 0.023222606434871063 0.004319041881436947 18324.954262567364 70.0 -16.414581162372755 1.1946149624400508 1046.68 1147.57 12 91 "Minimization exited successfully."
2006ob 25 0.0592 1063.9165770323543 0.0008088822999983508 -2.2576428080554143 0.01634522727345633 0.0 0.08066922141085797 4.0874008708336016e-06 0.06117218855499429 0.01216516292246228 420.7655345344309 20.0 -18.904680033592328 1.5673937639033042 1060.65 1121.57 4 21 "Minimization exited successfully."
2006os 40 0.0328 1065.2033556568651 0.0009440301090628046 -0.7737587830123074 0.49915842358107154 0.0 0.14578718137374835 5.8141117902713035e-06 0.06754648487530268 0.008606397233648089 401.44271838121597 34.0 -17.76211139362389 1.1698849994622336 1065.63 1121.61 0 40 "Minimization exited successfully."
2006ot 43 0.0531 1066.915107665567 0.0009450252860367881 -0.24182818191490263 0.22983516147163296 0.0 3.401828871574253e-05 3.81884734186182e-06 0.0554069719841932 0.007679339770760407 1014.91149890354 39.0 -18.83167971389396 1.0856311791246434 1065.68 1119.57 8 35 "Minimization exited successfully."
2006py 21 0.0579 1071.8152170764915 0.0009962408383107414 -0.4665807757498941 0.11835278698110185 0.0 0.14929263355918465 6.131560587217745e-06 0.1406592272268372 0.011347920304369374 236.37260646743175 17.0 -19.082229874526046 1.1360274093217626 1069.54 1087.54 4 17 "Minimization exited successfully."
2007A 27 0.0177 1113.472047126141 0.006913476919724554 0.9900665537583251 0.24228017381500577 0.0 0.0417122408364321 2.4987794604801414e-05 0.06321250449381344 0.004431764907661062 1680.461142882622 23.0 -18.550632622431145 0.8685900022299311 1108.54 1133.53 11 16 "Minimization exited successfully."
2007N 65 0.0129 1115.7587097784722 0.001543345755498657 -2.295106104263363 0.793460047586243 0.0 0.10325998388202606 2.3519500099657164e-05 0.03374320978076706 0.011121132397021283 2615.297185914469 36.0 -16.25618899634773 1.4809722993663925 1123.82 1213.67 0 65 "Minimization exited successfully."
2007S 65 0.0139 1145.076686101725 0.007635132473930032 1.0436953086867629 0.4193990089940869 0.0 0.018069811159193705 2.693698885318247e-05 0.025831679211727465 0.003380634715096198 1512.9003804005017 49.0 -18.13366637768106 0.8527890294718805 1133.84 1246.54 12 53 "Minimization exited successfully."
2007af 102 0.0055 1176.5350131767193 0.049999999979932784 1.959678520033612 0.3335262140323916 0.0 9.309667348134099e-08 5.106682378838712e-07 0.014263731370431465 0.00229395529958909 46423.445980618555 83.0 -18.144410512996267 0.7080250830466213 1165.8 1256.69 22 80 "Minimization exited successfully."
2007ai 52 0.0317 1173.4708093852712 0.0008929683824590085 1.2134459066575172 0.5335121159557139 0.0 0.1750148495158328 5.747866220104391e-06 0.09152485161792745 0.008030754328538725 635.1863630334153 36.0 -17.62934028420301 0.8209967222951668 1172.89 1259.7 2 50 "Minimization exited successfully."
2007al 48 0.0122 1162.9506041215982 0.0029621841892190277 -2.1520926203694697 0.42346500624344263 0.0 5.8311570114710776e-05 2.1627862536918816e-05 0.0327061912528559 0.007811098856860044 1791.089803340032 30.0 -16.817758117626955 1.4902627546504377 1170.77 1246.58 0 48 "Covariance may not be accurate."
2007as 65 0.0176 1182.252488641969 0.006731656762209496 -0.977240643958651 0.2530047071493726 0.0 0.040397771275252126 1.4974050520213944e-05 0.019327821753385876 0.002780618786229705 2123.9792821282513 46.0 -18.508165913901614 1.2307407574868172 1181.7 1259.49 4 61 "Minimization exited successfully."
2007ax 40 0.0069 1186.3969838833527 0.0039575875568089725 -2.0180677366351327 0.8436444825202829 0.0 0.05203608971532958 1.7732931421173166e-05 0.035576690381772025 0.005892804278988972 7226.789877866962 31.0 -15.914366637856556 1.40677319624249 1185.56 1246.46 4 36 "Minimization exited successfully."
2007ba 56 0.0385 1197.1450571417781 0.0011392187027595702 -2.9303018560304945 0.37613935101094764 0.0 0.028294725683622346 5.084222237060386e-06 0.031230299029829878 0.007019390711021978 3007.9263717030904 50.0 -18.31667159001916 1.7228538923967989 1190.83 1255.61 8 48 "Minimization exited successfully."
2007bc 47 0.0208 1200.7311590895233 0.007320905911370451 -1.0816604202657216 0.045148304257701444 0.0 0.03341777556136094 1.4741663758293094e-05 0.01984987171931807 0.0030906445938891913 1695.1457067218237 40.0 -18.963917361260968 1.2697086670310185 1197.65 1259.53 8 39 "Minimization exited successfully."
2007bd 44 0.0309 1207.9150034594377 0.003571017169792304 -0.5878034683452524 0.01685491144017104 0.0 2.0257346022845013e-07 1.0167605347784214e-05 0.018227960425279743 0.004053547168460736 2280.0829017813485 40.0 -19.06068972321338 1.1669326388736927 1197.53 1259.46 16 28 "Minimization exited successfully."
2007bm 35 0.0062 1225.3060481170428 0.02459617437381382 -0.9941976744918684 0.5406501909595465 0.0 0.032862294950518844 4.922030384791991e-05 0.013763560294535626 0.0022477799590319147 7120.739050797155 31.0 -17.642517075233904 1.2107807621225621 1224.67 1259.56 3 32 "Minimization exited successfully."
2007ca 44 0.0141 1228.3057962401729 0.005926063700914488 0.662355851667904 0.3710796352207346 0.0 0.015880902553249143 1.1148413098975487e-05 0.01618719458289508 0.0028562557163791524 3066.9723848760605 40.0 -17.88748211918049 0.9177401647111267 1218.68 1259.63 11 33 "Minimization exited successfully."
2007cg 22 0.0332 1227.8006572143365 0.0006977133406814468 0.800753158516299 0.8216602239482127 0.0 0.41338033628676385 1.9609376754889352e-05 0.12597061712032875 0.017851925480307007 117.95888253094095 18.0 -17.484975060895813 0.8741960477874358 1235.63 1259.59 0 22 "Minimization exited successfully."
2007hj 93 0.0141 1347.740343561604 0.007757147683725782 -2.0892420800986415 0.2711427941402027 0.0 0.028371546908942946 2.0154430440140654e-05 0.010175620955096498 0.0026508222088093003 7216.8961461293375 71.0 -18.174846617703068 1.491437251394089 1348.76 1440.53 0 93 "Minimization exited successfully."
2007hx 41 0.0794 1354.7524585614606 0.000312183119438339 0.4953654777681349 0.192122495188068 0.0 0.24096471826214838 2.258381310756019e-06 0.12322197497214304 0.007447712162948372 239.15225102661782 36.0 -18.543135935071774 0.9544346623518969 1354.78 1411.73 0 41 "Minimization exited successfully."
2007if 67 0.0742 1355.9522569918956 0.0010613261698785932 0.6960316850134705 0.3615010361248572 0.0 4.793576374595432e-05 3.671341366884317e-06 0.0378096194161861 0.0032572972085709306 4068.8800153439074 49.0 -19.721915020665232 0.9125285394210358 1357.77 1443.6 0 67 "Minimization exited successfully."
2007jd 46 0.0726 1361.5527426989938 0.0003725441474236729 -0.6884950785434523 0.18786179859884045 0.0 0.43718399320391654 5.706916835561399e-06 0.14710315561654141 0.009484901198767104 449.3432425911292 42.0 -18.52939626222794 1.1758156528250652 1362.83 1403.81 0 46 "Minimization exited successfully."
2007jg 57 0.0371 1367.120387098192 0.0014594756226868205 -0.69038000772417 0.24018531671976273 0.0 0.045800995213880924 4.080151055484149e-06 0.04168768357101671 0.004115907442663769 1134.2571516461185 50.0 -18.499414334328964 1.1724856899150993 1363.82 1423.7 12 45 "Minimization exited successfully."
2007jh 25 0.0408 1362.9951698303341 0.0005630809962226896 -0.9801861665976173 0.3883335893644617 0.0 0.20209514508405846 5.40671601778896e-06 0.07700300350144751 0.0153549712116543 491.2744562449851 21.0 -17.682570399452015 1.2204928379452937 1363.86 1395.86 0 25 "Minimization exited successfully."
2007le 94 0.0067 1399.8784468961064 0.04140330368017314 0.11286855914621441 0.4084376299401269 0.0 0.018625766241711972 9.519138120530832e-05 0.01670642042032755 0.0026095458050838793 3251.002591580297 70.0 -18.371141323379796 1.0104014687537504 1392.6 1470.55 13 81 "Minimization exited successfully."
2007mm 22 0.0664 1391.959819197475 0.00018141566505106845 -3.6527003578539308 0.7532436449271636 0.0 0.07047805900356252 1.7052698296118857e-06 0.08887038653715873 0.02026494240823995 347.2573532252901 18.0 -17.571865733274002 1.9003730985121727 1385.72 1418.69 3 19 "Minimization exited successfully."
2007nq 75 0.045 1398.7847071831104 0.001695637601111641 -1.992159520155219 0.05535018096652666 0.0 0.06112451705973854 7.941317033763415e-06 0.02892219739241897 0.0058736596203738944 801.5126050650807 56.0 -19.090581055684833 1.4892861486423499 1397.65 1476.56 4 71 "Minimization exited successfully."
2007ol 24 0.0559 1413.1623898239523 0.0009461386511493225 -2.1134351567175678 0.038428291218328914 0.0 0.1042581947135659 5.8924298420276575e-06 0.2000261391967988 0.00933774796840603 352.2278886792676 20.0 -18.9452635802763 1.5241453830819545 1409.79 1422.66 8 16 "Minimization exited successfully."
2007on 104 0.0065 1422.2850081393494 0.04999922772751622 0.699769256838322 0.27347258760646564 0.0 4.728246835838945e-06 6.993930489092304e-07 0.011797337987375478 0.0022518144321397315 154473.7298221858 72.0 -18.505338455661896 0.9158028620086345 1411.79 1508.61 15 89 "Covariance may not be accurate."
2007so 27 0.0297 1430.2642656699038 0.0027561778140004854 -1.0082825986884476 0.11304878743941882 0.0 0.16785655293983837 6.344096088089926e-05 0.0924878527207833 0.013892778158720254 422.60911500645676 23.0 -18.69200191394541 1.2483556696316924 1449.68 1469.55 0 27 "Minimization exited successfully."
2007sr 103 0.0055 1458.5950400841732 0.049999999999969236 0.4624328764888066 0.6790805735567309 0.0 1.2244057643329143e-06 3.4522152831187314e-07 0.012181678294634679 0.00195690883894839 107562.06371219012 65.0 -18.16150015448143 0.9360191849830226 1455.76 1578.72 12 91 "Minimization exited successfully."
2007st 44 0.0212 1453.5523335098414 0.008661665832541816 -1.6979390789325342 -0.01846445193654689 0.0 0.08522641106583251 6.629067641608817e-05 0.022338223365034215 0.005224569495907827 1468.7017642886692 40.0 -19.18811892308485 1.4206649413600463 1458.66 1493.55 0 44 "Minimization exited successfully."
2007ux 63 0.0309 1463.8651254629954 0.0018541325412977983 -1.937989842131238 0.19682190753063966 0.0 0.08362194019821345 1.1701352646011054e-05 0.028751566842463383 0.00590112846068469 1694.7881561798076 45.0 -18.350555029283633 1.4599241116495065 1466.86 1558.61 0 63 "Minimization exited successfully."
2008C 48 0.0166 1470.7500265049478 0.006042680613737645 -1.587264645802125 0.33534299045943383 0.0 7.410730745505134e-06 2.425329828653188e-05 0.03773688084502491 0.006202874258132596 1612.6931752382363 32.0 -18.26455922560841 1.3591711143948437 1469.81 1552.5 8 40 "Minimization exited successfully."
2008J 38 0.0159 1464.7323171964367 0.0076359721831534555 4.999999696110413 0.7294100076769956 0.0 66.1855464916398 0.02857605474799424 6.15100714187415 1.4554699217987137 23168.008065777336 34.0 -18.507457966227488 0.19561578002948643 1484.54 1515.52 0 38 "Covariance may not be accurate."
2008O 50 0.0389 1490.2940275876108 0.0007138833891891822 -1.9973051344200665 0.4708038465357718 0.0 0.1173012778407383 5.2736348760990415e-06 0.06070822307365131 0.009150598414214395 616.834698435419 40.0 -17.83692023750976 1.4449856010497086 1490.64 1571.48 0 50 "Minimization exited successfully."
2008R 43 0.0135 1493.2605750859097 0.011039977802334663 -2.163244219546332 0.1291422794399657 0.0 0.03627717359893268 2.5702276007715658e-05 0.012819967322854176 0.002786346769516057 6403.304646113864 39.0 -18.45949857305951 1.5277122657873612 1493.63 1532.52 0 43 "Minimization exited successfully."
2008ae 30 0.03 1510.0287669375969 0.0006047058337016464 -1.7506521984249797 0.5261220303886396 0.0 0.14917257117804184 6.556759103459897e-06 0.10795345399888134 0.013941587357702456 742.3779783494725 22.0 -17.08118287065679 1.3787545332332343 1508.74 1597.56 3 27 "Minimization exited successfully."
2008ar 62 0.0261 1535.3244943486245 0.004878307060274034 -0.18242763675040852 0.08467803424898479 0.0 0.024663321196953802 1.835171032822094e-05 0.02550192215198077 0.003911973261155999 1319.1582130989455 52.0 -19.02557736661265 1.0829417584351049 1527.79 1606.6 4 58 "Minimization exited successfully."
2008bc 104 0.0151 1550.5816887354079 0.009110024275711693 0.6363820367839201 0.20454243870396782 0.0 0.009739278403571916 1.1152022797779673e-05 0.010942339798363676 0.001537709309853752 9796.967057918939 83.0 -18.49965344691268 0.9295979716490432 1541.67 1646.46 27 77 "Minimization exited successfully."
2008bd 31 0.0301 1525.1154878056693 0.0011434401022308444 -1.912866705707092 0.25770413345034315 0.0 5.357588065635355e-05 5.36009849945576e-05 0.14690606231544923 0.04017998901172304 90.08014904242917 25.0 -17.768964404522247 1.4469769699944663 1541.7 1592.62 0 31 "Minimization exited successfully."
2008bf 101 0.0235 1555.604592654667 0.00786193761723837 0.48490841665243334 0.013380290683426832 0.0 0.01714881328962292 1.5850630921758826e-05 0.018792765059867378 0.002221244719249893 3854.9637592792906 81.0 -19.31165272267778 0.9643486908351413 1547.73 1646.49 16 85 "Minimization exited successfully."
2008bi 35 0.0134 1537.7581030678587 0.004132628170175112 -2.6904619851538065 0.282138747083704 0.0 0.118495928202492 9.964900190675974e-05 0.037572380967072716 0.016316551584738437 502.7514023190886 30.0 -17.37952199890149 1.6616257457906372 1551.52 1595.52 0 35 "Minimization exited successfully."
2008bq 64 0.034 1563.9432415153674 0.0025607082917964126 0.41618947667233464 0.19847399647235808 0.0 0.05604131777931798 5.759049184203514e-06 0.03214641169510868 0.0026504174586583495 2559.8684306646 60.0 -18.915047308977712 0.9679223204969247 1562.49 1606.46 4 60 "Minimization exited successfully."
2008bt 49 0.0154 1568.376378620705 0.0033185894599048193 -1.9272327331459644 0.4546106147522746 0.0 0.10818976780080902 2.7234812295887133e-05 0.026466970985956406 0.006462739066229295 3894.7922169173544 34.0 -17.453809147503 1.4292702577993062 1571.61 1651.47 0 49 "Minimization exited successfully."
2008bz 44 0.0603 1580.3274811504884 0.0010141665670442197 -0.49217780956919377 0.04273653550992318 0.0 0.14281301538414937 6.253506373106433e-06 0.06973470629242007 0.006292343762759334 549.2820234777198 34.0 -19.192849626009423 1.1459444036244335 1580.72 1651.52 0 44 "Minimization exited successfully."
2008cc 81 0.0104 1580.26001951569 0.016064876852701217 -1.7740883403551688 0.38811850903178025 0.0 9.330424290965311e-07 3.01215598337342e-05 0.014122131063300625 0.0023084303661353722 27948.737819495032 49.0 -18.302396663481638 1.3987038776206884 1582.86 1654.86 0 81 "Minimization exited successfully."
2008cd 14 0.0074 1569.3582467445644 0.0015355917462526237 -1.3261772952309396 0.9999999877328316 0.0 1.1107770152235616 6.334628356179366e-05 0.3330592823903733 0.005691428528460496 100.94216700366246 10.0 -15.055182903037931 1.238266523005997 1587.74 1595.73 0 14 "Minimization exited successfully."
2008cf 45 0.046 1596.370732714126 0.0021004024105472584 0.9582838524410402 0.011341031217364073 0.0 5.8535880725685274e-05 4.131166891667469e-06 0.024183483125419514 0.003435600712832998 1456.9429649946399 35.0 -19.373913779424495 0.882707238605299 1595.77 1654.65 4 41 "Covariance may not be accurate."
2008ff 86 0.0193 1714.6062117667793 0.0047524966025187 1.2429038901443832 0.5265806858080406 0.0 9.157426347883302e-06 1.1727073483245969e-05 0.02104472977762839 0.002479777669628147 37736.81087469419 63.0 -18.346313220480543 0.8165663464469439 1724.53 1790.57 0 86 "Covariance may not be accurate."
2008fl 89 0.0199 1721.348396494532 0.005425051705520412 -1.3286523356664914 0.17434879160185202 0.0 0.05362158977618492 2.0272494218041923e-05 0.01410694829372594 0.0029830106949285673 2397.6108014924816 70.0 -18.5424194830679 1.3143531857295372 1724.49 1789.53 0 89 "Minimization exited successfully."
