analysis_pipeline/results/fit_results/csp_dr3_salt2_2.4_4_all.ecsv
# %ECSV 0.9
# ---
# datatype:
# - {name: obj_id, datatype: string}
# - {name: num_points, datatype: int64}
# - {name: z, datatype: float64}
# - {name: t0, datatype: float64}
# - {name: x0, datatype: float64}
# - {name: x1, datatype: float64}
# - {name: c, datatype: float64}
# - {name: z_err, datatype: float64}
# - {name: t0_err, datatype: float64}
# - {name: x0_err, datatype: float64}
# - {name: x1_err, datatype: float64}
# - {name: c_err, datatype: float64}
# - {name: chi, datatype: float64}
# - {name: dof, datatype: float64}
# - {name: b_max, datatype: float64}
# - {name: delta_15, datatype: float64}
# - {name: tmin, datatype: float64}
# - {name: tmax, datatype: float64}
# - {name: pre_max, datatype: int64}
# - {name: post_max, datatype: int64}
# - {name: message, datatype: string}
# schema: astropy-2.0
obj_id num_points z t0 x0 x1 c z_err t0_err x0_err x1_err c_err chi dof b_max delta_15 tmin tmax pre_max post_max message
2004dt 269 0.0197 244.76528593960364 0.009543584626220472 -0.8440613685059581 0.23890125383679806 0.0 1.4504759121791722e-05 1.3035251792513705e-05 0.005453434883091912 0.0007959787929885387 104983.71314537109 214.0 -19.135086269682464 1.2039832474084164 249.79 365.62 0 269 "Covariance may not be accurate."
2004ef 278 0.031 264.72509224444883 0.0025563791082938523 -1.4142892028554064 0.14564322320578693 0.0 0.005410336393367743 2.301254480707683e-06 0.006234596607404885 0.0007625995802799101 12213.015773920532 248.0 -18.705716195216745 1.3366141695304634 255.69 329.57 59 219 "Minimization exited successfully."
2004eo 269 0.0157 278.85503982178057 0.010629892182438403 -1.224301810293078 0.19591577267100146 0.0 0.0035550004117510525 9.139314009734036e-06 0.0038471020501891218 0.0006184067015646555 40196.036452824745 212.0 -18.7514655694837 1.2889960733533492 266.52 341.54 94 175 "Minimization exited successfully."
2004ey 213 0.0158 305.02410559294407 0.013340183520956075 0.23985666702139508 0.08532311905803858 0.0 0.008376738368497172 1.1790993575777446e-05 0.0073208720897546264 0.0007113270665298765 10180.812164276875 171.0 -19.011147470629975 1.004707650819416 295.53 358.55 55 158 "Minimization exited successfully."
2004gc 134 0.0321 325.794392895789 0.001725291391524911 -0.6276113562048362 0.32906122939055704 0.0 0.07887607804428853 9.375344996617806e-06 0.018252888974886528 0.0025635154920711223 2384.977116908244 101.0 -18.36136787432758 1.1536179832463915 329.83 397.66 0 134 "Minimization exited successfully."
2004gs 299 0.0267 358.3450093569496 0.0020321746502381943 -2.347236657647179 0.19777671178795164 0.0 8.239617557137535e-07 3.618255471600409e-06 0.00989876724010097 0.0013724575240777748 16171.301215815174 172.0 -18.125867468360447 1.5712109045839355 352.85 461.56 24 275 "Minimization exited successfully."
2004gu 156 0.0459 362.9836773885975 0.0016830473904888095 1.4424453234285526 0.12473707266392542 0.0 0.04655792721086982 4.630237533881387e-06 0.02423837201920298 0.002080964869859425 1469.7944166219572 141.0 -19.129899610384843 0.7984173963168288 357.86 410.84 14 142 "Minimization exited successfully."
2005A 182 0.0191 379.68598163783804 0.0008559296105829395 -0.13164708428785676 0.9999999999965608 0.0 0.04709680034829944 1.2933260936334626e-06 0.018122360520221203 8.65768510110998e-05 5889.732419249854 132.0 -16.500021199507316 1.016304362746613 376.65 433.53 10 172 "Minimization exited successfully."
2005M 381 0.022 408.470018696067 0.006408128437313038 1.1239482052545497 0.07836772669983327 0.0 4.758078375743935e-09 9.269643590192975e-06 0.011347971709508187 0.0012106902808088904 29142.896921083833 266.0 -18.944875439457064 0.8524844440103259 396.77 480.51 75 306 "Covariance may not be accurate."
2005W 117 0.0089 412.93744622860373 0.02765079159350635 -0.028100857863571527 0.24274553530481602 0.0 0.017767112931664997 4.756903216772759e-05 0.027857555903820774 0.0014751278474416374 3469.999020542808 113.0 -18.547231246619894 1.0451004276044706 404.54 429.51 42 75 "Minimization exited successfully."
2005ag 208 0.0797 415.21607950508775 0.0006227727201861156 0.38765804957149363 0.04020805959639917 0.0 0.07369905456903325 1.5819606029435543e-06 0.034796461372331056 0.0023252498153358836 1260.0335195663056 167.0 -19.29957190407483 0.9803809854619381 412.82 480.84 15 193 "Minimization exited successfully."
2005al 238 0.0124 433.1300023746994 0.014985944898071368 -1.6019553605816599 -0.02925641967461079 0.0 4.5429914052874665e-07 1.1727876225883956e-05 0.005091391902669606 0.0008560197549086213 16767.206098076374 188.0 -18.604175716460986 1.3977115838375695 429.76 512.79 24 214 "Covariance may not be accurate."
2005am 203 0.0079 440.0650036039208 0.043403530174437356 -2.2490893316414273 0.08857468905002386 0.0 3.0092422775851446e-07 5.333812309173819e-05 0.004832395359889663 0.0008894571387910721 105850.51792843688 172.0 -18.7724380860034 1.5564784459883736 432.58 512.46 15 188 "Minimization exited successfully."
2005be 68 0.035 459.959348987784 0.002971859726777132 -1.8278964032108789 -0.052889836747285646 0.0 0.04071328850213263 1.4468276554536986e-05 0.015287314861447854 0.0028342782824849477 1968.4468350030722 64.0 -19.137974584428772 1.4574227408320262 467.89 491.77 0 68 "Minimization exited successfully."
2005bg 95 0.0231 469.65196907294074 0.00700073670574817 0.8244132799061106 0.028429827671433205 0.0 0.06621877508740681 1.869992040132466e-05 0.03211119171530141 0.001616174504768475 4737.726515437348 91.0 -19.14807562674591 0.9048046887669017 471.65 512.61 0 95 "Minimization exited successfully."
2005bl 64 0.0241 482.8981150304288 0.0005595519155070422 -4.42938817393152 0.5511171526875447 0.0 0.02054161191861681 3.108024508587093e-06 0.05924658953259687 0.004979751391680942 10490.166757608034 60.0 -16.51221965558994 2.2986606874875157 476.61 512.57 35 29 "Minimization exited successfully."
2005bo 54 0.0139 479.0470464127843 0.00820422927201478 -1.0554752932814382 0.2865320829258595 0.0 0.06945404912340791 2.625169446880682e-05 0.044465454491367185 0.0023553273732471736 1393.558313726793 50.0 -18.205231524037345 1.2446446872661774 478.75 512.76 6 48 "Minimization exited successfully."
2005el 236 0.0149 649.0150482835413 0.012854388981691407 -1.5276415874055198 0.0026976860990506335 0.0 5.717457156606542e-07 1.8854981346933843e-05 0.005472387946553914 0.0011285379619012659 62402.49322157473 111.0 -18.840608051561837 1.3765456819354558 639.89 730.75 30 206 "Covariance may not be accurate."
2005eq 211 0.029 656.3000444217101 0.004025477396254959 0.9679062493688262 0.10526378071325082 0.0 5.997502512400388e-06 5.719040758315943e-06 0.016430450488875703 0.0014453717166300617 3947.4780213712215 109.0 -19.051582877788178 0.8775622034437305 647.8 751.66 18 193 "Minimization exited successfully."
2005gj 227 0.0616 712.490015059855 0.000980438272349385 4.9999979823513225 0.7681532071567156 0.0 2.3931577288749395e-06 2.894872327580101e-06 0.00022534286041153706 0.00268702124313136 66578.04764334035 93.0 -19.29713940724381 0.19635251065982473 698.7 1016.76 42 185 "Minimization exited successfully."
2005hc 163 0.0459 668.0202226259094 0.0018094606034036677 0.9463503832597961 0.044242258016850666 0.0 0.03369845676542127 2.9213327746371864e-06 0.022644921534711315 0.0015585059127014578 2099.5424476172916 86.0 -19.207245342306877 0.8834957586523728 661.67 755.61 35 128 "Minimization exited successfully."
2005hj 102 0.0574 676.7601191166893 0.0012171416562259674 1.0264733404417434 0.05066659737188073 0.0 7.877877294504287e-06 3.8824695545392135e-06 0.03944795946922408 0.002787655575867354 1759.5106858803397 60.0 -19.280528628772863 0.8697707029053383 671.67 761.57 29 73 "Minimization exited successfully."
2005hk 245 0.013 688.9100224478493 0.004537906807835177 0.14414780962642837 0.6287629852093184 0.0 3.64712377631804e-07 7.725281256300027e-06 0.010798537827650279 0.0013046488684439472 172374.74861174458 114.0 -17.43292236726 0.9924266958120391 675.61 761.54 68 177 "Minimization exited successfully."
2005iq 154 0.034 688.1296364442914 0.003116626166701844 -0.9598840250001412 -0.054604330407206914 0.0 0.018168399498449617 6.168816253247691e-06 0.02020345271422519 0.0017310246623678527 2766.9305672548976 95.0 -19.12545996538893 1.2504782715188298 682.55 755.55 36 118 "Minimization exited successfully."
2005ir 65 0.0763 686.7154166429722 0.0006638823639655373 0.1929114412744113 0.048149821961687156 0.0 3.122502874930433e-05 2.9247683009478876e-06 0.05201670212678211 0.004042216122948861 590.7259631332753 61.0 -19.269023582364923 1.0150506677348439 682.62 740.53 18 47 "Covariance may not be accurate."
2005kc 125 0.0151 698.2484435701923 0.00636818033438894 -0.6406336286806349 0.3794223040274043 0.0 0.012931660366461983 1.381690205816714e-05 0.01656431549772952 0.001828385364110896 3633.5754887518024 69.0 -18.115506650015348 1.1525760695571918 687.52 728.54 53 72 "Minimization exited successfully."
2005ke 367 0.0049 700.3750539832296 0.0157133514804443 -1.838975543213932 0.510473813745707 0.0 9.78650916749757e-07 2.344339404406967e-05 0.005846010037998894 0.0010855333677946 136095.39781398856 125.0 -16.640747938308248 1.4015541073472306 689.69 819.51 65 302 "Minimization exited successfully."
2005ki 310 0.0192 705.7739065407932 0.009315906209165017 -1.48814107273708 -0.033466562302799874 0.0 0.010612017191704126 1.547626394807211e-05 0.008139652452466617 0.0013384734444170099 4642.084634743204 114.0 -19.048814971664605 1.3702541002283528 695.86 861.5 29 281 "Minimization exited successfully."
2005ku 37 0.0454 699.061246747912 0.001330577418310966 0.10122830823348306 0.17435324627589943 0.0 0.18025678638741738 1.0079868842664775e-05 0.11066325822925638 0.005416502024523262 376.7061468482234 30.0 -18.84976836055108 1.0252425776847822 699.56 739.53 0 37 "Minimization exited successfully."
2005lu 88 0.032 719.9400133429583 0.001355129068344821 -0.03474174941969821 0.3405352050082424 0.0 2.6067252179018396e-06 5.675740594260413e-06 0.029192991953116643 0.0033103281528240602 3485.233401033115 63.0 -18.09299083983911 1.0407142716726838 719.66 799.52 1 87 "Covariance may not be accurate."
2005mc 83 0.0252 730.588467380595 0.0025180194463829356 -2.137438770087467 0.2534451870368728 0.0 0.09705742767710035 2.3413824584889208e-05 0.01599799500923882 0.003487515069479308 3494.125461093083 79.0 -18.232020737302356 1.5063513663349823 736.79 773.62 0 83 "Minimization exited successfully."
2005na 170 0.0263 744.2850530692589 0.005168536771352334 -1.2174876960939995 0.026583378574868588 0.0 6.3786866348891635e-06 6.644242514949623e-06 0.00928303131908259 0.0012106312640235428 21691.739096541605 123.0 -19.1043001844347 1.301655050736617 738.71 834.54 18 152 "Covariance may not be accurate."
2006D 298 0.0085 759.3350729073211 0.029436081860235237 -1.631094506015629 0.1028824125896568 0.0 1.154371318534686e-06 3.963446255547676e-05 0.005452513832607364 0.0009226596171919565 26555.109933678206 145.0 -18.5111939594876 1.3922745676416266 751.84 891.61 12 286 "Minimization exited successfully."
2006X 312 0.0052 788.440041099538 0.013611489816375916 -0.029923096901728563 0.9999999999991225 0.0 2.3391203285427764e-07 1.1135313160983915e-05 0.0070293043773372865 1.523371254030792e-06 127880.22246186298 130.0 -16.655345601250666 0.9991721110761169 775.68 906.46 70 242 "Minimization exited successfully."
2006ax 236 0.0167 828.1248125258896 0.013947835355028249 0.1711749344322353 -0.000954493496492792 0.0 0.007863045661110846 2.1907215611566624e-05 0.009335055601091824 0.001090235003868012 6525.961677575521 121.0 -19.180831032379288 1.0214520854704947 815.64 891.5 55 181 "Minimization exited successfully."
2006bd 52 0.0257 810.1306035305034 0.001218187681029806 -1.700243805964278 0.3874370983968798 0.0 0.11472556548199009 1.683699663050653e-05 0.041198102595973785 0.008528142155171947 1123.2203216421308 24.0 -17.49189654041179 1.3809432366589043 822.75 872.57 0 52 "Minimization exited successfully."
2006bh 175 0.0109 833.3476290492897 0.02892430924148123 -1.4781061750907334 -0.019577024392366527 0.0 0.018926806960962494 4.225400062975691e-05 0.006723943997777093 0.0009884950507061396 7052.366094782352 100.0 -19.035671004855423 1.3665889792649786 829.91 891.79 23 152 "Minimization exited successfully."
2006br 64 0.0246 851.375757639488 0.0004275040207543324 -0.7993995669611582 0.8576206670969717 0.0 0.13920993310978247 6.212730255025789e-06 0.06326899760179172 0.008738442708779215 285.70988120628897 39.0 -16.290035850442454 1.1465874225851458 855.66 891.66 0 64 "Minimization exited successfully."
2006bt 88 0.0322 859.6261938539155 0.0024049859676727767 -0.3099398977283254 0.2455763297535336 0.0 0.03123847537307256 6.61912128067238e-06 0.023261661144320378 0.002200348957395848 6793.448888067446 57.0 -18.726523270685064 1.0975804117484564 853.76 891.71 15 73 "Minimization exited successfully."
2006dd 217 0.0059 951.6054099558027 0.04999998544413525 4.999957262784774 -0.17203300813210343 0.0 1.0276268540110323e-05 1.0818045604217563e-06 0.000521285976714303 0.0011287884528516368 47786.70572925695 27.0 -18.338941081641416 0.17961388640666165 906.94 1147.57 1 216 "Minimization exited successfully."
2006ef 56 0.0179 970.0309805463379 0.010578601256381388 -1.3652260763831539 -0.018162238924784413 0.0 0.040784803444580575 4.614834396186613e-05 0.013834276783853738 0.002144658721434378 2321.7114225601763 42.0 -19.032451466655935 1.3395882343233758 979.9 1040.71 0 56 "Minimization exited successfully."
2006ej 64 0.0205 975.9677548092887 0.008235413951743448 -1.424347770342942 -0.00782577659580097 0.0 0.0725809691235213 4.5827856339327594e-05 0.01705947355495896 0.002883635579668531 907.813208402633 44.0 -19.059375429512354 1.3526792976636983 979.74 1046.74 0 64 "Minimization exited successfully."
2006eq 98 0.0495 977.0354590374495 0.0006231826505029792 -2.315518083409398 0.25201899447565923 0.0 3.5922907557051076e-05 5.047475447379811e-06 0.0318618649853839 0.006225524352278078 959.1639902309156 61.0 -18.221073086114906 1.5554814137044133 980.56 1029.51 0 98 "Covariance may not be accurate."
2006et 236 0.0226 995.4500026805933 0.006337904695972988 0.7026580439912324 0.21650727561288874 0.0 7.05351055785286e-07 9.898631539773106e-06 0.007340276952584546 0.0013423049989078617 4945.830985591582 98.0 -18.994142823869076 0.917791231729808 982.63 1099.54 42 194 "Covariance may not be accurate."
2006ev 116 0.0287 989.9162696371036 0.0019038566462278722 -1.3237589355345456 0.201632509527919 0.0 0.07025657218815695 1.1558811006198775e-05 0.02837934402016029 0.0035231320008856093 686.1682401558709 45.0 -18.215674636684266 1.3108283225725152 993.59 1039.52 0 116 "Minimization exited successfully."
2006fw 31 0.0835 1004.5983529198049 0.0003783161948504171 -0.686446933723035 0.19565960217439438 0.0 0.10072213824241771 2.071930352465207e-06 0.07660431146311408 0.0053459546194057905 1205.0114202871398 27.0 -18.86661189076787 1.1748500546831977 1001.75 1039.73 6 25 "Minimization exited successfully."
2006gj 122 0.0284 1001.3100710966853 0.0011134786648609035 -2.306644099972204 0.37625184583553306 0.0 3.5724072517950844e-06 4.110016308460319e-06 0.022743822287944138 0.0033874658072768904 1775.8947147058323 57.0 -17.614969974386582 1.5375062254999996 998.83 1096.59 6 116 "Minimization exited successfully."
2006gt 93 0.0448 1004.4100643230379 0.0007693951097754643 -2.540484547958164 0.1904628501817267 0.0 6.522408853015804e-06 2.7698798372638228e-06 0.03220642273067775 0.003489844495835892 2350.4280732402244 53.0 -18.224247171519824 1.6287972717930934 1001.67 1076.62 16 77 "Minimization exited successfully."
2006hb 190 0.0153 1000.1041149893779 0.012387858917786848 -2.1236923416017452 0.03889372545579772 0.0 0.02883494030646716 4.73346455841378e-05 0.009762849605766233 0.0020763479484812164 6492.077043062456 65.0 -18.85852297171177 1.5269392537611868 1006.87 1143.59 0 190 "Minimization exited successfully."
2006hx 70 0.0455 1022.4437910166249 0.00151017421433714 -0.1382249548041692 0.15054648636251566 0.0 0.04071766621632378 1.3003191744566335e-05 0.05220716600586783 0.0065859604386078185 737.9532574565076 43.0 -18.99159908021972 1.0707961256116576 1012.66 1080.59 16 54 "Minimization exited successfully."
2006is 176 0.031 1014.2500000222933 0.004250630717791942 0.5294170795318562 0.05474204968725527 0.0 1.9782709159699152e-07 5.893979025207996e-06 0.011886028274778138 0.0013058703166741736 24598.052943362098 72.0 -19.257923645309194 0.9546980963150808 1008.9 1125.67 12 164 "Covariance may not be accurate."
2006kf 180 0.0213 1041.3117123060729 0.003200699844515631 -2.1086223477204036 0.2206179267953854 0.0 0.018975263263428133 6.732965061533036e-06 0.013598571456997943 0.0017877960389792724 5513.981464724773 80.0 -18.120131664902008 1.50237089683921 1036.81 1127.64 32 148 "Minimization exited successfully."
