analysis_pipeline/results/fit_results/csp_dr3_salt2_2.4_4_red.ecsv
# %ECSV 0.9
# ---
# datatype:
# - {name: obj_id, datatype: string}
# - {name: num_points, datatype: int64}
# - {name: z, datatype: float64}
# - {name: t0, datatype: float64}
# - {name: x0, datatype: float64}
# - {name: x1, datatype: float64}
# - {name: c, datatype: float64}
# - {name: z_err, datatype: float64}
# - {name: t0_err, datatype: float64}
# - {name: x0_err, datatype: float64}
# - {name: x1_err, datatype: float64}
# - {name: c_err, datatype: float64}
# - {name: chi, datatype: float64}
# - {name: dof, datatype: float64}
# - {name: b_max, datatype: float64}
# - {name: delta_15, datatype: float64}
# - {name: tmin, datatype: float64}
# - {name: tmax, datatype: float64}
# - {name: pre_max, datatype: int64}
# - {name: post_max, datatype: int64}
# - {name: message, datatype: string}
# schema: astropy-2.0
obj_id num_points z t0 x0 x1 c z_err t0_err x0_err x1_err c_err chi dof b_max delta_15 tmin tmax pre_max post_max message
[from data line 106]
2008fr 82 0.0397 1741.5759278477249 0.0023405551845347206 -0.40215709463933624 -0.0696579689036283 0.0 2.0955584773219016e-05 3.734192493099766e-05 0.02970274199186429 0.010955653773270457 4923.863153287632 27.0 -19.16070932277444 1.1348453664922253 1738.78 1807.57 5 77 "Minimization exited successfully."
2008fu 58 0.052 1732.0961583394374 0.0014577845975410953 -1.3902109919383459 -0.07373477119531902 0.0 0.1558173350050538 4.7371935002329946e-05 0.0529455088994617 0.021643350227582736 154.06800137268058 27.0 -19.25183962589893 1.3502680409270376 1737.84 1817.67 0 58 "Minimization exited successfully."
2008fw 70 0.0085 1745.3850314758824 0.018087738858439978 -0.16310824767374932 0.17769813184926786 0.0 1.0959458904835628e-06 2.8146887471715634e-05 0.01009332882118441 0.0015336277879797189 67466.72203287818 27.0 -17.98433898176764 1.0739006228777228 1740.89 1827.81 2 68 "Covariance may not be accurate."
2008gg 102 0.032 1752.091520445082 0.004767001516588765 0.720778032656245 -0.0822441760355287 0.0 6.0545561609615106e-05 4.8927685666499965e-05 0.018140781232006464 0.006949763881234361 966.2813880816384 36.0 -19.453259071199003 0.9270068240481422 1753.63 1827.57 0 102 "Minimization exited successfully."
2008gl 87 0.034 1768.8904177286604 0.0034634663771383415 -1.4032118374739486 -0.06960075634746221 0.0 3.80342240760001e-05 3.96333191225672e-05 0.01871028081188464 0.007813605972080806 516.8833636723546 34.0 -19.239894423482625 1.3530153051242948 1765.7 1844.55 12 75 "Minimization exited successfully."
2008go 19 0.0623 1766.7131239719845 0.0010839462263825346 -0.5025147548332995 -0.05789730885010247 0.0 0.1952260190881816 5.31797524951056e-05 0.30628255692476225 0.0398667065645138 14.663641535616948 8.0 -19.33908128521991 1.1543431304166027 1764.54 1776.58 6 13 "Minimization exited successfully."
2008gp 96 0.0334 1779.837254591414 0.002719461082888031 0.07092637631079501 0.1485409593738911 0.0 0.024835175303337564 3.2977884208808175e-05 0.022705103932605386 0.008047596703475657 477.3439592356573 36.0 -18.939535893180356 1.0321390491553686 1768.75 1844.52 26 70 "Minimization exited successfully."
2008ha 56 0.0046 1766.4058930989695 0.0009762046275269194 -1.041459478232691 0.8066578433127329 0.0 0.14951645562439353 2.261384168756182e-05 0.04069662487772541 0.014520792110309877 1402.2423850548623 32.0 -13.507545771148898 1.198143210883341 1781.55 1810.55 0 56 "Minimization exited successfully."
2008hj 65 0.0379 1802.118757923823 0.003280306320205989 0.422399865270652 -0.056270622796208536 0.0 0.03811514305493802 4.400579236443075e-05 0.03953243413367957 0.009404156715574374 340.9002072182766 28.0 -19.42401995093248 0.9785418656132201 1794.58 1834.55 21 44 "Minimization exited successfully."
2008hu 52 0.0497 1805.6412414026338 0.0010633151614674319 -1.8229214429916847 -0.01703811295097568 0.0 0.09679700885260445 2.145444763465695e-05 0.0439212163652718 0.014236573983759881 231.79437697358833 28.0 -18.80697221126467 1.452483753857571 1804.74 1844.84 5 47 "Minimization exited successfully."
2008hv 132 0.0126 1817.3692902625717 0.02127992278082723 -1.4796925629677582 -0.08436515221903773 0.0 0.012675333905235675 0.0002364378849771774 0.018555160465047793 0.007187358276325051 1479.078636933908 36.0 -19.020303483659408 1.3727295210168222 1804.8 1912.7 31 101 "Minimization exited successfully."
2008ia 109 0.0219 1812.84910297559 0.003505087025959694 -1.4428659395419459 0.204672329880784 0.0 0.08103902214168102 7.273332601562114e-05 0.04932671386872989 0.014278535579458018 250.0634541092195 25.0 -18.27998771212773 1.337840379273377 1809.77 1874.69 12 97 "Minimization exited successfully."
2009D 93 0.025 1841.9800346469635 0.007035053056799129 0.6750441784381325 0.07015829313776734 0.0 0.029427096577023804 5.57301804337885e-05 0.015842154720299373 0.0052080278830654025 352.45245856082545 38.0 -19.328257738968475 0.9287372218939325 1834.67 1890.52 30 63 "Minimization exited successfully."
2009F 82 0.013 1844.52683512063 0.0012544379315983678 -3.2719970658509596 0.8028808156926222 0.0 0.02144585217911299 1.8132822997250775e-05 0.020921202859875532 0.009196027644954863 26088.89037188918 28.0 -16.04847519141061 1.758703497603669 1837.75 1884.63 36 46 "Minimization exited successfully."
2009I 37 0.0262 1851.9683765731158 0.00055584319615892 1.1621531183005596 0.9999999977213809 0.0 0.14971011308045945 2.8689606116724556e-06 0.11359971862867724 0.007325785793160455 64.41067213721429 6.0 -16.730694547089023 0.8100107656096398 1846.58 1867.58 14 23 "Minimization exited successfully."
2009J 18 0.0158 1822.2852474676934 0.000552574688437435 2.073008644200831 0.5797246092485251 0.0 1.1896913532817734 4.446384536698492e-05 0.8973579518573898 0.029124054372744235 28.763855640844323 10.0 -15.57413058605136 0.6825430276642059 1846.74 1867.68 0 18 "Minimization exited successfully."
2009P 46 0.0251 1868.3356980361427 0.0027619906194284757 1.2297516782274753 0.2789901130031902 0.0 0.13147959917580465 5.758409739604073e-05 0.05044409703555708 0.014417140835880082 340.79150156701905 22.0 -18.326457125988327 0.8278750196040008 1867.74 1931.61 2 44 "Minimization exited successfully."
2009Y 148 0.0094 1878.340398182514 0.04999999814244024 -0.047425057304622875 -0.10795184731712626 0.0 1.0732539976743283e-06 0.00013038180766456256 0.011784380884336532 0.0008427268297873103 2181.6594453450457 35.0 -19.307229986137273 1.0677305848587135 1868.84 1976.65 23 125 "Minimization exited successfully."
2009aa 150 0.0273 1878.7704135391086 0.003998773216732344 -0.5676421829401592 0.12912380104849164 0.0 0.016591014225809886 4.0549811576621846e-05 0.01811761579431126 0.006723637427791362 269.1791189801727 36.0 -18.90959651342439 1.1554515572333557 1868.77 1956.66 38 112 "Minimization exited successfully."
2009ab 62 0.0112 1883.6767063508742 0.007678754747027775 -0.9135643782634295 0.48854281081113804 0.0 0.0179702373670807 7.517960243050162e-05 0.022336440284209225 0.006312932663489423 434.93988420767613 16.0 -17.66829592023515 1.198699565296419 1874.57 1911.51 14 48 "Minimization exited successfully."
2009ad 80 0.0284 1887.1181580068196 0.003483956097359797 0.2992469766591457 0.20928520832213415 0.0 0.026077019244098665 4.511160263727669e-05 0.03121975552604095 0.00859444091042183 130.41212777079525 20.0 -18.84955192914549 0.987954465739719 1878.6 1921.53 16 64 "Minimization exited successfully."
2009ag 136 0.0086 1890.190915637043 0.00649617010420383 -0.03311733394842786 0.7575655756135222 0.0 0.04509542460857574 6.207943607121737e-05 0.012617604365347646 0.0058733419641380236 1285.4416518604678 32.0 -16.927319311694596 1.015212664013685 1886.62 1959.54 20 116 "Minimization exited successfully."
2009al 68 0.0221 1896.465148783266 0.0037094033315370257 -0.5904114555933431 0.44150345687438675 0.0 4.745075443679525e-05 6.796966546593493e-05 0.018777849886574938 0.011346479835648626 792.1304847227892 24.0 -18.370171829548422 1.1383008386443798 1891.71 1973.54 18 50 "Covariance may not be accurate."
2009cz 51 0.0211 1944.0518918717833 0.008286208527542744 0.4313834718287879 0.05618525208645231 0.0 0.04509516872474251 0.00014311729233261634 0.06185852036065942 0.012045302998696661 96.06104446909458 12.0 -19.130966364518656 0.9718878443065773 1937.53 1966.46 12 39 "Minimization exited successfully."
2009dc 76 0.0214 1950.033640249679 0.008611363757491433 -0.2513456395074378 0.48411336000771676 0.0 0.02516572820206875 9.53080052523642e-05 0.03025807771328015 0.007208835314865714 14966.079359704327 15.0 -19.21585701472264 1.0714772581983851 1938.77 1976.68 29 47 "Minimization exited successfully."
2009ds 56 0.0193 1962.1514034488941 0.011988931744596696 0.2788582565821507 -0.01928648223356555 0.0 0.09682812833318621 0.00042003864072095304 0.20779332677336804 0.02488221565860088 40.14455440869246 14.0 -19.33512365504378 1.0027038013840368 1954.64 1976.62 17 39 "Minimization exited successfully."
2009le 30 0.0178 2165.69268650257 0.014800492959207998 -0.66964866318283 -0.049772920406877974 0.0 0.1103664750983171 0.0002867287428526188 0.1550301028496186 0.013333635313130865 18.07899590789506 14.0 -19.385178821837215 1.1881712478354238 2153.53 2169.58 22 8 "Minimization exited successfully."
2010ae 52 0.0037 2277.5490858912754 0.0004509178418953847 -3.9778047786288155 0.9999999538323099 0.0 0.18030617899080426 1.4104974755689548e-05 0.28904221176879075 0.010223685868756882 70.61344439750506 0.0 -12.211959474624262 1.9642101862054844 2258.59 2305.53 50 2 "Minimization exited successfully."
