analysis_pipeline/results/fit_results/csp_dr3_salt2_2.4_4_blue.ecsv
# %ECSV 0.9
# ---
# datatype:
# - {name: obj_id, datatype: string}
# - {name: num_points, datatype: int64}
# - {name: z, datatype: float64}
# - {name: t0, datatype: float64}
# - {name: x0, datatype: float64}
# - {name: x1, datatype: float64}
# - {name: c, datatype: float64}
# - {name: z_err, datatype: float64}
# - {name: t0_err, datatype: float64}
# - {name: x0_err, datatype: float64}
# - {name: x1_err, datatype: float64}
# - {name: c_err, datatype: float64}
# - {name: chi, datatype: float64}
# - {name: dof, datatype: float64}
# - {name: b_max, datatype: float64}
# - {name: delta_15, datatype: float64}
# - {name: tmin, datatype: float64}
# - {name: tmax, datatype: float64}
# - {name: pre_max, datatype: int64}
# - {name: post_max, datatype: int64}
# - {name: message, datatype: string}
# schema: astropy-2.0
obj_id num_points z t0 x0 x1 c z_err t0_err x0_err x1_err c_err chi dof b_max delta_15 tmin tmax pre_max post_max message
2004dt 181 0.0197 244.76500808542755 0.010108433062600794 -0.9927195497290091 0.1290789524754281 0.0 7.534727899383142e-07 1.5511441789306697e-05 0.009270763789912095 0.0017988091900000835 56914.11175662342 142.0 -19.19526623420046 1.2437528851540112 249.79 365.62 0 181 "Covariance may not be accurate."
2004ef 167 0.031 264.64401444772085 0.002531424792489362 -1.413270565594002 0.19224821673521886 0.0 0.006544106638955327 2.5453354598470312e-06 0.008084790446847068 0.001551541485125929 8369.619904092335 158.0 -18.695916750783223 1.3321391671937768 255.69 329.57 39 128 "Minimization exited successfully."
2004eo 147 0.0157 278.7450204200679 0.010668223170418387 -1.174126865498887 0.11533129814762821 0.0 6.937143268714863e-07 9.879178385893694e-06 0.0043739116938597 0.0015931409654401651 17141.33293936776 140.0 -18.754038598220074 1.2845876378412093 266.52 341.54 45 102 "Minimization exited successfully."
2004ey 111 0.0158 305.0515105140755 0.013406324736882698 0.1961710055805561 0.06838504243791577 0.0 0.00977841042140426 1.3648142650563022e-05 0.010209006011596689 0.0013123776699612844 8487.295278886731 107.0 -19.016341452697148 1.013451347749145 295.53 352.55 31 80 "Minimization exited successfully."
2004gc 80 0.0321 326.2264617759918 0.0016655922925112754 -0.7705437327984574 0.3884617372110317 0.0 0.09683615085225483 1.1131425989142994e-05 0.024619399422588728 0.00550656520451831 1538.6510993045276 59.0 -18.32533456581571 1.1777125886275641 329.83 397.66 0 80 "Minimization exited successfully."
2004gs 164 0.0267 357.35510772018864 0.00203549160946436 -2.156351164319715 0.24004646855698653 0.0 3.943222679936298e-06 3.975941769863945e-06 0.014174859056962141 0.003292294462476475 4897.92476641508 107.0 -18.128701576128318 1.5130138223501923 352.85 461.56 12 152 "Minimization exited successfully."
2004gu 88 0.0459 363.0393787712094 0.001660549885136445 1.4371733056643095 0.16577963764620574 0.0 0.07357644795055762 5.522575256146421e-06 0.045914574174908296 0.004476644205723246 1110.4920421150284 84.0 -19.115930625478367 0.7979542540404871 357.86 410.84 8 80 "Minimization exited successfully."
2005A 73 0.0191 380.5571107514007 0.0008461887757375248 -0.32556112691198 0.9999999994849815 0.0 0.05220709168887083 2.0330535517878675e-06 0.0355516733077641 7.552996635928899e-05 1196.0830228646914 68.0 -16.487438627690423 1.0495423840106568 376.65 432.52 6 67 "Minimization exited successfully."
2005M 209 0.022 408.47002149199 0.0062786178179661594 1.4889208667542873 0.06106001221472468 0.0 3.0253264071689046e-07 8.860438077862472e-06 0.015758031138572548 0.0017408437394602627 21953.465310727897 175.0 -18.92298611349013 0.7928071669848755 396.77 480.51 42 167 "Minimization exited successfully."
2005W 77 0.0089 412.9596851050887 0.02755083206020463 0.009470002547892875 0.2549145142211884 0.0 0.021874231500817132 5.158646094995806e-05 0.03168967124381883 0.002664416109572465 3322.7199602539804 73.0 -18.543648526933556 1.037548891679391 404.54 429.51 27 50 "Minimization exited successfully."
2005ag 163 0.0797 415.39579194927524 0.0006210190200991423 0.2688938051562104 0.050934710589150445 0.0 0.07414631998159393 1.56802115233029e-06 0.03867019548172079 0.002838846862495803 1240.647074921357 134.0 -19.296478896316295 1.0011511862924891 412.82 480.84 12 151 "Minimization exited successfully."
2005al 140 0.0124 433.1300598794322 0.015133458238620388 -1.7047588620378553 0.0036615204949483893 0.0 2.2985223893101647e-06 2.0941932680928164e-05 0.008240450618847595 0.0015451661838384867 11544.182523923857 124.0 -18.614748708562978 1.4202253371725106 429.76 512.79 16 124 "Minimization exited successfully."
2005am 137 0.0079 440.06501199748124 0.044442955625506445 -2.36790289006799 0.05965656705984301 0.0 2.503092559891229e-07 5.9331561525297755e-05 0.005834563512880697 0.001416079840599771 67527.48761171772 128.0 -18.79784351490368 1.5943010595189389 432.58 512.46 9 128 "Covariance may not be accurate."
2005be 45 0.035 459.7178676274892 0.0029831223796016604 -1.7103836211347123 -0.04225131474773347 0.0 0.07545893453442432 2.6240070690790318e-05 0.018984620910655226 0.005760707250852426 1591.5271565968333 41.0 -19.142088310841757 1.426125412396896 467.89 491.77 0 45 "Minimization exited successfully."
2005bg 64 0.0231 469.58562748043744 0.007032882149781917 0.7844187505210831 0.05029100272544884 0.0 0.12212480971885498 2.884225165507596e-05 0.05561738854244158 0.0025443566536765827 3952.965062038986 60.0 -19.153114581563024 0.9107731101410881 471.65 512.61 0 64 "Minimization exited successfully."
2005bl 41 0.0241 482.36636159287394 0.0005160609240421222 -4.9999999858991275 0.8668094522284866 0.0 0.02054090172740075 2.6362240388863806e-06 0.006611110196751202 0.008475038008470936 2372.0307029639234 36.0 -16.447944490673454 2.5088871194695876 476.61 512.57 23 18 "Minimization exited successfully."
2005bo 36 0.0139 478.7822456442945 0.008317742637983697 -1.0033125640861886 0.23866351805316577 0.0 0.1108068219727727 3.100432383864628e-05 0.07408529391049212 0.0038961580628713577 1101.73144692702 32.0 -18.218830806454843 1.2374058039061175 478.75 512.76 4 32 "Minimization exited successfully."
2005el 93 0.0149 649.0150000571748 0.013369247986145562 -1.6049225213444558 -0.08158420657860177 0.0 4.23140306793357e-07 2.9943384129621498e-05 0.009950261345055056 0.002053534595206019 38396.365483612695 73.0 -18.88348902618489 1.4033171872240775 639.89 730.75 9 84 "Minimization exited successfully."
2005eq 99 0.029 656.3000219541234 0.004012621237318165 0.9873547387883255 0.11900335447807797 0.0 3.2703883903195674e-06 8.760333886577258e-06 0.022203083221213227 0.002826718875616585 3493.1592888430023 71.0 -19.04829699847408 0.873783241643018 650.81 751.66 8 91 "Minimization exited successfully."
2005gj 81 0.0616 712.4905923231715 0.0010082600152357985 4.999999990977216 0.7908239731569593 0.0 3.662979173668646e-05 3.3251046495513803e-06 0.0002872402591957979 0.007121916175598542 39817.16943531027 59.0 -19.32976668446965 0.1967838254128651 698.7 795.54 16 65 "Minimization exited successfully."
2005hc 79 0.0459 668.1157870776639 0.001811366875757392 0.8313331101071277 0.07488898142385358 0.0 0.03879461076479629 3.2035749745196185e-06 0.0317361203444686 0.0029519438408633913 1925.6717570661397 54.0 -19.208488030987837 0.9017967384959853 662.72 755.61 16 63 "Minimization exited successfully."
2005hj 50 0.0574 676.7600477588617 0.001227138164975375 0.7561059772403125 0.08013670489809921 0.0 1.3910796496929834e-06 4.351521635938206e-06 0.052192737231766095 0.006180971576238314 1419.0994191302134 36.0 -19.2893746414258 0.9144089992951692 671.67 761.57 12 38 "Minimization exited successfully."
2005hk 89 0.013 685.9100162634554 0.006683896443884091 -1.2617675502439445 0.31355312039620564 0.0 1.7176375877170358e-09 1.3877446729091032e-05 0.013431423878640159 0.0031516499951680377 40897.55605094663 70.0 -17.836619358676103 1.2870586913605244 675.61 761.54 16 73 "Minimization exited successfully."
2005iq 70 0.034 688.2296360635398 0.0031069919409030203 -0.9651383055528475 -0.037973446464478866 0.0 0.02059609661620243 7.0925120425654586e-06 0.026673296495951515 0.0031329775704257434 1855.5065579118045 61.0 -19.122027829790575 1.250405416903181 682.55 755.55 16 54 "Minimization exited successfully."
2005ir 52 0.0763 686.0354854010664 0.0006642878307999063 0.5152835186634608 0.06123471510306966 0.0 0.10738775949471346 3.0789890844845624e-06 0.09261739694575111 0.004667072969975816 466.66833394892706 48.0 -19.270008928634454 0.9568875267365939 682.62 728.63 15 37 "Minimization exited successfully."
2005kc 48 0.0151 698.1989038046165 0.006444736515618679 -0.6409863603042627 0.35237537041278855 0.0 0.015202814179986035 1.531072045502088e-05 0.018789852037012 0.0036967486233018265 2499.354399816957 44.0 -18.127423138462973 1.1545932780738806 687.52 728.54 19 29 "Minimization exited successfully."
2005ke 145 0.0049 700.3750493846863 0.014390408045109722 -1.3233956656190649 0.6129598978112341 0.0 2.233998543488269e-06 2.952848964621422e-05 0.010983661946867507 0.0025013877436574905 74265.00659445512 83.0 -16.55165000856389 1.2737305723121626 689.69 819.51 24 121 "Minimization exited successfully."
2005ki 163 0.0192 705.8435564775774 0.009281102623068818 -1.5094499369377412 -0.017786341663807215 0.0 0.013352682943093441 1.8488168729108474e-05 0.01135884435081147 0.002981417450466428 2898.772667250876 72.0 -19.04471211281959 1.3740006545482721 695.86 861.5 12 151 "Minimization exited successfully."
2005ku 20 0.0454 698.9268554703552 0.001332013889797215 0.14419588864759358 0.2093986477875469 0.0 0.3612469041444797 1.490521362643583e-05 0.2115815340769478 0.010764630633007366 314.3829540388279 16.0 -18.851693195643303 1.0156165142869185 699.56 729.56 0 20 "Minimization exited successfully."
2005lu 49 0.032 719.9400094958992 0.0013289233835444782 -0.3483621743697851 0.47175978022588017 0.0 6.302192218754499e-06 7.097272985823254e-06 0.04217706068320748 0.007538529459330867 1396.2793083597192 37.0 -18.077297302706498 1.0902308288693625 720.63 799.52 0 49 "Covariance may not be accurate."
2005mc 52 0.0252 730.9773486949184 0.0024008650710618503 -2.0086753939199706 0.2640407904236213 0.0 0.1069435035547599 2.700031126352527e-05 0.025777330100770657 0.007861478488385143 931.2461524563026 48.0 -18.180635101969337 1.4710343495843539 736.79 773.62 0 52 "Minimization exited successfully."
2005na 91 0.0263 741.5469375142413 0.005526524734492519 -0.5423002123700735 -0.031341277296591974 0.0 0.03516970558035837 1.0225201927486875e-05 0.020994513541122473 0.003003474583171073 3815.034524258346 74.0 -19.17733557812692 1.160762420901868 738.71 834.54 8 83 "Minimization exited successfully."
2006D 147 0.0085 759.3351020875804 0.028844655737460412 -1.5573342814560358 0.14607927702888723 0.0 1.2690076118815341e-05 4.7879654182899495e-05 0.009469706151065793 0.0019206004735767834 16389.966609025065 94.0 -18.48977705819639 1.3702881983788089 751.84 891.61 8 139 "Minimization exited successfully."
2006X 124 0.0052 788.4400025907207 0.012368916949922688 0.14503150108560092 0.999998861209515 0.0 2.8840939307883673e-06 1.1777096563482178e-05 0.008575238489010317 3.816482475604843e-06 82810.06667501133 85.0 -16.551563011746822 0.970157548322792 775.68 906.46 26 98 "Covariance may not be accurate."
2006ax 90 0.0167 828.0826411859878 0.014210707732685957 0.004658113499980132 0.012091840049746505 0.0 0.00953214762830612 2.7331679501902892e-05 0.012610764151005593 0.0019174728569429922 4878.094725081009 80.0 -19.20100422835057 1.051624430736453 815.64 891.5 24 66 "Minimization exited successfully."
2006bd 21 0.0257 814.312506637396 0.0007019360294955757 -0.7706383178525424 0.6577387869037281 0.0 0.4357121302753626 2.802517594819036e-05 0.08827400353950043 0.025417206802129 333.6429614506368 12.0 -16.908924885006083 1.1568552962948466 823.7 872.57 0 21 "Minimization exited successfully."
2006bh 73 0.0109 833.760493330184 0.02851787000772603 -1.5634606536607567 -0.0166947138436907 0.0 0.023191095982042498 4.737111059970392e-05 0.010141727825892621 0.002014680928370982 4324.527671016787 65.0 -19.0202650878347 1.387063350889603 831.9 891.79 7 66 "Minimization exited successfully."
2006br 23 0.0246 849.6305105679265 0.00043829664071642075 -0.3375236155626222 0.9999999774459489 0.0 0.4727466816949004 1.0930019312914419e-05 0.20400973801734779 0.009658422610015371 85.26490627712718 19.0 -16.331772674281492 1.0516189808602014 858.69 890.61 0 23 "Minimization exited successfully."
2006bt 39 0.0322 858.3439920617805 0.0024922606852132018 0.24584711472758425 0.25467858902194807 0.0 0.05190643143401985 9.025818451687028e-06 0.04202920353834827 0.005115891775999248 1000.1599744968318 35.0 -18.7658327650775 0.9951065336549263 853.76 891.71 3 36 "Minimization exited successfully."
2006dd 141 0.0059 931.5450187711011 0.049999947992074224 4.9999867419113375 0.999999980844045 0.0 2.1065443434054032e-07 2.351714094201568e-06 0.0006141248920483733 0.00042592636981597654 9891.099764116037 1.0 -18.407623151695873 0.20076421680360568 906.94 1147.57 1 140 "Minimization exited successfully."
2006ef 36 0.0179 970.6910922937382 0.01019222512417996 -1.5738307108067815 0.038509004739213815 0.0 0.06115367980055453 7.611704656238644e-05 0.01986559237654051 0.004991686866479106 1085.8153263639085 26.0 -18.99206196654787 1.3844536643771512 979.9 1040.71 0 36 "Minimization exited successfully."
2006ej 43 0.0205 976.327700099761 0.00809221181773985 -1.5186689286675503 0.007086845118008833 0.0 0.08452472772671626 5.300934635163457e-05 0.0199587248858919 0.005455978053963695 650.3934792575451 33.0 -19.040298368517092 1.3739702425734173 979.74 1046.74 0 43 "Minimization exited successfully."
2006eq 36 0.0495 974.2981985449109 0.0007663861134707767 -1.9134390469566167 0.19374709222773157 0.0 0.21876003920095854 1.7954379172442614e-05 0.04590296074774969 0.017553270252913644 120.83471305887086 32.0 -18.4444157607805 1.4538930493977205 981.64 1018.51 0 36 "Minimization exited successfully."
2006et 85 0.0226 995.4509067858272 0.0062884761259172865 0.7568847535371237 0.23553952389241872 0.0 1.290339668003071e-05 1.3033101815286205e-05 0.01956199672277359 0.0028310351929606847 4448.7196225270345 63.0 -18.98615209644651 0.9078052203702036 983.64 1099.54 15 70 "Minimization exited successfully."
2006ev 29 0.0287 989.6856158187471 0.0018957035300680132 -1.3793713856483958 0.27419130182494644 0.0 0.13630869950145552 2.1181372835610366e-05 0.040992443210398744 0.008676255779483277 525.7771993152711 25.0 -18.21283983817074 1.3168872827447693 994.59 1038.53 0 29 "Minimization exited successfully."
2006fw 25 0.0835 1004.2260677693846 0.00037961241360063295 -0.4713686398361254 0.16345819266078676 0.0 0.11564775303406805 2.1006081190919177e-06 0.09368664257459436 0.005918832301696653 846.344710188218 21.0 -18.86981990433649 1.1340627082746977 1001.75 1039.73 5 20 "Minimization exited successfully."
2006gj 52 0.0284 1001.3100200865102 0.001115479207297604 -2.31616324392336 0.3781144452942755 0.0 3.357363851819173e-05 4.695929969696067e-06 0.04953851750141425 0.008034238799487059 797.9941364873453 33.0 -17.616990105795697 1.5398853010324132 998.83 1096.59 4 48 "Minimization exited successfully."
2006gt 39 0.0448 1002.8742461643125 0.0007712502660422783 -2.119238514205853 0.33396901674007773 0.0 0.08785180874411935 3.7228505621628052e-06 0.05832609567312197 0.009265320155182 687.9590587086258 29.0 -18.231037784101247 1.4921489100110037 1001.67 1076.62 4 35 "Minimization exited successfully."
2006hb 89 0.0153 1000.6753199911997 0.011640720500794047 -2.0919600552975055 0.06972144038799155 0.0 0.039929588306733876 5.861795103544003e-05 0.013316211658944699 0.0038650059405621606 2659.318367391859 41.0 -18.791191637803998 1.5147681681147027 1007.88 1143.59 0 89 "Minimization exited successfully."
2006hx 31 0.0455 1022.3356081816804 0.0015155759353368521 -0.13304941979079388 0.1717478904351859 0.0 0.044459418249743976 1.5674905726111e-05 0.06661715256042067 0.011465767697756868 492.665932397791 26.0 -18.99584804769874 1.068604453153739 1012.66 1080.59 8 23 "Minimization exited successfully."
2006is 96 0.031 1014.2503360915726 0.004204253094394583 0.3875074487447634 0.15239847519307115 0.0 3.4679122734360135e-05 7.803840791314846e-06 0.018681841341205985 0.0026221627641526135 17549.146900674674 49.0 -19.24701077197932 0.9751492690055201 1008.9 1125.67 7 89 "Minimization exited successfully."
2006kf 62 0.0213 1041.519055570639 0.003215367213262932 -2.047428852102464 0.19380076497194065 0.0 0.023318285712321085 7.875932128514852e-06 0.019889137630750175 0.003635366337258139 2381.684971021295 48.0 -18.124522688240084 1.4890159421593125 1036.81 1127.64 12 50 "Minimization exited successfully."
