analysis_pipeline/results/fit_results/csp_dr3_salt2_2.4_4_all.ecsv
# %ECSV 0.9
# ---
# datatype:
# - {name: obj_id, datatype: string}
# - {name: num_points, datatype: int64}
# - {name: z, datatype: float64}
# - {name: t0, datatype: float64}
# - {name: x0, datatype: float64}
# - {name: x1, datatype: float64}
# - {name: c, datatype: float64}
# - {name: z_err, datatype: float64}
# - {name: t0_err, datatype: float64}
# - {name: x0_err, datatype: float64}
# - {name: x1_err, datatype: float64}
# - {name: c_err, datatype: float64}
# - {name: chi, datatype: float64}
# - {name: dof, datatype: float64}
# - {name: b_max, datatype: float64}
# - {name: delta_15, datatype: float64}
# - {name: tmin, datatype: float64}
# - {name: tmax, datatype: float64}
# - {name: pre_max, datatype: int64}
# - {name: post_max, datatype: int64}
# - {name: message, datatype: string}
# schema: astropy-2.0
obj_id num_points z t0 x0 x1 c z_err t0_err x0_err x1_err c_err chi dof b_max delta_15 tmin tmax pre_max post_max message
[from data line 105]
2008fp 300 0.0057 1733.5250434917466 0.02399514823828144 -0.32070592213693416 0.6236922344838307 0.0 2.2620031359110726e-07 2.7932819986675392e-05 0.007184690472110233 0.000820590099352092 49324.565114559664 117.0 -17.43780547305726 1.0749419355204637 1724.84 1874.61 72 228 "Covariance may not be accurate."
2008fr 150 0.0397 1741.57500297115 0.001839248963064899 -0.4734630551682182 0.1069739797116136 0.0 1.2758050615957472e-06 5.315233441999224e-06 0.017439965431003124 0.002288567978560696 10752.713796112064 86.0 -18.89942270441397 1.138119168133219 1738.78 1807.57 9 141 "Minimization exited successfully."
2008fu 103 0.052 1732.7169962268692 0.0014514507718226045 -1.5193329928222141 -0.08576025151573863 0.0 0.12019603156534231 1.9202969726558883e-05 0.03487443815627289 0.006958850808688577 424.0044468402887 68.0 -19.247141566440927 1.3825304518078028 1737.84 1817.67 0 103 "Minimization exited successfully."
2008fw 162 0.0085 1745.3850114539234 0.013002130716531324 0.21893828705476093 0.399386476202678 0.0 2.4385292363149347e-07 1.6699148143288663e-05 0.008123542472813217 0.0009415465873077178 198001.74291379846 92.0 -17.633029418196056 0.9922383904861434 1740.89 1827.81 6 156 "Minimization exited successfully."
2008gg 198 0.032 1752.0916819151794 0.0034059640712689326 0.6411971324403796 0.15865805889763407 0.0 6.1397124682116555e-06 6.2014927264388096e-06 0.01269811788433417 0.0012326691642114973 7306.453060247916 114.0 -19.0892653803945 0.9307815948645377 1753.63 1827.57 0 198 "Minimization exited successfully."
2008gl 166 0.034 1768.89014570561 0.0029545550157499796 -1.3403313270415995 0.042579612348284 0.0 1.2885633736914315e-05 4.366911293261777e-06 0.009283917857465518 0.0013391325680721655 2672.5293864403925 103.0 -19.067302925242352 1.3285402212181943 1765.7 1844.55 24 142 "Minimization exited successfully."
2008go 43 0.0623 1765.362453108094 0.0009052545493404452 0.509163078180439 0.11379350785088005 0.0 0.11774905979291361 3.199154557587114e-06 0.10762938082855511 0.003138469809578548 1016.1656170601725 32.0 -19.14476411548796 0.9556097142170863 1764.54 1776.58 2 41 "Minimization exited successfully."
2008gp 169 0.0334 1779.7561879305822 0.0031788779083469832 -0.0734809773913252 0.04311587739884892 0.0 0.011664476777582422 6.208060364175415e-06 0.01315426411135956 0.0015174255809589088 3493.824808255633 109.0 -19.107805998038426 1.064631817928852 1768.75 1844.52 38 131 "Minimization exited successfully."
2008ha 106 0.0046 1770.476276624147 0.002438366715607998 -2.0387123082588277 0.154340975874669 0.0 0.059598007008048626 1.829061512922253e-05 0.02037530027809087 0.0045392950756925066 9151.848073501604 82.0 -14.467410048888002 1.4910409521895645 1781.55 1810.55 0 106 "Minimization exited successfully."
2008hj 127 0.0379 1802.2981806888606 0.0029163697457008976 0.4057113589416872 0.03357216701521937 0.0 0.018928127189610677 4.890587744857356e-06 0.020869016881086555 0.0015055347951263842 3008.2594200162534 90.0 -19.296268481545795 0.9774739294314685 1794.58 1834.55 37 90 "Minimization exited successfully."
2008hu 97 0.0497 1806.3345446915052 0.0009092780203039192 -1.7589870170488817 0.07903723721973321 0.0 0.06917488098758895 4.176877314279704e-06 0.02955026986492304 0.0031459891930648576 924.0344415702224 73.0 -18.63746778646218 1.426371334433437 1804.74 1844.84 5 92 "Minimization exited successfully."
2008hv 225 0.0126 1817.5549148317475 0.020083550813811208 -1.2566948465367926 -0.049440247156938066 0.0 0.00543124648356752 3.2989697031353404e-05 0.007790304459738717 0.001228764539838667 8604.885608999604 114.0 -18.957370138119494 1.316882643252196 1804.8 1912.7 50 175 "Minimization exited successfully."
2008ia 166 0.0219 1813.3821387157582 0.003665066903616338 -1.2549142249293062 0.1618246694435257 0.0 0.02923418914508602 7.653892513169317e-06 0.01978943488580387 0.0019050509364096913 2281.4825536970966 82.0 -18.32768279823457 1.2987616837030629 1809.77 1874.69 22 144 "Minimization exited successfully."
2009D 176 0.025 1841.8465535792238 0.0072237643739310915 0.6665782089966452 0.06022681256522855 0.0 0.013931188572996689 7.9121051974663e-06 0.010469015549450233 0.0008857002731911257 5299.06122284179 121.0 -19.35691841891185 0.9306138455640927 1834.67 1890.52 54 122 "Minimization exited successfully."
2009F 139 0.013 1842.7233637710294 0.0019311251606890679 -3.233761287974871 0.5057541220963206 0.0 0.015269642598923383 4.532291314192295e-06 0.016396429959931957 0.0018851939792053907 47447.25839874414 85.0 -16.496185313433806 1.8014918100751274 1837.75 1884.63 56 83 "Minimization exited successfully."
2009I 55 0.0262 1852.613725736669 0.0007703572547029469 0.8088452407803857 0.7705658082255191 0.0 0.07306444877724516 4.462199940058486e-06 0.0908500918619719 0.005509664850177565 506.759715355278 24.0 -17.06249097473242 0.8753186026840716 1846.58 1867.58 18 37 "Minimization exited successfully."
2009J 41 0.0158 1835.8003213226386 0.0011234752621098881 -1.7623052995905186 -0.008733802639172006 0.0 0.23013530460025322 2.745906514792641e-05 0.05624095119728523 0.01367378923494833 1267.0938644925695 33.0 -16.323136289202267 1.4360462306205228 1846.74 1867.68 0 41 "Minimization exited successfully."
2009P 99 0.0251 1868.1336022130993 0.002339836387809005 1.5678045152538411 0.39880106119369074 0.0 0.08006785260033666 9.031637414957895e-06 0.03686725533776869 0.0026786110393232088 1457.9436355895098 71.0 -18.15115769056618 0.7692269757913941 1867.74 1931.61 6 93 "Minimization exited successfully."
2009Y 264 0.0094 1878.340004926295 0.03152468380555228 0.03856733235060261 0.19241078220239305 0.0 1.9364256331755314e-07 3.6442025396082184e-05 0.008304414106380165 0.0008121859214407223 28720.89591064193 114.0 -18.807986897356873 1.0356904375030798 1868.84 1976.65 41 223 "Minimization exited successfully."
2009aa 232 0.0273 1878.8421414146655 0.004686339507342064 -0.6000514986216219 0.011881739901357102 0.0 0.009357651222785535 6.6013187783810386e-06 0.011734844875251671 0.0011739147774169068 5812.117167519142 112.0 -19.080914873449153 1.16975822587316 1868.77 1956.66 66 166 "Minimization exited successfully."
2009ab 102 0.0112 1883.7272035020476 0.011168520427427761 -0.9777478281633014 0.24177925768664332 0.0 0.010078028717771303 1.944509664002919e-05 0.011304318268088753 0.0013939793768305009 7959.419974016014 56.0 -18.065395746092406 1.2317357859965519 1874.57 1911.51 30 72 "Minimization exited successfully."
2009ad 128 0.0284 1887.117196065918 0.0041995280811562286 0.2068840664477154 0.07250415916140351 0.0 0.013179851194081493 6.796369663850197e-06 0.014988284752068814 0.001415883794830708 5894.000109986304 68.0 -19.05021454261282 1.0113029015752524 1878.6 1921.53 36 92 "Minimization exited successfully."
2009ag 208 0.0086 1890.1455923350522 0.010532784934682203 -0.28395894469322513 0.45759868367783896 0.0 0.026778837248343734 2.0699745213174914e-05 0.00932422060035032 0.0011288584243238642 8834.589987867212 104.0 -17.432251757226158 1.0792017369113438 1886.62 1959.54 24 184 "Minimization exited successfully."
2009al 123 0.0221 1896.8224703328226 0.005407873972676081 -0.42089389143612355 0.1856219865126414 0.0 0.06976216787791145 2.0045713105903973e-05 0.020245556325605207 0.0023785332411226934 3734.279292894332 79.0 -18.770986005563117 1.1227472914631704 1891.71 1973.54 18 105 "Minimization exited successfully."
2009cz 83 0.0211 1943.9540923110499 0.008092304055700555 0.6420963722269128 0.07646646751810016 0.0 0.021293642745149555 1.8883295454697954e-05 0.023320025938645017 0.0020031296740812277 1755.9991922487588 44.0 -19.105576737172377 0.9341580955886251 1937.53 1966.46 24 59 "Minimization exited successfully."
2009dc 116 0.0214 1949.1828727778836 0.013576145425203495 1.0638406146049117 0.17623013002951482 0.0 0.0189212815338351 2.7326988433501974e-05 0.016363014561846967 0.0015737626771731295 33537.237043422836 55.0 -19.700248938965988 0.8588968303765618 1938.77 1976.68 41 75 "Minimization exited successfully."
2009ds 92 0.0193 1962.2479359743493 0.009351857224443302 1.6261266767293447 0.16213054857302556 0.0 0.03893439276669142 2.2821727190054826e-05 0.04969643848844507 0.0026521300942378145 1730.5591467706104 50.0 -19.06819402448215 0.767284054123742 1954.64 1976.62 29 63 "Minimization exited successfully."
2009le 66 0.0178 2168.5335849687153 0.01122331772006679 2.8261971534850305 0.1777806283960175 0.0 0.03952688591311926 2.4184443087308174e-05 0.05550171254890479 0.0020179839471615724 3037.1711017993384 50.0 -19.091191490970058 0.5589440138368325 2153.53 2169.58 54 12 "Minimization exited successfully."
2010ae 57 0.0037 2277.623453908265 0.0004098274283317577 -2.966026933536285 0.999999982807596 0.0 0.13991902483235208 1.1546593228226038e-05 0.20643207969320398 0.0033006789425806815 293.8473963359558 5.0 -12.108682897839152 1.6307038665700375 2258.59 2305.53 52 5 "Minimization exited successfully."
