analysis_pipeline/results/fit_results/csp_dr3_salt2_2.4_4_all.ecsv
# %ECSV 0.9
# ---
# datatype:
# - {name: obj_id, datatype: string}
# - {name: num_points, datatype: int64}
# - {name: z, datatype: float64}
# - {name: t0, datatype: float64}
# - {name: x0, datatype: float64}
# - {name: x1, datatype: float64}
# - {name: c, datatype: float64}
# - {name: z_err, datatype: float64}
# - {name: t0_err, datatype: float64}
# - {name: x0_err, datatype: float64}
# - {name: x1_err, datatype: float64}
# - {name: c_err, datatype: float64}
# - {name: chi, datatype: float64}
# - {name: dof, datatype: float64}
# - {name: b_max, datatype: float64}
# - {name: delta_15, datatype: float64}
# - {name: tmin, datatype: float64}
# - {name: tmax, datatype: float64}
# - {name: pre_max, datatype: int64}
# - {name: post_max, datatype: int64}
# - {name: message, datatype: string}
# schema: astropy-2.0
obj_id num_points z t0 x0 x1 c z_err t0_err x0_err x1_err c_err chi dof b_max delta_15 tmin tmax pre_max post_max message
[from data line 53]
2006mr 221 0.0059 1050.9507782514372 0.009430851938529645 -1.8080429993217266 0.516688189469122 0.0 0.02461583224851438 2.3410547118147412e-05 0.015350683850672953 0.0019523231391406215 49439.019317666745 107.0 -16.491777901663617 1.3934364358667661 1045.86 1147.57 28 193 "Minimization exited successfully."
2006ob 63 0.0592 1063.7449353478582 0.000808253684972965 -2.235612013021122 0.027787796649239915 0.0 0.07018833635845567 3.887160323784466e-06 0.04679530977824098 0.004781659430408869 623.1483956666788 44.0 -18.903879962274594 1.559739675872688 1060.65 1121.57 6 57 "Minimization exited successfully."
2006os 106 0.0328 1065.3311859426603 0.0009350392955206872 -0.6810360039696919 0.49571649727781253 0.0 0.09073835397157382 4.2992364169464384e-06 0.03584837948473307 0.003426949632643117 656.0035369118684 59.0 -17.75158924853621 1.1519391693295518 1063.65 1133.56 4 102 "Minimization exited successfully."
2006ot 118 0.0531 1066.9155665785152 0.0009251735647677894 -0.08008837047294737 0.27279982355168086 0.0 4.592159984895261e-05 3.5175337120149316e-06 0.03888429121706283 0.003557347032449476 2180.39618600556 67.0 -18.809887662415726 1.05292771351764 1063.72 1131.63 21 97 "Minimization exited successfully."
2006py 35 0.0579 1071.5740343154323 0.0009964774077454775 -0.18198503836511737 0.08994944514292147 0.0 0.12593852932002392 5.793278874871577e-06 0.12099975481651315 0.005674431648463263 245.45370717684062 31.0 -19.08233132953712 1.0825546828589836 1069.54 1091.54 6 29 "Minimization exited successfully."
2007A 76 0.0177 1113.5487339419474 0.0069194777644271815 0.7570923857625811 0.25746967194277204 0.0 0.028527495712296513 2.145531128212603e-05 0.04508044458935423 0.002681884818689584 2177.970644086423 41.0 -18.551765687227455 0.9068354678281416 1107.53 1133.53 29 47 "Minimization exited successfully."
2007N 165 0.0129 1113.1986694824557 0.0023581424841955024 -3.0099420366763323 0.5796505149829285 0.0 0.04574422513201171 1.6707263638365832e-05 0.016088108867773787 0.004662143105415906 7482.807378941466 60.0 -16.700487946226666 1.7147226426995736 1123.82 1213.67 0 165 "Minimization exited successfully."
2007S 192 0.0139 1145.1417150862144 0.007735761931206092 0.8756219551212228 0.4193623037215093 0.0 0.014537217815359327 2.001955668473913e-05 0.014654560187131516 0.0018583496690162127 1933.26105066397 77.0 -18.14771318962814 0.8802303036429002 1132.77 1246.54 42 150 "Minimization exited successfully."
2007af 307 0.0055 1176.53500029351 0.0499999968214386 0.7100672231073997 0.36803786505477687 0.0 1.872953134807176e-07 2.1860133866610787e-07 0.008928614615809849 0.0008216311136998167 88703.79552003252 130.0 -18.144177814149522 0.9098880023855731 1162.76 1257.72 89 218 "Minimization exited successfully."
2007ai 111 0.0317 1176.2850158371728 0.0008386901375502438 0.19212730957822632 0.5314286578274241 0.0 3.034841597582272e-06 3.3038414718425282e-06 0.041282277498918774 0.0037079494803831103 1307.479803313567 64.0 -17.560186189010015 0.9896772731975396 1167.88 1259.7 26 85 "Covariance may not be accurate."
2007al 120 0.0122 1162.9503347169366 0.003123009989228792 -2.76499887234743 0.46005869525034826 0.0 5.183452117307752e-06 1.074120641471072e-05 0.013931864585885467 0.0013846664807716236 9677.175228361877 50.0 -16.87665279465327 1.6580294778303575 1170.77 1246.58 0 120 "Covariance may not be accurate."
2007as 153 0.0176 1181.8013575831185 0.006972264458480021 -0.7514466013030754 0.16903520899359914 0.0 0.031828076942019834 1.3111587100045341e-05 0.012672683076246916 0.0013240372043411552 4399.974555913586 74.0 -18.54450637392258 1.190017064851892 1175.59 1259.49 17 136 "Minimization exited successfully."
2007ax 97 0.0069 1189.1150254954107 0.003969125296547904 -2.4598055350374484 0.6439046066331096 0.0 3.776179141823377e-06 1.0989711085532348e-05 0.016032194965325042 0.002058865535640275 38343.98770547285 56.0 -15.90141373612629 1.5441237936209795 1184.55 1248.47 10 87 "Minimization exited successfully."
2007ba 124 0.0385 1197.3586430353453 0.001140030963318922 -2.9541742427171993 0.3473694330083932 0.0 0.026257250106709762 4.695311431628189e-06 0.029179044746202587 0.004435956620410297 3924.7478810792404 75.0 -18.316331288000164 1.7352642429137575 1190.83 1255.61 28 96 "Minimization exited successfully."
2007bc 111 0.0208 1200.7343294678974 0.007275392149846508 -1.01522234592677 0.05920764813763246 0.0 0.028458989412797564 1.325603661205552e-05 0.013883971732914446 0.00162130354888268 2123.9960987169998 68.0 -18.957264069373547 1.2540249590003363 1196.65 1259.53 19 92 "Minimization exited successfully."
2007bd 110 0.0309 1207.9150177090607 0.0036028720151768945 -0.6346165302366114 -0.007357536442265222 0.0 2.409372314104985e-06 7.592217878930885e-06 0.01299910117578884 0.0019251793250729121 3877.6931442878463 64.0 -19.070279056191584 1.1781157437200243 1197.53 1259.46 40 70 "Covariance may not be accurate."
2007bm 85 0.0062 1224.992380743347 0.02497167274752008 -0.8953569482973434 0.5197903898429148 0.0 0.03185686124709264 4.4181868604628236e-05 0.011018814668956267 0.0010810451210523375 9040.250110316425 48.0 -17.657835397464236 1.1924971910771376 1217.57 1278.52 11 74 "Minimization exited successfully."
2007ca 117 0.0141 1228.1909765912417 0.005961839873173747 0.6299791052133692 0.34770994619886064 0.0 0.012663533474210453 9.567818875861039e-06 0.012015309664106688 0.0012688490804371177 5943.078099432567 64.0 -17.893087721171163 0.9242525917648834 1217.65 1275.65 29 88 "Minimization exited successfully."
2007cg 45 0.0332 1228.1245656452982 0.0007180427731832223 0.8102418536219513 0.6948974673663504 0.0 0.1828679449433821 1.0739409157474455e-05 0.05756920366054308 0.007163271314293285 227.64996365114754 32.0 -17.5057414092157 0.8786147794188821 1235.63 1259.59 0 45 "Minimization exited successfully."
2007hj 266 0.0141 1346.4448889396833 0.008564274043916792 -2.154957244372675 0.2563247755456586 0.0 0.02467142454122495 1.868211293579603e-05 0.006318597404550985 0.0012530883936281434 28871.071749915078 113.0 -18.28187528643826 1.510740293590242 1348.76 1440.53 0 266 "Minimization exited successfully."
2007hx 65 0.0794 1354.801587629501 0.00031197429014774016 0.4532298870360272 0.19534276151513774 0.0 0.20526345746952757 2.1115349483610878e-06 0.10197507729539046 0.006011226136701131 262.31220702951845 46.0 -18.54244364823978 0.9616080084737355 1354.78 1411.73 6 59 "Minimization exited successfully."
2007if 114 0.0742 1355.9526085366556 0.0010625636905033486 0.5002362075815956 0.38089867600124694 0.0 4.255594524238404e-05 3.4627493955982852e-06 0.031004366256111027 0.002821192843336817 4772.445515645907 60.0 -19.723788199261413 0.9446669057895711 1355.77 1443.6 6 108 "Minimization exited successfully."
2007jd 70 0.0726 1361.5270071925233 0.00037374263811654765 -0.6697496538232048 0.17578309472793885 0.0 0.28951357384187304 4.046638866242442e-06 0.10215569240130229 0.006572533250767898 495.3024811756876 56.0 -18.532656859571667 1.1728599398606363 1362.83 1409.83 0 70 "Minimization exited successfully."
2007jg 113 0.0371 1366.7986493507774 0.001464775674467328 -0.3150775218010047 0.14795713733731075 0.0 0.045809538999378674 3.471810433715262e-06 0.03404029122181029 0.0022921242094258165 2066.214050494287 79.0 -18.501634167218103 1.104601062660322 1363.82 1425.78 25 88 "Minimization exited successfully."
2007jh 45 0.0408 1363.5826228274439 0.000557588435512199 -1.3114683097504232 0.3892617474383022 0.0 0.15985273310764114 4.155987578148589e-06 0.05639099440684592 0.006437548364732426 1227.5147188062178 39.0 -17.67180811863169 1.2911934102880203 1363.86 1413.8 0 45 "Minimization exited successfully."
2007le 242 0.0067 1399.8676641887637 0.042453900528472886 0.30224968637629335 0.3130011394241259 0.0 0.015977433501120686 6.871758941190409e-05 0.010121166029849249 0.0011202862651823464 5927.245112053418 110.0 -18.3947947482127 0.9821905722708362 1388.57 1470.55 43 199 "Minimization exited successfully."
2007mm 39 0.0664 1392.5138974930878 0.00019045825081047963 -3.4592599209390356 0.4366573588410345 0.0 0.062081625578798594 1.500368739089375e-06 0.07460763679525151 0.007084031722733308 1346.40035245304 35.0 -17.604725091115707 1.8957983575793023 1385.72 1418.69 5 34 "Minimization exited successfully."
2007nq 174 0.045 1398.4011367879289 0.0017337285670094322 -1.8612051123806204 0.01771124653043077 0.0 0.05326806057246358 7.534701624355199e-06 0.021253979689193958 0.0027964092700873966 1289.9629929989055 92.0 -19.114581981535856 1.4588444260029654 1397.65 1476.56 6 168 "Minimization exited successfully."
2007ol 31 0.0559 1413.2360415119456 0.0009405695475539711 -2.1174620230834638 0.02007105997085934 0.0 0.09888771173905297 5.71806184895688e-06 0.19789908788214006 0.007411612296173042 381.9139773291096 27.0 -18.93878215343375 1.5272919956836652 1409.79 1422.66 10 21 "Minimization exited successfully."
2007on 308 0.0065 1422.285101027757 0.04999972925106378 -0.23710356968607815 0.2983612203868491 0.0 1.4622957223764388e-05 4.120831874517006e-07 0.009429377579489806 0.0011789641517169214 215587.56351114437 110.0 -18.505432968184003 1.0805472323788585 1410.73 1508.61 42 266 "Minimization exited successfully."
2007so 66 0.0297 1427.9222741932572 0.003081621774146887 -1.2237231792806713 0.18956349546127904 0.0 0.13144041805082907 2.8953060965801383e-05 0.026261838297359397 0.004869507155726538 2439.2392016842687 39.0 -18.814335320815754 1.2894095231187457 1449.68 1494.53 0 66 "Minimization exited successfully."
2007sr 259 0.0055 1458.5967538609652 0.04999992189917606 0.553205769965933 0.4454181332945111 0.0 1.553153208533331e-05 1.579410034563411e-07 0.007905650231660566 0.0006839961622971957 173134.08252454814 101.0 -18.147421508491647 0.9325943775831966 1454.84 1955.57 29 230 "Covariance may not be accurate."
2007st 118 0.0212 1453.1745086450248 0.008667772173932909 -1.584259266848881 0.08892016185617946 0.0 0.09576151817509526 7.315946219838953e-05 0.01897096817069399 0.00392516805389076 3166.5334221098456 64.0 -19.18940480013299 1.382220003458663 1458.66 1513.52 0 118 "Minimization exited successfully."
2007ux 151 0.0309 1463.6404425277806 0.0019205035638335645 -2.1179579497069643 0.15509518248687426 0.0 0.0541200637055681 8.42357624187965e-06 0.017466025924042672 0.0025223804969974895 3818.098895135596 74.0 -18.387878342288413 1.5123349045771626 1466.82 1558.61 0 151 "Minimization exited successfully."
2008C 121 0.0166 1470.7500472428496 0.006187697250408042 -1.5321289686227324 0.2573775340495932 0.0 1.8837795323634055e-08 2.0981058997385314e-05 0.029756588269771456 0.0030169050400419284 2815.823253006888 57.0 -18.28786475924326 1.3536432869757142 1469.81 1552.5 12 109 "Minimization exited successfully."
2008J 81 0.0159 1464.7289379563642 0.009124013137663018 1.7371166475590023 0.9999999996899858 0.0 8.751035466048052e-06 1.6839105070021523e-05 0.01691899669261998 5.210664394894593e-05 68846.87567943751 53.0 -18.668114280190835 0.7223555587731543 1484.54 1516.52 0 81 "Minimization exited successfully."
2008O 103 0.0389 1490.903195330589 0.0007023123601082731 -2.0976531048349987 0.42132015348289387 0.0 0.06923481372837159 3.222930527888024e-06 0.03904197181895208 0.003550274122557484 1120.0923537472231 62.0 -17.81678709918329 1.4763121148980574 1489.71 1571.48 11 92 "Minimization exited successfully."
2008R 107 0.0135 1492.3821305273516 0.01161456709751281 -2.170836418672036 0.13152450086818446 0.0 0.023047370949143442 2.2284995482678947e-05 0.00796021327902574 0.0012912553571921004 17702.161449389318 64.0 -18.51461669238458 1.5295384205704465 1493.63 1532.52 0 107 "Minimization exited successfully."
2008ae 101 0.03 1513.091945119085 0.00046411221918220004 -2.1737657348503348 0.8168362118566139 0.0 4.723828828900878e-05 5.50401701583379e-06 0.08931733432656319 0.009893653486626963 4095.1829394277415 33.0 -16.814578103458306 1.4476615240852801 1508.74 1602.52 13 88 "Minimization exited successfully."
2008ar 132 0.0261 1535.3493945728528 0.0048464547687690545 -0.07771804884971267 0.06355177074862439 0.0 0.020614296050553094 1.378638047847252e-05 0.01683808194188785 0.0019513903741248395 1565.3369225531967 84.0 -19.018355976317352 1.0643099203528799 1527.79 1627.59 11 121 "Minimization exited successfully."
2008bc 205 0.0151 1550.5355370107886 0.009143906575504715 0.6243256482663897 0.18606025479596267 0.0 0.00927685633450892 9.998178753077222e-06 0.008919462974255055 0.0009175611250643589 11094.081779055163 112.0 -18.50328514287675 0.9324754657287642 1541.67 1646.46 54 151 "Minimization exited successfully."
2008bd 66 0.0301 1522.1938588887951 0.001726395656263674 -2.3852093973598265 0.08250565144917776 0.0 0.15631524796833673 3.1271981130794047e-05 0.05559224033898391 0.012688748432236663 495.37454179041356 44.0 -18.21287761859975 1.5965687735225274 1541.7 1607.65 0 66 "Minimization exited successfully."
2008bf 184 0.0235 1555.477481032661 0.00788020773492618 0.5780027925638818 -0.025195074094749303 0.0 0.014742744680461328 1.3492518667336875e-05 0.014192251746836249 0.0013433403020320367 5004.216394627758 125.0 -19.314251623936755 0.9496254159246131 1546.79 1646.49 43 141 "Minimization exited successfully."
2008bi 83 0.0134 1536.0837456776064 0.004861974699008243 -2.649448297719421 0.23167256118270063 0.0 0.062067101443972206 5.0256120962431736e-05 0.01824564487877578 0.005778786351843257 2267.8035558760985 58.0 -17.55461694778689 1.6562318786229575 1551.52 1628.47 0 83 "Minimization exited successfully."
2008bq 114 0.034 1563.9381504313153 0.002567050114350464 0.45564432008811107 0.17423502170711958 0.0 0.03863059181389872 4.954997673313477e-06 0.019847170187389462 0.001384940508126653 2776.704138155699 92.0 -18.91727652151568 0.9621759045116072 1562.49 1606.46 6 108 "Minimization exited successfully."
2008bt 84 0.0154 1569.0499158771609 0.0032642107485199136 -2.2555212665480653 0.42898665959925086 0.0 0.060865081988936254 1.5418988228583933e-05 0.01613054590966656 0.002692875781460602 12197.308016037885 54.0 -17.434534586567672 1.5170481824138307 1571.61 1651.47 0 84 "Minimization exited successfully."
2008bz 70 0.0603 1579.4613901740074 0.0010626517851219347 -0.3101613057985242 -0.0608788354804678 0.0 0.10075153947821036 5.374539264134371e-06 0.04778628054209788 0.0031115426424743187 972.7515222176352 56.0 -19.243695338734955 1.1160695964502878 1580.72 1651.52 0 70 "Minimization exited successfully."
2008cc 167 0.0104 1580.2600111361633 0.01611188960632423 -1.6225991429760782 0.3369760508248696 0.0 3.7159929888730403e-07 2.313238016729384e-05 0.008380368619288925 0.0010857472144398805 61445.6464665638 77.0 -18.303657719728456 1.3673861673541285 1582.86 1654.86 0 167 "Minimization exited successfully."
2008cd 23 0.0074 1557.8765697024396 0.002889002063330243 -0.4871398351236085 0.9218866492776088 0.0 0.600543575924462 0.0001037720146444905 0.11605598195258393 0.011635661021848875 190.99172815416026 19.0 -15.733795244936339 1.0837407779675772 1587.74 1595.73 0 23 "Minimization exited successfully."
2008cf 96 0.046 1596.372245124693 0.002116464659001671 0.8510600971941411 -0.01798670940845082 0.0 3.0082783951002057e-05 3.8466922366448e-06 0.0178643121292561 0.0017520528069512875 2125.257145440513 57.0 -19.382080674349858 0.9020474863173078 1595.77 1654.65 6 90 "Minimization exited successfully."
2008ff 230 0.0193 1714.6050512631732 0.00640433610433106 -0.4177507838365573 0.3032465873527186 0.0 1.7223112536157714e-07 6.894081215850795e-06 0.007716954822897915 0.0011591703904296757 56504.88948802691 98.0 -18.65888274253792 1.1145018358141652 1724.53 1790.57 0 230 "Covariance may not be accurate."
