analysis_pipeline/results/fit_results/csp_dr3_salt2_2.4_4_blue.ecsv
# %ECSV 0.9
# ---
# datatype:
# - {name: obj_id, datatype: string}
# - {name: num_points, datatype: int64}
# - {name: z, datatype: float64}
# - {name: t0, datatype: float64}
# - {name: x0, datatype: float64}
# - {name: x1, datatype: float64}
# - {name: c, datatype: float64}
# - {name: z_err, datatype: float64}
# - {name: t0_err, datatype: float64}
# - {name: x0_err, datatype: float64}
# - {name: x1_err, datatype: float64}
# - {name: c_err, datatype: float64}
# - {name: chi, datatype: float64}
# - {name: dof, datatype: float64}
# - {name: b_max, datatype: float64}
# - {name: delta_15, datatype: float64}
# - {name: tmin, datatype: float64}
# - {name: tmax, datatype: float64}
# - {name: pre_max, datatype: int64}
# - {name: post_max, datatype: int64}
# - {name: message, datatype: string}
# schema: astropy-2.0
obj_id num_points z t0 x0 x1 c z_err t0_err x0_err x1_err c_err chi dof b_max delta_15 tmin tmax pre_max post_max message
[from data line 106]
2008fr 68 0.0397 1741.576407105685 0.0018448703490053066 -0.782671395942331 0.22365891521794068 0.0 1.123194192587107e-05 6.070775779466763e-06 0.024153291131331134 0.005008888621732099 4837.5780165425895 55.0 -18.904653026346974 1.1924647782572428 1740.72 1807.57 4 64 "Covariance may not be accurate."
2008fu 45 0.052 1733.708719171773 0.0013346694505249946 -1.6321937288518997 -0.04854468456440464 0.0 0.19980242128724512 2.6905366963589318e-05 0.04834441736291373 0.014074362499879034 218.2571049098763 37.0 -19.155792096717494 1.4070402916483218 1740.75 1817.67 0 45 "Minimization exited successfully."
2008fw 92 0.0085 1745.385232573315 0.011986166112211006 0.3142441426430578 0.5809889159012527 0.0 2.4307341845997144e-06 2.075128022105844e-05 0.012530928695217991 0.00208466808842922 121969.80295132696 61.0 -17.55432999676432 0.9660445486422411 1740.89 1827.81 4 88 "Minimization exited successfully."
2008gg 96 0.032 1752.0901218813765 0.003456269613833196 0.2491136572580892 0.2428215017984401 0.0 1.943616098287748e-06 7.83170839637891e-06 0.01765827842305523 0.0027451416450887667 3499.623940435512 74.0 -19.106699085694657 0.9951360766448047 1753.63 1827.57 0 96 "Minimization exited successfully."
2008gl 79 0.034 1768.8907975266122 0.002946685256333889 -1.3748435408832593 0.07045473118972967 0.0 1.918133534672961e-05 4.72786285520845e-06 0.015383465176789457 0.0025790975307931063 1949.9475906519092 65.0 -19.064574320561128 1.3341432674038316 1765.7 1844.55 12 67 "Covariance may not be accurate."
2008go 24 0.0623 1766.6623531938335 0.0009001269961184555 -1.0043974629268018 0.1883729183833207 0.0 0.12327276179473756 2.780677602885772e-06 0.16782415373429949 0.005266383935713326 670.1057172030576 20.0 -19.138885075470224 1.2416236627453614 1765.61 1776.58 8 16 "Minimization exited successfully."
2008gp 73 0.0334 1779.7455066354182 0.003202595527434227 -0.11241590209017005 0.023081841252098112 0.0 0.01322644721051347 6.929019119206138e-06 0.016188013040019822 0.002671245796154742 2647.4418207277527 69.0 -19.115771421360964 1.073094106644099 1768.75 1814.69 14 59 "Minimization exited successfully."
2008ha 50 0.0046 1780.5987342374399 0.0010802006429988743 -3.238121929485955 0.35694154698320846 0.0 0.09560169392739226 9.580391222332985e-06 0.04554840343010258 0.009252214749822074 1378.8773384845038 46.0 -13.588539994060348 1.830429059914973 1781.55 1810.55 0 50 "Minimization exited successfully."
2008hj 62 0.0379 1802.4422298379254 0.002933003577487589 0.2121386114356678 0.07526454228351542 0.0 0.020994695022523047 5.3984742172275436e-06 0.025065139250588953 0.0025527663473594586 2131.023566464882 58.0 -19.302559837521734 1.0102137917565912 1795.56 1834.55 16 46 "Minimization exited successfully."
2008hu 45 0.0497 1807.0205163500602 0.0008746475742790806 -1.9249262925036166 0.12042732988638072 0.0 0.08527466874454603 4.354076589035982e-06 0.040811287640744265 0.0067318337669454165 533.2195441409355 41.0 -18.595700258971213 1.4645657568792032 1806.76 1840.68 4 41 "Minimization exited successfully."
2008hv 93 0.0126 1817.59439709562 0.019976648724598794 -1.2084377917565807 -0.05608169823508258 0.0 0.006070783122709145 3.5777650821054024e-05 0.008970940268306693 0.0018724706731682028 6678.375866267254 74.0 -18.95162987918146 1.3063025831041362 1806.79 1884.68 19 74 "Minimization exited successfully."
2008ia 57 0.0219 1813.419630362317 0.0036335119665220576 -1.101129617509863 0.13854021085428725 0.0 0.03370633857264238 7.973521743199954e-06 0.024419352026978647 0.0030090923005622328 1637.4903326194076 53.0 -18.317986776745617 1.2665571752576597 1809.77 1858.76 7 50 "Minimization exited successfully."
2009D 83 0.025 1841.8477801797287 0.007247986667568718 0.5872771472527738 0.0900852183450831 0.0 0.015963937694891683 9.099551245450588e-06 0.014801189470881937 0.0015822639174342124 4408.940859093333 79.0 -19.36073686537163 0.9430660584250496 1834.67 1884.53 24 59 "Minimization exited successfully."
2009F 57 0.013 1842.0419145655933 0.001862204652013566 -3.350909669609269 0.6213503513580629 0.0 0.019556143516751945 5.346383575606539e-06 0.02580775237963029 0.004340071667772616 11530.619281953446 53.0 -16.463609756897167 1.8199562732669108 1837.75 1884.63 20 37 "Minimization exited successfully."
2009I 18 0.0262 1852.596340260456 0.0007559068213175341 1.515810212276807 0.7899790476686819 0.0 0.11419515928685087 5.007264854540983e-06 0.13593903354519243 0.01023575327711368 271.0220482869198 14.0 -17.04445034539107 0.7639039158043204 1848.58 1867.58 4 14 "Minimization exited successfully."
2009J 23 0.0158 1837.7771274928878 0.0011377155760494474 -2.130610955932799 -0.25556411446329563 0.0 0.3457259021573691 5.091794435633655e-05 0.06524054919642142 0.026740990103060636 168.0888549902942 19.0 -16.339760679815775 1.5619064638390299 1848.7 1867.68 0 23 "Minimization exited successfully."
2009P 53 0.0251 1867.9284103483294 0.0022903938156314365 1.9004726551249647 0.4500802167407929 0.0 0.15247858973611983 1.1547450994800305e-05 0.08308900995374024 0.005496810398897378 971.1559778221683 45.0 -18.130832306914627 0.7142570860370299 1867.74 1931.61 4 49 "Minimization exited successfully."
2009Y 116 0.0094 1878.3400257831115 0.03136299975102305 0.04464438249681635 0.23516548194396858 0.0 8.020526820473606e-07 4.504836029951137e-05 0.011716739014829614 0.001447948787498765 22506.160194663524 75.0 -18.8033902532445 1.0322418173530146 1869.84 1976.65 18 98 "Minimization exited successfully."
2009aa 82 0.0273 1878.8669532152524 0.0046811824385767755 -0.5271224500526897 -0.04189634175959722 0.0 0.011562789725985567 7.348192373303388e-06 0.015813088729184077 0.001955505695176163 3983.6530851582916 72.0 -19.079810282431513 1.158341252855326 1869.68 1938.65 28 54 "Minimization exited successfully."
2009ab 40 0.0112 1883.784008213079 0.011416315759626297 -0.876405753872687 0.17378533529606144 0.0 0.01234568655070234 2.1205676376986372e-05 0.013537818731130358 0.002634015395632905 4222.321123932281 36.0 -18.08775404553942 1.2156210111459131 1874.57 1911.51 16 24 "Minimization exited successfully."
2009ad 48 0.0284 1887.119930446146 0.004198315478191911 0.35691723242474716 0.010671241942549425 0.0 0.015708532392750385 7.127150598425225e-06 0.018369650390392067 0.0024248221882536836 4225.39063919684 44.0 -19.049709530187457 0.9872359279124403 1878.6 1915.45 20 28 "Minimization exited successfully."
2009ag 72 0.0086 1890.0586667739528 0.010842913359676477 -0.38859559968800816 0.43230789734659547 0.0 0.034736238608275016 2.5202540471782123e-05 0.014954959137247759 0.0020750244157159425 4200.824311319956 68.0 -17.462489953462423 1.1003973955644586 1888.59 1937.5 4 68 "Minimization exited successfully."
2009al 55 0.0221 1896.4653798218956 0.005274181767552316 0.17328120861035412 0.16786892288109878 0.0 8.922643360165239e-06 1.8856999113939406e-05 0.02478647031749004 0.0043579742629358265 1418.105680621955 51.0 -18.74384396774589 1.0125433330364118 1897.7 1947.57 0 55 "Covariance may not be accurate."
2009cz 32 0.0211 1943.8843616889133 0.008049393538018928 0.6871900921856655 0.0953018945241575 0.0 0.02556165915029851 2.0221994790508603e-05 0.029022129755407633 0.0032252037316369275 1642.2997545142202 28.0 -19.100020840913597 0.9255925602056294 1937.53 1966.46 12 20 "Minimization exited successfully."
2009dc 40 0.0214 1947.9057056752097 0.012959078170045088 2.7745057297543516 0.10979728807369082 0.0 0.042613855850959226 3.1073094923912e-05 0.03500023756516457 0.00287874059989246 4744.931846393665 36.0 -19.651945175654717 0.5710832402217747 1942.81 1976.68 12 28 "Minimization exited successfully."
2009ds 36 0.0193 1962.302564285193 0.009324603032045176 1.6833969498549592 0.1667138154075214 0.0 0.04377520959883441 2.3477525226921897e-05 0.05245479809395848 0.0035223715156639246 1642.6755953743252 32.0 -19.065186419131635 0.7578206533811507 1956.68 1976.62 12 24 "Minimization exited successfully."
2009le 36 0.0178 2168.7298797641274 0.011081589984197466 3.1898606712840536 0.2034790210453059 0.0 0.03723794200664088 2.6526475602962202e-05 0.058002378303831925 0.0026779126615115167 2472.327797728253 32.0 -19.08002077627057 0.4756960674013371 2155.62 2169.58 32 4 "Minimization exited successfully."
2010ae 5 0.0037 2280.324716777671 0.00026050804590681823 4.999997450713586 0.4816607741482426 0.0 0.8923280336689459 2.717954056413037e-05 1.4403586271262245 0.1449906209598737 71.43045903086595 1.0 -11.633641499726028 0.190950194281843 2271.53 2305.53 2 3 "Minimization exited successfully."
