analysis_pipeline/results/fit_results/csp_dr3_salt2_2.4_4_red.ecsv
# %ECSV 0.9
# ---
# datatype:
# - {name: obj_id, datatype: string}
# - {name: num_points, datatype: int64}
# - {name: z, datatype: float64}
# - {name: t0, datatype: float64}
# - {name: x0, datatype: float64}
# - {name: x1, datatype: float64}
# - {name: c, datatype: float64}
# - {name: z_err, datatype: float64}
# - {name: t0_err, datatype: float64}
# - {name: x0_err, datatype: float64}
# - {name: x1_err, datatype: float64}
# - {name: c_err, datatype: float64}
# - {name: chi, datatype: float64}
# - {name: dof, datatype: float64}
# - {name: b_max, datatype: float64}
# - {name: delta_15, datatype: float64}
# - {name: tmin, datatype: float64}
# - {name: tmax, datatype: float64}
# - {name: pre_max, datatype: int64}
# - {name: post_max, datatype: int64}
# - {name: message, datatype: string}
# schema: astropy-2.0
obj_id num_points z t0 x0 x1 c z_err t0_err x0_err x1_err c_err chi dof b_max delta_15 tmin tmax pre_max post_max message
[from data line 53]
2006mr 118 0.0059 1052.202476675737 0.004784051515915009 -2.493409348961395 0.9358233942166971 0.0 0.038455267449421626 8.928050949147393e-05 0.021104582210637268 0.011725439787745096 23437.37958385323 33.0 -15.787191126621103 1.512425863167401 1045.86 1147.57 16 102 "Minimization exited successfully."
2006ob 38 0.0592 1063.0238377111573 0.0007518636317718763 -2.1191979539861046 0.088073460789305 0.0 0.17174427715121965 2.5665666270013843e-05 0.08138885761652959 0.024694067561496946 166.34926767788897 20.0 -18.825812147419132 1.5202142538684136 1060.65 1121.57 2 36 "Minimization exited successfully."
2006os 66 0.0328 1065.643858876024 0.0008597852277981433 -0.5881110031853707 0.5473398429815233 0.0 0.13987978298814596 2.01074586715144e-05 0.04853681535447851 0.016656857714426376 208.45698865458783 21.0 -17.663426626713587 1.1301844881124765 1063.65 1133.56 6 60 "Minimization exited successfully."
2006ot 75 0.0531 1067.000148055262 0.0005623129401103516 0.36151438972117056 0.6200626537145983 0.0 0.1776220604530181 1.3622844594261797e-05 0.05986283231421208 0.017197824904763848 595.2286054221127 24.0 -18.286239872000223 0.9559629710979181 1063.72 1131.63 13 62 "Minimization exited successfully."
2006py 14 0.0579 1071.2052073626257 0.0009422805731625268 0.4343520012374871 0.13490136686391474 0.0 0.2741787322087248 5.232459759212934e-05 0.315185451063551 0.04485596696689853 20.346714381620355 10.0 -19.022589811970533 0.967736345233849 1069.54 1091.54 2 12 "Minimization exited successfully."
2007A 49 0.0177 1113.3218569922499 0.0051923179527644196 1.3199255209732357 0.45618734864948207 0.0 0.056022630421352915 0.00010998314617403915 0.08471527262972867 0.014861562092535308 139.0884025831606 14.0 -18.248195288237174 0.8068912793036489 1107.53 1133.53 18 31 "Minimization exited successfully."
2007N 100 0.0129 1112.264161581769 0.001901295742351808 -3.037542809901762 0.7341769753600802 0.0 0.09125168653361015 4.430314572913263e-05 0.025850686799793632 0.01473036158254748 3047.6742249006893 20.0 -16.477493711015505 1.697028193943762 1123.82 1213.67 0 100 "Minimization exited successfully."
2007S 127 0.0139 1145.3001752215496 0.007200915719643703 0.8242385408187172 0.46621396537172943 0.0 0.02503229687192743 9.342626399294618e-05 0.018947315323915692 0.00828310201045157 208.06036239382527 24.0 -18.07210741022911 0.8866392134682641 1132.77 1246.54 30 97 "Minimization exited successfully."
2007af 205 0.0055 1176.5352217957172 0.049999999990599835 -0.42917915197755985 0.4108902570896593 0.0 1.4574267197531299e-06 4.967737657641386e-06 0.009824061782647053 0.0007922959433303012 12264.73007038653 43.0 -18.14515043860486 1.109511003543048 1162.76 1257.72 67 138 "Minimization exited successfully."
2007ai 59 0.0317 1176.2854981362354 0.0006986511876370144 0.44029587756592914 0.6494858162313009 0.0 0.00014291359423168615 2.2781041085742648e-05 0.07251360734367651 0.021996151896269134 94.57647145368628 22.0 -17.369539969995806 0.9412353199866317 1167.88 1259.7 20 39 "Minimization exited successfully."
2007al 72 0.0122 1162.9500230564115 0.0020683072684205385 -2.9372859844516053 0.7381271907710834 0.0 5.324341145751532e-08 4.698663386577405e-05 0.0170604034913715 0.014522605196333083 6579.145519421644 16.0 -16.446936440580675 1.665907835577407 1170.77 1246.58 0 72 "Minimization exited successfully."
2007as 88 0.0176 1181.7873509377857 0.009237598224205107 -0.8209065129941457 -0.02039369618212028 0.0 0.048763164416868676 9.894066566148128e-05 0.017436702126675918 0.006953363904363963 1013.7758783453459 24.0 -18.84834848822639 1.2180129626502527 1175.59 1259.49 13 75 "Minimization exited successfully."
2007ax 57 0.0069 1189.7515955318975 0.003937881967139056 -2.5903078608699732 0.6166168045464153 0.0 0.051149240970175924 7.343547236447453e-05 0.01985045506609029 0.011899939251552638 23964.14241581811 18.0 -15.890946824492275 1.5839553746706834 1184.55 1248.47 6 51 "Minimization exited successfully."
2007ba 68 0.0385 1198.8085903769784 0.001096461508611052 -2.9855359295359527 0.36998634440248 0.0 0.06801076976159948 4.522513228794045e-05 0.09473196221101254 0.028321793226347647 483.47405830196897 21.0 -18.274875004434936 1.7418428278969458 1190.83 1254.75 24 44 "Minimization exited successfully."
2007bc 64 0.0208 1200.7763099673894 0.00737200347261413 -0.9572912663995279 0.05020471515716962 0.0 0.058031456603657716 0.0001055077628396477 0.02083481267884757 0.00996675007532477 286.1456562658889 24.0 -18.971558497003656 1.2421320877798738 1196.65 1259.53 11 53 "Minimization exited successfully."
2007bd 66 0.0309 1207.9150770347155 0.003786582445451703 -0.7654510649953581 -0.0420070200362761 0.0 1.7669127828412456e-05 6.161021107215512e-05 0.027358775191223206 0.01144724951750864 1604.3749420608601 20.0 -19.1242705976837 1.2077489403015171 1197.53 1259.46 24 42 "Covariance may not be accurate."
2007bm 50 0.0062 1223.4863637689714 0.019654990025707506 -0.4996845400774035 0.6967890711374027 0.0 0.06684699162781271 0.00022715326402856714 0.016880912366982415 0.006877463515726712 732.5341758120919 13.0 -17.40968591373468 1.1026546320507595 1217.57 1278.52 7 43 "Minimization exited successfully."
2007ca 73 0.0141 1228.0214953649347 0.004644270717715371 0.6543784691201084 0.5087933568855538 0.0 0.021089025082233093 4.129729481235512e-05 0.018585712502622975 0.005770276728657375 1653.4384579159532 20.0 -17.62936537861929 0.9126964286319321 1217.65 1275.65 18 55 "Minimization exited successfully."
2007cg 23 0.0332 1228.599745772268 0.0006093373266270797 0.9434519253776239 0.782401773265561 0.0 0.20960913919520863 2.604121301897635e-05 0.07511273851183642 0.025941110690786973 23.422204601786717 10.0 -17.33465983678165 0.8534514012901759 1235.63 1259.59 0 23 "Minimization exited successfully."
2007hj 173 0.0141 1344.8263518258843 0.008519434725790132 -2.0462374462008204 0.2955351342915784 0.0 1.5900298762971943e-05 6.239405975427825e-05 0.0068499038248246436 0.004782461194118071 14408.402647665558 38.0 -18.27737254647827 1.4773396010020434 1348.76 1440.53 0 173 "Minimization exited successfully."
2007hx 14 0.0794 1354.132061188433 0.00229093506082447 0.7308386095031061 -0.999803067560163 0.0 0.6016700248707139 8.342464268635565e-05 0.32495924860361924 0.40110901990679754 19.11998369968738 6.0 -20.755152344889364 0.9556141031328416 1354.78 1411.73 0 14 "Minimization exited successfully."
2007if 25 0.0742 1355.9525255132096 0.0004223964331983826 0.24660551389172358 0.9578418932979211 0.0 2.8008493018205627e-06 2.7811182029480202e-05 0.06092619419948697 0.03529522096611826 389.8087301854191 7.0 -18.763743239869235 0.9560446314418307 1357.77 1443.6 0 25 "Covariance may not be accurate."
2007jd 17 0.0726 1364.294053065416 8.489726717285929e-05 -1.9170174881438724 0.9991792200197993 0.0 0.5339243975812451 6.8975312601776736e-06 0.26202192722880846 1.2539922858501265 25.934112105808442 10.0 -16.974748113062176 1.3651223033761362 1362.83 1409.83 2 15 "Minimization exited successfully."
2007jg 56 0.0371 1366.9782898764377 0.0015585983195251563 -0.36835394212019335 0.08315722014215088 0.0 0.09954377669100722 3.329903837922957e-05 0.05650539828792045 0.014435305844051172 293.01465006263396 25.0 -18.568192251469267 1.1189148004677598 1363.82 1425.78 13 43 "Minimization exited successfully."
2007jh 20 0.0408 1366.5831039005175 0.0005177950304609436 -2.341890132857621 0.4215391169866296 0.0 0.21940502970312536 2.7483658306569326e-05 0.1299642228188549 0.03742296556838409 632.9818852872565 14.0 -17.59238150720704 1.541430736429085 1363.86 1413.8 4 16 "Minimization exited successfully."
2007le 148 0.0067 1399.9672343890793 0.04999999963614359 0.3232291592686751 0.19869192601409802 0.0 0.028570753356461864 8.106945467229246e-05 0.012740244979854154 0.0008071053169407261 1499.4507032595398 36.0 -18.569302439798292 0.9842418537885678 1388.57 1470.55 30 118 "Minimization exited successfully."
2007mm 17 0.0664 1393.7478805785454 0.00019952794592631163 -3.776359749204039 0.37973621460218054 0.0 0.10168193017625526 1.0435072450067082e-05 0.19791969829625944 0.037759181850982926 613.3601128545808 13.0 -17.65267463195419 2.0351245404949054 1385.72 1418.69 4 13 "Minimization exited successfully."
2007nq 99 0.045 1397.5224257898444 0.001737006482246556 -1.767499270224862 0.033705050827764316 0.0 0.10721102708805574 3.228314842651091e-05 0.03252115298851388 0.01253339252032415 401.3399067421533 32.0 -19.116726333665266 1.433111518286701 1397.65 1476.56 0 99 "Minimization exited successfully."
2007ol 7 0.0559 1414.1811319198423 0.0009216293901599837 -3.1028150035287547 0.0034666730032728577 0.0 0.3090583495060173 0.0001887369593310623 1.5038018291596373 0.16511579387073105 5.917859543416676 3.0 -18.916300262188322 1.843572091402244 1409.79 1422.66 3 4 "Covariance may not be accurate. Covariance not positive definite. Covariance forced positive definite."
2007on 204 0.0065 1420.743399242188 0.04999999999459139 -1.8139377406295534 0.45125080450558963 0.0 0.017049578194701098 1.3435947977001594e-05 0.010076938473330577 0.0012592188376945312 22415.55184174453 33.0 -18.51076739195183 1.4017979381706063 1410.73 1508.61 21 183 "Minimization exited successfully."
2007so 39 0.0297 1424.4400487943228 0.0014623155676377509 -0.7235563159684535 0.7389542495037229 0.0 0.23654903899671353 3.848198341319944e-05 0.044548119635984484 0.015976658932456478 88.29958945479127 12.0 -18.032579885100724 1.1414039444762487 1449.68 1494.53 0 39 "Minimization exited successfully."
2007sr 156 0.0055 1458.5952548280488 0.049999980476095066 -0.15145732783538168 0.4442438973198657 0.0 122.96978212291697 0.030734080746249698 7.067908836896384 1.4790487813813828 33939.936763171696 32.0 -18.14684800728436 1.0557279041091014 1454.84 1955.57 17 139 "Covariance may not be accurate."
2007st 74 0.0212 1451.8531298235032 0.00783761468657862 -1.2532872011081206 0.19153407249528054 0.0 0.21911019995354764 0.00022562381148098862 0.031127070099537413 0.015924723087971215 721.6690208581757 20.0 -19.081807004368216 1.2958414486324124 1458.66 1513.52 0 74 "Minimization exited successfully."
2007ux 88 0.0309 1463.2275439356988 0.001612349191152035 -2.229209261272977 0.27999202324444794 0.0 0.07103558057281134 2.7457891072220396e-05 0.02433489066281025 0.011424070725597923 1738.3388750582621 25.0 -18.200860707982656 1.5281283683835483 1466.82 1554.65 0 88 "Minimization exited successfully."
2008C 73 0.0166 1470.751721996592 0.0078060902318598194 -1.7227997140891627 0.09491022287108697 0.0 1.7959549154511478e-05 0.00016922219029535121 0.05832081744603812 0.015242021395605598 1039.0707727750134 21.0 -18.536955778743916 1.4156980726887607 1469.81 1552.5 4 69 "Minimization exited successfully."
2008J 43 0.0159 1464.7315561819162 0.00939984132589557 1.3543960838787141 0.9999999999170335 0.0 2.4335193756996887e-05 1.765778482915644e-05 0.018813866019121495 3.4871931528845934e-05 37840.51033115919 15.0 -18.699831864427942 0.7807209070561232 1484.54 1516.52 0 43 "Covariance may not be accurate."
2008O 53 0.0389 1492.1174328044642 0.0008087172005288523 -2.5174242277845464 0.28779298163163114 0.0 0.09179512625712505 2.5077001519571717e-05 0.06527128848399344 0.022222205426750685 311.80444283479454 18.0 -17.964755838577197 1.608831081745251 1489.71 1546.54 7 46 "Minimization exited successfully."
2008R 64 0.0135 1491.3614202287156 0.01149483039258497 -2.2500597899829504 0.1799330453677157 0.0 0.03381855516090582 0.00012841068901527346 0.01193617220904386 0.007167301570843332 9123.610934540868 21.0 -18.504153261742857 1.5459084896520814 1493.63 1532.52 0 64 "Minimization exited successfully."
2008ae 71 0.03 1516.6976880420375 0.00030272335042525193 -4.543848087100099 0.9999999985576271 0.0 0.094881613993266 2.3266850761941016e-06 0.2691095514292017 0.003508406179704049 264.88656563572374 6.0 -16.3674399536878 2.206471496181365 1511.74 1602.52 9 62 "Minimization exited successfully."
2008ar 70 0.0261 1535.3947876766158 0.004946025973961152 -0.017064069171387253 0.04400360944814108 0.0 0.036878461584592515 7.264853445620436e-05 0.022866418732294225 0.009451493044783654 241.26638418838343 28.0 -19.040355590348163 1.0539937849846197 1527.79 1627.59 7 63 "Minimization exited successfully."
2008bc 101 0.0151 1550.0296801907953 0.009385425606063603 0.5941300989566534 0.16559000180605477 0.0 0.033640145575986935 8.410860268495343e-05 0.016878648040408617 0.005785156620143894 890.9097089866773 25.0 -18.531177295265078 0.938566866218487 1542.56 1646.46 27 74 "Minimization exited successfully."
2008bd 35 0.0301 1521.4214969015613 0.0014520823906158055 -2.3422893440857875 0.22056508071212666 0.0 0.19616067075833143 5.809747393572683e-05 0.07010321357118166 0.026253406436853477 173.64545589608116 16.0 -18.027294507596096 1.566959402671106 1541.7 1607.65 0 35 "Minimization exited successfully."
2008bf 83 0.0235 1555.3963681218233 0.008264279916745372 0.5315617200599867 -0.0662993674539587 0.0 2.5585541834516334e-05 0.00010021952764458636 0.02162099818319474 0.008304011874172013 773.605213744985 40.0 -19.366056701487707 0.9595498111997358 1546.79 1646.49 27 56 "Minimization exited successfully."
2008bi 48 0.0134 1533.84217514457 0.0031119133238212806 -2.4443009083502334 0.5778532851476972 0.0 0.09238627052252468 0.00010924633945464941 0.024763238304409407 0.022102587946081553 626.1799555479241 24.0 -17.08514505407741 1.5488925615507938 1551.52 1628.47 0 48 "Minimization exited successfully."
2008bq 50 0.034 1564.3015201185785 0.00279587488519428 0.3592634484652226 0.10375515569638982 0.0 0.06245090534605424 3.247085966275325e-05 0.028326825018828217 0.00814851426453278 176.64827951496878 28.0 -19.00884890385739 0.9824550453636753 1562.49 1606.46 2 48 "Minimization exited successfully."
2008bt 35 0.0154 1568.9368972722782 0.0022003392928747812 -2.47739830024509 0.6791689950525681 0.0 0.08523891384720628 4.231802729391383e-05 0.02447597963028003 0.01225556532678218 7167.834983756111 16.0 -17.020998663981874 1.5440360230967336 1571.61 1651.47 0 35 "Minimization exited successfully."
2008bz 26 0.0603 1579.2994503725124 0.001183378443100719 -0.7190132893631507 -0.14997192186216957 0.0 0.14393701326616792 2.693482159279732e-05 0.07962926453291619 0.017091449986586238 163.9638560323577 18.0 -19.361198609852796 1.2051408624920121 1580.72 1651.52 0 26 "Minimization exited successfully."
2008cc 86 0.0104 1580.2607125890188 0.020642094114985285 -1.5927618299352941 0.1720452631745366 0.0 1.6960090192696953e-05 2.5233573174644405e-05 0.008238084155780312 0.0007822060291671207 32373.089387316122 24.0 -18.56819702306756 1.3762735462561597 1582.86 1654.86 0 86 "Covariance may not be accurate."
2008cd 9 0.0074 1549.6551316922964 0.0021109333924839518 4.988961401267716 0.9433596804233684 0.0 0.37938807270677444 0.00014469946414191054 2.2928664850382514 0.036339902492992904 35.23717232811038 5.0 -15.458539325042679 0.20032171575696722 1587.74 1595.73 0 9 "Minimization exited successfully."
2008cf 51 0.046 1596.3725039472292 0.0025061441858276997 0.5786474058363904 -0.13918491271057776 0.0 6.170626659240952e-05 3.7865250966297214e-05 0.028311438227773156 0.01074589955715266 490.20426759620244 18.0 -19.566258833634414 0.9542391264375141 1595.77 1654.65 2 49 "Covariance may not be accurate."
2008ff 144 0.0193 1714.6050653631648 0.010933268146552797 -0.9569471076888441 -0.0287673316047401 0.0 5.435140337795019e-09 9.616777269432115e-05 0.011540008425663828 0.005865531122837497 7794.6514902676745 31.0 -19.234315567796756 1.24793655147848 1724.53 1790.57 0 144 "Minimization exited successfully."
2008fl 97 0.0199 1720.5051427892006 0.004096136048543253 -0.9583731277039762 0.3969135098518759 0.0 0.056387140076139985 3.6451223693041365e-05 0.011802884411026504 0.005610807092648162 1049.2324570036142 34.0 -18.244320535700588 1.2152797758333769 1724.49 1789.53 0 97 "Minimization exited successfully."
