analysis_pipeline/results/fit_results/csp_dr3_salt2_2.4_4_red.ecsv
# %ECSV 0.9
# ---
# datatype:
# - {name: obj_id, datatype: string}
# - {name: num_points, datatype: int64}
# - {name: z, datatype: float64}
# - {name: t0, datatype: float64}
# - {name: x0, datatype: float64}
# - {name: x1, datatype: float64}
# - {name: c, datatype: float64}
# - {name: z_err, datatype: float64}
# - {name: t0_err, datatype: float64}
# - {name: x0_err, datatype: float64}
# - {name: x1_err, datatype: float64}
# - {name: c_err, datatype: float64}
# - {name: chi, datatype: float64}
# - {name: dof, datatype: float64}
# - {name: b_max, datatype: float64}
# - {name: delta_15, datatype: float64}
# - {name: tmin, datatype: float64}
# - {name: tmax, datatype: float64}
# - {name: pre_max, datatype: int64}
# - {name: post_max, datatype: int64}
# - {name: message, datatype: string}
# schema: astropy-2.0
obj_id num_points z t0 x0 x1 c z_err t0_err x0_err x1_err c_err chi dof b_max delta_15 tmin tmax pre_max post_max message
2004dt 88 0.0197 244.76502017708225 0.0052272512710926705 -0.7533026386583854 0.6375326760414337 0.0 1.3141198991206693e-06 3.5322182866291945e-05 0.007883729529330363 0.0041916811373776675 34370.602892949144 68.0 -18.500238399438032 1.1550967350795034 249.79 365.62 0 88 "Covariance may not be accurate."
2004ef 111 0.031 264.9145200771492 0.0030626953787532027 -1.559860561076487 0.021311256247259713 0.0 0.009633847277683572 2.0611679078191922e-05 0.010377136567379708 0.0045068549273591385 2702.9202840142375 86.0 -18.900684327322857 1.3826582495075819 255.69 329.57 20 91 "Minimization exited successfully."
2004eo 122 0.0157 279.0892591717251 0.008714974557252448 -1.2095126697710432 0.32967059220517214 0.0 0.005555692421808089 4.170078338670575e-05 0.006017205505842282 0.003023953121146339 12105.927886352592 68.0 -18.539576807844362 1.2741921610568294 266.52 341.54 49 73 "Minimization exited successfully."
2004ey 102 0.0158 304.88925739577905 0.01218692812102212 0.3295627368674001 0.14650411725646184 0.0 0.0166661206039862 7.945662081004692e-05 0.01081364644224525 0.004216348800817227 876.802546696329 60.0 -18.913817595825037 0.9856736766914285 295.53 358.55 24 78 "Minimization exited successfully."
2004gc 54 0.0321 329.1153074014551 0.0016243156020750993 -0.9735195416942579 0.2938889585319515 0.0 9.31328872013637e-05 2.4750482928831505e-05 0.027758617359650906 0.010335742428847827 1269.9636279779606 40.0 -18.29453807862781 1.2267087512663615 329.83 397.66 0 54 "Minimization exited successfully."
2004gs 135 0.0267 358.34517197134477 0.0023800957633449667 -2.4856190027376823 0.09007024359080806 0.0 4.142603302170755e-06 3.1294574716840594e-05 0.015962503545442486 0.008831641804032508 4723.794095494692 58.0 -18.29571168603475 1.6255291369486429 352.85 461.56 8 127 "Minimization exited successfully."
2004gu 68 0.0459 363.07767860293774 0.0019975790084938608 1.2550709973437701 0.001355582750580231 0.0 0.0638710660820152 2.6726234427612442e-05 0.030980953915507037 0.009550550358620624 248.32177836211412 53.0 -19.314824936503687 0.83332329488535 357.86 410.84 6 62 "Minimization exited successfully."
2005A 109 0.0191 378.59641326839073 0.0009072203544537417 0.04893698438631766 0.9798879134202538 0.0 3.3680591400298e-05 1.0917732438348027e-05 0.015853294458585854 0.007629268955671953 4015.8774313495746 60.0 -16.561192724641867 0.9872969364363442 376.65 433.53 4 105 "Minimization exited successfully."
2005M 172 0.022 408.4700074755255 0.00602552953993919 0.7640456191429781 0.1292015781037441 0.0 5.9730244572619995e-06 4.039408973939866e-05 0.015362461709195863 0.004512904165175136 5367.58724250974 87.0 -18.87827109801854 0.9110439452289647 397.73 480.51 33 139 "Covariance may not be accurate."
2005W 40 0.0089 412.8465328979336 0.027575971691384055 -0.24001696108839532 0.2413055544839282 0.0 0.03194037093794577 0.0002857958484819515 0.06313549405475882 0.006764859473031737 220.724668466899 36.0 -18.544118706669785 1.0845912836689244 404.54 429.51 15 25 "Minimization exited successfully."
2005ag 41 0.0797 414.81633244073475 0.0006181863377730912 0.6048786318011281 0.03584870713837707 0.0 0.00015540873931740862 4.243774508669312e-05 0.06981562538931962 0.04156456346040821 27.87404205028593 29.0 -19.29169833437623 0.9423403384077709 412.82 479.84 2 39 "Covariance may not be accurate."
2005al 98 0.0124 433.1309731070928 0.016414652740856444 -1.5226952938986438 -0.09903916325579554 0.0 6.835438455254916e-07 0.00013757501706479144 0.01009192567853523 0.005493950254636282 4402.648434160289 60.0 -18.70348534653936 1.3845432743268677 429.76 512.79 8 90 "Minimization exited successfully."
2005am 66 0.0079 440.0658530140978 0.04997568491596141 -2.0252512158809655 -0.003854774907995684 0.0 3.691810576356147e-06 2.8821266486536018e-05 0.0032941379835116358 0.0006644935555988885 35631.75682980101 40.0 -18.925131039446967 1.5047177046348565 433.71 490.46 6 60 "Covariance may not be accurate."
2005be 23 0.035 460.30758107386515 0.0035192669147612655 -2.2115799299261676 -0.17240588208440322 0.0 0.047746064702010926 5.2949947799542244e-05 0.029827089285608288 0.009969812510875808 205.26678769407195 19.0 -19.322642944385656 1.5760981615279483 467.89 491.77 0 23 "Minimization exited successfully."
2005bg 31 0.0231 470.91365134301566 0.008168012923119672 0.33841903985870925 -0.11499233873088488 0.0 0.09849155352154071 0.00015142967440601608 0.05941675458377249 0.013557326060878783 540.6347347310825 27.0 -19.31567731041588 0.9962998724240535 472.67 512.61 0 31 "Minimization exited successfully."
2005bl 23 0.0241 485.21583485043726 0.0006200947051167778 -4.999999998989487 0.5594375043085478 0.0 0.028024236357310883 2.4703537480499883e-05 0.00986871464129857 0.025381797766424463 1005.6417024381283 19.0 -16.624093889286815 2.6532711695887166 476.61 512.57 15 8 "Minimization exited successfully."
2005bo 18 0.0139 479.21653891147236 0.007302558214491689 -0.8595710293556964 0.36887839044361637 0.0 0.13070124425902918 0.00016719058538016557 0.06646207470698462 0.015500446907793064 26.746907475751573 14.0 -18.08180478255547 1.1972214061864115 478.75 512.76 2 16 "Minimization exited successfully."
2005el 143 0.0149 649.0160125807816 0.009300678227118941 -1.3475384009301292 0.21740173684859432 0.0 1.2746899869853223e-05 8.437091539363183e-05 0.010574209629078846 0.0057381482922529425 19600.519722103138 34.0 -18.49195084864517 1.3148157165042704 639.89 730.75 21 122 "Minimization exited successfully."
2005eq 112 0.029 656.3000522736704 0.004120116347055352 0.9196271952573838 0.08763838416456471 0.0 1.1252268450334668e-08 5.489682008733704e-05 0.026383186277983306 0.008751344019806262 503.5006554357722 34.0 -19.076580354869503 0.8863543650551584 647.8 751.66 10 102 "Minimization exited successfully."
2005gj 112 0.0616 712.4902635165271 0.0006953545455206239 4.9999999959641706 0.9999999996531019 0.0 6.622105331643979e-06 1.3783632726000025e-06 0.001740878326163653 0.00012559265882650106 23652.174800115055 30.0 -18.949805359599125 0.20076347006597928 698.7 1016.76 20 92 "Minimization exited successfully."
2005hc 84 0.0459 668.2703564726802 0.002131911670494802 0.7739764075633779 -0.0777351901505624 0.0 0.06521035296151467 3.1918641596408084e-05 0.03634407351880542 0.010629984207308263 54.625809266524456 28.0 -19.385289467877467 0.9176026207230414 661.67 755.61 19 65 "Minimization exited successfully."
2005hj 52 0.0574 676.7619543228795 0.0015167156442472852 1.0141506012588515 -0.10657336239328175 0.0 0.00010596626856340663 3.9418641391952836e-05 0.06943126281204659 0.01818979319775227 277.7060639839491 20.0 -19.519804726511722 0.8774803140944698 671.67 761.57 17 35 "Minimization exited successfully."
2005hk 156 0.013 689.6716458451415 0.002834467581618147 0.03370133362466454 0.9360068680545142 0.0 0.02107028250259191 2.4863331956767598e-05 0.01275710598385027 0.005643408813788442 32148.11671470635 36.0 -16.94789523681565 0.9926104196437286 675.61 761.54 50 106 "Minimization exited successfully."
2005iq 84 0.034 687.7387906068718 0.003155491848410405 -0.972443543408005 -0.06185235191358196 0.0 0.040998151126814264 4.7684542850422043e-05 0.032796149026409704 0.010448028846640145 783.2551649412766 30.0 -19.138947910984125 1.2537658623004013 682.55 755.55 20 64 "Minimization exited successfully."
2005ir 13 0.0763 686.7151750526984 0.00013178290304618201 0.3642993777636505 0.9999962431607878 0.0 1.4863634021367034e-05 1.1523103349273033e-06 0.12029398748973508 0.05046452034052196 39.51594661592417 9.0 -17.567513301978313 0.9345275472001795 682.62 740.53 3 10 "Covariance may not be accurate."
2005kc 77 0.0151 698.4620725987127 0.004623564332888361 -0.3696670244863238 0.5902496062862088 0.0 0.02809057336571641 6.072761403824343e-05 0.03785569858958926 0.0085192098742366 146.71337847771073 21.0 -17.779019745216697 1.086185185075987 687.52 728.54 34 43 "Minimization exited successfully."
2005ke 222 0.0049 700.5281371287863 0.015484368548027662 -2.192521436521642 0.5279949903128345 0.0 0.010065153399125393 0.00016463307673956346 0.009047360186489328 0.006632831473596168 55236.52411962183 38.0 -16.62563180206655 1.4881898902952297 689.69 819.51 41 181 "Minimization exited successfully."
2005ki 147 0.0192 705.6482650836329 0.009312901195499369 -1.4611590008983075 -0.03385605118077695 0.0 0.017982639228478092 9.664641353241289e-05 0.011830300838628238 0.006818461255861719 1753.511370462065 38.0 -19.04847792945747 1.3637818414777652 695.86 858.54 17 130 "Minimization exited successfully."
2005ku 17 0.0454 699.9532645491219 0.0016847436680746649 -0.46203381016857215 -0.019306546491011156 0.0 0.2123150763094941 7.983268216799197e-05 0.16589216171762722 0.035417375223267156 26.913791883780988 10.0 -19.103973843155597 1.1437858317105096 699.56 739.53 2 15 "Minimization exited successfully."
2005lu 39 0.032 719.940025151317 0.0016616280799267415 0.05707252806455898 0.1946790310468245 0.0 1.2907048017041234e-06 3.846774676641849e-05 0.03746658796953062 0.014993349274908585 1817.3809828163241 22.0 -18.310249814946385 1.0321890902431612 719.66 799.52 1 38 "Minimization exited successfully."
2005mc 31 0.0252 729.4940070790086 0.002899524844409132 -2.196622681124639 0.20518853385514912 0.0 0.1241519838792442 5.816699394429331e-05 0.020996327286568084 0.01176075308199298 2446.1136572337628 27.0 -18.38398241293381 1.5280863500608284 736.79 773.62 0 31 "Minimization exited successfully."
2005na 79 0.0263 744.2870930581496 0.0044890065058239784 -0.6380450254274397 0.11688244064876985 0.0 2.159978237159521e-06 5.19163535102991e-05 0.019471519089192757 0.007573430704227113 4338.53152329701 42.0 -18.952278608154295 1.1704883135070325 738.71 834.54 6 73 "Minimization exited successfully."
2006D 151 0.0085 759.3350561873732 0.0316071573112313 -1.719423256434513 0.056405463316815396 0.0 2.4367695914406795e-06 0.0002695994597512498 0.008517545670417848 0.005330351100270692 9872.89294503545 47.0 -18.588003172904973 1.4187029869752852 752.87 891.61 4 147 "Minimization exited successfully."
2006X 188 0.0052 788.4402368578319 0.015886580008680564 0.1970017507346835 0.9999999668316057 0.0 2.0039511241520813e-06 1.7559502290901904e-05 0.00938525710482807 0.0002691821512496029 19140.257277384557 41.0 -16.823356899874383 0.9616420923520881 775.68 891.59 44 144 "Minimization exited successfully."
2006ax 146 0.0167 828.1166407251466 0.01236172826880083 0.37733263964972696 0.06624455669412277 0.0 0.0151559593207935 0.00011651435692931061 0.013586429747709516 0.005975695265465153 968.3408574923701 37.0 -19.050176072799868 0.9810099904832228 815.64 891.5 31 115 "Minimization exited successfully."
2006bd 31 0.0257 810.1835433446009 0.0009488629506261115 -1.879378629431744 0.5525662896616543 0.0 0.1565615499531532 3.496249447472737e-05 0.05696215679528338 0.024127511300972904 454.90734074300184 8.0 -17.228816358224563 1.4067623044291437 822.75 872.57 0 31 "Minimization exited successfully."
2006bh 102 0.0109 832.6823508252038 0.03144603837749944 -1.4214070680777304 -0.05861574016571247 0.0 0.0320333484669959 0.00025849785195972835 0.009666258163035346 0.005231131915404641 1823.8708854391964 31.0 -19.1265817245198 1.3564163650869006 829.91 891.79 14 88 "Minimization exited successfully."
2006br 41 0.0246 851.4840058701303 0.0004420290474648814 -0.9028905691144198 0.8269291878305045 0.0 0.14031470442449745 1.7599974689072595e-05 0.07053934543459439 0.025720505209142486 107.15604645649076 16.0 -16.323454892061925 1.1690587222506394 855.66 891.66 0 41 "Minimization exited successfully."
2006bt 49 0.0322 860.7708931478887 0.0013508359089007577 -0.35371775146407813 0.6180119726736018 0.0 0.04099844717495671 1.8612597614696435e-05 0.03188491598852661 0.009204940441948306 2276.6044592930602 18.0 -18.11745659842266 1.0813571986761268 853.76 891.71 15 34 "Minimization exited successfully."
2006dd 76 0.0059 941.8441487099964 0.04999999997831004 0.8594635957032368 0.37992925290855495 0.0 0.2756767872003252 2.5556699090757e-05 0.1533972938875694 0.010553097345776363 984.4255538080672 0.0 -18.29791488775972 0.8845653985315867 979.93 1147.57 0 76 "Minimization exited successfully."
2006ef 20 0.0179 968.1942608780191 0.013018542655523447 -0.9498950750195867 -0.1258473893458001 0.0 0.12323224709416536 0.00021010295812775876 0.02921441644922851 0.009831886249251687 261.66119493371195 12.0 -19.258711122173533 1.2534491823080742 979.9 1040.71 0 20 "Minimization exited successfully."
2006ej 21 0.0205 975.5603626801967 0.011394719140878152 -1.3664463700898777 -0.20613153081926905 0.0 0.2007342446636926 0.0003121750672519909 0.035561269872784296 0.01722562218876006 72.29619192775762 7.0 -19.413968512988095 1.355660060260373 980.72 1018.7 0 21 "Minimization exited successfully."
2006eq 62 0.0495 977.0359517800994 0.0006414127782144231 -2.515179698611594 0.23538845509359319 0.0 4.840950498419261e-05 1.9715832587426096e-05 0.04785198071151231 0.021221213775139303 641.771904748194 25.0 -18.25187312286682 1.6152146929754139 980.56 1029.51 0 62 "Covariance may not be accurate."
2006et 151 0.0226 995.4512531486894 0.0064324339035111006 0.6474462311713234 0.20528853233894906 0.0 3.926042950297415e-06 6.567678356026851e-05 0.017917480166400157 0.0066466445477944 557.5197378139139 31.0 -19.009915294725523 0.9276754842994333 982.63 1099.54 27 124 "Minimization exited successfully."
2006ev 87 0.0287 990.2712869759499 0.0020993591440936683 -1.3231734080567858 0.11920335154642392 0.0 0.08768536769582624 4.349124542353533e-05 0.04472260941948991 0.013905881664841524 74.02065513405631 16.0 -18.32037512201229 1.3179392035270574 993.59 1039.52 0 87 "Minimization exited successfully."
2006fw 6 0.0835 1008.4862964938068 0.002954876489334901 -1.2727657678030595 -0.9874174501905907 0.0 0.17041862891340998 0.00045992814524597873 0.2314272089491447 0.17256964555599524 28.77459274283901 2.0 -21.143609663762383 1.3881811780737898 1001.75 1039.73 2 4 "Covariance may not be accurate. Covariance not positive definite. Covariance forced positive definite."
2006gj 70 0.0284 1001.3100949530881 0.0009973015091799542 -2.28021498381733 0.4494039544771362 0.0 4.9571926297176105e-06 2.5537579320880665e-05 0.029604246927116717 0.017205280925502664 951.3727136667062 20.0 -17.49855451998596 1.5211386392250965 998.83 1096.59 2 68 "Minimization exited successfully."
2006gt 54 0.0448 1004.4112071115558 0.0007077302129983532 -2.7006283103803144 0.23201217089707438 0.0 0.00010576470259593407 1.904605832792896e-05 0.04624335841285676 0.01857806477638957 828.2730061150725 18.0 -18.13442946857127 1.6720166769570923 1001.67 1076.62 8 46 "Minimization exited successfully."
2006hb 101 0.0153 999.3588595860264 0.010896555879845086 -2.108141686027597 0.1433150650781163 0.0 0.044248167257762816 0.00015648174360254844 0.014882834142412094 0.009082807293343764 2960.0688553201876 20.0 -18.720325995983966 1.5109915840509203 1006.87 1143.59 0 101 "Minimization exited successfully."
2006hx 39 0.0455 1022.9872867303841 0.0009535134221681785 -0.23721667545526515 0.4644815475012498 0.0 0.1011706869644513 4.38173949948911e-05 0.08145300209828843 0.03155750605759455 101.4604025861905 13.0 -18.502632893220873 1.0701414318053715 1013.66 1080.59 8 31 "Minimization exited successfully."
2006is 80 0.031 1014.2515448225992 0.006477717787544419 0.4806690193825478 -0.2501485065610187 0.0 1.0542388451995066e-05 7.294268770389892e-05 0.019588204980065527 0.007815789208915958 4566.554384402609 19.0 -19.718223538840604 0.9762989325145597 1009.86 1125.67 5 75 "Minimization exited successfully."
2006kf 118 0.0213 1040.626330386471 0.0026801647338335205 -2.121505138034847 0.34853580364019177 0.0 1.1915638310711074e-05 3.558242166415556e-05 0.018428516283542695 0.008610682529223035 2111.34750757862 28.0 -17.93130274611356 1.4910504529731163 1036.81 1127.64 20 98 "Minimization exited successfully."
