analysis_pipeline/results/fit_results/sdss_sako18_salt2_2.0_4_blue.ecsv
# %ECSV 0.9
# ---
# datatype:
# - {name: obj_id, datatype: string}
# - {name: num_points, datatype: int64}
# - {name: z, datatype: float64}
# - {name: t0, datatype: float64}
# - {name: x0, datatype: float64}
# - {name: x1, datatype: float64}
# - {name: c, datatype: float64}
# - {name: z_err, datatype: float64}
# - {name: t0_err, datatype: float64}
# - {name: x0_err, datatype: float64}
# - {name: x1_err, datatype: float64}
# - {name: c_err, datatype: float64}
# - {name: chi, datatype: float64}
# - {name: dof, datatype: float64}
# - {name: b_max, datatype: float64}
# - {name: delta_15, datatype: float64}
# - {name: tmin, datatype: float64}
# - {name: tmax, datatype: float64}
# - {name: pre_max, datatype: int64}
# - {name: post_max, datatype: int64}
# - {name: message, datatype: string}
# schema: astropy-2.0
obj_id num_points z t0 x0 x1 c z_err t0_err x0_err x1_err c_err chi dof b_max delta_15 tmin tmax pre_max post_max message
[from data line 670]
15006 60 0.478367 54021.28799099015 1.1661110634543226e-05 0.4467358813313478 -0.14017727454102735 0.0 1.1439457912129 1.4408027711121377e-06 1.3652138258587065 0.0723157854366343 4580380.337522676 52.0 -19.344417872895065 0.9781826777714215 53989.3839 54063.304044 21 39 "Minimization exited successfully."
15009 38 0.291073 54019.60337627744 1.3012539218512087e-05 0.6917344782170458 0.30967040941537616 0.0 1.2174953383000684 2.0294073944093777e-06 1.7497475840307537 0.14922215697982677 4867342.029870506 31.0 -18.196472131511168 0.9136551546872838 53989.400908 54063.321334 12 26 "Minimization exited successfully."
15018 60 0.200597 54014.07974032015 1.2697730266882923e-05 0.19953472371462588 0.43098734995241017 0.0 1.52472513480825 1.9172663293304254e-06 1.7861672810930962 0.1696701423063116 4016180.500960634 53.0 -17.25548979922532 0.9991949772174529 53989.379838 54063.299834 21 39 "Minimization exited successfully."
15024 57 1.057019 53886.55884209765 0.004635434371215709 -1.4214666457420009 0.059370173148326044 0.0 141.34895444360154 0.014120434555532427 8.272411870340328 0.33548035083735794 132308.9763272855 -3.0 -27.951037698025466 1.384308118002025 53989.409792 54065.337943 0 57 "Covariance may not be accurate. Covariance not positive definite. Covariance forced positive definite."
15033 59 0.215653 54020.271263567025 4.027111016870366e-05 -2.044159627748636 0.05622436120761942 0.0 0.416361519095517 2.4035266333427564e-06 0.4689581314183764 0.07343746057284944 19566040.607681304 44.0 -18.67493521714337 1.5621558047618649 53989.35462 54063.273534 21 38 "Minimization exited successfully."
1504 94 0.316373 53626.94022044903 2.712558239380325e-05 0.2883802528827779 0.06244306091236029 0.0 0.7794912459721672 1.3684686278869751e-06 0.6870209957018765 0.0547839560598814 23780050.29147266 78.0 -19.199063349862268 1.0005842378936975 53616.420565 53705.32937 6 88 "Minimization exited successfully."
15041 60 0.713011 54005.811458370015 5.799941648024776e-06 -1.1614718468701746 -0.47018092584050886 0.0 4.001009329149383 1.480573823732234e-06 2.0277865849333394 0.2408287237330352 1039734.5664950185 56.0 -19.647834288688138 1.365123740152164 53989.391203 54063.310783 9 51 "Minimization exited successfully."
15057 40 0.297616 54017.26158423987 3.138233113447409e-05 -2.5037758931805434 -0.16780222110711607 0.0 0.3825754070203402 1.990519188398433e-06 0.4613113287535917 0.06309648678738361 17441301.27830934 32.0 -19.202542363512574 1.7501243982366539 53989.360323 54063.279485 14 26 "Minimization exited successfully."
15062 38 0.275347 54017.052653532715 1.5103705701395853e-05 -1.5883402228042023 -0.06198181932076208 0.0 0.760517118669668 1.8632655294142934e-06 1.0838902359258258 0.11976790738840193 5916015.453916566 30.0 -18.213537870027857 1.4424181254243962 53989.394033 54063.314579 12 26 "Minimization exited successfully."
15063 40 0.341572 54003.56385308169 8.318296225504618e-06 -1.575808845032535 -0.21643843912203986 0.0 2.0322551359604404 1.4298909451576635e-06 1.940935710469772 0.17968037098360007 2114809.9324100027 36.0 -18.110197955881965 1.4557044355505866 53989.396462 54063.317108 6 34 "Minimization exited successfully."
15064 57 0.538293 53993.859553310715 7.32262552095464e-06 -2.114457254706067 -0.6296618995304133 0.0 0.33834200636920286 1.123639478501914e-06 0.23449911636329013 0.029201153905191013 11988818.29624321 52.0 -19.16328480831333 1.67574237689713 53989.399293 54063.320056 3 54 "Minimization exited successfully."
15073 42 0.378311 54011.929378187466 1.0631855214368046e-05 5.999999865312393 -0.11219360855424121 0.0 1.3378542593454767 8.384225791202577e-07 0.3634258229277467 0.05382837087083747 9175593.676135553 38.0 -18.743609677056487 0.12104349930012859 53989.435585 54065.365186 12 30 "Minimization exited successfully."
15081 59 0.180773 54022.29735599218 2.256797249301279e-05 5.999999996263911 0.20234677531519707 0.0 0.5348572270231671 9.961681656234234e-07 0.46877652975337725 0.0694495372437196 18597327.349899653 46.0 -17.726321769042723 0.12262264277266155 53974.278039 54063.197625 24 35 "Minimization exited successfully."
15082 40 0.299857 54012.972773199 1.5347620165302444e-05 5.999999728415357 -0.1611712319489006 0.0 0.8164452200835512 9.16680833585871e-07 0.22213069392818507 0.059194074038873334 16800042.893057134 36.0 -18.554120489791686 0.12089339838777846 53989.351767 54063.270532 14 26 "Minimization exited successfully."
15087 60 0.726978 53956.328864325646 8.723735664049271e-05 -2.755031244838124 -0.9347817285528419 0.0 1.6939312448739656 2.3894634475395967e-05 0.3830742191470726 0.18966829445229721 1669796.1905926191 38.0 -22.67111342055773 1.9871336027800588 53989.375388 54063.294281 0 60 "Minimization exited successfully."
15101 67 0.18064 54013.34347643435 2.045245190295475e-05 -1.6519739396683022 0.3145021706551161 0.0 0.7205628476986021 2.165828405897296e-06 0.9811948796545189 0.1161432688847055 8758055.132861678 50.0 -17.514377641754244 1.4177873348313739 53974.200153 54063.122251 24 43 "Minimization exited successfully."
15102 62 0.581558 54011.30350418451 1.1327156409257633e-05 -0.43619504666861 -0.14367225990658428 0.0 1.3552309361803054 1.2022467903494153e-06 1.2502457452499822 0.09940763806148911 3378175.6481987024 58.0 -19.824150654001215 1.163398619861006 53989.229247 54063.143676 21 41 "Minimization exited successfully."
15103 57 0.395314 54019.240295656404 1.9351682719344066e-05 0.5220743664890213 -0.06314380098512329 0.0 0.8043192970471864 1.5869280893848762e-06 0.9521046264728832 0.06100912823192478 10192083.803972136 49.0 -19.400064801262502 0.9603661374182231 53989.250599 54063.165958 21 36 "Minimization exited successfully."
15108 60 0.418666 53992.36360422622 1.9273978382753354e-05 3.6666927587281357 -0.007997937319414783 0.0 119.74315530111198 0.012032977500306075 8.916673362632864 1.5360935235119413 10130066.895914158 55.0 -19.563778098376492 0.3093496653110819 53989.378228 54063.298084 3 57 "Covariance may not be accurate."
1511 72 0.185727 53612.15656027864 3.0223481111885108e-05 -1.2309387251144432 0.6169853871606359 0.0 0.003647149325843202 4.853586014985091e-06 1.0562105762282719 0.15018123103366465 8386143.925992798 33.0 -18.01973801310976 1.2809147561398646 53622.440281 53705.335683 0 72 "Covariance may not be accurate."
15120 63 0.533587 54007.79619640278 1.1440912800514403e-05 -1.9874517885367 -0.26448487525748143 0.0 0.8507772138327709 9.676457267154827e-07 0.7830538670197866 0.042324376158531074 6074781.903163494 59.0 -19.609233229068195 1.58616015265034 53989.416668 54065.345847 15 48 "Minimization exited successfully."
15129 69 0.196112 54024.25331649854 7.96461068402321e-05 -0.6151232471780803 -0.04739285441766872 0.0 0.2380587624720647 1.7131242212098383e-06 0.2716231980489088 0.026490085486551185 133079454.1010746 56.0 -19.18510432055006 1.1972546593837805 53975.187333 54068.114455 24 45 "Minimization exited successfully."
15132 72 0.153037 54026.529646674266 0.00019054313865261575 1.290105813548264 -0.08483995391888965 0.0 0.11547827503454755 1.9494945094095e-06 0.15575415115066082 0.011416260719791904 740263964.4687421 56.0 -19.539360092098832 0.8165544284852437 53975.217418 54068.145298 27 45 "Minimization exited successfully."
15134 45 0.041897 53933.937384546654 8.326556111271088e-12 1.7250133395835183 -0.8918716475373174 0.0 115.64024405165037 7.601833773174804e-06 9.834146820216404 1.5860881378833156 11.712997927524636 -2.0 1.7928357757035727 0.745539833685541 53975.387189 54068.310735 0 45 "Minimization exited successfully."
15136 63 0.147338 54023.66088329313 0.00011542535184822734 -0.7677217523854569 0.09968692798671608 0.0 0.18332479139280622 2.1497547627502604e-06 0.1949465826259984 0.02196412182326324 197781322.18432647 45.0 -18.901743360478424 1.2210137421149305 53975.277013 54062.217045 30 33 "Minimization exited successfully."
15137 44 0.277353 54021.76745832768 3.84237376717933e-05 -0.7270582656934206 -0.05413675871803714 0.0 0.4829375193694432 1.894334553699806e-06 0.4700385838758563 0.05795776560005306 27388619.02713117 32.0 -19.246081518192536 1.2234729925734378 53975.290555 54062.231146 20 24 "Minimization exited successfully."
1514 47 0.041224 53629.827126241624 0.0001677029198641611 5.999999450595205 1.199998242674813 0.0 0.34037652915503713 1.555792639910123e-06 0.04742774264761884 0.05755900937014902 663966482.01464 33.0 -16.56218653043156 0.1332960859392287 53622.444354 53705.338627 4 43 "Minimization exited successfully."
15160 42 0.250717 54020.55981834784 3.3137999512216074e-05 -0.7726145490916041 0.13664934200558077 0.0 0.5270553018490318 1.644332883146693e-06 0.5211971611423403 0.06442398315589093 23828929.5589707 32.0 -18.835120365597213 1.2192030126685403 53974.303458 54063.224136 16 26 "Minimization exited successfully."
15161 38 0.248522 54025.65213504206 5.351615843965929e-05 -0.046618446905651645 -0.01378458171143837 0.0 0.3211283374912455 1.6062194611021752e-06 0.339772320876655 0.037207460358708644 66340285.0709636 28.0 -19.333741746472462 1.0719292947153178 53989.408989 54065.337918 16 22 "Minimization exited successfully."
15163 85 0.133652 54023.415026292976 3.536584870459936e-05 -0.9207230974893932 -0.9999429157828416 0.0 0.37244758272208855 1.689078780139354e-06 0.37051447851692165 1.4899068539305647 59447728.88029488 65.0 -17.435660672444875 1.3385316191694834 53975.37953 54068.302719 30 55 "Minimization exited successfully."
15170 54 0.394414 54025.49963905923 2.2042350598325823e-05 0.2681895648202328 -0.2122984541123396 0.0 0.6742428954967181 1.3474488754083863e-06 0.6462662046453533 0.04333769625450967 17622652.847334035 47.0 -19.53766716565136 1.0170018718867269 53989.468494 54065.399812 21 33 "Minimization exited successfully."
15171 48 0.138185 54029.11994242843 0.0002181055720670744 0.677903989712993 1.1999749643703486 0.0 0.15703144175859052 2.065279422401871e-06 0.1579824248259487 0.34148885190280975 596718723.0548799 34.0 -19.51367471310618 0.8763327678667956 53975.149432 54068.073833 22 26 "Minimization exited successfully."
15181 63 0.211243 53974.70459112871 1.6517371604618525e-06 -1.3355253036441637 -0.9999928153887262 0.0 0.6752805434516631 1.4027786403819631e-06 2.0336872502490015 2.182883610296815 239341.49480279943 31.0 -15.205867401592812 1.4583286723160072 53975.267145 54062.207193 0 63 "Covariance may not be accurate."
15192 46 0.138331 54013.78136409156 1.3973983775525945e-05 5.999965787787687 1.1999971836428247 0.0 1.2487426543229958 1.3371478112111926e-06 0.5545648076343319 0.36441147253794925 3924807.8099336587 39.0 -16.638696030905724 0.1332970451394644 53975.188558 54068.114057 12 34 "Minimization exited successfully."
15196 44 0.134991 54008.31399948089 9.850908891957389e-06 5.999999999686736 1.199999950314694 0.0 1.3859202457206266 1.0335688096291265e-06 0.3802919184669795 0.36283995585772155 3213522.0679380647 36.0 -16.201323343048706 0.1332960937265888 53975.321208 54068.241985 14 30 "Minimization exited successfully."
15198 87 0.288316 54033.86952147866 4.106916403056937e-05 0.03548167638292199 -0.04112560220448502 0.0 0.3251662191541982 9.423966410815333e-07 0.32985130097875937 0.024535051791078455 123876410.93037845 62.0 -19.415959529383986 1.056450377696585 53975.394769 54068.320475 44 43 "Minimization exited successfully."
15201 125 0.207354 54028.03081056833 2.7984876925531978e-05 -1.3526812028134731 0.21727247062983746 0.0 0.44679459855979076 9.469112010573878e-07 0.48377700679410296 0.045975843433032515 44320313.783551745 87.0 -18.186537424271098 1.3504407698436296 53975.239027 54068.167576 54 71 "Minimization exited successfully."
15203 65 0.20313 54026.41764633669 8.422866448070332e-05 1.1769028339254826 0.0069965548115695775 0.0 0.2303715242233011 1.7324001918661599e-06 0.29191327719181803 0.0235186628149594 171029511.31879634 49.0 -19.33343492761783 0.8350760246837368 53975.343916 54068.267123 27 38 "Minimization exited successfully."
15208 66 0.405077 53987.20740095516 1.2563683185189412e-05 -2.6968090330789343 -0.9855539377174249 0.0 0.260311259979062 2.414944363492987e-06 0.15078136144979526 0.037037258301656495 7928810.505570746 50.0 -19.035754650413246 1.9679063878840068 53975.187312 54068.114072 3 63 "Minimization exited successfully."
15210 40 0.124573 54027.74196241424 3.383293416364452e-05 5.999855918461247 -0.9999999959873515 0.0 0.3160577983580879 8.347512497008915e-07 1.6349185790246867 0.02218281283817941 97135728.70172593 24.0 -17.340278719595318 0.12289212966452112 53975.276177 54062.214964 19 21 "Minimization exited successfully."
15213 40 0.306322 54026.65873469848 2.6607656050258167e-05 0.33403663644655435 0.08554271828588877 0.0 0.5769979519754997 1.4473752731192219e-06 0.6274230431842982 0.06301855958500446 20062963.263270553 32.0 -19.096985466565254 0.9905929190065486 53989.455268 54065.385643 18 22 "Minimization exited successfully."
15216 45 0.107543 53987.49263167189 4.393500212012125e-06 5.999949710046739 1.1999747063841801 0.0 2.7285946456067904 1.21096089675643e-06 2.2024921011299607 1.8349851202668102 466333.5101446335 28.0 -14.791657473435617 0.13329719870239742 53974.338519 54063.259529 4 41 "Minimization exited successfully."
15217 39 0.380037 54021.990448834506 1.2883950109950915e-05 3.635249678084877 0.35133256262323664 0.0 1.3349104160770366 1.8241279223940587e-06 1.8962211449173134 0.12741021801859098 5107741.874705563 32.0 -18.879961734238123 0.309759036994258 53989.373347 54063.293039 15 24 "Minimization exited successfully."
15219 39 0.246368 54031.12355766892 6.156754703833256e-05 -0.09318352189604617 -0.1420716098735345 0.0 0.3219281379788299 1.3787035920026524e-06 0.3237342443831057 0.02693728010432822 118499973.05381441 26.0 -19.465633211821675 1.0886374664569232 53989.405761 54065.334535 18 21 "Minimization exited successfully."
15220 60 0.463496 54022.48481128239 1.2816392704494417e-05 1.926964479306048 0.0517836993424583 0.0 1.313488154028164 1.3089304219976443e-06 1.389106129815529 0.0721218625075376 6710307.339608129 52.0 -19.36627658010707 0.6983925048979813 53989.42633 54065.355967 24 36 "Minimization exited successfully."
15222 66 0.198005 54031.249139232714 6.955403953863404e-05 -1.1803183252192166 0.0015074519071400783 0.0 0.26812402787982137 1.5872902794711316e-06 0.2809560035356742 0.030145770702532326 100982480.77769968 41.0 -19.060672882078048 1.3282144435042866 53974.31528 54063.236552 37 29 "Minimization exited successfully."
15224 65 0.234627 54010.21708706167 8.260770914034765e-06 5.999999689493972 -0.17353252412675313 0.0 1.000384569138987 8.61194017874878e-07 0.25888162254879177 0.15753851702859262 3885471.0568543924 50.0 -17.27221609586529 0.12085978496699568 53977.391666 54063.265919 21 44 "Minimization exited successfully."
15225 60 0.198086 54026.7954860561 3.3806791918544746e-05 5.999997768601737 -0.302707455624047 0.0 0.35720055503043113 9.288198743273564e-07 0.9973106601295054 0.04460501560132779 53320077.64537311 42.0 -18.392756203068238 0.12061376215092423 53989.353387 54063.272288 27 33 "Minimization exited successfully."
15226 40 0.287489 54024.31900394594 2.6791473769273156e-05 -0.9441155032790274 0.17749173766408566 0.0 0.666677255063405 1.5767311264719423e-06 0.5601173452482446 0.07942187553422375 14623979.296172451 30.0 -18.945269290472766 1.2552878087302375 53989.402929 54065.331602 14 26 "Minimization exited successfully."
15229 65 0.222559 54033.437147440214 6.43025766999239e-05 0.9639135572486195 -0.06895973548713241 0.0 0.2967020150535973 1.5765870328937577e-06 0.30864435596332473 0.02803390569976394 116524023.9613135 41.0 -19.263472186071024 0.8765185343679853 53974.320574 54063.242533 39 26 "Minimization exited successfully."
