analysis_pipeline/results/fit_results/sdss_sako18_salt2_2.0_4_red.ecsv
# %ECSV 0.9
# ---
# datatype:
# - {name: obj_id, datatype: string}
# - {name: num_points, datatype: int64}
# - {name: z, datatype: float64}
# - {name: t0, datatype: float64}
# - {name: x0, datatype: float64}
# - {name: x1, datatype: float64}
# - {name: c, datatype: float64}
# - {name: z_err, datatype: float64}
# - {name: t0_err, datatype: float64}
# - {name: x0_err, datatype: float64}
# - {name: x1_err, datatype: float64}
# - {name: c_err, datatype: float64}
# - {name: chi, datatype: float64}
# - {name: dof, datatype: float64}
# - {name: b_max, datatype: float64}
# - {name: delta_15, datatype: float64}
# - {name: tmin, datatype: float64}
# - {name: tmax, datatype: float64}
# - {name: pre_max, datatype: int64}
# - {name: post_max, datatype: int64}
# - {name: message, datatype: string}
# schema: astropy-2.0
obj_id num_points z t0 x0 x1 c z_err t0_err x0_err x1_err c_err chi dof b_max delta_15 tmin tmax pre_max post_max message
[from data line 216]
13000 84 0.350407 53991.777978804705 7.540676832960003e-06 5.999999053272045 1.1999945126814855 0.0 0.002389093304373091 2.939342966068455e-07 0.23308490586525465 0.40630943539120623 7729291.681349795 70.0 -18.246080755643227 0.13329604572587428 53975.358117 54068.280706 6 78 "Minimization exited successfully."
13002 66 0.09414 54006.60933074584 1.4805286426359254e-05 5.9999691710972645 1.1085856933503138 0.0 0.005393926352553535 3.599379490565319e-07 0.07217674040049893 0.01315599270569412 36118498.54785671 34.0 -15.790519476098211 0.13204890728683694 53975.364156 54068.287916 12 54 "Minimization exited successfully."
13005 72 0.126217 53974.02253566441 0.000140977573130765 -0.952228100004004 -0.0439231021190184 0.0 0.0008907661867851857 1.101573616595353e-05 0.21454477440518716 0.06060935891666164 53407493.95796777 20.0 -18.75282386735475 1.2760161306569842 53975.375454 54068.299352 0 72 "Covariance may not be accurate."
13010 69 0.108439 54000.864800438634 1.266976413436982e-05 3.707700985805948 1.1999999480825765 0.0 0.0010958009006571956 3.5400564221965624e-07 0.48404982980668176 0.0021536016000909264 33678627.370604046 32.0 -15.871768667062216 0.2900552170718278 53975.334579 54068.256951 15 54 "Covariance may not be accurate."
13011 66 0.08899 53982.99538582413 1.5875134042964147e-05 1.6547822987298968 1.1726703822537319 0.0 0.48394286755501525 2.0435479290736865e-06 0.4817054926370128 0.07985101476872547 44929546.02905545 36.0 -15.639062161936199 0.7233871027114098 53975.337014 54068.257846 4 62 "Minimization exited successfully."
13013 69 0.105704 53981.99428923925 1.1557256266958583e-05 4.554004786195746 1.19995871056235 0.0 0.0008662811960675754 6.649864015650926e-07 0.9560061562872146 0.28761585275855506 14784607.288952058 24.0 -15.740310251585367 0.2030079992267808 53975.339847 54068.262498 3 66 "Minimization exited successfully."
13015 46 0.175355 53985.29118198578 0.0003189024989810474 -1.7423777666129192 -0.9999293836295922 0.0 0.8443219009059248 2.728834093932098e-05 0.9506176143290894 1.7402690869824007 4254146.17331976 11.0 -20.46814286815117 1.588795860072942 53975.370609 54068.293486 2 44 "Minimization exited successfully."
13016 46 0.24976 53984.86106947497 5.082220667698478e-05 -1.5014789309228114 -0.0753746610772188 0.0 0.006937429217941826 3.4604539970611846e-06 1.184463788752853 0.048199610382267555 2720315.387061136 26.0 -19.288958314960215 1.4199062824356403 53975.371012 54068.294333 2 44 "Minimization exited successfully."
13018 48 0.139863 53986.091414454946 0.0002544755536584242 -0.43479456278097395 -0.9987166129928858 0.0 1.6994605880900053 6.006845906586954e-05 1.6166460905099023 1.9766655082690725 2032667.5712249277 11.0 -19.686908854159228 1.2114029800321653 53975.222404 54068.148768 2 46 "Minimization exited successfully."
13024 22 0.400468 nan nan nan nan 6.3e-05 nan nan nan nan nan nan nan nan nan nan 0 0 "No bands in data overlap the model."
13025 82 0.222864 53990.88659349334 0.00020451687683440857 0.5679814247933823 -0.9990722298005775 0.0 1.1341058738835272 2.997158582381699e-05 0.6265559835088226 1.962733322420759 10379902.332750944 54.0 -20.574304251593862 0.9813555021865561 53975.251027 54068.17833 4 78 "Minimization exited successfully."
13033 48 0.280688 53979.27201019866 8.031222428446227e-05 5.999989288463311 -0.9948914397803262 0.0 2.0904125931956514 3.292064985087939e-05 10.563607374241482 2.191452634479229 1108183.385428708 26.0 -20.24332908558689 0.12284573063397275 53975.220732 54068.147069 2 46 "Minimization exited successfully."
13035 69 0.02967 53981.191046435604 1.4877765185246085e-05 0.4381516606789324 0.9443248092704615 0.0 0.9651424067087646 4.9242336486993175e-06 0.6400987530067903 0.2089255656997252 11679659.925805306 20.0 -13.065021042449743 0.9290205686303281 53975.239427 54068.166777 3 66 "Minimization exited successfully."
13038 63 0.102644 53988.58795498316 0.0003888092686300759 1.2118308089473242 -0.12848087969008193 0.0 0.12326466675949632 1.2238730907979648e-05 0.12408903370131252 0.023594141120933554 575688627.6470981 26.0 -19.375229829704764 0.8320037270181793 53975.26753 54062.20685 3 60 "Minimization exited successfully."
13040 66 0.07608 53982.552816993826 3.574707527965293e-05 -0.4968295587445093 0.9391230937862076 0.0 0.38448485575281666 5.140308377929446e-06 0.3772581434021509 0.09086823146223189 40556677.59769395 22.0 -16.134228785816905 1.097573628341653 53975.279457 54062.219251 3 63 "Minimization exited successfully."
13044 71 0.12455 54002.930241279486 0.00022081928688780784 -0.06866748227166308 -0.008264291120279932 0.0 0.00010098515122081153 8.47377181567299e-06 0.17255107501588896 0.029589418772338838 305695336.70926434 36.0 -19.20950640432804 1.0761971925711435 53975.225318 54068.152624 12 59 "Minimization exited successfully."
13045 44 0.179152 53998.17733540538 1.4052345755634078e-05 -1.173691608301036 1.197704748657292 0.0 1.2346460134940571 2.0456511897809513e-06 0.7574166738051935 1.5326260523249744 11933847.418872843 15.0 -17.155799621147633 1.209872400795998 53975.260939 54062.198719 6 38 "Minimization exited successfully."
13047 48 0.226463 53988.83291887312 1.038612027939978e-05 5.999999991263962 1.1999963456812721 0.0 0.0012833561449951958 3.7112027313601643e-07 0.11631630092298462 0.2816784773242692 8903541.095777024 30.0 -17.50333121062092 0.13329604400009032 53975.21992 54068.14574 2 46 "Minimization exited successfully."
13051 74 0.283599 53972.99731324672 4.335364743848325e-05 0.1213252768514348 -0.10630646967459467 0.0 0.0064184627117356285 3.3455224541220074e-05 0.9625441532857777 0.597639075879787 2820782.992911463 40.0 -19.43423833563739 1.0421163443612258 53975.239033 54068.165448 0 74 "Covariance may not be accurate."
13052 46 0.189861 53970.69973486975 0.0003029489220322623 -0.2052920103718936 -0.999998229503858 0.0 7.90234116720967e-06 0.00012259754463649907 8.483314567266714 0.003668221408056338 2802640.0305172675 8.0 -20.608275047351256 1.1554902067863324 53975.24152 54068.168018 0 46 "Covariance may not be accurate."
13058 44 0.18565 53982.81804587483 2.232304849850819e-05 5.106940927399059 0.5392359672591391 0.0 1.4254025747795822 1.304178054016336e-05 1.5052680428187477 0.3833031735239062 5083738.728742292 11.0 -17.75246552306062 0.16737562651377047 53975.258889 54062.19698 2 42 "Covariance may not be accurate. Covariance not positive definite. Covariance forced positive definite."
13062 23 0.414648 nan nan nan nan 4.9e-05 nan nan nan nan nan nan nan nan nan nan 0 0 "No bands in data overlap the model."
13063 46 0.13304 53973.549103826044 7.891598228092823e-05 -0.31853976555273 0.10245236805680613 0.0 0.0016609216727374587 0.0004695068243744166 4.942033126912612 1.2963326951083498 4500318.127539865 8.0 -18.2476282854586 1.122013091504499 53975.244019 54068.170557 0 46 "Covariance may not be accurate."
13067 44 0.202016 53982.162255509276 0.000178181816523012 -0.5538332269262689 -0.9721194723151657 0.0 1.7699929490954673 0.00015712388720485695 1.6493070148146476 1.9745536230064349 2348801.1114040962 28.0 -20.178816858694244 1.2399919889827054 53975.294653 54062.234175 2 42 "Minimization exited successfully."
13068 66 0.073836 53976.522154673585 0.00027882731974014917 -0.2934273036229955 0.1653334855314832 0.0 0.0002888754061132204 1.2593356062374226e-05 0.10122170884111092 0.030992535921866793 277552905.58919257 20.0 -18.25313981801331 1.1126897545959658 53975.260956 54062.199533 3 63 "Minimization exited successfully."
13069 44 0.332682 53989.56949985096 6.32516338558875e-06 5.999993054174254 1.1999049986890258 0.0 0.0025423911902180407 4.56308771968339e-07 0.6983751155250317 1.99485153559325 2608916.4788215742 34.0 -17.923486326819777 0.13329497839556836 53975.263435 54062.201245 2 42 "Minimization exited successfully."
13070 44 0.197181 53986.18905276309 0.00012265033663657165 1.4183518441005276 -0.1322932349764001 0.0 0.6964622451268951 3.9282053772948795e-05 0.5606898963553482 0.21738916577632234 18656598.519613635 28.0 -19.671284889124877 0.7939840596583778 53975.295889 54062.235013 2 42 "Covariance may not be accurate. Covariance not positive definite. Covariance forced positive definite."
13071 46 0.177535 53973.02925866753 5.23554873120613e-06 5.195034774043105 1.1874524811937222 0.0 3.000796824522695 3.104162836209956e-06 2.1821912753674524 2.050117493670786 1324331.2171132548 9.0 -16.130989825484672 0.1648372223705188 53975.297935 54068.217661 0 46 "Minimization exited successfully."
13072 44 0.229162 53989.57119818515 1.0879472367203436e-05 -0.2279727872823596 1.1682052982928024 0.0 1.298977865055349 7.0556732081156194e-06 0.7150149533569454 1.846469309373574 6460091.080952168 26.0 -17.47290103728747 1.0306628372339617 53975.232803 54068.159464 2 42 "Minimization exited successfully."
13074 74 0.19268 53978.94596539346 4.485929310807268e-05 -2.817607161659822 0.24888741228376476 0.0 1.018603723248816 2.9866631614399175e-05 0.6581574670604975 0.42972824070491006 5103218.095804689 40.0 -18.520940430908453 1.7903157021227507 53975.238612 54068.165033 2 72 "Covariance may not be accurate. Covariance not positive definite. Covariance forced positive definite."
13096 23 0.390331 nan nan nan nan 2.2e-05 nan nan nan nan nan nan nan nan nan nan 0 0 "No bands in data overlap the model."
13099 46 0.26451 53995.36988065935 4.0225533690582126e-05 -0.027718227175506982 0.018028977370617483 0.0 1.4024632732653117 2.7350307737074586e-05 1.037432232651045 0.5097902933508931 4864717.281904029 36.0 -19.178254079317323 1.0662972529385826 53975.301214 54068.221064 6 40 "Covariance may not be accurate. Covariance not positive definite. Covariance forced positive definite."
13101 48 0.366749 53993.912734790494 4.924055778272374e-05 -0.17585615450307301 -0.9997141950470363 0.0 0.016078021744760917 6.0017527924632895e-06 1.9934708897136508 1.8941676951723858 1490300.9175000854 42.0 -20.271707484355606 1.1484621914796058 53975.306118 54068.226189 6 42 "Minimization exited successfully."
13106 66 0.104899 53998.282214440624 9.16327120321192e-06 5.999999934775609 1.1821496551974104 0.0 0.7267955477145733 1.2008016848980008e-06 0.3411632989237914 0.12297743499799896 23885798.394120976 30.0 -15.529545730887872 0.13304934698374637 53975.317118 54068.238566 12 54 "Minimization exited successfully."
13108 46 0.204617 53996.040508130245 1.1330472741289955e-05 0.7662335737286954 0.8664793100665809 0.0 0.0026179051274084486 5.694390764766077e-06 0.8968364950238632 0.3090583637663973 4344514.011781276 36.0 -17.208610786494972 0.8772562016497147 53975.328529 54068.249649 6 40 "Covariance may not be accurate."
1311 40 0.260328 53605.23991951992 0.0001650119430131347 -5.999998515169148 -0.9997244902805947 0.0 1.6118477171221457 2.865039095549304e-05 0.148950496263907 2.088110984515927 541657.7480878144 11.0 -20.709086701752422 nan 53622.251735 53705.138541 0 40 "Minimization exited successfully."
13120 69 0.10896 53974.84392262086 2.1127464036558852e-05 0.39385213126164054 0.5261091433147824 0.0 0.005301912289723987 4.964721221465408e-06 0.6817178270716067 0.17025838774625912 7415559.499403652 22.0 -16.361921646257528 0.9582635925708907 53975.330944 54068.252647 0 69 "Covariance may not be accurate."
13131 48 0.156637 53980.81121164729 4.930369710666516e-05 5.999977770449007 -0.06330746696526535 0.0 1.6627938271412859 4.681434264224516e-05 1.4757838910634202 0.577035337704338 2777578.5078651775 12.0 -18.23102788993441 0.12122081764902504 53975.287277 54062.226061 2 46 "Covariance may not be accurate. Covariance not positive definite. Covariance forced positive definite."
13134 33 0.520234 nan nan nan nan 0.000106 nan nan nan nan nan nan nan nan nan nan 0 0 "No bands in data overlap the model."
13135 132 0.10337 54003.74001214914 0.0003336558517748567 -1.4869750974080915 -0.13168165919587005 0.0 0.06453327432609512 7.582094274785606e-06 0.0787588257288232 0.017243390761278232 922432525.3523468 70.0 -19.221870294431675 1.4218770523598678 53974.318973 54068.233478 27 105 "Minimization exited successfully."
13136 22 0.370458 nan nan nan nan 4.5e-05 nan nan nan nan nan nan nan nan nan nan 0 0 "No bands in data overlap the model."
13140 46 0.323141 53987.47571216893 4.81600145409733e-05 5.999987193529337 -0.9999858917867319 0.0 3.251107127798605 4.827290079218451e-06 1.964838044518883 1.7208345812304155 1186117.4032352204 34.0 -20.04241280245914 0.12288606696244742 53975.329736 54068.250959 2 44 "Minimization exited successfully."
13150 66 0.072194 53983.64019214119 1.7279199795036115e-05 1.4084468731823137 1.1999998817448274 0.0 0.0009488019859418273 5.412056443043759e-07 0.46404709896075236 0.0050105855409581235 37936995.34173334 24.0 -15.254513422680922 0.7611347917974065 53975.313837 54068.235199 3 63 "Minimization exited successfully."
13152 44 0.202152 54002.15350967342 9.13625222320602e-05 0.3165402161515871 0.031700689396441106 0.0 0.0004694900599133689 1.6689840097372502e-06 0.4609597747374323 0.014578280878039918 24306946.219819102 35.0 -19.408572464135474 0.9964736484651553 53975.321185 54068.241597 10 34 "Minimization exited successfully."
13155 66 0.102092 54001.1917866699 6.220202740736536e-06 4.371862604946038 1.199997799828449 0.0 0.00452060636234819 4.01376940957765e-07 1.056628574343451 0.05221066149427189 8499946.327449245 30.0 -14.980133660274753 0.21809814797369498 53975.347967 54068.27097 12 54 "Minimization exited successfully."
13159 22 0.583352 nan nan nan nan 0.000133 nan nan nan nan nan nan nan nan nan nan 0 0 "No bands in data overlap the model."
1316 40 0.215653 53620.97960079381 0.00023568524438244865 -0.20574411777270019 -0.9997540824794217 0.0 2.740128682409704 2.1071399210133567e-05 0.9610958680423605 1.5148969025535677 4330471.087512379 26.0 -20.64538316235428 1.1555878488482136 53622.256755 53705.143253 0 40 "Minimization exited successfully."
13164 46 0.23089 53991.695608075446 7.632959675789586e-06 5.999992684133023 1.19991707408927 0.0 0.001124903585150605 3.8985921834489016e-07 0.30640155596108176 1.474162035027712 5306488.290377777 34.0 -17.216452404139375 0.1332951564941176 53975.299551 54068.219417 2 44 "Minimization exited successfully."
13166 45 0.255789 53960.17152917214 0.00036108345938370425 -3.614772452598105 -0.9991953080872502 0.0 1.6989907926908927 8.475949960699725e-05 0.7010570072619942 2.1752754918537756 1140189.7887258376 16.0 -21.520239239898537 2.5277460888176577 53975.304865 54068.22497 0 45 "Minimization exited successfully."
13172 44 0.213152 53978.79694104359 3.7985179891042444e-06 -5.376513072713875 1.199507946767219 0.0 1.5847607215546304 8.540790116279282e-07 2.028646800834013 2.1993078395150727 382418.0698913301 22.0 -16.15898061587036 2.796470097120821 53975.327688 54068.248433 2 42 "Minimization exited successfully."
13173 0 1.430184 nan nan nan nan 0.000613 nan nan nan nan nan nan nan nan nan nan 0 0 "Empty table passed to fit_lc."
13174 46 0.234759 54000.276048244225 1.3438046980307483e-05 -0.7773699858643441 1.1862447671677119 0.0 0.7352305745953345 5.69243483709181e-06 0.8193800742869293 1.7236444580560426 7539020.52527505 36.0 -17.763804561682875 1.131887391071011 53975.337843 54068.259079 10 36 "Minimization exited successfully."
13177 44 0.317321 53988.852617099416 8.171622625429143e-06 0.5667316316072357 1.1627302772662715 0.0 2.0896597348000796 7.0920319869199885e-06 1.3935750872711763 2.1605547378455077 1805889.6202412492 30.0 -17.971613780006944 0.8962052849185049 53975.360521 54068.282874 2 42 "Minimization exited successfully."
13180 48 0.249487 53984.79456540486 1.0585916519560979e-05 0.32317245809145323 1.1999068197233145 0.0 0.0016878017486305907 9.324373591340644e-07 1.2008285954113247 1.5993636653718244 3814748.596701526 32.0 -17.65652889857109 0.9342303843101085 53975.289307 54062.228239 2 46 "Minimization exited successfully."
