analysis_pipeline/results/fit_results/sdss_sako18_salt2_2.0_4_blue.ecsv
# %ECSV 0.9
# ---
# datatype:
# - {name: obj_id, datatype: string}
# - {name: num_points, datatype: int64}
# - {name: z, datatype: float64}
# - {name: t0, datatype: float64}
# - {name: x0, datatype: float64}
# - {name: x1, datatype: float64}
# - {name: c, datatype: float64}
# - {name: z_err, datatype: float64}
# - {name: t0_err, datatype: float64}
# - {name: x0_err, datatype: float64}
# - {name: x1_err, datatype: float64}
# - {name: c_err, datatype: float64}
# - {name: chi, datatype: float64}
# - {name: dof, datatype: float64}
# - {name: b_max, datatype: float64}
# - {name: delta_15, datatype: float64}
# - {name: tmin, datatype: float64}
# - {name: tmax, datatype: float64}
# - {name: pre_max, datatype: int64}
# - {name: post_max, datatype: int64}
# - {name: message, datatype: string}
# schema: astropy-2.0
obj_id num_points z t0 x0 x1 c z_err t0_err x0_err x1_err c_err chi dof b_max delta_15 tmin tmax pre_max post_max message
[from data line 928]
16004 48 0.34561 54052.71102988972 3.240998632428549e-05 0.8283878306270287 1.199999076362217 0.0 0.36982496778364293 7.781986140581444e-07 0.32847710337913805 0.0319543443588588 66746733.11238562 23.0 -19.68837203975273 0.8522564139403741 53975.395164 54068.320911 34 14 "Minimization exited successfully."
16009 78 0.173803 54031.14737242312 1.0308680203364729e-05 5.999998379848403 0.2558702912182691 0.0 1.8301873823475034 7.221088305731096e-07 0.9753428313889776 0.11216585555721903 7195514.913668579 62.0 -16.78192497940434 0.12299165794881972 53975.414837 54068.341957 36 42 "Minimization exited successfully."
1601 41 0.327813 53611.47074011313 2.6984163930399153e-05 1.834232465871846 -0.2899994044682641 0.0 4.216552677215077 8.202307589146863e-06 3.056233727830215 0.15475099617409543 4975492.387030955 22.0 -19.291949025001003 0.7193665876041884 53623.209034 53704.118817 0 41 "Minimization exited successfully."
16021 44 0.123356 54049.77935450763 0.00018058116535064062 0.10353529997014288 -0.9999907719140525 0.0 0.12133072962751612 3.095963971803107e-06 0.1499846127783271 0.34497121194964697 494886789.25991344 18.0 -19.02017417377361 1.083550613787665 53975.340311 54068.262005 32 12 "Minimization exited successfully."
16023 65 0.241875 54030.29484654887 1.0726649155929913e-05 4.716842763081612 -0.15729401406104915 0.0 2.0106160997420375 1.4383617349306156e-06 2.2079007476411885 0.12200315366532105 6030031.152772742 46.0 -17.57893472382348 0.1950609518583022 53975.34757 54068.270934 30 35 "Minimization exited successfully."
16030 46 0.274462 54028.60004882659 1.1772777988662276e-05 0.4800843673003383 -0.13917221197223417 0.0 2.898597746174346 2.186128410444632e-06 3.1381050926657075 0.18082409077753409 4835072.342088552 34.0 -17.93818265225431 0.9715654228315422 53975.397985 54068.324269 20 26 "Minimization exited successfully."
16032 77 0.203176 54046.43423897753 7.35514612863053e-05 -0.7208145996603239 -0.004809609129986514 0.0 0.17439459134766366 1.8424014366302824e-06 0.25370889927232376 0.027560904799601105 142301864.75873178 42.0 -19.184357233192735 1.2183174833682315 53975.420058 54068.346982 48 29 "Minimization exited successfully."
16038 78 0.419118 53974.725436188666 1.0897400396248092e-06 -5.999999996105785 -0.9999999830627041 0.0 1.223464747901744 1.6964283285292314e-07 0.2439756839755889 0.03561488185619499 1449025.482436588 33.0 -16.46385533338298 nan 53975.450884 54068.379198 0 78 "Minimization exited successfully."
16043 69 0.804038 54016.63288541681 7.998390907730802e-06 5.999981427543826 -0.10381665890307368 0.0 1.7834455338161206 9.580544618803532e-07 0.31559490816413227 0.10453282405782616 3150259.804871445 62.0 -20.415577699319236 0.12107260823480459 53975.398801 54068.32383 21 48 "Minimization exited successfully."
16044 77 0.407262 54030.167534987166 1.3444667598072613e-05 -0.06471701300759314 0.052357277473054076 0.0 1.209361749341042 1.0639221026514937e-06 1.02160262234929 0.07623811970998762 5747265.946037086 62.0 -19.080081036156287 1.0720129373882479 53975.412852 54068.33981 33 44 "Minimization exited successfully."
16048 46 0.379632 54037.070515905936 1.6432486525691514e-05 0.3195839335580546 0.13402078577667376 0.0 1.2150774472574994 1.4504274515103605e-06 1.120085570653691 0.10481049706509571 6011196.118748052 30.0 -19.1185937910479 0.991153747808756 53975.397991 54068.323832 24 22 "Minimization exited successfully."
16052 48 0.143935 54045.5708431552 4.04057481219966e-05 0.8974299778966692 1.1999879318128341 0.0 0.44758034494225285 2.692289234526023e-06 0.6781148646436788 2.198729304938284 28047599.317092463 28.0 -17.779743536839472 0.8412899287633628 53975.460547 54068.387516 28 20 "Minimization exited successfully."
16053 62 0.228436 54041.00879620874 1.6300946671546912e-05 1.4168868191783552 0.026036880878958835 0.0 1.0816030568348651 2.630544711383354e-06 1.8370769151654462 0.11860344440881726 6897427.3573105745 36.0 -17.83765490754676 0.7910158240233613 53989.235944 54063.15102 39 23 "Minimization exited successfully."
16069 38 0.126879 54051.41773412729 9.092610892702857e-05 1.8352967113425613 -0.9998780070501202 0.0 0.19924002650077455 2.216662222652705e-06 0.3406503357513677 1.4231801177242784 356915848.1675818 18.0 -18.34841039737499 0.7243599340415336 53989.261023 54063.174939 26 12 "Minimization exited successfully."
16071 42 0.091409 53999.65652512625 3.07753662091792e-06 5.999999363048021 1.1999999292541048 0.0 0.03984171481715748 1.3361269627004679e-06 2.1396167160061426 2.1360251427202774 192643.61450703457 26.0 -14.028318578357936 0.1332961118526086 53974.291198 54063.210026 6 36 "Minimization exited successfully."
16072 44 0.284337 54047.012016636145 3.7069791502917224e-05 0.5718930688794952 -0.01833531212666828 0.0 0.4857223112412612 2.3412032455077958e-06 0.7517033377453095 0.06139834527138649 29813378.194352567 20.0 -19.27055961615946 0.9489944553774592 53974.316125 54063.237346 30 14 "Minimization exited successfully."
16073 134 0.153389 54051.62330410286 0.0001328893205441284 1.0756323911976802 -0.0224725485228896 0.0 0.13557269326702226 1.7246330732062428e-06 0.19939539009370977 0.013554223132552168 624922993.6955258 64.0 -19.152526837977128 0.8544582417397386 53974.329566 54068.245365 102 32 "Minimization exited successfully."
16079 57 0.152498 54047.7274933547 1.7350444525922048e-05 5.672387615208045 0.1996560551417319 0.0 0.7716440423064341 2.4350060295741394e-06 7.111885345262786 0.09652835757439082 14330183.382419912 32.0 -17.019299044188404 0.13653654801607473 53989.272266 54063.188226 36 21 "Minimization exited successfully."
16085 64 0.222876 54039.67888961237 1.9024147155004558e-05 -2.8948511836157165 0.30294497327382097 0.0 0.8542954699187248 1.9167672456726904e-06 0.9259218881709486 0.14767019220299882 4659181.632108262 28.0 -17.94579842926651 1.8080503072587284 53974.330757 54063.253164 42 22 "Minimization exited successfully."
16086 39 0.132694 54046.989340237924 1.0383820975103931e-05 5.999750875952223 -0.9999991908449383 0.0 0.598566818935069 7.190094975961793e-07 11.154967405733863 0.13415194407726827 12044188.340017246 20.0 -16.20648818375646 0.12289688520388253 53989.376221 54063.294323 27 12 "Minimization exited successfully."
16089 37 0.061013 54028.61581099394 1.8516003637484293e-05 5.999991747553899 1.199999966565231 0.0 0.9855173729847593 1.153639622044622e-06 0.352457643182964 1.3707716487436938 9485301.36011107 24.0 -15.05239799449135 0.13329633268714502 53989.400544 54063.31965 16 21 "Minimization exited successfully."
1609 69 0.423845 53640.80437512386 2.6984596405410512e-05 5.999999980921242 0.05792880170424852 0.0 0.6525848851415503 7.602091608521763e-07 0.06845267378684561 0.033197545322074196 26814703.570497133 65.0 -20.045308953359395 0.12176910240936678 53616.234042 53704.134235 18 51 "Minimization exited successfully."
16090 129 0.500912 53989.299987983475 1.9810876454506854e-06 -4.309147012439019 -0.7429709326897669 0.0 0.0020720041611639317 7.610397124691027e-07 0.7440799863890382 0.06111841444631283 4707979.179483947 106.0 -17.55913910957348 3.105550043481422 53975.399978 54068.325986 3 126 "Minimization exited successfully."
16091 94 0.299852 54053.83422112109 3.415371751952834e-05 0.5731583464927485 -0.03603013222861873 0.0 0.4482970315730199 1.3216214874284283e-06 0.5608381651169312 0.04009446148300522 58563854.31442607 46.0 -19.314806871646425 0.9494343033794763 53975.436458 54068.364207 74 20 "Minimization exited successfully."
16093 39 0.334388 54044.97921666211 2.8960286287569305e-05 1.0262255297458962 -0.04518460923231449 0.0 0.6000765265052905 2.2248256139223426e-06 0.7929972767522613 0.06107640780969947 17743533.02915614 20.0 -19.41150354088168 0.8642328309412051 53974.281292 54063.20112 26 13 "Minimization exited successfully."
16099 128 0.195801 54053.886274434524 8.694521890735051e-05 2.0478756348182987 0.035453270741754306 0.0 0.20380179450876312 1.5081524321802813e-06 0.33626811105376175 0.018445646583634567 334648678.3318363 62.0 -19.280793235965408 0.6764632273891138 53975.372638 54068.297626 101 27 "Minimization exited successfully."
16100 57 0.193921 54047.74212597497 6.286863630716288e-05 -0.46107686031311523 0.06348631131252525 0.0 0.2614150208137289 2.3697022818325314e-06 0.401015910889285 0.03912400189756515 81054042.86291312 29.0 -18.901099620976662 1.1552332934491965 53989.394447 54063.314956 39 18 "Minimization exited successfully."
16103 142 0.201195 54048.00467244025 5.999765658120882e-05 -1.7374498022604108 0.04114833545480168 0.0 0.26099839263406466 1.513599122196506e-06 0.26354883620707303 0.03007172748410747 125124141.31642443 67.0 -18.938744849905465 1.4731551272758878 53974.172484 54068.097318 97 45 "Minimization exited successfully."
16105 46 0.138417 54000.226287762496 3.231557746137259e-06 5.999933843445234 1.1999999980431935 0.0 0.06129483726545004 1.2479012697863555e-06 1.666541124421908 1.3569013220790467 247451.37432777812 30.0 -15.05039421880916 0.13329800834382866 53975.189424 54068.114424 6 40 "Minimization exited successfully."
16106 48 0.249728 54045.42090466832 5.435315992892709e-05 -0.7365432056544394 -0.20831539127070264 0.0 0.2853018679197703 2.371204343875054e-06 0.38866898089578195 0.044962748602853375 51015135.20907322 27.0 -19.3642671337969 1.2370902001522417 53975.224098 54068.152106 30 18 "Minimization exited successfully."
16108 0 0.184969 nan nan nan nan 0.005 nan nan nan nan nan nan nan nan nan nan 0 0 "Empty table passed to fit_lc."
16116 70 0.155088 54053.27469886818 0.0001707863463555659 0.7292433111418362 -0.10174039817236047 0.0 0.19565389612762374 2.6526986895658534e-06 0.31115277336707425 0.017489408081776403 365687506.4396312 28.0 -19.451351599088465 0.9218814524910215 53975.288102 54062.228996 61 9 "Minimization exited successfully."
16119 65 0.155905 54043.39106294837 2.5238189946528156e-05 -0.5340219014441336 0.5758679264067303 0.0 0.5670327180341701 2.494592625125192e-06 0.8205604398349418 0.09609846181717907 14997955.600594163 36.0 -17.401578594502496 1.133399229808326 53975.36415 54068.288337 42 23 "Minimization exited successfully."
16125 45 0.115027 54044.657569907 3.46046679221379e-05 -0.5495751000127171 0.1486048757373284 0.0 0.7716918246005662 1.2884418581411981e-05 0.9152657996120133 1.3451190894275638 11063420.651451921 21.0 -17.01122329562203 1.1685943232580627 53975.336245 54068.257764 30 15 "Minimization exited successfully."
16127 52 0.374299 54039.39858111369 1.6878047648763993e-05 -2.48707488971141 -0.2794316800361062 0.0 0.741202137505752 1.3105980937527797e-06 0.5785958038537746 0.06250439882434167 9142432.583982268 30.0 -19.112173525221213 1.7621998697343635 53975.421653 54068.348675 28 24 "Minimization exited successfully."
16136 48 0.341565 54047.495495395946 2.4376395577462295e-05 2.080008707277104 0.3124116198170186 0.0 0.8017779348920158 2.410183435158641e-06 1.2639567010956405 0.0952606201419739 11635251.966002248 27.0 -19.283857598655487 0.6677126010824104 53975.391559 54068.317506 32 16 "Minimization exited successfully."
16144 84 0.298446 54011.993713167576 1.9486322345221295e-05 5.999999742751642 1.0272231898693822 0.0 0.4307976970303571 7.260785227891649e-07 0.07138605486594596 0.08734967872394261 28980423.591078322 78.0 -18.85075617142223 0.13097182395243934 53975.350389 54068.273939 26 58 "Minimization exited successfully."
16152 52 0.27119 54051.97629763158 3.9908087338288435e-05 2.1993809614677993 -0.02361896833934307 0.0 0.4191329816894722 1.7852088963682386e-06 0.6498360392269911 0.04134182011418647 57471245.83114094 26.0 -19.236521169338587 0.6488156188098486 53975.427649 54068.354996 38 14 "Minimization exited successfully."
16160 40 0.319072 54042.50366513803 1.503457463201574e-05 -1.2042867143111105 0.09957990133662986 0.0 1.2061939449740748 1.7423262015819895e-06 1.1208357927683472 0.15551559489739103 3817381.7204096466 20.0 -18.578740909890655 1.3249369958956194 53989.379043 54063.298915 28 12 "Minimization exited successfully."
16163 57 0.154015 54049.06989567101 5.36517459928576e-05 -2.455177669259735 0.15519565846641914 0.0 0.3179316773203027 2.725198984800393e-06 0.4266535753267964 0.0559946309766155 35671289.107874624 21.0 -18.17529848673358 1.6796277087047429 53989.39728 54063.317906 42 15 "Minimization exited successfully."
16165 60 0.155959 54052.98536172918 0.00014631713189695918 0.6328317744633694 -0.04462852517489613 0.0 0.17386766486015404 2.36898357488857e-06 0.25014921167452275 0.016518417163526256 403752284.3108228 26.0 -19.296030398581433 0.9382987470213386 53989.395254 54063.315813 48 12 "Minimization exited successfully."
16169 40 0.357866 54036.4946409271 1.1599888098321465e-05 -1.2675179477098668 0.16177809089636086 0.0 2.41658948227996 1.4553091493302305e-06 1.558595914389002 0.16457194950462012 2926598.2423798484 24.0 -18.58884860144981 1.334585474811675 53989.389582 54063.309925 22 18 "Minimization exited successfully."
16172 72 0.218846 54055.04845109278 2.588716838250793e-05 0.9375273471100218 0.25855082516174677 0.0 0.9213820936056436 1.6729186010389073e-06 1.0514130144806564 0.07288664840391468 23663327.164590143 38.0 -18.236317584465898 0.8710183226023993 53975.456483 54068.385033 54 18 "Minimization exited successfully."
16179 51 0.124426 54000.17260224819 3.3619043174581976e-06 5.999999998376552 1.1999999998998665 0.0 0.0005094972220831551 9.541986046074369e-07 2.1037277221964255 0.45677929066070244 460878.7048121611 35.0 -14.842145426484407 0.13329609445187884 53975.446549 54068.37334 6 45 "Minimization exited successfully."
16185 44 0.100183 54059.24439470238 0.00011292289249595578 5.999999079759522 -0.9999998670739065 0.0 0.22429628730242257 1.1097480470406712e-06 0.03886514608556979 0.010132411599734936 569090383.746601 16.0 -18.140312765578855 0.12288563906844274 53975.348418 54068.27051 36 8 "Minimization exited successfully."
16199 42 0.280869 54047.01207558851 3.677135127659659e-05 0.039628396073659644 0.08521111182495678 0.0 0.5692217752657598 2.442691955614194e-06 0.7637877636955728 0.0694028123090844 23692049.690131787 21.0 -19.230513963574555 1.0489495100114468 53989.236363 54063.151448 26 16 "Minimization exited successfully."
16200 43 0.0892 54054.4871715268 7.517161690312357e-05 2.4399727927544497 1.1999829102284227 0.0 0.5491092668635247 1.8532528294168372e-06 0.6915332694878202 1.4012172020056535 124417430.75414681 14.0 -17.33748484338429 0.5946175534188001 53989.225434 54063.138592 35 8 "Minimization exited successfully."
16204 44 0.053466 54057.27228898112 6.283458731558778e-05 1.7251141504845808 1.199983667827511 0.0 0.834446608023427 1.9976962919054923e-06 0.8657647085119948 1.5193112631248704 62880580.146864235 12.0 -15.975202885211562 0.7116520196447134 53974.178325 54063.09787 40 4 "Minimization exited successfully."
16206 66 0.158374 54062.73231960149 9.252370102763696e-05 5.9999961558535535 0.15262481643431536 0.0 0.20846615677146474 1.1541731040543005e-06 0.1508038184321565 0.021105612585060718 207579177.48366895 17.0 -18.940276868993976 0.12230518210669317 53974.323448 54063.245047 63 3 "Minimization exited successfully."
16211 37 0.309382 54041.1433727908 2.3798896505419222e-05 -1.940828682883435 0.14359037473024805 0.0 0.6235926964691316 1.956555828542817e-06 0.6587759026417199 0.10706456568492917 7782202.755832746 19.0 -18.999851771855834 1.5195258913411926 53989.27849 54063.194675 24 13 "Minimization exited successfully."
16213 44 0.248567 54053.707493800706 5.9532457972820696e-05 0.387923501003943 -0.10719031451953276 0.0 0.4073395115628955 1.6594925583240963e-06 0.5016314243948194 0.03362290604480861 102969311.07017007 18.0 -19.451254465502515 0.9884675576395097 53974.331984 54063.254 34 10 "Minimization exited successfully."
