analysis_pipeline/results/fit_results/sdss_sako18_salt2_2.0_4_red.ecsv
# %ECSV 0.9
# ---
# datatype:
# - {name: obj_id, datatype: string}
# - {name: num_points, datatype: int64}
# - {name: z, datatype: float64}
# - {name: t0, datatype: float64}
# - {name: x0, datatype: float64}
# - {name: x1, datatype: float64}
# - {name: c, datatype: float64}
# - {name: z_err, datatype: float64}
# - {name: t0_err, datatype: float64}
# - {name: x0_err, datatype: float64}
# - {name: x1_err, datatype: float64}
# - {name: c_err, datatype: float64}
# - {name: chi, datatype: float64}
# - {name: dof, datatype: float64}
# - {name: b_max, datatype: float64}
# - {name: delta_15, datatype: float64}
# - {name: tmin, datatype: float64}
# - {name: tmax, datatype: float64}
# - {name: pre_max, datatype: int64}
# - {name: post_max, datatype: int64}
# - {name: message, datatype: string}
# schema: astropy-2.0
obj_id num_points z t0 x0 x1 c z_err t0_err x0_err x1_err c_err chi dof b_max delta_15 tmin tmax pre_max post_max message
[from data line 1293]
17528 68 0.358682 54353.45347678004 4.658738286967057e-05 -4.911616326518742 -0.9998191575071972 0.0 1.6099975657525647 6.122255109448638e-06 1.4703391810099726 2.01428839591009 908223.4947948767 56.0 -20.143937104072535 5.526767851221962 54346.15381 54425.089311 4 64 "Minimization exited successfully."
17535 38 0.158294 54371.1192388118 0.00023173300179371692 5.802156228035583 -0.9969567137256368 0.0 0.9647791805036832 8.648752205716315e-05 8.429564560550801 2.154082100417053 3049368.5084485915 12.0 -19.988031629789585 0.132282863426056 54346.21079 54433.153662 8 30 "Minimization exited successfully."
17539 46 0.204614 54357.0163342643 5.461865102267538e-06 5.999998122565367 1.1844866010003354 0.0 2.900495943868009 3.0273600616648187e-06 0.6926950957207998 1.9613960857121175 2386486.845882358 32.0 -16.55566014280882 0.13308162293783354 54346.185241 54433.127538 4 42 "Minimization exited successfully."
17541 42 0.266503 54352.81300716932 8.601198916637798e-05 1.4494577260891504 -0.6904905777782901 0.0 2.4713449662122002 8.335706895526985e-05 1.5136797400107582 1.2380583784286565 2465494.2211162113 28.0 -20.051636609635473 0.7972712194229992 54346.19531 54433.137813 2 40 "Covariance may not be accurate. Covariance not positive definite. Covariance forced positive definite."
17546 40 0.088088 54351.75355828718 2.7760091073268933e-05 2.548730925295976 1.1999999865379607 0.0 0.0003269775952503551 4.936208158745637e-07 0.2729617314387145 0.02279719036271377 86595684.9129622 20.0 -16.22731073518007 0.5751753048964829 54346.214826 54433.156731 2 38 "Minimization exited successfully."
17547 57 0.059952 54346.461339747955 7.647988366091818e-06 -3.301956396915537 1.1999995212860712 0.0 1.7188519123774313 6.526436675635679e-07 1.2096697284955402 0.06330910204235463 2881916.3144656257 16.0 -13.947599356932777 1.753370090775821 54346.233979 54433.178097 3 54 "Minimization exited successfully."
17548 36 0.038025 54373.179691016965 0.0001350782282437657 1.5792157843211054 1.1998426669294737 0.0 7.162965630413964e-05 1.913316529713051e-06 0.11639969355324764 0.09715872423162142 646641187.0946802 13.0 -16.041328584132415 0.7344986898528276 54346.146817 54425.082877 8 28 "Minimization exited successfully."
17552 46 0.251909 54357.31277353174 0.00019356964302748913 -0.7485455113978983 -0.9968799847212254 0.0 0.9635656860373274 4.358589900148924e-05 0.7713081871396228 1.867425944191254 5752405.38213112 32.0 -20.811939933165533 1.2918656412136968 54346.188107 54433.130045 4 42 "Minimization exited successfully."
17565 19 0.374966 nan nan nan nan 4.5e-05 nan nan nan nan nan nan nan nan nan nan 0 0 "No bands in data overlap the model."
17568 42 0.136854 54361.029009285 0.00037794616527309647 0.6441467104708609 -0.996736289791518 0.0 1.0424864896485815 0.00010184500804325146 0.6883811413452072 1.8132324972080562 6189724.105781606 13.0 -20.068186213337444 0.9651186549913326 54346.161919 54431.10833 6 36 "Minimization exited successfully."
17573 0 0.986947 nan nan nan nan 0.000175 nan nan nan nan nan nan nan nan nan nan 0 0 "Empty table passed to fit_lc."
17586 34 0.271659 54349.93800459024 3.347800156559444e-05 1.2727840542415123 0.14535633798471892 0.0 4.233409927684988 3.0170812059829852e-05 1.8547778283716903 0.6623241843061309 2308511.4705041926 24.0 -19.04770463038902 0.8141791884929219 54348.228007 54424.141483 2 32 "Covariance may not be accurate. Covariance not positive definite. Covariance forced positive definite."
17605 33 0.145333 54352.829459914174 4.337639248459646e-05 1.5613983457463316 0.7248782134741578 0.0 0.00027041577413911 3.462890443373723e-05 0.6376125100093004 0.4595869893382104 9857626.843811223 9.0 -17.833565807296697 0.7498108602425546 54348.16992 54424.08238 2 31 "Covariance may not be accurate."
17611 17 0.44155 nan nan nan nan 7.9e-05 nan nan nan nan nan nan nan nan nan nan 0 0 "No bands in data overlap the model."
17612 0 2.008004 nan nan nan nan 0.0002 nan nan nan nan nan nan nan nan nan nan 0 0 "Empty table passed to fit_lc."
17615 17 0.561435 nan nan nan nan 5.8e-05 nan nan nan nan nan nan nan nan nan nan 0 0 "No bands in data overlap the model."
17618 17 0.591618 nan nan nan nan 4.6e-05 nan nan nan nan nan nan nan nan nan nan 0 0 "No bands in data overlap the model."
17625 48 0.070544 54370.68474193558 8.807064535074627e-06 5.999997163668121 0.9328473729019227 0.0 0.00044837540553999133 2.817456442654187e-06 0.7544333922150166 0.22484059540505374 6646051.314682132 28.0 -14.545176777065379 0.12976902501233312 54357.316291 54424.212174 6 42 "Minimization exited successfully."
17629 40 0.13639 54370.40901243764 0.00015950564388531152 -0.9533409446584402 0.07696856833720145 0.0 0.2597422156795801 5.132032470062776e-05 0.2882797779336945 0.19818077593130423 24210920.669082657 16.0 -19.069694570943227 1.2660895170590933 54357.364775 54424.261947 6 34 "Covariance may not be accurate. Covariance not positive definite. Covariance forced positive definite."
17633 26 0.227124 54356.87127953827 0.0002454047915396651 -1.5774081345501463 -0.9317976154792882 0.0 78.65764955880513 0.018699243962825293 6.17696318819676 1.1767291784768152 2914551.6909141676 19.0 -20.806212114254656 1.5279068975353312 54357.273951 54422.232029 0 26 "Covariance may not be accurate."
17638 0 0.695063 nan nan nan nan 0.000128 nan nan nan nan nan nan nan nan nan nan 0 0 "Empty table passed to fit_lc."
17647 20 0.432787 nan nan nan nan 0.005 nan nan nan nan nan nan nan nan nan nan 0 0 "No bands in data overlap the model."
17649 60 0.036059 54333.66235748469 4.819755612540111e-05 -2.8879099872635545 1.1999995551084357 0.0 4.359237209428102e-06 1.1622472217326383e-06 0.2081226974540673 0.04591633271755402 29481219.485910885 8.0 -14.804153716420402 1.6257623857276542 54347.439504 54424.315096 0 60 "Minimization exited successfully."
17657 68 0.183796 54339.66218317769 6.484319253610149e-06 1.8894072194317415 1.1937485939255148 0.0 2.3212844473164296 2.379440076336059e-06 1.4390571793670537 1.918168677020458 2047393.185415494 13.0 -16.378085001563917 0.6858489226891464 54346.312941 54433.259286 0 68 "Minimization exited successfully."
17663 62 0.083358 54364.13895687669 1.0618717131679612e-05 4.290040220107777 1.1999999852499341 0.0 0.0009596251766197383 3.753440958720323e-07 0.612818188252878 0.013190739320219524 19656323.604310457 33.0 -15.089699479923116 0.2258466665271861 54347.370653 54424.243425 12 50 "Covariance may not be accurate."
17669 40 0.233244 54355.68871908388 8.686200761093944e-05 1.2057461954263653 -0.727562710447692 0.0 0.003240799738705391 8.828557904794143e-05 1.4762682649397219 1.2085339299198403 2052166.071113274 29.0 -19.734592809722155 0.8453747228162207 54347.417054 54424.2909 2 38 "Covariance may not be accurate."
17670 40 0.135139 54358.60929117988 7.749180321822147e-06 3.6314981586885473 1.1605267870794593 0.0 0.2927550438871549 0.01287113082445476 9.354228497881806 1.4676216232916652 3121739.411683893 12.0 -15.847370192180861 0.300103514786354 54347.42308 54424.296752 4 36 "Covariance may not be accurate."
17682 32 0.303213 54348.03192077893 3.90343172792329e-05 -0.05785975929789444 -0.1261720221952889 0.0 0.001563076875754632 0.00014102119455560445 1.6423455973160719 1.3178388257012057 1541584.552302832 22.0 -19.487917304442753 1.0803248729551171 54348.267559 54424.182216 0 32 "Covariance may not be accurate."
17687 34 0.301768 54357.05022661699 5.1852483330105945e-06 -1.0177082103713975 1.1969755272532612 0.0 0.0029170052330300678 1.719494781578512e-06 2.410405380197974 2.16413922846701 523732.5070086211 28.0 -17.35550831796132 1.1782825700797979 54348.209543 54424.123109 2 32 "Minimization exited successfully."
17688 51 0.104013 54357.9334417071 2.7782496519781486e-05 5.934148783692628 0.089534730643694 0.0 0.0028344282909529284 7.86852589481024e-06 9.858442081815038 0.22520393795183186 7647413.206655578 24.0 -16.640899332777256 0.12458033454887385 54348.212912 54424.126967 6 45 "Covariance may not be accurate."
17692 32 0.143149 54353.22027268554 2.1887817206508453e-05 -4.157691891151007 0.442035347669002 0.0 1.9232747599671711 3.0063381019381776e-05 1.524903049933537 0.7572930548690948 1406856.091108316 7.0 -17.037040065816285 2.3584189306735297 54348.261745 54424.176667 2 30 "Covariance may not be accurate. Covariance not positive definite. Covariance forced positive definite."
17695 40 0.18205 54367.054966558826 0.0003635574797790975 -0.18536657999540118 -0.9996967186307941 0.0 0.6309111575101269 2.748055197209832e-05 0.630735552590485 1.5631352368151903 7628761.581575712 16.0 -20.704829129976822 1.1507243575220372 54347.419852 54424.293869 6 34 "Minimization exited successfully."
17696 40 0.133073 54373.75295423058 0.00043933383459352496 5.999999978406468 -0.999891403797915 0.0 0.5667890557742794 3.224051850450995e-05 0.4123470911048486 2.0374543206038704 11670898.77452931 15.0 -20.27930859414695 0.12288473773203279 54347.427081 54424.301387 6 34 "Minimization exited successfully."
1770 63 0.104044 53561.14080429529 7.406082969119155e-11 -5.999980370425337 -0.8899924753834493 0.0 94.73804829517394 0.019244390283131234 6.883261705946968 1.1071906427323448 0.4677364339375159 -2.0 -2.632079288403986 nan 53616.326993 53704.229691 0 63 "Covariance may not be accurate. Covariance not positive definite. Covariance forced positive definite."
17703 33 0.21284 54363.44028058671 6.633728648138604e-05 5.999999972531903 -0.009510849748765149 0.0 0.001218327943206532 4.23153826573186e-05 0.32458770736254383 0.43565700178535177 7188301.956855294 29.0 -19.292381997250896 0.12144422172766056 54348.169062 54424.081981 4 29 "Covariance may not be accurate."
17704 48 0.066821 54357.82692324628 5.7941360136966045e-05 5.893862547900898 -0.162605703702715 0.0 0.002424493370199343 1.3981249079743075e-05 1.6176020341146984 0.18779336911498634 16932273.024179086 20.0 -16.423120898401663 0.12539424498691432 54347.280759 54422.213736 6 42 "Minimization exited successfully."
17710 30 0.256364 54379.05320429499 1.8127315843050608e-05 1.2293576829955217 -0.9907007735881589 0.0 10.777648712497466 2.8078621780420755e-05 9.603496475447905 1.456886890587756 52252.810695725566 26.0 -18.290074194075927 0.844697889765186 54357.301955 54422.261023 4 26 "Minimization exited successfully."
17718 0 1.215356 nan nan nan nan 0.000936 nan nan nan nan nan nan nan nan nan nan 0 0 "Empty table passed to fit_lc."
17726 0 3.410411 nan nan nan nan 0.000363 nan nan nan nan nan nan nan nan nan nan 0 0 "Empty table passed to fit_lc."
17728 37 0.318952 54364.98842998994 2.7845386362768122e-06 5.999999643411625 1.1945401558273279 0.0 7.4253398415057745 1.6598352883134825e-06 10.94964429318863 2.180724501875516 470073.86742319335 33.0 -16.925451368262216 0.13322048184770097 54357.331831 54424.227848 6 31 "Minimization exited successfully."
17729 21 0.403337 nan nan nan nan 4.8e-05 nan nan nan nan nan nan nan nan nan nan 0 0 "No bands in data overlap the model."
1773 62 0.118987 53637.16579495614 9.139954284608232e-06 4.287568419069132 1.199999510317034 0.0 0.001053492509527132 3.7268326713579825e-07 0.5769977590142243 0.021399486801373158 15094696.571956517 28.0 -15.752125313388888 0.2260856817454453 53623.18797 53704.096573 15 47 "Minimization exited successfully."
17730 63 0.068675 54368.881998427954 7.0392753044190576e-06 5.521593641648943 1.1999991993324048 0.0 0.0008501516167598311 4.714717057402452e-07 1.039517513865854 0.03395237907356452 10127744.278112534 34.0 -14.249573963722497 0.15001781518637358 54347.375898 54424.248951 12 51 "Minimization exited successfully."
17731 21 0.556491 nan nan nan nan 0.000115 nan nan nan nan nan nan nan nan nan nan 0 0 "No bands in data overlap the model."
17733 19 0.368529 nan nan nan nan 2.2e-05 nan nan nan nan nan nan nan nan nan nan 0 0 "No bands in data overlap the model."
17734 40 0.181105 54340.84431497741 0.00016546969352117415 -0.7634301878772316 -0.9983007729927027 0.0 5.82892948063818 7.699471183908568e-05 1.9202831661532158 2.050927829101803 716894.2736342227 7.0 -19.835843773007866 1.2958989373649032 54347.420254 54424.293869 0 40 "Minimization exited successfully."
17735 0 0.832657 nan nan nan nan 0.000194 nan nan nan nan nan nan nan nan nan nan 0 0 "Empty table passed to fit_lc."
17741 60 0.120875 54352.30677278961 9.616731589563443e-06 4.732446623525616 1.199994724719999 0.0 0.017536884388391627 2.6819500030916777e-07 0.6191736697821053 0.042477254208413306 11883072.981042989 22.0 -15.860867443910273 0.19109990695024948 54347.414596 54424.289284 3 57 "Covariance may not be accurate."
17745 45 0.062145 54372.33592977881 0.0011612677095789103 1.285958098902313 -0.047893101243909664 0.0 0.04716727247068775 2.256910298665258e-05 0.0596482484220191 0.013112258082413841 1977610163.981752 26.0 -19.41131605461826 0.8164712868333659 54357.288383 54422.247817 6 39 "Minimization exited successfully."
17746 30 0.155636 54359.684688321635 8.524632744513206e-06 -0.7287274550294001 1.1865261741783435 0.0 4.50198943655414 4.306797056041756e-06 1.4438509979897851 1.8628722934868336 2295561.1158187184 9.0 -16.27440478975867 1.1224685304794555 54357.292094 54422.250369 2 28 "Minimization exited successfully."
17748 29 0.17823 54364.52458285971 0.0003032046642450581 1.3877640222224805 -0.9868016266464409 0.0 1.357488707282755 0.00018424081829169215 0.8960281606143479 1.9725786479158822 4908078.024579131 11.0 -20.46101181818309 0.8129762351272412 54357.308116 54422.267364 4 25 "Minimization exited successfully."
1775 42 0.302486 53634.80315588473 7.575611161811935e-06 -3.0449533991264217 1.1997363877146339 0.0 1.1626444299690775 9.041297179607222e-07 1.1167531988537651 1.9472034784183978 1431811.85352985 32.0 -17.774146235914095 1.6725458625303098 53623.189221 53704.097001 6 36 "Minimization exited successfully."
17753 30 0.226343 54372.73675074565 9.430560933977316e-06 5.999999999981075 1.1999647865686316 0.0 1.0259882587270113 4.2084560155419755e-07 0.3299653663766664 0.474831476105382 6436073.760970674 26.0 -17.39723727921165 0.13329560625397363 54357.293329 54422.25207 4 26 "Minimization exited successfully."
17757 42 0.206049 54362.644336159225 0.00013134211784886386 5.999999620617677 -0.9966115168860662 0.0 1.4182623088745459 4.5991187680715635e-05 1.6068877947168083 2.147808095792305 2368259.6206504353 36.0 -20.015419382677024 0.12285880832770602 54347.365807 54424.237106 8 34 "Minimization exited successfully."
1776 22 0.50551 nan nan nan nan 4.6e-05 nan nan nan nan nan nan nan nan nan nan 0 0 "No bands in data overlap the model."
17760 26 0.195459 54357.99548892312 9.955960033450895e-06 0.1572959934693854 1.1873584540438142 0.0 6.350013938532356 5.471379710876855e-06 1.8510673528165729 2.020775467657446 2644852.9698007987 18.0 -16.990765396687806 0.9627442074268835 54357.264843 54422.222688 2 24 "Minimization exited successfully."
17765 0 0.852918 nan nan nan nan 1.43248 nan nan nan nan nan nan nan nan nan nan 0 0 "Empty table passed to fit_lc."
17767 0 0.879003 nan nan nan nan 0.000623 nan nan nan nan nan nan nan nan nan nan 0 0 "Empty table passed to fit_lc."
17770 84 0.166694 54372.58571495956 2.8488312598948797e-05 4.269295446845101 0.08947561525704617 0.0 1.0626587770493643 2.104018989477485e-05 1.3571091138509006 0.46746668879486447 3812988.0227493965 33.0 -17.71596230740873 0.23615778298325552 54347.371073 54433.305623 16 68 "Covariance may not be accurate. Covariance not positive definite. Covariance forced positive definite."
17773 40 0.286916 54355.20575985145 0.00012233526782214012 -1.8875801787044963 -0.9998296831203602 0.0 1.5374151180149056 1.2960413426651445e-05 1.24259083387203 2.1205719197355704 2420646.4418008686 32.0 -20.634854423673822 1.639120551562275 54347.396522 54424.26954 2 38 "Minimization exited successfully."
