analysis_pipeline/results/fit_results/sdss_sako18_salt2_2.0_4_red.ecsv
# %ECSV 0.9
# ---
# datatype:
# - {name: obj_id, datatype: string}
# - {name: num_points, datatype: int64}
# - {name: z, datatype: float64}
# - {name: t0, datatype: float64}
# - {name: x0, datatype: float64}
# - {name: x1, datatype: float64}
# - {name: c, datatype: float64}
# - {name: z_err, datatype: float64}
# - {name: t0_err, datatype: float64}
# - {name: x0_err, datatype: float64}
# - {name: x1_err, datatype: float64}
# - {name: c_err, datatype: float64}
# - {name: chi, datatype: float64}
# - {name: dof, datatype: float64}
# - {name: b_max, datatype: float64}
# - {name: delta_15, datatype: float64}
# - {name: tmin, datatype: float64}
# - {name: tmax, datatype: float64}
# - {name: pre_max, datatype: int64}
# - {name: post_max, datatype: int64}
# - {name: message, datatype: string}
# schema: astropy-2.0
obj_id num_points z t0 x0 x1 c z_err t0_err x0_err x1_err c_err chi dof b_max delta_15 tmin tmax pre_max post_max message
[from data line 1713]
19405 43 0.342604 54371.27394299299 3.259538200591772e-06 5.999999792316242 1.1999889326895796 0.0 2.9750577712329687 4.4080930645840064e-07 1.0844318845490415 1.929542124493833 673105.2401939079 39.0 -17.278222335235643 0.13329594699134617 54346.411845 54433.335278 10 33 "Minimization exited successfully."
1941 36 0.229542 53623.65918412699 7.267170235754072e-06 2.255034446301023 1.1959650640158332 0.0 0.0055840655622887425 2.535658722922496e-06 1.2621502769632746 1.8359709006805827 2318542.4623041456 24.0 -17.04379817646101 0.6263509910120888 53622.226552 53705.112864 2 34 "Minimization exited successfully."
19414 34 0.290313 54380.5207249567 6.85815987688132e-06 -0.6112194379965494 1.191818792630233 0.0 5.3439350212102 2.7657153037619067e-06 2.2083909052814557 2.0717609627536175 1925764.1780547758 28.0 -17.5613360756142 1.0996086447620996 54348.232597 54424.146654 8 26 "Minimization exited successfully."
19423 34 0.241061 54378.94617385078 7.173740309546206e-06 5.999999675963485 1.1999908439105158 0.0 1.4419036773324478 4.4292269263002117e-07 0.13561445679718176 0.1892114212511138 3238536.9552425304 28.0 -17.255203435176213 0.13329597685216754 54348.210383 54424.123538 6 28 "Minimization exited successfully."
19424 34 0.362909 54389.136463102644 6.9608588776326476e-06 -1.5237269715876742 1.1986674891921458 0.0 1.800811019820685 1.5588137566335816e-06 2.1671042448078395 2.1780406932125245 1509233.8597255591 25.0 -18.1425915654518 1.2838340582602008 54348.246773 54424.160823 12 22 "Minimization exited successfully."
19425 34 0.210052 54394.83350312076 0.00018678422830431085 -2.1163444192958623 -0.9995818996000331 0.0 0.7624997225757397 2.6504766855358066e-05 1.4525768566683488 2.138074328397458 3523897.3416593443 24.0 -20.323646016092095 1.7231461957648797 54348.209984 54424.123481 16 18 "Minimization exited successfully."
19428 36 0.089121 54383.43112250305 8.449827553564937e-06 5.999999954020273 1.199988506522557 0.0 0.49764888183563016 2.719187507788099e-07 0.02559115639170706 0.14610382377607034 17185506.336584732 28.0 -15.06645669131776 0.13329593640539272 54357.325289 54424.220249 10 26 "Minimization exited successfully."
19432 30 0.280652 54382.20764594575 5.147153676218208e-06 5.999999679026981 1.1999753512825855 0.0 1.2390423781362188 3.745020313744574e-07 0.22770973392883676 1.358897307541768 2237217.887341224 26.0 -17.27206656092681 0.1332957619940487 54357.252817 54422.210305 8 22 "Minimization exited successfully."
19434 30 0.156293 54382.37010210037 0.0001604036264919495 5.999999152448439 -0.7505485021393394 0.0 1.182698904267454 0.00012872690909746578 0.17773867730444337 0.47088817771301206 4498077.349851957 10.0 -19.54183607045466 0.12133852450613603 54357.297027 54422.25591 8 22 "Covariance may not be accurate. Covariance not positive definite. Covariance forced positive definite."
19435 30 0.211655 54375.33063770921 7.234486591130018e-06 5.999999984971835 1.19999956983273 0.0 1.9527510663501744 4.1883722478430724e-07 0.2777570625583161 0.37638293328762884 3675922.6039434643 26.0 -16.94526331186924 0.1332960888777599 54357.299493 54422.258035 4 26 "Minimization exited successfully."
19441 36 0.089405 54382.53084131885 9.721996729358251e-06 5.999999944258473 1.1462520711827726 0.0 0.598950887513638 1.5096720548735118e-06 0.04434365001906926 0.10799808511528353 22020948.66373006 30.0 -15.219280056873473 0.1325575077849166 54357.323664 54424.218498 10 26 "Minimization exited successfully."
19445 62 0.077653 54338.5941209356 1.6159826365935715e-10 -5.954469983220339 -0.8042460791657091 0.0 84.93731457186732 9.110126326850044e-07 10.524200174152888 1.450220751097009 339.476252765608 14.0 -2.798292366727452 nan 54347.363751 54424.235867 0 62 "Minimization exited successfully."
19447 13 0.404705 nan nan nan nan 5.4e-05 nan nan nan nan nan nan nan nan nan nan 0 0 "No bands in data overlap the model."
19449 30 0.329396 54380.09715276287 7.91484903907902e-06 -0.13177540202059657 1.1998664291620122 0.0 2.4540271688420034 1.0765124812900373e-06 1.4978544202994155 1.9275238137038417 1973210.9884460885 26.0 -18.03580762755476 1.011491282435145 54357.30729 54422.266542 6 24 "Minimization exited successfully."
19452 0 0.706332 nan nan nan nan 0.000159 nan nan nan nan nan nan nan nan nan nan 0 0 "Empty table passed to fit_lc."
19453 45 0.103336 54363.260310171594 1.3894318273588446e-05 5.999932957547818 -0.08982084200160034 0.0 2.1225495346807293 1.1661511933769297e-05 8.39434424322342 0.6766071637269756 953250.6395527221 24.0 -15.877544225554267 0.12112368998281653 54357.288787 54422.248283 6 39 "Minimization exited successfully."
19464 44 0.237806 54370.60373871996 3.4424309249614373e-06 5.999999281217107 1.199999974664986 0.0 2.600006882679736 4.3684124814147304e-07 0.46480433801319965 1.4963826298505265 801375.4964453253 38.0 -16.424500566179866 0.13329611484950377 54346.198589 54433.14075 8 36 "Minimization exited successfully."
19474 0 1.900904 nan nan nan nan 0.000902 nan nan nan nan nan nan nan nan nan nan 0 0 "Empty table passed to fit_lc."
19475 44 0.136604 54289.509383000004 8.968570330836201e-13 5.947687869492395 -0.764027310830972 0.0 142.20385020898902 1.4179067439580307e-05 9.85196286681019 1.4023099573591926 35.33830314394793 -3.0 1.4100808160537426 0.1237585998916586 54346.339583 54433.286936 0 44 "Minimization exited successfully."
19476 69 0.072463 54370.83164308966 2.1730966122457397e-07 -5.999945393926295 1.199898885500637 0.0 5.692583646665298 4.772539864211778e-07 9.92083560861327 1.4160194430937323 3097.2394245828896 23.0 -10.513848292799448 3.5059149554968343 54346.343624 54433.292033 15 54 "Minimization exited successfully."
19484 42 0.266106 54391.07877754237 4.331997557015077e-05 -5.828380078407129 -0.9996649375051976 0.0 1.9681681199690502 9.501061634375473e-06 11.213316286424542 2.1332139078009673 408544.71162089374 26.0 -19.311847807360106 nan 54346.401841 54433.324648 16 26 "Minimization exited successfully."
19485 78 0.162912 54373.79779059782 1.7526879754925506e-06 5.999994539694091 1.19966188249786 0.0 1.135855425047339 2.683426755667463e-07 2.4106200041711956 1.9867515687119919 533594.3144962505 32.0 -14.773656827096424 0.13329156539992937 54346.40547 54424.265745 14 64 "Minimization exited successfully."
19488 0 0.874758 nan nan nan nan 0.000459 nan nan nan nan nan nan nan nan nan nan 0 0 "Empty table passed to fit_lc."
19501 38 0.142325 54372.4356052079 0.00023433705452684085 5.999982456665725 -0.9996704062690812 0.0 0.9412109610530024 2.9342416887410692e-05 7.703819505584526 2.052278499955724 3892367.081154337 11.0 -19.7558316158599 0.12288377896823377 54346.308857 54433.255022 10 28 "Minimization exited successfully."
19505 38 0.176874 54357.35836452003 4.834224494789874e-05 5.999999342996986 -0.9953842706779301 0.0 0.009287238885008264 4.3441306688288826e-05 1.527778505658051 2.0675804874289385 167269.53408210955 11.0 -18.560511656120156 0.12284915187635903 54346.251148 54433.194757 2 36 "Minimization exited successfully."
19509 38 0.268306 54298.9567661466 2.631054263346755e-11 4.403808486907446 -0.7483832611113054 0.0 115.65909554693644 2.24548916243239e-06 7.265559811975153 1.3824337480043076 37.83203854687913 4.0 -3.832651519252714 0.2288331853276162 54346.27756 54433.222148 0 38 "Minimization exited successfully."
19511 60 0.082826 54352.0922530065 7.38281455316625e-06 0.5725375885563944 1.1999999991311805 0.0 0.00458840200008126 6.127246370829508e-07 1.0578320213648102 0.030125029737186226 3431410.2979504634 24.0 -14.64542530036297 0.8933470915561728 54346.277143 54433.222576 6 54 "Minimization exited successfully."
19516 19 0.500649 nan nan nan nan 0.000109 nan nan nan nan nan nan nan nan nan nan 0 0 "No bands in data overlap the model."
19517 40 0.172242 54391.37378201985 0.00012523429052332835 1.019666871645521 -0.9960787491822043 0.0 2.200545262225205 5.120141232052789e-05 2.158705033641873 2.1481003639090543 1449589.8675253054 11.0 -19.418178223619975 0.8871999257209531 54346.318111 54433.264415 18 22 "Minimization exited successfully."
19521 44 0.204121 54368.70922467223 5.2457458618715425e-06 2.8238503219839615 1.1995471873444616 0.0 2.027659334911732 7.471134857495176e-07 1.4860447880342886 1.837819617502728 1579441.5252520656 34.0 -16.405271944080315 0.5211506494832499 54346.338865 54433.286117 10 34 "Minimization exited successfully."
19523 22 0.420335 nan nan nan nan 0.000102 nan nan nan nan nan nan nan nan nan nan 0 0 "No bands in data overlap the model."
19525 43 0.152346 54398.31580762498 1.1785629114213769e-05 -0.739820545303127 1.0973953467690838 0.0 0.6404024977418885 7.912075793561346e-06 1.0396186746604386 0.3801943937472815 5982766.675528781 14.0 -16.56458237672198 1.1322046738315166 54348.387393 54433.305214 22 21 "Covariance may not be accurate. Covariance not positive definite. Covariance forced positive definite."
19528 63 0.042077 54378.70633912978 5.044322619087161e-05 5.999999520083902 -0.15616391432742127 0.0 0.4727323580918892 2.1256190207703528e-05 0.30682648571617754 0.3134351584546012 7247526.186042089 30.0 -15.233701726312383 0.12090751596546312 54346.388991 54433.311992 12 51 "Minimization exited successfully."
19532 21 0.588462 nan nan nan nan 0.00013 nan nan nan nan nan nan nan nan nan nan 0 0 "No bands in data overlap the model."
19536 0 0.820329 nan nan nan nan 0.00032 nan nan nan nan nan nan nan nan nan nan 0 0 "Empty table passed to fit_lc."
19543 60 0.121642 54400.72843692958 0.0001785223795969393 -1.1998610633793634 -0.033835859494215303 0.0 0.18081235777572147 8.81192411407272e-06 0.24675157201097386 0.03771313488316125 199276634.41871524 24.0 -18.922222662722994 1.3364445353890666 54346.285587 54433.23157 30 30 "Minimization exited successfully."
19545 38 0.307598 54398.507865099135 2.2518407935946396e-05 -0.4532540204876945 0.4049031651092372 0.0 1.3380101037873828 2.034122581419162e-05 1.585398814742575 0.7089067178292726 2639331.961932507 26.0 -18.932947903332227 1.1295939200449467 54346.210625 54433.153218 20 18 "Covariance may not be accurate. Covariance not positive definite. Covariance forced positive definite."
19551 40 0.257526 54393.430004088084 9.919925547466568e-05 5.999994116921178 -0.9989765577028501 0.0 2.426846622303856 1.4340532554085739e-05 8.618620827862596 1.9036675709608915 2576690.481257791 24.0 -20.258831473062006 0.12287775118807431 54346.297079 54433.243104 20 20 "Minimization exited successfully."
19552 19 0.437283 nan nan nan nan 6.6e-05 nan nan nan nan nan nan nan nan nan nan 0 0 "No bands in data overlap the model."
19556 44 0.361436 54397.90231636702 7.544818950663279e-06 1.8741702869772343 1.1967816163210658 0.0 1.74023669208691 2.334568035766704e-06 2.1064804749871393 2.17773949728132 2610023.0753212 30.0 -18.220114914988713 0.6882050028967086 54346.340707 54433.288257 22 22 "Minimization exited successfully."
19557 22 0.443275 nan nan nan nan 7.9e-05 nan nan nan nan nan nan nan nan nan nan 0 0 "No bands in data overlap the model."
19559 20 0.428868 nan nan nan nan 6.2e-05 nan nan nan nan nan nan nan nan nan nan 0 0 "No bands in data overlap the model."
19560 38 0.200848 54386.295015168245 9.519137118080279e-06 2.7155273422437816 0.0571691754795598 0.0 12.516414090838225 2.6649379787473946e-05 10.144484110482118 1.6152318902865317 334616.2613987534 28.0 -16.944082527216825 0.5458774128852575 54346.428721 54433.352933 12 26 "Covariance may not be accurate. Covariance not positive definite. Covariance forced positive definite."
19561 0 0.973041 nan nan nan nan 0.000551 nan nan nan nan nan nan nan nan nan nan 0 0 "Empty table passed to fit_lc."
19566 56 0.0835 54292.28217600154 3.103792667324967e-11 1.5462519133969401 -0.6704210531229312 0.0 139.62806786900546 1.569921006050523e-05 9.730588448165914 1.288651943733092 5.871741702721069 -3.0 -1.17903093366008 0.778300509220216 54346.457176 54433.383951 0 56 "Minimization exited successfully."
19576 38 0.205517 54392.07238338107 4.2297400684987444e-06 5.999996992942444 1.1851991395544057 0.0 2.4381993406532274 3.0085806498053597e-06 11.977354692143871 2.0711940094153345 1135218.1093978323 24.0 -16.288900949128777 0.1330914855772498 54346.233703 54433.177226 18 20 "Minimization exited successfully."
19578 36 0.281447 54374.47221900822 6.515260305626437e-05 5.999969553958669 -0.9998287974412701 0.0 2.275577423912182 9.983282753518454e-06 7.642919722553645 1.9330931299137033 1153284.7759413992 28.0 -20.023504162297087 0.12288562015687532 54346.270943 54433.215763 12 24 "Minimization exited successfully."
1958 38 0.368223 53622.10238602642 1.0154431921497454e-05 0.5304507180041966 0.7193409927334122 0.0 7.194197399538098 1.5252976012374296e-05 2.399199717744329 1.891629488102831 875053.334905043 28.0 -18.542314852003635 0.9244245823151971 53622.235799 53705.122284 0 38 "Covariance may not be accurate. Covariance not positive definite. Covariance forced positive definite."
19584 57 0.102064 54361.758103631095 1.5671212772561116e-06 1.4110433446065098 1.1999996742479393 0.0 3.440066536208178 4.90266591589572e-07 3.915110176237662 0.42901365664098867 194693.4617237754 26.0 -13.445267387676765 0.7607299442927626 54346.306634 54433.253788 12 45 "Minimization exited successfully."
19585 38 0.189369 54373.572656581 6.697056523093159e-05 -5.99999504981539 -0.9999887322367995 0.0 1.948328301175934 2.2764789034451784e-05 2.103490459798499 1.8317812751332636 100295.76609988582 7.0 -18.95042950451765 nan 54346.313998 54433.26061 10 28 "Minimization exited successfully."
19588 46 0.241369 54392.21705942959 4.961190832735163e-06 2.6872472284750444 1.1996383577322343 0.0 2.215984084912634 6.098843916274575e-07 2.45144589810186 1.8926444644577225 2017252.1179425253 32.0 -16.754685314411873 0.5492310613054627 54346.348565 54433.296763 18 28 "Minimization exited successfully."
19593 21 0.374197 nan nan nan nan 5.5e-05 nan nan nan nan nan nan nan nan nan nan 0 0 "No bands in data overlap the model."
19594 63 0.096764 54329.054457947364 3.1674151979552704e-05 -5.999999383737909 -0.9998872243751726 0.0 6.36516875990128 3.114468565021511e-05 1.700753949742463 2.0489964761814807 25997.695183828015 4.0 -16.55045105685411 nan 54346.401872 54433.325977 0 63 "Minimization exited successfully."
19596 36 0.291349 54397.08643538591 7.826809216305852e-06 1.620087062837774 1.1874562727315277 0.0 1.3161652091184806 3.6783663644601724e-06 1.9667962216805117 2.0422629932227006 3750849.654397495 24.0 -17.713749761391227 0.7284424052091971 54346.463757 54433.389813 20 16 "Minimization exited successfully."
19599 19 0.505684 nan nan nan nan 4.6e-05 nan nan nan nan nan nan nan nan nan nan 0 0 "No bands in data overlap the model."
19601 36 0.361812 54399.13851428333 1.7620651799556962e-05 5.999998996856117 -0.3408529282694167 0.0 1.8505838312630658 3.744874159402944e-05 1.4614912853720927 1.1446687806800293 657358.7061264324 22.0 -19.18554503811286 0.12057846475906331 54346.270806 54433.215778 20 16 "Covariance may not be accurate. Covariance not positive definite. Covariance forced positive definite."
19603 0 0.767935 nan nan nan nan 0.000295 nan nan nan nan nan nan nan nan nan nan 0 0 "Empty table passed to fit_lc."
19604 38 0.294479 54369.072733414854 5.036170284994368e-06 5.999987795122756 1.1999775320943424 0.0 4.211784847539093 5.853010724665705e-07 0.567106652848377 1.8567693768691134 1571573.8943075186 34.0 -17.368720785585502 0.13329613603223933 54346.306921 54433.25295 10 28 "Minimization exited successfully."
19616 38 0.164548 54380.55888397174 1.3423901260772864e-05 5.9999999989269135 1.1999994864319148 0.0 0.4005370434533688 3.3329965974049355e-07 0.012934080784079427 0.09704653349033787 19129476.865060646 15.0 -17.008048234251138 0.1332960873178699 54357.382168 54424.280044 6 32 "Minimization exited successfully."
