analysis_pipeline/results/fit_results/sdss_sako18_salt2_2.0_4_blue.ecsv
# %ECSV 0.9
# ---
# datatype:
# - {name: obj_id, datatype: string}
# - {name: num_points, datatype: int64}
# - {name: z, datatype: float64}
# - {name: t0, datatype: float64}
# - {name: x0, datatype: float64}
# - {name: x1, datatype: float64}
# - {name: c, datatype: float64}
# - {name: z_err, datatype: float64}
# - {name: t0_err, datatype: float64}
# - {name: x0_err, datatype: float64}
# - {name: x1_err, datatype: float64}
# - {name: c_err, datatype: float64}
# - {name: chi, datatype: float64}
# - {name: dof, datatype: float64}
# - {name: b_max, datatype: float64}
# - {name: delta_15, datatype: float64}
# - {name: tmin, datatype: float64}
# - {name: tmax, datatype: float64}
# - {name: pre_max, datatype: int64}
# - {name: post_max, datatype: int64}
# - {name: message, datatype: string}
# schema: astropy-2.0
obj_id num_points z t0 x0 x1 c z_err t0_err x0_err x1_err c_err chi dof b_max delta_15 tmin tmax pre_max post_max message
[from data line 2067]
20921 92 0.209368 54357.84223118231 1.4343389027249298e-06 0.11275842447610263 1.1999963431485412 0.0 0.001513890121714212 7.990532331703106e-07 8.936753711518023 1.9160277170142463 115653.32801136783 76.0 -15.055902189525298 0.9694844406135594 54347.376722 54433.313229 8 84 "Minimization exited successfully."
20926 59 0.229314 54418.868948085525 9.600165285663653e-06 5.99997130534501 0.31160551288146987 0.0 1.3713680969594861 6.753595535108342e-07 0.7422960179344598 0.1211542247693671 5942124.672853046 29.0 -17.379261651022915 0.12340596164057871 54347.418636 54424.294238 53 6 "Minimization exited successfully."
20928 42 0.369339 54412.47087346841 2.6089285069321732e-05 -0.7813977207227545 -0.11065142506664383 0.0 0.8407123830183991 1.3154504585632947e-06 0.9761215386246422 0.05871149100576628 21644118.424656555 18.0 -19.549248552620277 1.2404732610122622 54347.364962 54424.2384 30 12 "Minimization exited successfully."
20934 37 0.300916 54424.46567039309 3.7845500470027326e-05 2.214187989136809 -0.06184338192975991 0.0 1.0239869612596522 2.441127386296206e-06 1.3654765180685975 0.042978514393574974 57429023.265572876 13.0 -19.43946295576948 0.6462789569643128 54357.376888 54424.276288 37 0 "Minimization exited successfully."
20936 40 0.377643 54353.02425339638 1.9404902876307697e-06 5.99997429684262 -0.4803947540501924 0.0 3.5747082288580714 1.0958649870695947e-06 2.2026296288161644 0.21298451958499914 270900.38344495086 32.0 -16.90688738906688 0.12060059903568288 54347.448699 54424.325544 2 38 "Minimization exited successfully."
20950 34 1.247864 54425.63866783371 6.010428979552617e-07 5.999999780561744 -0.9999963402063928 0.0 6.2148709637185675 1.5565142684526025e-07 10.72074153497601 1.510752743555151 180630.0614013574 20.0 -18.84910982135621 0.12288557931534427 54348.25012 54424.164206 34 0 "Minimization exited successfully."
20952 16 1.852546 nan nan nan nan 0.000842 nan nan nan nan nan nan nan nan nan nan 0 0 "No bands in data overlap the model."
20956 45 0.181917 54395.76424050076 1.4095265978182336e-05 3.163197925681196 0.11665227338676654 0.0 0.8020572251843987 2.3198000365803894e-06 1.9651777924339395 0.12575434199300756 7217945.319356348 35.0 -17.13458663883651 0.44102453903002115 54357.245757 54422.204711 24 21 "Minimization exited successfully."
20961 30 0.322221 54404.72668182535 2.0382346954196383e-05 0.4947709045636772 -0.005246885983456684 0.0 1.0337680946395267 2.103316560250757e-06 1.260774315459246 0.10106362426117954 9265837.78247539 20.0 -18.93525042503131 0.9633397624541473 54357.306467 54422.267344 18 12 "Minimization exited successfully."
20962 48 0.842026 54265.208857 0.00216133846638645 -2.132413270604424 0.25155857184788055 0.0 0.0 0.0 0.0 0.0 0.0 -4.0 -26.512994933045405 1.561940716561434 54357.310157 54424.205766 0 48 "Hesse Failed. Covariance may not be accurate. Covariance not positive definite."
20965 51 0.389281 54348.81338830986 1.2535273581048001e-05 -3.8358685685391274 -0.999999999906746 0.0 5.740223787142895e-05 1.0084090557505032e-06 0.14701591736378816 0.0025650628800826247 5636637.774004305 40.0 -18.930027978937847 2.7179913815977663 54357.320391 54424.2172 0 51 "Minimization exited successfully."
20968 38 0.253289 54406.2151387661 1.2429900494698166e-05 3.862670771703444 -0.1480234639031237 0.0 1.2129152868510573 1.6487511506046996e-06 2.249040399323043 0.12325395917571758 7562764.231875534 26.0 -17.825039722799623 0.28545100618695685 54357.33468 54424.232441 24 14 "Minimization exited successfully."
20969 42 0.330952 54418.30387059375 2.632042073301144e-05 5.336314584469303 0.3386668381641995 0.0 1.1968250711506698 1.4934296226443168e-06 1.3666707373824778 0.06117865529010602 30914400.53078808 16.0 -19.361680327338334 0.15396668418220116 54347.373481 54424.247221 37 5 "Minimization exited successfully."
20971 62 0.299252 54406.16166167602 2.672209614870691e-05 -2.4105065409340014 -0.1718282545196692 0.0 0.588004386954708 1.7346916436689061e-06 0.45705391404053275 0.07380450618473156 15816742.815578053 32.0 -19.04189264746532 1.71687899376969 54347.384396 54433.32086 42 20 "Minimization exited successfully."
20978 38 0.322901 54423.617782712216 3.939456864974322e-05 1.479547582675547 -0.161193928477655 0.0 1.0851150788002997 1.8858877936822614e-06 1.174075106798548 0.04442049980591484 61731630.73112456 14.0 -19.65989233735932 0.7832658506855026 54357.376895 54424.276246 36 2 "Minimization exited successfully."
20979 39 0.126076 54387.564148002035 1.479509817304825e-05 5.999938436264191 1.1999992859608408 0.0 1.5821767730012652 1.1339748784944269e-06 1.1997453101516005 1.5019440375944457 6335243.230705217 29.0 -16.481934406290275 0.1332978655952921 54347.428323 54424.302188 14 25 "Minimization exited successfully."
20987 32 0.120687 54403.364192772264 1.6326653475738917e-05 -2.1417220950513025 -0.9999817854920401 0.0 1.2593120514720795 3.1590293161193323e-06 1.1405897359981183 2.158765611094739 4421975.482699749 14.0 -16.35339234842955 1.732911941570432 54348.267979 54424.182603 20 12 "Minimization exited successfully."
20992 45 0.43297 54405.59194000824 1.2476617909050746e-05 5.999998090266985 -0.14688165148844656 0.0 1.118173283211945 8.308332513190521e-07 2.5198161333067706 0.044704804252604036 8777814.222270004 35.0 -19.265300186300824 0.1209344775073653 54357.290439 54422.250786 27 18 "Minimization exited successfully."
20998 36 0.357661 54422.255845843305 2.1560508031714943e-05 4.115043075873274 -0.04641852477952757 0.0 1.8061879802007752 2.28514043957906e-06 2.4453709013756737 0.0723532477693914 22297606.732372496 12.0 -19.294983527232365 0.25435203958071284 54357.329782 54424.227379 32 4 "Minimization exited successfully."
20999 42 0.077882 54370.31857722136 4.48983821755733e-06 5.999643382944811 1.1999929542977097 0.0 0.04331117904439452 0.01220089650094398 7.370595016282618 1.354696045670016 413257.7118763157 32.0 -14.070186036879925 0.1333063152586682 54347.367036 54424.238372 8 34 "Covariance may not be accurate."
21001 62 0.427274 54421.49278924326 1.2287027970839804e-05 5.999999994910018 0.20596689937214063 0.0 0.6345527519079042 6.905127243878034e-07 1.8251470292626841 0.06597009054997371 7351970.106022656 27.0 -19.21303477790616 0.12264671997039756 54347.369428 54424.242595 56 6 "Minimization exited successfully."
21006 38 0.290206 54415.525060613676 4.204448140177508e-05 0.7094062452951313 -0.08117612114323802 0.0 0.669681328759907 1.4751751418301518e-06 0.9095674385509258 0.039133572801829886 88265877.64130582 19.0 -19.459141875673673 0.9249629557646699 54357.410761 54424.311374 30 8 "Minimization exited successfully."
21015 40 0.328214 54418.74333954791 2.438186355159133e-05 -0.8521279232170436 0.06608683584765784 0.0 1.380487529997481 1.6733113254729926e-06 1.321675696707809 0.09183339694718906 10709420.113131989 14.0 -19.175033559491848 1.2431882084396086 54346.421955 54433.347406 32 8 "Minimization exited successfully."
21017 20 0.042435 54402.05395878944 1.4915674752422614e-05 5.9999994725010755 1.199779045392126 0.0 0.8937142126342223 1.600731717280591e-06 0.44773373968212304 2.1947308388597406 3258559.749820644 12.0 -13.999727333175056 0.13329304673307973 54346.406971 54433.32845 11 9 "Minimization exited successfully."
21018 44 0.259977 54376.35129716646 1.5310819261804554e-06 5.999996030344137 1.1974167057698866 0.0 4.830838983598369 7.850140571125097e-07 9.885909263004727 2.056823363164313 126071.84360143109 36.0 -15.764851921753916 0.1332604124281005 54346.411311 54433.336468 10 34 "Minimization exited successfully."
2102 35 0.094009 53621.46555954817 0.000467024720057968 0.6953412098252016 0.2765412596895711 0.0 0.692991512525623 1.175333255705124e-05 0.5228663146705008 0.7004135372249948 650189488.7373626 19.0 -19.371303201425036 0.9143094313078777 53622.193615 53705.079454 0 35 "Minimization exited successfully."
21024 38 0.261687 54424.59813662492 3.132915421945159e-05 5.999999951640488 -0.08977199757810261 0.0 0.29595929305651225 1.1604245151125589e-06 0.4271347194366468 0.04717206512397343 38027866.270946026 12.0 -18.987470897797774 0.12112114158775 54346.436915 54433.362988 36 2 "Minimization exited successfully."
21026 41 0.136309 54355.18663548535 5.747103961892819e-06 -5.999976748707864 -0.999817275320599 0.0 1.9115986206415982 2.6054714713846794e-06 7.967384057598256 2.1483201997619137 310818.352396062 19.0 -15.49847642743132 nan 54346.398944 54433.32172 4 37 "Minimization exited successfully."
21027 42 0.272377 54369.760162610015 8.282485227051328e-07 5.999379065615697 -0.9999959966795884 0.0 0.10995640847977484 2.909378275312014e-07 10.949100746982204 0.5013091897276986 274796.29738774634 38.0 -15.20237178042343 0.12291371729687839 54346.398093 54433.322566 8 34 "Minimization exited successfully."
21029 62 0.526691 54349.71559353727 5.170314806216547e-06 -1.9790740801080702 -0.6611171984703299 0.0 0.4741989541253133 1.1442057636978919e-06 0.29803432705031097 0.045428023680747276 5213762.847956895 51.0 -18.73035672377967 1.6323888552315857 54346.416229 54433.341557 6 56 "Minimization exited successfully."
21033 62 0.227856 54422.30541819787 6.42308461234331e-05 0.5024761420086659 -0.050619150302657956 0.0 1.059306743554771 2.6673115540093437e-06 1.3072801716914917 0.04041782775794095 77258460.39694013 26.0 -19.31898494968626 0.9636763780815514 54346.395819 54433.320467 53 9 "Minimization exited successfully."
21034 41 0.107503 54425.94360114841 0.00026229085575761536 -0.0020111268271962857 1.1999999810734154 0.0 0.4160118876970955 4.179230466532782e-06 0.3928484621825925 0.028055166393176734 281408641.87656766 9.0 -19.124752375312404 0.9890502343045426 54346.395735 54433.318367 38 3 "Minimization exited successfully."
21035 41 0.289183 54356.90688889928 1.116031945619378e-06 5.999998579397323 -0.9999997480476106 0.0 0.018208533623692347 2.728326815848447e-07 0.772055676248911 0.12039856206756128 576961.8064375592 32.0 -15.675683650104979 0.12288566080478702 54346.413029 54433.338215 6 35 "Minimization exited successfully."
21042 42 0.310647 54422.33323433225 4.068968570145937e-05 0.66334319396951 -0.09184260978110548 0.0 0.6505307140687364 2.190052706977364e-06 0.7692679284115318 0.04749419031620544 33559321.35436826 14.0 -19.59454331993513 0.9341620953300129 54346.16632 54431.114735 36 6 "Minimization exited successfully."
21046 69 0.426142 54353.83272283465 1.0421900255741523e-06 -5.9999649750755175 -0.9999999973897477 0.0 0.01489733045673347 1.286390693244766e-07 0.5808828841386662 0.028096622148715666 2265141.992230625 46.0 -16.458324000415473 nan 54346.190561 54433.134375 3 66 "Minimization exited successfully."
21055 46 0.049126 54374.17856070033 1.5227807359946555e-05 5.999996071857016 1.1999940876449777 0.0 1.715956011088565 1.3711406924982181e-06 0.43113955468866916 0.16876304910844997 4354384.98630506 34.0 -14.350852352208424 0.13329612608650265 54346.188189 54433.130048 12 34 "Minimization exited successfully."
21058 57 0.16293 54426.87373299773 0.00011231465517925865 2.3898934815033677 0.13664625612438686 0.0 0.2149934142616985 2.8809697734605297e-06 0.34584941367868716 0.023789980393102428 177142441.95408887 23.0 -19.117728892434982 0.6118553254523249 54346.212906 54433.157458 51 6 "Minimization exited successfully."
21060 69 0.407685 54350.83609431059 1.5868179890898837e-06 -5.484148656029056 -0.9999999959406372 0.0 1.1833787396280968 2.876538171076027e-07 0.5883743525661695 0.016165049268684784 1218134.8247718618 41.0 -16.801530867558967 nan 54346.189282 54433.133061 3 66 "Minimization exited successfully."
21061 38 0.04179 54314.04967309627 2.566835632933362e-15 0.5688961068455365 -0.9244659765301739 0.0 98.48797565661152 4.640538811209738e-06 9.118420765890038 1.6432699581007562 13.327192811699367 4.0 10.577788618501053 0.9792292350156302 54346.21396 54433.156617 0 38 "Minimization exited successfully."
21062 40 0.137289 54425.528580639686 0.00012283457124489416 0.8280087889891643 1.1999780854471171 0.0 0.3668513102129509 3.340096439026224e-06 0.4781440804983479 1.4750594469993563 125918519.24266545 14.0 -18.874973063050902 0.8523176973396289 54346.219801 54433.162615 36 4 "Minimization exited successfully."
21069 96 0.47153 54348.637171357244 1.803279458660878e-06 -5.706005169435146 -0.6718336251488521 0.0 0.007132882146834163 1.5771052034135867e-06 1.1504135435751957 0.11060769653761227 1920213.078140281 69.0 -17.2931393288295 nan 54348.29168 54433.207116 3 93 "Covariance may not be accurate."
21079 54 0.8005 54409.368412269476 1.1686771663174111e-05 -0.7085400848383188 -0.1590997342150844 0.0 1.6552401830922463 1.4062424639876834e-06 1.1807692680823667 0.11779734346345222 2406250.199543102 34.0 -20.70880288267883 1.2268902533708754 54346.247147 54433.191744 36 18 "Minimization exited successfully."
2108 36 0.118269 53618.188296167595 4.974923974361389e-05 -0.3827318337036907 1.1999999830641022 0.0 0.0027348382827767637 3.1024912994354082e-06 0.8311422515401667 1.7309118679521662 17249512.929315113 18.0 -17.542653681054045 1.0564376857826225 53622.208417 53705.093982 0 36 "Minimization exited successfully."
2109 36 0.030697 53635.61821004215 0.00013193280206758807 5.999999966596633 1.199999770992528 0.0 0.0008820118418952916 1.2448319787000754e-06 0.006022972004724458 0.005528275328571253 384884005.1462821 23.0 -15.644412410480026 0.133296092197984 53622.21092 53705.095265 11 25 "Minimization exited successfully."
21126 54 0.596327 54339.47933090515 5.551727997429312e-06 -0.32863691806336703 -0.7813900328683385 0.0 0.33487586722912965 1.3879890922663397e-06 0.08747036892605342 0.03996046430396466 7219428.833228436 41.0 -19.146483089387043 1.1748387135891925 54346.253442 54433.199028 0 54 "Minimization exited successfully."
21129 56 0.400482 54353.8916066591 3.0894447189022678e-06 -5.534454038724644 -0.9999999839128801 0.0 0.6784984018922842 3.5912641670521314e-07 0.3813423391790951 0.007683897893379588 2804655.906031645 40.0 -17.478960319289992 nan 54346.326058 54433.272141 6 50 "Minimization exited successfully."
21150 40 0.371139 54356.13629221658 1.4535087541144298e-05 5.9999990344521485 0.08348994962476741 0.0 2.544308333664958 1.488931376512625e-06 0.3311148223308251 0.11519608429803235 3532014.4447271675 32.0 -19.032455501281703 0.12190474014941799 54346.289301 54433.236275 4 36 "Minimization exited successfully."
21151 54 0.830682 54314.66968328271 5.917812304884196e-06 5.999986864764184 -0.9707284078028268 0.0 0.00362642812251579 3.721748102005207e-06 2.613018423535218 0.38918076923770173 1708985.2292782117 35.0 -20.232274231805416 0.12265996636500986 54346.254429 54433.199498 0 54 "Covariance may not be accurate."
21152 38 0.358092 54417.33054815022 1.585294897647027e-05 -1.6146325183597687 -0.12760731699732686 0.0 1.7079727051132068 1.6936424880459322e-06 1.6199276998478478 0.1216120874736496 4477275.131149849 16.0 -18.928943483438147 1.457009100186319 54346.305816 54433.253764 30 8 "Minimization exited successfully."
21158 34 0.13456 54412.74254680306 7.350147260395401e-06 -5.999999731862489 1.199838296954367 0.0 1.8535046031720412 1.6052155560714045e-06 1.9419283295188428 1.247765091976673 764922.9626905947 11.0 -15.772233834142 3.5060942050495143 54348.212488 54424.125609 26 8 "Minimization exited successfully."
2116 38 0.306324 53630.78545727333 2.809761322360882e-05 -0.023933155693125485 0.3036268177640724 0.0 1.1554110502220283 2.3067810717491974e-06 1.2145748893839619 0.1073052276026254 9782784.094676735 28.0 -19.15960116963541 1.049445839990888 53622.227832 53705.115801 6 32 "Minimization exited successfully."
