analysis_pipeline/results/fit_results/sdss_sako18_salt2_2.0_4_blue.ecsv
# %ECSV 0.9
# ---
# datatype:
# - {name: obj_id, datatype: string}
# - {name: num_points, datatype: int64}
# - {name: z, datatype: float64}
# - {name: t0, datatype: float64}
# - {name: x0, datatype: float64}
# - {name: x1, datatype: float64}
# - {name: c, datatype: float64}
# - {name: z_err, datatype: float64}
# - {name: t0_err, datatype: float64}
# - {name: x0_err, datatype: float64}
# - {name: x1_err, datatype: float64}
# - {name: c_err, datatype: float64}
# - {name: chi, datatype: float64}
# - {name: dof, datatype: float64}
# - {name: b_max, datatype: float64}
# - {name: delta_15, datatype: float64}
# - {name: tmin, datatype: float64}
# - {name: tmax, datatype: float64}
# - {name: pre_max, datatype: int64}
# - {name: post_max, datatype: int64}
# - {name: message, datatype: string}
# schema: astropy-2.0
obj_id num_points z t0 x0 x1 c z_err t0_err x0_err x1_err c_err chi dof b_max delta_15 tmin tmax pre_max post_max message
1000 44 0.128293 53611.90557987692 0.0001008724959822127 -1.39980328047126 -0.9998753161397469 0.0 7.860038749640808e-06 9.020110028483684e-06 0.3064314966474102 1.465746574337845 56614997.32394606 22.0 -18.475933764217135 1.4779965115233473 53616.376634 53704.28122 0 44 "Minimization exited successfully."
10028 42 0.064256 53694.10133995067 0.0007179761426445553 -0.7705374807668228 -0.9005222706235655 0.0 0.2522712367972417 6.628748928370453e-05 0.21613943592245644 1.8608360908801906 706123558.4507545 6.0 -19.002645844426624 1.2919474934261146 53616.362048 53704.265479 36 6 "Minimization exited successfully."
10037 42 0.252461 53688.01771604686 2.811283668036846e-05 -0.8590288914967878 -0.03798735613040061 0.0 0.6518510431960749 2.9774685383254782e-06 0.8693246516443196 0.11093612251233892 8343615.1677815085 21.0 -18.672980550580014 1.2532047508154882 53623.189643 53704.099193 30 12 "Minimization exited successfully."
10045 39 0.114762 53693.297465011965 3.90697979063348e-05 1.4597990619453167 -0.9999384043571963 0.0 0.5576426678489952 4.1211551329922744e-06 1.029834567687539 1.5318340675934885 21305922.857578337 15.0 -17.19403876739239 0.7987778865159108 53623.21278 53704.121449 31 8 "Minimization exited successfully."
10054 44 0.077478 53619.45693130225 8.501654442627516e-07 -5.999953454894095 -0.9990321394045929 0.0 0.4697305113368202 2.3829202935804483e-06 11.860807841516245 1.1111784639050604 4934.949397333181 9.0 -12.110677817570924 nan 53616.441106 53704.348229 2 42 "Minimization exited successfully."
10066 63 0.440777 53623.97776815079 7.183569949398283e-07 -5.999981482019633 -0.9999998655367472 0.0 0.8353986419679131 1.2008934622331766e-07 0.5513229077918496 0.07134578786434453 1299878.7651400191 34.0 -16.14165240136007 nan 53623.202299 53704.111983 3 60 "Minimization exited successfully."
1008 68 0.225039 53623.27525741342 7.330763301260812e-05 0.2167944912372235 -0.07986069578880861 0.0 0.433598449712008 2.9249443170736888e-06 0.44803162115374473 0.04285299098043255 61635840.783493064 50.0 -19.431844057384108 1.021458785614147 53616.388725 53704.295625 3 65 "Minimization exited successfully."
10096 45 0.076658 53695.36722752419 0.00011235830773276279 0.6763381637827974 1.1982345146106543 0.0 0.4149666586672538 5.106203897872756e-06 0.5664789420087315 2.108721918655305 57602110.065153755 9.0 -17.423764807566823 0.876669582927537 53616.393631 53704.298542 41 4 "Minimization exited successfully."
10106 139 0.146889 53694.496912485774 6.095679380216379e-05 -0.1806663529365835 0.25227187919282734 0.0 0.3345817606241326 2.117285169459529e-06 0.43524429132341114 0.0341528326047309 105789381.6512474 46.0 -18.204192683735695 1.0839408743078245 53616.441047 53705.351209 121 18 "Minimization exited successfully."
10146 45 0.282991 53685.32277941029 1.530685023012235e-05 3.162510398006715 0.3363793498560226 0.0 1.5201053802047682 2.334041082703852e-06 2.176082621544079 0.10788440958101408 8074842.866479049 22.0 -18.31184248235026 0.4413927522283956 53616.382258 53704.288427 36 9 "Minimization exited successfully."
10157 140 0.203148 53626.07115962176 2.5074462736984773e-06 -5.999919553360107 -0.9999997490504636 0.0 1.7196237184653 9.300643693049838e-07 7.716515411611227 0.18776201707182466 5421445.528690424 84.0 -15.554169429244652 nan 53616.415729 53705.324767 6 134 "Minimization exited successfully."
10182 41 1.437993 53494.38422177169 0.0032417826629207638 -1.3256181024521654 0.128264023056597 0.0 223.8235324995694 0.011810895545310424 3.952130437002853 1.6500962419750362 18869.86144172786 -3.0 -28.39374413152141 1.3525340556494143 53616.283869 53704.183935 0 41 "Minimization exited successfully."
10231 42 0.143635 53692.284895851 2.4004632134949633e-05 5.999997240922848 -0.9999997188089903 0.0 0.2573229917579738 1.0278860663537328e-06 0.1905778292080953 0.018884045341593825 40894532.111267544 14.0 -17.303724248623205 0.12288572124431951 53616.369341 53704.273582 36 6 "Minimization exited successfully."
1027 68 0.185416 53621.07366057401 9.798761825220436e-06 5.999709866069654 0.8195536948897129 0.0 0.0006963162595639005 1.6889475884279688e-06 2.181138331454105 0.2444036998394451 2542570.9233081653 45.0 -16.91256481122593 0.12840559362495796 53616.423368 53704.331492 3 65 "Minimization exited successfully."
10299 40 0.259705 53691.43180203927 3.0381030844451873e-05 0.9242730883173671 -0.13051636458129767 0.0 0.7223416769047617 3.061027558256546e-06 1.115016874033432 0.07881966475294949 14810162.987255437 17.0 -18.830717222608346 0.8857745559363615 53622.276362 53705.165517 34 6 "Minimization exited successfully."
1031 92 0.114804 53610.72617727376 3.186700588696301e-05 -0.479144781185024 -0.9984351262036688 0.0 0.002257809719594661 3.884817554569708e-06 0.9731273569791439 2.13838787482867 9446367.542551141 36.0 -16.966608029780858 1.2224792125431918 53616.437875 53705.3458 0 92 "Minimization exited successfully."
1032 44 0.129033 53626.29312572752 0.00011499654758029054 -2.779975408832121 1.1999786953280007 0.0 0.19957309939854895 3.3747831285491087e-06 0.19702791821239085 1.7245267555499082 58046189.00872867 27.0 -18.657616306752658 1.5947238891124584 53616.440283 53704.347453 2 42 "Minimization exited successfully."
10324 40 0.250218 53694.786506748795 4.504273668186398e-05 -1.5536316281861051 -0.04266866172794159 0.0 0.822107375581254 3.455821067986919e-06 0.8088807734229633 0.08464953750834997 19449095.787763014 11.0 -19.16218355970099 1.4306526155191577 53622.260522 53705.149223 34 6 "Minimization exited successfully."
10342 48 1.577478 53487.52454229794 0.002640301170867896 0.4878221473947377 0.1035923589381531 0.0 157.27194889801467 0.01810545039789444 7.692744409262204 1.1520466656804211 13450.01173668431 -3.0 -28.421316276892654 0.9601581915638562 53616.398439 53704.303662 0 48 "Covariance may not be accurate. Covariance not positive definite. Covariance forced positive definite."
1041 45 0.065187 53620.10724892218 4.846836853121817e-05 1.6567682397144585 1.1999992338351797 0.0 4.558096406981349e-07 4.004344219840082e-06 1.2318983664541783 1.5125143310711477 19003946.885256656 24.0 -16.142042781612794 0.7223676413024229 53616.448702 53704.356252 2 43 "Covariance may not be accurate."
10434 38 0.102877 53696.60514777008 0.00028734968834293387 0.3397623823609024 0.1527084628587423 0.0 0.3364011599260266 3.0338425197707372e-05 0.462399649246787 0.9098951841362162 248697271.4336441 10.0 -19.050119001714172 0.9863814826610167 53622.24378 53705.129884 32 6 "Minimization exited successfully."
10448 57 0.432113 53668.71817232135 9.064079257815605e-06 5.9999987903016425 0.27258078719980783 0.0 1.630605814538285 6.967857585343796e-07 0.685841515209983 0.13349269880217807 3533470.713156441 41.0 -18.9131234247973 0.12311247403722092 53622.276376 53705.165455 24 33 "Minimization exited successfully."
10449 59 0.240535 53698.56632099461 6.247837587313731e-05 1.1934274808946723 0.04566629168498482 0.0 0.5295542040039436 2.021177616871592e-06 0.7537677897574877 0.044716324009929864 52357774.71936469 23.0 -19.422945920105494 0.8310616749588284 53622.261788 53705.150445 53 6 "Minimization exited successfully."
10450 40 0.270471 53693.07582902297 2.79998219208899e-05 2.3610057733289445 0.03143828065575338 0.0 0.7677322636409372 2.660333896971068e-06 1.3152736333509778 0.07591661994867954 15810115.552526286 18.0 -18.84550857486358 0.6178856475334165 53622.262623 53705.150874 34 6 "Minimization exited successfully."
10460 60 0.218851 53683.29720342677 1.6307961434907092e-05 1.762276156618105 0.3451994511423988 0.0 1.2236504106695065 1.8921391926379758e-06 1.6545259661338538 0.11318935019775567 7246063.565368467 35.0 -17.73837801975474 0.7234805296107396 53622.284279 53705.173149 45 15 "Minimization exited successfully."
10471 59 0.238529 53575.67355444492 2.962360038969658e-05 -5.999925171515384 -0.9999326241258195 0.0 3.7257781466687447 3.163530395855707e-05 7.681558494205781 1.5958178267821586 640030265.9971421 2.0 -18.62818876609556 nan 53622.411656 53705.306115 0 59 "Minimization exited successfully."
10550 42 0.299222 53690.365983729775 2.464542384374768e-05 1.9716290356144661 0.1968668510023308 0.0 1.0339310627132363 3.307536487787145e-06 1.5966908427490623 0.09519024238619278 10129015.387257792 18.0 -18.95899705460715 0.6885501468991677 53622.297139 53705.186423 36 6 "Minimization exited successfully."
10559 38 0.279534 53691.5199809178 3.81419422477991e-05 1.1063085698668793 0.046531661343601094 0.0 0.657109107793076 3.7554389533039898e-06 1.0917469706558691 0.07216474564161629 19779883.976690803 16.0 -19.259699690060916 0.8469172904061253 53622.309134 53705.199263 32 6 "Minimization exited successfully."
10621 0 2.421863 nan nan nan nan 0.001257 nan nan nan nan nan nan nan nan nan nan 0 0 "Empty table passed to fit_lc."
10672 42 0.083642 53647.712001957676 6.304254842567358e-06 5.999828955728368 1.1998672113506919 0.0 2.795392629373964 1.5749221530325652e-06 2.3682114634331066 1.9577778248533821 599702.3423435503 30.0 -14.60236718626403 0.1332992025403108 53616.26193 53704.16121 13 29 "Minimization exited successfully."
10690 41 0.310439 53696.181436137485 3.366594461285844e-05 -0.059498098566628244 -0.02361381905031157 0.0 1.4092415228769823 4.122587355325779e-06 1.688023486717916 0.13550488265593225 6145749.4648424 12.0 -19.385515989275437 1.075136757641065 53616.277643 53704.179276 34 7 "Minimization exited successfully."
10805 41 0.043968 53640.99175767186 2.6777862046363232e-05 5.9999992347975635 1.1999984948875322 0.0 4.444444493856281e-05 1.4454715893713614e-06 0.09482709579930049 0.055735989699517985 10500830.723595187 27.0 -14.714605582140223 0.13329609567863088 53616.272286 53704.17195 12 29 "Minimization exited successfully."
10843 49 0.35031 53691.75566259455 2.2367255027953004e-05 -1.3685881758405731 -0.10459124652684393 0.0 1.0590868027575198 2.2647357042171475e-06 1.1475776156829454 0.10813932554958183 6495765.044668869 16.0 -19.246701501822535 1.387106105656052 53622.470403 53705.367137 41 8 "Minimization exited successfully."
10868 97 0.084847 53593.93263300601 0.0 5.913149419174584 -0.46679340546615156 0.0 0.0 0.0 0.0 0.0 0.0 -4.0 inf nan 53616.455914 53705.364659 0 97 "Hesse Failed. Covariance may not be accurate. Covariance not positive definite."
10915 63 0.223131 53604.38071972941 2.224834993156066e-05 -5.999977151075025 -0.6069373974541896 0.0 1.8192300105729373 9.011971706892053e-06 8.721686351253345 0.49256706238950354 1527177.960731327 16.0 -18.1266160155332 nan 53616.367692 53704.273126 0 63 "Minimization exited successfully."
10928 32 0.080628 53699.911022845125 0.00013580692779671444 5.999988386720517 1.1999760905349817 0.0 0.24906548652870697 2.198924787167873e-06 0.4763144398950203 1.8739928340387704 142632282.31482163 6.0 -17.85134958452426 0.1332960989333074 53622.345353 53705.235174 28 4 "Minimization exited successfully."
10936 32 0.065023 53609.24409989978 2.9252335661326124e-05 -5.999969248984375 1.1958013270346628 0.0 3.8427371516627318 3.326836110888853e-05 2.459554713513613 2.147833970172803 74458.34879542577 1.0 -15.589301086521019 3.512198286692911 53622.372731 53705.26372 0 32 "Minimization exited successfully."
10976 44 0.094496 53611.69572914422 1.1020421838630056e-05 -5.9999978208529114 -0.9633159762746626 0.0 0.31059809299040353 5.542457181649252e-06 7.763757857411301 1.3348955098787685 296049.41947959294 6.0 -15.346249125942975 nan 53616.37423 53704.278173 0 44 "Covariance may not be accurate."
11016 36 0.050385 53569.70433715512 2.309374913522788e-13 2.5513672949603414 -0.896531836098072 0.0 133.8986874977818 9.565522092304101e-06 10.275534193455783 1.5938639831254655 25.294444026670064 -2.0 5.265422629988379 0.5777871104162529 53622.221925 53705.108051 0 36 "Minimization exited successfully."
11017 54 0.208659 53692.67421112166 3.1503091082834003e-05 4.5659507414503615 -0.19800023642035613 0.0 0.4547261916886782 3.5309149304318946e-06 1.4518125970673488 0.08309545999894868 17795595.2219997 26.0 -18.38219703052745 0.20832157935725348 53622.222372 53705.110191 45 9 "Minimization exited successfully."
11026 38 0.28274 53696.964644049294 3.6640762511053195e-05 2.9948777821143384 -0.08386804469008546 0.0 1.3724524847821158 5.07577471240084e-06 2.74909782322416 0.09030852945244433 15983554.76189252 13.0 -19.253609951832306 0.4828113050252476 53622.23035 53705.118403 32 6 "Minimization exited successfully."
11067 44 0.116797 53702.19510710224 0.0004014929695856251 1.1869137319924512 1.1999999793377323 0.0 0.5253875712514855 4.040315625528069e-06 0.6960604206012118 1.4134995298905442 527792950.9872307 6.0 -19.78084277007085 0.7957237527871008 53622.418158 53705.311219 42 2 "Minimization exited successfully."
11083 36 0.120676 53646.00735516162 3.739770064014159e-05 -4.39390524097042 -0.999999896072505 0.0 0.6644749204206164 1.10842908275538e-05 0.4944309889038303 0.3514296539411432 1691227.5742793167 19.0 -17.248279670063006 3.4295879692523776 53622.225704 53705.111521 10 26 "Minimization exited successfully."
11097 63 0.194866 53701.6408989 9.50656782746695e-05 0.8596260542674461 -0.06333420438519066 0.0 0.8112219058530172 2.5723265890281754e-06 0.9945600517300544 0.032953798369331155 176468671.472639 16.0 -19.36387650028324 0.8958957377490222 53623.158322 53704.067978 54 9 "Minimization exited successfully."
11100 61 0.208564 53700.002260479276 6.07667156137115e-05 -3.865785556733994 -0.1122246534250152 0.0 0.43780904439336155 2.4795422854195766e-06 0.9762707623100546 0.05801076368064623 33970260.12099564 9.0 -19.03939813165784 2.3932422567775333 53616.266052 53704.167285 57 4 "Minimization exited successfully."
11102 58 0.152731 53705.46360039597 7.867721405644513e-05 5.623233683258913 0.3017402533162403 0.0 1.166283657472377 4.304042949271897e-06 1.3410042370873008 0.03944037925973376 117029398.61563182 12.0 -18.664237347964907 0.13927209036421573 53623.177405 53704.086712 58 0 "Minimization exited successfully."
11119 42 0.114106 53694.19430530447 4.71407144385072e-05 0.0853860660581045 1.199922434622621 0.0 1.0633689576498 4.885443607273722e-06 1.1283495331024826 2.1735688745024673 8202038.964214718 16.0 -17.400328339196157 0.9741332520384312 53623.193417 53704.101726 32 10 "Minimization exited successfully."
1112 40 0.256085 53629.98214021235 3.7262616852627995e-05 -0.1726560718665704 -0.006110728102855845 0.0 0.7862082301944611 2.1906040930680364e-06 0.8327842896734277 0.06244347961930824 22710491.888884287 30.0 -19.014742907686085 1.0978156529056946 53622.267208 53705.156046 6 34 "Minimization exited successfully."
11120 41 0.106009 53702.73226591666 0.0002531279649298801 4.707403765502168 1.199999999737802 0.0 0.7949983221733419 3.964299789659939e-06 0.7198588203987217 0.038221658957033 308365668.61434555 8.0 -19.104137002473728 0.19270589443313213 53623.208162 53704.116279 37 4 "Minimization exited successfully."
1113 40 0.055632 53631.643664134936 0.00014569253891351665 5.999999999929308 1.1999999987035057 0.0 0.28585233692865586 1.5829019060936722e-06 0.015160961720653177 0.009373791454714953 292796672.5619424 26.0 -17.083202125042938 0.13329609439037426 53622.272202 53705.159045 6 34 "Minimization exited successfully."
11141 41 0.331546 53679.710311233495 1.0949716887360684e-05 5.999999910212512 0.16523556226066338 0.0 1.8165264840135933 9.269199795924887e-07 0.5583920596972174 0.1035463601419635 5306505.471819557 21.0 -18.438515611397932 0.12238326687900525 53616.273946 53704.175773 30 11 "Minimization exited successfully."
11142 61 0.236502 53643.01622925894 3.8473204735256505e-06 5.999999992825295 0.3183250510308233 0.0 4.6326234440093685 9.79262501149547e-07 0.9341064710607574 0.4589947756954573 504653.1416204191 52.0 -16.462539784404655 0.12345667934521032 53616.277255 53704.17877 18 43 "Minimization exited successfully."
