analysis_pipeline/results/fit_results/sdss_sako18_salt2_2.0_4_red.ecsv
# %ECSV 0.9
# ---
# datatype:
# - {name: obj_id, datatype: string}
# - {name: num_points, datatype: int64}
# - {name: z, datatype: float64}
# - {name: t0, datatype: float64}
# - {name: x0, datatype: float64}
# - {name: x1, datatype: float64}
# - {name: c, datatype: float64}
# - {name: z_err, datatype: float64}
# - {name: t0_err, datatype: float64}
# - {name: x0_err, datatype: float64}
# - {name: x1_err, datatype: float64}
# - {name: c_err, datatype: float64}
# - {name: chi, datatype: float64}
# - {name: dof, datatype: float64}
# - {name: b_max, datatype: float64}
# - {name: delta_15, datatype: float64}
# - {name: tmin, datatype: float64}
# - {name: tmax, datatype: float64}
# - {name: pre_max, datatype: int64}
# - {name: post_max, datatype: int64}
# - {name: message, datatype: string}
# schema: astropy-2.0
obj_id num_points z t0 x0 x1 c z_err t0_err x0_err x1_err c_err chi dof b_max delta_15 tmin tmax pre_max post_max message
[from data line 792]
15486 60 0.114636 54039.14433508667 3.485989058235273e-05 1.4786714105112697 0.6642953403459715 0.0 0.3691540413965413 5.359282767424256e-06 0.6254188511105672 0.11047722858906905 32952811.657993957 22.0 -17.03324720311999 0.765157849509194 53989.269758 54063.184887 36 24 "Minimization exited successfully."
15496 46 0.232986 54040.66613554553 0.0002539637604886269 0.6366229939802945 -0.9972152768153129 0.0 0.6357302200922277 6.007320347483081e-05 0.911575222186551 2.0144481361784954 9408354.154974664 24.0 -20.918490632578408 0.9667219346592226 53974.330374 54063.250618 30 16 "Minimization exited successfully."
15497 40 0.201744 54035.72407576787 8.666103450633012e-06 5.99999979978276 0.7258719348981222 0.0 2.0472298299937393 1.2820510504215067e-05 1.2396884140946849 1.6847858190718534 1331197.1802431874 22.0 -16.976226603495043 0.12732510071744585 53989.352587 54063.269747 22 18 "Covariance may not be accurate. Covariance not positive definite. Covariance forced positive definite."
15498 40 0.214287 54027.36047038463 0.00021310801202494844 1.0184223368386318 -0.9977306153244818 0.0 1.013573835913121 4.388485796760099e-05 0.9550367069100467 1.8428546644032489 5373037.247064913 30.0 -20.52451382058839 0.8874818827953526 53989.368075 54063.28586 18 22 "Minimization exited successfully."
15499 0 1.577068 nan nan nan nan 0.000554 nan nan nan nan nan nan nan nan nan nan 0 0 "Empty table passed to fit_lc."
15500 38 0.239325 54037.58358537023 7.907242485505339e-06 -0.10045030393733967 1.1999177338893103 0.0 1.5880851935653482 5.011307060059923e-07 2.283297320099309 1.721779161344229 4283669.645362645 22.0 -17.237101705300923 1.0060413892207904 53989.388787 54063.307001 22 16 "Minimization exited successfully."
15503 20 0.408585 nan nan nan nan 2.6e-05 nan nan nan nan nan nan nan nan nan nan 0 0 "No bands in data overlap the model."
15504 38 0.2682 54042.17206505535 7.87291842940796e-06 3.854698406846314 1.187741620840041 0.0 1.3244293367788487 3.6669706849129518e-06 1.6960333082404793 1.9124238186400988 3890119.6137568937 22.0 -17.53404316536555 0.27262100553155477 53989.272682 54063.186954 24 14 "Minimization exited successfully."
15506 0 1.593989 nan nan nan nan 0.0008 nan nan nan nan nan nan nan nan nan nan 0 0 "Empty table passed to fit_lc."
15508 38 0.133526 54029.52883374803 0.0008404468959122291 5.999999984291602 -0.9999968458189801 0.0 0.19877640791310114 1.5020997492370416e-05 0.03180077588277186 0.22878387628043156 42843222.31949133 12.0 -20.991628264263866 0.12288557409265266 53989.386361 54063.30486 18 20 "Minimization exited successfully."
15513 0 1.68332 nan nan nan nan 0.000758 nan nan nan nan nan nan nan nan nan nan 0 0 "Empty table passed to fit_lc."
15516 40 0.364072 54035.08239364186 3.6337298140403093e-05 5.999999253584699 -0.9975402260252532 0.0 3.8938771943612664 9.805266164286676e-06 8.384336541032571 2.1187418342453466 1216718.3269597238 28.0 -20.03908839205514 0.12286615608875451 53989.394454 54063.313342 20 20 "Minimization exited successfully."
15520 60 0.109042 54027.6306673311 1.4949469248490832e-05 2.0987766933515974 1.1999999168005648 0.0 0.6023509288752393 4.42820251048137e-07 0.5023297941047424 0.05231096749260877 23554260.17043356 30.0 -16.048694723331025 0.6520860812404479 53989.354199 54063.272322 27 33 "Minimization exited successfully."
15531 46 0.226214 53999.832126989 2.9841332624647167e-06 5.999981841855716 1.1999872325129308 0.0 0.0178831271987292 3.429405458471591e-07 0.3810338611316606 0.42695238361509447 861822.315908573 36.0 -16.14654253538046 0.1332964427360892 53975.199052 54068.124326 6 40 "Minimization exited successfully."
15533 45 0.342762 54033.94170890504 7.310906658970717e-05 -3.757562156074506 -0.9999357250482009 0.0 1.6481462334450043 8.499919026005438e-06 1.9010265608889152 1.723784918580713 1214263.4958300167 25.0 -20.520004206765922 2.64687234398599 53975.285226 54062.223925 26 19 "Minimization exited successfully."
15535 48 0.199362 53997.49424175223 2.8368495886077482e-06 5.999999993244828 1.199997048268115 0.0 1.377589421106677 3.237596018684784e-07 0.1058118110527344 0.20972092794396235 899013.315664183 38.0 -15.78317321565483 0.13329605368257447 53975.30692 54068.226648 10 38 "Minimization exited successfully."
15540 48 0.173405 54008.05298032535 0.00016888742285477322 -2.1280615588690424 -0.9998240517853828 0.0 1.1955504068610026 2.1459092042956928e-05 1.3395546955626683 2.0554966044141953 1425384.2952575178 18.0 -19.75018587240172 1.7276517254120343 53975.225323 54068.151323 8 40 "Minimization exited successfully."
15549 45 0.447229 nan nan nan nan 8.2e-05 nan nan nan nan nan nan nan nan nan nan 0 0 "No bands in data overlap the model."
1555 78 0.022961 53625.30325442231 8.773285004034958e-05 0.9685404984003672 0.6842654206818506 0.0 0.0008773890185693745 6.595952142546827e-06 0.15863633792145837 0.04956895352897295 207482441.155171 32.0 -14.402797091553946 0.8504573413818477 53622.46198 53705.357938 3 75 "Minimization exited successfully."
15553 43 0.333728 54037.03039429176 5.610325443929032e-05 5.999968296730366 -0.9999859779057404 0.0 1.7677246964049118 5.207896814342636e-06 2.1905383298822416 1.4809191478190071 1413573.0265553358 29.0 -20.28971737054988 0.12288692422449188 53975.194426 54068.119662 22 21 "Minimization exited successfully."
15554 22 0.497646 nan nan nan nan 8.9e-05 nan nan nan nan nan nan nan nan nan nan 0 0 "No bands in data overlap the model."
15558 46 0.304365 54038.25550740893 6.1652538093737166e-06 5.999988786466597 0.6682015941985198 0.0 1.7723561461170902 1.4156147022372224e-05 8.415805880103415 1.933298302492941 565687.7074801623 28.0 -17.61886256741284 0.12669726600628906 53975.239842 54068.166777 28 18 "Covariance may not be accurate. Covariance not positive definite. Covariance forced positive definite."
15564 22 0.390939 nan nan nan nan 1.7e-05 nan nan nan nan nan nan nan nan nan nan 0 0 "No bands in data overlap the model."
15568 44 0.205144 53998.833286679925 2.080973434875899e-06 5.99999999565571 1.1999999726330444 0.0 2.5867219153115 3.885853781010473e-07 0.5640175393125055 1.5739816735530383 347600.903772702 36.0 -15.516262293766566 0.1332960941526018 53975.293405 54062.232509 10 34 "Minimization exited successfully."
15580 52 0.321868 54026.0374839377 5.482961163674749e-05 3.1194430171412293 -0.9999723233940133 0.0 1.5828888598007325 8.647035693668538e-06 2.358840698212883 1.728542910955885 1233944.3545715995 42.0 -20.076359951608175 0.44401249458951497 53975.448899 54068.375479 20 32 "Minimization exited successfully."
15583 48 0.177062 54013.78785135287 6.476506398054305e-06 5.999999702573687 1.1999951274013854 0.0 0.7706942484110186 3.7785689585123617e-07 0.06942314221049983 0.2999620631298776 3796562.106504433 19.0 -16.392644081471587 0.13329603546321778 53975.404014 54068.328541 16 32 "Minimization exited successfully."
15584 52 0.283322 54037.02579138475 8.139072736839448e-05 -1.6054980173320796 -0.6174927006939777 0.0 1.1723889290951774 6.328456069436217e-05 1.5315632249024438 0.5859628961464073 4055386.2392501123 33.0 -20.13196967294153 1.5063426614771842 53975.419261 54068.344939 26 26 "Covariance may not be accurate. Covariance not positive definite. Covariance forced positive definite."
15587 52 0.218245 54041.25829476466 9.60513224447901e-06 -1.3321139366765173 1.1998704949611332 0.0 0.8018168440758018 4.996404474905118e-07 1.1723092504946575 1.508669007484888 6560179.866757629 31.0 -17.22209831898963 1.242620972237578 53975.448492 54068.375077 30 22 "Minimization exited successfully."
15592 23 0.4141 nan nan nan nan 0.000113 nan nan nan nan nan nan nan nan nan nan 0 0 "No bands in data overlap the model."
15601 66 0.105151 54039.780357189506 2.4137371599622925e-05 2.2875236413475015 0.8755594669474291 0.0 0.45138811129072565 4.447160792651061e-06 0.727449482887673 0.12810918336508537 22700406.452384546 24.0 -16.45040290715845 0.6246616455998861 53975.24937 54068.177045 42 24 "Minimization exited successfully."
15602 0 2.354365 nan nan nan nan 0.000498 nan nan nan nan nan nan nan nan nan nan 0 0 "Empty table passed to fit_lc."
15603 44 0.261057 54036.401573912655 6.541230314477398e-06 -3.3385568324553923 1.189487173287917 0.0 1.4427395221719053 4.801910041191681e-06 2.29406222935211 2.113621949915746 1973062.488916243 22.0 -17.245777699549535 1.7678392041823443 53975.290571 54062.229875 28 16 "Minimization exited successfully."
15606 23 0.401568 nan nan nan nan 4.7e-05 nan nan nan nan nan nan nan nan nan nan 0 0 "No bands in data overlap the model."
15628 23 0.44716 nan nan nan nan 4.3e-05 nan nan nan nan nan nan nan nan nan nan 0 0 "No bands in data overlap the model."
15633 44 0.449254 nan nan nan nan 0.000191 nan nan nan nan nan nan nan nan nan nan 0 0 "No bands in data overlap the model."
15635 0 0.703958 nan nan nan nan 0.000386 nan nan nan nan nan nan nan nan nan nan 0 0 "Empty table passed to fit_lc."
15640 46 0.165114 54043.74768340088 1.2950762405073979e-05 5.999488679670602 1.1197956316041964 0.0 0.5133699129000888 7.149829661395878e-07 0.07682913407299186 0.02533571028340531 6607311.626524574 10.0 -16.967290740729783 0.13221413030238338 53974.198032 54063.118467 30 16 "Minimization exited successfully."
15648 46 0.173827 54042.11933493763 0.00031447585379423495 -3.066152748040487 -0.9994602489212543 0.0 0.6706495116886799 2.8976326236793143e-05 1.11645026601207 1.600865679402447 4992443.119117814 8.0 -20.428882213417264 2.162439765066125 53974.175402 54063.095314 32 14 "Minimization exited successfully."
15649 46 0.13293 53998.48942261211 2.1984726456822925e-05 5.999960423184344 0.5786603440441358 0.0 0.00031380414293380454 2.6115591669964023e-05 0.12174976980520658 0.7350880474270199 4725791.53510607 15.0 -16.97862217920559 0.12577269884401687 53974.191752 54063.111613 8 38 "Covariance may not be accurate."
15663 39 0.29064 54030.27205168114 1.9102565713386977e-05 1.219137964003334 0.5073263168265463 0.0 1.9452358072776406 1.7581084110765976e-05 2.000397566901496 0.6861330953190815 2777001.0353839463 29.0 -18.617817302971726 0.813576063103838 53989.24682 54063.160475 18 21 "Covariance may not be accurate. Covariance not positive definite. Covariance forced positive definite."
15670 46 0.283012 53976.98445280243 1.4766827950315475e-05 5.9960923424984305 -0.9877476283539578 0.0 5.9879843320231885e-05 2.278588880085808e-05 8.483099245745027 2.179547636684978 51988.452352456945 25.0 -18.424221918823783 0.12296658898199198 53974.197203 54063.117595 2 44 "Covariance may not be accurate."
15674 38 0.196541 54039.27810999854 1.0721550623632448e-05 -0.8719289972603645 1.19802175415983 0.0 0.6031417547710589 1.6068353095888273e-06 1.0321862502419448 1.616983242978029 7198047.935625332 21.0 -17.085989990994367 1.1492793186209873 53989.258934 54063.172869 24 14 "Minimization exited successfully."
15675 40 0.233194 54038.2774463183 0.00018358280911182857 -3.025151846960992 -0.9997543078528368 0.0 0.7176187154909712 1.5230762989555395e-05 1.2571747747295094 1.6774591673173878 3999054.414552559 20.0 -20.558805381634027 2.1394662301159393 53989.265601 54063.179721 24 16 "Minimization exited successfully."
15685 19 0.384278 nan nan nan nan 0.000112 nan nan nan nan nan nan nan nan nan nan 0 0 "No bands in data overlap the model."
15690 44 0.299696 54005.2628532957 4.6490267799635946e-05 5.9999949660681935 -0.9999000208216775 0.0 1.8316121758798545 5.494415222912496e-06 0.6362941430881435 1.8115654905741856 943537.1138729348 38.0 -19.81440221719666 0.12288503329988032 53974.32304 54063.243394 8 36 "Minimization exited successfully."
15692 40 0.167646 54049.47870662173 0.00032045382697622914 3.0982742545906685 -0.9999186795233591 0.0 1.1882087380363373 3.2560196252274794e-05 1.1198443565189846 2.088277077131032 6814937.623954566 7.0 -20.38870385215487 0.4495766053607255 53989.378641 54063.296877 30 10 "Minimization exited successfully."
15693 40 0.339893 54035.41519311992 2.354688623745771e-06 5.9999942154100765 1.1994352567355722 0.0 4.228243733450654 4.643159706568811e-07 9.909086786082192 2.0543125551838535 376067.2437678655 26.0 -16.904933098990714 0.13328843358595677 53989.380265 54063.298145 22 18 "Minimization exited successfully."
15696 38 0.169942 54039.81223809178 0.00014432361030704665 4.057095886802413 -0.9930024273381054 0.0 1.7307348597205419 7.838608330161813e-05 2.143291493134435 2.152590361774469 1692082.5466009146 9.0 -19.578562165101324 0.26944846748527596 53989.388378 54063.307015 24 14 "Minimization exited successfully."
15699 40 0.140949 54037.92871829852 0.00017557311614975425 5.999999638063027 -0.9994390127981089 0.0 1.6534597010358993 2.9663140117854863e-05 6.058923165463488 1.7927675869917503 1833726.0242034418 10.0 -19.41933329451402 0.12288116545853711 53989.397288 54063.316293 24 16 "Minimization exited successfully."
15704 20 0.369516 nan nan nan nan 3.9e-05 nan nan nan nan nan nan nan nan nan nan 0 0 "No bands in data overlap the model."
15714 40 0.250344 53967.3560115187 9.607672655806865e-05 -5.999997389332471 -0.6789028635447542 0.0 3.483295269357768 0.0004313756669384883 0.1953122468607904 2.02684007249706 132678.11348303923 7.0 -20.002096578326345 nan 53989.350946 54063.268077 0 40 "Covariance may not be accurate. Covariance not positive definite. Covariance forced positive definite."
15719 40 0.26766 54036.33173822792 1.72872191970741e-05 -2.4263778599787416 0.6838497553569569 0.0 1.0223665967278066 1.495494825672128e-05 1.5488530112662704 0.6069563813134657 3295899.6751033664 22.0 -18.31329157136825 1.5832242935170804 53989.414657 54065.342149 22 18 "Covariance may not be accurate. Covariance not positive definite. Covariance forced positive definite."
15721 20 0.482477 nan nan nan nan 0.000184 nan nan nan nan nan nan nan nan nan nan 0 0 "No bands in data overlap the model."
15727 60 0.10406 54035.65472264291 7.142489006228825e-06 4.647399669693305 1.1171983766373885 0.0 1.097522586787818 2.902412424439782e-06 1.7806618077968785 0.2653187997130435 7795185.418069884 22.0 -15.174920608507446 0.19672074087542057 53974.284187 54063.203242 33 27 "Minimization exited successfully."
15734 22 0.38338 nan nan nan nan 0.005 nan nan nan nan nan nan nan nan nan nan 0 0 "No bands in data overlap the model."
15737 46 0.331493 54018.450913699235 6.982792863303722e-06 -3.1744578095757805 1.1993957259150938 0.0 1.0387599814457644 1.028217238686069e-06 1.120957170313421 2.0220981716314803 1469431.8367224361 33.0 -17.91664340957937 1.7126567857108306 53974.342163 54063.262938 18 28 "Minimization exited successfully."
15740 40 0.316429 54036.15790139518 5.427369499275692e-06 2.254797966295758 0.46037625249472236 0.0 5.4186382223088 1.5332671971392543e-05 7.870463150495102 1.7734738404872368 266048.7361913466 24.0 -17.465150997808166 0.6346949754732059 53989.362381 54063.279492 22 18 "Covariance may not be accurate. Covariance not positive definite. Covariance forced positive definite."
15743 20 0.567436 nan nan nan nan 9.6e-05 nan nan nan nan nan nan nan nan nan nan 0 0 "No bands in data overlap the model."
15746 42 0.275065 54025.78649781972 2.528857130180695e-06 5.999996265278227 1.199859379874031 0.0 1.624149248284084 3.6740372482635415e-07 1.148447443305864 1.8678430177977305 618418.3430355723 34.0 -16.450278751344253 0.13329425311700405 53989.431591 54065.359735 20 22 "Minimization exited successfully."
15748 42 0.155393 54040.5407273782 0.0005644463497262242 -2.8906326539188303 -0.9999389713214534 0.0 0.4266283603392367 2.4172209041236075e-05 0.7712217438631752 1.547509555579004 12325489.608974896 8.0 -20.796040869334057 2.067086261585146 53989.442849 54065.371454 28 14 "Minimization exited successfully."
