analysis_pipeline/fit_results/csp_4_sn91bg_salt2_phase_blue.ecsv
# %ECSV 0.9
# ---
# datatype:
# - {name: obj_id, datatype: string}
# - {name: num_points, datatype: int64}
# - {name: z, datatype: float64}
# - {name: t0, datatype: float64}
# - {name: x0, datatype: float64}
# - {name: x1, datatype: float64}
# - {name: c, datatype: float64}
# - {name: z_err, datatype: float64}
# - {name: t0_err, datatype: float64}
# - {name: x0_err, datatype: float64}
# - {name: x1_err, datatype: float64}
# - {name: c_err, datatype: float64}
# - {name: chi, datatype: float64}
# - {name: dof, datatype: float64}
# - {name: b_max, datatype: float64}
# - {name: delta_15, datatype: float64}
# - {name: tmin, datatype: float64}
# - {name: tmax, datatype: float64}
# - {name: pre_max, datatype: int64}
# - {name: post_max, datatype: int64}
# - {name: message, datatype: string}
# schema: astropy-2.0
obj_id num_points z t0 x0 x1 c z_err t0_err x0_err x1_err c_err chi dof b_max delta_15 tmin tmax pre_max post_max message
2004dt 181 0.0197 235.6079973848173 6.245004513516506e-14 1.0011115941347248 4.896638650109253e-13 0.0 7.073949831237769e-06 0.0 3.6888508414545385e-07 5.28964062665449e-06 111478.41791490524 118.0 -19.746571362278154 1.6704113746646296 249.79 365.62 0 181 "Covariance may not be accurate."
2004ef 167 0.031 267.1106021462199 1.3739009929736312e-14 1.225409153234951 0.3558560491756524 0.0 6.325881031443714e-06 0.0 4.007357001789558e-08 0.0033414765993952933 330189.44421879825 158.0 -18.435599142746707 1.4724270213050517 255.69 329.57 47 120 "Covariance may not be accurate."
2004eo 147 0.0157 277.7876008140179 5.953570969552402e-14 1.2499998894544333 0.5265851808064491 0.0 0.0004606667220627969 4.163336342344337e-17 1.2053033739967134e-06 1.7171624836886945e-05 462248.925726638 137.0 -18.174363827945164 1.456387650345146 266.52 341.54 42 105 "Covariance may not be accurate."
2004ey 111 0.0158 300.9861747589385 5.787037515858628e-14 0.65 0.052041321502869 0.0 59.55321022740961 0.9223871244698343 0.36895479803759623 0.509513192778888 654956.7085408248 103.0 -19.093126291040694 2.260655593206245 295.53 352.55 15 96 "Covariance may not be accurate."
2004gc 80 0.0321 319.35717464941547 2.914335439641036e-14 0.8433397202788907 0.471271507037996 0.0 21.775346564013716 0.9223868628202962 0.442489687707983 0.7034171364369751 53399.70512785702 50.0 -19.090268322908457 1.876497226911006 329.83 397.66 0 80 "Covariance may not be accurate."
2004gs 164 0.0267 340.09395126350967 3.5138558729386205e-14 1.0086006276305692 0.47760441257518127 0.0 5.3008057818715315e-06 0.0 1.6945429237580356e-07 0.0009486955563989818 133842.66960990304 82.0 -18.86980147388444 1.6623334258336335 352.85 461.56 0 164 "Covariance may not be accurate."
2004gu 88 0.0459 342.86004723724034 3.26405569239796e-14 1.231466563438279 0.4554853932388138 0.0 5.462674502609843e-05 4.163336342344337e-17 0.00024841680765175234 4.432003901999604e-05 48730.19503398689 60.0 -20.048100267160017 1.4684120449225944 357.86 410.84 0 88 "Covariance may not be accurate."
2005A 73 0.0191 361.732667857517 2.373101715136272e-14 1.1627566646846716 0.5000845778497552 0.0 nan 0.0 5.233430871487421e-05 8.469475414954464e-05 26686.495230232707 60.0 -17.649598381689543 1.518053156694375 376.65 432.52 0 73 "Covariance may not be accurate."
2005M 209 0.022 381.98877596115113 8.176792576364278e-14 1.2067573988578437 0.01811319975535991 0.0 23.305609010631514 0.9223933855104558 0.4243009515347531 0.5546516564770843 364781.8235053653 133.0 -20.25387418882577 1.4851587747896442 396.77 480.51 0 209 "Covariance may not be accurate."
2005W 77 0.0089 390.31141328448064 2.8652080708013727e-13 1.2496706961328181 0.26173539483928787 0.0 0.003738103310780616 3.3306690738754696e-16 3.5256649546400176e-05 0.00020121836630254686 267881.6269978373 73.0 -19.149512326706553 1.4565935670802936 404.54 429.51 0 77 "Covariance may not be accurate."
2005ag 163 0.0797 426.68763284373586 4.163336342344337e-16 0.721718880476733 0.15136980452147697 0.0 30.240589047577345 0.947897488640294 0.44602133779843633 0.5706630743885608 297848.9803305447 145.0 -17.16735128705084 2.094921622486293 412.82 480.84 54 109 "Covariance may not be accurate."
2005al 140 0.0124 433.03471857870124 1.0849654508149342e-13 0.757675252942247 0.5312163767494005 0.0 0.009951398874221695 0.0 2.1296046585572714e-05 2.9449936626901874e-05 198109.58691737193 120.0 -18.300440825774132 2.0221377007937402 429.76 512.79 16 124 "Covariance may not be accurate."
2005am 137 0.0079 431.3949985031061 3.7536640462576543e-13 0.7619708647900479 0.5265165359488462 0.0 0.01847958921135273 8.326672684688674e-16 4.145922945558711e-05 0.00012557728938378254 410582.6116477827 113.0 -18.669234305164697 2.0139531225801512 432.58 512.46 0 137 "Covariance may not be accurate."
2005be 45 0.035 454.38233047133474 3.2807090377673376e-14 0.9730579917063171 0.5000859590603748 0.0 0.04307878704548784 1.249000902703301e-16 0.003062187613831091 0.0031577115241250286 82393.6306486188 41.0 -19.342457624484933 1.7019470408270827 467.89 491.77 0 45 "Covariance may not be accurate. Covariance not positive definite. Covariance forced positive definite."
2005bg 64 0.0231 456.65556870434517 1.362243651215067e-13 0.9799285515736684 0.49938500453132395 0.0 0.00013429237054651821 0.0 0.0019777491306112727 0.00013494227636118294 224928.98688959618 57.0 -19.96810112935944 1.6940362055267197 471.65 512.61 0 64 "Covariance may not be accurate."
2005bl 41 0.0241 485.0245682221454 7.827072323607354e-15 0.6500000491404272 0.500065575238299 0.0 0.024917374974535278 4.163336342344337e-17 0.33474753248223466 5.432476265981867e-05 50925.48311749153 37.0 -16.958507102259663 2.2606709571110315 476.61 512.57 30 11 "Covariance may not be accurate. Covariance not positive definite. Covariance forced positive definite."
2005bo 36 0.0139 484.10126411196114 2.3064883336587627e-14 1.2056053505368562 0.0004037473966924665 0.0 28.50448619660142 0.9229754297136037 0.42482886460200436 0.623685231983087 19949.198663776864 32.0 -17.897577172459567 1.4859672400343094 478.75 512.76 16 20 "Covariance may not be accurate."
2005el 93 0.0149 647.8126803444213 9.217626661950362e-14 0.8620388398012262 0.45556639682848454 0.0 28.996468076951317 0.9224016975795704 0.4408911287216 0.6993280014876821 184099.79441535834 65.0 -18.681368659294122 1.8485925256716484 639.89 730.75 9 84 "Covariance may not be accurate."
2005eq 99 0.029 653.665103162373 4.3548498140921765e-14 0.6500000000809544 0.49962619920828066 0.0 0.00490827986760678 4.163336342344337e-17 4.689898469578679e-10 2.5780478410397656e-06 235137.34249827545 67.0 -19.23290998575534 2.2606710651679442 650.81 751.66 4 95 "Covariance may not be accurate."
2005gj 81 0.0616 715.5172660910728 1.3905543383430086e-14 0.956424968833684 0.5675347929136476 0.0 0.00018596565666939568 0.0 3.1883259690168586e-06 0.056687836546922 145215.2608563503 59.0 -19.568548562230276 1.721672153265068 698.7 795.54 20 61 "Covariance may not be accurate."
2005hc 79 0.0459 672.1027634128588 1.1324274851176597e-14 1.245551280640246 0.4984685728168262 0.0 26.849600649608703 0.9235989864076185 0.3901194941189084 0.7105290826662212 109139.00175023652 56.0 -18.797726223285906 1.4592436026808002 662.72 755.61 24 55 "Covariance may not be accurate."
2005hj 50 0.0574 680.0376569242231 8.992806499463768e-15 0.6500001529706262 0.32384833000171265 0.0 5.668184820706301e-05 4.163336342344337e-17 8.467886392082846e-10 0.0014313745905144282 90880.74361148302 36.0 -19.413393886278765 2.2606656651177026 671.67 761.57 12 38 "Covariance may not be accurate."
2005hk 89 0.013 662.7181367805125 1.765254609153999e-13 0.7197674245303317 0.5204425501122635 0.0 8.344786749603372e-06 0.0 1.7977594019003007e-07 0.0013898290614973718 427087.8568316871 52.0 -18.950161128645 2.09910030484534 675.61 761.54 0 89 "Covariance may not be accurate."
2005iq 70 0.034 688.9679595799979 2.3148150063434514e-14 0.8065597650801811 0.5009579250822515 0.0 0.027313090305824517 2.498001805406602e-16 0.011351380303931347 0.014250691982808344 130930.25772355449 61.0 -18.897885646115864 1.934844695514581 682.55 755.55 16 54 "Covariance may not be accurate. Covariance not positive definite. Covariance forced positive definite."
2005ir 52 0.0763 668.1155674689103 6.744604874597826e-15 1.235729677149335 0.4274151132670654 0.0 26.348177442673318 0.9225047785808116 0.3272089417360852 0.6914942864152416 47059.48389065504 44.0 -19.548343129227845 1.465612790283636 682.62 728.63 0 52 "Covariance may not be accurate."
2005kc 48 0.0151 705.7384631446523 4.8711035205428743e-14 0.7366477372384977 0.5000065577067933 0.0 0.012335270370158469 0.0 1.6397007731872026e-05 0.7432640301905151 285865.30477754347 40.0 -17.913561379420397 2.063773315219702 687.52 728.54 31 17 "Covariance may not be accurate. Covariance not positive definite. Covariance forced positive definite."
2005ke 145 0.0049 696.0660677123703 1.0633161018347437e-13 1.143322163345156 0.7800537249408621 0.0 28.711108039017063 0.9223898909588035 0.3520835315640926 0.7386430972518389 296664.6070541859 76.0 -15.762641207961906 1.5338688107806213 689.69 819.51 16 129 "Covariance may not be accurate."
2005ki 163 0.0192 705.6620751953967 3.1308289294429414e-14 1.227731955434309 0.0028030883288019393 0.0 29.272315106351527 0.9223868596217988 0.4115580334451778 0.5920360710688555 56370.8894196086 72.0 -18.93581150057452 1.4708701441622907 695.86 861.5 12 151 "Covariance may not be accurate."
2005ku 20 0.0454 722.0949841949183 4.3298697960381105e-15 0.7378968537016002 0.500002190383873 0.0 0.00022492157324904838 4.163336342344337e-17 4.9301047988503655e-06 0.7450989080190226 39066.75760611974 12.0 -17.725519330675144 2.0612256884098734 699.56 729.56 18 2 "Covariance may not be accurate. Covariance not positive definite. Covariance forced positive definite."
2005lu 49 0.032 712.5262598206131 4.013456234019941e-14 0.6500008196556192 0.5000049872750755 0.0 0.14809213363179197 3.7470027081099033e-16 1.6977060400824584e-06 0.00010582319937726958 33077.11087608147 33.0 -19.361994599752915 2.260669021995028 720.63 799.52 0 49 "Covariance may not be accurate. Covariance not positive definite. Covariance forced positive definite."
2005mc 52 0.0252 727.9359815764748 3.530509218307998e-14 0.6500000000490672 0.5604877096288627 0.0 3.327400378339007e-05 0.0 1.2602419108276308e-11 0.0019149532767846478 43160.78108028523 48.0 -18.59321980920568 2.2606712808155827 736.79 773.62 0 52 "Covariance may not be accurate."
2005na 91 0.0263 742.7513252580737 4.08006961549745e-14 0.6500026041449195 0.49984213552497564 0.0 0.010272858921609895 0.0 7.893321107843576e-09 3.003437874654624e-06 185625.3695612558 74.0 -18.944979963980508 2.2606645344385683 738.71 834.54 12 79 "Covariance may not be accurate."
2006D 147 0.0085 762.0530208717972 1.3897216710745397e-13 1.217374669622141 0.7321993747374667 0.0 0.0292203269597735 2.914335439641036e-16 0.0009226713527299424 0.0007441951838953464 304400.78761337226 94.0 -17.347018254915938 1.4778438079076892 751.84 891.61 15 132 "Covariance may not be accurate."
2006X 124 0.0052 782.0879511025919 1.1723955140041653e-13 1.0909951256106245 0.507285748508385 0.0 28.917438436001305 0.9333021054026519 0.4438195165285893 0.7166242012531505 369689.93588112283 76.0 -16.52415964630159 1.5801570183273181 775.68 906.46 10 114 "Covariance may not be accurate."
2006ax 90 0.0167 822.5229578862346 1.154909501366319e-13 0.6500000080015882 0.5000133863607533 0.0 1.9926679158288607e-05 4.163336342344337e-17 6.559480736356704e-11 0.24286557343439358 534812.5918356089 80.0 -19.072212192844333 2.260671060261874 815.64 891.5 16 74 "Covariance may not be accurate. Covariance not positive definite. Covariance forced positive definite."
2006bd 21 0.0257 808.5963151924802 1.4155343563970746e-14 0.8107290818468166 0.4977889404029303 0.0 26.824391714750448 0.9225027368074641 0.4438543501855079 0.7099068702635054 2589.328691260245 12.0 -17.749578411953536 1.9279540024555217 823.7 872.57 0 21 "Covariance may not be accurate."
2006bh 73 0.0109 816.4755574266959 7.154277170684509e-13 0.9892700385251549 0.901303852432267 0.0 0.05755545202146095 2.498001805406602e-16 0.0004308491712778362 8.275683854003235e-05 393701.2732518144 49.0 -19.358003192481895 1.6834837368810014 831.9 891.79 0 73 "Covariance may not be accurate."
2006br 23 0.0246 843.1474210190885 1.4988010832439613e-14 0.6792619238306887 0.3878132724398073 0.0 0.000608904051148329 0.0 8.131195095018029e-06 0.013546858478970553 1328.541161335465 19.0 -17.956298014271553 2.1899317425534335 858.69 890.61 0 23 "Covariance may not be accurate."
2006bt 39 0.0322 838.8323712177961 3.788636071533347e-14 0.9876279703638706 0.05690962945124811 0.0 25.295624844851886 0.9223870511446001 0.41683069962594493 0.6996084309213115 48495.16252466621 29.0 -20.19786607331708 1.6853109899980065 853.76 891.71 0 39 "Covariance may not be accurate."
2006dd 141 0.0059 913.6452767150945 1.9749202273544597e-12 0.6500611859298637 0.5054369170915224 0.0 0.014181781864635923 1.8110513089197866e-14 4.654928314634654e-05 0.0005754428119076338 7.748740605335224 -3.0 -19.86870772821068 2.2605174592503516 906.94 1147.57 1 140 "Covariance may not be accurate."
2006ef 36 0.0179 980.3638407939995 0.00019908225754311504 0.9124767662407929 0.002623857932329887 0.0 20.0 0.75 0.3 0.5 3.4675101191879414e+25 26.0 -43.290128120899496 1.777745162664214 979.9 1040.71 4 32 "Minimization exited successfully."
2006ej 43 0.0205 982.2897340221772 1.6486811915683575e-14 1.2450326027152165 0.02015698027394275 0.0 28.914526781607208 0.9223868846285969 0.3906875440699172 0.551162651357491 13830.25793995894 33.0 -18.356124443150744 1.4595643453845142 979.74 1046.74 7 36 "Covariance may not be accurate."
2006eq 36 0.0495 983.0563763449431 3.247402347028583e-15 0.7544334335950161 0.464421957018193 0.0 0.009103895107330118 0.0 0.13461630526949925 0.00018897112141755268 2014.5192232418926 32.0 -17.691992643519598 2.0283837078406677 981.64 1018.51 4 32 "Covariance may not be accurate."
2006et 85 0.0226 967.6370594700049 1.9667600881234648e-13 0.6500134894946543 0.07898387751962765 0.0 0.0014496902381324617 2.0816681711721685e-16 2.9046189457482274e-05 0.0017869590187141182 143382.75241701156 43.0 -21.162995452682665 2.260622612104884 983.64 1099.54 0 85 "Covariance may not be accurate."
2006ev 29 0.0287 980.5988678148127 3.197442310920451e-14 0.940187849866596 0.5000521976533524 0.0 3.0493718071429043 0.0 7.473005008956646e-05 0.00010281847018064894 30438.19175041253 23.0 -18.87341285832285 1.7417302114144633 994.59 1038.53 0 29 "Covariance may not be accurate."
2006fw 25 0.0835 1015.5614034895966 1.4988010832439613e-15 1.2134008468759663 0.39874942408706315 0.0 29.600685763085664 0.9231753453641744 0.3001262516529796 0.682960268782207 39403.559809760874 21.0 -18.181220469152166 1.4805584909441336 1001.75 1039.73 14 11 "Covariance may not be accurate."
2006gj 52 0.0284 1002.1106379636591 1.2073675392798577e-14 0.9127623395083893 0.8383302810669842 0.0 0.03662682602669065 4.163336342344337e-17 6.326499502185001e-05 7.629756952687305e-05 11997.180971199976 33.0 -17.154814344929118 1.7773762180013613 998.83 1096.59 8 44 "Covariance may not be accurate."
2006gt 39 0.0448 1004.422585628491 4.3298697960381105e-15 1.1877348361583793 0.48597411299177923 0.0 1.3668748326884383 0.0 0.0004033305239705687 4.024162695037692e-05 9521.156062331334 31.0 -17.72979955326641 1.4988861197981365 1001.67 1076.62 8 31 "Covariance may not be accurate."
2006hb 89 0.0153 1002.667730213439 1.180722186688854e-13 0.673166465673134 0.4967362840876382 0.0 29.586224990528706 0.922739469581487 0.31508856364205773 0.7097624936522708 100118.65764689395 41.0 -18.911812424019786 2.2042654520438596 1007.88 1143.59 0 89 "Covariance may not be accurate."
2006hx 31 0.0455 1019.0892949002475 6.827871601444713e-15 0.8665944414838852 0.007409939425599865 0.0 28.724395751572843 0.9225278493905239 0.44041527291933025 0.649407186055033 10592.225792079484 26.0 -19.19139575333573 1.8419272617059512 1012.66 1080.59 8 23 "Covariance may not be accurate."
2006is 96 0.031 998.6358624581098 6.478151348687788e-14 1.1761063753267 0.4991664133989355 0.0 21.928739823467026 0.9223870952009108 0.33098389753700125 0.7101759896520332 142310.91076278075 34.0 -19.813328888144827 1.5076459364097943 1008.9 1125.67 0 96 "Covariance may not be accurate."
2006kf 62 0.0213 1045.5687827453055 1.2073675392798577e-14 0.6500000001603288 0.0003755662698378126 0.0 1.2745954336423893e-06 0.0 1.7605583657598345e-11 0.0001120252427003754 203654.11758842727 51.0 -18.133954744010087 2.2606540763054106 1036.81 1127.64 16 46 "Covariance may not be accurate."
2006lu 80 0.0534 1046.7715237812909 5.495603971894525e-15 1.033662719269778 0.4041314867600526 0.0 28.620363249057732 0.9224234419074158 0.401983383986288 0.6844400209421897 26162.585134121797 47.0 -18.563806082836948 1.6361043516703724 1040.84 1137.75 9 71 "Covariance may not be accurate."
