analysis_pipeline/fit_results/csp_4_sn91bg_color_interpolation_blue.ecsv
# %ECSV 0.9
# ---
# datatype:
# - {name: obj_id, datatype: string}
# - {name: num_points, datatype: int64}
# - {name: z, datatype: float64}
# - {name: t0, datatype: float64}
# - {name: x0, datatype: float64}
# - {name: x1, datatype: float64}
# - {name: c, datatype: float64}
# - {name: z_err, datatype: float64}
# - {name: t0_err, datatype: float64}
# - {name: x0_err, datatype: float64}
# - {name: x1_err, datatype: float64}
# - {name: c_err, datatype: float64}
# - {name: chi, datatype: float64}
# - {name: dof, datatype: float64}
# - {name: b_max, datatype: float64}
# - {name: delta_15, datatype: float64}
# - {name: tmin, datatype: float64}
# - {name: tmax, datatype: float64}
# - {name: pre_max, datatype: int64}
# - {name: post_max, datatype: int64}
# - {name: message, datatype: string}
# schema: astropy-2.0
obj_id num_points z t0 x0 x1 c z_err t0_err x0_err x1_err c_err chi dof b_max delta_15 tmin tmax pre_max post_max message
[from data line 54]
2006ob 25 0.0592 1068.4348363894485 4.413136522884997e-15 0.9178601413684027 0.5000894371242263 0.0 0.040703121735191417 0.0 0.015894541242456484 0.01460782893301199 18483.17182916577 21.0 -18.34421181947794 1.7714434995688393 1060.65 1121.57 8 17 "Covariance may not be accurate. Covariance not positive definite. Covariance forced positive definite."
2006os 40 0.0328 1072.345241332264 4.9960036108132044e-15 0.6500000000001805 0.0768779799810706 0.0 29.119189983408205 0.9223869143833892 0.36895464185505605 0.7093394751356281 51828.26622429559 36.0 -18.00445082680627 2.2623415435174543 1065.63 1121.61 11 29 "Covariance may not be accurate."
2006ot 43 0.0531 1058.2436007112844 1.1407541578023483e-14 1.1878862777998442 0.48758067392521354 0.0 24.75990577003006 0.9223954145073658 0.3222245549002723 0.7074519133443792 18484.4232705506 39.0 -19.160004794956947 1.4992447990991664 1065.68 1119.57 0 43 "Covariance may not be accurate."
2006py 21 0.0579 1054.5496263293392 4.08006961549745e-14 0.6979076732240546 0.4608811877574125 0.0 22.499024709500418 0.9223868468144903 0.4263695260287272 0.700731648480411 12767.41493630266 17.0 -20.801509304384467 2.1486664886812434 1069.54 1087.54 0 21 "Covariance may not be accurate."
2007A 27 0.0177 1114.846936872376 7.252531908363835e-14 0.6500000003098516 0.5000135219698332 0.0 5.3400015190163685e-05 4.163336342344337e-17 3.976602380717509e-11 0.27331606544447373 92719.84035353891 23.0 -18.695020951287837 2.2623564652988577 1108.54 1133.53 11 16 "Covariance may not be accurate. Covariance not positive definite. Covariance forced positive definite."
2007N 65 0.0129 1134.79863505962 3.4139358007223564e-15 0.797607511018131 0.04232015818451623 0.0 9.205094704611838e-05 0.0 1.1659619076898053e-06 0.0037367020760023795 118675.38541287737 61.0 -15.59139013269304 1.9510216226190842 1123.82 1213.67 20 45 "Covariance may not be accurate."
2007S 65 0.0139 1143.3820033496174 6.986078382453798e-14 1.238507592725244 0.4939894314167744 0.0 29.366595779560157 0.9223880190827808 0.4009144435839372 0.7089716627920121 41584.66966751612 61.0 -18.138032134273068 1.4642151820481555 1133.84 1246.54 8 57 "Covariance may not be accurate."
2007af 102 0.0055 1173.705637594307 3.936018178052336e-13 0.8872307983965204 0.06800870390955277 0.0 4.4830703700426966e-05 0.0 7.004737236360192e-07 0.0007172972390366295 88136.71981851441 98.0 -18.83832829649406 1.8133352912207457 1165.8 1256.69 18 84 "Covariance may not be accurate."
2007ai 52 0.0317 1152.9224203213741 4.596323321948148e-14 0.7655471802165024 0.4841653610117694 0.0 25.13507107907128 0.9223868666624262 0.44194035663993086 0.7066227811211622 26210.870299293874 48.0 -19.52674194536707 2.0084514707405674 1172.89 1259.7 0 52 "Covariance may not be accurate."
2007al 48 0.0122 1174.4367098970297 6.661338147750939e-15 1.23193473437182 0.3994975642148099 0.0 28.509997540853306 0.953381825744313 0.3216636242784056 0.6904927441362168 17949.50995579818 44.0 -15.509144316127077 1.4685200773434737 1170.77 1246.58 4 44 "Covariance may not be accurate."
2007as 65 0.0176 1161.7814499063347 1.614541833561134e-13 0.7760456344823503 0.5148306851023375 0.0 21.462176438951246 0.9223885548616173 0.36285183711967794 0.7136847681359607 198090.7898708445 61.0 -19.527858596953855 1.9890528177966775 1181.7 1259.49 0 65 "Covariance may not be accurate."
2007ax 40 0.0069 1189.6740317934045 2.881028748902281e-14 0.6500253896218131 0.29343909211073327 0.0 28.443065046711013 0.9223872089366423 0.3673071794571741 0.7390548065391294 24835.77068761868 36.0 -16.04739138990185 2.2622868544839747 1185.56 1246.46 4 36 "Covariance may not be accurate."
2007ba 56 0.0385 1193.9370214817084 5.995204332975845e-15 1.2040989989082804 0.4087130437092151 0.0 28.01348612574384 0.9274234368861207 0.4255031818438401 0.6873196592436202 25271.7654184125 52.0 -17.914775786500012 1.48748957675798 1190.83 1255.61 4 52 "Covariance may not be accurate."
2007bc 47 0.0208 1186.0271840269024 1.4555023852835802e-13 0.7191106794337965 0.4363289363795811 0.0 0.021784474359265005 0.0 0.0009959898904718933 0.0019011655084706647 151174.805080062 43.0 -19.95387981913656 2.1019276827604614 1197.65 1259.53 0 47 "Covariance may not be accurate."
2007bd 44 0.0309 1204.357942754094 1.890154699424329e-14 0.6500000139662867 2.5199086645000257e-05 0.0 3.706883967424801e-05 0.0 1.7325380019528325e-10 3.1167360962508495e-05 83497.3226073261 40.0 -19.444810038317954 2.262339121803741 1197.53 1259.46 8 36 "Covariance may not be accurate."
2007bm 35 0.0062 1213.674615526842 6.52145004664817e-13 0.7671701085660129 0.5233932161703362 0.0 0.02218319624250853 4.163336342344337e-17 0.00048512450539200946 0.0003138327234405991 255317.76238571928 31.0 -18.745020372320624 2.0054134996432342 1224.67 1259.56 0 35 "Covariance may not be accurate."
2007ca 44 0.0141 1224.054134320668 3.8719027983802334e-14 1.0635414794231264 0.49874549813712094 0.0 28.820533633150944 0.9279625545992403 0.4429289613042629 0.7124104180350087 219509.21449712967 40.0 -17.516958042494192 1.6069413050097445 1218.68 1259.63 4 40 "Covariance may not be accurate."
2007cg 22 0.0332 1220.6379343588617 1.4738210651898953e-14 1.0596691176994464 0.49999134554320435 0.0 0.000207984503276748 0.0 0.008621767521383661 1.7348166416353283e-05 2174.453398511329 18.0 -18.356239447432166 1.6107247822267325 1235.63 1259.59 0 22 "Covariance may not be accurate."
2007hj 93 0.0141 1348.992157353004 4.413136522884997e-14 1.1347430516145933 0.4314247972993496 0.0 27.076225328229725 0.9223868425756092 0.3569855666328416 0.6926179986691734 67444.3034931525 89.0 -17.813393985126922 1.5416364246700063 1348.76 1440.53 4 89 "Covariance may not be accurate."
2007hx 41 0.0794 1367.3075358452215 7.494005416219807e-16 1.2314446115704873 0.04213188972435705 0.0 0.00010326787980829977 0.0 5.700690371979178e-07 0.047455161436089965 33394.05346667606 37.0 -17.997600838466667 1.4688330090397272 1354.78 1411.73 22 19 "Covariance may not be accurate."
2007if 67 0.0742 1340.8082214875935 2.955968803064479e-14 0.7256696122261674 0.4151558215947572 0.0 24.068240609861732 0.9223868622141782 0.43536773875109847 0.6878157131132868 50375.77278633996 63.0 -21.11458052675024 2.0879542108334803 1357.77 1443.6 0 67 "Covariance may not be accurate."
2007jd 46 0.0726 1370.2805083341448 8.326672684688674e-17 0.6500000385450775 0.029915580864912583 0.0 0.00030176559903338784 0.0 2.1655984228097225e-09 0.054524101515862844 71336.54261761079 42.0 -15.427484069990598 2.262339922058217 1362.83 1403.81 21 25 "Covariance may not be accurate."
2007jg 57 0.0371 1371.892650914751 7.327471962526033e-15 0.6500000029932274 1.309929772430607e-07 0.0 3.5400153478803986e-05 0.0 7.24607596147564e-11 3.2654096967260626e-05 174535.4200106907 53.0 -18.82312919478982 2.2623391487253706 1363.82 1423.7 15 42 "Covariance may not be accurate."
2007jh 25 0.0408 1357.6253392588696 8.326672684688674e-15 0.6500000375152811 0.4996436796673452 0.0 0.04205795356278941 0.0 1.2079873157322396e-08 3.717158558486089e-06 9857.51625644119 21.0 -18.19705448991153 2.262356357129871 1363.86 1395.86 0 25 "Covariance may not be accurate."
2007le 94 0.0067 1377.3872179350647 1.0171863351615684e-12 0.7542582658238265 0.36988193717082607 0.0 0.02642736649966082 8.326672684688674e-17 0.0007620365522096328 0.0010078912432106568 211655.78500706545 90.0 -19.716055679035367 2.029998298273382 1392.6 1470.55 0 94 "Covariance may not be accurate."
2007mm 22 0.0664 1374.1563071803585 4.413136522884997e-15 0.980942460503219 0.4997628816900779 0.0 20.908919522762744 0.9224910975091699 0.4184577623053065 0.7103579068705251 7126.5703233455115 18.0 -18.605382321564896 1.693612516012447 1385.72 1418.69 0 22 "Covariance may not be accurate."
2007nq 75 0.045 1403.4666505762223 5.412337245047638e-15 0.8999709155809195 0.09561956242541275 0.0 28.59544890519487 0.9223893808591199 0.4129540994965256 0.5307779989163082 11938.196175167457 71.0 -18.763965604554247 1.7956065140368267 1397.65 1476.56 7 68 "Covariance may not be accurate."
2007ol 24 0.0559 1394.9397105586497 2.7478019859472624e-14 0.9788696529983405 0.38553177825558427 0.0 17.960716207798214 0.9223868653740274 0.4189993060628377 0.6784704092356032 15825.81292534106 20.0 -20.45161507169078 1.6959804144759545 1409.79 1422.66 0 24 "Covariance may not be accurate."
2007on 104 0.043500000000000004 1418.5444958173614 3.446409824192642e-13 1.0904014485177627 0.10609717916475603 0.0 28.97788864903214 0.9223866657218314 0.37927336509663917 0.5390323343943577 100972.71171674221 100.0 -23.178575194344837 1.5812950698568873 1411.79 1508.61 10 94 "Covariance may not be accurate."
2007so 27 0.0297 1454.3057389707913 6.411537967210279e-15 0.6791205152438715 0.47624399090010877 0.0 0.0036599270265469386 0.0 0.02776110038454721 0.002769538973190433 19313.00376213215 23.0 -17.26207837307699 2.191824050183648 1449.68 1469.55 8 19 "Covariance may not be accurate."
2007sr 103 0.043500000000000004 1451.9047230181868 1.2883027977750316e-12 0.7761848652451251 0.5257220143911312 0.0 25.909491880593123 0.9242468902031797 0.3629255375575159 0.7168555496772111 247757.68486743962 99.0 -23.772227889983764 1.9887995862528012 1455.76 1578.72 0 103 "Covariance may not be accurate."
2007st 44 0.043500000000000004 1460.7011106319674 7.327471962526033e-14 0.6500000034682665 0.5000549608804533 0.0 0.0320002555300789 5.412337245047638e-16 9.335687165545892e-07 0.006726784299230737 27913.031430433522 40.0 -20.700770045619784 2.262356457485648 1458.66 1493.55 4 40 "Covariance may not be accurate. Covariance not positive definite. Covariance forced positive definite."
2007ux 63 0.043500000000000004 1474.321724041658 1.199040866595169e-14 0.7904524128296002 0.5125871741741055 0.0 27.773605606680803 0.9228556504531745 0.443763945281946 0.7134024956001219 148879.23940267676 59.0 -18.71554783690306 1.9633885245302167 1466.86 1558.61 18 45 "Covariance may not be accurate."
2008C 48 0.043500000000000004 1454.8158190530523 2.1907475833415901e-13 0.6579100562187314 0.48171708183413664 0.0 24.39300882919906 0.9223871920190947 0.3959387035302649 0.7060271232856551 36162.994867674395 44.0 -21.934219126396698 2.2426747456869762 1469.81 1552.5 0 48 "Minimization exited successfully."
2008J 38 0.0159 1469.5472698447666 1.2390088954816747e-13 1.0645988943835003 0.49603809666103 0.0 24.36876829447317 0.9223988416348621 0.39030816227034054 0.709455740662342 30066.85205005634 34.0 -19.05037637565019 1.6059120372754858 1484.54 1515.52 0 38 "Covariance may not be accurate."
2008O 50 0.043500000000000004 1506.3442234991826 2.6645352591003757e-15 1.2428418118176079 0.4926367215316957 0.0 0.01131892145394886 0.0 nan 3.610607442289249e-05 107262.64451565644 46.0 -17.120570784146157 1.461401259375176 1490.64 1571.48 24 26 "Covariance may not be accurate."
2008R 43 0.043500000000000004 1482.8929947283275 1.6286971771251046e-13 0.747967817935215 0.32506662007624015 0.0 28.810229799610397 1.026071629950869 0.3325909632232342 0.7902953858090165 180435.14503097866 39.0 -21.931970995681958 2.0423283537273385 1493.63 1532.52 0 43 "Covariance may not be accurate."
2008ae 30 0.03 1514.558016501271 6.494804694057166e-15 0.6500000000016019 0.5000735160219473 0.0 0.0072581414156047686 4.163336342344337e-17 0.012782526359123136 0.012377295759545631 9044.849905992716 26.0 -17.24111084033996 2.2623564662700453 1508.74 1597.56 6 24 "Covariance may not be accurate. Covariance not positive definite. Covariance forced positive definite."
2008ar 62 0.043500000000000004 1532.3464151650476 4.912736883966318e-14 0.9010744934543937 0.5001440116025305 0.0 0.00046908404340229026 0.0 0.058404123349903914 2.6202490980453685e-05 84350.39934249874 58.0 -20.26655330809527 1.794101905059044 1527.79 1606.6 4 58 "Covariance may not be accurate."
2008bc 104 0.043500000000000004 1554.2329238415984 5.012656956182582e-14 1.1584816624167589 0.40999720848218524 0.0 29.528223278830637 0.9223870662205819 0.4386815550895383 0.6862446589856122 497479.67847217433 100.0 -20.490979777149064 1.5219731689628233 1541.67 1646.46 35 69 "Minimization exited successfully."
2008bd 31 0.043500000000000004 1531.2817861644792 3.913536161803677e-15 0.9426312219236728 0.08103771952552546 0.0 21.815787433536343 0.9223880959452576 0.42448893896788825 0.7111145198068622 300.2904886157363 27.0 -18.36225486638798 1.7394572274150164 1541.7 1592.62 0 31 "Covariance may not be accurate."
2008bf 101 0.043500000000000004 1532.9499010853149 2.5646151868841116e-13 0.651531418926746 0.5128098093745148 0.0 1.953218725248007e-05 0.0 8.845160393011753e-08 0.0011582130227533183 380476.79040720937 97.0 -22.040660958360448 2.2585113691618037 1547.73 1646.49 0 101 "Covariance may not be accurate."
2008bi 35 0.043500000000000004 1554.4094365959404 3.247402347028583e-15 0.6500350965291675 0.012509139145300885 0.0 6.824979698194511e-05 0.0 1.5998040614473297e-08 0.018407594631799 19973.678342133924 31.0 -18.275569679637417 2.262251193271805 1551.52 1595.52 8 27 "Covariance may not be accurate."
2008bq 64 0.043500000000000004 1547.4992284148188 6.419864639894968e-14 0.779435016793752 0.4126835583334678 0.0 24.339760703183288 0.9223870814017245 0.36463102114455037 0.6870659132000017 182802.29029996257 60.0 -20.754100607445665 1.9829146646517657 1562.49 1606.46 0 64 "Covariance may not be accurate."
2008bt 49 0.0154 1576.1744985830892 1.4488410471358293e-14 0.65000000000011 0.14756901973975828 0.0 3.3219162219211285e-05 0.0 4.382050278195493e-13 0.0010607166343629126 50958.3316894336 45.0 -17.356885121699666 2.2623443365615366 1571.61 1651.47 12 37 "Covariance may not be accurate."
2008bz 44 0.043500000000000004 1565.8212133917466 2.955968803064479e-14 0.6503404118140639 0.2597400363096311 0.0 0.009966211462824504 0.0 0.00013326133692859177 0.0006750625969022539 43537.36512051737 40.0 -20.188847816834546 2.261493928063672 1580.72 1651.52 0 44 "Covariance may not be accurate."
2008cc 81 0.043500000000000004 1570.2557487241704 3.4122704661854186e-13 0.9187604617680709 0.5010302686990648 0.0 0.021244537711822886 4.163336342344337e-17 1.816933148718336e-05 1.9990585514384485e-05 154822.89069087367 77.0 -22.369456079503756 1.7702502682004706 1582.86 1654.86 0 81 "Covariance may not be accurate."
2008cd 14 0.043500000000000004 1582.8758130456251 1.0075273948473296e-14 0.8550164104091743 0.4958129763657647 0.0 15.998685682429937 0.9241122261129654 0.4415592302190062 0.7101226689095217 932.4898964082067 10.0 -18.55691179335974 1.8599224569809465 1587.74 1595.73 0 14 "Covariance may not be accurate."
2008cf 45 0.046 1600.845768892189 1.482147737874584e-14 0.8210267921708788 0.49992626017809183 0.0 28.397239441174975 0.9226437092462982 0.44370915079273066 0.710460741417702 67433.3183643956 41.0 -19.091219752129188 1.9123085469277328 1595.77 1654.65 12 33 "Covariance may not be accurate."
2008ff 86 0.043500000000000004 1709.5362727429917 4.038436252074007e-14 1.1812064224329426 0.16089080592865712 0.0 0.0005121299362826903 4.163336342344337e-17 0.0004815029268600002 8.06306577242899e-05 34235.61809692507 82.0 -20.743579453400418 1.5042396565551215 1724.53 1790.57 0 86 "Covariance may not be accurate."
2008fl 89 0.043500000000000004 1712.6549733839663 1.074140776324839e-13 0.7090948713030092 0.4995847099718507 0.0 0.00024627486095596396 4.163336342344337e-17 0.000666876761810764 1.170986883625158e-06 153577.1938371696 85.0 -21.117150165848592 2.123722424922109 1724.49 1789.53 0 89 "Covariance may not be accurate."
2008fp 115 0.043500000000000004 1732.4308752548584 2.153277556260491e-13 1.211197245643792 0.3584338555624685 0.0 28.939334023333004 0.9223873358721415 0.4221226805392128 0.6692210711978595 96604.84321357483 111.0 -22.174481323082375 1.4825168301676026 1724.84 1820.73 18 97 "Covariance may not be accurate."
