analysis_pipeline/fit_results/csp_4_sn91bg_color_interpolation_blue.ecsv
# %ECSV 0.9
# ---
# datatype:
# - {name: obj_id, datatype: string}
# - {name: num_points, datatype: int64}
# - {name: z, datatype: float64}
# - {name: t0, datatype: float64}
# - {name: x0, datatype: float64}
# - {name: x1, datatype: float64}
# - {name: c, datatype: float64}
# - {name: z_err, datatype: float64}
# - {name: t0_err, datatype: float64}
# - {name: x0_err, datatype: float64}
# - {name: x1_err, datatype: float64}
# - {name: c_err, datatype: float64}
# - {name: chi, datatype: float64}
# - {name: dof, datatype: float64}
# - {name: b_max, datatype: float64}
# - {name: delta_15, datatype: float64}
# - {name: tmin, datatype: float64}
# - {name: tmax, datatype: float64}
# - {name: pre_max, datatype: int64}
# - {name: post_max, datatype: int64}
# - {name: message, datatype: string}
# schema: astropy-2.0
obj_id num_points z t0 x0 x1 c z_err t0_err x0_err x1_err c_err chi dof b_max delta_15 tmin tmax pre_max post_max message
[from data line 105]
2008fp 115 0.043750000000000004 1732.1982678027362 2.7228219678931964e-13 1.147136043692221 0.5007258826621374 0.0 0.0002705861998038017 4.163336342344337e-17 0.0006297033806946795 1.352290114814414e-05 81699.48683201215 111.0 -22.13771965571504 1.5312291964237552 1724.84 1820.73 18 97 "Covariance may not be accurate."
2008fr 68 0.043750000000000004 1732.0757181838028 3.314015728506092e-14 0.8287771080790296 0.4809273521282983 0.0 29.513535016359242 0.9223875398986374 0.4433205632558059 0.7058312224873962 39427.82674921344 64.0 -19.89834100274622 1.9000090529290645 1740.72 1807.57 0 68 "Covariance may not be accurate."
2008fu 45 0.043750000000000004 1725.7490784965044 1.9317880628477724e-14 0.6500000058298966 0.18757977010898652 0.0 28.540138854556517 0.930063565136916 0.37200019157210157 0.7360548013633407 12896.126734210558 41.0 -19.899523727404397 2.2623462515050434 1740.75 1817.67 0 45 "Covariance may not be accurate."
2008fw 92 0.043750000000000004 1726.0040080613974 3.2424063434177697e-13 1.1343539353165715 0.5030129876000825 0.0 0.0003401273930876414 4.163336342344337e-17 0.0005102502415715859 2.271560262728789e-05 228916.27248423945 88.0 -22.32372806420083 1.541970133082124 1740.89 1827.81 0 92 "Covariance may not be accurate."
2008gg 96 0.043750000000000004 1743.2158338502604 6.120104423246175e-14 0.6924331932905039 0.23320367884102267 0.0 0.002155598640911194 0.0 0.001126919771190893 3.855555652426679e-05 96052.43708395648 92.0 -21.04802265413675 2.1610777422596215 1753.63 1827.57 0 96 "Covariance may not be accurate."
2008gl 79 0.043750000000000004 1773.923369124922 9.076073226310655e-15 1.2356523766383507 0.0679125142932887 0.0 29.045597967425238 0.9223869018412298 0.32708967795155935 0.7051710458123792 114569.08128365754 75.0 -19.31159728458418 1.466067888853967 1765.7 1844.55 20 59 "Covariance may not be accurate."
2008go 24 0.043750000000000004 1749.7547120475404 1.3239409568654992e-14 1.2016467472075747 0.47232531995359384 0.0 17.587951323443917 1.0733182285723246 0.48936413225169495 0.7353045022442752 51623.334502107726 20.0 -18.9223106862695 1.489233330813068 1765.61 1776.58 0 24 "Covariance may not be accurate."
2008gp 73 0.043750000000000004 1778.6634893866112 1.3655743202889425e-14 1.1700704572236298 0.046184077378146005 0.0 29.286187261158602 0.9223868907098844 0.43636465905536126 0.5160037389311489 50637.08498055577 69.0 -19.792454012535128 1.512787013119386 1768.75 1814.69 14 59 "Covariance may not be accurate."
2008ha 50 0.043750000000000004 1767.348915322773 2.930988785010413e-14 0.7614359678034708 0.5000820286214298 0.0 nan 0.0 5.731853430246403e-05 9.776407425129974e-05 21306.541605366587 46.0 -19.718721681770358 2.0162155929131096 1781.55 1810.55 0 50 "Covariance may not be accurate."
2008hj 62 0.043750000000000004 1784.9743323237237 7.28583859910259e-14 0.7435532815599001 0.4638064342701361 0.0 22.39136293253796 0.9223868117245657 0.4390327863910839 0.7014969617315867 265378.12568354007 58.0 -20.79346446043758 2.051127584915477 1795.56 1834.55 0 62 "Covariance may not be accurate."
2008hu 45 0.043750000000000004 1799.7157720798732 1.6237011735142914e-14 0.8947159266040426 0.5080090749585342 0.0 0.028568908711804397 4.163336342344337e-17 0.0028509013673406747 0.003219083774559983 56370.339594084726 41.0 -19.06489229087691 1.8028818885703188 1806.76 1840.68 0 45 "Covariance may not be accurate. Covariance not positive definite. Covariance forced positive definite."
2008hv 93 0.043750000000000004 1817.7531627870783 1.8693380177126073e-13 0.7180960334982301 0.50007936832388 0.0 2.8188372994009114e-05 4.163336342344337e-17 2.78136573439447e-07 0.26601143041485126 499094.7407517346 85.0 -21.730410042586907 2.1041127686302588 1806.79 1884.68 19 74 "Covariance may not be accurate. Covariance not positive definite. Covariance forced positive definite."
2008ia 57 0.043750000000000004 1796.697285783899 5.08759701034478e-14 1.249980152913614 0.3544486545789181 0.0 20.549961752462764 0.9223870671239757 0.37040208358985355 0.7347122872094536 99978.56137194499 53.0 -20.62828013862637 1.4568026213107004 1809.77 1858.76 0 57 "Covariance may not be accurate."
2009D 83 0.043750000000000004 1846.287354126632 2.881028748902281e-14 1.2426056817498154 0.025223388319689122 0.0 29.461768655818332 0.9223868676198891 0.3394041739002968 0.5431544426292514 206429.16409715795 79.0 -20.637853732428674 1.4615409481707076 1834.67 1884.53 36 47 "Covariance may not be accurate."
2009F 57 0.043750000000000004 1847.47498699307 8.1601392309949e-15 1.1870038826682703 0.0048191404468787 0.0 29.262551093044976 0.922386940142139 0.4318598962675825 0.6429539844073533 130582.48505135764 53.0 -19.301083554882013 1.499886675742431 1837.75 1884.63 28 29 "Covariance may not be accurate."
2009I 18 0.043750000000000004 1848.907355889545 7.577272143066693e-15 0.6500000003841335 0.3362517844416227 0.0 6.630360758208553e-05 0.0 5.415962123223039e-11 0.0031052156330471925 26507.949061645493 14.0 -18.594044294642547 2.26235160796875 1848.58 1867.58 4 14 "Covariance may not be accurate."
2009J 23 0.043750000000000004 1837.4058081059882 4.413136522884997e-15 0.8253106117194653 0.0007906809128845893 0.0 27.780093239465145 0.9799039339233024 0.44346170692169246 0.6400673869575835 2219.6377525000457 19.0 -18.640078840439593 1.9054671246251615 1848.7 1867.68 0 23 "Covariance may not be accurate."
2009P 53 0.043750000000000004 1855.714604616329 6.644684802381562e-14 0.6508297521862705 0.3111277513767864 0.0 20.502148854528286 0.9223870837023178 0.3781469978677901 0.6513701429838961 28063.706746375425 49.0 -20.995761567971428 2.2602655793720707 1867.74 1931.61 0 53 "Covariance may not be accurate."
2009Y 116 0.043750000000000004 1877.3035665200778 2.66869859544272e-13 1.2130903663506607 0.6282391616677847 0.0 0.008991293645181031 2.914335439641036e-16 0.0005042526415159898 0.0007661435648703696 320328.73234142986 112.0 -21.893582494436316 1.4812118861012546 1869.84 1976.65 18 98 "Minimization exited successfully."
2009aa 82 0.043750000000000004 1881.2983759957356 1.990074771640593e-14 0.78812890685833 0.17595028193088663 0.0 29.576580400138596 0.9243402014832306 0.4443173454740724 0.5857242737197178 345166.131315847 74.0 -19.956675060875952 1.9674454742584153 1869.68 1938.65 32 50 "Covariance may not be accurate."
2009ab 40 0.043750000000000004 1891.6778604795848 7.019385073192552e-14 1.1984898091142089 0.5106574098761972 0.0 5.5029048212418274e-05 0.0 6.106566943220315e-07 0.0021601411659671887 393150.495516245 36.0 -20.65014614893888 1.4914956222265037 1874.57 1911.51 24 16 "Covariance may not be accurate."
2009ad 48 0.043750000000000004 1892.2821993051011 1.6819878823071122e-14 1.2499892215631783 0.04463646613386252 0.0 29.576077412977043 0.9223869048252988 0.37002229947211324 0.5177812041163433 214109.38743585534 44.0 -20.02133217045593 1.4567874182806797 1878.6 1915.45 24 24 "Covariance may not be accurate."
2009ag 72 0.043750000000000004 1889.7945652267456 1.8351986597053838e-13 0.699733122514829 0.5059027393481935 0.0 28.799167276145454 0.9223956971304056 0.3120761799261128 0.7117138702817131 213314.2771183427 68.0 -21.70118606209279 2.1445567851854683 1888.59 1937.5 4 68 "Covariance may not be accurate."
2009al 55 0.043750000000000004 1877.7750686772015 9.192646643896296e-14 1.0310261739952922 0.49983820480692126 0.0 0.045336829942812074 8.326672684688674e-17 0.0020202610535378085 0.00018501794631275992 78781.21578589235 51.0 -20.960316639053 1.6394667405480554 1897.7 1947.57 0 55 "Minimization exited successfully."
2009cz 32 0.043750000000000004 1952.4002599264634 8.526512829121202e-14 0.6504105970632248 0.44379583843976406 0.0 1.6981036765173485e-05 0.0 1.5212922810370344e-08 0.0012114248088738733 152663.02467677186 20.0 -21.00894652486584 2.261321793189442 1937.53 1966.46 20 12 "Covariance may not be accurate."
2009dc 40 0.043750000000000004 1923.810379759572 2.8993474288085963e-13 0.7313747862116711 0.0003539652425926798 0.0 2.484657932200207e-05 2.914335439641036e-16 4.019053201076428e-06 5.938104282174339e-05 115860.03858521549 36.0 -23.184649448824942 2.075986712049172 1942.81 1976.68 0 40 "Covariance may not be accurate."
2009ds 36 0.043750000000000004 1939.6960854735898 2.003397447936095e-13 0.8612794772753748 0.10291237122297509 0.0 23.34323506616954 0.9227948246713493 0.40018252785772157 0.7193930144537747 89891.73983527326 32.0 -22.6083321873444 1.8506509055992382 1956.68 1976.62 0 36 "Covariance may not be accurate."
2009le 36 0.043750000000000004 2142.503219502863 7.577272143066693e-14 1.114932225908633 0.03516549993713397 0.0 17.23377527343291 0.9223868089974218 0.44334348368117493 0.5293432292760526 269767.9173738951 32.0 -21.671390651668673 1.5588971301067804 2155.62 2169.58 0 36 "Covariance may not be accurate."
2010ae 5 0.043750000000000004 2260.565273259411 6.161737786669619e-15 0.8946918709452706 0.42965509220144865 0.0 27.62270210108136 0.9223869104483059 0.41134610297493296 0.692108091720805 156.70114211668835 1.0 -18.18682433726232 1.8029133865630662 2271.53 2305.53 0 5 "Covariance may not be accurate."
