analysis_pipeline/fit_results/csp_5_sn91bg_color_interpolation_all.ecsv
# %ECSV 0.9
# ---
# datatype:
# - {name: obj_id, datatype: string}
# - {name: num_points, datatype: int64}
# - {name: z, datatype: float64}
# - {name: t0, datatype: float64}
# - {name: x0, datatype: float64}
# - {name: x1, datatype: float64}
# - {name: c, datatype: float64}
# - {name: z_err, datatype: float64}
# - {name: t0_err, datatype: float64}
# - {name: x0_err, datatype: float64}
# - {name: x1_err, datatype: float64}
# - {name: c_err, datatype: float64}
# - {name: chi, datatype: float64}
# - {name: dof, datatype: float64}
# - {name: b_max, datatype: float64}
# - {name: delta_15, datatype: float64}
# - {name: tmin, datatype: float64}
# - {name: tmax, datatype: float64}
# - {name: pre_max, datatype: int64}
# - {name: post_max, datatype: int64}
# - {name: message, datatype: string}
# schema: astropy-2.0
obj_id num_points z t0 x0 x1 c z_err t0_err x0_err x1_err c_err chi dof b_max delta_15 tmin tmax pre_max post_max message
2004dt 269 0.0839992537348346 263.60546460916424 1.9567680809018384e-14 1.1635321088511938 0.3199773637337139 0.0004296450483522382 0.0013389532883536504 0.0 0.00010598372446335436 9.573833105744334e-05 1074962.3914755094 264.0 -21.132099744027272 1.5179382275690791 249.79 365.62 72 197 "Covariance may not be accurate."
2004ef 278 0.005032180749268218 261.9595256445772 9.159339953157541e-15 1.114681144603642 0.045010080745741254 0.05377722139478707 29.376556207683294 0.9640745962309942 0.4602533155160983 0.5362363209927624 362398.7973190014 262.0 -14.600983700810112 1.5591211349318037 255.69 329.57 41 237 "Covariance may not be accurate."
2004eo 269 0.0035000013557136677 273.946359902428 6.544764730165298e-14 0.6500000012160352 0.5000092035644262 3.0058269241683977e-12 5.790117313608789e-06 0.0 7.775946553323365e-12 0.1867212610489277 3614580.6282594325 231.0 -15.04017772968754 2.262356463004357 266.52 341.54 63 206 "Covariance may not be accurate. Covariance not positive definite. Covariance forced positive definite."
2004ey 213 0.0035036031125873332 280.5361929405292 1.557087792036782e-13 0.6537063547864029 0.16795267229710453 0.04946491769060063 24.480311197413073 0.9259746644780509 0.3495983064229755 0.5809603970188499 1703148.9442270896 180.0 -16.658448133233957 2.2530687392056485 295.53 358.55 0 213 "Covariance may not be accurate."
2004gc 134 0.020760295915080537 336.41552776316246 5.578870698741412e-15 1.2367813788445203 0.029077049006167033 0.048814747578859535 28.752663871307192 0.9223869124588984 0.4029709834674326 0.6789344105528698 208269.16205155774 129.0 -17.192909190300877 1.465328394857849 329.83 397.66 25 109 "Covariance may not be accurate."
2004gs 299 0.01708369324573891 346.95491649157975 8.1601392309949e-15 1.2172663729253723 0.00958166553064882 0.0001618209665120076 0.01267897696780551 0.0 0.0001187384448361195 8.39489800533999e-05 148923.9040671898 272.0 -17.208024397598308 1.4783353005009268 352.85 461.56 0 299 "Covariance may not be accurate."
2004gu 156 0.08255895300859645 344.9060618630193 1.4488410471358293e-14 0.8047421831030958 0.00028945120743012476 1.4245944535140609e-08 1.174278284565844e-05 0.0 3.500652104859725e-07 0.0010191149391914622 201923.14168320125 146.0 -21.370896207038516 1.9389530967852409 357.86 410.84 0 156 "Covariance may not be accurate."
2005A 182 0.010920157927026363 372.0719119663782 1.8485213360008856e-14 1.069361865458977 0.49380667976214676 0.0036189469576679636 0.007465614332090809 0.0 0.0005045574354094473 0.00038346697567340216 297611.5150085019 148.0 -16.166037106420514 1.6012967284349813 376.65 433.53 0 182 "Covariance may not be accurate."
2005M 381 0.0035061431097648576 387.99717749485166 6.711298183859071e-14 0.6500000216382765 0.10102890971967826 0.049204172288549355 22.93585651979552 0.9223868173189411 0.36900278785478946 0.5350926608388593 1201660.9809475793 335.0 -15.877371318670832 2.2623423677988725 396.77 480.51 0 381 "Covariance may not be accurate."
2005W 117 0.003500002575436319 422.3157959463994 8.776313009661862e-14 0.6500000002658329 0.055746505948074065 0.04949692782195068 29.386497492730086 0.9224157507718886 0.3689716752476435 0.5055812850367603 649292.3949582597 83.0 -16.24532497533506 2.2623408289280285 404.54 429.51 91 26 "Covariance may not be accurate."
2005ag 208 0.08399998988369796 426.6430492047333 8.326672684688674e-17 0.7981350516540422 0.006877704690028907 8.774605347872111e-11 5.543934844354226e-05 0.0 7.956647413154272e-07 0.014816811147424336 477741.02612783446 194.0 -15.79884759768061 1.9501199632170234 412.82 480.84 69 139 "Covariance may not be accurate."
2005al 238 0.015132667861142873 423.70623032870685 9.675593659608239e-14 0.7367511076766933 0.444547014668624 6.793310024653075e-05 0.0014441255326858027 8.326672684688674e-17 2.9966529953129317e-05 0.0001808729409007448 936505.4014481275 213.0 -18.792505984314865 2.0649109596393824 429.76 512.79 0 238 "Covariance may not be accurate."
2005am 203 0.07389699034902311 417.61180010310613 2.2756796447254146e-13 1.2201493906392926 0.0005053649202070298 0.05839977870333239 25.06401711492188 0.9223875793998251 0.41698219372238227 0.6053525905648428 686359.6202716115 185.0 -24.1068973965659 1.4763770618649978 432.58 512.46 0 203 "Covariance may not be accurate."
2005be 68 0.05026838017089331 457.55933353643593 1.199040866595169e-14 0.6500000002069929 0.0007275652055109272 2.657682997980748e-08 8.440868100478838e-06 0.0 7.457034989499789e-12 0.00012257231651965905 210464.13457098417 63.0 -20.03736040942277 2.262339175827652 467.89 491.77 0 68 "Covariance may not be accurate."
2005bg 95 0.0035121493326531034 457.7380617605259 4.987676938128516e-14 0.7003137940468337 0.16198889584662463 0.04908272165528376 21.609256288346018 0.9223870658945579 0.31257932205529104 0.5773244574846357 472817.5765792816 90.0 -15.44006413410484 2.1432417272446145 471.65 512.61 0 95 "Covariance may not be accurate."
2005bl 64 0.08399989980477462 486.3352818316848 5.828670879282072e-15 1.1932442391435742 0.49958392464078827 0.04953928923253173 29.26261814467506 0.9223882327720148 0.4297869724783479 0.7102727386399891 32478.66985866965 59.0 -19.445363668092444 1.495299659049941 476.61 512.57 45 19 "Covariance may not be accurate."
2005bo 54 0.0035000087527161 482.8724386570737 3.1807889655510735e-14 0.6500005678235358 0.026464673456686183 0.04949032422892684 28.204914360284533 0.9223874965911102 0.3687094761108553 0.6763751389259048 64964.39385093589 49.0 -15.192437032749815 2.2623384866475185 478.75 512.76 24 30 "Covariance may not be accurate."
2005el 236 0.0035112514190942827 642.2556669646099 3.988476215965875e-14 1.2492292252139023 0.17498250896469425 0.04909846685493461 27.735902330675742 0.9223868883796822 0.35973551070528803 0.5851544154372812 432555.2287030802 138.0 -15.169693175908147 1.4572788296434993 639.89 730.75 16 220 "Covariance may not be accurate."
2005eq 211 0.0035209117436154004 662.2685309803123 6.5780714209040525e-15 0.8003281600619072 0.34488921043333953 2.8120868777884236e-08 0.057741771219298244 0.0 5.91298184809963e-06 9.985252879429751e-06 555712.5500533909 143.0 -12.88695847289965 1.9464010185125034 647.8 751.66 42 169 "Covariance may not be accurate."
2005gj 227 0.08399999997431284 692.0018511821226 1.0658141036401503e-14 0.67464739029676 0.5000478692343828 0.04986246004528663 29.513986872670557 0.9291255329124701 0.31498971696212097 0.7131970205398395 403620.52360334917 163.0 -20.099543038957062 2.202342261032584 698.7 1016.76 0 227 "Covariance may not be accurate."
2005hc 163 0.0035329172132663464 686.4042533677549 3.747002708109903e-15 0.8074144266772878 0.2597587147862054 5.925550559341547e-09 1.1826451043361885e-05 0.0 9.611782427199067e-07 0.0024658159024555926 293708.07212797366 89.0 -12.428646574351799 1.934505728896724 661.67 755.61 89 74 "Covariance may not be accurate."
2005hj 102 0.0035000138817372563 680.5136810335945 6.827871601444713e-15 0.6500000753049998 0.6418545943046932 5.5349494518935893e-11 3.328092486754031e-05 0.0 3.5215191873660956e-10 0.03788339590422929 176955.38367650122 77.0 -12.336025557475121 2.262356858403056 671.67 761.57 32 70 "Covariance may not be accurate."
2005hk 245 0.08152274616578811 665.6626364928923 4.554689958524705e-14 0.6500000010340382 0.031172334036587368 0.06134227841637403 20.77260159511212 1.0348273138665487 0.4139187856831606 0.5346428655454322 1516986.7540653488 163.0 -22.53570917090409 2.2623400544163417 675.61 761.54 0 245 "Covariance may not be accurate."
2005iq 154 0.06287477703060768 667.55450428566 1.6653345369377348e-14 1.2498524709027667 0.015286689165432188 0.05075601127177134 24.422720806352913 0.9225904108006898 0.36504259957970314 0.5597906370523049 421273.0787917508 125.0 -20.876542046477624 1.456874315881656 682.55 755.55 0 154 "Covariance may not be accurate."
2005ir 65 0.08347250275608492 688.6359540815561 5.995204332975845e-15 0.650000000033475 0.999999988076061 4.972140074666065e-08 7.888607808581583e-05 0.0 3.3743563498944695e-11 7.422560851449989e-05 103669.70038925564 60.0 -18.482278249797027 2.2623533458477247 682.62 740.53 23 42 "Covariance may not be accurate."
2005kc 125 0.08219356186455604 705.9350341434003 5.687117443642364e-14 0.6701682138639405 0.9999039350702235 9.072516786445828e-09 1.1293453269445308e-05 0.0 8.229348752442078e-08 0.03549139136842672 1144788.2370774657 71.0 -20.88977204750259 2.212974483616968 687.52 728.54 83 42 "Covariance may not be accurate."
2005ke 367 0.08188615395268563 698.2423707630224 1.3139489496438728e-13 0.8504422514850888 0.5116068821934769 0.054501470400499616 29.121814125119897 0.923520018926621 0.44195094239141486 0.7134796248439863 445291.4463808223 265.0 -22.74988081854335 1.8667553353073494 689.69 819.51 54 313 "Covariance may not be accurate."
2005ki 310 0.0035247013938495553 692.306562325006 3.780309398848658e-14 1.061524553913015 0.6599654002529023 6.2272010885496e-09 0.00017563112157858995 0.0 1.2232063111294877e-06 0.019389941981336645 891301.0462971199 249.0 -14.172911713795035 1.6089096175255477 695.86 861.5 0 310 "Covariance may not be accurate."
2005ku 37 0.07899823529381308 684.777933781963 1.7319479184152442e-14 0.6500000018465447 0.49994164558446247 0.04032332959770732 23.308052994095704 0.9224152884786135 0.36898014778730137 0.710366623004293 42806.73635303911 32.0 -20.486000920400667 2.262356459011965 699.56 739.53 0 37 "Covariance may not be accurate."
2005lu 88 0.003500000564675806 707.8909077771399 1.7236212457305555e-14 0.6625476098186234 0.0023990142615804566 2.7833313995598297e-11 4.4597944054203253e-05 0.0 3.544316551917781e-07 0.000524375611698602 38625.86508788843 78.0 -14.565917219679896 2.2313161148751703 719.66 799.52 0 88 "Covariance may not be accurate."
2005mc 83 0.07995624002955136 723.3013021096184 2.506328478091291e-14 0.6653175087546115 0.13470024897424127 1.264767976738579e-07 5.484100677222159e-05 0.0 6.807360366511972e-07 0.020531092368302306 100908.8291155927 78.0 -21.656839032748028 2.224609755522298 736.79 773.62 0 83 "Covariance may not be accurate."
2005na 170 0.0035006391716666347 736.2285802939174 3.505529200253932e-14 0.6531334623193406 0.4909716320871586 4.870025695647567e-10 3.9876553330486786e-05 0.0 9.308640880334451e-08 nan 649147.6200865 145.0 -14.384823165978077 2.2545068457610924 738.71 834.54 0 170 "Covariance may not be accurate."
2006D 298 0.003500005071062921 751.8919993733292 1.0749734435933078e-13 0.8747488818024193 0.15018492281872836 0.04949295834962637 27.015839638668638 0.9223871202495315 0.4394817809578464 0.5699041454442598 728424.1765080227 229.0 -16.2903043396349 1.8310847606877072 751.84 891.61 2 296 "Covariance may not be accurate."
2006X 312 0.08399913733465417 785.2729581684887 1.8876566976189224e-13 1.1125632136953687 0.5000036297262631 0.04775044306125236 0.0031611557295150305 7.077671781985373e-16 0.0015194739136524804 0.0023375000826469094 505401.04853642476 225.0 -23.220193055204135 1.5610261785031643 775.68 906.46 46 266 "Covariance may not be accurate. Covariance not positive definite. Covariance forced positive definite."
2006ax 236 0.0035054012811312906 840.4260457960147 2.864375403532904e-14 0.6527121559810104 0.006151242673736512 1.2220250078780887e-09 5.437654351680976e-06 0.0 7.482975938888359e-08 0.004570751847620846 860368.2491586312 108.0 -15.114798100374369 2.255541438213019 815.64 891.5 118 118 "Covariance may not be accurate."
2006bd 52 0.08398946642420793 820.5376171516828 3.4139358007223564e-15 1.2488693494308465 0.4998486686545977 0.04990671715490404 26.190754714296418 0.9227597858272345 0.37979990426150995 0.7104924150382097 7707.228367245074 36.0 -18.863638879402124 1.4575182757796625 822.75 872.57 0 52 "Covariance may not be accurate."
2006bh 175 0.003500554204914451 817.7474968378081 2.738642645994105e-13 0.8007745028216298 0.3861817928855029 0.0494124551670373 20.375667044614374 0.9223866812057449 0.44379722851343856 0.6786839183460713 921275.0444366987 109.0 -16.84475857546265 1.9456456097018826 829.91 891.79 0 175 "Covariance may not be accurate."
2006br 64 0.003505426910631893 842.1416653547532 1.5404344466674047e-14 0.6504734416916231 0.7235858861086341 2.684649429464869e-05 0.013645018602801429 0.0 7.20702730147571e-05 0.0022355308858123535 9326.370230406612 38.0 -13.047245223683735 2.261166945416072 855.66 891.66 0 64 "Covariance may not be accurate."
2006bt 88 0.0035447538086913247 838.8579284058982 2.1149748619109232e-14 1.2496956143215454 0.5142563395000561 1.3095549838329024e-05 0.0018390427479744176 0.0 7.131026961926246e-06 0.0002419342429820226 198516.4291863622 56.0 -13.818695763769316 1.4569884276876621 853.76 891.71 0 88 "Covariance may not be accurate."
2006dd 217 0.08399972040084332 896.7057248130931 2.4780177909633494e-13 0.7924469374529134 0.00038780409652666714 4.1831370312106486e-10 3.612957129917049e-05 4.163336342344337e-17 7.121129267928517e-07 9.65607195382856e-05 996552.4766188881 212.0 -24.493198303706265 1.959904079530622 906.94 1147.57 0 217 "Covariance may not be accurate."
2006ef 56 0.04860413238114726 995.6998899896189 8.076872504148014e-15 0.6500004060670789 0.09883841025345291 6.873604876944661e-08 2.8884863866096566e-05 0.0 8.495180114920231e-10 0.0015419443637094687 145879.55444870444 39.0 -19.365754467905674 2.262341317729433 979.9 1040.71 17 39 "Covariance may not be accurate."
2006ej 64 0.003835970363472581 967.6772848570537 9.66726698692355e-14 0.6632385958559022 0.44781372734485736 0.0003348799774488176 0.007766712315969926 4.163336342344337e-17 9.169453491636448e-05 0.0004572099354377135 83423.35461180632 49.0 -15.785184895863601 2.2296524297082456 979.74 1046.74 0 64 "Covariance may not be accurate."
2006eq 98 0.08399998761941077 999.5399414455547 4.996003610813204e-16 1.2176791169307404 0.5003185342306016 0.04952488566875806 22.804289981147008 0.9230718405826785 0.4188400337578508 0.7107338251148978 72576.16485037036 77.0 -16.776469530621114 1.4780679407552562 980.56 1029.51 55 43 "Covariance may not be accurate."
2006et 236 0.0035034396737465942 971.8745277384281 7.169265181516948e-14 0.6500195015005696 4.679384657535479e-11 8.316053939222412e-10 1.933395896003276e-05 0.0 5.40727879139169e-09 4.600425537348851e-06 536066.6238447591 130.0 -16.119422684418915 2.262290082911461 982.63 1099.54 0 236 "Covariance may not be accurate."
2006ev 116 0.08206865661009008 979.1570753177987 2.19824158875781e-14 0.6528396411692564 1.7432539785589007e-05 0.060110211766673985 24.791945267948506 1.0227350789493397 0.38825227160884257 0.6166772800198213 121518.95800729707 68.0 -21.81028425009573 2.2552230496888406 993.59 1039.52 0 116 "Covariance may not be accurate."
2006fw 31 0.08399999501800534 1010.5741044548041 1.6653345369377348e-16 0.6654267232311011 0.12691740242839067 0.050496668920084295 29.522001841452607 0.9407692250433967 0.3310271740721174 0.5543019363326782 69610.46500764809 26.0 -16.34138967807874 2.224345788665609 1001.75 1039.73 12 19 "Covariance may not be accurate."
2006gj 122 0.0839996229581375 1019.8236645625451 2.4980018054066022e-15 0.9858756182975839 0.5000289438582798 1.2663542575674924e-09 8.728339400931873e-05 0.0 2.16339844077984e-06 0.2703491706799588 147630.97838281843 95.0 -18.52434083429851 1.68801679278927 998.83 1096.59 48 74 "Covariance may not be accurate. Covariance not positive definite. Covariance forced positive definite."
2006gt 93 0.08399978745237804 1004.2470658597161 1.2490009027033011e-15 1.1279459717267353 0.48681856818899905 1.5650799201072374e-07 0.2836499106931569 0.0 0.0010982780602497577 1.4366135538901315e-05 100051.04926882149 76.0 -17.80391155193451 1.547477752983177 1001.67 1076.62 16 77 "Covariance may not be accurate."
2006hb 190 0.08359236104558662 992.0748056613792 5.562217353372034e-14 0.7554180452681443 0.20022441505401867 0.0471193025950397 23.40617272163837 0.9247818271362427 0.3511880243360953 0.5994618795288659 457751.1332728688 158.0 -22.48795411976287 2.027745382090707 1006.87 1143.59 0 190 "Covariance may not be accurate."
