analysis_pipeline/fit_results/csp_5_sn91bg_salt2_phase_red.ecsv
# %ECSV 0.9
# ---
# datatype:
# - {name: obj_id, datatype: string}
# - {name: num_points, datatype: int64}
# - {name: z, datatype: float64}
# - {name: t0, datatype: float64}
# - {name: x0, datatype: float64}
# - {name: x1, datatype: float64}
# - {name: c, datatype: float64}
# - {name: z_err, datatype: float64}
# - {name: t0_err, datatype: float64}
# - {name: x0_err, datatype: float64}
# - {name: x1_err, datatype: float64}
# - {name: c_err, datatype: float64}
# - {name: chi, datatype: float64}
# - {name: dof, datatype: float64}
# - {name: b_max, datatype: float64}
# - {name: delta_15, datatype: float64}
# - {name: tmin, datatype: float64}
# - {name: tmax, datatype: float64}
# - {name: pre_max, datatype: int64}
# - {name: post_max, datatype: int64}
# - {name: message, datatype: string}
# schema: astropy-2.0
obj_id num_points z t0 x0 x1 c z_err t0_err x0_err x1_err c_err chi dof b_max delta_15 tmin tmax pre_max post_max message
[from data line 50]
2006is 80 0.0020011993629434795 993.9095576477151 4.846123502488808e-14 0.6530333640181913 0.1600350592044324 0.050906427797294054 24.855249985378464 0.922399634203324 0.38616695907892606 0.7323986499138306 59285.95603817043 12.0 -14.188832913312721 2.2530759184639653 1009.86 1125.67 0 80 "Covariance may not be accurate."
2006kf 118 0.0020188670816798054 1040.65830988153 1.1407541578023483e-14 0.7922362703429054 0.029070003980594616 0.051435542688536603 28.38500213317485 0.9394698951181379 0.45073042053861845 0.6789276984874947 35790.712650407266 33.0 -12.877478164460538 1.9591345067002095 1036.81 1127.64 20 98 "Covariance may not be accurate."
2006lu 48 0.002146657748622654 1037.011704433449 3.247402347028583e-15 1.2441352676893076 0.998088517129514 5.4163437500629776e-06 0.0071314667607111915 0.0 0.00019192284922853187 0.00021193641176608935 35171.747110949465 23.0 -9.742015631164652 1.4601525168423706 1040.84 1137.75 0 48 "Covariance may not be accurate."
2006mr 118 0.0020156159343093154 1059.4806264115714 3.0059288391726113e-14 1.155651358074987 0.2305908939523018 3.2663564352624144e-08 0.0006427068331049668 0.0 6.122927851293092e-06 0.026534522467008298 111400.91654453352 40.0 -13.530591379649152 1.523738415045358 1045.86 1147.57 31 87 "Covariance may not be accurate."
2006ob 38 0.002015569291296361 1045.9205661239678 7.577272143066693e-15 0.8008113211987254 0.49861094045453164 1.9005549066301863e-07 0.00027498876011122775 0.0 0.10075193373469987 7.480259186609661e-05 8082.2726784592915 12.0 -11.501789543629812 1.9444793452112492 1060.65 1121.57 0 38 "Covariance may not be accurate."
2006os 66 0.0020000225211694402 1069.624906062235 4.746203430272544e-15 1.2415988114746535 0.5003207114516615 0.07147770398518624 29.646153130530138 1.292115727546109 0.39668529588344953 0.7240345819199976 10443.364266343564 24.0 -10.973103253564556 1.4617958321818314 1063.65 1133.56 14 52 "Covariance may not be accurate."
2006ot 75 0.002049569456484046 1059.1532067609817 6.161737786669619e-15 0.6500061555859187 0.50002183298072 8.856869231077535e-14 0.04564288258859506 0.0 8.393286066166183e-14 2.1839252628552686e-11 26404.2970689295 23.0 -11.310182137773221 2.2606556224752445 1063.72 1131.63 0 75 "Covariance may not be accurate."
2006py 14 0.002000007571264755 1056.4142058588518 8.493206138382448e-15 0.9482958598888374 0.5000306385627132 3.124731345325628e-07 0.07399217167665029 4.163336342344337e-17 0.006944632096763437 0.0003949835647996669 7993.899572517134 9.0 -11.60535576997545 1.7316153357697956 1069.54 1091.54 0 14 "Covariance may not be accurate. Covariance not positive definite. Covariance forced positive definite."
2007A 49 0.0020004654853864015 1098.1801053706854 5.770384170489251e-14 0.7753382379637942 0.494441579788241 0.05112241051190841 22.562935322450016 0.9224063567842238 0.4427685563596627 0.7090853931274093 55057.461476399476 13.0 -13.699882498724474 1.989144771107668 1107.53 1133.53 0 49 "Covariance may not be accurate."
2007N 100 0.002000020363187977 1132.240291129591 6.661338147750939e-16 0.7767909240452378 0.0038633444250240623 5.077267796731871e-10 0.00023207783635825763 0.0 3.0245865225708712e-06 0.004988967635189023 205996.40230447645 34.0 -9.813679401673816 1.9864922249016637 1123.82 1213.67 33 67 "Covariance may not be accurate."
2007S 127 0.002005522556277781 1140.278883947201 3.530509218307998e-14 0.921775317623817 0.0014900222095396431 7.278437651409356e-09 0.00016147109886333055 0.0 3.1918392950358587e-06 0.019066634337918692 78583.64124943633 26.0 -14.134098579601119 1.7654082716074448 1132.77 1246.54 22 105 "Covariance may not be accurate."
2007af 205 0.002000170870999256 1183.0832044339813 1.851852005074761e-13 1.2390849644057838 0.500096027000514 1.7422931623909538e-09 0.00029478137685146066 8.326672684688674e-17 1.173621677952319e-06 0.3863756750697307 259499.3503596891 53.0 -14.951768371114728 1.463427028955003 1162.76 1257.72 81 124 "Covariance may not be accurate. Covariance not positive definite. Covariance forced positive definite."
2007ai 59 0.0020212397835398153 1153.9911069518403 2.3564483697668948e-14 0.6948412755021424 0.6621753407765177 0.0504767767276988 21.575956096061077 0.9223870299276355 0.307734403482695 0.7362717714104814 20912.83126880551 21.0 -12.445114201221067 2.154098734001085 1167.88 1259.7 0 59 "Covariance may not be accurate."
2007al 72 0.0020047996394761134 1162.588029345506 1.8235413179468196e-14 1.017029858624399 0.5002205963610277 2.4500415111209078e-06 0.10293322110089775 8.326672684688674e-17 0.0057454614304537355 0.0006913022238972666 7754.87810732422 17.0 -12.439871716074084 1.6533725166957254 1170.77 1246.58 0 72 "Covariance may not be accurate. Covariance not positive definite. Covariance forced positive definite."
2007as 88 0.0020000401785020883 1165.6771400025252 8.6014528832834e-14 0.6810006668418219 0.46523882730372745 0.05647139010555546 21.01254355755441 1.0210687558119635 0.4177085828072817 0.7270619296889886 62949.99902050944 13.0 -14.201860099010705 2.1858797739917932 1175.59 1259.49 0 88 "Covariance may not be accurate."
2007ax 57 0.0020006488004789226 1169.683957076995 5.3790305543088834e-14 1.1691926069234035 0.39767264096374033 0.051136229775460465 25.53848095605656 0.9223870704046568 0.4365598189517687 0.6823956751057285 29477.513957120438 9.0 -13.837510733764741 1.5129864260865347 1184.55 1248.47 0 57 "Covariance may not be accurate."
2007ba 68 0.0020164539870483962 1205.9576244817563 2.6645352591003757e-15 1.087864674921073 0.015584558178950714 3.6216865250933775e-08 0.0005366749124959824 0.0 8.203936889383812e-06 0.012943429107432125 15544.984028611247 23.0 -11.31790450352182 1.583068924267998 1190.83 1254.75 35 33 "Covariance may not be accurate."
2007bc 64 0.002008063006083214 1181.6500614383215 5.112577028398846e-14 0.9133546000776771 0.11443161599054552 3.3374620812213346e-09 2.022892431341461e-07 4.163336342344337e-17 1.2132816205046026e-06 0.0023165711034854597 34218.001692985454 17.0 -14.344126570373971 1.7765732452935783 1196.65 1259.53 0 64 "Covariance may not be accurate."
2007bd 66 0.002014440464524242 1204.790768335921 3.83026943495679e-15 1.0119760302838223 2.4576677609078335e-05 1.1646096919953539e-08 0.00020275884980947012 0.0 3.1055064031448865e-06 4.2205679542661745e-05 76490.74373500526 20.0 -11.734539421128279 1.6587136397545699 1197.53 1259.46 16 50 "Covariance may not be accurate."
2007bm 50 0.009080476421223335 1209.8075267175902 2.1332935418172383e-13 1.2292221017160336 0.2524172932760066 nan nan 4.163336342344337e-17 0.00029706531168227635 nan 60001.08315542222 12.0 -18.88797388218717 1.4698909455777223 1217.57 1278.52 0 50 "Covariance may not be accurate."
2007ca 73 0.0020038929607041453 1221.322279386032 4.0217829067046296e-14 0.6500007055441885 0.500052128373926 8.778211303033315e-09 0.00010936018315987894 0.0 1.0234446234935746e-08 0.25181258087132763 218555.30238581018 23.0 -13.29790470857499 2.260669308696226 1217.65 1275.65 8 65 "Covariance may not be accurate. Covariance not positive definite. Covariance forced positive definite."
2007cg 23 0.08069033649492699 1231.0539950857838 3.83026943495679e-15 0.6938069803558278 0.0009714817970770118 0.05779869380853102 24.65491669677624 0.922387524195518 0.306786756990627 0.6015939651077375 16559.52394131117 18.0 -19.872788863068692 2.156429290314801 1235.63 1259.59 0 23 "Covariance may not be accurate."
2007hj 173 0.0020158672353838545 1364.0733080688253 1.3905543383430086e-14 1.1969557931613575 0.5002710987230486 8.273547597676886e-09 0.0001012509243309978 0.0 1.2151965219642236e-06 0.1760713872381603 462625.22162931296 51.0 -12.157447455723087 1.4921435540651231 1348.76 1440.53 44 129 "Covariance may not be accurate. Covariance not positive definite. Covariance forced positive definite."
2007hx 14 0.0020000122449739333 1359.6426800109452 9.992007221626409e-16 0.6500000001050863 0.06609904363290153 6.560447633925659e-09 0.004225644884741087 0.0 6.357829429592954e-09 0.5432580253426852 2632.059521428178 8.0 -10.150556781626065 2.260656049077827 1354.78 1411.73 2 12 "Covariance may not be accurate."
2007if 25 0.0020040132556729175 1368.2776093040777 6.494804694057166e-15 0.6500008101075636 0.7906111341491832 2.9897636967491856e-08 0.0006537716012644523 0.0 3.653277569348745e-08 0.009343922211300704 40038.309039390886 12.0 -10.763477136476055 2.260669740923781 1357.77 1443.6 10 15 "Covariance may not be accurate."
2007jd 17 0.002005294377900446 1351.3253996463964 9.159339953157541e-16 0.6500194282503433 0.5138635882279388 0.051745638944319904 28.546174498452046 0.9404002548830781 0.37466925254807176 0.721047056827642 3992.7418757247456 10.0 -9.171062905722899 2.2606223358442428 1362.83 1409.83 0 17 "Covariance may not be accurate."
2007jg 56 0.0020000060895834218 1369.3050987714507 4.413136522884997e-15 0.6500000000004632 0.01665256808720067 0.05604658990022499 29.711631047484047 1.0130840703196293 0.4052333920636484 0.6649368649318637 41866.18483926183 27.0 -11.846177383247202 2.260654529337348 1363.82 1425.78 15 41 "Covariance may not be accurate."
2007jh 20 0.05429920865082744 1370.0647347227864 2.9976021664879227e-15 0.6500460605991004 0.3917020202527348 0.0006488029171363881 0.016471403190735145 0.0 4.1395090523754785e-05 0.0005094027344442753 8641.602589672944 14.0 -17.968301818988834 2.260551943939028 1363.86 1413.8 5 15 "Covariance may not be accurate."
2007le 148 0.002000296299861628 1376.0250302581212 4.961031585537512e-13 0.812965489382922 0.11712368332698819 2.6175180801047554e-09 0.00015819083000678802 8.326672684688674e-17 4.416147890207167e-06 0.002372435762917041 88815.97921644946 19.0 -16.79793158920152 1.9242790726613421 1388.57 1470.55 0 148 "Covariance may not be accurate."
2007mm 17 0.002000827337352395 1370.7484781123712 3.3306690738754696e-16 0.6576665590138631 8.348580724515386e-07 7.823331346461238e-09 3.195309250259015e-05 0.0 2.01432526319989e-06 0.0004297786419724947 26521.83316658782 12.0 -9.068079154274308 2.241611202155976 1385.72 1418.69 0 17 "Covariance may not be accurate."
2007nq 99 0.002000104046958419 1403.3043290236722 3.247402347028583e-15 1.241800358973335 0.5134557334019646 2.1743603809392525e-08 0.13898758757807173 0.0 1.141853667274706e-05 6.990413189089661e-05 17176.806766588146 35.0 -10.540268647112011 1.4616653447119141 1397.65 1476.56 12 87 "Covariance may not be accurate."
2007ol 7 0.0849999996730395 1398.2096426786736 6.494804694057166e-15 0.7560802986464611 0.02407561340730846 0.05189208570284868 15.263155628880668 0.9378495279781974 0.4477483807615005 0.6738829236179638 483.1131655611334 2.0 -20.52857718385227 2.025188391317446 1409.79 1422.66 0 7 "Covariance may not be accurate."
2007on 204 0.008588240956021877 1415.875018323438 3.4064417953061366e-13 1.224587329888614 0.5547569359557645 0.042766249131891906 28.53947367314629 0.9277786000101629 0.41395452305213204 0.7243336350857486 94281.99006006078 43.0 -18.699123458858196 1.4729795400097068 1410.73 1508.61 20 184 "Covariance may not be accurate."
2007so 39 0.0020007294350941267 1447.7500384881437 9.492406860545088e-15 0.6500000000443772 0.5000293078493888 4.4126856016510514e-07 0.15169025488967236 0.0 3.772637114929367e-07 1.9452366978256475e-05 31185.29426547579 16.0 -11.726898787909896 2.260671080292383 1449.68 1494.53 0 39 "Covariance may not be accurate. Covariance not positive definite. Covariance forced positive definite."
2007sr 156 0.0020233608788592108 1459.1235353875686 2.9359847886212265e-13 0.8731243840935459 0.47173635741829867 0.050616871951916845 28.629918141394114 0.925514789901152 0.404783876624304 0.716527892095778 303173.2399911123 36.0 -15.54504893437118 1.8324960093735534 1454.84 1955.57 19 137 "Covariance may not be accurate."
2007st 74 0.002000387427962555 1444.2143579426552 5.90361093344427e-14 0.650683970746736 0.1002733047479405 0.05098985565138249 26.451469259830446 0.9228699950818138 0.3775170168130192 0.7182507904469033 68202.71613225414 24.0 -14.518400476721531 2.258941404971157 1458.66 1513.52 0 74 "Covariance may not be accurate."
2007ux 88 0.0020000037134008408 1472.2887228610919 6.9111383282915995e-15 0.6500000000009633 0.500039761537026 1.5363139363108735e-10 0.00012142433865847124 0.0 1.168454222266746e-11 0.20028144888010144 45357.217983498114 38.0 -11.381526393263254 2.2606710804330383 1466.82 1554.65 21 67 "Covariance may not be accurate. Covariance not positive definite. Covariance forced positive definite."
2008C 73 0.002016449709669816 1455.2435071376115 1.1474154959500993e-13 0.6522648673383659 0.9996787730121348 4.145692564989402e-07 0.00029692080454424286 0.0 4.966465596389913e-06 0.00043679011866354367 21822.37907604339 21.0 -13.472451678475657 2.2549989095212695 1469.81 1552.5 0 73 "Covariance may not be accurate."
2008J 43 0.029552714232269614 1495.1729573963034 3.505529200253932e-14 0.7472327300765362 0.49837287005999104 0.05473976353766434 29.368859798486938 0.922389679387716 0.43963079898947216 0.7099939762708014 252510.43367466918 24.0 -19.042353964800576 2.042482570060688 1484.54 1516.52 25 18 "Covariance may not be accurate."
2008O 53 0.0020198698956695395 1492.3561652059832 2.6645352591003757e-15 0.873811914643859 0.46619172125101566 1.6502699832707246e-07 0.05823470054554036 0.0 3.717321308471799e-05 6.087349889397076e-05 7436.634436731476 21.0 -10.44876073037327 1.831507469148633 1489.71 1546.54 7 46 "Covariance may not be accurate."
2008R 64 0.002716237038292116 1496.9864508393407 2.8727020762175925e-14 0.9863007165695413 0.0007972582660043526 0.047644309447165044 28.00848569591801 0.9223868699178286 0.4336370305201055 0.6266164514618942 11542.830179449955 21.0 -14.57123307645357 1.686800428452056 1493.63 1532.52 7 57 "Covariance may not be accurate."
2008ae 71 0.0020000064962199604 1501.9653762162077 1.0658141036401503e-14 0.6500000000035598 0.5000154738795533 5.10638352324783e-07 0.19251757018753324 8.326672684688674e-17 0.020548875927259735 0.0002917795890678976 7045.461075619824 9.0 -11.851897368124959 2.2606710803530206 1511.74 1602.52 0 71 "Covariance may not be accurate. Covariance not positive definite. Covariance forced positive definite."
2008ar 70 0.0020005277078933353 1527.1589771838464 1.3739009929736312e-14 0.6796939755214757 1.8604653125253723e-05 3.890368566140598e-09 0.000490849207494648 0.0 2.4492781641738404e-06 7.056561967308528e-05 117121.75456295093 27.0 -13.106286080320427 2.1889104330271394 1527.79 1627.59 0 70 "Covariance may not be accurate."
2008bc 101 0.002000018126144013 1529.0055580593782 9.325873406851315e-14 0.6500000105417445 0.0013635829029723934 2.0768232359552607e-10 4.9600641204960993e-05 0.0 4.251030638613429e-10 0.013305682092416365 118614.27761610343 27.0 -15.182945725378632 2.2606540771001615 1542.56 1646.46 0 101 "Covariance may not be accurate."
2008bd 35 0.0020000109157129785 1531.036188198038 8.743006318923108e-15 0.6500000000078848 0.5000137674428917 3.8681699275383737e-07 0.1197502119841829 4.163336342344337e-17 6.210316835231211e-07 5.7374661075804134e-05 3632.3002866443076 18.0 -11.636853185336836 2.2606710803369943 1541.7 1607.65 0 35 "Covariance may not be accurate. Covariance not positive definite. Covariance forced positive definite."
2008bf 83 0.0020029288962279106 1548.9010291742718 2.6395552410463097e-14 0.6649547808322918 0.4821611930745224 4.388363202770945e-09 0.00016000418747807998 0.0 8.364109474467973e-07 0.0027720699200772525 205827.25430409488 41.0 -12.882933975831168 2.2238830299328924 1546.79 1646.49 10 73 "Covariance may not be accurate."
