analysis_pipeline/fit_results/csp_4_sn91bg_color_interpolation_all.ecsv
# %ECSV 0.9
# ---
# datatype:
# - name: obj_id
#   datatype: string
# - name: num_points
#   datatype: int64
# - name: z
#   datatype: float64
# - name: t0
#   datatype: float64
# - name: x0
#   datatype: float64
# - name: x1
#   datatype: float64
# - name: c
#   datatype: float64
# - name: z_err
#   datatype: float64
# - name: t0_err
#   datatype: float64
# - name: x0_err
#   datatype: float64
# - name: x1_err
#   datatype: float64
# - name: c_err
#   datatype: float64
# - name: chi
#   datatype: float64
# - name: dof
#   datatype: float64
# - name: b_max
#   datatype: float64
# - name: delta_15
#   datatype: float64
# - name: tmin
#   datatype: float64
# - name: tmax
#   datatype: float64
# - name: pre_max
#   datatype: int64
# - name: post_max
#   datatype: int64
# - name: message
#   datatype: string
# schema: astropy-2.0
obj_id num_points z t0 x0 x1 c z_err t0_err x0_err x1_err c_err chi dof b_max delta_15 tmin tmax pre_max post_max message
[from data line 104]
2006bt 88 0.043500000000000004 866.497250082187 6.827871601444713e-15 0.65000124829384 8.398850170898697e-09 0.0 3.7161347904657305e-05 0.0 1.2596595433400637e-09 1.3898604184270358e-05 268623.8499141461 57.0 -19.1023255100615 2.2623360149773433 853.76 891.71 42 46 "Covariance may not be accurate."
2008fl 186 0.043500000000000004 1744.763920628968 6.994405055138486e-15 1.151809223267171 0.33253350719707797 0.0 55.648137728031315 0.9223869176041912 0.43977866940371885 0.6597253922342128 1299889.9424602983 138.0 -18.500968454438347 1.5273816190908924 1724.49 1789.53 88 98 "Covariance may not be accurate."
2007st 118 0.043500000000000004 1467.2250760827721 1.4155343563970746e-14 0.6500000039287067 0.08630426807342217 0.0 46.21444398459448 0.9223868896143013 0.3689343521897601 0.5230597429300654 163929.58973393668 72.0 -19.748691662219606 2.262341868233122 1458.66 1513.52 30 88 "Covariance may not be accurate."
2005hc 163 0.043500000000000004 707.305866007512 1.4155343563970746e-15 1.2476058966937873 0.5421064418700701 0.0 0.0046209879628236195 4.163336342344337e-17 0.0009706240185288761 0.00011208247527755288 868530.8093426316 120.0 -16.347341134371213 1.458329658351925 661.67 755.61 122 41 "Covariance may not be accurate."
2009ab 102 0.043500000000000004 1859.6826508807032 4.9210635566510064e-14 1.2443299180952336 0.2659551791952429 0.0 32.93000378929014 0.9223883177996747 0.3920778773486178 0.6321030663409171 684381.7431178712 56.0 -20.732270778515595 1.4604348940411782 1874.57 1911.51 0 102 "Covariance may not be accurate."
2007as 153 0.043500000000000004 1185.456900505177 2.040034807748725e-14 0.7102987138930027 0.07063165045845132 0.0 61.85192098741493 0.9223870244076269 0.43100102795688744 0.5091058187349328 341643.23878809874 103.0 -20.173341128263587 2.1210610023548426 1175.59 1259.49 29 124 "Covariance may not be accurate."
2006hx 70 0.043500000000000004 1044.2681401058555 3.4139358007223564e-15 1.2414155239583005 0.5000926059881994 0.0 0.007142176428828861 0.0 0.0013844602396742012 0.011433212466344933 50152.56250403491 52.0 -17.37146383691551 1.462325337420161 1012.66 1080.59 47 23 "Covariance may not be accurate. Covariance not positive definite. Covariance forced positive definite."
2008ff 230 0.043500000000000004 1728.3287632398726 2.7727820040013285e-14 0.8558030332369705 0.4851718763615544 0.0 0.009672991699517297 0.0 1.132981411688938e-06 1.9740883022423272e-06 564644.2114670053 143.0 -19.68180006391087 1.8587531336898167 1724.53 1790.57 30 200 "Covariance may not be accurate."
2009ds 92 0.043500000000000004 1957.0265654042412 2.373101715136272e-14 0.6500504070050684 0.17697574929070797 0.0 26.001915518983765 0.9223868739856416 0.36663033666660555 0.7348200470953851 206363.13698811937 51.0 -20.13277737479563 2.262218886444167 1954.64 1976.62 11 81 "Covariance may not be accurate."
2008O 103 0.043500000000000004 1536.323403973072 8.326672684688674e-17 1.010087781225365 0.00019641341691040148 0.0 72.17103024208598 0.9436845168269135 0.4131228980404544 0.6207754188359489 226525.32737252064 73.0 -14.317481663351245 1.6614140368657715 1489.71 1571.48 90 13 "Covariance may not be accurate."
2006ot 118 0.043500000000000004 1082.482899535887 8.326672684688674e-17 1.1114475889057303 2.5074788911894075e-09 0.0 0.000567477062531907 0.0 3.3817492666177174e-06 0.00017796449094892308 219670.35492915532 76.0 -14.3177910324777 1.5620119739808516 1063.72 1131.63 67 51 "Covariance may not be accurate."
2006py 35 0.043500000000000004 1055.1387352849865 5.9119376061289586e-15 1.2492201715512903 0.3747712219483471 0.0 24.578816694486136 0.9223874266022569 0.3596806433740663 0.7324466909094356 42183.260204882914 31.0 -18.240083386331406 1.4572901655355537 1069.54 1091.54 0 35 "Covariance may not be accurate."
2005be 68 0.043500000000000004 452.92420935421427 8.326672684688674e-15 1.2315514977544146 0.057022865803093126 0.0 24.386484181892683 0.9224265806556257 0.32113472182655206 0.5042706510425895 184958.47053424813 64.0 -19.22404756536609 1.4687628697682023 467.89 491.77 0 68 "Covariance may not be accurate."
2006fw 31 0.043500000000000004 1012.1494800899651 8.326672684688674e-17 0.6500000006891332 0.37884287136264394 0.0 38.09388018072087 0.9616098698881415 0.38463479794001243 0.6762505815084732 75631.94692366465 27.0 -13.604078795965268 2.2623525974570455 1001.75 1039.73 12 19 "Covariance may not be accurate."
2007ax 97 0.043500000000000004 1198.1497040397521 1.765254609153999e-14 0.6893464023242568 0.23115331734761146 0.0 0.00015063573300722055 4.163336342344337e-17 6.734930845242459e-07 0.0012694629747332653 282589.2776326774 62.0 -19.690169156357257 2.168134876106649 1184.55 1248.47 39 58 "Covariance may not be accurate."
2007jg 113 0.043500000000000004 1388.2386774645531 5.995204332975845e-15 0.6500000006290066 0.500081376614846 0.0 0.06528969005717045 4.163336342344337e-17 1.5773227329263229e-06 0.0010640037304903982 528356.9769507666 92.0 -17.982852996382764 2.262356464716788 1363.82 1425.78 64 49 "Covariance may not be accurate. Covariance not positive definite. Covariance forced positive definite."
2007af 307 0.043500000000000004 1158.9294732337137 2.2498669594028797e-13 1.2442498042549461 0.0037784654519998906 0.0 0.011182470607423056 8.326672684688674e-17 0.0001529997730216337 0.00012062086664080263 635788.2431169236 165.0 -22.89103696410106 1.460477584553674 1162.76 1257.72 0 307 "Covariance may not be accurate."
2008cc 167 0.043500000000000004 1609.0396189873823 2.781108676686017e-14 0.6500000071063611 0.2973677832680841 0.0 0.00015214271434160764 0.0 2.018667344394487e-09 0.002121293542121039 1810234.7708504114 121.0 -20.06080079789524 2.2623508017247502 1582.86 1654.86 87 80 "Covariance may not be accurate."
2006ef 56 0.043500000000000004 1003.0885177336851 9.325873406851315e-15 0.9289491741721705 0.491472960497566 0.0 53.917709305424694 0.9261756670791742 0.4318124396790816 0.7099346145513479 447047.92967465887 52.0 -18.483565824207695 1.756908249341162 979.9 1040.71 29 27 "Covariance may not be accurate."
2007nq 174 0.043500000000000004 1425.5104418748851 1.9984014443252818e-15 0.7616490637061833 0.5131120905775591 0.0 0.011938225078779396 0.0 0.006747204282770369 0.007287928256745402 372349.79920903617 131.0 -16.769327234621965 2.0158108465978763 1397.65 1476.56 86 88 "Covariance may not be accurate. Covariance not positive definite. Covariance forced positive definite."
2008bq 114 0.043500000000000004 1582.182101815239 4.413136522884997e-15 1.0849478369332917 0.013927780382816557 0.0 4.816362809378916e-05 0.0 4.297641500450311e-07 0.008807248125320744 889064.1148426128 92.0 -18.606319955223007 1.5864101700814004 1562.49 1606.46 74 40 "Covariance may not be accurate."
2008hv 225 0.0126 1912.4540901794114 5.093762267815993e-07 0.7062362725058062 0.512317221201557 0.0 0.0 0.0 0.0 0.0 2466487.424572911 141.0 -35.04532170338954 2.130038523082027 1804.8 1912.7 223 2 "Hesse Failed. Covariance may not be accurate. Covariance not positive definite."
2009I 55 0.043500000000000004 1831.832943791915 1.3322676295501878e-14 1.153316910979719 0.23890798877804315 0.0 20.814063383497455 0.9223893181455054 0.4395445246514184 0.6193968649929318 25041.782837299932 24.0 -19.366097268733515 1.5261493015835974 1846.58 1867.58 0 55 "Covariance may not be accurate."
2004gc 134 0.043500000000000004 364.059345263518 2.0816681711721685e-15 0.661620197978021 0.22980461464455204 0.0 0.0002204415079916089 0.0 3.814615198716176e-07 0.004373961233068074 745596.5189946421 130.0 -17.372370553054665 2.2335825695970755 329.83 397.66 86 48 "Covariance may not be accurate."
2005lu 88 0.043500000000000004 740.2345186368757 3.4139358007223564e-15 0.7543611995472198 0.5137067577255146 0.0 0.041311627896106984 0.0 1.8217942398535136e-06 3.964916793608442e-06 134863.7113052174 79.0 -17.34980356303994 2.0298021301226328 719.66 799.52 41 47 "Covariance may not be accurate."
2007al 120 0.043500000000000004 1227.2583256167934 3.3306690738754696e-16 0.8351240733033268 0.0648175510419724 0.0 0.000849269692935195 0.0 5.280059957812888e-06 0.08255443545997718 289737.6670928259 80.0 -15.715730811825775 1.8900914091968204 1170.77 1246.58 99 21 "Covariance may not be accurate."
2005gj 227 0.043500000000000004 687.7744987097014 1.4238610290817633e-14 0.9403269167783392 0.4997376854514768 0.0 188.46622870982543 0.9223872234169785 0.4239318320593619 0.710307707030667 298783.9820628427 140.0 -18.92278844639093 1.7423675860847787 698.7 1016.76 0 227 "Covariance may not be accurate."
2008bz 70 0.043500000000000004 1572.5544470109605 1.7486012637846216e-15 1.1931689028270878 0.07248283864786387 0.0 44.38439242740594 0.9223918737579582 0.4298135456737541 0.5108247334793898 165624.2754192322 66.0 -17.502720826272416 1.495342409019031 1580.72 1651.52 0 70 "Covariance may not be accurate."
2007bc 111 0.043500000000000004 1201.3537668363526 1.3988810110276972e-14 0.6778987267520946 0.5107245060678187 0.0 0.014655873557899213 0.0 9.830767714880118e-07 3.7345862350934844e-06 513269.8474812906 77.0 -18.88589893260119 2.194687639401444 1196.65 1259.53 19 92 "Covariance may not be accurate."
2008fr 150 0.043500000000000004 1744.9048400423635 2.914335439641036e-15 0.6862314822303949 0.5003141511269894 0.0 7.656637619327171 0.0 7.760165116610374e-07 1.1823693711887628e-06 337246.45370575663 109.0 -17.19932524148575 2.1753054271673626 1738.78 1807.57 22 128 "Covariance may not be accurate."
