analysis_pipeline/fit_results/csp_4_sn91bg_color_interpolation_red.ecsv
# %ECSV 0.9
# ---
# datatype:
# - {name: obj_id, datatype: string}
# - {name: num_points, datatype: int64}
# - {name: z, datatype: float64}
# - {name: t0, datatype: float64}
# - {name: x0, datatype: float64}
# - {name: x1, datatype: float64}
# - {name: c, datatype: float64}
# - {name: z_err, datatype: float64}
# - {name: t0_err, datatype: float64}
# - {name: x0_err, datatype: float64}
# - {name: x1_err, datatype: float64}
# - {name: c_err, datatype: float64}
# - {name: chi, datatype: float64}
# - {name: dof, datatype: float64}
# - {name: b_max, datatype: float64}
# - {name: delta_15, datatype: float64}
# - {name: tmin, datatype: float64}
# - {name: tmax, datatype: float64}
# - {name: pre_max, datatype: int64}
# - {name: post_max, datatype: int64}
# - {name: message, datatype: string}
# schema: astropy-2.0
obj_id num_points z t0 x0 x1 c z_err t0_err x0_err x1_err c_err chi dof b_max delta_15 tmin tmax pre_max post_max message
[from data line 54]
2006ob 38 0.0592 1048.169384046315 7.577272143066693e-15 0.6500002014904087 0.37004418679930595 0.0 20.065384874296 0.9313055479786165 0.3726710517181194 0.7330082921743915 8627.956882675191 23.0 -19.212606516149986 2.2623518754239456 1060.65 1121.57 0 38 "Covariance may not be accurate."
2006os 66 0.0328 1071.2775860175395 3.58046925441613e-15 0.6525149938565701 0.5147009707726701 0.0 15.139602601695742 0.0 2.1832752546968592e-06 3.767359638007228e-05 66893.57704187938 31.0 -16.769579617601913 2.2560508479166437 1063.65 1133.56 19 47 "Covariance may not be accurate. Covariance not positive definite. Covariance forced positive definite."
2006ot 75 0.0531 1085.0504835598758 8.326672684688674e-17 0.6500000001537222 0.28009573352525063 0.0 0.0004357566702992699 0.0 3.579578300438868e-10 0.08407265404144248 103982.529710256 33.0 -14.228547429709621 2.2623504984723937 1063.72 1131.63 46 29 "Covariance may not be accurate."
2006py 14 0.0579 1054.6196333974149 6.078471059822732e-15 1.2292412178138017 0.37329620059844604 0.0 23.455350156862778 0.9223874105691955 0.4103194059438568 0.6743787448152359 7932.174014170405 10.0 -18.916838140190617 1.47030024252496 1069.54 1091.54 0 14 "Covariance may not be accurate."
2007A 49 0.0177 1092.7571228213847 3.8719027983802334e-14 1.1290698019398802 0.03696579344549322 0.0 23.280251351209472 0.9223868919206568 0.3601098642159139 0.6858115920727477 27356.78414104229 14.0 -18.931930399392044 1.5464929799107505 1107.53 1133.53 0 49 "Covariance may not be accurate."
2007N 100 0.0129 1132.6382686336024 6.661338147750939e-15 0.991594851212233 0.44596654973959426 0.0 29.137720897110626 0.9223939470426079 0.43456217376333284 0.6967187982999326 81759.97368573045 48.0 -15.533738262981835 1.6816071864285185 1123.82 1213.67 33 67 "Covariance may not be accurate."
2007S 127 0.0139 1140.384713664865 3.530509218307998e-14 1.0347851485340334 0.08351382855043471 0.0 0.00018331282024064421 0.0 3.3116957782741707e-06 0.2325674569072958 80694.92493252583 38.0 -18.220220630084015 1.6356022061096311 1132.77 1246.54 22 105 "Covariance may not be accurate."
2007af 205 0.0055 1172.4001471476986 2.587097203132771e-13 1.1427693201406257 0.5024636383824874 0.0 0.01387045407216192 2.498001805406602e-16 0.0010100415163191157 0.0023815113932084686 123822.36081186905 63.0 -17.513461276782106 1.5348613322970266 1162.76 1257.72 51 154 "Minimization exited successfully."
2007ai 59 0.0317 1153.0505337567715 1.532107773982716e-14 0.9292438212872862 0.1200472499424649 0.0 0.0002922749397384905 0.0 3.285786956841452e-05 0.04128588045802009 7379.225157337252 33.0 -19.065899056876084 1.756516281009823 1167.88 1259.7 0 59 "Covariance may not be accurate."
2007al 72 0.0122 1174.9548064311791 9.242606680004428e-15 0.9825388986162701 0.2747669335330506 0.0 28.220355930768164 0.9223872330874301 0.4329551299822038 0.7395848285563855 15936.613113678013 32.0 -16.09041418086174 1.6917898572883772 1170.77 1246.58 15 57 "Covariance may not be accurate."
2007as 88 0.0176 1160.87465108905 1.0999534616473738e-13 0.6837438733316633 0.3062031971004536 0.0 6.46781217028547e-05 0.0 2.653845022460022e-06 0.053257788725604605 71792.46153349782 38.0 -19.531523006557524 2.1810524570783087 1175.59 1259.49 0 88 "Covariance may not be accurate."
2007ax 57 0.0069 1169.553662823743 7.227551890309769e-14 0.8958189417639167 0.5002365969104445 0.0 1.2839640248785145e-05 4.163336342344337e-17 1.1001921271402981e-05 0.3941198127911813 41312.91397930796 22.0 -16.62721913767209 1.8013513797153209 1184.55 1248.47 0 57 "Covariance may not be accurate. Covariance not positive definite. Covariance forced positive definite."
2007ba 68 0.0385 1204.3272222342998 3.497202527569243e-15 1.061796342184296 0.4730309966340558 0.0 29.574512013313665 0.9225337503296276 0.39143276418834955 0.7039202903051569 14070.025989435955 26.0 -17.189280477476625 1.6086428207782681 1190.83 1254.75 32 36 "Covariance may not be accurate."
2007bc 64 0.0208 1181.9366919636375 3.497202527569243e-14 1.117131988926209 0.00481471907528197 0.0 25.950770917977707 0.9223868589677215 0.3664036990306792 0.6429417041531945 31713.974823491815 30.0 -19.22924029958893 1.5569411897217975 1196.65 1259.53 0 64 "Covariance may not be accurate."
2007bd 66 0.0309 1202.712311492759 7.494005416219807e-15 1.0945590944507195 0.036151460268498026 0.0 28.55203880382635 0.9280094377987548 0.4438272375090724 0.5306741493991075 19478.625006991046 23.0 -18.38190595600276 1.577423784430696 1197.53 1259.46 16 50 "Covariance may not be accurate."
2007bm 50 0.0062 1204.7145744613724 7.286671266371059e-13 0.7213891441903928 0.5195170207494925 0.0 0.056766609712781246 7.78543896018391e-15 0.0023813930727112353 0.012434226038387897 61194.74949589424 13.0 -18.871784152971316 2.097048326972242 1217.57 1278.52 0 50 "Covariance may not be accurate. Covariance not positive definite. Covariance forced positive definite."
2007ca 73 0.0141 1221.1524668485529 3.1558089474970075e-14 1.0509660703870503 0.4916926304504099 0.0 28.928070958459443 1.0035314124353132 0.39565057966299605 0.7336805776147801 168687.9097024019 28.0 -17.312165896391157 1.6193129147739462 1217.65 1275.65 8 65 "Covariance may not be accurate."
2007cg 23 0.0332 1233.2438588376694 4.413136522884997e-15 0.7372686307782866 0.43688709456834807 0.0 0.010150189207706717 0.0 0.0006896423411684727 4.9179716769154336e-05 13419.221606195928 14.0 -17.192709537366277 2.06385226847949 1235.63 1259.59 0 23 "Covariance may not be accurate."
2007hj 173 0.0141 1333.7711077188123 1.0624834345662748e-13 0.7645246741959946 0.5136409617506371 0.0 24.874842940791268 0.9223867828775933 0.3565756818375235 0.713424999041465 155212.51410144294 66.0 -18.588156131251232 2.0103740162534187 1348.76 1440.53 0 173 "Covariance may not be accurate."
2007hx 14 0.0794 1368.4895822186575 1.6653345369377348e-16 0.6500008341483025 0.0005550409548903401 0.0 30.00449591337599 0.9387257839955924 0.3751831060404712 0.6247065499837795 8009.334055203651 10.0 -16.43216664023591 2.2623370724806477 1354.78 1411.73 8 6 "Covariance may not be accurate."
2007if 25 0.0742 1362.1062269007991 2.581268532253489e-15 0.6500274851277736 9.142055277799876e-07 0.0 28.777704196188097 0.9263946209538423 0.3722736699765886 0.6153267062815634 25198.000866140712 21.0 -19.25384738113465 2.262269993854119 1357.77 1443.6 2 23 "Covariance may not be accurate."
2007jd 17 0.0726 1363.9055170559084 8.326672684688674e-17 0.6500354523625672 0.5002675785420089 0.0 0.34169984442439727 0.0 4.572836001526248e-07 9.988465643301359e-05 7309.878263709288 13.0 -14.497091277031878 2.262267254957642 1362.83 1409.83 2 15 "Covariance may not be accurate."
2007jg 56 0.0371 1370.090222975426 2.7478019859472624e-15 1.2059644227062896 0.021382816880458788 0.0 29.00284180104825 0.9400124493214972 0.42466489058627205 0.6841731787253008 30639.387214807393 35.0 -17.7239965820725 1.48616157764733 1363.82 1425.78 15 41 "Covariance may not be accurate."
2007jh 20 0.0408 1369.3922659559778 2.914335439641036e-15 0.6501515065751143 0.2702676875514096 0.0 0.010038606902185165 0.0 4.509506738725744e-05 0.0007138979803133216 6313.169978400516 14.0 -17.513020804418233 2.261969143004805 1363.86 1413.8 5 15 "Covariance may not be accurate."
2007le 148 0.0067 1373.571881003453 1.0325906796282425e-12 0.6856189762800257 0.4998917655383507 0.0 7.416097116674791e-05 0.0 0.0004974836915375147 0.00012613042147868736 243165.42327693183 54.0 -19.450992654242434 2.1767191019297325 1388.57 1470.55 0 148 "Covariance may not be accurate."
2007mm 17 0.0664 1370.727634558622 2.498001805406602e-16 0.9650641926945422 0.0018410089603090318 0.0 2.990921154832904e-05 0.0 1.5906651472996636e-05 0.0019760886925217214 24812.701813425414 13.0 -16.462147472295527 1.7120719918212686 1385.72 1418.69 0 17 "Covariance may not be accurate."
2007nq 99 0.045 1396.5694640071752 6.827871601444713e-15 0.7758789420778506 0.5994062250946819 0.0 0.009375858003636495 0.0 0.0003845731571992528 0.0008216532954365419 39783.86958093949 56.0 -18.03112367446503 1.9893562622015892 1397.65 1476.56 0 99 "Covariance may not be accurate."
2007ol 7 0.0559 1395.050032806012 5.745404152435185e-15 1.153164231201405 0.44441990147903804 0.0 15.951119306938153 0.9223981498670435 0.43956859659729686 0.6962930923132513 257.91184773333134 3.0 -18.63039334671474 1.526277813689596 1409.79 1422.66 0 7 "Covariance may not be accurate."
2007on 204 0.043500000000000004 1407.5893873474938 2.473854454621005e-13 1.249875703864038 0.5387935502254172 0.0 0.0021153288544155657 1.249000902703301e-16 4.267295604598598e-05 4.4594495329064454e-05 194746.52454785872 64.0 -21.959018679530786 1.4568730460742643 1410.73 1508.61 0 204 "Covariance may not be accurate."
2007so 39 0.0297 1447.82336107767 9.242606680004428e-15 0.6500000043220056 0.500152379081814 0.0 0.16085030234592068 0.0 2.0973244774236122e-07 4.068088076519816e-05 41581.78724276576 17.0 -17.60174380662978 2.2623564556546647 1449.68 1494.53 0 39 "Covariance may not be accurate. Covariance not positive definite. Covariance forced positive definite."
2007sr 156 0.043500000000000004 1440.8592348282355 3.4247604752124516e-13 1.2037276145160833 0.4308096256360171 0.0 0.016893072116204166 2.914335439641036e-15 0.002973496883847182 0.000850582798562205 230482.29897926442 63.0 -22.533835487982323 1.4877531147236684 1454.84 1955.57 0 156 "Covariance may not be accurate."
2007st 74 0.043500000000000004 1444.475269759574 5.928590951498336e-14 0.6500004226704175 0.5000223539050048 0.0 22.031559644963636 0.9223875562191438 0.36874490367578255 0.7103733460825696 63301.783396441075 28.0 -20.470814709492544 2.2623554024485966 1458.66 1513.52 0 74 "Covariance may not be accurate."
2007ux 88 0.043500000000000004 1462.5595391961447 9.742207041085749e-15 0.740439109012744 0.5113061469754694 0.0 25.329841310180427 0.9223869656744056 0.3421529323345004 0.7129128484119927 60076.50656491755 43.0 -18.492159493394844 2.057404817581059 1466.82 1554.65 0 88 "Covariance may not be accurate."
2008C 73 0.043500000000000004 1467.1140135244539 1.8818280267396403e-14 1.1992217980128523 0.2507982132635086 0.0 0.8063123290796739 0.0 0.00030997006916377856 0.0007596413620285791 31426.49392234582 40.0 -19.712740444381303 1.4909642853920495 1469.81 1552.5 0 73 "Covariance may not be accurate."
2008J 43 0.0159 1502.9879603341856 1.493805079633148e-13 0.6501053698047841 0.5003007289171826 0.0 0.015345395342819756 0.0 0.00010443225211592688 0.00011827181713919277 284642.1051602157 15.0 -19.243204217465113 2.262091343124892 1484.54 1516.52 34 9 "Covariance may not be accurate."
2008O 53 0.043500000000000004 1503.3480347063169 5.9119376061289586e-15 0.6500000198339237 0.4992879647787888 0.0 0.022743302435742407 0.0 1.1368477436823898e-05 0.0001961571644345239 74448.49865626208 23.0 -17.96955400601457 2.262356387176787 1489.71 1546.54 27 26 "Covariance may not be accurate."
2008R 64 0.043500000000000004 1481.3420929696451 1.224020884649235e-13 0.6719940218755661 0.5176818477815087 0.0 0.04080206988157897 8.326672684688674e-16 0.0013829382498727338 0.00892078291949805 74993.99581298805 22.0 -21.229730331547422 2.2086298065187524 1493.63 1532.52 0 64 "Covariance may not be accurate. Covariance not positive definite. Covariance forced positive definite."
2008ae 71 0.03 1493.7727680336372 1.6819878823071122e-14 0.7881135716432106 0.49619570776677685 0.0 24.108168834514004 0.9223875560278398 0.44347569091339206 0.7094877141036489 5393.257988376952 14.0 -18.28372968537309 1.9674818728816064 1511.74 1602.52 0 71 "Covariance may not be accurate."
2008ar 70 0.043500000000000004 1523.0696224661224 2.4147350785597155e-14 1.0412524102802883 0.5340256608362348 0.0 0.0028451038797356887 0.0 0.010635647428762662 0.0002255409093885885 123596.64663090261 36.0 -19.440685485145014 1.629044801495695 1527.79 1627.59 0 70 "Covariance may not be accurate."
2008bc 101 0.043500000000000004 1526.6713144416954 1.0116907311896739e-13 0.6709314780900183 2.0317636462152677e-12 0.0 2.752491013779945e-06 0.0 1.3387627011418601e-06 3.495423057761626e-05 177165.23246760044 44.0 -22.02923165836444 2.211141823841313 1542.56 1646.46 0 101 "Covariance may not be accurate."
2008bd 35 0.043500000000000004 1526.7004418584359 9.076073226310655e-15 0.7322627416316443 0.5000305566195635 0.0 0.00030673881622078625 8.326672684688674e-17 0.0064437759053690424 0.00026780375098053866 941.090211201868 23.0 -18.433168228104538 2.074159473784114 1541.7 1607.65 0 35 "Covariance may not be accurate. Covariance not positive definite. Covariance forced positive definite."
2008bf 83 0.043500000000000004 1547.916833815535 2.248201624865942e-14 0.8016414718901419 0.5163576996709047 0.0 10.146614358949932 0.0 6.215615744653569e-06 1.0223927275510025e-05 173951.1648888619 54.0 -19.39198492054866 1.9441826169944143 1546.79 1646.49 8 75 "Covariance may not be accurate. Covariance not positive definite. Covariance forced positive definite."
2008bi 48 0.043500000000000004 1541.3075805500616 2.1316282072803006e-14 0.668433892900965 0.5465240909882894 0.0 0.03011110182592347 4.163336342344337e-17 0.000767906765506865 0.005879676910958254 3482.061288091253 31.0 -19.28438264318878 2.2171260026771265 1551.52 1628.47 0 48 "Minimization exited successfully."
2008bq 50 0.043500000000000004 1548.1806114187646 1.457167719820518e-14 1.1724846571964993 0.5002403557236587 0.0 0.03731015621065126 0.0 3.3403367598050515e-05 7.533442955781622e-05 76749.12450998413 28.0 -18.94686655550881 1.510924120318414 1562.49 1606.46 0 50 "Covariance may not be accurate."
2008bt 35 0.0154 1577.4314706063622 1.3072876114961218e-14 0.6500000000018066 0.0006294585868578118 0.0 0.0005013863446947653 0.0 2.8419266939749832e-11 0.0003986861319560109 59365.33533954494 24.0 -17.50580498068984 2.2623391736319327 1571.61 1651.47 6 29 "Minimization exited successfully."
2008bz 26 0.043500000000000004 1565.7210764563642 1.0075273948473296e-14 0.786138926996664 0.5002080729243908 0.0 0.00017120823542882135 4.163336342344337e-17 0.004243708660465917 0.0006508558351925875 20428.58158698841 22.0 -18.54628579235783 1.9709597786969795 1580.72 1651.52 0 26 "Covariance may not be accurate. Covariance not positive definite. Covariance forced positive definite."
2008cc 86 0.043500000000000004 1567.8605710920265 6.453171330633722e-14 1.2398268836354056 0.02443168039462984 0.0 2.319570353392919e-05 4.163336342344337e-17 1.1506712338515968e-05 0.0024933551011037947 89363.22423814294 40.0 -21.50186716406023 1.4633434011490465 1582.86 1654.86 0 86 "Covariance may not be accurate."
2008cd 9 0.043500000000000004 1572.752752106473 1.4238610290817633e-14 1.1863962385336118 0.2466031476848251 0.0 14.656379505665768 0.9410892981876808 0.4407148884556254 0.6231082040217798 196.56438730931228 5.0 -19.41957949424465 1.5003478921741262 1587.74 1595.73 0 9 "Covariance may not be accurate."
2008cf 51 0.046 1618.932236773884 1.6653345369377348e-16 0.954215656736831 5.909172143214736e-06 0.0 0.0013184130131094207 0.0 0.00012845257008931021 0.00010658080784950452 257929.5638140512 27.0 -15.195694143588963 1.7251253467859122 1595.77 1654.65 29 22 "Covariance may not be accurate."
2008ff 144 0.043500000000000004 1709.5381529854988 3.472222509515177e-14 0.9296229896169024 0.49131082329600245 0.0 24.354882465007222 0.9223870468779687 0.42124564979688583 0.7083389869309147 221569.22958662017 57.0 -19.91125388826588 1.7560364984092196 1724.53 1790.57 0 144 "Covariance may not be accurate."
2008fl 97 0.043500000000000004 1711.0613341796984 2.5229818234606682e-14 1.1654352285889764 0.5003623763627223 0.0 20.966403739120096 0.92238687987627 0.33832214598108384 0.7104511599870861 255210.48352330466 49.0 -19.542685734510215 1.516436317779906 1724.49 1789.53 0 97 "Covariance may not be accurate."
