analysis_pipeline/fit_results/csp_5_sn91bg_color_interpolation_all.ecsv
# %ECSV 0.9
# ---
# datatype:
# - {name: obj_id, datatype: string}
# - {name: num_points, datatype: int64}
# - {name: z, datatype: float64}
# - {name: t0, datatype: float64}
# - {name: x0, datatype: float64}
# - {name: x1, datatype: float64}
# - {name: c, datatype: float64}
# - {name: z_err, datatype: float64}
# - {name: t0_err, datatype: float64}
# - {name: x0_err, datatype: float64}
# - {name: x1_err, datatype: float64}
# - {name: c_err, datatype: float64}
# - {name: chi, datatype: float64}
# - {name: dof, datatype: float64}
# - {name: b_max, datatype: float64}
# - {name: delta_15, datatype: float64}
# - {name: tmin, datatype: float64}
# - {name: tmax, datatype: float64}
# - {name: pre_max, datatype: int64}
# - {name: post_max, datatype: int64}
# - {name: message, datatype: string}
# schema: astropy-2.0
obj_id num_points z t0 x0 x1 c z_err t0_err x0_err x1_err c_err chi dof b_max delta_15 tmin tmax pre_max post_max message
[from data line 50]
2006is 176 0.07649638933623938 998.0198815113615 4.696243394164412e-14 0.6528859227092875 0.014735051339857363 0.057732720049494105 21.446763595972584 0.9241041260733536 0.38649790312774984 0.5608431848446238 641813.9588056749 153.0 -22.44988129796509 2.255107964500354 1008.9 1125.67 0 176 "Covariance may not be accurate."
2006kf 180 0.07634278174619971 1042.8015599778762 9.658940314238862e-15 1.08625908345399 0.5038779227391811 0.058694917348889014 28.91645556990545 0.9386396652417985 0.38113116141580156 0.7179121031293547 290701.3239485209 130.0 -19.767422349568147 1.5851891247955443 1036.81 1127.64 44 136 "Covariance may not be accurate."
2006lu 128 0.08398513443606953 1043.8658930924973 5.828670879282072e-16 1.134161897073331 0.002599228639140805 1.5254415182408554e-08 0.00025171887693886674 0.0 3.261700094681075e-06 0.0029537843532395636 184731.06627935014 123.0 -17.9179713446391 1.5421198334162796 1040.84 1137.75 14 114 "Covariance may not be accurate."
2006mr 221 0.0037387037119919536 1058.2186589174426 4.696243394164412e-14 1.2030444754390652 0.498277083077874 0.002512192892727355 0.02614044260326409 8.326672684688674e-17 0.0003893334498640266 0.000733724236875205 243260.08639550064 157.0 -14.827752151865607 1.4882395633411818 1045.86 1147.57 51 170 "Covariance may not be accurate."
2006ob 63 0.08357505478127808 1066.9318537700694 1.6653345369377348e-16 0.6686195702909126 0.029712846051492214 3.9642660681904474e-08 0.00013638279460792546 0.0 7.07280704337343e-07 0.04974488313257425 103867.88302972479 54.0 -16.502818020775027 2.216665416325071 1060.65 1121.57 17 46 "Covariance may not be accurate."
2006os 106 0.08399976996665184 1071.9079033258927 3.497202527569243e-15 0.6500000000000128 0.0002281962309211849 1.1201224670021048e-10 1.6270383184746606e-05 0.0 1.0169642905566434e-13 0.0001075976454394112 111134.18621474184 85.0 -19.867491856001102 2.2623391625519886 1063.65 1133.56 30 76 "Covariance may not be accurate."
2006ot 118 0.055254282908935394 1054.7865513406823 1.1074474670635936e-14 0.6957340733846744 0.4845907684713682 0.05383452841965909 22.833815559933328 0.9224216416180533 0.3085438441164312 0.7067403632646502 137863.59941034688 98.0 -19.22474771727824 2.1535818241695353 1063.72 1131.63 0 118 "Covariance may not be accurate."
2006py 35 0.08399952993231877 1056.50764059579 6.827871601444713e-15 0.9343404392420842 0.004712320672686288 1.6096601065940241e-09 6.857688447325927e-05 0.0 2.47748941412107e-06 0.021353314746318908 41139.1301923009 30.0 -20.586808996837892 1.7499566752448033 1069.54 1091.54 0 35 "Covariance may not be accurate."
2007A 76 0.00352278865153216 1094.153355571745 1.1299294833122531e-13 0.6755401266916783 0.3308962101825006 0.048926472362698196 20.903005349057253 0.9223867776172819 0.4140473180963003 0.6591028470433647 203632.00311221307 40.0 -16.000761841659358 2.2002304555260963 1107.53 1133.53 0 76 "Covariance may not be accurate."
2007N 165 0.0839999699027917 1113.9511781200788 1.4904744105592727e-14 0.6500000000498859 0.0049472536207661455 2.2635976426599314e-11 6.1516363984992495e-06 0.0 2.516042929556761e-12 0.0004876044626191678 55431.82243537024 132.0 -21.43404616988146 2.2623392936079547 1123.82 1213.67 0 165 "Covariance may not be accurate."
2007S 192 0.008735475850410322 1140.8005549232707 4.3548498140921765e-14 1.2042626701870802 0.4934975354101964 0.05665009320351897 29.014122979270724 0.9223870713250051 0.4254316106790717 0.7088555042315069 241864.18464746207 102.0 -16.608779022902034 1.4873759646245261 1132.77 1246.54 36 156 "Covariance may not be accurate."
2007af 307 0.003506455045040069 1172.709566210837 2.45553577471469e-13 1.07028595646051 0.05372414870270209 9.590003008288356e-10 2.6397540068501257e-05 2.0816681711721685e-16 3.65518376121976e-07 0.0005643056973765048 257876.79886243003 164.0 -17.36988094677499 1.6003926999109872 1162.76 1257.72 68 239 "Covariance may not be accurate."
2007ai 111 0.005416318252569152 1154.7738134048952 2.6978419498391304e-14 0.7030520496171009 0.3906930040586048 0.043898392278676465 20.587520962560916 0.9223869620721858 0.31490852928677465 0.680155247446258 62836.27598022976 84.0 -15.270651968775283 2.137118683658649 1167.88 1259.7 0 111 "Covariance may not be accurate."
2007al 120 0.029572501917404088 1160.311909922987 1.940114735532461e-14 0.7419974620282498 0.3563790143971347 0.052840608151846616 29.022586643343743 0.9265444595195051 0.3427513093598042 0.669377240887207 52149.51199041838 93.0 -18.704610008450533 2.054252995632808 1170.77 1246.58 0 120 "Covariance may not be accurate."
2007as 153 0.0035247243041693164 1163.4109687803123 1.2648215808042096e-13 0.6754915459082826 0.5000235009907209 2.2252111866018567e-08 0.0024294900066479386 2.498001805406602e-16 1.4263315164131374e-05 0.7376632777368528 387639.45066929475 102.0 -15.770819995372719 2.200349667583094 1175.59 1259.49 0 153 "Covariance may not be accurate. Covariance not positive definite. Covariance forced positive definite."
2007ax 97 0.06609231905684218 1189.6600914688145 1.4904744105592727e-14 1.0071454842144483 0.16441087708745894 0.048683804035707656 28.43989290804018 0.9223868880227108 0.4107748535726437 0.7330799160855181 101224.57360017546 74.0 -20.59799605296719 1.6645776771712768 1184.55 1248.47 10 87 "Covariance may not be accurate."
2007ba 124 0.08394656261511388 1175.971067627484 1.2739809207573671e-14 1.07059595808148 0.06297612474441894 3.5018631813765744e-09 4.00461260596785e-06 0.0 4.6384112395436716e-07 0.0017033585769104798 98263.61132310399 102.0 -21.16598677004687 1.6000941410111764 1190.83 1255.61 0 124 "Covariance may not be accurate."
2007bc 111 0.030879328581155732 1182.7882121508887 4.196643033083092e-14 1.1151369691116713 0.007116043920829429 0.05925379033136602 27.15719746662171 0.9231523392974801 0.4436661844047072 0.6492124722178021 273551.4919554374 87.0 -20.298108768344974 1.5587140621218278 1196.65 1259.53 0 111 "Covariance may not be accurate."
2007bd 110 0.08146793915343888 1203.6743134289363 8.1601392309949e-15 0.6500002622195896 4.1799952388288375e-11 1.311111351431915e-08 1.864218086211622e-05 0.0 3.702022022267215e-10 4.134007044381827e-06 269449.9286484444 86.0 -20.717503409368877 2.262338496388974 1197.53 1259.46 24 86 "Covariance may not be accurate."
2007bm 85 0.009170163761434839 1209.1935990303214 3.329003739338532e-13 1.2497018604555103 0.4781815492531246 0.04096836763426732 23.162101270232938 0.926004090562818 0.3646650676674756 0.706574953971372 537382.9239187163 47.0 -18.959987215614532 1.4569837505860637 1217.57 1278.52 0 85 "Covariance may not be accurate."
2007ca 117 0.003500000184233156 1222.1437405660683 5.670464098272987e-14 0.6500000000037838 0.7618507308122799 7.079367907864009e-12 2.6451199914845347e-05 0.0 2.76711986657574e-12 0.0012261720382911179 820830.6798805369 71.0 -14.376592404016566 2.2623576087361315 1217.65 1275.65 12 105 "Covariance may not be accurate."
2007cg 45 0.08332021624948152 1228.294676615764 5.828670879282072e-15 1.2378882722890823 0.4406542280719825 0.046524733939014434 23.28048151770963 0.9223869115242951 0.33066839338092896 0.695240271250116 31472.768962024704 40.0 -19.563230424805887 1.4646174213268566 1235.63 1259.59 0 45 "Covariance may not be accurate."
2007hj 266 0.07800586289430435 1334.1879965839662 7.419065362057609e-14 0.9749017120940866 0.5010034800266769 0.04611035676014143 0.009229836177155448 0.0 0.0007844867387872823 0.00015916599267223885 970301.6133481177 192.0 -22.034849046583815 1.7005549032025495 1348.76 1440.53 0 266 "Covariance may not be accurate. Covariance not positive definite. Covariance forced positive definite."
2007hx 65 0.08224073636778208 1369.9925398936812 1.6653345369377348e-16 0.6500013987036354 0.0008714537298803449 5.3241422902361446e-08 7.832465587398474e-05 0.0 4.145061849314402e-09 0.2035449912088554 56387.636068982814 47.0 -16.51231252711348 2.262335660551585 1354.78 1411.73 32 33 "Covariance may not be accurate."
2007if 114 0.0804502092630642 1362.6890810515208 5.329070518200751e-15 0.6500000513802544 0.5114818971619584 7.151275285832703e-07 3.1074807535702575 0.0 1.6639487787628582e-08 1.725794769313893e-05 155676.99235816812 93.0 -19.229668052683998 2.2623563747744484 1355.77 1443.6 18 96 "Covariance may not be accurate."
2007jd 70 0.08399999992759206 1370.326012007231 8.326672684688674e-17 0.6500000021702145 0.000246266344019197 1.7574573740741783e-11 0.0001473652400818537 0.0 2.6280772003062225e-10 0.0004451079527271473 79558.23985993017 62.0 -15.809346452164746 2.262339157589654 1362.83 1409.83 34 36 "Covariance may not be accurate."
2007jg 113 0.0035002438657057455 1370.7959544802582 4.9960036108132044e-15 0.6500011592070446 0.22682454523841095 0.05001020253664177 28.9881923227955 0.9307515830339759 0.3726570550304813 0.6134057820972455 291989.88072767266 91.0 -12.792053324036615 2.262345566027129 1363.82 1425.78 30 83 "Covariance may not be accurate."
2007jh 45 0.08399726793628688 1370.0948855328024 6.328271240363392e-15 0.6500004398888021 0.5000195556523795 0.0804303253948724 0.1376028091186754 4.163336342344337e-17 5.570853161440681e-06 0.0007143400339920392 50827.2767601762 39.0 -19.533521855849123 2.262355359109094 1363.86 1413.8 14 31 "Covariance may not be accurate. Covariance not positive definite. Covariance forced positive definite."
2007le 242 0.06665352768294104 1375.9786656302806 4.118372309847018e-13 1.2462514869813759 0.4391795502329954 3.441525578684601e-07 0.00010813388109909283 4.163336342344337e-17 4.925304248892814e-07 0.11557421051523464 2299325.9466088573 172.0 -23.679180030006165 1.4591991542068516 1388.57 1470.55 0 242 "Covariance may not be accurate."
2007mm 39 0.05643464863718466 1383.4891029485618 8.326672684688674e-16 0.6513637154501954 0.03240357411761485 3.720634911275056e-13 3.5208813642384484e-10 0.0 1.787459069646502e-14 1.3105877494368201e-11 26750.088717405724 34.0 -17.351313777986498 2.2589152655721207 1385.72 1418.69 0 39 "Covariance may not be accurate."
2007nq 174 0.08302999249698592 1384.7704116995717 1.940114735532461e-14 0.6996279179861905 0.5006681682581314 2.761733613701467e-06 0.0005868287809107642 0.0 nan 4.751070086228548e-05 198459.73588853527 157.0 -20.722242111468347 2.1447932934267584 1397.65 1476.56 0 174 "Covariance may not be accurate."
2007ol 31 0.08399999983869205 1399.507222084496 1.4988010832439613e-14 0.746737941001728 0.03140365556057384 0.049540937493413324 16.210894926172955 0.9230947050028552 0.3460554585184013 0.6810853839197502 22902.34902618875 26.0 -21.39729335030283 2.0447562099431096 1409.79 1422.66 0 31 "Covariance may not be accurate."
2007on 308 0.02596717481638516 1422.468464636318 3.397282455352979e-13 0.8051507308302666 0.418664013445458 0.05952968399750281 29.47155586515248 0.9223866549311805 0.44382732047628154 0.688870904562418 677534.7139818191 203.0 -21.401972132776123 1.9382822215079418 1410.73 1508.61 42 266 "Covariance may not be accurate."
2007so 66 0.08399775856332671 1451.5897287232158 8.743006318923108e-15 0.6500042558263032 0.5000234633016015 2.359379567384856e-06 0.10422953699605841 0.0 2.4465915529070514e-06 2.6923753328716993e-05 67513.79252496423 51.0 -19.88446839291172 2.2623457562978118 1449.68 1494.53 6 60 "Covariance may not be accurate. Covariance not positive definite. Covariance forced positive definite."
2007sr 259 0.003500335144867578 1441.33178773423 5.979383654874937e-13 0.6865514500418981 0.10834281786829936 2.942091715651268e-10 1.4287221119957394e-05 4.579669976578771e-16 2.752290846341765e-07 0.00034853949969124165 1395597.9238370126 165.0 -18.23480418609587 2.1745548664969405 1454.84 1955.57 0 259 "Minimization exited successfully."
2007st 118 0.007847911528606451 1446.7717547964849 4.371503159461554e-14 1.1679616477700678 0.4945190392496995 0.04096469467449826 20.576891400442264 0.9260321457244729 0.33663114535063027 0.7106094475418544 324730.90296767163 71.0 -16.37627545869223 1.5144486503429881 1458.66 1513.52 0 118 "Covariance may not be accurate."
2007ux 151 0.07856685678663317 1473.5186573590524 4.413136522884997e-15 1.0462599145884774 0.002990476053513269 0.05684712620652608 28.804258798771116 0.9239213186127242 0.3974214701659679 0.6382990837842086 113468.6018239352 120.0 -19.962262170997384 1.6239943338861025 1466.82 1558.61 39 112 "Covariance may not be accurate."
2008C 121 0.0733976808887353 1455.3192926996346 9.833800440617324e-14 0.834285567106842 0.5000104756048426 1.4784413186474943e-06 0.002316292716955104 1.249000902703301e-16 0.00019848631910418524 0.6412351676551511 235117.59183459607 90.0 -22.203074177852006 1.8914048129227332 1469.81 1552.5 0 121 "Covariance may not be accurate. Covariance not positive definite. Covariance forced positive definite."
2008J 81 0.08393580021325632 1469.5477738661446 2.4022450695326825e-13 0.7039985681232981 0.5000099259375663 5.562007808490588e-08 3.926407703147561e-05 4.163336342344337e-16 8.393873756445958e-05 0.7157587621454323 164777.30247681163 62.0 -23.48018520520592 2.1350111731730763 1484.54 1516.52 0 81 "Covariance may not be accurate. Covariance not positive definite. Covariance forced positive definite."
2008O 103 0.08398518353467944 1507.9246938257872 1.7486012637846216e-15 0.8571454639394379 0.32110470969101357 4.298962297255571e-09 6.0312488017189025e-05 0.0 1.123611355180465e-06 0.12020473251153582 125768.93652938645 75.0 -18.507615356881036 1.8567585480933921 1489.71 1571.48 51 52 "Covariance may not be accurate."
2008R 107 0.08257409912481543 1498.160777700024 4.671263376110346e-14 0.685300698895724 0.501380821758602 5.8106717386083306e-05 0.013965026070195563 0.0 0.5050630794543769 0.0011012410230591407 578076.2096374881 79.0 -21.66248940424576 2.177454370381529 1493.63 1532.52 21 86 "Covariance may not be accurate. Covariance not positive definite. Covariance forced positive definite."
2008ae 101 0.08399999998031 1500.0998413824739 1.457167719820518e-14 0.672518210022686 0.49653691482924706 1.872392151602842e-07 0.014136742931668778 4.163336342344337e-17 0.02357939544786475 0.0010898291752760303 44291.56381502495 60.0 -20.44771326084568 2.2073845371943435 1508.74 1602.52 0 101 "Covariance may not be accurate."
2008ar 132 0.0035155297281263165 1536.1792410002422 2.373101715136272e-14 0.7249164629858574 0.4007262977380741 0.049563581208886834 27.513996251078424 0.9325553748455573 0.33032699226086576 0.68613365222394 332564.2375660823 97.0 -14.16957660950023 2.089545949507503 1527.79 1627.59 11 121 "Covariance may not be accurate."
2008bc 205 0.0035109271452399837 1528.6134205962885 1.7602586055431857e-13 0.6536837947296529 0.09083712351939571 0.04910462923061645 20.532055374058473 0.9223925470128389 0.34839049309853304 0.7149557154906678 1213583.3650596256 147.0 -16.94591257634964 2.2531217069071623 1541.67 1646.46 0 205 "Covariance may not be accurate."
2008bd 66 0.08398525423352803 1528.1546383895395 5.828670879282072e-15 0.763133244725836 0.08015002442446079 0.04995639797783605 21.112184727425074 0.9223869903195444 0.35579256177461593 0.5177282527603538 1660.0915613049674 59.0 -20.287878534212663 2.012985276274918 1541.7 1607.65 0 66 "Covariance may not be accurate."
2008bf 184 0.0035000135823384164 1546.8025982013032 3.7136960173711486e-14 0.848959993887876 0.47381695220105935 6.512985159870532e-11 3.8474616189887456e-05 0.0 5.568629384833379e-07 0.1886670726842376 949189.2919081335 154.0 -14.487831205466904 1.8689817992134508 1546.79 1646.49 6 178 "Covariance may not be accurate."
