analysis_pipeline/fit_results/csp_5_sn91bg_color_interpolation_blue.ecsv
# %ECSV 0.9
# ---
# datatype:
# - {name: obj_id, datatype: string}
# - {name: num_points, datatype: int64}
# - {name: z, datatype: float64}
# - {name: t0, datatype: float64}
# - {name: x0, datatype: float64}
# - {name: x1, datatype: float64}
# - {name: c, datatype: float64}
# - {name: z_err, datatype: float64}
# - {name: t0_err, datatype: float64}
# - {name: x0_err, datatype: float64}
# - {name: x1_err, datatype: float64}
# - {name: c_err, datatype: float64}
# - {name: chi, datatype: float64}
# - {name: dof, datatype: float64}
# - {name: b_max, datatype: float64}
# - {name: delta_15, datatype: float64}
# - {name: tmin, datatype: float64}
# - {name: tmax, datatype: float64}
# - {name: pre_max, datatype: int64}
# - {name: post_max, datatype: int64}
# - {name: message, datatype: string}
# schema: astropy-2.0
obj_id num_points z t0 x0 x1 c z_err t0_err x0_err x1_err c_err chi dof b_max delta_15 tmin tmax pre_max post_max message
2004dt 181 0.08156002303633866 240.04255694752513 1.5337731085196538e-13 0.7039492156796512 0.3440385873401234 4.815868721579769e-05 0.011477703521435956 0.0 0.0003058193865888015 0.0006375728644170131 134984.63391132499 176.0 -23.25695124648071 2.135116891151897 249.79 365.62 0 181 "Covariance may not be accurate."
2004ef 167 0.07923253230841246 267.33836510479176 8.992806499463768e-15 1.171531599905951 0.007869515056794174 0.04187051222953357 29.70445467061886 0.9322001379844369 0.4405732580460342 0.5759393906397272 232910.505957067 162.0 -20.74672041762187 1.5116491755383166 255.69 329.57 47 120 "Covariance may not be accurate."
2004eo 147 0.08499627400100081 277.8562099804362 5.861977570020827e-14 0.6670834011620869 6.432410160073232e-12 7.951529018557224e-11 2.710670145233962e-06 0.0 1.4269417814016805e-08 2.293355747140513e-06 812231.9231173535 142.0 -22.95577366893283 2.220350911629133 266.52 341.54 42 105 "Covariance may not be accurate."
2004ey 111 0.07554105643580795 306.3492945353161 9.475753515175711e-14 1.1555006016191136 0.5251276891519643 0.04513673837430725 59.44802658723967 0.9270392455235185 0.4391911616334378 0.7179905814401127 443514.5641263987 106.0 -22.18829162093912 1.5243811863555816 295.53 352.55 35 76 "Covariance may not be accurate."
2004gc 80 0.08240756594367674 332.7091168303076 1.0158540675320182e-14 1.2499579144383182 0.5282264275677839 2.9278413434946637e-06 0.004870900687137691 0.0 0.0009098820097843685 2.3205550217786364e-05 26220.866272164236 75.0 -19.958129301107743 1.4568203523615821 329.83 397.66 9 71 "Covariance may not be accurate."
2004gs 164 0.08137304041093402 337.8561730258799 1.0325074129013956e-14 1.2338478110055817 0.001069138766957467 2.0250633940566143e-08 5.934583100497548e-07 0.0 1.1586568016141996e-07 0.00015295063987572077 186654.4796687878 159.0 -20.968632498847644 1.4672496797183712 352.85 461.56 0 164 "Covariance may not be accurate."
2004gu 88 0.06381856601349141 342.8604455948 2.7144952952085077e-14 1.2486787711747176 0.43634902750199644 0.051846594230743226 26.55751191882021 0.9935675941345014 0.4101682838980247 0.694026200924993 67325.0527018674 83.0 -20.633935914565736 1.4576388225735464 357.86 410.84 0 88 "Covariance may not be accurate."
2005A 73 0.06984887330602116 365.9013964107251 3.447242491461111e-14 0.9606206826758292 0.5004003874991404 3.396521166451616e-05 0.1193370360313395 0.0 0.00022211414700168408 0.0002830156799888406 31700.52029592018 68.0 -20.951263716297426 1.7173898259613267 376.65 432.52 0 73 "Covariance may not be accurate."
2005M 209 0.08084592231027372 381.77194403435857 2.5396351688300456e-13 0.7049905563513459 0.4827647417295435 0.042475445174581315 24.483778791424214 0.9225593517974856 0.4292347992891558 0.7062813513403469 520738.27126137103 204.0 -23.496238752094804 2.13280311114379 396.77 480.51 0 209 "Covariance may not be accurate."
2005W 77 0.028744703961424152 429.5065873114389 1.1890488593735427e-13 1.2175597124855635 0.47590610908274283 7.701311600279148e-07 7.741489667978385e-06 0.0 2.6823383230123454e-06 0.002647758860580496 808571.9302288806 72.0 -20.360910124225974 1.4781485324004624 404.54 429.51 74 3 "Covariance may not be accurate."
2005ag 163 0.08498255434576327 428.67068976457216 2.248201624865942e-15 1.233582154225461 0.3621526054746883 6.731539423099342e-10 9.410765784423347e-06 0.0 5.475935371812568e-08 0.0018549521617680642 271717.80942741624 158.0 -18.733026489131976 1.4674348736078855 412.82 480.84 62 101 "Covariance may not be accurate."
2005al 140 0.04711203211356469 420.956432026822 1.7560952692008414e-13 1.0357561472782846 0.515869231883888 0.00037190540861306576 0.15377920914258425 1.249000902703301e-16 0.0014234526193419583 0.0009954938688702675 324700.26133673376 135.0 -21.803534324727142 1.6346229209341416 429.76 512.79 0 140 "Covariance may not be accurate."
2005am 137 0.08270523901814399 417.59013167355056 6.074307723480388e-13 1.1481687597715684 0.5000870020372533 2.1963310851885742e-05 25.534319800717043 8.326672684688674e-17 0.0011389206994004697 0.0015837120922385095 487932.23244716815 132.0 -24.453329960617587 1.5303759123147067 432.58 512.46 0 137 "Covariance may not be accurate. Covariance not positive definite. Covariance forced positive definite."
2005be 45 0.04869581053018221 454.5730270664458 3.522182545623309e-14 0.924554372393147 0.49199362237451244 0.05762889526658215 20.192466411767015 0.922386854090006 0.43161455238519997 0.7085006585640472 76786.42306618288 40.0 -20.178406387555945 1.762626411086476 467.89 491.77 0 45 "Covariance may not be accurate."
2005bg 64 0.030314574651709343 456.66903204346505 1.0608181000293371e-13 1.2031487463542585 0.5000961468065431 0.06112193778927354 24.22560009968231 0.9230797979410972 0.30940685649582694 0.710686003623601 215465.1726801534 59.0 -20.296926786176993 1.4881655897567114 471.65 512.61 0 64 "Covariance may not be accurate."
2005bl 41 0.027215503160554225 484.5335989079657 3.0808688933348094e-15 0.8063611980681674 0.10280466461651955 7.963879997477386e-08 4.081644769371451e-05 0.0 5.495423179291414e-07 0.041394045149462044 22000.76770380774 36.0 -17.018214984537515 1.9362516428902659 476.61 512.57 27 14 "Covariance may not be accurate."
2005bo 36 0.0029471764335368663 484.23935827404404 1.990074771640593e-14 1.0212974172135718 0.0016840578812062357 0.054728170945301705 28.581227196465107 0.9256039050224308 0.43899202273326937 0.634038078620446 34408.40126894207 31.0 -14.34886776211864 1.6495479666199806 478.75 512.76 16 20 "Covariance may not be accurate."
2005el 93 0.033787843019249746 649.9421095890954 6.411537967210279e-14 1.211576648927322 0.4803163474311324 0.060707990504755394 29.30304443735605 0.9223868203656536 0.3016800634597621 0.7056805362700161 213989.50457513388 88.0 -20.039163415527202 1.4822568312338973 639.89 730.75 9 84 "Covariance may not be accurate."
2005eq 99 0.08240160746607618 634.9819715316551 1.8759993558603583e-13 0.6852088457840296 0.4863069014100115 0.04436031145321938 20.27352705212803 0.9223867276775399 0.30153144715019176 0.707141654757657 230613.2423459267 94.0 -23.20268280797509 2.177666148935714 650.81 751.66 0 99 "Covariance may not be accurate."
2005gj 81 0.04375428020684781 684.1165616713353 1.5154544286133387e-14 0.9757450159576788 0.4283135324662289 0.06094030047098605 26.209702992401674 1.2476184772829493 0.45831321997592495 0.6862534241892058 136068.69313993677 76.0 -19.16699678879566 1.699577630206992 698.7 795.54 0 81 "Covariance may not be accurate."
2005hc 79 0.07501909485007278 666.5665592161156 1.2989609388114332e-14 0.9143748493977767 0.5166657654063626 0.04558055201166295 28.39082691513346 0.9241235386011166 0.43403872083512707 0.7148586919343857 139442.923611076 74.0 -20.028637477602786 1.7760842897968523 662.72 755.61 12 67 "Covariance may not be accurate."
2005hj 50 0.061470451056768086 681.9770735360248 6.328271240363392e-15 0.6504352103571158 0.3910688558614498 0.061369122127714275 29.3328842923018 0.922386910023748 0.36205837624270276 0.730353208560494 118650.84590488931 45.0 -19.061452326993315 2.2612584080608826 671.67 761.57 12 38 "Covariance may not be accurate."
2005hk 89 0.0849565193793466 663.8775204852922 2.468025783741723e-13 0.6717415759906057 0.5000039585529793 1.0600687688766541e-09 6.1730641505164385e-06 8.326672684688674e-17 6.262420754188369e-08 0.28260120052064774 441602.89594282844 84.0 -23.537314460473652 2.209229930650901 675.61 761.54 0 89 "Covariance may not be accurate. Covariance not positive definite. Covariance forced positive definite."
2005iq 70 0.07005859262021266 687.2334516628431 2.148281552649678e-14 0.6534861854607933 0.48032608586326403 1.2390390058333867e-06 0.013494445624871787 4.163336342344337e-17 1.8335265684066293e-06 1.902202655384988e-05 178997.11588572199 65.0 -20.49283828954707 2.253627325433765 682.55 755.55 12 58 "Covariance may not be accurate."
2005ir 52 0.08499674687046578 690.1444820215522 6.2450045135165055e-15 0.6500009105944563 0.500007393638158 5.430285339516616e-07 0.1324367626605749 0.0 0.45754311621636956 1.4208300719686928e-05 84475.1435917492 47.0 -19.546355310678628 2.2623541745306603 682.62 728.63 20 32 "Covariance may not be accurate. Covariance not positive definite. Covariance forced positive definite."
2005kc 48 0.067188528066913 704.5620974463186 2.8976820942716586e-14 1.1560495637404815 0.1218310684838132 4.8339520400397795e-08 2.2647423577382142e-05 4.163336342344337e-17 3.0924740634930004e-07 0.0006432498452077495 183017.79554800672 43.0 -21.441906937564042 1.5239259663497418 687.52 728.54 31 17 "Covariance may not be accurate."
2005ke 145 0.08033112461139807 698.1687102400848 2.4005797349957447e-13 0.8677218248425524 0.5092587929152493 1.9998328334505655e-06 0.0006203233217547677 4.163336342344337e-17 0.0005466770312911873 2.1429292907770847e-05 92560.2685420997 140.0 -23.36398734605886 1.8412464278891534 689.69 819.51 16 129 "Covariance may not be accurate."
2005ki 163 0.0022874569269092744 702.5180456559531 5.104250355714157e-14 1.0156420459970372 0.5042090093402216 2.27374510001605e-05 0.0007272209780921912 4.163336342344337e-17 5.916365052316408e-05 5.430722524957243e-05 143694.43774501263 158.0 -13.838002806048156 1.6555159424930324 695.86 861.5 4 159 "Covariance may not be accurate."
2005ku 20 0.024121196232571605 722.0529052313063 4.413136522884997e-15 0.8046930543772881 0.45951297586433804 6.222474031175595e-07 0.0001646887757829063 0.0 4.45075224847491e-06 0.03615221983242248 54710.45719292264 15.0 -16.43414158703095 1.9390492058973159 699.56 729.56 18 2 "Covariance may not be accurate."
2005lu 49 0.07878784047167811 712.5710283462914 3.880229471064922e-14 0.6500005639837487 0.5134330623695326 4.610887572448208e-08 3.3529540246490797e-05 0.0 1.228050661161717e-09 0.003083685394315361 14266.788388735044 44.0 -21.334185487905184 2.2623550913898356 720.63 799.52 0 49 "Covariance may not be accurate."
2005mc 52 0.07802962937143947 728.4957971246954 3.2057689836051395e-14 0.6500002357500563 0.30723791951427754 3.071764392154064e-08 1.9897173046956595e-05 0.0 5.018397919442918e-10 0.0013623344089911948 26315.22565077885 47.0 -21.521048123535284 2.2623504175048055 736.79 773.62 0 52 "Covariance may not be accurate."
2005na 91 0.08449992226074682 725.2266680198476 1.7594259382747168e-13 0.6685075330642786 0.50643306922686 2.7413599135370226e-06 0.021535251910449915 4.163336342344337e-17 1.2909814148587273e-05 2.294302848759866e-05 217738.4626722501 86.0 -23.14730268337059 2.2169494515520825 738.71 834.54 0 91 "Covariance may not be accurate."
2006D 147 0.007726226080364711 745.6444527929702 2.5462965069777965e-13 1.1655489662227199 0.5271977660975931 0.04212775978095913 24.39661655329803 0.9256080480550867 0.33788981798312795 0.7177861680349977 334033.3615884216 142.0 -18.1981657537275 1.516346603609401 751.84 891.61 0 147 "Covariance may not be accurate."
2006X 124 0.026052956347462512 786.1632258579289 1.59539048638635e-13 1.103218715987807 0.5000633288438526 0.0006585154488304053 0.0038305956679209885 7.494005416219807e-16 0.001809996884787779 0.0027086979545965784 218016.02114786513 119.0 -20.40409801493574 1.569472065394665 775.68 906.46 22 102 "Covariance may not be accurate. Covariance not positive definite. Covariance forced positive definite."
2006ax 90 0.07025226459987124 826.691929711877 1.1698975121987587e-13 0.9813589417501876 0.500097917106136 4.009226696265189e-06 0.0010676629007093652 0.0 0.00013094154653131573 0.7076458908482192 278052.82859711075 85.0 -22.291556600257383 1.6931375879250687 815.64 891.5 24 66 "Covariance may not be accurate. Covariance not positive definite. Covariance forced positive definite."
2006bd 21 0.0030159826791110464 808.6373272810608 8.243405957841787e-15 1.145180057792492 0.4694586697584496 0.04696607963526633 26.87182677574492 0.9223874058353213 0.44071659347388675 0.7029553599561308 1859.6546823518004 16.0 -12.539673737507947 1.5328504172970057 823.7 872.57 0 21 "Covariance may not be accurate."
2006bh 73 0.017316774889522754 833.3186189379782 5.995204332975845e-14 0.7115982172355653 0.03591235241626334 0.061065314579034136 28.753812959969764 0.9224103188794267 0.4314326184374399 0.5283923787166152 449126.2939333218 68.0 -19.360212920442706 2.118210565187308 831.9 891.79 7 66 "Covariance may not be accurate."
2006br 23 0.08176301413193204 844.485261052632 2.123301534595612e-14 0.6513065070535038 0.5173975963314764 1.2612954086027584e-07 9.252916333934991e-05 0.0 2.1966222257807644e-07 0.0047401109323993995 953.4829344529364 18.0 -20.758192344086616 2.2590750169639655 858.69 890.61 0 23 "Covariance may not be accurate."
2006bt 39 0.07725505437321249 838.7640252331122 1.3222756223285614e-13 0.6994221855439714 0.5000981800753381 0.0008467831423201524 0.0006090814518415755 1.2906342661267445e-15 0.0031398146587688913 0.003882898134222934 77550.80438471407 34.0 -22.641561422169282 2.1452559556938517 853.76 891.71 0 39 "Covariance may not be accurate. Covariance not positive definite. Covariance forced positive definite."
2006dd 141 0.04661156009678269 912.3624767960873 3.938516179857743e-13 1.2035331664114008 0.1684973937693085 0.00045112684016468743 0.01477423887530449 3.747002708109903e-15 0.05074928771643594 0.004016332929710126 452021.0921573091 136.0 -23.35562812885008 1.4878838569560653 906.94 1147.57 1 140 "Covariance may not be accurate. Covariance not positive definite. Covariance forced positive definite."
2006ef 36 0.0821220441013318 970.6449395806293 1.5062950886601811e-13 0.650345875046245 0.4969931204269432 0.05676647735685067 22.625693071033822 0.9223868944946378 0.37493506706561086 0.70967301104371 52712.31404456919 31.0 -22.93065583795987 2.2614863895478354 979.9 1040.71 0 36 "Covariance may not be accurate."
2006ej 43 0.0845540524448093 968.2618594859663 1.50712775592865e-13 0.6942305276352464 0.4923136638303021 0.04838378458477472 20.98133975390317 0.9223867507817004 0.4247542395518925 0.7085763466774004 46587.159298162325 38.0 -23.00973337571621 2.1569936778916414 979.74 1046.74 0 43 "Covariance may not be accurate."
2006eq 36 0.08497871259750493 981.5715534309978 1.6653345369377348e-16 1.003652770690584 0.3452360984525933 0.05128954706306253 27.488351687244915 0.9374142713265312 0.4365178108167017 0.6671691300727489 38994.39649895436 31.0 -15.938451780571008 1.6683575149764955 981.64 1018.51 0 36 "Covariance may not be accurate."
2006et 85 0.002002552790228333 967.6300064770242 1.909306046599113e-13 0.7878704441382948 0.5375414327590288 5.1408658618549204e-06 5.3791000595992955e-06 8.326672684688674e-17 2.3129171623503808e-05 5.131353092058255e-05 253943.1325070598 80.0 -14.926882283347993 1.9679091749215871 983.64 1099.54 0 85 "Covariance may not be accurate."
2006ev 29 0.07466654156985562 983.8391863955952 3.405609128037668e-14 0.863337832578907 0.49337892889418405 0.04586549467677897 29.072943687533325 0.9223927667614638 0.4009211072104953 0.7088300174965381 28417.53563949876 24.0 -21.107177704726492 1.8476420942822003 994.59 1038.53 0 29 "Covariance may not be accurate."
2006fw 25 0.08499998657025469 1014.9916957598357 8.326672684688674e-17 0.7993108054292022 0.0025252634643138094 0.054967772751704426 31.200867885096784 0.9931111443828955 0.47026325696209287 0.6354603048544267 66080.57657296519 20.0 -15.83295804661184 1.9481172657151369 1001.75 1039.73 14 11 "Covariance may not be accurate."
2006gj 52 0.08240858927473588 1016.8524026362995 2.6645352591003757e-15 0.7465664686530016 0.03414728505717435 0.044506068314676635 29.483541079838062 0.9258234449397833 0.34571682919892727 0.530667177223742 109073.35682066625 47.0 -19.473508393190663 2.045097015518582 998.83 1096.59 19 33 "Covariance may not be accurate."
2006gt 39 0.0755577880931614 1014.4919896956809 2.3314683517128287e-15 0.9436505142763079 0.012198822854172453 1.0568550358469597e-07 7.429464363895022e-05 0.0 1.2025868968423836e-06 0.01428521399499083 77127.35609861731 34.0 -19.165409931779095 1.7381784057609728 1001.67 1076.62 16 23 "Covariance may not be accurate."
