analysis_pipeline/fit_results/csp_4_sn91bg_color_interpolation_red.ecsv
# %ECSV 0.9
# ---
# datatype:
# - name: obj_id
#   datatype: string
# - name: num_points
#   datatype: int64
# - name: z
#   datatype: float64
# - name: t0
#   datatype: float64
# - name: x0
#   datatype: float64
# - name: x1
#   datatype: float64
# - name: c
#   datatype: float64
# - name: z_err
#   datatype: float64
# - name: t0_err
#   datatype: float64
# - name: x0_err
#   datatype: float64
# - name: x1_err
#   datatype: float64
# - name: c_err
#   datatype: float64
# - name: chi
#   datatype: float64
# - name: dof
#   datatype: float64
# - name: b_max
#   datatype: float64
# - name: delta_15
#   datatype: float64
# - name: tmin
#   datatype: float64
# - name: tmax
#   datatype: float64
# - name: pre_max
#   datatype: int64
# - name: post_max
#   datatype: int64
# - name: message
#   datatype: string
# schema: astropy-2.0
obj_id num_points z t0 x0 x1 c z_err t0_err x0_err x1_err c_err chi dof b_max delta_15 tmin tmax pre_max post_max message
SN2008J 43 0.0159 1497.1616786530628 4.063416270128073e-14 0.815407140956756 0.375670664978083 0.0 0.01205413590560056 1.249000902703301e-16 0.0014679787623215756 0.003407637703829347 216925.14746585433 15.0 -18.100727992910638 1.9213735266251746 1484.54 1516.52 26 17 "Covariance may not be accurate."
SN2005kc 77 0.0151 672.520002193481 6.9111383282916e-14 0.6500000000046109 0.49232566931998456 0.0 0.004242860705574003 0.0 4.1057213184814145e-11 5.703014089641911e-06 187025.7982771837 21.0 -18.312184463800275 2.2623561589092525 687.52 728.54 0 77 "Covariance may not be accurate."
SN2005A 109 0.0191 383.5747336085474 5.9119376061289586e-15 1.0307798373003818 0.5218707204818847 0.0 0.03309346879424879 0.0 7.085414855723116e-06 1.2609503047766868e-05 133252.74765009087 76.0 -16.105761330167397 1.639720187776252 376.65 433.53 8 101 "Covariance may not be accurate."
SN2009Y 148 0.0094 1879.4660027514517 8.010259122670504e-14 1.2482009945972519 0.07902703474072648 0.0 74.1777377236516 0.9223872405830152 0.3823437559812372 0.5167461670912126 132623.56190192403 61.0 -18.260778163121888 1.4579353964526334 1868.84 1976.65 25 123 "Covariance may not be accurate."
SN2004gs 135 0.0267 364.2369385642865 5.662137425588298e-15 1.2497594612017173 0.4727898254467827 0.0 0.0032445731708605763 0.0 0.07464214347904363 4.717913346291569e-05 100126.90179990667 109.0 -16.89905732769492 1.456946680471603 352.85 461.56 23 112 "Covariance may not be accurate."
SN2004eo 122 0.0157 294.9781070033229 2.1066481892262345e-14 1.2331471807861871 0.4994001168233145 0.0 63.579355600610285 0.9223868760611675 0.3233718793761074 0.7102298472030663 1861432.1128758488 85.0 -17.09058423316654 1.4677241818321072 266.52 341.54 75 47 "Covariance may not be accurate."
SN2008gp 96 0.0334 1842.8512665217693 2.052451567036151e-08 0.7111793940301966 0.5157025273475624 0.0 0.0 0.0 0.0 0.0 424317.43188481533 36.0 -33.70413708843832 2.1191430465543197 1768.75 1844.52 95 1 "Hesse Failed. Covariance may not be accurate. Covariance not positive definite."
SN2007ca 73 0.043500000000000004 1221.8756592216077 2.123301534595612e-14 1.2441128775400498 0.28788151088594804 0.0 46.057630085595974 0.9223868757492909 0.3427241705377308 0.6417436102413986 106553.31802923477 28.0 -19.7837113703591 1.4605753421729588 1217.65 1275.65 8 65 "Covariance may not be accurate."
SN2009al 68 0.0221 1970.936977596111 5.393833713007723e-10 0.7347217099482568 0.5574867791179737 0.0 0.0 0.0 0.0 0.0 215880.10283330907 24.0 -28.76840041701898 2.0690788970904137 1891.71 1973.54 66 2 "Hesse Failed. Covariance may not be accurate. Covariance not positive definite."
SN2008ae 71 0.043500000000000004 1562.106850698989 4.3298697960381105e-15 1.135197261139015 0.5004038871198411 0.0 86.97129770789502 1.093135601313236 0.441866420267499 0.7492805458209889 42934.50543404474 14.0 -17.629022108925295 1.541251315542194 1511.74 1602.52 61 10 "Covariance may not be accurate."
SN2006dd 76 0.043500000000000004 1022.8582817825502 2.0067281170099704e-14 1.1849006003122278 0.67285858392752 0.0 0.036024393918864916 0.0 0.0016847779015656261 0.002849320516483622 299713.04430242546 71.0 -18.981245214826867 1.501470445318784 979.93 1147.57 14 62 "Covariance may not be accurate."
SN2005ki 147 0.043500000000000004 777.896170972822 1.0824674490095276e-15 1.2498293583808064 0.4174266184109465 0.0 129.76016149089594 0.9223963037299265 0.37317218719489037 0.6885028138149396 708696.4338627461 87.0 -16.311500643325736 1.4569005027086668 695.86 858.54 119 28 "Covariance may not be accurate."
SN2007if 25 0.043500000000000004 1386.2067658395408 3.164135620181696e-15 1.2499968032463196 0.4609629297347058 0.0 71.52649633043677 0.9223921495962019 0.36837135433598905 0.7007550695432492 66497.52412527155 21.0 -17.38153203679154 1.4567942677684478 1357.77 1443.6 13 12 "Covariance may not be accurate."
SN2006D 151 0.043500000000000004 768.9001632414914 6.569744748219364e-14 1.1347722594979475 0.5104908560019825 0.0 93.34784229319939 0.9236529824704349 0.35696925052202305 0.7132900881609656 376692.31229909655 83.0 -20.565692046245083 1.5416134113708289 752.87 891.61 15 136 "Covariance may not be accurate."
SN2006lu 48 0.043500000000000004 1066.3086901473866 1.4988010832439613e-15 1.0918756440316126 0.5118576661503638 0.0 75.01845233994845 0.9223990796395074 0.3786038294477297 0.7130395649724883 67535.60879424548 42.0 -16.45899255536776 1.5799310404625793 1040.84 1137.75 19 29 "Covariance may not be accurate."
SN2009ag 136 0.043500000000000004 1871.6229349154517 2.505495810822822e-13 0.6558408810575358 0.2206344582678731 0.0 9.093680091609713e-06 0.0 1.1228323242296057e-06 0.0015881080847338636 74818.00183120502 36.0 -22.595027871666876 2.2477734470031407 1886.62 1959.54 0 136 "Covariance may not be accurate."
SN2006ev 87 0.043500000000000004 985.2373942641633 1.2739809207573671e-14 0.6500000415488546 0.49885388050898405 0.0 0.022138669047819803 0.0 6.056588008895858e-10 1.9120416626106085e-06 35737.338674958766 24.0 -18.804207182821802 2.2623563149304537 993.59 1039.52 0 87 "Covariance may not be accurate."
SN2009cz 51 0.043500000000000004 1952.2432055571207 2.864375403532904e-14 0.6500013766379433 0.7680275949249356 0.0 32.437424260282 0.9239722140046237 0.36997213723514977 0.739194922599446 272818.8259067831 14.0 -19.16319107704814 2.2623540720203295 1937.53 1966.46 27 24 "Covariance may not be accurate."
SN2006gj 70 0.043500000000000004 1042.9620127266476 1.6653345369377348e-16 0.650000109679997 0.0009781667229474267 0.0 81.47172857533906 0.9379167795786281 0.3752778501527239 0.6015474529023113 106944.1457344764 36.0 -15.068824183482999 2.2623389072742732 998.83 1096.59 52 18 "Covariance may not be accurate."
SN2005el 143 0.043500000000000004 626.9689538986405 9.992007221626409e-14 0.6500000000172882 0.49255616302667465 0.0 0.018714144746525108 0.0 8.876621659936745e-12 1.3733074346600205e-06 270101.86442917614 46.0 -21.055844606649465 2.2623561679476385 639.89 730.75 0 143 "Covariance may not be accurate."
SN2007jh 20 0.043500000000000004 1364.3832438172985 8.326672684688674e-17 0.6500000165085864 0.5016296064616198 0.0 0.24857522191450698 0.0 9.823310220813397e-09 8.55716430259168e-05 29829.543285030413 14.0 -13.337080201075683 2.262356429811863 1363.86 1413.8 3 17 "Covariance may not be accurate."
SN2007so 39 0.043500000000000004 1445.2295733950584 9.908740494779522e-15 0.9000997212702535 0.5143658779586704 0.0 35.06673227622275 0.9363569819957561 0.4402318294173347 0.7195449650723102 52949.89776475988 17.0 -18.50565160509529 1.795441103683455 1449.68 1494.53 0 39 "Covariance may not be accurate."
SN2006gt 54 0.043500000000000004 1021.8766020392403 2.498001805406602e-16 0.6500000023039995 0.027550693083132072 0.0 59.44076000358564 1.2414134493723696 0.4965477098637171 0.5397254421924877 78293.57542911508 29.0 -15.466311017207815 2.2623399422119768 1001.67 1076.62 33 21 "Covariance may not be accurate."
SN2007ai 59 0.043500000000000004 1179.8750092539171 2.498001805406602e-16 0.650022220733341 0.5001044910116953 0.0 79.01229212442752 0.9225112278645228 0.3674627649432261 0.710445089626927 81289.33174036468 33.0 -14.53228848119602 2.2623005492569064 1167.88 1259.7 20 39 "Covariance may not be accurate."
SN2006hb 101 0.043500000000000004 1055.1141894871703 8.909539772616881e-15 0.6500255154545704 0.4777797382498818 0.0 0.000349479927763241 0.0 1.8861764805588876e-07 0.013844909534002386 402049.8369888831 50.0 -18.466677928337887 2.262291397143919 1006.87 1143.59 67 34 "Covariance may not be accurate."
SN2007hj 173 0.043500000000000004 1342.3763650730286 5.495603971894525e-15 1.0573063734972905 0.5083009736617184 0.0 75.91062098020336 0.9276757486474004 0.3936944789010683 0.7145277120494344 1081472.5285843003 66.0 -17.87535620747136 1.613044607401502 1348.76 1440.53 0 173 "Covariance may not be accurate."
SN2008ia 109 0.043500000000000004 1816.2091392636396 2.3314683517128287e-14 0.6562189854527599 0.9993142240702766 0.0 0.00036931120519057004 4.163336342344337e-17 1.3765435672996595e-06 0.0002794973268213097 89115.53589569265 35.0 -18.48106876324442 2.246843100864478 1809.77 1874.69 25 84 "Covariance may not be accurate."
SN2007ol 7 0.043500000000000004 1398.452281834494 3.747002708109903e-15 1.244913873592592 0.28144719623852676 0.0 0.06029814655471455 4.163336342344337e-17 0.0007506611608043556 0.0005223289618713767 233.14255506603666 3.0 -17.911063090254782 1.4600582633079924 1409.79 1422.66 0 7 "Covariance may not be accurate."
SN2008fw 70 0.043500000000000004 1743.2799938694432 4.5380366131553274e-14 1.2455925315867011 0.5156653887997941 0.0 74.80716398036748 0.9463171083474267 0.3998957623606823 0.7237879343983666 286651.6492853496 43.0 -20.155683034453897 1.4596253228316058 1740.89 1827.81 2 68 "Covariance may not be accurate."
SN2005mc 31 0.043500000000000004 742.7779857098936 4.829470157119431e-15 1.1611912356972653 0.2558046146397931 0.0 35.48702655608815 0.9223870683594068 0.43818786969899065 0.6274441496428096 24385.78612963449 27.0 -18.228116144054184 1.5198000808047318 736.79 773.62 10 21 "Covariance may not be accurate."
SN2009dc 76 0.043500000000000004 1946.758726243839 3.5638159090467525e-14 1.2416277879324127 0.13049879250396856 0.0 36.69289488234824 0.922387243053181 0.3374193826243224 0.5567957646984967 66123.15919422144 19.0 -20.668545224538676 1.4621774301908346 1938.77 1976.68 20 56 "Covariance may not be accurate."
SN2009F 82 0.043500000000000004 1847.4035966146328 1.124100812432971e-14 1.1186047671519832 0.5002132043549096 0.0 0.010594502526032556 8.326672684688674e-17 0.011237799234143031 0.00546751374602214 122785.97412862832 36.0 -18.665148640945844 1.5556513536847092 1837.75 1884.63 44 38 "Covariance may not be accurate. Covariance not positive definite. Covariance forced positive definite."
SN2008go 19 0.043500000000000004 1749.5435718099566 5.079270337660091e-15 1.2199404150324336 0.49874719715827204 0.0 6.6472912521931e-05 0.0 0.0921812711318617 2.5912515077747278e-05 11266.103906208928 8.0 -17.80606624829538 1.47653251329427 1764.54 1776.58 0 19 "Covariance may not be accurate."
SN2008cf 51 0.043500000000000004 1628.499942279585 3.747002708109903e-15 0.6504734037751002 0.3330369128719759 0.0 54.28425035866405 0.9223869339011113 0.36175854856941614 0.6599162597778542 214638.88234429876 27.0 -17.82240029636427 2.261161053472062 1595.77 1654.65 35 16 "Covariance may not be accurate."
SN2006bd 31 0.043500000000000004 830.8391560819541 1.8318679906315083e-15 0.6500000000106785 0.5040004509783331 0.0 19.072377566775685 0.0 2.1808940209311345e-09 7.647952464490126e-05 20239.237931370197 12.0 -16.689387414018455 2.262356479116473 822.75 872.57 9 22 "Covariance may not be accurate."
SN2007bm 50 0.0062 1278.0960321101843 0.000480593298881421 0.6597255722246079 0.4736430552867789 0.0 4.774847184307873e-12 0.00018917800461761003 1.0321354881881462e-11 0.004420786653654224 737279.1927230115 13.0 -41.01434488079347 2.23821758436472 1217.57 1278.52 46 4 "Covariance may not be accurate. Covariance not positive definite. Covariance forced positive definite."
SN2006kf 118 0.043500000000000004 1070.0705318089772 3.4139358007223564e-15 0.6729132292157409 0.18458290002439715 0.0 0.010846884721331662 0.0 0.00038214982581952217 0.00019555128965920154 347056.4886860157 45.0 -18.011384628999828 2.2064376095273417 1036.81 1127.64 79 39 "Minimization exited successfully."
SN2008bt 35 0.043500000000000004 1597.1546532952098 6.994405055138486e-15 0.8427938952164563 0.5168172501071449 0.0 65.746933135056 0.9275189111108859 0.3932450202031465 0.7163860631965443 198585.8655992099 24.0 -18.123532066682817 1.878319831420967 1571.61 1651.47 17 18 "Covariance may not be accurate."
SN2006mr 118 0.043500000000000004 1052.0671967261123 2.2648549702353193e-14 1.1551229269281968 0.27476793598770416 0.0 0.0465578721291422 4.163336342344337e-17 5.552156081611859e-05 0.00021817711814206553 94378.13355415594 55.0 -19.875421352669044 1.524682488721858 1045.86 1147.57 16 102 "Minimization exited successfully."
SN2007le 148 0.043500000000000004 1399.798963532736 1.5679124665268773e-13 0.6851049914714176 0.5078740130272579 0.0 0.021522996669887107 4.163336342344337e-17 0.00015914640207109754 3.408811510569043e-05 531664.508718247 54.0 -21.514302585239033 2.1779067186947536 1388.57 1470.55 30 118 "Minimization exited successfully."
SN2008hu 52 0.043500000000000004 1789.7653988907489 6.328271240363392e-15 0.8933179751154834 1.1398642807414205e-08 0.0 1.9462868294795044e-05 0.0 4.773237482436077e-06 0.0008873105885753019 10249.480993530144 30.0 -19.01982504968648 1.8048116521990138 1804.74 1844.84 0 52 "Covariance may not be accurate."
SN2009J 18 0.043500000000000004 1831.792599914539 5.662137425588298e-15 1.2281031663766426 0.48160594559083475 0.0 22.666372329827595 0.9223872687512699 0.4112590305446891 0.7059977661041723 16609.70047799568 10.0 -17.96545303003733 1.4710581238983629 1846.74 1867.68 0 18 "Covariance may not be accurate."
SN2007N 100 0.043500000000000004 1164.136047948407 8.326672684688674e-17 0.6500000000626864 0.0011267491861449708 0.0 75.31035629819712 0.9264955057019801 0.37059560227599875 0.6005507370893669 236937.0410472681 48.0 -14.316014820431942 2.2623391872338026 1123.82 1213.67 75 25 "Covariance may not be accurate."
SN2006ob 38 0.043500000000000004 1064.9985218014021 1.9984014443252818e-15 1.044671725195263 0.7576883882750813 0.0 55.131688780628565 1.4986428102542857 0.4065991194737439 0.7395071246620566 7030.210131574187 23.0 -16.288917856860223 1.62560180652288 1060.65 1121.57 2 36 "Covariance may not be accurate."
SN2006bh 102 0.043500000000000004 840.7275471836756 4.438116540939063e-14 0.729256936872661 0.5098335505101139 0.0 63.971045644178844 1.2466006358120696 0.33473750785165557 0.7299344736069721 415391.02670678083 37.0 -20.14086836828859 2.080418316274386 829.91 891.79 23 79 "Covariance may not be accurate."
SN2007ba 68 0.043500000000000004 1217.5717765563418 3.0808688933348094e-15 0.6516923831095073 0.28490243385595904 0.0 0.03281286370793168 0.0 0.0003592252358293191 0.0010464441473401753 37108.638647848 26.0 -17.692818750999493 2.258102328562245 1190.83 1254.75 44 24 "Covariance may not be accurate."
SN2008fp 185 0.043500000000000004 1716.4410126347677 2.103317520152359e-13 1.2440182199083045 0.2888979920553706 0.0 0.020078765725656922 1.6653345369377348e-16 0.00022261481023388985 0.003480286569247315 224621.6055600721 72.0 -22.271748883540532 1.4606364913832746 1725.83 1874.61 0 185 "Covariance may not be accurate."
SN2005na 79 0.043500000000000004 774.1672231510938 4.163336342344337e-15 1.249110070899989 0.11719313323327685 0.0 77.53593296566561 0.9233477810300341 0.3590352836304242 0.547115164049659 365804.75492813607 55.0 -18.36290765427044 1.4573531345212238 738.71 834.54 41 38 "Covariance may not be accurate."
SN2008R 64 0.043500000000000004 1496.5670575096367 3.114175584073564e-14 1.1324473532173922 0.541697783519579 0.0 0.0012230303569822354 0.0 0.0013442673627218626 5.875256303988774e-05 18975.76923703208 22.0 -19.704083158991377 1.5436005349826551 1493.63 1532.52 7 57 "Covariance may not be accurate."
SN2005bg 31 0.043500000000000004 456.65003394012876 6.361577931102147e-14 0.6500000100388982 0.450409442871962 0.0 0.6495216510762987 0.0 1.9762520508948e-09 1.2523970463501621e-05 45249.164423018905 27.0 -20.663498125592113 2.262354626374588 472.67 512.61 0 31 "Covariance may not be accurate."
SN2005ke 222 0.043500000000000004 725.9134420812284 2.7977620220553945e-14 0.9308050470701752 0.33149865056001926 0.0 96.67251631093325 0.9223868646969855 0.42155016320065697 0.6593322276901369 602289.3788890208 82.0 -20.007968517040382 1.7545068032813766 689.69 819.51 132 90 "Covariance may not be accurate."
