analysis_pipeline/fit_results/csp_4_sn91bg_color_interpolation_all.ecsv
# %ECSV 0.9
# ---
# datatype:
# - name: obj_id
#   datatype: string
# - name: num_points
#   datatype: int64
# - name: z
#   datatype: float64
# - name: t0
#   datatype: float64
# - name: x0
#   datatype: float64
# - name: x1
#   datatype: float64
# - name: c
#   datatype: float64
# - name: z_err
#   datatype: float64
# - name: t0_err
#   datatype: float64
# - name: x0_err
#   datatype: float64
# - name: x1_err
#   datatype: float64
# - name: c_err
#   datatype: float64
# - name: chi
#   datatype: float64
# - name: dof
#   datatype: float64
# - name: b_max
#   datatype: float64
# - name: delta_15
#   datatype: float64
# - name: tmin
#   datatype: float64
# - name: tmax
#   datatype: float64
# - name: pre_max
#   datatype: int64
# - name: post_max
#   datatype: int64
# - name: message
#   datatype: string
# schema: astropy-2.0
obj_id num_points z t0 x0 x1 c z_err t0_err x0_err x1_err c_err chi dof b_max delta_15 tmin tmax pre_max post_max message
2008J 81 0.0159 1479.8221819486653 4.5879966492634594e-14 1.2015339016300073 0.6493855462721558 0.0 2.8680008117921716 0.0 1.7494997899714093e-05 2.8928044171483425e-05 160080.72788679122 53.0 -17.696809712021466 1.4893149052060615 1484.54 1516.52 0 81 "Covariance may not be accurate."
2005kc 125 0.0151 693.8393865958608 3.83026943495679e-14 0.6500000014491706 0.4986942134319214 0.0 0.008029599046835756 0.0 1.4271683834721216e-10 1.720358645984632e-06 268215.8321659673 69.0 -17.655804431865953 2.262356409377098 687.52 728.54 35 90 "Covariance may not be accurate."
2005A 182 0.0191 361.67378001301813 3.755329380794592e-14 0.7395478864809323 0.36708863047425433 0.0 43.64535146999705 0.9223873698287388 0.4383252985283459 0.6722496688471179 115174.5630988775 149.0 -18.435024660447464 2.059207949316672 376.65 433.53 0 182 "Covariance may not be accurate."
2009Y 264 0.0094 1887.182836835198 8.076872504148014e-14 1.2453803296385215 0.08134424981958699 0.0 6.0859607856400544e-05 0.0 6.1033871734395e-08 0.000528618760086863 1083521.8743193285 177.0 -18.265639824687018 1.4597502349962888 1868.84 1976.65 65 199 "Covariance may not be accurate."
2004gs 299 0.0267 387.42356649830157 4.163336342344337e-16 0.6500004132970105 0.0004389164454001171 0.0 0.00016414200717917993 0.0 1.994984732966998e-09 0.004677958240626917 1022745.3689971882 273.0 -14.977416093704285 2.262338128326139 352.85 461.56 137 162 "Covariance may not be accurate."
2004eo 269 0.0157 295.8548707414519 1.6403545188836688e-14 1.2210579882549066 0.020913357229202623 0.0 63.79000827369171 0.9223868849290286 0.41643269490525 0.6703226223234995 4005124.742329481 232.0 -17.762159674098612 1.4757633772317114 266.52 341.54 167 102 "Covariance may not be accurate."
2008gp 169 0.0334 1840.4085362699605 4.1237031123131374e-08 0.763522877568248 0.5157025262130729 0.0 0.0 0.0 0.0 0.0 1111900.2272096225 109.0 -34.46167331695296 2.0122627741492582 1768.75 1844.52 168 1 "Hesse Failed. Covariance may not be accurate. Covariance not positive definite."
2007ca 117 0.043500000000000004 1222.1843824205055 2.856048730848215e-14 0.6500068902277822 0.035275259746132936 0.0 46.197574989241616 0.9223871005440476 0.3680979311613078 0.6844317458291018 639561.6106898035 72.0 -20.598996051441773 2.2623228431336013 1217.65 1275.65 12 105 "Covariance may not be accurate."
2009al 123 0.0221 1970.9369776080275 0.005206749960958268 0.7347216287671204 0.017490334200022606 0.0 0.0 2.6118790289575422e-05 1.9583223931363136e-12 1.7346035879328703e-06 611377.1925873534 79.0 -47.27485501839426 2.0690632541264655 1891.71 1973.54 121 2 "Covariance may not be accurate. Covariance not positive definite. Covariance forced positive definite."
2008ae 101 0.043500000000000004 1513.3311819633213 2.3314683517128287e-15 0.6857339254301743 0.5000417022269743 0.0 0.05047148653068234 0.0 9.962590312162511e-07 3.6959907648292933e-06 32849.710133919274 44.0 -16.95747943643964 2.1764536713599654 1508.74 1602.52 13 88 "Covariance may not be accurate."
2006dd 217 0.043500000000000004 932.4912593980343 3.1291635949060037e-13 0.8658398649546369 0.5608441426415907 0.0 187.1650686313783 0.9223969548557187 0.40180946535905526 0.7227946938795348 1010399.8136698537 212.0 -22.17671427609237 1.8439861134351059 906.94 1147.57 1 216 "Covariance may not be accurate."
2005ki 310 0.043500000000000004 781.0672238401606 1.6653345369377348e-16 1.1689754019921086 0.010487270743553545 0.0 0.0005598932215207242 0.0 1.1577528080675137e-06 0.022018439411655877 1785073.1282821964 250.0 -15.053721730047474 1.5136410748857791 695.86 861.5 236 74 "Covariance may not be accurate."
2007if 114 0.043500000000000004 1372.6411916105726 1.2490009027033011e-15 1.0490800574224188 0.4792000956445642 0.0 66.93124116333809 0.9223869342728702 0.4419122177565919 0.7054049351054992 365780.64202014916 88.0 -16.330100541858233 1.621189742274641 1355.77 1443.6 57 57 "Covariance may not be accurate."
2006D 298 0.043500000000000004 792.5120016649154 1.6819878823071122e-14 1.2469308004647597 0.3313468894118129 0.0 0.001818400864465275 4.163336342344337e-17 0.00017029202032747826 8.611286538806606e-05 2085661.2281411341 230.0 -19.45576973301609 1.4587598221619054 751.84 891.61 140 158 "Covariance may not be accurate."
2006lu 128 0.043500000000000004 1074.6431278197795 2.498001805406602e-16 0.6500000002079234 0.0603976025214209 0.0 0.00027221960567658243 0.0 5.935679725510568e-11 0.04669595192812728 259803.93505518205 122.0 -15.41104056229442 2.2623409820923754 1040.84 1137.75 62 66 "Covariance may not be accurate."
2009ag 208 0.043500000000000004 1872.512834076201 8.218425939787721e-14 1.0762196126085721 7.49658022187738e-05 0.0 1.2951810276717879e-05 4.163336342344337e-17 3.995279027613208e-07 2.4977051506891446e-05 391440.69942753075 108.0 -21.8034658473978 1.5946955657231214 1886.62 1959.54 0 208 "Covariance may not be accurate."
2006ev 116 0.043500000000000004 995.162020387636 4.9960036108132044e-15 1.1048122390477337 0.6752368442107837 0.0 38.679013362836486 0.929843350481773 0.37259191620072757 0.7419578645090386 118384.24341632881 53.0 -17.466569661768148 1.568021209011583 993.59 1039.52 11 105 "Covariance may not be accurate."
2009cz 83 0.043500000000000004 1951.624570957271 2.481348460037225e-14 0.6500000000203828 9.472330659454631e-05 0.0 3.5974122397419706e-05 4.163336342344337e-17 6.032230270847094e-12 5.379993596396626e-05 535957.0950964261 46.0 -20.503182353894 2.262339158816541 1937.53 1966.46 47 36 "Covariance may not be accurate."
2006gj 122 0.043500000000000004 1045.862537173887 8.326672684688674e-17 1.0461577856640891 0.000673301463631204 0.0 82.23352894089254 0.9404871722685515 0.3992741754041023 0.6256834740650008 227088.04697949355 88.0 -14.316730086605695 1.6240965751614098 998.83 1096.59 86 36 "Covariance may not be accurate."
2005el 236 0.043500000000000004 677.1936656021046 9.908740494779522e-15 0.6500000000008037 0.07055872379220562 0.0 0.0001226048266289581 0.0 1.402045146647879e-12 0.0011335498611219352 2028130.0053152489 139.0 -19.38942113123553 2.2623413249111586 639.89 730.75 125 111 "Covariance may not be accurate."
2007jh 45 0.043500000000000004 1389.5047045517047 2.498001805406602e-16 1.2492839192738148 0.04274108215824407 0.0 47.5705614086861 0.9223965130777587 0.3600781107729261 0.6902040245052962 74725.57639163439 39.0 -15.441099993211616 1.4572394663921244 1363.86 1413.8 27 18 "Covariance may not be accurate."
2007so 66 0.043500000000000004 1462.9192279977976 1.6653345369377348e-16 0.6655810788646251 0.49989185548015924 0.0 43.96987090331345 0.9223869449742802 0.3729043362085956 0.7468958960622034 219343.72063687805 44.0 -14.09249219897282 2.2239857169317148 1449.68 1494.53 41 25 "Covariance may not be accurate."
2006gt 93 0.043500000000000004 1030.8090103545214 8.326672684688674e-17 0.650000000344227 0.004813922681995875 0.0 64.39399005770429 0.9422570867576776 0.37689656129310195 0.5846968323930035 197863.24183963833 68.0 -14.310182409913043 2.2623392891360616 1001.67 1076.62 59 34 "Covariance may not be accurate."
2007ai 111 0.043500000000000004 1174.9486827568212 8.326672684688674e-17 0.6500000807494125 0.5000688104943234 0.0 64.40200895778855 0.9295198284412765 0.371713993718294 0.7133628270874492 253702.31215219293 85.0 -13.339541549597335 2.262356263051089 1167.88 1259.7 26 85 "Covariance may not be accurate."
2006hb 190 0.043500000000000004 1056.2719987397502 6.161737786669619e-15 0.7920309240984923 0.02332101541311804 0.0 0.0002465446580117714 4.163336342344337e-17 8.702201435561996e-07 0.03519615602732526 1071269.221273895 139.0 -18.953504333213502 1.9606265740757358 1006.87 1143.59 112 78 "Covariance may not be accurate."
2007hj 266 0.043500000000000004 1347.5104054764652 3.7470027081099033e-14 0.6500000003339548 0.4787712802968873 0.0 1.9531219457632005 0.0 3.5583425095353505e-11 1.9288983241494417e-06 723157.929211792 159.0 -20.02391486413275 2.262355640658164 1348.76 1440.53 0 266 "Covariance may not be accurate."
2008ia 166 0.043500000000000004 1813.891613104019 7.327471962526033e-15 1.1416581186568533 0.000443881879700625 0.0 4.192779681488901e-05 0.0 2.905792578777877e-07 0.0013235955507440167 162044.85318829265 92.0 -19.178298377034295 1.5357775590351714 1809.77 1874.69 27 139 "Covariance may not be accurate."
2007ol 31 0.043500000000000004 1415.4663039107431 7.743805596760467e-15 1.2318314747738666 0.4894132686760012 0.0 20.615719008880546 0.9273419766097772 0.41032761287321223 0.7099017719328464 24239.547417483413 27.0 -18.286709762354487 1.4685904304921955 1409.79 1422.66 15 16 "Covariance may not be accurate."
2008fw 162 0.043500000000000004 1748.4175283814388 8.068545831463325e-14 1.0964508025160395 0.4842415010393425 0.0 0.01326620233714948 0.0 7.275531989092698e-07 1.330409718253156e-06 1120266.4745730762 135.0 -20.843720725515965 1.5756855912164642 1740.89 1827.81 12 150 "Covariance may not be accurate."
2005mc 83 0.043500000000000004 742.4214005509492 5.079270337660091e-15 1.0570600707425055 0.5112277456392172 0.0 0.007712138270278501 4.163336342344337e-17 0.0010413795767332257 5.3251958578193204e-05 111611.57350410448 79.0 -17.785144932605633 1.6132869414193358 736.79 773.62 29 54 "Minimization exited successfully."
2009dc 116 0.043500000000000004 1948.3923953272717 4.7128967395337895e-14 1.2379382304399176 0.49687860645519977 0.0 0.0007294145800642582 0.0 0.0005439892944721914 8.350025334044608e-05 443408.0000887596 59.0 -20.229377644184993 1.4645863952627316 1938.77 1976.68 36 80 "Covariance may not be accurate."
2009F 139 0.043500000000000004 1847.5803511324277 8.826273045769994e-15 1.2440771708329987 0.21453958843047605 0.0 42.29694311025207 0.922386930993888 0.34263627831035287 0.6071002418774459 256062.91941504096 93.0 -18.976264067509838 1.4605960534772606 1837.75 1884.63 72 67 "Covariance may not be accurate."
2008go 43 0.043500000000000004 1750.1396590828151 5.329070518200751e-15 1.2091526434172897 0.24613889158341284 0.0 14.81442374157973 0.9223870081260563 0.3040192361366742 0.7395861569703932 110986.71876070209 32.0 -18.3536770110453 1.4839362590890808 1764.54 1776.58 0 43 "Covariance may not be accurate."
2008cf 96 0.043500000000000004 1617.9918660626197 3.9968028886505635e-15 0.6500002476866104 0.4534682765490888 0.0 0.0021158218302161913 0.0 3.546414040767054e-07 0.0019506000928891376 540716.1046092331 72.0 -17.652054005469914 2.2623541295276652 1595.77 1654.65 49 47 "Covariance may not be accurate."
2006bd 52 0.043500000000000004 836.9964210155063 8.326672684688674e-17 0.6500000008993237 0.4590790862455988 0.0 47.02374786918915 1.101169384061571 0.44047934591999055 0.700256524546884 95591.63733168991 33.0 -13.436340091412397 2.2623549395484233 822.75 872.57 30 22 "Covariance may not be accurate."
2007bm 85 0.0062 1278.3451685340399 0.001391559410747062 0.6571746046311961 0.47474692212531017 0.0 1.2505552149377763e-12 0.0002445951111825495 2.355615702498426e-12 0.003222502214618672 2421686.0347402715 48.0 -42.16607837009451 2.2444861110666547 1217.57 1278.52 81 4 "Covariance may not be accurate. Covariance not positive definite. Covariance forced positive definite."
2006kf 180 0.043500000000000004 1074.7512014467607 1.7486012637846216e-15 1.236717144037585 0.28698600412822584 0.0 0.0008614328439762176 0.0 0.014600799801071984 5.754079886943764e-05 836231.3622082477 107.0 -17.07440059286806 1.4653791103130729 1036.81 1127.64 128 52 "Covariance may not be accurate."
2008bt 84 0.043500000000000004 1572.2150578013159 1.63202784619898e-14 1.153402424374399 0.5077304967361931 0.0 11.815232179480518 0.0 1.148151623731053e-05 2.6107298005451085e-05 41033.476998807695 73.0 -19.058045625783215 1.5260853517710515 1571.61 1651.47 6 78 "Covariance may not be accurate."
2006mr 221 0.043500000000000004 1073.4498140705427 9.076073226310655e-15 1.2499656173332903 0.3723055985835033 0.0 0.029045237934610668 4.163336342344337e-17 1.76903432712594e-05 0.0016266375156955837 498036.8179073552 158.0 -18.71023509350747 1.456812262091585 1045.86 1147.57 93 128 "Covariance may not be accurate."
2007le 242 0.043500000000000004 1411.6949458717672 1.7802426199864385e-13 0.651352759131502 0.5088376898030438 0.0 25.739435175834956 0.0 7.009567115634496e-08 1.395030356343696e-06 1423309.4039680266 148.0 -21.65065948225015 2.2589590500299312 1388.57 1470.55 90 152 "Covariance may not be accurate. Covariance not positive definite. Covariance forced positive definite."
2008hu 97 0.043500000000000004 1791.7132958777945 5.329070518200751e-15 1.0606583123838162 0.5957184561349462 0.0 37.73665057483504 0.9223892759200174 0.3918857012377008 0.728479224296745 106992.47353729437 75.0 -17.692790212777997 1.6097564009229615 1804.74 1844.84 0 97 "Covariance may not be accurate."
2009J 41 0.043500000000000004 1846.6019218452393 1.6653345369377348e-16 0.650033463344589 0.057656198250821966 0.0 24.89883950085448 0.9420223177122314 0.3748448017113768 0.5036021858497631 69155.32186292566 33.0 -14.975534435069154 2.2622566869265626 1846.74 1867.68 0 41 "Covariance may not be accurate."
2007N 165 0.043500000000000004 1164.7916781572014 8.326672684688674e-17 0.6500000000000001 8.986946921085703e-06 0.0 0.0013925632679274713 0.0 5.227424049181195e-11 0.00041627808947589107 430895.6483398345 113.0 -14.317776737871036 2.262339156502044 1123.82 1213.67 117 48 "Covariance may not be accurate."
2006ob 63 0.043500000000000004 1066.7401767558288 1.6653345369377348e-16 1.2294156389199387 0.0008786509066072701 0.0 48.38992974399753 0.9224076617434177 0.318280605857121 0.602256687933162 95901.12072843613 48.0 -15.068981261351187 1.4701737749007222 1060.65 1121.57 17 46 "Covariance may not be accurate."
2006bh 175 0.043500000000000004 852.1795222478614 1.865174681370263e-14 1.171779970884707 0.10868026028164868 0.0 54.33655000666863 0.9223868805140834 0.4359746670675453 0.5410042404601635 1241083.9709706083 110.0 -20.007137612693594 1.511459197595638 829.91 891.79 86 89 "Covariance may not be accurate."
2007ba 124 0.043500000000000004 1223.0513219944494 8.326672684688674e-17 0.6500000000000316 0.0012269277376987797 0.0 62.1105251268541 1.0539116597159854 0.4215647330054521 0.6293709156849348 240149.54228668788 82.0 -14.315856770283151 2.2623391901648198 1190.83 1255.61 88 36 "Covariance may not be accurate."
2008fp 300 0.043500000000000004 1750.6081695647974 1.3331002968186567e-13 0.838408031195073 0.5117183363460759 0.0 0.014477441107374034 4.163336342344337e-17 0.0018140825653223946 1.6083839846914305e-05 2007554.2944209995 187.0 -21.332012948372448 1.8850346919069842 1724.84 1874.61 125 175 "Covariance may not be accurate."
2005na 170 0.043500000000000004 759.6401400542246 4.413136522884997e-15 1.0054638612979239 0.5093669425225856 0.0 0.02770727281682639 0.0 1.3409551185006308e-06 2.2689011445198304e-06 928570.6601217283 146.0 -17.635485315651746 1.666400524216229 738.71 834.54 50 120 "Covariance may not be accurate."
2008R 107 0.043500000000000004 1495.2981982514887 5.412337245047638e-14 0.6507741783511556 0.5269456362842372 0.0 35.232912689709565 0.9537859782063003 0.35971481218576723 0.7294201309163365 329448.8533173791 65.0 -20.328641138536906 2.260410554415447 1493.63 1532.52 12 95 "Covariance may not be accurate."
2005bg 95 0.043500000000000004 485.4231595373206 8.243405957841787e-15 0.6500000013178395 5.086015378852338e-07 0.0 9.550804415425773e-05 0.0 8.957579122892412e-11 5.800291351581999e-06 858066.00411808 91.0 -19.306878077775973 2.262339152951835 471.65 512.61 72 23 "Covariance may not be accurate."
2005ke 367 0.043500000000000004 733.3806180585301 2.040034807748725e-14 1.2018335912868685 0.5197796648423376 0.0 99.54945409064896 0.9317189958635828 0.3107101543812831 0.7188598134772826 1650147.8576053681 227.0 -19.280955828063608 1.4891010074428799 689.69 819.51 209 158 "Covariance may not be accurate."
