analysis_pipeline/fit_results/csp_4_salt2_2.4_blue.ecsv
# %ECSV 0.9
# ---
# datatype:
# - name: obj_id
#   datatype: string
# - name: num_points
#   datatype: int64
# - name: z
#   datatype: float64
# - name: t0
#   datatype: float64
# - name: x0
#   datatype: float64
# - name: x1
#   datatype: float64
# - name: c
#   datatype: float64
# - name: z_err
#   datatype: float64
# - name: t0_err
#   datatype: float64
# - name: x0_err
#   datatype: float64
# - name: x1_err
#   datatype: float64
# - name: c_err
#   datatype: float64
# - name: chi
#   datatype: float64
# - name: dof
#   datatype: float64
# - name: b_max
#   datatype: float64
# - name: delta_15
#   datatype: float64
# - name: tmin
#   datatype: float64
# - name: tmax
#   datatype: float64
# - name: pre_max
#   datatype: int64
# - name: post_max
#   datatype: int64
# - name: message
#   datatype: string
# schema: astropy-2.0
obj_id num_points z t0 x0 x1 c z_err t0_err x0_err x1_err c_err chi dof b_max delta_15 tmin tmax pre_max post_max message
[from data line 105]
SN2008fl 89 0.0199 1721.3484233831944 0.005425047197931788 -1.328659375167475 0.17434851162567067 0.0 0.05363239197197345 2.0275729362295974e-05 0.014107953145293228 0.0029831470603398635 23130.28050791038 85.0 -18.542418572536853 1.314354812767867 1724.49 1789.53 0 89 "Minimization exited successfully."
SN2007st 44 0.0212 1453.552366893252 0.008661639763289129 -1.697956481866866 -0.01846667382469014 0.0 0.08523959924968949 6.629787105322422e-05 0.022339172629290083 0.005224666083655238 1142.6126119232608 40.0 -19.188115650333273 1.4206695473168462 1458.66 1493.55 0 44 "Minimization exited successfully."
SN2005hc 79 0.0459 668.115751351195 0.0018113664237866145 0.8313561528537257 0.07488812542720846 0.0 0.03879573368288902 3.203575813330627e-06 0.03173672245360937 0.0029519442687940822 21513.260937351748 75.0 -19.20848777376274 0.9017928561214568 662.72 755.61 16 63 "Minimization exited successfully."
SN2009ab 40 0.0112 1883.7840184539016 0.011416317394922213 -0.8764041132306746 0.1737852331421892 0.0 0.012345686826733981 2.120567807994099e-05 0.013537815601697645 0.0026340147687565763 3953.326051810063 36.0 -18.087754199970423 1.2156206745933282 1874.57 1911.51 16 24 "Minimization exited successfully."
SN2007as 65 0.0176 1182.2526129374996 0.006731609392912275 -0.9772542919799463 0.25300745332763785 0.0 0.04039787780766346 1.4973878468232775e-05 0.019328029511609834 0.0027806207848525277 48891.79650787655 61.0 -18.508158341487654 1.2307434235904111 1181.7 1259.49 4 61 "Minimization exited successfully."
SN2006hx 31 0.0455 1022.3356182669593 0.0015155746605516052 -0.1330564465981272 0.17174944960911542 0.0 0.04444875160237416 1.5684871261634203e-05 0.06663869014060753 0.011467324115641664 683.672844369353 27.0 -18.995847158939345 1.068605679763504 1012.66 1080.59 8 23 "Minimization exited successfully."
SN2008ff 86 0.0193 1714.6052679890752 0.004781507025470447 1.1998352153147778 0.5252681247127575 0.0 40.634288290725635 0.026539345442332905 7.318011045919873 1.478753684962785 152052.4275232662 82.0 -18.35279595764508 0.8234866398541492 1724.53 1790.57 0 86 "Covariance may not be accurate."
SN2009ds 36 0.0193 1962.3025620945666 0.009324525316641796 1.683542452463488 0.16670902662138554 0.0 0.04377602375450351 2.3477620148319896e-05 0.052455896231681454 0.00352238807261096 793.5110172806648 32.0 -19.065177488330956 0.7577971006424029 1956.68 1976.62 12 24 "Minimization exited successfully."
SN2008O 50 0.0389 1490.2941025911985 0.0007138814136687017 -1.9973293895654578 0.47080569280272444 0.0 0.11730351281391904 5.273686172493908e-06 0.060708544170416046 0.009150651515760666 832.6782892732815 46.0 -17.83691731558764 1.4449914954310472 1490.64 1571.48 0 50 "Minimization exited successfully."
SN2006ot 43 0.0531 1066.9156183013422 0.0009450139174337791 -0.24201578945702096 0.22984043929764342 0.0 3.385126842658792e-05 3.820388066283508e-06 0.05542583229670184 0.007681380604571797 867.8630219915414 39.0 -18.831666668870245 1.0856663065590695 1065.68 1119.57 8 35 "Minimization exited successfully."
SN2006py 21 0.0579 1071.8152155716946 0.0009962407513031096 -0.4665825810913553 0.11835317312700244 0.0 0.14929246472297564 6.1315613915146954e-06 0.14066010652061856 0.011347927749592923 144.930299406421 17.0 -19.082229783671764 1.1360277415756244 1069.54 1087.54 4 17 "Minimization exited successfully."
SN2005be 45 0.035 459.71785549368684 0.002983135066022899 -1.710411031131418 -0.042253808489034816 0.0 0.07546806696271346 2.624288775509437e-05 0.018984483720701384 0.005761019937921108 690.3040972396284 41.0 -19.14209292519844 1.4261326118332 467.89 491.77 0 45 "Minimization exited successfully."
SN2006fw 25 0.0835 1004.2260383965349 0.00037961195871736577 -0.47137072339645947 0.1634584332145479 0.0 0.11564981934628804 2.1006091295058924e-06 0.09368772812205117 0.0059188546896341565 851.7419137271623 21.0 -18.869818606388748 1.1340631028243884 1001.75 1039.73 5 20 "Minimization exited successfully."
SN2007ax 40 0.0069 1186.3972392227922 0.003957637103036721 -2.018156119881744 0.8436320749049804 0.0 0.05203251547845866 1.7733412005821198e-05 0.03557520748521248 0.0058930331092205135 11193.975154153535 36.0 -15.91437906074814 1.4067956359385967 1185.56 1246.46 4 36 "Minimization exited successfully."
SN2007jg 57 0.0371 1367.1203832987605 0.0014594756888970746 -0.6903788650186362 0.24018479554213923 0.0 0.0458014872149306 4.080156946749381e-06 0.041688072058522874 0.004115906736391062 1803.4239903395082 53.0 -18.4994143707732 1.172485496518643 1363.82 1423.7 12 45 "Minimization exited successfully."
SN2007af 102 0.0055 1176.5350360215057 0.04999999999913793 1.9597344491319362 0.33351307295840926 0.0 4.995399649487808e-10 5.215946971594276e-07 0.01494173318272729 0.0025730928401045405 259209.6892504854 98.0 -18.144410137801565 0.7080163324141626 1165.8 1256.69 22 80 "Minimization exited successfully."
SN2008cc 81 0.0104 1580.2602560605712 0.01607280303089679 -1.7779439027557853 0.38860177791529993 0.0 1.6592980500718113e-05 2.8180577077608834e-05 0.014106433056351175 0.002050028701590323 143938.47508385702 77.0 -18.302950594399572 1.3995922594846348 1582.86 1654.86 0 81 "Minimization exited successfully."
SN2006ef 36 0.0179 970.6909251530985 0.010192374559812126 -1.5739122533786158 0.038497827016656494 0.0 0.06118228214415922 7.61429567137633e-05 0.01986550954599431 0.004992166796619957 32751.849537029284 32.0 -18.992077797237233 1.3844745838375836 979.9 1040.71 0 36 "Minimization exited successfully."
SN2007nq 75 0.045 1398.7848696209771 0.0016956243727321687 -1.9922153184433111 0.055372946499755216 0.0 0.061124158998609346 7.941402059044502e-06 0.028921699182137495 0.0058737104232248205 5211.390881549698 71.0 -19.090572711590294 1.4892985061761799 1397.65 1476.56 4 71 "Minimization exited successfully."
SN2008bq 64 0.034 1563.9432410677507 0.0025607083378253906 0.4161896971456711 0.19847398579218556 0.0 0.056042080173483555 5.759082394664371e-06 0.032146707081524006 0.002650419281973182 659.8384002433547 60.0 -18.915047328434316 0.967922282470127 1562.49 1606.46 4 60 "Minimization exited successfully."
SN2008hv 93 0.0126 1817.5944038853822 0.019976635606319307 -1.208431047767109 -0.056082708675721404 0.0 0.006070792362947941 3.5777670063897454e-05 0.008970964525601532 0.001872469456661252 89732.0974637795 89.0 -18.951629174559628 1.3063011169512748 1806.79 1884.68 19 74 "Minimization exited successfully."
SN2009I 18 0.0262 1852.5963425253278 0.0007559067943313431 1.5158572106388215 0.7899754705896056 0.0 0.11419571256101335 5.007246006565069e-06 0.13594011525109506 0.010235679752994553 127.94160045069788 14.0 -17.044450068221952 0.7638967539541177 1848.58 1867.58 4 14 "Minimization exited successfully."
SN2004gc 80 0.0321 330.0950391193772 0.0013495063220798826 -1.5863272329617875 0.492103109262259 0.0 1.0427697816339787e-08 3.905017453747985e-06 0.017065643308808998 0.004955562889669696 10245.442922552604 76.0 -18.10132637844048 1.3437812234895397 329.83 397.66 3 77 "Covariance may not be accurate."
SN2005lu 49 0.032 719.9400322267387 0.0013289122719294527 -0.3425657259520918 0.4707416513892231 0.0 3.2237070399787626e-06 7.101898469331945e-06 0.04807622209946105 0.008518447855219602 3951.8383647168903 45.0 -18.077240378317317 1.0892186391734882 720.63 799.52 0 49 "Covariance may not be accurate."
SN2007al 48 0.0122 1162.950019374113 0.0029623890998857236 -2.152180783888654 0.423436497009851 0.0 4.000439275841927e-06 2.162906196284415e-05 0.03270472281190884 0.0078110054377255045 7685.31293747391 44.0 -16.81783190200498 1.4902892939291412 1170.77 1246.58 0 48 "Covariance may not be accurate."
