analysis_pipeline/fit_results/csp_5_sn91bg_color_interpolation_all.ecsv
# %ECSV 0.9
# ---
# datatype:
# - {name: obj_id, datatype: string}
# - {name: num_points, datatype: int64}
# - {name: z, datatype: float64}
# - {name: t0, datatype: float64}
# - {name: x0, datatype: float64}
# - {name: x1, datatype: float64}
# - {name: c, datatype: float64}
# - {name: z_err, datatype: float64}
# - {name: t0_err, datatype: float64}
# - {name: x0_err, datatype: float64}
# - {name: x1_err, datatype: float64}
# - {name: c_err, datatype: float64}
# - {name: chi, datatype: float64}
# - {name: dof, datatype: float64}
# - {name: b_max, datatype: float64}
# - {name: delta_15, datatype: float64}
# - {name: tmin, datatype: float64}
# - {name: tmax, datatype: float64}
# - {name: pre_max, datatype: int64}
# - {name: post_max, datatype: int64}
# - {name: message, datatype: string}
# schema: astropy-2.0
obj_id num_points z t0 x0 x1 c z_err t0_err x0_err x1_err c_err chi dof b_max delta_15 tmin tmax pre_max post_max message
[from data line 97]
2008bq 114 0.0035706933740981607 1547.4910281028515 4.338196468722799e-14 0.6500265399958295 0.4004758715382403 1.1158749657593208e-05 4.83326355151803e-05 4.163336342344337e-17 1.5447107137300797e-06 0.0005273251321125383 411971.8856333375 91.0 -14.85896574906398 2.262286376546882 1562.49 1606.46 0 114 "Covariance may not be accurate."
2008bt 84 0.08306534659423681 1556.6101763620545 4.879430193227563e-14 0.7630175574255473 0.37754574980373234 0.046149473363063215 24.922067125857893 0.9332256983094454 0.44648144727351263 0.675815359334212 145333.16852735207 77.0 -21.992565811065965 2.0132141497755516 1571.61 1651.47 0 84 "Covariance may not be accurate."
2008bz 70 0.0839995037013707 1569.03894983979 4.08006961549745e-15 0.650010619174735 4.385867226064377e-05 3.597326811433099e-10 1.9875945326930378e-05 0.0 4.544307374843015e-09 3.658070660592094e-05 184667.4989312134 65.0 -20.035141931839597 2.2623124351468533 1580.72 1651.52 0 70 "Covariance may not be accurate."
2008cc 167 0.0035000240197218552 1567.8712113544882 1.928457393773897e-13 0.6605861475000725 0.0009856315869661292 2.2696317895877158e-07 0.0011471500971538262 1.249000902703301e-16 0.00042611529504915646 0.00027402254486516564 341824.47474819893 120.0 -17.190083873144502 2.236096683512839 1582.86 1654.86 0 167 "Covariance may not be accurate."
2008cd 23 0.05127320390099357 1581.11403243935 1.1574075031717257e-14 0.9417950530948502 0.4682886851124745 0.05861539213156591 15.432336627770383 0.9223868954374154 0.4285193088880793 0.7026556470419612 766.7230868006166 18.0 -19.142234322806782 1.7405182538782924 1587.74 1595.73 0 23 "Covariance may not be accurate."
2008cf 96 0.003639000331865685 1580.9165899389182 6.5780714209040525e-15 1.2413973420460376 0.026319955380917193 0.05087574479300705 23.54636436849637 0.9223872668159404 0.39698755270298175 0.5415215162288806 253141.7168704283 71.0 -13.566384014797965 1.4623238008122392 1595.77 1654.65 0 96 "Covariance may not be accurate."
2008ff 230 0.0035744873523269357 1709.9490810017837 2.6229018956769323e-14 1.1535203236833163 4.768746508787558e-11 2.677380918966049e-09 4.443420607458393e-06 0.0 2.4113476260190225e-07 2.01650974901435e-06 219827.85818693985 142.0 -15.07140742272698 1.5259750700454067 1724.53 1790.57 0 230 "Covariance may not be accurate."
2008fl 186 0.0035001398544154353 1726.5511410281736 1.4238610290817633e-14 1.1431224429213829 0.0018281925926476594 0.04945677031172568 28.998868165509407 0.9223868894392283 0.35220047883416866 0.5965313918212872 109287.7116274174 137.0 -14.359470182645829 1.5345519518046373 1724.49 1789.53 21 165 "Covariance may not be accurate."
2008fp 300 0.08212369039648312 1711.918928806893 4.2116310439155313e-13 0.6577956684503784 0.02123574649234089 0.054182080537329994 20.383918843236188 0.922414394524357 0.33858494014301777 0.5493864290966698 1433027.2060914193 212.0 -24.983815928512062 2.2429406848021625 1724.84 1874.61 0 300 "Covariance may not be accurate."
2008fr 150 0.003519946455358699 1725.3156973359423 2.2565282975506307e-14 0.7699513746919358 0.017416333395081696 0.04896435735644432 21.010569775990803 0.9223980962647571 0.35957680793770586 0.6659607595803977 145323.50254847037 108.0 -14.8467902657917 2.0002248449923172 1738.78 1807.57 0 150 "Covariance may not be accurate."
2008fu 103 0.08399937844733257 1727.538582413818 8.659739592076221e-15 0.695387531079539 0.0029947578004856368 8.983001877072017e-09 0.0005073860168067768 0.0 6.366935437929211e-06 0.0009141874800912275 56302.54746902502 91.0 -20.847573868080982 2.154351905556677 1737.84 1817.67 0 103 "Covariance may not be accurate."
2008fw 162 0.0035000003156986214 1730.565215068125 2.184918912462308e-13 0.6563163940581325 0.08435796370310139 0.049503567429029005 21.884529878456874 0.9223867099738826 0.39326752962467226 0.5213975038542304 925090.7578618049 134.0 -17.185462704656562 2.246591290072251 1740.89 1827.81 0 162 "Covariance may not be accurate."
2008gg 198 0.003500000271902737 1738.634455227248 3.4888758548845544e-14 0.6500000000020966 1.3822861931300778e-05 3.142739540828998e-12 2.8361375825625146e-07 4.163336342344337e-17 7.535083668130937e-13 1.0355723203181455e-05 400504.5680192204 147.0 -15.335289430791054 2.262339156630194 1753.63 1827.57 0 198 "Covariance may not be accurate."
2008gl 166 0.08065036315708544 1778.8236321659863 9.742207041085749e-15 0.833271805162646 0.40383960459546137 7.475906727005821e-09 8.521025051777542e-06 0.0 1.285205436518666e-07 0.0008132863073431473 698670.3506754165 132.0 -20.12351476120017 1.89297765360768 1765.7 1844.55 58 108 "Covariance may not be accurate."
2008go 43 0.08280571625644967 1753.6637772211861 7.327471962526033e-15 0.6500000000698674 0.10797565582614999 0.045929513238233806 15.365465055622167 0.9404041902390771 0.3761645122266509 0.5404686938222862 131191.58114232725 38.0 -20.45308304379773 2.262342688352838 1764.54 1776.58 0 43 "Covariance may not be accurate."
2008gp 169 0.0035000653680411233 1778.708907660601 9.242606680004428e-15 1.2048087296042134 2.4212848642568563e-05 0.04953194951185575 29.291760860929344 0.9223869899534642 0.3080529094101338 0.6169893391936421 142144.0591820811 108.0 -13.893086084913975 1.4869760005946588 1768.75 1844.52 33 136 "Covariance may not be accurate."
2008ha 106 0.08399999983396543 1770.3666997274704 1.2823075934420558e-14 0.6504510420853111 6.769674768680733e-05 9.248601884337404e-12 2.9680296165679465e-05 0.0 4.1624985847033e-08 0.0010373359813692362 52301.21668839242 88.0 -21.27842956309435 2.2612048881618314 1781.55 1810.55 0 106 "Covariance may not be accurate."
2008hj 127 0.0035000002228419637 1802.9844203772743 8.576472865229334e-15 0.6500000001002475 0.0828499844614366 0.0499890173461153 29.26487002455599 0.9315062243128751 0.37259914854499326 0.5200964325660447 418635.73670256964 91.0 -13.67284895834566 2.262341754044474 1794.58 1834.55 43 84 "Covariance may not be accurate."
2008hu 97 0.07783529735873458 1796.1796034762829 8.659739592076221e-15 0.6500000000448053 0.04923015380623219 2.429519423141624e-08 1.6639232740089938e-05 0.0 5.883682430152248e-12 0.0017364989864923075 152738.16606954436 84.0 -20.597002341482238 2.26234061883979 1804.74 1844.84 0 97 "Covariance may not be accurate."
2008hv 225 0.003507539394510494 1816.4717792002607 5.229150445984487e-14 1.1319263901409586 0.0007186371830384952 7.114512668229822e-10 1.708815852907719e-05 4.163336342344337e-17 2.1778242054182329e-07 8.11549686644264e-05 296857.4003833233 140.0 -15.7782281402332 1.5440329558313053 1804.8 1912.7 50 175 "Covariance may not be accurate."
2008ia 166 0.003769387490588837 1816.404241570575 1.482147737874584e-14 1.0449472196091956 0.509192603783287 4.970713683075936e-05 0.0007829966302779212 4.163336342344337e-17 8.007798620157658e-05 0.00014489136545159376 143342.2715851235 91.0 -13.574579551088185 1.6253244130286433 1809.77 1874.69 39 127 "Covariance may not be accurate."
2009D 176 0.0035013104224910227 1845.2295219080338 1.6486811915683575e-14 0.6745667785839823 1.4389583968821285e-10 2.0309361982960572e-10 1.2031448363813979e-05 0.0 7.438056931485804e-08 1.3747250704743141e-06 1254088.9606429203 126.0 -14.522254115546662 2.2025164794700274 1834.67 1890.52 66 110 "Covariance may not be accurate."
2009F 139 0.083999999289888 1847.9955756146312 1.2073675392798577e-14 1.2308816184006766 0.4171774714663683 6.184740219961071e-12 1.547167346416245e-05 0.0 8.618693692064028e-08 0.000921933905772776 278991.5749731379 102.0 -20.422523920074667 1.469215533410697 1837.75 1884.63 72 67 "Covariance may not be accurate."
2009I 55 0.08399871375780311 1845.521672826131 3.83026943495679e-15 0.6500009284418589 2.090218524658516e-05 7.880367122736764e-10 4.2841252479774994e-05 0.0 1.8284744274232878e-09 3.6702391620124786e-05 67850.19029425926 33.0 -19.96656085415633 2.2623368204462544 1846.58 1867.58 0 55 "Covariance may not be accurate."
2009J 41 0.08399593512227471 1835.6303230145725 6.827871601444713e-15 0.6500018792273539 0.49999881138833685 2.681563443518442e-09 0.05325993682390617 0.0 4.9078899277965604e-09 2.4596884226624205e-07 39252.85914525163 36.0 -19.616019774833475 2.262351736882188 1846.74 1867.68 0 41 "Covariance may not be accurate."
2009P 99 0.06245592009405302 1856.0938388582947 2.0317081350640365e-14 0.8579463351769612 0.5004563601480989 0.05955387462293393 20.83828111165974 0.9225611939739066 0.3989944609458511 0.7105473073546902 223490.68377585418 88.0 -20.122762470524783 1.8555772165804996 1867.74 1931.61 0 99 "Covariance may not be accurate."
2009Y 264 0.0035106109092328712 1879.6643615428918 1.0708101072509635e-13 1.1497762512953424 0.08212669990681182 0.049887833070736354 29.388719103946528 0.9223867822395602 0.3482450635906524 0.5194683434025127 481488.10355052433 176.0 -16.421743589178263 1.5290400074369739 1868.84 1976.65 45 219 "Covariance may not be accurate."
2009aa 232 0.003500022299925404 1884.724909299863 1.0325074129013956e-14 1.1294632703914176 1.6653345369377348e-16 2.2403822070096724e-11 8.86268935573753e-06 0.0 1.2711022057132482e-07 4.986083167540789e-06 760288.5927660471 127.0 -14.013344202645609 1.5461523808258804 1868.77 1956.66 84 148 "Covariance may not be accurate."
2009ab 102 0.0035134738379039043 1893.9194745250347 3.838596107641479e-14 1.2038304979002294 0.5000189178431794 1.6829066853182167e-09 2.369756987263827e-05 0.0 2.582816255314313e-07 0.2151101893256363 1035508.4289593435 55.0 -14.469223915648282 1.4876821335351416 1874.57 1911.51 72 30 "Covariance may not be accurate. Covariance not positive definite. Covariance forced positive definite."
2009ad 128 0.07521632654112936 1894.3322260719688 7.494005416219807e-15 1.082953601958903 3.2503283398099825e-10 2.6883851610148835e-08 1.8201084230895503e-05 0.0 2.8797167395122614e-07 3.6721719905985495e-06 743612.5800980104 89.0 -20.442148244384757 1.588292891858302 1878.6 1921.53 67 61 "Covariance may not be accurate."
2009ag 208 0.00350290114410011 1879.768021068563 1.9634294190495893e-13 0.6540670328564914 0.4853080407628929 2.0388894019795784e-06 0.0013629407212647493 1.249000902703301e-16 3.491819780770955e-05 0.00020627844289375363 501413.6906943992 107.0 -16.27051242256766 2.252181741195187 1886.62 1959.54 0 208 "Covariance may not be accurate."
2009al 123 0.003812542923677854 1884.6673719505982 4.08006961549745e-14 1.1412872528714058 0.5271002580024334 2.7245734673754518e-05 0.00744008807089358 4.163336342344337e-17 0.00011319037300383528 0.0002429482788164905 131909.73770376825 78.0 -14.669843131930094 1.5361029637307766 1891.71 1973.54 0 123 "Covariance may not be accurate."
2009cz 83 0.003500004292492962 1951.1219306707774 1.6736612096224235e-14 1.0168118175188268 3.2932957479969716e-06 3.160437211414957e-11 3.076160851378518e-05 0.0 4.972459756169556e-07 8.873742000786722e-06 431849.9007208613 45.0 -14.537763765292102 1.6542650681870406 1937.53 1966.46 47 36 "Covariance may not be accurate."
2009dc 116 0.0035000008947460672 1931.3301685355545 1.1632361740510078e-13 0.6500000000000129 0.02319308728269953 4.010409994543995e-11 7.501617199068278e-05 8.326672684688674e-17 3.3517078001921163e-12 0.00038619799152853074 952013.9840626362 58.0 -16.605610003339546 2.2623398184203865 1938.77 1976.68 0 116 "Covariance may not be accurate."
2009ds 92 0.009697211385974035 1940.5204171627618 1.2798095916366492e-13 0.9916929506600813 0.4438525324433155 0.05710539498073697 20.22723723125648 0.9256811946540859 0.4160579787499494 0.6972705384744479 279019.52750835643 50.0 -18.122255393006707 1.6814979404109458 1954.64 1976.62 0 92 "Covariance may not be accurate."
2009le 66 0.0740032127329462 2145.4467287492494 3.397282455352979e-14 0.6500000000726981 0.00029754793391323364 3.449156514567786e-08 1.678722856013337e-05 4.163336342344337e-17 8.580969268479066e-12 8.525339073259253e-05 630532.6166875722 53.0 -22.04555803039301 2.2623391642839277 2153.53 2169.58 0 66 "Covariance may not be accurate."
2010ae 57 0.08399995987956381 2263.2972067806845 1.2073675392798577e-14 0.7387780875068817 0.49970250318611653 2.887920336223926e-06 0.06267405457037967 8.326672684688674e-17 0.0767217582767803 0.0005617292675509089 9883.081047281341 21.0 -20.235747467230116 2.060776163774328 2258.59 2305.53 24 33 "Covariance may not be accurate."
