analysis_pipeline/fit_results/csp_4_salt2_2.4_red.ecsv
# %ECSV 0.9
# ---
# datatype:
# - {name: obj_id, datatype: string}
# - {name: num_points, datatype: int64}
# - {name: z, datatype: float64}
# - {name: t0, datatype: float64}
# - {name: x0, datatype: float64}
# - {name: x1, datatype: float64}
# - {name: c, datatype: float64}
# - {name: z_err, datatype: float64}
# - {name: t0_err, datatype: float64}
# - {name: x0_err, datatype: float64}
# - {name: x1_err, datatype: float64}
# - {name: c_err, datatype: float64}
# - {name: chi, datatype: float64}
# - {name: dof, datatype: float64}
# - {name: b_max, datatype: float64}
# - {name: delta_15, datatype: float64}
# - {name: tmin, datatype: float64}
# - {name: tmax, datatype: float64}
# - {name: pre_max, datatype: int64}
# - {name: post_max, datatype: int64}
# - {name: message, datatype: string}
# schema: astropy-2.0
obj_id num_points z t0 x0 x1 c z_err t0_err x0_err x1_err c_err chi dof b_max delta_15 tmin tmax pre_max post_max message
2004dt 88 0.0197 244.7652229364955 0.005184092888421566 -0.7481886325729104 0.6427236732670676 0.0 3.4570380051945904e-06 3.6604002063442276e-05 0.008501440231166058 0.004456559842155761 34380.091016437764 68.0 -18.491596722279315 1.1537004767630563 249.79 365.62 0 88 "Minimization exited successfully."
2004ef 111 0.031 264.9144888388425 0.003062880392397155 -1.5598602839112723 0.021272836108381377 0.0 0.00963383269461815 2.0614571224132627e-05 0.010377250786064662 0.0045072222971737075 2702.8180922649112 86.0 -18.90074980022215 1.3826617582482044 255.69 329.57 20 91 "Minimization exited successfully."
2004eo 122 0.0157 279.0892731927284 0.008714925051700946 -1.209514837891445 0.329674893969214 0.0 0.005555692410695201 4.170147985429248e-05 0.006017220656783007 0.003024019339708528 12105.94618034613 68.0 -18.539570790694775 1.274192258174116 266.52 341.54 49 73 "Minimization exited successfully."
2004ey 102 0.0158 304.8892554932406 0.012186937486687087 0.32956275626166587 0.14650355276200178 0.0 0.01666611845567445 7.945647449763161e-05 0.010813645933335891 0.0042163381759999785 876.8018237288012 60.0 -18.913818421271028 0.9856737006428773 295.53 358.55 24 78 "Minimization exited successfully."
2004gc 54 0.0321 330.09516097628546 0.0016364740562323649 -1.1081460600172175 0.2701862696241446 0.0 2.144135322623697e-06 2.4383532201262227e-05 0.027398099462293768 0.010133707149173943 1545.3874893407753 42.0 -18.30185524942125 1.2572888272528147 329.83 397.66 2 52 "Covariance may not be accurate."
2004gs 135 0.0267 358.34520734985307 0.0023836410969745483 -2.48647554759906 0.08913276053976049 0.0 1.8088383342274028e-05 1.3809584077326045e-05 0.0155893642940792 0.0034396962384460883 4723.383746785067 58.0 -18.297318019690344 1.6259091607608696 352.85 461.56 8 127 "Covariance may not be accurate."
2004gu 68 0.0459 363.0778218332763 0.001997632663733226 1.2551047543593867 0.0013335655367325838 0.0 0.06386940934186214 2.6727241918911163e-05 0.0309811440723351 0.009550672853102182 248.30982423459633 53.0 -19.31485412255789 0.8333184133603027 357.86 410.84 6 62 "Minimization exited successfully."
2005A 109 0.0191 381.5654411602817 0.0009880498591507997 -0.6378541208345636 0.8808330885716971 0.0 2.3795518927727244e-05 1.2328264735024573e-05 0.016728263330500148 0.007940832529073294 5987.804150602711 62.0 -16.643331002328964 1.1142670317551868 376.65 433.53 6 103 "Minimization exited successfully."
2005M 172 0.022 408.4703382696102 0.006001469809025176 0.7667680338727001 0.13317757035921107 0.0 2.6897579573414987e-05 4.774313846614723e-05 0.015365626622978912 0.005204971854325557 5369.448272598415 87.0 -18.87398620682789 0.9104171137309542 397.73 480.51 33 139 "Minimization exited successfully."
2005W 40 0.0089 412.846532477427 0.027575997804050345 -0.24001844941930983 0.24130493346475124 0.0 0.031939110048256225 0.000285735888165722 0.06312561704692454 0.00676478068906472 220.72418092122146 36.0 -18.544119717818567 1.0845916022715887 404.54 429.51 15 25 "Minimization exited successfully."
2005ag 41 0.0797 414.81643490920317 0.0006181159746806164 0.6047906853248266 0.035918375977747496 0.0 0.00015517974642875743 4.243526190756964e-05 0.06981550502956013 0.041566800623757005 27.875518701554743 29.0 -19.291574970531734 0.9423526839218646 412.82 479.84 2 39 "Covariance may not be accurate."
2005al 98 0.0124 430.640676869886 0.017242632803419793 -1.2390236131884178 -0.08510880080899097 0.0 0.04917949824678658 0.000155313652523352 0.01121584182865254 0.00559964643009192 1632.9709052354071 58.0 -18.756927906682535 1.3156894130112349 429.76 512.79 2 96 "Minimization exited successfully."
2005am 66 0.0079 440.06581691315284 0.0499999985806811 -2.0331426546433287 -0.004385590025561381 0.0 5.6646244388502964e-06 2.5199927510981268e-05 0.007676817161735405 0.0007214493626439 35631.580430739254 40.0 -18.925655770303166 1.5069178331568533 433.71 490.46 6 60 "Minimization exited successfully."
2005be 23 0.035 460.3076307785333 0.0035192622108302877 -2.211592015883557 -0.17240550042645664 0.0 0.047746377440830656 5.2950463529968924e-05 0.029827181708041772 0.009969912096887856 205.26581566856737 19.0 -19.32264148172516 1.5761016414436106 467.89 491.77 0 23 "Minimization exited successfully."
2005bg 31 0.0231 470.9144931660287 0.008168925010252504 0.337884300551627 -0.11508717283210257 0.0 0.09846899584616153 0.00015144466073179624 0.059408626190088576 0.013556770036840082 540.6300511533947 27.0 -19.315799214957355 0.9964012638710251 472.67 512.61 0 31 "Minimization exited successfully."
2005bl 23 0.0241 485.21567820170264 0.0006200898787462162 -4.999999999712404 0.559453127140247 0.0 0.028025591496941615 2.4729682175291e-05 0.009859418361002348 0.025408795668486528 1005.6389785904923 19.0 -16.624086362513093 2.6532635231591364 476.61 512.57 15 8 "Minimization exited successfully."
2005bo 18 0.0139 479.2165379557063 0.00730258460403849 -0.8595859481658321 0.36887567667153265 0.0 0.13070180802750997 0.00016718758983690508 0.06646211956004278 0.015500133519415593 26.746841782651487 14.0 -18.081808591529704 1.19722466045355 478.75 512.76 2 16 "Minimization exited successfully."
2005el 143 0.0149 649.0150085769333 0.009301250703572355 -1.3475610678536576 0.21737757381147516 0.0 6.759722737115226e-08 8.438868267317007e-05 0.01057448845754605 0.005738621124221077 19585.183247235578 34.0 -18.49201710220804 1.314823029896285 639.89 730.75 21 122 "Minimization exited successfully."
2005eq 112 0.029 656.3000254983857 0.004125715924103396 0.9183340452291313 0.08678932514915383 0.0 4.083803105459083e-06 3.6956497562826325e-05 0.024420681301634328 0.006014158372904976 502.9584765678958 34.0 -19.07804556752053 0.8866050492141326 647.8 751.66 10 102 "Covariance may not be accurate."
2005gj 112 0.0616 712.4901214685311 0.0006953368878753308 4.999999980459673 0.9999999857968143 0.0 1.695265950729663e-06 1.378345721127249e-06 0.0017394866176569934 0.0001253138985891633 23651.57485567024 30.0 -18.94977778601732 0.20076347067712064 698.7 1016.76 20 92 "Minimization exited successfully."
2005hc 84 0.0459 668.2703474620056 0.0021319120913839084 0.7739733166188838 -0.07773524794167375 0.0 0.06520999316381904 3.191861426343908e-05 0.03634397602910955 0.010629970514147546 54.62586748482129 28.0 -19.38528967991499 0.9176031577461679 661.67 755.61 19 65 "Minimization exited successfully."
2005hj 52 0.0574 676.7620071915945 0.0015168357661979187 1.0140745462437426 -0.10663230875263663 0.0 0.0001090432622845583 3.901220045470356e-05 0.06948121809059637 0.017978986249316264 277.7105050578748 20.0 -19.519891261257936 0.8774953098670117 671.67 761.57 17 35 "Minimization exited successfully."
2005hk 156 0.013 689.6716509937609 0.002834472907264113 0.03369150890355499 0.9360060689144898 0.0 0.02107099268255297 2.4864804650237592e-05 0.012757079699120322 0.005643736836586255 32148.114956931888 36.0 -16.947897187244312 0.9926121169292301 675.61 761.54 50 106 "Minimization exited successfully."
2005iq 84 0.034 687.7387907479742 0.003155497931751619 -0.9724441561894182 -0.06185341207857975 0.0 0.04099809427032142 4.7684909445230806e-05 0.032796171514911876 0.01044808827105781 783.2543197133542 30.0 -19.13895000983823 1.2537660748965038 682.55 755.55 20 64 "Minimization exited successfully."
2005ir 13 0.0763 686.7153098769559 0.00013179246959411084 0.364026078209414 0.9999950780812266 0.0 8.717236795519057e-05 1.2408517511677738e-06 0.12029015311332714 0.16284788152396945 39.525133495846696 9.0 -17.567591726294754 0.934571555893303 682.62 740.53 3 10 "Minimization exited successfully."
2005kc 77 0.0151 698.4620533943527 0.004623550534720505 -0.36967203696116435 0.5902508970354186 0.0 0.028090343399469475 6.072606149902689e-05 0.03785542831338029 0.008519015446240452 146.71458314862483 21.0 -17.779016583692236 1.0861860197651865 687.52 728.54 34 43 "Minimization exited successfully."
2005ke 222 0.0049 700.3758030165069 0.01563054199679604 -2.241473094271001 0.5232251388259415 0.0 29.374387377161042 0.032598242267681196 6.365248257526192 1.4788232931256797 55470.65553902587 38.0 -16.635546390022526 1.5015901998801517 689.69 819.51 41 181 "Covariance may not be accurate."
2005ki 147 0.0192 705.6481400462472 0.009311613093161955 -1.4611536905122091 -0.033768288897943255 0.0 0.01798188894525765 9.661566320840528e-05 0.011830213590851013 0.006817211159345138 1753.5989167154987 38.0 -19.048327510054335 1.3637727853672654 695.86 858.54 17 130 "Minimization exited successfully."
2005ku 17 0.0454 699.9532828413286 0.0016846963361278667 -0.46235684138755406 -0.019292074213076882 0.0 0.2122970256463077 7.98201113202155e-05 0.16588951919893402 0.03541284966539471 26.916760219013394 10.0 -19.103943132664877 1.1438497780180157 699.56 739.53 2 15 "Minimization exited successfully."
2005lu 39 0.032 719.9409335802627 0.001654300578940049 0.060057164348094716 0.1972880664575012 0.0 27.09244667450639 0.02660334714201198 7.11736555154121 1.4578313303325046 1818.3297587341858 22.0 -18.305508329904992 1.031503776368254 719.66 799.52 1 38 "Covariance may not be accurate."
2005mc 31 0.0252 729.4940685279184 0.0028995415838495107 -2.1966334200659388 0.20518152182678917 0.0 0.12419052514940176 5.816801564361568e-05 0.020996551335088487 0.011760285706711504 2446.112903801386 27.0 -18.383988522469288 1.528090128988005 736.79 773.62 0 31 "Minimization exited successfully."
2005na 79 0.0263 744.2851124891313 0.004481117679788963 -0.6399356534735245 0.1178354143356859 0.0 1.608546546094658e-05 3.167737165470216e-05 0.017923750036856312 0.004466491374972015 4334.518106358351 42.0 -18.950380101927486 1.170807491251324 738.71 834.54 6 73 "Covariance may not be accurate."
2006D 151 0.0085 759.3355739288933 0.03160912811122193 -1.71904399252755 0.056359076377287654 0.0 1.7684313320387446e-06 0.0002542887222436764 0.008533880605531285 0.005060705243202901 9876.614778617486 47.0 -18.588070722124126 1.4186125423265636 752.87 891.61 4 147 "Minimization exited successfully."
2006X 188 0.0052 788.4403829537746 0.014710258792127796 0.21222900613684814 1.0477267067978708 0.0 1.1302520306344377e-06 0.00013137688400402265 0.009548262646507766 0.005483240244044119 19125.085604667198 41.0 -16.7451760374064 0.9562876301075871 775.68 891.59 44 144 "Minimization exited successfully."
2006ax 146 0.0167 828.1166332692147 0.012361759729825346 0.3773238395501588 0.06624390034098537 0.0 0.015155920001177492 0.00011651732697931776 0.013586431561789514 0.005975830615405964 968.3397753223934 37.0 -19.050178824529993 0.9810115857758532 815.64 891.5 31 115 "Minimization exited successfully."
2006bd 31 0.0257 810.1838869270131 0.0009488649554387746 -1.879367384196955 0.5525541274682402 0.0 0.15661574751135277 3.495676898120775e-05 0.05697367749960924 0.02412379121916952 454.905938951455 8.0 -17.228817940032783 1.4067609144778288 822.75 872.57 0 31 "Minimization exited successfully."
2006bh 102 0.0109 832.6823534943477 0.03144609205565501 -1.4214011148189902 -0.0586171836146826 0.0 0.03203350025256668 0.0002584985584556266 0.009666281719414416 0.005231137981026368 1823.8667046450983 31.0 -19.12658358821395 1.3564150654287257 829.91 891.79 14 88 "Minimization exited successfully."
2006br 41 0.0246 851.4840313557474 0.00044202702798481764 -0.9028962447076143 0.8269312706647902 0.0 0.14031383112057938 1.7598759176726275e-05 0.07053869681606262 0.025718810556519922 107.1562899463859 16.0 -16.32345011401862 1.1690596624110796 855.66 891.66 0 41 "Minimization exited successfully."
2006bt 49 0.0322 860.7710221357736 0.0013507782072914116 -0.3536913346278343 0.6180333650388714 0.0 0.04099755229498214 1.8606089896453025e-05 0.03188416739276523 0.009202088816286369 2276.622421914848 18.0 -18.1174116578335 1.0813508986976181 853.76 891.71 15 34 "Minimization exited successfully."
2006dd 76 0.0059 931.9399999987684 0.04999999999528936 4.999999977525819 0.3058576373766626 0.0 0.0032483072041031846 2.771466221333438e-05 0.023307441920663585 0.002757300697473153 994.0531434346865 -2.0 -18.348627705208635 0.18772432463557642 979.93 1147.57 0 76 "Minimization exited successfully."
2006ef 20 0.0179 968.1943527945033 0.013018345562146061 -0.9499101462924529 -0.12583797778520078 0.0 0.12344741548213278 0.0002101274742816227 0.029250311869107648 0.009832219620498461 261.66381825400987 12.0 -19.258694561645306 1.2534518312758944 979.9 1040.71 0 20 "Minimization exited successfully."
2006ej 21 0.0205 975.5606366190477 0.011394471862049943 -1.3664742538404435 -0.20612568732928405 0.0 0.20072273823029718 0.00031215676970376954 0.03555960636236977 0.01722495368692578 72.2984625039326 7.0 -19.413944818718853 1.3556663108237235 980.72 1018.7 0 21 "Minimization exited successfully."
2006eq 62 0.0495 977.0358369195404 0.0006414713976502563 -2.515227315740068 0.23533207349765561 0.0 3.5668170824010303e-05 1.9719329966953736e-05 0.047852179858944854 0.021223150217774767 641.750226307757 25.0 -18.25197090768977 1.6152363521150512 980.56 1029.51 0 62 "Covariance may not be accurate."
2006et 151 0.0226 995.4505664910927 0.006421631001441325 0.6479324694892821 0.20637836136603505 0.0 9.216960449975886e-06 6.567957363641389e-05 0.017955637252470513 0.006643832053588872 557.561174693401 31.0 -19.00811488897589 0.9275446464072097 982.63 1099.54 27 124 "Minimization exited successfully."
2006ev 87 0.0287 990.2713082743281 0.0020993492221383528 -1.3231886192974245 0.11920746748214817 0.0 0.08768546905662333 4.34928510628181e-05 0.044722789552882336 0.013906433667186913 74.02036588279904 16.0 -18.320370037525844 1.317942330194974 993.59 1039.52 0 87 "Minimization exited successfully."
2006fw 6 0.0835 1008.4869292356037 0.0029135184220549144 -1.2735074408469282 -0.9788083782778998 0.0 0.17038499495726 0.00045351671338536136 0.23143334938345284 0.10322953246522254 28.776966713202988 2.0 -21.127486342462173 1.3878478608580345 1001.75 1039.73 2 4 "Covariance may not be accurate. Covariance not positive definite. Covariance forced positive definite."
2006gj 70 0.0284 1001.3100688476118 0.0009977677044862826 -2.2798728467530904 0.44907481659776316 0.0 4.594363645082922e-08 2.2962412175746294e-05 0.030537450454275472 0.015469536633307746 951.3173753115318 20.0 -17.499046334120088 1.521087874835942 998.83 1096.59 2 68 "Minimization exited successfully."
2006gt 54 0.0448 1004.4101103133014 0.0007076754873472535 -2.7005702223845147 0.23209009286049653 0.0 5.324712105903018e-06 1.9039960259069355e-05 0.04623104108733367 0.018573081456696783 827.9839083274252 18.0 -18.134347466248148 1.671987330900837 1001.67 1076.62 8 46 "Minimization exited successfully."
2006hb 101 0.0153 999.358889298124 0.010896538804307299 -2.1081390747112594 0.14331546880686186 0.0 0.04425185138518373 0.00015648480557144562 0.014882921180599418 0.009082953949589356 2960.067604863802 20.0 -18.720324301873255 1.510990827987749 1006.87 1143.59 0 101 "Minimization exited successfully."
2006hx 39 0.0455 1022.9872675160815 0.0009534848324391749 -0.23721507709255008 0.4645004879648591 0.0 0.10116988450477038 4.3813276781456934e-05 0.08145286875952751 0.03155544410275368 101.46133888430852 13.0 -18.50260128215165 1.0701399287084499 1013.66 1080.59 8 31 "Minimization exited successfully."
2006is 80 0.031 1014.2504801777745 0.006474329831866677 0.48602213971066277 -0.25095368173921573 0.0 3.1100684623197594e-06 7.416273059960817e-05 0.025143726990729753 0.008299892380048024 4568.834609987156 19.0 -19.71768028639071 0.9753639134394625 1009.86 1125.67 5 75 "Covariance may not be accurate."
2006kf 118 0.0213 1040.6262892029297 0.0026801581697612656 -2.1214956096481923 0.3485378645659427 0.0 1.1912314676010283e-05 3.5582315868691594e-05 0.018428476984704956 0.008610682814834125 2111.344631101173 28.0 -17.931300167174726 1.4910476973727356 1036.81 1127.64 20 98 "Minimization exited successfully."
