analysis_pipeline/fit_results/csp_5_sn91bg_color_interpolation_red.ecsv
# %ECSV 0.9
# ---
# datatype:
# - {name: obj_id, datatype: string}
# - {name: num_points, datatype: int64}
# - {name: z, datatype: float64}
# - {name: t0, datatype: float64}
# - {name: x0, datatype: float64}
# - {name: x1, datatype: float64}
# - {name: c, datatype: float64}
# - {name: z_err, datatype: float64}
# - {name: t0_err, datatype: float64}
# - {name: x0_err, datatype: float64}
# - {name: x1_err, datatype: float64}
# - {name: c_err, datatype: float64}
# - {name: chi, datatype: float64}
# - {name: dof, datatype: float64}
# - {name: b_max, datatype: float64}
# - {name: delta_15, datatype: float64}
# - {name: tmin, datatype: float64}
# - {name: tmax, datatype: float64}
# - {name: pre_max, datatype: int64}
# - {name: post_max, datatype: int64}
# - {name: message, datatype: string}
# schema: astropy-2.0
obj_id num_points z t0 x0 x1 c z_err t0_err x0_err x1_err c_err chi dof b_max delta_15 tmin tmax pre_max post_max message
2004dt 88 0.0035216517672941945 234.97846160366583 8.776313009661862e-14 0.8956420905120575 0.5000614124018296 6.217998883666087e-08 0.000886338220297489 0.0 0.0002640433516932772 0.5935569650566361 147170.874311639 83.0 -15.37206855215723 1.8015965628582293 249.79 365.62 0 88 "Covariance may not be accurate. Covariance not positive definite. Covariance forced positive definite."
2004ef 111 0.003500024351687355 266.5067801003555 1.0824674490095276e-14 1.1857084663973712 0.5000401211341304 2.347341658721913e-09 0.00013591391885370285 0.0 0.0017658956711105178 1.1061396260059198e-06 299609.99951565976 95.0 -13.086445487165395 1.5008662164051394 255.69 329.57 22 89 "Covariance may not be accurate."
2004eo 122 0.0035000058927295956 272.6218753826946 5.3790305543088834e-14 0.6586617322291615 0.49899373667950614 0.04957619272585939 28.68409714337139 0.9239511395048604 0.3368525672775548 0.7108000463475787 1937065.4414825847 84.0 -14.829703905667941 2.2408275171364416 266.52 341.54 33 89 "Covariance may not be accurate."
2004ey 102 0.0035034023919399884 280.5617156463186 1.324773624133968e-13 0.6524647184662857 6.3300530792620435e-06 1.5370800253260153e-09 3.298408188356916e-06 4.163336342344337e-17 1.1271667155199339e-07 2.1538352382721726e-05 479303.1793687563 69.0 -16.78605712371542 2.2561592374915023 295.53 358.55 0 102 "Covariance may not be accurate."
2004gc 54 0.0035164212936327054 314.8810500488466 1.1324274851176597e-14 1.1482048747006388 0.17073900437699635 3.2962270572539296e-08 4.164797024941436e-05 0.0 6.353501239120263e-06 0.0034170309889078876 23784.11613858542 49.0 -13.81482565277603 1.5303371833904222 329.83 397.66 0 54 "Covariance may not be accurate."
2004gs 135 0.003515009900680223 337.85000010510896 2.2315482794965646e-14 0.8635715491117925 0.49847208631518325 1.4391125078509065e-08 0.001129953527907901 0.0 3.5734507154994155e-06 1.4663001195736047e-06 63625.36554837491 108.0 -13.885059522937155 1.8473000285512846 352.85 461.56 0 135 "Covariance may not be accurate."
2004gu 68 0.00350376927094404 342.86000748662394 2.3314683517128287e-14 0.6532546701633806 0.016618204415527582 3.1363247693372287e-09 9.784324106476561e-08 4.163336342344337e-17 2.515810199055224e-07 0.9060097800641267 73044.32181331814 58.0 -14.873520566884014 2.254188352468855 357.86 410.84 0 68 "Covariance may not be accurate."
2005A 109 0.0035008790540999976 361.9985910523867 2.631228568361621e-14 0.999853472586461 0.4890814060290781 2.6250065845393605e-08 0.00011129397623221848 0.0 0.0011648463608227577 2.757951805615333e-05 85929.03226911795 75.0 -14.07805255012362 1.672497842649797 376.65 433.53 0 109 "Covariance may not be accurate."
2005M 172 0.0035000004453361235 384.36324650242506 8.568146192544646e-14 0.6500000000197756 0.5000338049874404 3.820086022683633e-11 7.444505772014054e-05 4.163336342344337e-17 2.1818991058353276e-11 0.3190291294342408 325228.90165072854 126.0 -15.332620485712503 2.262356466094925 397.73 480.51 0 172 "Covariance may not be accurate. Covariance not positive definite. Covariance forced positive definite."
2005W 40 0.003500003552157869 395.215030415496 1.7943979635504093e-13 0.6500001543992024 0.48104359086185194 4.2412896718996285e-10 0.017817355500284293 4.163336342344337e-17 7.7492623429265e-09 1.5045604098345988e-05 188048.81906460554 35.0 -16.18111915821872 2.2623553375573433 404.54 429.51 0 40 "Covariance may not be accurate."
2005ag 41 0.0035228727498475866 423.99809266592746 8.326672684688674e-17 0.6500000548265119 0.02396064315553137 1.456639040027432e-07 0.003119505904265907 0.0 1.962815349143554e-08 0.09575154363753491 35727.494489169665 34.0 -8.75555007884974 2.262339703154467 412.82 479.84 12 29 "Covariance may not be accurate."
2005al 98 0.003513929987617497 415.55783933386516 1.030009411095989e-13 0.9922703150839861 0.2729345006692153 0.05053859772842568 27.096249234469184 0.9332979692687454 0.43796335104811995 0.7396149307575568 246125.16584932807 73.0 -15.993548584581317 1.680852635904417 429.76 512.79 0 98 "Covariance may not be accurate."
2005am 66 0.008485213375486474 451.13566497355225 9.567346914707286e-14 0.8043187417757776 0.5008307273203696 0.04030319314360665 23.071197810526996 0.9223981179363079 0.4438242151890545 0.7105629473794077 100964.7879356815 46.0 -17.382523913044412 1.9396776275348486 433.71 490.46 7 59 "Covariance may not be accurate."
2005be 23 0.0035002109250478054 455.11852983580263 8.1601392309949e-15 1.1786368790222825 0.4957972190214129 2.4744023277177216e-08 0.0005852913936337245 0.0 0.02847903741830271 1.2407163459682291e-05 27223.873448130507 18.0 -12.790168360025692 1.5061987835653206 467.89 491.77 0 23 "Covariance may not be accurate."
2005bg 31 0.01365228646821035 458.5813241910845 4.1466829969749597e-14 0.7898909538447252 0.43469427001433386 0.05841182134695469 30.683200230264134 1.339433802389828 0.5298974845845597 0.6520138243812099 45484.78843648076 26.0 -17.667949749925317 1.9643666235247288 472.67 512.61 0 31 "Covariance may not be accurate."
2005bl 23 0.0035028211653038276 482.68187213082024 6.2450045135165055e-15 0.6500337687875835 0.4959373476224556 2.6681047314005765e-08 0.029752344141883214 0.0 2.557081728027377e-07 2.5698754737235596e-05 5062.320113320117 18.0 -12.50103630053507 2.262271326516771 476.61 512.57 12 11 "Covariance may not be accurate."
2005bo 18 0.003511816285875998 480.24843924990705 2.955968803064479e-14 0.6733815748965553 0.2548583551629807 0.049181998620959684 27.501307474509133 0.9241569134055383 0.314727618036173 0.6270809956088798 8730.152961165273 13.0 -14.665942827611921 2.2053311075671473 478.75 512.76 4 14 "Covariance may not be accurate."
2005el 143 0.00350444778938867 643.2882991163475 3.780309398848658e-14 0.8696785078085548 0.45249806888337685 0.05372887744565056 28.909178514385474 1.0064766167726564 0.46458265408482 0.698498083043828 244728.49538731805 45.0 -14.558506974893923 1.838406132445833 639.89 730.75 9 134 "Covariance may not be accurate."
2005eq 112 0.0035173073124886056 671.6043326136855 6.661338147750939e-15 0.6682622651282444 0.010869365874389414 0.050033206058126854 27.78587895800024 0.9419756737130978 0.32713468449541117 0.65605161131045 176980.41072010683 43.0 -13.530986159369263 2.21752110830748 647.8 751.66 45 67 "Covariance may not be accurate."
2005gj 112 0.0035000022728969983 709.6827714285439 9.076073226310655e-15 0.6503720098237139 0.20937797743078918 9.419783724741448e-11 0.0001295028063736936 0.0 1.0439163150577357e-07 0.03328767062177029 217679.36096817933 56.0 -13.480290992583349 2.261411810379954 698.7 1016.76 20 92 "Covariance may not be accurate."
2005hc 84 0.0035184778122166957 681.2047816061172 4.08006961549745e-15 0.7878972896194653 0.374962641412121 0.04903092775631677 29.148677109969185 0.9232770601896998 0.36894802843551855 0.7324235114689779 128532.97701702487 34.0 -12.310509891445768 1.967858461222317 661.67 755.61 44 40 "Covariance may not be accurate."
2005hj 52 0.0035632839515984138 677.4585419305912 2.248201624865942e-15 1.2495244243614405 0.4633448992369405 0.05473350945491594 30.042972955776236 1.0408197077288468 0.3759497921427612 0.7287507301138901 19772.404977809096 27.0 -11.506067178948424 1.4570970794018834 671.67 761.57 17 35 "Covariance may not be accurate."
2005hk 156 0.003500021614680421 682.7975311170067 2.7394753132625738e-14 1.1855313075747704 0.2522526792551174 1.5189453601155423e-10 6.850107354239299e-05 0.0 6.739966280644438e-07 0.02433937556749413 124112.78003803527 51.0 -14.580161720148304 1.5009934386371881 675.61 761.54 32 124 "Covariance may not be accurate."
2005iq 84 0.0035000003662418464 686.1023716361065 7.494005416219807e-15 0.6500000001820376 8.060219158778636e-14 2.7445596142983142e-11 8.766194150666706e-05 0.0 5.297973171281001e-11 4.182554728993093e-05 37989.7719675208 34.0 -13.665382476767153 2.2623391557960097 682.55 755.55 12 72 "Covariance may not be accurate."
2005ir 13 0.003500001592709626 670.4910401118426 8.076872504148014e-15 0.6500000000011629 0.49969173612844725 0.04949687060986972 20.406877438836602 0.9223870607032327 0.3689547921513586 0.7102970706146223 5995.508731402462 8.0 -12.769326876878097 2.2623564534887493 682.62 740.53 0 13 "Covariance may not be accurate."
2005kc 77 0.003743199909145424 695.6258803125944 1.63202784619898e-14 1.2498660468671194 0.3274954611562024 0.05286858005981034 30.677010670521042 1.0265146678731347 0.3651525009090754 0.6628129382588495 61026.328630800075 20.0 -14.038159865818528 1.456875279178167 687.52 728.54 28 49 "Covariance may not be accurate."
2005ke 222 0.008458071663369995 698.4086540184845 9.800493749878569e-14 1.1152978782422038 0.4198741496352858 0.044283912363180536 29.12271340448575 1.0354108170315133 0.35864805543703254 0.7701150345639596 57005.76587255014 81.0 -17.584860092002415 1.5585827189072745 689.69 819.51 38 184 "Covariance may not be accurate."
2005ki 147 0.04849805991201992 705.2456898007065 8.1601392309949e-15 1.2213453881882175 0.07278769034028615 0.05597503626252712 27.635102021821467 0.9766062791495798 0.32323102665755726 0.5097877234674889 210432.17664883964 104.0 -19.41884831754519 1.47557076050008 695.86 858.54 17 130 "Covariance may not be accurate."
2005ku 17 0.0035000080941517855 722.4427900318999 8.326672684688674e-17 0.6500000120988777 0.000284406617605204 0.05545798938886781 31.105173421350457 1.0336093694847066 0.41348506824754494 0.6219536932887656 12317.962224414337 3.0 -8.779332980486867 2.2623391336576475 699.56 739.53 13 4 "Covariance may not be accurate."
2005lu 39 0.003500000512758892 706.8348831503548 2.4064084058750268e-14 0.6500000000003324 0.596266503340648 1.682297781982478e-10 0.0002309309910515367 0.0 1.0514716874965302e-10 0.004984715360573544 26716.832165936048 29.0 -13.79056728844522 2.2623568305578132 719.66 799.52 0 39 "Covariance may not be accurate."
2005mc 31 0.0035179781948719607 733.2820597829311 5.995204332975845e-15 1.1758270199310936 0.03243135624892424 2.4768940275546325e-08 0.00035701073585414633 0.0 4.034624028204092e-06 0.7228600815797536 2138.9121868615257 26.0 -13.381943647980727 1.5083336749220138 736.79 773.62 0 31 "Covariance may not be accurate."
2005na 79 0.003500284745729698 739.3095278356233 1.6819878823071122e-14 1.1079895414258019 0.415217951404145 0.049437772114312176 27.19706353962505 0.9223868941493716 0.4436132328345313 0.6878345062903899 93436.59493983888 54.0 -13.75676787250394 1.5651380490348323 738.71 834.54 2 77 "Covariance may not be accurate."
2006D 151 0.0035175331459462163 740.4246007790002 1.8918200339612667e-13 1.0546861481529637 0.5168526974102582 0.04901801510199815 21.029214351703274 0.9227748809679475 0.3942244489438858 0.714296292456377 306318.73424701433 82.0 -16.176662979788105 1.615627447080092 752.87 891.61 0 151 "Covariance may not be accurate."
2006X 188 0.003500146015161787 784.8925748409504 2.010058786083846e-13 1.2483268578275277 0.4962401973695977 3.2314777529004156e-07 0.013139029067531283 3.7470027081099033e-16 0.000278517189002625 0.00013751087963331798 128773.90109296399 78.0 -16.26782106559893 1.4578663583114828 775.68 891.59 28 160 "Covariance may not be accurate."
2006ax 146 0.003585467803508708 830.4968802011671 2.989275493803234e-14 1.1406594274792632 0.05743616637878374 0.048378804033610986 29.587396153526186 0.9223871069273948 0.3536289395448378 0.5038287558241007 289433.44874536496 46.0 -15.125592759139675 1.53661742514684 815.64 891.5 37 109 "Covariance may not be accurate."
2006bd 31 0.0036462066227407244 808.0798914983634 1.3072876114961218e-14 0.6757550776935265 0.5081570921217314 0.04803153685887962 26.04325199963364 0.9223870097402624 0.4142079900747859 0.7122148590330617 8067.524270152486 11.0 -13.367573965272054 2.1997283804481 822.75 872.57 0 31 "Covariance may not be accurate."
2006bh 102 0.003500000108850837 817.1949694417295 2.046696145896476e-13 0.7866086302958688 0.13378702030212886 3.771054020267062e-11 0.00010786011529262396 4.163336342344337e-17 3.01377307510009e-06 0.0014131493885854718 157864.82380073948 36.0 -17.021968604641593 1.9701193469125755 829.91 891.79 0 102 "Covariance may not be accurate."
2006br 41 0.003503260707023067 847.4045193487136 9.908740494779522e-15 0.6500014551085121 0.5000242274220524 4.646431432682625e-06 0.11154658401864026 4.163336342344337e-17 3.177687234900972e-06 0.005291423082988578 6900.307806214971 15.0 -12.992491859375608 2.2623528043086623 855.66 891.66 0 41 "Covariance may not be accurate. Covariance not positive definite. Covariance forced positive definite."
2006bt 49 0.0035212039523123484 838.8659964772402 2.6895152771544417e-14 1.1672134807007444 0.9997878619089708 3.5850308782378604e-08 5.761410488958063e-05 0.0 5.622955034367827e-06 0.019891137700530026 55252.8871928963 17.0 -13.110147512222447 1.5150325226117651 853.76 891.71 0 49 "Covariance may not be accurate."
2006dd 76 0.0839971660677274 931.9392282335327 2.725319969698603e-13 1.2414632637386422 0.9057342595798499 8.413950430566364e-06 0.0009477730104094917 3.3306690738754696e-16 0.0003827681495768287 0.0006537213238762551 115263.41540227698 71.0 -22.851763202344873 1.4622926670199057 979.93 1147.57 0 76 "Covariance may not be accurate."
2006ef 20 0.003515756313526985 986.8312579632483 2.1066481892262345e-14 0.6874452676149271 0.5003247418670641 6.81051107120044e-08 30.788739118262356 0.0 7.79897169365662e-05 0.00011651726514949612 90923.19864923443 15.0 -13.81870515782018 2.1725089506801325 979.9 1040.71 6 14 "Covariance may not be accurate. Covariance not positive definite. Covariance forced positive definite."
2006ej 21 0.0035000003236640037 970.0048666533619 6.986078382453798e-14 0.6522924790500021 0.8852795705417233 4.730978050721674e-10 0.0006553212468816128 4.163336342344337e-17 3.142728067506706e-06 0.008309799686886998 18030.38781829024 6.0 -14.384764338978083 2.2566061577707863 980.72 1018.7 0 21 "Covariance may not be accurate."
2006eq 62 0.0035192518729182044 966.2614862645686 7.244205235679146e-15 0.7498083906718308 0.5000414403885606 0.04391022330676825 0.12836082209122424 8.326672684688674e-17 0.0034089571327711177 0.009145651408119099 4306.691822786633 29.0 -12.662312248658946 2.03870042876434 980.56 1029.51 0 62 "Covariance may not be accurate. Covariance not positive definite. Covariance forced positive definite."
2006et 151 0.003500000589925225 969.1311857651795 1.1382561559969417e-13 0.6500000000129671 0.5000251656125607 0.04364562234046703 0.09430668305304835 1.0824674490095276e-15 9.855233903954819e-07 0.0005563910192762367 183122.13792049934 45.0 -15.641017033115958 2.262356466083908 982.63 1099.54 0 151 "Covariance may not be accurate. Covariance not positive definite. Covariance forced positive definite."
2006ev 87 0.0035167567496119986 979.1884089364604 1.9817480989559044e-14 0.7264625802235902 0.5000244075212988 7.482092073489953e-08 0.0007249824888049261 4.163336342344337e-17 3.261520938324658e-05 0.6553690708154419 23274.656892597177 23.0 -13.753438984243669 2.0862840417708917 993.59 1039.52 0 87 "Covariance may not be accurate. Covariance not positive definite. Covariance forced positive definite."
2006fw 6 0.00350009296902935 987.1013451396434 3.4139358007223564e-15 0.6500000369278037 0.08220426354392274 5.340209981012124e-08 32.01029846946932 0.0 9.28615924156162e-08 0.00028934322440168914 1787.5075716238837 1.0 -12.673928550420932 2.2623416383787003 1001.75 1039.73 0 6 "Covariance may not be accurate."
2006gj 70 0.003513393848094381 1017.4072878583689 2.498001805406602e-16 1.2418558700857087 0.07500967600600023 0.07100765482610473 36.655457385877355 1.3313939130975143 0.49726146595484727 0.5131410117359843 76984.34238212631 33.0 -9.855820982739985 1.4620278616804256 998.83 1096.59 29 41 "Covariance may not be accurate."
