analysis_pipeline/fit_results/csp_5_salt2_2.4_red.ecsv
# %ECSV 0.9
# ---
# datatype:
# - {name: obj_id, datatype: string}
# - {name: num_points, datatype: int64}
# - {name: z, datatype: float64}
# - {name: t0, datatype: float64}
# - {name: x0, datatype: float64}
# - {name: x1, datatype: float64}
# - {name: c, datatype: float64}
# - {name: z_err, datatype: float64}
# - {name: t0_err, datatype: float64}
# - {name: x0_err, datatype: float64}
# - {name: x1_err, datatype: float64}
# - {name: c_err, datatype: float64}
# - {name: chi, datatype: float64}
# - {name: dof, datatype: float64}
# - {name: b_max, datatype: float64}
# - {name: delta_15, datatype: float64}
# - {name: tmin, datatype: float64}
# - {name: tmax, datatype: float64}
# - {name: pre_max, datatype: int64}
# - {name: post_max, datatype: int64}
# - {name: message, datatype: string}
# schema: astropy-2.0
obj_id num_points z t0 x0 x1 c z_err t0_err x0_err x1_err c_err chi dof b_max delta_15 tmin tmax pre_max post_max message
2004dt 88 0.04356176902418533 239.51545306112328 0.008426615729628847 -0.8552363444620905 0.42781289586387006 1.9752049663576687e-07 5.2689134932393245e-05 5.948959306041699e-05 0.009229867854250173 0.0045222981236783255 5851.158779676661 61.0 -20.768716662291038 1.1917368734445652 249.79 365.62 0 88 "Covariance may not be accurate."
2004ef 111 0.046559856565790876 264.91041532779053 0.0033864233598055685 -1.591198458508722 -0.07186584724694844 0.0006216639733522301 0.009816747483142763 2.602133416974568e-05 0.010738599095891477 0.00589876817116175 2239.1112216903402 85.0 -19.918260203444103 1.399002549246383 255.69 329.57 20 91 "Minimization exited successfully."
2004eo 122 0.0533381569086152 279.22179117028486 0.01148301390677283 -1.349208514506799 0.08648171415546879 0.00041543946736262785 0.006994314638802734 6.723896374642973e-05 0.0065522747421986605 0.004414997020878109 8997.666752100928 67.0 -21.550275927364773 1.3267877074864831 266.52 341.54 49 73 "Minimization exited successfully."
2004ey 102 0.003500001062328372 304.99656350653294 0.012149889235317788 0.41123423740339593 0.1720712889236211 0.00029066197887261014 0.016438031364430117 8.264754279852567e-05 0.010905436835385363 0.004330552754914563 724.9295798692297 59.0 -15.617394784551365 0.9700451677246384 295.53 358.55 24 78 "Minimization exited successfully."
2004gc 54 0.032085522371111126 330.095731491391 0.0016363820787813012 -1.1082139429736575 0.27023616731562816 nan nan 2.2116695468563032e-05 0.025171012605340604 0.00901461028618833 1545.6361388975772 41.0 -18.300792486803623 1.2572993163379778 329.83 397.66 2 52 "Covariance may not be accurate."
2004gs 135 0.026714684278820542 358.3444237151496 0.0023917290602743003 -2.4936724069146745 0.08721945280796506 5.740834097666542e-07 4.251480672223806e-05 2.308621346812107e-05 0.015783262887996807 0.00648060792159455 4719.986651730466 57.0 -18.302192215634424 1.628332337678966 352.85 461.56 8 127 "Covariance may not be accurate."
2004gu 68 0.0404840515083879 363.1835302893682 0.001960793152582896 1.1835324720568678 0.023993592187165902 0.003335959930029997 0.08989500956676011 3.311332772514832e-05 0.048555720100178945 0.01601784511058213 243.39385630968195 52.0 -19.013291528989015 0.8444627276117807 357.86 410.84 6 62 "Minimization exited successfully."
2005A 109 0.01908642246009205 381.5657442314908 0.000992653172755334 -0.6437566302970223 0.8779387326413182 0.07225927960069314 1.853913147442654e-07 1.8087235426359144e-06 0.0020165217447027928 0.0012304724075731244 5986.863475853781 61.0 -16.646531555476468 1.1155854115395414 376.65 433.53 6 103 "Covariance may not be accurate. Covariance not positive definite. Covariance forced positive definite."
2005M 172 0.05208390931610623 407.9676093958418 0.006637010831627255 0.890943425554914 0.008399643288051095 2.2688183223817937e-07 2.355479412585737e-05 4.634334983491832e-05 0.016974888474321048 0.0047609126604645224 2654.097519122234 88.0 -20.902411072506183 0.8942399684081508 397.73 480.51 33 139 "Covariance may not be accurate."
2005W 40 0.00541848411577114 412.8619873482649 0.027337288250025127 -0.2136919101058652 0.25303155126451005 0.0033421995677589025 0.03455187279755023 0.00032971199339661486 0.06799264909769143 0.011898504032519908 219.72887066455627 35.0 -17.451572788321194 1.0789254750998225 404.54 429.51 15 25 "Minimization exited successfully."
2005ag 41 0.07538176111052794 415.0311474910299 0.0006231318744959913 0.5340040472648173 0.04072535241546649 7.56000007644253e-07 1.2689798040810274e-05 0.02865195223736083 7.2796950256954425 1.4418231754519009 27.78817164405901 28.0 -19.17276839869843 0.9545093573101795 412.82 479.84 3 38 "Covariance may not be accurate."
2005al 98 0.004617339317298884 430.7257879544035 0.017942498078704638 -1.2140132671205972 -0.09118714549550688 0.0008382199694805287 0.050764322244418736 0.0001894648835739296 0.01152425234769372 0.005885347463367496 1560.8385976910688 57.0 -16.641936150538168 1.3103948400531387 429.76 512.79 2 96 "Minimization exited successfully."
2005am 66 0.00790050559269139 440.0664384502505 0.04999139842039831 -2.0312394618424303 -0.004373572817580995 1.959711646718279e-07 7.788582365719776e-07 2.0068526956455723e-05 0.006651638540696281 0.000787811038046704 35639.46034369159 39.0 -18.92560958682489 1.506399671705223 433.71 490.46 6 60 "Covariance may not be accurate."
2005be 23 0.04453947729140417 460.2050434481037 0.003484207128140515 -2.128405508174768 -0.18357414282022144 0.0027770193078726843 0.06005891792113971 4.968514726768052e-05 0.04215428517205089 0.011010525195914944 192.91435302605396 18.0 -19.85073666302329 1.5533434014470977 467.89 491.77 0 23 "Minimization exited successfully."
2005bg 31 0.003500022266567061 471.0625222799301 0.007808173436306066 0.5505990678270765 -0.036109656564641934 0.00037055192449376973 0.09871987226230772 0.0001515753259939425 0.06040359228129555 0.013650701207589377 416.6435472257841 26.0 -15.13587180715895 0.9549064164414354 472.67 512.61 0 31 "Minimization exited successfully."
2005bl 23 0.03476137744759872 485.20824760889707 0.0007679746785358293 -4.999999999722292 0.40630231152557306 0.0012443116879780614 0.028854982824270792 3.401846276830791e-05 0.01069896412870186 0.029398057912890296 915.5092760601908 18.0 -17.66131462625478 2.729813689590266 476.61 512.57 15 8 "Minimization exited successfully."
2005bo 18 0.0035000542462553003 479.4979367562419 0.006932345707473059 -0.8477948745830757 0.41739960100427576 0.001597984777636566 0.12401020469991408 0.00016045244203869444 0.06731587121710225 0.015336481202105512 21.94783820097677 13.0 -15.015156516917589 1.191047234032233 478.75 512.76 2 16 "Minimization exited successfully."
2005el 143 0.05889207914697519 646.8161982064642 0.013160598688752558 -1.3207761790265362 -0.0674597987388954 3.542896302617671e-07 2.2160945377436292e-05 9.521782393023207e-05 0.01277825300467561 0.004819514211501508 3937.9027263958674 33.0 -21.92190019562998 1.33331020445444 639.89 730.75 15 128 "Covariance may not be accurate."
2005eq 112 0.029005822485505633 656.2998101362654 0.0041216106817273945 0.9193052256793965 0.08739470179239528 7.395259051818509e-07 5.7325580371525575e-05 7.439232215704751e-05 0.03121669136492944 0.01284746924394331 503.2837714240368 33.0 -19.077416865509253 0.886418017967948 647.8 751.66 10 102 "Covariance may not be accurate."
2005gj 112 0.06164891645664842 712.4881198084387 0.0006964133957484547 4.99907070364717 0.9996949107595952 0.05533875969001518 0.1058438427666033 4.321725990742676e-06 0.0005912475628742087 0.00013194221231060954 23638.135812596418 29.0 -18.953182236027853 0.20081008119536392 698.7 1016.76 20 92 "Covariance may not be accurate. Covariance not positive definite. Covariance forced positive definite."
2005hc 84 0.050564685215530134 668.2547910665033 0.0021697228779265472 0.8323012290117537 -0.09902426238722184 0.0021722182222739007 0.06648558823144413 3.651452104618674e-05 0.04656702822692704 0.014606379991155827 50.54712037851016 27.0 -19.62220395985618 0.9083393162953399 661.67 755.61 19 65 "Minimization exited successfully."
2005hj 52 0.06381491376280429 676.439256829972 0.0015252804031096997 1.1431904270673874 -0.12190764475055815 0.059542278687197546 28.36111905912378 0.02677794421678259 7.3109080780352675 1.3896118856027833 224.20297093052022 19.0 -19.76629649249232 0.8561459109280527 671.67 761.57 13 39 "Covariance may not be accurate."
2005hk 156 0.084 689.7844979282792 0.00553684500749857 0.3304929110853374 0.4138804426826943 4.261875923020075e-06 0.018777940439463237 3.295683380364917e-05 0.014646194653428868 0.004231241422864462 19906.33212601779 35.0 -21.801619237153233 0.972095710839902 675.61 761.54 50 106 "Minimization exited successfully."
2005iq 84 0.0092384248571948 688.1310781070739 0.002951130576319841 -0.8520362822767593 0.03722972779415912 0.0013055808784829866 0.04105132211429918 4.9851726933275355e-05 0.03253246333503812 0.012046240374950279 733.1549708071999 29.0 -16.195942134092178 1.2205301699129336 682.55 755.55 20 64 "Minimization exited successfully."
2005ir 13 0.07620086498376469 686.7204817068343 0.00013180921383335875 0.3637882253626392 0.9999993400985931 0.058637904166665304 28.199446540281997 0.029637258095720563 7.1821190046825265 1.2849580507286882 39.52432303690821 8.0 -17.564755250601074 0.9346095575789057 682.62 740.53 3 10 "Covariance may not be accurate."
2005kc 77 0.01687129306732979 698.4539113870832 0.004684215450773882 -0.3826339729025747 0.5791178626943165 0.002382250207314779 0.030199716603476645 0.00010472878530659894 0.04191779315822419 0.017583042488431677 146.23215255590068 20.0 -18.036269637537547 1.089339524796003 687.52 728.54 34 43 "Minimization exited successfully."
2005ke 222 0.004860198449296719 700.377515426299 0.015339500887624098 -2.24685758437442 0.5350681377621755 5.624920743595163e-09 2.4144009103110875e-07 8.84413902337202e-05 0.00884264394006773 0.0035592301235605195 55479.848808637245 37.0 -16.598027044148665 1.5015275543805373 689.69 819.51 41 181 "Covariance may not be accurate."
2005ki 147 0.0035000018828158105 705.7406846445459 0.009131983580051328 -1.3536111146955192 0.016860686471808384 0.00013663761100384344 0.017982429804817457 0.00010243317611678508 0.01163417859030691 0.007233467063335497 1554.6685241542239 37.0 -15.304730460182704 1.3338517056699288 695.86 858.54 17 130 "Minimization exited successfully."
2005ku 17 0.047221388475236895 699.9194045238728 0.0016941994756096814 -0.4496836984450816 -0.025985505582997837 0.00710487493214455 0.251818910285067 8.775910362399109e-05 0.1749232351391834 0.043964881951089274 26.853664783605716 9.0 -19.19838757975886 1.1417196313605942 699.56 739.53 2 15 "Minimization exited successfully."
2005lu 39 0.03181650242687114 719.9508087961185 0.0016599865293828787 0.0561609981250939 0.19546037756731804 9.017609064292109e-07 4.8070053480842034e-05 3.949694061265718e-05 0.037919043288554555 0.01568026016238311 1821.7822607416826 21.0 -18.296406097009214 1.0323129221840155 719.66 799.52 1 38 "Covariance may not be accurate."
2005mc 31 0.08399999862380232 729.8506389533148 0.004423798639927224 -2.055888810753828 -0.206865674968168 5.22082639462379e-05 0.13456928138816693 6.505050827774073e-05 0.02429922894069314 0.008765505197222967 1672.6207737370307 26.0 -21.549439328315625 1.535295673910948 736.79 773.62 0 31 "Minimization exited successfully."
2005na 79 0.02628333444955669 744.285855560983 0.004477128997251847 -0.6369068302491385 0.11859841006575866 1.6596247811792586e-08 0.0001630616073953206 5.484624937042264e-06 0.018243619662110966 0.0015056929492426319 4335.569636203217 41.0 -18.94802095339347 1.1701402613271945 738.71 834.54 6 73 "Covariance may not be accurate."
2006D 151 0.008500856792364448 759.3355222054562 0.03160185433204097 -1.7194474128702186 0.05645630826669845 7.034267243341552e-09 2.290262557380629e-05 0.0002737022084859861 0.008608938099282426 0.005519554364785351 9876.840883442164 46.0 -18.588041634085954 1.418703981791964 752.87 891.61 4 147 "Covariance may not be accurate."
2006X 188 0.030860055837156793 787.1620374310705 0.01881711807776741 -0.2519536649173766 0.8802060420638398 0.05332999282110602 29.450398875808958 0.03377054338108637 7.043097997842214 2.812426743365978 5404.808708356937 40.0 -20.904130161989926 1.0451508112258345 775.68 891.59 38 150 "Covariance may not be accurate."
2006ax 146 0.0035000011152817798 828.1431141229455 0.01241619175391176 0.47627945789352744 0.09417442679323829 9.634261559008338e-05 0.014556118792881989 0.00012434019728646117 0.013750717226743259 0.006242773006573943 675.7816120677181 36.0 -15.639858777853089 0.9622503976398846 815.64 891.5 31 115 "Minimization exited successfully."
2006bd 31 0.0035000044138006857 809.8696541030183 0.0008833243798295643 -1.639713221961192 0.6400552893072824 0.0027723207891323003 0.1725822881958834 3.632320862359263e-05 0.055558823352984454 0.02615533163553352 414.9836594206983 7.0 -12.79042017714061 1.341237958175462 822.75 872.57 0 31 "Minimization exited successfully."
2006bh 102 0.04530786376820677 832.6657260999356 0.032710564722384226 -1.5345527019166907 -0.16481680993741987 0.0008442456291604533 0.03262251018207962 0.0002442449487081097 0.010739305924392983 0.005820291091431062 1140.3444631812067 30.0 -22.32051784281321 1.3933183987141966 829.91 891.79 14 88 "Minimization exited successfully."
2006br 41 0.010343800932750846 851.4796362408694 0.00040720285048764793 -0.8358291308523293 0.9027076932803899 0.0061752011487700795 0.14142892405038765 2.142380391752935e-05 0.0760745952386741 0.03912346296094771 102.85801187015261 15.0 -14.33651242523996 1.1499886710634435 855.66 891.66 0 41 "Minimization exited successfully."
2006bt 49 0.08399999978008887 860.4980512052366 0.00210632124379129 0.1744796561325046 0.24604600092519346 3.9415500789799496e-05 0.04900637545659947 2.1547037036798123e-05 0.03743081026148021 0.007418713565155111 1129.302360442676 17.0 -20.746223477392405 1.0082529031571177 853.76 891.71 15 34 "Minimization exited successfully."
2006dd 76 0.0035000000002065367 931.9399999946583 0.04999999984178169 4.999998376734615 0.31233835867471527 5.156077398678826e-05 0.0034998176433873596 2.8723476302731227e-05 0.020953982785262504 0.002748243569718145 949.6199459030577 -3.0 -17.210947447116 0.18784159102553666 979.93 1147.57 0 76 "Minimization exited successfully."
2006ef 20 0.04969915149464737 968.1728653702914 0.0124955069963892 -0.8902634365598168 -0.18121953278583636 0.001905777648937939 0.17617049719240185 0.00022514094629971781 0.047233783556115405 0.013987013488511835 151.10404061204042 11.0 -21.48415437029397 1.2442235433958313 979.9 1040.71 0 20 "Minimization exited successfully."
2006ej 21 0.05006217022181197 974.9508740086108 0.010642580387776277 -1.3378900205045685 -0.22268645695610267 0.0028307311845033566 0.2401878887672524 0.0002800572498539624 0.05261167614589102 0.02114855896069434 49.830649571743756 6.0 -21.32685477534549 1.350128200902219 980.72 1018.7 0 21 "Minimization exited successfully."
2006eq 62 0.06144403697103058 976.4378043511015 0.0007587340116645081 -2.3551698649062125 0.12615541007784326 5.863380853760036e-09 2.203079247919959e-07 2.1295843830473925e-05 0.04758546478048853 0.01979678641633409 504.4693175726871 24.0 -18.920347358982536 1.5823841166895534 980.56 1029.51 0 62 "Covariance may not be accurate."
2006et 151 0.03417054200249034 995.0289057638718 0.0064207795750233585 0.6870702940569382 0.186329919944483 0.001168793730242583 0.026593853328733985 6.787678812023717e-05 0.019099000760326668 0.00792754609767532 253.6574025848907 30.0 -19.92422483937198 0.921742186365627 982.63 1099.54 27 124 "Minimization exited successfully."
2006ev 87 0.03669181451490246 990.2035536221223 0.0021361878026569417 -1.3269699645196722 0.0930951463999512 0.0036054099684537794 0.0961253976234957 4.535857206866968e-05 0.04613153914569734 0.01742890693701471 70.72441163716245 15.0 -18.885378496945155 1.321081066420568 993.59 1039.52 0 87 "Minimization exited successfully."
2006fw 6 0.04545797624331921 1008.7535320793169 0.003822716818514474 -1.0369542574790387 -0.9999689077872369 0.010155256585718309 0.14585135832072638 0.00023068719114005673 0.2085791043249905 0.38544575570497835 19.831442304319246 1.0 -20.045140913166343 1.3294192676380305 1001.75 1039.73 2 4 "Minimization exited successfully."
2006gj 70 0.05860029382474919 999.8013066620794 0.001170955010962918 -2.1894386392439125 0.33903790857238447 0.00014210224214578418 0.006576470881554997 2.4713948651125528e-05 0.03222130666493417 0.014901283667458687 440.7888703910848 19.0 -19.28949628848288 1.5102589708537515 998.83 1096.59 2 68 "Covariance may not be accurate."
