analysis_pipeline/fit_results/csp_5_salt2_2.4_red.ecsv
# %ECSV 0.9
# ---
# datatype:
# - {name: obj_id, datatype: string}
# - {name: num_points, datatype: int64}
# - {name: z, datatype: float64}
# - {name: t0, datatype: float64}
# - {name: x0, datatype: float64}
# - {name: x1, datatype: float64}
# - {name: c, datatype: float64}
# - {name: z_err, datatype: float64}
# - {name: t0_err, datatype: float64}
# - {name: x0_err, datatype: float64}
# - {name: x1_err, datatype: float64}
# - {name: c_err, datatype: float64}
# - {name: chi, datatype: float64}
# - {name: dof, datatype: float64}
# - {name: b_max, datatype: float64}
# - {name: delta_15, datatype: float64}
# - {name: tmin, datatype: float64}
# - {name: tmax, datatype: float64}
# - {name: pre_max, datatype: int64}
# - {name: post_max, datatype: int64}
# - {name: message, datatype: string}
# schema: astropy-2.0
obj_id num_points z t0 x0 x1 c z_err t0_err x0_err x1_err c_err chi dof b_max delta_15 tmin tmax pre_max post_max message
[from data line 49]
2006hx 39 0.060224728577716026 1023.0821262418146 0.00109297846582056 -0.15842842982455974 0.35005505873695686 0.0036512837696276203 0.10674521237046974 6.151221541768196e-05 0.08912583170214194 0.04342879185511683 403.56431860862085 13.0 -19.277978484428907 1.0627689639438316 1013.66 1080.59 8 31 "Minimization exited successfully."
2006is 80 0.03100605937600925 1014.2504679287254 0.006473854801573753 0.48610115221533867 -0.2509121897821075 2.0748464137250455e-07 2.9688802783311985e-05 7.421980932214006e-05 0.024879412395258704 0.008331270483731001 75620.3610497252 46.0 -19.71803391551216 0.9753479476547113 1009.86 1125.67 5 75 "Covariance may not be accurate."
2006kf 118 0.05236459380883956 1040.551115064231 0.0035069590412381865 -2.220809446830194 0.12776181055132074 0.000909523927850174 0.03706889956094983 4.9949087296535756e-05 0.02203210132725042 0.010389237225337689 7113.179182084788 34.0 -20.221054983566916 1.5438937673246578 1036.81 1127.64 20 98 "Minimization exited successfully."
2006lu 48 0.05350754570838589 1039.175772665459 0.0010464070676263983 -0.01617493526810332 0.05254656354493625 1.752947184286563e-06 0.00013991822106618201 2.527720952374686e-05 0.0445456377946023 0.017841214098299196 8070.536958098948 38.0 -18.956994425524734 1.0533700244380775 1040.84 1137.75 0 48 "Minimization exited successfully."
2006mr 118 0.08399999995675116 1052.1542105077428 0.016906171324217685 -3.1015771178747413 0.047747683169788724 1.4155036609210525e-05 0.031045207333932012 0.0002144548896206768 0.02391908703014578 0.00878519433209779 33300.774272406416 52.0 -23.002839231209425 1.8356862524963873 1045.86 1147.57 16 102 "Minimization exited successfully."
2006ob 38 0.08399999978605383 1063.410838478889 0.0009611100233944154 -2.021300706636684 -0.12846565502630358 0.0007754150407613125 0.14478888064365947 2.8104569492741526e-05 0.08399844232331977 0.02218131258760475 412.58539174978074 20.0 -19.890630314319537 1.5172255869137388 1060.65 1121.57 2 36 "Minimization exited successfully."
2006os 66 0.047145201139444814 1065.423763883605 0.0009600472343195221 -0.5042257171691054 0.4632165252938507 0.0022099367602759906 0.14981450681693786 2.7759495318587012e-05 0.05475002778365612 0.021333465363696513 3965.53484955935 26.0 -18.589575861280117 1.1201954741296731 1063.65 1133.56 4 62 "Minimization exited successfully."
2006ot 75 0.08399998256529355 1066.718060510363 0.000764938343045174 0.8152865814406223 0.3721705238277693 0.0004098166676648751 0.22967557573963404 1.540253543661635e-05 0.07513076517939243 0.015014769392461713 5309.701000442095 28.0 -19.651175970412446 0.8922001520488863 1063.72 1131.63 5 70 "Minimization exited successfully."
2006py 14 0.06272659915417052 1071.0777217044094 0.0009653229544293818 0.4983065597934768 0.11072902982393429 0.006694500130282083 0.33258587516559146 6.126607757814815e-05 0.3299798653833621 0.05558218328346498 19.07352433512417 9.0 -19.229955816834632 0.9576439648531156 1069.54 1091.54 2 12 "Minimization exited successfully."
2007A 49 0.004130761619197026 1113.5602718232378 0.005366147263728924 1.2088171927191187 0.44996429347176536 0.007206991334991376 0.07514357160027885 0.00011086342291532656 0.07803092653511223 0.01246700195721484 99.24355520552803 13.0 -15.101032384444789 0.8249320838880294 1107.53 1133.53 18 31 "Minimization exited successfully."
2007N 100 0.0035000001938736603 1112.4773894222028 0.0019160746270199037 -3.035744987070931 0.7439445124318274 3.990197866293125e-05 0.08873640893148149 4.709825784021129e-05 0.025575077884145703 0.015384551155491533 12876.829233166482 38.0 -13.638230249401374 1.6947986337318497 1123.82 1213.67 0 100 "Minimization exited successfully."
2007S 127 0.030416108548753647 1145.2304186645874 0.00740058942255088 0.8290064687303804 0.41958362091949275 0.0014320839218519305 0.02608303388490185 9.774380563361837e-05 0.019592011047847357 0.009817823102849288 59990.0451464156 32.0 -19.827293816315084 0.887886910595137 1132.77 1246.54 30 97 "Minimization exited successfully."
2007af 205 0.005502372836436449 1176.53594339758 0.0719871330075767 -0.5091925582743384 0.17937941065711827 1.0265794853341753e-07 8.389219715354557e-06 0.00036540468173247576 0.010938287346831999 0.0037294697887709782 231635.10420521753 50.0 -18.53444173615436 1.1404807112951154 1162.76 1257.72 67 138 "Covariance may not be accurate."
2007ai 59 0.03168479185198689 1176.2872723036735 0.0006986860169052395 0.43958499408389695 0.6494443178749658 9.620532052737052e-07 9.45333812296667e-05 2.2790454479863808e-05 0.07251824453386169 0.022005467298148007 1953.6593102874472 28.0 -17.368523800392225 0.9413557102180512 1167.88 1259.7 20 39 "Covariance may not be accurate."
2007al 72 0.01220051384388053 1162.9505543750581 0.0020617365094551562 -2.936943733918629 0.7400099914012725 4.984045834793838e-07 1.2362029565338162e-05 4.985210639972797e-05 0.017008302412502285 0.01506115806192887 11409.669075276193 25.0 -16.44372278364281 1.6654945694793106 1170.77 1246.58 0 72 "Minimization exited successfully."
2007as 88 0.011223948227233712 1181.9019028991606 0.00925794365904936 -0.8069661449989134 -0.007483821935054369 0.0006998437152096644 0.04933244938683856 0.00010184877693900432 0.01735555230786634 0.007227032619227858 46528.40792638336 33.0 -17.863255954609212 1.214144276865742 1175.59 1259.49 13 75 "Minimization exited successfully."
2007ax 57 0.08399999999988828 1190.020815515302 0.009931839675864897 -3.06345638205183 -0.09341100032402772 9.941972049967718e-06 0.0418910045557368 0.00012158722478293558 0.02256870665685784 0.008859628051732293 19159.758917275263 19.0 -22.425501661507127 1.8450143634302467 1184.55 1248.47 6 51 "Minimization exited successfully."
2007ba 68 0.08399998947618009 1198.976567324708 0.0017404713568748955 -2.686879144002221 0.002997523838065508 0.00025177167060105865 0.07562865183626855 5.3178553890702264e-05 0.09533875879990816 0.02290858226650172 403.2600312051905 20.0 -20.534378796674186 1.700133398876492 1190.83 1254.75 26 42 "Minimization exited successfully."
2007bc 64 0.0486636428455087 1200.438147161463 0.00827427332481854 -0.9337341493902445 -0.07626995579334295 0.001751395287937614 0.06152669130904087 0.00012644944316540611 0.02643189647730404 0.012993425606178055 8255.503144350205 25.0 -20.98789125235271 1.2463327679502552 1196.65 1259.53 11 53 "Minimization exited successfully."
2007bd 66 0.04734875759045789 1207.092644791244 0.004208153555474734 -1.0026034110114583 -0.14189182449764048 1.3489156666657287e-08 4.363562311482383e-07 7.490054707058862e-05 0.03500454674775311 0.012854373929604257 614.015442143398 19.0 -20.19287783183974 1.2663001858946963 1197.53 1259.46 22 44 "Covariance may not be accurate."
2007bm 50 0.0035000006942944415 1223.5255288431006 0.019508813357841045 -0.493600552991599 0.7053182943569682 0.0001461184408987912 0.06740372585750265 0.00022788608432310759 0.016941445099739383 0.006920247669909618 705.3584607978004 12.0 -16.15604082788321 1.1009099100167408 1217.57 1278.52 7 43 "Minimization exited successfully."
2007ca 73 0.0035000002506580486 1228.0968550118828 0.004519649321412156 0.7622775108453785 0.5417772938332042 8.801802531577599e-05 0.020916228744340515 4.050869136216053e-05 0.018541181862737677 0.0057240522415462625 1385.7026971363716 19.0 -14.558203697533404 0.8934120775368051 1217.65 1275.65 18 55 "Minimization exited successfully."
2007cg 23 0.0515195332943881 1228.0132970876193 0.0007431710250619867 1.2732666727097701 0.6354129331337721 0.004189559113505648 0.23726625686720126 4.3650690109178737e-05 0.13315842460492844 0.041582221044355605 11.200285327899314 9.0 -18.522860536370295 0.8075849297224806 1235.63 1259.59 0 23 "Minimization exited successfully."
2007hj 173 0.0538530500760439 1344.289702725841 0.01059452533279621 -2.1071654281813363 0.0924795390253157 0.000534744325578259 0.041014356503069394 9.021503621581099e-05 0.009199669709918368 0.005845159398691568 45908.97865672587 51.0 -21.48425945264936 1.5164158512512298 1348.76 1440.53 0 173 "Minimization exited successfully."
2007hx 14 0.08399999991478378 1353.8971715394919 0.002234769388335034 0.8380068506087319 -0.999838489172309 0.007582330760967232 0.5771778402661312 7.521752717948868e-05 0.3152500831920575 0.41581798162853323 94.06142303338224 6.0 -20.857614426614255 0.9358567949689736 1354.78 1411.73 0 14 "Minimization exited successfully."
2007if 25 0.07639327681728338 1355.8405684127047 0.0003925364510346807 0.28213663426740787 0.9999969863941383 0.05766025702780321 27.022095210104567 0.02879938849324192 7.165285828834615 1.2348070815400276 2229.1918520137224 10.0 -18.75528324017243 0.9477890115096024 1357.77 1443.6 0 25 "Covariance may not be accurate."
2007jd 17 0.05006488149937382 1364.5391362603157 0.00012234776393263704 -1.7035118730859744 0.8142213155186779 0.012616576389372556 0.5182777589240004 1.7529981349458097e-05 0.24941341774890158 0.0831766564567491 23.696687446419574 9.0 -16.5113551038596 1.3375434890684588 1362.83 1409.83 2 15 "Covariance may not be accurate. Covariance not positive definite. Covariance forced positive definite."
2007jg 56 0.0035000007638893394 1367.7086212231522 0.0014844623525530815 -0.4010458576037932 0.17485196606320663 0.0009163976473420062 0.08109817262072738 3.429975146787827e-05 0.051905540843330655 0.014642817114652984 1521.1728583669155 27.0 -13.334401889636911 1.1195697808041736 1363.82 1425.78 13 43 "Minimization exited successfully."
2007jh 20 0.0839999999566137 1366.384186835278 0.0007696526203073428 -1.7614519617166802 0.0903529582349043 0.00017067599243293652 0.17337221839238737 2.95857246873088e-05 0.1201512775027418 0.029547668408841155 509.2157699825799 13.0 -19.64929715582689 1.4258421430404873 1363.86 1413.8 4 16 "Minimization exited successfully."
2007le 148 0.015692308858280962 1399.8163051394392 0.04999999398220191 0.2986342348271034 0.1811095045621287 0.0013850600668469772 0.042174304577656585 0.0005796262729536907 0.012934446115015596 0.002892176167992644 185277.26061127931 45.0 -20.43206583178108 0.9894630181995154 1388.57 1470.55 30 118 "Minimization exited successfully."
2007mm 17 0.083999999974847 1393.7194152089858 0.00026921717421682644 -3.791924510768424 0.15247260171293497 0.00019789053245913152 0.10200091221611274 1.2393177720060322e-05 0.18008276579988336 0.034364629077941466 513.1792137489006 12.0 -18.5089458837858 2.095975678460647 1385.72 1418.69 4 13 "Minimization exited successfully."
2007nq 99 0.06370157323175969 1397.6552642514089 0.001984537194586736 -1.6547249716785082 -0.09065499290901946 0.0015392861049228108 0.10648031028961213 4.291853951422634e-05 0.03784457252775275 0.017160397675523575 5424.586201075384 45.0 -20.04584798560503 1.416663592222779 1397.65 1476.56 2 97 "Minimization exited successfully."
2007ol 7 0.01672007272421048 1415.031224702697 0.00024567843069803473 -3.3316687562861382 0.9962193385663718 0.020590720076691403 0.4177021737884843 2.9373340243597787e-05 1.9242663293714095 0.43369688129097783 4.9182019061691395 2.0 -14.849567589457713 1.7408255075545007 1409.79 1422.66 3 4 "Minimization exited successfully."
2007on 204 0.003500000279897867 1420.6947394619795 0.06719052390150644 -1.781704971710865 0.2596515692299537 1.884908562563227e-05 0.017178340254531577 0.0008834228423817425 0.010136297763557955 0.008928326470999948 133922.82809041513 44.0 -17.475063521389306 1.4137153522831767 1410.73 1508.61 21 183 "Minimization exited successfully."
2007so 39 0.0839999977414356 1434.6800000000649 0.002580795971145361 -1.6142092817751914 0.07140346241982631 4.5902319770883826e-05 0.0019892085848596253 5.098259133603654e-05 0.03274528478778582 0.013171395460342294 2744.993639425047 11.0 -20.96283307244248 1.391187740951679 1449.68 1494.53 0 39 "Minimization exited successfully."
2007sr 156 0.005440078493730821 1458.598176474057 0.1179272679280245 -0.4524922382622121 -0.08138973103383074 1.6360486048382084e-08 1.394432615597907e-06 0.0025602430713725435 0.0510922943417258 0.015724210792765203 454144.48318234854 53.0 -19.04405138389896 1.1456615271655775 1454.84 1955.57 17 139 "Covariance may not be accurate."
2007st 74 0.0839999986942951 1450.600819413941 0.012700665851017236 -0.9596409853963035 -0.23173669602494307 0.0003199938036703154 0.15901142192717543 0.00023757400494458635 0.034254545253626034 0.011348660012093947 2831.262540021659 21.0 -22.695594150113507 1.263112480389493 1458.66 1513.52 0 74 "Minimization exited successfully."
2007ux 88 0.05022134665823656 1463.1708929449392 0.00181488589329388 -2.26260239046455 0.17727640391190547 0.0011758988622319645 0.06160537598634619 3.1908827072438294e-05 0.025007928840767413 0.012591616243109893 3322.8348223247076 28.0 -19.412516213083396 1.5497432088981107 1466.82 1554.65 0 88 "Minimization exited successfully."
2008C 73 0.01658457744529628 1470.7513534047694 0.00790567265907 -1.7444360078659713 0.08661308581963079 0.04650198690932928 27.306751347000613 0.028745947082089458 6.570582885132394 1.4391111682229853 11946.608024085155 33.0 -18.548581870219216 1.421945869638769 1469.81 1552.5 4 69 "Covariance may not be accurate."
2008J 43 0.06850441866676674 1469.5400001267499 0.0021494185639723273 2.433248327970057 1.9999999975211038 0.0006436892373634165 0.007424501033483466 4.029184635699753e-06 0.033347126193926435 0.00021556453790316787 16202.504426028505 14.0 -20.52350705744282 0.5815462234270257 1484.54 1516.52 0 43 "Minimization exited successfully."
2008O 53 0.05584188068200494 1492.0490641972274 0.0008837001753017799 -2.3028344719262512 0.2154922811990312 0.003796423654684449 0.10361216389469519 3.223900260786866e-05 0.09340208493841451 0.028321910260141303 753.0287216486923 18.0 -18.871180871638398 1.5564200529949055 1489.71 1546.54 7 46 "Minimization exited successfully."
2008R 64 0.046921305778908066 1491.5982772041982 0.01356835643949777 -2.425769455534861 0.0026227624207175726 0.0004936778001639296 0.03863018867980372 0.00013724792210434694 0.012701744039061769 0.007083532814825322 6560.316851050772 20.0 -21.442049703667415 1.6185952321044201 1493.63 1532.52 0 64 "Minimization exited successfully."
2008ae 71 0.0839999999124832 1516.094113073681 0.0003375770976628112 1.2670251817987532 0.9999999867814588 0.00018966537435609332 0.20863850122054828 1.8903146515036884e-06 0.26838127814590473 0.00324602980227251 72.63961005773089 5.0 -18.810310323575944 0.7940195796698148 1511.74 1602.52 9 62 "Minimization exited successfully."
2008ar 70 0.00984855483612094 1535.528518098208 0.004985884522305037 -0.02440340042079736 0.07815218748176189 0.0037270575826768093 0.044585537268972075 8.040722812270714e-05 0.025026660957137903 0.012403632262122821 10778.045178072294 31.0 -16.905972685727555 1.0535263027677857 1527.79 1627.59 7 63 "Minimization exited successfully."
2008bc 101 0.003500021517309969 1550.1022984227263 0.009423841796456792 0.6863403830747528 0.18387660812946915 0.00017124941340572008 0.03316223530862317 8.724715560977803e-05 0.017313661147281945 0.005880120261700594 27963.34867823789 33.0 -15.341994987099474 0.921972165945947 1542.56 1646.46 27 74 "Minimization exited successfully."
2008bd 35 0.08399999998550674 1526.7000000000492 0.002326059778999154 -3.229454098780505 -0.30580521942199845 0.00011435466938600897 0.003322364447058135 7.621646382595122e-05 0.0679872825078649 0.023026576244438768 1348.8254034075333 20.0 -20.85346206889829 1.9451295079700373 1541.7 1607.65 0 35 "Minimization exited successfully."
