analysis_pipeline/fit_results/csp_5_salt2_2.4_all.ecsv
# %ECSV 0.9
# ---
# datatype:
# - name: obj_id
#   datatype: string
# - name: num_points
#   datatype: int64
# - name: z
#   datatype: float64
# - name: t0
#   datatype: float64
# - name: x0
#   datatype: float64
# - name: x1
#   datatype: float64
# - name: c
#   datatype: float64
# - name: z_err
#   datatype: float64
# - name: t0_err
#   datatype: float64
# - name: x0_err
#   datatype: float64
# - name: x1_err
#   datatype: float64
# - name: c_err
#   datatype: float64
# - name: chi
#   datatype: float64
# - name: dof
#   datatype: float64
# - name: b_max
#   datatype: float64
# - name: delta_15
#   datatype: float64
# - name: tmin
#   datatype: float64
# - name: tmax
#   datatype: float64
# - name: pre_max
#   datatype: int64
# - name: post_max
#   datatype: int64
# - name: message
#   datatype: string
# schema: astropy-2.0
obj_id num_points z t0 x0 x1 c z_err t0_err x0_err x1_err c_err chi dof b_max delta_15 tmin tmax pre_max post_max message
[from data line 95]
SN2006os 106 0.04017050436899745 1065.2724678837678 0.0009528813299777867 -0.5912627329131546 0.4777293797054907 0.0018545921718520035 0.09527799109980606 6.207772624597374e-06 0.04465079833954322 0.005411167052737587 5379.401486729206 66.0 -18.223309447339023 1.135854185695834 1063.65 1133.56 4 102 "Minimization exited successfully."
SN2008bi 83 0.0035000001110721884 1536.5200000000495 0.004283824201223913 -2.6133204989078243 0.3202538567471649 0.00023565805170282185 0.005429958044715022 3.528106328131147e-05 0.017991893195575592 0.0055127253732794035 3552.3191822830986 61.0 -14.487931690345114 1.632781115377547 1551.52 1628.47 0 83 "Minimization exited successfully."
SN2009le 66 0.018497175357148395 2168.5494379327333 0.011223954486175079 2.8357120174161192 0.1773213165333518 0.0007915052752734842 0.04320823751527314 2.409440806256692e-05 0.056263402339777 0.0020908983170683237 1081.297164556117 49.0 -19.175869050882277 0.5570114623371119 2153.53 2169.58 54 12 "Minimization exited successfully."
SN2005al 238 0.012397778465872243 433.1301309035072 0.014977133191813725 -1.5994272805739342 -0.029221067886828878 3.2388725293777676e-08 4.92175610133927e-06 1.7669741022833044e-05 0.005302737997538776 0.000856275575027432 79089.16780787213 205.0 -18.603145362039875 1.397082759320547 429.76 512.79 24 214 "Minimization exited successfully."
SN2005am 203 0.05518365901224125 437.70338630196807 0.04932176456256172 -1.6143756034377938 -0.037116670376105776 0.05911500624441543 57.47996544965835 0.03302400928474583 6.61994712734606 1.4119149993357882 59752.38128489263 176.0 -23.208979529774766 1.4015275369658937 432.58 512.46 9 194 "Covariance may not be accurate."
SN2005iq 154 0.030543501578249137 688.1098004773021 0.0031237556876303335 -0.9686316029012367 -0.04907835503249769 0.00099420195940292 0.018903246425509224 6.5708037742349e-06 0.020254090328212904 0.0023857174791959146 6319.709935912834 104.0 -18.88948748724155 1.2519891327660062 682.55 755.55 36 118 "Minimization exited successfully."
SN2008bd 66 0.07731297519427392 1526.7150714028403 0.001443655078006448 -2.6849279458176403 0.028247372279722294 0.0573118559116595 50.23936526779676 0.026891833789004588 6.157517318977556 1.4270791713489954 1869.701517769551 51.0 -20.14114651368561 1.6959838600246755 1541.7 1607.65 0 66 "Covariance may not be accurate."
SN2007S 192 0.0075337664003761375 1145.0836734919176 0.007632015564787179 0.8467296610991326 0.43828018189220597 0.001346317585070532 0.01901195415780421 3.2116288874643826e-05 0.015369517948014888 0.00460501068007968 105025.99237139622 97.0 -16.793201026796897 0.8841631825235048 1132.77 1246.54 42 150 "Minimization exited successfully."
SN2005bo 54 0.0035000000966712696 479.0917664188462 0.008072259493422948 -1.1484156343546035 0.31746461110412816 6.18401297618411e-05 0.07020714491193303 2.619068562106485e-05 0.04719041519208189 0.0023931022308421035 1207.2361729466156 49.0 -15.176339797393709 1.2619969745440294 478.75 512.76 6 48 "Minimization exited successfully."
SN2006bt 88 0.08399999995409711 859.5872353870889 0.002523276926477633 0.09012376580546366 0.1278347397710058 1.8125434347843195e-05 0.034837702032916695 6.1351902190267225e-06 0.025632159196088633 0.002019593671270359 3654.535561561741 56.0 -20.939885508939234 1.029725454152846 853.76 891.71 15 73 "Minimization exited successfully."
SN2008fl 186 0.026815519919655806 1721.0296380106088 0.005446492482623072 -1.1381536540625046 0.18405974316113816 0.0005400764690304954 0.037635748135244285 1.6033836301897024e-05 0.009283103880301624 0.002218077717064726 62092.62726660445 130.0 -19.206037601392516 1.2709582817017129 1724.49 1789.53 0 186 "Minimization exited successfully."
SN2007st 118 0.05332540194240653 1453.4825198240676 0.008748433623550406 -1.4346827995409637 0.016965492243161462 0.0013955067810614875 0.07808719680906506 6.0152466551090245e-05 0.019482732550744286 0.004609590779501738 4994.334898300806 65.0 -21.25396237924714 1.3529452801055317 1458.66 1513.52 0 118 "Minimization exited successfully."
SN2005hc 163 0.039369508215940395 667.9929972652861 0.0018138846806629418 0.8672236775985205 0.053963514443325034 0.0012509552614742743 0.033418656141464 3.107256509780887e-06 0.026555787151893995 0.002388546585083473 40662.137655879116 119.0 -18.86614782393415 0.8965208410156116 661.67 755.61 35 128 "Minimization exited successfully."
SN2009ab 102 0.022283929796127252 1883.811733686532 0.011269245264152218 -0.9185197111535404 0.218165904907633 0.0012618583207311632 0.014568783231425186 2.14634455397442e-05 0.013163462272896442 0.002868887076848292 6801.610004409654 55.0 -19.58689915190987 1.2210884352305804 1874.57 1911.51 30 72 "Minimization exited successfully."
SN2007as 153 0.00900410794480817 1181.978240995777 0.006850663771683297 -0.8437559083655763 0.19544603245292835 0.0003663322938806234 0.03167955628794061 1.4132836199848547e-05 0.013084706838575322 0.001790450501570784 96945.11114498157 98.0 -17.056142667587086 1.2071773910083579 1175.59 1259.49 17 136 "Minimization exited successfully."
SN2006hx 70 0.0729241054224083 1022.6972118411658 0.0015289189018476814 -0.08176909246129771 0.09477573117494709 0.002274834667036714 0.04373873104094628 1.2744468477354754e-05 0.05397338781261185 0.00797093168594254 1153.7341914322244 44.0 -20.071508432099304 1.0633458730926044 1012.66 1080.59 16 54 "Minimization exited successfully."
SN2008ff 230 0.01837564332105065 1714.654381036224 0.006354899102924087 -0.4166410769650035 0.30891015958908885 9.101844448272667e-09 6.054801929167297e-06 1.2694808742461181e-05 0.009606962536254038 0.0013005801800511918 237274.1207883604 128.0 -18.542548314922932 1.1139162151343047 1724.53 1790.57 0 230 "Covariance may not be accurate."
SN2009ds 92 0.0035000000006041926 1962.0956858698153 0.009367633112765622 1.453831919182127 0.17860887044447638 7.014728582456281e-05 0.038077948298337105 2.421803595795309e-05 0.05166842086226309 0.002666475627729148 668.9182723871418 49.0 -15.336168308943002 0.7948221786308594 1954.64 1976.62 29 63 "Minimization exited successfully."
SN2008O 103 0.05328269095603819 1490.7396489518374 0.000726546545323209 -1.8799795121500824 0.3941281461683408 0.00204349742116558 0.0773789685773636 5.012903364524934e-06 0.05256291378156819 0.005513084783252742 1874.5835410615935 68.0 -18.558647190008777 1.4241048962557983 1489.71 1571.48 11 92 "Minimization exited successfully."
SN2006ot 118 0.07709119577225879 1065.7171358985568 0.0009835585122856538 0.471719367854849 0.21050852817195764 0.0009334422698415723 0.0504315205931789 4.204320457935852e-06 0.04588031915999924 0.004292405598614435 6463.1364060287215 71.0 -19.72189658683181 0.9576816693125707 1063.72 1131.63 9 109 "Covariance may not be accurate."
SN2006py 35 0.04503805417918186 1071.6609422865013 0.0009860962108650063 -0.30000142223243653 0.11617358520345333 0.004105824055304984 0.12086060331421322 6.42216522864919e-06 0.12785321532150595 0.009388072382367274 175.32418261837276 30.0 -18.505336452570585 1.103625215622511 1069.54 1091.54 6 29 "Minimization exited successfully."
SN2005be 68 0.02202518290996629 460.0856732293031 0.0029238536653881046 -1.9276697794758606 -0.01606835559338904 0.001335631248331852 0.044574034579937916 1.610145787027395e-05 0.0189331117279945 0.005279426021359224 1111.555531113499 63.0 -18.09318748819242 1.4798629160476722 467.89 491.77 0 68 "Minimization exited successfully."
SN2006fw 31 0.08399999999999645 1004.5993347170205 0.00037850714189422156 -0.684151927486444 0.19475326990061692 0.00013425797142501555 0.10082963798373612 2.0704548528510615e-06 0.0765853095492881 0.005343739595472408 1171.8453474147861 26.0 -18.880861881628302 1.1744486542488666 1001.75 1039.73 6 25 "Minimization exited successfully."
SN2007ax 97 0.028921548707492743 1188.013984560899 0.004458077335610697 -2.4911780899802025 0.5620547512195024 3.220174786024155e-08 5.945553311903495e-07 1.2110498008692516e-05 0.015998407317333818 0.0022604747792975832 39290.088241346966 59.0 -19.170709274307526 1.5639498843396211 1184.55 1248.47 10 87 "Minimization exited successfully."
SN2007jg 113 0.019315504048167488 1366.921280055482 0.001468087505981261 -0.6082227356763346 0.1728696251880777 0.0009251381120281704 0.04165415284728624 3.7842985806558083e-06 0.03501419938918193 0.0028150569092317834 4028.287877563834 84.0 -17.057911987043063 1.160646230616905 1363.82 1425.78 25 88 "Minimization exited successfully."
SN2007af 307 0.005499996574200628 1176.535000952899 0.0499999253813061 0.7103905642727941 0.3680136882121243 2.6841408212827794e-08 3.2863079013623064e-06 2.593859772734297e-07 0.00892663497101509 0.0008217117671409646 516985.5034074363 152.0 -18.144174234371437 0.9098350418477246 1162.76 1257.72 89 218 "Minimization exited successfully."
SN2008cc 167 0.010399994625983875 1580.2600015613318 0.016112192790761783 -1.6276207125704656 0.336472027629958 2.545857674673968e-08 2.824877128659864e-06 2.3132972338161736e-05 0.007985460519078336 0.0010519496750632795 277249.4047887734 118.0 -18.303656771253266 1.368629515475833 1582.86 1654.86 0 167 "Minimization exited successfully."
SN2006ef 56 0.024403689439518605 969.8816578530901 0.010793817765882625 -1.3306868948192028 -0.044282630677084156 0.0010269637533616444 0.045499975656127845 5.689284358096052e-05 0.014853083689576607 0.004510749669828895 61909.34420592333 51.0 -19.738162412772684 1.3336930356813639 979.9 1040.71 0 56 "Minimization exited successfully."
SN2007nq 174 0.056445133538112646 1398.4228054873017 0.0017440515565327582 -1.7729215088828196 -0.0016286720749911776 0.0010015633174071982 0.05277807226400455 7.394092283800912e-06 0.023014089818407912 0.003244828469942951 10861.953559491898 120.0 -19.6312345147198 1.4380490520522926 1397.65 1476.56 6 168 "Minimization exited successfully."
SN2008bq 114 0.03164401611189679 1563.975911332348 0.0025606260945327977 0.42157890624384553 0.17917556395356882 0.0006993419546432855 0.03973556205073692 5.2996183229042215e-06 0.02197546326406119 0.002021183725188891 1038.188426934576 91.0 -18.754857964125588 0.9678964102001224 1562.49 1606.46 6 108 "Minimization exited successfully."
SN2008hv 225 0.00454158803740161 1817.483588781119 0.020191279025329908 -1.310519676940677 -0.03491409567912551 1.66366008456844e-07 5.8172565786662744e-06 3.376199494387229e-05 0.007632654112301518 0.0012385148803291113 132654.72105113356 136.0 -16.73372009030407 1.3281870191624279 1804.8 1912.7 50 175 "Minimization exited successfully."
SN2009I 55 0.010350009731134513 1852.6519817721141 0.0007302155320620341 0.82306392500724 0.8157828874285045 0.0022582639224879558 0.07507053749566239 7.968656876035406e-06 0.1033450369633826 0.009397661718391181 322.3413404025998 23.0 -14.965184387720125 0.8709401224763873 1846.58 1867.58 18 37 "Minimization exited successfully."
SN2004gc 134 0.032094065520809706 330.09539284310256 0.0013739911701808024 -1.3719588973368197 0.3968097861407496 1.487667281550864e-07 6.112091347176829e-05 3.2222661001862557e-06 0.014567478012221358 0.002052646242015177 21062.531506461488 129.0 -18.116018144793664 1.3039124675935554 329.83 397.66 5 129 "Minimization exited successfully."
SN2005lu 88 0.03226935707086757 719.9265782523361 0.0013567082924871078 -0.03068880766218829 0.33979244763037086 9.10221250420562e-08 4.953802545060171e-06 5.691314252331782e-06 0.029245656684169674 0.0033251690450990523 11102.693364159048 78.0 -18.1128709214864 1.0400217564346406 719.66 799.52 1 87 "Covariance may not be accurate."
SN2007al 120 0.012191593849211783 1162.9511331791382 0.0031192988761468143 -2.763800896318533 0.46110565963431815 5.005976958221553e-07 1.2070440902789414e-05 1.5021664084174848e-05 0.014572921419448992 0.0036029410656374106 20219.394857964373 73.0 -16.873902704227145 1.6575076407346216 1170.77 1246.58 0 120 "Covariance may not be accurate."
SN2005gj 227 0.043750000000000004 850.23 0.025 0.0 0.0 0.0 0.0 0.0 0.0 0.0 603943.8529145595 122.0 -21.94974123239405 1.0531324270815272 698.7 1016.76 220 7 "Hesse Failed. Covariance may not be accurate. Covariance not positive definite."
SN2008bz 70 0.017427171598503852 1580.2170066308972 0.0010264976521043524 -0.8929900617861204 0.032143910782177265 0.001100596240432239 0.08114454388623926 4.783954743305097e-06 0.044806112875722004 0.0039573599554496575 4160.314758355689 65.0 -16.441159017802104 1.2296370845536266 1580.72 1651.52 0 70 "Minimization exited successfully."
SN2007bc 111 0.02732502589923868 1200.710763008116 0.007299962081846723 -0.9753179218666004 0.0448183761839398 0.0008045783610644598 0.02908802470790306 1.3284204835428692e-05 0.014877466006599338 0.002312082132604476 19973.414320960143 72.0 -19.564084123716366 1.2464414446988634 1196.65 1259.53 19 92 "Minimization exited successfully."
SN2008fr 150 0.03969385193526883 1741.5754179698756 0.0018395732357588985 -0.47392728841467147 0.10696729848191389 1.8256364836891081e-07 5.1700508265639655e-06 5.220256077061148e-06 0.018635710295479946 0.0022571604838558246 33602.42076074561 100.0 -18.899267568116827 1.138211618140602 1738.78 1807.57 9 141 "Covariance may not be accurate."
