analysis_pipeline/fit_results/csp_5_sn91bg_salt2_phase_all.ecsv
# %ECSV 0.9
# ---
# datatype:
# - {name: obj_id, datatype: string}
# - {name: num_points, datatype: int64}
# - {name: z, datatype: float64}
# - {name: t0, datatype: float64}
# - {name: x0, datatype: float64}
# - {name: x1, datatype: float64}
# - {name: c, datatype: float64}
# - {name: z_err, datatype: float64}
# - {name: t0_err, datatype: float64}
# - {name: x0_err, datatype: float64}
# - {name: x1_err, datatype: float64}
# - {name: c_err, datatype: float64}
# - {name: chi, datatype: float64}
# - {name: dof, datatype: float64}
# - {name: b_max, datatype: float64}
# - {name: delta_15, datatype: float64}
# - {name: tmin, datatype: float64}
# - {name: tmax, datatype: float64}
# - {name: pre_max, datatype: int64}
# - {name: post_max, datatype: int64}
# - {name: message, datatype: string}
# schema: astropy-2.0
obj_id num_points z t0 x0 x1 c z_err t0_err x0_err x1_err c_err chi dof b_max delta_15 tmin tmax pre_max post_max message
[from data line 50]
2006is 176 0.061530075830474595 996.7041059633241 2.506328478091291e-14 1.1200961272564522 9.606637055786793e-05 5.3327479664772026e-08 1.4569140716957918e-05 0.0 3.5247231411350555e-07 3.9517366433095e-05 475684.3842501333 59.0 -21.29553685575147 1.55376020244654 1008.9 1125.67 0 176 "Covariance may not be accurate."
2006kf 180 0.03796733086263085 1037.6875079911897 1.0325074129013956e-14 1.052447425872655 0.251396702413191 0.05753299104195181 27.29868591770179 0.923478696795464 0.3951989160429255 0.6254227124600771 151200.53620372957 104.0 -18.755790240328455 1.6172044612213128 1036.81 1127.64 6 174 "Covariance may not be accurate."
2006lu 128 0.03184501021257965 1033.2261480952573 4.6629367034256575e-15 1.2270346318264238 0.3272875441010129 0.05561312779731342 23.630809996260496 0.9223870071006824 0.31524264583060196 0.7371168106669383 79135.65212595862 67.0 -17.374032980926145 1.4713435479569021 1040.84 1137.75 0 128 "Covariance may not be accurate."
2006mr 221 0.084985102359466 1052.6739227779376 6.328271240363392e-14 1.2198572059872785 0.4657185170937688 2.5186328557469384e-08 0.019309407039372672 0.0 2.8654961304885873e-06 1.3410174904138206e-05 124484.7719109571 136.0 -22.142007201730674 1.4761586660614583 1045.86 1147.57 28 193 "Covariance may not be accurate."
2006ob 63 0.0020927538368125296 1068.9323549284472 4.08006961549745e-15 0.6636640629226961 0.4897423374357554 0.0002993462263340275 0.0020056479164622942 0.0 4.249446755788533e-05 0.00017713521964962675 51477.55984510221 45.0 -10.933036807757013 2.2270019098014195 1060.65 1121.57 17 46 "Covariance may not be accurate."
2006os 106 0.08499999999999694 1071.939497568159 5.495603971894525e-15 0.6500000000000795 0.19538131453351504 0.05108713925386755 29.07477114000676 0.9232616360869952 0.36930457767752034 0.7368355683783893 110843.13683971616 81.0 -20.02394981347757 2.260661461458053 1063.65 1133.56 30 76 "Covariance may not be accurate."
2006ot 118 0.0759763857213951 1054.5795966347598 9.492406860545088e-15 0.6500008506243338 0.0007246187821999261 3.342832062547263e-08 1.827951416544238e-05 0.0 9.24299359272851e-10 0.004763243953280066 74656.93074164291 83.0 -20.72064871537262 2.2606519501359053 1063.72 1131.63 0 118 "Covariance may not be accurate."
2006py 35 0.08499380473945395 1056.4433307764973 6.5780714209040525e-15 0.8778850732062671 0.02141697634863804 6.256230519752215e-09 7.128859601834847e-05 4.163336342344337e-17 2.539174870808125e-06 0.003809930299097125 41727.016439668405 30.0 -20.546572906735346 1.8256619162124856 1069.54 1091.54 0 35 "Covariance may not be accurate."
2007A 76 0.002000013675530342 1095.5873746199763 8.934519790670947e-14 0.6500000011180934 0.38449900929517683 1.0128406121613642e-09 0.02189668179767068 0.0 9.088327868056467e-10 1.4235338110207829e-05 212344.29165675642 40.0 -14.413820759642595 2.2606674180930906 1107.53 1133.53 0 76 "Covariance may not be accurate."
2007N 165 0.08499999925586432 1119.3699431299967 1.1657341758564144e-14 0.8986106812789934 0.4999738296726415 5.1169540826734305e-11 2.5419541541418766 0.0 1.9438781443392728e-06 1.9681707741359133e-07 52236.52419147602 90.0 -20.22418345587048 1.7965996139805753 1123.82 1213.67 0 165 "Covariance may not be accurate."
2007S 192 0.026078300489646974 1141.0103355590602 3.788636071533347e-14 1.1846198228368536 0.5019313767332654 0.0004576115925725363 0.01485081464375071 0.0 0.0013864673132127914 0.0017430193918216985 331408.5305460739 96.0 -18.842342741638852 1.5012050242527586 1132.77 1246.54 36 156 "Minimization exited successfully."
2007af 307 0.0020051696614116054 1172.7173224339456 2.7286506387724785e-13 0.891740976340364 1.2415058710413263e-05 1.2814200373544027e-09 3.728023466464947e-05 4.163336342344337e-17 5.77518913191799e-07 1.4747476733523168e-05 286385.0489805816 126.0 -16.35632176625269 1.8061069452279686 1162.76 1257.72 68 239 "Covariance may not be accurate."
2007ai 111 0.01247409653197563 1168.8777111697555 7.494005416219807e-15 1.0117529812503325 0.4249691378648491 0.045964881195512994 27.467721351260025 0.9357940966687811 0.41143628519774905 0.69481463567064 52316.674110327614 63.0 -15.633252465518051 1.6589631377003364 1167.88 1259.7 4 107 "Covariance may not be accurate."
2007al 120 0.018364713894619973 1164.8218381793045 1.6903145549918008e-14 1.0402143552239702 0.4162175507723559 0.007468822938795053 0.023795125775563974 4.163336342344337e-17 0.0004908358645843158 0.0007179745399862603 25850.858565625855 53.0 -17.384397735423033 1.6294448490218763 1170.77 1246.58 0 120 "Covariance may not be accurate."
2007as 153 0.0020002308115062337 1164.278334374214 7.951972413877684e-14 0.7818572688751937 0.08889965653263493 6.716435441444547e-07 nan 4.163336342344337e-17 nan 0.0010974382490117618 270626.49733251793 48.0 -14.862389308277738 1.9773844903423807 1175.59 1259.49 0 153 "Covariance may not be accurate."
2007ax 97 0.08498489560911097 1171.2758296478435 5.995204332975845e-14 1.1614361817824053 0.4596277256646178 0.05150632328487789 20.78081549666456 0.922386824716702 0.3409448552784237 0.700401464979976 175859.08755774668 51.0 -22.0971721050676 1.5191017258859976 1184.55 1248.47 0 97 "Covariance may not be accurate."
2007ba 124 0.08496159638199467 1195.3537154848368 6.744604874597826e-15 1.1383731760268243 0.443794294528029 0.050279693338395014 28.521802494279086 0.9224011711002525 0.4415396104150618 0.6961206574153735 61349.34322988516 99.0 -19.759679591053125 1.538018085192924 1190.83 1255.61 22 102 "Covariance may not be accurate."
2007bc 111 0.08497945992381105 1181.6682629227746 7.78543896018391e-14 1.1343648193624547 0.7063259609754655 0.051583481502796305 24.952394730379524 0.9223902052973145 0.4419503128534557 0.6441978741843752 927444.985672656 70.0 -21.899088580040726 1.541418756992325 1196.65 1259.53 0 111 "Covariance may not be accurate."
2007bd 110 0.08209556372609361 1203.68539114817 1.6903145549918008e-14 0.6500001872154242 0.4154975019696494 0.058856264011981324 29.21660292884394 0.9551507575746112 0.3822096265826462 0.6879189428876442 313137.8791276216 81.0 -20.738643271976603 2.2606677744590264 1197.53 1259.46 24 86 "Covariance may not be accurate."
2007bm 85 0.031823944201316484 1209.555574460332 3.389788449936759e-13 1.2498501889550535 0.4720658848316932 0.05557148302830327 23.393695007834594 0.9233835001182475 0.36532239200580724 0.7040061241837967 710851.9613036638 50.0 -21.733305038808872 1.4564826397917194 1217.57 1278.52 0 85 "Covariance may not be accurate."
2007ca 117 0.0020000144163932207 1222.1607812284908 5.787037515858628e-14 0.6500000000031544 0.7857908448513363 6.37224877898801e-11 2.6297212684767146e-05 0.0 2.531364007296588e-12 0.009080053931414034 801343.4438894421 67.0 -13.141896184194849 2.2606718368750762 1217.65 1275.65 12 105 "Covariance may not be accurate."
2007cg 45 0.08499911947836727 1224.386205937262 1.0075273948473296e-14 1.1087618033035103 0.6904050605129537 7.232836690684863e-10 3.060243477648328e-05 0.0 6.808822616832799e-07 0.0034358543329120472 67871.51361456941 40.0 -19.714765314103737 1.563868773244998 1235.63 1259.59 0 45 "Covariance may not be accurate."
2007hj 266 0.031648210350405756 1334.309509431354 8.809619700400617e-14 0.8907967754397699 0.4935402007141738 0.0002718789994140408 0.00041793653326749336 1.249000902703301e-16 3.83321611458487e-05 8.720692149125076e-05 731027.0039660234 123.0 -20.20687497949493 1.8074389651860336 1348.76 1440.53 0 266 "Covariance may not be accurate."
2007hx 65 0.08427221539977049 1370.092213643641 8.326672684688674e-17 0.6500026506868288 0.03838510308614368 4.823210840443348e-08 0.00010754958043435181 0.0 7.862582085405023e-09 0.07034344155459524 60552.43918144262 49.0 -15.754958503940586 2.260648512670752 1354.78 1411.73 32 33 "Covariance may not be accurate."
2007if 114 0.08168568709176374 1342.0120053912053 1.2573275753879898e-14 0.6500000013131827 0.0012503446811005792 1.3449314377467214e-08 5.7433231859249645e-06 4.163336342344337e-17 2.3231083723374013e-11 0.00016383969125774445 86650.09117489483 61.0 -21.191027654882507 2.2606540971917255 1355.77 1443.6 0 114 "Covariance may not be accurate."
2007jd 70 0.07862966686877024 1370.3381590887982 8.326672684688674e-17 0.6500000021541412 0.0006047759347918569 1.1182175268381611e-07 0.00010139151561361359 0.0 1.819949191350645e-10 0.008915242929124823 79584.7127155908 62.0 -15.657162317168446 2.26065407752397 1362.83 1409.83 34 36 "Covariance may not be accurate."
2007jg 113 0.002000885081916616 1370.8267354399334 4.9960036108132044e-15 0.650001120961139 3.9032383213288835e-05 4.400957712407533e-10 3.4190146152468515e-05 0.0 1.333890553567585e-09 3.4691606195125235e-05 253588.97125503796 81.0 -12.008309621560581 2.2606512526633438 1363.82 1425.78 30 83 "Covariance may not be accurate."
2007jh 45 0.08499713174322752 1370.0966722363662 6.2450045135165055e-15 0.6500004025298878 0.500019522578766 0.07395870404053079 0.138285391700947 4.163336342344337e-17 6.7107805400423715e-06 0.0009747349149948348 49768.64516571451 39.0 -19.546338375845796 2.2606700695326722 1363.86 1413.8 14 31 "Covariance may not be accurate. Covariance not positive definite. Covariance forced positive definite."
2007le 242 0.06239371104537436 1376.5602664558853 5.915268275202834e-13 0.6929601909347235 0.012426870372467314 3.443375359325762e-07 9.908067886499339e-05 6.245004513516506e-16 1.4422112903922368e-06 0.0003501925103370218 1050451.6132894997 91.0 -24.739886605543866 2.1583541118462115 1388.57 1470.55 0 242 "Covariance may not be accurate."
2007mm 39 0.08353357656680854 1385.2227608314713 0.02943406443224464 0.6648530114660149 0.4999167065781165 nan nan nan nan nan 1.5919170653870574e+31 34.0 -51.189942246615 2.2241292180340206 1385.72 1418.69 0 39 "Covariance may not be accurate. Covariance not positive definite. Covariance forced positive definite."
2007nq 174 0.08287801609651131 1389.5420969036754 8.826273045769994e-15 1.2321717400163776 0.5113638642761733 0.05640806961509912 29.368359940684513 0.9278229256298669 0.32357320376134363 0.7152905932874826 208976.50742650987 107.0 -19.845912608351973 1.4679488650534473 1397.65 1476.56 0 174 "Covariance may not be accurate."
2007ol 31 0.08499999975623956 1399.520802261798 1.990074771640593e-14 0.7432335489647169 0.3782716127935818 7.451719796769396e-12 1.732883322347334e-05 0.0 3.600925467805993e-07 0.018447969592153418 30053.765615386663 26.0 -21.070325925226147 2.050443522430978 1409.79 1422.66 0 31 "Covariance may not be accurate."
2007on 308 0.006485916693546801 1420.2674936250903 3.579636587147661e-13 0.9209097840343098 0.4420886553021162 1.3848894083682423e-07 3.1569666134600993e-06 5.828670879282072e-16 0.0002617326248491869 0.0005870079422368724 409180.7053309403 125.0 -18.36405700627094 1.7665587872735635 1410.73 1508.61 34 274 "Covariance may not be accurate."
2007so 66 0.08499775807126347 1451.5987685736704 8.659739592076221e-15 0.6500040785804978 0.5000234132276167 3.0194628103732968e-06 0.10449915348681316 4.163336342344337e-17 2.43869832688981e-06 2.8131360900740532e-05 64592.694115901395 51.0 -19.901279383963082 2.2606608382241937 1449.68 1494.53 6 60 "Covariance may not be accurate. Covariance not positive definite. Covariance forced positive definite."
2007sr 259 0.0020000308625303916 1444.1287969955224 6.210032488240813e-13 0.6500000000143484 3.2495614371463866e-05 5.99673299298692e-11 1.4653368793915433e-05 4.163336342344337e-17 3.4766078904624464e-12 1.552449989100646e-05 580081.1032039067 81.0 -17.243569042480893 2.2606540673619087 1454.84 1955.57 0 259 "Covariance may not be accurate."
2007st 118 0.0021520781456589636 1445.675042377242 7.202571872255703e-14 0.6500987728603056 0.025978504772592836 7.514702925030814e-09 1.8527426618675236e-05 4.163336342344337e-17 1.629692980564812e-08 0.0014156948680815185 201690.78833872997 69.0 -15.02226285012636 2.2604067997407533 1458.66 1513.52 0 118 "Covariance may not be accurate."
2007ux 151 0.07879273402023308 1473.6826139382922 4.6629367034256575e-15 0.9735273304740666 0.02986833945121453 0.058797872104594695 28.8062646091322 0.9223869218335645 0.4248833041547117 0.6796787566955396 126529.89449831333 107.0 -19.985246165625803 1.7013891071271487 1466.82 1558.61 39 112 "Covariance may not be accurate."
2008C 121 0.06965846081972515 1459.4327755709442 5.570544026056723e-14 0.6500000000063055 0.036095193447129914 0.06188923363793505 21.711104633333093 0.9358102713363222 0.37432499816454684 0.5281495906899217 126824.05978623155 58.0 -22.3864782224785 2.2606550995455006 1469.81 1552.5 0 121 "Covariance may not be accurate."
2008J 81 0.0849951485246736 1470.7899912760247 1.9742540935396846e-13 0.7644902013901048 0.5000029655809907 7.803186541366358e-09 0.001397070955590607 3.3306690738754696e-16 3.346035340301423e-05 0.749980550153346 173519.83226383687 62.0 -23.295989707529138 2.0092017339804844 1484.54 1516.52 0 81 "Covariance may not be accurate. Covariance not positive definite. Covariance forced positive definite."
2008O 103 0.08498376505731889 1506.968610242074 8.326672684688674e-17 0.6579070093676594 4.294123571446651e-06 1.9530521193356076e-08 0.0002681005339582043 0.0 1.1519100041601504e-06 0.000459975496988535 194038.15596014966 77.0 -15.836488774514237 2.241020442397776 1489.71 1571.48 51 52 "Covariance may not be accurate."
2008R 107 0.009071028648065091 1484.9767191992867 6.927791673660977e-14 0.7526702138938649 0.06391894447963908 0.04333540076809299 23.40335209448415 0.7798959302081026 0.33634091482891687 0.5652363495258343 277241.2389261809 64.0 -18.051782397422336 2.0317944457923147 1493.63 1532.52 0 107 "Covariance may not be accurate."
2008ae 101 0.08499999988624017 1500.1625660284744 1.0241807402167069e-14 0.6500000002363862 0.1354185208048252 8.79103040363205e-12 4.198455962978187e-05 0.0 3.407751858475194e-11 0.0028155362489507563 23830.303092261973 46.0 -20.82424189709707 2.260658636528195 1508.74 1602.52 0 101 "Covariance may not be accurate."
2008ar 132 0.0020153948914000907 1544.0987271502772 1.0241807402167069e-14 0.6504133171293794 0.018135547234260807 4.948036230029672e-08 0.01301111617931383 0.0 7.047732706877419e-07 5.772214870525261e-06 190552.75704467934 90.0 -12.774524696846015 2.2596172952995985 1527.79 1627.59 39 93 "Covariance may not be accurate."
2008bc 205 0.002000080864807327 1556.11030568682 2.4896751327219135e-14 1.1567247210199325 2.8870260086355515e-05 2.5995092580236023e-11 5.591081162492628e-06 0.0 6.897838700226089e-08 1.2526312503202686e-05 880177.5497047076 119.0 -13.751257974649935 1.5228638252026805 1541.67 1646.46 78 127 "Covariance may not be accurate."
2008bd 66 0.08498914894219711 1528.3286143057992 7.077671781985373e-15 0.6541341170905111 0.1241864827323938 3.214156614472774e-09 2.677437169040786e-05 0.0 1.681368019812446e-07 0.06688586853181161 2756.790390042481 54.0 -20.444527774384877 2.250338598863788 1541.7 1607.65 0 66 "Covariance may not be accurate."
2008bf 184 0.002003503274388615 1547.0850850011868 1.2240208846492351e-14 1.249334443066875 0.48729272215519265 4.552690761709666e-08 0.005141190988524613 4.163336342344337e-17 9.200104771900364e-05 5.950570236856745e-05 922384.827793322 123.0 -12.036953917213452 1.456813420155143 1546.79 1646.49 6 178 "Covariance may not be accurate."
2008bi 83 0.08499871859515731 1544.7706313713732 1.1074474670635936e-14 0.7432033516327966 0.5000790611181463 1.397448587403538e-09 6.982084278206457e-05 0.0 9.31521834057758e-07 0.2958343117933895 43634.15513719008 66.0 -20.16826620853896 2.050507441549012 1551.52 1628.47 0 83 "Covariance may not be accurate. Covariance not positive definite. Covariance forced positive definite."
