analysis_pipeline/fit_results/csp_4_sn91bg_salt2_phase_red.ecsv
# %ECSV 0.9
# ---
# datatype:
# - {name: obj_id, datatype: string}
# - {name: num_points, datatype: int64}
# - {name: z, datatype: float64}
# - {name: t0, datatype: float64}
# - {name: x0, datatype: float64}
# - {name: x1, datatype: float64}
# - {name: c, datatype: float64}
# - {name: z_err, datatype: float64}
# - {name: t0_err, datatype: float64}
# - {name: x0_err, datatype: float64}
# - {name: x1_err, datatype: float64}
# - {name: c_err, datatype: float64}
# - {name: chi, datatype: float64}
# - {name: dof, datatype: float64}
# - {name: b_max, datatype: float64}
# - {name: delta_15, datatype: float64}
# - {name: tmin, datatype: float64}
# - {name: tmax, datatype: float64}
# - {name: pre_max, datatype: int64}
# - {name: post_max, datatype: int64}
# - {name: message, datatype: string}
# schema: astropy-2.0
obj_id num_points z t0 x0 x1 c z_err t0_err x0_err x1_err c_err chi dof b_max delta_15 tmin tmax pre_max post_max message
[from data line 53]
2006mr 118 0.043750000000000004 1052.5337701224205 5.21249710061511e-14 0.9565960006424077 0.24694844851509457 0.0 0.004775601422352338 3.7470027081099033e-16 0.004107859390522939 0.009256594817917518 21480.046428025755 55.0 -20.840519371165872 1.7214597731173207 1045.86 1147.57 16 102 "Covariance may not be accurate."
2006ob 38 0.043750000000000004 1049.9215741341447 9.076073226310655e-15 0.6500000000092767 0.5000251586596796 0.0 0.10373132336280833 4.163336342344337e-17 3.010535806757808e-07 0.00012946274642219868 25033.05144877868 23.0 -18.446012405701893 2.2606710803679704 1060.65 1121.57 0 38 "Covariance may not be accurate. Covariance not positive definite. Covariance forced positive definite."
2006os 66 0.043750000000000004 1070.9025669010684 4.579669976578771e-15 1.1169760582998471 0.0750732092177071 0.0 28.8790222284498 0.9223917784580615 0.4432421712233944 0.7085405882492245 29771.62448190544 42.0 -18.55635291115676 1.5565166814145854 1063.65 1133.56 19 47 "Covariance may not be accurate."
2006ot 75 0.043750000000000004 1086.590251565505 1.7486012637846216e-15 0.9259123040911057 0.03080310702837863 0.0 0.026516611525266853 0.0 0.002197096489011008 5.332683375672276e-05 55069.014181134924 49.0 -17.586548461403513 1.759999532413243 1063.72 1131.63 47 28 "Covariance may not be accurate."
2006py 14 0.043750000000000004 1054.5612372169358 8.076872504148014e-15 0.9334340643598773 0.4554679755561479 0.0 23.120262461070183 0.9223872344895401 0.4298358123408899 0.6992963986772928 7303.503489441265 10.0 -18.42424385374959 1.7503037674699762 1069.54 1091.54 0 14 "Covariance may not be accurate."
2007A 49 0.043750000000000004 1092.564387283153 4.3048897779840445e-14 1.2432624543212085 0.4517552037644441 0.0 24.095863962528938 0.9223873032052944 0.3940062881251281 0.6982974473347956 101808.51635756534 32.0 -20.249341535910293 1.460718429372033 1107.53 1133.53 0 49 "Covariance may not be accurate."
2007N 100 0.043750000000000004 1126.4271971378676 6.328271240363392e-15 0.6717232361282199 0.5000498067813217 0.0 0.041830212635318276 0.0 2.492783757190864e-12 1.1120215859250493e-11 34127.47288176393 51.0 -18.054442092077757 2.2076866627894134 1123.82 1213.67 10 90 "Covariance may not be accurate."
2007S 127 0.043750000000000004 1140.9156366614225 2.040034807748725e-14 1.2467160496410692 0.041219651361171394 0.0 29.033017825141428 0.9223874202160482 0.3868251218789515 0.5218089552835496 89011.80090520773 47.0 -20.23660656012979 1.4584813826693868 1132.77 1246.54 28 99 "Covariance may not be accurate."
2007af 205 0.043750000000000004 1172.8571604099309 1.9709234244658091e-13 1.1896866568777056 0.3797822676787388 0.0 29.308482050050316 0.9223890717913038 0.32081570823306343 0.7318287237924543 251977.03969319735 77.0 -22.050596038182135 1.4974412643185655 1162.76 1257.72 57 148 "Covariance may not be accurate."
2007ai 59 0.043750000000000004 1152.9703296560103 2.298161660974074e-14 0.6789078383692039 0.47553106502485853 0.0 0.00015582779280975956 0.0 0.003598569736125823 6.512460920143903e-05 32037.68688202777 28.0 -19.51360474297798 2.1907615888769705 1167.88 1259.7 0 59 "Covariance may not be accurate."
2007al 72 0.043750000000000004 1168.336546458389 1.0075273948473296e-14 1.1253495103047344 0.5241836336439952 0.0 0.031455916286518004 4.163336342344337e-17 0.1781139792576426 9.007771802493902e-05 3218.3660388197222 32.0 -18.52068153933408 1.5491787770349568 1170.77 1246.58 0 72 "Covariance may not be accurate."
2007as 88 0.043750000000000004 1162.6701502088433 7.377431998634165e-14 0.7918025891946573 0.25939026321692443 0.0 20.382150855536338 0.9223868109275914 0.44360678863425973 0.6291045552774562 187617.39505031993 24.0 -21.195259441675823 1.9598950553060561 1175.59 1259.49 0 88 "Covariance may not be accurate."
2007ax 57 0.043750000000000004 1169.5587636474568 6.211697822777751e-14 0.9816263773036699 0.49945143383336515 0.0 24.3460629757717 0.9223870793162021 0.4327870893639189 0.7102420497531088 54843.01591500349 19.0 -20.53569353815147 1.6921014147771416 1184.55 1248.47 0 57 "Covariance may not be accurate."
2007ba 68 0.043750000000000004 1204.967259635229 4.829470157119431e-15 1.2428739147424857 0.4860419104842241 0.0 29.586358760877374 0.92242209513709 0.33996945082938507 0.7070920368376552 20255.94987356479 47.0 -17.79502036322038 1.4609704358389521 1190.83 1254.75 32 36 "Covariance may not be accurate."
2007bc 64 0.043750000000000004 1181.8793463169584 2.8310687127941492e-14 1.2424789011258963 0.010401437241925715 0.0 25.8149706398533 0.9223869471410984 0.33914027916068606 0.6552199407130964 40447.73586691829 27.0 -20.64282414365597 1.461212619525723 1196.65 1259.53 0 64 "Covariance may not be accurate."
2007bd 66 0.043750000000000004 1202.689934583751 6.661338147750939e-15 1.1624573574760795 0.28693971226746495 0.0 28.481092282031227 0.9241212743431337 0.43794761598831217 0.7404440391031621 33065.191711231055 41.0 -18.53949694278757 1.5182862267334158 1197.53 1259.46 16 50 "Covariance may not be accurate."
2007bm 50 0.043750000000000004 1205.2481757755775 4.4980685842688217e-13 0.7041040617581859 0.12156306748951079 0.0 20.224925109728588 0.9223908633210806 0.42882830932746985 0.5505047864587842 47341.5133786329 14.0 -23.451382427553078 2.133286372258862 1217.57 1278.52 0 50 "Covariance may not be accurate."
2007ca 73 0.043750000000000004 1223.8132332706757 2.0317081350640365e-14 0.8209448379122957 0.15820837867686216 0.0 28.667839199761943 0.9223868853351325 0.3842815715409976 0.5749811896481902 172500.12063912133 40.0 -20.016036646544944 1.9113847809842675 1217.65 1275.65 8 65 "Covariance may not be accurate."
2007cg 23 0.043750000000000004 1249.300133447718 6.078471059822732e-15 0.6500022311825798 0.500026630173491 0.0 0.13655152400406223 0.0 3.218449546482649e-06 0.0001427505598315948 27542.13962639044 15.0 -18.01075099345685 2.2606654774181045 1235.63 1259.59 13 10 "Covariance may not be accurate. Covariance not positive definite. Covariance forced positive definite."
2007hj 173 0.043750000000000004 1334.203511392226 3.755329380794592e-14 1.2243757532597255 0.021214045331850118 0.0 26.257310193993362 0.9223868753477429 0.4141077003918489 0.6706754560218242 85070.28738350888 58.0 -20.932138338436207 1.4731075138379026 1348.76 1440.53 0 173 "Covariance may not be accurate."
2007hx 14 0.043750000000000004 1369.855400066437 2.498001805406602e-16 0.6500015048435248 0.17359238829603219 0.0 30.081409481556307 0.9405652941796061 0.3766394110968343 0.5843327344787239 6283.478940742179 8.0 -15.208449952050653 2.260656580273359 1354.78 1411.73 8 6 "Covariance may not be accurate."
2007if 25 0.043750000000000004 1370.5868289316375 5.245803791353865e-15 1.1311548075324422 0.4840594574542686 0.0 29.58791681143964 0.9223945538393235 0.44224864818202303 0.7066001330706388 33950.448869152366 14.0 -17.889539301780037 1.5441624818396207 1357.77 1443.6 11 14 "Covariance may not be accurate."
2007jd 17 0.043750000000000004 1363.610103920313 8.326672684688674e-17 0.6500353449845004 0.5003672311815422 0.0 0.3368747143157407 0.0 4.76504888380358e-07 6.655142257627755e-05 7261.204078325181 13.0 -13.351907231063269 2.2605823269296046 1362.83 1409.83 1 16 "Covariance may not be accurate."
2007jg 56 0.043750000000000004 1370.2876507907172 2.6645352591003757e-15 0.9617267492987467 0.05538134438418019 0.0 29.094093072463806 0.9428026364624134 0.4288196463557375 0.5143420188958746 41146.35372899153 37.0 -18.002578834209846 1.7152816538405382 1363.82 1425.78 15 41 "Covariance may not be accurate."
2007jh 20 0.043750000000000004 1369.410251074691 2.831068712794149e-15 0.6501460488844 0.2727865687901798 0.0 0.009990943374418748 0.0 4.3524394101213115e-05 0.0006403041020751621 6379.565555544031 15.0 -17.633764301968327 2.2602984085136164 1363.86 1413.8 5 15 "Covariance may not be accurate."
2007le 148 0.043750000000000004 1376.3958286560098 5.562217353372034e-13 0.6532268162206628 0.22380673623746333 0.0 5.374377531097707e-05 1.124100812432971e-15 0.0001774129811404901 0.0021158685179328562 583997.8908442854 41.0 -23.466376407178643 2.252597797720151 1388.57 1470.55 0 148 "Covariance may not be accurate."
2007mm 17 0.043750000000000004 1370.7218226104876 3.3306690738754696e-16 0.8810576616846498 0.029393739119764728 0.0 27.254032553703496 1.0172017011558758 0.46438566953553906 0.6792339348632342 23978.474033038674 13.0 -15.78847082623897 1.8211453892420124 1385.72 1418.69 0 17 "Covariance may not be accurate."
2007nq 99 0.043750000000000004 1396.8748554466852 9.159339953157541e-15 0.6500000000001014 0.5001750609750732 0.0 0.10722216739816304 0.0 3.0313484994382023e-07 0.0001213110123324257 84386.04463352292 59.0 -18.455691737384534 2.260671080844709 1397.65 1476.56 0 99 "Covariance may not be accurate. Covariance not positive definite. Covariance forced positive definite."
2007ol 7 0.043750000000000004 1398.4605775993803 3.747002708109903e-15 1.2439143316217351 0.2811955786409032 0.0 0.060401188607102085 4.163336342344337e-17 0.0008193850852364903 0.0005225871954884775 234.9623761718408 3.0 -17.924321112890798 1.4602943004088296 1409.79 1422.66 0 7 "Covariance may not be accurate."
2007on 204 0.043750000000000004 1415.546472323097 2.123301534595612e-13 1.230966558010908 0.15209761180385684 0.0 28.37217792488218 0.9223867134118231 0.32033708036185843 0.5711275862856535 62489.94857990646 76.0 -22.576335266591556 1.4687335391403007 1410.73 1508.61 16 188 "Covariance may not be accurate."
2007so 39 0.043750000000000004 1447.6348844581323 9.492406860545088e-15 0.6500000041537931 0.5001453128054804 0.0 0.1942242310445863 0.0 1.0448327830703263e-07 2.54575724319972e-05 37348.72677431091 25.0 -18.494519018262842 2.260671070323813 1449.68 1494.53 0 39 "Covariance may not be accurate. Covariance not positive definite. Covariance forced positive definite."
2007sr 156 0.043750000000000004 1442.435401826559 3.642086632282826e-13 0.8907786972262456 0.2301596726960765 0.0 20.034946249808513 0.9297342135748411 0.4397324343273159 0.6150797683427511 416015.4165372715 38.0 -22.991719173686057 1.807458369790064 1454.84 1955.57 0 156 "Covariance may not be accurate."
2007st 74 0.043750000000000004 1444.445063865986 4.8711035205428743e-14 0.6500004375437678 0.00016980458037574309 0.0 0.000397998658513643 4.163336342344337e-17 3.867132575274823e-08 0.00016462577665421474 87312.60508038785 40.0 -21.248248942644757 2.2606529723798676 1458.66 1513.52 0 74 "Covariance may not be accurate."
2007ux 88 0.043750000000000004 1472.4791898945793 6.661338147750939e-15 0.6500000000011887 0.6415952524203498 0.0 0.0001431006633083598 0.0 2.3327356712954384e-10 0.004847904842834594 57339.91060413207 54.0 -17.860572216339417 2.2606716194930065 1466.82 1554.65 21 67 "Covariance may not be accurate."
2008C 73 0.043750000000000004 1472.9217773741739 2.5146551507759796e-14 0.8696664394703613 0.4711403913965779 0.0 27.943123440929526 0.9223868690741309 0.4400760159122899 0.7033838139371973 44279.41746765496 30.0 -19.62158293118514 1.8374843453494556 1469.81 1552.5 7 66 "Covariance may not be accurate."
2008J 43 0.043750000000000004 1469.623590553718 5.21249710061511e-14 1.2499964802873333 0.16850940868906295 0.0 6.578090758661688 3.83026943495679e-15 0.08650077854733973 0.27600941840841464 141283.91309797668 25.0 -21.017737525999447 1.4563809830338208 1484.54 1516.52 0 43 "Covariance may not be accurate."
2008O 53 0.043750000000000004 1503.2991287552431 5.995204332975845e-15 0.6500000000001012 0.5000250228811788 0.0 0.17874005854184816 8.326672684688674e-17 1.147467994311313e-05 0.002173589201617504 68052.77395015025 36.0 -17.995777615792793 2.260671080390601 1489.71 1546.54 27 26 "Covariance may not be accurate. Covariance not positive definite. Covariance forced positive definite."
2008R 64 0.043750000000000004 1481.4435780531908 1.1457501614131615e-13 0.6850488961166288 0.5176490662697021 0.0 0.03890656851262975 7.077671781985373e-16 0.001500271932808106 0.010137237436007418 278322.22197726625 37.0 -21.17087305132826 2.176497170032455 1493.63 1532.52 0 64 "Covariance may not be accurate. Covariance not positive definite. Covariance forced positive definite."
2008ae 71 0.043750000000000004 1493.7431371016455 2.7478019859472624e-14 0.6708961717175619 0.4989654774859354 0.0 24.447318459617918 0.9223893250357577 0.4104347582756747 0.7101307071863129 33454.6741182447 20.0 -19.651324952949683 2.2096521515338914 1511.74 1602.52 0 71 "Covariance may not be accurate."
2008ar 70 0.043750000000000004 1546.3686431034018 6.411537967210279e-15 1.1324103278761135 0.5161259365089022 0.0 0.04314298155122742 0.0 8.29381390787809e-06 2.018221904537265e-05 82876.17957062468 45.0 -18.0430185450365 1.5430869833599736 1527.79 1627.59 29 41 "Covariance may not be accurate."
2008bc 101 0.043750000000000004 1526.6727670959488 5.595524044110789e-14 0.9013683963975776 4.884734806087643e-07 0.0 3.921532993444998e-06 0.0 3.4914146103126598e-06 9.873375646368698e-06 154732.08371438406 32.0 -21.39905433339198 1.7927973580360508 1542.56 1646.46 0 101 "Covariance may not be accurate."
2008bd 35 0.043750000000000004 1526.7123712908526 3.9968028886505635e-15 0.9929354083541877 0.01897360519706892 0.0 1.3402338481682818e-05 4.163336342344337e-17 5.555117450595226e-06 0.20776941547801192 747.8819329014068 24.0 -18.503433588411813 1.679392976445122 1541.7 1607.65 0 35 "Covariance may not be accurate."
2008bf 83 0.043750000000000004 1549.351697516892 8.659739592076221e-15 1.140146274024051 4.904963304408483e-07 0.0 27.79150825442241 0.9223872033922971 0.4413343867808965 0.614629857076703 161162.3988603534 52.0 -19.373216085766014 1.5365124715056275 1546.79 1646.49 10 73 "Covariance may not be accurate."
2008bi 48 0.043750000000000004 1543.2831399512309 1.7569279364693102e-14 0.7225613883958145 0.5184195134104895 0.0 0.2282260951083117 3.3306690738754696e-16 0.02182756808494407 0.008941602470003973 8759.568605550894 31.0 -19.133788065144863 2.093139790885978 1551.52 1628.47 0 48 "Covariance may not be accurate. Covariance not positive definite. Covariance forced positive definite."
2008bq 50 0.043750000000000004 1547.4933940479061 9.242606680004428e-15 1.1028584600711866 8.083921642254577e-06 0.0 2.540498257985746e-06 0.0 1.7403318077757746e-06 1.6873897189656484e-05 96597.4166351816 34.0 -19.443928059553706 1.5692050973407596 1562.49 1606.46 0 50 "Covariance may not be accurate."
2008bt 35 0.043750000000000004 1577.6195327905803 1.2656542480726785e-14 0.6500000012134532 0.0002290245523008383 0.0 0.00035741451870308083 0.0 3.2108427028276765e-10 0.0003581213479448564 62018.62476095339 23.0 -19.784874949362816 2.260654069682932 1571.61 1651.47 6 29 "Minimization exited successfully."
2008bz 26 0.043750000000000004 1565.7210386433658 1.0075273948473296e-14 0.7842412698119047 0.5002105041618424 0.0 0.00016968910733794473 4.163336342344337e-17 0.0044580823159858785 0.0006149912713951933 20352.44019031973 12.0 -18.559121172427364 1.973156979816789 1580.72 1651.52 0 26 "Covariance may not be accurate. Covariance not positive definite. Covariance forced positive definite."
2008cc 86 0.043750000000000004 1567.9055309651098 1.3514189767249718e-13 0.8369809450462118 0.29234879968638827 0.0 24.019053990158795 0.9223867614453563 0.44289859333212883 0.6436397275938033 160671.29076286216 32.0 -21.79852646791123 1.8862240052436121 1582.86 1654.86 0 86 "Covariance may not be accurate."
2008cd 9 0.043750000000000004 1572.7527396605176 1.9567680809018384e-14 1.1864444026461487 0.6833604414119697 0.0 14.738896095603195 0.9463495685091177 0.4430738271765666 0.7378570273334266 85.13640598328244 5.0 -18.944410564341023 1.4998448897317083 1587.74 1595.73 0 9 "Covariance may not be accurate."
