analysis_pipeline/fit_results/csp_5_sn91bg_color_interpolation_blue.ecsv
# %ECSV 0.9
# ---
# datatype:
# - {name: obj_id, datatype: string}
# - {name: num_points, datatype: int64}
# - {name: z, datatype: float64}
# - {name: t0, datatype: float64}
# - {name: x0, datatype: float64}
# - {name: x1, datatype: float64}
# - {name: c, datatype: float64}
# - {name: z_err, datatype: float64}
# - {name: t0_err, datatype: float64}
# - {name: x0_err, datatype: float64}
# - {name: x1_err, datatype: float64}
# - {name: c_err, datatype: float64}
# - {name: chi, datatype: float64}
# - {name: dof, datatype: float64}
# - {name: b_max, datatype: float64}
# - {name: delta_15, datatype: float64}
# - {name: tmin, datatype: float64}
# - {name: tmax, datatype: float64}
# - {name: pre_max, datatype: int64}
# - {name: post_max, datatype: int64}
# - {name: message, datatype: string}
# schema: astropy-2.0
obj_id num_points z t0 x0 x1 c z_err t0_err x0_err x1_err c_err chi dof b_max delta_15 tmin tmax pre_max post_max message
[from data line 49]
2006hx 31 0.06311574153701797 1020.2509155502071 2.839395385478838e-14 1.1431698667375916 0.9986142891215886 4.007980515460807e-07 0.00022286031054363775 0.0 2.60575691601872e-06 0.04514200956559811 15459.583307291074 26.0 -19.535990127086354 1.534523192910612 1012.66 1080.59 8 23 "Covariance may not be accurate."
2006is 96 0.08070369428526873 996.026063443913 1.3664069875574114e-13 0.7213613877365326 0.49944649769602284 1.8657066104176e-05 0.5055186087699894 2.0816681711721685e-16 0.0004340469141207448 0.0009840461846422899 253703.82430153462 91.0 -22.778809585186682 2.097107574309682 1008.9 1125.67 0 96 "Covariance may not be accurate."
2006kf 62 0.03815394987069292 1030.4416156476366 3.7386760354252146e-14 1.067066159807646 0.4663031656656677 0.05850712458333872 29.536129899956222 0.9272816974535364 0.3896804847783156 0.703979702394018 150632.35695828873 57.0 -19.757161668618735 1.6035163016438254 1036.81 1127.64 0 62 "Covariance may not be accurate."
2006lu 80 0.08197470368093117 1045.5908694480026 8.576472865229334e-15 0.9785959076509705 0.5067174490911883 0.0001825879633191585 0.0026813782617409743 0.0 0.0042845396729396246 0.0036882562824602227 23066.177687031166 75.0 -19.796992291128568 1.6962972811570758 1040.84 1137.75 9 71 "Covariance may not be accurate. Covariance not positive definite. Covariance forced positive definite."
2006mr 103 0.08071560091377156 1053.0573086347256 1.7169599075828046e-13 0.650000000000915 0.5000080747250202 0.00019087581984924412 0.003485250539597473 1.8318679906315083e-15 0.11491726206157843 0.008825743332697589 50650.377721533 98.0 -23.025718334927873 2.2623564660585593 1046.68 1147.57 16 87 "Covariance may not be accurate. Covariance not positive definite. Covariance forced positive definite."
2006ob 25 0.08050578168022472 1068.4145598426269 3.3306690738754696e-16 1.2170804688511023 0.42840103417284714 0.043591068032892505 29.840410348289765 0.9707087811562896 0.4188737874011362 0.7044405223012876 56873.55069961594 20.0 -16.403107750920583 1.478473938051284 1060.65 1121.57 8 17 "Covariance may not be accurate."
2006os 40 0.0823977168035939 1072.626411580866 7.91033905045424e-15 0.6500000026923398 0.4695757123417121 0.04448249667961126 29.202525023432713 0.9242905756754731 0.3696992727103721 0.702985071171945 57249.258978009246 35.0 -19.804355033909786 2.262355300693301 1065.63 1121.61 11 29 "Covariance may not be accurate."
2006ot 43 0.07866045456752652 1053.679714753869 1.6653345369377348e-14 1.05863228386082 0.4926858184820798 0.04060461168743902 22.08953436871343 0.9240772448978735 0.3928433443950193 0.7093669861192302 23908.931937740654 38.0 -20.451381073371074 1.6117414916630253 1065.68 1119.57 0 43 "Covariance may not be accurate."
2006py 21 0.007700375649211125 1054.745119171826 1.3489209749195652e-14 0.8802930596281211 0.08091194768025078 0.041004227949034855 21.549235475645332 0.9223870466458074 0.4067445693778909 0.711061658386771 10223.382195570035 16.0 -15.887328673107447 1.8231556547504013 1069.54 1087.54 0 21 "Covariance may not be accurate."
2007A 27 0.04321203039336958 1114.9911639239176 2.19824158875781e-14 1.2438409952135299 7.601097388337807e-05 0.05730677689890887 28.916455628010112 0.922386874420473 0.3998831956539513 0.6185752103920343 24663.416210736006 22.0 -20.35679715574798 1.4607415360844556 1108.54 1133.53 11 16 "Covariance may not be accurate."
2007N 65 0.07781964506783852 1135.7623610283579 2.831068712794149e-15 1.1607340860342594 0.01099635255446868 4.286977357825794e-08 3.750860776108311e-05 0.0 4.2691583979070913e-07 0.0037954340308714307 92796.60482818366 60.0 -19.44564205257766 1.520156201953391 1123.82 1213.67 20 45 "Covariance may not be accurate."
2007S 65 0.005269116397995729 1143.7882752838336 5.703770789011742e-14 1.14860072217479 0.2209795597204427 0.054060313926002204 29.408003092889544 0.9223869183666384 0.4402508825827458 0.6104334536582834 39813.59659165787 60.0 -16.340729636765737 1.5300130317726381 1133.84 1246.54 12 53 "Covariance may not be accurate."
2007af 102 0.07884871035734868 1173.2715948427942 4.3498538104813633e-13 0.7872997962296286 0.030029285417775664 4.2977883855932486e-08 4.105961409095471e-05 4.163336342344337e-17 5.491484450503847e-07 0.0006152025721108956 163724.05852525792 97.0 -24.911148982962505 1.9688981016426865 1165.8 1256.69 18 84 "Covariance may not be accurate."
2007ai 52 0.08293101754535336 1153.0294354749785 4.363176486776865e-14 0.879727689709327 0.5000840245313943 1.4016891272658483e-05 nan 0.0 0.0001017736670484437 0.00010784413918019098 32392.010708609956 47.0 -21.600361326814 1.8239729617137321 1172.89 1259.7 0 52 "Covariance may not be accurate."
2007al 48 0.0820594220421957 1174.4397591372028 1.2906342661267445e-14 0.6500000000004483 0.30337014144079466 2.9370072193724006e-08 4.60874305190373e-05 0.0 1.2340128918708615e-12 0.0017096730830861162 10419.423984211493 43.0 -20.65531734730767 2.262350935152206 1170.77 1246.58 4 44 "Covariance may not be accurate."
2007as 65 0.08327735955591603 1168.702276116686 2.4155677458281843e-13 0.6524640757813434 0.5811308990076293 3.729710867282632e-06 0.017545862051292715 4.163336342344337e-17 0.00019230688543570018 0.0005369796280824124 176859.91358060332 60.0 -23.332156808380134 2.2561782927987473 1181.7 1259.49 0 65 "Covariance may not be accurate."
2007ax 40 0.005356158936706677 1189.3335025262595 2.3897550605056495e-14 0.6500254411210052 0.003419798162247356 0.0541583202138777 28.364462342213642 0.9223869808985794 0.36730594358675034 0.6387007126699493 16551.1666590687 35.0 -15.846151989378875 2.262275231899679 1185.56 1246.46 4 36 "Covariance may not be accurate."
2007ba 56 0.08293832870827804 1194.4852747866953 5.495603971894525e-15 0.6500000174910285 1.129323034809726e-06 2.1822436128970946e-08 4.577881122713734e-05 0.0 2.435008306100883e-10 1.8337621521313796e-05 43836.732194699376 51.0 -20.329366773250083 2.2623391122697605 1190.83 1255.61 4 52 "Covariance may not be accurate."
2007bc 47 0.08132490208526501 1185.1713813809854 1.7885692926711272e-13 0.7222305951641708 0.47730072788508954 0.042816065795809564 28.556157892801252 0.9223921758222029 0.3297937387883031 0.7049335713581777 163663.15324346843 42.0 -23.142044995601644 2.0952521256881944 1197.65 1259.53 0 47 "Covariance may not be accurate."
2007bd 44 0.07606019811343126 1204.4773300917 5.1458837191376006e-14 0.6500000255865862 0.5882254947236489 1.1384386360002718e-07 5.507328739895456e-05 0.0 5.882838105542021e-10 0.0013281811650815989 129111.03274932707 39.0 -21.43269822664181 2.2623567312522077 1197.53 1259.46 8 36 "Covariance may not be accurate."
2007bm 35 0.003527780288435876 1210.5147244282653 9.393319455597293e-13 0.6512083284713613 0.5336033356588289 9.408666220444076e-06 0.002498618389608964 1.124100812432971e-15 1.1381969383217339e-05 0.00016593038854739728 287399.4101414641 30.0 -17.895458449299223 2.259321225919031 1224.67 1259.56 0 35 "Covariance may not be accurate."
2007ca 44 0.06404344504797867 1224.3298119699523 2.9726221484338566e-14 0.8787831609481974 0.044253624101488254 0.050218074364810114 28.834668615709234 0.9257149141883753 0.40624351507684775 0.5196684187016759 210396.90095656016 39.0 -21.49975748071278 1.8253063242052256 1218.68 1259.63 4 40 "Covariance may not be accurate."
2007cg 22 0.06603183172235642 1220.639141108136 1.9234613901630837e-14 1.1310584507138113 0.632407077120698 4.251424767301448e-07 7.578270583508129e-06 0.0 3.0321343403860723e-06 0.003339662164924706 3378.3592767560945 17.0 -19.958915696879217 1.5447929913783902 1235.63 1259.59 0 22 "Covariance may not be accurate."
2007hj 93 0.0334043724809358 1345.4022355134048 5.287437154777308e-14 1.2146969370198775 0.5172135493869425 0.05899358527671361 25.757694016501205 0.9309761798838143 0.42428459160204784 0.7179632837049297 144444.89344326916 88.0 -19.729421042390985 1.4801066196694528 1348.76 1440.53 0 93 "Covariance may not be accurate."
2007hx 41 0.08399175264359408 1367.3372637806283 8.326672684688674e-17 1.2493441048181575 0.00021460354367203172 0.05003792812682221 29.62050283794656 0.9259860107573147 0.37864272803945503 0.6210381527530836 61691.59891071114 36.0 -15.809170792309757 1.4571998428517823 1354.78 1411.73 22 19 "Covariance may not be accurate."
2007if 67 0.007332289505125933 1341.609296550024 2.2565282975506307e-14 0.8682289059057868 0.493294470556166 0.0010638194394959038 0.003942563525470177 0.0 0.000245189935978829 0.00037444740933054166 49622.76510796157 62.0 -15.512843563117062 1.840509568875074 1357.77 1443.6 0 67 "Covariance may not be accurate."
2007jd 46 0.08399999569886653 1370.4598010633129 8.326672684688674e-17 0.6500000025625561 0.0003531862509600914 1.0362341540393061e-10 0.00011145238318022166 0.0 2.1840917963089623e-10 0.11147564358888468 71409.50033022251 41.0 -15.809177865299109 2.262339159554788 1362.83 1403.81 21 25 "Covariance may not be accurate."
2007jg 57 0.013130468984621018 1367.5200991601744 1.124100812432971e-14 0.6500793148505977 0.4971862137037626 1.657780653472815e-07 0.00966912738431347 0.0 4.597348540746893e-08 2.921070572148299e-06 65450.628912300366 52.0 -16.02168092841798 2.2621567781964806 1363.82 1423.7 12 45 "Covariance may not be accurate."
2007jh 25 0.013875732218163446 1371.6879540728196 4.6629367034256575e-15 0.9834351200991912 0.49415736908856783 0.04473219686900849 28.980294297654268 0.9223926798668962 0.43311941120558317 0.7090130164539595 25000.422543061148 20.0 -15.1948528563969 1.690776799392502 1363.86 1395.86 9 16 "Covariance may not be accurate."
2007le 94 0.0837191473289803 1373.5771393152102 8.146816554699399e-13 1.2190370079794839 0.5000861912074697 1.5480549703239532e-08 1.744669930303644e-06 2.914335439641036e-16 4.4225176232259855e-07 0.34084593201328245 322398.20316269976 89.0 -24.800051940744034 1.4771449017165477 1392.6 1470.55 0 94 "Covariance may not be accurate. Covariance not positive definite. Covariance forced positive definite."
2007mm 22 0.08380099581440052 1370.750411899236 2.1649348980190553e-15 1.2439678514447994 0.01318755735554561 0.049834663259544804 25.18072792628243 0.9632519507915578 0.3565841282987599 0.5638970554575331 5230.96945338558 17.0 -19.320745043623006 1.460659890720862 1385.72 1418.69 0 22 "Covariance may not be accurate."
2007nq 75 0.012199186440924343 1394.6537625687913 1.9567680809018384e-14 0.682996559161401 0.5104065820356188 0.0015993866330137 0.0008101928946189219 0.0 0.00011156235282538951 4.9291817610819244e-05 55620.495341086586 70.0 -16.43876373140765 2.1827910931822743 1397.65 1476.56 0 75 "Covariance may not be accurate."
2007ol 24 0.08398658547137813 1399.4918073349822 8.992806499463768e-15 1.1852453214193903 0.025893431484506402 0.049935531329699724 20.448573663116804 0.9223869019418666 0.4323999025457555 0.5421529525116713 10444.197826360181 19.0 -20.851359257683956 1.50119864588995 1409.79 1422.66 0 24 "Covariance may not be accurate."
2007on 104 0.0288024703279948 1418.3636538617125 8.084366509564234e-13 0.7671488134489 0.5036920683761292 0.05253787506965725 28.947502536425304 0.922421633883282 0.4421095893099108 0.7112259815605619 248769.00994792592 99.0 -22.38268212671081 2.005453250904454 1411.79 1508.61 10 94 "Covariance may not be accurate."
2007so 27 0.08071544667442253 1454.4485494822732 7.16093850883226e-15 0.7517463448010006 0.49149953439691946 2.5319648815878837e-05 0.0036852527777000432 0.0 0.04324325400585988 0.001039005362422435 14492.904277561718 22.0 -19.59705756298074 2.0348974142478475 1449.68 1469.55 8 19 "Covariance may not be accurate."
2007sr 103 0.08269177114469324 1450.9987180978765 9.78550573904613e-13 1.2418461009652995 0.6028818189926909 2.039603055128958e-06 0.0010969608923687701 5.412337245047638e-16 0.00032384890959491486 0.00024799487824539446 263030.0202837466 98.0 -24.79531783796111 1.4620463793436773 1455.76 1578.72 0 103 "Covariance may not be accurate."
2007st 44 0.052826850002312374 1460.4982657547991 3.3889557826682903e-14 1.2324906603228558 0.4158296711690975 0.05484394252131902 28.116441753966683 1.1579264427712315 0.40742047343820326 0.6997000215716183 17092.355830359847 39.0 -20.490602639445488 1.468154089281235 1458.66 1493.55 4 40 "Covariance may not be accurate."
2007ux 63 0.08326386611026157 1470.2017696775974 1.0158540675320182e-14 1.1641033775578062 0.5064315361175333 0.0760309013823141 0.00427445044522301 4.163336342344337e-17 0.0007496363568555431 0.0002817710673257423 33652.05767504968 58.0 -20.01708904497476 1.5174894594670505 1466.86 1558.61 14 49 "Covariance may not be accurate. Covariance not positive definite. Covariance forced positive definite."
2008C 48 0.08376987821168404 1454.8100003120624 1.0558220964185239e-13 1.2183067331470192 0.3443771388654153 0.05125687975016954 24.598501942489747 0.9223879147908851 0.3052047307608951 0.664148996303667 33807.77715210239 43.0 -22.912306305614035 1.4776372547518086 1469.81 1552.5 0 48 "Covariance may not be accurate."
2008J 38 0.07423075315975834 1469.546499466974 2.8343993818680246e-13 0.6884639721812476 0.5000809384727107 0.0014740638379597895 0.0010452242235032827 3.95516952522712e-15 0.0030700098462849157 0.007502578008326127 30408.53374402746 33.0 -23.378097062051364 2.1701669696732324 1484.54 1515.52 0 38 "Covariance may not be accurate. Covariance not positive definite. Covariance forced positive definite."
2008O 50 0.07333460191174909 1484.561103817929 3.747002708109903e-15 0.7023497458672455 0.4938247251275965 0.04123620109984039 24.226268337220176 1.06672652421644 0.3143168605917867 0.7443363961902163 86603.48925120446 45.0 -18.668687845345303 2.138690596703789 1490.64 1571.48 0 50 "Covariance may not be accurate."
2008R 43 0.08032017977662446 1486.5702308684597 1.3855583347321954e-13 1.0541707253872246 0.508730533593416 0.04158175191312313 29.48477113357569 0.922388105872031 0.39442344118648415 0.7123431086170642 205651.2348893543 38.0 -22.767789526778905 1.61613676966509 1493.63 1532.52 0 43 "Covariance may not be accurate."
2008ae 30 0.058524555771551016 1500.0791201290306 4.246603069191224e-15 1.2497520119446164 0.06573484456634188 0.00012936820138819902 0.007145721634742586 0.0 0.00042407992414328355 0.00023588085401876624 4417.530717790082 25.0 -19.14594764054503 1.456939990597931 1508.74 1597.56 0 30 "Covariance may not be accurate."
2008ar 62 0.0035006176518611225 1532.0569024588226 3.26405569239796e-14 1.1626636616462314 0.5166493288329502 2.1392998926304373e-06 0.001205653623969738 4.163336342344337e-17 3.9388576310361856e-05 4.3575819661301196e-05 72454.21643802586 57.0 -14.258689314223641 1.518632076669327 1527.79 1606.6 4 58 "Covariance may not be accurate."
2008bc 104 0.030870619549252427 1556.069002056417 6.752931547282515e-14 1.2083915890806785 0.4797612177646482 0.059254564449461665 29.587963957629995 0.9223868169553529 0.4235223881823345 0.7055436110349389 595992.6540824006 99.0 -19.895980335072068 1.4844722001123714 1541.67 1646.46 35 69 "Covariance may not be accurate."
2008bd 31 0.0794423845798024 1526.7038593708016 9.076073226310655e-15 1.0193494553061635 0.5000846380226222 0.002155647017443252 0.005039389606736222 8.326672684688674e-17 0.010801448797987834 0.009379819097829034 477.87895576174384 26.0 -19.796981634185737 1.6516054164234468 1541.7 1592.62 0 31 "Covariance may not be accurate. Covariance not positive definite. Covariance forced positive definite."
2008bf 101 0.017320439090221185 1550.570110084968 2.881028748902281e-14 1.224224704238975 0.00012444247963000477 0.04694735854406587 28.118659114746265 0.9223868633896957 0.3118442792517488 0.6195892504429118 176431.14919703268 96.0 -18.622929597346 1.4736327523257007 1547.73 1646.49 8 93 "Covariance may not be accurate."
