analysis_pipeline/fit_results/csp_4_salt2_2.4_blue.ecsv
# %ECSV 0.9
# ---
# datatype:
# - {name: obj_id, datatype: string}
# - {name: num_points, datatype: int64}
# - {name: z, datatype: float64}
# - {name: t0, datatype: float64}
# - {name: x0, datatype: float64}
# - {name: x1, datatype: float64}
# - {name: c, datatype: float64}
# - {name: z_err, datatype: float64}
# - {name: t0_err, datatype: float64}
# - {name: x0_err, datatype: float64}
# - {name: x1_err, datatype: float64}
# - {name: c_err, datatype: float64}
# - {name: chi, datatype: float64}
# - {name: dof, datatype: float64}
# - {name: b_max, datatype: float64}
# - {name: delta_15, datatype: float64}
# - {name: tmin, datatype: float64}
# - {name: tmax, datatype: float64}
# - {name: pre_max, datatype: int64}
# - {name: post_max, datatype: int64}
# - {name: message, datatype: string}
# schema: astropy-2.0
obj_id num_points z t0 x0 x1 c z_err t0_err x0_err x1_err c_err chi dof b_max delta_15 tmin tmax pre_max post_max message
[from data line 53]
2006mr 103 0.0059 1050.367852822387 0.00868603531052954 -0.978431097715112 0.6969934396898618 0.0 2.8758983148691186e-05 2.7371095004577115e-05 0.023222617055222106 0.004319041623584985 18324.948045668123 70.0 -16.414581070553858 1.1946128779346346 1046.68 1147.57 12 91 "Covariance may not be accurate."
2006ob 25 0.0592 1063.9165761876702 0.0008088822982141753 -2.2576429786434926 0.016345228470055373 0.0 0.0806690735854545 4.087400783245299e-06 0.06117221615776747 0.012165163624294761 420.76561892793006 20.0 -18.904680031134497 1.5673938129071203 1060.65 1121.57 4 21 "Minimization exited successfully."
2006os 40 0.0328 1065.2033733398252 0.0009440292758715885 -0.7737639675770867 0.49915943635517634 0.0 0.14578715710479173 5.814122090182184e-06 0.06754704616681417 0.008606404705930104 401.44434501718194 34.0 -17.76211048664605 1.1698859463598161 1065.63 1121.61 0 40 "Minimization exited successfully."
2006ot 43 0.0531 1066.9151293787831 0.000945024810361897 -0.24183633229979318 0.22983537346621707 0.0 3.3979549016294186e-05 3.818815479285386e-06 0.05540614518748388 0.007679206010223205 1014.9183579704711 39.0 -18.83167916767853 1.0856327062268214 1065.68 1119.57 8 35 "Minimization exited successfully."
2006py 21 0.0579 1071.8152137553454 0.0009962407189809009 -0.46658610996613703 0.11835355421933547 0.0 0.14929263445742436 6.1315602420369385e-06 0.1406602691314509 0.011347934326797149 236.37566851402426 17.0 -19.08222975137535 1.1360284149797444 1069.54 1087.54 4 17 "Minimization exited successfully."
2007A 27 0.0177 1113.4720387131315 0.006913475731377367 0.990076854151873 0.2422803282353625 0.0 0.04171245562861259 2.4987803449567914e-05 0.06321268103827737 0.004431764179428366 1680.4587385329835 23.0 -18.550632449942977 0.8685882911009486 1108.54 1133.53 11 16 "Minimization exited successfully."
2007N 65 0.0129 1115.7587665174126 0.0015433338951618082 -2.2950959146291403 0.7934645229358162 0.0 0.10331035515639542 2.352929291726813e-05 0.033744212603924684 0.011124034285658668 2615.2894466030466 36.0 -16.256181038112256 1.4809691303276757 1123.82 1213.67 0 65 "Minimization exited successfully."
2007S 65 0.0139 1145.0766491844588 0.0076351091919712654 1.0437594329205293 0.41939902500715487 0.0 0.018069846921321187 2.6937241938700292e-05 0.025832340253458153 0.003380628924609219 1512.810380484651 49.0 -18.133663134261823 0.8527786144500276 1133.84 1246.54 12 53 "Minimization exited successfully."
2007af 102 0.0055 1176.5350547431676 0.07577419401835689 -0.4497525525600574 0.1349706796419865 0.0 5.123877826918033e-06 0.00016941214115151482 0.013836846968470873 0.0019875019238418945 17933.341235100037 83.0 -18.588445898787455 1.1316430075943114 1165.8 1256.69 22 80 "Minimization exited successfully."
2007ai 52 0.0317 1173.4708805430985 0.0008929728298922107 1.2133950720969198 0.5335079551574928 0.0 0.17501048963720223 5.747886310794625e-06 0.09152264354843131 0.008030736864031551 635.1291619748631 36.0 -17.629345392874196 0.8210049882282604 1172.89 1259.7 2 50 "Minimization exited successfully."
2007al 48 0.0122 1162.9504626166217 0.0029622329577513404 -2.152029672808351 0.4234509549017349 0.0 5.737655783377704e-05 2.162880419839244e-05 0.03270707056888256 0.007811061001915642 1790.9982184187718 30.0 -16.817775384102063 1.490247908430689 1170.77 1246.58 0 48 "Covariance may not be accurate."
2007as 65 0.0176 1182.2526310613578 0.0067315996149942825 -0.977256945589744 0.25300957752265885 0.0 0.04039492680942658 1.4973507317744827e-05 0.019327285508734526 0.002780614793985947 2124.127886973518 46.0 -18.508156820655472 1.2307438160633684 1181.7 1259.49 4 61 "Minimization exited successfully."
2007ax 40 0.0069 1186.3972357252958 0.003957662422925829 -2.0182067605584004 0.843625620745837 0.0 0.05203159998495721 1.7733242567553962e-05 0.03557484905024566 0.005892949417925508 7226.474406548603 31.0 -15.914385396196469 1.4068084156621339 1185.56 1246.46 4 36 "Minimization exited successfully."
2007ba 56 0.0385 1197.1450517796136 0.001139218722824964 -2.9303019675400614 0.3761400905036445 0.0 0.028294711305420606 5.084223658810582e-06 0.031230304868307135 0.007019393636235716 3007.9277475975073 50.0 -18.316671638662513 1.7228538092380532 1190.83 1255.61 8 48 "Minimization exited successfully."
2007bc 47 0.0208 1200.7311589608917 0.007320905756597632 -1.0816603704709236 0.04514831217191162 0.0 0.033417751432352816 1.4741663069553664e-05 0.019849869468336 0.003090644700930567 1695.1466840100295 40.0 -18.963917338373605 1.2697086553976717 1197.65 1259.53 8 39 "Minimization exited successfully."
2007bd 44 0.0309 1207.9151940755914 0.0035709550973978656 -0.5877340417086865 0.016896890559013666 0.0 3.2096755830934853e-06 1.0167473998420754e-05 0.018227781947390387 0.004053653861145645 2280.9755447165585 40.0 -19.06067098843571 1.1669157435387945 1197.53 1259.46 16 28 "Covariance may not be accurate."
2007bm 35 0.0062 1225.306046529577 0.02459617681743155 -0.9941978788132664 0.5406503000641489 0.0 0.03286212649686604 4.922018214318161e-05 0.013763520650988958 0.002247778382267418 7120.736150774195 31.0 -17.642517189308524 1.2107807945873006 1224.67 1259.56 3 32 "Minimization exited successfully."
2007ca 44 0.0141 1228.3057955587415 0.00592606434315664 0.6623566766910391 0.3710795805980418 0.0 0.015880896209750972 1.1148413399413113e-05 0.01618719656693557 0.0028562553865110196 3066.961278309546 40.0 -17.88748223538554 0.9177400287805604 1218.68 1259.63 11 33 "Minimization exited successfully."
2007cg 22 0.0332 1227.8004858903441 0.0006977198443843119 0.8007544660846957 0.8216635311608926 0.0 0.4134848344413058 1.961586110101331e-05 0.12598242912071056 0.017854680147432855 117.96161436417593 18.0 -17.484985478181972 0.8741956838515605 1235.63 1259.59 0 22 "Minimization exited successfully."
2007hj 93 0.0141 1347.740334686082 0.007757155506318328 -2.0892386788352724 0.2711429733831352 0.0 0.028372362225582037 2.015485214822534e-05 0.010175672830584626 0.002650833146055964 7216.830261616185 71.0 -18.17484771909836 1.491436328284836 1348.76 1440.53 0 93 "Minimization exited successfully."
2007hx 41 0.0794 1354.7543208030058 0.0003121733377981412 0.4946151358926274 0.19213971944030295 0.0 0.2407936073179826 2.257261943693057e-06 0.12318019489136045 0.007446591074890541 239.15345717243372 36.0 -18.543101680057266 0.954564023513985 1354.78 1411.73 0 41 "Minimization exited successfully."
2007if 67 0.0742 1355.9526983074259 0.0010613062639832306 0.6959672485650135 0.36150789011173456 0.0 4.7583262812622706e-05 3.667374984937799e-06 0.037756646251177806 0.0032577293622046977 4069.136478217475 49.0 -19.72189486634702 0.9125390213734796 1357.77 1443.6 0 67 "Minimization exited successfully."
2007jd 46 0.0726 1361.5528436771951 0.0003725389568404125 -0.6886306872010168 0.18790450373084466 0.0 0.4373325963629213 5.708970279746922e-06 0.14715545916991024 0.00948705297740926 449.39961374228375 42.0 -18.529381926817244 1.1758401768993103 1362.83 1403.81 0 46 "Minimization exited successfully."
2007jg 57 0.0371 1367.1203865776924 0.0014594756213548695 -0.6903798066573819 0.24018529853640525 0.0 0.04580101281283078 4.080151636032237e-06 0.041687724547770255 0.004115907418425047 1134.2572265078422 50.0 -18.499414332976386 1.1724856506386132 1363.82 1423.7 12 45 "Minimization exited successfully."
2007jh 25 0.0408 1362.9955284684409 0.0005630877002639784 -0.9804349692140066 0.3883523470981485 0.0 0.20211713029141265 5.407044742643263e-06 0.0770063908809493 0.01535507643133871 491.2066015209772 21.0 -17.68258398021581 1.220542958793363 1363.86 1395.86 0 25 "Minimization exited successfully."
2007le 94 0.0067 1399.8784486392112 0.0414033067024578 0.11286841665894798 0.40843748987310846 0.0 0.018625422381774115 9.519140457309519e-05 0.016706328946274773 0.0026095458313636355 3250.9957568239097 70.0 -18.37114139640237 1.010401501783459 1392.6 1470.55 13 81 "Minimization exited successfully."
2007mm 22 0.0664 1391.9598211558819 0.00018141569378530843 -3.6527019462297794 0.75324325197539 0.0 0.07047790560466183 1.705269351771896e-06 0.08887037780784657 0.020264934466199258 347.257199845977 18.0 -17.571865873114174 1.9003737718407692 1385.72 1418.69 3 19 "Minimization exited successfully."
2007nq 75 0.045 1398.7848161711065 0.0016956296686552463 -1.9922010157989565 0.055370035089351566 0.0 0.06112312734217085 7.941334582246807e-06 0.028921553922049092 0.005873694660857298 801.4882590374319 56.0 -19.09057608932583 1.4892950159740295 1397.65 1476.56 4 71 "Minimization exited successfully."
2007ol 24 0.0559 1413.1623896449266 0.0009461385268603157 -2.1134351365248456 0.038428357272671354 0.0 0.10425658674898841 5.892429194515015e-06 0.20002528065236125 0.009337750122538901 352.22882689997687 20.0 -18.945263437971754 1.5241453701804843 1409.79 1422.66 8 16 "Minimization exited successfully."
2007on 104 0.0065 1422.2851216691258 0.07451335226439067 -1.400034955517726 0.10242817679490379 0.0 4.556258659249579e-06 0.00011155870945224466 0.009740773431988314 0.001927143875413595 90101.23804430816 72.0 -18.933773504181012 1.33718242445166 1411.79 1508.61 15 89 "Minimization exited successfully."
2007so 27 0.0297 1434.6800000026828 0.0015027712946984184 -0.0109688338595193 0.37791709641870064 0.0 0.008427795079569478 2.4723435543436102e-05 0.08288202778393927 0.013106905452364481 942.6760872800708 23.0 -18.04100850389223 1.0342482509996351 1449.68 1469.55 0 27 "Minimization exited successfully."
2007sr 103 0.0055 1450.0174333071177 0.11237934575780534 -0.1625219939010858 0.21673257188534567 0.0 0.03575647391051007 0.00033535177266906524 0.01498806347050552 0.0022670187701382405 4821.676226902774 62.0 -19.01807968492513 1.0715014316518197 1455.76 1578.72 0 103 "Minimization exited successfully."
2007st 44 0.0212 1453.552358106126 0.008661643029539519 -1.697948903540838 -0.018465579712227398 0.0 0.08523647083120522 6.629630119355835e-05 0.022338978365794793 0.00522464622908958 1468.75005906945 40.0 -19.18811606178362 1.4206675292911264 1458.66 1493.55 0 44 "Minimization exited successfully."
2007ux 63 0.0309 1463.8650740663982 0.0018541345451264736 -1.9379758876551767 0.19681982266494913 0.0 0.08362862598664833 1.1702154083385852e-05 0.028752791545721745 0.005901280498458172 1694.8445537968842 45.0 -18.350556164097664 1.4599207114141315 1466.86 1558.61 0 63 "Minimization exited successfully."
2008C 48 0.0166 1467.317674747352 0.007002248335319231 -0.5123280649719355 0.26611011086330993 0.0 0.1504309207540473 5.887937186901688e-05 0.05886507542434449 0.007073274413716857 631.147724049225 31.0 -18.42287602392025 1.1353098315899963 1469.81 1552.5 0 48 "Minimization exited successfully."
2008J 38 0.0159 1471.4731898711636 0.004232018828509182 4.999999999691774 1.2064255723709052 0.0 0.07242331965221638 2.9344287863843164e-05 0.0006904594506522699 0.007828006448033165 21855.326418958168 34.0 -17.924058302717725 0.20464661786678207 1484.54 1515.52 0 38 "Minimization exited successfully."
2008O 50 0.0389 1490.2940169102844 0.000713884072304763 -1.9972910599595077 0.4708029904918951 0.0 0.11730273809814662 5.273718835609176e-06 0.06070848083504177 0.00915064305108837 616.8272893316223 40.0 -17.836921239302303 1.4449821563631744 1490.64 1571.48 0 50 "Minimization exited successfully."
2008R 43 0.0135 1493.260575292106 0.0110399619802522 -2.163259294311049 0.12914768478938332 0.0 0.03627770787261397 2.570253020920798e-05 0.012820046761539805 0.00278636217666961 6403.442972744702 39.0 -18.459497087628623 1.527715812250225 1493.63 1532.52 0 43 "Minimization exited successfully."
2008ae 30 0.03 1510.0293022110518 0.0006047056014310243 -1.7511261368657562 0.5261416410017139 0.0 0.14913778289826496 6.556670114568608e-06 0.1079406865432957 0.01394189089040665 742.3721560366718 22.0 -17.081183344997534 1.378864792964638 1508.74 1597.56 3 27 "Minimization exited successfully."
2008ar 62 0.0261 1535.3244913274805 0.004878306937426344 -0.1824266488007371 0.08467812723548374 0.0 0.024663256572125647 1.8351698500832046e-05 0.025501933348020422 0.003911973309909111 1319.1604422179746 52.0 -19.025577340755984 1.082941564959775 1527.79 1606.6 4 58 "Minimization exited successfully."
2008bc 104 0.0151 1550.581685683878 0.009110028367996176 0.6363830345906827 0.20454139322048115 0.0 0.009739272780620922 1.1152024657241043e-05 0.010942342486996992 0.0015377076455834748 9796.87013221155 83.0 -18.49965391244353 0.9295978472101645 1541.67 1646.46 27 77 "Minimization exited successfully."
2008bd 31 0.0301 1526.7000000744624 0.000836107859102997 -1.4100295946255192 0.4295968966129402 0.0 0.023124864874034756 3.471254598570587e-05 0.153952081976783 0.03854485277925823 157.08930643554427 25.0 -17.43560097597808 1.3095151400349963 1541.7 1592.62 0 31 "Minimization exited successfully."
2008bf 101 0.0235 1555.6045922986264 0.007861934391249695 0.4849121994848007 0.013379520744899898 0.0 0.017148731084375868 1.585062287504449e-05 0.01879274073868764 0.0022212443688996997 3854.9797452654643 81.0 -19.31165227867505 0.9643480567959735 1547.73 1646.49 16 85 "Minimization exited successfully."
2008bi 35 0.0134 1537.7582797699854 0.0041325352315137315 -2.6904871374897885 0.2821561952157281 0.0 0.11861485205702138 9.972773798455061e-05 0.03757935395222467 0.01632466521716136 502.7751973740672 30.0 -17.379498097850583 1.6616309616405793 1551.52 1595.52 0 35 "Minimization exited successfully."
2008bq 64 0.034 1563.9432412718356 0.0025607083152302647 0.4161896226891679 0.19847399060805038 0.0 0.05604160212055831 5.759063856747293e-06 0.032146543108447556 0.0026504182648212637 2559.868044901243 60.0 -18.91504731889998 0.9679222952546063 1562.49 1606.46 4 60 "Minimization exited successfully."
2008bt 49 0.0154 1568.3764338440842 0.0033185712151351607 -1.9272395794983455 0.4546124003277665 0.0 0.10820972653323224 2.7238874937302038e-05 0.026469819411042206 0.006463217191508663 3894.827342146785 34.0 -17.453803262012777 1.429271762777315 1571.61 1651.47 0 49 "Minimization exited successfully."
2008bz 44 0.0603 1580.3275390824651 0.0010141661291531295 -0.49222128071311566 0.042732310623301295 0.0 0.1428207175413263 6.2537801281168466e-06 0.06973834650665722 0.006292392056446827 549.2714444141188 34.0 -19.192849111291522 1.1459533772017139 1580.72 1651.52 0 44 "Minimization exited successfully."
2008cc 81 0.0104 1580.2602570761558 0.01607295466024456 -1.7777533623855888 0.38852048387409077 0.0 5.989454507471237e-06 2.8855108418674585e-05 0.014107244093650273 0.002143437405703885 27922.24810256956 49.0 -18.30295755192832 1.3995542735807902 1582.86 1654.86 0 81 "Minimization exited successfully."
2008cd 14 0.0074 1572.7400005542918 0.00132873211318722 -2.1785268027548472 0.9999999820860748 0.0 0.04801255226595913 2.1472980906242544e-05 0.1175081335622652 0.0036756077793114184 139.96170649474857 10.0 -14.897586387336695 1.4257608694075508 1587.74 1595.73 0 14 "Minimization exited successfully."
2008cf 45 0.046 1596.3705440590666 0.0021004095963875233 0.9583503796603594 0.011337436742485663 0.0 5.824066329296329e-05 4.1311964607492445e-06 0.024183739948619554 0.0034355989160173017 1456.8943465724583 35.0 -19.373917551519746 0.8826961177765504 1595.77 1654.65 4 41 "Covariance may not be accurate."
2008ff 86 0.0193 1714.6053804570888 0.004760625184569267 1.2359697255411417 0.5250271085202143 0.0 1.6049931673478568e-05 1.9046816186457823e-05 0.02833496958641213 0.003326375554369987 37710.361354306595 63.0 -18.348072291335455 0.8177309234728263 1724.53 1790.57 0 86 "Minimization exited successfully."
2008fl 89 0.0199 1721.3484075783665 0.005425051916056448 -1.3286575990253646 0.17434833240979564 0.0 0.053628704545531036 2.0274665518217605e-05 0.014107603576182015 0.002983101810642319 2397.598096121572 70.0 -18.542419514214323 1.3143544243111478 1724.49 1789.53 0 89 "Minimization exited successfully."
