analysis_pipeline/fit_results/csp_4_salt2_2.4_all.ecsv
# %ECSV 0.9
# ---
# datatype:
# - {name: obj_id, datatype: string}
# - {name: num_points, datatype: int64}
# - {name: z, datatype: float64}
# - {name: t0, datatype: float64}
# - {name: x0, datatype: float64}
# - {name: x1, datatype: float64}
# - {name: c, datatype: float64}
# - {name: z_err, datatype: float64}
# - {name: t0_err, datatype: float64}
# - {name: x0_err, datatype: float64}
# - {name: x1_err, datatype: float64}
# - {name: c_err, datatype: float64}
# - {name: chi, datatype: float64}
# - {name: dof, datatype: float64}
# - {name: b_max, datatype: float64}
# - {name: delta_15, datatype: float64}
# - {name: tmin, datatype: float64}
# - {name: tmax, datatype: float64}
# - {name: pre_max, datatype: int64}
# - {name: post_max, datatype: int64}
# - {name: message, datatype: string}
# schema: astropy-2.0
obj_id num_points z t0 x0 x1 c z_err t0_err x0_err x1_err c_err chi dof b_max delta_15 tmin tmax pre_max post_max message
[from data line 105]
2008fp 300 0.0057 1733.525001690173 0.023988690933691804 -0.3218906951644547 0.6238232600246607 0.0 6.489369752671337e-08 3.59172995318055e-05 0.007344595782409424 0.001064188794479226 653832.3786361562 168.0 -17.43752126960765 1.0751488884662432 1724.84 1874.61 72 228 "Minimization exited successfully."
2008fr 150 0.0397 1741.575157382327 0.0018407433312123663 -0.47607924012705816 0.10643079988240367 0.0 2.28193152906897e-06 1.1595539604627135e-06 0.015953461470120445 0.0009112326528927239 33602.00455201539 101.0 -18.900296658167683 1.1386726750572826 1738.78 1807.57 9 141 "Covariance may not be accurate."
2008fu 103 0.052 1732.7171181895715 0.001451495534602268 -1.5194565105884896 -0.08578945674572047 0.0 0.12021771099171019 1.924052285592892e-05 0.03487659842070001 0.006970756925237576 3020.1809921150243 77.0 -19.247175227838085 1.3825633471460002 1737.84 1817.67 0 103 "Minimization exited successfully."
2008fw 162 0.0085 1736.4450102776234 0.023950473791585564 0.22996380194243038 0.20612537335288827 0.0 7.658726417503203e-07 2.7125691864629195e-05 0.005764148627660948 0.0008495240729777809 743289.6229632683 133.0 -18.290012144389948 1.0004172606480335 1740.89 1827.81 0 162 "Covariance may not be accurate."
2008gg 198 0.032 1752.0909116496007 0.003406277672907732 0.6412615500193173 0.15841736240618975 0.0 1.0480952028046886e-05 6.2294669708042125e-06 0.012710600334555178 0.0013783431521245948 106042.10412422454 144.0 -19.089361270910207 0.9307810039980247 1753.63 1827.57 0 198 "Minimization exited successfully."
2008gl 166 0.034 1768.890617201389 0.0029545458003750248 -1.3398663041690497 0.042568424225922996 0.0 1.6668947978359938e-05 4.387859798756074e-06 0.01162187573367568 0.001339765405177995 19579.695628852394 119.0 -19.067299692879285 1.3284331587759084 1765.7 1844.55 24 142 "Minimization exited successfully."
2008go 43 0.0623 1765.363309718908 0.0009052414163608192 0.508525648165234 0.11379278592685971 0.0 0.1227819543582882 3.2410833225318897e-06 0.10998879066667477 0.00313845497627141 677.5355661406087 32.0 -19.14474785106718 0.955720991773596 1764.54 1776.58 2 41 "Minimization exited successfully."
2008gp 169 0.0334 1779.756188664478 0.0031788502873833393 -0.07340790175303091 0.0431190011635445 0.0 0.011664562025998748 6.208060687140811e-06 0.01315447991089247 0.0015174305054064252 2685.5836743650966 109.0 -19.107796626977024 1.0646178776825685 1768.75 1844.52 38 131 "Minimization exited successfully."
2008ha 106 0.0046 1770.4766060408213 0.002438267026826935 -2.038740289214973 0.15436043050378467 0.0 0.05960899773208439 1.8291351589036454e-05 0.02037620671244733 0.004539372992088508 8841.353356727945 82.0 -14.467365974078287 1.4910462979223134 1781.55 1810.55 0 106 "Minimization exited successfully."
2008hj 127 0.0379 1802.2982648380773 0.00291636571502526 0.4057020980939994 0.03357256274788667 0.0 0.018927654863205134 4.890594118359126e-06 0.020868852091241674 0.0015055346187711205 1749.7943812398453 90.0 -19.29626697549465 0.9774755578365486 1794.58 1834.55 37 90 "Minimization exited successfully."
2008hu 97 0.0497 1806.3351066794185 0.0009092341305699775 -1.759080712283747 0.07906323677655647 0.0 0.06916735199752111 4.1754869683358065e-06 0.029550051243839803 0.003145305441974555 715.4030734243028 73.0 -18.63741557173499 1.4263923037505393 1804.74 1844.84 5 92 "Minimization exited successfully."
2008hv 225 0.0126 1817.5549151114242 0.020083602537042153 -1.2567052890214834 -0.04944212272765003 0.0 0.005431231792158542 3.298969045947321e-05 0.007790271548290928 0.0012287624833059452 133638.41829515997 137.0 -18.95737293752494 1.3168852129737019 1804.8 1912.7 50 175 "Minimization exited successfully."
2008ia 166 0.0219 1813.3822058228832 0.003665108323912436 -1.2549908291811285 0.16181430079553993 0.0 0.02923354749793816 7.653885563531186e-06 0.019789206029361184 0.0019050361522412462 1565.8276867024754 82.0 -18.3276948521595 1.298779797446823 1809.77 1874.69 22 144 "Minimization exited successfully."
2009D 176 0.025 1841.8465508186391 0.007223762791337879 0.6665740180868731 0.06022759590109028 0.0 0.013931188351648416 7.912107108777686e-06 0.010469003943737842 0.0008857006681984858 3674.33243228008 121.0 -19.35691818283707 0.9306145364149643 1834.67 1890.52 54 122 "Minimization exited successfully."
2009F 139 0.013 1842.723240041663 0.0019310448109442575 -3.2336550368080417 0.5057860358818274 0.0 0.015270051171341947 4.532254384299883e-06 0.016396726427563513 0.0018852405437674857 48147.409873781915 85.0 -16.496141886651632 1.8014494396080316 1837.75 1884.63 56 83 "Minimization exited successfully."
2009I 55 0.0262 1852.613725689936 0.0007703572539608877 0.8088452305394771 0.7705658073775776 0.0 0.07306425032277275 4.462199516228028e-06 0.09085007979179283 0.005509664174433215 360.88253253514915 24.0 -17.06249097360505 0.8753186043543053 1846.58 1867.58 18 37 "Minimization exited successfully."
2009J 41 0.0158 1835.799569201638 0.001123551026672287 -1.7622433515829394 -0.008768987878949752 0.0 0.23015917937345876 2.746214604613798e-05 0.05624536289354021 0.013673537890469767 1183.965151820572 33.0 -16.32320953617891 1.436033916282362 1846.74 1867.68 0 41 "Minimization exited successfully."
2009P 99 0.0251 1868.1330162353993 0.00233982727609639 1.5681387058962688 0.39881669522667895 0.0 0.08006375999207194 9.031778262741418e-06 0.036865809931625915 0.0026786574002911623 5671.222902092621 78.0 -18.151154593071915 0.7691729428266179 1867.74 1931.61 6 93 "Minimization exited successfully."
2009Y 264 0.0094 1878.3400937677648 0.03152381672760772 0.0382435342538745 0.19243223355034011 0.0 1.2257234061507916e-05 3.645100304578569e-05 0.008306083783479856 0.0008121418338893349 602902.9065388112 171.0 -18.807957262988594 1.0357484534458283 1868.84 1976.65 41 223 "Minimization exited successfully."
2009aa 232 0.0273 1878.8421178643175 0.004686328963126049 -0.6000787536246595 0.011884863585342131 0.0 0.009357630592830901 6.601322749731631e-06 0.011734822993863414 0.0011739191452375675 22500.898435162057 122.0 -19.080912421285344 1.1697635928765102 1868.77 1956.66 66 166 "Minimization exited successfully."
2009ab 102 0.0112 1883.7271938756194 0.011168678264597548 -0.9777596795420864 0.24176526412571286 0.0 0.01007796578505804 1.944503350956566e-05 0.01130425068182861 0.0013939632447854677 6870.217210259927 56.0 -18.06541072173429 1.2317393993932413 1874.57 1911.51 30 72 "Minimization exited successfully."
2009ad 128 0.0284 1887.1172612354987 0.004199532083982205 0.20684812058182978 0.0725094674149378 0.0 0.013179661088884131 6.796401961890741e-06 0.014988173967856788 0.0014158853250654246 5651.787905028396 68.0 -19.05021559506452 1.0113091525669162 1878.6 1921.53 36 92 "Minimization exited successfully."
2009ag 208 0.0086 1890.1457537443882 0.010532761431821518 -0.2840425355719818 0.45760093962685056 0.0 0.02677877238613746 2.069980447302975e-05 0.009323973471459635 0.001128862062142244 5270.504869538071 104.0 -17.4322493930956 1.0792170570464599 1886.62 1959.54 24 184 "Minimization exited successfully."
2009al 123 0.0221 1896.8225149062525 0.005407860999549846 -0.4209016505178296 0.18562319724101695 0.0 0.06977907204566236 2.0057427750787456e-05 0.02024433049797736 0.0023795120253239377 3266.6808546450957 79.0 -18.770983420710895 1.1227487258625253 1891.71 1973.54 18 105 "Minimization exited successfully."
2009cz 83 0.0211 1943.9539894027807 0.008092132972020877 0.642254806907606 0.07647856256098828 0.0 0.021294634452260652 1.8883153729831736e-05 0.023320645543993823 0.002003156990996069 707.4775652784144 44.0 -19.105554017806107 0.9341302008443044 1937.53 1966.46 24 59 "Minimization exited successfully."
2009dc 116 0.0214 1949.1828162025051 0.013576149987124803 1.0638279744508337 0.1762327136168924 0.0 0.01892135642492576 2.7326947572634333e-05 0.01636295418344247 0.001573762027940795 32052.311217377177 55.0 -19.700249340253535 0.858898828127467 1938.77 1976.68 41 75 "Minimization exited successfully."
2009ds 92 0.0193 1962.247988070087 0.009352091651475344 1.6255929428973248 0.16210845059012868 0.0 0.03893031002758107 2.2821372444963017e-05 0.049693182528910196 0.0026520679666440783 900.1255130017836 50.0 -19.06822012550146 0.767371636117705 1954.64 1976.62 29 63 "Minimization exited successfully."
2009le 66 0.0178 2168.5335820916443 0.011223317784784598 2.826197374290638 0.17778064282870254 0.0 0.03952894214285152 2.4181989730196092e-05 0.05550678206396187 0.0020177954782084617 1081.925481297236 50.0 -19.091191498452943 0.5589439684352513 2153.53 2169.58 54 12 "Minimization exited successfully."
2010ae 57 0.0037 2277.6233125014282 0.00040980577742825156 -2.9655357155655127 0.9999999945693223 0.0 0.13993377136716845 1.1546414388564913e-05 0.20644833069544544 0.003299845385083877 295.285853669488 5.0 -12.10862577854601 1.6305638199437844 2258.59 2305.53 52 5 "Minimization exited successfully."
