analysis_pipeline/fit_results/csp_4_sn91bg_color_interpolation_all.ecsv
# %ECSV 0.9
# ---
# datatype:
# - {name: obj_id, datatype: string}
# - {name: num_points, datatype: int64}
# - {name: z, datatype: float64}
# - {name: t0, datatype: float64}
# - {name: x0, datatype: float64}
# - {name: x1, datatype: float64}
# - {name: c, datatype: float64}
# - {name: z_err, datatype: float64}
# - {name: t0_err, datatype: float64}
# - {name: x0_err, datatype: float64}
# - {name: x1_err, datatype: float64}
# - {name: c_err, datatype: float64}
# - {name: chi, datatype: float64}
# - {name: dof, datatype: float64}
# - {name: b_max, datatype: float64}
# - {name: delta_15, datatype: float64}
# - {name: tmin, datatype: float64}
# - {name: tmax, datatype: float64}
# - {name: pre_max, datatype: int64}
# - {name: post_max, datatype: int64}
# - {name: message, datatype: string}
# schema: astropy-2.0
obj_id num_points z t0 x0 x1 c z_err t0_err x0_err x1_err c_err chi dof b_max delta_15 tmin tmax pre_max post_max message
[from data line 54]
2006ob 63 0.0592 1067.47052806555 2.1649348980190553e-15 1.0553020466353633 0.07400753552223377 0.0 28.798236248042485 0.9223873232575787 0.39398615991932023 0.512227479266812 21496.53452283758 55.0 -18.425932012172865 1.6150073053629797 1060.65 1121.57 17 46 "Covariance may not be accurate."
2006os 106 0.0328 1071.3388712394215 4.3298697960381105e-15 0.6500000011192932 0.17468118595485582 0.0 29.335899012807886 0.9419103833983182 0.3767528591607918 0.5849766285414992 97188.45598558137 86.0 -17.660188491399353 2.2623456085248854 1063.65 1133.56 30 76 "Covariance may not be accurate."
2006ot 118 0.0531 1056.6846556446567 5.745404152435185e-15 1.2408306699298595 0.32499790175456006 0.0 23.954276559283244 0.9223869217424253 0.39781497332721044 0.7372859047416799 78336.75677210957 99.0 -18.749080694503625 1.462700804060205 1063.72 1131.63 0 118 "Covariance may not be accurate."
2006py 35 0.0579 1054.5451160463963 1.3655743202889425e-14 0.7890475030927485 0.3797494973638288 0.0 22.567999729553776 0.9223868906580653 0.4435118691492522 0.676553867289846 49658.87130876166 31.0 -19.78319154384879 1.9658407037452044 1069.54 1091.54 0 35 "Covariance may not be accurate."
2007A 76 0.0177 1092.8021919053774 7.835398996292042e-14 0.840673929038716 0.5001840503797551 0.0 nan 0.0 5.8852478211135484e-05 0.00013279903474905375 230287.80245679463 41.0 -18.77868119974116 1.881557688819452 1107.53 1133.53 0 76 "Covariance may not be accurate."
2007N 165 0.0129 1128.5364837607638 4.246603069191224e-15 1.1366417036484164 0.21843451554754728 0.0 28.348706444179697 0.9223870677529713 0.4417185251369792 0.7385588529428089 80786.93918516336 113.0 -15.483408906317965 1.5400167342523083 1123.82 1213.67 26 139 "Covariance may not be accurate."
2007S 192 0.0139 1140.5042139515417 4.746203430272544e-14 1.0552712182922712 0.503082798476761 0.0 0.0003526721421849288 0.0 0.0034237530008786043 2.753535507227234e-05 291533.05202765827 103.0 -17.698694985896307 1.6150497554895438 1132.77 1246.54 30 162 "Covariance may not be accurate."
2007af 307 0.0055 1173.1508934522496 2.304822999121825e-13 1.205605361152586 0.16217056800866947 0.0 29.342363643023646 0.9223867760097046 0.4248288597729227 0.577436380763617 262701.4123244505 165.0 -18.078853217523395 1.4864188431907621 1162.76 1257.72 77 230 "Covariance may not be accurate."
2007ai 111 0.0317 1152.8934698482062 1.3739009929736312e-14 1.1661675652258345 0.10838306513208584 0.0 8.105576398520498e-06 0.0 2.292361669375964e-06 0.002199372664270366 62370.240496909246 91.0 -18.969584255784437 1.5158475673108853 1167.88 1259.7 0 111 "Covariance may not be accurate."
2007al 120 0.0122 1160.3989191923752 1.9984014443252818e-14 1.0458984915189449 0.4674837687719564 0.0 21.850575815684238 0.9223868780370306 0.44164036578879773 0.7024487537759655 34915.25068558038 80.0 -16.555805658960175 1.624369401196212 1170.77 1246.58 0 120 "Covariance may not be accurate."
2007as 153 0.0176 1160.5925997932245 1.0499934255392418e-13 0.816120335424309 0.2633563013361725 0.0 0.0008065728774226955 0.0 0.00010928360894113531 0.001087601982257852 352310.610231386 103.0 -19.55214988212815 1.9202133407145343 1175.59 1259.49 0 153 "Covariance may not be accurate."
2007ax 97 0.0069 1169.5526161504233 1.1032841307212493e-13 0.7946472379040862 0.4168809084710665 0.0 1.6425578905909788e-06 4.163336342344337e-17 1.3068345078304233e-06 0.23049283386320824 104127.30717997403 62.0 -17.274959082287317 1.9561131339009066 1184.55 1248.47 0 97 "Covariance may not be accurate."
2007ba 124 0.0385 1177.6536497089567 1.2240208846492351e-14 1.2341390007318722 0.4998399683320275 0.0 27.68838842703269 0.9280846297903591 0.3265095045631227 0.7127209684010283 135614.4960521607 103.0 -18.485164071903068 1.467072393225422 1190.83 1255.61 0 124 "Covariance may not be accurate."
2007bc 111 0.0208 1181.682765636615 7.052691763931307e-14 0.8593010166703346 0.5001378936441236 0.0 nan 0.0 3.644564551785745e-05 7.878245074804946e-05 412603.35048864543 88.0 -19.020077235886298 1.853576106611392 1196.65 1259.53 0 111 "Covariance may not be accurate."
2007bd 110 0.0309 1203.1211075498782 1.099120794378905e-14 0.6500250389527201 0.4954651474391015 0.0 28.546904873223866 0.9250335695419238 0.36836816667909694 0.7104233893346544 316902.747195264 87.0 -17.889228312663658 2.262293274558079 1197.53 1259.46 24 86 "Covariance may not be accurate."
2007bm 85 0.0062 1209.03344204483 4.736211423050918e-13 0.6982876115415562 0.0014384956817171668 0.0 23.083043371411236 0.9223880386731869 0.3108163924129931 0.6305399732179628 344737.82763093914 48.0 -19.41109548985724 2.1477949567504098 1217.57 1278.52 0 85 "Covariance may not be accurate."
2007ca 117 0.043750000000000004 1221.97876292903 5.3540505362548174e-14 0.6500000007423898 0.7132501403602427 0.0 3.5643371006699454e-05 4.163336342344337e-17 5.1174176007862116e-11 0.0011843031933853054 1149541.6316143319 84.0 -19.97115941206883 2.2623574700783777 1217.65 1275.65 12 105 "Covariance may not be accurate."
2007cg 45 0.043750000000000004 1225.9415916844614 6.744604874597826e-15 1.1502221520983515 0.5152773789015807 0.0 21.848124513899393 0.9223869085357852 0.3479747775982857 0.7137811572058397 27575.167806781043 41.0 -18.099373595084185 1.5286858347481171 1235.63 1259.59 0 45 "Covariance may not be accurate."
2007hj 266 0.043750000000000004 1350.8629211360371 1.6819878823071122e-14 1.2192971955446796 0.1523799549243029 0.0 27.660074291773526 0.9223868840630548 0.3062730307571971 0.7311079553174071 279832.5063612454 193.0 -19.82279379533408 1.476958823162306 1348.76 1440.53 16 250 "Covariance may not be accurate."
2007hx 65 0.043750000000000004 1358.6361118187092 4.996003610813204e-16 0.9868330228310609 2.2177714878668375e-05 0.0 28.138478583195138 0.9224164631235952 0.4167997392808202 0.6129569894976057 24907.274461559795 61.0 -16.2759783557691 1.6869241707290925 1354.78 1411.73 14 51 "Covariance may not be accurate."
2007if 114 0.043750000000000004 1342.232150917931 3.122502256758253e-14 0.6657858280783521 0.6082384455904448 0.0 4.925425434976205e-05 0.0 6.906611888513048e-07 0.0017337755065504057 326477.9397877376 94.0 -19.602118367059912 2.223492108987376 1355.77 1443.6 0 114 "Covariance may not be accurate."
2007jd 70 0.043750000000000004 1369.8689635314236 8.326672684688674e-17 0.6500000156938577 0.04374425924325476 0.0 29.424600860420128 0.9550194281579953 0.3819645204259334 0.5188188363232344 79511.51416569005 63.0 -14.259455085858566 2.262340405421842 1362.83 1409.83 34 36 "Covariance may not be accurate."
2007jg 113 0.043750000000000004 1370.9862005560005 3.9968028886505635e-15 0.6500238378960144 0.13984673204216047 0.0 29.176831730710774 0.9389337585010625 0.3739257824394196 0.5631419550672839 321915.54271881725 100.0 -18.28756841554136 2.2622840110510367 1363.82 1425.78 30 83 "Covariance may not be accurate."
2007jh 45 0.043750000000000004 1369.9896870117113 6.2450045135165055e-15 0.6500249663191249 0.5000994986310593 0.0 0.1395905592426061 0.0 0.00012282056683565745 0.0011610375242930016 49653.15969815655 40.0 -18.039990464780733 2.2622936403983758 1363.86 1413.8 14 31 "Covariance may not be accurate. Covariance not positive definite. Covariance forced positive definite."
2007le 242 0.043750000000000004 1373.5784989664457 8.341660695521114e-13 0.710755839123012 0.11394587300152342 0.0 1.4825642438154318e-06 4.163336342344337e-17 4.598477010842039e-07 0.0005755770127197357 1434879.753196426 173.0 -24.13642387010181 2.120059188144163 1388.57 1470.55 0 242 "Covariance may not be accurate."
2007mm 39 0.043750000000000004 1370.9185579868556 1.0824674490095276e-15 0.7467930285583376 0.47182623620768693 0.0 0.0011592953783292614 0.0 0.0010789229213071794 3.8194578990263794e-05 42074.856717742085 35.0 -16.204835972771427 2.044661127096269 1385.72 1418.69 0 39 "Covariance may not be accurate."
2007nq 174 0.043750000000000004 1403.4123362955388 7.244205235679146e-15 0.8717927920276688 0.5101063944279299 0.0 28.233377755390507 0.9224117852139393 0.4398409476763445 0.7126588322370038 175500.10840465137 158.0 -18.18525655247304 1.8353505429017964 1397.65 1476.56 19 155 "Covariance may not be accurate."
2007ol 31 0.043750000000000004 1422.2125910917323 2.9976021664879227e-15 1.2237517744795183 0.46690590354339623 0.0 15.561389514250209 0.9290819315313467 0.4176848463519467 0.7047982646767686 30946.22122105127 27.0 -17.322100741908496 1.4739629232209488 1409.79 1422.66 27 4 "Covariance may not be accurate."
2007on 308 0.043750000000000004 1414.1654766877157 2.5845992013273644e-13 1.1451151301950016 0.4906799024866633 0.0 0.005947496528733609 2.914335439641036e-16 0.00031424146027536626 0.0001890632796884284 983075.0136570788 206.0 -22.105089939130444 1.532905010795142 1410.73 1508.61 23 285 "Minimization exited successfully."
2007so 66 0.043750000000000004 1451.8501929899421 3.83026943495679e-15 1.2363953487511385 0.36261669473784597 0.0 27.92650611298177 0.9429428574577116 0.328248486516268 0.6748061102920857 21294.74474449549 52.0 -17.804802594545677 1.4655906951725512 1449.68 1494.53 6 60 "Covariance may not be accurate."
2007sr 259 0.043750000000000004 1449.5150466145305 4.4730885662147557e-13 0.9866683688667128 0.09497909306946778 0.0 24.833510325158954 0.9223867015875911 0.4168461452188768 0.5302601010273662 2112515.9079912654 189.0 -23.495022142957374 1.687112030748045 1454.84 1955.57 0 259 "Covariance may not be accurate."
2007st 118 0.043750000000000004 1461.190105499724 2.040034807748725e-14 1.249491444933994 0.33988005639457053 0.0 27.782603977627105 0.9223870245107655 0.37618447059528975 0.6624857960622725 135703.29680177465 90.0 -19.662804524624296 1.4571155913818323 1458.66 1513.52 11 107 "Covariance may not be accurate."
2007ux 151 0.043750000000000004 1472.6402943632002 5.662137425588298e-15 0.6500000000161466 7.533921239588626e-06 0.0 2.7694489290297497e-05 0.0 4.497735517361434e-12 0.0005048908322860535 139642.066849529 121.0 -18.911895405700005 2.2623391564213264 1466.82 1558.61 39 112 "Covariance may not be accurate."
2008C 121 0.043750000000000004 1454.8176077807013 4.171663015029026e-14 1.2178144912831534 0.058534978088522094 0.0 3.048713779207901e-06 0.0 7.464023599190739e-07 0.0017185091904465544 103906.60564993642 91.0 -20.983886541516036 1.4779631764742813 1469.81 1552.5 0 121 "Covariance may not be accurate."
2008J 81 0.043750000000000004 1469.5523879090995 2.0258794641847544e-13 0.6520540049083108 0.34383625396868855 0.0 0.002171978953128928 4.163336342344337e-17 0.0002759801695856323 0.0013306850245129176 150253.87812717957 63.0 -22.148055350983206 2.25719848472683 1484.54 1516.52 0 81 "Covariance may not be accurate."
2008O 103 0.043750000000000004 1503.7498497668864 7.494005416219807e-16 0.775831025942247 2.42081822743323e-06 0.0 0.0001888032309125265 0.0 2.3749375124282324e-06 4.6473801245394686e-05 196601.39416332013 87.0 -16.716237653403017 1.9894276169107563 1489.71 1571.48 51 52 "Covariance may not be accurate."
2008R 107 0.043750000000000004 1479.0745534517575 1.4779844015322396e-13 0.6944085652069405 0.511680925014179 0.0 0.0440971104384289 8.326672684688674e-16 0.0022166022940810493 0.0044044837132713455 630262.6267963245 80.0 -21.456934472395872 2.1565894980886373 1493.63 1532.52 0 107 "Covariance may not be accurate. Covariance not positive definite. Covariance forced positive definite."
2008ae 101 0.043750000000000004 1493.84117160082 1.7569279364693102e-14 0.7608474339721798 0.5001110212976656 0.0 23.757477475322048 0.9223868824751967 0.44144688770012613 0.7103934096509079 31825.19424898422 61.0 -19.16302549004916 2.0173348210350497 1508.74 1602.52 0 101 "Covariance may not be accurate."
2008ar 132 0.043750000000000004 1524.42654728449 1.1407541578023483e-14 1.2335846243888324 0.21048782115247833 0.0 25.5503514982654 1.0507087056532458 0.3240016785292797 0.5837092248456627 338372.2708473844 114.0 -19.27687048280694 1.467429494053686 1527.79 1627.59 0 132 "Covariance may not be accurate."
2008bc 205 0.043750000000000004 1526.7087585137047 9.9253938401489e-14 0.8131253843192879 0.0008561608230142626 0.0 24.064462876437915 0.92238678853105 0.4437784152240979 0.6024223281489577 1052378.934499139 162.0 -22.01997655184205 1.9250822486236903 1541.67 1646.46 0 205 "Covariance may not be accurate."
2008bd 66 0.043750000000000004 1526.7078607401422 5.995204332975845e-15 0.993996712218107 0.4765732388651378 0.0 24.831101126746717 0.9223869634947631 0.4147433673823003 0.7047522319004818 2898.1456328746117 60.0 -18.052228325757792 1.6789413478768402 1541.7 1607.65 0 66 "Covariance may not be accurate."
2008bf 184 0.043750000000000004 1545.9487317150536 2.3897550605056495e-14 1.2120879435634828 0.5134847979733254 0.0 5.855744321371276 0.0 2.3779501616694176e-06 7.394629969126321e-06 928862.3969470669 165.0 -19.475749327132355 1.48190372143711 1546.79 1646.49 0 184 "Covariance may not be accurate. Covariance not positive definite. Covariance forced positive definite."
2008bi 83 0.043750000000000004 1545.1184238739536 1.5737411374061594e-14 0.8185152237406291 0.5131337503727036 0.0 23.86994140343063 1.3887487387432156 0.4436735702851202 0.6888400812270787 18834.919279169146 71.0 -19.02276297070657 1.9163451825634894 1551.52 1628.47 0 83 "Covariance may not be accurate."
2008bq 114 0.043750000000000004 1547.6647100380974 1.4738210651898953e-14 1.2360653362607066 0.006565671229119718 0.0 23.447022510876195 0.922386923548473 0.40377353470978844 0.6473951614494973 380296.2570972035 100.0 -19.940177851295697 1.4657960397056158 1562.49 1606.46 0 114 "Covariance may not be accurate."
2008bt 84 0.043750000000000004 1577.0526851895997 1.0325074129013956e-14 0.6500000000263518 3.5874795244306146e-05 0.0 3.304357346678444e-05 0.0 6.5976668572886865e-12 3.6214049704108575e-05 154280.8608630911 78.0 -19.564132698808347 2.2623391571776033 1571.61 1651.47 18 66 "Covariance may not be accurate."
2008bz 70 0.043750000000000004 1565.752104833978 9.992007221626409e-15 0.8817467515739479 0.289700024819377 0.0 24.113014339029064 0.9223868994248352 0.43859862028811797 0.64251817073054 152484.41106834108 66.0 -18.97512320794697 1.8210966403533924 1580.72 1651.52 0 70 "Covariance may not be accurate."
2008cc 167 0.043750000000000004 1567.8601182840341 7.377431998634165e-14 1.2446661782833006 0.044935480048247545 0.0 3.314231094009301e-06 0.0 2.817518323205981e-06 0.06878194112982686 453171.066014131 138.0 -21.626034385745445 1.4602098292045582 1582.86 1654.86 0 167 "Covariance may not be accurate."
2008cd 23 0.043750000000000004 1584.320735196474 9.076073226310655e-15 0.6981675491804152 0.45253448960262355 0.0 16.426372930997445 0.930170407604749 0.4264781665604598 0.7012435837053179 2612.499806107058 19.0 -18.557446017252502 2.148080053014226 1587.74 1595.73 0 23 "Covariance may not be accurate."
2008cf 96 0.043750000000000004 1602.5577992875342 2.4147350785597155e-15 1.0959607123389072 0.4124697807228293 0.0 28.791953011939086 0.9253372763454889 0.3768062010625037 0.6878869342007407 455872.98764748755 81.0 -17.205744320200054 1.576136874979472 1595.77 1654.65 29 67 "Covariance may not be accurate."
2008ff 230 0.043750000000000004 1709.5332873339207 3.530509218307998e-14 0.8738667148454462 0.27338533540560106 0.0 24.748823780119665 0.9223870477055565 0.4045894677975431 0.6354334898318816 763508.6329549365 166.0 -20.372514335335513 1.8323577653651775 1724.53 1790.57 0 230 "Minimization exited successfully."
2008fl 186 0.043750000000000004 1709.5091867246072 3.0808688933348094e-14 0.9624511574562735 0.17591866763478425 0.0 1.570931522110186e-05 0.0 5.375023857556727e-06 0.00054359192158418 1039207.5146948164 151.0 -20.431251444170275 1.7151890695704743 1724.49 1789.53 0 186 "Covariance may not be accurate."
