analysis_pipeline/fit_results/csp_5_salt2_2.4_all.ecsv
# %ECSV 0.9
# ---
# datatype:
# - name: obj_id
#   datatype: string
# - name: num_points
#   datatype: int64
# - name: z
#   datatype: float64
# - name: t0
#   datatype: float64
# - name: x0
#   datatype: float64
# - name: x1
#   datatype: float64
# - name: c
#   datatype: float64
# - name: z_err
#   datatype: float64
# - name: t0_err
#   datatype: float64
# - name: x0_err
#   datatype: float64
# - name: x1_err
#   datatype: float64
# - name: c_err
#   datatype: float64
# - name: chi
#   datatype: float64
# - name: dof
#   datatype: float64
# - name: b_max
#   datatype: float64
# - name: delta_15
#   datatype: float64
# - name: tmin
#   datatype: float64
# - name: tmax
#   datatype: float64
# - name: pre_max
#   datatype: int64
# - name: post_max
#   datatype: int64
# - name: message
#   datatype: string
# schema: astropy-2.0
obj_id num_points z t0 x0 x1 c z_err t0_err x0_err x1_err c_err chi dof b_max delta_15 tmin tmax pre_max post_max message
SN2008J 81 0.0839999999999842 1469.54000000002 0.008887994255117172 1.9490250196473387 0.9999999999993112 5.733605189975344e-06 0.00042471216829653713 1.5119906622645084e-05 0.01853222061239901 3.6502253708659005e-05 65582.16357354405 52.0 -22.362541114085005 0.6895677067803927 1484.54 1516.52 0 81 "Minimization exited successfully."
SN2005kc 125 0.03866182310922883 698.4672801506113 0.0065278316523769255 -0.5540599512397621 0.3325210743812792 0.0013040715148049664 0.01834016196534094 1.59571798376292e-05 0.016942345323421204 0.0030236094839390937 2232.6848922264335 68.0 -20.220809878618596 1.138925350076958 687.52 728.54 53 72 "Minimization exited successfully."
SN2005A 182 0.01911867899346843 381.5641239729187 0.0008258248744919261 -0.5470610290730473 0.9998368610665278 6.874089237933478e-08 1.3824879943058477e-06 1.531771006539574e-06 0.013877366433821425 0.00039592573108915285 8602.698565780658 134.0 -16.462957142299036 1.0887473388763986 376.65 433.53 14 168 "Minimization exited successfully."
SN2009Y 264 0.009399999760383552 1878.3400000457536 0.03150738068890057 0.0415532885954315 0.19241523504097913 2.1676155827730914e-08 3.1974875810192316e-05 3.124219130020561e-05 0.007190632848861789 0.000811694733126922 602901.1689953747 170.0 -18.807392823505744 1.0351445196633868 1868.84 1976.65 41 223 "Covariance may not be accurate."
SN2004gs 299 0.0830513026069302 356.54860445074416 0.0021757533469235232 -1.6480483771458831 0.093940128302052 0.0035283403730025573 0.4177835194108752 0.0012983188554399811 1.3722684216560737 0.7479525299603034 109171.10407556241 255.0 -20.751569366237394 1.3972977729039506 352.85 461.56 12 287 "Covariance may not be accurate."
SN2004eo 269 0.05306829987500274 279.22445897408016 0.010907100270514856 -1.2224379824542342 0.11502295518766137 0.00024102168322655965 0.004705717395239617 8.862069250592346e-06 0.004032554608107697 0.0007393552602117381 39431.335682173114 216.0 -21.483344852311944 1.2954296889831447 266.52 341.54 94 175 "Minimization exited successfully."
SN2008gp 169 0.04228580444155636 1779.855481233612 0.0031722680448173835 -0.030860459329654866 0.029527145036549074 0.0008595443443065037 0.015448586030288425 6.111547424535223e-06 0.014031590690980256 0.001963055451673079 2589.5369907303093 108.0 -19.63209471347939 1.0573529700196076 1768.75 1844.52 44 125 "Minimization exited successfully."
SN2007ca 117 0.0035000000062550924 1228.1287984377532 0.005886279204902806 0.6176990516257144 0.3727182415667887 8.431795858205877e-05 0.012549457322506896 9.766328795065855e-06 0.012152028002746729 0.0012833262142732949 3521.798835020796 63.0 -14.836600919308307 0.9251713732337485 1217.65 1275.65 29 88 "Minimization exited successfully."
SN2009al 123 0.0041574991397140115 1897.3623633547277 0.005058471766895176 -0.6092303622414406 0.2603478947453639 9.611277514707042e-08 5.945761472503364e-06 1.4292046071466905e-05 0.014466169031702947 0.0022748414314441856 2668.777606710114 78.0 -15.042342983656631 1.1548132795739647 1891.71 1973.54 18 105 "Covariance may not be accurate."
SN2008ae 101 0.08399999995298077 1512.314830799163 0.0005676066315045803 -1.5801200952703667 0.6968757370720946 3.858478018267664e-05 0.09918340419142169 5.128367536202938e-06 0.09383280724047682 0.008428688907326176 3073.922343455136 35.0 -19.344291488843442 1.3220546654254939 1508.74 1602.52 9 92 "Minimization exited successfully."
SN2006dd 217 0.0035000000908614287 989.0999716590529 0.00858548185539923 4.9999999416082925 0.5801882132507792 6.0547808400160386e-06 0.027923286386851487 1.4671830637844052e-05 0.002247930329988712 0.0016192658534109894 943427.5417221434 211.0 -15.314518981006906 0.1927931898510451 906.94 1147.57 14 203 "Minimization exited successfully."
SN2005ki 310 0.013876209199670734 705.7460493858002 0.009294092939658305 -1.4996184708314275 -0.01796120225591258 0.0004641358413760583 0.010871062514013374 1.5908241167907934e-05 0.008202643940650178 0.0019357387718987318 351293.59859527694 246.0 -18.332223906056793 1.3716361123165939 695.86 861.5 29 281 "Minimization exited successfully."
SN2007if 114 0.0839922323369102 1355.4621322544513 0.0011010591701018813 0.6487270943286916 0.3536479247757982 7.558942412703995e-05 4.0832538388713147e-05 3.5328331593767687e-06 0.03140988939883682 0.0026766742644830366 22194.12153787338 77.0 -20.04555427270931 0.9208233664419758 1355.77 1443.6 0 114 "Minimization exited successfully."
SN2006D 298 0.00849999965455643 759.3350046911464 0.029434482359192694 -1.631117064007674 0.10290679352351684 5.5024581066022427e-08 5.018290835323569e-06 3.596910991514324e-05 0.004973324736629037 0.0009561933589137261 706499.0786078534 221.0 -18.511135140336073 1.3922777089122444 751.84 891.61 12 286 "Covariance may not be accurate."
SN2006lu 128 0.05337846007459113 1039.1813168252045 0.0010275362722046127 -0.21903566768132787 0.08071752944349142 2.7120870327995705e-07 2.929327138190274e-06 3.4616479433855363e-06 0.02703524780980926 0.003233198802135573 20395.301360426063 118.0 -18.93186977720056 1.0901612740650393 1040.84 1137.75 0 128 "Covariance may not be accurate."
SN2009ag 208 0.010014848526961885 1890.1350215780776 0.010585536043842235 -0.2728680721717449 0.4518653656928171 0.0003650716846542116 0.027111799740055176 2.4741028444953857e-05 0.009766108678270768 0.001850618548431715 5253.973497159361 103.0 -17.77051251488879 1.0775211526903128 1886.62 1959.54 24 184 "Minimization exited successfully."
SN2006ev 116 0.019617436005098163 990.0424788567038 0.001859488961953837 -1.4090230310601441 0.23237281695145806 0.001116875463884363 0.07055555490472898 1.2687469028105358e-05 0.030237446490234632 0.00533787438572475 394.3697556103008 44.0 -17.34960432840419 1.3274848296801487 993.59 1039.52 0 116 "Minimization exited successfully."
SN2009cz 83 0.022252576638127033 1943.962349706965 0.008087037085835752 0.6533768058512219 0.07520620197801153 0.0010717225005880387 0.022700776498368214 1.941059124261485e-05 0.025485898115987116 0.0023169019297787363 706.4687121962294 43.0 -19.222261690508997 0.9322628996358056 1937.53 1966.46 24 59 "Minimization exited successfully."
SN2006gj 122 0.051503238324163605 1000.1558401958187 0.001183288708380001 -2.1455361266657933 0.33001204711035315 2.3019601243581822e-07 8.372623653940536e-06 4.743507642061828e-06 0.027553735313290417 0.004066554978436776 6004.310902254143 82.0 -19.00906736167919 1.4995895532101997 998.83 1096.59 6 116 "Covariance may not be accurate."
SN2005el 236 0.045039586579308934 647.5116136790324 0.013565725567810404 -1.1775305040830464 -0.0725206561984939 0.057472330845360964 64.22065420443113 0.03172575595936176 6.773964119725472 1.402991126238497 117033.66906032694 134.0 -21.350700914335476 1.300534748908298 639.89 730.75 24 212 "Covariance may not be accurate."
SN2007jh 45 0.08399998409779709 1364.5765453631852 0.0005852544660432641 -1.3090473517458996 0.3128410393303638 0.0011657003541188996 0.1546598713049434 3.401711251574391e-06 0.06727121091892552 0.005943643229712192 1048.885280344462 38.0 -19.35694221289891 1.2975897173430653 1363.86 1413.8 6 39 "Minimization exited successfully."
SN2007so 66 0.08399999937920037 1434.6800000029048 0.0021709863173757283 -1.1753621216698038 0.17304169879311893 7.72281960377888e-05 0.0011333636784911505 1.706623382968374e-05 0.029072309957631104 0.004896301360729716 4513.378146542375 38.0 -20.77664617063752 1.28007062524512 1449.68 1494.53 0 66 "Minimization exited successfully."
SN2006gt 93 0.058625470796752094 1003.7196166263878 0.0007919114163608632 -2.3468789551881306 0.1673524168633973 2.6198275216819666e-06 4.476056932389838e-05 2.7497500732887145e-06 0.033017668040557835 0.0034504944194975185 2643.986910796746 59.0 -18.86110239908347 1.5748903950555402 1001.67 1076.62 16 77 "Minimization exited successfully."
SN2007ai 111 0.031674000764182135 1176.2866399519942 0.0008384377692352064 0.1931195009360529 0.5316003543969434 5.851566988387957e-07 4.994246808109892e-05 1.6839283374939446e-06 0.029318646263520876 0.0019149110716781825 5242.200182268419 80.0 -17.558045959132226 0.9894961646129872 1167.88 1259.7 26 85 "Covariance may not be accurate."
SN2006hb 190 0.010053489880059855 1000.1247366389977 0.012228975985843 -2.1476476697866556 0.06066085012944655 0.0003597553450046991 0.028436636920730507 4.8230128136361565e-05 0.00991921910527127 0.002601586393360611 131261.46719712447 138.0 -17.92397450222565 1.5311663010482128 1006.87 1143.59 0 190 "Minimization exited successfully."
SN2007hj 266 0.020902781117702697 1346.4337960556882 0.008746656986960727 -2.1302272530921105 0.22682836199779732 0.0004344013319493977 0.02242538646180492 2.0344177111612967e-05 0.006433844151123802 0.0021228940450912503 92081.11325213371 144.0 -19.17023085727106 1.5074789696475328 1348.76 1440.53 0 266 "Minimization exited successfully."
SN2008ia 166 0.01691506794160439 1813.3573962630517 0.0036648104269924684 -1.310964628190567 0.17020256181140803 0.0015593704379292432 0.029934808955090375 7.811308970714827e-06 0.02639915545158189 0.0034074273684809864 1553.558157972493 81.0 -17.75861889548203 1.3106975829348286 1809.77 1874.69 22 144 "Minimization exited successfully."
SN2007ol 31 0.06031207982542028 1413.313084000788 0.0009425453587866395 -2.204754539881714 0.014663956396937516 0.002890920708625705 0.10860293918017305 5.871831111831116e-06 0.2061793836152328 0.008135290201345846 254.71147947214746 26.0 -19.112891072817696 1.5524498119315737 1409.79 1422.66 10 21 "Minimization exited successfully."
SN2008fw 162 0.00845771835553655 1745.38750351488 0.012998496376447524 0.21885587362030812 0.399594825143879 2.3980776015994354e-08 2.6228676688333508e-06 1.682344426323385e-05 0.008141835775821171 0.0009454518500086051 632523.3119014595 132.0 -17.62183503110652 0.9922416215741094 1740.89 1827.81 6 156 "Covariance may not be accurate."
SN2005mc 83 0.04890896803760777 730.3598470293847 0.0026848005491615897 -1.9941535147184557 0.17922591924239373 0.001368904215443667 0.09503501743364495 2.6256606200457562e-05 0.020928991899236138 0.005316877269695985 2950.5544723729727 78.0 -19.77823133611271 1.4765015989284898 736.79 773.62 0 83 "Minimization exited successfully."
SN2009dc 116 0.08399999605268817 1949.3892899081964 0.013278647998046234 1.8884635860740016 0.07308216421809921 5.7066270227765226e-05 0.02589933114256837 2.40505592960516e-05 0.019909310791784485 0.0014881515204738793 28456.31816198243 54.0 -22.744091639755204 0.7269132385977919 1938.77 1976.68 41 75 "Minimization exited successfully."
SN2009F 139 0.08399999999751885 1843.0215907184781 0.00223914481002091 -2.9573070731963518 0.3616133584807164 2.3375152613525074e-05 0.015988686175660405 4.1519506560226335e-06 0.0159478899887886 0.0015794674850975188 41194.26320246393 84.0 -20.814899073471867 1.7339720521528683 1837.75 1884.63 56 83 "Minimization exited successfully."
SN2008go 43 0.08399976892952812 1764.832231934517 0.0009270412759532887 1.0081009333762392 0.054833798736153794 0.004401793114413535 0.17078701672517127 3.808778826989989e-06 0.12817268502664225 0.0030420780018423077 633.99663302823 31.0 -19.852724800813746 0.8727021687680647 1764.54 1776.58 2 41 "Minimization exited successfully."
SN2008cf 96 0.04595493927522534 1596.3736501619042 0.0021165235278165525 0.8517292601068505 -0.01799659940280529 5.48141038444333e-07 8.777846687735291e-06 3.8475853348235445e-06 0.017864627580668646 0.0017520183793867106 22110.52764090306 66.0 -19.379911451144014 0.901933430175518 1595.77 1654.65 6 90 "Covariance may not be accurate."
SN2006bd 52 0.003500010043792187 810.6045154881706 0.0010234553117672907 -1.756110857073633 0.5300594113127701 0.0004715438379443654 0.10696200853715254 1.419788595962985e-05 0.04092845117708177 0.008703969140533063 2361.372792060999 32.0 -12.943365261166097 1.3796369065174652 822.75 872.57 0 52 "Minimization exited successfully."
SN2007bm 85 0.0035000000174498325 1225.0950202846684 0.024696893914309088 -0.9417486834769493 0.5293703105123584 2.165458082646751e-05 0.03118313912989379 4.305691785807218e-05 0.011000028115051741 0.0010841263253801303 3344.722589168676 47.0 -16.400147130360782 1.2010710712508832 1217.57 1278.52 11 74 "Minimization exited successfully."
SN2006kf 180 0.031529556250209353 1041.3809417647585 0.0032380103312654564 -2.074173224679461 0.19517448839508722 0.0007265561866635298 0.02006108885291269 6.941655094446029e-06 0.014008408681125628 0.0023528797937932833 19959.293354374404 96.0 -19.000633182922673 1.4960027007722694 1036.81 1127.64 32 148 "Minimization exited successfully."
SN2008bt 84 0.023974740243433823 1568.9130847416855 0.0033712604687692327 -2.189057609654767 0.3977205564928612 0.0007751279669305933 0.06513380247133682 1.8924726869584728e-05 0.017116747614631445 0.0037868352372479874 29624.437577997134 72.0 -18.443590651813203 1.5031128728378427 1571.61 1651.47 0 84 "Minimization exited successfully."
SN2006mr 221 0.0035000000000166413 1050.9473857356145 0.009353382405476623 -1.8154482051684373 0.5266312646092213 4.173638241171829e-06 0.024593003093286825 2.3403876140801368e-05 0.015357973187495766 0.0019615615560311106 99194.36383679268 155.0 -15.345389238869123 1.3941542263197118 1045.86 1147.57 28 193 "Minimization exited successfully."
SN2007le 242 0.003500000000654031 1399.8693441857206 0.04205463955349456 0.2997355127649657 0.3247896380523645 3.930914331184672e-05 0.015952197481624353 6.89348684387546e-05 0.010153284257239381 0.0011316850481711827 353367.50481483026 139.0 -16.969488351721864 0.9820267168861552 1388.57 1470.55 43 199 "Minimization exited successfully."
SN2008hu 97 0.05254739404209516 1806.342923603834 0.0009109853945158342 -1.7349219646562704 0.0742640595528068 0.0013257742103284648 0.06899524778361865 4.244424533650403e-06 0.03177436705191017 0.0038727122194949226 711.8566578834938 72.0 -18.76495535432613 1.420803509515764 1804.74 1844.84 5 92 "Minimization exited successfully."
SN2009J 41 0.08399998349569224 1834.850450011519 0.0012931225667784513 -1.443112602604658 -0.16332272909275858 0.00021336959578777126 0.2206852003497488 2.773816789450323e-05 0.059218143754981245 0.011986011161390697 730.7713049746459 32.0 -20.21354819418621 1.3706760919854588 1846.74 1867.68 0 41 "Minimization exited successfully."
SN2007N 165 0.003500000000417899 1113.30606040265 0.0021883158672391548 -3.060750841350912 0.644624351536434 1.751293251149545e-05 0.04457650837332494 1.5468037658396402e-05 0.01613414347080222 0.004652780438056503 24266.75214772828 103.0 -13.775110686318268 1.7196952065517124 1123.82 1213.67 0 165 "Minimization exited successfully."
SN2006ob 63 0.07277962459908571 1063.8412977399933 0.0008130747744059309 -2.178460770276276 0.005762964810430038 0.0017283586884145538 0.07036504597977 3.8108497791705664e-06 0.04786375165724044 0.0055237573526284445 895.5525647648208 45.0 -19.379794724467743 1.5460014380149047 1060.65 1121.57 6 57 "Minimization exited successfully."
SN2006bh 175 0.008667938328319144 833.367141255215 0.02883367082980014 -1.4908303638543785 -0.011968680727451275 0.0003414450920854401 0.019038369205077288 4.483412388128771e-05 0.006989270540876946 0.0015427484265770341 74445.08949434278 105.0 -18.530946551078866 1.3689730767754096 829.91 891.79 23 152 "Minimization exited successfully."
SN2007ba 124 0.08314754040057674 1197.6594122032384 0.0012109111645704858 -2.7791399093637996 0.2757823989517503 0.0016798617659574133 0.02679983416783216 4.8428915051981335e-06 0.028412632148560713 0.005539373541090464 3743.261309430735 76.0 -20.121183951766998 1.6901981419282386 1190.83 1255.61 28 96 "Minimization exited successfully."
SN2008fp 300 0.00569999983708635 1733.525003505329 0.02395897525776956 -0.3160007332861783 0.6246538172339025 3.461725150977202e-08 4.2772376218636055e-07 3.633956830841403e-05 0.007388791033473119 0.0010701004088234933 653833.3329006513 167.0 -17.436235016391976 1.0740201457729235 1724.84 1874.61 72 228 "Minimization exited successfully."
