analysis_pipeline/fit_results/csp_5_sn91bg_color_interpolation_red.ecsv
# %ECSV 0.9
# ---
# datatype:
# - name: obj_id
#   datatype: string
# - name: num_points
#   datatype: int64
# - name: z
#   datatype: float64
# - name: t0
#   datatype: float64
# - name: x0
#   datatype: float64
# - name: x1
#   datatype: float64
# - name: c
#   datatype: float64
# - name: z_err
#   datatype: float64
# - name: t0_err
#   datatype: float64
# - name: x0_err
#   datatype: float64
# - name: x1_err
#   datatype: float64
# - name: c_err
#   datatype: float64
# - name: chi
#   datatype: float64
# - name: dof
#   datatype: float64
# - name: b_max
#   datatype: float64
# - name: delta_15
#   datatype: float64
# - name: tmin
#   datatype: float64
# - name: tmax
#   datatype: float64
# - name: pre_max
#   datatype: int64
# - name: post_max
#   datatype: int64
# - name: message
#   datatype: string
# schema: astropy-2.0
obj_id num_points z t0 x0 x1 c z_err t0_err x0_err x1_err c_err chi dof b_max delta_15 tmin tmax pre_max post_max message
[from data line 99]
SN2005am 66 0.002001967692567784 418.72792391797833 3.62460061964498e-13 0.8948846632694359 0.20967592568029575 0.05099864130027531 53.841409148823374 0.9247576755367908 0.41182354967283813 0.6045412042362919 103104.47041157808 48.0 -16.267422684364156 1.8026403728404041 433.71 490.46 0 66 "Covariance may not be accurate."
SN2005iq 84 0.08394803107745498 667.85058056715 2.7478019859472624e-15 1.2495403473649966 0.4283918114917687 3.7352231822912474e-05 0.005507925369329314 0.0 0.00010879786008255454 0.00011835752372202357 194288.03500282043 34.0 -18.79039452216175 1.4570859975028583 682.55 755.55 0 84 "Covariance may not be accurate."
SN2008bd 35 0.0020156162539523978 1555.2479664062935 1.2490009027033011e-15 0.918800340103619 0.0005271907631413941 0.05282154874102955 54.53746771659269 0.9639767562279351 0.42583157879030703 0.6051456459439508 33354.81993160057 22.0 -10.51835247550881 1.7701831699879946 1541.7 1607.65 22 13 "Covariance may not be accurate."
SN2007S 127 0.0020292735849972857 1142.8997135103991 3.297362383136715e-14 1.233431007868159 0.4981370149144297 0.050376498898302965 76.8339537042292 0.9223870444197099 0.32378118814461293 0.7099382405712612 71677.77577830627 37.0 -13.114333066135739 1.4675374926656701 1132.77 1246.54 28 99 "Covariance may not be accurate."
SN2005bo 18 0.002000005139427984 463.7591926015804 1.2090328738167955e-13 0.6500000000059264 0.49898990967660733 2.445399291048367e-10 0.007312303625582217 1.249000902703301e-16 2.241229424271296e-11 5.0735573599025585e-06 13975.936126622335 13.0 -14.491313457011668 2.2623564249858 478.75 512.76 0 18 "Covariance may not be accurate."
SN2006bt 49 0.00200000360541013 866.7059175098028 6.494804694057166e-15 0.6500000000001818 0.003788435152438374 7.507666320225037e-11 0.00012138636316194606 0.0 2.8421154318891695e-12 0.014841244108345808 138763.67929776877 17.0 -12.286296174211156 2.26233926135264 853.76 891.71 29 20 "Covariance may not be accurate."
SN2008fl 97 0.002018503399461556 1739.5513742352514 1.50712775592865e-14 0.9274360364428553 0.9984349999443081 9.797798734226953e-09 0.0003403141929538833 4.163336342344337e-17 2.3625300732410537e-06 0.0003783934998962124 498582.22914324625 48.0 -11.273814538544869 1.7588673787846325 1724.49 1789.53 36 61 "Covariance may not be accurate."
SN2007st 74 0.0020000094991149734 1471.9490189515539 1.2406742300186124e-14 0.6500000007127554 0.023377594841777927 2.7337176511203765e-10 0.00030455653109129344 0.0 2.018542555326519e-10 0.007507083243608659 98002.82015959141 27.0 -12.957556654421541 2.2623398220794293 1458.66 1513.52 30 44 "Covariance may not be accurate."
SN2005hc 84 0.0020000359114137507 705.2787295115476 8.326672684688674e-17 1.0969092870080883 0.034795009192599646 1.5256191735271707e-09 0.0015825136428588849 0.0 7.2961776625968255e-06 0.09561673876016882 306986.02666049165 40.0 -7.505844901502911 1.575249353164395 661.67 755.61 67 17 "Covariance may not be accurate."
SN2009ab 62 0.002000042661195807 1903.756274378187 2.148281552649678e-14 0.9570443119960623 0.4566316673764938 2.4607379924945078e-09 0.0003056118465565305 0.0 1.2098605206678492e-05 0.01782787817032258 605248.9894279707 15.0 -12.715202810243063 1.7217005235683303 1874.57 1911.51 58 4 "Covariance may not be accurate."
SN2007as 88 0.0020009540523061023 1184.4435213580323 3.505529200253932e-14 0.6528039680727229 0.49867810521977546 0.05102867183610211 61.36793201719797 0.9243570054889445 0.3863764126840182 0.7108974111870935 235196.40954082707 37.0 -13.148902312046754 2.255329173497884 1175.59 1259.49 21 67 "Covariance may not be accurate."
SN2006hx 39 0.0020054752632725666 1045.7277496811444 3.0808688933348094e-15 0.6500000920287606 0.5000138908889792 1.6843246081503158e-08 0.0016522040704103347 0.0 5.883460885147684e-09 0.3435849115449735 22960.89834121428 20.0 -10.51032630315099 2.2623562344874273 1013.66 1080.59 25 14 "Covariance may not be accurate. Covariance not positive definite. Covariance forced positive definite."
SN2008ff 144 0.0020049976301274365 1743.2069056499129 5.662137425588298e-15 0.6500015713230846 0.5000403870733271 1.4341792360910571e-09 7.552228066742828e-05 0.0 2.165040646762151e-09 0.20752618067659068 802169.3685920071 56.0 -11.170534499363761 2.2623525119060837 1724.53 1790.57 72 72 "Covariance may not be accurate. Covariance not positive definite. Covariance forced positive definite."
SN2009ds 56 0.002000004270364355 1967.8662008550803 1.7735812818386876e-14 0.6500000000001864 2.3747206107149754e-05 4.754182674707869e-10 0.0004160782615372227 0.0 9.604439465960013e-11 0.00015871441834730549 72617.12159049921 14.0 -13.382955204496753 2.2623391569088227 1954.64 1976.62 40 16 "Covariance may not be accurate."
SN2008O 53 0.08499996521370996 1556.400627998619 0.0 0.650000000001138 0.5000900157553797 0.0 0.0 0.0 0.0 0.0 89657.79765356073 22.0 inf nan 1489.71 1546.54 53 0 "Hesse Failed. Covariance may not be accurate. Covariance not positive definite."
SN2006ot 75 0.002000029003463982 1082.5265639896174 3.3306690738754696e-16 0.7006143556177837 1.0513411953516627e-05 8.085015168208393e-10 0.0006782976388421957 0.0 2.7502460405171014e-06 0.012079732166351304 96868.74730530639 32.0 -9.067204050922616 2.142561638565219 1063.72 1131.63 42 33 "Covariance may not be accurate."
SN2006py 14 0.0020000075127980265 1056.3919499774715 5.662137425588298e-15 0.9688922756968495 0.08143362446421865 0.0550784515569401 20.165563638436765 0.9956054892371766 0.4466948283035598 0.7112783592908525 5256.166555298876 9.0 -12.00683188551459 1.7075526982844629 1069.54 1091.54 0 14 "Covariance may not be accurate."
SN2005be 23 0.0020006172762620715 454.58287586198264 2.1899149160731213e-14 0.7073585738759018 0.5000261909268863 3.3242947027186873e-07 0.03269668667431347 8.326672684688674e-17 0.001666363401498283 6.707952268303341e-05 84727.43903098995 18.0 -12.634417408338699 2.1275538657784594 467.89 491.77 0 23 "Covariance may not be accurate. Covariance not positive definite. Covariance forced positive definite."
SN2006fw 6 0.002017839758892121 1002.252675918766 1.6653345369377348e-16 1.083038017914829 0.49912236071384875 7.468294886056603e-07 0.37393876590294894 0.0 0.00014297312629640846 0.000462541755381074 7279.855694625707 1.0 -7.357953564592933 1.5882270863900416 1001.75 1039.73 1 5 "Covariance may not be accurate."
SN2007ax 57 0.0837162533033551 1183.8443186236775 2.0816681711721685e-14 1.219942019848827 0.08650809838430396 5.605024637478362e-08 0.00016441665229649516 0.0 7.156547330300356e-07 0.06349583129823999 16180.232691497687 21.0 -21.651219563258444 1.4765196793804805 1184.55 1248.47 0 57 "Covariance may not be accurate."
SN2007jg 56 0.0028309273725669274 1398.268511307461 2.248201624865942e-15 0.6502229782269895 0.3014385921755106 5.8842946697796683e-05 0.026471887643424452 0.0 6.079366692302024e-05 0.0003596581228927087 136968.54856511988 34.0 -11.323090619520201 2.261789958092706 1363.82 1425.78 39 17 "Covariance may not be accurate."
SN2007af 205 0.0021897770370601 1169.7166938096402 1.8327006578999772e-13 1.2498690098806802 0.40213130582670303 3.6213879642353316e-05 0.02870796695140143 2.498001805406602e-16 2.933997968579405e-05 0.000946476988857331 175716.16906912165 62.0 -15.355973656759975 1.4568747611382165 1162.76 1257.72 27 178 "Covariance may not be accurate."
SN2008cc 86 0.0020003995399975635 1596.4610021367137 4.2549297418759124e-14 1.2072921744043699 0.4905788586059136 0.0509624965320784 57.27061473574861 0.922394503562163 0.4240473749840362 0.7081682741827143 320048.22116998857 39.0 -13.378420787313324 1.4852421068100767 1582.86 1654.86 37 49 "Covariance may not be accurate."
SN2006ef 20 0.0024695179781350062 1011.2129582522715 5.079270337660091e-15 0.9919442076065218 0.49081542646702486 0.048311921235670754 55.38830756378894 0.9223879694693181 0.4346218065539109 0.708221758742845 250607.25599345975 15.0 -11.528394986667035 1.681219655484977 979.9 1040.71 14 6 "Covariance may not be accurate."
SN2007nq 99 0.002000011279499455 1426.1034148795159 8.326672684688674e-17 0.6500000000034476 0.004527982851109114 0.05240659267848416 66.65195457158075 0.9473506359487898 0.37894088913719864 0.585636619306797 203561.57899896082 55.0 -7.554896162750001 2.262339281996649 1397.65 1476.56 47 52 "Covariance may not be accurate."
SN2008bq 50 0.0020000043160992185 1603.6815855481948 1.6653345369377348e-16 1.2432415102475356 0.021969557469187773 1.2064191247558587e-09 0.0009471001917518151 0.0 3.997340392469795e-06 0.05087566698188245 487826.99145259336 27.0 -8.27945353325103 1.4611295246324296 1562.49 1606.46 48 2 "Covariance may not be accurate."
SN2008hv 132 0.0022006781827332107 1909.192665615883 2.3332093257444342e-08 0.7570776345942488 0.5123171505007112 0.0 0.0 0.0 0.0 0.0 814625.1797296341 47.0 -27.89100206281178 2.0245511249927493 1804.8 1912.7 130 2 "Hesse Failed. Covariance may not be accurate. Covariance not positive definite."
SN2009I 37 0.00200000820607857 1834.8681199494813 1.5987211554602254e-14 0.742525376018834 0.1801031042598571 0.05124361823051482 18.939626485625467 0.9262894499476253 0.440650637235741 0.5881494564808445 10326.413414185372 5.0 -12.941528336348789 2.0531841355726677 1846.58 1867.58 0 37 "Covariance may not be accurate."
SN2004gc 54 0.002000022555644806 358.2566137416327 8.326672684688674e-17 1.1138448976837017 2.8040347307967117e-06 1.381458912107919e-09 0.0014046242415588495 0.0 7.985458106207766e-06 0.00025385745547787386 320812.26550605416 49.0 -7.562059209497836 1.5598660413585286 329.83 397.66 33 21 "Covariance may not be accurate."
SN2005lu 39 0.0020000052372328423 731.0882903732128 6.9111383282915995e-15 0.6500000007363217 0.36198545589134407 1.7449749327783093e-10 0.00021933272989826946 0.0 1.7624668391391651e-10 0.007921465069871791 39562.61268061183 29.0 -11.678200483085114 2.2623521879289186 719.66 799.52 12 27 "Covariance may not be accurate."
SN2007al 72 0.0020000334078848396 1211.139077798732 8.326672684688674e-17 1.0244877131586814 0.00016588247148874302 0.051227310901960026 66.4857836402465 0.9253920964011585 0.4055886144249993 0.6094680736125514 154277.31816948313 31.0 -7.561814149339817 1.6462173778697817 1170.77 1246.58 54 18 "Covariance may not be accurate."
SN2005gj 112 0.015184508822041514 904.0479941511683 1.1074474670635936e-14 0.9498884446753781 0.49987574099673543 0.04775655771721052 245.20545240014474 0.9223903956133048 0.42619604167206243 0.7103409582936286 368268.3329573597 58.0 -16.317883937228213 1.730445137381622 698.7 1016.76 106 6 "Covariance may not be accurate."
SN2008bz 26 0.08350136061548058 1604.1798306436076 1.6653345369377348e-16 1.009026411207437 0.03831802060242884 3.4796920430485434e-07 0.0014759821910956816 0.0 9.257645034232986e-06 0.09020238874631495 95476.66337947777 21.0 -16.4865343436268 1.6625522096226248 1580.72 1651.52 14 12 "Covariance may not be accurate."
SN2007bc 64 0.08499943256552293 1213.7430922226324 1.3322676295501878e-14 1.1976502935555868 0.5013875097692153 0.0027885681564746995 0.1188337172068259 4.163336342344337e-17 0.0016620329181171734 0.009674530803775838 171849.803830694 29.0 -20.366898967051203 1.4921005220251686 1196.65 1259.53 28 36 "Covariance may not be accurate. Covariance not positive definite. Covariance forced positive definite."
SN2008fr 82 0.002011358951934769 1774.5773429585333 3.3306690738754696e-15 1.241066715354361 0.49987282217548795 1.909740791096893e-06 0.009555681733331767 0.0 0.001575337515081543 2.739626246561766e-05 224776.22164002323 40.0 -10.601679589686263 1.4625515780577771 1738.78 1807.57 56 26 "Covariance may not be accurate."
