analysis_pipeline/fit_results/csp_5_salt2_2.4_red.ecsv
# %ECSV 0.9
# ---
# datatype:
# - {name: obj_id, datatype: string}
# - {name: num_points, datatype: int64}
# - {name: z, datatype: float64}
# - {name: t0, datatype: float64}
# - {name: x0, datatype: float64}
# - {name: x1, datatype: float64}
# - {name: c, datatype: float64}
# - {name: z_err, datatype: float64}
# - {name: t0_err, datatype: float64}
# - {name: x0_err, datatype: float64}
# - {name: x1_err, datatype: float64}
# - {name: c_err, datatype: float64}
# - {name: chi, datatype: float64}
# - {name: dof, datatype: float64}
# - {name: b_max, datatype: float64}
# - {name: delta_15, datatype: float64}
# - {name: tmin, datatype: float64}
# - {name: tmax, datatype: float64}
# - {name: pre_max, datatype: int64}
# - {name: post_max, datatype: int64}
# - {name: message, datatype: string}
# schema: astropy-2.0
obj_id num_points z t0 x0 x1 c z_err t0_err x0_err x1_err c_err chi dof b_max delta_15 tmin tmax pre_max post_max message
2004dt 88 0.04356176902418533 239.51545306112328 0.008426615729628847 -0.8552363444620905 0.42781289586387006 1.9752049663576687e-07 5.2689134932393245e-05 5.948959306041699e-05 0.009229867854250173 0.0045222981236783255 262341.58065709274 83.0 -20.768716662291038 1.1917368734445652 249.79 365.62 0 88 "Covariance may not be accurate."
2004ef 111 0.046560368755969764 264.91043183124145 0.0033862825169571568 -1.5911138071110464 -0.07184231173733924 0.0006216248926781895 0.009816895184656005 2.60187627251344e-05 0.010738674740665477 0.005898423233526517 19146.28960337735 89.0 -19.91823963290152 1.3989793489374556 255.69 329.57 20 91 "Minimization exited successfully."
2004eo 122 0.05333824913109506 279.22179372247945 0.011483019532726511 -1.34921174325993 0.08648150521829767 0.00041542184927330014 0.006994228782417622 6.723783385189676e-05 0.00655227156687288 0.004414899214230661 17659.68010837581 69.0 -21.550280355900348 1.3267884726278893 266.52 341.54 49 73 "Minimization exited successfully."
2004ey 102 0.003500014766813094 304.9965451673877 0.012150236365762172 0.4111856768408648 0.1720486053925292 0.00029896671408456417 0.016437996762618923 8.263177354868399e-05 0.010905313672993522 0.004329624589173631 707.2761035814888 59.0 -15.617433871889357 0.9700547579228385 295.53 358.55 24 78 "Minimization exited successfully."
2004gc 54 0.04488858546130442 329.45796736795796 0.0017546123009492239 -1.0134586387036295 0.21835473116018456 0.001475863880681945 2.3063900329134412e-05 3.0107631385596612e-05 0.02848082369951266 0.012863165336704174 9529.825729492266 49.0 -19.124997126615497 1.2411855041183628 329.83 397.66 0 54 "Minimization exited successfully."
2004gs 135 0.04709718611694573 358.3451586841975 0.0027370151558860772 -2.583840707565124 -0.03667130569460331 1.0394984158831194e-05 0.00039475988410231366 3.084474829539996e-05 0.016209750968234404 0.007758255501941036 49406.27881278395 91.0 -19.712303059136453 1.6725012779404622 352.85 461.56 8 127 "Covariance may not be accurate."
2004gu 68 0.04047961395509063 363.1835629318553 0.001960772611204201 1.1834682202799227 0.02400944355767387 0.003419598125669325 0.0910817283435108 3.338288764707107e-05 0.04929692372467098 0.016268697119052433 238.32615976407 52.0 -19.013034966774864 0.8444728854776535 357.86 410.84 6 62 "Minimization exited successfully."
2005A 109 0.03204456175097231 380.917779502266 0.0010788828662116501 -0.4937172272750976 0.8180494486680854 0.05376218500200189 28.242373948939104 0.02744419047500829 6.9802810567364375 1.4301961531521266 5393.0635605233265 61.0 -17.87801570804794 1.0926581601869145 376.65 433.53 6 103 "Covariance may not be accurate."
2005M 172 0.05198795253946765 406.9720435287397 0.006629412032446991 0.9490371557153088 0.014632312853724683 4.4622219405945907e-07 3.762233134807502e-05 4.7353762210682136e-05 0.01770070504304666 0.004872380777995677 92664.14376304812 106.0 -20.897076410580702 0.8841495110407074 397.73 480.51 31 141 "Covariance may not be accurate."
2005W 40 0.005429763027924838 412.8620386825296 0.02733855411765089 -0.21327651664226632 0.25298251680344364 0.003327054558458605 0.03453317721547933 0.00032938717267773365 0.06794543577626122 0.01186414063234198 211.29772343282434 35.0 -17.45615642018156 1.0788504678817645 404.54 429.51 15 25 "Minimization exited successfully."
2005ag 41 0.07541265864573356 415.02983550848296 0.0005939190929056732 0.522039721661935 0.06883482251674522 8.788521264624372e-07 0.00013003287389778961 0.0001227778436067806 0.11940795792886227 0.1228787645404883 1117.9507892376619 31.0 -19.121739378367177 0.9553676087215841 412.82 479.84 3 38 "Covariance may not be accurate."
2005al 98 0.004617339317298884 430.7257879544035 0.017942498078704638 -1.2140132671205972 -0.09118714549550688 0.0008382199694805287 0.050764322244418736 0.0001894648835739296 0.01152425234769372 0.005885347463367496 33692.9610543089 65.0 -16.641936150538168 1.3103948400531387 429.76 512.79 2 96 "Minimization exited successfully."
2005am 66 0.00790050559269139 440.0664384502505 0.04999139842039831 -2.0312394618424303 -0.004373572817580995 1.959711646718279e-07 7.788582365719776e-07 2.0068526956455723e-05 0.006651638540696281 0.000787811038046704 35599.789957815476 39.0 -18.92560958682489 1.506399671705223 433.71 490.46 6 60 "Covariance may not be accurate."
2005be 23 0.04453760530883037 460.20498244262114 0.0034841984742886413 -2.1283781290993886 -0.183569405925479 0.0028068990891617074 0.06028214247555752 4.968723629159163e-05 0.04238486145306575 0.011040245241693336 189.8531719916185 18.0 -19.850639633732875 1.5533350462031592 467.89 491.77 0 23 "Minimization exited successfully."
2005bg 31 0.0035000025670927012 471.06313292514517 0.007808146237573282 0.5504143961131627 -0.03611281012923795 0.00036703453724174157 0.09871018257391029 0.0001516219086255396 0.06040523017563837 0.013654612558375023 413.12752253451237 26.0 -15.135855630335897 0.9549390854363295 472.67 512.61 0 31 "Minimization exited successfully."
2005bl 23 0.03476137744759872 485.20824760889707 0.0007679746785358293 -4.999999999722292 0.40630231152557306 0.0012443116879780614 0.028854982824270792 3.401846276830791e-05 0.01069896412870186 0.029398057912890296 915.0707204234 18.0 -17.66131462625478 2.729813689590266 476.61 512.57 15 8 "Minimization exited successfully."
2005bo 18 0.0035000061375558404 479.4983201775442 0.006932053347883008 -0.8478164590386941 0.41742461251996055 0.0015719025123365 0.12398842636940799 0.0001604932752851283 0.06731843983450192 0.015340789280809508 20.094817263982772 13.0 -15.015081902358556 1.1910496458694233 478.75 512.76 2 16 "Minimization exited successfully."
2005el 143 0.0608697906322942 646.7166779624852 0.013521755310723756 -1.3031706959670855 -0.08786852034077919 0.05951139559115413 28.799405065682095 0.03170595338021377 6.731439963193214 1.3989124002552797 44750.57273491476 41.0 -22.02626691606047 1.330870808369312 639.89 730.75 15 128 "Covariance may not be accurate."
2005eq 112 0.029005699314647793 656.2997799599976 0.004118833070546149 0.9200990116538339 0.08786797302559757 6.955318235055824e-07 5.392118470126661e-05 6.09127356064193e-05 0.027075857477950827 0.009641383153389249 31307.51395219224 49.0 -19.07668082753231 0.8862659957679391 647.8 751.66 10 102 "Covariance may not be accurate."
2005gj 112 0.06164891645664842 712.4881198084387 0.0006964133957484547 4.99907070364717 0.9996949107595952 0.05533875969001518 0.1058438427666033 4.321725990742676e-06 0.0005912475628742087 0.00013194221231060954 69078.39177105353 41.0 -18.953182236027853 0.20081008119536392 698.7 1016.76 20 92 "Covariance may not be accurate. Covariance not positive definite. Covariance forced positive definite."
2005hc 84 0.05056489605206142 668.2548025248922 0.002169735603201839 0.8323033569173379 -0.09902879974736767 0.002172221202830057 0.06648551083122811 3.651460716840027e-05 0.0465672294402637 0.014606340059533263 18899.19545200062 40.0 -19.622219762292353 0.9083391197101243 661.67 755.61 19 65 "Minimization exited successfully."
2005hj 52 0.06397832873878649 676.4322449517639 0.0015253852018550563 1.1468406209698667 -0.12222788636738124 1.1207553442596496e-06 1.6193325791391544e-08 3.832421486697486e-05 0.07134378874102065 0.017734591635876262 2489.296735708484 27.0 -19.772186423084374 0.8555405953725916 671.67 761.57 13 39 "Covariance may not be accurate."
2005hk 156 0.084 689.7844979282792 0.00553684500749857 0.3304929110853374 0.4138804426826943 4.261875923020075e-06 0.018777940439463237 3.295683380364917e-05 0.014646194653428868 0.004231241422864462 88720.01886328205 43.0 -21.801619237153233 0.972095710839902 675.61 761.54 50 106 "Minimization exited successfully."
2005iq 84 0.009234655985935205 688.1312283906512 0.002951132153979877 -0.852079074121395 0.03723146039845071 0.0012647603919930242 0.04084217288095715 4.979947473821283e-05 0.03243274650380945 0.011985669654213882 3396.8688250648793 34.0 -16.19505031557944 1.2205391395674745 682.55 755.55 20 64 "Minimization exited successfully."
2005ir 13 0.07622405318274057 686.7188015128852 0.00013182482822296228 0.36419004588500137 0.9999134036977995 0.057719321977549976 28.19902849267953 0.02963719451284965 7.1823826542206275 1.251242016535196 39.404645259333655 8.0 -17.56557099123266 0.9345498361946802 682.62 740.53 3 10 "Covariance may not be accurate."
2005kc 77 0.016880198952004564 698.4540073960405 0.004684769900565047 -0.3826470669705735 0.5790263549599368 0.00238500188644631 0.03020715359980386 0.00010480414763844011 0.04192964792158138 0.017596634807104605 140.40897123093922 20.0 -18.037553216407016 1.0893482213352748 687.52 728.54 34 43 "Minimization exited successfully."
2005ke 222 0.00488442827113717 700.3764752417834 0.015631985650758625 -2.241249598530074 0.5231986564594471 3.9182169110424034e-07 1.8524473830439092e-05 0.00016601403812226741 0.008455869413365846 0.006630762122736944 258367.02410408284 69.0 -16.62870720387729 1.5015346657076787 689.69 819.51 41 181 "Minimization exited successfully."
2005ki 147 0.0035000003353845514 705.7406710992688 0.009131860180615379 -1.3536371340270081 0.01686929858925934 0.0001369528032888756 0.017982422824502464 0.0001024263843983856 0.0116341932626014 0.0072330902209670755 135686.85452479593 83.0 -15.304714835322446 1.3338570453379397 695.86 858.54 17 130 "Minimization exited successfully."
2005ku 17 0.047182929170833755 699.921169418475 0.0016945774783641177 -0.45099128509105046 -0.026112869206057154 0.007464472894461716 0.2552936899020892 8.862982320894796e-05 0.17563569922139477 0.044788824744414146 26.383836582300173 9.0 -19.196798798637047 1.1419896303916204 699.56 739.53 2 15 "Minimization exited successfully."
2005lu 39 0.03199041982002745 719.9426032832642 0.0016591310039341057 0.06006681562216709 0.19547687563638516 8.742853602611289e-07 1.4217114653547469e-05 3.8983038718691586e-05 0.038109041624356355 0.015416814972560089 6718.963944888417 29.0 -18.307969925086155 1.031600105280237 719.66 799.52 1 38 "Covariance may not be accurate."
2005mc 31 0.0839999999314455 729.8509728537891 0.004423975637014708 -2.0559476756803177 -0.2069060943924994 5.219032179844263e-05 0.1345561320169395 6.5050872658165e-05 0.02429912202288209 0.00876552312621276 1672.0393680498921 26.0 -21.54948359058298 1.5353165998055687 736.79 773.62 0 31 "Minimization exited successfully."
2005na 79 0.026278128711000284 744.2873135935826 0.004489605344709155 -0.6382681056295425 0.11681274226133076 3.859519326909755e-07 3.5868246357040334e-05 5.288397533122777e-05 0.0194138550444225 0.007740613399194296 21940.951317644125 49.0 -18.95057997544988 1.1705383801384421 738.71 834.54 6 73 "Covariance may not be accurate."
2006D 151 0.008500856133820183 759.3355263308501 0.03160195961361699 -1.7194402398713038 0.0564541579176987 7.046057448438503e-09 2.2902664625235047e-05 0.0002734473697252292 0.008605751317172006 0.005513294701587901 254520.55005570166 74.0 -18.588045070694893 1.418702397856757 752.87 891.61 4 147 "Covariance may not be accurate."
2006X 188 0.030860055837156793 787.1620374310705 0.01881711807776741 -0.2519536649173766 0.8802060420638398 0.05332999282110602 29.450398875808958 0.03377054338108637 7.043097997842214 2.812426743365978 466281.13932504045 62.0 -20.904130161989926 1.0451508112258345 775.68 891.59 38 150 "Covariance may not be accurate."
2006ax 146 0.0035000010288675 828.1431136505182 0.012416230858126421 0.4762790011406537 0.09417242159058148 9.634360054655328e-05 0.014556118793450423 0.00012434054128356627 0.013750720754520884 0.0062427714906080345 41207.309523706375 40.0 -15.639862122431921 0.9622505687146727 815.64 891.5 31 115 "Minimization exited successfully."
2006bd 31 0.0035000081974370244 809.8693368183978 0.0008833617770835384 -1.6396489114019932 0.640028801212861 0.0027998246542072134 0.1725969170045687 3.630574470206985e-05 0.05555813257415254 0.026141656075714392 1343.9319051036152 11.0 -12.790466713160011 1.3412260074640123 822.75 872.57 0 31 "Minimization exited successfully."
2006bh 102 0.045309845203979314 832.6657621571263 0.03271105814688996 -1.534566628641878 -0.16483095089401778 0.0008443563903674269 0.032622424761711954 0.0002442617897609363 0.010739562108766476 0.005820846919978473 31198.267777853875 32.0 -22.32063256634656 1.3933231102246584 829.91 891.79 14 88 "Minimization exited successfully."
2006br 41 0.010295565482291357 851.4797909143201 0.00040702076047812455 -0.8356681348137975 0.9030663979537523 0.0059976692309166 0.14132187934944795 2.1220878398588177e-05 0.07578345288040822 0.03853637461825021 102.0634962564987 15.0 -14.325831213072256 1.1499291636998556 855.66 891.66 0 41 "Minimization exited successfully."
2006bt 49 0.08399999975971277 860.4980656144722 0.002106317631976673 0.17447952301587488 0.24604712028758424 3.9416225767689717e-05 0.049006240197911666 2.1547010960718026e-05 0.03743081120647851 0.007418715403528453 1125.7693618208234 17.0 -20.746221644526393 1.0082528680425291 853.76 891.71 15 34 "Minimization exited successfully."
2006dd 76 0.0035000000002065367 931.9399999946583 0.04999999984178169 4.999998376734615 0.31233835867471527 5.156077398678826e-05 0.0034998176433873596 2.8723476302731227e-05 0.020953982785262504 0.002748243569718145 367729.7392418891 70.0 -17.210947447116 0.18784159102553666 979.93 1147.57 0 76 "Minimization exited successfully."
2006ef 20 0.04969890091376352 968.1728693971671 0.012495495512704947 -0.8902674032880453 -0.18121819854859056 0.0019059049569456095 0.1761741279727289 0.00022514581170920284 0.04723518921743519 0.013987502506979332 27992.452673649852 15.0 -21.484142000425187 1.2442243223713838 979.9 1040.71 0 20 "Minimization exited successfully."
2006ej 21 0.05006870111734114 974.9505179453502 0.010642575731168011 -1.3376864637422834 -0.22270654862908001 0.002839329807450993 0.24042269853782727 0.0002803690883290714 0.05268744376917711 0.021186041394229804 48.574382904717694 6.0 -21.327148462830902 1.3500808777670876 980.72 1018.7 0 21 "Minimization exited successfully."
2006eq 62 0.061494082915839444 976.4360776547184 0.0007591963910110605 -2.354829008359624 0.1257357016565337 0.05952867588143555 25.393268978761284 0.02802015489567087 6.314996948745738 1.447030916511657 504.12084900474406 24.0 -18.922849160502352 1.5823371939380166 980.56 1029.51 0 62 "Covariance may not be accurate."
2006et 151 0.03417228003412247 995.028911053527 0.006420845895539768 0.6870774112482838 0.18631967796326743 0.0011641170639032465 0.02658936153096647 6.785281673035151e-05 0.019095428822985205 0.007918439859740278 44346.365269457594 41.0 -19.924349119516766 0.9217414146344218 982.63 1099.54 27 124 "Minimization exited successfully."
2006ev 87 0.03668541823895916 990.2043000861318 0.002136064167315685 -1.3271756463540862 0.09312554091187031 0.003580718301355576 0.09601246906265715 4.531245049391869e-05 0.04612400612810719 0.0173807776270003 68.14243827382886 15.0 -18.884926965769594 1.3211257611192835 993.59 1039.52 0 87 "Minimization exited successfully."
2006fw 6 0.0454816881709954 1008.753605715137 0.0038223158741980375 -1.0371409555152233 -0.9999721687054502 0.010147914910113735 0.145849045786008 0.00022866865604835454 0.2086211491033425 0.2992109880869193 19.758859528019755 1.0 -20.046197402052755 1.3294654054794712 1001.75 1039.73 2 4 "Minimization exited successfully."
2006gj 70 0.05935804630252241 999.76356257539 0.0011790251966296962 -2.180823278098632 0.33409164641105815 4.851273783176846e-07 3.470809889449811e-05 0.0016327879841499292 3.735615027269426 0.7857022443436578 3491.3039662387278 30.0 -19.325864905394624 1.5085369748900632 998.83 1096.59 2 68 "Covariance may not be accurate."
2006gt 54 0.0839999998473171 1003.3569192098217 0.0009905965587359844 -2.327091987430458 -0.03542280114275831 0.00014022337645394622 0.13046389526215307 2.037168505321656e-05 0.053529724781171684 0.016028930422597565 959.5581867503104 20.0 -19.92261863889495 1.5937623497413433 1001.67 1076.62 6 48 "Minimization exited successfully."
