analysis_pipeline/fit_results/csp_5_sn91bg_salt2_phase_red.ecsv
# %ECSV 0.9
# ---
# datatype:
# - {name: obj_id, datatype: string}
# - {name: num_points, datatype: int64}
# - {name: z, datatype: float64}
# - {name: t0, datatype: float64}
# - {name: x0, datatype: float64}
# - {name: x1, datatype: float64}
# - {name: c, datatype: float64}
# - {name: z_err, datatype: float64}
# - {name: t0_err, datatype: float64}
# - {name: x0_err, datatype: float64}
# - {name: x1_err, datatype: float64}
# - {name: c_err, datatype: float64}
# - {name: chi, datatype: float64}
# - {name: dof, datatype: float64}
# - {name: b_max, datatype: float64}
# - {name: delta_15, datatype: float64}
# - {name: tmin, datatype: float64}
# - {name: tmax, datatype: float64}
# - {name: pre_max, datatype: int64}
# - {name: post_max, datatype: int64}
# - {name: message, datatype: string}
# schema: astropy-2.0
obj_id num_points z t0 x0 x1 c z_err t0_err x0_err x1_err c_err chi dof b_max delta_15 tmin tmax pre_max post_max message
[from data line 97]
2008bq 50 0.0035000002223746726 1547.4900000000005 3.0225821845419887e-14 0.6500000000001521 0.39554350264417626 0.04986988104985609 24.78096351066347 0.9292861583702865 0.3717145558438306 0.7297352016899341 70009.20542899976 23.0 -14.432980178621676 2.2606677036074707 1562.49 1606.46 0 50 "Covariance may not be accurate."
2008bt 35 0.01688179006846351 1576.2410254641813 1.3905543383430086e-14 1.0120920300525484 0.36284633464574567 0.05903481469217801 29.002010756591403 0.9705173666756723 0.41546462529977507 0.6787368731635559 16294.97437480052 17.0 -17.09263337627371 1.6586008235712484 1571.61 1651.47 6 29 "Covariance may not be accurate."
2008bz 26 0.0035121689104432555 1568.436587726861 4.579669976578771e-15 1.1423071620947258 0.49990071486395465 1.901523124670651e-07 nan 0.0 3.305128387176559e-05 7.461544284428911e-05 9134.742662267809 13.0 -12.16034298848777 1.5347157161286908 1580.72 1651.52 0 26 "Covariance may not be accurate."
2008cc 86 0.0035013397842185855 1584.29588448407 5.945244296867713e-14 0.6500000888395132 0.3539188299445766 0.0493630440547497 27.460813603743418 0.9223868350442005 0.3688577829257908 0.6676126252838683 116596.07139871773 25.0 -15.248371662383345 2.2606664706983537 1582.86 1654.86 4 82 "Covariance may not be accurate."
2008cd 9 0.0035162680316158925 1572.8056013039684 2.6145752229922437e-14 0.7184230309250537 0.004595206536162411 8.00413062999189e-08 8.663902497119125e-05 0.0 1.3349085143554706e-05 0.006357959436631061 328.1639472920233 4.0 -15.024929588109181 2.1019681030806723 1587.74 1595.73 0 9 "Covariance may not be accurate."
2008cf 51 0.0035000159441986867 1608.1006122034248 3.58046925441613e-15 1.0348106827359946 6.408532494811547e-05 5.202898704318587e-10 0.0007854328814573819 0.0 4.142502247783675e-06 0.00023477325321982767 138162.0738586986 26.0 -12.863354085965895 1.634920413882913 1595.77 1654.65 26 25 "Covariance may not be accurate."
2008ff 144 0.0035184642392631013 1716.5517754568396 1.9817480989559044e-14 1.2491200888474743 0.2024250680601969 1.623295119049066e-08 0.00020367205388538423 0.0 3.033765192395066e-07 0.001655067771822366 104092.86032703679 44.0 -14.355236319550738 1.4569437857139143 1724.53 1790.57 0 144 "Covariance may not be accurate."
2008fl 97 0.045108917527983995 1728.6986492280853 1.2656542480726785e-14 1.0563195816636077 0.44949359037265546 nan 0.012064235956245284 0.0 0.00013794078276607724 0.0002511134216070243 194104.36206536685 55.0 -18.99384178573692 1.6133851337868315 1724.49 1789.53 17 80 "Covariance may not be accurate."
2008fp 185 0.0035000000110430784 1721.1049160452146 2.3522850334245504e-13 1.06368496594298 0.5001413086015736 1.5006422536892328e-11 8.120111811616312 4.163336342344337e-17 4.950068044351497e-06 4.8752598467149966e-06 461031.0984336249 46.0 -16.428956720439757 1.6061795562813508 1725.83 1874.61 0 185 "Covariance may not be accurate. Covariance not positive definite. Covariance forced positive definite."
2008fr 82 0.003502252629357803 1729.0067515787878 8.243405957841787e-15 0.6500003739794619 5.1886106522403e-11 2.1946757159004016e-09 6.95390833698184e-05 0.0 2.4432576517519067e-09 1.9643204729274943e-05 78326.25576171561 26.0 -13.770256671713376 2.2606531273935637 1738.78 1807.57 0 82 "Covariance may not be accurate."
2008fu 58 0.003500001132648254 1726.464967871465 7.743805596760467e-15 0.6500000130866969 0.005653177525131781 6.285099545845496e-11 7.549383678906452e-05 0.0 5.833545313471689e-10 0.008909370953866846 8740.880170791452 26.0 -13.69203539911507 2.2606541882438087 1737.84 1817.67 0 58 "Covariance may not be accurate."
2008fw 70 0.003521384911896425 1725.9022429092322 1.388056336537602e-13 1.0781872222528275 0.5000347036405716 5.2177808478178975e-08 7.979854080986115e-05 8.326672684688674e-17 0.00021712954851027533 0.6596559059417914 231590.2386165733 18.0 -15.869681129691132 1.5922238388238465 1740.89 1827.81 0 70 "Covariance may not be accurate. Covariance not positive definite. Covariance forced positive definite."
2008gg 102 0.003500009237351777 1739.1792158637547 4.3298697960381105e-14 0.6500000002182001 0.49952390956438697 0.04949010751368977 26.429182017776043 0.9223868436701051 0.36895013091612877 0.7102583585188982 394616.75310551486 33.0 -14.592816785060926 2.2606710607383604 1753.63 1827.57 0 102 "Covariance may not be accurate."
2008gl 87 0.0035040201359498365 1768.396554627667 8.826273045769994e-15 0.702295328183768 0.500045372142252 6.093706133442067e-09 3.905792141267739e-05 0.0 1.8330422552614856e-06 2.7372274056247647e-06 64384.99643348159 31.0 -12.867321243639886 2.1373284361395584 1765.7 1844.55 10 77 "Covariance may not be accurate."
2008go 19 0.0035000014654865074 1753.7527430706768 9.409140133698202e-15 0.6500000000012673 0.49989784652004143 0.04949694848642048 15.506634577930072 0.9223869380980082 0.3689545544384493 0.7103444140753468 17344.256646099147 7.0 -12.934576211822034 2.2606710762255133 1764.54 1776.58 0 19 "Covariance may not be accurate."
2008gp 96 0.01007718699920067 1776.6983593905456 7.41073868937292e-15 0.9975361487636861 0.5034036000442668 nan 0.005191931367335201 0.0 0.00034111677360004755 0.0006602594236280734 93342.50703276091 35.0 -14.977191598209235 1.674333255430696 1768.75 1844.52 17 79 "Covariance may not be accurate."
2008ha 56 0.04277556105164515 1767.284565642827 1.1407541578023483e-14 0.9176724958622766 0.5132422810112852 0.0050750833228635946 0.015048326580085813 0.0 0.0006367876034935605 0.0015684714598652727 15778.316990484464 38.0 -18.622760490338102 1.7708357023733932 1781.55 1810.55 0 56 "Covariance may not be accurate."
2008hj 65 0.00350000015068965 1803.1148087427378 6.494804694057166e-15 0.6500000022957383 0.0006238307829031786 1.4698497193682547e-11 8.618312745056755e-05 0.0 1.5718371049189273e-10 0.0007471186637802163 120433.65954237436 29.0 -13.509021364209406 2.2606540776861124 1794.58 1834.55 23 42 "Covariance may not be accurate."
2008hu 52 0.0035000005184931456 1797.0411070669359 4.163336342344337e-16 0.9098748488473508 0.010721329510337108 1.3993512555307563e-10 0.00034500065828524384 0.0 6.4351124737238585e-06 0.007157428418349127 119303.5287492127 29.0 -10.510179638179025 1.7812408615953323 1804.74 1844.84 0 52 "Covariance may not be accurate."
2008hv 132 0.003503888882668632 1818.5233679781506 5.179190409876355e-14 0.6522613550147293 0.029934394744008996 0.05102278779886688 25.63670390778759 0.9554040716658063 0.39793770172596354 0.5363481863223398 213593.79913549352 35.0 -15.718461112811418 2.254994987862034 1804.8 1912.7 33 99 "Covariance may not be accurate."
2008ia 109 0.0035059212228137947 1817.0459586872973 2.1399548799649892e-14 0.8237110111802106 0.994603838634722 9.168494896237209e-09 0.0002165567857446149 0.0 3.55701735466063e-06 0.0008866525398596448 53909.216028932984 30.0 -12.865229069770027 1.9069811004795518 1809.77 1874.69 31 78 "Covariance may not be accurate."
2009D 93 0.033015264045909536 1844.58979116003 1.4654943925052066e-14 1.1328272778849233 0.2319334169342797 0.019779501982170777 0.004762025031141093 0.0 0.00029506172352455895 0.0005519782468898227 234257.91557730638 56.0 -18.870477615260306 1.5427243464883666 1834.67 1890.52 32 61 "Covariance may not be accurate."
2009F 82 0.0035000017967432304 1846.4673797757926 1.3905543383430086e-14 0.6500000001852899 0.5000313136222961 5.154447463469325e-11 9.434850232992176e-05 0.0 4.536554465417453e-11 0.23838114274836347 193460.88754407276 35.0 -13.35836974726178 2.26067107994459 1837.75 1884.63 38 44 "Covariance may not be accurate. Covariance not positive definite. Covariance forced positive definite."
2009I 37 0.0035000004037132938 1834.8458708145226 1.5737411374061594e-14 0.7224578992467972 0.02657562926975976 1.1432472915400005e-10 0.00020092698889584426 0.0 3.90209277023601e-06 0.04902340203624361 9957.495272542077 5.0 -14.428240199836232 2.0933445346201403 1846.58 1867.58 0 37 "Covariance may not be accurate."
2009J 18 0.08399677686971327 1845.9447358663688 1.6653345369377348e-16 0.6500000018787226 1.2032359177904794e-05 7.89970220488323e-09 0.00027093237110875634 0.0 5.212682507860222e-10 0.00024907760506703847 36361.374529880704 13.0 -16.56219399686771 2.2606540621251305 1846.74 1867.68 0 18 "Covariance may not be accurate."
2009P 46 0.007617709201664489 1853.013826550156 1.6736612096224235e-14 1.1023901993727965 0.05950366254819317 nan 0.008220689280165061 0.0 0.0002603076781739766 0.00042829574252223335 13579.658971747489 17.0 -16.13549745524901 1.5696337465452146 1867.74 1931.61 0 46 "Covariance may not be accurate."
2009Y 148 0.003500024594111183 1877.60220320689 1.2090328738167955e-13 1.0005085005521897 0.5609453368973228 0.049483559998330734 29.129582264536225 0.9224026839810326 0.41281257937281496 0.6947910389176768 153374.81228361485 32.0 -15.606061999942098 1.6710824832386688 1868.84 1976.65 23 125 "Covariance may not be accurate."
2009aa 150 0.0035090182306753027 1889.0278945918947 1.0574874309554616e-14 0.6646350227025397 0.0014757288202755237 4.62139341833763e-09 7.18709503644277e-05 0.0 5.038436539095414e-07 0.003911071394208099 379215.4489146355 41.0 -14.04255401561836 2.224639089749953 1868.77 1956.66 64 86 "Covariance may not be accurate."
2009ab 62 0.0035000157880726007 1891.987422313165 3.422262473407045e-14 1.2190931274705665 0.34830070752879466 0.0501381529720675 29.808055700410478 0.9345375827062621 0.42333219317086873 0.6655839539074081 324707.23874172254 13.0 -14.65828395290513 1.4766732009459247 1874.57 1911.51 42 20 "Covariance may not be accurate."
2009ad 80 0.0035179516441122233 1890.0904441023886 9.409140133698202e-15 1.2490191173915712 0.005054589156184619 0.04899158579892482 29.451118514185623 0.9223870007780828 0.35853077866351885 0.583929122519717 86458.07990179525 19.0 -13.915620274310431 1.4570021403934028 1878.6 1921.53 29 51 "Covariance may not be accurate."
2009ag 136 0.07087732458911429 1874.241604821311 2.2024049251001543e-13 0.6536042076814155 0.4759385240614563 0.04652538599484781 20.14923090463651 0.9238281711770499 0.34913261531701484 0.7051607640135722 1813306.1591393456 47.0 -23.05666457192868 2.2516664181065327 1886.62 1959.54 0 136 "Covariance may not be accurate."
2009al 68 0.0035011199525527698 1900.0916955781952 1.9817480989559044e-14 1.21300041695691 0.5003488311088502 0.050282479418919716 27.516275809506965 0.9345360613263239 0.4268740916797736 0.7154391941096039 31070.39004267447 23.0 -13.743223266827794 1.4808365755122708 1891.71 1973.54 26 42 "Covariance may not be accurate."
2009cz 51 0.0035034286477340438 1940.8868038843166 3.405609128037668e-14 0.6500004932268226 0.5000148761770049 5.128035832991165e-09 0.013886574692605791 0.0 5.380148104805471e-09 7.070406035647459e-07 137145.16389984402 13.0 -14.333043589834986 2.260669841758723 1937.53 1966.46 10 41 "Covariance may not be accurate."
2009dc 76 0.003642776637981912 1926.7509126819373 9.076073226310655e-14 0.6500087264955283 0.11073596416979181 0.048044880465547196 20.507895592637624 0.9223887023013146 0.3679918992007214 0.5425568870233761 326831.4695295573 18.0 -16.270274627180505 2.2606357311220204 1938.77 1976.68 0 76 "Covariance may not be accurate."
2009ds 56 0.0035000005258860895 1967.866128516946 1.8068879725774423e-14 0.6500000000001788 8.281667861820274e-06 1.621220772646953e-10 0.0004165934092270618 0.0 9.350720198142426e-11 0.00016001761877251774 53229.408057092405 12.0 -14.620904354698418 2.260654066740738 1954.64 1976.62 40 16 "Covariance may not be accurate."
2009le 30 0.0035028884654853725 2141.502264524341 7.177591854201637e-14 0.650003653633458 0.5281139643159307 1.7417573992687188e-08 0.000291005532062627 0.0 5.331707880751324e-08 0.005878024633717949 69045.57749897781 13.0 -15.096982260656954 2.260661993953409 2153.53 2169.58 0 30 "Covariance may not be accurate."
2010ae 52 0.0035029740598394106 2261.519590397556 2.2315482794965646e-14 0.6500086093358914 0.9999460485986478 1.8388035827494875e-08 0.0007078486960381269 4.163336342344337e-17 8.539902068838146e-08 0.00010449419289260131 10181.01343989578 7.0 -12.89577678503159 2.2606461775389484 2258.59 2305.53 18 34 "Covariance may not be accurate."
