analysis_pipeline/fit_results/csp_4_sn91bg_salt2_phase_all.ecsv
# %ECSV 0.9
# ---
# datatype:
# - {name: obj_id, datatype: string}
# - {name: num_points, datatype: int64}
# - {name: z, datatype: float64}
# - {name: t0, datatype: float64}
# - {name: x0, datatype: float64}
# - {name: x1, datatype: float64}
# - {name: c, datatype: float64}
# - {name: z_err, datatype: float64}
# - {name: t0_err, datatype: float64}
# - {name: x0_err, datatype: float64}
# - {name: x1_err, datatype: float64}
# - {name: c_err, datatype: float64}
# - {name: chi, datatype: float64}
# - {name: dof, datatype: float64}
# - {name: b_max, datatype: float64}
# - {name: delta_15, datatype: float64}
# - {name: tmin, datatype: float64}
# - {name: tmax, datatype: float64}
# - {name: pre_max, datatype: int64}
# - {name: post_max, datatype: int64}
# - {name: message, datatype: string}
# schema: astropy-2.0
obj_id num_points z t0 x0 x1 c z_err t0_err x0_err x1_err c_err chi dof b_max delta_15 tmin tmax pre_max post_max message
[from data line 108]
2008fw 162 0.0085 1727.060542466987 1.11743947428522e-13 1.2419833371888283 0.08664441114192467 0.0 21.71996318542506 0.9340681480713648 0.40130555213473745 0.5233490746880697 559860.1510492173 61.0 -18.388525568440897 1.461535245221251 1740.89 1827.81 0 162 "Covariance may not be accurate."
2008gg 198 0.032 1749.321989153198 1.2490009027033011e-14 1.004993019706204 0.4951194985475635 0.0 25.308426536720845 1.0773667182067663 0.4702676977567749 0.7458328791728082 788431.464657407 126.0 -18.10661354130987 1.6662159730559267 1753.63 1827.57 0 198 "Covariance may not be accurate."
2008gl 166 0.034 1764.9585883040063 1.0658141036401503e-14 0.7204881840804604 0.4978285207634503 0.0 26.74087582963648 0.9227385203684841 0.43420287718310774 0.7100160965712137 445284.0284431949 112.0 -18.062659724191235 2.0975583765866475 1765.7 1844.55 0 166 "Covariance may not be accurate."
2008go 43 0.0623 1767.3112593219596 5.578870698741412e-15 0.6529250620529103 0.48919046430736113 0.0 19.896964036132204 0.9234100146954696 0.3863071243857798 0.7082556957658153 149035.61311758638 39.0 -18.74090467905803 2.253356384229498 1764.54 1776.58 14 29 "Covariance may not be accurate."
2008gp 169 0.0334 1774.1303472550198 7.244205235679146e-15 0.6594588388584929 0.49544122420753883 0.0 0.04079648779236322 0.0 3.2228937340006425e-06 2.167395316801657e-05 647357.3086184866 129.0 -17.6096496240964 2.2372331583198317 1768.75 1844.52 27 142 "Covariance may not be accurate."
2008ha 106 0.0046 1768.0481278772284 1.3405943022348765e-14 0.9218004555366685 0.49964622866300185 0.0 27.448038553370793 0.922416115299892 0.43215208263129234 0.7102990111493949 44341.29474737564 82.0 -13.91488377944587 1.7653893794933495 1781.55 1810.55 0 106 "Covariance may not be accurate."
2008hj 127 0.0379 1803.1958118421205 7.91033905045424e-15 0.6500000000092951 1.8887571809900194e-06 0.0 1.698255493920442e-05 0.0 2.030320356283255e-12 5.002436743617444e-06 458316.2601159515 110.0 -18.953838627462392 2.260654066544454 1794.58 1834.55 43 84 "Covariance may not be accurate."
2008hu 97 0.0497 1794.9536854183427 5.745404152435185e-15 1.116209557406961 0.5404093936894667 0.0 0.00014830750615146826 0.0 0.0042875478202338835 1.3535893170768531e-05 140522.64388787877 85.0 -18.17039882832942 1.5572084251815461 1804.74 1844.84 0 97 "Covariance may not be accurate."
2008hv 225 0.0126 1816.577832792014 7.718825578706401e-14 1.154144553474019 0.49793232754517064 0.0 0.00015220551699712814 0.0 0.0006121048826984721 2.0988512922481828e-05 714468.1728192485 112.0 -18.02127481628439 1.5249649068460833 1804.8 1912.7 50 175 "Covariance may not be accurate."
2008ia 166 0.0219 1816.8593415255468 1.2906342661267445e-14 1.2498657427653344 0.08089319906127662 0.0 28.848906508517416 0.9223868923439829 0.3651481787153417 0.5183910549072552 114729.65734991872 107.0 -18.132753586521847 1.4564617194442846 1809.77 1874.69 45 121 "Covariance may not be accurate."
2009D 176 0.025 1845.152363315795 1.4072076837123859e-14 1.1450247223927121 7.699860121879176e-05 0.0 1.913389735364035e-05 4.163336342344337e-17 2.0996686844743095e-07 1.8086473408479575e-05 756808.3900383924 140.0 -18.654629238735176 1.5324375995088957 1834.67 1890.52 66 110 "Covariance may not be accurate."
2009F 139 0.013 1847.4559315080364 9.908740494779522e-15 1.2344956957654267 0.3052783465747752 0.0 29.260116052864078 0.922386925591426 0.40544335339207743 0.6490027998877581 266149.96372635406 93.0 -16.254201644777563 1.466418303060113 1837.75 1884.63 72 67 "Covariance may not be accurate."
2009I 55 0.0262 1838.0530772258587 1.124100812432971e-14 1.2363504713695956 0.4993477923634982 0.0 21.16720842887503 0.9226346958747064 0.32825331292715093 0.7103235342334059 55860.901607410226 34.0 -17.538115443452796 1.4652090089945702 1846.58 1867.58 0 55 "Covariance may not be accurate."
2009J 41 0.0158 1846.7248093619032 1.6653345369377348e-16 0.6500334765907373 2.84185039167717e-07 0.0 0.0003162682021411456 0.0 8.420595754010662e-08 0.0023041370682339024 68525.44119910728 33.0 -12.825962381234476 2.2605700054851354 1846.74 1867.68 0 41 "Covariance may not be accurate."
2009P 99 0.0251 1853.5493559650818 1.5987211554602254e-14 1.2328208028130643 0.06278870837612355 0.0 22.041390364981453 0.9223869228973435 0.3229065143278384 0.7025558695257383 96655.13545177365 70.0 -18.698431137697014 1.467509547339052 1867.74 1931.61 0 99 "Covariance may not be accurate."
2009Y 264 0.0094 1874.9947668637783 1.689481887723332e-13 0.6500183576751448 0.4992955512893223 0.0 0.005532196674835177 0.0 3.0335519707325176e-08 4.460798248867581e-06 950728.3644482944 104.0 -18.22683384491131 2.2606249532153004 1868.84 1976.65 35 229 "Covariance may not be accurate."
2009aa 232 0.0273 1889.7232649043265 8.076872504148014e-15 1.1408964975558815 0.1550433733501161 0.0 28.93756910817399 0.9286268040705139 0.4440450908608867 0.5729956091900912 771388.7918948522 136.0 -17.970232450521376 1.5358873571654357 1868.77 1956.66 108 124 "Covariance may not be accurate."
2009ab 102 0.0112 1891.4972294283994 4.596323321948148e-14 0.6500000319267623 0.011751384173920854 0.0 1.8317773651688185e-05 0.0 1.5724166413377816e-10 0.0006436061261637926 826896.6598351627 50.0 -18.15468353185711 2.2606543105850445 1874.57 1911.51 60 42 "Covariance may not be accurate."
2009ad 128 0.0284 1883.3891378764188 1.5487611193520934e-14 0.7344484810043346 0.39523955106906794 0.0 0.007828062264934488 0.0 6.048209511722025e-06 1.3498666500855183e-05 529490.9852029288 90.0 -18.295331344428277 2.0682784023660723 1878.6 1921.53 18 110 "Covariance may not be accurate."
2009ag 208 0.0086 1879.790073350575 9.300893388797249e-14 1.231919267335798 0.545615831437999 0.0 0.0005176798050570142 1.249000902703301e-16 0.00045005542634268814 0.0001194683256982021 425341.530837737 80.0 -17.308202031710024 1.4681151298758532 1886.62 1959.54 0 208 "Covariance may not be accurate."
2009al 123 0.0221 1877.7041330091195 6.936118346345665e-14 0.7096216114446608 0.04316234446269451 0.0 21.748546694600577 0.9223870865555357 0.320268072815199 0.5195024166137658 300356.4240088887 50.0 -20.04392381272149 2.121090467155401 1891.71 1973.54 0 123 "Minimization exited successfully."
2009cz 83 0.0211 1952.3321377574523 1.557087792036782e-14 0.6500007163681811 4.38228261234741e-07 0.0 3.730921878286608e-05 0.0 1.3826212952317007e-09 7.271959693966323e-06 508411.03509282845 49.0 -18.389913416984736 2.2606522676128193 1937.53 1966.46 47 36 "Covariance may not be accurate."
2009dc 116 0.0214 1924.7397438615199 7.34412530789541e-14 1.212170778523725 0.35738328128936314 0.0 26.962562386984132 0.9223868112120797 0.30109623588510354 0.6688485124424007 1004037.7962540942 68.0 -19.432221776996272 1.4814048748113304 1938.77 1976.68 0 116 "Covariance may not be accurate."
2009ds 92 0.0193 1953.2395623525172 4.704570066849101e-14 0.6500305440419215 0.000552415370415893 0.0 24.868301997008984 0.922386839081476 0.36714774495197755 0.6049118103152882 227209.84263099302 51.0 -19.392955534742555 2.2605773838841916 1954.64 1976.62 0 92 "Covariance may not be accurate."
2009le 66 0.0178 2138.535990403645 4.8960835385969403e-14 1.0892902763926922 0.0034225631254193867 0.0 5.891319165129971e-05 4.163336342344337e-17 3.620017992389535e-05 0.0003320670666125958 426771.9727663658 50.0 -19.25357529033895 1.5817343721699757 2153.53 2169.58 0 66 "Covariance may not be accurate."
2010ae 57 0.0037 2260.984550927563 1.532107773982716e-14 0.6500000088650242 0.999997266407483 0.0 0.001240455716924771 0.0 2.116615488434448e-08 8.985374611880648e-05 879.8300995498456 13.0 -12.606515908539919 2.2606677738420444 2258.59 2305.53 18 39 "Covariance may not be accurate."
