analysis_pipeline/fit_results/csp_4_salt2_2.4_all.ecsv
# %ECSV 0.9
# ---
# datatype:
# - name: obj_id
#   datatype: string
# - name: num_points
#   datatype: int64
# - name: z
#   datatype: float64
# - name: t0
#   datatype: float64
# - name: x0
#   datatype: float64
# - name: x1
#   datatype: float64
# - name: c
#   datatype: float64
# - name: z_err
#   datatype: float64
# - name: t0_err
#   datatype: float64
# - name: x0_err
#   datatype: float64
# - name: x1_err
#   datatype: float64
# - name: c_err
#   datatype: float64
# - name: chi
#   datatype: float64
# - name: dof
#   datatype: float64
# - name: b_max
#   datatype: float64
# - name: delta_15
#   datatype: float64
# - name: tmin
#   datatype: float64
# - name: tmax
#   datatype: float64
# - name: pre_max
#   datatype: int64
# - name: post_max
#   datatype: int64
# - name: message
#   datatype: string
# schema: astropy-2.0
obj_id num_points z t0 x0 x1 c z_err t0_err x0_err x1_err c_err chi dof b_max delta_15 tmin tmax pre_max post_max message
SN2008J 81 0.0159 1469.5400000039647 0.008407334240240745 0.5872111411148451 0.9999999997920401 0.0 0.0002787752212043415 1.3638150951289507e-05 0.016067166071332295 1.6341087232474294e-05 77347.57759782129 53.0 -18.577736899105876 0.8990364920270117 1484.54 1516.52 0 81 "Minimization exited successfully."
SN2005kc 125 0.0151 698.248443524222 0.006368180524908163 -0.6406337677291347 0.37942230529745746 0.0 0.012931768460987314 1.381340495849176e-05 0.01656261050417074 0.0018280195226013651 2574.6813469238014 69.0 -18.115506682473196 1.1525760968229406 687.52 728.54 53 72 "Minimization exited successfully."
SN2005A 182 0.0191 381.5651436918733 0.0008256743766842018 -0.5473812376123091 0.9999999956361629 0.0 3.9549197481392184e-06 9.910743698437704e-07 0.013581595642051969 0.0010408462924862416 8603.73623788551 135.0 -16.460623206053228 1.0887934311854615 376.65 433.53 14 168 "Minimization exited successfully."
SN2009Y 264 0.0094 1878.340000765593 0.03151642268960772 0.03811947196927079 0.19267599585582507 0.0 2.036157411566819e-07 3.64525057667299e-05 0.008305793273274631 0.0008120846344465971 602900.9246565239 171.0 -18.807707538657645 1.035757838271687 1868.84 1976.65 41 223 "Minimization exited successfully."
SN2004gs 299 0.0267 358.34506656503635 0.002027230529770341 -2.3469516642323573 0.2004949029991705 0.0 6.352873327841735e-06 3.6084144630825574e-06 0.010193771533024032 0.001520822662263055 133731.0263469337 256.0 -18.123281041552435 1.5707907528757836 352.85 461.56 24 275 "Minimization exited successfully."
SN2004eo 269 0.0157 278.85507345027696 0.010629761823067532 -1.2242498526959644 0.1959233497511459 0.0 0.0035550321127004736 9.139317657756892e-06 0.003847165977365785 0.0006184108399115429 47525.90523087602 217.0 -18.751452437959898 1.2889838643770997 266.52 341.54 94 175 "Minimization exited successfully."
SN2008gp 169 0.0334 1779.7562231245834 0.0031789211255387226 -0.07358178173336416 0.04310906952166049 0.0 0.011664349115790174 6.20806543184544e-06 0.013153967258806798 0.0015174178592374243 2685.5838088703404 109.0 -19.107820659356477 1.0646511844994606 1768.75 1844.52 38 131 "Minimization exited successfully."
SN2007ca 117 0.0141 1228.1909753907908 0.0059618397419926895 0.6299786459050445 0.34770994953215273 0.0 0.012663600042742473 9.570204370143616e-06 0.01201633338160546 0.001269113410456102 4017.6976708433317 64.0 -17.893087697015396 0.9242526690714499 1217.65 1275.65 29 88 "Minimization exited successfully."
SN2009al 123 0.0221 1896.8224724912125 0.005407873185587112 -0.42089416671927715 0.1856220651606051 0.0 0.06976544199312684 2.0045335665130892e-05 0.020246683166319723 0.002378368838495293 3266.6808541722926 79.0 -18.770985848954044 1.122747340066372 1891.71 1973.54 18 105 "Minimization exited successfully."
SN2008ae 101 0.03 1513.0918419943227 0.000464127417017296 -2.1739343682401358 0.8167964481888399 0.0 0.00011778519422023237 5.4866667257333194e-06 0.08916960272312169 0.00984968930398078 4390.539962309366 36.0 -16.814610088742306 1.4477080091740042 1508.74 1602.52 13 88 "Minimization exited successfully."
SN2006dd 217 0.0059 989.1145270153768 0.008618326051669917 4.999999991530368 0.5758915927909252 0.0 0.027855672513567242 1.4609907768865782e-05 0.002147583530957675 0.0016170536382809075 943871.8739050599 212.0 -16.45631870647444 0.19271240011708812 906.94 1147.57 14 203 "Minimization exited successfully."
SN2005ki 310 0.0192 705.7738134323052 0.009315911245051154 -1.4880968656083517 -0.03346814021924449 0.0 0.010611921240126776 1.5476269903601583e-05 0.008139741366287812 0.0013384729759309821 351412.28264965164 247.0 -19.048815582718376 1.3702435513474622 695.86 861.5 29 281 "Minimization exited successfully."
SN2007if 114 0.0742 1355.9522250685466 0.0010625771444546296 0.5002663252691448 0.3809016791377433 0.0 4.3969112198283256e-05 3.465418012446619e-06 0.031031354318718396 0.00282404669028935 22612.16279668676 78.0 -19.723802093686025 0.944661636248668 1355.77 1443.6 6 108 "Minimization exited successfully."
SN2006D 298 0.0085 759.3350814860587 0.02943494581636883 -1.6314041395953964 0.1029074140275621 0.0 9.437924859412306e-07 3.809428870450715e-05 0.006142660468569705 0.0009556507066688091 706500.712446383 222.0 -18.51115221096066 1.3923477855214514 751.84 891.61 12 286 "Minimization exited successfully."
SN2006lu 128 0.0534 1039.1800062438067 0.001027616294800865 -0.21827749435934596 0.08067176102981022 0.0 6.425354968087049e-07 3.4615607118759772e-06 0.027037134269840557 0.003232956235333373 20394.965448457093 119.0 -18.932864459077305 1.0900187532272625 1040.84 1137.75 0 128 "Covariance may not be accurate."
SN2009ag 208 0.0086 1890.1454262669051 0.010532591767633962 -0.2838199194377369 0.4576127187714192 0.0 0.02677942643276765 2.0699586207292668e-05 0.009324579334156535 0.001128870073976107 5270.5046552701515 104.0 -17.43223261951279 1.0791751046749845 1886.62 1959.54 24 184 "Minimization exited successfully."
SN2006ev 116 0.0287 989.9162691957505 0.0019038567859756663 -1.3237589919873907 0.20163247206985768 0.0 0.07025556110215803 1.1558954054681448e-05 0.028382263024161913 0.0035234063250849657 444.9060805689333 45.0 -18.215674715542928 1.3108283386810946 993.59 1039.52 0 116 "Minimization exited successfully."
SN2009cz 83 0.0211 1943.95406601121 0.008092104039087528 0.6423330850957321 0.07648197178544258 0.0 0.02129441356692041 1.888322427537597e-05 0.0233207620886704 0.0020031671932294604 707.4776110144046 44.0 -19.105550230112236 0.9341165279853971 1937.53 1966.46 24 59 "Minimization exited successfully."
SN2006gj 122 0.0284 1001.3100115519696 0.001113487303197966 -2.3066697465546655 0.37620331527283724 0.0 6.5524488377377565e-06 3.901973766382038e-06 0.025729299454608556 0.003273454392964781 6677.311830121653 83.0 -17.614976445071054 1.5375193586759721 998.83 1096.59 6 116 "Minimization exited successfully."
SN2005el 236 0.0149 649.0151527197107 0.012847810586978665 -1.516877201747767 0.002390137725978514 0.0 1.865853647586846e-05 2.0543336414637937e-05 0.007475157714768921 0.001211470370991563 161873.26376352663 135.0 -18.840056707961104 1.3739654716336123 639.89 730.75 30 206 "Minimization exited successfully."
SN2007jh 45 0.0408 1363.5853363420558 0.0005575302675867978 -1.3121347136111257 0.38932011941543476 0.0 0.1600055769768005 4.155668665539703e-06 0.0564280748761945 0.006437567977676917 1169.5964289198114 39.0 -17.671696968217645 1.291334717221556 1363.86 1413.8 0 45 "Minimization exited successfully."
SN2007so 66 0.0297 1434.6800000237324 0.0019226899371954681 -1.4773621234141188 0.30724611125130763 0.0 0.0010596057313705387 1.5476376755699283e-05 0.02378407922983894 0.005240050215398417 5739.8133484787 39.0 -18.30517735933156 1.3361546941653124 1449.68 1494.53 0 66 "Minimization exited successfully."
SN2006gt 93 0.0448 1004.4100381909801 0.0007693859833408673 -2.5406346988874833 0.19046699748606355 0.0 2.0172703898424516e-06 2.769672201113904e-06 0.03218548015224387 0.003489190962910449 3236.4750404787924 60.0 -18.224234324632217 1.6288418633046966 1001.67 1076.62 16 77 "Minimization exited successfully."
SN2007ai 111 0.0317 1176.2850071715638 0.0008386093891178115 0.19280320357100145 0.531348615769391 0.0 3.8102109556348296e-06 3.272429571772595e-06 0.03492738119088168 0.0037519705832746997 5241.356167539046 81.0 -17.56007758425131 0.9895648725742703 1167.88 1259.7 26 85 "Covariance may not be accurate."
SN2006hb 190 0.0153 1000.1041290584183 0.012387870813576236 -2.1237164410563025 0.03889658667884888 0.0 0.028841738183189136 4.7342609447226756e-05 0.009762773562040916 0.0020765018332692398 131275.61371365027 139.0 -18.85852401860894 1.5269456294395614 1006.87 1143.59 0 190 "Minimization exited successfully."
SN2007hj 266 0.0141 1346.4458362574728 0.008563501423421951 -2.1550618767713092 0.256368470801168 0.0 0.02466924987265884 1.8679165297397042e-05 0.006318665812949709 0.001253032699767731 92340.82326347413 145.0 -18.281778490255405 1.5107634613803853 1348.76 1440.53 0 266 "Minimization exited successfully."
SN2008ia 166 0.0219 1813.382138564846 0.0036650273919951793 -1.2548854858676926 0.16183483099600737 0.0 0.029234113723191513 7.65391698329251e-06 0.019789437987012937 0.0019050685616959218 1565.8278188732172 82.0 -18.327671284214034 1.2987543502706416 1809.77 1874.69 22 144 "Minimization exited successfully."
SN2007ol 31 0.0559 1413.2352202381799 0.00094047426568184 -2.1140910534705855 0.020147258634455767 0.0 0.09894369633821043 5.717740478382305e-06 0.19790398094510664 0.007412190215181358 255.98138049243823 27.0 -18.93867371648994 1.5263463310178693 1409.79 1422.66 10 21 "Minimization exited successfully."
SN2008fw 162 0.0085 1745.3850770228323 0.013002101103822562 0.21893565645121704 0.3993868602952386 0.0 7.381324849120574e-07 1.6712099277747805e-05 0.008139098290695479 0.0009437244942830381 632484.5078536518 133.0 -17.633026959926873 0.9922388300328198 1740.89 1827.81 6 156 "Minimization exited successfully."
SN2005mc 83 0.0252 730.5885699586546 0.002517942112184049 -2.1374504087020307 0.2534741142499821 0.0 0.09667041585538527 2.3308003702871005e-05 0.01599841102127475 0.0034777485941959174 3133.7591366564257 79.0 -18.23198817055995 1.5063511495691984 736.79 773.62 0 83 "Minimization exited successfully."
SN2009dc 116 0.0214 1949.1828160802224 0.013576150584028421 1.0638277702341359 0.17623266155231643 0.0 0.01892143388556633 2.7326955944295336e-05 0.016362968127555888 0.0015737620322705537 32052.311217379513 55.0 -19.700249386792287 0.8588988639090598 1938.77 1976.68 41 75 "Minimization exited successfully."
SN2009F 139 0.013 1842.723351425477 0.0019311148357680748 -3.233775888902845 0.5057591191353026 0.0 0.015269683167389303 4.532302848639412e-06 0.01639649839328783 0.001885204158424858 48147.40954175901 85.0 -16.496179771920424 1.801495899978331 1837.75 1884.63 56 83 "Minimization exited successfully."
SN2008go 43 0.0623 1765.362648941341 0.0009052568689289137 0.5088824551435867 0.11378725028092163 0.0 0.11798380856998847 3.2011271695553075e-06 0.1077370742088628 0.0031384390811041163 677.5356005469195 32.0 -19.144766597889966 0.9556589699378364 1764.54 1776.58 2 41 "Minimization exited successfully."
SN2008cf 96 0.046 1596.3718294204436 0.002116483037961872 0.8511639464835774 -0.017990590426784858 0.0 3.0201475283320178e-05 3.846370950923248e-06 0.017863015549439698 0.0017517944534987673 22110.7860957833 67.0 -19.382090202900216 0.902029874915744 1595.77 1654.65 6 90 "Minimization exited successfully."
SN2006bd 52 0.0257 810.1304336262364 0.0012181957688057966 -1.7002022511777772 0.38743550304687546 0.0 0.1353440953071754 1.7553316580404266e-05 0.043554070632448205 0.0086571330081604 2573.171957266068 33.0 -17.491903700655406 1.3809334380051368 822.75 872.57 0 52 "Minimization exited successfully."
SN2007bm 85 0.0062 1224.9920475256322 0.024972239782950774 -0.8952968466555644 0.519780086023363 0.0 0.03185679159810206 4.418237163069695e-05 0.011019179612964614 0.0010810540791461598 3514.8940658798647 48.0 -17.657859509823137 1.1924859417022482 1217.57 1278.52 11 74 "Minimization exited successfully."
SN2006kf 180 0.0213 1041.3116170617786 0.0032006037372904364 -2.1084353808936926 0.2206389650611671 0.0 0.018975867654603462 6.732886374638579e-06 0.013598865369796487 0.001787811094950631 20119.597864915522 97.0 -18.12009963231586 1.5023182461533153 1036.81 1127.64 32 148 "Minimization exited successfully."
SN2008bt 84 0.0154 1569.0498522453909 0.0032641370533209955 -2.2553743942794795 0.42900878559831446 0.0 0.060873590969549696 1.542046647660944e-05 0.016131140230380536 0.0026930028042742027 29737.696227764594 73.0 -17.43451114037856 1.5170060006264308 1571.61 1651.47 0 84 "Minimization exited successfully."
SN2006mr 221 0.0059 1050.9505530972278 0.009430520530857554 -1.8078123967625395 0.5167085712285473 0.0 0.024617808389848506 2.3410293573995593e-05 0.015351330946339337 0.0019523599633721744 99766.20716203019 156.0 -16.491740970856732 1.3933789083689394 1045.86 1147.57 28 193 "Minimization exited successfully."
SN2007le 242 0.0067 1399.8676939769432 0.04245329087683075 0.3022410991907645 0.3130141136338158 0.0 0.015977540422454695 6.871652139870191e-05 0.010121082319269448 0.0011202872142087594 353563.53252890357 140.0 -18.39477958556791 0.9821914113959096 1388.57 1470.55 43 199 "Minimization exited successfully."
SN2008hu 97 0.0497 1806.3351040415146 0.000909234244089327 -1.7590834622934794 0.07906344365056839 0.0 0.06917252807647856 4.17655279725675e-06 0.02955086937965201 0.0031460077097792416 715.4030734720781 73.0 -18.637415708010128 1.4263929756533997 1804.74 1844.84 5 92 "Minimization exited successfully."
SN2009J 41 0.0158 1835.798368523799 0.0011236035219036322 -1.7620340896336115 -0.008775245390377107 0.0 0.23002650095918398 2.7449574274011836e-05 0.05624143409242954 0.013668284294276689 1183.965181857456 33.0 -16.32326035222955 1.4359810823434458 1846.74 1867.68 0 41 "Minimization exited successfully."
SN2007N 165 0.0129 1113.1992470765726 0.002357840307611431 -3.0099820389967658 0.5797411056581256 0.0 0.045753946107652155 1.6707788847757e-05 0.01608859089327286 0.004662629374929228 24901.23608003626 104.0 -16.700354380834476 1.7147200046932838 1123.82 1213.67 0 165 "Minimization exited successfully."
SN2006ob 63 0.0592 1063.7453195542307 0.000808273572880483 -2.2359825052150972 0.027768443917620234 0.0 0.07018066789214572 3.8871734603068806e-06 0.04679278800766151 0.004781615809125395 947.2543541175501 46.0 -18.903906462915312 1.5598478724288434 1060.65 1121.57 6 57 "Minimization exited successfully."
SN2006bh 175 0.0109 833.3473675797879 0.028924886128152107 -1.4780753833097604 -0.01958672397910266 0.0 0.01892801510996378 4.2255268051133096e-05 0.006724094865535379 0.0009884932907570088 74479.23079772691 106.0 -19.035692685406133 1.3665824307403263 829.91 891.79 23 152 "Minimization exited successfully."
SN2007ba 124 0.0385 1197.358783604071 0.001140012128647075 -2.954442015868484 0.34741571024022955 0.0 0.02625653497887015 4.695371634180767e-06 0.029178740514995027 0.004435973096710177 3991.1541607236873 77.0 -18.316314970785452 1.7353443011865899 1190.83 1255.61 28 96 "Minimization exited successfully."
SN2008fp 300 0.0057 1733.5250361641858 0.023998754564859507 -0.3208457736500936 0.6235923602645337 0.0 3.862860467052087e-07 3.3267109997620406e-05 0.007319879451889388 0.0010273137682919042 653833.4020980068 168.0 -17.43796185219838 1.0749741715299308 1724.84 1874.61 72 228 "Minimization exited successfully."
SN2005na 170 0.0263 744.2850769663349 0.005167620567328505 -1.2167175353299613 0.026675811269633032 0.0 1.553964807499142e-06 9.192562434187646e-06 0.011161463157153717 0.0014796592416571608 54443.142782543306 141.0 -19.104108384570306 1.3014723661495111 738.71 834.54 18 152 "Minimization exited successfully."
SN2008R 107 0.0135 1492.3818918268853 0.011614845957297197 -2.170810601186211 0.13151323356394662 0.0 0.023048968940997838 2.2286380767697588e-05 0.007960252708361537 0.0012912522935688564 16352.54447455323 64.0 -18.514642607924124 1.5295325713584358 1493.63 1532.52 0 107 "Minimization exited successfully."
SN2005bg 95 0.0231 469.6518758289613 0.007000910127579771 0.8242339149400522 0.028412022881212584 0.0 0.06620341433242061 1.8695849308003696e-05 0.03210850942358601 0.0016161345690164364 2310.581548303548 91.0 -19.14810229890131 0.904836009422727 471.65 512.61 0 95 "Minimization exited successfully."
SN2005ke 367 0.0049 700.3750030356993 0.015712697024468838 -1.8389072514743523 0.5104775286976917 0.0 4.0002493051360943e-07 2.403048787076416e-05 0.006428286150851559 0.001118948841134948 607732.2917758194 215.0 -16.640702948457573 1.4015371930874903 689.69 819.51 65 302 "Minimization exited successfully."
