analysis_pipeline/fit_results/csp_4_salt2_2.4_all.ecsv
# %ECSV 0.9
# ---
# datatype:
# - name: obj_id
#   datatype: string
# - name: num_points
#   datatype: int64
# - name: z
#   datatype: float64
# - name: t0
#   datatype: float64
# - name: x0
#   datatype: float64
# - name: x1
#   datatype: float64
# - name: c
#   datatype: float64
# - name: z_err
#   datatype: float64
# - name: t0_err
#   datatype: float64
# - name: x0_err
#   datatype: float64
# - name: x1_err
#   datatype: float64
# - name: c_err
#   datatype: float64
# - name: chi
#   datatype: float64
# - name: dof
#   datatype: float64
# - name: b_max
#   datatype: float64
# - name: delta_15
#   datatype: float64
# - name: tmin
#   datatype: float64
# - name: tmax
#   datatype: float64
# - name: pre_max
#   datatype: int64
# - name: post_max
#   datatype: int64
# - name: message
#   datatype: string
# schema: astropy-2.0
obj_id num_points z t0 x0 x1 c z_err t0_err x0_err x1_err c_err chi dof b_max delta_15 tmin tmax pre_max post_max message
[from data line 105]
SN2008fl 186 0.0199 1721.0301622576055 0.005374159480047869 -1.1700068368789962 0.20702248138160173 0.0 0.03626540694676805 1.4646584575064674e-05 0.008792923831816069 0.0014332707628256225 62274.65916620091 131.0 -18.532928966656595 1.2760428870834062 1724.49 1789.53 0 186 "Minimization exited successfully."
SN2007st 118 0.0212 1453.1744666261463 0.008667805668708435 -1.5842561503360555 0.08891856694239442 0.0 0.09575315159884212 7.314427746821055e-05 0.018970598208319034 0.003924899748516064 5194.831915293133 66.0 -19.189408981205645 1.3822193998574281 1458.66 1513.52 0 118 "Minimization exited successfully."
SN2005hc 163 0.0459 668.0201082318562 0.0018094666409486178 0.9463747514315539 0.044240281709895024 0.0 0.03370021277351043 2.921334892021254e-06 0.022645475584001318 0.001558503442240844 40694.61500629296 120.0 -19.20724897808187 0.8834917181447679 661.67 755.61 35 128 "Minimization exited successfully."
SN2009ab 102 0.0112 1883.7271938814263 0.011168678266459479 -0.9777596729414784 0.24176526399019194 0.0 0.01007796738815614 1.944503366844031e-05 0.01130425141213065 0.001393963260199027 6870.217210259928 56.0 -18.065410721915004 1.2317393980071927 1874.57 1911.51 30 72 "Minimization exited successfully."
SN2007as 153 0.0176 1181.801278924345 0.006972240618871101 -0.7513931776129628 0.16903811843241434 0.0 0.03182992542735974 1.3111851240595052e-05 0.012673047495284084 0.0013240432640336808 97371.9413190901 99.0 -18.54450274238729 1.190005871814975 1175.59 1259.49 17 136 "Minimization exited successfully."
SN2006hx 70 0.0455 1022.4439054194545 0.0015100908611546254 -0.13793342205177606 0.15059627331269265 0.0 0.040719982469397564 1.3003018777753262e-05 0.05220994477859309 0.006586009060690068 1246.8051261801095 45.0 -18.991540145856796 1.0707384796441666 1012.66 1080.59 16 54 "Minimization exited successfully."
SN2008ff 230 0.0193 1714.6050030378851 0.006416958134539255 -0.42422838491884374 0.3023943435486014 0.0 4.383290388432215e-07 9.501520807859813e-06 0.008933274744840514 0.001086335098580693 237170.8358417766 129.0 -18.660989118068777 1.1158028501814474 1724.53 1790.57 0 230 "Covariance may not be accurate."
SN2009ds 92 0.0193 1962.247936499341 0.009351857255677757 1.6261263824305914 0.1621305462339533 0.0 0.03892951933119093 2.2818253377672112e-05 0.04968842178193 0.0026517199229574295 900.1253799515871 50.0 -19.068194027666884 0.7672841021174985 1954.64 1976.62 29 63 "Minimization exited successfully."
SN2008O 103 0.0389 1490.9032467183006 0.0007022830141641873 -2.097499398397597 0.42136089611937466 0.0 0.06923322118950637 3.2227925498257257e-06 0.03904204402597666 0.003550321101042697 1898.048426321399 69.0 -17.816743619171362 1.476267491265613 1489.71 1571.48 11 92 "Minimization exited successfully."
SN2006ot 118 0.0531 1066.9155300250081 0.000925174229247755 -0.08007781772127043 0.27279987560581365 0.0 4.6285710482152354e-05 3.5167344048806165e-06 0.03888219320207842 0.0035564814322467386 6699.246102105246 72.0 -18.809888450513462 1.0529257690753901 1063.72 1131.63 21 97 "Minimization exited successfully."
SN2006py 35 0.0579 1071.5740344143405 0.000996477425409456 -0.18198528573513073 0.08994942717542531 0.0 0.12594070172451666 5.793211813999422e-06 0.12100115795894473 0.005674472347215076 183.7860968042301 31.0 -19.082331348451607 1.0825547309690684 1069.54 1091.54 6 29 "Minimization exited successfully."
SN2005be 68 0.035 459.9593478252907 0.002971860243299271 -1.8278965473812954 -0.052889927895009015 0.0 0.04070782841017717 1.4467320965715156e-05 0.015287388601165075 0.002834189750716587 1171.4420373437438 64.0 -19.13797477349351 1.4574227876936163 467.89 491.77 0 68 "Minimization exited successfully."
SN2006fw 31 0.0835 1004.5973156355678 0.00037832804848899064 -0.6858672563722497 0.19562125421570054 0.0 0.10075986516216062 2.0719110888883622e-06 0.07661839362906964 0.0053458164796071905 1175.5913519646817 27.0 -18.866645408856954 1.1747352173731436 1001.75 1039.73 6 25 "Minimization exited successfully."
SN2007ax 97 0.0069 1189.115035218235 0.003969246583750294 -2.4602305995157625 0.6437710276297617 0.0 4.888475700681738e-06 1.097285188208369e-05 0.015921159157828768 0.0022920147873932706 41039.75243264837 60.0 -15.901437561562293 1.5442572407887667 1184.55 1248.47 10 87 "Minimization exited successfully."
SN2007jg 113 0.0371 1366.7982913349215 0.001464791154575762 -0.31486628427409347 0.14794660232485413 0.0 0.04582671818468498 3.472368153524508e-06 0.034050291031111346 0.002292425916378682 4314.982021630202 85.0 -18.50164559764157 1.104561001876835 1363.82 1425.78 25 88 "Minimization exited successfully."
SN2007af 307 0.0055 1176.535000964309 0.04999992560601768 0.7103901913659474 0.3680137004295614 0.0 2.0331128780526342e-07 2.589849323504645e-07 0.008926633651253013 0.0008217117167589327 516985.5053631565 153.0 -18.144175597749012 0.9098351036258219 1162.76 1257.72 89 218 "Minimization exited successfully."
SN2008cc 167 0.0104 1580.2600018337914 0.01611219362828723 -1.627611487330677 0.3364729931478474 0.0 3.5419566302152816e-07 2.3132972852066627e-05 0.007985323394880783 0.001051935962487649 277249.40830574615 119.0 -18.30365799737413 1.3686272261956152 1582.86 1654.86 0 167 "Minimization exited successfully."
SN2006ef 56 0.0179 970.030684099669 0.010579022913503903 -1.3652714243271165 -0.018175678870162137 0.0 0.04079861179747013 4.6158334137581455e-05 0.013834276190446193 0.002144737889218651 61954.02792657162 52.0 -19.032494737051387 1.339600062483747 979.9 1040.71 0 56 "Minimization exited successfully."
SN2007nq 174 0.045 1398.401370619756 0.0017335644883765295 -1.8608829061865366 0.01777666249315102 0.0 0.053268686272417654 7.5341084314631485e-06 0.021255471453334174 0.0027964691796529273 10942.520939014452 121.0 -19.114479526826468 1.4587537982840892 1397.65 1476.56 6 168 "Minimization exited successfully."
SN2008bq 114 0.034 1563.9381432012383 0.002567089356938687 0.45553785884009734 0.17422331955790882 0.0 0.03863271295756476 4.955038823767398e-06 0.019848349370912288 0.0013849347884332674 1047.5477605972897 92.0 -18.917292816534122 0.9621950258231493 1562.49 1606.46 6 108 "Minimization exited successfully."
SN2008hv 225 0.0126 1817.5549193384913 0.02008335053805111 -1.256675157580883 -0.04942985165694047 0.0 0.0054312860869458746 3.29896566617395e-05 0.007790358676245779 0.0012287719651143947 133638.41840230225 137.0 -18.957359275023247 1.3168772366148396 1804.8 1912.7 50 175 "Minimization exited successfully."
SN2009I 55 0.0262 1852.6138634806941 0.0007704029238472659 0.8077151452324047 0.7705079164301254 0.0 0.07305005357090977 4.462209207571621e-06 0.0908421349865689 0.005509187416893657 360.88236734834754 24.0 -17.06254932759544 0.8755012519172816 1846.58 1867.58 18 37 "Minimization exited successfully."
SN2004gc 134 0.0321 330.09532098912905 0.001374006310340345 -1.3719036036343186 0.39679135706152646 0.0 1.674217315894566e-05 3.180654923722005e-06 0.014548296481675882 0.0020347450710417325 21062.4298429142 130.0 -18.116440497687947 1.3039016953353624 329.83 397.66 5 129 "Minimization exited successfully."
SN2005lu 88 0.032 719.940001136952 0.0013561651800841623 -0.03317681516683724 0.33992622383074567 0.0 1.3641665077557263e-06 4.375667094587508e-06 0.028977015601348022 0.001099555527676488 11110.008265498185 79.0 -18.09379950534923 1.0404655056482994 719.66 799.52 1 87 "Covariance may not be accurate."
SN2007al 120 0.0122 1162.9500418228504 0.0031197787023361234 -2.763356804560347 0.4611858955603849 0.0 6.1354595572993276e-06 1.4699336647723549e-05 0.014567649474637845 0.003561725669300575 20218.193918709545 74.0 -16.875584594019013 1.6573609266919611 1170.77 1246.58 0 120 "Minimization exited successfully."
SN2005gj 227 0.043750000000000004 850.23 0.025 0.0 0.0 0.0 0.0 0.0 0.0 0.0 603943.8529145595 123.0 -21.94974123239405 1.0531324270815272 698.7 1016.76 220 7 "Hesse Failed. Covariance may not be accurate. Covariance not positive definite."
SN2008bz 70 0.0603 1579.4617760423068 0.0010626341184590577 -0.31028666333184685 -0.060874418862405966 0.0 0.1007536775796325 5.374545525170548e-06 0.04778725979035858 0.0031115272994891585 4526.481541638237 66.0 -19.24367718645851 1.116094040462162 1580.72 1651.52 0 70 "Minimization exited successfully."
SN2007bc 111 0.0208 1200.7341371876482 0.007275385675832308 -1.0152338080202417 0.05921895853922199 0.0 0.028459711284426703 1.3256209940282291e-05 0.013884038113250785 0.001621312627239191 20053.651138405927 73.0 -18.957263174544345 1.2540265890478164 1196.65 1259.53 19 92 "Minimization exited successfully."
SN2008fr 150 0.0397 1741.5750083939681 0.0018390677746694785 -0.4727388731538671 0.10704374637218761 0.0 1.4847606735202135e-06 5.226742662767215e-06 0.01864987775869631 0.002192223404643978 33601.514327170946 101.0 -18.899316969017274 1.1379711624221045 1738.78 1807.57 9 141 "Minimization exited successfully."
