analysis_pipeline/fit_results/csp_5_salt2_2.4_all.ecsv
# %ECSV 0.9
# ---
# datatype:
# - name: obj_id
#   datatype: string
# - name: num_points
#   datatype: int64
# - name: z
#   datatype: float64
# - name: t0
#   datatype: float64
# - name: x0
#   datatype: float64
# - name: x1
#   datatype: float64
# - name: c
#   datatype: float64
# - name: z_err
#   datatype: float64
# - name: t0_err
#   datatype: float64
# - name: x0_err
#   datatype: float64
# - name: x1_err
#   datatype: float64
# - name: c_err
#   datatype: float64
# - name: chi
#   datatype: float64
# - name: dof
#   datatype: float64
# - name: b_max
#   datatype: float64
# - name: delta_15
#   datatype: float64
# - name: tmin
#   datatype: float64
# - name: tmax
#   datatype: float64
# - name: pre_max
#   datatype: int64
# - name: post_max
#   datatype: int64
# - name: message
#   datatype: string
# schema: astropy-2.0
obj_id num_points z t0 x0 x1 c z_err t0_err x0_err x1_err c_err chi dof b_max delta_15 tmin tmax pre_max post_max message
[from data line 48]
SN2008R 107 0.027249343314233787 1492.4243672184657 0.01174394837688679 -2.1023436656812877 0.09352612510888036 0.000456777988678405 0.02712096713946721 2.365603549492508e-05 0.008438449610080445 0.0016627019561724632 15933.084055685877 63.0 -20.07406488783664 1.5149775621781263 1493.63 1532.52 0 107 "Minimization exited successfully."
SN2005bg 95 0.003500000236576285 470.23802149773 0.00688260187958876 0.48097316013908475 0.06707832195622898 7.89683703182587e-05 0.06405630322026923 1.8189292833077717e-05 0.03247221082958385 0.0016120934161850675 1658.1262228512635 90.0 -14.999030288546063 0.962649321142024 471.65 512.61 0 95 "Minimization exited successfully."
SN2005ke 367 0.004899999189572533 700.3750010813051 0.015713413787733554 -1.8388566150364651 0.5104549246208228 5.417531619969149e-08 3.9233282222994603e-07 2.402835246995659e-05 0.006428354234752076 0.0011190951435730012 607732.2465276973 214.0 -16.640750906075965 1.401527377418038 689.69 819.51 65 302 "Minimization exited successfully."
SN2007cg 45 0.010267217806298782 1228.5119893723595 0.0006373386843622792 0.5890913914876723 0.7971318975306463 0.0018266186244690862 0.18928298891660233 1.1657569491851883e-05 0.059254383461500915 0.011253313546439214 170.998142314066 31.0 -14.798034729296916 0.9092415700377892 1235.63 1259.59 0 45 "Minimization exited successfully."
SN2004gu 156 0.032502009634159404 363.11700026103966 0.0016705814213323067 1.2270724380114277 0.15276452723869438 0.001114402978568279 0.04456281181802524 4.913718961629975e-06 0.026971702417725396 0.0032648051783881193 1131.6125696816912 140.0 -18.350911389257046 0.8327996231501231 357.86 410.84 14 142 "Minimization exited successfully."
SN2007jd 70 0.07568218789642045 1361.4683545143753 0.0003756338582636798 -0.6405272667039243 0.1690763818816281 0.002769795016196591 0.29998173496232994 4.450183609784603e-06 0.10679586113376871 0.008921236770054186 424.9299435875453 55.0 -18.633036342974044 1.1674125647359261 1362.83 1409.83 0 70 "Minimization exited successfully."
SN2007hx 65 0.08399999337216431 1354.6731515117367 0.00031346046788356956 0.5386792035437278 0.18639017627552468 0.0007607283126291262 0.22285975409215553 2.173553701868814e-06 0.10706173410480391 0.00601381243527932 639.9930016960525 47.0 -18.67675490702932 0.947198704922414 1354.78 1411.73 0 65 "Minimization exited successfully."
SN2008ha 106 0.0035000003688936267 1770.4876736546662 0.002424240288944213 -2.044074572197415 0.16083010623576266 1.962366435216429e-05 0.05968838394539944 1.8198945185578328e-05 0.020386924291641906 0.004543426785412419 8784.482991068364 81.0 -13.865897562103893 1.4917615945262206 1781.55 1810.55 0 106 "Minimization exited successfully."
SN2005hj 102 0.06543666494159146 676.3582166225294 0.0012155991297453372 1.194565062530276 0.03822361991856882 1.7850556494058978e-07 0.00011852058327121995 3.7298195946222634e-06 0.038346837363068875 0.0030157597718440954 5953.571400049317 77.0 -19.5763460201805 0.8421397288049448 671.67 761.57 25 77 "Minimization exited successfully."
SN2005hk 245 0.058376656375089854 686.6445941438312 0.006281952981756861 -0.30766510454100526 0.3756057591563584 2.7083977078429244e-08 2.0672301957347372e-05 9.48797359438553e-06 0.011050376724921929 0.0015085616588066397 214319.44437625064 132.0 -21.10701561199325 1.0889085987550438 675.61 761.54 58 187 "Minimization exited successfully."
SN2005ir 65 0.08212130394251896 686.4241237607458 0.0006648176357022279 0.3667539568246072 0.03802792618627904 1.4609545522029088e-06 5.2973012373058737e-05 2.8778779689556003e-06 0.05164437433445457 0.004012931716531165 376.81979193530634 60.0 -19.4391412076632 0.9842083895457776 682.62 740.53 18 47 "Minimization exited successfully."
SN2005bl 64 0.08064139865324492 483.0775538516948 0.0006637431046094433 -4.999999969305591 0.4059391572758999 0.0008541791302879576 0.018172328359241874 2.326178032820126e-06 0.010433615748878466 0.004063996229295097 8874.786069606656 59.0 -19.40221855095727 2.729999025060966 476.61 512.57 35 29 "Minimization exited successfully."
SN2005M 381 0.04966592941450766 407.08761693915136 0.006563372923843411 1.2038252536113268 0.020623134249380337 6.377836383034477e-05 0.0031114396277871492 7.043512826423667e-06 0.010906839676675162 0.0009731013784972653 205271.40135360844 315.0 -20.7835790980439 0.8411994862997645 396.77 480.51 69 312 "Covariance may not be accurate."
SN2008bf 184 0.020472131560391696 1555.5467292745016 0.007890820119421832 0.5291794728145085 -0.020003485128981757 4.752369738032086e-07 1.953039588897809e-05 1.3596128262655105e-05 0.013362283301197042 0.0013517419638592876 70277.1670385618 150.0 -19.01114058881728 0.9579926399325025 1546.79 1646.49 43 141 "Minimization exited successfully."
SN2006eq 98 0.07399942702589303 975.8100347536496 0.0007169218911234455 -2.0093078178075374 0.16941191498192665 2.577827405425559e-07 6.651796013557032e-06 5.646782726945209e-06 0.03222539790512147 0.006018152436394475 612.4183482653939 60.0 -19.282788105984583 1.481570677741633 980.56 1029.51 0 98 "Covariance may not be accurate."
SN2009aa 232 0.056077836541179545 1879.130029722708 0.004645546051478783 -0.5433652384113321 -0.0240999904720951 0.0006827447964527882 0.012022873451428495 6.020378220469944e-06 0.012119563794874999 0.0014845258269521877 15818.19984040016 121.0 -20.68078529177468 1.16051961819349 1868.77 1956.66 66 166 "Minimization exited successfully."
SN2008hj 127 0.024410903625593824 1802.2477207263883 0.00293913974126353 0.2936355111918241 0.05125173145937234 0.0007702405329602976 0.018517961462293897 5.314917346242558e-06 0.02149498840709585 0.0018672323698093463 1502.039109131604 89.0 -18.327461225631335 0.9966817408421562 1794.58 1834.55 37 90 "Minimization exited successfully."
SN2006ax 236 0.011223090437394398 828.0754944696719 0.013922809523219837 0.1666169135964939 0.013081245708808975 0.0003667694878024888 0.008471995731042625 2.2367467973566715e-05 0.00938925083148856 0.0014741675676523958 90926.2219761007 130.0 -18.30672600250237 1.0215928567277643 815.64 891.5 55 181 "Minimization exited successfully."
SN2009D 176 0.025931333330897782 1841.8525544329418 0.007221391599551272 0.6731160510195107 0.05877263001842814 0.0004598755842445332 0.014257145952115025 7.974837735033689e-06 0.010955709902984445 0.0011374020594081546 3670.4580357758427 120.0 -19.437511616010344 0.9295460286596757 1834.67 1890.52 54 122 "Minimization exited successfully."
SN2008gl 166 0.0339975180022977 1768.890370623133 0.0029546270741550224 -1.339201434213113 0.042522620634433794 4.691598224325355e-07 8.934892548495554e-06 4.246340618971247e-06 0.008504468120356767 0.0011722223522668829 19579.22279321555 118.0 -19.06716707646236 1.32828267132939 1765.7 1844.55 24 142 "Covariance may not be accurate."
SN2008cd 23 0.0035000024842138638 1572.7400000051186 0.001451407052002246 -2.972832317151056 0.9999999969719626 0.00011493311574744852 0.008301439801130073 7.76389205507785e-06 0.05036159266470097 0.001380317040619805 1087.8675446874215 18.0 -13.360644098553372 1.6326458444287617 1587.74 1595.73 0 23 "Minimization exited successfully."
SN2007A 76 0.0035000000037795735 1113.5930180136754 0.006827259498117383 0.7576734306056299 0.28640575596535633 0.00010225325990759248 0.028046285350455946 2.236492917704301e-05 0.04673995094984562 0.002698504495975418 1323.7302208286878 40.0 -14.99468244521813 0.905496614032069 1107.53 1133.53 29 47 "Minimization exited successfully."
SN2008ar 132 0.023859288615354052 1535.3380982419903 0.004843189045167937 -0.09145777414719536 0.06904570260671439 0.0007350055376827407 0.020847439223871334 1.3904988773136631e-05 0.01735740737419622 0.002685320433506777 22576.584105213664 93.0 -18.819057744499435 1.0665934722484458 1527.79 1627.59 11 121 "Minimization exited successfully."
SN2006X 312 0.07032934480395334 788.22948193507 0.015407749097661738 0.33651403545229464 0.9918933356148387 0.05907633148471324 86.48042051573276 0.032508708146971516 7.176354593351119 1.2814675241363458 821143.1320446982 186.0 -22.550207062635053 0.9394656036542806 775.68 906.46 70 242 "Covariance may not be accurate."
SN2006ej 64 0.02430536328946227 975.8578937092994 0.008323975336831019 -1.3967734531141671 -0.0207032023394782 0.0009590519319117047 0.07816032471396284 5.160528525503805e-05 0.01852695574361718 0.004286166099473521 8511.77488788697 49.0 -19.44703100370464 1.347258135668195 979.74 1046.74 0 64 "Minimization exited successfully."
SN2005eq 211 0.02899368507722458 656.3006355386353 0.0040244280068343465 0.9680561982275568 0.105371523679062 2.8034726031779533e-07 5.099526163121482e-06 7.456887276681683e-06 0.016573297138343435 0.0015298395154522693 67501.90426488039 148.0 -19.05081796722063 0.8775329605985505 647.8 751.66 18 193 "Minimization exited successfully."
SN2008gg 198 0.03199247047794618 1752.090422930919 0.0034063539069179834 0.6411778602990772 0.15842537710494953 4.564198705786504e-08 1.9032589761991403e-06 6.220826915209841e-06 0.012700409200453233 0.0013781276328311831 106040.05100669895 143.0 -19.08886238194964 0.9307950123840598 1753.63 1827.57 0 198 "Minimization exited successfully."
SN2004ey 213 0.01749342211005959 305.0345142982249 0.01334074237974842 0.244808907683697 0.0818294882788495 0.0004179846455155331 0.008782572293171143 1.1732770986671616e-05 0.007418866076231989 0.001108296042646062 6058.156110453532 170.0 -19.235070213023292 1.0039869001995623 295.53 358.55 55 158 "Minimization exited successfully."
SN2010ae 57 0.003500034377661944 2277.626813267269 0.00041006664319001573 -2.967655792171602 0.999999998088466 0.0007766529539875557 0.1398182848279248 1.156775288642663e-05 0.20639260626459777 0.0033004246320810227 295.03122566871315 4.0 -11.98832949968029 1.6311683705201716 2258.59 2305.53 52 5 "Minimization exited successfully."
SN2007ux 151 0.032290808790561495 1463.6280404459765 0.0019260763250669444 -2.1099791053848236 0.15114179961410334 0.0014853844917492101 0.0561726128258897 1.0273583430465928e-05 0.019534157383839235 0.0048335167126142276 9449.135958497456 91.0 -18.48882851400513 1.5106103044356907 1466.82 1558.61 0 151 "Minimization exited successfully."
SN2005W 117 0.003500000001624966 412.90387917932156 0.027597629490135764 -0.054499449657103405 0.2516519478411914 3.0875737970075976e-05 0.0176754780029853 4.820520504597928e-05 0.02818072546638417 0.0014755006478679444 1619.8101915595198 112.0 -16.509628556675338 1.0494400421533463 404.54 429.51 42 75 "Minimization exited successfully."
SN2007on 308 0.006440481182349325 1422.2880146447299 0.04999968155733692 -0.2421579872764026 0.29717327193836285 4.1883013653142356e-07 3.785226147101639e-05 3.9669132274530727e-07 0.00946065203698776 0.001026214446712248 525257.6108585359 148.0 -18.48531526642095 1.08156782874687 1410.73 1508.61 42 266 "Covariance may not be accurate."
SN2005ku 37 0.052719723368958166 698.8795600098063 0.0013455185559107714 0.23666778479777228 0.1572311820035741 0.0038545581567231285 0.22332101969544738 1.3608616428927023e-05 0.13815242678041217 0.011057167360513098 163.5964610783567 29.0 -19.197890042968304 1.001698334386461 699.56 739.53 0 37 "Minimization exited successfully."
SN2008fu 103 0.057398171990262786 1732.646028357447 0.0014609943040832934 -1.464925559949029 -0.0971568507791879 0.001756813800081792 0.12538034016074562 1.9623378771460673e-05 0.03965393233674974 0.007868798695810642 3010.9829137992087 76.0 -19.47735735367465 1.3702657552587567 1737.84 1817.67 0 103 "Minimization exited successfully."
SN2007bd 110 0.030903666414306016 1207.914937023994 0.003603441864052157 -0.6346524602998018 -0.0075513524911988705 3.404995441991243e-07 7.001227231739904e-06 8.859630105088716e-06 0.014607097790244161 0.0018561379050830995 3469.1129851955634 63.0 -19.07071439051993 1.1781359282926438 1197.53 1259.46 40 70 "Covariance may not be accurate."
SN2006is 176 0.030995495420412068 1014.2504063494722 0.004247031961297132 0.5350325365587345 0.05452291829908362 1.2532895925926324e-08 2.054777610283054e-07 6.120069359505202e-06 0.012216179713650188 0.0011954390374467883 211989.80389945762 142.0 -19.256684254518426 0.9537246552715395 1008.9 1125.67 12 164 "Minimization exited successfully."
SN2008bc 205 0.0035000002862745827 1550.4229011873124 0.009105808945668887 0.5624236393450417 0.20620899475977428 2.761524811709928e-05 0.009254738614231428 1.0359431806736784e-05 0.00907256987245919 0.0009340854670220056 83082.32530816481 137.0 -15.30507439283846 0.9422052095342721 1541.67 1646.46 54 151 "Minimization exited successfully."
SN2007mm 39 0.08399999997646758 1392.5211067503326 0.00019776562587711102 -3.3047041960376484 0.4004770861473348 0.00019468949836985716 0.06279727205037489 1.4754472478020753e-06 0.07218031635395383 0.006886475748759113 1253.3902812175936 34.0 -18.181531021635095 1.8461238351748541 1385.72 1418.69 5 34 "Minimization exited successfully."
SN2008C 121 0.016602790759867442 1470.75113068713 0.0061873350642470465 -1.532273935025331 0.2573829727233936 6.667449680610588e-07 1.819280578274629e-05 2.1836782541582653e-05 0.031616695767322955 0.003047082300855042 20975.225031687154 81.0 -18.288170970607474 1.3536766868935253 1469.81 1552.5 12 109 "Covariance may not be accurate."
SN2004dt 269 0.019696366513489005 244.76528278931173 0.00954863707561845 -0.8482077172020466 0.2382767821596059 1.1163549100759451e-08 1.5746036439168165e-06 1.368136325435778e-05 0.006664200742663606 0.0009846096402585935 434541.90476582164 264.0 -19.1352362863216 1.20488871254644 249.79 365.62 0 269 "Covariance may not be accurate."
SN2006br 64 0.003500021391748347 851.5421943451968 0.00037077553104719054 -0.7695416854253398 0.9737333674580524 0.000870237991328183 0.14197869023894327 5.6348763123340246e-06 0.0659902743261851 0.0090567075061041 168.8702058156814 38.0 -11.877431096403079 1.1317814920167883 855.66 891.66 0 64 "Minimization exited successfully."
SN2005ag 208 0.07332597428848307 415.2974553643903 0.0006213245472966784 0.30425970232534283 0.052291075648512875 0.0014468993303023148 0.07279867134249685 1.6145995756944743e-06 0.03858103923263512 0.003611536913519453 19541.58777596813 194.0 -19.106309397587992 0.9947234628261512 412.82 480.84 15 193 "Minimization exited successfully."
SN2007sr 259 0.005189254177557624 1458.6105637011128 0.04999999999999876 0.5467545618958489 0.4460669385409708 3.77566505577881e-09 2.7538817448657937e-07 1.774229897062718e-07 0.00801953152027357 0.0006860874872356426 1171625.3946205704 156.0 -18.020634526508164 0.9336483014183301 1454.84 1955.57 29 230 "Minimization exited successfully."
SN2009ad 128 0.047255805560019924 1887.3189394745186 0.004188711546201857 0.29380259552831767 0.04600927710070435 0.000950864233366662 0.017222038369141046 6.4435769510386674e-06 0.015630955184155138 0.0019803233616448868 5293.531930050743 67.0 -20.183413026097313 0.9969026278813224 1878.6 1921.53 36 92 "Minimization exited successfully."
SN2006et 236 0.02874697031382164 995.1445997000777 0.006410405002718994 0.7431130835145456 0.19966167187251616 4.810163255208888e-07 1.4239211850508582e-05 1.0753774022387048e-05 0.01317496646437677 0.0013388499301427714 99960.12551379035 126.0 -19.53866302046243 0.9116538726651289 982.63 1099.54 42 194 "Minimization exited successfully."
SN2009P 99 0.0035000006640685715 1868.4018319245508 0.002229098508677474 1.4328376308831823 0.45604977700550453 0.0005058549937712871 0.08015119856861475 8.945345711325456e-06 0.03848969434415128 0.002756019533916687 5393.616367653556 77.0 -13.786887484301772 0.788859154685067 1867.74 1931.61 6 93 "Minimization exited successfully."
