analysis_pipeline/fit_results/csp_5_salt2_2.4_blue.ecsv
# %ECSV 0.9
# ---
# datatype:
# - {name: obj_id, datatype: string}
# - {name: num_points, datatype: int64}
# - {name: z, datatype: float64}
# - {name: t0, datatype: float64}
# - {name: x0, datatype: float64}
# - {name: x1, datatype: float64}
# - {name: c, datatype: float64}
# - {name: z_err, datatype: float64}
# - {name: t0_err, datatype: float64}
# - {name: x0_err, datatype: float64}
# - {name: x1_err, datatype: float64}
# - {name: c_err, datatype: float64}
# - {name: chi, datatype: float64}
# - {name: dof, datatype: float64}
# - {name: b_max, datatype: float64}
# - {name: delta_15, datatype: float64}
# - {name: tmin, datatype: float64}
# - {name: tmax, datatype: float64}
# - {name: pre_max, datatype: int64}
# - {name: post_max, datatype: int64}
# - {name: message, datatype: string}
# schema: astropy-2.0
obj_id num_points z t0 x0 x1 c z_err t0_err x0_err x1_err c_err chi dof b_max delta_15 tmin tmax pre_max post_max message
2004dt 181 0.0035281557157597794 239.99999987311142 0.01597222400971471 -1.496944087752563 -0.031636698427860765 0.0002781185645774986 0.003084950612063153 4.115047860876915e-05 0.01116773689246564 0.0018544473048391907 426625.00171624636 176.0 -15.929112321592314 1.3722203670799011 249.79 365.62 0 181 "Minimization exited successfully."
2004ef 167 0.055542042575627906 264.95681438329467 0.0025458748955000804 -1.301222356317422 0.17870341638301168 0.0006095285970539981 0.009924847395922143 2.5435493028176746e-06 0.008453454986470765 0.001725425368438005 13561.727612827308 162.0 -20.00747584692283 1.3077450324588007 255.69 329.57 39 128 "Minimization exited successfully."
2004eo 147 0.014861448050482713 278.7871795498258 0.010634805296319425 -1.1433668224929043 0.11749285011927801 6.93000075362854e-08 4.216656350308767e-06 9.884827218580028e-06 0.004416331243302318 0.0015917316542238824 18171.67645913576 142.0 -18.630083583471087 1.2775748799042006 266.52 341.54 45 102 "Minimization exited successfully."
2004ey 111 0.034028061902352975 305.3124222051171 0.013223372621715412 0.38800227338369275 0.061282718959901894 0.0008025710297447503 0.0157328249669888 1.4400700439697912e-05 0.012684601623377922 0.001385952754227704 4579.719114943045 106.0 -20.69738055606919 0.9793444910693037 295.53 352.55 31 80 "Minimization exited successfully."
2004gc 80 0.08194603058269143 327.60284592582445 0.001659356062644729 -0.6727414469423669 0.3632718547747418 0.07442580271291782 4.350623072468807e-06 7.4678200524119775e-06 0.031898691776659494 0.0032180669594820133 8422.345381491388 75.0 -20.433699099259062 1.1600861549522214 329.83 397.66 0 80 "Covariance may not be accurate. Covariance not positive definite. Covariance forced positive definite."
2004gs 164 0.046015377103723186 356.3914380746589 0.002067876694925094 -1.701272640608222 0.22556107643248202 8.403204096313344e-07 5.646410184567685e-05 3.816243228675718e-06 0.015195575118202687 0.0033151195279323975 72721.65091385301 159.0 -19.358855808697214 1.3972383076791424 352.85 461.56 8 156 "Covariance may not be accurate."
2004gu 88 0.038571923419355204 363.0431356024562 0.0016615870677894802 1.301761029443064 0.17453671012994065 0.0014262835927859527 0.07072797291013444 5.6229473047022865e-06 0.05205376075136581 0.004626817426755192 726.9489776414463 83.0 -18.72715235650675 0.8197890356308797 357.86 410.84 8 80 "Minimization exited successfully."
2005A 73 0.005506632519250484 380.5044202161196 0.0008197556665256872 -0.5998024665725019 0.9999999999943294 0.0010965152948992285 0.04863024376484759 2.8730719102851516e-06 0.041359345312175666 7.911586189102149e-05 2171.6569843535103 68.0 -13.729275891723987 1.0983356072239445 376.65 432.52 6 67 "Minimization exited successfully."
2005M 209 0.056236798802913955 407.75962552713224 0.006404247894774834 1.4684272396920317 0.005885721431800661 4.796425243092095e-08 1.8815138190575453e-05 8.409005987579377e-06 0.016503866528768896 0.001668674868723019 99047.61749777675 204.0 -21.037394485161663 0.7978785610271171 396.77 480.51 38 171 "Covariance may not be accurate."
2005W 77 0.0035000013496935636 412.90230934385073 0.027538811754785366 -0.030762216232803397 0.25675813409200465 3.312276291792893e-05 0.021846635643782975 5.262252311496844e-05 0.032119763180670446 0.002651227912337517 1393.7769904130116 72.0 -16.50746751961829 1.0447943570258786 404.54 429.51 27 50 "Minimization exited successfully."
2005ag 163 0.08399999999320958 415.38364805658193 0.0006212791751057462 0.29793778504468804 0.046430030365597785 0.0008051920903346665 0.07530924406850659 1.5607688666555153e-06 0.03923471459234351 0.0028479552433691158 18382.2811940024 158.0 -19.417552419374246 0.9961389870992967 412.82 480.84 12 151 "Minimization exited successfully."
2005al 140 0.010325050954238484 431.5767632470708 0.015451363378380779 -1.3775646375507264 0.00508375408137951 0.0007019542753327179 0.02532964889229561 2.2786396684753955e-05 0.01628948698073618 0.0016420466707934844 56958.32382196359 135.0 -18.23633931287209 1.3404861632261404 429.76 512.79 8 132 "Minimization exited successfully."
2005am 137 0.012944621101726369 438.8530144509892 0.04720475621445371 -2.185364649552106 0.04834279768582239 1.170001955007327e-07 5.7858793525156216e-06 5.790050975653521e-05 0.0056565260736618495 0.001364217856335892 66694.2176957479 132.0 -19.9440789179068 1.5431203469161758 432.58 512.46 9 128 "Minimization exited successfully."
2005be 45 0.005489392182998377 459.93830466173796 0.0030078738151253868 -2.1118852457786503 -0.026732418487944054 0.0010979669191024167 0.07989954113074305 2.9303921292164574e-05 0.02554422418183533 0.0064001333885546074 433.7171116634823 40.0 -15.079281890458482 1.5310570258611236 467.89 491.77 0 45 "Minimization exited successfully."
2005bg 64 0.0035000000036752976 470.3472672561917 0.006912378611542164 0.27390523336052297 0.07131024330535429 3.842711842352549e-05 0.09898442351962444 2.5803861251466435e-05 0.046481777080924935 0.0025628174075257304 908.8204433376129 59.0 -15.003594196334625 0.9992621656574414 471.65 512.61 0 64 "Minimization exited successfully."
2005bl 41 0.08399999978718767 482.77225232897047 0.0006358881205637657 -4.999999995142476 0.7547377940485025 0.00031850259411339565 0.02003272677740142 2.2970055950491722e-06 0.00198217295596681 0.00884036985993597 1510.7452206049174 36.0 -19.470782800533538 2.560155664158284 476.61 512.57 23 18 "Minimization exited successfully."
2005bo 36 0.0035000002994153966 478.9242678424325 0.008225617116900669 -1.2371526368268149 0.26446882117862414 4.576300335702179e-05 0.10837050517264402 2.9652812620155865e-05 0.07784890336212302 0.0038955574271430926 839.7123173094883 31.0 -15.195084350439629 1.2859353368240392 478.75 512.76 4 32 "Minimization exited successfully."
2005el 93 0.08380182338103709 648.5707103414778 0.013335220236195431 -1.2692350573195004 -0.07961485422242842 0.051134293364175326 29.143979384823126 0.03162619973187346 6.746065405994258 1.4020267894156864 48552.47106266287 88.0 -22.74062714948932 1.3222604553462194 639.89 730.75 9 84 "Covariance may not be accurate."
2005eq 99 0.028999747653207033 656.3003361552976 0.004012590496595331 0.9872382150772827 0.11900894217289237 2.0909689021908484e-07 3.0066265424011362e-05 8.760480600943175e-06 0.022201483207842987 0.0028266905741651804 36157.627048601724 94.0 -19.04826933230754 0.8738025269139555 650.81 751.66 8 91 "Covariance may not be accurate."
2005gj 81 0.06160532485261019 712.4905276920898 0.0010082732899453968 4.999999999996048 0.7908637764190374 1.4087124512382476e-07 1.244060007365988e-05 3.418469211478848e-06 0.00028351125719172643 0.007634366852785401 79982.62339985839 76.0 -19.329980979589376 0.19678458254238151 698.7 795.54 16 65 "Covariance may not be accurate."
2005hc 79 0.043229996114174905 668.0818594758582 0.0018125289909875194 0.8118461443187721 0.07861607650390434 0.001245317010017944 0.04183547087302486 3.281055780231289e-06 0.03304747734924529 0.0033612846320774104 21508.82869718079 74.0 -19.074793907867875 0.9049626662595216 662.72 755.61 16 63 "Minimization exited successfully."
2005hj 50 0.07731402918272207 675.7643732808344 0.0012210988644588945 1.2377273701211653 0.030028609369542325 0.057311428215658315 28.197926423863294 0.027218425358060818 7.322744371272536 1.427452363866239 3232.2053629498764 45.0 -19.961718601565675 0.8352474106703056 671.67 761.57 12 38 "Covariance may not be accurate."
2005hk 89 0.03473327773130304 684.8249114336406 0.007120932652529172 -1.0984359163352413 0.2800553548437632 1.6622747755698497e-07 8.871638783602975e-06 8.118094318736082e-06 0.012701493960296517 0.0012313402028318876 104026.08981319384 84.0 -20.07419975162181 1.2543772781292404 675.61 761.54 16 73 "Covariance may not be accurate."
2005iq 70 0.05115411301655639 688.4381822536326 0.003072557019716607 -0.9264735299185691 -0.052351594060215056 0.0010083693791538388 0.024127824963954936 6.8459809735397104e-06 0.0268505717700811 0.0033033929148233443 2522.8019217841784 65.0 -20.024507874163074 1.2430185010191934 682.55 755.55 16 54 "Minimization exited successfully."
2005ir 52 0.0656182867354218 685.978724816662 0.0006601947370273809 0.5371263641824928 0.08151161282172259 0.0026418560277509037 0.10825741709936665 3.3034017187253068e-06 0.0939460953724005 0.0070598689504394185 235.05738470986938 47.0 -18.9195364309043 0.9521699126161032 682.62 728.63 15 37 "Minimization exited successfully."
2005kc 48 0.0035000001830515384 698.0450794427588 0.0064443130171134375 -0.7157538579016238 0.34531998142619647 0.000364468441728352 0.015149770638686277 1.59700433155943e-05 0.019031286434718186 0.003637133372577206 1676.092384813653 43.0 -14.932995958238621 1.1699609359318295 687.52 728.54 19 29 "Minimization exited successfully."
2005ke 145 0.004900804297249681 700.3750021262441 0.014392161064674613 -1.3255255175235514 0.6141538617030387 3.362695946622189e-07 2.5973786932809162e-05 2.941758742273405e-05 0.010759949107780997 0.0022491951140256594 342447.0178846169 140.0 -16.552217383210873 1.274081731353787 689.69 819.51 24 121 "Minimization exited successfully."
2005ki 163 0.014706285505380227 705.7849273118645 0.009340757045939228 -1.5570600478541685 -0.019740781553222786 0.000966248997099373 0.018376568221128764 2.3185549545928948e-05 0.015649813129894108 0.00301135797009644 215396.17961694722 158.0 -18.465184797687613 1.385776687476863 695.86 861.5 12 151 "Minimization exited successfully."
2005ku 20 0.05759474900851362 698.8599994793003 0.0013495772454957895 0.2706697070599082 0.17894640054401245 0.003754830421682759 0.3672020212117104 1.581974054256361e-05 0.21102997802538503 0.015526056131369592 78.2740632076933 15.0 -19.401301868559635 0.9945391098095122 699.56 729.56 0 20 "Minimization exited successfully."
2005lu 49 0.031932760133932495 719.9433787548998 0.0013286373766377537 -0.3443409719840025 0.470822642188758 5.443166795071619e-08 9.803705438571342e-07 7.101488213738559e-06 0.0480713061499638 0.0085179267797032 3952.561660921167 44.0 -18.07234173473236 1.089543890641199 720.63 799.52 0 49 "Minimization exited successfully."
2005mc 52 0.01075981351714482 731.0991611993483 0.002369233949983904 -2.24068015608494 0.27276022677096523 0.002224857284997786 0.11450757010777579 2.9706182985209236e-05 0.04460648062341499 0.008427463777400557 586.8112503822507 47.0 -16.29443725334912 1.5321475573412222 736.79 773.62 0 52 "Minimization exited successfully."
2005na 91 0.0263000599822214 744.2850564379877 0.005327492482351476 -1.4778381618875684 -0.009165568335585461 1.3305436510555047e-07 1.789409736829839e-06 9.984098099008725e-06 0.013398938519844084 0.0030766598222964348 31085.40406932218 86.0 -19.137015996349476 1.3655917509136302 738.71 834.54 12 79 "Minimization exited successfully."
2006D 147 0.031863099096814444 758.2649353823075 0.030384350933780075 -1.170323209609836 0.14230644366519396 0.053697072796870776 28.725499635408255 0.03651603483022908 6.7768785510996326 1.4494175282761692 444284.54997728474 142.0 -21.45437324130095 1.281511510692523 751.84 891.61 8 139 "Covariance may not be accurate."
2006X 124 0.005209839627682182 788.439747713865 0.009529040690357963 0.28488362936947986 1.4989144534870942 0.04422501852228202 29.539118197779317 0.02970640244287147 7.165745064262717 2.929544601217766 391805.71891230723 119.0 -16.341110734604936 0.917304261024416 775.68 906.46 26 98 "Minimization exited successfully."
2006ax 90 0.012609184198793179 828.0202402641027 0.01426981609534114 -0.03338517528020901 0.012313386488602474 0.0007271455451016012 0.014646604068502711 2.962265186843248e-05 0.014427417727280734 0.0019199025629429434 48881.28305013407 85.0 -18.588512573348826 1.0587474240906545 815.64 891.5 24 66 "Minimization exited successfully."
2006bd 21 0.0035001869246912994 813.5532337047098 0.0007626435799213127 -1.3704850567693234 0.5946130795796454 0.00529541331810057 0.2907355923316004 2.6074769429823574e-05 0.08322623433488463 0.023749647414894826 858.431345418673 16.0 -12.628166228589585 1.285628262376406 823.7 872.57 0 21 "Minimization exited successfully."
2006bh 73 0.0035000000059747564 833.8220571510276 0.028618250085885085 -1.693883535068136 -0.011832858343637231 2.9833316447116717e-05 0.02243141141934757 4.811117030241799e-05 0.00988943544128218 0.002011898684996405 41377.42340360583 68.0 -16.54474496295839 1.4189983154364558 831.9 891.79 7 66 "Minimization exited successfully."
2006br 23 0.01701472140674979 849.9480595673022 0.0004230345804094649 -0.552336586156656 0.9999999768840522 0.006921067981052067 0.5584469797547627 1.708243248778885e-05 0.29299312852432813 0.010323236442898454 28.83148794687287 18.0 -15.48003201965269 1.08969259453621 858.69 890.61 0 23 "Minimization exited successfully."
2006bt 39 0.0035000601468767826 858.2544066649353 0.0025262949373855703 -0.0800921392157381 0.23184506870890198 0.0021790595560069645 0.04833933886499153 1.0069589899121224e-05 0.041261537734075926 0.004948469213145734 806.2167284396332 34.0 -13.913166582467813 1.0552917362320926 853.76 891.71 3 36 "Minimization exited successfully."
2006dd 141 0.005899370661181182 931.5450582963098 0.04999999999999995 4.999999999999984 0.999999999999992 4.933108231804095e-10 6.321727141767042e-08 2.4384384714817853e-06 0.0006362190622617447 0.0004629205908680545 1251596.7685820824 136.0 -18.407392114599674 0.200763469845068 906.94 1147.57 1 140 "Minimization exited successfully."
2006ef 36 0.004754317150675962 970.9984122359932 0.010036484759879958 -1.789951820080729 0.053573665661632575 0.0010206147330013961 0.06740998315359548 7.832184367304474e-05 0.026152016377811726 0.005271189042723279 32648.847624056547 31.0 -16.07446864107274 1.4368066909957857 979.9 1040.71 0 36 "Minimization exited successfully."
2006ej 43 0.008221919873150844 976.5051475868846 0.008071252431226692 -1.7100953249932749 0.009716230446355612 0.001242446720875679 0.08225263217212841 5.1980406601602296e-05 0.029061519372264755 0.005438987726554267 8189.035465436233 38.0 -17.033003959953092 1.4209755508068618 979.74 1046.74 0 43 "Minimization exited successfully."
2006eq 36 0.05826640627550054 974.3380234888758 0.000770123075088236 -1.8619237327847822 0.19466284004670098 0.004218857474502794 0.22313188436191922 1.7930966534120086e-05 0.05009101667220106 0.01767102318635827 54.652421728131024 31.0 -18.81762752612936 1.4405690494787322 981.64 1018.51 0 36 "Minimization exited successfully."
2006et 85 0.031747597960236164 994.9926709420098 0.006371570325177209 0.8286925776479093 0.23174455954227624 0.0006377331907319577 5.469859502227337e-06 1.269803592942459e-05 0.02114083795532018 0.0028179060632528286 55082.266349622856 80.0 -19.753376194456678 0.8958926371617988 983.64 1099.54 15 70 "Covariance may not be accurate."
2006ev 29 0.03882049811845703 989.702384473372 0.0018968768668842868 -1.2563524007456017 0.2853929696080644 0.00291468924264586 0.13878732900212754 2.0756137519942187e-05 0.05408089112778969 0.008960497325513517 83.72760036387609 24.0 -18.886225727922202 1.2883485539507085 994.59 1038.53 0 29 "Minimization exited successfully."
2006fw 25 0.083999995115692 1004.2289057795116 0.0003797655893046065 -0.4707523766178996 0.16280177717738664 0.0008185675640309253 0.1156637174755133 2.0996013856328154e-06 0.09364359733336602 0.005922132631441368 851.1294696602266 20.0 -18.88396650587122 1.1339839914501262 1001.75 1039.73 5 20 "Minimization exited successfully."
2006gj 52 0.047930547409967626 1000.3335673265168 0.0011471332201560991 -1.650758974393629 0.3735041928441083 0.0012937194686716072 0.05196167131197171 4.2021625035221655e-06 0.0698982653122815 0.007480781550823101 2395.4300203603407 47.0 -18.815427016964005 1.370515481743947 998.83 1096.59 4 48 "Covariance may not be accurate. Covariance not positive definite. Covariance forced positive definite."
