analysis_pipeline/fit_results/csp_5_sn91bg_salt2_phase_all.ecsv
# %ECSV 0.9
# ---
# datatype:
# - {name: obj_id, datatype: string}
# - {name: num_points, datatype: int64}
# - {name: z, datatype: float64}
# - {name: t0, datatype: float64}
# - {name: x0, datatype: float64}
# - {name: x1, datatype: float64}
# - {name: c, datatype: float64}
# - {name: z_err, datatype: float64}
# - {name: t0_err, datatype: float64}
# - {name: x0_err, datatype: float64}
# - {name: x1_err, datatype: float64}
# - {name: c_err, datatype: float64}
# - {name: chi, datatype: float64}
# - {name: dof, datatype: float64}
# - {name: b_max, datatype: float64}
# - {name: delta_15, datatype: float64}
# - {name: tmin, datatype: float64}
# - {name: tmax, datatype: float64}
# - {name: pre_max, datatype: int64}
# - {name: post_max, datatype: int64}
# - {name: message, datatype: string}
# schema: astropy-2.0
obj_id num_points z t0 x0 x1 c z_err t0_err x0_err x1_err c_err chi dof b_max delta_15 tmin tmax pre_max post_max message
[from data line 98]
2008bt 84 0.08312395040704135 1556.6107222615074 2.1899149160731213e-14 0.8102050989191314 3.324593988995872e-09 1.2123049356049798e-08 2.4673170173628023e-07 0.0 3.8510922750756293e-07 4.298259645180158e-06 162156.05435374632 52.0 -21.835529215907304 1.928800779820886 1571.61 1651.47 0 84 "Covariance may not be accurate."
2008bz 70 0.08399962912510284 1569.2273302717097 3.747002708109903e-15 0.6500088329554206 4.214162129373422e-05 2.798144563276317e-10 1.8333533944314695e-05 0.0 3.728931941004987e-09 3.7155861089765985e-05 188727.84725942035 47.0 -19.942680914105672 2.260631886954343 1580.72 1651.52 0 70 "Covariance may not be accurate."
2008cc 167 0.004544747404117392 1568.7699363341858 1.4346857035718585e-13 1.240687358521618 0.5000099400011062 7.258227170767878e-09 4.769538350046787e-06 0.0 5.9123083762102624e-08 0.28379541243418493 609586.3680387213 60.0 -16.461310493878635 1.4623865125379574 1582.86 1654.86 0 167 "Covariance may not be accurate. Covariance not positive definite. Covariance forced positive definite."
2008cd 23 0.050614038723576116 1582.991326639281 1.0658141036401503e-14 0.8195186147323935 0.4339629541687727 0.05851426201021939 16.01711215662783 0.9223868977314702 0.4437474117321707 0.6933465524373065 1584.119283125973 18.0 -19.099944141873543 1.9136782545523197 1587.74 1595.73 0 23 "Covariance may not be accurate."
2008cf 96 0.0035005278086009993 1607.0154951617649 8.493206138382448e-15 0.6799701021585798 0.5000811264792586 1.1576709738406188e-09 6.302421870605599 0.0 7.556485894788523e-07 2.849244711888854e-06 614284.4425482847 71.0 -12.82332879461821 2.1882821069876464 1595.77 1654.65 38 58 "Covariance may not be accurate. Covariance not positive definite. Covariance forced positive definite."
2008ff 230 0.003507126570314207 1709.6498962957885 3.5887959271008185e-14 1.0768696952357 0.02111581915919758 4.845971972224777e-10 1.3980535413793405e-06 0.0 1.7397412599429174e-07 0.008555774446900977 252960.8544468164 99.0 -15.336619213280233 1.5934658349145465 1724.53 1790.57 0 230 "Covariance may not be accurate."
2008fl 186 0.003500000194875531 1710.2560276685992 3.930189507173054e-14 0.9817343312507081 0.018314839212857648 5.680618865924747e-11 8.280543113414751e-05 0.0 4.228908646652929e-06 0.013092701458611744 828447.287568116 96.0 -15.435392909060173 1.6919651340409843 1724.49 1789.53 0 186 "Covariance may not be accurate."
2008fp 300 0.05042360970440961 1713.3956436886797 5.632994071191888e-13 0.6506396907746671 0.5506611002978897 0.05848414220620552 21.00544587405045 0.9227359116350116 0.37719136216967164 0.7211018685808213 2204845.957074705 117.0 -23.164184876066052 2.259066348260955 1724.84 1874.61 0 300 "Covariance may not be accurate."
2008fr 150 0.0035187433929330875 1726.0145407391171 2.3814283878209608e-14 0.7436769608065461 0.397513131759441 0.04898039331099442 20.21836520409238 0.9223868713637974 0.43905364010163367 0.6823447243055336 190147.61303441977 73.0 -14.181821222367244 2.049556125244731 1738.78 1807.57 0 150 "Covariance may not be accurate."
2008fu 103 0.05136820232977994 1739.2251118330864 4.413136522884997e-15 0.8968632096370867 0.44975239816148255 0.055642116612624686 27.445246394183528 0.9223869167647445 0.4364385135211092 0.7208523237904222 67166.34854840893 84.0 -18.14145865089172 1.799008821998175 1737.84 1817.67 2 101 "Covariance may not be accurate."
2008fw 162 0.00351727077080493 1726.5262978675946 1.5079604231971189e-13 0.9179700097294194 0.04684723100191607 8.02940655262284e-09 3.4062314966831764e-05 8.326672684688674e-17 2.030442933120824e-06 0.00029563319454672943 553635.1662368856 60.0 -16.858876510304654 1.7704285277301413 1740.89 1827.81 0 162 "Covariance may not be accurate."
2008gg 198 0.003500000305284599 1738.721237570637 2.9726221484338566e-14 0.6500000000011809 0.00026292969853142223 4.317071006232354e-12 1.6621054328425089e-06 4.163336342344337e-17 7.331357743112221e-13 4.816404750243586e-05 373598.9405083003 99.0 -15.161024275801998 2.260654073647361 1753.63 1827.57 0 198 "Covariance may not be accurate."
2008gl 166 0.07604538899840474 1770.7477302275502 8.409939411535561e-15 0.6500000000003608 0.5000070001382847 nan nan nan nan nan 569787.0512706924 122.0 -19.61425664184337 2.2606710803354133 1765.7 1844.55 36 130 "Covariance may not be accurate. Covariance not positive definite. Covariance forced positive definite."
2008go 43 0.08280571611872825 1753.6637650534474 7.494005416219807e-15 0.6500000000698646 0.06485520886199836 0.05428749309495671 13.830769164161211 1.1129627502684283 0.4451883568258216 0.5035969681948853 127354.55444058716 38.0 -20.555155474727897 2.2606560079790476 1764.54 1776.58 0 43 "Covariance may not be accurate."
2008gp 169 0.003500065373795039 1778.7089811493108 9.242606680004428e-15 1.2047875497704021 2.563460177940069e-05 0.04953195086871098 29.291769843453835 0.9223869902266277 0.30807211533514417 0.6170489259601541 142147.82587651542 108.0 -13.893082479245344 1.486543121753943 1768.75 1844.52 33 136 "Covariance may not be accurate."
2008ha 106 0.08399999979416838 1770.3783159382242 1.074140776324839e-14 0.6502993928629395 0.007035164815893669 0.049503588708175464 21.233909593910766 0.9223951534750354 0.36325152877099687 0.6484728395635647 54431.976898669396 88.0 -21.07506318402926 2.259902766094619 1781.55 1810.55 0 106 "Covariance may not be accurate."
2008hj 127 0.0035000005332989728 1795.5910490773122 1.049160758270773e-14 1.0925367468266176 0.40518744004419693 6.2312753177848346e-09 0.0614318534164795 0.0 0.026714061009887713 0.0007581727652624104 413958.1618842081 91.0 -13.2647191757504 1.5787198289569275 1794.58 1834.55 12 115 "Covariance may not be accurate."
2008hu 97 0.07875768585624723 1796.208261864298 6.328271240363392e-15 0.6500000000492407 5.551115123125783e-15 2.2398504828657906e-08 1.656612153055903e-05 0.0 6.128819673989483e-12 1.3476668802581138e-05 101806.82371439635 84.0 -20.36387670716014 2.26065406639292 1804.74 1844.84 0 97 "Covariance may not be accurate."
2008hv 225 0.00351412888416098 1816.591484998519 4.3298697960381105e-14 1.2348394019369577 0.03136666366459673 0.04904953102965192 29.4757250528113 0.9223868654311732 0.3258527426742804 0.5343780025924713 294157.6194200617 111.0 -15.527993914556834 1.4661842063699098 1804.8 1912.7 50 175 "Covariance may not be accurate."
2008ia 166 0.006063833953978362 1814.7384841777298 1.6403545188836688e-14 1.2023886490889972 0.49693754924868555 8.414586512192276e-05 0.0008503735189151485 0.0 0.00010857223509741498 1.6974378006850976e-05 106776.60090284856 87.0 -14.743077594144431 1.488254504870227 1809.77 1874.69 27 139 "Covariance may not be accurate."
2009D 176 0.003501310975324179 1845.229940074143 3.6887159993170826e-14 0.6745268535214698 0.5000213720260731 2.2574943108442935e-10 1.3359901686271769e-05 0.0 8.261559458766499e-08 0.1895621138834001 1428753.931066459 126.0 -14.418418720795135 2.2010508907761235 1834.67 1890.52 66 110 "Covariance may not be accurate. Covariance not positive definite. Covariance forced positive definite."
2009F 139 0.08399999928978961 1847.9923789074817 9.908740494779522e-15 1.23088080738698 0.23761364503733207 6.0890598119200945e-12 1.5247318060573889e-05 0.0 8.484930269503366e-08 0.0009031613814381445 259646.12070505784 102.0 -20.539722218397937 1.468793918614697 1837.75 1884.63 72 67 "Covariance may not be accurate."
2009I 55 0.08399871375716798 1845.5213947392128 4.246603069191224e-15 0.6500009284362422 6.018087694847907e-10 7.884383423917285e-10 4.2960944711012417e-05 0.0 1.829400297914674e-09 1.6191193429881956e-05 60914.98657981479 33.0 -20.078616396742724 2.2606517350646946 1846.58 1867.58 0 55 "Covariance may not be accurate."
2009J 41 0.08399593512459021 1835.655788488582 6.827871601444713e-15 0.6500018792258537 0.4999988316165698 2.6815627496290517e-09 0.06306705829729253 0.0 4.907888317973175e-09 2.459637092333544e-07 39335.39050158104 36.0 -19.61601148064164 2.2606663611270896 1846.74 1867.68 0 41 "Covariance may not be accurate."
2009P 99 0.06477977614670938 1853.2429321947996 3.505529200253932e-14 0.6742968447960155 2.0830932181914452e-05 8.680861880092094e-07 0.00011284797722055373 4.163336342344337e-17 2.9924583737073185e-06 3.353100134623199e-05 119924.36122961882 69.0 -21.776756423996055 2.201577733437471 1867.74 1931.61 0 99 "Covariance may not be accurate."
2009Y 264 0.003507171329487181 1879.768428616516 1.268984917146554e-13 0.6963619176603889 0.0019241928194990154 6.402761773462856e-10 1.6685561718077224e-05 4.163336342344337e-17 1.351242053249102e-07 0.00020671312991490942 901713.6721636889 111.0 -16.738653721766948 2.150641244227039 1868.84 1976.65 45 219 "Covariance may not be accurate."
2009aa 232 0.0035000220414653335 1884.9053617682139 1.049160758270773e-14 1.1225016045369256 0.0015675299411214705 2.2072815797358203e-11 8.715578132978408e-06 0.0 1.2860814413429011e-07 0.0001714180463426307 774763.449311597 120.0 -14.028242838022052 1.5516493253347328 1868.77 1956.66 90 142 "Covariance may not be accurate."
2009ab 102 0.0035134738345899775 1893.9197556532818 3.863576125695545e-14 1.2038307198318638 0.5703951095212277 1.681927193439986e-09 2.3078131221154763e-05 0.0 2.581257410039228e-07 0.0017292477314432286 1035312.1465717999 55.0 -14.359341057283718 1.487232874515854 1874.57 1911.51 72 30 "Covariance may not be accurate."
2009ad 128 0.0752163089925743 1894.33340122245 8.659739592076221e-15 1.082951798825589 1.7668628227163197e-09 2.7227000473639684e-08 1.8442715258970566e-05 0.0 2.916474908243316e-07 4.64091052912452e-06 731646.6421895904 89.0 -20.599122891773117 1.5876913182117391 1878.6 1921.53 67 61 "Covariance may not be accurate."
2009ag 208 0.0035000096422402975 1878.8798405167868 1.6370238498097933e-13 0.6602009466546448 0.5192519034508244 4.439013253016485e-07 0.0009116506598729757 1.249000902703301e-16 2.7234827569833087e-05 0.000260882816293051 491362.33127282275 79.0 -16.004837946087264 2.2354198621371477 1886.62 1959.54 0 208 "Covariance may not be accurate."
2009al 123 0.06664334834569954 1894.8218387907839 9.742207041085749e-15 0.9162718940138266 3.1477142303781847e-07 4.501252434604974e-07 0.00024846802955380554 0.0 4.020073566368687e-06 3.879033981718516e-06 245824.99683135407 90.0 -20.451029446367688 1.7726804088761803 1891.71 1973.54 18 105 "Covariance may not be accurate."
2009cz 83 0.0035000042925793138 1951.1220271153145 1.6903145549918008e-14 1.0168348600621804 3.140186055627936e-09 3.159856295890939e-11 3.076551479352929e-05 0.0 4.971428844147141e-07 6.374412417770037e-06 430823.89932933665 45.0 -14.548516614395592 1.653564288968436 1937.53 1966.46 47 36 "Covariance may not be accurate."
2009dc 116 0.0035000009960091854 1931.3834615665658 7.444045380111675e-14 0.65000000000013 1.8647454902431804e-07 1.2649535477242402e-10 0.00022382322367775487 4.163336342344337e-17 2.994171577341831e-11 1.650412957715508e-06 815156.9580082949 58.0 -16.158111859474566 2.260654066521301 1938.77 1976.68 0 116 "Covariance may not be accurate."
2009ds 92 0.006120940565077693 1940.1695616659038 9.29256671611256e-14 0.95735233404785 0.38699892780544276 0.04288798911752473 20.769885813708697 0.9223962250088099 0.4244951805616672 0.6789538267067347 238321.03858157128 50.0 -16.88749402120335 1.720547532579971 1954.64 1976.62 0 92 "Covariance may not be accurate."
2009le 66 0.07400277653511407 2145.4475733206123 3.780309398848658e-14 0.6500000000727124 1.6653345369377348e-15 3.446705053311572e-08 1.6770865840953775e-05 0.0 8.575529175658403e-12 5.795255506896302e-06 655958.4474021231 53.0 -22.161994284643836 2.260654066333977 2153.53 2169.58 0 66 "Covariance may not be accurate."
2010ae 57 0.08399997947031207 2263.3131285310133 1.199040866595169e-14 0.7904376210634863 0.49987776557530567 2.1880750041280983e-06 0.03101081861586863 4.163336342344337e-17 0.13519530612563413 0.0003366054157344367 9948.52311854979 21.0 -20.227796560179048 1.9622721635593408 2258.59 2305.53 24 33 "Covariance may not be accurate."
