analysis_pipeline/fit_results/csp_5_sn91bg_color_interpolation_blue.ecsv
# %ECSV 0.9
# ---
# datatype:
# - {name: obj_id, datatype: string}
# - {name: num_points, datatype: int64}
# - {name: z, datatype: float64}
# - {name: t0, datatype: float64}
# - {name: x0, datatype: float64}
# - {name: x1, datatype: float64}
# - {name: c, datatype: float64}
# - {name: z_err, datatype: float64}
# - {name: t0_err, datatype: float64}
# - {name: x0_err, datatype: float64}
# - {name: x1_err, datatype: float64}
# - {name: c_err, datatype: float64}
# - {name: chi, datatype: float64}
# - {name: dof, datatype: float64}
# - {name: b_max, datatype: float64}
# - {name: delta_15, datatype: float64}
# - {name: tmin, datatype: float64}
# - {name: tmax, datatype: float64}
# - {name: pre_max, datatype: int64}
# - {name: post_max, datatype: int64}
# - {name: message, datatype: string}
# schema: astropy-2.0
obj_id num_points z t0 x0 x1 c z_err t0_err x0_err x1_err c_err chi dof b_max delta_15 tmin tmax pre_max post_max message
[from data line 97]
2008bq 64 0.06794419835464138 1547.8410068686746 7.227551890309769e-14 0.8845699793240619 0.5001508391868924 2.1988598455757735e-05 nan 0.0 0.00010731599277929993 0.0001223123741366794 194258.0101647152 59.0 -21.692479826437165 1.81710094455293 1562.49 1606.46 0 64 "Covariance may not be accurate."
2008bt 49 0.02838449555853368 1575.7763582233995 1.2656542480726785e-14 0.6505694786069064 0.03213382596873693 7.383205994438216e-05 0.002026831601824597 0.0 4.2044006954677915e-05 0.0001299200814556256 37494.81621047193 44.0 -18.76907200992943 2.2609082240615237 1571.61 1651.47 12 37 "Covariance may not be accurate."
2008bz 44 0.0832768046583503 1565.8234914230409 3.6387559632089506e-14 0.7407290031250543 0.49475360528979834 0.045663661342725786 23.71894973702524 0.9223868525131584 0.4385401052759994 0.7091504242822503 53777.58209715022 39.0 -21.42581596778716 2.0568179192836524 1580.72 1651.52 0 44 "Covariance may not be accurate."
2008cc 81 0.08349104440024022 1579.7415010842356 1.9642620863180582e-13 0.9378601216729041 0.5325420225581923 8.549921857448073e-07 0.020864953164846156 4.163336342344337e-17 1.6100818759301472e-05 2.1667575117567672e-05 114539.07810591815 76.0 -23.19694281526531 1.7454877742153236 1582.86 1654.86 0 81 "Covariance may not be accurate."
2008cd 14 0.0802535590704168 1580.2375128439635 9.242606680004428e-15 0.6500242708534965 0.05081678886031826 2.615004128930787e-07 0.0001464912843402999 0.0 5.1799655231832276e-08 0.0037581317011882442 1177.938036184331 9.0 -20.735150722242892 2.26227959525767 1587.74 1595.73 0 14 "Covariance may not be accurate."
2008cf 45 0.0778047201797068 1586.7889974799818 3.447242491461111e-14 0.8343686758757849 0.4718040376880415 2.8351744056631656e-07 0.026282329519744962 0.0 3.383519994293316e-06 5.990504578667899e-06 94216.01580920257 40.0 -21.265859168676524 1.8912749308900807 1595.77 1654.65 0 45 "Covariance may not be accurate."
2008ff 86 0.08267066633704499 1709.5369327211583 1.5312751067142472e-13 0.7037134148384697 0.5012206380057522 0.04473614826336209 24.373868173578785 0.9223871524910714 0.42868010036496373 0.7106478295852835 49611.423601324976 81.0 -22.954473571170546 2.135646608339391 1724.53 1790.57 0 86 "Minimization exited successfully."
2008fl 89 0.08496470355406112 1714.0928251634168 6.752931547282515e-14 0.899708491645109 0.5000685406427088 1.6006025047032857e-09 1.1958767913711199e-05 0.0 2.76703858437255e-07 0.22201392843256568 206973.39463405393 84.0 -22.130291019827588 1.7959792663878122 1724.49 1789.53 0 89 "Covariance may not be accurate. Covariance not positive definite. Covariance forced positive definite."
2008fp 115 0.01194067729578041 1732.0855347535921 2.4322210911975617e-13 1.1426558998875174 0.5072270675638373 9.572280558477718e-05 0.00038775277357672167 4.163336342344337e-17 2.0546022054257485e-05 1.951281905337998e-05 60483.83220783569 110.0 -19.133053230926063 1.5349562004365112 1724.84 1820.73 18 97 "Covariance may not be accurate."
2008fr 68 0.08484575481273648 1735.5703006275508 2.4980018054066022e-14 0.827767543027816 0.46387136845411636 0.053246757931226726 29.560097609098648 0.9351238525151344 0.4482977393822894 0.7061028193830068 44209.34401492713 63.0 -21.133230160893728 1.9015975896818524 1740.72 1807.57 0 68 "Covariance may not be accurate."
2008fu 45 0.08338433926267612 1726.3180023728582 1.9817480989559044e-14 0.6500000050245445 0.5000686666789556 5.523083910358162e-08 5.438348102870805e-05 0.0 2.6454616275373155e-10 0.28451204008949266 18033.140004832694 40.0 -20.756022877636124 2.2623564536139007 1740.75 1817.67 0 45 "Covariance may not be accurate. Covariance not positive definite. Covariance forced positive definite."
2008fw 92 0.058784269434878446 1726.7109959179777 6.083467063433545e-13 0.7180972262936074 0.3869795256405707 0.054248017274438926 22.068772129978697 0.9246362293532622 0.32677108565465407 0.679537165673885 252417.76216028057 87.0 -23.925460380335345 2.1041069195002393 1740.89 1827.81 0 92 "Covariance may not be accurate."
2008gg 96 0.01672523215701929 1742.3377545005196 6.09512440519211e-14 0.7185084601967079 0.26031699046306356 0.06113383288456188 21.1094442595861 0.9246097307521091 0.4334922917153077 0.6296493008473281 93423.14778732932 91.0 -18.85435349754408 2.1032190719852117 1753.63 1827.57 0 96 "Covariance may not be accurate."
2008gl 79 0.04752227746732543 1773.7546591993455 9.742207041085749e-15 0.7599369160543081 0.00013567005401626808 4.513289131660714e-08 2.1716453716180695e-05 0.0 2.5372305784143734e-07 5.625251788221597e-05 226967.42513554904 74.0 -19.686501817061856 2.019054261320676 1765.7 1844.55 20 59 "Covariance may not be accurate."
2008go 24 0.05837770952428253 1749.5633563527906 1.7319479184152442e-14 1.2300346261608115 0.5001010498361872 0.003170682739389502 0.03852853482874252 2.0816681711721685e-16 0.010383448226497283 0.009673413394681668 45889.67447165661 19.0 -19.797001056468652 1.4697778308988703 1765.61 1776.58 0 24 "Covariance may not be accurate. Covariance not positive definite. Covariance forced positive definite."
2008gp 73 0.0025015884653563866 1779.5167063435788 1.0408340855860843e-14 1.21676634619666 0.01148091295865239 0.04821696758003379 29.382813090943614 0.9223869655438495 0.41905925522551885 0.5674639008179545 41330.173841715245 68.0 -13.272861107006502 1.4786764172944906 1768.75 1814.69 14 59 "Covariance may not be accurate."
2008ha 50 0.08193901638989348 1766.6817534184167 2.881028748902281e-14 0.7913503717253407 0.5000838685660134 4.395496271195065e-06 nan 0.0 6.423854213727376e-05 9.282261468535058e-05 23577.33140977169 45.0 -21.122089908281936 1.9618242316969265 1781.55 1810.55 0 50 "Covariance may not be accurate."
2008hj 62 0.01976289622384609 1779.7152803464537 6.802891583390647e-14 0.6738136502096002 0.00048238039865100557 0.06127860197943896 23.58884172987439 0.9223870852863617 0.3141980226622015 0.6055760484340662 131524.50555606443 57.0 -19.845741642501288 2.204297646440514 1795.56 1834.55 0 62 "Covariance may not be accurate."
2008hu 45 0.06928837246521008 1799.8547240163168 4.3298697960381105e-15 0.9444557745218705 0.5078360087535501 6.508700708951487e-07 4.196595375227048 0.0 5.708879702859271e-06 9.387836757912549e-06 75126.2358455615 40.0 -18.66862962346501 1.7371857220523843 1806.76 1840.68 0 45 "Covariance may not be accurate. Covariance not positive definite. Covariance forced positive definite."
2008hv 93 0.07839349591894806 1817.7689403921538 2.040867475017194e-13 0.7137404192872717 0.5000789415272485 2.7520842653394606e-08 2.3146947341956547e-05 4.163336342344337e-17 2.267648639975306e-07 0.2626229322166183 557581.1069388852 88.0 -23.146324925106825 2.113547904398297 1806.79 1884.68 19 74 "Covariance may not be accurate. Covariance not positive definite. Covariance forced positive definite."
2008ia 57 0.07007010023596183 1796.8845469535772 6.961098364399732e-14 1.1939727857824016 0.5000051531226017 1.8247337308860412e-06 0.0019508128973484418 2.0816681711721685e-16 1.5428350197632668e-05 0.5344462759809433 112722.00232675819 52.0 -21.72210889163304 1.494767862578433 1809.77 1858.76 0 57 "Covariance may not be accurate. Covariance not positive definite. Covariance forced positive definite."
2009D 83 0.031480548746831025 1843.061136502017 5.46229728115577e-14 1.0728487654192935 0.3943363919282527 0.06097593533354447 29.072323885656942 0.9223871622612662 0.44338992325533993 0.681330307196029 230941.31030923114 78.0 -19.89426290530828 1.5979365809000416 1834.67 1884.53 28 55 "Covariance may not be accurate."
2009F 57 0.03790117474514278 1847.6038795654122 1.3572476476042539e-14 1.1530344361102243 0.4301428551950237 0.06008779669628978 29.27880047369831 0.9223868944139011 0.3462543567322394 0.6922479498145269 142824.0012168883 52.0 -18.722149507011228 1.5263832532717778 1837.75 1884.63 28 29 "Covariance may not be accurate."
2009I 18 0.03393657043153921 1848.9848618687886 8.326672684688674e-15 0.6500001307428048 0.4456064803558455 2.1071314749640524e-07 0.00010306138426585676 0.0 1.4638227296970285e-09 0.0028342066714329983 25352.541906130446 13.0 -17.911858282056713 2.2623541662522086 1848.58 1867.58 4 14 "Covariance may not be accurate."
2009J 23 0.08395119796032537 1845.270317332204 7.16093850883226e-15 0.651594690604665 0.5071475696058267 0.0001017955995006592 0.0541065867251973 0.0 0.00019050338245601983 0.006141824182030908 6595.898000877138 18.0 -19.65518739618771 2.2583528576396574 1848.7 1867.68 0 23 "Covariance may not be accurate. Covariance not positive definite. Covariance forced positive definite."
2009P 53 0.06882466353192902 1857.152178859418 1.086630785351872e-13 0.6568521773919079 0.5000925710800437 6.516962110618418e-06 0.015264013466321558 0.0 1.6728175740443607e-05 0.6728287059393544 36660.49340960879 48.0 -22.164617254024154 2.2452824279229375 1867.74 1931.61 0 53 "Covariance may not be accurate. Covariance not positive definite. Covariance forced positive definite."
2009Y 116 0.010115431144653794 1878.9134484761385 2.1257995364010185e-13 1.2455323215710492 0.49520515989990194 0.05954539210353081 29.305609981107978 0.9223871459930404 0.38963029549214573 0.7092562950548684 198065.1990159625 111.0 -18.646794830334038 1.4596639562300222 1869.84 1976.65 20 96 "Covariance may not be accurate."
2009aa 82 0.0702490549063171 1879.4288744806997 1.3405943022348765e-14 1.236483322047634 0.005690936473970509 0.060997838155813944 29.371549369725017 0.9223869107776642 0.4033084139645549 0.5819674302594857 82136.88471414654 77.0 -20.90862109494823 1.465522647255245 1869.68 1938.65 28 54 "Covariance may not be accurate."
2009ab 40 0.0469173635817668 1891.6785174425343 4.721223412218478e-14 1.209626715300855 0.21325957586829047 8.89721180341585e-08 3.390489428056753e-05 0.0 3.2328020671545943e-07 0.0007885045532436408 366374.4326066115 35.0 -20.96955844387191 1.4836042433349537 1874.57 1911.51 24 16 "Covariance may not be accurate."
2009ad 48 0.07870519855150328 1892.7945868417437 3.297362383136715e-14 1.2499668604173948 0.6134877661417879 2.2685869252928037e-06 0.00031147230436090467 4.163336342344337e-17 2.1231888693851175e-05 3.326342874759858e-05 292353.41562553775 43.0 -20.981114189395583 1.4568147579851107 1878.6 1915.45 24 24 "Covariance may not be accurate."
2009ag 72 0.08430440466818027 1875.8263596381319 4.163336342344337e-13 0.6590706542536031 0.48571512121482413 3.2669221376735447e-08 0.02284795751677393 0.0 3.181001589358523e-07 1.9792054064271536e-06 205190.842080011 67.0 -24.122073205884597 2.2398232883103475 1888.59 1937.5 0 72 "Covariance may not be accurate."
2009al 55 0.07306273475923006 1889.6953161717806 7.860379014346108e-14 0.8244671061454788 0.4966397121850853 0.0004974546421026779 0.24922072303786535 1.249000902703301e-16 0.003766440551148942 0.00025414388436242885 65290.97858847054 50.0 -21.957722469488985 1.9068203314426668 1897.7 1947.57 0 55 "Covariance may not be accurate."
2009cz 32 0.08383569556939342 1952.4134661215176 1.1099454688690003e-13 0.6500009805825655 0.5000038747567486 1.4809254322845078e-08 2.6308345013603684e-05 4.163336342344337e-17 1.163878826648812e-09 0.3009073042664319 293771.1139854962 27.0 -22.63916279956716 2.262353998393065 1937.53 1966.46 20 12 "Covariance may not be accurate. Covariance not positive definite. Covariance forced positive definite."
2009dc 40 0.06673677422898101 1923.816331271439 5.621336729433324e-13 0.7947237863320628 0.4052085559746953 0.05062587531604677 25.158792486497987 0.9223868770697023 0.37230816962995505 0.6847650568633948 148946.80923542884 35.0 -24.091150655834536 1.9559809440426683 1942.81 1976.68 0 40 "Covariance may not be accurate."
2009ds 36 0.05590608584606096 1941.4700908079005 2.0425328095541317e-13 1.0369358037783405 0.4410453402789125 0.0005417784108316739 0.08220166505748239 0.0 0.0028878389684667827 0.0007086216025543046 123101.37828434852 31.0 -22.51513825558558 1.6334195769125444 1956.68 1976.62 0 36 "Covariance may not be accurate."
2009le 36 0.07462401109068538 2144.2209701846446 1.1299294833122531e-13 1.0776281075310017 0.15614932689391464 0.04589562711907132 18.319046940228873 0.9223867776182981 0.44356416800250414 0.5736919116183442 307233.1026927047 31.0 -23.09104924841266 1.593355638665816 2155.62 2169.58 0 36 "Covariance may not be accurate."
2010ae 5 0.08497288480562175 2269.1221304267165 3.164135620181696e-15 1.1849414130509648 0.507289759224989 0.05171033823860856 26.81484439382689 0.9232131249676218 0.3243617409269968 0.7123817248128308 310.54465807310726 0.0 -18.795984405296622 1.5014395601370154 2271.53 2305.53 0 5 "Covariance may not be accurate."
