analysis_pipeline/fit_results/csp_5_sn91bg_salt2_phase_blue.ecsv
# %ECSV 0.9
# ---
# datatype:
# - {name: obj_id, datatype: string}
# - {name: num_points, datatype: int64}
# - {name: z, datatype: float64}
# - {name: t0, datatype: float64}
# - {name: x0, datatype: float64}
# - {name: x1, datatype: float64}
# - {name: c, datatype: float64}
# - {name: z_err, datatype: float64}
# - {name: t0_err, datatype: float64}
# - {name: x0_err, datatype: float64}
# - {name: x1_err, datatype: float64}
# - {name: c_err, datatype: float64}
# - {name: chi, datatype: float64}
# - {name: dof, datatype: float64}
# - {name: b_max, datatype: float64}
# - {name: delta_15, datatype: float64}
# - {name: tmin, datatype: float64}
# - {name: tmax, datatype: float64}
# - {name: pre_max, datatype: int64}
# - {name: post_max, datatype: int64}
# - {name: message, datatype: string}
# schema: astropy-2.0
obj_id num_points z t0 x0 x1 c z_err t0_err x0_err x1_err c_err chi dof b_max delta_15 tmin tmax pre_max post_max message
[from data line 98]
2008bt 49 0.0808568468812672 1558.6146525948711 7.46902539816574e-14 0.9038436578552007 0.5000248169490537 1.4644178345880887e-05 nan 4.163336342344337e-17 0.00019645352671676664 0.00024285918922678507 47968.351594847445 30.0 -22.12595938442 1.7894286209669037 1571.61 1651.47 0 49 "Covariance may not be accurate."
2008bz 44 0.08120128334415401 1568.8510664877551 3.064215547965432e-14 0.7169318548898287 0.49733492625929515 1.2097674867692088e-05 0.07793915524416661 0.0 0.00010913820516927908 0.00011784219791469153 56842.85449487326 29.0 -21.174953181044323 2.10519395902935 1580.72 1651.52 0 44 "Covariance may not be accurate."
2008cc 81 0.07536347949060561 1568.1582720212878 3.48471251854221e-13 1.0441410118279213 0.5000798061060618 4.70941721453233e-08 6.113982180977473e-06 1.249000902703301e-16 5.107793862313414e-07 0.3181666129265154 152251.01638618778 36.0 -23.636981101570086 1.6254914306139092 1582.86 1654.86 0 81 "Covariance may not be accurate. Covariance not positive definite. Covariance forced positive definite."
2008cd 14 0.08025355899212566 1580.2375128478063 9.242606680004428e-15 0.6500242708535408 0.051374864175262325 2.6150041659844803e-07 0.00014649128661403665 0.0 5.1799655675921485e-08 0.003781287661031363 1020.6223631026558 9.0 -20.734193153129333 2.260594626050512 1587.74 1595.73 0 14 "Covariance may not be accurate."
2008cf 45 0.07836512193919656 1587.991896677608 3.222422328974517e-14 0.7998518116637768 0.48585057996641806 2.1264487953115419e-07 0.01457415002300877 0.0 2.4758682796721665e-06 4.672691256646377e-06 103052.88734019078 28.0 -21.175950158374892 1.9461025222011692 1595.77 1654.65 0 45 "Covariance may not be accurate."
2008ff 86 0.0818510679964667 1709.5379057149555 1.1915468611789493e-13 0.8943102231614652 0.49962769250623584 0.043643370946295355 24.35861374604076 0.9223875192706525 0.43682716913481906 0.7102825674476942 40741.575245554755 58.0 -22.662081892530587 1.8025461107640783 1724.53 1790.57 0 86 "Covariance may not be accurate."
2008fl 89 0.07155231559902524 1711.971468389027 8.892886427247504e-14 0.873690602431801 0.5000777872565111 0.04791944399004916 20.03299896386011 0.9223871044950094 0.4396096295358313 0.710385759499537 185046.38679078966 65.0 -22.03564023969544 1.8316827610895121 1724.49 1789.53 0 89 "Minimization exited successfully."
2008fp 115 0.06131402869746131 1732.366934085813 3.1757929619402603e-13 1.0541259503051204 0.48524886586776794 0.05317555673857577 28.9280949709148 0.9223866604560536 0.3944407212774041 0.7068857862743929 106150.01470075529 76.0 -23.10246256491577 1.6155487429457107 1724.84 1820.73 18 97 "Covariance may not be accurate."
2008fr 68 0.07697849656979718 1726.1138815591844 5.0959236830294685e-14 0.95180310920957 0.5022440724885264 0.0009399391461362011 0.42012691198692664 8.326672684688674e-17 0.004303715581928769 0.002479874828906742 45748.62700234463 45.0 -21.594715968103618 1.7273010090098602 1740.72 1807.57 0 68 "Covariance may not be accurate."
2008fu 45 0.005980353743438737 1724.0792056059008 1.865174681370263e-14 0.6681166705165502 0.4997257801619826 0.057586208110876946 27.228087230924416 0.9223969025998504 0.4079935538990181 0.7103090530060621 20725.2487397802 33.0 -14.845418132876805 2.216285132233658 1740.75 1817.67 0 45 "Covariance may not be accurate."
2008fw 92 0.08449109574435029 1728.5444085288702 5.277445147555682e-13 0.8499047392398786 0.4857004055856691 0.04819582185159133 20.202151894950248 0.9223865764963379 0.4419947598076334 0.7069950994095027 181750.98759845644 41.0 -24.384645658606402 1.866585233830083 1740.89 1827.81 0 92 "Covariance may not be accurate."
2008gg 96 0.04448774793491845 1739.8270493272933 7.127631818093505e-14 1.007767989052908 0.5039700168692756 0.05872928703792983 21.46197048833824 0.9223870884227375 0.41061819916323367 0.7112755477850419 131793.90205876497 65.0 -20.714896916516985 1.663227524566608 1753.63 1827.57 0 96 "Covariance may not be accurate."
2008gl 79 0.002005038321899606 1767.5768566946551 1.7319479184152442e-14 1.0634173208562128 0.562618825446037 5.832988665855883e-06 0.0008068719705534022 0.0 3.6474881450421215e-05 4.3903011676338366e-05 92835.0118788647 57.0 -12.281128529986496 1.6064401643778936 1765.7 1844.55 8 71 "Covariance may not be accurate."
2008go 24 0.05837770895426234 1749.5633563536912 1.7319479184152442e-14 1.2300346231101318 0.5001010498366473 0.0031688578379158103 0.03854429673924642 2.0816681711721685e-16 0.010382599177649166 0.009670094535329937 48242.75486668966 19.0 -19.796999747943417 1.469358445638509 1765.61 1776.58 0 24 "Covariance may not be accurate. Covariance not positive definite. Covariance forced positive definite."
2008gp 73 0.0020519932367977236 1779.5174631474138 1.0408340855860843e-14 1.2129595907505797 0.00956742245527964 0.051900541279344084 29.38289060076579 0.9223869427555811 0.42119665607851314 0.5717694206180104 50263.56284197186 68.0 -12.844956643567247 1.4808508798772415 1768.75 1814.69 14 59 "Covariance may not be accurate."
2008ha 50 0.08200235664622466 1775.5348266179412 1.765254609153999e-14 0.7906700803800456 0.49939687344862366 4.438622896014988e-06 0.04048657231010111 0.0 6.493523271400292e-05 9.331336340764884e-05 18309.756573561324 45.0 -20.593630037978578 1.961867589541864 1781.55 1810.55 0 50 "Covariance may not be accurate."
2008hj 62 0.05809469185890349 1779.6713332509096 6.711298183859071e-14 0.716498661810188 0.022300403293210647 0.054490748539521794 23.772744535959077 0.922387084361766 0.32557564880175777 0.547676516482614 149896.31576608005 54.0 -22.199273995956663 2.1061135969761757 1795.56 1834.55 0 62 "Minimization exited successfully."
2008hu 45 0.06928797660506932 1811.2601088088763 4.246603069191224e-15 0.9444553006366436 0.5078051275004725 6.503670071933421e-07 0.03448029387129736 0.0 5.705006639045163e-06 9.357518631958328e-06 28124.712715494406 40.0 -18.647580040130016 1.736382008150727 1806.76 1840.68 8 37 "Covariance may not be accurate."
2008hv 93 0.07447792026200432 1817.9169398036647 1.4804824033376462e-13 0.6896550574916103 0.22199630012541693 0.045998593464076594 29.55623019354016 0.9223872977448483 0.4225573342988405 0.738751962957011 479846.01415030245 72.0 -23.236833405777315 2.1659025168314407 1806.79 1884.68 23 70 "Covariance may not be accurate."
2008ia 57 0.08499825811905595 1798.283244736589 1.1723955140041653e-13 0.6549606559771699 0.4780721326720065 2.541793442389917e-10 7.5671239301300375e-06 0.0 3.632011957854786e-08 nan 122830.40943655107 43.0 -22.783133800720748 2.2483017449633866 1809.77 1858.76 0 57 "Covariance may not be accurate."
2009D 83 0.04492717446368113 1845.7268644683395 4.1550096696596484e-14 1.033724586383141 0.4297777974518664 0.058622733868830476 29.411731232211764 0.9223870559000171 0.44045019833953025 0.6921424250740665 393381.13521310635 78.0 -20.31827002262809 1.6360416473105026 1834.67 1884.53 36 47 "Minimization exited successfully."
2009F 57 0.037905514869001206 1847.6037328854004 1.3572476476042539e-14 1.1530886429230687 0.42965637022650666 0.060087047640691366 29.278782197805526 0.922386894393632 0.34622092568907387 0.6921071488146979 142695.01953041114 52.0 -18.723440391436196 1.5258211101574943 1837.75 1884.63 28 29 "Covariance may not be accurate."
2009I 18 0.03393673305167536 1848.985533218685 8.243405957841787e-15 0.6500001307431776 0.43565451771431263 2.2274327890134393e-07 0.00011049217960135138 0.0 1.547695971382268e-09 0.002492455507714625 25522.92663350595 13.0 -17.922615522779065 2.2606685062854055 1848.58 1867.58 4 14 "Covariance may not be accurate."
2009J 23 0.08395119796242698 1845.2703173315824 7.16093850883226e-15 0.651594690604829 0.5071475696057165 0.00010179559899348156 0.0541065865429573 0.0 0.00019050338293286062 0.006141824196489232 6469.726080292763 18.0 -19.655179205923705 2.256675818209736 1848.7 1867.68 0 23 "Covariance may not be accurate. Covariance not positive definite. Covariance forced positive definite."
2009P 53 0.07789223304104428 1853.7720154291937 8.534839501805891e-14 0.6506108093486853 0.15331556041208455 0.0006020656427562568 0.026758092483873952 0.0 0.00017047987874108106 0.001957140330768964 17758.962174637436 38.0 -22.890226916751786 2.259126937230235 1867.74 1931.61 0 53 "Covariance may not be accurate."
2009Y 116 0.08488856185033726 1875.1208845793844 1.4355183708403274e-13 1.2420753238080833 0.042188237936832684 0.052292353097912324 28.69200300805801 0.9223953059740546 0.39595660522340775 0.5206520754194595 144207.21769951415 74.0 -23.856701590285688 1.4614744874461767 1869.84 1976.65 18 98 "Covariance may not be accurate."
2009aa 82 0.035876907619905314 1879.6734247329018 1.4904744105592727e-14 1.243444409568252 0.017012203323005737 0.05691127479286857 29.396690533146966 0.9223868987409858 0.39369053317326136 0.5566062646104692 76379.45917610335 71.0 -19.49215185578615 1.4605887868055554 1869.68 1938.65 28 54 "Covariance may not be accurate."
2009ab 40 0.04691702435860221 1891.676303082013 4.779510121011299e-14 1.2096290269211427 0.20458430607044686 0.05811631788591637 29.481075221221204 0.9224021411184329 0.3035614637467566 0.7376248486412461 368530.19410901726 35.0 -21.00246859677155 1.4831608552968252 1874.57 1911.51 24 16 "Covariance may not be accurate."
2009ad 48 0.0789463058317224 1892.7635924241085 5.4539706084710815e-14 0.9974649116402321 0.625834133539695 0.046839698337822845 33.00878511695578 1.0903346274635917 0.4137211361061341 0.7980183031419064 418171.06108823477 43.0 -21.51095452448364 1.6744116513832061 1878.6 1915.45 24 24 "Covariance may not be accurate."
2009ag 72 0.08421842942773232 1884.3327265936537 2.417233080365122e-13 0.6711825502372002 0.5009068591330857 0.04751610205348103 26.161285835854073 0.9230127912061714 0.3176720236931131 0.7108441550258079 290021.41815488145 67.0 -23.493243565089188 2.208971192656639 1888.59 1937.5 0 72 "Covariance may not be accurate."
2009al 55 0.0801509169134863 1876.7118540860633 1.1524114995609125e-13 0.7595484476458003 0.1392701631088874 1.2735905699501338e-07 1.7841221051639877e-06 9.159339953157541e-16 2.173919100179056e-06 0.001683232066038265 48483.75088334393 26.0 -23.309851738151032 2.0185442923060695 1897.7 1947.57 0 55 "Covariance may not be accurate."
2009cz 32 0.08383569554387463 1952.4134661214853 1.1099454688690003e-13 0.6500009805829084 0.5000038747567475 1.4806857177862565e-08 2.6302550168111338e-05 4.163336342344337e-17 1.1636909769130455e-09 0.30090733195211944 217799.47668104124 22.0 -22.639154554570915 2.260668617868493 1937.53 1966.46 20 12 "Covariance may not be accurate. Covariance not positive definite. Covariance forced positive definite."
2009dc 40 0.07298682086073546 1923.7721796982423 3.8452574457892297e-13 0.8867080892871632 0.2094902432711493 0.04700891948867777 24.720771317723916 0.9223893941206937 0.408832492264675 0.7379896913044892 146193.13814992594 35.0 -24.255611760242665 1.813164476975162 1942.81 1976.68 0 40 "Covariance may not be accurate."
2009ds 36 0.05895703924015521 1940.4625264944107 1.978417429882029e-13 1.2305277021021164 0.49075963938013334 0.05415387851243228 24.84533129724923 0.9225848770463029 0.40930424806825744 0.7082900444067571 132255.63719691063 31.0 -22.486565729503283 1.4690324097555187 1956.68 1976.62 0 36 "Covariance may not be accurate."
2009le 36 0.08485680078076648 2139.871938165288 3.126665593100597e-13 0.7301637100087194 0.5511743398509097 0.04955679095477856 16.128452730939216 0.9223869663233769 0.33535860286856645 0.7210255368177652 332080.58201793535 31.0 -23.70769312992673 2.0771468933566197 2155.62 2169.58 0 36 "Covariance may not be accurate."
2010ae 5 0.055730847236661815 2260.000847468774 6.2450045135165055e-15 1.0387722379104902 0.4778792143930339 0.06124667625861169 27.453171424187303 0.9223869102169522 0.440981942555878 0.7050792694038813 144.3101621930668 0.0 -18.638074902300954 1.6309057200050212 2271.53 2305.53 0 5 "Covariance may not be accurate."
