analysis_pipeline/fit_results/csp_4_sn91bg_salt2_phase_blue.ecsv
# %ECSV 0.9
# ---
# datatype:
# - {name: obj_id, datatype: string}
# - {name: num_points, datatype: int64}
# - {name: z, datatype: float64}
# - {name: t0, datatype: float64}
# - {name: x0, datatype: float64}
# - {name: x1, datatype: float64}
# - {name: c, datatype: float64}
# - {name: z_err, datatype: float64}
# - {name: t0_err, datatype: float64}
# - {name: x0_err, datatype: float64}
# - {name: x1_err, datatype: float64}
# - {name: c_err, datatype: float64}
# - {name: chi, datatype: float64}
# - {name: dof, datatype: float64}
# - {name: b_max, datatype: float64}
# - {name: delta_15, datatype: float64}
# - {name: tmin, datatype: float64}
# - {name: tmax, datatype: float64}
# - {name: pre_max, datatype: int64}
# - {name: post_max, datatype: int64}
# - {name: message, datatype: string}
# schema: astropy-2.0
obj_id num_points z t0 x0 x1 c z_err t0_err x0_err x1_err c_err chi dof b_max delta_15 tmin tmax pre_max post_max message
[from data line 101]
2008cd 14 0.043750000000000004 1580.0756419666825 5.495603971894525e-15 1.245682895514197 0.44293154220786685 0.0 16.959671246754397 0.9226330332109587 0.38985764092240066 0.695961867444041 2341.87003155778 10.0 -18.033947363445495 1.4591573277895655 1587.74 1595.73 0 14 "Covariance may not be accurate."
2008cf 45 0.043750000000000004 1581.3585168182542 4.0467629247586956e-14 0.8078749799983675 0.4880373806345498 0.0 22.43543146598529 0.9223894719887851 0.4438258866663998 0.7075591456728813 106193.71710882516 29.0 -20.09824785831788 1.932661934411204 1595.77 1654.65 0 45 "Covariance may not be accurate."
2008ff 86 0.043750000000000004 1710.4017171800006 8.551492847175268e-14 1.0368201282136742 0.5001732577694487 0.0 0.3413627140948847 4.163336342344337e-17 0.00010812030136087003 0.00011100269518310446 38242.649552766365 59.0 -20.881145220652563 1.6328876725113677 1724.53 1790.57 0 86 "Covariance may not be accurate."
2008fl 89 0.043750000000000004 1711.399670852938 5.687117443642364e-14 0.8499703227599067 0.10778732548718928 0.0 0.0002032624527146254 0.0 6.732102930229189e-06 0.0013530923607200651 134328.53943100796 62.0 -21.232077917008 1.86647592201804 1724.49 1789.53 0 89 "Covariance may not be accurate."
2008fp 115 0.043750000000000004 1732.4610010055876 2.3023249973164184e-13 1.1551892549697964 0.37716894030103704 0.0 28.944579941484335 0.922386703596983 0.3449173774162579 0.6756886443096122 70887.01803565517 77.0 -22.224397014705936 1.524115269950645 1724.84 1820.73 18 97 "Covariance may not be accurate."
2008fr 68 0.043750000000000004 1723.9193971489449 4.39648317751562e-14 0.9284760920075124 0.5001013064979155 0.0 23.573224452561817 0.9223870589177446 0.42094822968007595 0.7103911650469757 45444.527084271234 43.0 -20.158916458220748 1.756685445146502 1740.72 1807.57 0 68 "Covariance may not be accurate."
2008fu 45 0.043750000000000004 1723.0963554253615 2.173261570703744e-14 0.6607660047561095 0.4974692823987591 0.0 4.843059286940843e-11 0.0 2.604083615409536e-12 1.1271539257506902e-12 22196.939037160766 34.0 -19.400323570405163 2.234041198322611 1740.75 1817.67 0 45 "Covariance may not be accurate."
2008fw 92 0.043750000000000004 1726.714373983741 4.257427743681319e-13 0.8533633650025578 0.4628092194438467 0.0 22.053567598917766 0.9241743304571888 0.39728106760110116 0.7019066036573254 192475.39650859893 42.0 -22.712404424405488 1.861414167468519 1740.89 1827.81 0 92 "Covariance may not be accurate."
2008gg 96 0.043750000000000004 1739.0976726593858 5.5871973714261e-14 1.1215441158382164 0.5055377427723974 0.0 22.680415976683207 1.4096554283081777 0.5309900172273121 0.6578685274347083 140935.79259160665 66.0 -20.410541384937353 1.5525023248998302 1753.63 1827.57 0 96 "Covariance may not be accurate."
2008gl 79 0.043750000000000004 1753.5871438445577 6.311617894994015e-14 0.705569788322235 0.4266831490571661 0.0 0.01861075240969967 0.0 1.8064477119161815e-06 4.425174628702733e-06 222944.05033660526 51.0 -20.719223831189378 2.130042095188159 1765.7 1844.55 0 79 "Covariance may not be accurate."
2008go 24 0.043750000000000004 1757.7554383064387 9.492406860545088e-15 1.203301900660899 0.491969246093818 0.0 0.07822434735737716 0.0 5.857439299150613e-05 0.0001820554450092382 46514.99426178549 20.0 -18.514421797199837 1.4876067257005339 1765.61 1776.58 0 24 "Covariance may not be accurate."
2008gp 73 0.043750000000000004 1778.6621350610012 1.3655743202889425e-14 1.1700834037649113 0.0462104753300796 0.0 29.286020364204887 0.9223868906488394 0.4363617550271572 0.5159736604553331 50645.6954728053 69.0 -19.792407952350086 1.5122819654863733 1768.75 1814.69 14 59 "Covariance may not be accurate."
2008ha 50 0.043750000000000004 1767.762939515667 2.8477220581635265e-14 0.758380446230824 0.5001048974579798 0.0 21.43235086040363 0.9224040046870343 0.4411693271643845 0.7103993291808595 21197.773602758934 46.0 -19.68738888511486 2.0207867768088335 1781.55 1810.55 0 50 "Covariance may not be accurate."
2008hj 62 0.043750000000000004 1784.6976104690805 4.8377968298041196e-14 1.0227822993555566 0.5000688794180883 0.0 0.004697237907635099 4.163336342344337e-17 3.125642211276869e-05 0.6660514015210607 249971.57150937428 58.0 -20.26282378509035 1.647340607075467 1795.56 1834.55 0 62 "Covariance may not be accurate. Covariance not positive definite. Covariance forced positive definite."
2008hu 45 0.043750000000000004 1799.7282497405506 1.6237011735142914e-14 0.8959652248802543 0.5065980567049494 0.0 24.983307196686837 0.9223868851468949 0.4117365992777373 0.7118661389965749 57052.15349481043 41.0 -19.067135177594988 1.8002520484053512 1806.76 1840.68 0 45 "Covariance may not be accurate."
2008hv 93 0.043750000000000004 1817.9441453911006 1.6395218516152e-13 0.6927863585937374 0.34533030753593297 0.0 2.9971938715789292e-05 4.163336342344337e-17 2.4288512706638343e-07 0.0008585773960845255 560082.1046328709 74.0 -21.91558016297421 2.1587608312750106 1806.79 1884.68 23 70 "Covariance may not be accurate."
2008ia 57 0.043750000000000004 1811.4527417188813 2.4313884239290928e-14 1.0377147063723684 0.5057387439084907 0.0 0.02172684624008525 4.163336342344337e-17 1.0723419020086666e-05 2.0681650609533087e-05 73723.39578385903 53.0 -19.50687258556955 1.6319788834491717 1809.77 1858.76 7 50 "Covariance may not be accurate."
2009D 83 0.043750000000000004 1846.2905315776943 2.4646951146678475e-14 1.2223992873857603 0.004352173213831023 0.0 29.462030396737646 0.9223868844144341 0.309727415242452 0.5862283959988733 218830.5168336755 79.0 -20.50198672368456 1.4744323038036011 1834.67 1884.53 36 47 "Covariance may not be accurate."
2009F 57 0.043750000000000004 1847.4750670529415 8.1601392309949e-15 1.1872822068899773 0.004768056602479864 0.0 29.262561303693474 0.9223869401238307 0.43177273927387577 0.6428116292701195 130558.30441007038 53.0 -19.30116314252262 1.4992081370540227 1837.75 1884.63 28 29 "Covariance may not be accurate."
2009I 18 0.043750000000000004 1848.907382242619 7.577272143066693e-15 0.6500000003841335 0.36950441713870746 0.0 6.624023831136583e-05 0.0 5.4104165592150366e-11 0.002363987071744733 26605.24406967801 14.0 -18.53245840030799 2.260667053656938 1848.58 1867.58 4 14 "Covariance may not be accurate."
2009J 23 0.043750000000000004 1837.4031889535604 4.413136522884997e-15 0.7870360274314376 0.0007774916548452526 0.0 27.34735404071023 0.9620917825606141 0.443431413211462 0.6286219417898762 2732.0869558163004 19.0 -18.640094801035097 1.9682080225491418 1848.7 1867.68 0 23 "Covariance may not be accurate."
2009P 53 0.043750000000000004 1855.2016499168353 5.512257317263902e-14 0.6563025127952846 0.012505046115892648 0.0 0.0005644294272997286 0.0 2.463632377436298e-06 0.03512498343925813 14664.76116566814 39.0 -21.36289579471528 2.244970081745505 1867.74 1931.61 0 53 "Covariance may not be accurate."
2009Y 116 0.043750000000000004 1877.9942493692768 2.0941581801992015e-13 0.6500000000002855 0.18823637902697765 0.0 29.262517414938657 0.9258491837729373 0.37033994380673924 0.5928073111130745 461316.1444118709 75.0 -22.485718818905124 2.260661089449563 1869.84 1976.65 18 98 "Covariance may not be accurate."
2009aa 82 0.043750000000000004 1881.3394125071152 1.8568480086855743e-14 0.7805148852328609 0.018373971773519904 0.0 2.023451179411495e-05 0.0 2.666161902920017e-07 0.018372612077757616 324929.8526662372 71.0 -20.17206090109924 1.9797831080302153 1869.68 1938.65 32 50 "Covariance may not be accurate."
2009ab 40 0.043750000000000004 1891.6759918963976 7.011058400507864e-14 1.198490419479743 0.5243235418696808 0.0 0.0001729489077888502 4.163336342344337e-17 6.127001506150975e-07 0.0008574788238303044 393593.7294417134 36.0 -20.62677022927024 1.491038770305689 1874.57 1911.51 24 16 "Minimization exited successfully."
2009ad 48 0.043750000000000004 1892.282095914355 1.6903145549918008e-14 1.2499890513422218 0.044609769412018885 0.0 29.576074607440773 0.922386904667907 0.3700306756771879 0.5178121129063777 214087.78721386037 44.0 -20.02673757459406 1.4563817776681987 1878.6 1915.45 24 24 "Covariance may not be accurate."
2009ag 72 0.043750000000000004 1892.2371032013464 1.0183520693374248e-13 0.7136378507843203 0.5164627645454216 0.0 28.552549439707605 0.9231576070360408 0.3232823580447314 0.714383590383358 223477.5073636133 68.0 -21.044809800939923 2.1123282871019935 1888.59 1937.5 4 68 "Covariance may not be accurate."
2009al 55 0.043750000000000004 1876.8436169327806 1.8568480086855743e-13 0.8052207930602739 0.47429181016969973 0.0 5.598791732246241 2.1191381982532675e-14 0.040179204622781683 0.31956254953201946 47815.526037703996 24.0 -21.784994193660765 1.9370739974978974 1897.7 1947.57 0 55 "Covariance may not be accurate."
2009cz 32 0.043750000000000004 1952.3985876245436 5.795364188543317e-14 0.6504105825998772 0.20426916125321837 0.0 29.900216538390282 0.9337772710641357 0.38015882629992664 0.6016530711728217 217053.60040697825 24.0 -21.055592469790085 2.259631510746395 1937.53 1966.46 20 12 "Covariance may not be accurate."
2009dc 40 0.043750000000000004 1923.77001723466 2.6403879083147785e-13 0.7758850615712825 0.00014973631049369773 0.0 6.492156217063894e-07 8.326672684688674e-17 6.0347551810169264e-06 4.5080677279790704e-05 117144.26356727938 32.0 -23.083384902629895 1.988135360072576 1942.81 1976.68 0 40 "Covariance may not be accurate."
2009ds 36 0.043750000000000004 1939.6411345543843 1.9642620863180582e-13 0.8964886364543492 0.32483506317009053 0.0 0.0017109715148535543 2.914335439641036e-16 0.005723639892505739 0.0031287482445167547 127695.96371148314 32.0 -22.14861870660705 1.7995240754167199 1956.68 1976.62 0 36 "Covariance may not be accurate."
2009le 36 0.043750000000000004 2142.5350339671686 7.593925488436071e-14 1.1157235193364885 0.03594106938259878 0.0 17.255949763581157 0.9223868088395444 0.44330548728996066 0.5283465125112441 269735.40376478835 32.0 -21.67248459765964 1.557626576901031 2155.62 2169.58 0 36 "Covariance may not be accurate."
2010ae 5 0.043750000000000004 2259.1967179088792 1.482147737874584e-14 0.674652635249431 0.5066721499041854 0.0 0.4037700087214944 4.996003610813204e-16 0.006324516682896131 0.05301195930188091 294.94222352863983 1.0 -18.96797657635651 2.20075415743511 2271.53 2305.53 0 5 "Covariance may not be accurate. Covariance not positive definite. Covariance forced positive definite."
