analysis_pipeline/fit_results/csp_5_sn91bg_color_interpolation_blue.ecsv
# %ECSV 0.9
# ---
# datatype:
# - {name: obj_id, datatype: string}
# - {name: num_points, datatype: int64}
# - {name: z, datatype: float64}
# - {name: t0, datatype: float64}
# - {name: x0, datatype: float64}
# - {name: x1, datatype: float64}
# - {name: c, datatype: float64}
# - {name: z_err, datatype: float64}
# - {name: t0_err, datatype: float64}
# - {name: x0_err, datatype: float64}
# - {name: x1_err, datatype: float64}
# - {name: c_err, datatype: float64}
# - {name: chi, datatype: float64}
# - {name: dof, datatype: float64}
# - {name: b_max, datatype: float64}
# - {name: delta_15, datatype: float64}
# - {name: tmin, datatype: float64}
# - {name: tmax, datatype: float64}
# - {name: pre_max, datatype: int64}
# - {name: post_max, datatype: int64}
# - {name: message, datatype: string}
# schema: astropy-2.0
obj_id num_points z t0 x0 x1 c z_err t0_err x0_err x1_err c_err chi dof b_max delta_15 tmin tmax pre_max post_max message
[from data line 49]
2006hx 31 0.06206865536397865 1020.22220069288 5.9119376061289586e-15 1.1517091114381053 0.026931470207840036 3.944981791272062e-07 0.00020918953913451332 0.0 2.3591351102636438e-06 0.04402644227550656 5192.695272119987 26.0 -19.703916197083224 1.5274537326279187 1012.66 1080.59 8 23 "Covariance may not be accurate."
2006is 96 0.07841650167445698 996.1261467755234 1.3597456494096605e-13 0.7238845246244003 0.49944940269900173 2.7390246400721407e-05 0.5272586599645592 1.6653345369377348e-16 0.0004199590156644395 0.0009545990405901983 248324.00454223892 91.0 -22.70758848177411 2.091735573300628 1008.9 1125.67 0 96 "Covariance may not be accurate."
2006kf 62 0.017269570407644916 1028.8741747336535 2.1399548799649892e-14 0.9784692569487228 0.04874943333668702 0.06903008455409124 29.390916202541803 1.0806301462525278 0.4608245474917719 0.592013904101951 92216.52656003425 57.0 -18.214166906687247 1.6964297195146045 1036.81 1127.64 0 62 "Covariance may not be accurate."
2006lu 80 0.08311338120853365 1045.5911075623442 8.576472865229334e-15 0.9752449749145924 0.5067243463442689 0.00017711874122022103 0.002650740600302015 4.163336342344337e-17 0.004255501899751768 0.0037188645057795733 22225.418332729183 75.0 -19.82866114818888 1.7001576699275667 1040.84 1137.75 9 71 "Covariance may not be accurate. Covariance not positive definite. Covariance forced positive definite."
2006mr 103 0.08461814010672833 1052.2308578064615 1.695310558602614e-13 0.7806443705608849 0.6976709682873077 2.0222650295546873e-05 0.009901868763677157 4.163336342344337e-17 0.002748028643808298 0.0016178071552596651 21598.53979027622 98.0 -22.753490599129652 1.980743153446344 1046.68 1147.57 12 91 "Covariance may not be accurate."
2006ob 25 0.08155929627720712 1068.7077568937038 5.995204332975845e-15 1.0180428172093454 0.48763714062061236 0.043286867534967945 29.01861207765694 0.922386942048091 0.43857095724768125 0.7074619718928183 16463.143899566963 20.0 -19.437330796584476 1.6529800694991899 1060.65 1121.57 8 17 "Covariance may not be accurate."
2006os 40 0.08250861544614682 1072.6226101309264 7.91033905045424e-15 0.6500000031436111 0.4685425298535503 0.044585256839448716 29.202929958645427 0.9243346307482827 0.36971552546507297 0.7027206434627793 56028.799908484514 35.0 -19.809828882688528 2.262355262842604 1065.63 1121.61 11 29 "Covariance may not be accurate."
2006ot 43 0.08072543134258053 1051.522077216121 1.9484414082171497e-14 1.053040641844686 0.5000548824388112 8.445556479455552e-06 nan 0.0 0.00010426973061639089 0.00015495384946559443 22591.261962577886 38.0 -20.663242127821775 1.6172549860711882 1065.68 1119.57 0 43 "Covariance may not be accurate."
2006py 21 0.07548247812220316 1054.5466630391597 4.696243394164412e-14 0.6577230107855006 0.390812556369852 0.04527527209348099 22.541827708250707 0.9223868392213994 0.33872529959851133 0.6801940685150967 12441.203576644475 16.0 -21.705667461115006 2.243132368846961 1069.54 1087.54 0 21 "Covariance may not be accurate."
2007A 27 0.04518578267943552 1114.9828441178404 3.197442310920451e-14 1.180849136594627 0.029661040556453577 0.058558667544230864 28.914976637044447 0.9223868587316324 0.32513873644889196 0.5367291102984115 19803.823626598944 22.0 -20.81612628489156 1.5045057889024331 1108.54 1133.53 11 16 "Covariance may not be accurate."
2007N 65 0.0774814226963909 1135.7656545557638 3.497202527569243e-15 1.1887452583801221 0.17858728525386808 4.657601753582652e-08 3.6637637322201044e-05 0.0 3.550139373587058e-07 0.005148747932991304 89676.99253593774 60.0 -19.357006863039413 1.4985999465162436 1123.82 1213.67 20 45 "Covariance may not be accurate."
2007S 65 0.0026723852365926736 1143.7844880055259 5.570544026056723e-14 1.152080130962798 0.2152494611204862 0.05401457628434726 29.407634327441656 0.9223868834034928 0.43973716786154454 0.6074707134726859 41533.04065894162 60.0 -14.849675984940939 1.5271571051005264 1133.84 1246.54 12 53 "Covariance may not be accurate."
2007af 102 0.009833814131209788 1173.7221910020005 6.540601393822953e-13 0.8209694603639546 0.5825887041774725 0.00015122939890106595 0.007482700462560388 1.9567680809018384e-15 0.0007235214086518393 0.00012766420964177572 208310.09072637375 97.0 -19.6549059672168 1.9124005216908024 1165.8 1256.69 18 84 "Covariance may not be accurate."
2007ai 52 0.003042533616849006 1174.5324556621176 9.742207041085749e-15 0.8037075817087098 0.5942283032254114 0.047653348624743574 28.00612871281271 0.9383810336020963 0.45033376702726596 0.7366266219685119 21795.145682275688 47.0 -12.507572740478494 1.9407031074013545 1172.89 1259.7 2 50 "Covariance may not be accurate."
2007al 48 0.0819971602382571 1174.4402727819097 1.3988810110276972e-14 0.6500000000438182 0.3542794837216916 3.683026097989206e-08 4.6010236928850645e-05 0.0 1.2187972853183737e-11 0.0017010255977230326 9962.480480801056 43.0 -20.65043015114078 2.2623520103771035 1170.77 1246.58 4 44 "Covariance may not be accurate."
2007as 65 0.0784392880798351 1160.7180989934907 2.537969834293108e-13 0.7352478921055023 0.500065600353318 4.7340393823855353e-05 0.1586249605103376 8.326672684688674e-17 0.00012567240784855382 0.0001512535125881842 221917.00440378932 60.0 -23.384362898003687 2.067996288932422 1181.7 1259.49 0 65 "Covariance may not be accurate."
2007ax 40 0.08473268920388614 1189.3098620185215 3.447242491461111e-14 0.650441904594153 0.1852805526925101 2.6952338159698386e-05 0.0028071988967894868 8.326672684688674e-17 5.5894196395678275e-05 0.0008516663038886652 10674.005990026948 35.0 -22.032332853169788 2.261234829390716 1185.56 1246.46 4 36 "Covariance may not be accurate."
2007ba 56 0.08328586015374238 1194.472728898984 7.16093850883226e-15 0.6500000196614893 0.1482460291883137 0.04567836956240457 28.083348294891607 0.9223869072492799 0.3689090782361212 0.7303575062222003 42684.278399456605 51.0 -20.36346742993964 2.2623443173610767 1190.83 1255.61 4 52 "Covariance may not be accurate."
2007bc 47 0.08420612816719993 1187.5960734009373 1.644517855226013e-13 0.8101123585209842 0.5671554094924353 6.838861146850339e-06 0.07058073474343018 1.249000902703301e-16 0.00014863886386395908 0.00020394588558531046 160283.42823813582 42.0 -22.9648591819137 1.9300453964683086 1197.65 1259.53 0 47 "Covariance may not be accurate."
2007bd 44 0.07674979347944798 1204.4759311171524 5.2707838094079307e-14 0.650000025684221 0.60609538316081 1.232325167743742e-07 5.5709406638015935e-05 0.0 6.166724908496235e-10 0.0012984405852390357 127277.6326410718 39.0 -21.446622264215186 2.262356809911914 1197.53 1259.46 8 36 "Covariance may not be accurate."
2007bm 35 0.006634208506511976 1210.565227841978 9.246770016346773e-13 0.6510067716866029 0.5291453406582608 8.372704282098983e-05 0.0020548695667912398 7.494005416219807e-16 2.018032386597035e-05 3.730266743157129e-05 269039.8941636461 30.0 -19.262436499306787 2.2598267756035284 1224.67 1259.56 0 35 "Minimization exited successfully."
2007ca 44 0.07592729113645885 1223.9912370302998 6.777911565336581e-14 0.9142342934537256 0.32506878536311845 0.044926598427411056 28.718610830446096 0.9231600060619238 0.4335412414110028 0.6569939431196585 338155.38489472313 39.0 -22.240373195126114 1.7762681737396164 1218.68 1259.63 4 40 "Covariance may not be accurate."
2007cg 22 0.02910943196183014 1220.667403328311 1.6153745008296028e-14 0.9715590422581295 0.4973974333576557 3.471829536716431e-05 0.0005165928796486696 0.0 0.004109121059364951 1.8903064036124295e-05 2167.6094795889603 17.0 -18.17001528881241 1.7044408631020254 1235.63 1259.59 0 22 "Covariance may not be accurate."
2007hj 93 0.03384221898952811 1345.5548107334848 5.570544026056723e-14 1.2170694304138836 0.5138917120807031 0.004165394428689531 0.0006417737916990518 0.0 2.2321093930743885e-05 1.9852599136893634e-05 130270.2177951833 88.0 -19.82039325326669 1.4784834468280188 1348.76 1440.53 0 93 "Covariance may not be accurate."
2007hx 41 0.08498704517819512 1367.9841839916398 1.2490009027033011e-15 1.2236314336739817 0.49992232741622405 0.07161951424657945 34.09985060517499 1.2860344996905002 0.41463907605988265 0.7257200691077039 38309.752291533645 36.0 -17.79887149613384 1.474044648705867 1354.78 1411.73 22 19 "Covariance may not be accurate."
2007if 67 0.0849973320448434 1341.6842893419848 1.9984014443252818e-14 0.6757368693201653 0.005688500979757372 0.05144270629714624 21.94731665779659 0.9260940366516883 0.4159253840134868 0.5819747243150177 26033.15126565392 62.0 -21.778402268170282 2.1997552038673014 1357.77 1443.6 0 67 "Covariance may not be accurate."
2007jd 46 0.08499999592472617 1370.4759579128117 8.326672684688674e-17 0.6500000026083409 0.005717371266377502 1.0173095005283628e-10 0.000110650944407098 0.0 2.1886797929582258e-10 0.05714201239084565 71351.1297595017 41.0 -15.827900304392664 2.262339308749503 1362.83 1403.81 21 25 "Covariance may not be accurate."
2007jg 57 0.0068718505921894985 1367.4649079599535 1.099120794378905e-14 0.6500857888952751 0.4976229318557784 1.1452794952248463e-07 0.009677151851860799 0.0 4.359620719984747e-08 2.7148292073009284e-06 59715.521356171215 52.0 -14.579661275116358 2.262140507691427 1363.82 1423.7 12 45 "Covariance may not be accurate."
2007jh 25 0.06857353738429098 1368.0552095153807 5.079270337660091e-15 0.6561606996796654 0.4964327107591801 0.04962554604210132 28.222919352736312 0.9268312978224137 0.3949549119681782 0.711394662179656 4568.996580981583 20.0 -18.83951595942678 2.24699038940663 1363.86 1395.86 6 19 "Covariance may not be accurate."
2007le 94 0.08401587316128019 1373.5765928309845 8.824607711233057e-13 1.181226120996901 0.5067348026563414 5.2748077718212105e-08 3.0226830176616204e-06 4.163336342344337e-17 1.1210383755733133e-06 0.0006697918395123237 313709.9047724915 89.0 -24.884427901181716 1.5042341263291803 1392.6 1470.55 0 94 "Covariance may not be accurate."
2007mm 22 0.08463705537732984 1370.7528001279793 2.831068712794149e-15 1.2328337680880437 0.08883535008287158 0.04906220175966307 24.317536447574753 0.930560415200573 0.3253269244055969 0.5251959304523618 5644.849953670853 17.0 -19.50601236640265 1.4679187618571383 1385.72 1418.69 0 22 "Covariance may not be accurate."
2007nq 75 0.002070051910303783 1394.564742929835 1.607047828144914e-14 0.6800401758222429 0.5157773237801536 2.7245194367060167e-05 0.0008061366336278297 0.0 6.512087746157746e-05 4.8204458413358964e-05 53482.68613942249 70.0 -12.347527928740885 2.1896749550766295 1397.65 1476.56 0 75 "Covariance may not be accurate."
2007ol 24 0.05804291166516517 1398.493308890157 1.8818280267396403e-14 1.0305750928987127 0.46940654307833446 0.00014430817996056305 0.16385105791994192 0.0 0.0002603519108960173 0.00026681894041877263 16271.184855962161 19.0 -19.947347169492275 1.6399299713238449 1409.79 1422.66 0 24 "Covariance may not be accurate."
2007on 104 0.010969960251847684 1418.0693460621696 8.338330026447238e-13 0.7475350686752952 0.5234243247723512 0.05981898774976487 29.028119559533366 0.9291517179333402 0.44275647169487065 0.7185577234509701 225636.55369108514 99.0 -20.258903813416147 2.0431899399201487 1411.79 1508.61 10 94 "Covariance may not be accurate."
2007so 27 0.04224095339617551 1453.8917956452988 2.914335439641036e-15 1.1825879448264518 0.3993655380724317 0.05924191936579832 28.227018967139088 0.9223874893277643 0.32413425226280307 0.729193675176091 8703.320932216226 22.0 -17.35795413039564 1.503203769334423 1449.68 1469.55 8 19 "Covariance may not be accurate."
2007sr 103 0.08425068936204111 1451.2006911493884 9.640621634332547e-13 1.2473129708544066 0.6096986319780158 1.0425212402589978e-06 0.0006325533904600888 2.0816681711721685e-16 0.0002288588183538831 0.00012956742319447656 237679.97018590008 98.0 -24.809341540414117 1.458518061318662 1455.76 1578.72 0 103 "Covariance may not be accurate."
2007st 44 0.03251271899842122 1460.802090030224 3.555489236362064e-14 1.0457567792011935 0.4093269982698623 0.06087349456932048 27.674318001431743 0.9226036340384618 0.4416278730706586 0.6861037054724706 10691.251086023338 39.0 -19.469525828288237 1.6245100903361198 1458.66 1493.55 4 40 "Covariance may not be accurate."
2007ux 63 0.0020006319512125875 1469.524170711302 8.576472865229334e-15 0.8781087144201368 0.5044161254954199 4.11086998174711e-06 0.0006786071700162211 0.0 6.83762304751756e-05 4.847350780690096e-05 19847.40811967799 58.0 -11.609700406636769 1.826282440511573 1466.86 1558.61 11 52 "Covariance may not be accurate."
2008C 48 0.07522494774539974 1454.8209033088247 2.5271451598030126e-13 0.7386568326885938 0.5365887670829069 0.04546421941973355 24.316928711479477 0.9223974369835288 0.4381640271704202 0.70139396897582 40128.53002185043 43.0 -23.224845321549733 2.06102298143934 1469.81 1552.5 0 48 "Covariance may not be accurate."
2008J 38 0.06897659533468194 1469.5446017801405 2.53630449975617e-13 0.7031059796624458 0.49361187968472636 0.049427369407007135 24.415449340406894 0.9223869567323177 0.31495369356335956 0.7088824754825228 29163.68872470108 33.0 -23.105757525341865 2.1370012914402796 1484.54 1515.52 0 38 "Covariance may not be accurate."
2008O 50 0.01210189176907854 1493.7021147955902 1.4155343563970746e-15 1.1587165111878006 0.4919105960196663 0.045409022317012306 28.39187349406984 0.9371152838814085 0.3426924549163332 0.7143115590888517 64742.90902354348 45.0 -13.605990416510977 1.5217865672144057 1490.64 1571.48 12 38 "Covariance may not be accurate."
2008R 43 0.07930928171030562 1478.7310021001867 1.4463430453304227e-13 1.2323499123344557 0.5000974559881795 4.322477362953686e-05 24.456117883058027 4.163336342344337e-17 0.00034286075863998455 0.0022300760758122706 244044.30597856155 38.0 -22.799050970850583 1.4682490391787333 1493.63 1532.52 0 43 "Covariance may not be accurate. Covariance not positive definite. Covariance forced positive definite."
2008ae 30 0.07844999166024587 1500.9333644692942 3.497202527569243e-15 1.2499924291730107 0.04374864835841186 8.173207591803677e-05 0.007888213115961662 0.0 0.002064901656866347 0.0004506874703558428 5228.616143767176 25.0 -19.639818260977755 1.456785340116582 1508.74 1597.56 0 30 "Covariance may not be accurate."
2008ar 62 0.002015025018093544 1532.0035866570622 3.239075674343894e-14 1.1475199720178422 0.518907544022833 1.0135120700999634e-05 0.001157886728037738 4.163336342344337e-17 4.360942657144484e-05 4.333042837501022e-05 68433.83914736568 57.0 -13.044853744755155 1.5309117565772183 1527.79 1606.6 4 58 "Covariance may not be accurate."
2008bc 104 0.0022250384026117035 1554.6065615060425 6.52811138479592e-14 1.1471564419273403 0.564358608842803 0.05280290010077348 29.725788876194883 0.9292646499053462 0.44330050122809855 0.7267066401417718 517708.6077902977 99.0 -13.945192165843853 1.5312124600223065 1541.67 1646.46 35 69 "Covariance may not be accurate."
2008bd 31 0.07963073546791856 1526.703833337543 9.159339953157541e-15 1.0149897937210415 0.5000846329919932 0.0022493725186783498 0.004304231067862929 8.326672684688674e-17 0.010697940827636754 0.00926639923285097 449.96067264180556 26.0 -19.812325826095414 1.656206843847265 1541.7 1592.62 0 31 "Covariance may not be accurate. Covariance not positive definite. Covariance forced positive definite."
2008bf 101 0.08457432890919964 1532.9622396166124 2.8294033782572114e-13 0.6513612454802827 0.508496496052229 1.4772190068401692e-08 1.6777121913946758e-05 0.0 7.114914751804591e-08 0.0008586161062136277 387596.16467694874 96.0 -23.661850374922142 2.2589377781526174 1547.73 1646.49 0 101 "Covariance may not be accurate."
