analysis_pipeline/fit_results/csp_4_salt2_2.4_all.ecsv
# %ECSV 0.9
# ---
# datatype:
# - {name: obj_id, datatype: string}
# - {name: num_points, datatype: int64}
# - {name: z, datatype: float64}
# - {name: t0, datatype: float64}
# - {name: x0, datatype: float64}
# - {name: x1, datatype: float64}
# - {name: c, datatype: float64}
# - {name: z_err, datatype: float64}
# - {name: t0_err, datatype: float64}
# - {name: x0_err, datatype: float64}
# - {name: x1_err, datatype: float64}
# - {name: c_err, datatype: float64}
# - {name: chi, datatype: float64}
# - {name: dof, datatype: float64}
# - {name: b_max, datatype: float64}
# - {name: delta_15, datatype: float64}
# - {name: tmin, datatype: float64}
# - {name: tmax, datatype: float64}
# - {name: pre_max, datatype: int64}
# - {name: post_max, datatype: int64}
# - {name: message, datatype: string}
# schema: astropy-2.0
obj_id num_points z t0 x0 x1 c z_err t0_err x0_err x1_err c_err chi dof b_max delta_15 tmin tmax pre_max post_max message
2004dt 269 0.0197 244.7651244014275 0.00955044239650505 -0.8489606545374828 0.23821662997255655 0.0 1.4232589833795828e-05 1.4490649964962743e-05 0.006915516221649209 0.0010305426298623521 105008.02262588867 214.0 -19.135846190270094 1.2050491974467121 249.79 365.62 0 269 "Minimization exited successfully."
2004ef 278 0.031 264.72509083521004 0.002556348402506259 -1.4142296297549857 0.14565076625899076 0.0 0.0054103903154043564 2.3012541764066106e-06 0.0062346630693435046 0.0007626047664712754 12214.510258141989 248.0 -18.705703299323105 1.3365996440282295 255.69 329.57 59 219 "Minimization exited successfully."
2004eo 269 0.0157 278.855041398847 0.010629882144377854 -1.2242985581350996 0.19591640500498264 0.0 0.003554997305428742 9.13931126627493e-06 0.0038471009566105607 0.0006184069264221215 40196.18701550972 212.0 -18.75146455901009 1.288995295655326 266.52 341.54 94 175 "Minimization exited successfully."
2004ey 213 0.0158 305.02414334923503 0.01334012133514245 0.2398426400346949 0.08532769413701269 0.0 0.008376745629192328 1.179097937606139e-05 0.007320835374554413 0.0007113296953720205 10181.953108542826 171.0 -19.01114244256673 1.0047099542962137 295.53 358.55 55 158 "Minimization exited successfully."
2004gc 134 0.0321 330.0950757189765 0.0013739046291057406 -1.3724069101470482 0.39673472733386395 0.0 1.961423521379402e-06 2.8204736045742357e-06 0.014523204491857955 0.0019133724263957763 6266.187362356489 111.0 -18.11635751843414 1.304019807601044 329.83 397.66 5 129 "Covariance may not be accurate."
2004gs 299 0.0267 358.34503348225127 0.0020325834269314057 -2.351006297723568 0.19896893790215775 0.0 3.260368828250648e-07 3.5782197605554143e-06 0.009996638264450075 0.001288064037095471 16169.114701723598 172.0 -18.12610989659792 1.5721398667946076 352.85 461.56 24 275 "Minimization exited successfully."
2004gu 156 0.0459 362.9841120611991 0.0016830067339261318 1.442350755323866 0.12475385053573551 0.0 0.046553555258810775 4.630133513178203e-06 0.024237414783125022 0.0020809793019785916 1470.062688790347 141.0 -19.129873495716637 0.7984323296849496 357.86 410.84 14 142 "Minimization exited successfully."
2005A 182 0.0191 381.5650012920083 0.0008256798451020454 -0.547503532905993 0.9999999999996751 0.0 1.2693340067926329e-07 9.91399397022607e-07 0.013581440444490056 0.001040410586174767 8307.173007121119 135.0 -16.460630305636982 1.088815614574088 376.65 433.53 14 168 "Minimization exited successfully."
2005M 381 0.022 408.4700067369769 0.0064081289527051005 1.1239492138791416 0.07836781139410287 0.0 5.493347998708487e-10 7.663824059082891e-06 0.011629898662002702 0.0009735713875188567 29142.59746813862 266.0 -18.944875528559276 0.852484273160119 396.77 480.51 75 306 "Covariance may not be accurate."
2005W 117 0.0089 412.9374456745744 0.027650792832434587 -0.028101100307854843 0.24274552090200796 0.0 0.01776709711185731 4.7569033390260085e-05 0.02785753767270549 0.00147512767154645 3469.9948028503372 113.0 -18.547231294734594 1.0451004728694127 404.54 429.51 42 75 "Minimization exited successfully."
2005ag 208 0.0797 415.2165911942146 0.0006227760992196575 0.3873210180204012 0.040198585967142764 0.0 0.07369129293394394 1.5818557763530583e-06 0.03479391412278954 0.0023252142759813132 1259.724870100557 167.0 -19.29957749538428 0.9804414280594465 412.82 480.84 15 193 "Minimization exited successfully."
2005al 238 0.0124 431.3282716842058 0.01552178817887934 -1.282036577459254 -0.026228811397465357 0.0 0.022881343741318005 1.9962324415759986e-05 0.007624287626318393 0.0008587951812158434 8988.578567538489 182.0 -18.64245862732528 1.3208372723161226 429.76 512.79 12 226 "Minimization exited successfully."
2005am 203 0.0079 440.0657459079077 0.043428572226027605 -2.2456137542327355 0.08749736624903859 0.0 3.795150774976719e-06 5.308773801893443e-05 0.0048228028071479745 0.0008935373670772018 105715.04937051298 172.0 -18.773055000179426 1.5556182275400978 432.58 512.46 15 188 "Covariance may not be accurate."
2005be 68 0.035 459.95935087413454 0.00297185894727699 -1.827896247786816 -0.05288969926091147 0.0 0.040715697323975064 1.4474606809934546e-05 0.015291429998074202 0.002835704475501799 1968.4474804788906 64.0 -19.137974299079055 1.4574226863359137 467.89 491.77 0 68 "Minimization exited successfully."
2005bg 95 0.0231 469.65187562576267 0.007000910239511788 0.8242338993261766 0.02841201578276853 0.0 0.0662027151215625 1.8697900928946274e-05 0.03210826511018494 0.0016162615537492764 4736.995864501176 91.0 -19.148102316221653 0.9048360123665056 471.65 512.61 0 95 "Minimization exited successfully."
2005bl 64 0.0241 482.8981150321705 0.0005595519155618484 -4.429388178076613 0.5511171532612724 0.0 0.020541604584138895 3.1080244152353886e-06 0.05924658769065916 0.004979750783519421 10490.166758199504 60.0 -16.512219655728572 2.2986606895185098 476.61 512.57 35 29 "Minimization exited successfully."
2005bo 54 0.0139 479.04728155056347 0.00820409797612615 -1.0555160744684633 0.28654012006561747 0.0 0.06944788893190434 2.624998782400998e-05 0.04446446385794456 0.0023553352886065415 1393.694942812081 50.0 -18.20521437500408 1.2446527236367722 478.75 512.76 6 48 "Minimization exited successfully."
2005el 236 0.0149 649.0150014230512 0.01284169430946312 -1.524002682087077 0.0030190920371298002 0.0 1.2220914413774153e-07 1.645942049458872e-05 0.006079397405182929 0.0010102508600551285 62435.326901850174 111.0 -18.839537216443695 1.3756339031906677 639.89 730.75 30 206 "Covariance may not be accurate."
2005eq 211 0.029 656.3002894476397 0.004023885885336018 0.9695817125642563 0.1054018940913819 0.0 1.0421737613341975e-05 7.1223336116535245e-06 0.015942801723472844 0.0015159909514986802 3965.236733460186 109.0 -19.051156740822282 0.8772759349944828 647.8 751.66 18 193 "Covariance may not be accurate."
2005gj 227 0.0616 712.4900121603412 0.000980282456028306 4.999999973535644 0.7681965829483979 0.0 1.73270109371515e-09 2.7101535722343084e-06 0.00017120128565206727 0.002508064713470537 66579.88747601233 93.0 -19.296971163522198 0.19635321615430712 698.7 1016.76 42 185 "Minimization exited successfully."
2005hc 163 0.0459 668.0202106876056 0.0018094587962150467 0.9463918148433343 0.04424056160305834 0.0 0.03369858970461337 2.921330006355814e-06 0.02264503490241676 0.00155850690502235 2099.512787313072 86.0 -19.207244288639888 0.8834888262908436 661.67 755.61 35 128 "Minimization exited successfully."
2005hj 102 0.0574 676.7601636180433 0.0012170950950319726 1.026970473638686 0.0507211907011107 0.0 3.253329680319439e-06 3.7581210972290058e-06 0.03390461820721846 0.00302556900956652 1759.8459148414927 60.0 -19.28048790000382 0.8696852848344108 671.67 761.57 29 73 "Covariance may not be accurate."
2005hk 245 0.013 688.910036942673 0.004537866788253556 0.1446228751038401 0.6287463924401582 0.0 1.0476810530235525e-09 7.725669797343983e-06 0.010298743458421189 0.0012812756998750174 172373.65299506913 114.0 -17.432912029127582 0.992345992543239 675.61 761.54 68 177 "Minimization exited successfully."
2005iq 154 0.034 688.1296364715718 0.0031166261519635892 -0.9598840197016578 -0.05460433470454629 0.0 0.01816838916914776 6.168816104908017e-06 0.020203446905841638 0.0017310246006083663 2766.93075734671 95.0 -19.125459960278526 1.2504782706733124 682.55 755.55 36 118 "Minimization exited successfully."
2005ir 65 0.0763 686.7152057231563 0.0006638757918527139 0.19310027566538768 0.04815951532399798 0.0 5.4281280085888284e-05 2.924303051168864e-06 0.05201366175861066 0.004041653706104209 590.7161753260871 61.0 -19.269013020945465 1.015015820914435 682.62 740.53 18 47 "Minimization exited successfully."
2005kc 125 0.0151 698.2484479016648 0.006368157707375869 -0.6406225968056312 0.3794255462161229 0.0 0.012931677181768464 1.3816904461119977e-05 0.01656433994120654 0.001828389312180767 3633.6810903811925 69.0 -18.115502929771544 1.1525736649729623 687.52 728.54 53 72 "Minimization exited successfully."
2005ke 367 0.0049 700.3750010229588 0.015719773384545152 -1.8416302559424431 0.5101276129846921 0.0 1.1847856740132556e-07 2.1277717419151965e-05 0.004461508924766822 0.0009718560096668716 136092.68559040365 125.0 -16.641171596185377 1.402233521806565 689.69 819.51 65 302 "Covariance may not be accurate."
2005ki 310 0.0192 705.7738239497852 0.009315848344168329 -1.4881419687773567 -0.0334571793006343 0.0 0.010611880000396923 1.5476261575510762e-05 0.008139659800627141 0.001338478477474092 4642.525767822958 114.0 -19.04880820208666 1.370253476753188 695.86 861.5 29 281 "Minimization exited successfully."
2005ku 37 0.0454 699.0611848225839 0.0013305877052281424 0.10123140518692697 0.17434893855427225 0.0 0.18026301117424737 1.0080252894326125e-05 0.11066497946575016 0.005416487957514926 376.6836370782888 30.0 -18.8497766756347 1.0252422435745103 699.56 739.53 0 37 "Minimization exited successfully."
2005lu 88 0.032 719.9405275314716 0.0013552651693041512 -0.03424910913494372 0.3407010671319062 0.0 3.862595576720196e-07 4.6424016264077096e-06 0.02904278321813747 0.002826157938290219 3484.1949804707474 63.0 -18.093106253013573 1.0406152403010651 719.66 799.52 1 87 "Minimization exited successfully."
2005mc 83 0.0252 730.5876419041575 0.0025181225045102645 -2.1374658183565454 0.2534668651862855 0.0 0.09711227430148028 2.342792596402173e-05 0.015997767370818927 0.0034886405259109132 3494.629625227055 79.0 -18.23206575064468 1.5063561363211484 736.79 773.62 0 83 "Minimization exited successfully."
2005na 170 0.0263 744.2850060900705 0.005167668103429269 -1.2165698548403663 0.02668201721335306 0.0 7.639755494892597e-11 9.401669450827266e-06 0.011355842990492526 0.0015376773940912747 21696.156834142246 123.0 -19.10411846286834 1.3014382852031119 738.71 834.54 18 152 "Minimization exited successfully."
2006D 298 0.0085 759.3350016203175 0.02943424609370114 -1.6313531764376146 0.10292904471298248 0.0 2.949468580482062e-08 3.983345481572455e-05 0.006142913399393102 0.0009562327483174649 26566.257416572276 145.0 -18.51112666843921 1.392333231441265 751.84 891.61 12 286 "Covariance may not be accurate."
2006X 312 0.0052 788.4400373497708 0.010587559022561727 0.3048542834439347 1.2693824090466306 0.0 1.528679831608315e-07 1.2582894349745868e-05 0.007048466875415382 0.0009034505489733391 68930.08598025428 130.0 -16.41634290908815 0.9282037776516976 775.68 906.46 70 242 "Covariance may not be accurate."
2006ax 236 0.0167 828.1247591510532 0.013948114740885332 0.17103317320105038 -0.0009607809960123781 0.0 0.007862957646750601 2.1907359427367906e-05 0.009334739160274275 0.0010902336959142667 6525.675198706511 121.0 -19.180852677843102 1.0214783897129216 815.64 891.5 55 181 "Minimization exited successfully."
2006bd 52 0.0257 810.130659840802 0.0012182219061444512 -1.7002906618565747 0.3874297508259894 0.0 0.11390453655809551 1.680413310048423e-05 0.04113912967125666 0.00852296579031342 1123.1745285676557 24.0 -17.491926720555046 1.380955203974377 822.75 872.57 0 52 "Minimization exited successfully."
2006bh 175 0.0109 833.3476917522277 0.028924091403940446 -1.478101885020533 -0.019573476406820167 0.0 0.018926649661864303 4.225368641468802e-05 0.006723942701309715 0.0009884962808883735 7052.712899307635 100.0 -19.035662825266666 1.3665876284632414 829.91 891.79 23 152 "Minimization exited successfully."
2006br 64 0.0246 851.3755792122325 0.00042750840042780626 -0.7993974223448506 0.8576211255401969 0.0 0.13921952897942447 6.213460958294514e-06 0.06327084820044071 0.008739349635657145 285.7184685357263 39.0 -16.290047017367076 1.1465869757037979 855.66 891.66 0 64 "Minimization exited successfully."
2006bt 88 0.0322 859.6259822117818 0.0024049398244814337 -0.30974071885868426 0.24559695094286949 0.0 0.031241973620979024 6.622653793578268e-06 0.02326404562628781 0.0022013671831375703 6793.770750386485 57.0 -18.726503100202617 1.0975411958294252 853.76 891.71 15 73 "Minimization exited successfully."
2006dd 217 0.0059 931.9399999981313 0.04999999999992719 4.99999999998022 0.3941363911552418 0.0 0.02737153337000109 1.0859505376742407e-06 0.00030537372092354076 0.0022100872485937284 25122.694559119056 3.0 -18.35315223008787 0.18933243308387127 906.94 1147.57 1 216 "Minimization exited successfully."
2006ef 56 0.0179 970.0313377163133 0.010578379510398361 -1.3652740190490715 -0.018156300420770544 0.0 0.0408001113162868 4.615849173226355e-05 0.013834000374388866 0.0021447267856422036 2321.700579269233 42.0 -19.032428678686898 1.3395990097020611 979.9 1040.71 0 56 "Minimization exited successfully."
2006ej 64 0.0205 975.9685391649382 0.008235314070085245 -1.4245817405628332 -0.007826267396317088 0.0 0.07247612158289485 4.5749036357444275e-05 0.0170585281940574 0.0028819650781073958 907.6460669729843 44.0 -19.05936215547317 1.3527349936381903 979.74 1046.74 0 64 "Minimization exited successfully."
2006eq 98 0.0495 977.0354778521726 0.000623139569342876 -2.315282105047352 0.25207471346915056 0.0 3.510053625177534e-05 5.047526325602236e-06 0.03186330991915676 0.00622576096592975 959.2299598642119 61.0 -18.22099961359234 1.5554082208778794 980.56 1029.51 0 98 "Covariance may not be accurate."
2006et 236 0.0226 995.4500195019266 0.006335599477311152 0.7085043681326617 0.21640892301811587 0.0 1.299719940561772e-06 1.0254746685093869e-05 0.012865455666837722 0.001265490097065447 4942.791468813166 98.0 -18.993750595112648 0.9168037704425807 982.63 1099.54 42 194 "Minimization exited successfully."
2006ev 116 0.0287 989.9162698859675 0.0019038579675984602 -1.3237588372075293 0.20163264850111107 0.0 0.07026647140560272 1.156318955659874e-05 0.028379274828142398 0.003524399062103112 686.1552380759493 45.0 -18.215675393294557 1.3108282879806588 993.59 1039.52 0 116 "Minimization exited successfully."
2006fw 31 0.0835 1004.5991145094524 0.00037833373067847623 -0.6870431188953932 0.19560596654464568 0.0 0.10069769854010246 2.0718476169287404e-06 0.07659315068152628 0.005345588027183434 1204.7892350150153 27.0 -18.86666077223687 1.1749747421757455 1001.75 1039.73 6 25 "Minimization exited successfully."
2006gj 122 0.0284 1001.3100769537951 0.0011135497820132874 -2.3068286602730304 0.3761572198771761 0.0 2.406971361779142e-06 3.9477573617288e-06 0.023430931727300486 0.0030952387824227934 1775.5057150336504 57.0 -17.615035460367714 1.5375687420103326 998.83 1096.59 6 116 "Covariance may not be accurate."
2006gt 93 0.0448 1004.4101660221427 0.0007693938183542082 -2.5405209663784074 0.19046359699247417 0.0 1.3134291521055275e-07 2.762950058103652e-06 0.03224226803831143 0.0032849286749661033 2350.535173158256 53.0 -18.22424535157032 1.6288081219512733 1001.67 1076.62 16 77 "Minimization exited successfully."
2006hb 190 0.0153 1000.1037948508377 0.012388121416304455 -2.1237076302720324 0.03890128564921569 0.0 0.028839494102953722 4.734053100686683e-05 0.009762761948533427 0.0020764530393369007 6492.588420736545 65.0 -18.858546008572944 1.5269426603623195 1006.87 1143.59 0 190 "Minimization exited successfully."
2006hx 70 0.0455 1022.4439057689633 0.001510090415741844 -0.1379319899331657 0.150596463831439 0.0 0.04070787985915558 1.2992515418856765e-05 0.0521748262689008 0.006582169478266953 738.0057851919233 43.0 -18.991539829612528 1.0707381995783436 1012.66 1080.59 16 54 "Minimization exited successfully."
2006is 176 0.031 1014.2502650968911 0.0042466716680168715 0.5354884896365242 0.054518864928224886 0.0 9.536624020256568e-06 7.013022331839227e-06 0.013296080991057835 0.00132382601188763 24633.45990048012 72.0 -19.256915381223045 0.9536450357938122 1008.9 1125.67 12 164 "Minimization exited successfully."
2006kf 180 0.0213 1041.3115730882166 0.0032005688235184934 -2.108450931887263 0.2206500086141201 0.0 0.018975924204596595 6.732871817791098e-06 0.013598817989167733 0.0017878213177722202 5514.987298236167 80.0 -18.120088043762806 1.502321167905599 1036.81 1127.64 32 148 "Minimization exited successfully."
