analysis_pipeline/fit_results/csp_5_sn91bg_color_interpolation_blue.ecsv
# %ECSV 0.9
# ---
# datatype:
# - {name: obj_id, datatype: string}
# - {name: num_points, datatype: int64}
# - {name: z, datatype: float64}
# - {name: t0, datatype: float64}
# - {name: x0, datatype: float64}
# - {name: x1, datatype: float64}
# - {name: c, datatype: float64}
# - {name: z_err, datatype: float64}
# - {name: t0_err, datatype: float64}
# - {name: x0_err, datatype: float64}
# - {name: x1_err, datatype: float64}
# - {name: c_err, datatype: float64}
# - {name: chi, datatype: float64}
# - {name: dof, datatype: float64}
# - {name: b_max, datatype: float64}
# - {name: delta_15, datatype: float64}
# - {name: tmin, datatype: float64}
# - {name: tmax, datatype: float64}
# - {name: pre_max, datatype: int64}
# - {name: post_max, datatype: int64}
# - {name: message, datatype: string}
# schema: astropy-2.0
obj_id num_points z t0 x0 x1 c z_err t0_err x0_err x1_err c_err chi dof b_max delta_15 tmin tmax pre_max post_max message
[from data line 97]
2008bq 64 0.06818837104536767 1547.5043805778598 6.636358129696873e-14 0.8721605810955969 0.33281840737522345 6.597389186832614e-07 1.5648239354959514e-05 0.0 5.979389403776292e-06 0.010409097395809475 173964.56495824992 59.0 -21.958341295794487 1.8348160563616105 1562.49 1606.46 0 64 "Covariance may not be accurate."
2008bt 49 0.08194369464741413 1574.360647659212 2.6229018956769323e-14 0.8496421842506593 0.5135607906624932 0.043685690206153566 28.878339157532423 0.9223987476417721 0.4420203411094532 0.7134127231865032 12612.608949686974 44.0 -20.998867549679968 1.8679567295112065 1571.61 1651.47 8 41 "Covariance may not be accurate."
2008bz 44 0.08241617478402147 1565.7421165820363 3.6387559632089506e-14 0.7379812766963711 0.5000788873790907 0.04443363887175455 24.200425015111364 0.922386852570964 0.4380315395169924 0.7103860109658653 55814.31363132312 39.0 -21.3889425689975 2.062399338295478 1580.72 1651.52 0 44 "Covariance may not be accurate."
2008cc 81 0.08142673081917297 1575.3563376586878 3.7969627442180354e-13 0.7341581051954433 0.5525696968775425 3.3760261755194643e-06 0.02197737784376841 0.0 0.0008686758810459438 0.00026209077525102265 145654.00645473652 76.0 -23.821421568181297 2.0702402350319815 1582.86 1654.86 0 81 "Covariance may not be accurate."
2008cd 14 0.08157223614661221 1580.2417527356074 3.1308289294429414e-14 0.6500242229905709 0.6680785135794192 0.059982215450337856 13.724495000389538 1.2675379824346291 0.5052353796352782 0.6594929996260394 848.5900593142621 9.0 -20.89875813681689 2.262296234342852 1587.74 1595.73 0 14 "Covariance may not be accurate."
2008cf 45 0.0783521787974406 1602.367610597818 1.6819878823071122e-14 0.8195161534789471 0.4997742220970526 0.040946732930180633 28.020615936912577 0.9224113782508027 0.44365781334233545 0.7103264416727189 102522.88474737601 40.0 -20.43581956724791 1.9147333551180559 1595.77 1654.65 12 33 "Covariance may not be accurate."
2008ff 86 0.0788512905251281 1709.608426853542 1.513789094076401e-13 0.7211673628181412 0.5001050938823011 1.25225750111993e-05 nan 0.0 5.539014813554788e-05 8.418307457397356e-05 55953.14279806746 81.0 -22.835251124113142 2.097522176943192 1724.53 1790.57 0 86 "Covariance may not be accurate."
2008fl 89 0.08390509390821613 1714.0998904595233 9.500733533229777e-14 0.9777565474757677 0.500068449610299 5.868371013885432e-06 0.03830859543325005 3.7470027081099033e-16 0.0025614550363431965 0.0023843617470887812 185001.86344395683 84.0 -22.472101672417445 1.6972612913177745 1724.49 1789.53 0 89 "Covariance may not be accurate. Covariance not positive definite. Covariance forced positive definite."
2008fp 115 0.06690388349982984 1732.3489516550892 2.6520452500733427e-13 1.2497041352947709 0.5055865998111444 0.048780190797423545 28.92508209058542 0.922394569741181 0.3632824353398851 0.7116422577873351 90436.4286096933 110.0 -23.060242024098095 1.4569829546387716 1724.84 1820.73 18 97 "Covariance may not be accurate."
2008fr 68 0.08377036554741484 1727.990665432856 5.487277299209836e-14 0.8096798645345813 0.49557596058944836 3.0956569634366105e-06 nan 0.0 0.00010908746101140343 0.0001564140612600462 47058.94243070859 63.0 -21.88339398242004 1.9307587902262924 1740.72 1807.57 0 68 "Covariance may not be accurate."
2008fu 45 0.08302354029484858 1725.9173374840734 1.3739009929736312e-14 0.6500000028689102 2.551649280757573e-09 5.2086713234200666e-08 6.307833177743305e-05 0.0 2.4526330966168075e-10 0.00048723263504585335 10961.773197553284 40.0 -21.326577375075168 2.2623391490346663 1740.75 1817.67 0 45 "Covariance may not be accurate."
2008fw 92 0.06979883137768733 1726.052792547356 3.8410941094468853e-13 1.0004110902622139 0.49409083349376715 0.04716043894531491 23.52260032092431 0.9238067502798537 0.41283900547083613 0.7095886382308804 247776.25278343525 87.0 -23.582224631580694 1.6718887084709522 1740.89 1827.81 0 92 "Covariance may not be accurate."
2008gg 96 0.07810222474101142 1739.7269953140888 7.019385073192552e-14 0.6613357567982632 0.026672689994933885 3.5990884874256834e-06 0.002186500499988142 1.249000902703301e-16 0.0011853114693979871 2.8627864806424208e-05 125910.83360789888 91.0 -22.91443031841272 2.234267551624356 1753.63 1827.57 0 96 "Covariance may not be accurate."
2008gl 79 0.04957032992202635 1773.7630440595951 1.8068879725774423e-14 0.7593568164772239 0.34453965783763274 4.571788166443658e-08 2.2991472860667272e-05 0.0 2.660294268208574e-07 0.0006003423331319702 245807.15367153843 74.0 -19.80305955480645 2.0201742688535056 1765.7 1844.55 20 59 "Covariance may not be accurate."
2008go 24 0.06350609198108065 1767.8788928820175 4.6629367034256575e-15 1.2324489641914917 0.47533668232086873 0.050488190706396575 17.72713592552884 0.9313764230773003 0.4115995497082426 0.7078724315003618 29753.182929366223 19.0 -18.622620897863438 1.4681830501592756 1765.61 1776.58 8 16 "Covariance may not be accurate."
2008gp 73 0.08383929405572604 1779.6612105180127 1.4488410471358293e-14 1.2360711642332398 0.14489763721115712 0.05097627770210769 29.39752501904843 0.9223892777472223 0.3277401224257667 0.566477550198534 60600.080103822904 68.0 -21.150510918025127 1.465796252458457 1768.75 1814.69 14 59 "Covariance may not be accurate."
2008ha 50 0.08099099285767641 1766.9288839492947 2.88935542158697e-14 0.7884777330794741 0.5000835889228386 4.2970551987348005e-06 nan 0.0 6.359470822159263e-05 9.296083209270334e-05 24063.141335851757 45.0 -21.09851585435073 1.9668428180029593 1781.55 1810.55 0 50 "Covariance may not be accurate."
2008hj 62 0.013996023948007853 1779.5905682179512 1.010858063921205e-13 0.7648958221311779 0.5718629697797935 0.0013075162965375383 0.0016738223795300655 8.326672684688674e-17 0.001671817430042133 0.0010983823610790644 232114.57056971116 57.0 -18.419998947638174 2.0096757783479724 1795.56 1834.55 0 62 "Covariance may not be accurate."
2008hu 45 0.06927968400877549 1812.2742070436846 2.914335439641036e-15 0.938630849090287 0.5067948278021843 6.249729606055965e-07 0.2486283682389967 0.0 5.745608857077311e-06 9.407663144000988e-06 52644.10756360799 40.0 -18.240163151857026 1.7445109423732283 1806.76 1840.68 8 37 "Covariance may not be accurate."
2008hv 93 0.07815570165421377 1817.7185419094558 1.695310558602614e-13 0.7130262048254211 0.21192523449569622 0.040607017289373444 30.002951184735707 0.9403823216866676 0.440217619365801 0.7381567642841718 461023.6547528838 84.0 -23.517387308917634 2.115096694560087 1806.79 1884.68 19 74 "Covariance may not be accurate."
2008ia 57 0.07290722096424765 1797.0099685328141 8.110179194886769e-14 1.0837146508756585 0.500004988938287 3.039815744954044e-08 1.0087242685585807e-05 4.163336342344337e-17 2.944188737252773e-07 0.24613095127295478 121385.50111941641 52.0 -21.978543814343517 1.5875876068524342 1809.77 1858.76 0 57 "Covariance may not be accurate. Covariance not positive definite. Covariance forced positive definite."
2009D 83 0.04585770720856936 1845.6999185531486 4.3798298321462426e-14 1.0194431159411306 0.451892416112588 0.056677258240178094 29.409131186563286 0.922387058655966 0.4387545187455641 0.6983344743857006 400272.3718575741 78.0 -20.373314084726573 1.651505663936053 1834.67 1884.53 36 47 "Minimization exited successfully."
2009F 57 0.045187136329688814 1847.602817080397 1.4155343563970746e-14 1.1525803055086468 0.4309160242051681 0.05684349760952251 29.278668079236127 0.9223868931300994 0.34653402826487406 0.6924713023663199 137653.80046472998 52.0 -19.159658934366753 1.5267536756107987 1837.75 1884.63 28 29 "Covariance may not be accurate."
2009I 18 0.049181166080883035 1848.9390568900208 9.159339953157541e-15 0.6500001200930112 0.47365807725212145 2.684950019607446e-07 0.00014718718773565342 0.0 1.8114195698970548e-09 0.0025113853214348003 26913.134037468717 13.0 -18.78195712368465 2.262355151916438 1848.58 1867.58 4 14 "Covariance may not be accurate."
2009J 23 0.08298830433128446 1845.291999751097 7.077671781985373e-15 0.6517180275048656 0.5045980477940654 0.04549598883575463 24.283088221071466 0.9223869356913417 0.3550712319185609 0.7114158437942876 6409.690081627396 18.0 -19.62003240002034 2.2580439793613287 1848.7 1867.68 0 23 "Covariance may not be accurate."
2009P 53 0.054006146143183394 1855.698467047665 7.710498906021712e-14 0.6500008916760504 0.40255764576359404 0.05427122960084747 20.48737725298099 0.9223870939483967 0.3686534538584389 0.6839378466862228 31072.112622251032 48.0 -21.46012958556791 2.2623509747648676 1867.74 1931.61 0 53 "Covariance may not be accurate."
2009Y 116 0.003804365462504495 1879.2583068059996 1.971756091734278e-13 1.0503901300746252 0.21034343356649887 0.05151016983269101 29.3454256565077 0.9223867220479154 0.44201851198978526 0.6048945787329417 204868.43879824466 111.0 -17.002078655461368 1.6198789184368074 1869.84 1976.65 20 96 "Covariance may not be accurate."
2009aa 82 0.06654280655512697 1879.7468329569394 1.5404344466674047e-14 1.2465240586007225 0.0361619412599305 0.05944663589040715 29.403956659759956 0.9223868981659062 0.38731429624939734 0.5280644401070433 80402.81680475733 77.0 -20.886560488055142 1.4590123119959912 1869.68 1938.65 28 54 "Covariance may not be accurate."
2009ab 40 0.057229097047805294 1891.6702447786638 6.336597913048081e-14 1.2003395491989863 0.4039642907443594 1.0793436162892522e-07 5.047208662745106e-05 4.163336342344337e-17 4.7038122263920457e-07 0.0006502797006849304 373308.7683829625 35.0 -21.375153874212515 1.4901654907509965 1874.57 1911.51 24 16 "Covariance may not be accurate."
2009ad 48 0.07940751848300347 1892.5845819786969 3.4139358007223564e-14 1.2007101209759816 0.6095819179228765 1.7541672905976857e-06 0.00042302168981223076 4.163336342344337e-17 0.0006428750561423557 3.5176624069932494e-05 301793.3289065801 43.0 -21.046535091562944 1.4899031007574628 1878.6 1915.45 24 24 "Covariance may not be accurate."
2009ag 72 0.08336296994747128 1883.5072314708755 2.398081733190338e-13 0.6587807011443265 0.5060590240886295 2.865812515767674e-08 0.010511625600884145 0.0 2.933060158083478e-07 2.295763391391148e-06 254816.87903626077 67.0 -23.452995617142484 2.2405354457141655 1888.59 1937.5 0 72 "Minimization exited successfully."
2009al 55 0.0035002820236776787 1882.8822813854854 1.0591527654923993e-13 0.7321195189033816 0.49399671250888083 0.049566650225195664 22.901219904345908 0.922394253702032 0.33668416883326213 0.7089758768634304 53310.53933287187 50.0 -15.57776365876546 2.0744562813210496 1897.7 1947.57 0 55 "Covariance may not be accurate."
2009cz 32 0.08361023389943138 1952.4149925399665 1.1082801343320625e-13 0.6500011362792918 0.500003866839078 8.405986053061643e-09 2.609783007301303e-05 8.326672684688674e-17 1.2422921025212474e-09 0.301018834364265 145739.68046703964 19.0 -22.63134404837311 2.262353606580019 1937.53 1966.46 20 12 "Covariance may not be accurate. Covariance not positive definite. Covariance forced positive definite."
2009dc 40 0.06250306930309704 1923.8216964378223 5.554723347955814e-13 0.8067134635873972 0.4246969619920095 0.050923892436657445 25.189750154310445 0.922386761778102 0.3779588920886215 0.6906600465413923 159474.88015908285 35.0 -23.888957934669477 1.9356747996680976 1942.81 1976.68 0 40 "Covariance may not be accurate."
2009ds 36 0.06682892172624288 1939.6812029655532 2.0292101332586299e-13 1.235319925166574 0.3601132584504078 0.00015684361061094054 0.005397937251586882 4.163336342344337e-17 0.00018100014995459102 0.0011607892605671188 118126.92748188232 31.0 -23.076008361929127 1.4662945274536678 1956.68 1976.62 0 36 "Covariance may not be accurate."
2009le 36 0.08338676865985703 2142.258367080597 1.4205303600078878e-13 1.2485204177883509 0.40639256916439714 0.04641583521485805 17.05996228971867 0.922386756646418 0.3560948626249853 0.6851327978320235 314092.2355856113 31.0 -23.10441010809648 1.457739780788442 2155.62 2169.58 0 36 "Covariance may not be accurate."
2010ae 5 0.07875285354508471 2260.5088908058383 6.994405055138486e-15 0.8703237195853384 0.4504742379739251 0.04056512468651538 27.6209817610943 0.9235565537383793 0.4035392551982528 0.6983700503455822 156.99568946865165 0.0 -19.61023872725154 1.8374720338237367 2271.53 2305.53 0 5 "Covariance may not be accurate."
