analysis_pipeline/fit_results/csp_4_sn91bg_salt2_phase_red.ecsv
# %ECSV 0.9
# ---
# datatype:
# - {name: obj_id, datatype: string}
# - {name: num_points, datatype: int64}
# - {name: z, datatype: float64}
# - {name: t0, datatype: float64}
# - {name: x0, datatype: float64}
# - {name: x1, datatype: float64}
# - {name: c, datatype: float64}
# - {name: z_err, datatype: float64}
# - {name: t0_err, datatype: float64}
# - {name: x0_err, datatype: float64}
# - {name: x1_err, datatype: float64}
# - {name: c_err, datatype: float64}
# - {name: chi, datatype: float64}
# - {name: dof, datatype: float64}
# - {name: b_max, datatype: float64}
# - {name: delta_15, datatype: float64}
# - {name: tmin, datatype: float64}
# - {name: tmax, datatype: float64}
# - {name: pre_max, datatype: int64}
# - {name: post_max, datatype: int64}
# - {name: message, datatype: string}
# schema: astropy-2.0
obj_id num_points z t0 x0 x1 c z_err t0_err x0_err x1_err c_err chi dof b_max delta_15 tmin tmax pre_max post_max message
2004dt 88 0.0197 236.53060365659942 3.447242491461111e-14 1.2064795235272066 0.08187649697397481 0.0 27.630359800128204 0.9223868721195769 0.30652417304495444 0.7114612268294092 69949.50665788833 56.0 -18.96414111176636 1.4853553257910157 249.79 365.62 0 88 "Covariance may not be accurate."
2004ef 111 0.031 266.6329946444576 1.124100812432971e-14 1.2068043908312243 0.5001867432247695 0.0 8.888903073511756e-05 0.0 0.06240301705483353 1.2202485321077816e-06 437617.24663282593 90.0 -17.90936219945238 1.4851394691585291 255.69 329.57 24 87 "Covariance may not be accurate. Covariance not positive definite. Covariance forced positive definite."
2004eo 122 0.043750000000000004 277.8648748641132 2.173261570703744e-14 1.2399058565907353 0.14578894788274166 0.0 29.43841128416821 0.9223869308921806 0.3991011921255974 0.5670601870298067 378162.2932491395 83.0 -20.114260812035333 1.4628839470812487 266.52 341.54 48 74 "Covariance may not be accurate."
2004ey 102 0.043750000000000004 280.53104691494724 8.91786644530157e-14 0.8068145495374449 0.444467107162898 0.0 1.5469867946649174e-06 0.0 2.022795091483065e-06 0.17706842549405707 456065.38424408605 46.0 -21.05619428188767 1.9344195816705732 295.53 358.55 0 102 "Covariance may not be accurate."
2004gc 54 0.043750000000000004 316.17057569539577 1.657007864253046e-14 0.6558319915156285 0.20871320227009427 0.0 21.259984813798383 0.9223870172446351 0.39238417230059236 0.6040300357247881 36473.7180843131 31.0 -19.68620971882243 2.246139100094844 329.83 397.66 0 54 "Covariance may not be accurate."
2004gs 135 0.043750000000000004 338.8626210955164 1.582067810090848e-14 1.0529518907034443 0.5436873287673439 0.0 0.023110664017679028 0.0 4.522831258835236e-05 5.301944182406482e-05 68554.17982646512 52.0 -18.97828970803134 1.6167099071402866 352.85 461.56 0 135 "Covariance may not be accurate."
2004gu 68 0.043750000000000004 371.1454454778677 3.247402347028583e-15 1.0084507421927862 0.4478042924301011 0.0 25.754274751927937 0.9278408055549489 0.43900979495147535 0.6991199635307941 129820.37651233032 59.0 -17.452037836215744 1.6624933711415792 357.86 410.84 12 56 "Covariance may not be accurate."
2005A 109 0.043750000000000004 361.6518792673761 1.7735812818386876e-14 1.020114631619528 0.061758752155711916 0.0 3.36396999500721e-06 0.0 3.5513483425120285e-06 0.06652851819239022 66175.85277146017 57.0 -20.04967622329198 1.6501173596684708 376.65 433.53 0 109 "Covariance may not be accurate."
2005M 172 0.043750000000000004 404.43254032495065 2.0067281170099704e-14 0.8391198352538735 0.4587603432856776 0.0 nan 0.0 9.103548066435874e-06 1.54305450702219e-05 183333.86860559564 98.0 -19.404943321967576 1.882939600611568 397.73 480.51 21 151 "Covariance may not be accurate."
2005W 40 0.043750000000000004 397.13455707667725 3.547162563677375e-14 0.6500002227117199 0.2581831824769387 0.0 23.734400399717856 0.9226029511614774 0.36889036272958303 0.6285587336440095 420934.97414993576 36.0 -20.402121170008886 2.2606642803280295 404.54 429.51 0 40 "Covariance may not be accurate."
2005ag 41 0.043750000000000004 435.03119656436127 1.6653345369377348e-16 0.6600014473275365 0.028742602556166286 0.0 0.0009298721085713169 0.0 6.412792546484081e-06 0.07662211445538025 34678.89727979703 34.0 -15.036961938463005 2.235891286352121 412.82 479.84 24 17 "Covariance may not be accurate."
2005al 98 0.043750000000000004 426.0988995828821 4.8377968298041196e-14 1.2184404585008437 0.5246114673118791 0.0 25.612227953292773 0.9274252227783681 0.4180538714703055 0.718051817454448 152290.49728729756 60.0 -20.223460215254207 1.4771192818663437 429.76 512.79 0 98 "Covariance may not be accurate."
2005am 66 0.043750000000000004 418.1870429151471 5.095091015761e-13 0.6564637556790194 0.49256832478928636 0.0 22.4000389635909 0.9223865830351291 0.34141581531438825 0.7086367684341367 90134.89436815595 30.0 -22.837399164311854 2.244588463308304 433.71 490.46 0 66 "Covariance may not be accurate."
2005be 23 0.043750000000000004 452.91881101951236 1.0824674490095276e-14 0.9849926212147326 0.7078985294431779 0.0 24.346814611887936 0.9223880916570829 0.43340250673906766 0.6435353066007736 44384.62996454568 19.0 -18.247624457144283 1.6882885410668607 467.89 491.77 0 23 "Covariance may not be accurate."
2005bg 31 0.043750000000000004 460.62382603525884 2.3148150063434514e-14 1.2419899442670763 0.49961923611054315 0.0 0.10206806477566488 4.163336342344337e-17 0.00016347086345613882 0.0006396499492313523 55220.12318998785 27.0 -19.463545460461418 1.461542594301541 472.67 512.61 0 31 "Covariance may not be accurate."
2005bl 23 0.043750000000000004 487.262693091626 8.326672684688674e-16 0.6500354575733952 3.6058761621049484e-07 0.0 0.0009110224960977575 0.0 1.8596509987478527e-07 0.00020706951797236361 32512.723472718484 17.0 -16.8306261845057 2.260565031421674 476.61 512.57 15 8 "Covariance may not be accurate."
2005bo 18 0.043750000000000004 479.7575245279718 3.197442310920451e-14 0.6500106459719346 0.5600257802600936 0.0 0.0005538229779347148 0.0 5.117731605719378e-07 0.005812798702176103 14538.793478232554 14.0 -19.714398866603766 2.2606445452333936 478.75 512.76 4 14 "Covariance may not be accurate."
2005el 143 0.043750000000000004 641.8067735355805 3.3056890558214036e-14 1.1926179345328374 0.2668787255669759 0.0 27.605455687146673 0.9223876143353142 0.430006687236698 0.6325207044845635 271981.75310189824 62.0 -20.311630935722548 1.4952884876158308 639.89 730.75 7 136 "Covariance may not be accurate."
2005eq 112 0.043750000000000004 639.2750863625712 3.2307490016592055e-14 0.6905386971654806 0.4979162148682107 0.0 0.15112854224116745 4.163336342344337e-17 0.02010545471854347 0.0004518416693761462 243457.31283555744 44.0 -19.82970387301598 2.1638894459687634 647.8 751.66 0 112 "Covariance may not be accurate."
2005gj 112 0.043750000000000004 709.6192896698229 9.076073226310655e-15 1.1297582208906247 0.4917896462984155 0.0 29.41314984368188 0.9230013765694777 0.4423700923031268 0.708708081581936 82086.51243856533 46.0 -18.466161415723867 1.5453632909907782 698.7 1016.76 16 96 "Covariance may not be accurate."
2005hc 84 0.043750000000000004 677.3164817712211 3.747002708109903e-15 1.1890791990206035 0.08278693880230781 0.0 29.58976586133133 0.923059833206122 0.4315170667209766 0.5200417903724084 128155.36286919325 56.0 -18.324757619336612 1.497880324030266 661.67 755.61 42 42 "Covariance may not be accurate."
2005hj 52 0.043750000000000004 658.0635258969411 8.076872504148014e-15 0.6500000394663139 0.49987894539429406 0.0 21.1906766416829 0.9224075270813833 0.3688982737323696 0.7103488745190907 20403.04026880222 27.0 -18.31971423935018 2.260670976364114 671.67 761.57 0 52 "Covariance may not be accurate."
2005hk 156 0.043750000000000004 691.7401133594989 2.2315482794965646e-14 1.2289027717701386 0.059167826877357665 0.0 29.54956346626949 0.9223868939047339 0.31760861618890796 0.5020571702422307 123069.7691945304 65.0 -20.303538155576224 1.4700949581788372 675.61 761.54 53 103 "Covariance may not be accurate."
2005iq 84 0.043750000000000004 685.6916829765481 5.329070518200751e-15 1.2490542649157113 0.05283156109430548 0.0 27.951181006972206 0.9223869718508644 0.38656356611976067 0.6968987032302779 23070.909221975617 49.0 -18.759513180485495 1.456980790312727 682.55 755.55 12 72 "Covariance may not be accurate."
2005ir 13 0.043750000000000004 674.4075467161147 1.6653345369377348e-16 0.6500000027321354 0.05102147563814019 0.0 23.027086380379444 0.9618863335327916 0.38477276561599 0.6957767353104027 11150.107168301882 6.0 -14.999714201864013 2.2606555540357434 682.62 740.53 0 13 "Covariance may not be accurate."
2005kc 77 0.043750000000000004 694.8062858624367 2.4480417692984702e-14 1.242662917421882 0.4945600460112646 0.0 28.88505486431734 0.9223868702280074 0.3950499310088252 0.7091050612221053 37957.740338308824 39.0 -19.536722233465404 1.4611070946616849 687.52 728.54 26 51 "Covariance may not be accurate."
2005ke 222 0.043750000000000004 695.9788554445186 1.400546345564635e-13 0.6809529438865178 0.4917048724061635 0.0 28.752575447817037 0.9255616461999175 0.41767886605971477 0.7097411075946887 196492.89265622458 74.0 -21.437360140221966 2.1859917460253833 689.69 819.51 26 196 "Covariance may not be accurate."
2005ki 147 0.043750000000000004 690.6731122982978 3.347322419244847e-14 1.239569815842072 0.530449068021745 0.0 24.905945751459512 0.9304418512022197 0.39955050361306416 0.7206497045851179 567628.7076802606 46.0 -19.814008093604553 1.4631119466727789 695.86 858.54 0 147 "Covariance may not be accurate."
2005ku 17 0.043750000000000004 719.8683368710276 2.1649348980190553e-15 0.6500004386099703 0.05815810268950877 0.0 32.58469381499242 1.0565683696161483 0.4228793713903751 0.5030871253178848 18109.282580348616 10.0 -17.772365686968573 2.260654687759164 699.56 739.53 13 4 "Covariance may not be accurate."
2005lu 39 0.043750000000000004 704.6630964515882 8.909539772616881e-15 1.225876727830343 0.5002956624419568 0.0 0.02953345542977104 8.326672684688674e-17 0.007746730662501866 0.04049404279736979 18312.805085916145 19.0 -18.425486526259938 1.4721185317205325 719.66 799.52 0 39 "Covariance may not be accurate. Covariance not positive definite. Covariance forced positive definite."
2005mc 31 0.043750000000000004 723.9589179618515 9.159339953157541e-15 1.1969520496669057 0.08845984126615097 0.0 20.287330335948354 0.9223871552568738 0.42842862373087454 0.7140653804211163 8816.555110129246 27.0 -19.28500607844001 1.4921344844375994 736.79 773.62 0 31 "Covariance may not be accurate."
2005na 79 0.043750000000000004 740.4861568916835 9.742207041085749e-15 1.2493648354222924 0.5183957512411123 0.0 0.004791646090211543 0.0 0.00013490603988852712 4.504133078814254e-05 100010.79027751656 49.0 -18.493589932863568 1.4567943580736866 738.71 834.54 2 77 "Minimization exited successfully."
2006D 151 0.043750000000000004 752.8087549523773 6.003531005660534e-14 1.2146333660819746 0.006573036824332856 0.0 27.315430569047294 0.9223868246041529 0.3013706355119285 0.5794153660633261 99409.91636614162 61.0 -21.46506980025724 1.4797012301455155 752.87 891.61 0 151 "Covariance may not be accurate."
2006X 188 0.043750000000000004 781.597016638803 2.462197112862441e-13 0.6500247162519117 0.5458597350395626 0.0 0.0011987603486431908 4.163336342344337e-17 1.0161797797669792e-07 0.0015505890274635226 324600.56845679285 63.0 -21.954868371635577 2.2606091631434637 775.68 891.59 16 172 "Minimization exited successfully."
2006ax 146 0.043750000000000004 821.3829316948992 3.70536934468646e-14 0.650001259271229 0.043610879198206276 0.0 28.5796740981678 0.9223870777188357 0.36858904450759616 0.6908266198196742 308644.0695494555 72.0 -20.880571157172938 2.2606521669515125 815.64 891.5 16 130 "Covariance may not be accurate."
2006bd 31 0.043750000000000004 807.750148798542 7.077671781985373e-15 0.8812850067902358 0.11799823333104653 0.0 26.29353267550215 0.9873547622255043 0.4575669495965467 0.7235347201889398 6852.6464307846545 12.0 -18.950341816675106 1.8208252530777074 822.75 872.57 0 31 "Covariance may not be accurate."
2006bh 102 0.043750000000000004 820.0747601777857 1.550426453889031e-13 0.745320027067192 0.009972119913276178 0.0 22.23356915435039 0.9223867479481862 0.3452347986023517 0.5708278083629124 259505.1748704714 53.0 -22.489758016024947 2.0462639089126498 829.91 891.79 0 102 "Covariance may not be accurate."
2006br 41 0.043750000000000004 840.6619155008017 1.4904744105592727e-14 0.6729016753596019 0.5002008987552415 0.0 0.0010003357150480952 1.249000902703301e-16 0.005395439356390863 0.0028395626756710923 7656.078049845999 23.0 -18.98430270894756 2.204892416898904 855.66 891.66 0 41 "Covariance may not be accurate. Covariance not positive definite. Covariance forced positive definite."
2006bt 49 0.043750000000000004 838.7638747232542 1.990074771640593e-14 1.1474673247247746 0.5002567169231722 0.0 2.438912434854501e-05 0.0 nan 1.1292499703552394e-05 80731.68659425857 25.0 -19.29808291892169 1.5304297745831974 853.76 891.71 0 49 "Covariance may not be accurate."
2006dd 76 0.043750000000000004 911.94 0.75 0.95 0.5 0.0 0.0 0.0 0.0 0.0 0.0 -4.0 -53.23896584065215 1.7295144281381098 979.93 1147.57 0 76 "Hesse Failed. Covariance may not be accurate. Covariance not positive definite."
2006ef 20 0.043750000000000004 987.7600525433307 3.9968028886505635e-15 1.2466247262456802 0.003915322413722944 0.0 28.98565367316496 0.9223888950804979 0.34929918513537034 0.5877497846721094 129365.33915398228 14.0 -18.5275528007114 1.458539193796632 979.9 1040.71 6 14 "Covariance may not be accurate."
2006ej 21 0.043750000000000004 970.9079917119044 2.2648549702353193e-14 1.2307780178943823 0.12091994271501538 0.0 22.898503768118474 0.9223868732794839 0.3200824764738543 0.550042787818996 20368.87188325876 10.0 -20.207652645116195 1.4688568493790477 980.72 1018.7 0 21 "Covariance may not be accurate."
2006eq 62 0.043750000000000004 984.0681298297857 1.9984014443252818e-15 1.0879312676725403 0.9999912618242959 0.0 7.582594091220585 0.0 0.0011389475252211456 9.758951858229725e-06 7983.862037620043 44.0 -15.824872287773232 1.5830167856136725 980.56 1029.51 13 49 "Covariance may not be accurate."
2006et 151 0.043750000000000004 969.0496813888228 9.975353876257032e-14 0.6500000004186178 0.5060518952439824 0.0 21.1568936802434 0.922387699513586 0.36896202257804794 0.7117438878742189 265676.8025505579 40.0 -21.039053770135133 2.2606710977374735 982.63 1099.54 0 151 "Covariance may not be accurate."
2006ev 87 0.043750000000000004 978.6126271151631 1.0907941216942163e-14 0.960665046337716 0.4777887812387583 0.0 0.0005401305025998226 0.0 0.001521230651808314 0.00013928479373917502 40364.59613684041 36.0 -18.699217020227923 1.716564036180678 993.59 1039.52 0 87 "Covariance may not be accurate."
2006fw 6 0.043750000000000004 986.7500001351677 4.163336342344337e-15 0.650000214973996 0.2567459042808517 0.0 0.0033376955842072675 0.0 1.2587973219346793e-07 0.000183211749398976 1406.336361681071 1.0 -18.07831071502988 2.260664275884885 1001.75 1039.73 0 6 "Covariance may not be accurate."
2006gj 70 0.043750000000000004 983.8300000002108 2.2398749521812533e-14 0.6529827827917573 0.4995681100759996 0.0 0.00036282659226571923 0.0 6.13349374067873e-07 2.3022692085816754e-06 15532.536770648923 22.0 -19.427933387970374 2.2532130695999655 998.83 1096.59 0 70 "Covariance may not be accurate."
2006gt 54 0.043750000000000004 1014.0346134239657 2.7478019859472624e-15 1.2498785420436638 0.5001456294178641 0.0 30.320307934914638 0.9559026623953397 0.3653355435425875 0.7231802859000496 44093.34110680696 35.0 -17.14854838829199 1.456465308215428 1001.67 1076.62 27 27 "Covariance may not be accurate."
2006hb 101 0.043750000000000004 991.8798082458604 5.295763827461997e-14 0.993519735722352 0.5000816450264548 0.0 0.0019730210068473752 4.163336342344337e-17 0.0010154581345660496 0.0006293181086956812 141123.23170155092 34.0 -20.361005938898472 1.6787592872514203 1006.87 1143.59 0 101 "Minimization exited successfully."
2006hx 39 0.043750000000000004 1036.8822175178605 2.498001805406602e-16 1.2032161033483586 0.5000306418215771 0.0 0.773581688035506 0.0 7.9428927521219e-05 0.0002699294693404297 23530.34441419957 17.0 -14.545247661567842 1.4876677447127094 1013.66 1080.59 12 27 "Covariance may not be accurate."
2006is 80 0.043750000000000004 994.7436072756276 4.654610030740969e-14 0.8444987100217316 0.5002409799345879 0.0 0.00693238735561863 0.0 0.0007658339867684383 0.6818098256328771 356259.3559261785 18.0 -20.22064018925563 1.8747385355755455 1009.86 1125.67 0 80 "Covariance may not be accurate. Covariance not positive definite. Covariance forced positive definite."
2006kf 118 0.043750000000000004 1042.0213615078824 6.494804694057166e-15 1.1008873653526168 0.09794322861829496 0.0 0.0054715130969498205 0.0 nan 0.00041482011199003854 57825.288092546965 57.0 -18.89448878104408 1.571008306546382 1036.81 1127.64 26 92 "Covariance may not be accurate."
