analysis_pipeline/fit_results/csp_4_salt2_2.4_red.ecsv
# %ECSV 0.9
# ---
# datatype:
# - {name: obj_id, datatype: string}
# - {name: num_points, datatype: int64}
# - {name: z, datatype: float64}
# - {name: t0, datatype: float64}
# - {name: x0, datatype: float64}
# - {name: x1, datatype: float64}
# - {name: c, datatype: float64}
# - {name: z_err, datatype: float64}
# - {name: t0_err, datatype: float64}
# - {name: x0_err, datatype: float64}
# - {name: x1_err, datatype: float64}
# - {name: c_err, datatype: float64}
# - {name: chi, datatype: float64}
# - {name: dof, datatype: float64}
# - {name: b_max, datatype: float64}
# - {name: delta_15, datatype: float64}
# - {name: tmin, datatype: float64}
# - {name: tmax, datatype: float64}
# - {name: pre_max, datatype: int64}
# - {name: post_max, datatype: int64}
# - {name: message, datatype: string}
# schema: astropy-2.0
obj_id num_points z t0 x0 x1 c z_err t0_err x0_err x1_err c_err chi dof b_max delta_15 tmin tmax pre_max post_max message
[from data line 106]
2008fr 82 0.0397 1741.5755221131901 0.002340829177590351 -0.4022183207570631 -0.06972749368967579 0.0 9.16334033718158e-06 3.734945336784793e-05 0.029702759472868046 0.010956589189281218 4923.32114921838 27.0 -19.16083683653007 1.1348617551151676 1738.78 1807.57 5 77 "Minimization exited successfully."
2008fu 58 0.052 1732.0961375286572 0.0014577855836093473 -1.3902126577955434 -0.07373442580327405 0.0 0.15582648094937213 4.737254211457096e-05 0.052946033577651486 0.02164343841344385 154.0680717969832 27.0 -19.251840357174004 1.3502684084307468 1737.84 1817.67 0 58 "Minimization exited successfully."
2008fw 70 0.0085 1733.4153006084273 0.026590426881552526 0.6729319258211515 0.18562952619203932 0.0 3.943210231227567e-06 0.00022031461573110596 0.010196236216237331 0.0051749389363759946 1459.2093938760213 21.0 -18.403451956490596 0.924182980749233 1740.89 1827.81 0 70 "Minimization exited successfully."
2008gg 102 0.032 1752.090677114526 0.0047673884384027065 0.7208697420393069 -0.08228628604373733 0.0 3.944205673178658e-08 4.8860856206959895e-05 0.018972310874195486 0.007281459032624893 965.7067222693433 36.0 -19.453347611902714 0.9269925293467551 1753.63 1827.57 0 102 "Covariance may not be accurate."
2008gl 87 0.034 1768.8910561730777 0.0034634677572693093 -1.4031481571298734 -0.0696104230681115 0.0 2.8847428097833472e-05 3.9631119000101264e-05 0.018709752557912074 0.007813519173468342 517.3040299597914 34.0 -19.23989494756944 1.3530009275829045 1765.7 1844.55 12 75 "Minimization exited successfully."
2008go 19 0.0623 1766.7132002900614 0.0010839557051855909 -0.5025876581367008 -0.057904328557030316 0.0 0.1952160356610193 5.318166763110255e-05 0.30628722233991335 0.0398676940504778 14.66365251273156 8.0 -19.33909077513028 1.1543583553382533 1764.54 1776.58 6 13 "Minimization exited successfully."
2008gp 96 0.0334 1779.837270568909 0.002719476607187818 0.07093051733803968 0.1485367776913451 0.0 0.02483519205657103 3.2977915692127165e-05 0.022705126829825062 0.00804756193705125 477.3413133171848 36.0 -18.939542026727835 1.0321385147013729 1768.75 1844.52 26 70 "Minimization exited successfully."
2008ha 56 0.0046 1766.550000000327 0.0009776895361073568 -1.0752404805583362 0.8040639951862727 0.0 0.06637558855766201 2.2614413796967514e-05 0.02055400995226675 0.014288217119204027 1403.1969196925318 32.0 -13.508950818145767 1.205146669593102 1781.55 1810.55 0 56 "Minimization exited successfully."
2008hj 65 0.0379 1802.1187647849245 0.0032803153071712665 0.4223950912484673 -0.056272722761900984 0.0 0.03811497741276071 4.400572399593933e-05 0.03953236782346803 0.009404116892385517 340.89982120407194 28.0 -19.424022932963897 0.9785428129076443 1794.58 1834.55 21 44 "Minimization exited successfully."
2008hu 52 0.0497 1805.6412927681574 0.0010632819177296415 -1.8229007774074493 -0.017019937903876126 0.0 0.09679609300087577 2.1452735627422405e-05 0.043921133431855885 0.014235896649319624 231.79921137559398 28.0 -18.806938257432893 1.4524765431309028 1804.74 1844.84 5 47 "Minimization exited successfully."
2008hv 132 0.0126 1817.369275686508 0.02127993143480149 -1.4797101159105241 -0.0843648394031371 0.0 0.01267525682737869 0.00023644460487602485 0.018555236594629765 0.007187554720283151 1479.080318921543 36.0 -19.020303914648963 1.3727337603949596 1804.8 1912.7 31 101 "Minimization exited successfully."
2008ia 109 0.0219 1812.8490981795344 0.003505092414702227 -1.4428622744272146 0.20467111934365811 0.0 0.08103888409220872 7.273265221040813e-05 0.04932656035894878 0.01427838544410176 250.06318287752575 25.0 -18.279989356309212 1.3378396420917547 1809.77 1874.69 12 97 "Minimization exited successfully."
2009D 93 0.025 1841.9800348890321 0.007035054093898913 0.6750440764286516 0.07015819378945287 0.0 0.029427081777157582 5.573016809859834e-05 0.015842152154673883 0.005208025943001626 352.4523365021344 38.0 -19.328257898161663 0.92873724363956 1834.67 1890.52 30 63 "Minimization exited successfully."
2009F 82 0.013 1844.5268360382572 0.0012544104742272689 -3.2719587303918285 0.8028943467783631 0.0 0.021445832960239386 1.8131496066330056e-05 0.020921086206209916 0.009195548930549968 26088.89678509758 28.0 -16.048452602829258 1.7586885260231426 1837.75 1884.63 36 46 "Minimization exited successfully."
2009I 37 0.0262 1851.968059747139 0.0005558331052583882 1.1619033333290059 0.9999999865507248 0.0 0.14970352316299795 2.868879676665116e-06 0.11360155546139605 0.007092623706654089 64.41992091813852 6.0 -16.730674504661337 0.8100489065927405 1846.58 1867.58 14 23 "Minimization exited successfully."
2009J 18 0.0158 1831.7400005731727 0.0005269004214653345 -0.8162403507131879 0.5887125550028376 0.0 0.0386543827787591 2.544282890818984e-05 0.05604371759057436 0.030966441432081715 58.639962782601025 10.0 -15.520104351258635 1.171234333301154 1846.74 1867.68 0 18 "Minimization exited successfully."
2009P 46 0.0251 1868.336953875043 0.0027622829659853052 1.2293154317346024 0.2788893262958816 0.0 0.13149897089033402 5.7576178469605135e-05 0.05045132026354082 0.01441426577547078 340.7882758900702 22.0 -18.326568529965915 0.8279497045112443 1867.74 1931.61 2 44 "Minimization exited successfully."
2009Y 148 0.0094 1878.3405304251198 0.04999999990384697 -0.0473353638213192 -0.10795453148842726 0.0 3.3654412163741654e-06 0.00012862385581665844 0.011784143730719343 0.0008323960500818406 2181.8315180944555 35.0 -19.307230112769776 1.0677136212759741 1868.84 1976.65 23 125 "Minimization exited successfully."
2009aa 150 0.0273 1878.7704097919623 0.003998772592372366 -0.5676416428816484 0.12912391490969344 0.0 0.016591010430943243 4.054988110282348e-05 0.01811762067974465 0.006723649893926376 269.17884429990676 36.0 -18.90959634579646 1.155451441310003 1868.77 1956.66 38 112 "Minimization exited successfully."
2009ab 62 0.0112 1883.6767008928691 0.007678765174214153 -0.9135728916451438 0.48854169900834177 0.0 0.017970206086943108 7.517881342704574e-05 0.022336398675003366 0.006312858185570813 434.94034162894434 16.0 -17.6682973320546 1.1987013792957804 1874.57 1911.51 14 48 "Minimization exited successfully."
2009ad 80 0.0284 1887.1181640254317 0.0034839404469071663 0.2992547291166012 0.20928826587260962 0.0 0.026077031957811414 4.511139455170578e-05 0.03121976715535757 0.008594438526593251 130.41329083648122 20.0 -18.84954712632873 0.9879529422531306 1878.6 1921.53 16 64 "Minimization exited successfully."
2009ag 136 0.0086 1890.1909829711553 0.006496312544831279 -0.033140534409930034 0.7575498489425387 0.0 0.045096113766476265 6.207408688463671e-05 0.01261749117598443 0.0058727065217378804 1285.4289301841602 32.0 -16.92734181313613 1.0152176590321567 1886.62 1959.54 20 116 "Minimization exited successfully."
2009al 68 0.0221 1896.465715426779 0.0037092838117722877 -0.5905198866404815 0.4415140101329469 0.0 1.063070078544115e-05 6.795998310119835e-05 0.018776547942391808 0.011344222307607232 792.237269143539 24.0 -18.370137283099538 1.1383210850286716 1891.71 1973.54 18 50 "Covariance may not be accurate."
2009cz 51 0.0211 1944.0518643078951 0.008286028356329512 0.43141345048808866 0.05619675701414817 0.0 0.04509517398003027 0.00014309293712007343 0.06185383588725912 0.012043522591733913 96.06972581852264 12.0 -19.130942852994185 0.9718820158166857 1937.53 1966.46 12 39 "Minimization exited successfully."
2009dc 76 0.0214 1950.0335794478378 0.008611482980127367 -0.2513478590225322 0.4841062495691659 0.0 0.025165908492226663 9.531848150874916e-05 0.030258724412767446 0.0072095313283916385 14966.070844380187 15.0 -19.215871676068623 1.0714781237883475 1938.77 1976.68 29 47 "Minimization exited successfully."
2009ds 56 0.0193 1962.1513788262257 0.011988560788228065 0.27895191150658416 -0.019261878422957124 0.0 0.09683075893735804 0.00042009457230992014 0.20780355078467405 0.02488620021128013 40.1445899504401 14.0 -19.335090092489686 1.0026856603377254 1954.64 1976.62 17 39 "Minimization exited successfully."
2009le 30 0.0178 2165.692971726032 0.014800393745169596 -0.6692804573705136 -0.04975313205808951 0.0 0.1103628328967261 0.00028678956093626355 0.15501010046213626 0.01333586180245927 18.076630984445654 14.0 -19.385171657526403 1.188093271989544 2153.53 2169.58 22 8 "Minimization exited successfully."
2010ae 52 0.0037 2277.5487528317894 0.0004509184040346948 -3.9773647739046813 0.9999999825186059 0.0 0.18034599267957674 1.4105292984893658e-05 0.2890470617750014 0.010265762052796834 70.6124090630931 0.0 -12.211961021868245 1.9640410947644362 2258.59 2305.53 50 2 "Minimization exited successfully."
