analysis_pipeline/fit_results/csp_4_sn91bg_salt2_phase_red.ecsv
# %ECSV 0.9
# ---
# datatype:
# - {name: obj_id, datatype: string}
# - {name: num_points, datatype: int64}
# - {name: z, datatype: float64}
# - {name: t0, datatype: float64}
# - {name: x0, datatype: float64}
# - {name: x1, datatype: float64}
# - {name: c, datatype: float64}
# - {name: z_err, datatype: float64}
# - {name: t0_err, datatype: float64}
# - {name: x0_err, datatype: float64}
# - {name: x1_err, datatype: float64}
# - {name: c_err, datatype: float64}
# - {name: chi, datatype: float64}
# - {name: dof, datatype: float64}
# - {name: b_max, datatype: float64}
# - {name: delta_15, datatype: float64}
# - {name: tmin, datatype: float64}
# - {name: tmax, datatype: float64}
# - {name: pre_max, datatype: int64}
# - {name: post_max, datatype: int64}
# - {name: message, datatype: string}
# schema: astropy-2.0
obj_id num_points z t0 x0 x1 c z_err t0_err x0_err x1_err c_err chi dof b_max delta_15 tmin tmax pre_max post_max message
[from data line 55]
2006os 66 0.0328 1071.4986655317966 4.496403249731884e-15 0.6503396904721302 0.5147294609519071 0.0 15.805326105948438 0.0 6.837674384474468e-07 3.410029557832095e-05 61502.37381089894 42.0 -17.01683878492685 2.2598185137896074 1063.65 1133.56 19 47 "Covariance may not be accurate. Covariance not positive definite. Covariance forced positive definite."
2006ot 75 0.0531 1056.719207247979 5.578870698741412e-15 0.6766350940082821 0.06612813939481937 0.0 23.973145311664553 0.9223869892166443 0.3108418405182905 0.5048302099027041 23046.299417030503 45.0 -19.221767250886526 2.196073717624479 1063.72 1131.63 0 75 "Covariance may not be accurate."
2006py 14 0.0579 1054.6179056643184 5.995204332975845e-15 1.224732474132157 0.3975951713818342 0.0 23.447896340347143 0.9223874736596513 0.4138488905596898 0.6823709575027992 7578.173728909786 10.0 -18.854223213899864 1.4728798072778169 1069.54 1091.54 0 14 "Covariance may not be accurate."
2007A 49 0.0177 1092.6562649152452 3.980149543281186e-14 1.1109160933426945 0.04648140187276434 0.0 23.62392609668518 0.922386954399902 0.3695403352358659 0.6928164195745654 28288.88326889708 14.0 -18.945913195104254 1.5619182925773956 1107.53 1133.53 0 49 "Covariance may not be accurate."
2007N 100 0.0129 1133.0373060563597 2.6645352591003757e-15 0.9517224463267488 2.390230584570219e-07 0.0 0.0003663095873207567 0.0 1.0945941706030915e-05 3.9502938175839386e-05 125828.1691996511 35.0 -15.391089875063564 1.727385728153216 1123.82 1213.67 39 61 "Covariance may not be accurate."
2007S 127 0.0139 1140.3165593422168 2.7727820040013285e-14 1.221995165248484 0.00268151258649324 0.0 28.93155292332017 0.9223870068991226 0.3092676082365184 0.5925504249159284 47432.955487168314 27.0 -18.093892877953067 1.4747039701952502 1132.77 1246.54 22 105 "Covariance may not be accurate."
2007af 205 0.0055 1169.380651881786 1.8376966615107904e-13 1.248980677822436 0.01719621311829511 0.0 28.759557358921597 0.9223870955227358 0.358325235988659 0.5562756332154609 83640.032893801 47.0 -18.096713560080453 1.4570270630321982 1162.76 1257.72 27 178 "Covariance may not be accurate."
2007ai 59 0.0317 1162.9435344641029 9.076073226310655e-15 0.8560770906705363 0.49996307790048616 0.0 0.1413529958279014 0.0 0.00012127629798314166 0.00022629808156823805 30195.78614945886 30.0 -17.727105111795847 1.8573823765115876 1167.88 1259.7 0 59 "Covariance may not be accurate."
2007al 72 0.0122 1162.3069452507457 1.9317880628477724e-14 0.9614730377954401 0.5178288981327194 0.0 0.07806372390575689 8.326672684688674e-17 0.004312256510980661 0.008155876749938784 10164.479658340111 18.0 -16.413022597208418 1.7155976146618137 1170.77 1246.58 0 72 "Covariance may not be accurate. Covariance not positive definite. Covariance forced positive definite."
2007as 88 0.0176 1164.8571231881967 7.335798635210722e-14 0.8407426440692664 0.6797249808260403 0.0 0.0002036798879316848 0.0 6.125374009902096e-06 0.0018535168204653063 78476.11867376229 14.0 -18.366985014208456 1.8804567166144572 1175.59 1259.49 0 88 "Covariance may not be accurate."
2007ax 57 0.0069 1169.5694203484431 5.2541304640385533e-14 1.0536675934580289 0.11939255640546004 0.0 1.5601599102410546e-05 0.0 4.910876758468241e-06 0.014024845483951082 32593.33959219699 10.0 -17.05301478720459 1.615991518198749 1184.55 1248.47 0 57 "Covariance may not be accurate."
2007ba 68 0.0385 1204.2961381254781 3.497202527569243e-15 0.9991791224570736 0.4735049673206085 0.0 29.582524951898904 0.9228714137776263 0.41320941759142776 0.704172093081339 19107.683014325423 47.0 -17.18817395970515 1.6725330028316776 1190.83 1254.75 32 36 "Covariance may not be accurate."
2007bc 64 0.0208 1181.8181243604197 3.247402347028583e-14 1.1936896281936746 0.006259239412272577 0.0 25.64713697902789 0.9223868762469817 0.31760529280361666 0.6466682805780878 38912.39951031549 27.0 -19.146483642784144 1.49449750707603 1196.65 1259.53 0 64 "Covariance may not be accurate."
2007bd 66 0.0309 1202.727530023637 7.91033905045424e-15 1.2309973781591022 0.4921460737968415 0.0 28.741197447454397 0.9395573178982697 0.3203787962767943 0.7192464044024545 34198.05393509383 41.0 -17.54018963856219 1.4687224588572292 1197.53 1259.46 16 50 "Covariance may not be accurate."
2007bm 50 0.0062 1203.7309916073414 5.407341241436825e-13 0.6934012106219215 0.1735979501134539 0.0 21.50491749324874 0.922388684817735 0.306413479082459 0.5843360294478468 19979.432186488444 9.0 -19.242246653990385 2.1573569833764523 1217.57 1278.52 0 50 "Covariance may not be accurate."
2007ca 73 0.0141 1221.1113697624464 2.7977620220553945e-14 1.2479881536482118 0.47952425850641534 0.0 28.96101583295831 1.0106853330017538 0.38308564593555 0.7307842834811374 108638.94875955879 24.0 -17.21053397190348 1.4576765174231205 1217.65 1275.65 8 65 "Covariance may not be accurate."
2007cg 23 0.0332 1233.9637120749971 1.915134717478395e-15 0.6874553156632678 0.45772182088578905 0.0 0.028678018927053017 0.0 0.0004136112754491439 4.527151378699856e-05 29943.327862759157 19.0 -16.240351559785175 2.1709529893255564 1235.63 1259.59 0 23 "Covariance may not be accurate."
2007hj 173 0.0141 1350.3427521323915 2.3897550605056495e-14 1.2479316007086414 0.516937548928143 0.0 29.076427953063444 0.9223869992358485 0.3832756895245652 0.7141402869509768 36936.34549658438 50.0 -16.96292284607414 1.457713449764153 1348.76 1440.53 4 169 "Covariance may not be accurate."
2007hx 14 0.0794 1368.6109707876756 1.6653345369377348e-16 0.6500014579265938 0.21075934179720995 0.0 0.0010921189217469873 0.0 5.812447356756678e-08 0.15739146554504715 6617.842325671496 9.0 -16.036851094853997 2.2606586386824503 1354.78 1411.73 8 6 "Covariance may not be accurate."
2007if 25 0.0742 1366.1333135143293 4.579669976578771e-15 0.6500131605318661 0.41629544080373193 0.0 0.0005562399602467849 0.0 9.158417274557351e-08 0.10747578894133131 27869.787256240154 13.0 -19.087544928338435 2.260635218824625 1357.77 1443.6 8 17 "Covariance may not be accurate."
2007jd 17 0.0726 1369.268624008591 8.326672684688674e-17 0.6500354187366826 0.500687402717752 0.0 28.723584414959646 0.9291788269660547 0.36969739738240226 0.71337135211934 7537.794305212695 13.0 -14.496421335882538 2.260582142710337 1362.83 1409.83 8 9 "Covariance may not be accurate."
2007jg 56 0.0371 1370.1800517913655 2.6645352591003757e-15 0.9801117147553942 0.0012188619662495404 0.0 29.05022290903355 0.9416299874590061 0.43250446221088235 0.612224416069858 38798.75180092214 37.0 -17.722873894246508 1.6938131728739556 1363.82 1425.78 15 41 "Covariance may not be accurate."
2007jh 20 0.0408 1369.4108965303874 2.831068712794149e-15 0.6501470053714677 0.2698400298499044 0.0 0.009981336560713316 0.0 4.362307437349999e-05 0.0006565106475202587 6399.337475314171 15.0 -17.482233503834976 2.2602959566467185 1363.86 1413.8 5 15 "Covariance may not be accurate."
2007le 148 0.0067 1374.2663765385128 3.97015753605956e-13 0.9946493924539712 0.15662096828435212 0.0 22.235815166557245 0.9223872755320875 0.41455885367660533 0.5739814661366356 80516.83063216726 20.0 -19.111233817450117 1.677501216767725 1388.57 1470.55 0 148 "Covariance may not be accurate."
2007mm 17 0.0664 1370.7275028403262 1.6653345369377348e-16 0.9595100267104939 0.005934366913915801 0.0 2.948581050077337e-05 0.0 1.5835969680133566e-05 0.013260059095482502 26835.604819387278 13.0 -16.015433025952916 1.717936686281007 1385.72 1418.69 0 17 "Covariance may not be accurate."
2007nq 99 0.045 1396.8396094417244 9.159339953157541e-15 0.6500000000000044 0.5001742281490985 0.0 0.10614735406898035 4.163336342344337e-17 3.102079678130032e-07 0.00012341409405730586 84602.44105518734 59.0 -18.518863661611025 2.260671080842428 1397.65 1476.56 0 99 "Covariance may not be accurate. Covariance not positive definite. Covariance forced positive definite."
2007ol 7 0.0559 1394.8935823349202 6.994405055138486e-15 1.2498469665667313 0.47621540957076863 0.0 16.40072599369637 0.9223901874983046 0.37295069876616455 0.7046641898853 430.9969742383301 3.0 -18.7718752532398 1.4564848190980832 1409.79 1422.66 0 7 "Covariance may not be accurate."
2007on 204 0.0065 1417.3450584208163 4.0401015866109447e-13 0.8356232310353876 0.5707322458267572 0.0 28.758509733978258 0.9223894960641237 0.44297663640929863 0.7245110719531845 100622.34356399499 46.0 -18.248191077673447 1.8883236995065555 1410.73 1508.61 20 184 "Covariance may not be accurate."
2007so 39 0.0297 1447.826899527685 9.325873406851315e-15 0.6500000043241096 0.5001522608677594 0.0 0.16178052073814797 0.0 1.806079839572483e-07 3.91148977867406e-05 35319.684975474316 25.0 -17.61147335824138 2.2606710699171373 1449.68 1494.53 0 39 "Covariance may not be accurate. Covariance not positive definite. Covariance forced positive definite."
2007sr 156 0.0055 1439.8417114286956 3.490541189421492e-13 1.20409583691134 0.32148481196774237 0.0 24.902500935049716 0.929671182879168 0.3071988591556775 0.6554715325366913 148551.62634041958 25.0 -18.212758425904624 1.4870413469039967 1454.84 1955.57 0 156 "Covariance may not be accurate."
2007st 74 0.0212 1444.1713393145285 6.436517985264345e-14 0.6500000619808455 0.49997158147470055 0.0 22.58891400774587 0.9223868201337733 0.368876115835373 0.7103613523559833 218509.38808525252 39.0 -18.963120420236407 2.260670923530439 1458.66 1513.52 0 74 "Covariance may not be accurate."
2007ux 88 0.0309 1472.4218325048141 6.744604874597826e-15 0.7969162439313328 0.4723084871910111 0.0 0.0027236601247295766 0.0 0.0774305848673334 0.0006905548062515754 46810.64423704986 54.0 -17.41421505703167 1.951097186207754 1466.82 1554.65 21 67 "Covariance may not be accurate."
2008C 73 0.0166 1454.810678545004 1.0716427745194324e-13 0.6500626259488139 0.88324538670761 0.0 0.00030244434276482934 1.249000902703301e-16 1.809739044167369e-05 0.0015708856024606588 20260.991683145978 22.0 -18.25548332917369 2.260513129469178 1469.81 1552.5 0 73 "Covariance may not be accurate."
2008J 43 0.0159 1505.1186394225454 6.986078382453798e-14 1.2499175145321522 0.4984152758478127 0.0 0.0056168800448404 8.326672684688674e-17 5.352999848418083e-05 6.591451118037606e-05 161634.57104947642 11.0 -18.422434908536882 1.4564403053087602 1484.54 1516.52 34 9 "Covariance may not be accurate."
2008O 53 0.0389 1502.9048238094972 3.247402347028583e-15 1.2439408927135247 0.4924238386398778 0.0 29.559777237249136 0.9223976268288689 0.34232233068005175 0.7086068296989874 43020.38777268111 39.0 -17.085787720095965 1.4602815083277676 1489.71 1546.54 27 26 "Covariance may not be accurate."
2008R 64 0.0135 1482.1310856817463 7.460698725481052e-14 0.8644505990372834 0.47493049374194707 0.0 20.888479674213954 0.9284049278595072 0.44064332695932773 0.7066594848887212 62516.0629724542 22.0 -18.190817296231607 1.845064583788707 1493.63 1532.52 0 64 "Covariance may not be accurate."
2008ae 71 0.03 1494.0635418426673 7.327471962526033e-15 1.17866287607719 0.4553602753655416 0.0 23.015225880513754 0.9223882568928297 0.43426449961764507 0.6992678996741625 8871.21207119083 20.0 -17.477260361438063 1.5056944569680688 1511.74 1602.52 0 71 "Covariance may not be accurate."
2008ar 70 0.0261 1545.8697980746779 1.124100812432971e-14 0.8219691521329819 0.5169384928081077 0.0 0.027225161864180336 0.0 6.005373828055216e-06 1.1090787276457625e-05 100928.18130348413 47.0 -17.501021864931445 1.9097581780976434 1527.79 1627.59 29 41 "Covariance may not be accurate."
2008bc 101 0.0151 1526.6789101972693 1.1357581541915351e-13 0.6659541054259653 0.428107557517084 0.0 2.470580216140661e-05 4.163336342344337e-17 0.0007063974631014713 7.601133096490909e-05 151388.5148406202 28.0 -18.997258320333216 2.2214735335154394 1542.56 1646.46 0 101 "Minimization exited successfully."
2008bd 35 0.0301 1526.7140275599825 4.912736883966318e-15 0.6516331309920183 1.0658141036401503e-14 0.0 1.020691240682936e-05 0.0 4.2403835770477016e-07 8.889236657150246e-05 7596.754938909892 24.0 -17.923642335908085 2.2565627992406156 1541.7 1607.65 0 35 "Covariance may not be accurate."
2008bf 83 0.0235 1556.453438998803 1.8735013540549517e-14 0.6587610231500463 0.5201278907960263 0.0 6.717095051592764 0.0 6.240304473714708e-07 4.219135293248577e-06 258494.97532430093 52.0 -17.818339185235967 2.2389418799085803 1546.79 1646.49 27 56 "Covariance may not be accurate."
2008bi 48 0.0134 1552.2948257509806 9.076073226310655e-15 0.736380148732696 0.4515788333428713 0.0 0.03824654305196873 4.163336342344337e-17 0.06418972231958331 0.004132391483629344 2885.072066864593 29.0 -15.940564053769478 2.0643187251305015 1551.52 1628.47 2 46 "Covariance may not be accurate."
2008bq 50 0.034 1552.0241962685845 1.1574075031717257e-14 1.2497465205191247 0.499258969152327 0.0 21.780565684282465 0.9231362465465691 0.3743914748858537 0.7105165153970987 88193.61460172536 34.0 -18.148653417563054 1.4565498242183423 1562.49 1606.46 0 50 "Covariance may not be accurate."
2008bt 35 0.0154 1577.4907944213205 1.3072876114961218e-14 0.6500000003033907 0.01922496464476081 0.0 0.0005510801328227899 0.0 1.8928569822662666e-10 0.005361356170619502 60177.60099458164 18.0 -17.476079204733637 2.2606546021218747 1571.61 1651.47 6 29 "Covariance may not be accurate."
2008bz 26 0.0603 1565.722308692636 7.077671781985373e-15 0.8577607776583553 0.4699349426157903 0.0 24.724316066348024 0.9223869750694662 0.44130769437117595 0.7030767991814386 15031.69583496243 14.0 -18.97077170341479 1.8548896827573103 1580.72 1651.52 0 26 "Covariance may not be accurate."
2008cc 86 0.0104 1568.2194801338203 9.450773497121645e-14 1.0782998300342146 0.13971083054420375 0.0 22.926138187256242 0.9223867924501863 0.3846059422769627 0.5630512786266554 89354.44894361861 20.0 -18.547832822126065 1.592106819743254 1582.86 1654.86 0 86 "Covariance may not be accurate."
2008cd 9 0.0074 1573.2778485438898 3.605449272470196e-14 0.6961469081990901 0.500294955927595 0.0 0.26405633546698937 0.0 0.00022266509444962557 0.0007871162077469906 124.05575307017844 5.0 -16.024797348085073 2.151142964469855 1587.74 1595.73 0 9 "Covariance may not be accurate."
2008cf 51 0.046 1603.9448117591978 2.3314683517128287e-15 1.2332789444556147 0.0042874818701642 0.0 0.30842747229530687 0.0 0.0018230968482149112 0.07212204762483176 90249.56834496421 36.0 -18.05424838209214 1.467207029836615 1595.77 1654.65 20 31 "Covariance may not be accurate."
2008ff 144 0.0193 1709.8345099134906 8.301692666634608e-14 0.6518019386677746 0.4811233090811293 0.0 25.989779758204463 0.9383444969609178 0.38912314421733113 0.7119354690502898 992647.5035663723 43.0 -19.077976685343423 2.2561572032930837 1724.53 1790.57 0 144 "Covariance may not be accurate."
2008fl 97 0.0199 1716.6803613834786 1.6237011735142914e-14 1.19015014994757 0.5107025336050279 0.0 4.172478182913665 0.0 3.747187915070782e-06 1.1518390623910246e-05 383572.9960171789 39.0 -17.311141072912744 1.4971029801387523 1724.49 1789.53 0 97 "Covariance may not be accurate. Covariance not positive definite. Covariance forced positive definite."
2008fp 185 0.0057 1723.0956220723067 2.436384427539906e-13 1.2030604283626212 0.9080466183486144 0.0 26.371685008611166 0.9223938587813749 0.425955699310848 0.715370525359054 881645.340270676 47.0 -16.758245736822115 1.4877763552247458 1725.83 1874.61 0 185 "Covariance may not be accurate."
2008fr 82 0.0397 1723.7905423475695 1.2406742300186124e-14 0.9558349706005944 0.01468191211508707 0.0 24.407811083373076 0.925698112396699 0.42840428095739436 0.560945527167365 98513.94846472742 41.0 -19.522787428267513 1.7223733163994517 1738.78 1807.57 0 82 "Covariance may not be accurate."
