analysis_pipeline/fit_results/csp_4_sn91bg_salt2_phase_blue.ecsv
# %ECSV 0.9
# ---
# datatype:
# - {name: obj_id, datatype: string}
# - {name: num_points, datatype: int64}
# - {name: z, datatype: float64}
# - {name: t0, datatype: float64}
# - {name: x0, datatype: float64}
# - {name: x1, datatype: float64}
# - {name: c, datatype: float64}
# - {name: z_err, datatype: float64}
# - {name: t0_err, datatype: float64}
# - {name: x0_err, datatype: float64}
# - {name: x1_err, datatype: float64}
# - {name: c_err, datatype: float64}
# - {name: chi, datatype: float64}
# - {name: dof, datatype: float64}
# - {name: b_max, datatype: float64}
# - {name: delta_15, datatype: float64}
# - {name: tmin, datatype: float64}
# - {name: tmax, datatype: float64}
# - {name: pre_max, datatype: int64}
# - {name: post_max, datatype: int64}
# - {name: message, datatype: string}
# schema: astropy-2.0
obj_id num_points z t0 x0 x1 c z_err t0_err x0_err x1_err c_err chi dof b_max delta_15 tmin tmax pre_max post_max message
2004dt 181 0.043750000000000004 244.2433477781921 1.3572476476042539e-13 0.6842606242663704 0.47932356632439543 0.0 24.72549776624166 0.9223867610100612 0.30250467401294073 0.7054354800263074 193368.27602776932 142.0 -21.432886907011095 2.1783177115769163 249.79 365.62 0 181 "Covariance may not be accurate."
2004ef 167 0.043750000000000004 267.2964763928083 1.3572476476042539e-14 1.1784713176493313 0.30587100577083026 0.0 6.2095899409087e-06 0.0 6.420084419644922e-08 0.0009318229615340179 346182.5601097022 158.0 -19.280269350094482 1.5058371087183247 255.69 329.57 47 120 "Covariance may not be accurate."
2004eo 147 0.043750000000000004 279.49816924377063 1.2040368702059823e-13 0.6674437533541386 0.5000676284304757 0.0 10.01932181659771 4.163336342344337e-17 8.63559873331976e-07 1.0865881095112329e-05 955936.8557384446 134.0 -21.2528006268063 2.2178974660429382 266.52 341.54 45 102 "Covariance may not be accurate. Covariance not positive definite. Covariance forced positive definite."
2004ey 111 0.043750000000000004 303.847774188984 6.677991493120317e-14 1.133963448282171 0.17387000704056832 0.0 29.06071361798206 0.9223870839844911 0.44198846482496323 0.5844970988019006 250591.03697730566 107.0 -21.275504901040048 1.5417515231329695 295.53 352.55 27 84 "Covariance may not be accurate."
2004gc 80 0.043750000000000004 318.9070281409089 2.273181642920008e-14 1.170530650268082 0.4997607302428711 0.0 21.431870328541578 0.9223868730963403 0.43626106347454335 0.7103128732858287 55896.56380348412 50.0 -19.443490425748138 1.5119471405920635 329.83 397.66 0 80 "Covariance may not be accurate."
2004gs 164 0.043750000000000004 339.72376252233914 4.496403249731884e-14 0.9072578604710997 0.5002840798963538 0.0 1.365468146071123 0.0 0.00022124557519942467 0.00024576961791816787 149214.02227177337 85.0 -20.18302789078864 1.7847893582935122 352.85 461.56 0 164 "Covariance may not be accurate."
2004gu 88 0.043750000000000004 342.89874430296965 3.3556490919295356e-14 1.1937882695039455 0.3852782227446606 0.0 24.064638615193616 0.9223893960276974 0.42959389521088226 0.6783876247380645 46621.76943118449 60.0 -20.11764634557598 1.4944367350220773 357.86 410.84 0 88 "Covariance may not be accurate."
2005A 73 0.043750000000000004 367.0908026492546 2.273181642920008e-14 1.0755990021043875 0.50024436671319 0.0 0.2497532935612412 0.0 0.0001890930218593212 0.00030014816877024786 28269.599878022756 66.0 -19.442513912649726 1.5946924318218585 376.65 432.52 0 73 "Covariance may not be accurate."
2005M 209 0.043750000000000004 395.9149411306335 2.806088694740083e-14 1.1498794734473918 0.014063584715252764 0.0 26.700269820949984 0.9223868645137783 0.440066906954091 0.562149195714404 503146.6918278837 153.0 -20.627329219137376 1.5284311584863133 396.77 480.51 0 209 "Covariance may not be accurate."
2005W 77 0.043750000000000004 408.9938954964042 8.66806626476091e-14 0.6509697901835491 0.4996452195980603 0.0 0.012564214428607556 8.326672684688674e-17 3.871420606404996e-05 nan 435765.7157480244 73.0 -20.896989048880272 2.2582391727592412 404.54 429.51 11 66 "Covariance may not be accurate."
2005ag 163 0.043750000000000004 401.1728970586493 9.492406860545088e-15 0.6804131017460995 0.43983986949110676 0.0 0.02379377144640671 0.0 1.8217676829856977e-06 6.195096227540331e-06 148117.6215439319 96.0 -18.63408459039229 2.1872473636423706 412.82 480.84 0 163 "Covariance may not be accurate."
2005al 140 0.043750000000000004 431.42307063926387 5.5871973714261e-14 0.9948616540171068 0.4829951471476324 0.0 29.063756018121524 0.9255917737716697 0.4151032191767705 0.7076208663599721 482938.2487508392 120.0 -20.460528613613512 1.6772756863241192 429.76 512.79 8 132 "Covariance may not be accurate."
2005am 137 0.043750000000000004 423.01018193175827 5.003497616229424e-13 1.1920239767779797 0.49516876853139136 0.0 22.414183817029738 0.922581395327627 0.4303049656177969 0.7092476057242787 373508.97961889993 88.0 -22.811372322319265 1.495727567122886 432.58 512.46 0 137 "Covariance may not be accurate."
2005be 45 0.043750000000000004 455.07761539545606 3.239075674343894e-14 0.9339623948441174 0.47128713801282157 0.0 19.63595591293756 0.9223868581409127 0.4297264838311046 0.7034211061900095 78370.63681143125 41.0 -19.89609989584208 1.7496285446427358 467.89 491.77 0 45 "Covariance may not be accurate."
2005bg 64 0.043750000000000004 456.65599300890506 1.4904744105592727e-13 1.1920684036892406 0.6276438320256824 0.0 24.389674285728915 0.9223885985965763 0.31891843426560235 0.674058530700579 264642.103245342 57.0 -21.262294934456598 1.4956954257181962 471.65 512.61 0 64 "Covariance may not be accurate."
2005bl 41 0.043750000000000004 484.54345904329136 6.411537967210279e-15 0.8317857968774773 0.49051621188285766 0.0 28.99796416396032 0.922386922764749 0.44317967567814603 0.7081501982860554 17459.783614050568 37.0 -18.091904459789852 1.8942788740143754 476.61 512.57 27 14 "Covariance may not be accurate."
2005bo 36 0.043750000000000004 484.21121867285626 2.631228568361621e-14 1.1011566122566336 0.004300879070224306 0.0 0.0038345659852438985 0.0 nan 7.272171641234393e-05 16266.521944031532 32.0 -20.57305597757533 1.5707593748355517 478.75 512.76 16 20 "Covariance may not be accurate."
2005el 93 0.043750000000000004 649.9343856427491 9.742207041085749e-14 1.0457373731869022 0.5081663841775894 0.0 0.022196950171689878 3.3306690738754696e-16 0.0026741029107287817 0.0022451286719971097 292239.54148088564 73.0 -21.01001756774743 1.6238908554285842 639.89 730.75 9 84 "Covariance may not be accurate. Covariance not positive definite. Covariance forced positive definite."
2005eq 99 0.043750000000000004 632.8000004145955 2.0633494912658534e-13 0.6500000084359769 0.45858380464218584 0.0 0.00024793233774289547 0.0 1.6013867454311992e-09 2.7044715198987213e-06 190894.4049442129 51.0 -21.93554830532968 2.2606695447348457 650.81 751.66 0 99 "Covariance may not be accurate."
2005gj 81 0.043750000000000004 715.3045577774449 6.411537967210279e-15 1.2488425589199776 0.2105027659667747 0.0 29.520871507575862 0.9223927617004952 0.37976803791116526 0.6049788266065329 117399.05231793875 59.0 -18.651260764299018 1.457122054575656 698.7 795.54 20 61 "Covariance may not be accurate."
2005hc 79 0.043750000000000004 646.677113142576 3.397282455352979e-14 1.24783763641819 0.36620391609889347 0.0 8.704099627721007e-07 4.163336342344337e-17 5.866012453559222e-08 0.0008670410422427777 153723.71757695902 45.0 -20.167782878018144 1.4577705284865807 662.72 755.61 0 79 "Covariance may not be accurate."
2005hj 50 0.043750000000000004 679.9745486626148 7.327471962526033e-15 0.6500000690582318 0.17343969125777542 0.0 6.135980680710418e-05 0.0 6.131596896885583e-10 0.0019922165878912823 87818.08271249998 36.0 -18.877174888585884 2.2606601783932128 671.67 761.57 12 38 "Covariance may not be accurate."
2005hk 89 0.043750000000000004 662.8134643715451 1.3139489496438728e-13 1.124713938199384 0.500005640353618 0.0 0.001122492718252488 3.7470027081099033e-16 1.1619437529031273e-05 0.749169730021483 396707.11048176576 52.0 -21.347751098550745 1.5497318689327297 675.61 761.54 0 89 "Covariance may not be accurate. Covariance not positive definite. Covariance forced positive definite."
2005iq 70 0.043750000000000004 689.6051386786858 1.1907141939104804e-14 1.139691411835394 0.01934204729548855 0.0 28.842544393037315 0.9223869100265651 0.44138615206212733 0.5525334169534302 41385.99998470616 61.0 -19.688074509189477 1.5368953396364056 682.55 755.55 16 54 "Covariance may not be accurate."
2005ir 52 0.043750000000000004 689.814248635118 6.078471059822732e-15 0.6500251384901368 0.5001013048371042 0.0 0.09316519689241431 0.0 1.7827777799628297e-05 0.00019606131136190585 91091.9027200074 48.0 -18.010633367867662 2.2606079546181057 682.62 728.63 20 32 "Covariance may not be accurate. Covariance not positive definite. Covariance forced positive definite."
2005kc 48 0.043750000000000004 695.6188198790059 6.228351168147128e-14 0.7640590490723316 0.4993425103524954 0.0 0.009600077982724997 0.0 6.06695887644948e-06 1.1159169093138965e-05 125425.84404306035 44.0 -20.538866573794813 2.010012308367667 687.52 728.54 19 29 "Covariance may not be accurate."
2005ke 145 0.043750000000000004 698.8404224702703 1.7694179454963432e-13 1.0463825428117617 0.5059914907857272 0.0 29.284759777226384 0.9268937215100681 0.39737579272773266 0.7136650203349536 29449.12333493074 83.0 -21.66141134146987 1.6232451840450182 689.69 819.51 20 125 "Covariance may not be accurate."
2005ki 163 0.043750000000000004 704.9914773366761 5.803690861228006e-14 1.1890849761720514 0.5178572670783683 0.0 29.1832788552141 0.9224067496690156 0.3212895416694284 0.714347149900578 111325.5773928683 72.0 -20.43207806757068 1.497888050771781 695.86 861.5 12 151 "Covariance may not be accurate."
2005ku 20 0.043750000000000004 722.0273300712587 4.246603069191224e-15 0.7164860505316092 0.3306719039583137 0.0 29.694600021955637 0.9746681714533572 0.4562218240303737 0.6590173440164439 39040.35549399477 12.0 -17.975359259288393 2.1061517409230746 699.56 729.56 18 2 "Covariance may not be accurate."
2005lu 49 0.043750000000000004 712.7779930315738 3.5138558729386205e-14 0.6500003389853941 0.4999731292790506 0.0 24.037650065291245 0.9223869239331993 0.36876604425203857 0.7103617349431508 20714.426773982876 33.0 -19.915833317386788 2.2606702279726996 720.63 799.52 0 49 "Covariance may not be accurate."
2005mc 52 0.043750000000000004 728.4707843916411 3.4555691641458e-14 0.6500000307855721 0.4729910156505304 0.0 1.8748432410120586e-05 0.0 1.7106432936841998e-10 0.0026069644038656248 38759.522054798574 48.0 -19.962381015721363 2.2606699849040304 736.79 773.62 0 52 "Covariance may not be accurate."
2005na 91 0.043750000000000004 727.683895018775 1.394717674685353e-13 0.6537306904219065 0.5061550479975032 0.0 0.039006763955853785 0.0 8.405063662841883e-06 3.9659184423612714e-05 233372.15586241987 59.0 -21.402784972632258 2.251353049802816 738.71 834.54 0 91 "Covariance may not be accurate."
2006D 147 0.043750000000000004 759.8722105175713 1.7669199436909366e-13 1.0608322942689918 0.30239797792421996 0.0 29.014395757341106 0.9223867342737047 0.3918167065945169 0.6478238641282359 102218.96268998297 94.0 -22.072599559594636 1.6089569710849645 751.84 891.61 8 139 "Covariance may not be accurate."
2006X 124 0.043750000000000004 786.5610222814922 2.0516921495072893e-13 0.8054144099993196 0.5000510839803917 0.0 32.67084198106238 4.163336342344337e-17 0.00011581916596248298 1.071305441302517e-06 427925.5114724451 85.0 -21.831511008392816 1.9367518360166898 775.68 906.46 22 102 "Covariance may not be accurate. Covariance not positive definite. Covariance forced positive definite."
2006ax 90 0.043750000000000004 825.1615977658141 6.0285110237146e-14 1.243823194953309 0.35726688165771975 0.0 0.010310905644928425 8.326672684688674e-17 0.0001836161141922643 5.902999095733219e-05 266029.30139780534 80.0 -20.807278201335592 1.4603543250739932 815.64 891.5 24 66 "Covariance may not be accurate."
2006bd 21 0.043750000000000004 808.7379903410606 1.8568480086855743e-14 0.7136928811709385 0.4961596866955701 0.0 21.757825727930935 0.9224939983709988 0.4321268227226075 0.7095243104410671 2676.5531360286013 12.0 -19.232699140902955 2.112208466046649 823.7 872.57 0 21 "Covariance may not be accurate."
2006bh 73 0.043750000000000004 825.5775060425659 2.581268532253489e-13 1.2467560536857998 0.5538893136202263 0.0 29.587507420976067 0.926013710510959 0.3509977459158477 0.7233136739225092 284482.77604249335 65.0 -21.99251796466165 1.458468610835828 831.9 891.79 0 73 "Covariance may not be accurate."
2006br 23 0.043750000000000004 844.6332764252157 1.149080830487037e-14 0.6502078050471675 0.19258444830000965 0.0 0.00010241515855113903 0.0 9.525204497373707e-08 0.042552992002146295 1170.2867349102773 19.0 -19.324609923301715 2.2601396364159463 858.69 890.61 0 23 "Covariance may not be accurate."
2006bt 39 0.043750000000000004 838.8311550354784 8.409939411535561e-14 0.8345004135513621 0.49979885928619516 0.0 0.00012356998314544398 4.163336342344337e-17 0.003076258057680137 4.137598560993716e-06 78648.53275368107 32.0 -20.86379054317878 1.8900608746613479 853.76 891.71 0 39 "Covariance may not be accurate."
2006dd 141 0.043750000000000004 913.7789377958657 1.8868240303504535e-12 0.6504334325069108 0.5115491679399619 0.0 0.012308271802282889 1.519617764955683e-14 0.00019228907527796268 0.0010392290694282713 10.300293156714304 -3.0 -24.22229106770439 2.259583364283152 906.94 1147.57 1 140 "Covariance may not be accurate."
2006ef 36 0.043750000000000004 968.1749871037152 1.0932921234996229e-13 0.6550352986109224 0.38837726996121 0.0 1.0035092770976917e-05 0.0 5.01191973478754e-08 0.0011994747653733817 53956.14791846383 26.0 -21.393948902121082 2.2481142742840863 979.9 1040.71 0 36 "Covariance may not be accurate."
2006ej 43 0.043750000000000004 969.0241897923784 1.2148615446960775e-13 0.650931492505046 0.5064329886113035 0.0 21.592172852518047 0.9223987895519554 0.3786845957585358 0.7118343342793256 62021.477957542185 30.0 -21.25244426768877 2.2583351125181323 979.74 1046.74 0 43 "Covariance may not be accurate."
2006eq 36 0.043750000000000004 987.8987522282868 8.326672684688674e-17 1.1874349880664232 0.00045581830428570447 0.0 29.12450892326234 0.9342174036262185 0.32257613840280547 0.6318875911954469 37692.96509929025 32.0 -14.329915544758904 1.4990947050217365 981.64 1018.51 10 26 "Covariance may not be accurate."
2006et 85 0.043750000000000004 972.9831574097449 2.575439861374207e-13 0.6501670991066661 0.5000039093108236 0.0 1.1936970736314834e-05 8.326672684688674e-17 8.561351738656242e-09 0.32566603489916357 259090.36082049957 43.0 -22.078429436476334 2.260251560607964 983.64 1099.54 0 85 "Covariance may not be accurate. Covariance not positive definite. Covariance forced positive definite."
2006ev 29 0.043750000000000004 978.5982112804109 4.421463195569686e-14 0.7498419086833155 0.5001629178860884 0.0 24.35430397927962 0.9223969406403063 0.34801365094962766 0.7104095515609259 42620.3420083729 23.0 -20.164968340109326 2.037338623366132 994.59 1038.53 0 29 "Covariance may not be accurate."
2006fw 25 0.043750000000000004 1020.2600806148463 1.6653345369377348e-16 1.2314923610767194 0.21314137973639646 0.0 29.313281671671064 0.922496502352289 0.40839896065546394 0.738236779416064 36673.03647562171 16.0 -14.68160968999047 1.4683893949369526 1001.75 1039.73 18 7 "Covariance may not be accurate."
2006gj 52 0.043750000000000004 1020.1324470455369 2.6645352591003757e-15 1.0401129402440308 0.3420980936747952 0.0 20.65740825669195 0.958577687509089 0.4031512911919895 0.7358958395522669 41156.91351789118 36.0 -17.448737449272382 1.6295459969888277 998.83 1096.59 19 33 "Covariance may not be accurate."
2006gt 39 0.0448 1007.569027626003 3.4139358007223564e-15 1.2104424191885008 0.4913108072793214 0.0 6.21427100035487 0.9235303941355765 0.30252717013303093 0.7088131165702487 23139.934968441947 31.0 -17.45889474515105 1.4826033649633992 1001.67 1076.62 8 31 "Covariance may not be accurate."
2006hb 89 0.043750000000000004 999.8948641184392 1.607880495413383e-13 0.6767588750592465 0.5079392365161273 0.0 0.02321322642768564 4.163336342344337e-17 4.686815799348487e-05 0.00010407805687762117 122705.16384669034 41.0 -21.554365234402624 2.1957971226066277 1007.88 1143.59 0 89 "Covariance may not be accurate."
2006hx 31 0.043750000000000004 1019.7129597262983 5.995204332975845e-15 1.2426689997153297 0.006953092877102052 0.0 0.0010646855459413018 0.0 0.019640313219617345 4.021109253399269e-05 5165.261911092582 26.0 -18.962958451549206 1.4610896120460595 1012.66 1080.59 8 23 "Covariance may not be accurate."
