analysis_pipeline/fit_results/csp_5_sn91bg_salt2_phase_all.ecsv
# %ECSV 0.9
# ---
# datatype:
# - {name: obj_id, datatype: string}
# - {name: num_points, datatype: int64}
# - {name: z, datatype: float64}
# - {name: t0, datatype: float64}
# - {name: x0, datatype: float64}
# - {name: x1, datatype: float64}
# - {name: c, datatype: float64}
# - {name: z_err, datatype: float64}
# - {name: t0_err, datatype: float64}
# - {name: x0_err, datatype: float64}
# - {name: x1_err, datatype: float64}
# - {name: c_err, datatype: float64}
# - {name: chi, datatype: float64}
# - {name: dof, datatype: float64}
# - {name: b_max, datatype: float64}
# - {name: delta_15, datatype: float64}
# - {name: tmin, datatype: float64}
# - {name: tmax, datatype: float64}
# - {name: pre_max, datatype: int64}
# - {name: post_max, datatype: int64}
# - {name: message, datatype: string}
# schema: astropy-2.0
obj_id num_points z t0 x0 x1 c z_err t0_err x0_err x1_err c_err chi dof b_max delta_15 tmin tmax pre_max post_max message
[from data line 49]
2006hx 70 0.0035020443511866047 1020.6163429462307 8.243405957841787e-15 0.8889041761399717 0.5007346134257012 0.04939037590426943 29.001790401380333 0.9235139450986002 0.4097231923432371 0.7110181594190661 32562.31128448908 49.0 -12.79083359199026 1.810087580206531 1012.66 1080.59 16 54 "Covariance may not be accurate."
2006is 176 0.003551776904996318 997.0932583757346 3.8469227803261674e-14 0.9583032733930018 0.4909737442160783 1.1207847804900776e-05 0.0010565061784291174 4.163336342344337e-17 5.9595832866299325e-05 0.00012963654907374722 477360.95143481763 46.0 -14.51729357061027 1.719402601607026 1008.9 1125.67 0 176 "Covariance may not be accurate."
2006kf 180 0.029112370919665755 1041.9577660301989 1.1657341758564144e-14 1.0795165560328843 0.2249918233194117 0.05938952779396432 29.681052404480397 1.023590760114474 0.3830138174436876 0.6006896408301163 103390.60256775668 108.0 -18.35882252781834 1.5909536195398601 1036.81 1127.64 38 142 "Covariance may not be accurate."
2006lu 128 0.08205423848899866 1034.49741842022 3.164135620181696e-15 1.2048011770494582 0.050161315787554006 0.054343168606659095 24.32296186516305 0.9229189063111256 0.30805981963450396 0.6956450745139627 60050.60876051079 76.0 -19.62333076144659 1.4865347538751017 1040.84 1137.75 0 128 "Covariance may not be accurate."
2006mr 221 0.0781659652203394 1045.3484670375592 3.6637359812630166e-14 1.2168943846310951 0.16192398582673473 0.05694171288903758 29.38079486336892 0.9234336810319776 0.3039580606011017 0.5771415483053761 137932.62662745058 114.0 -21.96251330568689 1.4781611657806 1045.86 1147.57 0 221 "Covariance may not be accurate."
2006ob 63 0.08356752286385179 1066.9390488277556 2.7478019859472624e-15 0.6593973124016244 0.00014228904936852693 1.4533873507471817e-08 4.9435735149927496e-05 0.0 1.8404101120861327e-07 0.00028740143738584245 32812.193592669864 52.0 -19.59392465720518 2.2373673261624916 1060.65 1121.57 17 46 "Covariance may not be accurate."
2006os 106 0.08399999999999995 1071.9337176776812 5.079270337660091e-15 0.6500000000009558 0.2555392330859616 0.051339444209260066 29.71891126222272 0.9566355851134387 0.3826539113059827 0.6273206159238619 114383.50964218177 81.0 -19.775227318472663 2.2606647957594213 1063.65 1133.56 30 76 "Covariance may not be accurate."
2006ot 118 0.019189576606428817 1054.040833238126 1.2323475573339238e-14 0.6500003621578785 0.6206266171644004 0.05931164080746763 22.178871104694053 0.9411041959253806 0.3766448829222584 0.7421767771412512 103124.9333243433 58.0 -16.739725116021262 2.260670613251868 1063.72 1131.63 0 118 "Covariance may not be accurate."
2006py 35 0.08399952991223182 1056.5055581514303 9.159339953157541e-15 0.9342881086953867 0.15445326372768803 0.04941947933514527 18.809026369736785 0.9223870000622073 0.4224361359972073 0.7314959195612074 54241.91070237374 30.0 -20.63778054169018 1.749203746333471 1069.54 1091.54 0 35 "Covariance may not be accurate."
2007A 76 0.0035285986246011715 1094.9854920404293 9.942047185518277e-14 0.7075552337492761 0.1907299120855404 0.048856648187225384 20.00713244698113 0.92238678834399 0.43006746939559654 0.5942117058923483 206256.50277754982 40.0 -16.138331104042123 2.1256445449828387 1107.53 1133.53 0 76 "Covariance may not be accurate."
2007N 165 0.08399999928012367 1117.0401834564695 1.582067810090848e-14 0.8979170067007584 0.49996191616025976 4.997436492404361e-11 0.026890095239764378 0.0 1.952625980072842e-06 1.8323570280531776e-07 91671.59168604264 90.0 -20.52856841878858 1.7975555804520305 1123.82 1213.67 0 165 "Covariance may not be accurate."
2007S 192 0.07539415695399256 1141.0886748226706 3.6387559632089506e-14 1.2035976976296205 0.23514556004383141 0.05798890566640591 29.060858485868835 0.922386953743008 0.30914435265588075 0.6175531304572811 329153.65450559556 101.0 -21.7101813758613 1.4873917055187071 1132.77 1246.54 36 156 "Covariance may not be accurate."
2007af 307 0.003549571446084895 1168.5825211129536 3.258227021518678e-13 0.6899104540465517 0.5000130226283405 nan nan nan nan nan 681898.9014656137 120.0 -16.81350569088636 2.1653256830119716 1162.76 1257.72 28 279 "Covariance may not be accurate. Covariance not positive definite. Covariance forced positive definite."
2007ai 111 0.08191804655088021 1155.0361547727152 9.742207041085749e-15 1.2167042505501569 0.5000106884620608 1.8395798745407532e-08 1.3005580171920883e-05 4.163336342344337e-17 1.9773895509889172e-07 0.2528008123723696 125314.96464658644 64.0 -19.94439060267509 1.478299884757412 1167.88 1259.7 0 111 "Covariance may not be accurate. Covariance not positive definite. Covariance forced positive definite."
2007al 120 0.08399119287286193 1160.6439510140683 2.373101715136272e-14 1.0297767107913476 0.5000981223077464 3.5256477390332996e-09 5.4778128969701356e-05 0.0 1.2111320842889128e-06 0.2319816025681939 87142.56095757014 63.0 -20.968307990809194 1.64009343963669 1170.77 1246.58 0 120 "Covariance may not be accurate. Covariance not positive definite. Covariance forced positive definite."
2007as 153 0.0035006079435057837 1163.2531157350104 6.961098364399732e-14 0.830747248789091 0.00023012778608866302 3.6730791173368582e-09 0.0001639569613871572 4.163336342344337e-17 4.55513021407894e-06 5.935707377993649e-05 237830.97325039434 42.0 -16.085303406902995 1.8958852929944516 1175.59 1259.49 0 153 "Covariance may not be accurate."
2007ax 97 0.004895616301013238 1170.1333420475248 9.683920332292928e-14 1.1261934944729566 0.8934066441235406 9.260209028136464e-06 0.0020428369158480564 0.0 0.001372896787263822 0.00011381530381093796 121236.90769691837 35.0 -15.454324228873762 1.548444305326516 1184.55 1248.47 0 97 "Covariance may not be accurate."
2007ba 124 0.08399887389939786 1178.3202385132886 8.659739592076221e-15 1.185944234306837 0.3084189275017786 0.05007320561569658 28.090930539928763 0.9306444962017726 0.43605793939981335 0.6513412815634847 109083.47933184933 80.0 -20.267076513630037 1.5002125174275847 1190.83 1255.61 0 124 "Covariance may not be accurate."
2007bc 111 0.08398799410478962 1185.4252667465296 4.779510121011299e-14 0.7725151163187752 0.10107716245028164 2.5140969743542296e-08 0.0002970933447841162 4.163336342344337e-17 6.179705612952002e-06 0.0037080759169809685 368763.6632074873 76.0 -22.534530992124548 1.9942900774001622 1196.65 1259.53 0 111 "Covariance may not be accurate."
2007bd 110 0.08209112634321677 1203.6846263619618 2.556288514199423e-14 0.650000184891141 0.6270517204468951 1.2013932640386749e-08 1.9596340962380054e-05 0.0 3.26761784297247e-10 0.0016148128541079165 506004.8702991335 81.0 -20.775440648204402 2.260671087297716 1197.53 1259.46 24 86 "Covariance may not be accurate."
2007bm 85 0.005519616317600722 1209.2094100824932 2.405575738606558e-13 1.2496580241218196 0.31759685105057434 0.043740298010327895 23.19075559581188 0.9223877302406257 0.3628515529818715 0.6539448195179226 460546.1404697095 41.0 -17.823149132650926 1.4566024848865027 1217.57 1278.52 0 85 "Covariance may not be accurate."
2007ca 117 0.003500000181490135 1222.1588919605801 5.595524044110789e-14 0.6500000000031964 0.6715351216263292 6.985584419944013e-12 2.6344092361796356e-05 0.0 2.527200670954244e-12 0.0010908686664936051 780777.1850469706 67.0 -14.559381209119582 2.2606717712641746 1217.65 1275.65 12 105 "Covariance may not be accurate."
2007cg 45 0.08344091727100006 1227.9029368942633 5.828670879282072e-15 1.2373936764731759 0.4462935623311687 0.04684296917075946 23.06133926265636 0.9223869115627652 0.3298523094556835 0.696806439266127 31248.13496160108 40.0 -19.55420738378389 1.4645267214310422 1235.63 1259.59 0 45 "Covariance may not be accurate."
2007hj 266 0.010815421829719485 1334.4119743594345 1.0283440765590512e-13 0.9442449151774774 0.48976071402541327 0.042415077375016305 22.330168347243102 0.923041253432733 0.42503735524428554 0.7082407945005087 689799.0489495503 102.0 -18.01803137728804 1.7366440745926859 1348.76 1440.53 0 266 "Covariance may not be accurate."
2007hx 65 0.08237590853111451 1370.0436812031965 8.326672684688674e-17 0.6500013921547426 0.009646893722064454 0.04643825536795013 30.831946410519095 0.9702474730381938 0.38851482747285215 0.5715830316982002 60457.19221159789 49.0 -15.749572515388476 2.2606508359454303 1354.78 1411.73 32 33 "Covariance may not be accurate."
2007if 114 0.0825621591837872 1341.8985073274443 1.4654943925052066e-14 0.6500000006306614 0.0007879042681487869 1.0979770426189361e-08 6.82121083173115e-06 0.0 2.00335303901511e-11 0.00016174098810586846 73722.43265534988 61.0 -21.382599819405545 2.2606540863264293 1355.77 1443.6 0 114 "Covariance may not be accurate."
2007jd 70 0.08399999999687668 1370.3299713100025 8.326672684688674e-17 0.6500000021122256 1.4302388121778531e-05 3.6504965716943616e-12 0.00014741597692591313 0.0 2.5930313451993925e-10 0.07375935095537156 79558.18194293346 62.0 -15.809703625528574 2.260654061600338 1362.83 1409.83 34 36 "Covariance may not be accurate."
2007jg 113 0.0035004680724486713 1370.845667187839 6.9111383282915995e-15 0.6500011451748631 0.06141189565752864 3.300755857874038e-10 3.599879823923402e-05 0.0 1.4120624114433156e-09 0.011892701113640464 266219.3507192928 81.0 -13.476448356592453 2.260653019262868 1363.82 1425.78 30 83 "Covariance may not be accurate."
2007jh 45 0.08399726229330619 1370.0980742687395 6.2450045135165055e-15 0.6500003969620166 0.5000195768521081 0.07982420365857387 0.1368568521521638 4.163336342344337e-17 7.809221170107516e-06 0.000906101964618794 49753.72040736749 39.0 -19.51913260150966 2.260670083514981 1363.86 1413.8 14 31 "Covariance may not be accurate. Covariance not positive definite. Covariance forced positive definite."
2007le 242 0.009954853677347528 1378.1279880627746 6.500633364936448e-13 0.6501570771169065 0.39784097162342835 4.431460365535676e-06 2.194994976889575e-06 9.575673587391975e-16 1.3521075536759852e-05 0.0010269456852351477 476541.72342204134 76.0 -20.0405573649551 2.2602734012494334 1388.57 1470.55 0 242 "Minimization exited successfully."
2007mm 39 0.07807297332861256 1387.99881818485 0.0008637302433146254 0.7200470911135817 0.28834627372418975 0.04025 20.0 0.75 0.3 0.5 2.7240141267192e+28 34.0 -47.630402457475085 2.098496552333599 1385.72 1418.69 5 34 "Minimization exited successfully."
2007nq 174 0.08375474987824248 1398.0500090438752 9.409140133698202e-15 0.6575706727584576 0.501485583043846 2.5933342173711793e-07 3.512216022745065 0.0 5.819128893247427e-06 2.220424806587129e-05 224378.83595152138 120.0 -19.955219303926498 2.241863502509638 1397.65 1476.56 6 168 "Covariance may not be accurate."
2007ol 31 0.08399999983869165 1399.5072220567497 1.482147737874584e-14 0.746737940852288 0.2587778024300196 0.05050285969561272 16.14054794593119 0.9410177560454926 0.3443635856428286 0.6288220771486146 25214.599202352303 26.0 -20.93280118129738 2.0434571576304528 1409.79 1422.66 0 31 "Covariance may not be accurate."
2007on 308 0.008880094396680999 1421.822983858675 4.083400284571326e-13 0.9307922398245811 0.518830417400881 0.05672309906627046 29.47789877802711 0.924968806988656 0.43109868882590013 0.7157062920225634 469433.5682762825 125.0 -19.028773696657787 1.7536958564365719 1410.73 1508.61 42 266 "Covariance may not be accurate."
2007so 66 0.0839977569647468 1451.59155116525 8.743006318923108e-15 0.6500041739546835 0.5000234597421671 2.3777474074462845e-06 0.10424084000840139 0.0 2.4019035185784965e-06 2.6943006662560887e-05 67281.41566424622 51.0 -19.88446011058807 2.2606605987214365 1449.68 1494.53 6 60 "Covariance may not be accurate. Covariance not positive definite. Covariance forced positive definite."
2007sr 259 0.00350000092199055 1444.1294025631396 8.030243137113757e-13 0.650000000015756 0.014372329111642768 1.018529032816018e-11 1.462342663671734e-05 4.163336342344337e-17 3.63520324953015e-12 0.0007038734418131076 632715.2317313699 81.0 -18.71753572126575 2.2606544645752376 1454.84 1955.57 0 259 "Covariance may not be accurate."
2007st 118 0.0035123105078134526 1444.5649563723164 5.845324224651449e-14 0.71224743192629 0.0016569605824591216 1.8409362358964496e-08 0.00011002138694493624 4.163336342344337e-17 3.3840869285151065e-06 0.00013835690651692323 149180.18450725958 68.0 -15.900644828937585 2.1153413503633107 1458.66 1513.52 0 118 "Covariance may not be accurate."
2007ux 151 0.07872324505876259 1473.8497568878277 4.08006961549745e-15 1.2155629456681285 0.1260320294905375 0.05667099229161801 28.8378069084074 0.9223869437057366 0.30555746982462834 0.7255923453291866 121192.4834541102 110.0 -19.667125887979232 1.4790683880997406 1466.82 1558.61 39 112 "Covariance may not be accurate."
2008C 121 0.07703075361934138 1459.4419177043237 6.503131366741854e-14 0.65000000000521 0.058343356181358996 6.348750083290389e-08 3.564079690931976e-05 0.0 4.956035581926699e-12 0.001890305096283379 141761.9073965585 58.0 -22.746680814440218 2.260655795164041 1469.81 1552.5 0 121 "Covariance may not be accurate."
2008J 81 0.083797794796027 1469.5577712868048 1.124100812432971e-13 0.788690135518029 0.038583090789477026 1.2266136231731117e-08 3.4487504763092147e-07 1.249000902703301e-16 1.0721155239146185e-06 1.3062408916186818e-06 156310.70233773618 62.0 -23.56749026111361 1.9653078178604986 1484.54 1516.52 0 81 "Covariance may not be accurate."
2008O 103 0.08398393439632273 1507.1972303252237 0.0 0.6518690264656021 0.5000195561269811 0.0 0.0 0.0 0.0 0.0 0.0 -5.0 inf nan 1489.71 1571.48 51 52 "Hesse Failed. Covariance may not be accurate. Covariance not positive definite."
2008R 107 0.08257409915543247 1498.1607799075 4.671263376110346e-14 0.6853006836721725 0.501380821753397 5.7976235642652474e-05 0.013967479236498548 0.0 0.505108954958821 0.0011007528413531364 578076.468003219 79.0 -21.662482263772368 2.1759159880711536 1493.63 1532.52 21 86 "Covariance may not be accurate. Covariance not positive definite. Covariance forced positive definite."
2008ae 101 0.08399999994432321 1500.104395035719 1.0241807402167069e-14 0.650000000536366 0.13381174224776116 6.032466193239827e-12 4.16617360770033e-05 0.0 5.112593681744215e-11 0.0028850216280297825 23791.378718447493 46.0 -20.80017827387323 2.260658568480853 1508.74 1602.52 0 101 "Covariance may not be accurate."
2008ar 132 0.003517406951763205 1542.5400053391056 1.607047828144914e-14 0.704427005731673 0.4778094835369688 5.220397421333914e-08 0.011477315801471377 0.0 7.765332167786188e-06 2.1779174722069694e-05 264176.86573181633 90.0 -13.579822781499505 2.132579765008618 1527.79 1627.59 25 107 "Covariance may not be accurate."
2008bc 205 0.003500020891604832 1556.1191419481916 5.287437154777308e-14 1.2250107818240967 0.5665578182289394 0.04948418002312107 29.58822158686462 0.9223869429871105 0.4136451185750784 0.6931974493153391 1409770.2222021956 119.0 -14.698337739382982 1.4726965453308303 1541.67 1646.46 78 127 "Covariance may not be accurate."
2008bd 66 0.08398880393032637 1528.3212797658325 6.161737786669619e-15 0.6564169706265505 0.0005884750494040691 3.2174342842750114e-09 2.6726347982730658e-05 0.0 2.0919893184423444e-07 0.013296698158249354 2559.824142792626 54.0 -20.481572084058215 2.2446874660265195 1541.7 1607.65 0 66 "Covariance may not be accurate."
2008bf 184 0.0035001153872286778 1552.8376521057912 4.1217029789208937e-14 0.6694757184929163 0.37650980128341915 1.7635708030646485e-09 0.01012589417723575 4.163336342344337e-17 3.223256615059178e-06 1.8277993405424464e-05 698591.6627497191 123.0 -14.807151072843435 2.2130329392371593 1546.79 1646.49 35 149 "Covariance may not be accurate."
2008bi 83 0.08399999980424848 1544.4998411387235 9.575673587391975e-15 0.9858676185770501 0.029122821425805356 1.314826719722717e-11 5.29036132093097e-05 0.0 9.859529307432169e-07 0.011537690056878297 4443.95606677107 66.0 -20.914611406005193 1.6872885675746048 1551.52 1628.47 0 83 "Covariance may not be accurate."
