analysis_pipeline/fit_results/csp_4_sn91bg_salt2_phase_all.ecsv
# %ECSV 0.9
# ---
# datatype:
# - {name: obj_id, datatype: string}
# - {name: num_points, datatype: int64}
# - {name: z, datatype: float64}
# - {name: t0, datatype: float64}
# - {name: x0, datatype: float64}
# - {name: x1, datatype: float64}
# - {name: c, datatype: float64}
# - {name: z_err, datatype: float64}
# - {name: t0_err, datatype: float64}
# - {name: x0_err, datatype: float64}
# - {name: x1_err, datatype: float64}
# - {name: c_err, datatype: float64}
# - {name: chi, datatype: float64}
# - {name: dof, datatype: float64}
# - {name: b_max, datatype: float64}
# - {name: delta_15, datatype: float64}
# - {name: tmin, datatype: float64}
# - {name: tmax, datatype: float64}
# - {name: pre_max, datatype: int64}
# - {name: post_max, datatype: int64}
# - {name: message, datatype: string}
# schema: astropy-2.0
obj_id num_points z t0 x0 x1 c z_err t0_err x0_err x1_err c_err chi dof b_max delta_15 tmin tmax pre_max post_max message
[from data line 103]
2008ff 230 0.043750000000000004 1727.6611001525937 1.965094753586527e-14 0.681629782687344 0.20203425824259352 0.0 27.94833141405593 0.9223869029425252 0.41809691770632273 0.6004456204798312 450180.3424146619 143.0 -19.886341155394962 2.1844090533397846 1724.53 1790.57 30 200 "Covariance may not be accurate."
2008fl 186 0.043750000000000004 1727.486304516105 1.6153745008296028e-14 1.228998800520325 0.4964781714908991 0.0 27.911831610454897 0.9224857570430809 0.4105686882906419 0.7095950154374682 629340.2461464047 137.0 -19.08066585316344 1.470043701507521 1724.49 1789.53 24 162 "Covariance may not be accurate."
2008fp 300 0.043750000000000004 1712.2224469183536 3.817779425929757e-13 0.7412876095366222 0.030513268119025827 0.0 2.6150523467549647e-05 4.163336342344337e-17 5.981336442251184e-07 0.0006147332512616843 698019.0258853862 110.0 -23.434823595981666 2.0543421651101657 1724.84 1874.61 0 300 "Covariance may not be accurate."
2008fr 150 0.043750000000000004 1736.2538585153122 7.327471962526033e-15 1.231387992453838 0.21912613960330463 0.0 26.066318100480885 0.9223869067712589 0.40844305686540244 0.7385978760687177 226122.53317306712 102.0 -18.776510201246552 1.4684584762476547 1738.78 1807.57 0 150 "Covariance may not be accurate."
2008fu 103 0.043750000000000004 1728.6732790456017 1.0907941216942163e-14 0.8691308391404119 0.5094304985928948 0.0 0.036283496104374535 4.163336342344337e-17 0.0027333446644740578 0.004585127457831628 189874.28480992193 80.0 -18.630712895224512 1.8382604549002863 1737.84 1817.67 0 103 "Covariance may not be accurate. Covariance not positive definite. Covariance forced positive definite."
2008fw 162 0.043750000000000004 1725.9674607064194 3.096689571435718e-13 0.6640771988251064 0.5001604693749732 0.0 3.364631538715912e-06 8.326672684688674e-17 1.7511564326389006e-07 0.3102363786907417 1037185.3102357937 71.0 -22.2782989714741 2.2260030041471897 1740.89 1827.81 0 162 "Covariance may not be accurate. Covariance not positive definite. Covariance forced positive definite."
2008gg 198 0.043750000000000004 1738.6300011426617 1.532107773982716e-14 1.0877669678292494 0.029038718315770484 0.0 24.649630802377942 0.9242540315969603 0.4445563564996186 0.6788979813065427 541181.7096270304 116.0 -19.945950878386125 1.5831608278602438 1753.63 1827.57 0 198 "Covariance may not be accurate."
2008gl 166 0.043750000000000004 1750.7032713391507 3.0808688933348094e-14 0.7512544027399115 0.45700230430147615 0.0 0.0012085970392945455 0.0 1.8655258139932407e-06 4.005566223319601e-06 537521.4900617334 97.0 -19.874368021461535 2.0345694798094414 1765.7 1844.55 0 166 "Covariance may not be accurate."
2008go 43 0.043750000000000004 1771.8111337499874 5.412337245047638e-15 1.209735908309888 0.42375674996094537 0.0 15.844546335735458 0.9223869128168198 0.30346247206357774 0.7254322481546378 128315.77748782451 39.0 -18.058519452637732 1.4830919068204622 1764.54 1776.58 29 14 "Covariance may not be accurate."
2008gp 169 0.043750000000000004 1777.9385235789107 1.1407541578023483e-14 1.2256592515690503 0.5097188219530917 0.0 30.515785081995887 0.9934075545132667 0.3135566605625601 0.7372119661326233 439422.79890378914 129.0 -18.67887781711219 1.47226358138429 1768.75 1844.52 33 136 "Covariance may not be accurate."
2008ha 106 0.043750000000000004 1767.4259414819223 1.790234627208065e-14 0.7226701720136712 0.49911224140247934 0.0 nan 0.0 5.3785475115253334e-05 0.00011516051903609492 68393.78785553356 89.0 -19.185775856498015 2.09290855553305 1781.55 1810.55 0 106 "Covariance may not be accurate."
2008hj 127 0.043750000000000004 1803.232901346142 7.743805596760467e-15 0.6500000000093685 1.7042096678299146e-07 0.0 1.6723314956834656e-05 0.0 2.0080603846395206e-12 3.181408055441537e-06 467947.5644170695 110.0 -19.251833854054873 2.2606540664976684 1794.58 1834.55 43 84 "Covariance may not be accurate."
2008hu 97 0.043750000000000004 1808.825267765997 1.915134717478395e-15 1.1394492832193661 0.03380442036448539 0.0 28.195753526752128 0.9223928764124196 0.35432397479310934 0.5311198527557032 32882.98767793697 85.0 -17.68036170785355 1.537099434136124 1804.74 1844.84 11 86 "Covariance may not be accurate."
2008hv 225 0.043750000000000004 1814.0884325882096 6.827871601444713e-14 0.9253831757301301 0.330611115283654 0.0 0.02587458774564766 8.326672684688674e-17 0.0008208478139498099 0.0018785410571417749 1319517.258888327 130.0 -20.991080193221787 1.760698210863488 1804.8 1912.7 46 179 "Minimization exited successfully."
2008ia 166 0.043750000000000004 1816.8487630384984 1.4405143744511406e-14 1.200657146900268 0.34861253405468096 0.0 28.846952220049047 0.9223874364880635 0.42696587390825375 0.6656974548120984 183241.1928725333 107.0 -19.269070817535003 1.489483711619421 1809.77 1874.69 45 121 "Covariance may not be accurate."
2009D 176 0.043750000000000004 1840.3796650008053 1.815214645262131e-14 1.2447086785578814 0.50199927972734 0.0 28.63839601551672 0.9260789376092927 0.3913402931968761 0.7123958014229348 1124250.1329353924 140.0 -19.195480633865127 1.4597865188958856 1834.67 1890.52 36 140 "Covariance may not be accurate."
2009F 139 0.043750000000000004 1847.5950813850525 8.826273045769994e-15 1.2487861206054367 0.11304356289791373 0.0 29.2777037327254 0.9223869219289862 0.3573326661519755 0.5442826601161754 266862.9670688316 103.0 -19.199435927002924 1.4571544465454025 1837.75 1884.63 72 67 "Covariance may not be accurate."
2009I 55 0.043750000000000004 1831.6417755644802 1.457167719820518e-14 1.2031391113059247 0.5001398055683965 0.0 nan 0.0 7.611524310224826e-05 0.00014329247595437633 76092.7285532698 34.0 -18.95986768775136 1.487722289320942 1846.58 1867.58 0 55 "Covariance may not be accurate."
2009J 41 0.043750000000000004 1846.604609345601 1.6653345369377348e-16 0.6500334717939552 0.010087343812672456 0.0 0.0003038463513576062 0.0 8.039221072175806e-08 0.016751922271274894 70069.68774339031 37.0 -15.067196877509819 2.2605702951340945 1846.74 1867.68 0 41 "Covariance may not be accurate."
2009P 99 0.043750000000000004 1875.484420076105 5.828670879282072e-15 1.0194976656493286 0.06885008288463357 0.0 0.08009737831594066 0.0 0.00044414624606159414 0.0004693118884296632 98835.28574783939 87.0 -18.82913463561436 1.650764609030336 1867.74 1931.61 34 65 "Covariance may not be accurate."
2009Y 264 0.043750000000000004 1858.327444758691 2.486344463648038e-13 0.6501424986902968 2.177938927261369e-06 0.0 0.0001423436390268762 0.0 1.482130452257202e-07 3.593336052654106e-06 933415.6070401605 97.0 -23.018347834724043 2.260296304222738 1868.84 1976.65 0 264 "Covariance may not be accurate."
2009aa 232 0.043750000000000004 1857.4681589877393 3.505529200253932e-14 0.6500067552732894 0.44184110879959276 0.0 21.127943113013885 0.9233184161555434 0.37017440712892147 0.6958946059100748 1142123.734644956 113.0 -20.048167967440456 2.2606520615041568 1868.77 1956.66 0 232 "Covariance may not be accurate."
2009ab 102 0.043750000000000004 1883.1340854325692 4.0467629247586956e-14 1.1831497610366983 0.07594360226795849 0.0 0.0014906135717183133 0.0 0.009456869237276289 3.301666544927584e-05 286314.0038359682 70.0 -20.920497639479045 1.502294106343605 1874.57 1911.51 24 78 "Covariance may not be accurate."
2009ad 128 0.043750000000000004 1891.4809613649413 1.0408340855860843e-14 1.2486427595261356 0.0003104283328294044 0.0 29.54531394815558 0.9223869525722554 0.38063568525931796 0.607441499345043 429611.78414918954 90.0 -19.572419890604266 1.4572433229078676 1878.6 1921.53 58 70 "Covariance may not be accurate."
2009ag 208 0.043750000000000004 1879.34107247508 1.6878165531863942e-13 0.6947925867668688 0.5107953634330511 0.0 0.0009127851403718523 0.0 0.0021740346774412056 0.00012712097297190583 3112014.6193823637 120.0 -21.60248398626987 2.154208865539875 1886.62 1959.54 0 208 "Covariance may not be accurate."
2009al 123 0.043750000000000004 1877.3222934045473 6.977751709769109e-14 0.8680191559227629 0.03863435468502391 0.0 26.522524438141204 0.9223868147151434 0.44026078475562946 0.5249596606803015 577484.5842426307 50.0 -21.576121218788984 1.8398584610568687 1891.71 1973.54 0 123 "Covariance may not be accurate."
2009cz 83 0.043750000000000004 1952.3277581613404 2.1649348980190553e-14 0.6500000009350201 0.1275017310675861 0.0 30.13611531963852 0.9427132155891902 0.3770749679530392 0.5547112971429231 527529.2994319206 49.0 -20.146011928940105 2.2606583069317416 1937.53 1966.46 47 36 "Covariance may not be accurate."
2009dc 116 0.043750000000000004 1923.7723008912556 1.7427725929053395e-13 0.6699629804311527 0.00031620898669781905 0.0 2.723823968153738e-06 1.6653345369377348e-16 9.73258903580465e-07 5.262071144940261e-05 1039033.1307748517 68.0 -22.63205239601944 2.211858270226914 1938.77 1976.68 0 116 "Covariance may not be accurate."
2009ds 92 0.043750000000000004 1949.3839667067878 7.444045380111675e-14 0.6500036979259443 0.1905834828816269 0.0 23.33381199632049 0.9223868102259672 0.3683280998793281 0.5941295337288165 688348.4666984605 62.0 -21.357620454792645 2.2606519243374024 1954.64 1976.62 0 92 "Covariance may not be accurate."
2009le 66 0.043750000000000004 2138.530507915367 3.780309398848658e-14 1.248086243550886 0.35751542646946133 0.0 19.14643004903769 0.922388020504024 0.38276213400858267 0.66889535760936 695580.697966476 54.0 -20.30010772712438 1.4576108072472387 2153.53 2169.58 0 66 "Covariance may not be accurate."
2010ae 57 0.043750000000000004 2262.095800516161 7.91033905045424e-15 0.8711843512435371 0.48926156468055765 0.0 0.007104098878244258 0.0 0.17625857929027156 0.001975217680017932 11332.57132433858 22.0 -18.323017983114966 1.8352915906054115 2258.59 2305.53 24 33 "Covariance may not be accurate."
