analysis_pipeline/fit_results/csp_5_sn91bg_salt2_phase_red.ecsv
# %ECSV 0.9
# ---
# datatype:
# - {name: obj_id, datatype: string}
# - {name: num_points, datatype: int64}
# - {name: z, datatype: float64}
# - {name: t0, datatype: float64}
# - {name: x0, datatype: float64}
# - {name: x1, datatype: float64}
# - {name: c, datatype: float64}
# - {name: z_err, datatype: float64}
# - {name: t0_err, datatype: float64}
# - {name: x0_err, datatype: float64}
# - {name: x1_err, datatype: float64}
# - {name: c_err, datatype: float64}
# - {name: chi, datatype: float64}
# - {name: dof, datatype: float64}
# - {name: b_max, datatype: float64}
# - {name: delta_15, datatype: float64}
# - {name: tmin, datatype: float64}
# - {name: tmax, datatype: float64}
# - {name: pre_max, datatype: int64}
# - {name: post_max, datatype: int64}
# - {name: message, datatype: string}
# schema: astropy-2.0
obj_id num_points z t0 x0 x1 c z_err t0_err x0_err x1_err c_err chi dof b_max delta_15 tmin tmax pre_max post_max message
[from data line 97]
2008bq 50 0.002000010003301787 1547.49 3.0059288391726113e-14 0.6500000000003381 0.544029533379325 0.054995081430965334 26.510161976392965 0.9941309749815381 0.39765264082593554 0.6994304996426415 84721.40407277478 23.0 -12.90600660436898 2.2606712226254544 1562.49 1606.46 0 50 "Covariance may not be accurate."
2008bt 35 0.002006628805697706 1576.7735410106982 1.6153745008296028e-14 0.9507519229441046 0.5222430112110086 0.050725340079177283 28.45208284449211 0.9223902958000925 0.42639316123894966 0.7152737220713967 21484.618989805844 17.0 -12.27498491192869 1.7285902361708025 1571.61 1651.47 6 29 "Covariance may not be accurate."
2008bz 26 0.002013951447605171 1574.4555885774143 3.4139358007223564e-15 1.1512156868304553 0.49805751244278607 1.3869804445449177e-07 0.13606883929389824 0.0 2.3949801435163565e-05 5.7625665209365406e-05 8400.198081884568 15.0 -10.635764730698366 1.5273506359615716 1580.72 1651.52 0 26 "Covariance may not be accurate."
2008cc 86 0.002000018019894204 1571.2897140346759 1.8751666885918894e-13 0.6500000000006558 0.5000289257876622 1.6824575702306492e-07 0.08499791623478359 1.4988010832439613e-15 3.8832238447028544e-07 0.0007977365502069567 202614.87565449992 19.0 -14.965284752665221 2.260671080401016 1582.86 1654.86 0 86 "Covariance may not be accurate. Covariance not positive definite. Covariance forced positive definite."
2008cd 9 0.0020178786092416535 1572.8058248741477 3.8469227803261674e-14 0.6888579858762656 0.5001196358397053 0.05070277768197881 13.609853410039136 0.9223870519038442 0.30208733638079915 0.7104101340880286 114.90680360423522 4.0 -13.264663155238075 2.1677354065502534 1587.74 1595.73 0 9 "Minimization exited successfully."
2008cf 51 0.0020142854503815287 1597.5393317888067 2.914335439641036e-15 0.6518734419509589 0.5003441360872382 0.05067053374477619 29.046773571714084 0.92409999990075 0.38333792710433484 0.7111766548750706 124561.89383132459 20.0 -10.458997151745926 2.2559793229619274 1595.77 1654.65 6 45 "Covariance may not be accurate."
2008ff 144 0.0020119964602334723 1732.0079898741353 1.7236212457305555e-14 1.0425434715706992 0.5010008374952797 0.05062804423332806 28.919442113623063 0.9226046090054871 0.39882035833196766 0.7106909211560943 111286.71186069647 50.0 -12.385250865559726 1.6270975264633591 1724.53 1790.57 46 98 "Covariance may not be accurate."
2008fl 97 0.05573684048126292 1730.435662083477 1.1823875212257917e-14 1.085921353415327 0.4051001201685811 0.0553715985564011 28.73232526326683 0.9284773565994949 0.3815426038476753 0.6864667073444837 162505.87579037936 55.0 -19.490387900103947 1.5849042288337394 1724.49 1789.53 22 75 "Covariance may not be accurate."
2008fp 185 0.002000099672681786 1721.821421888243 1.8943180357666733e-13 1.242839988123408 0.5851698304976596 2.5514097776787453e-09 0.000712134925151986 4.163336342344337e-17 1.7213436570573393e-06 0.0016597182291437917 293328.3073116372 46.0 -14.833273048383758 1.4609929092948608 1725.83 1874.61 0 185 "Covariance may not be accurate."
2008fr 82 0.00200457465338535 1728.829997238391 6.5780714209040525e-15 0.6500006451803607 7.055096507002645e-10 3.242895395142234e-09 7.006781686413888e-05 0.0 3.276906135329938e-09 1.932489274908411e-05 101615.52706913075 26.0 -12.311067413400654 2.2606524463648405 1738.78 1807.57 0 82 "Covariance may not be accurate."
2008fu 58 0.002000007188540529 1729.1079476718514 7.41073868937292e-15 0.6500000000012304 0.11583494874755185 0.07632189923782555 26.18514803193591 1.3794736240121597 0.5517897806235154 0.7229468153675216 12328.07813756425 28.0 -12.23577938899508 2.2606578426408817 1737.84 1817.67 0 58 "Covariance may not be accurate."
2008fw 70 0.0020238418937915327 1725.901780584538 1.41886502547095e-13 1.064591237187773 0.5000351468660934 5.627156394842625e-08 7.442589958372992e-05 1.249000902703301e-16 0.00022070761766013192 0.6311729704006664 233538.7215910218 18.0 -14.688288227046774 1.6052984713429677 1740.89 1827.81 0 70 "Covariance may not be accurate. Covariance not positive definite. Covariance forced positive definite."
2008gg 102 0.002010198784958455 1746.3660793557835 1.6486811915683575e-14 0.6500627405935067 2.6130764219089997e-12 6.301955955126046e-09 0.00010431323505599721 0.0 4.20841597126298e-08 1.1617236682248677e-05 203365.2547739164 35.0 -13.31475608098641 2.260496529208414 1753.63 1827.57 0 102 "Covariance may not be accurate."
2008gl 87 0.002000039413476672 1767.4822801267062 7.16093850883226e-15 0.8224040471869428 0.4997117033448532 1.012604308779988e-09 0.02020754472300723 0.0 4.851480243872608e-06 3.094747302256895e-06 68916.53787304346 29.0 -11.420895150484512 1.9090646135307026 1765.7 1844.55 4 83 "Covariance may not be accurate."
2008go 19 0.002000011463841197 1753.6793779846103 9.492406860545088e-15 0.6500000000360804 0.500021262839745 1.6042273510421742e-07 0.08204348553385898 4.163336342344337e-17 3.069039441472299e-07 0.00015209702049373552 17175.833505041108 7.0 -11.726130856208101 2.2606710802888728 1764.54 1776.58 0 19 "Covariance may not be accurate. Covariance not positive definite. Covariance forced positive definite."
2008gp 96 0.0020182519525113575 1776.7098427614958 1.2073675392798577e-14 1.0157563900304298 0.5000671648360588 6.831827610236313e-06 0.014237718931667587 4.163336342344337e-17 0.01633429956315141 0.0013297057501643061 75062.00516918549 35.0 -12.006968030916386 1.6547168855504921 1768.75 1844.52 17 79 "Covariance may not be accurate. Covariance not positive definite. Covariance forced positive definite."
2008ha 56 0.017204082107072236 1767.425298924999 1.174060848541103e-14 0.9427332101631452 0.5006216420357436 0.048963910374402266 22.078292023231143 0.9294043108466231 0.426203829539039 0.7134478489282854 11104.346465211991 31.0 -16.654529442568247 1.7385336826116315 1781.55 1810.55 0 56 "Covariance may not be accurate."
2008hj 65 0.0020000063084494235 1803.109380174741 6.411537967210279e-15 0.6500000018521996 1.2053242035570122e-06 9.773180550433358e-11 8.734236519103433e-05 0.0 1.4289447403115219e-10 2.2530466223413814e-05 121014.62514519686 29.0 -12.27826249024261 2.2606540618980837 1794.58 1834.55 23 42 "Covariance may not be accurate."
2008hu 52 0.0020000100753577764 1797.4676407680665 4.996003610813204e-16 1.0344668623060298 4.422780008894733e-08 4.467525867475619e-10 0.0002508539351993022 0.0 4.4333481092895255e-06 5.848716561659972e-05 108869.3323441631 29.0 -9.507425956018974 1.635271314289767 1804.74 1844.84 0 52 "Covariance may not be accurate."
2008hv 132 0.0020000067176084357 1815.5543320084619 7.902012377769552e-14 0.6500000000000421 0.50002275403736 1.3485741776758653e-10 0.00011454274056177383 4.163336342344337e-17 4.9419912606651906e-12 0.34122642116381974 261984.2598718131 37.0 -14.027026748964467 2.260671080383883 1804.8 1912.7 27 105 "Covariance may not be accurate. Covariance not positive definite. Covariance forced positive definite."
2008ia 109 0.0020062514347882108 1817.0705668721098 2.2815083156046967e-14 0.7941542265378317 0.7435231969527907 0.05156968930277277 29.18064198634204 0.9376487324250689 0.45002179609597115 0.7397039080026115 65680.09337430829 30.0 -12.211863897447557 1.9558368084351265 1809.77 1874.69 31 78 "Covariance may not be accurate."
2009D 93 0.015498798640755396 1844.5173268202002 1.2156942119645464e-14 1.2230110911338055 0.0023875958003963804 0.047950983404733236 29.29497120482108 0.923124451326276 0.31061966744628616 0.5943006627911704 163952.92192228464 43.0 -17.438212933966682 1.4740214101709732 1834.67 1890.52 32 61 "Covariance may not be accurate."
2009F 82 0.0020000017803833993 1822.750012302896 1.3489209749195652e-14 1.0236291090812353 0.0028200651563024537 9.40729820431141e-11 1.748037448123796e-07 0.0 2.2315686201146434e-06 0.0005017920206662196 105061.22991773102 29.0 -13.081375661486941 1.6464444006093402 1837.75 1884.63 0 82 "Covariance may not be accurate."
2009I 37 0.0020000082061852414 1834.8684258343242 1.6153745008296028e-14 0.7425247357640236 3.3304738064621198e-06 0.05196011776995681 18.79276904148992 0.9392431035607448 0.44646899405399976 0.6141560443339452 10242.320505374748 5.0 -13.281541437745283 2.0518526550253995 1846.58 1867.58 0 37 "Covariance may not be accurate."
2009J 18 0.08499705226341582 1845.928741731607 1.6653345369377348e-16 0.6500000076414206 2.760816408853284e-05 7.646830911534064e-09 0.0002700581372891975 0.0 1.0479552225994837e-09 0.0002624069669191764 36368.64040153902 13.0 -16.589386285455113 2.260654048076521 1846.74 1867.68 0 18 "Covariance may not be accurate."
2009P 46 0.002008943463870084 1852.74417908174 2.4397150966137815e-14 0.9363210746269385 0.5000395990040005 1.7535334958379556e-08 8.331113235726662e-06 0.0 6.0617081674707585e-06 0.34136714812068514 19751.629817991474 17.0 -12.7607057376444 1.7466230747993663 1867.74 1931.61 0 46 "Covariance may not be accurate. Covariance not positive definite. Covariance forced positive definite."
2009Y 148 0.002000060698603858 1880.3652755265132 1.2456702336294256e-13 0.9548646515718662 0.6355647593766155 7.356820935864455e-10 0.0002084152428096786 0.0 3.095411749032273e-06 0.00242267276743674 270164.93627590785 36.0 -14.283540173419091 1.7235653653525773 1868.84 1976.65 27 121 "Covariance may not be accurate."
2009aa 150 0.0020176150421092882 1889.4281167481074 1.3489209749195652e-14 0.6575948724653602 0.3102308705425333 0.051028552111332406 29.12278204232655 0.9316404062302742 0.3420808087220433 0.7382456193723272 393214.33815934503 41.0 -12.516558331583365 2.241798827158757 1868.77 1956.66 64 86 "Covariance may not be accurate."
2009ab 62 0.002000032288562958 1892.1867191364015 2.1316282072803006e-14 1.2482950394270624 0.0006411141568112289 2.1393062408364694e-10 6.425205697269121e-05 0.0 1.3167513401857178e-07 0.00018587680792370165 333705.8743266599 13.0 -13.581662659417852 1.457466362503009 1874.57 1911.51 42 20 "Covariance may not be accurate."
2009ad 80 0.002000038984952687 1891.0631700437982 1.3655743202889425e-14 1.2485205095565912 0.4943822914234144 0.051015025774384916 29.522384827017277 0.9223899915845808 0.35609470035452545 0.7090646825749052 123153.44559527523 19.0 -12.134843721308712 1.4573354020686153 1878.6 1921.53 34 46 "Covariance may not be accurate."
2009ag 136 0.0793294748247067 1874.5273920511095 1.6919798895287386e-13 0.6539760838545089 0.3867075902125847 nan nan 8.326672684688674e-17 8.885122846602478e-05 0.0006898801894306694 911409.4499416467 49.0 -23.219175901883986 2.2507400302769707 1886.62 1959.54 0 136 "Covariance may not be accurate."
2009al 68 0.002000176173946929 1916.6955156446477 1.3988810110276972e-14 1.1268385784317574 0.5018788507555854 0.051852681509957955 24.91384805481198 0.9361533541059466 0.44857552935552114 0.7164503821379993 64433.71213687233 23.0 -12.144397928464244 1.5478858610924426 1891.71 1973.54 44 24 "Covariance may not be accurate."
2009cz 51 0.002003795728562428 1928.3914043812822 4.213296378452469e-14 0.6500005099014996 0.49992808761899377 5.242721502589365e-09 0.019640487365222725 0.0 5.243747880356864e-09 7.187688521870239e-07 105507.05288499688 13.0 -13.348567449614826 2.2606697969630503 1937.53 1966.46 0 51 "Covariance may not be accurate."
2009dc 76 0.0020000066924895114 1924.861844508684 1.425526363618701e-13 0.6500000014001038 0.4999998970073271 8.326118247550113e-10 0.0004172775086317415 2.0816681711721685e-16 1.017496864541556e-09 0.7352691116361119 541378.2641764239 16.0 -14.667656685054709 2.2606710767950453 1938.77 1976.68 0 76 "Covariance may not be accurate. Covariance not positive definite. Covariance forced positive definite."
2009ds 56 0.0020000042701709127 1967.8682163147787 1.940114735532461e-14 0.6500000000001936 7.944270477011628e-07 4.761215382457357e-10 0.000432100219086351 4.163336342344337e-17 9.633421838017853e-11 0.00018239903009970027 52638.98641254493 12.0 -13.480423910545305 2.2606540665376293 1954.64 1976.62 40 16 "Covariance may not be accurate."
2009le 30 0.0020034265053221695 2141.5051057427354 7.202571872255703e-14 0.6500037598956712 0.5340739873613745 1.9269495376509488e-08 0.0002920996789725905 0.0 5.4123584447562934e-08 0.007084818566290119 69051.00068979057 13.0 -13.875113270195085 2.260661746884379 2153.53 2169.58 0 30 "Covariance may not be accurate."
2010ae 52 0.0020032644669978265 2261.488501476488 2.040034807748725e-14 0.6500117139165412 0.9935830941557707 1.992634810280003e-08 0.0007145720305743453 0.0 1.0146840934144308e-07 0.0013920246864009833 5817.31111385892 7.0 -11.597925789618174 2.260638557333479 2258.59 2305.53 18 34 "Covariance may not be accurate."
