analysis_pipeline/fit_results/csp_4_salt2_2.4_red.ecsv
# %ECSV 0.9
# ---
# datatype:
# - name: obj_id
#   datatype: string
# - name: num_points
#   datatype: int64
# - name: z
#   datatype: float64
# - name: t0
#   datatype: float64
# - name: x0
#   datatype: float64
# - name: x1
#   datatype: float64
# - name: c
#   datatype: float64
# - name: z_err
#   datatype: float64
# - name: t0_err
#   datatype: float64
# - name: x0_err
#   datatype: float64
# - name: x1_err
#   datatype: float64
# - name: c_err
#   datatype: float64
# - name: chi
#   datatype: float64
# - name: dof
#   datatype: float64
# - name: b_max
#   datatype: float64
# - name: delta_15
#   datatype: float64
# - name: tmin
#   datatype: float64
# - name: tmax
#   datatype: float64
# - name: pre_max
#   datatype: int64
# - name: post_max
#   datatype: int64
# - name: message
#   datatype: string
# schema: astropy-2.0
obj_id num_points z t0 x0 x1 c z_err t0_err x0_err x1_err c_err chi dof b_max delta_15 tmin tmax pre_max post_max message
[from data line 105]
SN2008fl 97 0.0199 1720.5053686951649 0.004095761789485314 -0.9583300760645974 0.396965047473417 0.0 0.05638931099895217 3.644375737241884e-05 0.011803237089704766 0.005610168895126666 37465.81387166583 42.0 -18.24422353537513 1.2152667137647448 1724.49 1789.53 0 97 "Minimization exited successfully."
SN2007st 74 0.0212 1451.8529665853193 0.007837264061710364 -1.2530906581230408 0.1915671530344365 0.0 0.21915088314074183 0.00022569401479874537 0.031128442425304215 0.0159299226897629 3280.367987662584 22.0 -19.081759202876427 1.2957945981654415 1458.66 1513.52 0 74 "Minimization exited successfully."
SN2005hc 84 0.0459 668.2703428698929 0.002131910792182851 0.773976831713834 -0.07773481375060531 0.0 0.0652109020811622 3.191874243713144e-05 0.036344296285985234 0.010630029208436864 18903.385095970352 41.0 -19.385289018096085 0.9176025327993393 661.67 755.61 19 65 "Minimization exited successfully."
SN2009ab 62 0.0112 1883.6767018157395 0.0076787812807570695 -0.9135856239694018 0.48853947693960165 0.0 0.017970147716368956 7.517507153896206e-05 0.022336269963156852 0.006312532189492681 424.9702859075264 16.0 -17.668299486691843 1.1987041375369412 1874.57 1911.51 14 48 "Minimization exited successfully."
SN2007as 88 0.0176 1181.7872216961139 0.009237341256355877 -0.8208920416677836 -0.020370497336623328 0.0 0.04876671907754826 9.89449182099188e-05 0.017437123367794793 0.006953830258019433 46578.36331485739 34.0 -18.848318259252892 1.218008250839862 1175.59 1259.49 13 75 "Minimization exited successfully."
SN2006hx 39 0.0455 1022.9874162876044 0.0009535374773838895 -0.2371964540379059 0.46446026136036034 0.0 0.10117479849060373 4.3815816477353554e-05 0.08145390555147447 0.03155564635169783 418.0848168302347 14.0 -18.50265923725599 1.0701390762425795 1013.66 1080.59 8 31 "Minimization exited successfully."
SN2008ff 144 0.0193 1714.6063741944438 0.01096948237311469 -0.9544058186070625 -0.03133069624069218 0.0 5.893849561289244e-06 6.944439462816098e-05 0.010504037755905582 0.0035452812953810087 72838.6966338417 43.0 -19.23791340481776 1.2475708151730984 1724.53 1790.57 0 144 "Covariance may not be accurate."
SN2009ds 56 0.0193 1962.1513882844959 0.011988693961553054 0.27891021481762834 -0.0192709272851328 0.0 0.09682956283222666 0.00042006972127056185 0.20779916338892113 0.024884491534879094 38.763015254251265 14.0 -19.33510213596547 1.0026936470746328 1954.64 1976.62 17 39 "Minimization exited successfully."
SN2008O 53 0.0389 1492.11727715846 0.0008087024220846534 -2.5174471505653218 0.28780808099464084 0.0 0.09179726625984586 2.5075743065305954e-05 0.06527180607528282 0.022221573530683325 782.7806902315972 19.0 -17.96473645293915 1.6088357746662432 1489.71 1546.54 7 46 "Minimization exited successfully."
SN2006ot 75 0.0531 1067.0000857501957 0.0005623146382464139 0.361536583030154 0.6200601715246288 0.0 0.17762664295594277 1.3622105339972069e-05 0.05986302890019024 0.017196881462927305 5336.539866704026 29.0 -18.286243003090494 0.9559593722200823 1063.72 1131.63 13 62 "Minimization exited successfully."
SN2006py 14 0.0579 1071.2046582775572 0.000942077756569118 0.43521979985067016 0.13505547501540893 0.0 0.2740601583150237 5.2248782580392706e-05 0.31487494484654777 0.044801277846972076 19.60970084056998 10.0 -19.022359017773116 0.9675768485320582 1069.54 1091.54 2 12 "Minimization exited successfully."
SN2005be 23 0.035 460.30763749112157 0.0035192683849647357 -2.211596198044572 -0.1724067652983149 0.0 0.04774639023636951 5.295065572430424e-05 0.02982719042431392 0.009969930631141488 202.32531500756755 19.0 -19.322643405765792 1.5761030063065107 467.89 491.77 0 23 "Minimization exited successfully."
SN2006fw 6 0.0835 1008.486500584642 0.002865746903972355 -1.2737126230561109 -0.9687353089632431 0.0 0.1704308172901392 0.0004460633566043676 0.23141893014499737 0.09259569729733763 28.704775658586083 2.0 -21.10858703902644 1.3872840293886952 1001.75 1039.73 2 4 "Covariance may not be accurate. Covariance not positive definite. Covariance forced positive definite."
SN2007ax 57 0.0069 1189.7514894803464 0.003937741483166768 -2.5903474937713438 0.6166362627297679 0.0 0.05119595612040939 7.949411487238596e-05 0.02028974424839758 0.01291829157242852 25373.92809536754 20.0 -15.890909353633553 1.5839637226491021 1184.55 1248.47 6 51 "Minimization exited successfully."
SN2007jg 56 0.0371 1366.9783041993526 0.0015586098932960368 -0.3683682617474062 0.08315115332910916 0.0 0.09954552497663371 3.3298490450567276e-05 0.056505960472752026 0.014434994810149204 1601.1217221478096 28.0 -18.568200249421746 1.1189179740211124 1363.82 1425.78 13 43 "Minimization exited successfully."
SN2007af 205 0.0055 1176.535099048602 0.04999999998222842 -0.4291510986694993 0.4108860389805502 0.0 1.7478375866630813e-06 4.961483077065704e-06 0.009824188308653614 0.0007923124143782712 233526.68503188982 51.0 -18.145150269458703 1.1095059609424904 1162.76 1257.72 67 138 "Minimization exited successfully."
SN2008cc 86 0.0104 1580.2611896153958 0.020642213962547548 -1.5927133551909591 0.17203333088910266 0.0 49.14892830796464 0.034355735011838875 6.628012414951914 1.4540051528001228 131478.5139059541 38.0 -18.568203125424617 1.3762630755289003 1582.86 1654.86 0 86 "Covariance may not be accurate."
SN2006ef 20 0.0179 968.1942945901408 0.013018528378271256 -0.9499430684323471 -0.12584510577012176 0.0 0.12347287251253647 0.00021012207714772926 0.029254557804719195 0.00983179044807897 28103.48544142801 16.0 -19.258709878234896 1.2534596032534289 979.9 1040.71 0 20 "Minimization exited successfully."
SN2007nq 99 0.045 1397.5223649748525 0.0017369964373051688 -1.7675551960869251 0.03370870412438043 0.0 0.10721740018107084 3.228065883825878e-05 0.032521406693501786 0.012532499862752067 5581.1932392681265 46.0 -19.116720047287288 1.4331253634199292 1397.65 1476.56 0 99 "Minimization exited successfully."
SN2008bq 50 0.034 1564.3015284482724 0.0027959379709278755 0.35919780733804707 0.10373928561232804 0.0 0.06245171041200592 3.247099961566644e-05 0.028326989816827464 0.008148395154751853 169.77564307378563 28.0 -19.008873172575427 0.9824674509131022 1562.49 1606.46 2 48 "Minimization exited successfully."
SN2008hv 132 0.0126 1817.3693067663296 0.021280131598398172 -1.4796881459168754 -0.08437178688682256 0.0 0.01267536891907639 0.0002364357974647402 0.018555120228948008 0.007187230161346536 43551.800626458135 44.0 -19.020314192167874 1.3727290325463368 1804.8 1912.7 31 101 "Minimization exited successfully."
SN2009I 37 0.0262 1851.9679261270974 0.0005558473584832025 1.1625151953274795 0.9999997777837635 0.0 0.14970737162582282 2.8692221425360986e-06 0.11359688890460529 0.00717824351850449 65.78897237467038 6.0 -16.73070313221411 0.8099554887674003 1846.58 1867.58 14 23 "Minimization exited successfully."
SN2004gc 54 0.0321 330.0955255070789 0.0016364064934523332 -1.1082215127989778 0.2701996511874434 0.0 2.9445524944549106e-05 2.4375698872843043e-05 0.02739723755583312 0.010130883458836504 9762.086538947848 50.0 -18.301810774311363 1.2573039872885303 329.83 397.66 2 52 "Covariance may not be accurate."
SN2005lu 39 0.032 719.9401540891514 0.0016582565021956682 0.04035732973800066 0.19615876952115574 0.0 4.7095166507915565e-05 3.608292926139819e-05 0.03755347747214355 0.014312267449701488 6718.07387665331 30.0 -18.308064487753036 1.035158990135585 719.66 799.52 1 38 "Minimization exited successfully."
SN2007al 72 0.0122 1162.9504521209858 0.00206871342316762 -2.9372995627643306 0.7379837983473412 0.0 1.1705795486705028e-05 5.041585739124074e-05 0.01701561865226897 0.015182818110606289 11409.48212969167 26.0 -16.44713831720056 1.6659355713883883 1170.77 1246.58 0 72 "Minimization exited successfully."
