analysis_pipeline/fit_results/csp_4_sn91bg_salt2_phase_all.ecsv
# %ECSV 0.9
# ---
# datatype:
# - {name: obj_id, datatype: string}
# - {name: num_points, datatype: int64}
# - {name: z, datatype: float64}
# - {name: t0, datatype: float64}
# - {name: x0, datatype: float64}
# - {name: x1, datatype: float64}
# - {name: c, datatype: float64}
# - {name: z_err, datatype: float64}
# - {name: t0_err, datatype: float64}
# - {name: x0_err, datatype: float64}
# - {name: x1_err, datatype: float64}
# - {name: c_err, datatype: float64}
# - {name: chi, datatype: float64}
# - {name: dof, datatype: float64}
# - {name: b_max, datatype: float64}
# - {name: delta_15, datatype: float64}
# - {name: tmin, datatype: float64}
# - {name: tmax, datatype: float64}
# - {name: pre_max, datatype: int64}
# - {name: post_max, datatype: int64}
# - {name: message, datatype: string}
# schema: astropy-2.0
obj_id num_points z t0 x0 x1 c z_err t0_err x0_err x1_err c_err chi dof b_max delta_15 tmin tmax pre_max post_max message
2004dt 269 0.0197 235.16327515241483 9.41746680638289e-14 0.8247966995158431 0.5001264064604196 0.0 0.2870232042923817 0.0 2.4751352333485244e-05 4.547641341900999e-05 568315.4235340944 178.0 -19.21423285050856 1.9052622649716984 249.79 365.62 0 269 "Covariance may not be accurate."
2004ef 278 0.031 266.76391942334476 1.2240208846492351e-14 1.195163778177012 0.4388509943074431 0.0 7.106692265779202e-06 0.0 6.622942327894066e-08 0.0005306457849148516 1074159.311462446 252.0 -18.14359817664616 1.4934382432261195 255.69 329.57 71 207 "Covariance may not be accurate."
2004eo 269 0.043750000000000004 279.2803564920047 3.214095656289828e-14 1.2410529674516941 0.04490342264527375 0.0 29.539150545689523 0.9223868665158479 0.33630248856623307 0.5174725976314439 1020194.7142885325 227.0 -20.723971100989136 1.462136677626713 266.52 341.54 94 175 "Covariance may not be accurate."
2004ey 213 0.043750000000000004 280.5833085747732 1.2156942119645464e-13 0.6984882619319027 0.013439464527390532 0.0 25.20663826684168 0.9226720852594071 0.3109928534638704 0.6604949508295929 1506246.3709548959 125.0 -22.220134400767833 2.145846395340836 295.53 358.55 0 213 "Covariance may not be accurate."
2004gc 134 0.043750000000000004 333.5164863261007 5.9119376061289586e-15 1.2471578546069007 0.5124990976385959 0.0 0.0004266524472313904 0.0 5.699040757090046e-07 9.015196085315758e-06 112050.12168415776 116.0 -17.9607715605656 1.458210327129322 329.83 397.66 20 114 "Covariance may not be accurate."
2004gs 299 0.043750000000000004 340.6134700814979 1.6736612096224235e-14 0.650000005540139 0.0016197076835999802 0.0 6.851711162880747e-06 4.163336342344337e-17 3.8908098964896e-11 0.00018232682994198668 254059.8041323777 147.0 -20.086062867705447 2.260654096636646 352.85 461.56 0 299 "Covariance may not be accurate."
2004gu 156 0.043750000000000004 363.9739274059183 6.411537967210279e-15 1.0806974881914475 0.4305703217963658 0.0 0.03324027583801126 0.0 8.04840871683199e-05 0.00015680529014305833 190202.8418953608 147.0 -18.228018537436633 1.5898371612702888 357.86 410.84 19 137 "Covariance may not be accurate."
2005A 182 0.043750000000000004 362.2182999997744 1.5987211554602254e-14 1.2244352989140537 0.06869122242089548 0.0 22.474680685045314 0.9223869319573266 0.4140646828059349 0.507279968584695 89039.6428547091 121.0 -19.92492146805697 1.4730689197385836 376.65 433.53 0 182 "Covariance may not be accurate."
2005M 381 0.043750000000000004 391.13174174236593 3.8968828164342995e-14 0.6500030648194444 0.012421807436618193 0.0 24.680377119492874 0.9223868490829723 0.36952469850987907 0.5654693286649837 1228552.6608228094 224.0 -20.98649873310014 2.260646713364652 396.77 480.51 0 381 "Covariance may not be accurate."
2005W 117 0.043750000000000004 429.50999904069596 7.693845560652335e-14 0.6500000000001188 0.5168442580855823 0.0 8.56699671203387e-08 0.0 2.8464064438793457e-11 0.01021720519406294 923009.3835649153 83.0 -20.739805824918108 2.260671132557574 404.54 429.51 112 5 "Covariance may not be accurate."
2005ag 208 0.043750000000000004 426.39994762276535 1.6653345369377348e-16 1.2331576322456839 2.4946824106475418e-08 0.0 2.470653515729282e-05 0.0 1.3536507192934977e-07 1.77594786124613e-05 444173.4600101144 189.0 -15.083208793352117 1.467286621866002 412.82 480.84 69 139 "Covariance may not be accurate."
2005al 238 0.043750000000000004 425.7076731393679 5.46229728115577e-14 0.9958273653698388 0.5201982886984975 0.0 25.428492583849476 0.9242305058554623 0.41420597089736017 0.7156718905680182 893591.819622598 172.0 -20.362462877529033 1.6762116081638538 429.76 512.79 0 238 "Covariance may not be accurate."
2005am 203 0.043750000000000004 421.7981333503084 3.490541189421492e-13 1.1133879515863587 0.29755677622297877 0.0 21.54147280143357 0.9223866464182039 0.3683040358491561 0.6458220349413384 746565.0637313236 121.0 -22.820010637639776 1.5597150352688622 432.58 512.46 0 203 "Covariance may not be accurate."
2005be 68 0.043750000000000004 452.941611194473 7.577272143066693e-15 1.245761230591596 0.042348418563102175 0.0 24.49201032506761 0.9223869060540568 0.38912448407315675 0.6899200042660185 191610.59990204885 64.0 -19.15940231814256 1.4590956373135349 467.89 491.77 0 68 "Covariance may not be accurate."
2005bg 95 0.043750000000000004 463.5853574010969 2.7727820040013285e-14 1.248702719467675 0.20480854214814193 0.0 23.368367919887817 0.9234485937442093 0.35732870766042474 0.6018908674305221 558257.3945227953 91.0 -20.253979159556636 1.4572114516154109 471.65 512.61 0 95 "Covariance may not be accurate."
2005bl 64 0.043750000000000004 485.37256527954577 4.496403249731884e-15 0.6951260590878354 0.32068276594972267 0.0 0.0001242060874346862 4.163336342344337e-17 8.16401445169479e-07 0.0023366826911576932 55645.62819910038 60.0 -18.055091375991342 2.153448561925977 476.61 512.57 45 19 "Covariance may not be accurate."
2005bo 54 0.043750000000000004 482.24600849963247 2.806088694740083e-14 0.6511193805715956 0.00871988928031181 0.0 28.04520206065152 0.9223871520722048 0.3578045318677265 0.5738035925945312 66773.09228372612 50.0 -20.63588019667404 2.2578479701507526 478.75 512.76 24 30 "Covariance may not be accurate."
2005el 236 0.043750000000000004 645.505696210268 2.0233814623793478e-14 1.2405122655662737 0.027677647060638022 0.0 28.552244596612468 0.922386886622365 0.3982664136683351 0.5395422807500604 631464.4233757423 133.0 -20.250158242736813 1.4624868474747856 639.89 730.75 24 212 "Covariance may not be accurate."
2005eq 211 0.043750000000000004 642.7072435037089 2.1899149160731213e-14 0.6500000000001238 9.239046905307191e-08 0.0 4.439673756451157e-05 0.0 1.0154654894733994e-12 2.7857597783287336e-06 537000.6976167243 111.0 -20.380515976791795 2.2606540665187644 647.8 751.66 0 211 "Covariance may not be accurate."
2005gj 227 0.043750000000000004 722.4069284387842 2.831068712794149e-15 0.6500362163129941 1.5663831927636984e-06 0.0 8.492793654113484e-06 0.0 5.598676300344607e-09 1.2596858838087588e-05 327897.3966790328 112.0 -18.15932157802011 2.26056312633661 698.7 1016.76 66 161 "Covariance may not be accurate."
2005hc 163 0.043750000000000004 673.5275108544621 6.5780714209040525e-15 1.1036729211321674 0.3797548102933813 0.0 29.480816128174865 0.9225593966485719 0.3730845502770403 0.6765996062217781 363215.79727171414 115.0 -18.35922104514032 1.5684743090370326 661.67 755.61 58 105 "Covariance may not be accurate."
2005hj 102 0.043750000000000004 680.3017304093258 6.661338147750939e-15 0.6500000508640781 0.5802177320696016 0.0 0.00010836159680138735 0.0 7.614845420889083e-10 0.004168844664994231 180348.79226951537 73.0 -17.975888046167853 2.2606712272654974 671.67 761.57 32 70 "Covariance may not be accurate."
2005hk 245 0.043750000000000004 662.6344973889157 3.1308289294429414e-14 0.7762383418333667 6.38378239159465e-15 0.0 7.654931550860056e-06 0.0 2.1397471960948877e-07 2.396900451645534e-06 1128905.5921995607 97.0 -20.76859977551073 1.98749398697508 675.61 761.54 0 245 "Covariance may not be accurate."
2005iq 154 0.043750000000000004 667.5505556828624 2.9476421303797906e-14 0.7775196522165356 0.45004251255199473 0.0 24.53413473151113 0.9223868623253081 0.4429182531658835 0.6978325524075677 460604.9048304313 92.0 -19.841926680710717 1.9851873045148878 682.55 755.55 0 154 "Covariance may not be accurate."
2005ir 65 0.043750000000000004 691.8166569249512 1.7486012637846216e-15 0.6501575434449538 0.09839722329951622 0.0 29.191984217302036 0.9223871924605964 0.3648286561366142 0.7176246658129715 79361.3321815163 61.0 -17.468960158788697 2.26026165226504 682.62 740.53 29 36 "Covariance may not be accurate."
2005kc 125 0.043750000000000004 705.7596632193099 2.298161660974074e-14 0.6580479686008571 0.010320200606122376 0.0 9.789576745333761e-05 0.0 4.4648272162772784e-07 0.007969934244703492 565931.4372238435 79.0 -20.416522633159904 2.2406745739627496 687.52 728.54 83 42 "Covariance may not be accurate."
2005ke 367 0.043750000000000004 698.9013190336306 1.4097056855177925e-13 0.9793587311372167 0.453107154622623 0.0 29.194023098100843 0.9223867573993842 0.4188669454263099 0.6986623940950885 188835.06160931423 165.0 -21.534241681883763 1.6946859994297512 689.69 819.51 60 307 "Covariance may not be accurate."
2005ki 310 0.043750000000000004 680.976417948677 3.247402347028583e-14 1.110131294741859 0.1363666476923986 0.0 25.47684063020006 0.9223872278687207 0.4435419793927892 0.5608060924469856 671016.1699544841 84.0 -20.56897954509397 1.5626257556523875 695.86 861.5 0 310 "Covariance may not be accurate."
2005ku 37 0.043750000000000004 721.2438517970662 3.3306690738754696e-16 0.6560777706337398 0.005157829259215929 0.0 36.62146296979034 1.2680282216007843 0.5307829718011637 0.6438774974384865 64001.48896012299 26.0 -15.827622877713502 2.2455244303865562 699.56 739.53 31 6 "Covariance may not be accurate."
2005lu 88 0.043750000000000004 704.6804041231671 1.1157741397482823e-14 1.1530572207167986 0.2963715102172698 0.0 24.212292154311456 0.9223870053744051 0.4395854918250984 0.6453279918631354 57530.614291010184 51.0 -19.08372292494361 1.5258442023700134 719.66 799.52 0 88 "Covariance may not be accurate."
2005mc 83 0.043750000000000004 722.2133240923635 1.8235413179468196e-14 0.9758075240348171 0.5001336961309965 0.0 nan 0.0 5.1611004811213945e-05 9.728337230358042e-05 106673.21259619319 79.0 -19.20339131167441 1.698765300899069 736.79 773.62 0 83 "Covariance may not be accurate."
2005na 170 0.043750000000000004 726.0240795174652 1.815214645262131e-14 1.2055007161763434 0.028057206145471747 0.0 20.13605099821075 0.922387020249682 0.4248779752734027 0.5389981295193248 420486.13914215297 95.0 -20.13166069485503 1.4860415057280036 738.71 834.54 0 170 "Covariance may not be accurate."
2006D 298 0.043750000000000004 745.7814760906857 1.620370504440416e-13 1.1371559102624356 0.5631205742565706 0.0 24.46595398089147 0.9274156840314163 0.355629110998582 0.7257147274392108 1000239.4324606686 123.0 -21.47108211458158 1.5390484334905103 751.84 891.61 0 298 "Covariance may not be accurate."
2006X 312 0.043750000000000004 784.9676485311527 2.1549428907974288e-13 0.6745193829794519 0.5000578803951674 0.0 13.907451338685519 4.163336342344337e-17 2.5427337804195815e-06 8.847118772636886e-06 953126.8788419834 153.0 -21.884806166762907 2.2010685179469434 775.68 906.46 46 266 "Covariance may not be accurate. Covariance not positive definite. Covariance forced positive definite."
2006ax 236 0.043750000000000004 823.6454608588053 3.347322419244847e-14 0.7453100695646855 0.2294802470488322 0.0 29.009965646442936 0.9223870451604654 0.3452285524577697 0.6147400268562923 1094692.7659770846 156.0 -20.40169033391462 2.0462924832344704 815.64 891.5 37 199 "Covariance may not be accurate."
2006bd 52 0.043750000000000004 807.7681560626629 1.049160758270773e-14 0.8775722714802567 0.44534153505964286 0.0 24.9513014495422 0.9223869672210186 0.4391344905675905 0.6965439705056149 14839.840967861603 28.0 -18.730727787750983 1.8261207294162318 822.75 872.57 0 52 "Covariance may not be accurate."
2006bh 175 0.043750000000000004 820.9527649203078 1.9176327192838016e-13 0.764538729412729 0.11282133442703896 0.0 29.234982550886514 0.9223867252207194 0.3565835491857676 0.5441171728286178 1073033.8756209393 124.0 -22.542320735025104 2.0090982708712666 829.91 891.79 0 175 "Covariance may not be accurate."
2006br 64 0.043750000000000004 840.6622826310822 1.5487611193520934e-14 0.6775194960323677 0.48345981857048137 0.0 24.723609220841354 0.9223870176867478 0.4154388291655562 0.7064509972985381 12917.686432958943 46.0 -19.066393567646415 2.1940118931939807 855.66 891.66 0 64 "Covariance may not be accurate."
2006bt 88 0.043750000000000004 860.5921450017316 1.099120794378905e-14 1.2438865181267063 0.5018159959861471 0.0 0.08065750480096767 4.163336342344337e-17 1.2795750566008124e-05 7.859863534848133e-05 154779.89190160282 66.0 -18.65106370564283 1.460316836784191 853.76 891.71 21 67 "Covariance may not be accurate."
2006dd 217 0.043750000000000004 913.4287877053387 1.4186152252904094e-12 0.6500294807498344 0.5006303077157731 0.0 28.733565790560647 0.9223863370992391 0.3671870994253659 0.7105128827502849 10.482561646864601 -3.0 -23.92997538338795 2.260597052717179 906.94 1147.57 1 216 "Covariance may not be accurate."
2006ef 56 0.043750000000000004 999.311217405976 8.409939411535561e-15 0.8590835016761502 0.5142083120792036 0.0 0.12997803641894734 0.0 8.397626980682915e-06 1.4571826447096203e-05 340650.8152738658 47.0 -18.340681412061297 1.8529384491722602 979.9 1040.71 23 33 "Covariance may not be accurate."
2006ej 64 0.043750000000000004 981.6913903934644 2.1399548799649892e-14 1.1879592575257885 0.7820730235641911 0.0 0.5428919484002108 0.0 0.0003943001250845679 0.0004975459645191749 145009.56259014428 47.0 -18.83651322894167 1.498720521684259 979.74 1046.74 6 58 "Covariance may not be accurate."
2006eq 98 0.043750000000000004 965.6582691980386 1.1074474670635936e-14 0.7777406561324987 0.48403174347925204 0.0 0.008703615094191264 0.0 2.257795614846181e-05 3.491927251952909e-05 54200.42595033009 75.0 -18.700879836404248 1.9847889711952043 980.56 1029.51 0 98 "Covariance may not be accurate."
2006et 236 0.043750000000000004 972.1429827951778 1.1773915176149785e-13 0.6501461545131283 0.6584591667175212 0.0 2.3463078719032637e-05 0.0 1.767251517348356e-08 0.0015767134770307 1189658.9312567455 89.0 -20.945017777974126 2.260304753625036 982.63 1099.54 0 236 "Covariance may not be accurate."
2006ev 116 0.043750000000000004 979.3013207405279 1.1407541578023483e-14 1.2482595777355454 0.44321523754403264 0.0 0.004631854657930035 0.0 2.788172925782817e-05 0.004289770764136114 156093.9420587254 63.0 -18.826268285517365 1.4575013823453133 993.59 1039.52 0 116 "Covariance may not be accurate."
2006fw 31 0.043750000000000004 1012.4475702923453 8.326672684688674e-17 0.6500000000000357 0.008356448149580031 0.0 0.00013207906192747032 0.0 7.069345109300684e-12 0.008105162662449816 74417.34872156201 27.0 -14.317384997368979 2.2606542959364724 1001.75 1039.73 12 19 "Covariance may not be accurate."
2006gj 122 0.043750000000000004 989.3800712678964 6.078471059822732e-15 1.228940755840904 0.060103130163121965 0.0 0.007077925400324148 0.0 0.0002770291871071473 5.712720520364978e-05 34240.70069094468 60.0 -18.88989572288865 1.4700698206375975 998.83 1096.59 0 122 "Covariance may not be accurate."
2006gt 93 0.043750000000000004 989.8176299558982 6.9111383282915995e-15 0.7553513559678426 0.07326874507902942 0.0 20.657892599796696 0.9223869079618378 0.3513058470076658 0.5115502472374558 50502.562424666554 56.0 -19.00632242486042 2.0265960167796706 1001.67 1076.62 0 93 "Covariance may not be accurate."
2006hb 190 0.043750000000000004 992.9189830556047 5.054290319606025e-14 1.2303487953035073 0.4998532855390246 0.0 nan 0.0 1.2570507445630597e-05 nan 457173.63935292966 75.0 -20.31082711274356 1.469150847362151 1006.87 1143.59 0 190 "Covariance may not be accurate."
2006hx 70 0.043750000000000004 1019.9931312577012 5.995204332975845e-15 1.2078291787094844 0.09471946026108041 0.0 28.893531910075296 0.9223869649716101 0.3052688068473836 0.7163563175147342 18798.129829252703 50.0 -18.813486135212106 1.4844108413853974 1012.66 1080.59 16 54 "Covariance may not be accurate."
2006is 176 0.043750000000000004 1003.0511444556122 2.1649348980190553e-14 1.2413687935460147 0.004147026672936205 0.0 24.5755397958431 0.9223868750913486 0.3970299022229195 0.6410095361466609 552696.8779306373 66.0 -20.361515982800057 1.461931031863287 1008.9 1125.67 0 176 "Covariance may not be accurate."
2006kf 180 0.043750000000000004 1043.8748763147455 8.1601392309949e-15 0.6500002569545767 0.5001097614326602 0.0 9.397246991479733 0.0 6.746212644070937e-09 1.0684988979936527e-05 528773.6843422123 109.0 -18.330378084340584 2.2606704353774134 1036.81 1127.64 50 130 "Covariance may not be accurate. Covariance not positive definite. Covariance forced positive definite."
