analysis_pipeline/fit_results/csp_4_sn91bg_color_interpolation_blue.ecsv
# %ECSV 0.9
# ---
# datatype:
# - {name: obj_id, datatype: string}
# - {name: num_points, datatype: int64}
# - {name: z, datatype: float64}
# - {name: t0, datatype: float64}
# - {name: x0, datatype: float64}
# - {name: x1, datatype: float64}
# - {name: c, datatype: float64}
# - {name: z_err, datatype: float64}
# - {name: t0_err, datatype: float64}
# - {name: x0_err, datatype: float64}
# - {name: x1_err, datatype: float64}
# - {name: c_err, datatype: float64}
# - {name: chi, datatype: float64}
# - {name: dof, datatype: float64}
# - {name: b_max, datatype: float64}
# - {name: delta_15, datatype: float64}
# - {name: tmin, datatype: float64}
# - {name: tmax, datatype: float64}
# - {name: pre_max, datatype: int64}
# - {name: post_max, datatype: int64}
# - {name: message, datatype: string}
# schema: astropy-2.0
obj_id num_points z t0 x0 x1 c z_err t0_err x0_err x1_err c_err chi dof b_max delta_15 tmin tmax pre_max post_max message
[from data line 107]
2008fu 45 0.043500000000000004 1726.0383349162419 1.8485213360008856e-14 0.6500000106285787 0.2361509234156292 0.0 5.978354045055312e-05 0.0 4.3963815921088667e-10 0.00362422521920841 11660.040286399617 41.0 -19.728304779302604 2.262349039737934 1740.75 1817.67 0 45 "Covariance may not be accurate."
2008fw 92 0.0085 1728.3452318940563 5.338229858153909e-13 0.654338116250611 0.5037095257876114 0.0 20.00687280415798 0.9223865743518651 0.38934688363333453 0.7112147491971087 166049.646721841 88.0 -19.248294569375968 2.2515083898713844 1740.89 1827.81 0 92 "Covariance may not be accurate."
2008gg 96 0.043500000000000004 1739.039605760437 5.936917624183025e-14 1.226879232732859 0.5091605131552954 0.0 0.007387638034174415 0.0 0.5406218739477509 0.0010071098631339592 170916.029187184 92.0 -20.457848994114773 1.4718730523795784 1753.63 1827.57 0 96 "Covariance may not be accurate. Covariance not positive definite. Covariance forced positive definite."
2008gl 79 0.043500000000000004 1773.9209376232916 1.0408340855860843e-14 1.238791619959903 0.13561337435553006 0.0 1.5173175370364334e-05 0.0 6.312790257201328e-08 0.000949456467654819 113613.82134360915 75.0 -19.32222865813118 1.464020248324168 1765.7 1844.55 20 59 "Covariance may not be accurate."
2008go 24 0.0623 1768.9072545770073 4.912736883966318e-15 1.2110083469597526 0.502601688502856 0.0 0.9487077731050704 0.0 5.294712836945159e-05 7.176514087992025e-05 26691.419657019454 20.0 -18.57236060598323 1.4826512134871237 1765.61 1776.58 12 12 "Covariance may not be accurate."
2008gp 73 0.0334 1780.0755583764865 1.3239409568654992e-14 1.167234957561012 0.028464042863629524 0.0 29.436684808994073 0.9223869163697931 0.43698295867727077 0.5384161760217693 51674.18141425396 69.0 -19.185502969969285 1.5150055612195779 1768.75 1814.69 18 55 "Covariance may not be accurate."
2008ha 50 0.043500000000000004 1773.7015187971942 2.0317081350640365e-14 0.7622825511336024 0.5004867219204446 0.0 29.401825563819898 0.9223912264702145 0.4416063877275141 0.710481521256401 15034.832836936308 46.0 -19.307357820753847 2.0146090895872995 1781.55 1810.55 0 50 "Covariance may not be accurate."
2008hj 62 0.043500000000000004 1782.2505817337353 5.495603971894525e-14 1.2224830492452528 0.49108949086634046 0.0 20.217583081951148 0.9223951030503337 0.3098231020273808 0.7082898490235754 231864.98196540534 58.0 -20.410309764653874 1.4748160883608854 1795.56 1834.55 0 62 "Covariance may not be accurate."
2008hu 45 0.043500000000000004 1799.7335837723242 1.5903944827755367e-14 0.8992380262174098 0.5080145556417296 0.0 0.02885989728167715 4.163336342344337e-17 0.002868669399812118 0.003252488705355494 56409.73456563415 41.0 -19.02953634812917 1.7966269901107168 1806.76 1840.68 0 45 "Covariance may not be accurate. Covariance not positive definite. Covariance forced positive definite."
2008hv 93 0.043500000000000004 1817.726140187506 1.4047096819069793e-13 0.7188197792665287 0.20710755498161948 0.0 29.54751947890702 0.922386757737202 0.43357937390578805 0.6031750183777697 478466.7694972881 89.0 -21.997649784528626 2.102546672154931 1806.79 1884.68 19 74 "Covariance may not be accurate."
2008ia 57 0.0219 1797.9761048543828 5.570544026056723e-14 1.1779817883580281 0.548196768189699 0.0 8.631808100290073e-06 0.0 1.5506570294476774e-07 0.0015091899753870708 109052.03818398592 53.0 -18.799176692094292 1.5066983468690225 1809.77 1858.76 0 57 "Covariance may not be accurate."
2009D 83 0.043500000000000004 1844.3966876275686 4.246603069191224e-14 1.0730203274166488 0.45867874434330846 0.0 29.262767977760404 0.92238705699978 0.44339688416166984 0.7001507906856808 292838.7456771068 79.0 -20.206170357189144 1.5977732419628126 1834.67 1884.53 28 55 "Minimization exited successfully."
2009F 57 0.013 1847.3420180207372 8.743006318923108e-15 0.8477121652534485 0.13072757507545352 0.0 29.24540584443605 0.9223878273962021 0.4421684277006576 0.5569539440449353 229985.90577411684 53.0 -16.46982706785111 1.8708520053479738 1837.75 1884.63 28 29 "Covariance may not be accurate."
2009I 18 0.043500000000000004 1848.9165262133197 7.577272143066693e-15 0.650000000386445 0.3404976992202743 0.0 6.635570230173471e-05 0.0 5.4355686618379195e-11 0.0031231367167721402 26485.894782162024 14.0 -18.573529332679858 2.2623517003606217 1848.58 1867.58 4 14 "Covariance may not be accurate."
2009J 23 0.043500000000000004 1831.7460853089901 6.5780714209040525e-15 0.9911020240266086 0.4070624084049248 0.0 27.28833936683975 1.1487865186665087 0.4344777518487999 0.7945649096323696 6274.884674441787 19.0 -18.29205920033599 1.6821552147615826 1848.7 1867.68 0 23 "Covariance may not be accurate."
2009P 53 0.043500000000000004 1855.7488913491368 6.661338147750939e-14 0.6502803070733889 0.3142967991533966 0.0 20.5333469998086 0.9223870838466 0.3634369923082044 0.6526372185215392 25128.134874736683 49.0 -20.980144341263028 2.261646050872887 1867.74 1931.61 0 53 "Covariance may not be accurate."
2009Y 116 0.0094 1860.0187061252973 6.053491041768666e-13 0.6544740319710021 0.47334482943572764 0.0 0.011791214636218683 4.163336342344337e-17 3.368015825677695e-07 7.515899939025683e-06 630764.5683683866 112.0 -19.674684479951654 2.251169666399388 1869.84 1976.65 0 116 "Covariance may not be accurate."
2009aa 82 0.043500000000000004 1881.3004886849735 1.940114735532461e-14 0.789936729379202 0.0634864433827268 0.0 29.529757783788796 0.9225195542069121 0.44360146459751315 0.7029227777468896 381899.8738204673 78.0 -20.131282237684573 1.964274975406969 1869.68 1938.65 32 50 "Covariance may not be accurate."
2009ab 40 0.043500000000000004 1891.6220819623695 6.9111383282916e-14 1.20154077863466 0.5685229521411782 0.0 0.0015073743398943407 4.163336342344337e-17 7.088520252995778e-07 0.0007759791093254753 388058.4418053316 36.0 -20.523670515756788 1.4893098403873424 1874.57 1911.51 24 16 "Minimization exited successfully."
2009ad 48 0.043500000000000004 1892.3307241639955 1.840194663316197e-14 1.246325780268305 0.04797078317187742 0.0 29.577358625822967 0.9223869016555368 0.3878043278156516 0.5139854845215213 222908.44624553513 44.0 -20.100460662840554 1.4591402471261716 1878.6 1915.45 24 24 "Covariance may not be accurate."
2009ag 72 0.0086 1883.3605969653195 1.588729148238599e-13 0.807670506282524 0.49473004087105865 0.0 25.7652389025543 0.9223871562304362 0.4438263232775124 0.7091449677461227 180446.05103900426 68.0 -17.976796603687944 1.934085649159913 1888.59 1937.5 0 72 "Covariance may not be accurate."
2009al 55 0.0221 1889.8834755870787 6.811218256075335e-14 0.8390541293101514 0.4904627372479132 0.0 26.34032552220117 0.9223870853075102 0.44277563619220145 0.7081374809120389 63193.48189309635 51.0 -19.139578762861806 1.8840412087900695 1897.7 1947.57 0 55 "Covariance may not be accurate."
2009cz 32 0.0211 1952.195326774521 8.384959393481495e-14 0.6500000335258406 0.5189692688565595 0.0 0.00020397554590090294 0.0 1.8122670031317512e-10 0.0018456832315669192 301630.4851801627 28.0 -19.209454916418338 2.262356445213003 1937.53 1966.46 20 12 "Covariance may not be accurate."
2009dc 40 0.0214 1923.774336837674 4.3473558086759567e-13 0.6505459995351442 0.03259411648223043 0.0 0.0016920455080935426 4.579669976578771e-16 0.00013528722970113094 0.001322883426040089 87665.70839652492 36.0 -21.98326626826235 2.26096722463941 1942.81 1976.68 0 40 "Covariance may not be accurate."
2009ds 36 0.043500000000000004 1940.4890293863707 1.5878964809701301e-13 1.0644545949343258 0.11610262933234089 0.0 24.875373193983137 0.9223871562034638 0.44298703673054957 0.5465422549321497 87771.35690231505 32.0 -22.318426755634547 1.6060418004325854 1956.68 1976.62 0 36 "Covariance may not be accurate."
2009le 36 0.043500000000000004 2144.3815959928643 9.400813461013513e-14 1.1746201855847935 0.2542844737971002 0.0 18.410541754877613 0.9223867928828506 0.33203922207875486 0.6267353261239496 300584.5885901297 32.0 -21.453692925005164 1.5092698459657559 2155.62 2169.58 0 36 "Covariance may not be accurate."
2010ae 5 0.043500000000000004 2259.646473168178 5.9119376061289586e-15 1.2397175253917214 0.4770338530262312 0.0 27.584853573494684 0.9460799096499111 0.39935410510739516 0.7134737280897551 146.87291227164843 1.0 -18.02311760774309 1.463427189461047 2271.53 2305.53 0 5 "Covariance may not be accurate."
