analysis_pipeline/fit_results/csp_4_sn91bg_color_interpolation_red.ecsv
# %ECSV 0.9
# ---
# datatype:
# - name: obj_id
#   datatype: string
# - name: num_points
#   datatype: int64
# - name: z
#   datatype: float64
# - name: t0
#   datatype: float64
# - name: x0
#   datatype: float64
# - name: x1
#   datatype: float64
# - name: c
#   datatype: float64
# - name: z_err
#   datatype: float64
# - name: t0_err
#   datatype: float64
# - name: x0_err
#   datatype: float64
# - name: x1_err
#   datatype: float64
# - name: c_err
#   datatype: float64
# - name: chi
#   datatype: float64
# - name: dof
#   datatype: float64
# - name: b_max
#   datatype: float64
# - name: delta_15
#   datatype: float64
# - name: tmin
#   datatype: float64
# - name: tmax
#   datatype: float64
# - name: pre_max
#   datatype: int64
# - name: post_max
#   datatype: int64
# - name: message
#   datatype: string
# schema: astropy-2.0
obj_id num_points z t0 x0 x1 c z_err t0_err x0_err x1_err c_err chi dof b_max delta_15 tmin tmax pre_max post_max message
[from data line 55]
2008ha 56 0.0046 1766.5535745457948 1.074140776324839e-14 0.9169332435946733 0.084150277680201 0.0 1.449898047667375e-05 0.0 9.658420833724701e-06 0.05388041827801893 12127.665788535101 32.0 -14.510213052628036 1.7726623006083422 1781.55 1810.55 0 56 "Covariance may not be accurate."
2005hj 52 0.0574 656.6700000132486 1.1324274851176597e-14 0.6500000015315782 0.49918790332308666 0.0 0.0069720670046535815 0.0 2.824036005044661e-10 2.772584773325093e-06 27500.46631393457 41.0 -19.299645121807952 2.2623564291749005 671.67 761.57 0 52 "Covariance may not be accurate."
2005hk 156 0.013 683.2660192957386 3.930189507173054e-14 0.7017889968043626 0.5018134816954837 0.0 10.738950641278905 0.0 3.239072531524556e-06 9.32410982446008e-06 360993.33137110976 52.0 -17.349007506070926 2.1399452022213588 675.61 761.54 32 124 "Covariance may not be accurate. Covariance not positive definite. Covariance forced positive definite."
2005ir 13 0.0763 667.624088415704 3.3306690738754696e-15 1.0130874166881296 0.5003276984528757 0.0 0.0010361181664961805 0.0 0.009088624492798347 0.02075088392090313 1431.6794284741 9.0 -18.615753665861796 1.6582270426249437 682.62 740.53 0 13 "Covariance may not be accurate. Covariance not positive definite. Covariance forced positive definite."
2005bl 23 0.0241 461.61000000086796 1.2073675392798577e-14 0.6500348534508396 0.49871586953119146 0.0 0.00024936458368074454 0.0 1.211687049584853e-07 6.684898766623482e-06 20653.572856106 19.0 -17.43238779869242 2.2622687089750357 476.61 512.57 0 23 "Covariance may not be accurate."
2005M 172 0.022 382.85644986541774 9.067746553625966e-14 0.6753149869486167 0.6548470757588325 0.0 9.682607361582996e-05 4.163336342344337e-17 2.625827710878159e-06 0.0016496620926972905 310259.5168191352 127.0 -19.140705906408485 2.2007665007509782 397.73 480.51 0 172 "Covariance may not be accurate."
2008bf 83 0.0235 1547.7401801364288 2.1566082253343666e-14 1.113665877329558 0.5173604304488224 0.0 7.634418795473607 0.0 1.1258175509620827e-05 1.6935020612840468e-05 185475.49421627133 64.0 -17.975621066120638 1.5600401408843219 1546.79 1646.49 8 75 "Covariance may not be accurate. Covariance not positive definite. Covariance forced positive definite."
2006eq 62 0.0495 965.6376069681525 4.746203430272544e-15 1.0074479663797067 0.5271492605472229 0.0 23.83887530876001 0.9223986396129016 0.41068050686012697 0.7163031844245895 8594.393364163025 44.0 -17.975853834074762 1.6642611256720983 980.56 1029.51 0 62 "Covariance may not be accurate."
2009aa 150 0.0273 1889.1039273215458 1.2073675392798577e-14 0.8131311205494158 0.5002686845974174 0.0 0.02087234381201597 8.326672684688674e-17 0.013548605676852121 0.016751238352741366 348498.84098103514 66.0 -17.704778968000635 1.925087864000517 1868.77 1956.66 64 86 "Covariance may not be accurate. Covariance not positive definite. Covariance forced positive definite."
2008hj 65 0.0379 1803.3211664872774 6.994405055138486e-15 0.6500000000028467 0.020902638628449655 0.0 29.139550795156765 0.9230051682878619 0.3692026351405496 0.6703099811358704 148262.9477742574 48.0 -18.786808128066166 2.2623397509757446 1794.58 1834.55 23 42 "Covariance may not be accurate."
2006ax 146 0.0167 828.0976900634145 2.481348460037225e-14 1.2155135104412518 0.5175932470559518 0.0 0.13119854926407015 8.326672684688674e-17 0.0007144852391057777 0.007114980392780246 230775.2926877227 47.0 -17.374521360029956 1.4795467925757002 815.64 891.5 31 115 "Covariance may not be accurate. Covariance not positive definite. Covariance forced positive definite."
2009D 93 0.025 1838.9525576713406 1.5654144647214707e-14 0.6526909726389555 0.49771789672754135 0.0 0.016270516632062026 0.0 3.383676731694152e-06 1.5725928686038948e-05 433169.8920757446 57.0 -17.797913965819014 2.2556112155960655 1834.67 1890.52 12 81 "Covariance may not be accurate."
2008gl 87 0.034 1775.0258409236978 3.4139358007223564e-15 1.248486468455267 0.09349595097791186 0.0 0.001901149042396355 0.0 0.002830644058594345 9.5592428690644e-05 160371.58598433275 60.0 -17.64114130993382 1.4577525363750965 1765.7 1844.55 28 59 "Covariance may not be accurate."
2008cd 9 0.0074 1572.7892435943195 3.622102617839573e-14 0.6961388365775283 0.5003180628280242 0.0 nan 4.163336342344337e-17 0.00022341954570143097 0.0008030651036843861 133.98112429896645 5.0 -16.029771177827357 2.152665622418347 1587.74 1595.73 0 9 "Covariance may not be accurate."
2007A 49 0.0177 1092.7571228213847 3.8719027983802334e-14 1.1290698019398802 0.03696579344549322 0.0 23.280251351209472 0.9223868919206568 0.3601098642159139 0.6858115920727477 27627.054902664055 14.0 -18.931930399392044 1.5464929799107505 1107.53 1133.53 0 49 "Covariance may not be accurate."
2008ar 70 0.0261 1526.2815950342333 1.5487611193520934e-14 0.9447631429028478 0.5183092105952093 0.0 7.872655863502587 0.0 6.9593988937799445e-06 1.1399087611663195e-05 165622.46049561165 52.0 -17.846758467677 1.7368020100292334 1527.79 1627.59 0 70 "Covariance may not be accurate. Covariance not positive definite. Covariance forced positive definite."
2006X 188 0.0052 788.1103079206971 2.3639423751831146e-13 1.0214759275773222 0.5162847424711382 0.0 10.920214482864878 8.326672684688674e-17 2.008050945223605e-05 1.779642926458269e-05 356293.59787279257 79.0 -17.271147836618166 1.649375034762489 775.68 891.59 44 144 "Covariance may not be accurate. Covariance not positive definite. Covariance forced positive definite."
2006ej 21 0.0205 964.8588902256548 2.906008766956347e-14 1.0902988660103112 0.10736709276694195 0.0 25.485833398906323 0.9223873279822221 0.3793197965884509 0.7204975079469993 8755.456736720254 10.0 -18.819925838159122 1.5813909368686598 980.72 1018.7 0 21 "Covariance may not be accurate."
2005eq 112 0.029 669.1526441081929 8.326672684688674e-17 1.2422642206414856 0.38987158050174264 0.0 28.77828405725154 0.9279455583338733 0.3386980791743786 0.6813489954530566 458314.6272099249 74.0 -12.678593193803959 1.4617725876229173 647.8 751.66 43 69 "Covariance may not be accurate."
2008gg 102 0.032 1738.636977775405 1.3572476476042539e-14 1.2167670696387876 0.003649223196055651 0.0 3.369918090356805e-06 0.0 8.686406296476434e-07 0.003063724138303997 166481.923842522 72.0 -19.157240442982033 1.4786757399842223 1753.63 1827.57 0 102 "Covariance may not be accurate."
2004ey 102 0.0158 269.32060405968565 3.523015212891778e-13 0.6514684158524074 0.6573239617484818 0.0 0.07838838732908471 1.915134717478395e-15 0.00023707907044251408 0.004205187501262808 508479.5024057058 70.0 -19.88009035110261 2.2586698230873843 295.53 358.55 0 102 "Covariance may not be accurate."
2010ae 52 0.0037 2261.50923050535 9.575673587391975e-15 0.7480041080885366 0.4993019328824661 0.0 0.007518529283515818 0.0 0.036468203766111595 0.0024954766017413477 9932.141534250784 8.0 -13.076111092278673 2.0422610494737725 2258.59 2305.53 18 34 "Covariance may not be accurate."
2007ux 88 0.0309 1472.406409983759 6.827871601444713e-15 0.6500000000032993 0.6554675420650908 0.0 0.0001450664321964723 0.0 8.647791926996717e-10 0.004783356018128682 56643.32377550092 58.0 -17.08368840627279 2.2623571200022425 1466.82 1554.65 21 67 "Covariance may not be accurate."
2005W 40 0.0089 407.6461501408807 4.9960036108132044e-14 0.6500006894199946 0.3724371277276448 0.0 0.023570706377114448 1.6653345369377348e-16 4.72376421101206e-06 0.001395263370462585 184107.6702504618 36.0 -17.059512252614873 2.2623507058194168 404.54 429.51 5 35 "Covariance may not be accurate."
2007on 204 0.0065 1417.9583273821845 4.3107184488633266e-13 0.7656114381674797 0.5097043720885008 0.0 0.01080467550332287 4.163336342344337e-17 3.4693435357890934e-06 6.478376735230551e-06 112295.75197824929 64.0 -18.42074067017294 2.0083314480186587 1410.73 1508.61 21 183 "Covariance may not be accurate."
2005ku 17 0.0454 693.3085534431281 1.0824674490095276e-15 0.706720058559259 0.4121645838802217 0.0 0.41200666338187375 8.326672684688674e-17 0.004156979629743929 0.0014571492717205536 22507.782144277826 13.0 -16.41826246468894 2.1289640038590356 699.56 739.53 0 17 "Covariance may not be accurate."
2008fu 58 0.052 1729.8419503839864 4.6629367034256575e-15 1.0379188278201283 0.5035889188690403 0.0 23.407738052107902 0.9223872630811306 0.4408868594629172 0.7111875781195796 32479.791117873483 47.0 -18.10554642247526 1.632421616550598 1737.84 1817.67 0 58 "Covariance may not be accurate."
2007bd 66 0.0309 1202.712311492759 7.494005416219807e-15 1.0945590944507195 0.036151460268498026 0.0 28.55203880382635 0.9280094377987548 0.4438272375090724 0.5306741493991075 22552.88058948504 43.0 -18.38190595600276 1.577423784430696 1197.53 1259.46 16 50 "Covariance may not be accurate."
2006is 80 0.031 993.9001896093073 2.631228568361621e-14 1.2014654594479746 0.5102770562570234 0.0 2.067470921929271e-05 0.0 0.0011847425512643284 3.98094542378713e-05 232207.92005081224 58.0 -18.816732373465847 1.489363475427826 1009.86 1125.67 0 80 "Covariance may not be accurate."
2008bc 101 0.0151 1526.674309941846 7.210898544940392e-14 0.9911786777209874 0.5011395096962203 0.0 24.860071549573036 0.9256961706432741 0.4344909057437877 0.7120346517401087 240066.97895299835 44.0 -18.337686341256976 1.6820722029058857 1542.56 1646.46 0 101 "Covariance may not be accurate."
2007mm 17 0.0664 1370.727634558622 2.498001805406602e-16 0.9650641926945422 0.0018410089603090318 0.0 2.990921154832904e-05 0.0 1.5906651472996636e-05 0.0019760886925217214 24821.439128832324 13.0 -16.462147472295527 1.7120719918212686 1385.72 1418.69 0 17 "Covariance may not be accurate."
2008C 73 0.0166 1454.811980368475 7.951972413877684e-14 0.708632496169458 0.5002262476513842 0.0 0.0008216905307563138 9.992007221626409e-16 0.006682678244209261 0.017577509533599295 36345.45915541086 40.0 -18.6534942405219 2.1247412482297374 1469.81 1552.5 0 73 "Covariance may not be accurate. Covariance not positive definite. Covariance forced positive definite."
2004dt 88 0.0197 234.79123549249888 1.1582401704401946e-13 0.6513362152527162 0.5002527398532579 0.0 2.221426242954294e-06 0.0 2.9104836729576533e-07 0.3148455428209015 204903.07404772687 84.0 -19.438699153775527 2.2590004906215633 249.79 365.62 0 88 "Covariance may not be accurate. Covariance not positive definite. Covariance forced positive definite."
2006br 41 0.0246 840.8595761377823 6.161737786669619e-15 1.2286435492049619 0.3919924072181748 0.0 23.36533305466918 0.9223870619350429 0.41081732492621764 0.6805756790154417 5258.208050664819 23.0 -16.98294510211271 1.4706970585732364 855.66 891.66 0 41 "Covariance may not be accurate."
2005ag 41 0.0797 397.8878519345108 6.661338147750939e-15 0.6557540246482098 0.5202179409104731 0.0 0.004316637201526419 0.0 0.00025739723073853193 0.0005275742611201006 13610.742622463014 37.0 -19.436375160688076 2.2479966842648658 412.82 479.84 0 41 "Covariance may not be accurate."
2007sr 156 0.0055 1450.2275105669016 3.7894687388018156e-13 0.8489497250799627 0.5214335799397364 0.0 25.169663283679256 0.931074158658763 0.44528009452862444 0.7189540857851843 496440.33103865804 63.0 -17.89746787195308 1.8689980863039093 1454.84 1955.57 0 156 "Covariance may not be accurate."
2009ad 80 0.0284 1890.893396982108 1.099120794378905e-14 0.6500000000000099 0.00012348969643227736 0.0 8.219413803089992e-05 0.0 2.7448043837807745e-12 0.00011309283829677441 209907.3235049617 40.0 -18.66874257178947 2.2623391596617104 1878.6 1921.53 34 46 "Covariance may not be accurate."
2006et 151 0.0226 967.6347964643543 4.338196468722799e-14 1.238240543874089 0.5088348367570977 0.0 24.411629257743698 0.9223870581775897 0.40124745986290417 0.7123658136553734 214179.20529561385 81.0 -18.661873601836287 1.4643894049980766 982.63 1099.54 0 151 "Covariance may not be accurate."
2009P 46 0.0251 1852.742992056858 1.715294573045867e-14 0.9386427519951714 0.003227515610845777 0.0 8.064725079748314e-06 4.163336342344337e-17 6.783251339514962e-06 0.01630653041255345 26499.942574530654 36.0 -18.873441140918295 1.7444816844000002 1867.74 1931.61 0 46 "Covariance may not be accurate."
2004ef 111 0.031 261.18924250841997 9.658940314238862e-15 0.6810014597871815 0.4960164151993837 0.0 0.007689635856991117 0.0 1.8412263776967919e-06 6.141382219077007e-06 329726.39049545524 96.0 -17.75476836060184 2.1874318813254803 255.69 329.57 12 99 "Covariance may not be accurate."
2006os 66 0.0328 1071.2775860175395 3.58046925441613e-15 0.6525149938565701 0.5147009707726701 0.0 15.139602601695742 0.0 2.1832752546968592e-06 3.767359638007228e-05 71455.52470034453 46.0 -16.769579617601913 2.2560508479166437 1063.65 1133.56 19 47 "Covariance may not be accurate. Covariance not positive definite. Covariance forced positive definite."
2008bi 48 0.0134 1552.3137070516134 9.159339953157541e-15 0.7345200230956884 0.45085396472506617 0.0 0.040853823039128656 4.163336342344337e-17 0.06335495624650328 0.004267710269858449 2963.7350646820382 31.0 -15.952097677565376 2.0694925879086163 1551.52 1628.47 2 46 "Covariance may not be accurate."
2009le 30 0.0178 2138.532905208206 4.371503159461554e-14 1.041632973325473 0.3695364258763594 0.0 0.00011354441335242882 0.0 0.00010425334213204351 0.007320559385777775 57361.89703655415 14.0 -18.440103217144785 1.6286574254368773 2153.53 2169.58 0 30 "Covariance may not be accurate."
2005al 98 0.0124 427.1285123518604 4.438116540939063e-14 1.2000637827009097 0.3718035733820966 0.0 26.023950389338268 0.9223868423313716 0.3122536692553763 0.6738700035168042 100239.17065879228 74.0 -17.65819782052162 1.4903623006551072 429.76 512.79 0 98 "Covariance may not be accurate."
2005am 66 0.0079 418.5506476543402 2.682021271738222e-13 1.2353561209969866 0.9929242373144942 0.0 22.781246144538272 0.9700742878886603 0.32663529760501026 0.6064738647387993 160579.1940042781 49.0 -17.386023101594876 1.4662705550363277 433.71 490.46 0 66 "Covariance may not be accurate."
2005iq 84 0.034 685.2991126092253 5.995204332975845e-15 0.6500256427045722 7.211503616488812e-11 0.0 0.0001251182779355986 0.0 2.9598632877991804e-08 2.0357980244273266e-05 53582.56240133639 56.0 -18.41075997592184 2.26227462984869 682.55 755.55 6 78 "Covariance may not be accurate."
2008bd 35 0.0301 1526.7174128306567 5.828670879282072e-15 0.6503153906158234 0.06414309455656719 0.0 1.1455754361122672e-05 0.0 1.879642809732296e-07 0.02003578151941024 4692.051036759809 29.0 -18.00322719678424 2.261547808844359 1541.7 1607.65 0 35 "Covariance may not be accurate."
2007S 127 0.0139 1140.384713664865 3.530509218307998e-14 1.0347851485340334 0.08351382855043471 0.0 0.00018331282024064421 0.0 3.3116957782741707e-06 0.2325674569072958 78252.51197152784 38.0 -18.220220630084015 1.6356022061096311 1132.77 1246.54 22 105 "Covariance may not be accurate."
2005bo 18 0.0139 479.7808161449153 2.4313884239290928e-14 0.7010522570948969 0.2847052002314089 0.0 27.563910709569456 0.9447460386042469 0.3132135518956359 0.6419567762049568 10161.193958789941 14.0 -17.410323044520734 2.1415902033175307 478.75 512.76 4 14 "Covariance may not be accurate."
2006bt 49 0.0322 838.7651796463832 2.223221606811876e-14 0.9518234258001428 0.3500373328189228 0.0 2.3446345153388393e-05 0.0 1.5003438814997772e-05 0.003214300955914351 67274.55874688408 27.0 -19.05336723248401 1.7280621145771633 853.76 891.71 0 49 "Covariance may not be accurate."
2008fl 97 0.0199 1728.147642657418 2.0233814623793478e-14 1.0185412407046406 0.482252954385206 0.0 28.087200666612034 0.9223868907631432 0.4071281380728106 0.7061562027139832 447303.28009565646 49.0 -17.610055745441645 1.6524549995027904 1724.49 1789.53 12 85 "Covariance may not be accurate."
