analysis_pipeline/fit_results/csp_4_sn91bg_color_interpolation_blue.ecsv
# %ECSV 0.9
# ---
# datatype:
# - name: obj_id
#   datatype: string
# - name: num_points
#   datatype: int64
# - name: z
#   datatype: float64
# - name: t0
#   datatype: float64
# - name: x0
#   datatype: float64
# - name: x1
#   datatype: float64
# - name: c
#   datatype: float64
# - name: z_err
#   datatype: float64
# - name: t0_err
#   datatype: float64
# - name: x0_err
#   datatype: float64
# - name: x1_err
#   datatype: float64
# - name: c_err
#   datatype: float64
# - name: chi
#   datatype: float64
# - name: dof
#   datatype: float64
# - name: b_max
#   datatype: float64
# - name: delta_15
#   datatype: float64
# - name: tmin
#   datatype: float64
# - name: tmax
#   datatype: float64
# - name: pre_max
#   datatype: int64
# - name: post_max
#   datatype: int64
# - name: message
#   datatype: string
# schema: astropy-2.0
obj_id num_points z t0 x0 x1 c z_err t0_err x0_err x1_err c_err chi dof b_max delta_15 tmin tmax pre_max post_max message
[from data line 52]
SN2004gu 88 0.043500000000000004 367.44260930379176 1.1823875212257917e-14 1.2171634929225177 0.5082856723936839 0.0 0.01762854647594736 4.163336342344337e-17 0.007574582852564404 0.0023221060478111344 36606.35711630564 84.0 -18.707241600141792 1.4784192948537438 357.86 410.84 15 73 "Covariance may not be accurate. Covariance not positive definite. Covariance forced positive definite."
SN2007jd 46 0.043500000000000004 1358.3874285408813 1.6653345369377348e-15 0.792254483426736 0.5000245782853016 0.0 45.503760669080066 0.9240752821070632 0.4443424356934144 0.7110920649182295 24731.471402301693 42.0 -16.59218641676842 1.9602533314869923 1362.83 1403.81 0 46 "Covariance may not be accurate."
SN2007hx 41 0.043500000000000004 1366.8590144050008 8.326672684688674e-17 1.1445916786005368 0.08649095492492226 0.0 48.72100271979764 0.9296287977269009 0.3508408341550699 0.5232188775174286 62505.138315955475 37.0 -14.172233336629375 1.5333288701590781 1354.78 1411.73 22 19 "Covariance may not be accurate."
SN2008ha 50 0.043500000000000004 1782.6195671030116 5.245803791353865e-15 0.6500011339000207 0.07847002793396474 0.0 4.700161082382692e-05 0.0 1.8393409018102602e-09 0.0018146488808046812 6798.441483089869 46.0 -18.684934594156886 2.2623387458848967 1781.55 1810.55 4 46 "Covariance may not be accurate."
SN2005hj 50 0.043500000000000004 718.4163498796585 2.498001805406602e-16 0.6500009038198923 0.03350338130100977 0.0 76.49228676066741 0.9257274901365786 0.3706027005875342 0.6829340233833722 180651.59242119093 46.0 -15.456501108452933 2.2623378533902354 671.67 761.57 35 15 "Covariance may not be accurate."
SN2005hk 89 0.043500000000000004 677.233759931121 5.5039306445792135e-14 1.1558081061368162 0.48861435524658203 0.0 73.99423144746919 0.9233125184644095 0.34444874403569886 0.7080771708163889 378045.51786762156 85.0 -20.41793220587668 1.5241317874319087 675.61 761.54 4 85 "Covariance may not be accurate."
SN2005ir 52 0.043500000000000004 713.2194089188763 2.3314683517128287e-15 1.1742622919061072 0.5001143908824497 0.0 0.17247755893077965 0.0 0.01574222562234917 9.589428026890445e-05 127161.08139284076 48.0 -16.9573649626045 1.5095506192454025 682.62 728.63 48 4 "Covariance may not be accurate. Covariance not positive definite. Covariance forced positive definite."
SN2005bl 41 0.043500000000000004 467.52055152123245 3.3306690738754696e-15 1.2492711903431117 0.05895471666141133 0.0 27.799164645821094 0.9263058271417293 0.3599944438723541 0.7035580779095935 32077.247465866418 37.0 -18.225875437378193 1.4572480582249874 476.61 512.57 0 41 "Covariance may not be accurate."
SN2005M 209 0.043500000000000004 420.83135356213694 1.7236212457305555e-14 1.2403878314414891 0.0884349231403953 0.0 3.913419038781285e-05 0.0 6.207457703411023e-08 0.001070930427239325 886119.7872952621 205.0 -19.958652547670088 1.462980633245813 396.77 480.51 94 115 "Covariance may not be accurate."
SN2008bf 101 0.043500000000000004 1576.196744739962 1.432187701766452e-14 0.6500000000000101 0.09516146343618659 0.0 1.8132302784579224e-05 0.0 2.525757381022231e-14 0.0012264860812868372 823740.2535336986 97.0 -19.745325801434095 2.262342202194535 1547.73 1646.49 60 41 "Covariance may not be accurate."
SN2006eq 36 0.043500000000000004 995.9675873233624 1.6653345369377348e-16 0.6500244496278957 0.01906039045369945 0.0 0.00028910650917168823 0.0 3.482445237734666e-08 0.696101266950408 35465.53534858726 32.0 -15.039923106128512 2.2622781727291397 981.64 1018.51 18 18 "Covariance may not be accurate."
SN2009aa 82 0.043500000000000004 1859.324478778644 5.329070518200751e-15 0.9579725876005051 0.5068925608999164 0.0 52.21002185460952 0.922424111224194 0.42435280979861545 0.7119484036317603 926112.022366577 78.0 -17.844189352717766 1.7205788876400376 1869.68 1938.65 0 82 "Covariance may not be accurate."
SN2008hj 62 0.043500000000000004 1804.5221711996323 1.1907141939104804e-14 1.0860975149193297 0.0004479708104502822 0.0 38.41485918519663 0.9223869185509559 0.44376676888339334 0.623724680767745 74751.7722668631 58.0 -19.705425355033846 1.5853270597844649 1795.56 1834.55 24 38 "Covariance may not be accurate."
SN2006ax 90 0.043500000000000004 800.976605333277 2.1574408926028354e-13 0.6589426690474642 0.26408238657976923 0.0 53.472214181270374 0.9223867115211082 0.3974879768177423 0.6312530825263851 711677.382830879 86.0 -22.33998590790324 2.240131782760111 815.64 891.5 0 90 "Covariance may not be accurate."
SN2009D 83 0.043500000000000004 1841.9783145749398 7.402412016688231e-14 0.654929714038521 0.500210136542179 0.0 0.005103056918869697 0.0 2.9472373358485626e-07 1.6629602799245191e-06 465586.0620354008 79.0 -20.711573331855163 2.2500394033448146 1834.67 1884.53 24 59 "Covariance may not be accurate."
SN2008gl 79 0.043500000000000004 1802.301034993464 2.0816681711721685e-15 0.977062459871022 0.3847331953535087 0.0 67.64454087235265 0.92238692779906 0.4319291318620545 0.6782074977892185 689139.9248972472 75.0 -17.087458600491413 1.6980570462873423 1765.7 1844.55 51 28 "Covariance may not be accurate."
SN2008cd 14 0.043500000000000004 1582.8758130456251 1.0075273948473296e-14 0.8550164104091743 0.4958129763657647 0.0 15.998685682429937 0.9241122261129654 0.4415592302190062 0.7101226689095217 932.4898964082067 10.0 -18.55691179335974 1.8599224569809465 1587.74 1595.73 0 14 "Covariance may not be accurate."
SN2007A 27 0.043500000000000004 1114.9559553442864 7.693845560652335e-14 0.6500000000000021 0.5320839889546414 0.0 0.00013440516454465978 0.0 3.0231539493996706e-11 0.0018967594203302962 90660.01066706992 23.0 -20.702082505302315 2.262356575660485 1108.54 1133.53 11 16 "Covariance may not be accurate."
SN2008ar 62 0.0261 1626.6858920102595 1.796174259327543e-08 0.6796782399512457 0.7999968219574747 0.0 0.0 0.0 0.0 0.0 451172.77398378996 58.0 -32.46606405574459 2.1905206041875505 1527.79 1606.6 62 0 "Hesse Failed. Covariance may not be accurate. Covariance not positive definite."
SN2006X 124 0.043500000000000004 808.2888579100359 5.537237335317968e-14 1.2388388146103444 0.4999946244745646 0.0 95.84287992934043 0.9223868296071426 0.33228091556236244 0.7103666457054353 1315471.2231401328 120.0 -20.39671746069537 1.4639996347069442 775.68 906.46 58 66 "Covariance may not be accurate."
SN2006ej 43 0.043500000000000004 1014.7982468000845 2.7478019859472624e-15 0.6613486594751699 0.0005821134032064634 0.0 0.0005048073309126266 0.0 6.531511964058545e-07 0.0015424522882601932 246821.3794284372 39.0 -18.113158572832624 2.2342353632793497 979.74 1046.74 28 15 "Covariance may not be accurate."
SN2005eq 99 0.043500000000000004 689.6967890957394 6.328271240363392e-15 0.6500000055667721 0.27786049343413655 0.0 0.0003257463886257028 0.0 2.4935764564304463e-10 0.005144791629111106 740016.5300000273 95.0 -18.48596875611447 2.2623504445652713 650.81 751.66 59 40 "Covariance may not be accurate."
SN2008gg 96 0.043500000000000004 1783.0789781331414 5.495603971894525e-15 0.6500000000140418 0.3332691254253284 0.0 0.00020256103186966357 0.0 9.874823181377224e-12 0.17321169165811273 789796.6399018124 92.0 -18.2378129385475 2.2623515447669433 1753.63 1827.57 56 40 "Covariance may not be accurate."
SN2004ey 111 0.043500000000000004 317.6390458440065 5.104250355714157e-14 1.207726000181293 0.3068168847593201 0.0 54.9664707002957 0.922386837678412 0.30536542407504524 0.6496288613090491 1361599.5822512512 107.0 -20.70398649957074 1.4849341313358781 295.53 352.55 65 46 "Covariance may not be accurate."
SN2010ae 5 0.043500000000000004 2255.934360418366 1.174060848541103e-14 0.7117122697630579 0.5000721343621607 0.0 0.3695693297163416 0.0 1.4793447731586973e-05 3.5999609141190714e-05 113.52424942722455 1.0 -18.71258425005839 2.1179759972131187 2271.53 2305.53 0 5 "Covariance may not be accurate."
SN2007ux 63 0.043500000000000004 1468.8215682963216 1.1657341758564144e-15 0.6764242395344691 0.5092155884844751 0.0 0.03361603679923064 0.0 1.1725973096954334e-06 4.743129697726278e-06 280453.0165428049 59.0 -16.1903572972268 2.198152363597181 1466.86 1558.61 11 52 "Covariance may not be accurate."
SN2005W 77 0.043500000000000004 399.7294108571466 6.161737786669619e-14 0.6509271832500765 0.49923907830826464 0.0 29.565608332479115 0.9226575492043698 0.37877115539252476 0.7103082448033788 710705.8203219856 73.0 -20.51460804624236 2.2600263615652967 404.54 429.51 0 77 "Covariance may not be accurate."
SN2007on 104 0.043500000000000004 1449.2016709858538 1.0841327835464654e-13 1.0345822126626745 0.5731187340464775 0.0 0.0010720139866862155 1.249000902703301e-16 0.0011329353302517164 0.00013660388141067958 1025928.3161553076 100.0 -21.00443537808986 1.6358214614630473 1411.79 1508.61 46 58 "Covariance may not be accurate."
SN2005ku 20 0.043500000000000004 721.9494036821611 2.9976021664879227e-15 1.1879895800868412 0.22693611990606655 0.0 45.795084247979446 1.1741722445909046 0.34406172224093784 0.7389891062816067 51825.53557026979 16.0 -17.77503285603432 1.4991621777866229 699.56 729.56 18 2 "Covariance may not be accurate."
SN2008fu 45 0.043500000000000004 1784.2411374370295 8.326672684688674e-17 0.6500000000015946 0.0009022543409106798 0.0 69.75414822684286 0.9234846648274944 0.36939345509546473 0.6020850829539798 74876.82184118137 41.0 -14.316368918944967 2.2623391811755447 1740.75 1817.67 41 4 "Covariance may not be accurate."
SN2007bd 44 0.043500000000000004 1218.6952180126195 9.325873406851315e-15 0.6500000062584628 3.661602330118363e-06 0.0 0.00010017772251558199 0.0 1.4714190976761188e-10 0.00013788300260181297 221447.33342190363 40.0 -19.440830181994155 2.262339140605942 1197.53 1259.46 24 20 "Covariance may not be accurate."
SN2006is 96 0.043500000000000004 1025.2360808786939 3.247402347028583e-15 1.044542813401 0.5057041605068682 0.0 0.0577113396744835 0.0 2.289042832726018e-06 3.922184555971153e-06 758471.2173521764 92.0 -17.30828995213252 1.6257304689545435 1008.9 1125.67 14 82 "Covariance may not be accurate."
SN2008bc 104 0.043500000000000004 1569.6855812636522 1.7236212457305555e-14 0.8749244707601702 0.5018655088809297 0.0 0.015669177899667375 0.0 1.2098039626207147e-06 2.0717406545300854e-06 1605629.4450911037 100.0 -19.126633763389385 1.8308424383057336 1541.67 1646.46 49 55 "Covariance may not be accurate."
SN2007mm 22 0.043500000000000004 1398.6667024697626 8.326672684688674e-17 0.6500000000000017 0.10625103099476269 0.0 9.141354667008272e-05 0.0 2.230104989564552e-12 0.03941656256190115 27183.02835497217 18.0 -14.13605004977902 2.262342621829543 1385.72 1418.69 12 10 "Covariance may not be accurate."
SN2008C 48 0.043500000000000004 1505.8605127972226 3.4888758548845544e-14 0.650028840507716 0.4632792977252236 0.0 0.00175892638071673 8.326672684688674e-17 2.01626634943608e-07 0.40924380730128485 204910.58111167938 44.0 -19.982337977048015 2.2622825116617875 1469.81 1552.5 34 14 "Covariance may not be accurate."
SN2004dt 181 0.043500000000000004 239.31343189933358 1.3322676295501878e-14 0.6500000007544245 0.5000666585770168 0.0 69.35416082232724 0.9226273809278172 0.36904202019724 0.7104860801460385 1848005.5216979305 177.0 -18.849844895924644 2.2623564643532106 249.79 365.62 0 181 "Covariance may not be accurate."
SN2006br 23 0.043500000000000004 863.6150918158444 2.7478019859472624e-15 0.6931517313726459 0.5000224548860543 0.0 35.59025316140463 0.9275757477190707 0.4267090849981228 0.7125545792384931 2973.8297139071315 19.0 -17.135899539937867 2.1594476765517108 858.69 890.61 8 15 "Covariance may not be accurate."
SN2005ag 163 0.043500000000000004 434.26265785894566 0.0 1.121821415202073 0.5084771335646345 0.0 0.0 0.0 0.0 0.0 473210.32653426996 159.0 inf nan 412.82 480.84 82 81 "Hesse Failed. Covariance may not be accurate. Covariance not positive definite."
SN2007sr 103 0.0055 1764.2398402341303 7.367931520729787e-07 0.9544547413567384 0.9997216915377993 0.0 0.0 0.0 0.0 0.0 2199531.6537899813 99.0 -32.67619852764452 1.724844393432928 1455.76 1578.72 103 0 "Hesse Failed. Covariance may not be accurate. Covariance not positive definite."
SN2009ad 48 0.043500000000000004 1892.6664733658351 1.5487611193520934e-14 1.2464668427094725 0.0488396485094747 0.0 41.17486079142725 0.9223869082846435 0.3874572688901912 0.5130165689071009 236918.1507071894 44.0 -19.911790537332788 1.4590494650505157 1878.6 1915.45 24 24 "Covariance may not be accurate."
SN2006et 85 0.043500000000000004 1035.850750164844 3.9968028886505635e-15 0.9585636923150951 0.5084720903466537 0.0 0.12204465516037999 4.163336342344337e-17 0.010351910545791432 0.02043301851090576 808493.114448228 81.0 -17.52932665070946 1.7198651996016352 983.64 1099.54 56 29 "Covariance may not be accurate. Covariance not positive definite. Covariance forced positive definite."
SN2009P 53 0.043500000000000004 1891.81108276028 9.492406860545088e-15 1.246257194216546 0.8701364421884603 0.0 0.027323400951445365 4.163336342344337e-17 0.0005735297990924204 0.0010133083449904157 179397.66742676502 49.0 -17.784912881429072 1.4591960629088696 1867.74 1931.61 40 13 "Covariance may not be accurate."
SN2004ef 167 0.043500000000000004 262.247509099471 1.2323475573339238e-14 0.8309322248654218 0.5054204880965383 0.0 0.006979516963781407 0.0 2.7022279514010705e-07 4.905735766502772e-07 666231.0440354714 163.0 -18.75673320246819 1.8966301154621235 255.69 329.57 27 140 "Covariance may not be accurate."
SN2006os 40 0.043500000000000004 1099.3585011863195 3.3306690738754696e-16 1.1086916367558843 0.0012201022088910718 0.0 0.0006399963982630652 0.0 3.578978960083745e-06 0.0016910066022008674 137377.6572376225 36.0 -15.82101766241588 1.5644920705912604 1065.63 1121.61 33 7 "Covariance may not be accurate."
SN2008bi 35 0.043500000000000004 1561.3126493036018 3.3306690738754696e-16 1.1525092149332785 0.5029281774003754 0.0 7.999417368578747 0.0 1.3866166004516955e-05 3.128362598558976e-05 70064.30172476584 31.0 -14.840178232062897 1.5268135986702802 1551.52 1595.52 16 19 "Covariance may not be accurate."
SN2009le 36 0.043500000000000004 2144.3815959928643 9.400813461013513e-14 1.1746201855847935 0.2542844737971002 0.0 18.410541754877613 0.9223867928828506 0.33203922207875486 0.6267353261239496 300584.5885901297 32.0 -21.453692925005164 1.5092698459657559 2155.62 2169.58 0 36 "Covariance may not be accurate."
SN2005al 140 0.043500000000000004 430.9911228599336 9.35918009759007e-14 1.0593450929174133 0.5000728518681105 0.0 0.04710522339686918 4.579669976578771e-16 0.003127470674821109 0.0032992092420101315 179116.1040694702 136.0 -20.966451115020263 1.6110424069554377 429.76 512.79 8 132 "Covariance may not be accurate. Covariance not positive definite. Covariance forced positive definite."
SN2005am 137 0.043500000000000004 431.49430821665163 5.029310301551959e-13 0.7662664617221363 0.4936373156370015 0.0 0.008856327117655383 4.163336342344337e-17 2.3768815427538392e-06 9.484971348200366e-06 323360.50628307933 133.0 -22.80785355835842 2.0071032961131827 432.58 512.46 0 137 "Minimization exited successfully."
SN2005iq 70 0.043500000000000004 695.6057052085528 5.412337245047638e-15 0.7075746651420559 0.5088247213486552 0.0 64.91894965311667 0.9223875919177513 0.3186310328810915 0.7123637346484453 412305.34527193726 66.0 -17.857944455840343 2.12707620243512 682.55 755.55 28 42 "Covariance may not be accurate."
SN2008bd 31 0.043500000000000004 1538.082204744899 8.326672684688674e-17 0.6987209455415038 0.5067122914604135 0.0 59.00127731285818 0.9226918221154152 0.31113725592006847 0.7120248256322219 17365.5927357817 27.0 -13.329026135834507 2.1468344079633717 1541.7 1592.62 0 31 "Covariance may not be accurate."
