analysis_pipeline/fit_results/csp_4_salt2_2.4_red.ecsv
# %ECSV 0.9
# ---
# datatype:
# - name: obj_id
#   datatype: string
# - name: num_points
#   datatype: int64
# - name: z
#   datatype: float64
# - name: t0
#   datatype: float64
# - name: x0
#   datatype: float64
# - name: x1
#   datatype: float64
# - name: c
#   datatype: float64
# - name: z_err
#   datatype: float64
# - name: t0_err
#   datatype: float64
# - name: x0_err
#   datatype: float64
# - name: x1_err
#   datatype: float64
# - name: c_err
#   datatype: float64
# - name: chi
#   datatype: float64
# - name: dof
#   datatype: float64
# - name: b_max
#   datatype: float64
# - name: delta_15
#   datatype: float64
# - name: tmin
#   datatype: float64
# - name: tmax
#   datatype: float64
# - name: pre_max
#   datatype: int64
# - name: post_max
#   datatype: int64
# - name: message
#   datatype: string
# schema: astropy-2.0
obj_id num_points z t0 x0 x1 c z_err t0_err x0_err x1_err c_err chi dof b_max delta_15 tmin tmax pre_max post_max message
[from data line 53]
SN2007jd 17 0.0726 1364.294010861119 8.4886582624219e-05 -1.9174155007037657 0.9992603706931824 0.0 0.533170697071796 7.2501847566602815e-06 0.25915046756991167 1.3097795869292967 25.877448021210906 10.0 -16.97461999895515 1.3652030027110307 1362.83 1409.83 2 15 "Minimization exited successfully."
SN2007hx 14 0.0794 1354.1321985739753 0.0022909104804974714 0.7307780553223084 -0.9998085865242616 0.0 0.6018022988893108 9.120623831935246e-05 0.3250465063462462 1.2449385281724785 94.49767293690715 7.0 -20.75514116000624 0.9556254798318733 1354.78 1411.73 0 14 "Minimization exited successfully."
SN2008ha 56 0.0046 1766.5500030721166 0.0009777070288234714 -1.0752963759428704 0.8040547610670923 0.0 0.06673009660858042 2.2613701321583268e-05 0.020557531746715707 0.014287542479619164 1400.0517195782188 32.0 -13.508969410661951 1.2051587154465189 1781.55 1810.55 0 56 "Minimization exited successfully."
SN2005hj 52 0.0574 676.7621504269467 0.0015167907352977017 1.0140667959206064 -0.10660915548796224 0.0 0.00010792506208190389 3.8976627386749785e-05 0.06931583575394917 0.01796562943782043 2543.7594019766034 28.0 -19.519858775165385 0.8774958174925835 671.67 761.57 17 35 "Minimization exited successfully."
SN2005hk 156 0.013 689.6715126832175 0.002834570962964847 0.03375087999770621 0.9359770482751593 0.0 0.021047036704430866 2.482118509727904e-05 0.012756389619054342 0.0056335192199875594 100969.47572805751 44.0 -16.947931843437942 0.9926039949856325 675.61 761.54 50 106 "Minimization exited successfully."
SN2005ir 13 0.0763 686.715601657177 0.000651954917019798 0.426251798738404 0.037340692963022004 0.0 0.000288793537094989 7.660232572437032e-05 0.12083750301248042 0.07083706690762376 45.76417033761266 9.0 -19.24945744372827 0.9736549054832366 682.62 740.53 3 10 "Covariance may not be accurate."
SN2005bl 23 0.0241 485.2157001330322 0.000619970787590185 -4.99999984534149 0.5595722873973061 0.0 0.02802547552326473 2.4718278680840844e-05 0.009864378981401245 0.025401738468209256 1005.9210248623724 19.0 -16.62388486915456 2.653205084103533 476.61 512.57 15 8 "Minimization exited successfully."
SN2005M 172 0.022 408.4700763804408 0.006002168786279708 0.7627138296237792 0.13214814752412996 0.0 2.581188084604946e-06 4.909745032845173e-05 0.015312955195552203 0.005356129615865068 97423.44058011154 107.0 -18.874094248859954 0.9111489814031195 397.73 480.51 33 139 "Minimization exited successfully."
SN2008bf 83 0.0235 1555.3964858600852 0.008264309273888047 0.5315378430519786 -0.06630276912788136 0.0 2.553996068854758e-05 0.00010021891102025143 0.021620960777130716 0.008303931933788034 20741.104037336834 50.0 -19.366060560712285 0.9595541816952959 1546.79 1646.49 27 56 "Minimization exited successfully."
SN2006eq 62 0.0495 977.0358972742132 0.0006418349867978152 -2.515724988020019 0.23492798645056223 0.0 3.2558756515754794e-05 1.972368563925574e-05 0.04784853521110621 0.021216658373959474 641.9904648511995 25.0 -18.252575787172276 1.6154379414434672 980.56 1029.51 0 62 "Covariance may not be accurate."
SN2009aa 150 0.0273 1878.7704161618453 0.003998773964886466 -0.5676428529393025 0.12912366683989074 0.0 0.016591014360756162 4.054975940801474e-05 0.018117612215171608 0.0067236276332311995 8065.124014019115 40.0 -18.90959671430727 1.1554517005788973 1868.77 1956.66 38 112 "Minimization exited successfully."
SN2008hj 65 0.0379 1802.118751442183 0.003280294585556229 0.42240687778522634 -0.05626784419737019 0.0 0.03811531528890555 4.4005940558662594e-05 0.039532527657875516 0.009404220837399835 335.7744632689609 28.0 -19.424016057568828 0.9785404876950565 1794.58 1834.55 21 44 "Minimization exited successfully."
SN2006ax 146 0.0167 828.1166444194289 0.012361717060862587 0.37733545142301406 0.06624495667029606 0.0 0.015155969279646797 0.00011651397419568804 0.013586434936067704 0.005975680894349189 41499.26706961936 41.0 -19.050175093490836 0.9810094718848195 815.64 891.5 31 115 "Minimization exited successfully."
SN2009D 93 0.025 1841.980034452919 0.007035052103681364 0.6750442228487321 0.07015838073680714 0.0 0.029427098713085797 5.573008853346087e-05 0.015842152515322727 0.005208020037099859 338.3428094053904 38.0 -19.328257592595612 0.928737210569544 1834.67 1890.52 30 63 "Minimization exited successfully."
SN2008gl 87 0.034 1768.89014571768 0.0034633219438295394 -1.4031320599692871 -0.0695687756647203 0.0 2.898090428971045e-06 3.973153108449007e-05 0.018690487885727913 0.007830838924861583 9926.479431457137 40.0 -19.239848977875152 1.3529935004164066 1765.7 1844.55 12 75 "Minimization exited successfully."
SN2008cd 9 0.0074 1572.740000010963 0.0014324386800310563 -3.397639538845665 0.999999999462255 0.0 0.012724493148425609 1.261583455416937e-05 0.1491484581234559 0.004689714589932947 898.4432162211747 5.0 -14.978571953905544 1.761020098013642 1587.74 1595.73 0 9 "Minimization exited successfully."
SN2007A 49 0.0177 1113.3219540024872 0.005192299239670382 1.3199286731953164 0.4561876858366629 0.0 0.05601894300627919 0.00010996981465697525 0.08470908799343135 0.014859756262759038 135.27086984512846 14.0 -18.24819139563428 0.8068907627941968 1107.53 1133.53 18 31 "Minimization exited successfully."
SN2008ar 70 0.0261 1535.3947883678147 0.004945981877827463 -0.017066013751543707 0.04401043308659536 0.0 0.03687857886950496 7.264964042722746e-05 0.022866452140845706 0.00945170948472307 10817.06595197085 32.0 -19.040345944217883 1.0539937834901245 1527.79 1627.59 7 63 "Minimization exited successfully."
SN2006X 188 0.0052 788.4434103698705 0.01588831449289307 0.19797177510403685 0.9999979531417744 0.0 1.0999485198226466e-06 2.1983651134014487e-05 0.00938327499795788 0.00018202543170398044 480158.0748125084 63.0 -16.82347609680236 0.9614837044642712 775.68 891.59 44 144 "Covariance may not be accurate."
SN2006ej 21 0.0205 975.5607203776501 0.011394453394133475 -1.3665395851174456 -0.20612292257168074 0.0 0.2007189598568857 0.00031214253491159555 0.03555805103890464 0.01722440108576101 71.06239832402076 7.0 -19.413942970247426 1.3556818520888854 980.72 1018.7 0 21 "Minimization exited successfully."
SN2005eq 112 0.029 656.3012869509123 0.004122025101914098 0.9189714955196493 0.08729242981095542 0.0 1.883742186237214e-06 4.966205727574124e-05 0.02599770552522518 0.008159573601956405 31308.36431133156 50.0 -19.07707927855376 0.8864782179236208 647.8 751.66 10 102 "Minimization exited successfully."
SN2008gg 102 0.032 1752.0915254009906 0.004767205912801437 0.7207253868317185 -0.08227622510137289 0.0 2.6647285267245024e-07 5.765481741426418e-05 0.01866643977284177 0.008196814628067928 47912.63297828818 48.0 -19.453305835559103 0.9270172416749709 1753.63 1827.57 0 102 "Covariance may not be accurate."
SN2004ey 102 0.0158 304.88924723311334 0.01218695008621825 0.32956207494493306 0.14650293077591825 0.0 0.016666139624987863 7.945642292096333e-05 0.010813650069967817 0.0042163315464802675 857.9046328087501 60.0 -18.913819533392335 0.9856738516637868 295.53 358.55 24 78 "Minimization exited successfully."
SN2010ae 52 0.0037 2277.5496243102475 0.00045093393373809855 -3.979134362796054 0.9999999372735848 0.0 0.18026647829060494 1.4107529604939756e-05 0.2891119787969636 0.010156936800574057 72.5721293272774 0.0 -12.211997642696439 1.9647212773965386 2258.59 2305.53 50 2 "Minimization exited successfully."
SN2007ux 88 0.0309 1463.2275435454435 0.0016123516018493158 -2.229206379467322 0.2799909667685203 0.0 0.07103878063082902 2.7457909142883418e-05 0.024335173825554612 0.011424091871468423 3526.9148189388648 29.0 -18.200862300833204 1.528127706569645 1466.82 1554.65 0 88 "Minimization exited successfully."
SN2005W 40 0.0089 412.8465824260884 0.027575981898569937 -0.23991288847825576 0.2413060267300613 0.0 0.031940249015633526 0.00028618232334056727 0.06313589080648452 0.006774660418231826 212.28135448986023 36.0 -18.54411918396277 1.0845716215194248 404.54 429.51 15 25 "Minimization exited successfully."
SN2007on 204 0.0065 1420.7433925056403 0.04999999996402106 -1.8139273865493322 0.45125097532071634 0.0 0.01704959156336372 1.3441674534830222e-05 0.01007696752967302 0.0012592122169137188 134591.013028133 45.0 -18.51076740389018 1.4017954054693842 1410.73 1508.61 21 183 "Minimization exited successfully."
SN2005ku 17 0.0454 699.9527597723427 0.0016846830197823764 -0.46214821111140036 -0.019276770174422198 0.0 0.2123073583582027 7.981769193076695e-05 0.16589316319089242 0.03541223567243157 26.449132647127588 10.0 -19.103934650137198 1.143806955121697 699.56 739.53 2 15 "Minimization exited successfully."
SN2008fu 58 0.052 1732.0961901623139 0.0014577903131855559 -1.390216296466964 -0.07373938704547822 0.0 0.15583185910998054 4.737213140577478e-05 0.05294616927125251 0.021643166506634504 1717.9697403100406 32.0 -19.251843911815254 1.3502696999903705 1737.84 1817.67 0 58 "Minimization exited successfully."
SN2007bd 66 0.0309 1207.9153565059478 0.003791899946131747 -0.7677390226422851 -0.0438536761599726 0.0 5.868164407729637e-07 6.548123735974475e-05 0.027440039244292613 0.012065059197155559 1602.3209134612068 20.0 -19.125799974174328 1.2083593606469663 1197.53 1259.46 24 42 "Minimization exited successfully."
SN2006is 80 0.031 1014.2511461959198 0.00647770949965173 0.4807704968782014 -0.2501421686717158 0.0 9.826411712765548e-06 7.290896576645769e-05 0.019588101459353524 0.007811995236448266 75620.04465288903 47.0 -19.71822207390359 0.9762803241179316 1009.86 1125.67 5 75 "Minimization exited successfully."
SN2008bc 101 0.0151 1550.0296793796324 0.009385424712760566 0.5941306824435166 0.16559005250010816 0.0 0.03364022899165775 8.410862566716332e-05 0.016878684121892196 0.0057851589512171175 28132.05922577297 34.0 -18.531177193309937 0.9385667634959578 1542.56 1646.46 27 74 "Minimization exited successfully."
SN2007mm 17 0.0664 1393.7478374949048 0.00019951377188341668 -3.776092353563796 0.3797819793492394 0.0 0.10168424511084595 1.0431538651863031e-05 0.1978889630393157 0.03774903905546567 613.3020240553467 13.0 -17.652599422638417 2.03499954599431 1385.72 1418.69 4 13 "Minimization exited successfully."
SN2008C 73 0.0166 1470.7500082510578 0.007912548483021586 -1.7456907548940097 0.08598736653543604 0.0 56.46970577035859 0.028750371249971162 6.570071200749582 1.4389456382973946 11946.205922423107 34.0 -18.55156323967614 1.4223239580542213 1469.81 1552.5 4 69 "Covariance may not be accurate."
SN2004dt 88 0.0197 244.76754519290475 0.005210282727829896 -0.7479593692845921 0.6393892672611918 0.0 1.1240233277476364e-07 3.9056163740548884e-05 0.010678889412812254 0.0045502461773746505 144311.53741216884 84.0 -18.496838570561394 1.1539178577086382 249.79 365.62 0 88 "Covariance may not be accurate."
SN2006br 41 0.0246 851.4836693159407 0.0004420331790157134 -0.9026581631722594 0.8269232117609491 0.0 0.14032744447604273 1.7583509938015612e-05 0.07053206844943416 0.025695947504567496 106.27027692551408 16.0 -16.32346465180565 1.1690137977027675 855.66 891.66 0 41 "Minimization exited successfully."
SN2005ag 41 0.0797 414.81713084722116 0.0006181116029167155 0.6048914450133127 0.03591306659165694 0.0 0.00015298640488481396 4.2436350730855354e-05 0.0698152092428499 0.04156779954381523 1118.0128568734872 32.0 -19.291567351741907 0.9423353690461767 412.82 479.84 2 39 "Covariance may not be accurate."
SN2007sr 156 0.0055 1458.5950521712086 0.04999999999996493 -0.13705902542488957 0.4432917652427957 0.0 2.5499684852547944e-07 2.173798061777532e-06 0.01056742905612218 0.0007423958833699951 463952.07038046606 54.0 -18.146812500889467 1.0531672465154713 1454.84 1955.57 17 139 "Covariance may not be accurate."
SN2009ad 80 0.0284 1887.1181653486835 0.003483920590712711 0.29925868381311815 0.20929211108527102 0.0 0.02607706635399154 4.51111916749665e-05 0.0312197763952744 0.008594446782304144 124.68015427144327 20.0 -18.84954102775443 0.9879520511303568 1878.6 1921.53 16 64 "Minimization exited successfully."
SN2006et 151 0.0226 995.4509587050711 0.006432158355311902 0.6474606141372128 0.20531737323832466 0.0 4.0667014786777145e-06 6.567618748247721e-05 0.017918228859569396 0.006646686381858835 44651.44257340152 42.0 -19.009869433260107 0.9276717630954376 982.63 1099.54 27 124 "Minimization exited successfully."
SN2009P 46 0.0251 1868.335767401955 0.002761995684083818 1.2297300637749888 0.27898709414357903 0.0 0.13148730003945275 5.7583112190549976e-05 0.05044565996175221 0.014416955648671292 3570.981246077801 25.0 -18.326459002221718 0.8278786486062124 1867.74 1931.61 2 44 "Minimization exited successfully."
SN2004ef 111 0.031 264.91448990365495 0.003062880717399916 -1.559859037967807 0.021272749757685894 0.0 0.009633835183052497 2.0614580777281264e-05 0.010377252121636538 0.0045072238406712595 19615.24728659999 90.0 -18.90074991571751 1.382661462821897 255.69 329.57 20 91 "Minimization exited successfully."
SN2006os 66 0.0328 1065.6438844800894 0.0008597744470490055 -0.5880013622647597 0.5473567654977733 0.0 0.1399002097577977 2.0119304021939976e-05 0.0485457892077612 0.01666703091210131 3989.5879490159964 27.0 -17.663414069623734 1.130162307418491 1063.65 1133.56 6 60 "Minimization exited successfully."
SN2008bi 48 0.0134 1536.5200000000973 0.003190852155881274 -2.5319618670084187 0.4796303062142795 0.0 0.0016431744382998659 0.00011332123905405541 0.022616964207891277 0.02218704453526399 2403.5444655586516 27.0 -17.106780793226577 1.5867813818466239 1551.52 1628.47 0 48 "Minimization exited successfully."
SN2009le 30 0.0178 2165.69294452616 0.01479984032001982 -0.6692121757098359 -0.049719145832186507 0.0 0.11025081369939471 0.0002868608561787493 0.15485515537604 0.01333769076513891 15.765364993006964 14.0 -19.38513094326258 1.1880768101665087 2153.53 2169.58 22 8 "Minimization exited successfully."
SN2005al 98 0.0124 433.13071993913223 0.01641470117236506 -1.5226757174450194 -0.09903712712650636 0.0 7.655643230464193e-07 0.00013757838653015615 0.010187013324680194 0.00549459206458508 23547.383848650174 66.0 -18.70348853992366 1.3845382810591964 429.76 512.79 8 90 "Minimization exited successfully."
SN2005am 66 0.0079 440.06635474448296 0.049999999800367484 -2.0331031540502598 -0.004401656732825887 0.0 4.30321679800727e-06 2.5317051839824495e-05 0.007676959023138474 0.0007216960213445867 35598.241728656176 40.0 -18.925655806420583 1.5069088846056058 433.71 490.46 6 60 "Minimization exited successfully."
SN2005iq 84 0.034 687.7387901673656 0.00315546769582514 -0.9724418613378498 -0.06184817854817393 0.0 0.0409982666031965 4.768301181053147e-05 0.03279605117187101 0.010447776540491338 3447.5309177276267 35.0 -19.138939577719995 1.2537651858521421 682.55 755.55 20 64 "Minimization exited successfully."
SN2008bd 35 0.0301 1526.7000000003893 0.0009866311067573631 -3.1566818608259894 0.3113582076259622 0.0 0.0017817091388678818 4.321484893065052e-05 0.06562884079808007 0.028825857508607333 2027.5926546019527 21.0 -17.61000373749881 1.8098907266618092 1541.7 1607.65 0 35 "Minimization exited successfully."
SN2007S 127 0.0139 1145.3001769983846 0.007200940389910416 0.8242367038513807 0.4662118319265669 0.0 0.025032295475966748 9.342693221029439e-05 0.018947337647335694 0.008283133689640843 60114.274763294394 33.0 -18.07211102116859 0.8866396083404471 1132.77 1246.54 30 97 "Minimization exited successfully."
SN2005bo 18 0.0139 479.2165931734802 0.007302602032967321 -0.8596032857447753 0.3688727745087641 0.0 0.13070049973262599 0.00016718636098924907 0.06646224921375321 0.015499987764037715 24.901809900171916 14.0 -18.081811059581256 1.1972284227830414 478.75 512.76 2 16 "Minimization exited successfully."
