analysis_pipeline/fit_results/csp_4_salt2_2.4_blue.ecsv
# %ECSV 0.9
# ---
# datatype:
# - name: obj_id
#   datatype: string
# - name: num_points
#   datatype: int64
# - name: z
#   datatype: float64
# - name: t0
#   datatype: float64
# - name: x0
#   datatype: float64
# - name: x1
#   datatype: float64
# - name: c
#   datatype: float64
# - name: z_err
#   datatype: float64
# - name: t0_err
#   datatype: float64
# - name: x0_err
#   datatype: float64
# - name: x1_err
#   datatype: float64
# - name: c_err
#   datatype: float64
# - name: chi
#   datatype: float64
# - name: dof
#   datatype: float64
# - name: b_max
#   datatype: float64
# - name: delta_15
#   datatype: float64
# - name: tmin
#   datatype: float64
# - name: tmax
#   datatype: float64
# - name: pre_max
#   datatype: int64
# - name: post_max
#   datatype: int64
# - name: message
#   datatype: string
# schema: astropy-2.0
obj_id num_points z t0 x0 x1 c z_err t0_err x0_err x1_err c_err chi dof b_max delta_15 tmin tmax pre_max post_max message
[from data line 105]
SN2008fl 89 0.0199 1721.34842083838 0.0054250484938588505 -1.3286599061640954 0.17434840910560712 0.0 0.05363244221689456 2.0275754478495025e-05 0.01410795253550945 0.0029831480133440946 23130.28050855268 85.0 -18.542418829729932 1.3143549426849752 1724.49 1789.53 0 89 "Minimization exited successfully."
SN2007st 44 0.0212 1453.5523646340991 0.008661638394395654 -1.6979545338930646 -0.018466609789326238 0.0 0.08523962901267623 6.629784345290983e-05 0.022339197449697146 0.005224665763873537 1142.612612897947 40.0 -19.188115479505345 1.4206690497037933 1458.66 1493.55 0 44 "Minimization exited successfully."
SN2005hc 79 0.0459 668.1157468046542 0.0018113665929210489 0.8313589774888435 0.07488777194258445 0.0 0.03879583287493915 3.203575892560327e-06 0.031736773988816136 0.002951943147506908 21513.260939642983 75.0 -19.208487874749007 0.9017923900506517 662.72 755.61 16 63 "Minimization exited successfully."
SN2009ab 40 0.0112 1883.7840125391651 0.01141631652241759 -0.8764052273459955 0.1737853498307902 0.0 0.012345686341291184 2.120567796704085e-05 0.013537817072329705 0.0026340152102896086 3953.326050914725 36.0 -18.08775411862041 1.2156208995826088 1874.57 1911.51 16 24 "Minimization exited successfully."
SN2007as 65 0.0176 1182.2526106207752 0.006731610027489815 -0.9772558324905578 0.2530078871350061 0.0 0.04039790245235508 1.4973890503009162e-05 0.019328025437359564 0.0027806219792346765 48891.79650793707 61.0 -18.508158454836106 1.2307437147210383 1181.7 1259.49 4 61 "Minimization exited successfully."
SN2006hx 31 0.0455 1022.3356215624589 0.0015155746141139377 -0.13305944135519 0.17174985206659188 0.0 0.04444875415964589 1.5684864299286838e-05 0.06663859429304209 0.011467330319862468 683.6728444624632 27.0 -18.995847131249878 1.068606217644497 1012.66 1080.59 8 23 "Minimization exited successfully."
SN2008ff 86 0.0193 1714.6050087388442 0.00476042949425807 1.2365816382882224 0.5250294544953975 0.0 1.1333668226143345e-07 1.5763253678016762e-05 0.023971523661121097 0.0030663733039751895 152049.16217568223 82.0 -18.3480285114683 0.817633273185006 1724.53 1790.57 0 86 "Covariance may not be accurate."
SN2009ds 36 0.0193 1962.3025640852493 0.009324464808644826 1.6836376945944886 0.16670703819773736 0.0 0.04377652792970821 2.3477653589914008e-05 0.05245651039677668 0.003522404497491638 793.51103399393 32.0 -19.06517054101114 0.7577816495103242 1956.68 1976.62 12 24 "Minimization exited successfully."
SN2008O 50 0.0389 1490.2941178827357 0.0007138808492447857 -1.9973370515852684 0.47080625304830614 0.0 0.11730297323595096 5.273657581450475e-06 0.06070847179740002 0.00915063870855981 832.678289949162 46.0 -17.836916482108553 1.444993360030562 1490.64 1571.48 0 50 "Minimization exited successfully."
SN2006ot 43 0.0531 1066.915068267374 0.0009450261239116076 -0.2418127500119711 0.22983480889254526 0.0 3.8477759289889946e-06 3.819470381204214e-06 0.05541929921868638 0.007681322520372791 867.6942850532638 39.0 -18.83168067718733 1.0856282847537564 1065.68 1119.57 8 35 "Minimization exited successfully."
SN2006py 21 0.0579 1071.8152163659909 0.0009962407395889606 -0.4665816582503135 0.11835311887582067 0.0 0.14929241008633198 6.131561839632692e-06 0.1406600648776557 0.01134792644911864 144.93029939190103 17.0 -19.0822297707261 1.1360275625623757 1069.54 1087.54 4 17 "Minimization exited successfully."
SN2005be 45 0.035 459.71783771292303 0.0029831443333532717 -1.7104136545619388 -0.042257556870171964 0.0 0.07546765114869913 2.62428573503822e-05 0.018984472279590436 0.005760999329184446 690.3040986520449 41.0 -19.142096310271228 1.4261336418981472 467.89 491.77 0 45 "Minimization exited successfully."
SN2006fw 25 0.0835 1004.2260292083678 0.0003796120021413663 -0.47136395296316813 0.16345796752928954 0.0 0.11565031058671593 2.100609248509305e-06 0.09368799203247846 0.005918854669774265 851.7419141360392 21.0 -18.869818726180522 1.1340618002443357 1001.75 1039.73 5 20 "Minimization exited successfully."
SN2007ax 40 0.0069 1186.3973262890172 0.003957641886394869 -2.0181867033335568 0.8436199753040619 0.0 0.052030254222245276 1.7732480454676815e-05 0.035574912118683466 0.005892681770252373 11193.975167633747 36.0 -15.914379260285763 1.4068043267929973 1185.56 1246.46 4 36 "Minimization exited successfully."
SN2007jg 57 0.0371 1367.1203847828363 0.001459475613695116 -0.6903790784933816 0.24018524836577337 0.0 0.04580144143767484 4.080158208516547e-06 0.04168805157961675 0.004115907934963303 1803.4239905882655 53.0 -18.49941432637181 1.1724855072796139 1363.82 1423.7 12 45 "Minimization exited successfully."
SN2007af 102 0.0055 1176.53504590396 0.04999999999945431 1.9597355253495916 0.33351345079233363 0.0 4.976072887075134e-10 5.210480220931013e-07 0.01495377037388268 0.0025753769020459005 259209.78637038285 98.0 -18.144410153346627 0.7080161461866599 1165.8 1256.69 22 80 "Minimization exited successfully."
SN2008cc 81 0.0104 1580.2602459392463 0.016072786239541115 -1.7779546825111199 0.38860723870974523 0.0 1.6622994166937133e-05 2.8158617865725946e-05 0.014106777092208977 0.0020497428948937912 143938.4096872008 77.0 -18.30294968167111 1.39959431951136 1582.86 1654.86 0 81 "Minimization exited successfully."
SN2006ef 36 0.0179 970.691102147138 0.010192246832377187 -1.5738405255477228 0.0385075988747956 0.0 0.06118450457012159 7.614841680978097e-05 0.019866791242610482 0.00499225694091987 32751.84943833754 32.0 -18.992064268157407 1.3844561879727273 979.9 1040.71 0 36 "Minimization exited successfully."
SN2007nq 75 0.045 1398.7848685815188 0.0016956244364649488 -1.9922145105657094 0.05537221905365919 0.0 0.06112418623888516 7.94139992467966e-06 0.028921715680360727 0.005873708987250592 5211.390881596059 71.0 -19.090572747981778 1.489298371151282 1397.65 1476.56 4 71 "Minimization exited successfully."
SN2008bq 64 0.034 1563.9432409815577 0.0025607083385380844 0.41618971500841084 0.1984739892659455 0.0 0.056042078488871994 5.759082322529148e-06 0.032146706397177205 0.002650419319327857 659.8384002427964 60.0 -18.91504732882437 0.9679222791823676 1562.49 1606.46 4 60 "Minimization exited successfully."
SN2008hv 93 0.0126 1817.5943990365247 0.019976651297729672 -1.2084385884292388 -0.05608203908246179 0.0 0.006070785845849969 3.577763719283568e-05 0.008970936382633576 0.0018724704004889903 89732.09746627284 89.0 -18.95163002036788 1.3063027932534634 1806.79 1884.68 19 74 "Minimization exited successfully."
SN2009I 18 0.0262 1852.5963488902046 0.0007559069494809945 1.515763945206471 0.7899805247464888 0.0 0.11419226537566374 5.007263699163811e-06 0.1359371809691554 0.010235772566684731 127.94160745117055 14.0 -17.044450588220784 0.7639110402643574 1848.58 1867.58 4 14 "Minimization exited successfully."
SN2004gc 80 0.0321 330.0950315508681 0.0013495076446284754 -1.5863270648111016 0.4921023957607251 0.0 2.4861452629920677e-06 3.8226513574073605e-06 0.017088596480631546 0.004704688424980952 10245.429835682848 76.0 -18.101327405104367 1.343781254586947 329.83 397.66 3 77 "Minimization exited successfully."
SN2005lu 49 0.032 719.94001847529 0.001328910389606719 -0.34257653614019645 0.47074669197194696 0.0 7.962939946537517e-06 7.096900681016695e-06 0.0480436953720762 0.00850978721119433 3951.8334202273377 45.0 -18.077239087989767 1.0892203180018072 720.63 799.52 0 49 "Minimization exited successfully."
SN2007al 48 0.0122 1162.951010881041 0.0029620185909576824 -2.1519623782202353 0.4234889043962333 0.0 5.724891377667518e-05 2.1626627781519327e-05 0.032707457474791646 0.007811011609260565 7685.402162719608 44.0 -16.81769854696111 1.4902257219082138 1170.77 1246.58 0 48 "Covariance may not be accurate."
SN2005gj 81 0.043750000000000004 850.23 0.025 0.0 0.0 0.0 0.0 0.0 0.0 0.0 280324.69619921956 77.0 -21.94974123239405 1.0531324270815272 698.7 795.54 81 0 "Hesse Failed. Covariance may not be accurate. Covariance not positive definite."
SN2008bz 44 0.0603 1580.3274764269606 0.001014167737865715 -0.4921828110865656 0.04273370819066247 0.0 0.14283667169638647 6.254343482735227e-06 0.06974298430464643 0.006292525888172418 2530.993726115466 40.0 -19.192850862366797 1.1459455846576247 1580.72 1651.52 0 44 "Minimization exited successfully."
SN2007bc 47 0.0208 1200.7311591032321 0.007320905618355442 -1.081659979559145 0.04514834120958611 0.0 0.03341801373744602 1.4741680484578381e-05 0.019849940294060398 0.0030906450309310385 11648.539340649668 43.0 -18.96391731821574 1.2697085666693226 1197.65 1259.53 8 39 "Minimization exited successfully."
SN2008fr 68 0.0397 1741.5760962528016 0.0018449605256680936 -0.7828404168003935 0.22361097631814686 0.0 1.0419281920803769e-05 6.070712979218363e-06 0.024151910732685966 0.0050086230462417225 16104.17508978641 64.0 -18.904704858396027 1.1925029929997102 1740.72 1807.57 4 64 "Covariance may not be accurate."
