analysis_pipeline/fit_results/csp_4_salt2_2.4_red.ecsv
# %ECSV 0.9
# ---
# datatype:
# - name: obj_id
#   datatype: string
# - name: num_points
#   datatype: int64
# - name: z
#   datatype: float64
# - name: t0
#   datatype: float64
# - name: x0
#   datatype: float64
# - name: x1
#   datatype: float64
# - name: c
#   datatype: float64
# - name: z_err
#   datatype: float64
# - name: t0_err
#   datatype: float64
# - name: x0_err
#   datatype: float64
# - name: x1_err
#   datatype: float64
# - name: c_err
#   datatype: float64
# - name: chi
#   datatype: float64
# - name: dof
#   datatype: float64
# - name: b_max
#   datatype: float64
# - name: delta_15
#   datatype: float64
# - name: tmin
#   datatype: float64
# - name: tmax
#   datatype: float64
# - name: pre_max
#   datatype: int64
# - name: post_max
#   datatype: int64
# - name: message
#   datatype: string
# schema: astropy-2.0
obj_id num_points z t0 x0 x1 c z_err t0_err x0_err x1_err c_err chi dof b_max delta_15 tmin tmax pre_max post_max message
2004dt 88 0.0197 253.44406122239315 0.0035418832604253215 -0.5730543003841255 0.6857178312575327 0.0 0.033058032046454855 2.0162747456893473e-05 0.009691191426753676 0.0038261295240487048 132547.75797134137 84.0 -18.081175600334642 1.1171181821670508 249.79 365.62 8 80 "Covariance may not be accurate."
2004ef 111 0.031 240.69000000002796 0.0021349578771596768 2.3248929094035775 0.5336567379097696 0.0 0.00010353971784127225 1.5135515758199491e-05 0.012634327861182904 0.004821955991076932 389288.14042696275 90.0 -18.527982279008942 0.6420014430837782 255.69 329.57 0 111 "Minimization exited successfully."
2004eo 122 0.0157 279.0892706360575 0.008714906457930974 -1.2095124640230703 0.3296765454066728 0.0 0.005555796912318556 2.9804277420809877e-05 0.005847891141445016 0.0021377805088513835 20785.2639970146 70.0 -18.539568533443433 1.2741915970493523 266.52 341.54 49 73 "Covariance may not be accurate."
2004ey 102 0.0158 280.5300000148098 0.03931981529971749 1.09822547844293 -0.2801660048529975 0.0 0.00027757720684462583 0.00029853269267557034 0.01171787967832616 0.004966517186163921 476212.5565523323 60.0 -20.189008723853405 0.8689451465056841 295.53 358.55 0 102 "Minimization exited successfully."
2004gc 54 0.0321 330.09553291244924 0.0016365752819229057 -1.1082241938226653 0.27013259794700173 0.0 0.0001327037605847181 2.438329425160084e-05 0.027402540613380655 0.01013253983615714 9762.08901800694 50.0 -18.301920818820847 1.2573101446202912 329.83 397.66 2 52 "Covariance may not be accurate."
2004gs 135 0.0267 341.36198179940175 0.0031560270878416897 -0.5533876800976527 0.26251944955730355 0.0 0.00019273362718763565 4.607227702847208e-05 0.018188645051984587 0.009661081142297023 121297.2813190336 92.0 -18.606209212346354 1.1436146291561933 352.85 461.56 0 135 "Covariance may not be accurate."
2004gu 68 0.0459 363.077653249532 0.0019976038175210822 1.255088021194645 0.0013487558144671397 0.0 0.0638715263811207 2.6727773240425943e-05 0.03098131109179869 0.009550976862064575 242.7759720321152 53.0 -19.31483843523979 0.8333206914982512 357.86 410.84 6 62 "Minimization exited successfully."
2005A 109 0.0191 381.5650328450496 0.0009897031241787562 -0.6396518599034682 0.8798709581384991 0.0 53.158260267354564 0.033449030858443224 6.939369691375301 1.4022048070058877 5974.874527072623 62.0 -16.645053318106584 1.1146744137154307 376.65 433.53 6 103 "Covariance may not be accurate."
2005ag 41 0.0797 414.817312274092 0.00036999724959839165 0.5779391289053457 0.3464998095847829 0.0 0.000146076873477341 2.5395646370739156e-05 0.06983752755450823 0.04150219339459593 1117.3854859435 32.0 -18.74078520532674 0.933106111210428 412.82 479.84 2 39 "Covariance may not be accurate."
2005al 98 0.0124 430.6404159330476 0.017243687695710608 -1.239038358871733 -0.08513958232880237 0.0 0.049202887726863764 0.0001530913970595061 0.011213853934086249 0.005522001386834674 33764.80872897415 66.0 -18.75699456866888 1.3156953108472393 429.76 512.79 2 96 "Minimization exited successfully."
2005am 66 0.0079 440.06598650901094 0.049999999982861844 -2.0331003738064957 -0.00439716925989575 0.0 4.2990183999336296e-06 2.5040635168629977e-05 0.007676950090754309 0.0007216068054154423 35593.62045535713 40.0 -18.9256558131933 1.5069076321151922 433.71 490.46 6 60 "Minimization exited successfully."
2005be 23 0.035 460.30739758420384 0.003519058438907499 -2.211375825701909 -0.17236628031631085 0.0 0.04774480555747118 5.282819050193301e-05 0.02981656011467182 0.009947767557754894 202.3253890710993 19.0 -19.32257805358868 1.5760340989785782 467.89 491.77 0 23 "Minimization exited successfully."
2005bg 31 0.0231 470.91464658097624 0.008169340922917673 0.33779948712438745 -0.11512354643645195 0.0 0.09846643756040407 0.00015146045744753554 0.05940840893856203 0.013557412557326232 537.216562933609 27.0 -19.31585484206778 0.9964183031471148 472.67 512.61 0 31 "Minimization exited successfully."
2005bl 23 0.0241 461.61000002420934 0.0004258901724808251 1.0171527778797431 0.9999999908148314 0.0 0.0026089154876842713 2.1130361744170435e-06 0.06702790573412631 0.0004141638379286938 7279.799723464828 19.0 -16.256499760869342 0.8322079824653166 476.61 512.57 0 23 "Minimization exited successfully."
2005bo 18 0.0139 479.21645697268616 0.007302819431775751 -0.8596456956221381 0.368862766021822 0.0 0.13070863831600832 0.0001672452182823734 0.06646729967985632 0.0155049640345708 24.9018232345887 14.0 -18.081842965391452 1.1972378521618996 478.75 512.76 2 16 "Minimization exited successfully."
2005el 143 0.0149 646.3833405877498 0.010987790798032478 -1.0916826825984187 0.13429182281366403 0.0 0.026624735504469754 0.00010522563796423572 0.013481303733756445 0.006059056055570222 83325.90679342065 42.0 -18.67148099476297 1.2648295536905785 639.89 730.75 15 128 "Minimization exited successfully."
2005eq 112 0.029 656.3021947867222 0.0041205253962198155 0.9191766290921173 0.08752596907809629 0.0 6.775296247951701e-05 5.2148120417704145e-05 0.026244278290135092 0.008537807600473846 31308.90974696903 50.0 -19.076686632369427 0.8864346503856773 647.8 751.66 10 102 "Minimization exited successfully."
