analysis_pipeline/fit_results/csp_5_sn91bg_color_interpolation_all.ecsv
# %ECSV 0.9
# ---
# datatype:
# - {name: obj_id, datatype: string}
# - {name: num_points, datatype: int64}
# - {name: z, datatype: float64}
# - {name: t0, datatype: float64}
# - {name: x0, datatype: float64}
# - {name: x1, datatype: float64}
# - {name: c, datatype: float64}
# - {name: z_err, datatype: float64}
# - {name: t0_err, datatype: float64}
# - {name: x0_err, datatype: float64}
# - {name: x1_err, datatype: float64}
# - {name: c_err, datatype: float64}
# - {name: chi, datatype: float64}
# - {name: dof, datatype: float64}
# - {name: b_max, datatype: float64}
# - {name: delta_15, datatype: float64}
# - {name: tmin, datatype: float64}
# - {name: tmax, datatype: float64}
# - {name: pre_max, datatype: int64}
# - {name: post_max, datatype: int64}
# - {name: message, datatype: string}
# schema: astropy-2.0
obj_id num_points z t0 x0 x1 c z_err t0_err x0_err x1_err c_err chi dof b_max delta_15 tmin tmax pre_max post_max message
2004dt 269 0.06013776486994876 266.0880448232734 1.3905543383430086e-14 1.201291793401213 0.2861163003275452 0.06132007801654181 24.318782639314705 0.9386536407751545 0.30789197782136307 0.6422974789705097 1248232.3718542478 264.0 -20.05669762629529 1.4894827748795656 249.79 365.62 90 179 "Covariance may not be accurate."
2004ef 278 0.002536357855806658 262.39044954531875 1.1407541578023483e-14 1.249614258527495 0.3393077096068567 0.004452535277151654 0.0017667396151352932 0.0 6.295258004995752e-06 0.00010287076953488516 514048.4086312905 262.0 -12.780944782101297 1.4570368500771238 255.69 329.57 41 237 "Covariance may not be accurate."
2004eo 269 0.0020000073037416623 273.9360399276069 6.544764730165298e-14 0.6500000012793526 0.500009225684296 7.125372123925611e-12 5.826983567658317e-06 4.163336342344337e-17 8.022249531336456e-12 0.18692109515458155 2852637.066942743 231.0 -13.822447772889571 2.2623564628450907 266.52 341.54 63 206 "Covariance may not be accurate. Covariance not positive definite. Covariance forced positive definite."
2004ey 213 0.002000014434078284 275.13444656885457 2.448874436566939e-13 0.6608537940185605 3.096334300067838e-11 1.3262511314865444e-11 1.5279302772341907e-05 0.0 3.0640081749577774e-08 1.930697401841819e-06 1125536.049470901 180.0 -16.233292251673355 2.235442907308199 295.53 358.55 0 213 "Covariance may not be accurate."
2004gc 134 0.08498583018729303 324.3329138952745 1.0325074129013956e-14 1.162712454266362 0.5057698252559691 7.421408285135378e-08 0.03660849600493066 0.0 8.371361572945268e-06 1.654139964563095e-05 228970.3910156456 129.0 -20.082846809286835 1.5185932624135638 329.83 397.66 0 134 "Covariance may not be accurate."
2004gs 299 0.017279231108610973 357.5464332669028 6.328271240363392e-15 0.9481528646301067 0.5938691167392222 0.019401777672102084 0.09608547472723217 0.0 0.0007359999732000633 0.0011255153495289827 311133.7230625668 272.0 -15.83515490305198 1.7325890700298316 352.85 461.56 18 281 "Covariance may not be accurate."
2004gu 156 0.08408563205352867 343.5231372227184 1.940114735532461e-14 1.2499991696475754 0.8544538092121224 1.0912847736577191e-08 6.395987242058254e-06 0.0 8.898434211701556e-10 0.001894180265142209 360520.42236646486 146.0 -20.084835692526365 1.456793029350525 357.86 410.84 0 156 "Covariance may not be accurate."
2005A 182 0.08499326971127585 363.7717593165454 2.2815083156046967e-14 0.7240152724649674 0.0005694027006657443 8.016034953872708e-09 9.5780365114706e-05 0.0 2.1144049662247255e-06 0.00046131343644492673 145738.1088150213 148.0 -21.930240074973977 2.0914420460005196 376.65 433.53 0 182 "Covariance may not be accurate."
2005M 381 0.002123793813197716 385.3793407686132 3.322342401190781e-14 1.2329177933366036 0.07499264674432182 8.186243162085823e-06 0.031450621484907515 0.0 0.00032947088674362135 0.0004285057534191561 855876.305561873 335.0 -14.070048656881587 1.4678630559790964 396.77 480.51 0 381 "Covariance may not be accurate."
2005W 117 0.0020000119947468312 422.31980876819375 1.042499420123022e-13 0.650000000317521 0.323633546278712 1.0422593951092685e-10 5.158306242947219e-05 0.0 4.562394906315603e-11 0.002690760760156896 1322920.0262138282 112.0 -14.694350612459399 2.262351341064967 404.54 429.51 91 26 "Covariance may not be accurate."
2005ag 208 0.08499926054504911 426.93616651292456 2.4147350785597155e-15 0.6657614650906181 0.36415597018800305 2.938406740149446e-10 2.158621620651502e-05 0.0 1.1389393295146988e-07 0.002589323686400191 396473.60070625844 199.0 -18.807289033660567 2.223546526249713 412.82 480.84 76 132 "Covariance may not be accurate."
2005al 238 0.07433122235875102 437.9177758933115 2.914335439641036e-14 1.2402336293485978 0.014231574651109968 0.06027428960424638 29.03498119223852 0.9223868628838354 0.3986539142671505 0.5618198141822075 548990.1047148543 213.0 -21.86700351324523 1.4630788230151914 429.76 512.79 36 202 "Covariance may not be accurate."
2005am 203 0.0021125753140994706 417.67324208537116 3.266553694203367e-13 1.238334395427747 0.49886299114500443 2.9489197917416778e-05 0.0007969392259212782 6.245004513516506e-16 3.401833642369123e-05 0.0004569124030534555 692927.9687332483 185.0 -15.689852465680318 1.4643281898993443 432.58 512.46 0 203 "Covariance may not be accurate."
2005be 68 0.002000010708293863 457.67479622462884 1.3072876114961218e-14 0.6500000001630168 0.0008796983160220262 3.051499547837566e-11 1.3027705051626981e-05 0.0 1.0126177674152359e-11 0.0001351334305306484 141280.06816063853 63.0 -13.050413328151368 2.262339180145407 467.89 491.77 0 68 "Covariance may not be accurate."
2005bg 95 0.0020219513583941704 457.79648853350756 6.128431095930864e-14 0.7093622925063401 2.761929763783755e-07 1.9948960501949345e-08 9.853892777300644e-05 4.163336342344337e-17 2.6472226226648132e-06 2.837800884697428e-06 327627.16193833825 90.0 -14.752974057073324 2.1231176359109725 471.65 512.61 0 95 "Covariance may not be accurate."
2005bl 64 0.08499951928161394 485.89677202203245 5.578870698741412e-15 1.009525130393298 0.48180073984402927 0.051122710648918275 29.204464131260835 0.9223869254924812 0.4100293658057335 0.7060453952861369 28701.118755340503 59.0 -19.46804452309803 1.6620300474898642 476.61 512.57 45 19 "Covariance may not be accurate."
2005bo 54 0.00200010510694276 482.88014703561606 3.1807889655510735e-14 0.6500005932979979 0.026561628190598707 0.050999482524547814 28.206828007601786 0.9223875003568839 0.3687040269054097 0.676473077860255 60484.80354674907 49.0 -13.974650049934205 2.2623384254352743 478.75 512.76 24 30 "Covariance may not be accurate."
2005el 236 0.002014093277750551 642.2850739881471 3.988476215965875e-14 1.2491469615115591 0.17131963240194542 0.05058050614320534 27.744296162769615 0.9223868871905632 0.35924696016753094 0.5829812483872074 364240.9876148584 138.0 -13.9679436466791 1.4573314419852856 639.89 730.75 16 220 "Covariance may not be accurate."
2005eq 211 0.0020226703688707593 660.0975817805792 8.992806499463768e-15 0.8499911549183732 0.3609571239685899 4.17565484108276e-08 0.014573234676959146 0.0 1.0542795166657015e-05 1.7453402751610447e-05 534746.4915007442 149.0 -11.990505343261837 1.8674290379823617 647.8 751.66 36 175 "Covariance may not be accurate."
2005gj 227 0.08498640360246151 712.4447177579109 5.495603971894525e-15 0.8017699287900553 2.1219137558148304e-12 2.06011370462722e-09 3.497005542385523e-05 0.0 5.06183383985892e-07 1.4886146419285096e-05 409194.4224422367 139.0 -20.385434929071092 1.9439504428639722 698.7 1016.76 42 185 "Covariance may not be accurate."
2005hc 163 0.0020013550433942637 686.4302451409832 3.6637359812630166e-15 0.6661886941205065 0.18493050184520016 6.160754365425875e-10 5.670436451055139e-06 0.0 1.7864248674781535e-07 0.0023731573000072836 768652.7073093473 119.0 -11.333029823886285 2.222510831910949 661.67 755.61 89 74 "Covariance may not be accurate."
2005hj 102 0.0020000293872911292 680.493586767254 6.744604874597826e-15 0.6500000858952676 0.593367243821542 8.192418466702878e-11 3.3338924879444676e-05 0.0 3.768010903293373e-10 0.004202508831827878 173882.29083235923 77.0 -11.197124580384617 2.262356601702482 671.67 761.57 32 70 "Covariance may not be accurate."
2005hk 245 0.08168134856022627 665.2579596642744 8.634759574022155e-14 0.65000000002778 0.5000060545135694 6.622652141963226e-09 5.248460809070821e-06 4.163336342344337e-17 1.6626700016786344e-12 0.27267161291155795 1512130.7425627208 140.0 -22.306739078701685 2.2623564659843716 675.61 761.54 0 245 "Covariance may not be accurate. Covariance not positive definite. Covariance forced positive definite."
2005iq 154 0.0020084644781543787 686.9186130428292 9.492406860545088e-15 0.6500000000024596 0.00048282386222781026 6.823949549959046e-10 1.6080507180049608e-05 4.163336342344337e-17 9.894862706971708e-13 9.468974444798439e-05 196741.09137275533 104.0 -12.712725557666005 2.2623391695781585 682.55 755.55 30 124 "Covariance may not be accurate."
2005ir 65 0.0834928097833913 688.6371595085794 6.078471059822732e-15 0.650000000033204 0.9920671721954444 1.0831174770270513e-07 8.328400934942692e-05 0.0 4.253009056043311e-11 0.006385896456711837 103833.86421189686 60.0 -18.517242725718667 2.262353560930176 682.62 740.53 23 42 "Covariance may not be accurate."
2005kc 125 0.08212548711303294 705.9468796227479 2.1815882433884326e-14 0.6518385783393025 2.4224516836923726e-10 1.3388495215260754e-08 1.3090432332774071e-05 4.163336342344337e-17 2.9260288747501306e-08 1.3616035860891662e-05 621974.0023425627 68.0 -21.80364439879707 2.2577249788365528 687.52 728.54 83 42 "Covariance may not be accurate."
2005ke 367 0.0798470782747514 698.9038350767447 1.7677526109594055e-13 0.6518771881302652 0.5000209625094791 1.7327171301789734e-06 0.0013528767462389624 1.249000902703301e-16 0.48458539542922147 4.198694266557834e-05 535766.669339285 226.0 -23.032539660557045 2.257645545960475 689.69 819.51 60 307 "Covariance may not be accurate. Covariance not positive definite. Covariance forced positive definite."
2005ki 310 0.002000808967715737 715.2790993427864 3.064215547965432e-14 0.873913170764831 0.5001908626244046 0.051161355761711595 22.5170260676897 0.9226348294581308 0.43966892575166394 0.710517852751326 884599.410991339 249.0 -12.99909660707588 1.8322956516959685 695.86 861.5 69 241 "Covariance may not be accurate."
2005ku 37 0.07910905367767937 691.4179275552725 1.0325074129013956e-14 0.6500000033122856 0.4999790116400526 1.850855106594329e-06 0.05697581565442533 0.0 3.86568993482328e-09 2.1698473738063218e-06 43250.519384235944 29.0 -19.92751710487258 2.2623564568445644 699.56 739.53 0 37 "Covariance may not be accurate."
2005lu 88 0.0022225343054064553 707.9052688354046 1.740274591099933e-14 0.6980960912895693 3.539391002504999e-13 9.694001117241044e-09 2.4604991438081925e-05 0.0 3.6792163932153343e-07 0.0001352478472901597 37674.82982307076 78.0 -13.591875373181399 2.148226783372742 719.66 799.52 0 88 "Covariance may not be accurate."
2005mc 83 0.07971215642851837 726.8872265585097 1.8818280267396403e-14 0.6752730361632269 0.5041455355506143 2.736700729782937e-06 0.027046683212972766 0.0 2.033882716517832e-05 5.573997341035142e-05 141597.18523979653 78.0 -20.590042300597272 2.200865104988374 736.79 773.62 0 83 "Covariance may not be accurate."
2005na 170 0.002000702464353026 725.488749414784 6.503131366741854e-14 0.6661047629660549 0.4877950159473072 1.0300412304781875e-09 0.01263872788331355 4.163336342344337e-17 5.00348661003347e-07 6.079006510895102e-06 464623.6067505704 145.0 -13.846039736102924 2.222722474576546 738.71 834.54 0 170 "Minimization exited successfully."
2006D 298 0.0020086744886359336 745.2781374523611 1.4596657216259246e-13 1.2268503448512407 0.4164985900730983 1.228767472537598e-09 2.3906743535917485e-05 4.163336342344337e-17 1.680124295244667e-07 0.00036470797486126694 785922.9803420892 229.0 -14.8916865449855 1.471890059976026 751.84 891.61 0 298 "Covariance may not be accurate."
2006X 312 0.05141208501605236 785.1347605544496 1.745270594710746e-13 1.219210986705642 0.48700219471287043 0.06045885230772703 29.227375888475024 0.9223924272957047 0.30618079281341876 0.7073115914621984 416308.54175509687 202.0 -22.050256252296016 1.4770264655134682 775.68 906.46 46 266 "Covariance may not be accurate."
2006ax 236 0.002000031068548859 824.9199933874295 7.827072323607354e-14 0.6716808440173649 0.633663735054128 1.669988040648579e-09 1.403747758725899 0.0 4.510171759841697e-06 1.5468639869176126e-05 1246039.6506887437 136.0 -13.782722040160163 2.209374706192918 815.64 891.5 49 187 "Covariance may not be accurate."
2006bd 52 0.08498571831571015 812.8451036105456 5.578870698741412e-15 1.2289438918562434 0.500029755570878 3.0157181146739376e-07 0.07339938855750461 0.0 2.138529332029737e-05 8.21712513045525e-05 13489.957852473954 32.0 -19.42355565052177 1.470500523055886 822.75 872.57 0 52 "Covariance may not be accurate."
2006bh 175 0.0020018028625963832 816.3832929291541 2.7661206658535775e-13 0.6665145268877691 0.036099931137961006 9.2331309503417e-10 2.3013605414234917e-05 2.0816681711721685e-16 2.506210355912586e-07 0.0003922963900316878 410013.7837933286 109.0 -16.30909779592776 2.2217204701631843 829.91 891.79 0 175 "Covariance may not be accurate."
2006br 64 0.08499697282752458 847.2812114075783 4.579669976578771e-15 0.6957194711612982 4.254319119212369e-12 2.524336718823239e-09 7.503013165433003e-05 0.0 8.022211383518218e-07 3.492818526817931e-05 13625.785345850405 38.0 -20.18776772192237 2.1535994615258716 855.66 891.66 0 64 "Covariance may not be accurate."
2006bt 88 0.028901907466289553 838.7974662881503 1.8068879725774423e-14 1.2115183684772026 0.003472213454326467 0.05449035581670755 25.105381652958215 0.9224660715407221 0.42199424625830867 0.6388755303526366 170511.53510719782 56.0 -19.242030750979673 1.4822837660376393 853.76 891.71 0 88 "Covariance may not be accurate."
2006dd 217 0.08499999984498345 892.5837245093335 3.013422844588831e-13 0.7860160298495174 0.10013394602069825 1.0211199941156934e-11 1.432758534747336e-05 4.163336342344337e-17 7.148421435343444e-07 0.0007331781185457853 1041081.6119419745 211.0 -24.56300413694178 1.9711642847205724 906.94 1147.57 0 217 "Covariance may not be accurate."
2006ef 56 0.002667155436106107 996.4450964538458 7.327471962526033e-15 0.6500754550518472 0.16349332400568206 1.3926337841599357e-08 3.037555546825388e-05 0.0 1.2651240888228443e-08 0.0020010567330730478 442474.37084585096 51.0 -12.755544725512294 2.26215520933566 979.9 1040.71 17 39 "Covariance may not be accurate."
2006ej 64 0.0023250707121557235 973.4191407521986 5.437317263101704e-14 0.6514240854034261 0.4034005329939273 4.234237610114817e-05 0.012099691982257355 0.0 3.0275511972988056e-05 0.00044068488442927656 80308.13119686562 49.0 -14.164549389452393 2.258777051386641 979.74 1046.74 0 64 "Covariance may not be accurate."
2006eq 98 0.08490098574296683 968.4717116165772 3.9968028886505635e-15 1.181199943627401 0.4563823652133597 0.05251116942357908 20.44448939961518 0.9223869310073808 0.4335739197375713 0.6995404400513152 19055.810082134845 65.0 -19.161994217640864 1.5042526361052033 980.56 1029.51 0 98 "Covariance may not be accurate."
2006et 236 0.002004274979407322 971.8894520678585 8.842926391139372e-14 0.6500453569857821 0.022646550910638164 0.051206413430184824 21.491407419768905 0.9300332787101205 0.37423051743822233 0.5471248244824816 544266.9909698799 130.0 -15.095726908971066 2.262225670791654 982.63 1099.54 0 236 "Covariance may not be accurate."
2006ev 116 0.013997980919537991 988.2806391869233 5.745404152435185e-15 1.05019728486235 0.12653019168073443 0.046998996505098076 30.66945136092886 0.9635414678945334 0.45613866939732645 0.5436917682407391 70370.70540660612 52.0 -16.184382194018514 1.6200673137100416 993.59 1039.52 0 116 "Covariance may not be accurate."
2006fw 31 0.08499999772133145 1010.4903272970761 0.0 0.8489073248577086 0.5000195759183943 0.0 0.0 0.0 0.0 0.0 79026.46723107381 26.0 inf nan 1001.75 1039.73 12 19 "Hesse Failed. Covariance may not be accurate. Covariance not positive definite."
2006gj 122 0.08406381032848728 1019.9338843517502 4.163336342344337e-16 0.9777346785248398 7.749356711883593e-14 5.137396601878619e-08 6.960315181459009e-05 0.0 1.750587438453799e-06 9.80351246689104e-05 215359.30320463277 87.0 -17.558904928716956 1.6972723338012763 998.83 1096.59 48 74 "Covariance may not be accurate."
2006gt 93 0.08499126738510909 1014.1912576303387 5.828670879282072e-16 1.2204369001783948 0.007356397482414678 3.1547488926753076e-09 6.871081842518834e-05 0.0 4.810824596468422e-07 0.02008117251317268 144920.89554290354 67.0 -17.93780319936028 1.4761827305473751 1001.67 1076.62 43 50 "Covariance may not be accurate."
