analysis_pipeline/fit_results/csp_4_sn91bg_salt2_phase_all.ecsv
# %ECSV 0.9
# ---
# datatype:
# - {name: obj_id, datatype: string}
# - {name: num_points, datatype: int64}
# - {name: z, datatype: float64}
# - {name: t0, datatype: float64}
# - {name: x0, datatype: float64}
# - {name: x1, datatype: float64}
# - {name: c, datatype: float64}
# - {name: z_err, datatype: float64}
# - {name: t0_err, datatype: float64}
# - {name: x0_err, datatype: float64}
# - {name: x1_err, datatype: float64}
# - {name: c_err, datatype: float64}
# - {name: chi, datatype: float64}
# - {name: dof, datatype: float64}
# - {name: b_max, datatype: float64}
# - {name: delta_15, datatype: float64}
# - {name: tmin, datatype: float64}
# - {name: tmax, datatype: float64}
# - {name: pre_max, datatype: int64}
# - {name: post_max, datatype: int64}
# - {name: message, datatype: string}
# schema: astropy-2.0
obj_id num_points z t0 x0 x1 c z_err t0_err x0_err x1_err c_err chi dof b_max delta_15 tmin tmax pre_max post_max message
[from data line 54]
2006ob 63 0.0592 1066.8759558699182 6.161737786669619e-15 0.7489507839147637 0.497496390326159 0.0 29.120586754940405 0.9478443655482267 0.43989368119821637 0.7196808748987176 111443.66782706643 53.0 -18.712906260817547 2.0390907941198577 1060.65 1121.57 17 46 "Covariance may not be accurate."
2006os 106 0.0328 1071.4041194296199 5.495603971894525e-15 0.6500000003588304 0.1601888234422627 0.0 4.6044472014727944e-05 0.0 3.500277845347455e-11 0.0020475087773002276 89353.27585450129 82.0 -17.949181442907157 2.260659725345562 1063.65 1133.56 30 76 "Covariance may not be accurate."
2006ot 118 0.0531 1048.7223152627355 1.432187701766452e-14 0.7775779264486009 0.5001112349333825 0.0 3.1249337212102546e-05 0.0 0.0029453997038335067 3.853203925380244e-05 120888.7128876952 76.0 -19.376578740060918 1.9850835697245692 1063.72 1131.63 0 118 "Covariance may not be accurate."
2006py 35 0.0579 1054.5446145135916 1.3822276656583199e-14 0.7828190286250158 0.39319640447836324 0.0 22.57731691494257 0.9223868902684235 0.4432314689627875 0.6809637893903131 49776.24162203937 31.0 -19.769938752969367 1.9756800987935748 1069.54 1091.54 0 35 "Covariance may not be accurate."
2007A 76 0.0177 1092.8917740743227 8.143485885625523e-14 0.833706145868857 0.5001853869946139 0.0 nan 0.0 6.195886923571203e-05 0.00014940957892650708 228555.42632942207 41.0 -18.820548075917777 1.8912924416633388 1107.53 1133.53 0 76 "Covariance may not be accurate."
2007N 165 0.0129 1127.3641339491778 4.3298697960381105e-15 1.0672842451959015 0.24648986838508397 0.0 28.057765822134115 0.9223871818161518 0.4431328957396735 0.7395924330420209 70476.87407671905 78.0 -15.437800382730956 1.6026825740652875 1123.82 1213.67 20 145 "Covariance may not be accurate."
2007S 192 0.0139 1140.1631848123754 5.179190409876355e-14 0.8196454177138712 0.5071822962157082 0.0 28.90432915816973 0.9223870681521674 0.3837206928939041 0.71199708719865 340465.3706945882 77.0 -17.786974230995558 1.9134766684536189 1132.77 1246.54 30 162 "Covariance may not be accurate."
2007af 307 0.0055 1168.552118242337 3.508859869327807e-13 1.2224870904568101 0.49295529483888384 0.0 28.595837788304948 0.9226983905493549 0.41543419410294474 0.7088581401344667 586438.3147986599 127.0 -17.865501629152003 1.4743869539361327 1162.76 1257.72 28 279 "Covariance may not be accurate."
2007ai 111 0.0317 1152.8915861868559 2.9226621123257246e-14 0.7373019056016292 0.488559133747992 0.0 24.880753246379527 0.9223870389319302 0.34012362417430925 0.7076851826278727 120844.4104828557 65.0 -19.024624864438415 2.0624375466192255 1167.88 1259.7 0 111 "Minimization exited successfully."
2007al 120 0.0122 1160.5731341172677 2.456368441983159e-14 0.8710506897897177 0.44651028808143817 0.0 21.977470514999823 0.9223868700790683 0.4036251474498551 0.6968660905753995 32862.141491179114 49.0 -16.82704649669969 1.835483337912347 1170.77 1246.58 0 120 "Covariance may not be accurate."
2007as 153 0.0176 1162.2211388576359 1.1182721415536889e-13 0.6650324059146789 0.023386820188500634 0.0 0.0002742656320151582 0.0 3.1469636934122747e-06 0.013667780955713887 261807.55328820663 43.0 -20.093377681822517 2.2236807827249763 1175.59 1259.49 0 153 "Covariance may not be accurate."
2007ax 97 0.0069 1169.6134110107619 5.995204332975845e-14 1.2250406255364679 0.500136857024149 0.0 nan 0.0 3.132145684148213e-05 0.00010562768808053402 87952.74344106682 36.0 -16.424406836462083 1.4726765198158454 1184.55 1248.47 0 97 "Covariance may not be accurate."
2007ba 124 0.0385 1181.2835036246406 9.575673587391975e-15 1.2233425973329437 0.3611229278004384 0.0 7.572456030083231 0.0 2.2564261708990507e-05 8.591371479926835e-05 103345.16565244194 84.0 -18.51644097242785 1.4738096083658192 1190.83 1255.61 0 124 "Covariance may not be accurate."
2007bc 111 0.0208 1181.8170139392719 7.227551890309769e-14 0.8648262763744152 0.5001052611399919 0.0 23.473403732411384 0.9224180616573583 0.44061513666262647 0.7104054533569174 408530.0995861017 64.0 -19.04671574493524 1.8445170569316662 1196.65 1259.53 0 111 "Covariance may not be accurate."
2007bd 110 0.0309 1204.268195660101 1.7236212457305555e-14 0.6500262217249586 0.4863665261914583 0.0 28.782398535052266 0.9234817249141594 0.36771414086100984 0.707602818956682 299939.2706163787 82.0 -18.399741425199338 2.2606047052309286 1197.53 1259.46 24 86 "Covariance may not be accurate."
2007bm 85 0.0062 1215.8683104494214 2.1557755580658977e-13 1.217536789987286 0.2735531474725304 0.0 26.38786610853083 0.9223867115968409 0.4186021028764848 0.6355079008808484 370085.40221165045 48.0 -18.031984183072414 1.4777283638343235 1217.57 1278.52 0 85 "Covariance may not be accurate."
2007ca 117 0.0141 1222.119796521863 5.645484080218921e-14 0.6500000004396536 0.7930338713389797 0.0 3.265077771175129e-05 0.0 4.5677850391001584e-11 0.00125685376462914 849047.9227201258 68.0 -17.36422439289298 2.2606717428996603 1217.65 1275.65 12 105 "Covariance may not be accurate."
2007cg 45 0.0332 1230.556519798413 5.495603971894525e-15 1.2455301284377018 0.4284311079276548 0.0 24.426761139170935 0.9223869125360287 0.38963484358083894 0.724651767819917 21776.230116052633 41.0 -17.448998474762927 1.459255340236286 1235.63 1259.59 0 45 "Covariance may not be accurate."
2007hj 266 0.0141 1337.5526213742598 6.311617894994015e-14 1.0245495421836988 0.5544273255270861 0.0 0.00016883224952835008 0.0 0.0004411469106165855 1.932224830231144e-05 507074.1058018768 108.0 -17.955101827817135 1.6455007585142702 1348.76 1440.53 0 266 "Covariance may not be accurate."
2007hx 65 0.0794 1370.060723500845 8.326672684688674e-17 0.6500017508262443 0.009640708424595412 0.0 0.00014036948050488718 0.0 8.291754449718525e-09 0.05154466708466379 60468.42634316965 50.0 -15.665166743605269 2.2606499350939764 1354.78 1411.73 32 33 "Covariance may not be accurate."
2007if 114 0.0742 1342.08073159485 9.492406860545088e-15 1.2496561383150153 0.5033310656483677 0.0 21.327434980612566 0.9238644107922331 0.36283413708863416 0.7117646214654022 178132.11865970114 62.0 -19.684305381737936 1.4566077352506852 1355.77 1443.6 0 114 "Covariance may not be accurate."
2007jd 70 0.0726 1370.201061558747 8.326672684688674e-17 0.6500000265455803 0.08942290038391404 0.0 29.427692149359586 0.9507868293302959 0.3802588471803968 0.5256874479116034 79926.10711145621 63.0 -15.324794666072407 2.260656786633618 1362.83 1409.83 34 36 "Covariance may not be accurate."
2007jg 113 0.0371 1371.0005692867326 5.995204332975845e-15 0.6500238687265832 3.0236240409042825e-05 0.0 4.182602333457908e-05 0.0 7.410122793150009e-09 0.002297513089093317 285026.5996706271 95.0 -18.605198101078628 2.260594131174148 1363.82 1425.78 30 83 "Covariance may not be accurate."
2007jh 45 0.0408 1369.9805018854988 6.2450045135165055e-15 0.6500249917498043 0.5000999721324867 0.0 0.14187926608656198 0.0 0.00011956281609259989 0.001122004719715325 49720.109552067326 40.0 -17.88366173015811 2.2606083230844725 1363.86 1413.8 14 31 "Covariance may not be accurate. Covariance not positive definite. Covariance forced positive definite."
2007le 242 0.0067 1378.7490679849645 6.536438057480609e-13 0.6734783831668466 0.0851437417068015 0.0 22.24187927609603 0.9225837250535808 0.41260046694970487 0.5220710408832867 380321.45998106385 77.0 -19.78925688677726 2.2035140968898315 1388.57 1470.55 0 242 "Covariance may not be accurate."
2007mm 39 0.0664 1392.2992523133762 7.494005416219807e-16 0.9318575827959026 0.43639330178939456 0.0 0.602644282223082 0.0 0.00016673827237045913 0.00023363526489991737 9409.158590872436 35.0 -16.82651157945515 1.7523242392288054 1385.72 1418.69 5 34 "Covariance may not be accurate."
2007nq 174 0.045 1413.8322546068846 2.914335439641036e-15 1.2193200097412986 0.5137241418377323 0.0 29.546803138210407 0.9240360510504945 0.3067044924359223 0.7141749000181071 190481.7311894309 140.0 -17.25399942079355 1.47652314144203 1397.65 1476.56 55 119 "Covariance may not be accurate."
2007ol 31 0.0559 1394.8075789847462 2.5396351688300456e-14 0.6839808349438936 0.5001139072657456 0.0 0.015233599773068818 1.6653345369377348e-16 0.004659148604991281 0.009876688955362561 28054.245747441633 27.0 -20.114499150846406 2.1789655720770895 1409.79 1422.66 0 31 "Minimization exited successfully."
2007on 308 0.0065 1417.1983635470624 2.6395552410463097e-13 1.2417756038627807 0.1474787842100907 0.0 28.729510548374037 0.9223868011713061 0.3377122555762823 0.5681587958135951 238316.79927854307 110.0 -18.620371551183133 1.4616717203401315 1410.73 1508.61 27 281 "Covariance may not be accurate."
2007so 66 0.0297 1451.6266203437142 4.246603069191224e-15 1.2488871186561628 0.42273486035213387 0.0 27.768109344572622 0.9350807198343801 0.3578370717347293 0.6939107069638399 22942.877626290105 52.0 -16.93349376649658 1.4570984376860565 1449.68 1494.53 6 60 "Covariance may not be accurate."
2007sr 259 0.0055 1462.5278590230985 3.529676551039529e-13 1.2207286971277658 0.5045566019680064 0.0 0.0004564359463756773 4.163336342344337e-17 3.6094885107251784e-05 0.0001112962873155432 859395.2381534767 111.0 -17.84745198517179 1.4755710676472908 1454.84 1955.57 41 218 "Covariance may not be accurate."
2007st 118 0.0212 1448.6397017209383 4.671263376110346e-14 0.8121141669392742 0.4933356423432518 0.0 22.10370772296926 0.9234505604445724 0.44422891096181877 0.7092615643816667 505701.5292241859 86.0 -18.63135834298908 1.9256822774427604 1458.66 1513.52 0 118 "Covariance may not be accurate."
2007ux 151 0.0309 1472.5863439162003 6.2450045135165055e-15 0.6500000000594706 0.11588932831923149 0.0 2.9014442475272517e-05 0.0 9.076073226310655e-12 0.004433377265086913 143047.56442168658 108.0 -18.04259289332792 2.2606578446256016 1466.82 1558.61 39 112 "Covariance may not be accurate."
2008C 121 0.0166 1454.8815340205035 3.95516952522712e-14 1.1476470659043536 0.04778424891042765 0.0 0.003284413824303556 4.163336342344337e-17 0.0006206186881043685 0.0006293407346290025 78424.46571099132 56.0 -18.795720276587176 1.5302684871685788 1469.81 1552.5 0 121 "Covariance may not be accurate."
2008J 81 0.0159 1469.544993618437 1.33060229501325e-13 0.9587918125334505 0.5007226751463725 0.0 24.407850227658287 0.9223871388311113 0.4281877491401247 0.7105337932837497 119232.75746577773 53.0 -19.116922438217173 1.7188144194581554 1484.54 1516.52 0 81 "Minimization exited successfully."
2008O 103 0.0389 1492.8152127042542 2.1649348980190553e-15 1.1729508370084307 0.07312980841738204 0.0 1.9249839749483044 0.0 2.796163819052122e-05 4.7025471097389415e-05 11169.935082208816 80.0 -17.483379490621697 1.5100598684297886 1489.71 1571.48 17 86 "Covariance may not be accurate."
2008R 107 0.0135 1489.0716881278904 5.2707838094079307e-14 1.2452291960210795 0.39995796650020965 0.0 25.194563452412808 0.9223868325507787 0.3902790593713998 0.6831194030358744 293343.14590431843 65.0 -17.97604568669901 1.4594485296943667 1493.63 1532.52 0 107 "Covariance may not be accurate."
2008ae 101 0.03 1493.7410284814173 1.6653345369377348e-14 0.7846383138119984 0.46516365555047684 0.0 24.682209501498846 0.9223868843521477 0.4433229813746009 0.7018495648233314 25755.01652716071 42.0 -18.346407355211348 1.972452474086161 1508.74 1602.52 0 101 "Covariance may not be accurate."
2008ar 132 0.0261 1547.2579542524138 1.074140776324839e-14 0.6529571925210772 0.15978812996587122 0.0 22.48433634922469 0.9264664716463153 0.3520673256229455 0.5753752451638456 291512.22261659947 106.0 -18.17050781215529 2.2532655375751034 1527.79 1627.59 49 83 "Covariance may not be accurate."
2008bc 205 0.0151 1537.5875765346518 6.294964549624638e-14 0.6500050737530821 0.04672858065227237 0.0 25.409417447872897 0.9223868216046731 0.3696877721836524 0.5153849384580937 1262999.4966606044 106.0 -19.093914617511295 2.260642685065486 1541.67 1646.46 0 205 "Covariance may not be accurate."
2008bd 66 0.0301 1526.7027982688764 6.9111383282915995e-15 0.8593763564824807 0.40982329298629616 0.0 9.343380952486768e-06 0.0 7.607580915169887e-06 0.004597205847047953 1622.104672284414 53.0 -17.518766341184197 1.8525045014810715 1541.7 1607.65 0 66 "Covariance may not be accurate."
2008bf 184 0.0235 1555.226173829832 3.372302437298913e-14 1.211576313448264 0.5135901125940593 0.0 27.499789200855275 0.9225030195848513 0.30165450207925976 0.7134656295745919 1000234.7357547327 134.0 -18.467082645194772 1.4818187840722246 1546.79 1646.49 43 141 "Covariance may not be accurate."
2008bi 83 0.0134 1553.9820266158608 8.576472865229334e-15 0.6500000070262588 0.3607880432117333 0.0 27.763367354229104 0.9223891553446057 0.36892836157387554 0.7340473415878646 11666.826013139176 64.0 -16.06442435544064 2.2606668327846684 1551.52 1628.47 18 65 "Covariance may not be accurate."
2008bq 114 0.034 1563.5601681372277 1.0907941216942163e-14 1.1567584067102405 0.4943911342964668 0.0 29.15394363937935 0.9252670604139784 0.34366991331116553 0.7102644174947212 416468.4689341259 100.0 -18.09623783751764 1.5228506800439519 1562.49 1606.46 6 108 "Covariance may not be accurate."
2008bt 84 0.0154 1576.871891586364 1.1823875212257917e-14 0.6500000000079332 0.02625590576922604 0.0 4.452753819350619e-05 4.163336342344337e-17 4.093503314095415e-12 0.0008136688601520503 130839.0260413701 59.0 -17.35559940159541 2.2606548067907397 1571.61 1651.47 18 66 "Minimization exited successfully."
2008bz 70 0.0603 1567.0635170277583 5.578870698741412e-15 1.2499236680350398 0.1675811859737169 0.0 21.25609356568293 0.9223869517961009 0.3660900858354575 0.7335484836557584 147041.00708843837 48.0 -19.316289095156662 1.4564275628484395 1580.72 1651.52 0 70 "Covariance may not be accurate."
2008cc 167 0.0104 1567.8634373209638 1.2964629370060266e-13 0.9286616151955358 0.001229002675105284 0.0 9.494838195678312e-07 4.163336342344337e-17 7.656299624292373e-07 0.0001237674121043475 327274.2787592048 56.0 -19.135027452152734 1.756431272936192 1582.86 1654.86 0 167 "Covariance may not be accurate."
2008cd 23 0.0074 1580.920064406581 1.2406742300186124e-14 0.7722696419590084 0.47278263933984116 0.0 15.36857015503449 0.9233151791161814 0.44253695967978235 0.7041620573720818 1825.2328185631757 19.0 -14.932269755451951 1.9947522811022864 1587.74 1595.73 0 23 "Covariance may not be accurate."
2008cf 96 0.046 1599.0288069646294 6.494804694057166e-15 0.9130526467710086 0.5020979800444266 0.0 2.3659263146564626 0.0 6.569019097235618e-06 8.322222999956885e-06 401114.1667922838 71.0 -18.191911437788683 1.7769881771565856 1595.77 1654.65 19 77 "Covariance may not be accurate."
2008ff 230 0.0193 1714.8233665270275 3.097522238704187e-14 1.242028920006077 0.4595686773940522 0.0 0.026131160568297673 0.0 2.4777564363032134e-05 0.00031667860055734076 735696.6884279195 112.0 -18.057511097779322 1.4615162185299795 1724.53 1790.57 0 230 "Covariance may not be accurate."
2008fl 186 0.0199 1728.891357586187 1.3322676295501878e-14 1.2398511535708105 0.507284768139118 0.0 0.017286411819782188 0.0 2.7734965917236565e-06 1.918575279419299e-05 392350.10044508125 127.0 -17.101808951258 1.4629291791818702 1724.49 1789.53 33 153 "Covariance may not be accurate."
2008fp 300 0.0057 1715.0939994265477 5.171696404460135e-13 0.6500000001515743 0.3276066044242931 0.0 1.2411989359861764e-05 4.163336342344337e-17 8.760936420770804e-12 0.0006520003108368977 938585.0434435874 98.0 -18.706689875803374 2.260666125968191 1724.84 1874.61 0 300 "Covariance may not be accurate."
2008fr 150 0.0397 1739.9322730190602 7.577272143066693e-15 1.1242087335584616 0.5011166184506076 0.0 29.141919383960158 0.9256378001598684 0.4442278248043205 0.7120047311191373 282267.7281963484 110.0 -18.030898833475046 1.550172118134956 1738.78 1807.57 3 147 "Covariance may not be accurate."
