analysis_pipeline/fit_results/csp_5_sn91bg_color_interpolation_all.ecsv
# %ECSV 0.9
# ---
# datatype:
# - name: obj_id
#   datatype: string
# - name: num_points
#   datatype: int64
# - name: z
#   datatype: float64
# - name: t0
#   datatype: float64
# - name: x0
#   datatype: float64
# - name: x1
#   datatype: float64
# - name: c
#   datatype: float64
# - name: z_err
#   datatype: float64
# - name: t0_err
#   datatype: float64
# - name: x0_err
#   datatype: float64
# - name: x1_err
#   datatype: float64
# - name: c_err
#   datatype: float64
# - name: chi
#   datatype: float64
# - name: dof
#   datatype: float64
# - name: b_max
#   datatype: float64
# - name: delta_15
#   datatype: float64
# - name: tmin
#   datatype: float64
# - name: tmax
#   datatype: float64
# - name: pre_max
#   datatype: int64
# - name: post_max
#   datatype: int64
# - name: message
#   datatype: string
# schema: astropy-2.0
obj_id num_points z t0 x0 x1 c z_err t0_err x0_err x1_err c_err chi dof b_max delta_15 tmin tmax pre_max post_max message
[from data line 99]
2005am 203 0.08498148125290993 480.2868924941926 2.6478819137309983e-14 1.1718740573862965 0.5000075560242332 2.1327933447112812e-09 9.680557511160259e-05 4.163336342344337e-17 3.474315757312496e-07 0.7337047773612129 2634351.1996899345 185.0 -21.11435675709889 1.511397438474578 432.58 512.46 165 38 "Covariance may not be accurate. Covariance not positive definite. Covariance forced positive definite."
2005iq 154 0.045920043809076515 706.110374434159 4.829470157119431e-15 1.248534230964761 0.012293208653184562 0.06009171556936245 61.12006476199167 0.9223869151179105 0.3810799297875011 0.6584604250244556 597872.1147564731 104.0 -18.828256760219382 1.457719706004017 682.55 755.55 95 59 "Covariance may not be accurate."
2008bd 66 0.0020000505696688414 1582.9591285789134 8.326672684688674e-17 0.6502084014597237 0.14898807838937905 0.05405662303264744 62.394541866805525 0.9774654027337577 0.3857836515803059 0.730494043702372 66899.19498825664 53.0 -7.297710763153418 2.2618201243628846 1541.7 1607.65 61 5 "Covariance may not be accurate."
2007S 192 0.08499999631613891 1117.7700002698828 1.7560952692008414e-13 0.6501052086030891 0.49651640495335875 2.233907503423893e-11 4.1659186422293715e-05 0.0 1.0166481267948058e-08 7.64718448925672e-07 546208.5704146309 102.0 -23.17756808449879 2.262091607008454 1132.77 1246.54 0 192 "Covariance may not be accurate."
2005bo 54 0.002004616837761612 480.6163113948271 5.2458037913538647e-14 0.6518843115642247 0.49969662774499546 7.529238887308415e-09 0.022778801369469193 4.163336342344337e-17 4.090833824466067e-07 6.6771734640036495e-06 110078.9323609866 49.0 -13.5880135688977 2.257627706195656 478.75 512.76 12 42 "Covariance may not be accurate."
2006bt 88 0.08284441539112994 866.7688891037848 6.827871601444713e-15 0.6500000000042448 0.003667852018521822 6.328951869527533e-09 1.2624983071418683e-05 0.0 7.652212197228891e-13 0.0004244975511343285 279831.83961658186 56.0 -20.556648728595626 2.2623392579792956 853.76 891.71 48 40 "Covariance may not be accurate."
2008fl 186 0.08498985789881716 1742.648912814305 8.909539772616881e-15 1.2483224883024917 0.4043363890177698 0.05192420746950014 55.5443971741646 0.9457184616102214 0.38189858308752517 0.6905578989741469 1175646.3652786878 137.0 -20.145874609726317 1.4578668056507667 1724.49 1789.53 79 107 "Covariance may not be accurate."
2007st 118 0.08499998449823638 1471.0242712071731 1.8318679906315083e-14 0.6500000000000125 0.4668034525876078 1.2037766616845857e-11 1.1445371910667745e-05 0.0 2.9032332093947844e-14 0.323678163764872 244900.91609524604 71.0 -20.793943848104767 2.262355209316418 1458.66 1513.52 49 69 "Covariance may not be accurate."
2005hc 163 0.08499697567377167 707.5389888006029 2.498001805406602e-16 0.6500000942088476 0.16125706709063947 0.05160637505910592 79.04475360878325 0.92880023771831 0.37162138238443587 0.5768732911079207 934800.1837654294 119.0 -16.74034542149895 2.2623447267216257 661.67 755.61 122 41 "Covariance may not be accurate."
2009ab 102 0.002000102428006555 1902.8065241107263 1.9567680809018384e-14 0.8799164673422311 0.3396380011116249 3.6859196164001906e-10 7.243490085784288e-05 0.0 1.1651436797599501e-06 0.005480495773744126 1305739.2925051767 55.0 -12.849512700358652 1.823700375291594 1874.57 1911.51 90 12 "Covariance may not be accurate."
2007as 153 0.022591062797827362 1187.8171506979593 2.040034807748725e-14 1.249816917786371 0.19570957506802295 0.05177655683587895 62.9319393639247 0.9228497818540777 0.3735109776376823 0.5969534304404196 302193.2876285396 102.0 -18.471400699859057 1.4569029464291177 1175.59 1259.49 35 118 "Covariance may not be accurate."
2006hx 70 0.08499970779648185 1045.4832862842982 3.497202527569243e-15 0.6500006986858621 0.2553411885454515 3.435699086340449e-10 9.23568555890597e-05 0.0 1.4286126726048565e-09 0.00858278298437709 70818.07336419326 51.0 -19.39754908131336 2.262348309160622 1012.66 1080.59 47 23 "Covariance may not be accurate."
2008ff 230 0.005991642522020398 1747.2929648729512 6.328271240363392e-15 1.2479584153234557 0.10863308289720958 0.05862600177755538 56.895001424502766 0.9223869097475603 0.3537851594626405 0.5409684409165205 1262691.0538259458 142.0 -14.467232214170878 1.4580920996409468 1724.53 1790.57 126 104 "Covariance may not be accurate."
2009ds 92 0.08088385383661852 1939.895113919848 9.084399898995343e-14 0.8617098136348462 0.0017927955903832005 2.5236377848569802e-08 4.286618832338718e-06 8.326672684688674e-17 4.0150527419458015e-07 0.00012810179104061348 216430.09210778488 50.0 -23.314662297807022 1.8500156905770453 1954.64 1976.62 0 92 "Covariance may not be accurate."
2008O 103 0.08499999994569893 1571.4705538182798 8.326672684688674e-17 0.6500000052490655 0.015168027249430338 0.05133604320790559 59.44512146013585 0.9277761295617013 0.3711343178196751 0.6628609943762982 227482.70350776266 72.0 -15.812786521957275 2.26233957093989 1489.71 1571.48 102 1 "Covariance may not be accurate."
2006ot 118 0.08499999735883844 1082.7578577723853 1.6653345369377348e-16 1.2452042441816524 2.571646601556843e-06 6.163736188113944e-11 0.00017126432771874534 0.0 2.2237618013676297e-07 7.798581499512958e-05 211233.5391115776 75.0 -16.58951376953744 1.4598616645633484 1063.72 1131.63 69 49 "Covariance may not be accurate."
2006py 35 0.08499380485619352 1056.4436791110293 7.327471962526033e-15 0.877891217039619 0.03714620134426416 0.051066580081678276 18.967997929391117 0.9284345707266928 0.44115223916151547 0.6859561393067546 40883.21723732318 30.0 -20.637841805144625 1.8265796743770295 1069.54 1091.54 0 35 "Covariance may not be accurate."
2005be 68 0.002000010708293863 457.67479622462884 1.3072876114961218e-14 0.6500000001630168 0.0008796983160220262 3.051499547837566e-11 1.3027705051626981e-05 0.0 1.0126177674152359e-11 0.0001351334305306484 141280.06816063853 63.0 -13.050413328151368 2.262339180145407 467.89 491.77 0 68 "Covariance may not be accurate."
2006fw 31 0.0849965143002268 990.6092865794554 1.582067810090848e-15 1.2498092045658127 0.013847615979134975 7.207947952253546e-07 0.0042505688988399015 0.0 nan 0.00014483337595197487 18912.907339549743 26.0 -19.01170068810483 1.456902008693362 1001.75 1039.73 0 31 "Covariance may not be accurate."
2007ax 97 0.08499999938749996 1193.3360466525141 4.629630012686903e-14 0.6812140005178229 0.5000151620965606 1.880527644090857e-07 0.03769428414796039 2.0816681711721685e-16 0.0032935996134070278 0.004506704943833928 176486.02769255845 61.0 -21.721464994611175 2.186936723373666 1184.55 1248.47 21 76 "Covariance may not be accurate. Covariance not positive definite. Covariance forced positive definite."
2007jg 113 0.08314957345227893 1365.7488187655913 1.915134717478395e-15 0.9225562113906589 0.4827365125331851 0.05576913591456875 46.93902184158355 0.9223869367084432 0.4193835496140018 0.706274452893462 379012.36510032194 91.0 -18.25437664921235 1.765244439773003 1363.82 1425.78 17 96 "Covariance may not be accurate."
2007af 307 0.08499386896697252 1170.9182334923312 2.4846791291111003e-13 0.6555442931744498 0.5052249951893352 9.005964349273476e-09 0.01214710945976094 3.7470027081099033e-16 1.3189443028860381e-06 3.8525771151431965e-05 1262587.0405210203 164.0 -23.537372076340652 2.248515945399454 1162.76 1257.72 58 249 "Minimization exited successfully."
2008cc 167 0.06797161305364471 1590.501559653666 5.2458037913538647e-14 1.2393761413742685 0.42799084763315665 0.06126030804094973 54.76907978336317 0.9229371818398103 0.3998054277277295 0.6918033445828267 466493.3682841703 120.0 -21.510477982274537 1.4636479560019886 1582.86 1654.86 29 138 "Covariance may not be accurate."
2006ef 56 0.07910365156812667 1017.970358015078 6.2450045135165055e-15 1.1967786104792855 0.5000058025199421 4.3705367311352994e-08 7.203504623021217e-05 0.0 3.496453393481147e-07 0.3571501953074345 641627.7123569878 51.0 -19.381398668930096 1.4927301837377236 979.9 1040.71 46 10 "Covariance may not be accurate. Covariance not positive definite. Covariance forced positive definite."
2007nq 174 0.08499953937071374 1408.677249062142 6.661338147750939e-15 0.7323054190935734 0.5242559388239743 0.05114851397511811 59.82969909652161 0.9258697974637321 0.3364083231773632 0.717279229905013 236376.60597909545 130.0 -19.577622093143404 2.0740710207814637 1397.65 1476.56 31 143 "Covariance may not be accurate."
2008bq 114 0.08488738652276455 1582.497420528327 6.494804694057166e-15 0.679447767746346 0.17320791280239922 2.779355641469028e-09 2.726250863815949e-05 0.0 1.1796098148275647e-07 0.001516206633923739 1070327.127114484 91.0 -20.249959717318685 2.1910492039291043 1562.49 1606.46 74 40 "Covariance may not be accurate."
2008hv 225 0.012600000116100707 1912.4540901794114 5.093762267815993e-07 0.7062362725058062 0.512317221201557 0.0 0.0 0.0 0.0 0.0 2466487.424572911 140.0 -35.045321723592544 2.130038523082027 1804.8 1912.7 223 2 "Hesse Failed. Covariance may not be accurate. Covariance not positive definite."
2009I 55 0.08499769157543352 1845.4672617008528 4.413136522884997e-15 0.6500009467865044 2.2174245772887957e-10 1.0514559292684744e-09 4.207077438422857e-05 0.0 1.8111080968274962e-09 2.166160159317032e-05 56613.481225692645 23.0 -20.147569989857175 2.262336773706103 1846.58 1867.58 0 55 "Covariance may not be accurate."
2004gc 134 0.08056476661168953 360.9842976695088 1.9984014443252818e-15 1.0154284183759796 0.49868651904961825 0.05787392126657192 59.81491380285652 0.9223937787431082 0.40814361943384875 0.7100681732595097 688646.1243932977 129.0 -18.18948809515981 1.6557420857890328 329.83 397.66 81 53 "Covariance may not be accurate."
2005lu 88 0.08192257352900958 747.1089944649957 2.0816681711721685e-15 1.249881545173733 0.16635183364299522 2.1016326218967207e-06 0.001318671089052259 0.0 7.819180818380289e-07 0.09576491871581005 143182.26484491891 78.0 -18.94721801794586 1.4568603052200402 719.66 799.52 46 42 "Covariance may not be accurate."
2007al 120 0.0849999998085749 1210.8439790809234 8.326672684688674e-17 0.9201320519924099 3.062471695275404e-05 0.05107792137923361 66.32715506179227 0.9230646107132086 0.41887427345130096 0.6125892954643752 291761.8071660452 79.0 -15.836894721250246 1.7684225584328317 1170.77 1246.58 85 35 "Covariance may not be accurate."
2005gj 227 0.017317441602770926 712.7484950045986 9.409140133698202e-15 0.8605414254382865 0.5383401418538086 4.626930188949413e-05 3.7506249723775227 4.163336342344337e-17 0.0004181372938812933 0.0008116329901933228 387300.48834680987 139.0 -16.367478219871067 1.8517482330352024 698.7 1016.76 48 179 "Covariance may not be accurate. Covariance not positive definite. Covariance forced positive definite."
2008bz 70 0.0849977691449534 1585.5188570446367 8.326672684688674e-17 0.6802338853540806 0.5011356993436334 7.601160964543219e-09 0.13115521482518488 0.0 2.3262568084603252e-06 9.374485405555522e-06 342861.9614692103 65.0 -14.856951306115985 2.1892226015643743 1580.72 1651.52 18 52 "Covariance may not be accurate."
2007bc 111 0.08447937650057055 1205.1378762062075 1.7569279364693102e-14 0.785741752641733 0.1942132700315482 0.005287771056776136 0.004003218763500627 0.0 0.000841780463062547 7.801332000451078e-05 344012.40289111476 76.0 -21.27424171855978 1.97165292775842 1196.65 1259.53 31 80 "Covariance may not be accurate."
2008fr 150 0.08499999339777879 1775.9823184488475 8.326672684688674e-17 1.120906176045998 1.460193725211223e-06 1.18917396763063e-10 0.0002116592080483315 0.0 1.252322829659036e-06 0.00010827970911947427 558233.964306672 108.0 -15.836940437591608 1.553607884932518 1738.78 1807.57 105 45 "Covariance may not be accurate."
