analysis_pipeline/fit_results/csp_5_salt2_2.4_red.ecsv
# %ECSV 0.9
# ---
# datatype:
# - name: obj_id
#   datatype: string
# - name: num_points
#   datatype: int64
# - name: z
#   datatype: float64
# - name: t0
#   datatype: float64
# - name: x0
#   datatype: float64
# - name: x1
#   datatype: float64
# - name: c
#   datatype: float64
# - name: z_err
#   datatype: float64
# - name: t0_err
#   datatype: float64
# - name: x0_err
#   datatype: float64
# - name: x1_err
#   datatype: float64
# - name: c_err
#   datatype: float64
# - name: chi
#   datatype: float64
# - name: dof
#   datatype: float64
# - name: b_max
#   datatype: float64
# - name: delta_15
#   datatype: float64
# - name: tmin
#   datatype: float64
# - name: tmax
#   datatype: float64
# - name: pre_max
#   datatype: int64
# - name: post_max
#   datatype: int64
# - name: message
#   datatype: string
# schema: astropy-2.0
obj_id num_points z t0 x0 x1 c z_err t0_err x0_err x1_err c_err chi dof b_max delta_15 tmin tmax pre_max post_max message
2008J 43 0.08399999999731228 1469.5400000000197 0.009120628168705935 1.2300323275523812 0.9999999998446971 4.992716893130467e-06 0.0005368963165892637 1.5750574015945158e-05 0.02350423334526308 4.09018874496514e-05 29145.73056952833 14.0 -22.389388775227662 0.7996558239248479 1484.54 1516.52 0 43 "Minimization exited successfully."
2005kc 77 0.016873132521254552 698.4538287974839 0.004684354460570201 -0.3827373895435908 0.5790957926737619 0.002381089039176133 0.030198126145478454 0.00010471647841591011 0.0419160710002382 0.017579233243615322 140.40908911680825 20.0 -18.03654021975959 1.0893601435950124 687.52 728.54 34 43 "Minimization exited successfully."
2005A 109 0.01908472599814154 381.5657853852148 0.000987838783084416 -0.6378860085297484 0.8809935952675896 5.863019131371883e-07 2.2154796283757605e-05 1.2655973982617032e-05 0.016713596028220756 0.008234499916628613 5975.619017054929 61.0 -16.6413517969243 1.1142610010939826 376.65 433.53 6 103 "Covariance may not be accurate."
2009Y 148 0.022931570799582888 1877.7663175843911 0.0480551468679472 0.028083834468212387 -0.11469993712350601 0.0005478019140271306 0.02796981831716039 0.00043650845672824415 0.014092850779721111 0.005745956964182286 206018.2509383973 54.0 -21.223340161700033 1.0537459575145185 1868.84 1976.65 23 125 "Minimization exited successfully."
2004gs 135 0.02667917696480418 358.34624872515 0.002379937775382807 -2.48510000428966 0.09014914684910225 6.56041934388174e-08 4.110552794145406e-06 3.1314296187370805e-05 0.015962824564232037 0.008837510540245064 58320.092179137064 91.0 -18.293912286196154 1.625362325636921 352.85 461.56 8 127 "Minimization exited successfully."
2004eo 122 0.05333824419923228 279.22179327810426 0.011483016126169577 -1.3492101160897931 0.08648160264769622 0.0004154236847814241 0.006994264770696645 6.723776448723864e-05 0.0065522858482658375 0.004414899485651214 17659.680107721353 69.0 -21.550279826910423 1.326788087712515 266.52 341.54 49 73 "Minimization exited successfully."
2008gp 96 0.018388889412873085 1779.8831715200306 0.002572573823710528 0.12361564779090273 0.2133964009269247 0.002172027951977299 0.026437924208494223 3.592072435063963e-05 0.024652520731723193 0.011370317796709495 456.81901403216085 35.0 -17.559949466959416 1.0191148751924146 1768.75 1844.52 26 70 "Minimization exited successfully."
2007ca 73 0.003500000088182488 1228.096827846305 0.004519587537914063 0.7623231222619413 0.5417804906140424 8.829206406925556e-05 0.020916279966741058 4.049438265388413e-05 0.01854070484312098 0.005722110512407896 1385.7025981216818 19.0 -14.558188983965973 0.893404470360398 1217.65 1275.65 18 55 "Minimization exited successfully."
2009al 68 0.02409633028497363 1896.365450161761 0.00396623879967476 -0.6889812643346804 0.3968993819329465 7.71830028119258e-08 7.635321253474103e-06 7.590122214071876e-05 0.015726321641480467 0.010793861482150113 818.3215994050395 23.0 -18.63188884878256 1.1608385474818341 1891.71 1973.54 18 50 "Covariance may not be accurate."
2008ae 71 0.08399999539037795 1516.0934276609821 0.00033757985295950756 1.2658402943599487 0.999999967113226 0.00018978072566699228 0.20858387523708188 1.8904713821862927e-06 0.26840062572903944 0.003251572052504814 72.63963009035024 5.0 -18.810317411786354 0.7942000470227448 1511.74 1602.52 9 62 "Minimization exited successfully."
2006dd 76 0.041571575914432 978.3788471305276 0.009257196832056863 0.0008064904451767774 0.6711474917627289 0.000998303071050262 0.09749612606339042 0.0001702535171014324 0.030852376752712463 0.012763399285610655 134707.4591189256 70.0 -20.78092665939341 1.0146881941906063 979.93 1147.57 0 76 "Minimization exited successfully."
2005ki 147 0.0035000003516006887 705.7406518100992 0.009131902577262466 -1.3536618094191475 0.01686680777621219 0.00013712622122566062 0.01798242501661207 0.00010242366594116151 0.011634131280343185 0.007232869785914198 135686.8545230061 83.0 -15.304719868772004 1.3338630275537184 695.86 858.54 17 130 "Minimization exited successfully."
2007if 25 0.07618936052281389 1355.851833524234 0.0003926886998577517 0.27712003802671337 0.9999640473448594 9.436425528128178e-07 4.166088274359936e-07 2.4214095694558067e-06 0.0647144416799681 0.018903196701743008 2229.1362344415406 10.0 -18.749580403482522 0.9486040264989057 1357.77 1443.6 0 25 "Covariance may not be accurate."
2006D 151 0.008500819585882082 759.3366544114624 0.03161064374024666 -1.7194029544154739 0.05624637205938465 4.200720551076481e-07 1.9080152526385064e-05 0.00025020873731768783 0.00839667968187685 0.005032319885452163 254529.23833707566 74.0 -18.588332637867232 1.418713730456039 752.87 891.61 4 147 "Minimization exited successfully."
2006lu 48 0.053491842478716495 1039.1769811594545 0.0010462849968296106 -0.016571899873531137 0.05263861426923322 1.9453663066063e-06 0.0001395701658566395 2.5277374434404254e-05 0.04453879984765141 0.017843229772788183 8070.587370580397 38.0 -18.956205904499615 1.0534392467531504 1040.84 1137.75 0 48 "Minimization exited successfully."
2009ag 136 0.04897649181175583 1889.2226996729278 0.008888142957410477 0.08189686318366896 0.5184185710310083 0.0013338848983478896 0.07270986086825815 0.0001832703347578674 0.021568979790332232 0.014087822173198261 1332.4542102570765 31.0 -21.09481809373628 1.0096087777450968 1886.62 1959.54 14 122 "Minimization exited successfully."
2006ev 87 0.03669106696461446 990.2037216764148 0.002136150927751615 -1.3269902762795818 0.09310084197799462 0.0035992484745376516 0.09609898483449797 4.5344212816968155e-05 0.04613001869149369 0.017416158344271016 68.14238917373248 15.0 -18.885314354711817 1.321085246349039 993.59 1039.52 0 87 "Minimization exited successfully."
2009cz 51 0.031204591431948727 1943.9709127455776 0.00839758897515276 0.4315456571813119 0.027628242340648645 0.001956214366528668 0.050279086901014125 0.00016186953862154865 0.06645195348451516 0.015370440897223725 63.57047476987071 11.0 -20.011587024136016 0.9731564627739928 1937.53 1966.46 12 39 "Minimization exited successfully."
2006gj 70 0.03574247212378031 1000.9428938826118 0.0010496093628759252 -2.3081631087580767 0.4116759532215175 nan nan 2.4851310806547813e-05 0.02942969917551208 0.014801456713794403 3798.1614559734917 30.0 -18.06359739245346 1.5334592063614174 998.83 1096.59 2 68 "Covariance may not be accurate."
2005el 143 0.05338837517225519 648.5695706119327 0.009143092886967855 -1.4528439416302161 0.16292215871547566 0.05890795592180116 15.18514482633094 0.0157614139133547 6.679017784913286 0.8244838329898393 56368.82635579357 41.0 -21.305988578682758 1.3440175171329027 639.89 730.75 15 128 "Covariance may not be accurate."
2007jh 20 0.08399999984359435 1366.384524899467 0.0007696331061626399 -1.7617623797026951 0.09037375618204835 0.00017072356310772474 0.17335293029771037 2.958418379462593e-05 0.12015393445601275 0.029546546154035402 509.215776781174 13.0 -19.649269707200265 1.4259181485781767 1363.86 1413.8 4 16 "Minimization exited successfully."
2007so 39 0.0839999996458439 1434.6800000005887 0.00258051182934157 -1.6142696202919837 0.07146185238686087 4.5906897451597484e-05 0.0019910666489977302 5.095606181010218e-05 0.03273983839722572 0.013166157263155509 2744.9936302834863 11.0 -20.962714028922743 1.3911968934298642 1449.68 1494.53 0 39 "Minimization exited successfully."
2006gt 54 0.0704031951685108 1003.1303948816594 0.0008513358199848776 -2.392140617806099 0.09907943232664573 0.059155376429902526 53.041981415253304 0.027866826701930435 6.298282665168996 1.4414388787882912 978.2300027929621 20.0 -19.354478306726506 1.5965422953834434 1001.67 1076.62 6 48 "Covariance may not be accurate."
2007ai 59 0.031715735032140466 1176.285378220677 0.0007112660492524792 0.4365071898196291 0.6391850425067787 6.787001940559978e-07 2.618215364691423e-05 2.4880189583438594e-05 0.07701522352798129 0.023621425369958038 1954.4071005073047 28.0 -17.389352854437636 0.9424039414340513 1167.88 1259.7 20 39 "Covariance may not be accurate."
2006hb 101 0.08399999994939697 999.5714462558235 0.017214211007574972 -1.9979938748458115 -0.30619020558084464 7.665028377113609e-05 0.05842519014163372 0.00016988938843446114 0.01742996623954496 0.006492577550279877 37802.65079431247 49.0 -23.027185901384094 1.5293788164196673 1006.87 1143.59 0 101 "Minimization exited successfully."
2007hj 173 0.05385358306178757 1344.2897526610163 0.010594552295139524 -2.1071626452571257 0.09247767111351979 0.0005351316063541209 0.041020717054152556 9.025199448350636e-05 0.009200296198028646 0.005847732368893133 45908.97865910131 51.0 -21.484284529200323 1.5164152960224992 1348.76 1440.53 0 173 "Minimization exited successfully."
2008ia 109 0.003500006694584686 1813.123243927195 0.0031178815268183644 -1.3415085455937903 0.31554674814457484 0.0005953741815157313 0.0799474436263381 6.639712082210508e-05 0.0482396378249661 0.014180654353469269 237.71002995335908 24.0 -14.143351765539677 1.304583695701556 1809.77 1874.69 15 94 "Minimization exited successfully."
2007ol 7 0.016728079842873254 1415.0314071975024 0.0002453497330293597 -3.332182678006867 0.9972022823889668 0.020761737670227008 0.4190782476525783 2.8184791303731416e-05 1.9304211795405504 1.2978926866714313 4.917937786072619 2.0 -14.849272050028649 1.740797419966892 1409.79 1422.66 3 4 "Minimization exited successfully."
2008fw 70 0.0084607302270481 1745.387393552915 0.018363571018647214 -0.1735055685854423 0.1683275972615148 0.040279576213875436 60.594311893061786 0.033615643683832123 7.062977453451994 1.4535436052307393 240221.58911620863 40.0 -17.99046833198793 1.0764051165468622 1740.89 1827.81 2 68 "Covariance may not be accurate."
2005mc 31 0.08399999957786364 729.8507972964129 0.004423843732749164 -2.055854085426105 -0.20688218173994155 5.21904952218849e-05 0.13456491184825836 6.504956480833787e-05 0.0242993940519467 0.008765471708522654 1672.039376404952 26.0 -21.549450768877232 1.53528765576662 736.79 773.62 0 31 "Minimization exited successfully."
2009dc 76 0.08399999666731751 1949.710123897704 0.010078399501997596 1.5870518623163061 0.28381250724915086 2.6850244372697563e-05 0.04908257336319366 9.088384047525877e-05 0.03556045880383785 0.0064343849708042855 13931.45684691148 14.0 -22.4483307045802 0.7698449070448525 1938.77 1976.68 29 47 "Minimization exited successfully."
2009F 82 0.03781096411696429 1844.3398779161262 0.0018799630358318999 -3.587292601008838 0.513142665457397 0.00045698545402983806 0.022328711765567277 2.742507006054523e-05 0.021811512011908674 0.009763457398222597 24068.646975295636 27.0 -18.826453805017863 1.9283811357375917 1837.75 1884.63 36 46 "Minimization exited successfully."
2008go 19 0.08287937987756869 1766.67845700642 0.0012799986048571356 -0.9239121389757283 -0.2297893393704733 0.06007216230707768 0.1788088334775466 0.00014657432953329996 0.3350406137629829 0.11774463018151571 10.674799328793217 7.0 -20.173168240292732 1.2550110598886874 1764.54 1776.58 6 13 "Minimization exited successfully."
2008cf 51 0.045965866721103296 1596.371794536095 0.0025056314909654128 0.5785075700963631 -0.13896835210528524 2.1635096224929817e-06 0.00021415177604922064 3.790456721185372e-05 0.028341260451540506 0.01075838830865855 9110.73696739077 21.0 -19.56436724089492 0.9542550919443293 1595.77 1654.65 2 49 "Covariance may not be accurate. Covariance not positive definite. Covariance forced positive definite."
2006bd 31 0.0035001190948712835 809.8693968838853 0.0008834405691279718 -1.6397923985827179 0.6399904816658797 0.002727070040994307 0.17258927988962114 3.636722278364395e-05 0.055564519597878004 0.026183407802103376 1343.9319913060215 11.0 -12.790629848585283 1.341262591091958 822.75 872.57 0 31 "Minimization exited successfully."
2007bm 50 0.003500004492616566 1223.5256970032656 0.019506864346297583 -0.4936501502502715 0.7053746918965196 0.00014644600428462772 0.06741022941753272 0.00022779618706614269 0.016942610863622143 0.006918217382877345 705.3584764103653 12.0 -16.155938968642605 1.1009149598328154 1217.57 1278.52 7 43 "Minimization exited successfully."
2006kf 118 0.05236466694914428 1040.5511220196536 0.003506959698457804 -2.220810997114266 0.12776151257532753 0.0009096503727429733 0.03706901585292144 4.9951569023633235e-05 0.022032268507624853 0.010389859030011994 7113.179182465973 34.0 -20.22105833088765 1.543894236793932 1036.81 1127.64 20 98 "Minimization exited successfully."
2008bt 35 0.05440456488570766 1568.4306653205995 0.003222422316320922 -2.566236152789609 0.403936489160861 0.0025608750813305436 0.090148098292957 0.00011022454415507985 0.030371799942297883 0.02411401563610971 13811.118520000136 23.0 -20.223112933756173 1.6071640360327812 1571.61 1651.47 0 35 "Minimization exited successfully."
2006mr 118 0.08399999981079367 1052.154103390757 0.016905375174819093 -3.101484930977789 0.047773019642480374 1.4155658979185526e-05 0.03104685608991531 0.00021441532204824996 0.023918503173840033 0.008784008584772462 33300.77431410943 52.0 -23.002788275041247 1.8356483920612856 1045.86 1147.57 16 102 "Minimization exited successfully."
2007le 148 0.01568668281303275 1399.8164048144893 0.04999999707375831 0.29868394027797596 0.18112414035662683 0.001395579444936161 0.04233191572132 0.001579376403776627 0.012970970336485088 0.0030165626357442354 185277.26071979952 45.0 -20.431278185792628 0.9894534773682384 1388.57 1470.55 30 118 "Minimization exited successfully."
2008hu 52 0.06039945418887604 1805.5619435840456 0.0011323001019495989 -1.7066002641159255 -0.07549769023113717 0.0017764292780498153 0.10550982057247893 2.566060435805757e-05 0.0509501844839062 0.01777619618261933 194.38637349290676 27.0 -19.31573064814417 1.4283793528445834 1804.74 1844.84 5 47 "Minimization exited successfully."
2009J 18 0.04063909157658691 1831.7400000570278 0.0006142876608248333 -0.885880138908723 0.45997178268639294 0.003780477592746412 0.08167332785092185 3.693932289315085e-05 0.058708972346168675 0.04161478791379747 37.56911818365438 9.0 -17.771527810883136 1.1953914875696618 1846.74 1867.68 0 18 "Minimization exited successfully."
2007N 100 0.003500025304653167 1111.5567707807638 0.0020523190934810228 -2.8577893922178577 0.7062746344573934 3.5735509430485056e-05 5.8681767995949485e-06 4.261834502382886e-05 0.017713015415163458 0.012697180108656836 12919.513080712404 38.0 -13.709981275015465 1.6474336201587043 1123.82 1213.67 0 100 "Minimization exited successfully."
2006ob 38 0.08399999981824749 1063.4108769773964 0.000961080493942737 -2.0212726552817504 -0.12844117261335875 0.0007761050560404353 0.1447886861689085 2.8104071467871593e-05 0.08399856216664947 0.022181501978860985 412.585394163288 20.0 -19.89059666854705 1.5172152068313878 1060.65 1121.57 2 36 "Minimization exited successfully."
2006bh 102 0.045309335599085586 832.6657854759588 0.032711001596623636 -1.5345667809358918 -0.16482918184850337 0.000844307726250524 0.032622840661815644 0.0002442601681645583 0.010739549328240283 0.00582070883302227 31198.267776589186 32.0 -22.32060542438466 1.3933229918079153 829.91 891.79 14 88 "Minimization exited successfully."
2007ba 68 0.0839999999948203 1198.97636586851 0.0017406169519504106 -2.6872117880237063 0.002932755611743776 0.00025166819018253295 0.07562727526214985 5.318066943007507e-05 0.09533833066387021 0.02290777262694288 403.2600338856406 20.0 -20.534469706426048 1.700250185502039 1190.83 1254.75 26 42 "Minimization exited successfully."
2008fp 185 0.005697434944798593 1733.5270318599437 0.015123097561200761 -0.17147477361753616 0.9076921160031481 1.1841577967058176e-07 4.8326040769097744e-06 6.246567288979536e-05 0.009174199555850304 0.002413199040298908 251248.0770778033 52.0 -16.959217908753168 1.029319256207211 1725.83 1874.61 50 135 "Covariance may not be accurate. Covariance not positive definite. Covariance forced positive definite."
