analysis_pipeline/fit_results/csp_4_salt2_2.4_blue.ecsv
# %ECSV 0.9
# ---
# datatype:
# - {name: obj_id, datatype: string}
# - {name: num_points, datatype: int64}
# - {name: z, datatype: float64}
# - {name: t0, datatype: float64}
# - {name: x0, datatype: float64}
# - {name: x1, datatype: float64}
# - {name: c, datatype: float64}
# - {name: z_err, datatype: float64}
# - {name: t0_err, datatype: float64}
# - {name: x0_err, datatype: float64}
# - {name: x1_err, datatype: float64}
# - {name: c_err, datatype: float64}
# - {name: chi, datatype: float64}
# - {name: dof, datatype: float64}
# - {name: b_max, datatype: float64}
# - {name: delta_15, datatype: float64}
# - {name: tmin, datatype: float64}
# - {name: tmax, datatype: float64}
# - {name: pre_max, datatype: int64}
# - {name: post_max, datatype: int64}
# - {name: message, datatype: string}
# schema: astropy-2.0
obj_id num_points z t0 x0 x1 c z_err t0_err x0_err x1_err c_err chi dof b_max delta_15 tmin tmax pre_max post_max message
[from data line 53]
2006mr 103 0.0059 1050.3677784298009 0.008686032971881844 -0.9783989901238908 0.6969926877583197 0.0 2.8754452614521142e-05 2.7371047769474133e-05 0.02322265062040363 0.004319041289388759 51130.834797358 99.0 -16.414580740242457 1.1946064761058857 1046.68 1147.57 12 91 "Covariance may not be accurate."
2006ob 25 0.0592 1063.9165755191984 0.0008088822823657583 -2.257642762661933 0.01634520512994131 0.0 0.08066909183708049 4.087400675789588e-06 0.061172224126675445 0.0121651640973921 452.5035043881717 21.0 -18.90468000988648 1.567393753410304 1060.65 1121.57 4 21 "Minimization exited successfully."
2006os 40 0.0328 1065.2032824286478 0.0009440341190480429 -0.7737377053883101 0.4991529783798583 0.0 0.14579392705309147 5.814295121439584e-06 0.06754877289870187 0.008606418442143271 1363.1693411612769 36.0 -17.762115726113997 1.1698812525511144 1065.63 1121.61 0 40 "Minimization exited successfully."
2006ot 43 0.0531 1066.9158403462193 0.000945008937597927 -0.2420977420138275 0.22984262141283596 0.0 3.422193833557685e-05 3.819885843328607e-06 0.05542148701658478 0.007682455557248669 867.9311549377653 39.0 -18.83166095159571 1.0856816590461484 1065.68 1119.57 8 35 "Minimization exited successfully."
2006py 21 0.0579 1071.815216185215 0.0009962408191702854 -0.4665830699838853 0.11835303147064646 0.0 0.14929241351148903 6.131561316374823e-06 0.14066006347534943 0.01134792571252874 144.93029939860995 17.0 -19.082229855528354 1.1360278473327519 1069.54 1087.54 4 17 "Minimization exited successfully."
2007A 27 0.0177 1113.4720450297384 0.006913475706930117 0.9900734688853294 0.24227973257349555 0.0 0.04171230938186454 2.4987792708249055e-05 0.06321257466544905 0.004431763841730385 1142.9897639340634 23.0 -18.550632427249507 0.8685888747661821 1108.54 1133.53 11 16 "Minimization exited successfully."
2007N 65 0.0129 1115.7587919468988 0.001543328485837195 -2.295088873156649 0.7934655819231935 0.0 0.10331241892447451 2.352948537190922e-05 0.03374429623745234 0.011124064192991723 10153.884514447256 61.0 -16.256177325998713 1.4809672053694598 1123.82 1213.67 0 65 "Minimization exited successfully."
2007S 65 0.0139 1145.0766503117732 0.007635109454506812 1.043758455161412 0.4193990259005982 0.0 0.018069845882678237 2.6937237678455357e-05 0.02583232981225425 0.003380629008143843 44819.91125425555 61.0 -18.1336631706197 0.852778773211309 1133.84 1246.54 12 53 "Minimization exited successfully."
2007af 102 0.0055 1176.5350547431676 0.07577419401835689 -0.4497525525600574 0.1349706796419865 0.0 5.123877826918033e-06 0.00016941214115151482 0.013836846968470873 0.0019875019238418945 235687.42162845517 98.0 -18.588445898787455 1.1316430075943114 1165.8 1256.69 22 80 "Minimization exited successfully."
2007ai 52 0.0317 1173.470828302057 0.0008929699027269589 1.2134435954404923 0.5335120560070652 0.0 0.17500913145977393 5.7478395590837236e-06 0.09152290921002715 0.008030744975510262 3079.350991976059 48.0 -17.629342126512952 0.8209970931273816 1172.89 1259.7 2 50 "Minimization exited successfully."
2007al 48 0.0122 1162.9503571996877 0.002962273704435828 -2.1520469413847976 0.42344396999181444 0.0 5.736712057569093e-05 2.1629202329170785e-05 0.03270693975511074 0.007811071721953278 7685.3433378778145 44.0 -16.81778999716834 1.490253273561244 1170.77 1246.58 0 48 "Covariance may not be accurate."
2007as 65 0.0176 1182.252610805513 0.006731609221110682 -0.9772532474078997 0.2530075142461641 0.0 0.040395163777247944 1.497354941622231e-05 0.0193273301088972 0.0027806118319899653 48891.79650787248 61.0 -18.508158315938367 1.2307431980724086 1181.7 1259.49 4 61 "Minimization exited successfully."
2007ax 40 0.0069 1186.3975433839823 0.003957633050286191 -2.0183924336890566 0.8436220402839296 0.0 0.05202370262543354 1.773160193429277e-05 0.03557317291648188 0.005892496672383785 11193.97522794242 36.0 -15.91437692024941 1.4068528912896596 1185.56 1246.46 4 36 "Minimization exited successfully."
2007ba 56 0.0385 1197.1450510691125 0.0011392187201697656 -2.9303019167575144 0.3761401489988305 0.0 0.028294713210925693 5.084223854134916e-06 0.031230307053327522 0.007019394042774851 3011.370067174356 52.0 -18.316671638486987 1.7228537834176798 1190.83 1255.61 8 48 "Minimization exited successfully."
2007bc 47 0.0208 1200.7311589505605 0.00732090577386394 -1.081660140005555 0.04514832648909506 0.0 0.033417753187450217 1.4741663257831876e-05 0.019849870325061136 0.003090644637185558 11648.539340637719 43.0 -18.963917341122304 1.269708603307171 1197.65 1259.53 8 39 "Minimization exited successfully."
2007bd 44 0.0309 1207.9151077745971 0.003571377984643942 -0.5876328311184222 0.01644278202606153 0.0 2.462129828018078e-06 9.811976586066116e-06 0.01821711245253077 0.0030327662235248853 1795.2134686912323 40.0 -19.060798547638605 1.1669247358814268 1197.53 1259.46 16 28 "Covariance may not be accurate."
2007bm 35 0.0062 1225.3060454951233 0.024596177730063843 -0.9941977716450969 0.5406502929509827 0.0 0.03286213106184732 4.9220187000185295e-05 0.013763520566934417 0.0022477782913450373 1580.9773459004186 31.0 -17.642517229238496 1.210780773351999 1224.67 1259.56 3 32 "Minimization exited successfully."
2007ca 44 0.0141 1228.3057956791185 0.005926064357110972 0.662356471744669 0.37107958954958375 0.0 0.01588089644064894 1.114841340690972e-05 0.01618719619347564 0.0028562554066855483 1162.7713252723945 40.0 -17.887482238121507 0.9177400627575203 1218.68 1259.63 11 33 "Minimization exited successfully."
2007cg 22 0.0332 1227.8005042777263 0.0006977193638704332 0.8007481464605561 0.8216636379997104 0.0 0.4134853642967755 1.9615844339976307e-05 0.12598240447636844 0.017854659577636545 117.321924272109 18.0 -17.4849847333326 0.874196680033684 1235.63 1259.59 0 22 "Minimization exited successfully."
2007hj 93 0.0141 1347.7403363683459 0.007757154047994547 -2.0892393005574106 0.271143107467126 0.0 0.028372355786586922 2.0154844018738238e-05 0.010175672741617348 0.0026508332798558243 37695.314151889135 89.0 -18.17484751862505 1.491436478004898 1348.76 1440.53 0 93 "Minimization exited successfully."
2007hx 41 0.0794 1354.7510675740182 0.0003121747185939106 0.49631731758878495 0.19215557987443166 0.0 0.2410341301263088 2.2590231291405637e-06 0.12324402931372536 0.007448575898519327 551.4068468136668 37.0 -18.54310815297874 0.9542680366968384 1354.78 1411.73 0 41 "Minimization exited successfully."
2007if 67 0.0742 1355.9512176345747 0.0010613764142840155 0.6961489558578551 0.36148246833565567 0.0 4.768340602367971e-05 3.6676102139850857e-06 0.03780958093294062 0.0032558087261479463 20146.543201501856 63.0 -19.72196580149063 0.9125097361749539 1357.77 1443.6 0 67 "Minimization exited successfully."
2007jd 46 0.0726 1361.5527010299152 0.00037254982441794484 -0.6885574253526823 0.18787937164955348 0.0 0.4375626780570201 5.71199265499977e-06 0.14721501509819435 0.009489800506836343 371.3187572011617 42.0 -18.52941312947621 1.1758270731524973 1362.83 1403.81 0 46 "Minimization exited successfully."
2007jg 57 0.0371 1367.1203850352397 0.001459475666670715 -0.6903794312397693 0.24018499762915724 0.0 0.04580105727075079 4.080150684678007e-06 0.04168774533725461 0.004115906579357009 1803.4239904583155 53.0 -18.499414359140882 1.1724855963564842 1363.82 1423.7 12 45 "Minimization exited successfully."
2007jh 25 0.0408 1362.995509558637 0.0005630890442926362 -0.9804833160058184 0.38835529975923566 0.0 0.20212056021443914 5.407123541584214e-06 0.07700638669239535 0.01535510381021421 427.9599638723137 21.0 -17.682586670134704 1.2205527547289492 1363.86 1395.86 0 25 "Minimization exited successfully."
2007le 94 0.0067 1399.8784487297316 0.04140330615483778 0.1128684265778439 0.4084375024113589 0.0 0.018625422137915848 9.51914017047889e-05 0.016706328634727985 0.002609545821514403 165764.6955280233 90.0 -18.371141382597777 1.010401499328493 1392.6 1470.55 13 81 "Minimization exited successfully."
2007mm 22 0.0664 1391.9598195876388 0.00018141568169987855 -3.652699893677185 0.7532434353964221 0.0 0.07047793085132525 1.7052697247402215e-06 0.08887037043152413 0.02026494020529035 330.4382332325936 18.0 -17.57186581626141 1.900372973776694 1385.72 1418.69 3 19 "Minimization exited successfully."
2007nq 75 0.045 1398.7847145238995 0.0016956367310099975 -1.9921619209086359 0.05534969159505776 0.0 0.06112514528911106 7.941358292569358e-06 0.028922349506444123 0.0058736644123987825 5211.390904313507 71.0 -19.090580494419726 1.489286842393291 1397.65 1476.56 4 71 "Minimization exited successfully."
2007ol 24 0.0559 1413.163121503366 0.0009461811059282927 -2.1155416858492435 0.038391605284455954 0.0 0.10420135692390886 5.89269360767446e-06 0.20000821543861935 0.00933738051778188 230.0151394843069 20.0 -18.945311292870564 1.5247332691930282 1409.79 1422.66 8 16 "Minimization exited successfully."
2007on 104 0.0065 1422.2851216691258 0.07451335226439067 -1.400034955517726 0.10242817679490379 0.0 4.556258659249579e-06 0.00011155870945224466 0.009740773431988314 0.001927143875413595 313540.7504434477 100.0 -18.933773504181012 1.33718242445166 1411.79 1508.61 15 89 "Minimization exited successfully."
2007so 27 0.0297 1434.6800000476908 0.0015027912323100719 -0.011124695494519443 0.3779270578412737 0.0 0.008430998670633016 2.472192430686413e-05 0.08287248439170503 0.01310685004844403 920.2099746289133 23.0 -18.0410232075002 1.0342757624340138 1449.68 1469.55 0 27 "Minimization exited successfully."
2007sr 103 0.0055 1450.0174333071177 0.11237934575780534 -0.1625219939010858 0.21673257188534567 0.0 0.03575647391051007 0.00033535177266906524 0.01498806347050552 0.0022670187701382405 640391.040277075 99.0 -19.01807968492513 1.0715014316518197 1455.76 1578.72 0 103 "Minimization exited successfully."
2007st 44 0.0212 1453.5523525558967 0.008661639251018663 -1.6979470888709858 -0.018465464193078485 0.0 0.08523658485466967 6.629614695788637e-05 0.0223390508964727 0.00522464728624672 1142.612611066617 40.0 -19.188115588794638 1.4206670603015823 1458.66 1493.55 0 44 "Minimization exited successfully."
2007ux 63 0.0309 1463.865072871486 0.001854134698893692 -1.937976894764165 0.19681977197157563 0.0 0.08362863986099 1.1702156954677924e-05 0.028752795665591746 0.005901281132009273 5475.827043620409 59.0 -18.35055625266756 1.4599209781983298 1466.86 1558.61 0 63 "Minimization exited successfully."
2008C 48 0.0166 1467.3173526774347 0.007002338521577317 -0.5122362500597504 0.26611083496845 0.0 0.15044391444541816 5.8885468335664794e-05 0.058866806023806006 0.0070735148924711 8168.218023765405 44.0 -18.422890079609594 1.1352918171714794 1469.81 1552.5 0 48 "Minimization exited successfully."
2008J 38 0.0159 1471.4731898711636 0.004232018828509182 4.999999999691774 1.2064255723709052 0.0 0.07242331965221638 2.9344287863843164e-05 0.0006904594506522699 0.007828006448033165 21040.248713501183 34.0 -17.924058302717725 0.20464661786678207 1484.54 1515.52 0 38 "Minimization exited successfully."
2008O 50 0.0389 1490.294066761733 0.0007138820770855065 -1.9973207969910236 0.4708053463770334 0.0 0.11730086972306708 5.2736228766447684e-06 0.0607082762341733 0.009150605742097917 832.678288350927 46.0 -17.836918310728475 1.444989372452877 1490.64 1571.48 0 50 "Minimization exited successfully."
2008R 43 0.0135 1493.2605756694059 0.011039961758529082 -2.163260094028747 0.12914783374383187 0.0 0.0362777120519695 2.5702532197383228e-05 0.01282004630105571 0.0027863624876381943 5179.832698929853 39.0 -18.459497067621918 1.527716016187199 1493.63 1532.52 0 43 "Minimization exited successfully."
2008ae 30 0.03 1510.029086757654 0.000604706644491504 -1.7509457040150371 0.526135479864335 0.0 0.14915223475611583 6.5567473212721494e-06 0.10794589375887398 0.013941827547759411 1824.6131107112176 26.0 -17.08118495167175 1.3788226786969027 1508.74 1597.56 3 27 "Minimization exited successfully."
2008ar 62 0.0261 1535.3244925626439 0.004878307022075881 -0.1824265334932731 0.08467808750997396 0.0 0.024663255096470493 1.835170161075539e-05 0.02550193439804449 0.003911972988997148 11670.117311892436 58.0 -19.02557735929436 1.0829415452822388 1527.79 1606.6 4 58 "Minimization exited successfully."
2008bc 104 0.0151 1550.5816858408946 0.009110026641525644 0.6363813565033247 0.20454171004807953 0.0 0.009739272126807919 1.1152019444072604e-05 0.010942334389573816 0.001537708510875424 55666.819994123776 100.0 -18.49965371225643 0.9295981200089223 1541.67 1646.46 27 77 "Minimization exited successfully."
2008bd 31 0.0301 1526.7000004197814 0.0008362215913398336 -1.4105562246119896 0.42947850946687627 0.0 0.023127650705419 3.471148376325145e-05 0.15391027529019574 0.038541225204050455 233.85826505524042 27.0 -17.435742987741474 1.3096444967921173 1541.7 1592.62 0 31 "Minimization exited successfully."
2008bf 101 0.0235 1555.6045923809095 0.00786193591478502 0.4849104698889217 0.013379809879587867 0.0 0.017148725276229015 1.5850625942379938e-05 0.01879273418328431 0.002221244472602968 49029.63652022582 97.0 -19.311652488266652 0.9643483494719707 1547.73 1646.49 16 85 "Minimization exited successfully."
2008bi 35 0.0134 1537.7581718087013 0.004132633713102049 -2.690508504977627 0.2821385583686453 0.0 0.11861041946121986 9.972773980403398e-05 0.037579027931047726 0.0163244011358884 901.7367614787154 31.0 -17.379523433482113 1.6616400868774264 1551.52 1595.52 0 35 "Minimization exited successfully."
2008bq 64 0.034 1563.9432412554681 0.002560708314228949 0.41618961635533136 0.19847399229153728 0.0 0.05604161342853331 5.759064185212196e-06 0.03214654735870992 0.002650418283997924 659.8384002425535 60.0 -18.91504731850655 0.9679222962814293 1562.49 1606.46 4 60 "Minimization exited successfully."
2008bt 49 0.0154 1568.376439249698 0.00331856998906081 -1.92723830654427 0.4546122333538476 0.0 0.10820917727448887 2.7238721279698903e-05 0.026469776068500206 0.006463198216956956 13827.058574833562 45.0 -17.45380285331987 1.429271464775077 1571.61 1651.47 0 49 "Minimization exited successfully."
2008bz 44 0.0603 1580.3275355146632 0.0010141662745723201 -0.49221967361551755 0.04273232722068032 0.0 0.14282090262577185 6.253790040039366e-06 0.06973836568371095 0.00629239410324911 2530.993726495242 40.0 -19.192849267966974 1.1459530543135195 1580.72 1651.52 0 44 "Minimization exited successfully."
2008cc 81 0.0104 1580.2602390401642 0.016072994889296408 -1.777762778040739 0.38852363486495034 0.0 5.98765700488002e-06 2.8853667713088504e-05 0.014107045690925357 0.002143921553075301 143938.32744325465 77.0 -18.30296039588717 1.3995562401572794 1582.86 1654.86 0 81 "Minimization exited successfully."
2008cd 14 0.0074 1572.740000001568 0.0013287297416494537 -2.178431568444241 0.999999999600294 0.0 0.047948001281838515 2.1473394624253782e-05 0.11751157244872301 0.003678176091548857 165.72503318004428 10.0 -14.897584503409558 1.4257381651360284 1587.74 1595.73 0 14 "Minimization exited successfully."
2008cf 45 0.046 1596.3710922380947 0.002100389126203464 0.9581575587698818 0.011347687110529137 0.0 5.825016978633357e-05 4.131118459374571e-06 0.024183105101394098 0.0034356019325515463 12713.258592076772 41.0 -19.37390680284672 0.882728356473578 1595.77 1654.65 4 41 "Covariance may not be accurate."
2008ff 86 0.0193 1714.6052111607232 0.0047639122415630815 1.2319062889373456 0.5247627648996058 0.0 6.273833150771679e-07 1.5093074056561975e-05 0.02358982075325189 0.0031910648139398257 152050.00048871475 82.0 -18.348801951554357 0.8183889376590194 1724.53 1790.57 0 86 "Covariance may not be accurate."
2008fl 89 0.0199 1721.3484099248337 0.005425050022527964 -1.3286550191632394 0.17434843309120396 0.0 0.05362862973379379 2.027462819300394e-05 0.014107608527725635 0.002983100108265524 23130.280507390828 85.0 -18.542419138301064 1.314353828198108 1724.49 1789.53 0 89 "Minimization exited successfully."
