analysis_pipeline/fit_results/csp_5_sn91bg_salt2_phase_red.ecsv
# %ECSV 0.9
# ---
# datatype:
# - {name: obj_id, datatype: string}
# - {name: num_points, datatype: int64}
# - {name: z, datatype: float64}
# - {name: t0, datatype: float64}
# - {name: x0, datatype: float64}
# - {name: x1, datatype: float64}
# - {name: c, datatype: float64}
# - {name: z_err, datatype: float64}
# - {name: t0_err, datatype: float64}
# - {name: x0_err, datatype: float64}
# - {name: x1_err, datatype: float64}
# - {name: c_err, datatype: float64}
# - {name: chi, datatype: float64}
# - {name: dof, datatype: float64}
# - {name: b_max, datatype: float64}
# - {name: delta_15, datatype: float64}
# - {name: tmin, datatype: float64}
# - {name: tmax, datatype: float64}
# - {name: pre_max, datatype: int64}
# - {name: post_max, datatype: int64}
# - {name: message, datatype: string}
# schema: astropy-2.0
obj_id num_points z t0 x0 x1 c z_err t0_err x0_err x1_err c_err chi dof b_max delta_15 tmin tmax pre_max post_max message
2004dt 88 0.0035178265713031076 235.17045874369896 1.1082801343320625e-13 0.6500015133162644 0.5001077827319377 1.2243129269156683e-05 0.006594847805985182 8.326672684688674e-17 3.7739194340691284e-06 0.0003852170323873083 104217.96342582823 55.0 -15.622964272674807 2.260667280375827 249.79 365.62 0 88 "Minimization exited successfully."
2004ef 111 0.0035024199161361553 269.902906184982 5.662137425588298e-15 0.6726346202291762 0.0011453382274733137 1.5577809331108333e-09 6.30661144214173e-05 0.0 4.070962620339458e-07 0.000160240341285256 615795.6423078764 85.0 -13.360740376023465 2.2055089753951727 255.69 329.57 32 79 "Covariance may not be accurate."
2004eo 122 0.0035000063050924395 272.7270574316377 5.4539706084710815e-14 0.689457475651263 0.49898270627863994 0.052908514488138554 29.65138026413082 0.9860677562323815 0.42245726684889945 0.7318888684930263 1881486.6949263911 80.0 -14.844746374175095 2.1663621982554275 266.52 341.54 33 89 "Covariance may not be accurate."
2004ey 102 0.003503647042814876 280.5753483337242 1.2331802246023926e-13 0.6580737815196323 0.05759488433679577 1.7259533917086262e-09 4.279331534462472e-06 0.0 2.2010021533125368e-07 0.0022594344583353465 274568.84114241734 43.0 -16.61369732106234 2.240612584325179 295.53 358.55 0 102 "Covariance may not be accurate."
2004gc 54 0.003516749903298201 314.885758871836 1.582067810090848e-14 0.9601667080911082 0.5002818898711178 0.04170643153885241 0.006251187235790212 8.326672684688674e-17 0.0008747120583341705 0.0015706797563441732 33174.062188111995 30.0 -13.508468015044315 1.7171621675425683 329.83 397.66 0 54 "Covariance may not be accurate. Covariance not positive definite. Covariance forced positive definite."
2004gs 135 0.0035000031784534797 337.8544943423244 2.9476421303797906e-14 0.6774180452637594 0.44096914498059825 0.049734491038711984 24.528471408819257 0.9266031073676112 0.41734729895587064 0.7224648218389469 47740.46110873339 43.0 -14.31101608589087 2.194248409533973 352.85 461.56 0 135 "Covariance may not be accurate."
2004gu 68 0.06801681032150751 342.89303339845253 1.6153745008296028e-14 0.6919475092608456 0.11123030357589136 0.04818298359396713 25.31999496340549 0.9313497715859317 0.42790784591750236 0.5406206199531998 46302.4875636649 39.0 -20.855436084435688 2.1606626441651997 357.86 410.84 0 68 "Covariance may not be accurate."
2005A 109 0.0035000010853029856 361.7287209536935 2.1815882433884326e-14 0.9658495473064292 0.020181448704258365 7.089398057318064e-11 1.3318442654508544e-05 0.0 2.2580482795797607e-06 0.05447870956300915 65945.61062127791 52.0 -14.793267232947507 1.7103798564019748 376.65 433.53 0 109 "Covariance may not be accurate."
2005M 172 0.0035009173598562356 402.9184498382172 1.2323475573339238e-14 0.725412252797159 0.49964489980975085 6.251860603431053e-09 0.0198297238412124 4.163336342344337e-17 4.82251289452007e-06 1.126513194776857e-05 313580.2189746937 84.0 -13.228731200617617 2.0871034243670827 397.73 480.51 19 153 "Minimization exited successfully."
2005W 40 0.003500003457921695 399.04112376668036 1.696143225871083e-13 0.6500001509253223 0.4823244875979448 0.04956188308009624 24.733839910947694 0.9236442854069227 0.36933083236591246 0.706679670211539 243404.35841519485 35.0 -16.116931493733965 2.260670021424197 404.54 429.51 0 40 "Covariance may not be accurate."
2005ag 41 0.003526664425991618 424.0517818628709 8.326672684688674e-17 0.6500000006472515 0.3888325250856572 0.0784329846592065 22.093358066020443 1.4675157292162897 0.5870022788471814 0.6795506826911158 35161.6317081168 32.0 -8.063056073491442 2.260667528848675 412.82 479.84 12 29 "Covariance may not be accurate."
2005al 98 0.0035103967499724932 423.213186506031 7.16093850883226e-14 0.6522222951874096 0.09449470986737984 0.05901882788273338 22.640106146390195 1.1083365244031904 0.42406702744894004 0.5298667399995762 164111.05803611112 49.0 -15.962403797086013 2.255094541143608 429.76 512.79 0 98 "Covariance may not be accurate."
2005am 66 0.0035267154198770283 440.87212532659817 2.341460358934455e-13 0.9691669230607998 0.9045282224398227 0.05057409324960358 29.68599473304741 0.9546809254734184 0.42813229514513046 0.7166202303399509 217481.54523608153 48.0 -15.676061388911505 1.7064854744137339 433.71 490.46 6 60 "Covariance may not be accurate."
2005be 23 0.0035001577929645944 454.5189409776853 1.3822276656583199e-14 0.788220178079742 0.4999946972122926 5.394560878731192e-09 0.0001583068274157995 0.0 0.008044940995477201 1.4256000960832793e-06 39783.64372516314 18.0 -13.352011894207259 1.9661449705876386 467.89 491.77 0 23 "Covariance may not be accurate."
2005bg 31 0.003500021166340736 462.4779191777476 2.1899149160731213e-14 1.0897722590998935 0.4286848339148026 0.04948950136119781 22.67934277067431 0.9224883992087778 0.4438108699538909 0.6918586452581038 37400.56610912505 26.0 -14.01485152817748 1.581296085583503 472.67 512.61 0 31 "Covariance may not be accurate."
2005bl 23 0.0035028130057770317 482.2375728018656 5.828670879282072e-15 0.6500333777539291 0.4973196525028694 0.04930115140116524 28.55481873537633 0.9223977010581388 0.3670685942310173 0.7097533626270704 4073.10037198948 18.0 -12.422724903780804 2.2605871588868673 476.61 512.57 12 11 "Covariance may not be accurate."
2005bo 18 0.003504381914927959 479.4105185328639 3.3306690738754696e-14 0.7040380486523754 0.4974864535914544 0.04926701015154285 27.220183007596205 0.9226943323956179 0.31573289545509453 0.7099182332596088 9977.529582802767 13.0 -14.315696798340781 2.1334451154563574 478.75 512.76 2 16 "Covariance may not be accurate."
2005el 143 0.0035047535600980506 642.3929380653695 4.196643033083092e-14 0.908944666908075 0.5002644044936626 7.179486296703813e-09 0.0002018657426106074 0.0 3.546303350421276e-06 0.2924403799027321 238931.19205690053 31.0 -14.560247104725434 1.7825089783240742 639.89 730.75 9 134 "Covariance may not be accurate. Covariance not positive definite. Covariance forced positive definite."
2005eq 112 0.0035273149196191544 663.3787586667783 9.908740494779522e-15 1.2417528840427676 0.5052696524716626 0.048909970911038145 29.59383715393909 0.9231241169203497 0.33766708311037835 0.7118873091951282 117056.43931231803 36.0 -12.999096781913767 1.4616960712515166 647.8 751.66 28 84 "Covariance may not be accurate."
2005gj 112 0.0035045989609659564 709.888875797557 4.912736883966318e-15 0.7896036804690092 8.876233081878127e-14 3.6701798677030856e-09 0.00011921489328869939 0.0 1.5307638157602277e-06 4.6372834304170274e-05 126065.83817962978 25.0 -13.209760637866328 1.963710470759736 698.7 1016.76 20 92 "Covariance may not be accurate."
2005hc 84 0.0035001039495829197 677.5270231444716 1.2490009027033011e-15 0.6620210605452443 0.3559205088267088 0.05182693658137383 30.70656063745605 0.9649491487561981 0.3445193069615904 0.6683280533219154 227415.74352211028 27.0 -11.049867355779 2.2309824042340054 661.67 755.61 42 42 "Covariance may not be accurate."
2005hj 52 0.004246700494986138 666.8817740162535 2.914335439641036e-15 1.0544357089981493 0.41488311781276077 0.04608313627701189 25.088261805020863 0.9223870118763227 0.4423348206787195 0.6877332688428771 16339.600770223273 15.0 -12.275257423486071 1.6152412017126103 671.67 761.57 0 52 "Covariance may not be accurate."
2005hk 156 0.003500041947118253 681.100908379598 3.372302437298913e-14 1.2438867981492667 0.47416980924647767 1.0920515553934813e-07 0.010472485338596016 4.163336342344337e-17 0.00018482193361113453 0.00010446692338761387 151471.42391808497 35.0 -14.382324675587693 1.4603158882730582 675.61 761.54 25 131 "Covariance may not be accurate."
2005iq 84 0.0035000003544734793 686.152854694088 6.411537967210279e-15 0.6500000007497296 3.671332313992526e-06 2.6930432710237096e-11 8.748212815135048e-05 0.0 1.0718981258150961e-10 1.980543258783829e-05 40988.531944220405 27.0 -13.495988987670444 2.2606540647334548 682.55 755.55 12 72 "Covariance may not be accurate."
2005ir 13 0.003500001542114091 670.6257509431596 7.993605777301127e-15 0.6500000000000336 0.4996654574403959 0.049496943026687557 20.530512470373367 0.9223870702154109 0.36895506844136405 0.7102910279619363 5607.940441570235 4.0 -12.758132242015002 2.2606710669394374 682.62 740.53 0 13 "Covariance may not be accurate."
2005kc 77 0.003656018279775093 695.3735401404228 2.2148949341271873e-14 1.1003656835898894 0.37242162943304985 0.04843137062110797 29.16683221301622 0.931399680249702 0.37465994193499724 0.6761629710583423 30230.576653730102 20.0 -14.235600191692896 1.5714943520415368 687.52 728.54 26 51 "Covariance may not be accurate."
2005ke 222 0.0035011879785660496 701.268926720351 1.0041967257734541e-13 1.0246901677919626 0.5000326891438029 1.919286808258966e-09 0.00013359644924548775 4.163336342344337e-17 1.8353462616360616e-06 0.33449633330004563 65653.445703093 42.0 -15.505688662645078 1.6453544902098436 689.69 819.51 47 175 "Covariance may not be accurate. Covariance not positive definite. Covariance forced positive definite."
2005ki 147 0.0035000028813716643 704.5834082906653 2.0816681711721685e-14 1.0645580464016637 0.5020831978959871 3.246198650597859e-10 0.0029867454084069323 0.0 5.258635780713838e-06 1.0003017489434995e-05 69468.15164919356 38.0 -13.793198904809362 1.6053307230637088 695.86 858.54 16 131 "Covariance may not be accurate."
2005ku 17 0.0035000080915352535 722.4422908478671 8.326672684688674e-17 0.6500000121178234 0.019608594752707043 0.05404014356939138 30.383699081307157 1.0071849685380476 0.4029144675683953 0.5520821816299984 20220.15979025038 5.0 -8.748441662813867 2.260654583470327 699.56 739.53 13 4 "Covariance may not be accurate."
2005lu 39 0.003500442940933298 704.6707794667257 2.098321516541546e-14 0.6501592291768291 0.5099947478904987 5.955797042523324e-06 0.002482107905336761 4.163336342344337e-17 5.9897417151622e-05 0.0007168951040809057 11645.88290417791 13.0 -13.789546313786392 2.2602713448312954 719.66 799.52 0 39 "Minimization exited successfully."
2005mc 31 0.0035179731054390904 733.2942422854884 5.995204332975845e-15 1.1761574752824493 0.00416226502349587 0.05834890856544162 25.08183232403036 1.0985799747567255 0.5034226009155076 0.5868804616325546 2085.774359223804 26.0 -13.427683311381347 1.5075927735243724 736.79 773.62 0 31 "Covariance may not be accurate."
2005na 79 0.02589024538843841 740.4599838493082 1.50712775592865e-14 1.0013565595157914 0.3594856989846581 0.051321160176959764 27.557248046512996 0.9224977304124173 0.4361974142395434 0.6696175854797322 98860.75613084578 48.0 -18.12982400277702 1.6701553418253958 738.71 834.54 2 77 "Covariance may not be accurate."
2006D 151 0.02977038800137617 744.9013540765663 1.2839729279789935e-13 0.8834780865124204 0.4722350979728547 0.052917177529185386 23.991572841355378 0.9286061612678345 0.4087611971460111 0.7060326135489622 196994.9812601652 46.0 -20.530672647120912 1.817727569296789 752.87 891.61 0 151 "Covariance may not be accurate."
2006X 188 0.003503393783484178 780.6929934924776 2.5521251778570786e-13 0.650000005177252 0.5189490407904366 8.242892401196661e-09 0.004652895073604668 0.0 8.983673804863201e-10 0.0021645836185336664 248736.77614392276 38.0 -16.48954990869868 2.260671126269166 775.68 891.59 16 172 "Minimization exited successfully."
2006ax 146 0.050134187875656926 825.0990042794459 1.9317880628477724e-14 1.2479504408822515 0.13899885390389766 0.004814733354773285 0.009326075316096194 0.0 6.927410850698923e-05 0.0013355214306995378 177189.28512667347 71.0 -20.305806561835105 1.4576914106153467 815.64 891.5 25 121 "Covariance may not be accurate."
2006bd 31 0.003538772711003949 808.9873983923478 1.2156942119645464e-14 0.6568321416932392 0.5047999167849845 0.04875146263177986 27.226481075008792 0.9223870075755101 0.3406026620605039 0.7114614651008471 8864.163232147203 7.0 -13.228911547404078 2.2436808854350474 822.75 872.57 0 31 "Minimization exited successfully."
2006bh 102 0.003500000296426604 817.7326079859921 1.8351986597053838e-13 0.7297022095722853 0.04151794310129625 1.0685493093652576e-10 0.00019831065986863905 0.0 4.461527665478027e-06 0.001663325859379422 107187.59813054452 28.0 -17.070356982004135 2.0780933087654443 829.91 891.79 0 102 "Covariance may not be accurate."
2006br 41 0.003503317113938442 847.3434536739696 6.494804694057166e-15 0.6500010372975185 0.00029992094991532214 0.05572584869155619 22.076942955493507 1.0430920295916173 0.41762135613077067 0.6075703930439614 5231.327135614722 15.0 -13.51159442495818 2.260651469834823 855.66 891.66 0 41 "Covariance may not be accurate."
2006bt 49 0.003623256296956736 839.6130347803211 1.6486811915683575e-14 1.24999993726588 0.49623052535910567 1.1908366321410416e-06 0.0008660336596335583 0.0 2.987587693126237e-05 8.869697990909753e-06 35375.64832482188 13.0 -13.627936593982593 1.4563874680565299 853.76 891.71 0 49 "Covariance may not be accurate."
2006dd 76 0.043750000000000004 911.94 0.75 0.95 0.5 0.0 0.0 0.0 0.0 0.0 0.0 -5.0 -53.23896584065215 1.7295144281381098 979.93 1147.57 0 76 "Hesse Failed. Covariance may not be accurate. Covariance not positive definite."
2006ef 20 0.003520035590865828 987.6718960061131 1.2406742300186124e-14 1.2233359174721383 0.37682841089445174 0.05003130179415875 28.97064046756924 0.922387658803392 0.31080522465835053 0.6755741987170265 44810.8275376139 13.0 -13.515352573523604 1.4738143821913035 979.9 1040.71 6 14 "Covariance may not be accurate."
2006ej 21 0.0035000622645345513 970.3658851356207 4.1799896877137144e-14 0.650059533063916 0.3395186946475127 0.05024633305058518 22.546984167525295 0.9223878718449664 0.37145744950442766 0.6623511986817332 9625.78005081426 6.0 -14.891474251667397 2.260516890325299 980.72 1018.7 0 21 "Covariance may not be accurate."
2006eq 62 0.03395988443760841 965.9828836269709 7.077671781985373e-15 0.7365833639356606 0.514938009744201 0.0549092544248068 22.77857570115475 0.9223869941168484 0.33965402800339795 0.7137079839882424 9996.425934182786 40.0 -17.58641414510631 2.063904876562848 980.56 1029.51 0 62 "Covariance may not be accurate."
2006et 151 0.0035007403176027458 988.5736182833311 1.815214645262131e-14 0.6500045236841867 0.47494250195991056 0.049399206793630884 28.62223426393058 0.9223868826412219 0.3682607709250261 0.7043440996390863 180544.71154084228 26.0 -13.708450649440568 2.26065877191715 982.63 1099.54 15 136 "Covariance may not be accurate."
2006ev 87 0.0035168512692854087 979.1960727836909 2.19824158875781e-14 0.6975486980629615 0.5000244149212416 0.06707927391447382 0.06509516917390101 1.249000902703301e-16 0.0034939846777646277 0.012432428992293604 21445.547599737023 19.0 -13.86605807823776 2.1479781385123324 993.59 1039.52 0 87 "Covariance may not be accurate. Covariance not positive definite. Covariance forced positive definite."
2006fw 6 0.003500018760015862 998.2496004868494 5.828670879282072e-16 0.6500000064860415 0.29359476127376427 0.05004913838148898 25.663054756761937 0.93290363272652 0.3731346803253814 0.6452233838450312 4869.056730746193 1.0 -10.332530641379748 2.260665445089554 1001.75 1039.73 0 6 "Covariance may not be accurate."
2006gj 70 0.0035060002014863085 998.7144231753094 4.579669976578771e-15 1.1354362155632072 0.4895447700596108 0.049207656170579164 29.310672998150608 0.9223869158711767 0.356597614366667 0.7079187582700914 3630.192850976973 22.0 -12.181804831862081 1.540506283035878 998.83 1096.59 0 70 "Covariance may not be accurate."
2006gt 54 0.003503905954320975 1009.9998583045152 2.914335439641036e-15 0.690262985195336 0.18321258085833209 7.53079989687655e-09 5.104269007460971e-07 0.0 2.024041725445791e-06 0.0055651191249062315 24414.912369685266 25.0 -12.306945288113656 2.1645101370603186 1001.67 1076.62 16 38 "Covariance may not be accurate."
2006hb 101 0.06931701688472229 997.2941859277073 3.214095656289828e-14 1.249995107672708 0.4911918399871382 0.0015980326272627549 0.06670996484996294 0.0 1.2299471874310797e-06 0.00039388981884838636 104682.9055587908 35.0 -20.87999460208715 1.456390406530332 1006.87 1143.59 0 101 "Covariance may not be accurate."
