analysis_pipeline/fit_results/csp_5_sn91bg_color_interpolation_blue.ecsv
# %ECSV 0.9
# ---
# datatype:
# - {name: obj_id, datatype: string}
# - {name: num_points, datatype: int64}
# - {name: z, datatype: float64}
# - {name: t0, datatype: float64}
# - {name: x0, datatype: float64}
# - {name: x1, datatype: float64}
# - {name: c, datatype: float64}
# - {name: z_err, datatype: float64}
# - {name: t0_err, datatype: float64}
# - {name: x0_err, datatype: float64}
# - {name: x1_err, datatype: float64}
# - {name: c_err, datatype: float64}
# - {name: chi, datatype: float64}
# - {name: dof, datatype: float64}
# - {name: b_max, datatype: float64}
# - {name: delta_15, datatype: float64}
# - {name: tmin, datatype: float64}
# - {name: tmax, datatype: float64}
# - {name: pre_max, datatype: int64}
# - {name: post_max, datatype: int64}
# - {name: message, datatype: string}
# schema: astropy-2.0
obj_id num_points z t0 x0 x1 c z_err t0_err x0_err x1_err c_err chi dof b_max delta_15 tmin tmax pre_max post_max message
2004dt 181 0.08183213870345825 243.7963866076614 1.526279103103434e-13 0.8065928342233467 0.5061193730502251 7.72028710982614e-05 0.020348117268738974 5.828670879282072e-16 0.001503566720277627 0.002057432007574078 239357.29735531023 176.0 -22.91976041732338 1.9358779360326128 249.79 365.62 0 181 "Covariance may not be accurate. Covariance not positive definite. Covariance forced positive definite."
2004ef 167 0.07885502698351064 267.3422030506163 9.658940314238862e-15 1.16799406824195 0.24143679145170838 0.040400811799185546 29.518138718720635 0.9245364292778365 0.43782205621921005 0.6206252051779164 473316.06163460715 162.0 -20.35772032234156 1.514417827911604 255.69 329.57 47 120 "Covariance may not be accurate."
2004eo 147 0.08399637506219912 277.8547928649699 8.551492847175268e-14 0.6661704794285832 0.17032467026381137 0.049727887918422226 29.437517131506297 0.9223870784783488 0.40611841977738933 0.5823864204744974 733889.9258760568 138.0 -23.030438566512576 2.222554019787882 266.52 341.54 42 105 "Covariance may not be accurate."
2004ey 111 0.005441363019621572 307.7686900796837 1.054989429150055e-13 1.2410722217562329 0.7990014493154766 8.095100856162028e-06 0.000730959752132776 4.163336342344337e-17 0.0003948649480847166 1.9301199546628567e-05 590157.2648326599 106.0 -15.95091986679597 1.4625479267972494 295.53 352.55 39 72 "Covariance may not be accurate."
2004gc 80 0.07074053062420763 323.20552713206615 1.7985612998927536e-14 1.1705882944954946 0.38558488751770015 0.04657827755892492 24.17062597044736 0.9252721745266471 0.43624789689851706 0.679237955848992 60083.24592612783 75.0 -20.52573624649542 1.5123937824838194 329.83 397.66 0 80 "Covariance may not be accurate."
2004gs 164 0.06626202145580218 353.37710550531546 1.607047828144914e-14 1.239861921414291 0.48956760141176475 0.04911050542209712 27.173485154330933 0.9243743550976309 0.33472613251205824 0.7087412665365463 87520.92092295777 159.0 -20.02874911524502 1.4633336809715622 352.85 461.56 4 160 "Covariance may not be accurate."
2004gu 88 0.03533414040615783 345.46401907699845 2.7644553313166398e-14 1.2472243482370224 0.49897806538460265 0.058772385201835926 28.150325651866012 0.9230037918957672 0.3857136134919697 0.710395261933102 67158.83297309675 83.0 -19.18039648417426 1.45857484286881 357.86 410.84 0 88 "Covariance may not be accurate."
2005A 73 0.06523003362438155 361.6604124715456 3.3556490919295356e-14 1.0157571034037205 0.5001374215779582 0.04963439423160601 24.32371897349779 0.922387045203901 0.438268678631886 0.7103994919785894 33610.7005053106 68.0 -20.766736478151003 1.6553941498165763 376.65 432.52 0 73 "Minimization exited successfully."
2005M 209 0.07233596535316417 381.7720400412163 1.318944953254686e-13 0.713308369595562 0.005239741790622587 3.9659076626896717e-08 3.9974582932700287e-07 4.163336342344337e-17 2.5776891471318564e-07 0.0002603942271437176 427154.89587003546 204.0 -23.458440535373025 2.114473425215966 396.77 480.51 0 209 "Covariance may not be accurate."
2005W 77 0.03442180345066218 429.50662659258177 1.1973755320582313e-13 1.2071270433995893 0.4734825075698833 7.351231701251126e-07 7.234609171291595e-06 4.163336342344337e-17 2.8924240365046927e-06 0.0026438493116802686 586191.3865454843 61.0 -20.774772995220612 1.4853574115249089 404.54 429.51 74 3 "Covariance may not be accurate."
2005ag 163 0.08399771711685382 427.39847551812625 3.164135620181696e-15 0.6589247520323832 0.5564452780242207 3.781975496663925e-10 1.5658053825973184e-05 0.0 6.410538561096857e-08 0.002893199999561391 242280.41017063067 146.0 -18.688234841806246 2.2401820036386724 412.82 480.84 58 105 "Covariance may not be accurate."
2005al 140 0.020278527921724295 417.28888139222846 1.2972956042744954e-13 0.7271006940864992 0.0508169772854421 0.04861199507433239 20.07984926485406 0.9223871364399312 0.43573209014343256 0.6956513668214342 276952.8207914374 135.0 -20.521008395509718 2.084925840962251 429.76 512.79 0 140 "Covariance may not be accurate."
2005am 137 0.02327903268327137 424.1938465901279 4.082567617302857e-13 0.7974589448284264 0.2927677461831232 1.8197975962202725e-05 8.522369606582487 4.163336342344337e-17 0.00014882883999955965 0.00014061369834178494 420478.0976482553 132.0 -21.594877985079933 1.951284715897506 432.58 512.46 0 137 "Covariance may not be accurate."
2005be 45 0.06603682372311603 473.47504159847364 4.829470157119431e-15 1.1907497095807558 0.17183752117585566 0.05947422676247088 27.868115628000083 0.9223883044807535 0.3199736453440633 0.5832899408577186 71196.27397585385 40.0 -19.357053351780475 1.4971201632029434 467.89 491.77 12 33 "Covariance may not be accurate."
2005bg 64 0.028057189783640198 459.2639976509755 1.0891287871572786e-13 0.6567366655763952 0.007657488511790822 2.2156630757079118e-05 0.0035351234238021334 4.163336342344337e-17 0.000903528125230757 1.3905030839311827e-05 125150.20954941328 59.0 -21.119961922289924 2.2455508186763584 471.65 512.61 0 64 "Covariance may not be accurate."
2005bl 41 0.047242816784363435 484.57941933374923 2.3314683517128287e-15 1.249099246644827 0.00928663014755321 0.057923552855513614 29.004100783781524 0.9223930952846315 0.3785241030839987 0.5724372316025442 10030.411441347127 36.0 -18.10616794606475 1.4573570867608723 476.61 512.57 27 14 "Covariance may not be accurate."
2005bo 36 0.012742684737035234 484.24564251694727 2.3397950243975174e-14 1.236170396733591 4.394690933606782e-05 0.058174563202219844 28.526054032259765 0.9223868720293942 0.4285649663862584 0.6121254511537082 20330.73698747628 31.0 -17.723007551030626 1.465727158802551 478.75 512.76 16 20 "Covariance may not be accurate."
2005el 93 0.036262832472628244 649.9743376066488 6.544764730165298e-14 1.2174047432097683 0.4878035146389122 0.05860997344819251 29.30689995341595 0.9223868190177864 0.30424475533148293 0.7075019337080507 232339.05841645374 88.0 -20.201154037373477 1.4782544606483548 639.89 730.75 9 84 "Covariance may not be accurate."
2005eq 99 0.04512155907589633 633.6348049291531 1.2898015988582756e-13 0.8354225063503683 0.5088462498793305 3.389044364121921e-05 3.302496462410886 4.163336342344337e-17 0.00010586538678086788 0.00013036486089057497 227418.3000807144 94.0 -21.382822085794576 1.889642184575937 650.81 751.66 0 99 "Covariance may not be accurate."
2005gj 81 0.04463145926329041 704.6125550641062 1.2240208846492351e-14 0.9291476659623079 0.4989463242701778 3.5136336550001257e-06 0.020725988125207095 0.0 2.733540271798729e-05 3.841792612305217e-05 117823.70695465397 76.0 -18.818113018909315 1.7566515471630169 698.7 795.54 12 69 "Covariance may not be accurate."
2005hc 79 0.06743154110483343 667.2137759001278 1.6153745008296028e-14 0.9095519350635605 0.515350055214157 1.102342139494561e-05 2.1135503359897143 0.0 5.059403843898913e-05 6.693228615128888e-05 134296.62604481477 74.0 -20.0242329788383 1.78256204038086 662.72 755.61 16 63 "Covariance may not be accurate."
2005hj 50 0.056362309397753836 663.4162719031146 2.3814283878209608e-14 0.6503923031764175 0.49980011641356986 1.5049539207542817e-07 0.034384224114489825 0.0 6.062883789459406e-08 7.759494258241517e-07 56828.20654884231 45.0 -20.06395661746489 2.2613697934387353 671.67 761.57 0 50 "Covariance may not be accurate."
2005hk 89 0.08382268593651326 663.8875349750087 2.460531778325503e-13 0.6717560493618238 0.5000039502665117 2.1162491620208e-09 6.211330003225157e-06 8.326672684688674e-17 6.293569659865383e-08 0.2826122113105101 450620.8404300535 84.0 -23.50312443264098 2.20919551255926 675.61 761.54 0 89 "Covariance may not be accurate. Covariance not positive definite. Covariance forced positive definite."
2005iq 70 0.0736361290209111 689.1210620103167 2.173261570703744e-14 0.9815764914236187 0.5354098973724527 0.04452449853629421 28.95898632571027 0.933689010177476 0.4182617730083638 0.7231521806145147 125793.71635990459 65.0 -20.514220489372846 1.6928897418389326 682.55 755.55 16 54 "Covariance may not be accurate."
2005ir 52 0.08394188984882257 682.4701120194972 1.915134717478395e-15 0.7765197010538212 0.49646279730192944 0.05213466534671565 29.99694652983152 0.9538250697013944 0.44285113669778825 0.7214683000431217 73290.40129174056 47.0 -18.24302903311623 1.9881908272605529 682.62 728.63 0 52 "Covariance may not be accurate."
2005kc 48 0.06790459558825858 695.7700017261074 5.820344206597383e-14 0.7786619039176305 0.4778740248296813 1.8463157322387569e-06 0.010325705359946369 0.0 1.6247920846423902e-05 1.740781529682711e-05 122311.44732641036 43.0 -21.50963051854989 1.9843106558048138 687.52 728.54 19 29 "Covariance may not be accurate."
2005ke 145 0.08023750216501352 698.8024044755339 2.567113188689518e-13 0.9192117001184911 0.5009783345116277 0.04149042336494959 29.18203080150795 0.9224716545971859 0.43263093143637676 0.7106288182786085 112474.69958406963 140.0 -23.44727485322792 1.7696530878627676 689.69 819.51 20 125 "Covariance may not be accurate."
2005ki 163 0.023069752688640095 702.5027919859791 4.9460435747050724e-14 1.0552904707182724 0.5072660806040455 0.0595317657718107 28.831006013436593 0.9259113557970678 0.39433306367714166 0.7135400669872651 177211.66663179023 158.0 -18.85219260382127 1.6150307664985952 695.86 861.5 4 159 "Covariance may not be accurate."
2005ku 20 0.0659942936477147 721.930066493762 2.4147350785597155e-15 0.953342695719369 0.004977804488929483 1.6225070659237062e-07 4.798119346105523e-05 0.0 1.450988690754329e-06 0.0043891209090260175 38308.92724666474 11.0 -18.90643714039762 1.7261912625782116 699.56 729.56 18 2 "Covariance may not be accurate."
2005lu 49 0.07864568334282523 712.5739615841594 3.880229471064922e-14 0.6500006717611612 0.5106883593304254 4.197689174728625e-08 3.3241783000903524e-05 0.0 1.3285546551777827e-09 0.002526956775085576 15285.454581699865 44.0 -21.33444752075122 2.262354810903055 720.63 799.52 0 49 "Covariance may not be accurate."
2005mc 52 0.07802141580972706 728.502728740538 4.1466829969749597e-14 0.6500002391905746 0.4765552540820684 2.7932588055057384e-08 1.9741502228498575e-05 0.0 5.013184312119279e-10 0.0012340567308824213 34033.722115118144 47.0 -21.46171133290628 2.262354957859717 736.79 773.62 0 52 "Covariance may not be accurate."
2005na 91 0.08399627992376052 727.1330621683576 1.3214429550600926e-13 0.6918895169718915 0.4638346196353431 6.103113897593104e-08 0.0005008805024999674 0.0 0.0008058119178404599 2.4477003822659382e-05 212911.9606650124 86.0 -22.91881983480453 2.162323504218559 738.71 834.54 0 91 "Minimization exited successfully."
2006D 147 0.07543274014051274 759.0000946591708 2.4263924203182796e-13 0.9605622189032992 0.4473169441835266 0.0434122982083229 28.86198853858582 0.922387420424404 0.42371481471071964 0.6970879602900395 184079.4386474117 142.0 -23.36915521666858 1.717458496610627 751.84 891.61 8 139 "Covariance may not be accurate."
2006X 124 0.03191783556011231 786.1557305195169 1.6062151608764452e-13 1.1014788131882653 0.48833223661351716 0.05915600851466799 29.35178583767032 0.9223867443155338 0.37413147531375696 0.707628778328878 214988.725316372 119.0 -20.89046522484939 1.5710616036144387 775.68 906.46 22 102 "Covariance may not be accurate."
2006ax 90 0.010584266232396099 826.3749886631165 1.142419492339286e-13 0.9579318382810118 0.5433335037749056 0.0004690064345892371 0.0007406722322116366 4.163336342344337e-17 6.995767934159236e-05 6.695717083071706e-05 283836.38276122994 85.0 -17.9894454551087 1.7206281728558537 815.64 891.5 24 66 "Covariance may not be accurate."
2006bd 21 0.08160572241062916 807.75037317688 2.2565282975506307e-14 0.7136010094535981 0.5000810424253462 0.0022274203946642188 0.0010354548165310007 2.914335439641036e-16 0.009558967437073018 0.0006046839546832994 3219.71288972673 16.0 -20.84747135813453 2.1138515822492394 823.7 872.57 0 21 "Covariance may not be accurate. Covariance not positive definite. Covariance forced positive definite."
2006bh 73 0.031141031493772533 839.579886152111 4.554689958524705e-14 1.2496720447100458 0.04033813425672461 3.6630941867843436e-06 0.010891846474635258 4.163336342344337e-17 1.3081868615039127e-06 1.4365001393706889e-05 274208.789518091 68.0 -20.351552031878427 1.4569905679235102 831.9 891.79 18 55 "Covariance may not be accurate."
2006br 23 0.08395966039465774 844.8004701572037 1.7486012637846216e-14 0.7353166677771691 0.500529217511405 2.2858436394337933e-06 0.002017187575461321 0.0 0.025433255416244305 0.0001255031281967578 1053.2360352502528 18.0 -20.635203962700672 2.067854916573282 858.69 890.61 0 23 "Covariance may not be accurate."
2006bt 39 0.08381309351204419 838.7609969425233 1.2165268792330153e-13 0.6818378648098653 0.4682638405810679 0.07674046727127284 39.53713521103441 1.4317430313640302 0.48421068821580665 0.7282968282597055 69491.95795464565 34.0 -22.813824587492846 2.1854829943902576 853.76 891.71 0 39 "Covariance may not be accurate. Covariance not positive definite. Covariance forced positive definite."
2006dd 141 0.038671490900902085 912.1645522469136 3.234079670733081e-13 1.2499983388005302 0.09570994403355887 0.05588204370726656 28.46580878295879 0.9223872523899646 0.3693764971914542 0.5308517638713255 438997.4942641113 136.0 -22.86545284052974 1.456783015626245 906.94 1147.57 1 140 "Covariance may not be accurate."
2006ef 36 0.08210007427815134 971.0937776816995 1.4729883979214264e-13 0.6513390828798419 0.49661034367226287 0.05420654501557591 22.914802888978784 0.9223868817344918 0.38056003401965954 0.7095839934032309 54067.879707132 31.0 -22.906703817389452 2.258993165423256 979.9 1040.71 0 36 "Covariance may not be accurate."
2006ej 43 0.08357179002155793 968.2276538964958 1.513789094076401e-13 0.6926656163019285 0.49337420085924333 0.046939741201029554 20.952487351569005 0.9223867503626693 0.4240276202737406 0.7088264999138706 47356.53954646722 38.0 -22.985084850807752 2.1605546876495243 979.74 1046.74 0 43 "Covariance may not be accurate."
2006eq 36 0.08399016247950919 981.9530525789659 1.6653345369377348e-16 1.2490999249004988 0.28222096334569313 0.05010389455966243 27.650849114097298 0.9408815726914201 0.35897781165300885 0.6406214286488999 37769.08522990582 31.0 -16.02100339497009 1.4573657725323024 981.64 1018.51 4 32 "Covariance may not be accurate."
2006et 85 0.08399981839376322 967.6300000270544 2.5163204853129173e-13 0.7842337330620716 0.5000369362214568 0.00012784032914159998 1.6359919072783669e-06 0.0 2.6982124839980415e-05 6.540884938122105e-06 278789.5485820334 80.0 -23.532266640488047 1.974334224695717 983.64 1099.54 0 85 "Covariance may not be accurate."
2006ev 29 0.07270264701388202 978.6016028836453 4.96269692007445e-14 0.8520710569801823 0.4984074152944228 0.04535933039254616 24.307806006037538 0.9223868360526033 0.39679765547148643 0.7100007637911441 36759.713812361864 24.0 -21.442782873180075 1.864315262152818 994.59 1038.53 0 29 "Covariance may not be accurate."
2006fw 25 0.0839999795717085 1014.9350742945277 8.326672684688674e-17 0.9671554761761121 0.06743883497247999 0.05015546155672953 29.866374140228174 0.9342486225546616 0.42471837862720524 0.5060884405012238 65568.75398859043 20.0 -15.697957181183344 1.709598164908293 1001.75 1039.73 14 11 "Covariance may not be accurate."
2006gj 52 0.08209807111107663 1016.8744050117718 1.6653345369377348e-16 0.7285391808121071 0.007719346902378854 3.0284005225755806e-07 0.000377487529760856 0.0 5.015597563384766e-06 0.15965243391521433 118715.40474361947 47.0 -16.497473273013334 2.0819046672815915 998.83 1096.59 19 33 "Covariance may not be accurate."
2006gt 39 0.005337497551206267 1006.2395645744169 2.3314683517128287e-15 1.1040661497929127 0.0005433949506116753 0.04417736285207521 7.322919853950452 0.9262008437199944 0.3729386016649093 0.6074594745439815 6302.529280404463 34.0 -13.316275448903276 1.5686855068540098 1001.67 1076.62 8 31 "Covariance may not be accurate."
