analysis_pipeline/fit_results/csp_4_salt2_2.4_red.ecsv
# %ECSV 0.9
# ---
# datatype:
# - name: obj_id
#   datatype: string
# - name: num_points
#   datatype: int64
# - name: z
#   datatype: float64
# - name: t0
#   datatype: float64
# - name: x0
#   datatype: float64
# - name: x1
#   datatype: float64
# - name: c
#   datatype: float64
# - name: z_err
#   datatype: float64
# - name: t0_err
#   datatype: float64
# - name: x0_err
#   datatype: float64
# - name: x1_err
#   datatype: float64
# - name: c_err
#   datatype: float64
# - name: chi
#   datatype: float64
# - name: dof
#   datatype: float64
# - name: b_max
#   datatype: float64
# - name: delta_15
#   datatype: float64
# - name: tmin
#   datatype: float64
# - name: tmax
#   datatype: float64
# - name: pre_max
#   datatype: int64
# - name: post_max
#   datatype: int64
# - name: message
#   datatype: string
# schema: astropy-2.0
obj_id num_points z t0 x0 x1 c z_err t0_err x0_err x1_err c_err chi dof b_max delta_15 tmin tmax pre_max post_max message
[from data line 106]
2007st 74 0.0212 1451.8533001684275 0.00783721894310714 -1.2531592968635916 0.19156410709238947 0.0 0.21929087522460122 0.00022574351588948048 0.03113516027796659 0.015931533302595335 3280.367963913805 22.0 -19.081752858360943 1.2958102259174922 1458.66 1513.52 0 74 "Minimization exited successfully."
2005hc 84 0.0459 668.2703325102312 0.0021319106619182545 0.7739745086725396 -0.07773468132941175 0.0 0.065210958211253 3.1918765311213194e-05 0.03634431938400429 0.010630038444777001 18903.38509578385 41.0 -19.385288948684256 0.9176029296142225 661.67 755.61 19 65 "Minimization exited successfully."
2009ab 62 0.0112 1883.6767019977322 0.007678783348333751 -0.9135848348166826 0.48853925825755096 0.0 0.01797014847909395 7.517478458684028e-05 0.02233625762851288 0.006312506645739457 424.97028763407127 16.0 -17.66829976802131 1.1987039954345882 1874.57 1911.51 14 48 "Minimization exited successfully."
2007as 88 0.0176 1181.7874324244945 0.009237652063261463 -0.8209019985494344 -0.020400812259858125 0.0 0.04876360174273486 9.893708439061982e-05 0.0174368415025401 0.006953088031992738 46578.36328683137 34.0 -18.848354828830672 1.2180125019896408 1175.59 1259.49 13 75 "Minimization exited successfully."
2006hx 39 0.0455 1022.987392163093 0.0009535265166798146 -0.23719434093348202 0.464468358894532 0.0 0.10117412830271633 4.3815250612778956e-05 0.08145377264603271 0.031555579010679735 418.08481503173454 14.0 -18.50264716120401 1.0701381709797388 1013.66 1080.59 8 31 "Minimization exited successfully."
2008ff 144 0.0193 1714.6059326847153 0.010930839348762378 -0.9569284033970948 -0.028664170590228744 0.0 2.7568603400141e-07 9.931639127485053e-05 0.011319444997514694 0.005923013154581325 72837.09797615156 43.0 -19.234074121335404 1.2479248642624459 1724.53 1790.57 0 144 "Minimization exited successfully."
2009ds 56 0.0193 1962.1513592588374 0.011988838568157599 0.2788478233049876 -0.01928020225517768 0.0 0.09682925489221361 0.0004200688302776357 0.20779918776483752 0.02488417010317301 38.76301372813422 14.0 -19.335115199925767 1.0027053965642452 1954.64 1976.62 17 39 "Minimization exited successfully."
2008O 53 0.0389 1492.1172376156862 0.000808684893402864 -2.517456707298054 0.2878245786662659 0.0 0.09179818153722863 2.507578364831784e-05 0.06527257769745698 0.022222084610698967 782.7806946904277 19.0 -17.96471342217296 1.6088363543007453 1489.71 1546.54 7 46 "Minimization exited successfully."
2006ot 75 0.0531 1067.0002616534473 0.0005623332369179085 0.3614514307770831 0.6200385976524974 0.0 0.17764394865491795 1.3624852086684147e-05 0.05986572760418429 0.01719996594057549 5336.539862367178 29.0 -18.28627740144507 0.9559748420936316 1063.72 1131.63 13 62 "Minimization exited successfully."
2006py 14 0.0579 1071.204641250316 0.000942067207976638 0.43519670147502865 0.13506143139583848 0.0 0.27404862683931697 5.2240269030344444e-05 0.31484632719261585 0.044794660769235994 19.609709153040367 10.0 -19.022346930131466 0.9675806253863719 1069.54 1091.54 2 12 "Minimization exited successfully."
2005be 23 0.035 460.30764029709644 0.0035192647286641345 -2.2115927678752922 -0.17240619337333285 0.0 0.047746416543134274 5.295064115170829e-05 0.029827181070366304 0.00996993788702416 202.32531587728008 19.0 -19.322642269700687 1.5761019404059198 467.89 491.77 0 23 "Minimization exited successfully."
2006fw 6 0.0835 1008.4861972872803 0.002954126408959201 -1.2731424406764527 -0.9872627731106992 0.0 0.1704251848381091 0.00045981058795210167 0.23144760565157574 0.17049131120604755 28.702513603775678 2.0 -21.143318886683133 1.3882691754804846 1001.75 1039.73 2 4 "Covariance may not be accurate. Covariance not positive definite. Covariance forced positive definite."
2007ax 57 0.0069 1189.7514547900525 0.00393764325132841 -2.5902984883438513 0.6166589730312615 0.0 0.051197867486166615 7.953514656609405e-05 0.020290778324959957 0.012925264617678733 25373.928063533313 20.0 -15.890883780372345 1.5839466921023124 1184.55 1248.47 6 51 "Minimization exited successfully."
2007jg 56 0.0371 1366.978306299403 0.001558608381408061 -0.3683679935468307 0.08315193668246446 0.0 0.09954542394177679 3.329860823488018e-05 0.0565059921778186 0.014435057033085452 1601.1217203496408 28.0 -18.568199203626918 1.1189178734992886 1363.82 1425.78 13 43 "Minimization exited successfully."
2007af 205 0.0055 1176.5350570122164 0.04999999876291677 -0.42930017697186784 0.4108877472895913 0.0 2.1476580513990484e-09 5.203561595886613e-06 0.010035916719194127 0.000827528684517298 233526.2083860029 51.0 -18.14515023056602 1.1095341562630772 1162.76 1257.72 67 138 "Minimization exited successfully."
2008cc 86 0.0104 1580.2611733530198 0.02064212592254612 -1.5926778409618598 0.17203552674091105 0.0 49.14891757423038 0.034355708218795154 6.628025599130281 1.4540054961836038 131478.45159201208 38.0 -18.568198550395444 1.3762543419535724 1582.86 1654.86 0 86 "Covariance may not be accurate."
2006ef 20 0.0179 968.1941475562812 0.013018571545777341 -0.9499246765059084 -0.1258443064204986 0.0 0.12349312262801959 0.00021012602894155026 0.029258034841300518 0.00983186797823321 28103.485445585433 16.0 -19.25871347830174 1.2534554896742343 979.9 1040.71 0 20 "Minimization exited successfully."
2007nq 99 0.045 1397.5223641700284 0.0017369962224461134 -1.7675547756487342 0.033708629331224316 0.0 0.1072174201664211 3.228053978315967e-05 0.03252140810781179 0.012532458659803347 5581.19324068465 46.0 -19.11671991284262 1.4331252641089058 1397.65 1476.56 0 99 "Minimization exited successfully."
2008bq 50 0.034 1564.3015310352891 0.0027959379754359612 0.359197247431692 0.10373925333312628 0.0 0.062451662544731334 3.247096824298551e-05 0.02832698143230461 0.00814838734194201 169.77564245692852 28.0 -19.00887317354116 0.9824675518383934 1562.49 1606.46 2 48 "Minimization exited successfully."
2008hv 132 0.0126 1817.3693145968732 0.021279747728084154 -1.4796519964935917 -0.08436000854820647 0.0 0.012675434457491974 0.00023643490889472749 0.01855516319984396 0.007187327282362932 43551.80062994265 44.0 -19.02029453027446 1.3727192059643514 1804.8 1912.7 31 101 "Minimization exited successfully."
2009I 37 0.0262 1851.9691066897833 0.0005558262345548431 1.1616531913711583 0.9999998578695872 0.0 0.14970496330158767 2.8688779876648307e-06 0.11360595993225431 0.00725489011337388 65.78896714262811 6.0 -16.73066073884708 0.8100871073995428 1846.58 1867.58 14 23 "Minimization exited successfully."
2004gc 54 0.0321 330.0958214697235 0.0016366580805528249 -1.1088172890214465 0.27009774234494777 0.0 5.820051791260994e-05 2.438540530501354e-05 0.027398371403267063 0.010133459811949685 9762.1870219195 50.0 -18.30197446045475 1.257440970991457 329.83 397.66 2 52 "Minimization exited successfully."
2005lu 39 0.032 719.9402872464136 0.0016608581609217606 0.056367949831325426 0.1948947353893875 0.0 1.3549328627959767e-06 4.897430734684689e-05 0.04050056638379118 0.019664793172736506 6717.880119982313 30.0 -18.30975066985571 1.0323058561776826 719.66 799.52 1 38 "Covariance may not be accurate."
2007al 72 0.0122 1162.9504757896873 0.002068919359558019 -2.9373639172041677 0.7379257913961155 0.0 1.1704853591254505e-05 5.043132636558959e-05 0.01701565029303609 0.015186032841509989 11409.517867399863 26.0 -16.44724179689649 1.665964426430822 1170.77 1246.58 0 72 "Minimization exited successfully."
2005gj 112 0.043750000000000004 850.23 0.025 0.0 0.0 0.0 0.0 0.0 0.0 0.0 323619.1567153399 42.0 -21.94974123239405 1.0531324270815272 698.7 1016.76 106 6 "Hesse Failed. Covariance may not be accurate. Covariance not positive definite."
2008bz 26 0.0603 1579.2998073381766 0.0011834728093429643 -0.7195191635916389 -0.15001814227685972 0.0 0.1439056275924031 2.6941879783101783e-05 0.07961943245823333 0.01709428878150837 1586.8057925897965 22.0 -19.361285582212634 1.2052513292047067 1580.72 1651.52 0 26 "Minimization exited successfully."
2007bc 64 0.0208 1200.776310036141 0.007372004298971425 -0.9572920779625189 0.050204648391083184 0.0 0.05803244707954036 0.00010550786865225073 0.020834992247104722 0.009966770366377053 8341.758309300543 26.0 -18.97155861791245 1.2421322681922184 1196.65 1259.53 11 53 "Minimization exited successfully."
2008fr 82 0.0397 1741.5750217774475 0.002338589947462194 -0.40131045331593196 -0.0690670170124309 0.0 9.046743798535317e-09 3.205698692221315e-05 0.030595022721986442 0.009825808255728596 16217.918537930036 33.0 -19.159793939083414 1.1346408473595915 1738.78 1807.57 5 77 "Covariance may not be accurate."
