analysis_pipeline/fit_results/csp_4_salt2_2.4_all.ecsv
# %ECSV 0.9
# ---
# datatype:
# - {name: obj_id, datatype: string}
# - {name: num_points, datatype: int64}
# - {name: z, datatype: float64}
# - {name: t0, datatype: float64}
# - {name: x0, datatype: float64}
# - {name: x1, datatype: float64}
# - {name: c, datatype: float64}
# - {name: z_err, datatype: float64}
# - {name: t0_err, datatype: float64}
# - {name: x0_err, datatype: float64}
# - {name: x1_err, datatype: float64}
# - {name: c_err, datatype: float64}
# - {name: chi, datatype: float64}
# - {name: dof, datatype: float64}
# - {name: b_max, datatype: float64}
# - {name: delta_15, datatype: float64}
# - {name: tmin, datatype: float64}
# - {name: tmax, datatype: float64}
# - {name: pre_max, datatype: int64}
# - {name: post_max, datatype: int64}
# - {name: message, datatype: string}
# schema: astropy-2.0
obj_id num_points z t0 x0 x1 c z_err t0_err x0_err x1_err c_err chi dof b_max delta_15 tmin tmax pre_max post_max message
[from data line 105]
2008fp 300 0.0057 1733.5250029657857 0.024011105005678754 -0.32283877439796793 0.6236745077695254 0.0 2.1039852526882896e-07 3.590571787927439e-05 0.007343751620501937 0.0010641507318034371 49265.27364200802 117.0 -17.43852467129885 1.0753316966556064 1724.84 1874.61 72 228 "Minimization exited successfully."
2008fr 150 0.0397 1741.5756881202483 0.0018395613831357072 -0.47400196778590065 0.10689316284888717 0.0 9.255594591195404e-06 5.220180965494225e-06 0.018641874292398164 0.002259233152425155 10751.29035794638 86.0 -18.899605862565927 1.1382311728341605 1738.78 1807.57 9 141 "Minimization exited successfully."
2008fu 103 0.052 1732.7170304483957 0.0014514442457157718 -1.5193299632690094 -0.08575812595560584 0.0 0.1198020133991804 1.915818438463226e-05 0.034867055906745215 0.006947352901761572 424.00614184561954 68.0 -19.24713666901321 1.3825295188470008 1737.84 1817.67 0 103 "Minimization exited successfully."
2008fw 162 0.0085 1736.4450102776234 0.023950473791585564 0.22996380194243038 0.20612537335288827 0.0 7.658726417503203e-07 2.7125691864629195e-05 0.005764148627660948 0.0008495240729777809 19034.111630341664 74.0 -18.290012144389948 1.0004172606480335 1740.89 1827.81 0 162 "Covariance may not be accurate."
2008gg 198 0.032 1752.0907587745255 0.003406302657517296 0.6413117333229588 0.15841486057577114 0.0 9.481381425757718e-06 6.2204409629286386e-06 0.012700735529804774 0.0013781019391455596 7302.474466570169 114.0 -19.08936923366327 0.9307725040017409 1753.63 1827.57 0 198 "Covariance may not be accurate."
2008gl 166 0.034 1768.8904467453065 0.002954544395195591 -1.339824180637506 0.04257069846335071 0.0 1.6031782024583663e-05 4.3879865594814715e-06 0.01162166338886772 0.0013396885689568316 2671.2112380622207 103.0 -19.067299207276253 1.3284231776580775 1765.7 1844.55 24 142 "Minimization exited successfully."
2008go 43 0.0623 1765.363708885765 0.0009052357368719594 0.5082213990526663 0.11379189239645426 0.0 0.12295608980070938 3.2434071597392425e-06 0.11004635713505007 0.0031383751864614284 1016.1909798323819 32.0 -19.144740787504098 0.9557741325278322 1764.54 1776.58 2 41 "Minimization exited successfully."
2008gp 169 0.0334 1779.756201033436 0.0031788523318643292 -0.07343892365289229 0.04312132520159162 0.0 0.011664983616242353 6.206817873326276e-06 0.013153040965859564 0.001517227673383359 3494.0349764551447 109.0 -19.107797317012576 1.0646235962632993 1768.75 1844.52 38 131 "Minimization exited successfully."
2008ha 106 0.0046 1770.4760451285567 0.002438549893003905 -2.0387859214576425 0.1542966393200691 0.0 0.05956901393642511 1.8236213512001732e-05 0.02037916931869277 0.004527543160448788 9151.722823640597 82.0 -14.467490838898506 1.4910654932561798 1781.55 1810.55 0 106 "Minimization exited successfully."
2008hj 127 0.0379 1802.298180732813 0.0029163697281516104 0.40571136876308955 0.03357217319526029 0.0 0.018927712098161464 4.890011159956872e-06 0.020866902815481314 0.0015053991446404291 3008.2597352701223 90.0 -19.29626847504468 0.9774739274025528 1794.58 1834.55 37 90 "Minimization exited successfully."
2008hu 97 0.0497 1806.3351680383432 0.0009092301576094725 -1.7590941994621034 0.07906529801670947 0.0 0.06917158781357102 4.176500570292297e-06 0.0295507712695251 0.0031460062974327796 924.244321390848 73.0 -18.63741084039978 1.4263954928450993 1804.74 1844.84 5 92 "Minimization exited successfully."
2008hv 225 0.0126 1817.5549484812263 0.020084011669355775 -1.2567691278712543 -0.0494585939751212 0.0 0.005431172114072069 3.2989775935843985e-05 0.007790097398513662 0.0012287495945274007 8603.707182522681 114.0 -18.957395096743483 1.316901332544985 1804.8 1912.7 50 175 "Minimization exited successfully."
2008ia 166 0.0219 1813.3822068420227 0.0036651082898480516 -1.2549912765623077 0.16181427868043108 0.0 0.029231420526684815 7.652807052595245e-06 0.019787450846486143 0.0019048426970704746 2281.1823914209567 82.0 -18.327694841477854 1.2987798999378697 1809.77 1874.69 22 144 "Minimization exited successfully."
2009D 176 0.025 1841.846506359173 0.007223753219226309 0.6666294075923958 0.06022637013188836 0.0 0.013931312395015993 7.911156174504521e-06 0.010468674381738374 0.0008856000120108787 5298.9519573635125 121.0 -19.356916782507753 0.93060502339263 1834.67 1890.52 54 122 "Minimization exited successfully."
2009F 139 0.013 1842.7233651543181 0.0019311251594412604 -3.2337582919879244 0.5057540737912254 0.0 0.015269641096892883 4.5322900377050244e-06 0.016396424676224486 0.0018851935901422756 47447.25441865316 85.0 -16.49618531113551 1.8014907904278132 1837.75 1884.63 56 83 "Minimization exited successfully."
2009I 55 0.0262 1852.613725689936 0.0007703572539608877 0.8088452305394771 0.7705658073775776 0.0 0.07306425032277275 4.462199516228028e-06 0.09085007979179283 0.005509664174433215 506.7597307224128 24.0 -17.06249097360505 0.8753186043543053 1846.58 1867.58 18 37 "Minimization exited successfully."
2009J 41 0.0158 1835.7991129208262 0.0011235454086213736 -1.7621036197636153 -0.008759113462785018 0.0 0.23011773252210332 2.74561391767305e-05 0.056245809136890035 0.013671123170100608 1267.1276853184977 33.0 -16.323204164947583 1.4359972345282763 1846.74 1867.68 0 41 "Minimization exited successfully."
2009P 99 0.0251 1868.1328723450413 0.002339849129926461 1.5681527834677436 0.39881218924290485 0.0 0.0800513398047542 9.02609095198995e-06 0.03686673951293562 0.00267762569494423 1458.061450140154 71.0 -18.151164559052727 0.7691708363424006 1867.74 1931.61 6 93 "Minimization exited successfully."
2009Y 264 0.0094 1878.340090735928 0.031525459068710605 0.0382013764938538 0.19238036739499642 0.0 1.2257213256816613e-05 3.645269386493358e-05 0.008306344076422167 0.0008121183131376553 28724.851167499277 114.0 -18.808012724536614 1.0357589875526578 1868.84 1976.65 41 223 "Minimization exited successfully."
2009aa 232 0.0273 1878.8421582067954 0.004686333913940674 -0.6000249030515343 0.011881154610099198 0.0 0.009357672080000157 6.601312054756343e-06 0.01173486980169347 0.001173914352781913 5812.101088867472 112.0 -19.080913591172852 1.1697528275343032 1868.77 1956.66 66 166 "Minimization exited successfully."
2009ab 102 0.0112 1883.7271939024506 0.011168678236721644 -0.977759668295267 0.2417652649680304 0.0 0.010077965835648683 1.9445033537506852e-05 0.011304250721362319 0.0013939632543114033 7958.696041862976 56.0 -18.065410719051705 1.2317393969467538 1874.57 1911.51 30 72 "Minimization exited successfully."
2009ad 128 0.0284 1887.1172769234086 0.004199521384740115 0.2068617169342124 0.07251217541555399 0.0 0.013179652989833812 6.796409007624096e-06 0.014988197830089867 0.0014158884974734276 5894.278083417232 68.0 -19.05021286044517 1.0113065536447081 1878.6 1921.53 36 92 "Minimization exited successfully."
2009ag 208 0.0086 1890.1453774746146 0.010532634512435935 -0.28381857977019465 0.4576110552156667 0.0 0.026779022225923654 2.0699529558772592e-05 0.009324558638640568 0.00112886799175127 8835.575668112346 104.0 -17.43223694507649 1.0791749646203002 1886.62 1959.54 24 184 "Minimization exited successfully."
2009al 123 0.0221 1896.8224772485307 0.005407874083610248 -0.4208923048976718 0.18562193152208328 0.0 0.06977912526690488 2.0057507870774056e-05 0.020244332447893587 0.0023795140266302806 3734.2650892231945 79.0 -18.77098602764399 1.1227469858222499 1891.71 1973.54 18 105 "Minimization exited successfully."
2009cz 83 0.0211 1943.9540325260486 0.008092300916036105 0.642110461357781 0.07646144374425612 0.0 0.021293959397667095 1.888314932905512e-05 0.02332014693562101 0.0020031225409031794 1756.014714480181 44.0 -19.105576284986 0.9341558739929532 1937.53 1966.46 24 59 "Minimization exited successfully."
2009dc 116 0.0214 1949.1828240799368 0.013576040015675661 1.0638728328395288 0.17623871245526468 0.0 0.01892147130035937 2.732689613161015e-05 0.016363015192335073 0.001573767556196426 33537.55911702431 55.0 -19.700240704937485 0.85889117153976 1938.77 1976.68 41 75 "Minimization exited successfully."
2009ds 92 0.0193 1962.2479364596238 0.009351857400698374 1.6261262324554604 0.16213052777028847 0.0 0.03893435338693507 2.282172638065627e-05 0.04969643502005905 0.002652129731187447 1730.5587626954084 50.0 -19.068194043974202 0.7672841270989608 1954.64 1976.62 29 63 "Minimization exited successfully."
2009le 66 0.0178 2168.533884188098 0.011223179692669059 2.8266256835596693 0.17779243755738783 0.0 0.039498301557387094 2.4178373346753386e-05 0.05546807351474392 0.00201725922439544 3037.3191166069187 50.0 -19.091180188387256 0.5588563120179018 2153.53 2169.58 54 12 "Minimization exited successfully."
2010ae 57 0.0037 2277.6227811010926 0.0004098074848571637 -2.964822963223255 0.9999999992725963 0.0 0.13999379903907538 1.1548222604461372e-05 0.20648350268604876 0.0033085990863397363 293.83994691079766 5.0 -12.108630650461738 1.6303606466145375 2258.59 2305.53 52 5 "Minimization exited successfully."
