analysis_pipeline/fit_results/csp_4_salt2_2.4_red.ecsv
# %ECSV 0.9
# ---
# datatype:
# - {name: obj_id, datatype: string}
# - {name: num_points, datatype: int64}
# - {name: z, datatype: float64}
# - {name: t0, datatype: float64}
# - {name: x0, datatype: float64}
# - {name: x1, datatype: float64}
# - {name: c, datatype: float64}
# - {name: z_err, datatype: float64}
# - {name: t0_err, datatype: float64}
# - {name: x0_err, datatype: float64}
# - {name: x1_err, datatype: float64}
# - {name: c_err, datatype: float64}
# - {name: chi, datatype: float64}
# - {name: dof, datatype: float64}
# - {name: b_max, datatype: float64}
# - {name: delta_15, datatype: float64}
# - {name: tmin, datatype: float64}
# - {name: tmax, datatype: float64}
# - {name: pre_max, datatype: int64}
# - {name: post_max, datatype: int64}
# - {name: message, datatype: string}
# schema: astropy-2.0
obj_id num_points z t0 x0 x1 c z_err t0_err x0_err x1_err c_err chi dof b_max delta_15 tmin tmax pre_max post_max message
[from data line 53]
2006mr 118 0.0059 1052.2021577397513 0.004783855971826518 -2.4934068828010463 0.9358535330744149 0.0 0.03846681284449005 8.933801436027556e-05 0.021107156585197018 0.011733565073187568 23437.384162063983 33.0 -15.787149784048982 1.5124209774701747 1045.86 1147.57 16 102 "Minimization exited successfully."
2006ob 38 0.0592 1063.0238341955207 0.0007518629051107812 -2.1191969847645646 0.08807412902039702 0.0 0.1717428555027709 2.5665614256013803e-05 0.08138895619873976 0.02469404467431413 166.3493207150706 20.0 -18.82581110505284 1.5202139123023386 1060.65 1121.57 2 36 "Minimization exited successfully."
2006os 66 0.0328 1065.643915153828 0.0008598219588750845 -0.5881564403382908 0.5473137612722474 0.0 0.1398831566549461 2.0113394275159114e-05 0.048539903437752496 0.016661097951521153 208.4496646117678 21.0 -17.663471452857873 1.130195075689965 1063.65 1133.56 6 60 "Minimization exited successfully."
2006ot 75 0.0531 1067.0002113680605 0.0005623325094694071 0.3614453197257834 0.6200405346123636 0.0 0.17763036912094776 1.3624923861549332e-05 0.059864552247336444 0.017199982099402766 595.2255109210482 24.0 -18.286276121377096 0.955975766102835 1063.72 1131.63 13 62 "Minimization exited successfully."
2006py 14 0.0579 1071.2046293301119 0.0009420708149316726 0.4351957537828799 0.13505980151690444 0.0 0.27405609483810167 5.224314616754383e-05 0.3148579629460415 0.04479695442809595 20.35696180099398 10.0 -19.022351062527374 0.9675808676015869 1069.54 1091.54 2 12 "Minimization exited successfully."
2007A 49 0.0177 1113.3218345863436 0.005192229029482898 1.3199621337781835 0.45619891429905834 0.0 0.056022986762855 0.0001099784388957914 0.08471375320318186 0.014861189261576202 139.09141326401226 14.0 -18.24817730710086 0.8068850013483697 1107.53 1133.53 18 31 "Minimization exited successfully."
2007N 100 0.0129 1112.264052565577 0.0019012654613260794 -3.037599778914303 0.7341985562820326 0.0 0.09129474539656712 4.434357058512306e-05 0.025859373782646022 0.014743934954061455 3047.6768187455777 20.0 -16.477478088003192 1.6970420381737554 1123.82 1213.67 0 100 "Minimization exited successfully."
2007S 127 0.0139 1145.3001804964451 0.007200889364572705 0.8242203036907885 0.46621824335472684 0.0 0.02503215573824491 9.343513778522486e-05 0.01894751847675913 0.008283913658727493 208.06200540818452 24.0 -18.0721036337998 0.8866420177782306 1132.77 1246.54 30 97 "Minimization exited successfully."
2007af 205 0.0055 1176.535074106541 0.07532491733107603 -0.5460894403329233 0.16119321512379514 0.0 5.999595487082843e-09 0.0006952633937631347 0.011142219971692402 0.005730280295464962 9864.956397654938 43.0 -18.582355980506524 1.1490070436539295 1162.76 1257.72 67 138 "Minimization exited successfully."
2007ai 59 0.0317 1176.2853568173375 0.0006988199573875504 0.4401662367374817 0.6493248676023784 0.0 0.00014400211921383743 2.2785773441291745e-05 0.07251392399257339 0.021995556434869057 94.54919286223642 22.0 -17.36979082180321 0.941265289549154 1167.88 1259.7 20 39 "Covariance may not be accurate."
2007al 72 0.0122 1162.9503512193032 0.0020685519568714897 -2.937326682596322 0.7380388072892308 0.0 2.49129371923118e-05 5.041192090602395e-05 0.017015528264832547 0.01518277536697088 6579.626702933744 16.0 -16.44705789574664 1.6659346166481015 1170.77 1246.58 0 72 "Minimization exited successfully."
2007as 88 0.0176 1181.787421243789 0.009237525805325756 -0.8209190175906276 -0.020390365094586027 0.0 0.04876095282190818 9.893814256975268e-05 0.017436421164740867 0.006953240353248513 1013.7807026625271 24.0 -18.848339965091487 1.2180153903684925 1175.59 1259.49 13 75 "Minimization exited successfully."
2007ax 57 0.0069 1189.7516057611567 0.003937807857527806 -2.5903288508462534 0.6166278943474575 0.0 0.05119179309588162 7.953143614567045e-05 0.020290617896570273 0.012924134743506399 23964.148015121824 18.0 -15.890927111828447 1.5839596833069258 1184.55 1248.47 6 51 "Minimization exited successfully."
2007ba 68 0.0385 1198.8085902930948 0.001096462264393 -2.9855359031927824 0.3699858712665369 0.0 0.0680106406524601 4.522514865021733e-05 0.09473194365394333 0.02832178506340799 483.47403329967744 21.0 -18.274875734230946 1.7418428972314288 1190.83 1254.75 24 44 "Minimization exited successfully."
2007bc 64 0.0208 1200.7763101769697 0.007372005350573513 -0.9572913439951902 0.05020454867158053 0.0 0.05803133674100991 0.00010550781636371178 0.020834804714581434 0.00996675210305964 286.14556293556933 24.0 -18.971558772571672 1.2421321170634272 1196.65 1259.53 11 53 "Minimization exited successfully."
2007bd 66 0.0309 1207.915026179979 0.0037912760925863406 -0.7677588814733873 -0.04374057080589078 0.0 4.346475179772824e-09 6.898839253889773e-05 0.027563866215728705 0.012655220687145363 1605.0000211379738 20.0 -19.125620883543267 1.2083558074776555 1197.53 1259.46 24 42 "Minimization exited successfully."
2007bm 50 0.0062 1223.4866698600065 0.01965460059707562 -0.4997894515798027 0.6967938071462283 0.0 0.06685500575304104 0.00022708564583554143 0.016882404954892127 0.006875567899365054 732.5520331872506 13.0 -17.409664690122334 1.1026736874550362 1217.57 1278.52 7 43 "Minimization exited successfully."
2007ca 73 0.0141 1228.0214871791636 0.004644322724338701 0.6544108578306247 0.5087851581522034 0.0 0.021089088882376927 4.129567362341595e-05 0.018585608216485028 0.005769989904287676 1653.4269395161466 20.0 -17.629377116517475 0.9126914514990467 1217.65 1275.65 18 55 "Minimization exited successfully."
2007cg 23 0.0332 1228.599620560567 0.0006093420081729445 0.9434486060654015 0.7823991724038073 0.0 0.20960505535015272 2.60396953945752e-05 0.0751105418841096 0.025939284643583527 23.422572560367325 10.0 -17.334667953785104 0.8534520409617556 1235.63 1259.59 0 23 "Minimization exited successfully."
2007hj 173 0.0141 1344.8257435095663 0.008518708529135475 -2.0493210950996685 0.2959421023436326 0.0 3.3976921372413926e-05 6.200914182873975e-05 0.005106624413865557 0.004683384338854846 14408.406999942492 38.0 -18.277291629177306 1.4781012426000366 1348.76 1440.53 0 173 "Minimization exited successfully."
2007hx 14 0.0794 1354.1333932249563 0.002291218946945306 0.7303897825816268 -0.9998897310210862 0.0 0.6019894911482879 6.927535905011661e-05 0.325146275670702 0.38959142680660547 19.120391181861116 6.0 -20.75529482235297 0.955699646759161 1354.78 1411.73 0 14 "Minimization exited successfully."
2007if 25 0.0742 1355.9526292327332 0.0003942809505557532 0.24351913134170822 0.9999998307935762 0.0 9.299966313847108e-05 1.7055923451761489e-06 0.06000860576261591 0.04684373747975623 389.0757205738773 7.0 -18.69345049638707 0.954058230218731 1357.77 1443.6 0 25 "Minimization exited successfully."
2007jd 17 0.0726 1364.2942253595522 8.486244724389136e-05 -1.9174976388454592 0.9993929204593615 0.0 0.5301319289782214 3.8829431550493884e-06 0.25862996119351456 0.24530458719905623 25.93247674324842 10.0 -16.974325522763362 1.365206239628744 1362.83 1409.83 2 15 "Minimization exited successfully."
2007jg 56 0.0371 1366.9782885450059 0.0015586002217184676 -0.36835504365413296 0.08315620756906017 0.0 0.09954374128710697 3.3298900366070185e-05 0.05650545090779158 0.014435234320662182 293.01454274826654 25.0 -18.568193566555813 1.1189150780779826 1363.82 1425.78 13 43 "Minimization exited successfully."
2007jh 20 0.0408 1366.5833566684796 0.0005178465821008255 -2.342012196256029 0.42146614782082725 0.0 0.21899946635312517 2.7044048221561124e-05 0.12938953651016272 0.03686439112698314 632.9805828134726 14.0 -17.59248627978201 1.5414735767711676 1363.86 1413.8 4 16 "Minimization exited successfully."
2007le 148 0.0067 1399.9671460804134 0.04999999985003455 0.3233086856047498 0.19869074861461233 0.0 0.028570484462534296 8.151584904834974e-05 0.01274022407372355 0.0008079362609311191 1499.4364617714764 36.0 -18.569302477940827 0.9842278703357188 1388.57 1470.55 30 118 "Minimization exited successfully."
2007mm 17 0.0664 1393.747865087767 0.0001995284000428338 -3.7763742518711867 0.3797345789570199 0.0 0.10168168625182261 1.0435051720410213e-05 0.19791947312707547 0.03775902661547814 613.3601241266599 13.0 -17.652677032909452 2.0351311198401945 1385.72 1418.69 4 13 "Minimization exited successfully."
2007nq 99 0.045 1397.5224011920634 0.0017370002905427425 -1.767522337285392 0.03370744832762651 0.0 0.10721293951064581 3.22821298933462e-05 0.032521249297382315 0.012533041698043701 401.34295445525584 32.0 -19.116722464092213 1.433117138957435 1397.65 1476.56 0 99 "Minimization exited successfully."
2007ol 7 0.0559 1414.1810524934742 0.0009218069505055632 -3.102385012759486 0.00330449118699927 0.0 0.30905117299732865 0.00018877296090780008 1.5038252416733515 0.16511739769393674 5.918045078233077 3.0 -18.916509350258853 1.8434410035082252 1409.79 1422.66 3 4 "Covariance may not be accurate. Covariance not positive definite. Covariance forced positive definite."
2007on 204 0.0065 1420.6898780728907 0.06596635190831347 -1.8006120048040164 0.26543183302976825 0.0 0.017165372335853135 0.0008516639042332116 0.010136521508699481 0.008807141809221486 21790.367767482865 33.0 -18.804557274997116 1.4178329860761245 1410.73 1508.61 21 183 "Minimization exited successfully."
2007so 39 0.0297 1434.6800000014719 0.0010163532481375027 -1.6063739137728161 0.7301733999375353 0.0 0.0016138858646854715 2.6371155642569656e-05 0.027459605898397577 0.016294738479682325 3273.7888438849686 12.0 -17.636402586403136 1.3245489398644175 1449.68 1494.53 0 39 "Minimization exited successfully."
2007sr 156 0.0055 1458.5964168514863 0.11622022585417838 -0.438349441545264 -0.07314957549245416 0.0 5.9990770978402e-05 0.0010202671775218289 0.010796630817038189 0.005535235020435625 23463.68405701152 32.0 -19.05205675966873 1.1423140009708224 1454.84 1955.57 17 139 "Minimization exited successfully."
2007st 74 0.0212 1451.852633189501 0.007837267427814673 -1.2531153045975336 0.19157382302575754 0.0 0.2189896772015345 0.00022561128795263886 0.031121430645617565 0.015926203297379038 721.6731561160333 20.0 -19.08175979551916 1.2957995401538245 1458.66 1513.52 0 74 "Minimization exited successfully."
2007ux 88 0.0309 1463.2275439492118 0.0016123506483497114 -2.229207642106956 0.27999138261818723 0.0 0.07103749564441841 2.745790711710793e-05 0.024335074037977078 0.011424086834689207 1738.3386222657957 25.0 -18.200861670709312 1.5281280022017931 1466.82 1554.65 0 88 "Minimization exited successfully."
2008C 73 0.0166 1470.7501490829363 0.007905077150666318 -1.743797473992906 0.08665032697149577 0.0 1.0225622418147395e-05 0.00020498876450461383 0.06223326925527983 0.017311988682851442 1037.1187046461 21.0 -18.55054475567835 1.4217819252235522 1469.81 1552.5 4 69 "Minimization exited successfully."
2008J 43 0.0159 1469.5400000205484 0.0019892398240319103 1.5444164821314192 1.999999999568674 0.0 0.0017317742847353657 3.20173537314279e-06 0.019508278708610938 6.677942380273194e-05 18130.78564949739 15.0 -17.180800961477246 0.712548111337501 1484.54 1516.52 0 43 "Minimization exited successfully."
2008O 53 0.0389 1492.1175311423156 0.0008087102620839948 -2.5174447749103517 0.2877966699991239 0.0 0.09179370409719922 2.5076538757645716e-05 0.06527121059929586 0.02222194566390545 311.80564666376614 18.0 -17.964746629275655 1.608836617079401 1489.71 1546.54 7 46 "Minimization exited successfully."
2008R 64 0.0135 1491.3614240931872 0.011494548779496534 -2.2500487079931175 0.17995061870118167 0.0 0.033818951597595515 0.00012841912031078678 0.011936259796341275 0.007167918804362294 9123.618385744514 21.0 -18.504127007059047 1.5459032866956157 1493.63 1532.52 0 64 "Minimization exited successfully."
2008ae 71 0.03 1516.697715472535 0.000302711139041148 -4.544520535810205 0.9999999974821656 0.0 0.09486760396077898 2.3263082438967745e-06 0.26903088754261306 0.0034771125744934572 264.8924516946325 6.0 -16.367395880373692 2.206793430580742 1511.74 1602.52 9 62 "Minimization exited successfully."
2008ar 70 0.0261 1535.3947652147933 0.0049460750347931825 -0.017067395153743448 0.043998647666998236 0.0 0.03687833201479407 7.265124254110219e-05 0.022866495958130173 0.009451748899742096 241.26336189182902 28.0 -19.040366332321042 1.0539946724284626 1527.79 1627.59 7 63 "Minimization exited successfully."
2008bc 101 0.0151 1550.0296860872265 0.009385465895463956 0.5941264074759136 0.16558716819528563 0.0 0.033639991417317106 8.41087273622471e-05 0.016878603596222064 0.005785141454811793 890.9070321684151 25.0 -18.531181902343782 0.9385676274092063 1542.56 1646.46 27 74 "Minimization exited successfully."
2008bd 35 0.0301 1526.7000000066319 0.0009866448759785124 -3.15670487212269 0.3113482627529227 0.0 0.0017817056988178592 4.321410169265958e-05 0.06562849178734509 0.028824977389253714 1623.6978575255218 18.0 -17.610018552849983 1.8099005446635736 1541.7 1607.65 0 35 "Minimization exited successfully."
2008bf 83 0.0235 1555.396429546947 0.008264761394775345 0.531538426247673 -0.06634149425279734 0.0 2.564694011653046e-05 0.00010022241838756902 0.021620980581250393 0.008303799311351945 773.624562292159 40.0 -19.366120204427958 0.959555720662058 1546.79 1646.49 27 56 "Minimization exited successfully."
2008bi 48 0.0134 1536.5200000002478 0.0031907663395828595 -2.5319698007562237 0.4796475999709533 0.0 0.001643191308630776 0.00011331237717915332 0.022616697273082575 0.02218588926750309 1479.0190793104525 24.0 -17.106752471824723 1.5867812407338349 1551.52 1628.47 0 48 "Minimization exited successfully."
2008bq 50 0.034 1564.3015225059908 0.0027961349887773686 0.3590778132421448 0.10369058370108708 0.0 0.06245233671313599 3.247243951329118e-05 0.028327236140519574 0.00814824104990175 176.62907604998964 28.0 -19.00894903405476 0.9824910634409534 1562.49 1606.46 2 48 "Minimization exited successfully."
2008bt 35 0.0154 1568.937058814787 0.0022003838227928896 -2.477406625097982 0.679151177958768 0.0 0.08524025390272527 4.231522124061439e-05 0.024476056135266155 0.012254516601419185 7167.830588542742 16.0 -17.021019340691574 1.5440407335906379 1571.61 1651.47 0 35 "Minimization exited successfully."
2008bz 26 0.0603 1579.299502349771 0.0011833831163613252 -0.7190245862721758 -0.1499765071422119 0.0 0.14393654669186162 2.6934822019980564e-05 0.07962951121862671 0.01709142122135726 163.96366032555477 18.0 -19.3612029586786 1.205143561779348 1580.72 1651.52 0 26 "Minimization exited successfully."
2008cc 86 0.0104 1580.2605254770247 0.02064212707202166 -1.5928589655960508 0.17206140745285747 0.0 26.03685506186048 0.03435571493170315 6.627959164974071 1.454009991363335 32372.376480374838 24.0 -18.568199015811302 1.3762952825336043 1582.86 1654.86 0 86 "Covariance may not be accurate."
2008cd 9 0.0074 1572.7400000129269 0.001432438680812942 -3.39763794042117 0.9999999993056576 0.0 0.012724486720117056 1.2615820855908745e-05 0.14914837964064276 0.004689587108594351 894.0800757708121 5.0 -14.978571955220268 1.7610195862981008 1587.74 1595.73 0 9 "Minimization exited successfully."
2008cf 51 0.046 1596.3722251567108 0.0025061358061221647 0.5787085121409499 -0.1391798934127686 0.0 6.148454610865883e-05 3.786523380766441e-05 0.02831118338955374 0.010745935549174968 490.17551379385503 18.0 -19.566255184457987 0.9542280909560574 1595.77 1654.65 2 49 "Covariance may not be accurate."
2008ff 144 0.0193 1714.6051858965177 0.010930874852685863 -0.9569933289264672 -0.02864022487986373 0.0 9.915879672917072e-09 9.128933313058436e-05 0.011364505073084175 0.0054280377188790085 7795.2419798134 31.0 -19.234077560315686 1.2479372678511709 1724.53 1790.57 0 144 "Minimization exited successfully."
2008fl 97 0.0199 1720.5051637129548 0.004095798536436934 -0.9582999329184956 0.3969649985264547 0.0 0.056392688476876174 3.644728110568495e-05 0.011803360023563414 0.005610618693536851 1049.2868964646234 34.0 -18.2442332895522 1.2152604909183466 1724.49 1789.53 0 97 "Minimization exited successfully."
