analysis_pipeline/fit_results/csp_4_sn91bg_salt2_phase_red.ecsv
# %ECSV 0.9
# ---
# datatype:
# - {name: obj_id, datatype: string}
# - {name: num_points, datatype: int64}
# - {name: z, datatype: float64}
# - {name: t0, datatype: float64}
# - {name: x0, datatype: float64}
# - {name: x1, datatype: float64}
# - {name: c, datatype: float64}
# - {name: z_err, datatype: float64}
# - {name: t0_err, datatype: float64}
# - {name: x0_err, datatype: float64}
# - {name: x1_err, datatype: float64}
# - {name: c_err, datatype: float64}
# - {name: chi, datatype: float64}
# - {name: dof, datatype: float64}
# - {name: b_max, datatype: float64}
# - {name: delta_15, datatype: float64}
# - {name: tmin, datatype: float64}
# - {name: tmax, datatype: float64}
# - {name: pre_max, datatype: int64}
# - {name: post_max, datatype: int64}
# - {name: message, datatype: string}
# schema: astropy-2.0
obj_id num_points z t0 x0 x1 c z_err t0_err x0_err x1_err c_err chi dof b_max delta_15 tmin tmax pre_max post_max message
[from data line 108]
2008fw 70 0.0085 1725.9292975993076 2.248201624865942e-13 0.6790658053046212 0.2588705798344956 0.0 24.060879938996095 0.9223937678233767 0.30807638107285196 0.7397117375602695 180657.72448060973 19.0 -18.790255873680778 2.1903874633862355 1740.89 1827.81 0 70 "Covariance may not be accurate."
2008gg 102 0.032 1738.6302639929543 1.1074474670635936e-14 1.0969108484935313 1.4330177576793446e-06 0.0 7.972089406393934e-07 0.0 2.0000376774742534e-06 7.442892454134764e-06 156986.3698296938 44.0 -18.94215923365759 1.574658676046976 1753.63 1827.57 0 102 "Covariance may not be accurate."
2008gl 87 0.034 1767.5072895772628 7.244205235679146e-15 0.6737785358918895 0.5002352513160161 0.0 0.019007170944860263 0.0 2.1484904341728672e-06 5.013687249866283e-06 95947.21661836552 52.0 -17.63770791329491 2.2028180195075535 1765.7 1844.55 4 83 "Covariance may not be accurate."
2008go 19 0.0623 1749.543187262431 4.08006961549745e-15 1.2499763665168597 0.3031016553331275 0.0 16.758086245552136 0.9228110136943588 0.3675332710651 0.7386265850313949 15617.569930975324 15.0 -18.776868855298343 1.4563984156775511 1764.54 1776.58 0 19 "Covariance may not be accurate."
2008gp 96 0.0334 1776.455015492661 1.1157741397482823e-14 1.0555499722840693 0.5001866256270142 0.0 0.0003343886664879392 0.0 0.0017343332746788676 6.462842539745051e-06 143850.8397000039 56.0 -18.067117637988588 1.6141443670711055 1768.75 1844.52 17 79 "Covariance may not be accurate."
2008ha 56 0.0046 1766.5567332908922 1.3322676295501878e-14 0.9059521751884361 0.4795783269896244 0.0 24.377122859851966 0.9223869081091813 0.43497714957095285 0.7054984399173744 11277.672859810707 32.0 -13.956574462256889 1.7865592131831889 1781.55 1810.55 0 56 "Covariance may not be accurate."
2008hj 65 0.0379 1803.3062772172752 6.328271240363392e-15 0.6500000000028447 7.56010228863957e-07 0.0 0.00012697080478574208 0.0 7.741363106106292e-12 3.8523407535129284e-05 141521.72050959532 48.0 -18.711565379012125 2.260654066529934 1794.58 1834.55 23 42 "Covariance may not be accurate."
2008hu 52 0.0497 1795.7291098960386 9.159339953157541e-15 0.6500000000796959 0.500020972434732 0.0 0.08362302749003447 4.163336342344337e-17 2.3007554639242755e-07 7.19406632724573e-05 119156.01360564813 40.0 -18.74230627127626 2.260671080178465 1804.74 1844.84 0 52 "Covariance may not be accurate. Covariance not positive definite. Covariance forced positive definite."
2008hv 132 0.0126 1815.5463916462145 7.743805596760467e-14 0.6500000000220406 0.5000502127962335 0.0 0.00018529753515394987 4.163336342344337e-17 3.104760892824743e-11 0.3346477366014099 262324.21962803614 38.0 -18.019599171439044 2.2606710804117327 1804.8 1912.7 27 105 "Covariance may not be accurate. Covariance not positive definite. Covariance forced positive definite."
2008ia 109 0.0219 1817.0258951540438 1.7236212457305555e-14 1.147348924723492 0.49788878927845176 0.0 28.87960727626762 0.9223906910096359 0.44042575084946123 0.7098823655582401 155219.12343139443 50.0 -17.609436689770718 1.530527438097394 1809.77 1874.69 31 78 "Covariance may not be accurate."
2009D 93 0.025 1838.7109590419543 1.5487611193520934e-14 0.6525529464880395 0.4992780938699174 0.0 0.02838237851528902 0.0 2.279840363605956e-06 3.162569693310191e-05 416651.3283042963 55.0 -17.78245102405042 2.2542838510747636 1834.67 1890.52 12 81 "Covariance may not be accurate."
2009F 82 0.013 1846.5542786855297 7.16093850883226e-15 1.2496317337474594 0.3679305498959081 0.0 0.005529805667833898 0.0 0.00029904777773936964 0.0004181505165965216 124951.10680128189 36.0 -15.788621207014149 1.4566201800504217 1837.75 1884.63 38 44 "Covariance may not be accurate."
2009I 37 0.0262 1831.5880885902254 1.2406742300186124e-14 1.2444429169880118 0.5002602131183896 0.0 0.01219232389280478 1.6653345369377348e-16 0.012583574025012423 0.03943615566951303 24615.99905604869 16.0 -17.643226214703546 1.4599578729843756 1846.58 1867.58 0 37 "Covariance may not be accurate. Covariance not positive definite. Covariance forced positive definite."
2009J 18 0.0158 1831.740089563692 6.2450045135165055e-15 0.8711624446987524 0.5002106506117997 0.0 8.698856686351064e-05 4.163336342344337e-17 0.005557985356613004 0.012910730710799678 2425.7617679801087 10.0 -15.78257303730917 1.8353235307265372 1846.74 1867.68 0 18 "Covariance may not be accurate. Covariance not positive definite. Covariance forced positive definite."
2009P 46 0.0251 1853.2224442050226 1.3572476476042539e-14 1.2466408020855333 0.152312297307921 0.0 26.323205136074534 0.9223873036068131 0.34934696274221216 0.7310959426011991 26442.578511183943 27.0 -18.35325309937203 1.4585331889981994 1867.74 1931.61 0 46 "Covariance may not be accurate."
2009Y 148 0.0094 1877.3232147885606 1.1399214905338795e-13 1.214958467824604 0.6592984596299878 0.0 5.972834571821295e-05 0.0 1.3383327623905927e-06 0.04438606965593794 118627.5943151461 35.0 -17.512595516613946 1.4794926652800662 1868.84 1976.65 23 125 "Covariance may not be accurate."
2009aa 150 0.0273 1889.560006947928 1.2989609388114332e-14 1.0689894088630107 0.500257180074844 0.0 0.026505011644871956 4.163336342344337e-17 0.007895358597460822 0.00022141382061563464 345333.51346761937 62.0 -17.78418656220355 1.6010397927427071 1868.77 1956.66 64 86 "Covariance may not be accurate. Covariance not positive definite. Covariance forced positive definite."
2009ab 62 0.0112 1889.9407993884597 2.606248550307555e-14 1.2059264712543263 0.3225839424857271 0.0 29.57876268370967 0.922387200734516 0.305901259242267 0.6559002996670941 306657.9105452105 16.0 -16.947508653551953 1.4857515223525297 1874.57 1911.51 36 26 "Covariance may not be accurate."
2009ad 80 0.0284 1890.8942685644333 1.1324274851176597e-14 0.6500000000000099 4.228378625015239e-08 0.0 8.264142536518193e-05 0.0 2.7704505356496156e-12 3.529390184747738e-05 211344.792833636 40.0 -18.701341221930534 2.2606540665176915 1878.6 1921.53 34 46 "Covariance may not be accurate."
2009ag 136 0.0086 1874.2972007904787 2.0117241206207837e-13 0.6555989767792654 0.31798908382252306 0.0 20.224029378710043 0.9223883923161782 0.3433969301359346 0.654099552477237 42881.86776234169 20.0 -18.59647557300861 2.246718490823808 1886.62 1959.54 0 136 "Covariance may not be accurate."
2009al 68 0.0221 1911.553766249816 8.1601392309949e-15 1.204141734836679 0.4218641711596792 0.0 22.227640966742115 0.9225289924009669 0.42555183294998544 0.6898690751789707 54651.75928733442 34.0 -16.990163747662095 1.4870108511770077 1891.71 1973.54 34 34 "Covariance may not be accurate."
2009cz 51 0.0211 1952.836925743062 1.63202784619898e-14 0.6500010303297067 0.5384398729912312 0.0 23.233881122327944 1.1379085330878995 0.4547700171713968 0.7185806473999505 298964.4582986332 23.0 -17.40051140691999 2.2606686161067877 1937.53 1966.46 27 24 "Covariance may not be accurate."
2009dc 76 0.0214 1923.774338738334 1.1890488593735427e-13 0.7705090430795126 0.038711289569453855 0.0 5.512786606232112e-05 1.249000902703301e-16 8.098000519934923e-05 0.0008258550902617012 403072.15599367913 30.0 -20.565537589979215 1.9979793436506252 1938.77 1976.68 0 76 "Covariance may not be accurate."
2009ds 56 0.0193 1976.6199998233715 1.2156942119645464e-14 0.6500000000064102 0.0008156946267574572 0.0 22.751308959289986 0.9228054901312829 0.36912139373050873 0.6027256806743579 82316.34592330866 10.0 -17.92330147910518 2.260654088649499 1954.64 1976.62 54 2 "Covariance may not be accurate."
2009le 30 0.0178 2138.533665481529 3.547162563677375e-14 1.0487208017452674 0.03984832357577267 0.0 19.24742496738395 0.9230030232092169 0.44211202556088747 0.5234684549330177 55960.39300315882 14.0 -18.844411914599437 1.6208980334788556 2153.53 2169.58 0 30 "Covariance may not be accurate."
2010ae 52 0.0037 2261.552977396768 9.325873406851315e-15 0.7497749452597243 0.4988247444292285 0.0 27.90274798599785 0.9223869011053732 0.3469290871647829 0.7100991152341496 10298.750726993252 8.0 -13.048582742812098 2.0374700894707303 2258.59 2305.53 24 28 "Covariance may not be accurate."
