analysis_pipeline/fit_results/csp_5_salt2_2.4_blue.ecsv
# %ECSV 0.9
# ---
# datatype:
# - {name: obj_id, datatype: string}
# - {name: num_points, datatype: int64}
# - {name: z, datatype: float64}
# - {name: t0, datatype: float64}
# - {name: x0, datatype: float64}
# - {name: x1, datatype: float64}
# - {name: c, datatype: float64}
# - {name: z_err, datatype: float64}
# - {name: t0_err, datatype: float64}
# - {name: x0_err, datatype: float64}
# - {name: x1_err, datatype: float64}
# - {name: c_err, datatype: float64}
# - {name: chi, datatype: float64}
# - {name: dof, datatype: float64}
# - {name: b_max, datatype: float64}
# - {name: delta_15, datatype: float64}
# - {name: tmin, datatype: float64}
# - {name: tmax, datatype: float64}
# - {name: pre_max, datatype: int64}
# - {name: post_max, datatype: int64}
# - {name: message, datatype: string}
# schema: astropy-2.0
obj_id num_points z t0 x0 x1 c z_err t0_err x0_err x1_err c_err chi dof b_max delta_15 tmin tmax pre_max post_max message
[from data line 96]
2008bi 35 0.003500003007093635 1537.7285594362384 0.004100338502680981 -2.8188016116686136 0.29160285221889604 0.0010397220276941593 0.10830119662614379 9.358172031608426e-05 0.03529231854296211 0.015898853295877702 860.6123911745958 30.0 -14.439399579122561 1.700375803752081 1551.52 1595.52 0 35 "Minimization exited successfully."
2008bq 64 0.0375747268350604 1563.9422389855454 0.002562679308955543 0.46752535852204247 0.19784095709425653 0.0009683826382123513 0.057339386137414294 5.791818540203065e-06 0.03544042696199945 0.0026756282459385883 649.6660280145466 59.0 -19.138779065680144 0.9590033407388923 1562.49 1606.46 4 60 "Minimization exited successfully."
2008bt 49 0.05717815922693636 1568.5930754412946 0.003471010552914655 -1.4936435199581046 0.48149107033533545 0.0012050112217357294 0.10052621006514073 2.4442981093032723e-05 0.029481660117945285 0.006610469904943961 13260.771900191587 44.0 -20.42022490693887 1.3235977989399856 1571.61 1651.47 0 49 "Minimization exited successfully."
2008bz 44 0.040194463224156304 1580.2873847869544 0.0010062246465360831 -0.6753353600661853 0.0772513161479611 0.0026532494669396986 0.13852960208600962 6.366599157427177e-06 0.08022414728291682 0.006463430512515855 2474.0149422427344 39.0 -18.271819155161104 1.1808089460774696 1580.72 1651.52 0 44 "Minimization exited successfully."
2008cc 81 0.010396691274325074 1580.2602039245967 0.016064577001444588 -1.774148991895082 0.38812986139011807 9.095329634410676e-09 2.980459044010786e-06 3.01303077894291e-05 0.014125975538442859 0.0023082166015182537 143936.8249873384 76.0 -18.301680329807667 1.3987174611034145 1582.86 1654.86 0 81 "Minimization exited successfully."
2008cd 14 0.0035000007749725194 1572.7400000205114 0.0013197383925630053 -2.3023395733590615 0.9999999927419734 0.0002271606060347878 0.04519070340847975 2.1265554489596837e-05 0.11854592828806054 0.003944378060617204 148.62798857961693 9.0 -13.257731972105844 1.4556573024769932 1587.74 1595.73 0 14 "Minimization exited successfully."
2008cf 45 0.049285831367748084 1596.2066571501618 0.0021057481986403006 1.0598691349542015 0.003628114432912888 3.495665047044405e-07 4.334108564307826e-05 4.123076198628327e-06 0.024471566994316518 0.003428367905159213 12695.934526805619 40.0 -19.531812956010075 0.8658601152894541 1595.77 1654.65 4 41 "Covariance may not be accurate."
2008ff 86 0.015992740469961752 1714.9162248538737 0.006050622073805046 -0.35127217763422625 0.3168482108493973 0.046133455217444386 11.00506903061239 0.006743631466616277 4.140825219708356 0.7931306623760014 159901.3395454828 81.0 -18.18402063629055 1.1009182791002026 1724.53 1790.57 0 86 "Covariance may not be accurate."
2008fl 89 0.007042020775845979 1721.48508211726 0.005395932040806604 -1.5680413853341109 0.1774420106373633 0.0006868006876556616 0.051868772989905665 2.0406883673087985e-05 0.01908018364169206 0.0029750468456994916 22926.35029610884 84.0 -16.259258902440482 1.3698379383336672 1724.49 1789.53 0 89 "Minimization exited successfully."
2008fp 115 0.0326435713102215 1732.1781351131524 0.025142606314313545 0.34035984797374574 0.6966550810932175 0.05397434008737106 28.894433311469697 0.035551011939906466 7.177035115833984 1.461966176071769 378132.57972884347 110.0 -21.328485924499915 0.9553710208559067 1724.84 1820.73 18 97 "Covariance may not be accurate."
2008fr 68 0.03969947263322441 1741.575099128608 0.001840448231459216 -0.7632674194957181 0.21841977165402304 1.687798810434682e-09 27.866447989595827 0.02637811517824528 6.905819666135226 1.4615710185336455 16106.42772361962 63.0 -18.90190347801177 1.1888703796925348 1740.72 1807.57 4 64 "Covariance may not be accurate."
2008fu 45 0.05923586379084572 1733.7485951455049 0.001331527376111255 -1.576199621334513 -0.057919798132700206 0.004857144078707777 0.20800534119860004 2.6867462525712038e-05 0.057743956682732245 0.016373657332060587 1257.7072252651988 40.0 -19.4475921750321 1.3940009937405975 1740.75 1817.67 0 45 "Minimization exited successfully."
2008fw 92 0.00595096042380919 1736.572453759544 0.0230589685721053 0.23393817516237814 0.2709946853081089 4.220389730710903e-06 0.00031761367426952347 3.6225761444793475e-05 0.011528266160887313 0.0017665546033929225 454560.50563106325 87.0 -17.472031727788913 0.9963730208067094 1740.89 1827.81 0 92 "Covariance may not be accurate."
2008gg 96 0.0320107854693096 1752.0912084277907 0.003456205676871316 0.24892550643917133 0.24274560110155696 4.918554814270504e-07 9.57400948209397e-06 7.830270927547227e-06 0.017656967381386224 0.00274495543653408 54473.17243466865 91.0 -19.107426201263777 0.9951733131625247 1753.63 1827.57 0 96 "Covariance may not be accurate."
2008gl 79 0.03997290834878603 1768.693455385172 0.0029404202727047247 -1.2173787438677923 0.06994513865598839 0.0008224108132011444 0.02984561138725894 4.7220292155396824e-06 0.02135131006257751 0.002587595814746435 9207.810411032986 74.0 -19.42341586594346 1.298050592345657 1765.7 1844.55 12 67 "Minimization exited successfully."
2008go 24 0.04937872997361951 1766.6465439738079 0.000889244657145219 -1.2230232954530007 0.2173453584268914 0.0018965436025788693 0.11185286554893992 3.0983650498125795e-06 0.15441105674007738 0.0058967267319429695 235.19723049386678 19.0 -18.601145165854465 1.2868777781434417 1765.61 1776.58 8 16 "Minimization exited successfully."
2008gp 73 0.03165612384783672 1779.722583098006 0.0032064119922131044 -0.1230761521471031 0.022838023592845147 0.0012190581356674255 0.020729935250301423 7.491292473356392e-06 0.01786185314023836 0.0026823288167341364 1971.7586787734238 68.0 -18.997777632790402 1.0751327432409 1768.75 1814.69 14 59 "Minimization exited successfully."
2008ha 50 0.05428364747405278 1780.3117415092145 0.0011406376399853452 -2.3852182197559757 0.3545489511438804 0.0017059445752024768 0.1222114972166537 1.0955476414618902e-05 0.045706518371541716 0.010179095596573928 1201.1581439700756 45.0 -19.08857752223582 1.5620705861585051 1781.55 1810.55 0 50 "Minimization exited successfully."
2008hj 62 0.04164125610276368 1802.4897709926572 0.002929853067732172 0.2304571381583056 0.07341987895114177 0.0011634969221213168 0.025810236497591177 5.395298235651288e-06 0.025688153524476398 0.002647803714591279 674.2580234440557 57.0 -19.51183437159284 1.006991328217552 1795.56 1834.55 16 46 "Minimization exited successfully."
2008hu 45 0.05691638122996557 1807.0984842878197 0.0008778106819342185 -1.8937301678118992 0.11087777132939336 0.0031064069125907694 0.09004740982686599 4.608553201790333e-06 0.04237075513869493 0.008830330131098907 267.10029767050713 40.0 -18.905305528433217 1.457419885870948 1806.76 1840.68 4 41 "Minimization exited successfully."
2008hv 93 0.004345399213482508 1817.4936003134565 0.020196272014087736 -1.2862682011055937 -0.05296334594357899 6.689806690335018e-08 3.011770445482398e-06 3.740882204433457e-05 0.009331905246442451 0.0018607715584822992 88906.8531543225 88.0 -16.63784582233468 1.3240365032690953 1806.79 1884.68 19 74 "Minimization exited successfully."
2008ia 57 0.0035000551390360116 1813.2711107592133 0.0036503638006966654 -1.3364817903496542 0.1478389179465165 0.0005531265819443336 0.032287987763538695 8.300375618168444e-06 0.023704062431466166 0.003006207733313948 875.508729154568 52.0 -14.310408960236291 1.3184778183487147 1809.77 1858.76 7 50 "Minimization exited successfully."
2009D 83 0.03515747969049844 1841.9693544817046 0.007208678921746071 0.691317993909145 0.08938421256176454 0.0008336033130206671 0.01931957735303058 9.308996795521964e-06 0.017292382699615416 0.0015906251836899088 2540.1060923365676 78.0 -20.11187660910803 0.9251314175605501 1834.67 1884.53 24 59 "Minimization exited successfully."
2009F 57 0.0035000000053471256 1841.99609111915 0.0018507195545530903 -3.4586772330786486 0.6093450110321936 3.437033090562141e-05 0.01927693747597914 5.481762712931872e-06 0.025931491647478433 0.004247464594124062 11538.407713199793 52.0 -13.590692915179833 1.8603705997029252 1837.75 1884.63 20 37 "Minimization exited successfully."
2009I 18 0.0035000040475929085 1852.461707368309 0.0007254875324110788 1.481715064912093 0.7760315045085131 0.0006496818943070764 0.11438790770023388 5.377432318856589e-06 0.14388221815438973 0.009901363689257092 82.91674991986064 13.0 -12.589581205357764 0.7697038810353227 1848.58 1867.58 4 14 "Minimization exited successfully."
2009J 23 0.0035000000017353368 1837.028895958926 0.00131839583181953 -2.4100807110613767 -0.3253080488882796 0.0005263507542914376 0.3646708880996812 7.024300470593182e-05 0.06629064186870215 0.030332102029404506 131.00498761855715 18.0 -13.208020993279419 1.6542982962082107 1848.7 1867.68 0 23 "Minimization exited successfully."
2009P 53 0.0035000000817086195 1868.2388431264283 0.002227905463014332 1.4931399298171932 0.46060665794465416 0.00025798367218928886 0.14194371801022498 1.156506319494868e-05 0.08032447274872512 0.005361888950797811 1726.0922277308348 48.0 -13.786610099101477 0.7790840990858321 1867.74 1931.61 4 49 "Minimization exited successfully."
2009Y 116 0.009400218886228067 1878.3400433868976 0.03132550157951898 0.05187441373903923 0.2369347340488932 2.676446674886382e-07 1.4236555557545216e-05 3.9958034928681135e-05 0.0109027224304441 0.0010989344625608188 392133.58087407984 111.0 -18.80219193863607 1.0308309050726443 1869.84 1976.65 18 98 "Covariance may not be accurate."
2009aa 82 0.0709632983135727 1879.453096655203 0.004610254285512263 -0.4638510950871302 -0.07287588594645411 0.0009440430508877093 0.014934503550193767 6.943081026803029e-06 0.015830879981364898 0.0026713082829442625 9536.042583665292 77.0 -21.207134705897616 1.1474377663356314 1869.68 1938.65 28 54 "Minimization exited successfully."
2009ab 40 0.0035000000161475478 1883.6802001345989 0.011445375496125693 -0.9472258404696552 0.17212124793584072 1.4100142317928456e-05 0.012289306103070885 2.1741249953000606e-05 0.0135322545905594 0.002604393028572183 3445.228569307029 35.0 -15.551712006396027 1.230698251960213 1874.57 1911.51 16 24 "Minimization exited successfully."
2009ad 48 0.0035000000001240853 1886.7995843103483 0.0042829126985441 0.16551722835557925 0.015357520148802761 2.447545652167456e-05 0.015556448435177117 7.67251278324969e-06 0.018199175091589304 0.002421211224070019 3790.7275654302994 43.0 -14.483513757746042 1.0216812893108305 1878.6 1915.45 20 28 "Minimization exited successfully."
2009ag 72 0.00566582028960833 1890.1064085010207 0.010793895200213531 -0.46233123392762554 0.4359121570994655 0.00048673538498775724 0.03480689543982862 2.6509563314380466e-05 0.019131478544594405 0.002175185952908887 1067.292288092662 67.0 -16.54656601052003 1.114108491144222 1888.59 1937.5 4 68 "Minimization exited successfully."
2009al 55 0.013730846441161935 1896.8835987315852 0.00521953683502229 -0.09227560271306068 0.17235202733228405 1.38841851791624e-08 4.537392555903352e-06 1.886155673336276e-05 0.024173672560490633 0.004351541307948903 935.5835072879667 50.0 -17.68506733466747 1.0609517970122084 1897.7 1947.57 0 55 "Covariance may not be accurate."
2009cz 32 0.023501449627489495 1943.9128601142609 0.00804250874582545 0.6970359516554119 0.09572559525565127 0.0021867682460684854 0.036711667483700694 2.089197190614355e-05 0.03020275307417375 0.0032451556138909377 533.0265711070034 27.0 -19.337128668449424 0.9238840490388416 1937.53 1966.46 12 20 "Minimization exited successfully."
2009dc 40 0.0035000000007997228 1947.8595905327204 0.013264307242072088 2.5046417324796995 0.09806375300132886 2.1723721310188196e-05 0.03963454808672395 3.302806559785619e-05 0.03366762026713621 0.002814717003124856 3464.78430468875 35.0 -15.714500419516613 0.6217528625044189 1942.81 1976.68 12 28 "Minimization exited successfully."
2009ds 36 0.003500001485313629 1962.09648666666 0.00933613379195222 1.5257642041705797 0.17896778748310904 6.31139933911951e-05 0.04304026420447826 2.490767745308691e-05 0.05405120923022855 0.003557921225017968 546.8523084670497 31.0 -15.332609786475397 0.7830987181475866 1956.68 1976.62 12 24 "Minimization exited successfully."
2009le 36 0.007118526231481825 2168.600209107382 0.011036805830889987 3.1701970624374898 0.22215190166608534 0.0010872070915584901 0.03820081901562844 2.7286677790046808e-05 0.057122161502266344 0.0032247505413545152 327.89857433452545 31.0 -17.067901837482133 0.48011589822569434 2155.62 2169.58 28 8 "Minimization exited successfully."
2010ae 5 0.00350000024114571 2280.30861038958 0.00026024314532002436 4.9999999851430825 0.4822482814827793 0.0171923109361556 0.8997351340969999 2.7287365124212262e-05 1.4204655891416396 0.14519722352449904 66.68593150446719 0.0 -11.511568288369624 0.1909609563433321 2271.53 2305.53 2 3 "Minimization exited successfully."
