analysis_pipeline/fit_results/csp_4_sn91bg_color_interpolation_all.ecsv
# %ECSV 0.9
# ---
# datatype:
# - name: obj_id
#   datatype: string
# - name: num_points
#   datatype: int64
# - name: z
#   datatype: float64
# - name: t0
#   datatype: float64
# - name: x0
#   datatype: float64
# - name: x1
#   datatype: float64
# - name: c
#   datatype: float64
# - name: z_err
#   datatype: float64
# - name: t0_err
#   datatype: float64
# - name: x0_err
#   datatype: float64
# - name: x1_err
#   datatype: float64
# - name: c_err
#   datatype: float64
# - name: chi
#   datatype: float64
# - name: dof
#   datatype: float64
# - name: b_max
#   datatype: float64
# - name: delta_15
#   datatype: float64
# - name: tmin
#   datatype: float64
# - name: tmax
#   datatype: float64
# - name: pre_max
#   datatype: int64
# - name: post_max
#   datatype: int64
# - name: message
#   datatype: string
# schema: astropy-2.0
obj_id num_points z t0 x0 x1 c z_err t0_err x0_err x1_err c_err chi dof b_max delta_15 tmin tmax pre_max post_max message
[from data line 107]
2005hc 163 0.0459 677.7392903099059 4.746203430272544e-15 0.6513285265272455 3.5033627665548295e-09 0.0 3.812314048445842e-05 0.0 6.242119088284426e-08 7.22711068318338e-06 451532.03418647614 132.0 -18.827930184553995 2.25900253274974 661.67 755.61 74 89 "Covariance may not be accurate."
2009ab 102 0.0112 1891.5007227000635 6.22002449546244e-14 0.6500000319385579 0.38284397665837805 0.0 1.8494303731131367e-05 0.0 1.5719048285234294e-10 0.0010994784516094591 877209.8974692391 50.0 -17.78032313544974 2.2623526196330346 1874.57 1911.51 60 42 "Covariance may not be accurate."
2007as 153 0.0176 1160.5925997932245 1.0499934255392418e-13 0.816120335424309 0.2633563013361725 0.0 0.0008065728774226955 0.0 0.00010928360894113531 0.001087601982257852 352310.610231386 103.0 -19.55214988212815 1.9202133407145343 1175.59 1259.49 0 153 "Covariance may not be accurate."
2006hx 70 0.0455 1020.1119619655013 5.329070518200751e-15 1.2304614415039332 0.02017721860246563 0.0 28.914824193676395 0.9223871318605552 0.40927049682040223 0.6694452017761269 14576.624584630492 52.0 -18.901795115642315 1.46948194947133 1012.66 1080.59 16 54 "Covariance may not be accurate."
2008ff 230 0.0193 1709.535619521099 4.196643033083092e-14 1.1607137529399434 0.5064372164704393 0.0 24.79516311991995 0.9223871460132674 0.3414118899428938 0.7118301670421 1037340.9238256717 143.0 -18.281462064126504 1.5201864663373783 1724.53 1790.57 0 230 "Covariance may not be accurate."
2009ds 92 0.0193 1957.0908692254882 2.5229818234606682e-14 0.6500717112353387 0.15562931705454458 0.0 26.01826586628863 0.9223868703106042 0.36617970671861194 0.7316716904628828 186731.59930688544 51.0 -18.439509933558032 2.262164261267074 1954.64 1976.62 11 81 "Covariance may not be accurate."
2008O 103 0.0389 1503.7353732455554 3.3306690738754696e-16 1.1277573551965139 0.5707909686808323 0.0 30.311525249223564 0.9504958423496389 0.359433274065257 0.724520001202545 215153.8912096903 89.0 -14.477065821276344 1.5476416815358185 1489.71 1571.48 51 52 "Covariance may not be accurate."
2006ot 118 0.0531 1056.6846556446567 5.745404152435185e-15 1.2408306699298595 0.32499790175456006 0.0 23.954276559283244 0.9223869217424253 0.39781497332721044 0.7372859047416799 78336.75677210957 99.0 -18.749080694503625 1.462700804060205 1063.72 1131.63 0 118 "Covariance may not be accurate."
2006py 35 0.0579 1054.5451160463963 1.3655743202889425e-14 0.7890475030927485 0.3797494973638288 0.0 22.567999729553776 0.9223868906580653 0.4435118691492522 0.676553867289846 49658.87130876166 31.0 -19.78319154384879 1.9658407037452044 1069.54 1091.54 0 35 "Covariance may not be accurate."
2005be 68 0.035 469.5390086176763 2.914335439641036e-15 1.1452014067931269 0.03610846016298369 0.0 28.176069148230738 0.9223869788520771 0.44071534572853804 0.5281327958343272 120097.55255199526 64.0 -17.633752028057387 1.53282021136571 467.89 491.77 12 56 "Covariance may not be accurate."
2006fw 31 0.0835 1000.5369406403491 1.9984014443252818e-15 0.6590054024221628 0.4872170941607081 0.0 26.588890735751022 0.924751074826906 0.39757884272535526 0.7083240567321227 29499.68467472586 27.0 -18.29954067967664 2.239983435200397 1001.75 1039.73 0 31 "Covariance may not be accurate."
2007ax 97 0.0069 1169.5526161504233 1.1032841307212493e-13 0.7946472379040862 0.4168809084710665 0.0 1.6425578905909788e-06 4.163336342344337e-17 1.3068345078304233e-06 0.23049283386320824 104127.30717997403 62.0 -17.274959082287317 1.9561131339009066 1184.55 1248.47 0 97 "Covariance may not be accurate."
2007jg 113 0.0371 1370.9679705022045 5.578870698741412e-15 0.6500238507744066 1.4559559646243336e-06 0.0 4.1471314943919424e-05 0.0 7.375615951321635e-09 1.102110956438529e-05 279277.1831735067 100.0 -18.52710743445465 2.262279138879304 1363.82 1425.78 30 83 "Covariance may not be accurate."
2007af 307 0.0055 1173.1508934522496 2.304822999121825e-13 1.205605361152586 0.16217056800866947 0.0 29.342363643023646 0.9223867760097046 0.4248288597729227 0.577436380763617 262701.4123244505 165.0 -18.078853217523395 1.4864188431907621 1162.76 1257.72 77 230 "Covariance may not be accurate."
2008cc 167 0.0104 1567.8612399544484 2.0308754677955676e-13 0.7695794728125988 0.1629501264476192 0.0 4.707053449237719e-07 4.163336342344337e-17 5.287865176839546e-07 0.21550826708345036 464046.6704844502 121.0 -19.331470778547345 2.0009191394333783 1582.86 1654.86 0 167 "Covariance may not be accurate."
2006ef 56 0.0179 985.5524009968101 1.6153745008296028e-14 1.2497794739421106 0.5142685804983399 0.0 0.020977554762168893 1.249000902703301e-16 0.00034945329632096733 0.021687857059731364 154632.23537453692 52.0 -17.066522924248723 1.4569346804607228 979.9 1040.71 12 44 "Covariance may not be accurate. Covariance not positive definite. Covariance forced positive definite."
2007nq 174 0.045 1401.2392926191712 6.661338147750939e-15 0.6526332695253857 0.08218277185476724 0.0 28.06950764009639 0.9223869962723612 0.3850364997164326 0.5195171093671133 126484.19666608993 158.0 -19.013704107782033 2.25574078789899 1397.65 1476.56 14 160 "Covariance may not be accurate."
2008bq 114 0.034 1563.9168115033833 1.174060848541103e-14 1.220263247424032 0.49870687504020167 0.0 0.03692464559264863 0.0 7.638398322074025e-06 3.0494855105284158e-05 450089.9904145901 100.0 -18.16552664347167 1.4763140226220877 1562.49 1606.46 6 108 "Covariance may not be accurate."
2008hv 225 0.0126 1816.297787784641 5.112577028398846e-14 1.175303286692423 0.1565438952651097 0.0 29.45174928816766 0.9223869758563242 0.4351282603604079 0.5739397050753953 390776.5242777704 141.0 -18.267369400078117 1.508739849637747 1804.8 1912.7 50 175 "Covariance may not be accurate."
2009I 55 0.0262 1835.2805171543102 9.159339953157541e-15 1.1711632575290012 0.010601208056984224 0.0 19.313035122136625 0.9223895378217086 0.33444843175531463 0.6555793920854072 17514.17875095013 34.0 -18.275467861466478 1.5119354130605522 1846.58 1867.58 0 55 "Covariance may not be accurate."
2004gc 134 0.0321 321.9270318024619 1.3822276656583199e-14 0.8961181615004692 0.395580388474857 0.0 23.46358665589159 0.92238689030716 0.41178350501897176 0.6817285017638999 192076.96518521296 130.0 -18.443114564811406 1.8009340794571251 329.83 397.66 0 134 "Covariance may not be accurate."
2005lu 88 0.032 704.7051747376263 7.494005416219807e-15 1.2499649487745335 0.22868164201331526 0.0 0.000425570626418903 0.0 0.0923393497738978 0.0002401468923219352 58152.996205882 84.0 -18.080519935178426 1.4568096522151741 719.66 799.52 0 88 "Covariance may not be accurate."
2007al 120 0.0122 1160.3989191923752 1.9984014443252818e-14 1.0458984915189449 0.4674837687719564 0.0 21.850575815684238 0.9223868780370306 0.44164036578879773 0.7024487537759655 34915.25068558038 80.0 -16.555805658960175 1.624369401196212 1170.77 1246.58 0 120 "Covariance may not be accurate."
2005gj 227 0.0616 713.8402498050411 9.242606680004428e-15 0.6758183907746297 0.20822713906005041 0.0 8.575189906423475e-05 0.0 5.949844239516722e-07 0.05552780866082774 373863.50999920774 156.0 -19.82470389230413 2.1995706532583412 698.7 1016.76 48 179 "Covariance may not be accurate."
2008bz 70 0.0603 1565.7607401086827 9.076073226310655e-15 0.9345405110547261 0.2749689235553912 0.0 24.05080466311847 0.9223869016738109 0.4296063806397765 0.6361347094764542 159885.91787493738 66.0 -19.617948270068194 1.749710254399865 1580.72 1651.52 0 70 "Covariance may not be accurate."
2007bc 111 0.0208 1181.682765636615 7.052691763931307e-14 0.8593010166703346 0.5001378936441236 0.0 nan 0.0 3.644564551785745e-05 7.878245074804946e-05 412603.35048864543 88.0 -19.020077235886298 1.853576106611392 1196.65 1259.53 0 111 "Covariance may not be accurate."
2008fr 150 0.0397 1723.7982715798871 1.199040866595169e-14 1.203327674895613 0.4140327385369351 0.0 0.00011098212189608603 0.0 0.007607651616616251 8.355446762595142e-05 339078.26535862393 132.0 -18.72499296905045 1.4880363066753368 1738.78 1807.57 0 150 "Covariance may not be accurate."
