analysis_pipeline/fit_results/csp_5_salt2_2.4_blue.ecsv
# %ECSV 0.9
# ---
# datatype:
# - name: obj_id
#   datatype: string
# - name: num_points
#   datatype: int64
# - name: z
#   datatype: float64
# - name: t0
#   datatype: float64
# - name: x0
#   datatype: float64
# - name: x1
#   datatype: float64
# - name: c
#   datatype: float64
# - name: z_err
#   datatype: float64
# - name: t0_err
#   datatype: float64
# - name: x0_err
#   datatype: float64
# - name: x1_err
#   datatype: float64
# - name: c_err
#   datatype: float64
# - name: chi
#   datatype: float64
# - name: dof
#   datatype: float64
# - name: b_max
#   datatype: float64
# - name: delta_15
#   datatype: float64
# - name: tmin
#   datatype: float64
# - name: tmax
#   datatype: float64
# - name: pre_max
#   datatype: int64
# - name: post_max
#   datatype: int64
# - name: message
#   datatype: string
# schema: astropy-2.0
obj_id num_points z t0 x0 x1 c z_err t0_err x0_err x1_err c_err chi dof b_max delta_15 tmin tmax pre_max post_max message
2008J 38 0.0035000000009714036 1469.7153617956994 0.004945213038360253 4.999999999837691 0.9999999999991651 4.83414033629532e-06 0.08611672198640008 2.1788080354646997e-05 0.0009634323136022971 0.00023894331108986755 19134.493506713887 33.0 -14.757679220964668 0.20076346985420201 1484.54 1515.52 0 38 "Minimization exited successfully."
2005kc 48 0.003500000019312079 698.0450810075266 0.0064443233906228865 -0.7157582933804649 0.3453187665891808 0.0003645284329855025 0.01514973871616121 1.5970047300069377e-05 0.019031264970217787 0.0036371291575392206 1676.0923836862703 43.0 -14.932997556906841 1.1699619121630924 687.52 728.54 19 29 "Minimization exited successfully."
2005A 73 0.005507042660112723 380.5044312224981 0.0008197571216632144 -0.5998061284424354 0.9999999999998903 0.0010966761916908502 0.04863038622417548 2.87329615254045e-06 0.0413613080522901 7.911640842406253e-05 2171.656983327106 68.0 -13.729440237802294 1.0983362761359494 376.65 432.52 6 67 "Minimization exited successfully."
2009Y 116 0.009393536307429229 1878.3403349296766 0.031352589646253114 0.040219649783299616 0.2361579007801493 1.520079515385242e-09 1.259194277736242e-07 4.361602788573171e-05 0.011024319374604907 0.000968933542654149 392138.554204132 111.0 -18.801547412124993 1.032991833512913 1869.84 1976.65 18 98 "Covariance may not be accurate."
2004gs 164 0.05122902617173271 357.118619325057 0.0020637902167925243 -1.842942397414257 0.22827115906856044 0.058608744737899746 70.94085921115058 0.026087077852542526 6.531966513755367 1.462097311958725 67394.14931187725 159.0 -19.598065747549732 1.4322769363907213 352.85 461.56 12 152 "Covariance may not be accurate."
2004eo 147 0.015070882947798157 278.7778829442421 0.010620328016698334 -1.1443749469974476 0.11683668890420829 0.045540248745345804 58.33302771384342 0.03029895951288683 6.7850600103668075 1.4448064352285492 18143.4758313622 142.0 -18.65933282089889 1.277851827929961 266.52 341.54 45 102 "Covariance may not be accurate."
2008gp 73 0.031656454093677275 1779.7225812586037 0.003206410404788629 -0.1230705312059035 0.022838404545191926 0.001218879540927753 0.02072824859112643 7.491123032367375e-06 0.017861378634760783 0.0026823256100677595 1971.7586797718138 68.0 -18.99780029095472 1.0751316535439521 1768.75 1814.69 14 59 "Minimization exited successfully."
2007ca 44 0.009346836807089719 1228.244618427597 0.0059339529155731765 0.6203038307706326 0.367427272036853 0.0010952053306294961 0.021106152271727296 1.1542178068035813e-05 0.01907393828625814 0.0029479551445878993 1145.1454209626947 39.0 -16.988008141965118 0.9249770876849119 1218.68 1259.63 11 33 "Minimization exited successfully."
2009al 55 0.005332377144517224 1897.30345495622 0.0051601804336392 -0.36228693628252184 0.18027307631450395 1.1768287931949659e-07 1.949459374372964e-06 1.889182191726216e-05 0.023688995229797172 0.004352851063824548 850.3575020446381 50.0 -15.604634474932244 1.1117114943910025 1897.7 1947.57 0 55 "Covariance may not be accurate."
2008ae 30 0.003500000112238948 1510.2191042185677 0.0005786464644915446 -1.9013545438537438 0.5104758034784824 0.0008757151377452492 0.14665641325518664 6.72634220646865e-06 0.11131019763331351 0.013638468746319021 1792.858638821618 25.0 -12.323070459323752 1.4167365785898731 1508.74 1597.56 3 27 "Minimization exited successfully."
2006dd 141 0.003500000000186839 988.4226279679784 0.008230695342673447 4.999999997701309 0.8173596521975606 2.0475213919131374e-05 0.03577749703657673 1.6932913908610132e-05 0.00033568611789736025 0.003225905206959645 778014.1331747212 136.0 -15.29005648323241 0.19728905192377688 906.94 1147.57 10 131 "Minimization exited successfully."
2005ki 163 0.014706266017298499 705.784928158399 0.009340757722589943 -1.5570619797701712 -0.019740977747791377 0.0009662638248417515 0.018377193114076817 2.318589984055732e-05 0.015649989939224618 0.0030113607058475655 215396.17961683046 158.0 -18.465181965682895 1.3857771785611348 695.86 861.5 12 151 "Minimization exited successfully."
2007if 67 0.07414246445012747 1355.952892941195 0.0010610926699543277 0.6964216920470943 0.3617044134583307 8.282824148775347e-10 7.814981017872924e-08 1.4492139650837616e-06 0.024711030463085315 0.0017659660290454404 20147.42877875313 62.0 -19.719911760489932 0.9124541197467195 1357.77 1443.6 0 67 "Minimization exited successfully."
2006D 147 0.008473639784759535 759.3376123582582 0.028830873960273617 -1.5575419763522058 0.14598734781666423 6.304320436505834e-07 7.929404546302976e-06 4.839675193830245e-05 0.009298579543156382 0.0019572177047532113 451263.95371568383 142.0 -18.482467609737572 1.3703466293921842 751.84 891.61 8 139 "Covariance may not be accurate."
2006lu 80 0.05337451726490887 1039.1812835657975 0.0010295626922521479 -0.39201639731419835 0.14271070441933364 3.492243883310153e-08 1.1167458069394343e-08 3.826538573520268e-06 0.03406288476829733 0.006923674568340421 12172.022028157033 75.0 -18.93449717130981 1.1198403106018802 1040.84 1137.75 0 80 "Covariance may not be accurate."
2009ag 72 0.005665047410332974 1890.1063710504475 0.01079394453562213 -0.46237395368282375 0.4359138025099849 0.0004867888296953742 0.03480739661529242 2.651028181562421e-05 0.019132277019260346 0.0021752263857619525 1067.2922745778214 67.0 -16.54627348560293 1.114116504461407 1888.59 1937.5 4 68 "Minimization exited successfully."
2006ev 29 0.03882050267788044 989.7023846020672 0.0018968768642101037 -1.2563523819757485 0.2853929789924181 0.002914651242513038 0.1387866009698655 2.0756215494031828e-05 0.054081488670704836 0.008960561004832668 83.72760036382488 24.0 -18.886225989070557 1.2883485489759074 994.59 1038.53 0 29 "Minimization exited successfully."
2009cz 32 0.02350406773675476 1943.9128727503632 0.008042505975233162 0.6970436424232282 0.09572522742282685 0.0021921347396085325 0.03675964043384283 2.0895676031570075e-05 0.030208513759696576 0.0032452451931814785 533.0265704995625 27.0 -19.33737450318019 0.9238827443781013 1937.53 1966.46 12 20 "Minimization exited successfully."
2006gj 52 0.04870857784071769 1000.2953609860175 0.0011587291716154524 -1.7818371823042978 0.35794283434218777 0.058195341302509036 63.958215572104734 0.02731550884306603 6.556093264255774 1.4751850768365236 2384.6654356385966 47.0 -18.861887475450832 1.4037054112036706 998.83 1096.59 4 48 "Covariance may not be accurate."
2005el 93 0.04286477803402714 647.6175359086662 0.013114145995127136 -1.04211433645931 -0.026182103549927893 1.8588952205647602e-07 9.815413477554102e-07 1.0322134237749497e-06 0.0004915340594786599 0.00014635788578154507 67399.80157842072 88.0 -21.20285943097809 1.266469758064968 639.89 730.75 9 84 "Covariance may not be accurate."
2007jh 25 0.06121693533614712 1363.446229498964 0.0005736947562859695 -0.9391094071181678 0.3768143473949954 0.0047379308175886335 0.23724103283529985 6.14669755471804e-06 0.08693710122756304 0.018083123411677837 406.66201797251637 20.0 -18.615785601923683 1.2129185947174577 1363.86 1395.86 0 25 "Minimization exited successfully."
2007so 27 0.003500000097373656 1434.6800011609307 0.0015479538833807261 -0.5599522658073557 0.34145193099432736 8.741343098989888e-05 0.007823425370474979 2.4281683346726013e-05 0.06934331804811045 0.013171195889566278 714.2451260280833 22.0 -13.38439209202767 1.1394551255297465 1449.68 1469.55 0 27 "Minimization exited successfully."
2006gt 39 0.07084974390404393 1003.1081284258204 0.0008001103445928692 -1.9593106068018304 0.28254087041296305 1.7766852825618074e-06 7.281995351604564e-05 3.021368861319551e-06 0.05005622630685491 0.009129354599051176 1105.5513548264926 34.0 -19.30545390898447 1.4562179302875755 1001.67 1076.62 4 35 "Minimization exited successfully."
2007ai 52 0.056956324266732965 1175.022183989905 0.000896112202356783 0.9078254860762378 0.5434370626075951 4.1644853520511615e-08 2.0007096281915437e-06 3.880490474754395e-06 0.055242111164553354 0.007914499467608804 2936.362800246874 47.0 -18.946198007725016 0.869656808674371 1172.89 1259.7 6 46 "Covariance may not be accurate."
2006hb 89 0.03654940648525021 1000.3916395052975 0.011982792085117015 -1.8856464795718053 0.06551872664406422 0.0009525317177608711 0.04222744235045184 6.178577627537034e-05 0.01621553320385294 0.003920625118487231 91423.48020034707 84.0 -20.748516662327315 1.460168992795058 1007.88 1143.59 0 89 "Minimization exited successfully."
2007hj 93 0.0237710873064122 1347.6863509337086 0.00781663651588566 -1.958150550995005 0.2719140907989921 0.0014872526428002953 0.029541603285792917 2.147851451754371e-05 0.021349723054657765 0.0027201957245043262 37657.80786715634 88.0 -19.33340260165087 1.457073158995808 1348.76 1440.53 0 93 "Minimization exited successfully."
2008ia 57 0.0035000000201531097 1813.271033591794 0.0036503624223787005 -1.3365588844874603 0.14785034327764435 0.0005467057393775307 0.03226723354805472 8.299278436159352e-06 0.02376647355977468 0.003005531134518513 875.5085783108776 52.0 -14.31037440907361 1.3184944516209605 1809.77 1858.76 7 50 "Minimization exited successfully."
2007ol 24 0.05767443647736394 1413.201502247942 0.0009471538111325201 -2.1588492607639314 0.0362673002349001 0.0034778335136660295 0.12789835946705352 6.242197027450669e-06 0.21843600332032742 0.010239721212581543 229.78088329528586 19.0 -19.01704465221349 1.5370411654630516 1409.79 1422.66 8 16 "Minimization exited successfully."
2008fw 92 0.008464475456112595 1745.388154992358 0.011918100827192824 0.33604819736791214 0.5882092937084884 0.07431055760894208 1.5425641777255805e-06 7.902240681366066e-06 0.006108840137420302 0.0008936754636303945 380101.0910818234 87.0 -17.5394646927992 0.961962181877567 1740.89 1827.81 4 88 "Covariance may not be accurate. Covariance not positive definite. Covariance forced positive definite."
2005mc 52 0.010757952011032128 731.0994801219921 0.0023691309097425787 -2.2406747798463043 0.2727943086282376 0.0022376963253683164 0.11459067567926695 2.9727278462728145e-05 0.044780796213954144 0.008434814575408511 586.8112398718572 47.0 -16.29401219411055 1.5321419616602014 736.79 773.62 0 52 "Minimization exited successfully."
2009dc 40 0.003500000073645347 1947.8595451674314 0.013264335504964843 2.5047001235451187 0.0980571962503407 2.1724384199836534e-05 0.03963701617283277 3.302830298483432e-05 0.03366954846817016 0.0028147011588391946 3464.784315539296 35.0 -15.714502869102462 0.6217426158039157 1942.81 1976.68 12 28 "Minimization exited successfully."
2009F 57 0.0035000000056130015 1841.9960905845635 0.0018507193987131326 -3.458676137807919 0.6093451596060988 3.437046845375163e-05 0.019276975400657648 5.481766999608463e-06 0.025931521771036303 0.004247465332474554 11538.407713293615 52.0 -13.590692833914876 1.860370175725759 1837.75 1884.63 20 37 "Minimization exited successfully."
2008go 24 0.04937825640126136 1766.64662549937 0.0008892443313143262 -1.223105900510808 0.21734363501948528 0.0018956365117798572 0.11184446472748277 3.098027079906395e-06 0.15440267826128218 0.005896024148904777 235.19722969350642 19.0 -18.60112311248467 1.2868962491199518 1765.61 1776.58 8 16 "Minimization exited successfully."
2008cf 45 0.049299487468138795 1596.2050341121035 0.002105841230439404 1.0595940650988016 0.0034180744364935567 3.3789246177418075e-07 6.553776188411575e-06 4.123078350778964e-06 0.0244633289164522 0.003426678680683415 12695.696208209889 40.0 -19.532483734289976 0.8659138256604884 1595.77 1654.65 4 41 "Covariance may not be accurate."
2006bd 21 0.003500102409031756 813.5518238122825 0.0007627546498043425 -1.370648102895272 0.5945729250561798 0.005281623937759883 0.2906028504008873 2.6072075156560748e-05 0.0831987695724572 0.023749541564200616 858.4313199990651 16.0 -12.628269129705647 1.285667541857574 823.7 872.57 0 21 "Minimization exited successfully."
2007bm 35 0.003500000964411279 1225.3680964931516 0.024460577372133693 -1.0537742738703693 0.5418839252288048 3.231453561029405e-05 0.032236899623967474 4.8727073813044364e-05 0.013634904575307694 0.0022379813275290594 1480.7317232298997 30.0 -16.390367843780545 1.2228723771837782 1224.67 1259.56 3 32 "Minimization exited successfully."
2006kf 62 0.005133727549693136 1041.4339623678493 0.0032338744771340747 -2.2389853278392797 0.1877928205251853 6.412179903480045e-07 2.358671542879165e-05 7.733271031659574e-06 0.01619840235252412 0.003498474773554472 11049.069581505646 57.0 -15.013790441809405 1.5418769382035151 1036.81 1127.64 12 50 "Minimization exited successfully."
2008bt 49 0.057179165827529715 1568.5929948967857 0.0034710282386666794 -1.493610102897604 0.4814907587495201 0.001203356579624247 0.10053937205680086 2.4441385021205285e-05 0.029479871604718655 0.006610288471647241 13260.77190268403 44.0 -20.42027024610792 1.3235902440230198 1571.61 1651.47 0 49 "Minimization exited successfully."
2006mr 103 0.004050572147249192 1050.4574811159357 0.00865099081833987 -1.0561058871754163 0.7011591832628712 5.0732061537828166e-09 2.0759091512445593e-07 2.7456584233309655e-05 0.02312607847856052 0.00431472220843887 51006.17140228454 98.0 -15.590652570060593 1.2099965841280405 1046.68 1147.57 12 91 "Covariance may not be accurate."
2007le 94 0.004168260068788578 1399.8745529346397 0.04144038024944234 0.05861339893762185 0.4063433266078642 0.0004961181537072243 0.01843837665603587 9.609456153420945e-05 0.019803887145778187 0.0026357998421503437 165742.88087687158 89.0 -17.337102261481604 1.020150106074908 1392.6 1470.55 13 81 "Minimization exited successfully."
2008hu 45 0.05692025960925207 1807.0984848477585 0.000877813333581054 -1.8937008919258433 0.11087329804895596 0.0030395022384489302 0.08983760613125469 4.594870590969612e-06 0.04229741446547597 0.008751965797107575 267.10029141623033 40.0 -18.905462817983775 1.457412804481983 1806.76 1840.68 4 41 "Minimization exited successfully."
2009J 23 0.0035000010999527943 1837.0300474931637 0.00131811739265561 -2.4101326455907337 -0.3251634680058928 0.0005253237551472302 0.364923220126002 7.023462171588393e-05 0.06625856345886039 0.03032925224278582 131.00507659464847 18.0 -13.207787736321198 1.6542971799795367 1848.7 1867.68 0 23 "Minimization exited successfully."
2007N 65 0.08399999999999659 1116.1415807763185 0.0017936577445370472 -1.394187613025549 0.7541730793443024 6.693026345688108e-05 0.18020205525112942 3.2634691223487546e-05 0.037516328553979905 0.013886478846691586 8741.97317272471 60.0 -20.598080019939374 1.2758296837462488 1123.82 1213.67 0 65 "Minimization exited successfully."
2006ob 25 0.08399999959749319 1064.1694803635808 0.0008134568598425096 -2.3102009676598847 -0.06583873340451851 0.0018110448657555345 0.07827494704395122 3.896769882839857e-06 0.05886790415713228 0.011568657690693929 415.86593185712684 20.0 -19.708850445420083 1.592359872342854 1060.65 1121.57 4 21 "Minimization exited successfully."
2006bh 73 0.0035000000974854035 833.8220456701354 0.028618215718945263 -1.6938930943989061 -0.011827678204226033 2.9824547846728612e-05 0.02243192752007417 4.811142113592473e-05 0.009889494779616204 0.0020119109480121744 41377.42339187092 68.0 -16.5447437097131 1.4190002189464508 831.9 891.79 7 66 "Minimization exited successfully."
2007ba 56 0.0839999941113517 1197.5343754400028 0.0012123870826109301 -2.7933028076477076 0.30178727907293057 0.0003407642453203616 0.028294478229781816 4.368649357633348e-06 0.0298789588249464 0.006876784024109073 2886.0215671967057 51.0 -20.146740477240478 1.6907518311604584 1190.83 1255.61 8 48 "Minimization exited successfully."
2008fp 115 0.021027429123003274 1732.7586541453134 0.023808628866263504 0.02147482167315662 0.7274007263686428 0.04900520843117065 92.70617732813332 0.035232611322938125 7.108597755808253 1.455908660780435 383352.52409798495 110.0 -20.29730484983068 1.0076664781346985 1724.84 1820.73 18 97 "Covariance may not be accurate."
