analysis_pipeline/fit_results/csp_4_sn91bg_color_interpolation_all.ecsv
# %ECSV 0.9
# ---
# datatype:
# - name: obj_id
#   datatype: string
# - name: num_points
#   datatype: int64
# - name: z
#   datatype: float64
# - name: t0
#   datatype: float64
# - name: x0
#   datatype: float64
# - name: x1
#   datatype: float64
# - name: c
#   datatype: float64
# - name: z_err
#   datatype: float64
# - name: t0_err
#   datatype: float64
# - name: x0_err
#   datatype: float64
# - name: x1_err
#   datatype: float64
# - name: c_err
#   datatype: float64
# - name: chi
#   datatype: float64
# - name: dof
#   datatype: float64
# - name: b_max
#   datatype: float64
# - name: delta_15
#   datatype: float64
# - name: tmin
#   datatype: float64
# - name: tmax
#   datatype: float64
# - name: pre_max
#   datatype: int64
# - name: post_max
#   datatype: int64
# - name: message
#   datatype: string
# schema: astropy-2.0
obj_id num_points z t0 x0 x1 c z_err t0_err x0_err x1_err c_err chi dof b_max delta_15 tmin tmax pre_max post_max message
2008J 81 0.0159 1469.54934472696 1.2106982083537332e-13 1.0034804926103518 0.5003383565898466 0.0 24.33769265240562 0.9223878673293666 0.436491366540784 0.7104459398310625 117736.64788200213 53.0 -19.015000009828785 1.6685479407670272 1484.54 1516.52 0 81 "Covariance may not be accurate."
2005kc 125 0.0151 696.1585888343183 2.6978419498391304e-14 1.1793460316423063 0.4511584900166833 0.0 29.25904034708566 0.9293602743181217 0.4340818741842995 0.7005810740849121 130691.91784188464 69.0 -17.386500537198792 1.5056579726433625 687.52 728.54 47 78 "Covariance may not be accurate."
2005A 182 0.0191 361.69255825913143 2.731148640577885e-14 0.9541282451925408 0.4003640566335067 0.0 24.038553130448406 0.922386869076432 0.4252599034813536 0.6832475521755206 117853.96350785968 149.0 -18.02422486488204 1.7252435588498827 376.65 433.53 0 182 "Covariance may not be accurate."
2009Y 264 0.0094 1878.7390827009926 1.846023334195479e-13 0.7525379190547481 0.501258351722527 0.0 15.014583418557777 4.163336342344337e-17 4.077212074737879e-06 2.704104114703565e-05 1413690.536902971 177.0 -18.319328149788507 2.0333508985180764 1868.84 1976.65 41 223 "Covariance may not be accurate. Covariance not positive definite. Covariance forced positive definite."
2004gs 299 0.0267 338.2021039977994 3.3306690738754696e-14 0.6811635517083134 0.500029476045571 0.0 0.6620473084286118 0.0 4.3804204419573e-05 8.569283828241403e-05 318573.8577627632 273.0 -18.75764528380224 2.1870542702023954 352.85 461.56 0 299 "Covariance may not be accurate."
2004eo 269 0.0157 278.3104643446661 3.164135620181696e-14 1.2418500933022911 0.03197329191997822 0.0 29.47564547022293 0.9223868826834951 0.3378607906544537 0.5335559891606974 644773.1130854264 232.0 -18.457338534355145 1.4620304539522753 266.52 341.54 90 179 "Covariance may not be accurate."
2008gp 169 0.0334 1778.3414978487635 7.827072323607354e-15 0.6587892670590889 0.5001230675438977 0.0 32.1331176686092 0.0 9.518075830994288e-06 6.545605225993789e-05 639660.3555344201 124.0 -17.682277327376678 2.24051439930831 1768.75 1844.52 33 136 "Covariance may not be accurate. Covariance not positive definite. Covariance forced positive definite."
2007ca 117 0.0141 1222.1082534167565 5.5289106626332796e-14 0.6500000004314415 0.7067482407084638 0.0 3.28863745835406e-05 0.0 4.616179660743569e-11 0.0009469264206561356 855079.5316429643 72.0 -17.51351532659971 2.262357427051761 1217.65 1275.65 12 105 "Covariance may not be accurate."
2009al 123 0.0221 1876.7120663725086 1.1132761379428757e-13 0.7093957156168453 0.5001161787356657 0.0 0.001305656239765085 8.743006318923108e-16 0.0029221059624456314 0.008180918092947465 1295401.4546142907 93.0 -19.649524083018637 2.123060141159904 1891.71 1973.54 0 123 "Covariance may not be accurate. Covariance not positive definite. Covariance forced positive definite."
2008ae 101 0.03 1493.7418585394316 2.5479618415147343e-14 0.6625116874653033 0.500114516733219 0.0 0.0009123876625380944 2.914335439641036e-16 0.004740732265413106 0.0007940330748674729 33627.59070098247 61.0 -18.725113358667592 2.2314200519854417 1508.74 1602.52 0 101 "Covariance may not be accurate. Covariance not positive definite. Covariance forced positive definite."
2006dd 217 0.0059 920.771411545221 2.2881696537524476e-13 0.7314533227727578 0.08217448003638733 0.0 29.579825030552172 0.9223869152472179 0.43670181990560036 0.5195099242817243 955683.7756246685 212.0 -18.37748942786441 2.075825947152916 906.94 1147.57 1 216 "Covariance may not be accurate."
2005ki 310 0.0192 683.9950719378854 3.70536934468646e-14 0.9331906159441665 0.5114319497331257 0.0 0.08495535786232722 1.249000902703301e-16 0.0029904819577666886 0.0037356299115712255 934343.1880411048 250.0 -18.12686939743098 1.751443323933625 695.86 861.5 0 310 "Covariance may not be accurate. Covariance not positive definite. Covariance forced positive definite."
2007if 114 0.0742 1341.1414074240222 1.9984014443252818e-14 0.8816976575379101 0.5149897440982565 0.0 26.125749615608356 0.9386529276832842 0.44393094923143767 0.72062123156009 293988.2615526179 94.0 -20.473962012881305 1.8211708432928688 1355.77 1443.6 0 114 "Covariance may not be accurate."
2006D 298 0.0085 743.6073145434771 2.6545432518787493e-13 0.7155255078093997 0.5154037001588068 0.0 0.009661773685195385 4.163336342344337e-17 0.37017795099586104 0.00029546868140062355 1349921.258738751 230.0 -18.47109786715277 2.109668643396043 751.84 891.61 0 298 "Covariance may not be accurate. Covariance not positive definite. Covariance forced positive definite."
2006lu 128 0.0534 1044.407332370881 2.4980018054066022e-15 1.2499995406722055 0.5074957845263087 0.0 0.0002508322151015818 0.0 1.9304299010869386e-05 4.105918236352313e-05 91869.4181107649 124.0 -17.481577324870283 1.4567936530130083 1040.84 1137.75 14 114 "Covariance may not be accurate."
2009ag 208 0.0086 1879.9243647400904 9.98368054894172e-14 1.2499997537379883 0.5879183093526487 0.0 24.13770523170649 0.9223867880453827 0.36911727723454096 0.7272981749211227 440537.2996351318 108.0 -17.311316401659454 1.4567936370715469 1886.62 1959.54 0 208 "Covariance may not be accurate."
2006ev 116 0.0287 978.5997087399489 1.1324274851176597e-14 1.2074541859835528 0.06253856390297757 0.0 24.34685337917489 0.9229329439660091 0.42423004556038835 0.5013230416285244 96923.66047527987 69.0 -18.621402505504786 1.4851162939300373 993.59 1039.52 0 116 "Covariance may not be accurate."
2009cz 83 0.0211 1952.5200424995944 1.9984014443252818e-14 0.6500007170119199 0.17967521970187672 0.0 30.063523776421334 0.9398930647754116 0.37624228622691336 0.5879010707399903 412669.94380552083 43.0 -18.33298550086582 2.2623440565978292 1937.53 1966.46 47 36 "Covariance may not be accurate."
2006gj 122 0.0284 1014.2040662141698 5.828670879282072e-16 0.8460565591529065 3.975642916542732e-07 0.0 0.0003087595233068896 0.0 4.665900896483333e-06 7.463103598792653e-05 117034.50115730175 90.0 -15.480246934637833 1.8733499607656938 998.83 1096.59 45 77 "Covariance may not be accurate."
2005el 236 0.0149 642.8591467708242 4.0217829067046296e-14 1.2499529408550631 0.27559481717033446 0.0 27.904431071126567 0.9223868475152901 0.37117954753972676 0.6364110587515217 549070.4465251719 139.0 -18.124265977823967 1.456818822044406 639.89 730.75 16 220 "Covariance may not be accurate."
2007jh 45 0.0408 1369.9774547226084 6.2450045135165055e-15 0.6500249929722179 0.5000999003528198 0.0 0.14096856018886683 4.163336342344337e-17 0.00011984074631571362 0.0011357810972194293 49590.000834872415 40.0 -17.883670086710683 2.2622935733315686 1363.86 1413.8 14 31 "Covariance may not be accurate. Covariance not positive definite. Covariance forced positive definite."
2007so 66 0.0297 1451.7482445905005 4.08006961549745e-15 0.874726940373097 0.4017185709085836 0.0 27.807910931568586 0.9352407551489604 0.4048815164362241 0.6871487915253921 22450.45022055061 52.0 -16.933354022011706 1.8311235677374924 1449.68 1494.53 6 60 "Covariance may not be accurate."
2006gt 93 0.0448 996.4613664413258 5.578870698741412e-15 0.7010444377306012 0.4982375913508242 0.0 0.038058602510375295 0.0 1.0332504806198628e-06 3.0449361879680836e-06 73498.13982673443 77.0 -17.975206455559682 2.141612989989138 1001.67 1076.62 0 93 "Covariance may not be accurate."
2007ai 111 0.0317 1152.8934698482062 1.3739009929736312e-14 1.1661675652258345 0.10838306513208584 0.0 8.105576398520498e-06 0.0 2.292361669375964e-06 0.002199372664270366 62370.240496909246 91.0 -18.969584255784437 1.5158475673108853 1167.88 1259.7 0 111 "Covariance may not be accurate."
2006hb 190 0.0153 1004.8509589754923 5.004330283497893e-14 0.6588601530846824 0.4939707221572102 0.0 26.26616264525279 0.9427939091938499 0.4064671181871943 0.7169402579235273 318581.61517459794 139.0 -17.98657840273841 2.240340150613637 1006.87 1143.59 0 190 "Covariance may not be accurate."
2007hj 266 0.0141 1338.1843604900569 1.0907941216942163e-13 0.6574384178222309 0.4451556278674079 0.0 21.698456819149214 0.922386787401573 0.33931217590946244 0.6964925795532408 592733.7956431215 159.0 -18.766127232259937 2.243834863318252 1348.76 1440.53 0 266 "Covariance may not be accurate."
2008ia 166 0.0219 1817.0964484862538 1.0408340855860843e-14 1.1831123822774328 0.005392297467875895 0.0 28.892326092044755 0.922386975902273 0.43303032565142313 0.6444973863960257 94423.22068393254 111.0 -18.02619733545994 1.5027975633026927 1809.77 1874.69 45 121 "Covariance may not be accurate."
2007ol 31 0.0559 1394.7908263316663 2.6145752229922437e-14 0.6537940384574856 0.1583332939208973 0.0 0.003301960542216875 4.163336342344337e-17 0.0008211511627580492 0.0031609169605349985 20641.222187685657 27.0 -20.84107693850288 2.2528500256319752 1409.79 1422.66 0 31 "Covariance may not be accurate."
2008fw 162 0.0085 1725.9196696709878 2.0067281170099704e-13 0.7489268452376211 0.03074891061499152 0.0 24.13201025196861 0.9223877992881234 0.34745700113337724 0.5352226040615662 629359.3004375999 135.0 -19.120479703539154 2.0404223557650347 1740.89 1827.81 0 162 "Covariance may not be accurate."
2005mc 83 0.0252 722.4676395472387 2.1316282072803006e-14 0.8671491309681528 0.49933440106481153 0.0 22.269386587265785 0.9224110268871876 0.44036371141499364 0.7102250256417837 95885.67729855454 79.0 -18.146769377455712 1.8420791206390206 736.79 773.62 0 83 "Covariance may not be accurate."
2009dc 116 0.0214 1948.0519458890385 3.497202527569243e-14 0.7234133863614046 0.0388100462183561 0.0 27.235400218913583 0.9223870441105291 0.43480485080673015 0.5247426245955119 667370.3459214215 74.0 -19.23668059522273 2.092720879028498 1938.77 1976.68 36 80 "Covariance may not be accurate."
2009F 139 0.013 1847.463222229873 1.0824674490095276e-14 1.2294523082614432 0.3652177031807801 0.0 29.261048498642253 0.9223869193104599 0.41014115422207514 0.6716009360786366 269045.8709975185 93.0 -16.242377128119305 1.4701601868173775 1837.75 1884.63 72 67 "Covariance may not be accurate."
2008go 43 0.0623 1767.3982614106544 5.578870698741412e-15 0.6529259303641122 0.48918444434779784 0.0 19.904698253525112 0.9234269622421862 0.3863168408232401 0.7082612055055173 147290.28137487528 39.0 -18.740927343961467 2.2550244381524216 1764.54 1776.58 14 29 "Covariance may not be accurate."
2008cf 96 0.046 1599.9170377266055 7.743805596760467e-15 0.9277009020929441 0.48743740905479577 0.0 0.012428552990513708 0.0 8.933722785597897e-06 9.942715919614153e-06 456366.57333203574 81.0 -18.41680474134124 1.7585265704827329 1595.77 1654.65 29 67 "Covariance may not be accurate."
2006bd 52 0.0257 816.6592448171015 3.164135620181696e-15 1.097334597625748 0.3562390574881774 0.0 33.60357940705347 4.163336342344337e-17 0.0051287344427404236 0.008364612611448996 11142.465266782148 37.0 -16.42482343384337 1.574866811175621 822.75 872.57 0 52 "Covariance may not be accurate."
2007bm 85 0.0062 1209.03344204483 4.736211423050918e-13 0.6982876115415562 0.0014384956817171668 0.0 23.083043371411236 0.9223880386731869 0.3108163924129931 0.6305399732179628 344737.82763093914 48.0 -19.41109548985724 2.1477949567504098 1217.57 1278.52 0 85 "Covariance may not be accurate."
2006kf 180 0.0213 1043.9037484257472 1.0158540675320182e-14 0.9829508229794047 0.007449200340086282 0.0 28.849728879534382 0.9223871234708744 0.4178833348701021 0.5770348910331269 127555.41565938303 131.0 -17.935238124633702 1.6913126878761666 1036.81 1127.64 50 130 "Covariance may not be accurate."
2008bt 84 0.0154 1576.7297549652646 1.8235413179468196e-14 0.6500000041641635 0.3358078900059561 0.0 28.442123967495604 0.9223889862409298 0.3689765962851056 0.6609623323592744 111411.62641821956 73.0 -17.234762645149424 2.2623515888715104 1571.61 1651.47 18 66 "Covariance may not be accurate."
2006mr 221 0.0059 1052.641046836664 1.2023715356690445e-13 0.7295063294559602 0.9143340487848306 0.0 12.433283137712465 0.0 5.0310654539753585e-05 6.908232334057463e-05 100677.49427988479 158.0 -16.053777586551654 2.0798950828606433 1045.86 1147.57 28 193 "Covariance may not be accurate."
2007le 242 0.0067 1373.570000001744 9.304224057871124e-13 0.7794872784941352 0.5001180178960817 0.0 7.321432349272072e-10 3.3306690738754696e-16 7.920504724312494e-07 0.4059860619000013 572103.3060071392 148.0 -19.337419306942582 1.982823165448444 1388.57 1470.55 0 242 "Covariance may not be accurate. Covariance not positive definite. Covariance forced positive definite."
2008hu 97 0.0497 1797.6660726131713 4.9960036108132044e-15 1.0890380562091577 0.4976613717993172 0.0 23.933148241704885 0.9223869753397179 0.3798886361180415 0.7098280863295942 118710.17117926685 85.0 -18.09000814070622 1.5825810900129973 1804.74 1844.84 0 97 "Covariance may not be accurate."
2009J 41 0.0158 1846.7268525290865 1.6653345369377348e-16 0.6500334788419808 0.17128671699713738 0.0 24.819154455014086 0.9297040297752195 0.36996058572137164 0.582961608125073 70163.4933216646 33.0 -12.515833954571534 2.2622611996475612 1846.74 1867.68 0 41 "Covariance may not be accurate."
2007N 165 0.0129 1128.5364837607638 4.246603069191224e-15 1.1366417036484164 0.21843451554754728 0.0 28.348706444179697 0.9223870677529713 0.4417185251369792 0.7385588529428089 80786.93918516336 113.0 -15.483408906317965 1.5400167342523083 1123.82 1213.67 26 139 "Covariance may not be accurate."
2006ob 63 0.0592 1067.47052806555 2.1649348980190553e-15 1.0553020466353633 0.07400753552223377 0.0 28.798236248042485 0.9223873232575787 0.39398615991932023 0.512227479266812 21496.53452283758 55.0 -18.425932012172865 1.6150073053629797 1060.65 1121.57 17 46 "Covariance may not be accurate."
2006bh 175 0.0109 816.9793031942219 3.335665077486283e-13 0.6922752985734826 0.4169898139483958 0.0 20.393885346773118 0.9223880955619039 0.4238423250773784 0.6883690224782144 816687.7877364064 110.0 -19.475588140236464 2.1614421014570873 829.91 891.79 0 175 "Covariance may not be accurate."
2007ba 124 0.0385 1177.6536497089567 1.2240208846492351e-14 1.2341390007318722 0.4998399683320275 0.0 27.68838842703269 0.9280846297903591 0.3265095045631227 0.7127209684010283 135614.4960521607 103.0 -18.485164071903068 1.467072393225422 1190.83 1255.61 0 124 "Covariance may not be accurate."
2008fp 300 0.0057 1709.8400000853196 6.636358129696873e-13 0.6500012128962956 0.37319141344085416 0.0 1.2063310350640677e-09 4.163336342344337e-17 5.570459649106851e-10 0.0005044540663904917 1613627.934126452 187.0 -18.893361428211676 2.2623494069607695 1724.84 1874.61 0 300 "Covariance may not be accurate."
2005na 170 0.0263 743.9969295419025 1.6153745008296028e-14 0.9852331328970152 0.41146115232840325 0.0 28.479799787390903 0.9223869033148077 0.4172489253008664 0.6866928372095961 428554.3225230914 152.0 -18.137944097889257 1.6887395974478103 738.71 834.54 18 152 "Covariance may not be accurate."
2008R 107 0.0135 1490.0129449580397 5.1708637371916666e-14 1.2421086041165532 0.38561243349604385 0.0 25.61300246521853 0.9223868336653156 0.3959010611566423 0.6784968908803137 288200.86943897506 65.0 -17.98376555363501 1.4618732903772766 1493.63 1532.52 0 107 "Covariance may not be accurate."
2005bg 95 0.0231 456.65974134558667 3.555489236362064e-14 1.2085317458077662 0.017775003037987513 0.0 9.334818741990603e-06 0.0 2.2654804314736765e-06 0.0020869526321279364 439601.8760961486 91.0 -19.457974558204043 1.4843611941043786 471.65 512.61 0 95 "Covariance may not be accurate."
2005ke 367 0.0049 696.1914050712957 1.237343560944737e-13 0.9107960449181289 0.511240015581369 0.0 0.006739045915935549 4.996003610813204e-16 0.0018557085857349165 0.004017583083838483 340600.9485224089 227.0 -16.446844985907916 1.7808848902797916 689.69 819.51 42 325 "Covariance may not be accurate. Covariance not positive definite. Covariance forced positive definite."
2007cg 45 0.0332 1220.976029926761 1.2156942119645464e-14 0.8501121110421936 0.4569209408157365 0.0 22.340159582270985 0.9223868940233713 0.44197787991417953 0.6996839703196659 24063.037934830863 41.0 -18.24872522543816 1.8672495611102669 1235.63 1259.59 0 45 "Covariance may not be accurate."
