analysis_pipeline/fit_results/csp_4_sn91bg_salt2_phase_red.ecsv
# %ECSV 0.9
# ---
# datatype:
# - {name: obj_id, datatype: string}
# - {name: num_points, datatype: int64}
# - {name: z, datatype: float64}
# - {name: t0, datatype: float64}
# - {name: x0, datatype: float64}
# - {name: x1, datatype: float64}
# - {name: c, datatype: float64}
# - {name: z_err, datatype: float64}
# - {name: t0_err, datatype: float64}
# - {name: x0_err, datatype: float64}
# - {name: x1_err, datatype: float64}
# - {name: c_err, datatype: float64}
# - {name: chi, datatype: float64}
# - {name: dof, datatype: float64}
# - {name: b_max, datatype: float64}
# - {name: delta_15, datatype: float64}
# - {name: tmin, datatype: float64}
# - {name: tmax, datatype: float64}
# - {name: pre_max, datatype: int64}
# - {name: post_max, datatype: int64}
# - {name: message, datatype: string}
# schema: astropy-2.0
obj_id num_points z t0 x0 x1 c z_err t0_err x0_err x1_err c_err chi dof b_max delta_15 tmin tmax pre_max post_max message
[from data line 103]
2008ff 144 0.043750000000000004 1709.530197732919 4.08006961549745e-14 0.8162159211519484 0.6174722116945522 0.0 24.772563354764657 0.9303984263470315 0.3825868963822147 0.7314803348354368 629959.0791441081 59.0 -19.87513515724123 1.9190051139894955 1724.53 1790.57 0 144 "Covariance may not be accurate."
2008fl 97 0.043750000000000004 1741.2655274139465 3.9968028886505635e-15 1.2440554227675313 0.001248520797123731 0.0 0.003128259838831582 0.0 0.10840582968948076 6.267956489242055e-05 697782.124055818 62.0 -18.53176877785477 1.4601939906301098 1724.49 1789.53 38 59 "Covariance may not be accurate. Covariance not positive definite. Covariance forced positive definite."
2008fp 185 0.043750000000000004 1718.5666025629166 1.695310558602614e-13 1.2460322502413939 0.2853429457604044 0.0 24.359373909941496 0.9223868877211733 0.38850330551382967 0.6406561280091684 591166.707594885 59.0 -22.056370792172203 1.4589295359246535 1725.83 1874.61 0 185 "Covariance may not be accurate."
2008fr 82 0.043750000000000004 1723.784229411689 1.1157741397482823e-14 1.0337236224020665 0.12795823557634467 0.0 24.440736932289497 0.9230622226357762 0.40205271921710567 0.5550304349349613 108072.95799552216 41.0 -19.425464270305802 1.6360342321125927 1738.78 1807.57 0 82 "Covariance may not be accurate."
2008fu 58 0.043750000000000004 1730.6358034666098 9.409140133698202e-15 0.7185709191976064 0.5076942764604662 0.0 23.8613470446752 0.9223869017195684 0.4335098150790731 0.7121115405785117 98468.86370407561 40.0 -18.472997111998072 2.1016662128697092 1737.84 1817.67 0 58 "Covariance may not be accurate."
2008fw 70 0.043750000000000004 1725.8977966983125 1.6295298443935735e-13 0.6820474929179583 0.042888937402463356 0.0 0.0013615541616900373 1.249000902703301e-16 0.0006976509066162762 0.001296115507353951 189785.11726106235 25.0 -22.489862467171 2.183432413631408 1740.89 1827.81 0 70 "Covariance may not be accurate."
2008gg 102 0.043750000000000004 1738.630570384639 1.9484414082171497e-14 0.8047466547768034 0.5001409253396494 0.0 39.01497394004707 8.326672684688674e-17 0.0028616414705863735 0.002573587542183814 346344.7284660242 46.0 -19.275307358941784 1.9378665846634888 1753.63 1827.57 0 102 "Covariance may not be accurate. Covariance not positive definite. Covariance forced positive definite."
2008gl 87 0.043750000000000004 1755.0517266117686 1.482147737874584e-14 0.8346606616197038 0.498038033483517 0.0 28.837084361571215 0.9414164536797376 0.45017988469173553 0.7174905081124308 109746.79753201763 44.0 -18.983377895442143 1.8898126076240622 1765.7 1844.55 0 87 "Covariance may not be accurate."
2008go 19 0.043750000000000004 1749.5431270020415 4.6629367034256575e-15 1.2487125979332363 0.3876250108346313 0.0 5.042231009610987e-06 0.0 4.736246418390877e-07 0.19245574749654423 15925.36746741201 15.0 -17.970245497657498 1.457209586027158 1764.54 1776.58 0 19 "Covariance may not be accurate."
2008gp 96 0.043750000000000004 1776.5148773009937 1.099120794378905e-14 1.150674035194157 0.5001973868171715 0.0 0.00035741515011977754 0.0 nan 6.237930853747464e-06 160467.9042815934 56.0 -18.65361648556073 1.527793845481348 1768.75 1844.52 17 79 "Covariance may not be accurate."
2008ha 56 0.043750000000000004 1773.7125662561766 4.246603069191224e-15 1.1140420810301142 0.0002727699916192927 0.0 0.020168302685647177 0.0 0.000588350459774345 8.437735962096848e-06 9744.58549160442 39.0 -18.599129141477164 1.5591217499484848 1781.55 1810.55 0 56 "Covariance may not be accurate."
2008hj 65 0.043750000000000004 1803.3385271615825 6.2450045135165055e-15 0.6500000000028604 0.009004029452736817 0.0 0.00011904558220976469 0.0 7.35383975936088e-12 0.007259284948120004 144135.5091226259 48.0 -19.004005214413148 2.260654313943526 1794.58 1834.55 23 42 "Covariance may not be accurate."
2008hu 52 0.043750000000000004 1795.5782269597014 9.159339953157541e-15 0.6500000000119692 0.5000217290820099 0.0 0.0850740262447971 4.163336342344337e-17 2.5901764982849684e-07 8.262332267752748e-05 110145.14500254804 40.0 -18.455933275649897 2.2606710803508285 1804.74 1844.84 0 52 "Covariance may not be accurate. Covariance not positive definite. Covariance forced positive definite."
2008hv 132 0.043750000000000004 1816.310027555646 5.287437154777308e-14 1.1382273088084827 0.5002807481463115 0.0 29.48695445455928 0.9237649260625457 0.4415491522621725 0.7110199763762954 672129.2294020253 58.0 -20.35898457680771 1.5381427505346892 1804.8 1912.7 31 101 "Covariance may not be accurate."
2008ia 109 0.043750000000000004 1814.7863512314937 9.575673587391975e-15 1.248811797443168 0.08322489809153377 0.0 28.418474046603137 0.9223870798854445 0.3574589334946589 0.7120118657608496 31342.176231176698 50.0 -19.34268691984575 1.4571370672229946 1809.77 1874.69 17 92 "Covariance may not be accurate."
2009D 93 0.043750000000000004 1839.9166410791406 1.990074771640593e-14 1.2499999999888551 0.7539958295314908 0.0 0.00032867878792330885 0.0 7.313196493941021e-06 2.3275124950039583e-05 430733.2239605156 57.0 -18.803093042007593 1.4563879911309918 1834.67 1890.52 20 73 "Covariance may not be accurate."
2009F 82 0.043750000000000004 1847.6762304700303 1.0075273948473296e-14 1.2491706793999118 0.4739345264881616 0.0 29.2877778007512 0.9223879072789996 0.3593853906116387 0.7040910993937295 124707.28953375321 46.0 -18.62203249736134 1.4569179735589053 1837.75 1884.63 44 38 "Covariance may not be accurate."
2009I 37 0.043750000000000004 1831.5841820813826 1.0325074129013956e-14 1.064165121072321 0.013496362685777752 0.0 8.080350426098448e-06 0.0 5.647174243894604e-06 0.035147871984424844 6759.0981646701 16.0 -19.542719870943632 1.6056990218616392 1846.58 1867.58 0 37 "Covariance may not be accurate."
2009J 18 0.043750000000000004 1846.056887270232 8.326672684688674e-17 0.6500000019727001 0.03725247312411312 0.0 0.0007323571434199039 0.0 1.4147676363762685e-09 0.10435231499108355 39754.11748526758 14.0 -14.270309600366197 2.260655129621018 1846.74 1867.68 0 18 "Covariance may not be accurate."
2009P 46 0.043750000000000004 1853.27944041958 1.5903944827755367e-14 1.1551195842580668 0.1348541955856405 0.0 26.414189423755715 0.9223868858134172 0.34496087592935837 0.7276383443474925 39578.35070817106 27.0 -19.796867101809152 1.5241644224620536 1867.74 1931.61 0 46 "Covariance may not be accurate."
2009Y 148 0.043750000000000004 1876.6290187997554 8.618106228652778e-14 1.1987114239419938 0.5001029932380279 0.0 0.00010959458575143799 0.0 1.4491852162734631e-11 4.3192727172680634e-11 699141.1596449234 60.0 -20.889681416505624 1.4908800379623752 1868.84 1976.65 23 125 "Covariance may not be accurate."
2009aa 150 0.043750000000000004 1853.7881322859052 2.989275493803234e-14 0.6677779327776552 0.28989612707442375 0.0 24.951052029917832 0.9224193171443353 0.322072883758232 0.6426049640916429 199274.16917355827 50.0 -20.164570625897476 2.217091031347163 1868.77 1956.66 0 150 "Covariance may not be accurate."
2009ab 62 0.043750000000000004 1891.8952938301156 4.729550084903167e-14 0.6500001139736329 0.45600686071421237 0.0 0.00012219173379435233 0.0 2.1151672080499395e-09 0.0031616976882172243 647266.3304342356 28.0 -20.341970036445797 2.260669194056657 1874.57 1911.51 42 20 "Covariance may not be accurate."
2009ad 80 0.043750000000000004 1890.9346245574066 1.099120794378905e-14 0.6500000000846028 0.007744273797547829 0.0 6.903965777382837e-05 0.0 2.5922708424275243e-11 0.009734032048510727 218257.30370347964 40.0 -19.619795387279105 2.2606542787263706 1878.6 1921.53 34 46 "Covariance may not be accurate."
2009ag 136 0.043750000000000004 1871.707310162047 2.122468867327143e-13 0.6503766462399168 0.21233037832659685 0.0 23.791751495742005 0.9223982565989544 0.36255469643881266 0.6059423689928856 411980.3747065978 46.0 -22.44679965284357 2.259717081210674 1886.62 1959.54 0 136 "Covariance may not be accurate."
2009al 68 0.043750000000000004 1878.4700951758261 0.004114809570508221 0.8140546422502977 0.006310302064727602 0.0 20.0 0.75 0.3 0.5 3.848848878740227e+27 24.0 -48.55534199171847 1.922499689054595 1891.71 1973.54 0 68 "Minimization exited successfully."
2009cz 51 0.043750000000000004 1952.5002663232003 2.2898349882893854e-14 0.6500009479091057 0.2594900064825871 0.0 0.00013608273320642184 4.163336342344337e-17 5.67518237959419e-09 0.005403607032086949 260867.70574485604 21.0 -19.924843897701766 2.2606624810084597 1937.53 1966.46 27 24 "Covariance may not be accurate."
2009dc 76 0.043750000000000004 1930.3785755540857 6.686318165805005e-14 0.7297271839062135 0.0023989203416278637 0.0 23.172000357774778 0.9223875211658715 0.4363193690969597 0.5937908540845324 471483.0116443854 34.0 -21.58863316817289 2.0780401600884417 1938.77 1976.68 0 76 "Covariance may not be accurate."
2009ds 56 0.043750000000000004 1976.6199931957888 1.3489209749195652e-14 1.1025522715860296 0.00028855689049300803 0.0 2.1289594087647856e-06 0.0 3.105476547637931e-05 0.012808067219122948 50388.22811572787 19.0 -19.85396630997745 1.5694843467048152 1954.64 1976.62 54 2 "Covariance may not be accurate."
2009le 30 0.043750000000000004 2162.058677099059 2.6895152771544417e-14 1.2442115993853546 0.5247342558367853 0.0 22.961639237399822 0.9224642215453791 0.3923343089561286 0.7158315467638016 13339.21226652029 18.0 -19.585825694236767 1.460107104559004 2153.53 2169.58 18 12 "Covariance may not be accurate."
2010ae 52 0.043750000000000004 2262.76972012603 1.990074771640593e-14 0.6500000013996194 0.9988096808734912 0.0 0.0022190675522324455 4.163336342344337e-17 2.9657195588228547e-09 0.0005282810717864295 53241.23673493842 17.0 -18.323248498471347 2.2606678258248643 2258.59 2305.53 24 28 "Covariance may not be accurate."
