analysis_pipeline/fit_results/csp_4_sn91bg_color_interpolation_red.ecsv
# %ECSV 0.9
# ---
# datatype:
# - {name: obj_id, datatype: string}
# - {name: num_points, datatype: int64}
# - {name: z, datatype: float64}
# - {name: t0, datatype: float64}
# - {name: x0, datatype: float64}
# - {name: x1, datatype: float64}
# - {name: c, datatype: float64}
# - {name: z_err, datatype: float64}
# - {name: t0_err, datatype: float64}
# - {name: x0_err, datatype: float64}
# - {name: x1_err, datatype: float64}
# - {name: c_err, datatype: float64}
# - {name: chi, datatype: float64}
# - {name: dof, datatype: float64}
# - {name: b_max, datatype: float64}
# - {name: delta_15, datatype: float64}
# - {name: tmin, datatype: float64}
# - {name: tmax, datatype: float64}
# - {name: pre_max, datatype: int64}
# - {name: post_max, datatype: int64}
# - {name: message, datatype: string}
# schema: astropy-2.0
obj_id num_points z t0 x0 x1 c z_err t0_err x0_err x1_err c_err chi dof b_max delta_15 tmin tmax pre_max post_max message
[from data line 106]
2008fr 82 0.043500000000000004 1723.7847772760745 8.659739592076221e-15 1.0379659291374226 0.00027059716548266666 0.0 4.852010306422017e-06 0.0 3.1604675408969385e-06 0.00015316942634263642 43628.75944158394 41.0 -19.35994812687366 1.6323598159618946 1738.78 1807.57 0 82 "Covariance may not be accurate."
2008fu 58 0.043500000000000004 1749.448071670371 1.6653345369377348e-16 0.9695560342522691 0.5096630207603238 0.0 1.008924883961754 0.0 4.291019757229897e-05 7.45149648928023e-05 57816.19448553235 37.0 -14.0768977779891 1.7067852356016395 1737.84 1817.67 17 41 "Covariance may not be accurate."
2008fw 70 0.0085 1725.8926994528424 2.63206123563009e-13 0.6529476586560177 0.46117211134323954 0.0 24.45993108298012 0.9224554988796902 0.3859276499301915 0.7008338540991651 330737.4135783396 43.0 -18.578347908663353 2.2549692120980094 1740.89 1827.81 0 70 "Covariance may not be accurate."
2008gg 102 0.043500000000000004 1738.6377637551925 2.6478819137309983e-14 0.7370160705318738 0.5003104644337802 0.0 0.000819692365780611 0.0 0.0003770051882928671 0.0002739964150119678 213474.1536051952 52.0 -19.59522881239306 2.0643706272255855 1753.63 1827.57 0 102 "Minimization exited successfully."
2008gl 87 0.043500000000000004 1752.5963677167042 1.840194663316197e-14 0.6989453001818964 0.5064551229859796 0.0 27.73757092252515 1.027623176853015 0.4722297146166052 0.7437935703361163 101349.27931233526 40.0 -19.1904157767919 2.1463291565101983 1765.7 1844.55 0 87 "Covariance may not be accurate."
2008go 19 0.0623 1749.5431873310233 4.08006961549745e-15 1.249976366620041 0.32469891385226535 0.0 6.008707714499906e-06 0.0 7.64317888979349e-08 0.06421583675153975 11690.158797914622 8.0 -18.739374759258723 1.4568045441244877 1764.54 1776.58 0 19 "Covariance may not be accurate."
2008gp 96 0.0334 1776.4541976458622 1.1157741397482823e-14 1.0489179981393475 0.5002012054276999 0.0 0.00033432862926474627 0.0 0.0091245198666694 6.4616535196404534e-06 77904.92483611511 36.0 -18.067096712720016 1.621351909618511 1768.75 1844.52 17 79 "Covariance may not be accurate."
2008ha 56 0.043500000000000004 1766.8725962628466 7.91033905045424e-15 1.2007763833045022 0.3377520735720574 0.0 23.01758883868706 0.9223871047876722 0.42691693400449154 0.6616917441691117 7137.622962132159 32.0 -18.625201558205347 1.4898517478339741 1781.55 1810.55 0 56 "Covariance may not be accurate."
2008hj 65 0.043500000000000004 1803.3406502282382 6.494804694057166e-15 0.6500000000028588 0.0008793985222144696 0.0 0.00012195032536510553 0.0 7.461642415051983e-12 0.022650887899785616 123128.87764204721 30.0 -19.04664146996201 2.262339180540149 1794.58 1834.55 23 42 "Covariance may not be accurate."
2008hu 52 0.043500000000000004 1795.495169879417 9.575673587391975e-15 0.6500000000119047 0.500021559563162 0.0 0.07975609353559321 0.0 2.433862408834919e-07 5.9937527342845964e-05 41866.67607768607 30.0 -18.491360577442368 2.2623564660748343 1804.74 1844.84 0 52 "Covariance may not be accurate. Covariance not positive definite. Covariance forced positive definite."
2008hv 132 0.043500000000000004 1816.1640010044284 5.787037515858628e-14 1.22539873586042 0.5002408231457693 0.0 0.0002297667906532297 0.0 0.10506205660696133 6.762979822938497e-06 166884.34428438803 48.0 -20.444232703506046 1.4728610035685303 1804.8 1912.7 31 101 "Covariance may not be accurate. Covariance not positive definite. Covariance forced positive definite."
2008ia 109 0.0219 1816.9484949679215 1.50712775592865e-14 1.097414308584882 0.49098863509021734 0.0 28.865488572926097 0.9223926755226804 0.44381434667409103 0.7082648653894269 50713.08092544873 35.0 -17.48054812533653 1.574796310923972 1809.77 1874.69 31 78 "Covariance may not be accurate."
2009D 93 0.043500000000000004 1844.8780390341997 1.2490009027033011e-14 0.658338089796314 0.5018869546882099 0.0 9.902070500272202 0.0 1.7766483045300596e-06 1.1324496168751974e-05 541134.3267646302 44.0 -18.776902009832472 2.2416227345807656 1834.67 1890.52 34 59 "Covariance may not be accurate. Covariance not positive definite. Covariance forced positive definite."
2009F 82 0.013 1847.5926620112846 1.1074474670635936e-14 1.246472452748093 0.49712660298772443 0.0 0.004595894834551473 0.0 0.0005956312512839235 0.00017694445898128186 134193.01502170917 36.0 -15.98371946166882 1.4590585010215342 1837.75 1884.63 44 38 "Covariance may not be accurate."
2009I 37 0.043500000000000004 1831.5842189568846 9.575673587391975e-15 1.0650726170871685 7.464431295289842e-10 0.0 7.97106122263358e-06 0.0 5.538598126242356e-06 8.977908942775503e-05 6399.1817799294095 6.0 -19.469535644490705 1.6054376332534268 1846.58 1867.58 0 37 "Covariance may not be accurate."
2009J 18 0.043500000000000004 1831.792599914539 5.662137425588298e-15 1.2281031663766426 0.48160594559083475 0.0 22.666372329827595 0.9223872687512699 0.4112590305446891 0.7059977661041723 16609.70047799568 10.0 -17.96545303003733 1.4710581238983629 1846.74 1867.68 0 18 "Covariance may not be accurate."
2009P 46 0.043500000000000004 1853.3808368443274 1.3655743202889425e-14 1.2228119220233409 0.3020594865392294 0.0 26.562749558116593 0.9223870149254256 0.3102001316807184 0.7386776908127897 20585.225474973173 25.0 -19.280580460391644 1.4745908124147746 1867.74 1931.61 0 46 "Covariance may not be accurate."
2009Y 148 0.0094 1879.341882667239 7.527312106958561e-14 1.2119485833557437 0.02385050985153625 0.0 29.35466257046903 0.9223870534395326 0.3013150554049991 0.5452453611578558 140724.31288859315 61.0 -18.287230097675504 1.4819865358311919 1868.84 1976.65 25 123 "Covariance may not be accurate."
2009aa 150 0.043500000000000004 1872.3909656966114 1.3905543383430086e-14 0.660908943887678 0.48400941258241337 0.0 28.077718189447182 0.9224409034534596 0.40019994796581737 0.7066067512919336 169506.90970100756 46.0 -18.935255904442602 2.23532438085671 1868.77 1956.66 12 138 "Covariance may not be accurate."
2009ab 62 0.043500000000000004 1891.8889552423523 4.64628335805628e-14 0.6500001131743742 0.4330532663769168 0.0 0.00014385826420948433 0.0 2.1073700007256946e-09 0.0036162297737207527 489241.9787235076 16.0 -20.360223251471663 2.262353815781296 1874.57 1911.51 42 20 "Covariance may not be accurate."
2009ad 80 0.043500000000000004 1890.9327571109623 1.0408340855860843e-14 0.6500000000820881 0.0007263991698152616 0.0 6.822744251167023e-05 0.0 2.524996878250363e-11 0.00025249710154223726 212392.4725267604 20.0 -19.55892124937401 2.2623391761097267 1878.6 1921.53 34 46 "Covariance may not be accurate."
2009ag 136 0.0086 1872.4917509157683 2.2715163083830703e-13 0.8227289075889701 0.7461348121913041 0.0 0.00022242504371661198 0.0 0.0006165108462738433 4.652477315209014e-05 96516.8126370837 36.0 -17.872443185601757 1.9095878932695989 1886.62 1959.54 0 136 "Covariance may not be accurate."
2009al 68 0.0221 1884.3730899383686 2.1899149160731213e-14 1.2322077320745346 0.1951327072115968 0.0 23.78745947487448 0.9223869383218386 0.3220435244766308 0.7368123287390247 16859.58417467661 24.0 -18.501110602339562 1.4683349358148128 1891.71 1973.54 0 68 "Covariance may not be accurate."
2009cz 51 0.0211 1952.8305070934753 2.7727820040013285e-14 0.6500010306657547 0.27408936046470256 0.0 34.84018041931938 1.3915705639150615 0.5569038621327635 0.7395963649132292 278986.19561786385 14.0 -18.488745015897617 2.2623477975526853 1937.53 1966.46 27 24 "Covariance may not be accurate."
2009dc 76 0.0214 1923.7747787438755 1.2323475573339238e-13 0.7885979356057644 0.0017950686056256715 0.0 2.2212581711755774e-05 1.249000902703301e-16 1.2858839772700303e-05 0.00019537973176730894 188504.95786563092 19.0 -20.664294345860824 1.9666165485075418 1938.77 1976.68 0 76 "Covariance may not be accurate."
2009ds 56 0.043500000000000004 1976.6199966283227 1.4738210651898953e-14 0.7755067662788333 0.38344582166759356 0.0 2.052209197245247e-06 8.326672684688674e-17 4.158213844407399e-05 0.6915250702565341 93234.7001849216 15.0 -19.215059081510372 1.990030590248601 1954.64 1976.62 54 2 "Covariance may not be accurate."
2009le 30 0.043500000000000004 2138.534821598352 3.122502256758253e-14 1.2428843640222564 0.5002895904413693 0.0 8.35478053886618e-05 1.6653345369377348e-16 1.6900917885198652e-05 0.7027554960171593 56309.24093943795 14.0 -19.774272019997674 1.4613739568678739 2153.53 2169.58 0 30 "Covariance may not be accurate. Covariance not positive definite. Covariance forced positive definite."
2010ae 52 0.043500000000000004 2262.7234717003057 1.2573275753879898e-14 0.6500000013639968 0.9996939087326449 0.0 0.0015557748745322897 4.163336342344337e-17 2.8060095358384274e-09 0.00036494018780447446 11757.8298309348 8.0 -17.809678764375523 2.2623533509420497 2258.59 2305.53 24 28 "Covariance may not be accurate."
