analysis_pipeline/fit_results/csp_5_salt2_2.4_blue.ecsv
# %ECSV 0.9
# ---
# datatype:
# - {name: obj_id, datatype: string}
# - {name: num_points, datatype: int64}
# - {name: z, datatype: float64}
# - {name: t0, datatype: float64}
# - {name: x0, datatype: float64}
# - {name: x1, datatype: float64}
# - {name: c, datatype: float64}
# - {name: z_err, datatype: float64}
# - {name: t0_err, datatype: float64}
# - {name: x0_err, datatype: float64}
# - {name: x1_err, datatype: float64}
# - {name: c_err, datatype: float64}
# - {name: chi, datatype: float64}
# - {name: dof, datatype: float64}
# - {name: b_max, datatype: float64}
# - {name: delta_15, datatype: float64}
# - {name: tmin, datatype: float64}
# - {name: tmax, datatype: float64}
# - {name: pre_max, datatype: int64}
# - {name: post_max, datatype: int64}
# - {name: message, datatype: string}
# schema: astropy-2.0
obj_id num_points z t0 x0 x1 c z_err t0_err x0_err x1_err c_err chi dof b_max delta_15 tmin tmax pre_max post_max message
[from data line 48]
2006hb 89 0.03655228262529069 1000.3915293918113 0.011982881316817826 -1.8856172442722468 0.06551686346987617 0.000950554860041062 0.04221661002281962 6.177157549014638e-05 0.01620659903191557 0.003920534378672458 91423.48019489042 84.0 -20.748700265382382 1.4601615995432464 1007.88 1143.59 0 89 "Minimization exited successfully."
2006hx 31 0.06007733791220785 1022.5084284959419 0.001525579491328452 -0.08524947819996331 0.14772955753745354 0.004187020094955814 0.060237620876989695 1.5985988976575916e-05 0.06667242358918513 0.015988356574961893 678.8250728133149 26.0 -19.629129200467368 1.0610351186776157 1012.66 1080.59 8 23 "Minimization exited successfully."
2006is 96 0.03101168052346722 1014.2495074905098 0.004201747542573831 0.4069803068595368 0.1481871842767999 2.95126928251746e-07 3.861586168341091e-05 8.18348368244494e-06 0.016610266666965412 0.0027737564179841634 133213.28762650787 91.0 -19.24714683872257 0.9719221229475323 1008.9 1125.67 7 89 "Minimization exited successfully."
2006kf 62 0.006448980539590775 1041.447237591511 0.003233582843267735 -2.2240940904087436 0.18732751325235886 8.586403596297539e-07 0.022497884063227502 8.247758720730846e-06 0.019416327360127772 0.00359119818229503 11071.142636048242 57.0 -15.51120316563263 1.537788790436462 1036.81 1127.64 12 50 "Minimization exited successfully."
2006lu 80 0.05337758182511054 1039.1813705732868 0.0010295747502854003 -0.3918580434739658 0.14261789213660547 3.491301273049474e-07 7.484679281333229e-05 3.827577142094616e-06 0.03405204538791118 0.006924625828237718 12172.071396618181 75.0 -18.934638053515606 1.1198152590843726 1040.84 1137.75 0 80 "Minimization exited successfully."
2006mr 103 0.004092140931207916 1050.4554606213953 0.008653223633160812 -1.0521513963307765 0.7010044756440381 2.0512517678221778e-07 3.516677611514751e-05 2.6509994646845003e-05 0.020358286090505162 0.004300850195013695 51008.86174130961 98.0 -15.613164822847086 1.2092042801977492 1046.68 1147.57 12 91 "Minimization exited successfully."
2006ob 25 0.08399999848266368 1064.169668787682 0.0008134814896817417 -2.3104416550560636 -0.06589547157648101 0.0018042959924822535 0.0782707947646486 3.896750226634049e-06 0.05886461735853965 0.011567693728478101 415.86600704799514 20.0 -19.70888352476072 1.5924377596219088 1060.65 1121.57 4 21 "Minimization exited successfully."
2006os 40 0.027388795650396612 1065.2268621216124 0.0009389523692402008 -0.8642160501498246 0.4938277758519194 0.0032816084143720524 0.14370897448964115 6.51240440631835e-06 0.08648183769541795 0.009226364501447204 1360.6025036972283 35.0 -17.355589355817067 1.1883254391537754 1065.63 1121.61 0 40 "Minimization exited successfully."
2006ot 43 0.05305880423486928 1066.9171029450865 0.0009449336797452885 -0.24288272531001542 0.22994022714746865 1.0432849482933104e-07 3.3838807667052606e-06 3.819887575831637e-06 0.055420840279517325 0.00768198069698256 868.2554991103639 38.0 -18.82982605667309 1.0858240572862066 1065.68 1119.57 8 35 "Minimization exited successfully."
2006py 21 0.03236154926343339 1071.3752425570717 0.0009875498599889816 -0.2982301386234143 0.14882883519305334 0.0068045073537982195 0.1872251797676654 6.8595799380095175e-06 0.15764507060522304 0.011610559546631039 131.1062049321564 16.0 -17.769224128681216 1.1013054799547746 1069.54 1087.54 4 17 "Minimization exited successfully."
2007A 27 0.003500000014618247 1113.3728472189566 0.006940139349154046 0.8731479484779117 0.23664357212343035 4.272357104859745e-05 0.04053331877571509 2.664044212959951e-05 0.06553140065359297 0.0043781162544345165 828.3239119451891 22.0 -15.01119306755184 0.8882530252661134 1108.54 1133.53 11 16 "Minimization exited successfully."
2007N 65 0.08399999645329326 1116.140652155802 0.0017937986495081548 -1.3939537408763716 0.7541041404223854 6.687533569917775e-05 0.18001756862713592 3.261168602525374e-05 0.03751752696055499 0.013878549047923627 8741.97329661353 60.0 -20.598159750300304 1.2757861795443652 1123.82 1213.67 0 65 "Minimization exited successfully."
2007S 65 0.0035000000030441457 1144.9111960360349 0.007647087021500199 0.8607954723936508 0.4233415201317343 6.48781394443057e-05 0.018122431799042715 2.734461285812265e-05 0.02571242501117421 0.003339371804212843 44534.61832211133 60.0 -15.123122553455673 0.88249541233521 1133.84 1246.54 12 53 "Minimization exited successfully."
2007af 102 0.005575538875435644 1176.5314672541674 0.07587632630682568 -0.4467370010926013 0.13397175808807305 4.204854131550917e-07 2.5098967853409704e-05 0.00010673481120630768 0.010156865482008559 0.0019182640305425158 235605.14259377503 97.0 -18.619643967778778 1.1311133075851174 1165.8 1256.69 22 80 "Covariance may not be accurate."
2007ai 52 0.05442471917099121 1175.14876580325 0.000888713077773981 0.8315123900649812 0.5491261585464482 2.8102710714073e-09 1.1057466053898679e-07 3.8687093880149345e-06 0.05526697939574943 0.007913087039834954 2940.419736620567 47.0 -18.83474455337097 0.881788628205971 1172.89 1259.7 6 46 "Covariance may not be accurate."
2007al 48 0.04141915452429924 1162.0917527707616 0.003367619138640543 -1.8134007439007451 0.38278079719381175 0.0011339324648554153 0.1189874865560796 5.2758471356291426e-05 0.037274150231182857 0.011221284117574504 7646.9019307483895 43.0 -19.65754391309197 1.4088648368860355 1170.77 1246.58 0 48 "Minimization exited successfully."
2007as 65 0.009089838730053527 1182.3926108389967 0.006697994688789561 -1.15142599358899 0.25250215983707713 0.001018942525687805 0.04237200516149642 1.5559936305588242e-05 0.0288088868929004 0.0027609610256468242 48837.012272036896 60.0 -17.05361598077358 1.2681508459945636 1181.7 1259.49 4 61 "Minimization exited successfully."
2007ax 40 0.0035000000216053842 1186.4349297637323 0.003923039419773142 -2.072543970732721 0.8436819606214816 5.496763865027107e-05 0.05034754178859657 1.7678033593768313e-05 0.03519748053546268 0.005873133494657012 11134.773803114645 35.0 -14.4251658694069 1.4197643825739732 1185.56 1246.46 4 36 "Minimization exited successfully."
2007ba 56 0.08399999999287656 1197.5342893707978 0.0012123850631753919 -2.793256917992154 0.3017904367965616 0.0003409717836976925 0.028294945092511625 4.368663656473346e-06 0.02987933773052398 0.006876844674575389 2886.021546589284 51.0 -20.146738946721143 1.6907368844806037 1190.83 1255.61 8 48 "Minimization exited successfully."
2007bc 47 0.028800048894414045 1200.7528943260888 0.007282514196749707 -0.9637258773797264 0.0478567502783811 0.0017609835235358282 0.03509644779001064 1.6255746313437007e-05 0.03191403543174376 0.00314197207313216 11643.379574778082 42.0 -19.678085551716645 1.2437003614581137 1197.65 1259.53 8 39 "Minimization exited successfully."
2007bd 44 0.053579645329694725 1207.7933365354052 0.003612071860059468 -0.7271896450138495 0.023695498779978008 0.0015913729070268397 0.025645566347179738 1.0082300267405574e-05 0.020664586758934345 0.004161226935330609 882.6872559494585 39.0 -20.304620940465842 1.1952078068887353 1197.53 1259.46 16 28 "Minimization exited successfully."
2007bm 35 0.003500000794098841 1225.3680549914843 0.02446059851979958 -1.0537558382700754 0.5418859599038031 3.232538282564655e-05 0.03223700058833856 4.872742867993371e-05 0.013634897271367796 0.0022379890221984056 1480.7317129643973 30.0 -16.39036880394486 1.2228684102834038 1224.67 1259.56 3 32 "Minimization exited successfully."
2007ca 44 0.009346535150070105 1228.2446143372058 0.005933953880401225 0.6203007967309606 0.36742695176191265 0.0010951741892922355 0.02110581743829698 1.154217968257331e-05 0.01907381254757512 0.002947945866396795 1145.1454205105367 39.0 -16.987937713442392 0.9249776135860444 1218.68 1259.63 11 33 "Minimization exited successfully."
2007cg 22 0.003871583543655707 1228.0141119553818 0.0006723971925577499 0.09358535046619298 0.793956786982021 0.008468891998672061 0.468388734632299 2.4165176650380016e-05 0.150431120079348 0.01914207850647176 86.03069612128841 17.0 -12.726855978682831 0.9912915979572468 1235.63 1259.59 0 22 "Minimization exited successfully."
2007hj 93 0.023754932198929712 1347.6864081073143 0.007816511087507425 -1.9583238771123028 0.27191130150610454 0.001636136187837832 0.02963654052723541 2.1784777410970187e-05 0.022993871348120365 0.002731842712289545 37657.80789302249 88.0 -19.33188216614515 1.4571181210643864 1348.76 1440.53 0 93 "Minimization exited successfully."
2007hx 41 0.08399999999674215 1354.7436022036836 0.00031300813951434803 0.5155939601496158 0.18735847109003867 0.0007377069818988932 0.2490214232254857 2.262564322454136e-06 0.12649596658315243 0.007528008674827946 543.9585705158256 36.0 -18.67518829467072 0.9511480141109487 1354.78 1411.73 0 41 "Minimization exited successfully."
2007if 67 0.07412686277721509 1355.953656976143 0.0010611403499978995 0.6958036872706046 0.3616217443534233 0.00029081809587088586 0.060796938220050833 3.2889416995126935e-06 0.03364091628746868 0.002481635748291855 20147.850026691347 62.0 -19.719475899608636 0.9125613029438497 1357.77 1443.6 0 67 "Covariance may not be accurate."
2007jd 46 0.0839999952158647 1361.8849018578048 0.0003723554160423276 -0.7863521514437632 0.1830801574513743 0.0005334242034604683 0.3084863433097098 3.995365203385265e-06 0.11546489585583952 0.008237978465770346 346.23710713194043 41.0 -18.862780083051167 1.1961921838289022 1362.83 1403.81 0 46 "Minimization exited successfully."
2007jg 57 0.041815264326450795 1367.1406386383926 0.0014593346463150914 -0.6283028929389385 0.24113897701007003 0.0017396431294363426 0.047435288020551525 4.025177124601718e-06 0.04794593567407235 0.004111753583196931 1794.983079175989 52.0 -18.766763337286637 1.1599537022852822 1363.82 1423.7 12 45 "Minimization exited successfully."
2007jh 25 0.06121701542199305 1363.4462347006777 0.0005736924849444602 -0.9391049617388356 0.37681230416516653 0.004736397912161426 0.23720957157172506 6.146093058009871e-06 0.08693378651825578 0.01808247580712563 406.66201971434486 20.0 -18.615784189102268 1.2129178404142849 1363.86 1395.86 0 25 "Minimization exited successfully."
2007le 94 0.004167895602711654 1399.8745929743802 0.04144009560643554 0.05861789351691993 0.4063480732893985 0.0004952265796421508 0.018437761861605395 9.609181214166249e-05 0.019792066365233563 0.0026356759075154557 165742.8808769155 89.0 -17.336904517661484 1.020149035493196 1392.6 1470.55 13 81 "Minimization exited successfully."
2007mm 22 0.0839999996892187 1392.0211137063832 0.00019166244435293855 -3.605100443744104 0.6958508425082384 0.00042579131663977865 0.07170334550482949 1.6350280281740543e-06 0.0860219451988975 0.020774344246713428 305.51977747697345 17.0 -18.164595996698772 1.8954353327270397 1385.72 1418.69 3 19 "Minimization exited successfully."
2007nq 75 0.03930827262867887 1398.786512356005 0.00169533998592864 -2.0578227429264677 0.05433278789130447 0.003149340507849964 0.06072505031875153 8.022003222456155e-06 0.04797867873105388 0.0060177643715576545 5206.3545944442285 70.0 -18.787586961804124 1.5071144546975859 1397.65 1476.56 4 71 "Minimization exited successfully."
2007ol 24 0.057678477943124515 1413.2015929048805 0.0009471580324421553 -2.1588737788306163 0.03627192946630897 0.003492721587148827 0.1280863142283124 6.244962915370733e-06 0.21858148518087162 0.010248251965728872 229.78088492955803 19.0 -19.017207999967425 1.537047515090407 1409.79 1422.66 8 16 "Minimization exited successfully."
2007on 104 0.0782086522292435 1421.699574460806 0.08549926407427394 -1.4136299723110968 0.0329490204009284 6.320431331086063e-10 1.977236934180837e-07 1.0286558712879756e-06 7.684651913542062e-05 2.519627095753929e-05 244361.43526159876 99.0 -24.59929639508487 1.3465444398192545 1411.79 1508.61 13 91 "Covariance may not be accurate."
2007so 27 0.0035000000004601723 1434.680000000011 0.0015480488623407951 -0.5601817012426888 0.3414095802888022 8.740119670774728e-05 0.007820043092351625 2.428261956624741e-05 0.06933817033721867 0.0131711280816883 714.244963137142 22.0 -13.384456974424811 1.1395028792486457 1449.68 1469.55 0 27 "Minimization exited successfully."
2007sr 103 0.0035000000788061973 1450.1003613134478 0.11188152759109801 -0.21323209917835229 0.22005310379925036 2.0140105290865525e-05 0.03588545809509469 0.0003368613232591147 0.014800399478508641 0.0022699800852730156 640279.4096588958 98.0 -18.02844578293958 1.0808266879833202 1455.76 1578.72 0 103 "Minimization exited successfully."
2007st 44 0.0035000005433268775 1453.6468345604262 0.00867622551325121 -1.9703074654249466 0.005614019799513814 0.00035492041328427084 0.09032916241380917 7.283580089219397e-05 0.021961541443761057 0.005373736883497404 919.3503167485898 39.0 -15.24885851814517 1.4888937172946477 1458.66 1493.55 0 44 "Minimization exited successfully."
2007ux 63 0.04398753199181046 1463.87176144408 0.0018649886335496163 -1.790131139003174 0.20222195035462365 0.0015947245748390015 0.08668905532374538 1.1703379537329685e-05 0.03422892844266179 0.005948858827510395 5433.297375301252 58.0 -19.145056548662147 1.4216201553119632 1466.86 1558.61 0 63 "Minimization exited successfully."
2008C 48 0.01399971008791663 1467.4194323818679 0.006971522467863012 -0.5846133655245627 0.26741291033082515 0.00316740650880211 0.195671010497108 6.950060520068005e-05 0.10837532120525672 0.007261203671994454 8167.480170125217 43.0 -18.0438184035168 1.149441965721671 1469.81 1552.5 0 48 "Minimization exited successfully."
2008J 38 0.0035000000060103668 1470.855572070404 0.00426401860295503 4.999999999716117 1.1630841110155958 5.3446976959403095e-06 0.0894640869784098 3.478107597008201e-05 0.0007373513122139741 0.008240223527273827 18769.097926048267 33.0 -14.618474553619365 0.20383788020692606 1484.54 1515.52 0 38 "Minimization exited successfully."
2008O 50 0.04937064312388942 1490.2811838495206 0.0007271784421837625 -1.8543087431476528 0.46613172280958004 0.0024106083030804165 0.12041995994502486 6.369599255978708e-06 0.06873983833093078 0.009637002574448883 815.9571823672684 45.0 -18.391121821046287 1.4100465237781137 1490.64 1571.48 0 50 "Minimization exited successfully."
2008R 43 0.003500000011612889 1493.2113950264916 0.011069165772927589 -2.2860282246384536 0.13127656154322231 0.0001380648584243709 0.03590403533019071 2.652816685820049e-05 0.012447737226982003 0.002757563984366329 5132.885320419412 38.0 -15.514183793958502 1.5618982025385542 1493.63 1532.52 0 43 "Minimization exited successfully."
2008ae 30 0.003500000537713925 1510.2188401736091 0.0005786418871439325 -1.9009938166786466 0.5105011321129349 0.0008778011179504386 0.14667117691135445 6.726785422801751e-06 0.11131355322227732 0.013639165464889969 1792.8586178798084 25.0 -12.32306366728108 1.4166454294447028 1508.74 1597.56 3 27 "Minimization exited successfully."
2008ar 62 0.03449798382797993 1535.4270192454983 0.004820657655699562 -0.06881611278579225 0.09357929465089421 0.0015541983558052669 0.03195899715035466 2.019364220860742e-05 0.033161839563218276 0.004167665241837981 11645.535889800909 57.0 -19.632295566647844 1.0609838826842228 1527.79 1606.6 4 58 "Minimization exited successfully."
2008bc 104 0.003500000002762263 1550.458325282016 0.009131492641855891 0.5184555030403795 0.20704004405581022 2.8479545800651077e-05 0.009654997469965565 1.1436391669697628e-05 0.010900393172651235 0.001516089187401537 54929.17829785726 99.0 -15.30811545495445 0.9497488363080144 1541.67 1646.46 27 77 "Minimization exited successfully."
2008bd 31 0.00350000991641473 1526.7000001688273 0.0008088412961410968 -1.8133070362921666 0.42630050247195617 0.0030282234436041396 0.022787497143326618 3.3050960076541614e-05 0.13279613864251028 0.0382475424281975 222.85010783103925 26.0 -12.682537323647896 1.404275704862524 1541.7 1592.62 0 31 "Minimization exited successfully."
