analysis_pipeline/fit_results/csp_5_salt2_2.4_red.ecsv
# %ECSV 0.9
# ---
# datatype:
# - {name: obj_id, datatype: string}
# - {name: num_points, datatype: int64}
# - {name: z, datatype: float64}
# - {name: t0, datatype: float64}
# - {name: x0, datatype: float64}
# - {name: x1, datatype: float64}
# - {name: c, datatype: float64}
# - {name: z_err, datatype: float64}
# - {name: t0_err, datatype: float64}
# - {name: x0_err, datatype: float64}
# - {name: x1_err, datatype: float64}
# - {name: c_err, datatype: float64}
# - {name: chi, datatype: float64}
# - {name: dof, datatype: float64}
# - {name: b_max, datatype: float64}
# - {name: delta_15, datatype: float64}
# - {name: tmin, datatype: float64}
# - {name: tmax, datatype: float64}
# - {name: pre_max, datatype: int64}
# - {name: post_max, datatype: int64}
# - {name: message, datatype: string}
# schema: astropy-2.0
obj_id num_points z t0 x0 x1 c z_err t0_err x0_err x1_err c_err chi dof b_max delta_15 tmin tmax pre_max post_max message
[from data line 96]
2008bi 48 0.044390004887431826 1536.5200000008324 0.00365973729146408 -2.789167955066584 0.3526740235789405 0.0013683169961588929 0.0019629793168860488 0.0001218025938918121 0.02498104905786014 0.022084811096941603 1224.5062482508229 23.0 -19.901495432788277 1.681749197862544 1551.52 1628.47 0 48 "Minimization exited successfully."
2008bq 50 0.04987000618481344 1563.7426889220908 0.0030016006615867204 0.5893507851328907 0.03330797721544543 0.0017636297573580123 0.09581902766751682 4.061623185475094e-05 0.046941512351864834 0.011337715971840634 134.59044544256756 27.0 -19.942839059018805 0.9451542969512268 1562.49 1606.46 2 48 "Minimization exited successfully."
2008bt 35 0.054414901834008655 1568.4305931249337 0.003222709809037347 -2.56621510744021 0.4038707893746636 0.002351250929876078 0.09014301692502613 0.0001031062467892307 0.029731954477265843 0.02251268508975568 6243.276601553185 15.0 -20.223635814913678 1.6071670723878881 1571.61 1651.47 0 35 "Minimization exited successfully."
2008bz 26 0.014031449783210638 1580.3431868116147 0.0010279184111857355 -0.7976624475994516 0.027046792839090283 0.0029985227373598156 0.1216031739141954 3.5154471978007806e-05 0.06812526952748277 0.026920313184999878 98.4650824341865 17.0 -15.966411579821091 1.2097470414744542 1580.72 1651.52 0 26 "Minimization exited successfully."
2008cc 86 0.010401317175773812 1580.2603004952457 0.020644156585658015 -1.5928888974195194 0.17199828590362043 1.8442642662173936e-08 1.2431149798430852e-06 0.00023605038177730055 0.012130815668551564 0.007251074377890188 32371.57214146159 23.0 -18.56858178813316 1.3763085953569156 1582.86 1654.86 0 86 "Covariance may not be accurate."
2008cd 9 0.0035000003063090945 1572.7400000289842 0.0014406262646044195 -3.4624777270924807 0.9999999839126881 0.00021718272707031976 0.013028221261720319 1.2643552969716899e-05 0.15004024856028253 0.004881189260395935 880.2139286646246 4.0 -13.352316539959787 1.7819735880069807 1587.74 1595.73 0 9 "Minimization exited successfully."
2008cf 51 0.045948860356152955 1596.373697839753 0.002505515695165772 0.5779537836300319 -0.13891850756012547 7.94161810244165e-07 9.038276402861811e-07 3.786164625327456e-05 0.028313323491598652 0.010746386909497585 490.09915788768984 17.0 -19.56348523920893 0.9543512224220194 1595.77 1654.65 2 49 "Covariance may not be accurate."
2008ff 144 0.042946302937295906 1713.4242326000135 0.011466054692139033 -0.8914967099089992 -0.0866281845571899 1.9748176758802027e-07 2.2041556803742424e-05 8.416636323996685e-05 0.011872247083553944 0.004935276192747584 4454.581449163615 30.0 -21.0616878517595 1.2378700983980746 1724.53 1790.57 0 144 "Covariance may not be accurate."
2008fl 97 0.04853469061365891 1720.273007444774 0.0048963720133980565 -0.9629019562611569 0.23969793904351278 0.0012116840198710434 0.07841182202685104 7.602371398104501e-05 0.015836766606827535 0.010808363100501817 994.4607016392225 33.0 -20.41517009989702 1.2287618096471782 1724.49 1789.53 0 97 "Minimization exited successfully."
2008fp 185 0.005717451208814495 1733.5265458514216 0.013656220032471123 -0.1771146627785738 0.9715349120141736 4.6707548709669713e-07 2.7609626499724982e-05 4.370266404305628e-05 0.010036304688957554 0.0017875806144602713 12388.428820013065 35.0 -16.862603587671266 1.025967597648016 1725.83 1874.61 50 135 "Covariance may not be accurate."
2008fr 82 0.03969246852953252 1741.5753856091308 0.00234041631111076 -0.40208291989595146 -0.06958953178426386 3.5575153933820047e-12 6.550430953211617e-08 3.734328577215248e-05 0.029701537715763227 0.010956449212047414 4923.056751388098 26.0 -19.160220384768667 1.1348264535537886 1738.78 1807.57 5 77 "Covariance may not be accurate."
2008fu 58 0.06368378210212261 1731.7346684772608 0.001638568644762717 -1.2578993236539286 -0.16785134675145907 0.0025507055573003035 0.19665056721589735 6.966326543927925e-05 0.06451545042323836 0.03128750905101246 133.60756331785268 26.0 -19.838376131689618 1.3267193463005533 1737.84 1817.67 0 58 "Minimization exited successfully."
2008fw 70 0.057401298334697155 1739.942068194678 0.0268316157785551 -0.13613153690066948 -0.056646304902277955 2.950333183315834e-08 12.876967541554677 2.920675735528476e-05 0.0056706848073893035 0.0007734038406784216 29939.04093050061 22.0 -22.637903449932477 1.0819832822949316 1740.89 1827.81 0 70 "Covariance may not be accurate. Covariance not positive definite. Covariance forced positive definite."
2008gg 102 0.032007851053153374 1752.0906671635485 0.004767278918868304 0.7209108425623807 -0.08228958659001218 5.85882277703148e-07 4.523528673416877e-05 4.892657743103129e-05 0.018140240774484173 0.0069490180395677115 965.8552326068801 35.0 -19.45386820338929 0.9269855105078655 1753.63 1827.57 0 102 "Minimization exited successfully."
2008gl 87 0.04582067823496107 1768.2990391183657 0.003498948179280903 -1.324697725493615 -0.09183354048815529 0.0007878166416551563 0.04803717249910733 3.984470244102205e-05 0.021368629267990435 0.007856636058367672 366.50219147743803 33.0 -19.91809722811793 1.3362630191694436 1765.7 1844.55 10 77 "Covariance may not be accurate. Covariance not positive definite. Covariance forced positive definite."
2008go 19 0.08287753344670203 1766.6797652401767 0.0012802883022480867 -0.9256643956189023 -0.22999041481646842 0.05750054783171704 0.1783312847127263 0.000134605718528398 0.3253613932143842 0.10764902384997616 12.149055592719698 7.0 -20.17336637011598 1.2554143750282023 1764.54 1776.58 6 13 "Minimization exited successfully."
2008gp 96 0.018387170325407803 1779.8830495617108 0.0025725508392565213 0.1236456836882116 0.2134035999196633 0.002171904465442291 0.02643810870733887 3.5917383741371255e-05 0.02465175599027658 0.011369216048531472 462.2457424548378 35.0 -17.559734089267252 1.019109072260484 1768.75 1844.52 26 70 "Minimization exited successfully."
2008ha 56 0.0035000007261036655 1766.5500000001807 0.0009761440487007806 -1.068093011741488 0.8067409861246104 0.0005047248381107585 0.07380122068127548 2.2691537112856717e-05 0.020552863642979036 0.014342613310935337 1400.7188773244352 31.0 -12.912157189251705 1.203479550650389 1781.55 1810.55 0 56 "Minimization exited successfully."
2008hj 65 0.01334426743223614 1802.4370584038554 0.0031701420582991024 0.45275223861991165 0.01698010509569925 0.0018478089358980251 0.04178512379144195 4.41398866734056e-05 0.03999123009744743 0.010121679545615714 295.19638589378746 27.0 -17.079787947342652 0.9698763147495413 1794.58 1834.55 21 44 "Minimization exited successfully."
2008hu 52 0.06039404239901894 1805.5619918328687 0.0011321704458268967 -1.7067403411830275 -0.07539119234861869 0.0017742131750222746 0.10549724641475677 2.5652852211063793e-05 0.05093178964546774 0.017769180539673746 196.18607129000844 27.0 -19.315402488696797 1.4284047912934774 1804.74 1844.84 5 47 "Minimization exited successfully."
2008hv 132 0.00604161427428591 1817.408197431073 0.02110977823972539 -1.4051069093331234 -0.06228298939297672 2.7836192554187705e-07 3.06753236145596e-08 0.0002305681618471455 0.016819184903797746 0.006986827225299697 1433.634757045829 35.0 -17.404355787677105 1.3528375034278532 1804.8 1912.7 31 101 "Minimization exited successfully."
2008ia 109 0.00350001081915847 1813.1232034171032 0.0031178334999714813 -1.341549885941669 0.3155588149984003 0.0005948008278863878 0.07994958495612536 6.64011919799506e-05 0.04824134172939387 0.014181750484076772 240.10864612112877 24.0 -14.1433379950772 1.3045918414389384 1809.77 1874.69 15 94 "Minimization exited successfully."
2009D 93 0.04066953774693397 1841.804244519259 0.007211048049627436 0.7328240787945806 0.023814183516679632 0.0010891412496610228 0.03234280875597051 5.9531949208313766e-05 0.018156402774974545 0.00674677923360445 193.80540936942947 37.0 -20.436999864126186 0.9206906504291705 1834.67 1890.52 30 63 "Minimization exited successfully."
2009F 82 0.037810740765872534 1844.3398628636646 0.0018798900859563622 -3.587243243676288 0.5131654439970492 0.00045694568367211225 0.022328784064143292 2.7418888881074188e-05 0.021810927087744902 0.009761616993003486 24057.829432775245 27.0 -18.82639974150129 1.9283572348538804 1837.75 1884.63 36 46 "Minimization exited successfully."
2009I 37 0.04686576124158442 1851.3023278883354 0.0005668651553079718 2.008020794213497 0.9999998696422872 0.002054751290567376 0.14651603762069954 2.8915578793392246e-06 0.1437067420931366 0.007412744352377709 48.63827526185641 5.0 -18.04962016570698 0.6803161524185981 1846.58 1867.58 14 23 "Minimization exited successfully."
2009J 18 0.04064576152013594 1831.7400000196901 0.000614334836742625 -0.8857202380340903 0.45990748901917966 0.0038097103977264048 0.08161032584678196 3.708620190282652e-05 0.05871157272388494 0.04179141052541668 38.14644369380413 9.0 -17.771975198416946 1.195364257002236 1846.74 1867.68 0 18 "Minimization exited successfully."
2009P 46 0.0035000338581403796 1868.9256899811433 0.0027871467993753896 1.257715985207362 0.30289501671059194 0.0003800069127055158 0.12023713858093288 6.102558602132796e-05 0.049406728800147626 0.014587567410022761 312.56544742677494 21.0 -14.023010225270312 0.8224666829831513 1867.74 1931.61 6 40 "Minimization exited successfully."
2009Y 148 0.02293069967964907 1877.7663491274561 0.04805549801126888 0.028078128041489236 -0.1147009773183475 0.00054857738391869 0.027973926465961085 0.00043707149271222587 0.014094609963184901 0.005752365635117496 1700.1185718569777 34.0 -21.22326417575806 1.0537470875726829 1868.84 1976.65 23 125 "Minimization exited successfully."
2009aa 150 0.04694736126770482 1878.7507047049698 0.00451575037911991 -0.6134771497130584 0.013645033072074764 0.0018252860221118147 0.017482479520595007 7.23723318427124e-05 0.019135840080424238 0.013493446629628258 249.21873540503543 35.0 -20.2496333948698 1.172389656055099 1868.77 1956.66 36 114 "Minimization exited successfully."
2009ab 62 0.0035000000338435847 1883.7330729083885 0.00730309234017908 -0.8531475469036911 0.5334677099731149 0.00013120542193082742 0.017892390816541592 7.22168585973776e-05 0.02200060171911611 0.006297880132809075 355.12224750811964 15.0 -15.077588483069128 1.1829484366388208 1874.57 1911.51 14 48 "Minimization exited successfully."
2009ad 80 0.022347094084659354 1887.147961376925 0.0034117236221918564 0.33100362254579796 0.2332453358081179 0.0022501429236050415 0.028709089544008748 4.93259641234714e-05 0.03377645667458573 0.011619822063732355 127.325361428413 19.0 -18.29696681481809 0.9811635644747341 1878.6 1921.53 16 64 "Minimization exited successfully."
2009ag 136 0.048980672585065076 1889.2223656195865 0.008888696250048645 0.0820187784862183 0.5183829851173605 0.0013381364042301669 0.0728168715584161 0.00018386907589250292 0.02160365860131508 0.014133467635362273 1346.4145732289933 31.0 -21.09507578040612 1.0095894542961563 1886.62 1959.54 14 122 "Minimization exited successfully."
2009al 68 0.039512870752334346 1895.5944072077891 0.003875845733027611 -0.465197131379699 0.3953069081701315 5.30581347954473e-09 4.496682777244132e-07 0.0033974117322241276 1.0278831553155618 0.5274795046638183 694.8973740595211 23.0 -19.705949602344255 1.117432486497794 1891.71 1973.54 18 50 "Covariance may not be accurate."
2009cz 51 0.031204986093760635 1943.970921501151 0.008397545975971532 0.431565542044563 0.027631358451599697 0.0019562497364102004 0.0502792182403482 0.00016187032434980975 0.06645209281630748 0.015370644736842354 68.88152329268081 11.0 -20.011609597217173 0.9731527944719254 1937.53 1966.46 12 39 "Minimization exited successfully."
2009dc 76 0.08399999999893 1949.7104758994024 0.010078562997843148 1.5868937200106226 0.2837968107685709 2.6851196321321658e-05 0.0490734116542626 9.087962348246822e-05 0.03555809122689624 0.006433943982431356 13939.104966938528 14.0 -22.44834771402067 0.7698709430999013 1938.77 1976.68 29 47 "Minimization exited successfully."
2009ds 56 0.008270774204033264 1962.2915727948882 0.012024545009766338 0.4216034882941768 0.0008800712567511582 0.00979891111628492 0.15126113147039177 0.00040933335083451206 0.22612685206928163 0.023284617918207517 37.05914440147614 13.0 -17.479959056330856 0.9761309481801206 1954.64 1976.62 17 39 "Minimization exited successfully."
2009le 30 0.04025284121922847 2165.543079985184 0.01725931062400717 -1.0264404794361686 -0.20493939524612592 0.007803092461486562 0.13161128818092038 0.0009526957311103024 0.23181803337750972 0.054685970949936435 15.928213477594966 13.0 -21.362355081099373 1.2762218600254318 2153.53 2169.58 20 10 "Minimization exited successfully."
2010ae 52 0.08399999962855441 2275.0660709299577 0.0003999448991333893 -1.743781208643048 0.999979768787076 0.0019321496997361867 0.42034260270224877 9.514192063371518e-06 0.24027036967416304 0.45534126622332205 15.459739304793228 -1.0 -18.991781531080203 1.326454802488815 2258.59 2305.53 46 6 "Minimization exited successfully."
