analysis_pipeline/fit_results/csp_4_salt2_2.4_blue.ecsv
# %ECSV 0.9
# ---
# datatype:
# - name: obj_id
#   datatype: string
# - name: num_points
#   datatype: int64
# - name: z
#   datatype: float64
# - name: t0
#   datatype: float64
# - name: x0
#   datatype: float64
# - name: x1
#   datatype: float64
# - name: c
#   datatype: float64
# - name: z_err
#   datatype: float64
# - name: t0_err
#   datatype: float64
# - name: x0_err
#   datatype: float64
# - name: x1_err
#   datatype: float64
# - name: c_err
#   datatype: float64
# - name: chi
#   datatype: float64
# - name: dof
#   datatype: float64
# - name: b_max
#   datatype: float64
# - name: delta_15
#   datatype: float64
# - name: tmin
#   datatype: float64
# - name: tmax
#   datatype: float64
# - name: pre_max
#   datatype: int64
# - name: post_max
#   datatype: int64
# - name: message
#   datatype: string
# schema: astropy-2.0
obj_id num_points z t0 x0 x1 c z_err t0_err x0_err x1_err c_err chi dof b_max delta_15 tmin tmax pre_max post_max message
[from data line 53]
SN2007jd 46 0.0726 1361.5526678514007 0.00037254304220559755 -0.6885464327050563 0.18788265410052873 0.0 0.4374436070319234 5.710223042051921e-06 0.14718113766536156 0.009488156784240642 371.31878921638037 42.0 -18.529393435831093 1.1758246097415856 1362.83 1403.81 0 46 "Minimization exited successfully."
SN2007hx 41 0.0794 1354.7526044608414 0.00031218441366627774 0.49525145221071654 0.19211811000277734 0.0 0.24097056387847715 2.258373023526772e-06 0.12322552193558156 0.007447681770878289 551.4067341590065 37.0 -18.543140255573267 0.9544546439064838 1354.78 1411.73 0 41 "Minimization exited successfully."
SN2008ha 50 0.0046 1780.598734503292 0.001080190615347376 -3.2380759035281175 0.3569593599341596 0.0 0.09560509940592965 9.58066478142091e-06 0.04554889580849242 0.009252378237909475 1336.0721984751729 46.0 -13.588530605053045 1.8304094145946905 1781.55 1810.55 0 50 "Minimization exited successfully."
SN2005hj 50 0.0574 676.7600270683098 0.0012271283938843803 0.7560423012517017 0.0801807373286274 0.0 1.470767244882154e-06 4.350887067820861e-06 0.052352622362866974 0.006213534401199761 3541.898653069379 46.0 -19.289366331780002 0.9144180911420747 671.67 761.57 12 38 "Minimization exited successfully."
SN2005hk 89 0.013 688.9100200711805 0.004716857903498836 0.11339056035300743 0.557614449864366 0.0 2.0379144416438066e-07 1.2542046506499975e-05 0.020866585786276204 0.00354004854803458 171431.37519959762 85.0 -17.47035004098575 1.001847929130843 675.61 761.54 20 69 "Minimization exited successfully."
SN2005ir 52 0.0763 686.0352616864235 0.0006642848969745153 0.5154833985844416 0.0612332353401146 0.0 0.10740206498633142 3.0789799394900677e-06 0.09262632338027865 0.004667086377085905 252.63046823017163 48.0 -19.270004281871277 0.9568525608204936 682.62 728.63 15 37 "Minimization exited successfully."
SN2005bl 41 0.0241 482.3663700133326 0.0005160612303150791 -4.99999999696085 0.8668083873449404 0.0 0.020540869919244642 2.6362167566906466e-06 0.006611184990356733 0.008475005353789755 2761.307496083319 37.0 -16.44794503679605 2.508887606390779 476.61 512.57 23 18 "Minimization exited successfully."
SN2005M 209 0.022 408.47001124740433 0.006271557469799766 1.4889521740394134 0.06301932494923546 0.0 3.194532496308966e-06 8.909911765889005e-06 0.01587826487631272 0.0017353977916660934 127325.14105594446 205.0 -18.921778271011945 0.7927413635493963 396.77 480.51 42 167 "Minimization exited successfully."
SN2008bf 101 0.0235 1555.6045929504962 0.007861936831214106 0.4849091789804092 0.013380109343768654 0.0 0.0171488923774632 1.585062895775348e-05 0.018792798737016447 0.0022212446482606785 49029.636520056774 97.0 -19.311652614381426 0.9643485642183016 1547.73 1646.49 16 85 "Minimization exited successfully."
SN2006eq 36 0.0495 974.2991186005626 0.0007661871919513313 -1.912828730109192 0.19382633877381128 0.0 0.2186652668615352 1.7937393279081326e-05 0.04591984922296488 0.017549517694441352 57.18390007572525 32.0 -18.444135808180285 1.4537270963914573 981.64 1018.51 0 36 "Minimization exited successfully."
SN2009aa 82 0.0273 1878.8669524096456 0.004681183763446956 -0.5271254978720936 -0.04189647620712822 0.0 0.01156279117401482 7.348191627622527e-06 0.01581308726235786 0.001955505538696778 13069.094082813765 78.0 -19.079810588474494 1.1583418809032189 1869.68 1938.65 28 54 "Minimization exited successfully."
SN2008hj 62 0.0379 1802.4422311880678 0.0029330036006913808 0.21213722345723873 0.07526458700522998 0.0 0.02099468081098621 5.3984738485708325e-06 0.025065130946979153 0.0025527666085523038 684.0894143624372 58.0 -19.302559845503467 1.0102140408690232 1795.56 1834.55 16 46 "Minimization exited successfully."
SN2006ax 90 0.0167 828.0826421599169 0.014210708035822129 0.004658302020457583 0.01209187327791117 0.0 0.009532160999754069 2.7331708387081863e-05 0.01261078177648578 0.0019174730223044945 48912.26999958678 86.0 -19.20100425169629 1.0516243937210454 815.64 891.5 24 66 "Minimization exited successfully."
SN2009D 83 0.025 1841.8477791243563 0.007247986198366471 0.5872790975868947 0.09008487341327975 0.0 0.015963959163400432 9.099551093136229e-06 0.01480120582489386 0.0015822633848064926 2704.9389644043226 79.0 -19.360736793252094 0.9430657349867904 1834.67 1884.53 24 59 "Minimization exited successfully."
SN2008gl 79 0.034 1768.8907381160273 0.0029466810941205374 -1.3748429118177712 0.07045602857230149 0.0 1.9133934983983636e-05 4.727855946019734e-06 0.015383701412058803 0.002579111032768533 9299.678479435703 75.0 -19.06457279761277 1.3341430068327682 1765.7 1844.55 12 67 "Covariance may not be accurate."
SN2008cd 14 0.0074 1572.7400000086968 0.0013287312005734022 -2.1784274255896365 0.999999998674721 0.0 0.04793824656258039 2.147343526395654e-05 0.1175117161017194 0.003678667506699762 165.72503375576673 10.0 -14.897585697692843 1.4257371776853383 1587.74 1595.73 0 14 "Minimization exited successfully."
SN2007A 27 0.0177 1113.4720425934454 0.006913476228793989 0.9900742620553302 0.24228008943332457 0.0 0.041712375322276785 2.4987803529102817e-05 0.06321262891230761 0.004431764222016521 1142.9897643103754 23.0 -18.55063251928954 0.8685887295208516 1108.54 1133.53 11 16 "Minimization exited successfully."
SN2008ar 62 0.0261 1535.3244940217057 0.004878307718135547 -0.18242622693206645 0.08467792392225104 0.0 0.02466341463855315 1.835173705646816e-05 0.025501942411501055 0.003911972243153539 11670.117312079563 58.0 -19.025577512866203 1.0829414962949073 1527.79 1606.6 4 58 "Minimization exited successfully."
SN2006X 124 0.0052 786.6511826510504 0.013649638454902475 -0.6843204349833645 0.99999999999807 0.0 0.00852721945079793 1.5586771438158738e-05 0.009362994561620486 4.074965662792529e-06 434656.42734880367 120.0 -16.65787334099536 1.1138635837023898 775.68 906.46 22 102 "Minimization exited successfully."
SN2006ej 43 0.0205 976.327726179607 0.008092200941108185 -1.518671852667266 0.007086801023747702 0.0 0.08453739246016312 5.301523993073414e-05 0.019959069767971682 0.005456188162071718 8235.230061276536 39.0 -19.040296907838357 1.3739709541427096 979.74 1046.74 0 43 "Minimization exited successfully."
SN2005eq 99 0.029 656.3003001145329 0.004012434234198026 0.9878204268310515 0.11906769552100949 0.0 1.3969756537335343e-05 7.96021650431274e-06 0.02075853485321577 0.0024941203376654952 36157.559000487476 95.0 -19.048247685221956 0.873702890198981 650.81 751.66 8 91 "Covariance may not be accurate."
SN2008gg 96 0.032 1752.0918467216072 0.0034560345929940035 0.2485691307188862 0.2428487166506872 0.0 1.941842583619291e-05 7.825284231699524e-06 0.01763284889991734 0.002746387321623689 54473.48710958689 92.0 -19.106625572213332 0.9952312042057976 1753.63 1827.57 0 96 "Minimization exited successfully."
SN2004ey 111 0.0158 305.05148062186794 0.013406333980521105 0.19618555826314044 0.0683917497928328 0.0 0.009778425590809547 1.364819072288432e-05 0.010209041721504164 0.0013123782293579245 4729.754894916105 107.0 -19.016342262983486 1.0134483712076499 295.53 352.55 31 80 "Minimization exited successfully."
SN2010ae 5 0.0037 2280.326534292186 0.00026044492375053855 4.999993321247864 0.4820071339711627 0.0 0.8911300122995272 2.716644008907143e-05 1.4112877259466972 0.1449605845203522 66.69621988837244 1.0 -11.633401042913682 0.19095690342003735 2271.53 2305.53 2 3 "Minimization exited successfully."
SN2007ux 63 0.0309 1463.864989835187 0.0018541416335389168 -1.9379580801720286 0.19681703987802246 0.0 0.08363432229668888 1.1702848627442885e-05 0.02875368362142705 0.005901401451890664 5475.827059195428 59.0 -18.35056026307305 1.4599163853417494 1466.86 1558.61 0 63 "Minimization exited successfully."
SN2005W 77 0.0089 412.9596851586467 0.02755083245752711 0.009469893737568569 0.2549145307653642 0.0 0.021874212555388794 5.158645920076178e-05 0.03168965229342824 0.002664416011256887 1554.2720686897596 73.0 -18.543648542971702 1.0375489105818456 404.54 429.51 27 50 "Minimization exited successfully."
SN2007on 104 0.0065 1420.4543775749844 0.04999999999996751 1.2083416529225097 0.2861452434502665 0.0 0.016339815213882503 2.064850707604593e-07 0.014820378114848154 0.0025640428354903877 358211.7632430512 100.0 -18.50623187989443 0.8311026958614409 1411.79 1508.61 13 91 "Minimization exited successfully."
SN2005ku 20 0.0454 698.9267302497404 0.001332016257027563 0.14424562267666907 0.2093997814677624 0.0 0.3612920045426904 1.4906876408274372e-05 0.2116087577812138 0.010764957375919093 85.2796216306471 16.0 -18.851695185079123 1.0156074982713221 699.56 729.56 0 20 "Minimization exited successfully."
SN2008fu 45 0.052 1733.7089114618702 0.0013346630293232826 -1.6323486861074232 -0.048522881474583834 0.0 0.19985916975701912 2.6912046770286024e-05 0.04834389285535057 0.01407651715808439 1258.9489331483123 41.0 -19.15578671347911 1.407076943794678 1740.75 1817.67 0 45 "Minimization exited successfully."
SN2007bd 44 0.0309 1207.9150023616048 0.0035703311521006116 -0.5891557754821726 0.01803998607180901 0.0 1.12859879664029e-06 1.0052832657411748e-05 0.017987844701961464 0.0030968821047760997 1794.9446019913426 40.0 -19.060483255827517 1.167131026658435 1197.53 1259.46 16 28 "Covariance may not be accurate."
SN2006is 96 0.031 1014.2501223275832 0.004200563443372551 0.4009682218269006 0.14831585187044727 0.0 8.108088422886794e-09 8.41827783018426e-06 0.018842743134666495 0.0027843795609513444 133215.62254258068 92.0 -19.246001250634166 0.9729734587679211 1008.9 1125.67 7 89 "Minimization exited successfully."
SN2008bc 104 0.0151 1550.5816920244754 0.009110025242131118 0.6363825623278245 0.20454288321256064 0.0 0.00973928032749427 1.1152030511284855e-05 0.010942346857561347 0.001537709230663431 55666.81998325 100.0 -18.499653572319055 0.9295978622530114 1541.67 1646.46 27 77 "Minimization exited successfully."
SN2007mm 22 0.0664 1391.9598103500641 0.00018141556441506892 -3.6526932191742 0.7532448944038788 0.0 0.07047810584094805 1.7052713164031395e-06 0.08887042562108793 0.020264966827591935 330.43823308376335 18.0 -17.571865233910525 1.9003701870780887 1385.72 1418.69 3 19 "Minimization exited successfully."
SN2008C 48 0.0166 1467.3161908808918 0.007002787779648967 -0.5119162928584728 0.2660676148742547 0.0 0.15051547723021486 5.891466328561022e-05 0.05887862482488915 0.007074411996492058 8168.218091550663 44.0 -18.42295868370509 1.13523212590737 1469.81 1552.5 0 48 "Minimization exited successfully."
SN2004dt 181 0.0197 244.76501664227067 0.010122016589797467 -0.9978909508096816 0.1290688234481585 0.0 6.2362346398003865e-09 2.1632830310104254e-05 0.011600351853300106 0.0021675278245264495 278312.3492075927 177.0 -19.19672158423773 1.2448675978337675 249.79 365.62 0 181 "Covariance may not be accurate."
SN2006br 23 0.0246 849.6312587389158 0.00043825476282590705 -0.33744514308401286 0.99999997148874 0.0 0.4729372201553588 1.0930509486953283e-05 0.2041065651258207 0.009506859592458228 29.748400947928335 19.0 -16.331668991058073 1.0516053488477226 858.69 890.61 0 23 "Minimization exited successfully."
SN2005ag 163 0.0797 415.39585049693807 0.0006210165919696087 0.26887039261458767 0.050935516698262795 0.0 0.0741479145010544 1.5680301336126962e-06 0.0386709526414899 0.002838866215548186 18388.07734223513 159.0 -19.296474638934388 1.001155368427753 412.82 480.84 12 151 "Minimization exited successfully."
SN2007sr 103 0.0055 1458.5950254592403 0.0499998831249227 0.4553518080437149 0.6805120940862248 0.0 2.792535724438494e-06 3.85715354489502e-07 0.011896700792061399 0.0017287900953257829 680607.6240379096 99.0 -18.161596601959097 0.9371159732972068 1455.76 1578.72 12 91 "Covariance may not be accurate."
SN2009ad 48 0.0284 1887.119930361048 0.004198315993237195 0.35691684040855165 0.010671126989878266 0.0 0.015708532565668065 7.1271508336940605e-06 0.01836964867313018 0.002424821596547222 4375.576821140802 44.0 -19.049709662902643 0.9872360034630425 1878.6 1915.45 20 28 "Minimization exited successfully."
SN2006et 85 0.0226 995.4500046125788 0.006290045300783271 0.7551808309837149 0.23589924118788108 0.0 2.3714306962574483e-06 1.2011397151091667e-05 0.0185031026585043 0.002460408627445121 56786.972317453714 81.0 -18.986430603211517 0.9080771888906867 983.64 1099.54 15 70 "Covariance may not be accurate."
SN2009P 53 0.0251 1867.9283532385139 0.0022903972113762438 1.90049627042474 0.4500792799914941 0.0 0.1524952872250651 1.1548022598886851e-05 0.0830961232068339 0.005496841075242953 1882.0797434503568 49.0 -18.13083391177163 0.7142533038800565 1867.74 1931.61 4 49 "Minimization exited successfully."
SN2004ef 167 0.031 264.64401409531195 0.0025314247172687626 -1.4132707821380457 0.19224832498349254 0.0 0.006544107218616091 2.5453355592271708e-06 0.008084790655947804 0.0015515416767285517 14386.691396262746 163.0 -18.69591672066602 1.3321392072785656 255.69 329.57 39 128 "Minimization exited successfully."
SN2006os 40 0.0328 1065.2033502882 0.0009440304830189678 -0.7737578290345066 0.4991586230658436 0.0 0.14579602103901834 5.814282128856229e-06 0.06754971903479978 0.008606443004842701 1363.1693421424047 36.0 -17.762111834888895 1.1698847954000549 1065.63 1121.61 0 40 "Minimization exited successfully."
SN2008bi 35 0.0134 1537.7580619614184 0.0041326619670562946 -2.690466196479702 0.28213835396666775 0.0 0.11860831280569073 9.972957424604243e-05 0.03758126089749969 0.016324632203129852 901.7367638127664 31.0 -17.37953086480512 1.6616270984272212 1551.52 1595.52 0 35 "Minimization exited successfully."
SN2009le 36 0.0178 2168.729870134169 0.011081617597717551 3.1898262215802973 0.2034799329313388 0.0 0.03722470795491972 2.6522269710863196e-05 0.05798239183413045 0.0026775548984407926 408.4651491312341 32.0 -19.080023241301973 0.47570497556164426 2155.62 2169.58 32 4 "Minimization exited successfully."
SN2005al 140 0.0124 433.1300736864842 0.015133287699868698 -1.7048035462950581 0.0037479944761198425 0.0 8.839832162266248e-06 2.0891102462789433e-05 0.008185379937363901 0.0015444166280916827 54462.6067629559 136.0 -18.61473655467512 1.4202281228396885 429.76 512.79 16 124 "Minimization exited successfully."
SN2005am 137 0.0079 439.10500734313865 0.04666543856668606 -2.282120411358833 0.05348975837163872 0.0 4.144045533394092e-07 5.022176814378082e-05 0.005627700585349338 0.001367532638426483 72239.84079272492 133.0 -18.850815890601233 1.5700750030007153 432.58 512.46 9 128 "Covariance may not be accurate."
SN2005iq 70 0.034 688.2296361285083 0.0031069919685513983 -0.9651383027136919 -0.03797344065068853 0.0 0.020596117855234297 7.0925126145759965e-06 0.026673316117718837 0.0031329776300391687 2700.6149876428185 66.0 -19.12202783943492 1.2504054158530629 682.55 755.55 16 54 "Minimization exited successfully."
SN2008bd 31 0.0301 1526.7000001221584 0.0008360418210028031 -1.4098687227943483 0.4297324752343705 0.0 0.02310470874351722 3.471939318487187e-05 0.15398710442853658 0.038554261518462196 233.8582477344722 27.0 -17.43552150545231 1.3094665725506118 1541.7 1592.62 0 31 "Minimization exited successfully."
SN2007S 65 0.0139 1145.0765666812504 0.0076350924687967675 1.0438249449335189 0.4193992595253304 0.0 0.01806999222014838 2.693757649410277e-05 0.02583305886497289 0.0033806238396100197 44819.911219297304 61.0 -18.13366083482154 0.852767965335957 1133.84 1246.54 12 53 "Minimization exited successfully."
SN2005bo 36 0.0139 478.7822564075781 0.00831773834946595 -1.0033150234826884 0.23866398525972343 0.0 0.11081077815632057 3.1004850825353154e-05 0.07408783578464284 0.0038961597584658003 1052.0795294642912 32.0 -18.218830257418585 1.2374062896402123 478.75 512.76 4 32 "Minimization exited successfully."
