analysis_pipeline/fit_results/csp_4_sn91bg_color_interpolation_all.ecsv
# %ECSV 0.9
# ---
# datatype:
# - name: obj_id
#   datatype: string
# - name: num_points
#   datatype: int64
# - name: z
#   datatype: float64
# - name: t0
#   datatype: float64
# - name: x0
#   datatype: float64
# - name: x1
#   datatype: float64
# - name: c
#   datatype: float64
# - name: z_err
#   datatype: float64
# - name: t0_err
#   datatype: float64
# - name: x0_err
#   datatype: float64
# - name: x1_err
#   datatype: float64
# - name: c_err
#   datatype: float64
# - name: chi
#   datatype: float64
# - name: dof
#   datatype: float64
# - name: b_max
#   datatype: float64
# - name: delta_15
#   datatype: float64
# - name: tmin
#   datatype: float64
# - name: tmax
#   datatype: float64
# - name: pre_max
#   datatype: int64
# - name: post_max
#   datatype: int64
# - name: message
#   datatype: string
# schema: astropy-2.0
obj_id num_points z t0 x0 x1 c z_err t0_err x0_err x1_err c_err chi dof b_max delta_15 tmin tmax pre_max post_max message
[from data line 53]
2007jd 70 0.0726 1370.1974766775108 8.326672684688674e-17 0.6500000263596879 0.08473913428489616 0.0 29.443107785964685 0.951738961293376 0.38063981251805884 0.5217246058928316 79903.16965083232 63.0 -15.333246431830407 2.262341755506853 1362.83 1409.83 34 36 "Covariance may not be accurate."
2007hx 65 0.0794 1370.04094868672 8.326672684688674e-17 0.6500021929080981 0.13178631070661817 0.0 0.0001445041546048742 0.0 9.544122325788607e-09 0.07198820725675145 60600.448238516576 48.0 -15.450106737753103 2.262338133182361 1354.78 1411.73 32 33 "Covariance may not be accurate."
2008ha 106 0.0046 1767.082288711178 1.2156942119645464e-14 0.9394958256081996 0.5001416266802167 0.0 nan 0.0 3.9342653908036596e-05 7.359198414480517e-05 47722.62911810982 82.0 -13.807607280267135 1.7434167859567822 1781.55 1810.55 0 106 "Covariance may not be accurate."
2005hj 102 0.0574 656.6701258404642 1.9317880628477724e-14 0.6500004185952027 0.4938557464257117 0.0 0.0002678651790120057 0.0 2.6182139234443014e-09 2.5581073969660473e-06 160650.94290179017 91.0 -19.89259161780383 2.2623551659043457 671.67 761.57 0 102 "Covariance may not be accurate."
2005hk 245 0.013 661.6782088313458 1.476319066995302e-13 0.6552719016236339 0.5000212927418171 0.0 2.3326162704506714e-05 4.163336342344337e-17 1.7760867820904025e-07 0.28743456038249104 1273985.4744763568 141.0 -18.7887507608462 2.249190836891488 675.61 761.54 0 245 "Covariance may not be accurate. Covariance not positive definite. Covariance forced positive definite."
2005ir 65 0.0763 689.6031006687223 3.247402347028583e-15 0.6500207089940455 0.18597621245819812 0.0 28.829072873642588 0.9223874846032574 0.36746728941110834 0.7358811518660021 77006.86967557154 61.0 -19.225555229508874 2.262294070630979 682.62 740.53 23 42 "Covariance may not be accurate."
2005bl 64 0.0241 485.25538152994346 7.494005416219807e-15 0.7163380634916664 0.5000145930528276 0.0 0.0025414026036401083 0.0 0.011164195875674354 2.7045640139611304e-05 70400.58360593897 60.0 -16.91138245051933 2.1079085018675983 476.61 512.57 45 19 "Covariance may not be accurate."
2005M 381 0.022 381.9202673566204 7.427392034742297e-14 0.6940678670134799 3.847505614495983e-06 0.0 5.702897476567159e-05 4.163336342344337e-17 3.6566349487232586e-06 4.5668178523528e-06 901522.2251048669 336.0 -20.178412523174106 2.157347615952201 396.77 480.51 0 381 "Covariance may not be accurate."
2008bf 184 0.0235 1553.8333294406295 2.423061751244404e-14 1.1776654687370582 0.5138931385816837 0.0 0.015580572338762977 0.0 3.0164926753117882e-06 7.617034381957044e-06 703467.2296825843 165.0 -18.107691924549723 1.5069397262630382 1546.79 1646.49 39 145 "Covariance may not be accurate."
2006eq 98 0.0495 968.6425156432299 7.41073868937292e-15 0.7539263821435404 0.6246362699974096 0.0 0.00710146649203125 0.0 0.0003573040669479499 0.0009828255257938734 34278.96854227797 80.0 -18.286735350475176 2.030646833716247 980.56 1029.51 0 98 "Covariance may not be accurate."
2009aa 232 0.0273 1889.687637648623 1.0075273948473296e-14 1.179038207433805 0.05327967811260792 0.0 7.16391889454826e-06 0.0 1.1450529835421719e-07 0.006704848226013971 855059.0061014952 144.0 -18.399551270780567 1.505880553410055 1868.77 1956.66 108 124 "Covariance may not be accurate."
2008hj 127 0.0379 1803.1956944301396 7.743805596760467e-15 0.6500000000092916 0.2616835383688954 0.0 29.327198288028512 0.9328363420857086 0.37313556907653506 0.6301580483067603 575115.518007124 110.0 -18.42312485531909 2.2623501749190993 1794.58 1834.55 43 84 "Covariance may not be accurate."
2006ax 236 0.0167 822.1717017255097 3.6387559632089506e-14 1.2498277826626012 0.4589101425408447 0.0 0.0010265612234547916 4.163336342344337e-17 4.790954824296367e-05 0.00010791709322532927 958385.6233208657 137.0 -17.91532610995252 1.4569025184751716 815.64 891.5 32 204 "Covariance may not be accurate."
2009D 176 0.025 1845.1482092155363 8.743006318923108e-15 1.1450044886251411 1.2590067877127353e-10 0.0 1.7547795323480386e-05 0.0 2.0940975919980787e-07 9.954869771289232e-07 1198237.5746074033 140.0 -18.13800860235147 1.5329830475555646 1834.67 1890.52 66 110 "Covariance may not be accurate."
2008gl 166 0.034 1755.7222186259355 1.9317880628477724e-14 0.7632414495677737 0.4640891485359732 0.0 0.022027585394198468 0.0 2.4355879839066397e-06 5.070416706443037e-06 545341.3563517185 139.0 -18.788312369159993 2.0127931670931467 1765.7 1844.55 0 166 "Covariance may not be accurate."
2008cd 23 0.0074 1580.8844294350004 1.2406742300186124e-14 0.7488477944080338 0.4745431670782873 0.0 0.014437428581118184 0.0 0.06164853745493404 0.0009913852263039313 1906.9128718927616 19.0 -14.928170182940274 2.040592798280567 1587.74 1595.73 0 23 "Covariance may not be accurate."
2007A 76 0.0177 1092.8021919053774 7.835398996292042e-14 0.840673929038716 0.5001840503797551 0.0 nan 0.0 5.8852478211135484e-05 0.00013279903474905375 230287.80245679463 41.0 -18.77868119974116 1.881557688819452 1107.53 1133.53 0 76 "Covariance may not be accurate."
2008ar 132 0.0261 1512.7900218389839 5.4789506265251475e-14 0.66171651933377 0.0026949336809016233 0.0 7.224392493299092e-05 4.163336342344337e-17 8.691922139703046e-06 5.038239763111019e-06 297840.8732472867 114.0 -20.22165646798657 2.2333387735711643 1527.79 1627.59 0 132 "Covariance may not be accurate."
2006X 312 0.0052 782.0561508557548 1.3264389586709058e-13 1.1963160385156644 0.5168450034047499 0.0 0.0007851476156588433 1.249000902703301e-16 0.00043774942656515936 5.907899828033747e-05 799847.4398660748 203.0 -16.64286960578132 1.493064999890228 775.68 906.46 26 286 "Covariance may not be accurate."
2006ej 64 0.0205 964.740572205509 4.796163466380676e-14 0.8607670947546576 0.15235968246225445 0.0 24.533280197794284 0.9223900182772866 0.44101911858105425 0.5712945947642019 72156.51943644913 53.0 -19.276560689071097 1.85140625471435 979.74 1046.74 0 64 "Covariance may not be accurate."
2005eq 211 0.029 649.1381216878187 4.658999041978751e-05 0.8770813122349834 0.11123880481368353 0.0 20.0 0.75 0.3 0.5 8.297229263137446e+24 175.0 -42.59236670430681 1.827739910581057 647.8 751.66 3 208 "Minimization exited successfully."
2008gg 198 0.032 1759.6401798142354 4.6629367034256575e-15 1.0724728404602306 0.5009477280833509 0.0 29.848876262565796 1.0092628460781312 0.38707325107940876 0.7381225430625515 825587.5320260981 168.0 -17.023369585659967 1.5983002992267004 1753.63 1827.57 30 168 "Covariance may not be accurate."
2004ey 213 0.0158 274.5498988743898 2.8785307470968746e-13 0.6651390477473459 0.0713731707347206 0.0 6.511161848266056e-05 0.0 1.460746946180258e-07 0.0004811113226935726 1366153.6970011326 181.0 -20.801477462381293 2.2250384141412383 295.53 358.55 0 213 "Covariance may not be accurate."
2010ae 57 0.0037 2260.983764535683 1.940114735532461e-14 0.650000008586721 0.999222273714626 0.0 0.0012648789211198164 4.163336342344337e-17 1.041493302711416e-08 0.0019370995060146168 6228.834961955476 13.0 -12.864782955414949 2.2623533457518796 2258.59 2305.53 18 39 "Covariance may not be accurate."
2007ux 151 0.0309 1472.5743353180949 6.2450045135165055e-15 0.6500000000707163 0.09324597183764549 0.0 2.8736066383316938e-05 0.0 9.797163080804694e-12 0.0014537729559813972 142530.80419088193 121.0 -18.084646444142734 2.2623421311147425 1466.82 1558.61 39 112 "Covariance may not be accurate."
2005W 117 0.0089 429.50999905610934 7.877032359715486e-14 0.6500418917868043 0.5387627657609481 0.0 2.133007512838958e-07 0.0 1.680446582441597e-07 0.004571738111350254 364771.72464527737 53.0 -17.21425842025094 2.2622511846988225 404.54 429.51 112 5 "Covariance may not be accurate."
2007on 308 0.0065 1416.2725464659438 2.4222290839759353e-13 1.1106264523526381 0.2486224372965981 0.0 28.28691716557796 0.9223868372602473 0.44352404708411747 0.62406912269951 500655.2975320533 168.0 -18.30277397184785 1.5627586399655868 1410.73 1508.61 27 281 "Covariance may not be accurate."
2005ku 37 0.0454 721.002760193618 3.247402347028583e-15 1.2417836384660181 0.49978735452557316 0.0 29.717571135970104 0.9600477350842134 0.33772824406610596 0.7244554689527298 49891.646990656285 27.0 -17.413707071424838 1.462086697418279 699.56 739.53 31 6 "Covariance may not be accurate."
2008fu 103 0.052 1749.089874595877 2.498001805406602e-16 1.2316749784617487 0.5071503454145988 0.0 0.163494784378031 0.0 7.2612375138225715e-06 3.88453722228177e-05 119410.32490377002 92.0 -14.922226025618805 1.468693986886283 1737.84 1817.67 28 75 "Covariance may not be accurate."
2007bd 110 0.0309 1203.1211075498782 1.099120794378905e-14 0.6500250389527201 0.4954651474391015 0.0 28.546904873223866 0.9250335695419238 0.36836816667909694 0.7104233893346544 316902.747195264 87.0 -17.889228312663658 2.262293274558079 1197.53 1259.46 24 86 "Covariance may not be accurate."
2006is 176 0.031 993.9020110421584 6.794564910705958e-14 0.6820067385133054 0.5002024544348185 0.0 24.479413388675425 0.9224707354851852 0.41832661122759734 0.7104503327889453 841875.5467756045 154.0 -19.862729754059746 2.1850912196905057 1008.9 1125.67 0 176 "Covariance may not be accurate."
2008bc 205 0.0151 1532.8236410559812 8.293365993949919e-14 0.6500004691778397 2.202811216767131e-08 0.0 9.600353450878174e-06 0.0 3.5463337821894925e-10 1.3018327102987115e-06 1104907.8990026726 148.0 -19.46947696965027 2.262337975587773 1541.67 1646.46 0 205 "Covariance may not be accurate."
2007mm 39 0.0664 1375.7622405419493 2.248201624865942e-15 0.8732548514198784 0.5007727583253208 0.0 22.147867971234973 0.9224074834446133 0.40438393766610764 0.7105540551691735 22018.537668341556 35.0 -17.87129845496263 1.8332429515110142 1385.72 1418.69 0 39 "Covariance may not be accurate."
2008C 121 0.0166 1454.9263913652012 4.213296378452469e-14 1.2414864870428026 0.011261236549034548 0.0 25.476758224421815 0.922386845043277 0.3371416842102604 0.567940496342913 81719.55865267932 88.0 -18.924476634127 1.4622656361539441 1469.81 1552.5 0 121 "Covariance may not be accurate."
2004dt 269 0.0197 234.79116874526864 1.2548295735825832e-13 0.724300675117879 0.5255992282054891 0.0 24.50578315047244 0.9223871333750429 0.33127509863834004 0.7159765810546364 701384.0740229611 265.0 -19.484975254349084 2.0908530643979866 249.79 365.62 0 269 "Covariance may not be accurate."
2006br 64 0.0246 840.8945112117157 5.828670879282072e-15 1.1540484249915384 0.41031855483541335 0.0 25.82792724830705 0.9223873236859289 0.439428048428336 0.6863432550490562 7870.357710692768 46.0 -16.885636427847835 1.5255572987373824 855.66 891.66 0 64 "Covariance may not be accurate."
2005ag 208 0.0797 426.36522577664505 8.326672684688674e-17 1.1069373586475457 0.12746207924735886 0.0 29.798621855540915 0.930961097472895 0.37152799415928933 0.5546835491003732 488208.96341130533 200.0 -15.467140079986521 1.5660816211366182 412.82 480.84 69 139 "Covariance may not be accurate."
2007sr 259 0.0055 1439.8418863175698 5.205835762467359e-13 0.9172191173571458 4.89947998303375e-05 0.0 6.045620466466062e-07 4.163336342344337e-17 6.618658528467769e-07 1.6195025959314657e-05 910716.700603471 166.0 -19.25460668366355 1.7722801609779832 1454.84 1955.57 0 259 "Covariance may not be accurate."
2009ad 128 0.0284 1883.2495544581166 1.2656542480726785e-14 0.7477919516645499 0.3243838150335655 0.0 0.01486348080186417 0.0 6.438362282590315e-06 1.300743448751085e-05 459433.7289908968 90.0 -18.209075389790307 2.0426764905282724 1878.6 1921.53 18 110 "Covariance may not be accurate."
2006et 236 0.0226 967.6321057693315 9.559020242022598e-14 0.6523795807526096 0.006722918306228398 0.0 24.474405489729577 0.9223871101721735 0.3525420557069901 0.5789998037621631 533082.2560252356 166.0 -20.50113950276568 2.256372154081655 982.63 1099.54 0 236 "Covariance may not be accurate."
2009P 99 0.0251 1852.7470594690626 2.939315457695102e-14 0.9507602588936862 0.039544358911292266 0.0 0.0014416977988958024 0.0 0.00018805468916555101 0.002354941473645067 136706.8765197329 89.0 -19.39916531544379 1.7293584424757267 1867.74 1931.61 0 99 "Covariance may not be accurate."
2004ef 278 0.031 266.730769029137 1.2490009027033011e-14 1.1914525073401414 0.4754894303333901 0.0 29.410691461280948 0.922407934374015 0.4304183471346944 0.7044812281572194 1112315.0387521437 263.0 -18.082994156907798 1.4966115845871109 255.69 329.57 71 207 "Covariance may not be accurate."
2006os 106 0.0328 1071.3388712394215 4.3298697960381105e-15 0.6500000011192932 0.17468118595485582 0.0 29.335899012807886 0.9419103833983182 0.3767528591607918 0.5849766285414992 97188.45598558137 86.0 -17.660188491399353 2.2623456085248854 1063.65 1133.56 30 76 "Covariance may not be accurate."
2008bi 83 0.0134 1553.975901255859 8.493206138382448e-15 0.6500000098188019 0.35471110294544356 0.0 8.156656645041949e-05 4.163336342344337e-17 3.3009239785997124e-10 0.0020966161106939496 12451.600333818076 66.0 -16.065184642331527 2.2623519956957914 1551.52 1628.47 18 65 "Covariance may not be accurate."
2009le 66 0.0178 2138.5366477374873 4.7378767575878555e-14 1.0913475971286615 0.014519452164911018 0.0 6.171151130729413e-05 8.326672684688674e-17 3.5881381505009635e-05 0.0006453739083008836 428670.9441440132 50.0 -19.20020616178718 1.5804094439985281 2153.53 2169.58 0 66 "Covariance may not be accurate."
2005al 238 0.0124 429.8299139727677 5.2458037913538647e-14 1.221703629536402 0.3200973405142408 0.0 27.021874804181437 0.9223868328222824 0.3089377714346417 0.6549285075340678 543657.0206670772 214.0 -17.934398160382578 1.4753372677676406 429.76 512.79 6 232 "Covariance may not be accurate."
2005am 203 0.0079 420.3601814669258 7.419898029326077e-13 0.6834839378080847 0.4336983882623237 0.0 20.321931469570217 0.9223865069790779 0.30331120450558685 0.6932708112159592 614193.9223489513 186.0 -19.604288415049208 2.1816580291410848 432.58 512.46 0 203 "Covariance may not be accurate."
2005iq 154 0.034 686.2386280753637 5.495603971894525e-15 1.2473218681473437 0.06443546780999632 0.0 0.0024160198771028263 0.0 0.0006755127443849318 0.00029740573014672145 224522.1997863787 126.0 -18.2097424671821 1.4584998595237408 682.55 755.55 24 130 "Covariance may not be accurate."
2008bd 66 0.0301 1526.7026061568727 8.076872504148014e-15 0.8245807073147654 0.5001368349154576 0.0 0.0007077956090597581 0.0 0.003946027978060929 0.010068930088322797 2604.225556535433 60.0 -17.485093526200135 1.9066400186163683 1541.7 1607.65 0 66 "Covariance may not be accurate. Covariance not positive definite. Covariance forced positive definite."
2007S 192 0.0139 1140.5042139515417 4.746203430272544e-14 1.0552712182922712 0.503082798476761 0.0 0.0003526721421849288 0.0 0.0034237530008786043 2.753535507227234e-05 291533.05202765827 103.0 -17.698694985896307 1.6150497554895438 1132.77 1246.54 30 162 "Covariance may not be accurate."
2005bo 54 0.0139 482.372800770018 2.8310687127941492e-14 0.6721886196413613 0.010882380279253812 0.0 28.078197253316546 0.922387119324023 0.31621698025916106 0.568772211236632 54312.889614252956 50.0 -18.10343605838282 2.208151338071932 478.75 512.76 24 30 "Covariance may not be accurate."
2006bt 88 0.0322 842.9868845567618 2.173261570703744e-14 0.9175795717553472 0.5102207607284868 0.0 21.54822238716497 0.9231648348437288 0.41819414760554297 0.7130157472313822 300642.5336353112 66.0 -18.693630809055737 1.771815833218053 853.76 891.71 0 88 "Covariance may not be accurate."
2008fl 186 0.0199 1723.3313254025659 2.7894353493707058e-14 0.6563656894220545 0.47046735075554535 0.0 29.421392642743967 0.9289512290062216 0.3438602331367662 0.7056957671324786 1680465.9690094064 138.0 -17.98629159999817 2.2464827185768677 1724.49 1789.53 0 186 "Covariance may not be accurate."
