analysis_pipeline/fit_results/csp_4_sn91bg_salt2_phase_red.ecsv
# %ECSV 0.9
# ---
# datatype:
# - {name: obj_id, datatype: string}
# - {name: num_points, datatype: int64}
# - {name: z, datatype: float64}
# - {name: t0, datatype: float64}
# - {name: x0, datatype: float64}
# - {name: x1, datatype: float64}
# - {name: c, datatype: float64}
# - {name: z_err, datatype: float64}
# - {name: t0_err, datatype: float64}
# - {name: x0_err, datatype: float64}
# - {name: x1_err, datatype: float64}
# - {name: c_err, datatype: float64}
# - {name: chi, datatype: float64}
# - {name: dof, datatype: float64}
# - {name: b_max, datatype: float64}
# - {name: delta_15, datatype: float64}
# - {name: tmin, datatype: float64}
# - {name: tmax, datatype: float64}
# - {name: pre_max, datatype: int64}
# - {name: post_max, datatype: int64}
# - {name: message, datatype: string}
# schema: astropy-2.0
obj_id num_points z t0 x0 x1 c z_err t0_err x0_err x1_err c_err chi dof b_max delta_15 tmin tmax pre_max post_max message
2004dt 88 0.0197 236.53060365659942 3.447242491461111e-14 1.2064795235272066 0.08187649697397481 0.0 27.630359800128204 0.9223868721195769 0.30652417304495444 0.7114612268294092 69949.50665788833 56.0 -18.96414111176636 1.4853553257910157 249.79 365.62 0 88 "Covariance may not be accurate."
2004ef 111 0.031 266.6329946444576 1.124100812432971e-14 1.2068043908312243 0.5001867432247695 0.0 8.888903073511756e-05 0.0 0.06240301705483353 1.2202485321077816e-06 437617.24663282593 90.0 -17.90936219945238 1.4851394691585291 255.69 329.57 24 87 "Covariance may not be accurate. Covariance not positive definite. Covariance forced positive definite."
2004eo 122 0.0157 273.28273092143456 5.362377208939506e-14 0.7022575360171593 0.40514671337409164 0.0 0.002180648126881124 0.0 0.0005446228274111897 0.00022312775121813289 1810318.3306571802 81.0 -18.315751417117397 2.137409982691892 266.52 341.54 33 89 "Covariance may not be accurate."
2004ey 102 0.0158 274.9882009708497 2.2773449792623524e-13 0.6669435986467095 0.5386198515027698 0.0 0.0005453986836414515 0.0 2.5165759369727425e-06 0.0016221633136705438 380398.9959973901 38.0 -19.62504265947505 2.219097600053713 295.53 358.55 0 102 "Covariance may not be accurate."
2004gc 54 0.0321 326.43484569601384 6.9111383282915995e-15 0.7406253650369764 0.39845366603522636 0.0 25.707883690398063 0.9223877639512854 0.4385213885516964 0.7293242461205998 63424.78561272519 38.0 -17.68478152671096 2.05569038543997 329.83 397.66 0 54 "Covariance may not be accurate."
2004gs 135 0.0267 337.8528624359507 2.839395385478838e-14 0.6568170783510452 0.4732851420328758 0.0 2.140422566299094e-06 0.0 4.025340794022725e-07 0.0046211529623827186 49605.82910480411 48.0 -18.648509595518988 2.2437169913016284 352.85 461.56 0 135 "Covariance may not be accurate."
2004gu 68 0.0459 363.5711261627377 5.329070518200751e-15 1.0483622066345148 0.473374257368877 0.0 0.06883005356345961 0.0 0.00010875080797201342 0.0002046777293262525 71110.58095833061 59.0 -18.039432472404787 1.6212675584459966 357.86 410.84 6 62 "Covariance may not be accurate."
2005A 109 0.0191 363.271340106061 3.522182545623309e-14 0.6505442337545843 0.5000610054337273 0.0 8.769724183821381e-05 0.0 2.0384243254456536e-07 0.29189005927693645 64626.28428474897 57.0 -18.078367447967715 2.259305482298835 376.65 433.53 0 109 "Covariance may not be accurate. Covariance not positive definite. Covariance forced positive definite."
2005M 172 0.022 408.75866523430375 1.1574075031717257e-14 1.181389407959594 0.5622283929918708 0.0 0.0029838617613222596 4.163336342344337e-17 0.0005161223990123309 0.0007185271397119886 271161.259636719 105.0 -17.0791792906587 1.5036311237200835 397.73 480.51 35 137 "Covariance may not be accurate."
2005W 40 0.0089 426.0849642712372 4.4048098502003086e-14 0.6500011355679665 0.33175617045774464 0.0 20.885829567356495 0.9234558401443772 0.36903601288533944 0.659619966096717 452196.34283008333 30.0 -16.99800827748932 2.260663360931934 404.54 429.51 34 6 "Covariance may not be accurate."
2005ag 41 0.0797 410.22743413320757 1.582067810090848e-15 1.2478858205044627 0.5854038197209422 0.0 26.03963866050603 0.9223869712968968 0.35351056925630825 0.7269064328716178 12014.792992150056 30.0 -17.764247152462346 1.4577429344996098 412.82 479.84 0 41 "Covariance may not be accurate."
2005al 98 0.0124 437.8096899329945 2.8144153674247718e-14 1.2494479472163245 0.018834553482865057 0.0 29.017281741068615 0.9223868643508573 0.37648170884846016 0.5534005753381696 144877.22998420682 68.0 -17.833754634152708 1.4567276694299487 429.76 512.79 16 82 "Covariance may not be accurate."
2005am 66 0.0079 417.58001082644563 5.637990074802701e-13 0.7175526400397162 0.6072268913551164 0.0 6.978994804285321e-07 2.0816681711721685e-16 6.524885591441265e-06 0.0031424864281858755 100007.1358486555 30.0 -18.96992909907914 2.103856293336273 433.71 490.46 0 66 "Covariance may not be accurate."
2005be 23 0.035 456.9191392930327 1.0824674490095276e-14 0.7764143849445222 0.5001894506206228 0.0 27.96783120932156 0.9223936998264282 0.3630467217145685 0.7104142893345632 46816.64573706698 19.0 -18.138410019622462 1.9871901674266397 467.89 491.77 0 23 "Covariance may not be accurate."
2005bg 31 0.0231 456.88595301412823 2.0650148258027912e-14 1.1256587588370075 0.02274213948937659 0.0 25.8317723607679 0.9223870249009205 0.3619374965395225 0.5470948200755661 29234.267745791734 25.0 -18.859972301274585 1.5488962834924038 472.67 512.61 0 31 "Covariance may not be accurate."
2005bl 23 0.0241 461.6100000000089 9.742207041085749e-15 0.6500348532358029 0.4993814671568313 0.0 0.0006778276850525344 0.0 1.2255050640952447e-07 6.992257161386739e-06 16330.682552537084 19.0 -17.19778289309054 2.2605835358699267 476.61 512.57 0 23 "Covariance may not be accurate."
2005bo 18 0.0139 480.13242281789263 1.6903145549918008e-14 1.249800694512792 0.09446387460910066 0.0 28.16670886881272 1.031534005753468 0.3735091258971844 0.5106082333639023 10410.556498530937 14.0 -17.400741765679577 1.4565037741314981 478.75 512.76 4 14 "Covariance may not be accurate."
2005el 143 0.0149 645.4475103655831 2.964295475749168e-14 1.2354098571017396 0.1141904796264882 0.0 28.53958890160561 0.9223868621811353 0.32671741133629 0.5451337978242256 114019.49077649224 34.0 -18.126540070344138 1.4658131388990867 639.89 730.75 15 128 "Covariance may not be accurate."
2005eq 112 0.029 639.5592635519755 4.846123502488808e-14 0.650000003039786 0.5002322613857538 0.0 0.07867089199015709 3.3306690738754696e-16 2.3856818537337787e-07 0.000897399404445276 422265.4489108938 44.0 -19.347673976431437 2.2606710733845574 647.8 751.66 0 112 "Covariance may not be accurate. Covariance not positive definite. Covariance forced positive definite."
2005gj 112 0.0616 709.6013886134065 8.1601392309949e-15 1.1785807674773308 0.4899965978912943 0.0 29.399498012500374 0.922511215648929 0.3292080422968076 0.7080780215784834 76187.61343242462 46.0 -19.12621555941007 1.5057578588332845 698.7 1016.76 16 96 "Covariance may not be accurate."
2005hc 84 0.0459 651.7175750401847 5.9119376061289586e-15 1.2348779643668788 0.08718734481324131 0.0 0.03869731375544916 0.0 1.2826170413204885e-05 4.08309071207591e-05 51595.60992438635 48.0 -18.919575194460524 1.4661604689970211 661.67 755.61 0 84 "Covariance may not be accurate."
2005hj 52 0.0574 656.6700000000936 1.6653345369377348e-14 0.6500006247960451 0.4982856484578213 0.0 0.00014207020598178133 0.0 5.77452741179485e-09 2.819575060791779e-06 42409.17970531449 25.0 -19.720587910532366 2.260669442986334 671.67 761.57 0 52 "Covariance may not be accurate."
2005hk 156 0.013 687.2382972474503 2.4646951146678475e-14 1.2447644986758046 0.500669707030115 0.0 30.366265609052903 0.9617960516683985 0.39122940344239726 0.7252711267066532 65578.35856391535 38.0 -16.844185276958775 1.459750534050734 675.61 761.54 42 114 "Covariance may not be accurate."
2005iq 84 0.034 685.799709326068 6.328271240363392e-15 1.242776594685853 0.0625189969607648 0.0 27.980127064519934 0.9223869098109418 0.40505021194746477 0.5013036401075437 33443.512020696195 49.0 -18.366239919990857 1.4610214478937849 682.55 755.55 12 72 "Covariance may not be accurate."
2005ir 13 0.0763 667.6240346182692 2.4147350785597155e-15 1.01449856065024 0.14373910663128714 0.0 27.129864894168122 1.024682810141763 0.4175310716594017 0.7294909265257286 666.8278885402173 5.0 -18.991365959329073 1.6560383348906704 682.62 740.53 0 13 "Covariance may not be accurate."
2005kc 77 0.0151 694.8858149592309 2.6645352591003757e-14 1.2499997206357074 0.49333990828666596 0.0 0.0013941481926735833 0.0 5.8389203806297196e-05 6.268124353314697e-05 14537.818568466868 21.0 -17.27489686505288 1.4563875182939015 687.52 728.54 26 51 "Covariance may not be accurate."
2005ke 222 0.0049 707.7174158991376 8.068545831463325e-14 0.8416875323278087 0.5196166970065568 0.0 0.03658528089755464 4.579669976578771e-16 0.006117280730213559 0.006664191722007939 170218.06446587274 43.0 -15.96910760492866 1.8790137897958523 689.69 819.51 70 152 "Covariance may not be accurate. Covariance not positive definite. Covariance forced positive definite."
2005ki 147 0.0192 720.837384309615 1.790234627208065e-14 1.2499918767654474 0.5982461757148112 0.0 24.192177969549164 0.9223870197180052 0.3680259664553081 0.6836944067611563 291716.1049121625 49.0 -17.18827808874448 1.4563928888214548 695.86 858.54 58 89 "Covariance may not be accurate."
2005ku 17 0.0454 692.7755776477607 9.992007221626409e-16 0.7090085234719355 0.4104866338345068 0.0 0.12496678671453765 4.163336342344337e-17 0.003558710662910247 0.0004993794198248636 23357.00309653935 13.0 -16.334800978623537 2.1224496765906196 699.56 739.53 0 17 "Covariance may not be accurate."
2005lu 39 0.032 728.8748996746813 3.83026943495679e-15 0.9452812373148175 0.42490400325925953 0.0 29.194926632247473 0.9223869827662825 0.4272914524283504 0.6907211160947929 29178.374576040438 29.0 -16.982609677080028 1.7353511324916333 719.66 799.52 12 27 "Covariance may not be accurate."
2005mc 31 0.0252 721.7928720982125 1.7819079545233762e-14 0.851012216820304 0.3226669833197543 0.0 8.957175339219248e-06 0.0 7.01324103646872e-06 0.003326481458577779 13820.802431572485 26.0 -18.318688253908086 1.8649222521880233 736.79 773.62 0 31 "Covariance may not be accurate."
2005na 79 0.0263 753.7448836056943 9.825473767932635e-15 1.2083361029031061 0.2455872500947297 0.0 29.58537445011291 0.9223869034533403 0.4235491489632525 0.7395759332202656 171945.31816077582 54.0 -17.898739243527025 1.4840631593967686 738.71 834.54 12 67 "Covariance may not be accurate."
2006D 151 0.0085 740.3963145717547 1.4954704141700859e-13 1.2193489654885161 0.4153865625555504 0.0 nan 0.0 0.0004682496905619171 0.0009579871712175059 107586.87271296904 37.0 -18.06383099043535 1.4765012751212332 752.87 891.61 0 151 "Covariance may not be accurate."
2006X 188 0.0052 781.4508907649443 2.550459843320141e-13 0.6500251191706808 0.4481557492681988 0.0 0.0001328227381236502 0.0 1.2059002052478007e-07 0.0013671333138500497 257738.52271670595 41.0 -17.50065825088679 2.2606061475191126 775.68 891.59 16 172 "Covariance may not be accurate."
2006ax 146 0.0167 821.4426143433709 4.2799097599299785e-14 0.6500000295092773 0.0005611306239503566 0.0 28.592433445122026 0.9223877450771362 0.3688995681672833 0.6048319839198417 244382.82258840452 41.0 -18.971706749861028 2.2606540076450266 815.64 891.5 16 130 "Covariance may not be accurate."
2006bd 31 0.0257 807.7500687236568 1.1407541578023483e-14 0.7761910823510658 0.5002065986005823 0.0 9.423187901802521e-05 8.326672684688674e-17 0.0065236567527464095 0.006561835598095533 8491.062518907798 12.0 -17.50948108078257 1.987595283126101 822.75 872.57 0 31 "Covariance may not be accurate. Covariance not positive definite. Covariance forced positive definite."
2006bh 102 0.0109 833.5347734032837 5.703770789011742e-14 1.0126393610365052 0.007711476134589723 0.0 28.710895195697333 0.9223870739097646 0.40904122100516344 0.5763489623686266 146335.84826614542 35.0 -18.33606144852954 1.658007918563328 829.91 891.79 16 86 "Covariance may not be accurate."
2006br 41 0.0246 840.9981416918622 6.161737786669619e-15 1.153099386670664 0.3971872408373044 0.0 22.97848565487635 0.9223873317872918 0.4395787953384299 0.6822411657416869 4285.831273386206 23.0 -16.972589792399134 1.5258116521893044 855.66 891.66 0 41 "Covariance may not be accurate."
2006bt 49 0.0322 840.697951947401 1.8984813721090177e-14 0.9999329676724584 0.532309380635379 0.0 0.2041894297793192 0.0 0.00012187021519510788 0.00021895680645928062 77133.47604174583 27.0 -18.51096312079683 1.671710285549473 853.76 891.71 0 49 "Covariance may not be accurate."
2006dd 76 0.0059 911.94 0.75 0.95 0.5 0.0 0.0 0.0 0.0 0.0 0.0 -4.0 -48.826089925275326 1.7295144281381098 979.93 1147.57 0 76 "Hesse Failed. Covariance may not be accurate. Covariance not positive definite."
2006ef 20 0.0179 968.4517667426522 1.3322676295501878e-14 1.2091753222546084 0.5522801664721214 0.0 0.10092652878563513 4.163336342344337e-17 0.014933596888452971 0.00180610867719172 78227.11014735099 12.0 -16.79439336671852 1.4834838235209453 979.9 1040.71 0 20 "Covariance may not be accurate."
2006ej 21 0.0205 967.8758064152856 5.753730825119874e-14 0.651756340049545 0.4695236170398047 0.0 20.64731310230178 0.9223868272148155 0.35491850001106623 0.7029718439217776 19254.98335977831 10.0 -18.84004672360826 2.2562707051171476 980.72 1018.7 0 21 "Covariance may not be accurate."
2006eq 62 0.0495 965.5602081901867 6.9111383282915995e-15 0.7753204433508994 0.5158113486453433 0.0 0.0001807861628435603 0.0 0.0006259789269160154 0.00039564818835036153 10925.81935195492 41.0 -18.402289370724915 1.9891773587283694 980.56 1029.51 0 62 "Covariance may not be accurate."
2006et 151 0.0226 967.6642172392737 4.288236432614667e-14 1.2454413482682802 0.45831279080985887 0.0 24.097124631396355 0.9223873853258351 0.3459866454249903 0.7000538748223379 175602.73857740572 40.0 -18.761722423495442 1.4593132466987697 982.63 1099.54 0 151 "Covariance may not be accurate."
2006ev 87 0.0287 997.1269084887118 3.497202527569243e-15 1.1807277311287412 0.5040211571731985 0.0 28.05587847233113 0.9329091049697085 0.43860721919160744 0.7156839560171167 27360.01769570089 40.0 -16.46443959188682 1.5041306543518829 993.59 1039.52 17 70 "Covariance may not be accurate."
2006fw 6 0.0835 986.8614294710208 2.6645352591003757e-15 0.6500006583383114 0.4097167870450379 0.0 3.553383618801945 0.0 4.615888379855271e-07 0.0008347605968108962 2105.9511403460688 2.0 -18.783653686602715 2.260666430450975 1001.75 1039.73 0 6 "Covariance may not be accurate."
2006gj 70 0.0284 991.8338259060579 4.3298697960381105e-15 1.0718430752324195 0.0023658354640864188 0.0 23.975646971851575 0.9223958718115401 0.38733613087787505 0.5939460806243347 9468.719608999047 32.0 -17.653776236967037 1.5982778390183903 998.83 1096.59 0 70 "Covariance may not be accurate."
2006gt 54 0.0448 1009.9999982246575 2.498001805406602e-16 1.0307434236794497 1.7664040560250172e-06 0.0 1.3592745062851463e-07 0.0 6.02342250066723e-06 0.00012513417416015749 69652.1324953196 35.0 -15.576611931692181 1.639085216082922 1001.67 1076.62 16 38 "Covariance may not be accurate."
2006hb 101 0.0153 993.8320013850603 8.66806626476091e-14 0.654608792911127 0.5001344199180524 0.0 0.041677012920501966 0.0 4.5796168543887905e-05 0.00021285630690900947 55851.43466913457 18.0 -18.56800060246056 2.2491741644941676 1006.87 1143.59 0 101 "Covariance may not be accurate."
2006hx 39 0.0455 1019.0894919614311 5.578870698741412e-15 1.0004505011118632 0.46804793906977993 0.0 30.10321368047414 1.021368382847151 0.4360191407554814 0.7282120832972858 8621.642968376227 20.0 -18.08186474641147 1.671144698738594 1013.66 1080.59 8 31 "Covariance may not be accurate."
2006is 80 0.031 995.6364303560119 4.0217829067046296e-14 0.6969733947228656 0.5002279662092991 0.0 0.12471574504081673 0.0 2.4576000026754752e-05 5.6509152568329224e-05 179000.85877301067 18.0 -19.29332520429522 2.1492759424189103 1009.86 1125.67 0 80 "Covariance may not be accurate."
2006kf 118 0.0213 1040.9001744672155 8.659739592076221e-15 1.206611784430988 0.010887426787453636 0.0 28.196883660720914 0.9223870603413331 0.4243660418473472 0.6560832910065372 22597.84725075203 57.0 -17.756432314145975 1.4852606877582737 1036.81 1127.64 20 98 "Covariance may not be accurate."
2006lu 48 0.0534 1043.8435566727148 3.3306690738754696e-16 1.2489471552290596 0.476379003212 0.0 28.154417207039614 0.9404226213419102 0.37927818255864104 0.7113793752446338 75267.86748084874 30.0 -15.362652250579828 1.4570613077495835 1040.84 1137.75 6 42 "Covariance may not be accurate."
2006mr 118 0.0059 1050.8145411259486 6.802891583390647e-14 1.0702025558245873 0.5031397944592512 0.0 0.021815260755829513 4.163336342344337e-17 6.506727452504357e-06 1.1577769813031491e-05 8936.782441822506 35.0 -16.21521485111012 1.5998701016990662 1045.86 1147.57 16 102 "Covariance may not be accurate."
