analysis_pipeline/fit_results/csp_4_sn91bg_color_interpolation_red.ecsv
# %ECSV 0.9
# ---
# datatype:
# - name: obj_id
#   datatype: string
# - name: num_points
#   datatype: int64
# - name: z
#   datatype: float64
# - name: t0
#   datatype: float64
# - name: x0
#   datatype: float64
# - name: x1
#   datatype: float64
# - name: c
#   datatype: float64
# - name: z_err
#   datatype: float64
# - name: t0_err
#   datatype: float64
# - name: x0_err
#   datatype: float64
# - name: x1_err
#   datatype: float64
# - name: c_err
#   datatype: float64
# - name: chi
#   datatype: float64
# - name: dof
#   datatype: float64
# - name: b_max
#   datatype: float64
# - name: delta_15
#   datatype: float64
# - name: tmin
#   datatype: float64
# - name: tmax
#   datatype: float64
# - name: pre_max
#   datatype: int64
# - name: post_max
#   datatype: int64
# - name: message
#   datatype: string
# schema: astropy-2.0
obj_id num_points z t0 x0 x1 c z_err t0_err x0_err x1_err c_err chi dof b_max delta_15 tmin tmax pre_max post_max message
[from data line 107]
2005hc 84 0.0459 677.7745598550254 2.498001805406602e-16 1.1982559353437994 0.014925959580130488 0.0 0.0003056344137917222 0.0 2.9707909482423744e-06 0.012294083418459945 293993.9765774048 67.0 -15.607279827188567 1.4916501550524792 661.67 755.61 42 42 "Covariance may not be accurate."
2009ab 62 0.0112 1887.5958717925296 2.298161660974074e-14 1.2001803487142322 0.29993565774553665 0.0 29.56101486266425 4.7878367936959876e-15 0.4272857115916551 0.6468507134503189 258836.30972354466 16.0 -16.85007695431709 1.4902775875082028 1874.57 1911.51 28 34 "Covariance may not be accurate."
2007as 88 0.0176 1160.87465108905 1.0999534616473738e-13 0.6837438733316633 0.3062031971004536 0.0 6.46781217028547e-05 0.0 2.653845022460022e-06 0.053257788725604605 71920.1469288177 38.0 -19.531523006557524 2.1810524570783087 1175.59 1259.49 0 88 "Covariance may not be accurate."
2006hx 39 0.0455 1016.8501366393552 5.245803791353865e-15 1.197570042266611 0.5010054199303177 0.0 0.13845690584673775 4.163336342344337e-17 0.022995027215303887 0.033323471110511954 10652.33592584832 21.0 -17.937224163628393 1.4921584243617794 1013.66 1080.59 8 31 "Covariance may not be accurate. Covariance not positive definite. Covariance forced positive definite."
2008ff 144 0.0193 1731.7312783415025 1.6819878823071122e-14 0.650024713227758 0.13413188028084222 0.0 9.447376214666292e-11 0.0 1.2045919817182948e-14 7.571851479148961e-11 264929.96132681123 57.0 -18.04215497826161 2.2622815628980675 1724.53 1790.57 46 98 "Covariance may not be accurate."
2009ds 56 0.0193 1976.6199998238362 1.1657341758564144e-14 0.6500000000064962 1.324329534924118e-12 0.0 2.8828719678131165e-07 0.0 1.8018015968124246e-09 0.0014120346548872342 52951.94646468349 6.0 -17.87903314012798 2.2623391562377506 1954.64 1976.62 54 2 "Covariance may not be accurate."
2008O 53 0.0389 1503.166587331222 8.326672684688674e-17 1.0349686252904435 0.030059092087907302 0.0 0.000909776605794832 0.0 1.3351915624681965e-05 0.10052559453895465 92072.89700935112 39.0 -14.019299362367569 1.6354133262425137 1489.71 1546.54 27 26 "Covariance may not be accurate."
2006ot 75 0.0531 1085.0504835598758 8.326672684688674e-17 0.6500000001537222 0.28009573352525063 0.0 0.0004357566702992699 0.0 3.579578300438868e-10 0.08407265404144248 86492.26564680468 45.0 -14.228547429709621 2.2623504984723937 1063.72 1131.63 46 29 "Covariance may not be accurate."
2006py 14 0.0579 1054.6196333974149 6.078471059822732e-15 1.2292412178138017 0.37329620059844604 0.0 23.455350156862778 0.9223874105691955 0.4103194059438568 0.6743787448152359 8040.0019452080705 10.0 -18.916838140190617 1.47030024252496 1069.54 1091.54 0 14 "Covariance may not be accurate."
2005be 23 0.035 453.42738050209056 1.1157741397482823e-14 0.7767169482279772 0.500052349715768 0.0 nan 0.0 8.860127167037435e-05 0.0001966183307859637 49300.46817714798 19.0 -18.171534641009966 1.9878327157092563 467.89 491.77 0 23 "Covariance may not be accurate."
2006fw 6 0.0835 1002.2149053520878 1.1657341758564144e-15 0.6500068348497847 0.9785863155111392 0.0 0.2948851589202377 0.0 1.4885125622088324e-06 0.00021045756070686705 2610.179887480971 2.0 -16.756694698047973 2.2623367094104516 1001.75 1039.73 1 5 "Covariance may not be accurate."
2007ax 57 0.0069 1169.553662823743 7.227551890309769e-14 0.8958189417639167 0.5002365969104445 0.0 1.2839640248785145e-05 4.163336342344337e-17 1.1001921271402981e-05 0.3941198127911813 41287.49790338089 22.0 -16.62721913767209 1.8013513797153209 1184.55 1248.47 0 57 "Covariance may not be accurate. Covariance not positive definite. Covariance forced positive definite."
2007jg 56 0.0371 1370.090222975426 2.7478019859472624e-15 1.2059644227062896 0.021382816880458788 0.0 29.00284180104825 0.9400124493214972 0.42466489058627205 0.6841731787253008 29586.182103952837 43.0 -17.7239965820725 1.48616157764733 1363.82 1425.78 15 41 "Covariance may not be accurate."
2007af 205 0.0055 1172.4001471476986 2.587097203132771e-13 1.1427693201406257 0.5024636383824874 0.0 0.01387045407216192 2.498001805406602e-16 0.0010100415163191157 0.0023815113932084686 124641.35473946384 63.0 -17.513461276782106 1.5348613322970266 1162.76 1257.72 51 154 "Minimization exited successfully."
2008cc 86 0.0104 1567.8624600243777 1.394717674685353e-13 0.7807808253593858 0.03970929771033338 0.0 4.43745841494092e-06 0.0 3.503299111640157e-06 0.026462146198759612 125487.60980284974 40.0 -19.15186795093132 1.9804834059257175 1582.86 1654.86 0 86 "Covariance may not be accurate."
2006ef 20 0.0179 987.9988922839551 1.3822276656583199e-14 0.6870063594967766 0.04593544168093361 0.0 29.359731683758355 0.9390235978939439 0.42117834668556386 0.5235452833563373 103524.34604574676 16.0 -17.823268092241225 2.173504632478263 979.9 1040.71 6 14 "Covariance may not be accurate."
2007nq 99 0.045 1396.5694640071752 6.827871601444713e-15 0.7758789420778506 0.5994062250946819 0.0 0.009375858003636495 0.0 0.0003845731571992528 0.0008216532954365419 47141.40706265937 83.0 -18.03112367446503 1.9893562622015892 1397.65 1476.56 0 99 "Covariance may not be accurate."
2008bq 50 0.034 1547.4965992150946 1.4654943925052066e-14 1.2404337590387062 0.4893523736596223 0.0 24.8280917819352 0.9229950559380381 0.3986507655496619 0.7078728271177525 94466.22582404611 36.0 -18.42906883894291 1.4629621217196167 1562.49 1606.46 0 50 "Covariance may not be accurate."
2008hv 132 0.0126 1815.4917477483712 8.010259122670504e-14 0.6500000001042834 0.6152068754341252 0.0 0.00017092376822347433 4.163336342344337e-17 6.136802177536538e-11 0.002922364689545154 281743.15853900684 48.0 -17.85786432028962 2.262356916407583 1804.8 1912.7 27 105 "Covariance may not be accurate."
2009I 37 0.0262 1831.5868011932603 1.50712775592865e-14 1.0721675533352393 0.49779256858091686 0.0 21.92755649792332 0.9223868876301976 0.4433610564317891 0.7098584559758214 30139.35457789959 16.0 -17.86030964673823 1.5985936799446065 1846.58 1867.58 0 37 "Covariance may not be accurate."
2004gc 54 0.0321 319.32697777044257 1.124100812432971e-14 0.8790778427575662 0.5218562900207839 0.0 0.12254844037531143 4.163336342344337e-17 0.0064785154359308095 0.012607810792756746 50942.17424756747 50.0 -17.95218364291072 1.82489928649591 329.83 397.66 0 54 "Covariance may not be accurate. Covariance not positive definite. Covariance forced positive definite."
2005lu 39 0.032 704.6631612630546 9.492406860545088e-15 1.2340783851626864 0.3455620820387216 0.0 2.5923503926605918e-05 0.0 7.028096025374353e-06 0.006339007793479956 17928.68858715877 35.0 -18.123710289560233 1.4671085812276132 719.66 799.52 0 39 "Covariance may not be accurate."
2007al 72 0.0122 1174.9548064311791 9.242606680004428e-15 0.9825388986162701 0.2747669335330506 0.0 28.220355930768164 0.9223872330874301 0.4329551299822038 0.7395848285563855 14020.000404549839 32.0 -16.09041418086174 1.6917898572883772 1170.77 1246.58 15 57 "Covariance may not be accurate."
2005gj 112 0.0616 708.4455604544593 1.1074474670635936e-14 0.65 0.5099946714820289 0.0 0.0001717518915143046 0.0 9.391099009548043e-12 nan 202095.41870871643 81.0 -19.417479789657477 2.2623564990743574 698.7 1016.76 16 96 "Covariance may not be accurate."
2008bz 26 0.0603 1565.7213880128322 7.577272143066693e-15 0.8353855689015336 0.5001973639286301 0.0 0.00030128188325306837 0.0 0.0032295498733006522 0.010133423684514697 15701.358988111113 22.0 -18.972654014565887 1.8896993678689782 1580.72 1651.52 0 26 "Covariance may not be accurate. Covariance not positive definite. Covariance forced positive definite."
2007bc 64 0.0208 1181.9366919636375 3.497202527569243e-14 1.117131988926209 0.00481471907528197 0.0 25.950770917977707 0.9223868589677215 0.3664036990306792 0.6429417041531945 45095.264051619 41.0 -19.22924029958893 1.5569411897217975 1196.65 1259.53 0 64 "Covariance may not be accurate."
2008fr 82 0.0397 1723.820407814414 9.242606680004428e-15 1.2499999977506564 0.489902850078938 0.0 8.741065209960652e-05 0.0 2.2949483513001745e-05 9.688633614807207e-06 144915.76110346869 64.0 -18.273034889766567 1.456793039433844 1738.78 1807.57 0 82 "Covariance may not be accurate."
