analysis_pipeline/fit_results/csp_5_salt2_2.4_blue.ecsv
# %ECSV 0.9
# ---
# datatype:
# - {name: obj_id, datatype: string}
# - {name: num_points, datatype: int64}
# - {name: z, datatype: float64}
# - {name: t0, datatype: float64}
# - {name: x0, datatype: float64}
# - {name: x1, datatype: float64}
# - {name: c, datatype: float64}
# - {name: z_err, datatype: float64}
# - {name: t0_err, datatype: float64}
# - {name: x0_err, datatype: float64}
# - {name: x1_err, datatype: float64}
# - {name: c_err, datatype: float64}
# - {name: chi, datatype: float64}
# - {name: dof, datatype: float64}
# - {name: b_max, datatype: float64}
# - {name: delta_15, datatype: float64}
# - {name: tmin, datatype: float64}
# - {name: tmax, datatype: float64}
# - {name: pre_max, datatype: int64}
# - {name: post_max, datatype: int64}
# - {name: message, datatype: string}
# schema: astropy-2.0
obj_id num_points z t0 x0 x1 c z_err t0_err x0_err x1_err c_err chi dof b_max delta_15 tmin tmax pre_max post_max message
[from data line 96]
2008bi 35 0.003500000282755268 1537.7288372866856 0.004099949889105403 -2.8187733971031665 0.2916619241253049 0.0010224255031539135 0.1083276132727633 9.356611893272283e-05 0.03528639465216554 0.01589725032963807 524.1209790376748 29.0 -14.439296823105739 1.7003578094303293 1551.52 1595.52 0 35 "Minimization exited successfully."
2008bq 64 0.037574732887384193 1563.9422435271363 0.0025626803906450227 0.4675194858131011 0.19784044737488804 0.0009683890762779146 0.05733929557902684 5.791818304313849e-06 0.03544038757020562 0.0026756265698714143 2528.4638935881762 59.0 -19.13877986806207 0.9590043856031905 1562.49 1606.46 4 60 "Minimization exited successfully."
2008bt 49 0.057178609036820156 1568.5931329911614 0.003471006797192794 -1.4936565442965897 0.4814884447359158 0.0012042460729456556 0.100525872726962 2.444087316268292e-05 0.02948005127534259 0.006610214387046676 3285.2461023580363 33.0 -20.420241379835897 1.323601003400892 1571.61 1651.47 0 49 "Minimization exited successfully."
2008bz 44 0.040194538798676994 1580.2876646425184 0.0010062089382478461 -0.6754414704375176 0.0772620225678271 0.002652997290529771 0.13851614401357892 6.365830178904608e-06 0.08022067953709788 0.006463350462923456 572.2069620584415 33.0 -18.271806445696754 1.1808300034011339 1580.72 1651.52 0 44 "Minimization exited successfully."
2008cc 81 0.010396054858882328 1580.2602002850372 0.016064637119142338 -1.7741927952141672 0.38812386457028203 0.04206257223777367 26.03672411194225 0.032769825769625484 6.558992183440173 1.4769642716387255 27948.95523532735 48.0 -18.301550131006803 1.3987287360432674 1582.86 1654.86 0 81 "Covariance may not be accurate."
2008cd 14 0.0035000002243310334 1572.7400000019047 0.0013197339773809297 -2.302215118381995 0.9999999999035623 0.00022729332158244117 0.04512147294792612 2.1265999473606113e-05 0.11855007296895259 0.003947940679166262 128.28438491701962 9.0 -13.257728064671483 1.4556268595342097 1587.74 1595.73 0 14 "Minimization exited successfully."
2008cf 45 0.05062686550121956 1596.1388649334294 0.0021081974539804067 1.1000433354927264 0.0001457076163515758 4.1858456260521204e-07 6.278032890350005e-05 4.125432988406853e-06 0.024638796520467743 0.0034245387449348685 1418.4236614699591 34.0 -19.593534898337694 0.8592393939427652 1595.77 1654.65 4 41 "Covariance may not be accurate."
2008ff 86 0.017763628980627215 1714.6831667798 0.004583446807097483 1.376479608001242 0.5432229343690764 0.025580008192176026 2.2096301099177253 0.0010394948051196257 1.1288684609188873 0.693515932564482 38106.00972399565 62.0 -18.125437125213505 0.7947155752315673 1724.53 1790.57 0 86 "Covariance may not be accurate."
2008fl 89 0.007041928370569847 1721.4850806678044 0.005395932297916239 -1.5680425031977832 0.17744189462897508 0.0006868702139980016 0.051868857152499004 2.0406911601465478e-05 0.01908114914787551 0.002975056160559708 2514.6477712981755 69.0 -16.259230301360372 1.3698382161418685 1724.49 1789.53 0 89 "Minimization exited successfully."
2008fp 115 0.032355711008546284 1732.2020433909472 0.025107791814000968 0.3330480351780434 0.6979951136853939 0.05387291746702477 28.899483980489663 0.035543878006390486 7.175734411177821 1.4617827468687281 12151.786945987966 76.0 -21.307374635765548 0.9565194597662963 1724.84 1820.73 18 97 "Covariance may not be accurate."
2008fr 68 0.03969947198702775 1741.5751701985107 0.0018405387582571403 -0.7636406180975239 0.21835142930670104 0.05616763480119712 27.866454218711056 0.02637797842295174 6.905706262176787 1.461560605893358 4866.0782026757215 54.0 -18.901955049937985 1.1889517716132687 1740.72 1807.57 4 64 "Covariance may not be accurate."
2008fu 45 0.059249306254406005 1733.7488307661845 0.001331522730852422 -1.5762371817001837 -0.05794780172940961 0.005149693175323669 0.2084097742473432 2.6884351205326562e-05 0.058729055057444635 0.01663695188022607 209.65611147190543 36.0 -19.44810227294782 1.3940128539998682 1740.75 1817.67 0 45 "Minimization exited successfully."
2008fw 92 0.00595096042380919 1736.572453759544 0.0230589685721053 0.23393817516237814 0.2709946853081089 4.220389730710903e-06 0.00031761367426952347 3.6225761444793475e-05 0.011528266160887313 0.0017665546033929225 10921.189216871508 48.0 -17.472031727788913 0.9963730208067094 1740.89 1827.81 0 92 "Covariance may not be accurate."
2008gg 96 0.032006762888827346 1752.0898828100449 0.003456369835464482 0.24909350318944412 0.24280687276308321 6.169112783463437e-08 1.6721168435651634e-05 7.831022216471528e-06 0.017657017436025324 0.0027451670067248912 3499.6582317208254 73.0 -19.10720004910121 0.9951403979600428 1753.63 1827.57 0 96 "Covariance may not be accurate."
2008gl 79 0.03997005020146421 1768.6935602291244 0.0029404249658080504 -1.2175022684445382 0.06995009955150122 0.000831593243077737 0.029859646933005024 4.723698428296631e-06 0.021393111978206036 0.002587614552524542 1927.607795739309 64.0 -19.42325771220886 1.2980781044462155 1765.7 1844.55 12 67 "Minimization exited successfully."
2008go 24 0.049378928702333715 1766.6465968581126 0.0008892449752603893 -1.2230573378051481 0.21734212285147203 0.0018969991894282577 0.11184799378634125 3.098486555161439e-06 0.15440849452493133 0.005897005269422717 660.7693597346279 19.0 -18.601154517899268 1.2868856067528966 1765.61 1776.58 8 16 "Minimization exited successfully."
2008gp 73 0.03165613547142514 1779.7225960045955 0.0032064092666001355 -0.12307159334300533 0.022839402232790906 0.0012190750679379834 0.020730136715201297 7.491301718111527e-06 0.017861911691639865 0.0026823324265182746 2655.5687147043045 68.0 -18.99777753306315 1.075131800324904 1768.75 1814.69 14 59 "Minimization exited successfully."
2008ha 50 0.05428235981805571 1780.3117605326909 0.0011406073577801934 -2.38520304855225 0.35460930431000603 0.0017124001770163662 0.1222191317533543 1.0958228063227848e-05 0.04571241492032918 0.010181251690016158 1228.0261508071608 45.0 -19.088497440627805 1.5620585324601137 1781.55 1810.55 0 50 "Minimization exited successfully."
2008hj 62 0.04164126673338423 1802.489770821243 0.00292985299825852 0.23045803489428085 0.07341982774616551 0.0011634975815781566 0.02581024394612541 5.395298497021207e-06 0.025688161184909575 0.0026478038234777346 2119.471538183391 57.0 -19.511834917485167 1.0069911686890087 1795.56 1834.55 16 46 "Minimization exited successfully."
2008hu 45 0.056917012075524326 1807.0983864509433 0.0008778155239331176 -1.8937173043916609 0.11087775825210944 0.003096219522428518 0.09001724592735627 4.606541226405425e-06 0.04236003492311946 0.008818361431993327 512.3226812187901 40.0 -18.905336580745495 1.457416564760205 1806.76 1840.68 4 41 "Minimization exited successfully."
2008hv 93 0.0043418714401454745 1817.4934051892967 0.02018824687920729 -1.284576812785732 -0.05267381901849655 2.1687121700688858e-07 6.484768846348743e-06 3.6606080671939406e-05 0.008780133826461922 0.0018600316001409767 6410.644227428936 73.0 -16.63564417027255 1.3236188431780125 1806.79 1884.68 19 74 "Minimization exited successfully."
2008ia 57 0.0035000316982495465 1813.2710373491577 0.0036503668644693957 -1.336599755228539 0.14784928198651381 0.000546458409970869 0.032288209292801184 8.300339383192487e-06 0.02370335954093683 0.00300624182872844 1767.3503393717306 52.0 -14.310395402402396 1.3185038966483589 1809.77 1858.76 7 50 "Minimization exited successfully."
2009D 83 0.035157281534395374 1841.9693544632678 0.007208678108814765 0.6913131712197664 0.08938447318872389 0.0008336240084864006 0.019319679476097917 9.30900177844576e-06 0.01729245900626708 0.0015906266366421118 4218.66259518197 78.0 -20.111863925146746 0.9251322353291087 1834.67 1884.53 24 59 "Minimization exited successfully."
2009F 57 0.003500000005355129 1841.9960911571147 0.00185071957097189 -3.4586772861249093 0.6093449958660582 3.437032463414458e-05 0.019276936932101307 5.48176265597613e-06 0.025931491426656184 0.0042474645280836665 11285.436412361922 52.0 -13.5906929238168 1.860370621864078 1837.75 1884.63 20 37 "Minimization exited successfully."
2009I 18 0.0035000040475929085 1852.461707368309 0.0007254875324110788 1.481715064912093 0.7760315045085131 0.0006496818943070764 0.11438790770023388 5.377432318856589e-06 0.14388221815438973 0.009901363689257092 210.95647280962862 13.0 -12.589581205357764 0.7697038810353227 1848.58 1867.58 4 14 "Minimization exited successfully."
2009J 23 0.0035000002303811352 1837.029211654774 0.0013183500299154772 -2.410218640182303 -0.3252792438517832 0.0005255252171769216 0.36478009080383345 7.02465924917379e-05 0.06627485427392354 0.03033219112789709 163.9337109051057 18.0 -13.207982437666281 1.6543382912082443 1848.7 1867.68 0 23 "Minimization exited successfully."
2009P 53 0.003500000075013169 1868.238842855658 0.0022279058021657723 1.4931427730263565 0.4606063506823004 0.0002579942303214508 0.1419437879766292 1.1565065460868119e-05 0.0803245383100073 0.005361887036024471 897.4831035984674 44.0 -13.786610248712655 0.7790836563506929 1867.74 1931.61 4 49 "Minimization exited successfully."
2009Y 116 0.009400230748278374 1878.3400468420496 0.03132670859233572 0.05171028568697267 0.2368805026402232 2.676373882038244e-07 1.4231964314603829e-05 4.001084787130446e-05 0.010895614649528262 0.0010985930911120434 22581.290713795326 74.0 -18.802235044086657 1.0308636875354082 1869.84 1976.65 18 98 "Covariance may not be accurate."
2009aa 82 0.07096705614723202 1879.4530608005348 0.0046102155966488674 -0.4638919537801982 -0.07287361242094814 0.0009564639356751739 0.015010925407523246 6.945683465903185e-06 0.015831085267907774 0.002691746014654939 2835.8897810115714 74.0 -21.207246325625952 1.1474458800161464 1869.68 1938.65 28 54 "Minimization exited successfully."
2009ab 40 0.0035000000173261627 1883.68020002403 0.011445375893148257 -0.9472261014348202 0.17212116649142284 1.4828220508266744e-05 0.012407230741587227 2.1831049543825573e-05 0.013616273014328328 0.002620111606118636 3830.8939775184763 35.0 -15.551712043150747 1.2306983136653287 1874.57 1911.51 16 24 "Minimization exited successfully."
2009ad 48 0.003500000000007713 1886.7995844527322 0.004282913368412591 0.16551757633204023 0.015357317893430311 2.447543741655885e-05 0.015556448607071616 7.672513024144234e-06 0.01819917507382529 0.0024212104092542486 3700.02464612272 43.0 -14.483513927299555 1.0216812356114566 1878.6 1915.45 20 28 "Minimization exited successfully."
2009ag 72 0.005667332336038897 1890.1063674649752 0.01079396542877221 -0.46239099730071054 0.43591445418027863 0.000486254786884 0.034805302572067376 2.650671884172652e-05 0.019123343734950282 0.0021749921028367813 4428.481626968722 67.0 -16.547155130148695 1.1141197018232507 1888.59 1937.5 4 68 "Minimization exited successfully."
2009al 55 0.0037212612143280154 1897.384085017752 0.005147387665842035 -0.4139939236702226 0.18233595628763277 2.9441546701893667e-08 1.8451373762218282e-10 1.896736044769984e-05 0.023685702895685168 0.004348071731441805 1420.9862370219153 50.0 -14.818067997633332 1.1216134072666968 1897.7 1947.57 0 55 "Covariance may not be accurate."
2009cz 32 0.02350383998203143 1943.9128831291239 0.008042511733323631 0.69704240671956 0.09572542158450181 0.002191652677207714 0.03675515957741027 2.0895382258363793e-05 0.03020796099012024 0.0032452381250980267 1640.2657533137694 27.0 -19.337353864606378 0.9238829483510944 1937.53 1966.46 12 20 "Minimization exited successfully."
2009dc 40 0.0035000000007596077 1947.8595897693817 0.013264306639296826 2.5046426157092743 0.09806377263744825 2.172373265027527e-05 0.03963457079441923 3.3028065034835206e-05 0.0336676350761973 0.002814717042352255 3895.761855651044 35.0 -15.71450037284222 0.6217527046639546 1942.81 1976.68 12 28 "Minimization exited successfully."
2009ds 36 0.003500001336292961 1962.0965089310118 0.009336126752098018 1.5257825508657055 0.1789692051730465 6.311583687260581e-05 0.04304024929740535 2.4907737875960213e-05 0.05405129916488205 0.003557925870926626 1513.3488650165534 31.0 -15.332608926159228 0.7830956878134749 1956.68 1976.62 12 24 "Minimization exited successfully."
2009le 36 0.007116547028278454 2168.6002087882744 0.011036782786668482 3.170216654602765 0.2221565385739157 0.0010928629753466936 0.038224810260089725 2.7293193896734888e-05 0.05712177219344383 0.003230200111124959 2526.538917038709 31.0 -17.067292663870802 0.4801107347358933 2155.62 2169.58 28 8 "Minimization exited successfully."
2010ae 5 0.0035001152101764867 2280.3067441756325 0.00026004479264752636 4.999999698859467 0.48335876034645464 0.01708695099964247 0.8984714882615208 2.725433082872293e-05 1.436989358919889 0.1452820968169083 71.43111487085854 0.0 -11.51088520267487 0.19098162972600718 2271.53 2305.53 2 3 "Minimization exited successfully."
