analysis_pipeline/fit_results/csp_5_sn91bg_salt2_phase_all.ecsv
# %ECSV 0.9
# ---
# datatype:
# - {name: obj_id, datatype: string}
# - {name: num_points, datatype: int64}
# - {name: z, datatype: float64}
# - {name: t0, datatype: float64}
# - {name: x0, datatype: float64}
# - {name: x1, datatype: float64}
# - {name: c, datatype: float64}
# - {name: z_err, datatype: float64}
# - {name: t0_err, datatype: float64}
# - {name: x0_err, datatype: float64}
# - {name: x1_err, datatype: float64}
# - {name: c_err, datatype: float64}
# - {name: chi, datatype: float64}
# - {name: dof, datatype: float64}
# - {name: b_max, datatype: float64}
# - {name: delta_15, datatype: float64}
# - {name: tmin, datatype: float64}
# - {name: tmax, datatype: float64}
# - {name: pre_max, datatype: int64}
# - {name: post_max, datatype: int64}
# - {name: message, datatype: string}
# schema: astropy-2.0
obj_id num_points z t0 x0 x1 c z_err t0_err x0_err x1_err c_err chi dof b_max delta_15 tmin tmax pre_max post_max message
[from data line 98]
2008bt 84 0.08318732637310254 1556.836685868203 4.1217029789208937e-14 0.8549417467782696 0.5000160855385896 3.2113227741228934e-06 nan 0.0 3.907793145269123e-05 6.973223623540914e-05 164327.29795512615 52.0 -21.54573803733914 1.859067095023132 1571.61 1651.47 0 84 "Covariance may not be accurate."
2008bz 70 0.0849896417416323 1569.2052928211504 8.409939411535561e-15 0.6500086881474039 0.0013772526080322312 1.4992427646576267e-09 1.8254169049214397e-05 0.0 3.692758099305138e-09 0.009426391034794951 134745.1775229132 47.0 -20.84528637118151 2.2606322868652384 1580.72 1651.52 0 70 "Covariance may not be accurate."
2008cc 167 0.04401452158333354 1568.0089412401421 2.442213098419188e-13 0.6500739242305896 0.5000125344873403 5.050942504872258e-08 2.9668444767594337e-06 8.326672684688674e-17 8.103378468238276e-09 0.3502712385075911 741709.5373904244 72.0 -22.034259026279983 2.260485460389864 1582.86 1654.86 0 167 "Covariance may not be accurate. Covariance not positive definite. Covariance forced positive definite."
2008cd 23 0.08214152656989107 1580.3937477903391 1.5654144647214707e-14 0.7233706277679948 0.4830774287914203 4.829238019832954e-05 0.02678604825121056 4.163336342344337e-17 0.051145624395497136 0.0015002738962079099 861.3272058957965 18.0 -20.506621984153103 2.091421020427042 1587.74 1595.73 0 23 "Covariance may not be accurate."
2008cf 96 0.0020142506730481285 1616.6209491162574 2.248201624865942e-15 0.763686114602842 7.771395744649023e-06 3.4522447981896742e-09 3.83392467711019e-05 0.0 7.472802476260476e-07 2.528351001196416e-05 373595.0075372045 64.0 -11.155872885068934 2.0106985572769887 1595.77 1654.65 42 54 "Covariance may not be accurate."
2008ff 230 0.002002519123901651 1710.0438376874367 2.8227420401094605e-14 1.1509880550605773 5.563212864539979e-05 3.765536597810648e-10 3.711346153068007e-06 0.0 1.833747836910149e-07 2.3648167704420908e-05 174414.7110881461 99.0 -13.890186805484324 1.5275226769447752 1724.53 1790.57 0 230 "Covariance may not be accurate."
2008fl 186 0.0020003460960814072 1713.0266359606294 2.6229018956769323e-14 1.2194300502898716 0.36678680112380657 0.05096736594465566 28.561950812776104 0.9223869651949498 0.3064175642493167 0.672145267048395 929540.1732711712 102.0 -13.117584300366687 1.4764453986865327 1724.49 1789.53 0 186 "Covariance may not be accurate."
2008fp 300 0.0021043249073523598 1712.7823727259906 4.917732887577131e-13 0.6506396453792281 0.409871037097641 1.1190460114203146e-05 0.0029093047655806004 4.579669976578771e-16 5.732875691222272e-06 0.0007910047744107973 704636.3840325981 97.0 -16.325311927772184 2.2590633124271147 1724.84 1874.61 0 300 "Covariance may not be accurate."
2008fr 150 0.0020206674106159677 1725.1459507764343 2.0483614804334138e-14 0.6746072888801136 0.00012606388496028131 0.05048301220076433 21.226609363341254 0.9223870246690106 0.4133625761025053 0.6196200175302168 102322.89312496249 73.0 -13.56153012082613 2.200845121646406 1738.78 1807.57 0 150 "Covariance may not be accurate."
2008fu 103 0.06005854432514177 1733.7211254788806 4.9960036108132044e-15 0.9840436330505953 0.18583329416336203 0.053808790534583775 25.393202433916258 0.9223869145602093 0.4175805217997351 0.5914434602592761 70147.39934294905 82.0 -19.14872919609706 1.689351990534771 1737.84 1817.67 0 103 "Covariance may not be accurate."
2008fw 162 0.0021170726457189594 1726.5323640753481 2.2140622668587184e-13 0.8988926404273662 0.34372717013806336 0.0497026183631141 22.33439676758951 0.9224134997834081 0.41263354223792975 0.7357482218149328 803053.2049800861 60.0 -15.599823444415371 1.7962078142334086 1740.89 1827.81 0 162 "Covariance may not be accurate."
2008gg 198 0.0020000134032964194 1738.9248476133748 4.6129766673175254e-14 0.6500000000028792 6.169809333322895e-05 2.4853073158498384e-11 2.548321958784072e-06 0.0 9.792722188706193e-13 0.00014755654350692704 428074.50782227097 99.0 -14.42072252436133 2.2606540681828307 1753.63 1827.57 0 198 "Covariance may not be accurate."
2008gl 166 0.07281086361644915 1775.0008666787312 2.6645352591003757e-15 0.6500023645698911 1.3088974348818283e-12 1.7152432883749125e-08 1.144726684287889e-05 0.0 6.955201414804435e-10 3.74932036553699e-06 878310.865180386 128.0 -19.2451420609856 2.260648128715978 1765.7 1844.55 48 118 "Covariance may not be accurate."
2008go 43 0.0849690104228908 1753.6690198823378 8.076872504148014e-15 0.6500000000760586 2.6104467226728545e-07 1.3124884373771906e-09 7.954115403663309e-06 0.0 5.5289106626332796e-12 2.253418162498355e-05 128143.69044974656 38.0 -20.803024864213413 2.2606540663326555 1764.54 1776.58 0 43 "Covariance may not be accurate."
2008gp 169 0.0020000115118955445 1778.6695248192975 9.409140133698202e-15 1.246811226811767 0.007805730210419859 0.051025746098088236 29.286930978671876 0.9223869612872859 0.3498675631422155 0.5761038311568474 139299.84932772614 108.0 -12.682382387162463 1.458419386690828 1768.75 1844.52 33 136 "Covariance may not be accurate."
2008ha 106 0.08499992702776694 1770.3437731997042 1.2240208846492351e-14 0.6733372487203035 0.00894139332907845 1.8735400036939964e-10 2.8161469799670158e-05 0.0 2.793431005398972e-07 0.0007855109430980334 52190.15805212546 88.0 -21.24105198175262 2.2038456728439755 1781.55 1810.55 0 106 "Covariance may not be accurate."
2008hj 127 0.0020000117900162316 1802.9761291390184 6.078471059822732e-15 0.6500000001108222 1.2314946840064067e-09 1.5731810385638534e-11 9.9285782653169e-06 0.0 4.101774475628872e-12 2.6442270970039594e-06 479223.8252971322 91.0 -12.220350684875225 2.260654066238313 1794.58 1834.55 43 84 "Covariance may not be accurate."
2008hu 97 0.07927729533451468 1795.5002346659367 6.328271240363392e-15 0.6500000000415802 5.82313480768093e-09 2.015969785551519e-08 1.3440448128676508e-05 0.0 4.7878367936959876e-12 1.2329919582887428e-05 98332.87915657983 84.0 -20.378946876027484 2.260654066412311 1804.74 1844.84 0 97 "Covariance may not be accurate."
2008hv 225 0.0020082142770822516 1816.545930172994 4.463096558993129e-14 1.1302157522158207 0.13543320052098518 0.051225386355696366 29.713167352023675 0.9321950937962915 0.3590755927528249 0.5601743466923035 439031.50848078384 111.0 -14.15637945676041 1.5449596035322006 1804.8 1912.7 50 175 "Covariance may not be accurate."
2008ia 166 0.002083604958185001 1814.362056183965 1.715294573045867e-14 0.9768048489574941 0.633267532113264 1.520428496668935e-05 0.0016322903012451206 4.163336342344337e-17 0.00012668749387390044 0.00017811365864012219 142511.38767613057 87.0 -12.224377091589883 1.6976166980356027 1809.77 1874.69 27 139 "Covariance may not be accurate."
2009D 176 0.002002018699222423 1845.2514371485272 3.9218628344883655e-14 0.6578944100478824 0.5208247800698661 2.5885931462590883e-10 1.2158634604020335e-05 4.163336342344337e-17 4.3264566873535415e-08 0.0011344267865243673 1487464.4907130261 126.0 -13.235330914607076 2.2410680363694837 1834.67 1890.52 66 110 "Covariance may not be accurate."
2009F 139 0.08499999989261796 1847.9949036704468 7.827072323607354e-15 1.212255857223639 0.05288456149257825 2.5921487178948155e-12 1.636371575841622e-05 0.0 1.2645236968644724e-07 0.0009423311211431695 265389.2578535414 102.0 -20.68310013849662 1.4813368880245328 1837.75 1884.63 72 67 "Covariance may not be accurate."
2009I 55 0.08499769157536435 1845.4672616260543 4.413136522884997e-15 0.6500009467865084 2.1981416686855937e-10 1.0494591098919592e-09 4.199096963475313e-05 0.0 1.807666349940007e-09 2.166158911867666e-05 58877.70196307599 33.0 -20.147561751113432 2.260651688984293 1846.58 1867.58 0 55 "Covariance may not be accurate."
2009J 41 0.08499582372110699 1837.8212366855403 5.828670879282072e-15 0.6500018952578773 0.5000069996540943 2.6981266804115833e-09 0.05099151979675298 0.0 4.815621346132559e-09 2.3766805579139572e-07 40938.978781548125 36.0 -19.471414650885077 2.2606663209352647 1846.74 1867.68 0 41 "Covariance may not be accurate."
2009P 99 0.00340980768562995 1854.3190423006438 4.2799097599299785e-14 0.7278482063966617 0.24343957839209968 0.046202293521657584 20.95738408100533 0.9224080481220102 0.3337608605071993 0.6215927340380871 89811.31228490206 60.0 -15.027362503519404 2.0819764428157708 1867.74 1931.61 0 99 "Covariance may not be accurate."
2009Y 264 0.0020002838246546764 1882.0062613407615 8.684719610130287e-14 1.1852815431308381 0.014230158419746675 0.0509741154360943 29.558315278556393 0.9223868271399803 0.43238890308555056 0.5618225604705135 628471.5150641202 120.0 -15.08541010749703 1.5006969847248577 1868.84 1976.65 51 213 "Covariance may not be accurate."
2009aa 232 0.002000057120098817 1884.9107784684156 1.0408340855860843e-14 1.1282294317569879 0.002746894954715362 3.6140173752946536e-11 8.72859288847394e-06 0.0 1.266546189038209e-07 0.00022436740482031925 773078.9390326407 120.0 -12.800039592322072 1.5466681132837117 1868.77 1956.66 90 142 "Covariance may not be accurate."
2009ab 102 0.0020180582896832393 1893.5706349070356 2.7894353493707058e-14 1.119961154360176 0.12255119712240214 1.282828223205315e-09 1.5014259020063037e-05 0.0 2.590180071537773e-07 0.0012063901569825397 877975.8694514281 49.0 -13.68167498160189 1.5538824736573886 1874.57 1911.51 72 30 "Covariance may not be accurate."
2009ad 128 0.07029599001534596 1894.3096118577275 6.5780714209040525e-15 1.056797777879826 0.16439726581250297 0.06170547675671492 29.89353159520647 0.9339344005787069 0.4468060688774891 0.5788016413202488 715124.8465996117 83.0 -19.850351225396196 1.6129071925953724 1878.6 1921.53 67 61 "Covariance may not be accurate."
2009ag 208 0.0020045986144533157 1878.6059734576907 1.9109713811360507e-13 0.6564537817366223 0.5125582006032416 2.232572790120471e-06 0.0008922082171238799 1.249000902703301e-16 9.478117848737977e-06 0.00012222735391992368 445703.8958293722 79.0 -14.970879633662323 2.2446133769344687 1886.62 1959.54 0 208 "Covariance may not be accurate."
2009al 123 0.06751867047056671 1880.4301524425448 3.222422328974517e-14 1.2292038599647588 0.0006998853053372112 8.710219522728435e-08 2.987146774557914e-05 0.0 2.8236804350267874e-07 0.00018018158652829963 302785.2748821296 66.0 -21.778431757956202 1.4698940983077833 1891.71 1973.54 0 123 "Covariance may not be accurate."
2009cz 83 0.0020000212267323476 1951.0388436113276 1.8818280267396403e-14 1.028763259976743 0.376760917697901 0.06731382941160033 34.07084118684452 1.2168830314911463 0.39129508690851994 0.6755512711231124 493310.24938978907 45.0 -12.737644425447176 1.6411348697746604 1937.53 1966.46 47 36 "Covariance may not be accurate."
2009dc 116 0.0020000129621741344 1931.3814781067954 8.434919429589627e-14 0.6500000000000881 4.676546316306762e-07 5.477759070990351e-10 0.00026511263172324107 8.326672684688674e-17 4.184441682042461e-11 1.8100130538267756e-06 784803.9693766206 58.0 -15.07606768800094 2.2606540665290353 1938.77 1976.68 0 116 "Covariance may not be accurate."
2009ds 92 0.08088385414411275 1939.895109336118 8.484879465697759e-14 0.8617088100892673 2.2742079602844356e-07 2.5235725509276108e-08 4.286492867322522e-06 4.163336342344337e-17 4.0149577684722715e-07 5.5166792196637005e-06 535892.0701485329 61.0 -23.243359126454013 1.8490634683932683 1954.64 1976.62 0 92 "Covariance may not be accurate."
2009le 66 0.07792615142189187 2145.4401107231074 2.9476421303797906e-14 0.6500000000696656 3.684826223182558e-05 2.995424975421601e-08 1.6690444681444205e-05 0.0 8.356815239807247e-12 2.8147387749810626e-05 615062.1243075817 53.0 -22.009977544627098 2.260654067341058 2153.53 2169.58 0 66 "Covariance may not be accurate."
2010ae 57 0.08499996314573752 2263.329619911749 1.199040866595169e-14 0.8378882060459292 0.49986509496878284 2.3039405815383773e-06 0.2823412499130882 4.579669976578771e-16 0.393048759802029 0.0017717747974170805 10317.477570370887 21.0 -20.255036549642195 1.884832161468161 2258.59 2305.53 24 33 "Covariance may not be accurate."
