analysis_pipeline/fit_results/csp_4_sn91bg_color_interpolation_all.ecsv
# %ECSV 0.9
# ---
# datatype:
# - {name: obj_id, datatype: string}
# - {name: num_points, datatype: int64}
# - {name: z, datatype: float64}
# - {name: t0, datatype: float64}
# - {name: x0, datatype: float64}
# - {name: x1, datatype: float64}
# - {name: c, datatype: float64}
# - {name: z_err, datatype: float64}
# - {name: t0_err, datatype: float64}
# - {name: x0_err, datatype: float64}
# - {name: x1_err, datatype: float64}
# - {name: c_err, datatype: float64}
# - {name: chi, datatype: float64}
# - {name: dof, datatype: float64}
# - {name: b_max, datatype: float64}
# - {name: delta_15, datatype: float64}
# - {name: tmin, datatype: float64}
# - {name: tmax, datatype: float64}
# - {name: pre_max, datatype: int64}
# - {name: post_max, datatype: int64}
# - {name: message, datatype: string}
# schema: astropy-2.0
obj_id num_points z t0 x0 x1 c z_err t0_err x0_err x1_err c_err chi dof b_max delta_15 tmin tmax pre_max post_max message
[from data line 106]
2008fr 150 0.043750000000000004 1723.9994072553852 1.074140776324839e-14 1.240592976833216 0.003143927861611384 0.0 23.303559433063697 0.9223869119331648 0.33543232152077856 0.5906481779512404 213064.85723487224 132.0 -19.602146410255934 1.4628451787541117 1738.78 1807.57 0 150 "Covariance may not be accurate."
2008fu 103 0.043750000000000004 1739.150219388515 3.3306690738754696e-15 1.1979792532049331 0.8572974437869466 0.0 27.42218066215878 0.9223870023740314 0.42803409181790414 0.5650358813380686 62438.63611734698 92.0 -16.68486291016752 1.4918625098198213 1737.84 1817.67 2 101 "Covariance may not be accurate."
2008fw 162 0.043750000000000004 1725.8915379242223 1.8451906669270102e-13 0.6630371879564362 0.013302118508643324 0.0 24.70099012050298 0.9223871721746022 0.3291534192771753 0.6600690549745011 929609.81104136 145.0 -22.67340393350736 2.230126906921715 1740.89 1827.81 0 162 "Covariance may not be accurate."
2008gg 198 0.043750000000000004 1738.6364962430443 2.2148949341271873e-14 0.9458679704751947 3.632150136212431e-12 0.0 4.762516255141236e-06 0.0 2.797262910914089e-06 2.1862228412050655e-06 574936.9898797136 168.0 -20.392839262334657 1.7354108015085998 1753.63 1827.57 0 198 "Covariance may not be accurate."
2008gl 166 0.043750000000000004 1768.581103543636 1.2823075934420558e-14 0.7491040273591109 0.49035903943784287 0.0 27.880331568803967 0.922386892578541 0.43991663426715355 0.7081128033212619 445542.49090423656 139.0 -18.844863698678775 2.0400877764495142 1765.7 1844.55 18 148 "Covariance may not be accurate."
2008go 43 0.043750000000000004 1749.8956098079225 1.2156942119645464e-14 0.7261171081167385 0.4189046342258751 0.0 17.84189195706267 0.9223868940811465 0.3325577755854409 0.6889427938208247 151368.6925051146 39.0 -18.947289496148 2.087009876088043 1764.54 1776.58 0 43 "Covariance may not be accurate."
2008gp 169 0.043750000000000004 1773.656097385487 1.049160758270773e-14 1.2478763044177446 0.47413356144645347 0.0 0.0005226535713518388 0.0 0.000241810865983072 3.115790763391635e-05 452699.4237570175 129.0 -18.66553224225301 1.4581550772329663 1768.75 1844.52 27 142 "Covariance may not be accurate."
2008ha 106 0.043750000000000004 1766.5778704810398 1.8235413179468196e-14 0.7216478700837636 0.5001187421902645 0.0 24.146500277278506 0.9224012673820347 0.43435355168232864 0.7104013320577547 67007.22025663026 89.0 -19.203417446224638 2.0964958400754803 1781.55 1810.55 0 106 "Covariance may not be accurate."
2008hj 127 0.043750000000000004 1803.232880297928 7.66053886991358e-15 0.650000000009367 0.0005396013223182838 0.0 1.6730136167097953e-05 0.0 2.0087265184542957e-12 8.087348683258333e-05 468988.33419416094 110.0 -19.23925435811273 2.2623391711295717 1794.58 1834.55 43 84 "Covariance may not be accurate."
2008hu 97 0.043750000000000004 1816.5179229931462 1.915134717478395e-15 1.0315744294023677 0.4002564736435073 0.0 29.474679416820663 0.9223875040465651 0.4027150779290673 0.7290659082273141 105996.75817753393 85.0 -16.97894971090842 1.638900730991299 1804.74 1844.84 32 65 "Covariance may not be accurate."
2008hv 225 0.043750000000000004 1815.263092059037 5.395683899678261e-14 0.9244326452228526 0.37882800324214855 0.0 29.350470343483266 0.9223906837673148 0.41988567490771883 0.6762456016089922 1209943.071565858 172.0 -20.645889394981396 1.76278281434921 1804.8 1912.7 46 179 "Covariance may not be accurate."
2008ia 166 0.043750000000000004 1817.1297886901968 1.2323475573339238e-14 1.118202810898699 0.16377730290381554 0.0 28.89833509156358 0.9223869979526624 0.4431766329763444 0.5784225600856071 126733.15170879927 111.0 -19.46177696109769 1.5559976923086403 1809.77 1874.69 45 121 "Covariance may not be accurate."
2009D 176 0.043750000000000004 1841.58932886346 1.9734214262712158e-14 1.249125365541346 0.5014968927798181 0.0 0.0006996676901280807 0.0 0.002433174637330282 1.1140932294928518e-05 1119021.587052284 140.0 -19.287004796222757 1.457354043930387 1834.67 1890.52 48 128 "Covariance may not be accurate."
2009F 139 0.043750000000000004 1847.595086713871 8.826273045769994e-15 1.2487933198462962 0.11309607889613471 0.0 29.277704398411856 0.9223869220012654 0.3573679397316764 0.5443217278853034 266854.4906514736 103.0 -19.19933821431817 1.4575562125802008 1837.75 1884.63 72 67 "Covariance may not be accurate."
2009I 55 0.043750000000000004 1832.1079712315543 1.2989609388114332e-14 1.1380459931340878 0.20788571309318116 0.0 20.195207454363867 0.9223888419611113 0.4415688961119903 0.6035899692415403 38276.64429622545 34.0 -19.42376429933474 1.5388264897668407 1846.58 1867.58 0 55 "Covariance may not be accurate."
2009J 41 0.043750000000000004 1846.6046093450807 1.6653345369377348e-16 0.6500334717939519 0.010087343816836791 0.0 0.00030384634851543524 0.0 8.039220988909079e-08 0.016751922274114428 70069.6877439436 37.0 -15.067205115202405 2.2622552123865027 1846.74 1867.68 0 41 "Covariance may not be accurate."
2009P 99 0.043750000000000004 1853.3814132675093 3.322342401190781e-14 0.8517121737763829 0.2509908630783736 0.0 22.33563240967385 0.9223868569579313 0.4418456960567089 0.6251894248982536 192526.19180957426 89.0 -20.342441931413077 1.8648471356785556 1867.74 1931.61 0 99 "Covariance may not be accurate."
2009Y 264 0.043750000000000004 1879.0830587690507 1.1482481632185682e-13 1.2275068120483796 0.21053441763155473 0.0 29.325535176245012 0.9223867762632334 0.31583202379634717 0.6049955573789924 1587879.8364577568 206.0 -21.78387407858937 1.471448115736278 1868.84 1976.65 45 219 "Covariance may not be accurate."
2009aa 232 0.043750000000000004 1876.6053757103725 2.173261570703744e-14 1.2260778461718087 0.44401632308259126 0.0 1.1317392154586514 0.0 2.1207754294927383e-06 8.494000634601262e-06 1417499.765357436 160.0 -19.52431484615898 1.4724058437261967 1868.77 1956.66 60 172 "Covariance may not be accurate."
2009ab 102 0.043750000000000004 1880.666868677125 4.013456234019941e-14 0.7624427568044714 0.0019907075194733337 0.0 30.54842756160076 1.1460024060153524 0.355401842122131 0.7406989385579984 367987.656314252 70.0 -21.035112900858095 2.014289608838494 1874.57 1911.51 24 78 "Covariance may not be accurate."
2009ad 128 0.043750000000000004 1891.4813112269085 1.0408340855860843e-14 1.2488675660841442 0.0003963337910155018 0.0 29.5453312285332 0.922386951584117 0.379651263291962 0.606459133040735 429581.78402533935 90.0 -19.572285749138683 1.4575055109579367 1878.6 1921.53 58 70 "Covariance may not be accurate."
2009ag 208 0.043750000000000004 1878.288061755355 1.1024514634527804e-13 1.1891665353813023 0.6034382494565058 0.0 0.00026292855818610406 4.163336342344337e-17 0.0005591076094507708 2.8721587591928888e-05 2636018.6421622904 140.0 -20.980692148996336 1.4982970983443558 1886.62 1959.54 0 208 "Covariance may not be accurate."
2009al 123 0.043750000000000004 1876.7696792618838 5.420663917732327e-14 1.0085992150225809 0.0053554776357195855 0.0 25.23284476550782 0.9223868308526276 0.4103204110429087 0.5829863483441006 436766.4950149979 93.0 -21.35611986136977 1.6630098186493978 1891.71 1973.54 0 123 "Covariance may not be accurate."
2009cz 83 0.043750000000000004 1952.3357415012292 2.6645352591003757e-14 0.6500000009361699 0.6863899471992924 0.0 29.739933818849977 0.9278767723061261 0.3711406618683184 0.7380461146552045 596156.9107745299 43.0 -19.273096859763097 2.2623572959352245 1937.53 1966.46 47 36 "Covariance may not be accurate."
2009dc 116 0.043750000000000004 1923.7701677055795 1.6811552150386433e-13 0.7259819601244469 0.0006519220715315854 0.0 24.63144004039532 0.922387750425539 0.43544368676734224 0.625514868480464 1261947.6074597852 74.0 -22.592448701897375 2.087281309450402 1938.77 1976.68 0 116 "Covariance may not be accurate."
2009ds 92 0.043750000000000004 1956.2830016067949 2.731148640577885e-14 0.6500435898239363 0.11954800160348522 0.0 25.805962932586795 0.922386865714423 0.3667940268608873 0.7239470547168917 277302.338367652 62.0 -20.413533435686393 2.2622334609043726 1954.64 1976.62 5 87 "Covariance may not be accurate."
2009le 66 0.043750000000000004 2138.530573008312 3.7636560534792807e-14 1.2480748214001316 0.3550520843378092 0.0 19.149697876363234 0.9223879762563174 0.3828018453523329 0.6680181344752911 692872.6830749937 54.0 -20.29990248270433 1.4580248921813173 2153.53 2169.58 0 66 "Covariance may not be accurate."
2010ae 57 0.043750000000000004 2262.0352433951557 8.1601392309949e-15 0.8297602992661387 0.49184329355487755 0.0 0.011064670259202103 8.326672684688674e-17 0.3186322608142622 0.007205110090568623 10707.547462315228 22.0 -18.350531938860577 1.8984654923605149 2258.59 2305.53 24 33 "Covariance may not be accurate."
