analysis_pipeline/fit_results/csp_4_salt2_2.4_blue.ecsv
# %ECSV 0.9
# ---
# datatype:
# - {name: obj_id, datatype: string}
# - {name: num_points, datatype: int64}
# - {name: z, datatype: float64}
# - {name: t0, datatype: float64}
# - {name: x0, datatype: float64}
# - {name: x1, datatype: float64}
# - {name: c, datatype: float64}
# - {name: z_err, datatype: float64}
# - {name: t0_err, datatype: float64}
# - {name: x0_err, datatype: float64}
# - {name: x1_err, datatype: float64}
# - {name: c_err, datatype: float64}
# - {name: chi, datatype: float64}
# - {name: dof, datatype: float64}
# - {name: b_max, datatype: float64}
# - {name: delta_15, datatype: float64}
# - {name: tmin, datatype: float64}
# - {name: tmax, datatype: float64}
# - {name: pre_max, datatype: int64}
# - {name: post_max, datatype: int64}
# - {name: message, datatype: string}
# schema: astropy-2.0
obj_id num_points z t0 x0 x1 c z_err t0_err x0_err x1_err c_err chi dof b_max delta_15 tmin tmax pre_max post_max message
2004dt 181 0.0197 244.76536318202653 0.01012116795760951 -0.9976392304787929 0.12911149953831225 0.0 1.0353416868724707e-05 2.080606604077176e-05 0.01065648081583448 0.0017979098393070547 56847.235576222934 142.0 -19.196631275157355 1.2448100391680121 249.79 365.62 0 181 "Covariance may not be accurate."
2004ef 167 0.031 264.6440139051589 0.0025314245969509236 -1.4132711373224982 0.19224837688287422 0.0 0.006544105887371643 2.545335500277147e-06 0.008084790062607317 0.0015515418690781324 8369.639995952417 158.0 -18.695916669979976 1.3321392845072175 255.69 329.57 39 128 "Minimization exited successfully."
2004eo 147 0.0157 278.7452498760257 0.010668065808810998 -1.173979511325551 0.1153344969679142 0.0 1.704057780216317e-06 9.882059230479148e-06 0.004376989139861509 0.0015941859768039413 17141.829355681388 140.0 -18.754022692130338 1.2845545320142442 266.52 341.54 45 102 "Minimization exited successfully."
2004ey 111 0.0158 305.05148058550424 0.013406334026495454 0.19618550970059978 0.06839175631582073 0.0 0.009778424505242356 1.3648190353672714e-05 0.010209041813942221 0.0013123782292467912 8486.95192993207 107.0 -19.01634226672261 1.0134483796990228 295.53 352.55 31 80 "Minimization exited successfully."
2004gc 80 0.0321 330.09555308547675 0.001349467208165478 -1.5863774441734084 0.4921257261618459 0.0 1.6137488245249187e-05 3.823704180228038e-06 0.017088648209099055 0.004706906508259667 4229.5228273878865 65.0 -18.10129607388058 1.3437905890988766 329.83 397.66 3 77 "Covariance may not be accurate."
2004gs 164 0.0267 358.3450048746523 0.0020090310721748053 -2.313907160523911 0.24467285267751304 0.0 4.155015744800039e-07 3.947430187420213e-06 0.013734505073975667 0.0032514378887977813 11250.141054097778 110.0 -18.114555968018326 1.555939043037533 352.85 461.56 16 148 "Minimization exited successfully."
2004gu 88 0.0459 363.0392830358677 0.0016605690514297307 1.4370600353896466 0.1657769948918737 0.0 0.07357753818948254 5.522555106499171e-06 0.045913200620525174 0.004476654218263154 1110.53370407005 84.0 -19.115942971269053 0.7979728185907753 357.86 410.84 8 80 "Minimization exited successfully."
2005A 73 0.0191 381.56503782951864 0.0008404306296221631 -0.6322519620528686 0.999999906702618 0.0 2.6026025977898826e-05 2.0076251651554794e-06 0.028991347436239323 5.254245888686171e-05 1654.4685887488956 69.0 -16.479792878904938 1.1042761844807245 376.65 432.52 8 65 "Covariance may not be accurate."
2005M 209 0.022 407.48224881216026 0.006470795153319101 1.2931635616739143 0.053105224934663964 0.0 3.685238817752179e-05 8.856971911089164e-06 0.015533661605090288 0.0017160063974506201 8721.477491641403 172.0 -18.95543730662134 0.8252947983210461 396.77 480.51 38 171 "Covariance may not be accurate."
2005W 77 0.0089 412.9596852749445 0.027550832431304573 0.009469796149177867 0.25491454825128956 0.0 0.02187421353542618 5.158646086618479e-05 0.03168965381568123 0.0026644160977722375 3322.719755832659 73.0 -18.543648542351747 1.0375489273867213 404.54 429.51 27 50 "Minimization exited successfully."
2005ag 163 0.0797 415.39585542608734 0.0006210165859884293 0.2688710468075399 0.05093523652704546 0.0 0.07414442798412324 1.567997592288894e-06 0.03866994624992026 0.0028388502140251903 1240.7281385685571 134.0 -19.29647462731509 1.001155264022838 412.82 480.84 12 151 "Minimization exited successfully."
2005al 140 0.0124 431.56161857967436 0.015435362870787334 -1.3410332537269887 0.003723407825817704 0.0 0.02508659645857847 2.2086965997299667e-05 0.010651649408115471 0.0015659767102628175 6615.509390673908 120.0 -18.6363559237397 1.33204045590446 429.76 512.79 8 132 "Minimization exited successfully."
2005am 137 0.0079 440.06563152369336 0.044440806483007356 -2.3678951181193977 0.05967179976400083 0.0 3.899212430269472e-06 5.966493745726206e-05 0.005853161776743887 0.0014183087935407679 67553.35811135086 128.0 -18.797791119497887 1.5942969007771026 432.58 512.46 9 128 "Covariance may not be accurate."
2005be 45 0.035 459.7178612176769 0.0029831338120458436 -1.7104123854073894 -0.042253456274004786 0.0 0.07546815911419458 2.6242916014136827e-05 0.018984469515576086 0.005761025718728607 1591.5941384932771 41.0 -19.14209246697061 1.4261329213529805 467.89 491.77 0 45 "Minimization exited successfully."
2005bg 64 0.0231 469.5856286166205 0.007032881938695754 0.784418629168627 0.05029100399518893 0.0 0.12213963252509075 2.884523994821928e-05 0.0556235326983785 0.0025443959016158146 3952.962596025186 60.0 -19.153114548875365 0.9107731308409246 471.65 512.61 0 64 "Minimization exited successfully."
2005bl 41 0.0241 482.3663590184047 0.0005160609311996106 -4.9999999827508415 0.8668095035923797 0.0 0.020540906458052177 2.6362261990875435e-06 0.006611050776481164 0.008475046980955803 2372.0305726693978 36.0 -16.447944510471586 2.508887094319782 476.61 512.57 23 18 "Minimization exited successfully."
2005bo 36 0.0139 478.7822436166354 0.008317741169524063 -1.0033126423081407 0.23866392136488068 0.0 0.11080995299838037 3.1004796850031546e-05 0.07408739841158418 0.0038961610125853863 1101.7395449225621 32.0 -18.2188306250486 1.2374057884077274 478.75 512.76 4 32 "Minimization exited successfully."
2005el 93 0.0149 649.0150119159023 0.013357398981267327 -1.5945553177695269 -0.08073219146827604 0.0 6.123376579125761e-07 2.9905753547871013e-05 0.010474032992557225 0.002152525122228466 38290.28621755708 73.0 -18.882524556274802 1.4006550089579122 639.89 730.75 9 84 "Minimization exited successfully."
2005eq 99 0.029 656.3009765191102 0.004012545961087216 0.9870175490984536 0.11901252990059397 0.0 3.2673812825123605e-05 8.760512418192097e-06 0.02220156971046361 0.002826677797236221 3494.893188946738 71.0 -19.048276422113933 0.8738393133261937 650.81 751.66 8 91 "Minimization exited successfully."
2005gj 81 0.0616 712.4905325096332 0.0010082888953284214 4.999999999215973 0.7907690101962781 0.0 2.072448688750228e-05 3.3249216580419566e-06 0.0002872916367824274 0.007121595602031627 39816.58014101569 59.0 -19.32979226751538 0.19678277868303695 698.7 795.54 16 65 "Minimization exited successfully."
2005hc 79 0.0459 668.1158014406433 0.0018113670255457488 0.8313245484186478 0.07488929142886946 0.0 0.0387940790899961 3.203574702172261e-06 0.03173584868197121 0.0029519433495862613 1925.6706523372404 54.0 -19.208488115618767 0.9017981813388083 662.72 755.61 16 63 "Minimization exited successfully."
2005hj 50 0.0574 676.7600629681988 0.0012271018750031504 0.7570909063095064 0.08010641281109177 0.0 7.183686363987363e-06 4.282749317184565e-06 0.047448174871211 0.0059950527401146925 1418.8284339735117 36.0 -19.289343125404887 0.9142418460811008 671.67 761.57 12 38 "Covariance may not be accurate."
2005hk 89 0.013 685.9100579145485 0.006680206700502931 -1.2610026516097594 0.3142042600287964 0.0 6.058959911570128e-07 1.0545070571257864e-05 0.013125132049904398 0.002738435422962038 40927.138881840416 70.0 -17.836042003058076 1.2868324472401547 675.61 761.54 16 73 "Covariance may not be accurate."
2005iq 70 0.034 688.2296361063129 0.0031069919176317574 -0.9651383808230634 -0.037973435601431516 0.0 0.020596084762019018 7.092511668702192e-06 0.026673288388748162 0.00313297759659098 1855.507141053814 61.0 -19.12202782158502 1.2504054325712595 682.55 755.55 16 54 "Minimization exited successfully."
2005ir 52 0.0763 686.0353732172366 0.0006642832270823407 0.5153248393034646 0.06123833198587314 0.0 0.10739106760104278 3.0789571828657375e-06 0.09261881984511744 0.004667117514694175 466.73694544858046 48.0 -19.27000146188958 0.9568801244926384 682.62 728.63 15 37 "Minimization exited successfully."
2005kc 48 0.0151 698.1989005259207 0.006444737861961639 -0.6409858335138727 0.3523747199904099 0.0 0.015202799340954698 1.531071755485466e-05 0.01878984364468872 0.0036967472444281446 2499.3447613575736 44.0 -18.127423341067253 1.154593220780182 687.52 728.54 19 29 "Minimization exited successfully."
2005ke 145 0.0049 700.3750108449807 0.014375709341413046 -1.3207198369890163 0.613648289091788 0.0 5.319766273714777e-06 2.9475779277981715e-05 0.010692615028273345 0.002495103693784695 74305.85981088754 83.0 -16.550587000040842 1.273090716873016 689.69 819.51 24 121 "Minimization exited successfully."
2005ki 163 0.0192 705.843555634204 0.009281102625487819 -1.509449825619198 -0.017786457632710806 0.0 0.013352652747755656 1.8488142807508538e-05 0.011358843130930385 0.0029814173598650684 2898.774281395679 72.0 -19.04471211327684 1.3740006380729959 695.86 861.5 12 151 "Minimization exited successfully."
2005ku 20 0.0454 698.9268824378886 0.0013320131329577324 0.14418223548778641 0.20939894240549406 0.0 0.36124119751610806 1.4905579505272715e-05 0.21158820563673153 0.01076470800074425 314.3822622606741 16.0 -18.851692575934035 1.0156189574644436 699.56 729.56 0 20 "Minimization exited successfully."
2005lu 49 0.032 719.9400443575877 0.0013286091033591213 -0.34100964753284657 0.47013002751536437 0.0 3.029135501719793e-05 6.976663084952515e-06 0.04742738934876245 0.0080157436809416 1396.6224937883394 37.0 -18.07696279016571 1.0889694307522007 720.63 799.52 0 49 "Minimization exited successfully."
2005mc 52 0.0252 730.9775905187176 0.002400801867774763 -2.008667566150051 0.2640609898911537 0.0 0.10695748565552776 2.7002488484957708e-05 0.025777118204723948 0.007861919105052073 931.2574662404056 48.0 -18.180607092170973 1.471030076938483 736.79 773.62 0 52 "Minimization exited successfully."
2005na 91 0.0263 741.5469826016734 0.00552646881561841 -0.542301174754634 -0.03132536740277625 0.0 0.0351688786329305 1.0225208965311625e-05 0.02099427811848864 0.0030035279645700963 3815.522343214296 74.0 -19.17732455013469 1.160761608362197 738.71 834.54 8 83 "Minimization exited successfully."
2006D 147 0.0085 759.335205983236 0.02884139449283367 -1.5577124482827607 0.14563014771901317 0.0 9.357847147839493e-06 4.956883497864856e-05 0.009481782341420608 0.0019749987068141683 16422.09201202148 94.0 -18.489647017330537 1.3704214732107545 751.84 891.61 8 139 "Covariance may not be accurate."
2006X 124 0.0052 786.8105083876579 0.010578080529520624 -0.5260981782662508 1.474142007605423 0.0 0.00877381204344374 1.957976785235422e-05 0.009990415927244811 0.002249400753976616 6817.182952953407 82.0 -16.44543402504094 1.0494950445258748 775.68 906.46 22 102 "Minimization exited successfully."
2006ax 90 0.0167 828.0826364815762 0.014210710810676559 0.004654142240008596 0.012091881609097577 0.0 0.00953210626158807 2.7331586150818217e-05 0.012610698364292183 0.001917472817485999 4878.124176586001 80.0 -19.201004460957336 1.051625171458733 815.64 891.5 24 66 "Minimization exited successfully."
2006bd 21 0.0257 815.3059252995915 0.0006460465777041847 -0.8209030605929932 0.6930561061952023 0.0 0.000690297257790462 0.02834120881904274 6.899666672724357 1.4653514298562809 340.22141090654424 14.0 -16.82137530631645 1.163759805853676 823.7 872.57 0 21 "Covariance may not be accurate."
2006bh 73 0.0109 833.7604931770009 0.028517870100531917 -1.5634605614800465 -0.016694729559822985 0.0 0.023191083135259305 4.737110689133697e-05 0.010141726364402581 0.00201468087682638 4324.527363261517 65.0 -19.020265091423603 1.3870633297526673 831.9 891.79 7 66 "Minimization exited successfully."
2006br 23 0.0246 849.6303617740954 0.00043830525312311687 -0.3377116992497804 0.9999999914390092 0.0 0.4726668586593519 1.0929457650248064e-05 0.20400787092262895 0.009650958739140347 85.28661221564799 19.0 -16.331793863513948 1.051651654786756 858.69 890.61 0 23 "Minimization exited successfully."
2006bt 39 0.0322 858.3439919221279 0.0024922606743714216 0.2458472799994924 0.25467859044109153 0.0 0.051906416881479345 9.025819966390538e-06 0.042029216884145626 0.005115892054182503 1000.1600073598189 35.0 -18.76583276051211 0.9951065043123606 853.76 891.71 3 36 "Minimization exited successfully."
2006dd 141 0.0059 931.5455236330602 0.04999998906795942 4.9999975971156 0.9999837020336524 0.0 6.878855742797896e-06 2.351506120587543e-06 0.0006140711121283005 0.00042504082317984526 9891.09444415798 1.0 -18.40762246286939 0.20076329618166255 906.94 1147.57 1 140 "Minimization exited successfully."
2006ef 36 0.0179 970.690932530188 0.010192428135436136 -1.573931403897669 0.038494587620408804 0.0 0.0611785646028693 7.6140598930928e-05 0.019865392677875793 0.004992114644029488 1086.1601919684513 26.0 -18.99208348077518 1.384479554582878 979.9 1040.71 0 36 "Minimization exited successfully."
2006ej 43 0.0205 976.3277089836533 0.008092207993101548 -1.51867036685561 0.00708682850075637 0.0 0.08453292399667589 5.301330343661804e-05 0.019958959327249115 0.005456119552771144 650.3947840502531 33.0 -19.040297854704573 1.373970592099898 979.74 1046.74 0 43 "Minimization exited successfully."
2006eq 36 0.0495 974.2990614999162 0.0007662273353569587 -1.9131423876339437 0.1938919863496804 0.0 0.2187006129553879 1.7943571355380516e-05 0.045912566723792514 0.017551773057209674 120.96101980038554 32.0 -18.444193936165075 1.4538011836432752 981.64 1018.51 0 36 "Minimization exited successfully."
2006et 85 0.0226 995.4505959938143 0.00628854958230321 0.7569235092493152 0.23554388029642181 0.0 1.2152200667969737e-05 1.3033573630405297e-05 0.01956258690924706 0.0028310245501022013 4446.6453092365755 63.0 -18.986164923528264 0.9077985017327244 983.64 1099.54 15 70 "Minimization exited successfully."
2006ev 29 0.0287 989.6835144126063 0.0018960313045629147 -1.3790025394652794 0.2740903980028402 0.0 0.13635072533776338 2.119155791873448e-05 0.040992862517357676 0.00867735162176031 525.6512065280871 25.0 -18.213024755625085 1.3168129551118142 994.59 1038.53 0 29 "Minimization exited successfully."
2006fw 25 0.0835 1004.2260232807229 0.0003796120255961766 -0.4713507162447961 0.16345732695016202 0.0 0.11564958395871372 2.1006089772679425e-06 0.09368790542498973 0.005918850172104695 846.3507604911813 21.0 -18.869818789414378 1.1340592360871788 1001.75 1039.73 5 20 "Minimization exited successfully."
2006gj 52 0.0284 1001.3100343569539 0.0011154799189952824 -2.31544189660477 0.3781049544270747 0.0 3.910770658421825e-06 4.541477503354507e-06 0.05488213899150973 0.007317295947133484 797.8457910455587 33.0 -17.616990686932443 1.539688268388339 998.83 1096.59 4 48 "Minimization exited successfully."
2006gt 39 0.0448 1002.874294514342 0.0007712520558395026 -2.119208246408638 0.3339796403207622 0.0 0.08785227102231374 3.7228712756437574e-06 0.05832542574939259 0.009265277028866703 687.9074964938654 29.0 -18.23104069329726 1.492139669207699 1001.67 1076.62 4 35 "Minimization exited successfully."
2006hb 89 0.0153 1000.6751613015025 0.011640824563154337 -2.09197203333289 0.06973566267333897 0.0 0.03993837754001106 5.862798516603415e-05 0.013316141867915743 0.0038652353961320385 2659.6007924845703 41.0 -18.791201452531595 1.5147698848289632 1007.88 1143.59 0 89 "Minimization exited successfully."
2006hx 31 0.0455 1022.3356082876436 0.0015155757648110336 -0.13304867467486226 0.17174798315443218 0.0 0.04445573667169356 1.5674696949963263e-05 0.06661281641750705 0.011465270974411745 492.66598439375696 26.0 -18.995847927721528 1.068604308204101 1012.66 1080.59 8 23 "Minimization exited successfully."
2006is 96 0.031 1014.2506826451533 0.004200504001806183 0.40079904217821394 0.1483210186020505 0.0 1.0391755324690166e-05 8.383896359801316e-06 0.01882779925452338 0.0027781442310544913 17571.52138072003 49.0 -19.245985841093 0.9730029797168385 1008.9 1125.67 7 89 "Minimization exited successfully."
2006kf 62 0.0213 1041.5190581230747 0.0032153670335080043 -2.047429195153016 0.19380075828824772 0.0 0.02331823625161178 7.875929633627309e-06 0.01988911211151967 0.0036353664016171017 2381.6882768371784 48.0 -18.124522627269535 1.4890160342104508 1036.81 1127.64 12 50 "Minimization exited successfully."
