analysis_pipeline/fit_results/csp_5_sn91bg_color_interpolation_all.ecsv
# %ECSV 0.9
# ---
# datatype:
# - {name: obj_id, datatype: string}
# - {name: num_points, datatype: int64}
# - {name: z, datatype: float64}
# - {name: t0, datatype: float64}
# - {name: x0, datatype: float64}
# - {name: x1, datatype: float64}
# - {name: c, datatype: float64}
# - {name: z_err, datatype: float64}
# - {name: t0_err, datatype: float64}
# - {name: x0_err, datatype: float64}
# - {name: x1_err, datatype: float64}
# - {name: c_err, datatype: float64}
# - {name: chi, datatype: float64}
# - {name: dof, datatype: float64}
# - {name: b_max, datatype: float64}
# - {name: delta_15, datatype: float64}
# - {name: tmin, datatype: float64}
# - {name: tmax, datatype: float64}
# - {name: pre_max, datatype: int64}
# - {name: post_max, datatype: int64}
# - {name: message, datatype: string}
# schema: astropy-2.0
obj_id num_points z t0 x0 x1 c z_err t0_err x0_err x1_err c_err chi dof b_max delta_15 tmin tmax pre_max post_max message
[from data line 49]
2006hx 70 0.002004531252970276 1003.7774029059658 7.577272143066693e-15 1.1985650413288225 0.5010865217202851 3.3155854624719507e-06 0.638661078355085 8.326672684688674e-17 0.0036090774896299083 0.012445399233300708 41463.705218434836 51.0 -11.484710827394618 1.491441472337364 1012.66 1080.59 0 70 "Covariance may not be accurate. Covariance not positive definite. Covariance forced positive definite."
2006is 176 0.023061234382043078 994.0822385043485 2.3897550605056495e-14 0.7467970508872998 0.032585869091189434 0.023685108062261342 0.0007020471969099162 4.163336342344337e-17 9.367490532347089e-05 5.0662959096337e-05 657315.2386169048 148.0 -18.998686256541855 2.044638831039599 1008.9 1125.67 0 176 "Covariance may not be accurate."
2006kf 180 0.07722937546364095 1042.7246690742181 1.2490009027033011e-14 1.1989198662755716 0.5012910532520551 0.059489466297966545 28.63402626471759 0.9233657419245361 0.31323739772650444 0.7110831916447389 212222.5096920445 106.0 -20.07702152674048 1.4911863062384434 1036.81 1127.64 38 142 "Covariance may not be accurate."
2006lu 128 0.03499901409135705 1046.5050200981736 2.1649348980190553e-15 1.2489854319882654 0.03544117712439271 0.0608497763658061 28.562917769694536 0.922386984668133 0.3583497492941809 0.5289877735816289 40515.0670864995 121.0 -17.31206100124516 1.4574307305024838 1040.84 1137.75 17 111 "Covariance may not be accurate."
2006mr 221 0.015150987564020392 1047.9144093750092 5.0709436649754025e-14 1.1467878814062307 0.5117087484602386 0.06076771914285357 27.646151401797738 0.9224053927614468 0.3500381200125086 0.7130094286403681 106607.12058096613 157.0 -17.946035907238393 1.5315173810597997 1045.86 1147.57 12 209 "Covariance may not be accurate."
2006ob 63 0.006088561619768791 1066.890369062404 8.326672684688674e-16 0.6526243289200703 5.692996992712196e-07 3.520539961117397e-07 0.00041767479376630945 0.0 7.776875034504194e-07 3.296106568434487e-05 68529.80668854118 47.0 -12.486390295874397 2.255760564063035 1060.65 1121.57 17 46 "Covariance may not be accurate."
2006os 106 0.08499882777730004 1071.907464457777 6.161737786669619e-15 0.650000000000003 0.22468896404025845 0.05117060389168596 29.051420688732946 0.9224029803515011 0.36896119061074234 0.6123255281095376 105234.4716484175 70.0 -20.081739306048856 2.2623483528851587 1063.65 1133.56 30 76 "Covariance may not be accurate."
2006ot 118 0.08490037013568148 1065.9411821470915 3.0808688933348094e-15 1.2342303805385382 0.007528361236514902 2.0868440736496185e-05 0.012389547024895364 0.0 0.023429868671165588 0.00014262274692566912 18508.139280678948 75.0 -19.742827816221233 1.4669986008354172 1063.72 1131.63 9 109 "Covariance may not be accurate."
2006py 35 0.08499380485619352 1056.4436791110293 7.327471962526033e-15 0.877891217039619 0.03714620134426416 0.051066580081678276 18.967997929391117 0.9284345707266928 0.44115223916151547 0.6859561393067546 40883.21723732318 30.0 -20.637841805144625 1.8265796743770295 1069.54 1091.54 0 35 "Covariance may not be accurate."
2007A 76 0.0020001005048754456 1114.7300394972149 2.2065682614424986e-14 1.1662138511975166 0.10431429916110657 0.0511886232199866 28.936638465765895 0.9257948507125388 0.4371970621475581 0.7222328731759469 74589.43649066576 40.0 -13.442122398817034 1.5158109725954958 1107.53 1133.53 29 47 "Covariance may not be accurate."
2007N 165 0.0849999533793267 1113.9412854897764 1.532107773982716e-14 0.6500000000029924 6.344494621446373e-06 2.8511172589507083e-11 6.126060384303855e-06 0.0 6.141753772226366e-13 9.024027715065497e-05 62360.52533685616 112.0 -21.498976077004844 2.262339156421607 1123.82 1213.67 0 165 "Covariance may not be accurate."
2007S 192 0.051205574554777006 1140.7755643053335 4.2799097599299785e-14 1.1762217632416792 0.5000336285292719 0.05499544611013257 0.021563803640560764 0.0 0.001977735168548711 0.00026767959662596374 301996.1205516285 102.0 -20.483411153286927 1.5080443324992672 1132.77 1246.54 36 156 "Covariance may not be accurate. Covariance not positive definite. Covariance forced positive definite."
2007af 307 0.002007815514008219 1172.7066774545372 2.2715163083830703e-13 1.0900291056917473 0.1896657410521269 0.050845994363616295 29.352599941675635 0.9250934373757713 0.37954544471965285 0.5936136898918619 357948.3960469637 164.0 -15.81077816214372 1.5816461847927208 1162.76 1257.72 68 239 "Covariance may not be accurate."
2007ai 111 0.08174827781096995 1153.5008188802788 2.348121697082206e-14 0.6797238594651497 0.00010605681840197834 3.056807179602217e-08 9.381888389725646e-06 0.0 2.470893568085053e-07 0.00010129551191775943 35533.75371824479 84.0 -21.872778532275717 2.1903978059772164 1167.88 1259.7 0 111 "Covariance may not be accurate."
2007al 120 0.005937590232767309 1161.8773080115138 1.965094753586527e-14 0.8569029098317029 0.5248005880703471 0.04271150576992164 29.24651084398738 0.9223882992108859 0.39859103588630157 0.7158115100623854 31477.113034395825 79.0 -14.845971009785185 1.8571220202172292 1170.77 1246.58 0 120 "Covariance may not be accurate."
2007as 153 0.0030072147469029052 1163.3600216277132 1.2831402607105247e-13 0.6770037167829769 0.18960373085309856 0.046983802748083024 20.31234023106822 0.9223880222626124 0.31041263673650193 0.5935787808889144 331758.7071787941 102.0 -16.069709127763673 2.196779960853597 1175.59 1259.49 0 153 "Covariance may not be accurate."
2007ax 97 0.012957627936386742 1181.5841017396488 3.5638159090467525e-14 0.7338823368471752 0.06486148559172267 0.04424834158543645 25.8875042138867 0.9223868535186293 0.4372170992701681 0.7036357211703155 111933.96930242065 61.0 -18.1093162425781 2.070794783275897 1184.55 1248.47 0 97 "Covariance may not be accurate."
2007ba 124 0.0849549285860146 1175.9647393870957 1.0241807402167069e-14 1.0297798561442777 0.1715688609811057 0.051132061158772134 24.011272635784053 0.9394631757875003 0.40550639971072316 0.5831299503636753 85099.77538788761 81.0 -20.749757391307735 1.6407412971378754 1190.83 1255.61 0 124 "Covariance may not be accurate."
2007bc 111 0.0028299511271033537 1189.3809752160257 4.055089597443384e-14 0.820551198803896 0.3684766317058662 0.05432282781025498 29.465402283184403 0.9223870546031556 0.44362003459533955 0.6727289171794415 313493.151665945 76.0 -14.342200767545432 1.9130674812744495 1196.65 1259.53 0 111 "Covariance may not be accurate."
2007bd 110 0.0814049821040094 1203.6735491970082 9.825473767932635e-15 0.6500002658149705 0.011945273945644042 0.057364817342523126 28.676314882395786 0.9230608791950654 0.3693925659712335 0.6578876283761825 226556.4086192054 66.0 -20.898390413779794 2.262338822717819 1197.53 1259.46 24 86 "Covariance may not be accurate."
2007bm 85 0.017961716411410915 1209.6542499639465 3.3931191190106347e-13 1.2498770978730631 0.4712751841764157 0.04939296680231818 23.45108459474352 0.9235811867148279 0.3657828064399968 0.7038806815033318 567320.3691235614 47.0 -20.471385922413177 1.4568712502744265 1217.57 1278.52 0 85 "Covariance may not be accurate."
2007ca 117 0.002000014053797501 1222.1497747088833 5.5871973714261e-14 0.6500000000039722 0.5000168218295283 6.247617896117108e-11 2.8065568358215387e-05 0.0 2.822242439748379e-12 0.20443031194251435 812548.8130739124 71.0 -13.650693083972762 2.2623564660793605 1217.65 1275.65 12 105 "Covariance may not be accurate. Covariance not positive definite. Covariance forced positive definite."
2007cg 45 0.08499911943569034 1224.3862043275362 1.0075273948473296e-14 1.1087944820436055 0.6904035327592595 7.235325671928194e-10 3.0612170462518407e-05 0.0 6.810455399630655e-07 0.003580434482123085 44735.16049533621 35.0 -19.714770400263408 1.5644140327957423 1235.63 1259.59 0 45 "Covariance may not be accurate."
2007hj 266 0.0047542887614376765 1335.0770501207146 6.461498003318411e-14 1.033226307252913 0.4681020681610066 4.546350310757159e-05 0.0015946115141787232 4.163336342344337e-17 6.329121525605608e-05 0.00015797945691051196 431596.66430988343 158.0 -15.769600232420611 1.6372076550132846 1348.76 1440.53 0 266 "Covariance may not be accurate."
2007hx 65 0.08242947637873625 1369.9861039368584 1.6653345369377348e-16 0.6500013470368673 0.010214061952393494 0.0540166479673205 33.765429740773584 1.1296370355372667 0.45140466438662896 0.5702731458673684 71285.83197207631 50.0 -16.502742156311008 2.262336052533769 1354.78 1411.73 32 33 "Covariance may not be accurate."
2007if 114 0.08134002062399048 1341.7278995874797 1.607047828144914e-14 0.6500000013866132 2.762262640843005e-11 2.141903736319062e-08 7.688747245993e-06 0.0 3.626166034109701e-11 7.56684515967887e-06 61613.98233985812 87.0 -21.44972520788152 2.2623391527647385 1355.77 1443.6 0 114 "Covariance may not be accurate."
2007jd 70 0.08496154874633878 1370.3330495661703 8.326672684688674e-17 0.6500000021939594 2.931986051812885e-05 1.0590902647933387e-08 0.00011923960539661493 0.0 2.152156786117132e-10 0.07528936896809549 78719.96900148313 58.0 -15.835856038463398 2.26233915154204 1362.83 1409.83 34 36 "Covariance may not be accurate."
2007jg 113 0.002000555881680377 1370.792782518269 4.9960036108132044e-15 0.650001138320347 0.13423520169171088 0.052792094432560624 29.42218211120678 0.9558088756781605 0.3826920220537382 0.5593600882078983 271287.8968669543 91.0 -11.772882924414368 2.2623408907478826 1363.82 1425.78 30 83 "Covariance may not be accurate."
2007jh 45 0.08499713979436378 1370.093473345237 6.2450045135165055e-15 0.650000447222076 0.500019501544544 0.07276380992174072 0.1373956010756956 4.163336342344337e-17 6.782762748847038e-06 0.0010059588927291696 49150.41811444653 38.0 -19.546346871130403 2.2623553406545938 1363.86 1413.8 14 31 "Covariance may not be accurate. Covariance not positive definite. Covariance forced positive definite."
2007le 242 0.06755619697729716 1376.5915932791097 3.4455771569241733e-13 1.1455350595268272 0.04428587824488922 4.354199001355141e-08 1.3579196661339665e-05 4.163336342344337e-17 2.9282936142571714e-07 0.0007119105747689369 573046.5677666795 147.0 -24.281408204149997 1.5325431859335996 1388.57 1470.55 0 242 "Covariance may not be accurate."
2007mm 39 0.042029949173335426 1384.4593042011413 7.9565062823167e-05 1.0605828865201832 0.1976344304294036 0.0415 20.0 0.75 0.3 0.5 3.420390172121603e+26 34.0 -43.82460273092698 1.6098224667226217 1385.72 1418.69 0 39 "Minimization exited successfully."
2007nq 174 0.08065327353143618 1384.4308873717637 9.908740494779522e-15 1.187007172197998 0.5063773032854416 1.908254125160269e-06 0.0008381939614992007 0.0 0.0020693870582328966 3.164330082927602e-05 168622.83576866123 130.0 -19.917013623262616 1.4998983436297806 1397.65 1476.56 0 174 "Covariance may not be accurate."
2007ol 31 0.08499999975623992 1399.5208019441304 1.9817480989559044e-14 0.7432335411098361 0.38095430340889935 7.452434502841498e-12 1.7330514992863755e-05 0.0 3.601275012643512e-07 0.017522806226519555 28812.894056082787 26.0 -21.06057552015057 2.051767072334492 1409.79 1422.66 0 31 "Covariance may not be accurate."
2007on 308 0.003822556681359655 1416.1277496861428 3.6953773374648335e-13 0.9633170039917135 0.32453845044042895 0.045502337359694764 28.5044806676558 0.9223870327890937 0.42303540654172633 0.6566597295295675 404724.6578995133 167.0 -17.476411693881474 1.714160409225462 1410.73 1508.61 27 281 "Covariance may not be accurate."
2007so 66 0.08499775961072414 1451.5969337597166 8.659739592076221e-15 0.6500041596779651 0.5000234167219422 2.984605185142597e-06 0.10448624989066957 4.163336342344337e-17 2.485795791373757e-06 2.8109578155771642e-05 65008.44814970769 43.0 -19.901287664303368 2.2623459982540446 1449.68 1494.53 6 60 "Covariance may not be accurate. Covariance not positive definite. Covariance forced positive definite."
2007sr 259 0.0023051828313458925 1441.1327665200956 6.305789224114733e-13 0.6677984814089234 0.00048188841766544366 6.901580048776501e-09 1.087286182155367e-05 3.7470027081099033e-16 1.4810135368081845e-07 4.9379307807656536e-05 1256999.6635504114 165.0 -17.568345184014543 2.2186332855336914 1454.84 1955.57 0 259 "Covariance may not be accurate."
2007st 118 0.002383707158477864 1443.7699276545009 6.40321129452559e-14 0.9287961407605796 0.47676636405561157 0.04858168160917559 23.690682144850484 0.9223871931116459 0.4307787516668104 0.7048004576564673 184880.56953629394 71.0 -14.236430253152328 1.7571059830236067 1458.66 1513.52 0 118 "Covariance may not be accurate."
2007ux 151 0.07892532196273548 1472.577757684463 8.1601392309949e-15 0.8705694378048162 0.7900923546999694 1.5697099783044954e-05 0.0025609771788595026 0.0 0.19888517306511339 0.0008433616567404822 187022.167797145 105.0 -19.112506654453735 1.8371181567852943 1466.82 1558.61 39 112 "Covariance may not be accurate."
2008C 121 0.002047822502236725 1457.4087209462866 8.343326030058051e-14 0.6681211474298541 0.35997820828494126 1.3626464522150218e-05 0.004059897088040998 2.0816681711721685e-16 0.00010723040678589646 0.000807566767208695 115325.44302568486 87.0 -14.437829903566584 2.217871519940001 1469.81 1552.5 0 121 "Covariance may not be accurate."
2008J 81 0.08499514738405843 1470.795415811864 1.9567680809018384e-13 0.7643311571788167 0.5119500566258677 7.796338581667062e-09 8.565776374780398e-05 1.6653345369377348e-16 2.894666964348147e-06 0.003939447002483165 148889.57338713686 52.0 -23.267353509829153 2.0107384240943773 1484.54 1516.52 0 81 "Covariance may not be accurate."
2008O 103 0.08498411988841335 1495.3362579841726 3.747002708109903e-15 0.69328226844194 0.4986446063605859 2.0171721064332626e-08 3.2966169465120174 0.0 2.7653057680376847e-06 1.8626237879848517e-06 43385.36260229679 72.0 -18.994747910007156 2.159150461711853 1489.71 1571.48 33 70 "Covariance may not be accurate."
2008R 107 0.0020000111449399835 1484.2661714107069 6.927791673660977e-14 0.704619545172924 0.07021775303785394 2.739978447616198e-06 0.0013333647301578821 4.163336342344337e-17 0.00017573454377334263 7.371362588914909e-05 275104.9925022963 64.0 -14.745720464635589 2.1336147593017607 1493.63 1532.52 0 107 "Covariance may not be accurate."
2008ae 101 0.08499999989200702 1500.1140312775833 9.242606680004428e-15 0.6500000001675902 0.026916404368265312 1.6085119347586385e-11 7.846266521482903e-05 0.0 5.391415092148577e-11 0.0028995683490312396 14230.20826982071 43.0 -20.9070072940002 2.2623399286192374 1508.74 1602.52 0 101 "Covariance may not be accurate."
2008ar 132 0.002021201037195446 1527.4726651143071 2.8976820942716586e-14 0.8200128109713511 0.5001817818518581 5.449603337798377e-08 24.143688192372338 0.0 0.0002293937093488796 0.0001487612912069447 358125.5861197095 97.0 -12.960493580611669 1.9139351229538448 1527.79 1627.59 0 132 "Covariance may not be accurate. Covariance not positive definite. Covariance forced positive definite."
2008bc 205 0.002013240005348971 1528.6300620898605 1.6694978732800791e-13 0.6699746065542954 0.07565075517631614 0.05147679769815994 20.5134989053862 0.9223885252814673 0.3190771719236134 0.5137223692481541 1049849.269966289 147.0 -15.705466749673285 2.2134262554201953 1541.67 1646.46 0 205 "Covariance may not be accurate."
2008bd 66 0.08498558527389473 1528.157843717933 8.409939411535561e-15 0.7465832846980236 0.45592017414040614 1.7052520784321956e-08 0.00011590402527872357 0.0 3.4280528170560487e-06 0.1203787800749325 4392.454782815146 53.0 -19.973023522647892 2.045077363017299 1541.7 1607.65 0 66 "Covariance may not be accurate."
2008bf 184 0.002025206089180849 1546.6594672139674 1.8818280267396403e-14 0.8924985097758373 6.972067888300071e-06 2.7470135324433875e-09 3.69397608892541e-05 0.0 5.594645297590795e-07 8.054718342864753e-06 685661.5952476012 154.0 -13.474538252655591 1.805953568081069 1546.79 1646.49 0 184 "Covariance may not be accurate."
