analysis_pipeline/fit_results/csp_5_sn91bg_salt2_phase_all.ecsv
# %ECSV 0.9
# ---
# datatype:
# - {name: obj_id, datatype: string}
# - {name: num_points, datatype: int64}
# - {name: z, datatype: float64}
# - {name: t0, datatype: float64}
# - {name: x0, datatype: float64}
# - {name: x1, datatype: float64}
# - {name: c, datatype: float64}
# - {name: z_err, datatype: float64}
# - {name: t0_err, datatype: float64}
# - {name: x0_err, datatype: float64}
# - {name: x1_err, datatype: float64}
# - {name: c_err, datatype: float64}
# - {name: chi, datatype: float64}
# - {name: dof, datatype: float64}
# - {name: b_max, datatype: float64}
# - {name: delta_15, datatype: float64}
# - {name: tmin, datatype: float64}
# - {name: tmax, datatype: float64}
# - {name: pre_max, datatype: int64}
# - {name: post_max, datatype: int64}
# - {name: message, datatype: string}
# schema: astropy-2.0
obj_id num_points z t0 x0 x1 c z_err t0_err x0_err x1_err c_err chi dof b_max delta_15 tmin tmax pre_max post_max message
2004dt 269 0.015088915485169958 236.99884175713484 6.986078382453798e-14 0.7635778508756096 0.05470163032642611 nan 0.004342335325475233 4.163336342344337e-17 0.00018120862232456902 0.00020091133606267575 325050.39772992773 183.0 -19.191850251416188 2.0109040145967683 249.79 365.62 0 269 "Covariance may not be accurate."
2004ef 278 0.0051219883953686485 262.56767969276325 9.409140133698202e-15 1.1794878076938748 0.10965107197889401 0.05388757166504397 29.052928739434904 0.9353552982633317 0.4400625395192667 0.5383058854884362 322021.2849096611 251.0 -14.553980941593995 1.5050582515363011 255.69 329.57 41 237 "Covariance may not be accurate."
2004eo 269 0.003500001349824093 273.96115092170885 6.544764730165298e-14 0.6500000011255194 0.5000092443268348 3.0447868618749263e-12 5.876541564475701e-06 0.0 7.593980999587302e-12 0.18587515020420273 3531161.7048628014 221.0 -15.040169417490258 2.2606710775166796 266.52 341.54 63 206 "Covariance may not be accurate. Covariance not positive definite. Covariance forced positive definite."
2004ey 213 0.0035000001979435527 280.5497641777426 1.3980483437592284e-13 0.6537791903285854 0.0 2.2316159337121277e-12 4.96875600219937e-07 0.0 2.6536910724406226e-08 1.3491897395967456e-06 1299259.9275658643 118.0 -16.84239474195248 2.251215747064215 295.53 358.55 0 213 "Covariance may not be accurate."
2004gc 134 0.08399999995794871 320.4391483167425 7.494005416219807e-15 1.180221927883733 0.5010317307072275 0.04958759245044838 22.53585814954414 0.9239778906404731 0.43459306292511607 0.7112840371765927 297651.0215517222 96.0 -19.71557214659108 1.5045132020607888 329.83 397.66 0 134 "Covariance may not be accurate."
2004gs 299 0.07727227715385251 337.902767623688 1.557087792036782e-14 0.9954331612728874 2.6367616140887673e-05 9.215434586262727e-08 5.996286319032151e-06 0.0 1.226249136454527e-06 3.5998902062073235e-05 225270.45882149768 142.0 -21.297801186559667 1.6766319627728734 352.85 461.56 0 299 "Covariance may not be accurate."
2004gu 156 0.004857326350059703 362.05312095527745 5.245803791353865e-15 0.6880838621549479 0.024750069141377784 0.0002923394989476553 0.028771654971677663 0.0 0.00012284580145582868 0.000137655250938451 200746.63524570537 146.0 -13.952368214293184 2.1694957472031184 357.86 410.84 10 146 "Covariance may not be accurate."
2005A 182 0.06858323630300041 375.1926195162792 7.827072323607354e-15 1.013800827095102 0.08223034424026876 0.07130046586796182 0.058663552073568326 0.0 0.006474727920747991 0.0013847947204060906 153052.30654376664 140.0 -20.14078024120573 1.6567761161838064 376.65 433.53 0 182 "Covariance may not be accurate. Covariance not positive definite. Covariance forced positive definite."
2005M 381 0.003500000618176802 385.99276032523744 7.110978472724128e-14 0.6500000000001553 4.213871134195468e-06 8.94498125743326e-12 1.5384668500928456e-05 0.0 3.8691272408186705e-13 8.450895634587452e-06 900596.7088133213 211.0 -16.108406161017193 2.2606540666304653 396.77 480.51 0 381 "Covariance may not be accurate."
2005W 117 0.00350000257581253 422.3221848249902 1.0733081090563701e-13 0.6500000002658676 0.5552065638722513 0.04957221858969469 29.42801751092688 0.9238189967489501 0.36953299573289644 0.7217708337933555 1096306.6037201672 100.0 -15.486628469119237 2.2606712612298647 404.54 429.51 91 26 "Covariance may not be accurate."
2005ag 208 0.08398618435253664 428.58166657321806 1.8318679906315083e-15 0.7892550697812555 0.3012231830473762 2.978430287126077e-09 4.984340873193105e-05 0.0 7.160902596448082e-07 0.01988079622312544 302070.08950414695 184.0 -18.592512130600497 1.9643295739058892 412.82 480.84 84 124 "Covariance may not be accurate."
2005al 238 0.0036900395005309908 435.4518933435331 3.1558089474970075e-14 0.7273105415263864 0.3290560708897436 3.074191863904063e-05 0.008057602350163506 4.163336342344337e-17 0.00030550736638679243 0.00024318273851609007 955938.2013222568 195.0 -14.720188680146236 2.0831054900831916 429.76 512.79 30 208 "Covariance may not be accurate."
2005am 203 0.08293881567473566 417.64111723132766 2.5479618415147343e-13 1.24355149575791 0.004449590442723972 1.0158116472980261e-08 1.7273334833589615e-06 4.163336342344337e-17 6.844019273533064e-08 0.00022878803078216214 601752.6927812775 109.0 -24.48779387024335 1.4605193404551002 432.58 512.46 0 203 "Covariance may not be accurate."
2005be 68 0.050495382656144006 457.5615365763249 1.1574075031717257e-14 0.650000000208802 7.771561172376096e-16 2.6528690244553843e-08 8.435631087877482e-06 0.0 7.48312523057848e-12 4.885393156128792e-06 211282.22427662634 63.0 -20.010273135196208 2.2606540659922345 467.89 491.77 0 68 "Covariance may not be accurate."
2005bg 95 0.0035008085927258443 456.6500831865571 8.060219158778636e-14 0.6516818846315088 7.452039953337319e-06 0.04960873026092889 24.62124525384752 0.9223870971466898 0.3819154695078547 0.6160725263745299 333815.01526341087 85.0 -16.244947437496226 2.256440961744051 471.65 512.61 0 95 "Covariance may not be accurate."
2005bl 64 0.08399989974690142 486.3355156741493 5.828670879282072e-15 1.192964674483501 0.4995836334166817 0.049539299704353924 29.262647796108723 0.9223882250576741 0.4298853835272795 0.7102726683480396 32480.761782826157 59.0 -19.445362973356083 1.4950401002945917 476.61 512.57 45 19 "Covariance may not be accurate."
2005bo 54 0.003500008765380909 482.8718870993268 3.172462292866385e-14 0.6500005769611503 0.02660465497510983 0.04949031644274475 28.204777444960513 0.9223875001897834 0.3687075095256645 0.676516465152331 64803.809726823725 49.0 -15.18935353797994 2.26065336819444 478.75 512.76 24 30 "Covariance may not be accurate."
2005el 236 0.0035083647270246466 642.7555840813513 4.3298697960381105e-14 1.2382863477471115 0.3081803621983271 0.04915429558310541 27.876068495212394 0.9223870800493918 0.4011884966076091 0.6501816011267082 512253.64735159674 96.0 -14.99018219886821 1.4639424242849177 639.89 730.75 16 220 "Covariance may not be accurate."
2005eq 211 0.003515713006489799 660.4252504969716 1.3489209749195652e-14 0.8878510360085068 0.5580189962648203 2.4292590880465627e-06 0.035903611479568553 0.0 0.0008480534783258942 0.0007255338970780789 487392.50001887005 109.0 -13.23971459966171 1.8115651662358943 647.8 751.66 36 175 "Covariance may not be accurate."
2005gj 227 0.08399362339652726 712.2571128460108 1.0907941216942163e-14 0.6550490522500008 0.386545506087915 1.2291953982446202e-09 3.155052974079808e-05 0.0 9.409066653587317e-08 0.002584617213598178 310210.7899849849 108.0 -20.373993926904518 2.2480801839895186 698.7 1016.76 42 185 "Covariance may not be accurate."
2005hc 163 0.003500000228882726 678.0002943402208 5.245803791353865e-15 0.6500000000000069 0.10708664087582853 2.0131771683723487e-12 7.74550574078603e-06 0.0 3.302913498259841e-14 0.15666163598045518 530584.967837482 85.0 -13.094821406506714 2.2606575050064066 661.67 755.61 74 89 "Covariance may not be accurate."
2005hj 102 0.0035000148036268145 680.4992559833199 6.744604874597826e-15 0.6500011141662754 0.6186901170781667 5.902725183637436e-11 3.442625273919475e-05 0.0 1.3988575298107264e-09 0.0032974112441183645 172257.87881593074 59.0 -12.367688844925269 2.2606687162098176 671.67 761.57 32 70 "Covariance may not be accurate."
2005hk 245 0.08311839578976774 663.9182918592635 5.487277299209836e-14 0.660002098904169 0.06703547673122162 0.05364240647517766 20.615871276562928 0.9361856759684037 0.40517700948972757 0.505702463654888 1214926.707110371 98.0 -22.721623361420033 2.2358908580140415 675.61 761.54 0 245 "Covariance may not be accurate."
2005iq 154 0.0725497733052823 687.5975514047221 8.576472865229334e-15 1.2299399926143835 0.9673673461290163 9.77384436167475e-05 0.14394071899516803 0.0 0.0002567969430843364 0.00047078246316795136 529363.6175588414 115.0 -18.627646259051595 1.4694179931844538 682.55 755.55 36 118 "Covariance may not be accurate."
2005ir 65 0.08361129848874341 688.6499499593008 5.9119376061289586e-15 0.6500000000364315 0.9990813459647891 8.761165853216069e-08 8.839190246590078e-05 0.0 6.856987200265507e-11 0.0003878624514679352 102543.94651581359 60.0 -18.473170080325993 2.2606678216613005 682.62 740.53 23 42 "Covariance may not be accurate."
2005kc 125 0.082193540149984 705.9383043337803 1.50712775592865e-14 0.6701651278635439 5.4434002302705675e-05 9.07380513781586e-09 1.1355571871263237e-05 4.163336342344337e-17 8.230501635786425e-08 2.874729131371878e-05 611115.3263284792 78.0 -21.403896097594647 2.2113764944647443 687.52 728.54 83 42 "Covariance may not be accurate."
2005ke 367 0.08386685496507032 699.4096685103278 1.0441647546599597e-13 0.6585450628968523 0.24350685225997926 0.05091964956250987 29.29132920887338 0.9236755568094575 0.33750265171074706 0.6216243532209054 439925.1431603726 164.0 -23.07868898247115 2.2394645802520685 689.69 819.51 60 307 "Covariance may not be accurate."
2005ki 310 0.0035034319780745966 699.0313358070873 3.863576125695545e-14 0.6500000449120251 0.43952948989594076 0.049345931928683195 27.977299660943288 0.9236351903257328 0.3693848653489215 0.694924614348297 562444.7769343039 100.0 -14.610065827871427 2.2606688407031683 695.86 861.5 11 299 "Covariance may not be accurate."
2005ku 37 0.07896927585049832 684.6073945124537 2.298161660974074e-14 0.6500000010274609 0.49991051057759567 4.638400923795416e-06 0.018171544656070182 4.163336342344337e-17 2.066099291653245e-09 2.6072483984562744e-06 43423.545664231286 30.0 -20.792343726810174 2.260671074155013 699.56 739.53 0 37 "Covariance may not be accurate."
2005lu 88 0.0035000007083219333 707.7983722271376 1.5487611193520934e-14 0.6500274788413093 0.0006586975483073854 2.2050977580359565e-11 3.139035533195056e-05 0.0 1.1860288751108783e-08 0.0020538011221943042 31583.87066495668 45.0 -14.452512600004997 2.2605850833327104 719.66 799.52 0 88 "Covariance may not be accurate."
2005mc 83 0.07743898678096071 722.486811854258 2.3564483697668948e-14 0.7844972925287085 0.5179189411396429 0.04177311766287506 22.235275061677328 0.9223996092955005 0.4433161743115499 0.7143570870754242 133911.9596907024 78.0 -20.745899139180725 1.9727033631031858 736.79 773.62 0 83 "Covariance may not be accurate."
2005na 170 0.0035000023966083407 726.2965553529651 5.5788706987414116e-14 0.6505408416349691 0.4888586651049342 7.165758524746435e-11 0.017585965404805393 0.0 9.771482206710758e-08 2.47377879572519e-06 436486.7592828994 94.0 -14.894005115185188 2.2593135528977903 738.71 834.54 0 170 "Covariance may not be accurate."
2006D 298 0.003500325951764802 755.9098883772676 1.5420997812043424e-13 0.8508353751924068 0.9327272963398836 6.279479729640221e-07 0.014936250682694663 4.163336342344337e-17 0.0010963727075532503 0.0010603677855139937 1179809.858791397 142.0 -15.147457085118122 1.8651888240710885 751.84 891.61 12 286 "Covariance may not be accurate."
2006X 312 0.0839999986204697 782.7383505948968 2.304822999121825e-13 0.6970073927313294 0.5000023693073377 7.922958122907886e-11 0.006409337152092576 4.163336342344337e-17 1.24246144755924e-06 1.378344913760543e-07 872027.6156573568 152.0 -23.436998193405643 2.1491992062015957 775.68 906.46 26 286 "Covariance may not be accurate."
2006ax 236 0.0035003557390009374 836.9018917046071 2.5396351688300456e-14 0.9124401471845283 0.4404648955957843 0.049572563961848656 21.16068772058253 0.9223871265111296 0.43386075430485377 0.6951872767987193 876896.2392036553 112.0 -14.150579150770625 1.7778067181021129 815.64 891.5 101 135 "Covariance may not be accurate."
2006bd 52 0.003945402771726601 809.8744221420773 5.745404152435185e-15 1.2496268905130083 0.407021866830869 0.04688671398931814 20.877565160113647 0.9543967641624345 0.3883178640711778 0.6934080085825662 6401.992677357138 23.0 -12.868052367379967 1.456624059319342 822.75 872.57 0 52 "Covariance may not be accurate."
2006bh 175 0.0035000117035803927 820.7512623980481 1.6286971771251046e-13 0.7978839698875138 0.007153901930641249 0.049488547226749696 22.688733353553516 0.9223867429006628 0.44375527076668925 0.5778217103292336 532225.6372488523 91.0 -16.99687473687222 1.9494318613421466 829.91 891.79 0 175 "Covariance may not be accurate."
2006br 64 0.08399071854752513 844.8515445685518 1.1657341758564144e-14 0.6523803125847677 0.500042958902568 0.013531134675362828 0.2024309858372817 1.6653345369377348e-16 0.0013543219602930034 0.02203295470445743 18207.79142631451 45.0 -20.19658372985443 2.2547143087006347 855.66 891.66 0 64 "Covariance may not be accurate. Covariance not positive definite. Covariance forced positive definite."
2006bt 88 0.004930668570015127 838.7722046182608 1.7985612998927536e-14 1.2481592911963448 9.993028959875971e-08 8.753685445343079e-09 5.749679985456169e-07 0.0 2.731186965476695e-08 6.902064986982759e-05 144056.29546912835 46.0 -15.362521800163751 1.4575534454194603 853.76 891.71 0 88 "Covariance may not be accurate."
2006dd 217 0.06212507150457443 913.3991988588111 1.2921330672099884e-12 0.6500227202564244 0.5001822736004 0.0022201741483954887 0.006464385639333159 2.423061751244404e-14 2.4397090808536692e-05 0.00043832460302800635 12.396811640503989 -4.0 -24.61975160683391 2.260614027157594 906.94 1147.57 1 216 "Covariance may not be accurate."
2006ef 56 0.06531296433051738 996.012443180158 8.326672684688674e-15 0.6500000680156137 0.13636754763001468 5.959884750994515e-08 2.9055944878564333e-05 0.0 3.543390025839699e-10 0.0014268285580930073 434988.2924472977 51.0 -19.99539341916561 2.2606585062525824 979.9 1040.71 17 39 "Covariance may not be accurate."
2006ej 64 0.003959496314304363 972.6748652970944 2.0899948438568572e-14 1.1221781740927876 0.16903493841492556 7.56547340728306e-05 0.019607534420458705 4.163336342344337e-17 0.0002069217698639214 0.0003292984669054366 71872.77424588142 40.0 -14.742169012913177 1.5519377208565395 979.74 1046.74 0 64 "Covariance may not be accurate."
2006eq 98 0.08399998751159779 989.6482999896991 4.996003610813204e-16 1.2170560064064708 0.5004652665769154 2.0741354050946015e-09 0.20376381764282314 0.0 7.972174179138314e-06 3.183126980754736e-05 64184.87161311362 79.0 -16.776236958267766 1.478060264099959 980.56 1029.51 32 66 "Covariance may not be accurate."
2006et 236 0.003500000000025011 969.2986079104704 1.0583200982239305e-13 0.6539615364957277 0.22448665616162267 0.04962136857006662 27.648087881680567 0.9246212528304945 0.34838938407980374 0.6122228524142953 410927.35339234036 68.0 -16.11235331212687 2.2507718216711066 982.63 1099.54 0 236 "Covariance may not be accurate."
2006ev 116 0.004621453617619994 991.7748032807888 4.746203430272544e-15 0.8466974684242172 0.3552532608613391 0.0006011745900062885 0.011898717826909433 0.0 0.00021625392008634003 0.0005231487732488271 117271.47622369567 52.0 -13.105959980585947 1.8714083677272129 993.59 1039.52 0 116 "Covariance may not be accurate."
2006fw 31 0.08399999501802655 1010.5741025662172 1.6653345369377348e-16 0.6654282854739053 0.1269096676551058 0.050491774112266734 29.520189990695485 0.9406780433526494 0.33099665544801454 0.5542965110963443 69610.36798233638 26.0 -16.341396874484634 2.2227298451536903 1001.75 1039.73 12 19 "Covariance may not be accurate."
2006gj 122 0.08399998225125842 1017.1525990640382 2.581268532253489e-15 1.220964230885157 0.17238592460196506 0.049986369021138066 29.619499575257578 0.9317248669735203 0.3104854333280342 0.7342202846660216 176549.61749696065 93.0 -19.225693765886927 1.475403454306548 998.83 1096.59 48 74 "Covariance may not be accurate."
2006gt 93 0.08399979445169331 1004.5231368718597 1.1657341758564144e-15 1.2310307634752133 0.48588123343713463 1.527198896580928e-07 2.580913975501801 0.0 0.00047095616742809376 1.4677743866736703e-05 102844.14386609427 69.0 -17.731248988977732 1.46870024706271 1001.67 1076.62 16 77 "Covariance may not be accurate."
