analysis_pipeline/fit_results/csp_4_sn91bg_salt2_phase_all.ecsv
# %ECSV 0.9
# ---
# datatype:
# - {name: obj_id, datatype: string}
# - {name: num_points, datatype: int64}
# - {name: z, datatype: float64}
# - {name: t0, datatype: float64}
# - {name: x0, datatype: float64}
# - {name: x1, datatype: float64}
# - {name: c, datatype: float64}
# - {name: z_err, datatype: float64}
# - {name: t0_err, datatype: float64}
# - {name: x0_err, datatype: float64}
# - {name: x1_err, datatype: float64}
# - {name: c_err, datatype: float64}
# - {name: chi, datatype: float64}
# - {name: dof, datatype: float64}
# - {name: b_max, datatype: float64}
# - {name: delta_15, datatype: float64}
# - {name: tmin, datatype: float64}
# - {name: tmax, datatype: float64}
# - {name: pre_max, datatype: int64}
# - {name: post_max, datatype: int64}
# - {name: message, datatype: string}
# schema: astropy-2.0
obj_id num_points z t0 x0 x1 c z_err t0_err x0_err x1_err c_err chi dof b_max delta_15 tmin tmax pre_max post_max message
[from data line 53]
2006mr 221 0.043750000000000004 1053.2244810686066 3.697042672001771e-14 1.2046949550424204 0.0015947225082028615 0.0 28.89917678320819 0.9223868564026698 0.4252390101164771 0.597769838223806 73423.60792153142 132.0 -20.94657659353274 1.4866084510343658 1045.86 1147.57 33 188 "Covariance may not be accurate."
2006ob 63 0.043750000000000004 1061.652613058627 1.3322676295501878e-15 1.024001329346689 0.22998479532208965 0.0 0.002330257298581273 0.0 0.0006650563728096692 0.0009410427498207086 39193.464636083394 53.0 -16.900236692609198 1.6460648782961371 1060.65 1121.57 6 57 "Covariance may not be accurate."
2006os 106 0.043750000000000004 1069.4581670026341 4.829470157119431e-15 1.2442779768185515 0.4898640308032124 0.0 0.0003076704455224899 0.0 0.36874193003187133 5.0188788018462605e-05 35448.016576131646 82.0 -17.78582694461305 1.4600639435109173 1063.65 1133.56 21 85 "Covariance may not be accurate."
2006ot 118 0.043750000000000004 1048.7796859267482 1.0658141036401503e-14 1.003251510865323 0.13343925394744527 0.0 23.933662291299015 0.9223869308267902 0.4119765198422584 0.7273244307183664 81613.54008407908 76.0 -19.36507477681271 1.668090358796178 1063.72 1131.63 0 118 "Covariance may not be accurate."
2006py 35 0.043750000000000004 1054.55338271235 1.1407541578023483e-14 0.8687536570271588 0.34295481790175886 0.0 23.04515293972588 0.9223868963792 0.44017823268099526 0.6636251018617585 45896.16625278445 31.0 -19.026103906646647 1.838803206226732 1069.54 1091.54 0 35 "Covariance may not be accurate."
2007A 76 0.043750000000000004 1092.5323692868217 5.787037515858628e-14 1.0182232566359777 0.001533844682341523 0.0 1.4802660643908894e-06 4.163336342344337e-17 1.4011861028118133e-06 0.00044218840126944436 235365.95097720117 59.0 -21.433176405613885 1.6521018508808627 1107.53 1133.53 0 76 "Covariance may not be accurate."
2007N 165 0.043750000000000004 1126.5008866761184 3.58046925441613e-15 1.081440299189294 0.35241019258925355 0.0 0.02015554341380721 4.163336342344337e-17 1.551815003619783e-05 2.5238236633168265e-05 123948.46070485406 96.0 -17.750623766311037 1.5891317434992764 1123.82 1213.67 17 148 "Covariance may not be accurate."
2007S 192 0.043750000000000004 1140.4085222259323 3.0225821845419887e-14 1.2499965865680516 0.06643508729817998 0.0 28.94762963240919 0.9223868750243445 0.36955611076056555 0.5051259161474492 203421.0029492294 97.0 -20.620374538101736 1.4563775370646752 1132.77 1246.54 30 162 "Covariance may not be accurate."
2007af 307 0.043750000000000004 1173.6151938855521 2.657873920952625e-13 0.899668980606859 0.12831271799033084 0.0 0.00031449408243133803 1.249000902703301e-16 4.915897209079034e-06 0.0011563338573704063 670646.3635700154 161.0 -22.867172633117058 1.7951330652801971 1162.76 1257.72 77 230 "Covariance may not be accurate."
2007ai 111 0.043750000000000004 1152.8989204691609 2.1649348980190553e-14 0.7207202258469724 1.2470956822774326e-07 0.0 28.415254807940414 1.0498786316507993 0.3030995583411315 0.6150731848720529 45264.268406763185 65.0 -20.36806212407841 2.0970467555194503 1167.88 1259.7 0 111 "Covariance may not be accurate."
2007al 120 0.043750000000000004 1157.2388205798404 1.9484414082171497e-14 1.2482659987365936 0.5093847244244037 0.0 0.0015552184224816301 0.0 0.4370581296431765 9.176638936192472e-05 50777.5319134326 59.0 -19.26064972239593 1.4574988506448143 1170.77 1246.58 0 120 "Covariance may not be accurate. Covariance not positive definite. Covariance forced positive definite."
2007as 153 0.043750000000000004 1160.5921460757754 5.5039306445792135e-14 0.9993883136351907 3.397249198544561e-05 0.0 1.5697125945735024e-05 4.163336342344337e-17 1.579831934761522e-05 2.0753212422175427e-05 374844.7617754156 53.0 -21.381082892988132 1.6722912008473063 1175.59 1259.49 0 153 "Covariance may not be accurate."
2007ax 97 0.043750000000000004 1171.4519613887269 5.762057497804562e-14 1.2245400182220756 0.4997888542112692 0.0 0.058960515510193545 0.0 2.9138490884816903e-05 9.685371367268436e-05 143283.95193837723 47.0 -20.45327976472615 1.4730110978969897 1184.55 1248.47 0 97 "Covariance may not be accurate."
2007ba 124 0.043750000000000004 1176.1350694210416 2.3148150063434514e-14 0.817519836292437 0.4444833420255635 0.0 23.06274963255271 0.9223868810596818 0.44369719194012586 0.6963066732884499 164369.45673324118 75.0 -19.591797143474157 1.9168956294991446 1190.83 1255.61 0 124 "Covariance may not be accurate."
2007bc 111 0.043750000000000004 1184.056006574045 6.52811138479592e-14 0.6796851003560817 0.009877485331777403 0.0 0.00010201018687894248 0.0 0.0010547469478048854 0.0004720087420665431 314348.3848098354 71.0 -21.550748459074512 2.1889313994789212 1196.65 1259.53 0 111 "Covariance may not be accurate."
2007bd 110 0.043750000000000004 1201.7695856656912 9.742207041085749e-15 0.6500249202969053 0.49606431703091536 0.0 0.019488131452931157 0.0 1.1639312691436032e-07 1.391795946181773e-05 327868.94962696236 82.0 -18.532633234508065 2.2606083461381203 1197.53 1259.46 24 86 "Covariance may not be accurate."
2007bm 85 0.043750000000000004 1211.79075603115 4.572175971162551e-13 0.8140991758852685 0.3559603346114665 0.0 24.61036536427457 0.922386602424057 0.44376392291592986 0.668342267723744 728330.7138356038 51.0 -23.009491667373602 1.9224381378087099 1217.57 1278.52 0 85 "Covariance may not be accurate."
2007ca 117 0.043750000000000004 1222.1742028424555 1.715294573045867e-14 0.9290694663181751 0.18387783421993098 0.0 28.31104786196363 0.9228776907009292 0.42110228789820603 0.5902816859890031 717862.2460030573 80.0 -19.778449742025447 1.7559097169647835 1217.65 1275.65 12 105 "Covariance may not be accurate."
2007cg 45 0.043750000000000004 1237.3373869579534 2.3314683517128287e-15 1.2083208342879068 0.2624255953816171 0.0 27.761653796766836 0.0 4.072961323731139e-05 0.00012882768159291902 13129.391702576282 41.0 -17.439715937471608 1.4840742208477486 1235.63 1259.59 6 39 "Covariance may not be accurate."
2007hj 266 0.043750000000000004 1351.7634397789348 1.3739009929736312e-14 1.2480475001182145 0.31988743935114305 0.0 27.913773454757006 0.9223868904333008 0.3828831551962583 0.7376436671449264 613627.8659125565 158.0 -19.2692173527364 1.4576350389553596 1348.76 1440.53 22 244 "Covariance may not be accurate."
2007hx 65 0.043750000000000004 1367.2247607415181 4.163336342344337e-16 1.1831559657169712 0.4729092860987666 0.0 29.828991738324476 0.9346225315035523 0.3258362230718364 0.7084023074950666 55595.0675352133 61.0 -15.164882975575665 1.5023008149668051 1354.78 1411.73 31 34 "Covariance may not be accurate."
2007if 114 0.043750000000000004 1347.3504475224975 8.826273045769994e-15 0.6500187105481954 1.5110246387450843e-11 0.0 2.5640714966357336e-05 0.0 5.811320091808625e-09 8.519422907637964e-06 78760.31568602815 62.0 -19.39389141493032 2.2606070825695745 1355.77 1443.6 0 114 "Covariance may not be accurate."
2007jd 70 0.043750000000000004 1369.872841104625 8.326672684688674e-17 0.6500000157731585 0.06259239438935837 0.0 29.508009774846755 0.9601911474457847 0.3840327641900593 0.5013763229682795 79599.93826422126 63.0 -14.227277935003922 2.260655894035832 1362.83 1409.83 34 36 "Covariance may not be accurate."
2007jg 113 0.043750000000000004 1371.0425044598246 5.662137425588298e-15 0.6500002241166264 0.009280356343656149 0.0 28.963940445623848 0.9269785830794248 0.3709470990925912 0.5724486481728148 286211.4860803534 95.0 -18.897183275992667 2.260653758854417 1363.82 1425.78 30 83 "Covariance may not be accurate."
2007jh 45 0.043750000000000004 1369.9927812811459 6.2450045135165055e-15 0.6500249650117039 0.5000995690486684 0.0 0.14045698507516136 0.0 0.00012261328373608382 0.0011460161276618808 49782.292282150156 40.0 -18.039982110372918 2.260608390223627 1363.86 1413.8 14 31 "Covariance may not be accurate. Covariance not positive definite. Covariance forced positive definite."
2007le 242 0.043750000000000004 1380.4503918634734 5.458966612081895e-13 0.6561530115965253 0.160091704423513 0.0 23.335708747399963 0.9223865861675333 0.34210815190690635 0.5761523797116328 1407516.4305360755 98.0 -23.58529892935437 2.245344138439199 1388.57 1470.55 0 242 "Covariance may not be accurate."
2007mm 39 0.043750000000000004 1370.723825131865 3.164135620181696e-15 0.9906564611184902 0.5001327253719625 0.0 0.0005380170297257791 4.163336342344337e-17 0.004675503190471664 0.007641892274540346 19119.906335032094 35.0 -17.301741654865758 1.6819385389006918 1385.72 1418.69 0 39 "Covariance may not be accurate. Covariance not positive definite. Covariance forced positive definite."
2007nq 174 0.043750000000000004 1387.3611123607598 9.159339953157541e-15 1.182128280587189 0.3942300808582776 0.0 21.9101814836323 0.9224466945196007 0.3266035034774381 0.6813125635705707 148775.5476786606 94.0 -18.690180302608773 1.5030714742836935 1397.65 1476.56 0 174 "Covariance may not be accurate."
2007ol 31 0.043750000000000004 1422.3040295107885 2.9976021664879227e-15 1.2237516041936574 0.46690950761277905 0.0 15.739409707024265 0.9297188363975537 0.4179811507116123 0.7050301390443542 31180.14925393408 27.0 -17.32209115253449 1.4735378390023648 1409.79 1422.66 27 4 "Covariance may not be accurate."
2007on 308 0.043750000000000004 1426.350201293312 3.115008251342033e-13 0.878148268402454 0.4895124129811053 0.0 29.61508721023972 0.9239151298716568 0.406031999027707 0.7085403220305351 737569.7266008619 166.0 -22.310573031874178 1.8252997767145551 1410.73 1508.61 67 241 "Covariance may not be accurate."
2007so 66 0.043750000000000004 1452.4732908645337 2.914335439641036e-15 1.0903720189435222 0.23737018928850478 0.0 28.817974915941363 1.1306088097730305 0.37928667880960193 0.5794327506783932 31931.091114566207 52.0 -17.73250996080679 1.5807325546716449 1449.68 1494.53 6 60 "Covariance may not be accurate."
2007sr 259 0.043750000000000004 1444.0386136745192 7.223388553967425e-13 0.650000002039244 0.014000720873973915 0.0 1.7151498809653276e-05 8.326672684688674e-17 4.8864634560885634e-11 0.00045582572926416987 1198026.853895822 101.0 -24.154022444020825 2.2606544489873865 1454.84 1955.57 0 259 "Covariance may not be accurate."
2007st 118 0.043750000000000004 1443.6631783572648 2.2315482794965646e-14 1.2423883466087866 6.328271240363392e-15 0.0 1.5227726635202998e-06 0.0 2.864565614713044e-07 5.115324376497865e-06 167437.4813552794 84.0 -20.400970856599496 1.4612709500041348 1458.66 1513.52 0 118 "Covariance may not be accurate."
2007ux 151 0.043750000000000004 1472.6531200534837 5.828670879282072e-15 0.6500000000052064 0.05591994767570191 0.0 2.7959923954767874e-05 0.0 2.5809909764973327e-12 0.03638537074706777 141965.32851978517 108.0 -18.851520477558612 2.26065571702183 1466.82 1558.61 39 112 "Covariance may not be accurate."
2008C 121 0.043750000000000004 1455.0403397735663 5.936917624183025e-14 1.1339223266859864 0.7966265511709357 0.0 0.02491829924031208 4.163336342344337e-17 5.595360214560863e-05 0.0001272647402921212 197133.91280202867 59.0 -19.9200927571324 1.54179556845909 1469.81 1552.5 0 121 "Covariance may not be accurate."
2008J 81 0.043750000000000004 1469.5470286881682 1.997568777056813e-13 0.7099788464452845 0.5000716983258926 0.0 0.0009651282100548997 2.0816681711721685e-16 0.0004024420464272538 0.0001742127852369102 142444.6088797303 63.0 -21.802450395106042 2.1203210223231963 1484.54 1516.52 0 81 "Minimization exited successfully."
2008O 103 0.043750000000000004 1503.757889995164 2.914335439641036e-15 0.9636802991449286 0.3191444650328463 0.0 29.58404481036405 0.9223869788378458 0.42294501882659574 0.6545557638616784 151454.73531702723 83.0 -17.586977647162822 1.7129616206810425 1489.71 1571.48 51 52 "Covariance may not be accurate."
2008R 107 0.043750000000000004 1484.7760803849324 9.034439862887211e-14 0.6647447901517227 0.5390465131143511 0.0 22.884629265265175 0.9285641021492033 0.32835013709921745 0.7216019804115767 680703.7140088738 80.0 -20.877750389149206 2.2243904791004603 1493.63 1532.52 0 107 "Covariance may not be accurate."
2008ae 101 0.043750000000000004 1493.7419710869929 2.2065682614424986e-14 0.6837595921685614 0.5001146829371663 0.0 0.0008320702459059248 1.6653345369377348e-16 0.004420631205593384 0.012257105448029798 28759.42012361308 42.0 -19.410420989831415 2.1794775435346345 1508.74 1602.52 0 101 "Covariance may not be accurate. Covariance not positive definite. Covariance forced positive definite."
2008ar 132 0.043750000000000004 1527.3605509899573 2.881028748902281e-14 0.7350131665772861 0.5141682783927894 0.0 25.740289095451317 4.163336342344337e-17 4.715957731848963e-05 8.04640992991823e-05 757638.2887549945 91.0 -19.677630462747466 2.067121186168521 1527.79 1627.59 0 132 "Covariance may not be accurate. Covariance not positive definite. Covariance forced positive definite."
2008bc 205 0.043750000000000004 1526.7437137599356 5.445643935786393e-14 1.2469267066056688 0.10389584705004312 0.0 23.8582530985517 0.9223869471166504 0.3862690980521552 0.5373328701436242 1134103.1219758666 105.0 -21.192213880684477 1.4583477496302564 1541.67 1646.46 0 205 "Covariance may not be accurate."
2008bd 66 0.043750000000000004 1526.7034894058136 4.08006961549745e-15 0.9795585073662152 3.0180335175433726e-08 0.0 24.795408968617608 0.9239453260720993 0.4191473012398242 0.6149977192340259 1069.5569454942618 53.0 -18.55612276193447 1.6944449757416145 1541.7 1607.65 0 66 "Covariance may not be accurate."
2008bf 184 0.043750000000000004 1554.3893013013662 2.423061751244404e-14 1.1920493608287912 0.5174829117505522 0.0 0.00017062954668745078 0.0 1.6849957976683427e-06 4.191688722454678e-06 772588.9362027291 139.0 -19.48433374136511 1.4957091659628858 1546.79 1646.49 39 145 "Covariance may not be accurate."
2008bi 83 0.043750000000000004 1545.2639778320754 1.8485213360008856e-14 0.7698548045936366 0.5074784791977989 0.0 0.0007782562605598287 4.163336342344337e-17 0.00257521234580399 5.477257184299811e-05 27096.91142023172 67.0 -19.206528256955 1.9992025316226396 1551.52 1628.47 0 83 "Covariance may not be accurate."
2008bq 114 0.043750000000000004 1548.9762327983171 1.3405943022348765e-14 1.2191427150919227 0.014615490548343713 0.0 21.07220186977736 0.9223869264546876 0.41761918871921866 0.6620568758293687 383380.65544795385 96.0 -19.82443169416074 1.4766295371137197 1562.49 1606.46 0 114 "Covariance may not be accurate."
2008bt 84 0.043750000000000004 1577.1025420681956 1.1823875212257917e-14 0.650000000103375 0.0020994972716290583 0.0 3.3665421028672426e-05 0.0 1.328387400079123e-11 0.0029602053613673462 136108.09538303304 64.0 -19.70803587673794 2.2606541233723227 1571.61 1651.47 18 66 "Covariance may not be accurate."
2008bz 70 0.043750000000000004 1565.739138158412 1.0325074129013956e-14 0.872524355544506 0.2722377749298215 0.0 24.224557244854054 0.922386898530285 0.4397467351889629 0.6349234053004665 152392.23499316224 43.0 -19.039519613850715 1.833355688302209 1580.72 1651.52 0 70 "Covariance may not be accurate."
2008cc 167 0.043750000000000004 1567.8600003502524 8.518186156436514e-14 1.1965614737615917 0.14350334357170275 0.0 24.598563627629005 0.9223868004566798 0.31523254037177934 0.5655633233467933 458922.6405571678 73.0 -21.60190421221718 1.4924182993083868 1582.86 1654.86 0 167 "Covariance may not be accurate."
2008cd 23 0.043750000000000004 1584.142422345085 9.325873406851315e-15 0.9265629690769781 0.4563658729084705 0.0 16.309926078557965 0.9223869011981336 0.431769074924298 0.6995361139295406 2969.4549948095573 19.0 -18.57834291474359 1.7591653941857466 1587.74 1595.73 0 23 "Covariance may not be accurate."
