analysis_pipeline/fit_results/csp_5_salt2_2.4_blue.ecsv
# %ECSV 0.9
# ---
# datatype:
# - {name: obj_id, datatype: string}
# - {name: num_points, datatype: int64}
# - {name: z, datatype: float64}
# - {name: t0, datatype: float64}
# - {name: x0, datatype: float64}
# - {name: x1, datatype: float64}
# - {name: c, datatype: float64}
# - {name: z_err, datatype: float64}
# - {name: t0_err, datatype: float64}
# - {name: x0_err, datatype: float64}
# - {name: x1_err, datatype: float64}
# - {name: c_err, datatype: float64}
# - {name: chi, datatype: float64}
# - {name: dof, datatype: float64}
# - {name: b_max, datatype: float64}
# - {name: delta_15, datatype: float64}
# - {name: tmin, datatype: float64}
# - {name: tmax, datatype: float64}
# - {name: pre_max, datatype: int64}
# - {name: post_max, datatype: int64}
# - {name: message, datatype: string}
# schema: astropy-2.0
obj_id num_points z t0 x0 x1 c z_err t0_err x0_err x1_err c_err chi dof b_max delta_15 tmin tmax pre_max post_max message
2004dt 181 0.0035281557157597794 239.99999987311142 0.01597222400971471 -1.496944087752563 -0.031636698427860765 0.0002781185645774986 0.003084950612063153 4.115047860876915e-05 0.01116773689246564 0.0018544473048391907 11625.050773514226 125.0 -15.929112321592314 1.3722203670799011 249.79 365.62 0 181 "Minimization exited successfully."
2004ef 167 0.05554209986398286 264.9568147211189 0.0025458749115251783 -1.3012226167412644 0.1787034801664249 0.0006095205335989937 0.009924770441074315 2.5435462622763316e-06 0.008453447708402395 0.001725421445099129 8137.959868729843 157.0 -20.0074781847498 1.307745085809433 255.69 329.57 39 128 "Minimization exited successfully."
2004eo 147 0.014550569934957354 278.8028372986683 0.010620210403863932 -1.1321809589251592 0.11858094780430695 2.1274517160354417e-07 5.549868660637003e-06 9.892497143883412e-06 0.004411147123118964 0.0015923517056952718 17488.88472475297 139.0 -18.582187525765757 1.2750106676817374 266.52 341.54 45 102 "Minimization exited successfully."
2004ey 111 0.03402781023437 305.31242103083736 0.01322337693483483 0.3880065708589351 0.06128216477585058 0.000803219612721947 0.015740494131847527 1.440286728653789e-05 0.012687962331579428 0.0013860842556823183 8311.012241109605 106.0 -20.6973644412289 0.9793437532384459 295.53 352.55 31 80 "Minimization exited successfully."
2004gc 80 0.03209889506492131 330.0952663032444 0.0013494899867479233 -1.5863926443607874 0.4921062865165424 2.9776445607809787e-08 7.359504451187604e-06 3.823758105575624e-06 0.017088418160740027 0.004706851794613165 4229.154058044282 64.0 -18.10123682833038 1.343795998829325 329.83 397.66 3 77 "Covariance may not be accurate."
2004gs 164 0.06917940998519381 358.2325271534477 0.0020856631919505294 -1.9751057692623384 0.20340938995367908 3.048640363714772e-05 0.0011732189899760215 3.675790785449785e-06 0.014081903679284524 0.003307319939613862 7893.76931590223 115.0 -20.28924452317765 1.468886879529883 352.85 461.56 16 148 "Covariance may not be accurate."
2004gu 88 0.03857197377669329 363.0431276744418 0.001661587360819289 1.301763899381637 0.17453655022548276 0.001426346295118154 0.07072818374436451 5.622949667852327e-06 0.05205449787925387 0.004626834496372467 1110.7996254889292 83.0 -18.727155464351597 0.8197885712260664 357.86 410.84 8 80 "Minimization exited successfully."
2005A 73 0.005506783847448687 380.50442207102606 0.0008197563059565206 -0.599805224106527 0.9999999999975813 0.0010965624614794976 0.048630231198643514 2.8731376773116876e-06 0.04135989689958208 7.911602638022153e-05 1151.4645209635335 67.0 -13.729336666069216 1.0983361109413856 376.65 432.52 6 67 "Minimization exited successfully."
2005M 209 0.052131913221199574 407.96353388745234 0.006369421263038539 1.4847562564810657 0.01707665845025974 7.383374502414886e-08 2.3896651555332937e-06 8.457950969007009e-06 0.01637100038524153 0.0016880808595587382 9874.475015850483 177.0 -20.860457478364705 0.7948455236801912 396.77 480.51 42 167 "Minimization exited successfully."
2005W 77 0.0035000005223950704 412.9023307565223 0.027538765586911852 -0.03071685464695495 0.25675852007728883 3.3123753547708744e-05 0.021846798192001415 5.262256699779637e-05 0.03211991889294463 0.0026512276208503494 3212.643801690142 72.0 -16.507465224945317 1.044786028273693 404.54 429.51 27 50 "Minimization exited successfully."
2005ag 163 0.0839998779648607 415.38311207265883 0.0006212852388581353 0.298183401863545 0.04641499666430482 0.000803116797454359 0.07532183016041927 1.5609256346457603e-06 0.03923955846772298 0.0028484791539866716 1260.0666813125135 133.0 -19.417559776348824 0.9960955539129515 412.82 480.84 12 151 "Minimization exited successfully."
2005al 140 0.010325050954238484 431.5767632470708 0.015451363378380779 -1.3775646375507264 0.00508375408137951 0.0007019542753327179 0.02532964889229561 2.2786396684753955e-05 0.01628948698073618 0.0016420466707934844 6775.396011435982 119.0 -18.23633931287209 1.3404861632261404 429.76 512.79 8 132 "Minimization exited successfully."
2005am 137 0.012944621101726369 438.8530144509892 0.04720475621445371 -2.185364649552106 0.04834279768582239 1.170001955007327e-07 5.7858793525156216e-06 5.790050975653521e-05 0.0056565260736618495 0.001364217856335892 29238.79511588399 124.0 -19.9440789179068 1.5431203469161758 432.58 512.46 9 128 "Minimization exited successfully."
2005be 45 0.005489666085403766 459.9382598175674 0.003007887452013247 -2.111879891637173 -0.02673295509981166 0.0010981172700665143 0.07990105994795726 2.9304247514393275e-05 0.025545969002590097 0.006400233023328927 1811.2957981303266 40.0 -15.079395625752348 1.531055599542558 467.89 491.77 0 45 "Minimization exited successfully."
2005bg 64 0.0035000000000908254 470.3470766668661 0.006912457848695009 0.2739541117409914 0.07129925672926296 3.843534750806255e-05 0.09899013497917508 2.5805712458852603e-05 0.04648330486691732 0.002562835388074891 3898.968633007198 59.0 -15.00360658776907 0.9992539090530954 471.65 512.61 0 64 "Minimization exited successfully."
2005bl 41 0.08399999978718767 482.77225232897047 0.0006358881205637657 -4.999999995142476 0.7547377940485025 0.00031850259411339565 0.02003272677740142 2.2970055950491722e-06 0.00198217295596681 0.00884036985993597 1606.0741997971331 36.0 -19.470782800533538 2.560155664158284 476.61 512.57 23 18 "Minimization exited successfully."
2005bo 36 0.0035000001482315096 478.9242546566024 0.008225613275208404 -1.2371417186075329 0.2644720879167093 4.5759812295729195e-05 0.10837072039799978 2.9652916198980202e-05 0.07784899480496832 0.003895567596894134 1029.8920503560344 31.0 -15.19508384670697 1.2859326403353801 478.75 512.76 4 32 "Minimization exited successfully."
2005el 93 0.07925647507268593 648.8018483837027 0.012962499791644284 -1.376687555534954 -0.030809110567419862 0.05638685734630658 29.247259018937598 0.03146268055138778 6.715713566849733 1.4169900568976812 23042.55691589365 75.0 -22.581570292932188 1.3433778932678493 639.89 730.75 9 84 "Covariance may not be accurate."
2005eq 99 0.028999938033733987 656.3003243636124 0.004012593243884733 0.9872415187535823 0.11900833901855834 2.0730531552493048e-07 2.9970124842293444e-05 8.760483225275784e-06 0.022201485305986424 0.0028266886447662065 3493.8085465120857 70.0 -19.048284637662018 0.8738019969658062 650.81 751.66 8 91 "Covariance may not be accurate."
2005gj 81 0.06160532485261019 712.4905276920898 0.0010082732899453968 4.999999999996048 0.7908637764190374 1.4087124512382476e-07 1.244060007365988e-05 3.418469211478848e-06 0.00028351125719172643 0.007634366852785401 39816.791239477454 58.0 -19.329980979589376 0.19678458254238151 698.7 795.54 16 65 "Covariance may not be accurate."
2005hc 79 0.04322937171526345 668.081833766534 0.001812525693622824 0.8118795536843031 0.07861443195419215 0.0012458951308346282 0.04183841325300364 3.2811310433755302e-06 0.03304928843263255 0.003361620612481908 1933.0240447075857 53.0 -19.074759584217624 0.9049570463803889 662.72 755.61 16 63 "Minimization exited successfully."
2005hj 50 0.0673619957200426 676.2639003172897 0.0012262228537345738 0.9049083159650495 0.05355151054050178 2.414821318936361e-05 0.02462802404897957 4.019700912923042e-06 0.05045768559885788 0.005796929477827839 1157.4697989979888 35.0 -19.651537438372603 0.8901487469406106 671.67 761.57 12 38 "Covariance may not be accurate."
2005hk 89 0.03473327773130304 684.8249114336406 0.007120932652529172 -1.0984359163352413 0.2800553548437632 1.6622747755698497e-07 8.871638783602975e-06 8.118094318736082e-06 0.012701493960296517 0.0012313402028318876 31043.323281732384 69.0 -20.07419975162181 1.2543772781292404 675.61 761.54 16 73 "Covariance may not be accurate."
2005iq 70 0.051154499801820345 688.4381907062468 0.003072553395028105 -0.9264652118461907 -0.052351705812314964 0.001008371158475234 0.02412781629698202 6.845971180881273e-06 0.026850600377351874 0.0033034006167362295 1725.7269626659327 60.0 -20.024523629339658 1.2430166984320472 682.55 755.55 16 54 "Minimization exited successfully."
2005ir 52 0.06561735580514522 685.9786966939638 0.0006601932300072722 0.5371918141625942 0.08151589804258852 0.0026315727540187697 0.10793883092736678 3.303481488459148e-06 0.09384313447953829 0.007063482285524669 462.8529703533341 47.0 -18.9195017926659 0.9521582994218214 682.62 728.63 15 37 "Minimization exited successfully."
2005kc 48 0.0035000029974398502 698.0449922422011 0.006444206859323737 -0.7157819039304183 0.345339652395666 0.00036287263291651974 0.015149972073004392 1.5970030145193333e-05 0.01903144516610622 0.0036371899158947896 2454.1319501607813 43.0 -14.932980534614297 1.1699650953613467 687.52 728.54 19 29 "Minimization exited successfully."
2005ke 145 0.004900770437966802 700.3749843644486 0.014392197692503286 -1.3255788950790204 0.6141730936288365 3.365540192359559e-07 2.6006593770944164e-05 2.941833788963795e-05 0.010756641842321502 0.002246966048000676 74255.2657347719 82.0 -16.55220632416563 1.2740915042829002 689.69 819.51 24 121 "Minimization exited successfully."
2005ki 163 0.014706280373202695 705.7849280555915 0.00934075751409071 -1.5570596154448921 -0.019741571123158552 0.0009662416266702613 0.018376504174625552 2.3185483056725048e-05 0.01564975719243078 0.003011355965529483 2910.184091284075 71.0 -18.465184086935125 1.3857766543727355 695.86 861.5 12 151 "Minimization exited successfully."
2005ku 20 0.05761484456108357 698.8599129105429 0.0013495610203757087 0.2713236328063715 0.17887072123215253 0.0037029695452808625 0.36715208976585245 1.579442965223693e-05 0.21101135563869855 0.015421509163631164 290.75072416999336 15.0 -19.402076875860594 0.9944265143747408 699.56 729.56 0 20 "Minimization exited successfully."
2005lu 49 0.06203930975330408 718.4386386092576 0.0014798008229761795 0.34622636376206994 0.39206258347686296 2.1467257576152088e-06 3.840366764507053e-05 6.767985470906889e-06 0.050833062954314556 0.008298952761932155 1194.4034902276028 36.0 -19.67627117778218 0.9705038491323492 720.63 799.52 0 49 "Covariance may not be accurate."
2005mc 52 0.010777414386352945 731.0986443232316 0.002369411145411582 -2.2404415079475632 0.2727095250943774 0.0021816187831760828 0.11424032784105975 2.9633270108453446e-05 0.044021326311952436 0.008402506237027652 982.5827920060731 47.0 -16.29809578796197 1.5320880843717966 736.79 773.62 0 52 "Minimization exited successfully."
2005na 91 0.004454889314640801 741.6389278007425 0.0056932247925690965 -0.9509621236184076 -0.0354095785111328 0.0020567618209574646 0.03488019004788612 1.988248019924293e-05 0.05141167721327866 0.003006933207753415 3971.072819652149 73.0 -15.317382574049017 1.2471193115058874 738.71 834.54 8 83 "Minimization exited successfully."
2006D 147 0.031720888714738535 758.2634373788268 0.030385679112360776 -1.1716314438630726 0.14216332239590734 0.05364576926102939 28.739885353732177 0.03653796757059816 6.778437165920529 1.4501955067768781 8391.876307963508 93.0 -21.444473048021397 1.281813735693067 751.84 891.61 8 139 "Covariance may not be accurate."
2006X 124 0.005209839627682182 788.439747713865 0.009529040690357963 0.28488362936947986 1.4989144534870942 0.04422501852228202 29.539118197779317 0.02970640244287147 7.165745064262717 2.929544601217766 37546.347636688995 84.0 -16.341110734604936 0.917304261024416 775.68 906.46 26 98 "Minimization exited successfully."
2006ax 90 0.012609499416258389 828.0202470418736 0.014269802326875297 -0.03337736044197026 0.0123142784511312 0.000727257860890544 0.014647910180144663 2.9623244888333893e-05 0.014427951857951982 0.0019199036176277273 4999.153895661483 79.0 -18.588566344119467 1.058745907178551 815.64 891.5 24 66 "Minimization exited successfully."
2006bd 21 0.0035000286263147796 813.5529723741432 0.0007626838392093022 -1.3705722621428427 0.5946007178297266 0.005370823148712795 0.29075806964954154 2.6083018389970415e-05 0.08317578978113116 0.023755148001453952 335.2595271642018 11.0 -12.62812423543788 1.2856484310745273 823.7 872.57 0 21 "Minimization exited successfully."
2006bh 73 0.003500000114861548 833.8220433514343 0.02861822854617946 -1.693891636793024 -0.011829170122159116 2.9825354036074362e-05 0.022431479437273083 4.811118329791676e-05 0.009889410544898114 0.0020119070307851317 4463.911384228906 64.0 -16.544744208443003 1.4189999969291822 831.9 891.79 7 66 "Minimization exited successfully."
2006br 23 0.01701229071249982 849.9479688134011 0.0004230344524157437 -0.5523840369517385 0.9999999780655942 0.0069210815142285035 0.5584373662597955 1.7081560517638605e-05 0.29300716975910257 0.010325202987606752 89.25034892106225 18.0 -15.479717378565084 1.0897012073901742 858.69 890.61 0 23 "Minimization exited successfully."
2006bt 39 0.0035000045803882203 858.254376350055 0.002526317107962656 -0.08016256453243731 0.23184620915952237 0.002177621887261148 0.04833899301229394 1.006970218352804e-05 0.0412549348096376 0.004948474480050313 853.812489776557 34.0 -13.913141525559308 1.0553046861923718 853.76 891.71 3 36 "Minimization exited successfully."
2006dd 141 0.005899370661181182 931.5450582963098 0.04999999999999995 4.999999999999984 0.999999999999992 4.933108231804095e-10 6.321727141767042e-08 2.4384384714817853e-06 0.0006362190622617447 0.0004629205908680545 9890.90268226517 0.0 -18.407392114599674 0.200763469845068 906.94 1147.57 1 140 "Minimization exited successfully."
2006ef 36 0.004753407454965656 970.9984261988609 0.010036448370796062 -1.7899524296449512 0.05357140665670057 0.0010196097928069723 0.06739687468359534 7.831577722706463e-05 0.02614062875701806 0.005270557416442445 1210.8340495236087 25.0 -16.074047618615573 1.4368070769388712 979.9 1040.71 0 36 "Minimization exited successfully."
2006ej 43 0.008221653287327454 976.505221138703 0.008071250676435982 -1.710107556660263 0.009713307556835638 0.0012425506070677748 0.08225246840572709 5.198025445901297e-05 0.029062777203583634 0.005438958305407193 721.9729989667952 32.0 -17.032932855995725 1.4209789188517465 979.74 1046.74 0 43 "Minimization exited successfully."
2006eq 36 0.05828720440453989 974.3387620122841 0.0007700815296092956 -1.8618273245508998 0.19471891091653815 0.004314333273341825 0.22318690677730046 1.793660011872308e-05 0.050239703546976155 0.017679192654903142 120.77021590181816 31.0 -18.818377727958264 1.4405386448594584 981.64 1018.51 0 36 "Minimization exited successfully."
2006et 85 0.031229610426191875 995.0186629767601 0.006367610255131173 0.8219168453184587 0.2321132481661501 1.0003122643577333e-07 2.468289437729254e-06 1.2961453379563195e-05 0.0198709024255459 0.0028603752050668785 2730.2350922549076 62.0 -19.7161391299056 0.8970136244135087 983.64 1099.54 15 70 "Minimization exited successfully."
2006ev 29 0.03882018358876025 989.7023833544196 0.0018968767167394014 -1.2563561080937173 0.28539275068732795 0.002958782558709721 0.1388605455593961 2.0780211148435624e-05 0.05451131139015164 0.008964481707296135 512.2324297661835 24.0 -18.88620753309053 1.2883493928091951 994.59 1038.53 0 29 "Minimization exited successfully."
2006fw 25 0.08399999999450193 1004.2289944445902 0.00037975876915608556 -0.4706683812288244 0.16280623665240435 0.0008190014514929261 0.11565854261505137 2.0996008571444295e-06 0.09364309254184677 0.005922235875373216 845.8577467841138 20.0 -18.883947266400025 1.133967167422906 1001.75 1039.73 5 20 "Minimization exited successfully."
2006gj 52 0.04808225559221784 1000.3272013273241 0.001157906591655178 -1.8033279382640064 0.3562902225798703 2.345659982572884e-06 0.00010276231563466354 6.413491339875288e-06 0.13444534308523304 0.008352180076165339 570.3381837145845 32.0 -18.831946018267672 1.4091496212609265 998.83 1096.59 4 48 "Covariance may not be accurate."
2006gt 39 0.0686246268435901 1003.2192345343257 0.0007951744950225243 -2.003915508160363 0.293054086037813 1.919208317630039e-06 7.230760098764222e-05 3.0315861117069303e-06 0.04998698483691344 0.00914690791835504 730.2612590693051 30.0 -19.226318021327057 1.46658801155505 1001.67 1076.62 4 35 "Minimization exited successfully."
