analysis_pipeline/fit_results/csp_4_sn91bg_salt2_phase_blue.ecsv
# %ECSV 0.9
# ---
# datatype:
# - {name: obj_id, datatype: string}
# - {name: num_points, datatype: int64}
# - {name: z, datatype: float64}
# - {name: t0, datatype: float64}
# - {name: x0, datatype: float64}
# - {name: x1, datatype: float64}
# - {name: c, datatype: float64}
# - {name: z_err, datatype: float64}
# - {name: t0_err, datatype: float64}
# - {name: x0_err, datatype: float64}
# - {name: x1_err, datatype: float64}
# - {name: c_err, datatype: float64}
# - {name: chi, datatype: float64}
# - {name: dof, datatype: float64}
# - {name: b_max, datatype: float64}
# - {name: delta_15, datatype: float64}
# - {name: tmin, datatype: float64}
# - {name: tmax, datatype: float64}
# - {name: pre_max, datatype: int64}
# - {name: post_max, datatype: int64}
# - {name: message, datatype: string}
# schema: astropy-2.0
obj_id num_points z t0 x0 x1 c z_err t0_err x0_err x1_err c_err chi dof b_max delta_15 tmin tmax pre_max post_max message
[from data line 107]
2008fu 45 0.052 1723.7706271057502 3.189115638235762e-14 0.6500000027558177 0.7061596437972546 0.0 3.4589972869980556e-05 0.0 2.330900472635733e-10 0.0033292188589598704 23199.841536534143 34.0 -19.812921168094526 2.2606719633305126 1740.75 1817.67 0 45 "Covariance may not be accurate."
2008fw 92 0.0085 1728.5564133801868 4.238276396506535e-13 0.694078268636465 0.5072420910430173 0.0 20.21301461471012 0.9224336645676284 0.4246844525068614 0.7120309918546002 252314.13693168154 42.0 -18.992159303091682 2.1558291217474572 1740.89 1827.81 0 92 "Covariance may not be accurate."
2008gg 96 0.032 1742.9317773224382 7.294165271787278e-14 0.787648396405069 0.4586739150369348 0.0 21.60560247739545 0.922386811699798 0.443456975627177 0.7001493362644392 134704.46636651823 66.0 -20.108254488726516 1.967146299901616 1753.63 1827.57 0 96 "Covariance may not be accurate."
2008gl 79 0.034 1769.8727811744545 1.990074771640593e-14 0.8614827689433848 0.37379223700497194 0.0 28.217379179112413 0.9223870235977889 0.40025613805518256 0.6745474186505168 78730.0481679505 65.0 -19.009447520525278 1.8494064159320587 1765.7 1844.55 12 67 "Covariance may not be accurate."
2008go 24 0.0623 1769.695831901943 5.745404152435185e-15 1.2118380717436312 0.5013356347880416 0.0 2.909137047691729 0.0 5.2404517570714404e-05 7.176029315258958e-05 24189.547856748817 20.0 -18.74435175369203 1.4816379413695344 1765.61 1776.58 12 12 "Covariance may not be accurate."
2008gp 73 0.0334 1780.0756430474205 1.3239409568654992e-14 1.169130643459314 0.029735808341018244 0.0 29.43669238128382 0.9223869158372504 0.43657351438076775 0.5366247308935759 54356.34391530089 69.0 -19.183410168827503 1.513023947835201 1768.75 1814.69 18 55 "Covariance may not be accurate."
2008ha 50 0.0046 1768.2283161957462 1.7735812818386876e-14 1.0300497744718344 0.4994170136395257 0.0 20.837042762915416 0.9224033866194364 0.40324727432214785 0.710240795389758 15833.703414699483 46.0 -14.21933477447364 1.6398123695952584 1781.55 1810.55 0 50 "Covariance may not be accurate."
2008hj 62 0.0379 1784.260154702443 4.704570066849101e-14 0.6871778853172936 0.5000726680019013 0.0 5.003595254292577 0.0 1.4808512043384958e-05 1.43902288964326e-05 344855.4427804841 58.0 -19.911399552089605 2.1715921042671766 1795.56 1834.55 0 62 "Covariance may not be accurate. Covariance not positive definite. Covariance forced positive definite."
2008hu 45 0.0497 1804.6798580927789 4.9960036108132044e-15 0.7963647389654318 0.5077049168952268 0.0 26.977867722443534 0.9247785824625525 0.37313327412390257 0.7131536086650829 45723.80387917375 41.0 -18.07203561250315 1.9520412353821328 1806.76 1840.68 0 45 "Covariance may not be accurate."
2008hv 93 0.0126 1817.4781275314488 1.0658141036401503e-13 0.6768168691147852 0.065351254846166 0.0 29.53480190218943 0.9223900852512016 0.41495505010401623 0.7038862803575716 513672.99190136563 74.0 -19.23649924000196 2.195646828095361 1806.79 1884.68 19 74 "Covariance may not be accurate."
2008ia 57 0.0219 1798.1022446127067 3.189115638235762e-14 1.1530978261979024 0.0011705894341692002 0.0 20.819540994722388 0.922395155448659 0.34621458885082995 0.6002690005955553 61926.95009323725 44.0 -19.24859865250911 1.5258013944066526 1809.77 1858.76 0 57 "Covariance may not be accurate."
2009D 83 0.025 1846.2141690383 5.1958437552457326e-14 1.2420674401725644 0.5000883666006538 0.0 2.4730132622607925e-05 0.0 9.337357909089405e-08 0.16555289671285411 350956.70357419417 79.0 -19.094715422088015 1.46149245215625 1834.67 1884.53 36 47 "Covariance may not be accurate. Covariance not positive definite. Covariance forced positive definite."
2009F 57 0.013 1847.402067840747 5.245803791353865e-15 0.8466622574717564 7.541536228838908e-09 0.0 4.219348363676545e-05 0.0 5.938612081535233e-07 9.496549955217981e-06 265691.9773872439 53.0 -16.143501046943037 1.8714505711354974 1837.75 1884.63 28 29 "Covariance may not be accurate."
2009I 18 0.0262 1849.3615894603502 7.41073868937292e-15 0.650000000588576 0.3754590090939905 0.0 8.139795284023421e-05 4.163336342344337e-17 7.218403652586858e-11 0.002006180883615788 22619.007718070756 14.0 -17.355102311369272 2.2606671962670006 1848.58 1867.58 4 14 "Covariance may not be accurate."
2009J 23 0.0158 1845.469994695069 4.996003610813204e-16 1.2496433368414896 0.46598126920439537 0.0 0.002706114016405081 0.0 0.00046013244979270507 0.00031509075760097205 26903.240471018336 19.0 -13.121605347160695 1.4566149407935818 1848.7 1867.68 0 23 "Minimization exited successfully."
2009P 53 0.0251 1869.9035685597364 1.0658141036401503e-14 0.9560819181625376 0.0014157544688789825 0.0 27.677709912313617 0.9223868976599593 0.42759277071669477 0.630418893298776 18460.030817194744 45.0 -18.359658418795277 1.7220736207106526 1867.74 1931.61 4 49 "Covariance may not be accurate."
2009Y 116 0.0094 1878.380449674615 2.0108914533523148e-13 1.1621901213883037 0.42458455847030535 0.0 29.23866431208853 0.9223890433315534 0.3404552606380484 0.6906270005047523 179720.41964225244 75.0 -18.586187569371443 1.5185010528515281 1869.84 1976.65 18 98 "Covariance may not be accurate."
2009aa 82 0.0273 1881.5237732531607 1.6403545188836688e-14 0.9258323851103774 1.8038689486576942e-08 0.0 1.850212106546678e-05 0.0 2.972873368589646e-07 1.034161565086067e-05 320670.1267970411 75.0 -19.016085692499875 1.7601028138456947 1869.68 1938.65 32 50 "Covariance may not be accurate."
2009ab 40 0.0112 1883.4944130269985 6.503131366741854e-14 1.232496947682969 0.32396686273657443 0.0 0.029081972031349324 4.163336342344337e-17 0.0007998252975260911 0.0011585346730841328 60541.36357169109 36.0 -17.93783827666377 1.467730904917122 1874.57 1911.51 12 28 "Covariance may not be accurate."
2009ad 48 0.0284 1887.9267784449103 3.197442310920451e-14 1.249720598953924 0.6311753066711894 0.0 0.00026917860714092967 4.163336342344337e-17 0.00010269086568071017 1.6832127608779057e-05 131972.39097427117 44.0 -18.621010109408754 1.4565666502154322 1878.6 1915.45 20 28 "Covariance may not be accurate."
2009ag 72 0.0086 1881.45133969636 1.5804024755539103e-13 1.050447801865016 0.5006154357992106 0.0 24.90874242364066 0.92245359839504 0.39584741105214 0.7105378620577307 160976.2385677772 60.0 -17.957173352981133 1.6191926374272079 1888.59 1937.5 0 72 "Covariance may not be accurate."
2009al 55 0.0221 1884.681032902582 6.84452494681409e-14 1.1455102548455083 0.5400721795790966 0.0 23.762185338331733 0.9674561946234735 0.3507975178780515 0.7377563807689831 54648.30770766873 35.0 -19.05653240324324 1.5320489563908932 1897.7 1947.57 0 55 "Covariance may not be accurate."
2009cz 32 0.0211 1952.1967136801675 8.401612738850872e-14 0.6500000335255507 0.4847056297439369 0.0 2.2272321643868054e-05 0.0 1.8178047955785814e-10 nan 228771.23318825045 24.0 -19.2790504131992 2.2606704047496944 1937.53 1966.46 20 12 "Covariance may not be accurate."
2009dc 40 0.0214 1923.7785290894217 1.745270594710746e-13 1.2323143834172734 0.005207563864534914 0.0 24.34933765020253 0.9223885015563935 0.4075874643661452 0.6440102657861746 118492.18739385395 32.0 -21.036714799970277 1.4678411741934418 1942.81 1976.68 0 40 "Covariance may not be accurate."
2009ds 36 0.0193 1942.084979293256 1.0216827384113003e-13 1.248989279860469 0.034958652469905205 0.0 29.735482847836124 0.9224214238491661 0.4138721859536851 0.6841680996117088 84548.57681059676 32.0 -20.179318637208056 1.4570219828136537 1956.68 1976.62 0 36 "Covariance may not be accurate."
2009le 36 0.0178 2142.279915976906 7.668865542598269e-14 1.0995840463609465 0.04530332539834836 0.0 17.075490465493658 0.9223868081171135 0.3750294310531564 0.5170118986199814 278239.39895202225 32.0 -19.672380067517143 1.5722010448013428 2155.62 2169.58 0 36 "Covariance may not be accurate."
2010ae 5 0.0037 2259.5443919988643 6.661338147750939e-15 0.658458967649523 0.5082052309228221 0.0 0.0930469806032761 8.326672684688674e-17 0.5855078883172014 0.008732868713905051 115.19257679889911 1.0 -12.667358508057333 2.2396823591580457 2271.53 2305.53 0 5 "Covariance may not be accurate. Covariance not positive definite. Covariance forced positive definite."
