analysis_pipeline/fit_results/csp_4_sn91bg_color_interpolation_red.ecsv
# %ECSV 0.9
# ---
# datatype:
# - {name: obj_id, datatype: string}
# - {name: num_points, datatype: int64}
# - {name: z, datatype: float64}
# - {name: t0, datatype: float64}
# - {name: x0, datatype: float64}
# - {name: x1, datatype: float64}
# - {name: c, datatype: float64}
# - {name: z_err, datatype: float64}
# - {name: t0_err, datatype: float64}
# - {name: x0_err, datatype: float64}
# - {name: x1_err, datatype: float64}
# - {name: c_err, datatype: float64}
# - {name: chi, datatype: float64}
# - {name: dof, datatype: float64}
# - {name: b_max, datatype: float64}
# - {name: delta_15, datatype: float64}
# - {name: tmin, datatype: float64}
# - {name: tmax, datatype: float64}
# - {name: pre_max, datatype: int64}
# - {name: post_max, datatype: int64}
# - {name: message, datatype: string}
# schema: astropy-2.0
obj_id num_points z t0 x0 x1 c z_err t0_err x0_err x1_err c_err chi dof b_max delta_15 tmin tmax pre_max post_max message
[from data line 104]
2008fl 97 0.043750000000000004 1729.8998993789692 1.7735812818386876e-14 1.1346872782518247 0.5106965824823029 0.0 28.318732719061018 0.9228928904682998 0.442144036273017 0.7130017268302391 503939.9303152966 62.0 -19.156463559677043 1.5416858537162454 1724.49 1789.53 22 75 "Covariance may not be accurate."
2008fp 185 0.043750000000000004 1718.712900995632 2.2598589666245061e-13 0.9239654844153424 0.37202965628187584 0.0 24.434607852075715 0.9223867059088664 0.4197605443446671 0.6739472432188275 1096223.838596307 98.0 -22.214065843464276 1.763393965923287 1725.83 1874.61 0 185 "Covariance may not be accurate."
2008fr 82 0.043750000000000004 1723.7845034575994 9.409140133698202e-15 1.0115819954394982 4.509931741725204e-06 0.0 4.983517101209145e-06 0.0 3.4291049000323426e-06 2.7518464285114508e-05 74326.18508554241 64.0 -19.463324159586588 1.6598171267391386 1738.78 1807.57 0 82 "Covariance may not be accurate."
2008fu 58 0.043750000000000004 1728.9179649474534 4.829470157119431e-15 0.9445320498798742 0.5119226801933917 0.0 0.16352552217517768 4.163336342344337e-17 0.008976225643788305 0.010959785827480306 27094.35884905893 47.0 -17.74212121094239 1.7370904769869213 1737.84 1817.67 0 58 "Covariance may not be accurate. Covariance not positive definite. Covariance forced positive definite."
2008fw 70 0.043750000000000004 1725.9200738565917 9.209299989265674e-14 1.125824177792706 0.00040174575361906495 0.0 24.12878814610383 0.9223867990941695 0.36185763562390666 0.6232636794596007 247400.61261751968 53.0 -21.93939001866906 1.5493055840533447 1740.89 1827.81 0 70 "Covariance may not be accurate."
2008gg 102 0.043750000000000004 1738.782088283635 1.6403545188836688e-14 0.7778213291244351 0.4939199126733746 0.0 23.526265694702033 0.9248685045046587 0.3637354087546119 0.7099877210896789 367697.23482938146 72.0 -19.103582258882348 1.9858305709543345 1753.63 1827.57 0 102 "Covariance may not be accurate."
2008gl 87 0.043750000000000004 1758.8581941201264 5.745404152435185e-15 0.6794777577313309 0.5005803355290726 0.0 29.503010704857047 0.9237468633151571 0.4173824774537939 0.7110815716482193 235272.63579371726 60.0 -17.948702416106112 2.190989254826299 1765.7 1844.55 0 87 "Covariance may not be accurate."
2008go 19 0.043750000000000004 1749.5431242999475 3.747002708109903e-15 1.2487122093410035 0.3013856289830854 0.0 18.93955446079849 1.0428431425511318 0.40308811868601185 0.7387101027497611 12022.44501268568 15.0 -17.89049365700114 1.4576148050038036 1764.54 1776.58 0 19 "Covariance may not be accurate."
2008gp 96 0.043750000000000004 1776.515000595221 1.0907941216942163e-14 1.061090765685597 0.500193894148985 0.0 0.0003602044901072077 0.0 0.0016854908662639057 6.494933090850363e-06 148821.1473062143 56.0 -18.64536698999104 1.6093331247498952 1768.75 1844.52 17 79 "Covariance may not be accurate."
2008ha 56 0.043750000000000004 1766.88003487121 7.91033905045424e-15 1.2027869882246782 0.333031792335969 0.0 22.998766089377455 0.9223870970899171 0.42607320423617207 0.6599143588261553 8790.908443611766 39.0 -18.646531422534107 1.4884186468285598 1781.55 1810.55 0 56 "Covariance may not be accurate."
2008hj 65 0.043750000000000004 1803.3341315293883 6.2450045135165055e-15 0.6500000000028627 3.8427670173701856e-07 0.0 0.00012277442169761343 0.0 7.556011372145122e-12 3.7822540048471076e-05 143613.29633691796 48.0 -19.01828754310533 2.2623391562574966 1794.58 1834.55 23 42 "Covariance may not be accurate."
2008hu 52 0.043750000000000004 1795.5011599328975 9.575673587391975e-15 0.6500000000102645 0.5000215288679041 0.0 0.079691379135852 4.163336342344337e-17 2.4227082062733274e-07 5.959733799551503e-05 120640.26142408059 40.0 -18.50420472332346 2.262356466078863 1804.74 1844.84 0 52 "Covariance may not be accurate. Covariance not positive definite. Covariance forced positive definite."
2008hv 132 0.043750000000000004 1816.1688277308886 5.737077479750496e-14 1.2265287290563527 0.5002407439346207 0.0 0.0002347931397252978 0.0 0.10800703135545087 7.016347528032707e-06 922247.143159517 79.0 -20.447662969043332 1.4721066483234644 1804.8 1912.7 31 101 "Covariance may not be accurate. Covariance not positive definite. Covariance forced positive definite."
2008ia 109 0.043750000000000004 1815.1215904662536 9.992007221626409e-15 1.2266379170577388 0.04533352035446114 0.0 28.494230080363877 0.9223870213086987 0.3147516635086451 0.6920323509705331 35261.376780105486 54.0 -19.454732366200673 1.4720209484409885 1809.77 1874.69 19 90 "Covariance may not be accurate."
2009D 93 0.043750000000000004 1838.8069669702836 1.2073675392798577e-14 0.6589727502745709 0.5009804467143448 0.0 0.01479280635953728 4.163336342344337e-17 2.1010367374785233e-06 1.651403278218888e-05 495583.1816952519 57.0 -18.754368729319715 2.240064050289142 1834.67 1890.52 12 81 "Covariance may not be accurate."
2009F 82 0.043750000000000004 1847.6844907441205 1.0158540675320182e-14 1.2165534004886547 0.5001880532840626 0.0 0.000157501243961633 0.0 4.793392242907757e-06 0.18326291492793476 126234.67109435401 46.0 -18.56809750749344 1.4788356080777767 1837.75 1884.63 44 38 "Covariance may not be accurate. Covariance not positive definite. Covariance forced positive definite."
2009I 37 0.043750000000000004 1831.5842332210893 8.076872504148014e-15 1.0662158999753297 0.00022601107117542485 0.0 7.940190585031814e-06 0.0 5.4985001064489225e-06 0.00021506437170659698 10655.786678065464 16.0 -19.297208453948762 1.6043275593413497 1846.58 1867.58 0 37 "Covariance may not be accurate."
2009J 18 0.043750000000000004 1846.0568138923813 8.326672684688674e-17 0.6500000019726202 0.0060018177410326445 0.0 0.0007445826239518283 0.0 1.4151319560617992e-09 0.12185123092624497 39693.01285574348 14.0 -14.321140789733999 2.2623393183321703 1846.74 1867.68 0 18 "Covariance may not be accurate."
2009P 46 0.043750000000000004 1853.193150983392 1.50712775592865e-14 1.1833092002373662 0.2077061792005247 0.0 26.27394612440935 0.9223869278942999 0.32572131022932443 0.7378614454015784 40343.14566252258 36.0 -19.585554012592652 1.5026563568041595 1867.74 1931.61 0 46 "Covariance may not be accurate."
2009Y 148 0.043750000000000004 1853.840000413205 3.7952974096810976e-13 0.6509525691833343 0.45876254155157975 0.0 0.06574087196293021 0.0 4.0305314408239923e-07 8.164122004661323e-06 642898.3604210159 90.0 -22.596835370850123 2.2599611552116414 1868.84 1976.65 0 148 "Covariance may not be accurate."
2009aa 150 0.043750000000000004 1888.4546199224114 8.743006318923108e-15 1.2499938769309331 0.5106235006889276 0.0 0.0006756897984132593 0.0 0.005792528225823768 3.299415639884673e-05 360823.9601821421 74.0 -18.388604701329896 1.456797286003038 1868.77 1956.66 62 88 "Covariance may not be accurate."
2009ab 62 0.043750000000000004 1891.8349891121477 3.4389158187764224e-14 0.6500001139829353 0.00025098050562227803 0.0 0.00014773717430216493 0.0 2.144770250289696e-09 0.00024318057034211638 440503.5575305055 26.0 -20.870114754944687 2.262338876347499 1874.57 1911.51 42 20 "Covariance may not be accurate."
2009ad 80 0.043750000000000004 1890.9314631726295 1.0907941216942163e-14 0.650000000084604 0.014817500954245166 0.0 0.00010345082057483523 0.0 3.7964020815905997e-11 0.0012508163033524422 218281.0701143369 40.0 -19.60022132877929 2.2623395738303884 1878.6 1921.53 34 46 "Covariance may not be accurate."
2009ag 136 0.043750000000000004 1873.1754256880974 2.380595720552492e-13 0.6889387382415826 0.5218926438865895 0.0 0.04248491803082288 1.7486012637846216e-15 0.0020876288651450192 0.0076338200733291894 1887951.2744076354 68.0 -21.957988328830282 2.169077080427849 1886.62 1959.54 0 136 "Covariance may not be accurate. Covariance not positive definite. Covariance forced positive definite."
2009al 68 0.043750000000000004 1906.1435543888736 1.049160758270773e-14 1.1043967116531868 0.10577197885696893 0.0 25.25155646788801 0.9388493304321059 0.37276807410474505 0.5342228077525675 55880.22923863829 38.0 -19.400712273529916 1.5683874863806828 1891.71 1973.54 26 42 "Covariance may not be accurate."
2009cz 51 0.043750000000000004 1952.5006936694485 2.19824158875781e-14 0.6500009478955213 0.2260512299510301 0.0 0.00013642226599586138 0.0 5.694037463754853e-09 0.006721646459988739 207676.68110947317 19.0 -19.953206053298207 2.262346050477081 1937.53 1966.46 27 24 "Covariance may not be accurate."
2009dc 76 0.043750000000000004 1928.6887475372362 5.870304242705515e-14 0.7221636521317343 0.5001613549574269 0.0 0.025320959193436465 8.326672684688674e-17 0.00014160318339356825 0.6891998409866508 642782.7999543627 34.0 -20.472712821757582 2.0953956016296864 1938.77 1976.68 0 76 "Covariance may not be accurate. Covariance not positive definite. Covariance forced positive definite."
2009ds 56 0.043750000000000004 1976.6199931958417 1.3489209749195652e-14 1.1025496992864572 0.0002989506941416531 0.0 2.127869720425224e-06 4.163336342344337e-17 3.1041412839161175e-05 0.012803518250213725 50480.66614014824 20.0 -19.853951724963565 1.5700686382874203 1954.64 1976.62 54 2 "Covariance may not be accurate."
2009le 30 0.043750000000000004 2162.3966944818953 2.098321516541546e-14 1.2465622184841625 0.004842745940039972 0.0 0.07237228352846614 0.0 0.0001449153077073273 0.0001893430669220597 5794.186788359797 18.0 -20.32648227147504 1.458986996788159 2153.53 2169.58 18 12 "Covariance may not be accurate."
2010ae 52 0.043750000000000004 2262.734176672466 1.5654144647214707e-14 0.6500000013858145 0.9999755827084015 0.0 0.001380439051445137 4.163336342344337e-17 2.8365844673139406e-09 9.262967748546735e-05 22118.314488191907 17.0 -18.059779271519297 2.262353343118093 2258.59 2305.53 24 28 "Covariance may not be accurate."
