analysis_pipeline/fit_results/csp_4_salt2_2.4_all.ecsv
# %ECSV 0.9
# ---
# datatype:
# - name: obj_id
#   datatype: string
# - name: num_points
#   datatype: int64
# - name: z
#   datatype: float64
# - name: t0
#   datatype: float64
# - name: x0
#   datatype: float64
# - name: x1
#   datatype: float64
# - name: c
#   datatype: float64
# - name: z_err
#   datatype: float64
# - name: t0_err
#   datatype: float64
# - name: x0_err
#   datatype: float64
# - name: x1_err
#   datatype: float64
# - name: c_err
#   datatype: float64
# - name: chi
#   datatype: float64
# - name: dof
#   datatype: float64
# - name: b_max
#   datatype: float64
# - name: delta_15
#   datatype: float64
# - name: tmin
#   datatype: float64
# - name: tmax
#   datatype: float64
# - name: pre_max
#   datatype: int64
# - name: post_max
#   datatype: int64
# - name: message
#   datatype: string
# schema: astropy-2.0
obj_id num_points z t0 x0 x1 c z_err t0_err x0_err x1_err c_err chi dof b_max delta_15 tmin tmax pre_max post_max message
2004dt 269 0.0197 238.78658156434796 0.01593999935845367 -1.0239981681796797 0.05651732973099177 0.0 2.3250342479741448e-05 2.9046962865616685e-05 0.007103721879119451 0.0011492363879269663 742563.8531695778 265.0 -19.689015334796203 1.2561480697806093 249.79 365.62 0 269 "Minimization exited successfully."
2004ef 278 0.031 241.05228583644788 0.0031481541948426423 4.6847818988570555 0.18639244969473645 0.0 6.900573765733498e-07 4.792488967341e-06 0.014042285651110653 0.0010657436646138718 1091292.0833290378 257.0 -18.974848127543986 0.20911739218158232 255.69 329.57 0 278 "Covariance may not be accurate."
2004eo 269 0.0157 266.4242932545203 0.0018534521197367455 4.459780532642625 0.9995561388420966 0.0 76.28131702926251 6.586346992659697e-07 0.0011195537509713915 1.0184314777061942e-06 2848272.950825387 217.0 -16.95106240113245 0.23541028010401988 266.52 341.54 0 269 "Covariance may not be accurate. Covariance not positive definite. Covariance forced positive definite."
2004ey 213 0.0158 305.02415684660684 0.013340151570404893 0.2398738624718213 0.08532205532365622 0.0 0.008376747842561372 1.1790605536121483e-05 0.007320578829345781 0.0007113245573295846 6074.436304661371 171.0 -19.01114487247493 1.0047046029276512 295.53 358.55 55 158 "Minimization exited successfully."
2004gc 134 0.0321 325.79490470180946 0.0017252518788356626 -0.6276859263558974 0.32906794737636313 0.0 0.07890452253948865 9.377985102178299e-06 0.018254905723349424 0.0025638524141424757 27318.474468959073 130.0 -18.361343204253448 1.1536322409917261 329.83 397.66 0 134 "Minimization exited successfully."
2004gs 299 0.0267 357.3550851512713 0.002057603543183051 -2.214795515234936 0.2019779572498226 0.0 7.228590845897997e-07 3.589914649225522e-06 0.01012506239380273 0.0015013550460306613 141695.16793931474 256.0 -18.13950851329897 1.533476923667262 352.85 461.56 18 281 "Minimization exited successfully."
2004gu 156 0.0459 362.98368655871013 0.0016830493232830063 1.4424376630255829 0.12473664103686954 0.0 0.04655811747409189 4.630244627278112e-06 0.024238417884027808 0.002080963773805844 1256.0362816673069 141.0 -19.12990084200823 0.7984186633829289 357.86 410.84 14 142 "Minimization exited successfully."
2005A 182 0.0191 379.68618653571474 0.0008559290903997569 -0.13173923428577616 0.999999997496539 0.0 0.04709242285096593 1.2931766769461606e-06 0.0181226802433323 8.66138330002375e-05 14162.628908521394 135.0 -16.500020463433998 1.0163199744790532 376.65 433.53 10 172 "Minimization exited successfully."
2005ag 208 0.0797 415.2163115496776 0.0006227751609243576 0.38748366997664085 0.04020255391598693 0.0 0.07369978393072074 1.581958342565526e-06 0.034796285026687634 0.0023252413773923175 19557.556203243937 195.0 -19.299576001337456 0.9804122859454303 412.82 480.84 15 193 "Minimization exited successfully."
2005al 238 0.0124 431.3281552284395 0.015521798833032618 -1.2820376370980355 -0.026226683295826336 0.0 0.022899721162815467 1.996057746255636e-05 0.007626344896035198 0.0008584485855901991 91601.1594627929 206.0 -18.642459367868298 1.3208373411272785 429.76 512.79 12 226 "Minimization exited successfully."
2005am 203 0.0079 435.87491886282265 0.04999999999998632 -1.6953850005993063 0.0828601477873736 0.0 0.016850132568009712 1.507627315013721e-06 0.005485292878524506 0.0006561465484623552 139832.02735272993 177.0 -18.926215075913326 1.4100771379958825 432.58 512.46 3 200 "Minimization exited successfully."
2005be 68 0.035 459.9593693683382 0.002971845503791404 -1.8279040300182587 -0.052883108505075604 0.0 0.040737652338378894 1.4481518999883e-05 0.015287999468588387 0.0028363846809310034 1171.442052170813 64.0 -19.13796935397062 1.457424048900485 467.89 491.77 0 68 "Minimization exited successfully."
2005bg 95 0.0231 469.65192565885343 0.007000939294689027 0.824174880284902 0.028409295085794595 0.0 0.06622871709993206 1.8703719496532354e-05 0.03211057880172241 0.0016160938721038187 2310.58156131124 91.0 -19.14810675962326 0.9048461954999638 471.65 512.61 0 95 "Minimization exited successfully."
2005bl 64 0.0241 461.610000000001 0.0006915045608194032 4.622741034848939 0.6551688914437752 0.0 0.0016242172867464433 4.866362723626705e-06 0.059406540580265066 0.005660722926703721 28021.567214023897 60.0 -16.79582950516396 0.21969998144998826 476.61 512.57 0 64 "Minimization exited successfully."
2005bo 54 0.0139 479.04775217726376 0.008203893397103649 -1.0556230539257898 0.2865524753604074 0.0 0.06943513645157395 2.6246645840763416e-05 0.04446186086175108 0.0023553396606459387 1328.9347011408754 50.0 -18.205187627673396 1.244674520465752 478.75 512.76 6 48 "Minimization exited successfully."
2005el 236 0.0149 624.890000007538 0.02731221286613399 1.3316134294582866 -0.1346273945885279 0.0 0.0006297962788721634 5.326495185923284e-05 0.014300202418885188 0.0010900334651141597 700031.0089606206 135.0 -19.661720451873425 0.8249099790026495 639.89 730.75 0 236 "Minimization exited successfully."
2005eq 211 0.029 655.3372584947869 0.0041188036192259195 1.2372654993643293 0.10345734745258262 0.0 0.031191505551021237 8.168241682737862e-06 0.019176104623861434 0.00154546285859547 76978.3631095755 149.0 -19.076722408835643 0.8328284714709007 647.8 751.66 12 199 "Minimization exited successfully."
