analysis_pipeline/fit_results/csp_4_salt2_2.4_all.ecsv
# %ECSV 0.9
# ---
# datatype:
# - name: obj_id
#   datatype: string
# - name: num_points
#   datatype: int64
# - name: z
#   datatype: float64
# - name: t0
#   datatype: float64
# - name: x0
#   datatype: float64
# - name: x1
#   datatype: float64
# - name: c
#   datatype: float64
# - name: z_err
#   datatype: float64
# - name: t0_err
#   datatype: float64
# - name: x0_err
#   datatype: float64
# - name: x1_err
#   datatype: float64
# - name: c_err
#   datatype: float64
# - name: chi
#   datatype: float64
# - name: dof
#   datatype: float64
# - name: b_max
#   datatype: float64
# - name: delta_15
#   datatype: float64
# - name: tmin
#   datatype: float64
# - name: tmax
#   datatype: float64
# - name: pre_max
#   datatype: int64
# - name: post_max
#   datatype: int64
# - name: message
#   datatype: string
# schema: astropy-2.0
obj_id num_points z t0 x0 x1 c z_err t0_err x0_err x1_err c_err chi dof b_max delta_15 tmin tmax pre_max post_max message
SN2008J 81 0.0159 1469.5400000000761 0.008407441330144708 0.5871273809260238 0.9999999998317264 0.0 0.00027875750083694584 1.3638108600231083e-05 0.016066851371515423 1.634432083486015e-05 77347.57755884982 53.0 -18.57775064159048 0.8990497041621879 1484.54 1516.52 0 81 "Minimization exited successfully."
SN2005kc 125 0.0151 698.2485140559992 0.006368167563815192 -0.6404903257860646 0.37942004401616325 0.0 0.012931838441943455 1.3816894406756819e-05 0.016564520022981366 0.0018283874178852688 2574.6814577029027 69.0 -18.115504459411838 1.1525480385455662 687.52 728.54 53 72 "Minimization exited successfully."
SN2005A 182 0.0191 381.5655989572942 0.0008256700167683429 -0.5476065778346673 0.9999999991662061 0.0 1.725055670931397e-05 9.91274448475276e-07 0.013581515116279697 0.0010442856684000912 8604.9279902685 135.0 -16.46061730436573 1.088834306711309 376.65 433.53 14 168 "Minimization exited successfully."
SN2009Y 264 0.0094 1878.340000046242 0.03150738093324037 0.04155323727212146 0.19241523480082257 0.0 1.4911938706063665e-07 2.948214098572044e-05 0.006814528222768512 0.0008115043724309379 602901.1690269029 171.0 -18.80739288764264 1.0351445290538859 1868.84 1976.65 41 223 "Covariance may not be accurate."
SN2004gs 299 0.0267 358.34509157568147 0.0020324107864102717 -2.350433467733553 0.19871990713675847 0.0 6.820329190304619e-09 3.734662983011401e-06 0.010756827383350265 0.00172025166436518 133729.17710097347 256.0 -18.126012559289855 1.5720071351885316 352.85 461.56 24 275 "Covariance may not be accurate."
SN2004eo 269 0.0157 278.8550603349348 0.010629944056708413 -1.2242886138084401 0.19591066553180192 0.0 0.003555001569708338 9.139323131708912e-06 0.003847115213571062 0.0006184044123969112 47525.905118416806 217.0 -18.751470766321795 1.2889935731314708 266.52 341.54 94 175 "Minimization exited successfully."
SN2008gp 169 0.0334 1779.7562010297218 0.0031788523300406327 -0.07343891471683239 0.04312132526427215 0.0 0.01166476021944618 6.206814656742159e-06 0.013153255961642518 0.0015172182161631298 2685.583659854813 109.0 -19.107797316395764 1.0646235945760516 1768.75 1844.52 38 131 "Minimization exited successfully."
SN2007ca 117 0.0141 1228.1909892423746 0.005961864334612052 0.6299625825342217 0.34770620994461354 0.0 0.012663593247566496 9.570212912776797e-06 0.012016319721013247 0.0012691109186088179 4017.6976823073046 64.0 -17.893092022462195 0.924255549236424 1217.65 1275.65 29 88 "Minimization exited successfully."
SN2009al 123 0.0221 1896.8224732825952 0.005407873008053643 -0.42089433651504216 0.18562208036985095 0.0 0.06973844702213228 2.004421764698625e-05 0.020240289359338526 0.00237840875363704 3266.6808541728606 79.0 -18.770985813517566 1.1227473721793366 1891.71 1973.54 18 105 "Minimization exited successfully."
SN2008ae 101 0.03 1513.0918128567034 0.0004641186390703184 -2.173925604024852 0.8168198340905564 0.0 4.667167218030954e-05 5.503302698049722e-06 0.08931364598357083 0.009892144531550295 4390.53355305716 36.0 -16.814591609116487 1.4477029281154579 1508.74 1602.52 13 88 "Minimization exited successfully."
SN2006dd 217 0.0059 989.1146101266858 0.008618313195954833 4.999999999141728 0.5758915179059589 0.0 0.027854907967309828 1.4609588396035517e-05 0.0021464202137986277 0.001617046209709927 943871.8738762593 212.0 -16.456317081485444 0.19271239822769637 906.94 1147.57 14 203 "Minimization exited successfully."
SN2005ki 310 0.0192 705.773737090603 0.009315823823865163 -1.4881458873080353 -0.033450416802181415 0.0 0.01061179288706171 1.547630173089065e-05 0.008139661184833225 0.001338481236137834 351412.28262294654 247.0 -19.04880532439559 1.3702538188177442 695.86 861.5 29 281 "Minimization exited successfully."
SN2007if 114 0.0742 1355.9519438615205 0.0010625955454351078 0.5003134172143202 0.3808899134365853 0.0 4.2480368051656114e-05 3.4687556915394702e-06 0.03102569354765139 0.0028273712278439334 22611.999969285935 78.0 -19.723820452829262 0.9446541927067322 1355.77 1443.6 6 108 "Minimization exited successfully."
SN2006D 298 0.0085 759.3350046956729 0.029434482321793805 -1.6311170533362231 0.10290679244777068 0.0 4.760690330840589e-07 3.5969064959404454e-05 0.004973317408241584 0.000956193271080652 706499.0788094283 222.0 -18.511135227779956 1.3922777064096863 751.84 891.61 12 286 "Covariance may not be accurate."
SN2006lu 128 0.0534 1039.1809700673732 0.0010275287318100984 -0.2187052894143955 0.08073175765206009 0.0 1.0235882996312284e-05 2.9491181215521734e-06 0.02693078605618604 0.0028672751208052016 20395.398456706713 119.0 -18.932772216275726 1.0900971825944517 1040.84 1137.75 0 128 "Covariance may not be accurate."
SN2009ag 208 0.0086 1890.1451953848177 0.010532933512986488 -0.28385766961136394 0.45759579333167544 0.0 0.026779393588981293 2.0700231195214247e-05 0.009324538099400925 0.0011288582778170575 5270.504729793655 104.0 -17.43226699412786 1.0791831861083168 1886.62 1959.54 24 184 "Minimization exited successfully."
SN2006ev 116 0.0287 989.9162691112899 0.0019038567680076974 -1.3237589224690751 0.20163247956665287 0.0 0.07025456622960746 1.1558369475868358e-05 0.028379447594808482 0.00352311617945944 444.9060805689963 45.0 -18.215674705489626 1.3108283222681258 993.59 1039.52 0 116 "Minimization exited successfully."
SN2009cz 83 0.0211 1943.9540403907865 0.00809231121072749 0.642075728320572 0.07646125648155966 0.0 0.021293825231396113 1.8883151885046995e-05 0.023320021121850942 0.0020031203849635304 707.4774836265154 44.0 -19.10557763564276 0.934161884657362 1937.53 1966.46 24 59 "Minimization exited successfully."
SN2006gj 122 0.0284 1001.3100252592469 0.0011135321330484227 -2.3064325954089644 0.3761465044951975 0.0 1.9018712578144914e-05 4.1309919879148555e-06 0.024984048676609083 0.003397689706102436 6677.326315549883 83.0 -17.615017971794256 1.5374614486317846 998.83 1096.59 6 116 "Minimization exited successfully."
SN2005el 236 0.0149 649.0153120750232 0.01283616403450496 -1.5225614992264442 0.003282312352355099 0.0 3.7742926792816434e-06 2.3354928610932676e-05 0.007555718997846572 0.0012990814375065662 161878.00968236115 135.0 -18.839070462407225 1.3752605702264091 639.89 730.75 30 206 "Minimization exited successfully."
SN2007jh 45 0.0408 1363.585267127606 0.0005575182911348675 -1.3119658873852122 0.38933812397150946 0.0 0.15998869618897515 4.1555328749054866e-06 0.056425577925607096 0.0064375810627528285 1169.5964604731696 39.0 -17.671674470119452 1.291295920949871 1363.86 1413.8 0 45 "Minimization exited successfully."
SN2007so 66 0.0297 1434.680000000419 0.0019227171250435133 -1.477517948032757 0.3072415351673352 0.0 0.001059888026588851 1.5476194066407745e-05 0.023782689388777367 0.005239998973851412 5739.813265558368 39.0 -18.30519249461153 1.3361909404780121 1449.68 1494.53 0 66 "Minimization exited successfully."
SN2006gt 93 0.0448 1004.4110384599373 0.0007693782811414474 -2.5405203609988942 0.19047143380741582 0.0 1.2357304512988776e-08 2.8541509523305475e-06 0.030795157081163316 0.0033626435186810966 3237.49009145931 60.0 -18.224223586856162 1.6288068858468883 1001.67 1076.62 16 77 "Minimization exited successfully."
SN2007ai 111 0.0317 1176.285004184056 0.0008385843999972692 0.19383503561961835 0.5313522220601163 0.0 3.8100358779047383e-06 3.2695461770801512e-06 0.04185569684398738 0.0036514217055155784 5241.354503676087 81.0 -17.56004620874854 0.9893862865714738 1167.88 1259.7 26 85 "Minimization exited successfully."
SN2006hb 190 0.0153 1000.104099991059 0.01238783794892811 -2.12371595966455 0.03890581817822425 0.0 0.028841771000372773 4.734295491902029e-05 0.009762763612050085 0.0020765168825657154 131275.6137017251 139.0 -18.858521182805696 1.526944470360002 1006.87 1143.59 0 190 "Minimization exited successfully."
SN2007hj 266 0.0141 1346.445499847546 0.008563837896497192 -2.155047411470024 0.2563486585532282 0.0 0.024671055351404902 1.868089329628425e-05 0.006318691247014563 0.0012530654339621972 92340.82294617448 145.0 -18.2818206123901 1.5107618644437313 1348.76 1440.53 0 266 "Minimization exited successfully."
SN2008ia 166 0.0219 1813.382205768196 0.0036651081560358737 -1.2549908196827584 0.16181430558066667 0.0 0.029233629564828334 7.65388603468772e-06 0.019789246478808753 0.001905036862361209 1565.8276867026075 82.0 -18.327694802516522 1.2987797949006783 1809.77 1874.69 22 144 "Minimization exited successfully."
SN2007ol 31 0.0559 1413.2348965030633 0.0009405049832116819 -2.1143876291806425 0.020192912823993714 0.0 0.09896335373434795 5.7177241984812666e-06 0.19792406397304774 0.007412119896052949 255.98135657734142 27.0 -18.93870919229017 1.5264237246479055 1409.79 1422.66 10 21 "Minimization exited successfully."
SN2008fw 162 0.0085 1745.3851002415636 0.013002190033643495 0.21911593027363807 0.39936644777245767 0.0 2.980641511385329e-09 1.5754323786265796e-05 0.008366778061930091 0.0008141496774081158 632485.1530334348 133.0 -17.633033643442868 0.9922083911645032 1740.89 1827.81 6 156 "Minimization exited successfully."
SN2005mc 83 0.0252 730.5886542647481 0.0025179226978507027 -2.1374532848173744 0.2534761478216261 0.0 0.09706858382509154 2.3415303653859156e-05 0.015997846774733038 0.003487656446009346 3133.759135978176 79.0 -18.231979853069465 1.50635168820914 736.79 773.62 0 83 "Minimization exited successfully."
SN2009dc 116 0.0214 1949.1827950499141 0.013575894419079202 1.063917698204916 0.1762453190224762 0.0 0.018921769318694714 2.7326582135890967e-05 0.0163630232831542 0.0015737675303242327 32052.31131607647 55.0 -19.700229232011132 0.8588834911133834 1938.77 1976.68 41 75 "Minimization exited successfully."
SN2009F 139 0.013 1842.7233879106093 0.0019311344011007398 -3.2336484171077364 0.5057491302917847 0.0 0.015269770768668423 4.532268893699099e-06 0.016396280296346433 0.001885178805393295 48147.40961252184 85.0 -16.49619027816932 1.8014539822513704 1837.75 1884.63 56 83 "Minimization exited successfully."
SN2008go 43 0.0623 1765.3645931556564 0.0009052240864070222 0.5075237591820816 0.11378935182204875 0.0 0.12292262702203516 3.242910175102476e-06 0.11003005766561058 0.00313830322262032 677.5356814624365 32.0 -19.144726230913385 0.9558960121719764 1764.54 1776.58 2 41 "Minimization exited successfully."
SN2008cf 96 0.046 1596.371147847528 0.0021165131722398925 0.851334314875877 -0.01799697538733358 0.0 3.0087128720879264e-05 3.847537885017091e-06 0.01786460991066896 0.0017519696113786898 22110.51475311368 67.0 -19.382105825934705 0.9020009837917229 1595.77 1654.65 6 90 "Minimization exited successfully."
SN2006bd 52 0.0257 810.1300857669942 0.001218246303717524 -1.7001313452413713 0.38741255613026704 0.0 0.12607934749706828 1.7352662702059562e-05 0.04205142962320907 0.008616332713031749 2573.171968488463 33.0 -17.491947822725738 1.3809187495231825 822.75 872.57 0 52 "Minimization exited successfully."
SN2007bm 85 0.0062 1224.99204720764 0.024972240295219585 -0.8952967985296816 0.5197800775215282 0.0 0.031853057107468885 4.417492027439414e-05 0.011018808792828239 0.0010809911973815867 3514.8940658798456 48.0 -17.657859531647986 1.192485932714753 1217.57 1278.52 11 74 "Minimization exited successfully."
SN2006kf 180 0.0213 1041.3116100051272 0.0032006119684640346 -2.1084962761751114 0.2206389843713672 0.0 0.01897584676464703 6.732902306437428e-06 0.01359880455331286 0.0017878142015950171 20119.597834910648 97.0 -18.120102401682914 1.5023346114686937 1036.81 1127.64 32 148 "Minimization exited successfully."
SN2008bt 84 0.0154 1569.051517190965 0.0032638635400289912 -2.255715289114799 0.4290164049881404 0.0 0.060851483901501524 1.541325169462102e-05 0.016131829484808957 0.0026925928649333963 29737.69676267892 73.0 -17.434420375733215 1.5170965925566229 1571.61 1651.47 0 84 "Minimization exited successfully."
SN2006mr 221 0.0059 1050.950546594779 0.009430735035306448 -1.8078399083123031 0.5166901051450143 0.0 0.024617787106649303 2.341023841321687e-05 0.015351356908107627 0.001952321668375001 99766.20706294615 156.0 -16.491764636878123 1.3933874771230368 1045.86 1147.57 28 193 "Minimization exited successfully."
SN2007le 242 0.0067 1399.8677255948555 0.04245326032421965 0.3022348214378736 0.3130146226869279 0.0 0.01597741256023255 6.871668268224745e-05 0.01012105823254128 0.0011202890393177123 353563.5325334182 140.0 -18.39477881662019 0.9821924834402367 1388.57 1470.55 43 199 "Minimization exited successfully."
SN2008hu 97 0.0497 1806.3351468233195 0.0009092358318353894 -1.759108777942524 0.07906083451876333 0.0 0.06917255371240572 4.176544350732725e-06 0.02955088547433693 0.003145999149663403 715.4030748380194 73.0 -18.637417570288306 1.426399618943421 1804.74 1844.84 5 92 "Minimization exited successfully."
SN2009J 41 0.0158 1835.7991677668977 0.0011235516984464428 -1.7621307501927754 -0.00876066109927065 0.0 0.23011866654962887 2.745759882674117e-05 0.05624472931575464 0.013671762399656118 1183.9651508546553 33.0 -16.32321023183827 1.4360043197075179 1846.74 1867.68 0 41 "Minimization exited successfully."
SN2007N 165 0.0129 1113.1993823434527 0.002357838423123454 -3.010019919267773 0.5797400029157216 0.0 0.04575216003104288 1.670771266230756e-05 0.01608830266883987 0.0046626093503572275 24901.236080354593 104.0 -16.700353431490182 1.7147321694963438 1123.82 1213.67 0 165 "Minimization exited successfully."
SN2006ob 63 0.0592 1063.744676627959 0.0008082473606603136 -2.235413627084206 0.027790407071615064 0.0 0.07019422538780873 3.887137627009451e-06 0.04679728108297865 0.004781679282666151 947.2543735991396 46.0 -18.903871553102505 1.5596826430544368 1060.65 1121.57 6 57 "Minimization exited successfully."
SN2006bh 175 0.0109 833.3475431915805 0.02892398518841277 -1.4780401225574327 -0.01956894989570601 0.0 0.018927467965966116 4.2254166679680724e-05 0.0067241018213355375 0.0009885013235572115 74479.23092776265 106.0 -19.035658860208123 1.3665723474069758 829.91 891.79 23 152 "Minimization exited successfully."
SN2007ba 124 0.0385 1197.3585003927403 0.001140002939868348 -2.9541681708102807 0.34741406084496784 0.0 0.02625803798935067 4.695341097138471e-06 0.029179958806215378 0.0044359844996575415 3991.154203997449 77.0 -18.31630624918519 1.7352550110881708 1190.83 1255.61 28 96 "Minimization exited successfully."
SN2008fp 300 0.0057 1733.5250035056151 0.023958975455531637 -0.3160007554438957 0.6246538116899796 0.0 4.2772330743900966e-07 3.633956812589684e-05 0.007388791030956021 0.0010701004045865492 653833.3329262908 168.0 -17.436235087306045 1.0740201501807451 1724.84 1874.61 72 228 "Minimization exited successfully."
SN2005na 170 0.0263 744.2850088694701 0.005167040587966094 -1.2153418914831104 0.025915717524850113 0.0 2.058154507267318e-06 9.184700105255208e-06 0.011118966554344523 0.001361899592901561 54443.03629674887 141.0 -19.103984569829542 1.3012220752525359 738.71 834.54 18 152 "Minimization exited successfully."
SN2008R 107 0.0135 1492.3814537696726 0.01161504973021676 -2.1707320181566256 0.13151715982120593 0.0 0.023050697389066954 2.2288022265206688e-05 0.007960299301672524 0.0012912631087240722 16352.544756753925 64.0 -18.514661742518854 1.5295103715734424 1493.63 1532.52 0 107 "Minimization exited successfully."
SN2005bg 95 0.0231 469.6514422108397 0.007001015551293766 0.8244007870812631 0.0284102271791693 0.0 0.06622381030527436 1.8702827102405877e-05 0.03211109815913327 0.0016161881436544956 2310.5815934960415 91.0 -19.148118792624114 0.9048075891490228 471.65 512.61 0 95 "Minimization exited successfully."
SN2005ke 367 0.0049 700.3750010813055 0.015713413842558505 -1.8388566147385967 0.5104549207562301 0.0 3.9233282222994603e-07 2.4028352213217516e-05 0.006428354234883749 0.001119095116740798 607732.2468822174 215.0 -16.640751270172753 1.4015273777613864 689.69 819.51 65 302 "Minimization exited successfully."
