analysis_pipeline/fit_results/csp_5_sn91bg_color_interpolation_red.ecsv
# %ECSV 0.9
# ---
# datatype:
# - {name: obj_id, datatype: string}
# - {name: num_points, datatype: int64}
# - {name: z, datatype: float64}
# - {name: t0, datatype: float64}
# - {name: x0, datatype: float64}
# - {name: x1, datatype: float64}
# - {name: c, datatype: float64}
# - {name: z_err, datatype: float64}
# - {name: t0_err, datatype: float64}
# - {name: x0_err, datatype: float64}
# - {name: x1_err, datatype: float64}
# - {name: c_err, datatype: float64}
# - {name: chi, datatype: float64}
# - {name: dof, datatype: float64}
# - {name: b_max, datatype: float64}
# - {name: delta_15, datatype: float64}
# - {name: tmin, datatype: float64}
# - {name: tmax, datatype: float64}
# - {name: pre_max, datatype: int64}
# - {name: post_max, datatype: int64}
# - {name: message, datatype: string}
# schema: astropy-2.0
obj_id num_points z t0 x0 x1 c z_err t0_err x0_err x1_err c_err chi dof b_max delta_15 tmin tmax pre_max post_max message
2004dt 88 0.0020241063738819123 234.97826359461658 8.784639682346551e-14 0.9091832986572634 0.5000621604825364 9.091947310410804e-08 0.0010945502824739606 0.0 0.00031081966065837907 0.689784225408935 147730.34106884807 83.0 -14.167989083324448 1.7830597810214268 249.79 365.62 0 88 "Covariance may not be accurate. Covariance not positive definite. Covariance forced positive definite."
2004ef 111 0.0020000470964460218 266.50584192785533 1.0824674490095276e-14 1.2051054481529793 0.5000405253136951 2.8688296853113943e-09 0.00011938426271740354 0.0 0.0008112669953097562 9.729023615068222e-07 272585.4163330946 95.0 -11.868743891891217 1.4867806405605926 255.69 329.57 22 89 "Covariance may not be accurate."
2004eo 122 0.0020000082616349123 273.7736068009946 5.911937606128959e-14 0.7452297568010777 0.49969302969547075 0.0510280566566564 28.879233376035444 0.9223927728825891 0.3451786677872008 0.710299828217899 1317491.9737514344 84.0 -13.712811378990843 2.0477744902647395 266.52 341.54 35 87 "Covariance may not be accurate."
2004ey 102 0.0020000082699404417 279.5792113141673 1.4455103780619538e-13 0.6765667409532303 0.009053289292776379 8.667319401252371e-11 0.00020446948627750317 8.326672684688674e-17 4.0810659551748785e-07 0.004334604999013669 452116.31080032646 69.0 -15.646569027580433 2.1978010503996472 295.53 358.55 0 102 "Covariance may not be accurate."
2004gc 54 0.0020133606940685245 315.5125790567877 3.722022690055837e-14 0.6507773299428069 0.48810764306238474 0.05059274959874917 22.26048692945102 0.9223869470698598 0.3596958267403385 0.7075749611984804 76855.5921845761 49.0 -13.253145853277843 2.260402081243498 329.83 397.66 0 54 "Covariance may not be accurate."
2004gs 135 0.0020133130440776474 339.22882066589335 2.5729418595688003e-14 0.807072743555971 0.5000426728079574 4.48831144448953e-06 0.03444285171752881 8.326672684688674e-17 0.0025096105045782635 0.00019503203812221148 76331.77351399465 108.0 -12.823156374754674 1.9350791955726763 352.85 461.56 0 135 "Covariance may not be accurate. Covariance not positive definite. Covariance forced positive definite."
2004gu 68 0.002004206025398266 342.8630437171347 2.298161660974074e-14 0.6531706115790811 0.02559404007318017 0.05163115612263831 25.156724768392337 0.9377376557741488 0.39314576286327874 0.5425989261749643 74036.40207084783 58.0 -13.62780291295428 2.254398172108445 357.86 410.84 0 68 "Covariance may not be accurate."
2005A 109 0.0020007396927430917 361.93381813023757 1.607047828144914e-14 1.2475943844430604 0.04623663555860269 1.1564014359803643e-09 1.5711011911889727e-05 0.0 1.763800712151209e-07 0.0075025889715819305 56577.843842498856 75.0 -13.20135711587411 1.458324197713008 376.65 433.53 0 109 "Covariance may not be accurate."
2005M 172 0.002000013014339803 384.2455969321666 8.718026300869042e-14 0.650000000018925 0.5944832952788571 2.2073874499095592e-10 5.872746649515648e-05 0.0 2.2463586546450642e-11 0.0023272669029719695 301157.4416954709 126.0 -13.9737258141015 2.262356822686206 397.73 480.51 0 172 "Covariance may not be accurate."
2005W 40 0.00200001175294571 392.775215554558 2.2765123119938835e-13 0.6500001912110592 0.47174842911814263 7.836232871361731e-10 0.014891507779481117 0.0 8.628588066272869e-09 1.5411438618995188e-05 176354.46388228633 35.0 -15.243571102590877 2.262354904021361 404.54 429.51 0 40 "Covariance may not be accurate."
2005ag 41 0.0020000069631182205 423.97960744473096 8.326672684688674e-17 0.650000000001393 0.0002776298920575959 2.6125194516404826e-09 0.003170735454403939 0.0 1.7978425970177625e-09 0.0018898503771261066 39679.09513275539 36.0 -7.5616091736706466 2.2623391639133743 412.82 479.84 12 29 "Covariance may not be accurate."
2005al 98 0.002000017505348354 424.91302513811667 4.2799097599299785e-14 0.9327047996441407 6.025536736231629e-09 3.372141058142347e-10 0.00014873592459707652 0.0 2.6120451247502174e-06 1.2562984982339431e-05 121357.00319691803 73.0 -14.339465962713604 1.7520523495225682 429.76 512.79 0 98 "Covariance may not be accurate."
2005am 66 0.002019312514573688 435.342128740356 2.312317004538045e-13 0.8100299946380872 0.5003255961338409 5.202465380824313e-08 29.16439446391999 8.326672684688674e-17 0.0002032451165857596 0.00013603623027663714 222190.87189852155 48.0 -15.213225485764024 1.9301811491879093 433.71 490.46 2 64 "Covariance may not be accurate. Covariance not positive definite. Covariance forced positive definite."
2005be 23 0.0020006172762620715 454.58287586198264 2.1899149160731213e-14 0.7073585738759018 0.5000261909268863 3.3242947027186873e-07 0.03269668667431347 8.326672684688674e-17 0.001666363401498283 6.707952268303341e-05 84727.43903098995 18.0 -12.634417408338699 2.1275538657784594 467.89 491.77 0 23 "Covariance may not be accurate. Covariance not positive definite. Covariance forced positive definite."
2005bg 31 0.0020341080550108984 458.98960030228466 2.3564483697668948e-14 1.2107603235291293 0.49890587976181705 0.05032421588732722 28.008553585655193 0.9224069212442009 0.42235597266544117 0.7101243924363495 37017.36296010917 26.0 -12.75284280324884 1.4828232331573794 472.67 512.61 0 31 "Covariance may not be accurate."
2005bl 23 0.002003056968277713 482.7825107341415 6.494804694057166e-15 0.6500360578817259 0.4940581846760828 2.934946734668535e-08 0.02451689442588645 0.0 2.7500546379011226e-07 2.7934553220893e-05 5913.876025888688 18.0 -11.332041590897099 2.26226549176733 476.61 512.57 12 11 "Covariance may not be accurate."
2005bo 18 0.0020177245073073357 480.33573208707185 2.8310687127941492e-14 0.6557119330965022 0.19778693989108465 0.05052458571867167 27.50644444758649 0.922388312247238 0.35088079488505813 0.5981284778386942 7983.333274975528 13.0 -13.542780865101633 2.248091338698405 478.75 512.76 4 14 "Covariance may not be accurate."
2005el 143 0.002005046845469665 643.305115392294 3.647082635893639e-14 0.8712702455489579 2.6237457705913236e-06 7.138276845054109e-09 0.00017804823221467814 0.0 3.114566671402752e-06 2.4304997059798605e-05 144385.75753117853 45.0 -14.171201517032182 1.836090591793214 639.89 730.75 9 134 "Covariance may not be accurate."
2005eq 112 0.002059476548103342 637.8155382906664 2.1815882433884326e-14 1.2499994961321788 0.41225674343951263 0.051961216596252434 22.129047505240692 0.9223868783419239 0.36872359947757266 0.6869356463216928 67056.11729615291 50.0 -12.891080783591953 1.4567913678978925 647.8 751.66 0 112 "Covariance may not be accurate."
2005gj 112 0.0020000301427256085 713.8272124018355 7.41073868937292e-15 1.0665615711320011 0.48247824176500154 0.05461477839801869 31.228108418352633 0.9874347428237379 0.4430954684529966 0.726881053153551 193298.78023039477 58.0 -11.499865607039773 1.6040057919737265 698.7 1016.76 22 90 "Covariance may not be accurate."
2005hc 84 0.0020019782449995083 679.0309620145013 4.163336342344337e-16 1.2056250639682342 9.273284195732145e-05 3.2680408416311396e-09 0.00012823490180835506 0.0 1.2640604887259599e-06 0.0001449348472415679 274408.8439711193 40.0 -9.311468187233341 1.4864000774432569 661.67 755.61 44 40 "Covariance may not be accurate."
2005hj 52 0.002087154270553061 676.059325818976 3.6637359812630166e-15 1.1036644012191452 0.42107073469864653 0.049887788873974256 28.270428801640833 0.9223869195825649 0.45534692808631677 0.6895884105685184 9129.619106368904 27.0 -10.964685568678131 1.569063622152072 671.67 761.57 13 39 "Covariance may not be accurate."
2005hk 156 0.00200003447672134 682.8306521102833 4.8128168117500536e-14 1.2405643299726368 0.9999983129441474 1.859854685624246e-10 6.597103026706463e-05 0.0 2.5853547724885573e-07 5.961722525926749e-06 147117.40839808006 51.0 -12.510589656938677 1.462873844556409 675.61 761.54 32 124 "Covariance may not be accurate."
2005iq 84 0.0020000075263035518 686.1131395344165 6.994405055138486e-15 0.6500000000234855 2.1815882433884326e-13 1.2749759212803136e-10 8.854265655600102e-05 0.0 1.9205359524931964e-11 2.6339176645628903e-05 40649.219581996666 34.0 -12.372745353953157 2.2623391561949937 682.55 755.55 12 72 "Covariance may not be accurate."
2005ir 13 0.0020000257050757264 670.420778057946 8.1601392309949e-15 0.6500000000000875 0.5000914384524485 3.838471419968098e-07 0.16620562672011374 8.326672684688674e-17 7.235743287870022e-07 0.000856083759387033 5887.966508851662 8.0 -11.561847109316766 2.262356466332264 682.62 740.53 0 13 "Covariance may not be accurate. Covariance not positive definite. Covariance forced positive definite."
2005kc 77 0.0022479932814160318 695.1742324258174 2.456368441983159e-14 1.2499741535866224 0.3608311810180439 0.04915692738877273 28.98272029671699 0.9239719559231953 0.3706056615223449 0.6704209508115304 11346.417125850616 20.0 -13.311469701979007 1.4568065799398262 687.52 728.54 26 51 "Covariance may not be accurate."
2005ke 222 0.002030862409185695 698.7658799917347 4.238276396506535e-14 1.2171249839953953 0.42846976034178363 0.050488066187617975 29.174960321785875 0.9247912849648557 0.4199824524974464 0.6925436406535247 288252.73775618215 81.0 -13.547770427163982 1.478443582204136 689.69 819.51 40 182 "Covariance may not be accurate."
2005ki 147 0.0836602343407598 695.1030510888068 1.607047828144914e-14 1.2473111464540316 0.20245529342864493 0.055131575414113024 26.82456374957576 0.9333932136264605 0.38992466495320327 0.5999514365877231 168157.68227280554 86.0 -21.136808006733084 1.4585116463828847 695.86 858.54 0 147 "Covariance may not be accurate."
2005ku 17 0.002000026455902476 723.8956191467975 8.326672684688674e-17 0.6500000238415732 0.07810708217825307 0.07393730592411267 37.23258817411585 1.3365663425475154 0.5346758984862778 0.7098720208442484 30221.79223231464 9.0 -7.431504924154847 2.262341526565237 699.56 739.53 13 4 "Covariance may not be accurate."
2005lu 39 0.0020000122109550345 706.919430304298 1.582067810090848e-14 0.6500000000000014 0.002671722814204025 1.1199023251719925e-09 0.00031028589830839337 0.0 1.9313445287494346e-10 0.0038860824957648588 22242.726127944785 29.0 -13.254720120187063 2.2623392302526533 719.66 799.52 0 39 "Covariance may not be accurate."
2005mc 31 0.002021893811823424 723.1262681748797 1.3822276656583199e-14 1.1368510283437434 0.5213199566617823 4.496977533971838e-08 0.0002477206943467536 0.0 7.710332111110496e-06 0.0044202892158612395 9636.560283155828 26.0 -12.123737291165344 1.539845900744119 736.79 773.62 0 31 "Covariance may not be accurate."
2005na 79 0.0020000208766253356 736.617736858887 1.199040866595169e-14 1.0976506230247938 3.77611951152268e-08 2.944219638055523e-10 0.00013237740853355717 0.0 1.8427472074922235e-06 2.2011166666835447e-05 86059.08924595822 54.0 -12.957967973491893 1.5745645486042825 738.71 834.54 0 79 "Covariance may not be accurate."
2006D 151 0.0020066329787343062 745.0454259139889 1.0608181000293371e-13 1.2204060488348256 0.500287494493799 8.761108626770264e-09 0.00024001936640161148 4.163336342344337e-17 1.5662088077572633e-06 0.32820522331182833 165311.97106257538 82.0 -14.353569810647151 1.4762174730615065 752.87 891.61 0 151 "Covariance may not be accurate. Covariance not positive definite. Covariance forced positive definite."
2006X 188 0.0020119541733281602 791.2823699492508 2.002564780667626e-13 1.1327458139318392 0.5002643454688942 5.7596904349127304e-06 0.09915289135443572 1.2073675392798577e-15 0.004780390816270574 0.000915835073523219 399153.14633663767 78.0 -15.049230166866252 1.5433447493210046 775.68 891.59 53 135 "Covariance may not be accurate. Covariance not positive definite. Covariance forced positive definite."
2006ax 146 0.0020148617665941117 825.9349474131046 3.0309088572266774e-14 0.974183399559658 0.00136730601518259 1.5953740455229223e-08 0.00020797407165673576 0.0 4.2129712440885925e-06 0.0003655943625473501 143081.3269688362 46.0 -13.97873851527809 1.7013731742667222 815.64 891.5 25 121 "Covariance may not be accurate."
2006bd 31 0.0021072222628411917 809.0517721598875 1.0075273948473296e-14 0.6719106811121736 0.5044668998915701 0.052269795645723524 27.284025410167203 0.9223870025162769 0.3165680982114251 0.7113862148247974 11146.060269812971 11.0 -11.89738704254772 2.2088278737207965 822.75 872.57 0 31 "Minimization exited successfully."
2006bh 102 0.0020000057817378737 817.4151136979152 1.4521717162097048e-13 0.9224344765342367 0.0008325146515351656 3.431255848028447e-10 0.00013520246045573003 4.163336342344337e-17 4.416866166201405e-06 0.0003649766207330096 88545.57538434054 36.0 -15.664599634725974 1.7653905746695244 829.91 891.79 0 102 "Covariance may not be accurate."
2006br 41 0.002003754662087523 847.3949652851637 9.908740494779522e-15 0.6500014523924977 0.5000244354270585 3.385368234614522e-08 0.00045972742611866124 0.0 5.5789841246767224e-08 0.2852518834770921 6810.201779819148 15.0 -11.7768060450483 2.2623528111442184 855.66 891.66 0 41 "Covariance may not be accurate. Covariance not positive definite. Covariance forced positive definite."
2006bt 49 0.0020231612723236978 844.0500014067961 1.3572476476042539e-14 1.1611879854776432 0.5031833205160116 0.050580880444181284 29.082260666450452 0.9248022898543812 0.43930537189912 0.7121307603394618 45242.94460635754 17.0 -12.134383579861044 1.5198076857646257 853.76 891.71 0 49 "Covariance may not be accurate."
2006dd 76 0.08499988908469693 927.8450111491761 3.103350909583469e-13 1.1696484666113942 0.4483693243748649 1.4748822316223986e-08 0.002561038161502438 1.249000902703301e-16 0.0008682721934509807 4.188845550121001e-05 176242.4991230295 70.0 -23.907833111967594 1.513127809050781 979.93 1147.57 0 76 "Covariance may not be accurate."
2006ef 20 0.002267900230295323 987.6603051139139 1.1157741397482823e-14 0.6674710094078617 0.508893357416342 3.0909746788731086e-05 0.048423536396342115 0.0 0.0009106048237817466 0.00035666486352442517 155494.29108850614 15.0 -12.160986534177333 2.2194359948905387 979.9 1040.71 6 14 "Minimization exited successfully."
2006ej 21 0.002000012245145938 970.0084266859037 6.603051438958119e-14 0.6523019920907495 0.8015962949949775 2.8852435627300943e-09 0.0006487681671387691 0.0 3.104775500528678e-06 0.011359920817724356 17095.528469486017 6.0 -13.258542602933577 2.2565836491438596 980.72 1018.7 0 21 "Covariance may not be accurate."
2006eq 62 0.024287895484384682 966.2275566169645 7.244205235679146e-15 0.7443524140900631 0.5017623933928614 0.061392703593454306 22.426652687874935 0.928855890256502 0.3440398483329664 0.7134944264047921 4591.488884606481 29.0 -16.88899137228526 2.049527766401056 980.56 1029.51 0 62 "Covariance may not be accurate."
2006et 151 0.002000011251855146 969.1055872364692 1.1474154959500993e-13 0.6500000021691048 0.5000254208855768 0.08299617545038068 0.08121557848767225 1.0408340855860843e-15 9.40767890589278e-07 0.0004364846024652036 183665.57884262796 45.0 -14.43199323629791 2.262356460658772 982.63 1099.54 0 151 "Covariance may not be accurate. Covariance not positive definite. Covariance forced positive definite."
2006ev 87 0.0020184018829514988 979.1821976016453 2.4730217873525362e-14 0.6521758388890933 0.37732137319151177 0.05083795255413975 22.5583919665998 0.9283449500553247 0.3554660295519688 0.7321351020089477 26371.92535163858 23.0 -13.053080768867055 2.2568945671037213 993.59 1039.52 0 87 "Covariance may not be accurate."
2006fw 6 0.0020002162033582833 988.8918230020628 3.164135620181696e-15 0.6500000406844006 0.07883706220929282 0.050982337479662715 20.316792375712964 0.9223869798634957 0.3688890623552348 0.5165776527696408 1863.9444229578899 1.0 -11.379872842047966 2.262341509827152 1001.75 1039.73 0 6 "Covariance may not be accurate."
2006gj 70 0.03718922211204976 1006.7729753924253 0.03811542830473333 0.7524103098408647 0.6468120817587893 0.0415 20.0 0.75 0.3 0.5 3.2195379161672034e+30 35.0 -49.380686398131736 2.033600233359243 998.83 1096.59 10 60 "Minimization exited successfully."
