analysis_pipeline/fit_results/csp_5_sn91bg_salt2_phase_blue.ecsv
# %ECSV 0.9
# ---
# datatype:
# - {name: obj_id, datatype: string}
# - {name: num_points, datatype: int64}
# - {name: z, datatype: float64}
# - {name: t0, datatype: float64}
# - {name: x0, datatype: float64}
# - {name: x1, datatype: float64}
# - {name: c, datatype: float64}
# - {name: z_err, datatype: float64}
# - {name: t0_err, datatype: float64}
# - {name: x0_err, datatype: float64}
# - {name: x1_err, datatype: float64}
# - {name: c_err, datatype: float64}
# - {name: chi, datatype: float64}
# - {name: dof, datatype: float64}
# - {name: b_max, datatype: float64}
# - {name: delta_15, datatype: float64}
# - {name: tmin, datatype: float64}
# - {name: tmax, datatype: float64}
# - {name: pre_max, datatype: int64}
# - {name: post_max, datatype: int64}
# - {name: message, datatype: string}
# schema: astropy-2.0
obj_id num_points z t0 x0 x1 c z_err t0_err x0_err x1_err c_err chi dof b_max delta_15 tmin tmax pre_max post_max message
[from data line 97]
2008bq 64 0.06839163725353412 1549.2036960694456 7.60225216112076e-14 0.8521852575930848 0.5006905088955315 0.04797463547467128 27.611081517156776 0.9226637272802585 0.39687153104291617 0.7106450725342149 207846.4789832508 57.0 -21.761447678088558 1.8631725601172473 1562.49 1606.46 0 64 "Covariance may not be accurate."
2008bt 49 0.08083314350035341 1558.3919777007463 8.984479826779079e-14 0.8317560127507118 0.4991475343801488 8.19001666330782e-06 nan 4.163336342344337e-17 9.298632619414438e-05 0.00011653335060451964 54154.247175705175 30.0 -22.328002080121298 1.8943255792083313 1571.61 1651.47 0 49 "Covariance may not be accurate."
2008bz 44 0.08121614166948475 1566.0425154563227 3.7386760354252146e-14 0.7122676818239181 0.5000812271230908 1.0080215856397845e-05 nan 0.0 0.00010185269655660356 0.00011473981366014185 60422.41231392205 29.0 -21.38467507156849 2.1153129921573495 1580.72 1651.52 0 44 "Covariance may not be accurate."
2008cc 81 0.07675307566790539 1568.1637356214062 2.3389623571290485e-13 1.036284605817931 0.24477931342223358 0.042299794508422896 23.121924925588928 0.924775527375619 0.40136286474433464 0.6222356946258375 118362.56903008578 36.0 -23.747947737276238 1.6334273380657933 1582.86 1654.86 0 81 "Covariance may not be accurate."
2008cd 14 0.08157212882622852 1580.237037837969 7.327471962526033e-15 0.6500242127817347 2.5695612304588167e-11 1.857201093746763e-07 0.0001456676171756044 0.0 5.14359224657035e-08 0.00029882160421057513 1733.579005423669 9.0 -20.603569999825833 2.2605932664366897 1587.74 1595.73 0 14 "Covariance may not be accurate."
2008cf 45 0.07869879311486894 1600.733861363856 1.8568480086855743e-14 0.7921919522306808 0.4984004198125281 1.8930975155539986e-07 0.012588624235263524 0.0 2.4410514118389237e-06 4.6852587446410965e-06 76127.82141870764 40.0 -20.55669938667396 1.959225688916998 1595.77 1654.65 12 33 "Covariance may not be accurate."
2008ff 86 0.08004910956348162 1709.5357226829979 4.0467629247586956e-14 1.229092354810889 0.05169763023091345 0.04127657403496344 24.394502542457303 0.9223912683709224 0.4104464287255743 0.696199544233961 14896.48929330514 58.0 -22.33108439916329 1.4699691854942607 1724.53 1790.57 0 86 "Covariance may not be accurate."
2008fl 89 0.07177105642643768 1711.8777120209006 1.211530875622202e-13 0.8087267592063052 0.49999766915556315 0.045965247042971356 20.06157853761806 0.9224603844377331 0.4438210581606396 0.7103986830063899 186524.40245532262 61.0 -22.37846158900968 1.9312532803630944 1724.49 1789.53 0 89 "Covariance may not be accurate."
2008fp 115 0.06449417925146216 1732.241493018834 2.1707635688983373e-13 1.1707296147509654 0.36007742509766566 0.05953031741513891 28.90581717146199 0.9223868109183854 0.3347467241761965 0.6698015875724279 86697.49546508004 76.0 -23.068447179158703 1.5117891625609072 1724.84 1820.73 18 97 "Covariance may not be accurate."
2008fr 68 0.07440363894734264 1724.0133725398418 4.9710235927591384e-14 1.0408189820821372 0.5433022244321598 2.1389719549042008e-07 2.4911370360314322e-05 0.0 2.332801263493778e-06 0.00159372120583956 45442.80881227034 42.0 -21.423061804148738 1.6288362492589066 1740.72 1807.57 0 68 "Covariance may not be accurate."
2008fu 45 0.006879917584572808 1723.3411231897069 0.0243633864025187 0.6758466476231575 0.4997335513836304 nan nan nan nan nan 8.537960043839842e+28 33.0 -45.44124550849661 2.1979412596722394 1740.75 1817.67 0 45 "Covariance may not be accurate. Covariance not positive definite. Covariance forced positive definite."
2008fw 92 0.08342767835155665 1728.687117011943 5.178357742607886e-13 0.8592950594908115 0.4798046606974511 0.04652433843928693 20.33786221751086 0.9223865800277656 0.4411617578182108 0.7055543475239863 180380.15442901748 41.0 -24.348975230430725 1.8526260319651282 1740.89 1827.81 0 92 "Covariance may not be accurate."
2008gg 96 0.006959550957949683 1739.013285311027 4.0717429428127616e-14 1.0754419060799378 0.19588991365339525 0.00019752125372417446 0.07488971800455602 0.0 0.006605372736035453 0.0029415987889729323 76818.2518791669 61.0 -16.63850179983619 1.5948350554526751 1753.63 1827.57 0 96 "Covariance may not be accurate."
2008gl 79 0.07719785826096373 1774.034532652035 2.8310687127941492e-14 0.9606389007980614 0.5007142480872425 0.00014659301985015666 0.0022985836756106437 8.326672684688674e-17 0.002188939175749083 0.002880234990051328 259572.37294065673 68.0 -20.965463381178367 1.7165960354893919 1765.7 1844.55 20 59 "Covariance may not be accurate. Covariance not positive definite. Covariance forced positive definite."
2008go 24 0.05955856795418826 1769.0279783912993 2.6645352591003757e-15 1.2340055589391998 0.37068842471544317 8.944644757234027e-06 20.03800008162409 0.0 1.7685559872582246e-05 9.212555802692868e-05 61189.777122679836 19.0 -18.090321276187595 1.4667407629855802 1765.61 1776.58 12 12 "Covariance may not be accurate."
2008gp 73 0.059763672858344496 1779.6879428225202 1.4904744105592727e-14 1.2351636303109603 0.1470095554238796 0.05946736269701875 29.400160881771285 0.9223884410207376 0.32634279841716024 0.5678541746640833 55028.697612186836 68.0 -20.404979879245406 1.4659754080933745 1768.75 1814.69 14 59 "Covariance may not be accurate."
2008ha 50 0.08105166300840556 1772.750440678497 2.481348460037225e-14 0.7873062709412088 0.49980886024219 0.042461848525358455 29.262645070115582 0.9223892178618124 0.44344379600817385 0.7103249394823702 15849.075169235677 45.0 -20.93555002056359 1.9677483744947608 1781.55 1810.55 0 50 "Covariance may not be accurate."
2008hj 62 0.06965929409266716 1782.0349120811554 6.111777750561487e-14 1.221678333901213 0.5001011579503583 2.5093856175911755e-06 0.0037768402156643788 4.163336342344337e-17 1.0498864934982421e-05 0.747302634298566 235370.15356243134 57.0 -21.56727912538024 1.4749310784786598 1795.56 1834.55 0 62 "Covariance may not be accurate. Covariance not positive definite. Covariance forced positive definite."
2008hu 45 0.06929183590543482 1799.8332465099427 4.3298697960381105e-15 0.9386518146306287 0.5078359449586443 6.245111007982529e-07 4.1968126791229 0.0 5.7427366313977934e-06 9.429094287194406e-06 77625.10625042979 40.0 -18.668740713673845 1.7436685442508058 1806.76 1840.68 0 45 "Covariance may not be accurate. Covariance not positive definite. Covariance forced positive definite."
2008hv 93 0.07626611144326985 1817.9595439026816 1.972588759002747e-13 0.6895517157079991 0.5000788891519917 3.1966836330776793e-08 2.548624047449266e-05 4.163336342344337e-17 2.0080794832511017e-07 0.2672414177974104 549643.0588425831 72.0 -23.04638482676595 2.166146513166696 1806.79 1884.68 23 70 "Covariance may not be accurate. Covariance not positive definite. Covariance forced positive definite."
2008ia 57 0.08398294713526518 1798.2759219021289 1.1732281812726342e-13 0.6567809547263868 0.505521847074634 7.829560749739173e-10 7.558060019619006e-06 0.0 4.238843298587369e-08 0.0013413561766177917 124239.41477465918 43.0 -22.69466412841217 2.2438069820999758 1809.77 1858.76 0 57 "Covariance may not be accurate."
2009D 83 0.041290904219599786 1843.13052374996 5.6621374255882984e-14 1.0834647275875247 0.42029950342150324 0.057718678577155395 29.083196837312357 0.9223873653198914 0.44371890219128723 0.6893592243121562 232754.87810881398 78.0 -20.485203812757142 1.5872188697866108 1834.67 1884.53 28 55 "Covariance may not be accurate."
2009F 57 0.045044423994468556 1847.6023776767122 1.4155343563970746e-14 1.1528242482268498 0.42995447698516104 0.05687833862285152 29.278613318076623 0.9223868931086396 0.34638388858434027 0.692193452758085 137664.29647162452 52.0 -19.15461197012983 1.5260363307395117 1837.75 1884.63 28 29 "Covariance may not be accurate."
2009I 18 0.04918116682851337 1848.9390563241643 9.242606680004428e-15 0.6500001200930045 0.46561557017250293 2.883158094421634e-07 0.00016483907609199377 0.0 1.945884786636043e-09 0.0025779002053739064 26859.58186504394 13.0 -18.810365449971314 2.2606695027959596 1848.58 1867.58 4 14 "Covariance may not be accurate."
2009J 23 0.08302577767086572 1845.2696075120798 6.994405055138486e-15 0.6516422575831766 0.5071434454242411 0.00010786704906382005 0.05481348741784586 4.163336342344337e-17 0.00022540989305408488 0.006199845819174488 6108.750780241004 18.0 -19.604168585564572 2.2565569299066546 1848.7 1867.68 0 23 "Covariance may not be accurate. Covariance not positive definite. Covariance forced positive definite."
2009P 53 0.07089535428127637 1857.01799874412 9.29256671611256e-14 0.6669860538075145 0.4999727596289134 0.00039666197055646113 0.023163050566950005 1.6653345369377348e-16 0.0005925253134128061 0.0002774443552628625 33021.878557729506 38.0 -22.062517717938388 2.21899559358987 1867.74 1931.61 0 53 "Minimization exited successfully."
2009Y 116 0.0839785477114182 1877.1654564903645 2.2207236050064694e-13 1.0850671505659524 0.3100980524837341 1.89015318202701e-06 0.012620331132552565 1.6653345369377348e-16 nan 0.00038417290347611543 184991.12243806373 77.0 -23.78610064514217 1.5857062521633498 1869.84 1976.65 18 98 "Covariance may not be accurate."
2009aa 82 0.03995043887969968 1879.6998776649139 1.50712775592865e-14 1.2422126695794329 0.0165953968304674 0.056235671404983256 29.399323911039573 0.9223868983858675 0.39573703698427115 0.5573613204128054 75149.50839858929 74.0 -19.744994189950383 1.4613849831179166 1869.68 1938.65 28 54 "Covariance may not be accurate."
2009ab 40 0.05722909871011585 1891.6701887289225 6.336597913048081e-14 1.2003396124450902 0.40438414262442307 1.0794173451594835e-07 5.333026467724267e-05 4.163336342344337e-17 4.7040931971942257e-07 0.0006200786794752222 373330.3937557206 35.0 -21.374300773125512 1.489711542158524 1874.57 1911.51 24 16 "Covariance may not be accurate."
2009ad 48 0.07784077257373437 1893.0264464661577 2.964295475749168e-14 1.2491238239524889 0.5105547118760219 1.9660558875714274e-06 0.00023462427816411946 0.0 0.0001067735407909165 2.9618813100984465e-05 302688.1069604412 43.0 -21.018755335851207 1.4569487861907469 1878.6 1915.45 24 24 "Covariance may not be accurate."
2009ag 72 0.08327331351282828 1884.485028084407 2.0258794641847544e-13 0.6714568472910887 0.5065029834188532 3.988479004707335e-08 0.007722140695250346 4.163336342344337e-17 1.0940714378904204e-06 8.580174749139857e-06 301401.628019411 67.0 -23.2666841881175 2.2083193484109334 1888.59 1937.5 0 72 "Covariance may not be accurate."
2009al 55 0.07597788212333943 1876.7694273961508 2.0358714714063808e-13 0.7852497564955327 0.49666046258959123 0.04298737172289308 25.231527933796315 9.166737369170619e-10 0.3676164547659463 0.7095989700783117 47421.73442824059 23.0 -23.080354944295575 1.9713719287516867 1897.7 1947.57 0 55 "Covariance may not be accurate."
2009cz 32 0.08361023394500089 1952.4149651569749 1.1082801343320625e-13 0.6500011362800224 0.5413822753654494 8.476838474213988e-09 2.6169181296609167e-05 4.163336342344337e-17 1.2527704984499621e-09 0.0018332140260791108 217595.76818279034 22.0 -22.564124778233015 2.260668360073188 1937.53 1966.46 20 12 "Covariance may not be accurate."
2009dc 40 0.08395592281497755 1923.7711485027282 5.067612995901527e-13 0.7845676906641664 0.3142096381621823 1.9477159774516917e-05 0.0007401570272804747 2.0816681711721685e-16 0.0010470485894081283 0.0012724741260624894 163520.68477212288 35.0 -24.674133112333138 1.9725740303143287 1942.81 1976.68 0 40 "Covariance may not be accurate."
2009ds 36 0.08352581801701708 1939.646718208209 2.084998840246044e-13 1.2490396990546309 0.35944304994243065 7.948937446256021e-05 0.0036002236225840534 0.0 0.00042548683182308533 0.0014512301954198725 116606.05407099282 31.0 -23.616540666869746 1.456999353329353 1956.68 1976.62 0 36 "Minimization exited successfully."
2009le 36 0.08358526083021033 2141.549796404945 1.50712775592865e-13 1.2377710034848244 0.4375799853965716 0.046981499236084905 16.521580833142934 0.9223867508085508 0.33047399240455827 0.6943749938643424 314795.237466205 31.0 -23.10865053483854 1.46428056031068 2155.62 2169.58 0 36 "Covariance may not be accurate."
2010ae 5 0.01248014295494357 2258.7318115798635 6.161737786669619e-15 1.0184507343552844 0.526547221773212 0.059008145259050335 27.046105871302416 0.9223869912500235 0.4071710752478634 0.7161809287447805 138.24813147511014 0.0 -15.207961437914761 1.651876489798017 2271.53 2305.53 0 5 "Covariance may not be accurate."
