analysis_pipeline/fit_results/csp_4_salt2_2.4_blue.ecsv
# %ECSV 0.9
# ---
# datatype:
# - name: obj_id
#   datatype: string
# - name: num_points
#   datatype: int64
# - name: z
#   datatype: float64
# - name: t0
#   datatype: float64
# - name: x0
#   datatype: float64
# - name: x1
#   datatype: float64
# - name: c
#   datatype: float64
# - name: z_err
#   datatype: float64
# - name: t0_err
#   datatype: float64
# - name: x0_err
#   datatype: float64
# - name: x1_err
#   datatype: float64
# - name: c_err
#   datatype: float64
# - name: chi
#   datatype: float64
# - name: dof
#   datatype: float64
# - name: b_max
#   datatype: float64
# - name: delta_15
#   datatype: float64
# - name: tmin
#   datatype: float64
# - name: tmax
#   datatype: float64
# - name: pre_max
#   datatype: int64
# - name: post_max
#   datatype: int64
# - name: message
#   datatype: string
# schema: astropy-2.0
obj_id num_points z t0 x0 x1 c z_err t0_err x0_err x1_err c_err chi dof b_max delta_15 tmin tmax pre_max post_max message
SN2008J 38 0.0159 1469.9593129571504 0.005092811544304971 4.999999999995811 0.9999999999940878 0.0 0.09944175988937332 2.711793950895122e-05 0.0009926032578091437 0.0001955621241332972 21637.640995571786 34.0 -18.097097586938304 0.20076346984519589 1484.54 1515.52 0 38 "Minimization exited successfully."
SN2005kc 48 0.0151 698.198902897796 0.006444736535835408 -0.6409862258018961 0.3523752553151547 0.0 0.015202816103339956 1.5310719788107306e-05 0.01878985588019555 0.0036967484623876556 1721.2619463550263 44.0 -18.127423137606733 1.154593259784681 687.52 728.54 19 29 "Minimization exited successfully."
SN2005A 73 0.0191 381.56501910662405 0.0008404293362949928 -0.6321538695139655 0.9999999133308961 0.0 5.111061625484581e-06 1.4799299713013866e-06 0.024960504757916002 7.578002818109386e-05 2314.9700362629296 69.0 -16.479791280865502 1.1042581865813403 376.65 432.52 8 65 "Minimization exited successfully."
SN2009Y 116 0.0094 1878.3401406563114 0.03136050794214271 0.044676028794286005 0.23520629629325485 0.0 5.154788595973514e-09 3.0218792130488198e-05 0.010246408334171342 0.0013997291436953496 392133.9327545411 112.0 -18.80330503873919 1.0322338200043006 1869.84 1976.65 18 98 "Covariance may not be accurate."
SN2004gs 164 0.0267 358.34501121679847 0.0020089418664036326 -2.31419138246108 0.24512403152020257 0.0 3.4987135109076917e-06 3.881907717880094e-06 0.013718082621287042 0.0032425687101859113 74976.00013776457 160.0 -18.114519470158235 1.5559630811352818 352.85 461.56 16 148 "Minimization exited successfully."
SN2004eo 147 0.0157 278.7450613771281 0.010668195475119109 -1.1741009186056663 0.115331559652462 0.0 7.739747275081754e-06 9.882104227286644e-06 0.004377132280488416 0.0015941545363159504 18111.947679268967 143.0 -18.75403579499329 1.2845818332193168 266.52 341.54 45 102 "Minimization exited successfully."
SN2008gp 73 0.0334 1779.7455090626281 0.003202595589413038 -0.11241451205623143 0.02308189560867513 0.0 0.013226449712192334 6.929021412484335e-06 0.01618801911466372 0.002671245176151027 1972.31937401707 69.0 -19.11577144342062 1.0730938397759218 1768.75 1814.69 14 59 "Minimization exited successfully."
SN2007ca 44 0.0141 1228.3057966599624 0.005926063172362429 0.6623549884260704 0.3710796882950089 0.0 0.015880905637345677 1.1148413366765617e-05 0.01618719308648764 0.002856256128965673 1162.7713252252347 40.0 -17.887482023710266 0.9177403071241628 1218.68 1259.63 11 33 "Minimization exited successfully."
SN2009al 55 0.0221 1896.4650755486393 0.0052742246233619845 0.173399045111565 0.16785919160566065 0.0 8.895529617802822e-06 1.8857282467343948e-05 0.02478698477773733 0.0043579550329199135 1024.79438649668 51.0 -18.743852695776575 1.012522597978041 1897.7 1947.57 0 55 "Covariance may not be accurate."
SN2008ae 30 0.03 1510.0290891294196 0.0006047087572092741 -1.7510251203022626 0.5261313709637279 0.0 0.14915670053380836 6.556728500384213e-06 0.10794734263573358 0.013941766187021365 1824.613111136816 26.0 -17.081188479248326 1.3788419266616927 1508.74 1597.56 3 27 "Minimization exited successfully."
SN2006dd 141 0.0059 988.4598295908967 0.008269797639305649 4.99999999828087 0.8177618331894578 0.0 0.03595526649303338 1.6861078936418125e-05 0.00033191047417879815 0.003241905713509019 778139.2630826999 137.0 -16.433227043992993 0.19729671061381104 906.94 1147.57 10 131 "Minimization exited successfully."
SN2005ki 163 0.0192 705.843556729148 0.009281102632602109 -1.5094499828224013 -0.017786305014646064 0.0 0.013352700373900461 1.8488184294295634e-05 0.011358845331924883 0.0029814175290058254 215406.61244164532 159.0 -19.044712113874986 1.3740006623493635 695.86 861.5 12 151 "Minimization exited successfully."
SN2007if 67 0.0742 1355.9504171318588 0.001061504122510573 0.6955527709621112 0.3613657608313945 0.0 5.199567226554791e-06 3.042914575836263e-06 0.03482956619401101 0.0024549987302957543 20146.074231574385 63.0 -19.722091381584008 0.9126147969161593 1357.77 1443.6 0 67 "Covariance may not be accurate."
SN2006D 147 0.0085 759.3351214551685 0.02884257830395038 -1.5579372638483955 0.14558465773783147 0.0 1.4111151358520146e-08 5.1393833945936884e-05 0.01007172034628634 0.0018903514181196623 451232.0329108733 143.0 -18.48969076602196 1.370479574939294 751.84 891.61 8 139 "Covariance may not be accurate."
SN2006lu 80 0.0534 1039.18203952744 0.0010295603178919865 -0.3918751586531517 0.1426727155204166 0.0 5.446134764497401e-05 3.827255641489181e-06 0.03405066774341492 0.00692496798496145 12172.441310597815 76.0 -18.935570862558848 1.119815154513418 1040.84 1137.75 0 80 "Covariance may not be accurate."
SN2009ag 72 0.0086 1890.0586734960427 0.01084291229068998 -0.3885980761858745 0.43230801389320805 0.0 0.03473657745814762 2.52026435686014e-05 0.014954994349267281 0.0020750258950518186 1100.612463461769 68.0 -17.462489850333974 1.100397854122308 1888.59 1937.5 4 68 "Minimization exited successfully."
SN2006ev 29 0.0287 989.6844564775586 0.0018958850837971443 -1.3791689171804866 0.2741351033114754 0.0 0.1362287688376682 2.11690403031081e-05 0.04098847752850343 0.008672990290665039 95.98832443516815 25.0 -18.212942257668235 1.3168465563792218 994.59 1038.53 0 29 "Minimization exited successfully."
SN2009cz 32 0.0211 1943.8843619076215 0.008049393622835683 0.6871901384861276 0.09530187289904468 0.0 0.025561653712884436 2.0221995386458108e-05 0.02902213082356475 0.003225203658227316 533.6002085553397 28.0 -19.100020852166807 0.9255925531591433 1937.53 1966.46 12 20 "Minimization exited successfully."
SN2006gj 52 0.0284 1001.3100145096173 0.001115490842413644 -2.315457575329209 0.37807190325753437 0.0 1.2933718835483887e-05 4.2902646474495725e-06 0.05533994254088759 0.007083224527733911 2654.8972259921566 48.0 -17.616999983558102 1.5396967448698042 998.83 1096.59 4 48 "Minimization exited successfully."
SN2005el 93 0.0149 649.015003412973 0.013346960116051085 -1.60017686507538 -0.08073616870242306 0.0 5.842969130753772e-07 2.9932146318652382e-05 0.010440859159587479 0.002150696372018368 98160.8993062214 89.0 -18.88167322431137 1.4020554579034084 639.89 730.75 9 84 "Minimization exited successfully."
SN2007jh 25 0.0408 1362.9954765853756 0.0005630891605463206 -0.9804338207567236 0.3883510717128562 0.0 0.20212424388796535 5.40715457082177e-06 0.0770073142688199 0.015355122078940742 427.9599573291231 21.0 -17.682586743579 1.220542824176814 1363.86 1395.86 0 25 "Minimization exited successfully."
SN2007so 27 0.0297 1434.6800000227047 0.0015027731462508853 -0.01101477403023221 0.37794545790425627 0.0 0.008422613290008485 2.472507020445517e-05 0.08288546740544867 0.01310745508152611 920.209957906494 23.0 -18.04101095890052 1.0342548865660461 1449.68 1469.55 0 27 "Minimization exited successfully."
SN2006gt 39 0.0448 1002.8742805471963 0.0007712508310589034 -2.119233303031613 0.33396790994171344 0.0 0.08785212139002851 3.722853215053245e-06 0.05832610612538103 0.00926530131670833 1437.427393025731 35.0 -18.23103854214981 1.4921476606137887 1001.67 1076.62 4 35 "Minimization exited successfully."
SN2007ai 52 0.0317 1173.471115421678 0.0008929622698175794 1.2131542695344386 0.5335077094565936 0.0 0.17501805037284157 5.74772664604093e-06 0.09152609353784458 0.008030717235095741 3079.350951695764 48.0 -17.629332259021098 0.8210433936736052 1172.89 1259.7 2 50 "Minimization exited successfully."
SN2006hb 89 0.0153 1000.6751257004073 0.011640827452781381 -2.091972696879954 0.06973978375504308 0.0 0.03994192886352721 5.863143822119367e-05 0.013316129171129232 0.0038653137631154966 91517.45931766144 85.0 -18.791201754683154 1.5147696122263277 1007.88 1143.59 0 89 "Minimization exited successfully."
SN2007hj 93 0.0141 1347.7403457100625 0.007757145517410514 -2.0892436590389107 0.27114458638856354 0.0 0.028373318713647677 2.0155255607717717e-05 0.010175740984605497 0.0026508478448284967 37695.314151961196 89.0 -18.174846365769337 1.4914374661669534 1348.76 1440.53 0 93 "Minimization exited successfully."
SN2008ia 57 0.0219 1813.4196536257443 0.0036335180750177304 -1.1011811463417298 0.13855134718416728 0.0 0.03370578433998617 7.973539341398026e-06 0.024418963073862043 0.00300912452306612 952.1960316156202 53.0 -18.317988745373107 1.2665675732593584 1809.77 1858.76 7 50 "Minimization exited successfully."
SN2007ol 24 0.0559 1413.1631014871336 0.0009461787234680552 -2.115435731067523 0.03839276110110279 0.0 0.10420288126658761 5.892681617805618e-06 0.20000745590697733 0.00933738974448195 230.01512858434705 20.0 -18.945308606270956 1.5247037686418388 1409.79 1422.66 8 16 "Minimization exited successfully."
SN2008fw 92 0.0085 1745.3850274344088 0.011986341454904407 0.31424217447123226 0.5809826118065171 0.0 2.8162503440398723e-09 2.0750604276476015e-05 0.01245567024738703 0.0020862518011229847 380029.4048618793 88.0 -17.55434548369286 0.9660452225015561 1740.89 1827.81 4 88 "Minimization exited successfully."
SN2005mc 52 0.0252 730.9776066034564 0.002400797798999779 -2.008670102826838 0.264062544858513 0.0 0.10695917342201255 2.7002757843005943e-05 0.02577708875752016 0.007861968045904222 597.4270209337009 48.0 -18.180605294979195 1.471030567045709 736.79 773.62 0 52 "Minimization exited successfully."
SN2009dc 40 0.0214 1947.9057187006997 0.012959076736365725 2.774511177711684 0.10979592534204352 0.0 0.04261388797863219 3.107316434314798e-05 0.035000418306733394 0.00287873794548843 4376.285792019788 36.0 -19.65194505952381 0.571082191070932 1942.81 1976.68 12 28 "Minimization exited successfully."
SN2009F 57 0.013 1842.0419035333873 0.0018622053038084342 -3.350903135314872 0.6213513581378987 0.0 0.01955630613588255 5.346401133396396e-06 0.025807808432601886 0.004340079882415915 11748.04729961668 53.0 -16.46361020571714 1.8199538139433358 1837.75 1884.63 20 37 "Minimization exited successfully."
SN2008go 24 0.0623 1766.6621278676757 0.000900122875465878 -1.0038024773154959 0.18834258092671186 0.0 0.12327309024465194 2.7807537457014576e-06 0.1678059760266133 0.005266275714750024 278.7161095482785 20.0 -19.13887977820495 1.2414986811511852 1765.61 1776.58 8 16 "Minimization exited successfully."
SN2008cf 45 0.046 1596.3703080355497 0.002100418345890384 0.9584334387898448 0.011333048470054674 0.0 5.7829889215099683e-05 4.131233896847953e-06 0.02418406680059615 0.003435597683031144 12713.064405872183 41.0 -19.373922146368745 0.8826822298226311 1595.77 1654.65 4 41 "Covariance may not be accurate."
SN2006bd 21 0.0257 814.3123926060246 0.0007019285962011457 -0.7706017895874311 0.6577617502030804 0.0 0.4361074505764577 2.804768605826766e-05 0.08828384080283946 0.025427446011221377 876.5639857757485 17.0 -16.908915031326174 1.1568464102525056 823.7 872.57 0 21 "Minimization exited successfully."
SN2007bm 35 0.0062 1225.3060480427193 0.024596172930916833 -0.9941971185805469 0.5406499954946073 0.0 0.032862568671475856 4.9220533484647944e-05 0.013763628987030874 0.0022477830086248263 1580.9773459581743 31.0 -17.642517000519042 1.21078066528176 1224.67 1259.56 3 32 "Minimization exited successfully."
SN2006kf 62 0.0213 1041.5190397483054 0.0032153675064375276 -2.0474297737520564 0.19380110794560923 0.0 0.023318512536093294 7.875940928762926e-06 0.019889252669436086 0.0036353677914168214 11217.270764242989 58.0 -18.12452279402911 1.4890161494780791 1036.81 1127.64 12 50 "Minimization exited successfully."
SN2008bt 49 0.0154 1568.3764903779695 0.0033185533595025047 -1.9272455858814368 0.4546142430078417 0.0 0.10822083802315774 2.7240801984787597e-05 0.026471437647232143 0.006463446849076404 13827.05858397748 45.0 -17.453797506918015 1.4292730526890338 1571.61 1651.47 0 49 "Minimization exited successfully."
SN2006mr 103 0.0059 1050.3650171469515 0.008686104832856607 -0.9771687366617359 0.6969162641889537 0.0 5.065289769845549e-07 2.731975567171318e-05 0.023229102142460878 0.00428980154182379 51129.996493487226 99.0 -16.414584701672844 1.1943650907456238 1046.68 1147.57 12 91 "Minimization exited successfully."
SN2007le 94 0.0067 1399.8784460935844 0.04140330220406837 0.11286865358826503 0.40843768814257286 0.0 0.018625910998707695 9.519136760879204e-05 0.016706459215085623 0.002609545753400888 165764.69552805513 90.0 -18.37114128728568 1.0104014487955517 1392.6 1470.55 13 81 "Minimization exited successfully."
SN2008hu 45 0.0497 1807.0204773656267 0.0008746461591232269 -1.9248999514476903 0.1204291084991842 0.0 0.0852763368466185 4.3541164744351104e-06 0.040811946090844264 0.006731864486481665 273.7385285039572 41.0 -18.595698536336133 1.4645586735955654 1806.76 1840.68 4 41 "Minimization exited successfully."
SN2009J 23 0.0158 1837.7770294021166 0.0011377624424053852 -2.1306938443373857 -0.2555846426152355 0.0 0.34372422969840954 5.0587220591216675e-05 0.06523505561704401 0.026615380868175886 155.80307955356403 19.0 -16.339805878603414 1.5619326918007879 1848.7 1867.68 0 23 "Minimization exited successfully."
SN2007N 65 0.0129 1115.7587231750467 0.0015433360058332846 -2.295130279484807 0.7934656035186967 0.0 0.10331004363922602 2.3528248827955835e-05 0.03374337407690775 0.011123391979834696 10153.884519605323 61.0 -16.25618259903265 1.4809777106473696 1123.82 1213.67 0 65 "Minimization exited successfully."
SN2006ob 25 0.0592 1063.9165336223555 0.0008088817344716476 -2.2576447823698578 0.01634577225941536 0.0 0.08067063868861624 4.087396438308454e-06 0.06117281666795926 0.012165204799690854 452.5035043851158 21.0 -18.904679275112567 1.567394269071098 1060.65 1121.57 4 21 "Minimization exited successfully."
SN2006bh 73 0.0109 833.7604936055216 0.028517869771410173 -1.5634607616327356 -0.0166946680665363 0.0 0.023191597261245533 4.7371343757419276e-05 0.010141827830296046 0.002014682828939851 41742.37111656512 69.0 -19.020265078746426 1.387063373117451 831.9 891.79 7 66 "Minimization exited successfully."
SN2007ba 56 0.0385 1197.1450746705486 0.0011392185851003406 -2.930300066983269 0.3761359951514276 0.0 0.028294727349248205 5.08421320214586e-06 0.031230290681701245 0.007019377252706627 3011.3700681691585 52.0 -18.316671344350297 1.7228538555665445 1190.83 1255.61 8 48 "Minimization exited successfully."
SN2008fp 115 0.0057 1733.5250002523271 0.02408808818360331 -0.5057307623842497 0.6710494707959538 0.0 6.603355586776161e-07 4.796751481852754e-05 0.010935960266475142 0.0021447162312866475 398049.4917525667 111.0 -17.445181946136067 1.1056472441448761 1724.84 1820.73 22 93 "Minimization exited successfully."
SN2005na 91 0.0263 744.2850600284999 0.005327518341390647 -1.4777058597530859 -0.009139286353089249 0.0 2.0436775116650097e-06 9.97422702953693e-06 0.013336154796096844 0.003082540461939842 31085.450212308377 87.0 -19.137016269579416 1.3655575756478306 738.71 834.54 12 79 "Minimization exited successfully."
SN2008R 43 0.0135 1493.260566562294 0.011039963401983002 -2.1632658682208206 0.12914971658592034 0.0 0.03627810272348597 2.57027404444634e-05 0.01282009068234391 0.002786369558115065 5179.832704745025 39.0 -18.459497253644223 1.527717396121833 1493.63 1532.52 0 43 "Minimization exited successfully."
SN2005bg 64 0.0231 469.585628377875 0.007032881969071101 0.7844185417187415 0.05029102156782894 0.0 0.122145933802841 2.8846387810234353e-05 0.05562588634531762 0.002544411047992745 1392.706758215197 60.0 -19.153114553588328 0.9107731450915715 471.65 512.61 0 64 "Minimization exited successfully."
SN2005ke 145 0.0049 700.3750184415333 0.014391355061820356 -1.3224890494327957 0.613307720753669 0.0 7.085931770234311e-07 2.886327158796269e-05 0.010099420890601785 0.002314285701057739 342446.93211944174 141.0 -16.551744748363944 1.2735033259863435 689.69 819.51 24 121 "Covariance may not be accurate."
SN2007cg 22 0.0332 1227.8004750195007 0.0006977202676934747 0.8007564336259954 0.8216633352084333 0.0 0.41348404894904434 1.961585742682459e-05 0.1259823479814619 0.017854680993836025 117.32192425072898 18.0 -17.484986121475252 0.8741953814139194 1235.63 1259.59 0 22 "Minimization exited successfully."
