analysis_pipeline/fit_results/csp_5_salt2_2.4_blue.ecsv
# %ECSV 0.9
# ---
# datatype:
# - name: obj_id
#   datatype: string
# - name: num_points
#   datatype: int64
# - name: z
#   datatype: float64
# - name: t0
#   datatype: float64
# - name: x0
#   datatype: float64
# - name: x1
#   datatype: float64
# - name: c
#   datatype: float64
# - name: z_err
#   datatype: float64
# - name: t0_err
#   datatype: float64
# - name: x0_err
#   datatype: float64
# - name: x1_err
#   datatype: float64
# - name: c_err
#   datatype: float64
# - name: chi
#   datatype: float64
# - name: dof
#   datatype: float64
# - name: b_max
#   datatype: float64
# - name: delta_15
#   datatype: float64
# - name: tmin
#   datatype: float64
# - name: tmax
#   datatype: float64
# - name: pre_max
#   datatype: int64
# - name: post_max
#   datatype: int64
# - name: message
#   datatype: string
# schema: astropy-2.0
obj_id num_points z t0 x0 x1 c z_err t0_err x0_err x1_err c_err chi dof b_max delta_15 tmin tmax pre_max post_max message
[from data line 96]
2008bi 35 0.003500001653585866 1537.728808764332 0.00409985982598434 -2.8187424816082505 0.2916826677849782 0.0010196070132352198 0.10833932467903651 9.356477345843356e-05 0.035285682129865936 0.015897167034061077 860.6123449129311 30.0 -14.439274480609047 1.7003448058648871 1551.52 1595.52 0 35 "Minimization exited successfully."
2009le 36 0.007119245594395473 2168.6002152252013 0.011036804736929529 3.170195792169583 0.22215123207240728 0.0010859018232855181 0.038195219877934505 2.728497427714662e-05 0.05712180092336272 0.0032234898283628466 327.8985835264787 31.0 -17.068122344199626 0.48011624558459687 2155.62 2169.58 28 8 "Minimization exited successfully."
2005al 140 0.012429269501892451 433.1285492839982 0.015133524924901465 -1.7039739875272142 0.0036610327743784588 1.4274705517885317e-07 2.3412436945591253e-05 2.0932554213267708e-05 0.00823859724397713 0.0015441021633735286 54451.89242423617 135.0 -18.61992242413136 1.4200277593822417 429.76 512.79 16 124 "Minimization exited successfully."
2005am 137 0.05199214324229891 436.91105026790564 0.04959056146810051 -1.360672160203161 0.029501483843203502 0.05630072343557597 0.008927549306491755 7.693390372168207e-06 0.003433932661317085 0.00021663421792461612 52522.545856688885 132.0 -23.080618307599806 1.334409757183085 432.58 512.46 5 132 "Covariance may not be accurate. Covariance not positive definite. Covariance forced positive definite."
2005iq 70 0.0511531825332979 688.438071750731 0.003072586807019187 -0.9264286331498397 -0.05234219474418389 0.0010087139150580238 0.024130847479511885 6.846165487703424e-06 0.026851173393838135 0.003303484539808388 2522.8020314440214 65.0 -20.024477406567808 1.2430080466807176 682.55 755.55 16 54 "Minimization exited successfully."
2008bd 31 0.0035000144387323504 1526.7000000102153 0.0008089292811064686 -1.8138135981917083 0.4261737332850901 0.002962587947266973 0.022852201433920527 3.303417302884942e-05 0.13272572380202075 0.03822872809335398 222.85010849469464 26.0 -12.682652266645238 1.4044125522292177 1541.7 1592.62 0 31 "Minimization exited successfully."
2007S 65 0.003500000000152855 1144.9111930210931 0.007647086656444493 0.8607964048258481 0.4233414101021231 6.486166776212645e-05 0.017929546239997762 2.7343847277823408e-05 0.025706217949828858 0.0033360005389004854 44534.618321798116 60.0 -15.12312249570691 0.8824952638581731 1133.84 1246.54 12 53 "Minimization exited successfully."
2005bo 36 0.003500000153346154 478.9242849905952 0.008225606860895563 -1.237157574549328 0.2644729942510162 4.575918266878161e-05 0.10837014390438071 2.965272771283077e-05 0.07784878681261675 0.003895569212216121 839.7123083980431 31.0 -15.195083021629952 1.2859360647536704 478.75 512.76 4 32 "Minimization exited successfully."
2006bt 39 0.003500011421010234 858.2544270530333 0.0025263206137980665 -0.08018435573220373 0.23184537683947037 0.0021789248256018144 0.048338332645187165 1.0069718596887427e-05 0.041253987182559015 0.004948469143553291 806.2166889589613 34.0 -13.913147253267194 1.0553087612925651 853.76 891.71 3 36 "Minimization exited successfully."
2008fl 89 0.007042245931952254 1721.4850793029302 0.0053959338552518445 -1.5680362618066823 0.17744170082949196 0.0006866355465489984 0.05187194208212986 2.0407863468972602e-05 0.019078166049061984 0.0029750689627376925 22926.35029519675 84.0 -16.259329071519478 1.3698367461395087 1724.49 1789.53 0 89 "Minimization exited successfully."
2007st 44 0.003500000364763756 1453.6469126729025 0.008676264620831226 -1.9703734448381738 0.005607110397120696 0.00035443447010879525 0.09033143323688364 7.283808606223154e-05 0.021961131175832982 0.005373760742840683 919.3503501265516 39.0 -15.248863264797842 1.4889120971207834 1458.66 1493.55 0 44 "Minimization exited successfully."
2005hc 79 0.04322940451451259 668.0818342654986 0.001812525948761412 0.8118768106671315 0.07861449012248145 0.0012458768593642013 0.041839184845912314 3.281128432700074e-06 0.033049381090006325 0.003361607193418714 21508.828691625764 74.0 -19.07476143517327 0.9049575108578232 662.72 755.61 16 63 "Minimization exited successfully."
2009ab 40 0.003500000015110893 1883.6802004239787 0.011445375361188443 -0.9472260116206312 0.17212132720776285 1.484075234315296e-05 0.012403208867340254 2.183005910608507e-05 0.013616051023286335 0.0026192722325069084 3445.2285692661394 35.0 -15.551711994338675 1.2306982822115025 1874.57 1911.51 16 24 "Minimization exited successfully."
2007as 65 0.009099068684045149 1182.3922063829957 0.006697965778136916 -1.1511058370322678 0.25250494227025344 0.0010206330186897346 0.04239108976764783 1.5562563444623638e-05 0.028838040765014172 0.0027610441890664195 48837.01233988854 60.0 -17.055830871616113 1.268080858252283 1181.7 1259.49 4 61 "Minimization exited successfully."
2006hx 31 0.06007363818547763 1022.5083833516322 0.0015255765341147477 -0.0853316453943469 0.14774673921501869 0.0042369883707398595 0.06056805387197528 1.6003933710316532e-05 0.06666996902231981 0.016082094055830054 678.8250673059797 26.0 -19.62898780544559 1.0610494864973141 1012.66 1080.59 8 23 "Minimization exited successfully."
2008ff 86 0.017915109928414136 1714.6743004986201 0.004977141449258982 0.8267057567597007 0.513780261649476 4.224398750772573e-08 2.1681898942915723e-07 1.700381831630125e-05 0.018379189571052557 0.002898062752059838 152171.45804915394 81.0 -18.231311003125025 0.8841404785866551 1724.53 1790.57 0 86 "Minimization exited successfully."
2009ds 36 0.0035000016475715532 1962.0964673520327 0.009336134560667236 1.5257569051232807 0.1789672817870751 6.311180034176771e-05 0.04304034872700413 2.4907628810490884e-05 0.05405117775257473 0.003557918711103336 546.8523195029135 31.0 -15.33260995762325 0.7830999218945696 1956.68 1976.62 12 24 "Minimization exited successfully."
2008O 50 0.04937170140745945 1490.281180096112 0.0007271799813192954 -1.854308834971075 0.46613438297239096 0.00242245090177216 0.12042465567037652 6.379607477136073e-06 0.06880816025205738 0.009640781245337293 815.9571790107136 45.0 -18.39117247704109 1.4100462604003887 1490.64 1571.48 0 50 "Minimization exited successfully."
2006ot 43 0.07453608074589968 1065.8432372162483 0.000996185356150184 0.24094560762685102 0.14753444488606893 8.968873455722504e-08 3.942794705835695e-06 3.894806062780488e-06 0.05548811452011515 0.007662319056523925 754.0865790049036 38.0 -19.657261007629838 1.0014190827552696 1065.68 1119.57 4 39 "Minimization exited successfully."
2006py 21 0.032358235457401976 1071.3752137475024 0.0009875455754836087 -0.2985350297654712 0.14886875852346027 0.006918154791520531 0.1876490095095278 6.86476481985966e-06 0.15765061418125192 0.011611689011989057 131.10616772637303 16.0 -17.76899212141582 1.101361657710715 1069.54 1087.54 4 17 "Minimization exited successfully."
2005be 45 0.0054889756102353675 459.93834077784135 0.0030078617179061713 -2.1118919563504845 -0.02673138093163152 0.0010977233920840246 0.07989692422231087 2.9303425982047e-05 0.025541492656794063 0.006399963234610728 433.717117459869 40.0 -15.07911202221893 1.5310587719919049 467.89 491.77 0 45 "Minimization exited successfully."
2006fw 25 0.08399999993912619 1004.2289506313209 0.0003797720605421523 -0.47081688598138705 0.1627833383193782 0.0008173264851039155 0.11566480371612897 2.099585842625667e-06 0.09364259048166623 0.005922001997331727 851.1294653437096 20.0 -18.883984778124873 1.133997886799147 1001.75 1039.73 5 20 "Minimization exited successfully."
2007ax 40 0.039532650608785226 1186.2444970696442 0.00427775548227573 -1.579066767678123 0.8712408845333499 0.0016468628369798871 0.06142107193500124 2.544182432348118e-05 0.044281841462013416 0.006227534001676638 11384.033386540776 35.0 -19.845931315957454 1.3041449375767051 1185.56 1246.46 4 36 "Minimization exited successfully."
2007jg 57 0.041815439191447416 1367.140632734383 0.0014593346336221253 -0.6282956397215766 0.2411384545467503 0.001739222374208725 0.04743559462053781 4.025177795437284e-06 0.047943787745186484 0.004111751766020411 1794.9830788543309 52.0 -18.76677267956899 1.1599522895757879 1363.82 1423.7 12 45 "Minimization exited successfully."
2007af 102 0.00550348438769575 1176.534979806345 0.049999963391239105 1.9687343469828384 0.33174999178793874 2.879489526519917e-07 4.694969413776562e-05 3.931823119515676e-07 0.01297655008803078 0.0020247116266162157 259209.49506336308 97.0 -18.14574295002589 0.7065976122551358 1165.8 1256.69 22 80 "Covariance may not be accurate."
2008cc 81 0.01039667434612698 1580.2602491384716 0.01606897677566979 -1.771939891468448 0.3875963190301632 2.6103782262490438e-08 9.191988965540077e-07 3.0081850622401887e-05 0.014094855294929154 0.002305383752594481 143937.2830372886 76.0 -18.301952968317373 1.398235172766979 1582.86 1654.86 0 81 "Minimization exited successfully."
2006ef 36 0.004753416122189005 970.9984456895802 0.010036400271664782 -1.7899602825846865 0.053581095055787564 0.0010193620605209808 0.06739764632095557 7.831838363968335e-05 0.02613748745499045 0.005270507726026441 32648.847620433473 31.0 -16.074046447166637 1.4368080871357716 979.9 1040.71 0 36 "Minimization exited successfully."
2007nq 75 0.03930891172636223 1398.785898627887 0.0016953668450282373 -2.0576493426306475 0.05434977937289465 0.003139990066737198 0.06073941739361999 8.022710606637984e-06 0.04789160541236326 0.0060168277455225905 5206.354524967385 70.0 -18.78764067424384 1.5070653151355557 1397.65 1476.56 4 71 "Minimization exited successfully."
2008bq 64 0.037574516914673194 1563.9422419783743 0.0025626806089738747 0.46751609844931874 0.19784047436075292 0.0009682098148637019 0.05733973288704419 5.791826501859356e-06 0.03543952986928289 0.0026756193397933226 649.666027487817 59.0 -19.138767128578948 0.9590049732624131 1562.49 1606.46 4 60 "Minimization exited successfully."
2008hv 93 0.0043505406949123394 1817.4924792216993 0.02018978489879876 -1.284616335962403 -0.05253506539540276 2.03478442230981e-07 1.3138024996806053e-06 3.666984996564954e-05 0.008800706300435612 0.0018649922124143736 88906.0012140092 88.0 -16.64007227579089 1.3236165734929912 1806.79 1884.68 19 74 "Minimization exited successfully."
2009I 18 0.0035000000066884663 1852.4618146946168 0.0007254816291096312 1.4817343794978601 0.7760511687863567 0.000650527682235186 0.11438301203600076 5.377593448063788e-06 0.14387979630063086 0.00990178707807543 82.91674010945795 13.0 -12.58957154629464 0.7697001619165107 1848.58 1867.58 4 14 "Minimization exited successfully."
2004gc 80 0.03228201301636327 330.08595993242665 0.0013503811452003469 -1.5853787597417037 0.49209024222904696 0.05384679364742925 48.911237479476824 0.027025668210606483 6.630734695512304 1.479382097189354 10229.148967129628 75.0 -18.114603729950947 1.34356374818206 329.83 397.66 3 77 "Minimization exited successfully."
2005lu 49 0.03182921381858625 719.9486248631376 0.0013282163577372247 -0.34719184206250997 0.470919394164949 1.9133205569898948e-07 1.4567888229066739e-08 6.016916964561537e-06 0.043661581160034046 0.00745873433182731 3953.712356381524 44.0 -18.06477949831138 1.0900685811154815 720.63 799.52 0 49 "Covariance may not be accurate."
2007al 48 0.012222869915202602 1162.948872334253 0.0029630719678607506 -2.1521708241983974 0.42329201894159096 9.486697859564797e-10 3.594735744627542e-07 2.4711433160473596e-05 0.036588598288556984 0.0087206131463069 7685.232615780641 43.0 -16.822180736061956 1.4903039055889096 1170.77 1246.58 0 48 "Covariance may not be accurate. Covariance not positive definite. Covariance forced positive definite."
2005gj 81 0.043750000000000004 850.23 0.025 0.0 0.0 0.0 0.0 0.0 0.0 0.0 280324.69619921956 76.0 -21.94974123239405 1.0531324270815272 698.7 795.54 81 0 "Hesse Failed. Covariance may not be accurate. Covariance not positive definite."
2008bz 44 0.04018756343292294 1580.2877366437474 0.0010062054959157991 -0.6754599736231235 0.07726988295011261 0.002668758509419656 0.13853062126656823 6.3663181992384965e-06 0.08035017796460142 0.006465043431102657 2474.0149516517554 39.0 -18.271414700703176 1.180833265579711 1580.72 1651.52 0 44 "Minimization exited successfully."
2007bc 47 0.02879602725509113 1200.7529268377157 0.007282519869071436 -0.9637991716479002 0.04785215453723768 0.0017579437563145436 0.035092753229037044 1.6250018486728413e-05 0.03188396446215558 0.0031417469211204585 11643.37954943847 42.0 -19.677776514665673 1.2437165705835564 1197.65 1259.53 8 39 "Minimization exited successfully."
2008fr 68 0.03970175277935346 1741.5749438001035 0.0018450869551273038 -0.7826737394567367 0.22356485883705668 5.443736780796904e-11 4.755065674544312e-09 4.877578148791673e-06 0.021739954029571962 0.004732484855833219 16102.439316835635 63.0 -18.904876928307772 1.1924721688720297 1740.72 1807.57 4 64 "Covariance may not be accurate."
