analysis_pipeline/fit_results/csp_4_sn91bg_salt2_phase_blue.ecsv
# %ECSV 0.9
# ---
# datatype:
# - {name: obj_id, datatype: string}
# - {name: num_points, datatype: int64}
# - {name: z, datatype: float64}
# - {name: t0, datatype: float64}
# - {name: x0, datatype: float64}
# - {name: x1, datatype: float64}
# - {name: c, datatype: float64}
# - {name: z_err, datatype: float64}
# - {name: t0_err, datatype: float64}
# - {name: x0_err, datatype: float64}
# - {name: x1_err, datatype: float64}
# - {name: c_err, datatype: float64}
# - {name: chi, datatype: float64}
# - {name: dof, datatype: float64}
# - {name: b_max, datatype: float64}
# - {name: delta_15, datatype: float64}
# - {name: tmin, datatype: float64}
# - {name: tmax, datatype: float64}
# - {name: pre_max, datatype: int64}
# - {name: post_max, datatype: int64}
# - {name: message, datatype: string}
# schema: astropy-2.0
obj_id num_points z t0 x0 x1 c z_err t0_err x0_err x1_err c_err chi dof b_max delta_15 tmin tmax pre_max post_max message
[from data line 51]
2006kf 62 0.043750000000000004 1041.2151509055095 2.3148150063434514e-14 0.6746993226721563 0.4186462732407801 0.0 0.01902342584685357 0.0 1.8373616639977275e-05 5.8138949716041166e-05 69234.68042713606 48.0 -19.64705065988766 2.2006414456159327 1036.81 1127.64 12 50 "Covariance may not be accurate."
2006lu 80 0.043750000000000004 1046.5545338885904 5.245803791353865e-15 1.0878830885410968 0.49773532900279843 0.0 29.518341495432537 0.9870196918428766 0.38040691496044715 0.7317435739155861 29198.07822437408 47.0 -17.856425903170294 1.5830652138059875 1040.84 1137.75 9 71 "Covariance may not be accurate."
2006mr 103 0.043750000000000004 1053.4849863376871 1.017519402068956e-13 0.8872076423535765 0.44991625742288205 0.0 28.94527414610934 0.9223867865070375 0.4089922045555351 0.6977981767578108 28304.930130242134 73.0 -21.187378240041745 1.8124676397344235 1046.68 1147.57 16 87 "Covariance may not be accurate."
2006ob 25 0.043750000000000004 1050.9273830882246 8.326672684688674e-16 1.0614885815918909 0.5044744484496797 0.0 29.079392325492336 0.9668596294921672 0.45850546208328447 0.7279676619259603 56725.41107621422 18.0 -15.845421770514303 1.6083200278544858 1060.65 1121.57 0 25 "Covariance may not be accurate."
2006os 40 0.043750000000000004 1072.6107453559607 3.6637359812630166e-15 0.6522730011460831 0.004154059814799216 0.0 29.17695923876181 0.9232284888576324 0.38430106390749447 0.5869089484963984 58662.102208845004 36.0 -18.432696128188145 2.2549652050563544 1065.63 1121.61 11 29 "Covariance may not be accurate."
2006ot 43 0.043750000000000004 1048.7261400056955 2.939315457695102e-14 0.9294488629122841 0.48129049574557464 0.0 24.387105335228284 0.9223868624549196 0.4306478943418816 0.7059201919199085 21885.986206775622 33.0 -19.767206656799488 1.7554273453208538 1065.68 1119.57 0 43 "Covariance may not be accurate."
2006py 21 0.043750000000000004 1054.5400001870744 4.912736883966318e-14 0.6830158956139889 0.4868945064063056 0.0 22.753355988186286 0.9223874922546788 0.3038013788947169 0.707283592104335 16430.117355316073 17.0 -20.311530390344398 2.181199690599321 1069.54 1087.54 0 21 "Covariance may not be accurate."
2007A 27 0.043750000000000004 1115.092781499262 2.506328478091291e-14 1.2422134787432215 0.01439053362736481 0.0 28.934399630324492 0.9223868692111237 0.4172227995435985 0.6617242173401052 15726.370402343096 23.0 -20.504145234084007 1.4613844073699003 1108.54 1133.53 11 16 "Covariance may not be accurate."
2007N 65 0.043750000000000004 1135.83382813691 6.9111383282915995e-15 0.6574224416206135 0.4431726585439629 0.0 0.00023565990466067888 0.0 7.886466001916226e-07 0.0036254469208041595 73363.53521412701 40.0 -18.28224840899896 2.2422260074898794 1123.82 1213.67 20 45 "Covariance may not be accurate."
2007S 65 0.043750000000000004 1144.30191986671 7.385758671318854e-14 1.165292474455169 0.5000911930575968 0.0 0.014890883711359493 8.326672684688674e-17 0.0013101326411052439 0.0014769348843926278 51886.053549244236 49.0 -20.722158058808063 1.516047499633082 1133.84 1246.54 12 53 "Minimization exited successfully."
2007af 102 0.043750000000000004 1175.0072183371246 4.819478149897805e-13 1.2232860586834957 0.407354237505521 0.0 29.50860141290309 0.9223865931296876 0.41488324816645655 0.685430514729185 70561.42215415927 83.0 -22.96656010050883 1.4738484398748035 1165.8 1256.69 22 80 "Covariance may not be accurate."
2007ai 52 0.043750000000000004 1155.2214930333062 5.162537064506978e-14 0.6900445138763771 0.5000558527006005 0.0 0.18887532987810118 0.0 0.0001328821226987409 0.00019705588046542433 29983.70704856222 33.0 -20.33337839241977 2.165019081716249 1172.89 1259.7 0 52 "Covariance may not be accurate."
2007al 48 0.043750000000000004 1174.1820827419735 7.077671781985373e-15 0.6500325787043523 0.008509601968720581 0.0 28.030599122113586 0.9228848009861463 0.3672844300667468 0.5743223736387134 14394.92018794858 34.0 -19.140688109609933 2.2605724936468583 1170.77 1246.58 4 44 "Covariance may not be accurate."
2007as 65 0.043750000000000004 1164.4448624539764 8.401612738850872e-14 0.9805402987937752 0.0012386493238180085 0.0 2.9504178769457212e-05 0.0 7.467546387363022e-07 0.001739641106456996 105392.73010867502 31.0 -21.838407915801646 1.693324249966194 1181.7 1259.49 0 65 "Covariance may not be accurate."
2007ax 40 0.043750000000000004 1189.3728699548642 6.245004513516506e-14 0.6500000002703489 0.5000639471158276 0.0 0.002621184807821919 4.579669976578771e-16 1.3850199370168959e-06 0.008765986836113598 20480.915070449428 34.0 -20.540038222030343 2.260671079829738 1185.56 1246.46 4 36 "Covariance may not be accurate. Covariance not positive definite. Covariance forced positive definite."
2007ba 56 0.043750000000000004 1194.1725594574427 5.329070518200751e-15 0.6500255137783579 1.472644783895305e-10 0.0 4.25604242764166e-05 0.0 8.457360423097526e-09 3.247145285639741e-05 42844.75742132149 47.0 -18.846076686778332 2.26058999966115 1190.83 1255.61 4 52 "Covariance may not be accurate."
2007bc 47 0.043750000000000004 1181.652662780847 1.8951507030351422e-13 0.8340260532246417 0.5000881400186779 0.0 2.341951017115207e-06 8.326672684688674e-17 2.04291958660896e-06 0.3197164361888197 177405.44454607254 33.0 -21.745281956165652 1.8907961423751836 1197.65 1259.53 0 47 "Covariance may not be accurate. Covariance not positive definite. Covariance forced positive definite."
2007bd 44 0.043750000000000004 1204.4607980107467 2.2815083156046967e-14 0.650000014272338 0.0761920760769248 0.0 28.819203594749865 0.9223868729626296 0.36891584273872785 0.7090359445348845 88059.90170296303 37.0 -20.29783656413847 2.260656353892287 1197.53 1259.46 8 36 "Covariance may not be accurate."
2007bm 35 0.043750000000000004 1205.9348129043603 6.227518500878659e-13 1.2440314603876266 0.5286352654899549 0.0 0.0067798366903844 2.914335439641036e-16 0.0003317129396248619 8.567745335680277e-05 300598.29286693403 27.0 -22.99103653251386 1.4602233339239437 1224.67 1259.56 0 35 "Covariance may not be accurate."
2007ca 44 0.043750000000000004 1224.5903171179386 4.3798298321462426e-14 1.2262874404487112 0.46536527845089865 0.0 28.825864152921667 0.9226347279094453 0.3143211026405273 0.7019961208177136 172500.43855931316 40.0 -20.237342378684122 1.4718437954016395 1218.68 1259.63 4 40 "Covariance may not be accurate."
2007cg 22 0.043750000000000004 1220.6400735379182 1.3239409568654992e-14 1.1002064398730043 0.5001020307143623 0.0 2.1489922573891818e-05 4.163336342344337e-17 9.163012500756906e-06 0.7497610249832398 3312.8427040272036 18.0 -18.85582446962343 1.5716432521218273 1235.63 1259.59 0 22 "Covariance may not be accurate. Covariance not positive definite. Covariance forced positive definite."
2007hj 93 0.043750000000000004 1348.0964394912598 4.77118344832661e-14 1.24632338155422 0.4507959748007919 0.0 26.768534037515565 0.922389145967869 0.3878100934280128 0.6980381130224117 94651.98158495044 71.0 -20.3631355977428 1.4587453727421327 1348.76 1440.53 0 93 "Covariance may not be accurate."
2007hx 41 0.043750000000000004 1356.7542917697301 1.0824674490095276e-15 1.187293356836795 0.5240134601720497 0.0 0.07049899743128663 0.0 1.066005785388402e-05 2.9561304917491427e-05 14722.562601630656 36.0 -16.098854478379216 1.4992139317233608 1354.78 1411.73 5 36 "Covariance may not be accurate."
2007if 67 0.043750000000000004 1342.1061186311765 2.706168622523819e-14 0.6684993148619203 0.4987344057542842 0.0 27.31389949668585 0.9243972564438163 0.40927233059817153 0.7109274843385145 57953.22030417944 38.0 -19.635317972183962 2.2153694112417774 1357.77 1443.6 0 67 "Covariance may not be accurate."
2007jd 46 0.043750000000000004 1369.886851172109 8.326672684688674e-17 0.650000019438273 0.00013976003959792482 0.0 0.0003171804982002868 0.0 1.6055496376843337e-09 0.0670720692861046 70989.09540971722 42.0 -14.330406607937093 2.2606540214951565 1362.83 1403.81 21 25 "Covariance may not be accurate."
2007jg 57 0.043750000000000004 1372.051995719814 1.0408340855860843e-14 0.6500000985465113 0.22421625836818854 0.0 3.459251513504569e-05 0.0 4.088556160297685e-10 0.0025635695534547698 187203.6090042482 53.0 -19.14575467851579 2.2606628314392516 1363.82 1423.7 15 42 "Covariance may not be accurate."
2007jh 25 0.043750000000000004 1370.9840205357823 1.6653345369377348e-16 1.1963809591493377 0.03241051544401108 0.0 28.857482235300154 0.922495253212466 0.42869598717661667 0.5329679478753071 46225.815285667995 21.0 -15.030923467742522 1.4925453447706012 1363.86 1395.86 9 16 "Covariance may not be accurate."
2007le 94 0.043750000000000004 1383.049507535262 9.017786517517834e-13 0.9179846344441801 0.3759517363926317 0.0 24.73832985372303 0.9223864615221592 0.43285959064499413 0.6752784482717662 236636.7096392581 51.0 -23.70907708782247 1.7704191255022277 1392.6 1470.55 0 94 "Covariance may not be accurate."
2007mm 22 0.043750000000000004 1370.7374411510789 3.4139358007223564e-15 1.1970467715005928 0.48085841297481335 0.0 24.944374482493345 0.9223886097370426 0.314825461801219 0.7146133467825218 6987.534405631827 18.0 -17.430754759368405 1.4920773326623546 1385.72 1418.69 0 22 "Covariance may not be accurate."
2007nq 75 0.043750000000000004 1394.4905450132658 1.2406742300186124e-14 1.216943405244709 0.5244908226754934 0.0 0.0006444470770929911 0.0 0.04344167212122896 3.067610099588558e-05 43671.903938253 53.0 -18.746182588126334 1.4781369769366783 1397.65 1476.56 0 75 "Covariance may not be accurate."
2007ol 24 0.043750000000000004 1394.9485202128556 1.8068879725774423e-14 1.0395669860915644 0.5000713117321077 0.0 nan 0.0 0.00017218012239972325 0.00026183116884037627 19843.91792057187 20.0 -19.193529060195203 1.63010162483641 1409.79 1422.66 0 24 "Covariance may not be accurate."
2007on 104 0.043750000000000004 1423.4244239999034 6.090128401581296e-13 1.0371866210922949 0.4842173571836402 0.0 29.535616122561123 0.9223865490336971 0.4007331276885466 0.7066354252058827 201455.9326633202 75.0 -23.05119822656213 1.6325147263526887 1411.79 1508.61 19 85 "Covariance may not be accurate."
2007so 27 0.043750000000000004 1454.4244632400193 6.411537967210279e-15 0.7807042965230353 0.45212018637418233 0.0 0.004493371620583275 0.0 0.08413175286882446 0.000618386684067912 16812.010981899737 23.0 -18.181025335495647 1.9794572387555611 1449.68 1469.55 8 19 "Covariance may not be accurate. Covariance not positive definite. Covariance forced positive definite."
2007sr 103 0.043750000000000004 1456.2956406464036 6.870337632136625e-13 1.1098019439331261 0.42515620372284213 0.0 27.466855731433157 0.922386523727521 0.44355378178945587 0.6907949689539863 83900.00847415562 62.0 -23.314551133222288 1.562929937633541 1455.76 1578.72 4 99 "Covariance may not be accurate."
2007st 44 0.043750000000000004 1460.6993051527706 7.319145289841344e-14 0.6500000034828293 0.5000549258653176 0.0 0.032090929323544515 5.412337245047638e-16 9.570018721372087e-07 0.006735692539507676 26950.70384982379 40.0 -20.712371461286732 2.2606710717351852 1458.66 1493.55 4 40 "Covariance may not be accurate. Covariance not positive definite. Covariance forced positive definite."
2007ux 63 0.043750000000000004 1468.0599675335582 9.492406860545088e-15 1.2290753093781017 0.50677185732398 0.0 0.0009586298953081496 0.0 0.022360190960869497 9.405160334335916e-05 26479.67952247682 46.0 -18.48403632246116 1.4699931474535681 1466.86 1558.61 7 56 "Covariance may not be accurate."
2008C 48 0.043750000000000004 1454.8962260427838 1.149913497755506e-13 1.1158382447028703 0.5000919045507024 0.0 nan 0.0 0.00012381080644008335 0.0001795551799878281 33556.72782933132 30.0 -21.202831879188032 1.5575379045831266 1469.81 1552.5 0 48 "Covariance may not be accurate."
2008J 38 0.043750000000000004 1469.5476749460713 2.8035906929346766e-13 0.6649272558253586 0.500083217085371 0.0 0.001125264269148829 4.038436252074007e-15 0.0016162137899485285 0.011572980258002102 28150.30760884572 34.0 -22.17046304309539 2.2239500896432673 1484.54 1515.52 0 38 "Covariance may not be accurate. Covariance not positive definite. Covariance forced positive definite."
2008O 50 0.043750000000000004 1503.6071038423606 3.3306690738754696e-15 0.650000164739827 0.2326611693407406 0.0 2.7960617444477975e-05 0.0 4.902930283989804e-10 0.003445805393017781 81684.67408856888 38.0 -17.888736426260728 2.2606631775868564 1490.64 1571.48 24 26 "Covariance may not be accurate."
2008R 43 0.043750000000000004 1482.8799675738221 1.0458300891968975e-13 1.2006680461190427 0.5097540253711594 0.0 28.806228288529837 0.9230789057513564 0.31159577372840636 0.7128743067041927 227066.98161765226 39.0 -21.084494174563908 1.4894795338435305 1493.63 1532.52 0 43 "Covariance may not be accurate."
2008ae 30 0.043750000000000004 1514.6899034086637 6.494804694057166e-15 0.7297957540398942 0.48114804152186585 0.0 0.01051235232387171 0.0 0.07092595927516887 0.0008721766824167643 7567.255223154089 23.0 -18.12834098812654 2.077912541621931 1508.74 1597.56 6 24 "Covariance may not be accurate. Covariance not positive definite. Covariance forced positive definite."
2008ar 62 0.043750000000000004 1535.1927331889544 2.8144153674247718e-14 1.1518075770133185 0.23468501648333256 0.0 28.906037796338296 0.9223868931945067 0.43977890404154896 0.617326115867503 41333.237435363546 52.0 -20.20106290910909 1.5268612638522008 1527.79 1606.6 4 58 "Covariance may not be accurate."
2008bc 104 0.043750000000000004 1557.0270464855976 6.186717804723685e-14 1.2471855341536981 0.5000823474590174 0.0 0.026189369903249826 2.498001805406602e-16 0.00010096306995588389 0.0040110572249220655 675627.7976145674 86.0 -20.529835253147436 1.4581925275638987 1541.67 1646.46 35 69 "Covariance may not be accurate. Covariance not positive definite. Covariance forced positive definite."
2008bd 31 0.043750000000000004 1527.6457410277783 5.578870698741412e-15 1.1004009991709829 0.3973706397550507 0.0 26.936601682221294 1.1621349160117684 0.3465026241147608 0.6870781264492732 426.3548067399317 25.0 -18.145611940998595 1.5714624746829209 1541.7 1592.62 0 31 "Covariance may not be accurate."
2008bf 101 0.043750000000000004 1554.0810174355029 5.4289905904170155e-14 1.2499857248654362 0.5223661073836915 0.0 0.000163614579150817 4.163336342344337e-17 2.5943217658586093e-05 1.8916930273782384e-05 204070.94222423682 78.0 -20.352300260629324 1.4563967129121167 1547.73 1646.49 16 85 "Covariance may not be accurate."
2008bi 35 0.043750000000000004 1554.4126723009917 3.4139358007223564e-15 0.6500351247778622 2.23487894857044e-13 0.0 6.820086616698973e-05 0.0 1.5992757840255223e-08 3.1798939883448396e-05 18908.16367543818 31.0 -18.36258639421451 2.2605658670288875 1551.52 1595.52 8 27 "Covariance may not be accurate."
2008bq 64 0.043750000000000004 1547.4987512895405 8.909539772616881e-14 0.8080110713983534 0.5001007547962046 0.0 4.352859434675338e-05 4.163336342344337e-17 0.00017626889169453097 0.6557564347056257 232938.69780674527 58.0 -20.92579049359662 1.9324369819308451 1562.49 1606.46 0 64 "Covariance may not be accurate. Covariance not positive definite. Covariance forced positive definite."
2008bt 49 0.043750000000000004 1558.8309770903948 7.502332088904495e-14 0.8449388195865977 0.5000883575037602 0.0 0.1065629046892127 0.0 7.994912523912046e-05 0.00011279396233745964 50906.94971383621 31.0 -20.739163096680898 1.8740714654301147 1571.61 1651.47 0 49 "Covariance may not be accurate."
2008bz 44 0.043750000000000004 1565.7221674236814 3.3889557826682903e-14 0.7165773864966194 0.5000834438455375 0.0 0.004263210650833571 2.0816681711721685e-16 0.003637428190828129 0.006573438993134423 48087.12468212983 27.0 -19.87634247043899 2.1059589376980092 1580.72 1651.52 0 44 "Covariance may not be accurate. Covariance not positive definite. Covariance forced positive definite."
