analysis_pipeline/fit_results/csp_4_salt2_2.4_all.ecsv
# %ECSV 0.9
# ---
# datatype:
# - name: obj_id
#   datatype: string
# - name: num_points
#   datatype: int64
# - name: z
#   datatype: float64
# - name: t0
#   datatype: float64
# - name: x0
#   datatype: float64
# - name: x1
#   datatype: float64
# - name: c
#   datatype: float64
# - name: z_err
#   datatype: float64
# - name: t0_err
#   datatype: float64
# - name: x0_err
#   datatype: float64
# - name: x1_err
#   datatype: float64
# - name: c_err
#   datatype: float64
# - name: chi
#   datatype: float64
# - name: dof
#   datatype: float64
# - name: b_max
#   datatype: float64
# - name: delta_15
#   datatype: float64
# - name: tmin
#   datatype: float64
# - name: tmax
#   datatype: float64
# - name: pre_max
#   datatype: int64
# - name: post_max
#   datatype: int64
# - name: message
#   datatype: string
# schema: astropy-2.0
obj_id num_points z t0 x0 x1 c z_err t0_err x0_err x1_err c_err chi dof b_max delta_15 tmin tmax pre_max post_max message
[from data line 52]
SN2004gu 156 0.0459 362.9833528418512 0.0016830814231316438 1.4425132578881117 0.1247237216486794 0.0 0.04656148670062521 4.630328827368046e-06 0.0242391779834934 0.002080952161150118 1256.0363696518289 141.0 -19.129921465645 0.798406710317316 357.86 410.84 14 142 "Minimization exited successfully."
SN2007jd 70 0.0726 1361.5269500110717 0.00037374350539380043 -0.6697342734232832 0.17578221272403938 0.0 0.2891371452927842 4.039872730295102e-06 0.10207704611525115 0.0065677417914753455 426.0206530332291 56.0 -18.53265937049866 1.1728568833308657 1362.83 1409.83 0 70 "Minimization exited successfully."
SN2007hx 65 0.0794 1354.8021927589923 0.00031195753998020386 0.4532431074266716 0.19538737836795295 0.0 0.20521790800216877 2.1112981840140546e-06 0.10196529648540231 0.006011304049235 648.0746867820726 48.0 -18.54238630143333 0.9616036093118261 1354.78 1411.73 6 59 "Minimization exited successfully."
SN2008ha 106 0.0046 1770.4760425481484 0.002438551044930837 -2.038786064403034 0.15429639271343443 0.0 0.05955893795317024 1.8233805005035816e-05 0.02037634992583426 0.004527036651544636 8841.353103969346 82.0 -14.467491347598507 1.491065558517981 1781.55 1810.55 0 106 "Minimization exited successfully."
SN2005hj 102 0.0574 676.7600814327545 0.001217047757326001 1.0264952384751025 0.05070973929907252 0.0 2.9464941917467513e-06 3.4788408968561713e-06 0.03651042667531268 0.0030168391905707193 6231.390682502562 78.0 -19.28044513563541 0.8697654505185071 671.67 761.57 29 73 "Minimization exited successfully."
SN2005hk 245 0.013 688.9100164801432 0.004537867208063282 0.1469304586838458 0.6287748233263311 0.0 1.4121376921139017e-06 7.733743329087304e-06 0.009562159065889642 0.0013054346699474806 276709.87055038294 133.0 -17.43291580989891 0.9919477518450357 675.61 761.54 68 177 "Minimization exited successfully."
SN2005ir 65 0.0763 686.7153643010631 0.0006638805486011701 0.19299595548874038 0.04815419266652965 0.0 5.236280145481942e-05 2.9240228187329747e-06 0.052007001080431436 0.00404154948573654 391.651620564434 61.0 -19.269020697274627 1.0150350700725106 682.62 740.53 18 47 "Minimization exited successfully."
SN2005bl 64 0.0241 482.8983746949902 0.0005594868101247763 -4.428388398268931 0.5512225274789231 0.0 0.02054494158770126 3.107911747257685e-06 0.05925051735199682 0.004980035098054003 11010.74640474028 60.0 -16.512099755642055 2.2980895564199315 476.61 512.57 35 29 "Minimization exited successfully."
SN2005M 381 0.022 408.4700138279609 0.006408111645177026 1.1233359833585492 0.0784196899433558 0.0 2.155135348402837e-06 7.482585969819169e-06 0.010291929542204148 0.0009464287774654245 226335.71929775452 316.0 -18.944872414572814 0.8525844733595633 396.77 480.51 75 306 "Minimization exited successfully."
SN2008bf 184 0.0235 1555.4774576836098 0.007880653945980998 0.5776314963171103 -0.02523023177800865 0.0 0.014742065263135373 1.349280571802218e-05 0.014191536214879896 0.001343315988723559 70413.58464793091 151.0 -19.314312871808326 0.9496920677142242 1546.79 1646.49 43 141 "Minimization exited successfully."
SN2006eq 98 0.0495 977.0354019857631 0.0006231759521144492 -2.3154870637877023 0.2520361370739963 0.0 4.2074104840139626e-05 5.043471695923029e-06 0.031843318762610595 0.006219167436584572 900.8797216149684 61.0 -18.221061889039078 1.5554705744604505 980.56 1029.51 0 98 "Minimization exited successfully."
SN2009aa 232 0.0273 1878.8421301062497 0.00468633455895949 -0.6000618969836777 0.011882617553087726 0.0 0.009357654610084865 6.601318600194146e-06 0.011734846164252577 0.0011739167408066908 22500.898413559265 122.0 -19.080913722884155 1.169760294056882 1868.77 1956.66 66 166 "Minimization exited successfully."
SN2008hj 127 0.0379 1802.2981610641766 0.0029163489548735657 0.4057876829141289 0.03357820558838731 0.0 0.01892842949371243 4.8905879381111895e-06 0.02086920937484349 0.0015055426352835743 1749.7943808734333 90.0 -19.29626082373415 0.9774600833892748 1794.58 1834.55 37 90 "Minimization exited successfully."
SN2006ax 236 0.0167 828.1247757951606 0.01394798665045839 0.17108060963716376 -0.0009556210530369258 0.0 0.007863011376912254 2.1907309219564713e-05 0.009334850962783303 0.0010902357297724596 91138.79784364499 131.0 -19.180842742728434 1.0214694368529749 815.64 891.5 55 181 "Minimization exited successfully."
SN2009D 176 0.025 1841.8465063692495 0.0072237532286871745 0.6666293948681288 0.06022636911044321 0.0 0.013931642722582183 7.911327760116993e-06 0.01046857524785283 0.000885615072491408 3674.3323911218395 121.0 -19.356916783912062 0.9306050256325751 1834.67 1890.52 54 122 "Minimization exited successfully."
SN2008gl 166 0.034 1768.8906928088368 0.002954529187936178 -1.3398674769327492 0.04257254683590017 0.0 1.6534251358280017e-05 4.387015231198475e-06 0.011621099140488589 0.0013393576518875294 19579.821528418466 119.0 -19.067293608673527 1.3284330757449183 1765.7 1844.55 24 142 "Minimization exited successfully."
SN2008cd 23 0.0074 1572.7400000045143 0.0014519275701553175 -2.8137988380502144 0.9999999996388587 0.0 0.008682067230438406 7.761143824487594e-06 0.04997075022588304 0.001389992329194678 1118.2031916588066 19.0 -14.993524167012627 1.5881127755158744 1587.74 1595.73 0 23 "Minimization exited successfully."
SN2007A 76 0.0177 1113.5487344519238 0.006919477850069922 0.757091403922665 0.2574696652476267 0.0 0.02852748154668916 2.1455312366730223e-05 0.045080443310571816 0.0026818849000390665 1535.2341492832088 41.0 -18.55176569961155 0.9068356332946159 1107.53 1133.53 29 47 "Minimization exited successfully."
SN2008ar 132 0.0261 1535.3493771489811 0.004846503829403626 -0.07765478229040301 0.06353465797424485 0.0 0.020614509913116308 1.37864633191348e-05 0.01683851598386088 0.0019513759853562185 22585.355149657364 94.0 -19.01836688497638 1.0642989585623148 1527.79 1627.59 11 121 "Minimization exited successfully."
SN2006X 312 0.0052 788.4400115381197 0.013618954256958617 -0.03388233321996115 0.9999992752306182 0.0 7.209183650047635e-07 1.1135892305493174e-05 0.007030706096912365 1.799932963564288e-06 975375.4759400133 187.0 -16.65593740969242 0.9998352466095337 775.68 906.46 70 242 "Covariance may not be accurate."
SN2006ej 64 0.0205 975.96787586435 0.008235421244126665 -1.4243672289766711 -0.007830485761862738 0.0 0.0725908030653386 4.5832575008658734e-05 0.017059416563986574 0.0028836639172287737 8529.464974764036 50.0 -19.059376382430116 1.3526843402222202 979.74 1046.74 0 64 "Minimization exited successfully."
SN2005eq 211 0.029 656.3007772737259 0.004024693946742897 0.9682333496243842 0.10531164030350215 0.0 4.142543787111208e-05 7.464034011954706e-06 0.01658560715737112 0.0015308107417824068 67502.3937361578 149.0 -19.051372414578704 0.877505518965954 647.8 751.66 18 193 "Minimization exited successfully."
SN2008gg 198 0.032 1752.0902612913749 0.0034064255291726326 0.6412131301927149 0.1584768536772707 0.0 8.137635632010642e-06 6.201536327002507e-06 0.012567048767956113 0.0011915298871810753 106040.58479626279 144.0 -19.08940937747398 0.9307867250496393 1753.63 1827.57 0 198 "Minimization exited successfully."
SN2004ey 213 0.0158 305.02415045797943 0.01334021221198502 0.2398059646982702 0.08532277385553444 0.0 0.008376708219145712 1.1790992462568095e-05 0.007320798038043641 0.00071132746397784 6074.436332784521 171.0 -19.011149766244678 1.004716809519353 295.53 358.55 55 158 "Minimization exited successfully."
SN2010ae 57 0.0037 2277.622847777434 0.0004097547107415806 -2.9645035563975908 0.9999999989756254 0.0 0.139989918041465 1.1546871043170698e-05 0.2064988507197396 0.0032971981840624887 295.28584321239157 5.0 -12.108490978539123 1.6302696104817684 2258.59 2305.53 52 5 "Minimization exited successfully."
SN2007ux 151 0.0309 1463.6405923784357 0.0019205866668014493 -2.118171661367918 0.15505047042945885 0.0 0.054128537314340974 8.425007916297556e-06 0.017466379970087154 0.002522485027492527 9450.629103171577 92.0 -18.387924488661255 1.5123981489240315 1466.82 1558.61 0 151 "Minimization exited successfully."
SN2005W 117 0.0089 412.93742795555704 0.027650919049622025 -0.028153507701881963 0.24274169091693953 0.0 0.017766956269639422 4.7569059451484444e-05 0.02785744097537668 0.0014751250440273589 1806.4937924299309 113.0 -18.547236116879425 1.0451102980013154 404.54 429.51 42 75 "Minimization exited successfully."
SN2007on 308 0.0065 1422.285363331459 0.0499999998719726 -0.23848862396921522 0.29879238730389757 0.0 5.029310614190763e-06 1.588201690404245e-07 0.009493173532144183 0.0011803085997600382 525245.9380075878 149.0 -18.505451779374535 1.080780144479169 1410.73 1508.61 42 266 "Minimization exited successfully."
SN2005ku 37 0.0454 699.0613161724168 0.0013305768146420372 0.10120067012713196 0.17435285558234037 0.0 0.18025557402319237 1.0079871919031844e-05 0.11066347040105562 0.00541648787285387 165.66768728226336 30.0 -18.849767841837583 1.0252476202535874 699.56 739.53 0 37 "Minimization exited successfully."
SN2008fu 103 0.052 1732.717021423121 0.0014514461659778433 -1.5193310991324767 -0.08575875393152288 0.0 0.11981544437674074 1.917836795658622e-05 0.03491746901253334 0.006955300936734576 3020.180948970718 77.0 -19.247138109958566 1.3825298535165516 1737.84 1817.67 0 103 "Minimization exited successfully."
SN2007bd 110 0.0309 1207.915130645474 0.0036030372772191902 -0.6351639453880136 -0.007317740592701294 0.0 2.600864036139683e-06 8.785235778707842e-06 0.014949771727973182 0.0016829906448401766 3470.395226007034 64.0 -19.070328551297745 1.1782259043412147 1197.53 1259.46 40 70 "Covariance may not be accurate."
SN2006is 176 0.031 1014.2500155044198 0.004247820200393246 0.531873634327682 0.05445764844641232 0.0 7.188070867414353e-07 6.3763698068567895e-06 0.007922179792979822 0.0012955836149575184 211987.7103894496 143.0 -19.257205714540394 0.9542804727891436 1008.9 1125.67 12 164 "Covariance may not be accurate."
SN2008bc 205 0.0151 1550.5355369653253 0.009143907542609407 0.6243254397106952 0.18606015175724155 0.0 0.00927686087766233 9.998180158482528e-06 0.008919467277260118 0.0009175611426406327 84352.98781042785 138.0 -18.5032852554694 0.9324755060087888 1541.67 1646.46 54 151 "Minimization exited successfully."
SN2007mm 39 0.0664 1392.51372233978 0.00019046148797770835 -3.4597802579686783 0.4366516832704317 0.0 0.0620807086457944 1.5003766216825534e-06 0.07461014444318415 0.007083953872296989 1404.2584491644343 35.0 -17.60474311958214 1.8959947908767774 1385.72 1418.69 5 34 "Minimization exited successfully."
SN2008C 121 0.0166 1470.7500139792276 0.006187661815046503 -1.5320359000961146 0.25737938441148 0.0 1.4269971870817244e-08 2.1418613883948927e-05 0.03359081670358233 0.0030430099615522677 20973.41792516238 82.0 -18.28785863198783 1.3536213290197807 1469.81 1552.5 12 109 "Minimization exited successfully."
SN2004dt 269 0.0197 244.76501837646424 0.009552437248321041 -0.8499527283707433 0.23804057823438307 0.0 2.8688738211712916e-06 1.4468604983441935e-05 0.006938142625994459 0.0010301539478833055 434537.89538826 265.0 -19.136067955914008 1.2052679908151713 249.79 365.62 0 269 "Minimization exited successfully."
SN2006br 64 0.0246 851.3757045169265 0.0004275036238669983 -0.7993870840782202 0.8576244282796566 0.0 0.13909044831638084 6.208341699039105e-06 0.06326652741237426 0.008735592610600418 285.33970122901 39.0 -16.2900351991539 1.1465847356194772 855.66 891.66 0 64 "Minimization exited successfully."
SN2005ag 208 0.0797 415.21590955454474 0.0006227863446990972 0.38754676343562355 0.040191386673032126 0.0 0.07370940407926696 1.5821019261785699e-06 0.03479805437396566 0.0023252629823351523 19557.55626253075 195.0 -19.299595493912033 0.980401568050457 412.82 480.84 15 193 "Minimization exited successfully."
SN2007sr 259 0.0055 1458.5953788761808 0.04999999443306137 0.5574296050869618 0.44542113670206374 0.0 1.2253800605321885e-06 1.5781201264525313e-07 0.006878572513282499 0.0006766541858096442 1171958.400870499 157.0 -18.147426778677413 0.9318840491833846 1454.84 1955.57 29 230 "Covariance may not be accurate."
SN2009ad 128 0.0284 1887.1173265328234 0.004199496560334279 0.20685121999557587 0.07252103498085849 0.0 0.013179546930132346 6.796429702482683e-06 0.014988166845674389 0.0014158973504326822 5651.7879815458455 68.0 -19.050206506696142 1.0113080155728866 1878.6 1921.53 36 92 "Minimization exited successfully."
SN2006et 236 0.0226 995.4500002543493 0.006336827669033613 0.7078539816216942 0.21639272811669086 0.0 8.339440569216094e-07 8.796126533637452e-06 0.01303732228180099 0.0012700316260116917 101507.95158524475 127.0 -18.993960112667395 0.916914766862087 982.63 1099.54 42 194 "Minimization exited successfully."
SN2009P 99 0.0251 1868.1328617129923 0.0023399295124613695 1.5679944320004182 0.3987807034065325 0.0 0.08006971974043608 9.032440108125471e-06 0.03686636243776675 0.00267861315886897 5671.22303961008 78.0 -18.151200285444734 0.7691972299173173 1867.74 1931.61 6 93 "Minimization exited successfully."
SN2004ef 278 0.031 264.7251182616164 0.0025563843920747512 -1.414258180126931 0.14563877156359029 0.0 0.005410348284584643 2.3012516762149337e-06 0.006234616526090475 0.0007625975774165905 36283.923274445326 257.0 -18.705718382501736 1.3366073641282483 255.69 329.57 59 219 "Minimization exited successfully."
SN2006os 106 0.0328 1065.330294388482 0.0009351352421619442 -0.6810020995763795 0.4956467483383902 0.0 0.09077851096242284 4.3001857311569585e-06 0.03585475942316263 0.0034268210082855077 5398.483152081751 67.0 -17.75169697082076 1.1519377780130498 1063.65 1133.56 4 102 "Minimization exited successfully."
SN2008bi 83 0.0134 1536.5200000379473 0.004649076392212648 -2.6487075325102656 0.24482876771965345 0.0 0.004230021858802502 3.807923640148942e-05 0.018167860713480533 0.00543711826231108 3615.4539601955703 62.0 -17.506337592925153 1.654143528340576 1551.52 1628.47 0 83 "Minimization exited successfully."
SN2009le 66 0.0178 2168.5335817307405 0.011223317451630542 2.8261973733026373 0.17778056176405288 0.0 0.03950502443399273 2.4178783038462763e-05 0.055472189547429274 0.002017385635364466 1081.9254813011119 50.0 -19.09119146460732 0.5589439707390866 2153.53 2169.58 54 12 "Minimization exited successfully."
SN2005al 238 0.0124 433.13000454499826 0.014978287721268486 -1.598037267238357 -0.029287956794025072 0.0 6.430546477531607e-07 1.764751159896022e-05 0.0050914779562925006 0.0008456118639759147 79088.23054566022 206.0 -18.603622600054717 1.3967452203101125 429.76 512.79 24 214 "Covariance may not be accurate."
SN2005am 203 0.0079 440.06505562702944 0.04343060865686032 -2.245586122566622 0.08749128659196614 0.0 3.496517990697612e-07 5.2690071745277456e-05 0.0048031809248407775 0.0008887793432947877 123769.19867007894 177.0 -18.773105861516513 1.5556110982470255 432.58 512.46 15 188 "Covariance may not be accurate."
SN2005iq 154 0.034 688.1295069974689 0.003116534109791727 -0.9596641020847478 -0.05457577253852364 0.0 0.01816960672380219 6.168787303617454e-06 0.020204195395394642 0.0017310496588258117 6328.027039470673 105.0 -19.125427866698878 1.250428005796902 682.55 755.55 36 118 "Minimization exited successfully."
SN2008bd 66 0.0301 1526.700000000092 0.001168402286814596 -2.7500768278365912 0.19742255522814833 0.0 0.0015352628499840648 2.262748756856755e-05 0.05043645180297518 0.013344275972774766 2501.188279048104 52.0 -17.790634111212075 1.6926141543989672 1541.7 1607.65 0 66 "Minimization exited successfully."
SN2007S 192 0.0139 1145.1416674220097 0.007735974183348962 0.8754868790969947 0.4193453589207894 0.0 0.014537018132386947 2.0019924895206456e-05 0.014654364794712382 0.001858340765275912 105105.49615300557 98.0 -18.147742085576613 0.8802532015924065 1132.77 1246.54 42 150 "Minimization exited successfully."
SN2005bo 54 0.0139 479.0476774863549 0.00820414407603696 -1.0558422900460975 0.2865261122738567 0.0 0.06944358836821607 2.624825080058124e-05 0.04446397660065338 0.0023552978562673133 1328.9348554695189 50.0 -18.20521989029697 1.2447234256249473 478.75 512.76 6 48 "Minimization exited successfully."
