analysis_pipeline/fit_results/csp_5_salt2_2.4_red.ecsv
# %ECSV 0.9
# ---
# datatype:
# - {name: obj_id, datatype: string}
# - {name: num_points, datatype: int64}
# - {name: z, datatype: float64}
# - {name: t0, datatype: float64}
# - {name: x0, datatype: float64}
# - {name: x1, datatype: float64}
# - {name: c, datatype: float64}
# - {name: z_err, datatype: float64}
# - {name: t0_err, datatype: float64}
# - {name: x0_err, datatype: float64}
# - {name: x1_err, datatype: float64}
# - {name: c_err, datatype: float64}
# - {name: chi, datatype: float64}
# - {name: dof, datatype: float64}
# - {name: b_max, datatype: float64}
# - {name: delta_15, datatype: float64}
# - {name: tmin, datatype: float64}
# - {name: tmax, datatype: float64}
# - {name: pre_max, datatype: int64}
# - {name: post_max, datatype: int64}
# - {name: message, datatype: string}
# schema: astropy-2.0
obj_id num_points z t0 x0 x1 c z_err t0_err x0_err x1_err c_err chi dof b_max delta_15 tmin tmax pre_max post_max message
[from data line 96]
2008bi 48 0.04438945335275933 1536.5200000037823 0.003659835752001742 -2.789184030990801 0.35265349267826474 0.0013714136280798123 0.0019631760426364053 0.00012183932170803098 0.02498330205152599 0.022093241136307618 2147.8470033470085 26.0 -19.901496005445004 1.6817573242629358 1551.52 1628.47 0 48 "Minimization exited successfully."
2008bq 50 0.049858948854708984 1563.743088225077 0.003001278810332228 0.5892610683092698 0.03339252252823055 0.001765197862737499 0.09585619381982724 4.062907519263438e-05 0.04695781928438292 0.011343516554647715 127.59901589097105 27.0 -19.942223838983974 0.9451663272735296 1562.49 1606.46 2 48 "Minimization exited successfully."
2008bt 35 0.05440801374201372 1568.4306707357969 0.003222573480801658 -2.5662341821730337 0.4039038648792528 0.002487185570493225 0.0901448219788108 0.00010771602777730638 0.030141426663820914 0.02354955209437648 13811.118502009485 23.0 -20.22330555072357 1.607168011182555 1571.61 1651.47 0 35 "Minimization exited successfully."
2008bz 26 0.014026242334495823 1580.3430444444323 0.001027831588569303 -0.797535799633966 0.02711775713476361 0.003032146121406545 0.12182948830081841 3.523268437192757e-05 0.06821276336861004 0.027037142167069872 1521.6266884471152 21.0 -15.965505441885977 1.2097153338158364 1580.72 1651.52 0 26 "Minimization exited successfully."
2008cc 86 0.010401172038101734 1580.26028131068 0.02005654714818857 -1.5866199600842301 0.19041392391091905 2.947988725267997e-08 3.690441872095107e-07 4.7471125998250346e-05 0.010943000622512855 0.0019094391362779461 131485.58839603985 37.0 -18.537561263172467 1.3730176040063569 1582.86 1654.86 0 86 "Covariance may not be accurate."
2008cd 9 0.003500000356836183 1572.7400000510286 0.0014406368405603194 -3.4624208950816673 0.9999998945188686 0.0002171644114806932 0.013027882412529834 1.2643180137100773e-05 0.1500396294292594 0.004888374342883917 884.2983349844822 4.0 -13.35232455845886 1.7819550669436346 1587.74 1595.73 0 9 "Minimization exited successfully."
2008cf 51 0.0459561295958032 1596.3726212612835 0.0025055595174532878 0.578249803520765 -0.1389364299112139 7.162820879202947e-07 7.351245278641727e-05 3.791394668841569e-05 0.02834776649191717 0.010761256963138677 9110.774972798503 21.0 -19.56385982460733 0.9542994811595058 1595.77 1654.65 2 49 "Covariance may not be accurate. Covariance not positive definite. Covariance forced positive definite."
2008ff 144 0.027053109886535285 1714.2175116599556 0.010940130795238973 -0.9684469152413673 -0.03820785490093481 nan 1.4003178421262419e-06 8.925998501998697e-05 0.011505169727414888 0.005365949372634182 71313.70611259881 42.0 -19.981095298342648 1.2511468836998567 1724.53 1790.57 0 144 "Covariance may not be accurate."
2008fl 97 0.04853366999611505 1720.2730340356168 0.0048962728300953025 -0.9629066699614146 0.23971284431168893 0.0012116226904829441 0.07840787231612012 7.60190029157671e-05 0.0158359203821945 0.010807943335367831 37409.45697431288 41.0 -20.41510120147869 1.2287616339403158 1724.49 1789.53 0 97 "Minimization exited successfully."
2008fp 185 0.005716886830299304 1733.5265055462883 0.013707813163352062 -0.17518980668468842 0.9696341784563924 2.720067086925751e-07 1.5843360870348988e-05 1.9584432571249227e-05 0.009212188266952914 0.0010078130202417768 251412.4549038911 52.0 -16.866283398925926 1.025767716960253 1725.83 1874.61 50 135 "Covariance may not be accurate."
2008fr 82 0.03969458659444517 1741.5754092993818 0.002340785033414483 -0.40221133416151655 -0.06970379435017537 7.032372829895994e-08 5.565962851505901e-06 3.703473891344673e-05 0.029795683987190014 0.010851228984194938 16218.326104980897 32.0 -19.160511379296832 1.1348589450941837 1738.78 1807.57 5 77 "Minimization exited successfully."
2008fu 58 0.06368460350017767 1731.7346296573646 0.00163859444380203 -1.2578760045123794 -0.16786456432389585 0.002550902908590242 0.19665725440495407 6.966603947862894e-05 0.0645175557030746 0.03128864117436986 1697.3133590302584 31.0 -19.838422740039302 1.326714917579988 1737.84 1817.67 0 58 "Minimization exited successfully."
2008fw 70 0.057401298334697155 1739.942068194678 0.0268316157785551 -0.13613153690066948 -0.056646304902277955 2.950333183315834e-08 12.876967541554677 2.920675735528476e-05 0.0056706848073893035 0.0007734038406784216 252719.45854335852 40.0 -22.637903449932477 1.0819832822949316 1740.89 1827.81 0 70 "Covariance may not be accurate. Covariance not positive definite. Covariance forced positive definite."
2008gg 102 0.0319686899582303 1752.0919633714175 0.004776468439502435 0.7217282743248816 -0.08351141787721084 5.393411553547556e-07 4.523963934843778e-05 4.9090164400170024e-05 0.01815096352436063 0.006959636880304709 47912.411537316344 47.0 -19.453247583487975 0.9268913773281255 1753.63 1827.57 0 102 "Covariance may not be accurate."
2008gl 87 0.04575113952370128 1768.3027526411872 0.0034987645741650477 -1.3269584894546211 -0.09176672766363247 0.05762363199249827 27.80304396375891 0.025424527355111085 6.723247853134312 1.3978750439035346 9770.998135306185 39.0 -19.914629660639232 1.336790665252316 1765.7 1844.55 10 77 "Covariance may not be accurate."
2008go 19 0.0828194133102751 1766.6792929852913 0.0012795487819138446 -0.9239244903135138 -0.22939654759672534 0.05708436980767352 0.1784674968582749 0.00013502870962612125 0.32601490435662317 0.10803754424865991 10.674893010710012 7.0 -20.171115196094593 1.2549866939621417 1764.54 1776.58 6 13 "Minimization exited successfully."
2008gp 96 0.018385412478194873 1779.883093405228 0.002572661256218814 0.12360274558713513 0.21338135387331292 0.002168609951767075 0.0264320311780466 3.5912279947979e-05 0.02464469269599512 0.011361423713152297 456.8190159294581 35.0 -17.559569625644173 1.0191180034585372 1768.75 1844.52 26 70 "Minimization exited successfully."
2008ha 56 0.003500000422265894 1766.5500004013404 0.0009761557164626539 -1.0681319046980153 0.8067290312998701 0.0005074590272778827 0.07465364014262832 2.267285979810766e-05 0.02055038728453873 0.014330555030252823 1397.5182712478327 31.0 -12.91216891535164 1.2034883918332753 1781.55 1810.55 0 56 "Minimization exited successfully."
2008hj 65 0.01334424590885274 1802.4370610554652 0.003170096771136083 0.4527564162120621 0.016989332921509392 0.0018478372638496676 0.0417853263456891 4.413862235777273e-05 0.03999103332542786 0.01012160951483465 289.9992356940509 27.0 -17.079768922820694 0.9698751616792016 1794.58 1834.55 21 44 "Minimization exited successfully."
2008hu 52 0.06039974621620207 1805.5617537050387 0.001132256631337722 -1.7067428381733474 -0.07547276719009333 0.001776466622125699 0.10551639630114096 2.5657053129074492e-05 0.050954392749467114 0.01777474083287489 194.38644655896465 27.0 -19.315699684330163 1.4284132848889044 1804.74 1844.84 5 47 "Minimization exited successfully."
2008hv 132 0.006045181684470901 1817.408167057844 0.02110985215364484 -1.4051518665072829 -0.0622944188832848 2.76345459696882e-07 1.3119030654706876e-05 0.0002304538981777373 0.016726602966055104 0.006983653642754661 43506.054483147025 43.0 -17.405647478329975 1.352849220083126 1804.8 1912.7 31 101 "Minimization exited successfully."
2008ia 109 0.00350000706622322 1813.123176681258 0.0031178334657929437 -1.3416106860689792 0.3155637229046391 0.0005921282784632853 0.0799542774824431 6.64177846701336e-05 0.04824536280534719 0.014185289923336897 237.71004837089725 24.0 -14.143335786563814 1.304604991758744 1809.77 1874.69 15 94 "Minimization exited successfully."
2009D 93 0.04066537452475535 1841.8042077178186 0.007211005648446234 0.7327464631379579 0.023824833111570243 0.001090729311793142 0.032348060495451136 5.954366095876516e-05 0.018160464467966708 0.006750592739960037 179.1806171408476 37.0 -20.43676445464108 0.9207035829670627 1834.67 1890.52 30 63 "Minimization exited successfully."
2009F 82 0.03781076205223428 1844.339863516145 0.00187989168389186 -3.5872438471082644 0.5131648295494813 0.0004569487271376127 0.02232877659616861 2.741885675822402e-05 0.021810918259577372 0.009761599656529896 24068.646966433582 27.0 -18.82640188758241 1.9283575996863398 1837.75 1884.63 36 46 "Minimization exited successfully."
2009I 37 0.04686576124158442 1851.3023278883354 0.0005668651553079718 2.008020794213497 0.9999998696422872 0.002054751290567376 0.14651603762069954 2.8915578793392246e-06 0.1437067420931366 0.007412744352377709 49.547231508931176 5.0 -18.04962016570698 0.6803161524185981 1846.58 1867.58 14 23 "Minimization exited successfully."
2009J 18 0.04064243028907619 1831.7400000300092 0.0006143180037265356 -0.8858165688435609 0.45993439302909866 0.003800236567224627 0.0816000080245658 3.704231786847979e-05 0.05871104395179705 0.041738251829375295 37.56911407533965 9.0 -17.771763390921848 1.1953816056060056 1846.74 1867.68 0 18 "Minimization exited successfully."
2009P 46 0.003500000024723933 1868.9253948960145 0.0027873962521620475 1.257785619111445 0.3028360539063719 0.00038105153473982 0.12024349025080028 6.1017549251124415e-05 0.04940572856930059 0.01458441659256493 3542.4236158988533 24.0 -14.023084503518469 0.822457498151806 1867.74 1931.61 6 40 "Minimization exited successfully."
2009Y 148 0.009401730820268128 1878.3405085634265 0.049999980708985294 -0.047337679226041374 -0.10795671410330099 2.009062070301021e-07 9.893920491776953e-06 0.00013886271075290446 0.011785131306652818 0.0008529372784513711 206490.64571055083 54.0 -19.307632423815463 1.0677141758428306 1868.84 1976.65 23 125 "Minimization exited successfully."
2009aa 150 0.046947597336830876 1878.7507044185422 0.0045157612377413284 -0.6134782367373726 0.013643091942718621 0.0018257073567142929 0.017482732485404995 7.23841693498024e-05 0.019135859585281967 0.013495963065864092 8044.198722975674 39.0 -20.249647296051265 1.1723900064369204 1868.77 1956.66 36 114 "Minimization exited successfully."
2009ab 62 0.003500000020423923 1883.7330659282757 0.007303151771374628 -0.8531560434021737 0.5334620420645615 0.00013127706157704594 0.017892352135049805 7.221534844918404e-05 0.022000540428777082 0.0062976994476918735 345.05576566052844 15.0 -15.077596981893995 1.1829505830030893 1874.57 1911.51 14 48 "Minimization exited successfully."
2009ad 80 0.022346990068511 1887.147964549043 0.0034117206477847772 0.33100556311799245 0.23324619157406024 0.002251637401414498 0.028712652547255857 4.9331798310643616e-05 0.0337798102673017 0.011623287299889928 121.81120661994979 19.0 -18.29695561218787 0.9811631808880961 1878.6 1921.53 16 64 "Minimization exited successfully."
2009ag 136 0.04898209554120017 1889.2222854732204 0.00888889760176397 0.08205550822697916 0.5183672313079506 0.0013385219664257299 0.07282766882360647 0.00018391996223875596 0.021608051033537023 0.014137174113968531 1332.454100984046 31.0 -21.095164867314477 1.0095839234052661 1886.62 1959.54 14 122 "Minimization exited successfully."
2009al 68 0.029093009697043478 1896.1153762836204 0.0038127993482870663 -0.5666427033465302 0.41753572496848057 0.05265367926136997 28.27520729394098 0.02571264313648851 6.960081184857538 1.4782762523035724 736.0422908412005 23.0 -19.00740130308804 1.1354081920907007 1891.71 1973.54 18 50 "Covariance may not be accurate."
2009cz 51 0.031204564230195644 1943.9709124657682 0.008397596776245122 0.4315394006862858 0.02762761086200083 0.001956212044831925 0.050279081774078804 0.00016187110916067882 0.06645233977307319 0.015370569897330322 63.57047478926212 11.0 -20.011586088548107 0.9731576011677898 1937.53 1966.46 12 39 "Minimization exited successfully."
2009dc 76 0.08399999999998176 1949.7103911806207 0.010078576904611107 1.5869198609546515 0.2837987071281929 2.6856509009583196e-05 0.04907524371947147 9.088651451297138e-05 0.035559629932266024 0.006434426756064537 13931.45667124374 14.0 -22.4483493056526 0.7698666614931966 1938.77 1976.68 29 47 "Minimization exited successfully."
2009ds 56 0.008267356266967956 1962.2916082775798 0.01202528169911567 0.42132143207031625 0.0008337348171434389 0.009922092038769528 0.15252902971144522 0.00041009634754852337 0.22695824589092872 0.023363735989987644 35.682904692245486 13.0 -17.479122013923707 0.9761832498032916 1954.64 1976.62 17 39 "Minimization exited successfully."
2009le 30 0.04021582636142471 2165.5435625725413 0.017255590496651197 -1.0256106296267609 -0.20470812179301434 0.00746453828941937 0.13035476684763125 0.0009169369760830704 0.22714843923681172 0.052504769057997724 13.676670278716962 13.0 -21.36005956450291 1.2760178058799383 2153.53 2169.58 20 10 "Minimization exited successfully."
2010ae 52 0.08399997171828183 2275.065769475232 0.0004000070949303936 -1.7441424825459984 0.9999170564119284 0.0019293707252058187 0.4260388888756097 1.3709304630826763e-05 0.24355703092816605 1.3410913853527133 15.46513512177473 -1.0 -18.991942603792783 1.326540813511869 2258.59 2305.53 46 6 "Minimization exited successfully."
