analysis_pipeline/fit_results/csp_5_sn91bg_color_interpolation_blue.ecsv
# %ECSV 0.9
# ---
# datatype:
# - name: obj_id
#   datatype: string
# - name: num_points
#   datatype: int64
# - name: z
#   datatype: float64
# - name: t0
#   datatype: float64
# - name: x0
#   datatype: float64
# - name: x1
#   datatype: float64
# - name: c
#   datatype: float64
# - name: z_err
#   datatype: float64
# - name: t0_err
#   datatype: float64
# - name: x0_err
#   datatype: float64
# - name: x1_err
#   datatype: float64
# - name: c_err
#   datatype: float64
# - name: chi
#   datatype: float64
# - name: dof
#   datatype: float64
# - name: b_max
#   datatype: float64
# - name: delta_15
#   datatype: float64
# - name: tmin
#   datatype: float64
# - name: tmax
#   datatype: float64
# - name: pre_max
#   datatype: int64
# - name: post_max
#   datatype: int64
# - name: message
#   datatype: string
# schema: astropy-2.0
obj_id num_points z t0 x0 x1 c z_err t0_err x0_err x1_err c_err chi dof b_max delta_15 tmin tmax pre_max post_max message
2008J 38 0.08491044144559028 1509.4138236323524 3.7386760354252146e-14 1.0631819388794246 0.38056815600874794 9.475833256944455e-09 6.312514358342014e-05 4.163336342344337e-17 9.6727838194699e-07 0.0028667816133322033 244306.97231448482 33.0 -21.748075220455338 1.6072888616908365 1484.54 1515.52 34 4 "Covariance may not be accurate."
2005kc 48 0.00550349683791788 725.8995341943314 2.6645352591003757e-15 0.6500005033582453 0.00019835601510548306 0.05804924610033044 39.37384626804652 0.9347289389322094 0.374128244407957 0.6208040512566295 574193.9668244348 43.0 -13.528584805039731 2.2623378950477573 687.52 728.54 45 3 "Covariance may not be accurate."
2005A 73 0.07309127911062448 363.37411023605137 3.397282455352979e-14 1.0317609483328738 0.4992188844520726 0.04694038130886441 39.1772378437262 0.9223868558727875 0.40265002037503334 0.71018809697346 28671.24160756049 68.0 -21.041490918253654 1.6387115646176476 376.65 432.52 0 73 "Covariance may not be accurate."
2009Y 116 0.05309202614615089 1862.0387692580885 3.780309398848658e-13 0.6543902044993601 0.0003627943209046913 0.056283034634129425 86.5317348996856 0.9223873224916299 0.38946056845548965 0.6068288781349171 456140.0121211608 111.0 -23.907808002759875 2.2513618957011516 1869.84 1976.65 0 116 "Covariance may not be accurate."
2004gs 164 0.08400261519523446 394.257411410856 6.9111383282915995e-15 0.7257841436528043 0.506787104099285 2.1542804285505646e-05 0.002118322272679052 0.0 0.001574485888678645 0.0031920222009867993 559981.9457399144 159.0 -19.618617460755218 2.087714981117731 352.85 461.56 92 72 "Covariance may not be accurate. Covariance not positive definite. Covariance forced positive definite."
2004eo 147 0.023171967452334727 295.9766523677089 3.297362383136715e-14 1.0131820720276647 0.33127251192321183 0.06154623423792528 63.91682047286301 0.9250073933604477 0.408867349793584 0.659702979752641 2177722.1013214015 142.0 -18.786111968371745 1.6581226044591304 266.52 341.54 90 57 "Covariance may not be accurate."
2008gp 73 0.08498880509937866 1840.4085362699605 1.9849310753383698e-07 0.763522877568248 0.5157025529172107 0.0 0.0 0.0 0.0 0.0 687582.7953248072 68.0 -38.276665769587105 2.0122627741492902 1768.75 1814.69 73 0 "Hesse Failed. Covariance may not be accurate. Covariance not positive definite."
2007ca 44 0.0784745937205086 1227.5785445185386 8.118505867571457e-14 0.6500000000386331 0.5000629122986177 3.660640243013935e-08 7.063936363064954 0.0 7.908673715917303e-12 9.197980120889682e-07 356724.4639435666 39.0 -22.147872020878804 2.2623564661423075 1218.68 1259.63 8 36 "Covariance may not be accurate. Covariance not positive definite. Covariance forced positive definite."
2009al 55 0.0849347518861275 1973.282700407728 0.006467032666224226 0.6864308618844667 0.9377405970683197 0.0 0.0 0.0 0.0 0.0 395497.08975320566 50.0 -48.74834255488621 2.174843163339796 1897.7 1947.57 55 0 "Hesse Failed. Covariance may not be accurate. Covariance not positive definite."
2008ae 30 0.08399926381369419 1493.8247887596915 2.556288514199423e-14 0.836130830864756 0.49448970101141315 0.0824992103740751 65.59473991361006 1.4914715454025371 0.442002438524995 0.547563275641602 11631.533863874372 25.0 -21.062952128080997 1.888546105239648 1508.74 1597.56 0 30 "Covariance may not be accurate."
2006dd 141 0.08497065821498564 1025.7357239579499 3.0617175461600254e-13 0.8009646014791215 0.5000765601296258 3.933863512717295e-09 0.00029523097657602193 1.249000902703301e-16 6.786394317059852e-07 0.3222949281208669 767969.8454553415 136.0 -23.771621507292693 1.9453270077615148 906.94 1147.57 32 109 "Covariance may not be accurate. Covariance not positive definite. Covariance forced positive definite."
2005ki 163 0.08495257963605801 809.9598470544929 4.6629367034256575e-15 0.8922270775964125 0.5701978356073101 4.7084926644444525e-05 0.005025159515867017 0.0 0.00038616075277997375 0.0002684190833575628 1025453.350100935 158.0 -19.11138081910341 1.8063466731949234 695.86 861.5 136 27 "Covariance may not be accurate."
2007if 67 0.08499783028455367 1385.662983442914 2.0816681711721685e-15 0.6629500198691293 0.055966093116398996 7.192039672143657e-10 8.876692345438641e-05 0.0 1.4780710283490706e-07 0.022602954607685716 335960.7020439986 62.0 -19.23980366693679 2.230339842482028 1357.77 1443.6 38 29 "Covariance may not be accurate."
2006D 147 0.06877184462950735 804.2023762107963 1.63202784619898e-14 0.7194852492776571 0.4478411151475893 0.049523827498374605 107.5185349023863 0.9253453470331154 0.3277964689526834 0.6982722753400896 1568083.5411056008 142.0 -20.226431559196072 2.1011235443155734 751.84 891.61 86 61 "Covariance may not be accurate."
2006lu 80 0.012029402481256281 1088.6849597273 8.326672684688674e-16 0.8245221520664587 0.4570407284037127 0.060115554824585034 80.90177383584307 0.9223870640899323 0.3858088576420337 0.6997158659921842 162325.50099786968 75.0 -13.09818002896828 1.9067316815622064 1040.84 1137.75 49 31 "Covariance may not be accurate."
2009ag 72 0.0020005319570999915 1871.6317730919968 3.9218628344883655e-13 0.6825418439467732 0.5823127544909251 1.4290044836086369e-06 0.00017738537439981883 2.914335439641036e-16 2.62265981670895e-05 8.483188062186064e-05 188664.20182241508 67.0 -15.628965312552179 2.183847321391532 1888.59 1937.5 0 72 "Covariance may not be accurate."
2006ev 29 0.05157646635885294 980.2354336365813 4.2299497238218464e-14 0.807081578862284 0.46584310643129195 0.056341359876733166 32.450186896182345 0.9059801081466362 0.44382693684990787 0.7095585894401363 31125.732669844605 24.0 -20.56826444441548 1.9350633878907573 994.59 1038.53 0 29 "Covariance may not be accurate."
2009cz 32 0.033047122571801035 1946.478047536128 7.560618797697316e-14 1.2332269535291305 0.5322714866633494 0.061351122128622926 31.624523025607004 0.9341225596914087 0.41209873674509195 0.722664462041946 138247.00856517733 27.0 -20.06917181612947 1.4676717734309808 1937.53 1966.46 12 20 "Covariance may not be accurate."
2006gj 52 0.05957032844559239 1046.439916783427 8.326672684688674e-17 1.1947452638443146 0.02790934293571329 0.05400725538157025 81.93784948646493 0.9324564882728382 0.3148983339236044 0.6778103915131188 118606.2943126797 47.0 -14.981053290780274 1.4941916923148 998.83 1096.59 32 20 "Covariance may not be accurate."
2005el 93 0.049069105667814146 678.4179842024897 7.244205235679146e-15 1.2419315033020215 0.044187319398776015 0.05752255843954407 75.33557026653159 0.9223869344492357 0.33802381676412113 0.5183023538229453 1061812.31176084 88.0 -19.365137180388846 1.4619780144820496 639.89 730.75 45 48 "Covariance may not be accurate."
2007jh 25 0.05669948974891979 1362.0038584853037 4.163336342344337e-16 0.6578608222310226 0.5003297524883902 0.05516226360303355 47.89000705767637 0.9318819128478477 0.4000878833502757 0.7143802387254174 46445.74066879899 20.0 -15.682934840192548 2.2427966088286873 1363.86 1395.86 0 25 "Covariance may not be accurate."
2007so 27 0.020137763521677045 1448.3513268500797 4.163336342344337e-16 1.2499901535676536 0.00022967071391871707 0.00020039521320264556 0.0018462277904518487 0.0 0.00012597470382358367 8.42086189445368e-06 52257.93244308804 22.0 -14.354433758313387 1.4567857434052627 1449.68 1469.55 0 27 "Covariance may not be accurate."
2006gt 39 0.08385425677362704 1033.0171963233643 8.326672684688674e-17 0.6500000239734752 0.08104308727863285 0.047285885381996455 64.69701156271071 0.9351388608446787 0.3740038268525739 0.5185223859369383 116576.39046988059 34.0 -15.669952821006987 2.2623416297580405 1001.67 1076.62 22 17 "Covariance may not be accurate."
2007ai 52 0.05281814180672232 1239.2554302995457 1.0824674490095276e-15 0.6579925776803418 0.4925823727835749 0.06065673217185834 78.6675387027974 0.922386960976316 0.3381771102224757 0.7086398066015137 169469.49024467508 47.0 -16.578971798809707 2.24247210452479 1172.89 1259.7 48 4 "Covariance may not be accurate."
2006hb 89 0.08057175307856972 1057.914464379263 1.1574075031717257e-14 0.9121412550642206 0.29996670023469907 0.043035270636476046 106.39336853350045 0.947183982038935 0.44096223105552157 0.6468217252144559 654818.3525558262 84.0 -20.50083520574656 1.7790718934615768 1007.88 1143.59 45 44 "Covariance may not be accurate."
2007hj 93 0.08197685216992796 1389.9944549810832 8.493206138382448e-15 1.2443950153290333 0.49618975629912043 1.738910160278828e-05 0.006575456535529156 0.0 0.0019359052197215343 7.08808580643927e-05 1095945.294262546 88.0 -19.806467426592814 1.4603975674988376 1348.76 1440.53 66 27 "Covariance may not be accurate."
2008ia 57 0.08133110241243978 1798.103589988396 8.434919429589627e-14 0.8175173660680284 0.40968978998047406 4.8386859657911785e-09 4.531632612270187e-06 4.163336342344337e-17 7.633957405106528e-08 0.0007262043692028708 98387.91564782361 52.0 -22.474432009000985 1.9179535841049553 1809.77 1858.76 0 57 "Covariance may not be accurate."
2007ol 24 0.05804291166516517 1398.493308890157 1.8818280267396403e-14 1.0305750928987127 0.46940654307833446 0.00014430817996056305 0.16385105791994192 0.0 0.0002603519108960173 0.00026681894041877263 16271.184855962161 19.0 -19.947347169492275 1.6399299713238449 1409.79 1422.66 0 24 "Covariance may not be accurate."
2008fw 92 0.025556494173807516 1728.1881098274243 7.294165271787278e-14 0.6856491691866395 0.5073824102155833 0.053141941983297296 68.51098151819463 0.92523130491384 0.4217826852224376 0.7132752736816973 1789412.170345856 87.0 -19.50018510077277 2.1766493916062366 1740.89 1827.81 0 92 "Covariance may not be accurate."
2005mc 52 0.034166968991225094 743.4079438163948 1.199040866595169e-14 0.9377169265124877 0.4919994396339992 0.0607344902915379 35.679758210384534 0.9240093583272422 0.4236790723542064 0.7091752288389 64330.844574749244 47.0 -18.215696373674888 1.7456691570768577 736.79 773.62 19 33 "Covariance may not be accurate."
2009dc 40 0.06940629817656395 1948.7496501699752 1.035838081975271e-13 1.155748754692974 0.32141268923961896 0.061095276959507866 37.22913448482677 0.9223867849774396 0.3445675077399392 0.6554433572108032 143865.0089991615 35.0 -22.50229735423629 1.5241761461386645 1942.81 1976.68 12 28 "Covariance may not be accurate."
2009F 57 0.037200961868829464 1847.6453349063156 1.5903944827755367e-14 1.128163645695829 0.5000784516582734 0.000722324024561169 0.0022810435295923526 4.163336342344337e-17 0.0017559037586423187 0.0034078166209043914 153090.34594431904 52.0 -18.69230613366305 1.5472897181745573 1837.75 1884.63 28 29 "Covariance may not be accurate. Covariance not positive definite. Covariance forced positive definite."
2008go 24 0.05837770952428253 1749.5633563527906 1.7319479184152442e-14 1.2300346261608115 0.5001010498361872 0.003170682739389502 0.03852853482874252 2.0816681711721685e-16 0.010383448226497283 0.009673413394681668 45889.67447165661 19.0 -19.797001056468652 1.4697778308988703 1765.61 1776.58 0 24 "Covariance may not be accurate. Covariance not positive definite. Covariance forced positive definite."
2008cf 45 0.052335458924562546 1599.7741382201468 1.3405943022348765e-14 1.2228188726504543 0.5057576377832417 1.1386798911411367e-07 0.026356739365610338 0.0 3.5119593255750203e-07 1.3754949166333574e-06 46612.335049330075 40.0 -19.26319569249296 1.474590485309843 1595.77 1654.65 12 33 "Covariance may not be accurate."
2006bd 21 0.06676639371522014 829.1629881994484 1.2490009027033011e-15 0.6560039949619233 0.02477957371114481 0.050544467949027436 42.89520708148456 0.9413998491638494 0.34244888250317695 0.6890492764926913 14743.727322083996 16.0 -18.18524615332292 2.2473618007117473 823.7 872.57 3 18 "Covariance may not be accurate."
2007bm 35 0.021013168433020528 1278.2222529160908 0.002123484733045522 0.6597255722246079 0.013975626633739413 3.7599437452406903e-13 4.547473508864641e-13 0.0005671005025777859 1.9728663147589032e-13 0.0023360643138843618 1684406.8420172965 30.0 -46.19542669362896 2.238202161398947 1224.67 1259.56 35 0 "Covariance may not be accurate. Covariance not positive definite. Covariance forced positive definite."
2006kf 62 0.0838347326818219 1075.176504756452 4.829470157119431e-15 1.1716968474255287 0.5019933534620928 2.760796765290119e-06 0.0007257055453919747 0.0 0.09637135826808907 4.9959787961018076e-05 471736.9729481824 57.0 -19.232493093768735 1.5115349565094682 1036.81 1127.64 40 22 "Covariance may not be accurate."
2008bt 49 0.015760867305354608 1570.882388983489 6.9111383282915995e-15 0.7173942550558868 0.5088169186030762 0.06086328170305198 69.32019900086732 0.9223945289964048 0.4331798754236505 0.7123650851289727 205899.19024592498 44.0 -15.87352387778176 2.1056260019975177 1571.61 1651.47 0 49 "Covariance may not be accurate."
2006mr 103 0.0022925689339646097 1083.1147952220704 9.658940314238862e-15 0.7751313730753188 0.025730349085207882 0.048901995306847995 81.37049068953138 0.9223893349153663 0.3623668718245063 0.542396732883319 333343.6627427235 98.0 -12.9788426105424 1.990703251927858 1046.68 1147.57 52 51 "Covariance may not be accurate."
2007le 94 0.08339551108644076 1413.3418446580106 2.254862963013693e-13 1.23468514995552 0.5166507415707436 4.6564357555137215e-06 0.0030543799149427286 1.249000902703301e-16 0.0002232892367491912 0.00011349479861960665 349837.997160977 89.0 -23.370070729420473 1.4667140171872504 1392.6 1470.55 32 62 "Covariance may not be accurate."
2008hu 45 0.081006612015722 1789.7407944927288 3.2307490016592055e-14 0.6646522474270967 0.5091236175969436 1.144676105638287e-07 1.348560772385099e-06 0.0 5.958197267785792e-07 0.0027498250744129593 34739.943836176986 40.0 -21.205879424157615 2.2262294695715035 1806.76 1840.68 0 45 "Covariance may not be accurate."
2009J 23 0.08395119796032537 1845.270317332204 7.16093850883226e-15 0.651594690604665 0.5071475696058267 0.0001017955995006592 0.0541065867251973 0.0 0.00019050338245601983 0.006141824182030908 6595.898000877138 18.0 -19.65518739618771 2.2583528576396574 1848.7 1867.68 0 23 "Covariance may not be accurate. Covariance not positive definite. Covariance forced positive definite."
2007N 65 0.08464052770134407 1127.5582381900758 2.498001805406602e-16 0.684718905869455 0.5063541984440589 6.659407848080834e-08 0.08080189784573122 0.0 1.7151315366281672e-06 6.108213667421758e-06 185968.27746891638 60.0 -16.03180509116035 2.1787995874705075 1123.82 1213.67 7 58 "Covariance may not be accurate."
2006ob 25 0.0642274988922315 1068.3919398223215 4.912736883966318e-15 1.1231577007225912 0.4821399193094197 0.05186253040396689 49.09365942079023 0.9223869147974721 0.3632727098399809 0.7061285062672912 13641.429661338378 20.0 -18.688893874120154 1.5516461023718797 1060.65 1121.57 8 17 "Covariance may not be accurate."
2006bh 73 0.06890958147816648 849.2584501319017 7.194245199571014e-14 1.2464390018047515 0.5074813914116201 0.0008505462771944347 0.04983789381333281 3.3306690738754696e-16 0.00022221468863325988 0.0030302668952678635 574784.6550275884 68.0 -21.70798202861014 1.4590801321564726 831.9 891.79 30 43 "Covariance may not be accurate. Covariance not positive definite. Covariance forced positive definite."
2007ba 56 0.057733558973826996 1221.7334360366162 1.8318679906315083e-15 1.2313949090306204 0.49979835172518594 0.05462986934325025 60.68144321239083 1.0076045921058 0.3472632088374081 0.7373645227057681 174479.6128838632 51.0 -17.33345333277608 1.4688787751203094 1190.83 1255.61 35 21 "Covariance may not be accurate."
2008fp 115 0.031032189716521955 1786.9467269719985 1.990074771640593e-14 1.2269695390549742 0.49996984240333203 0.06195432194811473 116.90005460258124 0.9417338487395261 0.41216073739124587 0.7181039284511176 1835046.4612376145 110.0 -18.532198681599837 1.471812880193923 1724.84 1820.73 81 34 "Covariance may not be accurate."
