analysis_pipeline/fit_results/csp_5_salt2_2.4_red.ecsv
# %ECSV 0.9
# ---
# datatype:
# - name: obj_id
#   datatype: string
# - name: num_points
#   datatype: int64
# - name: z
#   datatype: float64
# - name: t0
#   datatype: float64
# - name: x0
#   datatype: float64
# - name: x1
#   datatype: float64
# - name: c
#   datatype: float64
# - name: z_err
#   datatype: float64
# - name: t0_err
#   datatype: float64
# - name: x0_err
#   datatype: float64
# - name: x1_err
#   datatype: float64
# - name: c_err
#   datatype: float64
# - name: chi
#   datatype: float64
# - name: dof
#   datatype: float64
# - name: b_max
#   datatype: float64
# - name: delta_15
#   datatype: float64
# - name: tmin
#   datatype: float64
# - name: tmax
#   datatype: float64
# - name: pre_max
#   datatype: int64
# - name: post_max
#   datatype: int64
# - name: message
#   datatype: string
# schema: astropy-2.0
obj_id num_points z t0 x0 x1 c z_err t0_err x0_err x1_err c_err chi dof b_max delta_15 tmin tmax pre_max post_max message
[from data line 48]
2008R 64 0.04692173736661869 1491.5982485214447 0.013568530082911912 -2.425754735145972 0.0026145857587842602 0.0004935259606604972 0.03863101709987404 0.00013724474818184278 0.012701723154502353 0.007083168418333563 6560.31685027173 20.0 -21.4420842555444 1.6185918129863435 1493.63 1532.52 0 64 "Minimization exited successfully."
2005bg 31 0.003500004429752967 471.0629733198218 0.007808419715885754 0.5504222807072914 -0.03614134813338232 0.00037080879638024824 0.09871119648568083 0.00015157323374296542 0.060399958407457266 0.013649989219782277 413.12745151315823 26.0 -15.135894915140973 0.9549389092302007 472.67 512.61 0 31 "Minimization exited successfully."
2005ke 222 0.0035000000098926163 700.5293005985325 0.015493141267996195 -2.190082813516987 0.5305961826042354 7.102723860009409e-06 0.010043844619417541 0.00016596763003985313 0.00904824957453787 0.0066728377098246305 257947.70652057478 69.0 -15.893382298745946 1.487237134358823 689.69 819.51 41 181 "Minimization exited successfully."
2007cg 23 0.051526574165836024 1228.0130858671798 0.0007432260930946372 1.2733431884026807 0.6353634051386277 0.004190804420724288 0.23733095327986575 4.3676473480694356e-05 0.13318680060265464 0.041603871323215635 11.200266981971481 9.0 -18.523245554309952 0.8075747717395956 1235.63 1259.59 0 23 "Minimization exited successfully."
2004gu 68 0.04047519661399581 363.18361781992974 0.0019606838414231473 1.1835080465781802 0.02404812161432135 0.0034778960849390084 0.0919179149367153 3.357110811359472e-05 0.04981666581219768 0.01644431849282002 238.32617342278448 52.0 -19.012741893033613 0.8444649287184021 357.86 410.84 6 62 "Minimization exited successfully."
2007jd 17 0.050075465553135905 1364.5354931162012 0.00012547559638630135 -1.70198562550897 0.7995386686626385 0.01227012859475523 0.5184941188022094 1.7980671966499886e-05 0.2481835472131897 0.08320955690464737 23.697073318554434 9.0 -16.537966059413236 1.338757587532438 1362.83 1409.83 2 15 "Covariance may not be accurate. Covariance not positive definite. Covariance forced positive definite."
2007hx 14 0.08399997715865269 1353.8978596773375 0.0022346943676767733 0.8379130038649496 -0.9998349430743446 0.0074940464183877245 0.5774713191976844 8.265442461059683e-05 0.3153820299577337 1.2476582541861707 94.0614120033704 6.0 -20.857576881701227 0.9358739077030975 1354.78 1411.73 0 14 "Minimization exited successfully."
2008ha 56 0.0035000001207883286 1766.550000158849 0.0009761332352022034 -1.0681134649547728 0.8067477078325518 0.0005053345543946566 0.07406004210986339 2.268784379430848e-05 0.020551793573581723 0.01434041117781859 1397.5182551262365 31.0 -12.912145357369319 1.2034830883580554 1781.55 1810.55 0 56 "Minimization exited successfully."
2005hj 52 0.059297921230526296 676.66531053002 0.0015355744731061522 1.0520886162144238 -0.11852675883206598 0.05944382792960368 62.325932014808984 0.02676376932325041 7.298584338280154 1.3905582958993066 2524.98816639613 27.0 -19.607005412498197 0.8714495914370346 671.67 761.57 17 35 "Covariance may not be accurate."
2005hk 156 0.08399999982285239 689.7844816296326 0.005536817830951751 0.3305030612600248 0.4138835764052793 4.261904670767314e-06 0.01877804158937124 3.2956586505353616e-05 0.014646222569999257 0.004231228258251951 88720.01890647595 43.0 -21.80161405005388 0.9720937974551447 675.61 761.54 50 106 "Minimization exited successfully."
2005ir 13 0.07624160142453515 686.7183643765511 0.00013199697607021166 0.36151115075161044 0.9989385294513053 0.05771326523148101 45.95352961111513 0.029636447762623322 7.181555245065486 1.2489921181348915 39.42365885418641 8.0 -17.567405737409146 0.9350360966453124 682.62 740.53 3 10 "Covariance may not be accurate."
2005bl 23 0.03476362730442309 485.20842286089805 0.0007679754555935337 -4.999999988803373 0.4063358110098547 0.0012447484860988386 0.028853394893275208 3.406711091620416e-05 0.010702627096581985 0.0294395882760089 915.0707093944113 18.0 -17.661461350742954 2.7297965830816793 476.61 512.57 15 8 "Minimization exited successfully."
2005M 172 0.05043487822269361 407.05037376607834 0.006583447485867567 0.9265777798273147 0.022258592174400293 4.312060660587036e-07 4.4364088012116554e-05 4.743879085267622e-05 0.01757654826287469 0.004903937716468354 92671.93877511048 106.0 -20.821202075726823 0.8876670442995866 397.73 480.51 31 141 "Covariance may not be accurate."
2008bf 83 0.022930865806649138 1555.4236849484244 0.008270143561545304 0.5283319349208435 -0.06553062982509883 4.406534245549043e-07 3.193013719737792e-05 9.893525079801135e-05 0.021553491113744272 0.008181271712442706 20748.745702635908 49.0 -19.312644267060488 0.9600889391990428 1546.79 1646.49 27 56 "Minimization exited successfully."
2006eq 62 0.0839999999981897 975.3116916717997 0.00105024321687473 -2.111655434308844 -0.10173413760129257 0.00021244043426272424 8.11894175285488e-05 2.5006500134892862e-05 0.04804820463348203 0.017451162646485774 329.78221449023135 24.0 -19.98659384223006 1.5394652902470298 980.56 1029.51 0 62 "Minimization exited successfully."
2009aa 150 0.04694736002913953 1878.7507108750212 0.004515738479947346 -0.6134671599225934 0.013646857986743699 0.0018253575290963185 0.017482569362641698 7.2374300959925e-05 0.01913584338763652 0.013493899059864645 8044.198721500305 39.0 -20.249630483867374 1.1723874898521203 1868.77 1956.66 36 114 "Minimization exited successfully."
2008hj 65 0.013344142375644403 1802.4370833605317 0.0031701449600068017 0.45274548660773917 0.016980266799738297 0.001847613567281991 0.04178363750031622 4.414066677365519e-05 0.039990970060935105 0.010121604989314803 289.9992402493118 27.0 -17.079768377013654 0.9698775036607437 1794.58 1834.55 21 44 "Minimization exited successfully."
2006ax 146 0.0035000000362887976 828.1430998916526 0.012416314800866652 0.47630168541734186 0.09416619793589498 9.644313071061582e-05 0.014556158346749726 0.00012433445861559887 0.013750753832751261 0.006242431618938782 41207.3095025673 40.0 -15.639868798507994 0.9622468712935692 815.64 891.5 31 115 "Minimization exited successfully."
2009D 93 0.04066991321171816 1841.8042403708014 0.007211051277337472 0.7328268451607078 0.023813117609331247 0.0010890142362964782 0.0323424509083452 5.9531029293877474e-05 0.018156070346078135 0.006746485998978535 179.18059936865194 37.0 -20.437020999900966 0.9206902172526323 1834.67 1890.52 30 63 "Minimization exited successfully."
2008gl 87 0.04098057974620541 1768.5425266271716 0.003480920175636032 -1.3457256559848063 -0.08169869699101984 6.593268355795101e-07 9.652219318923017e-06 3.974839336347421e-05 0.01785813478510412 0.0078044272851503504 9796.76416608689 39.0 -19.662230330976385 1.3403818943159607 1765.7 1844.55 10 77 "Covariance may not be accurate."
2008cd 9 0.0035000000001964107 1572.7400000029982 0.0014406807830178781 -3.463086919841315 0.9999999997968514 0.00021686920906998307 0.013031078058816092 1.2645719345709449e-05 0.15008231613239653 0.004996285618408369 884.2982169026359 4.0 -13.352357159107264 1.7821723295993408 1587.74 1595.73 0 9 "Minimization exited successfully."
2007A 49 0.004086350510206524 1113.5606771531498 0.005366694536371178 1.2089712117321891 0.4499572849905362 0.00705114957052761 0.07414557396623422 0.0001102774559078477 0.07816237865203668 0.012468520072654421 99.24342747571544 13.0 -15.077595103547605 0.8249076051862225 1107.53 1133.53 18 31 "Minimization exited successfully."
2008ar 70 0.009843573370638993 1535.5285327578572 0.004985924343145998 -0.02438714377756579 0.07816096403934836 0.00372482128732877 0.04457233926916615 8.041311999930053e-05 0.025029346111736572 0.012401036909597374 10778.045180608397 31.0 -16.904874450113457 1.053522795455617 1527.79 1627.59 7 63 "Minimization exited successfully."
2006X 188 0.06906707347894435 788.2895105608868 0.03067686219757424 0.23745268197958502 0.497105958205565 6.688762084758326e-05 0.00335098770148079 0.0001703590210891167 0.011009815761090724 0.0035764743983908165 409795.5550549014 62.0 -23.21664170239235 0.983735895175883 775.68 891.59 44 144 "Covariance may not be accurate."
2006ej 21 0.05008688828405184 974.9505284690281 0.010642799567491599 -1.3378052968681384 -0.2227556789428622 0.002874641457359002 0.24114892954787592 0.00028155031405301296 0.05293835184222373 0.0213324360071665 48.57448815281081 6.0 -21.327989784810196 1.3501134200491762 980.72 1018.7 0 21 "Minimization exited successfully."
2005eq 112 0.02900212978324178 656.299917471719 0.00413134058908917 0.9176957190900756 0.08626336104868959 8.152178562256113e-07 6.010312517901184e-06 3.9261403697266224e-05 0.02469892559920428 0.006307006068821064 31307.799989244526 49.0 -19.07968208760143 0.8867329191071072 647.8 751.66 10 102 "Covariance may not be accurate."
2008gg 102 0.03188640547213832 1752.097182961492 0.00476665146273641 0.7191272957001358 -0.08201659704855291 9.451982585159668e-07 7.373192499926517e-05 2.9048767541875378e-05 0.016999719317133177 0.004128169402321913 47914.25455973894 47.0 -19.445269133465832 0.9272850047582253 1753.63 1827.57 0 102 "Covariance may not be accurate."
2004ey 102 0.003500024819095175 304.9965535344237 0.012149988966278622 0.4113098161193207 0.1720602903190389 0.00029460211354356445 0.0164381818731556 8.263606398623089e-05 0.010905521422060804 0.004329929140304611 707.2761754463396 59.0 -15.617418329447883 0.9700324377985332 295.53 358.55 24 78 "Minimization exited successfully."
2010ae 52 0.08399999921053798 2275.06612646721 0.0003999626735288059 -1.7438709476992047 0.999970041434922 0.0019313233861111903 0.42172672092442554 1.066562190155107e-05 0.24105635781824342 1.288076102595331 15.465051084240237 -1.0 -18.99182866627569 1.3264755272450444 2258.59 2305.53 46 6 "Minimization exited successfully."
2007ux 88 0.05022161978488641 1463.1708967223003 0.0018148906539646294 -2.2625987887804193 0.17727405841911614 0.0011760847309312504 0.06160637793800561 3.1910220528068366e-05 0.025008124530663922 0.012592262906200524 3322.834824436092 28.0 -19.412531259999966 1.549742479167456 1466.82 1554.65 0 88 "Minimization exited successfully."
2005W 40 0.00541500457260263 412.8621203453432 0.027336985446541957 -0.21324589128634486 0.2530483658597522 0.003393718338031878 0.03463933826478183 0.0003309840941096327 0.06814610860797288 0.01202317875339376 211.2977461608249 35.0 -17.450160722266123 1.0788407354310223 404.54 429.51 15 25 "Minimization exited successfully."
2007on 204 0.0035000000007202434 1420.751489039399 0.049999999999081 -1.7960932608074351 0.45692440935661494 3.026742588482724e-05 0.017081029098108047 1.3024109776712395e-05 0.01008091999439742 0.0012577516162655122 134487.73074086968 44.0 -17.161746087078775 1.3968762171598748 1410.73 1508.61 21 183 "Minimization exited successfully."
2005ku 17 0.04722141491947739 699.9194017965472 0.0016941946898142103 -0.4496774128714174 -0.025983170783043685 0.007105353039364125 0.25182702233848886 8.776075298717325e-05 0.1749244194936006 0.04396630115191624 26.383742730763338 9.0 -19.1983857696977 1.141718227884624 699.56 739.53 2 15 "Minimization exited successfully."
2008fu 58 0.06368510761124216 1731.7341359698105 0.0016388026436269633 -1.2579159701117417 -0.1679302954088091 0.002550978586910925 0.19669415578641747 6.96894228048848e-05 0.06451675835949544 0.03129382573320805 1697.3133594527897 31.0 -19.838579716488947 1.326729535670328 1737.84 1817.67 0 58 "Minimization exited successfully."
2007bd 66 0.04740235535637076 1207.090071141357 0.004209562884324139 -1.0031295371625952 -0.14221820934058393 2.1597039110213267e-07 1.139086657531152e-05 3.181945150680654e-05 0.02732680969373491 0.005418623636076425 613.996268816785 19.0 -20.19578762263904 1.2664413391309104 1197.53 1259.46 22 44 "Covariance may not be accurate."
2006is 80 0.03099221690306941 1014.2504867633753 0.0066384159913474294 0.4886995314932685 -0.26457190133450637 6.931025928538781e-09 1.2114040259803005e-06 6.720325877763566e-05 0.01985885703498491 0.007399087516553882 75634.53958934739 46.0 -19.744652390046763 0.9754314166077798 1009.86 1125.67 5 75 "Minimization exited successfully."
2008bc 101 0.0035000004052492123 1550.1023006074665 0.009423773240506281 0.6863680352145218 0.18388063827775958 0.00017141277097710347 0.03316243413644315 8.724529146875333e-05 0.017313985155819278 0.00588002633626028 27963.348557434958 33.0 -15.341974057998634 0.921967279664436 1542.56 1646.46 27 74 "Minimization exited successfully."
2007mm 17 0.08399999998314074 1393.719366354273 0.00026919730178610326 -3.7918618789752 0.15252853105946906 0.00019797200430258372 0.10200324805293803 1.239276019502909e-05 0.18009485642423484 0.03436581698005858 513.1792092282528 12.0 -18.508866686088645 2.0959337041158648 1385.72 1418.69 4 13 "Minimization exited successfully."
2008C 73 0.016600991771242763 1470.750803994852 0.007699202203213976 -1.717462951853563 0.09717245027294896 3.3963571831364947e-06 0.0001232749996233906 0.0001642483921351465 0.05734034340117766 0.014432445153231943 11961.927958900415 33.0 -18.522143923194875 1.4141411120095881 1469.81 1552.5 4 69 "Minimization exited successfully."
2004dt 88 0.040650671378288816 244.3065604021824 0.009430503493744254 -0.8891631020886113 0.23443561543553404 0.0564219561749222 66.85790426216772 0.029650523269920515 6.866076081216482 1.4630094441010622 145235.57138016372 83.0 -20.729201323347752 1.2136937073866907 249.79 365.62 0 88 "Covariance may not be accurate."
2006br 41 0.01029423823972992 851.4795139788288 0.0004070215114311077 -0.8355970706086051 0.9030718434178671 0.005992918258936043 0.14132847216711752 2.121104714648684e-05 0.0757744960370732 0.038512638404806676 102.06349649064614 15.0 -14.325551615332852 1.1499151273010249 855.66 891.66 0 41 "Minimization exited successfully."
2005ag 41 0.07539105419113677 415.0308832672881 0.0005592713910375413 0.5276534594578797 0.10549786652871807 6.525197122492221e-07 5.452707003428259e-05 0.00014177291372727692 0.06998791537671067 0.14797689992320406 1117.803111982308 31.0 -19.056179775790923 0.9527567310558602 412.82 479.84 3 38 "Covariance may not be accurate."
2007sr 156 0.005634037167454522 1465.496280867706 0.04999427985211238 0.22639335732828236 0.2852063549748216 1.9728575988879962e-07 0.0004204145664061798 2.0958604850657148e-06 0.007480304039378716 0.000339619668607849 401530.3002636319 53.0 -18.19327870963904 0.9969694565802936 1454.84 1955.57 35 121 "Minimization exited successfully."
2009ad 80 0.022347122431987592 1887.1479693710626 0.0034117230417346324 0.3309982047150095 0.23324590056705352 0.00224959312280249 0.028707713593689732 4.9324588220676924e-05 0.033775330503508005 0.011618693624510623 121.81120709455702 19.0 -18.29696944151621 0.9811644889027917 1878.6 1921.53 16 64 "Minimization exited successfully."
2006et 151 0.03415699424019056 995.0289822153773 0.006420547152576672 0.6870122028254766 0.18637796962767417 0.0011950307080186018 0.02661901400995248 6.800817796176343e-05 0.019118464847807104 0.007978166453391333 44346.36510458396 41.0 -19.923303369516752 0.9217500155663796 982.63 1099.54 27 124 "Minimization exited successfully."
2009P 46 0.0035000000258786136 1868.925409774368 0.002787364649274912 1.2577994075728869 0.30284258920884066 0.00038113208053701733 0.12024657568406383 6.101542031735209e-05 0.04940608023899529 0.014584098080119623 3542.4236158881586 24.0 -14.023072422993419 0.8224550246615969 1867.74 1931.61 6 40 "Minimization exited successfully."
2004ef 111 0.046560947942233914 264.91043945490486 0.0033863313319307366 -1.591145209473516 -0.07185210871361214 0.0006215100174222152 0.009816829150196327 2.6017407181997028e-05 0.010738651560036061 0.005897900840116266 19146.289611581255 89.0 -19.91828326953224 1.3989880536585524 255.69 329.57 20 91 "Minimization exited successfully."
