analysis_pipeline/fit_results/csp_5_sn91bg_color_interpolation_red.ecsv
# %ECSV 0.9
# ---
# datatype:
# - {name: obj_id, datatype: string}
# - {name: num_points, datatype: int64}
# - {name: z, datatype: float64}
# - {name: t0, datatype: float64}
# - {name: x0, datatype: float64}
# - {name: x1, datatype: float64}
# - {name: c, datatype: float64}
# - {name: z_err, datatype: float64}
# - {name: t0_err, datatype: float64}
# - {name: x0_err, datatype: float64}
# - {name: x1_err, datatype: float64}
# - {name: c_err, datatype: float64}
# - {name: chi, datatype: float64}
# - {name: dof, datatype: float64}
# - {name: b_max, datatype: float64}
# - {name: delta_15, datatype: float64}
# - {name: tmin, datatype: float64}
# - {name: tmax, datatype: float64}
# - {name: pre_max, datatype: int64}
# - {name: post_max, datatype: int64}
# - {name: message, datatype: string}
# schema: astropy-2.0
obj_id num_points z t0 x0 x1 c z_err t0_err x0_err x1_err c_err chi dof b_max delta_15 tmin tmax pre_max post_max message
[from data line 97]
2008bq 50 0.0035000003845782448 1547.4902317326685 3.0558888752807434e-14 0.6500000000196329 0.10718913204308184 0.053339040173534136 26.459987793688242 0.9939438312311766 0.3975758844901326 0.7204433942624221 75352.18721373178 27.0 -15.007952402925975 2.2623426580117734 1562.49 1606.46 0 50 "Covariance may not be accurate."
2008bt 35 0.003525977130953599 1576.7343552701968 1.532107773982716e-14 0.950513151491936 0.48843961065362573 5.505944775897539e-07 0.0018324190880321112 0.0 0.010571581435836364 3.966685044926033e-05 21148.57039657606 23.0 -13.507980379448952 1.729675350653448 1571.61 1651.47 6 29 "Covariance may not be accurate."
2008bz 26 0.003512487551530818 1572.0832108625084 3.747002708109903e-15 1.1418813114290192 0.4994786814385806 0.04917670127070217 23.020973766332418 0.9242798916455484 0.352809608001835 0.7110516087465256 8775.941331010186 21.0 -11.943708916607537 1.5356046905767258 1580.72 1651.52 0 26 "Covariance may not be accurate."
2008cc 86 0.0035196333510262925 1567.860090867355 1.9517720772910252e-13 0.6999797191069027 0.5000496666478568 0.051588871797355704 6.45754242896146e-05 8.326672684688674e-17 0.0029596888036514946 0.008238897265688605 160830.94912583192 39.0 -16.23863113955465 2.144002593335463 1582.86 1654.86 0 86 "Covariance may not be accurate. Covariance not positive definite. Covariance forced positive definite."
2008cd 9 0.0035162680316354073 1572.8056012677287 2.6145752229922437e-14 0.7184230229989189 0.004595195907376781 8.004130732123735e-08 8.663900268857105e-05 0.0 1.334908464367679e-05 0.006357951996690675 328.1639879113919 4.0 -15.024935866176365 2.103392605737822 1587.74 1595.73 0 9 "Covariance may not be accurate."
2008cf 51 0.0035148487747914915 1585.9976163972583 9.825473767932635e-15 0.7329955144056778 0.49994664092303626 6.121002036610021e-09 0.057116799034020005 0.0 1.1553113625772937e-06 9.952573365445971e-07 150585.73712316595 26.0 -12.990690253583129 2.0726417000980355 1595.77 1654.65 0 51 "Covariance may not be accurate."
2008ff 144 0.0035017803886362325 1710.432107668613 4.2799097599299785e-14 0.9774742457426175 0.549747105511536 0.04934200035365371 26.88848952874946 0.9223918427557154 0.43200523996254997 0.720760760521845 634027.5547437896 56.0 -14.498825573712594 1.6975860305250663 1724.53 1790.57 0 144 "Covariance may not be accurate."
2008fl 97 0.0035013466604002295 1720.1893420167378 1.740274591099933e-14 0.9655158353090221 0.04929328423210777 1.726943286506702e-09 9.418790807558253e-05 0.0 1.5719581093476265e-06 0.024947965038692954 220979.4615647112 48.0 -14.50042741817176 1.7115374365039848 1724.49 1789.53 0 97 "Covariance may not be accurate."
2008fp 185 0.0035008397944885387 1728.4424432098829 1.8560153414171054e-13 1.2471933549475338 0.49738766239787685 0.04939201461216035 28.07291854697894 0.9223868799437427 0.35108484500402287 0.7097646318086239 339868.8567563401 71.0 -16.17886935324627 1.4585947223296003 1725.83 1874.61 20 165 "Covariance may not be accurate."
2008fr 82 0.0035104239753186582 1746.9175161424623 2.9976021664879227e-15 1.23681935807494 0.0694561672237678 0.04911935737391047 29.03395549793788 0.9224946783525629 0.40292762216500316 0.5079642842534914 38502.71830259963 40.0 -12.561703310775766 1.4653046456520613 1738.78 1807.57 18 64 "Covariance may not be accurate."
2008fu 58 0.0035000008524429392 1727.8121906884278 8.576472865229334e-15 0.6500000000526641 0.18819793531046924 6.851932996682075e-11 0.0001085230401258741 0.0 4.650424489938132e-11 0.052550470004547656 13034.919241677158 36.0 -13.465699952312697 2.2623462982727673 1737.84 1817.67 0 58 "Covariance may not be accurate."
2008fw 70 0.0035225017283834347 1725.9922665628167 1.582067810090848e-13 1.059940143618425 0.5000343585867734 4.343422935963563e-08 0.00041385421252471133 4.163336342344337e-17 0.0001790300773961695 0.7485915405005905 301665.5131290517 42.0 -16.01241907012403 1.6104592345196487 1740.89 1827.81 0 70 "Covariance may not be accurate. Covariance not positive definite. Covariance forced positive definite."
2008gg 102 0.0035000212306716162 1739.128703307911 4.571343303894082e-14 0.6500000067902745 0.49931849059776556 0.04948426309480639 26.34975392744684 0.9223871289921189 0.3689282800892994 0.710211166787092 485547.6284643832 51.0 -14.6522619684626 2.262356421240412 1753.63 1827.57 0 102 "Covariance may not be accurate."
2008gl 87 0.003500021285953672 1753.939257742311 2.0483614804334138e-14 0.7200807418637142 0.4436284051070555 1.4787923591826763e-09 0.02775042874338851 0.0 7.0437744892348775e-06 1.4685854339419047e-05 79387.30868953963 39.0 -13.910055572783115 2.0998460820454596 1765.7 1844.55 0 87 "Covariance may not be accurate."
2008go 19 0.003500000983725878 1753.6723411275707 9.492406860545088e-15 0.6500000000359882 0.5000210856985106 1.9857854001155244e-07 0.08176995698102019 4.163336342344337e-17 2.993731937350752e-07 0.00014163539698747174 17363.060627783165 7.0 -12.943864546268834 2.262356466012683 1764.54 1776.58 0 19 "Covariance may not be accurate. Covariance not positive definite. Covariance forced positive definite."
2008gp 96 0.02737574828367469 1776.6982752646863 7.41073868937292e-15 0.9974261017762793 0.5036803855578282 nan 0.005196254601401051 0.0 0.0003401518627967892 0.0006561154288629578 107826.507313486 55.0 -17.17558578672779 1.675158956335217 1768.75 1844.52 17 79 "Covariance may not be accurate."
2008ha 56 0.0035070557305988434 1767.5186621433509 1.149080830487037e-14 0.9255851073459623 0.4233944661431648 0.05073922198999617 22.13425331604526 0.9393837757388337 0.42373855196491195 0.7254918961232178 11588.958678658895 31.0 -13.330223888108602 1.761278451952517 1781.55 1810.55 0 56 "Covariance may not be accurate."
2008hj 65 0.0035000001506978276 1803.1158999854183 6.5780714209040525e-15 0.6500000022956158 3.718287699960854e-08 1.461500039913466e-11 8.572310514409764e-05 0.0 1.562751039685395e-10 2.6728354750704675e-05 120011.47782851332 29.0 -13.52384373873885 2.2623391504782937 1794.58 1834.55 23 42 "Covariance may not be accurate."
2008hu 52 0.0035000005201976845 1797.049572473345 4.163336342344337e-16 0.9078875556932211 2.4245827567881406e-10 1.4033321705207713e-10 0.0003456363070881707 0.0 6.437128444669593e-06 7.986814060934044e-05 119238.38149713671 29.0 -10.527201500346251 1.7847980079822108 1804.74 1844.84 0 52 "Covariance may not be accurate."
2008hv 132 0.0035000001227741334 1815.5008807562288 8.060219158778636e-14 0.650000000334709 0.5000226228158912 1.6099290954182943e-11 0.0001012768562986821 0.0 7.290601455878232e-11 0.33799490833061063 282451.50384508853 47.0 -15.266287854488942 2.2623564652659542 1804.8 1912.7 27 105 "Covariance may not be accurate. Covariance not positive definite. Covariance forced positive definite."
2008ia 109 0.0035056918741824877 1817.0624576081987 2.2315482794965646e-14 0.7871493519648909 0.9948398504141119 5.555151671131353e-09 0.0001629438398822458 0.0 2.0781604542774446e-06 0.004110743327434996 59097.65003214547 34.0 -12.910018704842777 1.9691740053718974 1809.77 1874.69 31 78 "Covariance may not be accurate."
2009D 93 0.019811196891169766 1844.5908611684322 1.457167719820518e-14 1.130618267675215 0.23862952672827376 0.05027032897699028 0.004979891426842187 4.163336342344337e-17 0.0007472245980255643 0.002263944787320532 193837.78567043427 43.0 -17.71759957435291 1.5451656499295545 1834.67 1890.52 32 61 "Covariance may not be accurate."
2009F 82 0.0035000017913133052 1846.4394273936898 1.3905543383430086e-14 0.6500000003695817 0.5000312216230482 5.085738861293487e-11 9.277242099869909e-05 0.0 6.331157820227418e-11 0.2389554787643512 192481.41079355625 35.0 -13.358378133122844 2.2623564652062136 1837.75 1884.63 38 44 "Covariance may not be accurate. Covariance not positive definite. Covariance forced positive definite."
2009I 37 0.0035000004038958066 1834.8493863066026 1.6986412276764895e-14 0.722488560928495 0.05947486894481374 1.1300597762241293e-10 0.00019870097719376645 0.0 3.857019429009956e-06 0.05173488544603175 10191.229747255758 5.0 -14.455890032764309 2.094688851009966 1846.58 1867.58 0 37 "Covariance may not be accurate."
2009J 18 0.08399677686919396 1845.9456354060842 1.6653345369377348e-16 0.6500000018794185 0.11922167174894244 0.05178023995838874 24.809336079832747 0.9606007703876709 0.38422521949542704 0.548817454803748 36833.97273246154 13.0 -16.35605664315291 2.262343128628686 1846.74 1867.68 0 18 "Covariance may not be accurate."
2009P 46 0.01481878566899754 1852.7514616717979 1.3489209749195652e-14 1.1738654552929049 0.007487772449725427 0.04537362325863756 24.936859042696142 0.9245041777564725 0.3322973595433025 0.5781685404798529 15024.90218051964 24.0 -17.44446793951866 1.5098425861374452 1867.74 1931.61 0 46 "Covariance may not be accurate."
2009Y 148 0.0035000081097927493 1853.8589645497402 4.0209502394361607e-13 0.6842759823779014 0.47916716874745824 3.6553620872369075e-10 0.0036263880647311453 4.163336342344337e-17 2.2285124298693226e-06 5.443170250252205e-06 365781.04738249653 60.0 -17.06158317563365 2.1798239877319148 1868.84 1976.65 0 148 "Covariance may not be accurate."
2009aa 150 0.0035165907412218296 1889.6273293272825 1.3905543383430086e-14 0.6524540414687531 0.500045040093877 3.1385143442691846e-08 0.0005986949635143901 0.0 1.0535120560928313e-06 0.7499561056254025 245345.78534789555 33.0 -13.368652319797608 2.2562030774181068 1868.77 1956.66 64 86 "Covariance may not be accurate. Covariance not positive definite. Covariance forced positive definite."
2009ab 62 0.003500015789274573 1891.9878915919478 3.655409308578328e-14 1.2190942974424708 0.6201387685667069 1.542008339593115e-10 6.897601633681916e-05 0.0 5.72167265344703e-07 0.002071623542209633 321068.3207298686 13.0 -14.199886828181107 1.4771062155195267 1874.57 1911.51 42 20 "Covariance may not be accurate."
2009ad 80 0.0035179717426949216 1890.5998121475545 1.3156142841808105e-14 1.2489315414994828 0.500061924560559 1.1045650407021969e-07 0.0023474913214158732 0.0 2.2398633692244374e-06 0.7342420237742695 108228.63974922504 19.0 -13.309332316450238 1.4574783784685579 1878.6 1921.53 34 46 "Covariance may not be accurate. Covariance not positive definite. Covariance forced positive definite."
2009ag 136 0.03748855960934844 1874.222058332845 2.381428387820961e-13 0.6742898173049788 0.47176321881057265 0.05841763751545581 20.030522838607226 0.9344432946604587 0.41872806949167385 0.7080293879557392 1919657.7926328806 67.0 -21.715578375064247 2.2031863993344114 1886.62 1959.54 0 136 "Covariance may not be accurate."
2009al 68 0.0035021945484348597 1876.9619584678824 3.2307490016592055e-14 1.1760440093533375 0.28767106447923696 0.04967790933583081 23.207631131479957 0.9223879409620233 0.3310303924953191 0.6416538502787305 17151.13319203883 23.0 -14.703140836687108 1.5081760539125888 1891.71 1973.54 0 68 "Covariance may not be accurate."
2009cz 51 0.00350343473574138 1930.074673402079 3.622102617839573e-14 0.6500004943199051 0.4999907071875249 5.133163842986968e-09 0.01959692622278908 0.0 5.38672006999974e-09 7.071539009084749e-07 117646.47060877574 13.0 -14.40001688580163 2.262355221690129 1937.53 1966.46 0 51 "Covariance may not be accurate."
2009dc 76 0.0035048365359241804 1930.2189738280122 5.953570969552402e-14 1.2495404345708065 0.501005750869778 1.6033636415510935e-06 0.0077070644572359015 4.163336342344337e-17 8.27551703111995e-05 2.9615003349470204e-05 316544.98275062966 18.0 -14.93882181412775 1.457087882688345 1938.77 1976.68 0 76 "Covariance may not be accurate."
2009ds 56 0.0035000005291884696 1967.7029014687298 2.7644553313166398e-14 0.6500000000000035 0.1854189997159013 0.05074679443218743 27.933373786740844 0.9456459377396365 0.37825835929062646 0.7358197385359417 69917.96748077859 13.0 -14.74245565625117 2.262346154140644 1954.64 1976.62 40 16 "Covariance may not be accurate."
2009le 30 0.0035028884661287775 2141.5022676655362 7.177591854201637e-14 0.650003653636783 0.5353233369868109 1.7417149084531652e-08 0.00029200406515883515 0.0 5.331578262213199e-08 0.007193657055916902 69044.03698004622 13.0 -15.08508765754984 2.2623473929106037 2153.53 2169.58 0 30 "Covariance may not be accurate."
2010ae 52 0.003502918550368455 2261.480437431064 1.8735013540549517e-14 0.6500082581851616 0.999999604294223 2.016313763175681e-08 0.0007794574482886674 0.0 9.258385841315331e-08 8.486302985244443e-05 3552.7871343806364 7.0 -12.705737490065175 2.262332563980287 2258.59 2305.53 18 34 "Covariance may not be accurate."
