analysis_pipeline/fit_results/csp_4_sn91bg_color_interpolation_all.ecsv
# %ECSV 0.9
# ---
# datatype:
# - {name: obj_id, datatype: string}
# - {name: num_points, datatype: int64}
# - {name: z, datatype: float64}
# - {name: t0, datatype: float64}
# - {name: x0, datatype: float64}
# - {name: x1, datatype: float64}
# - {name: c, datatype: float64}
# - {name: z_err, datatype: float64}
# - {name: t0_err, datatype: float64}
# - {name: x0_err, datatype: float64}
# - {name: x1_err, datatype: float64}
# - {name: c_err, datatype: float64}
# - {name: chi, datatype: float64}
# - {name: dof, datatype: float64}
# - {name: b_max, datatype: float64}
# - {name: delta_15, datatype: float64}
# - {name: tmin, datatype: float64}
# - {name: tmax, datatype: float64}
# - {name: pre_max, datatype: int64}
# - {name: post_max, datatype: int64}
# - {name: message, datatype: string}
# schema: astropy-2.0
obj_id num_points z t0 x0 x1 c z_err t0_err x0_err x1_err c_err chi dof b_max delta_15 tmin tmax pre_max post_max message
[from data line 54]
2006ob 63 0.0592 1067.47052806555 2.1649348980190553e-15 1.0553020466353633 0.07400753552223377 0.0 28.798236248042485 0.9223873232575787 0.39398615991932023 0.512227479266812 20069.009682303473 48.0 -18.425932012172865 1.6150073053629797 1060.65 1121.57 17 46 "Covariance may not be accurate."
2006os 106 0.0328 1071.3388712394215 4.3298697960381105e-15 0.6500000011192932 0.17468118595485582 0.0 29.335899012807886 0.9419103833983182 0.3767528591607918 0.5849766285414992 91050.6031814981 71.0 -17.660188491399353 2.2623456085248854 1063.65 1133.56 30 76 "Covariance may not be accurate."
2006ot 118 0.0531 1056.6846556446567 5.745404152435185e-15 1.2408306699298595 0.32499790175456006 0.0 23.954276559283244 0.9223869217424253 0.39781497332721044 0.7372859047416799 55834.9713566253 76.0 -18.749080694503625 1.462700804060205 1063.72 1131.63 0 118 "Covariance may not be accurate."
2006py 35 0.0579 1054.5451160463963 1.3655743202889425e-14 0.7890475030927485 0.3797494973638288 0.0 22.567999729553776 0.9223868906580653 0.4435118691492522 0.676553867289846 48516.59332513841 31.0 -19.78319154384879 1.9658407037452044 1069.54 1091.54 0 35 "Covariance may not be accurate."
2007A 76 0.0177 1092.8021919053774 7.835398996292042e-14 0.840673929038716 0.5001840503797551 0.0 nan 0.0 5.8852478211135484e-05 0.00013279903474905375 225140.16123404316 41.0 -18.77868119974116 1.881557688819452 1107.53 1133.53 0 76 "Covariance may not be accurate."
2007N 165 0.0129 1128.5364837607638 4.246603069191224e-15 1.1366417036484164 0.21843451554754728 0.0 28.348706444179697 0.9223870677529713 0.4417185251369792 0.7385588529428089 94293.73814629308 113.0 -15.483408906317965 1.5400167342523083 1123.82 1213.67 26 139 "Covariance may not be accurate."
2007S 192 0.0139 1140.5042139515417 4.746203430272544e-14 1.0552712182922712 0.503082798476761 0.0 0.0003526721421849288 0.0 0.0034237530008786043 2.753535507227234e-05 262593.04606458225 103.0 -17.698694985896307 1.6150497554895438 1132.77 1246.54 30 162 "Covariance may not be accurate."
2007af 307 0.0055 1173.1508934522496 2.304822999121825e-13 1.205605361152586 0.16217056800866947 0.0 29.342363643023646 0.9223867760097046 0.4248288597729227 0.577436380763617 254173.7424899722 165.0 -18.078853217523395 1.4864188431907621 1162.76 1257.72 77 230 "Covariance may not be accurate."
2007ai 111 0.0317 1152.8934698482062 1.3739009929736312e-14 1.1661675652258345 0.10838306513208584 0.0 8.105576398520498e-06 0.0 2.292361669375964e-06 0.002199372664270366 43340.82036921528 85.0 -18.969584255784437 1.5158475673108853 1167.88 1259.7 0 111 "Covariance may not be accurate."
2007al 120 0.0122 1160.3989191923752 1.9984014443252818e-14 1.0458984915189449 0.4674837687719564 0.0 21.850575815684238 0.9223868780370306 0.44164036578879773 0.7024487537759655 30200.88870877845 80.0 -16.555805658960175 1.624369401196212 1170.77 1246.58 0 120 "Covariance may not be accurate."
2007as 153 0.0176 1160.5925997932245 1.0499934255392418e-13 0.816120335424309 0.2633563013361725 0.0 0.0008065728774226955 0.0 0.00010928360894113531 0.001087601982257852 342897.6707565773 103.0 -19.55214988212815 1.9202133407145343 1175.59 1259.49 0 153 "Covariance may not be accurate."
2007ax 97 0.0069 1169.5526161504233 1.1032841307212493e-13 0.7946472379040862 0.4168809084710665 0.0 1.6425578905909788e-06 4.163336342344337e-17 1.3068345078304233e-06 0.23049283386320824 101302.74162109458 62.0 -17.274959082287317 1.9561131339009066 1184.55 1248.47 0 97 "Covariance may not be accurate."
2007ba 124 0.0385 1177.6536497089567 1.2240208846492351e-14 1.2341390007318722 0.4998399683320275 0.0 27.68838842703269 0.9280846297903591 0.3265095045631227 0.7127209684010283 81250.73193083855 82.0 -18.485164071903068 1.467072393225422 1190.83 1255.61 0 124 "Covariance may not be accurate."
2007bc 111 0.0208 1181.682765636615 7.052691763931307e-14 0.8593010166703346 0.5001378936441236 0.0 nan 0.0 3.644564551785745e-05 7.878245074804946e-05 323127.7483720078 77.0 -19.020077235886298 1.853576106611392 1196.65 1259.53 0 111 "Covariance may not be accurate."
2007bd 110 0.0309 1203.1211075498782 1.099120794378905e-14 0.6500250389527201 0.4954651474391015 0.0 28.546904873223866 0.9250335695419238 0.36836816667909694 0.7104233893346544 302522.6341045958 67.0 -17.889228312663658 2.262293274558079 1197.53 1259.46 24 86 "Covariance may not be accurate."
2007bm 85 0.0062 1209.03344204483 4.736211423050918e-13 0.6982876115415562 0.0014384956817171668 0.0 23.083043371411236 0.9223880386731869 0.3108163924129931 0.6305399732179628 338134.484563098 48.0 -19.41109548985724 2.1477949567504098 1217.57 1278.52 0 85 "Covariance may not be accurate."
2007ca 117 0.0141 1222.1082534167565 5.5289106626332796e-14 0.6500000004314415 0.7067482407084638 0.0 3.28863745835406e-05 0.0 4.616179660743569e-11 0.0009469264206561356 828321.6089614008 72.0 -17.51351532659971 2.262357427051761 1217.65 1275.65 12 105 "Covariance may not be accurate."
2007cg 45 0.0332 1220.976029926761 1.2156942119645464e-14 0.8501121110421936 0.4569209408157365 0.0 22.340159582270985 0.9223868940233713 0.44197787991417953 0.6996839703196659 19891.628383083895 36.0 -18.24872522543816 1.8672495611102669 1235.63 1259.59 0 45 "Covariance may not be accurate."
2007hj 266 0.0141 1338.1843604900569 1.0907941216942163e-13 0.6574384178222309 0.4451556278674079 0.0 21.698456819149214 0.922386787401573 0.33931217590946244 0.6964925795532408 551706.2090868313 159.0 -18.766127232259937 2.243834863318252 1348.76 1440.53 0 266 "Covariance may not be accurate."
2007hx 65 0.0794 1370.04094868672 8.326672684688674e-17 0.6500021929080981 0.13178631070661817 0.0 0.0001445041546048742 0.0 9.544122325788607e-09 0.07198820725675145 75263.00504436804 51.0 -15.450106737753103 2.262338133182361 1354.78 1411.73 32 33 "Covariance may not be accurate."
2007if 114 0.0742 1341.1414074240222 1.9984014443252818e-14 0.8816976575379101 0.5149897440982565 0.0 26.125749615608356 0.9386529276832842 0.44393094923143767 0.72062123156009 132003.0389051687 88.0 -20.473962012881305 1.8211708432928688 1355.77 1443.6 0 114 "Covariance may not be accurate."
2007jd 70 0.0726 1370.1974766775108 8.326672684688674e-17 0.6500000263596879 0.08473913428489616 0.0 29.443107785964685 0.951738961293376 0.38063981251805884 0.5217246058928316 79075.43074934183 59.0 -15.333246431830407 2.262341755506853 1362.83 1409.83 34 36 "Covariance may not be accurate."
2007jg 113 0.0371 1370.9679705022045 5.578870698741412e-15 0.6500238507744066 1.4559559646243336e-06 0.0 4.1471314943919424e-05 0.0 7.375615951321635e-09 1.102110956438529e-05 269336.95184498274 92.0 -18.52710743445465 2.262279138879304 1363.82 1425.78 30 83 "Covariance may not be accurate."
2007jh 45 0.0408 1369.9774547226084 6.2450045135165055e-15 0.6500249929722179 0.5000999003528198 0.0 0.14096856018886683 4.163336342344337e-17 0.00011984074631571362 0.0011357810972194293 49379.80038338546 39.0 -17.883670086710683 2.2622935733315686 1363.86 1413.8 14 31 "Covariance may not be accurate. Covariance not positive definite. Covariance forced positive definite."
2007le 242 0.0067 1373.570000001744 9.304224057871124e-13 0.7794872784941352 0.5001180178960817 0.0 7.321432349272072e-10 3.3306690738754696e-16 7.920504724312494e-07 0.4059860619000013 545746.1919427362 148.0 -19.337419306942582 1.982823165448444 1388.57 1470.55 0 242 "Covariance may not be accurate. Covariance not positive definite. Covariance forced positive definite."
2007mm 39 0.0664 1375.7622405419493 2.248201624865942e-15 0.8732548514198784 0.5007727583253208 0.0 22.147867971234973 0.9224074834446133 0.40438393766610764 0.7105540551691735 21676.99135159925 35.0 -17.87129845496263 1.8332429515110142 1385.72 1418.69 0 39 "Covariance may not be accurate."
2007nq 174 0.045 1401.2392926191712 6.661338147750939e-15 0.6526332695253857 0.08218277185476724 0.0 28.06950764009639 0.9223869962723612 0.3850364997164326 0.5195171093671133 122055.16535650789 131.0 -19.013704107782033 2.25574078789899 1397.65 1476.56 14 160 "Covariance may not be accurate."
2007ol 31 0.0559 1394.7908263316663 2.6145752229922437e-14 0.6537940384574856 0.1583332939208973 0.0 0.003301960542216875 4.163336342344337e-17 0.0008211511627580492 0.0031609169605349985 19378.396212917043 27.0 -20.84107693850288 2.2528500256319752 1409.79 1422.66 0 31 "Covariance may not be accurate."
2007on 308 0.043500000000000004 1414.4836572173135 2.813582700156303e-13 1.050125311961068 0.4966316691565893 0.0 0.008204663693732073 3.7470027081099033e-16 0.00023614165494434403 0.0001656786676724753 856820.7536545553 168.0 -22.16991284415751 1.6201491596938826 1410.73 1508.61 23 285 "Covariance may not be accurate."
2007so 66 0.0297 1451.7482445905005 4.08006961549745e-15 0.874726940373097 0.4017185709085836 0.0 27.807910931568586 0.9352407551489604 0.4048815164362241 0.6871487915253921 28805.34303853879 44.0 -16.933354022011706 1.8311235677374924 1449.68 1494.53 6 60 "Covariance may not be accurate."
2007sr 259 0.043500000000000004 1440.3236101528635 7.235045895725989e-13 0.897499031960171 0.2889516918723723 0.0 0.009006979738842347 8.326672684688674e-17 0.00047111765583623955 0.0006521149279737626 1327968.9518039688 166.0 -23.613000435544247 1.7990216382816708 1454.84 1955.57 0 259 "Covariance may not be accurate."
2007st 118 0.043500000000000004 1461.3383911889916 1.990074771640593e-14 1.2334386201792165 0.20357990210278815 0.0 28.8914503097767 0.9241827731443849 0.32431927220895 0.6011869733226777 76944.76449147992 72.0 -19.883769992750373 1.467525146549459 1458.66 1513.52 11 107 "Covariance may not be accurate."
2007ux 151 0.043500000000000004 1469.1181700699055 2.831068712794149e-15 1.2499833329791867 0.000915708487110034 0.0 27.71656672066581 0.9223870479801582 0.36762057382839536 0.6019882411761155 91726.72060295225 106.0 -18.145045121823927 1.4567901290741219 1466.82 1558.61 29 122 "Covariance may not be accurate."
2008C 121 0.043500000000000004 1454.8240211073671 7.518985434273873e-14 0.7330378556750593 0.004109239890547567 0.0 24.278751813093663 0.9223873552565068 0.33730325528691063 0.5870650262552783 105353.50190962234 88.0 -21.70051906374441 2.0725380002371097 1469.81 1552.5 0 121 "Covariance may not be accurate."
2008J 81 0.0159 1469.54934472696 1.2106982083537332e-13 1.0034804926103518 0.5003383565898466 0.0 24.33769265240562 0.9223878673293666 0.436491366540784 0.7104459398310625 115742.36104636244 53.0 -19.015000009828785 1.6685479407670272 1484.54 1516.52 0 81 "Covariance may not be accurate."
2008O 103 0.043500000000000004 1503.7657686599412 3.913536161803677e-15 0.6574713354613871 0.5001195331467695 0.0 0.0004966857443378103 0.0 1.4598282898070636e-06 0.2989370608429409 179610.23385435564 73.0 -17.519706321543907 2.243755699907936 1489.71 1571.48 51 52 "Covariance may not be accurate. Covariance not positive definite. Covariance forced positive definite."
2008R 107 0.043500000000000004 1478.635887510873 1.4788170688007085e-13 0.6500000502761152 0.11367099045993878 0.0 24.79979951981136 0.9223867527173321 0.3690282078174321 0.5447486219181993 308631.48949356127 65.0 -22.24575300016958 2.262342785113617 1493.63 1532.52 0 107 "Covariance may not be accurate."
2008ae 101 0.03 1493.7418585394316 2.5479618415147343e-14 0.6625116874653033 0.500114516733219 0.0 0.0009123876625380944 2.914335439641036e-16 0.004740732265413106 0.0007940330748674729 13641.94339775086 44.0 -18.725113358667592 2.2314200519854417 1508.74 1602.52 0 101 "Covariance may not be accurate. Covariance not positive definite. Covariance forced positive definite."
2008ar 132 0.043500000000000004 1533.5805658192387 6.9111383282915995e-15 1.1930093596786397 0.3368178037676627 0.0 0.10235897920586012 0.0 0.031561140722381364 0.00042263630065608737 369018.95484047156 98.0 -18.480272609433317 1.4954675450341384 1527.79 1627.59 11 121 "Covariance may not be accurate. Covariance not positive definite. Covariance forced positive definite."
2008bc 205 0.043500000000000004 1526.7680494711544 4.8877568659122517e-14 1.1314344035547994 0.2467077065489806 0.0 23.742247578052343 0.9223868369109922 0.35881855563543436 0.7395962003079403 1381225.5969784257 148.0 -20.758428047098324 1.5444643759201533 1541.67 1646.46 0 205 "Covariance may not be accurate."
2008bd 66 0.043500000000000004 1526.702930565387 6.2450045135165055e-15 0.9753961766014827 0.5001370875329016 0.0 0.0009986611795511635 0.0 0.0050067069600431835 0.008908207130943507 2551.3459310143817 54.0 -18.027087325830976 1.699982789771287 1541.7 1607.65 0 66 "Covariance may not be accurate. Covariance not positive definite. Covariance forced positive definite."
2008bf 184 0.043500000000000004 1553.71848054433 2.3897550605056495e-14 1.218378784483194 0.5135139920711742 0.0 0.017233416861245132 0.0 2.138715277988368e-06 7.4289944819172504e-06 645083.5547887696 155.0 -19.462858328724003 1.4775919538936293 1546.79 1646.49 35 149 "Covariance may not be accurate."
2008bi 83 0.043500000000000004 1548.143387916079 1.5737411374061594e-14 0.6637684346158435 0.5076609056250484 0.0 0.02461897713885719 0.0 3.6853057049368587e-06 1.3566403085474299e-05 10292.798389216865 66.0 -19.018670715837068 2.2283692353837594 1551.52 1628.47 0 83 "Covariance may not be accurate."
2008bq 114 0.043500000000000004 1547.950202912855 1.3988810110276972e-14 1.2317012808065662 0.012128336487703228 0.0 22.696471742982908 0.9223869286005003 0.4081568339874007 0.6581902141671171 351182.2156263578 92.0 -19.861792169483387 1.4686629181887163 1562.49 1606.46 0 114 "Covariance may not be accurate."
2008bt 84 0.0154 1576.7297549652646 1.8235413179468196e-14 0.6500000041641635 0.3358078900059561 0.0 28.442123967495604 0.9223889862409298 0.3689765962851056 0.6609623323592744 111435.25793830438 73.0 -17.234762645149424 2.2623515888715104 1571.61 1651.47 18 66 "Covariance may not be accurate."
2008bz 70 0.043500000000000004 1565.7432515789421 1.0158540675320182e-14 0.8676254122476192 0.3142748671051604 0.0 24.186006025613437 0.9223868989589976 0.44030301036600955 0.6526278779056016 148337.58893548287 66.0 -18.938357246021702 1.8413824193312962 1580.72 1651.52 0 70 "Covariance may not be accurate."
2008cc 167 0.043500000000000004 1567.8610589422333 8.093525849517391e-14 1.2468464157300336 0.010763379248999894 0.0 1.289241458835022e-05 4.163336342344337e-17 2.7159217146355275e-06 0.000209778753550105 409618.70250964246 121.0 -21.76987071966946 1.4588042673968857 1582.86 1654.86 0 167 "Covariance may not be accurate."
2008cd 23 0.043500000000000004 1581.812033994242 9.908740494779522e-15 0.9113817334440313 0.47896059916569145 0.0 15.665783110527059 0.9223868994643387 0.4382700623958064 0.7053457632167256 1681.2892739663023 19.0 -18.579304789400087 1.7800961673961773 1587.74 1595.73 0 23 "Covariance may not be accurate."
2008cf 96 0.046 1599.9170377266055 7.743805596760467e-15 0.9277009020929441 0.48743740905479577 0.0 0.012428552990513708 0.0 8.933722785597897e-06 9.942715919614153e-06 254737.82966919086 72.0 -18.41680474134124 1.7585265704827329 1595.77 1654.65 29 67 "Covariance may not be accurate."
2008ff 230 0.043500000000000004 1709.5568418653586 5.162537064506978e-14 0.8144587960822167 0.027259400863928085 0.0 0.0029300333784476607 4.163336342344337e-17 0.00048648235811016294 0.0005589275814177064 314355.3213322821 143.0 -21.254965087752815 1.9229060729302336 1724.53 1790.57 0 230 "Covariance may not be accurate."
2008fl 186 0.043500000000000004 1709.4986993149043 2.2898349882893854e-14 0.9080741151766756 7.990240683541927e-06 0.0 1.158522036348586e-05 4.163336342344337e-17 5.81862203707928e-06 5.749368570784341e-06 618355.4435772307 138.0 -20.41611023316211 1.7845453943076528 1724.49 1789.53 0 186 "Covariance may not be accurate."
