analysis_pipeline/fit_results/csp_4_salt2_2.4_red.ecsv
# %ECSV 0.9
# ---
# datatype:
# - name: obj_id
#   datatype: string
# - name: num_points
#   datatype: int64
# - name: z
#   datatype: float64
# - name: t0
#   datatype: float64
# - name: x0
#   datatype: float64
# - name: x1
#   datatype: float64
# - name: c
#   datatype: float64
# - name: z_err
#   datatype: float64
# - name: t0_err
#   datatype: float64
# - name: x0_err
#   datatype: float64
# - name: x1_err
#   datatype: float64
# - name: c_err
#   datatype: float64
# - name: chi
#   datatype: float64
# - name: dof
#   datatype: float64
# - name: b_max
#   datatype: float64
# - name: delta_15
#   datatype: float64
# - name: tmin
#   datatype: float64
# - name: tmax
#   datatype: float64
# - name: pre_max
#   datatype: int64
# - name: post_max
#   datatype: int64
# - name: message
#   datatype: string
# schema: astropy-2.0
obj_id num_points z t0 x0 x1 c z_err t0_err x0_err x1_err c_err chi dof b_max delta_15 tmin tmax pre_max post_max message
2008J 43 0.0159 1469.5400000000188 0.009058088850725255 0.4557028053775083 0.9999999999801095 0.0 0.0008649151462805094 1.5210082905505254e-05 0.02201269373766479 3.331066972167562e-05 41349.14622663957 15.0 -18.65854888622883 0.9198919810641346 1484.54 1516.52 0 43 "Minimization exited successfully."
2005kc 77 0.0151 698.4620572990857 0.00462355111356057 -0.36966986556485093 0.5902509384697145 0.0 0.028090426740618568 6.0726110644504505e-05 0.03785550534046589 0.008519021769762714 140.9362250063662 21.0 -17.779016723620206 1.0861856170783675 687.52 728.54 34 43 "Minimization exited successfully."
2005A 109 0.0191 381.56603752453736 0.0009880798728439167 -0.6379705575351924 0.8808040531067687 0.0 2.0724236264868523e-05 1.2252311194516096e-05 0.016714679477386696 0.007910412972996772 5976.197785611498 62.0 -16.64336113564518 1.1142909280389262 376.65 433.53 6 103 "Minimization exited successfully."
2009Y 148 0.0094 1878.3406163438785 0.04999999835452028 -0.04733682523382221 -0.10795650400283696 0.0 2.775944494715077e-06 0.00012558422215612486 0.011784563010987625 0.0008306385862149046 206490.8137893634 55.0 -19.307230099010088 1.0677140021212743 1868.84 1976.65 23 125 "Minimization exited successfully."
2004gs 135 0.0267 358.345056700953 0.0023794978472040876 -2.4851985906649965 0.09020589986871963 0.0 4.0913448628998594e-08 3.036171796145094e-05 0.015937794005969064 0.008518751072459696 58315.81219567406 92.0 -18.295440424318045 1.6253847127036671 352.85 461.56 8 127 "Minimization exited successfully."
2004eo 122 0.0157 279.08927343259273 0.008714939890557123 -1.2095089180020056 0.32967300856256965 0.0 0.005555702871220092 4.170032444511269e-05 0.006017207689424042 0.0030239315193604233 20785.263998325747 70.0 -18.5395725757514 1.274191133074158 266.52 341.54 49 73 "Minimization exited successfully."
2008gp 96 0.0334 1779.8372519060663 0.0027194618697528403 0.0709278756109546 0.14854075579168646 0.0 0.02483517573523386 3.2977894928146135e-05 0.02270510444906204 0.008047597227835879 471.24409892858085 36.0 -18.939536205067448 1.0321387858104245 1768.75 1844.52 26 70 "Minimization exited successfully."
2007ca 73 0.0141 1228.021503706812 0.004644274720275898 0.6543661587066101 0.5087931133190668 0.0 0.021089017451913605 4.129820163539799e-05 0.018585773563429164 0.005770398096251794 1643.921166126771 20.0 -17.629366290033545 0.9126984784504799 1217.65 1275.65 18 55 "Minimization exited successfully."
2009al 68 0.0221 1896.465661108988 0.003709062586272638 -0.5905040234570365 0.4415552922883461 0.0 1.0301593988515378e-05 6.79602658610085e-05 0.018778062021479247 0.011346360555462676 789.0164731626106 24.0 -18.370074485615042 1.1383150470174854 1891.71 1973.54 18 50 "Covariance may not be accurate."
2008ae 71 0.03 1516.6973788428222 0.00030271715139264526 -4.54484179896404 0.9999999995040014 0.0 0.09482585612374805 2.323213949786962e-06 0.26864971296844153 0.003504302369179424 268.73723051811646 6.0 -16.367417313342102 2.2069472675400412 1511.74 1602.52 9 62 "Minimization exited successfully."
2006dd 76 0.0059 978.5780718490383 0.006851217939440402 0.12729950849242755 0.9076673946265035 0.0 0.08852134529155364 0.00012218949144941196 0.030628778573241533 0.011309881449625525 135385.3646615971 71.0 -16.175981459294533 0.9787289539100126 979.93 1147.57 0 76 "Minimization exited successfully."
2005ki 147 0.0192 705.6482368136851 0.009311465041119163 -1.461121991691848 -0.033754886110147986 0.0 0.017982596737851964 9.662864939153498e-05 0.011830267555274165 0.006818204894462165 135886.98860311147 84.0 -19.048310224915223 1.3637639739831293 695.86 858.54 17 130 "Minimization exited successfully."
2007if 25 0.0742 1355.9522089227087 0.00039426731147989836 0.24326994525083911 0.9999997624592729 0.0 6.238847663553315e-05 1.6916906082381391e-06 0.060011737764726014 0.03342749299395209 2228.75482746709 11.0 -18.693412699968835 0.9540987659844689 1357.77 1443.6 0 25 "Minimization exited successfully."
2006D 151 0.0085 759.3366707966762 0.031610414527866906 -1.7194051842000935 0.05625301106466285 0.0 2.41286443269928e-06 0.0002496100347833749 0.008397139267297904 0.005019621780298578 254529.25790281154 75.0 -18.588114060478482 1.4187136286893036 752.87 891.61 4 147 "Minimization exited successfully."
2006lu 48 0.0534 1039.1841247744874 0.0010456702527868067 -0.01888291642584683 0.0531104058659293 0.0 0.00013953717177628278 2.580609123184886e-05 0.04474062970493575 0.01819755757724628 8070.889801092126 39.0 -18.95169270301641 1.0538457272587678 1040.84 1137.75 0 48 "Minimization exited successfully."
2009ag 136 0.0086 1890.190815335889 0.006496907606001296 -0.033189892265523824 0.7574980790902122 0.0 0.045095264310020866 6.208312735146194e-05 0.012617454372348735 0.00587302576611104 1272.7772223333059 32.0 -16.927436986259963 1.0152294354155789 1886.62 1959.54 20 116 "Minimization exited successfully."
2006ev 87 0.0287 990.2713192206576 0.002099372825056828 -1.323178922663283 0.11919784349647 0.0 0.08768562340526387 4.3491297113143436e-05 0.04472264881304899 0.013905814077006973 71.53507445513122 16.0 -18.320382123037064 1.317940946983267 993.59 1039.52 0 87 "Minimization exited successfully."
2009cz 51 0.0211 1944.0518851195832 0.008286204137711596 0.4313862409130582 0.056185610394170915 0.0 0.045095216563254326 0.00014311757501586381 0.061858557664287606 0.01204533220301085 90.73829075013948 12.0 -19.13096579373583 0.9718873380678943 1937.53 1966.46 12 39 "Minimization exited successfully."
2006gj 70 0.0284 1001.3112914609336 0.0009974110284995674 -2.280242074293467 0.44930910928767154 0.0 2.42235292944315e-05 2.5535139950329244e-05 0.02960406475055022 0.017201481740409474 4003.1936844680918 31.0 -17.498669198770223 1.5211578331496156 998.83 1096.59 2 68 "Minimization exited successfully."
2005el 143 0.0149 649.016001180758 0.00951738102835576 -1.362070148031326 0.2027150835050331 0.0 3.6220149581822625e-06 7.520819493185386e-05 0.010465609597115177 0.004617023350855787 60439.722336294886 42.0 -18.516620194771303 1.3194417737473145 639.89 730.75 21 122 "Minimization exited successfully."
2007jh 20 0.0408 1366.5832463144927 0.0005178024623082895 -2.3419535644196863 0.4215284484750783 0.0 0.21939350380785072 2.7483988274183647e-05 0.12996617339148098 0.037422845999931176 633.0298957266681 14.0 -17.5923965882089 1.541449508735461 1363.86 1413.8 4 16 "Minimization exited successfully."
2007so 39 0.0297 1434.6800000189205 0.0010164509439216096 -1.606528761982938 0.7301120540886104 0.0 0.001614217331848522 2.6359986781902822e-05 0.027456601895649912 0.016286292139985226 3274.767090010545 12.0 -17.636502062050972 1.3245897378020857 1449.68 1494.53 0 39 "Minimization exited successfully."
2006gt 54 0.0448 1004.4101113304923 0.0007077014345980182 -2.7004913082713298 0.2320543448619885 0.0 1.1291117857581412e-05 1.8947171582478484e-05 0.046241478193750574 0.01848630731387635 1191.9457951530128 21.0 -18.134386413237852 1.6719679092312383 1001.67 1076.62 8 46 "Minimization exited successfully."
2007ai 59 0.0317 1176.2852966118749 0.0006986485603732023 0.4403451805854628 0.6494915788115048 0.0 0.00014198830865552736 2.2780913695469296e-05 0.07251262064010122 0.021996126950541983 1953.491144387383 29.0 -17.36953633318195 0.9412268199843474 1167.88 1259.7 20 39 "Minimization exited successfully."
2006hb 101 0.0153 999.3588925231156 0.010896547651937311 -2.1081376020387896 0.1433147120385092 0.0 0.044253013677234776 0.00015648480153414301 0.014882943846045826 0.009082936256141982 38999.56422463966 50.0 -18.720325172220875 1.5109905123148195 1006.87 1143.59 0 101 "Minimization exited successfully."
2007hj 173 0.0141 1344.825900492535 0.008515847951954553 -2.049609615095817 0.29617946361873315 0.0 2.9648890404132544e-05 6.200997829261447e-05 0.005243364200136602 0.004662123889833558 47859.365610427114 52.0 -18.276934360505887 1.4781500691287341 1348.76 1440.53 0 173 "Minimization exited successfully."
2008ia 109 0.0219 1812.8490858137998 0.003505107241498612 -1.4428532505359826 0.20466828564962936 0.0 0.08103977828602638 7.273267367429023e-05 0.0493266510824939 0.014278340615039409 247.61927697072758 25.0 -18.279993890633197 1.3378378134896387 1809.77 1874.69 12 97 "Minimization exited successfully."
2007ol 7 0.0559 1414.1811630633342 0.0009212997342768925 -3.102843635889048 0.003754845354896341 0.0 0.30903915807220983 0.00018867094486984398 1.5038808124825018 0.1651150037772236 5.8423639190707455 3.0 -18.915912216041356 1.8435343691556803 1409.79 1422.66 3 4 "Covariance may not be accurate. Covariance not positive definite. Covariance forced positive definite."
2008fw 70 0.0085 1745.3886672986903 0.01838808476670113 -0.1752459458126019 0.16749416096564218 0.0 3.779817916438333e-07 0.00013465964772144297 0.014800038158801154 0.004714853030623911 240229.3711937055 41.0 -18.00202205751666 1.07678189947098 1740.89 1827.81 2 68 "Covariance may not be accurate."
2005mc 31 0.0252 729.4938665754032 0.002899548585456702 -2.196614998365105 0.20518793691534065 0.0 0.12414351355744202 5.816701750928355e-05 0.020996249112360976 0.011760708441623358 2445.362120020945 27.0 -18.383991292545694 1.5280843066113583 736.79 773.62 0 31 "Minimization exited successfully."
2009dc 76 0.0214 1950.0335918272526 0.008611409077213156 -0.2513509017545825 0.48411085839633405 0.0 0.025165864103428248 9.531201361663404e-05 0.03025829788261758 0.007209102309430726 14944.014931147329 15.0 -19.215862595561724 1.0714783855943502 1938.77 1976.68 29 47 "Minimization exited successfully."
2009F 82 0.013 1844.526819740197 0.0012544641824487196 -3.271982941330368 0.8028698164865404 0.0 0.021446663206916128 1.8140277567958675e-05 0.020921639496206623 0.009199637930640936 26101.971024046354 28.0 -16.04849697349442 1.758700999713021 1837.75 1884.63 36 46 "Minimization exited successfully."
2008go 19 0.0623 1766.7132060405404 0.0010839553827622194 -0.5025845120065533 -0.057904256275768784 0.0 0.1952129147701953 5.318060229438364e-05 0.30628180983526976 0.039866898365541636 13.198191131667539 8.0 -19.339090453607152 1.1543577126128035 1764.54 1776.58 6 13 "Minimization exited successfully."
2008cf 51 0.046 1596.3725941313933 0.0025062519764999236 0.5786020145786877 -0.1392140614712445 0.0 6.119431986917334e-05 3.786835148583559e-05 0.02831160655721998 0.010746335121721184 9110.958656251833 22.0 -19.56630589789107 0.9542483592118778 1595.77 1654.65 2 49 "Covariance may not be accurate."
2006bd 31 0.0257 810.1840382343006 0.0009488482342688787 -1.879395567375426 0.5525605842751307 0.0 0.15662413799861952 3.4951736107506626e-05 0.056973768557946336 0.02412075874791808 1384.0698169215652 12.0 -17.228799175139983 1.4067670323585872 822.75 872.57 0 31 "Minimization exited successfully."
2007bm 50 0.0062 1223.4865597532169 0.019657139050708036 -0.49974305810287145 0.6967162674575471 0.0 0.06685280976500962 0.0002271418414342783 0.016881832746487913 0.006876365166648468 724.400450115017 13.0 -17.409799119571776 1.1026707540818386 1217.57 1278.52 7 43 "Minimization exited successfully."
2006kf 118 0.0213 1040.626385338942 0.0026799350156299475 -2.1214759530115046 0.3485944392463518 0.0 1.1924965406251431e-05 3.555690693774903e-05 0.018407094822042502 0.008614396601699825 8032.717635120602 35.0 -17.931211870779773 1.491035907198448 1036.81 1127.64 20 98 "Minimization exited successfully."
2008bt 35 0.0154 1568.9368122886751 0.0022003401318123617 -2.4773570227685764 0.6791654045186624 0.0 0.08524581140159171 4.2300956315911766e-05 0.024475200458236257 0.012250575289732946 14734.69718873729 24.0 -17.020998834638643 1.5440253641791166 1571.61 1651.47 0 35 "Minimization exited successfully."
2006mr 118 0.0059 1052.2021773562697 0.004783597628125161 -2.493421777225049 0.9358859857303194 0.0 0.03846539509379454 8.927057082831194e-05 0.02110573269262228 0.011725244233545151 40642.38904224418 53.0 -15.78709441064408 1.5124202473508923 1045.86 1147.57 16 102 "Minimization exited successfully."
2007le 148 0.0067 1399.9674298397842 0.0499999964772018 0.3232288846464719 0.19868965266379046 0.0 0.028569603161145096 8.056850332647733e-05 0.012740144625986716 0.000804104291034613 185302.58801067705 46.0 -18.569302322387724 0.9842420143531889 1388.57 1470.55 30 118 "Minimization exited successfully."
2008hu 52 0.0497 1805.6413054636778 0.0010632695244676194 -1.8228614520750486 -0.01701098911129184 0.0 0.09679601502796231 2.1453073818975075e-05 0.04392083683509895 0.014236250951863316 230.295905189139 28.0 -18.806925610324846 1.4524654354167623 1804.74 1844.84 5 47 "Minimization exited successfully."
2009J 18 0.0158 1831.7400000455882 0.0005268519308366443 -0.816241336658373 0.5887600301508509 0.0 0.03875996988085717 2.5415002807976927e-05 0.05603294594434738 0.030935360799665412 58.20443418816876 10.0 -15.52000742277935 1.171230746267021 1846.74 1867.68 0 18 "Minimization exited successfully."
2007N 100 0.0129 1112.2640748742172 0.00190127325933947 -3.0376021512643723 0.7341952459987007 0.0 0.0912953615107881 4.434163891060957e-05 0.025859566637729925 0.014743229486022358 13126.556684535048 39.0 -16.47748228072595 1.697043337282679 1123.82 1213.67 0 100 "Minimization exited successfully."
2006ob 38 0.0592 1063.0238221617333 0.0007518669740776418 -2.119204841949723 0.08807021525044534 0.0 0.1717460187536517 2.5665660495834098e-05 0.08138935459964469 0.024693982741661014 463.198405172731 21.0 -18.825816939167957 1.5202165130957894 1060.65 1121.57 2 36 "Minimization exited successfully."
2006bh 102 0.0109 832.682351768921 0.03144602909952401 -1.4214064895834944 -0.058615595744629045 0.0 0.03203420363371379 0.0002584978413421885 0.009666352928700883 0.0052311352346600115 31886.175465728942 33.0 -19.126581403685247 1.3564162140750007 829.91 891.79 14 88 "Minimization exited successfully."
2007ba 68 0.0385 1198.8085945156945 0.0010964611581079726 -2.985536311009395 0.3699865889619056 0.0 0.06801075230032438 4.5225107957531994e-05 0.09473199415195177 0.028321786300742002 483.39165886209764 21.0 -18.274874666849072 1.7418429128858826 1190.83 1254.75 24 44 "Minimization exited successfully."
2008fp 185 0.0057 1733.5272252836046 0.015122307470022724 -0.17154229478573413 0.9077607411937554 0.0 2.6875113690039143e-08 0.00011172895370546894 0.004713148210082618 0.004567102919861954 251250.7008027576 53.0 -16.96014963166433 1.029326271349495 1725.83 1874.61 50 135 "Covariance may not be accurate."
2005na 79 0.0263 744.2868857305251 0.004489540268857448 -0.6389142063859605 0.116802256737085 0.0 1.8379966491011146e-06 5.1913276623947926e-05 0.01948876778411801 0.007573385789346854 21940.72823814734 50.0 -18.952406207542822 1.1706703612813314 738.71 834.54 6 73 "Minimization exited successfully."
2008R 64 0.0135 1491.361414254051 0.011495898468796666 -2.2501127395854894 0.17987013396899676 0.0 0.03381957034446259 0.0001283972715521416 0.011936117935347212 0.00716597915611672 9126.581307134618 21.0 -18.504252900926247 1.5459308317629912 1493.63 1532.52 0 64 "Minimization exited successfully."
2005bg 31 0.0231 470.9144202320731 0.008169056089456074 0.3378190615725547 -0.11509592937558333 0.0 0.0984707787725938 0.00015145089130194633 0.05940982830861197 0.013557115381531204 537.2165480717987 27.0 -19.31581668664691 0.9964135080656984 472.67 512.61 0 31 "Minimization exited successfully."
2005ke 222 0.0049 700.5281418560763 0.015483375697528154 -2.1925337399276934 0.5280394424094423 0.0 0.009908663892190361 0.00015523458239156181 0.00894052239222276 0.006254800706031793 258134.76040684275 70.0 -16.62556467872409 1.488187643428816 689.69 819.51 41 181 "Minimization exited successfully."
2007cg 23 0.0332 1228.5996239412443 0.0006093424822706085 0.9434456840641001 0.7823987435312683 0.0 0.20960560781304594 2.604013335168881e-05 0.0751107824846402 0.025939710015748574 22.703054696325026 10.0 -17.33466875886883 0.8534525208859733 1235.63 1259.59 0 23 "Minimization exited successfully."
