analysis_pipeline/fit_results/csp_5_salt2_2.4_red.ecsv
# %ECSV 0.9
# ---
# datatype:
# - {name: obj_id, datatype: string}
# - {name: num_points, datatype: int64}
# - {name: z, datatype: float64}
# - {name: t0, datatype: float64}
# - {name: x0, datatype: float64}
# - {name: x1, datatype: float64}
# - {name: c, datatype: float64}
# - {name: z_err, datatype: float64}
# - {name: t0_err, datatype: float64}
# - {name: x0_err, datatype: float64}
# - {name: x1_err, datatype: float64}
# - {name: c_err, datatype: float64}
# - {name: chi, datatype: float64}
# - {name: dof, datatype: float64}
# - {name: b_max, datatype: float64}
# - {name: delta_15, datatype: float64}
# - {name: tmin, datatype: float64}
# - {name: tmax, datatype: float64}
# - {name: pre_max, datatype: int64}
# - {name: post_max, datatype: int64}
# - {name: message, datatype: string}
# schema: astropy-2.0
obj_id num_points z t0 x0 x1 c z_err t0_err x0_err x1_err c_err chi dof b_max delta_15 tmin tmax pre_max post_max message
[from data line 48]
2006hb 101 0.08399999989480172 999.5711811698412 0.017214356366498984 -1.9980384874143446 -0.306185854539305 7.66679513370741e-05 0.0584215249731983 0.00016988445480355802 0.0174297765479261 0.006492455270412978 1765.0802387777396 19.0 -23.027194915877082 1.529390953327182 1006.87 1143.59 0 101 "Minimization exited successfully."
2006hx 39 0.060233519355740645 1023.0825183752215 0.001093058787043777 -0.15838579759474136 0.34998610267568586 0.0036465220988526267 0.10674993281787692 6.147444668063156e-05 0.08912508889956605 0.04339573035513966 87.00836215654834 12.0 -19.27838639171009 1.0627652911965626 1013.66 1080.59 8 31 "Minimization exited successfully."
2006is 80 0.03100605937600925 1014.2504679287254 0.006473854801573753 0.48610115221533867 -0.2509121897821075 2.0748464137250455e-07 2.9688802783311985e-05 7.421980932214006e-05 0.024879412395258704 0.008331270483731001 4569.101065731612 18.0 -19.71803391551216 0.9753479476547113 1009.86 1125.67 5 75 "Covariance may not be accurate."
2006kf 118 0.052364600728708265 1040.5511146969006 0.0035069591242442664 -2.2208092999558304 0.1277618052510745 0.000909536527589204 0.03706890551814013 4.9949354428770274e-05 0.022032114165636107 0.010389302868090922 1194.2415425680078 27.0 -20.221055307138872 1.5438937267778527 1036.81 1127.64 20 98 "Minimization exited successfully."
2006lu 48 0.05351122888128094 1039.175757477026 0.001046431436506856 -0.016129362070060438 0.05252388086132309 1.865945611981279e-06 0.00013990956028919754 2.527328621428906e-05 0.04454472891818373 0.01783807413745986 128.3830727777908 24.0 -18.95717488245596 1.0533627271117219 1040.84 1137.75 0 48 "Minimization exited successfully."
2006mr 118 0.08399999999968118 1052.154188278293 0.016906081234812433 -3.101561985094055 0.04775167491822074 1.4155305504102988e-05 0.031045553632679912 0.00021445663257459342 0.023919252306888517 0.008785306914619095 20211.768347187444 34.0 -23.00283347507448 1.8356800656354864 1045.86 1147.57 16 102 "Minimization exited successfully."
2006ob 38 0.0839999998268758 1063.4113684117276 0.0009611184850319643 -2.0214252046346193 -0.128501176148908 0.0007719839880632531 0.1447420410883069 2.8098941173591862e-05 0.08398839676595626 0.02217679332629663 116.051014990336 19.0 -19.89064025612524 1.5172637894812517 1060.65 1121.57 2 36 "Minimization exited successfully."
2006os 66 0.04714528426126059 1065.423778754191 0.0009600534070120875 -0.5042313462040031 0.4632108259247638 0.002209779922130211 0.14981306613958623 2.775713426456241e-05 0.05474970721553429 0.021331524377222633 184.4514306152886 20.0 -18.58958651708215 1.1201969467551827 1063.65 1133.56 4 62 "Minimization exited successfully."
2006ot 75 0.0839999999647752 1066.717503120971 0.0007648814932666837 0.8149949987231242 0.37224033885471064 0.0004117746269969372 0.22931141354524698 1.5401970450289204e-05 0.07508439984538873 0.015014057738135245 568.7197399335354 23.0 -19.651098274404518 0.8922454495711776 1063.72 1131.63 5 70 "Minimization exited successfully."
2006py 14 0.06270537920675773 1071.0799816691701 0.0009652083293474029 0.4978540280719477 0.11083249639332537 0.006673402676308931 0.3317291244175067 6.127945164460937e-05 0.32968016227790375 0.05557864878736052 19.814957956103935 9.0 -19.22906001692006 0.9577183747831235 1069.54 1091.54 2 12 "Minimization exited successfully."
2007A 49 0.004125670898383584 1113.5601523272817 0.005366185782581162 1.2092122564918064 0.4499661254104097 0.007455564146637358 0.07565839134042562 0.00011113622238505825 0.07801819082640105 0.01246306356398974 102.7947278308103 13.0 -15.098354332423803 0.824868544534727 1107.53 1133.53 18 31 "Minimization exited successfully."
2007N 100 0.0035000000020013644 1112.4776674734592 0.0019158636994847573 -3.0358142478709476 0.7440146959493144 3.4068821071578295e-05 0.08841705040879333 4.7033627187274916e-05 0.02537774561248618 0.015250560234495447 2798.1934989250885 19.0 -13.6381161507358 1.6948078691211386 1123.82 1213.67 0 100 "Minimization exited successfully."
2007S 127 0.030415251180920828 1145.230448449363 0.007400652484303424 0.8290071145591815 0.41957972485172457 0.001432583989029507 0.02608313500491022 9.775067419324221e-05 0.019592102491777563 0.009819019091176884 84.64591276552301 23.0 -19.827240284241917 0.8878869728983343 1132.77 1246.54 30 97 "Minimization exited successfully."
2007af 205 0.005502372836436449 1176.53594339758 0.0719871330075767 -0.5091925582743384 0.17937941065711827 1.0265794853341753e-07 8.389219715354557e-06 0.00036540468173247576 0.010938287346831999 0.0037294697887709782 10112.961582735765 42.0 -18.53444173615436 1.1404807112951154 1162.76 1257.72 67 138 "Covariance may not be accurate."
2007ai 59 0.031765435038598494 1176.282236619904 0.0006988781616771134 0.4413944818630853 0.6492544766106274 0.05366186582928897 29.07407096416648 0.028115992983518676 7.197082253700133 1.4694305842199835 94.32590994898386 21.0 -17.374461615963288 0.9410647196433111 1167.88 1259.7 20 39 "Covariance may not be accurate."
2007al 72 0.012200465165810005 1162.9507159917052 0.0020425296733193542 -2.93012599268033 0.7456056484969107 2.588165641265877e-08 2.30815544455254e-06 4.5653165123440845e-05 0.01694145871536845 0.0140031731364475 6581.687757113687 15.0 -16.433998825947096 1.6625337587157354 1170.77 1246.58 0 72 "Minimization exited successfully."
2007as 88 0.011225534819827845 1181.9018684256375 0.00925806293394102 -0.8069722046010037 -0.007492923496020043 0.0007031047041171539 0.04934565543692315 0.00010185807363104378 0.017357365982439976 0.007229035750025814 963.546733329393 23.0 -17.863579534126064 1.2141462005794885 1175.59 1259.49 13 75 "Minimization exited successfully."
2007ax 57 0.08399999999676024 1190.020751689744 0.009932095824372187 -3.0634374882949866 -0.09342464386693305 9.208904535325246e-06 0.041569954383817276 0.00012187526074327638 0.023263859168459744 0.0089516577892223 17753.68139084455 17.0 -22.425529785335403 1.845009575916535 1184.55 1248.47 6 51 "Minimization exited successfully."
2007ba 68 0.08399999675350102 1198.9771797311694 0.0017404633036061602 -2.686217410228236 0.0029985205447107255 0.0002515829932411076 0.07563067863657125 5.318014936450677e-05 0.09533725010122396 0.022909405474301592 403.4528080385246 20.0 -20.53437421258679 1.699918897967244 1190.83 1254.75 26 42 "Minimization exited successfully."
2007bc 64 0.048667673347454726 1200.4380207819038 0.008275100588209395 -0.9336549513941419 -0.07635041575952184 0.0017496809470913463 0.0615270323603454 0.00012641283702339093 0.026428303064150782 0.01298669168907346 200.48645032500744 23.0 -20.98818666291334 1.2463212663985495 1196.65 1259.53 11 53 "Minimization exited successfully."
2007bd 66 0.04727362858131257 1207.0964329948154 0.004265269051950987 -1.0111452377876153 -0.15174422863238513 0.0009272072347655397 0.027684469574751347 nan 0.013664525597866017 nan 616.9925590917624 19.0 -20.20408391318783 1.2689260464476249 1197.53 1259.46 22 44 "Covariance may not be accurate."
2007bm 50 0.0035000000927471533 1223.5257588813374 0.019507258593457637 -0.49363548608185237 0.7053641689592332 0.00014581349692178872 0.06740856376291049 0.00022791442817003682 0.01694243262576256 0.00692165307328918 713.2632464002722 12.0 -16.15595738460711 1.1009130191828653 1217.57 1278.52 7 43 "Minimization exited successfully."
2007ca 73 0.003500000287583137 1228.0968534406204 0.004519651068040803 0.7622784779423082 0.5417774367846442 8.799746197123972e-05 0.020916231360502024 4.05096638267724e-05 0.01854121467493064 0.0057241872102660185 1395.740922997992 19.0 -14.5582041493475 0.8934119128163154 1217.65 1275.65 18 55 "Minimization exited successfully."
2007cg 23 0.05151922552199936 1228.0133145235295 0.0007431546065269885 1.273296369026422 0.6354274780355991 0.0041898118875505555 0.2372715823822773 4.36521671848933e-05 0.13316364885023324 0.041584646695274285 12.049306902318257 9.0 -18.52282412800075 0.8075796870577499 1235.63 1259.59 0 23 "Minimization exited successfully."
2007hj 173 0.053853184277814985 1344.2897020776693 0.010594520930217047 -2.1071634845313794 0.09248030221431902 0.0005348519883430387 0.04101532687366216 9.022562992126639e-05 0.009199774087879753 0.005845908524330312 12442.080100565518 37.0 -21.48426463306813 1.516415233056465 1348.76 1440.53 0 173 "Minimization exited successfully."
2007hx 14 0.08399998556826162 1353.8971908345027 0.002235112144029597 0.8380553687523893 -0.9999829159531441 0.007122241384498074 0.5774698405651861 0.00010426619976094541 0.3154569203175619 1.9713564611317629 18.6798020389778 5.0 -20.857794832392152 0.9358515793619375 1354.78 1411.73 0 14 "Minimization exited successfully."
2007if 25 0.07615496963110238 1355.8530139722686 0.0008964698354084228 0.3263153570666999 0.5031062265154629 4.7345924675257223e-07 6.872214601116866e-05 9.632676370026631e-05 0.061493273927153425 0.06016196504442439 401.42558568915706 6.0 -19.604365043365732 0.9681460391791283 1357.77 1443.6 0 25 "Covariance may not be accurate."
2007jd 17 0.05009371967098219 1364.533073149437 0.000130357470583517 -1.700838812444152 0.7772731398171722 0.012057619846308883 0.5189966446005201 1.867342376076914e-05 0.24743880241786687 0.08321076836048669 23.755570377683725 9.0 -16.57834241375593 1.3408546490904385 1362.83 1409.83 2 15 "Covariance may not be accurate. Covariance not positive definite. Covariance forced positive definite."
2007jg 56 0.0035000000048101285 1367.7083785887232 0.0014843750114513278 -0.4009330209446036 0.17488778651836312 0.0009213631617832198 0.08110853553512243 3.4293446026130436e-05 0.05190613620535034 0.014641023683405585 213.20288303724837 24.0 -13.33433827454585 1.1195455561040077 1363.82 1425.78 13 43 "Minimization exited successfully."
2007jh 20 0.08399999873397856 1366.3832803322607 0.0007694769712289773 -1.7617398296535915 0.09053727021228108 0.00017078120528289664 0.1734143612494563 2.9574033513843378e-05 0.12014405043369902 0.02954269662439324 509.26843108567857 13.0 -19.649051053992224 1.4258958291742694 1363.86 1413.8 4 16 "Minimization exited successfully."
2007le 148 0.015692359382483097 1399.816257798692 0.049999994212897185 0.29866685531981485 0.1811102030711782 0.0013835195158737375 0.042153078848286896 0.0006520356240337088 0.012928200501562959 0.0028700905638471275 1459.6022514601732 35.0 -20.432072949865347 0.989457197782027 1388.57 1470.55 30 118 "Minimization exited successfully."
2007mm 17 0.08399999997821964 1393.7192135524526 0.00026923304330719877 -3.7919368601209484 0.15243663271924657 0.0001978338335865623 0.10200248894773267 1.239550527344787e-05 0.18008550863843076 0.03436917278649765 513.3120227003624 12.0 -18.509009278821203 2.095989892300402 1385.72 1418.69 4 13 "Minimization exited successfully."
2007nq 99 0.06370158525591363 1397.6552620072123 0.0019845401041542836 -1.6547253046488066 -0.09065585737075998 0.0015392724895979606 0.10648033804898205 4.2918512969526636e-05 0.037844505714066834 0.017160334293353674 245.4208049427425 31.0 -20.045850013193725 1.4166637576526853 1397.65 1476.56 2 97 "Minimization exited successfully."
2007ol 7 0.016725390653971606 1415.031708865881 0.0002455969857284801 -3.331434716545691 0.9964810557468722 0.020696716478151335 0.4185637879323849 3.1991496039822376e-05 1.9259600539257988 1.309055907468416 4.997357998904419 2.0 -14.849935127215836 1.7407013961450417 1409.79 1422.66 3 4 "Minimization exited successfully."
2007on 204 0.003500000279897867 1420.6947394619795 0.06719052390150644 -1.781704971710865 0.2596515692299537 1.884908562563227e-05 0.017178340254531577 0.0008834228423817425 0.010136297763557955 0.008928326470999948 21634.755911932327 32.0 -17.475063521389306 1.4137153522831767 1410.73 1508.61 21 183 "Minimization exited successfully."
2007so 39 0.054071737125675534 1434.6800000077665 0.001492214035172132 -1.6592609703557804 0.4671991546619991 0.0013768229145032888 0.001600303097120559 5.6113305190405604e-05 0.029108514662637308 0.025240024701987718 2916.654007373819 11.0 -19.37667904193981 1.363220942378888 1449.68 1494.53 0 39 "Minimization exited successfully."
2007sr 156 0.005440078493730821 1458.598176474057 0.1179272679280245 -0.4524922382622121 -0.08138973103383074 1.6360486048382084e-08 1.394432615597907e-06 0.0025602430713725435 0.0510922943417258 0.015724210792765203 23460.935629692834 31.0 -19.04405138389896 1.1456615271655775 1454.84 1955.57 17 139 "Covariance may not be accurate."
2007st 74 0.0839999905665345 1450.5999793849596 0.012700291376013665 -0.9594977195976897 -0.2317030033037235 0.000319997022975943 0.15893906636722477 0.00023749913116113963 0.03425371116858145 0.011346565675227571 273.21269420582604 19.0 -22.695561221306605 1.2630780744970895 1458.66 1513.52 0 74 "Minimization exited successfully."
2007ux 88 0.050220086307538325 1463.1709090047118 0.0018148290893997639 -2.262621972802061 0.17729767871502866 0.001175080743837726 0.061604067113194105 3.1901017510901886e-05 0.02500734272473304 0.012588376161113524 1533.467883342367 24.0 -19.4124261360947 1.5497461526292113 1466.82 1554.65 0 88 "Minimization exited successfully."
2008C 73 0.016547548373297267 1470.7526653203547 0.0078382180491199 -1.7428044764402504 0.09227564152494394 5.1465521620427945e-08 9.314990734310413e-06 0.00017764086810173087 0.059329538771960344 0.01643779463112105 1038.5797278629204 20.0 -18.534420083343147 1.4209644158223789 1469.81 1552.5 4 69 "Minimization exited successfully."
2008J 43 0.06850441866676674 1469.5400001267499 0.0021494185639723273 2.433248327970057 1.9999999975211038 0.0006436892373634165 0.007424501033483466 4.029184635699753e-06 0.033347126193926435 0.00021556453790316787 16137.202709258927 14.0 -20.52350705744282 0.5815462234270257 1484.54 1516.52 0 43 "Minimization exited successfully."
2008O 53 0.05583968099626053 1492.0488878614776 0.0008836801700195407 -2.302734462422393 0.21550910195751638 0.003800461882468697 0.10361140043630712 3.224662393212091e-05 0.09345424835137228 0.028330475091259744 282.15342266302105 17.0 -18.871067719814594 1.556389807231536 1489.71 1546.54 7 46 "Minimization exited successfully."
2008R 64 0.04692194909870917 1491.5981656726594 0.013568472190554749 -2.4257357791282494 0.0026192593257772234 0.0004934594184577701 0.038632503725580136 0.0001372399712281343 0.012701757996351759 0.007082907244565506 6561.568351843685 20.0 -21.44208977144677 1.6185855145877035 1493.63 1532.52 0 64 "Minimization exited successfully."
2008ae 71 0.08399999996254837 1516.0938883855706 0.0003375764269856446 1.266117750000662 0.9999999996439706 0.0001897764659361187 0.20860042234721732 1.890391680378639e-06 0.2683937571700028 0.0032457007828017304 68.49142279473949 5.0 -18.810306907382827 0.7941577869252541 1511.74 1602.52 9 62 "Minimization exited successfully."
2008ar 70 0.00984503648146141 1535.5285917209353 0.0049858976854057 -0.024343878533364283 0.07815759866419536 0.003723741365091593 0.04456697603382054 8.041056297793288e-05 0.025026413324916952 0.012399769595730636 201.81372203814803 27.0 -16.905193837943834 1.053514908133618 1527.79 1627.59 7 63 "Minimization exited successfully."
2008bc 101 0.003500017856872446 1550.1023151658933 0.00942392215304924 0.6863147000196577 0.18387258609643764 0.00017101614690938458 0.03316217525502907 8.725235119332129e-05 0.017313671359496574 0.005880417607021293 722.4792314167676 24.0 -15.342001866213971 0.9219767162940737 1542.56 1646.46 27 74 "Minimization exited successfully."
2008bd 35 0.08399999994123634 1526.7000000006444 0.0023258383113196417 -3.229243636909845 -0.3057494640436216 0.00011436494210897985 0.0033229819898679125 7.620195661590945e-05 0.06798397109645937 0.02302447940660607 1178.9969767637879 18.0 -20.853357129242227 1.9450335836177324 1541.7 1607.65 0 35 "Minimization exited successfully."
