analysis_pipeline/fit_results/csp_4_salt2_2.4_all.ecsv
# %ECSV 0.9
# ---
# datatype:
# - {name: obj_id, datatype: string}
# - {name: num_points, datatype: int64}
# - {name: z, datatype: float64}
# - {name: t0, datatype: float64}
# - {name: x0, datatype: float64}
# - {name: x1, datatype: float64}
# - {name: c, datatype: float64}
# - {name: z_err, datatype: float64}
# - {name: t0_err, datatype: float64}
# - {name: x0_err, datatype: float64}
# - {name: x1_err, datatype: float64}
# - {name: c_err, datatype: float64}
# - {name: chi, datatype: float64}
# - {name: dof, datatype: float64}
# - {name: b_max, datatype: float64}
# - {name: delta_15, datatype: float64}
# - {name: tmin, datatype: float64}
# - {name: tmax, datatype: float64}
# - {name: pre_max, datatype: int64}
# - {name: post_max, datatype: int64}
# - {name: message, datatype: string}
# schema: astropy-2.0
obj_id num_points z t0 x0 x1 c z_err t0_err x0_err x1_err c_err chi dof b_max delta_15 tmin tmax pre_max post_max message
[from data line 53]
2006mr 221 0.0059 1050.9505804574344 0.00943056636605204 -1.8078817736517374 0.5167096689311967 0.0 0.02461722448799719 2.341044828992403e-05 0.015351027819873853 0.0019523648521487802 49439.52386868746 107.0 -16.491746278170773 1.3933954461562 1045.86 1147.57 28 193 "Minimization exited successfully."
2006ob 63 0.0592 1063.7450414812974 0.0008082745983408802 -2.235780229523784 0.0277622047212418 0.0 0.0701869143786098 3.887137962885201e-06 0.046794630615571764 0.004781605855810889 623.0435514053327 44.0 -18.903907895655607 1.559790747546053 1060.65 1121.57 6 57 "Minimization exited successfully."
2006os 106 0.0328 1065.330057636672 0.0009351187896188191 -0.6810015883431229 0.49567468685066385 0.0 0.09078110097971148 4.300319723300782e-06 0.035854531529028844 0.003426919769846215 655.7008593811979 59.0 -17.751679351130736 1.151935587247383 1063.65 1133.56 4 102 "Minimization exited successfully."
2006ot 118 0.0531 1066.915677697412 0.0009251707759631967 -0.08011637177405007 0.27280044229748057 0.0 4.5475628553504066e-05 3.51828483652057e-06 0.03889473772085861 0.0035572338186449226 2180.4232648392176 67.0 -18.809884389716455 1.0529328291428648 1063.72 1131.63 21 97 "Minimization exited successfully."
2006py 35 0.0579 1071.5743540189046 0.0009964783057420212 -0.18244341361103533 0.0899358754893298 0.0 0.12582206958074948 5.793394471888236e-06 0.12094944598827961 0.005674461846039702 245.52073989816947 31.0 -19.082331889359846 1.0826426997554819 1069.54 1091.54 6 29 "Minimization exited successfully."
2007A 76 0.0177 1113.548734083123 0.0069194777322318934 0.7570921629104221 0.25746968438101403 0.0 0.02852748628254176 2.1455312204154975e-05 0.045080445040929895 0.0026818849248891885 2177.9709077377474 41.0 -18.551765682322625 0.9068355047881216 1107.53 1133.53 29 47 "Minimization exited successfully."
2007N 165 0.0129 1113.199186634648 0.002357900337110444 -3.0099762162296018 0.5797205672566568 0.0 0.045752609395435684 1.6707887367006834e-05 0.016088488553455793 0.004662557414880197 7483.027386501207 60.0 -16.70038075837672 1.7147216294072223 1123.82 1213.67 0 165 "Minimization exited successfully."
2007S 192 0.0139 1145.1416861007165 0.00773602090142794 0.8754503629052586 0.41934146305474407 0.0 0.014536898101596307 2.0019950358372753e-05 0.014654299105981483 0.0018583356536971962 1932.897668864323 77.0 -18.147748431650303 0.8802593626717972 1132.77 1246.54 42 150 "Minimization exited successfully."
2007af 307 0.0055 1176.5351986598507 0.07612126030460761 -0.5150527396708489 0.15068011319970576 0.0 9.583914106769953e-09 0.00012585698573921306 0.008085971363499755 0.0011473353092162908 27977.142978275908 130.0 -18.593614123365192 1.1435319050178947 1162.76 1257.72 89 218 "Covariance may not be accurate."
2007ai 111 0.0317 1176.2850491020138 0.0008386067744867277 0.19320188081284773 0.5313404364450995 0.0 5.999260906719428e-06 3.332091038107921e-06 0.04185552516912949 0.0037535495294179766 1308.3493828064024 64.0 -17.560074030293105 0.9894964016537351 1167.88 1259.7 26 85 "Minimization exited successfully."
2007al 120 0.0122 1162.9500419236995 0.003120985217821354 -2.7641672928936285 0.46080685308229086 0.0 3.834112476397422e-06 1.5021497673084645e-05 0.01445953274235734 0.0035865920609470248 9679.691517870411 50.0 -16.875985543816395 1.6576639704246325 1170.77 1246.58 0 120 "Minimization exited successfully."
2007as 153 0.0176 1181.801491145241 0.0069721640152552835 -0.7515083115646632 0.16904807205221006 0.0 0.03182593307906245 1.3111187560177137e-05 0.012672300729356767 0.0013240426079683676 4400.618645047426 74.0 -18.54449093521843 1.1900288296001449 1175.59 1259.49 17 136 "Minimization exited successfully."
2007ax 97 0.0069 1189.1155988579874 0.00396946877731772 -2.459721144232765 0.6437305724936322 0.0 2.3249109972312e-05 1.1798740189959602e-05 0.016029620888772023 0.002403730968439266 38345.19522567884 56.0 -15.90149576669565 1.5441247443504125 1184.55 1248.47 10 87 "Minimization exited successfully."
2007ba 124 0.0385 1197.3588128176448 0.0011400163695395788 -2.9543730457886275 0.34740020199176436 0.0 0.026256507127754958 4.6953490383333735e-06 0.02917867998749113 0.004435973557050721 3924.900677548669 75.0 -18.316318459775573 1.7353242629013117 1190.83 1255.61 28 96 "Minimization exited successfully."
2007bc 111 0.0208 1200.7340129490713 0.00727536951827803 -1.0151036438018042 0.05921533498116105 0.0 0.028460115346547354 1.3256209113868267e-05 0.013884390532794555 0.0016213144952678116 2124.2041555437663 68.0 -18.957260802412126 1.2539984780504625 1196.65 1259.53 19 92 "Minimization exited successfully."
2007bd 110 0.0309 1207.9150090716003 0.0036031698237248308 -0.6351857999477497 -0.007406205663395893 0.0 7.373682819888927e-07 9.188646042324056e-06 0.015009394103124407 0.002160852133526514 3876.9581796312073 64.0 -19.070368491514902 1.178236242796583 1197.53 1259.46 40 70 "Minimization exited successfully."
2007bm 85 0.0062 1224.9920475245974 0.02497223968870732 -0.8952968363908251 0.5197800886099835 0.0 0.03185796427328569 4.4178057209225824e-05 0.011019350889420743 0.001080906763283429 9039.396583991651 48.0 -17.657859505874967 1.1924859394294227 1217.57 1278.52 11 74 "Minimization exited successfully."
2007ca 117 0.0141 1228.191079546658 0.0059618284100967315 0.6300186109105619 0.3477103263021435 0.0 0.012663744766086893 9.570209803518286e-06 0.012016396033871501 0.0012691141947079876 5942.838976443054 64.0 -17.893085681328838 0.9242459120161364 1217.65 1275.65 29 88 "Minimization exited successfully."
2007cg 45 0.0332 1228.125921182298 0.0007179561673637258 0.8100694767112051 0.694960920907042 0.0 0.18290137415988283 1.0739185062394452e-05 0.05757316596788886 0.007163807065289629 227.74204348786193 32.0 -17.5056150465661 0.8786395113729881 1235.63 1259.59 0 45 "Minimization exited successfully."
2007hj 266 0.0141 1346.4455066156947 0.008563830016067362 -2.1550439565202737 0.2563484320314964 0.0 0.024669835383974714 1.868024425617093e-05 0.006318607175117341 0.001253049266777051 28871.826250588354 113.0 -18.281819608404188 1.5107609575996541 1348.76 1440.53 0 266 "Minimization exited successfully."
2007hx 65 0.0794 1354.8021829684133 0.0003119516963122182 0.4533947313071005 0.19540303190146036 0.0 0.20520169863709725 2.111248148779771e-06 0.10196220352649643 0.006011366088298442 262.46754749246566 46.0 -18.542366409920035 0.9615764673707297 1354.78 1411.73 6 59 "Minimization exited successfully."
2007if 114 0.0742 1355.950001224177 0.0010626898459652368 0.5005509597437099 0.3808588606615131 0.0 5.105675882077776e-10 4.597125406341517e-06 0.037156276987860615 0.00356164504196943 4770.931425734643 60.0 -19.72391572610666 0.9446152781193007 1355.77 1443.6 6 108 "Covariance may not be accurate."
2007jd 70 0.0726 1361.5268127867164 0.00037374460817720393 -0.6696749954003005 0.17578542624727778 0.0 0.288938007358297 4.03641824588965e-06 0.10205146461599846 0.0065666436353177815 495.30383503786936 56.0 -18.53266266651938 1.1728446413239624 1362.83 1409.83 0 70 "Minimization exited successfully."
2007jg 113 0.0371 1366.7985664207115 0.0014648146514314481 -0.3151696776748878 0.1479277997989441 0.0 0.045822936604963616 3.472477272549522e-06 0.03404966923544572 0.0022924566965937254 2065.7307870879313 79.0 -18.501662533181275 1.104620615970525 1363.82 1425.78 25 88 "Minimization exited successfully."
2007jh 45 0.0408 1363.5853364293637 0.0005575174545183942 -1.3120431598537001 0.3893411500326718 0.0 0.15999234919263472 4.155520720960915e-06 0.056426406798326445 0.006437575277613794 1227.677159171494 39.0 -17.67167293124692 1.2913126485264925 1363.86 1413.8 0 45 "Minimization exited successfully."
2007le 242 0.0067 1399.8677024511733 0.042453328512754435 0.30224305449061717 0.3130139651897299 0.0 0.0159769340167486 6.871723936422228e-05 0.010120979984022505 0.0011202940571275466 5928.111533452819 110.0 -18.39478054456773 0.9821910769753917 1388.57 1470.55 43 199 "Minimization exited successfully."
2007mm 39 0.0664 1392.5138398884696 0.00019046160849091055 -3.4599026090675142 0.4366509619613115 0.0 0.062082100034672294 1.4995817072371826e-06 0.07459837049772577 0.007080805079720087 1346.42072677602 35.0 -17.604743734968352 1.8960408600154501 1385.72 1418.69 5 34 "Minimization exited successfully."
2007nq 174 0.045 1398.4006848721756 0.0017338214446599 -1.861228824379796 0.017682035388212558 0.0 0.05327441734232252 7.535546684463244e-06 0.021254314421732312 0.002796441675140926 1289.6996696479723 92.0 -19.114640057815894 1.4588536376314174 1397.65 1476.56 6 168 "Minimization exited successfully."
2007ol 31 0.0559 1413.2353925032007 0.0009405415372312764 -2.116051096160485 0.020112099079272472 0.0 0.09893278286858731 5.717884920035388e-06 0.19792272473798933 0.0074117906243856835 381.9969233931703 27.0 -18.938750497113112 1.5268950810278419 1409.79 1422.66 10 21 "Minimization exited successfully."
2007on 308 0.0065 1420.2654543058632 0.08902250497787398 -1.874964416705998 0.07207504632642081 0.0 3.06749245737592e-06 8.673951200797309e-05 0.006410629212249219 0.0009447501672861236 55332.81820715579 107.0 -19.12644146037473 1.456705168451819 1410.73 1508.61 34 274 "Covariance may not be accurate."
2007so 66 0.0297 1434.68000000043 0.0019226962841943725 -1.4774865366340029 0.3072427570967795 0.0 0.001060034043007363 1.547573983672892e-05 0.023782686932074748 0.00523991392798262 5853.282332968987 39.0 -18.305180779626006 1.3361836051899232 1449.68 1494.53 0 66 "Minimization exited successfully."
2007sr 259 0.0055 1458.5950114165423 0.06634563947351096 -0.5253610476103061 0.3029868106700979 0.0 6.746176950400695e-10 9.178714461512832e-05 0.005434331139793969 0.0019643213453219843 111999.45034213127 101.0 -18.44808206482878 1.1353548753844702 1454.84 1955.57 29 230 "Covariance may not be accurate."
2007st 118 0.0212 1453.1744544310027 0.008667815421018714 -1.5842553245768505 0.088918086424288 0.0 0.09575171794460857 7.312700057811577e-05 0.018978512330249275 0.003923972837036049 3166.5266312838285 64.0 -19.189410198365113 1.3822192454439204 1458.66 1513.52 0 118 "Minimization exited successfully."
2007ux 151 0.0309 1463.6408125958278 0.0019204989438554227 -2.118113443140255 0.15508330416059413 0.0 0.0541297407098682 8.42453467324734e-06 0.017466838025644416 0.0025224758622032217 3817.730047811664 74.0 -18.387875470933373 1.5123785834347174 1466.82 1558.61 0 151 "Minimization exited successfully."
2008C 121 0.0166 1470.7501226796317 0.006187081789864987 -1.5318197126044457 0.25748357659903287 0.0 6.737696480740851e-06 2.1311237894288022e-05 0.03133686939614355 0.0030192886188287194 2816.863957760913 57.0 -18.28775981263893 1.3535606825038187 1469.81 1552.5 12 109 "Minimization exited successfully."
2008J 81 0.0159 1469.656710698296 0.004893253527125024 2.0748073710746464 1.4148077082136377 0.0 0.07211245639064146 4.452283278588579e-05 0.02128909816494362 0.005834427388873076 66470.67715572298 53.0 -18.04771938345101 0.6567357087953596 1484.54 1516.52 0 81 "Minimization exited successfully."
2008O 103 0.0389 1490.9025910404591 0.0007023409108717071 -2.097518585529584 0.42130137625017516 0.0 0.0692468307230456 3.2234060576730606e-06 0.03904293202803899 0.0035503276076266355 1119.9830792408986 62.0 -17.816830447342383 1.4762794187444008 1489.71 1571.48 11 92 "Minimization exited successfully."
2008R 107 0.0135 1492.3815601942463 0.011615056283921087 -2.170751883325534 0.13151123140939158 0.0 0.023050174386867184 2.2287620255976963e-05 0.007960278632224815 0.0012912573095698043 17701.289927276914 64.0 -18.514662262343407 1.5295165511752202 1493.63 1532.52 0 107 "Minimization exited successfully."
2008ae 101 0.03 1513.0919291492362 0.0004640970829266955 -2.1736273518693516 0.8168523072906118 0.0 4.7255814138225105e-05 5.503317131169705e-06 0.08931564528276903 0.009892622682294405 4095.228667017644 33.0 -16.814544171171924 1.4476254461167954 1508.74 1602.52 13 88 "Minimization exited successfully."
2008ar 132 0.0261 1535.3494715433894 0.0048462420555846685 -0.07751467753171148 0.06357571320469857 0.0 0.020615066243635738 1.378593766956232e-05 0.016838567181491015 0.001951398524260295 1565.8603132436983 84.0 -19.018308624190826 1.06427034313079 1527.79 1627.59 11 121 "Minimization exited successfully."
2008bc 205 0.0151 1550.535547258312 0.009144016649833003 0.6242164746939816 0.18605284612769135 0.0 0.009276727180235866 9.998180720144356e-06 0.008919267975142642 0.0009175573551617466 11093.498002558776 112.0 -18.50329797359506 0.9324945018957163 1541.67 1646.46 54 151 "Minimization exited successfully."
2008bd 66 0.0301 1526.7000000009975 0.0011683632103143356 -2.750020421450585 0.19744229692645132 0.0 0.0015354033406538292 2.2625840236979787e-05 0.050435464446916045 0.01334375557057721 2031.8653563334117 47.0 -17.79059823738715 1.6925933228326109 1541.7 1607.65 0 66 "Minimization exited successfully."
2008bf 184 0.0235 1555.4773968544544 0.007880463776207566 0.5778854823098376 -0.025222016538610115 0.0 0.01474263073930615 1.3492679320032015e-05 0.014192194853425377 0.0013433231495075248 5002.531762634191 125.0 -19.31428686177761 0.9496471424937933 1546.79 1646.49 43 141 "Minimization exited successfully."
2008bi 83 0.0134 1536.520000000174 0.0046490642143509125 -2.648715060568006 0.24484218346455533 0.0 0.004226833532584351 3.807998011303576e-05 0.018167805267725656 0.005437208222579093 2316.2526196093245 58.0 -17.506335097588654 1.6541439359349113 1551.52 1628.47 0 83 "Minimization exited successfully."
2008bq 114 0.034 1563.9381503644345 0.0025670903056578182 0.45553097806599663 0.17422289912676092 0.0 0.03863110069960385 4.955086970492937e-06 0.0198471029362417 0.0013849311044690227 2776.100283383826 92.0 -18.917293204550617 0.9621962459898583 1562.49 1606.46 6 108 "Minimization exited successfully."
2008bt 84 0.0154 1569.0499684319952 0.003264200050001909 -2.255527006572855 0.4289882050607239 0.0 0.06087031006313737 1.541993337190583e-05 0.016130979568595105 0.0026929319163366827 12197.298183740337 54.0 -17.434531096376176 1.517049532024231 1571.61 1651.47 0 84 "Minimization exited successfully."
2008bz 70 0.0603 1579.4613432705362 0.001062659224381915 -0.3101987877625447 -0.060878105310565145 0.0 0.10075887410835094 5.374946424356575e-06 0.047787604538855 0.0031115896643093 972.7195814195154 56.0 -19.243702912532147 1.1160769393000827 1580.72 1651.52 0 70 "Minimization exited successfully."
2008cc 167 0.0104 1580.260183759643 0.016112931629153747 -1.626727719871802 0.33660772847558484 0.0 1.2613618878276611e-05 2.3133854448763314e-05 0.008377596125507702 0.0010859102099683993 61484.51248193919 77.0 -18.303712940303036 1.3684038411869093 1582.86 1654.86 0 167 "Minimization exited successfully."
2008cd 23 0.0074 1572.7400000005123 0.0014519335602218603 -2.8137855893332113 0.9999999994119593 0.0 0.008680721872110553 7.761144339975311e-06 0.04997049019203015 0.0013907604114333783 1097.9146176360996 19.0 -14.993528652883931 1.5881091375324878 1587.74 1595.73 0 23 "Minimization exited successfully."
2008cf 96 0.046 1596.3721525483145 0.0021164847380995334 0.8507314435595514 -0.017954995674326568 0.0 3.0007739042048343e-05 3.847494224355633e-06 0.017862899808189336 0.0017520940528467088 2125.4367838375892 57.0 -19.382090630632966 0.9021024793185752 1595.77 1654.65 6 90 "Minimization exited successfully."
2008ff 230 0.0193 1714.6050056427393 0.006408401877176873 -0.42009056656657684 0.3030493885710437 0.0 1.0300027497578412e-10 1.4355471343228954e-05 0.01065203501411549 0.001317642401551411 56487.05191021854 98.0 -18.659564053345107 1.114964332616461 1724.53 1790.57 0 230 "Covariance may not be accurate."
