analysis_pipeline/fit_results/csp_5_sn91bg_color_interpolation_all.ecsv
# %ECSV 0.9
# ---
# datatype:
# - name: obj_id
#   datatype: string
# - name: num_points
#   datatype: int64
# - name: z
#   datatype: float64
# - name: t0
#   datatype: float64
# - name: x0
#   datatype: float64
# - name: x1
#   datatype: float64
# - name: c
#   datatype: float64
# - name: z_err
#   datatype: float64
# - name: t0_err
#   datatype: float64
# - name: x0_err
#   datatype: float64
# - name: x1_err
#   datatype: float64
# - name: c_err
#   datatype: float64
# - name: chi
#   datatype: float64
# - name: dof
#   datatype: float64
# - name: b_max
#   datatype: float64
# - name: delta_15
#   datatype: float64
# - name: tmin
#   datatype: float64
# - name: tmax
#   datatype: float64
# - name: pre_max
#   datatype: int64
# - name: post_max
#   datatype: int64
# - name: message
#   datatype: string
# schema: astropy-2.0
obj_id num_points z t0 x0 x1 c z_err t0_err x0_err x1_err c_err chi dof b_max delta_15 tmin tmax pre_max post_max message
2008J 81 0.08499381560330943 1507.4694298827735 7.768785614814533e-14 0.8130447879925137 0.48030309256644205 0.05133874931083454 34.604241229629 0.9223868072457841 0.4437794675249839 0.7056786179513898 570626.0250447178 52.0 -22.33095540341118 1.9252284181255348 1484.54 1516.52 68 13 "Covariance may not be accurate."
2005kc 125 0.08307572021079836 706.0183495655577 2.3397950243975174e-14 1.0033606350270028 0.06706713649181545 1.4739844192424023e-08 3.2334295781311084e-05 0.0 3.483027418704765e-07 0.0010066836442124416 485680.10631796526 68.0 -21.794948661506325 1.6686657101260565 687.52 728.54 83 42 "Covariance may not be accurate."
2005A 182 0.08498557721669288 377.7598477589587 1.2323475573339238e-14 0.7899998302317925 0.5001096163511973 5.572309835777389e-09 5.504914072355717 0.0 1.2888986664072455e-06 2.3007051199730455e-06 205954.40590806323 148.0 -20.28389339326574 1.9641784687307506 376.65 433.53 10 172 "Covariance may not be accurate. Covariance not positive definite. Covariance forced positive definite."
2009Y 264 0.08499999127012074 1896.5502966671177 6.0285110237146e-14 0.6500046747447287 0.10720183814041939 7.482632569111303e-12 1.6322230294463225e-05 0.0 4.6556608568337765e-10 0.000615407974347143 2190426.486325676 176.0 -22.802776283598725 2.26233089476103 1868.84 1976.65 87 177 "Covariance may not be accurate."
2004gs 299 0.08499544102936665 389.0145052639394 6.661338147750939e-16 0.650000924295465 5.941020266964081e-06 0.05131566457077284 85.04375870848929 0.922730059403883 0.36940535604607133 0.613897761299298 983247.8966216987 272.0 -18.094535033797342 2.2623368304676745 352.85 461.56 153 146 "Covariance may not be accurate."
2004eo 269 0.08488842524407714 296.2520549207333 1.532107773982716e-14 1.249951981967227 0.4810185026029091 0.059731585835170076 67.35852453759833 1.1078993972451676 0.37120198218752537 0.7405019453837103 4168810.322578595 231.0 -20.563749043170414 1.456823542327733 266.52 341.54 167 102 "Covariance may not be accurate."
2008gp 169 0.0849997653880765 1840.4085362699605 1.9890897820507014e-07 0.763522877568248 0.7730254762283117 0.0 0.0 0.0 0.0 0.0 1111900.2272096225 108.0 -37.77828438326006 2.01226295722014 1768.75 1844.52 168 1 "Hesse Failed. Covariance may not be accurate. Covariance not positive definite."
2007ca 117 0.011786078988427554 1224.6576931843072 2.0816681711721685e-14 0.6500000013538885 6.101675562936171e-05 2.5483822444632986e-08 3.3491832823528966e-05 0.0 2.7163826743503705e-11 0.00015894796176016412 644610.7262353994 71.0 -17.42500498840117 2.262339154530661 1217.65 1275.65 12 105 "Covariance may not be accurate."
2009al 123 0.08415930912452081 1973.3831900124653 0.06288693972915069 0.6692884735983429 0.9109664858198345 0.0 0.0 0.0 0.0 0.0 611377.1925898554 78.0 -51.25335444612897 2.2150784405721975 1891.71 1973.54 121 2 "Hesse Failed. Covariance may not be accurate. Covariance not positive definite."
2008ae 101 0.08017484216987936 1539.7390749222232 8.326672684688674e-17 0.6540384108583053 0.0018342794268259577 0.05842809620985128 75.2417293235502 0.9273987512823261 0.39085181844399136 0.5965000833143852 88516.44451949364 43.0 -15.69983937768124 2.2522364736295835 1508.74 1602.52 64 37 "Covariance may not be accurate."
2006dd 217 0.0718155806627176 1024.2655235694933 6.644684802381562e-14 0.7610485100229817 0.1364160828933474 0.061047012603341055 183.08630164631683 0.9267100581876734 0.4434080643253486 0.5608395787824928 1304023.3223735623 211.0 -22.46645372336699 2.016940639550727 906.94 1147.57 46 171 "Covariance may not be accurate."
2005ki 310 0.08403336375995434 779.7591786976818 8.326672684688674e-17 0.6500000000000002 9.754622390945045e-07 7.25781314422913e-08 0.0016295033414621685 0.0 9.980960502531389e-12 0.00013691995961784276 1805432.9062205527 249.0 -15.81064558481167 2.2623391562810085 695.86 861.5 236 74 "Covariance may not be accurate."
2007if 114 0.08499999677514648 1386.2927359109779 1.6653345369377348e-16 1.0104346210305781 0.0003861846581729167 0.0510489950455569 71.55245507774032 0.9224477929294097 0.40975263287513225 0.606569343148135 452671.06364121404 87.0 -16.588909431881056 1.6610429369997703 1355.77 1443.6 70 44 "Covariance may not be accurate."
2006D 298 0.04379076139136013 802.7027147427465 9.825473767932635e-15 1.2078272641243177 0.2849485908516349 0.05902693688040274 107.34568242672094 0.9309584785579151 0.42783257877671843 0.641243875079764 2449196.845267345 229.0 -18.966874518669172 1.4848629073354473 751.84 891.61 168 130 "Covariance may not be accurate."
2006lu 128 0.08499436882276247 1074.4530452047609 3.3306690738754696e-16 0.6500048654802281 0.028888323975966357 1.0111919079847098e-09 8.192207235424576e-05 0.0 2.527534403995446e-09 0.018001043285532703 253251.01976983718 121.0 -17.295460698285588 2.262327744414552 1040.84 1137.75 62 66 "Covariance may not be accurate."
2009ag 208 0.07845999661080647 1882.2015623668233 1.1016187961843116e-13 0.6520738293545115 8.863682420634511e-05 1.0466913710760473e-08 1.3381268672674196e-05 4.163336342344337e-17 1.648173286739052e-08 3.377323738978921e-05 508948.2793196144 107.0 -23.45693435411772 2.2571363739312496 1886.62 1959.54 0 208 "Covariance may not be accurate."
2006ev 116 0.022339569369413947 1024.2615706405707 5.828670879282072e-16 0.7369499646837698 0.015783721436275766 0.06173063996894137 45.067068795327714 0.9223890719810669 0.33989413501081644 0.6637363611910924 423440.7346541137 52.0 -14.923924442265765 2.0644900596961193 993.59 1039.52 101 15 "Covariance may not be accurate."
2009cz 83 0.002020092140265676 1961.3685288889594 1.3822276656583199e-14 0.987082875266877 0.5001499134717626 8.827526317437212e-06 0.02606289848722554 1.249000902703301e-16 0.05241782570527076 0.018876306490264866 655617.9571870625 45.0 -12.155672307555736 1.6866571540079427 1937.53 1966.46 59 24 "Covariance may not be accurate. Covariance not positive definite. Covariance forced positive definite."
2006gj 122 0.08499997482478308 1046.2038870594233 1.6653345369377348e-16 0.6512673512478392 0.00242331897584247 0.051076083392918074 81.40145095337118 0.9234101432383978 0.3574572277883733 0.6350541761524578 226800.60719111195 87.0 -16.58569365625572 2.259155956295615 998.83 1096.59 86 36 "Covariance may not be accurate."
2005el 236 0.0849999886479945 677.1339856192085 1.1407541578023483e-14 0.6500000008775104 0.1267992663336852 1.653601561235618e-11 4.514374910513652e-05 4.163336342344337e-17 1.2364553825250368e-11 0.0009541114331964029 1999828.295939058 138.0 -20.958052289143218 2.2623434409063776 639.89 730.75 125 111 "Covariance may not be accurate."
2007jh 45 0.08496623684345202 1383.4114989936443 1.2490009027033011e-15 1.2435329252025555 0.4740990982447998 4.575704808107428e-09 8.643081093850924e-05 0.0 1.6936505109477196e-07 0.01724947248966094 59738.59923604048 38.0 -17.860308576382938 1.4609537800172099 1363.86 1413.8 26 19 "Covariance may not be accurate."
2007so 66 0.0022641369470087986 1480.9865275707448 4.996003610813204e-16 0.70084770768351 0.693818720807979 0.05338965100351335 44.549508732637264 0.9299408482765047 0.31158159467444596 0.6493705292548948 232230.05945003836 43.0 -8.44066008945573 2.1420545090840974 1449.68 1494.53 65 1 "Covariance may not be accurate."
2006gt 93 0.08499999548674671 1019.8196174698568 8.326672684688674e-17 0.6500000001694992 0.10954350622102305 0.05147669829295705 60.677877230441595 0.9304513054851525 0.3721762132157753 0.5416580164824063 199231.66611699533 67.0 -15.649053920390948 2.262342749082361 1001.67 1076.62 52 41 "Covariance may not be accurate."
2007ai 111 0.08499999981589443 1208.6019088438823 8.326672684688674e-17 0.6500000000566444 0.009343395010349753 0.053850904886614384 78.4935272539044 0.9731768226985179 0.38927339611308326 0.6532554628524565 256513.0664535771 84.0 -15.822126366769094 2.2623394174340064 1167.88 1259.7 85 26 "Covariance may not be accurate."
2006hb 190 0.08104459028527468 1049.0287481680496 8.992806499463768e-15 1.234103034544201 0.5000183499592684 0.0002810373511853495 0.12608395719712462 4.163336342344337e-17 0.014972673175350781 6.213668332477607e-05 1042079.5082383412 138.0 -19.83287212177901 1.4670960133409494 1006.87 1143.59 106 84 "Covariance may not be accurate. Covariance not positive definite. Covariance forced positive definite."
2007hj 266 0.08499999916674424 1389.3243808578 6.9111383282915995e-15 0.6500017887711496 0.427047996557912 1.7869837554140844e-11 0.00015216990675526176 0.0 2.2302160118670145e-09 0.06838766868867982 2535657.4716116716 158.0 -19.823287287180797 2.2623494171605643 1348.76 1440.53 194 72 "Covariance may not be accurate."
2008ia 166 0.08400599913108192 1814.8624700821395 1.2240208846492351e-14 1.2308755231491966 0.0665585512268545 2.7505595370791447e-09 1.054677829870343e-05 0.0 3.2109478409481085e-08 0.0010469072871512053 96894.90886395847 91.0 -21.117950867726787 1.4692094546213958 1809.77 1874.69 33 133 "Covariance may not be accurate."
2007ol 31 0.08499999975623992 1399.5208019441304 1.9817480989559044e-14 0.7432335411098361 0.38095430340889935 7.452434502841498e-12 1.7330514992863755e-05 0.0 3.601275012643512e-07 0.017522806226519555 28812.894056082787 26.0 -21.06057552015057 2.051767072334492 1409.79 1422.66 0 31 "Covariance may not be accurate."
2008fw 162 0.08498919219356549 1767.4020550332755 8.076872504148014e-15 1.2078782302175435 0.5010209680327985 0.051437651485900626 74.20058639969272 0.922439054269695 0.42379384573948414 0.7106245016166051 3140406.808142192 134.0 -19.82382959344176 1.4848318523461757 1740.89 1827.81 57 105 "Covariance may not be accurate."
2005mc 83 0.08499945372323496 744.6851348021113 1.2073675392798577e-14 0.9024014308300279 0.49547962665796885 0.051442967018087885 36.149642848907035 0.9280570714610459 0.435562383837841 0.711665765046962 277177.4907303907 78.0 -20.273321174251926 1.7922827867078475 736.79 773.62 29 54 "Covariance may not be accurate."
2009dc 116 0.002001007204921418 1948.3365659268609 7.902012377769552e-14 0.6538206793440539 0.5001191950873833 0.05091692103934368 37.12311521040226 0.9223878202631353 0.34799675245350326 0.7103957065348643 676612.8773856506 58.0 -14.02797078461833 2.252795214151682 1938.77 1976.68 36 80 "Covariance may not be accurate."
2009F 139 0.08499999924409828 1848.0051198795313 1.1574075031717257e-14 1.2499714796353483 0.5000073374553546 3.1585775661646665e-12 1.1994928399872151e-05 0.0 1.6494707821834709e-09 0.14222399356946352 281918.5302278203 92.0 -20.216327366814557 1.4568116225495373 1837.75 1884.63 72 67 "Covariance may not be accurate. Covariance not positive definite. Covariance forced positive definite."
2008go 43 0.084969010445711 1753.6689743722563 7.41073868937292e-15 0.6500000000760772 5.080450022032501e-05 1.308331547267283e-09 7.928944114610204e-06 0.0 5.5120907838102084e-12 5.054143520336063e-05 112093.88996974766 31.0 -20.70949917611014 2.262339157464428 1764.54 1776.58 0 43 "Covariance may not be accurate."
2008cf 96 0.00361024767434522 1618.8025889059415 3.497202527569243e-15 0.6500217394096088 0.3718227109017954 0.05257715753125549 0.007129119363867176 0.0 9.12833693789139e-06 0.00021570497162176627 529665.2959448028 71.0 -12.205232969713258 2.262297720089844 1595.77 1654.65 49 47 "Covariance may not be accurate."
2006bd 52 0.08499999980267488 837.10250879191 8.326672684688674e-17 0.6500006436472525 0.0007514915327808125 3.307132345753416e-11 0.0002647316812840472 0.0 5.07970443486272e-09 0.001012561211397922 94202.13028949054 32.0 -15.83575852994651 2.2623375572983413 822.75 872.57 30 22 "Covariance may not be accurate."
2007bm 85 0.004397961704986837 1278.3988967121497 0.0049880877479905605 0.6500006227268266 0.0191930961567241 2.3000663058186932e-08 1.1368683772161603e-13 3.1968512050062348e-06 5.551115123125783e-17 2.269917471209304e-07 2421686.034740573 47.0 -43.690213638227775 2.262338133881805 1217.57 1278.52 81 4 "Covariance may not be accurate. Covariance not positive definite. Covariance forced positive definite."
2006kf 180 0.08499767677243746 1073.9478986855368 1.4988010832439613e-15 1.160259441336768 0.4895960181786898 0.05431837405369743 77.22303433166144 0.9853522956113869 0.4383604844362093 0.7287036654799501 859873.4791901076 106.0 -18.022331599724854 1.520549434266659 1036.81 1127.64 123 57 "Covariance may not be accurate."
2008bt 84 0.08499999280906079 1590.9284364900507 6.744604874597826e-15 1.1927927151029287 0.2183624862888034 0.051119569079745714 63.5941700082376 0.9240340853790968 0.4307259100295358 0.6090471045363794 485586.57693525264 72.0 -20.194586732219296 1.4956230330294922 1571.61 1651.47 36 48 "Covariance may not be accurate."
2006mr 221 0.048790506809017524 1049.7075161729447 1.7319479184152442e-14 0.9975829986083016 0.0193002757478396 0.05760205230459012 87.56578147610844 0.9461996101171389 0.44263148245464623 0.6862188929342882 298642.03069302527 157.0 -20.33978471626785 1.6749729817928767 1045.86 1147.57 18 203 "Covariance may not be accurate."
2007le 242 0.0033373572348520614 1413.1192710847158 1.4396817071826717e-13 1.2243081118029366 0.4994567575045071 0.00013970795752792347 0.06296507073295743 4.163336342344337e-17 7.664440203458689e-05 0.00020355528304180637 764775.7173232469 147.0 -15.793861682159486 1.4735908672233986 1388.57 1470.55 90 152 "Covariance may not be accurate."
2008hu 97 0.07919157632729874 1792.260785006416 6.411537967210279e-15 0.9888657801225236 0.0028134298403775793 0.04219778750917828 28.46508750586827 0.9226385788537919 0.41627473407140264 0.6365631253808386 77879.94963296565 74.0 -20.386228330621176 1.6846420910334459 1804.74 1844.84 0 97 "Covariance may not be accurate."
2009J 41 0.08499582367962757 1833.281318366767 5.9119376061289586e-15 0.6500018952821467 0.5000066364569317 0.05128624063111091 24.809681248831566 0.922400364562852 0.3694084023841362 0.7103751653461068 26549.380005168237 32.0 -19.486824237845948 2.262351696550194 1846.74 1867.68 0 41 "Covariance may not be accurate."
2007N 165 0.07762650443168384 1154.4594073852224 0.05947633403670963 0.7101408130380599 0.5943174200671223 0.0415 52.42500000000007 0.75 0.3 0.5 5.229977824715565e+31 112.0 -51.62550346565388 2.121421967641547 1123.82 1213.67 86 79 "Minimization exited successfully."
2006ob 63 0.08499996644201961 1045.6635883133056 5.162537064506978e-15 1.0393058749084705 0.0994660006721888 0.05497455585407646 49.82757700019886 0.9939630552591272 0.40512274094644113 0.5338581620429912 34969.61328245037 47.0 -20.148741042597212 1.6310029408813698 1060.65 1121.57 0 63 "Covariance may not be accurate."
2006bh 175 0.0027495321567851997 848.9770313735398 5.029310301551959e-14 0.926861640513932 0.5772262308727601 5.309119686934148e-05 0.0017329472796632217 0.0 0.00017984406147319998 0.00019923208726002617 1057176.9893369968 109.0 -14.099904339124034 1.7596177611475738 829.91 891.79 75 100 "Covariance may not be accurate."
2007ba 124 0.07466407905584374 1214.8648542138203 3.497202527569243e-15 0.6675285521303923 0.48610960437436945 0.0004173037455093634 0.008304636843718072 0.0 0.0004086778808596869 1.7395868681352455e-05 199754.06537766263 81.0 -18.653472127024365 2.219297251272984 1190.83 1255.61 76 48 "Covariance may not be accurate."
2008fp 300 0.08498225126325389 1711.1200460533585 3.379796442715133e-13 1.094313502997645 0.5007401230235389 2.3824955969892203e-07 0.018996447169456587 0.0 3.550548178410384e-05 nan 1058999.4387851818 186.0 -23.878202986130663 1.5776647446183105 1724.84 1874.61 0 300 "Covariance may not be accurate."
2005na 170 0.08120635016374836 776.7972328426855 6.661338147750939e-15 0.6500005941138628 0.4987398190825786 0.05770260959531123 78.33771319173474 0.9261241274830403 0.37019644277659514 0.7100775614632233 1170841.3405313324 145.0 -19.51475150275909 2.26235491977085 738.71 834.54 106 64 "Covariance may not be accurate."
