analysis_pipeline/fit_results/csp_5_sn91bg_salt2_phase_blue.ecsv
# %ECSV 0.9
# ---
# datatype:
# - {name: obj_id, datatype: string}
# - {name: num_points, datatype: int64}
# - {name: z, datatype: float64}
# - {name: t0, datatype: float64}
# - {name: x0, datatype: float64}
# - {name: x1, datatype: float64}
# - {name: c, datatype: float64}
# - {name: z_err, datatype: float64}
# - {name: t0_err, datatype: float64}
# - {name: x0_err, datatype: float64}
# - {name: x1_err, datatype: float64}
# - {name: c_err, datatype: float64}
# - {name: chi, datatype: float64}
# - {name: dof, datatype: float64}
# - {name: b_max, datatype: float64}
# - {name: delta_15, datatype: float64}
# - {name: tmin, datatype: float64}
# - {name: tmax, datatype: float64}
# - {name: pre_max, datatype: int64}
# - {name: post_max, datatype: int64}
# - {name: message, datatype: string}
# schema: astropy-2.0
obj_id num_points z t0 x0 x1 c z_err t0_err x0_err x1_err c_err chi dof b_max delta_15 tmin tmax pre_max post_max message
[from data line 50]
2006is 96 0.08493678429011427 997.1286546045336 1.903477375719831e-13 0.6500000000190214 0.5000048957990624 1.0473707703961832e-05 0.18451658702463192 1.8735013540549517e-15 0.5720655411396125 5.5576269718277116e-05 199538.92642876302 33.0 -23.25476546476343 2.2606710802821883 1008.9 1125.67 0 96 "Covariance may not be accurate. Covariance not positive definite. Covariance forced positive definite."
2006kf 62 0.031110458493020805 1040.5031326991223 1.7486012637846216e-14 0.7001754548918584 0.4241900885119374 7.680457102386684e-06 0.061978027932582336 0.0 3.552031522313648e-05 0.00012701569089274 94584.30523811775 47.0 -18.57009874279391 2.142069331047818 1036.81 1127.64 12 50 "Covariance may not be accurate."
2006lu 80 0.07395602151983265 1042.4547038965386 4.163336342344337e-15 0.6501489826755614 0.5043487850771945 6.535337309723777e-07 0.030256649235866462 0.0 2.341738910005553e-07 1.115604074858334e-05 59591.21475357333 46.0 -18.780323465196737 2.2602970470067625 1040.84 1137.75 4 76 "Covariance may not be accurate."
2006mr 103 0.07287460706028327 1052.6208131641868 1.268152249878085e-13 0.8852399081697863 0.5058342169596458 0.000988422507451521 0.003556285927288627 1.0408340855860843e-15 0.005367469117576129 0.00486590667179071 16006.351056966181 72.0 -22.453650758675256 1.8152398162460308 1046.68 1147.57 12 91 "Covariance may not be accurate. Covariance not positive definite. Covariance forced positive definite."
2006ob 25 0.0817419965464766 1068.7269087062618 5.995204332975845e-15 1.0414979850661727 0.48347417767679174 0.04350842050721413 29.02176352352626 0.9223869438195466 0.4412376833710196 0.7064544976025162 16908.74635509218 20.0 -19.452424909842577 1.6281504945890788 1060.65 1121.57 8 17 "Covariance may not be accurate."
2006os 40 0.06343461825848766 1072.726322627057 1.099120794378905e-14 0.6539410801101052 0.5000789181935803 3.7276851575646086e-06 32.02476184677016 0.0 4.321370515258938e-06 0.0002764167776022619 59051.34929098271 35.0 -19.491596472663083 2.250830497142438 1065.63 1121.61 11 29 "Covariance may not be accurate. Covariance not positive definite. Covariance forced positive definite."
2006ot 43 0.08140892856540147 1054.9734513097017 2.248201624865942e-14 0.906176509620668 0.4871178732564866 0.04345039630322282 29.271643315438155 0.9317415521640457 0.43778696034705994 0.7110513636053503 21128.156295858513 34.0 -20.86941798488356 1.7862549129697314 1065.68 1119.57 0 43 "Covariance may not be accurate."
2006py 21 0.002036233353172818 1054.6837023887404 1.815214645262131e-14 0.8194177180204244 0.011106740541097171 0.051760412525309565 21.75093983711656 0.92238688141997 0.38362219395222846 0.6564656084321635 8481.840703427253 16.0 -13.429589959673557 1.913827720635286 1069.54 1087.54 0 21 "Covariance may not be accurate."
2007A 27 0.04481713027351701 1114.8866578643874 3.064215547965432e-14 0.9044092898517702 0.0225103985427883 0.058650483246485155 28.8986451119124 0.9224303177526287 0.41427571587110107 0.5473623769510596 27891.026447502743 22.0 -20.763242189247915 1.7886441984663293 1108.54 1133.53 11 16 "Covariance may not be accurate."
2007N 65 0.07995873983159371 1135.992191038833 6.9111383282915995e-15 1.241674054025273 0.49859595828644776 0.041539215487755535 29.503596871520358 0.9223885115489969 0.3375107931556461 0.7100450176548153 88872.13539708006 46.0 -19.519560297132045 1.4617470628866585 1123.82 1213.67 20 45 "Covariance may not be accurate."
2007S 65 0.002032379134757609 1144.5298920017394 5.2541304640385533e-14 1.159604795165427 0.2474411413438603 0.05034170370052908 29.473251468821218 0.9223869222203278 0.3421247807685756 0.6235076297361818 32160.918486447445 48.0 -14.114280947193322 1.5205596277843014 1133.84 1246.54 12 53 "Covariance may not be accurate."
2007af 102 0.08133004931441083 1174.9371316830957 5.59469137684232e-13 1.2426542904112798 0.5000819187615878 3.37394821733894e-08 3.6356002965476364e-05 2.498001805406602e-16 1.3047614078054437e-07 0.341647079990538 105813.85373910553 82.0 -24.325541090359508 1.4611128414318841 1165.8 1256.69 22 80 "Covariance may not be accurate. Covariance not positive definite. Covariance forced positive definite."
2007ai 52 0.08461306924767985 1153.2306991714986 5.437317263101704e-14 0.6848774443841893 0.4994798449082136 0.04859091135364964 26.085274887720743 0.9227840682760359 0.42019449952326726 0.7104177551953228 30584.932533632833 32.0 -21.886870930860955 2.1768930241671605 1172.89 1259.7 0 52 "Covariance may not be accurate."
2007al 48 0.0818978025839375 1174.448065077578 1.2156942119645464e-14 0.6500000416023151 0.27176530670542415 3.836093311754274e-08 4.778220068146766e-05 4.163336342344337e-17 3.8506331456744647e-10 0.0018106590525174826 9209.687665611304 33.0 -20.638493947860518 2.260664965814094 1170.77 1246.58 4 44 "Covariance may not be accurate."
2007as 65 0.07871251862353913 1164.6893773017982 1.745270594710746e-13 0.9846013445875641 0.49224759249273425 0.04264647995041262 21.44935496746973 0.9223867355777857 0.4174253180982686 0.7085607361811974 159502.55001477516 33.0 -23.004862555131105 1.688729608738445 1181.7 1259.49 0 65 "Covariance may not be accurate."
2007ax 40 0.00909940021041151 1189.365143915888 2.3897550605056495e-14 0.6500211672467786 0.0037457119233491043 0.05917371241388353 28.371868640230787 0.9223869786439289 0.3674513003996538 0.6397653768966547 14669.799536166709 33.0 -17.00273840755666 2.2606010158970804 1185.56 1246.46 4 36 "Covariance may not be accurate."
2007ba 56 0.08387499629504128 1194.5229961836085 6.494804694057166e-15 0.6500000177306478 0.04352410174145116 1.7377603675483577e-08 3.5615075830719434e-05 0.0 1.8680079705291064e-10 0.0015282011313315635 41208.32446992704 49.0 -20.465730143174092 2.2606552819807746 1190.83 1255.61 4 52 "Covariance may not be accurate."
2007bc 47 0.07942376001964395 1181.6586178822845 1.4496737144042982e-13 1.0072332929632328 0.5001031306340019 5.835522904187873e-06 4.9663238655739406e-05 2.0816681711721685e-16 0.000273648147410821 0.6356621556106463 168405.90445943375 35.0 -22.80484336887988 1.6638020581926813 1197.65 1259.53 0 47 "Covariance may not be accurate. Covariance not positive definite. Covariance forced positive definite."
2007bd 44 0.0782459873351037 1204.4743416114688 4.488076577047195e-14 0.6500000222659716 0.6026464756732308 0.04306135896917982 28.821764404586247 0.9223869676337525 0.36890619541556574 0.682293947869006 130366.49344109885 36.0 -21.322684275105093 2.260671389319249 1197.53 1259.46 8 36 "Covariance may not be accurate."
2007bm 35 0.07201518744990859 1213.8806726149273 6.398215290914777e-13 1.0259816773107413 0.5100945308247584 0.04763175980279141 25.581797983066622 0.9223871146640829 0.4395697706479755 0.7126454786359598 301069.8562503748 30.0 -24.177001170254215 1.644014028461454 1224.67 1259.56 0 35 "Covariance may not be accurate."
2007ca 44 0.0495019327960275 1224.436065106146 2.1399548799649892e-14 1.2492111223456233 0.008314314093372355 0.05739743833078112 28.791619879709856 0.9223868755344076 0.3889475574882643 0.5748095262088133 160024.0807001731 39.0 -20.619678475920136 1.4568791609847729 1218.68 1259.63 4 40 "Covariance may not be accurate."
2007cg 22 0.06530409749829569 1220.636176353186 1.6153745008296028e-14 1.120047536073721 0.5117369769843093 0.000504163331891315 0.004269345803095348 0.0 0.002987546691050169 0.0019919901045511446 2708.1401435802713 17.0 -19.957126611978847 1.5538170977164327 1235.63 1259.59 0 22 "Covariance may not be accurate."
2007hj 93 0.015707364657349357 1345.380121983504 5.3790305543088834e-14 1.2209451727967098 0.5176539600254335 0.0002980301906567659 0.0005723876715819642 0.0 2.3077084763234446e-05 1.8882095456529413e-05 132177.68590869708 70.0 -18.07974416001615 1.4754250678467926 1348.76 1440.53 0 93 "Covariance may not be accurate."
2007hx 41 0.08499169514531137 1367.343092542284 8.326672684688674e-17 1.249431704146032 0.0001986546757459795 2.5651471155518912e-09 5.7276957704743836e-05 0.0 5.7022514154958515e-08 0.0002972932938033468 61693.813645351576 36.0 -15.836404046102217 1.456737642254847 1354.78 1411.73 22 19 "Covariance may not be accurate."
2007if 67 0.0849838726457548 1341.421305776635 1.3572476476042539e-14 0.9455259312839215 0.0032646802443044853 5.400097868868414e-10 2.3630750547454227e-06 0.0 1.4001460513224373e-07 0.009370798986191836 27553.62467476615 37.0 -21.361818695982336 1.7350347263346642 1357.77 1443.6 0 67 "Covariance may not be accurate."
2007jd 46 0.08499999590681283 1370.4779222849238 8.326672684688674e-17 0.6500000024786697 0.0009235129582534363 1.0222166169082669e-10 0.00011096161574641883 0.0 2.1391788340707762e-10 0.09737918640167437 71421.68391488522 41.0 -15.835478923973245 2.260654085372831 1362.83 1403.81 21 25 "Covariance may not be accurate."
2007jg 57 0.013847381109385512 1368.478881229089 1.5487611193520934e-14 0.6500525862482416 0.4918172260453747 1.9898133855975747e-07 0.007055071599324947 0.0 4.0524008815268076e-08 3.0954870016142166e-06 57417.263744364405 49.0 -16.49936030620308 2.2605387134109662 1363.82 1423.7 12 45 "Covariance may not be accurate."
2007jh 25 0.06861659422424568 1351.8655031492183 1.715294573045867e-14 0.6563961228061848 0.4920829804629932 1.792905874958839e-06 0.047226725545101544 0.0 3.3733459727236514e-06 2.7097658018143678e-05 12169.26743846504 20.0 -20.172891638609496 2.2447552227619845 1363.86 1395.86 0 25 "Covariance may not be accurate."
2007le 94 0.07467023696151076 1381.8592455537084 9.407474799161264e-13 1.0140993548882768 0.4673492598997471 0.045862486767339145 24.129639743357416 0.9223864510459946 0.408572877905301 0.7024141676545848 225557.43727143115 54.0 -24.772074774792785 1.6564702590889588 1392.6 1470.55 0 94 "Covariance may not be accurate."
2007mm 22 0.08480711397791396 1371.1661282779216 4.246603069191224e-15 1.213549202682324 0.5000584652503167 2.33844984701137e-06 nan 0.0 6.548662307048758e-05 0.00013467027729102687 6601.989622730641 17.0 -19.122409621556592 1.4804591188366736 1385.72 1418.69 0 22 "Covariance may not be accurate."
2007nq 75 0.07981640199303427 1390.3605197453007 2.2148949341271873e-14 1.1197793306040877 0.5957277381061153 4.876634635983534e-06 0.0007611750215801294 0.0 0.0033698254022884733 3.246389825717344e-05 55234.12461923497 49.0 -20.614192375774746 1.5540533933974636 1397.65 1476.56 0 75 "Covariance may not be accurate."
2007ol 24 0.06988692144537871 1394.7995974354442 2.656208586415687e-14 1.0148161598106198 0.5000824932860508 0.00021194599063735498 27.52126767747461 1.249000902703301e-16 0.0003196450456428579 0.00036719294667450497 18094.6403105978 19.0 -20.669979312648707 1.6557116051560747 1409.79 1422.66 0 24 "Covariance may not be accurate. Covariance not positive definite. Covariance forced positive definite."
2007on 104 0.08044251107693047 1418.5933909143425 9.139355938714289e-13 0.7332741064225782 0.5007515947237976 0.0737835168975538 0.0017417850810943492 1.1657341758564144e-15 0.00012419400655849788 0.0002985467084787863 275212.4441500085 71.0 -24.83215544822372 2.070700486583698 1411.79 1508.61 10 94 "Covariance may not be accurate. Covariance not positive definite. Covariance forced positive definite."
2007so 27 0.07863851197046183 1454.443052996874 7.244205235679146e-15 0.8139084622410288 0.49002356184191675 3.882328249373013e-05 0.0035789878930927443 0.0 0.10946739399890104 0.0012769530113631022 14775.9205838438 22.0 -19.553412825969154 1.9227521228752593 1449.68 1469.55 8 19 "Covariance may not be accurate."
2007sr 103 0.08456361168992405 1451.4412311220244 1.1295964164048655e-12 1.1773518023080862 0.5771032530985865 1.6912106952787775e-06 0.00023923549940718658 1.249000902703301e-16 0.0008647437465737484 2.4332609054489307e-05 167442.6060678885 61.0 -25.049308825022454 1.506694308994195 1455.76 1578.72 0 103 "Covariance may not be accurate."
2007st 44 0.042574078513710915 1460.1593484019568 5.1958437552457326e-14 0.8508482604468784 0.4815796144046942 0.05918299747333687 27.484829145365325 0.9227679144083212 0.4419175785310949 0.7061445835441884 14518.574429667033 39.0 -20.323997810125164 1.8651711573647631 1458.66 1493.55 4 40 "Covariance may not be accurate."
2007ux 63 0.044133338911631764 1468.1351908470103 5.995204332975845e-15 1.2481431936624623 0.5090696328357647 0.009059448227077306 0.0055218028078343195 4.163336342344337e-17 5.7391354481128865e-05 0.0014606585638629044 75886.13498586144 45.0 -18.001001184511892 1.4575776458337302 1466.86 1558.61 7 56 "Covariance may not be accurate. Covariance not positive definite. Covariance forced positive definite."
2008C 48 0.08028417224164021 1454.8131352819664 8.859579736508749e-14 1.08048459298525 0.08447962073473814 1.1912015176335222e-07 2.1951310600343277e-06 0.0 1.6733479646369176e-06 0.0014879776558591185 18878.263236246807 29.0 -23.13126829125364 1.5900291529836537 1469.81 1552.5 0 48 "Covariance may not be accurate."
2008J 38 0.06667229530667847 1469.5446492095614 2.498834472675071e-13 0.7053232950852364 0.4895343289309291 0.05065900183385573 24.41455981613649 0.9223888419438178 0.3167960627524494 0.7079171185789841 28873.194230273657 33.0 -23.022133763352578 2.1305904890568783 1484.54 1515.52 0 38 "Covariance may not be accurate."
2008O 50 0.024020636106559926 1492.2388647044154 7.827072323607354e-15 0.6868602712515327 0.49144924175768606 0.052440351483579874 27.782489812683366 0.9224045693115095 0.30013485218451963 0.7083790516147299 35715.508488471125 39.0 -16.97224646308232 2.1723222754496376 1490.64 1571.48 4 46 "Covariance may not be accurate."
2008R 43 0.08397910951714883 1478.6365013694822 1.6686652060116103e-13 1.1932117072967285 0.4743994697549705 2.093713809270259e-08 1.1679037470457843e-06 0.0 4.019191452986348e-07 0.0020581692441893062 250529.13659147292 38.0 -23.14725572279387 1.4948590819110699 1493.63 1532.52 0 43 "Covariance may not be accurate."
2008ae 30 0.056055021437708824 1511.4921396340992 2.6645352591003757e-15 0.7765695963678685 0.020426328190289833 0.055256593928705106 27.844730817711593 0.9223870102469203 0.36256716284868057 0.6697442044695981 3121.0425138981286 21.0 -18.618546916189096 1.9868937385273249 1508.74 1597.56 3 27 "Covariance may not be accurate."
2008ar 62 0.048889611911776355 1534.132773823519 2.955968803064479e-14 1.0543644412422015 0.2769756671772766 0.057573862670501574 28.704611645138925 0.9223999613529196 0.4423295623352647 0.6370202254143974 51005.59128824652 51.0 -20.423185566859612 1.615309284906985 1527.79 1606.6 4 58 "Covariance may not be accurate."
2008bc 104 0.0681286124765533 1556.632573101017 7.568945470382005e-14 1.2269944816330507 0.5512044520408933 6.575320717634725e-06 0.0002507335501604757 4.163336342344337e-17 0.0003023952503299343 3.707117043932895e-05 642293.3486621653 85.0 -21.665195858002534 1.4713742329276496 1541.67 1646.46 35 69 "Covariance may not be accurate."
2008bd 31 0.08007304902528865 1526.8614869308547 8.326672684688674e-15 1.0011556072073553 0.5001079078194628 0.04165837712097286 25.627028049212754 0.9225083112211313 0.4126365414340169 0.7104446814836851 600.1916688360031 25.0 -19.721505613909294 1.6703773568683644 1541.7 1592.62 0 31 "Covariance may not be accurate."
2008bf 101 0.008125340892499411 1553.783601300771 4.846123502488808e-14 0.9363218731333005 0.20520550548432948 0.05876080791242198 28.831042647965205 0.9223872788166578 0.42294555983679777 0.6021565394144779 172346.63051407255 77.0 -17.14511141572914 1.74661469089593 1547.73 1646.49 16 85 "Covariance may not be accurate."
2008bi 35 0.08081483028993369 1554.82082941826 8.493206138382448e-15 0.650000030093979 0.2466888692524965 6.02226191484534e-08 6.357857603234152e-05 0.0 4.4567410872886626e-10 0.001976782291869622 6246.912622187165 30.0 -20.261549059627654 2.2606644100089284 1551.52 1595.52 8 27 "Covariance may not be accurate."
