analysis_pipeline/fit_results/csp_5_salt2_2.4_all.ecsv
# %ECSV 0.9
# ---
# datatype:
# - {name: obj_id, datatype: string}
# - {name: num_points, datatype: int64}
# - {name: z, datatype: float64}
# - {name: t0, datatype: float64}
# - {name: x0, datatype: float64}
# - {name: x1, datatype: float64}
# - {name: c, datatype: float64}
# - {name: z_err, datatype: float64}
# - {name: t0_err, datatype: float64}
# - {name: x0_err, datatype: float64}
# - {name: x1_err, datatype: float64}
# - {name: c_err, datatype: float64}
# - {name: chi, datatype: float64}
# - {name: dof, datatype: float64}
# - {name: b_max, datatype: float64}
# - {name: delta_15, datatype: float64}
# - {name: tmin, datatype: float64}
# - {name: tmax, datatype: float64}
# - {name: pre_max, datatype: int64}
# - {name: post_max, datatype: int64}
# - {name: message, datatype: string}
# schema: astropy-2.0
obj_id num_points z t0 x0 x1 c z_err t0_err x0_err x1_err c_err chi dof b_max delta_15 tmin tmax pre_max post_max message
[from data line 48]
2006hb 190 0.010055309686037761 1000.1251283217383 0.012228832113502442 -2.147686937134796 0.06066304419291191 0.00036675072665951023 0.028439621848235674 4.829541282950437e-05 0.009925526511694871 0.0026199189834760217 6727.895585026073 64.0 -17.924357813613405 1.531176985560709 1006.87 1143.59 0 190 "Minimization exited successfully."
2006hx 70 0.07292440204000329 1022.6972096624041 0.001528917305523242 -0.08175699044678719 0.09477359974515775 0.0022746901351175866 0.043738331167162414 1.2744427044830676e-05 0.053973561798390524 0.007970735208115087 609.905125971477 42.0 -20.071516571708372 1.0633437208743501 1012.66 1080.59 16 54 "Minimization exited successfully."
2006is 176 0.0309992953367034 1014.2502306680068 0.004246676540154526 0.5354965456859144 0.054518578961554987 2.939791220579052e-07 1.0349323247282882e-06 7.00435748893528e-06 0.013285710850693633 0.0013228265683178364 24633.067798388 71.0 -19.256866122706555 0.9536436384701013 1008.9 1125.67 12 164 "Covariance may not be accurate."
2006kf 180 0.03152917982026939 1041.3810738942038 0.0032380547567267023 -2.074259642159786 0.19516772999685728 0.0007271765300518492 0.020061733177385577 6.942352664098027e-06 0.014008511973836013 0.0023537854683266524 5242.364146931531 79.0 -19.000621365614567 1.4960265966033504 1036.81 1127.64 32 148 "Minimization exited successfully."
2006lu 128 0.05337921230229967 1039.1810445274727 0.0010274551307418362 -0.21941305367338604 0.08076502624447857 3.63000252773249e-09 1.2879415862698806e-06 0.0006126037669032414 3.1875189878547854 0.591320801928693 1102.6434188552132 75.0 -18.93181602003512 1.0902307836466818 1040.84 1137.75 0 128 "Covariance may not be accurate."
2006mr 221 0.003500000000002507 1050.947377391916 0.009353385501621087 -1.8154496729041836 0.5266319368826049 4.173602782832006e-06 0.02459276224988116 2.34039051891944e-05 0.015357834103112422 0.0019615631837969216 48924.531069008975 106.0 -15.345389635385366 1.3941545068454353 1045.86 1147.57 28 193 "Minimization exited successfully."
2006ob 63 0.07277943743989204 1063.8413018665467 0.0008130751996551334 -2.178454704813979 0.0057634190217670245 0.0017288398807241284 0.07036486806032372 3.8108627598537723e-06 0.0478639444484541 0.005524167319901241 559.3667146207956 43.0 -19.37978942386564 1.5459996705232868 1060.65 1121.57 6 57 "Minimization exited successfully."
2006os 106 0.040171818000163555 1065.2724049807794 0.0009528871746658507 -0.5912706873134361 0.477723871945541 0.0018537918303425695 0.09527507092434462 6.206371379266506e-06 0.04464438064976051 0.005409661075135297 619.3294099541278 58.0 -18.22338894246602 1.1358561180021844 1063.65 1133.56 4 102 "Minimization exited successfully."
2006ot 118 0.0724168497236264 1065.9507153319023 0.0009728848973155652 0.3674011122948837 0.22311280238089082 0.058726416263192346 27.69714205581431 0.027616865622096275 7.18248638520077 1.4614147426754742 1903.612158660063 66.0 -19.567281039696347 0.9752731108545056 1063.72 1131.63 9 109 "Covariance may not be accurate."
2006py 35 0.04501763289247706 1071.6607158446097 0.0009860933024494589 -0.3000587094637499 0.11621002397516755 0.004002694808376579 0.1206171569539265 6.398128664220027e-06 0.12733498101594343 0.009244311260497962 257.6351750030648 30.0 -18.504316243676698 1.1036340707826469 1069.54 1091.54 6 29 "Minimization exited successfully."
2007A 76 0.0035000006053805613 1113.5929796764412 0.006827271109674066 0.7576892711512775 0.28640196297001097 0.00010233057832965487 0.028046654084732836 2.236479157219362e-05 0.046739970445013324 0.002698494208620339 2043.395634491932 40.0 -14.994684563460378 0.905494119695252 1107.53 1133.53 29 47 "Minimization exited successfully."
2007N 165 0.0035000003213526893 1113.3059827064542 0.0021883534027226704 -3.0607300719948856 0.6446035836927297 1.7518143913655086e-05 0.044575778136163535 1.5467162239082973e-05 0.01613435398680485 0.004652443091994085 6939.217282101595 59.0 -13.77512809100012 1.7196922264218735 1123.82 1213.67 0 165 "Minimization exited successfully."
2007S 192 0.0075499051920822225 1145.0838524493026 0.007632144516255182 0.8468489419687746 0.4382456743613423 0.0009750139974050208 0.017025850960180833 2.712293148285621e-05 0.015062518716626005 0.0035801945619484687 1983.3816982221997 76.0 -16.7978918091384 0.8841450846025598 1132.77 1246.54 42 150 "Minimization exited successfully."
2007af 307 0.0055078080362058685 1176.5369834403784 0.0772344216355905 -0.5794893141767865 0.1442889888063501 0.06499211796733173 1.2592295206559356e-06 4.8754232188724655e-05 0.0008960832518760675 0.0013231283605024124 27758.32872299593 129.0 -18.612332532798106 1.1568139735947298 1162.76 1257.72 89 218 "Covariance may not be accurate. Covariance not positive definite. Covariance forced positive definite."
2007ai 111 0.0566397965630607 1175.0394000423835 0.0009057668944201597 0.927636995563538 0.4741085028935932 8.651565162581809e-06 0.0005255240414498985 3.3956875815130514e-06 0.04250248707340054 0.0035726761859588008 934.2414299669222 63.0 -18.941453327206666 0.869405531814806 1167.88 1259.7 26 85 "Covariance may not be accurate. Covariance not positive definite. Covariance forced positive definite."
2007al 120 0.012281960976798538 1162.9459028635927 0.0031260352392756957 -2.7632028807311855 0.45984298503560406 2.244061078392548e-07 3.9604598782716494e-05 1.3450024227376753e-05 0.014443771453588994 0.0034282288573243003 9669.185365967125 49.0 -16.89237078423678 1.657517823968515 1170.77 1246.58 0 120 "Minimization exited successfully."
2007as 153 0.00900476628743526 1181.9783790002655 0.006850627261691028 -0.8437994764443415 0.19545139218212726 0.0003676003091896479 0.031681466807867764 1.4140010392652176e-05 0.01308730423476634 0.0017931194634842607 4244.718522364334 73.0 -17.05629684264197 1.2071860570912207 1175.59 1259.49 17 136 "Minimization exited successfully."
2007ax 97 0.006900003452610471 1189.1162456250504 0.00397396234801167 -2.45118124616927 0.643426636249552 0.04099986341008701 6.480684191956243e-06 5.254108549963832e-06 0.003831659404038179 0.004112863144534851 38317.893513886214 55.0 -15.902707866092058 1.5418548489582875 1184.55 1248.47 10 87 "Covariance may not be accurate. Covariance not positive definite. Covariance forced positive definite."
2007ba 124 0.08314751628231981 1197.6594302565597 0.0012109044522228413 -2.779131419594039 0.2757857330995237 0.0016793268603823644 0.02679946041087078 4.842279567605955e-06 0.02841268318074741 0.005538083612996014 3635.938524871011 74.0 -20.121177367873635 1.690194962107217 1190.83 1255.61 28 96 "Minimization exited successfully."
2007bc 111 0.027325841296837232 1200.71076946942 0.007299943939667675 -0.9753168017472706 0.04481839639209295 0.0008042865833627101 0.029087631430115835 1.3283993328419303e-05 0.014876831451108519 0.0023116305497250522 1979.004997268949 67.0 -19.564147559219748 1.2464412001546137 1196.65 1259.53 19 92 "Minimization exited successfully."
2007bd 110 0.035750206384276846 1207.697132908025 0.003641407020400317 -0.7400035077287486 -0.018937315346716943 0.05500801688359553 30.76513868888344 0.025907137291542384 7.078514026281434 1.4631216116880725 2755.0975993768666 63.0 -19.406259411515528 1.2008094887233725 1197.53 1259.46 40 70 "Covariance may not be accurate."
2007bm 85 0.003500000005343993 1225.0949063486087 0.024697038135813077 -0.941736172477837 0.5293750813918114 2.164315013798517e-05 0.031183557778149407 4.3058415179726e-05 0.010999865683055443 0.00108413536417995 9148.339743844845 47.0 -16.400153740011593 1.201068147671581 1217.57 1278.52 11 74 "Minimization exited successfully."
2007ca 117 0.0035000000088477572 1228.1287870937053 0.005886292002724364 0.6176390388648905 0.3727194839476553 8.418020166120845e-05 0.012549391007155464 9.766366426679392e-06 0.012151941804343203 0.0012833290474878467 5735.840055921857 63.0 -14.83660328024871 0.9251814227186372 1217.65 1275.65 29 88 "Minimization exited successfully."
2007cg 45 0.010273750904544876 1228.5122578358632 0.0006373514438007766 0.5889588438904747 0.7971090017604294 0.0018248816575945946 0.1893028916028925 1.165496023540079e-05 0.05925488203468632 0.01124725639021218 176.45740169171933 31.0 -14.799446612591922 0.9092641319339627 1235.63 1259.59 0 45 "Minimization exited successfully."
2007hj 266 0.02090249792820069 1346.4337535047914 0.008746673257912358 -2.1302221310286127 0.22682826533768652 0.0004364363268526128 0.022376406600187693 2.0319493006745216e-05 0.006442460389487925 0.0021316503669012166 28106.34490789814 112.0 -19.170202989160884 1.5074775984574362 1348.76 1440.53 0 266 "Minimization exited successfully."
2007hx 65 0.08399999168630376 1354.672583254481 0.0003134698148608728 0.5385478607533667 0.18637014950120445 0.0007601823796197157 0.2229098092593631 2.173880504657854e-06 0.10707284888201096 0.0060139329375714645 254.9312733366578 45.0 -18.676786727976435 0.9472223111182814 1354.78 1411.73 0 65 "Minimization exited successfully."
2007if 114 0.08399999708577106 1355.4601424465325 0.0011007209335887004 0.6493323876344723 0.35302378982063654 9.24233854937423e-05 2.910992066063045e-06 3.5846462449361976e-06 0.0316588028442073 0.002793907828279707 4344.6374667604305 59.0 -20.045410007426675 0.9207499303013194 1355.77 1443.6 0 114 "Minimization exited successfully."
2007jd 70 0.0756777635548375 1361.4668125829778 0.00037564709389255606 -0.6399735909629909 0.16909294869923608 0.0027664336872340323 0.3001690540704658 4.452903256260698e-06 0.10683003142206049 0.008918298310581774 493.3810807332464 55.0 -18.6329414858338 1.1672996084834892 1362.83 1409.83 0 70 "Minimization exited successfully."
2007jg 113 0.019315909566017787 1366.9212821030812 0.0014680881873438774 -0.6082207660303771 0.1728684292466578 0.0009285534846329314 0.041630299987673425 3.7819766529681442e-06 0.03520680934687581 0.0028271572668462364 1816.1366579693263 78.0 -17.05795873016286 1.1606459167091145 1363.82 1425.78 25 88 "Minimization exited successfully."
2007jh 45 0.08399999415780754 1364.57638102602 0.0005852548927383627 -1.3089312617835103 0.312837758027263 0.001164890451228029 0.1546616235750662 3.401756652100774e-06 0.06726991154251283 0.005943525973279962 1096.3822354893275 38.0 -19.35694322248751 1.2975641974591738 1363.86 1413.8 6 39 "Minimization exited successfully."
2007le 242 0.0035000000010478936 1399.8693297100338 0.042054512839060254 0.29976015832240943 0.3247886522608818 3.933584956569594e-05 0.015951714377365533 6.8933171780413e-05 0.010153147437749865 0.0011316783378318984 5955.6648861829135 109.0 -16.96948506449406 0.982022460770029 1388.57 1470.55 43 199 "Minimization exited successfully."
2007mm 39 0.08399999984391723 1392.5210577421826 0.0001977653221509418 -3.304677073830777 0.40048213071823247 0.0001946988018885626 0.06279683157561067 1.4754531441410479e-06 0.07218044770514309 0.006886494489254491 1187.336094221749 34.0 -18.181529573564664 1.846113121094806 1385.72 1418.69 5 34 "Minimization exited successfully."
2007nq 174 0.05644583540478321 1398.4228181485216 0.0017440536755587795 -1.772918602795146 -0.0016304489125138488 0.0010020210226443227 0.05277589646073011 7.393996834043114e-06 0.02301512770096359 0.00324523860552145 1149.3397816804652 91.0 -19.63126393786762 1.4380484869842007 1397.65 1476.56 6 168 "Minimization exited successfully."
2007ol 31 0.060320959219218435 1413.3136663719476 0.0009425861057101526 -2.206465320121944 0.014670701778050965 0.0028488863206214445 0.10825468167922736 5.867872235459915e-06 0.20597071119151256 0.008110343620641447 383.12764326004105 26.0 -19.113270901759595 1.552935670222002 1409.79 1422.66 10 21 "Minimization exited successfully."
2007on 308 0.08192494437861025 1421.5139514096138 0.0875828777709276 -1.6444768779396126 -0.057167929603267 1.2391485057494656e-07 5.044261456532695e-06 0.00010100616005830759 0.006908297685116249 0.0008751326039415086 66493.72097602193 111.0 -24.731834068716886 1.410927699941663 1410.73 1508.61 34 274 "Covariance may not be accurate."
2007so 66 0.08399999970020715 1434.68000000228 0.002170929661563559 -1.1752843528153845 0.17306001252244707 7.723614507156029e-05 0.0011334286259625515 1.7065888956363517e-05 0.029072697750631038 0.004896310655573277 4494.516314783139 38.0 -20.77661822287433 1.2800518920406496 1449.68 1494.53 0 66 "Minimization exited successfully."
2007sr 259 0.004939008672349112 1458.6230612122304 0.06633165815877948 -0.5270375047735945 0.30335331912147456 2.1908366995039563e-07 3.376503627805505e-07 5.530627088658896e-05 0.007957945126032762 0.0005578693418791802 112083.4476021798 100.0 -18.21330063153133 1.1356570890850897 1454.84 1955.57 29 230 "Covariance may not be accurate."
2007st 118 0.05332103609925144 1453.4825201151245 0.008748442823861224 -1.4347260132935835 0.01697211985660707 0.001398889094399343 0.07808471418661611 6.0156980088231504e-05 0.01948736945026619 0.004614661997745295 2626.9987380569264 63.0 -21.25377883786191 1.3529549568338144 1458.66 1513.52 0 118 "Minimization exited successfully."
2007ux 151 0.032290459656083695 1463.6279983122831 0.0019260844520696736 -2.109998126617688 0.15114000993306442 0.0014883238301061207 0.05617558374433429 1.0279814341393554e-05 0.019541563777144555 0.004840504341647289 3804.2017436036535 73.0 -18.488809012104458 1.51061567840215 1466.82 1558.61 0 151 "Minimization exited successfully."
2008C 121 0.01681535597554389 1470.7392347833656 0.006191255729335943 -1.5259083916376035 0.2567943993331967 1.1859918609691267e-08 6.144590543044615e-07 2.1301185584144018e-05 0.031320293494363716 0.0030196018662784763 2808.0920130261425 56.0 -18.31682375910959 1.3522446353657465 1469.81 1552.5 12 109 "Minimization exited successfully."
2008J 81 0.08399999985273013 1469.5400000194632 0.007466975068721227 2.665181276936126 1.1397267693656161 7.4214395532623545e-06 0.0012576893635696251 3.192055403293233e-05 0.024564804131859574 0.0031595723317681124 64988.90641158053 51.0 -22.19208407240655 0.564878132818766 1484.54 1516.52 0 81 "Minimization exited successfully."
2008O 103 0.05327636463562086 1490.7396118859122 0.0007265332895131094 -1.8799409276909538 0.39415671489747117 0.0020485642902383742 0.07739355503929346 5.0190789163018115e-06 0.052615094722535005 0.0055205473203520095 1079.5718734652173 61.0 -18.558360773001986 1.424092242156945 1489.71 1571.48 11 92 "Minimization exited successfully."
2008R 107 0.027250018608887296 1492.4243852121108 0.011743943054527434 -2.102342614069952 0.09352375665503576 0.0004561655594278787 0.027120153910800582 2.365556056943552e-05 0.008437882622821968 0.0016617139085626231 16824.4266561585 63.0 -20.074119290825198 1.5149775375609131 1493.63 1532.52 0 107 "Minimization exited successfully."
2008ae 101 0.08399999993975192 1512.3136049897819 0.0005676045658652374 -1.5795390147022745 0.6969122963644891 3.85843904658692e-05 0.09926212787354416 5.128496405398797e-06 0.09385574432907218 0.00842958165977381 2765.6601191810373 32.0 -19.344290558489416 1.3219212827433644 1508.74 1602.52 9 92 "Minimization exited successfully."
2008ar 132 0.02385974554130125 1535.3380830544643 0.004843168683245461 -0.0914690416533066 0.06904524547010604 0.0007350702627116814 0.02084740357577175 1.3904833325140142e-05 0.017357406919399132 0.0026854569209802115 1587.9875638399585 83.0 -18.819095506583523 1.0665956200832802 1527.79 1627.59 11 121 "Minimization exited successfully."
2008bc 205 0.003500000278498193 1550.4228997541977 0.009105811129118624 0.562424568558022 0.20620876250288656 2.7616166270170864e-05 0.009254731630562674 1.0359432015071002e-05 0.009072565675056321 0.0009340852958692469 11118.371958749873 111.0 -15.305074643944343 0.9422050601667333 1541.67 1646.46 54 151 "Minimization exited successfully."
