analysis_pipeline/fit_results/csp_4_sn91bg_color_interpolation_red.ecsv
# %ECSV 0.9
# ---
# datatype:
# - {name: obj_id, datatype: string}
# - {name: num_points, datatype: int64}
# - {name: z, datatype: float64}
# - {name: t0, datatype: float64}
# - {name: x0, datatype: float64}
# - {name: x1, datatype: float64}
# - {name: c, datatype: float64}
# - {name: z_err, datatype: float64}
# - {name: t0_err, datatype: float64}
# - {name: x0_err, datatype: float64}
# - {name: x1_err, datatype: float64}
# - {name: c_err, datatype: float64}
# - {name: chi, datatype: float64}
# - {name: dof, datatype: float64}
# - {name: b_max, datatype: float64}
# - {name: delta_15, datatype: float64}
# - {name: tmin, datatype: float64}
# - {name: tmax, datatype: float64}
# - {name: pre_max, datatype: int64}
# - {name: post_max, datatype: int64}
# - {name: message, datatype: string}
# schema: astropy-2.0
obj_id num_points z t0 x0 x1 c z_err t0_err x0_err x1_err c_err chi dof b_max delta_15 tmin tmax pre_max post_max message
[from data line 54]
2006ob 38 0.0592 1048.169384046315 7.577272143066693e-15 0.6500002014904087 0.37004418679930595 0.0 20.065384874296 0.9313055479786165 0.3726710517181194 0.7330082921743915 11785.265978864098 30.0 -19.212606516149986 2.2623518754239456 1060.65 1121.57 0 38 "Covariance may not be accurate."
2006os 66 0.0328 1071.2775860175395 3.58046925441613e-15 0.6525149938565701 0.5147009707726701 0.0 15.139602601695742 0.0 2.1832752546968592e-06 3.767359638007228e-05 71455.52470034453 46.0 -16.769579617601913 2.2560508479166437 1063.65 1133.56 19 47 "Covariance may not be accurate. Covariance not positive definite. Covariance forced positive definite."
2006ot 75 0.0531 1085.0504835598758 8.326672684688674e-17 0.6500000001537222 0.28009573352525063 0.0 0.0004357566702992699 0.0 3.579578300438868e-10 0.08407265404144248 86492.26564680468 45.0 -14.228547429709621 2.2623504984723937 1063.72 1131.63 46 29 "Covariance may not be accurate."
2006py 14 0.0579 1054.6196333974149 6.078471059822732e-15 1.2292412178138017 0.37329620059844604 0.0 23.455350156862778 0.9223874105691955 0.4103194059438568 0.6743787448152359 8040.0019452080705 10.0 -18.916838140190617 1.47030024252496 1069.54 1091.54 0 14 "Covariance may not be accurate."
2007A 49 0.0177 1092.7571228213847 3.8719027983802334e-14 1.1290698019398802 0.03696579344549322 0.0 23.280251351209472 0.9223868919206568 0.3601098642159139 0.6858115920727477 27627.054902664055 14.0 -18.931930399392044 1.5464929799107505 1107.53 1133.53 0 49 "Covariance may not be accurate."
2007N 100 0.0129 1132.6382686336024 6.661338147750939e-15 0.991594851212233 0.44596654973959426 0.0 29.137720897110626 0.9223939470426079 0.43456217376333284 0.6967187982999326 69021.27605087687 48.0 -15.533738262981835 1.6816071864285185 1123.82 1213.67 33 67 "Covariance may not be accurate."
2007S 127 0.0139 1140.384713664865 3.530509218307998e-14 1.0347851485340334 0.08351382855043471 0.0 0.00018331282024064421 0.0 3.3116957782741707e-06 0.2325674569072958 78252.51197152784 38.0 -18.220220630084015 1.6356022061096311 1132.77 1246.54 22 105 "Covariance may not be accurate."
2007af 205 0.0055 1172.4001471476986 2.587097203132771e-13 1.1427693201406257 0.5024636383824874 0.0 0.01387045407216192 2.498001805406602e-16 0.0010100415163191157 0.0023815113932084686 124641.35473946384 63.0 -17.513461276782106 1.5348613322970266 1162.76 1257.72 51 154 "Minimization exited successfully."
2007ai 59 0.0317 1153.0505337567715 1.532107773982716e-14 0.9292438212872862 0.1200472499424649 0.0 0.0002922749397384905 0.0 3.285786956841452e-05 0.04128588045802009 20753.21953954322 39.0 -19.065899056876084 1.756516281009823 1167.88 1259.7 0 59 "Covariance may not be accurate."
2007al 72 0.0122 1174.9548064311791 9.242606680004428e-15 0.9825388986162701 0.2747669335330506 0.0 28.220355930768164 0.9223872330874301 0.4329551299822038 0.7395848285563855 14020.000404549839 32.0 -16.09041418086174 1.6917898572883772 1170.77 1246.58 15 57 "Covariance may not be accurate."
2007as 88 0.0176 1160.87465108905 1.0999534616473738e-13 0.6837438733316633 0.3062031971004536 0.0 6.46781217028547e-05 0.0 2.653845022460022e-06 0.053257788725604605 71920.1469288177 38.0 -19.531523006557524 2.1810524570783087 1175.59 1259.49 0 88 "Covariance may not be accurate."
2007ax 57 0.0069 1169.553662823743 7.227551890309769e-14 0.8958189417639167 0.5002365969104445 0.0 1.2839640248785145e-05 4.163336342344337e-17 1.1001921271402981e-05 0.3941198127911813 41287.49790338089 22.0 -16.62721913767209 1.8013513797153209 1184.55 1248.47 0 57 "Covariance may not be accurate. Covariance not positive definite. Covariance forced positive definite."
2007ba 68 0.0385 1204.3272222342998 3.497202527569243e-15 1.061796342184296 0.4730309966340558 0.0 29.574512013313665 0.9225337503296276 0.39143276418834955 0.7039202903051569 17941.21883667601 47.0 -17.189280477476625 1.6086428207782681 1190.83 1254.75 32 36 "Covariance may not be accurate."
2007bc 64 0.0208 1181.9366919636375 3.497202527569243e-14 1.117131988926209 0.00481471907528197 0.0 25.950770917977707 0.9223868589677215 0.3664036990306792 0.6429417041531945 45095.264051619 41.0 -19.22924029958893 1.5569411897217975 1196.65 1259.53 0 64 "Covariance may not be accurate."
2007bd 66 0.0309 1202.712311492759 7.494005416219807e-15 1.0945590944507195 0.036151460268498026 0.0 28.55203880382635 0.9280094377987548 0.4438272375090724 0.5306741493991075 22552.88058948504 43.0 -18.38190595600276 1.577423784430696 1197.53 1259.46 16 50 "Covariance may not be accurate."
2007bm 50 0.0062 1204.7145744613724 7.286671266371059e-13 0.7213891441903928 0.5195170207494925 0.0 0.056766609712781246 7.78543896018391e-15 0.0023813930727112353 0.012434226038387897 62200.30314775538 13.0 -18.871784152971316 2.097048326972242 1217.57 1278.52 0 50 "Covariance may not be accurate. Covariance not positive definite. Covariance forced positive definite."
2007ca 73 0.043750000000000004 1220.8889004104233 2.32314167902814e-14 1.2499711746386546 0.4970622083309241 0.0 0.0006606001345517143 4.163336342344337e-17 2.153336364463243e-05 3.7548056956188125e-05 147620.904483958 40.0 -19.473740550380995 1.4568117260339086 1217.65 1275.65 8 65 "Covariance may not be accurate."
2007cg 23 0.043750000000000004 1249.3001337411747 6.078471059822732e-15 0.650002231182347 0.5000266301734934 0.0 0.13662314428745503 4.163336342344337e-17 3.2196399332162784e-06 0.00014298414430169437 16487.884377905397 13.0 -18.010759237711056 2.2623508513202353 1235.63 1259.59 13 10 "Covariance may not be accurate. Covariance not positive definite. Covariance forced positive definite."
2007hj 173 0.043750000000000004 1333.923544343611 1.1540768340978502e-13 0.7403589299164198 0.5149284233171779 0.0 0.004836508346329538 4.163336342344337e-16 0.0013129531767556157 0.005494003383543777 437995.8858444018 100.0 -21.183131100510742 2.0575671803118905 1348.76 1440.53 0 173 "Covariance may not be accurate. Covariance not positive definite. Covariance forced positive definite."
2007hx 14 0.043750000000000004 1369.762966312021 8.326672684688674e-17 0.6500000000456334 0.040363757196651084 0.0 31.090788592779745 0.9816639399208975 0.39266316073998153 0.6884524314794713 7764.808344382076 8.0 -14.265125264712616 2.2623403390202483 1354.78 1411.73 8 6 "Covariance may not be accurate."
2007if 25 0.043750000000000004 1352.793273576056 5.495603971894525e-15 0.7977635270541042 0.49705707136539723 0.0 0.058691706307058666 0.0 1.3088368212288426e-05 2.472868523809013e-05 21449.717745414866 21.0 -17.90860256972167 1.9507691832289638 1357.77 1443.6 0 25 "Covariance may not be accurate."
2007jd 17 0.043750000000000004 1363.5794897202775 8.326672684688674e-17 0.6500353519503903 0.5003646287034046 0.0 0.33076956167587923 0.0 4.790196440063177e-07 6.691597781899317e-05 7265.901557995014 13.0 -13.351919575375035 2.262267507936741 1362.83 1409.83 1 16 "Covariance may not be accurate."
2007jg 56 0.043750000000000004 1370.2175773745287 2.581268532253489e-15 1.2240121450860242 0.0205153896212954 0.0 29.193786011665566 0.9498984935444472 0.41436871833379535 0.5651213523594888 30383.0218748989 43.0 -18.026237243592128 1.4737757208214717 1363.82 1425.78 15 41 "Covariance may not be accurate."
2007jh 20 0.043750000000000004 1369.3962458834203 2.831068712794149e-15 0.6501521945833322 0.2719571313115685 0.0 0.010047194222806866 0.0 4.5265042977638004e-05 0.0006848125670605998 6381.118244803091 15.0 -17.635122742859032 2.2619674421332583 1363.86 1413.8 5 15 "Covariance may not be accurate."
2007le 148 0.043750000000000004 1373.571692569568 9.070244555431373e-13 0.7678679389444206 0.5221720230949978 0.0 24.509604038062093 0.923236604686591 0.35843461874194754 0.7156447832148328 2542621.75219915 79.0 -23.40986722225755 2.00411148679952 1388.57 1470.55 0 148 "Covariance may not be accurate."
2007mm 17 0.043750000000000004 1372.4156199676613 2.248201624865942e-15 0.9106437198497083 0.36155932233409194 0.0 0.004767029234244546 0.0 0.0013842984445757711 6.489875484988472e-05 7209.263105515083 13.0 -17.228306249842525 1.7810866629457252 1385.72 1418.69 0 17 "Covariance may not be accurate."
2007nq 99 0.043750000000000004 1382.672352584938 1.9068080447937064e-14 0.7060474635065634 0.5140762205406718 0.0 0.0003532213535208939 0.0 0.0014281999315753913 6.317597388444396e-05 35702.43941853052 83.0 -19.22968279064203 2.1304571446483784 1397.65 1476.56 0 99 "Covariance may not be accurate."
2007ol 7 0.043750000000000004 1398.6213901422238 3.164135620181696e-15 1.242076993963935 0.26910276146675566 0.0 0.06335248387404135 0.0 0.0009619427290528115 0.0005428869023212102 364.7258103289831 3.0 -17.760518282629985 1.4618918531595817 1409.79 1422.66 0 7 "Covariance may not be accurate."
2007on 204 0.043750000000000004 1422.3341111039313 2.141620214501927e-13 1.0009708020956032 0.5808770165292212 0.0 29.46073847564719 0.9223895822975963 0.4361011878530835 0.7261885992335366 125865.57097128713 102.0 -21.742673113639903 1.6712781947448363 1410.73 1508.61 27 177 "Covariance may not be accurate."
2007so 39 0.043750000000000004 1447.6319067462034 9.409140133698202e-15 0.65000000414471 0.5001454231190133 0.0 0.1918551193938356 4.163336342344337e-17 1.2153238315715242e-07 2.6816935593587665e-05 36491.67961400058 25.0 -18.484961069175547 2.262356456078159 1449.68 1494.53 0 39 "Covariance may not be accurate. Covariance not positive definite. Covariance forced positive definite."
2007sr 156 0.043750000000000004 1441.4485141231157 5.295763827461997e-13 1.019728626005428 0.4801211453070166 0.0 0.015051972995365759 3.7470027081099033e-16 0.0006530858310365151 0.00042291837042227054 1685379.4244739134 86.0 -22.909183844822365 1.6512064677227603 1454.84 1955.57 0 156 "Covariance may not be accurate."
2007st 74 0.043750000000000004 1444.464481503664 5.945244296867713e-14 0.650000292657087 0.5000244981428054 0.0 0.12738905706237347 8.743006318923108e-16 4.347883112487683e-06 0.00022479486466611687 247161.30475205585 46.0 -20.486700974999664 2.2623557296366563 1458.66 1513.52 0 74 "Covariance may not be accurate. Covariance not positive definite. Covariance forced positive definite."
2007ux 88 0.043750000000000004 1480.6431434550186 3.497202527569243e-15 0.6518613849822575 0.5077652412107981 0.0 25.523623644903637 0.9400983991516367 0.36105302747704776 0.7194392474447914 57435.35698360312 50.0 -17.398317294600304 2.2576851215878335 1466.82 1554.65 33 55 "Covariance may not be accurate."
2008C 73 0.043750000000000004 1454.8107548042337 1.111610803405938e-13 0.6653274908520052 0.9742778462159218 0.0 1.020057788991835e-05 0.0 6.25653698027584e-06 0.004806400637024477 83914.15241484382 43.0 -20.249803949280622 2.2245948546184984 1469.81 1552.5 0 73 "Covariance may not be accurate."
2008J 43 0.043750000000000004 1469.5930479615445 4.8128168117500536e-14 1.2499819995396486 0.16769353075182197 0.0 6.823307745268721 4.288236432614667e-15 0.09023405008041463 0.2726128008678241 154944.51339128148 25.0 -20.932821915924137 1.4567959908177084 1484.54 1516.52 0 43 "Covariance may not be accurate."
2008O 53 0.043750000000000004 1503.346302076863 5.995204332975845e-15 0.6500000179812779 0.4992709186993214 0.0 0.022892868155736323 0.0 1.0399920734482926e-05 0.00021075781492657653 66919.51833394117 34.0 -17.997625529150945 2.262356391147211 1489.71 1546.54 27 26 "Covariance may not be accurate."
2008R 64 0.043750000000000004 1481.3402318473254 1.2298495555285172e-13 0.6719116854272086 0.5176694009021262 0.0 0.040598651266009256 8.326672684688674e-16 0.00135054246343147 0.008957697281274657 258103.8583662689 37.0 -21.247752450497405 2.208825514196871 1493.63 1532.52 0 64 "Covariance may not be accurate. Covariance not positive definite. Covariance forced positive definite."
2008ae 71 0.043750000000000004 1494.0762791554819 7.743805596760467e-15 1.147533341762439 0.4581806932151314 0.0 22.983156378404487 0.9223881508715004 0.44040031382778666 0.700019118651296 11301.371901166836 31.0 -18.372420796311282 1.5308994595448588 1511.74 1602.52 0 71 "Covariance may not be accurate."
2008ar 70 0.043750000000000004 1529.000577038972 1.5237811012980274e-14 0.6910378299041251 0.5046878155624135 0.0 27.975168560712405 1.114078418375276 0.3042002383895594 0.7521586080047628 191457.1328043813 52.0 -19.001213161217834 2.1642698585298206 1527.79 1627.59 7 63 "Covariance may not be accurate."
2008bc 101 0.043750000000000004 1526.6712982177596 1.0366707492437399e-13 0.6678070138372627 0.3633561211723294 0.0 24.89860510100698 0.9300592395374043 0.411238776024318 0.6709521700419581 301812.81864256464 58.0 -21.38443840572376 2.218625218044277 1542.56 1646.46 0 101 "Covariance may not be accurate."
2008bd 35 0.043750000000000004 1526.700762961936 9.992007221626409e-15 0.7148571463521574 0.5000303698145029 0.0 0.0002340010159969097 4.163336342344337e-17 0.00307002340171858 0.015241501035131388 2003.2612627981002 29.0 -18.550399470999583 2.1111190755198805 1541.7 1607.65 0 35 "Covariance may not be accurate. Covariance not positive definite. Covariance forced positive definite."
2008bf 83 0.043750000000000004 1554.9074669456095 2.2065682614424986e-14 0.7542087204743038 0.4908308073380364 0.0 27.595315108647128 0.9715369187330463 0.4615313466671121 0.7253604654309261 235923.22638026794 64.0 -19.433035157608643 2.0300978179314804 1546.79 1646.49 27 56 "Covariance may not be accurate."
2008bi 48 0.043750000000000004 1552.5988160747393 8.576472865229334e-15 0.7164313787613151 0.518453897513889 0.0 0.06452840566157647 0.0 2.1511056109646542e-05 4.979845714858655e-05 4131.186382798836 36.0 -18.355125501720238 2.1077066180147384 1551.52 1628.47 2 46 "Covariance may not be accurate."
2008bq 50 0.043750000000000004 1547.656125610767 1.2406742300186124e-14 1.0904972164744133 0.02641887780751978 0.0 25.641148750629213 0.922387890456349 0.4438163627346262 0.541376034913053 71410.83923585212 36.0 -19.721173018194303 1.5812033130421774 1562.49 1606.46 0 50 "Covariance may not be accurate."
2008bt 35 0.043750000000000004 1577.552620382387 1.2989609388114332e-14 0.6500000001752131 0.018046544330758973 0.0 0.00033380769298219093 4.163336342344337e-17 1.1948736444722385e-10 0.07127207521014506 60405.328383847125 29.0 -19.78464467425167 2.2623396670949028 1571.61 1651.47 6 29 "Covariance may not be accurate."
2008bz 26 0.043750000000000004 1565.7210777797873 1.0075273948473296e-14 0.7861170333305696 0.5002078656829667 0.0 0.00017141715886737074 4.163336342344337e-17 0.0042440420214011065 0.0006493800529275007 20691.808069263723 22.0 -18.559130216399105 1.970998450134708 1580.72 1651.52 0 26 "Covariance may not be accurate. Covariance not positive definite. Covariance forced positive definite."
2008cc 86 0.043750000000000004 1567.9468665257098 7.91033905045424e-14 1.1993386735807303 0.1966289276035093 0.0 25.853252353432026 0.9399558705227206 0.43570058084558855 0.7369507777142327 113932.32530226599 57.0 -21.41035392921468 1.4908776528541523 1582.86 1654.86 0 86 "Covariance may not be accurate."
2008cd 9 0.043750000000000004 1572.7527486672298 2.2565282975506307e-14 1.186459213297883 0.934565825687603 0.0 14.937916980098066 0.9590345322362297 0.4486844882478302 0.7039285528935371 104.33038352483831 5.0 -18.607490476319406 1.5003041913817867 1587.74 1595.73 0 9 "Covariance may not be accurate."
2008cf 51 0.043750000000000004 1618.264097138159 2.6645352591003757e-15 1.179812004368742 0.511173238102873 0.0 35.23914945791876 1.1997125147919778 0.3283116657571014 0.751626497272873 74357.56502088149 29.0 -17.097626638589734 1.5053054585489 1595.77 1654.65 29 22 "Covariance may not be accurate."
