analysis_pipeline/fit_results/csp_4_salt2_2.4_blue.ecsv
# %ECSV 0.9
# ---
# datatype:
# - {name: obj_id, datatype: string}
# - {name: num_points, datatype: int64}
# - {name: z, datatype: float64}
# - {name: t0, datatype: float64}
# - {name: x0, datatype: float64}
# - {name: x1, datatype: float64}
# - {name: c, datatype: float64}
# - {name: z_err, datatype: float64}
# - {name: t0_err, datatype: float64}
# - {name: x0_err, datatype: float64}
# - {name: x1_err, datatype: float64}
# - {name: c_err, datatype: float64}
# - {name: chi, datatype: float64}
# - {name: dof, datatype: float64}
# - {name: b_max, datatype: float64}
# - {name: delta_15, datatype: float64}
# - {name: tmin, datatype: float64}
# - {name: tmax, datatype: float64}
# - {name: pre_max, datatype: int64}
# - {name: post_max, datatype: int64}
# - {name: message, datatype: string}
# schema: astropy-2.0
obj_id num_points z t0 x0 x1 c z_err t0_err x0_err x1_err c_err chi dof b_max delta_15 tmin tmax pre_max post_max message
[from data line 106]
2008fr 68 0.0397 1741.575520510884 0.0018449987899443077 -0.7826798435818905 0.22360241669849668 0.0 1.1128342293886817e-05 6.070902441768287e-06 0.024152271481872933 0.0050085948909237565 4836.036299131273 55.0 -18.904727253539434 1.1924706627131876 1740.72 1807.57 4 64 "Covariance may not be accurate."
2008fu 45 0.052 1733.7085526638416 0.0013346794124635436 -1.6321617019918975 -0.04854316317229834 0.0 0.19983288787977926 2.6909429574258092e-05 0.04834579806467132 0.014075414819705645 218.2751470976082 37.0 -19.155800208271934 1.407032148671476 1740.75 1817.67 0 45 "Minimization exited successfully."
2008fw 92 0.0085 1736.44550487976 0.023218735789595296 0.29453831939106667 0.26849989729420987 0.0 2.1236489146758686e-05 4.9748651986265824e-05 0.012298963573441846 0.0019091673684241695 11003.720688242329 49.0 -18.25795932841364 0.9858077920805641 1740.89 1827.81 0 92 "Covariance may not be accurate."
2008gg 96 0.032 1752.0903524987461 0.003456300339045537 0.2488487575052778 0.24281047035525272 0.0 9.451043410990678e-06 7.831034325440954e-06 0.017656521026536254 0.0027451306402551667 3500.0507272143464 74.0 -19.10670825931293 0.9951835960730406 1753.63 1827.57 0 96 "Covariance may not be accurate."
2008gl 79 0.034 1768.890491882869 0.002946682355566627 -1.3747533640340146 0.07045424406620504 0.0 1.9170275209035026e-05 4.727854095604297e-06 0.015383875299541883 0.002579110667386142 1949.9316830597454 65.0 -19.064573288229067 1.334122298938766 1765.7 1844.55 12 67 "Covariance may not be accurate."
2008go 24 0.0623 1766.6622471509806 0.0009001216357088754 -1.0039466806511403 0.18834206253546104 0.0 0.12325952214814606 2.780710983875368e-06 0.16779841989409516 0.0052662292448885095 670.088567936855 20.0 -19.13887820242209 1.24152959174425 1765.61 1776.58 8 16 "Minimization exited successfully."
2008gp 73 0.0334 1779.745504817215 0.0032025958027711854 -0.11241710195817944 0.023081807679415034 0.0 0.013226441109736697 6.929017817283592e-06 0.0161880078456762 0.0026712458959625707 2647.444466726088 69.0 -19.115771513840194 1.0730943362679355 1768.75 1814.69 14 59 "Minimization exited successfully."
2008ha 50 0.0046 1780.598979541634 0.001080185925854621 -3.238195764468051 0.35694624092796756 0.0 0.09560238646338348 9.580400980448091e-06 0.04554840439371932 0.009252246101397077 1378.8573431141049 46.0 -13.588525356052102 1.8304544649211003 1781.55 1810.55 0 50 "Minimization exited successfully."
2008hj 62 0.0379 1802.4422287932812 0.002933003524928482 0.21213893940064388 0.07526454192508503 0.0 0.020994698562390113 5.398473918029377e-06 0.025065140719666257 0.002552766360916059 2131.024513117582 58.0 -19.302559818294682 1.0102137323868163 1795.56 1834.55 16 46 "Minimization exited successfully."
2008hu 45 0.0497 1807.0205036989457 0.0008746468300263378 -1.9249182824436706 0.12042800028738543 0.0 0.08527513084197835 4.354089829536312e-06 0.04081155639822209 0.006731847917350042 533.2291314052765 41.0 -18.595699347166867 1.464563589398125 1806.76 1840.68 4 41 "Minimization exited successfully."
2008hv 93 0.0126 1817.5943976838532 0.019976653795383804 -1.2084402185956131 -0.05608191639761129 0.0 0.006070778072967187 3.5777623206719594e-05 0.00897092497831764 0.0018724706247779666 6678.398135168831 74.0 -18.951630154708923 1.306303157414611 1806.79 1884.68 19 74 "Minimization exited successfully."
2008ia 57 0.0219 1813.4196394914416 0.0036335124631396267 -1.101138056174542 0.13854069261108148 0.0 0.03370617539599152 7.973522510722284e-06 0.02441927445706682 0.003009095052547206 1637.4968211423507 53.0 -18.31798692839934 1.2665589864719458 1809.77 1858.76 7 50 "Minimization exited successfully."
2009D 83 0.025 1841.8477808764785 0.007247986957212682 0.587276024774317 0.0900854101247257 0.0 0.01596392389853918 9.099551713531457e-06 0.014801180972134453 0.0015822642155342015 4408.941855146182 79.0 -19.36073690974832 0.943066244867083 1834.67 1884.53 24 59 "Minimization exited successfully."
2009F 57 0.013 1842.041914759739 0.0018622048125761183 -3.350909770081798 0.6213502153275263 0.0 0.019556141189241316 5.34638358796048e-06 0.025807752374975568 0.004340071220453878 11530.617748908764 53.0 -16.463609841487813 1.8199563345689675 1837.75 1884.63 20 37 "Minimization exited successfully."
2009I 18 0.0262 1852.596339933804 0.0007559071252771527 1.515801473561158 0.7899783297419436 0.0 0.11419413849580451 5.0072592149078e-06 0.13593868496846184 0.010235738506831571 271.0220314739931 14.0 -17.04445070727004 0.7639052975526894 1848.58 1867.58 4 14 "Minimization exited successfully."
2009J 23 0.0158 1837.7771910635954 0.0011377375997380008 -2.1306879331767634 -0.25557329091580316 0.0 0.3441783503700435 5.0670129018721977e-05 0.0652130305615739 0.026640300754873558 168.0708810443922 19.0 -16.33978189112853 1.5619297405306227 1848.7 1867.68 0 23 "Minimization exited successfully."
2009P 53 0.0251 1867.9283986543585 0.002290394897745815 1.9004759319925038 0.45007972850743805 0.0 0.1524841983848546 1.1547682060676807e-05 0.08309188330683392 0.005496822151300429 971.1551049292216 45.0 -18.13083280174488 0.7142565718221014 1867.74 1931.61 4 49 "Minimization exited successfully."
2009Y 116 0.0094 1878.3400518467063 0.0313447427853109 0.04863396766883632 0.23598669811183548 0.0 5.610422135760018e-06 3.959909727019664e-05 0.0106937395866189 0.001104104597233313 22535.80838268522 75.0 -18.8027814719987 1.0314715767236002 1869.84 1976.65 18 98 "Covariance may not be accurate."
2009aa 82 0.0273 1878.866953214797 0.0046811834160365605 -0.5271262485941604 -0.04189639734812678 0.0 0.01156277977679565 7.3481905934068455e-06 0.01581307247940167 0.00195550607386924 3983.6582838589125 72.0 -19.079810507176372 1.158342028562057 1869.68 1938.65 28 54 "Minimization exited successfully."
2009ab 40 0.0112 1883.7840224724662 0.01141631776247775 -0.8764031990396015 0.17378506659362536 0.0 0.012345687637662195 2.1205676520159172e-05 0.013537814861045216 0.002634014430821119 4222.312573405408 36.0 -18.087754232262878 1.2156204952958234 1874.57 1911.51 16 24 "Minimization exited successfully."
2009ad 48 0.0284 1887.1199300148983 0.004198314359075961 0.3569204253768916 0.010671322993148102 0.0 0.01570853558712315 7.1271511162414834e-06 0.018369661433686346 0.0024248224112384253 4225.395318503783 44.0 -19.04970924329764 0.9872353521284438 1878.6 1915.45 20 28 "Minimization exited successfully."
2009ag 72 0.0086 1890.0586670623716 0.01084291404306318 -0.3885963218762196 0.4323078932571054 0.0 0.034736253698042674 2.520255032264357e-05 0.014954959944907475 0.0020750245462185513 4200.824078704433 68.0 -17.462490021271293 1.1003975318335169 1888.59 1937.5 4 68 "Minimization exited successfully."
2009al 55 0.0221 1896.465422221703 0.005274171738434097 0.17326764790917437 0.16787095750018577 0.0 1.993765067709319e-06 1.885745974972283e-05 0.024787346277600708 0.004357948064007244 1418.1224575682052 51.0 -18.743841930576103 1.0125456720315817 1897.7 1947.57 0 55 "Covariance may not be accurate."
2009cz 32 0.0211 1943.8843612502437 0.0080493933590673 0.6871902642507388 0.0953019101748156 0.0 0.025561656659533583 2.022199453862849e-05 0.029022132104408183 0.00322520376351787 1642.3003215793156 28.0 -19.10002081708607 0.9255925299871546 1937.53 1966.46 12 20 "Minimization exited successfully."
2009dc 40 0.0214 1947.9056095014428 0.012959146327538718 2.7744892110611596 0.10979482289694942 0.0 0.0426154286902829 3.107284296500947e-05 0.03500061638575502 0.0028787332672486343 4744.923652179081 36.0 -19.65195079113306 0.5710865866711714 1942.81 1976.68 12 28 "Minimization exited successfully."
2009ds 36 0.0193 1962.302555787431 0.009324525180651216 1.6835319886940265 0.16670885057864915 0.0 0.04377595492655928 2.347758190118787e-05 0.05245578736899725 0.0035223880184671597 1642.8455226530696 32.0 -19.065177454562633 0.75779880991848 1956.68 1976.62 12 24 "Minimization exited successfully."
2009le 36 0.0178 2168.7298672299285 0.011081618966482094 3.189822633328392 0.203480229707365 0.0 0.037224714981448415 2.652226996767513e-05 0.057982378566835635 0.002677554871744814 2472.2787548778037 32.0 -19.08002335509395 0.47570589639096816 2155.62 2169.58 32 4 "Minimization exited successfully."
2010ae 5 0.0037 2280.3244888663007 0.00026050691289025707 4.9999993554975894 0.4816989337345645 0.0 0.8914005871718018 2.7180361607134773e-05 1.4492047464117679 0.14499662205569608 71.42968108510738 1.0 -11.63363936126401 0.19095078044858482 2271.53 2305.53 2 3 "Minimization exited successfully."
