analysis_pipeline/fit_results/csp_4_sn91bg_color_interpolation_all.ecsv
# %ECSV 0.9
# ---
# datatype:
# - {name: obj_id, datatype: string}
# - {name: num_points, datatype: int64}
# - {name: z, datatype: float64}
# - {name: t0, datatype: float64}
# - {name: x0, datatype: float64}
# - {name: x1, datatype: float64}
# - {name: c, datatype: float64}
# - {name: z_err, datatype: float64}
# - {name: t0_err, datatype: float64}
# - {name: x0_err, datatype: float64}
# - {name: x1_err, datatype: float64}
# - {name: c_err, datatype: float64}
# - {name: chi, datatype: float64}
# - {name: dof, datatype: float64}
# - {name: b_max, datatype: float64}
# - {name: delta_15, datatype: float64}
# - {name: tmin, datatype: float64}
# - {name: tmax, datatype: float64}
# - {name: pre_max, datatype: int64}
# - {name: post_max, datatype: int64}
# - {name: message, datatype: string}
# schema: astropy-2.0
obj_id num_points z t0 x0 x1 c z_err t0_err x0_err x1_err c_err chi dof b_max delta_15 tmin tmax pre_max post_max message
2004dt 269 0.0197 234.79116874526864 1.2548295735825832e-13 0.724300675117879 0.5255992282054891 0.0 24.50578315047244 0.9223871333750429 0.33127509863834004 0.7159765810546364 663029.1312472264 265.0 -19.484975254349084 2.0908530643979866 249.79 365.62 0 269 "Covariance may not be accurate."
2004ef 278 0.031 266.730769029137 1.2490009027033011e-14 1.1914525073401414 0.4754894303333901 0.0 29.410691461280948 0.922407934374015 0.4304183471346944 0.7044812281572194 1023539.5539851489 263.0 -18.082994156907798 1.4966115845871109 255.69 329.57 71 207 "Covariance may not be accurate."
2004eo 269 0.0157 278.3104643446661 3.164135620181696e-14 1.2418500933022911 0.03197329191997822 0.0 29.47564547022293 0.9223868826834951 0.3378607906544537 0.5335559891606974 675372.4712539428 232.0 -18.457338534355145 1.4620304539522753 266.52 341.54 90 179 "Covariance may not be accurate."
2004ey 213 0.0158 274.5498988743898 2.8785307470968746e-13 0.6651390477473459 0.0713731707347206 0.0 6.511161848266056e-05 0.0 1.460746946180258e-07 0.0004811113226935726 1241132.5289521385 181.0 -20.801477462381293 2.2250384141412383 295.53 358.55 0 213 "Covariance may not be accurate."
2004gc 134 0.0321 321.9270318024619 1.3822276656583199e-14 0.8961181615004692 0.395580388474857 0.0 23.46358665589159 0.92238689030716 0.41178350501897176 0.6817285017638999 183794.33796221015 130.0 -18.443114564811406 1.8009340794571251 329.83 397.66 0 134 "Covariance may not be accurate."
2004gs 299 0.0267 338.2021039977994 3.3306690738754696e-14 0.6811635517083134 0.500029476045571 0.0 0.6620473084286118 0.0 4.3804204419573e-05 8.569283828241403e-05 299657.95246056654 273.0 -18.75764528380224 2.1870542702023954 352.85 461.56 0 299 "Covariance may not be accurate."
2004gu 156 0.0459 342.867954415042 1.0158540675320182e-14 1.1695681042581962 3.1264937777608637e-07 0.0 3.389340378134875e-06 0.0 1.2232355629526737e-06 1.1866290136802737e-05 153235.7703302077 147.0 -19.654142265827545 1.513177758667556 357.86 410.84 0 156 "Covariance may not be accurate."
2005A 182 0.0191 361.69255825913143 2.731148640577885e-14 0.9541282451925408 0.4003640566335067 0.0 24.038553130448406 0.922386869076432 0.4252599034813536 0.6832475521755206 109137.83100732461 149.0 -18.02422486488204 1.7252435588498827 376.65 433.53 0 182 "Covariance may not be accurate."
2005M 381 0.022 381.9202673566204 7.427392034742297e-14 0.6940678670134799 3.847505614495983e-06 0.0 5.702897476567159e-05 4.163336342344337e-17 3.6566349487232586e-06 4.5668178523528e-06 868816.6993298936 336.0 -20.178412523174106 2.157347615952201 396.77 480.51 0 381 "Covariance may not be accurate."
2005W 117 0.0089 429.50999905610934 7.877032359715486e-14 0.6500418917868043 0.5387627657609481 0.0 2.133007512838958e-07 0.0 1.680446582441597e-07 0.004571738111350254 1445180.4848183386 113.0 -17.21425842025094 2.2622511846988225 404.54 429.51 112 5 "Covariance may not be accurate."
2005ag 208 0.0797 426.36522577664505 8.326672684688674e-17 1.1069373586475457 0.12746207924735886 0.0 29.798621855540915 0.930961097472895 0.37152799415928933 0.5546835491003732 487902.6765977276 200.0 -15.467140079986521 1.5660816211366182 412.82 480.84 69 139 "Covariance may not be accurate."
2005al 238 0.0124 429.8299139727677 5.2458037913538647e-14 1.221703629536402 0.3200973405142408 0.0 27.021874804181437 0.9223868328222824 0.3089377714346417 0.6549285075340678 490515.2334553379 214.0 -17.934398160382578 1.4753372677676406 429.76 512.79 6 232 "Covariance may not be accurate."
2005am 203 0.0079 420.3601814669258 7.419898029326077e-13 0.6834839378080847 0.4336983882623237 0.0 20.321931469570217 0.9223865069790779 0.30331120450558685 0.6932708112159592 600115.7836925045 186.0 -19.604288415049208 2.1816580291410848 432.58 512.46 0 203 "Covariance may not be accurate."
2005be 68 0.035 469.5390086176763 2.914335439641036e-15 1.1452014067931269 0.03610846016298369 0.0 28.176069148230738 0.9223869788520771 0.44071534572853804 0.5281327958343272 109776.9551602113 64.0 -17.633752028057387 1.53282021136571 467.89 491.77 12 56 "Covariance may not be accurate."
2005bg 95 0.0231 456.65974134558667 3.555489236362064e-14 1.2085317458077662 0.017775003037987513 0.0 9.334818741990603e-06 0.0 2.2654804314736765e-06 0.0020869526321279364 416818.5155979628 91.0 -19.457974558204043 1.4843611941043786 471.65 512.61 0 95 "Covariance may not be accurate."
2005bl 64 0.0241 485.25538152994346 7.494005416219807e-15 0.7163380634916664 0.5000145930528276 0.0 0.0025414026036401083 0.0 0.011164195875674354 2.7045640139611304e-05 73262.06641118448 60.0 -16.91138245051933 2.1079085018675983 476.61 512.57 45 19 "Covariance may not be accurate."
2005bo 54 0.0139 482.372800770018 2.8310687127941492e-14 0.6721886196413613 0.010882380279253812 0.0 28.078197253316546 0.922387119324023 0.31621698025916106 0.568772211236632 49575.446506684064 50.0 -18.10343605838282 2.208151338071932 478.75 512.76 24 30 "Covariance may not be accurate."
2005el 236 0.0149 642.8591467708242 4.0217829067046296e-14 1.2499529408550631 0.27559481717033446 0.0 27.904431071126567 0.9223868475152901 0.37117954753972676 0.6364110587515217 469062.69873223815 139.0 -18.124265977823967 1.456818822044406 639.89 730.75 16 220 "Covariance may not be accurate."
2005eq 211 0.029 649.1381216878187 4.658999041978751e-05 0.8770813122349834 0.11123880481368353 0.0 20.0 0.75 0.3 0.5 7.226661023094212e+24 150.0 -42.59236670430681 1.827739910581057 647.8 751.66 3 208 "Minimization exited successfully."
2005gj 227 0.0616 713.8402498050411 9.242606680004428e-15 0.6758183907746297 0.20822713906005041 0.0 8.575189906423475e-05 0.0 5.949844239516722e-07 0.05552780866082774 431475.1792491387 140.0 -19.82470389230413 2.1995706532583412 698.7 1016.76 48 179 "Covariance may not be accurate."
2005hc 163 0.0459 677.7392903099059 4.746203430272544e-15 0.6513285265272455 3.5033627665548295e-09 0.0 3.812314048445842e-05 0.0 6.242119088284426e-08 7.22711068318338e-06 623836.659774796 120.0 -18.827930184553995 2.25900253274974 661.67 755.61 74 89 "Covariance may not be accurate."
2005hj 102 0.0574 656.6701258404642 1.9317880628477724e-14 0.6500004185952027 0.4938557464257117 0.0 0.0002678651790120057 0.0 2.6182139234443014e-09 2.5581073969660473e-06 130142.9095790539 78.0 -19.89259161780383 2.2623551659043457 671.67 761.57 0 102 "Covariance may not be accurate."
2005hk 245 0.013 661.6782088313458 1.476319066995302e-13 0.6552719016236339 0.5000212927418171 0.0 2.3326162704506714e-05 4.163336342344337e-17 1.7760867820904025e-07 0.28743456038249104 1246460.4404956363 141.0 -18.7887507608462 2.249190836891488 675.61 761.54 0 245 "Covariance may not be accurate. Covariance not positive definite. Covariance forced positive definite."
2005iq 154 0.034 686.2386280753637 5.495603971894525e-15 1.2473218681473437 0.06443546780999632 0.0 0.0024160198771028263 0.0 0.0006755127443849318 0.00029740573014672145 210175.52284878035 105.0 -18.2097424671821 1.4584998595237408 682.55 755.55 24 130 "Covariance may not be accurate."
2005ir 65 0.0763 689.6031006687223 3.247402347028583e-15 0.6500207089940455 0.18597621245819812 0.0 28.829072873642588 0.9223874846032574 0.36746728941110834 0.7358811518660021 75387.91426750188 61.0 -19.225555229508874 2.262294070630979 682.62 740.53 23 42 "Covariance may not be accurate."
2005kc 125 0.0151 696.1585888343183 2.6978419498391304e-14 1.1793460316423063 0.4511584900166833 0.0 29.25904034708566 0.9293602743181217 0.4340818741842995 0.7005810740849121 119186.50023788433 69.0 -17.386500537198792 1.5056579726433625 687.52 728.54 47 78 "Covariance may not be accurate."
2005ke 367 0.0049 696.1914050712957 1.237343560944737e-13 0.9107960449181289 0.511240015581369 0.0 0.006739045915935549 4.996003610813204e-16 0.0018557085857349165 0.004017583083838483 330546.25811108906 227.0 -16.446844985907916 1.7808848902797916 689.69 819.51 42 325 "Covariance may not be accurate. Covariance not positive definite. Covariance forced positive definite."
2005ki 310 0.0192 683.9950719378854 3.70536934468646e-14 0.9331906159441665 0.5114319497331257 0.0 0.08495535786232722 1.249000902703301e-16 0.0029904819577666886 0.0037356299115712255 925671.9318014082 250.0 -18.12686939743098 1.751443323933625 695.86 861.5 0 310 "Covariance may not be accurate. Covariance not positive definite. Covariance forced positive definite."
2005ku 37 0.0454 721.002760193618 3.247402347028583e-15 1.2417836384660181 0.49978735452557316 0.0 29.717571135970104 0.9600477350842134 0.33772824406610596 0.7244554689527298 74580.40415970949 30.0 -17.413707071424838 1.462086697418279 699.56 739.53 31 6 "Covariance may not be accurate."
2005lu 88 0.032 704.7051747376263 7.494005416219807e-15 1.2499649487745335 0.22868164201331526 0.0 0.000425570626418903 0.0 0.0923393497738978 0.0002401468923219352 55257.00932601887 79.0 -18.080519935178426 1.4568096522151741 719.66 799.52 0 88 "Covariance may not be accurate."
2005mc 83 0.0252 722.4676395472387 2.1316282072803006e-14 0.8671491309681528 0.49933440106481153 0.0 22.269386587265785 0.9224110268871876 0.44036371141499364 0.7102250256417837 92356.9868065237 79.0 -18.146769377455712 1.8420791206390206 736.79 773.62 0 83 "Covariance may not be accurate."
2005na 170 0.0263 743.9969295419025 1.6153745008296028e-14 0.9852331328970152 0.41146115232840325 0.0 28.479799787390903 0.9223869033148077 0.4172489253008664 0.6866928372095961 396407.0274633115 146.0 -18.137944097889257 1.6887395974478103 738.71 834.54 18 152 "Covariance may not be accurate."
2006D 298 0.0085 743.6073145434771 2.6545432518787493e-13 0.7155255078093997 0.5154037001588068 0.0 0.009661773685195385 4.163336342344337e-17 0.37017795099586104 0.00029546868140062355 1286135.4665826722 230.0 -18.47109786715277 2.109668643396043 751.84 891.61 0 298 "Covariance may not be accurate. Covariance not positive definite. Covariance forced positive definite."
2006X 312 0.0052 782.0561508557548 1.3264389586709058e-13 1.1963160385156644 0.5168450034047499 0.0 0.0007851476156588433 1.249000902703301e-16 0.00043774942656515936 5.907899828033747e-05 844355.9247598517 203.0 -16.64286960578132 1.493064999890228 775.68 906.46 26 286 "Covariance may not be accurate."
2006ax 236 0.0167 822.1717017255097 3.6387559632089506e-14 1.2498277826626012 0.4589101425408447 0.0 0.0010265612234547916 4.163336342344337e-17 4.790954824296367e-05 0.00010791709322532927 775564.4678876108 137.0 -17.91532610995252 1.4569025184751716 815.64 891.5 32 204 "Covariance may not be accurate."
2006bd 52 0.0257 816.6592448171015 3.164135620181696e-15 1.097334597625748 0.3562390574881774 0.0 33.60357940705347 4.163336342344337e-17 0.0051287344427404236 0.008364612611448996 10394.30438979165 33.0 -16.42482343384337 1.574866811175621 822.75 872.57 0 52 "Covariance may not be accurate."
2006bh 175 0.0109 816.9793031942219 3.335665077486283e-13 0.6922752985734826 0.4169898139483958 0.0 20.393885346773118 0.9223880955619039 0.4238423250773784 0.6883690224782144 623537.0256945045 110.0 -19.475588140236464 2.1614421014570873 829.91 891.79 0 175 "Covariance may not be accurate."
2006br 64 0.0246 840.8945112117157 5.828670879282072e-15 1.1540484249915384 0.41031855483541335 0.0 25.82792724830705 0.9223873236859289 0.439428048428336 0.6863432550490562 6760.968031262539 39.0 -16.885636427847835 1.5255572987373824 855.66 891.66 0 64 "Covariance may not be accurate."
2006bt 88 0.0322 842.9868845567618 2.173261570703744e-14 0.9175795717553472 0.5102207607284868 0.0 21.54822238716497 0.9231648348437288 0.41819414760554297 0.7130157472313822 262250.6548799806 57.0 -18.693630809055737 1.771815833218053 853.76 891.71 0 88 "Covariance may not be accurate."
2006dd 217 0.0059 920.771411545221 2.2881696537524476e-13 0.7314533227727578 0.08217448003638733 0.0 29.579825030552172 0.9223869152472179 0.43670181990560036 0.5195099242817243 937813.6136049638 212.0 -18.37748942786441 2.075825947152916 906.94 1147.57 1 216 "Covariance may not be accurate."
2006ef 56 0.0179 985.5524009968101 1.6153745008296028e-14 1.2497794739421106 0.5142685804983399 0.0 0.020977554762168893 1.249000902703301e-16 0.00034945329632096733 0.021687857059731364 147625.8970437113 52.0 -17.066522924248723 1.4569346804607228 979.9 1040.71 12 44 "Covariance may not be accurate. Covariance not positive definite. Covariance forced positive definite."
2006ej 64 0.0205 964.740572205509 4.796163466380676e-14 0.8607670947546576 0.15235968246225445 0.0 24.533280197794284 0.9223900182772866 0.44101911858105425 0.5712945947642019 68051.95656885006 50.0 -19.276560689071097 1.85140625471435 979.74 1046.74 0 64 "Covariance may not be accurate."
2006eq 98 0.0495 968.6425156432299 7.41073868937292e-15 0.7539263821435404 0.6246362699974096 0.0 0.00710146649203125 0.0 0.0003573040669479499 0.0009828255257938734 18818.02819525342 66.0 -18.286735350475176 2.030646833716247 980.56 1029.51 0 98 "Covariance may not be accurate."
2006et 236 0.0226 967.6321057693315 9.559020242022598e-14 0.6523795807526096 0.006722918306228398 0.0 24.474405489729577 0.9223871101721735 0.3525420557069901 0.5789998037621631 465472.3378351971 131.0 -20.50113950276568 2.256372154081655 982.63 1099.54 0 236 "Covariance may not be accurate."
2006ev 116 0.0287 978.5997087399489 1.1324274851176597e-14 1.2074541859835528 0.06253856390297757 0.0 24.34685337917489 0.9229329439660091 0.42423004556038835 0.5013230416285244 85317.020121017 53.0 -18.621402505504786 1.4851162939300373 993.59 1039.52 0 116 "Covariance may not be accurate."
2006fw 31 0.0835 1000.5369406403491 1.9984014443252818e-15 0.6590054024221628 0.4872170941607081 0.0 26.588890735751022 0.924751074826906 0.39757884272535526 0.7083240567321227 28665.335912637638 27.0 -18.29954067967664 2.239983435200397 1001.75 1039.73 0 31 "Covariance may not be accurate."
2006gj 122 0.0284 1014.2040662141698 5.828670879282072e-16 0.8460565591529065 3.975642916542732e-07 0.0 0.0003087595233068896 0.0 4.665900896483333e-06 7.463103598792653e-05 209716.72561976354 88.0 -15.480246934637833 1.8733499607656938 998.83 1096.59 45 77 "Covariance may not be accurate."
2006gt 93 0.0448 996.4613664413258 5.578870698741412e-15 0.7010444377306012 0.4982375913508242 0.0 0.038058602510375295 0.0 1.0332504806198628e-06 3.0449361879680836e-06 67763.03432136538 68.0 -17.975206455559682 2.141612989989138 1001.67 1076.62 0 93 "Covariance may not be accurate."
2006hb 190 0.0153 1004.8509589754923 5.004330283497893e-14 0.6588601530846824 0.4939707221572102 0.0 26.26616264525279 0.9427939091938499 0.4064671181871943 0.7169402579235273 303846.10543928447 139.0 -17.98657840273841 2.240340150613637 1006.87 1143.59 0 190 "Covariance may not be accurate."
2006hx 70 0.0455 1020.1119619655013 5.329070518200751e-15 1.2304614415039332 0.02017721860246563 0.0 28.914824193676395 0.9223871318605552 0.40927049682040223 0.6694452017761269 10855.350681078124 52.0 -18.901795115642315 1.46948194947133 1012.66 1080.59 16 54 "Covariance may not be accurate."
2006is 176 0.031 993.9020110421584 6.794564910705958e-14 0.6820067385133054 0.5002024544348185 0.0 24.479413388675425 0.9224707354851852 0.41832661122759734 0.7104503327889453 599334.7702509329 149.0 -19.862729754059746 2.1850912196905057 1008.9 1125.67 0 176 "Covariance may not be accurate."
2006kf 180 0.0213 1043.9037484257472 1.0158540675320182e-14 0.9829508229794047 0.007449200340086282 0.0 28.849728879534382 0.9223871234708744 0.4178833348701021 0.5770348910331269 118129.99382734585 107.0 -17.935238124633702 1.6913126878761666 1036.81 1127.64 50 130 "Covariance may not be accurate."
2006lu 128 0.0534 1044.407332370881 2.4980018054066022e-15 1.2499995406722055 0.5074957845263087 0.0 0.0002508322151015818 0.0 1.9304299010869386e-05 4.105918236352313e-05 82948.45218039438 122.0 -17.481577324870283 1.4567936530130083 1040.84 1137.75 14 114 "Covariance may not be accurate."
