analysis_pipeline/fit_results/csp_5_salt2_2.4_blue.ecsv
# %ECSV 0.9
# ---
# datatype:
# - {name: obj_id, datatype: string}
# - {name: num_points, datatype: int64}
# - {name: z, datatype: float64}
# - {name: t0, datatype: float64}
# - {name: x0, datatype: float64}
# - {name: x1, datatype: float64}
# - {name: c, datatype: float64}
# - {name: z_err, datatype: float64}
# - {name: t0_err, datatype: float64}
# - {name: x0_err, datatype: float64}
# - {name: x1_err, datatype: float64}
# - {name: c_err, datatype: float64}
# - {name: chi, datatype: float64}
# - {name: dof, datatype: float64}
# - {name: b_max, datatype: float64}
# - {name: delta_15, datatype: float64}
# - {name: tmin, datatype: float64}
# - {name: tmax, datatype: float64}
# - {name: pre_max, datatype: int64}
# - {name: post_max, datatype: int64}
# - {name: message, datatype: string}
# schema: astropy-2.0
obj_id num_points z t0 x0 x1 c z_err t0_err x0_err x1_err c_err chi dof b_max delta_15 tmin tmax pre_max post_max message
[from data line 49]
2006hx 31 0.06007587944905031 1022.5084005334305 0.0015255788459993674 -0.08532415036301888 0.14774119824131815 0.004204246406053793 0.060351394947304016 1.5992078336007865e-05 0.06667008240638062 0.01602087242444661 468.1502796785886 25.0 -19.62907388366344 1.0610483998372793 1012.66 1080.59 8 23 "Minimization exited successfully."
2006is 96 0.03101168052346722 1014.2495074905098 0.004201747542573831 0.4069803068595368 0.1481871842767999 2.95126928251746e-07 3.861586168341091e-05 8.18348368244494e-06 0.016610266666965412 0.0027737564179841634 17526.707981567164 48.0 -19.24714683872257 0.9719221229475323 1008.9 1125.67 7 89 "Minimization exited successfully."
2006kf 62 0.0037827120119986587 1041.5013548962293 0.0032449037820444643 -2.2930776019147863 0.18563360046349242 2.0818231795480951e-07 4.4786929720430635e-09 7.802305101060848e-06 0.016139083319728353 0.0034923593577450562 2309.348241470355 47.0 -14.351987744329527 1.55731715610467 1036.81 1127.64 12 50 "Covariance may not be accurate."
2006lu 80 0.05339446519909197 1039.1802928672048 0.001029615544613194 -0.3915898415602683 0.14264758545780376 2.956427352929225e-09 5.687865041181794e-07 3.82483453617577e-06 0.03398589132652896 0.0068009781155473625 915.1641542866114 46.0 -18.935395061882367 1.119761097515937 1040.84 1137.75 0 80 "Covariance may not be accurate."
2006mr 103 0.004096002290770061 1050.4552719976182 0.008651884061711338 -1.0541910896708098 0.7010504064054941 4.230638092454775e-09 6.977591056056553e-07 2.743649192150921e-05 0.023166438562334468 0.004306065221366451 18228.779141579253 69.0 -15.615053630919192 1.209615724411801 1046.68 1147.57 12 91 "Minimization exited successfully."
2006ob 25 0.08399982600819213 1064.1693488000026 0.0008134664988568492 -2.3101252929252345 -0.06582126027093138 0.0018175713095937296 0.07828043945039553 3.896791455651482e-06 0.058869216961974224 0.011569931537941114 361.5544561726175 19.0 -19.708858488814524 1.592335427881185 1060.65 1121.57 4 21 "Minimization exited successfully."
2006os 40 0.027395624626362417 1065.2267819250758 0.0009389601855925661 -0.8640910166622504 0.4938306159107253 0.00322276910181484 0.14367748585186746 6.4893787344879835e-06 0.08584786884213624 0.0092027174098821 391.37929405219603 33.0 -17.35615115320596 1.1883001131981068 1065.63 1121.61 0 40 "Minimization exited successfully."
2006ot 43 0.05305700060197533 1066.917783461852 0.0009449173585060728 -0.24316029428923258 0.22994952103825517 9.1728119780074e-07 3.444544904596114e-05 3.819025200986492e-06 0.05541223023118169 0.007680280790866911 1015.7863610545976 38.0 -18.82973070017701 1.0858759458793728 1065.68 1119.57 8 35 "Minimization exited successfully."
2006py 21 0.03235007032006061 1071.3751511922574 0.0009875429203414722 -0.29852083592592926 0.14887391449396326 0.00636071573696682 0.18606682389690832 6.837243821025641e-06 0.15758077277317728 0.01157900487880048 226.63783951402687 16.0 -17.768428004108866 1.1013586157262445 1069.54 1087.54 4 17 "Minimization exited successfully."
2007A 27 0.0035000000155384087 1113.3728495362134 0.006940139164553355 0.8731470471520586 0.2366436349966532 4.272359351666479e-05 0.04053327493852521 2.6640443575279456e-05 0.0655313726999478 0.00437811660104237 1409.7915943237704 22.0 -15.011193040007749 0.8882531732281489 1108.54 1133.53 11 16 "Minimization exited successfully."
2007N 65 0.08399999802959773 1116.1403416013188 0.0017938630930163014 -1.3940369788765543 0.7540793869145404 6.689746716646155e-05 0.17996505824373799 3.2604476537530236e-05 0.03751647676288661 0.013875835468854958 1692.2816553515459 37.0 -20.59819674798231 1.2758063378429476 1123.82 1213.67 0 65 "Minimization exited successfully."
2007S 65 0.003500000003107033 1144.9111955775504 0.007647086984759133 0.8607951829173217 0.4233416063964899 6.489471457903268e-05 0.018129924889308313 2.734440588204011e-05 0.02571220492439119 0.0033393100721719193 1413.824723454932 48.0 -15.12312255192931 0.882495456198388 1133.84 1246.54 12 53 "Minimization exited successfully."
2007af 102 0.005575538875435644 1176.5314672541674 0.07587632630682568 -0.4467370010926013 0.13397175808807305 4.204854131550917e-07 2.5098967853409704e-05 0.00010673481120630768 0.010156865482008559 0.0019182640305425158 17757.625384499388 82.0 -18.619643967778778 1.1311133075851174 1165.8 1256.69 22 80 "Covariance may not be accurate."
2007ai 52 0.05809197556101763 1174.9654025931536 0.0008994912781069731 0.9408426003963344 0.5406313641287088 2.1572021599580715e-09 1.0525843663344858e-07 3.8899418125751695e-06 0.05518491476422849 0.007939916942026448 853.1922720240212 37.0 -18.994806548534317 0.8644378105500969 1172.89 1259.7 6 46 "Minimization exited successfully."
2007al 48 0.041430030986937386 1162.0918030466976 0.003367583592597057 -1.8132131374709948 0.38281135507954045 0.0017154535069475556 0.11901224085829654 5.286340783926106e-05 0.040685387335301915 0.011263606190867415 1638.037822825712 29.0 -19.65812138125199 1.4088155916768414 1170.77 1246.58 0 48 "Minimization exited successfully."
2007as 65 0.00909146453062609 1182.3924202300207 0.006698014173263284 -1.1513220721358772 0.252487295201548 0.0010190361346410085 0.042374902804453995 1.5560289825408864e-05 0.02881118386615711 0.002760967254687552 2168.174384405022 45.0 -17.054009873792054 1.2681294552816933 1181.7 1259.49 4 61 "Minimization exited successfully."
2007ax 40 0.003500000119938727 1186.4346622110138 0.003923062982494385 -2.072509600978363 0.843696642414066 5.500168510952255e-05 0.05035242726034994 1.7679681610692412e-05 0.035198203495653946 0.005873669843241669 7176.581786163837 30.0 -14.425173800240838 1.4197543630653051 1185.56 1246.46 4 36 "Minimization exited successfully."
2007ba 56 0.08399999980323988 1197.5343087730917 0.0012123850106984997 -2.793277665885006 0.3017892898336654 0.00034096499664114377 0.028294816635479947 4.368657117621855e-06 0.02987925975332706 0.006876841049990201 2857.8365057848628 49.0 -20.146738850649882 1.690743599793663 1190.83 1255.61 8 48 "Minimization exited successfully."
2007bc 47 0.028796214457959993 1200.752895288795 0.007282541671155868 -0.9638254863975417 0.04784579726609994 0.0017583578576122923 0.03509284648112043 1.6250883702061385e-05 0.03188838251961057 0.0031417534022263327 1735.8479537207957 39.0 -19.677794139014953 1.2437227446331924 1197.65 1259.53 8 39 "Minimization exited successfully."
2007bd 44 0.053589790003159575 1207.7935766864555 0.0036120296769494077 -0.7270999343646354 0.023679606794333008 0.0019784215626752963 0.029732235988376488 1.0101592561419194e-05 0.020906263441190287 0.004261642614863503 1409.3081699952738 39.0 -20.30503536902173 1.1951902010423616 1197.53 1259.46 16 28 "Minimization exited successfully."
2007bm 35 0.003500000816637507 1225.3680473827362 0.024460610590517184 -1.0537527621746512 0.5418861167977993 3.232888185768679e-05 0.03223711403336438 4.872761498969126e-05 0.013634909469034229 0.0022379918749083627 7180.048085633932 30.0 -16.390369364425275 1.2228677640316388 1224.67 1259.56 3 32 "Minimization exited successfully."
2007ca 44 0.009346854616519101 1228.2446195087946 0.005933951493566275 0.6203031614861043 0.3674275409618073 0.0010951797995762966 0.02110588925097545 1.1542156204644074e-05 0.01907379478161708 0.002947949105221226 3049.705424458498 39.0 -16.98801205927871 0.9249771880222895 1218.68 1259.63 11 33 "Minimization exited successfully."
2007cg 22 0.003898031873953241 1228.0131971843775 0.000672462921632816 0.09426651882289683 0.7939332734722697 0.008167107363108796 0.4683264090327839 2.4170075770552112e-05 0.15148315314759353 0.019140387697407002 110.11098677446087 17.0 -12.741789216088964 0.9911775719621652 1235.63 1259.59 0 22 "Minimization exited successfully."
2007hj 93 0.023758681499083036 1347.686387536645 0.007816562603153077 -1.958265170969879 0.27192002093474565 0.0016068431997685647 0.029616588284852696 2.1722035010476783e-05 0.02266757069239378 0.0027295845945668473 6940.926705968254 70.0 -19.332238474423836 1.457102048709224 1348.76 1440.53 0 93 "Minimization exited successfully."
2007hx 41 0.08399999999960762 1354.7436332489197 0.0003130077028630968 0.5155875606870639 0.1873592338024319 0.000737716801378345 0.2490170237330176 2.262538532830932e-06 0.12649483319755594 0.00752798615314243 234.49751412359882 35.0 -18.675186790444062 0.9511490874178925 1354.78 1411.73 0 41 "Minimization exited successfully."
2007if 67 0.07411460352799579 1355.954483828287 0.001061087910935593 0.6956442445099151 0.361645855487277 2.803132813228304e-07 4.704766979557462e-06 3.6864859060556582e-06 0.037755088751191046 0.003263277378163454 4069.9538576252844 48.0 -19.71904510161398 0.912586919173858 1357.77 1443.6 0 67 "Minimization exited successfully."
2007jd 46 0.08399999965138963 1361.8839948575207 0.0003723688453572932 -0.7861141866770858 0.1830810404701544 0.0005517278896579395 0.3199339460717283 4.110840851963293e-06 0.11733857401716108 0.00835593906347587 432.5292345401146 41.0 -18.86281950146048 1.1961429974051683 1362.83 1403.81 0 46 "Minimization exited successfully."
2007jg 57 0.04181516591109238 1367.1406309645051 0.001459334160119799 -0.628299933982607 0.24113882251975327 0.0017398904776615362 0.04743560138263092 4.0251756925499755e-06 0.04794749783971897 0.004111753802303109 1134.6709590044927 49.0 -18.766757704520902 1.159953121872995 1363.82 1423.7 12 45 "Minimization exited successfully."
2007jh 25 0.06121730501823205 1363.4462256754703 0.0005736952067766394 -0.9390988768772299 0.3768075816655403 0.004736917546071102 0.23722015165037647 6.14627076036124e-06 0.08693498139012523 0.018082702823946306 469.7925974583317 20.0 -18.615799877689717 1.2129169620636766 1363.86 1395.86 0 25 "Minimization exited successfully."
2007le 94 0.004167834087532446 1399.8745933058542 0.04144012126380423 0.058614094292720686 0.40634765373325354 0.0004952157346085817 0.018437745796518357 9.609200714844404e-05 0.019791924821427553 0.0026356761677753804 3332.6567637908447 69.0 -17.3368730151447 1.0201497360265357 1392.6 1470.55 13 81 "Minimization exited successfully."
2007mm 22 0.0839999996709425 1392.0211187697792 0.00019166272301038845 -3.6050832026674025 0.6958465951464761 0.0004257550795522397 0.07170340886091253 1.6350258485148234e-06 0.08602161972589584 0.020774286184347734 319.3201670733254 17.0 -18.16459726623848 1.8954298996267624 1385.72 1418.69 3 19 "Minimization exited successfully."
2007nq 75 0.03930938960431382 1398.7858335791623 0.0016953784456335997 -2.0576222960961275 0.05433689683028131 0.003129744302574698 0.060737932273127626 8.022561410227225e-06 0.04779159143181322 0.006015750571291778 800.2906587885589 55.0 -18.787675199702953 1.507059336435237 1397.65 1476.56 4 71 "Minimization exited successfully."
2007ol 24 0.05767554870007815 1413.2016065683615 0.0009471441122309882 -2.1585982879703765 0.03627522390892657 0.003479245338341031 0.12790648196380516 6.242425108182704e-06 0.21843315188905899 0.010240849236707428 352.72960838878384 19.0 -19.01707728837482 1.536969944918603 1409.79 1422.66 8 16 "Minimization exited successfully."
2007on 104 0.0782086522292435 1421.699574460806 0.08549926407427394 -1.4136299723110968 0.0329490204009284 6.320431331086063e-10 1.977236934180837e-07 1.0286558712879756e-06 7.684651913542062e-05 2.519627095753929e-05 52293.182325919755 73.0 -24.59929639508487 1.3465444398192545 1411.79 1508.61 13 91 "Covariance may not be accurate."
2007so 27 0.0035000000236833366 1434.6800000020103 0.0015480325289595393 -0.5600645976283865 0.341397406162653 8.741084473931193e-05 0.007820424011583782 2.42826905747618e-05 0.0693419026599229 0.013170940147604782 803.6171472234402 22.0 -13.384445153995895 1.1394808596016048 1449.68 1469.55 0 27 "Minimization exited successfully."
2007sr 103 0.0035000000788061973 1450.1003613134478 0.11188152759109801 -0.21323209917835229 0.22005310379925036 2.0140105290865525e-05 0.03588545809509469 0.0003368613232591147 0.014800399478508641 0.0022699800852730156 4920.032871095418 61.0 -18.02844578293958 1.0808266879833202 1455.76 1578.72 0 103 "Minimization exited successfully."
2007st 44 0.0035000001666713617 1453.6467479579483 0.008676391086177113 -1.9703682321228881 0.0056026277955576465 0.0003542035293603871 0.09033059871353544 7.283833240692011e-05 0.021961110716860466 0.005373727805418893 1564.100055519997 39.0 -15.24887896299576 1.4889111899767258 1458.66 1493.55 0 44 "Minimization exited successfully."
2007ux 63 0.04399420868548023 1463.871810021892 0.0018649896400296407 -1.7900587155402192 0.2022229872945771 0.0016068527066496995 0.08669128190672382 1.1705648921933533e-05 0.034293586273013155 0.005948913208022266 1665.7350783210431 44.0 -19.145397440636543 1.421601864598248 1466.86 1558.61 0 63 "Minimization exited successfully."
2008C 48 0.014039631501607742 1467.416615847234 0.0069720585964142025 -0.5828813506687283 0.2674050648782156 0.0032205080716509035 0.19716481292221033 6.989926201475798e-05 0.10964578029734451 0.007270749011978439 632.3480934282536 30.0 -18.050152629793125 1.1490999444013852 1469.81 1552.5 0 48 "Minimization exited successfully."
2008J 38 0.0035000000060103668 1470.855572070404 0.00426401860295503 4.999999999716117 1.1630841110155958 5.3446976959403095e-06 0.0894640869784098 3.478107597008201e-05 0.0007373513122139741 0.008240223527273827 19633.82528114092 33.0 -14.618474553619365 0.20383788020692606 1484.54 1515.52 0 38 "Minimization exited successfully."
2008O 50 0.049369902936662 1490.2812317416506 0.0007271743572007411 -1.8543326934064863 0.4661359231515445 0.0024030493947454525 0.1204174498222983 6.363222948879688e-06 0.06869682620284978 0.009634647445271094 601.4448181305678 39.0 -18.39108218949705 1.4100519241299132 1490.64 1571.48 0 50 "Minimization exited successfully."
2008R 43 0.0035000000235838064 1493.2113889469092 0.01106916710618 -2.2860287350754316 0.131276865834145 0.0001380504447333075 0.03590404984493034 2.652819176264965e-05 0.012447732402381284 0.002757565452760957 6649.684124881576 38.0 -15.514183936358068 1.5618983112113636 1493.63 1532.52 0 43 "Minimization exited successfully."
2008ae 30 0.0035000000011153522 1510.2189135763929 0.0005786312594809024 -1.9010340398363734 0.5105173073708582 0.0008770039509227051 0.14666468665848242 6.726712147317492e-06 0.1113128780208521 0.013639302137959497 713.1771767875471 21.0 -12.32304425526992 1.4166535042085755 1508.74 1597.56 3 27 "Minimization exited successfully."
2008ar 62 0.03449780256205987 1535.4270205905548 0.004820657153322991 -0.06881933186668565 0.09357876160881351 0.0015542628750530724 0.03195947358142348 2.0193862655164263e-05 0.03316233937031665 0.004167684285419582 1270.0309596689312 51.0 -19.632283742217286 1.0609845151155888 1527.79 1606.6 4 58 "Minimization exited successfully."
2008bc 104 0.0035000000025980586 1550.45832533525 0.009131492691272258 0.5184553379641708 0.20704005874009734 2.8479509512932587e-05 0.009654997242250829 1.1436391500697397e-05 0.010900392579390683 0.0015160892101057089 10226.38806974269 82.0 -15.308115460923554 0.9497488641578098 1541.67 1646.46 27 77 "Minimization exited successfully."
2008bd 31 0.003500001244972347 1526.7000000269434 0.0008087785447692536 -1.813253808775142 0.42634088665199155 0.0029794331161805874 0.02285084090090095 3.303254047922898e-05 0.13275541409502978 0.03823225265544261 160.08894622440243 24.0 -12.682449548849188 1.404258477882312 1541.7 1592.62 0 31 "Minimization exited successfully."
