analysis_pipeline/fit_results/csp_5_sn91bg_color_interpolation_red.ecsv
# %ECSV 0.9
# ---
# datatype:
# - {name: obj_id, datatype: string}
# - {name: num_points, datatype: int64}
# - {name: z, datatype: float64}
# - {name: t0, datatype: float64}
# - {name: x0, datatype: float64}
# - {name: x1, datatype: float64}
# - {name: c, datatype: float64}
# - {name: z_err, datatype: float64}
# - {name: t0_err, datatype: float64}
# - {name: x0_err, datatype: float64}
# - {name: x1_err, datatype: float64}
# - {name: c_err, datatype: float64}
# - {name: chi, datatype: float64}
# - {name: dof, datatype: float64}
# - {name: b_max, datatype: float64}
# - {name: delta_15, datatype: float64}
# - {name: tmin, datatype: float64}
# - {name: tmax, datatype: float64}
# - {name: pre_max, datatype: int64}
# - {name: post_max, datatype: int64}
# - {name: message, datatype: string}
# schema: astropy-2.0
obj_id num_points z t0 x0 x1 c z_err t0_err x0_err x1_err c_err chi dof b_max delta_15 tmin tmax pre_max post_max message
[from data line 48]
2006hb 101 0.0021566236376592174 1007.4419157113695 3.247402347028583e-14 0.839723022023493 0.4832547721059188 0.04948728639465282 27.188090424992765 0.9223870513438895 0.4427308434214447 0.706401074616543 47671.91761447766 49.0 -13.26616041352268 1.883014246782757 1006.87 1143.59 6 95 "Covariance may not be accurate."
2006hx 39 0.0020024389011541826 1007.3808577823204 5.079270337660091e-15 0.6967092748307236 0.26656999944429893 5.7895657614402685e-08 0.0022654590784441098 0.0 2.1419401816713535e-05 0.014379027388689847 19565.960321564988 20.0 -11.512533508873268 2.1513692093344723 1013.66 1080.59 0 39 "Covariance may not be accurate."
2006is 80 0.0020086903780865244 993.911917522739 2.88935542158697e-14 1.0045218048063644 0.1667712513528951 0.05067943721724182 24.884693669180706 0.9223868632977484 0.41158694510008526 0.5802458490779634 116251.20241310148 52.0 -13.621577627880797 1.6674104727782755 1009.86 1125.67 0 80 "Covariance may not be accurate."
2006kf 118 0.0020190010467305143 1040.415174407739 9.325873406851315e-15 1.2359499105640608 0.11999205869607754 1.8046378720375233e-08 0.0002716721883189166 0.0 1.2948002476864673e-06 0.018072190115167586 19164.491439112346 44.0 -12.498016566204637 1.4658747231785512 1036.81 1127.64 20 98 "Covariance may not be accurate."
2006lu 48 0.002023528073702239 1043.5150452661567 3.747002708109903e-15 0.9178642901520546 0.45908609565511915 0.05144507178935896 28.060378104562574 0.9408366392713671 0.43288084973450464 0.7066346589728704 14591.358000290422 41.0 -10.839039961845724 1.7714368079652019 1040.84 1137.75 5 43 "Covariance may not be accurate."
2006mr 118 0.002016675235401081 1051.732151008277 8.659739592076221e-14 0.8634595654546189 0.4999050690988148 2.221086448941055e-08 0.012260373871754382 0.0 4.855257958957804e-06 2.483496404664942e-06 8692.142401462334 54.0 -14.14477430985381 1.847464030537866 1045.86 1147.57 16 102 "Covariance may not be accurate."
2006ob 38 0.0020105083236533184 1061.4813188943626 3.0808688933348094e-15 1.0787474990517352 0.4981630124876454 1.483749724037666e-07 0.4881883202855306 0.0 3.294732276271084e-05 6.640307863531314e-05 3647.4405806358955 22.0 -10.520329925907461 1.5922982206884377 1060.65 1121.57 2 36 "Covariance may not be accurate."
2006os 66 0.02387255884064665 1070.8868403053762 2.7478019859472624e-15 1.1261742704918651 0.08998184173146556 0.06139563857265098 31.118330216763866 1.1653599031993596 0.32313836337436447 0.5848258947344073 24653.73530973348 30.0 -16.627397299611694 1.5490035411983385 1063.65 1133.56 19 47 "Covariance may not be accurate."
2006ot 75 0.0020175344505988907 1087.6802161913124 8.326672684688674e-17 1.039362854323142 0.0033583632694386134 0.051090100347804715 27.352350892806726 0.9327508176661812 0.4011670982836462 0.5898114721203542 102906.91034101622 32.0 -7.575721414860055 1.6309425609295438 1063.72 1131.63 48 27 "Covariance may not be accurate."
2006py 14 0.0020000075127980265 1056.3919499774715 5.662137425588298e-15 0.9688922756968495 0.08143362446421865 0.0550784515569401 20.165563638436765 0.9956054892371766 0.4466948283035598 0.7112783592908525 5256.166555298876 9.0 -12.00683188551459 1.7075526982844629 1069.54 1091.54 0 14 "Covariance may not be accurate."
2007A 49 0.002000151702290141 1094.131716771337 5.345723863570129e-14 1.2252226528672883 0.5000485746475689 8.259128350348623e-08 0.04339114228628205 0.0 0.49252644026475606 0.0001982888459434451 44587.803832528596 13.0 -13.602824147159414 1.4729787224579631 1107.53 1133.53 0 49 "Covariance may not be accurate. Covariance not positive definite. Covariance forced positive definite."
2007N 100 0.002004583659850549 1131.624506656251 5.745404152435185e-15 1.17176626581952 0.5003101826374258 0.050807933447415396 28.987402896010394 0.922929706399219 0.4359778109670062 0.7106712705311218 74609.00636337331 47.0 -11.185510940967294 1.5114810772168745 1123.82 1213.67 29 71 "Covariance may not be accurate."
2007S 127 0.04255635290537441 1140.16683169554 4.1466829969749597e-14 0.9962595221060966 0.48439506940003196 0.059172916270546286 28.928575770418888 0.9235592428702001 0.41430239762789073 0.7071538316192663 98072.17569988698 37.0 -20.071482468429487 1.676442202669655 1132.77 1246.54 22 105 "Covariance may not be accurate."
2007af 205 0.002020126205703082 1172.416125057524 2.5471291742462654e-13 1.1097103062918805 0.4935148774188709 nan 0.0041075067462088555 3.7470027081099033e-16 0.0005611238841480848 0.00017678000279236494 134780.38708049798 62.0 -15.33553286983518 1.5635876914675038 1162.76 1257.72 51 154 "Covariance may not be accurate."
2007ai 59 0.0020199932907755333 1154.3022337082546 2.5396351688300456e-14 0.673592290948638 0.10290639631315168 0.05052409014189068 21.16445335112678 0.9229748762576921 0.3146265922627867 0.7191065910102075 8610.611195300633 32.0 -13.618891270350346 2.2048248581456917 1167.88 1259.7 0 59 "Covariance may not be accurate."
2007al 72 0.0020046727145990213 1162.4119119591492 2.0899948438568572e-14 0.9720380191041468 0.500218997656214 1.4649293485218158e-06 0.08729006919213589 8.326672684688674e-17 0.004940681801559321 0.0009517223659885332 14684.093928364777 31.0 -12.587812849340875 1.7038821151275592 1170.77 1246.58 0 72 "Covariance may not be accurate. Covariance not positive definite. Covariance forced positive definite."
2007as 88 0.0020004766034524882 1164.2911027129453 1.2007062011321068e-13 0.6668801692151214 0.50006541926048 2.7596819233022957e-09 0.00020910047089728323 4.163336342344337e-17 1.4639257422399687e-06 0.3654576203791032 111439.12752523618 37.0 -14.481726377782781 2.22085610949814 1175.59 1259.49 0 88 "Covariance may not be accurate. Covariance not positive definite. Covariance forced positive definite."
2007ax 57 0.002010717410915947 1169.8345974072688 8.826273045769994e-14 0.6707126472071153 0.08178847477586454 0.05143380809581194 25.9463650007134 0.9223965381371741 0.3181102596065519 0.7114249613124213 43807.518638285976 21.0 -14.999805488010285 2.2116657289562873 1184.55 1248.47 0 57 "Covariance may not be accurate."
2007ba 68 0.0020000101335267864 1193.603529333825 6.328271240363392e-15 0.6500000014856953 0.4862241155620772 2.1660988748332943e-08 0.10074966417130327 0.0 8.928349448655837e-08 0.00016119533024133714 8963.725211209472 25.0 -11.319463962686108 2.262355918431677 1190.83 1254.75 6 62 "Covariance may not be accurate."
2007bc 64 0.002009432100651326 1181.9785297688288 5.5039306445792135e-14 0.944892761833106 0.4999753237519054 0.05066673996219839 26.040396666438937 0.9224307535261714 0.4273879120273694 0.7103810193175614 47138.180586194205 29.0 -13.644695538241507 1.7366402527983738 1196.65 1259.53 0 64 "Covariance may not be accurate."
2007bd 66 0.002016496510695074 1204.820209478529 7.244205235679146e-15 1.1971777175273532 0.0008700461885011723 1.1175357803863348e-08 0.00016490945324676431 0.0 1.6145606827056014e-06 0.000626469854641043 10322.15531500463 22.0 -12.427331473267753 1.4924275306779364 1197.53 1259.46 16 50 "Covariance may not be accurate."
2007bm 50 0.00200001010001816 1204.624915643893 3.346489751976378e-13 1.0951424872814932 0.24789851535018415 1.4350941004125095e-09 0.0005565245228353888 1.6653345369377348e-16 1.3585964296014552e-05 0.000824090137766631 51430.209893475956 12.0 -16.088462113720286 1.5768914046924678 1217.57 1278.52 0 50 "Covariance may not be accurate."
2007ca 73 0.002003881363426205 1221.3057952810066 4.063416270128073e-14 0.6500008252080827 0.6240760830102631 8.618970076057844e-09 0.00010798444850479427 0.0 1.103001301405726e-08 0.020488097843092523 245536.59917507894 27.0 -13.09370832726555 2.262354882317773 1217.65 1275.65 8 65 "Covariance may not be accurate."
2007cg 23 0.0034963045863717936 1245.5681700789169 3.497202527569243e-15 0.650130975721018 0.3802107034651258 0.00017155934664838117 0.024298264763274346 4.163336342344337e-17 7.937526170553877e-05 0.0009197374830424154 27618.778638891818 13.0 -12.119234081126496 2.262023096022091 1235.63 1259.59 10 13 "Covariance may not be accurate."
2007hj 173 0.08498616899347043 1373.596981277006 0.004237542524998056 0.8887647568907471 0.0021048705000025203 0.0415 20.0 0.75 0.3 0.5 1.89327946062929e+29 65.0 -50.099854947243344 1.8111775436869628 1348.76 1440.53 74 99 "Minimization exited successfully."
2007hx 14 0.0020000121579471473 1359.6391922464627 9.992007221626409e-16 0.6500000001053412 0.3174130233803002 0.05127511208288882 28.45740275202013 0.92690243986321 0.37075759686718895 0.7378072114306686 2578.681561621722 9.0 -9.659207215198535 2.262351213926493 1354.78 1411.73 2 12 "Covariance may not be accurate."
2007if 25 0.0020185563689169342 1370.530685164365 4.163336342344337e-15 1.0327594311259047 0.9956362969843878 8.35988779373728e-08 0.0012096385544282384 0.0 1.9167952977072744e-05 0.011693391258250196 33060.422944695616 20.0 -9.883970321736754 1.637683646081861 1357.77 1443.6 11 14 "Covariance may not be accurate."
2007jd 17 0.002005434569631316 1363.6532846168088 8.326672684688674e-17 0.6500228242258492 0.5001970851542091 7.619292075565498e-08 0.3255369867032414 0.0 4.2430102181745255e-07 7.63424383954936e-05 7493.495070816858 12.0 -6.58948927916056 2.2622990309581006 1362.83 1409.83 1 16 "Covariance may not be accurate."
2007jg 56 0.0020000057893966587 1369.3403939703378 6.994405055138486e-15 0.6500000000000349 0.8562885933471738 4.72465727999194e-10 0.0001591190368799289 0.0 7.29912241759223e-11 0.00714545880407963 49091.85121703709 34.0 -10.723701563365776 2.2623563349850713 1363.82 1425.78 15 41 "Covariance may not be accurate."
2007jh 20 0.05436714720031145 1370.0531071016123 2.9976021664879227e-15 0.6500462955188666 0.39211202697611003 0.000650690532662937 0.016431727640338067 0.0 4.1595796735904855e-05 0.0005054498673939811 8562.594806991432 13.0 -17.970319191687103 2.2622364440527925 1363.86 1413.8 5 15 "Covariance may not be accurate."
2007le 148 0.01006429450870697 1374.9153024425325 5.29326582565659e-13 1.0346031863815475 0.4989876941303058 0.05952794603829381 21.258459984013598 0.9226399967705952 0.4406342915279601 0.7102425381757959 190500.39026169988 53.0 -19.616920835990275 1.6357998198671684 1388.57 1470.55 0 148 "Covariance may not be accurate."
2007mm 17 0.002000697199342361 1370.8048232157246 6.661338147750939e-16 0.6561525582792448 0.07817639526019082 5.015374412433923e-09 3.849496249586082e-05 0.0 1.2622933104888823e-06 0.031403688863196805 23238.744297927602 12.0 -9.689836049809717 2.246996080495954 1385.72 1418.69 0 17 "Covariance may not be accurate."
2007nq 99 0.0020000046608325208 1386.3230797510348 1.7819079545233762e-14 0.6698032568183823 0.5002112815969258 0.05103340596676102 28.612760080286648 0.9224399818889835 0.31931914530862787 0.7104391677166375 34213.97065059508 55.0 -12.409604738118471 2.2138496450172624 1397.65 1476.56 0 99 "Covariance may not be accurate."
2007ol 7 0.08499999967304099 1398.2096426860362 6.494804694057166e-15 0.7560803108597413 0.024182509190916135 0.051893781566448985 15.26294109109881 0.9378801782040073 0.44776169390063525 0.6739978276376872 484.79760839503615 2.0 -20.528408138417234 2.0264585631431977 1409.79 1422.66 0 7 "Covariance may not be accurate."
2007on 204 0.0020068870355247704 1422.5398718767606 2.191580250610059e-13 1.0877982437154543 0.47383484799874537 4.7690145295927605e-08 0.02605519622341035 1.249000902703301e-16 2.0359747739173706e-05 4.151924295159315e-05 55843.5533186328 63.0 -15.204897870754543 1.5837424117462753 1410.73 1508.61 27 177 "Covariance may not be accurate."
2007so 39 0.0020007300024552275 1447.7519273155756 9.409140133698202e-15 0.6500000000398871 0.5000293302077738 4.571777382866935e-07 0.15160152399039362 0.0 4.7503495564926723e-07 1.994796736337623e-05 40001.70241437108 16.0 -11.717341594134684 2.262356466029736 1449.68 1494.53 0 39 "Covariance may not be accurate. Covariance not positive definite. Covariance forced positive definite."
2007sr 156 0.0020049003871250724 1442.2499350204293 4.907740880355504e-13 0.7857523650389744 0.28271244014068336 0.05150059862993199 20.247708389577497 0.9357301005032098 0.4490351788792362 0.6395214142590193 447789.26309694594 62.0 -16.45153756611648 1.971637710731077 1454.84 1955.57 0 156 "Covariance may not be accurate."
2007st 74 0.0020354286031451455 1460.4463344233009 1.099120794378905e-14 1.1882511488639291 0.4997805640292316 0.050309405884595045 29.044037598175123 0.9223870031560992 0.4314655589170927 0.7103174697254916 39570.4971757277 27.0 -11.924064710527933 1.4989745715308018 1458.66 1513.52 7 67 "Covariance may not be accurate."
2007ux 88 0.0020000037025402636 1472.2783102282547 6.9111383282915995e-15 0.6500000000013111 0.5000397735791993 1.489104803006902e-10 0.00011955477646097279 0.0 1.1003253863606233e-11 0.20065265404101357 52086.641493305244 42.0 -11.381534606815212 2.262356466160835 1466.82 1554.65 21 67 "Covariance may not be accurate. Covariance not positive definite. Covariance forced positive definite."
2008C 73 0.002003237520750685 1456.283379604703 1.1440848268762238e-13 0.6501218482085104 0.49905747242212334 0.05082021610678082 21.088418085054514 0.9223874511012639 0.36533029447954546 0.7101511605490968 64533.14276909787 39.0 -14.434709319039907 2.262049849608399 1469.81 1552.5 0 73 "Covariance may not be accurate."
2008J 43 0.055867375397702236 1492.7699177492261 3.372302437298913e-14 0.7677680435063853 0.4986586363189165 0.06101166048544324 29.046652754706543 0.9223869172625851 0.44215137341702926 0.7100588392728806 175152.20164805907 14.0 -20.42456461741824 2.004297630827679 1484.54 1516.52 21 22 "Covariance may not be accurate."
2008O 53 0.002020625384732251 1492.8069788859038 2.3314683517128287e-15 0.8884352296167372 0.4463238201660895 1.6478068953361576e-07 0.08212310602823436 4.163336342344337e-17 3.6868633892017666e-05 5.9491948457418564e-05 13145.501470372814 22.0 -10.349257050974014 1.8116530586500303 1489.71 1546.54 9 44 "Covariance may not be accurate."
2008R 64 0.002192453081125954 1484.2758288385667 4.912736883966318e-14 1.233914103057506 0.42078720466733294 0.04931562371369269 22.56023744170102 0.9223868366251733 0.32448134388349786 0.6895041493389515 22009.01640927408 21.0 -13.890835424952748 1.467217965026002 1493.63 1532.52 0 64 "Covariance may not be accurate."
2008ae 71 0.002000006505580024 1501.9640116166977 1.0824674490095276e-14 0.6500000000148871 0.5000154497065787 4.127075461460034e-07 0.18933344802621832 8.326672684688674e-17 0.020711030979402578 0.0002261796020954221 10134.017359866659 13.0 -11.868739117355126 2.262356466047425 1511.74 1602.52 0 71 "Covariance may not be accurate. Covariance not positive definite. Covariance forced positive definite."
2008ar 70 0.002000024097957947 1531.3626565682923 1.8568480086855743e-14 0.9634584142445031 0.5007458433313536 1.0722740288997973e-09 0.024296029336824176 0.0 6.7611076844942275e-06 4.918688149618822e-05 61003.99040918136 35.0 -12.453511166100817 1.7139958714166852 1527.79 1627.59 7 63 "Covariance may not be accurate."
2008bc 101 0.0020126883326788123 1532.5476498786381 4.829470157119431e-14 1.066566530504601 0.5482632474659414 0.05070980321025371 22.712403219143653 0.9243286343944277 0.44385389260537855 0.7214254419606831 191756.66768046533 43.0 -13.4274136220778 1.6040016169897982 1542.56 1646.46 0 101 "Covariance may not be accurate."
2008bd 35 0.002000010088822954 1530.9976516485149 8.909539772616881e-15 0.6500000000021341 0.5000135899806454 3.6985980948040474e-07 0.11587513112021952 4.163336342344337e-17 5.272867762973199e-07 5.5894668474748554e-05 3066.830036225705 22.0 -11.657347006535474 2.262356466073456 1541.7 1607.65 0 35 "Covariance may not be accurate. Covariance not positive definite. Covariance forced positive definite."
