analysis_pipeline/fit_results/csp_4_salt2_2.4_blue.ecsv
# %ECSV 0.9
# ---
# datatype:
# - name: obj_id
#   datatype: string
# - name: num_points
#   datatype: int64
# - name: z
#   datatype: float64
# - name: t0
#   datatype: float64
# - name: x0
#   datatype: float64
# - name: x1
#   datatype: float64
# - name: c
#   datatype: float64
# - name: z_err
#   datatype: float64
# - name: t0_err
#   datatype: float64
# - name: x0_err
#   datatype: float64
# - name: x1_err
#   datatype: float64
# - name: c_err
#   datatype: float64
# - name: chi
#   datatype: float64
# - name: dof
#   datatype: float64
# - name: b_max
#   datatype: float64
# - name: delta_15
#   datatype: float64
# - name: tmin
#   datatype: float64
# - name: tmax
#   datatype: float64
# - name: pre_max
#   datatype: int64
# - name: post_max
#   datatype: int64
# - name: message
#   datatype: string
# schema: astropy-2.0
obj_id num_points z t0 x0 x1 c z_err t0_err x0_err x1_err c_err chi dof b_max delta_15 tmin tmax pre_max post_max message
2004dt 181 0.0197 243.80514344757052 0.011134680105057831 -1.0727566509074822 0.08884537532991121 0.0 1.5973000699887052e-11 2.3934032333529712e-05 0.010647991157736847 0.0019383797117630275 300839.14292757184 177.0 -19.2997304836615 1.264303549093201 249.79 365.62 0 181 "Minimization exited successfully."
2004ef 167 0.031 264.6440360984191 0.0025314322183745937 -1.4132751040018618 0.19224527327856977 0.0 0.006544093005686591 2.545333456792408e-06 0.008084764214391083 0.0015515340582242798 14386.691409984656 163.0 -18.695919872878882 1.3321404834968185 255.69 329.57 39 128 "Minimization exited successfully."
2004eo 147 0.0157 278.43123359896714 0.006528622063708906 -0.45842153821091536 0.12471974736338387 0.0 58.18891604288086 0.027842316836799344 6.989450523391721 1.4461196975072452 340328.60560545634 143.0 -18.221352733363606 1.1340077157673925 266.52 341.54 42 105 "Covariance may not be accurate."
2004ey 111 0.0158 282.3894204458463 0.020973586809191695 4.999999999992669 -0.07751820724745595 0.0 0.014459055393643894 2.8522916524224146e-05 5.086181276858781e-05 0.0017199578119417858 771308.8915643167 107.0 -19.551285717237988 0.18111917017395207 295.53 352.55 0 111 "Minimization exited successfully."
2004gc 80 0.0321 326.22608586377595 0.0016656426144185388 -0.7705967936505287 0.388440241231498 0.0 0.09687224182457044 1.113532777731875e-05 0.02462276898005511 0.005507115172947774 12166.740261059324 76.0 -18.325366447954067 1.177724856925927 329.83 397.66 0 80 "Minimization exited successfully."
2004gs 164 0.0267 356.36743723554383 0.0020543533826804686 -1.9262875505465131 0.23280218906110717 0.0 5.686110031888347e-05 4.020836488827185e-06 0.014895457068272666 0.003341523291513271 81259.1712801571 160.0 -18.138622224018448 1.453070755000475 352.85 461.56 8 156 "Minimization exited successfully."
2004gu 88 0.0459 363.0393944457626 0.001660561112075326 1.437119030416497 0.1657745538876585 0.0 0.0735768524633329 5.522574422657544e-06 0.045914319161011186 0.004476613226156112 748.5381224663415 84.0 -19.115937808400677 0.7979632735359736 357.86 410.84 8 80 "Minimization exited successfully."
2005A 73 0.0191 380.55653261980575 0.0008461652438570999 -0.32515954749578935 1.0 0.0 0.052219498716567614 2.0328907224753884e-06 0.03555425461615602 7.549840261533713e-05 2270.796627927342 69.0 -16.48740874761159 1.0494727272507234 376.65 432.52 6 67 "Minimization exited successfully."
2005ag 163 0.0797 415.39580484407304 0.0006210152937542097 0.26885258346533103 0.05093393648451028 0.0 0.07414750651830104 1.568030109354269e-06 0.03867094494907475 0.0028388842364598377 18388.077330333865 159.0 -19.29647234711757 1.0011586556579317 412.82 480.84 12 151 "Minimization exited successfully."
2005al 140 0.0124 431.5616388985225 0.015435328233356263 -1.3410317482987626 0.003722138759707949 0.0 0.025101079554815442 2.208815491908881e-05 0.01065445904969975 0.0015659810486947645 56964.538505062184 136.0 -18.63635348659539 1.3320402127927675 429.76 512.79 8 132 "Minimization exited successfully."
2005am 137 0.0079 436.42337208286955 0.049999999999799434 -1.8185236662707926 0.05982445292289773 0.0 0.018509606070921336 3.849374842303244e-06 0.00660663326667299 0.0012270852951283828 81173.32661035268 133.0 -18.925977124843637 1.4434596085147646 432.58 512.46 1 136 "Minimization exited successfully."
2005be 45 0.035 459.7179139669303 0.002983112804986013 -1.710367672381523 -0.042258195921389574 0.0 0.07546793528030094 2.624295930730579e-05 0.01898476863953502 0.005761029391920913 690.3041099516608 41.0 -19.142084857334915 1.4261220328940034 467.89 491.77 0 45 "Minimization exited successfully."
2005bg 64 0.0231 469.58511164210245 0.007032944821663625 0.7847357630018053 0.050285802459445916 0.0 0.12216254216244238 2.884792989511645e-05 0.055635962744108536 0.0025443601322470144 1392.7068042125456 60.0 -19.153124507691288 0.9107191114187909 471.65 512.61 0 64 "Minimization exited successfully."
2005bl 41 0.0241 461.7776958943691 0.0006588673199363682 4.999999999957529 0.7195210244777268 0.0 0.061675835460448525 4.455410189622988e-06 0.0008872453496069355 0.009023212212947662 16418.36632847445 37.0 -16.763050270413107 0.19542791634542667 476.61 512.57 0 41 "Minimization exited successfully."
2005bo 36 0.0139 463.75000047891444 0.015615786087078956 3.6555871274861556 -0.02451270324123722 0.0 0.009213548965590235 0.00018337965568913147 0.11091555068986825 0.004640259463587704 2352.2507801950187 32.0 -18.912070668106328 0.33652358612751776 478.75 512.76 0 36 "Minimization exited successfully."
2005el 93 0.0149 647.2549633870995 0.013458715939507211 -1.2740372296393057 -0.02432381106980608 0.0 0.011725400503337369 2.926824813993551e-05 0.012497734238397396 0.0021000821249280155 116044.43752667442 89.0 -18.890614179053443 1.3188264914663197 639.89 730.75 9 84 "Minimization exited successfully."
2005eq 99 0.029 655.0855853108867 0.004081145565337319 1.5126094763602236 0.11128232510972969 0.0 0.04599875463947001 9.332657827279545e-06 0.03307512292387704 0.0028212478580297295 40902.36781689989 95.0 -19.067165948150528 0.7873669083476358 650.81 751.66 4 95 "Minimization exited successfully."
