analysis_pipeline/fit_results/csp_5_salt2_2.4_all.ecsv
# %ECSV 0.9
# ---
# datatype:
# - {name: obj_id, datatype: string}
# - {name: num_points, datatype: int64}
# - {name: z, datatype: float64}
# - {name: t0, datatype: float64}
# - {name: x0, datatype: float64}
# - {name: x1, datatype: float64}
# - {name: c, datatype: float64}
# - {name: z_err, datatype: float64}
# - {name: t0_err, datatype: float64}
# - {name: x0_err, datatype: float64}
# - {name: x1_err, datatype: float64}
# - {name: c_err, datatype: float64}
# - {name: chi, datatype: float64}
# - {name: dof, datatype: float64}
# - {name: b_max, datatype: float64}
# - {name: delta_15, datatype: float64}
# - {name: tmin, datatype: float64}
# - {name: tmax, datatype: float64}
# - {name: pre_max, datatype: int64}
# - {name: post_max, datatype: int64}
# - {name: message, datatype: string}
# schema: astropy-2.0
obj_id num_points z t0 x0 x1 c z_err t0_err x0_err x1_err c_err chi dof b_max delta_15 tmin tmax pre_max post_max message
[from data line 95]
2008bf 184 0.02045854086991265 1555.5475713673782 0.007890819797197341 0.5288114711148895 -0.01997788024540581 4.39605880534627e-07 1.9540221728675533e-05 1.3596343743524364e-05 0.013361544232286526 0.0013516613465367477 4915.240683722797 124.0 -19.00967568200861 0.9580564228635673 1546.79 1646.49 43 141 "Minimization exited successfully."
2008bi 83 0.003500001770007906 1536.520000028248 0.004283715116910255 -2.613366692573802 0.32027257241420615 0.00023501248262750387 0.005439719814489763 3.527924280381659e-05 0.01799121663149328 0.005512636105299729 2325.4471890817154 57.0 -14.487905696570099 1.6327923034045604 1551.52 1628.47 0 83 "Minimization exited successfully."
2008bq 114 0.031646427027228564 1563.975789495547 0.002560617205125579 0.42174677722520837 0.1791677603550632 0.0007000995786408115 0.039740090274563045 5.300365402474737e-06 0.021981137886151192 0.002022335761913796 2804.025963638094 91.0 -18.75502353326414 0.9678673992258702 1562.49 1606.46 6 108 "Minimization exited successfully."
2008bt 84 0.023974057937319288 1568.9130480456247 0.003371265125447781 -2.1890894116477746 0.39772849293910495 0.0007752879393937741 0.06513178074078496 1.89256602286358e-05 0.01711671145369409 0.0037872858581532443 12005.320564137897 53.0 -18.443529552267247 1.5031203712411632 1571.61 1651.47 0 84 "Minimization exited successfully."
2008bz 70 0.017427262642365764 1580.2170202831687 0.0010264980201806773 -0.892983085833988 0.032143721813305604 0.0010999240393000913 0.08113802075001786 4.783772683361696e-06 0.0448016987043669 0.003956431078823375 741.2228181432491 55.0 -16.441170905506112 1.2296356042881307 1580.72 1651.52 0 70 "Minimization exited successfully."
2008cc 167 0.010400000000000003 1580.260183759643 0.016112931629153747 -1.626727719871802 0.33660772847558484 2.5540225611492273e-08 1.2613618878276611e-05 2.3133854468070786e-05 0.008377596126224685 0.0010859102146592026 61484.51248193919 76.0 -18.303712940303036 1.3684038411869093 1582.86 1654.86 0 167 "Minimization exited successfully."
2008cd 23 0.0035000034668900477 1572.7400000021055 0.0014514059805710217 -2.9728551420466722 0.9999999960801951 0.00011492130515336724 0.008302266092186983 7.763898989754316e-06 0.05036171336731532 0.0013801857329652778 1072.4572825646085 18.0 -13.360643897177745 1.632652363494696 1587.74 1595.73 0 23 "Minimization exited successfully."
2008cf 96 0.045970362905040245 1596.373282065899 0.0021164671597753205 0.8505041622741949 -0.01795036522566862 4.86603767099747e-07 3.000686297127686e-05 3.847562941630776e-06 0.01786236006450892 0.0017521422473215642 2124.3548291306683 56.0 -19.38063463109983 0.9021411722402881 1595.77 1654.65 6 90 "Minimization exited successfully."
2008ff 230 0.01776116109392822 1714.6819426743784 0.006322641163291493 -0.4146438547540381 0.31261911428671807 1.668562475687363e-10 5.64341462450102e-10 1.765237213453971e-05 0.01098407660985723 0.0017851970147554352 56689.6723353142 97.0 -18.462271172121575 1.1132889465616085 1724.53 1790.57 0 230 "Covariance may not be accurate."
2008fl 186 0.02681598401993434 1721.0295608233869 0.005446527490062187 -1.1381516044314695 0.18405715768822928 0.0005400945816222084 0.0376338614563565 1.603356977361841e-05 0.00928297838961134 0.0022181058791655994 5123.919572760661 107.0 -19.206082872245737 1.2709580456960339 1724.49 1789.53 0 186 "Minimization exited successfully."
2008fp 300 0.005699999006098103 1733.5250029625063 0.02401110584115087 -0.32283891519448726 0.6236745165681152 3.4616983462035233e-08 2.1040523279225454e-07 3.590571811621854e-05 0.007343751607853388 0.0010641507323674304 49265.270138297994 116.0 -17.438524329258556 1.0753317217133898 1724.84 1874.61 72 228 "Minimization exited successfully."
2008fr 150 0.03969385080249883 1741.5753609210967 0.0018398195361661763 -0.47427163685973905 0.10686809353048554 1.825633715625552e-07 3.879166683873336e-06 5.2202954463551055e-06 0.018634600500190945 0.0022569364316906704 10747.727753394864 85.0 -18.899411505752592 1.1382862383065415 1738.78 1807.57 9 141 "Covariance may not be accurate."
2008fu 103 0.05739771820550975 1732.6460450699878 0.0014609943682435762 -1.464923812936656 -0.09715526080521941 0.00175642845391024 0.12537073881730976 1.962256071786771e-05 0.039651803567328336 0.007868209248012514 407.7609327402753 67.0 -19.47733950793818 1.3702651920724414 1737.84 1817.67 0 103 "Minimization exited successfully."
2008fw 162 0.0038478784106700595 1736.6776199356916 0.02333865328832131 0.18803986242317094 0.22805233052132157 2.7487872410105613e-09 6.354161996569019e-08 3.497483402400969e-05 0.007435477395103085 0.0010321579604061215 18991.04912123423 73.0 -16.53355101196243 1.0067713527333968 1740.89 1827.81 0 162 "Covariance may not be accurate."
2008gg 198 0.031365758246291016 1752.1226453797688 0.0033998032309341844 0.6284077905588683 0.16032488385574473 2.871970060401574e-06 0.0001449985500130424 6.214861023241683e-06 0.012705802248537346 0.001377634456119603 7316.147526939202 113.0 -19.042814244143244 0.9329040417718666 1753.63 1827.57 0 198 "Covariance may not be accurate."
2008gl 166 0.033997334196168606 1768.8910128274206 0.0029544777806181006 -1.3398732760870224 0.042542045870069156 1.306075503616777e-07 1.55918802420274e-05 4.387843434821995e-06 0.011621520750209502 0.0013397051099325319 2672.8735187391185 102.0 -19.067099969870593 1.328437052696394 1765.7 1844.55 24 142 "Covariance may not be accurate."
2008go 43 0.08399998660739488 1764.8315078697494 0.0009270569733778322 1.0083430126735262 0.05483549812605526 0.0045944250773936254 0.17086960371830173 3.809981072343282e-06 0.1282207534069788 0.0030438943444923705 868.8508021197121 31.0 -19.8527493886117 0.8726614457723976 1764.54 1776.58 2 41 "Minimization exited successfully."
2008gp 169 0.042285986922654006 1779.855482870445 0.0031722680085897073 -0.030856763124008424 0.0295268498400445 0.000859513241408684 0.015448326779846866 6.111543990470992e-06 0.014031550282537886 0.001963022979789786 3280.9502673154684 108.0 -19.632104365828148 1.0573522923490764 1768.75 1844.52 44 125 "Minimization exited successfully."
2008ha 106 0.003500000430376816 1770.4876642168754 0.002424244377741125 -2.044077815500127 0.16082938226845966 1.962365815750167e-05 0.05968828495588241 1.8198949308609455e-05 0.020386915519566617 0.004543424865392942 9100.6958874863 81.0 -13.86589941771863 1.491762541341597 1781.55 1810.55 0 106 "Minimization exited successfully."
2008hj 127 0.024409095091393284 1802.2476713734518 0.002939143077709744 0.2936378387401195 0.05125280718341174 0.0007713084674521153 0.01851856592736567 5.315334734952307e-06 0.02149693416120968 0.0018680253974935335 2791.6933929519696 89.0 -18.327298606502097 0.9966812709020552 1794.58 1834.55 37 90 "Minimization exited successfully."
2008hu 97 0.05254374601892554 1806.342932106865 0.0009109828076927563 -1.7349272577334016 0.0742679139307445 0.0013185815480575014 0.06899323965797066 4.2434119422105065e-06 0.03175060257788731 0.003865504873060366 910.9173081265423 72.0 -18.7647957809284 1.4208044499614978 1804.74 1844.84 5 92 "Minimization exited successfully."
2008hv 225 0.004557520659463172 1817.4826003235014 0.020191870073217738 -1.310781409513492 -0.03497021002661005 1.5454985707831145e-07 5.825155312777497e-06 3.3788642745519876e-05 0.0076367680149662664 0.0012397855979089933 8231.163341947418 113.0 -16.741383434101017 1.3282528060985683 1804.8 1912.7 50 175 "Minimization exited successfully."
2008ia 166 0.01691705042779373 1813.357468582729 0.003664821353782083 -1.3109643605599963 0.17019346678282865 0.0015630818235608523 0.029938993941982517 7.811319355019355e-06 0.026425750999764963 0.0034128457907307563 2301.0735983252493 81.0 -17.75887974969111 1.3106983195233326 1809.77 1874.69 22 144 "Minimization exited successfully."
2009D 176 0.025930452111375388 1841.852532358771 0.0072213884336680915 0.6730890658600455 0.058772509723786115 0.00045988721809966937 0.01425716579001346 7.97483429682824e-06 0.010955657585961287 0.0011374208967873667 5285.719629974731 120.0 -19.43743587578122 0.9295506910992142 1834.67 1890.52 54 122 "Minimization exited successfully."
2009F 139 0.08399999999188007 1843.0215510085482 0.002239142703332947 -2.9572942248576846 0.36161022773275775 2.3371365517700637e-05 0.01598879897255756 4.151926817828845e-06 0.015947951801662752 0.001579466115454231 39867.90296719627 84.0 -20.814897935745172 1.7339683686813245 1837.75 1884.63 56 83 "Minimization exited successfully."
2009I 55 0.010344793895110853 1852.651854194509 0.0007301932823587182 0.8231756375161794 0.8158088740074012 0.002250732516263185 0.07507108725462786 7.951337023591454e-06 0.10333048577608972 0.009378153399558276 496.7294314102801 23.0 -14.964050390195819 0.8709212179141623 1846.58 1867.58 18 37 "Minimization exited successfully."
2009J 41 0.0839999988766166 1834.851233045812 0.0012930149848907448 -1.443019154742096 -0.16328761773777845 0.00022218080631386528 0.22180517711717584 2.833612031018641e-05 0.06030986526553983 0.012118483917164136 799.8316328237142 32.0 -20.21345776976456 1.3706503100647573 1846.74 1867.68 0 41 "Minimization exited successfully."
2009P 99 0.0035000002290806204 1868.4018904625573 0.002229071767520366 1.4328026173342039 0.456059117369255 0.0005037732111580605 0.0801483674249539 8.945181901714831e-06 0.03848918272551494 0.002756100985698118 1301.4068400515284 70.0 -13.786874603542678 0.7888644153764162 1867.74 1931.61 6 93 "Minimization exited successfully."
2009Y 264 0.0094 1878.340090735928 0.031525459068710605 0.0382013764938538 0.19238036739499642 2.4885873798306812e-08 1.2257213256816613e-05 3.645269387439476e-05 0.008306344077291694 0.0008121183159076617 28724.851167499277 113.0 -18.808012724536614 1.0357589875526578 1868.84 1976.65 41 223 "Minimization exited successfully."
2009aa 232 0.05607836699365796 1879.1300532140588 0.004645566762975756 -0.5433006351124021 -0.0241043303321109 0.0006842284040556937 0.012032409178118542 6.020437150361293e-06 0.012119959255872725 0.0014860658367831792 4389.812290590118 116.0 -20.680811551336262 1.160506753057117 1868.77 1956.66 66 166 "Minimization exited successfully."
2009ab 102 0.02227798030427293 1883.8117021591058 0.011269271453345756 -0.9185869546729055 0.21817603238251482 0.0012730117309211041 0.014633531484605555 2.150613941138968e-05 0.013195141481017192 0.0028886179192305628 7624.285391310484 55.0 -19.586312230685632 1.2211017847673808 1874.57 1911.51 30 72 "Minimization exited successfully."
2009ad 128 0.047258296476438734 1887.3189759699042 0.004188719007931008 0.29384362217024584 0.04600614737118791 0.0009495994908208585 0.017212657482787108 6.44355637734878e-06 0.015629528526284187 0.001978944114850223 5476.617311118236 67.0 -20.183533397467276 0.9968953988344218 1878.6 1921.53 36 92 "Minimization exited successfully."
2009ag 208 0.010018693595646774 1890.1351222974254 0.010585532969187076 -0.2728324227789507 0.45185563985009836 0.00036601748229320684 0.027112426733879147 2.4759112062275324e-05 0.009768330029240602 0.0018535876706118337 8681.999593550447 103.0 -17.771351758702828 1.0775151892874053 1886.62 1959.54 24 184 "Minimization exited successfully."
2009al 123 0.003669558603536115 1897.3868064306182 0.005046325743649186 -0.6154530415040913 0.26254775872389513 2.4152735905681386e-08 7.392486622848082e-09 1.4315812936388332e-05 0.01447513204179085 0.0022911511616726665 3532.826977196619 78.0 -14.767872326232492 1.155896926933945 1891.71 1973.54 18 105 "Covariance may not be accurate."
2009cz 83 0.022256902764637477 1943.9624569944215 0.008087014431762749 0.6533934818303972 0.07520183431889671 0.0010670813244539421 0.02268890904520049 1.940486702080215e-05 0.02546684758773532 0.0023143625002827184 1749.7681114206084 43.0 -19.222687881492277 0.9322602050358793 1937.53 1966.46 24 59 "Minimization exited successfully."
2009dc 116 0.08399998753702574 1949.3892824928344 0.013278769409627503 1.8883991850540918 0.07307443591558793 5.704837144992342e-05 0.025898824675209653 2.405056257808163e-05 0.019909152304030453 0.001488140383531511 29001.440582981973 54.0 -22.744101167129962 0.7269240535073056 1938.77 1976.68 41 75 "Minimization exited successfully."
2009ds 92 0.0035000000019351123 1962.0956860441188 0.009367635353627746 1.4538260504381828 0.17860866456587932 7.014712193622566e-05 0.03807790606492745 2.421802984311789e-05 0.0516683797860491 0.0026664749843032798 1605.1797250284365 49.0 -15.336168558265474 0.7948231414747617 1954.64 1976.62 29 63 "Minimization exited successfully."
2009le 66 0.01850063159613188 2168.5495275338944 0.011223985788141128 2.835764940831477 0.17731451372679707 0.000793818870450106 0.04322850934113376 2.4094315120141464e-05 0.0562683312943526 0.002091372941596892 3030.024989201331 49.0 -19.17628361273457 0.5570008002650741 2153.53 2169.58 54 12 "Minimization exited successfully."
2010ae 57 0.00350001295418749 2277.6272856672012 0.00041008805228057724 -2.968348578471343 0.9999999834447837 0.0007761892599123213 0.13976140433464934 1.1566504758701867e-05 0.20635253468896275 0.003298144169430639 293.58449496090157 4.0 -11.988372515902732 1.6313659948008805 2258.59 2305.53 52 5 "Minimization exited successfully."
