analysis_pipeline/fit_results/csp_4_sn91bg_color_interpolation_red.ecsv
# %ECSV 0.9
# ---
# datatype:
# - name: obj_id
#   datatype: string
# - name: num_points
#   datatype: int64
# - name: z
#   datatype: float64
# - name: t0
#   datatype: float64
# - name: x0
#   datatype: float64
# - name: x1
#   datatype: float64
# - name: c
#   datatype: float64
# - name: z_err
#   datatype: float64
# - name: t0_err
#   datatype: float64
# - name: x0_err
#   datatype: float64
# - name: x1_err
#   datatype: float64
# - name: c_err
#   datatype: float64
# - name: chi
#   datatype: float64
# - name: dof
#   datatype: float64
# - name: b_max
#   datatype: float64
# - name: delta_15
#   datatype: float64
# - name: tmin
#   datatype: float64
# - name: tmax
#   datatype: float64
# - name: pre_max
#   datatype: int64
# - name: post_max
#   datatype: int64
# - name: message
#   datatype: string
# schema: astropy-2.0
obj_id num_points z t0 x0 x1 c z_err t0_err x0_err x1_err c_err chi dof b_max delta_15 tmin tmax pre_max post_max message
[from data line 103]
SN2005bo 18 0.043500000000000004 498.4190666427068 2.2315482794965646e-14 1.0862231488537655 0.04093077168228276 0.0 41.83387857459158 1.290834462719221 0.32163389927861136 0.5221564059436785 95901.0390316746 14.0 -20.321669301255852 1.5852098777500743 478.75 512.76 16 2 "Covariance may not be accurate."
SN2006bt 49 0.043500000000000004 866.995969329217 5.995204332975845e-15 0.6500000004853386 0.0015367682238995872 0.0 39.6768008680977 1.0114360488452843 0.4045663058053521 0.5980905570938907 141713.83632590843 18.0 -18.95869903515318 2.2623391975263125 853.76 891.71 31 18 "Covariance may not be accurate."
SN2008fl 97 0.043500000000000004 1742.835227947789 6.411537967210279e-15 1.249999824812327 0.5132787633031359 0.0 0.00017858202750176133 0.0 6.498560435108658e-06 2.7367503077357913e-05 600471.1263542622 49.0 -18.034758234700764 1.4567934786741894 1724.49 1789.53 43 54 "Covariance may not be accurate."
SN2007st 74 0.043500000000000004 1461.0866318970245 1.9068080447937064e-14 0.6500231644988919 0.49385015089161294 0.0 0.11580520804295702 4.163336342344337e-17 1.098903756879821e-07 1.4527956052112767e-05 42739.018144451635 28.0 -19.254331131791417 2.2622979271399473 1458.66 1513.52 7 67 "Covariance may not be accurate."
SN2005hc 84 0.043500000000000004 705.0804452676222 2.1649348980190553e-15 1.2268298753075104 0.4964470109695468 0.0 78.23327293089517 0.9223894971447454 0.4122695832401672 0.7095470087385033 262201.88637356926 41.0 -16.885828481339757 1.4719058142330823 661.67 755.61 67 17 "Covariance may not be accurate."
SN2009ab 62 0.043500000000000004 1890.9618965832533 3.938516179857743e-14 1.2100308196868323 0.41087850902213435 0.0 0.012762233665853273 2.498001805406602e-16 0.5199586803947531 0.0011656926364144726 345283.726989155 16.0 -20.227332268849654 1.4833276886189068 1874.57 1911.51 36 26 "Covariance may not be accurate."
SN2007as 88 0.043500000000000004 1195.2958138093818 1.457167719820518e-14 0.8606289162226832 0.520525760676168 0.0 0.019650220622111192 8.326672684688674e-17 0.019745710405249806 0.018031230037331092 273030.0836674703 38.0 -18.914425288431357 1.8516194277591431 1175.59 1259.49 33 55 "Covariance may not be accurate. Covariance not positive definite. Covariance forced positive definite."
SN2006hx 39 0.043500000000000004 1033.5115937584455 3.3306690738754696e-15 0.6650198160409473 0.4916976325529597 0.0 57.45996782357912 0.9223869449139273 0.32606730678089507 0.7084305969816396 11412.939971516997 21.0 -17.36512582528231 2.225340601272542 1013.66 1080.59 10 29 "Covariance may not be accurate."
SN2008ff 144 0.043500000000000004 1732.9740436044397 2.3314683517128287e-14 0.6500014980899665 0.4988095110157447 0.0 52.055538098852935 0.9230789031078929 0.3696306976958755 0.7103880705767374 366773.74043536506 57.0 -19.46048304189912 2.2623526477241214 1724.53 1790.57 48 96 "Covariance may not be accurate."
SN2009ds 56 0.043500000000000004 1976.6199966283227 1.4738210651898953e-14 0.7755067662788333 0.38344582166759356 0.0 2.052209197245247e-06 8.326672684688674e-17 4.158213844407399e-05 0.6915250702565341 93234.7001849216 15.0 -19.215059081510372 1.990030590248601 1954.64 1976.62 54 2 "Covariance may not be accurate."
SN2008O 53 0.043500000000000004 1565.7023449683015 0.10391885188732733 0.6500099592419432 0.5002281854465547 0.0 0.0 0.0 0.0 0.0 89657.79765809313 23.0 -51.07984759053827 2.2623314044968783 1489.71 1546.54 53 0 "Hesse Failed. Covariance may not be accurate. Covariance not positive definite."
SN2006ot 75 0.043500000000000004 1082.8276384579563 1.6653345369377348e-16 1.2294251319228435 0.04094439752479462 0.0 0.0012704890158374837 0.0 2.913302588058997e-06 0.04787154347375566 97605.16640697002 33.0 -15.00388447139295 1.4701684572541573 1063.72 1131.63 44 31 "Covariance may not be accurate."
SN2006py 14 0.043500000000000004 1055.1509565334095 6.827871601444713e-15 0.9552719424046208 0.4397094400332274 0.0 24.59559276626976 0.9745690913983741 0.4358021536354703 0.7092797617805805 7015.881029661145 10.0 -18.26380382709954 1.7238512881922752 1069.54 1091.54 0 14 "Covariance may not be accurate."
SN2005be 23 0.043500000000000004 452.89159684463414 2.040034807748725e-14 0.6841003667380882 0.6943904342642703 0.0 4.202559267696415e-06 0.0 2.4633113374084026e-06 0.03766335251767433 47814.327645733145 19.0 -18.952883322129658 2.180231873790248 467.89 491.77 0 23 "Covariance may not be accurate."
SN2006fw 6 0.043500000000000004 1001.2276843676939 8.326672684688674e-17 0.8445738873076876 0.5267923498054158 0.0 0.39863064266575066 0.0 3.669829298241778e-05 6.507765516738928e-05 8084.568498350522 2.0 -13.296609172648552 1.875612309022248 1001.75 1039.73 0 6 "Covariance may not be accurate."
SN2007ax 57 0.043500000000000004 1169.5695981867182 4.105049633551516e-14 1.1982746921141656 0.2264577342541984 0.0 0.00014869096366965096 0.0 1.9204372435521755e-05 0.0049299013200633235 36194.88753877595 22.0 -20.617516533433058 1.49164408687518 1184.55 1248.47 0 57 "Covariance may not be accurate."
SN2007jg 56 0.043500000000000004 1388.852124249336 1.9984014443252818e-15 0.6686883048649839 0.12389014604417037 0.0 55.0135284319648 0.9223879827723223 0.3208071515626926 0.5521654246302954 122540.20920224042 35.0 -17.553227568278704 2.216503930977492 1363.82 1425.78 30 26 "Covariance may not be accurate."
SN2007af 205 0.043500000000000004 1177.420570261654 3.398947789889917e-13 0.9550846934414461 0.9077068409912946 0.0 69.69348946636853 0.9240716725078361 0.425452492930019 0.5275656459850442 360575.8070538987 63.0 -21.59569366074051 1.7240791253626444 1162.76 1257.72 67 138 "Covariance may not be accurate."
SN2008cc 86 0.043500000000000004 1590.9877352178903 3.072542220650121e-14 1.2408634326536765 0.11688439220576652 0.0 54.988274433351876 0.922387027846772 0.3359416148699796 0.5471161867004359 111125.94018020252 40.0 -20.53363426407612 1.462672742347408 1582.86 1654.86 20 66 "Covariance may not be accurate."
SN2006ef 20 0.043500000000000004 965.1771389552006 2.3897550605056495e-14 1.0374748169570236 0.42982096100531325 0.0 44.62875647725042 0.9223975857392858 0.4006312241133671 0.6921582942436 59854.0685528678 16.0 -19.645252256764028 1.6328710424880306 979.9 1040.71 0 20 "Covariance may not be accurate."
SN2007nq 99 0.043500000000000004 1406.323192576096 1.9984014443252818e-15 1.1466973584863378 0.5119749429087455 0.0 0.06310729638482826 0.0 1.0229188970756198e-05 2.3102919530726407e-05 59651.126185757086 56.0 -16.771151423532334 1.5315923451521805 1397.65 1476.56 14 85 "Covariance may not be accurate."
SN2008bq 50 0.043500000000000004 1567.04455990365 1.1907141939104804e-14 0.6500012526625162 0.49965424324251395 0.0 38.883135686340324 0.9230102910577869 0.36883863297047037 0.7105543441618416 211785.80937236547 28.0 -18.72884414679528 2.26235329962034 1562.49 1606.46 9 41 "Covariance may not be accurate."
SN2008hv 132 0.0126 1912.4540901794114 2.3616976541074308e-08 0.7062362725058062 0.5123171505589013 0.0 0.0 0.0 0.0 0.0 814625.1797296341 48.0 -31.710785882095188 2.1300385230819394 1804.8 1912.7 130 2 "Hesse Failed. Covariance may not be accurate. Covariance not positive definite."
SN2009I 37 0.043500000000000004 1831.5842189568846 9.575673587391975e-15 1.0650726170871685 7.464431295289842e-10 0.0 7.97106122263358e-06 0.0 5.538598126242356e-06 8.977908942775503e-05 6399.1817799294095 6.0 -19.469535644490705 1.6054376332534268 1846.58 1867.58 0 37 "Covariance may not be accurate."
SN2004gc 54 0.043500000000000004 329.98040747239634 2.9976021664879227e-15 0.9117502911753268 0.9057416412770991 0.0 3.7179590363051886 0.0 9.463985749730286e-05 9.447600208006834e-05 160399.11926303158 50.0 -16.463273527134668 1.7795998034587228 329.83 397.66 2 52 "Covariance may not be accurate."
SN2005lu 39 0.043500000000000004 731.1062252241346 6.744604874597826e-15 0.6500000111702939 0.4460294537318032 0.0 60.54089364793464 0.9272012624910757 0.3708457433568706 0.721543853643576 40660.80257155965 30.0 -18.236660223568 2.26235448080665 719.66 799.52 12 27 "Covariance may not be accurate."
SN2007al 72 0.043500000000000004 1207.4671384816393 8.326672684688674e-17 0.650000000013555 0.24394313393670775 0.0 69.04415183513436 1.0120987798369399 0.404840873324241 0.621834202538267 154647.20136064602 32.0 -13.843592498146432 2.2623495725496205 1170.77 1246.58 52 20 "Covariance may not be accurate."
SN2005gj 112 0.043500000000000004 891.0684866525975 1.2073675392798577e-14 0.9499874695254305 0.49983728706292263 0.0 243.8423435003985 0.9224640081316915 0.42623765073374165 0.710363459717019 368271.67210980586 59.0 -18.74347215092606 1.7303230925840154 698.7 1016.76 106 6 "Covariance may not be accurate."
SN2008bz 26 0.043500000000000004 1607.0907725698364 1.6653345369377348e-16 0.6500245602647569 0.016115660695055045 0.0 60.83648570776268 0.9297949719575478 0.3702733027914992 0.5582412471796382 97454.90261484118 22.0 -15.044682465057107 2.262277808789399 1580.72 1651.52 16 10 "Covariance may not be accurate."
SN2007bc 64 0.043500000000000004 1200.8020391868235 2.1066481892262345e-14 0.8561568997200066 0.5090372851287815 0.0 0.033623682397092125 0.0 7.712481096655566e-06 1.3480816158428777e-05 59555.060555703916 30.0 -19.33312323010437 1.858228295440579 1196.65 1259.53 11 53 "Covariance may not be accurate."
SN2008fr 82 0.043500000000000004 1724.6396545898494 1.7985612998927536e-14 0.7248040534674512 0.26694472600137414 0.0 47.7746510028785 0.9223903549136954 0.33163246797165924 0.6325506792699662 52502.905971730375 41.0 -19.63783983296131 2.0897812570983803 1738.78 1807.57 0 82 "Covariance may not be accurate."
