analysis_pipeline/fit_results/csp_4_salt2_2.4_blue.ecsv
# %ECSV 0.9
# ---
# datatype:
# - {name: obj_id, datatype: string}
# - {name: num_points, datatype: int64}
# - {name: z, datatype: float64}
# - {name: t0, datatype: float64}
# - {name: x0, datatype: float64}
# - {name: x1, datatype: float64}
# - {name: c, datatype: float64}
# - {name: z_err, datatype: float64}
# - {name: t0_err, datatype: float64}
# - {name: x0_err, datatype: float64}
# - {name: x1_err, datatype: float64}
# - {name: c_err, datatype: float64}
# - {name: chi, datatype: float64}
# - {name: dof, datatype: float64}
# - {name: b_max, datatype: float64}
# - {name: delta_15, datatype: float64}
# - {name: tmin, datatype: float64}
# - {name: tmax, datatype: float64}
# - {name: pre_max, datatype: int64}
# - {name: post_max, datatype: int64}
# - {name: message, datatype: string}
# schema: astropy-2.0
obj_id num_points z t0 x0 x1 c z_err t0_err x0_err x1_err c_err chi dof b_max delta_15 tmin tmax pre_max post_max message
2004dt 181 0.0197 239.9999994544352 0.015823890696364373 -1.2715364674750544 -0.04253360035455478 0.0 2.3065280402079225e-05 4.058380350355911e-05 0.01120375506493776 0.00183245157321682 428202.43646210677 177.0 -19.680817691923075 1.31975264740805 249.79 365.62 0 181 "Minimization exited successfully."
2004ef 167 0.031 264.6440137885489 0.0025314245509950543 -1.4132712654236714 0.19224842430224043 0.0 0.0065441058841884114 2.545335520223648e-06 0.008084790015265186 0.001551541965824188 14386.691396452916 163.0 -18.69591665119454 1.3321393097383876 255.69 329.57 39 128 "Minimization exited successfully."
2004eo 147 0.0157 278.74524630276346 0.010668068268184666 -1.1739818041771093 0.1153344423620335 0.0 1.7037777411132993e-06 9.8820599999834e-06 0.004376986900456181 0.0015941863150537028 18112.127449187377 143.0 -18.754022940671675 1.284555047537017 266.52 341.54 45 102 "Minimization exited successfully."
2004ey 111 0.0158 305.05148058918724 0.013406334017939071 0.19618551107295623 0.06839175501738137 0.0 0.009778424565752175 1.3648190448034732e-05 0.010209041892797366 0.0013123782321546873 4729.754894915554 107.0 -19.016342266020665 1.0134483795146156 295.53 352.55 31 80 "Minimization exited successfully."
2004gc 80 0.0321 330.09547377341573 0.0013494784645375875 -1.5864342836661125 0.4921110364609065 0.0 1.6137183934006316e-05 3.823673412399432e-06 0.017088460508325687 0.00470687469018416 10246.194567621495 76.0 -18.101304333415065 1.343805137415444 329.83 397.66 3 77 "Covariance may not be accurate."
2004gs 164 0.0267 358.3455827240499 0.0020089921326454543 -2.3139176004526085 0.24468533673702098 0.0 8.665681775710254e-06 3.953796422631736e-06 0.013741819936679667 0.00325985867011247 74981.15451744238 160.0 -18.114535246658964 1.5559404323970725 352.85 461.56 16 148 "Minimization exited successfully."
2004gu 88 0.0459 363.0394075130743 0.0016605575400051977 1.4371176969776744 0.16577595813669688 0.0 0.07357532421971769 5.52255999912714e-06 0.04591371115168208 0.004476622728321389 748.5381216319821 84.0 -19.115935496465344 0.797963445455828 357.86 410.84 8 80 "Minimization exited successfully."
2005A 73 0.0191 381.5650156015793 0.0008404648386084097 -0.6328751612492596 0.9999998644820884 0.0 2.667074056716956e-05 2.006793080866476e-06 0.028943284623012655 5.1815655368825375e-05 2314.969639192488 69.0 -16.479836609540246 1.1043905339369147 376.65 432.52 8 65 "Covariance may not be accurate."
2005M 209 0.022 407.480077360535 0.006482264569204355 1.2815825394785483 0.05424286701047576 0.0 2.337719220690815e-05 9.066357785797365e-06 0.016197956087784515 0.0013279916265768188 124515.15877681655 205.0 -18.957354056474582 0.827171551297738 396.77 480.51 38 171 "Minimization exited successfully."
2005W 77 0.0089 412.95968520810203 0.027550832306362988 0.009469892533624957 0.25491453131900177 0.0 0.021874213256666053 5.158646014914378e-05 0.03168965350340036 0.002664416078992038 1554.272068691396 73.0 -18.543648537028893 1.0375489107702638 404.54 429.51 27 50 "Minimization exited successfully."
2005ag 163 0.0797 415.39577519004894 0.0006210188819327889 0.2689009648657006 0.05093423124803231 0.0 0.07414700360197912 1.5680301752377113e-06 0.03867048203626622 0.002838853460728097 18388.077355860914 159.0 -19.296478657142128 1.0011499186228932 412.82 480.84 12 151 "Minimization exited successfully."
2005al 140 0.0124 431.56161857967436 0.015435362870787334 -1.3410332537269887 0.003723407825817704 0.0 0.02508659645857847 2.2086965997299667e-05 0.010651649408115471 0.0015659767102628175 56964.538512184175 136.0 -18.6363559237397 1.33204045590446 429.76 512.79 8 132 "Minimization exited successfully."
2005am 137 0.0079 440.06563152369336 0.044440806483007356 -2.3678951181193977 0.05967179976400083 0.0 3.899212430269472e-06 5.966493745726206e-05 0.005853161776743887 0.0014183087935407679 85609.15731284671 133.0 -18.797791119497887 1.5942969007771026 432.58 512.46 9 128 "Covariance may not be accurate."
2005be 45 0.035 459.7178570530744 0.0029831355238450793 -1.7104129461574025 -0.042254070691836176 0.0 0.0754680958237941 2.624290445052955e-05 0.01898446880076965 0.0057610213039073765 690.3040975614337 41.0 -19.142093091930295 1.4261331233781078 467.89 491.77 0 45 "Minimization exited successfully."
2005bg 64 0.0231 469.58562864351256 0.007032881899757315 0.7844183054368763 0.05029102781336392 0.0 0.12213973005768253 2.8845261006559247e-05 0.05562356694506487 0.0025443963805998893 1392.7067582141667 60.0 -19.153114542714313 0.9107731852447074 471.65 512.61 0 64 "Minimization exited successfully."
2005bl 41 0.0241 482.3663590184047 0.0005160609311996106 -4.9999999827508415 0.8668095035923797 0.0 0.020540906458052177 2.6362261990875435e-06 0.006611050776481164 0.008475046980955803 2761.30749739945 37.0 -16.447944510471586 2.508887094319782 476.61 512.57 23 18 "Minimization exited successfully."
2005bo 36 0.0139 478.78223836720883 0.008317740956031165 -1.0033095558317644 0.2386640659406143 0.0 0.11081023683431113 3.100484287049503e-05 0.07408755610693851 0.0038961622979694077 1052.0795279785575 32.0 -18.21883060237427 1.237405120594664 478.75 512.76 4 32 "Minimization exited successfully."
2005el 93 0.0149 649.0150004809024 0.0133497673263795 -1.5951977294653705 -0.08076524649661276 0.0 3.5475233062243205e-07 2.0526411035786882e-05 0.004420243669217339 0.0018852810071098292 98160.42655343574 89.0 -18.881904010611084 1.4008179687839046 639.89 730.75 9 84 "Covariance may not be accurate."
2005eq 99 0.029 656.3009895702378 0.004012542908263322 0.9870147561849425 0.11901274190974931 0.0 3.267943407081475e-05 8.760503405542963e-06 0.02220155987095085 0.0028266796688115603 36158.8962180015 95.0 -19.04827559610826 0.8738397726211495 650.81 751.66 8 91 "Minimization exited successfully."
2005gj 81 0.0616 712.4905325096332 0.0010082888953284214 4.999999999215973 0.7907690101962781 0.0 2.072448688750228e-05 3.3249216580419566e-06 0.0002872916367824274 0.007121595602031627 79982.6308870243 77.0 -19.32979226751538 0.19678277868303695 698.7 795.54 16 65 "Minimization exited successfully."
2005hc 79 0.0459 668.1158008657756 0.0018113670803110188 0.8313261400675405 0.07488929334822236 0.0 0.03879410859548216 3.203574984464463e-06 0.031735867437008736 0.00295194289314038 21513.26092086168 75.0 -19.208488149899203 0.9017979107515828 662.72 755.61 16 63 "Minimization exited successfully."
2005hj 50 0.0574 676.7600107857845 0.0012270992456645232 0.7571777748803035 0.0801006690047148 0.0 1.0265024400268885e-05 4.31893480551252e-06 0.05063268015897249 0.006190037877503385 3541.8872437007426 46.0 -19.28934082399336 0.9142272293702369 671.67 761.57 12 38 "Minimization exited successfully."
2005hk 89 0.013 685.9100579145485 0.006680206700502931 -1.2610026516097594 0.3142042600287964 0.0 6.058959911570128e-07 1.0545070571257864e-05 0.013125132049904398 0.002738435422962038 113715.15883723507 85.0 -17.836042003058076 1.2868324472401547 675.61 761.54 16 73 "Covariance may not be accurate."
2005iq 70 0.034 688.2296360642479 0.003106991940415599 -0.9651383381849641 -0.0379734500453105 0.0 0.0205960852069893 7.092511764929255e-06 0.02667328897718413 0.003132977528543357 2700.6149876408426 66.0 -19.122027829615227 1.2504054243074023 682.55 755.55 16 54 "Minimization exited successfully."
2005ir 52 0.0763 686.0350694978197 0.0006642929021090177 0.5152805367500086 0.061252275431643355 0.0 0.10740937237818571 3.0789544433737818e-06 0.0926283437687756 0.004667074364556711 252.63048845460182 48.0 -19.27001733623993 0.956887271442806 682.62 728.63 15 37 "Minimization exited successfully."
2005kc 48 0.0151 698.1988986452525 0.006444738882947771 -0.6409856145962056 0.35237410960046356 0.0 0.015202797179028948 1.5310714129197767e-05 0.018789844194653238 0.0036967462202767143 1721.2619464111349 44.0 -18.127423490199533 1.1545932213962349 687.52 728.54 19 29 "Minimization exited successfully."
2005ke 145 0.0049 700.3750062181489 0.014389810368638645 -1.3233517627216314 0.6129943654150001 0.0 7.609628482896369e-10 2.453457259590005e-05 0.013184022539685314 0.002343305138066576 342446.5122407061 141.0 -16.551607198004273 1.273717965233864 689.69 819.51 24 121 "Covariance may not be accurate."
2005ki 163 0.0192 705.8435557374103 0.009281102637236199 -1.509449842435155 -0.01778644340382063 0.0 0.013352652862920422 1.8488142923755828e-05 0.01135884298674461 0.0029814173465005367 215406.61244160985 159.0 -19.04471211462842 1.3740006408597267 695.86 861.5 12 151 "Minimization exited successfully."
2005ku 20 0.0454 698.9267828714883 0.0013320166336753287 0.1442361734948321 0.2093973612553659 0.0 0.36125949461876417 1.4906200510861355e-05 0.2115957152987642 0.01076478793215363 85.2796217773617 16.0 -18.851695431077587 1.015609327496442 699.56 729.56 0 20 "Minimization exited successfully."
2005lu 49 0.032 719.9400020613843 0.001328911004902117 -0.3425569731380911 0.4707491656594833 0.0 1.0863720945053501e-07 7.10195164635441e-06 0.048076257960789626 0.008518497487503551 3951.827519581396 45.0 -18.077239727421073 1.089216510974186 720.63 799.52 0 49 "Covariance may not be accurate."
2005mc 52 0.0252 730.9775893434455 0.0024008024139692053 -2.0086692928486096 0.2640608005249998 0.0 0.1069574087177898 2.700247967288576e-05 0.02577711078553202 0.007861916926643508 597.4270218288722 48.0 -18.18060733316384 1.4710305483351291 736.79 773.62 0 52 "Minimization exited successfully."
2005na 91 0.0263 741.5470036223495 0.005526547491613843 -0.5423515708229747 -0.03134178200717719 0.0 0.035168872124245354 1.0225187613882754e-05 0.020994089285905293 0.003003457363503881 28675.887758453788 87.0 -19.177340021152435 1.160772906490191 738.71 834.54 8 83 "Minimization exited successfully."
2006D 147 0.0085 759.3353661698839 0.02884117747292317 -1.5577209817489361 0.14563002053767127 0.0 1.2072354138581431e-07 4.96953551820372e-05 0.009611968480880861 0.001989138167777904 451235.3271234542 143.0 -18.48963884194106 1.3704235259466753 751.84 891.61 8 139 "Minimization exited successfully."
2006X 124 0.0052 786.8105083876579 0.010578080529520624 -0.5260981782662508 1.474142007605423 0.0 0.00877381204344374 1.957976785235422e-05 0.009990415927244811 0.002249400753976616 381190.4515782678 120.0 -16.44543402504094 1.0494950445258748 775.68 906.46 22 102 "Minimization exited successfully."
2006ax 90 0.0167 828.082636615218 0.014210710519310036 0.004654329827241455 0.012091889763458097 0.0 0.009532106458607359 2.733158680345068e-05 0.012610699206628606 0.0019174728223605442 48912.2699957252 86.0 -19.20100443883541 1.0516251359373907 815.64 891.5 24 66 "Minimization exited successfully."
2006bd 21 0.0257 815.3051711149332 0.0006460842666162148 -0.8208526076756186 0.6930323094270665 0.0 0.0007037366141844359 0.028343306986131158 6.899915439277277 1.465405377006686 704.7250214964498 17.0 -16.821436899850944 1.1637519488827728 823.7 872.57 0 21 "Covariance may not be accurate."
2006bh 73 0.0109 833.7604931439878 0.02851787015497774 -1.56346055571876 -0.016694736829535595 0.0 0.023191083402196 4.737110686175647e-05 0.01014172641698563 0.002014680871220198 41742.37111657151 69.0 -19.020265093505948 1.387063329012836 831.9 891.79 7 66 "Minimization exited successfully."
2006br 23 0.0246 849.6306470999651 0.0004382936560443002 -0.3376782570528656 0.9999999948407892 0.0 0.4727052802167009 1.0929627351970167e-05 0.2040217403709308 0.00962758378515638 29.74841961459446 19.0 -16.33176516215512 1.051645844722426 858.69 890.61 0 23 "Minimization exited successfully."
2006bt 39 0.0322 858.3439920630456 0.002492260681588682 0.24584710260061549 0.25467859701510553 0.0 0.05190641292227838 9.025819355189127e-06 0.04202921324494335 0.005115891803499251 939.445500839679 35.0 -18.765832763708183 0.9951065353917024 853.76 891.71 3 36 "Minimization exited successfully."
2006dd 141 0.0059 931.5455236330602 0.04999998906795942 4.9999975971156 0.9999837020336524 0.0 6.878855742797896e-06 2.351506120587543e-06 0.0006140711121283005 0.00042504082317984526 1251596.8940398819 137.0 -18.40762246286939 0.20076329618166255 906.94 1147.57 1 140 "Minimization exited successfully."
2006ef 36 0.0179 970.6908964683223 0.010192487153733802 -1.5739021394094972 0.03849413965144888 0.0 0.06117856013116807 7.614309051563045e-05 0.01986608244931931 0.004992133828488954 32751.8494700318 32.0 -18.99208977812324 1.3844724656068195 979.9 1040.71 0 36 "Minimization exited successfully."
2006ej 43 0.0205 976.3277128098557 0.008092205922865695 -1.518670461192237 0.007086851620992096 0.0 0.08453290374910694 5.3013265984785604e-05 0.01995895857712293 0.005456118441690361 8235.2300613154 39.0 -19.040297576932424 1.3739706128143059 979.74 1046.74 0 43 "Minimization exited successfully."
2006eq 36 0.0495 974.2982669754301 0.0007662835270757285 -1.9132508880986343 0.19382505043580367 0.0 0.2187306649555012 1.794533476811997e-05 0.04591094909612092 0.01755139303677411 57.183785270911685 32.0 -18.444272117329508 1.4538362494131185 981.64 1018.51 0 36 "Minimization exited successfully."
2006et 85 0.0226 995.4505684570127 0.0062885502985976895 0.7569183752934538 0.23554483797672066 0.0 1.2152244266872003e-05 1.3033576817278805e-05 0.019562575151649053 0.002831029720131384 56789.74125997787 81.0 -18.98616506692496 0.9077993265086022 983.64 1099.54 15 70 "Minimization exited successfully."
2006ev 29 0.0287 989.6855558253694 0.0018957127407176729 -1.3793617696771463 0.27418888421224663 0.0 0.13631323542523432 2.1182257446775176e-05 0.04099309479801949 0.008676392084120521 95.98839379485192 25.0 -18.212845046801682 1.3168853254254884 994.59 1038.53 0 29 "Minimization exited successfully."
2006fw 25 0.0835 1004.2260538008933 0.0003796121043320139 -0.4713564333669851 0.16345796219021969 0.0 0.11564849384797071 2.1006087046193667e-06 0.09368735414587981 0.005918841249956008 851.7419088796685 21.0 -18.869819022601455 1.1340603203084108 1001.75 1039.73 5 20 "Minimization exited successfully."
2006gj 52 0.0284 1001.3112338523601 0.0011154620778247527 -2.3153338212068864 0.3780834809445881 0.0 4.685077385602199e-05 4.75196488201597e-06 0.05543241072478944 0.008046610167751767 2655.600375106396 48.0 -17.616972497981315 1.5396612796664613 998.83 1096.59 4 48 "Minimization exited successfully."
2006gt 39 0.0448 1002.8742746258906 0.0007712524893944445 -2.119205668501994 0.33398010777421194 0.0 0.08785303698886082 3.722887120798102e-06 0.05832559041317209 0.00926528456505471 1437.4273984454485 35.0 -18.231041321261372 1.492138933058989 1001.67 1076.62 4 35 "Minimization exited successfully."
2006hb 89 0.0153 1000.6751669369307 0.011640819954999894 -2.091972617412025 0.06973594147908946 0.0 0.03993840766787571 5.862800923084159e-05 0.01331613931494191 0.0038652369343966653 91517.45931870243 85.0 -18.791201024726742 1.5147700142886116 1007.88 1143.59 0 89 "Minimization exited successfully."
2006hx 31 0.0455 1022.3356081185173 0.0015155759594969482 -0.13304953242354856 0.1717478844840452 0.0 0.044458976891405655 1.567496762249496e-05 0.06661713444530237 0.011465809300041596 683.672844228975 27.0 -18.995848064825793 1.068604474599475 1012.66 1080.59 8 23 "Minimization exited successfully."
2006is 96 0.031 1014.2506826451533 0.004200504001806183 0.40079904217821394 0.1483210186020505 0.0 1.0391755324690166e-05 8.383896359801316e-06 0.01882779925452338 0.0027781442310544913 133218.68042545003 92.0 -19.245985841093 0.9730029797168385 1008.9 1125.67 7 89 "Minimization exited successfully."
2006kf 62 0.0213 1041.5190583883693 0.003215367096206154 -2.047429132308309 0.19380078912921883 0.0 0.02331823439328673 7.875930016275215e-06 0.01988911154277262 0.003635366340861812 11217.270764592417 58.0 -18.12452264910825 1.4890160140659532 1036.81 1127.64 12 50 "Minimization exited successfully."
