analysis_pipeline/fit_results/csp_4_sn91bg_color_interpolation_blue.ecsv
# %ECSV 0.9
# ---
# datatype:
# - {name: obj_id, datatype: string}
# - {name: num_points, datatype: int64}
# - {name: z, datatype: float64}
# - {name: t0, datatype: float64}
# - {name: x0, datatype: float64}
# - {name: x1, datatype: float64}
# - {name: c, datatype: float64}
# - {name: z_err, datatype: float64}
# - {name: t0_err, datatype: float64}
# - {name: x0_err, datatype: float64}
# - {name: x1_err, datatype: float64}
# - {name: c_err, datatype: float64}
# - {name: chi, datatype: float64}
# - {name: dof, datatype: float64}
# - {name: b_max, datatype: float64}
# - {name: delta_15, datatype: float64}
# - {name: tmin, datatype: float64}
# - {name: tmax, datatype: float64}
# - {name: pre_max, datatype: int64}
# - {name: post_max, datatype: int64}
# - {name: message, datatype: string}
# schema: astropy-2.0
obj_id num_points z t0 x0 x1 c z_err t0_err x0_err x1_err c_err chi dof b_max delta_15 tmin tmax pre_max post_max message
2004dt 181 0.0197 243.59144995237355 1.4022116801015727e-13 0.762893495879879 0.5063974529182491 0.0 0.020046235901446607 4.996003610813204e-16 0.0012486920752554087 0.002304743891416716 270620.283178378 177.0 -19.636511598676837 2.013452278835853 249.79 365.62 0 181 "Covariance may not be accurate. Covariance not positive definite. Covariance forced positive definite."
2004ef 167 0.031 267.0773307020243 1.3072876114961218e-14 1.247982813969235 0.4326968840938925 0.0 29.493671787317894 0.9244783616967456 0.3839964058054263 0.6929837867487969 334148.36854967294 163.0 -18.228324245269693 1.4580855857970363 255.69 329.57 47 120 "Covariance may not be accurate."
2004eo 147 0.0157 278.04901426169863 8.35165270274274e-14 1.2099915279266868 0.5110039646117647 0.0 0.00040771883172396883 0.0 0.0004009917787648476 8.493550048394027e-06 248296.96942353266 143.0 -18.56708230627174 1.4833573983195514 266.52 341.54 42 105 "Covariance may not be accurate."
2004ey 111 0.0158 306.3713665165327 8.6014528832834e-14 1.2498772611959368 0.5311751708173699 0.0 0.00019194545558320897 4.163336342344337e-17 3.2657466208951824e-05 1.652458335094087e-05 350440.317615117 107.0 -18.58025895666577 1.456872037187523 295.53 352.55 35 76 "Covariance may not be accurate."
2004gc 80 0.0321 320.05155351836993 2.1399548799649892e-14 1.0634641384270629 0.4834515928705155 0.0 22.272941045488068 0.9223868755369399 0.39076519011593397 0.7064489979397227 53862.19429908729 76.0 -18.726308100975658 1.607016208119834 329.83 397.66 0 80 "Covariance may not be accurate."
2004gs 164 0.0267 338.0349619771806 2.5895952049381776e-14 1.0670876903341082 0.5000838809878029 0.0 nan 0.0 4.3716550235051166e-05 6.251884166441624e-05 176869.61369421837 160.0 -18.484310634912124 1.6034963781710196 352.85 461.56 0 164 "Covariance may not be accurate."
2004gu 88 0.0459 349.2177232404118 2.4480417692984702e-14 1.249998351681735 0.5003716310719662 0.0 0.48016622092242756 4.163336342344337e-17 1.1743364821681368e-06 0.0004092199809045127 61539.13069209913 84.0 -19.63038505025816 1.4567944054894149 357.86 410.84 0 88 "Covariance may not be accurate."
2005A 73 0.0191 362.36734031094124 2.348121697082206e-14 1.240751972858318 0.49995202257181004 0.0 0.09100279007466838 0.0 0.000100870040318779 0.00027609321489560634 23789.190230076056 69.0 -17.638362301260482 1.4627558362005821 376.65 432.52 0 73 "Covariance may not be accurate."
2005M 209 0.022 381.77210807928014 1.965094753586527e-13 0.6941529526635835 0.397036517217101 0.0 24.870047835918484 0.9373602702355194 0.4317330220797098 0.6821930618129017 489207.27709517913 205.0 -20.48524719696725 2.157167147405346 396.77 480.51 0 209 "Covariance may not be accurate."
2005W 77 0.0089 413.5990863401487 2.165767565287524e-13 1.2471067656692234 0.5289354718807449 0.0 29.15325880468984 0.9228734911631564 0.38598780833063023 0.7168925867317073 90902.99707132381 73.0 -18.328659563151902 1.4586505256448827 404.54 429.51 31 46 "Covariance may not be accurate."
2005ag 163 0.0797 426.0767805524006 8.326672684688674e-17 1.0982235510284557 0.00024054494862352227 0.0 7.374404364668408e-05 0.0 1.0497411921939204e-06 0.02162424238537808 446389.59138315474 159.0 -15.688732729802854 1.5740366287976357 412.82 480.84 54 109 "Covariance may not be accurate."
2005al 140 0.0124 416.4176213759058 3.434752482434078e-13 0.6561431265977169 0.5066216747670503 0.0 0.017461369995032783 4.163336342344337e-17 4.227217602403854e-06 1.6905493349705925e-05 304747.30560884223 136.0 -19.591480146072406 2.2470340016832377 429.76 512.79 0 140 "Covariance may not be accurate."
2005am 137 0.0079 425.9420158647044 8.303358001171546e-13 0.6525315686228117 0.4949848100820792 0.0 29.518365559013745 0.92238858471072 0.38473642800152413 0.7092045608801171 316632.6132495675 133.0 -19.586148038857345 2.2560091972354464 432.58 512.46 0 137 "Covariance may not be accurate."
2005be 45 0.035 454.43428738928105 3.197442310920451e-14 0.9796365893052914 0.4962823080877313 0.0 20.358575545864483 0.9223868586744993 0.4187913742844686 0.7095075593595525 75826.09170667182 41.0 -19.323831861737837 1.6951046222143162 467.89 491.77 0 45 "Covariance may not be accurate."
2005bg 64 0.0231 456.71133445033905 5.986877660291157e-14 1.2112234757178897 0.26024235578000077 0.0 23.92450202209764 0.9223914137685465 0.30202512231583983 0.6294970069665836 207921.3140849966 60.0 -19.546773063427977 1.4824971162747467 471.65 512.61 0 64 "Covariance may not be accurate."
2005bl 41 0.0241 485.0245689673545 7.827072323607354e-15 0.6500000491405039 0.5000655752385998 0.0 0.024917430064306245 4.163336342344337e-17 0.3347474206527479 5.4324795483562394e-05 52780.39818644752 37.0 -16.958515346587674 2.2623563425850506 476.61 512.57 30 11 "Covariance may not be accurate. Covariance not positive definite. Covariance forced positive definite."
2005bo 36 0.0139 484.1878617975769 2.581268532253489e-14 1.06309870292846 0.011468259151068583 0.0 28.513341218991343 0.9223868981217523 0.393320196510108 0.657086132910198 16972.790830187387 32.0 -18.002205118952197 1.6073590904767023 478.75 512.76 16 20 "Covariance may not be accurate."
2005el 93 0.0149 647.153082000608 1.180722186688854e-13 0.8004542187272374 0.4141824324243814 0.0 28.880839091980874 0.9223867737573269 0.44379347152132725 0.6875210453576588 141965.09111836858 89.0 -19.03931164691303 1.9461888498710493 639.89 730.75 9 84 "Covariance may not be accurate."
2005eq 99 0.029 634.4975899900445 9.992007221626409e-14 0.9062542056178371 0.4801732582342261 0.0 0.0008028735801985931 4.163336342344337e-17 0.0015181750441419783 4.5398789042055965e-05 213403.81646111878 95.0 -20.18161759302503 1.7870274513586288 650.81 751.66 0 99 "Covariance may not be accurate."
2005gj 81 0.0616 701.7990486230109 8.076872504148014e-15 1.080255969517842 0.33007293270511434 0.0 28.813551860024063 1.257156621212533 0.3383741034290097 0.6051287754245471 111019.09334216912 77.0 -19.44565125253593 1.5908601158834266 698.7 795.54 8 73 "Covariance may not be accurate."
2005hc 79 0.0459 646.8177853886986 4.846123502488808e-14 0.8327854203450602 0.5000851335243142 0.0 nan 0.0 5.4236166395715824e-05 7.431051277012601e-05 192588.7522533913 75.0 -20.372275658054903 1.893737458970346 662.72 755.61 0 79 "Covariance may not be accurate."
2005hj 50 0.0574 680.0015274816639 7.66053886991358e-15 0.6500000662059519 0.271096484920609 0.0 29.062898673467828 0.9223869056445901 0.3688709092390047 0.7396427750840959 89106.90553378199 46.0 -19.328593022821437 2.2623501717023515 671.67 761.57 12 38 "Covariance may not be accurate."
2005hk 89 0.013 663.8124219824705 1.407207683712386e-13 0.6519242067306366 0.20842589942363565 0.0 7.345583185269788e-06 4.163336342344337e-17 2.2965939094898857e-08 0.0009282966772511392 408188.5531803663 85.0 -19.32396902309665 2.257518872213625 675.61 761.54 0 89 "Covariance may not be accurate."
2005iq 70 0.034 684.2556744628039 2.4730217873525362e-14 0.8275801106391578 0.47350819684930745 0.0 27.542580792049932 0.9223870318441435 0.38711300240764746 0.7161624474083838 189833.85986917044 66.0 -19.03474935569897 1.9018933091594548 682.55 755.55 8 62 "Covariance may not be accurate."
2005ir 52 0.0763 689.6745537242497 3.6637359812630166e-15 1.0915515743883109 0.44723446711559917 0.0 0.003929005368888738 0.0 0.039967498290323755 2.3431332292905838e-05 34094.24916472171 48.0 -18.84289401268709 1.5802315827367224 682.62 728.63 20 32 "Covariance may not be accurate."
2005kc 48 0.0151 705.7384626816756 4.8711035205428743e-14 0.7366480366119851 0.5000065577069899 0.0 0.012335065595834749 4.163336342344337e-17 1.6395732113094752e-05 0.7432679120573814 346821.2464753123 44.0 -17.91356721848897 2.0651237470089683 687.52 728.54 31 17 "Covariance may not be accurate. Covariance not positive definite. Covariance forced positive definite."
2005ke 145 0.0049 696.9779886486343 1.6561751969845773e-13 0.8237481531065975 0.49963372256881683 0.0 0.005038162956225278 1.6653345369377348e-16 0.0031288386933781553 1.728609060494546e-05 104979.09579143775 141.0 -16.782139115350397 1.9079634706483048 689.69 819.51 16 129 "Covariance may not be accurate."
2005ki 163 0.0192 703.1049517801188 4.6129766673175254e-14 1.122139903688244 0.5018459962341292 0.0 28.87754688967067 0.9223873349581981 0.3638080011158508 0.7107909617155438 141282.1632303319 159.0 -18.37998906999009 1.5525384295671536 695.86 861.5 8 155 "Covariance may not be accurate."
2005ku 20 0.0454 722.0949695481252 4.3298697960381105e-15 0.7378969209934005 0.32344347265334383 0.0 28.07745025843161 0.9223869849200408 0.3405119767086901 0.6562415479289071 54958.604406510894 16.0 -18.09229246354991 2.062566826848446 699.56 729.56 18 2 "Covariance may not be accurate."
2005lu 49 0.032 712.4909414793235 4.27158308724529e-14 0.6500460438963305 0.5000049031016757 0.0 0.06511790277357932 3.3306690738754696e-16 8.138245650768372e-06 0.008394524990448876 29310.446506966073 45.0 -19.429678793995958 2.262240603504651 720.63 799.52 0 49 "Covariance may not be accurate. Covariance not positive definite. Covariance forced positive definite."
2005mc 52 0.0252 728.3280836647076 3.9218628344883655e-14 0.650000155500009 0.4997784033389231 0.0 23.12893553355741 0.9223868840344065 0.3690834748755962 0.7103169422571133 36288.536930862676 48.0 -18.807625393203097 2.262356065697162 736.79 773.62 0 52 "Covariance may not be accurate."
2005na 91 0.0263 747.8027825688677 2.6478819137309983e-14 1.2397718243595648 0.45070806503928373 0.0 30.69616394008409 1.007181174939348 0.3339262134205521 0.719281824649843 142936.61790050514 87.0 -18.590627351455552 1.4633911748203197 738.71 834.54 16 75 "Covariance may not be accurate."
2006D 147 0.0085 750.1830528331891 3.5013658639115874e-13 0.6679520870294553 0.5255405795146671 0.0 29.465008668135283 0.9223884072079687 0.3218210961894229 0.7159642539477306 434359.7294952947 143.0 -18.755262014112574 2.2182812049595206 751.84 891.61 0 147 "Covariance may not be accurate."
2006X 124 0.0052 781.9438396228131 1.2606582444618653e-13 0.9457326045154987 0.5083863344162662 0.0 28.717254690281038 0.9239318470116917 0.42522710059670804 0.7129409050743718 530652.0264928777 120.0 -16.601216182814014 1.7355935531476145 775.68 906.46 10 114 "Covariance may not be accurate."
2006ax 90 0.0167 826.329769786894 5.695444116327053e-14 1.0677836983377225 0.00042214517644362237 0.0 2.3133505578698532e-05 0.0 3.428046315701039e-07 0.00017159742205605233 108485.87119634793 86.0 -19.282166654454645 1.6028084437750856 815.64 891.5 24 66 "Covariance may not be accurate."
2006bd 21 0.0257 810.0478265527472 1.3739009929736312e-14 0.8097233938121104 0.49640955225720274 0.0 27.98490879868382 0.9225495453506176 0.44388217339358377 0.7096060280974552 2557.1549198118464 17.0 -17.720556881643347 1.9306869549341172 823.7 872.57 0 21 "Covariance may not be accurate."
2006bh 73 0.0109 817.3211932451029 4.0600856010541975e-13 0.6776628988959364 0.21090006383788013 0.0 20.03729306379148 1.033788496477469 0.46407225419180975 0.5884572690776104 268539.8785325465 69.0 -20.082709324841307 2.1952327016155078 831.9 891.79 0 73 "Covariance may not be accurate."
2006br 23 0.0246 843.1267166491423 1.5987211554602254e-14 0.6791487119432159 0.4357230254376061 0.0 0.0009708841701012716 0.0 1.2979810798785518e-05 0.004979820141439856 787.9369242277897 19.0 -17.92771259403176 2.191756801897853 858.69 890.61 0 23 "Covariance may not be accurate."
2006bt 39 0.0322 838.7600031990695 5.137557046452912e-14 1.2309760395753773 0.496195959996615 0.0 24.601826630439234 0.9223898110387598 0.32034988952849947 0.7094886967668118 70244.5477370776 35.0 -19.653321337581573 1.4691552439288955 853.76 891.71 0 39 "Covariance may not be accurate."
2006dd 141 0.0059 931.9364181680645 4.017619570362285e-13 1.2309118612783558 0.30378254716595676 0.0 0.001486299919861267 2.0816681711721685e-16 6.146981577415112e-05 0.00014774289325883427 293382.63161739474 137.0 -18.5492427818736 1.4691934620006872 906.94 1147.57 1 140 "Covariance may not be accurate."
2006ef 36 0.0179 976.1482996105575 2.273181642920008e-14 0.9132474983585384 0.003444335339619853 0.0 25.554747925292702 0.9223869048704983 0.4168224335233152 0.5894832147056248 16228.303159894926 32.0 -18.432837268716654 1.777578413039329 979.9 1040.71 0 36 "Covariance may not be accurate."
2006ej 43 0.0205 967.9958264190789 1.0932921234996229e-13 0.6569660073049125 0.47285064656752535 0.0 20.753200015212315 0.9223871212038199 0.39439783057786243 0.7038177416904079 40232.63323416626 39.0 -19.529305657673454 2.2450005326632017 979.74 1046.74 0 43 "Covariance may not be accurate."
2006eq 36 0.0495 983.5573710561135 3.164135620181696e-15 0.8349462932127462 0.45692073725849036 0.0 27.97376510569194 0.9267559607592185 0.39012434454943734 0.7012680668646862 1360.2181567120883 32.0 -17.680810331187754 1.8903786122290782 981.64 1018.51 7 29 "Covariance may not be accurate."
2006et 85 0.0226 967.6300004128494 2.386424391431774e-13 0.6500000000000059 0.49001504086500736 0.0 4.912067197437864e-09 0.0 2.1921353621223716e-13 0.0010772670984494637 292311.5261002317 81.0 -20.55137399860987 2.2623560685082147 983.64 1099.54 0 85 "Covariance may not be accurate. Covariance not positive definite. Covariance forced positive definite."
2006ev 29 0.0287 984.7118513366453 2.273181642920008e-14 0.9761523766344864 0.49852281586049585 0.0 22.869253025770092 0.935114459380822 0.42240088506938905 0.715214829438524 25771.89671253444 25.0 -18.506720888353165 1.699109137288076 994.59 1038.53 0 29 "Covariance may not be accurate."
2006fw 25 0.0835 1015.7518448644611 1.0824674490095276e-15 1.2499726918878054 0.3548578154473864 0.0 24.13526848672342 0.8104122876595373 0.3672454786443273 0.6419031693879794 38665.45955620435 21.0 -17.912655166728292 1.4568074090808736 1001.75 1039.73 14 11 "Covariance may not be accurate."
2006gj 52 0.0284 1001.4277760073902 3.4139358007223564e-15 1.2490820019910989 0.0781445418707355 0.0 0.07825611044751213 0.0 5.228334809093127e-06 2.729732125550388e-05 5980.922139145558 48.0 -17.268832687769276 1.4573699346668114 998.83 1096.59 4 48 "Covariance may not be accurate."
2006gt 39 0.0448 1009.0235001417192 2.914335439641036e-15 1.213215868509729 0.022377364254068166 0.0 28.89720446963122 0.9223870253911293 0.30005873365114594 0.6720111726459406 17525.30842804881 35.0 -18.208154981945974 1.4811116162301232 1001.67 1076.62 16 23 "Covariance may not be accurate."
2006hb 89 0.0153 994.7586132019699 6.677991493120317e-14 1.2367290336921632 0.5081649767334935 0.0 5.696957951868342 4.163336342344337e-17 5.038302163695718e-06 2.220684182430155e-05 118537.73761796612 85.0 -18.272092707718667 1.4653758880277081 1007.88 1143.59 0 89 "Covariance may not be accurate. Covariance not positive definite. Covariance forced positive definite."
2006hx 31 0.0455 1015.9213809798686 3.497202527569243e-15 1.230646037930379 0.00399827726560098 0.0 27.983240067906763 0.9223869205140132 0.40911487194688617 0.6405573426390933 20927.136148567268 27.0 -18.470406119142382 1.4693595240454158 1012.66 1080.59 8 23 "Covariance may not be accurate."
2006is 96 0.031 996.6203880908971 1.2465029008978945e-13 0.6886941545554887 0.5000739150502741 0.0 20.265314229402918 0.9223892483172204 0.30194422999748644 0.7103859300265021 249415.2430111746 92.0 -20.521761368164555 2.169638416559879 1008.9 1125.67 0 96 "Covariance may not be accurate."
2006kf 62 0.0213 1041.5932313320861 2.6395552410463097e-14 0.7215244830951328 0.5007645993520605 0.0 0.010582079808955314 0.0 1.915582345468625e-06 4.370692525013098e-06 52133.583516464176 58.0 -18.004437073817897 2.0967592649888864 1036.81 1127.64 12 50 "Covariance may not be accurate."
2006lu 80 0.0534 1046.2452168115844 6.494804694057166e-15 1.0108793529251572 0.44185297828873143 0.0 28.5061270115732 0.9223869227893067 0.4096013877410624 0.6955754487503518 22100.22973651314 76.0 -18.665832581115794 1.6605798673366188 1040.84 1137.75 9 71 "Covariance may not be accurate."
