analysis_pipeline/fit_results/csp_4_salt2_2.4_all.ecsv
# %ECSV 0.9
# ---
# datatype:
# - name: obj_id
#   datatype: string
# - name: num_points
#   datatype: int64
# - name: z
#   datatype: float64
# - name: t0
#   datatype: float64
# - name: x0
#   datatype: float64
# - name: x1
#   datatype: float64
# - name: c
#   datatype: float64
# - name: z_err
#   datatype: float64
# - name: t0_err
#   datatype: float64
# - name: x0_err
#   datatype: float64
# - name: x1_err
#   datatype: float64
# - name: c_err
#   datatype: float64
# - name: chi
#   datatype: float64
# - name: dof
#   datatype: float64
# - name: b_max
#   datatype: float64
# - name: delta_15
#   datatype: float64
# - name: tmin
#   datatype: float64
# - name: tmax
#   datatype: float64
# - name: pre_max
#   datatype: int64
# - name: post_max
#   datatype: int64
# - name: message
#   datatype: string
# schema: astropy-2.0
obj_id num_points z t0 x0 x1 c z_err t0_err x0_err x1_err c_err chi dof b_max delta_15 tmin tmax pre_max post_max message
[from data line 52]
SN2004gu 156 0.0459 362.9834077489834 0.0016830882054028773 1.4424627112841364 0.12472086440533325 0.0 0.04656101532626167 4.630324611556969e-06 0.024238973784508122 0.0020809455766294116 1256.0363762950672 141.0 -19.12992574022289 0.7984150712513056 357.86 410.84 14 142 "Minimization exited successfully."
SN2007jd 70 0.0726 1361.5269272224552 0.0003737438243286151 -0.6697277576095821 0.17578184659525742 0.0 0.2884087520483263 4.028656817076093e-06 0.1019399042707918 0.0065611419737393595 426.0206530242124 56.0 -18.53266029353722 1.172855587926911 1362.83 1409.83 0 70 "Minimization exited successfully."
SN2007hx 65 0.0794 1354.8021172039485 0.0003119495416232854 0.453478144219881 0.19541013823860043 0.0 0.20520737130357247 2.11126811480028e-06 0.10196383221378236 0.006011399773449555 648.0746639848015 48.0 -18.54235912481115 0.9615616067012738 1354.78 1411.73 6 59 "Minimization exited successfully."
SN2008ha 106 0.0046 1770.47604761371 0.0024385485679539274 -2.0387856232195958 0.15429693261404998 0.0 0.05957773779027775 1.8236728800150037e-05 0.02037879758474359 0.004527389378254254 8841.353104028905 82.0 -14.467490253958971 1.4910653813607766 1781.55 1810.55 0 106 "Minimization exited successfully."
SN2005hj 102 0.0574 676.7601020189684 0.001216986463671163 1.0271555575959237 0.05069137768776044 0.0 1.9695652952123055e-05 3.877644486602327e-06 0.03935421636088199 0.002865460082334237 6231.412081885252 78.0 -19.280390998495673 0.8696553174985233 671.67 761.57 29 73 "Minimization exited successfully."
SN2005hk 245 0.013 688.910007374611 0.004537897252406151 0.14414264193098347 0.6287652857383885 0.0 8.778329174674582e-10 8.280706790538255e-06 0.01224220957280231 0.0014950951947777513 276709.4529667387 133.0 -17.432920232950583 0.9924274512897107 675.61 761.54 68 177 "Covariance may not be accurate."
SN2005ir 65 0.0763 686.7154440956965 0.0006638806107719692 0.19295430360043753 0.0481533849420519 0.0 5.260751231617178e-05 2.924601627600455e-06 0.05202297099825248 0.004042913259998726 391.67203863346947 61.0 -19.26902076511469 1.0150426903460144 682.62 740.53 18 47 "Minimization exited successfully."
SN2005bl 64 0.0241 482.8981948768894 0.0005595262954065427 -4.429012941615317 0.5511595195310857 0.0 0.020542918587977965 3.107998833061477e-06 0.05924857942873407 0.00497987644604303 11010.746197897904 60.0 -16.51217252177004 2.2984453559873046 476.61 512.57 35 29 "Minimization exited successfully."
SN2005M 381 0.022 408.4700011009479 0.006414627029022457 1.1286994181265921 0.0776627483470329 0.0 1.6279774683880532e-06 6.233680596445541e-06 0.010335975077144788 0.0008331745858417561 226337.8019131631 316.0 -18.945974747702085 0.851718959338271 396.77 480.51 75 306 "Minimization exited successfully."
SN2008bf 184 0.0235 1555.4774771213656 0.007880396917195576 0.57783923653942 -0.02520859552069976 0.0 0.01474245523911577 1.3492653600150062e-05 0.014191935846190606 0.0013433303066132662 70413.58430966758 151.0 -19.31427758394897 0.9496546927228842 1546.79 1646.49 43 141 "Minimization exited successfully."
SN2006eq 98 0.0495 977.035121365038 0.0006231923513503296 -2.315463567991695 0.25202584394579386 0.0 4.2131927159516636e-05 5.044788944930112e-06 0.03186694488871433 0.006223973217880818 900.8053205182914 61.0 -18.22109019180369 1.5554652512751872 980.56 1029.51 0 98 "Minimization exited successfully."
SN2009aa 232 0.0273 1878.8421424155542 0.004686336968156896 -0.6000483253726419 0.011881519198537749 0.0 0.009357663584069087 6.601315777411774e-06 0.01173485597582724 0.0011739152620355853 22500.898409214977 122.0 -19.080914286511863 1.169757591645027 1868.77 1956.66 66 166 "Minimization exited successfully."
SN2008hj 127 0.0379 1802.2981973438832 0.0029163693719143433 0.40570081039570205 0.03357236558477883 0.0 0.018928010790546068 4.890588656482299e-06 0.020868962119065415 0.001505534738301617 1749.7943613119708 90.0 -19.296268335146383 0.9774757958004905 1794.58 1834.55 37 90 "Minimization exited successfully."
SN2006ax 236 0.0167 828.1247649595042 0.013948115581869786 0.1710282496968425 -0.0009602463415991913 0.0 0.007862985348538132 2.1907397108003428e-05 0.009334752217017961 0.0010902342069050719 91138.79780984363 131.0 -19.180852740079814 1.0214792661280416 815.64 891.5 55 181 "Minimization exited successfully."
SN2009D 176 0.025 1841.846506364595 0.007223753221006119 0.6666294029882645 0.060226369896822174 0.0 0.013931438604345203 7.911117251953141e-06 0.010468604614428667 0.0008856013496301163 3674.332391121849 121.0 -19.35691678276978 0.9306050241974901 1834.67 1890.52 54 122 "Minimization exited successfully."
SN2008gl 166 0.034 1768.8906495893386 0.002954538495484094 -1.3398840910947714 0.04256766999404071 0.0 1.579917557137378e-05 4.387903070143849e-06 0.01162224437561643 0.0013396398414006194 19579.74954119896 119.0 -19.06729699653554 1.328437355623052 1765.7 1844.55 24 142 "Minimization exited successfully."
SN2008cd 23 0.0074 1572.7400000027972 0.0014519279234414012 -2.8137890642952588 0.9999999993991053 0.0 0.00868169994589607 7.761149974405733e-06 0.04997072542459757 0.0013900352097626634 1118.2031906894674 19.0 -14.993524436036402 1.5881100917374376 1587.74 1595.73 0 23 "Minimization exited successfully."
SN2007A 76 0.0177 1113.548734551416 0.006919477928371992 0.7570918394647999 0.2574696574136197 0.0 0.028527482408321703 2.1455312507657857e-05 0.04508044460002569 0.002681884839748183 1535.234149283002 41.0 -18.551765712066615 0.9068355603558267 1107.53 1133.53 29 47 "Minimization exited successfully."
SN2008ar 132 0.0261 1535.3493470306719 0.004846441200699292 -0.07762930670650903 0.06354845643669993 0.0 0.02061471610386434 1.3786345835784062e-05 0.016838510436091525 0.001951383713270749 22585.35505716029 94.0 -19.01835296987631 1.0642934070935013 1527.79 1627.59 11 121 "Minimization exited successfully."
SN2006X 312 0.0052 788.4401705856092 0.013611104645670525 -0.030268589677948654 0.9999999999974745 0.0 1.5849966530367965e-06 1.1135631416779763e-05 0.007029069624624018 1.5229409680017625e-06 975385.6751880008 187.0 -16.65531458394495 0.9992299620152014 775.68 906.46 70 242 "Minimization exited successfully."
SN2006ej 64 0.0205 975.9686901905425 0.008235209344918443 -1.4245793566649945 -0.00782250528101236 0.0 0.0725819109478607 4.5827670501599575e-05 0.0170575087771907 0.0028834911954933595 8529.46478245571 50.0 -19.059348349346898 1.3527340956776843 979.74 1046.74 0 64 "Minimization exited successfully."
SN2005eq 211 0.029 656.3000411097643 0.00402491531786982 0.9685040296087486 0.10532418961732648 0.0 6.411084996216232e-06 6.281271470202996e-06 0.016526778118201246 0.0014199023068603989 67500.5036595921 149.0 -19.051432536829868 0.8774596400086452 647.8 751.66 18 193 "Minimization exited successfully."
SN2008gg 198 0.032 1752.0900188093397 0.003406440511728057 0.6414221931968935 0.15840086736433134 0.0 7.175913196988404e-10 5.239958079626683e-06 0.010038056633348447 0.0012978533820063864 106040.00547080707 144.0 -19.08941302539874 0.9307541632907004 1753.63 1827.57 0 198 "Covariance may not be accurate."
SN2004ey 213 0.0158 305.0241517070988 0.013340138707142027 0.23990510192888692 0.08532263447053379 0.0 0.008376780561974329 1.1790978633803573e-05 0.007320922563675669 0.0007113263089617572 6074.436333356126 171.0 -19.011143853347583 1.004698941904607 295.53 358.55 55 158 "Minimization exited successfully."
SN2010ae 57 0.0037 2277.6234008756355 0.0004098219226872424 -2.96547841196573 0.9999999761633518 0.0 0.13993165979468358 1.1546842135992669e-05 0.20644397156239624 0.003304284872727159 295.2858524485916 5.0 -12.108668578802728 1.6305474870895083 2258.59 2305.53 52 5 "Minimization exited successfully."
SN2007ux 151 0.0309 1463.640753026567 0.0019204933829169075 -2.118077530754122 0.15508833267590427 0.0 0.0541306999363087 8.424643844176581e-06 0.017466950374508627 0.002522485534739105 9450.628919643896 92.0 -18.38787242546657 1.5123682368187374 1466.82 1558.61 0 151 "Minimization exited successfully."
SN2005W 117 0.0089 412.93751007042385 0.02765042274117265 -0.027940527995288456 0.24275727573370887 0.0 0.01776755866492863 4.7569005763442584e-05 0.027857863339590505 0.0014751364198616335 1806.493853366104 113.0 -18.54721717339217 1.045070368724291 404.54 429.51 42 75 "Minimization exited successfully."
SN2007on 308 0.0065 1422.2853255596108 0.04999999812584715 -0.238971676187413 0.2987717768104816 0.0 5.027967972637271e-06 1.587084913108605e-07 0.009492245834929136 0.0011803119672142426 525245.3377212014 149.0 -18.505450787102767 1.0808719285872002 1410.73 1508.61 42 266 "Minimization exited successfully."
SN2005ku 37 0.0454 699.0613604034666 0.001330575968279052 0.10117935948835388 0.1743521066598046 0.0 0.1802915382496053 1.0079604677901144e-05 0.1106778606980523 0.0054156783279133425 165.66768719687434 30.0 -18.849767122651972 1.025251532146637 699.56 739.53 0 37 "Minimization exited successfully."
SN2008fu 103 0.052 1732.7169655078744 0.0014514559641885334 -1.5193340320924644 -0.08576187037426719 0.0 0.11987401037799827 1.916399933094839e-05 0.03488258314222792 0.006949531871577985 3020.180949065338 77.0 -19.247145463012522 1.3825308514916017 1737.84 1817.67 0 103 "Minimization exited successfully."
SN2007bd 110 0.0309 1207.9150947983849 0.0036033358095190204 -0.6346870919971632 -0.007507926909536167 0.0 1.5344169241870986e-06 8.85369563457107e-06 0.014609865700415448 0.0018524951628628994 3470.187069115254 64.0 -19.070418794892994 1.1781401995960756 1197.53 1259.46 40 70 "Minimization exited successfully."
SN2006is 176 0.031 1014.250008365842 0.004246941896422762 0.5358615678346599 0.054541140756741324 0.0 8.60192130858195e-07 6.8808266598979935e-06 0.013270012170446321 0.0012994060369693194 211987.59965781824 143.0 -19.256984904330967 0.9535787677684695 1008.9 1125.67 12 164 "Minimization exited successfully."
SN2008bc 205 0.0151 1550.5355154851945 0.009143907404719471 0.6243244284218754 0.18606085163604424 0.0 0.009276891947820332 9.998179938941996e-06 0.008919473743052464 0.0009175611250213933 84352.98781741533 138.0 -18.503285252295957 0.9324756484915362 1541.67 1646.46 54 151 "Minimization exited successfully."
SN2007mm 39 0.0664 1392.5138814660286 0.0001904618244239459 -3.459992896032068 0.43665301501003295 0.0 0.06207842509263628 1.500382942143391e-06 0.07461082971727717 0.0070839481113434966 1404.2584457306552 35.0 -17.604745032820272 1.8960743307033994 1385.72 1418.69 5 34 "Minimization exited successfully."
SN2008C 121 0.0166 1470.7510480944636 0.006187464479980154 -1.532376066103775 0.2573792251360738 0.0 4.448464369488647e-05 2.130989591497129e-05 0.031336806626665936 0.0030191063457720713 20974.981445314635 82.0 -18.287823856526554 1.3537009499346304 1469.81 1552.5 12 109 "Minimization exited successfully."
SN2004dt 269 0.0197 244.76501198443216 0.009555081560642331 -0.8514586661788952 0.23774225926216142 0.0 4.865438398837796e-07 1.4330071935251057e-05 0.0068405552513288725 0.0010191710688028932 434538.11435913993 265.0 -19.136360102233198 1.2056025405094815 249.79 365.62 0 269 "Minimization exited successfully."
SN2006br 64 0.0246 851.3757052727266 0.000427501543454642 -0.7993799445747012 0.8576295570011438 0.0 0.13921593334202953 6.21323356188861e-06 0.06327028621590713 0.008739211204029762 285.33970192598593 39.0 -16.29003039544973 1.1465829648706674 855.66 891.66 0 64 "Minimization exited successfully."
SN2005ag 208 0.0797 415.21708643090756 0.000622766126757951 0.3871489827781236 0.04021105762242283 0.0 0.07368363548272328 1.5817325989833327e-06 0.0347922661795983 0.002325187492582037 19557.55632795566 195.0 -19.299560038041356 0.9804714826990555 412.82 480.84 15 193 "Minimization exited successfully."
SN2007sr 259 0.0055 1458.5950148792015 0.049999991732902455 0.5533244228167504 0.4451112539935458 0.0 2.073663267765369e-06 1.7150724614112267e-07 0.00795071877887299 0.0006078777008149405 1171957.0459904843 157.0 -18.14740844437781 0.9325891935226824 1454.84 1955.57 29 230 "Minimization exited successfully."
SN2009ad 128 0.0284 1887.1172559802314 0.004199518274655001 0.2068180014063632 0.07251534821833183 0.0 0.013179635956589664 6.796408753970227e-06 0.014988122335818588 0.001415889624431843 5651.787925063059 68.0 -19.05021205116008 1.0113143190499443 1878.6 1921.53 36 92 "Minimization exited successfully."
SN2006et 236 0.0226 995.4500111019132 0.00633527569847302 0.7083239852601029 0.21660791003690072 0.0 8.338610655300727e-07 1.000705736741575e-05 0.012629051423633353 0.0009666526039999734 101508.01985721246 127.0 -18.993699588017556 0.9168257931139543 982.63 1099.54 42 194 "Covariance may not be accurate."
SN2009P 99 0.0251 1868.132967804027 0.002339856695133913 1.5680809211140634 0.3988075475130086 0.0 0.08006746274463694 9.032071841797015e-06 0.036866308937817394 0.002678648366401637 5671.222901598391 78.0 -18.15116777124652 0.7691824973003669 1867.74 1931.61 6 93 "Minimization exited successfully."
SN2004ef 278 0.031 264.7250930331333 0.0025563660298314863 -1.4142661010164308 0.14564766906202564 0.0 0.005410356123746851 2.301256114973973e-06 0.006234618798763636 0.0007626016998967255 36283.923220317076 257.0 -18.70571072101991 1.3366083989625501 255.69 329.57 59 219 "Minimization exited successfully."
SN2006os 106 0.0328 1065.329779276699 0.0009350942286790898 -0.6806217906563212 0.4956911254689951 0.0 0.09078666627192433 4.300373176224781e-06 0.03585625630617839 0.003426963053522858 5398.4830481900835 67.0 -17.751651917930822 1.15186029432326 1063.65 1133.56 4 102 "Minimization exited successfully."
SN2008bi 83 0.0134 1536.520000000135 0.004649055282761322 -2.6487313890566657 0.24484119435947305 0.0 0.004229211958431733 3.807943362994781e-05 0.01816759135708268 0.005437179043280338 3615.453939959234 62.0 -17.50633298016956 1.6541490790404936 1551.52 1628.47 0 83 "Minimization exited successfully."
SN2009le 66 0.0178 2168.533579095331 0.011223318758793628 2.8261933244216078 0.17778054190253423 0.0 0.03953723808490395 2.418429826179548e-05 0.05551186725337498 0.0020183175849113333 1081.9254812975435 50.0 -19.091191573520156 0.5589447969122769 2153.53 2169.58 54 12 "Minimization exited successfully."
SN2005al 238 0.0124 433.13000239925105 0.014977722981855747 -1.5987546138157658 -0.02923919366525418 0.0 5.972767667117296e-07 1.769098566356455e-05 0.0053624651562205194 0.0008556699808153212 79088.08291942513 206.0 -18.603581238839997 1.3969180722768755 429.76 512.79 24 214 "Minimization exited successfully."
SN2005am 203 0.0079 440.0650325525613 0.043430643929391693 -2.2455948325842874 0.08748820392726375 0.0 3.216065636024723e-07 5.307079095516476e-05 0.004820936047247315 0.0008933166590268105 123767.92658574178 177.0 -18.773106709704543 1.5556139333761578 432.58 512.46 15 188 "Covariance may not be accurate."
SN2005iq 154 0.034 688.1296085105079 0.0031165811421949106 -0.9597448597497946 -0.05459504253886305 0.0 0.018168892073560983 6.168799653701084e-06 0.020203861243882404 0.0017310350294030274 6328.026785003648 105.0 -19.125444305517643 1.2504471075361572 682.55 755.55 36 118 "Minimization exited successfully."
SN2008bd 66 0.0301 1526.700000000971 0.0011683693240682996 -2.7500401246189945 0.19743900628054512 0.0 0.0015354098254647397 2.2625983690603658e-05 0.050435345425297484 0.013343775129601387 2501.1882776729026 52.0 -17.790603842149576 1.6926000702549011 1541.7 1607.65 0 66 "Minimization exited successfully."
SN2007S 192 0.0139 1145.141666312709 0.007735973833382631 0.8754871797954884 0.4193453816029544 0.0 0.014537019706267529 2.0019923601266674e-05 0.014654365019660887 0.0018583407604634283 105105.49615299518 98.0 -18.147742037770726 0.8802531512581631 1132.77 1246.54 42 150 "Minimization exited successfully."
SN2005bo 54 0.0139 479.04766953292255 0.008203882574424351 -1.0555827062272147 0.2865532537031976 0.0 0.06943648499989763 2.6246972979884764e-05 0.04446219154536668 0.002355348125199219 1328.9346958152616 50.0 -18.20518623855735 1.2446658540766542 478.75 512.76 6 48 "Minimization exited successfully."
