analysis_pipeline/fit_results/csp_5_sn91bg_color_interpolation_all.ecsv
# %ECSV 0.9
# ---
# datatype:
# - name: obj_id
#   datatype: string
# - name: num_points
#   datatype: int64
# - name: z
#   datatype: float64
# - name: t0
#   datatype: float64
# - name: x0
#   datatype: float64
# - name: x1
#   datatype: float64
# - name: c
#   datatype: float64
# - name: z_err
#   datatype: float64
# - name: t0_err
#   datatype: float64
# - name: x0_err
#   datatype: float64
# - name: x1_err
#   datatype: float64
# - name: c_err
#   datatype: float64
# - name: chi
#   datatype: float64
# - name: dof
#   datatype: float64
# - name: b_max
#   datatype: float64
# - name: delta_15
#   datatype: float64
# - name: tmin
#   datatype: float64
# - name: tmax
#   datatype: float64
# - name: pre_max
#   datatype: int64
# - name: post_max
#   datatype: int64
# - name: message
#   datatype: string
# schema: astropy-2.0
obj_id num_points z t0 x0 x1 c z_err t0_err x0_err x1_err c_err chi dof b_max delta_15 tmin tmax pre_max post_max message
[from data line 49]
2005bg 95 0.002000000000003658 485.07302345816385 1.0658141036401503e-14 0.6500000000012393 5.3004743527873543e-05 1.4128672190527602e-14 2.2733581971579042e-05 0.0 6.995515278163111e-13 4.1331441740621866e-05 816825.5978398363 90.0 -12.829980393352521 2.2623391577134697 471.65 512.61 72 23 "Covariance may not be accurate."
2005ke 367 0.0205648252686775 728.9841629601337 2.4313884239290928e-14 1.1827626616513305 0.4606659362259456 0.05078015514590425 98.0205925593263 0.9305137281039789 0.43693354120140554 0.7036201625528242 1510916.9528172584 226.0 -17.932059241433723 1.5030736690519113 689.69 819.51 197 170 "Covariance may not be accurate."
2007cg 45 0.08499911943569034 1224.3862043275362 1.0075273948473296e-14 1.1087944820436055 0.6904035327592595 7.235325671928194e-10 3.0612170462518407e-05 0.0 6.810455399630655e-07 0.003580434482123085 44735.16049533621 35.0 -19.714770400263408 1.5644140327957423 1235.63 1259.59 0 45 "Covariance may not be accurate."
2004gu 156 0.08295618047929179 343.0914191420054 1.2989609388114332e-14 0.6565088046057045 7.353673632110036e-05 2.4526144268288697e-08 7.56300173065938e-06 0.0 1.186012926202018e-07 3.333439142061412e-05 278722.63141663 146.0 -21.263698766961785 2.246113287857302 357.86 410.84 0 156 "Covariance may not be accurate."
2007jd 70 0.08499999525415503 1358.6628232384203 1.6653345369377348e-16 0.7000385849239232 7.918104447335317e-06 4.352011112596088e-11 5.171575435269915e-05 0.0 3.637745255580249e-07 8.734348818403848e-05 70876.27881041478 58.0 -16.5895052998053 2.1438543357348614 1362.83 1409.83 0 70 "Covariance may not be accurate."
2007hx 65 0.08499998324415528 1369.2815810107556 8.326672684688674e-17 0.6500000003061304 8.167879446174808e-05 2.230671480862867e-10 0.00021389253720371926 0.0 8.108319571320521e-11 0.0003456995486075809 74595.97182144965 50.0 -15.836813669067222 2.262339157737479 1354.78 1411.73 32 33 "Covariance may not be accurate."
2008ha 106 0.08499983903902023 1787.1464189511194 6.5780714209040525e-15 0.6500000000073652 0.5445735916873367 1.9540423445985056e-10 3.483234081613773e-05 0.0 3.5531022568591197e-12 0.002092289011028148 38904.36530953783 81.0 -19.530287391651875 2.2623566212671484 1781.55 1810.55 30 76 "Covariance may not be accurate."
2005hj 102 0.08385502044146768 718.066797505087 1.6653345369377348e-16 0.6500016919036093 0.13700646739825795 1.2171397274773899e-07 0.0007441924815907441 0.0 1.267257943027289e-08 0.12437699007432385 262419.6676790362 77.0 -16.317766885937555 2.262339616170369 671.67 761.57 75 27 "Covariance may not be accurate."
2005hk 245 0.08491392419489137 696.723350660609 2.1649348980190553e-14 0.8354182066057582 0.05576631708605473 0.05214297721661334 67.52201576242055 0.9223871086499604 0.4429881492897543 0.5055606737763099 1044257.8636056422 140.0 -21.780458294904413 1.8896355704082666 675.61 761.54 100 145 "Covariance may not be accurate."
2005ir 65 0.08499492196624718 685.6111034726333 4.829470157119431e-15 0.650000000490263 0.4999100549921797 0.051323019432828874 53.92402119628116 0.9226070840671102 0.36903562851689947 0.7104413510750556 81417.000512434 60.0 -19.267456659558256 2.262356461139227 682.62 740.53 18 47 "Covariance may not be accurate."
2005bl 64 0.06959069355502649 474.87675959787146 6.661338147750939e-16 0.688386912235741 3.479899331848557e-05 9.693332727938458e-05 0.0030014177449686485 0.0 0.0001978610751843246 4.592863184008089e-05 123520.29902038965 59.0 -17.63676541030804 2.1703279443081946 476.61 512.57 0 64 "Covariance may not be accurate."
2005M 381 0.07984127364961081 420.82866805324744 1.1657341758564144e-14 0.8032491398054422 3.0775337833688354e-10 8.533409694144733e-09 2.0572373472305117e-05 0.0 1.1142674644082362e-07 2.3725135762930893e-06 1775817.1022621922 335.0 -21.058492250391215 1.9414581067582084 396.77 480.51 159 222 "Covariance may not be accurate."
2008bf 184 0.08499999999931854 1580.177199079373 1.0824674490095276e-14 0.6500000019371772 0.04144944372026804 7.627232179174825e-14 1.8208032429356535e-05 0.0 1.0934142480323317e-11 0.020247839783549215 1375359.461128186 154.0 -21.054473612803786 2.262340368112305 1546.79 1646.49 119 65 "Covariance may not be accurate."
2006eq 98 0.08499548183678887 993.458794282244 8.326672684688674e-17 0.6500020687655115 0.006810438639656913 1.6885359221952e-09 8.731365414860193e-05 0.0 3.0723604216298384e-09 0.010072045276709768 99226.74330436497 65.0 -15.826040810375382 2.26233414007298 980.56 1029.51 37 61 "Covariance may not be accurate."
2009aa 232 0.08499897277736193 1903.0950439858595 7.494005416219807e-15 0.6500011841152227 0.31321755911545357 4.0694268788055155e-10 6.003422311096074e-05 0.0 1.1750517781017322e-09 0.0021178893812562605 1478489.840029764 127.0 -20.12902280512595 2.26234814968835 1868.77 1956.66 159 73 "Covariance may not be accurate."
2008hj 127 0.002000011646450625 1803.008335220953 1.1074474670635936e-14 0.6500000001691169 0.5000141790793333 1.407993893568285e-09 20.57574756518602 0.0 1.3326373893285393e-09 0.0001834361123820849 511060.08018420776 91.0 -11.893517430678862 2.2623564656551594 1794.58 1834.55 43 84 "Covariance may not be accurate. Covariance not positive definite. Covariance forced positive definite."
2006ax 236 0.0652224756205514 836.4019385158138 2.606248550307555e-14 0.7549521569974553 0.4971483685051491 9.370805189451437e-08 0.012711812311692938 0.0 6.076267694554716e-07 1.4144187025777466e-06 1345381.0293820996 136.0 -20.499312210338083 2.0286559868520513 815.64 891.5 101 135 "Covariance may not be accurate."
2009D 176 0.0020000933226744025 1847.4137609020872 2.4896751327219135e-14 0.6500010599983889 0.011423705384900396 0.05253236374651872 48.67068029137613 0.9500838909802185 0.3803860203309515 0.5675875289969053 1355484.7277225638 126.0 -13.73317542371897 2.262336809298832 1834.67 1890.52 72 104 "Covariance may not be accurate."
2008gl 166 0.08499725135195368 1795.3429156804293 7.494005416219807e-15 0.6500017812553537 0.5000189171145195 8.916506552825165e-07 0.033922453366926675 0.0 7.856966303121382e-07 0.004080705965754716 1157933.3447034084 118.0 -19.744303925161745 2.262351983539574 1765.7 1844.55 99 67 "Covariance may not be accurate. Covariance not positive definite. Covariance forced positive definite."
2008cd 23 0.08214148949602768 1580.3807210570244 1.5737411374061594e-14 0.7205950417853816 0.4833923841005613 4.8939479825552135e-05 0.0270136318290497 0.0 0.05015479777582055 0.0015345612012718224 845.8196780694298 18.0 -20.51163724989799 2.0987457270788497 1587.74 1595.73 0 23 "Covariance may not be accurate."
2007A 76 0.002000014431544689 1093.1550622823902 1.1016187961843116e-13 0.650000002642247 0.3647238190173196 1.0031133783859614e-09 0.014844132415419153 4.163336342344337e-17 1.3377622343213602e-09 7.163511677280021e-05 190731.40667783038 40.0 -14.67925306473253 2.2623522480040688 1107.53 1133.53 0 76 "Covariance may not be accurate."
2008ar 132 0.026100000004386087 1626.6858920102595 1.0623949803223454e-08 0.6591507626741988 0.49904974763619475 0.0 0.0 0.0 0.0 0.0 763263.0462220812 97.0 -32.46908565956664 2.2396272960480483 1527.79 1627.59 131 1 "Hesse Failed. Covariance may not be accurate. Covariance not positive definite."
2006X 312 0.08498313734215315 828.0575906342625 2.781108676686017e-14 1.2499998067478617 0.4996444078147791 7.543599685050362e-07 0.0032099794094051504 4.163336342344337e-17 2.0577798728327323e-06 2.4345573910733442e-06 2853073.575150545 202.0 -21.168590239192092 1.4567934615384033 775.68 906.46 184 128 "Covariance may not be accurate."
2006ej 64 0.0020967153419755853 976.9476813196601 1.8068879725774423e-14 1.232638239151993 0.3193511626512714 0.0007262828615181144 0.0059332845916628685 0.0 0.0001032525420081587 0.00034924650557660586 62828.99276750559 49.0 -12.90171332274091 1.4680550873035259 979.74 1046.74 0 64 "Covariance may not be accurate."
2005eq 211 0.08499999999935205 688.2811195881919 5.162537064506978e-15 0.6500000002006748 0.11876571861832991 0.0521376886613294 84.307868235088 0.9422455170498898 0.37690301301790485 0.7237397541201732 1109940.2886897807 149.0 -20.112625395313383 2.2623431144772006 647.8 751.66 132 79 "Covariance may not be accurate."
2008gg 198 0.0849999749088909 1782.2083438305708 6.2450045135165055e-15 0.6500000150891873 0.37178192626019607 0.051019538532265055 62.97141143207068 0.9223869101897969 0.3689147438874038 0.6738628691883388 1259062.2234367318 147.0 -19.82447531734234 2.2623523867728466 1753.63 1827.57 115 83 "Covariance may not be accurate."
2004ey 213 0.002000031220068568 302.6902186554331 5.986877660291157e-14 1.1822919391320301 0.34733812269291087 5.890980383626426e-10 0.0070235614797127255 0.0 2.0170696150012546e-06 5.0787121406159486e-06 1230840.4296693648 180.0 -14.049556866041915 1.503425813237481 295.53 358.55 43 170 "Covariance may not be accurate."
2010ae 57 0.07450090759102646 2278.1998669399823 1.1657341758564144e-14 0.6500000000031452 0.3506937326903028 0.04562178778896955 45.30090831681605 0.941166565217389 0.37646724787805447 0.6664517907337834 34497.6815330538 12.0 -20.239503871047063 2.2623519286503253 2258.59 2305.53 52 5 "Covariance may not be accurate."
2007ux 151 0.08498169159740979 1493.479986604423 1.9984014443252818e-15 0.7329965656597037 0.5011957849558862 0.05175138384105379 78.00819762138588 0.9259051780889433 0.33687407484196497 0.7121354047687387 520882.95426200505 105.0 -18.306949653989715 2.0726395283304306 1466.82 1558.61 87 64 "Covariance may not be accurate."
2005W 117 0.0020000119947468312 422.31980876819375 1.042499420123022e-13 0.650000000317521 0.323633546278712 1.0422593951092685e-10 5.158306242947219e-05 0.0 4.562394906315603e-11 0.002690760760156896 1322920.0262138282 112.0 -14.694350612459399 2.262351341064967 404.54 429.51 91 26 "Covariance may not be accurate."
2007on 308 0.08499594994393853 1416.796054277727 3.9168668308775523e-13 0.8117860376543031 0.045294490305051616 2.586015498962091e-10 1.9954470303673588e-05 4.163336342344337e-17 1.1875770589142576e-07 0.00047688153442265735 414184.0835037865 167.0 -24.944211611209877 1.9272778452106554 1410.73 1508.61 27 281 "Covariance may not be accurate."
2005ku 37 0.044904633147271576 714.0180048292201 6.661338147750939e-16 1.1731137033396646 0.32399381173710146 0.059288185596979875 39.47259160610167 0.9223869377563612 0.43617998068134917 0.6564484696493582 76137.19060878569 29.0 -16.0344238861245 1.5104332981981372 699.56 739.53 25 12 "Covariance may not be accurate."
2008fu 103 0.08418429839155944 1787.2249139694936 0.0 0.6500006508609933 0.500009119428002 0.0 0.0 0.0 0.0 0.0 141139.21161751734 81.0 inf nan 1737.84 1817.67 94 9 "Hesse Failed. Covariance may not be accurate. Covariance not positive definite."
2007bd 110 0.08424981421620885 1218.0756869052022 3.747002708109903e-15 0.6500013216300798 1.596116601809694e-05 7.192498555075311e-09 3.495409214337997e-05 0.0 8.155048858426994e-10 2.0543456507010616e-05 409703.512054591 66.0 -19.9495663297346 2.2623358308703985 1197.53 1259.46 51 59 "Covariance may not be accurate."
2006is 176 0.08499987754631395 1028.443840493516 3.3306690738754696e-15 0.7128495711296219 0.5008013880001446 4.791522387193048e-10 0.04343749320298684 0.0 8.849818619038885e-07 2.4068893808570913e-06 1227293.2760637552 148.0 -18.862685684694203 2.115490228641594 1008.9 1125.67 39 137 "Covariance may not be accurate."
2008bc 205 0.0842769797840119 1578.9643811439666 1.2989609388114332e-14 0.6500000000158607 0.08567045345175284 0.0541187527727468 83.14499800684155 0.9224053545924733 0.36896346328721974 0.7129875245371733 2568115.455645078 147.0 -21.156031758115727 2.2623418552537053 1541.67 1646.46 132 73 "Covariance may not be accurate."
2007mm 39 0.08499999015804206 1398.4905041650259 8.326672684688674e-17 0.6500000000012751 4.938314786540055e-07 8.872430568018785e-11 7.367203454577975e-05 0.0 2.7157165405355954e-12 0.027037253044191578 53300.00418818183 34.0 -15.83694172934947 2.262339156264513 1385.72 1418.69 20 19 "Covariance may not be accurate."
2008C 121 0.07447675344360435 1505.4557861129372 1.3072876114961218e-14 0.6502923747305449 5.813440319052399e-05 2.0403459125711843e-07 0.00037613331130614824 0.0 9.787189847454414e-08 0.00021581991085198315 376513.74827049207 87.0 -21.023610288337373 2.2616037278017096 1469.81 1552.5 87 34 "Covariance may not be accurate."
2004dt 269 0.08499996119897413 261.0998430935975 1.2490009027033011e-14 0.7852973197458178 0.5005794488289538 6.802657742666085e-11 7.895112181688262 4.163336342344337e-17 3.01514559153393e-07 5.986027213911171e-07 1993640.197938428 264.0 -20.298116079297184 1.9724481101273454 249.79 365.62 60 209 "Covariance may not be accurate."
2006br 64 0.0020396547978486818 847.7630442148211 9.159339953157541e-15 0.650003965945524 0.49910043327274173 6.200740356094615e-08 0.030581775410439604 0.0 5.31666444203438e-08 4.881735567147105e-06 8348.097005438634 38.0 -11.732301277993205 2.2623464491511953 855.66 891.66 0 64 "Covariance may not be accurate."
2005ag 208 0.08499857520782922 434.67180163793614 2.498001805406602e-16 0.6542513306892637 4.83248477289866e-07 1.5410246481661893e-09 0.00018176415431980786 0.0 2.258330181748036e-07 3.537913487797195e-05 478685.0625236114 199.0 -17.02970661629601 2.251707014232032 412.82 480.84 110 98 "Covariance may not be accurate."
2007sr 259 0.005129172080050023 1764.2398402341303 0.01864138560524542 0.9544547413567384 0.813980257199723 0.0 0.0 0.0 0.0 0.0 3737576.6329388265 165.0 -43.9144653135445 1.724847766781103 1454.84 1955.57 255 4 "Hesse Failed. Covariance may not be accurate. Covariance not positive definite."
2009ad 128 0.0022125573140845834 1889.9194152530579 6.827871601444713e-15 1.2407313487412925 0.0025608777934754134 0.049225020529678816 40.4925895267902 0.9223870822693615 0.39795690076411033 0.5930719156188262 440266.4371629727 67.0 -12.562216743551115 1.4627553326704579 1878.6 1921.53 53 75 "Covariance may not be accurate."
2006et 236 0.08499744407135357 988.1780529074282 3.3056890558214036e-14 0.6958483210891234 0.5120202354837539 0.05141761290394153 96.51801795974143 0.9257193062514377 0.42705864364404666 0.714532878623826 811261.5543673012 130.0 -21.336609702688865 2.1533235576961935 982.63 1099.54 20 216 "Covariance may not be accurate."
2009P 99 0.07312261978150561 1862.1429555080933 7.577272143066693e-15 1.2387423949198952 0.0033854623492720615 0.06057094444355646 43.28519084067307 0.9229106465835983 0.4008580221325588 0.6389582032330163 96786.21673731273 77.0 -20.38429008278169 1.464048541611156 1867.74 1931.61 0 99 "Covariance may not be accurate."
2004ef 278 0.08499999781845499 281.41720660551266 7.41073868937292e-15 0.6500000035468994 0.47439401342346704 5.028893967917725e-12 1.643502150727727e-05 0.0 1.7242818284302075e-11 0.0006271418190631206 3031439.196487197 262.0 -19.793780465022504 2.262355471920287 255.69 329.57 155 123 "Covariance may not be accurate."
2006os 106 0.08499999863761092 1097.462429150327 8.326672684688674e-17 0.6500000000444556 8.73912053833692e-13 9.448573173864716e-11 0.00038354145272023743 0.0 4.590178237506848e-11 0.0003692095026348041 309068.7483194215 70.0 -15.836942736550611 2.2623391561422217 1063.65 1133.56 81 25 "Covariance may not be accurate."
2008bi 83 0.01629518680565213 1564.8094909063009 4.996003610813204e-16 0.650084747051121 0.5084923842868153 0.06115992332624804 67.89488594566944 0.9259134010762148 0.36732425497385884 0.7138203381271577 152069.17905347073 65.0 -13.09501024590952 2.2621432530580563 1551.52 1628.47 44 39 "Covariance may not be accurate."
2009le 66 0.07792605094578302 2145.4392700460558 4.5130565951012613e-14 0.6500000000696529 0.061614259483359524 0.05932133708207489 18.977184727575604 0.9247939278598316 0.369914794027966 0.7019300778901396 509135.2615903951 49.0 -22.370875194289 2.262341022841847 2153.53 2169.58 0 66 "Covariance may not be accurate."
