analysis_pipeline/fit_results/csp_4_sn91bg_color_interpolation_blue.ecsv
# %ECSV 0.9
# ---
# datatype:
# - {name: obj_id, datatype: string}
# - {name: num_points, datatype: int64}
# - {name: z, datatype: float64}
# - {name: t0, datatype: float64}
# - {name: x0, datatype: float64}
# - {name: x1, datatype: float64}
# - {name: c, datatype: float64}
# - {name: z_err, datatype: float64}
# - {name: t0_err, datatype: float64}
# - {name: x0_err, datatype: float64}
# - {name: x1_err, datatype: float64}
# - {name: c_err, datatype: float64}
# - {name: chi, datatype: float64}
# - {name: dof, datatype: float64}
# - {name: b_max, datatype: float64}
# - {name: delta_15, datatype: float64}
# - {name: tmin, datatype: float64}
# - {name: tmax, datatype: float64}
# - {name: pre_max, datatype: int64}
# - {name: post_max, datatype: int64}
# - {name: message, datatype: string}
# schema: astropy-2.0
obj_id num_points z t0 x0 x1 c z_err t0_err x0_err x1_err c_err chi dof b_max delta_15 tmin tmax pre_max post_max message
[from data line 54]
2006ob 25 0.0592 1068.4348363894485 4.413136522884997e-15 0.9178601413684027 0.5000894371242263 0.0 0.040703121735191417 0.0 0.015894541242456484 0.01460782893301199 19352.984377036926 21.0 -18.34421181947794 1.7714434995688393 1060.65 1121.57 8 17 "Covariance may not be accurate. Covariance not positive definite. Covariance forced positive definite."
2006os 40 0.0328 1072.345241332264 4.9960036108132044e-15 0.6500000000001805 0.0768779799810706 0.0 29.119189983408205 0.9223869143833892 0.36895464185505605 0.7093394751356281 51927.59565461689 36.0 -18.00445082680627 2.2623415435174543 1065.63 1121.61 11 29 "Covariance may not be accurate."
2006ot 43 0.0531 1058.2436007112844 1.1407541578023483e-14 1.1878862777998442 0.48758067392521354 0.0 24.75990577003006 0.9223954145073658 0.3222245549002723 0.7074519133443792 19627.732505731597 39.0 -19.160004794956947 1.4992447990991664 1065.68 1119.57 0 43 "Covariance may not be accurate."
2006py 21 0.0579 1054.5496263293392 4.08006961549745e-14 0.6979076732240546 0.4608811877574125 0.0 22.499024709500418 0.9223868468144903 0.4263695260287272 0.700731648480411 13393.523398198035 17.0 -20.801509304384467 2.1486664886812434 1069.54 1087.54 0 21 "Covariance may not be accurate."
2007A 27 0.0177 1114.846936872376 7.252531908363835e-14 0.6500000003098516 0.5000135219698332 0.0 5.3400015190163685e-05 4.163336342344337e-17 3.976602380717509e-11 0.27331606544447373 95486.9332265904 23.0 -18.695020951287837 2.2623564652988577 1108.54 1133.53 11 16 "Covariance may not be accurate. Covariance not positive definite. Covariance forced positive definite."
2007N 65 0.0129 1134.79863505962 3.4139358007223564e-15 0.797607511018131 0.04232015818451623 0.0 9.205094704611838e-05 0.0 1.1659619076898053e-06 0.0037367020760023795 118590.97874624282 61.0 -15.59139013269304 1.9510216226190842 1123.82 1213.67 20 45 "Covariance may not be accurate."
2007S 65 0.0139 1143.3820033496174 6.986078382453798e-14 1.238507592725244 0.4939894314167744 0.0 29.366595779560157 0.9223880190827808 0.4009144435839372 0.7089716627920121 43281.29801150566 61.0 -18.138032134273068 1.4642151820481555 1133.84 1246.54 8 57 "Covariance may not be accurate."
2007af 102 0.0055 1173.705637594307 3.936018178052336e-13 0.8872307983965204 0.06800870390955277 0.0 4.4830703700426966e-05 0.0 7.004737236360192e-07 0.0007172972390366295 90638.68053158834 98.0 -18.83832829649406 1.8133352912207457 1165.8 1256.69 18 84 "Covariance may not be accurate."
2007ai 52 0.0317 1152.9224203213741 4.596323321948148e-14 0.7655471802165024 0.4841653610117694 0.0 25.13507107907128 0.9223868666624262 0.44194035663993086 0.7066227811211622 27201.683450179422 48.0 -19.52674194536707 2.0084514707405674 1172.89 1259.7 0 52 "Covariance may not be accurate."
2007al 48 0.0122 1174.4367098970297 6.661338147750939e-15 1.23193473437182 0.3994975642148099 0.0 28.509997540853306 0.953381825744313 0.3216636242784056 0.6904927441362168 19608.580901087968 44.0 -15.509144316127077 1.4685200773434737 1170.77 1246.58 4 44 "Covariance may not be accurate."
2007as 65 0.0176 1161.7814499063347 1.614541833561134e-13 0.7760456344823503 0.5148306851023375 0.0 21.462176438951246 0.9223885548616173 0.36285183711967794 0.7136847681359607 206047.45059585795 61.0 -19.527858596953855 1.9890528177966775 1181.7 1259.49 0 65 "Covariance may not be accurate."
2007ax 40 0.0069 1189.6740317934045 2.881028748902281e-14 0.6500253896218131 0.29343909211073327 0.0 28.443065046711013 0.9223872089366423 0.3673071794571741 0.7390548065391294 27582.469092663647 36.0 -16.04739138990185 2.2622868544839747 1185.56 1246.46 4 36 "Covariance may not be accurate."
2007ba 56 0.0385 1193.9370214817084 5.995204332975845e-15 1.2040989989082804 0.4087130437092151 0.0 28.01348612574384 0.9274234368861207 0.4255031818438401 0.6873196592436202 27595.076170168704 52.0 -17.914775786500012 1.48748957675798 1190.83 1255.61 4 52 "Covariance may not be accurate."
2007bc 47 0.0208 1186.0271840269024 1.4555023852835802e-13 0.7191106794337965 0.4363289363795811 0.0 0.021784474359265005 0.0 0.0009959898904718933 0.0019011655084706647 153742.9180447926 43.0 -19.95387981913656 2.1019276827604614 1197.65 1259.53 0 47 "Covariance may not be accurate."
2007bd 44 0.0309 1204.357942754094 1.890154699424329e-14 0.6500000139662867 2.5199086645000257e-05 0.0 3.706883967424801e-05 0.0 1.7325380019528325e-10 3.1167360962508495e-05 88255.22265001271 40.0 -19.444810038317954 2.262339121803741 1197.53 1259.46 8 36 "Covariance may not be accurate."
2007bm 35 0.0062 1213.674615526842 6.52145004664817e-13 0.7671701085660129 0.5233932161703362 0.0 0.02218319624250853 4.163336342344337e-17 0.00048512450539200946 0.0003138327234405991 275950.75086936896 31.0 -18.745020372320624 2.0054134996432342 1224.67 1259.56 0 35 "Covariance may not be accurate."
2007ca 44 0.043750000000000004 1224.5376443883222 4.879430193227563e-14 1.2495695059969973 0.4897410770208958 0.0 0.0006472047160741567 4.163336342344337e-17 0.002100102227742817 9.2521605907947e-05 167244.7027076827 40.0 -20.297299200542547 1.4570689288835084 1218.68 1259.63 4 40 "Covariance may not be accurate."
2007cg 22 0.043750000000000004 1227.8923964395462 8.909539772616881e-15 1.1026527669824797 0.49670199649757973 0.0 28.671881296354286 0.922386999496881 0.4437455146622043 0.7096053105483531 2574.1032743733776 18.0 -18.434073407971823 1.5699885317019984 1235.63 1259.59 0 22 "Covariance may not be accurate."
2007hj 93 0.043750000000000004 1348.687638346512 4.77118344832661e-14 1.2145052092369888 0.44128376255779717 0.0 26.973712773241232 0.92238683825274 0.4203524146421875 0.6954164393878302 89612.71007123096 89.0 -20.384073309832974 1.480236568660807 1348.76 1440.53 0 93 "Covariance may not be accurate."
2007hx 41 0.043750000000000004 1355.2442336527217 1.8318679906315083e-15 1.1982134728469955 0.5359909548728264 0.0 12.560209911324478 0.0 9.68310284388263e-06 2.9845226758584698e-05 9610.171734553332 37.0 -16.650330234834076 1.4916946110089704 1354.78 1411.73 5 36 "Covariance may not be accurate."
2007if 67 0.043750000000000004 1341.160454087679 1.6819878823071122e-14 0.8879804755343492 0.015801560064612086 0.0 22.852643988938325 0.9223869402058588 0.4092389235861877 0.5588239571955202 51674.04751333019 63.0 -20.068836622367982 1.8122794883627087 1357.77 1443.6 0 67 "Covariance may not be accurate."
2007jd 46 0.043750000000000004 1369.8848595298207 8.326672684688674e-17 0.6500000193914626 0.019167623631565878 0.0 0.00031725867359000404 0.0 1.604147648048837e-09 0.03817026723309774 71072.28814244588 42.0 -14.300018506671837 2.2623396514079275 1362.83 1403.81 21 25 "Covariance may not be accurate."
2007jg 57 0.043750000000000004 1372.0228303924746 8.326672684688674e-15 0.6500001526516879 0.058417343964547785 0.0 3.445334596108296e-05 0.0 5.075404541088346e-10 0.0015148051747271296 180271.1910296821 53.0 -19.234494541395847 2.2623405330474284 1363.82 1423.7 15 42 "Covariance may not be accurate."
2007jh 25 0.043750000000000004 1370.9769682113279 1.6653345369377348e-16 1.195573774761917 0.0853554748633017 0.0 28.85642700399376 0.9225078727714944 0.4290028505052569 0.5222520160825811 46699.19820226397 21.0 -14.939695434546582 1.4935912075604527 1363.86 1395.86 9 16 "Covariance may not be accurate."
2007le 94 0.043750000000000004 1373.578704954291 5.802025526691068e-13 1.2499648615687873 0.2946554887057167 0.0 24.941244814545712 0.9259970771985508 0.3723362453296583 0.7390065615881076 295068.77447041014 90.0 -23.376626683137676 1.4568114547834643 1392.6 1470.55 0 94 "Covariance may not be accurate."
2007mm 22 0.043750000000000004 1370.7253581001564 6.9111383282915995e-15 0.6692043339348597 0.37851608661487274 0.0 25.698953659354288 0.9560173537195438 0.3299911896338323 0.6761410818896474 7616.627915110186 18.0 -18.415251013453748 2.2152776183048175 1385.72 1418.69 0 22 "Covariance may not be accurate."
2007nq 75 0.043750000000000004 1397.3461049546127 1.0658141036401503e-14 0.8687246930085124 0.3712543322314448 0.0 26.894820960855327 0.9224390557538121 0.40281932137471754 0.6736949261372368 36283.404434626354 71.0 -18.899548985604056 1.8397870279632542 1397.65 1476.56 0 75 "Covariance may not be accurate."
2007ol 24 0.043750000000000004 1413.2425973103768 6.161737786669619e-15 1.0723118342170714 0.4063435192378749 0.0 20.519671472251503 0.9224399631049479 0.38714432030006335 0.6851332472720635 6780.565111742286 20.0 -18.23538023255657 1.598452731262853 1409.79 1422.66 8 16 "Covariance may not be accurate."
2007on 104 0.043750000000000004 1418.415508339136 4.71289673953379e-13 0.9731433740913924 0.19840266480503654 0.0 28.95577442004935 0.9223866033783477 0.4205251413083921 0.5984662333366418 127439.68587676312 100.0 -23.344170542984035 1.7025873394353006 1411.79 1508.61 10 94 "Covariance may not be accurate."
2007so 27 0.043750000000000004 1454.6029304224376 1.915134717478395e-15 1.117631484616798 0.0002033240558195759 0.0 28.456338262559257 0.9259205335634623 0.36614760011697495 0.6111912206107806 8921.410289515105 23.0 -17.734634442189282 1.5564983931838974 1449.68 1469.55 8 19 "Covariance may not be accurate."
2007sr 103 0.043750000000000004 1451.7176874875943 1.209365940724183e-12 0.9154982088623739 0.5434997998136434 0.0 0.0002866752587351584 1.249000902703301e-16 0.0007054843856141302 2.278892526547116e-05 228535.49024116935 99.0 -23.68693870433868 1.7745848150597396 1455.76 1578.72 0 103 "Covariance may not be accurate."
2007st 44 0.043750000000000004 1460.6993387237153 7.34412530789541e-14 0.6500000034824014 0.5000549258682104 0.0 0.03198933803230375 5.412337245047638e-16 9.25620638858593e-07 0.0067198968772448076 27321.96457762128 40.0 -20.716078980757313 2.262356457449968 1458.66 1493.55 4 40 "Covariance may not be accurate. Covariance not positive definite. Covariance forced positive definite."
2007ux 63 0.043750000000000004 1469.7041256085918 5.745404152435185e-15 0.8641271686074102 0.0031237517448318153 0.0 27.881161133128444 0.9223869504480418 0.440677122931748 0.5907282520468533 4444.247626746488 59.0 -18.922826855769898 1.8464726636519941 1466.86 1558.61 11 52 "Covariance may not be accurate."
2008C 48 0.043750000000000004 1455.0661875996998 1.0599854327608682e-13 1.2234375822855288 0.5000528564184423 0.0 23.19557316113628 0.9224065400546084 0.4147849962932732 0.71038850699906 36843.52811118572 44.0 -21.114481916962063 1.4741747745395752 1469.81 1552.5 0 48 "Covariance may not be accurate."
2008J 38 0.043750000000000004 1469.547675047157 2.820244038304054e-13 0.6637624981427479 0.5000832172428502 0.0 0.0011384393867501785 4.08006961549745e-15 0.001611970541180785 0.011598144455171766 30377.022527466142 34.0 -22.17690099449255 2.2283836050897072 1484.54 1515.52 0 38 "Covariance may not be accurate. Covariance not positive definite. Covariance forced positive definite."
2008O 50 0.043750000000000004 1503.6004527556988 2.4147350785597155e-15 0.6500003781614998 0.01875757479291118 0.0 2.768891499727033e-05 0.0 7.3537820277636e-10 0.04891225385573386 81689.35927773056 42.0 -17.95667759224105 2.262338736614801 1490.64 1571.48 24 26 "Covariance may not be accurate."
2008R 43 0.043750000000000004 1485.432062902661 1.1132761379428757e-13 1.242364405623423 0.5043828222434391 0.0 0.028642171016144857 4.163336342344337e-17 9.31648791002715e-06 4.4423422849770855e-05 204121.7271315377 39.0 -21.16089752199136 1.461710498970623 1493.63 1532.52 0 43 "Covariance may not be accurate."
2008ae 30 0.043750000000000004 1514.6660556433371 6.494804694057166e-15 0.7489519736800663 0.4764923299772216 0.0 28.61854372478092 0.9223869094072571 0.3464353154182214 0.7047320824436435 7741.456019992307 26.0 -18.1393234223941 2.040387266402817 1508.74 1597.56 6 24 "Covariance may not be accurate."
2008ar 62 0.043750000000000004 1545.2752223065083 1.5903944827755367e-14 1.2246421279100397 0.5064217468851927 0.0 0.02769613702753304 0.0 3.6842164715666925e-06 1.5150692692145196e-05 100055.55073445998 58.0 -19.044915667994555 1.473367166972082 1527.79 1606.6 16 46 "Covariance may not be accurate."
2008bc 104 0.043750000000000004 1556.4196845837018 6.061817714453355e-14 1.247211888798132 0.35035750124895326 0.0 29.58811341446085 0.9223868239764397 0.38548235212203935 0.6663301933034883 553670.7672777086 100.0 -20.82607348249316 1.458579367778757 1541.67 1646.46 35 69 "Covariance may not be accurate."
2008bd 31 0.043750000000000004 1526.7029803045446 8.326672684688674e-15 0.9789272687602121 0.5000823231295973 0.0 0.005177602012508942 4.163336342344337e-17 0.010728482816705465 0.012479864527633222 392.8117055251321 27.0 -18.352364533804355 1.6959172363391275 1541.7 1592.62 0 31 "Covariance may not be accurate. Covariance not positive definite. Covariance forced positive definite."
2008bf 101 0.043750000000000004 1545.733101195595 4.055089597443384e-14 1.1997759254721942 0.00048437795245459547 0.0 26.627385940553154 0.9223868471050016 0.3125022131818857 0.6055557861009229 339585.2933655286 97.0 -21.048694366388954 1.4905576215563023 1547.73 1646.49 0 101 "Covariance may not be accurate."
2008bi 35 0.043750000000000004 1554.410434518776 4.579669976578771e-15 0.6500351031347704 0.005330997294317463 0.0 6.800463950185076e-05 0.0 1.5945740616807313e-08 0.00617887484888574 11203.168130711072 31.0 -18.67311280647489 2.2622509734029954 1551.52 1595.52 8 27 "Covariance may not be accurate."
2008bq 64 0.043750000000000004 1547.4958709524901 7.768785614814533e-14 0.7807927049985749 0.49911558366678893 0.0 24.39177698239655 0.9223870944643973 0.3653356181293678 0.7101642782340564 201417.01111524762 60.0 -20.779381770886626 1.9804766350980323 1562.49 1606.46 0 64 "Minimization exited successfully."
2008bt 49 0.043750000000000004 1560.1295146948607 6.269984531570572e-14 0.8818571270542994 0.4996169925649373 0.0 0.0458662511549619 0.0 6.39664985511712e-05 9.907320101487649e-05 48632.09585047446 45.0 -20.54542776806168 1.8209443554597637 1571.61 1651.47 0 49 "Covariance may not be accurate."
2008bz 44 0.043750000000000004 1565.9669828903043 2.955968803064479e-14 0.7460548274745125 0.5000804227601418 0.0 nan 0.0 6.732327581726594e-05 0.00010959740116378569 55292.92002770661 40.0 -19.72793842680482 2.0461299654004073 1580.72 1651.52 0 44 "Covariance may not be accurate."
2008cc 81 0.043750000000000004 1571.451249886397 3.3881231153998215e-13 0.9042001006504431 0.5064700203718167 0.0 28.582536645129835 0.9229601183955258 0.43544850640616317 0.7120873132689493 161049.97567720097 77.0 -22.365974785704857 1.7898247543201116 1582.86 1654.86 0 81 "Covariance may not be accurate."
2008cd 14 0.043750000000000004 1580.1108217217534 5.495603971894525e-15 1.2454189653876506 0.442950310418758 0.0 16.957302309488796 0.9226284111330946 0.3904383199382055 0.6959654844976304 2321.142603911672 10.0 -18.033907551207076 1.4597355767406555 1587.74 1595.73 0 14 "Covariance may not be accurate."
2008cf 45 0.043750000000000004 1602.2143519017102 1.657007864253046e-14 0.8316113693960548 0.4956044146343979 0.0 0.005535277166472952 4.163336342344337e-17 2.1049399991368567e-06 4.099847722149885e-06 90136.51322436897 41.0 -19.110435584185467 1.8955684578092828 1595.77 1654.65 12 33 "Covariance may not be accurate."
2008ff 86 0.043750000000000004 1709.5300934202787 6.519784712111232e-14 1.2480137556103263 0.45162898880059005 0.0 24.571251833046176 0.9223869252190097 0.3539977976229887 0.6982631471653263 45297.071601192765 82.0 -20.700301839556815 1.4580661767269874 1724.53 1790.57 0 86 "Covariance may not be accurate."
