analysis_pipeline/fit_results/csp_4_sn91bg_color_interpolation_all.ecsv
# %ECSV 0.9
# ---
# datatype:
# - name: obj_id
#   datatype: string
# - name: num_points
#   datatype: int64
# - name: z
#   datatype: float64
# - name: t0
#   datatype: float64
# - name: x0
#   datatype: float64
# - name: x1
#   datatype: float64
# - name: c
#   datatype: float64
# - name: z_err
#   datatype: float64
# - name: t0_err
#   datatype: float64
# - name: x0_err
#   datatype: float64
# - name: x1_err
#   datatype: float64
# - name: c_err
#   datatype: float64
# - name: chi
#   datatype: float64
# - name: dof
#   datatype: float64
# - name: b_max
#   datatype: float64
# - name: delta_15
#   datatype: float64
# - name: tmin
#   datatype: float64
# - name: tmax
#   datatype: float64
# - name: pre_max
#   datatype: int64
# - name: post_max
#   datatype: int64
# - name: message
#   datatype: string
# schema: astropy-2.0
obj_id num_points z t0 x0 x1 c z_err t0_err x0_err x1_err c_err chi dof b_max delta_15 tmin tmax pre_max post_max message
[from data line 52]
2004gu 156 0.043500000000000004 348.7778528552841 1.5154544286133387e-14 0.6915141616773901 0.5103143810277072 0.0 0.02042322651780637 0.0 3.090153928297923e-07 1.0051839384184191e-06 302977.8583027597 147.0 -18.97346020246834 2.163181628414499 357.86 410.84 0 156 "Covariance may not be accurate."
2007jd 70 0.043500000000000004 1369.705098664272 8.326672684688674e-17 0.6500000000000196 0.18522967261678314 0.0 41.65486458132011 0.9484974269927586 0.3793990199270304 0.5910992867193074 79235.7809032504 59.0 -13.978032861497354 2.262346144369822 1362.83 1409.83 32 38 "Covariance may not be accurate."
2007hx 65 0.043500000000000004 1368.5635013255317 2.498001805406602e-16 0.6557647309836042 0.003486087822380246 0.0 0.0005849434495530659 0.0 9.558007825760662e-07 0.11501806510631002 66615.50243909267 51.0 -15.505089563843129 2.247953233903665 1354.78 1411.73 32 33 "Covariance may not be accurate."
2008ha 106 0.043500000000000004 1787.4228797494163 6.328271240363392e-15 0.6500068917208254 0.45624299479512287 0.0 30.98496371379167 0.9223869330497657 0.3680984774156181 0.6995032448667199 36314.21953251251 82.0 -18.144766759723588 2.262337502787304 1781.55 1810.55 30 76 "Covariance may not be accurate."
2005hj 102 0.043500000000000004 717.0776726566338 2.498001805406602e-16 0.6500000009069106 0.17938675833393225 0.0 76.0947844376966 0.9224522542402918 0.3689907202572288 0.7351188654499542 261048.60274287823 78.0 -15.183347405687279 2.2623458441135185 671.67 761.57 75 27 "Covariance may not be accurate."
2005hk 245 0.043500000000000004 696.590757446121 3.13915560212763e-14 1.1776593021032589 0.5108206886702432 0.0 0.2663379619248758 0.0 0.001641634610727416 0.011017523699986681 806499.1022119578 141.0 -19.763325252234726 1.5069444300637969 675.61 761.54 95 150 "Covariance may not be accurate. Covariance not positive definite. Covariance forced positive definite."
2005ir 65 0.043500000000000004 714.0448867575889 0.0 1.2498090381291136 0.5001349341159597 0.0 0.0 0.0 0.0 0.0 155750.0378272218 61.0 inf nan 682.62 740.53 57 8 "Hesse Failed. Covariance may not be accurate. Covariance not positive definite."
2005bl 64 0.043500000000000004 481.30896596468034 4.163336342344337e-15 0.6708276529091735 0.5090756534264683 0.0 0.015615592264850875 0.0 6.464101634517938e-07 2.8816569355716304e-06 22900.524766108843 60.0 -17.57268557032203 2.211405591066974 476.61 512.57 29 35 "Covariance may not be accurate."
2005M 381 0.043500000000000004 381.8559214461202 3.58046925441613e-14 1.2332439501708432 0.0013189747902191407 0.0 59.47296224692525 0.9223868596577616 0.323510402537832 0.5993514239746613 938628.5755563533 336.0 -20.899382797395837 1.4676465990532677 396.77 480.51 0 381 "Covariance may not be accurate."
2008bf 184 0.043500000000000004 1579.1374270089018 7.743805596760467e-15 1.2205814412218354 0.002434680299722325 0.0 8.386344393329637e-05 0.0 2.1836180374990022e-07 0.0002897918015838663 1112799.1663930863 155.0 -19.23515700694781 1.4760848913052484 1546.79 1646.49 119 65 "Covariance may not be accurate."
2006eq 98 0.043500000000000004 993.4236870031868 8.326672684688674e-17 0.6500356418655463 1.588828296705813e-08 0.0 0.0003478304762438711 0.0 5.223051485758745e-08 0.00013032675258337068 99080.79032387996 66.0 -14.317790867444263 2.262249469643937 980.56 1029.51 37 61 "Covariance may not be accurate."
2009aa 232 0.043500000000000004 1902.6183446246243 3.164135620181696e-15 0.6500355221517643 1.1022185231190917e-07 0.0 0.0001521415758816147 0.0 2.189949160902316e-08 1.1184474246195286e-05 1510928.632549112 128.0 -18.267249710411257 2.2622497708697153 1868.77 1956.66 154 78 "Covariance may not be accurate."
2008hj 127 0.043500000000000004 1803.2775456839113 7.577272143066693e-15 0.6500000029828156 0.0007276227365595189 0.0 2.344928520869871e-05 0.0 3.6105507472683485e-11 9.33834399204081e-05 431062.44881417195 92.0 -19.214247768515296 2.2623391688439902 1794.58 1834.55 43 84 "Covariance may not be accurate."
2006ax 236 0.043500000000000004 853.7987687287948 1.4988010832439613e-14 1.0958124065796002 0.056832447589833635 0.0 66.04185021815465 0.9223870282032831 0.37679394001475847 0.5044521331518041 1553849.7118739404 137.0 -19.862555747839842 1.5762636217617505 815.64 891.5 163 73 "Covariance may not be accurate."
2009D 176 0.043500000000000004 1840.382198770172 1.7319479184152442e-14 1.249670939464409 0.49955578854661997 0.0 0.0005421584978648752 0.0 5.6029233939991485e-05 1.2445556859502771e-05 978132.1836837289 127.0 -19.135905607320677 1.4570042105508847 1834.67 1890.52 36 140 "Covariance may not be accurate."
2008gl 166 0.043500000000000004 1768.480548440387 5.495603971894525e-15 0.764813126282955 0.4433035265495838 0.0 0.02153856596623882 4.163336342344337e-17 0.00024185151488076428 1.424430362997886e-05 552842.7538537019 119.0 -18.020290679386157 2.0098293904938664 1765.7 1844.55 18 148 "Covariance may not be accurate."
2008cd 23 0.043500000000000004 1581.812033994242 9.908740494779522e-15 0.9113817334440313 0.47896059916569145 0.0 15.665783110527059 0.9223868994643387 0.4382700623958064 0.7053457632167256 1681.2892739663023 19.0 -18.579304789400087 1.7800961673961773 1587.74 1595.73 0 23 "Covariance may not be accurate."
2007A 76 0.043500000000000004 1092.5770645100997 6.9111383282916e-14 0.8656841816252697 0.0010139078932137613 0.0 0.003399548610673264 8.326672684688674e-17 0.004846313807629454 0.0007275472604497679 180466.27605442065 41.0 -21.613888252655002 1.844198591827709 1107.53 1133.53 0 76 "Covariance may not be accurate."
2008ar 132 0.0261 1626.6858920102595 1.0623949803223454e-08 0.6591507626741988 0.49904974763619475 0.0 0.0 0.0 0.0 0.0 763263.0462220812 98.0 -32.469085659194526 2.2396272960480483 1527.79 1627.59 131 1 "Hesse Failed. Covariance may not be accurate. Covariance not positive definite."
2006X 312 0.043500000000000004 804.9197520665266 7.069345109300684e-14 1.2402283612231009 0.49999936785012605 0.0 0.008519374837874238 4.163336342344337e-17 0.00012773513630182087 2.759582432843022e-06 1944440.8074439405 203.0 -20.66192085090748 1.463095868330516 775.68 906.46 129 183 "Covariance may not be accurate."
2006ej 64 0.043500000000000004 968.4120939415235 7.97695243193175e-14 0.6518167659333828 0.15770653312613708 0.0 42.44429170784292 0.9223868053248071 0.3824073959402816 0.574667802821605 83025.43019410771 50.0 -21.489161185053987 2.2577851795502273 979.74 1046.74 0 64 "Covariance may not be accurate."
2005eq 211 0.043500000000000004 688.2286618297559 6.411537967210279e-15 0.6500000155143499 0.34013798913415777 0.0 85.74110444262055 0.9873260534102493 0.39488556278380577 0.6625816548879 1109954.3499392634 150.0 -18.392804638879895 2.2623516544125266 647.8 751.66 132 79 "Covariance may not be accurate."
2008gg 198 0.043500000000000004 1782.016180293569 6.744604874597826e-15 0.6500000011268663 0.4878637147376482 0.0 8.8883843432086e-05 0.0 8.192846401300358e-11 0.01674900433808349 1255227.9338002019 148.0 -18.140447632250357 2.262355982325097 1753.63 1827.57 115 83 "Covariance may not be accurate."
2004ey 213 0.043500000000000004 304.14920373221855 2.989275493803234e-14 1.2215654906722428 0.47534645638543555 0.0 0.018436952125000516 4.163336342344337e-17 2.4305581728389924e-06 6.76219407325096e-05 1532053.4151701052 181.0 -19.78666348849641 1.475433727938082 295.53 358.55 49 164 "Covariance may not be accurate."
2010ae 57 0.043500000000000004 2278.001302753443 9.159339953157541e-15 0.6500000003926191 0.03589094553786526 0.0 45.01055210779191 0.9323765091327908 0.37295720810900956 0.6849396523510783 34692.46885844285 13.0 -19.36321998663246 2.2623401998696586 2258.59 2305.53 52 5 "Covariance may not be accurate."
2007ux 151 0.043500000000000004 1522.3879031840281 8.326672684688674e-17 0.6503695337952531 0.5107287351184711 0.0 78.61376310976891 0.9224025291666615 0.3626129288444346 0.7127923301434662 576941.5008450076 106.0 -13.322618873674337 2.2614270717112923 1466.82 1558.61 134 17 "Covariance may not be accurate."
2005W 117 0.043500000000000004 429.50999904254206 7.693845560652335e-14 0.6500000000002122 0.5168737645125623 0.0 8.582219379604794e-08 0.0 2.861821890576266e-11 0.004534197498406667 1446661.059261367 113.0 -20.72692233286422 2.262356522384943 404.54 429.51 112 5 "Covariance may not be accurate."
2007on 308 0.043500000000000004 1418.9856764790557 5.674627434615331e-13 0.7494037104781204 0.4983094779186865 0.0 68.02081609365143 0.9227139056842322 0.4401112845754576 0.7101173380357062 568809.5723029854 168.0 -22.927484478581228 2.039497277766511 1410.73 1508.61 34 274 "Covariance may not be accurate."
2005ku 37 0.043500000000000004 712.1067615368722 3.247402347028583e-15 0.7356815931592738 0.47602354468745517 0.0 39.063090090585376 0.9223869213810103 0.33905608630744277 0.7046149093601375 61444.73224528655 30.0 -17.37500342177016 2.067104432562381 699.56 739.53 20 17 "Covariance may not be accurate."
2008fu 103 0.043500000000000004 1784.0922861188992 0.0 0.9237642274057318 0.5001573939895954 0.0 0.0 0.0 0.0 0.0 141139.21161751734 82.0 inf nan 1737.84 1817.67 94 9 "Hesse Failed. Covariance may not be accurate. Covariance not positive definite."
2007bd 110 0.043500000000000004 1217.186538135753 3.58046925441613e-15 1.203438009977198 0.42203068603856586 0.0 53.75982142259943 0.9247983290581885 0.30928724600720375 0.6906336073116665 394512.31634034513 67.0 -17.600693165081847 1.4879582211179603 1197.53 1259.46 49 61 "Covariance may not be accurate."
2006is 176 0.043500000000000004 1061.5350703884646 3.6637359812630166e-15 1.1366284919761382 0.5146903828542743 0.0 95.22334460507636 0.9448830315452723 0.44171990536360123 0.7229969961782643 1314649.1746774397 149.0 -17.42489372838741 1.540034689994787 1008.9 1125.67 99 77 "Covariance may not be accurate."
2008bc 205 0.043500000000000004 1578.8329820648519 1.2906342661267445e-14 0.6500000000259339 0.156138285519339 0.0 2.1255520437080122e-05 0.0 1.4252488078625447e-12 0.0010477927488620475 2576696.6873840797 148.0 -19.514774591300558 2.2623447254010003 1541.67 1646.46 132 73 "Covariance may not be accurate."
2007mm 39 0.043500000000000004 1398.2554508409364 8.326672684688674e-17 0.6500000000000008 0.0037411389798762684 0.0 8.87208132098749e-05 0.0 2.0833890168603375e-12 0.0017754670590753308 53262.051568914496 35.0 -14.31188258482425 2.262339260033837 1385.72 1418.69 20 19 "Covariance may not be accurate."
2008C 121 0.043500000000000004 1507.4650254015155 2.148281552649678e-14 0.6696975249873648 0.5101958069316846 0.0 0.30523802460652405 1.6653345369377348e-16 0.001218443690758575 0.01058508933189195 386483.70686699817 88.0 -19.3525205235348 2.214102259669964 1469.81 1552.5 87 34 "Covariance may not be accurate. Covariance not positive definite. Covariance forced positive definite."
2004dt 269 0.043500000000000004 318.93800666471594 4.912736883966318e-15 1.1921840371305108 0.668555343149151 0.0 96.09052557326008 0.922386990724013 0.3188256561913629 0.6593116794925552 3419628.0573410843 265.0 -17.46234135672447 1.496075907369125 249.79 365.62 227 42 "Covariance may not be accurate."
2006br 64 0.043500000000000004 879.7398684694432 0.0 1.0204826733936383 0.5001546021884765 0.0 0.0 0.0 0.0 0.0 91670.13218679294 39.0 inf nan 855.66 891.66 58 6 "Hesse Failed. Covariance may not be accurate. Covariance not positive definite."
2005ag 208 0.043500000000000004 434.37606949268326 1.6653345369377348e-16 0.9213225738307438 0.4920729308112618 0.0 57.96273777266899 0.931505822253237 0.43223420590522393 0.7122041604891209 492635.2733329667 200.0 -14.111640329680533 1.7668669535181536 412.82 480.84 110 98 "Covariance may not be accurate."
2007sr 259 0.0055 1764.2398402341303 0.028924004358670097 0.9544547413567384 0.9999213834700573 0.0 0.0 0.0 0.0 0.0 3737576.6329392404 166.0 -44.16048731883363 1.7248443882715652 1454.84 1955.57 255 4 "Hesse Failed. Covariance may not be accurate. Covariance not positive definite."
2009ad 128 0.043500000000000004 1890.4052071428328 6.494804694057166e-15 1.183911568976566 0.5159074227633903 0.0 0.03126380067806167 4.163336342344337e-17 0.0011180832173303124 0.023916197087328034 759876.0406891947 68.0 -18.044538143312717 1.5022112824863285 1878.6 1921.53 53 75 "Covariance may not be accurate. Covariance not positive definite. Covariance forced positive definite."
2006et 236 0.043500000000000004 991.4402850942037 3.072542220650121e-14 0.650000764041253 0.4904645336105914 0.0 0.010741977287466398 0.0 1.4571820416975356e-09 2.3459381282842084e-06 650676.7497189039 131.0 -19.780528388179206 2.2623541632999284 982.63 1099.54 24 212 "Covariance may not be accurate."
2009P 99 0.043500000000000004 1892.057103667954 6.9111383282915995e-15 1.2093830109298698 0.47632480172020264 0.0 55.99954277335087 0.9223869935876603 0.42303828454095227 0.715574019511705 284853.6514831205 78.0 -18.194330897868046 1.4837802828977935 1867.74 1931.61 72 27 "Covariance may not be accurate."
2004ef 278 0.043500000000000004 281.83148754355665 7.244205235679146e-15 0.7244010141538628 0.49368154276851783 0.0 62.388824487640974 0.9242205494865506 0.33134677265561713 0.7096631945738763 3000629.501313891 263.0 -18.203951572347993 2.090640157189881 255.69 329.57 167 111 "Covariance may not be accurate."
2006os 106 0.043500000000000004 1067.3657662834416 9.159339953157541e-16 0.8507712366349965 0.4992124793738535 0.0 0.043865285811193644 0.0 2.853408867742324e-06 3.6753890664820155e-06 234393.9722465925 71.0 -15.945076276743169 1.8662618337102117 1063.65 1133.56 21 85 "Covariance may not be accurate."
2008bi 83 0.043500000000000004 1549.9576803327889 1.3822276656583199e-14 0.6716210339765362 0.5101085062551791 0.0 67.11964981983215 0.9223870208974603 0.411034642330904 0.7126483757014568 8743.4988831595 66.0 -18.87388104155998 2.2095166481910518 1551.52 1628.47 0 83 "Covariance may not be accurate."
2009le 66 0.043500000000000004 2164.777123220588 4.3298697960381105e-14 1.2326312178673149 0.6144500614800461 0.0 2.847598484978562 0.0 0.00022042938477118135 0.0007871489471087401 289389.2448547103 50.0 -19.932536190232803 1.4680639380607339 2153.53 2169.58 36 30 "Covariance may not be accurate."
2005al 238 0.043500000000000004 416.8556923550205 1.6220358389773537e-13 0.6947460395948748 0.20337207565320348 0.0 65.76505324717371 0.9223867433023623 0.4249882239182646 0.6011693697696971 631044.992384409 214.0 -22.162212019352843 2.155814585994067 429.76 512.79 0 238 "Covariance may not be accurate."
2005am 203 0.043500000000000004 435.8826071414646 1.4788170688007085e-13 1.075211329709458 0.22005755307535507 0.0 56.494084060465525 0.9223867527087419 0.38592160920945034 0.6099600325822789 431531.90568690625 186.0 -22.02391543084001 1.5956675209704407 432.58 512.46 3 200 "Covariance may not be accurate."
2005iq 154 0.043500000000000004 690.3425464190007 3.913536161803677e-15 1.2054027010992108 0.5647615114635396 0.0 55.34561943598317 0.9223873050681703 0.30751257847736785 0.6937104435297887 499007.60912194 105.0 -17.412778409627492 1.4865710473520934 682.55 755.55 47 107 "Covariance may not be accurate."
2008bd 66 0.043500000000000004 1564.783087344992 8.326672684688674e-17 0.650000000210069 0.15338222175698712 0.0 0.0006720427201116763 4.163336342344337e-17 1.862002774188909e-10 0.12214192689798889 65788.72351965544 54.0 -14.044542736845159 2.2623445985008033 1541.7 1607.65 51 15 "Covariance may not be accurate."
2007S 192 0.043500000000000004 1177.4354607841915 1.5654144647214707e-14 1.2273025234101875 0.4904407431090075 0.0 90.316447000842 0.9223875535765855 0.3155762885848145 0.7081325210593179 886641.2425572005 103.0 -19.048414767890115 1.4715908610409443 1132.77 1246.54 149 43 "Covariance may not be accurate."
