analysis_pipeline/fit_results/csp_5_sn91bg_color_interpolation_red.ecsv
# %ECSV 0.9
# ---
# datatype:
# - {name: obj_id, datatype: string}
# - {name: num_points, datatype: int64}
# - {name: z, datatype: float64}
# - {name: t0, datatype: float64}
# - {name: x0, datatype: float64}
# - {name: x1, datatype: float64}
# - {name: c, datatype: float64}
# - {name: z_err, datatype: float64}
# - {name: t0_err, datatype: float64}
# - {name: x0_err, datatype: float64}
# - {name: x1_err, datatype: float64}
# - {name: c_err, datatype: float64}
# - {name: chi, datatype: float64}
# - {name: dof, datatype: float64}
# - {name: b_max, datatype: float64}
# - {name: delta_15, datatype: float64}
# - {name: tmin, datatype: float64}
# - {name: tmax, datatype: float64}
# - {name: pre_max, datatype: int64}
# - {name: post_max, datatype: int64}
# - {name: message, datatype: string}
# schema: astropy-2.0
obj_id num_points z t0 x0 x1 c z_err t0_err x0_err x1_err c_err chi dof b_max delta_15 tmin tmax pre_max post_max message
[from data line 96]
2008bi 48 0.06501813243464105 1546.0111497642363 8.076872504148014e-15 1.2285912275392152 0.4827214745342854 0.005932262735469148 0.017369688290841623 0.0 0.0004230689654851627 0.0012342695145457216 6580.736682043383 30.0 -19.255106657576814 1.4707340110732758 1551.52 1628.47 0 48 "Covariance may not be accurate."
2008bq 50 0.002000009805246882 1547.4901747034633 5.1209037010835345e-14 0.650000000018113 0.90125478264159 2.625336029300762e-10 7.835448059267947e-07 0.0 3.065570020055475e-11 0.003077243120208628 108019.5072977689 27.0 -12.798055137476219 2.2623555713171726 1562.49 1606.46 0 50 "Covariance may not be accurate."
2008bt 35 0.002017728142104363 1575.2992623418052 2.5729418595688003e-14 0.650953602615735 0.8235988114237404 4.975294444725491e-08 0.0005311327572599112 0.0 9.913660996563323e-07 0.10858117558007868 16578.045575955915 23.0 -12.216315633586824 2.259960420815446 1571.61 1651.47 4 31 "Covariance may not be accurate."
2008bz 26 0.002013905859940871 1573.1955485886751 3.4139358007223564e-15 1.1433600335776042 0.4978121187604161 0.05058381399842787 23.681749105922677 0.9223912772091066 0.352061424704229 0.7098648372344192 7909.183503578918 21.0 -10.636320668307572 1.534367642217859 1580.72 1651.52 0 26 "Covariance may not be accurate."
2008cc 86 0.002722913509919309 1568.0260240793896 1.1532441668293814e-13 0.9866061775101553 0.25377449617035563 0.04762790180237848 23.476913280496888 0.9223901919984366 0.43369145617613275 0.6264970008559905 114414.47373775173 39.0 -15.591885902979609 1.687188600288657 1582.86 1654.86 0 86 "Covariance may not be accurate."
2008cd 9 0.0020178787863510917 1572.8058253499369 3.8469227803261674e-14 0.6888584065785139 0.5001196114628379 0.05070277513990793 13.609851434564916 0.9223870519014328 0.3020877472762143 0.7104101284898935 115.17177182787339 4.0 -13.26467042485525 2.1692613967018843 1587.74 1595.73 0 9 "Minimization exited successfully."
2008cf 51 0.002016404860486328 1613.7307366965526 2.1649348980190553e-15 1.2130701650705717 6.327143864393037e-09 8.416746657925397e-09 0.00011020693818863947 0.0 1.0360841816714483e-06 6.63244919368311e-05 154817.6046470489 26.0 -11.117239028773497 1.4812115149196288 1595.77 1654.65 26 25 "Covariance may not be accurate."
2008ff 144 0.002262636708557124 1718.495737438399 2.3647750424515834e-14 1.0138008256070274 0.3831443135364532 0.0490172346655227 29.554438888053028 0.9223890625283601 0.4379979027119059 0.6776833442578368 164327.08947757186 56.0 -13.241628996344645 1.6574657292935555 1724.53 1790.57 0 144 "Covariance may not be accurate."
2008fl 97 0.002002176980769723 1722.1606487573092 2.5229818234606682e-14 1.0541056632781318 0.47596178040781756 0.05085940688408283 26.144664494665108 0.9223868689883086 0.3944485341023158 0.7045994705936247 290880.59235119866 48.0 -12.847707279847079 1.6162003916409375 1724.49 1789.53 0 97 "Covariance may not be accurate."
2008fp 185 0.0020005825995745557 1727.8327965592264 1.9326207301162412e-13 1.249999626802083 0.4984209361794956 0.050946205467643314 27.910876565025433 0.922386732604507 0.3691540060144613 0.7100038904446196 185488.63673986527 71.0 -15.002614704939788 1.4567935384608148 1725.83 1874.61 14 171 "Covariance may not be accurate."
2008fr 82 0.0020079286266864674 1738.0872164703017 6.661338147750939e-15 1.2009908494638677 0.23998788705251844 0.050695639587115426 26.75815623704466 0.9223869086671244 0.3098221027965368 0.6199224519149141 54401.38146558765 40.0 -11.863769160468632 1.4896966202653985 1738.78 1807.57 0 82 "Covariance may not be accurate."
2008fu 58 0.002000006990131119 1728.9124082165824 7.244205235679146e-15 0.6500000000425574 0.03044818887491052 3.2323800558918536e-10 0.00017650572306138201 0.0 6.772332694637839e-11 0.005955000327378168 10913.917844044974 36.0 -12.36179773210451 2.2623400350193172 1737.84 1817.67 0 58 "Covariance may not be accurate."
2008fw 70 0.0020251544634335567 1726.0014231923294 1.4929724123646793e-13 1.102759037620317 0.531432680391988 0.05042553230933444 25.458585643865717 0.9223947464442468 0.44374666462078627 0.7027269986109907 286974.6938643608 42.0 -14.694360432627969 1.569891671216018 1740.89 1827.81 0 70 "Covariance may not be accurate."
2008gg 102 0.0020033321322502342 1739.8343778159706 2.939315457695102e-14 0.650318166663432 8.198835526135317e-05 3.3545465255406526e-09 4.244291494615027e-05 0.0 8.806339141242958e-08 5.187187093466661e-05 131478.8883793866 51.0 -13.934967050426078 2.2615388828803127 1753.63 1827.57 0 102 "Covariance may not be accurate."
2008gl 87 0.002000032738431219 1767.639034322114 7.91033905045424e-15 0.7808186350076372 0.4993295401014358 8.51485669082705e-10 0.017317905936351963 4.163336342344337e-17 4.096511055318164e-06 4.969831277429337e-06 71540.44656666917 39.0 -11.52989843192747 1.9804301245842986 1765.7 1844.55 4 83 "Covariance may not be accurate."
2008go 19 0.0020000136693273094 1753.7594531677546 9.409140133698202e-15 0.6500000000016408 0.49988893435730736 0.051024639330945774 15.51085453446683 0.9223869381902585 0.3689545070880051 0.7103423649890324 16988.034547092862 7.0 -11.716883406961049 2.262356461509274 1764.54 1776.58 0 19 "Covariance may not be accurate."
2008gp 96 0.002018252372119472 1776.7098428707593 1.2073675392798577e-14 1.015740144274335 0.500067165129164 6.821375459428692e-06 0.014195027622236012 4.163336342344337e-17 0.016310340503426723 0.0013282618114487388 74521.49863555648 35.0 -12.006970774975805 1.655412098708446 1768.75 1844.52 17 79 "Covariance may not be accurate. Covariance not positive definite. Covariance forced positive definite."
2008ha 56 0.0020108571028553536 1767.3467583829547 1.2406742300186124e-14 0.9323309134666538 0.5221143825976168 1.3656722512599357e-05 0.01053869425652465 0.0 0.0006735988892963007 0.001753930297904216 11345.271613911309 31.0 -11.993236405249412 1.7525468249469256 1781.55 1810.55 0 56 "Covariance may not be accurate."
2008hj 65 0.002000006308443102 1803.107633455402 6.161737786669619e-15 0.6500000018517897 7.317642182896877e-05 9.773178468765187e-11 8.734189918868651e-05 0.0 1.4287865335305128e-10 7.503425754010196e-05 120440.50934430782 29.0 -12.23500985545008 2.2623391536132615 1794.58 1834.55 23 42 "Covariance may not be accurate."
2008hu 52 0.0020000100755056607 1797.467963659484 4.996003610813204e-16 1.0344492531011489 0.0004951404091362299 4.469235038474795e-10 0.00025097840739363164 0.0 4.435132872515624e-06 0.0016291040544835211 109546.98351782616 29.0 -9.506648073759937 1.63594323156628 1804.74 1844.84 0 52 "Covariance may not be accurate."
2008hv 132 0.0020000064615084043 1815.4420844646968 6.727951529228449e-14 0.6500000000007258 0.46434510200066526 0.05102899962240711 29.369770176326483 0.9223868172452618 0.36895505800069134 0.7180276469764738 284656.0803735569 47.0 -13.937152966130068 2.2623551232348973 1804.8 1912.7 27 105 "Covariance may not be accurate."
2008ia 109 0.002006052504372263 1817.070879065371 2.273181642920008e-14 0.7645396934213868 0.9999997998781769 5.631467260396039e-09 0.00015165432876074192 0.0 1.871754106097523e-06 3.386476842126562e-05 74077.22030403501 34.0 -11.702707369821706 2.010341942160263 1809.77 1874.69 31 78 "Covariance may not be accurate."
2009D 93 0.04545319207815333 1842.8205544835546 1.1407541578023483e-14 1.224896956535404 0.00446292795313824 0.05853999346941345 13.470759732107695 1.1657341758564144e-15 0.3130215977176544 0.5867343425903538 148283.60944588494 43.0 -19.75103821724811 1.4731826649954947 1834.67 1890.52 32 61 "Covariance may not be accurate."
2009F 82 0.002012901120738605 1841.4479339149477 1.1324274851176597e-14 0.6500827272263809 0.5001770812464272 9.960314193433253e-09 0.00955343726548108 0.0 6.951693853896046e-08 3.5184341640737138e-06 57078.076491871514 35.0 -11.931450479847598 2.2621483073344137 1837.75 1884.63 20 62 "Covariance may not be accurate."
2009I 37 0.00200000820607857 1834.8681199494813 1.5987211554602254e-14 0.742525376018834 0.1801031042598571 0.05124361823051482 18.939626485625467 0.9262894499476253 0.440650637235741 0.5881494564808445 10326.413414185372 5.0 -12.941528336348789 2.0531841355726677 1846.58 1867.58 0 37 "Covariance may not be accurate."
2009J 18 0.08499705226342161 1845.9287417236471 1.6653345369377348e-16 0.6500000076414217 2.7633059446197095e-05 7.646819913387226e-09 0.0002700577533687465 0.0 1.0479537237984005e-09 0.0002624069066377299 35174.9439889534 9.0 -16.589394485020705 2.2623391377871727 1846.74 1867.68 0 18 "Covariance may not be accurate."
2009P 46 0.0020096719522219443 1855.0469701238205 2.1316282072803006e-14 0.9611096592818706 0.4993168627517016 0.05077203614283711 20.14334486480834 0.9244481163877688 0.42407532915271756 0.7110848248433558 23065.23894140383 24.0 -12.616677302925954 1.7168032506752269 1867.74 1931.61 0 46 "Covariance may not be accurate."
2009Y 148 0.0020000205856548427 1861.3453362837618 1.920963388357677e-13 0.6689675629435062 0.4975717469280311 5.446696336140755e-10 0.020914430180710042 4.163336342344337e-17 1.456698925206279e-06 5.932499171967809e-06 429440.59685625724 60.0 -14.99752375636481 2.2158477233920912 1868.84 1976.65 0 148 "Minimization exited successfully."
2009aa 150 0.002000021107777185 1889.5974525646568 7.41073868937292e-15 0.897734357226576 7.958946834918379e-10 1.4512587659387677e-10 4.234209382047993e-05 0.0 1.0230832004354262e-06 2.3297086116785826e-05 419744.98109429213 45.0 -12.435537116552556 1.798686637626755 1868.77 1956.66 64 86 "Covariance may not be accurate."
2009ab 62 0.002000032288992379 1892.1900714703595 2.348121697082206e-14 1.2482950037930753 8.007121725661648e-07 2.1335178393942777e-10 6.437650392854266e-05 0.0 1.3132085119327286e-07 4.5102428615884094e-05 372841.8002844111 15.0 -13.687695704582644 1.4578730041390031 1874.57 1911.51 42 20 "Covariance may not be accurate."
2009ad 80 0.002000045571989622 1891.0678021701247 1.3489209749195652e-14 1.2469509719278635 0.49166975914830524 0.051012918933202187 29.52258532188182 0.9223868909628545 0.3503043648240171 0.7084239876046702 121581.60700089525 19.0 -12.128128679198163 1.458750431254039 1878.6 1921.53 34 46 "Covariance may not be accurate."
2009ag 136 0.029344703997863424 1874.1972792506704 2.2939983246317297e-13 0.6803344304503345 0.4771453492997879 0.05465984342565672 20.022038789596536 0.9322773933058445 0.42192214982176934 0.7086799722711178 105675.16519044245 35.0 -21.117326452469094 2.188987069776303 1886.62 1959.54 0 136 "Covariance may not be accurate."
2009al 68 0.0020005185148945868 1876.7424655616082 3.272382365082649e-14 1.2487192228755788 0.05965721053603995 0.05095148291693417 24.110279352185557 0.9223874055116612 0.38031137295055845 0.7008640042359062 9598.551555050366 23.0 -13.950308108491068 1.4576021731238065 1891.71 1973.54 0 68 "Covariance may not be accurate."
2009cz 51 0.002003888783390269 1922.5300000002635 7.868705687030797e-14 0.6500005233173118 0.4996211337046218 5.359231852134633e-09 0.0015463174074739072 0.0 5.364973076904533e-09 7.130201989391516e-07 87728.24235386231 13.0 -14.027638094610623 2.2623551336828847 1937.53 1966.46 0 51 "Covariance may not be accurate."
2009dc 76 0.002000006150485414 1924.823343110994 1.607047828144914e-13 0.6508288371537079 0.49999873885989066 1.3690073359033487e-07 0.003419778245870475 8.326672684688674e-17 0.0032187705904106467 3.0481412181398992e-05 352316.1474192142 18.0 -14.797801077035622 2.260273240268333 1938.77 1976.68 0 76 "Covariance may not be accurate."
2009ds 56 0.002000004270364355 1967.8662008550803 1.7735812818386876e-14 0.6500000000001864 2.3747206107149754e-05 4.754182674707869e-10 0.0004160782615372227 0.0 9.604439465960013e-11 0.00015871441834730549 72617.12159049921 14.0 -13.382955204496753 2.2623391569088227 1954.64 1976.62 40 16 "Covariance may not be accurate."
2009le 30 0.002003426505217387 2141.5051056887883 7.177591854201637e-14 0.6500037598949869 0.536481714823668 1.8292098620314654e-08 0.0002799761593905714 4.163336342344337e-17 5.140488051891268e-08 0.005227970306785346 68915.32802229153 13.0 -13.867352597877394 2.2623471297117685 2153.53 2169.58 0 30 "Covariance may not be accurate."
2010ae 52 0.0020032031154312135 2261.425832042436 3.122502256758253e-14 0.6500111574928965 0.6282083364164431 0.051903981572555005 28.124422258101504 0.9421058798570283 0.37571015237396044 0.7328031053408199 15728.633280220478 7.0 -12.799034459109485 2.262328901427175 2258.59 2305.53 18 34 "Covariance may not be accurate."
