analysis_pipeline/fit_results/csp_4_salt2_2.4_all.ecsv
# %ECSV 0.9
# ---
# datatype:
# - {name: obj_id, datatype: string}
# - {name: num_points, datatype: int64}
# - {name: z, datatype: float64}
# - {name: t0, datatype: float64}
# - {name: x0, datatype: float64}
# - {name: x1, datatype: float64}
# - {name: c, datatype: float64}
# - {name: z_err, datatype: float64}
# - {name: t0_err, datatype: float64}
# - {name: x0_err, datatype: float64}
# - {name: x1_err, datatype: float64}
# - {name: c_err, datatype: float64}
# - {name: chi, datatype: float64}
# - {name: dof, datatype: float64}
# - {name: b_max, datatype: float64}
# - {name: delta_15, datatype: float64}
# - {name: tmin, datatype: float64}
# - {name: tmax, datatype: float64}
# - {name: pre_max, datatype: int64}
# - {name: post_max, datatype: int64}
# - {name: message, datatype: string}
# schema: astropy-2.0
obj_id num_points z t0 x0 x1 c z_err t0_err x0_err x1_err c_err chi dof b_max delta_15 tmin tmax pre_max post_max message
2004dt 269 0.0197 238.78721272103368 0.015752120528333226 -0.9881626898632865 0.06100377471908658 0.0 0.0002952039876475965 2.7674118199474615e-05 0.007241366781135294 0.0011690231635045345 742619.0712402791 265.0 -19.67619005358893 1.2480004151650128 249.79 365.62 0 269 "Covariance may not be accurate."
2004ef 278 0.031 264.72509439689776 0.0025563633324329873 -1.4142575160283908 0.14564738010192735 0.0 0.00541036372317194 2.3012547330295008e-06 0.006234629700162753 0.0007626021696115481 36283.9232307248 257.0 -18.70570957457575 1.3366064303096863 255.69 329.57 59 219 "Minimization exited successfully."
2004eo 269 0.0157 278.85504420920074 0.010629864391871403 -1.2242925202626873 0.19591744498350883 0.0 0.003555000919448048 9.13931074417347e-06 0.0038471083533242467 0.0006184074896151692 47525.90498369937 217.0 -18.751462770446153 1.2889938632498144 266.52 341.54 94 175 "Minimization exited successfully."
2004ey 213 0.0158 305.0241032079275 0.013340178591404215 0.23985831601441987 0.08532267397400806 0.0 0.008376740725395848 1.1790986375726127e-05 0.00732087663438552 0.0007113273213646965 6074.436251081209 171.0 -19.011147066399737 1.0047073754522415 295.53 358.55 55 158 "Minimization exited successfully."
2004gc 134 0.0321 330.0950296610692 0.0013740474894480938 -1.3722228899418267 0.39667559567319466 0.0 8.690773256603279e-07 2.4123129776940306e-06 0.013385446083163055 0.0016654071172508278 21061.694643368337 130.0 -18.11646799182259 1.3039837574054403 329.83 397.66 5 129 "Covariance may not be accurate."
2004gs 299 0.0267 358.3450028288341 0.002032376174982889 -2.350397671156357 0.19872208208064346 0.0 1.8878097307606367e-08 3.62159127113848e-06 0.01017527771472082 0.0015263730172548895 133728.0674469026 256.0 -18.125994128896778 1.5719966278727426 352.85 461.56 24 275 "Minimization exited successfully."
2004gu 156 0.0459 362.9837135510945 0.0016830326346661513 1.4424824744928069 0.12474315732703856 0.0 0.04655743294961212 4.630221436161008e-06 0.02423840756710316 0.0020809736516721467 1256.036292614078 141.0 -19.12989021955615 0.798411123419065 357.86 410.84 14 142 "Minimization exited successfully."
2005A 182 0.0191 381.565574268722 0.0008256090652580179 -0.5476586006370283 0.9999968822511138 0.0 1.63084726523266e-06 9.098273626093056e-07 0.01219239458239052 0.0008291782475030596 8604.871489750596 135.0 -16.460536773965494 1.0888439727418024 376.65 433.53 14 168 "Covariance may not be accurate."
2005M 381 0.022 408.4700298723179 0.0064081104880901185 1.1239805678701256 0.07837025333502168 0.0 2.162842633879336e-07 7.51824223453601e-06 0.010699514215442019 0.0009398093667737362 226336.12751253837 316.0 -18.944872453709294 0.8524789689223162 396.77 480.51 75 306 "Minimization exited successfully."
2005W 117 0.0089 412.93744553089255 0.02765079249669269 -0.028101179261001086 0.2427455254390034 0.0 0.017767262579695853 4.7561194406683244e-05 0.027854804242773312 0.0014749176796828856 1806.4937848051386 113.0 -18.547231281618018 1.0451004870886145 404.54 429.51 42 75 "Minimization exited successfully."
2005ag 208 0.0797 415.2156623781027 0.0006227695998677397 0.38797571177958456 0.040212284419936184 0.0 0.07370685894869666 1.582058315142997e-06 0.03479920977494544 0.0023252870654323354 19557.55644345463 195.0 -19.299566724425205 0.9803242357294977 412.82 480.84 15 193 "Minimization exited successfully."
2005al 238 0.0124 431.3282716842058 0.01552178817887934 -1.282036577459254 -0.026228811397465357 0.0 0.022881343741318005 1.9962324415759986e-05 0.007624287626318393 0.0008587951812158434 91601.15952182424 206.0 -18.64245862732528 1.3208372723161226 429.76 512.79 12 226 "Minimization exited successfully."
2005am 203 0.0079 440.0657459079077 0.043428572226027605 -2.2456137542327355 0.08749736624903859 0.0 3.795150774976719e-06 5.308773801893443e-05 0.0048228028071479745 0.0008935373670772018 123807.25662714025 177.0 -18.773055000179426 1.5556182275400978 432.58 512.46 15 188 "Covariance may not be accurate."
2005be 68 0.035 459.9598737654294 0.0029716611836509785 -1.8278921041334413 -0.05285639477764226 0.0 0.040736003542463095 1.4480193226071303e-05 0.015287896756989383 0.002836268941913078 1171.4422369834926 64.0 -19.13790189420825 1.4574182285764863 467.89 491.77 0 68 "Minimization exited successfully."
2005bg 95 0.0231 469.6518742733982 0.007000910629405383 0.8242342937736877 0.028412006857321703 0.0 0.06619797560833263 1.869709767108891e-05 0.03210331827413215 0.001616103532388391 2310.5815483033593 91.0 -19.148102377012968 0.9048359453703174 471.65 512.61 0 95 "Minimization exited successfully."
2005bl 64 0.0241 482.8981150321705 0.0005595519155618484 -4.429388178076613 0.5511171532612724 0.0 0.020541604584138895 3.1080244152353886e-06 0.05924658769065916 0.004979750783519421 11010.746278461032 60.0 -16.512219655728572 2.2986606895185098 476.61 512.57 35 29 "Minimization exited successfully."
2005bo 54 0.0139 479.0475707667931 0.008203908396016866 -1.0555357255939297 0.28655270537749766 0.0 0.06943819715331756 2.6247544303727166e-05 0.0444624077574598 0.0023553502764899203 1328.934698056501 50.0 -18.205189661634474 1.244655882247553 478.75 512.76 6 48 "Minimization exited successfully."
2005el 236 0.0149 649.0150116479177 0.012837111919256098 -1.5227542357631316 0.003243774954759804 0.0 1.3376234164752532e-07 2.3356540885037698e-05 0.007555435817771405 0.0012990605795679677 161861.87457561697 135.0 -18.839150508556134 1.3753107954926342 639.89 730.75 30 206 "Minimization exited successfully."
2005eq 211 0.029 656.3003346169226 0.004024644243769515 0.9693561073066501 0.10539820448761672 0.0 8.658944636863453e-06 7.392322957938333e-06 0.013917302443499313 0.0014484922690370938 67501.26974905175 149.0 -19.051361084436547 0.8773139137317685 647.8 751.66 18 193 "Covariance may not be accurate."
2005gj 227 0.0616 712.4900121603412 0.000980282456028306 4.999999973535644 0.7681965829483979 0.0 1.73270109371515e-09 2.7101535722343084e-06 0.00017120128565206727 0.002508064713470537 151932.1295744654 123.0 -19.296971163522198 0.19635321615430712 698.7 1016.76 42 185 "Minimization exited successfully."
2005hc 163 0.0459 668.0201339340945 0.0018094549963558971 0.94641481684911 0.044245771094349795 0.0 0.03369947844936405 2.92133585832056e-06 0.022645242026528845 0.001558509787440543 40694.61502334902 120.0 -19.20724205710946 0.883484746297384 661.67 755.61 35 128 "Minimization exited successfully."
2005hj 102 0.0574 676.7600903553051 0.001217064736172413 1.0270891495924452 0.05067988841850335 0.0 3.6565787695508334e-06 3.7239233857136672e-06 0.03765539062787626 0.003057874791412396 6231.399344705955 78.0 -19.280460695148054 0.8696668809053882 671.67 761.57 29 73 "Covariance may not be accurate."
2005hk 245 0.013 688.910036942673 0.004537866788253556 0.1446228751038401 0.6287463924401582 0.0 1.0476810530235525e-09 7.725669797343983e-06 0.010298743458421189 0.0012812756998750174 276710.42659354996 133.0 -17.432912029127582 0.992345992543239 675.61 761.54 68 177 "Minimization exited successfully."
2005iq 154 0.034 688.1296364489626 0.0031166261514802064 -0.9598839800072518 -0.05460433354457017 0.0 0.018168389426989506 6.1688161698103105e-06 0.02020344718445477 0.0017310246079283442 6328.026723593605 105.0 -19.12545996012473 1.250478261893413 682.55 755.55 36 118 "Minimization exited successfully."
2005ir 65 0.0763 686.7151207988599 0.0006638810730131867 0.19312172051281173 0.04815532765411068 0.0 5.2407086684524984e-05 2.9260427988272997e-06 0.05206190289417112 0.004040078876641262 391.589328273667 61.0 -19.26902164984797 1.0150121261471199 682.62 740.53 18 47 "Minimization exited successfully."
2005kc 125 0.0151 698.248443573535 0.006368180394302181 -0.6406337478208108 0.3794223145920086 0.0 0.01293164825870008 1.3816900094436313e-05 0.01656430258124164 0.0018283850195857099 2574.681346923825 69.0 -18.115506660593525 1.1525760922349395 687.52 728.54 53 72 "Minimization exited successfully."
2005ke 367 0.0049 700.3750033366997 0.015700842458311663 -1.8376663525927661 0.5109445291979902 0.0 4.4535534016176825e-07 2.402497713519837e-05 0.006428802213907625 0.0011186500857910397 607732.5737947393 215.0 -16.63990946437333 1.4011869728200033 689.69 819.51 65 302 "Minimization exited successfully."
2005ki 310 0.0192 705.7738383220054 0.009315889639321886 -1.4881566749806647 -0.03346076520860741 0.0 0.010611886258232062 1.5476275264613565e-05 0.008139633984162398 0.001338476196856342 351412.28253644315 247.0 -19.04881301791689 1.3702573541092207 695.86 861.5 29 281 "Minimization exited successfully."
2005ku 37 0.0454 699.0608546708687 0.0013306024878054102 0.10126546593603081 0.17434768452616023 0.0 0.18028830404449536 1.0081142793563758e-05 0.11067260754908048 0.005416530509481765 165.66769868033336 30.0 -18.84978873745699 1.0252361213190113 699.56 739.53 0 37 "Minimization exited successfully."
2005lu 88 0.032 719.9402517488929 0.0013552417763316978 -0.032940383227853864 0.3407245060846411 0.0 7.561294182778511e-06 5.473779991371709e-06 0.02472305502607952 0.003084954851223065 11110.206423472597 79.0 -18.09308922946307 1.0403763635788792 719.66 799.52 1 87 "Covariance may not be accurate."
2005mc 83 0.0252 730.5886433130287 0.0025179252011188567 -2.1374498536896707 0.2534759821607617 0.0 0.0967074673397974 2.3320689273168124e-05 0.015996050392772965 0.0034783949894096056 3133.759135888934 79.0 -18.231980929305774 1.5063507839197712 736.79 773.62 0 83 "Minimization exited successfully."
2005na 170 0.0263 744.2850629600639 0.005167662867506823 -1.2165688914348163 0.02668643571965612 0.0 1.5739630043754005e-06 9.1927689448313e-06 0.01116165600293173 0.0014796392320144403 54442.94224960289 141.0 -19.10411737852629 1.301437703331601 738.71 834.54 18 152 "Minimization exited successfully."
2006D 298 0.0085 759.3350017375965 0.029405436604841947 -1.6291568972760428 0.10350084385641334 0.0 3.834457515949907e-07 3.98496652328998e-05 0.006143871107289645 0.0009561510915231386 706499.6287927905 222.0 -18.510070908438344 1.391741219478444 751.84 891.61 12 286 "Minimization exited successfully."
2006X 312 0.0052 788.4400373497708 0.010587559022561727 0.3048542834439347 1.2693824090466306 0.0 1.528679831608315e-07 1.2582894349745868e-05 0.007048466875415382 0.0009034505489733391 887853.1203710056 187.0 -16.41634290908815 0.9282037776516976 775.68 906.46 70 242 "Covariance may not be accurate."
2006ax 236 0.0167 828.1246611817455 0.013948329304228076 0.17093033911183397 -0.0009657162008531728 0.0 0.007862885027805078 2.190753064212122e-05 0.009334554962853403 0.0010902338298989789 91138.79801485014 131.0 -19.180869305079593 1.0214974896780333 815.64 891.5 55 181 "Minimization exited successfully."
2006bd 52 0.0257 810.1302638898417 0.0012182089152804527 -1.7002978887391107 0.3874339231058883 0.0 0.12166625288858768 1.714808972352736e-05 0.04171243618940679 0.008581108943346516 2573.171979585143 33.0 -17.491915311586588 1.3809565169530238 822.75 872.57 0 52 "Minimization exited successfully."
2006bh 175 0.0109 833.3473450520496 0.028924714767629867 -1.478051419549069 -0.019581891674947727 0.0 0.01892760362568424 4.225494966558774e-05 0.006724066942224605 0.0009884962008089304 74479.23079861434 106.0 -19.035686257776508 1.3665762264520573 829.91 891.79 23 152 "Minimization exited successfully."
2006br 64 0.0246 851.3762759339144 0.0004275057102212626 -0.7997093032392133 0.8576062951170329 0.0 0.1391917127972988 6.212495750133884e-06 0.06326452786371517 0.008738093826408111 285.33973722545846 39.0 -16.290038607861852 1.1466478916783558 855.66 891.66 0 64 "Minimization exited successfully."
2006bt 88 0.0322 859.6261946104552 0.002404985795055936 -0.3099397831653068 0.24557637139822308 0.0 0.031240238086127192 6.622626491083151e-06 0.023263581763946828 0.002201339219811582 6838.39599817186 57.0 -18.726523193921143 1.0975803873307193 853.76 891.71 15 73 "Minimization exited successfully."
2006dd 217 0.0059 931.9399999981313 0.04999999999992719 4.99999999998022 0.3941363911552418 0.0 0.02737153337000109 1.0859505376742407e-06 0.00030537372092354076 0.0022100872485937284 1632856.7495346493 212.0 -18.35315223008787 0.18933243308387127 906.94 1147.57 1 216 "Minimization exited successfully."
2006ef 56 0.0179 970.0309927939873 0.010578591607625266 -1.3652272998392152 -0.01815925961514442 0.0 0.04079904609687901 4.615763879469315e-05 0.013834303751055765 0.0021447307515639613 61954.027839786104 52.0 -19.032450472406172 1.3395882665535943 979.9 1040.71 0 56 "Minimization exited successfully."
2006ej 64 0.0205 975.9683136889164 0.008235596487705618 -1.4245804594708722 -0.007853296698471901 0.0 0.07258541958026399 4.583208812900235e-05 0.017057614031221302 0.0028835858125029756 8529.464865854407 50.0 -19.05939939091422 1.3527370663325264 979.74 1046.74 0 64 "Minimization exited successfully."
2006eq 98 0.0495 977.035525972524 0.0006231512776371795 -2.3154262735123625 0.25206060456929436 0.0 3.5099641763736145e-05 5.047443078205738e-06 0.03186275608666911 0.006225693678996946 900.9126101495157 61.0 -18.221019580314557 1.555450464709093 980.56 1029.51 0 98 "Covariance may not be accurate."
2006et 236 0.0226 995.4500279868007 0.006335314938491033 0.7085628608658423 0.21652281486889868 0.0 8.864321898727212e-08 8.440107225545033e-06 0.009128796318045307 0.0011195669437568112 101508.11120881731 127.0 -18.99370453587942 0.9167889475952933 982.63 1099.54 42 194 "Covariance may not be accurate."
2006ev 116 0.0287 989.9162704410651 0.0019038565114085665 -1.3237590250633424 0.20163253923277336 0.0 0.07026091883915342 1.1559242203135222e-05 0.028379905173135933 0.0035232202490169673 444.9060805708308 45.0 -18.215674560403016 1.310828340221473 993.59 1039.52 0 116 "Minimization exited successfully."
2006fw 31 0.0835 1004.5986515247008 0.00037832049829825414 -0.6864846889740219 0.19563459547471318 0.0 0.1007141856247813 2.071891801513903e-06 0.07660157332288264 0.005345825711538521 1175.5912784960162 27.0 -18.86662369508342 1.1748594755374526 1001.75 1039.73 6 25 "Minimization exited successfully."
2006gj 122 0.0284 1001.3101524346266 0.0011140573104962887 -2.3064043539568893 0.3759229233682233 0.0 2.3112452993245824e-05 1.3171588566742625e-06 0.02565776971452771 0.002648153500025341 6677.477513533269 83.0 -17.615520983845176 1.537481794545105 998.83 1096.59 6 116 "Minimization exited successfully."
2006gt 93 0.0448 1004.4100015624391 0.0007694022313834703 -2.5404343171556487 0.1904444164003758 0.0 8.600488854426658e-08 2.5843691773039354e-06 0.025497774343250512 0.003074859682781539 3236.4378654291 60.0 -18.224256860821324 1.6287846474349799 1001.67 1076.62 16 77 "Covariance may not be accurate."
2006hb 190 0.0153 1000.1043877099286 0.012387258207869158 -2.123659180827441 0.03892449233645956 0.0 0.0288410533017327 4.7339597925048424e-05 0.009762891953865482 0.0020764819780648702 131275.61383714149 139.0 -18.858470482273496 1.52692662629609 1006.87 1143.59 0 190 "Minimization exited successfully."
2006hx 70 0.0455 1022.4437443323718 0.0015101493155519675 -0.13828049049170765 0.15059463571556053 0.0 0.040717412035235157 1.3003075987100222e-05 0.05220553662951444 0.006586009716013197 1246.8051944571705 45.0 -18.99158192901671 1.0708037949900557 1012.66 1080.59 16 54 "Minimization exited successfully."
2006is 176 0.031 1014.2502650968911 0.0042466716680168715 0.5354884896365242 0.054518864928224886 0.0 9.536624020256568e-06 7.013022331839227e-06 0.013296080991057835 0.00132382601188763 211989.51058657147 143.0 -19.256915381223045 0.9536450357938122 1008.9 1125.67 12 164 "Minimization exited successfully."
2006kf 180 0.0213 1041.3114563401164 0.003200590067978676 -2.1083667520089966 0.2206414965518806 0.0 0.018976719802822117 6.732819439704638e-06 0.013599078980964352 0.0017878069203715041 20119.59794945948 97.0 -18.12009508146181 1.5022995118982898 1036.81 1127.64 32 148 "Minimization exited successfully."
