analysis_pipeline/fit_results/csp_5_sn91bg_color_interpolation_blue.ecsv
# %ECSV 0.9
# ---
# datatype:
# - name: obj_id
#   datatype: string
# - name: num_points
#   datatype: int64
# - name: z
#   datatype: float64
# - name: t0
#   datatype: float64
# - name: x0
#   datatype: float64
# - name: x1
#   datatype: float64
# - name: c
#   datatype: float64
# - name: z_err
#   datatype: float64
# - name: t0_err
#   datatype: float64
# - name: x0_err
#   datatype: float64
# - name: x1_err
#   datatype: float64
# - name: c_err
#   datatype: float64
# - name: chi
#   datatype: float64
# - name: dof
#   datatype: float64
# - name: b_max
#   datatype: float64
# - name: delta_15
#   datatype: float64
# - name: tmin
#   datatype: float64
# - name: tmax
#   datatype: float64
# - name: pre_max
#   datatype: int64
# - name: post_max
#   datatype: int64
# - name: message
#   datatype: string
# schema: astropy-2.0
obj_id num_points z t0 x0 x1 c z_err t0_err x0_err x1_err c_err chi dof b_max delta_15 tmin tmax pre_max post_max message
[from data line 48]
2008R 43 0.04181590893431356 1486.5282479447076 1.5862311464331924e-13 0.6571299463055248 0.3536591722068588 0.0003808597087009806 0.020212810603879916 4.163336342344337e-17 0.00043539918937307576 0.0014566619453576235 159642.18689305984 38.0 -21.763097376975008 2.2445928111874167 1493.63 1532.52 0 43 "Covariance may not be accurate."
2005bg 64 0.04109740300619253 484.75526016331224 1.3739009929736312e-14 1.2408685484764064 0.0011713365166104994 5.3090231839608704e-05 0.002514241635168446 0.0 0.00045320557996864075 2.120115900022812e-05 411771.599368112 59.0 -19.732427688652717 1.4626662487061388 471.65 512.61 49 15 "Covariance may not be accurate."
2005ke 145 0.05977460610696513 695.6517965502417 7.477352070850429e-14 0.65161198766315 0.5136138115088135 0.05382123658098899 82.02275700838084 0.9223910436572137 0.38165311911611216 0.7134207767396031 772707.2574047967 140.0 -21.41707091252478 2.258309555340425 689.69 819.51 12 133 "Covariance may not be accurate."
2007cg 22 0.02910943196183014 1220.667403328311 1.6153745008296028e-14 0.9715590422581295 0.4973974333576557 3.471829536716431e-05 0.0005165928796486696 0.0 0.004109121059364951 1.8903064036124295e-05 2167.6094795889603 17.0 -18.17001528881241 1.7044408631020254 1235.63 1259.59 0 22 "Covariance may not be accurate."
2004gu 88 0.03885513650813023 367.40698439518854 1.0907941216942163e-14 1.239748273737864 0.494277178351981 0.05991844711490192 45.55737106295598 0.922386897202129 0.33388400361875253 0.7090387150749812 33482.48914233458 83.0 -18.394215779434013 1.4634077082922161 357.86 410.84 15 73 "Covariance may not be accurate."
2007jd 46 0.08499977606253509 1363.1981215340707 8.326672684688674e-17 0.6517359254496856 0.0025728293791752455 3.489780894816441e-10 6.821829288128356e-05 0.0 8.249196153942151e-08 0.005792777053200804 67189.21643124524 41.0 -15.832876957256651 2.2579820172495744 1362.83 1403.81 5 41 "Covariance may not be accurate."
2007hx 41 0.08499999974527792 1369.3713195379546 8.326672684688674e-17 0.6500000901536566 1.9328292673592706e-06 2.6167221167661125e-11 0.00020366342357647227 0.0 1.3237581031333434e-09 0.000327182182753849 65667.9844603012 36.0 -15.836939722327934 2.262338929439288 1354.78 1411.73 22 19 "Covariance may not be accurate."
2008ha 50 0.060226371515300144 1782.7522256971604 1.5404344466674047e-14 0.6500000042178582 0.5000638599707478 0.0005224348626161335 0.061866555260849054 4.163336342344337e-17 2.449725841624506e-07 2.1423267834497217e-05 53927.896097822275 45.0 -19.740421827718514 2.262356455628286 1781.55 1810.55 4 46 "Covariance may not be accurate. Covariance not positive definite. Covariance forced positive definite."
2005hj 50 0.08127759086228704 718.2898427078045 8.326672684688674e-17 0.6500000011344791 0.04295081085258046 0.0429782688825779 76.32132454016033 0.9230245689240368 0.3692208203697968 0.5197498266851379 181725.14850051835 45.0 -15.664223574760094 2.2623404171327337 671.67 761.57 35 15 "Covariance may not be accurate."
2005hk 89 0.014330113553653668 689.1082186967789 2.0816681711721685e-14 1.1854698211789851 0.49925848761292047 1.9046287030605874e-07 0.018878319542466215 0.0 1.1934926291701231e-06 1.672192689955443e-06 420702.73096507794 84.0 -16.87744763039581 1.5010444343221216 675.61 761.54 20 69 "Covariance may not be accurate."
2005ir 52 0.08487946314241714 671.533419387876 1.2906342661267445e-14 0.6514542120239203 0.4982364315054413 0.049681379135887944 37.02110368905073 0.922387039335687 0.3562088587031301 0.7099612305883598 55704.70925813062 47.0 -20.335717150500976 2.2587046965285396 682.62 728.63 0 52 "Covariance may not be accurate."
2005bl 41 0.05771511625351558 481.14142026807565 8.909539772616881e-15 0.6500387086272466 0.5000741062466244 0.0006099498619725023 0.014849965829199618 0.0 4.05102834688531e-06 0.003230323272095187 50004.00183031093 36.0 -19.049518303165108 2.262259060769452 476.61 512.57 19 22 "Covariance may not be accurate. Covariance not positive definite. Covariance forced positive definite."
2005M 209 0.0616046815960189 411.1457643006833 5.803690861228006e-14 1.2499899085310506 0.7243469948724871 3.5574996886979238e-06 0.00031727264033065694 0.0 6.248868708014221e-05 1.5437174579413515e-05 448638.0586860061 204.0 -20.80449394389592 1.4568002449469404 396.77 480.51 54 155 "Covariance may not be accurate."
2008bf 101 0.07292477416772945 1576.2292145340605 1.5903944827755367e-14 0.6500000000236269 0.12228698519264564 8.677027360515233e-09 1.6623924125269696e-05 0.0 1.1163847624118262e-12 0.0010313355867002383 816229.7837252278 96.0 -20.97641051137866 2.262343257605359 1547.73 1646.49 60 41 "Covariance may not be accurate."
2006eq 36 0.0800634964854124 996.2730141416408 8.326672684688674e-17 0.6500000372634703 0.0007454787449320266 0.04170047586536754 45.17179352825315 0.9241244591494461 0.36958664481919107 0.6032700281607914 39312.80201873227 31.0 -15.698370429887788 2.2623390830717547 981.64 1018.51 18 18 "Covariance may not be accurate."
2009aa 82 0.08251197808219092 1855.0639345906088 6.369904603786836e-14 1.2223077877647275 0.49856429440010724 5.100986623374215e-08 0.028572611066692843 4.163336342344337e-17 4.527633470363668e-07 1.8786351583532923e-06 415679.36846719607 77.0 -22.003226808569885 1.4749342795490819 1869.68 1938.65 0 82 "Covariance may not be accurate."
2008hj 62 0.0020874797235846724 1802.630786072585 1.8068879725774423e-14 1.0873640821435768 0.5718900750978672 2.6950303485450723e-05 0.00037994448030076455 0.0 3.105533088976209e-05 3.371058680640138e-05 113514.28533986284 57.0 -12.398577988878582 1.5841508518300245 1795.56 1834.55 20 42 "Covariance may not be accurate."
2006ax 90 0.05707028963008441 801.5684870910992 1.3214429550600926e-13 0.6877024938803076 0.02465663886901165 0.05488157018767844 51.81402673129577 0.922386843069199 0.42154920401991736 0.5440111371983897 670771.208334472 85.0 -22.89080410232681 2.1719017862745584 815.64 891.5 0 90 "Covariance may not be accurate."
2009D 83 0.05079670285875898 1847.786284648068 6.103451077876798e-14 0.7432218346036968 0.5000780918903208 6.65608043723398e-07 29.16039477251354 4.163336342344337e-17 2.5024910500104358e-05 2.4760657038214173e-05 725190.8373552369 78.0 -20.850637223747768 2.0517939764626334 1834.67 1884.53 36 47 "Covariance may not be accurate. Covariance not positive definite. Covariance forced positive definite."
2008gl 79 0.04884705032202712 1797.2923776301839 3.747002708109903e-15 0.6665680095271036 0.4858594221410993 0.0008378689410781792 0.0037547588415236532 0.0 0.00043101636405645793 4.902573317461245e-05 673007.6200950542 74.0 -17.76734736069861 2.2216066951852014 1765.7 1844.55 48 31 "Covariance may not be accurate."
2008cd 14 0.0802535590704168 1580.2375128439635 9.242606680004428e-15 0.6500242708534965 0.05081678886031826 2.615004128930787e-07 0.0001464912843402999 0.0 5.1799655231832276e-08 0.0037581317011882442 1177.938036184331 9.0 -20.735150722242892 2.26227959525767 1587.74 1595.73 0 14 "Covariance may not be accurate."
2007A 27 0.035560295963522344 1114.9800187199075 2.731148640577885e-14 1.247783240980682 0.001190881091628404 0.060462973301901396 29.534183479276066 0.9223868656381298 0.4109138393043564 0.6291615081692528 10734.455682982727 22.0 -20.155197450345852 1.4582017400198737 1108.54 1133.53 11 16 "Covariance may not be accurate."
2008ar 62 0.06699432400115947 1626.6858920102595 1.5768487074407922e-07 0.679477574339269 0.4990497590157719 0.0 0.0 0.0 0.0 0.0 451172.77398378996 57.0 -37.51001886928323 2.190989646793547 1527.79 1606.6 62 0 "Hesse Failed. Covariance may not be accurate. Covariance not positive definite."
2006X 124 0.0707230065431244 809.1020222679686 6.203371150093062e-14 1.2495544029056345 0.5000026264959991 4.193945062201665e-06 0.0003408054280384931 4.163336342344337e-17 6.384970584227823e-05 1.5286421561899743e-07 1326794.6963088573 119.0 -21.61813355638006 1.4570789266910502 775.68 906.46 58 66 "Covariance may not be accurate."
2006ej 43 0.07520992017160072 998.8226844143663 1.3572476476042539e-14 0.6501321922705445 0.5001311392425003 0.04547535900730751 56.41294303634095 0.9223870353256858 0.37267120249020064 0.7103980781706352 156149.5073652907 38.0 -20.10846854655132 2.2620238670847215 979.74 1046.74 14 29 "Covariance may not be accurate."
2005eq 99 0.08218612885683657 689.8015299888368 8.909539772616881e-15 0.6500000159549739 0.40878177211483785 5.482465665479497e-08 0.00022980447351983457 0.0 3.575905682673408e-10 0.0025745387821149157 739251.9923669267 94.0 -20.0597329434689 2.2623533502870394 650.81 751.66 59 40 "Covariance may not be accurate."
2008gg 96 0.07900485398621865 1783.1804822775157 7.66053886991358e-15 0.6500000357012607 0.47021119893434526 6.697638930963645e-08 0.0001714075862082609 0.0 4.579068235699424e-10 0.0018774301146511074 788655.2362836809 91.0 -19.671587516827927 2.262355240288656 1753.63 1827.57 56 40 "Covariance may not be accurate."
2004ey 111 0.059671449022330826 317.17184104194394 6.428191312579656e-14 1.1586061619545507 0.4963191500127555 0.00034078630094208986 0.0008990951467353625 4.163336342344337e-17 2.1065563400979315e-05 3.388984892785385e-05 1358819.926527249 106.0 -21.279726715281768 1.5218753677633554 295.53 352.55 65 46 "Minimization exited successfully."
2010ae 5 0.08499718121401945 2281.2829766878217 1.0241807402167069e-14 0.6624677874994853 0.4404650026364275 1.5128025970811976e-08 0.0009498666086074081 8.326672684688674e-17 2.6769586361496955e-06 0.3356962963189063 598.8599686969537 0.0 -20.221464334741416 2.231524739000726 2271.53 2305.53 2 3 "Covariance may not be accurate."
2007ux 63 0.06690800008244038 1505.60155316048 1.3322676295501878e-15 1.2310944635562127 0.4777386731580366 0.050522849863513096 76.21809678770148 0.9283408578848952 0.32051050299965994 0.7073597144098251 325500.6166134285 58.0 -17.375408476735995 1.4690764725831578 1466.86 1558.61 46 17 "Covariance may not be accurate."
2005W 77 0.028744703961424152 429.5065873114389 1.1890488593735427e-13 1.2175597124855635 0.47590610908274283 7.701311600279148e-07 7.741489667978385e-06 0.0 2.6823383230123454e-06 0.002647758860580496 808571.9302288806 72.0 -20.360910124225974 1.4781485324004624 404.54 429.51 74 3 "Covariance may not be accurate."
2007on 104 0.06635718108608431 1448.6719462193937 1.074140776324839e-13 1.1937730813309408 0.44689440998815877 0.0010051517195144022 0.0014654692535032154 0.0 0.00014019110987806283 8.217419191092201e-05 988691.446419868 99.0 -22.193006360578497 1.494912006943732 1411.79 1508.61 46 58 "Covariance may not be accurate."
2005ku 20 0.08467672182720314 722.2466495908811 4.829470157119431e-15 0.9401701428890464 0.5000656883329425 2.9684006518787553e-07 0.0017391756040865403 0.0 1.7237082457599584e-05 0.7294492616927706 53658.779880678834 15.0 -19.25850609078735 1.7425653528894358 699.56 729.56 18 2 "Covariance may not be accurate. Covariance not positive definite. Covariance forced positive definite."
2008fu 45 0.08499367582631247 1784.2866833519852 8.326672684688674e-17 0.6500000000020911 0.011047817208205746 0.0528593854172672 71.73791740841614 0.961211315258466 0.38448402385438674 0.568407317368461 74882.43883032686 40.0 -15.81923050950773 2.262339466018158 1740.75 1817.67 41 4 "Covariance may not be accurate."
2007bd 44 0.08325074729850476 1218.583137444629 1.3156142841808105e-14 0.6500000210321926 0.16808852640593858 2.402329160600125e-08 8.870651140568953e-05 0.0 2.2653440234776667e-10 0.007165842965933256 214934.78741097808 39.0 -20.982333270919852 2.2623452362337026 1197.53 1259.46 24 20 "Covariance may not be accurate."
2006is 96 0.057523489300099775 1122.0059736083388 1.6653345369377348e-16 0.6526924932119818 0.5061691551597582 3.2968803969843363e-07 0.06444526617121937 0.0 3.390444046069696e-07 4.232542743065615e-06 913665.9776761692 91.0 -14.711467808690792 2.2556075299653386 1008.9 1125.67 90 6 "Covariance may not be accurate."
2008bc 104 0.0757876220913477 1535.8122068352855 1.68365321684405e-13 0.6500000101583409 0.5022067398861935 2.6730698564347843e-08 0.006496450447457391 0.0 7.978395721863762e-11 8.157880885262259e-07 876481.5820752768 99.0 -22.856677041705627 2.262356447683093 1541.67 1646.46 0 104 "Covariance may not be accurate."
2007mm 22 0.0774831533775104 1398.6891235767262 8.326672684688674e-17 0.6500000000539836 0.001570210705103381 0.043654424980445077 34.90915649010992 0.9246409005784638 0.3698539564338068 0.5979047899192915 26774.499028433438 17.0 -15.622004630752876 2.262339199538637 1385.72 1418.69 12 10 "Covariance may not be accurate."
2008C 48 0.08499789608744415 1506.1825301604192 1.8068879725774423e-14 0.650000440994345 0.04488391935142155 9.460827260499016e-09 0.003449819246725383 2.498001805406602e-16 1.1657830645273037e-08 0.9594762269135104 204681.67140895422 43.0 -21.604937013330876 2.2623393710797792 1469.81 1552.5 34 14 "Covariance may not be accurate."
2004dt 181 0.08499999995674817 247.85922637672533 5.495603971894525e-14 0.6500000000004705 0.5009760864650078 0.051102240979255496 93.95236611728222 0.9235201570649354 0.36940779032176446 0.7110764252486064 839548.0926084041 176.0 -21.906123188821805 2.262356469217785 249.79 365.62 0 181 "Covariance may not be accurate."
2006br 23 0.03053093183559398 881.5492059945424 4.163336342344337e-16 0.7461812763182102 0.184817496478837 0.05519952266840171 37.816996015850805 0.9283779797726863 0.4421987170486159 0.5908638838878122 30727.227290290753 18.0 -14.936645779062744 2.045868807888535 858.69 890.61 21 2 "Covariance may not be accurate."
2005ag 163 0.08498045743357382 432.49507727092487 2.1649348980190553e-15 0.8176298246710635 0.45463692028177694 8.555917543895397e-09 0.00027375670291007737 0.0 1.8092775770917058e-06 0.31508336691097893 381549.84094567545 158.0 -18.50239298470671 1.9177729813182118 412.82 480.84 78 85 "Covariance may not be accurate."
2007sr 103 0.08487624093061547 1764.2398402341303 0.015323628952341822 0.9544547413567384 0.8064731716038971 0.0 0.0 0.0 0.0 0.0 2199531.6537903403 98.0 -49.93579021965614 1.7248478614891738 1455.76 1578.72 103 0 "Hesse Failed. Covariance may not be accurate. Covariance not positive definite."
2009ad 48 0.05071900326754026 1882.5887311209938 3.372302437298913e-14 0.6511392106307632 0.5017829201241857 0.05703505408716246 42.698997655138555 0.9223869819962853 0.35770357083609977 0.7107764009035366 239639.82449978948 43.0 -20.200378705340036 2.259494453733751 1878.6 1915.45 8 40 "Covariance may not be accurate."
2006et 85 0.017109054585541728 1035.5610648860193 3.913536161803677e-15 1.2498266014801354 0.04058364651645241 0.048909217583394005 94.14636744813066 0.922386928022553 0.36462414053802544 0.5225754053837147 767470.1954268916 80.0 -16.36278650491475 1.4568915176717425 983.64 1099.54 56 29 "Covariance may not be accurate."
2009P 53 0.08002440610580354 1858.9610329832956 4.829470157119431e-14 0.705792963648048 0.49717765244784334 0.04160529214371384 40.74528028298607 0.9223881832054246 0.4294444860821414 0.7097163862432354 62392.239237113485 48.0 -21.635806938706228 2.131021571254937 1867.74 1931.61 0 53 "Covariance may not be accurate."
2004ef 167 0.06542667412151522 271.24927973712425 7.743805596760467e-15 1.248794879994476 0.5034595041772333 9.708123308027616e-08 1.681857202406178 0.0 7.219668984870253e-08 1.347174263421902e-06 1229006.2144962235 162.0 -19.176276412782315 1.4575660684608778 255.69 329.57 58 109 "Covariance may not be accurate."
2006os 40 0.023071526886370104 1099.3806146344482 8.326672684688674e-17 1.0997054366768548 0.049059742109102356 9.74717834834049e-07 0.0012680013048793626 0.0 7.012073903522875e-06 0.0553617064356304 141740.22743204836 35.0 -12.827386479579943 1.5726750053009013 1065.63 1121.61 33 7 "Covariance may not be accurate."
