analysis_pipeline/fit_results/csp_5_sn91bg_salt2_phase_red.ecsv
# %ECSV 0.9
# ---
# datatype:
# - {name: obj_id, datatype: string}
# - {name: num_points, datatype: int64}
# - {name: z, datatype: float64}
# - {name: t0, datatype: float64}
# - {name: x0, datatype: float64}
# - {name: x1, datatype: float64}
# - {name: c, datatype: float64}
# - {name: z_err, datatype: float64}
# - {name: t0_err, datatype: float64}
# - {name: x0_err, datatype: float64}
# - {name: x1_err, datatype: float64}
# - {name: c_err, datatype: float64}
# - {name: chi, datatype: float64}
# - {name: dof, datatype: float64}
# - {name: b_max, datatype: float64}
# - {name: delta_15, datatype: float64}
# - {name: tmin, datatype: float64}
# - {name: tmax, datatype: float64}
# - {name: pre_max, datatype: int64}
# - {name: post_max, datatype: int64}
# - {name: message, datatype: string}
# schema: astropy-2.0
obj_id num_points z t0 x0 x1 c z_err t0_err x0_err x1_err c_err chi dof b_max delta_15 tmin tmax pre_max post_max message
[from data line 50]
2006is 80 0.003508322021547511 1001.9759805575444 1.7236212457305555e-14 1.2499999297777844 0.5110413442922487 4.3916011742287445e-08 0.0003404645378282112 0.0 1.1329533303849892e-05 2.0935379752506922e-05 107336.66939453864 16.0 -13.579199590746114 1.4563876039767472 1009.86 1125.67 0 80 "Covariance may not be accurate."
2006kf 118 0.0035199660973779935 1040.5467167692818 1.3572476476042539e-14 1.0263984606917136 0.6095481377741191 2.251728409134214e-08 0.0003159405750920996 0.0 5.1174124927610976e-06 0.03406298776744654 34692.61641142806 33.0 -13.15658431131628 1.6435823638718432 1036.81 1127.64 20 98 "Covariance may not be accurate."
2006lu 48 0.0035004475574737493 1044.2350406040155 5.079270337660091e-15 0.6530239905162867 0.5001560758282998 1.6629759724004836e-08 0.0003673179277257077 0.0 0.002291323865882433 2.8293323611205956e-06 49237.64755662387 27.0 -12.264984036147208 2.2531105006364385 1040.84 1137.75 6 42 "Covariance may not be accurate."
2006mr 118 0.003514817605260527 1059.38425937782 3.372302437298913e-14 1.1227781152023233 0.5002456387287953 4.325898128208425e-08 0.00413343951186107 0.0 9.499060706241735e-06 0.3300143287645153 111001.17082943373 40.0 -14.329082934347841 1.5514214780683915 1045.86 1147.57 31 87 "Covariance may not be accurate. Covariance not positive definite. Covariance forced positive definite."
2006ob 38 0.00350380313189372 1049.1310193360875 4.912736883966318e-15 0.6500006834108695 1.9271038931290008e-08 5.076671080695913e-09 0.00010329418000765145 0.0 5.878925957158998e-09 0.00021107863413435957 6905.635183109923 12.0 -13.209262446078533 2.2606523503624807 1060.65 1121.57 0 38 "Covariance may not be accurate."
2006os 66 0.025265049681343393 1068.0227517989292 4.912736883966318e-15 1.2253174871148773 0.7225317315246651 0.05954201464030443 28.266414305467265 0.9223875723311028 0.41341847183803776 0.7395334431498359 18145.152469098524 39.0 -16.134121398481287 1.472492037652632 1063.65 1133.56 14 52 "Covariance may not be accurate."
2006ot 75 0.0035007375488773597 1066.1261158615587 2.831068712794149e-15 0.6524284127031481 0.09525629427880389 0.04939881763054613 27.74745200432062 0.9223876200011111 0.35236974255737213 0.5304847713792119 16170.656265917294 25.0 -12.447464413831419 2.254580456678344 1063.72 1131.63 5 70 "Covariance may not be accurate."
2006py 14 0.0035000004107552433 1056.45753980294 8.326672684688674e-15 0.9855186204984066 0.7062435455113791 1.0852093659460826e-10 0.00015479862338452222 0.0 5.612630074258718e-06 0.01272467508739128 7436.558392655178 9.0 -12.415633211700154 1.6876953807597168 1069.54 1091.54 0 14 "Covariance may not be accurate."
2007A 49 0.00350035610847312 1103.1606904781645 2.7894353493707058e-14 1.2499931841406902 0.46840894686662365 0.04943022548540788 25.280718999443934 0.9223868886268989 0.36980404391827754 0.7026864024007539 21154.86621196481 13.0 -14.189858070967272 1.4563909851828214 1107.53 1133.53 0 49 "Covariance may not be accurate."
2007N 100 0.0035034300677139387 1133.250053516212 3.913536161803677e-15 0.6537481604365206 0.010986793389233696 5.131740755210876e-09 0.0002208460904284948 0.0 4.6381143709028905e-07 0.00771103182258262 117788.3381346304 32.0 -12.944701903380896 2.2512931274900794 1123.82 1213.67 39 61 "Covariance may not be accurate."
2007S 127 0.0035071575709426763 1140.26281047718 3.930189507173054e-14 0.9701180032861583 0.18962036026402945 7.829036316377852e-09 0.0001585549241553963 0.0 3.0606403913502334e-06 0.003408276155061424 74424.55683440989 26.0 -15.119821238984798 1.7053652833044097 1132.77 1246.54 22 105 "Covariance may not be accurate."
2007af 205 0.003501890172145518 1147.9126401653807 3.887723476481142e-13 1.11792321961099 0.2766874336064211 6.7396057996590986e-09 4.8143107619580405e-05 1.457167719820518e-15 4.777112993847865e-06 0.0053376982392358 137956.8890808313 32.0 -17.422077269513096 1.5556861150132928 1162.76 1257.72 0 205 "Covariance may not be accurate."
2007ai 59 0.003515977396901603 1154.6170957406 1.890154699424329e-14 0.8549749586519084 0.5000356292512552 1.1035973220850648e-05 0.08346872084428014 1.249000902703301e-16 0.006017542885684957 0.003344440418859923 28355.166348805906 21.0 -13.70155718333513 1.8590177612644823 1167.88 1259.7 0 59 "Covariance may not be accurate. Covariance not positive definite. Covariance forced positive definite."
2007al 72 0.0035042246619954006 1162.602099114732 2.0483614804334138e-14 0.9989235910452567 0.500218918129417 1.6511172488990408e-06 0.08836950021668599 1.249000902703301e-16 0.005693673091922147 0.0003003661049118256 15233.442003653927 17.0 -13.781252335217221 1.6728132298581464 1170.77 1246.58 0 72 "Covariance may not be accurate. Covariance not positive definite. Covariance forced positive definite."
2007as 88 0.003500005626275302 1165.2453465808662 6.511458039426543e-14 0.8065714267692672 0.48969211466620394 2.152067097877658e-09 0.0004155255923024015 4.163336342344337e-17 0.0009132628016018107 2.798384137780996e-05 67031.29292022673 13.0 -15.059830330950446 1.9348249588973854 1175.59 1259.49 0 88 "Covariance may not be accurate."
2007ax 57 0.0035000121567175147 1188.0011851500813 3.222422328974517e-14 0.6708403953572011 0.21115128433588737 4.767471039690899e-09 0.003462737558720619 4.163336342344337e-17 1.6691598959561738e-05 0.011233878367671368 8625.346020180128 17.0 -14.851982102377214 2.209776593625154 1184.55 1248.47 6 51 "Covariance may not be accurate."
2007ba 68 0.0035204458299786874 1197.5654395976912 6.161737786669619e-15 0.6500624317842223 0.49630514587133956 4.536422690596363e-07 0.061035725946908315 0.0 2.248205264232528e-06 5.945073970503589e-05 5249.112130375175 24.0 -12.496481623622408 2.260514168064521 1190.83 1254.75 20 48 "Covariance may not be accurate."
2007bc 64 0.0035069684364249835 1181.6500601657826 5.83699755196676e-14 0.8924015941504833 0.5000154225984085 3.1884244602181644e-09 2.0883794604742434e-07 4.163336342344337e-17 1.2558252941441417e-06 0.3591053672721615 42157.848000941536 17.0 -14.920233486684442 1.8052003694900804 1196.65 1259.53 0 64 "Covariance may not be accurate. Covariance not positive definite. Covariance forced positive definite."
2007bd 66 0.0035185871884671383 1204.9338241463588 9.575673587391975e-15 1.1758431248234844 0.30391469115885594 4.6029933274899584e-08 0.0004894945686828578 0.0 7.34174002925414e-06 0.0035028561621475163 17853.928195428616 20.0 -13.365566640175047 1.5078432456637216 1197.53 1259.46 16 50 "Covariance may not be accurate."
2007bm 50 0.0035000005569701905 1206.0011839673214 3.278211035961931e-13 1.1598082653764576 0.7109732759718123 7.100760695578912e-10 0.003487297430979197 8.743006318923108e-16 2.6911417169594998e-05 0.0025600486449711135 71432.66736825283 10.0 -16.392865533563768 1.5204025868417936 1217.57 1278.52 0 50 "Covariance may not be accurate."
2007ca 73 0.0035033557772191333 1221.3132407063185 4.0217829067046296e-14 0.6500008117419451 0.6076393321505319 7.3798049151675704e-09 0.00011136872990391566 0.0 1.0056273869185617e-08 0.0024431838405624684 218294.72637719108 23.0 -14.329246212241035 2.260669427800444 1217.65 1275.65 8 65 "Covariance may not be accurate."
2007cg 23 0.005048934556028883 1243.281169528736 2.9976021664879227e-15 0.6501566487266446 0.36438786801307577 0.04449437077316688 28.295496175710355 0.9223869428377424 0.364844903561857 0.6713121404439807 23433.001229781665 13.0 -12.782739885063428 2.260273647092639 1235.63 1259.59 6 17 "Covariance may not be accurate."
2007hj 173 0.08395709199033617 1363.7738271715955 1.2739809207573671e-14 0.9975643017310116 0.5312581479570934 0.04870983345374939 24.993057653107826 0.9380198523214979 0.41645504291688124 0.7241183947089772 437511.0297048906 85.0 -20.241761433150074 1.6743024119327288 1348.76 1440.53 44 129 "Covariance may not be accurate."
2007hx 14 0.0035000000162624906 1369.571088431714 8.326672684688674e-17 0.6500000004894335 0.05470004441633025 0.05086848489965716 30.268814113512008 0.9478693518192232 0.37915529728504815 0.5066791563156521 7906.254888592121 7.0 -8.690005314278732 2.2606556766961816 1354.78 1411.73 8 6 "Covariance may not be accurate."
2007if 25 0.0035000285195962025 1360.5435844423985 6.2450045135165055e-15 0.6642846234915883 0.4980685948553055 1.3735235167115778e-09 0.0650268164595218 0.0 2.68319729301858e-06 2.709160187022719e-05 28933.788521104718 12.0 -12.494060738309049 2.225501596755059 1357.77 1443.6 2 23 "Covariance may not be accurate."
2007jd 17 0.0035000012803843425 1362.3870648374277 8.326672684688674e-17 0.6500180555710545 0.5007973052567211 1.1387091343635636e-09 6.57509549347219 0.0 3.732037714976322e-07 7.653862327788863e-05 7407.502728180828 12.0 -7.800371056089322 2.260625742379329 1362.83 1409.83 0 17 "Covariance may not be accurate."
2007jg 56 0.0035000001102518026 1369.3604125519637 6.494804694057166e-15 0.6500000000003049 0.6532104374719905 6.523239587385987e-11 0.00016070504636900296 0.0 7.473011098824145e-11 0.025495280492168537 45165.66758362771 27.0 -12.258953601739492 2.2606716763643107 1363.82 1425.78 15 41 "Covariance may not be accurate."
2007jh 20 0.003512939308920278 1370.0267989206984 3.247402347028583e-15 0.6500384704966383 0.4046105162446904 1.5445280048167163e-05 0.016855156595397602 4.163336342344337e-17 3.726838621276318e-05 0.00033993908121282557 8852.26586448221 13.0 -12.000654440215698 2.260571342315373 1363.86 1413.8 5 15 "Covariance may not be accurate."
2007le 148 0.003515334626060612 1377.2446414536973 6.982747713379922e-13 0.6591262528917626 0.02380292943627943 0.08011272963499429 34.85207551117003 1.4907857475483777 0.5953894316226345 0.673588294610333 122026.2739351816 23.0 -18.560022428662574 2.2380313420981324 1388.57 1470.55 0 148 "Covariance may not be accurate."
2007mm 17 0.0035049731405435683 1393.091047151928 4.163336342344337e-16 0.6809971954648734 0.06557620144671156 6.280406526001231e-09 0.0001832833337402917 0.0 1.31919272261527e-06 0.5304484042307283 9855.173895828133 12.0 -10.421755563617815 2.1858750165488523 1385.72 1418.69 4 13 "Covariance may not be accurate."
2007nq 99 0.003500000250810702 1384.447950925045 1.557087792036782e-14 0.9038531636317353 0.8307761177827954 2.775062714344134e-10 0.0002525297016973127 0.0 1.1128739525356757e-05 0.02247064563082979 24197.357079373458 25.0 -12.8568339676684 1.7894152196990056 1397.65 1476.56 0 99 "Covariance may not be accurate."
2007ol 7 0.08399999975453398 1398.2105666350105 4.08006961549745e-15 0.7597164456584785 4.969258893261497e-10 1.602456847771272e-10 0.00032987993290589657 0.0 8.361110445775921e-06 0.0008030810894207319 903.3550368405608 2.0 -20.035219432386285 2.018219517761427 1409.79 1422.66 0 7 "Covariance may not be accurate."
2007on 204 0.004182591468696859 1415.1280555596225 3.0359048608374906e-13 1.2464969026358852 0.6820047026455741 9.5233856560449e-05 0.0010695140392726898 3.7470027081099033e-16 0.0001708915380957965 0.00018286664260874774 83136.30890445919 43.0 -16.76137313197607 1.4586354674849762 1410.73 1508.61 16 188 "Covariance may not be accurate."
2007so 39 0.0035230833781546554 1441.9805973658329 1.149080830487037e-14 0.6505576363274668 0.48211259372149895 0.04892275628500871 29.41962463408231 0.9223878540172334 0.36113475280626844 0.7061221552102113 14210.543211806831 15.0 -13.208966317116332 2.2592711932436735 1449.68 1494.53 0 39 "Covariance may not be accurate."
2007sr 156 0.0035121766560926894 1448.9930547135045 2.694511280765255e-13 0.9997684963628148 0.18536588468500353 0.06358641149711791 34.67990167062237 1.1940397960596083 0.47485858653361784 0.5911770133754203 199770.14677967734 32.0 -17.22230578393221 1.6718817069079748 1454.84 1955.57 0 156 "Covariance may not be accurate."
2007st 74 0.0035000012310527555 1443.7393405049108 4.929390229335695e-14 0.6698606088091148 0.0011622074598327536 2.5169954510385895e-10 4.5046794070913165e-05 4.163336342344337e-17 2.715538649555871e-06 0.00044125066869046825 44785.14894030327 24.0 -15.70874146923167 2.212102355376052 1458.66 1513.52 0 74 "Covariance may not be accurate."
2007ux 88 0.003500000095237839 1472.2948720016623 7.077671781985373e-15 0.6500000000009708 0.6302376023411878 2.463514960603097e-11 0.0001208133946875023 0.0 1.2081169398214797e-11 0.005201667843120594 44601.99970223744 38.0 -12.39781847917994 2.260671566170277 1466.82 1554.65 21 67 "Covariance may not be accurate."
2008C 73 0.0035014692211838695 1455.8972935029487 1.0441647546599597e-13 0.6537881138321565 0.9956277866357814 4.254486127763454e-09 7.962221116031287e-05 0.0 5.869578263428821e-07 0.0016919510982007502 23232.99653135573 21.0 -14.58086660147578 2.2512070836797307 1469.81 1552.5 0 73 "Covariance may not be accurate."
2008J 43 0.08399923697900108 1505.2960762340663 7.235878562994458e-14 1.2186466093811963 0.49950589784777716 0.01337262985648148 0.020053284488312784 1.249000902703301e-16 0.001079136787247581 4.132347361571198e-05 216261.27176029622 20.0 -22.180341171865784 1.4769793958655413 1484.54 1516.52 34 9 "Covariance may not be accurate."
2008O 53 0.0035175113733610266 1503.093106380567 2.914335439641036e-15 0.8781030484860702 0.5000421968217845 3.0674838448615724e-08 0.0005294088923619711 0.0 7.512892333860766e-06 0.3288729082439019 41292.72190650464 20.0 -11.67260236764869 1.825364611158026 1489.71 1546.54 27 26 "Covariance may not be accurate. Covariance not positive definite. Covariance forced positive definite."
2008R 64 0.015493624330984203 1492.4482510246019 2.606248550307555e-14 1.230234901751284 0.0971856979161313 0.00219113186279138 0.009308729389772452 4.163336342344337e-17 0.00012955584813323373 0.0002752193742102116 5333.583320278658 21.0 -18.10423367529131 1.4692147330416923 1493.63 1532.52 0 64 "Covariance may not be accurate."
2008ae 71 0.003500001055907265 1501.9902806929817 1.0658141036401503e-14 0.6500000000064169 0.5000153454021696 4.79263920241408e-07 0.191622235661157 8.326672684688674e-17 0.02034397717106773 0.00025271564131457147 7007.00703782498 9.0 -13.06962818405485 2.260671080345457 1511.74 1602.52 0 71 "Covariance may not be accurate. Covariance not positive definite. Covariance forced positive definite."
2008ar 70 0.003501078637669997 1531.421542736744 3.0225821845419887e-14 0.6664150913811528 0.49960644529962533 4.814262470446973e-09 0.009472660093365448 0.0 1.6094328798565982e-06 6.2035747824540355e-06 77796.90177184166 27.0 -14.203037005917711 2.220367135914458 1527.79 1627.59 7 63 "Covariance may not be accurate."
2008bc 101 0.003500001443370138 1529.056024518325 9.367506770274758e-14 0.6500000011930064 0.00035132270563847934 5.784446554558953e-11 4.989695787571691e-05 0.0 1.4330214792579454e-10 0.00027177262507160904 120261.12898439227 27.0 -16.40709646940306 2.260654073053974 1542.56 1646.46 0 101 "Covariance may not be accurate."
2008bd 35 0.003500001269574974 1531.0174302934063 8.659739592076221e-15 0.6500000000079814 0.5000136367263364 4.75099557165461e-07 0.12072327129465066 4.163336342344337e-17 6.480741301939652e-07 5.818797548759469e-05 3429.962034831033 18.0 -12.844189432396831 2.2606710803363583 1541.7 1607.65 0 35 "Covariance may not be accurate. Covariance not positive definite. Covariance forced positive definite."
2008bf 83 0.0035030123882017106 1548.7391001025271 3.2557290197132716e-14 0.6972731042437865 0.7668884752119627 4.5224136297795925e-09 0.00016828498587528884 4.163336342344337e-17 1.4903195332816033e-06 0.0032885785819803948 276011.2870343668 41.0 -13.767929314471811 2.1485998806015623 1546.79 1646.49 8 75 "Covariance may not be accurate."
