analysis_pipeline/fit_results/csp_4_salt2_2.4_blue.ecsv
# %ECSV 0.9
# ---
# datatype:
# - {name: obj_id, datatype: string}
# - {name: num_points, datatype: int64}
# - {name: z, datatype: float64}
# - {name: t0, datatype: float64}
# - {name: x0, datatype: float64}
# - {name: x1, datatype: float64}
# - {name: c, datatype: float64}
# - {name: z_err, datatype: float64}
# - {name: t0_err, datatype: float64}
# - {name: x0_err, datatype: float64}
# - {name: x1_err, datatype: float64}
# - {name: c_err, datatype: float64}
# - {name: chi, datatype: float64}
# - {name: dof, datatype: float64}
# - {name: b_max, datatype: float64}
# - {name: delta_15, datatype: float64}
# - {name: tmin, datatype: float64}
# - {name: tmax, datatype: float64}
# - {name: pre_max, datatype: int64}
# - {name: post_max, datatype: int64}
# - {name: message, datatype: string}
# schema: astropy-2.0
obj_id num_points z t0 x0 x1 c z_err t0_err x0_err x1_err c_err chi dof b_max delta_15 tmin tmax pre_max post_max message
[from data line 106]
2008fr 68 0.0397 1741.5754570247213 0.001845004022992769 -0.7826639315862813 0.22360184306736053 0.0 1.1128708138130605e-05 6.070926422793678e-06 0.024152298146988826 0.005008589742846237 16103.202224889124 64.0 -18.904730327485794 1.1924674388168413 1740.72 1807.57 4 64 "Covariance may not be accurate."
2008fu 45 0.052 1733.7083351753033 0.0013347068922760137 -1.6322252448500922 -0.048546426020864564 0.0 0.1998334792683636 2.6909699070351502e-05 0.048345497739382015 0.014075486124439263 1258.9489258278145 41.0 -19.155822548138747 1.4070483278082655 1740.75 1817.67 0 45 "Minimization exited successfully."
2008fw 92 0.0085 1736.44550487976 0.023218735789595296 0.29453831939106667 0.26849989729420987 0.0 2.1236489146758686e-05 4.9748651986265824e-05 0.012298963573441846 0.0019091673684241695 454819.6827004882 88.0 -18.25795932841364 0.9858077920805641 1740.89 1827.81 0 92 "Covariance may not be accurate."
2008gg 96 0.032 1752.0909805644426 0.003456224237181607 0.2486929872264909 0.24281826201472745 0.0 9.543277542434225e-06 7.83059320617896e-06 0.017656051088585922 0.0027451060705001584 54472.55863669698 92.0 -19.10668444392294 0.9952108087358305 1753.63 1827.57 0 96 "Covariance may not be accurate."
2008gl 79 0.034 1768.890661650335 0.002946681457191014 -1.3748150858802752 0.07045549798321549 0.0 1.917638496706786e-05 4.727855452972508e-06 0.015383755052023718 0.002579111006361323 9299.629741293606 75.0 -19.064572939605497 1.3341365699538592 1765.7 1844.55 12 67 "Covariance may not be accurate."
2008go 24 0.0623 1766.6621945595411 0.0009001315375247399 -1.004145599607709 0.18834718074621648 0.0 0.12328150844132324 2.78073078188864e-06 0.16782055328717793 0.005266297106704565 278.71612116436233 20.0 -19.138890153436574 1.2415717721673047 1765.61 1776.58 8 16 "Minimization exited successfully."
2008gp 73 0.0334 1779.745505936349 0.0032025959969619933 -0.11241595899500112 0.023081806144658934 0.0 0.013226440278231166 6.929019872770016e-06 0.016188013522745237 0.002671245142931822 1972.31937506337 69.0 -19.115771580398743 1.07309411937986 1768.75 1814.69 14 59 "Minimization exited successfully."
2008ha 50 0.0046 1780.5985536535231 0.0010802268869706255 -3.2381914367436444 0.356930893130047 0.0 0.09560754939195704 9.581013954044993e-06 0.045550087084253565 0.009252325416618357 1336.0722180456883 46.0 -13.58856594620799 1.8304557443292069 1781.55 1810.55 0 50 "Minimization exited successfully."
2008hj 62 0.0379 1802.442230807869 0.0029330036598945344 0.2121365839913718 0.07526468630966288 0.0 0.020994678719489457 5.398473547504803e-06 0.025065123884891793 0.0025527668481196697 684.0894142607776 58.0 -19.30255986779912 1.0102141517303345 1795.56 1834.55 16 46 "Minimization exited successfully."
2008hu 45 0.0497 1807.020500393164 0.0008746470428992348 -1.9249155028625746 0.12042715544240479 0.0 0.08527520591223947 4.354091551973826e-06 0.040811576060205246 0.006731842671147681 273.73852449422304 41.0 -18.595699601370075 1.4645629496997792 1806.76 1840.68 4 41 "Minimization exited successfully."
2008hv 93 0.0126 1817.5943959136046 0.01997665183810955 -1.2084394322174563 -0.05608158280175546 0.0 0.00607077690551705 3.5777639689331744e-05 0.008970930429875068 0.0018724708517558475 89732.0974684403 89.0 -18.951630047026136 1.3063029502093357 1806.79 1884.68 19 74 "Minimization exited successfully."
2008ia 57 0.0219 1813.4196372152337 0.0036335176127916813 -1.101164684251117 0.1385526899202698 0.0 0.033705947624071086 7.97354393469599e-06 0.02441904902685965 0.0030091224227680735 952.1960366387185 53.0 -18.31798863528133 1.2665638555919934 1809.77 1858.76 7 50 "Minimization exited successfully."
2009D 83 0.025 1841.8477799806292 0.007247986696901177 0.5872766385399322 0.09008530714706908 0.0 0.015963929255235598 9.099550843702509e-06 0.01480118320124646 0.0015822641100167179 2704.9389625713366 79.0 -19.360736870232316 0.9430661428394504 1834.67 1884.53 24 59 "Minimization exited successfully."
2009F 57 0.013 1842.041914678231 0.0018622046385910363 -3.3509097578441933 0.6213503356891317 0.0 0.019556141138991734 5.346383540402819e-06 0.02580775397125623 0.004340071523808331 11748.047298197456 53.0 -16.46360974800526 1.8199563068801652 1837.75 1884.63 20 37 "Minimization exited successfully."
2009I 18 0.0262 1852.596339933804 0.0007559071252771527 1.515801473561158 0.7899783297419436 0.0 0.11419413849580451 5.0072592149078e-06 0.13593868496846184 0.010235738506831571 127.94160438567737 14.0 -17.04445070727004 0.7639052975526894 1848.58 1867.58 4 14 "Minimization exited successfully."
2009J 23 0.0158 1837.7729690500244 0.0011384033975847807 -2.1308943405827923 -0.2558744568743081 0.0 0.34605880567778513 5.1014482360389854e-05 0.06523650757424404 0.026763778607246214 155.80324775443538 19.0 -16.34042449650348 1.5620223890153113 1848.7 1867.68 0 23 "Minimization exited successfully."
2009P 53 0.0251 1867.9283870526613 0.002290395556521399 1.9004808438371512 0.45007972062453594 0.0 0.1524843730342127 1.1547694769249717e-05 0.0830919688413978 0.00549682289223663 1882.0797438844763 49.0 -18.130833122131346 0.7142557796251232 1867.74 1931.61 4 49 "Minimization exited successfully."
2009Y 116 0.0094 1878.3400487274357 0.031344750617742834 0.04859933113253412 0.23599089090273306 0.0 5.621250465992489e-06 3.953640020057381e-05 0.010701419922081623 0.001103968098790875 392132.40013238165 112.0 -18.802781826311087 1.031477639957643 1869.84 1976.65 18 98 "Covariance may not be accurate."
2009aa 82 0.0273 1878.8669533078364 0.004681183424776989 -0.527126392535048 -0.04189639105009102 0.0 0.011562779850009974 7.348190397116379e-06 0.015813071933525435 0.001955506119696082 13069.094085028642 78.0 -19.07981050909804 1.158342057428193 1869.68 1938.65 28 54 "Minimization exited successfully."
2009ab 40 0.0112 1883.7840183267379 0.011416317305261839 -0.876404264326232 0.1737852530445101 0.0 0.012345686480784934 2.120567795845657e-05 0.01353781508042573 0.002634014848930555 3953.3260517840536 36.0 -18.087754191740665 1.2156207047999565 1874.57 1911.51 16 24 "Minimization exited successfully."
2009ad 48 0.0284 1887.1199302267319 0.004198314717051651 0.3569203984324263 0.010671263072101533 0.0 0.01570853480484402 7.127151387609481e-06 0.01836966075267421 0.0024248219865095066 4375.576821033936 44.0 -19.04970933575648 0.9872353597282384 1878.6 1915.45 20 28 "Minimization exited successfully."
2009ag 72 0.0086 1890.0586673353503 0.010842913306915315 -0.38859601601936156 0.4323079327385837 0.0 0.03473625421838733 2.5202551007771738e-05 0.014954961589737081 0.0020750246526147764 1100.612463359367 68.0 -17.462489949568095 1.100397471597578 1888.59 1937.5 4 68 "Minimization exited successfully."
2009al 55 0.0221 1896.4652271947116 0.005274206842248996 0.17332409700203222 0.16786607885192728 0.0 8.923941777538857e-06 1.885713847652468e-05 0.02478661591452358 0.00435797264192761 1024.809157466627 51.0 -18.743849107944154 1.0125357501403727 1897.7 1947.57 0 55 "Covariance may not be accurate."
2009cz 32 0.0211 1943.8843615678306 0.008049393513779066 0.6871901264939311 0.09530190552813367 0.0 0.02556165373687236 2.022199431779559e-05 0.029022129555819287 0.003225203687797662 533.6002085504543 28.0 -19.100020837788477 0.9255925538492953 1937.53 1966.46 12 20 "Minimization exited successfully."
2009dc 40 0.0214 1947.9056111448836 0.012959144958187632 2.77448906181208 0.10979493606775126 0.0 0.04261538231264694 3.10728438847295e-05 0.03500059166679925 0.0028787335914931544 4376.285811032911 36.0 -19.65195067724933 0.5710866135121275 1942.81 1976.68 12 28 "Minimization exited successfully."
2009ds 36 0.0193 1962.302692779801 0.00932452541913313 1.6836656654030566 0.1667130632977527 0.0 0.043776375658580946 2.3478148412588162e-05 0.052457027092894126 0.0035223967301373227 793.5109911126791 32.0 -19.065177747026475 0.7577769151329541 1956.68 1976.62 12 24 "Minimization exited successfully."
2009le 36 0.0178 2168.7300216078843 0.01108147308071622 3.19009658941809 0.2034914869675668 0.0 0.03722290604036971 2.652284256624178e-05 0.05798299274613061 0.0026775437740889085 408.4651741274205 32.0 -19.08001140792295 0.475634403540214 2155.62 2169.58 32 4 "Minimization exited successfully."
2010ae 5 0.0037 2280.326876222259 0.0002604358236541898 4.999983248238959 0.48182488235040655 0.0 0.8902061975172728 2.7145273776307816e-05 1.3606736325554767 0.14486173501807942 66.69626823247876 1.0 -11.633350724780865 0.19095416701143364 2271.53 2305.53 2 3 "Minimization exited successfully."
