analysis_pipeline/fit_results/csp_4_salt2_2.4_blue.ecsv
# %ECSV 0.9
# ---
# datatype:
# - name: obj_id
#   datatype: string
# - name: num_points
#   datatype: int64
# - name: z
#   datatype: float64
# - name: t0
#   datatype: float64
# - name: x0
#   datatype: float64
# - name: x1
#   datatype: float64
# - name: c
#   datatype: float64
# - name: z_err
#   datatype: float64
# - name: t0_err
#   datatype: float64
# - name: x0_err
#   datatype: float64
# - name: x1_err
#   datatype: float64
# - name: c_err
#   datatype: float64
# - name: chi
#   datatype: float64
# - name: dof
#   datatype: float64
# - name: b_max
#   datatype: float64
# - name: delta_15
#   datatype: float64
# - name: tmin
#   datatype: float64
# - name: tmax
#   datatype: float64
# - name: pre_max
#   datatype: int64
# - name: post_max
#   datatype: int64
# - name: message
#   datatype: string
# schema: astropy-2.0
obj_id num_points z t0 x0 x1 c z_err t0_err x0_err x1_err c_err chi dof b_max delta_15 tmin tmax pre_max post_max message
[from data line 53]
SN2007jd 46 0.0726 1361.5524037431592 0.0003725481658185426 -0.6885171288587628 0.18787427335570261 0.0 0.4376273390911365 5.7126956802572456e-06 0.14722806989548198 0.009490397174431675 371.3187873076586 42.0 -18.52940821393247 1.1758192505777743 1362.83 1403.81 0 46 "Minimization exited successfully."
SN2007hx 41 0.0794 1354.75245241365 0.00031218321357327495 0.49536022725086326 0.19212239445004564 0.0 0.24097712041248087 2.25843643093942e-06 0.12322744854557222 0.007447773953039971 551.4067324386848 37.0 -18.54313625623703 0.9544355777550884 1354.78 1411.73 0 41 "Minimization exited successfully."
SN2008ha 50 0.0046 1780.5989326741299 0.0010801453223101998 -3.2382696095643255 0.3569862588174353 0.0 0.09560742465703242 9.579844375469404e-06 0.045554732993690505 0.009252380726122222 1336.0723010184415 46.0 -13.588486037425398 1.8304733856617297 1781.55 1810.55 0 50 "Minimization exited successfully."
SN2005hj 50 0.0574 676.760428100991 0.0012267991411360037 0.7603895664274294 0.08056264794695545 0.0 8.748159643801046e-05 4.3568079732686504e-06 0.05265635958871906 0.0062169351477799895 3542.2037287372927 46.0 -19.289082185807764 0.9136594284267119 671.67 761.57 12 38 "Minimization exited successfully."
SN2005hk 89 0.013 685.910032462897 0.006683755812726025 -1.261716002913706 0.31358299290396996 0.0 1.791448767107795e-08 1.3890098004247422e-05 0.013467685155329923 0.0031487983421372157 113714.62653473568 85.0 -17.836597538032343 1.2870446837327432 675.61 761.54 16 73 "Minimization exited successfully."
SN2005ir 52 0.0763 686.0352036219937 0.0006642852681467249 0.5155432628361867 0.06123047977164964 0.0 0.10740637205623216 3.078980608230142e-06 0.09262907553722632 0.004667077795671326 252.63047557658618 48.0 -19.27000491701276 0.9568421910576355 682.62 728.63 15 37 "Minimization exited successfully."
SN2005bl 41 0.0241 482.36637070009925 0.000516060898475998 -4.999999995970295 0.8668092096661448 0.0 0.020540873006325455 2.6362157874660003e-06 0.006611337053104016 0.008475003582938845 2761.3074956747105 37.0 -16.44794441450456 2.5088872351862683 476.61 512.57 23 18 "Minimization exited successfully."
SN2005M 209 0.022 407.48018988911633 0.006486101001348338 1.285231327394425 0.05177468713998845 0.0 3.7487875488295685e-06 9.224366342239047e-06 0.016253155460559388 0.001745361514500554 124513.68602614188 205.0 -18.957985605937978 0.8266503448531175 396.77 480.51 38 171 "Minimization exited successfully."
SN2008bf 101 0.0235 1555.6045927327757 0.007861937726279493 0.4849083135579644 0.013380326942864507 0.0 0.017148890010844298 1.5850631537458158e-05 0.018792796593362304 0.002221244728582761 49029.63651997366 97.0 -19.311652737724444 0.9643487074398163 1547.73 1646.49 16 85 "Minimization exited successfully."
SN2006eq 36 0.0495 974.2974446983119 0.0007664499170756928 -1.9136215446789762 0.19374728594628876 0.0 0.218789054266324 1.7958913023623224e-05 0.04589858292129145 0.017554360098333 57.18379541145284 32.0 -18.444506078564807 1.4539401626102944 981.64 1018.51 0 36 "Minimization exited successfully."
SN2009aa 82 0.0273 1878.8669525920852 0.004681183390308263 -0.5271250239211493 -0.0418964201460007 0.0 0.011562792195263683 7.348191589963849e-06 0.015813088438121348 0.001955505739351493 13069.094083225402 78.0 -19.079810501993023 1.158341781028966 1869.68 1938.65 28 54 "Minimization exited successfully."
SN2008hj 62 0.0379 1802.4422309297822 0.0029330035962699622 0.21213776757849967 0.07526455931211862 0.0 0.02099468422090922 5.398473862286424e-06 0.025065133500084436 0.002552766447878496 684.0894143371833 58.0 -19.302559844019825 1.0102139437156055 1795.56 1834.55 16 46 "Minimization exited successfully."
SN2006ax 90 0.0167 828.0826425636312 0.014210706150107656 0.004660333753234269 0.012091709133829065 0.0 0.00953216212587904 2.733171649129361e-05 0.01261079216819061 0.001917472645116769 48912.2700028693 86.0 -19.201004108673445 1.0516240222800324 815.64 891.5 24 66 "Minimization exited successfully."
SN2009D 83 0.025 1841.847779538825 0.007247986259963682 0.5872788329077601 0.0900849022637149 0.0 0.01596395646026849 9.099551578759055e-06 0.014801204837064041 0.0015822634513408262 2704.938964262249 79.0 -19.36073680254978 0.9430657796616977 1834.67 1884.53 24 59 "Minimization exited successfully."
SN2008gl 79 0.034 1768.8906923933055 0.002946681270199281 -1.3748264373371621 0.07045574033420432 0.0 1.9132300849378225e-05 4.727855666840277e-06 0.015383733805095945 0.002579111169748405 9299.649334298925 75.0 -19.064572867562134 1.3341391935676548 1765.7 1844.55 12 67 "Covariance may not be accurate."
SN2008cd 14 0.0074 1572.7400001583637 0.0013287380467826239 -2.1785252980479624 0.9999999769057444 0.0 0.04798663832764305 2.14732041381976e-05 0.1175083268802326 0.0036771606099459397 165.7250427865999 10.0 -14.897591236059586 1.4257605113665868 1587.74 1595.73 0 14 "Minimization exited successfully."
SN2007A 27 0.0177 1113.4720464200204 0.006913475510099451 0.9900741503801527 0.24227926197436767 0.0 0.04171229164023771 2.498778656952194e-05 0.0632125572484914 0.004431763150764434 1142.9897636349328 23.0 -18.55063238473675 0.8685887803453429 1108.54 1133.53 11 16 "Minimization exited successfully."
SN2008ar 62 0.0261 1535.3244951735571 0.004878307600187548 -0.18242714265418059 0.08467790666357633 0.0 0.024663411656547396 1.83517334866822e-05 0.025501931012689827 0.003911972555993626 11670.117312217191 58.0 -19.025577485886114 1.0829416716682445 1527.79 1606.6 4 58 "Minimization exited successfully."
SN2006X 124 0.0052 786.6511829579458 0.013649633340333818 -0.684319138869788 0.9999999999999352 0.0 0.008527222192526551 1.5586770329525587e-05 0.009362998254448751 4.074959814803769e-06 434656.42734828853 120.0 -16.657872935107008 1.1138633441913068 775.68 906.46 22 102 "Minimization exited successfully."
SN2006ej 43 0.0205 976.3277225306699 0.008092202401086601 -1.5186713977188617 0.007086796001364526 0.0 0.08453740964267809 5.3015267785764056e-05 0.019959073929247673 0.005456189150138568 8235.230061282207 39.0 -19.040297103917815 1.3739708445147603 979.74 1046.74 0 43 "Minimization exited successfully."
SN2005eq 99 0.029 656.3010129689108 0.004012370918224098 0.9864886299668605 0.11906357682248547 0.0 1.7632786182275595e-05 8.759038935969576e-06 0.022196386574840243 0.0028270798044915946 36158.94625013452 95.0 -19.048229207075575 0.873925882988928 650.81 751.66 8 91 "Minimization exited successfully."
SN2008gg 96 0.032 1752.0900200706342 0.003456326802861962 0.24903422217793203 0.24280294378215905 0.0 5.257476232145564e-07 7.831692791823719e-06 0.01765782651574943 0.0027451149607421454 54471.52945503026 92.0 -19.106716509783453 0.9951511068431067 1753.63 1827.57 0 96 "Covariance may not be accurate."
SN2004ey 111 0.0158 305.0514806237481 0.013406333964026863 0.19618555800369197 0.06839174883806476 0.0 0.009778425647681388 1.3648190760686546e-05 0.01020904176388937 0.0013123782286965646 4729.754894916675 107.0 -19.01634226164017 1.0134483713023634 295.53 352.55 31 80 "Minimization exited successfully."
SN2010ae 5 0.0037 2280.3255973966934 0.00026046885400216605 4.9999998930605365 0.4818819401929524 0.0 0.8916958918707678 2.71735885123539e-05 1.426259210130076 0.14498002194690074 66.69619930406627 1.0 -11.633492799046838 0.19095414905106622 2271.53 2305.53 2 3 "Minimization exited successfully."
SN2007ux 63 0.0309 1463.865011451399 0.0018541390635713807 -1.9379620576990595 0.19681765313729138 0.0 0.08363424006756759 1.1702809957632476e-05 0.028753697648158383 0.005901399260396678 5475.827055411912 59.0 -18.35055876956561 1.4599173525072224 1466.86 1558.61 0 63 "Minimization exited successfully."
SN2005W 77 0.0089 412.9596849835249 0.027550832226703764 0.009469873106386473 0.2549145153095962 0.0 0.021874212071850252 5.1586458407292327e-05 0.0316896520425054 0.00266441602059464 1554.2720686856192 73.0 -18.54364853343921 1.0375489152058641 404.54 429.51 27 50 "Minimization exited successfully."
SN2007on 104 0.0065 1422.2850051235168 0.0499999943055726 0.7012600684963939 0.2707089246239034 0.0 1.674198415457795e-06 2.5048186265766437e-07 0.011997383741659817 0.0024306085739976835 363135.220011037 100.0 -18.505275626470624 0.9156722293550121 1411.79 1508.61 15 89 "Minimization exited successfully."
SN2005ku 20 0.0454 698.9267296953316 0.001332016280331863 0.1442462435400742 0.20939974375285852 0.0 0.36129220619164926 1.4906882880956463e-05 0.21160884204494623 0.010764958116704082 85.27962162679336 16.0 -18.851695203654682 1.015607388453116 699.56 729.56 0 20 "Minimization exited successfully."
SN2008fu 45 0.052 1733.7086841055414 0.0013346713642572146 -1.6322709930654486 -0.04852621702539184 0.0 0.1998563434699463 2.6911410252691858e-05 0.04834535440873178 0.014076247944339537 1258.9489251407526 41.0 -19.155793541989905 1.4070578513339633 1740.75 1817.67 0 45 "Minimization exited successfully."
SN2007bd 44 0.0309 1207.9150955228863 0.0035710064853207105 -0.5877522127014618 0.016853559378108063 0.0 6.061713975213934e-08 9.828364599144632e-06 0.018035985745020522 0.004042834715624388 1795.160612039921 40.0 -19.06068649987641 1.1669222760408253 1197.53 1259.46 16 28 "Minimization exited successfully."
SN2006is 96 0.031 1014.2500579750631 0.004195955814773294 0.41081575806242654 0.15022259417095318 0.0 7.148329700612521e-06 6.487191509507804e-06 0.014985743625580028 0.001642687660691644 133215.9956152008 92.0 -19.244847942367745 0.9711519269011895 1008.9 1125.67 7 89 "Covariance may not be accurate."
SN2008bc 104 0.0151 1550.581692024303 0.009110025550991606 0.6363830540076822 0.20454281077246939 0.0 0.009739280503481496 1.1152031805850872e-05 0.010942349023738362 0.0015377090319763642 55666.819981994915 100.0 -18.49965360794493 0.929597781424393 1541.67 1646.46 27 77 "Minimization exited successfully."
SN2007mm 22 0.0664 1391.9598104392358 0.00018141557202764336 -3.652692443908653 0.753244789261454 0.0 0.07047810790118092 1.7052713185597396e-06 0.08887041331326873 0.020264966486315927 330.4382330830701 18.0 -17.57186527131235 1.9003699243787082 1385.72 1418.69 3 19 "Minimization exited successfully."
SN2008C 48 0.0166 1470.7500320859608 0.006039746756514972 -1.5834614994378313 0.3351058693568709 0.0 2.5905479333232506e-05 2.277341846690503e-05 0.03612630970323205 0.006132548033914054 8722.589471670179 44.0 -18.264025118160077 1.358296011319517 1469.81 1552.5 8 40 "Minimization exited successfully."
SN2004dt 181 0.0197 244.76504182319445 0.010119999763220115 -0.9970188727751079 0.12913461641429125 0.0 5.08940445342887e-09 2.240700549654539e-05 0.011978490447913659 0.002094072280416248 278312.6710453998 177.0 -19.196506578819307 1.244674571375029 249.79 365.62 0 181 "Covariance may not be accurate."
SN2006br 23 0.0246 849.6289350185112 0.0004383355135447298 -0.3371385637820552 0.9999999985799009 0.0 0.472523715385762 1.0927983692347887e-05 0.20396799603597326 0.009723993174517442 29.748485195899192 19.0 -16.331869266924773 1.051552088447906 858.69 890.61 0 23 "Minimization exited successfully."
SN2005ag 163 0.0797 415.3958717090096 0.0006210160211264832 0.2688618414833517 0.05093569234006656 0.0 0.07414724742369572 1.568021668893482e-06 0.038670810576064696 0.002838865435874416 18388.077339759056 159.0 -19.296473635752736 1.0011569016426485 412.82 480.84 12 151 "Minimization exited successfully."
SN2007sr 103 0.0055 1458.5950290487588 0.04999915505672348 0.46411134916203167 0.6800293217785525 0.0 1.7862457752926275e-06 1.0470273493004556e-06 0.012166376836431958 0.0019285984113298626 680609.8704483041 99.0 -18.16155292778644 0.9356921423300602 1455.76 1578.72 12 91 "Minimization exited successfully."
SN2009ad 48 0.0284 1887.1199303911842 0.004198316011494491 0.3569159636520203 0.010671167407246829 0.0 0.015708531342966126 7.127150493356493e-06 0.018369646175330434 0.0024248219145699412 4375.576821441149 44.0 -19.0497096670326 0.9872361586684093 1878.6 1915.45 20 28 "Minimization exited successfully."
SN2006et 85 0.0226 995.450022723729 0.006290033175948346 0.7539137576427715 0.2354491573033759 0.0 7.305832809834101e-06 9.432033593402556e-06 0.0030470714686070544 0.0027884999512604036 56787.015533929705 81.0 -18.986415986532432 0.9083099815555968 983.64 1099.54 15 70 "Covariance may not be accurate."
SN2009P 53 0.0251 1867.9283512230338 0.002290397242475903 1.9004973400716167 0.4500793267115164 0.0 0.15249532063285187 1.1548024284910351e-05 0.08309614279455246 0.005496841457233614 1882.079743363806 49.0 -18.130833930638957 0.714253129931091 1867.74 1931.61 4 49 "Minimization exited successfully."
SN2004ef 167 0.031 264.6440141318955 0.0025314247257462925 -1.4132707831924654 0.1922483133293742 0.0 0.006544107204206284 2.5453355435480895e-06 0.008084790622826521 0.0015515416623300693 14386.691396249507 163.0 -18.695916724060467 1.3321392085866464 255.69 329.57 39 128 "Minimization exited successfully."
SN2006os 40 0.0328 1065.2033705359293 0.00094403118625917 -0.77377236342861 0.4991590047436234 0.0 0.14579557084368844 5.8142753010137385e-06 0.06754949813202327 0.008606440558339923 1363.1693424726072 36.0 -17.762112656174004 1.169887639927623 1065.63 1121.61 0 40 "Minimization exited successfully."
SN2008bi 35 0.0134 1537.7580333928522 0.004132684773789486 -2.6904681548573226 0.2821336078314114 0.0 0.11860722733717921 9.972948020871026e-05 0.03758124477505498 0.01632454561193264 901.7367645070615 31.0 -17.379536713119396 1.6616283873713584 1551.52 1595.52 0 35 "Minimization exited successfully."
SN2009le 36 0.0178 2168.7298730256425 0.01108161829599683 3.18982936519094 0.20347961560368288 0.0 0.03722472683398337 2.6522296554983005e-05 0.05798246569477694 0.002677555417028743 408.4651489096983 32.0 -19.08002332617078 0.47570417082941496 2155.62 2169.58 32 4 "Minimization exited successfully."
SN2005al 140 0.0124 433.13002143107923 0.015133291278143805 -1.7047928186717822 0.0037493132220192127 0.0 8.839632613444337e-06 2.0891538170605614e-05 0.00818604730685335 0.0015444255138441498 54462.22158653077 136.0 -18.61473681748385 1.4202252923691994 429.76 512.79 16 124 "Minimization exited successfully."
SN2005am 137 0.0079 440.0650873207796 0.04444367480989231 -2.367926358862007 0.05963026237398905 0.0 1.1083676838552492e-06 5.967245095039181e-05 0.005853154831884311 0.0014182339987255377 85586.4400872068 133.0 -18.797860892140847 1.5943111965746848 432.58 512.46 9 128 "Minimization exited successfully."
SN2005iq 70 0.034 688.229636173154 0.003106991946542498 -0.9651383410173837 -0.037973426254776954 0.0 0.02059611753156787 7.09251269133686e-06 0.026673316186781815 0.0031329777098280664 2700.6149876398904 66.0 -19.122027831677883 1.2504054231720758 682.55 755.55 16 54 "Minimization exited successfully."
SN2008bd 31 0.0301 1526.7000000264673 0.0008360971593942085 -1.4100431153223116 0.42955176383802773 0.0 0.023185857611792926 3.469458919002212e-05 0.1538892981114488 0.03852886208468753 233.85825935765482 27.0 -17.43558500757817 1.3095222952942578 1541.7 1592.62 0 31 "Minimization exited successfully."
SN2007S 65 0.0139 1145.0765666517282 0.007635092511061512 1.0438248247933863 0.4193992646036575 0.0 0.01806999211225957 2.6937575762364316e-05 0.025833057522690606 0.003380623856786169 44819.91121929904 61.0 -18.133660840936145 0.8527679846445348 1133.84 1246.54 12 53 "Minimization exited successfully."
SN2005bo 36 0.0139 478.7822474937235 0.008317742619232014 -1.0033120811077403 0.23866339638079626 0.0 0.11081149390386713 3.100498254006868e-05 0.07408816154901476 0.0038961576756546545 1052.079528603522 32.0 -18.218830801129887 1.2374057109010757 478.75 512.76 4 32 "Minimization exited successfully."
