analysis_pipeline/fit_results/csp_5_sn91bg_color_interpolation_red.ecsv
# %ECSV 0.9
# ---
# datatype:
# - {name: obj_id, datatype: string}
# - {name: num_points, datatype: int64}
# - {name: z, datatype: float64}
# - {name: t0, datatype: float64}
# - {name: x0, datatype: float64}
# - {name: x1, datatype: float64}
# - {name: c, datatype: float64}
# - {name: z_err, datatype: float64}
# - {name: t0_err, datatype: float64}
# - {name: x0_err, datatype: float64}
# - {name: x1_err, datatype: float64}
# - {name: c_err, datatype: float64}
# - {name: chi, datatype: float64}
# - {name: dof, datatype: float64}
# - {name: b_max, datatype: float64}
# - {name: delta_15, datatype: float64}
# - {name: tmin, datatype: float64}
# - {name: tmax, datatype: float64}
# - {name: pre_max, datatype: int64}
# - {name: post_max, datatype: int64}
# - {name: message, datatype: string}
# schema: astropy-2.0
obj_id num_points z t0 x0 x1 c z_err t0_err x0_err x1_err c_err chi dof b_max delta_15 tmin tmax pre_max post_max message
[from data line 48]
2006hb 101 0.0037754218799599102 1010.3064428441429 3.0059288391726113e-14 1.0693773246164602 0.4803734266159711 0.047460527632796054 28.029579782344456 0.9223868615612505 0.38835842023434525 0.7056945988788923 80188.72334911289 49.0 -14.407807646448177 1.6012814236129351 1006.87 1143.59 16 85 "Covariance may not be accurate."
2006hx 39 0.05406343768272985 1035.6872940276933 3.247402347028583e-15 1.1273181200607505 0.19780547856912373 0.05914096441776491 27.78764383183318 0.9223869912176812 0.4425696905472759 0.5981385807117003 8966.933135424426 18.0 -18.41712017742062 1.548014508825318 1013.66 1080.59 10 29 "Covariance may not be accurate."
2006is 80 0.0035173046727378157 993.9667068960563 6.27831120425526e-14 0.7701921837138624 0.7262113451011848 0.04900175043510685 25.268781943278213 0.9224026841180669 0.3597079483755331 0.7396013515979507 239857.02671430304 52.0 -14.573972343710192 1.999794716102798 1009.86 1125.67 0 80 "Covariance may not be accurate."
2006kf 118 0.003516181329279508 1040.419411442375 1.5237811012980274e-14 0.8009853978774764 0.5378865593947937 1.294938127786166e-07 0.00018162225035212032 0.0 1.5525905941060625e-05 0.003496763272831438 54316.573341102514 44.0 -13.406431154528097 1.9452918578553806 1036.81 1127.64 20 98 "Covariance may not be accurate."
2006lu 48 0.0035056710396427467 1043.3632319796834 6.661338147750939e-16 1.1706868159287191 0.48122020831703455 0.05108098996368928 28.075782285412288 0.9463131157845797 0.3347761429309694 0.7147231337556685 65982.57498220858 41.0 -10.108330571077786 1.5123194208492983 1040.84 1137.75 5 43 "Covariance may not be accurate."
2006mr 118 0.017634262181569816 1051.3103712345423 8.643086246706844e-14 0.6506186263535799 0.34098738901431963 0.00023494591388424461 0.012744689555688637 4.163336342344337e-17 6.841945138086336e-05 0.00021964116357972574 12472.980048155408 54.0 -19.212688893017905 2.2607963631299643 1045.86 1147.57 16 102 "Covariance may not be accurate."
2006ob 38 0.0035144195187698903 1045.8926471119298 6.661338147750939e-16 1.2068075257011257 8.755773883706297e-13 1.716902115075046e-08 4.969053031800286e-05 0.0 2.467411181705792e-06 0.0001327501820193311 32721.83775985853 22.0 -11.04645331963043 1.485568330506922 1060.65 1121.57 0 38 "Covariance may not be accurate."
2006os 66 0.003554464742307182 1048.8661523402347 5.578870698741412e-15 1.223587166000787 0.36449753482082825 0.0486083614858948 23.313557621081486 0.9223890544835756 0.31109729998793606 0.6713508215145093 35516.7578757105 30.0 -12.692312594382823 1.4740710689538155 1063.65 1133.56 0 66 "Covariance may not be accurate."
2006ot 75 0.0035159190589327824 1050.2359247525787 1.099120794378905e-14 0.7898539990549833 0.49972292812706587 4.98398313620186e-08 0.0487437637380026 0.0 1.1134703378268274e-05 3.147384393165087e-06 27658.270121146474 32.0 -13.113635670608783 1.9644332196099619 1063.72 1131.63 0 75 "Covariance may not be accurate."
2006py 14 0.003500000410192292 1056.4608536987853 5.995204332975845e-15 0.9879262774555353 0.15118490734458012 1.3540582500734533e-10 0.00019318498971188092 0.0 6.994473392862854e-06 0.010020129955781193 5469.41188633056 9.0 -13.154301509850988 1.6856999393855077 1069.54 1091.54 0 14 "Covariance may not be accurate."
2007A 49 0.003500370849841734 1103.6320917029154 2.6229018956769323e-14 1.2489722956879228 0.4692204678832655 0.04942876208722223 25.490894615552065 0.9223869509799059 0.3791572745350899 0.7028942897677465 20147.169047978117 13.0 -14.12116026932458 1.457451326069581 1107.53 1133.53 0 49 "Covariance may not be accurate."
2007N 100 0.003500014549229647 1131.6306383081253 1.3405943022348765e-14 0.6607929968299677 0.500029878339676 1.6365400506111738e-09 0.0001861069773667623 0.0 0.0011592579981675177 1.1373238829048837e-06 76065.95844252015 47.0 -13.318661737738438 2.2356081087977273 1123.82 1213.67 29 71 "Covariance may not be accurate."
2007S 127 0.020181468647926665 1140.1634419022391 4.2549297418759124e-14 0.9963695022112751 0.5003654427870537 0.013452246533589726 0.00241411998968033 0.0 0.00018604531534138768 0.00040992557408603414 106984.86896765968 37.0 -18.404486133295507 1.6763215105970026 1132.77 1246.54 22 105 "Covariance may not be accurate."
2007af 205 0.0035087662379968683 1172.3104510551882 2.7527979895580756e-13 1.2079235857319146 0.72025473159757 0.04914707181142011 29.239940199082753 0.9223872212158917 0.4237493455334332 0.7394852502940695 136914.26043526473 62.0 -16.187384167013533 1.484800543773087 1162.76 1257.72 51 154 "Minimization exited successfully."
2007ai 59 0.0035165727943364884 1154.3993246404186 2.040034807748725e-14 0.7362228127727233 0.12132528303860463 1.0971322450493634e-07 0.0007168271175714835 4.163336342344337e-17 1.9899242174270526e-05 0.03759510702260527 13014.606344038515 32.0 -14.552799374447499 2.0659826047251713 1167.88 1259.7 0 59 "Covariance may not be accurate."
2007al 72 0.0035041121083149913 1162.4165243696034 2.1566082253343666e-14 0.9577960538977217 0.5002172880354061 1.3767683390833105e-06 0.08552806280704317 8.326672684688674e-17 0.005017501479168351 0.0004781430506050899 20572.715231492 31.0 -13.837099027337679 1.7207922277727086 1170.77 1246.58 0 72 "Covariance may not be accurate. Covariance not positive definite. Covariance forced positive definite."
2007as 88 0.0035827088973488263 1166.976391658599 6.294964549624638e-14 0.7624766650761662 0.01562584780317655 0.05068596041662597 23.03537799578703 0.9223868641562089 0.44162532637196594 0.5591521731915916 89615.30870919712 37.0 -16.002044530514937 2.014225743699404 1175.59 1259.49 0 88 "Covariance may not be accurate."
2007ax 57 0.003506768091038543 1187.5801065941816 2.6645352591003757e-14 1.1363384877560083 0.40447998959327297 0.0498120539906064 28.82716949427038 0.9224171166102877 0.44176360321288927 0.6845381734509146 5506.639081991702 21.0 -14.282312772076299 1.5402783884686961 1184.55 1248.47 6 51 "Covariance may not be accurate."
2007ba 68 0.003500002994853714 1204.9243411746174 7.827072323607354e-15 0.6500000253928727 0.4910231506153793 0.05109650167267417 29.58477557679919 0.9522370647261839 0.380840071494743 0.7194324796665481 21344.667793470217 25.0 -12.756417048892278 2.2623560439382757 1190.83 1254.75 32 36 "Covariance may not be accurate."
2007bc 64 0.03257069362481093 1181.6652890621638 4.338196468722799e-14 0.9710908020777438 0.3381899423007999 0.062855892168798 0.0011017070041816623 1.249000902703301e-16 0.00040540089339907714 0.0010478261215871587 73370.63371928823 40.0 -19.826252995987208 1.7049841302757436 1196.65 1259.53 0 64 "Covariance may not be accurate."
2007bd 66 0.003539565520722552 1200.247207881611 8.493206138382448e-15 1.179759637978433 0.5257815940301138 0.050243369705533766 27.83502518237742 0.9223869982653351 0.43397019977110024 0.7160139358013047 40274.24698822806 22.0 -12.80622636935744 1.5053452366307667 1197.53 1259.46 10 56 "Covariance may not be accurate."
2007bm 50 0.022775340184370375 1202.5807546948845 3.722855357324306e-13 1.0394170528716182 0.31550862836892823 0.0045333356146701875 0.0013714398038473519 4.163336342344337e-16 0.00028914005718017055 0.0015846765022512477 60564.07605579665 15.0 -21.407529914566126 1.6308976051096948 1217.57 1278.52 0 50 "Covariance may not be accurate."
2007ca 73 0.0035033459523130354 1221.3140537754552 3.963496197911809e-14 0.6500009494529081 0.5439263257485097 0.04928237592911104 28.08887381705847 0.9223880599637262 0.3692726044134625 0.6994580560205823 244173.16758290917 27.0 -14.426244583314169 2.262354229559236 1217.65 1275.65 8 65 "Covariance may not be accurate."
2007cg 23 0.005043170463583822 1243.289237499873 2.9976021664879227e-15 0.6501561663983196 0.3645817560122556 0.04450419411375019 28.29678980375911 0.9223869433371906 0.3648513033980082 0.6713796746472358 23452.330961784282 13.0 -12.779891705226525 2.261959348467542 1235.63 1259.59 6 17 "Covariance may not be accurate."
2007hj 173 0.004339839291663005 1334.945484371487 9.750533713770437e-14 0.6574677598253903 0.151257922784568 0.05275028424354826 21.47050283723661 0.9223867899496895 0.3952258371771644 0.5705915520351508 150771.62112275232 65.0 -16.65066629956631 2.2437528273158236 1348.76 1440.53 0 173 "Covariance may not be accurate."
2007hx 14 0.003500000200615071 1369.324288186944 8.326672684688674e-17 0.6500000000235422 0.45157362275309615 0.07549705004949286 22.56035001149951 1.406802039299838 0.5627195743604467 0.6982481158142151 7904.763377236142 7.0 -7.915161663246856 2.262354689944054 1354.78 1411.73 8 6 "Covariance may not be accurate."
2007if 25 0.003500001756528878 1341.048293167661 1.557087792036782e-14 0.7393193138441624 0.5037288498626622 0.04950955480671414 23.134158587569118 0.9224449958111995 0.4383097655138216 0.7112442621846944 12346.331293740184 20.0 -13.47535128228293 2.059675832269896 1357.77 1443.6 0 25 "Covariance may not be accurate."
2007jd 17 0.003500001616727307 1364.6415123757658 1.1657341758564144e-15 0.6500186040957308 0.5169890468539331 1.2824674024570354e-09 0.1371357518004288 0.0 3.798060163595629e-07 7.651879880821166e-05 1472.0970567430165 12.0 -10.639862436545783 2.262309706438245 1362.83 1409.83 2 15 "Covariance may not be accurate."
2007jg 56 0.003500000094973228 1369.3110054738015 5.245803791353865e-15 0.6500000000000142 0.07805329825313528 0.05080899277896478 28.924575824774934 0.9467740451605752 0.37870967437339753 0.5158805164996637 45772.195499628586 34.0 -13.147660138154553 2.2623415846746333 1363.82 1425.78 15 41 "Covariance may not be accurate."
2007jh 20 0.003515510399943442 1370.1239446219245 3.0808688933348094e-15 0.6500469020941478 0.3944928786729491 1.724602120440331e-05 0.0155477407579383 0.0 4.2077721636724075e-05 0.00028367961606026726 9095.278282592142 13.0 -11.965449666340977 2.2622349805601054 1363.86 1413.8 5 15 "Covariance may not be accurate."
2007le 148 0.0035234252395782545 1374.956193434975 5.140055048258318e-13 1.0563316124063309 0.5155531686238318 4.849010112862283e-08 0.0006123175178345264 0.0 1.0390365238088783e-05 0.0016323123507515636 185335.36352876696 53.0 -17.26762323765189 1.6140042076103711 1388.57 1470.55 0 148 "Covariance may not be accurate."
2007mm 17 0.0035049729681158374 1393.0920607763935 4.163336342344337e-16 0.6810142451542641 0.003371689029049718 6.280763903757092e-09 0.0001831271897572151 0.0 1.319510546771152e-06 0.04114300416127534 9352.5651287656 12.0 -10.52496925081411 2.1873861985404233 1385.72 1418.69 4 13 "Covariance may not be accurate."
2007nq 99 0.003500000143185316 1383.00194564921 1.8485213360008856e-14 0.6622653433326987 0.5001893666987266 1.096146706389134e-09 nan 0.0 3.414892218023269e-05 8.627145423623084e-05 30548.44144979517 55.0 -13.667219286041966 2.2320192059898467 1397.65 1476.56 0 99 "Covariance may not be accurate."
2007ol 7 0.08399999975453497 1398.210566684016 4.163336342344337e-15 0.7597164691957365 1.898581292181234e-10 1.6017063370066253e-10 0.0003297261338275348 0.0 8.357212610887732e-06 0.0008126397034970145 867.7335361786845 2.0 -20.057159591314917 2.019475142933107 1409.79 1422.66 0 7 "Covariance may not be accurate."
2007on 204 0.004217762917293746 1424.6610981885335 3.667899317605361e-13 0.7449515221894314 0.499674721135191 0.05252034511129852 25.47631252349356 0.9223872488990066 0.4392660089629608 0.7102933325665428 81967.26874344384 59.0 -17.31859082074693 2.0483300015330705 1410.73 1508.61 34 170 "Covariance may not be accurate."
2007so 39 0.0035000000103226387 1447.7628341388925 9.409140133698202e-15 0.6500000000254506 0.5000291600366926 8.110250863968028e-08 0.15125349987840764 4.163336342344337e-17 4.338490537936224e-07 2.0628954002843702e-05 31160.12216528916 16.0 -12.934285203200865 2.2623564660655084 1449.68 1494.53 0 39 "Covariance may not be accurate. Covariance not positive definite. Covariance forced positive definite."
2007sr 156 0.0035042789475646743 1442.4434268721845 5.672129432809925e-13 0.7941837324588215 0.290817201015958 3.6019518921334703e-08 0.00037804913029049203 4.163336342344337e-17 1.2272477098285162e-05 0.0018137563061185469 548827.8309494478 62.0 -17.810289351796506 1.9569098655359909 1454.84 1955.57 0 156 "Covariance may not be accurate."
2007st 74 0.003500269150858543 1443.9298517458053 5.437317263101704e-14 0.656278835458734 0.0006268405376540498 2.6629679683153745e-09 5.9308738627805724e-05 0.0 1.1052728643434762e-06 0.00026227620195859447 56796.148862557355 27.0 -15.816238671830767 2.246681540546657 1458.66 1513.52 0 74 "Covariance may not be accurate."
2007ux 88 0.0035000000925430345 1472.2821479275497 6.827871601444713e-15 0.650000000001071 0.5000394615752946 2.2269945870040386e-11 0.00011757700724501774 0.0 1.0138223593969542e-11 0.200269845966418 45799.6495115181 42.0 -12.586107550464504 2.2623564661604263 1466.82 1554.65 21 67 "Covariance may not be accurate. Covariance not positive definite. Covariance forced positive definite."
2008C 73 0.003501335105650199 1455.744686347482 9.259260025373806e-14 0.6539410957916357 0.6724172330798464 4.516178677338098e-09 8.233104438204464e-05 0.0 6.671688972947898e-07 0.0047193078097167995 40128.77798145406 39.0 -15.105207378268194 2.252496271655442 1469.81 1552.5 0 73 "Covariance may not be accurate."
2008J 43 0.0734484714215487 1491.3022207196295 5.004330283497893e-14 1.2439308483364448 0.4997551059115834 0.04485409133469837 28.82215942351729 0.9242066738748288 0.3936292739981179 0.7110850526718164 56032.90080341074 24.0 -21.471837094507226 1.4606974192166398 1484.54 1516.52 14 29 "Covariance may not be accurate."
2008O 53 0.0035175530332329716 1503.0933614207447 3.0808688933348094e-15 0.8777939025506205 0.5000421716241337 4.688695622923934e-08 0.0009789379548692523 0.0 1.1442039107967261e-05 0.3306901258847177 40996.31585401075 20.0 -11.732965918598993 1.826732211091418 1489.71 1546.54 27 26 "Covariance may not be accurate. Covariance not positive definite. Covariance forced positive definite."
2008R 64 0.027188246046303703 1494.0408763813502 2.248201624865942e-14 1.2390142179289971 0.08825731996483277 0.05949129284596598 27.515663337692672 0.9698165860411092 0.42132203611105745 0.5084428101211761 26289.018631806895 36.0 -19.200498638740775 1.4638737820346925 1493.63 1532.52 2 62 "Covariance may not be accurate."
2008ae 71 0.0035000028957395107 1502.5668196283125 1.0325074129013956e-14 0.6914487348983209 0.4993254627393824 0.04949514571456186 24.410995873429897 0.9223868984021188 0.3010677425717617 0.7102126525051482 8551.415285312089 13.0 -13.036856830921316 2.1633310074996714 1511.74 1602.52 0 71 "Covariance may not be accurate."
2008ar 70 0.003500004331326292 1531.405204369633 1.8068879725774423e-14 0.9839212901701542 0.5003708413467842 4.968450679088826e-10 0.02471017298626066 0.0 7.2531742691950285e-06 1.2526574111715316e-05 60765.69907398816 35.0 -13.642202970194138 1.69022587283364 1527.79 1627.59 7 63 "Covariance may not be accurate."
2008bc 101 0.0035000014039248085 1527.4406139337498 1.0225154056797692e-13 0.736553622210719 0.10480553896063216 8.458981366928076e-11 4.2595915374477045e-05 0.0 1.6593756120286685e-06 0.0017665286730965957 208097.5751547182 43.0 -16.323720248419058 2.065304153984931 1542.56 1646.46 0 101 "Covariance may not be accurate."
2008bd 35 0.003500001615269187 1531.061237672817 8.826273045769994e-15 0.6500000000320109 0.49998689553337816 0.049496812358868984 21.650805706080405 0.9223869519211386 0.3689531752629296 0.7103648907838613 3004.2575486414735 22.0 -12.864933069362966 2.262356465420435 1541.7 1607.65 0 35 "Covariance may not be accurate."
2008bf 83 0.003500021552176776 1548.4185037956538 1.6403545188836688e-14 1.0757735958331485 0.007087847668774572 2.6320766009432783e-10 0.00012238779686413181 0.0 1.7123761988369068e-06 0.0007285990920389285 85545.01499190427 53.0 -14.504734015860507 1.5951221333546712 1546.79 1646.49 8 75 "Covariance may not be accurate."
