analysis_pipeline/fit_results/csp_4_salt2_2.4_blue.ecsv
# %ECSV 0.9
# ---
# datatype:
# - name: obj_id
#   datatype: string
# - name: num_points
#   datatype: int64
# - name: z
#   datatype: float64
# - name: t0
#   datatype: float64
# - name: x0
#   datatype: float64
# - name: x1
#   datatype: float64
# - name: c
#   datatype: float64
# - name: z_err
#   datatype: float64
# - name: t0_err
#   datatype: float64
# - name: x0_err
#   datatype: float64
# - name: x1_err
#   datatype: float64
# - name: c_err
#   datatype: float64
# - name: chi
#   datatype: float64
# - name: dof
#   datatype: float64
# - name: b_max
#   datatype: float64
# - name: delta_15
#   datatype: float64
# - name: tmin
#   datatype: float64
# - name: tmax
#   datatype: float64
# - name: pre_max
#   datatype: int64
# - name: post_max
#   datatype: int64
# - name: message
#   datatype: string
# schema: astropy-2.0
obj_id num_points z t0 x0 x1 c z_err t0_err x0_err x1_err c_err chi dof b_max delta_15 tmin tmax pre_max post_max message
SN2008J 38 0.0159 1469.9592580199687 0.005092830313352509 4.999999999967072 0.999999999950433 0.0 0.09943707528793766 2.711687348489313e-05 0.0009926406152906964 0.00019557712760676083 21637.64099664324 34.0 -18.097101588296546 0.2007634698459846 1484.54 1515.52 0 38 "Minimization exited successfully."
SN2005kc 48 0.0151 698.1989043585438 0.006444736061650292 -0.6409863961356983 0.35237557733419633 0.0 0.015202817436261284 1.531072189220762e-05 0.018789855433246405 0.003696749087813256 1721.2619464275867 44.0 -18.12742306975794 1.1545932702872026 687.52 728.54 19 29 "Minimization exited successfully."
SN2005A 73 0.0191 381.56504630252783 0.0008404080114258361 -0.6317947189611957 0.9999999283099608 0.0 1.549215909335544e-06 1.4728535357847231e-06 0.026055449143971288 7.600070422253413e-05 2314.9978558398057 69.0 -16.47976399678545 1.1041922928309695 376.65 432.52 8 65 "Minimization exited successfully."
SN2009Y 116 0.0094 1878.340145143147 0.03136055311921578 0.04464052112754491 0.23520656361109404 0.0 5.33884758624481e-09 3.0546463108141464e-05 0.010283616504156434 0.0014007368754760385 392134.0258127374 112.0 -18.803306585842233 1.0322402607996928 1869.84 1976.65 18 98 "Covariance may not be accurate."
SN2004gs 164 0.0267 358.34503057329414 0.002010316918436214 -2.320067767260763 0.24508486660137163 0.0 2.0172023766917846e-06 3.5371239701376123e-06 0.010901412528165233 0.003214081892318088 74976.41738021352 160.0 -18.115259176653772 1.5576212027457963 352.85 461.56 16 148 "Covariance may not be accurate."
SN2004eo 147 0.0157 278.74500959137106 0.01066821145263546 -1.1741364482718737 0.11533124090548741 0.0 2.1297717012203066e-07 9.882098450685224e-06 0.004376825837892007 0.0015942182118687809 18111.897902863693 143.0 -18.75403740047331 1.2845897783811502 266.52 341.54 45 102 "Minimization exited successfully."
SN2008gp 73 0.0334 1779.7455113195572 0.0032025962122856524 -0.11241393147860634 0.023082044333073704 0.0 0.01322644702179332 6.929024305524093e-06 0.016188022099183907 0.0026712443685592557 1972.3193718683015 69.0 -19.1157716553966 1.0730937213728495 1768.75 1814.69 14 59 "Minimization exited successfully."
SN2007ca 44 0.0141 1228.3057966451872 0.005926063141279109 0.6623551092545075 0.3710796934072522 0.0 0.01588090535244646 1.1148412838710153e-05 0.016187193041797165 0.0028562560367899614 1162.7713252248866 40.0 -17.887482018323585 0.9177402866200026 1218.68 1259.63 11 33 "Minimization exited successfully."
SN2009al 55 0.0221 1896.4654141743215 0.005274161324680157 0.1733070016625371 0.16786893549723492 0.0 1.9879273622791516e-06 1.8857498066125397e-05 0.024787619012018425 0.0043579377631073335 1024.8274258899448 51.0 -18.743839777604073 1.0125386837301704 1897.7 1947.57 0 55 "Covariance may not be accurate."
SN2008ae 30 0.03 1510.0289088843977 0.000604709365219866 -1.7506874204818512 0.5261137618724276 0.0 0.14916837720068088 6.556728938410239e-06 0.10795208454494531 0.013941456867496593 1824.6131206589723 26.0 -17.08118873169615 1.378763742068024 1508.74 1597.56 3 27 "Minimization exited successfully."
SN2006dd 141 0.0059 988.4597061397377 0.008269946268617488 4.999999946909417 0.8177428537046678 0.0 0.035956251248649096 1.686109459328889e-05 0.0003319658355449562 0.0032418530152550362 778139.2632781238 137.0 -16.433244592994534 0.1972963522346305 906.94 1147.57 10 131 "Minimization exited successfully."
SN2005ki 163 0.0192 705.8435567512031 0.009281102638940317 -1.5094500105389796 -0.017786311184744275 0.0 0.013352700455300237 1.8488184285868348e-05 0.011358845278361951 0.0029814175440944224 215406.61244164448 159.0 -19.044712114610736 1.3740006696255591 695.86 861.5 12 151 "Minimization exited successfully."
SN2007if 67 0.0742 1355.9500389434447 0.001061429947264181 0.6964790411602912 0.3614503367024453 0.0 3.4764298106892966e-09 3.7405963401612946e-06 0.03262915641017905 0.00276137546373989 20145.85095107334 63.0 -19.722019603847883 0.9124559083464732 1357.77 1443.6 0 67 "Minimization exited successfully."
SN2006D 147 0.0085 759.3350947787508 0.02884269646560303 -1.557951119883803 0.14557924309523984 0.0 1.428020368621219e-08 5.157877264180821e-05 0.010133915440001307 0.0018827901587921136 451231.6739326253 143.0 -18.489695122503704 1.370483405152953 751.84 891.61 8 139 "Covariance may not be accurate."
SN2006lu 80 0.0534 1039.1820078749809 0.0010295607953514558 -0.39188962090029555 0.14267433354179548 0.0 5.446076499993069e-05 3.827261643904434e-06 0.034050602186242784 0.006924996932057392 12172.430954270007 76.0 -18.935571382746094 1.1198178730147141 1040.84 1137.75 0 80 "Covariance may not be accurate."
SN2009ag 72 0.0086 1890.0586737318524 0.010842911588894092 -0.3885977416048778 0.43230804475140405 0.0 0.034736578455294875 2.5202642563722927e-05 0.014954996170217338 0.0020750259457388287 1100.612463343819 68.0 -17.462489781688696 1.100397789053881 1888.59 1937.5 4 68 "Minimization exited successfully."
SN2006ev 29 0.0287 989.6853505411956 0.0018957446760779761 -1.3793259248435397 0.2741791306355543 0.0 0.13631896327041204 2.1183368837046656e-05 0.040993286225404324 0.008676517320062471 95.98837038906362 25.0 -18.212863066999436 1.3168780972586518 994.59 1038.53 0 29 "Minimization exited successfully."
SN2009cz 32 0.0211 1943.8843618512494 0.008049393608279996 0.6871900515839044 0.09530188098354464 0.0 0.02556165405894717 2.0221995737945177e-05 0.029022131108690008 0.0032252037472433326 533.6002085542724 28.0 -19.10002085021432 0.9255925677497228 1937.53 1966.46 12 20 "Minimization exited successfully."
SN2006gj 52 0.0284 1001.3112247266114 0.0011154749665067633 -2.3153679685520387 0.3780664356873005 0.0 4.5753807512483036e-05 4.751927311340341e-06 0.05543212945283482 0.008046448545874552 2655.5951376250905 48.0 -17.616984344646546 1.5396728121400685 998.83 1096.59 4 48 "Minimization exited successfully."
SN2005el 93 0.0149 649.0150030826678 0.013321421463251493 -1.5806544667374722 -0.08178958914467649 0.0 1.4956926293052675e-06 2.9965771857048615e-05 0.010456745816296298 0.0021519590582339543 98165.674667632 89.0 -18.879610463307785 1.3972970749102025 639.89 730.75 9 84 "Minimization exited successfully."
SN2007jh 25 0.0408 1362.9948312109436 0.000563088334538639 -0.9800230141384567 0.3883169325167948 0.0 0.2021090303795745 5.407112488850507e-06 0.0770061081672504 0.015355094542386372 427.95994706805396 21.0 -17.682583939594917 1.2204603266690306 1363.86 1395.86 0 25 "Minimization exited successfully."
SN2007so 27 0.0297 1434.6800001186818 0.0015026566226605171 -0.010430066276390981 0.37796468024284025 0.0 0.008412920996875073 2.472980831166318e-05 0.08291878692917187 0.013108012049435014 920.2100492137789 23.0 -18.04092793779798 1.0341484039922477 1449.68 1469.55 0 27 "Minimization exited successfully."
SN2006gt 39 0.0448 1002.8742021686573 0.0007712496877489566 -2.1191891979996127 0.3339700872209288 0.0 0.08785470483485369 3.7228996172283704e-06 0.058326951505164315 0.009265350141430151 1437.4273947896054 35.0 -18.231037027116688 1.492135743110726 1001.67 1076.62 4 35 "Minimization exited successfully."
SN2007ai 52 0.0317 1173.47118079021 0.0008929575440949551 1.2131450499236642 0.5335124985382604 0.0 0.17501744787000462 5.747656348407981e-06 0.09152622707110325 0.00803072673250882 3079.350952624051 48.0 -17.629326778287737 0.8210446790993231 1172.89 1259.7 2 50 "Minimization exited successfully."
SN2006hb 89 0.0153 1000.6751315386822 0.011640818402476391 -2.091972680742278 0.06974017019069811 0.0 0.03994194729273204 5.8631366851255064e-05 0.013316128052536902 0.003865313850587526 91517.45931562112 85.0 -18.791200913655025 1.5147695651700026 1007.88 1143.59 0 89 "Minimization exited successfully."
SN2007hj 93 0.0141 1347.7403456869715 0.007757145329817125 -2.089243761811803 0.2711446007625402 0.0 0.028373319065735814 2.0155254287035004e-05 0.010175741334436772 0.0026508478826252624 37695.31415192531 89.0 -18.174846339889175 1.491437491804163 1348.76 1440.53 0 93 "Minimization exited successfully."
SN2008ia 57 0.0219 1813.4196855309242 0.003633517642211587 -1.1011935068000476 0.13854821446305454 0.0 0.03370535701640165 7.973536479487231e-06 0.024418796494141803 0.00300912064463954 952.1960259386251 53.0 -18.31798856299858 1.2665705362386035 1809.77 1858.76 7 50 "Minimization exited successfully."
SN2007ol 24 0.0559 1413.1623867192768 0.0009461388493513412 -2.1134359337042596 0.03842822002759294 0.0 0.10422373939445606 5.891733039616043e-06 0.20005509138132282 0.009336574739061576 230.0150220374021 20.0 -18.945263807076444 1.5241456062441152 1409.79 1422.66 8 16 "Minimization exited successfully."
SN2008fw 92 0.0085 1745.3850642969064 0.011986272696593914 0.31426630006414413 0.5809858223042734 0.0 4.2676720113377087e-07 2.0751592732853527e-05 0.012530981035368871 0.002084669902023273 380030.2044995986 88.0 -17.554339475485914 0.9660409554954335 1740.89 1827.81 4 88 "Covariance may not be accurate."
SN2005mc 52 0.0252 730.9776337715284 0.0024007907873175947 -2.0086651153289035 0.26406456107022125 0.0 0.10695977469725904 2.700277049416818e-05 0.025777085826469204 0.007861982244324994 597.4270192684031 48.0 -18.180602182838243 1.4710290432042612 736.79 773.62 0 52 "Minimization exited successfully."
SN2009dc 40 0.0214 1947.9057184248388 0.012959076875688043 2.774511620089836 0.10979589250137423 0.0 0.04261390657097763 3.107316663569781e-05 0.03500043476958936 0.002878737767254891 4376.285792066007 36.0 -19.651945072496634 0.5710821039287239 1942.81 1976.68 12 28 "Minimization exited successfully."
SN2009F 57 0.013 1842.0419039267347 0.0018622052862244248 -3.350903097481031 0.6213513562543431 0.0 0.019556302501769096 5.346401006404988e-06 0.025807806809374112 0.004340079844104894 11748.047299540627 53.0 -16.463610195353702 1.8199538012064735 1837.75 1884.63 20 37 "Minimization exited successfully."
SN2008go 24 0.0623 1766.6621757821365 0.000900134455306717 -1.004197677575795 0.18835802183978378 0.0 0.12329145560249799 2.780745563815679e-06 0.16783091533389527 0.005266362270298863 278.71615127289647 20.0 -19.138893867442768 1.241582066226833 1765.61 1776.58 8 16 "Minimization exited successfully."
SN2008cf 45 0.046 1596.3711708037386 0.0021003863868431756 0.9581305718054844 0.011349036187718431 0.0 5.784457823665434e-05 4.131111088355411e-06 0.02418306875607268 0.003435601131873245 12713.278054535067 41.0 -19.373905363263077 0.8827328717648442 1595.77 1654.65 4 41 "Covariance may not be accurate."
SN2006bd 21 0.0257 814.3113103941606 0.0007019401257511604 -0.7704775938206492 0.6577329967660765 0.0 0.43595741359962403 2.8021413593937183e-05 0.08831224568199492 0.025404089136033647 876.5641159525549 17.0 -16.908930905033365 1.1568246676819918 823.7 872.57 0 21 "Minimization exited successfully."
SN2007bm 35 0.0062 1225.3060459883538 0.024596174788423606 -0.9941969722985746 0.5406499950755836 0.0 0.03286258807622744 4.922055608457335e-05 0.013763631533159515 0.002247783179682439 1580.977346075105 31.0 -17.64251708256584 1.2107806355161106 1224.67 1259.56 3 32 "Minimization exited successfully."
SN2006kf 62 0.0213 1041.5190398391096 0.003215367407555825 -2.047429873634793 0.1938011267546058 0.0 0.023318511053048496 7.875940783745681e-06 0.019889252002834423 0.0036353679829636 11217.270764202285 58.0 -18.124522760992985 1.4890161739802217 1036.81 1127.64 12 50 "Minimization exited successfully."
SN2008bt 49 0.0154 1568.3764910359698 0.003318553492933707 -1.9272451737967842 0.45461410173032446 0.0 0.1082208027677325 2.7240794197300145e-05 0.02647143161585319 0.006463445343447227 13827.058583851443 45.0 -17.453797543902176 1.4292729658274972 1571.61 1651.47 0 49 "Minimization exited successfully."
SN2006mr 103 0.0059 1050.3657681763439 0.008686132594056558 -0.9774926666265831 0.6969227502179607 0.0 5.065929110514844e-05 2.7319991837053935e-05 0.023228905925810617 0.004289523414163665 51130.223354867274 99.0 -16.414588472474485 1.1944297576201919 1046.68 1147.57 12 91 "Minimization exited successfully."
SN2007le 94 0.0067 1399.8784459709088 0.04140330275574183 0.11286866498311898 0.4084376717801401 0.0 0.018625911464027922 9.519136963848096e-05 0.01670645962235584 0.0026095457456327686 165764.6955280517 90.0 -18.37114130104414 1.010401447693443 1392.6 1470.55 13 81 "Minimization exited successfully."
SN2008hu 45 0.0497 1807.0204891156488 0.0008746462369935482 -1.924907550236549 0.1204263303994344 0.0 0.08527619775145467 4.354104132493785e-06 0.04081192856586524 0.006731851536422417 273.7385272027329 41.0 -18.59569859325628 1.4645609533208415 1806.76 1840.68 4 41 "Minimization exited successfully."
SN2009J 23 0.0158 1837.7781897463365 0.0011375793729053536 -2.130637663467497 -0.25550232021781216 0.0 0.34583360970225385 5.0929996361766326e-05 0.06523882301369999 0.02674658433798538 155.80309053859384 19.0 -16.33962913819392 1.5619074371662762 1848.7 1867.68 0 23 "Minimization exited successfully."
SN2007N 65 0.0129 1115.7587288636394 0.001543340898209894 -2.2951045668265015 0.7934643299327211 0.0 0.10331756606944964 2.3531003671481442e-05 0.03374430111490945 0.01112462707272921 10153.884513418725 61.0 -16.25618594433023 1.4809713512244294 1123.82 1213.67 0 65 "Minimization exited successfully."
SN2006ob 25 0.0592 1063.9165930755266 0.0008088823963152636 -2.2576436522964247 0.016345244257129687 0.0 0.0806689480316436 4.087403651231692e-06 0.0611721956103648 0.01216515544235186 452.5035046806514 21.0 -18.904680162591468 1.5673940051325168 1060.65 1121.57 4 21 "Minimization exited successfully."
SN2006bh 73 0.0109 833.7604934335875 0.028517869888662856 -1.5634606637738147 -0.016694681826258884 0.0 0.02319159831114348 4.7371344374963487e-05 0.01014182817641629 0.0020146828102895475 41742.37111656624 69.0 -19.0202650832667 1.3870633504081713 831.9 891.79 7 66 "Minimization exited successfully."
SN2007ba 56 0.0385 1197.1450767987083 0.0011392186223107505 -2.930299195655097 0.3761358243353352 0.0 0.028294723065073413 5.084213368421165e-06 0.031230283792468505 0.00701937613809589 3011.3700683086327 52.0 -18.316671373277888 1.7228536017902059 1190.83 1255.61 8 48 "Minimization exited successfully."
SN2008fp 115 0.0057 1733.5250231377504 0.02407401381456844 -0.4900060536641586 0.6700363935092615 0.0 1.4157645864543156e-06 4.65357843230825e-05 0.011533292041392418 0.0021663139807094334 398036.60552975436 111.0 -17.444484188395236 1.1028034839222727 1724.84 1820.73 22 93 "Minimization exited successfully."
SN2005na 91 0.0263 744.2850234900601 0.005327499687887114 -1.4778301205142435 -0.009167611386545316 0.0 2.0848828512498585e-06 9.973993039910645e-06 0.013336116459177205 0.003081882476174136 31085.038021227778 87.0 -19.137012417951276 1.365590000197031 738.71 834.54 12 79 "Minimization exited successfully."
SN2008R 43 0.0135 1493.260565842679 0.011039963904097297 -2.163265781630529 0.12914968943950056 0.0 0.036278104793836974 2.5702743579014177e-05 0.012820090402307693 0.0027863695450214276 5179.832704771326 39.0 -18.459497302674702 1.5277173753033857 1493.63 1532.52 0 43 "Minimization exited successfully."
SN2005bg 64 0.0231 469.58562893925216 0.007032881868262403 0.7844182524762466 0.050291026090253155 0.0 0.12214604754032621 2.8846410044233717e-05 0.05562592971936997 0.0025444114649300076 1392.7067582156037 60.0 -19.15311453779531 0.9107731943696056 471.65 512.61 0 64 "Minimization exited successfully."
SN2005ke 145 0.0049 700.375173330851 0.014391080365331247 -1.322385168135983 0.6133076230570267 0.0 1.1444066160493094e-05 2.7663812823849714e-05 0.010418441086770924 0.0024708169808635994 342450.5633613024 141.0 -16.551724070135457 1.2734809203632853 689.69 819.51 24 121 "Minimization exited successfully."
SN2007cg 22 0.0332 1227.8004788148774 0.0006977201328187077 0.800755741697083 0.8216633831162745 0.0 0.4134843806326671 1.9615858043531254e-05 0.12598238913646576 0.017854678250736722 117.32192425252403 18.0 -17.484985915143593 0.8741954887683328 1235.63 1259.59 0 22 "Minimization exited successfully."
