analysis_pipeline/fit_results/csp_5_sn91bg_salt2_phase_blue.ecsv
# %ECSV 0.9
# ---
# datatype:
# - {name: obj_id, datatype: string}
# - {name: num_points, datatype: int64}
# - {name: z, datatype: float64}
# - {name: t0, datatype: float64}
# - {name: x0, datatype: float64}
# - {name: x1, datatype: float64}
# - {name: c, datatype: float64}
# - {name: z_err, datatype: float64}
# - {name: t0_err, datatype: float64}
# - {name: x0_err, datatype: float64}
# - {name: x1_err, datatype: float64}
# - {name: c_err, datatype: float64}
# - {name: chi, datatype: float64}
# - {name: dof, datatype: float64}
# - {name: b_max, datatype: float64}
# - {name: delta_15, datatype: float64}
# - {name: tmin, datatype: float64}
# - {name: tmax, datatype: float64}
# - {name: pre_max, datatype: int64}
# - {name: post_max, datatype: int64}
# - {name: message, datatype: string}
# schema: astropy-2.0
obj_id num_points z t0 x0 x1 c z_err t0_err x0_err x1_err c_err chi dof b_max delta_15 tmin tmax pre_max post_max message
[from data line 49]
2006hx 31 0.0627159733113687 1020.2276583205303 6.994405055138486e-15 1.1470790615482391 0.013533025570931778 3.7950841533934687e-07 0.0002106486049342493 0.0 2.4166716928730736e-06 0.21492490764436517 4554.453580223619 25.0 -19.931745917877258 1.5307365068530032 1012.66 1080.59 8 23 "Covariance may not be accurate."
2006is 96 0.08399920022468438 998.2155049508948 1.8327006578999772e-13 0.6587557901921721 0.5444189840736017 0.01849280210909638 9.172421394133153 1.9817480989559044e-14 0.3368779218953207 0.26402444067918357 187015.3883058402 33.0 -23.115796254583614 2.238954771057381 1008.9 1125.67 0 96 "Covariance may not be accurate."
2006kf 62 0.04338108769242044 1040.2383862341655 1.3988810110276972e-14 0.6802829372706807 0.6088575240814631 1.6082136828569904e-05 0.013048043360640804 4.163336342344337e-17 5.015718653189616e-05 0.000542303831287283 210003.68278291996 47.0 -18.71017029041639 2.187552880860423 1036.81 1127.64 12 50 "Covariance may not be accurate."
2006lu 80 0.07286790782111581 1042.456065450753 3.9968028886505635e-15 0.6501868499752816 0.5051034063184536 6.0082261599953e-07 0.028688083880865634 0.0 2.4170992235506006e-07 1.0541388857476797e-05 62369.04928018251 46.0 -18.700949448608778 2.260202003124988 1040.84 1137.75 4 76 "Covariance may not be accurate."
2006mr 103 0.0035290164069372507 1053.0978418583454 7.968625759247061e-14 0.8412367335398241 0.5066710009394194 2.7504377130897718e-05 0.0006827308293395618 4.163336342344337e-17 0.00010246547195225109 8.22146926798828e-05 39118.75363661038 69.0 -15.261330189821791 1.8797016834170002 1046.68 1147.57 16 87 "Covariance may not be accurate."
2006ob 25 0.08174913816097508 1068.7300914657474 5.995204332975845e-15 1.0330701294065432 0.48316411234388007 0.043400438584831315 29.02228651430437 0.9223869453474092 0.4403789891802695 0.7063788746674888 16953.413630942814 20.0 -19.453363618407813 1.636712380140036 1060.65 1121.57 8 17 "Covariance may not be accurate."
2006os 40 0.08295377467119018 1072.6846593168116 4.746203430272544e-15 0.6501426455565267 0.004427581013211612 6.779499885090079e-09 1.4597401445826108e-05 0.0 6.878889791117615e-09 0.0012027972498394046 52475.444616144494 35.0 -20.16361946967215 2.2602960563095955 1065.63 1121.61 11 29 "Covariance may not be accurate."
2006ot 43 0.08039094248261071 1049.7242996433283 2.989275493803234e-14 0.9008041261045514 0.49780349355302095 0.04166309523219324 26.99981691633741 0.9223868617705933 0.43581967847686226 0.7098609941107769 21586.076290377092 32.0 -21.123912214297007 1.7935849742436183 1065.68 1119.57 0 43 "Covariance may not be accurate."
2006py 21 0.007701794657561413 1054.7450896465582 1.3489209749195652e-14 0.8803158593507864 0.0809203644875941 0.04100269960930944 21.549324991962976 0.9223870466272264 0.40675210135388495 0.7110651658399998 10223.185832545436 16.0 -15.887712666843893 1.8222008878451383 1069.54 1087.54 0 21 "Covariance may not be accurate."
2007A 27 0.053429332108890844 1114.9839013884 3.4888758548845544e-14 1.077747160749387 0.04337395512995085 0.054520893138013615 28.972855070203764 0.9252576093330575 0.38484269075356353 0.5205045678399514 24380.315990622392 22.0 -21.265000513413277 1.5926300199005823 1108.54 1133.53 11 16 "Covariance may not be accurate."
2007N 65 0.080494258467772 1135.999267945138 6.994405055138486e-15 1.2473174366811166 0.49847638251874304 0.04178333723834054 29.504086428048026 0.9223888021773636 0.3514964529006939 0.7100175095769605 88926.0777685217 46.0 -19.548166245422184 1.4581077424660371 1123.82 1213.67 20 45 "Covariance may not be accurate."
2007S 65 0.04888045661598694 1144.562950820904 7.494005416219807e-14 1.243150176132318 0.48519031253068023 nan 0.009413954005367486 0.0 0.0006695189099634735 nan 41846.82979879634 48.0 -21.023059594315257 1.460791881300425 1133.84 1246.54 12 53 "Covariance may not be accurate."
2007af 102 0.07894750231840146 1174.94603543636 4.458100555382316e-13 1.246328337503401 0.3668913551201157 0.04037308911731659 29.505649914422634 0.9224316941766172 0.34843967895530764 0.6721814200461409 80907.939504143 82.0 -24.298257505089857 1.4587403690460405 1165.8 1256.69 22 80 "Covariance may not be accurate."
2007ai 52 0.0827825034194762 1154.6977669090697 4.879430193227563e-14 0.6830032987996015 0.4911681627927627 0.04518648855805857 27.684343782127144 0.9246415146848347 0.4199880789495211 0.7092359726677314 30300.510814338388 32.0 -21.739394492617723 2.181229040955298 1172.89 1259.7 0 52 "Covariance may not be accurate."
2007al 48 0.08201318483664007 1174.449529971757 1.3489209749195652e-14 0.6500000322170079 0.33927092240036616 3.033182514877719e-08 4.6981710397631105e-05 0.0 3.377342849830711e-10 0.001640794293863601 8945.694364609706 33.0 -20.63888575741747 2.2606662908551094 1170.77 1246.58 4 44 "Covariance may not be accurate."
2007as 65 0.035197972164445875 1164.1307956741193 1.5520917884259688e-13 0.9617211360961371 0.5124832982775354 0.05483226895395069 20.15082093641888 0.9826056469629012 0.4350242027272085 0.7350750972379237 150374.3805959135 30.0 -21.022693982157485 1.7153010461323017 1181.7 1259.49 0 65 "Covariance may not be accurate."
2007ax 40 0.01674658868304883 1189.3693707134971 2.373101715136272e-14 0.6500201933783333 0.005213110169934809 0.05901483446453746 28.372856643786008 0.9223869923580119 0.3674864200293809 0.6440250284214523 14737.62094508126 33.0 -18.330180354129556 2.2606035016084114 1185.56 1246.46 4 36 "Covariance may not be accurate."
2007ba 56 0.08325628606790715 1194.528588596015 6.328271240363392e-15 0.6500000161958558 0.02095141202111883 0.04610995201908939 28.104347616998552 0.922817205936538 0.3690853837013943 0.5498504833617758 40857.75121211111 49.0 -20.457814210567278 2.2606546118901214 1190.83 1255.61 4 52 "Covariance may not be accurate."
2007bc 47 0.07567203911258971 1181.658496311328 1.544597783009749e-13 1.0043967485856062 0.500102776231903 3.7867610722872036e-06 3.57108907564907e-05 4.579669976578771e-16 0.00019082260479608149 0.7491811716054009 153315.81225041026 32.0 -22.762910191073843 1.6668605278118083 1197.65 1259.53 0 47 "Covariance may not be accurate. Covariance not positive definite. Covariance forced positive definite."
2007bd 44 0.07629064810903206 1204.4889641236662 5.1209037010835345e-14 0.6500000248765077 0.5000674785563023 1.1528068602495445e-07 5.599788983090548e-05 0.0 5.951487636046693e-10 0.22120341562471119 131774.72055513604 36.0 -21.58291258803352 2.2606710180488854 1197.53 1259.46 8 36 "Covariance may not be accurate. Covariance not positive definite. Covariance forced positive definite."
2007bm 35 0.07194530029856828 1206.9042700925693 7.292499937250341e-13 1.0946690233549734 0.525711348162512 3.5468278776068507e-06 0.004410495274441928 2.914335439641036e-16 0.0005521283935976395 2.9736754901199536e-05 363667.1630062764 30.0 -24.291575668458513 1.576744185312311 1224.67 1259.56 0 35 "Minimization exited successfully."
2007ca 44 0.07138440427132588 1224.173717236306 4.679590048795035e-14 0.8563395368570552 0.15411428718185533 0.0461203021745149 28.87658860771444 0.9296741260914023 0.4414394871690535 0.5712439685380687 223051.10995849594 39.0 -22.036723999924593 1.856983793506732 1218.68 1259.63 4 40 "Covariance may not be accurate."
2007cg 22 0.018626622999290743 1220.826160790966 7.91033905045424e-15 1.2052236312290923 0.16924165771611155 2.8377578859560548e-05 0.0008865765612426912 0.0 0.04210728190373125 0.00020252925377015063 1011.1869621892904 17.0 -17.07392858339046 1.48624100292065 1235.63 1259.59 0 22 "Covariance may not be accurate."
2007hj 93 0.008553102155568646 1345.2773398488325 5.187517082561044e-14 1.218574718799092 0.5200548965072229 0.0004860484276618072 0.0005751515111569461 0.0 2.513483553123752e-05 1.9042752341602576e-05 129080.39944918458 70.0 -16.704614682980473 1.477028194529332 1348.76 1440.53 0 93 "Covariance may not be accurate."
2007hx 41 0.08399212858988121 1367.3377737891449 4.996003610813204e-16 1.2499510318587665 0.1872183372767871 0.07747644384930913 22.308229736043472 1.447578566884118 0.5776038954565763 0.5922307879213142 41732.18572495675 36.0 -17.410846583100003 1.4564108479965157 1354.78 1411.73 22 19 "Covariance may not be accurate."
2007if 67 0.08251440656732811 1342.8800208759433 1.7236212457305555e-14 0.9779598169046801 0.46233487489693315 0.044601569169743435 20.60405374126026 0.9376942028673232 0.436380243420467 0.7065396615591448 57372.8921568275 40.0 -20.66982667299955 1.6962884837947243 1357.77 1443.6 0 67 "Covariance may not be accurate."
2007jd 46 0.08399999568186109 1370.4617675496072 8.326672684688674e-17 0.6500000024355215 0.00024387260434266533 0.04969749277289155 29.0175464880856 0.9258930551337771 0.37037341995843936 0.6082989943876622 71410.07177417963 41.0 -15.809341868673801 2.260654067017093 1362.83 1403.81 21 25 "Covariance may not be accurate."
2007jg 57 0.01921351978483817 1373.6759358880934 1.0075273948473296e-14 0.6500471921640694 0.5784092453374949 3.211431119729685e-07 0.00033608269200158247 0.0 5.43568431932151e-08 0.001186427858001271 174706.55950098587 48.0 -16.601528119960278 2.2605528459787045 1363.82 1423.7 15 42 "Covariance may not be accurate."
2007jh 25 0.013651491352074484 1371.6855070939685 4.579669976578771e-15 0.9920693384276615 0.4941649515269855 0.0445752851460442 28.97987201260753 0.9223923508858617 0.4346431226641825 0.7090146582929516 24456.43620026685 20.0 -15.139514832017824 1.680367035957044 1363.86 1395.86 9 16 "Covariance may not be accurate."
2007le 94 0.08389121097189547 1381.8265508927839 9.46243083888021e-13 1.033504397689792 0.4682653622252789 0.01843073507499661 12.63271702933855 1.1911305275447148e-12 0.22228295132270443 0.30241830609282383 223328.05409992763 54.0 -25.04316252951852 1.636267704312072 1392.6 1470.55 0 94 "Covariance may not be accurate."
2007mm 22 0.08391797514010069 1372.4277882394688 3.83026943495679e-15 1.2302932594937266 0.4996995307026599 0.04841659666234421 27.606822446958404 0.9226711750010083 0.319512894228058 0.7104202300192186 6688.086920545982 17.0 -18.986983723711315 1.4691875290765388 1385.72 1418.69 0 22 "Covariance may not be accurate."
2007nq 75 0.07565086542421157 1394.5815923860366 1.4488410471358293e-14 1.2272137250112942 0.5138479784135306 0.04315081583047724 25.865050662719796 0.9266576911719092 0.3154654715790373 0.7153494805620558 45856.70718028616 52.0 -20.170913225137625 1.471228387883592 1397.65 1476.56 0 75 "Covariance may not be accurate."
2007ol 24 0.07931757428207216 1399.0352754167338 8.826273045769994e-15 1.1740315646876747 0.021007504393605048 0.056352563514962234 20.375797357859483 0.9223876627675037 0.43544087388405067 0.5497591493800577 10592.269782464355 19.0 -20.707747474448844 1.509225178901982 1409.79 1422.66 0 24 "Covariance may not be accurate."
2007on 104 0.027387010454431312 1419.726012857569 7.066847107495278e-13 0.9492263336390564 0.450805303870071 8.163158362491443e-05 0.007438974009687627 9.992007221626409e-16 0.0014968168990912023 0.00041024761407168486 154225.32609103023 69.0 -22.245952746122047 1.7304657370004364 1411.79 1508.61 13 91 "Covariance may not be accurate."
2007so 27 0.08071541027711326 1454.4485476459352 7.16093850883226e-15 0.7518508089507498 0.4914949301806408 2.5302621945395842e-05 0.0036840384753986655 0.0 0.04335021620823187 0.0010345901783118394 14491.383885760808 22.0 -19.59706217969523 2.0334055031031752 1449.68 1469.55 8 19 "Covariance may not be accurate."
2007sr 103 0.07919838458581652 1451.873427338176 1.3088696793062127e-12 0.9214740410878047 0.5363044158499032 5.6952915967398154e-06 0.00035514692251581437 2.0816681711721685e-16 0.001028666132781908 2.2991587222132015e-05 186260.64184786135 61.0 -25.1288153663065 1.765818325411539 1455.76 1578.72 0 103 "Covariance may not be accurate."
2007st 44 0.055973708607086704 1460.4457312326583 4.0717429428127616e-14 1.0937320716837693 0.434238428265464 0.05392891241297798 27.854388068899425 0.9481598836754008 0.3777543608419271 0.7011665470600065 13955.221319125441 39.0 -20.781627064109774 1.5776106458973977 1458.66 1493.55 4 40 "Covariance may not be accurate."
2007ux 63 0.003553640903134195 1468.1987851652107 5.329070518200751e-15 1.0959473669776516 0.5071420130120989 2.036487584020628e-05 0.0004489775913043559 0.0 3.708774725597053e-05 3.8638509892663375e-05 77765.66547736042 44.0 -12.338894091056936 1.5755619183780745 1466.86 1558.61 7 56 "Covariance may not be accurate."
2008C 48 0.07952457566926524 1454.8132109340327 1.4147016891286057e-13 1.0854759690254103 0.3552153715886397 0.04074792684724491 24.475078356014023 0.923510146143441 0.38153203261126695 0.7346337444697445 30392.746555207435 29.0 -23.090659479690196 1.5853221913587134 1469.81 1552.5 0 48 "Covariance may not be accurate."
2008J 38 0.07423596657847296 1469.5464969984405 2.7103319588661634e-13 0.6903821949300394 0.5000809330185323 0.002671044062058668 0.0012853441021434264 3.95516952522712e-15 0.0039576229273917685 0.003652754868936514 28449.430175973557 33.0 -23.329654171551347 2.164247128354301 1484.54 1515.52 0 38 "Covariance may not be accurate. Covariance not positive definite. Covariance forced positive definite."
2008O 50 0.014933204459722734 1482.732257094145 5.9119376061289586e-15 1.2153605502284681 0.4829764884442501 0.0001435567680782273 0.015283025219559931 0.0 0.021717292623089968 2.3457277209176786e-05 26839.046194641865 38.0 -15.640709451849443 1.4792167413081927 1490.64 1571.48 0 50 "Covariance may not be accurate."
2008R 43 0.08160762090859333 1478.6325008203032 1.7186252421197423e-13 1.1742173510107832 0.5052476682908572 3.449641786806845e-08 7.987869139469694e-07 0.0 5.028927259065341e-07 0.0009871717954729187 254397.27501668094 38.0 -23.043705002315008 1.5090958557573977 1493.63 1532.52 0 43 "Covariance may not be accurate."
2008ae 30 0.05205785998511133 1510.8863624320745 2.3314683517128287e-15 1.2189408032431386 0.017305861949053924 0.05491043839914561 27.67271554146953 0.9223869743530225 0.42846161526678017 0.6658144013422548 888.1857756005783 21.0 -18.31168028288183 1.476766393134394 1508.74 1597.56 3 27 "Covariance may not be accurate."
2008ar 62 0.04662829210341451 1534.3353885098834 2.8477220581635265e-14 1.0618390663225459 0.2647302137077342 0.056479686072979415 28.744977027276605 0.922398005395776 0.44283207074223724 0.6315483005989144 49176.20017749998 51.0 -20.29613604788498 1.6079734261968994 1527.79 1606.6 4 58 "Covariance may not be accurate."
2008bc 104 0.06674135717237868 1556.6214487074478 1.1832201884942606e-13 0.8650034239343729 0.5006234697747137 0.048865366375956294 29.586923097312592 0.9224037418878386 0.44058521799728195 0.7105182989420301 580149.0334777951 77.0 -22.186269432906805 1.8442586511759451 1541.67 1646.46 35 69 "Covariance may not be accurate."
2008bd 31 0.07862939228110376 1530.675601388239 6.078471059822732e-15 1.0561260773182943 0.42151481010698816 0.04134238997239099 28.71830921309879 0.970190023542644 0.39663011880784954 0.70183746226402 364.490506212054 25.0 -19.516733933049494 1.613574972927399 1541.7 1592.62 0 31 "Covariance may not be accurate."
2008bf 101 0.029137225442675253 1553.9181966063659 4.796163466380676e-14 0.9945441675805274 0.23122265723086288 0.052670437645995924 28.856106201218722 0.9223869491951344 0.4350600575489557 0.6156099997656514 167855.1833430983 77.0 -19.88178495428755 1.677620737147894 1547.73 1646.49 16 85 "Covariance may not be accurate."
