analysis_pipeline/fit_results/csp_4_salt2_2.4_red.ecsv
# %ECSV 0.9
# ---
# datatype:
# - name: obj_id
#   datatype: string
# - name: num_points
#   datatype: int64
# - name: z
#   datatype: float64
# - name: t0
#   datatype: float64
# - name: x0
#   datatype: float64
# - name: x1
#   datatype: float64
# - name: c
#   datatype: float64
# - name: z_err
#   datatype: float64
# - name: t0_err
#   datatype: float64
# - name: x0_err
#   datatype: float64
# - name: x1_err
#   datatype: float64
# - name: c_err
#   datatype: float64
# - name: chi
#   datatype: float64
# - name: dof
#   datatype: float64
# - name: b_max
#   datatype: float64
# - name: delta_15
#   datatype: float64
# - name: tmin
#   datatype: float64
# - name: tmax
#   datatype: float64
# - name: pre_max
#   datatype: int64
# - name: post_max
#   datatype: int64
# - name: message
#   datatype: string
# schema: astropy-2.0
obj_id num_points z t0 x0 x1 c z_err t0_err x0_err x1_err c_err chi dof b_max delta_15 tmin tmax pre_max post_max message
2008J 43 0.0159 1469.5400000205484 0.0019892398240319103 1.5444164821314192 1.999999999568674 0.0 0.0017317742847353657 3.20173537314279e-06 0.019508278708610938 6.677942380273194e-05 18130.78564949739 15.0 -17.180800961477246 0.712548111337501 1484.54 1516.52 0 43 "Minimization exited successfully."
2005kc 77 0.0151 698.4620726218991 0.004623573182012167 -0.3696684324503039 0.5902487461709751 0.0 0.028090526463302012 6.072897244936834e-05 0.03785571090121298 0.008519384393514073 146.7124197774144 21.0 -17.779021767805904 1.086185503206618 687.52 728.54 34 43 "Minimization exited successfully."
2005A 109 0.0191 381.5654246495411 0.0009879833116600595 -0.6379174511817061 0.8808750711707523 0.0 2.3795224620926092e-05 1.2322204993103758e-05 0.016727304294682277 0.007937413502511204 5987.82274259563 62.0 -16.643261831306894 1.1142757162204298 376.65 433.53 6 103 "Minimization exited successfully."
2009Y 148 0.0094 1878.3405140851107 0.049999998606092694 -0.047378400608689475 -0.10795326847503062 0.0 3.399787942726107e-06 0.00012581501680406296 0.011784633236676445 0.0008379465843837974 2181.8146908219273 35.0 -19.30723004244401 1.0677217620188681 1868.84 1976.65 23 125 "Minimization exited successfully."
2004gs 135 0.0267 358.3456343904517 0.002379388375117761 -2.4852555090669517 0.09023371588053197 0.0 4.2471808114896703e-07 3.0096181794164647e-05 0.01578288508510317 0.008535988941200334 4725.408390866328 58.0 -18.29539073352714 1.6253982793799437 352.85 461.56 8 127 "Minimization exited successfully."
2004eo 122 0.0157 279.0892734183178 0.008714926874629006 -1.209515566628141 0.3296747978214336 0.0 0.005555692275123647 4.17015221270663e-05 0.006017220898300479 0.0030240217637909073 12105.946249369188 68.0 -18.53957101407949 1.2741924253001464 266.52 341.54 49 73 "Minimization exited successfully."
2008gp 96 0.0334 1779.8372817151744 0.002719481695561252 0.07092687763806182 0.1485353915617862 0.0 0.024835183759364554 3.2977875936233926e-05 0.022705127088346266 0.008047538444753477 477.34090838417137 36.0 -18.9395440334951 1.0321392542116854 1768.75 1844.52 26 70 "Minimization exited successfully."
2007ca 73 0.0141 1228.0214923806202 0.004644334696367375 0.6544028571398144 0.5087832054224646 0.0 0.021089075764621157 4.129520970912312e-05 0.018585582674822465 0.005769910993315586 1653.4266190729054 20.0 -17.629379801240443 0.9126928681330178 1217.65 1275.65 18 55 "Minimization exited successfully."
2009al 68 0.0221 1896.4654907243698 0.003709383076394318 -0.5904308511467571 0.44149825036000445 0.0 1.0629788448568434e-05 6.796190564503082e-05 0.018777263057521143 0.011344723328195472 792.1892887715691 24.0 -18.37016564405023 1.138304969715609 1891.71 1973.54 18 50 "Covariance may not be accurate."
2008ae 71 0.03 1516.6974511860858 0.0003027114537241665 -4.545666586627237 0.9999999937983846 0.0 0.09488303109003482 2.3278262470352476e-06 0.26938602445414217 0.0035100785227072384 264.8946470063364 6.0 -16.367396539291157 2.207342319572277 1511.74 1602.52 9 62 "Minimization exited successfully."
2006dd 76 0.0059 931.9399999987684 0.04999999999528936 4.999999977525819 0.3058576373766626 0.0 0.0032483072041031846 2.771466221333438e-05 0.023307441920663585 0.002757300697473153 994.0531434346865 -2.0 -18.348627705208635 0.18772432463557642 979.93 1147.57 0 76 "Minimization exited successfully."
2005ki 147 0.0192 705.6481600848781 0.009312636599994872 -1.4611768796856044 -0.03384008874519773 0.0 0.0179819398890686 9.662944818439583e-05 0.011830245075409529 0.006817471779272832 1753.5389236555877 38.0 -19.048447029733715 1.3637847264526695 695.86 858.54 17 130 "Minimization exited successfully."
2007if 25 0.0742 1355.9520581928148 0.0003942654897491016 0.2435086355318985 0.9999996326376528 0.0 6.249526938972849e-05 1.6764967780913626e-06 0.06001199458242246 0.030521993902916433 389.04999113804513 7.0 -18.693407889642415 0.9540599491524446 1357.77 1443.6 0 25 "Minimization exited successfully."
2006D 151 0.0085 759.3355782492764 0.031609333962752006 -1.7190427594380564 0.056355122385968404 0.0 1.7775252558749344e-06 0.00025430357043974144 0.008532294174670607 0.005060832479141575 9876.640289044302 47.0 -18.58807776735387 1.4186126267084163 752.87 891.61 4 147 "Minimization exited successfully."
2006lu 48 0.0534 1039.1840427797972 0.0010456706298314466 -0.01886830247708282 0.053111298006490504 0.0 0.00013994535538586206 2.5805866028211222e-05 0.044741540656705325 0.018197602114165323 128.70708785447042 25.0 -18.951693109509037 1.0538429485406198 1040.84 1137.75 0 48 "Minimization exited successfully."
2009ag 136 0.0086 1890.1908279814854 0.00649624840308597 -0.033113919232969025 0.7575594400726422 0.0 0.04509453649427542 6.207683734638526e-05 0.012617549192928568 0.005873020357539449 1285.4365390465277 32.0 -16.92733189832151 1.0152124593348972 1886.62 1959.54 20 116 "Minimization exited successfully."
2006ev 87 0.0287 990.27125803455 0.0020993589728562634 -1.323168299222992 0.11920407134120503 0.0 0.08768578165427243 4.349119426551155e-05 0.044722697545209744 0.013905858033621432 74.0209785898769 16.0 -18.320375045148293 1.317937970246728 993.59 1039.52 0 87 "Minimization exited successfully."
2009cz 51 0.0211 1944.0519000542718 0.008286216345625824 0.4313778055534936 0.05618456797077265 0.0 0.0450950682468374 0.000143117995831216 0.061858741448155286 0.012045352983139468 96.06128571546714 12.0 -19.130967380197397 0.9718888779660535 1937.53 1966.46 12 39 "Minimization exited successfully."
2006gj 70 0.0284 1001.3114705849576 0.0009974576741318714 -2.280298211852484 0.44927771164132335 0.0 2.5510146429041924e-05 2.5538416009035568e-05 0.029604070433474572 0.017202881552340843 952.0616881645645 20.0 -17.49871845118701 1.5211768811680706 998.83 1096.59 2 68 "Covariance may not be accurate."
2005el 143 0.0149 649.0166832983334 0.009318851327145548 -1.3488533777184109 0.21555535388871827 0.0 2.488287577762094e-06 9.834116938694376e-05 0.010892938189989376 0.006419983398540441 19611.299228613763 34.0 -18.49402677767344 1.315279939313493 639.89 730.75 21 122 "Covariance may not be accurate."
2007jh 20 0.0408 1366.5833155023631 0.0005178366126479373 -2.3419899809701867 0.42148074607445407 0.0 0.21893189915658695 2.705172463553923e-05 0.12942513541772005 0.0368644989932434 632.9807579479054 14.0 -17.592466040156882 1.5414656109897429 1363.86 1413.8 4 16 "Minimization exited successfully."
2007so 39 0.0297 1434.6800000011683 0.0010163708315961723 -1.6063438072582361 0.7301608122717376 0.0 0.0016138535004301957 2.6371287017913636e-05 0.027459714634137322 0.016294549804442338 3273.7856856872263 12.0 -17.636420399046635 1.3245435017576916 1449.68 1494.53 0 39 "Minimization exited successfully."
2006gt 54 0.0448 1004.4100058017029 0.0007076051252638688 -2.700426797750877 0.232148360400096 0.0 3.1966249025572324e-07 1.9030378451240194e-05 0.04623006142684627 0.018568028853595542 827.9650058074137 18.0 -18.134241006728438 1.6719342404961353 1001.67 1076.62 8 46 "Minimization exited successfully."
2007ai 59 0.0317 1176.2850826910376 0.0006986469066119245 0.440398188679211 0.6494960990388723 0.0 1.016625003558147e-05 2.277929638478673e-05 0.07251113236794726 0.02199439637587486 94.53801164976073 22.0 -17.369534125303062 0.9412177688151395 1167.88 1259.7 20 39 "Covariance may not be accurate."
2006hb 101 0.0153 999.358889503882 0.010896540730097366 -2.108138976179663 0.1433153356932133 0.0 0.044251852653758306 0.00015648478869940106 0.014882920942327349 0.009082951490140267 2960.0675340011426 20.0 -18.720324491721957 1.5109908161431669 1006.87 1143.59 0 101 "Minimization exited successfully."
2007hj 173 0.0141 1344.8263882554704 0.008513289722135315 -2.045677970191342 0.29606788801800743 0.0 1.7697722341836197e-05 1.9575116013243257e-05 0.005658142928032017 0.0018916161729199965 14408.724249414321 38.0 -18.276606155332395 1.477133204567508 1348.76 1440.53 0 173 "Covariance may not be accurate."
2008ia 109 0.0219 1812.8490976877188 0.003505091919506126 -1.4428618926445802 0.20467120432544172 0.0 0.08103884747652046 7.273241783714709e-05 0.04932650047900866 0.014278341545781226 250.06320544867054 25.0 -18.279989204952066 1.337839545763515 1809.77 1874.69 12 97 "Minimization exited successfully."
2007ol 7 0.0559 1414.181175528509 0.0009211978901406376 -3.1029343082602145 0.0038448501273968816 0.0 0.3090400996279641 0.00018865040950653275 1.5039144287946944 0.16511455349570037 5.917922611930053 3.0 -18.915792279974283 1.843552664826106 1409.79 1422.66 3 4 "Covariance may not be accurate. Covariance not positive definite. Covariance forced positive definite."
2008fw 70 0.0085 1733.4153006084273 0.026590426881552526 0.6729319258211515 0.18562952619203932 0.0 3.943210231227567e-06 0.00022031461573110596 0.010196236216237331 0.0051749389363759946 1459.2093938760213 21.0 -18.403451956490596 0.924182980749233 1740.89 1827.81 0 70 "Minimization exited successfully."
2005mc 31 0.0252 729.4939612800391 0.0028995658381209518 -2.1966089409939586 0.20517812731293583 0.0 0.12416505207403361 5.816451040094447e-05 0.020996401402979314 0.011759900792771782 2446.11196276821 27.0 -18.383997538879935 1.5280837935577836 736.79 773.62 0 31 "Minimization exited successfully."
2009dc 76 0.0214 1950.0335151405297 0.008611631347608872 -0.2513436503653672 0.4840944177989803 0.0 0.025166079630025706 9.53135942193652e-05 0.030258143201369325 0.007209046028465282 14966.064059005952 15.0 -19.215889770834842 1.0714781131885136 1938.77 1976.68 29 47 "Minimization exited successfully."
2009F 82 0.013 1844.5268137553749 0.0012544093099088522 -3.2719609525012734 0.8028950160442574 0.0 0.021446142818490443 1.8132607310988847e-05 0.02092118587434877 0.009196122408869023 26088.895178608043 28.0 -16.048451651613977 1.7586891193669913 1837.75 1884.63 36 46 "Minimization exited successfully."
2008go 19 0.0623 1766.7132446681999 0.0010839674142930163 -0.5026728747329621 -0.05791303250651336 0.0 0.1952143414347347 5.318350862056347e-05 0.3062927430898825 0.0398685939230915 14.663625517231889 8.0 -19.33910250082185 1.1543761829080879 1764.54 1776.58 6 13 "Minimization exited successfully."
2008cf 51 0.046 1596.372483887751 0.002506170455289669 0.5786379439688352 -0.13918901288407604 0.0 6.149210912553826e-05 3.7867379526973456e-05 0.028311511061389183 0.010746378545567481 490.1962600787203 18.0 -19.5662702633621 0.954240970542866 1595.77 1654.65 2 49 "Covariance may not be accurate."
2006bd 31 0.0257 810.1837496223641 0.0009488470004915678 -1.8793775688852596 0.5525710966733297 0.0 0.15661602341862135 3.4958769937519475e-05 0.05697436438728176 0.024125621101555472 454.9075281623626 8.0 -17.22879839102346 1.406761520469999 822.75 872.57 0 31 "Minimization exited successfully."
2007bm 50 0.0062 1223.4862780602366 0.019654894977419395 -0.4996765881938563 0.696793683493578 0.0 0.06684508490980079 0.0002271405846277861 0.016880586791218732 0.006877116081709489 732.5401657571556 13.0 -17.409681014397183 1.1026528257746069 1217.57 1278.52 7 43 "Minimization exited successfully."
2006kf 118 0.0213 1040.6262839787073 0.002680157120124149 -2.121494646467057 0.34853818925301416 0.0 1.1911807973774557e-05 3.558231836023329e-05 0.018428472696440323 0.00861068769604234 2111.3443076674694 28.0 -17.93129975438787 1.4910474052444123 1036.81 1127.64 20 98 "Minimization exited successfully."
2008bt 35 0.0154 1568.937027034985 0.00220037279701385 -2.477402859588297 0.6791554307069037 0.0 0.08524088196179491 4.231608448889302e-05 0.02447609259912009 0.01225482554836288 7167.831488934127 16.0 -17.021014210283365 1.5440391286313222 1571.61 1651.47 0 35 "Minimization exited successfully."
2006mr 118 0.0059 1052.2021872166795 0.00478393908243405 -2.4932980607742437 0.9358324688292075 0.0 0.03846093222023228 8.908683574355156e-05 0.021100898575607152 0.011700075162871304 23437.380581419886 33.0 -15.787166578836214 1.5123958539253444 1045.86 1147.57 16 102 "Minimization exited successfully."
2007le 148 0.0067 1399.9671992337735 0.04999999914337122 0.32326311140509123 0.19869110443978277 0.0 0.028569988311346606 8.085676783025839e-05 0.01274008216534428 0.0008069663857430687 1499.445388711005 36.0 -18.56930243657949 0.9842358995475582 1388.57 1470.55 30 118 "Minimization exited successfully."
2008hu 52 0.0497 1805.6412426473707 0.00106330661982878 -1.8228889080240362 -0.017033236660063178 0.0 0.09679714302922093 2.1454177900591355e-05 0.04392112957750838 0.014236504410651774 231.79465504120097 28.0 -18.806963498436783 1.4524748217159775 1804.74 1844.84 5 47 "Minimization exited successfully."
2009J 18 0.0158 1831.7400000001878 0.0005268438792627034 -0.8161922909984067 0.5887723802255171 0.0 0.03872427884891749 2.5422484630831276e-05 0.05603644797917173 0.03094491844347158 58.644567962336104 10.0 -15.519991636896748 1.1712201177572013 1846.74 1867.68 0 18 "Minimization exited successfully."
2007N 100 0.0129 1112.2640382349898 0.0019012592904185223 -3.0375902775350374 0.7342002012212498 0.0 0.09129596671095896 4.434196212511898e-05 0.025859550640990436 0.01474344140246342 3047.6772344144388 20.0 -16.47747469671196 1.697038828881304 1123.82 1213.67 0 100 "Minimization exited successfully."
2006ob 38 0.0592 1063.0238294977214 0.000751865851059505 -2.1192026164122724 0.08807149069751308 0.0 0.17174303633225918 2.5665755630001352e-05 0.08138903399213171 0.024694091196588053 166.34918103512317 20.0 -18.825815330929796 1.5202157577553272 1060.65 1121.57 2 36 "Minimization exited successfully."
2006bh 102 0.0109 832.6823564855199 0.031446080169756564 -1.4214006603782474 -0.05861707606808464 0.0 0.032033498035957564 0.0002584975290618706 0.009666277084581454 0.005231119650750904 1823.8668412103007 31.0 -19.12658317747348 1.3564149473129774 829.91 891.79 14 88 "Minimization exited successfully."
2007ba 68 0.0385 1198.8085899065138 0.0010964610372861561 -2.985536205458763 0.3699866454643843 0.0 0.06801064053263417 4.5225129360577996e-05 0.09473196555183039 0.028321802857585232 483.4740730081283 21.0 -18.274874549465405 1.741842868903106 1190.83 1254.75 24 44 "Minimization exited successfully."
2008fp 185 0.0057 1733.5255853157905 0.015195435482459746 -0.17299247749874525 0.9042939256274627 0.0 9.134394076681929e-07 0.00017990422671340395 0.015287790781842059 0.006509037566686526 12075.472892888107 36.0 -16.965045374499432 1.0298095433083319 1725.83 1874.61 50 135 "Covariance may not be accurate."
2005na 79 0.0263 744.2851245505824 0.004489317935029794 -0.6385110235705973 0.11685457793946297 0.0 3.586525565424381e-06 5.2897710961698034e-05 0.019413733856279425 0.007743256879498506 4333.06875577263 42.0 -18.952353322856542 1.1705848817497042 738.71 834.54 6 73 "Minimization exited successfully."
2008R 64 0.0135 1491.361423994477 0.011494554992531873 -2.2500489020765055 0.17995020289638153 0.0 0.03381895541679114 0.00012841883326322138 0.01193625869378323 0.007167899698965807 9123.618248690509 21.0 -18.504127585778207 1.5459033907368802 1493.63 1532.52 0 64 "Minimization exited successfully."
2005bg 31 0.0231 470.9145468036371 0.008169011282475172 0.33785292850652215 -0.11509624803263763 0.0 0.09846749085772899 0.00015144310494472069 0.059407732826661785 0.013556480388210501 540.6294834916063 27.0 -19.315810760771242 0.99640737009174 472.67 512.61 0 31 "Minimization exited successfully."
2005ke 222 0.0049 700.3757964844274 0.01563059213022304 -2.2414764000061904 0.5232230382408303 0.0 29.374386690701158 0.032598262432944426 6.3652467998610724 1.4788233776536988 55470.674683476514 38.0 -16.63554975401523 1.5015913321654057 689.69 819.51 41 181 "Covariance may not be accurate."
2007cg 23 0.0332 1228.5996570987788 0.0006093392113348112 0.9434423809325398 0.782401580147869 0.0 0.20960427502200218 2.6039623196469363e-05 0.07511080923717328 0.02593935691411986 23.42270901067697 10.0 -17.33466316806062 0.8534529149251497 1235.63 1259.59 0 23 "Minimization exited successfully."
