analysis_pipeline/fit_results/csp_5_sn91bg_color_interpolation_red.ecsv
# %ECSV 0.9
# ---
# datatype:
# - name: obj_id
#   datatype: string
# - name: num_points
#   datatype: int64
# - name: z
#   datatype: float64
# - name: t0
#   datatype: float64
# - name: x0
#   datatype: float64
# - name: x1
#   datatype: float64
# - name: c
#   datatype: float64
# - name: z_err
#   datatype: float64
# - name: t0_err
#   datatype: float64
# - name: x0_err
#   datatype: float64
# - name: x1_err
#   datatype: float64
# - name: c_err
#   datatype: float64
# - name: chi
#   datatype: float64
# - name: dof
#   datatype: float64
# - name: b_max
#   datatype: float64
# - name: delta_15
#   datatype: float64
# - name: tmin
#   datatype: float64
# - name: tmax
#   datatype: float64
# - name: pre_max
#   datatype: int64
# - name: post_max
#   datatype: int64
# - name: message
#   datatype: string
# schema: astropy-2.0
obj_id num_points z t0 x0 x1 c z_err t0_err x0_err x1_err c_err chi dof b_max delta_15 tmin tmax pre_max post_max message
SN2008J 43 0.002000412989150183 1504.7103289605386 1.1141088052113446e-13 0.6734544475918942 0.4998064096365374 0.05127011418902822 34.932507674175895 0.927989996345884 0.31463789016591304 0.7126741256931374 309919.8915638955 14.0 -14.400965717864844 2.2051644773072123 1484.54 1516.52 34 9 "Covariance may not be accurate."
SN2005kc 77 0.0020000043766827593 675.2189187654894 5.437317263101704e-14 0.6500000000000001 0.49790121652350533 3.108202844409602e-10 0.02300488697005676 0.0 4.037786771604601e-11 4.228410092760315e-06 206952.51456552016 20.0 -13.626359999854799 2.2623563809839844 687.52 728.54 0 77 "Covariance may not be accurate."
SN2005A 109 0.021854389602045755 372.4884129709691 1.3988810110276972e-14 1.0486351452799187 0.38474571598251317 0.01781735073015116 0.020306971334861146 4.163336342344337e-17 0.0015449141299070934 0.001290528883557629 110286.09344646272 75.0 -17.62591225760326 1.6216312822739738 376.65 433.53 0 109 "Covariance may not be accurate."
SN2009Y 148 0.0020003826171549736 1878.997252520234 1.520450432224152e-13 0.6589430904957779 0.5002158496731854 6.104030575264374e-10 27.014991710073446 4.163336342344337e-17 2.5971839312521894e-07 1.9850917100661114e-06 491467.3205631118 60.0 -14.737725969641998 2.240136831938143 1868.84 1976.65 25 123 "Covariance may not be accurate. Covariance not positive definite. Covariance forced positive definite."
SN2004gs 135 0.08499917204155258 380.1533878605212 2.6645352591003757e-15 0.6500004318539108 6.200126362321257e-08 9.35420761682959e-10 0.0001796008393739612 0.0 1.8221402164897427e-09 0.0001292278835479943 331242.45206585503 108.0 -19.59979522033335 2.2623380695129605 352.85 461.56 50 85 "Covariance may not be accurate."
SN2004eo 122 0.002029783085290895 294.9224950667709 2.148281552649678e-14 1.2454105988550381 0.497969809036637 1.0561815694163333e-06 0.001141648243930149 0.0 0.00041993624159430976 1.1363491150606642e-05 1861522.784263245 84.0 -12.650101752279152 1.4597424986103427 266.52 341.54 75 47 "Covariance may not be accurate."
SN2008gp 96 0.08452418410727958 1840.4085362699605 1.9795244460274475e-07 0.763522877568248 0.6518881677229426 0.0 0.0 0.0 0.0 0.0 424317.43188481533 35.0 -38.015882197466524 2.012262983524251 1768.75 1844.52 95 1 "Hesse Failed. Covariance may not be accurate. Covariance not positive definite."
SN2007ca 73 0.002000008619136524 1221.3951723227342 2.8976820942716586e-14 0.6500000000555415 0.023504712168814057 1.2391276177879662e-10 0.00011695746104578575 4.163336342344337e-17 2.688638200964988e-11 0.0010993931431832193 226629.28320603853 27.0 -13.878330880086875 2.262339827491658 1217.65 1275.65 8 65 "Covariance may not be accurate."
SN2009al 68 0.07016787191238993 1972.5028863381842 0.003181736382464745 0.6516379759423742 0.8294391451830563 0.0 0.0 0.0 0.0 0.0 215880.10283340726 23.0 -47.75324196899929 2.258244650787752 1891.71 1973.54 66 2 "Hesse Failed. Covariance may not be accurate. Covariance not positive definite."
SN2008ae 71 0.002000000087259636 1558.282727233259 4.579669976578771e-15 1.2489964611807027 0.5003127062740991 0.051666322639865696 79.85866484787107 0.9337492406889865 0.37903957876894084 0.7151198867068717 41331.36632809073 13.0 -10.934312306718038 1.4574367299837157 1511.74 1602.52 59 12 "Covariance may not be accurate."
SN2006dd 76 0.002016361810467612 1035.3988694348996 1.4738210651898953e-14 1.2142551760641047 0.34449288725391103 0.06222589228701911 199.25391003153499 1.1352413870680604 0.36475339671771273 0.6641915441576236 317577.6788007465 70.0 -12.550559641719946 1.480406311944865 979.93 1147.57 14 62 "Covariance may not be accurate."
SN2005ki 147 0.0020185078172752454 779.8779513007682 1.2490009027033011e-15 1.2260266066938157 0.0002885506618204303 0.05423970568449331 135.08578536638612 0.9907997009059218 0.3337576144222855 0.6220042249686197 711857.3906193641 86.0 -10.521846330082532 1.4724276076557246 695.86 858.54 121 26 "Covariance may not be accurate."
SN2007if 25 0.08498804918957333 1380.8241985978543 1.9984014443252818e-15 0.9476838845335979 0.25005311271285957 4.887625253330308e-06 0.010498279887201534 0.0 0.0037743328552356514 0.00038709114865645433 61074.49269446693 20.0 -18.79800029616164 1.7331646688028712 1357.77 1443.6 13 12 "Covariance may not be accurate."
SN2006D 151 0.002014968651031042 771.5773032527602 2.098321516541546e-14 0.6813223147931268 0.5000406536202131 1.342202768633144e-09 0.02491650328738615 0.0 1.6103265176869996e-07 4.585899677778116e-07 959079.9088662986 82.0 -12.603552346276857 2.1866843899246753 752.87 891.61 15 136 "Covariance may not be accurate."
SN2006lu 48 0.0849993712322831 1073.7310262964338 0.0 0.6724915574554066 0.50004197603789 0.0 0.0 0.0 0.0 0.0 104079.09365956408 41.0 inf nan 1040.84 1137.75 23 25 "Hesse Failed. Covariance may not be accurate. Covariance not positive definite."
SN2009ag 136 0.0020210172788914537 1874.4679136031325 2.4447111002245947e-13 0.726011867051926 0.5000384204334922 9.434356262058921e-08 0.007988088688080097 0.0 0.0001511833979481736 0.7213708477563961 122702.33053641448 35.0 -15.275963658274103 2.087234373106826 1886.62 1959.54 0 136 "Covariance may not be accurate. Covariance not positive definite. Covariance forced positive definite."
SN2006ev 87 0.002000011837347577 980.9909463501652 2.0317081350640365e-14 0.650000000495213 0.4997229224740389 1.2724744587015724e-10 0.03168569509318786 0.0 7.004469226856713e-11 8.378439869116683e-07 29778.089821600348 23.0 -12.553069949375484 2.2623564535135934 993.59 1039.52 0 87 "Covariance may not be accurate."
SN2009cz 51 0.0020000228203196063 1942.566941669833 2.0317081350640365e-14 1.2252379524174886 0.20512199033628603 5.624303976107387e-10 0.00024372541020056815 0.0 1.5394350805220114e-06 0.024336503262811726 24386.21197861633 13.0 -13.147070580301584 1.4729611406123553 1937.53 1966.46 12 39 "Covariance may not be accurate."
SN2006gj 70 0.0020175373192362184 1045.3797857050895 2.498001805406602e-16 1.1782868470238803 0.003558433619885615 2.0545243325197082e-08 0.000922471434819272 0.0 3.3092369299270175e-06 0.19298435057513638 103570.43399184883 35.0 -8.76821092330735 1.5064514592748282 998.83 1096.59 54 16 "Covariance may not be accurate."
SN2005el 143 0.05605257414902075 667.5715209517533 1.4155343563970746e-14 1.2070453876006426 0.42487251056818587 0.05525745440620019 72.45625504725592 0.9234889193906425 0.42468659975050554 0.691065842494417 326303.38946055586 45.0 -19.657608276487828 1.4854134469179172 639.89 730.75 57 86 "Covariance may not be accurate."
SN2007jh 20 0.0020000058732490026 1360.408549198197 6.661338147750939e-16 0.6500000006774067 0.525890075584815 0.051946584863597406 47.72619894098773 0.9389669422762194 0.3755955349290331 0.7233000147931752 22649.978976287086 13.0 -8.800065964102295 2.2623565519662776 1363.86 1413.8 0 20 "Covariance may not be accurate."
SN2007so 39 0.0020204266276797342 1444.1231412208651 5.662137425588298e-15 1.185611448612577 0.4891801209682037 6.873990932129877e-08 0.12134481608700298 0.0 9.788772475483043e-06 2.536023989510583e-05 15245.818015491963 16.0 -11.213685363382112 1.500938324537131 1449.68 1494.53 0 39 "Covariance may not be accurate."
SN2006gt 54 0.0020000060234719105 1025.6838270298763 8.326672684688674e-17 0.6500000000000068 0.009949303681507926 0.06241456732803383 64.25746394153174 1.128176194344979 0.451270447903736 0.6543952936496801 82105.17330289046 28.0 -7.546261258812333 2.262339434771164 1001.67 1076.62 33 21 "Covariance may not be accurate."
SN2007ai 59 0.0020043277725190073 1172.3760627445738 6.494804694057166e-15 0.8384309554719723 0.49563109574948566 0.0507856460778738 78.56508641889354 0.9223878620723588 0.44281186241628356 0.7093560633034472 15170.976083170399 32.0 -11.329579177624268 1.884999270150658 1167.88 1259.7 10 49 "Covariance may not be accurate."
SN2006hb 101 0.002014296373511624 1051.181521685634 2.6645352591003757e-15 1.2495463163448686 1.8938092464226841e-06 9.225126398242425e-09 0.0009424807616369435 0.0 1.392582993364755e-07 0.007566056810842742 381569.26445856015 49.0 -11.340402221299389 1.4570701899937895 1006.87 1143.59 67 34 "Covariance may not be accurate."
SN2007hj 173 0.0020036975254789364 1357.962007557564 1.7236212457305555e-14 0.6500002456392222 0.49686662240371454 2.1343456787104725e-09 0.022127723649987274 0.0 1.4855000562974396e-09 1.9689518686027974e-06 449285.9952340856 65.0 -12.385556884939422 2.262355721199043 1348.76 1440.53 20 153 "Covariance may not be accurate."
SN2008ia 109 0.002005156605298344 1813.8643507467048 2.0650148258027912e-14 0.6500015013048164 0.4997954624029987 0.05076327370276041 59.094504801981316 0.9224043645147805 0.3685620980577546 0.710328331446496 118791.3373173236 34.0 -12.57613281901505 2.262352679651915 1809.77 1874.69 17 92 "Covariance may not be accurate."
SN2007ol 7 0.08499999967304099 1398.2096426860362 6.494804694057166e-15 0.7560803108597413 0.024182509190916135 0.051893781566448985 15.26294109109881 0.9378801782040073 0.44776169390063525 0.6739978276376872 484.79760839503615 2.0 -20.528408138417234 2.0264585631431977 1409.79 1422.66 0 7 "Covariance may not be accurate."
SN2008fw 70 0.002016243117807029 1734.684324407524 5.6621374255882984e-14 1.1789758254212317 0.4893546698710674 0.0507666976135726 72.69227366457551 0.9264389702109371 0.32834716786843937 0.7095257389225917 397935.2226434032 42.0 -13.708756256148643 1.5059405755320832 1740.89 1827.81 0 70 "Covariance may not be accurate."
SN2005mc 31 0.07925945256579807 741.8071321676499 5.329070518200751e-15 1.2492012872110572 0.3547054734295735 0.058581225090796 35.176630599020996 0.9223874897924036 0.37797564818737134 0.7346859167989622 22338.962430827018 26.0 -19.5239204384343 1.4573019071451014 736.79 773.62 10 21 "Covariance may not be accurate."
SN2009dc 76 0.002000669672789473 1948.0814853949157 3.8719027983802334e-14 0.9205410234814159 0.48000720663915913 0.051107937543998505 37.115807148548356 0.9254429237967275 0.4188395843761188 0.7068161519269831 154200.87860022346 18.0 -13.301574882473812 1.7678965851171569 1938.77 1976.68 24 52 "Covariance may not be accurate."
SN2009F 82 0.002244423617200592 1848.099047737777 1.0574874309554616e-14 1.1144939724148486 0.5000445581852472 1.6529795378783171e-07 0.0020375993198058495 0.0 9.479552079971754e-06 0.7160024482230032 172583.37384169208 35.0 -12.09412680609356 1.5593010475546514 1837.75 1884.63 44 38 "Covariance may not be accurate. Covariance not positive definite. Covariance forced positive definite."
SN2008go 19 0.0020000136693273094 1753.7594531677546 9.409140133698202e-15 0.6500000000016408 0.49988893435730736 0.051024639330945774 15.51085453446683 0.9223869381902585 0.3689545070880051 0.7103423649890324 16988.034547092862 7.0 -11.716883406961049 2.262356461509274 1764.54 1776.58 0 19 "Covariance may not be accurate."
SN2008cf 51 0.01934730129923705 1580.8553961556884 9.908740494779522e-15 0.6503807817697596 0.3353456084574444 0.061250281385603095 68.34662017013966 1.3697814260853955 0.5533214804437514 0.8148956200188674 103855.87465931934 26.0 -17.075410252676136 2.2613938915432 1595.77 1654.65 0 51 "Covariance may not be accurate."
SN2006bd 31 0.0020152475473898634 852.697753343345 2.498001805406602e-16 1.1651170557161046 0.00042505504615952816 0.05462257904856275 50.57865912196132 0.996797678110352 0.3274653483657815 0.6061545273836526 59957.90092046821 11.0 -8.770690507520666 1.5166733152929872 822.75 872.57 27 4 "Covariance may not be accurate."
SN2007bm 50 0.0022016113403985197 1278.0964431506104 2.46332898420909e-06 0.659284603672152 0.47377247164557607 0.0 0.0 0.0 0.0 0.0 737279.1927230062 12.0 -33.033375384187856 2.2392981399919316 1217.57 1278.52 46 4 "Hesse Failed. Covariance may not be accurate. Covariance not positive definite."
SN2006kf 118 0.0020052360086433383 1071.1566874822431 3.913536161803677e-15 0.6500331638089802 0.17120029972301365 8.614190853467249e-09 0.0004103481556967381 0.0 5.871983460581376e-08 0.03068198590447674 356243.96119988133 44.0 -11.438013973918462 2.262261988124372 1036.81 1127.64 83 35 "Covariance may not be accurate."
SN2008bt 35 0.0020028651954150075 1573.336672435262 5.745404152435185e-15 0.6819050762882326 0.5002051405166505 0.05086902646828807 55.58297299165213 0.9230445416456785 0.3051374134548987 0.7106960561039979 120376.13019884253 23.0 -11.183811160631485 2.1853277237637485 1571.61 1651.47 4 31 "Covariance may not be accurate."
SN2006mr 118 0.08499799796399796 1070.617007212845 8.743006318923108e-15 0.721249921441456 0.5005348579503894 4.05611701170816e-09 0.04207789652389238 0.0 1.9352870599953498e-06 4.978090082707887e-06 235555.67821762565 54.0 -19.91087831285765 2.0973457446852493 1045.86 1147.57 45 73 "Covariance may not be accurate."
SN2007le 148 0.0020005853119488665 1398.673702635059 1.965927420854996e-13 0.7679853816512366 0.49931578342409905 1.0906880359810855e-09 0.013474295587684537 4.163336342344337e-17 1.1034952695221367e-05 1.2079037016415883e-05 401705.61849081045 53.0 -15.018964122201108 2.003892576994968 1388.57 1470.55 24 124 "Minimization exited successfully."
SN2008hu 52 0.002064231103724865 1789.7604514848522 3.9968028886505635e-15 1.219041117438116 0.6440594034660094 0.05199513309981592 34.32419786997389 0.9223869834173353 0.30599529722052105 0.6683354145544348 27775.32236142606 29.0 -10.601218008232337 1.4771423471824647 1804.74 1844.84 0 52 "Covariance may not be accurate."
SN2009J 18 0.08499705226342161 1845.9287417236471 1.6653345369377348e-16 0.6500000076414217 2.7633059446197095e-05 7.646819913387226e-09 0.0002700577533687465 0.0 1.0479537237984005e-09 0.0002624069066377299 35174.9439889534 9.0 -16.589394485020705 2.2623391377871727 1846.74 1867.68 0 18 "Covariance may not be accurate."
SN2007N 100 0.002016933705075589 1126.665096834234 1.6653345369377348e-16 0.6520006496052918 0.5002210703490783 1.1923377940580362e-08 0.13090935318405172 0.0 3.4875278143164934e-07 5.507307887453461e-06 232507.2337897732 47.0 -7.3544616645448855 2.2573366184610464 1123.82 1213.67 10 90 "Covariance may not be accurate."
SN2006ob 38 0.0761911768302923 1045.6596085338144 4.163336342344337e-16 1.044111999805879 1.260813543291217e-06 2.1970413770916464e-07 7.3505825639585964e-06 0.0 2.4476550056773405e-06 0.00019700951431370073 39595.79494078974 22.0 -17.333418377896415 1.6261493891489884 1060.65 1121.57 0 38 "Covariance may not be accurate."
SN2006bh 102 0.002000483107360422 850.9094997963101 3.672062653947705e-14 1.2396447975852347 0.48341665598486144 0.05095443877290029 54.01952647052292 0.9223874954315561 0.33369826700261634 0.7064407364957741 385743.84723284555 36.0 -13.235747129591953 1.463474664990816 829.91 891.79 47 55 "Covariance may not be accurate."
SN2007ba 68 0.0020000029081214763 1215.5818257790354 5.9119376061289586e-15 0.6500000000033205 0.5000236142844252 3.018190079757564e-05 0.3190888564591887 1.6653345369377348e-16 5.930737935888608e-05 0.004174518199935751 39088.216591367345 25.0 -11.212009836492342 2.2623564661031317 1190.83 1254.75 44 24 "Covariance may not be accurate. Covariance not positive definite. Covariance forced positive definite."
SN2008fp 185 0.002015691037463845 1771.882943213954 6.453171330633722e-14 0.8312928827653241 0.8243348120123433 2.0893630726156326e-08 0.00033719168789048126 0.0 5.011016253220202e-06 0.003080667680099347 1412759.9190432017 71.0 -13.2111784203713 1.8960657946609452 1725.83 1874.61 128 57 "Minimization exited successfully."
SN2005na 79 0.0020000205979054113 774.9401956460853 7.41073868937292e-15 0.6500000057573712 0.6770920485855758 1.5034203645469119e-09 0.0002148341760062067 0.0 2.233781937199808e-09 0.005933879229083394 404511.6401435769 54.0 -11.135011762184238 2.26235722793324 738.71 834.54 43 36 "Covariance may not be accurate."
