analysis_pipeline/fit_results/csp_5_sn91bg_salt2_phase_blue.ecsv
# %ECSV 0.9
# ---
# datatype:
# - {name: obj_id, datatype: string}
# - {name: num_points, datatype: int64}
# - {name: z, datatype: float64}
# - {name: t0, datatype: float64}
# - {name: x0, datatype: float64}
# - {name: x1, datatype: float64}
# - {name: c, datatype: float64}
# - {name: z_err, datatype: float64}
# - {name: t0_err, datatype: float64}
# - {name: x0_err, datatype: float64}
# - {name: x1_err, datatype: float64}
# - {name: c_err, datatype: float64}
# - {name: chi, datatype: float64}
# - {name: dof, datatype: float64}
# - {name: b_max, datatype: float64}
# - {name: delta_15, datatype: float64}
# - {name: tmin, datatype: float64}
# - {name: tmax, datatype: float64}
# - {name: pre_max, datatype: int64}
# - {name: post_max, datatype: int64}
# - {name: message, datatype: string}
# schema: astropy-2.0
obj_id num_points z t0 x0 x1 c z_err t0_err x0_err x1_err c_err chi dof b_max delta_15 tmin tmax pre_max post_max message
2004dt 181 0.04325755782474898 241.1124078535374 1.6603385333269216e-13 0.7246515559631891 0.50825420089309 0.0004442306226025462 0.029839341579503298 6.661338147750939e-16 0.001286493869957106 0.0021756765708798587 199172.26067601296 129.0 -21.563353282627958 2.0887095829321076 249.79 365.62 0 181 "Covariance may not be accurate. Covariance not positive definite. Covariance forced positive definite."
2004ef 167 0.07872371751222733 267.36489321081774 1.2323475573339238e-14 1.178936011555765 0.18844826647666418 5.412480671984632e-09 5.0998447704841965e-06 0.0 5.265920499653021e-08 0.018056290094202926 294698.89641499263 157.0 -20.73980336943391 1.5054800459518098 255.69 329.57 47 120 "Covariance may not be accurate."
2004eo 147 0.08399636420626472 277.8570513052009 6.836198274129401e-14 0.6660636207104078 0.0056233151309291185 7.697099208003877e-11 2.696687488423777e-06 0.0 1.3780258101281362e-08 nan 702484.6758661263 135.0 -23.08659214883857 2.221196275756949 266.52 341.54 42 105 "Covariance may not be accurate."
2004ey 111 0.08072253278577743 305.9609641529821 1.1415868250708172e-13 1.2378570312244923 0.5119959659031429 0.0427328922373234 29.768176790617076 0.9409550100365457 0.4017111184571806 0.7208115723569629 461453.8580126472 106.0 -22.563738456090952 1.464226241269623 295.53 352.55 35 76 "Covariance may not be accurate."
2004gc 80 0.05269538566369836 320.2057578451627 2.4480417692984702e-14 1.035479018335924 0.5077389441250739 0.0016921030944217347 0.0029656994839797335 0.0 0.00012584624615430418 0.00011613199580695621 57349.72351698262 52.0 -19.929297200795336 1.6342527873915635 329.83 397.66 0 80 "Covariance may not be accurate."
2004gs 164 0.05233874744921992 340.5719737733406 4.529709940470639e-14 0.9009415919025741 0.510880967316689 0.05482056418545085 20.26682323458644 0.9223915511968362 0.4132464517802707 0.7128210468105414 147333.59442128617 86.0 -20.577098623639476 1.7933965509898044 352.85 461.56 0 164 "Covariance may not be accurate."
2004gu 88 0.047661286666147294 342.95359367115714 3.26405569239796e-14 1.2005456928936176 0.5000874587067615 1.7087708623901576e-05 nan 0.0 5.85225572425907e-05 0.00011013854874361573 54358.300085597875 59.0 -20.027749654816848 1.4895668627384744 357.86 410.84 0 88 "Covariance may not be accurate."
2005A 73 0.06621305314101197 361.659050005317 3.3889557826682903e-14 1.0882698644016815 0.5001376805787393 0.04913870128129979 24.342375222588544 0.9223870456843576 0.44381808122370575 0.710399570241411 28341.575002969526 61.0 -20.811462088528067 1.5827029778255692 376.65 432.52 0 73 "Minimization exited successfully."
2005M 209 0.08264624394491205 388.10673089652533 1.4679923943106132e-13 0.9296687557432727 0.410057211212187 0.04483523375085018 23.004483744916143 0.9223867534447905 0.4306036635403281 0.6862629814845248 574191.5478066762 140.0 -23.11210818402565 1.7551416726923676 396.77 480.51 0 209 "Covariance may not be accurate."
2005W 77 0.03442723691482346 429.50659788377493 1.079969447204121e-13 1.207176488910593 0.4276460704472691 0.0545812747394478 24.73291224468167 0.922387280608126 0.3058781298705669 0.7247841358600837 399575.78339116304 53.0 -20.764967782116024 1.4848768634449367 404.54 429.51 74 3 "Covariance may not be accurate."
2005ag 163 0.08399999838054877 426.889019040358 2.831068712794149e-15 0.6678278216133218 0.38978638141123034 9.21694665034778e-12 1.440813719000289e-05 0.0 8.22440118786183e-08 0.001941833752791583 232103.29193777434 146.0 -18.903303841097358 2.216973561023586 412.82 480.84 58 105 "Covariance may not be accurate."
2005al 140 0.03566358438520105 448.47676991432377 2.4064084058750268e-14 1.031933117866099 0.3791348576527192 0.058698916761897986 29.276811883930748 0.9223870307892518 0.4025901213289253 0.6763490511674313 559150.1377771554 123.0 -19.31182002624946 1.637874871929288 429.76 512.79 32 108 "Covariance may not be accurate."
2005am 137 0.06937175983827665 422.98172004872777 5.711264794427962e-13 1.1857748134517436 0.5076651351487236 1.656335862909586e-08 7.294530149692946e-06 4.163336342344337e-17 9.897880726139618e-08 0.0005798902687618179 391215.74366375664 91.0 -23.972284392392208 1.5003429969871256 432.58 512.46 0 137 "Covariance may not be accurate."
2005be 45 0.03860974186888011 455.65813104370443 3.214095656289828e-14 0.9475596679660844 0.45844777370476963 0.055864465433813196 19.814456811772516 0.9223935938869515 0.4267792232425517 0.7000919436873949 81452.88439514558 40.0 -19.637415002602857 1.7325244209394342 467.89 491.77 0 45 "Covariance may not be accurate."
2005bg 64 0.026399507165348904 456.6518773160451 6.09512440519211e-14 1.2281872832896192 0.014239758950797876 1.4153297017652916e-06 1.0677977968498453e-05 4.163336342344337e-17 4.377196037963493e-06 0.00046838901766443897 116662.83008617269 56.0 -20.34422669218198 1.4705681706589857 471.65 512.61 0 64 "Covariance may not be accurate."
2005bl 41 0.08333989753861237 484.56138874325194 3.58046925441613e-15 1.047346715799295 0.28045890205610674 0.04629531473480231 29.001055672835776 0.9223913614538236 0.4417675882366754 0.6385434162249586 6090.369421274144 36.0 -19.33714448778828 1.6222772008093287 476.61 512.57 27 14 "Covariance may not be accurate."
2005bo 36 0.0127414413228768 484.2456458235629 2.3397950243975174e-14 1.2376609079392877 4.361750599146674e-05 0.05817421689878477 28.52605475779515 0.9223868720318475 0.426717395000548 0.6121359990640949 20324.485707778804 31.0 -17.722792827511533 1.4643401286265885 478.75 512.76 16 20 "Covariance may not be accurate."
2005el 93 0.04352679756982545 650.3472344988991 8.135159212940835e-14 1.1085631531643692 0.5085616260203696 0.00045090529462460394 0.025343803010571264 2.914335439641036e-16 0.002082361817543288 0.0019287323963920189 271746.9212340415 72.0 -20.802195570280922 1.5640472189015533 639.89 730.75 9 84 "Covariance may not be accurate. Covariance not positive definite. Covariance forced positive definite."
2005eq 99 0.07954251418302935 645.983671483382 5.495603971894525e-14 0.6500000005384101 0.4993914410938402 0.04073079941905689 29.47765323532866 0.9223870859834857 0.3689624446843557 0.7102279579708213 362686.50166740787 66.0 -21.756790500856496 2.260671054646938 650.81 751.66 0 99 "Covariance may not be accurate."
2005gj 81 0.08035836608222034 715.5482643097926 8.909539772616881e-15 1.2498782941707545 0.20877916373623218 0.04162553288508321 29.502643885649263 0.9223917835174991 0.36533379740326927 0.6040651739562357 118532.55904317605 61.0 -20.38973531535411 1.4564583786438057 698.7 795.54 20 61 "Covariance may not be accurate."
2005hc 79 0.03412207187088829 672.2830722737066 1.1324274851176597e-14 1.2424023006162277 0.4564275365484099 0.058906321225049685 29.36668100247084 0.9223945322209396 0.395438498699985 0.6995552548058748 100695.26379762942 55.0 -18.23378239490377 1.461274558322934 662.72 755.61 24 55 "Covariance may not be accurate."
2005hj 50 0.04516179952578852 658.9423735386794 1.8235413179468196e-14 0.6500786488450991 0.5000112465224201 0.057498825920504135 27.970323895939032 0.9223904881666888 0.3660480914091258 0.7103720102551647 80090.47475002357 27.0 -19.27480100159977 2.2604735984957145 671.67 761.57 0 50 "Covariance may not be accurate."
2005hk 89 0.057710987507219445 662.8693120202339 1.1191048088221578e-13 1.195661560882005 0.50000556249105 2.439096195103879e-06 0.002278294162920247 1.249000902703301e-16 9.748408980159162e-06 0.7430456768131569 388368.5939101563 51.0 -21.797001904797636 1.4930791640867618 675.61 761.54 0 89 "Covariance may not be accurate. Covariance not positive definite. Covariance forced positive definite."
2005iq 70 0.07258644685573347 689.0829855737464 2.7394753132625738e-14 1.219026698286271 0.5174080219476371 0.045167610112844155 29.051168027730853 0.9394168724205185 0.41769154724248087 0.7215039731286635 141757.3461201463 60.0 -20.76230466738318 1.476721796181799 682.55 755.55 16 54 "Covariance may not be accurate."
2005ir 52 0.08399682504935076 690.1541096933473 6.2450045135165055e-15 0.6500008314611428 0.5000074297192079 5.261963034533523e-07 0.1365497138435785 0.0 0.4320062188783702 1.296469688813473e-05 85640.2469508393 47.0 -19.519139769797942 2.260668992356191 682.62 728.63 20 32 "Covariance may not be accurate. Covariance not positive definite. Covariance forced positive definite."
2005kc 48 0.06719616439882166 697.0195646938014 4.5047299224165727e-14 0.7841276427457524 0.4497536412033359 0.04862572626777535 27.164772187714675 0.9223874308513469 0.3670468191802183 0.6977540785187499 146936.5110228224 43.0 -21.271780035632354 1.9733568160065715 687.52 728.54 19 29 "Covariance may not be accurate."
2005ke 145 0.06543721364780924 699.0862638247872 2.669531262711189e-13 0.6747081408931171 0.500067877151837 1.1415643506762496e-05 0.0022009566701512995 1.249000902703301e-16 0.46282835930889865 2.7596573017873993e-06 142435.37669421267 82.0 -23.02569212055866 2.2006232227647526 689.69 819.51 20 125 "Covariance may not be accurate. Covariance not positive definite. Covariance forced positive definite."
2005ki 163 0.04740857509551678 702.8282903538245 6.170064459354307e-14 0.9212232221432908 0.5075372964838716 0.05627359051745472 28.89980076009158 0.9261687926405191 0.43335235321358984 0.713711982813834 174694.13539010895 71.0 -20.695332748578444 1.766148056169456 695.86 861.5 4 159 "Covariance may not be accurate."
2005ku 20 0.06599497623065294 721.9300624086832 2.4147350785597155e-15 0.9533549668562626 0.006252699848339427 0.04903472021461285 29.487254782583875 0.9658451955494857 0.43677737123067945 0.5803223638846451 22300.874915743545 7.0 -18.904433452324014 1.7253899009590654 699.56 729.56 18 2 "Covariance may not be accurate."
2005lu 49 0.07931082991352612 712.6004929513105 3.522182545623309e-14 0.6500002953361395 0.5152233737707282 3.309908777615611e-08 2.796417436456977e-05 0.0 7.390112966021434e-10 0.0029012348305558766 18303.961238747594 34.0 -21.24134608414718 2.2606703857624098 720.63 799.52 0 49 "Covariance may not be accurate."
2005mc 52 0.07385683789418304 729.176468697333 4.213296378452469e-14 0.6500000001089064 0.4993726320662821 0.04456950978499115 23.630993421277537 0.9223868622582693 0.36895612264796634 0.7102235236622784 41978.2010117761 47.0 -21.29862903901733 2.260671054975038 736.79 773.62 0 52 "Covariance may not be accurate."
2005na 91 0.08390066101072725 725.0521948778662 1.2989609388114332e-13 0.8178647472587957 0.506338313334638 7.09854237682106e-07 0.012764969299553286 4.163336342344337e-17 5.6242141756257524e-05 6.587635281973814e-05 216283.26822358748 58.0 -22.80165187691169 1.9163409886508838 738.71 834.54 0 91 "Covariance may not be accurate. Covariance not positive definite. Covariance forced positive definite."
2006D 147 0.07763553894346113 749.4691894728388 4.284073096272323e-13 0.9720274538285707 0.47519023443548614 0.041468597113017806 26.15678880393017 0.9272914928733176 0.43094302197961754 0.7063054963474178 249047.385961362 81.0 -23.98894217966112 1.7031444214877514 751.84 891.61 0 147 "Covariance may not be accurate."
2006X 124 0.004564584609317825 785.7314621758089 1.2906342661267445e-13 1.2493202934081116 0.5001114110382926 4.958151885626214e-05 0.005907784744238143 4.163336342344337e-17 8.23799436028283e-05 4.5171569712509907e-07 128076.76480245235 81.0 -16.35575788506511 1.4568228733352857 775.68 906.46 18 106 "Covariance may not be accurate."
2006ax 90 0.0651707726745966 826.7162733962156 1.1940448629843559e-13 0.9427132428495246 0.5000978717461336 5.351900270123e-06 0.0019088819398120904 4.163336342344337e-17 0.00013073431004073655 0.6592557724394756 308420.6044314474 79.0 -22.142840573208545 1.738558682328943 815.64 891.5 24 66 "Covariance may not be accurate. Covariance not positive definite. Covariance forced positive definite."
2006bd 21 0.08115767472041657 807.9924388190055 2.3064883336587627e-14 0.7060875170714274 0.500055906194448 5.068337699821318e-05 nan 0.0 0.00034197149515041714 7.44359498222602e-05 3083.6419562943033 11.0 -20.858645860833818 2.1288975140579787 823.7 872.57 0 21 "Covariance may not be accurate."
2006bh 73 0.06031472587514358 815.0678773452469 4.055922264711853e-13 1.2491866272721484 0.5095015556660152 0.00013859241604812292 37.906578398683564 4.163336342344337e-17 2.6559842231876907e-05 0.0012288703236183474 325795.8591268455 52.0 -23.279889276395096 1.4569085364987338 831.9 891.79 0 73 "Covariance may not be accurate. Covariance not positive definite. Covariance forced positive definite."
2006br 23 0.08395947516908704 844.7957610942548 1.6986412276764895e-14 0.7078871928638185 0.5005460204439015 1.5854317384281225e-06 0.00213747542039755 0.0 0.023220211839072746 0.00012566905065752865 1351.3346090374152 18.0 -20.603693027846788 2.124921427231399 858.69 890.61 0 23 "Covariance may not be accurate."
2006bt 39 0.0766049401578449 838.8003553434819 2.731148640577885e-14 1.2232753063037929 0.00047391069675201125 7.720881588929585e-08 4.21672206130097e-06 4.163336342344337e-17 4.1099185787984993e-07 0.00018318056081381706 49220.16757754303 34.0 -21.887324477420346 1.4738441162815583 853.76 891.71 0 39 "Covariance may not be accurate."
2006dd 141 0.02086748016737465 913.4999174629446 1.6376899836245684e-12 0.6500002103960728 0.501151898484709 0.048922178630186275 28.76084766207947 0.9230781407502093 0.3690844635478729 0.7109286335890432 9.749963367232263 -4.0 -22.440307139398335 2.2606705554550874 906.94 1147.57 1 140 "Covariance may not be accurate."
2006ef 36 0.0824953050639477 968.2019612321332 8.618106228652778e-14 0.6535051711746924 0.17822072136657813 0.04456854640351535 20.793408918331465 0.9223873929115587 0.3873877077923778 0.7349756514945514 49475.891113851765 25.0 -22.98078355957721 2.2519031123246265 979.9 1040.71 0 36 "Covariance may not be accurate."
2006ej 43 0.08370380603421615 983.2507934504387 6.486478021372477e-14 0.6502104894939157 0.5425434027402046 0.048000629652598034 28.733648840207024 0.9349270234769804 0.3787618702165912 0.7252153434792099 30855.64059181049 32.0 -21.983146241029356 2.2601427948886474 979.74 1046.74 7 36 "Covariance may not be accurate."
2006eq 36 0.08399041496915562 981.7904913143096 1.6653345369377348e-16 1.1280183268703732 0.30480586450540736 0.04980841232359258 27.539254588189806 0.9352086391665773 0.4425139402377126 0.6503058413622578 38379.93425047032 31.0 -15.983036301473145 1.5468604487654467 981.64 1018.51 4 32 "Covariance may not be accurate."
2006et 85 0.08371930494877984 972.9821216902544 1.4704903961160198e-13 0.650217213733307 0.1316665403952818 3.1531781144455984e-09 9.044381840794813e-06 0.0 7.584504690960614e-09 0.000686980480091276 236993.69378219923 46.0 -23.689384012181648 2.2601131924619207 983.64 1099.54 0 85 "Covariance may not be accurate."
2006ev 29 0.03279217909345388 982.2059661243084 2.2565282975506307e-14 1.1328887594641828 0.4753224555960192 0.00015615759459884637 0.013818958988053964 4.163336342344337e-17 0.0006984680154170642 3.7642210454297276e-05 28116.716261606984 22.0 -18.850538178056798 1.5426770194386847 994.59 1038.53 0 29 "Covariance may not be accurate."
2006fw 25 0.08399997957170782 1014.9350741200633 8.326672684688674e-17 0.9671556997534252 0.04560443772793954 0.05023116400954375 29.90192465096038 0.9356583930446847 0.42501703793091933 0.5166662040965385 65462.256871524856 20.0 -15.735418663487533 1.7088385291270605 1001.75 1039.73 14 11 "Covariance may not be accurate."
2006gj 52 0.003913211112290629 1002.0004758641518 8.576472865229334e-15 0.72499372591905 0.5616145405960827 0.004922092084121513 0.014625985702480193 0.0 0.0002537433894775343 9.73595442555486e-05 8238.616721415452 29.0 -12.97508941244893 2.087986775644076 998.83 1096.59 8 44 "Covariance may not be accurate."
2006gt 39 0.060218989265820214 1004.6915886028883 7.494005416219807e-15 0.6611276590110375 0.4977388993811222 3.206848067684176e-07 0.018248206976295478 0.0 7.167107526351302e-07 5.92970288432193e-06 10982.869169842901 30.0 -18.963487247697763 2.233159967568618 1001.67 1076.62 8 31 "Covariance may not be accurate."
