analysis_pipeline/fit_results/csp_5_sn91bg_color_interpolation_blue.ecsv
# %ECSV 0.9
# ---
# datatype:
# - name: obj_id
#   datatype: string
# - name: num_points
#   datatype: int64
# - name: z
#   datatype: float64
# - name: t0
#   datatype: float64
# - name: x0
#   datatype: float64
# - name: x1
#   datatype: float64
# - name: c
#   datatype: float64
# - name: z_err
#   datatype: float64
# - name: t0_err
#   datatype: float64
# - name: x0_err
#   datatype: float64
# - name: x1_err
#   datatype: float64
# - name: c_err
#   datatype: float64
# - name: chi
#   datatype: float64
# - name: dof
#   datatype: float64
# - name: b_max
#   datatype: float64
# - name: delta_15
#   datatype: float64
# - name: tmin
#   datatype: float64
# - name: tmax
#   datatype: float64
# - name: pre_max
#   datatype: int64
# - name: post_max
#   datatype: int64
# - name: message
#   datatype: string
# schema: astropy-2.0
obj_id num_points z t0 x0 x1 c z_err t0_err x0_err x1_err c_err chi dof b_max delta_15 tmin tmax pre_max post_max message
[from data line 97]
2009le 36 0.07462401109068538 2144.2209701846446 1.1299294833122531e-13 1.0776281075310017 0.15614932689391464 0.04589562711907132 18.319046940228873 0.9223867776182981 0.44356416800250414 0.5736919116183442 307233.1026927047 31.0 -23.09104924841266 1.593355638665816 2155.62 2169.58 0 36 "Covariance may not be accurate."
2005al 140 0.06759922299921291 431.019842730189 1.0441647546599597e-13 1.0471081519476368 0.500072322382992 0.05011329860345963 0.0007274516703716927 4.163336342344337e-17 4.1823610586466664e-05 3.866892936926769e-05 189387.66787402297 135.0 -22.080461203722628 1.6231592689420538 429.76 512.79 8 132 "Covariance may not be accurate. Covariance not positive definite. Covariance forced positive definite."
2005am 137 0.0035079925207206586 431.6582304333951 4.629630012686903e-13 0.7433552620327282 0.506714331964528 4.92792318358597e-05 0.004424325744679436 8.326672684688674e-17 5.578022110397374e-05 2.6221520800895348e-05 312505.74732514384 132.0 -17.158661632193947 2.051526130289183 432.58 512.46 0 137 "Covariance may not be accurate."
2005iq 70 0.009963263716793676 667.5500002056434 8.126832540256146e-14 0.7432440394129269 0.4986359940269253 1.2874966040868352e-07 0.00011097563793782683 0.0 1.1630747191460067e-06 2.6629552300205805e-06 177157.1350533072 65.0 -17.561203394201208 2.0517493435859997 682.55 755.55 0 70 "Covariance may not be accurate."
2008bd 31 0.0718273181581226 1577.2007096420598 0.0 0.699479240624669 0.5070178703032698 0.0 0.0 0.0 0.0 0.0 18056.664391793278 26.0 inf nan 1541.7 1592.62 29 2 "Hesse Failed. Covariance may not be accurate. Covariance not positive definite."
2007S 65 0.004127629002215603 1176.1582489558632 1.990074771640593e-14 1.2136110656679342 0.5020204606174566 0.04504515533867995 89.99422394391934 0.9227341708902592 0.4208445287534152 0.71097992841153 519681.8300855252 60.0 -14.103669944112458 1.4808529814509939 1133.84 1246.54 46 19 "Covariance may not be accurate."
2005bo 36 0.07182392699494528 463.75039036411266 3.310685059432217e-13 0.6570915767621455 0.31681988913139436 1.210593860434539e-07 5.519175658719178e-07 4.163336342344337e-17 2.587739323378635e-07 0.0012020811173714674 35323.368649440185 31.0 -23.84997675638517 2.2446866588825003 478.75 512.76 0 36 "Covariance may not be accurate."
2006bt 39 0.002079370128382985 860.5322096529662 1.557087792036782e-14 1.0566456283803536 0.5056535212283525 4.937065474859407e-05 0.001011946357209581 0.0 6.746252639888706e-05 5.283821958257384e-05 29555.379814410902 34.0 -12.339204855785507 1.6136948939702265 853.76 891.71 6 33 "Covariance may not be accurate."
2008fl 89 0.06855191260732652 1729.8559662272878 3.405609128037668e-14 0.6520370450297428 0.488124937217374 0.0496508405804109 59.204915937597775 0.9245164557171195 0.38407978742714793 0.7084498775250219 172143.40143569824 84.0 -20.924958011452617 2.2572451016781088 1724.49 1789.53 20 69 "Covariance may not be accurate."
2007st 44 0.008602270357199772 1500.1317812076963 3.7719827261639693e-14 0.6509850970054574 0.4480228099300273 1.3134515553011455e-06 0.0007226972124954045 4.163336342344337e-17 1.4222009170894445e-06 0.04249983430671986 302239.3995038937 39.0 -16.524628719106914 2.2598791762555415 1458.66 1493.55 44 0 "Covariance may not be accurate."
2005hc 79 0.08466335972067249 707.9461727590437 8.326672684688674e-17 0.65000000000434 0.006915927590197768 4.25658265856832e-08 0.00045096700097246867 0.0 1.3023415679214168e-11 0.007785011016006371 634236.4288770962 74.0 -15.816869954502053 2.2623393489845256 662.72 755.61 55 24 "Covariance may not be accurate."
2009ab 40 0.008197267233174422 1880.8657014987325 3.2057689836051395e-14 1.1897219815947242 0.3631431305178553 5.51023496139693e-06 8.380843342790513 0.0 0.000118450513144297 0.00015446430761550944 214226.8865994872 35.0 -16.415653863212697 1.497883230113807 1874.57 1911.51 12 28 "Covariance may not be accurate."
2007as 65 0.08380519436809059 1168.675934571115 1.1382561559969417e-13 0.9501622128534137 0.37941984867491935 0.04662861109573209 51.32671557791514 0.9229180475126011 0.42631950820746195 0.7318741948800392 167800.53297647496 60.0 -22.928989353594318 1.7301047703256724 1181.7 1259.49 0 65 "Covariance may not be accurate."
2006hx 31 0.02358695387834775 1043.8962652859504 2.4147350785597155e-15 0.6568686820784544 0.001872985601710897 0.061798585096673485 60.17959381734431 0.9294509720852655 0.3429055234497965 0.596302585873899 44358.84921402381 26.0 -16.609410324637416 2.2452248212194483 1012.66 1080.59 22 9 "Covariance may not be accurate."
2008ff 86 0.015044111184028115 1718.5091833440335 3.83026943495679e-14 0.6509371324944404 0.5051242487883054 0.06078475005853716 43.97267420934395 0.922930935528797 0.3589763688447706 0.71177071646387 376841.0846329586 81.0 -17.63633597388963 2.260001440381096 1724.53 1790.57 0 86 "Covariance may not be accurate."
2009ds 36 0.05590608584606096 1941.4700908079005 2.0425328095541317e-13 1.0369358037783405 0.4410453402789125 0.0005417784108316739 0.08220166505748239 0.0 0.0028878389684667827 0.0007086216025543046 123101.37828434852 31.0 -22.51513825558558 1.6334195769125444 1956.68 1976.62 0 36 "Covariance may not be accurate."
2008O 50 0.08162162650444849 1551.7462300195216 4.163336342344337e-16 0.6500043187334622 0.15702184011221432 0.04351884518859518 71.67680872121082 0.9266333178188642 0.3699692781835894 0.7319059361673292 137717.6100620592 45.0 -17.21054275136438 2.2623338983329937 1490.64 1571.48 45 5 "Covariance may not be accurate."
2006ot 43 0.05823965513256745 1085.6435012721083 8.326672684688674e-17 0.6500000000109151 0.09850419524339482 4.7506210810316363e-07 0.000515295789909942 0.0 3.134115189595832e-11 0.10853834097710133 119529.36161543096 38.0 -14.807373692869266 2.2623423269993417 1065.68 1119.57 28 15 "Covariance may not be accurate."
2006py 21 0.07548247812220316 1054.5466630391597 4.696243394164412e-14 0.6577230107855006 0.390812556369852 0.04527527209348099 22.541827708250707 0.9223868392213994 0.33872529959851133 0.6801940685150967 12441.203576644475 16.0 -21.705667461115006 2.243132368846961 1069.54 1087.54 0 21 "Covariance may not be accurate."
2005be 45 0.04869581053018221 454.5730270664458 3.522182545623309e-14 0.924554372393147 0.49199362237451244 0.05762889526658215 20.192466411767015 0.922386854090006 0.43161455238519997 0.7085006585640472 76786.42306618288 40.0 -20.178406387555945 1.762626411086476 467.89 491.77 0 45 "Covariance may not be accurate."
2006fw 25 0.08499998723341905 1014.8757258622287 1.6653345369377348e-16 1.2493509538297933 0.00803453779715435 9.156610886185135e-11 7.433561120251397e-05 0.0 5.5474635107799486e-08 0.019371311495955695 57725.50519563262 20.0 -16.576788898012907 1.4571956306726825 1001.75 1039.73 14 11 "Covariance may not be accurate."
2007ax 40 0.0808479063420865 1188.039241814216 2.8727020762175925e-14 1.2489870979057853 0.5017818048349064 7.939381116602029e-06 0.002051854251021723 4.163336342344337e-17 0.00029666313666809607 0.00011005266221308929 30136.289953779215 35.0 -21.085504541206372 1.4574427386216264 1185.56 1246.46 4 36 "Covariance may not be accurate."
2007jg 57 0.03667005145004048 1389.480802391741 1.6653345369377348e-16 0.6500000006215819 9.407767050384486e-07 4.091132620037685e-07 0.00041262822696808144 0.0 1.931867443794033e-10 0.00011619951770006076 413077.8041957468 52.0 -14.688489508197069 2.2623391547158676 1363.82 1423.7 34 23 "Covariance may not be accurate."
2007af 102 0.08063065582728093 1193.9184586502088 2.4139024112912466e-13 1.2476078195808 0.5427337685740141 2.917125840502799e-06 0.001284521941897765 2.0816681711721685e-16 0.0001866286200951084 3.107577527156069e-05 501135.6338952002 97.0 -23.323730545360895 1.4583284234754785 1165.8 1256.69 45 57 "Covariance may not be accurate."
2008cc 81 0.07399018927303173 1611.2442572455657 2.8727020762175925e-14 0.6500177334947984 0.000309728490118899 0.046336795100623024 61.77534053502802 0.9223869449633311 0.36757860466011827 0.6074500170437993 1015083.629913945 76.0 -21.86303402622171 2.2622945403312205 1582.86 1654.86 34 47 "Covariance may not be accurate."
2006ef 36 0.05422553451903082 1021.2878808263262 8.743006318923108e-15 1.1228751417940521 0.329713966923472 8.811331736850725e-07 0.0006970314146883538 0.0 5.379077119616049e-06 0.08156957902115858 368268.71211493603 31.0 -19.24388659964472 1.551890199153739 979.9 1040.71 30 6 "Covariance may not be accurate."
2007nq 75 0.08497807376138146 1409.7524411243808 2.498001805406602e-16 1.0146700100229737 0.5076272373711437 6.657927908299e-08 0.11332816498713782 0.0 1.437457605679704e-05 2.4590560372406145e-05 244562.93029476108 70.0 -16.038931654456917 1.656545917648927 1397.65 1476.56 19 56 "Covariance may not be accurate."
2008bq 64 0.020167568632540794 1581.923219888909 4.163336342344337e-15 0.6826649835409438 0.03470240777856359 1.1134380319133275e-07 0.00012093709869986924 0.0 4.426212802943752e-07 0.01186656237730721 713745.3188363744 59.0 -16.801976733627342 2.1835459275435447 1562.49 1606.46 47 17 "Covariance may not be accurate."
2008hv 93 0.08494027491390578 1909.192665615883 4.871928352412347e-08 0.7570776345942488 0.512317154399441 0.0 0.0 0.0 0.0 0.0 1651862.2448432767 88.0 -36.7556836386268 2.024551124992754 1806.79 1884.68 93 0 "Hesse Failed. Covariance may not be accurate. Covariance not positive definite."
2009I 18 0.03393657043153921 1848.9848618687886 8.326672684688674e-15 0.6500001307428048 0.4456064803558455 2.1071314749640524e-07 0.00010306138426585676 0.0 1.4638227296970285e-09 0.0028342066714329983 25352.541906130446 13.0 -17.911858282056713 2.2623541662522086 1848.58 1867.58 4 14 "Covariance may not be accurate."
2004gc 80 0.023584071124704495 364.61482432876755 3.3306690738754696e-16 1.2065442827287725 0.00024296194592066112 0.061414355072346764 60.41846774069626 0.92270206824786 0.3063984810673683 0.6214261004333941 457825.1871298576 75.0 -14.460866476223526 1.4857532473256363 329.83 397.66 51 29 "Covariance may not be accurate."
2005lu 49 0.011413631693467527 751.1984195633984 3.3306690738754696e-16 1.2154468548960669 0.18176042194695602 0.06447290415460383 69.43740248140261 0.9976558631805837 0.3022030445162697 0.5762799498066984 103335.24240596103 44.0 -12.532737495344922 1.4795840046427706 720.63 799.52 30 19 "Covariance may not be accurate."
2007al 48 0.08495960588522307 1186.3810488228157 8.326672684688674e-15 0.6500000000071703 0.321372436569929 1.5284346635557888e-09 3.5645060961542185e-05 0.0 1.7318368961127817e-12 0.004005452550584321 97642.51134008888 43.0 -20.22811732344743 2.2623512951407356 1170.77 1246.58 16 32 "Covariance may not be accurate."
2005gj 81 0.08499232214801515 850.23 2.3437053464636648e-08 0.95 0.5000000028521754 0.0 0.0 0.0 0.0 0.0 280324.69619921956 76.0 -35.98217304441959 1.7303076566699096 698.7 795.54 81 0 "Hesse Failed. Covariance may not be accurate. Covariance not positive definite."
2008bz 44 0.07549655559875582 1586.3586291972001 1.8318679906315083e-15 0.6531420699863898 0.5076527862621422 0.045242964227788916 63.44601485476062 0.9234854221811357 0.3869281314858861 0.712581806361458 160619.60257265295 39.0 -17.93084051137609 2.2544857620755856 1580.72 1651.52 12 32 "Covariance may not be accurate."
2007bc 47 0.08452535087103384 1217.5999591508607 2.939315457695102e-14 0.862793920419365 0.6212489587719054 0.053564034841130204 54.58782184806955 0.9223870391789504 0.44084488777876096 0.7319756675803897 441544.2323572668 42.0 -21.005323346873663 1.84843952148373 1197.65 1259.53 26 21 "Minimization exited successfully."
2008fr 68 0.08276643471747876 1779.2651549495954 2.498001805406602e-16 0.7227671234119127 0.21105363331122828 0.0450370043357217 61.89677805055135 0.9263521302261136 0.329634819405567 0.6052697951589865 283403.00677949534 63.0 -16.57169699918441 2.0941020826887424 1740.72 1807.57 47 21 "Covariance may not be accurate."
