analysis_pipeline/fit_results/csp_4_salt2_2.4_red.ecsv
# %ECSV 0.9
# ---
# datatype:
# - name: obj_id
#   datatype: string
# - name: num_points
#   datatype: int64
# - name: z
#   datatype: float64
# - name: t0
#   datatype: float64
# - name: x0
#   datatype: float64
# - name: x1
#   datatype: float64
# - name: c
#   datatype: float64
# - name: z_err
#   datatype: float64
# - name: t0_err
#   datatype: float64
# - name: x0_err
#   datatype: float64
# - name: x1_err
#   datatype: float64
# - name: c_err
#   datatype: float64
# - name: chi
#   datatype: float64
# - name: dof
#   datatype: float64
# - name: b_max
#   datatype: float64
# - name: delta_15
#   datatype: float64
# - name: tmin
#   datatype: float64
# - name: tmax
#   datatype: float64
# - name: pre_max
#   datatype: int64
# - name: post_max
#   datatype: int64
# - name: message
#   datatype: string
# schema: astropy-2.0
obj_id num_points z t0 x0 x1 c z_err t0_err x0_err x1_err c_err chi dof b_max delta_15 tmin tmax pre_max post_max message
[from data line 53]
2007jd 17 0.0726 1364.295083034599 8.486798368610161e-05 -1.9177076762321397 0.9993498816558355 0.0 0.5373453180725392 5.480125593455844e-06 0.2626280435289783 0.34660372112079796 25.933078799117286 10.0 -16.974391585706208 1.3652587765145014 1362.83 1409.83 2 15 "Minimization exited successfully."
2007hx 14 0.0794 1354.1332257203387 0.0022908879337939724 0.7303431446583311 -0.9998146390397451 0.0 0.6021043923988145 8.627706665988448e-05 0.32520685648059366 0.4587837524043705 19.11942824567549 6.0 -20.755130506076455 0.955706297879015 1354.78 1411.73 0 14 "Minimization exited successfully."
2008ha 56 0.0046 1766.5500000013242 0.000977687893505691 -1.07522375907637 0.804062866545399 0.0 0.06640617226389622 2.261001366903883e-05 0.02055366191135377 0.01428544352808625 1403.1967852294601 32.0 -13.508948906111694 1.2051433992437843 1781.55 1810.55 0 56 "Minimization exited successfully."
2005hj 52 0.0574 676.7620374476958 0.0015168478395915482 1.0139430715672741 -0.10663762738752258 0.0 0.00011097726570596933 3.902563193878834e-05 0.06928717501908599 0.01798925637463855 277.71781908581187 20.0 -19.51989982972133 0.8775178529783716 671.67 761.57 17 35 "Minimization exited successfully."
2005hk 156 0.013 689.6716509937609 0.002834472907264113 0.03369150890355499 0.9360060689144898 0.0 0.02107099268255297 2.4864804650237592e-05 0.012757079699120322 0.005643736836586255 32148.114956931888 36.0 -16.947897187244312 0.9926121169292301 675.61 761.54 50 106 "Minimization exited successfully."
2005ir 13 0.0763 686.7155303325419 0.00013178638517061527 0.3641079422999258 0.9999999459840376 0.0 8.929144939884281e-05 1.147476541400749e-06 0.12029503858162505 0.12775758606619425 39.52783576339144 9.0 -17.56754220996104 0.9345581164687324 682.62 740.53 3 10 "Minimization exited successfully."
2005bl 23 0.0241 485.21567820170264 0.0006200898787462162 -4.999999999712404 0.559453127140247 0.0 0.028025591496941615 2.4729682175291e-05 0.009859418361002348 0.025408795668486528 1005.6389785904923 19.0 -16.624086362513093 2.6532635231591364 476.61 512.57 15 8 "Minimization exited successfully."
2005M 172 0.022 408.47026567016803 0.005987697728759529 0.7742192551693314 0.13376226489110032 0.0 3.764563132335752e-06 4.8601154920685334e-05 0.015405405196217803 0.005311918777133218 5370.405421674736 87.0 -18.87150685739128 0.9091266843451322 397.73 480.51 33 139 "Minimization exited successfully."
2008bf 83 0.0235 1555.3962631740326 0.008264750409458043 0.5315662398140493 -0.06633964077213461 0.0 2.563908662978065e-05 0.00010022233500858908 0.021620988881325243 0.008303806558292715 773.5216828320769 40.0 -19.366118771951623 0.9595507190322365 1546.79 1646.49 27 56 "Minimization exited successfully."
2006eq 62 0.0495 977.0359038757618 0.000641506700718314 -2.515285223793285 0.23529312364611132 0.0 3.568153135802277e-05 1.9720840868259226e-05 0.04785180701590397 0.02122358430640736 641.7571127010758 25.0 -18.25202965742096 1.6152587259417928 980.56 1029.51 0 62 "Covariance may not be accurate."
2009aa 150 0.0273 1878.7704101035079 0.003998772761963166 -0.5676416935261805 0.12912388761010885 0.0 0.01659101022289633 4.054987468599938e-05 0.018117620174321836 0.0067236485752762976 269.17884707638433 36.0 -18.909596391431812 1.1554514532881655 1868.77 1956.66 38 112 "Minimization exited successfully."
2008hj 65 0.0379 1802.118875561659 0.0032803720709895625 0.4224322080215419 -0.05628619908175536 0.0 0.03811394063120588 4.4005358861998016e-05 0.0395318384018708 0.009403876222363883 340.893136344009 28.0 -19.424041821262932 0.9785367677673058 1794.58 1834.55 21 44 "Minimization exited successfully."
2006ax 146 0.0167 828.1166330739738 0.012361760649328288 0.3773234505114855 0.06624384513669801 0.0 0.015155920156075808 0.00011651725089135111 0.013586430084102208 0.005975826381699689 968.3398203101747 37.0 -19.05017890458695 0.9810116575231582 815.64 891.5 31 115 "Minimization exited successfully."
2009D 93 0.025 1841.9800346693382 0.007035053640078831 0.6750441190060901 0.0701582362776132 0.0 0.029427083963241785 5.5730199574907744e-05 0.015842153575419182 0.005208029238629952 352.4523955054045 38.0 -19.32825782849153 0.9287372345204385 1834.67 1890.52 30 63 "Minimization exited successfully."
2008gl 87 0.034 1768.8900571859376 0.0034636086174820837 -1.4031595673518038 -0.06962406039323488 0.0 2.909439899667632e-06 3.947540713667027e-05 0.018762037408001975 0.00778550514794929 516.6184525798084 34.0 -19.239939185790814 1.353004825858573 1765.7 1844.55 12 75 "Minimization exited successfully."
2008cd 9 0.0074 1572.7400000004416 0.001432376345632702 -3.397342580176978 0.9999999987354686 0.0 0.012723335241616951 1.2614724168209866e-05 0.14912144105228675 0.004601014769915146 894.0781851146675 5.0 -14.97852484288217 1.7609250288215677 1587.74 1595.73 0 9 "Minimization exited successfully."
2007A 49 0.0177 1113.3219468499803 0.00519228615557813 1.3199414645331178 0.45618976664834565 0.0 0.05601951040659969 0.00010997229237363643 0.08471023022663982 0.014860132596189346 139.09110925874282 14.0 -18.248188777496317 0.8068886408958562 1107.53 1133.53 18 31 "Minimization exited successfully."
2008ar 70 0.0261 1535.3947713274388 0.004946128680242157 -0.017080171736448158 0.04399303393236753 0.0 0.0368781972800889 7.265451504780964e-05 0.022866536730485887 0.009452066844928497 241.26027964485795 28.0 -19.04037807102255 1.0539973619883831 1527.79 1627.59 7 63 "Minimization exited successfully."
2006X 188 0.0052 788.4403829537746 0.014710258792127796 0.21222900613684814 1.0477267067978708 0.0 1.1302520306344377e-06 0.00013137688400402265 0.009548262646507766 0.005483240244044119 19125.085604667198 41.0 -16.7451760374064 0.9562876301075871 775.68 891.59 44 144 "Minimization exited successfully."
2006ej 21 0.0205 975.5607267102355 0.011394448158197824 -1.366488463624913 -0.20612686378521383 0.0 0.20071918842376135 0.00031215012596452936 0.035558972164513536 0.017224652797044104 72.29896503858362 7.0 -19.413942576747814 1.3556698368953963 980.72 1018.7 0 21 "Minimization exited successfully."
2005eq 112 0.029 656.3000245096247 0.004125593541596423 0.9183924015529179 0.08681711003365122 0.0 4.151740029101347e-06 3.699956263633749e-05 0.024465054299389166 0.00601912008702743 502.9518174261825 34.0 -19.07801368162268 0.8865941406241689 647.8 751.66 10 102 "Covariance may not be accurate."
2008gg 102 0.032 1752.0912503572551 0.004767541392793379 0.7207440847877482 -0.08232115435003273 0.0 4.520884601788566e-05 4.892929619950423e-05 0.01813991379490787 0.00694898459046045 966.0677542496212 36.0 -19.453382616650924 0.9270157569117004 1753.63 1827.57 0 102 "Minimization exited successfully."
2004ey 102 0.0158 304.8892555209411 0.012186937305077748 0.3295627698929673 0.14650356238903295 0.0 0.01666611833610432 7.945648822632167e-05 0.010813646194556714 0.004216338946636422 876.8018387626183 60.0 -18.913818405254244 0.9856736977580596 295.53 358.55 24 78 "Minimization exited successfully."
2010ae 52 0.0037 2277.5484708228764 0.0004508754160828382 -3.9770236556347616 0.999999999876255 0.0 0.18040091909665534 1.4106325751904458e-05 0.2891241647923424 0.01020424463394698 70.61279551875454 0.0 -12.211857658780474 1.9639100238541332 2258.59 2305.53 50 2 "Minimization exited successfully."
2007ux 88 0.0309 1463.2275441434572 0.0016123501941693597 -2.229207658680746 0.2799915643118043 0.0 0.07103749079442423 2.745790171934106e-05 0.0243350742700279 0.011424087559395057 1738.338678233431 25.0 -18.20086137029205 1.528127984861385 1466.82 1554.65 0 88 "Minimization exited successfully."
2005W 40 0.0089 412.846625359318 0.027573178663181076 -0.239757821642554 0.24137241463969228 0.0 0.03193983627920716 0.0002861453793811773 0.06313269020951262 0.006774416572525199 220.77588061252033 36.0 -18.544010620100153 1.084538325270545 404.54 429.51 15 25 "Minimization exited successfully."
2007on 204 0.0065 1420.6898780728907 0.06596635190831347 -1.8006120048040164 0.26543183302976825 0.0 0.017165372335853135 0.0008516639042332116 0.010136521508699481 0.008807141809221486 21790.367767482865 33.0 -18.804557274997116 1.4178329860761245 1410.73 1508.61 21 183 "Minimization exited successfully."
2005ku 17 0.0454 699.9526654271937 0.001684691218602863 -0.4620727061024503 -0.019278204553211387 0.0 0.2123084643703237 7.981846211081993e-05 0.16589380379555818 0.035412435689503696 26.91580589474839 10.0 -19.103939979718405 1.1437918882532543 699.56 739.53 2 15 "Minimization exited successfully."
2008fu 58 0.052 1732.0960213787794 0.001457784273745691 -1.3902098952440918 -0.07373266878109719 0.0 0.15582879859459808 4.737122737498846e-05 0.05294648801236357 0.021642913425261645 154.06935674649782 27.0 -19.251839370917224 1.3502675997297366 1737.84 1817.67 0 58 "Minimization exited successfully."
2007bd 66 0.0309 1207.9150148036892 0.0037916393000495072 -0.7678034880958649 -0.04380332698792788 0.0 4.105686457478441e-09 7.014822880082173e-05 0.027618303963426794 0.012965958064888095 1604.9528711723217 20.0 -19.125725111453043 1.2083695458873223 1197.53 1259.46 24 42 "Minimization exited successfully."
2006is 80 0.031 1014.2504801777745 0.006474329831866677 0.48602213971066277 -0.25095368173921573 0.0 3.1100684623197594e-06 7.416273059960817e-05 0.025143726990729753 0.008299892380048024 4568.834609987156 19.0 -19.71768028639071 0.9753639134394625 1009.86 1125.67 5 75 "Covariance may not be accurate."
2008bc 101 0.0151 1550.0296811956205 0.009385426482911985 0.5941296764072055 0.16558994926563697 0.0 0.03364003700141893 8.410857147768836e-05 0.01687860886708803 0.0057851537250430685 890.909695239533 25.0 -18.53117739541552 0.9385669413092135 1542.56 1646.46 27 74 "Minimization exited successfully."
2007mm 17 0.0664 1393.7478684513212 0.00019952842941323712 -3.776398972351251 0.37973469510628477 0.0 0.10168152913399808 1.043521655271912e-05 0.19792234820772103 0.037759611149944305 613.3602360296109 13.0 -17.65267719018188 2.0351416472917663 1385.72 1418.69 4 13 "Minimization exited successfully."
2008C 73 0.0166 1470.751156166036 0.007906039530817961 -1.744290628979217 0.08654692972474165 0.0 0.0001021241838543574 0.00021059372518627498 0.062068555752372134 0.017773741787005304 1037.5948596025507 21.0 -18.55067572105604 1.4219160833343807 1469.81 1552.5 4 69 "Minimization exited successfully."
2004dt 88 0.0197 238.78533208041833 0.007922055076931084 -0.7563365475421193 0.5134135735275358 0.0 5.9225520629979655e-06 6.568111611580506e-05 0.00864164180383531 0.00517339162661512 4947.312111899694 60.0 -18.943989383591045 1.1653477087472908 249.79 365.62 0 88 "Minimization exited successfully."
2006br 41 0.0246 851.483429769259 0.0004420294205973813 -0.9024994804752824 0.8269161987148241 0.0 0.1403356962840121 1.753787607125385e-05 0.07050682016019882 0.025628707619478552 107.15884668174097 16.0 -16.32345489336251 1.1689833625149362 855.66 891.66 0 41 "Minimization exited successfully."
2005ag 41 0.0797 414.81723274082674 0.0006183192593385983 0.6047294262303469 0.03570660994008357 0.0 0.00015375916407833756 4.2443016054370696e-05 0.06981526637429036 0.041560437235311 27.882124847987004 29.0 -19.29193103773333 0.9423723602154723 412.82 479.84 2 39 "Covariance may not be accurate."
2007sr 156 0.0055 1458.5964168514863 0.11622022585417838 -0.438349441545264 -0.07314957549245416 0.0 5.9990770978402e-05 0.0010202671775218289 0.010796630817038189 0.005535235020435625 23463.68405701152 32.0 -19.05205675966873 1.1423140009708224 1454.84 1955.57 17 139 "Minimization exited successfully."
2009ad 80 0.0284 1887.1181648048791 0.003483923097286654 0.2992588132229397 0.20929156510362268 0.0 0.026077056719714165 4.5111109406048696e-05 0.031219754145332512 0.008594425416853069 130.41504313970472 20.0 -18.849541796714785 0.9879520554680958 1878.6 1921.53 16 64 "Minimization exited successfully."
2006et 151 0.0226 995.4505388845629 0.006421630165198667 0.6479325046648308 0.20637856451362024 0.0 9.22426778515728e-06 6.568324951158324e-05 0.01795448326089666 0.006644195100842354 557.5287899518413 31.0 -19.00811475213126 0.9275446314849418 982.63 1099.54 27 124 "Minimization exited successfully."
2009P 46 0.0251 1868.3361381178627 0.0027619491344324067 1.2296312680691992 0.27898952768003227 0.0 0.13148457486488496 5.7577400512064114e-05 0.050446191107458294 0.014415876330285626 340.79711836262777 22.0 -18.326440666879932 0.8278946499923876 1867.74 1931.61 2 44 "Minimization exited successfully."
2004ef 111 0.031 264.9145417765678 0.003062745389441038 -1.5599022960048687 0.02130532644833627 0.0 0.009633750796183449 2.0613928309669207e-05 0.010377190362235611 0.004507264966019164 2702.887911681353 86.0 -18.900702020501353 1.3826689664968725 255.69 329.57 20 91 "Minimization exited successfully."
2006os 66 0.0328 1065.6439019320064 0.0008597655932869403 -0.5879849126513665 0.5473635586621275 0.0 0.1398925627167955 2.011910222315949e-05 0.048544513869306805 0.016666956087426632 208.4477029742011 21.0 -17.66340329710937 1.1301586683543228 1063.65 1133.56 6 60 "Minimization exited successfully."
2008bi 48 0.0134 1536.5200000001566 0.003191073791109428 -2.532032862046588 0.4795926765426519 0.0 0.0016431308140454348 0.00011333534316801115 0.02261663040029549 0.022188322841628416 1479.0152818007282 24.0 -17.106854259437853 1.5868067879734973 1551.52 1628.47 0 48 "Minimization exited successfully."
2009le 30 0.0178 2165.692772033493 0.014800692161222182 -0.6695175098619703 -0.0497704611008164 0.0 0.11031804021422431 0.00028680583581914675 0.15496046841477407 0.013335987406786765 18.073459645790834 14.0 -19.38519349599788 1.188143775717485 2153.53 2169.58 22 8 "Minimization exited successfully."
2005al 98 0.0124 430.640676869886 0.017242632803419793 -1.2390236131884178 -0.08510880080899097 0.0 0.04917949824678658 0.000155313652523352 0.01121584182865254 0.00559964643009192 1632.9709052354071 58.0 -18.756927906682535 1.3156894130112349 429.76 512.79 2 96 "Minimization exited successfully."
2005am 66 0.0079 440.06581691315284 0.0499999985806811 -2.0331426546433287 -0.004385590025561381 0.0 5.6646244388502964e-06 2.5199927510981268e-05 0.007676817161735405 0.0007214493626439 35631.580430739254 40.0 -18.925655770303166 1.5069178331568533 433.71 490.46 6 60 "Minimization exited successfully."
2005iq 84 0.034 687.7387907497738 0.0031554970560769948 -0.9724439040503174 -0.06185324375068402 0.0 0.04099809588063863 4.7684872955021515e-05 0.03279616873863578 0.010448083150488896 783.2544087872925 30.0 -19.138949707710715 1.2537660071167522 682.55 755.55 20 64 "Minimization exited successfully."
2008bd 35 0.0301 1526.7000001053168 0.0009867361099787282 -3.156970693523916 0.31128186439697303 0.0 0.0017818061857042267 4.320592399533336e-05 0.06562588415414661 0.02881697766678859 1623.6990153864942 18.0 -17.610116660602362 1.8100054008946245 1541.7 1607.65 0 35 "Minimization exited successfully."
2007S 127 0.0139 1145.3001796208607 0.007200889650813647 0.8242201933543765 0.46621821701054245 0.0 0.025032157559621737 9.343512633632487e-05 0.018947517673702396 0.00828391233518444 208.0620144403279 24.0 -18.072103675532325 0.8866420370338357 1132.77 1246.54 30 97 "Minimization exited successfully."
2005bo 18 0.0139 479.2165528230573 0.007302591275474741 -0.8595914162161993 0.36887467033460597 0.0 0.1307014392728263 0.00016718763420969915 0.06646218121062164 0.015500124664601822 26.746855632844927 14.0 -18.081809540968656 1.19722585412004 478.75 512.76 2 16 "Minimization exited successfully."
2006bt 49 0.0322 860.7708750851159 0.0013508799147244816 -0.35380280419436794 0.6179893779556294 0.0 0.04099816513502219 1.861186319762338e-05 0.03188476369145965 0.00920429126927469 2276.5997800689265 18.0 -18.117490411935094 1.0813743171262509 853.76 891.71 15 34 "Minimization exited successfully."
