analysis_pipeline/fit_results/csp_5_salt2_2.4_red.ecsv
# %ECSV 0.9
# ---
# datatype:
# - name: obj_id
#   datatype: string
# - name: num_points
#   datatype: int64
# - name: z
#   datatype: float64
# - name: t0
#   datatype: float64
# - name: x0
#   datatype: float64
# - name: x1
#   datatype: float64
# - name: c
#   datatype: float64
# - name: z_err
#   datatype: float64
# - name: t0_err
#   datatype: float64
# - name: x0_err
#   datatype: float64
# - name: x1_err
#   datatype: float64
# - name: c_err
#   datatype: float64
# - name: chi
#   datatype: float64
# - name: dof
#   datatype: float64
# - name: b_max
#   datatype: float64
# - name: delta_15
#   datatype: float64
# - name: tmin
#   datatype: float64
# - name: tmax
#   datatype: float64
# - name: pre_max
#   datatype: int64
# - name: post_max
#   datatype: int64
# - name: message
#   datatype: string
# schema: astropy-2.0
obj_id num_points z t0 x0 x1 c z_err t0_err x0_err x1_err c_err chi dof b_max delta_15 tmin tmax pre_max post_max message
[from data line 96]
2008bi 48 0.04438527681771333 1536.5200000020666 0.0036599614941810773 -2.789119462537694 0.35261675026326933 0.0013941136127941962 0.0019636457599290225 0.000122189697329339 0.025005084014540158 0.02217274719027429 2147.8470707304205 26.0 -19.901320955190563 1.6817427665614204 1551.52 1628.47 0 48 "Minimization exited successfully."
2009le 30 0.04024904348652328 2165.5430883354093 0.017259120602946543 -1.0264610358771793 -0.20492444971673218 0.007799567522946974 0.13164028831556607 0.0009523614059017242 0.23183378786704045 0.05466633851026076 13.676666341707593 13.0 -21.362131825371264 1.276225422353642 2153.53 2169.58 20 10 "Minimization exited successfully."
2005al 98 0.01239697827517591 433.1301975588287 0.01513259062604918 -1.507018929092085 -0.04833648834055293 0.04366284262291817 58.06272559550007 0.03239910945412928 6.660325931378318 1.4094638381894695 23643.429250660378 65.0 -18.614317962305613 1.3761666796183185 429.76 512.79 8 90 "Covariance may not be accurate."
2005am 66 0.04171044296843213 438.3744862828756 0.049999999999069504 -2.109757278060052 -0.03590770910446417 3.2091635217279535e-09 1.858244900176942e-07 9.624694923049404e-06 0.007652257393933493 0.0007450049014826043 15978.269500793771 39.0 -22.594354647357868 1.5315083826483065 433.71 490.46 4 62 "Minimization exited successfully."
2005iq 84 0.009237836994965854 688.1312056827983 0.0029511535362431287 -0.8520770559879018 0.037225255314173866 0.001302475898024339 0.04103358856605155 4.9849102032069456e-05 0.03252453203541439 0.012041752570126185 3396.8688101300104 34.0 -16.195811371158953 1.220539158277429 682.55 755.55 20 64 "Minimization exited successfully."
2008bd 35 0.08399999993175883 1526.7000000045414 0.002325944536471336 -3.2293783989827123 -0.3057704910518029 0.00011437417002695821 0.0033225086203856335 7.621243558844485e-05 0.06798697415157706 0.023026446276068258 1348.8254018467737 20.0 -20.853407280161612 1.9450924980813902 1541.7 1607.65 0 35 "Minimization exited successfully."
2007S 127 0.030414639341586756 1145.2304312385145 0.007400639749713592 0.8289932444720893 0.419580750702351 0.0014328465983384098 0.026083326598723033 9.77458745950897e-05 0.01959193696275552 0.009818939776996882 59990.04515086383 32.0 -19.827193769053817 0.8878892133663889 1132.77 1246.54 30 97 "Minimization exited successfully."
2005bo 18 0.0035000010651347183 479.4977096516746 0.006932862614080171 -0.84779327698587 0.41737072717310575 0.0015569823613054059 0.12401822133369933 0.00016058334136196794 0.06732286055862735 0.015347683625074438 20.09483315935084 13.0 -15.015203099639315 1.1910491670924586 478.75 512.76 2 16 "Minimization exited successfully."
2006bt 49 0.08399999870572075 860.4979924360196 0.0021062708303545676 0.17447982511023952 0.246064828064954 3.94254028055277e-05 0.04900695097381913 2.154667532850438e-05 0.03743075686274633 0.007418750925812456 1125.769411172089 17.0 -20.746197958488498 1.0082518821460944 853.76 891.71 15 34 "Minimization exited successfully."
2008fl 97 0.04853365792725049 1720.2730176430264 0.004896291621338075 -0.9629058301259636 0.23971028787523996 0.0012116517360595894 0.07841729105848572 7.60210445361312e-05 0.015836902520317775 0.01080803328624047 37409.45697379022 41.0 -20.415104743975544 1.228761657451944 1724.49 1789.53 0 97 "Minimization exited successfully."
2007st 74 0.08399999321852479 1450.6008639512431 0.012698845520405372 -0.9595551218325751 -0.23164141834416863 0.000320667728063391 0.15902490999610563 0.0002375095032387765 0.03425696133911549 0.011347264798131751 2831.262616437048 21.0 -22.695436238066126 1.2630866112301256 1458.66 1513.52 0 74 "Minimization exited successfully."
2005hc 84 0.05056555593620788 668.2546030521364 0.0021696970044447956 0.8323655792849047 -0.0990126113351587 0.002172029109868339 0.06649127630879548 3.651560515433028e-05 0.04656664752713624 0.014606436211606177 18899.195483470856 40.0 -19.622229729374027 0.9083277830106731 661.67 755.61 19 65 "Minimization exited successfully."
2009ab 62 0.003500000137730411 1883.733049156757 0.007303018676149603 -0.8532014226123561 0.533474688217761 0.00013114669467500064 0.017892237406726963 7.221914844214323e-05 0.022000637667701106 0.006298139135319625 345.05578014463214 15.0 -15.077577965721037 1.1829586169288362 1874.57 1911.51 14 48 "Minimization exited successfully."
2007as 88 0.011228006848788233 1181.9017459452089 0.009258061863725256 -0.8069765235768491 -0.0074992554984030235 0.0007110718803519092 0.04938220924395864 0.00010184948547953699 0.017362469193355157 0.0072322478386166456 46528.40793087041 33.0 -17.86406169044471 1.214147560818077 1175.59 1259.49 13 75 "Minimization exited successfully."
2006hx 39 0.060217729607839394 1023.0823635152756 0.001092934359474876 -0.15822771036256267 0.35008590590350397 0.0036596655102109424 0.10676718626808679 6.15799392321148e-05 0.08913864630057677 0.04348628135877519 403.5643031354683 13.0 -19.277672642781887 1.0627301092184283 1013.66 1080.59 8 31 "Minimization exited successfully."
2008ff 144 0.020970153169670526 1714.5216735651181 0.00626096602506189 -0.4872278343181238 0.33079941423946413 0.04897550765128559 40.5508957436075 0.02765526144803981 6.981723236051529 1.473082800937513 78188.84026114599 42.0 -18.818181742633897 1.1260540155363188 1724.53 1790.57 0 144 "Covariance may not be accurate."
2009ds 56 0.008260894424805902 1962.2917974182017 0.012025729843703382 0.4215555587705735 0.0008252560942731968 0.00950243515412493 0.14818416999435158 0.0004063493634456298 0.22469698257831094 0.023125744895504508 35.68289190585996 13.0 -17.477453860133146 0.9761419506863884 1954.64 1976.62 17 39 "Minimization exited successfully."
2008O 53 0.055835928564053144 1492.0489880679454 0.0008836632762293629 -2.3028912080104518 0.21552694803159111 0.0037970848192555827 0.10360957483635502 3.223715884149991e-05 0.09340878064651736 0.028320894127452645 753.028725256073 18.0 -18.870895488235465 1.5564317848871134 1489.71 1546.54 7 46 "Minimization exited successfully."
2006ot 75 0.08399999883729445 1066.717434802415 0.0007649104363391308 0.8150302558070095 0.3722146505114501 0.00041139718863991703 0.2293137684047224 1.54029548924156e-05 0.07508619059976684 0.01501446069359691 5309.7009215304315 28.0 -19.65113833224982 0.8922407146818223 1063.72 1131.63 5 70 "Minimization exited successfully."
2006py 14 0.06272721082667432 1071.077876901341 0.0009653582419996255 0.49816532418371473 0.11069724304985207 0.00669517225953838 0.3325778609863619 6.12675945107444e-05 0.3299839470104735 0.05558227953445605 19.07352083502504 9.0 -19.230017137020493 0.9576700843006556 1069.54 1091.54 2 12 "Minimization exited successfully."
2005be 23 0.0445615241231249 460.2046870339418 0.00348415923021182 -2.1280536066849622 -0.18359713973819303 0.00264159592403386 0.059086320730159514 4.967288118202379e-05 0.04112913797875728 0.010882466744640773 189.85329829749367 18.0 -19.851832136443253 1.5532453226031464 467.89 491.77 0 23 "Minimization exited successfully."
2006fw 6 0.04547062686915635 1008.7536906211186 0.003822337191849568 -1.0375745180576947 -0.9999302219153859 0.01015614595461345 0.14583020357036958 0.00023263239623688573 0.20864978823329583 0.2609040370440601 19.75897915276463 1.0 -20.04565313198464 1.3295698392123256 1001.75 1039.73 2 4 "Minimization exited successfully."
2007ax 57 0.08399999994212395 1190.0207014475693 0.009932751947369074 -3.063533023469161 -0.0934760253118746 9.207860646044674e-06 0.04157061978139609 0.00012187601981740719 0.0232637528225883 0.008951213579997674 19159.75895070547 19.0 -22.42560190746516 1.8450533344863018 1184.55 1248.47 6 51 "Minimization exited successfully."
2007jg 56 0.0035000458015634513 1367.7085020376664 0.0014845818994282224 -0.4010828533751658 0.17480052196256124 0.0009194624746501207 0.08110298766382584 3.429984586481309e-05 0.05190662421267911 0.014641778648679993 1521.1729229234593 27.0 -13.33451635022849 1.1195802435954967 1363.82 1425.78 13 43 "Minimization exited successfully."
2007af 205 0.0054968590547334155 1176.535187100152 0.04999999951445824 -0.4289558904100721 0.4108381434466635 3.176707963760232e-07 8.357347269338788e-06 4.5949246823967504e-06 0.00916573053818226 0.0004430327836804082 233527.56665953924 50.0 -18.143902516209362 1.1094721245497556 1162.76 1257.72 67 138 "Minimization exited successfully."
2008cc 86 0.010399172185628474 1580.2601907709495 0.020649386265290975 -1.5931677095199919 0.17186898620691693 6.559196268594858e-09 1.3115870842739241e-06 0.00014817732327679356 0.0113725841924055 0.004851313032185889 131474.60986059922 37.0 -18.568402824218808 1.3763880517620422 1582.86 1654.86 0 86 "Covariance may not be accurate."
2006ef 20 0.049692226893757296 968.1731870530425 0.012495132227186238 -0.8903668444355155 -0.18118866263810374 0.001908942853193353 0.17625321548007378 0.00022523842638767777 0.047267710872844315 0.0139981535268765 27992.452647876267 15.0 -21.48380763886361 1.24424412077801 979.9 1040.71 0 20 "Minimization exited successfully."
2007nq 99 0.06370060446198499 1397.6552558910919 0.00198448893544351 -1.6547220387009687 -0.09063605765955352 0.0015401039648884653 0.10648444624087006 4.2927548586632613e-05 0.03784780084227335 0.017165510809829365 5424.586200419088 45.0 -20.045786892880663 1.416661069658499 1397.65 1476.56 2 97 "Minimization exited successfully."
2008bq 50 0.04985603427682846 1563.7430344372829 0.0030012317504812787 0.5892029791084692 0.03340619927757871 0.001765758570800767 0.09587438386449776 4.063136810578409e-05 0.046966086708865706 0.01134486635485843 127.59902755794492 27.0 -19.942075258286746 0.945175872793051 1562.49 1606.46 2 48 "Minimization exited successfully."
2008hv 132 0.006084523676823709 1817.4065910152262 0.021114714765860715 -1.4063486698018322 -0.06255151036500628 1.1106140532192096e-07 1.2616814501598128e-05 0.00023679476913329722 0.01684475679741415 0.007174279841118625 43506.07362060454 43.0 -17.420051059704335 1.3531571062897338 1804.8 1912.7 31 101 "Covariance may not be accurate."
2009I 37 0.04686454753577682 1851.3017200132451 0.000566860410989109 2.0076638764934227 0.9999993688514612 0.002055324760128527 0.1465447286560675 2.8928765805957607e-06 0.14371920082874468 0.007226955035343097 49.547349681984336 5.0 -18.04955207363619 0.6803723463256759 1846.58 1867.58 14 23 "Minimization exited successfully."
2004gc 54 0.04489763225992384 329.4573176395534 0.001754810455201328 -1.0131120979361579 0.2182970725138096 0.001527437818876612 0.00010194458391765693 3.050099338842017e-05 0.028506933904716814 0.013073408633756722 9529.653177293972 49.0 -19.125570596389903 1.241116080506167 329.83 397.66 0 54 "Minimization exited successfully."
2005lu 39 0.03199080397959386 719.9404941250679 0.0016081959133564417 0.07959407732132817 0.21107105179145935 1.2614643642161472e-08 2.1496803128684405e-06 3.607151001353828e-05 0.03796945068405222 0.01613088889002101 6725.2815761718375 29.0 -18.274496329419694 1.0272059588268938 719.66 799.52 1 38 "Covariance may not be accurate."
2007al 72 0.012188340141766249 1162.9507699828955 0.002067645282140948 -2.9370553576073415 0.7382810346432533 8.964126360557628e-08 3.17694094746912e-05 4.582701379027276e-06 0.01069918624556343 0.001376564081186693 11409.721527607753 25.0 -16.444505253347856 1.6658133548896075 1170.77 1246.58 0 72 "Covariance may not be accurate."
2005gj 112 0.043750000000000004 850.23 0.025 0.0 0.0 0.0 0.0 0.0 0.0 0.0 323619.1567153399 41.0 -21.94974123239405 1.0531324270815272 698.7 1016.76 106 6 "Hesse Failed. Covariance may not be accurate. Covariance not positive definite."
2008bz 26 0.014029849513379546 1580.3427582502477 0.0010278647228153664 -0.7979305825849883 0.027097148379231717 0.003004998795253934 0.12164828610900713 3.516764769977555e-05 0.06814232503941886 0.026942720865013925 1521.626769288734 21.0 -15.966104563226335 1.209800019410192 1580.72 1651.52 0 26 "Minimization exited successfully."
2007bc 64 0.04867066054151933 1200.4382947571842 0.008274914271621862 -0.9337195739554192 -0.07633904766481592 0.001747289184033534 0.06152494976061007 0.00012636301197858912 0.026418510531037942 0.012978917528091605 8255.503111616923 25.0 -20.988300127742143 1.2463345716499354 1196.65 1259.53 11 53 "Minimization exited successfully."
2008fr 82 0.039705706387140924 1741.574765732824 0.0023433581129843257 -0.39972611874122066 -0.07004844478787042 8.222564338786209e-08 0.00028127092662089126 3.6148214194842154e-05 0.02933489001043066 0.010754338247171535 16217.803314694302 32.0 -19.1623340780591 1.1343825753146426 1738.78 1807.57 5 77 "Minimization exited successfully."
