analysis_pipeline/fit_results/csp_4_salt2_2.4_red.ecsv
# %ECSV 0.9
# ---
# datatype:
# - name: obj_id
#   datatype: string
# - name: num_points
#   datatype: int64
# - name: z
#   datatype: float64
# - name: t0
#   datatype: float64
# - name: x0
#   datatype: float64
# - name: x1
#   datatype: float64
# - name: c
#   datatype: float64
# - name: z_err
#   datatype: float64
# - name: t0_err
#   datatype: float64
# - name: x0_err
#   datatype: float64
# - name: x1_err
#   datatype: float64
# - name: c_err
#   datatype: float64
# - name: chi
#   datatype: float64
# - name: dof
#   datatype: float64
# - name: b_max
#   datatype: float64
# - name: delta_15
#   datatype: float64
# - name: tmin
#   datatype: float64
# - name: tmax
#   datatype: float64
# - name: pre_max
#   datatype: int64
# - name: post_max
#   datatype: int64
# - name: message
#   datatype: string
# schema: astropy-2.0
obj_id num_points z t0 x0 x1 c z_err t0_err x0_err x1_err c_err chi dof b_max delta_15 tmin tmax pre_max post_max message
[from data line 53]
2007jd 17 0.0726 1364.2948445415202 8.484442144803262e-05 -1.9177914675528895 0.9995683320758773 0.0 0.5300784293576726 5.0233117401196625e-06 0.2586164957224293 1.3079124446730273 25.877232393109846 10.0 -16.97411365648322 1.3652524327669937 1362.83 1409.83 2 15 "Minimization exited successfully."
2007hx 14 0.0794 1354.1335947759767 0.0022913274896508213 0.7302342517516713 -0.9999618452528012 0.0 0.6025391316007926 6.858459533706654e-05 0.3254063777797307 1.4223414377014336 94.49747977936354 7.0 -20.75535314985324 0.9557304110585321 1354.78 1411.73 0 14 "Minimization exited successfully."
2008ha 56 0.0046 1766.5500000149782 0.0009776112724888403 -1.0751987292071026 0.8041141650096377 0.0 0.06611297769347857 2.2617868667905406e-05 0.020554238767688915 0.014291526429683232 1400.0516812494236 32.0 -13.508868273949556 1.205133966238428 1781.55 1810.55 0 56 "Minimization exited successfully."
2005hj 52 0.0574 676.7621149334113 0.001516853106076957 1.0139084298216332 -0.10664049837129919 0.0 0.00011115091956526157 3.904965966174123e-05 0.0692866392344853 0.018000814331285475 2543.7530320628216 28.0 -19.519903595585358 0.8775238442469586 671.67 761.57 17 35 "Minimization exited successfully."
2005hk 156 0.013 689.6717080742766 0.0028344267159859495 0.033721339842691656 0.9360118293341786 0.0 0.021079089065096923 2.483760884952049e-05 0.012757575987025316 0.0056375669854003 100969.47564502107 44.0 -16.947880104799392 0.9926067531808549 675.61 761.54 50 106 "Minimization exited successfully."
2005ir 13 0.0763 686.7153898956525 0.00013178438471492804 0.3653316310409904 0.9999999830301589 0.0 8.702812317551434e-05 1.1452891336291517e-06 0.12029419467769964 0.10745701052332679 39.41695684238474 9.0 -17.5675269100595 0.9343613739041743 682.62 740.53 3 10 "Minimization exited successfully."
2005bl 23 0.0241 485.21570055502775 0.0006199728334135513 -4.9999998509711725 0.5595700560840693 0.0 0.028025470145649933 2.4718162932439692e-05 0.009864366352442033 0.025401540078003326 1005.9210237270902 19.0 -16.623888319958713 2.653206180404027 476.61 512.57 15 8 "Minimization exited successfully."
2005M 172 0.022 408.4700345797439 0.005987638258238759 0.7742672785092264 0.13376781175750874 0.0 3.650690814538393e-06 4.882590416125385e-05 0.015354436953630035 0.005334460411411612 97422.50017218536 107.0 -18.871496196672897 0.9091182974168497 397.73 480.51 33 139 "Minimization exited successfully."
2008bf 83 0.0235 1555.3964233188763 0.008264306100491187 0.5315470764294794 -0.06630221599575181 0.0 2.5537047463330964e-05 0.00010021863588981824 0.021620954129866643 0.00830391392586538 20741.065495264946 50.0 -19.36606014773917 0.9595525239248914 1546.79 1646.49 27 56 "Minimization exited successfully."
2006eq 62 0.0495 977.035932490398 0.0006414894555579282 -2.515245767396599 0.23530485428947845 0.0 3.2577126887645136e-05 1.971764398585042e-05 0.04785222872522499 0.021220935888403125 641.9951452094772 25.0 -18.252000779405474 1.6152454645605658 980.56 1029.51 0 62 "Covariance may not be accurate."
2009aa 150 0.0273 1878.7704155079232 0.003998773621150256 -0.567642623517802 0.1291237231142237 0.0 0.016591015106996565 4.054976761816301e-05 0.018117613127048404 0.0067236295067872875 8065.1240138492085 40.0 -18.909596621893765 1.1554516508070343 1868.77 1956.66 38 112 "Minimization exited successfully."
2008hj 65 0.0379 1802.1187514925457 0.0032802944069058927 0.4224071090542356 -0.056267800631084164 0.0 0.03811531835913229 4.400597727523964e-05 0.039532538315052435 0.009404229152979338 335.7744632659925 28.0 -19.42401599838523 0.9785404443808616 1794.58 1834.55 21 44 "Minimization exited successfully."
2006ax 146 0.0167 828.1166444275385 0.012361716677535934 0.3773355791839892 0.06624497998814505 0.0 0.015155969223087595 0.00011651400039404923 0.013586435449528533 0.005975682381213043 41499.26706956449 41.0 -19.050175060092563 0.9810094480808296 815.64 891.5 31 115 "Minimization exited successfully."
2009D 93 0.025 1841.9800344215005 0.007035051988728225 0.6750441965836975 0.07015839231634757 0.0 0.029427099556187386 5.57301342021658e-05 0.015842154935764352 0.005208024383278387 338.34280939878903 38.0 -19.328257574923153 0.928737214612287 1834.67 1890.52 30 63 "Minimization exited successfully."
2008gl 87 0.034 1768.8901005276334 0.0034632790315165586 -1.4031161107245484 -0.0695598596647331 0.0 2.898065190493071e-06 3.975592622443573e-05 0.018691411728036567 0.007834858061287808 9926.449617266 40.0 -19.23983547540769 1.352988924257243 1765.7 1844.55 12 75 "Minimization exited successfully."
2008cd 9 0.0074 1572.7400000158095 0.0014324385357084692 -3.3976375067434472 0.9999999987908672 0.0 0.012724484609407227 1.2615788036031395e-05 0.14914832007804946 0.004689348812071836 898.4432167579056 5.0 -14.978571845381516 1.7610194475552206 1587.74 1595.73 0 9 "Minimization exited successfully."
2007A 49 0.0177 1113.3218789769753 0.005192259088801394 1.319952134776834 0.45619456134367287 0.0 0.05602192571120668 0.00010997847133590146 0.08471341448337144 0.014861084153055426 135.27087431766887 14.0 -18.248183366467316 0.8068867593875311 1107.53 1133.53 18 31 "Minimization exited successfully."
2008ar 70 0.0261 1535.394775083359 0.0049460526665747245 -0.017065605464581246 0.044001667000979516 0.0 0.03687858443413461 7.265142248587438e-05 0.02286651610578838 0.009451810067215183 10817.065949307733 32.0 -19.040361438831397 1.0539941762031049 1527.79 1627.59 7 63 "Minimization exited successfully."
2006X 188 0.0052 788.4435107741458 0.01588494687657841 0.1979978966304099 0.9999639444200712 0.0 1.937239289873105e-06 1.721520191324058e-05 0.009386704595419904 0.0001752434465277508 480160.38311950944 63.0 -16.8232422615935 0.9614814831428387 775.68 891.59 44 144 "Covariance may not be accurate."
2006ej 21 0.0205 975.5607158567288 0.011394455291579725 -1.3664934969492104 -0.2061269459998203 0.0 0.2007264399518931 0.00031214485397156044 0.035558909711029596 0.017224457805611604 71.06239540289096 7.0 -19.413943255600877 1.355671058452085 980.72 1018.7 0 21 "Minimization exited successfully."
2005eq 112 0.029 656.3013002494779 0.0041220113110499645 0.9189732811404125 0.08729458925931599 0.0 1.8662776710698381e-06 4.965716597775524e-05 0.0259969977999015 0.008158900992974338 31308.37228985144 50.0 -19.077075668540495 0.8864778338089323 647.8 751.66 10 102 "Minimization exited successfully."
2008gg 102 0.032 1752.0900743736158 0.004767440734182577 0.7208929754950058 -0.08227598208021991 0.0 1.3587995226771454e-06 4.569734535847265e-05 0.018049272408554806 0.006464603960887549 47911.684792109314 48.0 -19.45335945914615 0.9269880829965018 1753.63 1827.57 0 102 "Covariance may not be accurate."
2004ey 102 0.0158 304.8892474803455 0.01218694918661479 0.3295620802732735 0.1465029766554975 0.0 0.016666139352480513 7.94564669860014e-05 0.010813650653104023 0.004216334152071344 857.9046327655171 60.0 -18.913819453978533 0.9856738484925014 295.53 358.55 24 78 "Minimization exited successfully."
2010ae 52 0.0037 2277.5495113280185 0.0004509240975300699 -3.978017108682239 0.9999999872821048 0.0 0.18021472781560988 1.4101696253973617e-05 0.28895178008187017 0.010205600321594566 72.57209159465103 0.0 -12.211974448662872 1.9642917807589697 2258.59 2305.53 50 2 "Minimization exited successfully."
2007ux 88 0.0309 1463.2275441211755 0.001612351586460603 -2.2292062236274446 0.2799909586805749 0.0 0.07103877093004485 2.7457911401063172e-05 0.024335173338796423 0.011424092853051127 3526.9148189397347 29.0 -18.200862290287454 1.5281276648751998 1466.82 1554.65 0 88 "Minimization exited successfully."
2005W 40 0.0089 412.8465928894383 0.027575466890356032 -0.23988299398499358 0.2413182343548428 0.0 0.031940207559983946 0.0002861743955820152 0.06313534158722467 0.0067745889261834336 212.28135820634895 36.0 -18.544099240636065 1.0845652384297466 404.54 429.51 15 25 "Minimization exited successfully."
2007on 204 0.0065 1420.7433945901812 0.04999999072693705 -1.813927281898576 0.4512514816822957 0.0 0.017049588111945013 1.3457245557017133e-05 0.010076963529412675 0.0012595087672777616 134591.01371503182 45.0 -18.510767227700622 1.401795326551765 1410.73 1508.61 21 183 "Minimization exited successfully."
2005ku 17 0.0454 699.9527572960393 0.0016846836176388131 -0.46214482574381766 -0.019276928013478245 0.0 0.21230753006437908 7.981786343774918e-05 0.1658932467076739 0.03541229972428722 26.449132500663804 10.0 -19.103935037617216 1.1438062853521451 699.56 739.53 2 15 "Minimization exited successfully."
2008fu 58 0.052 1732.0960986196897 0.0014577911018397922 -1.3902262311599296 -0.07373494192455754 0.0 0.1558312774723163 4.737322611881732e-05 0.05294618079011437 0.021643598064891356 1717.9697399266963 32.0 -19.251844464236378 1.3502716876775303 1737.84 1817.67 0 58 "Minimization exited successfully."
2007bd 66 0.0309 1207.9153055411784 0.0037919291897027807 -0.7677570560682518 -0.043858050303493656 0.0 5.891233740840107e-07 6.551610488275965e-05 0.02744119588288063 0.01207032814668535 1602.1953515311357 20.0 -19.125808354732555 1.2083634752939254 1197.53 1259.46 24 42 "Minimization exited successfully."
2006is 80 0.031 1014.2512290735606 0.0064777156854032075 0.48074658390329983 -0.2501440306949816 0.0 9.826294785852951e-06 7.290889831149507e-05 0.019588067268160536 0.007811982362118608 75620.18248344977 47.0 -19.718223137850295 0.9762847241328068 1009.86 1125.67 5 75 "Minimization exited successfully."
2008bc 101 0.0151 1550.0296794284327 0.009385424665659864 0.594130675508139 0.16559005561160678 0.0 0.033640228486774504 8.410862488566866e-05 0.016878684069933758 0.005785158920332489 28132.059225773057 34.0 -18.531177187911158 0.9385667645524158 1542.56 1646.46 27 74 "Minimization exited successfully."
2007mm 17 0.0664 1393.747812427142 0.000199532863034671 -3.776367357623785 0.3797184673422851 0.0 0.10168256489930627 1.043495976595504e-05 0.19791196580746773 0.03775790390090061 613.3020136774824 13.0 -17.65270067106546 2.0351319899084643 1385.72 1418.69 4 13 "Minimization exited successfully."
2008C 73 0.0166 1470.7504752117388 0.007906014665348958 -1.7440573246806022 0.08656468374144022 0.0 1.3926238466410723e-05 0.00020952637575068732 0.061919528271991764 0.017682259004451972 11946.427461716368 34.0 -18.55067257438383 1.421855761700538 1469.81 1552.5 4 69 "Minimization exited successfully."
2004dt 88 0.0197 244.76652079666806 0.005210918005220761 -0.7479077165535548 0.6393345197920857 0.0 67.28177776284352 0.026879133717908982 6.908110176000394 1.4704707957831555 144306.12710764166 84.0 -18.496967214405846 1.1539121711766498 249.79 365.62 0 88 "Covariance may not be accurate."
2006br 41 0.0246 851.4834403266257 0.00044203078555098423 -0.902514989227031 0.8269156337298444 0.0 0.14033629995634556 1.754233993634115e-05 0.07050941586157444 0.025635220036093975 106.27035347292413 16.0 -16.323458185940257 1.1689864383654651 855.66 891.66 0 41 "Minimization exited successfully."
2005ag 41 0.0797 414.81680779532246 0.0006180552155296088 0.6053300385495621 0.035967435038338325 0.0 0.00015292415773160428 4.2432906375856926e-05 0.06981602281024024 0.04156829688927921 1118.0099197974182 32.0 -19.291468893028362 0.9422567049384618 412.82 479.84 2 39 "Covariance may not be accurate."
2007sr 156 0.0055 1458.595260192448 0.04999999999641574 -0.13712900739272627 0.4432861426746719 0.0 1.8332116269448306e-08 2.076879841637208e-06 0.010095059040239995 0.0006378171615577521 463952.5281422389 54.0 -18.146812188260036 1.0531803114920582 1454.84 1955.57 17 139 "Minimization exited successfully."
2009ad 80 0.0284 1887.1181651773907 0.0034839218876663498 0.29925808678340626 0.2092918414090208 0.0 0.02607706311164293 4.5111118807196525e-05 0.03121975860015791 0.008594429811686677 124.68015429338624 20.0 -18.84954142543349 0.9879521701621954 1878.6 1921.53 16 64 "Minimization exited successfully."
2006et 151 0.0226 995.4509656683407 0.006432654250487677 0.6474384927835022 0.2052674291314418 0.0 4.259086040292459e-06 6.567609525583162e-05 0.017915866071008146 0.006646655046630201 44651.45312604509 42.0 -19.00995201375863 0.9276777316196387 982.63 1099.54 27 124 "Minimization exited successfully."
2009P 46 0.0251 1868.3356478000894 0.00276199956421615 1.2297710732747005 0.27898924556694293 0.0 0.1314861430887504 5.75851854668311e-05 0.05044519841277628 0.014417402234186638 3570.981270265278 25.0 -18.326460637650094 0.8278718923801165 1867.74 1931.61 2 44 "Minimization exited successfully."
2004ef 111 0.031 264.9144902363893 0.003062876510990487 -1.559859455661158 0.0212736710924899 0.0 0.009633834981400469 2.0614533968892068e-05 0.010377250250846792 0.004507219504112592 19615.247286801095 90.0 -18.900748427151544 1.3826614787960807 255.69 329.57 20 91 "Minimization exited successfully."
2006os 66 0.0328 1065.6439923206685 0.0008599128108313759 -0.588250173011212 0.5472490878359733 0.0 0.13989885420835435 2.0126863087793756e-05 0.048547624700720604 0.016670627281895722 3989.5880306262134 27.0 -17.66358232062711 1.1302177126207766 1063.65 1133.56 6 60 "Minimization exited successfully."
2008bi 48 0.0134 1536.5200000085724 0.0031917511351108765 -2.532184342257608 0.4794712205497458 0.0 0.0016430684307806587 0.00011337501065255694 0.022616048048379023 0.022191555404323826 2403.544593421144 27.0 -17.10707844465319 1.5868667054475054 1551.52 1628.47 0 48 "Minimization exited successfully."
2009le 30 0.0178 2165.693053520576 0.014800736363773583 -0.6689093859174218 -0.049767970216720636 0.0 0.11026005494477431 0.0002867828175372768 0.15485722750482367 0.013333445690954515 15.765361860073302 14.0 -19.385197062306137 1.1880169911023444 2153.53 2169.58 22 8 "Minimization exited successfully."
2005al 98 0.0124 433.13066966061376 0.016414637220216646 -1.5226685209206097 -0.0990339616802669 0.0 7.660995322567032e-07 0.00013757056836625862 0.010187563482644935 0.005494381556322092 23547.262084909857 66.0 -18.70348428350698 1.3845362295433699 429.76 512.79 8 90 "Minimization exited successfully."
2005am 66 0.0079 440.0663746552272 0.04999999998597513 -2.03313767835677 -0.0044042736804686955 0.0 4.313563465530024e-06 2.5154258586668893e-05 0.007676961479658795 0.0007216046280451582 35598.49160333341 40.0 -18.925655795705097 1.5069185521361543 433.71 490.46 6 60 "Minimization exited successfully."
2005iq 84 0.034 687.7387901445597 0.0031554670539670677 -0.9724421440927049 -0.06184808520538665 0.0 0.04099826629345671 4.768294635077298e-05 0.032796044785525114 0.010447764467932552 3447.530917962624 35.0 -19.13893935619376 1.253765241120334 682.55 755.55 20 64 "Minimization exited successfully."
2008bd 35 0.0301 1526.700000001417 0.0009865320575584424 -3.1565894748701573 0.3114115142792613 0.0 0.0017820168301341255 4.3184927512304684e-05 0.0656163291274976 0.028808799623605386 2027.5926777799923 21.0 -17.60989652947865 1.8098489466219796 1541.7 1607.65 0 35 "Minimization exited successfully."
2007S 127 0.0139 1145.3001743394702 0.00720094636211493 0.8242359279808165 0.4662113101991703 0.0 0.025032300650764228 9.342701795375663e-05 0.018947337640064177 0.008283134693833238 60114.27476354627 33.0 -18.072111894728835 0.8866397584919632 1132.77 1246.54 30 97 "Minimization exited successfully."
2005bo 18 0.0139 479.21625775196276 0.0073024087346923675 -0.8594861299633099 0.36889790171675507 0.0 0.13071147805379724 0.00016719534342327352 0.06646197353406347 0.015501212590404712 24.90180719378639 14.0 -18.08178337024955 1.1972025708631477 478.75 512.76 2 16 "Minimization exited successfully."
2006bt 49 0.0322 860.7708619527164 0.0013508710936716547 -0.35383390565903383 0.6179937301717362 0.0 0.04099818589344295 1.86114776027813e-05 0.0318847190491911 0.009204157393398082 2273.346963260744 18.0 -18.117483591341205 1.0813797141380448 853.76 891.71 15 34 "Minimization exited successfully."
