analysis_pipeline/fit_results/csp_5_sn91bg_salt2_phase_red.ecsv
# %ECSV 0.9
# ---
# datatype:
# - {name: obj_id, datatype: string}
# - {name: num_points, datatype: int64}
# - {name: z, datatype: float64}
# - {name: t0, datatype: float64}
# - {name: x0, datatype: float64}
# - {name: x1, datatype: float64}
# - {name: c, datatype: float64}
# - {name: z_err, datatype: float64}
# - {name: t0_err, datatype: float64}
# - {name: x0_err, datatype: float64}
# - {name: x1_err, datatype: float64}
# - {name: c_err, datatype: float64}
# - {name: chi, datatype: float64}
# - {name: dof, datatype: float64}
# - {name: b_max, datatype: float64}
# - {name: delta_15, datatype: float64}
# - {name: tmin, datatype: float64}
# - {name: tmax, datatype: float64}
# - {name: pre_max, datatype: int64}
# - {name: post_max, datatype: int64}
# - {name: message, datatype: string}
# schema: astropy-2.0
obj_id num_points z t0 x0 x1 c z_err t0_err x0_err x1_err c_err chi dof b_max delta_15 tmin tmax pre_max post_max message
2004dt 88 0.00201934505935236 235.1756102170842 1.1057821325266559e-13 0.6500904204255218 0.5000690958811066 1.1002206977553993e-05 0.006780496119191071 8.326672684688674e-17 3.02657583226007e-05 0.0004365779613988985 104751.05106435038 55.0 -14.412711691930253 2.2604440449786036 249.79 365.62 0 88 "Minimization exited successfully."
2004ef 111 0.0020000425697642293 266.5594351565794 9.575673587391975e-15 1.2492134051530104 0.5088613655807809 3.323810857406781e-09 0.0001435265544671438 0.0 0.0001308781714919327 1.732811956201008e-05 220468.84591643422 89.0 -11.72164030505304 1.4568913756729707 255.69 329.57 22 89 "Covariance may not be accurate."
2004eo 122 0.0020001449057341554 275.9384418454636 2.8227420401094605e-14 1.2362420330371056 0.4911417772697058 0.05100329791971131 29.226759525888667 0.9225810221023818 0.4035780098049572 0.7083795574671153 361404.0412616635 80.0 -12.93122688334945 1.4652795945028174 266.52 341.54 39 83 "Covariance may not be accurate."
2004ey 102 0.00200352870917073 279.37931827452167 1.4871437414853972e-13 0.6803758525612569 0.29105985494717596 2.7806067791173728e-09 0.00017572889592543106 0.0 6.744638508249245e-07 0.0021200973318419303 309796.21986900794 41.0 -15.139829146999059 2.1873308735356893 295.53 358.55 0 102 "Covariance may not be accurate."
2004gc 54 0.0020036590546008565 331.93464444492884 6.494804694057166e-15 1.2430977092177038 0.5011915578989461 0.05092111909833613 27.687757568205257 0.9244845025926925 0.394287929516508 0.7115358539486847 17782.74856970931 41.0 -11.316230369164373 1.4608262327450916 329.83 397.66 6 48 "Covariance may not be accurate."
2004gs 135 0.003040355560935826 337.8522649688873 3.122502256758253e-14 0.6537111113288393 0.48784881514944267 5.01879540725815e-08 1.6338147190708696e-06 0.0 2.5557857968872e-07 nan 48644.03999998189 43.0 -13.95982790654433 2.2514012081639763 352.85 461.56 0 135 "Covariance may not be accurate."
2004gu 68 0.0020049520161303214 342.862081713117 1.9567680809018384e-14 0.6508320610345903 2.33772889934869e-10 3.718413588539929e-09 1.6714284356567077e-06 0.0 1.294546264629659e-07 8.647462842609199e-05 33760.78962505865 33.0 -13.495078757405604 2.2585671777821617 357.86 410.84 0 68 "Covariance may not be accurate."
2005A 109 0.002023918387456414 364.2790345800176 2.978923774321629e-09 0.6548489207421282 0.26909634793339965 3.9601568552205535e-15 8.043343768804334e-12 0.0 1.679829646605846e-06 1.6358858712095525e-12 3676933658159433.0 56.0 -25.952290855059566 2.2485732881855567 376.65 433.53 0 109 "Covariance may not be accurate."
2005M 172 0.08437348609019184 408.4177369305719 9.325873406851315e-15 1.209237083216573 0.014255367569898536 0.0483671460130174 29.46425977550126 0.9223869436503949 0.42310982421387056 0.6615228115720648 205755.91808214714 108.0 -20.920288568907498 1.483427068341996 397.73 480.51 33 139 "Covariance may not be accurate."
2005W 40 0.0020000101875331305 408.2548484787132 1.4097056855177925e-13 0.6500001595334439 0.48794708288202754 7.29768204850087e-10 0.009302355554808628 4.163336342344337e-17 7.883623698301534e-09 1.5412746157350554e-05 135022.75831030853 35.0 -14.684927871877292 2.260670210304202 404.54 429.51 5 35 "Covariance may not be accurate."
2005ag 41 0.0020000078380385507 424.0455815560676 8.326672684688674e-17 0.6500000000015501 0.23132644622437265 0.066419059441989 33.048303139843625 1.2005702752919314 0.48022858453440687 0.6156616857329874 35098.11432733765 32.0 -7.11816742028963 2.260663509039354 412.82 479.84 12 29 "Covariance may not be accurate."
2005al 98 0.002000013983032821 424.959437196277 7.16093850883226e-14 0.7761905165158105 0.5304436479910456 1.5579333456985922e-09 0.00031555005713812534 0.0 9.952290143278031e-06 0.004182854449132523 246559.60330733514 53.0 -13.87111348743553 1.9875963413342141 429.76 512.79 0 98 "Covariance may not be accurate."
2005am 66 0.0020002700811842145 417.82138589835836 5.636324740265763e-13 0.7281255637720894 0.6168104559254232 2.3819964954478745e-09 4.865865975034467e-05 4.163336342344337e-17 3.173927107413821e-06 0.0023680421468327273 102989.60130964697 29.0 -15.958907844245406 2.0814018360779087 433.71 490.46 0 66 "Covariance may not be accurate."
2005be 23 0.002000630442325789 454.6169374520914 2.2148949341271873e-14 0.7023968390718438 0.5000262063112626 3.4217806013257454e-07 0.0345224128584789 8.326672684688674e-17 0.0016155037309920073 6.856001386792987e-05 86839.31291296534 18.0 -12.646739737999617 2.137101840993015 467.89 491.77 0 23 "Covariance may not be accurate. Covariance not positive definite. Covariance forced positive definite."
2005bg 31 0.002000022775693082 458.5874544820471 2.3897550605056495e-14 0.9836324475981846 0.0020966770009618885 3.8751429430779194e-10 7.652214534914492e-05 0.0 2.6465683997667355e-06 0.004314790230817989 27412.263543645076 24.0 -13.703458833158084 1.6898114262576236 472.67 512.61 0 31 "Covariance may not be accurate."
2005bl 23 0.0020030636798599624 482.97229769900747 6.9111383282915995e-15 0.6500363619549889 0.49300695708439973 2.932362505462041e-08 0.027655411445010714 0.0 2.75614545852676e-07 2.7853712957270904e-05 7561.8696501816585 18.0 -11.40205953029172 2.260579496858142 476.61 512.57 12 11 "Covariance may not be accurate."
2005bo 18 0.002026956712162808 480.58635843416107 2.6728619317850644e-14 0.6553054026673711 0.11269032981414578 5.372972892167668e-06 0.00891851346096928 0.0 nan 0.0008632351667176574 7819.749482514818 13.0 -13.663614337041292 2.247436289833555 478.75 512.76 4 14 "Covariance may not be accurate."
2005el 143 0.0020054006962441653 642.414620621187 4.038436252074007e-14 0.9068746967887954 0.19571056244836071 7.891612137638643e-09 0.00019442080417775287 4.163336342344337e-17 3.538756568166601e-06 0.0009992664491586256 189393.78132905098 31.0 -13.919686828212717 1.7853006608178443 639.89 730.75 9 134 "Covariance may not be accurate."
2005eq 112 0.0020000096766278562 637.0933087618666 3.405609128037668e-14 0.8755419683805201 0.4974766635341942 1.907604895877088e-08 0.00205495877236217 0.0 0.00164019195961429 0.00020131553179014716 103268.95840666816 24.0 -13.119431415860618 1.829026195540635 647.8 751.66 0 112 "Covariance may not be accurate."
2005gj 112 0.0020000083832775123 709.8354769063665 8.826273045769994e-15 0.6535009172057559 0.2773768718161045 2.1858695062326738e-10 0.00015301171765713661 0.0 3.7984725576034606e-07 0.025561255259338417 120469.6657170435 25.0 -12.092242015703889 2.251918215571642 698.7 1016.76 20 92 "Covariance may not be accurate."
2005hc 84 0.0020181279200432597 681.6351895189903 1.7486012637846216e-15 1.2138543171766911 6.099975968787419e-09 1.0206269010059471e-08 0.00011158016030776707 0.0 1.1855479570277438e-06 3.058655713633618e-05 172980.07591196688 29.0 -10.887210261239883 1.4802354908354616 661.67 755.61 44 40 "Covariance may not be accurate."
2005hj 52 0.002876194449837336 669.7977737177131 3.0808688933348094e-15 1.05723654110588 0.42970373041629584 0.04726851170786697 26.322783514608886 0.922387013142507 0.442531660960052 0.6921208990271517 12269.644932695186 15.0 -11.455977192179994 1.6124828949468615 671.67 761.57 0 52 "Covariance may not be accurate."
2005hk 156 0.0020000116422037536 689.5118293968676 2.906008766956347e-14 0.6518351274351077 0.48705967410857237 0.051025673465771304 25.48917324911355 0.9223870486860107 0.3824727428826649 0.7073231683186102 293388.9381317329 39.0 -12.97248306145785 2.25607451960623 675.61 761.54 48 108 "Covariance may not be accurate."
2005iq 84 0.00200000759319364 686.1623342578692 7.077671781985373e-15 0.6500000014193742 2.482680727666775e-12 1.2788472646303728e-10 8.827684615653197e-05 0.0 1.4903039913249927e-10 2.8765384008366812e-05 35062.84366631917 27.0 -12.385586287042006 2.260654062952291 682.55 755.55 12 72 "Covariance may not be accurate."
2005ir 13 0.0020000292222167333 670.6545055617419 8.076872504148014e-15 0.6500000000002372 0.49966229977393606 0.051018176940899135 20.5565599630894 0.9223870536931604 0.3689552750778058 0.7102902946100111 5797.6533216949 4.0 -11.551685089330931 2.2606710668127725 682.62 740.53 0 13 "Covariance may not be accurate."
2005kc 77 0.0023596889486678873 695.3077180420402 2.1815882433884326e-14 1.0464850220535116 0.3254448947625377 1.9234558586871337e-05 0.00840609477779708 4.163336342344337e-17 0.01414710529420693 0.0005883270295266585 35169.56808912908 20.0 -13.352614245161817 1.6231389651861008 687.52 728.54 26 51 "Covariance may not be accurate."
2005ke 222 0.002000000000403896 696.2757260813103 1.7003065622134272e-13 0.6552462492092826 0.5000164409232494 0.05103887725739978 28.752758682503725 0.9223896486102896 0.34424706043749387 0.7103729070786089 159636.99376846684 36.0 -14.859003397749639 2.2475957518212226 689.69 819.51 26 196 "Covariance may not be accurate."
2005ki 147 0.00200132724177591 690.3740574985975 1.7069679003611782e-14 0.9965382373541201 2.5166922046349072e-08 4.347151117377324e-09 0.0002536393808441062 0.0 3.852589247455018e-06 9.005250132451681e-05 226643.39250574113 23.0 -13.342864122173875 1.6754154112550204 695.86 858.54 0 147 "Covariance may not be accurate."
2005ku 17 0.0020000432984616664 724.2530667982198 1.582067810090848e-15 0.6500000001833325 0.0006090532443979169 2.0260630651056794e-08 0.0012450714420424447 0.0 1.722627185340997e-08 0.6114691547274692 10771.894777140616 3.0 -10.758002124353638 2.2606540825892054 699.56 739.53 13 4 "Covariance may not be accurate."
2005lu 39 0.0020000091092039563 704.6737880496842 2.0899948438568572e-14 0.6500604140114019 0.5125967165502183 3.7749843718583396e-06 0.002594727461257662 4.163336342344337e-17 3.499044513660676e-05 0.0007656600254269952 11774.303810447966 13.0 -12.563060121243236 2.26051941957785 719.66 799.52 0 39 "Minimization exited successfully."
2005mc 31 0.0020218781843253774 723.1242079372558 1.2073675392798577e-14 1.1367577619490765 0.18341532317242948 4.7591615180220606e-08 0.0002626561540068906 0.0 8.157059844471348e-06 0.09866134699259116 7918.673878373397 25.0 -12.653262089240474 1.5393770875648158 736.79 773.62 0 31 "Covariance may not be accurate."
2005na 79 0.0029028491623422268 742.4333371500301 1.4488410471358293e-14 1.053409524010494 0.3606184091169213 0.054453497496570545 28.117214362614106 0.9232412032833041 0.44257688640491993 0.6701835203722963 82720.07526820691 44.0 -13.294944438354023 1.616253999763142 738.71 834.54 6 73 "Covariance may not be accurate."
2006D 151 0.0020159072013979542 744.3073252447973 1.2906342661267445e-13 1.2478957168547111 0.5034258581225389 3.877481908167238e-08 0.0003419703269287311 4.163336342344337e-17 0.00040774877495697304 1.5486154051114198e-05 132032.49603190456 36.0 -14.57154656499689 1.4577364652669793 752.87 891.61 0 151 "Covariance may not be accurate."
2006X 188 0.00202590141522244 781.37940756692 2.4572011092516277e-13 0.6500000030477837 0.49049171647396667 0.05041614455060784 28.57037693561921 0.9223894826544046 0.3689738865534681 0.7125153121945978 254848.8028398476 38.0 -15.310045148503038 2.260670700272831 775.68 891.59 16 172 "Covariance may not be accurate."
2006ax 146 0.0020518136719545788 828.4182048098244 3.4389158187764224e-14 1.2496439930891148 0.39946974075872177 0.050154652129851145 29.540098125080476 0.9223872748374847 0.3750202662656043 0.6829652649767622 300040.88228878623 42.0 -13.403118983201416 1.4566129464794528 815.64 891.5 31 115 "Covariance may not be accurate."
2006bd 31 0.002019473364972803 808.5308786653612 1.2739809207573671e-14 0.6622372222898707 0.3686346851062675 0.05086405449843424 22.23027986776418 0.9291088038829223 0.4048800968952603 0.7331717154510551 8097.485399132967 7.0 -12.350717543362471 2.23045755561132 822.75 872.57 0 31 "Covariance may not be accurate."
2006bh 102 0.002005247167497618 817.802015968723 1.9825807662243733e-13 0.6519036803123426 0.1262130773813147 0.05076091225088511 20.42616335478914 0.9223969996180188 0.35432439948991135 0.553807215491645 107109.7836368535 28.0 -15.790066927263032 2.2558910616657766 829.91 891.79 0 102 "Covariance may not be accurate."
2006br 41 0.002003828468988395 847.4070756175155 9.242606680004428e-15 0.6500010493683419 0.5000245183005266 4.735201049206432e-06 0.06580897767054239 4.163336342344337e-17 0.586471680692908 0.012983040426086723 5911.3806726218245 15.0 -11.701317822347473 2.2606684451959396 855.66 891.66 0 41 "Covariance may not be accurate. Covariance not positive definite. Covariance forced positive definite."
2006bt 49 0.0020224903956612274 838.8580773720886 2.0067281170099704e-14 1.1944561425290443 0.6160435224235897 0.050461032052432256 25.407920295533245 0.9224280149447469 0.4293734581203132 0.7312963093304057 40385.20933024777 13.0 -12.363124092966146 1.4939539419326913 853.76 891.71 0 49 "Covariance may not be accurate."
2006dd 76 0.043500000000000004 911.94 0.75 0.95 0.5 0.0 0.0 0.0 0.0 0.0 0.0 -5.0 -53.22612174311881 1.7295144281381098 979.93 1147.57 0 76 "Hesse Failed. Covariance may not be accurate. Covariance not positive definite."
2006ef 20 0.00201881730588631 986.8621880766656 1.482147737874584e-14 1.2253417652796794 0.5542602180680694 0.05050899500733437 28.82524446840631 0.9223929853268003 0.31317534427015353 0.7215971658963646 35828.8331480836 13.0 -12.14130081876958 1.4724755017298818 979.9 1040.71 6 14 "Covariance may not be accurate."
2006ej 21 0.010007233311166756 970.2378911748879 4.213296378452469e-14 0.6500265340289025 0.36404278750721575 0.05950832808991717 22.395964165912233 0.9306890582198392 0.37397701086484864 0.6730098713722907 9650.521176348766 6.0 -17.14694278839915 2.260600296061707 980.72 1018.7 0 21 "Covariance may not be accurate."
2006eq 62 0.03850648238660731 966.0517883768932 6.744604874597826e-15 0.7335215122234828 0.5116212453916879 0.059981430406684265 23.25845928130593 0.9502403012045376 0.3340841211302368 0.7242358568099063 9894.21605608687 40.0 -17.81959808804512 2.0701901961513514 980.56 1029.51 0 62 "Covariance may not be accurate."
2006et 151 0.0020002873292467383 986.2962723643802 2.3564483697668948e-14 0.6500042181038868 0.48292226594204074 0.05097414978116975 28.089427740783208 0.9223868717680259 0.3682846683676704 0.7063198355363696 187415.1095703495 26.0 -12.75507220642828 2.260659830041071 982.63 1099.54 7 144 "Covariance may not be accurate."
2006ev 87 0.002001293613398067 978.6999393250096 2.3314683517128287e-14 0.6500041411260468 0.5031107880793034 3.1276465903443216e-06 0.004645608759744846 4.163336342344337e-17 6.4864005767106825e-06 0.00032604399995544986 20976.623545116236 19.0 -12.698280395455658 2.260660690543755 993.59 1039.52 0 87 "Minimization exited successfully."
2006fw 6 0.002000160455156321 991.9794713538771 2.581268532253489e-15 0.6500000263903783 0.1309738209028546 7.064440495606339e-08 9.781970930145462 0.0 7.775204297066907e-08 0.00027392831980754817 1924.5376747125517 1.0 -11.061830946840185 2.260658385646927 1001.75 1039.73 0 6 "Covariance may not be accurate."
2006gj 70 0.002006573679458127 984.3500256187219 9.492406860545088e-15 1.133523074481833 0.46699324714141655 0.0507442431978999 22.57107452855331 0.9227119331019291 0.3576514642315744 0.7024468028443316 3744.8307269834736 7.0 -11.81194494820279 1.542134964615073 998.83 1096.59 0 70 "Covariance may not be accurate."
2006gt 54 0.002034557213539382 1002.3389580248967 2.4147350785597155e-15 1.2499609570538295 0.38828939790420813 0.05031842997232631 15.377905488121542 0.9223872354592105 0.3669095042239033 0.6793736865276901 786.046390859906 21.0 -10.523124443615803 1.456409750510609 1001.67 1076.62 2 52 "Covariance may not be accurate."
2006hb 101 0.0020112193115148116 994.2007655796463 3.8719027983802334e-14 1.24845998971402 0.500056788663852 1.0167774867940807e-08 0.00010032304538754033 4.163336342344337e-17 3.1937786570956916e-07 0.3018089192801535 17796.03553888116 17.0 -13.264606072667775 1.4573743932979468 1006.87 1143.59 0 101 "Covariance may not be accurate. Covariance not positive definite. Covariance forced positive definite."
