analysis_pipeline/fit_results/csp_4_sn91bg_color_interpolation_red.ecsv
# %ECSV 0.9
# ---
# datatype:
# - {name: obj_id, datatype: string}
# - {name: num_points, datatype: int64}
# - {name: z, datatype: float64}
# - {name: t0, datatype: float64}
# - {name: x0, datatype: float64}
# - {name: x1, datatype: float64}
# - {name: c, datatype: float64}
# - {name: z_err, datatype: float64}
# - {name: t0_err, datatype: float64}
# - {name: x0_err, datatype: float64}
# - {name: x1_err, datatype: float64}
# - {name: c_err, datatype: float64}
# - {name: chi, datatype: float64}
# - {name: dof, datatype: float64}
# - {name: b_max, datatype: float64}
# - {name: delta_15, datatype: float64}
# - {name: tmin, datatype: float64}
# - {name: tmax, datatype: float64}
# - {name: pre_max, datatype: int64}
# - {name: post_max, datatype: int64}
# - {name: message, datatype: string}
# schema: astropy-2.0
obj_id num_points z t0 x0 x1 c z_err t0_err x0_err x1_err c_err chi dof b_max delta_15 tmin tmax pre_max post_max message
2004dt 88 0.0197 234.79123549249888 1.1582401704401946e-13 0.6513362152527162 0.5002527398532579 0.0 2.221426242954294e-06 0.0 2.9104836729576533e-07 0.3148455428209015 204903.07404772687 84.0 -19.438699153775527 2.2590004906215633 249.79 365.62 0 88 "Covariance may not be accurate. Covariance not positive definite. Covariance forced positive definite."
2004ef 111 0.031 261.18924250841997 9.658940314238862e-15 0.6810014597871815 0.4960164151993837 0.0 0.007689635856991117 0.0 1.8412263776967919e-06 6.141382219077007e-06 329726.39049545524 96.0 -17.75476836060184 2.1874318813254803 255.69 329.57 12 99 "Covariance may not be accurate."
2004eo 122 0.0157 272.5684223316664 4.8711035205428743e-14 0.6648643656996013 0.34389607567791763 0.0 28.745444985541724 0.9279636443577876 0.3262998526533776 0.6650355741177825 1775544.4793512346 85.0 -18.329288028681773 2.225712099585655 266.52 341.54 33 89 "Covariance may not be accurate."
2004ey 102 0.0158 280.55835711273403 8.176792576364278e-14 0.9017458567763155 0.0013923271703590312 0.0 4.141073958408015e-06 4.163336342344337e-17 1.1602548795064394e-06 0.0005681716719097285 428298.8715214357 70.0 -19.551479868619452 1.7931666936396393 295.53 358.55 0 102 "Covariance may not be accurate."
2004gc 54 0.0321 319.32697777044257 1.124100812432971e-14 0.8790778427575662 0.5218562900207839 0.0 0.12254844037531143 4.163336342344337e-17 0.0064785154359308095 0.012607810792756746 50942.17424756747 50.0 -17.95218364291072 1.82489928649591 329.83 397.66 0 54 "Covariance may not be accurate. Covariance not positive definite. Covariance forced positive definite."
2004gs 135 0.0267 337.85001587591023 2.481348460037225e-14 0.8299565272077677 0.5092089511223958 0.0 24.687357029031062 0.9253759502971175 0.38808332006768675 0.713751615298013 75476.47221827223 109.0 -18.423480284169738 1.8981580620245495 352.85 461.56 0 135 "Covariance may not be accurate."
2004gu 68 0.0459 342.8645216800249 1.1407541578023483e-14 1.2242563953716403 0.49948028727277227 0.0 0.0004428982341551091 0.0 0.0005547082427369565 0.00015140664679921811 68476.77925470062 59.0 -18.803187221892816 1.4736255231238076 357.86 410.84 0 68 "Covariance may not be accurate."
2005A 109 0.0191 361.65112192690106 2.939315457695102e-14 0.77050023651528 0.1105138061787399 0.0 2.386227407669139e-06 0.0 2.6607427186520205e-06 0.03513351442953486 78362.79067547034 76.0 -18.6704915771511 1.999211918355666 376.65 433.53 0 109 "Covariance may not be accurate."
2005M 172 0.022 382.85644986541774 9.067746553625966e-14 0.6753149869486167 0.6548470757588325 0.0 9.682607361582996e-05 4.163336342344337e-17 2.625827710878159e-06 0.0016496620926972905 310259.5168191352 127.0 -19.140705906408485 2.2007665007509782 397.73 480.51 0 172 "Covariance may not be accurate."
2005W 40 0.0089 407.6461501408807 4.9960036108132044e-14 0.6500006894199946 0.3724371277276448 0.0 0.023570706377114448 1.6653345369377348e-16 4.72376421101206e-06 0.001395263370462585 184107.6702504618 36.0 -17.059512252614873 2.2623507058194168 404.54 429.51 5 35 "Covariance may not be accurate."
2005ag 41 0.0797 397.8878519345108 6.661338147750939e-15 0.6557540246482098 0.5202179409104731 0.0 0.004316637201526419 0.0 0.00025739723073853193 0.0005275742611201006 13610.742622463014 37.0 -19.436375160688076 2.2479966842648658 412.82 479.84 0 41 "Covariance may not be accurate."
2005al 98 0.0124 427.1285123518604 4.438116540939063e-14 1.2000637827009097 0.3718035733820966 0.0 26.023950389338268 0.9223868423313716 0.3122536692553763 0.6738700035168042 100239.17065879228 74.0 -17.65819782052162 1.4903623006551072 429.76 512.79 0 98 "Covariance may not be accurate."
2005am 66 0.0079 418.5506476543402 2.682021271738222e-13 1.2353561209969866 0.9929242373144942 0.0 22.781246144538272 0.9700742878886603 0.32663529760501026 0.6064738647387993 160579.1940042781 49.0 -17.386023101594876 1.4662705550363277 433.71 490.46 0 66 "Covariance may not be accurate."
2005be 23 0.035 453.42738050209056 1.1157741397482823e-14 0.7767169482279772 0.500052349715768 0.0 nan 0.0 8.860127167037435e-05 0.0001966183307859637 49300.46817714798 19.0 -18.171534641009966 1.9878327157092563 467.89 491.77 0 23 "Covariance may not be accurate."
2005bg 31 0.0231 456.65721539532353 2.8227420401094605e-14 1.1543148966979366 0.38987770813927436 0.0 0.00012002673008737474 0.0 5.140440977247085e-05 0.055921174725547584 41630.55215097391 27.0 -18.500466207517 1.5253402820484077 472.67 512.61 0 31 "Covariance may not be accurate."
2005bl 23 0.0241 461.61000000086796 1.2073675392798577e-14 0.6500348534508396 0.49871586953119146 0.0 0.00024936458368074454 0.0 1.211687049584853e-07 6.684898766623482e-06 20653.572856106 19.0 -17.43238779869242 2.2622687089750357 476.61 512.57 0 23 "Covariance may not be accurate."
2005bo 18 0.0139 479.7808161449153 2.4313884239290928e-14 0.7010522570948969 0.2847052002314089 0.0 27.563910709569456 0.9447460386042469 0.3132135518956359 0.6419567762049568 10161.193958789941 14.0 -17.410323044520734 2.1415902033175307 478.75 512.76 4 14 "Covariance may not be accurate."
2005el 143 0.0149 645.8752825341301 2.781108676686017e-14 1.2187335151778318 0.002881625237481422 0.0 28.630964698846583 0.9223868649616158 0.3056629813669583 0.5917094785906012 110550.23527539332 46.0 -18.249359948526525 1.4773369349642689 639.89 730.75 15 128 "Covariance may not be accurate."
2005eq 112 0.029 669.1526441081929 8.326672684688674e-17 1.2422642206414856 0.38987158050174264 0.0 28.77828405725154 0.9279455583338733 0.3386980791743786 0.6813489954530566 458314.6272099249 74.0 -12.678593193803959 1.4617725876229173 647.8 751.66 43 69 "Covariance may not be accurate."
2005gj 112 0.0616 708.4455604544593 1.1074474670635936e-14 0.65 0.5099946714820289 0.0 0.0001717518915143046 0.0 9.391099009548043e-12 nan 202095.41870871643 81.0 -19.417479789657477 2.2623564990743574 698.7 1016.76 16 96 "Covariance may not be accurate."
2005hc 84 0.0459 677.7745598550254 2.498001805406602e-16 1.1982559353437994 0.014925959580130488 0.0 0.0003056344137917222 0.0 2.9707909482423744e-06 0.012294083418459945 293993.9765774048 67.0 -15.607279827188567 1.4916501550524792 661.67 755.61 42 42 "Covariance may not be accurate."
2005hj 52 0.0574 656.6700000132486 1.1324274851176597e-14 0.6500000015315782 0.49918790332308666 0.0 0.0069720670046535815 0.0 2.824036005044661e-10 2.772584773325093e-06 27500.46631393457 41.0 -19.299645121807952 2.2623564291749005 671.67 761.57 0 52 "Covariance may not be accurate."
2005hk 156 0.013 683.2660192957386 3.930189507173054e-14 0.7017889968043626 0.5018134816954837 0.0 10.738950641278905 0.0 3.239072531524556e-06 9.32410982446008e-06 360993.33137110976 52.0 -17.349007506070926 2.1399452022213588 675.61 761.54 32 124 "Covariance may not be accurate. Covariance not positive definite. Covariance forced positive definite."
2005iq 84 0.034 685.2991126092253 5.995204332975845e-15 0.6500256427045722 7.211503616488812e-11 0.0 0.0001251182779355986 0.0 2.9598632877991804e-08 2.0357980244273266e-05 53582.56240133639 56.0 -18.41075997592184 2.26227462984869 682.55 755.55 6 78 "Covariance may not be accurate."
2005ir 13 0.0763 667.624088415704 3.3306690738754696e-15 1.0130874166881296 0.5003276984528757 0.0 0.0010361181664961805 0.0 0.009088624492798347 0.02075088392090313 1431.6794284741 9.0 -18.615753665861796 1.6582270426249437 682.62 740.53 0 13 "Covariance may not be accurate. Covariance not positive definite. Covariance forced positive definite."
2005kc 77 0.0151 694.9375506182586 2.5895952049381776e-14 1.0364658806942146 0.4932288201149816 0.0 29.093445625176457 0.9317777990755736 0.44073858791307086 0.7125978513026228 26822.610608170013 21.0 -17.244194541133126 1.6338993639777541 687.52 728.54 26 51 "Covariance may not be accurate."
2005ke 222 0.0049 714.4797284041496 5.845324224651449e-14 1.1071454655604542 0.5233155451137641 0.0 39.548058332385665 0.0 0.00035053200960522 0.0011407949368015813 279674.64292398514 76.0 -15.613131772666648 1.5659037160223939 689.69 819.51 88 134 "Covariance may not be accurate. Covariance not positive definite. Covariance forced positive definite."
2005ki 147 0.0192 702.4285717764059 1.9734214262712158e-14 1.2449645348545784 0.0639689870166672 0.0 28.74933114964449 0.9223868785305436 0.39082640204639024 0.5027316239915354 79512.77096143353 87.0 -18.33340180519454 1.460017854781313 695.86 858.54 12 135 "Covariance may not be accurate."
2005ku 17 0.0454 693.3085534431281 1.0824674490095276e-15 0.706720058559259 0.4121645838802217 0.0 0.41200666338187375 8.326672684688674e-17 0.004156979629743929 0.0014571492717205536 22507.782144277826 13.0 -16.41826246468894 2.1289640038590356 699.56 739.53 0 17 "Covariance may not be accurate."
2005lu 39 0.032 704.6631612630546 9.492406860545088e-15 1.2340783851626864 0.3455620820387216 0.0 2.5923503926605918e-05 0.0 7.028096025374353e-06 0.006339007793479956 17928.68858715877 35.0 -18.123710289560233 1.4671085812276132 719.66 799.52 0 39 "Covariance may not be accurate."
2005mc 31 0.0252 721.7936319924951 1.4654943925052066e-14 0.9067744197888774 0.12176447944305402 0.0 7.07815019040936e-06 0.0 5.253387212356131e-06 0.005597785749527018 10601.311929468922 27.0 -18.505430720837335 1.786310745348036 736.79 773.62 0 31 "Covariance may not be accurate."
2005na 79 0.0263 734.4543035624499 1.2823075934420558e-14 1.0314391342198266 0.5149028733217387 0.0 25.35271660129422 0.9310774948741882 0.4401996961519836 0.7174802757031643 146454.9400705396 61.0 -17.664179855945182 1.639042239050461 738.71 834.54 0 79 "Covariance may not be accurate."
2006D 151 0.0085 744.6374917960151 1.6719958750854857e-13 1.0901099704291668 0.7334505353986267 0.0 0.06845630014021253 8.326672684688674e-17 0.0046678504399358944 0.009680654187441684 303996.3836522914 83.0 -17.544812367586292 1.581579402842948 752.87 891.61 0 151 "Covariance may not be accurate."
2006X 188 0.0052 788.1103079206971 2.3639423751831146e-13 1.0214759275773222 0.5162847424711382 0.0 10.920214482864878 8.326672684688674e-17 2.008050945223605e-05 1.779642926458269e-05 356293.59787279257 79.0 -17.271147836618166 1.649375034762489 775.68 891.59 44 144 "Covariance may not be accurate. Covariance not positive definite. Covariance forced positive definite."
2006ax 146 0.0167 828.0976900634145 2.481348460037225e-14 1.2155135104412518 0.5175932470559518 0.0 0.13119854926407015 8.326672684688674e-17 0.0007144852391057777 0.007114980392780246 230775.2926877227 47.0 -17.374521360029956 1.4795467925757002 815.64 891.5 31 115 "Covariance may not be accurate. Covariance not positive definite. Covariance forced positive definite."
2006bd 31 0.0257 807.7500134180706 1.074140776324839e-14 0.7813788039699825 0.450753854225883 0.0 1.502924476426415e-06 0.0 1.500039581886492e-05 0.007663880184991617 8168.489902007564 16.0 -17.55983414444826 1.9794244765882674 822.75 872.57 0 31 "Covariance may not be accurate."
2006bh 102 0.0109 824.405895053974 7.66053886991358e-14 1.1796905698213336 0.19254570687837147 0.0 24.746356412253533 0.9223868228693098 0.3284003972933846 0.5952276200883467 172276.738441365 37.0 -18.312890940131066 1.5053896137875178 829.91 891.79 0 102 "Covariance may not be accurate."
2006br 41 0.0246 840.8595761377823 6.161737786669619e-15 1.2286435492049619 0.3919924072181748 0.0 23.36533305466918 0.9223870619350429 0.41081732492621764 0.6805756790154417 5258.208050664819 23.0 -16.98294510211271 1.4706970585732364 855.66 891.66 0 41 "Covariance may not be accurate."
2006bt 49 0.0322 838.7651796463832 2.223221606811876e-14 0.9518234258001428 0.3500373328189228 0.0 2.3446345153388393e-05 0.0 1.5003438814997772e-05 0.003214300955914351 67274.55874688408 27.0 -19.05336723248401 1.7280621145771633 853.76 891.71 0 49 "Covariance may not be accurate."
2006dd 76 0.0059 893.7093879706687 1.7744139491071564e-13 0.6537861030626002 0.44903355153252467 0.0 22.773579556650702 0.9223867337957117 0.43252155166832607 0.6975582597051396 275149.33272167563 71.0 -17.380242579399084 2.2528794326467256 979.93 1147.57 0 76 "Covariance may not be accurate."
2006ef 20 0.0179 987.9988922839551 1.3822276656583199e-14 0.6870063594967766 0.04593544168093361 0.0 29.359731683758355 0.9390235978939439 0.42117834668556386 0.5235452833563373 103524.34604574676 16.0 -17.823268092241225 2.173504632478263 979.9 1040.71 6 14 "Covariance may not be accurate."
2006ej 21 0.0205 964.8588902256548 2.906008766956347e-14 1.0902988660103112 0.10736709276694195 0.0 25.485833398906323 0.9223873279822221 0.3793197965884509 0.7204975079469993 8755.456736720254 10.0 -18.819925838159122 1.5813909368686598 980.72 1018.7 0 21 "Covariance may not be accurate."
2006eq 62 0.0495 965.6376069681525 4.746203430272544e-15 1.0074479663797067 0.5271492605472229 0.0 23.83887530876001 0.9223986396129016 0.41068050686012697 0.7163031844245895 8594.393364163025 44.0 -17.975853834074762 1.6642611256720983 980.56 1029.51 0 62 "Covariance may not be accurate."
2006et 151 0.0226 967.6347964643543 4.338196468722799e-14 1.238240543874089 0.5088348367570977 0.0 24.411629257743698 0.9223870581775897 0.40124745986290417 0.7123658136553734 214179.20529561385 81.0 -18.661873601836287 1.4643894049980766 982.63 1099.54 0 151 "Covariance may not be accurate."
2006ev 87 0.0287 978.6009750648532 1.0824674490095276e-14 1.084521912118672 0.3561347843555757 0.0 3.0065690907576936e-05 0.0 1.1780661222537958e-05 0.0047384504592623 31414.97343941308 40.0 -18.005076735057695 1.5868222940696448 993.59 1039.52 0 87 "Covariance may not be accurate."
2006fw 6 0.0835 1002.2149053520878 1.1657341758564144e-15 0.6500068348497847 0.9785863155111392 0.0 0.2948851589202377 0.0 1.4885125622088324e-06 0.00021045756070686705 2610.179887480971 2.0 -16.756694698047973 2.2623367094104516 1001.75 1039.73 1 5 "Covariance may not be accurate."
2006gj 70 0.0284 1002.0023690492468 1.049160758270773e-14 0.6515088073131484 0.49997728583017254 0.0 2.1933650230799913 0.0 9.796228947478447e-07 2.3414292256718205e-06 86850.20558768448 50.0 -17.640343798244405 2.2585679752198615 998.83 1096.59 4 66 "Covariance may not be accurate."
2006gt 54 0.0448 1013.7912067242559 1.8318679906315083e-15 1.2125551117750293 0.30183859707095095 0.0 33.27504202052796 1.1715648749796688 0.37557172184436666 0.7386883679345672 35009.49998038297 38.0 -17.1659265231729 1.4815765897154947 1001.67 1076.62 27 27 "Covariance may not be accurate."
2006hb 101 0.0153 1009.3098680610691 2.989275493803234e-14 0.6544045327737278 0.4801772526924551 0.0 0.046967703013251594 4.163336342344337e-17 2.6781813857290615e-05 0.00014194911116946485 64331.467172101184 50.0 -17.460243926052055 2.2513425789278543 1006.87 1143.59 10 91 "Covariance may not be accurate."
2006hx 39 0.0455 1016.8501366393552 5.245803791353865e-15 1.197570042266611 0.5010054199303177 0.0 0.13845690584673775 4.163336342344337e-17 0.022995027215303887 0.033323471110511954 10652.33592584832 21.0 -17.937224163628393 1.4921584243617794 1013.66 1080.59 8 31 "Covariance may not be accurate. Covariance not positive definite. Covariance forced positive definite."
2006is 80 0.031 993.9001896093073 2.631228568361621e-14 1.2014654594479746 0.5102770562570234 0.0 2.067470921929271e-05 0.0 0.0011847425512643284 3.98094542378713e-05 232207.92005081224 58.0 -18.816732373465847 1.489363475427826 1009.86 1125.67 0 80 "Covariance may not be accurate."
2006kf 118 0.0213 1040.2674627753267 1.2490009027033011e-14 1.0957989126284027 0.5251380880780675 0.0 0.0006834541774196623 0.0 nan 0.00010703230351166715 42703.54863139495 69.0 -17.15288853434714 1.5762888144194065 1036.81 1127.64 20 98 "Covariance may not be accurate."
2006lu 48 0.0534 1043.7706304919766 8.326672684688674e-17 1.088854482933391 0.009976267752291768 0.0 0.004505856368723471 0.0 0.0001506411615613823 0.036979218362722055 97022.16201407801 44.0 -14.762958644423492 1.582739216755936 1040.84 1137.75 5 43 "Covariance may not be accurate."
