analysis_pipeline/fit_results/csp_4_sn91bg_color_interpolation_red.ecsv
# %ECSV 0.9
# ---
# datatype:
# - name: obj_id
#   datatype: string
# - name: num_points
#   datatype: int64
# - name: z
#   datatype: float64
# - name: t0
#   datatype: float64
# - name: x0
#   datatype: float64
# - name: x1
#   datatype: float64
# - name: c
#   datatype: float64
# - name: z_err
#   datatype: float64
# - name: t0_err
#   datatype: float64
# - name: x0_err
#   datatype: float64
# - name: x1_err
#   datatype: float64
# - name: c_err
#   datatype: float64
# - name: chi
#   datatype: float64
# - name: dof
#   datatype: float64
# - name: b_max
#   datatype: float64
# - name: delta_15
#   datatype: float64
# - name: tmin
#   datatype: float64
# - name: tmax
#   datatype: float64
# - name: pre_max
#   datatype: int64
# - name: post_max
#   datatype: int64
# - name: message
#   datatype: string
# schema: astropy-2.0
obj_id num_points z t0 x0 x1 c z_err t0_err x0_err x1_err c_err chi dof b_max delta_15 tmin tmax pre_max post_max message
[from data line 52]
SN2004gu 68 0.043500000000000004 342.9037297269904 1.1657341758564144e-14 1.2203975564850382 0.4959557633722501 0.0 42.51771416075982 0.9223870065247461 0.41682282787108693 0.7094314393514769 59786.25324011824 59.0 -18.71491879554908 1.4762230884320537 357.86 410.84 0 68 "Covariance may not be accurate."
SN2007jd 17 0.043500000000000004 1409.8299980341835 8.326672684688674e-17 0.7162591664018855 0.008938292747988352 0.0 43.89986242539362 1.0622250502895398 0.49000773741889847 0.5732709144252964 8297.54877968974 13.0 -14.303621257874251 2.1080633711267147 1362.83 1409.83 16 1 "Covariance may not be accurate."
SN2007hx 14 0.043500000000000004 1368.4696584294654 1.6653345369377348e-16 0.6500010974946024 0.07540769025687344 0.0 49.793572967143405 0.9631008454539167 0.3856060067681139 0.5135022244051206 8255.181064839033 10.0 -14.94458731162014 2.2623387304464657 1354.78 1411.73 8 6 "Covariance may not be accurate."
SN2008ha 56 0.043500000000000004 1788.2806839594732 5.412337245047638e-15 0.6500335720268734 0.4111038210902356 0.0 31.193592676865023 0.9223869842925783 0.36705992556926514 0.686583583784426 17158.382322802518 32.0 -18.0719996742663 2.2622689753547576 1781.55 1810.55 19 37 "Covariance may not be accurate."
SN2005hj 52 0.043500000000000004 727.4628349966815 1.6653345369377348e-16 0.9455684630860566 0.5208849046196095 0.0 0.022396239124475414 0.0 0.003627949725653834 0.10841098553336564 80943.8370314881 28.0 -14.058821952303447 1.735797974949211 671.67 761.57 42 10 "Covariance may not be accurate. Covariance not positive definite. Covariance forced positive definite."
SN2005hk 156 0.043500000000000004 696.6298161114977 1.4654943925052066e-14 1.1954553964254513 0.06171561504988515 0.0 16.11577983599517 0.0 5.4273291952067204e-05 8.194871836025852e-05 311803.71776856174 52.0 -19.829741643674154 1.4936764571035965 675.61 761.54 62 94 "Covariance may not be accurate."
SN2005ir 13 0.043500000000000004 712.4585077384153 9.992007221626409e-16 1.2307696761314293 0.5997477442644705 0.0 53.40555985175865 0.9247300604762163 0.4089983118076213 0.7303527251756665 10320.404202363723 9.0 -15.86789864831644 1.4692918582743992 682.62 740.53 9 4 "Covariance may not be accurate."
SN2005bl 23 0.043500000000000004 480.08480295510935 8.326672684688674e-16 1.1879281620918989 0.004285669761840638 0.0 0.038381932962437304 0.0 0.07281106328189468 0.0008904372258247695 20570.22999521576 19.0 -16.811020065162943 1.4991999941927858 476.61 512.57 8 15 "Covariance may not be accurate."
SN2005M 172 0.043500000000000004 420.99975905983734 1.1407541578023483e-14 0.9584964535988947 0.5001781857830848 0.0 0.16892016341887484 4.163336342344337e-17 0.010990478905937517 0.019803853732120735 593110.3660327834 127.0 -18.681170843484683 1.7199463194828404 397.73 480.51 65 107 "Covariance may not be accurate. Covariance not positive definite. Covariance forced positive definite."
SN2008bf 83 0.043500000000000004 1598.8110592739365 5.662137425588298e-15 0.6500421216123543 2.390794774098648e-06 0.0 0.0006042429300805452 0.0 1.2775381957874643e-07 0.07243585451041715 542900.4960269543 54.0 -18.89905940877254 2.2622331655651102 1546.79 1646.49 71 12 "Covariance may not be accurate."
SN2006eq 62 0.043500000000000004 1022.6500940522546 2.498001805406602e-16 0.6501307495596149 0.003979147421703466 0.0 46.74864669844021 0.9359771033046588 0.37053399969814077 0.5875226707226185 64573.52010879596 30.0 -15.504308750055714 2.2620103044121684 980.56 1029.51 61 1 "Covariance may not be accurate."
SN2009aa 150 0.043500000000000004 1901.6789015223378 2.9976021664879227e-15 0.650036412816973 0.002857953279874592 0.0 0.00022716794876487256 4.163336342344337e-17 4.512621004648665e-08 0.0005458792492671061 557077.269740115 46.0 -18.204036536692207 2.2622476089496004 1868.77 1956.66 102 48 "Covariance may not be accurate."
SN2008hj 65 0.043500000000000004 1803.277056283616 5.329070518200751e-15 0.6500002785041274 3.3485610995143134e-07 0.0 0.00017963580239666044 0.0 2.326576875599784e-09 1.6589655308318907e-05 128786.7364762953 30.0 -18.833240299890612 2.2623384554188384 1794.58 1834.55 23 42 "Covariance may not be accurate."
SN2006ax 146 0.043500000000000004 833.4872063067719 6.827871601444713e-15 0.7503169789264689 0.521782249161278 0.0 60.90410603531586 0.9229044579458756 0.34826273067466124 0.715410721560048 608039.2294525357 47.0 -18.08932311441694 2.037700318163669 815.64 891.5 46 100 "Covariance may not be accurate."
SN2009D 93 0.043500000000000004 1819.680511443762 4.8377968298041196e-14 0.7499867389659396 0.0006378127573571368 0.0 7.295249133676407e-06 4.163336342344337e-17 1.9191511336225098e-06 0.00016985302593730545 218592.47129158326 44.0 -21.227226400347114 2.0383334019240493 1834.67 1890.52 0 93 "Covariance may not be accurate."
SN2008gl 87 0.043500000000000004 1765.8056974706403 2.581268532253489e-15 0.6800717327538864 0.5003305994779624 0.0 68.74937769690962 0.9335043988777871 0.4223234598146296 0.7150272898221683 282211.81050417677 40.0 -17.067533431988387 2.189601227655288 1765.7 1844.55 2 85 "Covariance may not be accurate."
SN2008cd 9 0.043500000000000004 1572.752752106473 1.4238610290817633e-14 1.1863962385336118 0.2466031476848251 0.0 14.656379505665768 0.9410892981876808 0.4407148884556254 0.6231082040217798 196.56438730931228 5.0 -19.41957949424465 1.5003478921741262 1587.74 1595.73 0 9 "Covariance may not be accurate."
SN2007A 49 0.043500000000000004 1092.574852892809 3.447242491461111e-14 1.179670050728721 0.017285440347606373 0.0 2.087768075398344e-05 4.163336342344337e-17 2.896859113477035e-06 0.012743596051562361 28059.41163025087 14.0 -20.83272032801403 1.5053993903441771 1107.53 1133.53 0 49 "Covariance may not be accurate."
SN2008ar 70 0.0261 1626.6858920102595 3.9131692886051894e-07 0.6796782399512457 0.499049746297421 0.0 0.0 0.0 0.0 0.0 312090.27223829157 36.0 -36.38469228869468 2.190520530321219 1527.79 1627.59 69 1 "Hesse Failed. Covariance may not be accurate. Covariance not positive definite."
SN2006X 188 0.043500000000000004 803.7172177462833 2.4405477638822504e-13 0.7965235628895158 0.999325449759888 0.0 0.00027909200434805825 4.163336342344337e-17 1.4683745255594793e-05 0.00011888496164536022 762414.7624518393 79.0 -21.030685714366 1.9528870099406035 775.68 891.59 70 118 "Covariance may not be accurate."
SN2006ej 21 0.043500000000000004 1035.4534987955988 1.3847247515297312e-09 0.8639660358865714 4.1049974297546754e-07 0.0 0.012520142850007687 1.610286903819258e-11 0.0006360753549481957 0.003913710029254197 67413.26404715917 7.0 -32.370020351891824 1.8467082808534183 980.72 1018.7 21 0 "Covariance may not be accurate. Covariance not positive definite. Covariance forced positive definite."
SN2005eq 112 0.043500000000000004 632.8000000629814 5.029310301551959e-14 0.749118340683651 0.49656673882057856 0.0 0.0005170627752590917 0.0 7.187663143004563e-07 1.8996711373120423e-06 79870.4301013088 51.0 -20.30069397405793 2.0400597662640543 647.8 751.66 0 112 "Covariance may not be accurate."
SN2008gg 102 0.043500000000000004 1778.7033659038768 2.831068712794149e-15 0.8967037997012799 3.022415688280766e-07 0.0 0.0002338163737931609 0.0 1.551311543002143e-06 1.1897288609008516e-05 427683.0487151827 52.0 -18.14648790267826 1.800111459570502 1753.63 1827.57 49 53 "Covariance may not be accurate."
SN2004ey 102 0.043500000000000004 289.0603339514336 1.0583200982239305e-13 0.6500328566052744 0.5167069011134592 0.0 42.24786980774539 0.9237401793700191 0.36761524137128443 0.7146967685111234 1067621.0148684632 70.0 -21.073375659048594 2.262273841448641 295.53 358.55 0 102 "Covariance may not be accurate."
SN2010ae 52 0.043500000000000004 2255.529190084321 2.3148150063434514e-14 0.6582369065345562 0.5150676601715148 0.0 36.87559922916694 0.9305604752514018 0.40009022129013444 0.7172990345832819 1081.7601084890975 8.0 -19.425766582181865 2.2418715150400956 2258.59 2305.53 0 52 "Covariance may not be accurate."
SN2007ux 88 0.043500000000000004 1468.3423468508047 4.163336342344337e-16 0.6500036627573577 0.5187744400750679 0.0 0.061360465232269235 0.0 7.450894512484041e-09 2.5086263062412684e-06 212763.74349844176 43.0 -15.057094314014591 2.2623473115466695 1466.82 1554.65 16 72 "Covariance may not be accurate."
SN2005W 40 0.043500000000000004 399.20691989662583 3.547162563677375e-14 0.6500002186433763 0.25667483645189015 0.0 24.814464237940996 0.922556930052949 0.3688733499867867 0.6278571023103912 381640.66248144023 36.0 -20.391686879471035 2.262349539633707 404.54 429.51 0 40 "Covariance may not be accurate."
SN2007on 204 0.043500000000000004 1422.0691003943075 2.675359933590471e-13 0.692479074975904 0.005401123315817824 0.0 0.0007285894416781957 1.249000902703301e-16 3.076438435334339e-06 0.0022770318207194773 95120.79919446257 64.0 -23.076527607298324 2.160964224384397 1410.73 1508.61 27 177 "Covariance may not be accurate."
SN2005ku 17 0.043500000000000004 684.7755757612993 3.497202527569243e-15 0.6505130979915725 0.46140741952269215 0.0 0.005091194719000214 4.163336342344337e-17 7.374636543922009e-05 9.606517137503157e-05 20138.926124738893 10.0 -17.489186862202903 2.261064784719956 699.56 739.53 0 17 "Covariance may not be accurate."
SN2008fu 58 0.043500000000000004 1747.0766410651377 1.6653345369377348e-16 0.6500115760916593 0.500038727654843 0.0 70.14566697467797 0.9229888654216505 0.3703030558805457 0.7106339322314534 59708.59591693675 37.0 -14.092163924159728 2.262327335171854 1737.84 1817.67 14 44 "Covariance may not be accurate."
SN2007bd 66 0.043500000000000004 1219.3979238557718 5.162537064506978e-15 1.186635831782107 0.1730606835937799 0.0 54.92281373505841 0.9456010564155691 0.4319743877402024 0.5808344893202102 93747.60907134223 23.0 -18.484909023760483 1.5001658625284904 1197.53 1259.46 33 33 "Covariance may not be accurate."
SN2006is 80 0.043500000000000004 1032.900978353631 1.6653345369377348e-16 1.233014833894846 0.5131653282537528 0.0 0.2192036750235502 0.0 4.163943239321455e-06 1.5150401727337393e-05 613728.928940742 53.0 -14.071288570816357 1.4678112856317007 1009.86 1125.67 24 56 "Covariance may not be accurate."
SN2008bc 101 0.043500000000000004 1574.7733083613264 8.743006318923108e-15 0.6500000000000602 8.546537187958947e-07 0.0 0.00039997441979267023 0.0 3.2326918919522996e-12 1.2849319870417153e-05 614359.769691342 44.0 -19.370762793927273 2.2623391562775232 1542.56 1646.46 56 45 "Covariance may not be accurate."
SN2007mm 17 0.043500000000000004 1397.7856978446578 8.326672684688674e-17 0.6500000000428223 3.415101534898213e-11 0.0 0.00039605020276667346 0.0 8.244549487557151e-11 0.0003991115689500335 26524.910867309965 13.0 -14.317790892271535 2.2623391561463357 1385.72 1418.69 8 9 "Covariance may not be accurate."
SN2008C 73 0.043500000000000004 1488.0225998412982 2.0483614804334138e-14 0.6561071024594651 0.5145509931843764 0.0 71.90803621309874 0.9224214765708005 0.3422243302754094 0.7136387885159994 99275.25526896503 40.0 -19.293823989865476 2.2471231060131807 1469.81 1552.5 30 43 "Covariance may not be accurate."
SN2004dt 88 0.043500000000000004 306.8921619308784 7.91033905045424e-15 1.11394121700121 0.7241275975048223 0.0 94.33032353338412 0.9223875382782883 0.4433891178046409 0.6365334698294043 1370638.615314978 84.0 -17.857002869991312 1.5597950046230764 249.79 365.62 74 14 "Covariance may not be accurate."
SN2006br 41 0.043500000000000004 855.8696111765124 3.58046925441613e-15 0.6912749094922295 0.4999088549173173 0.0 0.0811222077243201 0.0 1.6751832240258224e-06 5.576834084447535e-06 8365.416601353265 16.0 -17.42354641324096 2.1637280911453765 855.66 891.66 4 37 "Covariance may not be accurate."
SN2005ag 41 0.043500000000000004 419.52734287367235 1.4155343563970746e-15 1.206487954412847 0.0009195760930333918 0.0 52.30764746849411 1.141216683961013 0.3560584590852231 0.7451903059739329 7229.68078715425 37.0 -17.392464036671868 1.485792848845378 412.82 479.84 8 33 "Covariance may not be accurate."
SN2007sr 156 0.0055 1764.2398402341303 0.02309966419642359 0.9544547413567384 0.8226909851074522 0.0 0.0 0.0 0.0 0.0 1538044.979148521 63.0 -44.284258524723555 1.724847653997914 1454.84 1955.57 152 4 "Hesse Failed. Covariance may not be accurate. Covariance not positive definite."
SN2009ad 80 0.043500000000000004 1884.779295411101 1.1823875212257917e-14 0.9696915177248472 0.8927730883173075 0.0 38.91360712831329 0.9223900631493716 0.43047461159346423 0.7204565878353157 95922.29035051884 20.0 -17.979310529248576 1.706624860280293 1878.6 1921.53 14 66 "Covariance may not be accurate."
SN2006et 151 0.043500000000000004 1018.797430627436 1.199040866595169e-14 1.2073856795259026 0.439166955617413 0.0 0.0002664306890096668 4.163336342344337e-17 1.0021042466945573e-06 0.0017758042398098028 381467.4039452628 46.0 -18.876353589180475 1.48517514069842 982.63 1099.54 84 67 "Covariance may not be accurate."
SN2009P 46 0.043500000000000004 1893.345756345125 6.411537967210279e-15 1.1534951007601917 0.8979119171372133 0.0 0.010150773982218197 0.0 0.007800287918153903 0.0008598438008856069 119407.84508424073 25.0 -17.304559938983587 1.5260086137055957 1867.74 1931.61 32 14 "Covariance may not be accurate."
SN2004ef 111 0.043500000000000004 261.28561428936615 1.2823075934420558e-14 0.6500000000721988 0.49925785947904977 0.0 65.69881642123963 0.923975081273571 0.36959283399982407 0.7108715873558495 428275.7097019623 96.0 -18.81028421141698 2.2623564356858417 255.69 329.57 12 99 "Covariance may not be accurate."
SN2006os 66 0.043500000000000004 1092.1156707396651 8.326672684688674e-17 0.650000000000016 1.8246773195729205e-06 0.0 0.0020546090493098745 0.0 3.4861397102403657e-10 0.0005868469383837616 166076.2951574482 31.0 -14.317788018470853 2.262339156304396 1063.65 1133.56 46 20 "Covariance may not be accurate."
SN2008bi 48 0.043500000000000004 1550.0018745149837 4.246603069191224e-15 0.6560417140583824 0.5099773470202449 0.0 67.12809275303505 0.9234985679602761 0.3932624778456487 0.7131079885706493 43458.516831093744 31.0 -17.59274584681164 2.24728480766116 1551.52 1628.47 0 48 "Covariance may not be accurate."
SN2009le 30 0.043500000000000004 2138.534821598352 3.122502256758253e-14 1.2428843640222564 0.5002895904413693 0.0 8.35478053886618e-05 1.6653345369377348e-16 1.6900917885198652e-05 0.7027554960171593 56309.24093943795 14.0 -19.774272019997674 1.4613739568678739 2153.53 2169.58 0 30 "Covariance may not be accurate. Covariance not positive definite. Covariance forced positive definite."
SN2005al 98 0.043500000000000004 414.76084331713884 1.1982081993267002e-13 0.7529430615552354 0.5002337360063677 0.0 3.409236171592056e-06 8.326672684688674e-17 3.234968610821287e-06 0.36981460727374016 118406.52848985238 74.0 -21.23443390624823 2.0325606427230944 429.76 512.79 0 98 "Covariance may not be accurate. Covariance not positive definite. Covariance forced positive definite."
SN2005am 66 0.043500000000000004 417.74325371532825 4.655442698009438e-13 0.6821081959966585 0.023762130915521706 0.0 0.009213956075370788 2.498001805406602e-16 0.001061343744106269 0.0024536544960729045 77582.73242476574 49.0 -23.648429341110827 2.184839774360375 433.71 490.46 0 66 "Covariance may not be accurate."
SN2005iq 84 0.043500000000000004 688.2573127299635 1.915134717478395e-15 1.0212251025154897 0.5158985122646034 0.0 54.35181832216267 0.9223872548737938 0.4389829537988193 0.7139159160446045 173178.94124596962 35.0 -16.718635620016812 1.6496376495573415 682.55 755.55 20 64 "Covariance may not be accurate."
SN2008bd 35 0.043500000000000004 1545.0705658773657 8.326672684688674e-17 0.6500000000428416 0.5004588496230841 0.0 59.821172018713696 0.924501495667063 0.3697984585860425 0.71137306731142 46122.99658426236 23.0 -13.338926987337558 2.262356467422581 1541.7 1607.65 6 29 "Covariance may not be accurate."
