analysis_pipeline/fit_results/csp_4_salt2_2.4_red.ecsv
# %ECSV 0.9
# ---
# datatype:
# - name: obj_id
#   datatype: string
# - name: num_points
#   datatype: int64
# - name: z
#   datatype: float64
# - name: t0
#   datatype: float64
# - name: x0
#   datatype: float64
# - name: x1
#   datatype: float64
# - name: c
#   datatype: float64
# - name: z_err
#   datatype: float64
# - name: t0_err
#   datatype: float64
# - name: x0_err
#   datatype: float64
# - name: x1_err
#   datatype: float64
# - name: c_err
#   datatype: float64
# - name: chi
#   datatype: float64
# - name: dof
#   datatype: float64
# - name: b_max
#   datatype: float64
# - name: delta_15
#   datatype: float64
# - name: tmin
#   datatype: float64
# - name: tmax
#   datatype: float64
# - name: pre_max
#   datatype: int64
# - name: post_max
#   datatype: int64
# - name: message
#   datatype: string
# schema: astropy-2.0
obj_id num_points z t0 x0 x1 c z_err t0_err x0_err x1_err c_err chi dof b_max delta_15 tmin tmax pre_max post_max message
SN2008J 43 0.0159 1469.5400000000004 0.00905809872674341 0.45567617079172784 0.9999999999984757 0.0 0.0008649257007391498 1.5210078571655135e-05 0.02201265113880302 3.331173879517202e-05 41349.14622519296 15.0 -18.658550043565924 0.9198962284449124 1484.54 1516.52 0 43 "Minimization exited successfully."
SN2005kc 77 0.0151 698.4620600182585 0.004623555108119226 -0.36966936535618977 0.5902503933006849 0.0 0.028090457932535173 6.0726442965243575e-05 0.037855550183567566 0.008519061413522988 140.9362248411344 21.0 -17.779017627405906 1.0861855622759329 687.52 728.54 34 43 "Minimization exited successfully."
SN2005A 109 0.0191 381.5650415891133 0.000988004904289605 -0.6377249931739604 0.8808670558643921 0.0 2.055461351346821e-06 1.2319512059749693e-05 0.016723676587461878 0.00792000704525675 5974.856530413097 62.0 -16.643284927912582 1.1142403996063095 376.65 433.53 6 103 "Minimization exited successfully."
SN2009Y 148 0.0094 1878.3414898053736 0.04999999830798622 -0.04740171288003392 -0.10795580706615748 0.0 8.340606200363254e-06 0.00013377876198252675 0.011785169747193791 0.0008579638265577838 206492.05267682514 55.0 -19.307230047224422 1.0677263386947615 1868.84 1976.65 23 125 "Minimization exited successfully."
SN2004gs 135 0.0267 358.34500127899 0.0024077533928266674 -2.4893688968311167 0.08297981533515464 0.0 1.1794104750606493e-06 1.7382985303574005e-05 0.015481124403028623 0.005704053135474285 58316.87946657891 92.0 -18.308185112959972 1.627581121827422 352.85 461.56 8 127 "Covariance may not be accurate."
SN2004eo 122 0.0157 279.089274420496 0.008714923254898985 -1.2095140942906113 0.32967502821491923 0.0 0.005555700366016936 4.170150846453599e-05 0.006017229884993869 0.0030240219469288565 20785.263995574584 70.0 -18.539570571912773 1.2741920844876589 266.52 341.54 49 73 "Minimization exited successfully."
SN2008gp 96 0.0334 1779.8372521484364 0.002719457383699245 0.07092461505100989 0.14854194432177592 0.0 0.024835164610408356 3.2977816586934796e-05 0.022705092964002027 0.008047590413568284 471.24409869384505 36.0 -18.939534430945386 1.0321393187646066 1768.75 1844.52 26 70 "Minimization exited successfully."
SN2007ca 73 0.0141 1228.0215042870607 0.004644270707755413 0.6543667164832003 0.5087935986022192 0.0 0.021089016885753153 4.129798664875969e-05 0.018585764147864836 0.00577037283602011 1643.9211661667368 20.0 -17.629365379059937 0.91269836325921 1217.65 1275.65 18 55 "Minimization exited successfully."
SN2009al 68 0.0221 1896.4655540601577 0.0037091231360699252 -0.5904600593444522 0.4415432952898257 0.0 1.0301400493517576e-05 6.796145513657519e-05 0.018776727968087492 0.011344982959123118 788.9973169525305 24.0 -18.37009166800674 1.13830739236289 1891.71 1973.54 18 50 "Covariance may not be accurate."
SN2008ae 71 0.03 1516.6973812704862 0.00030271612170794664 -4.545189218020813 0.9999999633948693 0.0 0.0948804614661185 2.32750387577641e-06 0.2692989153851961 0.0035123382844459705 268.73724216567865 6.0 -16.36741347408042 2.2071136662751165 1511.74 1602.52 9 62 "Minimization exited successfully."
SN2006dd 76 0.0059 978.578258127402 0.006850869551236816 0.12734512640645157 0.9076977424625885 0.0 0.08853104626575714 0.0001222272536899982 0.03062915400311983 0.011314014844814424 135385.36462183477 71.0 -16.175929279426256 0.9787195112700591 979.93 1147.57 0 76 "Minimization exited successfully."
SN2005ki 147 0.0192 705.648266597375 0.009312996558027725 -1.4611615706334868 -0.0338627825991874 0.0 0.017982679011879554 9.664753658466911e-05 0.011830303956089638 0.0068184750987790865 135886.9889917429 84.0 -19.04848906436831 1.3637830561430437 695.86 858.54 17 130 "Minimization exited successfully."
SN2007if 25 0.0742 1355.9512473909742 0.00039427790962419666 0.24327811876367544 0.9999993773683118 0.0 6.230867722933908e-05 1.6767303116366206e-06 0.06001244924838067 0.032807835028836996 2228.742960968275 11.0 -18.693441850393626 0.9540974593173743 1357.77 1443.6 0 25 "Minimization exited successfully."
SN2006D 151 0.0085 759.336678454696 0.03161045888505554 -1.7194080927302458 0.056252158616768355 0.0 2.4174624968509306e-06 0.00024918106041014673 0.008395228826956869 0.005010676842581496 254529.3169090992 75.0 -18.588115577222325 1.4187144425716287 752.87 891.61 4 147 "Minimization exited successfully."
SN2006lu 48 0.0534 1039.1841462956952 0.0010456703230303983 -0.01888525349450454 0.053110066625826624 0.0 0.00013953741620298388 2.5808595868527474e-05 0.04473885335923811 0.01819857861590035 8070.891601289599 39.0 -18.951692772356665 1.0538461821841416 1040.84 1137.75 0 48 "Minimization exited successfully."
SN2009ag 136 0.0086 1890.1909171031775 0.006496631013283938 -0.03319218797996548 0.7575234957816248 0.0 0.04509608717489755 6.20861020325077e-05 0.01261751160207103 0.005873560267470657 1272.7771622214943 32.0 -16.927392841328473 1.0152282363140763 1886.62 1959.54 20 116 "Minimization exited successfully."
SN2006ev 87 0.0287 990.2712700059426 0.002099352860541154 -1.3231591656145456 0.11920587053171006 0.0 0.08768606590376748 4.3491290578853616e-05 0.04472267691593479 0.013905925682609954 71.53507424721714 16.0 -18.320371911606895 1.3179357207433497 993.59 1039.52 0 87 "Minimization exited successfully."
SN2009cz 51 0.0211 1944.0518613460483 0.008286043864162712 0.43140766955962917 0.05619547804068281 0.0 0.04509515435802314 0.0001430925603311487 0.06185373871614264 0.012043469137462237 90.73830115765122 12.0 -19.130944872413753 0.9718830968904619 1937.53 1966.46 12 39 "Minimization exited successfully."
SN2006gj 70 0.0284 1001.3100003695183 0.0009993575253913229 -2.282446069374285 0.44807493366129925 0.0 2.4987370466078573e-06 1.8225368956065213e-05 0.028815909554967822 0.012514489696546338 4002.552416875251 31.0 -17.500726228152118 1.5219061200985813 998.83 1096.59 2 68 "Covariance may not be accurate."
SN2005el 143 0.0149 649.0159062038201 0.009300376111535896 -1.3475334091550861 0.21742717671711387 0.0 1.1906042459486343e-05 8.438054708895942e-05 0.010574388759591047 0.005738925961832231 60431.09918024704 42.0 -18.491916175664645 1.3148123019846878 639.89 730.75 21 122 "Minimization exited successfully."
SN2007jh 20 0.0408 1366.583394274524 0.0005178548798089434 -2.3420316360381754 0.4214539883010411 0.0 0.21910256939611372 2.70457376497224e-05 0.12937510291350196 0.03687360750134727 633.0298997313187 14.0 -17.59250312443084 1.5414804686371149 1363.86 1413.8 4 16 "Minimization exited successfully."
SN2007so 39 0.0297 1434.6800000574121 0.001016429756974882 -1.6062739634638836 0.730114166108039 0.0 0.001614044930079217 2.6358471260241856e-05 0.027457609652966397 0.016285694829555553 3274.76711444409 12.0 -17.636479724914857 1.3245326605159313 1449.68 1494.53 0 39 "Minimization exited successfully."
SN2006gt 54 0.0448 1004.4113736067554 0.0007077512395930879 -2.700621783787014 0.23198399538784908 0.0 5.188186923987814e-05 1.904389070868785e-05 0.04624315546776847 0.018575272618023386 1192.2798761882048 21.0 -18.134461027495412 1.6720187117638403 1001.67 1076.62 8 46 "Minimization exited successfully."
SN2007ai 59 0.0317 1176.285327611416 0.0006986473337289412 0.4403312795592482 0.6494923465172606 0.0 0.0001419898222820848 2.2781017673040316e-05 0.07251287177934751 0.021996265455024755 1953.4939600874743 29.0 -17.369534468861985 0.9412290915443791 1167.88 1259.7 20 39 "Minimization exited successfully."
SN2006hb 101 0.0153 999.3588932543466 0.01089654305210179 -2.1081373803524297 0.14331497496661338 0.0 0.04425301049479913 0.000156484886436427 0.014882944633556994 0.009082944589500763 38999.56422465767 50.0 -18.720324718077123 1.510990422414194 1006.87 1143.59 0 101 "Minimization exited successfully."
SN2007hj 173 0.0141 1344.8258230268073 0.00851363943672503 -2.0495358194957616 0.29632624747999725 0.0 2.9751582815151778e-05 6.183319675240242e-05 0.005225446266014844 0.004634612728795395 47859.258898115215 52.0 -18.276657413486213 1.4781141964187121 1348.76 1440.53 0 173 "Minimization exited successfully."
SN2008ia 109 0.0219 1812.8490882530057 0.003505101580815401 -1.442854456824926 0.20466927579316585 0.0 0.08103959892821422 7.273203693634878e-05 0.04932652192491105 0.01427823776005599 247.6192784972847 25.0 -18.279992158441495 1.3378380013432967 1809.77 1874.69 12 97 "Minimization exited successfully."
SN2007ol 7 0.0559 1414.1811205779732 0.0009216097310426774 -3.1027838717922207 0.0034823202998797154 0.0 0.3090369870152472 0.00018873311950573784 1.5038403906551405 0.1651160395851663 5.842375871625533 3.0 -18.9162771336963 1.8435580134545084 1409.79 1422.66 3 4 "Covariance may not be accurate. Covariance not positive definite. Covariance forced positive definite."
SN2008fw 70 0.0085 1745.3853008313854 0.018338961084433652 -0.18907285683146835 0.17000026045759142 0.0 2.8527566655611736e-06 0.00014095082068122863 0.008354512099176148 0.004760705630134643 240212.6315729652 41.0 -17.999154739506782 1.0792438090917589 1740.89 1827.81 2 68 "Minimization exited successfully."
SN2005mc 31 0.0252 729.4938736444836 0.0028995383896816304 -2.196627697819899 0.20518934108119957 0.0 0.12414575636205427 5.816477922057509e-05 0.020996250309178732 0.01176030473891354 2445.362118904045 27.0 -18.383987500892587 1.5280876353136286 736.79 773.62 0 31 "Minimization exited successfully."
SN2009dc 76 0.0214 1950.0335737704747 0.008611450010571804 -0.25134835814710677 0.48410821643058966 0.0 0.025165938742361504 9.531453472536814e-05 0.030258438273863764 0.0072092600204617385 14944.01492718691 15.0 -19.215867620997777 1.0714780887338335 1938.77 1976.68 29 47 "Minimization exited successfully."
SN2009F 82 0.013 1844.5268016150203 0.0012544100399480619 -3.2719907403967845 0.8028945495479236 0.0 0.021446266734528763 1.8132602579526338e-05 0.020921251612401548 0.009196110208328334 26101.971004213505 28.0 -16.04845223154388 1.7586988554912075 1837.75 1884.63 36 46 "Minimization exited successfully."
SN2008go 19 0.0623 1766.7130699248348 0.001083935285585455 -0.5024774958168718 -0.057888916513648914 0.0 0.1952288024428981 5.318031987783798e-05 0.30629015474837296 0.03986760771492476 13.198187635726379 8.0 -19.3390703028709 1.154335051392117 1764.54 1776.58 6 13 "Minimization exited successfully."
SN2008cf 51 0.046 1596.371973668753 0.002506116136030834 0.5787618514880908 -0.13917219916134305 0.0 6.117695988905325e-05 3.786478837333458e-05 0.0283109200175784 0.010745897273754745 9110.899086888156 22.0 -19.56624660027679 0.954218323290597 1595.77 1654.65 2 49 "Covariance may not be accurate."
SN2006bd 31 0.0257 810.1836197994879 0.0009488391977701988 -1.8793856573334509 0.5525799416179047 0.0 0.1566210552659868 3.4959287336139354e-05 0.0569751091843087 0.024126190446468798 1384.0698029146126 12.0 -17.228789980571946 1.406762509594376 822.75 872.57 0 31 "Minimization exited successfully."
SN2007bm 50 0.0062 1223.4865520923115 0.01965629528341603 -0.4997081709339035 0.6967417246972585 0.0 0.06685174523261139 0.00022712022753830323 0.016881693514660956 0.00687601132146165 724.4003930577894 13.0 -17.409754446224063 1.102662449153284 1217.57 1278.52 7 43 "Minimization exited successfully."
SN2006kf 118 0.0213 1040.6262995308484 0.002679920417943463 -2.1214581551020584 0.3485990244511452 0.0 1.191667388411588e-05 3.55567357813529e-05 0.018407037892584688 0.008614402187341552 8032.711659676009 35.0 -17.93120613381214 1.4910306743038042 1036.81 1127.64 20 98 "Minimization exited successfully."
SN2008bt 35 0.0154 1568.9368673266504 0.0022003866883168383 -2.477409249528707 0.679155612199386 0.0 0.08524731116449402 4.2317702427599425e-05 0.024476272851176928 0.012255211171834368 14734.697172365619 24.0 -17.021021075196842 1.544040830395769 1571.61 1651.47 0 35 "Minimization exited successfully."
SN2006mr 118 0.0059 1052.202139195805 0.004783517164469606 -2.493369430977067 0.9358888431853272 0.0 0.03846207082790443 8.903565603776958e-05 0.021100216311875863 0.011694303096996483 40642.3890838591 53.0 -15.787076461386885 1.5124063309405038 1045.86 1147.57 16 102 "Minimization exited successfully."
SN2007le 148 0.0067 1399.9673756579894 0.0499999989682669 0.32327471921264195 0.19868706118996915 0.0 0.028570102061621583 8.043778706213686e-05 0.012740340788462312 0.0008064843387325382 185302.58798903428 46.0 -18.56930235488298 0.9842340493536579 1388.57 1470.55 30 118 "Minimization exited successfully."
SN2008hu 52 0.0497 1805.641298407775 0.0010632741398510393 -1.8228783326590814 -0.017014850988131047 0.0 0.09679641328852995 2.1452710884320414e-05 0.04392103561548888 0.014235970846673607 230.2959029355166 28.0 -18.806930319827153 1.452470205537832 1804.74 1844.84 5 47 "Minimization exited successfully."
SN2009J 18 0.0158 1831.7400000903488 0.0005268465684295315 -0.8161897573254748 0.588758650945397 0.0 0.03879302555162667 2.540321095988315e-05 0.05602863047558371 0.030921345199197203 58.204435144908444 10.0 -15.519996313485958 1.1712207128935894 1846.74 1867.68 0 18 "Minimization exited successfully."
SN2007N 100 0.0129 1112.2639959238804 0.0019013141592310518 -3.0375485847729533 0.7341821177145236 0.0 0.09130119532505887 4.434835222829746e-05 0.025860155313787603 0.014745147909738465 13126.556690798876 39.0 -16.477504628722563 1.6970290900553273 1123.82 1213.67 0 100 "Minimization exited successfully."
SN2006ob 38 0.0592 1063.0238223481504 0.0007518691359073015 -2.119210558182192 0.08806825263050744 0.0 0.1717460171868197 2.5665760078819023e-05 0.08138940017240115 0.024694011919794923 463.1984051481526 21.0 -18.825820039357225 1.5202183062474575 1060.65 1121.57 2 36 "Minimization exited successfully."
SN2006bh 102 0.0109 832.6823503998775 0.03144602277027933 -1.4214064094852876 -0.05861544133462837 0.0 0.03203420900291576 0.0002584976280042093 0.009666353278217077 0.005231132032968322 31886.175465822253 33.0 -19.126581184378864 1.3564161814941524 829.91 891.79 14 88 "Minimization exited successfully."
SN2007ba 68 0.0385 1198.808594422505 0.0010964617956949751 -2.985536183815391 0.36998618768985847 0.0 0.06801075241185117 4.5225143122235066e-05 0.09473198789617965 0.028321792777081245 483.39165887214233 21.0 -18.274875282465285 1.7418429372492845 1190.83 1254.75 24 44 "Minimization exited successfully."
SN2008fp 185 0.0057 1733.5257277714563 0.015124847899898819 -0.1714926695600596 0.9076653917967317 0.0 1.6539136595383752e-05 0.000122978723492281 0.00942115390596543 0.005108755532851061 251232.41802460738 53.0 -16.96032265760659 1.0293241382406801 1725.83 1874.61 50 135 "Minimization exited successfully."
SN2005na 79 0.0263 744.286631707433 0.0044898214414740515 -0.6384287292114204 0.11672695446288195 0.0 1.2582351075707265e-05 5.286507907196862e-05 0.019412841549098836 0.007737825367362894 21940.00796632847 50.0 -18.9524735031641 1.1705768560191814 738.71 834.54 6 73 "Minimization exited successfully."
SN2008R 64 0.0135 1491.3614142779936 0.011495896693907354 -2.2501128079823296 0.1798702673061645 0.0 0.03381957012197745 0.00012839746218523164 0.011936119226111819 0.00716599054550382 9126.581306941158 21.0 -18.50425273585721 1.5459308349588845 1493.63 1532.52 0 64 "Minimization exited successfully."
SN2005bg 31 0.0231 470.9144199819072 0.00816905505261072 0.33781961028000573 -0.11509584023401576 0.0 0.09847080048905354 0.00015145096265397392 0.05940984719457232 0.01355712365172701 537.216548081904 27.0 -19.31581654824445 0.9964134043874786 472.67 512.61 0 31 "Minimization exited successfully."
SN2005ke 222 0.0049 700.5281353848386 0.015484152423471419 -2.1925285276523487 0.5280077015068927 0.0 0.010065124323773489 0.00016467929690055193 0.009047508568135632 0.006634772798374655 258134.7604395323 70.0 -16.62561735990537 1.4881901772922923 689.69 819.51 41 181 "Minimization exited successfully."
SN2007cg 23 0.0332 1228.5996289409625 0.0006093416292091897 0.9434441073440913 0.7823995744230663 0.0 0.20960491582081886 2.603978371626403e-05 0.07511062722104267 0.025939401177201615 22.70305454200226 10.0 -17.334667307739007 0.8534527323639871 1235.63 1259.59 0 23 "Minimization exited successfully."
