analysis_pipeline/fit_results/csp_4_sn91bg_color_interpolation_blue.ecsv
# %ECSV 0.9
# ---
# datatype:
# - name: obj_id
#   datatype: string
# - name: num_points
#   datatype: int64
# - name: z
#   datatype: float64
# - name: t0
#   datatype: float64
# - name: x0
#   datatype: float64
# - name: x1
#   datatype: float64
# - name: c
#   datatype: float64
# - name: z_err
#   datatype: float64
# - name: t0_err
#   datatype: float64
# - name: x0_err
#   datatype: float64
# - name: x1_err
#   datatype: float64
# - name: c_err
#   datatype: float64
# - name: chi
#   datatype: float64
# - name: dof
#   datatype: float64
# - name: b_max
#   datatype: float64
# - name: delta_15
#   datatype: float64
# - name: tmin
#   datatype: float64
# - name: tmax
#   datatype: float64
# - name: pre_max
#   datatype: int64
# - name: post_max
#   datatype: int64
# - name: message
#   datatype: string
# schema: astropy-2.0
obj_id num_points z t0 x0 x1 c z_err t0_err x0_err x1_err c_err chi dof b_max delta_15 tmin tmax pre_max post_max message
[from data line 103]
SN2005bo 36 0.043500000000000004 463.75000305505415 2.4821811273056937e-13 0.7820510556353957 0.2098504541637708 0.0 30.132323654989165 0.9223866941041718 0.3659845065992229 0.6046336621077435 43587.27638521846 32.0 -22.609574108664468 1.9782152454545283 478.75 512.76 0 36 "Covariance may not be accurate."
SN2006bt 39 0.043500000000000004 862.6815519622696 1.557087792036782e-14 1.2448495717416987 0.5112441406234122 0.0 0.003518937948513212 0.0 0.015328313144672534 4.2350543826341625e-05 30076.889973690093 35.0 -19.001398085512875 1.460104362235569 853.76 891.71 9 30 "Covariance may not be accurate."
SN2008fl 89 0.043500000000000004 1716.7285853448745 7.66053886991358e-15 0.8394757719682792 0.052549190053116646 0.0 57.213206392019856 0.932888740250388 0.44671175561105736 0.7049253680598689 710057.6003019379 85.0 -19.14117155788888 1.8833808228921605 1724.49 1789.53 0 89 "Covariance may not be accurate."
SN2007st 44 0.043500000000000004 1486.5933525335056 3.3306690738754696e-15 0.6500017484714905 0.05068399934850082 0.0 0.00010159005978493951 0.0 3.016170535552476e-09 0.004988375726811045 292353.37009987875 40.0 -18.24002718687637 2.2623362656176305 1458.66 1493.55 42 2 "Covariance may not be accurate."
SN2005hc 79 0.043500000000000004 707.5719776046719 2.1649348980190553e-15 0.650000000006922 0.2578596530720242 0.0 78.74238502022195 0.9230599083469511 0.36922309521892405 0.6283977467824375 609737.7962649933 75.0 -17.353710252104694 2.2623501098483167 662.72 755.61 55 24 "Covariance may not be accurate."
SN2009ab 40 0.043500000000000004 1862.1883924187043 1.3614109839465982e-13 0.9144104485700083 0.3922156402229715 0.0 0.025893685452501813 0.0 2.475280649305578e-05 5.307014137020949e-05 369577.4957296375 36.0 -21.61165527001607 1.7760339515475394 1874.57 1911.51 0 40 "Minimization exited successfully."
SN2007as 65 0.043500000000000004 1168.6354105054224 1.0816347817410588e-13 0.9653453208531859 0.5000017911174739 0.0 8.967356848188501e-06 4.163336342344337e-17 9.92273878619443e-08 0.25429054813523977 166982.21749152956 61.0 -21.12367016631466 1.7117525577259247 1181.7 1259.49 0 65 "Covariance may not be accurate. Covariance not positive definite. Covariance forced positive definite."
SN2006hx 31 0.043500000000000004 1043.7030863944642 1.6653345369377348e-16 1.210777592468773 5.133407078677932e-05 0.0 62.63438985197155 1.0087213727208586 0.4604570455829882 0.6179272365564047 57274.36221637356 27.0 -15.07028515934947 1.4827971809152096 1012.66 1080.59 22 9 "Covariance may not be accurate."
SN2008ff 86 0.043500000000000004 1749.992626619231 1.1657341758564144e-14 1.2267512034048762 0.5063724578735078 0.0 0.010962977558733655 0.0 0.0004633941708893641 0.003969591887849122 676503.6271272625 82.0 -18.69488660068017 1.4719583584512819 1724.53 1790.57 48 38 "Covariance may not be accurate. Covariance not positive definite. Covariance forced positive definite."
SN2009ds 36 0.043500000000000004 1940.4890293863707 1.5878964809701301e-13 1.0644545949343258 0.11610262933234089 0.0 24.875373193983137 0.9223871562034638 0.44298703673054957 0.5465422549321497 87771.35690231505 32.0 -22.318426755634547 1.6060418004325854 1956.68 1976.62 0 36 "Covariance may not be accurate."
SN2008O 50 0.043500000000000004 1551.811351133362 1.6653345369377348e-16 0.6503623999314 0.028195843384353048 0.0 72.80825357686513 0.9431418076326474 0.3836093604261739 0.6780890655522349 137767.62126628813 46.0 -15.025023948949844 2.261428491737224 1490.64 1571.48 45 5 "Covariance may not be accurate."
SN2006ot 43 0.043500000000000004 1085.645110591781 5.9119376061289586e-15 0.65 0.5000034442912052 0.0 0.10233319193309853 0.0 0.00012121524977354303 4.472141565831089e-05 117668.64387725771 39.0 -17.96779038114229 2.2623564660457767 1065.68 1119.57 28 15 "Minimization exited successfully."
SN2006py 21 0.043500000000000004 1054.5400001880232 4.912736883966318e-14 0.6823016559877833 0.48616809089922697 0.0 22.753355880101935 0.9223873857354139 0.3045557534656414 0.7071083446843541 16389.02745185778 17.0 -20.300435264070448 2.184404903709993 1069.54 1087.54 0 21 "Covariance may not be accurate."
SN2005be 45 0.043500000000000004 455.03121882302673 3.239075674343894e-14 0.9376817811980546 0.4723603273458556 0.0 19.684450396389337 0.9223868581170949 0.42894562523244073 0.7036932631251255 73000.11152467715 41.0 -19.880766443004816 1.7457131751217148 467.89 491.77 0 45 "Covariance may not be accurate."
SN2006fw 25 0.043500000000000004 1014.6568641784103 1.6653345369377348e-16 1.2499831120657394 0.001513158349380983 0.0 37.96403937360145 0.9231648158650491 0.36792064833110777 0.5982228808442398 57407.34361607327 21.0 -15.067980179433174 1.4567902842223042 1001.75 1039.73 14 11 "Covariance may not be accurate."
SN2007ax 40 0.043500000000000004 1188.5804844222223 6.236677840831817e-14 0.6755130375404353 0.5048798170635913 0.0 48.9682609413843 0.922386822146138 0.41402767543495766 0.7114795227071619 23307.92977258952 36.0 -20.518141324354957 2.200298994757347 1185.56 1246.46 4 36 "Covariance may not be accurate."
SN2007jg 57 0.043500000000000004 1390.8059499238245 1.6653345369377348e-15 0.6500001015210788 0.16952222288637392 0.0 0.000364527148462912 4.163336342344337e-17 1.3293307010719957e-09 0.0025946814197529144 388978.0749284891 53.0 -17.2639203697123 2.262345103053594 1363.82 1423.7 34 23 "Minimization exited successfully."
SN2007af 102 0.043500000000000004 1183.0761280117988 7.772948951156877e-13 1.16826032322923 0.9988124848393565 0.0 72.06277714294924 0.9224183947038306 0.4367633813852193 0.6001812947366658 354060.15032767155 98.0 -22.289696924277813 1.514211289222514 1165.8 1256.69 37 65 "Covariance may not be accurate."
SN2008cc 81 0.043500000000000004 1611.4154441589067 5.2707838094079307e-14 0.6500004321759608 0.462253555388834 0.0 0.0052859274144339 2.0816681711721685e-16 3.943665412786679e-06 0.0007039025730466164 1011182.7040926366 77.0 -20.43264902991018 2.262353963121477 1582.86 1654.86 34 47 "Covariance may not be accurate."
SN2006ef 36 0.043500000000000004 1021.2735351370859 1.0158540675320182e-14 1.090052286288907 0.42220902284737105 0.0 0.0008049556652736101 0.0 7.846746284290163e-06 0.003760135203118825 370056.6013966476 32.0 -18.732547261634625 1.581630424573202 979.9 1040.71 30 6 "Covariance may not be accurate."
SN2007nq 75 0.043500000000000004 1405.104808853538 8.326672684688674e-17 1.012281071465102 0.5072343028874674 0.0 69.43949774927137 0.9257583502981817 0.43890313774330814 0.7134673550056276 253490.9342651581 71.0 -13.328195574462711 1.6590856396974942 1397.65 1476.56 11 64 "Covariance may not be accurate."
SN2008bq 64 0.043500000000000004 1581.9876182118828 1.124100812432971e-14 1.2376722275735783 0.5000634544514656 0.0 0.07795538369748556 4.163336342344337e-17 0.0022918989047292504 0.0007018697651856309 565716.131393708 60.0 -18.665384536655722 1.464760003410717 1562.49 1606.46 47 17 "Covariance may not be accurate. Covariance not positive definite. Covariance forced positive definite."
SN2008hv 93 0.0126 1909.192665615883 5.3636860453121216e-08 0.7570776345942488 0.7892774592551648 0.0 0.0 0.0 0.0 0.0 1651862.2448432767 89.0 -32.06817987100893 2.0245511285787456 1806.79 1884.68 93 0 "Hesse Failed. Covariance may not be accurate. Covariance not positive definite."
SN2009I 18 0.043500000000000004 1848.9165262133197 7.577272143066693e-15 0.650000000386445 0.3404976992202743 0.0 6.635570230173471e-05 0.0 5.4355686618379195e-11 0.0031231367167721402 26485.894782162024 14.0 -18.573529332679858 2.2623517003606217 1848.58 1867.58 4 14 "Covariance may not be accurate."
SN2004gc 80 0.043500000000000004 337.5771152420483 2.881028748902281e-14 0.6767538916077632 0.9373727163606451 0.0 0.007170692170603843 0.0 0.0008380742202765412 0.0006449600775167985 309827.8390327739 76.0 -18.853858995260598 2.1973744714373744 329.83 397.66 18 62 "Covariance may not be accurate."
SN2005lu 49 0.043500000000000004 715.6187984029112 1.6653345369377348e-15 0.660985075419154 0.8826118072815337 0.0 68.57065543137264 0.9319184137264244 0.4045812842880451 0.7307739201374017 101911.82525277995 45.0 -15.871164427976112 2.2351382661150723 720.63 799.52 0 49 "Covariance may not be accurate."
SN2007al 48 0.043500000000000004 1186.3521905339073 5.995204332975845e-15 0.65 0.1905791427528274 0.0 4.458300179521757e-05 0.0 1.6475709685437323e-13 0.06174967801029341 99613.19277641481 44.0 -18.60978148905061 2.26234642330132 1170.77 1246.58 16 32 "Covariance may not be accurate."
SN2005gj 81 0.043500000000000004 850.23 6.007320099699065e-08 0.95 0.7992360748965727 0.0 0.0 0.0 0.0 0.0 280324.69619921956 77.0 -34.91563243992589 1.7303075605032534 698.7 795.54 81 0 "Hesse Failed. Covariance may not be accurate. Covariance not positive definite."
SN2008bz 44 0.043500000000000004 1602.52251750421 8.326672684688674e-17 0.8974624992863123 0.06622925472113661 0.0 59.60290709040669 0.9311621660876868 0.436345845811613 0.501669372615714 250377.01932243258 40.0 -14.208123866983073 1.7990639846577423 1580.72 1651.52 28 16 "Covariance may not be accurate."
SN2007bc 47 0.043500000000000004 1217.036962434913 1.63202784619898e-14 1.1073290755663412 0.19187465024845424 0.0 54.438450275596665 0.9223870618584962 0.3713090972095701 0.5948528323473781 419963.9097108907 43.0 -19.69426686869914 1.5657296089369694 1197.65 1259.53 26 21 "Covariance may not be accurate."
SN2008fr 68 0.043500000000000004 1778.5462894002048 2.7478019859472624e-15 0.6533264220196184 0.1830052660871752 0.0 0.0006966287763816581 0.0 3.3516201258798617e-07 0.10182519642002028 266439.8245304957 64.0 -17.779097847716702 2.254015843078097 1740.72 1807.57 47 21 "Covariance may not be accurate."
