analysis_pipeline/fit_results/csp_4_sn91bg_color_interpolation_all.ecsv
# %ECSV 0.9
# ---
# datatype:
# - {name: obj_id, datatype: string}
# - {name: num_points, datatype: int64}
# - {name: z, datatype: float64}
# - {name: t0, datatype: float64}
# - {name: x0, datatype: float64}
# - {name: x1, datatype: float64}
# - {name: c, datatype: float64}
# - {name: z_err, datatype: float64}
# - {name: t0_err, datatype: float64}
# - {name: x0_err, datatype: float64}
# - {name: x1_err, datatype: float64}
# - {name: c_err, datatype: float64}
# - {name: chi, datatype: float64}
# - {name: dof, datatype: float64}
# - {name: b_max, datatype: float64}
# - {name: delta_15, datatype: float64}
# - {name: tmin, datatype: float64}
# - {name: tmax, datatype: float64}
# - {name: pre_max, datatype: int64}
# - {name: post_max, datatype: int64}
# - {name: message, datatype: string}
# schema: astropy-2.0
obj_id num_points z t0 x0 x1 c z_err t0_err x0_err x1_err c_err chi dof b_max delta_15 tmin tmax pre_max post_max message
[from data line 106]
2008fr 150 0.043500000000000004 1724.06367358977 1.3655743202889425e-14 1.0108093247116547 0.5001232599944162 0.0 0.07967809771116663 0.0 4.4066942636478146e-05 9.387166207658337e-05 208580.0601213535 109.0 -18.87656556169426 1.6606562861046115 1738.78 1807.57 0 150 "Covariance may not be accurate."
2008fu 103 0.043500000000000004 1737.745920025163 1.915134717478395e-15 1.0979576742289194 0.21959414690261458 0.0 26.966319526157122 0.9223876443667139 0.4438112005829135 0.738624267860469 33298.76671226154 82.0 -17.30569917887142 1.5742891599335067 1737.84 1817.67 0 103 "Covariance may not be accurate."
2008fw 162 0.0085 1725.9196696709878 2.0067281170099704e-13 0.7489268452376211 0.03074891061499152 0.0 24.13201025196861 0.9223877992881234 0.34745700113337724 0.5352226040615662 599750.4838449964 135.0 -19.120479703539154 2.0404223557650347 1740.89 1827.81 0 162 "Covariance may not be accurate."
2008gg 198 0.043500000000000004 1738.6365577019615 2.19824158875781e-14 0.9581843902550358 0.0045366285340579515 0.0 4.664124503506173e-06 4.163336342344337e-17 2.72635172998692e-06 0.00016361939066678044 399111.37115214247 148.0 -20.364632122752898 1.720308952162295 1753.63 1827.57 0 198 "Covariance may not be accurate."
2008gl 166 0.043500000000000004 1769.0838741223158 1.5737411374061594e-14 0.7509456860479524 0.4829499002012216 0.0 28.015732305024585 0.9224201782262115 0.44020146672796184 0.7063400666072591 467868.76499049296 119.0 -19.072142833711254 2.036465481579498 1765.7 1844.55 24 142 "Covariance may not be accurate."
2008go 43 0.0623 1767.3982614106544 5.578870698741412e-15 0.6529259303641122 0.48918444434779784 0.0 19.904698253525112 0.9234269622421862 0.3863168408232401 0.7082612055055173 129614.71135146228 32.0 -18.740927343961467 2.2550244381524216 1764.54 1776.58 14 29 "Covariance may not be accurate."
2008gp 169 0.0334 1778.3414978487635 7.827072323607354e-15 0.6587892670590889 0.5001230675438977 0.0 32.1331176686092 0.0 9.518075830994288e-06 6.545605225993789e-05 642792.1688407048 109.0 -17.682277327376678 2.24051439930831 1768.75 1844.52 33 136 "Covariance may not be accurate. Covariance not positive definite. Covariance forced positive definite."
2008ha 106 0.043500000000000004 1768.7421453475017 1.2073675392798577e-14 0.8547260766761009 0.3487128984307418 0.0 36.04364564360901 4.163336342344337e-17 8.828397110294262e-05 0.00012045177942249241 50745.59311893137 82.0 -19.064348442587594 1.8603508804329785 1781.55 1810.55 0 106 "Covariance may not be accurate."
2008hj 127 0.043500000000000004 1803.2300531041722 5.9119376061289586e-15 0.6500000000093308 0.0014652091353677399 0.0 1.6820607697809464e-05 4.163336342344337e-17 2.014610700484809e-12 0.00012569950799165563 491719.5334603512 92.0 -18.943626616740424 2.262339196741255 1794.58 1834.55 43 84 "Covariance may not be accurate."
2008hu 97 0.043500000000000004 1796.0733747918218 9.992007221626409e-15 0.8736465719949017 0.5100354608776332 0.0 0.027727037316822134 0.0 0.002134012498398452 0.0030295243498603686 171630.82494353148 75.0 -18.521680817677343 1.8326791694146145 1804.74 1844.84 0 97 "Covariance may not be accurate. Covariance not positive definite. Covariance forced positive definite."
2008hv 225 0.043500000000000004 1815.0324251395646 7.951972413877684e-14 0.9170138857771097 0.3840497636335994 0.0 29.324312667896947 0.9223875669936268 0.41787381606732216 0.6779820746000242 737207.1137396344 141.0 -21.043954120196837 1.7725642593262325 1804.8 1912.7 46 179 "Covariance may not be accurate."
2008ia 166 0.0219 1817.0964484862538 1.0408340855860843e-14 1.1831123822774328 0.005392297467875895 0.0 28.892326092044755 0.922386975902273 0.43303032565142313 0.6444973863960257 107440.8141448338 92.0 -18.02619733545994 1.5027975633026927 1809.77 1874.69 45 121 "Covariance may not be accurate."
2009D 176 0.043500000000000004 1842.9025929327165 2.040034807748725e-14 1.2495565759102265 0.4991635264399035 0.0 0.0005775011322839418 0.0 7.018856117579908e-05 1.3058842600582876e-05 918062.219784639 127.0 -19.314630451825145 1.4570775073485862 1834.67 1890.52 60 116 "Covariance may not be accurate."
2009F 139 0.013 1847.463222229873 1.0824674490095276e-14 1.2294523082614432 0.3652177031807801 0.0 29.261048498642253 0.9223869193104599 0.41014115422207514 0.6716009360786366 277282.8764266083 93.0 -16.242377128119305 1.4701601868173775 1837.75 1884.63 72 67 "Covariance may not be accurate."
2009I 55 0.043500000000000004 1831.832943791915 1.3322676295501878e-14 1.153316910979719 0.23890798877804315 0.0 20.814063383497455 0.9223893181455054 0.4395445246514184 0.6193968649929318 25041.782837299932 24.0 -19.366097268733515 1.5261493015835974 1846.58 1867.58 0 55 "Covariance may not be accurate."
2009J 41 0.043500000000000004 1846.6019218452393 1.6653345369377348e-16 0.650033463344589 0.057656198250821966 0.0 24.89883950085448 0.9420223177122314 0.3748448017113768 0.5036021858497631 69155.32186292566 33.0 -14.975534435069154 2.2622566869265626 1846.74 1867.68 0 41 "Covariance may not be accurate."
2009P 99 0.043500000000000004 1854.4050203433915 1.6819878823071122e-14 1.2091267162940706 0.06216618249254091 0.0 20.852951924762465 0.9223868840625311 0.3040438910819863 0.7022255391938369 88345.30266339201 78.0 -19.97855869866916 1.4839471051955861 1867.74 1931.61 0 99 "Covariance may not be accurate."
2009Y 264 0.0094 1878.7390827009926 1.846023334195479e-13 0.7525379190547481 0.501258351722527 0.0 15.014583418557777 4.163336342344337e-17 4.077212074737879e-06 2.704104114703565e-05 1370784.4020431761 177.0 -18.319328149788507 2.0333508985180764 1868.84 1976.65 41 223 "Covariance may not be accurate. Covariance not positive definite. Covariance forced positive definite."
2009aa 232 0.043500000000000004 1867.5393093430966 1.4238610290817633e-14 1.2231869711666834 0.4866258130411599 0.0 26.563835842690878 0.92468494862301 0.41603000275066065 0.7081531025363749 707695.568816287 128.0 -18.95469836089667 1.474342672083523 1868.77 1956.66 0 232 "Covariance may not be accurate."
2009ab 102 0.043500000000000004 1879.5585850418556 3.4638958368304884e-14 0.8378032915638765 0.0007242333759581721 0.0 0.03750422303005507 0.0 0.0018632622112679242 0.00015237777590074164 271190.9519755702 56.0 -20.864383163641914 1.8859508487936907 1874.57 1911.51 18 84 "Covariance may not be accurate."
2009ad 128 0.043500000000000004 1891.502377055167 1.0824674490095276e-14 1.2497219166124158 0.0006774526435762707 0.0 29.546366991923833 0.9223869498720806 0.3634574917509828 0.6038217549219972 383100.22719041456 68.0 -19.601581894974 1.4569576457480196 1878.6 1921.53 58 70 "Covariance may not be accurate."
2009ag 208 0.0086 1879.9243647400904 9.98368054894172e-14 1.2499997537379883 0.5879183093526487 0.0 24.13770523170649 0.9223867880453827 0.36911727723454096 0.7272981749211227 420391.6783358882 108.0 -17.311316401659454 1.4567936370715469 1886.62 1959.54 0 208 "Covariance may not be accurate."
2009al 123 0.0221 1876.7120663725086 1.1132761379428757e-13 0.7093957156168453 0.5001161787356657 0.0 0.001305656239765085 8.743006318923108e-16 0.0029221059624456314 0.008180918092947465 110901.80172781463 79.0 -19.649524083018637 2.123060141159904 1891.71 1973.54 0 123 "Covariance may not be accurate. Covariance not positive definite. Covariance forced positive definite."
2009cz 83 0.0211 1952.5200424995944 1.9984014443252818e-14 0.6500007170119199 0.17967521970187672 0.0 30.063523776421334 0.9398930647754116 0.37624228622691336 0.5879010707399903 620304.4068962618 46.0 -18.33298550086582 2.2623440565978292 1937.53 1966.46 47 36 "Covariance may not be accurate."
2009dc 116 0.0214 1948.0519458890385 3.497202527569243e-14 0.7234133863614046 0.0388100462183561 0.0 27.235400218913583 0.9223870441105291 0.43480485080673015 0.5247426245955119 600804.1329308724 59.0 -19.23668059522273 2.092720879028498 1938.77 1976.68 36 80 "Covariance may not be accurate."
2009ds 92 0.043500000000000004 1957.0265654042412 2.373101715136272e-14 0.6500504070050684 0.17697574929070797 0.0 26.001915518983765 0.9223868739856416 0.36663033666660555 0.7348200470953851 206363.13698811937 51.0 -20.13277737479563 2.262218886444167 1954.64 1976.62 11 81 "Covariance may not be accurate."
2009le 66 0.043500000000000004 2164.777123220588 4.3298697960381105e-14 1.2326312178673149 0.6144500614800461 0.0 2.847598484978562 0.0 0.00022042938477118135 0.0007871489471087401 289389.2448547103 50.0 -19.932536190232803 1.4680639380607339 2153.53 2169.58 36 30 "Covariance may not be accurate."
2010ae 57 0.043500000000000004 2262.026694340037 8.1601392309949e-15 0.8361056903776725 0.49185657750611983 0.0 0.00790905402345743 4.163336342344337e-17 0.4881695191746683 0.00392265903442926 18941.412203408894 13.0 -18.337655610447197 1.888584887142418 2258.59 2305.53 24 33 "Covariance may not be accurate."
