analysis_pipeline/fit_results/csp_5_sn91bg_salt2_phase_all.ecsv
# %ECSV 0.9
# ---
# datatype:
# - {name: obj_id, datatype: string}
# - {name: num_points, datatype: int64}
# - {name: z, datatype: float64}
# - {name: t0, datatype: float64}
# - {name: x0, datatype: float64}
# - {name: x1, datatype: float64}
# - {name: c, datatype: float64}
# - {name: z_err, datatype: float64}
# - {name: t0_err, datatype: float64}
# - {name: x0_err, datatype: float64}
# - {name: x1_err, datatype: float64}
# - {name: c_err, datatype: float64}
# - {name: chi, datatype: float64}
# - {name: dof, datatype: float64}
# - {name: b_max, datatype: float64}
# - {name: delta_15, datatype: float64}
# - {name: tmin, datatype: float64}
# - {name: tmax, datatype: float64}
# - {name: pre_max, datatype: int64}
# - {name: post_max, datatype: int64}
# - {name: message, datatype: string}
# schema: astropy-2.0
obj_id num_points z t0 x0 x1 c z_err t0_err x0_err x1_err c_err chi dof b_max delta_15 tmin tmax pre_max post_max message
2004dt 269 0.0066827555876747095 237.3577811813313 7.335798635210722e-14 0.6963750809142286 0.0025660196084926756 2.4656298795939016e-07 1.5438298817116447e-07 0.0 0.00016931056846236636 4.3295164879358916e-05 305922.19194219704 183.0 -17.547983131327232 2.150611513807629 249.79 365.62 0 269 "Covariance may not be accurate."
2004ef 278 0.004183581043142816 266.31195301738774 1.0241807402167069e-14 1.2476014336678294 0.2915815293983599 0.044947724274390734 29.405705080329625 0.9239842748116709 0.3530567336438188 0.6434898246482171 622976.9770993097 251.0 -13.836482961595568 1.457920961829835 255.69 329.57 65 213 "Covariance may not be accurate."
2004eo 269 0.0020000075516424342 273.9507200438987 6.569744748219364e-14 0.6500000011806559 0.5000092667560126 7.412688735400352e-12 5.963808916931157e-06 0.0 7.88430432052678e-12 0.1859157954207448 3521010.2747061476 221.0 -13.826575876369347 2.2606710773782908 266.52 341.54 63 206 "Covariance may not be accurate. Covariance not positive definite. Covariance forced positive definite."
2004ey 213 0.002000000001202225 275.46907129592705 1.7694179454963432e-13 0.6671747429929309 6.757956059116887e-05 1.448713111279476e-13 1.8286947778278773e-05 4.163336342344337e-17 4.5883471855301394e-08 1.699494834528359e-05 1096734.0310061583 104.0 -15.880322230408167 2.2185265262724503 295.53 358.55 0 213 "Covariance may not be accurate."
2004gc 134 0.0021043500777296054 334.7599254638729 6.661338147750939e-15 0.6631742930753475 0.012198147006557136 0.053102543597561294 28.39855811369614 0.9223869734541065 0.3289329886150811 0.658304917654053 109443.442925896 110.0 -12.410989506329202 2.228172238599658 329.83 397.66 25 109 "Covariance may not be accurate."
2004gs 299 0.015416685128864597 337.85137569888917 1.6736612096224235e-14 1.1466600992115707 0.12313637647867814 1.7978113958476427e-08 1.380276444251649e-07 0.0 1.332901795603192e-07 0.0010274336483781232 198606.13146960107 119.0 -17.563770429994946 1.5310859734191595 352.85 461.56 0 299 "Covariance may not be accurate."
2004gu 156 0.08407153435788656 343.69226235582596 9.992007221626409e-15 1.2306492788324717 7.561080511364615e-06 9.14433757881472e-09 5.979058158800399e-06 0.0 1.1101770702737213e-07 0.0006524083020425508 193857.98319089614 104.0 -21.009630981512217 1.468938497686164 357.86 410.84 0 156 "Covariance may not be accurate."
2005A 182 0.08499930005995422 373.1773130366912 1.1823875212257917e-14 0.6514629111653528 0.1830398642640778 2.96896444929029e-10 2.2010343457168347e-05 0.0 3.646298274428972e-08 0.04543259398274488 258777.14225277648 139.0 -20.882584416012733 2.256995045170118 376.65 433.53 0 182 "Covariance may not be accurate."
2005M 381 0.0020000226443300444 385.9427445404506 8.501532811067136e-14 0.6500000000003592 0.10450085741353415 5.55096871246441e-11 1.5453255883812744e-05 0.0 5.941913627793838e-13 0.0010192052568153975 1035981.7273156955 211.0 -14.906132755025997 2.2606574071422187 396.77 480.51 0 381 "Covariance may not be accurate."
2005W 117 0.002000011992714574 422.3089572157431 7.227551890309769e-14 0.6500000003173656 0.0004491554970588174 1.0479655316274206e-10 5.190782295017016e-05 0.0 4.5866810349792786e-11 0.00024271578053236542 1069890.6681453004 100.0 -14.907635423371849 2.2606540779093027 404.54 429.51 91 26 "Covariance may not be accurate."
2005ag 208 0.08499996818924455 426.7253763596398 2.4147350785597155e-15 0.9775526290942367 0.3448684730307581 7.254716272164785e-11 2.55638204009756e-05 0.0 4.2163779262471834e-07 0.009818497036505086 338299.7567125773 199.0 -18.843116009623973 1.696753356676755 412.82 480.84 69 139 "Covariance may not be accurate."
2005al 238 0.021389631588923652 430.62997370391173 6.369904603786836e-14 0.9418097235198336 0.4746363305918285 9.955944739723638e-05 0.0018631285573178502 4.163336342344337e-17 0.00012391845507836452 6.648705289741264e-05 708782.9594559445 189.0 -19.03234891650585 1.7396904267238256 429.76 512.79 6 232 "Covariance may not be accurate."
2005am 203 0.018554010247439662 438.8958427686672 2.1149748619109232e-13 1.0527487473026886 0.46833726453951846 0.061187711683689854 28.72110692691018 0.9235687740044551 0.44264936839118885 0.7031208221089122 557244.9052659941 175.0 -20.03637562862587 1.6169099656885315 432.58 512.46 15 188 "Covariance may not be accurate."
2005be 68 0.0020000109251319016 457.6845657552974 1.1907141939104804e-14 0.6500000001684404 0.0009242023263129617 2.2384389264037963e-11 9.55505171873483e-06 0.0 7.474576513288866e-12 0.00012745617789422514 158156.23467854134 63.0 -12.948926102552061 2.26065409119294 467.89 491.77 0 68 "Covariance may not be accurate."
2005bg 95 0.0020202327248833333 456.9919950150508 7.53563877964325e-14 0.6609541530114557 0.05611680445835299 3.244561497315994e-08 9.213244635475348e-05 4.163336342344337e-17 2.011533216605965e-06 0.00034292538848007537 354041.1869320499 85.0 -14.883355141611696 2.233567880070863 471.65 512.61 0 95 "Minimization exited successfully."
2005bl 64 0.08498820283834038 485.38744667791343 3.0808688933348094e-15 0.8945459085269806 0.17729015045129254 0.05145240782894973 29.131523182318574 0.9223876329557628 0.41129952449248613 0.7348597220063515 28975.835262888308 59.0 -19.434332653918442 1.8022104188407049 476.61 512.57 45 19 "Covariance may not be accurate."
2005bo 54 0.0020001052568729026 482.8796356362058 3.164135620181696e-14 0.6500006036937419 0.026723205573837727 0.05099945480414369 28.20670115838493 0.922387504611446 0.36870183879278495 0.6766357676493505 64069.21768080514 49.0 -13.968677844696742 2.2606533045437764 478.75 512.76 24 30 "Covariance may not be accurate."
2005el 236 0.002010690871529956 642.7123675170935 4.1799896877137144e-14 1.2081910791052415 0.28112256537628644 0.05064000667210955 27.86416485260088 0.9223871727083289 0.42361903419673314 0.6388317903384358 481588.96148619504 96.0 -13.786168139288879 1.4841650186178903 639.89 730.75 16 220 "Covariance may not be accurate."
2005eq 211 0.0020030996786107036 641.2217462368908 2.148281552649678e-14 1.2499177235030334 0.531673598113209 4.206555037915456e-08 0.0007955813532589673 4.163336342344337e-17 0.599725837767686 8.912889439571803e-05 485570.51253538526 85.0 -12.565244627542086 1.4564402625012853 647.8 751.66 0 211 "Covariance may not be accurate."
2005gj 227 0.08499999975346809 711.4696426182655 7.827072323607354e-15 1.0422542998475979 0.18060139256368868 8.309228305414251e-12 3.4104820599623054e-05 0.0 5.239757531194655e-07 0.0014813838189991768 241571.92728411307 114.0 -20.439924765101964 1.6273805410436069 698.7 1016.76 42 185 "Covariance may not be accurate."
2005hc 163 0.0020007626620003965 681.3876486648094 4.496403249731884e-15 1.1994623344929938 0.22017675724534946 3.528090894520247e-10 1.9049537002047146e-05 0.0 2.3362588263964312e-07 0.0016904781962801818 541558.8310079145 90.0 -11.4760924555307 1.4903349363087202 661.67 755.61 76 87 "Covariance may not be accurate."
2005hj 102 0.0020000302443333854 680.5122046060227 6.827871601444713e-15 0.650000897831587 0.6652566567279008 8.719255677712423e-11 3.506297235844613e-05 0.0 1.2780728142480768e-09 0.02901177274998612 172919.1488981879 59.0 -11.070873984477661 2.2606694833437295 671.67 761.57 32 70 "Covariance may not be accurate."
2005hk 245 0.08315660786686273 663.8195395635915 5.362377208939506e-14 0.6632735585190784 5.10924635932497e-12 6.931240130458871e-09 6.150369074475748e-06 0.0 5.000428321411121e-08 3.426897338065782e-06 1173204.0801006227 98.0 -22.808753371162464 2.2279314295169748 675.61 761.54 0 245 "Covariance may not be accurate."
2005iq 154 0.07785466331496804 667.6675389722095 1.8318679906315083e-14 0.947167194870959 0.00024270505958207123 1.0946013354051765e-07 1.0185972996623605e-05 0.0 1.410059227435756e-06 0.05442085368427066 379548.2965356104 91.0 -21.491105447515604 1.7329974821720988 682.55 755.55 0 154 "Covariance may not be accurate."
2005ir 65 0.07251323853407497 697.8725747255694 1.2490009027033011e-15 0.650029689246103 0.3550398288091682 0.06065312889894116 33.73990447390838 1.1270217743826572 0.4486836332092308 0.6663883585608256 93362.53115189004 55.0 -17.744587874890822 2.2605921664791495 682.62 740.53 41 24 "Covariance may not be accurate."
2005kc 125 0.08212548618438005 705.9472759084713 2.6895152771544417e-14 0.6518386914697687 0.0945447197519681 1.3361649675580622e-08 1.3060916046470084e-05 0.0 2.9202485762880315e-08 nan 600534.5605443666 78.0 -21.87072941190383 2.25605216227234 687.52 728.54 83 42 "Covariance may not be accurate."
2005ke 367 0.08453286781493988 699.4152619194949 1.0366707492437399e-13 0.6585987723694864 0.008797256011645549 5.7747877868497e-09 1.7743635453371098e-05 4.163336342344337e-17 6.633118443399866e-08 0.0004622473048348785 302913.3651216645 164.0 -23.54824165680221 2.239323198300813 689.69 819.51 60 307 "Covariance may not be accurate."
2005ki 310 0.0020042222816522757 699.0376873332027 2.6145752229922437e-14 0.650000045720933 2.000825455883426e-05 5.68541719129026e-10 1.869994821390719e-05 0.0 1.5910384121298193e-10 2.397211149868239e-05 480540.15931560413 100.0 -13.808909951031058 2.260653952246514 695.86 861.5 11 299 "Covariance may not be accurate."
2005ku 37 0.07912275961511972 700.6384831173458 6.5780714209040525e-15 0.6500000044976354 0.5000021462466263 0.042269243368454425 29.152732751037945 0.9224007165694244 0.36898215971741466 0.7103742848024621 34588.84048936722 32.0 -19.438364168024908 2.260671069027069 699.56 739.53 7 30 "Covariance may not be accurate."
2005lu 88 0.0020000005219922056 707.7991174633154 1.1657341758564144e-14 0.6864275514752267 0.15449126274473723 0.054904404607166654 20.416819252877133 0.9923038467562326 0.31814730411509 0.5726469793018576 51701.75692063635 45.0 -12.651855536726263 2.173307754850132 719.66 799.52 0 88 "Covariance may not be accurate."
2005mc 83 0.07994414379521718 723.3169249145578 2.4397150966137815e-14 0.6846719684585769 0.2085641276670197 1.1025384239610192e-07 4.258883768670785e-05 4.163336342344337e-17 7.776806262294045e-07 0.0027328383792432076 119489.8016608059 78.0 -21.47207306924418 2.1773594395868763 736.79 773.62 0 83 "Covariance may not be accurate."
2005na 170 0.0020249589807617104 735.1895952119625 1.7819079545233762e-14 1.2369734964971872 0.49467023494326884 0.0521123195468859 25.68540538779763 0.930773854765779 0.32917040940208725 0.7125580194988517 405311.0356451924 106.0 -12.449996874854946 1.4648021262271413 738.71 834.54 0 170 "Covariance may not be accurate."
2006D 298 0.0020034447354060855 757.3259893831118 1.274813588025836e-13 1.1722787457812174 0.3846252625943838 0.050813087236900235 28.30053327564235 0.9223874565123176 0.4358591969189069 0.6781719256127194 880515.4124846582 142.0 -14.803247077270253 1.5105886933624966 751.84 891.61 12 286 "Covariance may not be accurate."
2006X 312 0.033023902555056245 787.0977027002418 1.3805623311213822e-13 1.2498318181462806 0.4999239951013887 0.0002692487511081233 0.0047470157823568115 8.326672684688674e-17 2.4740126011946195e-05 3.438575063269278e-06 379567.6117674897 157.0 -20.77359821302959 1.4564952235268045 775.68 906.46 64 248 "Covariance may not be accurate."
2006ax 236 0.002000097624040475 824.4023473954693 3.247402347028583e-14 1.1881227031374768 0.4769600043994059 0.05135366910383336 29.129256387908754 0.9287718265843291 0.32099029951283004 0.7073228138960168 862463.1272935038 126.0 -13.117159467224806 1.49859860440759 815.64 891.5 43 193 "Covariance may not be accurate."
2006bd 52 0.08498917646980528 812.0833608465541 3.913536161803677e-15 1.2455856907360312 0.500008006757308 0.05143534675292605 21.62965181264218 0.9223929093605759 0.3895158976472953 0.710372286310133 20282.973251409334 27.0 -19.038739882000858 1.4592214945543525 822.75 872.57 0 52 "Covariance may not be accurate."
2006bh 175 0.002000010535438991 817.1232165318983 2.071676163950542e-13 0.6826881729754607 0.027968471570913644 0.05129547498592777 20.31862278127511 0.9272535012486995 0.4210287513808928 0.5391241401840339 512656.20047666 79.0 -16.00670062271585 2.1819449666232877 829.91 891.79 0 175 "Covariance may not be accurate."
2006br 64 0.08499737278946298 847.291850081739 4.246603069191224e-15 0.6786874629403733 0.002996633193641074 2.296798418122137e-09 7.330944964678565e-05 4.163336342344337e-17 6.301135924147161e-07 0.0006652220799591713 17494.278805197766 45.0 -20.10105993517277 2.191261871371502 855.66 891.66 0 64 "Covariance may not be accurate."
2006bt 88 0.047068095075550036 838.7830544742967 1.9984014443252818e-14 1.240954926073612 0.1791836661856448 1.6525249421639465e-07 3.836807366042194e-06 0.0 2.921702582092678e-07 0.0016697958422648151 247144.4301866748 60.0 -20.118387147143476 1.4622046216588132 853.76 891.71 0 88 "Covariance may not be accurate."
2006dd 217 0.01668207280259726 913.3463074488824 1.461580856343403e-12 0.6506331792898934 0.5001604672946977 0.0004483113294547099 0.0024652520205563633 7.28583859910259e-15 0.5037716399140069 0.0021451964370934884 8.918792563078934 -4.0 -21.825305637633832 2.2590825066321383 906.94 1147.57 1 216 "Covariance may not be accurate."
2006ef 56 0.06946828308259209 994.8738756771086 1.1907141939104804e-14 0.650000051020463 0.3073079399553792 5.6898341656286266e-08 3.0225536818306864e-05 0.0 3.075282806186408e-10 0.0016619660320748297 440246.3524629477 51.0 -20.180116249007376 2.260665592752563 979.9 1040.71 17 39 "Covariance may not be accurate."
2006ej 64 0.0024456778278980846 976.1425414985625 2.123301534595612e-14 1.050601604341573 0.1526669490130642 0.048384757667647826 25.621438290608694 0.9223868756966724 0.4420354809948221 0.5714901608232879 53244.11257495659 43.0 -13.744190833967007 1.6190305513648546 979.74 1046.74 0 64 "Covariance may not be accurate."
2006eq 98 0.08499884560261146 970.7574642317572 3.6637359812630166e-15 1.2048612333275583 0.4875014280689626 0.051292663133249025 22.256269259593353 0.9223872059772019 0.42516484802530513 0.7074294927485286 25565.169462839953 78.0 -18.997857074224545 1.4865048553516296 980.56 1029.51 0 98 "Covariance may not be accurate."
2006et 236 0.00200000001778352 970.8186398494208 6.702971511174383e-14 0.650000000006162 0.07056616075151001 0.05675740215111394 20.956638793489674 1.0257257499234962 0.41029116592433856 0.5090448558861165 441189.71776685864 68.0 -14.709270222083832 2.260656198611523 982.63 1099.54 0 236 "Covariance may not be accurate."
2006ev 116 0.002018630704104566 980.9459613919464 2.3397950243975174e-14 0.6500936366921353 0.5105577871134277 1.108723701589401e-05 0.0062747466967039145 0.0 1.6015429467386433e-05 0.0005587595845401028 103547.85636264906 46.0 -12.709064027310909 2.260436002581347 993.59 1039.52 0 116 "Covariance may not be accurate."
2006fw 31 0.08499999772136228 1010.490328564908 0.0 0.8489083574630242 0.5000195759183704 0.0 0.0 0.0 0.0 0.0 0.0 -5.0 inf nan 1001.75 1039.73 12 19 "Hesse Failed. Covariance may not be accurate. Covariance not positive definite."
2006gj 122 0.08416944154680979 1017.1434632332172 1.915134717478395e-15 1.217709052709318 0.0008521901107408913 0.05685364278724364 30.547036880599023 0.9643159213659613 0.31533118171533364 0.6024517504800215 110442.20349561254 87.0 -19.217341599082463 1.477601999643415 998.83 1096.59 48 74 "Covariance may not be accurate."
2006gt 93 0.08499922083371171 1003.7412579888983 1.1657341758564144e-15 0.9611429130216855 0.4537196531666202 2.127181516972665e-07 0.38477331910542034 0.0 0.0005915126032439155 1.6355472943790916e-05 106568.65985294657 69.0 -17.83283740732358 1.7159911653527828 1001.67 1076.62 16 77 "Covariance may not be accurate."
2006hb 190 0.08157590156596602 991.8766058783019 5.33739719088544e-14 1.0224709294331593 0.0023241962852832976 0.04332417269413539 24.82463786299178 0.9228634321548206 0.40589764980260307 0.6346504708098357 296948.26343222253 74.0 -22.755953922605123 1.6476516162094121 1006.87 1143.59 0 190 "Covariance may not be accurate."
