analysis_pipeline/fit_results/csp_5_sn91bg_color_interpolation_red.ecsv
# %ECSV 0.9
# ---
# datatype:
# - name: obj_id
#   datatype: string
# - name: num_points
#   datatype: int64
# - name: z
#   datatype: float64
# - name: t0
#   datatype: float64
# - name: x0
#   datatype: float64
# - name: x1
#   datatype: float64
# - name: c
#   datatype: float64
# - name: z_err
#   datatype: float64
# - name: t0_err
#   datatype: float64
# - name: x0_err
#   datatype: float64
# - name: x1_err
#   datatype: float64
# - name: c_err
#   datatype: float64
# - name: chi
#   datatype: float64
# - name: dof
#   datatype: float64
# - name: b_max
#   datatype: float64
# - name: delta_15
#   datatype: float64
# - name: tmin
#   datatype: float64
# - name: tmax
#   datatype: float64
# - name: pre_max
#   datatype: int64
# - name: post_max
#   datatype: int64
# - name: message
#   datatype: string
# schema: astropy-2.0
obj_id num_points z t0 x0 x1 c z_err t0_err x0_err x1_err c_err chi dof b_max delta_15 tmin tmax pre_max post_max message
[from data line 49]
SN2005bg 31 0.002000005056190179 485.606322605905 6.5780714209040525e-15 0.650000000059678 0.0017940623043545822 1.945766883119232e-10 0.00029814860388910347 0.0 5.699313243567872e-11 0.015342329831323304 179734.40270530386 26.0 -12.30328286540977 2.262339205730534 472.67 512.61 23 8 "Covariance may not be accurate."
SN2005ke 222 0.08499624567990091 728.6526801087161 2.0566881531181025e-14 1.2327956185184372 0.48088469545977774 0.05080302425738538 98.96333470727973 0.9749996124358293 0.3389518020038022 0.7232266065594017 604090.9663468214 81.0 -20.88668285915209 1.4679549535765624 689.69 819.51 133 89 "Covariance may not be accurate."
SN2007cg 23 0.0034963045863717936 1245.5681700789169 3.497202527569243e-15 0.650130975721018 0.3802107034651258 0.00017155934664838117 0.024298264763274346 4.163336342344337e-17 7.937526170553877e-05 0.0009197374830424154 27618.778638891818 13.0 -12.119234081126496 2.262023096022091 1235.63 1259.59 10 13 "Covariance may not be accurate."
SN2004gu 68 0.0020024281543397906 356.489201326908 9.325873406851315e-15 0.758151749825106 0.5000365519158196 0.05084934145254974 40.76119561484691 0.9223874920402233 0.44113443250677103 0.710376535101451 124134.97753213426 58.0 -11.709524539736943 2.0224866462683195 357.86 410.84 0 68 "Covariance may not be accurate."
SN2007jd 17 0.0020031115536481964 1389.0896241454623 4.163336342344337e-16 1.214606838131409 0.012344931736292752 1.1433818320502435e-07 0.009579510383559864 4.163336342344337e-17 3.116780423406684e-05 0.7398207323783675 6336.073545723364 12.0 -9.293225729086124 1.480154648878706 1362.83 1409.83 13 4 "Covariance may not be accurate."
SN2007hx 14 0.0020077194197326213 1343.029896136068 1.2490009027033011e-15 0.6500021849406054 0.2612292222218975 0.05125500596883034 50.35174422194882 0.9325366117979563 0.3735054440532618 0.6299498598152722 3937.1052574054693 9.0 -10.00374965189112 2.2623446687834985 1354.78 1411.73 0 14 "Covariance may not be accurate."
SN2008ha 56 0.0020117980274338546 1788.2339150387872 6.078471059822732e-15 0.6500007043877556 0.4817203143396853 9.143733914170624e-06 0.011712325210964991 0.0 7.411623152153712e-06 0.00034562598799731115 18727.31524517292 31.0 -11.299256484296013 2.2623539788615545 1781.55 1810.55 19 37 "Covariance may not be accurate."
SN2005hj 52 0.002000035829752874 716.0971918935289 8.326672684688674e-17 1.2452476445635121 0.003648608062230718 4.573406473624628e-09 0.007351005342400185 4.163336342344337e-17 4.432821815503196e-06 0.6545590877124531 80994.73705127239 27.0 -7.556316258609403 1.4598337645066124 671.67 761.57 40 12 "Covariance may not be accurate."
SN2005hk 156 0.08328547062315554 700.6314656102899 2.656208586415687e-14 1.1151187858159424 0.5432130324967276 0.0556157324438151 68.83921565493347 0.922452552051636 0.44336306361364264 0.719513224789129 384009.60592720524 51.0 -21.001150569120597 1.5587443757141273 675.61 761.54 74 82 "Covariance may not be accurate."
SN2005ir 13 0.01800584849078781 677.552263872488 2.498001805406602e-16 0.8338494511881114 0.0012804979740806965 0.049415819625534305 40.87750817108662 0.922671090751745 0.4430737637425611 0.5997633986245552 10605.714649105501 8.0 -13.551632136592822 1.8920674312983792 682.62 740.53 0 13 "Covariance may not be accurate."
SN2005bl 23 0.0020000098301845913 461.6100000022036 8.493206138382448e-15 0.6504665721607019 0.5001476372222371 1.9079756264500647e-10 0.013140110717785092 0.0 1.119469172361498e-07 2.2096508895952383e-06 16621.26899762022 18.0 -11.605176557944432 2.261183140558259 476.61 512.57 0 23 "Covariance may not be accurate."
SN2005M 172 0.0020000412818755417 420.9959375918554 1.2156942119645464e-14 1.2458893273977458 0.2054466989937268 1.4951122631612357e-10 0.00012098571545493542 4.163336342344337e-17 1.2620744793689909e-07 0.0009753346164445287 494391.04790069716 126.0 -12.588769936995906 1.4594267883047287 397.73 480.51 65 107 "Covariance may not be accurate."
SN2008bf 83 0.002002995324515317 1640.9545474485678 2.498001805406602e-16 0.650003432039007 0.336495036744933 0.06181964689422148 94.69511201528792 1.112745682099089 0.44437950214532296 0.661220549136257 575609.4381552722 53.0 -8.12346469551457 2.26234297748994 1546.79 1646.49 79 4 "Covariance may not be accurate."
SN2006eq 62 0.0849999712858054 990.4505195214697 8.326672684688674e-17 0.6500000007899543 0.032340855569538696 0.05108947566119538 43.48738299375594 0.9236760645301201 0.36947961080217057 0.5330613922016366 60248.35794279086 29.0 -15.784771872023782 2.262340090458583 980.56 1029.51 20 42 "Covariance may not be accurate."
SN2009aa 150 0.002005567317530188 1901.2869592266102 3.497202527569243e-15 0.6500009343865343 0.009364886242973158 3.838964800348052e-09 0.0002123759062442332 0.0 4.23366353086152e-09 0.007432537666450384 551687.4472094454 45.0 -11.61135716813774 2.262337066840967 1868.77 1956.66 96 54 "Covariance may not be accurate."
SN2008hj 65 0.0020000061265016632 1803.1137121698766 6.744604874597826e-15 0.65000000000354 0.0011595101846196831 9.969256908708146e-11 0.00012923292899813532 0.0 6.467937296861237e-12 0.0003374204776528944 115689.56953117828 29.0 -12.331430407924309 2.262339188289509 1794.58 1834.55 23 42 "Covariance may not be accurate."
SN2006ax 146 0.002015826528322141 860.4784614652754 1.0325074129013956e-14 0.8577056191931163 0.04381095005391561 3.5524770709101025e-08 0.0004237725168536599 0.0 8.630881567550652e-06 0.08453230460644315 604378.6255733707 46.0 -12.741444008690891 1.8559199254708574 815.64 891.5 111 35 "Covariance may not be accurate."
SN2009D 93 0.002229037986045603 1819.8625688934353 8.967826481409702e-14 0.681510913763245 0.6464396956555051 1.107417555965039e-06 0.0001426490466656105 0.0 0.0005965230391243304 9.644830254523784e-05 283801.52658735577 43.0 -14.140980059499054 2.186245462383205 1834.67 1890.52 0 93 "Minimization exited successfully."
SN2008gl 87 0.0020000647293888668 1766.6821538845081 9.825473767932635e-15 1.1110824984346597 0.49907349563414144 6.699474119995635e-10 0.05611552028744882 0.0 2.300835189039674e-06 1.7452138138251971e-06 44668.99948032465 39.0 -11.765960768979376 1.5623538556713221 1765.7 1844.55 2 85 "Covariance may not be accurate."
SN2008cd 9 0.0020178787863510917 1572.8058253499369 3.8469227803261674e-14 0.6888584065785139 0.5001196114628379 0.05070277513990793 13.609851434564916 0.9223870519014328 0.3020877472762143 0.7104101284898935 115.17177182787339 4.0 -13.26467042485525 2.1692613967018843 1587.74 1595.73 0 9 "Minimization exited successfully."
SN2007A 49 0.0020666374879204997 1092.531841132436 4.8377968298041196e-14 1.2104211161550622 0.47553711395822507 0.05003536878813521 25.327575052656584 0.9224046014828255 0.4225187650194968 0.704500189755477 30131.386006708413 13.0 -13.624454335189366 1.483058041868972 1107.53 1133.53 0 49 "Covariance may not be accurate."
SN2008ar 70 0.026100000000000005 1626.6858920102595 3.9131692886051894e-07 0.6796782399512457 0.499049746297421 0.0 0.0 0.0 0.0 0.0 312090.27223829157 35.0 -36.38469228869468 2.190520530321219 1527.79 1627.59 69 1 "Hesse Failed. Covariance may not be accurate. Covariance not positive definite."
SN2006X 188 0.003261991326118833 804.0143820385083 1.3472556403826275e-13 1.2100226282657358 0.49428225139301735 0.04647570013520551 94.12984789244308 0.922386824554281 0.4227194317498217 0.7090399331972437 591477.493576525 78.0 -15.684790387057669 1.4833355729815505 775.68 891.59 73 115 "Covariance may not be accurate."
SN2006ej 21 0.0020068079657879333 985.3685905759611 1.2156942119645464e-14 0.6500129925224692 0.05688336617282025 0.06657395939414583 45.83926376729045 1.2098353617543944 0.48256639017383285 0.5043993759776115 27494.64203192864 6.0 -12.886807808931959 2.2623081721644986 980.72 1018.7 3 18 "Covariance may not be accurate."
SN2005eq 112 0.0020134405394207477 678.8945215860647 4.496403249731884e-15 1.2468969964056815 3.0054791028133465e-07 4.213207018075732e-09 0.00023508205362077206 0.0 1.7136463070777097e-07 2.707456902417693e-05 282564.9804385623 50.0 -11.907589918889489 1.4587714803656375 647.8 751.66 61 51 "Covariance may not be accurate."
SN2008gg 102 0.002000003911502719 1780.7365172241189 6.744604874597826e-15 0.6500000000000001 0.48847759790121387 2.0815372559282452e-10 0.0001431876891047068 0.0 2.0856039117944647e-11 0.004751957415342373 459019.6946922929 51.0 -11.383222658530606 2.262356008863037 1753.63 1827.57 57 45 "Covariance may not be accurate."
SN2004ey 102 0.05548324124761869 318.38427432070955 2.2065682614424986e-14 1.2032435956399334 0.2829947492307568 0.055462440541267845 55.15641993628509 0.9225868212578712 0.3094208825912605 0.6396627752238073 780772.3965093535 69.0 -20.38097016432457 1.4880936164115788 295.53 358.55 54 48 "Covariance may not be accurate."
SN2010ae 52 0.002000002081892102 2253.2612253323487 2.4313884239290928e-14 0.6669464323599896 0.49857286186050104 1.6124415281714571e-09 0.12286986999174587 4.163336342344337e-17 1.2282430826737745e-05 4.9494173895436866e-05 1164.457439368133 7.0 -12.75087856223983 2.220696684623711 2258.59 2305.53 0 52 "Covariance may not be accurate."
SN2007ux 88 0.0020076812484994574 1471.1386672376084 1.6653345369377348e-16 1.2492943342455023 0.4994818409882522 1.717796919878216e-08 0.26048985444367645 0.0 4.3935501525815823e-07 5.898426617145791e-05 224886.47459883188 42.0 -7.346089756230491 1.4572456586896223 1466.82 1554.65 21 67 "Covariance may not be accurate."
SN2005W 40 0.00200001175294571 392.775215554558 2.2765123119938835e-13 0.6500001912110592 0.47174842911814263 7.836232871361731e-10 0.014891507779481117 0.0 8.628588066272869e-09 1.5411438618995188e-05 176354.46388228633 35.0 -15.243571102590877 2.262354904021361 404.54 429.51 0 40 "Covariance may not be accurate."
SN2007on 204 0.002012931396324259 1427.869245109094 2.046696145896476e-13 0.8027886877664638 0.5007339134808264 0.05148064134107338 72.2887276869402 0.9225412954578899 0.3761430062428978 0.7106026282025077 165067.80159540905 63.0 -15.073213210869973 1.9422480004770257 1410.73 1508.61 60 144 "Covariance may not be accurate."
SN2005ku 17 0.0020159582844833423 721.7793665209268 3.3306690738754696e-16 1.2491626676719307 0.09971274939067232 8.53687650982475e-08 0.001985211228202388 0.0 1.6576023356140723e-06 0.10509130515787954 28841.578301819747 9.0 -8.914839457392233 1.4573188401319968 699.56 739.53 13 4 "Covariance may not be accurate."
SN2008fu 58 0.002000000751760661 1784.6546890799164 8.326672684688674e-17 0.6500000000375225 0.05851551189724613 0.0534862870785382 72.04527973421307 0.9665549524197542 0.386624132864437 0.7002281636522496 65140.6758086118 36.0 -7.465730381428866 2.2623409203296063 1737.84 1817.67 53 5 "Covariance may not be accurate."
SN2007bd 66 0.0020026201433407313 1216.431941387465 6.161737786669619e-15 0.6918607967572505 0.013541706205584703 0.08108529239271367 41.91610733101572 1.4671664207394381 0.5781123126665082 0.6604399794690974 103250.10021693137 22.0 -12.216425416344531 2.1623746371260033 1197.53 1259.46 29 37 "Covariance may not be accurate."
SN2006is 80 0.002111892424489608 1014.6573349010692 9.658940314238862e-15 1.2460206024588458 0.32466299356576306 2.666896417983589e-06 0.01173027717709374 0.0 0.000484366242171852 3.235227441769628e-05 107236.77169245626 52.0 -12.228054170810129 1.4593455660840569 1009.86 1125.67 5 75 "Covariance may not be accurate."
SN2008bc 101 0.002000110553322659 1580.304400763376 1.5487611193520934e-14 1.2005982750718478 0.49260372546134296 8.399390271805404e-08 0.001926450896348797 4.163336342344337e-17 0.0007892544091085973 4.5911776717977304e-05 640788.0473068184 43.0 -12.27592667580019 1.4899826667281708 1542.56 1646.46 59 42 "Covariance may not be accurate."
SN2007mm 17 0.002000000000012265 1397.9400640756721 8.326672684688674e-17 0.6500000000057122 2.1622400470655556e-06 5.881394763568304e-12 0.0004100091974805764 0.0 4.2617298579017415e-11 0.00047504706945367126 26976.79275619606 12.0 -7.562035548940386 2.262339156299376 1385.72 1418.69 8 9 "Covariance may not be accurate."
SN2008C 73 0.0020035022868215035 1479.5239855697218 1.2906342661267445e-14 0.6500216527556056 0.4855141094887708 0.05081112985541409 61.16629621654158 0.9223874007471382 0.3704664783893922 0.7069502136988635 101969.61906570847 39.0 -12.098753329145541 2.2623014071919343 1469.81 1552.5 19 54 "Covariance may not be accurate."
SN2004dt 88 0.002014871053183588 256.989800459954 9.742207041085749e-15 0.6944435402546388 0.5002419544779796 2.749032575579194e-09 0.01947689931489549 0.0 3.892859513632274e-07 1.4367891923994236e-06 886231.504733687 83.0 -11.770093208194815 2.156510040336112 249.79 365.62 12 76 "Covariance may not be accurate."
SN2006br 41 0.025219209722210853 869.1523118851786 1.8318679906315083e-15 0.6977232731739734 0.40494564331913907 0.05297416858869468 36.84242348370174 0.9223869286259053 0.31031471707422714 0.6846832427103433 25263.978094693925 15.0 -15.694919233084654 2.149081048534466 855.66 891.66 31 10 "Covariance may not be accurate."
SN2005ag 41 0.0020185275554865136 418.443855479186 3.3306690738754696e-16 0.6720116599907222 0.5009445890353601 0.05052895548993703 51.80225374344238 0.9226847448174795 0.41149098788572275 0.7107123393609485 30694.374261947694 36.0 -8.107614188661351 2.208587851678722 412.82 479.84 6 35 "Covariance may not be accurate."
SN2007sr 156 0.0034582575121539887 1764.2398402341303 0.01627758571883725 0.9544547413567384 0.822602809546708 0.0 0.0 0.0 0.0 0.0 1538044.9791482943 62.0 -42.89338993798571 1.724847655155541 1454.84 1955.57 152 4 "Hesse Failed. Covariance may not be accurate. Covariance not positive definite."
SN2009ad 80 0.002061264970231453 1889.3881668016686 1.0158540675320182e-14 1.2433865251249525 0.017744794505284323 0.05007642449792843 40.34790386625116 0.9223871658712062 0.3937915897903122 0.6663925552714776 74023.41076597627 19.0 -12.815248031936235 1.4610356614962718 1878.6 1921.53 24 56 "Covariance may not be accurate."
SN2006et 151 0.002002849481491066 1020.1425068264857 9.908740494779522e-15 0.9845918565590313 0.001045842138466313 3.2886145586233373e-09 0.0007244586568617706 0.0 2.01012623879393e-06 0.00039949018197149577 422617.89607638586 45.0 -12.75235451249695 1.689452716035028 982.63 1099.54 84 67 "Minimization exited successfully."
SN2009P 46 0.0020158412015663014 1893.2156061366268 5.828670879282072e-15 1.2490281970838841 0.23404496664306113 5.316407175755787e-08 0.0008334415575745879 0.0 1.0827154125481186e-06 0.11400359551764483 114753.98249229709 24.0 -11.741607642875195 1.4574104903548317 1867.74 1931.61 32 14 "Covariance may not be accurate."
SN2004ef 111 0.002011884858843767 258.1177509030213 9.992007221626409e-15 0.6500000000096752 0.49974057543633005 0.051461851865527194 65.49572324487778 0.9225292376719127 0.3690107016911352 0.7103690744419002 520243.8298814983 95.0 -11.79537786127618 2.2623564554533644 255.69 329.57 6 105 "Covariance may not be accurate."
SN2006os 66 0.08404792038961412 1105.1490771538927 5.828670879282072e-16 0.6505236450887211 0.21188738555382558 0.04710185464560211 62.53973193196384 0.9223869639352916 0.36138157610769384 0.6057092906013705 156529.53123563665 30.0 -17.525046439568893 2.261030871506616 1063.65 1133.56 54 12 "Covariance may not be accurate."
SN2008bi 48 0.0020000218193697897 1542.9475566075319 1.1074474670635936e-14 0.6788834690212585 0.5000225228907353 0.05102093332256104 46.74948905340682 0.9223886784446462 0.3082787322725339 0.7103738206848678 25286.78265458891 30.0 -11.893515443156147 2.1923797387549584 1551.52 1628.47 0 48 "Covariance may not be accurate."
SN2009le 30 0.002003426505217387 2141.5051056887883 7.177591854201637e-14 0.6500037598949869 0.536481714823668 1.8292098620314654e-08 0.0002799761593905714 4.163336342344337e-17 5.140488051891268e-08 0.005227970306785346 68915.32802229153 13.0 -13.867352597877394 2.2623471297117685 2153.53 2169.58 0 30 "Covariance may not be accurate."
