analysis_pipeline/fit_results/csp_4_sn91bg_salt2_phase_all.ecsv
# %ECSV 0.9
# ---
# datatype:
# - {name: obj_id, datatype: string}
# - {name: num_points, datatype: int64}
# - {name: z, datatype: float64}
# - {name: t0, datatype: float64}
# - {name: x0, datatype: float64}
# - {name: x1, datatype: float64}
# - {name: c, datatype: float64}
# - {name: z_err, datatype: float64}
# - {name: t0_err, datatype: float64}
# - {name: x0_err, datatype: float64}
# - {name: x1_err, datatype: float64}
# - {name: c_err, datatype: float64}
# - {name: chi, datatype: float64}
# - {name: dof, datatype: float64}
# - {name: b_max, datatype: float64}
# - {name: delta_15, datatype: float64}
# - {name: tmin, datatype: float64}
# - {name: tmax, datatype: float64}
# - {name: pre_max, datatype: int64}
# - {name: post_max, datatype: int64}
# - {name: message, datatype: string}
# schema: astropy-2.0
obj_id num_points z t0 x0 x1 c z_err t0_err x0_err x1_err c_err chi dof b_max delta_15 tmin tmax pre_max post_max message
2004dt 269 0.0197 235.16327515241483 9.41746680638289e-14 0.8247966995158431 0.5001264064604196 0.0 0.2870232042923817 0.0 2.4751352333485244e-05 4.547641341900999e-05 568315.4235340944 178.0 -19.21423285050856 1.9052622649716984 249.79 365.62 0 269 "Covariance may not be accurate."
2004ef 278 0.031 266.76391942334476 1.2240208846492351e-14 1.195163778177012 0.4388509943074431 0.0 7.106692265779202e-06 0.0 6.622942327894066e-08 0.0005306457849148516 1074159.311462446 252.0 -18.14359817664616 1.4934382432261195 255.69 329.57 71 207 "Covariance may not be accurate."
2004eo 269 0.0157 278.29633400341703 3.039235529911366e-14 1.2487761420438364 0.03965889407119605 0.0 29.474541077014322 0.9223868839100254 0.35728393805091324 0.5236997400693575 632980.8581711235 222.0 -18.400842197535983 1.4571587396057843 266.52 341.54 90 179 "Covariance may not be accurate."
2004ey 213 0.0158 274.92250522633344 2.8027580256662077e-13 0.669744326272652 0.5001041611126589 0.0 0.0001337255188218478 4.163336342344337e-17 2.2524823239944425e-07 0.38448964712209516 1770373.7906316398 105.0 -19.912868791511873 2.212395756079868 295.53 358.55 0 213 "Covariance may not be accurate. Covariance not positive definite. Covariance forced positive definite."
2004gc 134 0.0321 318.82866818328824 1.715294573045867e-14 0.8867759492161161 0.43767901883145877 0.0 21.370187475071816 0.9223868834407408 0.40885389689372126 0.6944029643450854 188179.02365973507 87.0 -18.5900182799056 1.813074421507089 329.83 397.66 0 134 "Covariance may not be accurate."
2004gs 299 0.0267 337.9077810531594 2.4064084058750268e-14 0.7215148095718634 0.07363818714114828 0.0 3.775872784217427e-05 0.0 4.852648247899438e-06 0.003467030079015998 227733.00465525733 128.0 -19.260267363633098 2.0953535541163966 352.85 461.56 0 299 "Covariance may not be accurate."
2004gu 156 0.0459 364.20524274012035 6.5780714209040525e-15 1.0939155467395156 0.4695203389631953 0.0 28.086455707369453 0.9285793747394309 0.446381763047705 0.7053086605038836 200967.67689645156 147.0 -18.27699340401781 1.5774413725656125 357.86 410.84 19 137 "Covariance may not be accurate."
2005A 182 0.0191 361.66408578103625 2.9976021664879227e-14 0.8905936183053953 0.5000058162368662 0.0 5.846016790655995e-07 0.0 2.2910756425353895e-07 0.2160769640874637 120483.26228260802 119.0 -17.90336474860355 1.8077230303599912 376.65 433.53 0 182 "Covariance may not be accurate. Covariance not positive definite. Covariance forced positive definite."
2005M 381 0.022 387.2873944774068 5.4040105723629495e-14 0.6500005312826622 7.549172953424943e-10 0.0 1.4426421358848529e-05 0.0 5.941632741368608e-10 2.5642071692366653e-06 985937.4836411853 218.0 -19.833109823300187 2.260652732380077 396.77 480.51 0 381 "Covariance may not be accurate."
2005W 117 0.0089 429.5099990561026 7.893685705084863e-14 0.6500418922733602 0.5491778558815192 0.0 2.2218179651645187e-07 0.0 1.746036634164838e-07 0.004278890257964352 921459.0411091214 83.0 -17.199020970294818 2.2605660460884707 404.54 429.51 112 5 "Covariance may not be accurate."
2005ag 208 0.0797 426.78095351598085 8.326672684688674e-17 0.7892259731104847 0.00018303264564961674 0.0 9.592244578016107e-05 0.0 1.3432727978268666e-06 0.008481197526827133 425854.0957647149 188.0 -15.68881860214725 1.9643699746609364 412.82 480.84 69 139 "Covariance may not be accurate."
2005al 238 0.0124 439.90269263844266 3.3056890558214036e-14 1.2499973495977459 0.046792079338169035 0.0 29.313819806999817 0.9223868571571249 0.36842362742428664 0.5153129853775067 750894.3297786262 196.0 -17.96219860550717 1.4563765216640725 429.76 512.79 36 202 "Covariance may not be accurate."
2005am 203 0.0079 420.84287109453163 5.966060978579435e-13 0.6519850675116939 0.5083966660669788 0.0 20.759386840033102 0.9223892688935282 0.3829958434968666 0.7122693769407842 707734.0688045713 110.0 -19.201594751033312 2.255700601060644 432.58 512.46 0 203 "Covariance may not be accurate."
2005be 68 0.035 466.63584202330816 7.327471962526033e-15 1.2436621504469207 0.4578739828644035 0.0 28.569167537745983 0.9240333816277374 0.3940363900392356 0.7005430398384509 245282.38872957983 64.0 -17.814471582377642 1.4604604607759342 467.89 491.77 0 68 "Covariance may not be accurate."
2005bg 95 0.0231 456.6597364190596 3.039235529911366e-14 1.2072817276717909 0.011933770809425925 0.0 9.664869224934591e-06 4.163336342344337e-17 2.378887673293306e-06 0.00044310245717307795 422061.70563854586 86.0 -19.2970382241948 1.484791405004847 471.65 512.61 0 95 "Covariance may not be accurate."
2005bl 64 0.0241 485.2353492152391 7.494005416219807e-15 0.6500000331723982 0.5000753987121008 0.0 0.021735966888485336 4.163336342344337e-17 0.3996059285636475 7.082333215913117e-05 72929.92698023503 60.0 -16.911278267916636 2.2606709972400303 476.61 512.57 45 19 "Covariance may not be accurate. Covariance not positive definite. Covariance forced positive definite."
2005bo 54 0.0139 482.3731696831792 2.8227420401094605e-14 0.6773199023738795 0.010337686255026013 0.0 28.07829265189389 0.9223871123603171 0.31005060518580774 0.5699921501188439 54109.894345399465 50.0 -18.101101953861097 2.1944648376451443 478.75 512.76 24 30 "Covariance may not be accurate."
2005el 236 0.0149 643.333869409603 3.239075674343894e-14 1.2371901772075198 0.04655498354655285 0.0 28.031530436304706 0.9223868581026138 0.32952074599437303 0.5155818459707167 343171.7582636183 97.0 -18.343497531350835 1.4646481682062475 639.89 730.75 16 220 "Covariance may not be accurate."
2005eq 211 0.029 660.9974578441654 1.3322676295501878e-14 0.9228492901625888 0.024735706548594416 0.0 29.559600514492956 0.9223868914185239 0.4247172490106039 0.5438911173492098 522978.082212062 134.0 -18.88450403916763 1.7639997859283802 647.8 751.66 42 169 "Covariance may not be accurate."
2005gj 227 0.0616 686.3151141454663 1.4155343563970746e-14 1.2120969785009994 0.5000901762051299 0.0 0.05415440150977702 0.0 6.333605620856275e-06 1.3675583799277469e-06 95391.65771271047 68.0 -19.69968697465151 1.481459214099626 698.7 1016.76 0 227 "Covariance may not be accurate."
2005hc 163 0.0459 678.197053040844 5.162537064506978e-15 1.2432315066443227 0.038556555576974016 0.0 29.52600047400574 0.9223869225721987 0.3940595008273961 0.525055836232411 475446.99217611254 118.0 -18.856730578104425 1.4607268346666373 661.67 755.61 74 89 "Covariance may not be accurate."
2005hj 102 0.0574 658.1867812356527 1.2490009027033011e-14 0.6500000010756163 0.49719119472378914 0.0 0.03933753717529953 0.0 1.2541695459944435e-10 2.4242396642615294e-06 139334.07802284448 59.0 -19.410931899015754 2.260670965941326 671.67 761.57 0 102 "Covariance may not be accurate."
2005hk 245 0.013 661.5582307385456 4.8960835385969403e-14 1.2317067536853792 0.008364095116901393 0.0 21.818797552153683 0.922388967933377 0.4081526871571571 0.5746848410737386 852488.2131050777 76.0 -18.55534161599637 1.4682413147115572 675.61 761.54 0 245 "Covariance may not be accurate."
2005iq 154 0.034 685.925512457963 8.743006318923108e-15 0.6500000003003524 0.5001141837993873 0.0 0.011634536211147406 0.0 1.587618925213974e-14 5.909212008603504e-10 405505.86937191826 111.0 -17.842072921236376 2.260671079906434 682.55 755.55 24 130 "Covariance may not be accurate."
2005ir 65 0.0763 696.7170383074072 2.248201624865942e-15 0.6513144554992736 0.5491608123655323 0.0 0.002613851982232518 0.0 3.972441398075732e-05 0.0008100254708896526 72648.0353666988 55.0 -18.10919106176969 2.2573767010575203 682.62 740.53 41 24 "Covariance may not be accurate."
2005kc 125 0.0151 696.7351532391785 2.248201624865942e-14 1.1292034515572096 0.4281542561305976 0.0 29.308235728268926 0.9275399187076502 0.4424168506217591 0.6933215997089246 198649.34897030806 69.0 -17.238538762591205 1.5458396053314338 687.52 728.54 53 72 "Covariance may not be accurate."
2005ke 367 0.0049 707.9287743461142 7.702172233337023e-14 0.7444139102500994 0.5985567328299886 0.0 29.35024173455855 0.922386908636047 0.3446693549671254 0.7288938478264428 716865.6217525355 131.0 -15.782482524415094 2.048086283616424 689.69 819.51 112 255 "Covariance may not be accurate."
2005ki 310 0.0192 719.9065154216989 6.661338147750939e-15 1.22413284234998 0.2623881501111234 0.0 0.0023000103780645986 0.0 0.00028306087817009384 0.0005657551536833172 909897.8541397587 141.0 -16.75123783740544 1.4732786481614042 695.86 861.5 86 224 "Covariance may not be accurate."
2005ku 37 0.0454 721.0690723776632 3.83026943495679e-15 1.2434512329311773 0.4998428954861192 0.0 0.0022016019752300053 0.0 0.00552619283146405 2.0267147495089954e-05 27689.002874197497 21.0 -17.592801690022856 1.4605978554723897 699.56 739.53 31 6 "Covariance may not be accurate."
2005lu 88 0.032 704.6676964293972 1.890154699424329e-14 0.7712532822850301 0.4918450189700875 0.0 24.362485110428736 0.9224132726599612 0.4424547178541114 0.7084764892084712 63103.90029328036 51.0 -18.56442114759342 1.996621670999268 719.66 799.52 0 88 "Covariance may not be accurate."
2005mc 83 0.0252 725.0917704106159 2.1815882433884326e-14 0.8106362735261178 0.49728112875787583 0.0 21.610544320290103 0.9223868747030015 0.490023709326175 0.7457908173732213 105423.35832657723 79.0 -18.17697296592917 1.928106501080805 736.79 773.62 0 83 "Covariance may not be accurate."
2005na 170 0.0263 737.3006725286821 2.173261570703744e-14 1.2482318703191193 0.4482140051864748 0.0 29.444101488216972 0.9223879475954473 0.38223239691142635 0.6973338699317735 475952.6217645323 125.0 -18.3816872168061 1.4575192834629043 738.71 834.54 0 170 "Covariance may not be accurate."
2006D 298 0.0085 751.1912376198961 1.1082801343320625e-13 1.2218614894710513 0.1813472358082565 0.0 26.773750669273227 0.9223867817233502 0.30911615612521753 0.5888697393003858 502799.8837912165 125.0 -18.19399491788046 1.4747994440754368 751.84 891.61 0 298 "Covariance may not be accurate."
2006X 312 0.0052 782.0021375564214 1.3397616349664077e-13 1.1792241385207887 0.5099755687363222 0.0 28.700306244217245 0.9223923559037396 0.4341146376222513 0.7126213558576334 546636.5173935203 121.0 -16.66475320065173 1.5052694533086761 775.68 906.46 26 286 "Covariance may not be accurate."
2006ax 236 0.0167 822.3054102662106 3.95516952522712e-14 1.1055211488971217 0.4675390545876337 0.0 28.769171703398797 0.9224328834356877 0.4436823032643559 0.7024806239403775 991992.7144559835 127.0 -17.986177035486655 1.5667969133438007 815.64 891.5 32 204 "Covariance may not be accurate."
2006bd 52 0.0257 808.212435581053 1.0658141036401503e-14 0.7894653355594858 0.5001082612466952 0.0 nan 0.0 9.422087008087443e-05 0.00020231989040767062 14125.516670925048 28.0 -17.435859748988587 1.9639672212751513 822.75 872.57 0 52 "Covariance may not be accurate."
2006bh 175 0.0109 816.9152310824342 2.368105711525459e-13 0.7075816408518065 0.4639489181949314 0.0 0.0005216089408577318 4.579669976578771e-16 0.0003347533750917009 0.0007481743630328164 764976.1222609312 80.0 -19.001352498332473 2.1255941348567884 829.91 891.79 0 175 "Covariance may not be accurate."
2006br 64 0.0246 840.6622418605482 2.015054789694659e-14 0.6839171698929624 0.5001320833091706 0.0 0.0005063031447321009 1.6653345369377348e-16 0.004096677892081291 0.00034049644174888316 27269.430555935567 46.0 -18.030535302327934 2.1791128745385713 855.66 891.66 0 64 "Covariance may not be accurate. Covariance not positive definite. Covariance forced positive definite."
2006bt 88 0.0322 844.4530833724905 2.098321516541546e-14 0.9591352393872996 0.5010099969103816 0.0 22.591521253956557 0.9223907365494695 0.42826292983139946 0.7106012077903952 314448.2609125347 66.0 -18.670154849171645 1.7184011798367642 853.76 891.71 0 88 "Covariance may not be accurate."
2006dd 217 0.0059 912.6506053182595 8.739675649849232e-13 0.6502382158164703 0.4926772846512293 0.0 28.572734318459084 0.922386489128101 0.36387457927840583 0.7086623169605284 6.844790948576287 -3.0 -19.010116617622067 2.2600727893244823 906.94 1147.57 1 216 "Covariance may not be accurate."
2006ef 56 0.0179 984.9234063901766 2.531308496145357e-14 0.6670712595931554 0.5116290456201207 0.0 0.024760597726242395 0.0 0.5906137554832125 0.0002968603613989207 210083.05574759986 42.0 -17.558431768572532 2.2187910996975475 979.9 1040.71 12 44 "Covariance may not be accurate. Covariance not positive definite. Covariance forced positive definite."
2006ej 64 0.0205 966.7208370227631 6.894484982922222e-14 0.7396536178073934 0.5000841519938076 0.0 20.490496008473997 0.9223868812852369 0.43834457401287713 0.7103872645158432 101549.64626427356 39.0 -18.96347978383697 2.0576585260092948 979.74 1046.74 0 64 "Covariance may not be accurate."
2006eq 98 0.0495 968.6644775506994 6.744604874597826e-15 0.8066337927893371 0.6222571219701641 0.0 0.006792979356646356 0.0 0.00044244834988060866 0.0008855050601157544 33329.04819983378 79.0 -18.189033091135336 1.9347217931436695 980.56 1029.51 0 98 "Covariance may not be accurate."
2006et 236 0.0226 967.665650234225 3.963496197911809e-14 1.2045725504238316 0.007711578603759317 0.0 24.086598951724284 0.9223871193046337 0.425293525931347 0.5763478093045775 458809.5826743875 87.0 -19.543727310187293 1.4866949345519291 982.63 1099.54 0 236 "Covariance may not be accurate."
2006ev 116 0.0287 978.6363797334651 1.0574874309554616e-14 1.2497736773755594 0.38183317278477386 0.0 26.991773798849408 1.037680799519198 0.36400083014289303 0.6909149823482664 123074.43672569186 63.0 -17.930798830743633 1.4565295389654658 993.59 1039.52 0 116 "Covariance may not be accurate."
2006fw 31 0.0835 1000.5161261100411 1.9984014443252818e-15 0.6586412842159615 0.487240341846766 0.0 26.580874246148483 0.9247139522788888 0.3970448643827168 0.7083147285094052 29419.24043658582 27.0 -18.299476893875983 2.239234822137373 1001.75 1039.73 0 31 "Covariance may not be accurate."
2006gj 122 0.0284 1014.3038820509755 6.661338147750939e-16 0.8394429068525769 4.652072066457791e-06 0.0 0.00021034327789948293 0.0 3.269256774574014e-06 0.0025808913023331603 113281.9605074798 73.0 -15.625216087478496 1.8824310210748934 998.83 1096.59 45 77 "Covariance may not be accurate."
2006gt 93 0.0448 1009.9999993537893 7.494005416219807e-16 0.7008391049409383 5.4552917738703854e-11 0.0 2.065598891931586e-08 0.0 8.840576580237958e-07 2.1778980378195367e-05 140086.7374780059 70.0 -16.76941331359632 2.1405686777171518 1001.67 1076.62 32 61 "Covariance may not be accurate."
2006hb 190 0.0153 992.3305669820386 1.11743947428522e-13 0.6804747924960642 0.5008641832571324 0.0 22.69568374818465 0.9224056451423034 0.41738798586469605 0.7105742973837594 303779.535745807 59.0 -18.842605715573843 2.187105583278292 1006.87 1143.59 0 190 "Covariance may not be accurate."
2006hx 70 0.0455 1019.6022229341334 6.161737786669619e-15 1.1662166855977172 0.11991876416946001 0.0 28.82137999119658 0.9223878223923642 0.43719647381107 0.5493213317156683 20187.434258089295 50.0 -18.884183415759566 1.5153090523969794 1012.66 1080.59 16 54 "Covariance may not be accurate."
2006is 176 0.031 997.8300335259319 3.605449272470196e-14 0.6771233736829643 2.977293689365723e-09 0.0 3.1837137839829666e-05 0.0 3.3433517904191135e-07 2.76488346898085e-06 375406.9278872811 60.0 -20.153176584505196 2.194925594364671 1008.9 1125.67 0 176 "Covariance may not be accurate."
2006kf 180 0.0213 1043.263074307047 5.578870698741412e-15 1.1946311364351065 0.017392575145750377 0.0 28.726466744550407 0.922386994121112 0.4292906720572865 0.5559245944612439 217925.78106957796 109.0 -17.268575744303 1.4938128872454115 1036.81 1127.64 44 136 "Covariance may not be accurate."
2006lu 128 0.0534 1041.4405698155936 4.413136522884997e-15 1.1215471024661032 0.25002308244071947 0.0 27.197404512603384 0.9223871561808864 0.44297850197984706 0.7396465816260194 85755.73476446315 81.0 -18.600373847366477 1.5524947808438405 1040.84 1137.75 6 122 "Covariance may not be accurate."
