analysis_pipeline/fit_results/csp_4_sn91bg_color_interpolation_blue.ecsv
# %ECSV 0.9
# ---
# datatype:
# - name: obj_id
#   datatype: string
# - name: num_points
#   datatype: int64
# - name: z
#   datatype: float64
# - name: t0
#   datatype: float64
# - name: x0
#   datatype: float64
# - name: x1
#   datatype: float64
# - name: c
#   datatype: float64
# - name: z_err
#   datatype: float64
# - name: t0_err
#   datatype: float64
# - name: x0_err
#   datatype: float64
# - name: x1_err
#   datatype: float64
# - name: c_err
#   datatype: float64
# - name: chi
#   datatype: float64
# - name: dof
#   datatype: float64
# - name: b_max
#   datatype: float64
# - name: delta_15
#   datatype: float64
# - name: tmin
#   datatype: float64
# - name: tmax
#   datatype: float64
# - name: pre_max
#   datatype: int64
# - name: post_max
#   datatype: int64
# - name: message
#   datatype: string
# schema: astropy-2.0
obj_id num_points z t0 x0 x1 c z_err t0_err x0_err x1_err c_err chi dof b_max delta_15 tmin tmax pre_max post_max message
SN2008J 38 0.0159 1505.6551693300394 2.4480417692984702e-14 1.1746669902308922 0.018804868042498424 0.0 34.72612323867668 0.922386870163089 0.43528570134364614 0.5534516016913837 197727.52998995516 34.0 -18.228102337992176 1.5092250573498198 1484.54 1515.52 34 4 "Covariance may not be accurate."
SN2005kc 48 0.0151 710.7218843694649 1.8235413179468196e-14 0.6500004213419845 0.16856322335309326 0.0 0.00020948299146539284 0.0 3.6716596429897663e-09 0.0026578124428423 472180.13665461296 44.0 -17.52049455961979 2.262344251786999 687.52 728.54 34 14 "Covariance may not be accurate."
SN2005A 73 0.0191 361.72059674616736 2.4646951146678475e-14 1.242762095117659 0.506662359108193 0.0 0.0015369220304819464 0.0 0.428381053284761 5.525577933462866e-05 25013.93023228109 69.0 -17.68030573293178 1.4614530783071409 376.65 432.52 0 73 "Covariance may not be accurate. Covariance not positive definite. Covariance forced positive definite."
SN2009Y 116 0.0094 1899.913976990965 7.502332088904495e-14 0.6507796452124296 0.46181987946268394 0.0 0.012832781672955207 4.163336342344337e-17 3.751253808137456e-07 8.60882410058661e-06 1525619.3526271216 112.0 -17.434185775362778 2.260395311813074 1869.84 1976.65 43 73 "Covariance may not be accurate."
SN2004gs 164 0.0267 394.01753265098273 4.912736883966318e-15 0.7478679080575489 0.506981913066219 0.0 0.0014579705559469858 0.0 0.001984263060389291 0.0033460134679550446 534884.5071671864 160.0 -16.66861899579289 2.04253066234714 352.85 461.56 92 72 "Covariance may not be accurate. Covariance not positive definite. Covariance forced positive definite."
SN2004eo 147 0.0157 295.7727754604185 1.8818280267396403e-14 0.6500000000010353 0.15932228732969939 0.0 4.542358817616332e-05 0.0 7.988609773690314e-13 0.000678084446443683 2179217.1935725627 143.0 -17.659365216846936 2.2623448731694964 266.52 341.54 90 57 "Covariance may not be accurate."
SN2008gp 73 0.0334 1840.4085362699605 6.182694930023658e-06 0.763522877568248 0.7533747916889895 0.0 2.5011104298755527e-12 1.822392449446486e-06 4.49095094445795e-10 0.001793643428733338 687582.7953248075 69.0 -39.43200630184188 2.0122631781279128 1768.75 1814.69 73 0 "Covariance may not be accurate. Covariance not positive definite. Covariance forced positive definite."
SN2007ca 44 0.043500000000000004 1224.1081880757154 7.477352070850429e-14 0.6500000000219588 0.5000209960589775 0.0 0.007156790994713447 0.0 7.478628827328748e-12 9.867577115962867e-07 312825.8283313762 40.0 -20.722807705795343 2.2623564660476987 1218.68 1259.63 4 40 "Covariance may not be accurate."
SN2009al 55 0.0221 1969.7724352733876 0.0032965532522444274 0.6516379759423742 0.9906520621415578 0.0 0.0 0.0 0.0 0.0 395497.0897531256 51.0 -44.873039623133494 2.258241496148118 1897.7 1947.57 55 0 "Hesse Failed. Covariance may not be accurate. Covariance not positive definite."
SN2008ae 30 0.043500000000000004 1515.5784214273742 8.326672684688674e-17 1.2460518107168221 0.5089802055957087 0.0 0.4693227379412974 0.0 4.166765210644741e-06 4.329426287985605e-05 42720.64804406311 26.0 -13.325412946133593 1.4593294301598654 1508.74 1597.56 6 24 "Covariance may not be accurate."
SN2006dd 141 0.043500000000000004 1025.9913751224406 2.148281552649678e-13 0.9475936063329012 0.39108804715137707 0.0 182.96071760063893 0.9223867120278546 0.4267698244702127 0.6802832409565076 769090.4053498472 137.0 -22.109145452241528 1.7332788667250796 906.94 1147.57 32 109 "Covariance may not be accurate."
SN2005ki 163 0.043500000000000004 739.0751534127229 6.411537967210279e-15 0.6861952219402163 0.5081785191585206 0.0 118.4598476744859 0.9223870823410375 0.42073887039139396 0.7122196395772206 866849.4479352788 159.0 -18.042918341279133 2.1753890817107973 695.86 861.5 53 110 "Covariance may not be accurate."
SN2007if 67 0.043500000000000004 1384.362570512281 3.0808688933348094e-15 0.653794065482004 0.44892331093991467 0.0 70.9973203917034 0.9223869558974842 0.3480768280356083 0.6975274358276149 330875.75391404255 63.0 -17.37956417027771 2.252859610864043 1357.77 1443.6 38 29 "Covariance may not be accurate."
SN2006D 147 0.043500000000000004 808.3603236241225 2.656208586415687e-14 1.2498195177827218 0.6186469048764199 0.0 0.00023604381004815878 0.0 5.516294032437141e-05 1.629178237455564e-05 1391811.0988479794 143.0 -19.3940492994297 1.4569091840470598 751.84 891.61 94 53 "Covariance may not be accurate."
SN2006lu 80 0.043500000000000004 1078.9986467272922 8.326672684688674e-17 0.6500000059266751 0.0026462440468994486 0.0 80.62783891243089 0.9716462899809111 0.38863130705295834 0.6359310855584317 174849.24581332208 76.0 -14.313615061315119 2.262339214630007 1040.84 1137.75 40 40 "Covariance may not be accurate."
SN2009ag 72 0.043500000000000004 1874.5799926591421 3.5380032237242176e-13 0.6898448173963396 0.49947673144716187 0.0 46.71176491537119 0.9223872573529519 0.3030596616497886 0.7102475023138146 201539.79312732708 68.0 -22.411659242539866 2.1669996609702302 1888.59 1937.5 0 72 "Minimization exited successfully."
SN2006ev 29 0.043500000000000004 978.5954831681901 3.114175584073564e-14 1.2184879866376783 0.45762996923554594 0.0 41.83607157756143 1.0369048482664445 0.3053988337938334 0.7259213570524643 41495.367081890196 25.0 -19.871790310016298 1.4775164886381091 994.59 1038.53 0 29 "Covariance may not be accurate."
SN2009cz 32 0.043500000000000004 1965.8191003389907 9.742207041085749e-15 1.233876040767841 0.0018546129698582825 0.0 29.082451213525133 0.9223869000937014 0.3244257392943252 0.6326006353512387 396675.77432321804 28.0 -19.485330740950634 1.4672311534815954 1937.53 1966.46 28 4 "Covariance may not be accurate."
SN2006gj 52 0.043500000000000004 1046.447810923951 1.6653345369377348e-16 1.1880369245611972 0.07278129545477396 0.0 81.45975551934407 0.9236449538177756 0.32190525912143036 0.7074934524960674 117601.46524259567 48.0 -14.949222152524829 1.4991210983532035 998.83 1096.59 32 20 "Covariance may not be accurate."
SN2005el 93 0.043500000000000004 677.7712072601886 7.41073868937292e-15 1.249771383872766 0.0787917779065907 0.0 75.18832319148106 0.922386986849129 0.3639756135702967 0.7101662955385918 1034825.8605903449 89.0 -19.05948636809117 1.4569279449522305 639.89 730.75 45 48 "Covariance may not be accurate."
SN2007jh 25 0.043500000000000004 1367.2228819662064 8.326672684688674e-17 0.652317283225278 0.500616230727017 0.0 41.532051179067025 0.9224464639675154 0.3527859522577696 0.7105348825881665 52058.630175924074 21.0 -13.338678921547455 2.2565448367310452 1363.86 1395.86 6 19 "Covariance may not be accurate."
SN2007so 27 0.043500000000000004 1447.2174102128604 4.996003610813204e-16 1.2301237368283586 0.4595287533361119 0.0 36.147328805347115 0.931796924680833 0.4095652880032386 0.7037531603762693 61567.25476449626 23.0 -15.380701309692462 1.469717684744662 1449.68 1469.55 0 27 "Covariance may not be accurate."
SN2006gt 39 0.043500000000000004 1033.0013386651651 8.326672684688674e-17 0.6500000002342209 0.19666399300483578 0.0 64.50360338785799 0.9300980749544807 0.37203416742130313 0.5975108598109103 116784.22714415807 35.0 -13.953123416216457 2.2623467473507404 1001.67 1076.62 22 17 "Covariance may not be accurate."
SN2007ai 52 0.043500000000000004 1225.4884335367076 0.0 0.650101814997255 0.5000802133148665 0.0 0.0 0.0 0.0 0.0 170715.62060414453 48.0 inf nan 1172.89 1259.7 40 12 "Hesse Failed. Covariance may not be accurate. Covariance not positive definite."
SN2006hb 89 0.043500000000000004 1057.939835386829 1.2739809207573671e-14 0.9252620384281527 0.3937993310375504 0.0 0.00028712870846447913 0.0 2.914826335742582e-06 0.0025002649414489486 658276.3770336532 85.0 -19.036442182627415 1.761699400658138 1007.88 1143.59 45 44 "Covariance may not be accurate."
SN2007hj 93 0.043500000000000004 1392.7098869138422 6.411537967210279e-15 1.239785207528299 0.4635707844961535 0.0 77.12597770864681 0.9247348665623873 0.3992635308268377 0.7023157485889227 1137482.3167457702 89.0 -18.14236488055363 1.4633828112953182 1348.76 1440.53 69 24 "Covariance may not be accurate."
SN2008ia 57 0.043500000000000004 1798.0731241496974 5.861977570020827e-14 0.8299368996560988 0.20251007388928294 0.0 4.6956680535004125e-06 0.0 8.115326904922782e-08 0.001101002258000694 81204.50697091929 53.0 -21.059095439965272 1.8981809293881327 1809.77 1858.76 0 57 "Covariance may not be accurate."
SN2007ol 24 0.043500000000000004 1414.317523089192 8.1601392309949e-15 1.0730700354470777 0.45555435102673564 0.0 0.05679247877742455 0.0 0.00020340723670742022 0.0002611049429127599 9264.319077579725 20.0 -18.422344692567663 1.5977254351890586 1409.79 1422.66 12 12 "Covariance may not be accurate."
SN2008fw 92 0.043500000000000004 1751.2963725582417 7.577272143066693e-14 1.0787730359645429 0.49916523255772044 0.0 0.01618690354280261 0.0 7.841378134587629e-07 1.4084460441543545e-06 540343.7534499691 88.0 -20.739314534823095 1.5922739385218723 1740.89 1827.81 12 80 "Covariance may not be accurate."
SN2005mc 52 0.043500000000000004 748.2315257341202 3.6637359812630166e-15 0.8885453974341041 0.5091084938317263 0.0 38.66175412186999 0.0 3.071095080081632e-05 5.8493016567851e-05 176751.5591138989 48.0 -17.433839959061853 1.8114998602295422 736.79 773.62 25 27 "Covariance may not be accurate. Covariance not positive definite. Covariance forced positive definite."
SN2009dc 40 0.043500000000000004 1948.8959928368588 6.22002449546244e-14 1.2420514457703729 0.06251545762731847 0.0 37.2660398690432 0.9223868498712748 0.39599027258253033 0.5013001644847066 62746.53431703733 36.0 -21.397876977864275 1.4619007979670258 1942.81 1976.68 12 28 "Covariance may not be accurate."
SN2009F 57 0.043500000000000004 1847.730287560469 1.3739009929736312e-14 1.242861327319028 0.4691965213844413 0.0 42.3439576650278 0.9223872874830293 0.3399427057949677 0.7028882819495869 133467.76067964028 53.0 -18.95693326531897 1.4613879525619389 1837.75 1884.63 28 29 "Covariance may not be accurate."
SN2008go 24 0.043500000000000004 1752.3493550725814 1.3655743202889425e-14 1.199338595700006 0.4762031952639768 0.0 19.453158540959066 0.9223888282636101 0.4275000126878422 0.7046605380230336 44357.00435334603 20.0 -18.93403040549703 1.4908847996145091 1765.61 1776.58 0 24 "Covariance may not be accurate."
SN2008cf 45 0.043500000000000004 1584.3532413648338 2.706168622523819e-14 1.1899583137865495 0.5004917050502429 0.0 0.027881615045203034 0.0 5.074535229798727e-07 1.370113889453961e-06 98390.93426587358 41.0 -19.618583738849097 1.4977121874712722 1595.77 1654.65 0 45 "Covariance may not be accurate."
SN2006bd 21 0.043500000000000004 837.8124269909694 8.326672684688674e-17 0.6500000268447802 0.006630611847074974 0.0 45.91617398841629 0.9419940699390519 0.37674223575114024 0.5792544525491479 35260.46002804228 17.0 -14.307297189090036 2.262339273412845 823.7 872.57 11 10 "Covariance may not be accurate."
SN2007bm 35 0.0062 1278.2222529160908 0.0016033145733834187 0.6597255722246079 0.9999988661932493 0.0 4.774847184307873e-12 0.0012320148150045257 1.2752354727751936e-11 0.00014173253228944027 1684406.8420172196 31.0 -41.28102464468114 2.2382151049779715 1224.67 1259.56 35 0 "Covariance may not be accurate. Covariance not positive definite. Covariance forced positive definite."
SN2006kf 62 0.043500000000000004 1029.103746251718 2.498001805406602e-16 1.2432557674418623 0.5069841472869933 0.0 74.68032811213698 0.9270723502646008 0.3423738547056217 0.7139692927042786 515755.3059776262 58.0 -14.521396786897718 1.4611337405821452 1036.81 1127.64 0 62 "Covariance may not be accurate."
SN2008bt 49 0.043500000000000004 1574.0298228505305 2.1649348980190553e-15 1.0068998803708311 0.5059116456148284 0.0 69.78087631062999 0.9255341016691588 0.43803179649389995 0.7130691772154931 297289.7551946836 45.0 -16.867732239057755 1.6648512076578008 1571.61 1651.47 8 41 "Covariance may not be accurate."
SN2006mr 103 0.043500000000000004 1085.9900711341938 2.3314683517128287e-14 1.1331332413614827 0.9190138898337433 0.0 82.1282683103625 0.9223870295497425 0.44207769784805745 0.7110953282729064 325803.7529917046 99.0 -18.663064840013096 1.543011551169922 1046.68 1147.57 56 47 "Covariance may not be accurate."
SN2007le 94 0.043500000000000004 1411.4836475855097 2.1457835508442713e-13 1.2053113671974856 0.5253913551965462 0.0 0.004695489158052624 4.163336342344337e-17 0.00037570236024497827 2.0339722695716933e-05 312685.3823352909 90.0 -21.826688576736203 1.4866353955813771 1392.6 1470.55 28 66 "Covariance may not be accurate."
SN2008hu 45 0.043500000000000004 1789.7400005905865 8.826273045769994e-15 1.1346445441342756 0.12636085010857434 0.0 35.738309839711405 0.972983179586621 0.4629699947841196 0.5539111294310693 25224.760427049077 41.0 -19.16120990982134 1.5417116709232737 1806.76 1840.68 0 45 "Covariance may not be accurate."
SN2009J 23 0.043500000000000004 1831.7460853089901 6.5780714209040525e-15 0.9911020240266086 0.4070624084049248 0.0 27.28833936683975 1.1487865186665087 0.4344777518487999 0.7945649096323696 6274.884674441787 19.0 -18.29205920033599 1.6821552147615826 1848.7 1867.68 0 23 "Covariance may not be accurate."
SN2007N 65 0.043500000000000004 1127.2782537067783 2.498001805406602e-16 0.6827920038258444 0.5063297503759355 0.0 0.0813942427304255 0.0 1.705019276487807e-06 5.976379089889239e-06 184902.3016528263 61.0 -14.522437511663863 2.183266054464557 1123.82 1213.67 7 58 "Covariance may not be accurate."
SN2006ob 25 0.043500000000000004 1068.5417212753357 4.08006961549745e-15 0.8069325287709675 0.2328089656541047 0.0 0.00014477201830231934 0.0 1.1226006690900903e-06 0.04215126825760526 17572.56807065792 21.0 -18.095889577143662 1.9353058633378772 1060.65 1121.57 8 17 "Covariance may not be accurate."
SN2006bh 73 0.043500000000000004 849.0640078920103 8.41826608422025e-14 1.0379168055269783 0.5078099759061743 0.0 0.0003904447246441123 0.0 0.0014657550219248083 1.9592345422481117e-05 610999.3636171584 69.0 -20.839156746547076 1.6324236806077472 831.9 891.79 30 43 "Covariance may not be accurate."
SN2007ba 56 0.043500000000000004 1221.9105630460858 4.163336342344337e-16 1.1860018061481843 0.002992637335862136 0.0 0.00023799113478162326 0.0 1.0721175327521593e-06 0.053757079443158606 183966.93716980616 52.0 -16.06049239934535 1.5006331372998432 1190.83 1255.61 35 21 "Covariance may not be accurate."
SN2008fp 115 0.043500000000000004 1786.9799836542297 2.3148150063434514e-14 0.650000039406556 0.5000021498515894 0.0 2.784358593999059e-05 0.0 5.297356997502334e-11 0.2098772227414178 1957611.9076276354 111.0 -19.44975853794174 2.2623563668740942 1724.84 1820.73 81 34 "Covariance may not be accurate. Covariance not positive definite. Covariance forced positive definite."
SN2005na 91 0.043500000000000004 777.207023959424 1.1407541578023483e-14 0.9144447105021298 0.5048378601647358 0.0 78.33901281979882 0.9238157133469576 0.4171587612457983 0.7120877845324575 771027.646882703 87.0 -18.673804856118593 1.7759909160559815 738.71 834.54 63 28 "Covariance may not be accurate."
SN2008R 43 0.043500000000000004 1487.2082004373792 1.3022916078853086e-13 0.6533467394610635 0.20840273531231668 0.0 31.01834119540706 0.922387136803356 0.38699000326964383 0.6038651173530023 139862.30867452518 39.0 -21.912533927096145 2.2539665601379966 1493.63 1532.52 0 43 "Covariance may not be accurate."
SN2005bg 64 0.043500000000000004 485.105924218115 1.2156942119645464e-14 1.2341879240749538 0.06730564756265689 0.0 0.002640084340271187 0.0 0.0005103465542785068 0.00036753559318503104 449999.5582236456 60.0 -19.617128826144057 1.4670279982135916 471.65 512.61 49 15 "Covariance may not be accurate."
SN2005ke 145 0.043500000000000004 750.1359201049494 1.7569279364693102e-14 1.175605897912086 0.3425728895218433 0.0 103.54649261858168 0.9223868934586512 0.33134184439326936 0.6634840736197598 1040836.3280543402 141.0 -19.48286318191724 1.5085131749928955 689.69 819.51 84 61 "Covariance may not be accurate."
