analysis_pipeline/fit_results/csp_5_salt2_2.4_blue.ecsv
# %ECSV 0.9
# ---
# datatype:
# - name: obj_id
#   datatype: string
# - name: num_points
#   datatype: int64
# - name: z
#   datatype: float64
# - name: t0
#   datatype: float64
# - name: x0
#   datatype: float64
# - name: x1
#   datatype: float64
# - name: c
#   datatype: float64
# - name: z_err
#   datatype: float64
# - name: t0_err
#   datatype: float64
# - name: x0_err
#   datatype: float64
# - name: x1_err
#   datatype: float64
# - name: c_err
#   datatype: float64
# - name: chi
#   datatype: float64
# - name: dof
#   datatype: float64
# - name: b_max
#   datatype: float64
# - name: delta_15
#   datatype: float64
# - name: tmin
#   datatype: float64
# - name: tmax
#   datatype: float64
# - name: pre_max
#   datatype: int64
# - name: post_max
#   datatype: int64
# - name: message
#   datatype: string
# schema: astropy-2.0
obj_id num_points z t0 x0 x1 c z_err t0_err x0_err x1_err c_err chi dof b_max delta_15 tmin tmax pre_max post_max message
[from data line 48]
2008R 43 0.003500000013577852 1493.2113710036704 0.011069170166497623 -2.2860294397528023 0.13127837802537257 0.00013801932544652137 0.03590440454718191 2.6528414919482074e-05 0.012447769297756484 0.002757572008212139 5132.885324440508 38.0 -15.514184251756527 1.5618983297839524 1493.63 1532.52 0 43 "Minimization exited successfully."
2005bg 64 0.0035000000508138016 470.3470658875553 0.006912424902390805 0.2738948034528823 0.0713007676126014 3.842699236594185e-05 0.09899436513211413 2.5806094104820036e-05 0.04648561435037912 0.002562864328842007 908.820523137479 59.0 -15.00360141354 0.9992645009689802 471.65 512.61 0 64 "Minimization exited successfully."
2005ke 145 0.004900845126324928 700.3749773032907 0.0143924480245752 -1.3238756183142764 0.6129392155584539 5.184895839928372e-09 2.4841017420840217e-07 3.0879609986086964e-05 0.01062658116171189 0.0030784643052897964 342445.9977678315 140.0 -16.552178233872365 1.2738360387272607 689.69 819.51 24 121 "Covariance may not be accurate."
2007cg 22 0.0038810955964295596 1228.0135987011192 0.0006724374772893171 0.09377789102893797 0.7939385525387408 0.008578772251292222 0.468487046579412 2.4180664223322234e-05 0.15169879871713876 0.01914291582343952 86.03066991682086 17.0 -12.732264260144646 0.9912600670454523 1235.63 1259.59 0 22 "Minimization exited successfully."
2004gu 88 0.03857183959841935 363.0431363739754 0.0016615869515256261 1.3017587873015435 0.1745368114645327 0.0014261783287238643 0.07072885658101313 5.622948287417606e-06 0.052052897984617985 0.004626794532395007 726.9489777721841 83.0 -18.72714742593225 0.8197893992546241 357.86 410.84 8 80 "Minimization exited successfully."
2007jd 46 0.08399999950405083 1361.884949080363 0.0003723556964415537 -0.7864779514498892 0.18308658159863933 0.0005562469669966458 0.3096617262787049 4.004875566106215e-06 0.11482331991136752 0.008332592576195008 346.23710645608054 41.0 -18.86278108000928 1.1962176845986825 1362.83 1403.81 0 46 "Minimization exited successfully."
2007hx 41 0.0839999999997382 1354.7436003996368 0.00031300804559016574 0.5155956799085981 0.18735874851886547 0.0007377139685449466 0.2490329576729664 2.262592525421902e-06 0.12649899930358455 0.007528045734011113 543.958570477282 36.0 -18.675187975924803 0.9511477035605651 1354.78 1411.73 0 41 "Minimization exited successfully."
2008ha 50 0.0542824503322115 1780.3116689048743 0.0011406221041573017 -2.385177651746763 0.35458187236410765 0.0017118549604598285 0.12221965415596969 1.0958154843650203e-05 0.04571176948707989 0.010180997687420201 1201.1581217032237 45.0 -19.08851421524464 1.5620549491064075 1781.55 1810.55 0 50 "Minimization exited successfully."
2005hj 50 0.05799435924368087 676.7307832185686 0.001226888405471932 0.7582663283154814 0.0813672602534945 1.7858076777239884e-06 9.144459835397356e-05 4.041288166056756e-06 0.052025231297250674 0.006169039675788857 3519.5019071149904 45.0 -19.312468130625785 0.9139895452553866 671.67 761.57 12 38 "Covariance may not be accurate."
2005hk 89 0.054381168959429925 686.8429485148787 0.0066095915630646155 -0.9575354502104343 0.3431474834104935 4.9852878575284976e-08 7.794118914716819e-06 1.2716558433485941e-05 0.01610270773202105 0.0039861756273251725 98873.43449047985 84.0 -21.000380392329276 1.2194325519689233 675.61 761.54 16 73 "Covariance may not be accurate."
2005ir 52 0.0656179716888512 685.9786993815139 0.0006601934774992436 0.5371916857788008 0.08151467330224804 0.0026167990152863724 0.10788171647112677 3.3022279484720587e-06 0.09379256511146261 0.007051195094872731 235.0573833245128 47.0 -18.919523525071213 0.9521583759606003 682.62 728.63 15 37 "Minimization exited successfully."
2005bl 41 0.08399999058240026 482.772293537677 0.0006358846752004988 -4.999999989115288 0.7547423515544385 0.00031877520955704564 0.020032684269182255 2.296962549143411e-06 0.0019824766325622356 0.008840358056253494 1510.7452637039487 36.0 -19.47077703087327 2.560153543791003 476.61 512.57 23 18 "Minimization exited successfully."
2005M 209 0.06189807293760943 407.47536529365453 0.0064310865108272 1.4849377065148026 -0.010480507812341 2.1431795070858684e-06 3.363601743444633e-05 6.231374338069862e-06 0.01267402956113628 0.00164779550714933 98057.69478481026 204.0 -21.259096767738285 0.7956553182071477 396.77 480.51 38 171 "Covariance may not be accurate."
2008bf 101 0.03241037507282086 1555.6914424537802 0.007788685816659225 0.5704214099241254 0.01766888712529302 0.0007627739140949052 0.019041731203515155 1.6425892859865936e-05 0.020175432329597953 0.0022385175061906404 48953.42451473686 96.0 -20.014232740303683 0.9491305732055952 1547.73 1646.49 16 85 "Minimization exited successfully."
2006eq 36 0.058265449952045856 974.3381876466862 0.0007700961024779268 -1.8619654483753365 0.19470184488218623 0.00421442196889571 0.22314083537082752 1.792996693409792e-05 0.05008453933410695 0.01767104701950062 54.65241759534216 31.0 -18.81755315932641 1.4405756729699668 981.64 1018.51 0 36 "Minimization exited successfully."
2009aa 82 0.07095987774997306 1879.4530184470048 0.004610250775305522 -0.4638363641354477 -0.07287224996755426 0.0009332946245542637 0.01486871134568446 6.940789004149326e-06 0.015830849593406526 0.002653814625375228 9536.042618121122 77.0 -21.20702392595376 1.1474345696856112 1869.68 1938.65 28 54 "Minimization exited successfully."
2008hj 62 0.04164125643949901 1802.4897709891252 0.0029298530448009286 0.23045748256775322 0.07341983736026814 0.001163498512203709 0.025810274427385593 5.3952987025484254e-06 0.025688158351412582 0.002647803973004681 674.2580234214198 57.0 -19.511834381100094 1.0069912680286706 1795.56 1834.55 16 46 "Minimization exited successfully."
2006ax 90 0.012610165986214153 828.0202688201845 0.014269786858591352 -0.033368879746343616 0.012315950878788229 0.0007275355054125535 0.014651346629761974 2.9624947550469308e-05 0.014429416429971198 0.001919906072112676 48881.2830212481 85.0 -18.588681077898514 1.058744223432198 815.64 891.5 24 66 "Minimization exited successfully."
2009D 83 0.035157737381669635 1841.9693552098652 0.007208679666857721 0.6913244927655402 0.0893837340232091 0.000833582828278133 0.019319539342632197 9.30899615170927e-06 0.017292308543229495 0.0015906234314635448 2540.1060938821083 78.0 -20.111893055618864 0.9251303208997275 1834.67 1884.53 24 59 "Minimization exited successfully."
2008gl 79 0.03997285579251 1768.6934540563827 0.0029404205250572997 -1.2173791768847049 0.06994486770780983 0.0008226295104051332 0.029846211783819854 4.72206889021577e-06 0.021352388052518823 0.002587595717859048 9207.810411400656 74.0 -19.423413017172646 1.2980507127085623 1765.7 1844.55 12 67 "Minimization exited successfully."
2008cd 14 0.003500000025010324 1572.7400000020236 0.0013197517798370973 -2.302335630734288 0.9999999988645469 0.0002272574727202538 0.04513500969665074 2.126579205479211e-05 0.11854587488951185 0.003948460151169342 148.62798125312574 9.0 -13.257742521842381 1.4556563372796347 1587.74 1595.73 0 14 "Minimization exited successfully."
2007A 27 0.003500000014446499 1113.3728464829594 0.006940139410603625 0.8731484765582529 0.23664355403139137 4.2723570442503066e-05 0.040533338260502205 2.6640441275696623e-05 0.06553141325897593 0.004378115972380248 828.3239119150845 22.0 -15.011193077088565 0.8882529378125081 1108.54 1133.53 11 16 "Minimization exited successfully."
2008ar 62 0.03449800458323847 1535.4270160141475 0.004820659198759892 -0.06881342272573221 0.09357960911226915 0.0015542526170612483 0.0319599366704324 2.0193949725658307e-05 0.03316234566424692 0.004167691384865391 11645.53588845581 57.0 -19.632297259247377 1.0609833614221849 1527.79 1606.6 4 58 "Minimization exited successfully."
2006X 124 0.02769046237037853 787.3154795421387 0.014400097602351426 -0.34287598183823675 0.9999999320928992 1.1687093419768257e-08 6.107508738750766e-07 1.6016091920662695e-05 0.008903454734392469 4.218357073648704e-06 419102.19326107897 119.0 -20.38530909852696 1.0525491306439037 775.68 906.46 26 98 "Covariance may not be accurate."
2006ej 43 0.008216004844797262 976.5056167993856 0.008071244180747745 -1.7103816295461103 0.009730120399407127 0.0012441481331277194 0.0822574740869868 5.198158031677336e-05 0.029084282468492706 0.005439305744839751 8189.035579223344 38.0 -17.031430023912332 1.4210463033972829 979.74 1046.74 0 43 "Minimization exited successfully."
2005eq 99 0.04099800434758991 655.7010491526768 0.004039633869495965 1.3695626769358906 0.10205344133126149 1.8186924844593166e-08 3.63607224471707e-05 8.686525997569656e-06 0.02300519555938818 0.0027980664741956707 35581.892705993014 94.0 -19.827048049296838 0.8110969661662999 650.81 751.66 4 95 "Covariance may not be accurate."
2008gg 96 0.03441279077153417 1751.9693913626984 0.0034853516462000746 0.3106874159389168 0.24119848511455366 0.05457649544027793 50.675686787652694 0.02541194622235792 7.171033790124034 1.463754565174077 54431.7599138565 91.0 -19.277568408623623 0.98434139406071 1753.63 1827.57 0 96 "Covariance may not be accurate."
2004ey 111 0.03402808385503741 305.3124236212487 0.013223364089941361 0.38801120192747707 0.06128318109983266 0.0008025102346448099 0.015732154026579792 1.440050895037872e-05 0.012684314187227486 0.0013859404773315376 4579.7191145241295 106.0 -20.697381302003215 0.9793428832471154 295.53 352.55 31 80 "Minimization exited successfully."
2010ae 5 0.0035000013753809234 2280.308678287777 0.0002602407619494235 4.9999999475152705 0.4822497815976301 0.0172792937404414 0.9022688837301303 2.7200982481903597e-05 1.4943047958188433 0.1451070737403075 66.68593200648185 0.0 -11.51155914795379 0.1909609866825086 2271.53 2305.53 2 3 "Minimization exited successfully."
2007ux 63 0.043980054939022364 1463.8721047592417 0.0018649044330922905 -1.7901954818668981 0.20226482518050903 0.0015791000261475181 0.08669110127550539 1.1700068864844938e-05 0.0341480009533901 0.0059489177091028855 5433.297464945368 58.0 -19.14462733312893 1.421631997759654 1466.86 1558.61 0 63 "Minimization exited successfully."
2005W 77 0.003500000006158467 412.90236741127563 0.027538693965762886 -0.03063991810441724 0.25675944908997494 3.312536678802265e-05 0.021847066281594607 5.2622670445704595e-05 0.03212016924806216 0.0026512269423162316 1393.7769330123506 72.0 -16.507462155807843 1.044771886644817 404.54 429.51 27 50 "Minimization exited successfully."
2007on 104 0.003500000016781363 1420.442830950657 0.049999999997909814 1.1089813354193918 0.29815991437313016 6.977764676364571e-06 0.016212719724308045 2.0649669335570664e-07 0.014944262113212314 0.002568213564017263 357819.1899181353 99.0 -17.157199537626663 0.8468736451143677 1411.79 1508.61 13 91 "Minimization exited successfully."
2005ku 20 0.0575938644590766 698.860048285495 0.0013495746541316745 0.27068346198844395 0.1789448901616555 0.003759425511130156 0.36719036077005285 1.5821034347937644e-05 0.21102076980665307 0.015535322229431658 78.27406478644917 15.0 -19.401265026866948 0.9945367372889926 699.56 729.56 0 20 "Minimization exited successfully."
2008fu 45 0.059220524086125215 1733.7485313822244 0.0013315477308728924 -1.5765253220402053 -0.05792058238721243 0.004509736397612738 0.2075523322881736 2.684625033710366e-05 0.056623121859817216 0.01608208743002726 1257.7071849743347 40.0 -19.447022225602826 1.3940815645298592 1740.75 1817.67 0 45 "Minimization exited successfully."
2007bd 44 0.05359181787871063 1207.7936200194256 0.003612042388169226 -0.7270967064615386 0.02367496246559786 0.0021138836886821465 0.03122231653151175 1.0109459040905013e-05 0.021002506188523284 0.004301149097020063 882.6871688439912 39.0 -20.305124545207732 1.1951898474721716 1197.53 1259.46 16 28 "Minimization exited successfully."
2006is 96 0.06632350971772347 1012.487700719098 0.004510556427826862 1.2048389216660595 0.07874572945134561 0.05774968668871287 0.020797654957846134 2.468144938165464e-06 0.009309505393231277 0.0057211816526367976 127809.06456048164 91.0 -21.03083110414461 0.8390416103057383 1008.9 1125.67 3 93 "Covariance may not be accurate. Covariance not positive definite. Covariance forced positive definite."
2008bc 104 0.003500000002585421 1550.4583252449404 0.009131492673428781 0.5184554528705512 0.20704003827958983 2.84795234705682e-05 0.00965500615552628 1.143639360152559e-05 0.010900400423725642 0.001516089260194864 54929.17829784928 99.0 -15.308115458429796 0.9497488452434304 1541.67 1646.46 27 77 "Minimization exited successfully."
2007mm 22 0.08399999965531961 1392.0211104087546 0.00019166233754367158 -3.605087198020556 0.6958504711886617 0.0004257941646226282 0.07170339208153109 1.63502770857554e-06 0.08602194716176448 0.02077433818497676 305.51977811518844 17.0 -18.164595367881724 1.8954305291076352 1385.72 1418.69 3 19 "Minimization exited successfully."
2008C 48 0.0166131177639704 1470.7493860402406 0.006042588055077802 -1.5865748891744627 0.335407136848352 3.338117165949117e-07 1.0689388659557153e-05 2.424538980126548e-05 0.037734862771336086 0.006200107619727779 8722.07034496825 43.0 -18.266282292099614 1.359002117980868 1469.81 1552.5 8 40 "Minimization exited successfully."
2004dt 181 0.07617066311302961 241.99209543748046 0.013533841625411547 -0.5825331927127388 -0.12823992614541635 0.042833922367493664 66.26134021940537 0.031712818861870044 6.956827884595548 1.3880533395640433 272586.0186787303 176.0 -22.538600651668048 1.1751285725868659 249.79 365.62 0 181 "Covariance may not be accurate."
2006br 23 0.017010340053549764 849.9479059013883 0.000423032841223045 -0.5523932751290248 0.9999999789056839 0.006924275212725556 0.558551615039562 1.7085970266050843e-05 0.29309603694762965 0.010322573468071639 28.831491446099136 18.0 -15.479460993553275 1.0897028841848382 858.69 890.61 0 23 "Minimization exited successfully."
2005ag 163 0.08399986452515239 415.3830821621959 0.0006212854508023586 0.2982008295549967 0.04641409927369766 0.0008029565648114828 0.07532661363103443 1.560969214424435e-06 0.03924102528354023 0.0028485300559562 18382.28143858471 158.0 -19.41755978693569 0.9960924640765754 412.82 480.84 12 151 "Minimization exited successfully."
2007sr 103 0.005195595882709891 1458.6117602184418 0.04999999996211858 0.44851487693011904 0.6785941716134012 1.0334670159928283e-07 1.6676936297699285e-05 3.320713973277434e-07 0.012130275669816282 0.0019617753404590488 680549.2431840339 98.0 -18.03730089517017 0.938348253157681 1455.76 1578.72 12 91 "Covariance may not be accurate."
2009ad 48 0.0035000000002935725 1886.7995833828177 0.004282913037696473 0.16551688122918318 0.015357367070764738 2.4475397486633382e-05 0.01555645604014444 7.672512846986033e-06 0.01819917489083034 0.0024212108449567227 3790.727565434198 43.0 -14.483513843257786 1.0216813605088504 1878.6 1915.45 20 28 "Minimization exited successfully."
2006et 85 0.02988447535762979 995.0862389369604 0.0063560238812156895 0.810248426714498 0.23273905599356892 6.429263965379572e-07 9.337307221812807e-05 1.2823713681385605e-05 0.01865821806187329 0.002920793636293606 55241.20213227765 80.0 -19.616368638125447 0.8989457025943608 983.64 1099.54 15 70 "Covariance may not be accurate. Covariance not positive definite. Covariance forced positive definite."
2009P 53 0.0035000000158877673 1868.238855636124 0.002227904941551889 1.4931392188559052 0.46060643410095103 0.0002579932386150309 0.14195248740224997 1.1565300954012418e-05 0.08032779537247325 0.005361906753001078 1726.0922269001928 48.0 -13.786609791947328 0.779084220085295 1867.74 1931.61 4 49 "Minimization exited successfully."
2004ef 167 0.05554244917357873 264.9568279814516 0.0025458718087663147 -1.3011978014259897 0.1787042168207844 0.0006094538482208159 0.009924191505746194 2.543522107124928e-06 0.008453423330662124 0.0017253837966979546 13561.727627004782 162.0 -20.007491093010085 1.3077394057951324 255.69 329.57 39 128 "Minimization exited successfully."
