analysis_pipeline/fit_results/csp_5_salt2_2.4_all.ecsv
# %ECSV 0.9
# ---
# datatype:
# - {name: obj_id, datatype: string}
# - {name: num_points, datatype: int64}
# - {name: z, datatype: float64}
# - {name: t0, datatype: float64}
# - {name: x0, datatype: float64}
# - {name: x1, datatype: float64}
# - {name: c, datatype: float64}
# - {name: z_err, datatype: float64}
# - {name: t0_err, datatype: float64}
# - {name: x0_err, datatype: float64}
# - {name: x1_err, datatype: float64}
# - {name: c_err, datatype: float64}
# - {name: chi, datatype: float64}
# - {name: dof, datatype: float64}
# - {name: b_max, datatype: float64}
# - {name: delta_15, datatype: float64}
# - {name: tmin, datatype: float64}
# - {name: tmax, datatype: float64}
# - {name: pre_max, datatype: int64}
# - {name: post_max, datatype: int64}
# - {name: message, datatype: string}
# schema: astropy-2.0
obj_id num_points z t0 x0 x1 c z_err t0_err x0_err x1_err c_err chi dof b_max delta_15 tmin tmax pre_max post_max message
2004dt 269 0.03396131266758978 239.99193471393005 0.015296571640804037 -1.0604346361103762 0.031739761869239214 0.05892610686851643 3.2880826054814065 0.032463443809852076 6.812081892891699 1.427819302260374 35464.48473066892 195.0 -20.850105457429763 1.2660670071299904 249.79 365.62 0 269 "Covariance may not be accurate."
2004ef 278 0.030640221875974226 264.7224364178835 0.0025561829261318866 -1.4150837299787753 0.1462127310694994 0.00043119092735945976 0.0062926261421978325 2.3152621233507153e-06 0.006305261986891519 0.001026022424072126 12215.887251015103 247.0 -18.679706133849788 1.3367472146607504 255.69 329.57 59 219 "Minimization exited successfully."
2004eo 269 0.05306846626368578 279.2244599235351 0.010907134567862561 -1.222448140523222 0.11502269044774982 0.00024087573940895918 0.0047045517234778345 8.861893351573905e-06 0.004032485828105781 0.0007391818459068222 29508.190446343906 211.0 -21.483355329450426 1.2954319958304357 266.52 341.54 94 175 "Minimization exited successfully."
2004ey 213 0.017490880788880194 305.0344688748601 0.013340720325143496 0.2448351496355441 0.08183243010740782 0.0004155405722384639 0.008778055052374611 1.1732836481842535e-05 0.007417747671536468 0.0011044887905575784 10095.105555777802 170.0 -19.234748761254405 1.0039820252490017 295.53 358.55 55 158 "Minimization exited successfully."
2004gc 134 0.032088419944097946 330.0956677942764 0.001373823805201574 -1.371935481868603 0.39679216836767517 0.05377786311009503 27.08867879327164 0.02699473079850629 6.7078906052940805 1.4775646820015917 6265.8362602109 110.0 -18.115493951937534 1.3039087828573521 329.83 397.66 5 129 "Covariance may not be accurate."
2004gs 299 0.05382363192585155 356.9889077090654 0.002109856343927155 -1.9814554780557798 0.15343363487949468 5.72681871844477e-07 2.749371006416368e-05 3.3499600323450007e-06 0.010119749714120552 0.0014384291222829804 6490.601147942986 171.0 -19.731825942463892 1.475932838521775 352.85 461.56 18 281 "Minimization exited successfully."
2004gu 156 0.032504974847507195 363.11662620297864 0.0016705886706816027 1.2271813930318132 0.1527608246394201 0.0011068708152517405 0.04455631021306772 4.9114454921450395e-06 0.026922331244868314 0.003252256749273874 1411.04486476025 140.0 -18.35111907824702 0.8327818265147506 357.86 410.84 14 142 "Minimization exited successfully."
2005A 182 0.019099765230138187 381.56538835452795 0.0008259234815275185 -0.5478222777937116 0.9998622409266846 1.376869541731135e-07 7.894015539022803e-06 1.542255412992344e-06 0.01367227415730099 0.00041972233599052444 8302.974010693066 134.0 -16.460908343706397 1.0888835625052344 376.65 433.53 14 168 "Covariance may not be accurate."
2005M 381 0.058843638797700756 407.62782211003275 0.006520693143990811 1.2336385071808653 0.002026463713365345 0.059418088503521496 29.392110810060956 0.027836855531628468 7.3221995781670675 1.4212008096865945 9544.065253982211 270.0 -21.159168332663377 0.8368649736738085 396.77 480.51 69 312 "Covariance may not be accurate."
2005W 117 0.0035000000000813382 412.90387642900265 0.027597622560235485 -0.0544994220805286 0.2516519033232536 3.087646443977526e-05 0.017675472498211775 4.820517868475184e-05 0.02818072236607616 0.001475500399586993 3410.657803421981 112.0 -16.509628281897896 1.0494400396303494 404.54 429.51 42 75 "Minimization exited successfully."
2005ag 208 0.07332626914206998 415.29729450375976 0.0006213266941161949 0.304331759664759 0.052288636759146634 0.0014461635132522674 0.0727971112554826 1.6145700260664303e-06 0.03857685596343163 0.0036104803604688485 1251.0114798369505 166.0 -19.106322371416095 0.9947106431878723 412.82 480.84 15 193 "Minimization exited successfully."
2005al 238 0.007518809683768566 431.3441358425822 0.01548288588863166 -1.3185981846210497 -0.012085820723467755 0.0002903987792382762 0.022524340965418332 2.0321695549807214e-05 0.007869711564147952 0.0012358998571708746 9141.906981160495 181.0 -17.545135426319423 1.3281500403524973 429.76 512.79 12 226 "Minimization exited successfully."
2005am 203 0.05159175304302431 438.0287927692526 0.04980441245160986 -1.6883262510856585 -0.022498006755495847 0.05866271659652119 28.76743632120923 0.032014424838814504 6.592068789708179 1.415461577634575 40611.226618291825 171.0 -23.06766726292861 1.4186330420939353 432.58 512.46 9 194 "Covariance may not be accurate."
2005be 68 0.022042439237852485 460.085431980162 0.0029239426511123074 -1.9275086446953305 -0.01612200501879424 0.0022751520917071305 0.05070396514008735 1.8800794791423887e-05 0.024000919499210793 0.008159833180858833 2135.345801506125 63.0 -18.094949773503664 1.479825833252395 467.89 491.77 0 68 "Minimization exited successfully."
2005bg 95 0.0035000061070514393 470.2381583499897 0.0068825701126794345 0.48090295686526296 0.06708062326368358 7.890628106119939e-05 0.06405376425172449 1.8188786999634443e-05 0.03247116701006458 0.0016120826077125061 4589.385307082322 90.0 -14.99902889174052 0.962661559417052 471.65 512.61 0 95 "Minimization exited successfully."
2005bl 64 0.08064670804448382 483.0776299051712 0.000663750632712093 -4.999999998032574 0.40592953515576546 0.0008653663441089837 0.0181737812757774 2.33501009376107e-06 0.010443235149299124 0.004079258182988932 8320.000190671479 59.0 -19.402381477817023 2.7300039596442893 476.61 512.57 35 29 "Minimization exited successfully."
2005bo 54 0.0035000002353295684 479.0917618476586 0.008072276367084281 -1.148375653877399 0.3174580358038539 6.189043807414661e-05 0.07020678472167674 2.619071439489539e-05 0.04718995450663366 0.002393096904075187 1425.997978303863 49.0 -15.176341949050746 1.2619889059390719 478.75 512.76 6 48 "Minimization exited successfully."
2005el 236 0.037238576788523325 647.8981881775912 0.01362783177598978 -1.383565237854829 -0.061833542037974976 0.05546490166432034 29.012890982821375 0.0317537239171726 6.703791771277478 1.405809263749439 17749.687756639356 110.0 -20.929960083174038 1.3476683699325314 639.89 730.75 24 212 "Covariance may not be accurate."
2005eq 211 0.02900128178760652 656.2999366217487 0.004025849505750862 0.9660001879057223 0.10536288512296688 5.490060848642453e-09 3.134027224405145e-07 5.662280795324954e-06 0.013630618420125362 0.0015590983820112925 3951.645300884411 108.0 -19.051780620960965 0.8778781858918272 647.8 751.66 18 193 "Covariance may not be accurate."
2005gj 227 0.08255718323280702 711.4427281090149 0.0010274511672448612 4.999999466316032 0.7254267257938103 4.494930463255775e-07 1.2738044006255222e-06 2.8287461216553117e-06 0.0003542664598894518 0.002661773943813839 57900.164559189536 91.0 -20.01199542499501 0.19554012029734835 698.7 1016.76 42 185 "Covariance may not be accurate."
2005hc 163 0.039355173112992005 667.9929671741904 0.001813897298974196 0.8670975479663756 0.05398415090268216 0.001251922070931305 0.033417239940604304 3.107618861689131e-06 0.026558170821545435 0.0023893171954145753 2098.8966604610073 85.0 -18.865341491653187 0.8965414518944783 661.67 755.61 35 128 "Minimization exited successfully."
2005hj 102 0.0634787583925478 676.4561357568491 0.0012161442914104953 1.1529410993933702 0.04126046676916384 8.789874869560843e-07 5.158975790209297e-05 3.6311804859246333e-06 0.0357370532005552 0.003019977561373066 1505.6435123780275 59.0 -19.507797576902103 0.8489624145059942 671.67 761.57 25 77 "Minimization exited successfully."
2005hk 245 0.051353489384975345 686.9933202140974 0.006037797651019347 -0.2812533318552628 0.4093169735593827 6.137594739559493e-07 3.8215676454456116e-05 8.946332802196519e-06 0.010184966651949345 0.0010472443428148903 113471.2905785947 113.0 -20.776000261767223 1.0818122763036726 675.61 761.54 58 187 "Covariance may not be accurate."
2005iq 154 0.030548281157002168 688.109821099269 0.003123760014316518 -0.9686309423341921 -0.049087992865968544 0.0009865034047048925 0.01889137556111109 6.565857410345674e-06 0.020252038849399412 0.002377011721950484 2755.835048359103 94.0 -18.889836602620605 1.2519896978579403 682.55 755.55 36 118 "Minimization exited successfully."
2005ir 65 0.07621477060853776 686.7193204142424 0.0006639321319876463 0.19195572695716123 0.04822706774384744 5.224201991907429e-07 5.240019430630127e-05 2.9257590015860585e-06 0.05203200418772269 0.004042183980529135 589.740025692346 60.0 -19.26654755654836 1.0152207721791342 682.62 740.53 18 47 "Covariance may not be accurate."
2005kc 125 0.038660202068076896 698.4672647403936 0.00652782019713205 -0.5540680824910886 0.3325240300897223 0.0012995197232130162 0.018309566933169208 1.5939156294606134e-05 0.016939097803732928 0.003016655727969275 3042.707150904055 68.0 -20.220714412089755 1.1389267331244373 687.52 728.54 53 72 "Minimization exited successfully."
2005ke 367 0.004899989233463866 700.3750009595717 0.01571978866736757 -1.8416369137255053 0.510126867947138 5.4229710802662645e-08 1.1847828318423126e-07 2.1277671795386782e-05 0.00446150482395824 0.0009718532381373102 136092.67654686124 124.0 -16.641167818847023 1.4022352129900852 689.69 819.51 65 302 "Covariance may not be accurate."
2005ki 310 0.013874625476829203 705.7460507075781 0.009294110670235532 -1.4996245480738635 -0.017958813917873906 0.00046426774863463083 0.010871148555054333 1.5908437748544252e-05 0.008202662406741279 0.001936019519581056 4677.374359481723 113.0 -18.331975477156632 1.3716373667183408 695.86 861.5 29 281 "Minimization exited successfully."
2005ku 37 0.052729840672472314 698.8797994592156 0.0013455299553997659 0.2366990116413712 0.15720019323122614 0.0037793929821525983 0.22241079859554702 1.3504262973414215e-05 0.1374049558170669 0.010893043064814423 365.72193835165683 29.0 -19.198331400932595 1.0016943019514244 699.56 739.53 0 37 "Minimization exited successfully."
2005lu 88 0.031679377656736535 719.9560520774379 0.0013527774885437717 -0.029101517339526595 0.34121638736784 8.25845003493697e-09 3.772055379158701e-07 7.513041306401991e-06 0.030877323600032813 0.004579650538565905 3494.5795642606627 62.0 -18.068745122809815 1.0396514293007115 719.66 799.52 1 87 "Covariance may not be accurate."
2005mc 83 0.048908688334051896 730.3601249747677 0.002684746500079516 -1.9942028111174004 0.179233104320347 0.001369045986325989 0.09502131633360023 2.62531546584982e-05 0.02092935223032355 0.005316847734927244 3170.7855489614926 78.0 -19.778196735243576 1.4765138138805867 736.79 773.62 0 83 "Minimization exited successfully."
2005na 170 0.04956742967911555 743.121636325043 0.0052815892503014 -0.7099496910730272 -0.014357029514483033 1.7832415755529574e-06 8.210185313828333e-05 8.630313278323778e-06 0.011915627409154528 0.0014331752238003759 9490.41781772182 122.0 -20.541742317629748 1.1942064225681577 738.71 834.54 18 152 "Covariance may not be accurate."
2006D 298 0.008499994840839674 759.3350021235487 0.029452028975757695 -1.6347593459539533 0.10245255192092895 2.404186892970839e-10 7.21612776146685e-05 4.030916092043202e-05 0.006126079585228927 0.0009599441515713014 26555.65057569996 144.0 -18.511774253707102 1.3932120963486927 751.84 891.61 12 286 "Minimization exited successfully."
2006X 312 0.02270881563082997 787.5647463015686 0.01242279895340754 -0.04201392019405237 1.1757304030468525 0.00010660595950148094 0.004856206233057492 1.7771266494287334e-05 0.0069317507279333945 0.001021232959741658 41817.76320247005 129.0 -19.807197587421676 0.9896030415318329 775.68 906.46 64 248 "Covariance may not be accurate. Covariance not positive definite. Covariance forced positive definite."
2006ax 236 0.011223232514165907 828.0754974480865 0.013922808248850716 0.16661976478334228 0.013080789486968891 0.0003667729122021398 0.00847195686486657 2.2367428166790784e-05 0.009389224248993244 0.0014741735785618326 6599.083718453927 120.0 -18.306753631724714 1.021592356996269 815.64 891.5 55 181 "Minimization exited successfully."
2006bd 52 0.0035000145910452233 810.6044246301789 0.001023463685731882 -1.7560987978475073 0.5300553698098072 0.00047176054399964687 0.10695809000583267 1.419791383645147e-05 0.04092829335238357 0.008703996141111503 947.0040628106937 23.0 -12.943376750349469 1.3796344704813421 822.75 872.57 0 52 "Minimization exited successfully."
2006bh 175 0.008667805324463682 833.367206211278 0.028833973341291043 -1.4908407697756285 -0.011979695667325818 0.0003414931917607054 0.019037877808784742 4.483436086712665e-05 0.0069892774706081795 0.0015428501131560801 7205.279707323806 99.0 -18.530924398832788 1.3689765791075956 829.91 891.79 23 152 "Minimization exited successfully."
2006br 64 0.003500000538942562 851.5430082346146 0.00037074332703685434 -0.7695648980206302 0.9737797270553878 0.0008670798886115248 0.14196783012477 5.636947318481117e-06 0.06598750278234977 0.009061671186933795 212.18012665092849 38.0 -11.877328697498758 1.1317821910374697 855.66 891.66 0 64 "Minimization exited successfully."
2006bt 88 0.08399999999856726 859.5872963220506 0.0025232641421492814 0.09024466900502048 0.1278419033872895 1.8128729043713487e-05 0.03483791849424733 6.135208459015452e-06 0.025632338686217615 0.002019590511546654 3370.1056162756777 56.0 -20.93988019062072 1.0297029718553148 853.76 891.71 15 73 "Minimization exited successfully."
2006dd 217 0.0035000000007240463 931.9399999950476 0.04999999999923121 4.999999999781906 0.40090005481371827 2.2700585896478533e-06 0.03148888197983979 1.1079485660557553e-06 0.0003114796706880085 0.002197091604160928 24055.158791701746 2.0 -17.21555130685584 0.18945666817658058 906.94 1147.57 1 216 "Minimization exited successfully."
2006ef 56 0.024403685304451774 969.881622927885 0.01079377245656252 -1.3306708887552876 -0.044283406213875054 0.0010269205494214725 0.045498756723986844 5.688996150103338e-05 0.014853144406239416 0.004510586437978803 2155.0599943018206 41.0 -19.73815749086211 1.3336893460000248 979.9 1040.71 0 56 "Minimization exited successfully."
2006ej 64 0.024307930012983373 975.8579236938517 0.00832399773929148 -1.3967598356015576 -0.020713813655412694 0.0009583282367080642 0.07814843418054807 5.1596012259224125e-05 0.018524962327677752 0.004284211980712493 860.2783221868451 43.0 -19.447267472572296 1.3472558299790265 979.74 1046.74 0 64 "Minimization exited successfully."
2006eq 98 0.07775010285983344 975.6229435306986 0.000730469892800828 -1.9759679633112004 0.1580168785238727 nan nan 5.271514238933117e-06 0.029999757160141804 0.004493190468716768 661.0349717612663 60.0 -19.416022155820713 1.4739948731074115 980.56 1029.51 0 98 "Covariance may not be accurate."
2006et 236 0.03229168446394467 994.9668367893838 0.006442281040990161 0.7740341748413373 0.19142393563651394 0.00026154603067103654 0.01149294513862742 1.0895447986300315e-05 0.013613331612254864 0.0014719274372861912 2959.507923720389 97.0 -19.80217596493072 0.9067690322225186 982.63 1099.54 42 194 "Covariance may not be accurate."
2006ev 116 0.01961643068736794 990.0424774318016 0.0018594911758426315 -1.409052988721633 0.23237542417937895 0.0011144185074476731 0.07054610800133787 1.268176225600881e-05 0.030228200591408072 0.005331309487823455 705.0247982466607 44.0 -17.349492724974194 1.3274914583798818 993.59 1039.52 0 116 "Minimization exited successfully."
2006fw 31 0.0839999999999995 1004.599334742052 0.00037850714294698773 -0.6841520329922197 0.19475327269135034 0.0001342440026866898 0.10082820575723872 2.0704148998226812e-06 0.07658177001947797 0.005343894637980129 1200.914900527903 26.0 -18.88086188465084 1.1744486754413614 1001.75 1039.73 6 25 "Minimization exited successfully."
2006gj 122 0.05075166330197697 1000.1926005137788 0.0011806106796245748 -2.155978975540463 0.33167943083800444 9.180746576437082e-07 6.0107409694865055e-05 4.088095304924399e-06 0.027543849306775448 0.003305587564602086 1129.0984442638578 56.0 -18.97355083107285 1.502176559056128 998.83 1096.59 6 116 "Covariance may not be accurate."
