analysis_pipeline/fit_results/csp_4_sn91bg_color_interpolation_red.ecsv
# %ECSV 0.9
# ---
# datatype:
# - name: obj_id
#   datatype: string
# - name: num_points
#   datatype: int64
# - name: z
#   datatype: float64
# - name: t0
#   datatype: float64
# - name: x0
#   datatype: float64
# - name: x1
#   datatype: float64
# - name: c
#   datatype: float64
# - name: z_err
#   datatype: float64
# - name: t0_err
#   datatype: float64
# - name: x0_err
#   datatype: float64
# - name: x1_err
#   datatype: float64
# - name: c_err
#   datatype: float64
# - name: chi
#   datatype: float64
# - name: dof
#   datatype: float64
# - name: b_max
#   datatype: float64
# - name: delta_15
#   datatype: float64
# - name: tmin
#   datatype: float64
# - name: tmax
#   datatype: float64
# - name: pre_max
#   datatype: int64
# - name: post_max
#   datatype: int64
# - name: message
#   datatype: string
# schema: astropy-2.0
obj_id num_points z t0 x0 x1 c z_err t0_err x0_err x1_err c_err chi dof b_max delta_15 tmin tmax pre_max post_max message
2008J 43 0.0159 1502.9879603341856 1.493805079633148e-13 0.6501053698047841 0.5003007289171826 0.0 0.015345395342819756 0.0 0.00010443225211592688 0.00011827181713919277 194456.9598045488 11.0 -19.243204217465113 2.262091343124892 1484.54 1516.52 34 9 "Covariance may not be accurate."
2005kc 77 0.0151 694.9375506182586 2.5895952049381776e-14 1.0364658806942146 0.4932288201149816 0.0 29.093445625176457 0.9317777990755736 0.44073858791307086 0.7125978513026228 26822.610608170013 21.0 -17.244194541133126 1.6338993639777541 687.52 728.54 26 51 "Covariance may not be accurate."
2005A 109 0.0191 361.65112192690106 2.939315457695102e-14 0.77050023651528 0.1105138061787399 0.0 2.386227407669139e-06 0.0 2.6607427186520205e-06 0.03513351442953486 78362.79067547034 76.0 -18.6704915771511 1.999211918355666 376.65 433.53 0 109 "Covariance may not be accurate."
2009Y 148 0.0094 1879.341882667239 7.527312106958561e-14 1.2119485833557437 0.02385050985153625 0.0 29.35466257046903 0.9223870534395326 0.3013150554049991 0.5452453611578558 136381.71713890514 61.0 -18.287230097675504 1.4819865358311919 1868.84 1976.65 25 123 "Covariance may not be accurate."
2004gs 135 0.0267 337.85001587591023 2.481348460037225e-14 0.8299565272077677 0.5092089511223958 0.0 24.687357029031062 0.9253759502971175 0.38808332006768675 0.713751615298013 75476.47221827223 109.0 -18.423480284169738 1.8981580620245495 352.85 461.56 0 135 "Covariance may not be accurate."
2004eo 122 0.0157 272.5684223316664 4.8711035205428743e-14 0.6648643656996013 0.34389607567791763 0.0 28.745444985541724 0.9279636443577876 0.3262998526533776 0.6650355741177825 1775544.4793512346 85.0 -18.329288028681773 2.225712099585655 266.52 341.54 33 89 "Covariance may not be accurate."
2008gp 96 0.0334 1776.4541976458622 1.1157741397482823e-14 1.0489179981393475 0.5002012054276999 0.0 0.00033432862926474627 0.0 0.0091245198666694 6.4616535196404534e-06 143560.53681333738 56.0 -18.067096712720016 1.621351909618511 1768.75 1844.52 17 79 "Covariance may not be accurate."
2007ca 73 0.0141 1221.1524668485529 3.1558089474970075e-14 1.0509660703870503 0.4916926304504099 0.0 28.928070958459443 1.0035314124353132 0.39565057966299605 0.7336805776147801 162420.14206088003 28.0 -17.312165896391157 1.6193129147739462 1217.65 1275.65 8 65 "Covariance may not be accurate."
2009al 68 0.0221 1884.3730899383686 2.1899149160731213e-14 1.2322077320745346 0.1951327072115968 0.0 23.78745947487448 0.9223869383218386 0.3220435244766308 0.7368123287390247 58242.132502617584 38.0 -18.501110602339562 1.4683349358148128 1891.71 1973.54 0 68 "Covariance may not be accurate."
2008ae 71 0.03 1493.7727680336372 1.6819878823071122e-14 0.7881135716432106 0.49619570776677685 0.0 24.108168834514004 0.9223875560278398 0.44347569091339206 0.7094877141036489 22680.57439260945 31.0 -18.28372968537309 1.9674818728816064 1511.74 1602.52 0 71 "Covariance may not be accurate."
2006dd 76 0.0059 893.7093879706687 1.7744139491071564e-13 0.6537861030626002 0.44903355153252467 0.0 22.773579556650702 0.9223867337957117 0.43252155166832607 0.6975582597051396 275149.33272167563 71.0 -17.380242579399084 2.2528794326467256 979.93 1147.57 0 76 "Covariance may not be accurate."
2005ki 147 0.0192 702.4285717764059 1.9734214262712158e-14 1.2449645348545784 0.0639689870166672 0.0 28.74933114964449 0.9223868785305436 0.39082640204639024 0.5027316239915354 79512.77096143353 87.0 -18.33340180519454 1.460017854781313 695.86 858.54 12 135 "Covariance may not be accurate."
2007if 25 0.0742 1362.1062269007991 2.581268532253489e-15 0.6500274851277736 9.142055277799876e-07 0.0 28.777704196188097 0.9263946209538423 0.3722736699765886 0.6153267062815634 19492.90754863131 21.0 -19.25384738113465 2.262269993854119 1357.77 1443.6 2 23 "Covariance may not be accurate."
2006D 151 0.0085 744.6374917960151 1.6719958750854857e-13 1.0901099704291668 0.7334505353986267 0.0 0.06845630014021253 8.326672684688674e-17 0.0046678504399358944 0.009680654187441684 303996.3836522914 83.0 -17.544812367586292 1.581579402842948 752.87 891.61 0 151 "Covariance may not be accurate."
2006lu 48 0.0534 1043.7706304919766 8.326672684688674e-17 1.088854482933391 0.009976267752291768 0.0 0.004505856368723471 0.0 0.0001506411615613823 0.036979218362722055 97022.16201407801 44.0 -14.762958644423492 1.582739216755936 1040.84 1137.75 5 43 "Covariance may not be accurate."
2009ag 136 0.0086 1872.4917509157683 2.2715163083830703e-13 0.8227289075889701 0.7461348121913041 0.0 0.00022242504371661198 0.0 0.0006165108462738433 4.652477315209014e-05 94901.44032858092 36.0 -17.872443185601757 1.9095878932695989 1886.62 1959.54 0 136 "Covariance may not be accurate."
2006ev 87 0.0287 978.6009750648532 1.0824674490095276e-14 1.084521912118672 0.3561347843555757 0.0 3.0065690907576936e-05 0.0 1.1780661222537958e-05 0.0047384504592623 31414.97343941308 40.0 -18.005076735057695 1.5868222940696448 993.59 1039.52 0 87 "Covariance may not be accurate."
2009cz 51 0.0211 1952.8305070934753 2.7727820040013285e-14 0.6500010306657547 0.27408936046470256 0.0 34.84018041931938 1.3915705639150615 0.5569038621327635 0.7395963649132292 359746.4384443763 23.0 -18.488745015897617 2.2623477975526853 1937.53 1966.46 27 24 "Covariance may not be accurate."
2006gj 70 0.0284 1002.0023690492468 1.049160758270773e-14 0.6515088073131484 0.49997728583017254 0.0 2.1933650230799913 0.0 9.796228947478447e-07 2.3414292256718205e-06 86850.20558768448 50.0 -17.640343798244405 2.2585679752198615 998.83 1096.59 4 66 "Covariance may not be accurate."
2005el 143 0.0149 645.8752825341301 2.781108676686017e-14 1.2187335151778318 0.002881625237481422 0.0 28.630964698846583 0.9223868649616158 0.3056629813669583 0.5917094785906012 110550.23527539332 46.0 -18.249359948526525 1.4773369349642689 639.89 730.75 15 128 "Covariance may not be accurate."
2007jh 20 0.0408 1369.3922659559778 2.914335439641036e-15 0.6501515065751143 0.2702676875514096 0.0 0.010038606902185165 0.0 4.509506738725744e-05 0.0007138979803133216 6398.117984490915 15.0 -17.513020804418233 2.261969143004805 1363.86 1413.8 5 15 "Covariance may not be accurate."
2007so 39 0.0297 1447.82336107767 9.242606680004428e-15 0.6500000043220056 0.500152379081814 0.0 0.16085030234592068 0.0 2.0973244774236122e-07 4.068088076519816e-05 34609.82480039147 25.0 -17.60174380662978 2.2623564556546647 1449.68 1494.53 0 39 "Covariance may not be accurate. Covariance not positive definite. Covariance forced positive definite."
2006gt 54 0.0448 1013.7912067242559 1.8318679906315083e-15 1.2125551117750293 0.30183859707095095 0.0 33.27504202052796 1.1715648749796688 0.37557172184436666 0.7386883679345672 35009.49998038297 38.0 -17.1659265231729 1.4815765897154947 1001.67 1076.62 27 27 "Covariance may not be accurate."
2007ai 59 0.0317 1153.0505337567715 1.532107773982716e-14 0.9292438212872862 0.1200472499424649 0.0 0.0002922749397384905 0.0 3.285786956841452e-05 0.04128588045802009 20753.21953954322 39.0 -19.065899056876084 1.756516281009823 1167.88 1259.7 0 59 "Covariance may not be accurate."
2006hb 101 0.0153 1009.3098680610691 2.989275493803234e-14 0.6544045327737278 0.4801772526924551 0.0 0.046967703013251594 4.163336342344337e-17 2.6781813857290615e-05 0.00014194911116946485 64331.467172101184 50.0 -17.460243926052055 2.2513425789278543 1006.87 1143.59 10 91 "Covariance may not be accurate."
2007hj 173 0.0141 1333.7711077188123 1.0624834345662748e-13 0.7645246741959946 0.5136409617506371 0.0 24.874842940791268 0.9223867828775933 0.3565756818375235 0.713424999041465 181632.0099955651 66.0 -18.588156131251232 2.0103740162534187 1348.76 1440.53 0 173 "Covariance may not be accurate."
2008ia 109 0.0219 1816.9484949679215 1.50712775592865e-14 1.097414308584882 0.49098863509021734 0.0 28.865488572926097 0.9223926755226804 0.44381434667409103 0.7082648653894269 89955.13668190759 54.0 -17.48054812533653 1.574796310923972 1809.77 1874.69 31 78 "Covariance may not be accurate."
2007ol 7 0.0559 1395.050032806012 5.745404152435185e-15 1.153164231201405 0.44441990147903804 0.0 15.951119306938153 0.9223981498670435 0.43956859659729686 0.6962930923132513 259.3767943952999 3.0 -18.63039334671474 1.526277813689596 1409.79 1422.66 0 7 "Covariance may not be accurate."
2008fw 70 0.0085 1725.8926994528424 2.63206123563009e-13 0.6529476586560177 0.46117211134323954 0.0 24.45993108298012 0.9224554988796902 0.3859276499301915 0.7008338540991651 327146.3709549517 43.0 -18.578347908663353 2.2549692120980094 1740.89 1827.81 0 70 "Covariance may not be accurate."
2005mc 31 0.0252 721.7936319924951 1.4654943925052066e-14 0.9067744197888774 0.12176447944305402 0.0 7.07815019040936e-06 0.0 5.253387212356131e-06 0.005597785749527018 10601.311929468922 27.0 -18.505430720837335 1.786310745348036 736.79 773.62 0 31 "Covariance may not be accurate."
2009dc 76 0.0214 1923.7747787438755 1.2323475573339238e-13 0.7885979356057644 0.0017950686056256715 0.0 2.2212581711755774e-05 1.249000902703301e-16 1.2858839772700303e-05 0.00019537973176730894 497292.75173325994 34.0 -20.664294345860824 1.9666165485075418 1938.77 1976.68 0 76 "Covariance may not be accurate."
2009F 82 0.013 1847.5926620112846 1.1074474670635936e-14 1.246472452748093 0.49712660298772443 0.0 0.004595894834551473 0.0 0.0005956312512839235 0.00017694445898128186 126071.40018866883 36.0 -15.98371946166882 1.4590585010215342 1837.75 1884.63 44 38 "Covariance may not be accurate."
2008go 19 0.0623 1749.5431873310233 4.08006961549745e-15 1.249976366620041 0.32469891385226535 0.0 6.008707714499906e-06 0.0 7.64317888979349e-08 0.06421583675153975 15871.374934378407 15.0 -18.739374759258723 1.4568045441244877 1764.54 1776.58 0 19 "Covariance may not be accurate."
2008cf 51 0.046 1618.932236773884 1.6653345369377348e-16 0.954215656736831 5.909172143214736e-06 0.0 0.0013184130131094207 0.0 0.00012845257008931021 0.00010658080784950452 160585.22106463712 31.0 -15.195694143588963 1.7251253467859122 1595.77 1654.65 29 22 "Covariance may not be accurate."
2006bd 31 0.0257 807.7500134180706 1.074140776324839e-14 0.7813788039699825 0.450753854225883 0.0 1.502924476426415e-06 0.0 1.500039581886492e-05 0.007663880184991617 8168.489902007564 16.0 -17.55983414444826 1.9794244765882674 822.75 872.57 0 31 "Covariance may not be accurate."
2007bm 50 0.0062 1204.7145744613724 7.286671266371059e-13 0.7213891441903928 0.5195170207494925 0.0 0.056766609712781246 7.78543896018391e-15 0.0023813930727112353 0.012434226038387897 62200.30314775538 13.0 -18.871784152971316 2.097048326972242 1217.57 1278.52 0 50 "Covariance may not be accurate. Covariance not positive definite. Covariance forced positive definite."
2006kf 118 0.0213 1040.2674627753267 1.2490009027033011e-14 1.0957989126284027 0.5251380880780675 0.0 0.0006834541774196623 0.0 nan 0.00010703230351166715 42703.54863139495 69.0 -17.15288853434714 1.5762888144194065 1036.81 1127.64 20 98 "Covariance may not be accurate."
2008bt 35 0.0154 1577.4314706063622 1.3072876114961218e-14 0.6500000000018066 0.0006294585868578118 0.0 0.0005013863446947653 0.0 2.8419266939749832e-11 0.0003986861319560109 59352.064411859465 24.0 -17.50580498068984 2.2623391736319327 1571.61 1651.47 6 29 "Minimization exited successfully."
2006mr 118 0.0059 1056.3765940834999 4.055089597443384e-14 1.2499079105319157 0.5203722990190207 0.0 0.0986377474365554 2.498001805406602e-16 0.00011667833073825129 0.014914568904712933 71715.84898233647 55.0 -15.625869776029958 1.4568523821411326 1045.86 1147.57 23 95 "Covariance may not be accurate. Covariance not positive definite. Covariance forced positive definite."
2007le 148 0.0067 1373.571881003453 1.0325906796282425e-12 0.6856189762800257 0.4998917655383507 0.0 7.416097116674791e-05 0.0 0.0004974836915375147 0.00012613042147868736 258721.37595303796 54.0 -19.450992654242434 2.1767191019297325 1388.57 1470.55 0 148 "Covariance may not be accurate."
2008hu 52 0.0497 1795.7232016089959 9.409140133698202e-15 0.6500000002609666 0.49115351212562464 0.0 22.780621949396618 0.9223869067203538 0.36894959517392406 0.708301628900227 125987.78760483905 40.0 -18.793206726330222 2.2623561122822586 1804.74 1844.84 0 52 "Covariance may not be accurate."
2009J 18 0.0158 1832.9632509653893 3.4139358007223564e-15 1.112364369839721 0.4763605853390972 0.0 24.5612297578233 0.9223893043831584 0.44345649700327183 0.7155661355242444 1843.096095194633 10.0 -15.184116593575226 1.56120354816942 1846.74 1867.68 0 18 "Covariance may not be accurate."
2007N 100 0.0129 1132.6382686336024 6.661338147750939e-15 0.991594851212233 0.44596654973959426 0.0 29.137720897110626 0.9223939470426079 0.43456217376333284 0.6967187982999326 69021.27605087687 48.0 -15.533738262981835 1.6816071864285185 1123.82 1213.67 33 67 "Covariance may not be accurate."
2006ob 38 0.0592 1048.169384046315 7.577272143066693e-15 0.6500002014904087 0.37004418679930595 0.0 20.065384874296 0.9313055479786165 0.3726710517181194 0.7330082921743915 11785.265978864098 30.0 -19.212606516149986 2.2623518754239456 1060.65 1121.57 0 38 "Covariance may not be accurate."
2006bh 102 0.0109 824.405895053974 7.66053886991358e-14 1.1796905698213336 0.19254570687837147 0.0 24.746356412253533 0.9223868228693098 0.3284003972933846 0.5952276200883467 172276.738441365 37.0 -18.312890940131066 1.5053896137875178 829.91 891.79 0 102 "Covariance may not be accurate."
2007ba 68 0.0385 1204.3272222342998 3.497202527569243e-15 1.061796342184296 0.4730309966340558 0.0 29.574512013313665 0.9225337503296276 0.39143276418834955 0.7039202903051569 17941.21883667601 47.0 -17.189280477476625 1.6086428207782681 1190.83 1254.75 32 36 "Covariance may not be accurate."
2008fp 185 0.0057 1727.1036326581914 1.821875983409882e-13 1.2236155359937588 0.35275356192080976 0.0 27.70663250976088 0.9223867564284636 0.4146503471631127 0.6671943850104597 289066.74941803806 72.0 -17.528337680819625 1.4740518148135635 1725.83 1874.61 14 171 "Covariance may not be accurate."
2005na 79 0.0263 734.4543035624499 1.2823075934420558e-14 1.0314391342198266 0.5149028733217387 0.0 25.35271660129422 0.9310774948741882 0.4401996961519836 0.7174802757031643 146454.9400705396 61.0 -17.664179855945182 1.639042239050461 738.71 834.54 0 79 "Covariance may not be accurate."
2008R 64 0.0135 1484.0852601441593 4.704570066849101e-14 1.2322804477068336 0.4264867545052603 0.0 22.43264869996699 0.9223868391112173 0.40761884889024164 0.6911847901152094 25940.239935093643 22.0 -17.7979008878329 1.4682928104664654 1493.63 1532.52 0 64 "Covariance may not be accurate."
2005bg 31 0.0231 456.65721539532353 2.8227420401094605e-14 1.1543148966979366 0.38987770813927436 0.0 0.00012002673008737474 0.0 5.140440977247085e-05 0.055921174725547584 41630.55215097391 27.0 -18.500466207517 1.5253402820484077 472.67 512.61 0 31 "Covariance may not be accurate."
2005ke 222 0.0049 714.4797284041496 5.845324224651449e-14 1.1071454655604542 0.5233155451137641 0.0 39.548058332385665 0.0 0.00035053200960522 0.0011407949368015813 279674.64292398514 76.0 -15.613131772666648 1.5659037160223939 689.69 819.51 88 134 "Covariance may not be accurate. Covariance not positive definite. Covariance forced positive definite."
2007cg 23 0.0332 1233.2438588376694 4.413136522884997e-15 0.7372686307782866 0.43688709456834807 0.0 0.010150189207706717 0.0 0.0006896423411684727 4.9179716769154336e-05 14534.231630728333 19.0 -17.192709537366277 2.06385226847949 1235.63 1259.59 0 23 "Covariance may not be accurate."
2004gu 68 0.0459 342.8645216800249 1.1407541578023483e-14 1.2242563953716403 0.49948028727277227 0.0 0.0004428982341551091 0.0 0.0005547082427369565 0.00015140664679921811 68476.77925470062 59.0 -18.803187221892816 1.4736255231238076 357.86 410.84 0 68 "Covariance may not be accurate."
2007jd 17 0.0726 1363.9055170559084 8.326672684688674e-17 0.6500354523625672 0.5002675785420089 0.0 0.34169984442439727 0.0 4.572836001526248e-07 9.988465643301359e-05 7194.468178807344 13.0 -14.497091277031878 2.262267254957642 1362.83 1409.83 2 15 "Covariance may not be accurate."
