analysis_pipeline/fit_results/csp_5_sn91bg_color_interpolation_all.ecsv
# %ECSV 0.9
# ---
# datatype:
# - {name: obj_id, datatype: string}
# - {name: num_points, datatype: int64}
# - {name: z, datatype: float64}
# - {name: t0, datatype: float64}
# - {name: x0, datatype: float64}
# - {name: x1, datatype: float64}
# - {name: c, datatype: float64}
# - {name: z_err, datatype: float64}
# - {name: t0_err, datatype: float64}
# - {name: x0_err, datatype: float64}
# - {name: x1_err, datatype: float64}
# - {name: c_err, datatype: float64}
# - {name: chi, datatype: float64}
# - {name: dof, datatype: float64}
# - {name: b_max, datatype: float64}
# - {name: delta_15, datatype: float64}
# - {name: tmin, datatype: float64}
# - {name: tmax, datatype: float64}
# - {name: pre_max, datatype: int64}
# - {name: post_max, datatype: int64}
# - {name: message, datatype: string}
# schema: astropy-2.0
obj_id num_points z t0 x0 x1 c z_err t0_err x0_err x1_err c_err chi dof b_max delta_15 tmin tmax pre_max post_max message
[from data line 97]
2008bq 114 0.002384861934198979 1547.4931864524658 4.388156504830931e-14 0.6500498854016016 0.3760988148328422 2.412123011600307e-05 8.706713390438381e-05 4.163336342344337e-17 2.288957202001285e-06 0.000510951774026519 382398.29007298045 91.0 -14.040976077318437 2.2622270031153775 1562.49 1606.46 0 114 "Covariance may not be accurate."
2008bt 84 0.08308746966346256 1556.6117855437817 3.988476215965875e-14 0.7695296427014087 0.01072117322974886 0.04537785556610301 24.495562154911568 0.9228190523325908 0.4425013775537317 0.6557905051260768 104847.37299218812 72.0 -22.46845622989992 2.001006343067832 1571.61 1651.47 0 84 "Covariance may not be accurate."
2008bz 70 0.08410026941761586 1569.019590002381 4.6629367034256575e-15 0.6500104989333014 0.0009181086447473952 8.816120840304809e-09 1.1291256100776081e-05 0.0 2.5747672327547377e-09 0.0005957307301807102 167182.4458352634 65.0 -20.181499507718026 2.262312761873204 1580.72 1651.52 0 70 "Covariance may not be accurate."
2008cc 167 0.05271010810812094 1568.4230075266069 1.865174681370263e-13 0.6500032401928392 0.014265887515792386 0.06064233110453073 22.485186101102727 4.858613511515841e-14 0.36954308284433074 0.6615393201846679 455278.5931674959 120.0 -23.102375428652408 2.2623314043769707 1582.86 1654.86 0 167 "Covariance may not be accurate."
2008cd 23 0.08214148949602768 1580.3807210570244 1.5737411374061594e-14 0.7205950417853816 0.4833923841005613 4.8939479825552135e-05 0.0270136318290497 0.0 0.05015479777582055 0.0015345612012718224 845.8196780694298 18.0 -20.51163724989799 2.0987457270788497 1587.74 1595.73 0 23 "Covariance may not be accurate."
2008cf 96 0.0020178923818975673 1616.7710563366263 1.9984014443252818e-15 0.935690857717767 0.011160439161360114 8.353951149548886e-09 8.146127629515831e-05 0.0 2.054400324802419e-06 0.00371195615811315 524539.6107608988 71.0 -11.014216244829232 1.748232446463355 1595.77 1654.65 48 48 "Covariance may not be accurate."
2008ff 230 0.0020023673481393413 1709.9804504678448 2.9226621123257246e-14 1.1174438910751376 0.00010966640838105945 2.5869588242410924e-10 2.463793293827621e-06 0.0 1.4526787717183964e-07 3.4870255935626204e-05 166061.15409812707 142.0 -13.927706970763701 1.5566645936699715 1724.53 1790.57 0 230 "Covariance may not be accurate."
2008fl 186 0.0020016400142550354 1714.2693732435662 5.204170427930421e-14 0.6545202884886829 0.19898301507795935 0.05088315366702011 28.957203029919583 0.9223868333340253 0.38974443245755785 0.5987840013533894 614659.83764147 137.0 -14.183731813012265 2.2510463210410308 1724.49 1789.53 0 186 "Covariance may not be accurate."
2008fp 300 0.08226587522308755 1711.9225739203303 4.545530618571547e-13 0.6564748430213374 0.15512342516133182 1.6857912767120897e-08 1.0138384141100687e-05 3.7470027081099033e-16 7.064428964032032e-08 0.00031603872946170397 958593.2866238067 186.0 -24.827814373043616 2.246202582673172 1724.84 1874.61 0 300 "Covariance may not be accurate."
2008fr 150 0.0020234544399089934 1725.2929555930746 1.7486012637846216e-14 0.8170991009833131 4.477973547523106e-12 8.929928560280284e-09 4.8816573666954355e-05 0.0 1.7201832110957938e-06 1.3772521629401568e-05 101705.52312458043 108.0 -13.392944436572026 1.9186177258840864 1738.78 1807.57 0 150 "Covariance may not be accurate."
2008fu 103 0.08499164832194128 1727.4512257337205 4.829470157119431e-15 0.839612432418604 2.125244249473468e-07 2.9298416102940816e-08 0.0004627269801176226 0.0 9.70145714340731e-06 1.933215759253315e-05 34909.918440653826 81.0 -20.245286655523095 1.8831697577135103 1737.84 1817.67 0 103 "Covariance may not be accurate."
2008fw 162 0.002000006465372233 1730.5297940633222 2.2090662632479052e-13 0.6576578528683885 0.09014982307566183 0.051029008357105686 21.85856697436327 0.9223867086476926 0.3388579867006405 0.5262933912764987 892172.3179208142 134.0 -15.96922193522247 2.2432821866269617 1740.89 1827.81 0 162 "Covariance may not be accurate."
2008gg 198 0.0020000118848901775 1738.6750191887318 3.2557290197132716e-14 0.6500000000020626 1.3053669256635203e-11 2.125301518975109e-11 9.077269851331948e-07 0.0 7.528977441495499e-13 1.808263977221003e-06 354650.4812004167 147.0 -14.042493771928585 2.2623391562489044 1753.63 1827.57 0 198 "Covariance may not be accurate."
2008gl 166 0.08109457582723635 1778.7913660731017 6.661338147750939e-15 0.8592104112118153 0.041289060128304356 7.71353975137501e-09 8.043286243264447e-06 0.0 1.2548791111788304e-07 0.0009516529773259119 720833.6109274058 118.0 -20.419563551872095 1.8536963343601869 1765.7 1844.55 58 108 "Covariance may not be accurate."
2008go 43 0.084969010445711 1753.6689743722563 7.41073868937292e-15 0.6500000000760772 5.080450022032501e-05 1.308331547267283e-09 7.928944114610204e-06 0.0 5.5120907838102084e-12 5.054143520336063e-05 112093.88996974766 31.0 -20.70949917611014 2.262339157464428 1764.54 1776.58 0 43 "Covariance may not be accurate."
2008gp 169 0.002000015269365116 1778.7506670442597 8.992806499463768e-15 1.2435151949956773 0.005664624536896257 0.05102377420901009 29.29684244425107 0.9223869962378617 0.3413623613311942 0.6451989385656319 122401.5993723916 108.0 -12.636656484837577 1.4609522010839413 1768.75 1844.52 33 136 "Covariance may not be accurate."
2008ha 106 0.0849999195125455 1770.3360209951618 8.243405957841787e-15 0.6772127003201899 0.0003124732568507982 1.8355583719653623e-10 2.6334655217397085e-05 0.0 2.805374508252356e-07 0.0010211197805730932 67641.6342774676 81.0 -20.825536416270044 2.1962820885067416 1781.55 1810.55 0 106 "Covariance may not be accurate."
2008hj 127 0.002000011789937472 1802.9649024596847 6.2450045135165055e-15 0.6500000001113156 0.03576559824788661 2.44305999042016e-11 1.547339991248009e-05 0.0 6.386113859946363e-12 0.08393647155431791 467842.1989077584 91.0 -12.191860559082599 2.2623401967296815 1794.58 1834.55 43 84 "Covariance may not be accurate."
2008hu 97 0.07844267102942235 1795.4752862582563 7.827072323607354e-15 0.6500000000365337 0.0012389037605731734 2.1169953783040096e-08 1.3232773085292138e-05 0.0 4.426681243785424e-12 0.00032923128303857796 75373.11809895173 74.0 -20.58353501535701 2.262339190404564 1804.74 1844.84 0 97 "Covariance may not be accurate."
2008hv 225 0.00200828091071293 1816.4687042786318 5.179190409876355e-14 1.110061552821593 3.322512763492824e-05 7.553391633951384e-10 1.6898703506740276e-05 4.163336342344337e-17 2.3109669855525539e-07 1.7749879949041647e-05 281050.9180428697 140.0 -14.555449127642706 1.5632575208419048 1804.8 1912.7 50 175 "Covariance may not be accurate."
2008ia 166 0.06098565234539934 1816.764093840378 1.0574874309554616e-14 0.9742687540296309 0.0010544937077023864 5.611442088077068e-08 2.936124258212658e-05 0.0 4.4557053230365185e-07 0.00015244279861573173 130595.57082785058 91.0 -20.336972360569785 1.7012741840486036 1809.77 1874.69 39 127 "Covariance may not be accurate."
2009D 176 0.002002017810014324 1845.2468455823516 3.9468428525424315e-14 0.657196917368364 0.4693360313285251 0.050866158690622595 29.362820770138796 0.9223879055748987 0.3398195872080097 0.7029238088549268 1476937.8937919252 126.0 -13.348788129644738 2.2444309052186036 1834.67 1890.52 66 110 "Covariance may not be accurate."
2009F 139 0.08499999989265448 1848.0037675658975 1.2406742300186124e-14 1.2122598113306693 0.42901978435501753 2.5480034748781577e-12 1.6103707025649783e-05 0.0 1.2431411011704085e-07 0.001409237481445308 281700.96354693815 92.0 -20.4543709098901 1.4817829638566913 1837.75 1884.63 72 67 "Covariance may not be accurate."
2009I 55 0.08499769157543352 1845.4672617008528 4.413136522884997e-15 0.6500009467865044 2.2174245772887957e-10 1.0514559292684744e-09 4.207077438422857e-05 0.0 1.8111080968274962e-09 2.166160159317032e-05 56613.481225692645 23.0 -20.147569989857175 2.262336773706103 1846.58 1867.58 0 55 "Covariance may not be accurate."
2009J 41 0.08499582367962757 1833.281318366767 5.9119376061289586e-15 0.6500018952821467 0.5000066364569317 0.05128624063111091 24.809681248831566 0.922400364562852 0.3694084023841362 0.7103751653461068 26549.380005168237 32.0 -19.486824237845948 2.262351696550194 1846.74 1867.68 0 41 "Covariance may not be accurate."
2009P 99 0.07104540918801548 1853.1626934616113 3.5638159090467525e-14 0.766748423376751 0.036904718651439405 8.67514150196258e-07 0.00011418453811984364 2.0816681711721685e-16 6.636082233335561e-06 0.027631987790631418 108691.99328260725 77.0 -21.945132010524137 2.0061866659588503 1867.74 1931.61 0 99 "Covariance may not be accurate."
2009Y 264 0.0020015595962785382 1879.0242503411923 1.1599055049771323e-13 0.9017539634930976 1.258566221074009e-06 2.7745691833468145e-10 1.5053657648422814e-05 4.163336342344337e-17 2.286264967343854e-07 2.7970580631364594e-06 656467.7739356608 176.0 -15.423610256905535 1.7931555479581238 1868.84 1976.65 45 219 "Covariance may not be accurate."
2009aa 232 0.002000057324232829 1884.72982352954 1.0824674490095276e-14 1.1360450955232881 0.0017615950451261297 3.6714671233784024e-11 8.920255368138896e-06 0.0 1.2525795400897266e-07 0.003177693790602343 748209.7812976234 127.0 -12.844181763420561 1.5405158942336392 1868.77 1956.66 84 148 "Covariance may not be accurate."
2009ab 102 0.002018058300558846 1893.5703363426073 2.7144952952085077e-14 1.1199607628904515 0.012612437754110306 1.289068743892327e-09 1.5087986298567557e-05 0.0 2.6027785648974344e-07 nan 999722.3510443043 55.0 -13.8445839113134 1.5544405842360156 1874.57 1911.51 72 30 "Covariance may not be accurate."
2009ad 128 0.07029294538174503 1885.9812897475317 1.2240208846492351e-14 1.057959636805544 0.49634017992781193 2.641299410022224e-07 1.4737171412695034 0.0 2.290927006654009e-06 4.0923795795455575e-06 437878.5729127676 67.0 -19.851139993567003 1.6124022197396712 1878.6 1921.53 36 92 "Covariance may not be accurate."
2009ag 208 0.032125164294879174 1877.8948450403732 8.509859483751825e-14 1.246252111504119 0.5877662995542708 8.096933772062595e-05 0.0004224413461315635 4.163336342344337e-17 9.582035352106999e-05 5.9737155157280064e-05 564507.1374184671 107.0 -20.03883921487128 1.459200565481579 1886.62 1959.54 0 208 "Covariance may not be accurate."
2009al 123 0.06854006751143468 1877.4638712467383 6.111777750561487e-14 0.7775140568885244 0.0012650777713330008 9.74929061044183e-07 0.00016008735065042856 4.163336342344337e-17 7.226256979908641e-06 0.00024214243047296358 89582.42131106558 78.0 -22.506686417289984 1.9863714616108314 1891.71 1973.54 0 123 "Covariance may not be accurate."
2009cz 83 0.002000021226587154 1951.0442107417657 2.3314683517128287e-14 1.028780275349177 0.020469079520626543 0.05103888629813862 29.57975837619756 0.9227090424444484 0.40372925298244605 0.5506443358756463 417617.77348473086 45.0 -13.647230336737067 1.641767719549076 1937.53 1966.46 47 36 "Covariance may not be accurate."
2009dc 116 0.002000011740424151 1931.290247285482 1.1857181902996672e-13 0.6500000000000171 0.00599608459000911 1.449923093914396e-10 7.30248889340146e-05 8.326672684688674e-17 3.2382430070754253e-12 0.0001849301635672984 659005.6704766203 58.0 -15.436341603420248 2.262339323135185 1938.77 1976.68 0 116 "Covariance may not be accurate."
2009ds 92 0.08088385383661852 1939.895113919848 9.084399898995343e-14 0.8617098136348462 0.0017927955903832005 2.5236377848569802e-08 4.286618832338718e-06 8.326672684688674e-17 4.0150527419458015e-07 0.00012810179104061348 216430.09210778488 50.0 -23.314662297807022 1.8500156905770453 1954.64 1976.62 0 92 "Covariance may not be accurate."
2009le 66 0.07792605094578302 2145.4392700460558 4.5130565951012613e-14 0.6500000000696529 0.061614259483359524 0.05932133708207489 18.977184727575604 0.9247939278598316 0.369914794027966 0.7019300778901396 509135.2615903951 49.0 -22.370875194289 2.262341022841847 2153.53 2169.58 0 66 "Covariance may not be accurate."
2010ae 57 0.08499991316371568 2263.3097968990646 1.199040866595169e-14 0.7385479601556799 0.4997054912273345 2.968718217019606e-06 0.06331121880066348 4.163336342344337e-17 0.07467967028286476 0.0005618714352929599 16821.87788473673 12.0 -20.255433443444147 2.06124455975446 2258.59 2305.53 24 33 "Covariance may not be accurate."
