analysis_pipeline/fit_results/csp_4_sn91bg_salt2_phase_blue.ecsv
# %ECSV 0.9
# ---
# datatype:
# - {name: obj_id, datatype: string}
# - {name: num_points, datatype: int64}
# - {name: z, datatype: float64}
# - {name: t0, datatype: float64}
# - {name: x0, datatype: float64}
# - {name: x1, datatype: float64}
# - {name: c, datatype: float64}
# - {name: z_err, datatype: float64}
# - {name: t0_err, datatype: float64}
# - {name: x0_err, datatype: float64}
# - {name: x1_err, datatype: float64}
# - {name: c_err, datatype: float64}
# - {name: chi, datatype: float64}
# - {name: dof, datatype: float64}
# - {name: b_max, datatype: float64}
# - {name: delta_15, datatype: float64}
# - {name: tmin, datatype: float64}
# - {name: tmax, datatype: float64}
# - {name: pre_max, datatype: int64}
# - {name: post_max, datatype: int64}
# - {name: message, datatype: string}
# schema: astropy-2.0
obj_id num_points z t0 x0 x1 c z_err t0_err x0_err x1_err c_err chi dof b_max delta_15 tmin tmax pre_max post_max message
[from data line 54]
2006ob 25 0.0592 1052.2400003417536 5.995204332975845e-15 0.7810715164542745 0.11672732899639593 0.0 23.160592030569205 0.92240367352644 0.3654795161507526 0.5470012466057144 17665.3507214062 19.0 -19.453705461992612 1.9787895275549054 1060.65 1121.57 0 25 "Covariance may not be accurate."
2006os 40 0.0328 1072.3996050789929 7.244205235679146e-15 0.6500000008220522 0.3606790323259279 0.0 1.6046650102907734e-05 0.0 1.8097190412902364e-11 0.002568145541911371 53500.2279842794 36.0 -17.85715897524071 2.2606668458499506 1065.63 1121.61 11 29 "Covariance may not be accurate."
2006ot 43 0.0531 1048.9833444547628 2.556288514199423e-14 0.982565172712584 0.45279083536851417 0.0 0.1407505661804862 0.0 0.00100113792047124 0.004639747088914542 20053.83852962758 33.0 -20.116594947819628 1.6910336038359652 1065.68 1119.57 0 43 "Covariance may not be accurate."
2006py 21 0.0579 1054.549349913115 4.08006961549745e-14 0.697781271582019 0.4597814868924308 0.0 22.502713987769198 0.9223868467947075 0.426316067709865 0.7004420572724896 13373.259189184948 17.0 -20.803995101301798 2.1474525680671945 1069.54 1087.54 0 21 "Covariance may not be accurate."
2007A 27 0.0177 1114.8468768088558 7.244205235679146e-14 0.6500000003098532 0.5431328520720492 0.0 5.313674000717583e-05 4.163336342344337e-17 3.9811820506940876e-11 0.0019111002671344801 95179.82313585009 23.0 -18.623632341694176 2.260671218756512 1108.54 1133.53 11 16 "Covariance may not be accurate."
2007N 65 0.0129 1135.7704465470629 3.6637359812630166e-15 1.2369075573159312 0.4125190040967981 0.0 29.487798846015153 0.9223870301731933 0.3290644168455829 0.6870155534668272 100426.96657692359 47.0 -14.955861211500945 1.464843024687518 1123.82 1213.67 20 45 "Covariance may not be accurate."
2007S 65 0.0139 1144.1133659545799 6.394884621840902e-14 1.227023025393461 0.32134023439307946 0.0 29.438281394082424 0.92238705966013 0.41211892576437353 0.6554150874083641 42890.7725948716 49.0 -18.397741223985633 1.471351171563441 1133.84 1246.54 12 53 "Covariance may not be accurate."
2007af 102 0.0055 1168.520970598051 6.075140390748857e-13 0.6500000000000338 0.7321202132325708 0.0 29.34638431799965 0.9718402494369447 0.38873599041648227 0.7396774335726913 401277.2761061739 76.0 -17.99842717167303 2.260672139208955 1165.8 1256.69 7 95 "Covariance may not be accurate."
2007ai 52 0.0317 1154.5060292522453 4.729550084903167e-14 0.7292621799756471 0.5000612983683411 0.0 0.08069825667473651 4.163336342344337e-17 0.00011906595529742603 0.00017658306370860188 29049.427253245303 33.0 -19.51921967401827 2.0790258887248427 1172.89 1259.7 0 52 "Covariance may not be accurate."
2007al 48 0.0122 1174.626474654165 6.161737786669619e-15 1.2250291283322332 0.2572368935758863 0.0 28.262038984331298 0.9306004028099695 0.41363157072662976 0.6284378510898433 16656.45031815316 34.0 -15.678452700951322 1.4726792605874408 1170.77 1246.58 8 40 "Covariance may not be accurate."
2007as 65 0.0176 1184.4787825306153 1.6653345369377348e-14 1.2352678785464963 0.00765450914161292 0.0 29.147951137095788 0.9223868844364993 0.4046365196871264 0.649834340869333 69722.11021044136 46.0 -18.051119316658728 1.4659031164394456 1181.7 1259.49 8 57 "Covariance may not be accurate."
2007ax 40 0.0069 1189.5950025012626 2.806088694740083e-14 0.6500242140774554 0.29610150762212417 0.0 28.425040699567603 0.9223872068276732 0.3673459126701371 0.738947072833084 26416.5846145967 34.0 -16.014283016257558 2.260604703654483 1185.56 1246.46 4 36 "Covariance may not be accurate."
2007ba 56 0.0385 1193.9929629070612 5.995204332975845e-15 1.2465151013325184 0.39997474870406713 0.0 28.04495311685946 0.9285712744212798 0.3489708363380903 0.6848384558522425 24746.288215748773 47.0 -17.932508513972365 1.4586209036737934 1190.83 1255.61 4 52 "Covariance may not be accurate."
2007bc 47 0.0208 1181.6525442187672 1.149913497755506e-13 0.7801588825296552 0.17478714940672457 0.0 1.4461979844782036e-06 4.163336342344337e-17 1.1229271805190955e-06 0.0022495421070906074 167620.2870107499 33.0 -20.21170818952872 1.9804267283492614 1197.65 1259.53 0 47 "Covariance may not be accurate."
2007bd 44 0.0309 1204.3710435046432 4.6629367034256575e-14 0.6500000137820463 0.6084995925905765 0.0 6.104878877977171e-05 0.0 5.515763956687181e-10 0.0014390885334804038 123167.84772150636 37.0 -19.261164019141358 2.2606714353197646 1197.53 1259.46 8 36 "Covariance may not be accurate."
2007bm 35 0.0062 1215.831849108275 5.850320228262262e-13 0.7994273167726216 0.5199460353129991 0.0 0.032274884747380383 7.494005416219807e-16 0.0014531286613822525 0.001300786823250022 300115.847638797 31.0 -18.632710095395886 1.946822741565601 1224.67 1259.56 0 35 "Covariance may not be accurate."
2007ca 44 0.0141 1224.0718210976995 4.030109579389318e-14 1.230789039153945 0.49734911504993096 0.0 29.087772950835642 0.9430431719600665 0.40898111236749174 0.7179129299228224 179075.85928611862 40.0 -17.56387331678098 1.4688600902528428 1218.68 1259.63 4 40 "Covariance may not be accurate."
2007cg 22 0.0332 1220.6396317872284 1.1907141939104804e-14 1.2489022398983596 0.4996445833792996 0.0 31.539563103002706 1.2258969998420421 0.35791445649806947 0.7405553522607454 2614.261860977184 18.0 -18.125501706875074 1.457090791927488 1235.63 1259.59 0 22 "Covariance may not be accurate."
2007hj 93 0.0141 1348.5313928534924 4.704570066849101e-14 1.1300884079027453 0.4455328753113724 0.0 26.920279652040108 0.922386839077226 0.359555483534375 0.6965967490698004 81675.3033080124 71.0 -17.852239430972645 1.5450778414040514 1348.76 1440.53 0 93 "Covariance may not be accurate."
2007hx 41 0.0794 1367.3038123727504 2.498001805406602e-16 1.2326167447890994 0.01741959583852537 0.0 0.00012344886704340752 0.0 6.591404558831115e-07 0.006436659005408851 50238.34876081124 37.0 -16.845479874932725 1.467642557199543 1354.78 1411.73 22 19 "Covariance may not be accurate."
2007if 67 0.0742 1340.7786444537658 1.3988810110276972e-14 1.247267986278238 0.5001279417235224 0.0 0.9706789227938089 1.249000902703301e-16 0.0024477602514523245 0.01291810867640475 59784.17500808796 38.0 -20.110374196028257 1.4581395566478754 1357.77 1443.6 0 67 "Covariance may not be accurate. Covariance not positive definite. Covariance forced positive definite."
2007jd 46 0.0726 1370.2827002768581 8.326672684688674e-17 0.650000038703528 0.004001752354375665 0.0 29.024512848026006 0.9278810731324216 0.37108760326352175 0.5874426476321415 71314.97173319817 42.0 -15.46932443530044 2.260654078492699 1362.83 1403.81 21 25 "Covariance may not be accurate."
2007jg 57 0.0371 1371.9213220581073 8.409939411535561e-15 0.6500000018586297 0.07855070252467738 0.0 29.025820593497315 0.9223893891553999 0.3689698243890904 0.7100629731692973 178876.74763306874 53.0 -18.84136685151999 2.260656466232284 1363.82 1423.7 15 42 "Covariance may not be accurate."
2007jh 25 0.0408 1356.2586403521698 1.0075273948473296e-14 0.6500038026612078 0.4992456181936621 0.0 0.05182424650365647 0.0 4.874896098461257e-07 3.5049164728018223e-06 9736.884834848479 21.0 -18.404992143196473 2.260661500907638 1363.86 1395.86 0 25 "Covariance may not be accurate."
2007le 94 0.0067 1379.099371440936 8.047729149751603e-13 0.8344438197103522 0.17330795803372717 0.0 22.157142561370392 0.9590126422145864 0.45633022053007366 0.7343440037971296 179115.55586475966 47.0 -19.8438437102203 1.8901394966372482 1392.6 1470.55 0 94 "Covariance may not be accurate."
2007mm 22 0.0664 1370.7609858611565 6.661338147750939e-15 0.6610226713368039 0.37801315448213557 0.0 1.1961748896283098e-05 0.0 7.53118856056112e-07 0.05403029254106326 8652.203742148686 18.0 -19.317858682554377 2.233412095243107 1385.72 1418.69 0 22 "Covariance may not be accurate."
2007nq 75 0.045 1395.0469841513125 2.148281552649678e-14 0.7120510237780322 0.5034128664081099 0.0 26.035428871924637 0.9223868758552666 0.32217714441344575 0.7111474364968057 65771.40952533494 53.0 -19.439318891060026 2.115785868111292 1397.65 1476.56 0 75 "Covariance may not be accurate."
2007ol 24 0.0559 1402.3630988028644 5.662137425588298e-15 0.9742070500852417 0.07643886129197708 0.0 20.613635292971253 0.9223871949015522 0.4313731250129811 0.7091444989500556 18192.36685219385 20.0 -19.335743205491003 1.700602702456436 1409.79 1422.66 0 24 "Covariance may not be accurate."
2007on 104 0.0065 1418.9998711864948 3.0667135497708387e-13 1.16071332433062 0.04751365535202995 0.0 29.053069110751267 0.9223867218439916 0.34141212921345704 0.5144985040735814 71649.03212379823 67.0 -18.967044796830507 1.5196660921426677 1411.79 1508.61 13 91 "Covariance may not be accurate."
2007so 27 0.0297 1454.3067733551973 6.328271240363392e-15 0.7780504091863297 0.45927188305753236 0.0 28.33143204941655 0.9226258312421988 0.4429527724282456 0.7003963872672753 17715.12355703805 23.0 -17.286959789116867 1.9842288629502391 1449.68 1469.55 8 19 "Covariance may not be accurate."
2007sr 103 0.0055 1456.4458999877068 5.375699885235008e-13 1.1712810621259055 0.39168949708480466 0.0 27.512527834695675 0.9223865730340877 0.3343671981479948 0.6804777875518833 58362.97731047432 62.0 -18.550657072541448 1.511361695247727 1455.76 1578.72 4 99 "Covariance may not be accurate."
2007st 44 0.0212 1460.8442665962946 6.886158310237533e-14 0.6500000024044762 0.5000583319936125 0.0 0.02946579938134164 4.996003610813204e-16 5.64062407004684e-07 0.006647865673562875 30751.79813992021 40.0 -19.036273352938125 2.260671074453475 1458.66 1493.55 4 40 "Covariance may not be accurate. Covariance not positive definite. Covariance forced positive definite."
2007ux 63 0.0309 1473.1627502601998 5.578870698741412e-15 0.6500026533935237 1.3904727397262562e-07 0.0 3.2235743105957226e-05 0.0 1.983037956065914e-09 0.00034602544077749764 101939.64848481557 50.0 -18.119963633476903 2.260647403441787 1466.86 1558.61 18 45 "Covariance may not be accurate."
2008C 48 0.0166 1455.1965439168507 1.288136264321338e-13 0.9938217507705727 0.49927902273460495 0.0 26.15451903356859 0.922559003118643 0.41482815254747646 0.7102754680247778 31621.11215376517 30.0 -19.179345837088263 1.6784250949769532 1469.81 1552.5 0 48 "Covariance may not be accurate."
2008J 38 0.0159 1469.6697857488962 9.35918009759007e-14 1.2382086981333467 0.5000925016322663 0.0 nan 0.0 3.531269147838412e-05 0.00011151819393981355 27272.58753713705 34.0 -18.73589082645743 1.4639971783949974 1484.54 1515.52 0 38 "Covariance may not be accurate."
2008O 50 0.0389 1506.9857251043932 1.6653345369377348e-15 1.189494140324594 0.4912792410834436 0.0 29.87843685940402 0.9365363110527103 0.3209678344964115 0.7139323006857388 116893.60104784454 43.0 -16.363478108426836 1.4975859038814257 1490.64 1571.48 24 26 "Covariance may not be accurate."
2008R 43 0.0135 1489.1932128301462 8.185119249048967e-14 1.1500669537060124 0.4106671476247925 0.0 25.250085700265345 0.9223868034396807 0.34806892150131313 0.686449949034653 151976.05442260727 39.0 -18.432146420619723 1.528288904983265 1493.63 1532.52 0 43 "Covariance may not be accurate."
2008ae 30 0.03 1514.582994133809 6.5780714209040525e-15 0.6500000000362276 0.5000737829169427 0.0 0.007037238548036839 4.163336342344337e-17 0.0575615072553009 0.01227626472769558 8712.513568745375 23.0 -17.254933397094618 2.260671080447434 1508.74 1597.56 6 24 "Covariance may not be accurate. Covariance not positive definite. Covariance forced positive definite."
2008ar 62 0.0261 1531.933563091072 2.2648549702353193e-14 1.0602176501815677 0.12231543178481435 0.0 28.210155669214828 0.9223875152724954 0.44272707019341606 0.5510433156423498 65489.65178154973 52.0 -19.05469275369407 1.609551517744361 1527.79 1606.6 4 58 "Covariance may not be accurate."
2008bc 104 0.0151 1553.5904293459625 5.2707838094079307e-14 1.1422759740011017 0.5136709135499637 0.0 29.48559267845576 0.9223881810023343 0.4410825020130804 0.7134321392503294 579405.4741529062 83.0 -17.977446896353186 1.5347418162334385 1541.67 1646.46 35 69 "Covariance may not be accurate."
2008bd 31 0.0301 1527.771850181301 7.327471962526033e-15 0.854872176744143 0.4530847547732771 0.0 2.8777688546616673 0.0 0.00029835279839429685 0.0004558671633868583 402.9246300924263 25.0 -17.489740253492513 1.8591691016770469 1541.7 1592.62 0 31 "Covariance may not be accurate."
2008bf 101 0.0235 1536.7940244627735 1.030009411095989e-13 0.6792125115077923 0.02229974009431568 0.0 22.12091510282403 0.9223869056387833 0.4165694458919365 0.5476746567862077 303582.31828091526 66.0 -20.643420545666718 2.190035175468097 1547.73 1646.49 0 101 "Covariance may not be accurate."
2008bi 35 0.0134 1553.2147712990036 1.582067810090848e-14 0.7603191850705783 0.7745748613199117 0.0 28.29370470502272 1.0250894563179127 0.354191339244469 0.600668961750306 2190.5378526454315 31.0 -15.901871262951268 2.0170877351075376 1551.52 1595.52 8 27 "Covariance may not be accurate."
2008bq 64 0.034 1547.6669158916657 8.426592756904938e-14 0.6695231564993577 0.500088613598709 0.0 nan 0.0 2.794447011839063e-05 5.637676907582767e-05 220019.25710644718 55.0 -20.302091935250438 2.212923390638265 1562.49 1606.46 0 64 "Covariance may not be accurate."
2008bt 49 0.0154 1576.1973114746952 1.2739809207573671e-14 0.6500000000000062 0.12438259217566883 0.0 3.3894242960741394e-05 0.0 4.429234756742062e-13 0.19388512523436427 54578.83027669559 37.0 -17.26273060076188 2.2606581826361953 1571.61 1651.47 12 37 "Covariance may not be accurate."
2008bz 44 0.0603 1566.9783943561506 2.781108676686017e-14 0.8253787222839819 0.4984687288775318 0.0 27.24543874951712 0.9224039032707717 0.44346595828063723 0.7100221937337217 55680.73910412527 30.0 -20.388500974311164 1.9043406218307481 1580.72 1651.52 0 44 "Covariance may not be accurate."
2008cc 81 0.0104 1575.3231314044249 2.512157148970573e-13 0.7671111780137485 0.5401002226044752 0.0 0.005878761323742765 3.7470027081099033e-16 3.534878669009256e-05 6.060108823952026e-05 136537.11861921477 41.0 -18.811967438619963 2.004296526281273 1582.86 1654.86 0 81 "Covariance may not be accurate."
2008cd 14 0.0074 1581.3394038752206 9.159339953157541e-15 0.6530195731101134 0.48032941026250103 0.0 15.510413878522286 0.9224862570982656 0.3503974107435622 0.7057238183459771 1553.4082150301342 10.0 -14.585076918339642 2.2531207505229034 1587.74 1595.73 0 14 "Covariance may not be accurate."
2008cf 45 0.046 1580.803787970409 6.269984531570572e-14 0.7934184061584824 0.48223205979644373 0.0 0.003725170109191822 0.0 1.7382024434242638e-06 3.369159754601503e-06 124178.73177262829 29.0 -20.70001479861755 1.9571045276353551 1595.77 1654.65 0 45 "Covariance may not be accurate."
2008ff 86 0.0193 1709.5431806863157 8.709699628184353e-14 0.9359888426114762 0.49968123481582183 0.0 24.28852149405759 0.9223871029396903 0.4228627831843264 0.7102945719223709 35430.73298058896 55.0 -19.08518603204088 1.7470455257536095 1724.53 1790.57 0 86 "Covariance may not be accurate."
2008fl 89 0.0199 1713.9765947774713 6.628031457012185e-14 1.030925634318742 0.5063490703154807 0.0 21.60481568149271 0.9359100881738175 0.4401423987081563 0.7174473806903315 145483.1474736736 62.0 -18.84527923785911 1.6389118512992074 1724.49 1789.53 0 89 "Covariance may not be accurate."
2008fp 115 0.0057 1732.649114543611 3.6570746431152656e-13 0.6505133547347204 0.5007755421802236 0.0 13.05718170122168 8.326672684688674e-17 1.9083149077614436e-07 8.93939857116166e-06 394613.30044655903 73.0 -17.969819680998427 2.2593829080833014 1724.84 1820.73 18 97 "Covariance may not be accurate. Covariance not positive definite. Covariance forced positive definite."
