analysis_pipeline/fit_results/csp_4_salt2_2.4_red.ecsv
# %ECSV 0.9
# ---
# datatype:
# - name: obj_id
#   datatype: string
# - name: num_points
#   datatype: int64
# - name: z
#   datatype: float64
# - name: t0
#   datatype: float64
# - name: x0
#   datatype: float64
# - name: x1
#   datatype: float64
# - name: c
#   datatype: float64
# - name: z_err
#   datatype: float64
# - name: t0_err
#   datatype: float64
# - name: x0_err
#   datatype: float64
# - name: x1_err
#   datatype: float64
# - name: c_err
#   datatype: float64
# - name: chi
#   datatype: float64
# - name: dof
#   datatype: float64
# - name: b_max
#   datatype: float64
# - name: delta_15
#   datatype: float64
# - name: tmin
#   datatype: float64
# - name: tmax
#   datatype: float64
# - name: pre_max
#   datatype: int64
# - name: post_max
#   datatype: int64
# - name: message
#   datatype: string
# schema: astropy-2.0
obj_id num_points z t0 x0 x1 c z_err t0_err x0_err x1_err c_err chi dof b_max delta_15 tmin tmax pre_max post_max message
[from data line 106]
2007st 74 0.0212 1451.8526992457496 0.007837602610829135 -1.2531804520038294 0.1915443323654702 0.0 0.21901769854628128 0.00022561626070303348 0.031122933379735374 0.015925413118326293 721.6698603560349 20.0 -19.081805591530312 1.295816666993188 1458.66 1513.52 0 74 "Minimization exited successfully."
2005hc 84 0.0459 668.2703378777568 0.0021319121111103402 0.7739716179242837 -0.07773519090898218 0.0 0.0652100335751129 3.191862241869333e-05 0.03634399231860508 0.010629974167249256 54.6259115564689 28.0 -19.385289688017405 0.9176034494492846 661.67 755.61 19 65 "Minimization exited successfully."
2009ab 62 0.0112 1883.676701695967 0.007678764260227489 -0.913571991685254 0.4885418069451457 0.0 0.017970209825648453 7.517882980982282e-05 0.02233640239712864 0.0063128602592150695 434.94026537549223 16.0 -17.668297208930646 1.1987011883122296 1874.57 1911.51 14 48 "Minimization exited successfully."
2007as 88 0.0176 1181.7870689905747 0.00923728763709038 -0.8208459974337092 -0.020373732203306072 0.0 0.04876727845930873 9.891765738071715e-05 0.017436922670834853 0.006952021978554712 1013.802864613251 24.0 -18.84831198579284 1.2179986766317157 1175.59 1259.49 13 75 "Minimization exited successfully."
2006hx 39 0.0455 1022.9872648612694 0.0009534998788176818 -0.23724563292573997 0.46448969277175833 0.0 0.10116964998741196 4.3812895378925144e-05 0.08145277678737806 0.03155469988336368 101.46110137682608 13.0 -18.502617858773466 1.0701462313614698 1013.66 1080.59 8 31 "Minimization exited successfully."
2008ff 144 0.0193 1714.6072563373034 0.010966417222300715 -0.9560999438484075 -0.03124132015170611 0.0 22.172470393201024 0.03047923385436497 6.845103612029924 1.4133514223628163 7799.577464872109 31.0 -19.237608890278054 1.2479339573432426 1724.53 1790.57 0 144 "Covariance may not be accurate."
2009ds 56 0.0193 1962.151381742701 0.011988797761294563 0.2788751662814013 -0.019277683430097725 0.0 0.09682906552257009 0.0004200616504335371 0.20779773916947564 0.024883822352591123 40.14451545147742 14.0 -19.33511152066395 1.0027003203216385 1954.64 1976.62 17 39 "Minimization exited successfully."
2008O 53 0.0389 1492.1173531193433 0.000808715113576175 -2.517424796346483 0.28779631031431263 0.0 0.09179582409501563 2.5076824068973015e-05 0.06527149037207636 0.02222214072570139 311.80454057593784 18.0 -17.96475313869671 1.6088307994725248 1489.71 1546.54 7 46 "Minimization exited successfully."
2006ot 75 0.0531 1067.0001761473843 0.0005623277124258863 0.3614353028119055 0.6200483694920185 0.0 0.1776295214865513 1.3625588292263935e-05 0.05986457437705672 0.01720095401956212 595.2261035900801 24.0 -18.286267374865467 0.9559770317158076 1063.72 1131.63 13 62 "Minimization exited successfully."
2006py 14 0.0579 1071.2046492003774 0.0009420738507273708 0.43522409030244535 0.13505766566394994 0.0 0.27405438598657383 5.224517420032997e-05 0.3148614282591016 0.04479842847427884 20.35639238845916 10.0 -19.02235455173206 0.9675759935019386 1069.54 1091.54 2 12 "Minimization exited successfully."
2005be 23 0.035 460.3076372380845 0.003519266716558878 -2.2115961147253547 -0.17240638787186668 0.0 0.0477463797915334 5.295075115957222e-05 0.029827199560772177 0.009969952572353336 205.26546540280097 19.0 -19.32264288480855 1.5761029385985807 467.89 491.77 0 23 "Minimization exited successfully."
2006fw 6 0.0835 1008.4877265533362 0.0028435024863095546 -1.2732297365093226 -0.9639855063217667 0.0 0.17033164424486813 0.00044264174622787736 0.23134497384209718 0.09291435039323342 28.77759536022348 2.0 -21.09968257406679 1.3868676670491098 1001.75 1039.73 2 4 "Covariance may not be accurate. Covariance not positive definite. Covariance forced positive definite."
2007ax 57 0.0069 1189.751700302149 0.003937790618736614 -2.5903337434271583 0.6166338884914051 0.0 0.051317677261977224 7.620214518179848e-05 0.020188985943586868 0.012408908720015432 23964.14336730164 18.0 -15.890922750816124 1.5839601986102885 1184.55 1248.47 6 51 "Minimization exited successfully."
2007jg 56 0.0371 1366.9782825772306 0.0015586019676071012 -0.3683540387929076 0.08315528731385569 0.0 0.099544002418952 3.329871737112601e-05 0.05650541287996669 0.014435143565909803 293.0143975377879 25.0 -18.568194774841768 1.1189149379438064 1363.82 1425.78 13 43 "Minimization exited successfully."
2007af 205 0.0055 1176.535074106541 0.07532491733107603 -0.5460894403329233 0.16119321512379514 0.0 5.999595487082843e-09 0.0006952633937631347 0.011142219971692402 0.005730280295464962 9864.956397654938 43.0 -18.582355980506524 1.1490070436539295 1162.76 1257.72 67 138 "Minimization exited successfully."
2008cc 86 0.0104 1580.2607670454238 0.020591645518865807 -1.5930492839255317 0.17311244438124662 0.0 1.7151804740933585e-06 0.00021880525307133372 0.011815341572768201 0.007015470922884903 32376.718260639238 24.0 -18.565560041022984 1.3762388305277309 1582.86 1654.86 0 86 "Covariance may not be accurate."
2006ef 20 0.0179 968.1943537280488 0.01301833984421284 -0.9499099792456454 -0.12583769445112702 0.0 0.12344716989389326 0.00021012757499690605 0.029250270471359308 0.009832228577759616 261.66387995523786 12.0 -19.25869408139242 1.2534517741163764 979.9 1040.71 0 20 "Minimization exited successfully."
2007nq 99 0.045 1397.5224096899947 0.0017369977274594856 -1.7675188188346178 0.03370785924257147 0.0 0.10721314918475855 3.2281865526492814e-05 0.03252124852369054 0.01253296327420017 401.34325823796723 32.0 -19.11672086520594 1.433116203288833 1397.65 1476.56 0 99 "Minimization exited successfully."
2008bq 50 0.034 1564.3015262018039 0.0027961501129596337 0.35906675696396384 0.10368665197971128 0.0 0.062452370661162604 3.2472382752972515e-05 0.028327246550694518 0.00814818914569293 176.62817798651378 28.0 -19.008954853819212 0.98249321275539 1562.49 1606.46 2 48 "Minimization exited successfully."
2008hv 132 0.0126 1817.3692674025285 0.021279907626012232 -1.479715657238395 -0.08436380445331959 0.0 0.012675239873146893 0.00023644853177437475 0.018555310230550237 0.0071876792880793405 1479.081209108029 36.0 -19.020302689173498 1.372735016149699 1804.8 1912.7 31 101 "Minimization exited successfully."
2009I 37 0.0262 1851.968059747139 0.0005558331052583882 1.1619033333290059 0.9999999865507248 0.0 0.14970352316299795 2.868879676665116e-06 0.11360155546139605 0.007092623706654089 64.41992091813852 6.0 -16.730674504661337 0.8100489065927405 1846.58 1867.58 14 23 "Minimization exited successfully."
2004gc 54 0.0321 330.0954400295116 0.0016364496349705383 -1.108151373035004 0.27019153017815056 0.0 1.3479348552891679e-05 2.438491811866672e-05 0.0273983231560595 0.01013446788059491 1545.4840386182686 42.0 -18.301839196265725 1.2572895354525926 329.83 397.66 2 52 "Covariance may not be accurate."
2005lu 39 0.032 719.9405203972376 0.0016649711704428362 0.07001086628210285 0.19348004984132539 0.0 3.458728366467767e-05 3.8687944101492545e-05 0.024831069134196415 0.015389601564151034 1817.2169958810287 22.0 -18.312415691793564 1.0298968585866604 719.66 799.52 1 38 "Minimization exited successfully."
2007al 72 0.0122 1162.950338419661 0.002068729669172831 -2.9374474527580667 0.7379829506772646 0.0 2.4896096078919072e-05 5.037360995485403e-05 0.017014379525536638 0.015169923472935776 6579.604668123938 16.0 -16.447146717617336 1.6659800191306005 1170.77 1246.58 0 72 "Minimization exited successfully."
2005gj 112 0.0616 712.4901214685311 0.0006953368878753308 4.999999980459673 0.9999999857968143 0.0 1.695265950729663e-06 1.378345721127249e-06 0.0017394866176569934 0.0001253138985891633 23651.57485567024 30.0 -18.94977778601732 0.20076347067712064 698.7 1016.76 20 92 "Minimization exited successfully."
2008bz 26 0.0603 1579.2999052050977 0.0011834523505636352 -0.7193526270868897 -0.15001431503065654 0.0 0.14389965455472975 2.6940092622403165e-05 0.07961966487642824 0.017093612799242375 163.9534209024362 18.0 -19.361266850286633 1.2052157071989278 1580.72 1651.52 0 26 "Minimization exited successfully."
2007bc 64 0.0208 1200.7763108591882 0.007372009536756808 -0.9572918092772378 0.05020417119662901 0.0 0.05803134563336698 0.00010550793420499452 0.020834806338344336 0.00996675779602596 286.14539892227566 24.0 -18.971559386660715 1.2421322459920212 1196.65 1259.53 11 53 "Minimization exited successfully."
2008fr 82 0.0397 1741.5754579736051 0.0023408049842550487 -0.4022018591798213 -0.06971928962483687 0.0 9.162857736555452e-06 3.734885215706538e-05 0.029702659526369857 0.010956517846388958 4923.241485163583 27.0 -19.160825570745182 1.1348579740489804 1738.78 1807.57 5 77 "Minimization exited successfully."
