analysis_pipeline/fit_results/csp_5_salt2_2.4_all.ecsv
# %ECSV 0.9
# ---
# datatype:
# - {name: obj_id, datatype: string}
# - {name: num_points, datatype: int64}
# - {name: z, datatype: float64}
# - {name: t0, datatype: float64}
# - {name: x0, datatype: float64}
# - {name: x1, datatype: float64}
# - {name: c, datatype: float64}
# - {name: z_err, datatype: float64}
# - {name: t0_err, datatype: float64}
# - {name: x0_err, datatype: float64}
# - {name: x1_err, datatype: float64}
# - {name: c_err, datatype: float64}
# - {name: chi, datatype: float64}
# - {name: dof, datatype: float64}
# - {name: b_max, datatype: float64}
# - {name: delta_15, datatype: float64}
# - {name: tmin, datatype: float64}
# - {name: tmax, datatype: float64}
# - {name: pre_max, datatype: int64}
# - {name: post_max, datatype: int64}
# - {name: message, datatype: string}
# schema: astropy-2.0
obj_id num_points z t0 x0 x1 c z_err t0_err x0_err x1_err c_err chi dof b_max delta_15 tmin tmax pre_max post_max message
2004dt 269 0.03396131266758978 239.99193471393005 0.015296571640804037 -1.0604346361103762 0.031739761869239214 0.05892610686851643 3.2880826054814065 0.032463443809852076 6.812081892891699 1.427819302260374 661013.1176381339 264.0 -20.850105457429763 1.2660670071299904 249.79 365.62 0 269 "Covariance may not be accurate."
2004ef 278 0.030639703742515987 264.72240184261136 0.002556183732263054 -1.415075460111722 0.14621423124182242 0.00043124434618242377 0.006292794023551096 2.31526866210658e-06 0.006305285190750132 0.0010260783034102827 36283.464734794405 256.0 -18.679668938442266 1.3367451570117943 255.69 329.57 59 219 "Minimization exited successfully."
2004eo 269 0.05306764643796336 279.2244545271818 0.010907112340776454 -1.2224416529581132 0.11502411452110994 0.00024129965120122873 0.004707830490104925 8.862458823495796e-06 0.004032615098975123 0.0007396836336251988 39431.335668003114 216.0 -21.48331829724781 1.2954304171964353 266.52 341.54 94 175 "Minimization exited successfully."
2004ey 213 0.017491156889554414 305.03444371679825 0.01334071856812965 0.244797796849773 0.0818353126482736 0.00041573404399557375 0.00877839843866468 1.1732836194553245e-05 0.0074177953199985325 0.0011047971908015874 6058.156120045745 170.0 -19.234783353791144 1.0039886165970966 295.53 358.55 55 158 "Minimization exited successfully."
2004gc 134 0.03208848559676585 330.09559522789226 0.0013738815891274154 -1.37284889255181 0.3967002750523727 4.407013903424961e-07 2.2930695791956168e-05 3.287528621116753e-06 0.014579939705898548 0.002079673836088647 21062.953655103054 129.0 -18.11553985852228 1.304122173123151 329.83 397.66 5 129 "Covariance may not be accurate."
2004gs 299 0.029227776472593465 358.2187394381126 0.002040988172641245 -2.3276138564203475 0.1930765228887159 1.299341240799251e-07 2.816635372937526e-06 3.596219358958973e-06 0.01021296175832398 0.0015144528812045532 132101.169747739 255.0 -18.331034614550944 1.5661979225538403 352.85 461.56 24 275 "Minimization exited successfully."
2004gu 156 0.0325048014718263 363.1166424477478 0.0016705889550242992 1.2271757248707598 0.15276085883104962 0.0011073231719342692 0.04455675674867621 4.911583036013045e-06 0.026925306858120113 0.003253007844744582 1131.6124903314787 140.0 -18.35110739321519 0.8327827578843383 357.86 410.84 14 142 "Minimization exited successfully."
2005A 182 0.019099670258021468 381.56539952353097 0.0008259452375403959 -0.5479877411540359 0.9998222489484854 1.3519147032230172e-07 7.641309508699123e-06 1.5847443425073392e-06 0.013693097935206122 0.00047209464092112796 8604.567486849295 134.0 -16.460921519443215 1.0889165192912387 376.65 433.53 14 168 "Covariance may not be accurate."
2005M 381 0.060958660302387654 407.5245409791378 0.006526918576207486 1.2506071442417799 -0.0027775418185044254 5.955506380411757e-08 1.9009840542594247e-05 7.078356980354337e-06 0.011877231173527125 0.0008789439734088189 179363.0895419542 315.0 -21.240207414205905 0.8342022931622903 396.77 480.51 69 312 "Minimization exited successfully."
2005W 117 0.00350000000142717 412.90387945613975 0.02759763183539381 -0.05449986174450139 0.25165188656055504 3.087581151660075e-05 0.01767547826764826 4.820520757083287e-05 0.028180726173250292 0.001475500647482919 1619.8101915405775 112.0 -16.509628646898662 1.0494401213953921 404.54 429.51 42 75 "Minimization exited successfully."
2005ag 208 0.07332807899104574 415.2973344366566 0.0006213262361370848 0.3043303699118418 0.05228801149178808 0.0014469837174041558 0.07279946412100458 1.6146061783309349e-06 0.0385822716103017 0.0036116506379197943 19541.58779851861 194.0 -19.106377938874076 0.9947109225249235 412.82 480.84 15 193 "Minimization exited successfully."
2005al 238 0.007518809683768566 431.3441358425822 0.01548288588863166 -1.3185981846210497 -0.012085820723467755 0.0002903987792382762 0.022524340965418332 2.0321695549807214e-05 0.007869711564147952 0.0012358998571708746 91371.63597314793 205.0 -17.545135426319423 1.3281500403524973 429.76 512.79 12 226 "Minimization exited successfully."
2005am 203 0.05159175304302431 438.0287927692526 0.04980441245160986 -1.6883262510856585 -0.022498006755495847 0.05866271659652119 28.76743632120923 0.032014424838814504 6.592068789708179 1.415461577634575 64078.490570149974 176.0 -23.06766726292861 1.4186330420939353 432.58 512.46 9 194 "Covariance may not be accurate."
2005be 68 0.022093926308770415 460.08482012155275 0.0029241966018868693 -1.9271177678426463 -0.01629346207797011 0.0045414968516361166 0.07265912393870622 2.8074493950709656e-05 0.039929044036926875 0.015554671946102328 1111.5553546754668 63.0 -18.100195613464336 1.4797402666975863 467.89 491.77 0 68 "Minimization exited successfully."
2005bg 95 0.003500000000932848 470.238065768384 0.0068826026801544656 0.480942723016204 0.067079880568502 7.891015142658716e-05 0.06405489639300299 1.8189172535697153e-05 0.03247147656685456 0.0016120901634759655 1658.1262300009764 90.0 -14.999030256129336 0.962654601919434 471.65 512.61 0 95 "Minimization exited successfully."
2005bl 64 0.08064670804448382 483.0776299051712 0.000663750632712093 -4.999999998032574 0.40592953515576546 0.0008653663441089837 0.0181737812757774 2.33501009376107e-06 0.010443235149299124 0.004079258182988932 8874.786064970602 59.0 -19.402381477817023 2.7300039596442893 476.61 512.57 35 29 "Minimization exited successfully."
2005bo 54 0.003500000674300581 479.0918178392483 0.008072182515142518 -1.148380813626062 0.3174733772812601 6.180509660393282e-05 0.07020353922865752 2.619003325256969e-05 0.04718942240622992 0.0023931126766522093 1207.2362046964274 49.0 -15.17633011655051 1.2619887129884013 478.75 512.76 6 48 "Minimization exited successfully."
2005el 236 0.04526129601455446 647.4976727975904 0.013343433663523413 -1.139044392219196 -0.06098922893209824 0.04236958620493861 6.654768185399007e-07 6.061594676127699e-06 0.0018731009888992567 0.0008123192431983561 116880.52776256527 134.0 -21.3437273103659 1.2908703014494982 639.89 730.75 24 212 "Covariance may not be accurate. Covariance not positive definite. Covariance forced positive definite."
2005eq 211 0.028993676290628937 656.3003914889962 0.004024243006438305 0.9686917258199692 0.10540932071819742 2.8034714131923433e-07 1.6025008108044858e-05 7.456897849056256e-06 0.016574636767979545 0.0015298584642799984 67501.27840929496 148.0 -19.050768430148352 0.8774249260854603 647.8 751.66 18 193 "Covariance may not be accurate."
2005gj 227 0.08255718323280702 711.4427281090149 0.0010274511672448612 4.999999466316032 0.7254267257938103 4.494930463255775e-07 1.2738044006255222e-06 2.8287461216553117e-06 0.0003542664598894518 0.002661773943813839 143342.98250215006 122.0 -20.01199542499501 0.19554012029734835 698.7 1016.76 42 185 "Covariance may not be accurate."
2005hc 163 0.039369677011813264 667.9929831576787 0.0018138843059929855 0.8672309951198116 0.0539630934939348 0.0012509584069161292 0.03341831757387581 3.1072519478079087e-06 0.02655582620789332 0.0023885549542862483 40662.1376563999 119.0 -18.866157185711486 0.8965196151185815 661.67 755.61 35 128 "Minimization exited successfully."
2005hj 102 0.06347847124389346 676.4560775155159 0.0012157325840124495 1.1522338398588126 0.041378739059874325 1.2897322099192365e-11 6.846789801784325e-10 2.6816423071798117e-06 0.03933152725021971 0.003052808370028526 6002.225443798014 77.0 -19.507419514456327 0.8490761331854131 671.67 761.57 25 77 "Covariance may not be accurate."
2005hk 245 0.051353489384975345 686.9933202140974 0.006037797651019347 -0.2812533318552628 0.4093169735593827 6.137594739559493e-07 3.8215676454456116e-05 8.946332802196519e-06 0.010184966651949345 0.0010472443428148903 219159.51610336237 132.0 -20.776000261767223 1.0818122763036726 675.61 761.54 58 187 "Covariance may not be accurate."
2005iq 154 0.03054528919946333 688.1098237526045 0.0031237560876842653 -0.9686285372466461 -0.04908681865103026 0.0009906244960474191 0.01889759942133651 6.568508583078194e-06 0.02025310765714261 0.0023816846643692213 6319.7099004464035 104.0 -18.889617666198173 1.2519890840729744 682.55 755.55 36 118 "Minimization exited successfully."
2005ir 65 0.08199759041741053 686.4303819671544 0.0006648024865451935 0.36289446499358835 0.0382398052789199 1.5972426788135596e-06 5.301463750129187e-05 2.8800783925725165e-06 0.051673985254760524 0.004012641603890921 376.6893604204937 60.0 -19.435653319389015 0.9848875686326757 682.62 740.53 18 47 "Minimization exited successfully."
2005kc 125 0.0386608540669393 698.4672601998354 0.006527831981389546 -0.5540722235306514 0.33252356708525044 0.0013015905044905587 0.01832336557566805 1.5947403795662802e-05 0.016940512728440993 0.0030198179500833255 2232.6848992981295 68.0 -20.220754025503638 1.138927574060908 687.52 728.54 53 72 "Minimization exited successfully."
2005ke 367 0.004899990371462579 700.3750033366993 0.01570084180695781 -1.8376663561035111 0.5109445750969894 5.4174914224797144e-08 4.453553970051871e-07 2.4024977156335975e-05 0.006428802211996709 0.0011186500808068045 607732.5695830686 214.0 -16.639905138569844 1.4011869687371536 689.69 819.51 65 302 "Minimization exited successfully."
2005ki 310 0.013873612442444627 705.7460480467589 0.009294089763773458 -1.4996242625376888 -0.0179614325926698 0.0004644277064772143 0.010871401454323859 1.5908533638260558e-05 0.008202737974848162 0.0019363799239308643 351293.5987106635 246.0 -18.331812793023587 1.3716375339607705 695.86 861.5 29 281 "Minimization exited successfully."
2005ku 37 0.05272443359564994 698.8793784873927 0.001345523483206529 0.2367447343560114 0.15722480379421078 0.003823439142843412 0.2229767356998309 1.3566643441438597e-05 0.13785593952363495 0.010989559271982752 163.5964572018585 29.0 -19.198095407001286 1.0016848758938153 699.56 739.53 0 37 "Minimization exited successfully."
2005lu 88 0.05534730580207577 718.7728299355795 0.0014804138043285704 0.300213253739563 0.26693538287062424 2.8487873525440133e-08 4.110442034743755e-06 5.966534712235905e-06 0.03170693410304182 0.003171660737198212 10851.583861562234 78.0 -19.413931372260013 0.9848891620228919 719.66 799.52 0 88 "Covariance may not be accurate."
2005mc 83 0.048908526024997206 730.3596203755411 0.002684869854695854 -1.9942090528526624 0.17921797621246527 0.0013693372466784016 0.09504458620449441 2.6260867367325488e-05 0.020931108418847932 0.005318032947708495 2950.5544750878207 78.0 -19.778238860929495 1.4765170972310422 736.79 773.62 0 83 "Minimization exited successfully."
2005na 170 0.026331597801896894 744.284684155742 0.005167715305298854 -1.21628319046795 0.02660921978270636 5.195986794801627e-07 8.504403581355291e-07 9.942969312315506e-06 0.01148480528809559 0.0015338600334789954 54434.29650751086 140.0 -19.106787428613043 1.3013791001343478 738.71 834.54 18 152 "Minimization exited successfully."
2006D 298 0.008499994553452336 759.3350017375965 0.029405436313691705 -1.6291569173650826 0.10350086407260228 5.5042791102799526e-08 3.834457515949907e-07 3.984966543013266e-05 0.006143871101505383 0.000956151111566661 706499.6271374478 221.0 -18.510069497325517 1.3917412224200856 751.84 891.61 12 286 "Minimization exited successfully."
2006X 312 0.02270881563082997 787.5647463015686 0.01242279895340754 -0.04201392019405237 1.1757304030468525 0.00010660595950148094 0.004856206233057492 1.7771266494287334e-05 0.0069317507279333945 0.001021232959741658 862156.0079295243 186.0 -19.807197587421676 0.9896030415318329 775.68 906.46 64 248 "Covariance may not be accurate. Covariance not positive definite. Covariance forced positive definite."
2006ax 236 0.011223239941303198 828.0754913896709 0.013922826242170333 0.1666168140919062 0.013079952666371186 0.0003667721167372089 0.008471948568171683 2.236744936293892e-05 0.009389226336136591 0.001474170143569098 90926.22197875164 130.0 -18.306756480689437 1.021592939134683 815.64 891.5 55 181 "Minimization exited successfully."
2006bd 52 0.003500000271535039 810.6049943273423 0.0010234081475811619 -1.756181142295281 0.5300814086956493 0.0004703963437916025 0.10697125643986283 1.4197389322293018e-05 0.04092859408514693 0.00870382805441794 2361.3727499814813 32.0 -12.943310359298689 1.3796512675855226 822.75 872.57 0 52 "Minimization exited successfully."
2006bh 175 0.008667293758866075 833.3671844935518 0.028833991166740788 -1.4908453923067921 -0.011978059977500677 0.00034148144015191343 0.01903790668700367 4.48344268719654e-05 0.00698926606752881 0.0015428261863379422 74445.08933107178 105.0 -18.530796044083203 1.3689775469121273 829.91 891.79 23 152 "Minimization exited successfully."
2006br 64 0.0035000004020579547 851.5429158604985 0.0003707486852832537 -0.7695394348403521 0.9737705950978364 0.0008681959283550027 0.1419681128570005 5.6364016618112855e-06 0.06598739896617944 0.009060453168614702 168.87013854574033 38.0 -11.877343357309158 1.1317781321340412 855.66 891.66 0 64 "Minimization exited successfully."
2006bt 88 0.08399999999898741 859.5872989214059 0.0025232639844534805 0.09024424437470646 0.12784201653596172 1.8128806241947404e-05 0.03483790530094666 6.1352082448480096e-06 0.0256323339654001 0.0020195904460126313 3654.535498943311 56.0 -20.939880124062984 1.029703043534898 853.76 891.71 15 73 "Minimization exited successfully."
2006dd 217 0.0035000000007240463 931.9399999950476 0.04999999999923121 4.999999999781906 0.40090005481371827 2.2700585896478533e-06 0.03148888197983979 1.1079485660557553e-06 0.0003114796706880085 0.002197091604160928 1631804.2299740757 211.0 -17.21555130685584 0.18945666817658058 906.94 1147.57 1 216 "Minimization exited successfully."
2006ef 56 0.024403138000823377 969.8817712053155 0.010793760909564973 -1.330697269386143 -0.04427832452744651 0.0010275189730197063 0.04550295948627081 5.6902079389666016e-05 0.014853762957609318 0.004512631206132767 61909.344190167 51.0 -19.73810669679319 1.333695106803452 979.9 1040.71 0 56 "Minimization exited successfully."
2006ej 64 0.024307689147726037 975.8579527650692 0.008323979616689589 -1.3967597069488722 -0.020714271197443068 0.0009584160196287779 0.07814944996272288 5.1596626971589336e-05 0.01852521873386337 0.004284425457605434 8511.774869879791 49.0 -19.44724319606566 1.347255839208998 979.74 1046.74 0 64 "Minimization exited successfully."
2006eq 98 0.07704911634665476 975.6580652283762 0.0007280622729793379 -1.980209867983997 0.15959636905794716 1.2183024360873373e-06 1.5676017142141063e-05 5.731463705874185e-06 0.03235009700434954 0.006001704416161435 614.3425054251038 60.0 -19.391727355257398 1.474943023006027 980.56 1029.51 0 98 "Covariance may not be accurate."
2006et 236 0.027747594649156587 995.1940919576907 0.006396440760215161 0.7360148918231344 0.20287388256716055 4.83350624084361e-07 1.5694703506596852e-05 1.0759269876539895e-05 0.013144328205012101 0.001340400432942035 100115.28448343422 126.0 -19.45788991895452 0.9127198598355903 982.63 1099.54 42 194 "Minimization exited successfully."
2006ev 116 0.019610845876640196 990.0425166222983 0.0018594850011953907 -1.4091659793902918 0.23237977051828063 0.0011105697039512138 0.0719644243411608 1.2867104809373376e-05 0.030205631801895727 0.005355475743277216 394.3696872481403 44.0 -17.348861618444136 1.3275169644858131 993.59 1039.52 0 116 "Minimization exited successfully."
2006fw 31 0.08399999963324095 1004.5988601999829 0.00037850617323520745 -0.6837767675780295 0.19476058553929532 0.0001342308020792285 0.100817302788073 2.0705510140162195e-06 0.07658204562596849 0.005344213990967295 1171.84538461315 26.0 -18.88085944478902 1.1743720845223393 1001.75 1039.73 6 25 "Minimization exited successfully."
2006gj 122 0.05078122066397245 1000.1920428823674 0.0011806605227380974 -2.1559448373142875 0.33161957369454664 0.03326605258441141 1.7833294387706928 0.02754686221928762 6.41138806541864 1.4858113362832566 6003.917082391743 82.0 -18.97490566885541 1.5021745105218791 998.83 1096.59 6 116 "Covariance may not be accurate."
