analysis_pipeline/fit_results/csp_4_salt2_2.4_all.ecsv
# %ECSV 0.9
# ---
# datatype:
# - name: obj_id
#   datatype: string
# - name: num_points
#   datatype: int64
# - name: z
#   datatype: float64
# - name: t0
#   datatype: float64
# - name: x0
#   datatype: float64
# - name: x1
#   datatype: float64
# - name: c
#   datatype: float64
# - name: z_err
#   datatype: float64
# - name: t0_err
#   datatype: float64
# - name: x0_err
#   datatype: float64
# - name: x1_err
#   datatype: float64
# - name: c_err
#   datatype: float64
# - name: chi
#   datatype: float64
# - name: dof
#   datatype: float64
# - name: b_max
#   datatype: float64
# - name: delta_15
#   datatype: float64
# - name: tmin
#   datatype: float64
# - name: tmax
#   datatype: float64
# - name: pre_max
#   datatype: int64
# - name: post_max
#   datatype: int64
# - name: message
#   datatype: string
# schema: astropy-2.0
obj_id num_points z t0 x0 x1 c z_err t0_err x0_err x1_err c_err chi dof b_max delta_15 tmin tmax pre_max post_max message
[from data line 105]
SN2008fl 186 0.0199 1721.0305972037904 0.005373957153262752 -1.1700343958601334 0.20703951883830252 0.0 0.03626407301976542 1.464531907648288e-05 0.008792960750816592 0.0014332445582607711 62274.659345064654 131.0 -18.53288845612927 1.2760475186494844 1724.49 1789.53 0 186 "Minimization exited successfully."
SN2007st 118 0.0212 1453.1744626833834 0.008667808777917802 -1.5842558350990288 0.08891841774169129 0.0 0.0957456776499157 7.313883484815192e-05 0.01897090672473567 0.003924659621715287 5194.831915309563 66.0 -19.189409369319606 1.382219337647694 1458.66 1513.52 0 118 "Minimization exited successfully."
SN2005hc 163 0.0459 668.0201203021578 0.0018094703217990948 0.9463498802246377 0.04423863094737679 0.0 0.03370000252044747 2.9213338477120836e-06 0.02264538935972471 0.0015585013129209013 40694.61500860063 120.0 -19.207251154618106 0.8834959799768036 661.67 755.61 35 128 "Minimization exited successfully."
SN2009ab 102 0.0112 1883.7271938908743 0.011168678252828398 -0.9777596695297754 0.24176526490228434 0.0 0.010077967395204723 1.9445033691889435e-05 0.011304251385330755 0.0013939632657631318 6870.217210259923 56.0 -18.06541072061518 1.2317393972131825 1874.57 1911.51 30 72 "Minimization exited successfully."
SN2007as 153 0.0176 1181.8013873629136 0.0069722407661655834 -0.7514580245206499 0.16903833449594519 0.0 0.031829103773020506 1.311172750007852e-05 0.012672875440860487 0.0013240397838956142 97371.9413082925 99.0 -18.544502735590054 1.1900191891893321 1175.59 1259.49 17 136 "Minimization exited successfully."
SN2006hx 70 0.0455 1022.4441051542245 0.001509956573641727 -0.1374894542929086 0.15065047709120516 0.0 0.040724003108095985 1.300238373211078e-05 0.052213676472633086 0.006586068914865573 1246.8052387647604 45.0 -18.991444752158607 1.0706519392611469 1012.66 1080.59 16 54 "Minimization exited successfully."
SN2008ff 230 0.0193 1714.6056521998842 0.006390043767027401 -0.41004751569618936 0.3044448075323203 0.0 1.111755068450293e-05 2.0712012442176617e-06 0.007088178045928206 0.0008572493439038542 237178.52260795076 129.0 -18.656500442522272 1.1129443782339674 1724.53 1790.57 0 230 "Covariance may not be accurate."
SN2009ds 92 0.0193 1962.248183674248 0.009351803168466594 1.6261717579242507 0.16214198525931267 0.0 0.03893283924503521 2.2822002514058005e-05 0.04969599835699601 0.0026521486675212813 900.1254301290222 50.0 -19.068188011500915 0.7672763664079945 1954.64 1976.62 29 63 "Minimization exited successfully."
SN2008O 103 0.0389 1490.902801951688 0.000702334369738103 -2.0975930282552726 0.42130322175758605 0.0 0.06924397328907617 3.223286343155573e-06 0.039042769293025525 0.0035503050305083494 1898.0483313892244 69.0 -17.81682038877044 1.4762985106991877 1489.71 1571.48 11 92 "Minimization exited successfully."
SN2006ot 118 0.0531 1066.9170103660058 0.0009251395163684978 -0.08045710398920392 0.2728050622529843 0.0 4.575923128413706e-05 3.5177026788652086e-06 0.03889362183837042 0.0035572567693945567 6699.595032224412 72.0 -18.809847620570245 1.052995248497158 1063.72 1131.63 21 97 "Minimization exited successfully."
SN2006py 35 0.0579 1071.574385817093 0.000996417595300586 -0.18170984412893798 0.08999491113184344 0.0 0.12581904965225021 5.79357130299084e-06 0.12094785668194197 0.005674760172538096 183.78621130552608 31.0 -19.08226677987796 1.0824996981431276 1069.54 1091.54 6 29 "Minimization exited successfully."
SN2005be 68 0.035 459.95935160075123 0.0029718585846838954 -1.8278961288317639 -0.052889633377400935 0.0 0.0407155328340707 1.4469367453881369e-05 0.015287448598002795 0.002834391905059297 1171.4420373403668 64.0 -19.137974166356308 1.4574226486155375 467.89 491.77 0 68 "Minimization exited successfully."
SN2006fw 31 0.0835 1004.5980527688992 0.00037833761532148904 -0.6866499213602406 0.19561225108716718 0.0 0.10073267082088933 2.071884781063005e-06 0.07660571168832009 0.00534563900486118 1175.5912479042643 27.0 -18.866672260372614 1.1748945594500597 1001.75 1039.73 6 25 "Minimization exited successfully."
SN2007ax 97 0.0069 1189.115034523315 0.003969511522709484 -2.4596933395767144 0.6437366457896738 0.0 9.07368757907534e-09 1.1779401155615193e-05 0.01606389971290434 0.002410800577823946 41039.746399158976 60.0 -15.90150788700128 1.5441163803408067 1184.55 1248.47 10 87 "Minimization exited successfully."
SN2007jg 113 0.0371 1366.798649811334 0.0014647756998377144 -0.31507810706970485 0.14795712333988087 0.0 0.04581797610421745 3.4724721764232015e-06 0.03404718681924157 0.0022924609866853407 4314.981877674686 85.0 -18.5016341854529 1.1046011762986723 1363.82 1425.78 25 88 "Minimization exited successfully."
SN2007af 307 0.0055 1176.5350048081891 0.049999921953024065 0.7098917225305321 0.36805841164381015 0.0 2.1411369743873365e-07 2.661136963497124e-07 0.00892928794616532 0.0008218707421422389 516985.5856612302 153.0 -18.144176845598352 0.9099164166805558 1162.76 1257.72 89 218 "Minimization exited successfully."
SN2008cc 167 0.0104 1580.2600055506975 0.01610798132124466 -1.6230770778856929 0.3367832588530013 0.0 3.45940293300373e-07 2.0311665594394124e-05 0.003570347718955258 0.0010142790728147055 277249.4354846441 119.0 -18.303387189698885 1.3675184715852744 1582.86 1654.86 0 167 "Covariance may not be accurate."
SN2006ef 56 0.0179 970.0304666045254 0.010578704899036374 -1.3651128582476737 -0.018151174376125234 0.0 0.04079990496262553 4.6156313375653873e-05 0.013834865938299634 0.0021447431910966985 61954.028099337076 52.0 -19.03246214349828 1.3395606346641369 979.9 1040.71 0 56 "Minimization exited successfully."
SN2007nq 174 0.045 1398.4026235672518 0.001733477839031744 -1.8613046315679114 0.017786696316286044 0.0 0.053250972761247795 7.532527679331201e-06 0.021252752412675324 0.002796317409453186 10942.52125887262 121.0 -19.114425110717903 1.4588624534331487 1397.65 1476.56 6 168 "Minimization exited successfully."
SN2008bq 114 0.034 1563.9384204493117 0.0025670748147683664 0.4554171354174912 0.17422239374989168 0.0 0.038629321120993154 4.9549380576191515e-06 0.019846809093264195 0.0013849273270938323 1047.5478173090883 92.0 -18.9172865549736 0.9622161325970495 1562.49 1606.46 6 108 "Minimization exited successfully."
SN2008hv 225 0.0126 1817.5549386350865 0.020083684734257427 -1.2567173682229442 -0.04944252620697698 0.0 0.005431226293126201 3.2989890896147414e-05 0.007790260647145608 0.0012287635127040675 133638.41833068366 137.0 -18.957377377166843 1.3168880408900385 1804.8 1912.7 50 175 "Minimization exited successfully."
SN2009I 55 0.0262 1852.613853961632 0.000770407197871878 0.8078106790334294 0.770505119629209 0.0 0.07305163973808249 4.462243927875998e-06 0.09084308287409648 0.0055092263515175155 360.8823731174536 24.0 -17.0625552161102 0.8754861712487312 1846.58 1867.58 18 37 "Minimization exited successfully."
SN2004gc 134 0.0321 330.0952269985206 0.0013743170385607769 -1.3739469172444494 0.39655547380847733 0.0 6.531234078011039e-06 2.5661749329844007e-06 0.0113106551882447 0.0018339867262804344 21062.204691974654 130.0 -18.11667508679418 1.304381816214267 329.83 397.66 5 129 "Covariance may not be accurate."
SN2005lu 88 0.032 719.9401239646895 0.0013553163186850487 -0.03422639643270298 0.34066276113696903 0.0 8.10848632681882e-08 6.178109129770237e-06 0.030194329692346145 0.0037319272999508657 11110.076614674548 79.0 -18.093145846839057 1.0406133374875601 719.66 799.52 1 87 "Covariance may not be accurate."
SN2007al 120 0.0122 1162.9500105923184 0.003120219379136638 -2.764093247557472 0.46092985762494165 0.0 2.520819032270083e-05 1.4732629179829704e-05 0.014400539451039363 0.0035784999428752906 20218.13888497985 74.0 -16.875725140075566 1.6576228817553655 1170.77 1246.58 0 120 "Covariance may not be accurate."
