analysis_pipeline/fit_results/csp_4_salt2_2.4_all.ecsv
# %ECSV 0.9
# ---
# datatype:
# - {name: obj_id, datatype: string}
# - {name: num_points, datatype: int64}
# - {name: z, datatype: float64}
# - {name: t0, datatype: float64}
# - {name: x0, datatype: float64}
# - {name: x1, datatype: float64}
# - {name: c, datatype: float64}
# - {name: z_err, datatype: float64}
# - {name: t0_err, datatype: float64}
# - {name: x0_err, datatype: float64}
# - {name: x1_err, datatype: float64}
# - {name: c_err, datatype: float64}
# - {name: chi, datatype: float64}
# - {name: dof, datatype: float64}
# - {name: b_max, datatype: float64}
# - {name: delta_15, datatype: float64}
# - {name: tmin, datatype: float64}
# - {name: tmax, datatype: float64}
# - {name: pre_max, datatype: int64}
# - {name: post_max, datatype: int64}
# - {name: message, datatype: string}
# schema: astropy-2.0
obj_id num_points z t0 x0 x1 c z_err t0_err x0_err x1_err c_err chi dof b_max delta_15 tmin tmax pre_max post_max message
[from data line 53]
2006mr 221 0.0059 1050.9505347807105 0.009430678934036364 -1.8078218029378035 0.5166943934743335 0.0 0.024617601440581893 2.3410230404601398e-05 0.015351251761138052 0.001952330152215409 99766.20706927727 156.0 -16.49175842225908 1.3933826745832043 1045.86 1147.57 28 193 "Minimization exited successfully."
2006ob 63 0.0592 1063.7447698599385 0.0008082670913223067 -2.235603297052215 0.02777295001863167 0.0 0.07019252045995472 3.8871285502451e-06 0.04679627521473084 0.004781613820735386 947.2543347289213 46.0 -18.903897919661283 1.5597389041915157 1060.65 1121.57 6 57 "Minimization exited successfully."
2006os 106 0.0328 1065.3300705543838 0.0009351321663419482 -0.6809020343054462 0.49565357866926263 0.0 0.0907805639022854 4.300273090185336e-06 0.03585483679920687 0.0034268506661147002 5398.483116628477 67.0 -17.751693817852164 1.1519177530212872 1063.65 1133.56 4 102 "Minimization exited successfully."
2006ot 118 0.0531 1066.91503359969 0.0009251937093043838 -0.07997675230335766 0.2727907761832309 0.0 4.5381328845905955e-06 3.518967120305649e-06 0.03888816598724398 0.003558162057025638 6699.129216121153 72.0 -18.80991110998726 1.052907703480713 1063.72 1131.63 21 97 "Minimization exited successfully."
2006py 35 0.0579 1071.5740334247073 0.0009964774042904774 -0.181984422754506 0.0899494641702201 0.0 0.1258773179047239 5.792668798053303e-06 0.12097216332640981 0.005674178061737978 183.7860968040648 31.0 -19.082331326342867 1.08255456460763 1069.54 1091.54 6 29 "Minimization exited successfully."
2007A 76 0.0177 1113.5487344323392 0.006919477527439402 0.7570923936694038 0.25746970684051407 0.0 0.028524475236167746 2.144728731837695e-05 0.04506962774530576 0.0026808579475914307 1535.2341492832516 41.0 -18.551765651014232 0.906835465006278 1107.53 1133.53 29 47 "Minimization exited successfully."
2007N 165 0.0129 1113.2002467324592 0.002357320745397107 -3.009928928940359 0.5798845744580525 0.0 0.045746882195658145 1.6702602644701236e-05 0.016088174814061107 0.004662149733504428 24901.237092511765 104.0 -16.70012397438093 1.7146789990887648 1123.82 1213.67 0 165 "Minimization exited successfully."
2007S 192 0.0139 1145.1415983143163 0.007736208075333945 0.8753588725973298 0.41932488290444825 0.0 0.014536765731691048 2.0020182519171585e-05 0.014654187209760305 0.001858319524648766 105105.49629629316 98.0 -18.147773865338443 0.8802750894520255 1132.77 1246.54 42 150 "Minimization exited successfully."
2007af 307 0.0055 1176.5351986598507 0.07612126030460761 -0.5150527396708489 0.15068011319970576 0.0 9.583914106769953e-09 0.00012585698573921306 0.008085971363499755 0.0011473353092162908 467256.5554719244 153.0 -18.593614123365192 1.1435319050178947 1162.76 1257.72 89 218 "Covariance may not be accurate."
2007ai 111 0.0317 1176.2850020164121 0.0008386735675230434 0.19561042457232425 0.531578041776559 0.0 1.096629830499296e-06 3.311281382399622e-06 0.03963464830706842 0.0035074614666853465 5241.384344872939 81.0 -17.560175878653425 0.989066833214455 1167.88 1259.7 26 85 "Minimization exited successfully."
2007al 120 0.0122 1162.950434013909 0.0031200816940932688 -2.7640059393714784 0.4609952068144898 0.0 3.0073546440689825e-05 1.5026261832784419e-05 0.014571219219734255 0.0036030196552165883 20218.746175483873 74.0 -16.875680461322343 1.6575865168404889 1170.77 1246.58 0 120 "Minimization exited successfully."
2007as 153 0.0176 1181.8013067554555 0.006972262011841562 -0.7514203104059831 0.16903168923841694 0.0 0.03182766341387833 1.3111455440238586e-05 0.01267267699703778 0.0013240379893787457 97371.94132090625 99.0 -18.544505942363315 1.19001191193553 1175.59 1259.49 17 136 "Minimization exited successfully."
2007ax 97 0.0069 1189.1150013476613 0.003969484523873981 -2.4596372704710365 0.6437397214894052 0.0 4.1718294596648775e-08 1.179787684880149e-05 0.014849452680326891 0.0024037180908393907 41039.59453662614 60.0 -15.901500736466382 1.544100769119222 1184.55 1248.47 10 87 "Minimization exited successfully."
2007ba 124 0.0385 1197.3587342117517 0.0011400142918443546 -2.954280958570295 0.34739981734810654 0.0 0.02625693745301305 4.695345687731676e-06 0.02917900585483224 0.004435976646995354 3991.154099790927 77.0 -18.31631649728445 1.7352942089927232 1190.83 1255.61 28 96 "Minimization exited successfully."
2007bc 111 0.0208 1200.734161795758 0.007275213100872108 -1.0151532804198227 0.05923661501376931 0.0 0.028459129672114614 1.325615591956774e-05 0.013884081191608333 0.0016213361038237561 20053.651109897175 73.0 -18.957237579734624 1.2540076673412575 1196.65 1259.53 19 92 "Minimization exited successfully."
2007bd 110 0.0309 1207.9150056780263 0.003603170783896145 -0.6351879918999099 -0.007406283717026896 0.0 7.350554369622841e-07 9.190489328529802e-06 0.015010899348450124 0.0021614466572187907 3469.657931493438 64.0 -19.070368779647243 1.178236699584584 1197.53 1259.46 40 70 "Minimization exited successfully."
2007bm 85 0.0062 1224.9920476158331 0.024972239541621286 -0.8952968512051367 0.5197800905377521 0.0 0.03185779527871091 4.417858653836017e-05 0.011019295666435891 0.0010809155203658216 3514.8940658799684 48.0 -17.657859499579388 1.1924859422517446 1217.57 1278.52 11 74 "Minimization exited successfully."
2007ca 117 0.0141 1228.1909877316607 0.005961839070787903 0.6299733851379905 0.3477100217350819 0.0 0.012663602826251008 9.570200507737128e-06 0.01201632413743603 0.0012691133431207424 4017.6976721630563 64.0 -17.893087573004596 0.9242535529582376 1217.65 1275.65 29 88 "Minimization exited successfully."
2007cg 45 0.0332 1228.1242995227885 0.0007180637048921773 0.8099796245671254 0.6948992337584681 0.0 0.1827221433380828 1.0726062127520974e-05 0.057576626902756 0.007157755653966591 278.31023061317336 32.0 -17.505772927377798 0.8786567789893347 1235.63 1259.59 0 45 "Minimization exited successfully."
2007hj 266 0.0141 1346.4450562047891 0.008564382899656844 -2.155054541537642 0.2563132121751075 0.0 0.024672410976222636 1.8682853288309702e-05 0.006318620124406982 0.0012530925819621563 92340.82387083418 145.0 -18.281888732843434 1.510767924121044 1348.76 1440.53 0 266 "Minimization exited successfully."
2007hx 65 0.0794 1354.8013175006388 0.00031193873318676184 0.4544774679879282 0.1954250505083157 0.0 0.2052186565512102 2.1113746351706037e-06 0.10197476578132436 0.006011678171789048 648.0748032426034 48.0 -18.542322594666473 0.9613868793565672 1354.78 1411.73 6 59 "Minimization exited successfully."
2007if 114 0.0742 1355.9526648442375 0.0010625624518235733 0.500209921713795 0.38089952839646335 0.0 4.27079754672377e-05 3.4671578881220093e-06 0.031011534444703948 0.002826598216150944 22612.41743964892 78.0 -19.72378694710478 0.9446713369730517 1355.77 1443.6 6 108 "Minimization exited successfully."
2007jd 70 0.0726 1361.5269630247676 0.00037374331082000445 -0.669737798827617 0.1757824109237205 0.0 0.28924390798215427 4.042531560698181e-06 0.10209719313110677 0.006569818009169448 426.02065304508756 56.0 -18.532658807138617 1.1728575842070477 1362.83 1409.83 0 70 "Minimization exited successfully."
2007jg 113 0.0371 1366.7986505263154 0.0014647756596148976 -0.31507811438060696 0.14795726258113961 0.0 0.045817362603656875 3.472468398257921e-06 0.03404680122154158 0.002292455970052787 4314.981877683547 85.0 -18.501634157865354 1.104601169190147 1363.82 1425.78 25 88 "Minimization exited successfully."
2007jh 45 0.0408 1363.5843987192943 0.0005575528134055291 -1.3119260683997718 0.3892963746839282 0.0 0.1599536666642507 4.155802135115427e-06 0.05641544159045586 0.006437557907515878 1169.5963871065455 39.0 -17.6717399821268 1.2912909732866247 1363.86 1413.8 0 45 "Minimization exited successfully."
2007le 242 0.0067 1399.8675012637434 0.0424538334751948 0.30228682393203776 0.31300715808752244 0.0 0.01597768913654818 6.871917094751143e-05 0.010121266734688827 0.0011203055981252596 353563.53271825064 140.0 -18.394793262826617 0.9821837689892412 1388.57 1470.55 43 199 "Minimization exited successfully."
2007mm 39 0.0664 1392.5138396929501 0.00019046157010657873 -3.459901659808862 0.4366511195339924 0.0 0.06207912923946424 1.5003770178462325e-06 0.07461051152347742 0.007083945546713766 1404.258443196196 35.0 -17.60474352375171 1.8960404716333699 1385.72 1418.69 5 34 "Minimization exited successfully."
2007nq 174 0.045 1398.40087265698 0.0017336644493679194 -1.8608171538090796 0.017735510604179217 0.0 0.053273143004503254 7.53476573786408e-06 0.021255801068321034 0.002796482086914076 10942.520934226535 121.0 -19.114542049736084 1.45874098227873 1397.65 1476.56 6 168 "Minimization exited successfully."
2007ol 31 0.0559 1413.2347814922678 0.0009405464866126756 -2.11533740315152 0.02014397587673833 0.0 0.09897601376133025 5.717723949313881e-06 0.19794908933854205 0.007411721883921363 255.98128928955043 27.0 -18.938756585484473 1.5266931348090367 1409.79 1422.66 10 21 "Minimization exited successfully."
2007on 308 0.0065 1420.2654543058632 0.08902250497787398 -1.874964416705998 0.07207504632642081 0.0 3.06749245737592e-06 8.673951200797309e-05 0.006410629212249219 0.0009447501672861236 400259.0201494191 149.0 -19.12644146037473 1.456705168451819 1410.73 1508.61 34 274 "Covariance may not be accurate."
2007so 66 0.0297 1434.680000000006 0.0019227176421183101 -1.4775072716250293 0.307238616919679 0.0 0.0010599166270139904 1.5476083432221146e-05 0.02378273306738521 0.005239961803551463 5739.813264019334 39.0 -18.305192695491012 1.3361887656652236 1449.68 1494.53 0 66 "Minimization exited successfully."
2007sr 259 0.0055 1458.5950114165423 0.06634563947351096 -0.5253610476103061 0.3029868106700979 0.0 6.746176950400695e-10 9.178714461512832e-05 0.005434331139793969 0.0019643213453219843 1128446.387703304 157.0 -18.44808206482878 1.1353548753844702 1454.84 1955.57 29 230 "Covariance may not be accurate."
2007st 118 0.0212 1453.1745171339155 0.008667765650528734 -1.5842599367896124 0.08892046468313008 0.0 0.09577122496864376 7.316344321358758e-05 0.018970554154930097 0.003925229030369293 5194.831915410144 66.0 -19.18940398572598 1.3822201370245146 1458.66 1513.52 0 118 "Minimization exited successfully."
2007ux 151 0.0309 1463.6408107158256 0.0019204993081416378 -2.118113092633532 0.15508347000904843 0.0 0.05408766809068766 8.413538308410518e-06 0.017468458276127752 0.002520304789103145 9450.628909880228 92.0 -18.38787567980298 1.5123784692411633 1466.82 1558.61 0 151 "Minimization exited successfully."
2008C 121 0.0166 1470.75000325252 0.0061877868956611935 -1.5320949610923846 0.25735835802960416 0.0 2.1319215193216223e-07 2.131085582511875e-05 0.03133542972431602 0.0030190952070611177 20973.401765872757 82.0 -18.287879975394045 1.353637179825899 1469.81 1552.5 12 109 "Covariance may not be accurate."
2008J 81 0.0159 1469.656710698296 0.004893253527125024 2.0748073710746464 1.4148077082136377 0.0 0.07211245639064146 4.452283278588579e-05 0.02128909816494362 0.005834427388873076 64577.24852137817 53.0 -18.04771938345101 0.6567357087953596 1484.54 1516.52 0 81 "Minimization exited successfully."
2008O 103 0.0389 1490.9031478058089 0.0007023151879468698 -2.097648762298543 0.42131781509257316 0.0 0.06923594147122003 3.2229783010886753e-06 0.03904210161862176 0.0035502778879609176 1898.048280530756 69.0 -17.81679136770475 1.4763112617042644 1489.71 1571.48 11 92 "Minimization exited successfully."
2008R 107 0.0135 1492.3819033689883 0.01161474692577004 -2.1707809437994645 0.13151813462872397 0.0 0.02304864516395355 2.228607982266307e-05 0.007960282708693756 0.001291256912525296 16352.544477062187 64.0 -18.514633432347036 1.5295237997829965 1493.63 1532.52 0 107 "Minimization exited successfully."
2008ae 101 0.03 1513.091789877611 0.0004641286226313407 -2.1739378012522397 0.8167968542283892 0.0 4.7239921173058974e-05 5.502950341876322e-06 0.08930801985929704 0.009891394935932829 4390.528483751603 36.0 -16.814612942998053 1.4477088035785108 1508.74 1602.52 13 88 "Minimization exited successfully."
2008ar 132 0.0261 1535.3493346962596 0.0048463837567229336 -0.07761045896515295 0.06356056392871001 0.0 0.020614705883986062 1.3786212604696441e-05 0.01683847261935112 0.001951390491479854 22585.355065805616 94.0 -19.01834019975975 1.0642891955364426 1527.79 1627.59 11 121 "Minimization exited successfully."
2008bc 205 0.0151 1550.5355406965896 0.009143906738471244 0.6243256826983892 0.1860601548958547 0.0 0.009276844974465348 9.99817786940388e-06 0.00891945661445881 0.0009175610533569412 84352.98781061168 138.0 -18.50328516025182 0.9324754642282898 1541.67 1646.46 54 151 "Minimization exited successfully."
2008bd 66 0.0301 1526.7000000000455 0.0011682866441426714 -2.7499102128127273 0.19746984688140667 0.0 0.0015359087722117692 2.2620573552946345e-05 0.05043094789343172 0.013341604150067576 2501.188325838702 52.0 -17.790527706478528 1.6925542402698497 1541.7 1607.65 0 66 "Minimization exited successfully."
2008bf 184 0.0235 1555.4773713656052 0.007880465429975265 0.5778956922839615 -0.025222044004164945 0.0 0.014742721259381142 1.3492675697465359e-05 0.014192245618463328 0.0013433228258050711 70413.58440149068 151.0 -19.314287098039145 0.9496453516710037 1546.79 1646.49 43 141 "Minimization exited successfully."
2008bi 83 0.0134 1536.5200000000739 0.00464905818950564 -2.6487225063318975 0.24484190719341092 0.0 0.004227975689104824 3.807969670970848e-05 0.018167702284508813 0.005437193647767624 3615.4539431062503 62.0 -17.50633368074453 1.654146256442047 1551.52 1628.47 0 83 "Minimization exited successfully."
2008bq 114 0.034 1563.9377837310099 0.0025671093164347154 0.45569215369074634 0.17422412599423498 0.0 0.03863372750458893 4.955296514273918e-06 0.019847561676439085 0.0013849366354976578 1047.5478548836447 92.0 -18.917301393066143 0.9621680675508202 1562.49 1606.46 6 108 "Minimization exited successfully."
2008bt 84 0.0154 1569.0499666662727 0.003264199395355985 -2.255530840523873 0.42898830926248266 0.0 0.060870320562003144 1.5419920467500637e-05 0.01613099342826918 0.0026929302600252614 29737.696069042006 73.0 -17.434530881910526 1.5170505485917438 1571.61 1651.47 0 84 "Minimization exited successfully."
2008bz 70 0.0603 1579.4614112940858 0.0010626517254188534 -0.31016834117593906 -0.06088011015059336 0.0 0.10072758783417157 5.370638192160669e-06 0.04779490602544634 0.0031100598490952924 4526.481527719872 66.0 -19.24369528069737 1.1160710562966898 1580.72 1651.52 0 70 "Minimization exited successfully."
2008cc 167 0.0104 1580.2601655398087 0.016113533073659418 -1.626286959146677 0.3365939178092703 0.0 1.2613467561095604e-05 2.31347444842947e-05 0.008377886031777582 0.0010858680314291824 277251.1350584084 119.0 -18.30375316000185 1.3683003038903152 1582.86 1654.86 0 167 "Minimization exited successfully."
2008cd 23 0.0074 1572.740000008818 0.0014519250685013918 -2.8138135469079293 0.9999999998598696 0.0 0.008682924439312956 7.761137762359038e-06 0.04997086849015897 0.0013896743398191802 1118.203195764185 19.0 -14.993522289001252 1.5881168144598519 1587.74 1595.73 0 23 "Minimization exited successfully."
2008cf 96 0.046 1596.3710002783102 0.002116519807112685 0.8513711127403045 -0.01799843431552628 0.0 3.010698333127948e-05 3.847253405525478e-06 0.01786470871826129 0.0017520538203603109 22110.45603303193 67.0 -19.38210926516065 0.9019947467011065 1595.77 1654.65 6 90 "Minimization exited successfully."
2008ff 230 0.0193 1714.605111937769 0.0064022534454008136 -0.41676835786147937 0.30366404927855806 0.0 8.162905828612566e-06 9.717477291869454e-06 0.00873409736625641 0.0009594452489639638 237171.68919099067 129.0 -18.65854373061603 1.1142856965062151 1724.53 1790.57 0 230 "Covariance may not be accurate."
