analysis_pipeline/fit_results/csp_5_salt2_2.4_all.ecsv
# %ECSV 0.9
# ---
# datatype:
# - {name: obj_id, datatype: string}
# - {name: num_points, datatype: int64}
# - {name: z, datatype: float64}
# - {name: t0, datatype: float64}
# - {name: x0, datatype: float64}
# - {name: x1, datatype: float64}
# - {name: c, datatype: float64}
# - {name: z_err, datatype: float64}
# - {name: t0_err, datatype: float64}
# - {name: x0_err, datatype: float64}
# - {name: x1_err, datatype: float64}
# - {name: c_err, datatype: float64}
# - {name: chi, datatype: float64}
# - {name: dof, datatype: float64}
# - {name: b_max, datatype: float64}
# - {name: delta_15, datatype: float64}
# - {name: tmin, datatype: float64}
# - {name: tmax, datatype: float64}
# - {name: pre_max, datatype: int64}
# - {name: post_max, datatype: int64}
# - {name: message, datatype: string}
# schema: astropy-2.0
obj_id num_points z t0 x0 x1 c z_err t0_err x0_err x1_err c_err chi dof b_max delta_15 tmin tmax pre_max post_max message
[from data line 48]
2006hb 190 0.010055863960482423 1000.1246521451178 0.012229300325619292 -2.1476850914141794 0.060644595048094496 0.00036888005586270013 0.028440809846472348 4.831369293522951e-05 0.009927521069126755 0.0026254225943489473 131261.4674688159 138.0 -17.92451987853444 1.5311785487105212 1006.87 1143.59 0 190 "Minimization exited successfully."
2006hx 70 0.07292255166600851 1022.6971316474627 0.0015289269378506083 -0.08179274356667587 0.09477381850941935 0.0022756872967845884 0.04374016871145159 1.2744503456735257e-05 0.05397306173993277 0.007972100231454449 1153.7341931535611 44.0 -20.071465451622245 1.0633504166597305 1012.66 1080.59 16 54 "Minimization exited successfully."
2006is 176 0.0309992953367034 1014.2502306680068 0.004246676540154526 0.5354965456859144 0.054518578961554987 2.939791220579052e-07 1.0349323247282882e-06 7.00435748893528e-06 0.013285710850693633 0.0013228265683178364 211989.13652015687 142.0 -19.256866122706555 0.9536436384701013 1008.9 1125.67 12 164 "Covariance may not be accurate."
2006kf 180 0.031529281303368725 1041.380939963797 0.00323801339913567 -2.0741807412264937 0.195174071533619 0.000726710199531853 0.020061287633211577 6.941812938575506e-06 0.014008464272148524 0.002353110045359985 19959.2933549091 96.0 -19.000614816273522 1.4960047600553175 1036.81 1127.64 32 148 "Minimization exited successfully."
2006lu 128 0.062038204513894975 1038.7500387317962 0.001049729540942107 -0.053782024875067336 0.05814263885583415 0.0019895163893340895 0.06955923536736464 5.21050159960621e-06 0.04011004638881088 0.0058110829286392995 20328.252231593036 118.0 -19.295047498313615 1.060108582705471 1040.84 1137.75 0 128 "Covariance may not be accurate."
2006mr 221 0.0035000000000031503 1050.9473775156744 0.009353385486493651 -1.8154496375691922 0.5266319259323597 4.173603345325634e-06 0.024592761509211414 2.3403904835359382e-05 0.015357834185992347 0.001961563157454327 99194.36383600683 155.0 -15.34538963303004 1.3941544995328403 1045.86 1147.57 28 193 "Minimization exited successfully."
2006ob 63 0.07277853731139408 1063.841231282215 0.0008130733940430791 -2.1785019264770256 0.005768285020243846 0.0017313033452511437 0.07036695514545954 3.810929675125707e-06 0.047866073484703175 0.0055263854704189486 895.5525646532271 45.0 -19.379758762352733 1.5460124831356872 1060.65 1121.57 6 57 "Minimization exited successfully."
2006os 106 0.040172560869925204 1065.2724041555898 0.0009528879101789678 -0.5912429026910875 0.477723123782829 0.0018534140905098577 0.09527465622318232 6.205727518242277e-06 0.044641724426822016 0.005408960630023607 5379.4014860427915 66.0 -18.223431108027796 1.1358508142561554 1063.65 1133.56 4 102 "Minimization exited successfully."
2006ot 118 0.07182274893799116 1065.9795817149663 0.000971212620369974 0.35470887967169595 0.22462925422699986 0.058838253673909886 27.705465823922395 0.027621430214084954 7.609553375287735 1.4618123566292955 6471.687049580756 71.0 -19.54663911623044 0.977424903216253 1063.72 1131.63 9 109 "Covariance may not be accurate."
2006py 35 0.045033349725424374 1071.660485778145 0.0009860970589737617 -0.2995033818724213 0.11617625153856781 0.004054459723035808 0.1207733955011463 6.410335645977362e-06 0.12761518612012823 0.009316656311730842 175.32419334531846 30.0 -18.505103369771327 1.1035289512613211 1069.54 1091.54 6 29 "Minimization exited successfully."
2007A 76 0.003500000505612327 1113.5929753862113 0.006827271870855251 0.7576948688702885 0.28640150659128105 0.00010234174609651718 0.028046711051956663 2.236477082183776e-05 0.04673998057572559 0.0026984923605504196 1323.7302286997099 40.0 -14.994684613378304 0.9054932001959628 1107.53 1133.53 29 47 "Minimization exited successfully."
2007N 165 0.003500000123423861 1113.3062852207502 0.0021881898796052234 -3.060674128574292 0.6446575330878637 1.750924506322012e-05 0.04457373800084952 1.546641809623407e-05 0.01613405660635392 0.004652555159867955 24266.752244913474 103.0 -13.77505055852161 1.7196652151326255 1123.82 1213.67 0 165 "Minimization exited successfully."
2007S 192 0.007550481679019177 1145.0838406579858 0.00763218710297639 0.8468222470456466 0.4382428591088203 0.0009477602845015488 0.016898206015753203 2.6791312941940124e-05 0.015043677649952514 0.003508615425034445 105025.9922850143 97.0 -16.79806448173828 0.8841495901460004 1132.77 1246.54 42 150 "Minimization exited successfully."
2007af 307 0.0055078080362058685 1176.5369834403784 0.0772344216355905 -0.5794893141767865 0.1442889888063501 0.06499211796733173 1.2592295206559356e-06 4.8754232188724655e-05 0.0008960832518760675 0.0013231283605024124 467391.98610370955 152.0 -18.612332532798106 1.1568139735947298 1162.76 1257.72 89 218 "Covariance may not be accurate. Covariance not positive definite. Covariance forced positive definite."
2007ai 111 0.055232943939373745 1175.109566256968 0.0009018188558499757 0.8861297677630695 0.477753949151434 8.523488368786247e-07 2.643993184392457e-05 3.37122647981749e-06 0.04235581955854606 0.0035466142746666263 4977.184546673171 80.0 -18.880026628252775 0.8760134551149896 1167.88 1259.7 26 85 "Covariance may not be accurate."
2007al 120 0.012282157279078967 1162.9458929482437 0.003127067498603564 -2.763441888337754 0.45954169691848223 2.2147194544356458e-07 3.990791162777896e-05 1.2583449173307745e-05 0.01452287687319509 0.0032044187083857256 20215.829879553323 73.0 -16.892749481312386 1.6576359164658108 1170.77 1246.58 0 120 "Minimization exited successfully."
2007as 153 0.009005462640623829 1181.9782570133543 0.0068506480829535425 -0.8437625669721589 0.19544644024669044 0.0003682863775076083 0.03168530575248951 1.4144232535577821e-05 0.013089224660155718 0.0017945428242078787 96945.11114040783 98.0 -17.05646914567548 1.2071787461506904 1175.59 1259.49 17 136 "Minimization exited successfully."
2007ax 97 0.006890685065008971 1189.1154830155922 0.003969311168894055 -2.4596607417015584 0.6437720215268683 1.7990040377530159e-09 4.437678171598236e-07 1.185934741053515e-05 0.016046125684966217 0.0024285039426621413 41041.02193961503 59.0 -15.898506360895908 1.5441027083310495 1184.55 1248.47 10 87 "Minimization exited successfully."
2007ba 124 0.08313410085457373 1197.65920730055 0.0012108804797939911 -2.7789752557847986 0.27581758998220485 0.001675318182671602 0.026799137713965138 4.840246984691475e-06 0.028413249374841243 0.005532885119793551 3743.261452858231 76.0 -20.120786180500154 1.6901408904123763 1190.83 1255.61 28 96 "Minimization exited successfully."
2007bc 111 0.02732596910118563 1200.7107693493067 0.007299941584439862 -0.9753171219893666 0.04481844435866722 0.0008042388772151049 0.02908761768367185 1.3283963881787972e-05 0.014876737153510788 0.0023115567670152215 19973.414310541306 72.0 -19.564157574466634 1.2464412660090165 1196.65 1259.53 19 92 "Minimization exited successfully."
2007bd 110 0.035396048666178515 1207.6905288590722 0.0036428172472280198 -0.7435116537393247 -0.01850066579362375 0.05489570080916052 29.315921514389288 0.02555853693670265 6.909395885193804 1.4164113883162093 2375.5377510320204 63.0 -19.384485143358823 1.2015163127526982 1197.53 1259.46 40 70 "Covariance may not be accurate."
2007bm 85 0.003500000000385805 1225.0949321477967 0.024697031040222316 -0.9416782772234988 0.5293708170633094 2.1669532620456405e-05 0.031183338719529274 4.30581743755213e-05 0.010999891588717947 0.0010841349771253395 3344.72247022984 47.0 -16.400153213790304 1.2010567869691595 1217.57 1278.52 11 74 "Minimization exited successfully."
2007ca 117 0.0035000000079010787 1228.1287829826283 0.00588629150924552 0.6176348501470876 0.37271965652242756 8.41707520083891e-05 0.012549384316571377 9.766365330310302e-06 0.012151935321570662 0.0012833291081437714 3521.7988788672783 63.0 -14.836603191984626 0.9251821201742985 1217.65 1275.65 29 88 "Minimization exited successfully."
2007cg 45 0.010268341245806029 1228.511420255327 0.0006373664222208337 0.5890748303521995 0.7971248328555509 0.0018259333428707909 0.1892679749898889 1.1658042260213886e-05 0.05924823264486756 0.011252298421274731 170.99815074816513 31.0 -14.798320830465649 0.9092446030540593 1235.63 1259.59 0 45 "Minimization exited successfully."
2007hj 266 0.02090312044405351 1346.4337844985037 0.008746678370690606 -2.1302255913334687 0.22682625879706375 0.00045459404904894286 0.022677088370755882 2.109510921166017e-05 0.006403037377904486 0.002236008499332476 92081.11325383029 144.0 -19.170269272726003 1.5074787630245936 1348.76 1440.53 0 266 "Minimization exited successfully."
2007hx 65 0.08399999960190734 1354.672403271869 0.0003134672041145759 0.538701941885301 0.18638910104735307 0.0007611969606740668 0.22291021679018286 2.173942236317894e-06 0.10707161972995527 0.006013951181792931 639.9929655893081 47.0 -18.67677840622497 0.9471948246510848 1354.78 1411.73 0 65 "Minimization exited successfully."
2007if 114 0.08399999999676995 1355.4611034392012 0.0011005029556898 0.6492211918718702 0.3530040007707178 9.895654437538925e-05 0.00012257347736976953 3.4695865984285534e-06 0.031118169409006136 0.002789014329349082 22193.166069792598 77.0 -20.045194210111404 0.9207695412384638 1355.77 1443.6 0 114 "Minimization exited successfully."
2007jd 70 0.07567502988762043 1361.4686824966511 0.00037562231760977506 -0.6406646876095401 0.16910232628028266 0.0027644360531683537 0.2998641500563508 4.447834665177746e-06 0.10676155304770507 0.008913155511333204 424.9299560734683 55.0 -18.632787052712988 1.1674385274468726 1362.83 1409.83 0 70 "Minimization exited successfully."
2007jg 113 0.01931548699164095 1366.921280541189 0.0014680875257077897 -0.6082232388044542 0.17286965835369972 0.000924614922883607 0.041635533917997236 3.784673848716792e-06 0.03501203452043633 0.002813070838788345 4028.2878776229336 84.0 -17.057910056191986 1.1606463293977747 1363.82 1425.78 25 88 "Minimization exited successfully."
2007jh 45 0.08399998607323154 1364.5757620821882 0.0005852532153270473 -1.3085216967820665 0.3128487816808918 0.0011653988684879255 0.15468354357631142 3.4020986431418376e-06 0.06726884911700637 0.005943589889290224 1048.8853385677871 38.0 -19.356940442381056 1.2974721328906753 1363.86 1413.8 6 39 "Minimization exited successfully."
2007le 242 0.003500000007905699 1399.8693517232273 0.04205462954461753 0.2997331129178482 0.32478979178946554 3.930781739052997e-05 0.015951591677776378 6.893464954553508e-05 0.01015313813267138 0.0011316797383974508 353367.5048151192 139.0 -16.969488101404316 0.9820271283623914 1388.57 1470.55 43 199 "Minimization exited successfully."
2007mm 39 0.08399999987956916 1392.5210588937093 0.00019776532039643692 -3.304673614412392 0.4004822750387742 0.00019469795793656403 0.06279685854690342 1.4754534044050804e-06 0.07218042571326921 0.006886494907688334 1253.3902801588665 34.0 -18.18152957213696 1.8461118491688708 1385.72 1418.69 5 34 "Minimization exited successfully."
2007nq 174 0.056453106078859096 1398.4228573811145 0.0017440609194172814 -1.772832165162809 -0.001648802613715472 0.0010083463321665688 0.0527759013530158 7.3948540177185e-06 0.02303376190238038 0.003251198837123992 10861.95364846066 120.0 -19.631559581852457 1.438028218270027 1397.65 1476.56 6 168 "Minimization exited successfully."
2007ol 31 0.06032363419618939 1413.313703105262 0.0009425766680055542 -2.2064007473460903 0.014664243274854494 0.002848583772452517 0.10825023567565495 5.867726700879705e-06 0.20596894259479614 0.008110371319574261 254.71137785710798 26.0 -19.113360514400444 1.5529180369481885 1409.79 1422.66 10 21 "Minimization exited successfully."
2007on 308 0.08192494437861025 1421.5139514096138 0.0875828777709276 -1.6444768779396126 -0.057167929603267 1.2391485057494656e-07 5.044261456532695e-06 0.00010100616005830759 0.006908297685116249 0.0008751326039415086 359335.0339844073 148.0 -24.731834068716886 1.410927699941663 1410.73 1508.61 34 274 "Covariance may not be accurate."
2007so 66 0.08399999977354856 1434.6800000000699 0.002170902756001775 -1.1751953431182312 0.17305910318378515 7.720982056759473e-05 0.0011334557043483073 1.7065650820194313e-05 0.029073471317005772 0.004896266672329785 4513.378153064791 38.0 -20.776604792947808 1.2800322786662548 1449.68 1494.53 0 66 "Minimization exited successfully."
2007sr 259 0.004939008672349112 1458.6230612122304 0.06633165815877948 -0.5270375047735945 0.30335331912147456 2.1908366995039563e-07 3.376503627805505e-07 5.530627088658896e-05 0.007957945126032762 0.0005578693418791802 1128847.854964161 156.0 -18.21330063153133 1.1356570890850897 1454.84 1955.57 29 230 "Covariance may not be accurate."
2007st 118 0.05333456240518012 1453.4826095267165 0.0087484449273703 -1.4346576620289007 0.016950627108161198 0.0013776650103471781 0.07807684535123371 6.011500570846356e-05 0.01945683557910849 0.004581679562833507 4994.334928691609 65.0 -21.254351207397427 1.3529406285829193 1458.66 1513.52 0 118 "Minimization exited successfully."
2007ux 151 0.03229085955873015 1463.6280438438666 0.0019260765256362362 -2.1099861415226733 0.15114275310165382 0.001484931472037574 0.056169795451523896 1.0272359670528142e-05 0.019532726076239015 0.004832411409217863 9449.13595865215 91.0 -18.488832136609076 1.5106121102578918 1466.82 1558.61 0 151 "Minimization exited successfully."
2008C 121 0.058397888917889114 1468.660143942552 0.006982682776840627 -0.5565276713012945 0.15616937558791633 0.0011645071445064471 0.043161715241012644 2.9210101913529265e-05 0.038830437484147495 0.004157031539732237 20173.63273385034 81.0 -21.21626175699783 1.15142346306512 1469.81 1552.5 0 121 "Covariance may not be accurate. Covariance not positive definite. Covariance forced positive definite."
2008J 81 0.08399999985273013 1469.5400000194632 0.007466975068721227 2.665181276936126 1.1397267693656161 7.4214395532623545e-06 0.0012576893635696251 3.192055403293233e-05 0.024564804131859574 0.0031595723317681124 63644.34641843353 52.0 -22.19208407240655 0.564878132818766 1484.54 1516.52 0 81 "Minimization exited successfully."
2008O 103 0.053281364366481565 1490.7395280055987 0.0007265464224660179 -1.8800307816830082 0.3941313452191233 0.0020453966378380303 0.07738559715380688 5.015425268979623e-06 0.05258391921785832 0.005516070883710533 1874.5835480184096 68.0 -18.558590961436852 1.424117292107944 1489.71 1571.48 11 92 "Minimization exited successfully."
2008R 107 0.027250097565342916 1492.4243962060057 0.01174395141897906 -2.102350240393113 0.0935233748887423 0.00045608625110969 0.02712013852715245 2.365555284953441e-05 0.008437796060111635 0.0016615833647164457 15933.084045580317 63.0 -20.074126478336524 1.5149796692308417 1493.63 1532.52 0 107 "Minimization exited successfully."
2008ae 101 0.08399999986141389 1512.3126163425309 0.0005676032530132075 -1.5791437920704645 0.6969180796645302 3.8586455419327426e-05 0.099326261425972 5.128157430234236e-06 0.09387352668719218 0.008429589013775218 3073.9223343171184 35.0 -19.34428867427188 1.321832486854639 1508.74 1602.52 9 92 "Minimization exited successfully."
2008ar 132 0.023859403808844448 1535.3380629423652 0.004843143951418539 -0.09146230698872326 0.06905231251088595 0.0007350210161279503 0.020847398559453723 1.3904819918152383e-05 0.017357320118420283 0.00268540043417953 22576.584091776836 93.0 -18.819058357361275 1.0665939603674737 1527.79 1627.59 11 121 "Minimization exited successfully."
2008bc 205 0.003500000327233229 1550.4229003323328 0.009105806738624803 0.5624253602890246 0.20620923565714544 2.761453116694205e-05 0.009254732392946607 1.0359429808676213e-05 0.009072564440470998 0.0009340852492583096 83082.32531177484 137.0 -15.305074161903338 0.9422049025057717 1541.67 1646.46 54 151 "Minimization exited successfully."
