analysis_pipeline/fit_results/csp_5_sn91bg_salt2_phase_blue.ecsv
# %ECSV 0.9
# ---
# datatype:
# - {name: obj_id, datatype: string}
# - {name: num_points, datatype: int64}
# - {name: z, datatype: float64}
# - {name: t0, datatype: float64}
# - {name: x0, datatype: float64}
# - {name: x1, datatype: float64}
# - {name: c, datatype: float64}
# - {name: z_err, datatype: float64}
# - {name: t0_err, datatype: float64}
# - {name: x0_err, datatype: float64}
# - {name: x1_err, datatype: float64}
# - {name: c_err, datatype: float64}
# - {name: chi, datatype: float64}
# - {name: dof, datatype: float64}
# - {name: b_max, datatype: float64}
# - {name: delta_15, datatype: float64}
# - {name: tmin, datatype: float64}
# - {name: tmax, datatype: float64}
# - {name: pre_max, datatype: int64}
# - {name: post_max, datatype: int64}
# - {name: message, datatype: string}
# schema: astropy-2.0
obj_id num_points z t0 x0 x1 c z_err t0_err x0_err x1_err c_err chi dof b_max delta_15 tmin tmax pre_max post_max message
2004dt 181 0.03233625968904327 241.55430841678304 1.3231082895970303e-13 0.778801219000869 0.4794250160316978 0.06088290344433857 23.26624788032801 0.9223867633946458 0.44300048417601134 0.7054605605525103 164365.00468014763 129.0 -20.73013562996382 1.9828758441609349 249.79 365.62 0 181 "Covariance may not be accurate."
2004ef 167 0.07898884182054262 267.36061361533683 9.658940314238862e-15 1.1800791613488752 0.005723515683015268 5.862229285336085e-09 5.115298392865952e-06 0.0 5.244875955767725e-08 0.005795576163736549 249406.62024530835 157.0 -20.82065835756381 1.5046072480544836 255.69 329.57 47 120 "Covariance may not be accurate."
2004eo 147 0.08499625797049148 277.8584306724011 1.375566327510569e-13 0.6670240561187071 0.5000024056382123 7.917101002563598e-11 2.6925809493150155e-06 0.0 1.4153286487239569e-08 0.1958354626333491 903054.7543276186 135.0 -22.903714258786756 2.218904372582193 266.52 341.54 42 105 "Covariance may not be accurate. Covariance not positive definite. Covariance forced positive definite."
2004ey 111 0.07587232885991757 306.63558412756504 7.377431998634165e-14 1.1957727531556672 0.5357061057570751 0.04477474430506628 59.71251613033192 0.9320657673044471 0.42887161280716873 0.7224944577624026 645056.2374257433 106.0 -21.90909626924798 1.492998695839372 295.53 352.55 35 76 "Covariance may not be accurate."
2004gc 80 0.07219441320777818 326.79768461888887 1.0574874309554616e-14 1.0647988719298485 0.2765310117076971 0.06070961112874859 25.86033046451746 0.9224445700243665 0.44302491729853666 0.6368284456040681 31812.325686156983 58.0 -20.190696880922243 1.605092387524742 329.83 397.66 0 80 "Covariance may not be accurate."
2004gs 164 0.07396940222896976 343.99619392172224 4.5630166312093934e-14 0.7535993686912897 0.500822620744688 2.0617335874384413e-06 0.021294762895593067 0.0 2.1544196354361667e-05 1.5703829183311147e-05 146872.32951285335 88.0 -21.385840932995773 2.0300021117712284 352.85 461.56 0 164 "Covariance may not be accurate."
2004gu 88 0.060735580856998955 342.8645180304684 3.9468428525424315e-14 1.2180594053760556 0.5100564577635327 1.4077805231965668e-07 1.584773229978964e-06 0.0 5.024012834642377e-07 0.0016202230294275477 53246.83845697533 60.0 -20.765159775863346 1.477377934741078 357.86 410.84 0 88 "Covariance may not be accurate."
2005A 73 0.06950358580794781 362.0194206675252 3.189115638235762e-14 1.1151395994231144 0.5001757865608022 4.193984291645664e-05 nan 0.0 0.00023718878139700195 0.0002736096034929303 27894.397725697312 61.0 -20.85581849796061 1.5581587249595898 376.65 432.52 0 73 "Covariance may not be accurate."
2005M 209 0.06336371717302629 392.985834506272 3.530509218307998e-14 1.1880233943235687 0.02356446972693954 0.0522648501398722 25.54062223513708 0.9223868539881743 0.43153830436741064 0.5456878895242645 507121.44638732634 148.0 -21.696546616625838 1.4986592437176007 396.77 480.51 0 209 "Covariance may not be accurate."
2005W 77 0.028744720493233032 429.5065872892299 1.1890488593735427e-13 1.217560259480712 0.46681221290357466 7.757604471719803e-07 7.80040005565752e-06 4.163336342344337e-17 2.7136413276451776e-06 0.006401408722212232 399246.56488939543 53.0 -20.382008745156156 1.4777161599908375 404.54 429.51 74 3 "Covariance may not be accurate."
2005ag 163 0.08498411149788698 429.0643439999821 1.6653345369377348e-15 0.862047162506288 0.06162797024201816 5.81589484904832e-10 8.39456765788782e-06 0.0 1.4527982744594325e-07 0.030394639132872825 220448.3164697009 146.0 -18.98740488358446 1.8485688550860573 412.82 480.84 66 97 "Covariance may not be accurate."
2005al 140 0.055742262904867085 431.3343725250152 1.287303597052869e-13 0.9273208797140988 0.47134487237131073 3.405731479333429e-07 0.014926249692962301 4.163336342344337e-17 2.6488847792993653e-06 4.479011207730865e-06 211631.37523239315 123.0 -21.939173499525623 1.7581815604308026 429.76 512.79 8 132 "Covariance may not be accurate."
2005am 137 0.07729252573326288 423.0196488113788 5.753730825119874e-13 1.2110686803227941 0.5123673389373006 1.6148327494636128e-08 9.192422680825985e-06 4.163336342344337e-17 9.90729678296276e-08 0.0006370922753767827 390441.10991531593 93.0 -24.219737840626234 1.4821698462601631 432.58 512.46 0 137 "Covariance may not be accurate."
2005be 45 0.08499839965906747 458.54866027440767 2.6478819137309983e-14 1.0237554714601393 0.3789832982029656 0.05088503851167148 22.04100737369899 0.9223898558739828 0.40539451152898537 0.6762983691626464 75834.140784944 40.0 -21.378981048468106 1.6463237797459875 467.89 491.77 0 45 "Covariance may not be accurate."
2005bg 64 0.08295601155606581 471.6944058393637 2.4147350785597155e-14 0.7731215342482949 0.019407035999526923 0.04515676179535327 27.013285560266297 0.9223868707754606 0.4426039523012138 0.552423160033374 169404.81448123656 59.0 -21.90598409454393 1.99317607090115 471.65 512.61 2 62 "Covariance may not be accurate."
2005bl 41 0.02721561214284752 484.532803826338 2.831068712794149e-15 0.806365336475811 0.037835374313087033 7.955610104373734e-08 4.0778846766897914e-05 0.0 5.48975696901266e-07 0.03390769366210977 22148.616663820485 36.0 -17.040466912036646 1.9351540069018363 476.61 512.57 27 14 "Covariance may not be accurate."
2005bo 36 0.012293093652544705 484.21923735255626 3.422262473407045e-14 1.24999438259093 0.036699004661974066 0.060182800312789025 28.520252884902476 0.9223868555213944 0.38837134280873103 0.5273819421678524 44194.989558061825 31.0 -17.99776696998145 1.456378162737936 478.75 512.76 16 20 "Covariance may not be accurate."
2005el 93 0.03690635450916878 650.9245596833439 6.961098364399732e-14 1.1668284068104167 0.4897406041314304 0.060254290682627686 29.40957870146582 0.9223868148916066 0.3373929951322225 0.7079654818309996 281430.3032933174 76.0 -20.302681556539785 1.5148389122824781 639.89 730.75 9 84 "Covariance may not be accurate."
2005eq 99 0.0805061591859197 661.8357213568678 2.506328478091291e-14 0.6500000064492165 0.4942252184239655 3.3622498067653606e-07 0.031008585603842675 0.0 1.1267285993099563e-09 2.8773076438670664e-06 314517.90088678483 74.0 -20.944635492864794 2.2606708360553753 650.81 751.66 16 83 "Covariance may not be accurate."
2005gj 81 0.08366365360070656 715.6127198280249 8.659739592076221e-15 1.24911310969695 0.16660172313225163 0.05512683407532545 29.497353733746024 0.9223890831998368 0.3784502802484749 0.5801428986843613 119324.60128271964 61.0 -20.542733107522057 1.4569467473114734 698.7 795.54 20 61 "Covariance may not be accurate."
2005hc 79 0.0037332310809690345 652.8693911656118 2.19824158875781e-14 0.9051519420833539 0.08419044138033283 0.04569214039503891 22.91197447891051 0.9234395400981006 0.4144940558491842 0.7132333913040665 138801.80306039218 47.0 -14.832839920826547 1.787635240014943 662.72 755.61 0 79 "Covariance may not be accurate."
2005hj 50 0.04856506695345703 658.4735843284495 3.680389326632394e-14 0.6500879379855502 0.4961230547568904 2.3366777163191799e-07 0.033466633151249425 0.0 4.142036502674529e-08 2.8131703089517845e-06 50267.89242479166 27.0 -20.209988127588822 2.2604501233654446 671.67 761.57 0 50 "Covariance may not be accurate."
2005hk 89 0.053983492127143304 662.8143690545452 1.7061352330927093e-13 0.9382589792985639 0.5255457981900271 0.05598467492622816 20.249995690080425 0.922390109133546 0.4234260713686181 0.7042214518268224 426920.8102067701 51.0 -22.063015992884438 1.7441654098225712 675.61 761.54 0 89 "Covariance may not be accurate."
2005iq 70 0.07349950824116473 689.2098199953999 1.3572476476042539e-14 1.24325716741175 0.5418976573767377 0.04817488500194089 30.475778143880348 1.2535903141530071 0.3407945016233374 0.7621486768381431 172094.15956068176 60.0 -19.9880192409457 1.4607232638714471 682.55 755.55 16 54 "Covariance may not be accurate."
2005ir 52 0.08496408958841799 691.7789644112144 2.6645352591003757e-15 1.1112241349788134 0.49750164577648065 1.915912166257361e-06 0.010647815094444013 0.0 nan 1.2628658198676757e-05 46778.087103456244 47.0 -18.626859966934205 1.5616548615224666 682.62 728.63 25 27 "Covariance may not be accurate."
2005kc 48 0.06718866709411876 704.5612833677769 2.348121697082206e-14 1.1560234258128608 9.788402532961982e-09 4.833103118412341e-08 2.2641024543190724e-05 0.0 3.092287357286949e-07 2.604199977884747e-05 184822.71619145892 43.0 -21.424729860315544 1.5234296974103714 687.52 728.54 31 17 "Covariance may not be accurate."
2005ke 145 0.06660513497675911 698.1824611887102 2.0608514894604468e-13 0.725439457878291 0.5005857383298757 0.05069040202945791 29.131191107106474 0.9243974034509943 0.4353114259865159 0.7113586277593847 132200.91322302027 82.0 -22.784131713774443 2.087046058306333 689.69 819.51 16 129 "Covariance may not be accurate."
2005ki 163 0.006210229601571738 702.7771655071574 5.004330283497893e-14 0.9168197196928521 0.5204709948067672 0.05773399838026206 29.244889615673856 0.9458298698715106 0.4396265437456863 0.7247799387717029 159213.78401145933 70.0 -15.965872728741925 1.771966874614158 695.86 861.5 4 159 "Covariance may not be accurate."
2005ku 20 0.024121140316746677 722.0522141937166 3.247402347028583e-15 0.8047090617122092 0.26302553172990556 0.07030081802996874 34.32580012348387 1.1571253061951523 0.5096214213120798 0.7397083359977058 23641.435020347384 7.0 -16.473760314251216 1.9379240482002338 699.56 729.56 18 2 "Covariance may not be accurate."
2005lu 49 0.08017890848630142 712.5987667098033 3.5388358909926865e-14 0.6500008186808437 0.5161804206980949 3.429650030639664e-08 2.8137661104210565e-05 0.0 1.2381714542542e-09 0.0030977351149998333 18291.193994535504 34.0 -21.269882957301103 2.260669074561335 720.63 799.52 0 49 "Covariance may not be accurate."
2005mc 52 0.07351815266429995 729.1195101677558 4.238276396506535e-14 0.6500000007364342 0.4994577540318301 0.046656899888403505 23.598352860452394 0.922386858363897 0.36895042746544887 0.7102431291458494 42410.9377864753 47.0 -21.294337171398855 2.2606710567960455 736.79 773.62 0 52 "Covariance may not be accurate."
2005na 91 0.06044064524432907 723.7854392442366 1.5404344466674047e-13 0.8991041279807857 0.5577535028631501 0.053545803480612775 25.31033948738849 0.9223871530754001 0.4360959067508194 0.7222351583338885 223956.7160915955 58.0 -22.153564378143674 1.7959204354425786 738.71 834.54 0 91 "Minimization exited successfully."
2006D 147 0.07426847865407114 749.1329246228382 2.670363929979658e-13 1.2401183732970618 0.5049346564669163 0.0003454070099205772 0.00272980700071912 2.0816681711721685e-16 3.3628407602126487e-05 3.9058211660725206e-05 270431.3714497965 81.0 -23.30685770558423 1.4627556849554733 751.84 891.61 0 147 "Covariance may not be accurate."
2006X 124 0.021014854514708067 786.2042939694749 1.3347656313555945e-13 1.21804403395238 0.5049688025492169 6.478703372421457e-05 0.005013578678983777 4.163336342344337e-17 0.000208676752711634 5.882585685912378e-05 155311.7098930298 81.0 -19.727734476173183 1.4773883681710078 775.68 906.46 22 102 "Covariance may not be accurate."
2006ax 90 0.06871115141883297 826.7092734034694 1.2323475573339238e-13 0.9740647643062617 0.5000964312775198 0.07118329531298924 0.007484344646456975 0.0 0.000598794727155405 0.0010581096100270304 293266.0574790179 79.0 -22.297477107547827 1.7007795067945022 815.64 891.5 24 66 "Covariance may not be accurate. Covariance not positive definite. Covariance forced positive definite."
2006bd 21 0.07969645385950155 807.7510105940706 1.915134717478395e-14 0.740807622527303 0.4987048445411452 0.0427115266663742 24.68134371174949 0.9654122399820413 0.45737756305269767 0.7258589634022327 3147.226563559724 11.0 -20.618378523165738 2.055325342553104 823.7 872.57 0 21 "Covariance may not be accurate."
2006bh 73 0.060118169570655924 817.5911474922021 3.9226955017568343e-13 1.0613259576283138 0.4967686529696404 0.05368424973736509 28.202797235487367 0.9228141155926778 0.3916201634856116 0.7098013671095365 318799.574691628 52.0 -23.259256400777065 1.6084786952257737 831.9 891.79 0 73 "Covariance may not be accurate."
2006br 23 0.0817628088310316 844.4883850549606 1.0658141036401503e-14 0.6508826321850609 0.11458274787189937 1.2696150563512587e-07 0.00010094877586652728 6.245004513516506e-16 1.8181081035129054e-07 0.5258139675573987 1380.346888207008 18.0 -20.818381205883515 2.2584442196514765 858.69 890.61 0 23 "Covariance may not be accurate."
2006bt 39 0.07729691778234922 838.801141793302 2.881028748902281e-14 1.225852621677655 0.10441153456517704 0.043647266744465264 25.36707077451996 0.9310613874783206 0.31613180717400463 0.5377326120143282 58055.033249895 34.0 -21.788338832475084 1.4721234519379909 853.76 891.71 0 39 "Covariance may not be accurate."
2006dd 141 0.016685480210404786 913.3462907090708 1.4616641230702498e-12 0.6503874299683668 0.5001475111541132 0.00017843574924622518 0.0009177764743526495 4.163336342344337e-17 nan 0.0008437704561622683 10.99156395655719 -4.0 -21.8258370516461 2.2596987126959576 906.94 1147.57 1 140 "Covariance may not be accurate."
2006ef 36 0.08376329836839723 968.1444469798903 7.710498906021712e-14 0.6537261964281712 0.1818684361145096 0.04882610491104359 20.025841675499635 0.9719686617402066 0.40920102761262694 0.5891706483665388 56589.53117219569 25.0 -22.887225378199826 2.2513540079906598 979.9 1040.71 0 36 "Covariance may not be accurate."
2006ej 43 0.08468347351817246 982.906566555225 6.436517985264345e-14 0.6502441109615684 0.5420980462832639 6.441204436560821e-07 0.01423243407236896 8.326672684688674e-17 2.379458461376771e-06 3.493530779730136e-05 30532.64346053822 32.0 -22.002246071941457 2.260058418795719 979.74 1046.74 7 36 "Covariance may not be accurate."
2006eq 36 0.08497837800684513 981.5878381932567 1.6653345369377348e-16 1.1120408271049336 0.33842522060354197 0.05121554500685801 27.481226280884187 0.936135130854257 0.4434695144790952 0.6642910978731171 38730.0897915432 31.0 -15.950817052838552 1.5609197250728144 981.64 1018.51 0 36 "Covariance may not be accurate."
2006et 85 0.08455617299664217 972.9686010371695 1.4921397450962104e-13 0.6501132914741687 0.028171051515497647 0.048666417857061176 22.308143793577585 0.9279540330768965 0.36764776632548896 0.6780650265670467 248298.8085323167 46.0 -23.912940295496067 2.260370416882864 983.64 1099.54 0 85 "Covariance may not be accurate."
2006ev 29 0.023153524189845447 987.5125864641396 1.50712775592865e-14 1.0673213897384493 0.45876354009830206 0.061394740922041 24.45997919124102 0.9223870140968682 0.3892023313192354 0.7001730527772883 24030.149522454816 24.0 -17.678838244334045 1.6026504446878214 994.59 1038.53 0 29 "Covariance may not be accurate."
2006fw 25 0.08499998657034169 1014.9916949083189 8.326672684688674e-17 0.7993092599606216 3.203157770492737e-05 0.05309192051073223 30.471902426856957 0.9592219964406943 0.4583785776092809 0.6125360946904983 39928.608812871214 15.0 -15.8368875417117 1.9470079533821014 1001.75 1039.73 14 11 "Covariance may not be accurate."
2006gj 52 0.004618212800318538 1019.7814881728775 4.996003610813204e-16 1.0491000122848315 0.008468479530313544 0.0572818038256374 21.27758569389823 0.9340096703685309 0.3975274497253513 0.574424517920277 25089.989896749437 31.0 -11.315656210024684 1.6205195360825044 998.83 1096.59 19 33 "Covariance may not be accurate."
2006gt 39 0.0203821278091581 1004.6057744511422 2.1649348980190553e-15 0.9998957534555715 0.044725638737747875 0.05068689621088547 17.504567458517613 0.9223869393966212 0.41299423387813666 0.5176780239940878 8258.834750900876 28.0 -16.09856587438751 1.6717380465872296 1001.67 1076.62 8 31 "Covariance may not be accurate."
2006hb 89 0.04306424326520392 993.1562886129408 1.4629963906998e-13 0.6759372714806899 0.5087095044020745 0.05905977736215433 21.33232706592912 0.922388442729771 0.41433319475665736 0.7123384107207322 174044.67422489115 36.0 -21.41520689319122 2.1977280878263024 1007.88 1143.59 0 89 "Covariance may not be accurate."
