analysis_pipeline/fit_results/csp_5_salt2_2.4_all.ecsv
# %ECSV 0.9
# ---
# datatype:
# - {name: obj_id, datatype: string}
# - {name: num_points, datatype: int64}
# - {name: z, datatype: float64}
# - {name: t0, datatype: float64}
# - {name: x0, datatype: float64}
# - {name: x1, datatype: float64}
# - {name: c, datatype: float64}
# - {name: z_err, datatype: float64}
# - {name: t0_err, datatype: float64}
# - {name: x0_err, datatype: float64}
# - {name: x1_err, datatype: float64}
# - {name: c_err, datatype: float64}
# - {name: chi, datatype: float64}
# - {name: dof, datatype: float64}
# - {name: b_max, datatype: float64}
# - {name: delta_15, datatype: float64}
# - {name: tmin, datatype: float64}
# - {name: tmax, datatype: float64}
# - {name: pre_max, datatype: int64}
# - {name: post_max, datatype: int64}
# - {name: message, datatype: string}
# schema: astropy-2.0
obj_id num_points z t0 x0 x1 c z_err t0_err x0_err x1_err c_err chi dof b_max delta_15 tmin tmax pre_max post_max message
[from data line 95]
2008bf 184 0.02199882564014277 1555.4718059571373 0.00788841184573765 0.5657648172441254 -0.022728595999989 5.010743096053177e-07 0.014729219835885488 1.3553118305435242e-05 0.01418392124586898 0.0013472110491832834 70324.07320513908 150.0 -19.169548942675156 0.9516700302171497 1546.79 1646.49 43 141 "Minimization exited successfully."
2008bi 83 0.003500014046565743 1536.5200000101104 0.00428355327950003 -2.6132532926166494 0.3202973615770659 0.0002344797577818129 0.0054345713737120604 3.528045733555392e-05 0.01799204156246237 0.005513147398096052 3552.3193078078293 61.0 -14.487873199455557 1.6327548812806825 1551.52 1628.47 0 83 "Minimization exited successfully."
2008bq 114 0.03164316275738793 1563.9757490056388 0.00256064979537905 0.4216274123223327 0.17916579016916323 0.0006990203252105424 0.03973584426614707 5.299376371671735e-06 0.021974046134232594 0.0020206871722610042 1038.1883705004502 91.0 -18.754807912814307 0.9678883833867857 1562.49 1606.46 6 108 "Minimization exited successfully."
2008bt 84 0.02397410739533418 1568.91307291945 0.0033712665177178525 -2.1890998484786928 0.3977227183659695 0.0007752343186945097 0.06513043833513166 1.892477799800025e-05 0.017116672388081344 0.0037870690387721284 29624.437529441 72.0 -18.443534313336354 1.5031238417581996 1571.61 1651.47 0 84 "Minimization exited successfully."
2008bz 70 0.01742563955265465 1580.2169970648554 0.0010264991735530026 -0.8929909817883122 0.03214348942313072 0.0011046067611951826 0.08115921324451847 4.784264785936965e-06 0.04482466881243541 0.003962686458732989 4160.314762982415 65.0 -16.440967173268042 1.2296373124067657 1580.72 1651.52 0 70 "Minimization exited successfully."
2008cc 167 0.010400000000000003 1580.2601655398087 0.016113533073659418 -1.626286959146677 0.3365939178092703 2.5539919403308464e-08 1.2613467561095604e-05 2.313474450359697e-05 0.00837788603249412 0.0010858680361189865 277251.1350584084 118.0 -18.30375316000185 1.3683003038903152 1582.86 1654.86 0 167 "Minimization exited successfully."
2008cd 23 0.003500003542467638 1572.740000027449 0.0014513995700525528 -2.972859318649477 0.9999999821742063 0.00011491308442093391 0.008303299421982047 7.763988351662597e-06 0.05036205230082569 0.0013793826600307924 1087.867574647738 18.0 -13.360639145211096 1.6326535586979531 1587.74 1595.73 0 23 "Minimization exited successfully."
2008cf 96 0.045947604633625676 1596.373633008737 0.002116370128943407 0.8500264654780381 -0.017927847501785887 5.488533077815938e-07 8.822516747386544e-06 3.847644262354585e-06 0.01786138044852814 0.0017523098333539489 22110.34634822403 66.0 -19.379472801829515 0.9022220097738263 1595.77 1654.65 6 90 "Covariance may not be accurate."
2008ff 230 0.025086883119267104 1714.3157017939097 0.006731237672795199 -0.436073956228066 0.2680210760920201 3.1300854862886807e-08 1.7575722381479864e-05 1.3075025657119203e-05 0.00872561174088382 0.001272877411520823 236706.38988212397 128.0 -19.290845797605705 1.120348300038053 1724.53 1790.57 0 230 "Covariance may not be accurate."
2008fl 186 0.026815536736809892 1721.029635413187 0.005446493319742691 -1.1381536053980468 0.1840597290215047 0.0005400770972377403 0.03763336837221232 1.6033158795410347e-05 0.009282953371002822 0.002218060555528978 62092.62726617207 130.0 -19.20603915740612 1.2709582721938908 1724.49 1789.53 0 186 "Minimization exited successfully."
2008fp 300 0.005699999054591975 1733.525001690173 0.02398869083358035 -0.321890697255788 0.6238232640320898 3.461688008465913e-08 6.489369752671337e-08 3.591729971308584e-05 0.007344595782610597 0.0010641888002418387 653832.3784869907 167.0 -17.437520903583007 1.0751488885758338 1724.84 1874.61 72 228 "Minimization exited successfully."
2008fr 150 0.03969389045198178 1741.575592321672 0.0018395612934490437 -0.4738968318943204 0.10682958961117106 1.825659651372158e-07 2.720834118008497e-06 5.218654380363674e-06 0.018635219845155593 0.0022561140745358532 33602.953875371626 100.0 -18.899261091044917 1.1382144052256855 1738.78 1807.57 9 141 "Covariance may not be accurate."
2008fu 103 0.057399878253872626 1732.6459725493594 0.0014609981628391196 -1.4649139415013424 -0.09715917904814597 0.0017584045971623039 0.12537807589103522 1.9622852037287576e-05 0.039661374542073746 0.007870196551866437 3010.9829139753506 76.0 -19.47742747553581 1.3702631382731845 1737.84 1817.67 0 103 "Minimization exited successfully."
2008fw 162 0.0038478784106700595 1736.6776199356916 0.02333865328832131 0.18803986242317094 0.22805233052132157 2.7487872410105613e-09 6.354161996569019e-08 3.497483402400969e-05 0.007435477395103085 0.0010321579604061215 742771.9618850423 132.0 -16.53355101196243 1.0067713527333968 1740.89 1827.81 0 162 "Covariance may not be accurate."
2008gg 198 0.03199837573067182 1752.0903338799076 0.0034064625889692612 0.641005721972963 0.1583300004016881 2.090875065759168e-07 9.478942615714914e-06 6.22021068539245e-06 0.012700030745506297 0.0013780717749776183 106040.55964919923 143.0 -19.089305633916048 0.9308286872236309 1753.63 1827.57 0 198 "Covariance may not be accurate."
2008gl 166 0.03397725101656301 1768.8911833817976 0.0029544483304341563 -1.3401711507423961 0.04259396272328497 2.2301658232984356e-07 1.559160341457755e-05 4.387900175040205e-06 0.011621248300416553 0.0013397313920999743 19580.01458756756 118.0 -19.065773559993943 1.3285017729124178 1765.7 1844.55 24 142 "Covariance may not be accurate."
2008go 43 0.0839999795662333 1764.8314840782623 0.000927053543968448 1.008496948678161 0.054840536976269005 0.004622703235440596 0.17087694658494001 3.80997574342401e-06 0.1282243306291866 0.0030434576129326762 633.9965440786912 31.0 -19.852745361422336 0.872635404855842 1764.54 1776.58 2 41 "Minimization exited successfully."
2008gp 169 0.042286093760252524 1779.8554857645888 0.003172267879463392 -0.030855073585781767 0.029526579763111238 0.0008594968327040979 0.015448209145461078 6.1115416416027135e-06 0.01403152877906999 0.001963006043397386 2589.5369899147927 108.0 -19.632109979392183 1.057351989824184 1768.75 1844.52 44 125 "Minimization exited successfully."
2008ha 106 0.003500000553139161 1770.4880610697148 0.0024241968970091844 -2.0441580110550013 0.16083207370806485 1.962367082252478e-05 0.05967999118865919 1.819821002124202e-05 0.020385874964661266 0.0045433937437041605 8784.482971088612 81.0 -13.865878244514661 1.4917836870489225 1781.55 1810.55 0 106 "Minimization exited successfully."
2008hj 127 0.024410865110520777 1802.2477168498503 0.0029391393506043723 0.29363752913718066 0.05125119924729238 0.00077026230156782 0.018517985862558817 5.314921505075775e-06 0.021495023536466373 0.0018672497357228313 1502.0391084449993 89.0 -18.327457590190377 0.9966814035805456 1794.58 1834.55 37 90 "Minimization exited successfully."
2008hu 97 0.05254589811746515 1806.3429072831368 0.0009109842771000743 -1.7349239143276018 0.07426662599782263 0.0013228121855476394 0.06899428684232589 4.244011378497193e-06 0.031764564093078373 0.0038697489972734367 711.856659613232 72.0 -18.764889861102855 1.4208037407299123 1804.74 1844.84 5 92 "Minimization exited successfully."
2008hv 225 0.004566078759870962 1817.4817001425513 0.020192429137409304 -1.3110432009074504 -0.0350084072586907 7.893698025958351e-10 2.961087375297211e-08 3.380331285729281e-05 0.007637170860110398 0.0012399476414729493 132653.3824510684 136.0 -16.745501735713844 1.3283171090716497 1804.8 1912.7 50 175 "Covariance may not be accurate."
2008ia 166 0.016913212371363333 1813.3574972025187 0.0036648591096106855 -1.3110315321554467 0.17018937051855554 0.0015572597313102043 0.029931143861290366 7.811242165396606e-06 0.026383827005100002 0.003404208570407241 1553.558247669338 81.0 -17.758391737484512 1.31071392548791 1809.77 1874.69 22 144 "Minimization exited successfully."
2009D 176 0.025929356923206272 1841.8525090288178 0.007221397434958005 0.6730599318070754 0.05877585736199231 0.00045988778723381196 0.014257166784659603 7.97486946239618e-06 0.010955611340986326 0.0011374232687815233 3670.4579654609524 120.0 -19.43734371345535 0.9295555795623667 1834.67 1890.52 54 122 "Minimization exited successfully."
2009F 139 0.08399999999586062 1843.0215356802119 0.0022391488104002073 -2.95731555987269 0.3616099645964237 2.3372143327801687e-05 0.01598885598502875 4.151938285529332e-06 0.015947949759189894 0.001579464523475016 41194.26321101654 84.0 -20.814900879907896 1.7339753742396304 1837.75 1884.63 56 83 "Minimization exited successfully."
2009I 55 0.010344793895110853 1852.651854194509 0.0007301932823587182 0.8231756375161794 0.8158088740074012 0.002250732516263185 0.07507108725462786 7.951337023591454e-06 0.10333048577608972 0.009378153399558276 322.34135745329917 23.0 -14.964050390195819 0.8709212179141623 1846.58 1867.58 18 37 "Minimization exited successfully."
2009J 41 0.08399999966942724 1834.8500136808887 0.0012929721509691518 -1.4424056983289661 -0.1632416582885089 0.0002705999741422563 0.22292449227575162 2.8566094603392446e-05 0.06026153295731529 0.012180828022149481 730.7713081369286 32.0 -20.213421388829815 1.3704968232995078 1846.74 1867.68 0 41 "Minimization exited successfully."
2009P 99 0.0035000000088276973 1868.4018420242073 0.0022290844439005696 1.432812321322694 0.4560536466456393 0.0005049834013058181 0.08014845842228624 8.945209519405084e-06 0.038489135129124996 0.0027560719924007993 5393.616364969612 77.0 -13.78688038406472 0.7888630581230487 1867.74 1931.61 6 93 "Minimization exited successfully."
2009Y 264 0.0094 1878.3400937677648 0.03152381672760772 0.0382435342538745 0.19243223355034011 2.4885915860146934e-08 1.2257234061507916e-05 3.645100305524687e-05 0.008306083784348939 0.0008121418366600075 602902.9065388112 170.0 -18.807957262988594 1.0357484534458283 1868.84 1976.65 41 223 "Minimization exited successfully."
2009aa 232 0.056079391802223134 1879.1300588643987 0.0046455652538576865 -0.5432965435812029 -0.024104731412572078 0.000686656896316893 0.012048037409158496 6.0204888547468575e-06 0.012120523813437867 0.0014886468587063106 15818.19975816313 121.0 -20.680852495248054 1.1605059462902503 1868.77 1956.66 66 166 "Minimization exited successfully."
2009ab 102 0.02228117670924696 1883.8117237106628 0.011269148499239517 -0.9184921304851343 0.21817349677924902 0.0012679376508732045 0.014604183657866088 2.148691186540201e-05 0.013180586247011572 0.002879667690373844 6801.610066434708 55.0 -19.586617184027883 1.221082055582567 1874.57 1911.51 30 72 "Minimization exited successfully."
2009ad 128 0.0472569632518851 1887.318954829449 0.004188716368829732 0.29384122903767285 0.04600792816424715 0.0009503808713402506 0.01721842200527135 6.443576454978443e-06 0.015630436968443462 0.001979789751735961 5293.531918368057 67.0 -20.183469337299922 0.9968957440727415 1878.6 1921.53 36 92 "Minimization exited successfully."
2009ag 208 0.010014697050696842 1890.1350320964536 0.010585521750273342 -0.2728684880760168 0.45186652766476065 0.00036503611781495485 0.027111367455631807 2.4740194711375153e-05 0.009765985702614444 0.0018505072312156035 5253.973496654284 103.0 -17.77047800619806 1.077521154647087 1886.62 1959.54 24 184 "Minimization exited successfully."
2009al 123 0.006511876894797599 1897.2444261702926 0.005118048659231648 -0.5781510703078201 0.24931908002386316 8.119624187417906e-09 1.8642606391949812e-07 1.399363569401773e-05 0.014670110119126889 0.0025703358620082772 2696.6421650485713 78.0 -16.033123991368267 1.1494105816869649 1891.71 1973.54 18 105 "Covariance may not be accurate. Covariance not positive definite. Covariance forced positive definite."
2009cz 83 0.02225279287149513 1943.9623742795218 0.008087035547595057 0.6533790270427966 0.07520603358596833 0.0010717125646318819 0.022700643424627742 1.9410556846334755e-05 0.02548578028730919 0.002316897580686539 706.4687116705811 43.0 -19.222282941903835 0.9322625232472532 1937.53 1966.46 24 59 "Minimization exited successfully."
2009dc 116 0.08399998557751606 1949.389278921719 0.013278789659450702 1.8883876513132556 0.07307323910206609 5.704670176816945e-05 0.02589878197318285 2.4050556685806246e-05 0.019909132293888465 0.0014881384068572423 28456.318490356105 54.0 -22.744102740892156 0.7269259853018575 1938.77 1976.68 41 75 "Minimization exited successfully."
2009ds 92 0.003500000000044557 1962.0956856497003 0.009367634322480264 1.453828859433255 0.17860875067915405 7.014721585167595e-05 0.038077928615962264 2.4218031309147445e-05 0.05166839859799399 0.002666475171653304 668.9182723523581 49.0 -15.336168442710008 0.7948226810251562 1954.64 1976.62 29 63 "Minimization exited successfully."
2009le 66 0.01850144155318297 2168.549548126173 0.011223979307241342 2.8357988636930713 0.17731377634545487 0.000794516817946924 0.043234021954276614 2.4094579484069782e-05 0.05626997828349323 0.002091533164356285 1081.2971273714436 49.0 -19.176379525681444 0.5569938716300467 2153.53 2169.58 54 12 "Minimization exited successfully."
2010ae 57 0.003500000085669106 2277.627276476017 0.0004101080722003131 -2.9684302116935206 0.9999999999538116 0.0007759860334210864 0.13976350232178447 1.156709220193064e-05 0.20634767788865194 0.003302766835121651 295.0311695709932 4.0 -11.988417474975712 1.6313892807154566 2258.59 2305.53 52 5 "Minimization exited successfully."
