analysis_pipeline/fit_results/des_4_salt2_2.4_all.ecsv
# %ECSV 0.9
# ---
# datatype:
# - name: obj_id
#   datatype: string
# - name: num_points
#   datatype: int64
# - name: z
#   datatype: float64
# - name: t0
#   datatype: float64
# - name: x0
#   datatype: float64
# - name: x1
#   datatype: float64
# - name: c
#   datatype: float64
# - name: z_err
#   datatype: float64
# - name: t0_err
#   datatype: float64
# - name: x0_err
#   datatype: float64
# - name: x1_err
#   datatype: float64
# - name: c_err
#   datatype: float64
# - name: chi
#   datatype: float64
# - name: dof
#   datatype: float64
# - name: b_max
#   datatype: float64
# - name: delta_15
#   datatype: float64
# - name: tmin
#   datatype: float64
# - name: tmax
#   datatype: float64
# - name: pre_max
#   datatype: int64
# - name: post_max
#   datatype: int64
# - name: message
#   datatype: string
# schema: astropy-2.0
obj_id num_points z t0 x0 x1 c z_err t0_err x0_err x1_err c_err chi dof b_max delta_15 tmin tmax pre_max post_max message
[from data line 104]
01312274 62 0.438 56976.94368441087 1.2701620527882929e-05 -1.2972950259395128 -0.0472856782556787 0.0 0.6105002406256972 4.5465025422936067e-07 0.4786484946008215 0.03100227948996105 36.595981764907535 44.0 -19.205030645016283 1.3261348386054763 56956.141 57052.1 12 50 "Minimization exited successfully."
01313594 54 0.2883 57002.35043304403 4.632922005971818e-05 0.5275631183754799 -0.09235143652088931 0.0 0.17707821548174252 5.957045539253809e-07 0.1439481637915827 0.011740684948702146 26.94817305215136 36.0 -19.546643007899654 0.96135967961105 56973.035 57051.058 19 35 "Minimization exited successfully."
01314897 54 0.3369 57301.470389707174 2.8274033719852266e-05 0.8827948018180636 0.02252830199150757 0.0 0.3876970450182853 8.993012234170823e-07 0.3487753214414826 0.02468092757340562 32.36685702270894 35.0 -19.402806381992153 0.8950871104047131 57273.337 57373.072 17 37 "Minimization exited successfully."
01315192 38 0.2254 57008.76447622097 5.484222552361862e-05 1.0376764400004923 0.12436205986549076 0.0 0.18079706030039233 1.5745265637898131e-06 0.22493127674241542 0.018913321006297917 28.264092919598284 24.0 -19.12102184682652 0.8651787233289632 56987.193 57052.1 13 25 "Minimization exited successfully."
01315259 44 0.228 57004.20873272137 4.7186684522185224e-05 -0.5111654264429255 0.06264473498705103 0.0 0.18074756308124051 6.302806326963235e-07 0.14935889851138873 0.012063791804243995 19.84382838069497 27.0 -18.984141264664302 1.1484770086848002 56980.181 57049.073 16 28 "Minimization exited successfully."
01315296 53 0.4126 57005.37131544976 1.0651756345342324e-05 1.8620999230999873 0.021151522737722472 0.0 0.7475384078643401 5.142163241336758e-07 1.0731789943095473 0.03994061685831138 28.482206949664327 35.0 -18.862159362157175 0.7326603738382751 56973.183 57049.072 23 30 "Minimization exited successfully."
01316385 32 0.1478 57019.24029586649 0.00019315831166046295 1.4553032385390576 0.01612304184928054 0.0 0.17121492427395424 4.290951548864552e-06 0.1827150044004635 0.01625807278502084 51.568950656915916 15.0 -19.469324575328088 0.7997262923916466 57001.175 57067.046 13 19 "Minimization exited successfully."
01316431 39 0.1981 57018.886876708384 9.788459206041823e-05 1.2463782475512213 -0.03334574893100639 0.0 0.07307305663198349 7.736199514898914e-07 0.08704050730879542 0.0065478338591874186 58.85963662772511 26.0 -19.4344142812754 0.8359150454266135 57001.16 57052.1 16 23 "Minimization exited successfully."
01316437 49 0.482 57010.35205792112 9.024360715906287e-06 -0.36707180506008097 0.1919359972967366 0.0 0.7160847627092153 4.279840600196488e-07 0.58560169470056 0.057716472435514726 35.358638829511385 34.0 -19.08506898887718 1.1119033458548522 56980.192 57052.1 19 30 "Minimization exited successfully."
01316465 41 0.3291 57021.44075094352 2.880040785753213e-05 0.3626739671975425 -0.0024109805689366826 0.0 0.08196270425833063 2.547295090332694e-07 0.08544332665826704 0.007564773668714886 53.22321690538507 26.0 -19.363036184075785 0.9868078144523054 57001.175 57067.046 16 25 "Minimization exited successfully."
01317164 35 0.1547 57297.42645025741 7.088064757632407e-05 -2.2574895389087164 0.12136692273056021 0.0 0.00020079529349459335 1.9138344381913752e-06 0.14653590543514117 0.031132221317796055 36.68239688346269 16.0 -18.487859250776346 1.5549814771862387 57276.375 57355.165 8 27 "Minimization exited successfully."
01317277 52 0.2371 57007.33555043362 4.174279537094705e-05 -1.3979229904732813 0.07325443360866657 0.0 0.2938846314318653 8.660640436669573e-07 0.2579038370054112 0.020352826082232628 34.39790817535676 34.0 -18.946903755787687 1.339284928234818 56987.071 57052.042 21 31 "Minimization exited successfully."
01317286 54 0.279 57015.33506669645 5.195881457349394e-05 0.7388742630520784 -0.06603549025910091 0.0 0.1410786252381513 4.882462777314196e-07 0.1393934394589147 0.008486609820736138 31.652000654631184 36.0 -19.589184581558815 0.9232269915049827 56987.071 57052.042 30 24 "Minimization exited successfully."
01317454 39 0.5688 57015.61625974215 8.005522726786675e-06 -0.33273097101412663 0.03566142985614329 0.0 0.7040648243273608 3.1265043412692616e-07 0.565489097492458 0.042545146638214626 24.17286007139728 25.0 -19.387277450004788 1.1148230648505262 56987.028 57051.043 18 21 "Minimization exited successfully."
01317666 47 0.1414 57301.45397746597 0.00011008152555553042 -0.12614924994115384 0.10745136018823731 0.0 0.08979100298529374 2.205553440959297e-06 0.08826204218655587 0.013316759279040441 13.992623807879022 30.0 -18.753071717043934 1.070981215288569 57273.339 57356.106 17 30 "Minimization exited successfully."
01319366 65 0.2361 57304.354382016565 6.979540903462033e-05 1.5250914673885188 0.004700621509803327 0.0 0.23066385706260917 8.636010301890597e-07 0.17686204265810357 0.010937933397926147 104.39470704742882 43.0 -19.496430673599423 0.7885794662783105 57276.312 57372.107 30 35 "Minimization exited successfully."
01319821 49 0.3088 57020.505558998346 3.2209433194496655e-05 -0.45958821116259063 -0.07615831605419526 0.0 0.1793642607408401 6.264725913598925e-07 0.20550291652914288 0.015340806994112818 28.38908902704581 32.0 -19.323545394556284 1.1467766277161857 56992.123 57067.103 18 31 "Minimization exited successfully."
01320166 39 0.449 57021.62697186941 1.227158126869965e-05 0.48753792765583626 -0.07444808349943416 0.0 0.43211927847005427 4.85751854147065e-07 0.49592559341305753 0.028989806786750547 22.501871276036557 26.0 -19.233145518408065 0.9677110683163548 56991.108 57049.049 20 19 "Minimization exited successfully."
01322229 29 0.5261 57033.91902145789 1.0193747498565831e-05 1.0529810738696685 0.03529575972564636 0.0 0.7167745063707116 2.614246279550316e-07 0.6449759406279374 0.03770547982675582 12.554038910423632 18.0 -19.44545952955367 0.8658818010743374 57001.05 57052.048 20 9 "Minimization exited successfully."
01322979 35 0.5294 57039.25343303935 1.0390614196217896e-05 0.23971174039332865 -0.07661657845083206 0.0 0.2638130860286765 1.1529390392256371e-07 0.2323231988167873 0.013028607873441678 21.25847365323753 21.0 -19.482127859827695 1.0125396442061572 57008.04 57067.047 20 15 "Minimization exited successfully."
01324542 38 0.5415 57043.41618622722 8.31775466843543e-06 0.370080520922186 -0.07514963005256878 0.0 0.7847734918541391 3.263697860383937e-07 0.630166297177539 0.03363921781335724 36.39321405060045 24.0 -19.299977760296194 0.988781751998058 57011.085 57067.103 19 19 "Minimization exited successfully."
01325358 32 0.7793 57047.91192531406 4.590763881620608e-06 -0.06409496275491611 -0.06178249670875985 0.0 0.930517224194773 1.577525341689424e-07 0.6365865834870901 0.03688940068808021 23.03471926917878 21.0 -19.621118428061518 1.0684898517960555 57005.241 57066.064 26 6 "Minimization exited successfully."
01327978 54 0.2073 57307.51861062321 6.667373033905633e-05 0.12647669529550587 0.07330055608320374 0.0 0.455863684976066 2.322292260711904e-06 0.5620821140581809 0.037451798786675455 9.720439625555297 31.0 -19.127213947847707 1.0259071306535077 57283.129 57373.043 28 26 "Minimization exited successfully."
01328066 81 0.4489 57298.10606040785 1.8104701135310263e-05 0.5920633749137227 -0.12041968162528191 0.0 0.562506228347047 8.919622642503122e-07 0.4722095053378401 0.030288306503764448 53.34661778388094 55.0 -19.655320754460714 0.9511000555932547 57273.093 57379.051 23 58 "Minimization exited successfully."
01328105 84 0.4402 57302.604570273485 1.7661583584166474e-05 -0.10461573983778694 -0.06124825344422691 0.0 0.6587512762671395 7.375158261241358e-07 0.4737668959578454 0.026550980274090336 53.16469262704267 57.0 -19.57665694485768 1.0761911542386926 57273.093 57386.049 26 58 "Minimization exited successfully."
01329166 71 0.7316 57308.08837807342 4.459566021478012e-06 -0.09353711839092771 -0.07316646064313229 0.0 0.5011131919636682 1.557546133124089e-07 0.3291279141707799 0.025960660142548178 47.83555640045663 50.0 -19.420698280748127 1.0747090487573843 57268.251 57402.11 23 48 "Minimization exited successfully."
01329196 82 0.7693 57308.78448273303 4.682845664405466e-06 0.38799009987307365 -0.020002877074154768 0.0 0.4420761520159431 1.1284298801067525e-07 0.27750342519704096 0.02743263669212956 61.612075825870825 58.0 -19.608256527719046 0.9830758244910456 57266.247 57406.112 24 58 "Minimization exited successfully."
01329312 59 0.3444 57309.75619966756 2.0999656370068733e-05 -1.4317443609591836 -0.05045409068810275 0.0 0.381906205053383 5.956367324866371e-07 0.35050873497374835 0.023223611542065092 20.942438441303448 40.0 -19.13432230050431 1.3581812208276816 57283.189 57389.086 17 42 "Minimization exited successfully."
01329615 66 0.4039 57305.011503187 1.5278802028217963e-05 -0.5095626861915958 0.0007889409172173178 0.0 0.7445627913657518 6.677338040314552e-07 0.5701945665137337 0.03199945062900597 29.885925240753874 46.0 -19.19675568491499 1.1520950852037188 57278.298 57385.114 22 44 "Minimization exited successfully."
01330031 66 0.1041 57315.10711409844 0.00039920671981785727 0.28926391447565525 -0.08432399413521294 0.0 0.05002959518242278 6.192848042070592e-06 0.06397623878434122 0.010857982645648037 1066.340333021644 35.0 -19.433320038684222 1.0038470790702796 57290.065 57376.047 27 39 "Minimization exited successfully."
01330426 66 0.2595 57316.10322287402 6.720197249922288e-05 1.3706168684793765 -0.09326499629073909 0.0 0.00036036349411006086 3.246846363519365e-07 0.05970386570542319 0.005130768239963737 272.7621188010006 45.0 -19.689060587454748 0.8171279616342098 57288.21 57387.185 15 51 "Minimization exited successfully."
01330642 68 0.6339 57317.63759648551 8.564977429395549e-06 0.8201635169258674 -0.1270896292474887 0.0 0.37930758322181646 2.353368443175352e-07 0.31441522098752817 0.017574828793521305 47.73979751215602 47.0 -19.748783650384365 0.9114869031244517 57283.189 57406.1 25 43 "Minimization exited successfully."
01330903 79 0.5638 57305.90928071276 8.003604581302559e-06 -0.09850793406417413 0.07146454396437518 0.0 1.073459085295326 3.9853317520821577e-07 0.742121288766717 0.06316270572405819 43.34865890196779 54.0 -19.36410889287731 1.067787963643827 57276.312 57396.103 30 49 "Minimization exited successfully."
01331123 66 0.2291 57318.340325630306 4.7117001135682514e-05 -1.589234288118372 0.004213497415490597 0.0 0.14752527215750888 7.879883725553365e-07 0.15915234905071862 0.014795722479864826 59.67486089020284 45.0 -18.99358111054027 1.391440569857533 57297.03 57386.049 24 42 "Minimization exited successfully."
01331993 64 0.7196 57327.602271162614 4.620055288945269e-06 0.772269070499743 -0.08277221423841422 0.0 0.556951739359647 2.000787374556447e-07 0.426041384270202 0.03400047286091018 59.45388829953481 46.0 -19.415639749076664 0.9180925597486755 57291.17 57408.04 25 39 "Minimization exited successfully."
01332059 71 0.5788 57324.56181352992 9.015843452134243e-06 0.14236101529752343 -0.18825806899700753 0.0 0.5591171120468061 4.770614216262349e-07 0.5076293418521602 0.02772044434533945 35.83272066273195 48.0 -19.56424014195821 1.0358318254361514 57288.199 57403.103 29 42 "Minimization exited successfully."
01332413 69 0.6087 57325.451420072604 8.4855933233291e-06 1.2854980906139373 -0.143826294091111 0.0 0.5947838468928239 4.090034659634534e-07 0.5090346606575102 0.02943951325951749 48.27201505690263 48.0 -19.631857121259323 0.832917029079983 57297.151 57403.064 24 45 "Minimization exited successfully."
01333246 56 0.4379 57325.514702908236 1.02132176316605e-05 1.7631990944705507 0.17977029946267742 0.0 1.0463424858971848 1.0368680113823078e-06 1.0065293307053764 0.07923288283235433 16.258690678630817 36.0 -18.971836387632216 0.7444379719175771 57299.22 57403.103 22 34 "Minimization exited successfully."
01333438 53 0.3995 57327.11684061544 1.2669128058398484e-05 0.43685156887285226 0.10943061559523026 0.0 0.002116754538292298 5.94977097162497e-07 0.40943866920307914 0.04260223385929013 39.48764995754489 40.0 -18.966539084655583 0.9684785934497491 57297.346 57406.124 15 38 "Covariance may not be accurate."
01334084 37 0.1335 57336.4900676469 0.00012261391691829882 -0.8100347181896468 0.128634861799576 0.0 0.3948424661211902 7.657173792040287e-06 0.32815287068588284 0.041060458312373316 25.83265215391713 21.0 -18.734095306755528 1.205068905561859 57315.206 57396.104 11 26 "Minimization exited successfully."
01334087 27 0.2663 57339.78706762302 5.342661724757614e-05 0.24660869078113468 -0.003178484061865827 0.0 0.00042142722668359056 1.3941642830694892e-06 0.2916399665017162 0.032736493384946 18.87564170649751 11.0 -19.50280148608712 1.0077909090142292 57311.299 57403.103 12 15 "Minimization exited successfully."
01334302 64 0.4549 57330.83872238809 1.2953171646562513e-05 -1.0231006588661826 -0.021628553630204883 0.0 0.7360264941344212 5.365785204353157e-07 0.6074745814305094 0.03594069213995854 22.498198134068414 41.0 -19.324533369862813 1.2619202629857327 57301.033 57407.048 26 38 "Minimization exited successfully."
01334423 56 0.3577 57335.79994273248 1.9535675179141456e-05 0.9592336385464932 0.03981501815357075 0.0 0.4446597311871301 6.562329955467336e-07 0.47749471051256176 0.0210079994938564 22.908329056982215 38.0 -19.153792082791227 0.881486895533758 57312.138 57408.057 20 36 "Minimization exited successfully."
01334448 64 0.5167 57331.014162842584 9.062083368896468e-06 -2.2686865822844005 -0.1142971213631222 0.0 0.8973660073897918 6.847574166746197e-07 0.6176983932672648 0.05518397023287201 43.801917413444926 44.0 -19.26893625199149 1.5859896762035177 57301.278 57402.056 28 36 "Minimization exited successfully."
01334470 60 0.5188 57333.78343531181 9.963328302581287e-06 1.2468179783829907 0.06300299045174718 0.0 0.7611249525689345 4.872453063423097e-07 0.6401119455255841 0.03802295786017498 49.4956884391156 41.0 -19.384357992185407 0.8326285990714979 57305.279 57402.056 24 36 "Minimization exited successfully."
01334597 48 0.289 57343.59321140229 4.341732809592658e-05 0.5507342024103989 -0.03105338620378767 0.0 0.0001631050145078916 3.3608770687726115e-07 0.06751115657295559 0.006324080247377406 41.1384682199578 33.0 -19.481890052387584 0.9546675721992095 57315.219 57408.043 18 30 "Minimization exited successfully."
01334620 58 0.1961 57334.863678953276 4.077017256032267e-05 -0.504191180256853 0.2465050880595933 0.0 0.27807053152719163 1.114111785470437e-06 0.3069235370615837 0.0230494553490162 38.18544345531343 39.0 -18.46077407342331 1.1350337599581977 57311.28 57403.064 20 38 "Minimization exited successfully."
01334644 56 0.2881 57332.439712561776 3.168390001540566e-05 -1.6689712028134913 -0.02601824694061089 0.0 0.2898649258786463 6.015828665245664e-07 0.221641751518048 0.019302608153871553 25.49320122946333 38.0 -19.130718141199985 1.4141061523589187 57311.28 57403.064 20 36 "Minimization exited successfully."
01334645 54 0.2312 57335.47204186056 5.805963569509298e-05 -0.8136118445777814 -0.004443568981548129 0.0 0.13868145225933404 7.855885317570304e-07 0.152794993769217 0.011401051808302809 35.88386477692524 36.0 -19.243100732874513 1.2153402451999789 57311.28 57403.064 19 35 "Minimization exited successfully."
01334707 63 0.6488 57339.65561799403 7.570417683538944e-06 0.5872740019046829 -0.14365123724814644 0.0 0.29094734467798844 1.6208721094756992e-07 0.217009901392333 0.012081046749916183 37.6065778399879 43.0 -19.67647354838258 0.9528919316264535 57304.307 57426.118 21 42 "Minimization exited successfully."
01334879 61 0.6393 57336.226527382074 4.911258391721018e-06 -0.35925035670562 0.12945077066994837 0.0 0.38203490426167264 1.2944501078943046e-07 0.2615330200573136 0.0427134656703505 27.10720940900709 40.0 -19.166776736922582 1.1142879432346824 57302.241 57426.118 20 41 "Minimization exited successfully."
