analysis_pipeline/fit_results/des_4_salt2_2.4_all.ecsv
# %ECSV 0.9
# ---
# datatype:
# - name: obj_id
#   datatype: string
# - name: num_points
#   datatype: int64
# - name: z
#   datatype: float64
# - name: t0
#   datatype: float64
# - name: x0
#   datatype: float64
# - name: x1
#   datatype: float64
# - name: c
#   datatype: float64
# - name: z_err
#   datatype: float64
# - name: t0_err
#   datatype: float64
# - name: x0_err
#   datatype: float64
# - name: x1_err
#   datatype: float64
# - name: c_err
#   datatype: float64
# - name: chi
#   datatype: float64
# - name: dof
#   datatype: float64
# - name: b_max
#   datatype: float64
# - name: delta_15
#   datatype: float64
# - name: tmin
#   datatype: float64
# - name: tmax
#   datatype: float64
# - name: pre_max
#   datatype: int64
# - name: post_max
#   datatype: int64
# - name: message
#   datatype: string
# schema: astropy-2.0
obj_id num_points z t0 x0 x1 c z_err t0_err x0_err x1_err c_err chi dof b_max delta_15 tmin tmax pre_max post_max message
[from data line 104]
01312274 62 0.438 56976.94404617896 1.270162032875888e-05 -1.2983933286736904 -0.04743466568809396 0.0 0.6105051564336463 4.546093493651421e-07 0.47862778320731525 0.030997987888732065 36.59593908949909 44.0 -19.20503072656809 1.32640333245471 56956.141 57052.1 12 50 "Minimization exited successfully."
01313594 54 0.2883 57002.35137756532 4.632674361358946e-05 0.5283644437622854 -0.09232812172892521 0.0 0.1770742424087075 5.957165819595045e-07 0.14397958720300474 0.011740774233559237 26.94820505850506 36.0 -19.54658540827116 0.9612164824307143 56973.035 57051.058 19 35 "Minimization exited successfully."
01314897 54 0.3369 57301.46996020727 2.8271758583617303e-05 0.8835335735338914 0.022392753903786256 0.0 0.38772662849441986 8.993958192385351e-07 0.3488700931736788 0.024681542334033385 32.36690841929334 35.0 -19.40271931098842 0.89496670686027 57273.337 57373.072 17 37 "Minimization exited successfully."
01315192 38 0.2254 57008.764690595184 5.4842223939086114e-05 1.03782612697428 0.12434113729437346 0.0 0.1807992050089524 1.5744943595172325e-06 0.22494543352902818 0.018912286676114082 28.2640981641033 24.0 -19.121021680631628 0.8651545522097273 56987.193 57052.1 13 25 "Minimization exited successfully."
01315259 44 0.228 57004.208637285905 4.718741511272051e-05 -0.5111806331368665 0.06264750337085695 0.0 0.1807485285535222 6.302958397957921e-07 0.14935955858105743 0.012063683997071861 19.843825094545714 27.0 -18.984158086120075 1.148479878175614 56980.181 57049.073 16 28 "Minimization exited successfully."
01315296 53 0.4126 57005.37074817667 1.0652670022487376e-05 1.8581924209689937 0.020951678557017406 0.0 0.7436135710777307 5.104392912375078e-07 1.0201218533713643 0.03984962647109919 28.4822812937407 35.0 -18.862245831846067 0.7333102402928233 56973.183 57049.072 23 30 "Minimization exited successfully."
01316385 32 0.1478 57019.24031206709 0.0001931551639375445 1.4554081198912199 0.016131822972895282 0.0 0.17118126706554904 4.291046494314668e-06 0.1822732157216178 0.016257491854875544 51.5689511968586 15.0 -19.46930702896614 0.7997087382233268 57001.175 57067.046 13 19 "Minimization exited successfully."
01316431 39 0.1981 57018.886876633325 9.788459270271833e-05 1.246378196725308 -0.03334579569546425 0.0 0.07307305446011014 7.736199150953929e-07 0.08704050287598264 0.0065478339344302305 58.85963662768724 26.0 -19.434414288484486 0.8359150554362209 57001.16 57052.1 16 23 "Minimization exited successfully."
01316437 49 0.482 57010.355405304465 9.026083141039365e-06 -0.3656782516451229 0.19150429850853196 0.0 0.7159222995323944 4.2785605639389447e-07 0.5856337950438733 0.05762534858271126 35.35860047233021 34.0 -19.08526810213316 1.1116613259259687 56980.192 57052.1 19 30 "Minimization exited successfully."
01316465 41 0.3291 57021.440352350364 2.8803558889584083e-05 0.36169334680527454 -0.002487646324915105 0.0 0.08195493082530447 2.5469348967216455e-07 0.08541485092833301 0.0075637674089688856 53.22340941811597 26.0 -19.363154208617374 0.9869871367795255 57001.175 57067.046 16 25 "Minimization exited successfully."
01317164 35 0.1547 57297.426462905496 7.087853758700747e-05 -2.25752132945639 0.12138135010134299 0.0 0.00014312029088614509 1.910987066744421e-06 0.14732180537952777 0.03099357196693961 36.68266021922759 16.0 -18.487827110244744 1.5549887636415995 57276.375 57355.165 8 27 "Minimization exited successfully."
01317277 52 0.2371 57007.335885508684 4.1739809704749445e-05 -1.3974663031948786 0.07334868777933268 0.0 0.29387839328774135 8.661111733226923e-07 0.25792561783855583 0.02035434717432766 34.397928698906874 34.0 -18.94682708085859 1.3391697237836375 56987.071 57052.042 21 31 "Minimization exited successfully."
01317286 54 0.279 57015.33562812236 5.196248754339716e-05 0.737402886927057 -0.06601497050408184 0.0 0.14107862436867435 4.88194607062286e-07 0.13934238193577753 0.008486152164626226 31.651932891544178 36.0 -19.589259910401175 0.9234813444606402 56987.071 57052.042 30 24 "Minimization exited successfully."
01317454 39 0.5688 57015.61624346323 8.0055299255255e-06 -0.3327260255617488 0.03566193056998529 0.0 0.7040637777463417 3.1265049038053904e-07 0.5654889428428282 0.042545142070330416 24.17286009002338 25.0 -19.387278431410955 1.114822067399075 56987.028 57051.043 18 21 "Minimization exited successfully."
01317666 47 0.1414 57301.45384919901 0.00011009032981317002 -0.12633899237335378 0.10739485036229335 0.0 0.08979042819919414 2.2056433213735183e-06 0.08826068951047161 0.013316193733749315 13.992605298201497 30.0 -18.75315776577377 1.0710201795312244 57273.339 57356.106 17 30 "Minimization exited successfully."
01319366 65 0.2361 57304.35362219604 6.979818285459405e-05 1.524832633560811 0.004683363450395439 0.0 0.23065265301556792 8.636172850171029e-07 0.17685788387289092 0.010937601816626868 104.39472061689533 43.0 -19.49647347755876 0.7886226035994177 57276.312 57372.107 30 35 "Minimization exited successfully."
01319821 49 0.3088 57020.506445998115 3.2212417091764815e-05 -0.4607355575468626 -0.0763204982505247 0.0 0.17932915840719943 6.264209650858055e-07 0.2054432535000641 0.015341715347365989 28.38896174692645 32.0 -19.323646474434597 1.1470181629495784 56992.123 57067.103 18 31 "Minimization exited successfully."
01320166 39 0.449 57021.62850331254 1.2274224026284643e-05 0.4861592336853917 -0.07440291082912565 0.0 0.4319456389384868 4.856761252058917e-07 0.49560888629017974 0.02898839263236834 22.50176121890932 26.0 -19.233377890508493 0.9679544999003156 56991.108 57049.049 20 19 "Minimization exited successfully."
01322229 29 0.5261 57033.91920905677 1.0193588217849438e-05 1.0529366757651974 0.03529910313306994 0.0 0.716477087677049 2.613414901458937e-07 0.6446585596927834 0.03770065344984935 12.554039982446998 18.0 -19.445442534088823 0.8658891268701225 57001.05 57052.048 20 9 "Minimization exited successfully."
01322979 35 0.5294 57039.254213261425 1.0391372577511771e-05 0.23949505760841028 -0.07650563682471315 0.0 0.2638286618021084 1.1529228277074084e-07 0.23231176653844332 0.013029868808922665 21.258477158885114 21.0 -19.48220612362613 1.0125741078509414 57008.04 57067.047 20 15 "Minimization exited successfully."
01324542 38 0.5415 57043.4177206861 8.31481299748138e-06 0.3754644275057655 -0.07514196270141751 0.0 0.7852184522562311 3.2646641900113716e-07 0.6307587941030339 0.033637881940046854 36.39315151575866 24.0 -19.29959776370614 0.9878108768873162 57011.085 57067.103 19 19 "Minimization exited successfully."
01325358 32 0.7793 57047.916774120786 4.5913666201741206e-06 -0.06168930388407645 -0.061634943641388884 0.0 0.9316950094835192 1.5778836299912272e-07 0.6370841423211961 0.036892896207903744 23.034700960103912 21.0 -19.62126169401807 1.0680245016427499 57005.241 57066.064 26 6 "Minimization exited successfully."
01327978 54 0.2073 57307.514375507344 6.665950621771721e-05 0.12659567800011073 0.0734681342854433 0.0 0.45561137573895394 2.321934794624615e-06 0.5619398607739932 0.03745781639058249 9.720492306424456 31.0 -19.12698374764992 1.0258767726105695 57283.129 57373.043 28 26 "Minimization exited successfully."
01328066 81 0.4489 57298.107044040444 1.810325323278461e-05 0.5920977665552063 -0.12050985244323137 0.0 0.5625394424787373 8.918438778565692e-07 0.47218388788822474 0.030286146466921154 53.346636428310426 55.0 -19.655235028320973 0.9510976539713276 57273.093 57379.051 23 58 "Minimization exited successfully."
01328105 84 0.4402 57302.604451191626 1.766167273286601e-05 -0.10467186264138206 -0.06125101705504457 0.0 0.6587561247069971 7.375117439950563e-07 0.4737599632154439 0.026550914609711998 53.16469267138684 57.0 -19.576662404684313 1.076202038233891 57273.093 57386.049 26 58 "Minimization exited successfully."
01329166 71 0.7316 57308.09123978264 4.458296754211722e-06 -0.09082922783880631 -0.07319272729378123 0.0 0.5013194038037909 1.5577603872385399e-07 0.32942740613964316 0.025959231042053443 47.83541813138774 50.0 -19.42039117247244 1.074192718773432 57268.251 57402.11 23 48 "Minimization exited successfully."
01329196 82 0.7693 57308.78189214236 4.682688418955472e-06 0.38834899749218543 -0.020129778470437898 0.0 0.4420490631782741 1.1284724208832103e-07 0.2775264979614791 0.027420322463289598 61.61213160471015 58.0 -19.608220540904043 0.9830173213734099 57266.247 57406.112 24 58 "Minimization exited successfully."
01329312 59 0.3444 57309.75528879249 2.099816209932548e-05 -1.43100940049467 -0.05054924703924038 0.0 0.3819726164547319 5.956485884792126e-07 0.3505539926972976 0.023224605137266763 20.942465730155295 40.0 -19.134245799609506 1.358013443470778 57283.189 57389.086 17 42 "Minimization exited successfully."
01329615 66 0.4039 57305.01544460797 1.5268019726813465e-05 -0.4970046842287381 0.0008819801783356285 0.0 0.7446015868117684 6.68130330862272e-07 0.5713745441621816 0.03199798809411519 29.886022495763306 46.0 -19.195996419060588 1.149558045054171 57278.298 57385.114 22 44 "Minimization exited successfully."
01330031 66 0.1041 57315.10715645991 0.0003992023949239615 0.2893021613776292 -0.0843150676542875 0.0 0.050029309601086425 6.192714311174796e-06 0.06397585309648024 0.010857846986085357 1066.3403319044094 35.0 -19.433308231267265 1.0038396991981848 57290.065 57376.047 27 39 "Minimization exited successfully."
01330426 66 0.2595 57316.10359020426 6.724768797528591e-05 1.3645742444094173 -0.09359320138647839 0.0 7.992149767233059e-05 3.227811978701061e-07 0.05930127540257679 0.005105767784363099 272.79020366470434 45.0 -19.689794926138624 0.8181441222078583 57288.21 57387.185 15 51 "Minimization exited successfully."
01330642 68 0.6339 57317.63595329321 8.565347446654049e-06 0.8202189060479985 -0.12709311390905517 0.0 0.3793462943358463 2.3535192222590134e-07 0.31445657091891843 0.017573537168531675 47.739771980850236 47.0 -19.748830649219553 0.9114774507678298 57283.189 57406.1 25 43 "Minimization exited successfully."
01330903 79 0.5638 57305.90919909294 8.003552715157847e-06 -0.09791975003787812 0.07142766138567208 0.0 1.073482046758727 3.9854987017029506e-07 0.7422055090147572 0.06315385298136914 43.34865764526502 54.0 -19.364101936499516 1.0676791370870191 57276.312 57396.103 30 49 "Minimization exited successfully."
01331123 66 0.2291 57318.34044144748 4.712029301626453e-05 -1.589817916461253 0.004165459319417419 0.0 0.14751363492541714 7.879712085365205e-07 0.15913662679176088 0.014794968484930088 59.67484039698297 45.0 -18.993656653094735 1.3915884572722383 57297.03 57386.049 24 42 "Minimization exited successfully."
01331993 64 0.7196 57327.60230190687 4.620204693528418e-06 0.7725271219385412 -0.08274296050102817 0.0 0.5568872015246598 2.0010243490936625e-07 0.4269502776962668 0.034007771498530376 59.45388412183327 46.0 -19.41567485196339 0.9180467583364447 57291.17 57408.04 25 39 "Minimization exited successfully."
01332059 71 0.5788 57324.56481127094 9.016958454721725e-06 0.14342172423752597 -0.18813490533154645 0.0 0.5593537602690049 4.771831263683529e-07 0.507939148321233 0.02772668294419063 35.832663800577066 48.0 -19.564372861018555 1.0356273055100509 57288.199 57403.103 29 42 "Minimization exited successfully."
01332413 69 0.6087 57325.45120544921 8.485721834450288e-06 1.2854691177922017 -0.14381537997282937 0.0 0.5947829493707104 4.090276180437889e-07 0.5090776249672149 0.029440007025094445 48.27201551983928 48.0 -19.631873373836296 0.8329215459144024 57297.151 57403.064 24 45 "Minimization exited successfully."
01333246 56 0.4379 57325.515368167515 1.0213002490383483e-05 1.7636329283329237 0.179715991870751 0.0 1.0464643342638738 1.0369905434112757e-06 1.008884855585964 0.07922181290652514 16.25868830809197 36.0 -18.97181310029646 0.7443688528218964 57299.22 57403.103 22 34 "Minimization exited successfully."
01333438 53 0.3995 57327.117495342405 1.2669377942187144e-05 0.4355679447417291 0.10976142638362818 0.0 0.002145847560313996 5.950691930933786e-07 0.40894996614278356 0.04263982697285629 39.48777914388762 40.0 -18.966563476320754 0.9686891298764628 57297.346 57406.124 15 38 "Covariance may not be accurate."
01334084 37 0.1335 57336.48582486341 0.00012263750618580205 -0.8087354288345661 0.12857088162275576 0.0 0.3948646878852742 7.660781357056447e-06 0.3282191331686969 0.04107153033268021 25.83279039800427 21.0 -18.734303936873637 1.2048024737184164 57315.206 57396.104 11 26 "Minimization exited successfully."
01334087 27 0.2663 57339.78600253198 5.342972418242997e-05 0.24696485787090072 -0.0030661563049687035 0.0 4.5473643695004284e-07 1.6162476165190718e-06 0.31150503771718085 0.036780730169890447 18.867689868173077 11.0 -19.502864904049872 1.0077207980624898 57311.299 57403.103 12 15 "Covariance may not be accurate."
01334302 64 0.4549 57330.839207103825 1.2956513558834426e-05 -1.023465302574615 -0.02116429013754917 0.0 0.7358729274019424 5.365647502350579e-07 0.6073560874912457 0.03595192606806713 22.49814026402991 41.0 -19.32481256492594 1.2619655971377135 57301.033 57407.048 26 38 "Minimization exited successfully."
01334423 56 0.3577 57335.798623707415 1.9543357215157098e-05 0.9535438279139159 0.03967155239594994 0.0 0.44439280365622835 6.558599954895043e-07 0.4768773351398432 0.021003968587032268 22.908189725620613 38.0 -19.154212844710695 0.8824526860150499 57312.138 57408.057 20 36 "Minimization exited successfully."
01334448 64 0.5167 57331.01345955213 9.062235170084755e-06 -2.2696403804094833 -0.11432373643820859 0.0 0.897383528190403 6.847840291965279e-07 0.6177542962324365 0.055185164770115716 43.801918999903656 44.0 -19.268954340814144 1.5862724396124044 57301.278 57402.056 28 36 "Minimization exited successfully."
01334470 60 0.5188 57333.78386705333 9.963806531979037e-06 1.2440634475514134 0.06314020217137317 0.0 0.7609912538719072 4.867209235315247e-07 0.6389683551536611 0.03804531103259737 49.495740785782495 41.0 -19.384408061225457 0.8330798875156198 57305.279 57402.056 24 36 "Minimization exited successfully."
01334597 48 0.289 57343.59323509331 4.342083010401565e-05 0.5503734000811855 -0.031082888323762548 0.0 0.0001351804457954131 3.362448544541576e-07 0.06752096215652137 0.006324515155658766 41.13856643786105 33.0 -19.481977411475302 0.9547323642391703 57315.219 57408.043 18 30 "Minimization exited successfully."
01334620 58 0.1961 57334.86313586872 4.0767178304979e-05 -0.5035415829232068 0.24654300412610558 0.0 0.27810492831486044 1.1140914961377264e-06 0.3069503222134884 0.023050100608690338 38.185453682281974 39.0 -18.4606956963719 1.1349039753251198 57311.28 57403.064 20 38 "Minimization exited successfully."
01334644 56 0.2881 57332.439595857555 3.168448988657424e-05 -1.6689433581097175 -0.0260501590935569 0.0 0.2898757470320561 6.01574810309146e-07 0.22163395794130603 0.019302093913287105 25.493207958154077 38.0 -19.13073842704444 1.4141022276783417 57311.28 57403.064 20 36 "Minimization exited successfully."
01334645 54 0.2312 57335.473126949066 5.8061023435279635e-05 -0.8141384136213938 -0.004439153348580194 0.0 0.1386513541401655 7.85591087944236e-07 0.15278440334313648 0.011401237866570019 35.883857328921614 36.0 -19.243126408956467 1.215451679405998 57311.28 57403.064 19 35 "Minimization exited successfully."
01334707 63 0.6488 57339.656821111734 7.570786918198458e-06 0.586291431264319 -0.14363145357858845 0.0 0.29092213188050664 1.6206566142013e-07 0.21692448972101097 0.012082332619829397 37.60663642925837 43.0 -19.676525396763825 0.9530652093341239 57304.307 57426.118 21 42 "Minimization exited successfully."
01334879 61 0.6393 57336.22398573244 4.912955975544531e-06 -0.3621476211828254 0.12947446962236375 0.0 0.38197737754308037 1.2941496999457885e-07 0.2613287869457088 0.04271325176157845 27.10702997316529 40.0 -19.167150601175365 1.1148496865847797 57302.241 57426.118 20 41 "Minimization exited successfully."
