analysis_pipeline/fit_results/des_4_sn91bg_color_interpolation_blue.ecsv
# %ECSV 0.9
# ---
# datatype:
# - {name: obj_id, datatype: string}
# - {name: num_points, datatype: int64}
# - {name: z, datatype: float64}
# - {name: t0, datatype: float64}
# - {name: x0, datatype: float64}
# - {name: x1, datatype: float64}
# - {name: c, datatype: float64}
# - {name: z_err, datatype: float64}
# - {name: t0_err, datatype: float64}
# - {name: x0_err, datatype: float64}
# - {name: x1_err, datatype: float64}
# - {name: c_err, datatype: float64}
# - {name: chi, datatype: float64}
# - {name: dof, datatype: float64}
# - {name: b_max, datatype: float64}
# - {name: delta_15, datatype: float64}
# - {name: tmin, datatype: float64}
# - {name: tmax, datatype: float64}
# - {name: pre_max, datatype: int64}
# - {name: post_max, datatype: int64}
# - {name: message, datatype: string}
# schema: astropy-2.0
obj_id num_points z t0 x0 x1 c z_err t0_err x0_err x1_err c_err chi dof b_max delta_15 tmin tmax pre_max post_max message
[from data line 52]
01295921 14 0.5239 56915.3798313177 2.2204460492503132e-17 0.8420439729472036 0.23026018683755994 0.0 0.002545691775594605 0.0 0.01059636179650758 0.011063715843684596 82.65067353093923 10.0 -18.412016827816952 1.8794571793659607 56890.39 56990.199 3 11 "Covariance may not be accurate."
01296273 31 0.397 56888.38313455856 3.191891195797325e-16 0.8465082587671401 0.5105698075406071 0.0 0.016956605744780973 0.0 4.909154086352174e-05 8.36321001880247e-05 2380.549481511172 27.0 -20.032313884535043 1.8726811754092552 56903.386 57003.047 0 31 "Covariance may not be accurate."
01296321 13 0.1844 56900.42596612349 6.189493362285248e-16 1.244764967370422 0.48217714529753614 0.0 25.626271689718124 0.030746864731301424 0.34427455435220505 0.706145412466915 622.8075520691506 9.0 -18.901781560316813 1.4601583905912285 56915.267 56990.183 0 13 "Covariance may not be accurate."
01296657 8 0.1462 56922.37001570076 1.0658141036401504e-15 1.0862204178213557 0.4571398106555173 0.0 23.318175177442754 0.030747929180262097 0.3811567616161317 0.6997618024418613 507.0660305998098 4.0 -18.99406520524996 1.585224309192654 56904.221 56973.075 3 5 "Covariance may not be accurate."
01297026 13 0.2585 56928.211353057224 1.304512053934559e-16 1.16693931561522 0.6516833746815139 0.0 0.006283744180109352 1.3877787807814407e-18 0.0025611413269327477 0.006453551679147629 461.58962618523697 9.0 -17.72464702234986 1.5152518016967207 56915.203 57001.06 2 11 "Covariance may not be accurate."
01297465 14 0.2778 56897.258000915695 4.4131365228849973e-16 0.6739276276626722 0.49954350849503487 0.0 24.600626103172544 0.03074746353254504 0.3140583511772848 0.7102787953593934 6520.531653073385 10.0 -19.497946739118305 2.2040441399685804 56912.304 57005.249 0 14 "Covariance may not be accurate."
01298281 15 0.2351 56900.27717873717 6.9111383282916e-16 0.8368806456285718 0.4851364394159871 0.0 24.888584998119768 0.030746424376833323 0.4429043984054049 0.7068624248125591 602.9430514711531 11.0 -19.606452522354527 1.8873876011281396 56915.267 57003.045 0 15 "Covariance may not be accurate."
01298893 4 0.1962 56932.73910502314 2.581268532253489e-16 1.2383487617577331 0.27424418844530224 0.0 29.44852434355198 0.030746230179636475 0.3314483798159084 0.739614486117344 28.378066471387427 0.0 -18.50935653038458 1.4643141494040819 56943.247 56992.064 0 4 "Covariance may not be accurate."
01299643 33 0.38 56897.34890663828 2.7755575615628915e-18 1.1958019361899317 0.09118728158606304 0.0 24.892913014555234 0.030882691940088032 0.31511855995552324 0.527154110076687 3680.199459256771 29.0 -15.60919802408484 1.4934258379526213 56912.346 57018.075 0 33 "Covariance may not be accurate."
01299775 6 0.1598 56913.18179274163 4.329869796038111e-16 1.191873408184828 0.5001291650172444 0.0 1.552183647883794 3.7470027081099023e-17 0.0636972234971771 0.015257952289454563 666.6452222712298 2.0 -18.12660680450023 1.4963033609057739 56927.224 57001.29 0 6 "Covariance may not be accurate. Covariance not positive definite. Covariance forced positive definite."
01299785 33 0.3813 56933.39852709147 1.2212453270876723e-16 0.6500587251297737 0.45653346858553046 0.0 0.10389270736413891 1.3877787807814407e-18 0.000432948478734263 0.0009441524359194431 468.0590136967538 29.0 -19.00491165205042 2.2622070856588934 56920.294 57025.076 4 29 "Covariance may not be accurate."
01300516 17 0.3104 56936.84179095019 1.9151347174783951e-16 0.864266268579823 0.42973129914536345 0.0 29.572386547439237 0.030746230396569 0.4067617324694521 0.692129163826979 1167.8325506728704 13.0 -19.029639620273453 1.8462817384250485 56923.291 57018.088 4 13 "Covariance may not be accurate."
01300912 32 0.3376 56936.83072297597 2.7755575615628915e-18 1.1019879463815587 0.005773274811221807 0.0 31.556843884380214 0.033347729886416495 0.3712310199386199 0.6454736099780498 9875.654423483531 28.0 -15.452681597498039 1.5705821683211667 56920.205 57018.21 8 24 "Covariance may not be accurate."
01301933 16 0.3299 56944.78942671265 2.248201624865942e-16 0.716402766152705 0.5000834735240324 0.0 28.852457049899385 0.03134495957322187 0.44120330907874256 0.7176129977822775 6353.345892021451 12.0 -19.196308927025623 2.107768499807019 56924.193 57025.1 4 12 "Covariance may not be accurate."
01302058 14 0.1984 56920.38997687056 5.107025913275721e-16 1.2469249013970711 0.09719684186586874 0.0 24.154159280395106 0.03074625646741492 0.3502234705100518 0.532048699628887 6919.446221792121 10.0 -19.640178144519613 1.4587560988997268 56935.363 57025.074 0 14 "Covariance may not be accurate."
01302141 22 0.6088 57233.63804713421 1.3877787807814457e-17 1.2499796049139955 0.41531147286603864 0.0 23.936632245407964 0.03169080033331318 0.3704218642284384 0.6947965034658359 172.16617038766188 18.0 -17.952088017135733 1.4568041798151228 57248.408 57365.041 0 22 "Covariance may not be accurate."
01302187 9 0.2195 56910.3530761909 3.58046925441613e-16 0.8836948636092732 0.41846669479453347 0.0 25.012478542605095 0.030746229915318293 0.438339644103844 0.6901345879334211 438.4343282757557 5.0 -18.87264681176163 1.8183367561547783 56932.171 57012.201 0 9 "Covariance may not be accurate."
01302523 28 0.4239 57281.133906347415 4.4408920985006264e-17 0.7507848947367358 0.8023952102710236 0.0 2.9924030292022508 0.0 0.0007676738161793151 0.0019669687913558276 2142.0951688396754 24.0 -17.501601943332858 2.0367813636611665 57265.391 57372.059 3 25 "Covariance may not be accurate."
01302648 13 0.2319 56932.11086134177 2.275957200481571e-16 1.1857370089663646 0.9962202976692253 0.0 0.07211536007889663 2.775557561562906e-18 0.03091818562099269 0.04899499025005921 1393.640201390458 9.0 -17.361790790668984 1.500841431619051 56925.16 57017.076 2 11 "Covariance may not be accurate."
01303004 18 0.2949 56919.40361122113 3.8025138593411614e-16 1.2498016450785432 0.4777382816862438 0.0 24.113059251907544 0.030750870385034344 0.36432001227495686 0.7050978824681309 3833.3041924661516 14.0 -19.538189340315114 1.4569197851815971 56936.363 57033.042 0 18 "Covariance may not be accurate."
01303279 8 0.1724 56951.56273785456 4.468647674116255e-16 1.242958518875768 0.2931266203060961 0.0 29.546991072849778 0.03155414353844532 0.40522290305789127 0.7390669339604551 1151.538451111289 4.0 -18.761800656172607 1.4613215430212279 56943.232 57033.164 1 7 "Covariance may not be accurate."
01303496 10 0.1798 56957.68264359531 3.58046925441613e-16 0.6504788365743792 0.10314485410667695 0.0 29.933787397323613 0.031171278906835798 0.38124273631369543 0.7191827966141715 1399.0191644700433 6.0 -19.005557027744132 2.2611383795111273 56943.18 57032.147 2 8 "Covariance may not be accurate."
01303883 17 0.455 57268.67349507296 2.969846590872294e-16 0.6500226101927487 0.04364749745254132 0.0 28.04869679595504 0.030780640232872837 0.3678095974383287 0.6908526241192923 1879.110082002533 13.0 -21.230122339591432 2.262283546008973 57265.225 57356.122 1 16 "Covariance may not be accurate."
01303952 21 0.455 57262.25628837474 2.7755575615628915e-18 0.6500000000117184 0.002381975669075276 0.0 29.724140882855863 0.030969759404307375 0.3716359935173626 0.6348868822113953 277.30282083298397 17.0 -16.223921999468722 2.262339222170233 57249.283 57373.055 3 18 "Covariance may not be accurate."
01304127 21 0.455 57261.713154508274 8.326672684688675e-18 1.1498392247342386 2.8855488443113586e-07 0.0 29.565115594865347 0.030804025061416815 0.34807507838648516 0.6146985596968162 78.79233808883153 17.0 -17.42048290735474 1.5289860649196214 57249.286 57373.058 3 18 "Covariance may not be accurate."
01304442 2 0.455 56959.40820832333 2.475797344914099e-15 0.7751196613625875 0.5000528353656364 0.0 4.150173947266012 5.467848396278895e-16 0.07796539859493629 0.001507087068051971 16.79120222319256 -2.0 -22.6253682457655 1.990739684871599 56943.355 56990.214 1 1 "Covariance may not be accurate. Covariance not positive definite. Covariance forced positive definite."
01304678 10 0.455 56963.778068103304 4.1910919179599663e-16 0.6542406085082801 0.04992966665655402 0.0 28.86954523200984 0.030749359717089246 0.38916864436094173 0.6950844456529532 13.117333264122369 6.0 -21.59349038065103 2.2517351297792665 56943.232 57033.164 3 7 "Covariance may not be accurate."
01305504 14 0.455 56959.8725263215 1.0824674490095277e-16 0.6535340815271968 0.5001244185813583 0.0 0.5029581980779767 1.387778780781447e-18 0.00467613866878025 0.0005404063980093965 1768.5966385594177 10.0 -19.227004677983242 2.253508777231197 56943.274 57039.041 3 11 "Covariance may not be accurate. Covariance not positive definite. Covariance forced positive definite."
01305626 15 0.455 56934.836879537856 2.914335439641036e-16 1.246826469270762 0.20532241378418864 0.0 26.65893385810341 0.03074623009102773 0.3865393523267103 0.6022193214106202 11085.051766815066 11.0 -20.896736104022004 1.4588234906611746 56949.133 57044.076 0 15 "Covariance may not be accurate."
01306029 38 0.455 57263.286397561955 1.665334536937735e-17 1.1582131068753787 0.16534042951345185 0.0 0.0019579080908442847 0.0 2.437146289502312e-05 0.21808984928818181 1084.9867341874542 34.0 -17.875312009786082 1.5221823353167814 57248.391 57355.214 6 32 "Covariance may not be accurate."
01306073 15 0.455 56935.58189502008 4.218847493575595e-16 0.808684370370376 0.24662593607294137 0.0 0.0014591379840567242 2.7755575615628815e-18 5.151591596674887e-05 0.19923539365780513 1403.1036077382514 11.0 -21.201531572109253 1.9323990480462498 56949.136 57044.076 0 15 "Covariance may not be accurate."
01306141 32 0.455 56958.57562508864 2.7755575615628915e-18 0.7007627614317566 0.022156496295366812 0.0 30.818538664367225 0.033779730943413036 0.46723383037543414 0.6717610623094777 3335.52084303462 28.0 -16.1922108300409 2.1422292853012586 56949.339 57051.149 2 30 "Covariance may not be accurate."
01306360 19 0.455 57234.44050630921 1.249000902703301e-16 0.6809329489779212 0.07142493115228665 0.0 0.004272625097655691 2.775557561562894e-18 0.0006920899476968168 0.21332865980681318 102.28865500666379 15.0 -20.241953409738603 2.1875776689250834 57255.415 57355.242 0 19 "Covariance may not be accurate."
01306390 34 0.455 57267.75513109237 1.665334536937735e-17 0.752606894312295 0.014112310592555022 0.0 29.93722715048716 0.0311787553130043 0.44623373485821755 0.562053450726709 232.02091629963923 30.0 -18.150600978829836 2.0332005500460895 57253.403 57355.228 4 30 "Covariance may not be accurate."
01306537 19 0.455 57250.36302410182 1.1379786002407856e-16 1.220332410960454 0.3660669221667395 0.0 24.58497283158431 0.03074736789618033 0.41686669235854096 0.7334646455428944 384.4920537806756 15.0 -19.570397926901165 1.4762640102109756 57265.368 57372.241 0 19 "Covariance may not be accurate."
01306626 36 0.455 57240.41000048543 1.637578961322106e-16 0.6578073644874065 0.3918857937884653 0.0 27.164144604445028 0.03395253833244189 0.3720344716597796 0.6805411962362657 1903.2647728540362 32.0 -19.91553429870389 2.2429247358780025 57255.413 57355.242 0 36 "Covariance may not be accurate."
01306785 11 0.455 57263.91076251478 0.0 1.1592582521822017 0.5001439700574474 0.0 0.0 0.0 0.0 0.0 105.03031086108146 7.0 inf nan 57248.423 57311.111 4 7 "Hesse Failed. Covariance may not be accurate. Covariance not positive definite."
01306980 22 0.455 57269.6515689647 2.7755575615628915e-18 0.986137773912502 0.06305176351154329 0.0 35.392246093280846 0.0407451819647545 0.42583866912803814 0.7026946005994374 77.7559517836605 18.0 -16.123535394419278 1.6877087605546173 57252.233 57372.036 4 18 "Covariance may not be accurate."
01306991 35 0.455 57251.170697429596 8.326672684688674e-17 1.2246595990409015 0.48499596429251274 0.0 27.004994620761863 0.030799421362417388 0.41435031035911735 0.7137218100741023 213.5399884644966 31.0 -18.978802188729244 1.473355000185375 57265.212 57365.041 0 35 "Covariance may not be accurate."
01307277 36 0.455 57276.18955970343 5.551115123125783e-18 1.0941919019280646 0.47908164759324606 0.0 22.1901107987469 0.03099970119242144 0.377749018852545 0.7083333512410009 374.86324430275897 32.0 -16.052616017308 1.5777769447614425 57256.295 57365.112 4 32 "Covariance may not be accurate."
01307830 31 0.455 57280.18379817836 1.1102230246251566e-17 1.0450925447536885 0.49590168928265566 0.0 20.36378859808974 0.03123624299437553 0.399393868268541 0.7153178176799826 4021.3223635959603 27.0 -16.764770308984495 1.6251784163523268 57257.281 57356.144 5 26 "Covariance may not be accurate."
01308314 37 0.455 56928.17800151251 2.7755575615628915e-18 0.6500000000001648 0.002166883643816564 0.0 24.761842517302284 0.030956445253451044 0.3714772139977133 0.5948626436433009 3557.3614817740936 33.0 -16.224261888920307 2.2623392162256444 56943.18 57051.149 0 37 "Covariance may not be accurate."
01308326 16 0.455 56966.48385208071 3.469446951953614e-16 0.8516318660373133 0.5000648543495856 0.0 0.02030011255919817 9.71445146547011e-18 0.022161606552955737 0.03458714551269934 1263.361138305832 12.0 -20.49171221129032 1.8649724708794118 56956.143 57045.109 3 13 "Covariance may not be accurate. Covariance not positive definite. Covariance forced positive definite."
01308568 19 0.455 57277.11928014675 0.0 0.6500076868685033 0.5001326440594898 0.0 0.0 0.0 0.0 0.0 157.76692355808012 15.0 inf nan 57256.269 57379.063 3 16 "Hesse Failed. Covariance may not be accurate. Covariance not positive definite."
01308582 29 0.455 57250.27536289394 1.4155343563970747e-16 0.6662256684827341 0.42392385114515124 0.0 24.169737430132955 0.030851539156845523 0.4061733723677769 0.6914336208626889 1097.8594874220632 25.0 -19.691855935033963 2.2224290986614648 57265.391 57365.081 0 29 "Covariance may not be accurate."
01308884 10 0.455 57292.250277178806 5.8675286851439525e-15 0.651109636825668 0.24388037370510057 0.0 29.71192810176217 0.03092370927723679 0.35986021959413395 0.6218040307549061 8770.422904125198 6.0 -24.066397126068107 2.259561751533255 57278.247 57345.255 2 8 "Covariance may not be accurate."
01308957 19 0.455 57266.78971913505 0.0 0.8756989963046352 0.5135804522542441 0.0 0.0 0.0 0.0 0.0 181.22735119965287 15.0 inf nan 57253.334 57373.055 3 16 "Hesse Failed. Covariance may not be accurate. Covariance not positive definite."
01309288 6 0.455 56985.089650096816 1.4710455076283324e-15 0.6594708117619804 0.4878689632483229 0.0 27.25705066660521 0.03644748328858194 0.3958169617623575 0.7434854406623236 1.6384586989192866 2.0 -22.089801366668983 2.2388422139947117 56963.244 57061.06 1 5 "Covariance may not be accurate."
01309492 30 0.455 56948.25611590811 4.718447854656915e-16 0.674448802000897 0.43051778420612974 0.0 24.685660501752864 0.030746258822524193 0.4132453827207861 0.6923563237440566 22040.37298941526 26.0 -20.98507307085509 2.202809267244586 56963.265 57066.064 0 30 "Covariance may not be accurate."
01309749 19 0.455 56934.35606306307 1.1102230246251566e-17 1.2477513770959576 0.13860508667833038 0.0 25.70665273483246 0.03186072737496684 0.39807128021737354 0.5623121373943797 736.3446262516914 15.0 -17.489111018085907 1.4582261248442379 56956.156 57067.046 0 19 "Covariance may not be accurate."
01310338 26 0.455 56934.1693690007 8.881784197001253e-17 0.9201732440478072 0.01359650582902755 0.0 23.9644231092243 0.030769117911044384 0.41873968576111364 0.6610241673668679 2219.339562121588 22.0 -19.968926843163135 1.7683685067954862 56949.115 57052.039 0 26 "Covariance may not be accurate."
01310395 18 0.455 56966.20140148551 5.551115123125783e-18 1.2240242599149733 0.13076255017734706 0.0 30.697166747690062 0.033130014365128246 0.44631496654428254 0.7267160159211468 2553.2585646825814 14.0 -16.751887446767682 1.4737708030041823 56956.206 57052.037 2 16 "Covariance may not be accurate."
01312274 32 0.455 56978.954712359264 5.551115123125783e-18 0.6552958941614618 0.10044160193248264 0.0 27.92702331896362 0.03075442345616962 0.34476077174238856 0.7183062851959157 866.3918876771903 28.0 -16.80927775156559 2.2491175471404325 56956.143 57052.1 6 26 "Covariance may not be accurate."
