analysis_pipeline/fit_results/des_5_sn91bg_color_interpolation_red.ecsv
# %ECSV 0.9
# ---
# datatype:
# - name: obj_id
#   datatype: string
# - name: num_points
#   datatype: int64
# - name: z
#   datatype: float64
# - name: t0
#   datatype: float64
# - name: x0
#   datatype: float64
# - name: x1
#   datatype: float64
# - name: c
#   datatype: float64
# - name: z_err
#   datatype: float64
# - name: t0_err
#   datatype: float64
# - name: x0_err
#   datatype: float64
# - name: x1_err
#   datatype: float64
# - name: c_err
#   datatype: float64
# - name: chi
#   datatype: float64
# - name: dof
#   datatype: float64
# - name: b_max
#   datatype: float64
# - name: delta_15
#   datatype: float64
# - name: tmin
#   datatype: float64
# - name: tmax
#   datatype: float64
# - name: pre_max
#   datatype: int64
# - name: post_max
#   datatype: int64
# - name: message
#   datatype: string
# schema: astropy-2.0
obj_id num_points z t0 x0 x1 c z_err t0_err x0_err x1_err c_err chi dof b_max delta_15 tmin tmax pre_max post_max message
[from data line 156]
01335564 14 0.39815629086425197 57379.8480513457 0.0 0.7113559330727335 0.5000347458560903 0.0 0.0 0.0 0.0 0.0 176.76215519273117 9.0 inf nan 57311.287 57427.065 9 5 "Hesse Failed. Covariance may not be accurate. Covariance not positive definite."
01335694 20 0.04365537105517772 57342.54301338653 2.7478019859472625e-16 1.2458412463975534 0.49885102234236695 0.0011974126017175561 0.003999922406364931 0.0 6.805254607833433e-06 6.682730046131402e-05 1789.8515153847986 15.0 -14.646761433506967 1.459465011855471 57325.216 57408.058 8 12 "Covariance may not be accurate."
01335717 25 0.4804364180603893 57342.1574503342 5.551115123125783e-17 1.2033198891371906 0.007554835653650782 0.6425180502329939 64.55036098405981 0.031143223902902945 0.42584357593778077 0.6582861732652283 1945.5834496067948 20.0 -19.60980520541119 1.4880301624616479 57327.096 57406.115 6 19 "Covariance may not be accurate."
01335718 0 nan nan nan nan nan nan nan nan nan nan nan nan nan nan nan nan 0 0 "Empty table passed to fit_lc."
01335868 16 0.39466185412618815 57380.895125657626 2.7755575615628915e-18 0.6500000012824648 0.0017601855932097288 0.6184344812245072 92.25035398680484 0.030954479385144035 0.3714419464609965 0.6321563007219811 316.9456321243716 11.0 -15.857539100104304 2.2623392017139565 57315.236 57425.154 10 6 "Covariance may not be accurate."
01336008 13 0.39816955785659036 57381.36309438405 5.551115123125783e-18 0.9033487120698169 0.000642500363867482 0.61894663161055 69.07410540717683 0.030894135776213874 0.43679258540225135 0.604115744248312 765.3671076583586 8.0 -16.634607906005694 1.7909729026656436 57325.017 57403.052 9 4 "Covariance may not be accurate."
01336009 13 0.39738241589741846 57374.59985425583 2.7755575615628915e-18 0.650000000000004 5.0931253103847496e-08 0.62070733566858 69.39491467045809 0.031130618208904927 0.3735674948176927 0.6148296707447626 468.6072069891523 8.0 -15.877960392474783 2.262339156255493 57325.016 57403.052 9 4 "Covariance may not be accurate."
01336453 20 0.8987316100955223 57340.62367239564 5.273559366969494e-17 1.2451085040050536 0.013097725295878604 0.6028469141078827 57.247929870798544 0.034816910984290406 0.44223009108988015 0.56407927847341 5617.328460744379 15.0 -21.2081571249668 1.45992370433396 57329.173 57403.103 4 16 "Covariance may not be accurate."
01336480 21 0.4785329931389419 57344.654187642685 5.828670879282072e-17 1.0266226506337415 0.49963933859778065 0.6648022638666563 63.73499881738826 0.03369091531716627 0.4396460440745023 0.7379845168813939 385.07307630471865 16.0 -18.687146666668067 1.644013597263033 57325.115 57403.103 5 16 "Covariance may not be accurate."
01336687 22 0.49021575116526833 57376.787830801935 5.551115123125783e-18 0.6500000057210201 0.00038170831171774333 0.6408290882384442 67.42699708326472 0.030832416810241722 0.3699642252318473 0.6066184027857805 5841.21788932717 17.0 -17.173732223907017 2.262339152394386 57327.067 57403.064 14 8 "Covariance may not be accurate."
01337117 12 0.7990257614865202 57361.67726001893 5.551115123125783e-18 0.6500000176345272 0.006808067947029095 0.6446898844346365 64.02510170123787 0.03083497036463793 0.3700631541507641 0.6479567661764294 522.2125737232511 7.0 -18.458019477719567 2.2623393015828945 57329.035 57403.051 6 6 "Covariance may not be accurate."
01337221 0 nan nan nan nan nan nan nan nan nan nan nan nan nan nan nan nan 0 0 "Empty table passed to fit_lc."
01337228 14 0.3950753418801132 57354.71024648274 5.551115123125783e-18 0.6506807555531845 3.1753251202804034e-05 0.6177329792256699 68.1009414334003 0.03085815573569594 0.3615826342828913 0.6125465260802747 87.6652185025381 9.0 -16.61552898332592 2.260627791159422 57325.03 57407.048 5 9 "Covariance may not be accurate."
01337272 12 0.3965390438332291 57382.515305182045 8.326672684688675e-18 0.7574588706711682 0.006972123020698939 0.6182369265110778 85.8434194421061 0.030867071537231776 0.3523137063485164 0.6483305293453501 162.3172953359774 7.0 -17.054268682449777 2.023801732741706 57325.075 57427.057 8 4 "Covariance may not be accurate."
01337325 12 0.3932695354357569 57379.38192118989 5.551115123125783e-18 0.6500000081730398 0.00024750722781141654 0.617369633255058 85.41532057399309 0.03087746030265435 0.37055924052404243 0.608249396235963 194.0672813355128 7.0 -16.603426090203318 2.2623391425180372 57325.075 57427.057 8 4 "Covariance may not be accurate."
01337649 18 0.31158215049763704 57375.68423235831 6.938893903907228e-17 0.6500021900807824 0.140815546995175 0.5892750480250507 61.331752250102 0.030746648175440473 0.3684805268784923 0.563786732587404 4501.034931802672 13.0 -18.50590634014224 2.2623385273516945 57339.167 57408.057 10 8 "Covariance may not be accurate."
01337655 0 nan nan nan nan nan nan nan nan nan nan nan nan nan nan nan nan 0 0 "Empty table passed to fit_lc."
01337687 23 0.5059341259504012 57373.490992436135 8.326672684688674e-17 1.1342843985655187 0.49266067984122364 0.6427041285055326 71.49538311384094 0.030858601175282087 0.3570884272252069 0.7100513478104045 2318.32981973318 18.0 -19.236887565385985 1.542029233624131 57339.3 57425.154 9 14 "Covariance may not be accurate."
01337703 14 0.39793790585663563 57370.29767223457 2.7755575615628915e-18 0.6500000002493878 0.0020450461120253283 0.6318296838703621 85.00140497885877 0.03283343658603865 0.3940069825913719 0.6334617074007071 200.8796490379535 9.0 -15.878323984792107 2.262339212216407 57325.127 57425.154 7 7 "Covariance may not be accurate."
01337838 21 0.4870942105427559 57376.23970769846 2.7755575615628915e-18 0.6500000007744949 0.18316799005226014 0.00010123273605119887 0.015432693231559824 0.0 7.729454687410708e-09 0.2522719230450352 6510.197230443862 16.0 -16.069759991510782 2.262346036494769 57339.153 57427.068 11 10 "Covariance may not be accurate."
01338128 22 0.5035437577773998 57384.71336380921 3.608224830031759e-17 1.2088201857661558 0.0651040283192269 0.6608918962216241 63.94069407150528 0.03235921345398328 0.4453259057742166 0.7037599590091002 1157.3386290450137 17.0 -19.16899978090612 1.4841610282685096 57339.023 57407.048 14 8 "Covariance may not be accurate."
01338170 11 0.39613555239058085 57349.15434955397 2.7755575615628915e-18 0.8902736418266461 0.0007877818375607859 0.6199151793354543 53.89653520138745 0.031079637451715166 0.4406500605613067 0.6265478910941681 295.7124596867925 6.0 -15.868645907425169 1.809062307065794 57339.026 57407.048 2 9 "Covariance may not be accurate."
01338233 13 0.3971856901457924 57382.58311293722 0.0 0.8373408920275596 0.500024756867676 0.0 0.0 0.0 0.0 0.0 47.35963341164325 8.0 inf nan 57319.283 57427.057 9 4 "Hesse Failed. Covariance may not be accurate. Covariance not positive definite."
01338266 0 nan nan nan nan nan nan nan nan nan nan nan nan nan nan nan nan 0 0 "Empty table passed to fit_lc."
01338278 10 0.39723832881990323 57378.892346274624 2.7755575615628915e-18 1.2389066650688152 0.4066529475935599 0.6192048699822333 74.20699699533361 0.03095558794096814 0.33439263415206927 0.6852134612959121 156.84550188308503 5.0 -15.108064143728367 1.4639530234381049 57339.04 57427.057 5 5 "Covariance may not be accurate."
01338387 10 0.5772314767319776 57425.844480593165 0.0 0.7810066573442555 0.9959817294499038 0.0 0.0 0.0 0.0 0.0 478.37111670702257 5.0 inf nan 57329.175 57403.104 10 0 "Hesse Failed. Covariance may not be accurate. Covariance not positive definite."
01338430 9 0.4898096342696006 57423.10890929715 6.893208226443903e-12 0.970072790492017 0.9987039045844094 0.00025250857074393673 0.003321004427562002 2.5514521051484e-12 0.00016443979795616182 0.8505251749151221 367.1742790481605 4.0 -30.454160905698195 1.7061756506236758 57339.124 57403.104 9 0 "Minimization exited successfully."
01338471 12 0.5489692607124631 57420.31464743964 3.337945753134619e-11 0.7222116099185404 0.2539252479457633 0.0007197581211981219 0.008520978222804843 7.446804700661502e-11 0.00033567267494749586 0.6014524569604305 84.9094568287695 7.0 -33.92346831534753 2.095287630719218 57319.139 57403.104 12 0 "Covariance may not be accurate. Covariance not positive definite. Covariance forced positive definite."
01338675 8 0.44361607578437584 57406.83923541562 0.0 1.163178190545168 0.5001896345383475 0.0 0.0 0.0 0.0 0.0 1585.252596463542 3.0 inf nan 57339.073 57402.062 8 0 "Hesse Failed. Covariance may not be accurate. Covariance not positive definite."
01339002 19 0.4809677032196941 57375.55163189693 2.7755575615628915e-18 0.6500000000000016 0.00028633868859018197 0.6415123997498 68.4961725021094 0.03104676671634289 0.3725612039754838 0.6077403393482763 519.7446744029434 14.0 -16.371624555009475 2.2623391641573463 57345.071 57427.068 9 10 "Covariance may not be accurate."
01339149 9 0.46926995785320874 57375.974626843505 5.551115123125783e-18 0.6500000081637486 0.0008610616427798257 0.6370529178941897 68.43616257397298 0.030885020769253972 0.3705905672089342 0.6023860280998361 194.80424920032937 4.0 -17.059164816319708 2.262339159496399 57346.032 57427.065 4 5 "Covariance may not be accurate."
01339392 19 0.4909111916453049 57374.750728277606 1.970645868709653e-16 1.1637465577677353 0.4970308781379738 0.6399576749079705 67.21663663088111 0.030752838894690444 0.4376965254768031 0.7097657895479221 181.07191257467483 14.0 -20.08277724722662 1.5177721316575692 57345.333 57426.147 7 12 "Covariance may not be accurate."
01339450 13 0.37507346934337477 57376.45022633778 5.551115123125783e-18 1.0376638352978453 0.29764558656246254 0.6274776619459034 76.35904962081258 0.03497203744523387 0.47545633842561574 0.6458589708110366 61.08837356594419 8.0 -15.91560526418662 1.632676549759669 57339.288 57426.145 7 6 "Covariance may not be accurate."
01340454 10 0.39650294501140665 57375.42024239001 5.551115123125783e-18 0.6500011054385226 0.011958648944014272 0.6371825663688002 69.5867993649299 0.034651545320832276 0.41542163481239425 0.5664420672318277 613.0871705338521 5.0 -16.60584336596697 2.262336710223277 57345.319 57425.153 4 6 "Covariance may not be accurate."
01341370 8 0.39752416739746155 57374.48393363447 2.7755575615628915e-18 0.6500000599915373 0.27552501580913374 0.6382123664767482 55.318229534437705 0.03501871833425056 0.4201316355618544 0.6363802601975681 442.8475712594198 3.0 -15.348847318502955 2.262350265803331 57347.083 57403.052 4 4 "Covariance may not be accurate."
01341894 14 0.48313118551900314 57387.857585840866 4.4408920985006264e-17 1.2455314307459675 0.21949061275222875 0.648808175418018 55.33471307915897 0.03165843972730026 0.3462233712146971 0.6082522389676192 124.74742442033592 9.0 -18.97790529355091 1.4596580597890707 57365.056 57427.057 6 8 "Covariance may not be accurate."
01342255 12 0.4801681568145917 57424.679911054875 0.0 0.9517155211804293 0.5000155510056644 0.0 0.0 0.0 0.0 0.0 8443.307931628573 7.0 inf nan 57365.112 57403.103 12 0 "Hesse Failed. Covariance may not be accurate. Covariance not positive definite."
01343208 10 0.3961691706043888 57375.98123357157 5.551115123125783e-18 1.2499993771387237 0.048890355024008625 0.6221869498860408 59.53802468779395 0.03136615817651121 0.3761274124525877 0.6944141727886932 645.9978798145282 5.0 -16.542811469999275 1.4567810225580295 57355.251 57426.068 4 6 "Covariance may not be accurate."
01343337 8 0.45550654797271867 57389.91857731407 6.106226635438361e-17 0.6500038516290788 0.49961897535912136 0.6321108633562517 48.629478384784306 0.030862288970883014 0.37099066590410695 0.7117509118217955 30.27154129956886 3.0 -18.609425953238222 2.2623467578796834 57372.229 57426.145 4 4 "Covariance may not be accurate."
01343401 6 0.39894208388948826 57383.087144469006 2.7755575615628915e-18 0.6507407916899338 0.024072459198679397 0.6363318131540093 48.01503259680976 0.03387186682930776 0.39611833706296573 0.5449036655098792 201.0946454418898 1.0 -15.849434670559013 2.2604777157313762 57372.053 57427.057 2 4 "Covariance may not be accurate."
01343533 8 0.5146101165967177 57386.05647401581 0.0 0.6508651281597254 0.5000268863512375 0.0 0.0 0.0 0.0 0.0 63.60017442927095 3.0 inf nan 57365.044 57407.048 5 3 "Hesse Failed. Covariance may not be accurate. Covariance not positive definite."
01343759 8 0.3974265413535422 57389.95128383317 2.7755575615628915e-18 0.6500000000003615 0.008783751787129923 0.6255609836588693 55.35880643688506 0.03177999772617713 0.3813601817021711 0.6521641914029067 2535.392928268434 3.0 -15.864322527457059 2.262339401721139 57365.133 57426.068 4 4 "Covariance may not be accurate."
01343871 7 0.39578625019495645 57375.96143861154 2.7755575615628914e-17 0.650270624867976 0.5001740747470359 0.0004674536885995173 0.025562619714037282 0.0 3.6223873727314615e-05 0.4165828815642979 62.59305045624566 2.0 -17.389206117538382 2.2616757070098075 57355.231 57408.057 3 4 "Covariance may not be accurate. Covariance not positive definite. Covariance forced positive definite."
01344692 7 0.3958684252656572 57421.63065896894 0.0 0.6500143541126958 0.5000209571568869 0.0 0.0 0.0 0.0 0.0 64.02650609104626 2.0 inf nan 57366.061 57427.065 6 1 "Hesse Failed. Covariance may not be accurate. Covariance not positive definite."
01345553 12 0.4908438600997145 57392.54042099038 2.7755575615628915e-18 0.6500000023210597 0.042757733779610285 0.6665041574411972 51.69947877107552 0.033393786860571484 0.4007078320916459 0.5199775671690849 1307.7945958623873 7.0 -16.35557918748419 2.2623404080902176 57372.051 57427.057 6 6 "Covariance may not be accurate."
01345582 7 0.3974284885129611 57390.787867791645 2.7755575615628915e-18 0.6500000000000371 4.116745736715277e-05 0.6202714679142036 55.53261975655914 0.031075847990130207 0.3729102624220034 0.6176146354114508 222.2687429717543 2.0 -15.878193500412912 2.26233915738986 57365.058 57427.057 4 3 "Covariance may not be accurate."
01345594 6 0.3973067916767735 57390.59208404377 2.7755575615628915e-18 0.6500000000004303 1.4528673542013593e-08 0.622742959327919 49.89039043097728 0.03139255916677276 0.3767110956735331 0.614975343923947 60.316653680462764 1.0 -15.877471456207942 2.2623391562534145 57372.053 57427.057 3 3 "Covariance may not be accurate."
01346137 7 0.39704619739614616 57392.17784928865 2.7755575615628915e-18 0.6500000153517955 0.0001949951811165973 0.621344000110254 46.522728064941475 0.031222512696718593 0.37471171353214644 0.6207544241445531 164.17261028942957 2.0 -15.875478635244644 2.2623391230032617 57375.053 57425.153 3 4 "Covariance may not be accurate."
01346387 7 0.524143911565322 57389.679523255036 0.0 0.6500042310959533 0.5000305097415418 0.0 0.0 0.0 0.0 0.0 3485.107987730263 2.0 inf nan 57372.178 57426.068 3 4 "Hesse Failed. Covariance may not be accurate. Covariance not positive definite."
01346956 5 0.4086299654381297 57424.836090159966 3.608224830031759e-17 0.6500000009175521 0.22482381889207154 0.6332874294985172 38.372770993697486 0.0323967216546973 0.38875031091176826 0.6123939370193854 950.6754140788019 0.0 -18.306043124859016 2.262348358767234 57387.186 57426.145 4 1 "Covariance may not be accurate."
01346966 7 0.3971315332091373 57390.118092395554 2.7755575615628915e-18 0.6500000000054919 8.048854353182033e-06 0.6202473577859297 45.582118481815996 0.03108369246092605 0.3730051167137486 0.6161164275911885 411.9966420026928 2.0 -15.876325234286991 2.262339156462346 57376.062 57426.145 3 4 "Covariance may not be accurate."
