analysis_pipeline/fit_results/des_5_sn91bg_salt2_phase_all.ecsv
# %ECSV 0.9
# ---
# datatype:
# - {name: obj_id, datatype: string}
# - {name: num_points, datatype: int64}
# - {name: z, datatype: float64}
# - {name: t0, datatype: float64}
# - {name: x0, datatype: float64}
# - {name: x1, datatype: float64}
# - {name: c, datatype: float64}
# - {name: z_err, datatype: float64}
# - {name: t0_err, datatype: float64}
# - {name: x0_err, datatype: float64}
# - {name: x1_err, datatype: float64}
# - {name: c_err, datatype: float64}
# - {name: chi, datatype: float64}
# - {name: dof, datatype: float64}
# - {name: b_max, datatype: float64}
# - {name: delta_15, datatype: float64}
# - {name: tmin, datatype: float64}
# - {name: tmax, datatype: float64}
# - {name: pre_max, datatype: int64}
# - {name: post_max, datatype: int64}
# - {name: message, datatype: string}
# schema: astropy-2.0
obj_id num_points z t0 x0 x1 c z_err t0_err x0_err x1_err c_err chi dof b_max delta_15 tmin tmax pre_max post_max message
[from data line 98]
01308957 72 0.7709321886143006 57263.248240865156 5.551115123125783e-18 0.6500000000000048 0.0008421369708099813 0.6593814306712955 29.61406366765732 0.031234789721353427 0.37481745694580926 0.6025266294991426 462.8128647198742 55.0 -18.371551469064958 2.260654089384463 57253.33 57373.057 7 65 "Covariance may not be accurate."
01309288 44 0.8977965572735556 56963.90212086492 5.551115123125783e-18 0.6500000001719323 5.818366615228943e-06 0.5671845943093377 27.82452438533437 0.030841755037880128 0.37010539459216246 0.6139084305452249 1340.9060708089896 37.0 -18.781857065261615 2.260654066242626 56961.361 57061.067 6 38 "Covariance may not be accurate."
01309492 61 0.4948808452820917 56953.09455241288 2.664535259100376e-16 0.6500000006141082 0.9369265500300268 0.6640786015805858 21.254104293275304 0.03294931047606204 0.3954006849712588 0.7027060171982558 51463.041945981386 34.0 -19.5915035381867 2.2606693422264463 56963.255 57067.046 0 61 "Covariance may not be accurate."
01309749 70 0.48371900290817244 56934.35393112542 5.551115123125783e-18 1.2246918420577835 0.4691530865468641 0.6625689741441022 26.337871087649546 0.03315631875591492 0.4138785073886691 0.7239100800820388 3968.7943785586594 32.0 -16.235054857641636 1.4729086817745554 56949.35 57067.046 0 70 "Covariance may not be accurate."
01310338 63 0.8879832672323043 56934.650903459835 1.6930901125533639e-16 1.2187039113706786 0.5280199157541117 0.6097171948995617 23.28503552618713 0.03186379957502918 0.31423392189661875 0.703596938161253 4230.334991056888 45.0 -21.43986037943021 1.4769405906783923 56949.112 57052.042 0 63 "Covariance may not be accurate."
01310395 70 0.1983947116678838 56941.62702318273 8.604228440844963e-17 0.6500244115084629 0.48177504828708373 0.5389838066817083 29.271096005533764 0.034310700025968935 0.4098692054813542 0.7347776807910384 7359.868904452526 29.0 -16.937464977211896 2.2606090796695284 56956.203 57052.042 0 70 "Covariance may not be accurate."
01312274 62 0.5069997392175137 56980.5941846313 8.326672684688674e-17 0.6500313264752089 0.4997300024001006 7.846915970927126e-05 27.9526333080903 0.0 1.0012422165806e-06 5.9787199573752003e-05 1525.1743354804337 52.0 -19.225063644596133 2.2605924054022957 56956.141 57052.1 16 46 "Covariance may not be accurate."
01313594 54 0.490889649041181 56958.396279811896 5.551115123125783e-18 0.9970575311821992 0.0009024204049629114 0.6411016262134701 22.98873235794599 0.03084337258066887 0.4363889953412611 0.6020838833833951 12851.30206046483 37.0 -17.176495339773616 1.6748447606040173 56973.035 57051.058 0 54 "Covariance may not be accurate."
01314897 54 0.5926523474339361 57259.91926810775 7.494005416219807e-17 0.6500023334631967 0.24262148221723534 0.6778084042437643 28.93650001725473 0.0323154019746968 0.38832248580777556 0.6211977157722031 3825.3468408259405 34.0 -20.027730229264616 2.260658360720452 57273.337 57373.072 0 54 "Covariance may not be accurate."
01315192 38 0.5662200019080933 56999.389026084355 5.551115123125783e-18 0.8518037390778822 0.00033938999081184473 0.6683558814378407 30.33021665564229 0.03190381030253362 0.4538564011363082 0.6225963314765695 8796.020589592777 33.0 -17.55191849256244 1.8637280954465432 56987.193 57052.1 7 31 "Covariance may not be accurate."
01315259 44 0.610114943596238 56993.01957063786 1.5265566588595902e-16 0.6500000000005596 0.17964597785627484 0.693659739922718 31.302612527368183 0.03336118450621594 0.4003339564178229 0.5878840835207961 15093.084466186061 39.0 -21.02023246036408 2.260660655989007 56980.181 57049.073 10 34 "Covariance may not be accurate."
01315296 53 0.8995352930737748 56995.75963655069 8.326672684688675e-18 1.1865499961362942 0.014386728178974295 0.5464875375318584 28.48124055549124 0.03120132954394112 0.3210099112603611 0.661718546350436 1312.8381734012755 48.0 -19.204408403748353 1.4997521970068703 56973.183 57049.072 15 38 "Covariance may not be accurate."
01316385 32 0.023259335265008473 57017.19777683455 8.271161533457416e-16 0.7199004566031837 0.5002413960146224 0.49887184619386327 32.22757896689291 0.03439926127039049 0.4797497859114232 0.7422769709364213 11912.816869749568 27.0 -14.439666901127659 2.098815486558429 57001.175 57067.046 11 21 "Covariance may not be accurate."
01316431 39 0.5021417393234002 56989.39747081518 2.275957200481571e-16 0.6500000003201656 0.11293022239169392 0.6536648263671532 20.338011625935906 0.03170372851693944 0.3804508999317809 0.5441983125535588 53098.744062510115 34.0 -21.074835534851367 2.260657728596698 57001.16 57052.1 0 39 "Covariance may not be accurate."
01316437 49 0.5617518629980245 56998.36786196826 0.0 0.6506033038643673 0.5001026991338011 0.0 0.0 0.0 0.0 0.0 0.0 -5.0 inf nan 56980.192 57052.1 11 38 "Hesse Failed. Covariance may not be accurate. Covariance not positive definite."
01316465 41 0.17601074292743818 56986.30012617263 1.3600232051658169e-16 0.8547198354636809 0.4997497570803232 0.0035296082624553388 0.0003071189421461895 0.0 5.149622235822715e-05 7.124722785356585e-06 49770.05482127651 25.0 -17.101734958311607 1.8593967995627843 57001.175 57067.046 0 41 "Covariance may not be accurate."
01317164 35 0.39679058372590514 57288.06752372677 1.8041124150158794e-16 0.6500020612270241 0.0006825388155009549 3.465907124203249e-05 0.0014761062811885495 1.3877787807814407e-18 8.729074779667556e-08 0.11139659142063288 3311.752692953436 30.0 -20.405330965287447 2.260648908984148 57276.375 57355.165 4 31 "Covariance may not be accurate."
01317277 52 0.058104764887420224 56999.64134421301 1.7486012637846217e-16 1.0792037265419585 0.4876051459752373 0.45155550545120376 33.33991681929547 0.0386068116685757 0.5051660879171329 0.742195336092789 4804.158864629134 47.0 -14.827150709881977 1.5912566215496682 56987.071 57052.042 13 39 "Covariance may not be accurate."
01317286 54 0.5427460704238224 56999.37785791366 7.771561172376097e-17 0.7068429987032399 0.0037142978436423557 0.7017789870194447 32.567988218208484 0.036298771248869724 0.32244566395592206 0.5884768124433768 25233.569232605012 49.0 -20.300452039780872 2.127210677996395 56987.071 57052.042 14 40 "Covariance may not be accurate."
01317454 39 0.08062967100615781 56996.596580092046 2.7755575615628915e-18 0.7212983904465404 0.4975716035259765 0.032938788718636515 0.025743509886524407 0.0 0.00037906955167660294 0.001057700227963393 1446.7347238514433 30.0 -11.05074145666476 2.095828669809851 56987.028 57051.043 10 29 "Covariance may not be accurate."
01317666 47 0.4885549950519429 57258.3454913726 1.2212453270876723e-16 1.09472701656148 0.09174831415073209 0.639814961530635 24.835976708796807 0.03077835389875628 0.37732627009081415 0.7152902836412387 36891.47645587886 31.0 -20.366463588618135 1.576678898396981 57273.339 57356.106 0 47 "Covariance may not be accurate."
01319366 65 0.5181588801717985 57296.55491500292 2.1649348980190555e-16 1.0566728070938698 0.4041853882152035 0.6457381706450984 29.01204119360773 0.030810827762068976 0.44249053778382325 0.6850075729141022 16363.07488050797 60.0 -20.53304043548684 1.6130366092364348 57276.312 57372.107 18 47 "Covariance may not be accurate."
01319821 49 0.605106144049597 56995.74838576485 1.1102230246251566e-17 0.6500035007533393 0.048023485633630014 0.671374227685146 28.48368793091504 0.0317406427084254 0.38152991853668333 0.6938464581309567 7337.707150517218 44.0 -18.402053192872017 2.2606466755765666 56992.123 57067.103 4 45 "Covariance may not be accurate."
01320166 39 0.4916967389962974 56980.151785675895 2.7755575615628915e-18 0.6500000016436216 0.008066832738793384 0.676077718372774 20.386434787284088 0.03483447980906196 0.4180291031287219 0.5754345908849328 2298.911500239635 34.0 -16.416845528309477 2.260654283763838 56991.108 57049.049 0 39 "Covariance may not be accurate."
01322229 29 0.08115540430450265 57024.6261460706 1.1102230246251566e-17 1.2002324885161841 0.49896335916426554 0.0041006385026830655 0.001994672889850335 0.0 4.680467214435158e-05 0.0001429024727670758 4205.161035778855 16.0 -12.567381110538431 1.489790554822637 57001.05 57052.048 16 13 "Covariance may not be accurate."
01322979 35 0.5878240553789466 57020.294552542924 0.0 1.0411473061418208 0.5013314046865827 0.0 0.0 0.0 0.0 0.0 0.0 -5.0 inf nan 57008.04 57067.047 10 25 "Hesse Failed. Covariance may not be accurate. Covariance not positive definite."
01324542 38 0.6366290312566165 57033.499235607036 5.551115123125783e-18 0.652698273084098 0.6903854509942174 0.002396368940608129 4.498878814421914 0.0 0.0006473299367759644 0.004792345751698457 1342.6017639006875 29.0 -16.533393831033116 2.2539224541279594 57011.085 57067.103 15 23 "Covariance may not be accurate."
01325358 32 0.13992715109064907 57019.55512111867 5.551115123125783e-18 1.1852495839701036 0.0023557524116296635 0.5032772310113983 29.845034547743126 0.031063391003768735 0.4323984732625166 0.5999149244563006 2015.2121116166131 27.0 -14.055208968759821 1.5007205518343412 57005.241 57066.064 12 20 "Covariance may not be accurate."
01327978 54 0.8764617856060839 57303.007568499575 1.1102230246251565e-16 0.7152181504716888 0.019164142744187707 4.387409733519476e-06 0.0004105329353478737 2.775557561562894e-18 5.737060673471905e-06 0.18503264791534277 1750.801348395092 45.0 -21.939142415501433 2.108882907611193 57283.129 57373.043 24 30 "Covariance may not be accurate."
01328066 81 0.8999999999797205 57291.56787031034 2.7755575615628915e-18 1.2495708358025341 0.016644670948875673 0.5570794519415334 29.809195835528953 0.031296494617698324 0.36848674417258903 0.5572716084448088 1548.697664601083 76.0 -18.0093570306665 1.4566488973147678 57273.093 57379.051 19 62 "Covariance may not be accurate."
01328105 84 0.08867905422070577 57298.0680581112 1.1379786002407856e-16 1.1329551234689426 0.8277854122866171 0.4634417635745416 24.506107772027462 0.031179441902133412 0.3573580855972616 0.7341971120408883 1942.650108096696 49.0 -14.676425775669188 1.5426208947900086 57273.093 57386.049 22 62 "Covariance may not be accurate."
01329166 71 0.4883439872704873 57253.263735160115 1.1102230246251566e-17 0.8588867194657868 0.5001198065120775 0.6528358052473615 0.001142433797213016 0.0 0.0008130552736161367 0.0011911981137551486 2207.1287955811117 29.0 -16.938590380481664 1.8532285486005087 57268.251 57402.11 0 71 "Covariance may not be accurate. Covariance not positive definite. Covariance forced positive definite."
01329196 82 0.4853535821388823 57251.266726783324 5.551115123125783e-18 0.9450413263509022 0.0012796728171707294 0.6465972567285271 25.50777422450119 0.031406406733407506 0.43222229961238134 0.6296716452281295 3346.502133148808 28.0 -17.146302265405822 1.7356377253661677 57266.247 57406.112 0 82 "Covariance may not be accurate."
01329312 59 0.5864232454549392 57297.23644088169 2.7755575615628915e-18 1.235296194049842 0.32751876248254563 0.6923971951148592 31.5977346148793 0.03362066136110836 0.44247185258571137 0.6578100734369172 2620.1307363217643 49.0 -16.27380498946605 1.465894419874573 57283.189 57389.086 8 51 "Covariance may not be accurate."
01329615 66 0.5138276380566535 57302.53276651743 8.049116928532386e-17 0.6500314500117199 0.32300871530332725 0.653061977340273 27.35195390121953 0.031440976267007606 0.3753839097462844 0.7374283030633553 1382.7706925675307 54.0 -19.590138032957288 2.260587058359093 57278.298 57385.114 16 50 "Covariance may not be accurate."
01330031 66 0.490521679243457 57275.06507727432 7.799316747991725e-16 0.7084477253815109 0.09469853832644753 9.71345370973098e-06 1.2409291230142117e-06 0.0 3.978927768488738e-06 0.012728230453895206 83312.00943379114 46.0 -22.384705970161686 2.123673363815417 57290.065 57376.047 0 66 "Covariance may not be accurate."
01330426 66 0.37786105508579987 57309.547673018824 2.997602166487923e-16 0.6500008538483831 0.42788354994393385 0.6471233079965751 31.563178492888255 0.03418401001748942 0.41055284572456524 0.7120297771371227 45221.76918635314 53.0 -20.01922690565862 2.260666457444543 57288.21 57387.185 11 55 "Covariance may not be accurate."
01330642 68 0.5024964255269141 57296.959425152694 5.551115123125783e-18 1.174901210939158 3.629939340282773e-05 0.6423655482182182 29.596169227410428 0.03076818550549096 0.33175508599332754 0.6123814465527909 5453.827740792738 47.0 -17.238921125789947 1.5085559238260444 57283.189 57406.1 8 60 "Covariance may not be accurate."
01330903 79 0.43305575890767606 57292.63967437586 1.665334536937735e-17 1.061676485385647 0.009501515873774458 0.6170585904332191 35.65296567639234 0.04409186240571458 0.442818068279291 0.9157910869755702 908.401823462462 54.0 -18.029889943017807 1.608122952506939 57276.312 57396.103 18 61 "Covariance may not be accurate."
01331123 66 0.4918635746056227 57282.03795464591 1.4155343563970747e-16 1.2285781977113575 0.48944094482525485 0.6557506713613324 25.447588183553307 0.03213059362375888 0.3171908246056589 0.7226993615852539 9533.719697402468 42.0 -19.747088522954954 1.470322198090333 57297.03 57386.049 0 66 "Covariance may not be accurate."
01331993 64 0.8999695193470586 57276.192689703406 5.551115123125783e-18 0.8917145880920326 0.5000012041274101 1.7633879489942217e-07 3.2244879548670724e-05 1.3877787807814458e-18 9.963861164030696e-06 0.391071361446067 2153.118950027053 40.0 -17.81023284144421 1.806157990796244 57291.17 57408.04 0 64 "Covariance may not be accurate. Covariance not positive definite. Covariance forced positive definite."
01332059 71 0.5132324666663173 57293.87145245985 2.7755575615628915e-18 0.6500000010444847 0.0020327875635126613 0.645616511105918 28.628275006991316 0.03086564006695967 0.3703770842966557 0.5955072094291627 1111.2097112609813 46.0 -16.53851235974941 2.260654119188885 57288.199 57403.103 7 64 "Covariance may not be accurate."
01332413 69 0.48361727981328745 57282.19959507414 0.0 1.1412570945864033 0.5001549932232134 0.0 0.0 0.0 0.0 0.0 0.0 -5.0 inf nan 57297.151 57403.064 0 69 "Hesse Failed. Covariance may not be accurate. Covariance not positive definite."
01333246 56 0.4962717100805217 57284.226906991076 6.66133814775094e-17 1.2498468419617774 0.500136287633996 0.10858705259643184 0.01220445198850939 2.7755575615628877e-18 0.02568153842316423 0.18370846738263596 419.7664628643314 32.0 -18.925994643265852 1.4564856059625448 57299.22 57403.103 0 56 "Covariance may not be accurate. Covariance not positive definite. Covariance forced positive definite."
01333438 53 0.5143580255741717 57282.355988291405 2.7755575615628915e-18 0.9249457188362009 0.2630230745023566 0.6837983167322463 27.555978466702072 0.034835809174594015 0.436184273688739 0.73970834432948 1002.548035320518 26.0 -16.03768987521085 1.7612675576154189 57297.346 57406.124 0 53 "Covariance may not be accurate."
01334084 37 0.7795785807921868 57300.27112556783 1.7208456881689927e-16 1.1729450239491688 0.0003290527825552392 0.6804295295543428 26.654296824359335 0.03242105536916633 0.4578896672958932 0.6072181894683352 3474.4814635021335 28.0 -22.130643018026824 1.5100624662617932 57315.206 57396.104 0 37 "Covariance may not be accurate."
01334087 27 0.4563630620144726 57316.294728242035 2.7755575615628915e-18 0.6500000000000211 0.0024481212378859585 0.6346439338726406 28.507810184943082 0.030933046361719795 0.37119662123115343 0.5935700610180358 2851.103884216255 16.0 -16.231576207519016 2.2606541331497354 57311.299 57403.103 4 23 "Covariance may not be accurate."
01334302 64 0.1524571684183855 57286.04095325838 1.3877787807814457e-17 0.6694603394702267 0.6231068174672889 0.5127604626937122 27.181060837632685 0.033644446063753906 0.34644965611380696 0.773057519121972 985.2470337392788 28.0 -14.065633153351492 2.2130735916077064 57301.033 57407.048 0 64 "Covariance may not be accurate."
