analysis_pipeline/fit_results/des_5_sn91bg_salt2_phase_blue.ecsv
# %ECSV 0.9
# ---
# datatype:
# - {name: obj_id, datatype: string}
# - {name: num_points, datatype: int64}
# - {name: z, datatype: float64}
# - {name: t0, datatype: float64}
# - {name: x0, datatype: float64}
# - {name: x1, datatype: float64}
# - {name: c, datatype: float64}
# - {name: z_err, datatype: float64}
# - {name: t0_err, datatype: float64}
# - {name: x0_err, datatype: float64}
# - {name: x1_err, datatype: float64}
# - {name: c_err, datatype: float64}
# - {name: chi, datatype: float64}
# - {name: dof, datatype: float64}
# - {name: b_max, datatype: float64}
# - {name: delta_15, datatype: float64}
# - {name: tmin, datatype: float64}
# - {name: tmax, datatype: float64}
# - {name: pre_max, datatype: int64}
# - {name: post_max, datatype: int64}
# - {name: message, datatype: string}
# schema: astropy-2.0
obj_id num_points z t0 x0 x1 c z_err t0_err x0_err x1_err c_err chi dof b_max delta_15 tmin tmax pre_max post_max message
[from data line 193]
01343208 6 0.012316547115925306 57375.04815167298 4.718447854656916e-17 1.2494260652217073 0.4999782093462222 0.10983857852285338 0.0025230233222828247 0.0 4.019143533873226e-06 1.0941497059491212e-05 616.1484406092829 0.0 -9.93196868805989 1.456755105533631 57356.144 57397.09 3 3 "Covariance may not be accurate."
01343337 16 0.4717639547121795 57357.230337156 1.582067810090848e-16 1.0508159502644598 0.3848787468755171 0.6359478728866266 24.36770733090816 0.030746230509087917 0.39570857922362107 0.6782558995409016 1662.8503069943101 11.0 -19.985960416302074 1.6188242704536897 57372.226 57426.147 0 16 "Covariance may not be accurate."
01343401 12 0.48858162969290236 57381.51122594706 3.33066907387547e-17 0.6571657229149763 0.0036580506658614453 0.6398703674984393 29.25308757152743 0.03078231184878494 0.39521298408963773 0.5886835541769329 1346.1359872510684 7.0 -19.105211712922888 2.2428430195442814 57372.048 57427.054 4 8 "Covariance may not be accurate."
01343533 16 0.48758378936382923 57353.02339743621 6.938893903907228e-17 0.6500000000290674 0.1306983748586813 0.639288428156467 20.511423930503952 0.030752075222649493 0.36902670848932095 0.72670118948951 252.39300386619135 11.0 -19.67430694418865 2.260658440464457 57365.039 57407.046 0 16 "Covariance may not be accurate."
01343759 7 0.47630127941033634 57373.2570188237 5.551115123125783e-18 1.1816566479185537 0.012910975794367008 0.6369377442421216 29.031010179656732 0.030748584411690302 0.4334802774699314 0.5644599523391685 3588.4535350639676 2.0 -17.078715029164968 1.5034156367649345 57365.223 57425.071 2 5 "Covariance may not be accurate."
01343871 7 0.4949444751229338 57340.22606267929 2.7755575615628915e-18 1.1133497162469363 5.490355874865349e-05 0.6429470622960467 24.888834924477123 0.03092589334738011 0.3682888899325321 0.6117945768676503 308.26424393333383 2.0 -16.446739079080487 1.5597393156418242 57355.228 57408.055 0 7 "Covariance may not be accurate."
01344692 14 0.5001962988326184 57376.056819977486 5.551115123125783e-18 1.095893943989342 0.023600870019593212 0.6436692390035381 29.40436048189804 0.030901802949290205 0.4457617793337073 0.5456314308387422 226.25465010688333 9.0 -17.18916023082862 1.5755978044797594 57366.056 57427.068 4 10 "Covariance may not be accurate."
01345553 6 0.17835623827298372 57381.40280171328 1.249000902703301e-16 0.8556420582881518 0.4950163622835144 0.5280643950485715 29.214054521635262 0.03074623064185006 0.4415218896322567 0.7092119678376122 1657.6820703303974 1.0 -17.05276755558221 1.858027332928529 57372.048 57427.052 2 4 "Covariance may not be accurate."
01345582 7 0.48230058454088914 57378.87596682741 5.551115123125783e-18 0.6500010962180985 0.08388839956842187 0.6512260883713374 30.468843972343166 0.03191436382942284 0.38333483497867227 0.7122794723046234 432.82963989811907 1.0 -16.990976665628992 2.260653904131239 57365.056 57427.054 2 5 "Covariance may not be accurate."
01345594 11 0.48135414752069344 57379.21946683447 2.7755575615628915e-18 0.6500000109708826 0.0021874918109121566 0.6405047581679582 28.986802746421745 0.030954822090665114 0.37149243529615866 0.5947652985187712 391.7763039201298 6.0 -16.37071039698187 2.2606540984836876 57372.048 57427.054 4 7 "Covariance may not be accurate."
01346137 14 0.5137460521582284 57360.0784412966 1.332267629550188e-16 0.867227806404023 0.38373055549004137 0.6528403783576721 25.62847852822233 0.03142407105618219 0.4047299800479317 0.7313255340574495 944.8929782272837 9.0 -20.024224547328394 1.8410178523204905 57375.048 57425.151 0 14 "Covariance may not be accurate."
01346387 13 0.4948862220863555 57378.427893001746 8.326672684688675e-18 0.650021343580486 0.004321332696037183 0.6493995605257482 29.0760034206578 0.031466688337894275 0.37602770652174206 0.58633336150488 10999.335572206905 8.0 -17.632487104973038 2.2606005889167733 57372.136 57426.118 2 11 "Covariance may not be accurate."
01346956 10 0.49327336000431393 57393.04017840224 8.326672684688675e-18 0.650023041880834 0.0017374208080143672 0.6407576330873379 28.623159356229735 0.030779378983082493 0.3677797141525503 0.5970032624678906 3915.5729762138585 5.0 -17.62804855217152 2.2605962537917463 57387.181 57426.147 2 8 "Covariance may not be accurate."
01346966 14 0.5049967440613311 57361.060591539586 2.3037127760972e-16 0.6503920064256806 0.0822483214283547 0.6524194382033791 25.39753242605002 0.0315398699812557 0.38511406464740927 0.7116139844653422 2946.231973146761 9.0 -21.159129560665086 2.2596727715205063 57376.057 57426.147 0 14 "Covariance may not be accurate."
