analysis_pipeline/fit_results/des_5_salt2_2.4_blue.ecsv
# %ECSV 0.9
# ---
# datatype:
# - name: obj_id
#   datatype: string
# - name: num_points
#   datatype: int64
# - name: z
#   datatype: float64
# - name: t0
#   datatype: float64
# - name: x0
#   datatype: float64
# - name: x1
#   datatype: float64
# - name: c
#   datatype: float64
# - name: z_err
#   datatype: float64
# - name: t0_err
#   datatype: float64
# - name: x0_err
#   datatype: float64
# - name: x1_err
#   datatype: float64
# - name: c_err
#   datatype: float64
# - name: chi
#   datatype: float64
# - name: dof
#   datatype: float64
# - name: b_max
#   datatype: float64
# - name: delta_15
#   datatype: float64
# - name: tmin
#   datatype: float64
# - name: tmax
#   datatype: float64
# - name: pre_max
#   datatype: int64
# - name: post_max
#   datatype: int64
# - name: message
#   datatype: string
# schema: astropy-2.0
obj_id num_points z t0 x0 x1 c z_err t0_err x0_err x1_err c_err chi dof b_max delta_15 tmin tmax pre_max post_max message
[from data line 49]
01295027 35 0.5244012239579787 56910.85611295395 1.473973085150404e-05 -0.7184655540646601 -0.028430319959273642 3.464367143157787e-08 0.0006390213347913232 8.4530275613337e-07 0.5740191747940624 0.09008972544850312 15.866350709350936 30.0 -19.836025508557313 1.1969387570844887 56887.27 56992.066 6 29 "Minimization exited successfully."
01295256 16 0.4469055209919787 56927.549126133774 1.0731965370877617e-05 0.7606199183710487 0.28793170791479167 0.03315764142215413 0.7701878412372025 2.8792037875521873e-06 0.7129855603145845 0.5715091105669514 18.307604611213648 11.0 -19.079949214230766 0.904936703428195 56904.3 57012.086 4 12 "Minimization exited successfully."
01295305 15 0.6909245621925835 56916.52961662136 7.2073681271850326e-06 0.22139622284185467 -0.2745035931970217 0.25691908626140403 16.14029218500218 0.030492037007815134 3.693965921179991 0.554757574917136 8.590316142341749 10.0 -19.79296300821332 1.0249909426755366 56890.34 57005.11 3 12 "Covariance may not be accurate."
01295921 14 0.5386160517772112 56910.26803562387 7.583990872808699e-06 1.9042597872290212 0.10343962241397053 0.564854100722362 74.44641901388604 0.03048572904035001 4.779165689791694 0.362930919375816 8.7522308850412 9.0 -19.187699156389463 0.7234893323838776 56890.39 56990.199 2 12 "Covariance may not be accurate."
01296273 31 0.5020512754240156 56927.948584947 2.2188607319634238e-05 -0.06788505670956102 -0.03505517099603961 8.825230520487226e-05 0.001401501169311814 4.818724337288243e-07 0.29655681127542444 0.04009571135808296 37.27672111809874 26.0 -20.166470928296782 1.0677914874412728 56903.386 57003.047 8 23 "Minimization exited successfully."
01296321 13 0.19885159216352083 56930.24053404717 4.732070853801229e-05 0.47859880624743445 0.28057705480425926 8.734403587895567e-07 5.9229412727290764e-05 8.942390823137027e-06 0.3654172887346825 0.5400842678714552 4.943382949047325 8.0 -18.657975897680156 0.9531833724637409 56915.267 56990.183 3 10 "Covariance may not be accurate."
01296657 8 0.09432258270470267 56923.22106586177 0.0001618068443797055 0.4930921715202623 -0.003962655574474561 0.025442445336959947 0.3156000124072307 2.314959006159967e-05 0.914400571719109 0.05628762676728927 0.49131722983406345 3.0 -18.224007801547465 0.9636660828471122 56904.221 56973.075 3 5 "Minimization exited successfully."
01297026 13 0.2858694075833616 56929.15672547336 4.186796339773757e-05 0.017451109285653743 -0.06712332956432965 0.03093260974329895 0.8445011005023844 1.2045243320009392e-05 0.632345726521713 0.39951896691303324 14.345901723051725 8.0 -19.414958243512018 1.0533363352127338 56915.203 57001.06 2 11 "Covariance may not be accurate. Covariance not positive definite. Covariance forced positive definite."
01297465 14 0.26883637653244125 56938.74859956309 2.7764472927288565e-05 1.137457352715062 0.2956861504157153 0.012249997944635882 0.2768772953822918 1.7697536176294871e-06 0.21478147987578988 0.5317271844034781 40.299427140361416 9.0 -18.821230202546037 0.8423125736577219 56912.304 57005.249 5 9 "Minimization exited successfully."
01298281 15 0.2397905925739487 56930.52434962227 4.956172443535689e-05 -1.4102023853881054 -0.29982393529050966 0.03273577479838441 0.4225876212476578 5.2624217909844076e-06 0.44620738614952615 0.5609748144852176 25.06591949792531 10.0 -19.16513085785442 1.3739853487550384 56915.267 57003.045 3 12 "Minimization exited successfully."
01298893 4 0.12569190929498544 56936.53145754136 4.6866352359975495e-05 -2.999989239360261 0.2976265985927415 0.047778944543459864 2.7860080846185156 1.1135860950446665e-05 3.7156344835205357 0.5984005522386397 0.7478037885285151 -1.0 -17.55093506267337 1.7585654789205165 56943.247 56992.064 0 4 "Minimization exited successfully."
01299643 33 0.409535071654581 56941.61005995414 2.4135300854455367e-05 0.6984191387839944 -0.13395233520038538 1.614989946954748e-05 0.0005465298090712167 7.159116007612869e-07 0.24389818902536842 0.03781689879085613 41.71694011300503 28.0 -19.730529591030976 0.9329342053848855 56912.346 57018.075 6 27 "Covariance may not be accurate."
01299775 6 0.2690708459554194 56942.609479623796 0.00010578297265865789 0.3545781490751865 0.03979053386860776 0.049240097000921496 1.0874590044004435 4.012313999190443e-05 0.561051444165235 0.45924464708958534 0.8510077074000144 1.0 -20.270375146426176 0.98630088049768 56927.224 57001.29 1 5 "Covariance may not be accurate. Covariance not positive definite. Covariance forced positive definite."
01299785 33 0.37016855469369414 56943.30364958404 1.7520742843807335e-05 -0.3503415961241938 0.07066329267403859 0.030589705418531343 0.8744736874905357 1.3195090410270126e-06 0.5148286522583889 0.07559010513449674 10.234037339005333 28.0 -19.122231375046006 1.1161559410734299 56920.294 57025.076 7 26 "Minimization exited successfully."
01300516 17 0.33437620692211883 56950.446020827156 3.0218585547078792e-05 1.4930085336951837 -0.29988879217300474 0.04029793368035861 0.7928439295064891 2.5801742356001983e-06 0.5865000293183944 0.591819337358095 7.82951672290534 12.0 -19.46110184339926 0.8026793955185418 56923.291 57018.088 6 11 "Minimization exited successfully."
01300912 32 0.3272094617377784 56946.34807104717 1.9624755968136733e-05 -0.4209338762831658 0.056497481293725005 0.010437819734834819 0.21864962376639596 5.580108276129207e-07 0.15731149258226873 0.025867306942239182 42.47221965494063 27.0 -18.931659775183178 1.130902454191947 56920.205 57018.21 10 22 "Minimization exited successfully."
01301933 16 0.31873051207854175 56953.02953810413 2.773099428217685e-05 -0.26499923014453763 0.17920421557989114 0.012711674518769117 0.4813646696675278 8.921061393483977e-06 0.34994651842751234 0.49958703788217773 14.511831092450628 11.0 -19.242409615329912 1.0931007304023233 56924.193 57025.1 5 11 "Minimization exited successfully."
01302058 14 0.17718750067899397 56959.54176049896 0.000136892939505881 0.7601003901684429 -0.18521641054624552 0.017986288695691355 0.2666490836418234 1.5334073845055253e-05 0.21608803611394478 0.11450753189569171 36.82674433662368 9.0 -19.530083068895923 0.9241063868934987 56935.363 57025.074 4 10 "Covariance may not be accurate. Covariance not positive definite. Covariance forced positive definite."
01302141 22 0.6002472766182169 57282.09721016581 7.802869049075567e-06 -1.0824603552851304 0.10223521948230663 0.12785620594290997 3.8280708370002685 8.035124966278286e-06 1.3512137736551257 0.4921941632565129 15.809204529650739 17.0 -19.50167245797399 1.2653718306077337 57248.408 57365.041 7 15 "Covariance may not be accurate. Covariance not positive definite. Covariance forced positive definite."
01302187 9 0.20717720402817397 56953.144984089755 7.523897615992759e-05 -0.5075706892032539 -0.27641000947401845 0.06545582234030577 1.0974587870950927 3.9146597583381014e-05 1.003660295056206 0.40271755349044797 1.2470954289960385 4.0 -19.260017765741985 1.1685331367061167 56932.171 57012.201 3 6 "Minimization exited successfully."
01302523 28 0.5118092724782398 57289.47454203046 1.4792098062435534e-05 0.06885923034634578 0.07153251583176129 nan 3.039058356080204e-07 3.722987792900704e-07 0.27970561096761615 0.040258941921714225 11.298209687364336 23.0 -19.7769411603961 1.0365832833625035 57265.391 57372.059 6 22 "Covariance may not be accurate."
01302648 13 0.2444116541663301 56948.83767907555 4.222327212995703e-05 -0.9923596948806548 0.2745793112406751 nan nan nan nan nan 10.662658777919525 8.0 -19.038181446397196 1.2322182433470985 56925.16 57017.076 3 10 "Covariance may not be accurate."
01303004 18 0.3030429754828749 56960.941850926516 4.2712674886441485e-05 1.4568403830685819 -0.11731840121877463 2.45335626897214e-07 1.1799394997069612e-05 2.6002072675362933e-06 0.23761153041371008 0.11659696621194296 36.434094051019336 13.0 -19.584643162010952 0.8035122398301482 56936.363 57033.042 5 13 "Covariance may not be accurate."
01303279 8 0.308989082312139 56967.71464585722 0.0001407267632222514 1.182291095701597 0.26799480285891214 3.057573075809783e-06 1.0504663805477321e-06 3.4370134915620584e-05 0.42893728145520993 0.5697932500789756 1.6796460465966347 3.0 -20.9310027580593 0.8360158803780351 56943.232 57033.164 3 5 "Covariance may not be accurate."
01303496 10 0.1250826978524263 56966.13245117622 8.461067334837591e-05 0.16937884740135267 0.10376808187531322 0.028446472700877565 0.4589580836145615 1.8588892601048575e-05 0.48348098645200954 0.18367962020972708 23.775629769854714 5.0 -18.178213116332536 1.016533266595463 56943.18 57032.147 3 7 "Covariance may not be accurate. Covariance not positive definite. Covariance forced positive definite."
01303883 17 0.38179146552964804 57288.5202573856 4.188159297963956e-05 1.5472817161099925 0.29999858010457164 0.020088263960781977 0.42701167541963514 1.303414038565654e-06 0.4108986130854042 0.4159406375207655 28.486356335441258 12.0 -20.153724893577483 0.775745304428213 57265.225 57356.122 4 13 "Minimization exited successfully."
01303952 21 0.40648061683545766 57285.77610510457 1.1644400630883568e-05 -1.8751617533143936 0.017266938121578812 0.012253372134798934 0.522993916489213 8.188659402220967e-06 0.9290919772825057 0.42412426061319897 22.07104449617584 16.0 -18.91758676359644 1.4625272632679938 57249.283 57373.055 6 15 "Covariance may not be accurate. Covariance not positive definite. Covariance forced positive definite."
01304127 21 nan nan nan nan nan nan nan nan nan nan nan nan nan nan nan nan 0 0 "No bands in data overlap the model."
01304442 2 0.1947996204367029 56964.7780230179 7.716015390787923e-05 0.10395647225746885 -0.044107432930327706 0.5947397340139683 9.121566352816444 3.5268029505237936e-05 3.589349914322212 0.4255907956177073 2.2263769701476997e-05 -3.0 -19.13440411467782 1.0359984311458632 56943.355 56990.214 1 1 "Covariance may not be accurate. Covariance not positive definite. Covariance forced positive definite."
01304678 10 0.25432482687038527 56963.87421117384 5.2425151167989625e-05 -1.2161350000059596 -0.021934753143245445 0.05627895253875001 1.065877541062946 3.9350278032865286e-05 0.9988576600777153 0.40436590429488994 2.254764906076014 5.0 -19.36724934471752 1.3053089836324077 56943.232 57033.164 3 7 "Covariance may not be accurate. Covariance not positive definite. Covariance forced positive definite."
01305504 14 0.5205126009978065 56973.39468463112 1.2725267654145611e-05 -0.28618789183207216 -0.29979599152488323 0.0318595035873952 0.5953195354595664 8.277168295711684e-07 0.36052077690729467 0.5623875312385809 3.450386947309381 9.0 -19.66160715024938 1.1245710910960014 56943.274 57039.041 4 10 "Minimization exited successfully."
01305626 15 0.3217984184886702 56975.22528798828 3.0834969752344124e-05 -0.1915708896408752 -0.08971494376057151 0.01673595345561238 0.3512055538049026 3.1265420025891607e-06 0.20710510788530145 0.21084473602224235 16.127122087194245 10.0 -19.380418938658313 1.0944961272558906 56949.133 57044.076 4 11 "Covariance may not be accurate. Covariance not positive definite. Covariance forced positive definite."
01306029 38 0.4974402648761472 57280.34462822207 1.2008354530174126e-05 1.4010405063784326 0.18956801265316325 7.420048063966345e-05 0.002338226568099344 4.840399401906396e-07 0.5524900934025632 0.06362993503501416 41.3714955327586 33.0 -19.478952224464614 0.8030660561261271 57248.391 57355.214 12 26 "Covariance may not be accurate."
01306073 15 0.4418123339867275 56973.76421151261 1.9523974983695625e-05 -0.8393346227357972 -0.29695753085969256 0.08393316248645158 0.8337199716333998 4.715201845265082e-06 0.3061892733467104 0.5132706018069096 0.6033153066204895 10.0 -19.69869900328941 1.240808313276645 56949.136 57044.076 4 11 "Minimization exited successfully."
01306141 32 0.33949966012717797 56977.198782268584 3.249049381215119e-05 -0.019552115503191025 -0.07603624026608716 6.77368229506925e-06 0.0001339763985015452 1.2328163415620277e-06 0.28974472279503427 0.04295463592246976 24.94185316447776 27.0 -19.572736935321423 1.0607814395437316 56949.339 57051.149 8 24 "Covariance may not be accurate."
01306360 19 0.6032870132572242 57283.129943227235 1.1247965386690374e-05 -0.04526916198151287 -0.04354954249184173 0.10599500833870071 3.4437117186535033 1.1696807899685969e-05 1.5074223375228673 0.42799948582379777 5.293771844726695 14.0 -19.91213272910734 1.0639538817515906 57255.415 57355.242 4 15 "Covariance may not be accurate. Covariance not positive definite. Covariance forced positive definite."
01306390 34 0.48511281088424424 57280.99469162792 8.668288520741197e-06 -0.3239336404275317 0.2998183428407844 0.10902758842457264 2.0631436237235903 6.114407713031509e-07 0.91957221045491 0.5201090363753559 4.609434004062107 29.0 -19.061018219995823 1.0968201498637349 57253.403 57355.228 6 28 "Minimization exited successfully."
01306537 19 0.5398796438558854 57288.193033325355 1.3478675996494994e-05 0.907308909183266 0.006234664746283369 0.565037112482769 79.35161107719978 0.0303978815750806 3.7792064214392878 0.4519004812763835 16.240483460987026 14.0 -19.816407023301256 0.8915398933075735 57265.368 57372.241 4 15 "Covariance may not be accurate."
01306626 36 0.4433021569521308 57284.974192667585 1.8340513816786363e-05 0.3802702455209688 -0.0044190832636795685 0.03130740001763216 0.48606959434982855 1.389650644251228e-06 0.43338833011620004 0.0826171410020735 30.723989528762672 31.0 -19.635980398181232 0.9837484195607331 57255.413 57355.242 8 28 "Minimization exited successfully."
01306785 11 0.6693378595779191 57285.55950309211 7.207625835298215e-06 0.40325371188536563 0.2687551492713059 0.16221813876143057 3.663673223247315 5.078934435347182e-06 4.170160460771013 0.5156796005980271 1.6428227347360016 6.0 -19.708802748025235 0.9667888134511351 57248.423 57311.111 6 5 "Minimization exited successfully."
01306980 22 0.5496463156018264 57282.88559843931 7.379100355359159e-06 -2.4627107447676573 0.28291555216409253 0.15601101501996642 3.7636125816097774 4.003766264810971e-06 3.065627621157215 0.538679206691773 11.738958521564545 17.0 -19.211893560394387 1.593521952636582 57252.233 57372.036 6 16 "Minimization exited successfully."
01306991 35 0.37580688922676375 57287.80552655039 1.9321712602668463e-05 -0.15426775248341862 0.0006805117945618555 0.0850524931440382 1.5954878210795869 3.008305472408657e-06 1.0055712133376313 0.15886534338962177 12.538132878479113 30.0 -19.266926545019828 1.082310603238632 57265.212 57365.041 8 27 "Minimization exited successfully."
01307277 36 0.35858940190136396 57283.60673487594 1.0806124489443071e-05 -0.5327949752088772 0.2922535607505075 0.0616124178181571 1.2815141274913913 1.4923184046833349e-06 1.197336456021082 0.5280564007261724 18.74642527126727 31.0 -18.520671994594963 1.1375404952361698 57256.295 57365.112 8 28 "Minimization exited successfully."
01307830 31 0.3394638490177854 57286.14889312656 1.8937200749244432e-05 -1.8452001084019112 -0.06477322657451828 0.016009906580912697 0.2854522255292977 8.688570645717934e-07 0.25207378012640635 0.049170603394999526 24.374270924421538 26.0 -18.9853306663676 1.4631582240114938 57257.281 57356.144 7 24 "Minimization exited successfully."
01308314 37 0.3494710811336427 56976.874964177405 1.7951184348427573e-05 -0.47343685088023246 -0.009690867037304762 0.029424756098499066 0.48564494781021494 1.2224459863860455e-06 0.3252686856492848 0.05276926754648957 30.030175856604984 32.0 -19.00156120804247 1.1454795108562443 56943.18 57051.149 12 25 "Minimization exited successfully."
01308326 16 0.3138622815874222 56976.459786150204 3.5504155571827736e-05 0.26260045573265245 -0.2954274461411594 0.03365961279977081 0.7352523732624832 3.7309908758831314e-06 0.47973757934060157 0.5922311295492648 11.695418764555136 11.0 -19.47478562360724 1.0182220248258496 56956.143 57045.109 4 12 "Minimization exited successfully."
