analysis_pipeline/fit_results/des_5_sn91bg_color_interpolation_red.ecsv
# %ECSV 0.9
# ---
# datatype:
# - {name: obj_id, datatype: string}
# - {name: num_points, datatype: int64}
# - {name: z, datatype: float64}
# - {name: t0, datatype: float64}
# - {name: x0, datatype: float64}
# - {name: x1, datatype: float64}
# - {name: c, datatype: float64}
# - {name: z_err, datatype: float64}
# - {name: t0_err, datatype: float64}
# - {name: x0_err, datatype: float64}
# - {name: x1_err, datatype: float64}
# - {name: c_err, datatype: float64}
# - {name: chi, datatype: float64}
# - {name: dof, datatype: float64}
# - {name: b_max, datatype: float64}
# - {name: delta_15, datatype: float64}
# - {name: tmin, datatype: float64}
# - {name: tmax, datatype: float64}
# - {name: pre_max, datatype: int64}
# - {name: post_max, datatype: int64}
# - {name: message, datatype: string}
# schema: astropy-2.0
obj_id num_points z t0 x0 x1 c z_err t0_err x0_err x1_err c_err chi dof b_max delta_15 tmin tmax pre_max post_max message
[from data line 102]
01310338 19 0.39618849919735905 56934.17331423351 2.7755575615628915e-18 0.6500000003401247 0.00411065330723176 0.6230843161174915 25.85855168728085 0.03148566352509524 0.37782191394319237 0.6408995144797913 679.4691997917663 14.0 -15.863736848244265 2.2623392694898 56949.119 57052.042 0 19 "Covariance may not be accurate."
01310395 35 0.4839187880332734 56981.10689784787 1.3877787807814457e-17 0.6500004332800554 0.0011767335966648695 0.6391070175887372 23.78848239215222 0.030796495608619818 0.36977302703315135 0.6002299261850517 2479.6693451978635 30.0 -18.133595359445113 2.2623380984434966 56956.208 57052.042 8 27 "Covariance may not be accurate."
01312274 14 0.44302314002350796 56945.95750999493 4.163336342344337e-17 0.6500350755764404 0.22688817026857316 0.62944132197399 21.983676578453014 0.030746757135942757 0.36740423630298175 0.6134378654082001 88.72194905383601 9.0 -18.665319020233323 2.2622602241358756 56960.265 57045.113 0 14 "Covariance may not be accurate."
01313594 28 0.485882511567791 56958.06988885653 6.106226635438361e-17 1.0384709662957372 0.010491659879483695 0.6771214557146183 27.811560876158183 0.03551140172089598 0.4043055372761069 0.5696443401767426 3927.6360774382056 23.0 -19.737994164156557 1.6318472479274995 56973.04 57051.058 0 28 "Covariance may not be accurate."
01314897 15 0.39374411897220013 57258.413740273645 2.7755575615628915e-18 1.2341055223397952 0.045598007756937675 0.6298981903905572 26.99215973180253 0.03275777847982936 0.4327364213943886 0.6922143558500873 953.347288557488 10.0 -15.780035516142021 1.4670815126152377 57273.363 57373.072 0 15 "Covariance may not be accurate."
01315192 22 0.6193853617468975 56998.62873175071 9.992007221626409e-17 1.1591810842720414 0.24442276945272956 0.6567781543250311 29.446827500127256 0.030746794815338815 0.3423959483992605 0.7395536700671426 2286.2990236033766 17.0 -20.452465767492658 1.5214084279688436 56987.198 57052.1 3 19 "Covariance may not be accurate."
01315259 24 0.3920272678072141 56989.19400245552 1.2767564783189302e-16 1.2491144322518017 0.948982574018328 0.6159629622128653 29.173063455760712 0.030756924811234227 0.378526579500788 0.5106224422973424 2331.416995849047 19.0 -18.162985514090987 1.4573584739787258 56980.183 57049.073 3 21 "Covariance may not be accurate."
01315296 14 0.39659389898668407 56995.41107624529 5.551115123125783e-18 0.6500005632371048 0.0008152378800786453 0.6187658098534135 28.40418230679279 0.03092642495852384 0.3708697499983792 0.6027291462826359 190.57907349097567 9.0 -16.6241478663567 2.262337761409725 56973.19 57049.072 4 10 "Covariance may not be accurate."
01316385 21 0.45478882713363444 57016.76824588919 4.0245584642661925e-16 1.2365504343004035 0.989593613262582 0.0019229122932425124 0.04424575591474422 1.3877787807814654e-18 0.03275695509430654 0.0012764766527296745 1469.9163051268447 16.0 -19.699001982977563 1.4654890780140555 57001.203 57067.046 6 15 "Covariance may not be accurate."
01316431 19 0.4750008820474696 56988.86853197901 1.9151347174783951e-16 0.650000000095043 0.06400111715761625 0.6591213616929983 20.86973115029832 0.03304578550848052 0.396552971754066 0.7031911747216737 9820.215998910298 14.0 -20.830878465394722 2.2623411024950464 57001.165 57052.1 0 19 "Covariance may not be accurate."
01316437 11 0.39165688559742423 56989.89358548701 0.0 0.6500048189563921 0.5000355384087637 0.0 0.0 0.0 0.0 0.0 192.377362085958 6.0 inf nan 56980.2 57045.113 1 10 "Hesse Failed. Covariance may not be accurate. Covariance not positive definite."
01316465 21 0.48659864625203886 56986.24992087061 8.604228440844963e-17 0.8545261485976106 0.0026278109887798995 0.6540910522700738 26.434945991182758 0.03209556997779174 0.40112571420848897 0.5927811582603008 15525.033172374688 16.0 -20.126688758955922 1.8606375694688637 57001.199 57067.046 0 21 "Covariance may not be accurate."
01317164 21 0.3946937512558611 57290.430302552915 1.0824674490095277e-16 0.656690070689443 0.17637918646377504 0.6263718062424197 30.57618229883883 0.03204791946621316 0.4111339069655732 0.5859762533295401 301.53506958366575 16.0 -19.51732170377836 2.245672035211463 57276.375 57355.165 4 17 "Covariance may not be accurate."
01317277 27 0.5561815575034016 57001.623131434164 3.33066907387547e-17 1.195789518951309 0.6069674855904532 0.000993819718827671 0.07392021387204295 1.387778780781447e-18 0.010110722792202154 0.0005968537069191426 744.1904142621036 22.0 -18.289489875901012 1.4934467808768233 56987.075 57052.042 9 18 "Covariance may not be accurate."
01317286 27 0.4993621592264436 56999.593164875034 2.7755575615628915e-18 1.1364299483831912 0.04814464460391393 0.6476496638490232 29.89450150880657 0.031235714836246743 0.35519675378941645 0.5137909583696393 8720.839310719755 22.0 -16.391441238054114 1.5401901667971138 56987.075 57052.042 7 20 "Covariance may not be accurate."
01317454 10 0.3955331434337767 56994.80179238391 2.7755575615628915e-18 0.6500000000002298 0.001955110596459475 0.6189350959923078 29.114881580742804 0.030983262375758724 0.37179931691542045 0.6330605769207498 364.90282401288874 5.0 -15.86289459905602 2.2623392103476583 56987.035 57051.043 3 7 "Covariance may not be accurate."
01317666 25 0.11114555174860467 57281.45643943981 1.4710455076283326e-16 1.1399421595498476 0.5077294601743444 0.6428797881069755 27.606750074763113 0.03077621554285726 0.4417636314537154 0.7125124138118124 16517.74185346563 20.0 -16.085554615569492 1.5372336098198787 57273.339 57356.034 2 23 "Covariance may not be accurate."
01319366 35 0.4338076049535477 57292.15686286687 8.326672684688674e-17 0.9898945534283206 0.702086465767092 0.0005461869088498883 0.014762505463295383 0.0 0.011824818976410079 0.004304119705117737 3541.3711874926544 30.0 -18.44203515525919 1.6835055301588113 57276.314 57372.107 10 25 "Covariance may not be accurate."
01319821 26 0.6007337201404862 56991.16460990006 5.273559366969494e-17 1.0741114388812445 0.5041003095148167 0.737471300025176 26.66307980599595 0.03964115710909698 0.3618578966875821 0.7486980964322162 2027.94504117558 21.0 -19.16838942486832 1.596727518513564 56992.127 57067.103 0 26 "Covariance may not be accurate."
01320166 9 0.38959189255827625 56977.2614829787 2.7755575615628915e-18 0.6500020174953208 0.005066404760129706 0.6323085446233948 29.86408028353253 0.03383959212534826 0.4066005565182163 0.6436315822919533 424.6963449325958 4.0 -15.819121340954442 2.262334220134914 56991.115 57049.049 0 9 "Covariance may not be accurate."
01322229 7 0.39582183947273597 57025.95987120723 2.7755575615628915e-18 1.241092197168145 0.5000397832421102 0.00011786895397941644 0.0004684255109168589 0.0 1.793506592406846e-05 0.384283742064962 524.5925635025919 2.0 -14.889648740642862 1.4625350498667586 57001.098 57052.048 4 3 "Covariance may not be accurate. Covariance not positive definite. Covariance forced positive definite."
01322979 10 0.3942285041404207 56993.19354111188 5.551115123125783e-18 0.7172397777671052 0.043100959941343275 0.6240944208406917 26.430525380746985 0.031719075092264674 0.32134863021645077 0.5195730464765447 3412.879317716979 5.0 -16.539970432829953 2.1059445341592884 57008.065 57067.047 0 10 "Covariance may not be accurate."
01324542 10 0.39620030403065487 57021.97482886156 2.7755575615628915e-18 0.6500000023372703 0.42673015032055706 0.6186217071384861 29.52222644678477 0.030923086742605133 0.3710929938033437 0.6912558945159866 190.80925326721967 5.0 -15.059629729526243 2.262353903221669 57011.092 57067.103 2 8 "Covariance may not be accurate."
01325358 0 nan nan nan nan nan nan nan nan nan nan nan nan nan nan nan nan 0 0 "Empty table passed to fit_lc."
01327978 32 0.46727193771020514 57296.13814083888 1.1102230246251566e-17 0.8807021472579958 0.50004843917 0.00040966324146679556 0.017413958830729825 1.3877787807814454e-18 0.0002667246547667923 0.7083844252884508 283.03509763392293 27.0 -16.823778381977526 1.8225857697285974 57283.133 57373.043 10 22 "Covariance may not be accurate. Covariance not positive definite. Covariance forced positive definite."
01328066 22 0.3958170973612572 57287.86031817152 2.7755575615628915e-18 0.8427052258008241 0.10837848884278428 0.630239598823054 31.04540131547037 0.03267023829861499 0.4621189109764145 0.5407750895895449 225.6610295115545 17.0 -15.682112299688182 1.8784433895540324 57273.1 57379.051 4 18 "Covariance may not be accurate."
01328105 23 0.39546573239028165 57287.547214860606 2.7755575615628915e-18 1.0018840280706975 0.01529647228416281 0.6305662091497343 31.09054097515036 0.032762870095098116 0.4206088438405435 0.6630453722385029 371.97373644643346 18.0 -15.841177543404552 1.6702692946110176 57273.1 57386.049 4 19 "Covariance may not be accurate."
01329166 0 nan nan nan nan nan nan nan nan nan nan nan nan nan nan nan nan 0 0 "Empty table passed to fit_lc."
01329196 0 nan nan nan nan nan nan nan nan nan nan nan nan nan nan nan nan 0 0 "Empty table passed to fit_lc."
01329312 15 0.399557938717765 57280.411414873044 2.7755575615628915e-18 0.650000077351335 0.34369993395889525 0.5841976005614353 33.69323870351218 0.04453245957502836 0.5344786292984658 0.7357507112447735 285.6549488739737 10.0 -15.244304650316966 2.2623515772349343 57283.215 57387.044 0 15 "Covariance may not be accurate."
01329615 16 0.39646604075302405 57300.82790183204 1.1102230246251566e-17 1.0037909053102307 0.008495874157345484 0.6229604628671805 28.74171044225659 0.03145691494703417 0.4152851857447541 0.6515872802597649 83.84972939135798 11.0 -17.363715400746294 1.6681974600117186 57278.306 57385.114 3 13 "Covariance may not be accurate."
01330031 26 0.5384146148126213 57275.0667021013 1.509903313490213e-15 1.0710477913787997 0.5312066582744649 0.6480825378409547 24.487447223851632 0.030746235349709772 0.4434756766120393 0.7172409487660903 36935.79536582989 21.0 -22.47792959366818 1.5996713120243022 57290.065 57376.044 0 26 "Minimization exited successfully."
01330426 34 0.4750750798804167 57289.4434305849 1.6930901125533639e-16 0.6500004758617831 0.5000824616039445 0.003326567820516213 0.0015341688667831477 0.0 3.765073403050323e-08 2.8356921310257466e-05 13995.243396493635 29.0 -19.825008151890152 2.262355268787374 57288.215 57387.185 2 32 "Covariance may not be accurate."
01330642 17 0.3961146260268239 57296.31144158521 0.0 1.0748650596489346 0.5000274524775195 0.0 0.0 0.0 0.0 0.0 1724.483281226858 12.0 inf nan 57283.215 57402.062 3 14 "Hesse Failed. Covariance may not be accurate. Covariance not positive definite."
01330903 21 0.39689132478468014 57296.30440298508 2.7755575615628915e-18 0.6500001886038802 0.10793294417477672 0.6193764466836578 29.240456609815737 0.030987881855035027 0.3719981424061187 0.5404361738044896 139.18786400758526 16.0 -15.689906447634584 2.2623422122553833 57276.317 57396.103 5 16 "Covariance may not be accurate."
01331123 34 0.43389249661051843 57307.826071624666 8.049116928532386e-17 1.2108469298875602 0.8695737636938006 0.6271659506463803 29.562677760623046 0.030746232541802435 0.3023436808450701 0.7266626725885781 1017.3541425251835 29.0 -18.086503460887567 1.4827621336692687 57297.034 57386.049 6 28 "Covariance may not be accurate."
01331993 0 nan nan nan nan nan nan nan nan nan nan nan nan nan nan nan nan 0 0 "Empty table passed to fit_lc."
01332059 19 0.39633080100336066 57294.38714525193 2.7755575615628915e-18 0.6500000000118993 3.081197373622224e-05 0.6197215241221845 28.83779026241973 0.031049052645079487 0.3725898420305244 0.617252958359229 270.25514194874796 14.0 -15.871104397652122 2.2623391570742832 57288.203 57403.103 2 17 "Covariance may not be accurate."
01332413 17 0.40681137265267564 57282.813544611665 0.0 1.2483904771979764 0.5000305724106014 0.0 0.0 0.0 0.0 0.0 386.0946812584302 12.0 inf nan 57297.151 57403.061 0 17 "Hesse Failed. Covariance may not be accurate. Covariance not positive definite."
01333246 16 0.3953374694399464 57287.63812982546 4.718447854656916e-17 0.6500003042136003 0.1949274551985285 0.629840313802695 20.09035021940872 0.03262614325342203 0.39171048410403814 0.5965516046184336 83.21644194056354 11.0 -18.57998222887437 2.262345888927854 57299.227 57403.103 0 16 "Covariance may not be accurate."
01333438 9 0.1350558666385851 57287.95156842381 6.938893903907228e-17 1.1713342582677693 0.540342920279988 0.5014653040267001 29.22447701281635 0.030757712527930144 0.4360775953172111 0.7191537657646676 11.236297951655628 4.0 -15.673807193187507 1.5118166000670747 57311.292 57406.124 0 9 "Covariance may not be accurate."
01334084 11 0.47826599963204364 57322.97523502546 2.7755575615628914e-16 0.6500000166484715 0.15392220123270917 0.6398112621423152 29.09552339070433 0.030952175037252762 0.37138355560911007 0.7313783922864496 652.8624463464561 6.0 -21.083051433520396 2.262344581803376 57315.21 57396.101 2 9 "Covariance may not be accurate."
01334087 15 0.3955057763872591 57329.21204375213 5.551115123125783e-18 1.249651256000944 0.00021411745802152327 0.6190723014100165 29.62235677546414 0.031000609214084183 0.3657472951974448 0.6087195558463536 476.73890354284725 10.0 -16.618038378394772 1.4570029256344057 57311.299 57403.103 6 9 "Covariance may not be accurate."
01334302 19 0.392374289936784 57286.03300001093 0.0 0.9358218040385191 0.500037547754416 0.0 0.0 0.0 0.0 0.0 242.84032175453893 14.0 inf nan 57301.038 57407.048 0 19 "Hesse Failed. Covariance may not be accurate. Covariance not positive definite."
01334423 14 0.39628689600607125 57310.553628008725 2.7755575615628915e-18 0.6500000001494468 0.025181061765514268 0.6338795867776505 26.707564508327778 0.03346824190904606 0.40162345523598736 0.6750554538344258 546.3609136895193 9.0 -15.830465910585875 2.262339876953174 57312.145 57408.057 0 14 "Covariance may not be accurate."
01334448 16 0.39523650958002976 57317.040048815834 5.551115123125783e-18 1.2094722868697807 0.5000442136317009 0.0005954641282653328 0.020928167959937127 0.0 0.00018873804495067592 0.7486250312316791 36.00833631990773 11.0 -15.638415964204832 1.4837188042315645 57301.286 57402.056 4 12 "Covariance may not be accurate. Covariance not positive definite. Covariance forced positive definite."
01334470 15 0.39505441943314973 57319.514568162274 5.551115123125783e-18 0.9060484622439744 0.00024740719426286084 0.6178582708092013 29.690718498361093 0.030873351471554313 0.4361406404255333 0.6082507564822848 224.8102789441319 10.0 -16.615053445112764 1.7872933241982096 57305.286 57402.056 4 11 "Covariance may not be accurate."
01334597 23 0.5963796781891592 57318.61196712285 2.7755575615628915e-18 0.6500000000366001 0.02082405729119302 0.7223758458317131 29.193493808765197 0.03680055631575476 0.4416090170195053 0.6702172085452669 20925.086090212728 18.0 -16.90358191057785 2.262339748585344 57316.101 57403.073 2 21 "Covariance may not be accurate."
01334620 29 0.49069930555865227 57331.54735248841 1.332267629550188e-16 0.6500102893315887 0.8920743680059888 0.0004587287589165323 0.807997713360237 0.0 8.251531035341486e-06 0.001124868953725211 544.4529792065196 24.0 -18.909621168279045 2.2623298442158024 57311.284 57403.064 10 19 "Covariance may not be accurate."
01334644 27 0.58942109247379 57314.65606414118 5.551115123125783e-18 0.6501302677336158 0.007787862937726542 0.6561523282329692 28.06215162213266 0.030856120484640766 0.36649904026978164 0.6501191924906933 1118.4626331372408 22.0 -17.64610179049944 2.262011623285627 57311.284 57403.064 2 25 "Covariance may not be accurate."
01334645 28 0.5007153849453801 57323.14642365757 4.9960036108132046e-17 1.222423823034159 0.11042744818678807 2.9264275833829068e-05 0.001204715299536474 0.0 8.162639571929198e-06 0.16874278815333577 2111.7031097847457 23.0 -19.42575701228584 1.4748451917693224 57311.284 57403.064 6 22 "Covariance may not be accurate."
01334707 0 nan nan nan nan nan nan nan nan nan nan nan nan nan nan nan nan 0 0 "Empty table passed to fit_lc."
