analysis_pipeline/fit_results/des_5_sn91bg_color_interpolation_red.ecsv
# %ECSV 0.9
# ---
# datatype:
# - name: obj_id
#   datatype: string
# - name: num_points
#   datatype: int64
# - name: z
#   datatype: float64
# - name: t0
#   datatype: float64
# - name: x0
#   datatype: float64
# - name: x1
#   datatype: float64
# - name: c
#   datatype: float64
# - name: z_err
#   datatype: float64
# - name: t0_err
#   datatype: float64
# - name: x0_err
#   datatype: float64
# - name: x1_err
#   datatype: float64
# - name: c_err
#   datatype: float64
# - name: chi
#   datatype: float64
# - name: dof
#   datatype: float64
# - name: b_max
#   datatype: float64
# - name: delta_15
#   datatype: float64
# - name: tmin
#   datatype: float64
# - name: tmax
#   datatype: float64
# - name: pre_max
#   datatype: int64
# - name: post_max
#   datatype: int64
# - name: message
#   datatype: string
# schema: astropy-2.0
obj_id num_points z t0 x0 x1 c z_err t0_err x0_err x1_err c_err chi dof b_max delta_15 tmin tmax pre_max post_max message
[from data line 53]
01296273 16 0.39696288664459656 56933.9573798469 8.326672684688675e-18 1.2480928354270442 1.0711274847086116e-06 0.6222885507101044 78.77030384454338 0.031346994078146256 0.3609804405507508 0.6153598291630165 1011.0161851314733 11.0 -17.068048252457782 1.4580028320215028 56903.391 57003.049 5 11 "Covariance may not be accurate."
01296321 25 0.899844133629614 56927.04793066919 8.049116928532386e-17 1.1184352221930283 0.007527709894033119 2.2791859528525915e-05 0.04868485468978179 0.0 0.006621117253720832 0.003911282612647032 946.3471031183777 20.0 -21.679502828895117 1.555787234164601 56915.269 56990.188 4 21 "Covariance may not be accurate."
01296657 24 0.4938869213787473 56963.840965229225 2.0816681711721685e-16 0.6500000002098972 0.500007007072846 0.012397150500257748 2.4510778417352412 2.636779683484746e-17 0.3157445017772899 0.014286092816513912 4650.313094755183 19.0 -20.150741244844504 2.2623564655291695 56904.225 56987.079 18 6 "Covariance may not be accurate. Covariance not positive definite. Covariance forced positive definite."
01297026 29 0.6430329630842756 56959.26445349684 2.7755575615628915e-18 1.1330056446913708 0.030720557863486375 0.6928687378654562 86.48390224446848 0.03296791326902207 0.4690976045875305 0.5352615539120839 2169.975725392853 24.0 -17.086974725889046 1.543108818974897 56903.36 57001.099 17 12 "Covariance may not be accurate."
01297465 32 0.4919178309697437 56935.609438386484 1.665334536937735e-17 1.2054412336335443 2.0201870508662623e-06 1.2386052156393434e-05 0.0014694925375806633 0.0 4.542669942653177e-06 0.0378036238219677 8393.132814116447 27.0 -18.376182742757855 1.4865296456548975 56912.258 57008.065 9 23 "Covariance may not be accurate."
01298281 29 0.5046799507077919 56940.42453695463 5.828670879282072e-17 0.7076936953763199 0.3172705292638913 0.642489123156988 80.95215625841229 0.03561879474415971 0.31872714741574565 0.8076713048668815 2529.7881044416554 24.0 -19.20274381582162 2.1268084421385005 56915.269 57003.049 8 21 "Covariance may not be accurate."
01298893 15 0.5780728553943014 56943.56329010317 8.881784197001253e-17 0.6502071769553922 0.12737589176488695 0.6532330677272526 64.55734669077356 0.030747492700356628 0.3642416169226311 0.7259179772593272 216.57590107476267 10.0 -20.395593472304313 2.261822271530459 56915.299 56992.068 8 7 "Covariance may not be accurate."
01299643 17 0.3962665177842284 56963.84778439277 0.0 1.1719333087292556 0.5002314701834303 0.0 0.0 0.0 0.0 0.0 1051.3336332121198 12.0 inf nan 56912.35 57018.078 7 10 "Hesse Failed. Covariance may not be accurate. Covariance not positive definite."
01299775 23 0.8614893286173512 56932.55392156307 4.551914400963142e-16 0.688726356113934 0.5000021674680557 6.8621223076048565e-06 0.0016615949825791176 5.551115123125812e-18 5.587951669605573e-06 0.743341648969866 779.530548399161 18.0 -22.477254025052844 2.1695644925380897 56920.298 57004.045 3 20 "Covariance may not be accurate. Covariance not positive definite. Covariance forced positive definite."
01299785 15 0.39662778757052897 56962.591414721675 5.551115123125783e-18 0.6505071743849418 0.000179111510546337 0.6185762714081331 84.6948575032693 0.03090323395311026 0.3633135524266086 0.609253155608104 297.9155793756218 10.0 -16.625369985043086 2.261063837100515 56920.298 57025.079 6 9 "Covariance may not be accurate."
01300516 36 0.3081853818114241 56966.46079529813 4.718447854656916e-17 1.245377606353871 0.6773078367063229 0.5888976011395921 83.20080184331528 0.030937355808772493 0.3899641970892625 0.6568289069653075 1577.2294443775147 31.0 -17.006685936239666 1.4597641350951065 56923.293 57025.093 16 20 "Covariance may not be accurate."
01300912 17 0.39718551062969737 56905.22082501163 2.7755575615628915e-18 0.6510358513960743 0.08887135259848866 0.6381142877074651 80.73344730128883 0.03506711195175413 0.4326043977913882 0.7142213308550531 1934.3685116596273 12.0 -15.726833935850639 2.2597392760695953 56920.245 57019.147 0 17 "Covariance may not be accurate."
01301933 31 0.37953482011169193 56942.81989625422 3.053113317719181e-17 0.7866421986284272 0.000225673009232652 0.6121808252493955 74.50233857805506 0.030747553936069476 0.4434320764652909 0.6085530083186501 10401.716889432068 26.0 -18.36323721775963 1.9700560011308106 56924.209 57025.117 6 25 "Covariance may not be accurate."
01302058 31 0.4753055809602398 56960.106404569895 2.997602166487923e-16 0.7594753656221214 0.5000175631158655 0.001969233037709156 83.80711273702036 2.7755575615628815e-18 0.0027527103732666314 0.00010527067582000171 2928.7281406889974 26.0 -20.446608784150584 2.019951812184477 56935.365 57025.079 7 24 "Covariance may not be accurate. Covariance not positive definite. Covariance forced positive definite."
01302141 24 0.39676357371668297 57282.83104138966 0.0 1.1361474388205646 0.5002355853809207 0.0 0.0 0.0 0.0 0.0 226.93809419803176 19.0 inf nan 57248.411 57365.044 7 17 "Hesse Failed. Covariance may not be accurate. Covariance not positive definite."
01302187 31 0.6007179908796496 56963.343858578264 1.5543122344752193e-16 0.6500427529762878 0.4925885228125457 0.5938106747780654 0.03142112052955781 1.387778780781453e-18 1.8713203346287788e-05 0.0003601805093390309 760.0454463415825 26.0 -20.366546426403843 2.2622485873397125 56925.328 57019.148 12 19 "Covariance may not be accurate."
01302523 15 0.39586966581796207 57323.54706854112 2.7755575615628915e-18 0.6502541911250063 0.17663010743991686 0.6252058038709196 90.82472736509226 0.031803699359280846 0.3760799876293711 0.5861235062549706 1464.922298436195 10.0 -15.546769056636961 2.2617062815690545 57265.24 57366.076 9 6 "Covariance may not be accurate."
01302648 30 0.28859683222451504 56957.33788617946 6.383782391594651e-17 0.6500000258927265 0.3077009810427691 0.7181784600146948 0.040767441591015086 0.0 5.110828488197328e-07 0.0012791500044562198 1203.1766302840356 25.0 -17.887087062691393 2.2623509547266885 56925.162 57017.08 11 19 "Covariance may not be accurate."
01303004 37 0.27197722827708887 56964.086882648015 1.6098233857064772e-16 0.6500000000007227 0.4999204030463128 0.6577265318967611 78.1863076114314 0.03170249726404649 0.38043028434336196 0.7214636244312307 2222.321089351373 32.0 -18.349292558290088 2.262356462792347 56934.371 57033.047 11 26 "Covariance may not be accurate."
01303279 26 0.42814398289492495 56998.473485692404 2.1371793224034264e-16 0.6500000001955142 0.5000148477665379 0.06470979000985108 1.225651943066623 2.3592239273284567e-17 0.4754774296337089 0.021492445761075618 2285.0574604453495 21.0 -19.808152919201582 2.262356465590912 56943.237 57033.169 16 10 "Covariance may not be accurate. Covariance not positive definite. Covariance forced positive definite."
01303496 22 0.4828104477682277 56964.75540542398 2.220446049250313e-16 1.183882386791122 0.5036805076235634 0.0005853232626894245 0.4112198221773724 0.0 0.00020243247677043108 0.0005981523386150989 392.470271422987 17.0 -20.155817340729083 1.5022331630734946 56943.182 57032.15 7 15 "Covariance may not be accurate."
01303883 38 0.4930930892230411 57286.73887756195 5.551115123125783e-18 1.1845784956377443 0.19400475787371668 0.6478755593062102 70.69704637546602 0.0313676499173433 0.3217304450394503 0.5960398385343194 2477.043978399863 33.0 -16.830790892681392 1.5017032898478782 57265.227 57356.127 7 31 "Covariance may not be accurate."
01303952 21 0.44241330528618006 57287.932908290895 0.0 0.8594558039889637 0.5000396018925567 0.0 0.0 0.0 0.0 0.0 134.718759158555 16.0 inf nan 57249.286 57373.057 6 15 "Hesse Failed. Covariance may not be accurate. Covariance not positive definite."
01304127 0 nan nan nan nan nan nan nan nan nan nan nan nan nan nan nan nan 0 0 "Empty table passed to fit_lc."
01304442 9 0.4155488802581193 56928.49272128669 3.302913498259841e-16 0.6500000000928231 0.49985607436644797 3.075327987875354e-05 0.48519115657472867 1.3877787807814407e-18 7.098673315830695e-10 3.432373624356888e-05 1166.3484549565278 4.0 -20.20409559924925 2.2623564599426125 56943.114 57012.24 0 9 "Covariance may not be accurate."
01304678 29 0.4718647541397483 56961.613233429 9.992007221626409e-17 0.6561901726399842 0.06234185226138944 0.6635981987945296 69.08553696412491 0.033846374122172736 0.43295642682547847 0.5011281539365069 114.7488109885425 24.0 -20.110140197737717 2.24690255056392 56949.328 57033.168 6 23 "Covariance may not be accurate."
01305504 16 0.3975221329329128 56975.57200590552 2.7755575615628915e-18 1.0985298485230315 0.4954569645505071 0.6229199196201956 83.909775397864 0.03140705720294765 0.37572926888950736 0.7171164935164174 1748.8654920723588 11.0 -14.911892232782002 1.5737685984410703 56943.3 57052.047 6 10 "Covariance may not be accurate."
01305626 26 0.5495253194476308 57010.0267697791 0.0 0.6500028807179503 0.5001274119923286 0.0 0.0 0.0 0.0 0.0 13207.49323212399 21.0 inf nan 56949.15 57045.061 17 9 "Hesse Failed. Covariance may not be accurate. Covariance not positive definite."
01306029 20 0.3959397389171815 57294.25386245765 2.7755575615628915e-18 0.6500000000000001 0.0018269012263374407 0.6200093520424741 87.0625673830873 0.031098347522139247 0.37318020914700467 0.6324714872198862 341.0440622688286 15.0 -15.865736003126965 2.2623392067915056 57248.395 57355.217 9 11 "Covariance may not be accurate."
01306073 27 0.8999999999999998 56997.023832763974 2.7755575615628915e-18 0.6500000000001599 0.007993298794513604 0.5487870278454015 82.92606502487615 0.030830731499575305 0.36996891069704413 0.6505527266788984 2168.6602645795556 22.0 -18.02323207779363 2.2623393793727544 56949.15 57045.061 14 13 "Covariance may not be accurate."
01306141 16 0.3968782393250384 56998.751891251326 2.7755575615628915e-18 0.6500000000469809 0.037670564772821935 0.6295306767496666 86.78384562085557 0.032461096145745875 0.3895356541938832 0.5261587295771046 749.9034892211233 11.0 -15.813685316503971 2.262340255529182 56949.344 57051.151 7 9 "Covariance may not be accurate."
01306360 21 0.1966656023267246 57282.449416425356 2.7755575615628914e-17 0.6508714988853534 0.6274394321361945 0.6568262439867028 83.09440361065936 0.03149439201944768 0.36768694025105336 0.7451202578309819 66.33012036004807 16.0 -15.421759398671682 2.26016665201681 57250.337 57355.245 5 16 "Covariance may not be accurate."
01306390 17 0.39360730521604165 57279.39391062378 5.551115123125783e-18 1.2491122954396257 0.0007283061883772146 0.6177917845313792 77.98883735558047 0.030915350000260598 0.36097303280689713 0.6034069102346747 53.89638043507869 12.0 -16.604872432776034 1.4573485198518092 57253.408 57355.23 3 14 "Covariance may not be accurate."
01306537 20 0.39533552286085294 57317.30040056636 2.7755575615628915e-18 0.6500000001769175 0.0810451308320651 0.628375930270107 90.33327553296476 0.03235168731087614 0.3882249574498459 0.5185241755906915 412.468396441867 15.0 -15.728900660041194 2.2623416897137787 57265.371 57365.19 12 8 "Covariance may not be accurate."
01306626 20 0.39567408102791773 57287.983443891506 5.551115123125783e-18 1.240724176766625 0.0008302835050572055 0.6181296145702379 79.09759128324367 0.030883790624829623 0.3998244726159585 0.6026154780704689 311.7859890352092 15.0 -16.618159904385976 1.4627599487731047 57255.418 57355.245 5 15 "Covariance may not be accurate."
01306785 12 0.5265889084936608 57262.37593989655 5.551115123125783e-18 0.6500001520099288 0.49938711010590425 0.6462781423978354 52.38012860215167 0.03074623148232759 0.36882858583942135 0.7102282013589929 80.18686480576365 7.0 -16.385014277429946 2.2623560585778293 57248.426 57311.114 4 8 "Covariance may not be accurate."
01306980 24 0.3949379938855933 57321.284478623886 8.326672684688675e-18 1.2495892199175869 0.43683023578278074 0.6199190830928591 99.57496433764027 0.031124584413243197 0.3754633587070732 0.6978400680865078 97.34716075466554 19.0 -16.2226311637137 1.4570548672644321 57252.236 57372.039 16 8 "Covariance may not be accurate."
01306991 20 0.4824127142264611 57290.57556434856 0.0 0.776480294365332 0.5000359587075633 0.0 0.0 0.0 0.0 0.0 76.91180398959641 15.0 inf nan 57265.217 57365.044 7 13 "Hesse Failed. Covariance may not be accurate. Covariance not positive definite."
01307277 19 0.4784198788931324 57296.525852128696 0.0 0.6500000000225563 0.5000239549551414 0.0 0.0 0.0 0.0 0.0 147.06104649020537 14.0 inf nan 57256.299 57365.115 7 12 "Hesse Failed. Covariance may not be accurate. Covariance not positive definite."
01307830 15 0.39601417635453423 57287.33855934593 5.551115123125783e-18 1.2133955515662764 6.674336211709431e-06 0.6178758058615732 82.69009866583292 0.030843165769113855 0.42233680974550347 0.6138361436715081 471.2851535136932 10.0 -16.621664634210234 1.4809872906995452 57265.301 57365.135 3 12 "Covariance may not be accurate."
01308314 19 0.39673026524620775 56995.4070338799 1.3877787807814457e-17 1.1627082699337958 0.23001152087072263 0.6323112312815208 91.92361629681182 0.033036645074867144 0.3304256608218797 0.7391190503353922 561.1477900556196 14.0 -17.18040658553819 1.5185903931718627 56943.185 57051.151 10 9 "Covariance may not be accurate."
01308326 31 0.4786194649718394 56993.31775596189 2.7755575615628915e-18 0.6500000005748869 6.184099694495071e-06 0.6396680188298598 74.14898991352675 0.030933728921687862 0.371196858881593 0.6138769363368277 2978.981339784422 26.0 -16.35930941864102 2.262339154978033 56956.145 57045.113 13 18 "Covariance may not be accurate."
01308568 21 0.3940971254321776 57318.6958732576 8.326672684688675e-18 0.6584859260627189 0.08334182633188836 0.6293136161727655 102.95789755749502 0.03261221621669198 0.42136670111075863 0.5205220323339517 138.18635477606477 16.0 -16.90954019584007 2.2412451154539887 57256.271 57379.066 12 9 "Covariance may not be accurate."
01308582 15 0.3960034986107321 57273.69438216591 4.718447854656916e-17 0.6638941492813355 0.5002163574329889 0.6174467492282667 85.42401492156569 0.030794745384429237 0.3282369438297185 0.7110379111947496 210.87566514692497 10.0 -17.966671338335964 2.2280645659888734 57265.24 57366.076 2 13 "Covariance may not be accurate."
01308884 38 0.4784552418759279 57293.819349569356 3.913536161803677e-16 1.2485460883263264 0.02686967383898875 0.6373584728925131 62.43620357785039 0.03074623557551424 0.3810323877372623 0.5407146396533911 36207.46549329395 33.0 -21.688306443670022 1.457712445399821 57276.324 57355.251 12 26 "Covariance may not be accurate."
01308957 18 0.3947697871724317 57288.02919457686 8.326672684688675e-18 0.9697738948435641 0.0014325136077597556 0.6282697258132617 91.79531673015299 0.03236885054184615 0.43065376985124443 0.5986825382470882 32.90449657097524 13.0 -17.051561873006733 1.7065155642881606 57253.336 57373.057 5 13 "Covariance may not be accurate."
01309288 30 0.5066258224455568 56996.983320542815 1.2212453270876723e-16 1.2218796747926455 0.4592594343356756 0.6429890395648736 79.78375109887929 0.030758032918164462 0.30913673674592984 0.7004360660012954 239.13116791893918 25.0 -19.734585478247368 1.4752214851979986 56961.361 57061.067 13 17 "Covariance may not be accurate."
01309492 17 0.3939247050435323 56991.6428501492 1.665334536937735e-17 1.1966849308716303 0.1339361850099915 1.8361185440934902e-05 0.0021492826963367406 0.0 6.553879297266363e-06 0.1422437437095775 2843.6288801642104 12.0 -17.566338871389636 1.4927876120525525 56966.23 57067.046 5 12 "Covariance may not be accurate."
01309749 0 nan nan nan nan nan nan nan nan nan nan nan nan nan nan nan nan 0 0 "Empty table passed to fit_lc."
