analysis_pipeline/fit_results/des_5_sn91bg_salt2_phase_blue.ecsv
# %ECSV 0.9
# ---
# datatype:
# - {name: obj_id, datatype: string}
# - {name: num_points, datatype: int64}
# - {name: z, datatype: float64}
# - {name: t0, datatype: float64}
# - {name: x0, datatype: float64}
# - {name: x1, datatype: float64}
# - {name: c, datatype: float64}
# - {name: z_err, datatype: float64}
# - {name: t0_err, datatype: float64}
# - {name: x0_err, datatype: float64}
# - {name: x1_err, datatype: float64}
# - {name: c_err, datatype: float64}
# - {name: chi, datatype: float64}
# - {name: dof, datatype: float64}
# - {name: b_max, datatype: float64}
# - {name: delta_15, datatype: float64}
# - {name: tmin, datatype: float64}
# - {name: tmax, datatype: float64}
# - {name: pre_max, datatype: int64}
# - {name: post_max, datatype: int64}
# - {name: message, datatype: string}
# schema: astropy-2.0
obj_id num_points z t0 x0 x1 c z_err t0_err x0_err x1_err c_err chi dof b_max delta_15 tmin tmax pre_max post_max message
[from data line 48]
01294743 11 0.6169841054984803 56901.78604279919 3.885780586188048e-16 0.6503051705554345 0.11779207525399843 3.50635407048161e-05 0.0015756575048726518 1.3877787807814407e-18 1.1341941265063937e-06 0.0814017166736341 756.2507982061126 6.0 -22.188651605592383 2.25989192652737 56890.366 56980.089 1 10 "Covariance may not be accurate."
01295027 35 0.48211121867416695 56901.0920016571 2.7755575615628915e-18 0.684679031429562 6.45443141902291e-05 0.6396414658249773 29.679788452478533 0.030870188737596723 0.4216496130470773 0.6115297384506672 813.0725037104936 21.0 -16.37815799611824 2.1773355418029468 56887.27 56992.066 4 31 "Covariance may not be accurate."
01295256 16 0.3032559976317538 56889.2968627565 1.0547118733938988e-16 0.6507478722105131 0.5001103235095227 0.5861275245933806 24.499440098508785 0.0307685858449735 0.377969538467132 0.7106797522007785 1170.1678737090135 1.0 -18.162133841753793 2.258795070486471 56904.3 57012.086 0 16 "Covariance may not be accurate."
01295305 15 0.6206583240634563 56904.93814585708 2.7755575615628915e-18 1.1331936620845098 0.11463125621436993 0.7145008548139069 32.49018994902144 0.03509090001080994 0.4420616353783536 0.5013674575691128 1778.6793438165923 6.0 -16.845059117652834 1.5424062705148387 56890.34 57005.11 2 13 "Covariance may not be accurate."
01295921 14 0.8636678201438527 56912.15449326941 1.0824674490095277e-16 0.8100282891922401 0.5580097232707284 0.0016709580581742989 8.351242296837881 1.3877787807814407e-18 0.0033286340045667884 0.007335889049206401 258.87990838852664 8.0 -20.829150798990916 1.9291067507583683 56890.39 56990.199 2 12 "Covariance may not be accurate."
01296273 31 0.44868666211076985 56907.250567278534 9.992007221626409e-17 1.0938771712844353 0.5064160192804749 0.6518293622715148 28.140926761298033 0.03320006461703941 0.37639896957184377 0.7368280401944065 3763.556948143839 17.0 -19.093883109686068 1.5774778278129133 56903.386 57003.047 2 29 "Covariance may not be accurate."
01296321 13 0.6972792390173543 56904.090429880496 5.4345417055401416e-15 0.6500000000011982 0.5000549576553686 0.006723014998440691 0.5049833294506243 5.120903701083535e-16 0.08465495203912288 0.05190265948438705 4495.129387083545 7.0 -24.603278513010782 2.260671080478428 56915.267 56990.183 0 13 "Covariance may not be accurate. Covariance not positive definite. Covariance forced positive definite."
01296657 8 0.621733141588771 56919.19655011822 7.829847881168917e-15 0.7337148039765362 0.48439196839756754 0.6569233556238071 29.58627719186552 0.03074622336997177 0.4372106119833869 0.7066835124756228 2093.8880719851613 3.0 -24.732867495525856 2.069791209951717 56904.221 56973.075 3 5 "Covariance may not be accurate."
01297026 13 0.6742909653981215 56903.161993537215 3.011479954295737e-15 0.7803803180904076 0.5064965443963682 0.009824899077326532 1.7271367274443037 8.59035065303715e-16 0.01755404870001065 0.005957819457906466 2302.671261051762 5.0 -23.862816925653327 1.9800392758347982 56915.203 57001.06 0 13 "Covariance may not be accurate."
01297465 14 0.8999994762175715 56897.384760498346 2.403632848313464e-15 0.861825222677427 0.5000001711906229 0.00020686810147046986 0.05209197871590732 2.4980018054065983e-17 0.00867855554937419 4.089903299034359e-05 9513.826046514392 7.0 -24.401543427110447 1.8489070533726988 56912.304 57005.249 0 14 "Minimization exited successfully."
01298281 15 0.7742356295234887 56906.08017838865 2.689515277154442e-15 0.6500000000113174 0.4999504697547708 0.008692890647394702 0.012496707600803347 2.7755575615627336e-18 2.964886792189425e-07 0.0005199920841681138 2885.5099637360913 8.0 -24.119545152112273 2.2606710783051263 56915.267 57003.045 0 15 "Covariance may not be accurate."
01298893 4 0.5897406773952061 56929.665013372534 3.616551502716448e-15 0.7912254317409584 0.6370425977089202 0.6547990076303927 29.587754312706238 0.030770579786315203 0.3706051113677246 0.7341347964289988 787.1788438557047 -1.0 -23.475858674671557 1.9609023789151472 56943.247 56992.064 0 4 "Covariance may not be accurate."
01299643 33 0.5508277688228923 56897.3473800809 9.992007221626409e-17 1.191908245003536 0.500109436764155 0.6498607036805943 24.75195729578627 0.030747529135004666 0.3190408748405272 0.7104097086104301 3495.553469991366 12.0 -19.639742696648526 1.4958124432638975 56912.346 57018.075 0 33 "Covariance may not be accurate."
01299775 6 0.6468894132417488 56911.950089019214 4.063416270128073e-15 0.6608418973909842 0.4819959767404464 0.0003838517842471023 0.01623252234639949 1.9290125052862103e-16 7.633884447511008e-05 0.7409044915955897 1111.469376867354 0.0 -24.13165980856902 2.233855630544351 56927.224 57001.29 0 6 "Covariance may not be accurate."
01299785 33 0.47740246421959015 56940.51352201908 8.326672684688675e-18 0.6979266466161719 0.4880123605815418 0.6393279494340721 21.958931844335893 0.030927142734800527 0.42894371390864955 0.7097452779369142 1187.2145083637056 25.0 -16.596568258997266 2.1471259260866944 56920.294 57025.076 5 28 "Covariance may not be accurate."
01300516 17 0.45498802719073006 56928.28831035168 2.7755575615628915e-18 0.6500000027289345 0.0002740421092822798 0.633166836735097 28.457134323303762 0.030829389794827567 0.3699355704957547 0.6078976487080523 2388.1336373462696 7.0 -16.22717182935977 2.260654067099143 56923.291 57018.088 2 15 "Covariance may not be accurate."
01300912 32 0.8915194542084629 56938.81980184562 2.525757381022231e-16 0.6502389792143868 0.5000066782627395 0.5817115481322885 29.402293563009152 0.030866717704684566 0.365270887497439 0.7118973774314504 10752.860729300806 25.0 -21.92986714573979 2.260071161603687 56920.205 57018.21 8 24 "Covariance may not be accurate."
01301933 16 0.7567980104917156 56911.682177375566 7.299716386910404e-16 0.6500000000067687 0.4731690094135807 1.6025029577759753e-06 4.7356337745441124e-05 0.0 9.877543227787555e-12 0.007680767807825312 16663.89378954019 6.0 -22.706880976668508 2.260670068519648 56924.193 57025.1 0 16 "Covariance may not be accurate."
01302058 14 0.6192720834585846 56920.363000001234 7.116529587847254e-15 0.6500154773526059 0.5000287290709572 0.05104764112114191 24.59780511981444 3.8885561437496114e-15 0.13618364955944573 0.42063905141992597 10912.588464590222 6.0 -24.580693460828144 2.260632214212052 56935.363 57025.074 0 14 "Covariance may not be accurate."
01302141 22 0.4862696270170572 57267.02949947847 8.326672684688675e-18 0.6887451844576838 0.0008210316436595422 0.6398932359317293 29.36024809236187 0.030821160960415327 0.3014931129608791 0.6026852552404758 186.16363240807905 12.0 -17.592168643734013 2.1679781918286807 57248.408 57365.041 5 17 "Covariance may not be accurate."
01302187 9 0.6439281337381171 56910.42661051072 1.3961054534661345e-15 0.8279400322269583 0.3825839372270118 0.00010107373424278476 0.0004960220285283867 1.2490009027032991e-17 6.858682349963896e-05 0.07159043800621304 577.7496110704179 1.0 -23.173097510244542 1.9002971832453959 56932.171 57012.201 0 9 "Covariance may not be accurate."
01302523 28 0.16519084384599345 57254.066997439295 1.2767564783189302e-16 0.7394649313380324 0.5112481036716672 0.011529133963722252 0.002752181484538596 0.0 5.501713036776268e-05 0.0001272479326640541 3699.5441550993364 10.0 -16.862380568860384 2.0580407826443725 57265.391 57372.059 0 28 "Covariance may not be accurate."
01302648 13 0.8950592025320808 56912.509333247945 2.4980018054066022e-15 0.6500001825944124 0.49999783345773124 0.002059592219449069 0.15547769537442946 7.910339050454244e-17 0.00038966599771961263 3.5730551170648495e-05 1840.5272534293933 6.0 -24.428546186789134 2.2606706216933645 56925.16 57017.076 0 13 "Covariance may not be accurate."
01303004 18 0.6229250793745695 56926.63327056264 1.1435297153639113e-15 0.6500006049005949 0.3638992435841174 3.1687621219744777e-06 0.0001185842374979984 1.5265566588595922e-17 4.6328760272551506e-09 0.009259513364722444 6113.966797236468 8.0 -22.904271576704215 2.2606654035725136 56936.363 57033.042 0 18 "Covariance may not be accurate."
01303279 8 0.8975062745196304 56964.44189344801 5.2097215430535475e-15 1.0769254325973718 0.5001677673263896 0.5665031005738352 29.615844618543633 0.03179604625185842 0.3864356562537547 0.7224992857464962 2510.1240108009574 3.0 -25.233683079238602 1.5934261021735452 56943.232 57033.164 2 6 "Covariance may not be accurate."
01303496 10 0.6379186639592015 56934.60710602935 1.457167719820518e-15 0.6500000000000071 0.4999994661081911 0.6578060949561939 23.061844393378124 0.030746228103437995 0.3689553901398885 0.7103677586007466 3808.93538935398 4.0 -22.93752124013251 2.2606710802937613 56943.18 57032.147 0 10 "Covariance may not be accurate."
01303883 17 0.6488421916469291 57290.1637377793 8.298917109073046e-16 0.650023566471039 0.4824676518961916 0.6582025290993738 25.23066520581051 0.030752720722148675 0.3674447447129236 0.70628727283516 3596.33090935086 12.0 -22.41387148545875 2.2606112271803305 57265.225 57356.122 5 12 "Covariance may not be accurate."
01303952 21 0.4714288611297103 57256.634617101314 2.7755575615628915e-18 0.6500210991003788 2.357496934951575e-05 0.6371291727273798 28.96035502427185 0.03085106702930438 0.3687014478147384 0.6128763962620403 289.3829578188867 10.0 -16.31984761640279 2.2606010855162424 57249.283 57373.055 2 19 "Covariance may not be accurate."
01304127 21 0.3965982971699517 57260.48531667607 2.7755575615628915e-18 0.6500000000168549 0.00108454040528283 0.6193204308661042 29.603475348470965 0.030991523123174755 0.37189965445976875 0.6285236594900865 134.7771825850066 10.0 -15.871168392544774 2.2606540959348997 57249.286 57373.058 3 18 "Covariance may not be accurate."
01304442 2 0.872977541964527 56959.664111227 5.664912983149862e-15 0.7604895601711547 0.5000548759868092 0.046070485421725704 0.15921989924754598 1.9234613901630836e-15 0.019511075006422185 0.1634169947339959 355.66543957128386 -3.0 -25.25027422987688 2.0167635528384764 56943.355 56990.214 1 1 "Covariance may not be accurate. Covariance not positive definite. Covariance forced positive definite."
01304678 10 0.8765969181320841 56928.59135460055 2.8532731732866526e-15 0.650000167434543 0.4999983371434061 0.6028451530523552 22.98914689144658 0.030746226669990138 0.3731867368916302 0.7103675042637742 256.3559337609532 3.0 -24.51686170373733 2.2606706597833046 56943.232 57033.164 0 10 "Covariance may not be accurate."
01305504 14 0.48059081224212213 56960.161605596215 2.7755575615628915e-18 1.072914226245795 0.029572555694866054 0.6802808974009205 34.26357602143253 0.03807628494665197 0.500977064938717 0.679402102788962 3166.3305368603683 8.0 -16.322425257025973 1.5972499930542732 56943.274 57039.041 3 11 "Covariance may not be accurate."
01305626 15 0.6966760101961076 56939.3080729646 9.658940314238863e-16 0.9815308634996596 0.4896636036116614 1.4319605850077188e-05 0.0005143982525623869 0.0 1.1433077382827506e-05 0.008444766188563296 17392.47057182036 6.0 -22.750727811896127 1.6922097537304808 56949.133 57044.076 0 15 "Covariance may not be accurate."
01306029 38 0.01011499285867296 57263.28869803682 1.3600232051658169e-16 1.1773627765290164 0.5000897992331801 0.5515125930033606 29.694357537529868 0.030874601717461682 0.32955630204183434 0.7120155441494193 1466.5058342820416 21.0 -10.649832016785698 1.506685801229736 57248.391 57355.214 6 32 "Covariance may not be accurate."
01306073 15 0.6820167827499325 56938.64947441936 1.1185496973098453e-15 0.8246474192966173 0.5000012279619402 0.013372943199947529 0.8534297976657399 1.1241008124329712e-16 0.09390472497145796 7.454183137228787e-05 2409.118345553441 6.0 -22.828119894871588 1.9054988488302804 56949.136 57044.076 0 15 "Covariance may not be accurate. Covariance not positive definite. Covariance forced positive definite."
01306141 32 0.47441598236686305 56959.07827587577 7.771561172376097e-17 0.7094914553990486 0.27736269480942344 0.6620946689539838 32.217902926087845 0.04253235374537459 0.550740276912848 0.6371891295705958 3368.104748934674 21.0 -19.42118805147285 2.121385649067232 56949.339 57051.149 2 30 "Covariance may not be accurate."
01306360 19 0.39568228894636714 57234.42300294545 6.66133814775094e-17 0.9510382412497542 0.017059755947225363 0.6233244306727236 25.22801631812763 0.03154095192533457 0.4321290340771054 0.5565206646253238 146.5326833445827 5.0 -19.290265020168476 1.7282250453628052 57255.415 57355.242 0 19 "Covariance may not be accurate."
01306390 34 0.45500844160616244 57258.41799984432 2.7755575615628915e-18 0.6500000000001549 0.5000023926113439 0.6322293546001743 28.469613344779646 0.030846414792294233 0.3701571079236213 0.7116415814556468 345.10204982595985 23.0 -15.249575283864417 2.260671080321991 57253.403 57355.228 4 30 "Covariance may not be accurate."
01306537 19 0.890163572488129 57250.36300023529 5.911937606128959e-16 0.737725552844364 0.49806423499050934 0.010818759028459746 3.6301462387200445e-06 1.3877787807814654e-18 0.00014821575888079863 0.0003536394132838683 743.0723187974316 10.0 -22.85390472537949 2.0615744421277675 57265.368 57372.241 0 19 "Covariance may not be accurate."
01306626 36 0.49653723948383427 57240.699331286385 1.0547118733938988e-16 0.8499119204950446 0.0744893134861252 0.6479288798427788 23.501679733482888 0.031308766120761514 0.4480997160435327 0.7082740267143937 2331.991367971973 17.0 -20.28052047480165 1.8665624646982693 57255.413 57355.242 0 36 "Covariance may not be accurate."
01306785 11 0.4956240154411462 57263.90401130949 0.0 1.2007059176801054 0.5001382217416956 0.0 0.0 0.0 0.0 0.0 0.0 -5.0 inf nan 57248.423 57311.111 4 7 "Hesse Failed. Covariance may not be accurate. Covariance not positive definite."
01306980 22 0.4451558721219492 57271.452472871926 2.7755575615628915e-18 1.1441393770320727 0.04187069299546281 0.6399920303373579 30.096255798369384 0.03176541259518318 0.44883215550372185 0.5210299927832536 82.83272584689733 13.0 -16.102903426805092 1.5331745504055903 57252.233 57372.036 4 18 "Covariance may not be accurate."
01306991 35 0.5054759690117394 57250.227248650255 1.582067810090848e-16 0.879386180899128 0.5001033169213163 0.6761560017075613 0.0011247256297792774 2.775557561562894e-18 0.0003899686636423261 0.0006670370866856401 284.3873255758907 20.0 -19.91324766994785 1.8235357365903866 57265.212 57365.041 0 35 "Covariance may not be accurate. Covariance not positive definite. Covariance forced positive definite."
01307277 36 0.5021913334652334 57250.55400646546 2.7755575615628915e-18 0.8611064933136794 0.5114645620626662 0.6583090479512198 0.1860234187261085 0.0 0.0013505243941407952 0.002986671472337943 422.8949421965529 21.0 -15.488463044030535 1.8499619399205152 57256.295 57365.112 0 36 "Covariance may not be accurate. Covariance not positive definite. Covariance forced positive definite."
01307830 31 0.7045773594659668 57247.44396335882 2.8588242884097783e-16 0.674040023567546 0.5097904045495085 0.0051295894932578134 0.0012138497004343662 0.0 1.5372127364354782e-05 6.579166666964564e-05 4890.640011668138 19.0 -21.41816507478074 2.202200210989748 57257.281 57356.144 0 31 "Covariance may not be accurate."
01308314 37 0.5016260188115319 56928.178089815505 1.1102230246251566e-17 0.6500007703429755 0.0014489360306833565 0.6429100927128224 24.682947131313995 0.0308220422110604 0.3701516844482547 0.5985879422502043 3290.4085108487784 17.0 -17.984728696176436 2.2606521714416026 56943.18 57051.149 0 37 "Covariance may not be accurate."
01308326 16 0.6683637077404461 56966.7558914288 2.3037127760972e-16 0.6602319670703372 0.019507042458623503 0.6874747376396614 30.46313648971045 0.03246811999646301 0.4221158668686223 0.5522537647400494 3701.6107524730114 11.0 -22.005692170653717 2.2353281249061006 56956.143 57045.109 3 13 "Covariance may not be accurate."
