analysis_pipeline/fit_results/des_4_sn91bg_salt2_phase_red.ecsv
# %ECSV 0.9
# ---
# datatype:
# - {name: obj_id, datatype: string}
# - {name: num_points, datatype: int64}
# - {name: z, datatype: float64}
# - {name: t0, datatype: float64}
# - {name: x0, datatype: float64}
# - {name: x1, datatype: float64}
# - {name: c, datatype: float64}
# - {name: z_err, datatype: float64}
# - {name: t0_err, datatype: float64}
# - {name: x0_err, datatype: float64}
# - {name: x1_err, datatype: float64}
# - {name: c_err, datatype: float64}
# - {name: chi, datatype: float64}
# - {name: dof, datatype: float64}
# - {name: b_max, datatype: float64}
# - {name: delta_15, datatype: float64}
# - {name: tmin, datatype: float64}
# - {name: tmax, datatype: float64}
# - {name: pre_max, datatype: int64}
# - {name: post_max, datatype: int64}
# - {name: message, datatype: string}
# schema: astropy-2.0
obj_id num_points z t0 x0 x1 c z_err t0_err x0_err x1_err c_err chi dof b_max delta_15 tmin tmax pre_max post_max message
01248677 16 0.3502 56523.29073591935 8.881784197001253e-17 1.1874096775286123 0.28553166679092723 0.0 26.294241020765185 0.03323842878971698 0.46444298733024997 0.6407371891548261 7791.358049833007 4.0 -18.771213452714402 1.4991230091125693 56538.281 56629.077 0 16 "Covariance may not be accurate."
01250017 30 0.1817 56519.24255760377 5.051514762044462e-16 0.9070609188382512 0.004795120560272426 0.0 25.281835341440456 0.0312702985091974 0.4179355607836643 0.6428871520310281 11548.510578451616 12.0 -19.572991611799637 1.785042014929811 56536.245 56616.08 0 30 "Covariance may not be accurate."
01253039 20 0.4535 56532.2737001176 0.0 1.1019229769387338 0.5001839769356248 0.0 0.0 0.0 0.0 0.0 0.0 -4.0 inf nan 56547.274 56653.094 0 20 "Hesse Failed. Covariance may not be accurate. Covariance not positive definite."
01253101 17 0.4596 56563.37164801478 5.551115123125783e-18 0.6500056994569319 0.20041664018333916 0.0 31.36625017712504 0.03357410668093133 0.40376515734221763 0.7372846499547387 540.6079838012191 9.0 -16.63340413381719 2.260647417852411 56543.099 56657.052 5 12 "Covariance may not be accurate."
01253920 29 0.1956 56581.066021163955 3.608224830031759e-16 0.7396514334631029 0.5083546359455063 0.0 0.5228982616681606 1.3877787807814407e-18 0.0010116885144930698 0.0014475053206387534 6966.336487096072 20.0 -18.40212975650679 2.0576629588683417 56559.195 56649.173 10 19 "Covariance may not be accurate."
01255502 19 0.1482 56580.439165202326 4.0800696154974506e-16 0.6500000384465219 0.12900944385377738 0.0 31.755711430952942 0.033643049933799046 0.40364439516156264 0.5557630924198144 7179.258684487212 10.0 -18.63590501343257 2.260658274455402 56563.266 56653.077 4 15 "Covariance may not be accurate."
01257366 25 0.2114 56575.37516815107 2.692290834716005e-16 1.1330900625689253 0.5407042523799211 0.0 25.083945602855238 0.03074965960417087 0.35790155559579334 0.7003137896380911 1527.169185649383 8.0 -18.22031573153848 1.5425057982478485 56594.14 56682.089 0 25 "Covariance may not be accurate."
01257695 25 0.1838 56575.02914261613 2.7200464103316337e-16 1.2480159384165521 0.347241650686233 0.0 0.00019612983669503592 0.0 1.4985897050956432e-05 0.05151411911052986 12369.103420267595 9.0 -18.28202070606788 1.45765574560874 56590.029 56675.078 0 25 "Covariance may not be accurate."
01258906 15 0.3492 56579.07792643174 5.273559366969494e-17 0.6780859188669189 0.3864975201918601 0.0 25.913086577431386 0.03337617053735413 0.3312834719788382 0.6787874717964503 443.4049364003593 4.0 -18.015823926076525 2.1926820124660082 56594.019 56695.038 0 15 "Covariance may not be accurate."
01258940 18 0.4259 56575.34638991416 3.885780586188048e-17 1.1815547353586178 0.5196728404463407 0.0 25.24581506218601 0.030934815199596472 0.3270291775022491 0.7172481160684472 312.94297069458855 6.0 -17.9122542500771 1.5035063569606564 56590.318 56697.043 0 18 "Covariance may not be accurate."
01259412 24 0.3047 56614.16858157426 9.159339953157542e-17 1.2469066537641011 0.47070117453553806 0.0 29.4941103438141 0.030747415916040088 0.35016467288606806 0.7032858965453225 10296.53919623485 15.0 -18.091173771129284 1.4583708743322816 56602.205 56696.024 4 20 "Covariance may not be accurate."
01261579 20 0.3222 56634.65902684007 4.718447854656916e-17 0.7913532168008832 0.13735135684404398 0.0 22.430338616984955 0.03074651074267622 0.44359404727025814 0.5614702548931358 14586.606896660865 16.0 -18.178527196701 1.960669258721051 56615.111 56696.025 4 16 "Covariance may not be accurate."
01262214 0 0.6894 nan nan nan nan 0.01 nan nan nan nan nan nan nan nan nan nan 0 0 "Empty table passed to fit_lc."
01262715 0 0.6894 nan nan nan nan 0.01 nan nan nan nan nan nan nan nan nan nan 0 0 "Empty table passed to fit_lc."
01263369 18 0.3125 56656.36136147709 1.4710455076283326e-16 0.6500031521210722 0.45392365949703806 0.0 29.42762440851584 0.030746235806620642 0.36842371627250015 0.698882129402214 1215.8198614840308 14.0 -18.707374776060128 2.260661496070405 56645.14 56697.043 6 12 "Covariance may not be accurate."
01263715 18 0.2919 56661.6531600358 1.304512053934559e-16 0.6500003382044607 0.7622797339584482 0.0 0.0297529039598885 1.3877787807814407e-18 1.0503808727579944e-05 0.012113351724148735 2995.3407751133955 12.0 -17.788734624451973 2.260671275363407 56645.054 56694.039 8 10 "Covariance may not be accurate."
01275946 38 0.2321 57259.29695198703 1.9984014443252818e-16 0.650000000001209 0.24603449352607665 0.0 29.806907142701675 0.03133049120614434 0.37596628150377703 0.6228366341854759 16071.043179313434 30.0 -18.690399610006352 2.2606644426014135 57248.378 57329.035 8 30 "Covariance may not be accurate."
01279500 23 0.235 57269.08281954311 2.7755575615628915e-18 0.6500000013717784 6.409860858175298e-05 0.0 22.21979409971391 0.030925755781301398 0.3711212792059921 0.6115415307293262 14771.05314785061 17.0 -14.556814769944026 2.2606540648104243 57249.318 57317.099 7 16 "Covariance may not be accurate."
01280217 17 0.359 57256.430478162125 2.7755575615628915e-18 1.1039973366680746 0.01340122546577982 0.0 29.941744640607794 0.03243715808359477 0.37188553690772813 0.6602228244438073 661.17101043656 11.0 -15.596724787594958 1.568168227800804 57248.395 57329.175 3 14 "Covariance may not be accurate."
01281668 43 0.3071 57259.40082695122 8.326672684688674e-17 0.6500002351828775 0.045218536918101515 0.0 29.417660487033572 0.030758187385544103 0.3689428221265921 0.5171094010308898 2986.0441474832064 30.0 -18.841801693616123 2.260654788417934 57248.378 57342.028 8 35 "Covariance may not be accurate."
01281886 19 0.384 57256.42160348032 2.7755575615628915e-18 0.9837174795296484 0.02034045819549113 0.0 30.076343241977156 0.03273444393240093 0.4482242794779028 0.6696413166257067 363.81643443446995 12.0 -15.75754504622023 1.689715616924417 57248.395 57345.234 3 16 "Covariance may not be accurate."
01282736 20 0.3689 57262.19351694925 2.7755575615628915e-18 0.6500000000030695 0.002114656655234415 0.0 31.00884813924131 0.03284851036855306 0.39418278063890727 0.5951113486171091 334.9115706001782 11.0 -15.684097065857099 2.260654124037881 57249.286 57346.032 3 17 "Covariance may not be accurate."
01283373 33 0.2075 57235.12215284473 4.1910919179599663e-16 0.6553722893333892 0.500322000711697 0.0 0.6234737131671864 6.800116025829082e-17 0.010748163319871606 0.7411637626463822 1463.6865711620987 8.0 -18.720997775004804 2.24728399239282 57250.337 57332.081 0 33 "Covariance may not be accurate. Covariance not positive definite. Covariance forced positive definite."
01283878 28 0.3135 57262.736782827575 1.942890293094024e-17 1.2403500886492091 0.001680176741678363 0.0 29.63480587405502 0.03082879732930178 0.39961037768948154 0.6317698939726273 483.11412281305957 20.0 -17.384695902428213 1.4625914502823711 57249.322 57339.072 5 23 "Covariance may not be accurate."
01283936 23 0.369 57233.71950856509 3.053113317719181e-17 1.1726431883703368 0.5551789113223896 0.0 27.22830142476596 0.032071112673801444 0.33342387175149907 0.7394209218619464 374.93826396324 10.0 -17.22288777540244 1.5103099044337824 57248.38 57347.084 0 23 "Covariance may not be accurate."
01285160 0 0.7493 nan nan nan nan 0.005 nan nan nan nan nan nan nan nan nan nan 0 0 "Empty table passed to fit_lc."
01285317 24 0.5649 57233.982176872654 2.2204460492503132e-17 1.2485801869448978 0.5349142596774539 0.0 26.52458206470692 0.030753115924654698 0.3808939634223229 0.7179772584248044 395.80424226354273 12.0 -18.016880428017608 1.4572973476475468 57248.38 57356.127 0 24 "Covariance may not be accurate."
01286398 26 0.1503 57264.998184405595 3.1363800445660674e-16 0.9584346594025572 0.48955479938289426 0.0 24.647228952282603 0.030749614131804957 0.4281281503923397 0.7079632275552296 4019.646561299792 16.0 -17.65610193647802 1.7192442283292664 57249.318 57329.116 5 21 "Covariance may not be accurate."
01287626 13 0.304 56644.0771427831 2.7755575615628915e-18 0.805960838251075 0.4195086809756529 0.0 33.76706005482265 0.03684806534315324 0.36313703439052336 0.7261249738761588 2875.1545193081356 9.0 -14.401663306902208 1.9358388376892393 56653.052 56697.072 0 13 "Covariance may not be accurate."
01289288 44 0.2897 57259.0409935593 2.7755575615628915e-18 0.6500000000028977 0.00812243788252115 0.0 29.82354908448542 0.03140297218692142 0.376835227431892 0.6508220167988068 494.84212042615803 29.0 -15.06341469591333 2.2606542894281105 57248.378 57347.084 7 37 "Covariance may not be accurate."
01289555 21 0.5588 57233.395979984416 1.1102230246251566e-17 0.8000705358906313 0.00012376069331471173 0.0 24.705379219820315 0.031188949025431845 0.3750326403734052 0.6195764900522345 226.3888875315069 9.0 -18.27007782140844 1.9457174334561742 57248.396 57365.115 0 21 "Covariance may not be accurate."
01289600 16 0.4196 57238.29370444736 8.326672684688675e-18 1.1920756435511612 0.3358501332704452 0.0 24.602322965067287 0.031071798973498495 0.3171926617123408 0.7364376735302379 747.1745281491603 3.0 -16.577367649174892 1.4956860923039912 57253.285 57365.135 0 16 "Covariance may not be accurate."
01289656 21 0.5394 57234.42544301901 1.0824674490095277e-16 0.650029392231798 0.5001415267037149 0.0 0.03814819374747458 8.326672684688675e-18 0.0035120236658123805 0.11247675501737425 309.08790204155883 9.0 -19.67146580480089 2.2605972735066615 57250.337 57355.245 0 21 "Covariance may not be accurate. Covariance not positive definite. Covariance forced positive definite."
01289664 35 0.2491 57273.46934421325 8.326672684688675e-18 1.2240858772740797 0.4583380143083296 0.0 21.23831781564877 0.0385487928186853 0.38777090533520536 0.7256733802957989 9014.519847290121 27.0 -15.013669992244942 1.473313756070521 57252.307 57345.234 6 29 "Covariance may not be accurate."
01290779 12 0.3895 56900.647303700374 0.0 0.7749697473623063 0.5215385170900633 0.0 0.0 0.0 0.0 0.0 0.0 -4.0 inf nan 56887.398 56973.322 2 10 "Hesse Failed. Covariance may not be accurate. Covariance not positive definite."
01290816 20 0.2185 56895.777869781334 5.551115123125783e-18 1.217207536086304 0.0010785085186563736 0.0 29.284455439661542 0.03108696063498307 0.42359202759466 0.628486523862896 8953.95870996617 14.0 -15.129188443189712 1.4779431346206628 56887.395 56960.278 4 16 "Covariance may not be accurate."
01291080 14 0.4438 56889.777532331296 1.942890293094024e-17 1.2372649747272577 0.603520759595587 0.0 27.776958797840052 0.030746658026635072 0.40264000345662293 0.7296038338393052 190.47129882886148 9.0 -17.12096070903807 1.4646123002367872 56887.275 56973.078 1 13 "Covariance may not be accurate."
01291090 25 0.292 56900.89967462982 1.332267629550188e-16 0.9226630856409074 0.4662478707421537 0.0 0.05628294509006082 2.775557561562894e-18 0.02705816650691306 0.0009237010691157677 2091.429600975205 19.0 -18.401416295079155 1.7642564328715906 56887.215 56973.028 4 21 "Covariance may not be accurate."
01291794 18 0.3951 57267.06332991103 4.4408920985006264e-17 1.0976218164866365 0.44888904508196714 0.0 32.525192481381964 0.0351270088121539 0.3759512061832893 0.7234639941732558 178.5671373502398 10.0 -18.01480738049725 1.574016181467723 57252.296 57356.174 4 14 "Covariance may not be accurate."
01291957 15 0.36 56863.873310495284 1.665334536937735e-17 1.227855694069186 0.16467145032766173 0.0 20.82330220431686 0.03075588667260315 0.3162711516965004 0.5789312659138924 635.7988840263363 4.0 -17.274146289990938 1.470792832072437 56877.186 56980.031 0 15 "Covariance may not be accurate."
01292145 19 0.4925 57237.30062493595 8.326672684688675e-18 0.6768284251728205 0.00016199059975996466 0.0 25.04894628343027 0.03095166187787781 0.4178468507699849 0.6095328975979701 166.08507837231392 7.0 -17.626436759173302 2.195617861051584 57252.296 57356.174 0 19 "Covariance may not be accurate."
01292195 0 0.8293 nan nan nan nan 0.005 nan nan nan nan nan nan nan nan nan nan 0 0 "Empty table passed to fit_lc."
01292332 25 0.2735 56905.750375929776 7.216449660063518e-17 0.6500730662079801 0.3340225493946164 0.0 32.18777652450444 1.387778780781447e-18 1.575212650645197e-05 0.0016690461238967613 1020.2951041975818 19.0 -17.839811379898826 2.26048279555431 56890.333 56973.19 5 20 "Covariance may not be accurate."
01292336 25 0.2336 56892.87859748833 1.2767564783189302e-16 1.1996032099559606 0.5652860434235898 0.0 27.790845659972547 0.030752188653504823 0.42739327395110477 0.7236647238932257 1971.2955476429306 13.0 -17.61294830495725 1.490240810090338 56890.333 56973.19 2 23 "Covariance may not be accurate."
01292560 27 0.2248 56898.48032718398 1.1934897514720432e-16 1.249999428688738 0.0018108385539628014 0.0 29.04509529794086 0.030746950131344382 0.36871937385411574 0.63239616411755 5837.998127691116 19.0 -18.52874372557922 1.456374097454912 56890.263 56973.042 3 24 "Covariance may not be accurate."
01293319 29 0.2969 56897.959814868955 2.3037127760972e-16 0.6563210049478818 0.500159425931753 0.0 0.003796739714744035 0.0 0.01474149607437153 2.2499924160146456e-05 5873.06091899217 21.0 -18.957108889981615 2.24494079959932 56887.272 56980.072 4 25 "Covariance may not be accurate."
01293758 18 0.1472 56911.01658806887 4.524158825347513e-16 0.7312821938478428 0.504757668126963 0.0 22.37304349504484 0.033454484999557776 0.4711079125899167 0.7381432466097452 2057.0299608241703 12.0 -17.971302851117077 2.074822207871616 56891.384 56980.044 3 15 "Covariance may not be accurate."
01294014 6 0.3627 56876.57191569046 1.942890293094024e-16 0.6500002809205145 0.04476396749999867 0.0 28.730621450024046 0.032473812241210855 0.3898758002062545 0.5176337035454506 84.42689178583748 -2.0 -20.184022569092853 2.2606546594528254 56903.404 56990.199 0 6 "Covariance may not be accurate."
01294743 25 0.3126 56911.32992857256 5.551115123125783e-18 1.1411207304728146 0.5863741086899211 0.0 21.335611198726838 0.03083292013043164 0.35320996032638313 0.7284475865291997 2004.4893487647842 17.0 -14.896437962905562 1.5357090239934799 56890.285 56980.127 4 21 "Covariance may not be accurate."
01295027 19 0.4254 56902.33502069846 5.551115123125783e-18 1.2237692621187268 0.0003419867596196613 0.0 29.91012761312595 0.031138478209456203 0.31442223765511673 0.622625315609249 264.7091131570907 10.0 -16.80551336673325 1.4735130287011025 56887.275 56992.069 2 17 "Covariance may not be accurate."
01295256 17 0.4425 56916.5672105965 0.0 0.6500000009809322 0.5001476152732894 0.0 0.0 0.0 0.0 0.0 0.0 -4.0 inf nan 56904.303 57012.089 2 15 "Hesse Failed. Covariance may not be accurate. Covariance not positive definite."
01295305 18 0.6117 56875.285008982515 8.326672684688675e-18 0.9423300266650433 0.00015931860658369157 0.0 24.642981208769925 0.030793730913194834 0.42832103903618757 0.6095778488522379 1293.3106137808968 5.0 -18.196552289479538 1.7390246084387542 56890.285 57005.143 0 18 "Covariance may not be accurate."
01295921 13 0.5239 56875.386071715984 2.2204460492503132e-17 0.6904747360017224 0.0018137866627637722 0.0 24.767492736747954 0.03093089780784024 0.42558465420173364 0.6324100150813313 180.528588147262 3.0 -18.850496550601566 2.164019927091285 56890.393 56990.201 0 13 "Covariance may not be accurate."
01296273 16 0.397 56923.86502962023 4.4408920985006264e-17 0.8921625479123297 0.08524821027484347 0.0 28.886335758325004 0.030747066689099375 0.43715983028961936 0.7128211509962749 1443.633137490984 10.0 -18.742461764356413 1.8055215093811796 56903.391 57003.049 3 13 "Covariance may not be accurate."
01296321 25 0.1844 56900.26808136795 2.7755575615628914e-16 0.7692135226974115 3.5976591150621573e-09 0.0 0.0001491531147621572 0.0 9.926227555917544e-05 0.0023315267253574135 3243.1521925732914 12.0 -18.96598028653101 2.0003737787853026 56915.269 56990.188 0 25 "Covariance may not be accurate."
01296657 24 0.1462 56889.221004116946 3.885780586188048e-16 0.9121298163174985 0.5252025461130796 0.0 0.0001170188479591161 2.775557561562906e-18 0.0010117258745624413 0.3712800104574408 4127.282718583768 10.0 -17.75704985300552 1.7782243500809471 56904.225 56987.079 0 24 "Covariance may not be accurate."
