analysis_pipeline/fit_results/des_4_sn91bg_color_interpolation_blue.ecsv
# %ECSV 0.9
# ---
# datatype:
# - {name: obj_id, datatype: string}
# - {name: num_points, datatype: int64}
# - {name: z, datatype: float64}
# - {name: t0, datatype: float64}
# - {name: x0, datatype: float64}
# - {name: x1, datatype: float64}
# - {name: c, datatype: float64}
# - {name: z_err, datatype: float64}
# - {name: t0_err, datatype: float64}
# - {name: x0_err, datatype: float64}
# - {name: x1_err, datatype: float64}
# - {name: c_err, datatype: float64}
# - {name: chi, datatype: float64}
# - {name: dof, datatype: float64}
# - {name: b_max, datatype: float64}
# - {name: delta_15, datatype: float64}
# - {name: tmin, datatype: float64}
# - {name: tmax, datatype: float64}
# - {name: pre_max, datatype: int64}
# - {name: post_max, datatype: int64}
# - {name: message, datatype: string}
# schema: astropy-2.0
obj_id num_points z t0 x0 x1 c z_err t0_err x0_err x1_err c_err chi dof b_max delta_15 tmin tmax pre_max post_max message
[from data line 159]
01335718 29 0.455 57302.16373008567 5.551115123125783e-18 1.221238564230468 0.0007390548041135148 0.0 24.486400886285992 0.030782967637391884 0.30869294466797986 0.6033210517725105 2905.376177410152 25.0 -16.979090577208826 1.4756410022507147 57318.106 57426.067 0 29 "Covariance may not be accurate."
01335868 17 0.455 57319.382255902194 2.7755575615628915e-18 0.6500000005701203 0.00031871323965343423 0.0 28.29238936143156 0.030915987320379233 0.37098403494335846 0.6223613835215611 258.0803751280265 13.0 -16.227177999981375 2.262339163616648 57315.234 57425.151 2 15 "Covariance may not be accurate."
01336008 24 0.455 57310.07459022535 9.71445146547012e-17 1.0112381763933822 0.038558289796001954 0.0 23.908588006990612 0.030748818777024976 0.43763862080020133 0.525078532223261 1635.0611858933007 20.0 -20.025356893063357 1.6601850969881937 57325.012 57403.049 0 24 "Covariance may not be accurate."
01336009 25 0.455 57341.38274608065 6.383782391594651e-17 1.1137826774337651 0.08397770659589376 0.0 6.099278829624382 0.0 0.0029693915128264914 0.007741038080895879 339.3106092247731 21.0 -19.490958946995377 1.5599238610615629 57325.012 57403.049 8 17 "Covariance may not be accurate."
01336453 9 0.455 57353.502247795404 4.884981308350689e-16 0.6780067531069758 0.5143867306273373 0.0 0.1189412393287057 8.326672684688694e-18 0.005952783220085522 0.01816537561580564 3259.59715906222 5.0 -20.84042141959641 2.194434236253379 57329.171 57403.099 3 6 "Covariance may not be accurate."
01336480 7 0.455 57318.67599609331 1.6653345369377348e-16 0.6500341376348502 0.10581519134967493 0.0 24.178003478675237 0.03188818580447765 0.38062687535245054 0.5388156252717857 1077.7518251847687 3.0 -20.492128590681077 2.262256702935481 57329.171 57396.099 0 7 "Covariance may not be accurate."
01336687 12 0.455 57348.33818472504 4.1078251911130794e-16 0.6500000000002535 0.33108847899857663 0.0 5.346379111870192e-05 0.0 3.1734614935885475e-12 0.011910620873358563 1718.9775704013787 8.0 -21.028396023359623 2.2623514983113964 57327.065 57403.062 5 7 "Covariance may not be accurate."
01337117 11 0.455 57314.258182945254 2.7755575615628915e-18 0.6514598821509104 0.0001034889749801926 0.0 26.03456524737703 0.030997237205066017 0.38423939305662225 0.610620943329954 894.8572929524454 7.0 -16.227517085920674 2.258673340458458 57329.033 57403.049 0 11 "Covariance may not be accurate."
01337221 28 0.455 57310.03283056598 0.0 0.9784250290516667 0.5001668975860588 0.0 0.0 0.0 0.0 0.0 529.9285179897131 24.0 inf nan 57325.027 57407.048 0 28 "Hesse Failed. Covariance may not be accurate. Covariance not positive definite."
01337228 14 0.455 57310.02300168764 8.326672684688675e-18 1.0975178340899479 0.08146102177827164 0.0 24.71940699502011 0.030894896424555913 0.44567288101655306 0.711289701165851 138.28809186225533 10.0 -17.28394674286271 1.57468917016935 57325.027 57407.046 0 14 "Covariance may not be accurate."
01337272 12 0.455 57349.83862028291 1.1102230246251566e-17 1.2379769881614224 0.3247403014073226 0.0 25.8150360010477 0.03213345594432831 0.4201389718015529 0.6614544198427977 216.07167910996765 8.0 -17.119164595679862 1.464557257988563 57325.073 57427.054 4 8 "Covariance may not be accurate."
01337325 12 0.455 57327.696526216525 0.0 1.1106620110712468 0.5107497413742044 0.0 0.0 0.0 0.0 0.0 329.49539963034454 8.0 inf nan 57325.073 57427.054 1 11 "Hesse Failed. Covariance may not be accurate. Covariance not positive definite."
01337649 9 0.455 57353.936155061085 3.4972025275692435e-16 1.2016630374307113 0.4983520932209564 0.0 30.229553274555656 0.0315447945942393 0.3108600722142662 0.7193723670721937 2312.382936212753 5.0 -20.504530411550938 1.4892224976651676 57339.165 57408.053 2 7 "Covariance may not be accurate."
01337655 10 0.455 57310.08740527819 0.0 1.2056112719696277 0.5001996280931075 0.0 0.0 0.0 0.0 0.0 743.6779853195868 6.0 inf nan 57325.141 57402.072 0 10 "Hesse Failed. Covariance may not be accurate. Covariance not positive definite."
01337687 12 0.455 57353.34536253112 3.7747582837255326e-16 1.120975412905944 0.5000649654292557 0.0 0.02325999101594789 6.938893903907228e-18 0.028381474336582002 0.023380941169241498 1680.953357061442 8.0 -20.583284213814014 1.5535611947139394 57339.297 57425.149 2 10 "Covariance may not be accurate. Covariance not positive definite. Covariance forced positive definite."
01337703 15 0.455 57347.14192918058 2.7755575615628915e-18 0.6500000102622988 0.0014579150673901808 0.0 28.607552080240566 0.031040443928542206 0.3724517579117684 0.5985364399720914 192.9263859818756 11.0 -16.22538145171156 2.262339170737963 57325.124 57425.151 5 10 "Covariance may not be accurate."
01337838 11 0.455 57348.418051226676 2.414735078559716e-16 0.650000000000004 0.45981530917230584 0.0 0.00016922526992857456 0.0 1.125471937868383e-11 0.051330322708227516 4293.499596964284 7.0 -20.19336176304074 2.2623549669363747 57339.151 57427.066 3 8 "Covariance may not be accurate."
01338128 11 0.455 57352.29432774754 5.551115123125783e-18 1.2485578373138924 0.00036514431751727416 0.0 29.603328514687746 0.030797270632272084 0.381632597685338 0.606802439309194 793.4956844059267 7.0 -16.979679952825986 1.4577042776730416 57339.021 57407.044 2 9 "Covariance may not be accurate."
01338170 22 0.455 57364.01453889226 5.828670879282072e-17 1.0924774398575718 0.1871974980338878 0.0 25.004611104359356 0.03148871353931177 0.37832923616789266 0.5898141627752171 63.799164598007245 18.0 -19.189224079073114 1.5793626338707618 57339.021 57407.046 6 16 "Covariance may not be accurate."
01338233 13 0.455 57304.27931561017 5.551115123125783e-18 1.2499999339321763 0.11239304762838936 0.0 26.241889319979236 0.03259426416406095 0.3910397781506176 0.7219803170162842 79.07887739416728 9.0 -16.787017407194032 1.4567825188147907 57319.281 57427.054 0 13 "Covariance may not be accurate."
01338266 40 0.455 57347.096904858125 2.7755575615628915e-18 0.65 0.004794099160935428 0.0 29.091567748124362 0.030861509658935127 0.370338119943615 0.6428843060424625 386.8353446967575 36.0 -16.22010304515705 2.2623392894476666 57339.037 57427.068 9 31 "Covariance may not be accurate."
01338278 10 0.455 57342.47958223509 2.2204460492503132e-17 0.9663942938399288 0.5057958331276091 0.0 0.2547147366676654 0.0 0.019381524497074476 0.0002426498715006331 245.067724916394 6.0 -17.498097012584257 1.7105101026251823 57339.037 57427.054 1 9 "Covariance may not be accurate."
01338387 10 0.455 57316.57742790484 2.7755575615628915e-18 0.650000000240744 0.0005418342840389223 0.0 20.178254220241797 0.031042288324076125 0.3725023557253556 0.6050091403787444 586.333380579349 6.0 -16.226826366827446 2.2623391706090246 57329.173 57403.101 0 10 "Covariance may not be accurate."
01338430 9 0.455 57327.437593936775 1.332267629550188e-16 0.6500000007861869 0.7133869556259075 0.0 20.786818872882577 0.030805248266350525 0.3696538434701087 0.6412011148984688 314.36345990663443 5.0 -19.0504681134288 2.262357470902863 57339.122 57403.101 0 9 "Covariance may not be accurate."
01338471 11 0.455 57343.84271556791 2.7755575615628914e-17 1.141246009589021 0.5207252624691949 0.0 26.069246248222044 0.030801241753736833 0.3531926379185089 0.7149507686189986 17.084556657486292 7.0 -17.716395383744004 1.5361375644251076 57319.137 57403.101 3 8 "Covariance may not be accurate."
01338675 17 0.455 57347.22373152312 2.7755575615628915e-18 0.65000000000042 0.0742121657094243 0.0 29.354726902525726 0.031267263875264 0.3752073858778269 0.5124144911596374 10029.654073767284 13.0 -16.104013670572876 2.262341450749492 57339.046 57406.102 3 14 "Covariance may not be accurate."
01339002 9 0.455 57347.534382803286 5.551115123125783e-18 0.6500241193734941 0.009424981908710661 0.0 27.786127078947175 0.030801536005667044 0.36800696584599646 0.5721052359977137 621.2758014268007 5.0 -16.965308402163316 2.2622787265806963 57346.027 57427.066 1 8 "Covariance may not be accurate."
01339149 9 0.455 57330.11787438073 4.718447854656916e-17 1.2396951374063898 0.4299470346416517 0.0 25.333085272170138 0.030930146950061233 0.3337884460814951 0.6939698395852205 385.88598195560405 5.0 -18.486290302232337 1.4634405271250017 57346.029 57427.068 0 9 "Covariance may not be accurate."
01339392 6 0.455 57330.33368650694 6.633582572135311e-16 0.7961680523980503 0.4787685433820172 0.0 20.140840139731154 0.025213809250913502 0.32503223521769936 0.7052981038913696 403.997110717399 2.0 -21.24677418449501 1.9534997989793474 57345.331 57426.145 0 6 "Covariance may not be accurate."
01339450 13 0.455 57324.36956161174 5.551115123125783e-18 0.6500233561365131 0.001192005645379579 0.0 24.03723667698796 0.031081783304402883 0.37136970524892043 0.6001332273237554 113.25496761366713 9.0 -16.97837605246067 2.262280416429796 57339.286 57426.147 0 13 "Covariance may not be accurate."
01340454 22 0.455 57349.409539563676 5.551115123125783e-17 1.1943396828392663 0.48951797859857665 0.0 0.0828509430430131 1.387778780781447e-18 0.025430847830129277 0.005627781470987803 1588.5015973703607 18.0 -18.527713871597886 1.494500137945657 57345.314 57425.151 2 20 "Covariance may not be accurate."
01341370 16 0.455 57332.08587160171 0.0 1.0472050559737203 0.5001281243877804 0.0 0.0 0.0 0.0 0.0 2365.226645502822 12.0 inf nan 57347.079 57403.049 0 16 "Hesse Failed. Covariance may not be accurate. Covariance not positive definite."
01341894 7 0.455 57382.21907493205 1.970645868709653e-16 1.2118932670519733 0.4924857768516293 0.0 0.0009443741364520974 0.0 8.760153142106653e-06 0.08462719175864286 320.53901425544393 3.0 -19.89609771987763 1.482038089950425 57365.054 57427.052 3 4 "Covariance may not be accurate."
01342255 6 0.455 57378.71365419691 1.2240208846492351e-15 0.6500000493631581 0.5000023783742036 0.0 0.014532333127135644 3.191891195797321e-17 1.6250015963947817e-06 0.028889803776813855 6960.1170220362765 2.0 -21.860631856150523 2.2623563418188333 57365.11 57403.099 2 4 "Covariance may not be accurate. Covariance not positive definite. Covariance forced positive definite."
01343208 6 0.455 57375.081931985456 0.0 1.1792208224205156 0.5000144373226075 0.0 0.0 0.0 0.0 0.0 617.1738020754593 2.0 inf nan 57356.144 57397.09 3 3 "Hesse Failed. Covariance may not be accurate. Covariance not positive definite."
01343337 16 0.455 57357.315488550106 8.881784197001253e-17 1.1229571870136905 0.4205542288480044 0.0 23.879503403604758 0.03089593820407749 0.36337838123230864 0.6908271295398927 1176.7093232023951 12.0 -19.192880541155915 1.5518200762756642 57372.226 57426.147 0 16 "Covariance may not be accurate."
01343401 12 0.455 57381.61632942651 1.0824674490095277e-16 0.6684854187946128 0.000960471183386935 0.0 29.804519750578038 0.03162545318355502 0.3288480531865233 0.6016709141403112 645.9155431707709 8.0 -20.203827879805164 2.216986012831679 57372.048 57427.054 4 8 "Covariance may not be accurate."
01343533 16 0.455 57353.04751586298 6.66133814775094e-17 0.6500000000175084 0.03274479333103053 0.0 20.52561720832091 0.03077097752596402 0.36925314506391044 0.6822757253669189 223.84860815685158 12.0 -19.625370346710053 2.2623401046785965 57365.039 57407.046 0 16 "Covariance may not be accurate."
01343759 7 0.455 57370.01196898494 5.551115123125783e-18 1.234973076421653 0.020395313683414462 0.0 28.394989310676465 0.030762458762461767 0.40517212034891753 0.6697070751611648 3015.589348387982 3.0 -16.94764799586543 1.4665116961749902 57365.223 57425.071 1 6 "Covariance may not be accurate."
01343871 7 0.455 57340.22688137081 2.7755575615628915e-18 1.1404905916725387 0.09607659145247532 0.0 26.75549040914484 0.03321462166790231 0.34626566171146383 0.7168307513561964 289.00366033760054 3.0 -16.0647205821682 1.5367605154176829 57355.228 57408.055 0 7 "Covariance may not be accurate."
01344692 14 0.455 57376.06894939143 2.7755575615628915e-18 1.198224995771914 0.053380367210781876 0.0 29.6482780255501 0.03126693894765274 0.4352427510871853 0.508077667076331 201.32126317632617 10.0 -16.140173063234943 1.4916734216730454 57366.056 57427.068 4 10 "Covariance may not be accurate."
01345553 6 0.455 57382.03627568107 2.581268532253489e-16 0.9149480901906126 0.4594302981088275 0.0 29.295665584235394 0.03074634300785751 0.4334154739720168 0.7003493321757961 787.7715354246502 2.0 -20.266642571786726 1.7753174585654392 57372.048 57427.052 2 4 "Covariance may not be accurate."
01345582 7 0.455 57378.96287382101 2.7755575615628915e-18 0.6500000000007398 0.001531642153443702 0.0 29.760258827704092 0.03096802117076651 0.37161654860849536 0.5981192029477943 407.5061587799592 3.0 -16.225265079866446 2.2623391986037262 57365.056 57427.054 2 5 "Covariance may not be accurate."
01345594 11 0.455 57378.08697166723 9.71445146547012e-17 0.6500181066478913 0.5000071975810594 0.0 1.6362216681736754 5.5511151231257815e-18 0.0006394049766747512 0.00027343164952631227 347.55454122529335 7.0 -19.10969790293508 2.2623109015058134 57372.048 57427.054 2 9 "Covariance may not be accurate. Covariance not positive definite. Covariance forced positive definite."
01346137 14 0.455 57360.077048463005 7.216449660063518e-17 0.8867902519273188 0.007440371218194741 0.0 27.261807649338152 0.03343200188227523 0.41733098375260286 0.649370857678153 718.8891991183807 10.0 -19.753331435111896 1.8139538949692628 57375.048 57425.151 0 14 "Covariance may not be accurate."
01346387 13 0.455 57378.44623214653 5.551115123125783e-18 0.6500249666531163 0.21775926963375125 0.0 29.080947037764417 0.03146816425563732 0.37591656588695477 0.6087744475917047 10160.647499823765 9.0 -16.56807618417953 2.2622851121942773 57372.136 57426.118 2 11 "Covariance may not be accurate."
01346956 10 0.455 57392.83757586436 2.7755575615628915e-18 0.6500000004389825 0.001691937333130833 0.0 28.603155950491782 0.030823549016209782 0.369875731103682 0.5972441961375518 3766.4492602434552 6.0 -16.2250120247061 2.2623392019441404 57387.181 57426.147 2 8 "Covariance may not be accurate."
01346966 14 0.455 57361.07863701385 6.383782391594651e-17 1.203613256567368 0.006488106887437728 0.0 24.20157032048155 0.03074623244868796 0.30911433454683085 0.6472474892312325 2384.9730325488804 10.0 -19.621732705849098 1.487822086618337 57376.057 57426.147 0 14 "Covariance may not be accurate."
