analysis_pipeline/fit_results/des_4_salt2_2.4_blue.ecsv
# %ECSV 0.9
# ---
# datatype:
# - name: obj_id
#   datatype: string
# - name: num_points
#   datatype: int64
# - name: z
#   datatype: float64
# - name: t0
#   datatype: float64
# - name: x0
#   datatype: float64
# - name: x1
#   datatype: float64
# - name: c
#   datatype: float64
# - name: z_err
#   datatype: float64
# - name: t0_err
#   datatype: float64
# - name: x0_err
#   datatype: float64
# - name: x1_err
#   datatype: float64
# - name: c_err
#   datatype: float64
# - name: chi
#   datatype: float64
# - name: dof
#   datatype: float64
# - name: b_max
#   datatype: float64
# - name: delta_15
#   datatype: float64
# - name: tmin
#   datatype: float64
# - name: tmax
#   datatype: float64
# - name: pre_max
#   datatype: int64
# - name: post_max
#   datatype: int64
# - name: message
#   datatype: string
# schema: astropy-2.0
obj_id num_points z t0 x0 x1 c z_err t0_err x0_err x1_err c_err chi dof b_max delta_15 tmin tmax pre_max post_max message
[from data line 52]
01295921 14 0.5239 56911.00645164529 6.577250801373391e-06 1.9704229101842055 0.29999997005028306 0.0 0.0014732023628312163 4.369842047061143e-07 0.24030810070710285 0.06929533010273764 9.092427900211177 10.0 -18.96477177403079 0.7072135692888644 56890.39 56990.199 2 12 "Minimization exited successfully."
01296273 31 0.397 56927.141465390334 2.576803992246635e-05 -0.04594034843525652 -0.1348621323286515 0.0 0.5966182193660643 7.453994493464285e-07 0.3501802565708123 0.04010592882318781 57.01589360472907 27.0 -19.72108272991806 1.0688352847477418 56903.386 57003.047 6 25 "Minimization exited successfully."
01296321 13 0.1844 56930.96321167933 8.00514375363215e-05 0.6845455994879197 -0.2999486785530078 0.0 2.7918700652662665e-05 2.3842437793616903e-06 0.36111505955813517 0.4514390523928757 9.724226298992509 9.0 -19.04647349139837 0.9416969871936907 56915.267 56990.183 3 10 "Minimization exited successfully."
01296657 8 0.1462 56923.57250319606 0.00014214184887819948 1.0609320983075738 0.014580744027574699 0.0 0.3379791623701749 1.0566942131484691e-05 0.6228919964820645 0.04584037238900093 1.8579720129245496 4.0 -19.110056194020544 0.8652908878939769 56904.221 56973.075 3 5 "Minimization exited successfully."
01297026 13 0.2585 56928.87287745198 4.977511662804246e-05 -0.07308436491014447 -0.2999056774601977 0.0 0.5445154307963094 1.3990281845885348e-06 0.43827301542449537 0.5612267396224389 14.65686730172784 9.0 -19.35635474684682 1.0823782842887404 56915.203 57001.06 2 11 "Minimization exited successfully."
01297465 14 0.2778 56938.924842800356 2.767020513409213e-05 1.2100102330624072 0.29999708228198513 0.0 0.19159183870579 4.403724966420275e-07 0.20593542461242986 0.47635088460248326 40.83574216876751 10.0 -18.899467633494012 0.8303252209464809 56912.304 57005.249 5 9 "Minimization exited successfully."
01298281 15 0.2351 56930.5006561419 5.024874168588489e-05 -1.4498918031453658 -0.29999987095129743 0.0 0.38053820842469577 1.2925644960123939e-06 0.35888927174247853 0.5964430666625682 25.09008734778117 11.0 -19.13141096226462 1.3838237213597715 56915.267 57003.045 3 12 "Minimization exited successfully."
01298893 4 0.1962 56912.068663159116 0.00037985146313017083 -2.9998046416894564 -0.29988479719055805 0.0 0.7861305759033712 2.9163881561204696e-05 3.9999771090318204 0.39399214014446 6.202647951025697 0.0 -20.885021985812944 1.8537191634175834 56943.247 56992.064 0 4 "Minimization exited successfully."
01299643 33 0.38 56941.17012294983 2.5304093778377723e-05 0.5942603923922691 -0.10437763882174891 0.0 0.37855071465673973 9.875308970078156e-07 0.3265586852752307 0.041520356437080755 58.48920335417017 29.0 -19.5892338299224 0.950056687202288 56912.346 57018.075 6 27 "Minimization exited successfully."
01299775 6 0.1598 56941.08405623702 0.00016276718423365312 0.24220783137847235 -0.2996585146494429 0.0 0.5624762211373309 1.0501795294430571e-05 0.4701891113009842 0.548682621805348 9.363791681246822 2.0 -19.47274309709062 1.022211380678435 56927.224 57001.29 1 5 "Minimization exited successfully."
01299785 33 0.3813 56943.48861127923 1.7373561535294346e-05 -0.28485094602469285 0.05903790091542571 0.0 0.7289184542387375 1.1778844646856416e-06 0.4929213695505592 0.0732717866111289 10.294248782778325 29.0 -19.18880740851381 1.1041102160791247 56920.294 57025.076 7 26 "Minimization exited successfully."
01300516 17 0.3104 56949.66780643881 2.4034328926747507e-05 0.9269721622726363 0.2999999010681382 0.0 0.47073440719759674 7.296138798046362e-07 0.4339386864063439 0.5125528203421061 8.815052456561583 13.0 -19.02432742095057 0.8767309351568571 56923.291 57018.088 6 11 "Minimization exited successfully."
01300912 32 0.3376 56946.42969080338 1.9486877717950214e-05 -0.4028861075360428 0.059286285055702936 0.0 0.19785473393130815 5.307008133226265e-07 0.15551063965833545 0.025756777789502305 43.162712432380914 28.0 -19.003194393879774 1.1271658588652578 56920.205 57018.21 10 22 "Minimization exited successfully."
01301933 16 0.3299 56953.40537835117 3.2189337800014875e-05 -0.010316739354107263 -0.19939931125372362 0.0 0.3246401187607262 9.675884941767742e-06 0.25872254456303456 0.5231461397227638 14.972583824321386 12.0 -19.491638935726527 1.0652817739536928 56924.193 57025.1 5 11 "Minimization exited successfully."
01302058 14 0.1984 56959.617504678805 8.730157294784825e-05 0.5603289810380883 0.29999946181689213 0.0 0.17419073523706174 1.1993642444613206e-06 0.20925465697935297 0.5311569326703407 37.30316664276071 10.0 -19.31805347708325 0.9382633049928337 56935.363 57025.074 4 10 "Minimization exited successfully."
01302141 22 0.6088 57282.302628838 7.367862687193694e-06 -1.033504340206856 0.22201331337507452 0.0 1.5408749181078747 7.681227418362968e-06 1.0574621657598815 0.4310156730792324 15.811313536271976 18.0 -19.47895368767113 1.2451810118103914 57248.408 57365.041 7 15 "Covariance may not be accurate. Covariance not positive definite. Covariance forced positive definite."
01302187 9 0.2195 56953.292403965715 7.431771821843903e-05 -0.46311034252855876 -0.28533599709156493 0.0 0.8380963325616904 2.9046416065575675e-05 1.019105908742489 0.37456834813479345 1.2736020618704735 5.0 -19.387987731663575 1.1598360749943275 56932.171 57012.201 3 6 "Minimization exited successfully."
01302523 28 0.4239 57288.8146235624 1.5990160683285184e-05 0.31577477510795093 -0.025144835743641625 0.0 0.3287257729934936 5.081527471306746e-07 0.31296093090971966 0.03928101088748491 25.412604560703993 24.0 -19.371287649174427 0.9962978422138988 57265.391 57372.059 6 22 "Minimization exited successfully."
01302648 13 0.2319 56949.46366217314 6.44427344801607e-05 -0.7203633439287445 -0.2999201950991854 0.0 0.0004780450399266556 2.0737727598640858e-06 0.4038834454036674 0.47140181114850876 11.936618208189469 9.0 -19.368235956310023 1.215035389483905 56925.16 57017.076 4 9 "Minimization exited successfully."
01303004 18 0.2949 56960.86827800467 4.721206290304314e-05 1.4761721346358732 -0.29994104479134864 0.0 0.25433383056588355 1.0191556791827594e-06 0.29761477515208234 0.5140805512505761 36.484752447950356 14.0 -19.628898086570302 0.8055087055727697 56936.363 57033.042 5 13 "Minimization exited successfully."
01303279 8 0.1724 56965.9545925151 0.0001361767430588051 1.1362023789999736 0.29999985940583446 0.0 0.5261634183952992 4.822383078369186e-06 0.695030789311855 0.5144327958758907 49.202942875995774 4.0 -19.46208983211359 0.8423555595760597 56943.232 57033.164 2 6 "Minimization exited successfully."
01303496 10 0.1798 56966.200194429046 6.79767517065416e-05 -0.37597952367759646 0.29976125246049695 0.0 0.3370432914234698 2.752893459785631e-06 0.42086267906364716 0.588658973488347 24.473259381275337 6.0 -18.807655697072274 1.1067280980710947 56943.18 57032.147 3 7 "Minimization exited successfully."
01303883 17 0.2591 57286.32400366829 4.430466244256803e-05 -0.2060015374977766 0.2999999930629245 0.0 0.294413815750886 1.2499064802787292e-06 0.3909639356775907 0.5575894365317549 52.90370024943334 13.0 -19.236047599335887 1.0746329144697953 57265.225 57356.122 3 14 "Minimization exited successfully."
01303952 21 0.5626 57286.755397448534 8.64127243070667e-06 -1.3627700893969412 0.2999996761855758 0.0 0.9361017982628255 7.988197621822131e-07 0.875672170175533 0.5126919707728971 25.332381791963154 17.0 -19.44562924013684 1.3107737887435782 57249.283 57373.055 7 14 "Minimization exited successfully."
01304127 21 0.7286 57284.449419929 3.7647918328581612e-06 1.9999937228624383 0.2999892287536839 0.0 2.8037104680879565 3.327926096224896e-07 0.9575971178322176 0.5137442908409589 20.187223247161903 17.0 -19.232681381953594 0.7023724714474646 57249.286 57373.058 6 15 "Minimization exited successfully."
01304442 2 0.2171 56928.114001101865 1.1290278804504394e-06 0.029587905483899224 -0.09655617500485617 0.0 52.92332547292244 1.6009768667415992e-05 3.403934348211534 0.3440928067533826 355.3602796391543 -2.0 -14.811863623876043 1.0525474505997927 56943.355 56990.214 0 2 "Covariance may not be accurate. Covariance not positive definite. Covariance forced positive definite."
01304678 10 0.2188 56963.780073666705 6.879068973066894e-05 -1.1776097542991706 -0.2998414975314019 0.0 0.935419495403039 9.096067553511503e-06 0.9460440263660441 0.4860808791252896 3.3953003438207157 6.0 -19.296264149657432 1.3180051085672098 56943.232 57033.164 3 7 "Minimization exited successfully."
01305504 14 0.4956 56973.33069228393 1.318687570489585e-05 -0.2275027415652584 -0.2999085759941732 0.0 0.5926346942796954 3.869634608313915e-07 0.38157688058704586 0.5790621038430337 4.04610662705388 10.0 -19.57199120625456 1.1128226737197124 56943.274 57039.041 4 10 "Minimization exited successfully."
01305626 15 0.3257 56975.326198026545 3.20351429973581e-05 -0.1312114866881391 -0.19204357723213913 0.0 0.5564513426143094 1.8423155637598e-05 0.4313254059947469 0.3249005424140713 16.169130264646977 11.0 -19.45379126823586 1.0882359538247428 56949.133 57044.076 4 11 "Minimization exited successfully."
01306029 38 0.4289 57279.58557490327 1.2634301220051936e-05 1.6863178508871108 0.08680900607112607 0.0 0.9775540458176692 6.154340688582777e-07 0.6191544260559572 0.06179087819190654 45.78812312808406 34.0 -19.1476242707594 0.7596948636312248 57248.391 57355.214 12 26 "Minimization exited successfully."
01306073 15 0.3286 56972.12462928363 2.5418989494602198e-05 -1.1958179289870086 -0.29915677021737513 0.0 0.4606645582971396 1.0999046289122957e-06 0.30723678781039887 0.5874007427062824 2.4317909295956954 11.0 -19.22701238050411 1.322242130544744 56949.136 57044.076 3 12 "Minimization exited successfully."
01306141 32 0.3324 56977.08868445297 3.2769071246582795e-05 -0.059690253902259904 -0.07711089332178658 0.0 0.41208039257981 1.2742746464872188e-06 0.30557753410852095 0.04327641158366863 38.844596949276585 28.0 -19.528424521549393 1.068458968271191 56949.339 57051.149 8 24 "Minimization exited successfully."
01306360 19 0.4494 57281.05454466513 9.398371412625008e-06 -1.094152450768686 0.29978736936794775 0.0 2.2357306461199187 8.80956672458244e-07 1.352239034319591 0.5245063020122993 6.55525285096798 15.0 -18.94949607521045 1.2518166314501435 57255.415 57355.242 4 15 "Minimization exited successfully."
01306390 34 0.407 57280.33763986486 9.348099572684122e-06 -0.18663359097399645 0.16681838120426234 0.0 1.7892567046037584 9.288567935514252e-07 1.0221615213712427 0.1272079767694992 5.699893499534712 30.0 -18.684754442852693 1.0789701417055682 57253.403 57355.228 6 28 "Minimization exited successfully."
01306537 19 0.4795 57287.4924579058 1.1417657879592148e-05 0.7177661873001435 0.29999991976684043 0.0 0.7886076801078161 7.625518112577834e-07 0.9890535882405973 0.5775332848945638 20.869106677324424 15.0 -19.330538324867188 0.9116084033240845 57265.368 57372.241 4 15 "Minimization exited successfully."
01306626 36 0.4095 57284.8358609422 1.9428980716115764e-05 0.4942898050478961 -0.04471250471217175 0.0 0.43905562491636374 8.821172142556282e-07 0.45114227624953274 0.04931890605781501 31.08139181526149 32.0 -19.493851113410177 0.9652288330002072 57255.413 57355.242 8 28 "Minimization exited successfully."
01306785 11 0.5787 57283.405718173555 6.922986699833822e-06 -0.049867467588036174 0.2996182472334054 0.0 4.787363389390521 2.346451445676967e-06 3.8753096452699167 0.599808742341956 1.7431613393769694 7.0 -19.280015013920035 1.0458354899212061 57248.423 57311.111 6 5 "Minimization exited successfully."
01306980 22 0.5489 57282.871621528924 7.325505907121444e-06 -2.478246077038628 0.2965886632522184 0.0 1.9900709778012242 2.780451877916479e-06 1.09829773411083 0.3239422687521302 11.738654277385407 18.0 -19.200821495801506 1.5962158508889033 57252.233 57372.036 6 16 "Minimization exited successfully."
01306991 35 0.4217 57288.30307092081 1.8323613915147143e-05 -0.13587173238491124 -0.02971717625823428 0.0 0.9094891546592407 2.2539258297482614e-06 0.9561797711999852 0.14690077540475366 12.716789803380742 31.0 -19.505448886695206 1.0804651254474393 57265.212 57365.041 10 25 "Minimization exited successfully."
01307277 36 0.4107 57284.17005734811 1.0710464721502834e-05 -0.3907950752656486 0.2481442055659135 0.0 1.0590542655882018 1.1897877722627515e-06 1.0779439878861075 0.10983940842900777 19.555005908295563 32.0 -18.857462206929505 1.112901315499748 57256.295 57365.112 8 28 "Minimization exited successfully."
01307830 31 0.3493 57286.23540543793 1.849579146037117e-05 -1.771435313051291 -0.04455335206059108 0.0 0.2522219752027013 5.318259274883503e-07 0.23444642394104698 0.03834534168931279 24.75960782776899 27.0 -19.03219958001204 1.4419547440866083 57257.281 57356.144 7 24 "Minimization exited successfully."
01308314 37 0.4065 56977.63460127431 1.6753689977128116e-05 -0.26558190480944344 -0.05086823726281736 0.0 0.395711250599561 4.971902616363041e-07 0.3108958548313734 0.040947838452568275 31.84703989332177 33.0 -19.31356727141575 1.1067450182841192 56943.18 57051.149 12 25 "Minimization exited successfully."
01308326 16 0.3262 56976.426519129054 2.7087390147975677e-05 0.1265264832598625 0.29999995575822286 0.0 0.4105079982764437 5.943259731064361e-07 0.3764357861813594 0.02738670398640769 11.886967044391955 12.0 -19.278783329784567 1.0139414285581694 56956.143 57045.109 4 12 "Minimization exited successfully."
01308568 19 0.6431 57292.66075552516 5.6936739772750495e-06 1.9999956173608826 0.29970204337372425 0.0 1.6956726952412282 5.183016827350896e-07 3.7689131557573 0.3346907324149128 20.26622134185132 15.0 -19.34929385646723 0.7023801234024951 57256.269 57379.063 5 14 "Minimization exited successfully."
01308582 29 0.3669 57287.552731114105 2.513629582089616e-05 -0.6338020036706151 -0.05564610207215018 0.0 0.523116535936424 1.4163436371866785e-06 0.48463534232870165 0.06632239220201552 16.6057146299486 25.0 -19.49111499831042 1.1811115723282306 57265.391 57365.081 6 23 "Minimization exited successfully."
01308884 10 0.0772 57261.32400000053 0.0003752834250341369 -2.9999998830924235 -0.2999999990880273 0.0 0.00140657729934901 5.561148494004348e-06 0.008327070913704437 0.0015571862138483439 35700.210037520264 6.0 -18.679099056093403 1.8538105805490268 57278.247 57345.255 0 10 "Minimization exited successfully."
01308957 19 0.6187 57289.31017381723 5.696642255667572e-06 1.4076026591403252 0.2999999999359528 0.0 1.856807030559139 9.177898483148095e-07 3.805098238211759 0.5998108490485781 25.067950162175094 15.0 -19.24639027036347 0.7982938557965085 57253.334 57373.055 7 12 "Minimization exited successfully."
01309288 6 0.2684 56987.88281865854 4.486325624183108e-05 1.9979596974161744 0.2999998323454613 0.0 9.834251947773737 1.966509461778232e-05 4.329531527022263 0.4668619599849658 1.3004309426403782 2.0 -19.339510471611614 0.702705561833401 56963.244 57061.06 1 5 "Minimization exited successfully."
01309492 30 0.3335 56993.2146218355 3.458559658283123e-05 0.13218929562406156 -0.08631602579985712 0.0 0.10377839716238668 5.015043951797651e-07 0.10068162999110752 0.01422675499832883 73.4541425444059 26.0 -19.595573193031257 1.0328385692863762 56963.265 57066.064 9 21 "Minimization exited successfully."
01309749 19 0.7893 56986.69522435496 3.797973244162867e-06 0.5704887581304297 0.2999999999627276 0.0 0.9969368330894213 1.7683179515670658e-07 0.7445212050584533 0.5160622838438605 7.024414227954504 15.0 -19.454631888712687 0.9365314815347858 56956.156 57067.046 5 14 "Minimization exited successfully."
01310338 26 0.4388 56977.0001633104 1.5828778178109128e-05 -0.10585193086005784 0.06791635977673777 0.0 0.48491098976592184 4.7070410778976523e-07 0.4139676862919339 0.04392455561510869 16.002076484384663 22.0 -19.44957078070014 1.0693704589987725 56949.115 57052.039 5 21 "Minimization exited successfully."
