analysis_pipeline/fit_results/des_4_sn91bg_color_interpolation_red.ecsv
# %ECSV 0.9
# ---
# datatype:
# - {name: obj_id, datatype: string}
# - {name: num_points, datatype: int64}
# - {name: z, datatype: float64}
# - {name: t0, datatype: float64}
# - {name: x0, datatype: float64}
# - {name: x1, datatype: float64}
# - {name: c, datatype: float64}
# - {name: z_err, datatype: float64}
# - {name: t0_err, datatype: float64}
# - {name: x0_err, datatype: float64}
# - {name: x1_err, datatype: float64}
# - {name: c_err, datatype: float64}
# - {name: chi, datatype: float64}
# - {name: dof, datatype: float64}
# - {name: b_max, datatype: float64}
# - {name: delta_15, datatype: float64}
# - {name: tmin, datatype: float64}
# - {name: tmax, datatype: float64}
# - {name: pre_max, datatype: int64}
# - {name: post_max, datatype: int64}
# - {name: message, datatype: string}
# schema: astropy-2.0
obj_id num_points z t0 x0 x1 c z_err t0_err x0_err x1_err c_err chi dof b_max delta_15 tmin tmax pre_max post_max message
[from data line 111]
01316431 19 0.455 56988.86528759197 2.7478019859472625e-16 0.650000000086169 0.5224119083016339 0.0 20.1671847512589 0.030937023491370355 0.37124736100476435 0.7050050814112665 10044.31485009882 15.0 -20.20274089120297 2.2623565412851008 57001.165 57052.1 0 19 "Covariance may not be accurate."
01316437 11 0.455 56987.61985434762 2.7755575615628915e-18 0.6500004020199674 0.0030416573714544537 0.0 29.08190752185328 0.031035816103960917 0.37263991803606933 0.6373942866190412 175.68658075818982 7.0 -16.222878903186572 2.26233822887702 56980.2 57045.113 1 10 "Covariance may not be accurate."
01316465 21 0.455 56986.44834825701 9.71445146547012e-17 1.0059927280435927 0.501549486785666 0.0 23.154544430384703 0.030755952691980212 0.4368726546998454 0.7108483190675987 15123.604865342146 17.0 -19.10726615472644 1.665829386516993 57001.199 57067.046 0 21 "Covariance may not be accurate."
01317164 21 0.455 57288.958496929525 7.216449660063518e-17 0.6500345515649003 0.06534414489591783 0.0 30.665136944691767 0.03235654647462137 0.38619356761913004 0.5040719933771407 416.92116125524643 17.0 -19.65698734870591 2.2622542044050142 57276.375 57355.165 4 17 "Covariance may not be accurate."
01317277 27 0.455 56999.91135260063 7.216449660063518e-17 1.2029355337514096 0.10858924246842849 0.0 29.544070180472772 0.03074721564884072 0.4260094536931332 0.72086627775205 406.29925343828705 23.0 -19.579010296476394 1.488305810101945 56987.075 57052.042 7 20 "Covariance may not be accurate."
01317286 27 0.455 56999.59753601748 2.7755575615628915e-18 1.1367894065541448 0.04508800026317783 0.0 29.941136474975792 0.03129938444870559 0.35485171497949325 0.5172597131105853 8717.473635161423 23.0 -16.154238190497573 1.5398850184648438 56987.075 57052.042 7 20 "Covariance may not be accurate."
01317454 10 0.455 56994.65312146064 2.7755575615628915e-18 0.6500000000000231 0.004019142386912422 0.0 29.07004089880138 0.030952977989449855 0.3714357962440805 0.6406204428065585 363.02578401149117 6.0 -16.221331447721155 2.262339267790864 56987.035 57051.043 3 7 "Covariance may not be accurate."
01317666 25 0.455 57258.340538453165 1.6653345369377348e-16 0.6545464059288878 0.07751508980587313 0.0 26.43483416598974 0.03318970212753245 0.3723674240448429 0.5153998384394403 23051.274177291147 21.0 -20.543546446466394 2.2509762276273193 57273.339 57356.034 0 25 "Covariance may not be accurate."
01319366 35 0.455 57292.324605291746 1.0269562977782698e-16 1.2107244901522662 0.5946290639688254 0.0 0.014151638555631507 0.0 0.005252565443917612 0.004460940267002889 2680.0308483802496 31.0 -19.009724440370082 1.4828482820737712 57276.314 57372.107 10 25 "Covariance may not be accurate."
01319821 26 0.455 57013.71882512296 8.326672684688675e-18 1.1551155728575055 0.4798230368755416 0.0 4.280167938730301 0.0 0.0003209837856539277 0.0009054408010071568 2206.8212663524296 22.0 -16.491093849220515 1.5246925719733362 56992.127 57067.103 8 18 "Covariance may not be accurate."
01320166 9 0.455 56976.8607556407 2.7755575615628915e-18 0.650000002092364 0.09464270947115233 0.0 25.90973193615355 0.03618651520011865 0.43425585794307137 0.7163291856182605 424.06616491336825 5.0 -16.067341346382097 2.262342177682431 56991.115 57049.049 0 9 "Covariance may not be accurate."
01322229 7 0.455 57011.18949460929 2.7755575615628915e-18 0.6500000000132399 0.0037634663285566194 0.0 29.435368461257895 0.030922178888614087 0.3710673547539665 0.6398219065767645 564.240239205309 3.0 -16.22173642125635 2.262339260623289 57001.098 57052.048 2 5 "Covariance may not be accurate."
01322979 10 0.455 57014.841079863 2.7755575615628915e-18 0.65 6.658093015921018e-06 0.0 28.841885147565336 0.030828028447353502 0.3699363430915298 0.6138374708533642 3323.7540825126853 6.0 -16.22766960010465 2.2623391564377933 57008.065 57067.047 2 8 "Covariance may not be accurate."
01324542 10 0.455 57020.852281774336 0.0 0.7810181961267604 0.5001970649157498 0.0 0.0 0.0 0.0 0.0 210.3520884455812 6.0 inf nan 57011.092 57067.103 2 8 "Hesse Failed. Covariance may not be accurate. Covariance not positive definite."
01325358 0 0.7793 nan nan nan nan 0.005 nan nan nan nan nan nan nan nan nan nan 0 0 "Empty table passed to fit_lc."
01327978 32 0.455 57304.87980088631 6.938893903907228e-17 1.2373737455058587 0.5276692586041559 0.0 28.4885766351872 0.030789095280449465 0.3298196725865194 0.7170005733397968 116.40604857373035 28.0 -18.69991034332289 1.46495482981355 57283.133 57373.043 14 18 "Covariance may not be accurate."
01328066 22 0.455 57287.96558695053 2.7755575615628915e-18 1.0620865438186307 0.24585661450794466 0.0 31.884590129950084 0.03396927152910377 0.3932580517478111 0.6227515978661987 221.44974908146006 18.0 -15.748807551075053 1.6083551935624456 57273.1 57379.051 4 18 "Covariance may not be accurate."
01328105 23 0.455 57287.56955909384 5.551115123125783e-18 1.2431959729123336 0.001000485102028159 0.0 29.698980221735837 0.030880337308275697 0.395908997888285 0.6013932723191558 318.9231678539548 19.0 -16.978678304879306 1.4611584787157597 57273.1 57386.049 4 19 "Covariance may not be accurate."
01329166 0 0.7316 nan nan nan nan 0.005 nan nan nan nan nan nan nan nan nan nan 0 0 "Empty table passed to fit_lc."
01329196 0 0.7693 nan nan nan nan 0.005 nan nan nan nan nan nan nan nan nan nan 0 0 "Empty table passed to fit_lc."
01329312 15 0.455 57299.00597118497 5.551115123125783e-18 0.7172697382535651 0.0010311671461061822 0.0 29.70135113678043 0.030906321679162616 0.435396368025073 0.6011840094800689 230.99568410578198 11.0 -16.978629942762296 2.1058786695119736 57283.215 57387.044 4 11 "Covariance may not be accurate."
01329615 16 0.455 57274.11306157577 2.7755575615628914e-17 1.2475768617984517 0.85855589040409 0.0 1.4294544730582857 1.387778780781447e-18 0.05946362971362973 0.09079246325786261 142.18070928965466 12.0 -17.07440796610943 1.4583473441671941 57278.306 57385.114 0 16 "Covariance may not be accurate."
01330031 26 0.455 57275.16271439247 9.658940314238863e-16 1.1645221956563498 0.5883530260341456 0.0 31.94701007191179 0.041191938593960115 0.5391204960496205 0.6867495844359577 37255.07578838052 22.0 -21.454566099174016 1.5171580558848525 57290.065 57376.044 0 26 "Covariance may not be accurate."
01330426 34 0.455 57313.20993755635 1.249000902703301e-16 0.6500005081050441 0.4949967101629678 0.0 0.02057529713420081 0.0 1.6205781133704633e-07 0.000124162538366418 6599.03560416268 30.0 -19.394864970607394 2.2623549859515286 57288.215 57387.185 8 26 "Covariance may not be accurate."
01330642 17 0.455 57298.362525170014 0.0 0.8547619615276472 0.5001978519094856 0.0 0.0 0.0 0.0 0.0 1724.483281226858 13.0 inf nan 57283.215 57402.062 4 13 "Hesse Failed. Covariance may not be accurate. Covariance not positive definite."
01330903 21 0.455 57297.364423314226 2.7755575615628915e-18 0.6500000973830794 0.10569496977475545 0.0 29.821972090998315 0.03196672921847412 0.383492448509655 0.538723147040605 136.84423258018305 17.0 -16.046974124241043 2.262342355346231 57276.317 57396.103 5 16 "Covariance may not be accurate."
01331123 34 0.455 57282.05385206073 1.4710455076283326e-16 1.249709101213769 0.49018096005324374 0.0 0.011152342671266524 1.3877787807814407e-18 0.002007828202206685 0.001957084479701665 1457.685836281447 30.0 -19.584227150113726 1.456979461917797 57297.034 57386.049 0 34 "Covariance may not be accurate."
01331993 0 0.7196 nan nan nan nan 0.005 nan nan nan nan nan nan nan nan nan nan 0 0 "Empty table passed to fit_lc."
01332059 19 0.455 57296.24557276227 5.551115123125783e-18 0.6500003240458958 0.0006886273201762161 0.0 29.096594809849194 0.03087440347267719 0.37067978563643506 0.6037293298983059 247.77468965505955 15.0 -16.979169951731983 2.2623383598235485 57288.203 57403.103 2 17 "Covariance may not be accurate."
01332413 17 0.455 57282.187214396225 1.3877787807814457e-17 1.2238985944213354 0.10742340760925723 0.0 25.977946822502417 0.03181513951151547 0.32016562768427187 0.7205146085729554 245.97806333432675 13.0 -17.791179248861106 1.4738542928918896 57297.151 57403.061 0 17 "Covariance may not be accurate."
01333246 16 0.455 57284.22371653147 5.551115123125783e-18 1.000756801425065 0.007304385320703433 0.0 24.81573274816037 0.03122922010141977 0.4152421005220505 0.649072633401766 99.80045426695878 12.0 -16.96868951677611 1.6714976672526092 57299.227 57403.103 0 16 "Covariance may not be accurate."
01333438 9 0.455 57282.49210587706 5.551115123125783e-17 0.9796855163173576 0.452182639325272 0.0 25.764120226165687 0.030955414701394054 0.43242446132844564 0.7006309643530293 11.640896706317664 5.0 -18.61428434678151 1.695047379836197 57311.292 57406.124 0 9 "Covariance may not be accurate."
01334084 11 0.455 57326.250639088066 2.8310687127941495e-16 0.7931092754736238 0.11913937186965146 0.0 29.412737090602604 0.030749186478777446 0.37153311950881435 0.7238389124487229 408.57208291111397 7.0 -21.043172894109478 1.9587600637888194 57315.21 57396.101 2 9 "Covariance may not be accurate."
01334087 15 0.455 57328.855354291925 1.4710455076283326e-16 0.6500000666743858 0.774278449017428 0.0 29.754170275718934 0.031105053432824187 0.3733466160539082 0.7389340689100805 240.9557144141388 11.0 -19.03221667161758 2.2623572940035253 57311.299 57403.103 5 10 "Covariance may not be accurate."
01334302 19 0.455 57286.03300310874 8.326672684688675e-18 1.0843849933198655 0.3266296555030769 0.0 28.434796602788992 0.03555036994790449 0.4891800627060117 0.6574678279501845 218.51603646264283 15.0 -16.803474976045127 1.5869509933377515 57301.038 57407.048 0 19 "Covariance may not be accurate."
01334423 14 0.455 57298.037579672695 9.992007221626409e-17 0.9705961565051848 0.47774623639075997 0.0 26.895412302288605 0.030756882290700092 0.4211889045855945 0.7051715045139589 286.9183184254262 10.0 -19.19394290760302 1.705565727604732 57312.145 57408.057 0 14 "Covariance may not be accurate."
01334448 16 0.455 57316.2644282127 2.7755575615628915e-18 0.9721548741639949 0.10686740761099711 0.0 34.22044347449628 0.03908451292136051 0.4359020422736493 0.7203452796506377 41.58424485032785 12.0 -16.044791131542922 1.703734672337081 57301.286 57402.056 4 12 "Covariance may not be accurate."
01334470 15 0.455 57319.0310399548 0.0 1.2182612276267781 0.5001602094664496 0.0 0.0 0.0 0.0 0.0 292.7185020980402 11.0 inf nan 57305.286 57402.056 3 12 "Hesse Failed. Covariance may not be accurate. Covariance not positive definite."
01334597 23 0.455 57300.29681220089 9.992007221626409e-17 1.2435057858941143 0.04068354500285731 0.0 23.837709825635102 0.03074638736047454 0.393584237698757 0.6886924475743466 14283.784030290011 19.0 -20.052391622549422 1.4609591354897518 57316.101 57403.073 0 23 "Covariance may not be accurate."
01334620 29 0.455 57332.112063456436 8.604228440844963e-17 0.6500010217623687 0.11208960641746357 0.0 nan 0.0 2.8022724302134705e-06 0.001021196535748753 414.5333761698544 25.0 -19.763417389489543 2.2623402780078727 57311.284 57403.064 10 19 "Covariance may not be accurate."
01334644 27 0.455 57316.51548427809 8.326672684688674e-17 0.6501236028515994 0.9247532074133042 0.0 0.011316777585307136 0.0 4.671558997748626e-06 0.11634693679100683 919.7267586707404 23.0 -18.135819357506584 2.26204412311143 57311.284 57403.064 4 23 "Covariance may not be accurate."
01334645 28 0.455 57322.629873056096 5.551115123125783e-17 1.245724327185935 0.016337270843137297 0.0 29.439354043446656 0.030746884771869716 0.34674722254687335 0.55783329706265 1873.0392920640645 24.0 -19.45421434014689 1.4595268226436175 57311.284 57403.064 6 22 "Covariance may not be accurate."
01334707 0 0.6488 nan nan nan nan 0.001 nan nan nan nan nan nan nan nan nan nan 0 0 "Empty table passed to fit_lc."
01334879 17 0.455 57287.246034838936 0.0 1.189637958344742 0.5002014264759671 0.0 0.0 0.0 0.0 0.0 1421.8591134641579 13.0 inf nan 57304.304 57426.068 0 17 "Hesse Failed. Covariance may not be accurate. Covariance not positive definite."
01335472 15 0.455 57315.64615109899 2.7755575615628915e-18 0.6500000000409626 1.0879758649551263e-08 0.0 28.471334044577816 0.031044459048827574 0.37253150366221127 0.6148807461014916 477.1474487209854 11.0 -16.227680069457463 2.26233915615132 57311.027 57403.05 2 13 "Covariance may not be accurate."
01335564 14 0.455 57321.32478131169 8.326672684688675e-18 0.650040913082829 0.17379976700822763 0.0 27.369031322032242 0.032603617801470614 0.3889518350360367 0.584455550674571 149.72972761320048 10.0 -17.105066650944927 2.262242616907571 57311.287 57427.065 3 11 "Covariance may not be accurate."
01335694 20 0.455 57342.082551345105 6.938893903907228e-17 0.8077585379567598 0.5181925980893014 0.0 3.4325159709042055 1.3877787807814407e-18 0.006935836284952757 0.015287983096541113 3460.096566292659 16.0 -18.71535039971122 1.9339397037719195 57325.216 57408.058 8 12 "Covariance may not be accurate."
01335717 25 0.455 57341.52740801434 1.942890293094024e-17 0.7510351643659108 0.04649244030920102 0.0 29.692978402770677 0.030925124443572018 0.34832399555973387 0.5156528745751077 6403.520212878407 21.0 -18.26461397765435 2.0362757950863752 57327.096 57406.115 6 19 "Covariance may not be accurate."
01335718 0 0.6993 nan nan nan nan 0.005 nan nan nan nan nan nan nan nan nan nan 0 0 "Empty table passed to fit_lc."
01335868 16 0.455 57300.23713756754 5.551115123125783e-18 1.2329908966133658 0.025223357984837103 0.0 25.19493817681723 0.031813958489541064 0.4214721082766842 0.5431544882460893 310.8787702637431 12.0 -16.939783621668003 1.4678136308494167 57315.236 57425.154 0 16 "Covariance may not be accurate."
01336008 13 0.455 57310.017547112046 4.718447854656916e-17 1.2496981371577642 0.052652201980816216 0.0 25.189607648087986 0.03179509279096594 0.3754732784860741 0.6967889279706729 354.21259618941104 9.0 -19.217537765110688 1.4569741650865744 57325.017 57403.052 0 13 "Covariance may not be accurate."
01336009 13 0.455 57311.9380377954 2.7755575615628915e-18 0.6500000000487399 0.0004855729353985816 0.0 22.231252578581916 0.03373789691947514 0.4048574408495158 0.6055440612541793 463.6236379401484 9.0 -16.22691504403594 2.262339169537654 57325.016 57403.052 0 13 "Covariance may not be accurate."
01336453 20 0.455 57314.1692806873 3.0531133177191805e-16 0.6901714948521838 0.4880877072829382 0.0 24.552340491940413 0.03074623004770334 0.30337374526430183 0.7077718370445192 6446.187209658932 16.0 -20.382067312461245 2.1662511451715147 57329.173 57403.103 0 20 "Covariance may not be accurate."
01336480 21 0.455 57310.11703644303 2.609024107869118e-16 0.6650288043596111 0.3792227941116223 0.0 25.44739427510285 0.03196992287159038 0.42149290796681715 0.731898867690143 778.9857179797182 17.0 -20.446051488498686 2.225315507464 57325.115 57403.103 0 21 "Covariance may not be accurate."
01336687 22 0.455 57312.06320510317 1.0824674490095277e-16 1.2178371403804227 0.5248701838466505 0.0 24.621204964339995 0.030824331972642734 0.41842109681212464 0.7168953280537047 4466.454139046251 18.0 -19.187305164544476 1.4779603909569694 57327.067 57403.064 0 22 "Covariance may not be accurate."
01337117 12 0.455 57314.035488579844 1.1102230246251566e-17 1.2426579795753443 0.05864931618353131 0.0 26.32444594599656 0.03323009716844291 0.42734244726975773 0.50258503746201 550.722857402537 8.0 -17.636290490603546 1.4615079614335116 57329.035 57403.051 0 12 "Covariance may not be accurate."
01337221 0 0.6688 nan nan nan nan 0.005 nan nan nan nan nan nan nan nan nan nan 0 0 "Empty table passed to fit_lc."
01337228 14 0.455 57310.03251733816 0.0 1.2005868824533847 0.5002002646883702 0.0 0.0 0.0 0.0 0.0 140.57603339612473 10.0 inf nan 57325.03 57407.048 0 14 "Hesse Failed. Covariance may not be accurate. Covariance not positive definite."
