analysis_pipeline/fit_results/des_4_sn91bg_color_interpolation_all.ecsv
# %ECSV 0.9
# ---
# datatype:
# - {name: obj_id, datatype: string}
# - {name: num_points, datatype: int64}
# - {name: z, datatype: float64}
# - {name: t0, datatype: float64}
# - {name: x0, datatype: float64}
# - {name: x1, datatype: float64}
# - {name: c, datatype: float64}
# - {name: z_err, datatype: float64}
# - {name: t0_err, datatype: float64}
# - {name: x0_err, datatype: float64}
# - {name: x1_err, datatype: float64}
# - {name: c_err, datatype: float64}
# - {name: chi, datatype: float64}
# - {name: dof, datatype: float64}
# - {name: b_max, datatype: float64}
# - {name: delta_15, datatype: float64}
# - {name: tmin, datatype: float64}
# - {name: tmax, datatype: float64}
# - {name: pre_max, datatype: int64}
# - {name: post_max, datatype: int64}
# - {name: message, datatype: string}
# schema: astropy-2.0
obj_id num_points z t0 x0 x1 c z_err t0_err x0_err x1_err c_err chi dof b_max delta_15 tmin tmax pre_max post_max message
01248677 59 0.3502 56551.17775983203 5.551115123125783e-17 1.2493979820755308 0.11134754169726768 0.0 14.239046255450376 0.0 1.267946484229121e-05 0.0003637797628905648 22520.506100897277 55.0 -18.616163650369952 1.4571683048892936 56538.281 56629.123 9 50 "Covariance may not be accurate."
01250017 60 0.1817 56519.235700575824 6.716849298982198e-16 0.6887443882674199 0.1422711512525654 0.0 24.73490473259517 0.030746234134774234 0.3019755963773026 0.564715005364069 34694.40899633921 56.0 -19.638962878074818 2.1695116833125425 56534.233 56616.08 0 60 "Minimization exited successfully."
01253039 74 0.4535 56532.277859375194 0.0 1.0240654544729255 0.5001549361664821 0.0 0.0 0.0 0.0 0.0 6114.554930270215 70.0 inf nan 56547.268 56653.094 0 74 "Hesse Failed. Covariance may not be accurate. Covariance not positive definite."
01253101 68 0.4596 56528.09775380398 0.0 1.0975397035333265 0.5001381684924199 0.0 0.0 0.0 0.0 0.0 2805.950933531465 64.0 inf nan 56543.092 56657.052 0 68 "Hesse Failed. Covariance may not be accurate. Covariance not positive definite."
01253920 58 0.1956 56584.18387453676 3.9968028886505636e-16 0.7748002441833268 0.005040929544640749 0.0 3.257315620430745e-05 1.3877787807814407e-18 1.5893255892629465e-05 0.002437831034661303 10948.040911316795 54.0 -19.496595037634787 1.9913070238669768 56559.19 56649.173 20 38 "Covariance may not be accurate."
01255502 29 0.1482 56586.81242254517 3.608224830031759e-16 1.012291883337439 0.9813069345928622 0.0 0.09900613942954806 0.0 0.0006763942472697293 0.05425673337046877 4990.972707749755 25.0 -16.816374188939978 1.6590710279311018 56563.266 56653.077 6 23 "Covariance may not be accurate."
01257366 40 0.2114 56575.34493667406 3.858025010572419e-16 0.884239680790196 0.4003056963583899 0.0 24.76347375527621 0.030746454580326727 0.4382659650668967 0.6832349448947206 1516.6852688830645 36.0 -18.899043488501903 1.8175654406765958 56590.341 56682.089 0 40 "Covariance may not be accurate."
01257695 48 0.1838 56575.0335926445 3.8025138593411614e-16 1.2446311776695897 0.5001860029259393 0.0 0.010829777893377468 1.2490009027033016e-17 0.0039578622923760465 0.12302827346022233 34327.56422079762 44.0 -18.32148568949715 1.4602452602568334 56590.025 56675.078 0 48 "Covariance may not be accurate. Covariance not positive definite. Covariance forced positive definite."
01258906 56 0.3492 56579.02548118372 5.551115123125783e-17 1.2419504046799954 0.36800929509615954 0.0 24.939858159865253 0.03158346891815046 0.39614742882286486 0.6776524857819028 2376.041156985309 52.0 -18.107237370053145 1.4619754369217155 56594.012 56695.038 0 56 "Covariance may not be accurate."
01258940 70 0.4259 56575.315807029285 2.7755575615628915e-18 0.9936732653422596 0.015422506189660401 0.0 27.19193626544802 0.03373072735198175 0.45674633678250937 0.5595341878218706 1939.572270491794 66.0 -16.031946700567822 1.679286648316264 56590.311 56697.043 0 70 "Covariance may not be accurate."
01259412 47 0.3047 56613.346248049544 1.5543122344752193e-16 0.959243618165947 0.5459725558665256 0.0 0.013729442671319703 1.3877787807814407e-18 0.0032084788039575263 0.0016159577214399645 16824.1956182465 43.0 -18.520331161569136 1.7190456193772619 56602.144 56697.078 7 40 "Covariance may not be accurate."
01261579 40 0.3222 56632.71161902007 8.604228440844963e-17 0.650978894237327 0.44094941568379104 0.0 0.026888265769230202 0.0 7.782176381515571e-05 7.168880157906732e-05 16263.431190028548 36.0 -18.230844358185344 2.259894514044909 56615.111 56697.079 8 32 "Covariance may not be accurate."
01262214 68 0.6894 56610.226010958024 2.4980018054066023e-17 0.6680600795276538 0.018401518941735806 0.0 24.794743028120138 0.03114669930399104 0.41346419579803756 0.6672412294812363 5380.719524646732 64.0 -19.677920452633703 2.2180061359775287 56625.224 56698.051 0 68 "Covariance may not be accurate."
01262715 46 0.6894 56610.225814463054 5.551115123125783e-18 0.9836453562021 0.021287608698426108 0.0 25.51164031177177 0.03174072429998719 0.423218454321574 0.5493020939238391 7362.802503215053 42.0 -18.04020897188807 1.6905250174455588 56625.224 56697.09 0 46 "Covariance may not be accurate."
01263369 36 0.3125 56668.41467203232 5.551115123125783e-18 1.2467183383702638 0.007678103100156097 0.0 29.49929529496876 0.03284121431807713 0.37253351171201604 0.6498849020470977 4287.515597830644 32.0 -16.006965720869967 1.4588865981648276 56645.136 56697.043 16 20 "Covariance may not be accurate."
01263715 35 0.2919 56665.76365384178 1.0547118733938988e-16 1.2471758523319199 0.08554671275177766 0.0 28.817592645482364 0.030746403693066828 0.3510282661647189 0.712938856716208 1491.1250731248692 31.0 -18.90083805541776 1.4585943482110828 56645.05 56694.039 15 20 "Covariance may not be accurate."
01275946 72 0.2321 57259.74791686902 2.525757381022231e-16 0.6500000014906633 0.5000222163059456 0.0 20.76117990496641 1.3877787807814654e-18 3.2353658308004185e-08 0.0013035437276379125 30536.82075455465 68.0 -18.445812380102144 2.2623564623556476 57248.373 57329.035 15 57 "Covariance may not be accurate. Covariance not positive definite. Covariance forced positive definite."
01279500 45 0.235 57264.141506862834 5.551115123125783e-18 1.2479775215943412 1.2114815983732541e-08 0.0 0.0010306392650818452 0.0 2.0371853906020476e-06 0.07161399380557837 52397.10509437725 41.0 -15.309499066790405 1.4580768992271977 57249.293 57319.287 11 34 "Covariance may not be accurate."
01280217 63 0.359 57254.93811487185 9.436895709313832e-17 1.24767839053316 0.8036633591620621 0.0 28.745695761059324 0.03075617898573311 0.3842208857909754 0.597311585049437 1096.8415344533082 59.0 -17.89152102142622 1.4582828752424426 57248.388 57329.175 8 55 "Covariance may not be accurate."
01281668 83 0.3071 57261.04128118063 2.4424906541753446e-16 0.7206738855917973 0.9752334144428534 0.0 29.78530584719192 0.03107441734298418 0.32723132301007096 0.5438442436162918 5223.422038525274 79.0 -18.18710822704003 2.09857427239805 57248.373 57342.028 16 67 "Covariance may not be accurate."
01281886 70 0.384 57262.73238748471 4.718447854656916e-17 1.1759153640716475 0.36053471068824494 0.0 30.895206213612255 0.0324833020418289 0.33112195025799823 0.6781483031405696 851.2439778260202 66.0 -18.187373351967164 1.5082759414511067 57248.388 57345.234 12 58 "Covariance may not be accurate."
01282736 72 0.3689 57261.26542579689 2.7755575615628915e-18 0.6732131532456324 0.016286073766784148 0.0 29.933079746810108 0.031351454636433365 0.42069253607211116 0.5579273158900322 1613.2329389088372 68.0 -15.661482791476764 2.205720384187501 57249.279 57346.032 11 61 "Covariance may not be accurate."
01283373 61 0.2075 57234.47577851216 2.7755575615628914e-16 1.2231177802673927 0.0015793604915435022 0.0 23.97428187702826 0.030746485007562385 0.41499917630540645 0.5978597298233476 5305.366489854655 57.0 -19.249721488386367 1.474375572479417 57249.423 57332.081 0 61 "Covariance may not be accurate."
01283878 56 0.3135 57274.04749162391 1.942890293094024e-17 0.7007916339006749 0.49992957327124093 0.0 23.226130808230664 0.03081715650446256 0.4285601526269996 0.7112556755372473 887.2040963086074 52.0 -16.409379729082946 2.142179939184775 57249.293 57339.187 15 41 "Covariance may not be accurate."
01283936 85 0.369 57260.0893447247 3.885780586188048e-17 1.2334081854995333 0.5126370726013981 0.0 0.020282503432099475 0.0 0.5263330930676039 0.00029632139721869066 353.29195129795244 81.0 -17.555223898781364 1.4675525722865004 57248.373 57347.084 16 69 "Covariance may not be accurate."
01285160 72 0.7493 57234.40365798607 7.216449660063518e-17 0.6603484487000759 3.972828585940835e-06 0.0 24.778733175004163 0.030887563357281222 0.4013589253238266 0.6140851137560972 2261.2516291777793 68.0 -21.08156974298275 2.2366776387238403 57249.403 57372.178 0 72 "Covariance may not be accurate."
01285317 92 0.5649 57267.764566115446 2.7755575615628914e-17 1.2499884980321463 0.07831511991412127 0.0 0.995265792535065 0.0 2.269593940584791e-05 0.002758885606895356 296.3561435445117 88.0 -19.162798107553485 1.4567888036696175 57248.373 57356.127 20 72 "Covariance may not be accurate."
01286398 52 0.1503 57265.96273481153 1.582067810090848e-16 1.208589046473815 0.4374880048982456 0.0 27.601094227462454 0.04878015074053946 0.30455366518575183 0.6663350643223158 2879.9284979397876 48.0 -17.032020587373943 1.4843331186439954 57249.293 57331.145 13 39 "Covariance may not be accurate."
01287626 23 0.304 56638.05312648842 7.494005416219807e-17 0.950033100658705 0.03854400621878423 0.0 0.00029276144050527364 1.387778780781447e-18 0.00020120749386842718 0.5495483534264217 6748.089353761097 19.0 -18.713096259398178 1.7302536012562086 56653.047 56697.072 0 23 "Covariance may not be accurate."
01289288 81 0.2897 57255.1094193993 7.771561172376097e-17 0.6504472364338706 0.41119566666314344 0.0 0.16350552173389588 1.387778780781447e-18 0.0011221735932127053 0.0012671274929540732 1608.870763375241 77.0 -17.915923342270116 2.26122872939537 57248.373 57347.084 6 75 "Covariance may not be accurate."
01289555 79 0.5588 57262.494807066665 5.551115123125783e-18 1.2469891021775532 0.07997683330393018 0.0 30.637448908026272 0.03213063847967513 0.36556588452915056 0.5175856425405169 930.0592517095746 75.0 -17.383813277390352 1.458714288094722 57248.388 57365.115 12 67 "Covariance may not be accurate."
01289600 64 0.4196 57238.293697430316 7.494005416219807e-17 1.2221737557814565 0.49860351807803793 0.0 39.15240516625636 0.049089112538195506 0.3094704094931415 0.5923395973531135 5763.395536262868 60.0 -18.621751306555986 1.475024523496593 57253.285 57365.221 0 64 "Covariance may not be accurate."
01289656 75 0.5394 57234.47294181562 7.771561172376097e-17 0.8314381233100142 0.003944377349959394 0.0 25.363620252115652 0.030966633901153208 0.38869404286933207 0.5906255823927259 550.0173511850572 71.0 -20.283841505643622 1.895824563785716 57249.423 57355.245 0 75 "Covariance may not be accurate."
01289664 64 0.2491 57260.97294097753 1.1379786002407856e-16 1.23775111953567 0.27097216905429006 0.0 29.11546630081284 0.030746359106869146 0.3304426415106811 0.6343590766381123 9955.024242676263 60.0 -18.209996213166797 1.464703775134776 57252.303 57345.234 7 57 "Covariance may not be accurate."
01290779 44 0.3895 56909.99237107027 5.551115123125783e-18 1.1801688658924214 0.02109130573055784 0.0 20.318518097039487 0.03131048202789221 0.3280503717863013 0.683279806767202 3186.487340402911 40.0 -16.545362949836345 1.5050209551978462 56887.39 56973.322 12 32 "Covariance may not be accurate."
01290816 40 0.2185 56896.21319191388 3.58046925441613e-16 1.1924401207003101 0.9462555204478269 0.0 0.0003174538360326551 0.0 3.183350975488608e-06 0.010091372570749824 16492.395661802093 36.0 -17.8237813758308 1.495885596763653 56887.39 56960.278 8 32 "Covariance may not be accurate."
01291080 52 0.4438 56899.48815426685 1.3877787807814457e-17 0.9689271187553802 0.01982484070988716 0.0 30.154953693116113 0.03163987285367195 0.4272039395140327 0.6690176537305109 745.4320301522192 48.0 -17.878776056042657 1.7075100877658969 56887.268 56973.078 8 44 "Covariance may not be accurate."
01291090 51 0.292 56899.54211530994 2.8588242884097783e-16 1.0192372892878665 0.44330969266312087 0.0 29.514085006860114 0.030746247364061105 0.40689915062231824 0.6959811251531695 4231.893461578217 47.0 -19.281814963269653 1.6517217850178518 56887.211 56973.028 8 43 "Covariance may not be accurate."
01291794 72 0.3951 57274.65988333254 3.33066907387547e-17 1.2470446469152767 0.5072084650273855 0.0 0.027891313540749252 0.0 0.36609724133432303 0.005661022912686164 741.3866231985537 68.0 -17.57156317214981 1.4586904467258606 57252.289 57356.174 15 57 "Covariance may not be accurate."
01291957 60 0.36 56862.181627140635 1.1102230246251566e-17 0.7531258210345343 0.002987095575434584 0.0 25.21525495311289 0.031343577290141526 0.3485472515723643 0.5912773916400317 4151.532423404177 56.0 -17.125565768051587 2.032188444318468 56877.179 56980.031 0 60 "Covariance may not be accurate."
01292145 73 0.4925 57263.89115551141 3.608224830031759e-17 1.2173051385771374 0.8440121712813498 0.0 0.0006758693598385435 1.3877787807814438e-18 8.380224673676384e-05 0.00014259122957888115 299.10280551549965 69.0 -17.59233625723273 1.4783220481630224 57252.289 57356.174 11 62 "Minimization exited successfully."
01292195 81 0.8293 57273.50450185023 8.326672684688675e-18 0.6500000002883601 0.4931759658569411 0.0 21.89664829353933 0.030857803372447513 0.3702881486473881 0.7101654462049254 1138.0442366854838 77.0 -18.047393719132195 2.2623561917021746 57249.403 57389.163 12 69 "Covariance may not be accurate."
01292332 49 0.2735 56899.16022456836 1.4710455076283326e-16 0.8731319133539129 0.5001102783326592 0.0 31.04666864428509 1.3877787807814407e-18 0.00013815659944543812 0.0002325215870570274 3222.1247568604726 45.0 -18.264949787743312 1.8334199689997455 56890.328 56973.19 5 44 "Covariance may not be accurate. Covariance not positive definite. Covariance forced positive definite."
01292336 49 0.2336 56899.84253574172 9.992007221626409e-17 1.2404619599825542 0.04554025998281008 0.0 29.23565558084738 0.03074688484492773 0.3351880794325884 0.6921756805107918 895.0858459413473 45.0 -18.358776368931366 1.462931291737494 56890.328 56973.19 5 44 "Covariance may not be accurate."
01292560 48 0.2248 56895.85456832564 1.9151347174783951e-16 1.1980204800058811 0.01621680401564779 0.0 28.54700765943562 0.03074623039381297 0.3093006161521507 0.5580557537287494 5182.669313679618 44.0 -19.019205807503873 1.4918198087899235 56890.263 56973.042 3 45 "Covariance may not be accurate."
01293319 57 0.2969 56899.56866804764 5.551115123125783e-18 1.2499727483862944 0.0008428015286715551 0.0 30.313807059334067 0.031863136347795334 0.3841546889868404 0.6269401668734456 11805.749093198827 53.0 -15.88906065737465 1.456796909231901 56887.268 56980.072 8 49 "Covariance may not be accurate."
01293758 35 0.1472 56876.38400014502 2.969846590872294e-16 1.1781798253742772 1.7015584143353912e-06 0.0 5.533511284738779e-07 0.0 4.494445171099315e-05 0.0006033482664872525 8916.994567157328 31.0 -18.49995697504733 1.50653297071878 56891.384 56980.044 0 35 "Covariance may not be accurate."
01294014 39 0.3627 56892.98982975935 6.66133814775094e-17 1.2359158487782973 0.4581418371535217 0.0 27.803346239601524 0.030757626914515702 0.32804436919735797 0.7001349954811193 1928.0645765679021 35.0 -18.215376021605678 1.4659064685835617 56890.386 56990.199 2 37 "Covariance may not be accurate."
01294743 47 0.3126 56896.46821880301 7.494005416219807e-17 1.1837201198138427 0.5274314961789123 0.0 28.74588495574062 0.03087995283692815 0.3254125000768027 0.7181942685169944 1439.5425650254722 43.0 -17.82353718740808 1.5023550099249938 56890.285 56980.127 3 44 "Covariance may not be accurate."
01295027 71 0.4254 56899.36437742329 4.4408920985006264e-17 0.6583888592596837 0.0009432726618743836 0.0 30.966876341997704 0.03295391057081641 0.35996599226412984 0.6276236773604624 543.8060693947667 67.0 -19.062291637719824 2.2414811203967915 56887.268 56992.069 8 63 "Covariance may not be accurate."
01295256 60 0.4425 56892.096395119064 2.7755575615628915e-18 0.6500000025285773 0.09764573504641888 0.0 25.468276398649323 0.04019376627543009 0.48230618005670484 0.7173699532941843 3735.0183543103294 56.0 -15.989596352167542 2.262342288470453 56904.295 57012.089 0 60 "Covariance may not be accurate."
01295305 63 0.6117 56875.28724704711 1.665334536937735e-17 0.7209735788468316 0.01803998884245689 0.0 25.558915273100865 0.03211856196186588 0.4526604493268538 0.6667764065663219 3696.3525259743847 59.0 -18.920589871136716 2.09792079348221 56890.285 57005.143 0 63 "Covariance may not be accurate."
01295921 54 0.5239 56912.62408976521 3.885780586188048e-17 1.2245626384036505 0.872998600930725 0.0 4.874410106458527 0.0 0.006609433423413469 0.010563265917756137 225.81249348702107 50.0 -17.780345572068164 1.4734192535780934 56890.386 56990.201 8 46 "Covariance may not be accurate."
