analysis_pipeline/fit_results/des_4_sn91bg_color_interpolation_all.ecsv
# %ECSV 0.9
# ---
# datatype:
# - name: obj_id
#   datatype: string
# - name: num_points
#   datatype: int64
# - name: z
#   datatype: float64
# - name: t0
#   datatype: float64
# - name: x0
#   datatype: float64
# - name: x1
#   datatype: float64
# - name: c
#   datatype: float64
# - name: z_err
#   datatype: float64
# - name: t0_err
#   datatype: float64
# - name: x0_err
#   datatype: float64
# - name: x1_err
#   datatype: float64
# - name: c_err
#   datatype: float64
# - name: chi
#   datatype: float64
# - name: dof
#   datatype: float64
# - name: b_max
#   datatype: float64
# - name: delta_15
#   datatype: float64
# - name: tmin
#   datatype: float64
# - name: tmax
#   datatype: float64
# - name: pre_max
#   datatype: int64
# - name: post_max
#   datatype: int64
# - name: message
#   datatype: string
# schema: astropy-2.0
obj_id num_points z t0 x0 x1 c z_err t0_err x0_err x1_err c_err chi dof b_max delta_15 tmin tmax pre_max post_max message
01248677 59 0.3502 56565.70054192158 5.551115123125783e-18 0.6721836683327196 0.5001786528737657 0.0 72.33022233393422 0.030925198857090136 0.41398988999213077 0.7126659329368575 70377.61571631982 55.0 -15.329013362045405 2.2081791333243324 56538.281 56629.123 19 40 "Covariance may not be accurate."
01250017 60 0.1817 56582.6469707279 3.4972025275692435e-16 1.0426568307165234 0.9999618063838335 0.0 0.0011717115521605592 0.0 3.356727439196572e-05 0.0005905963922791524 48129.5028578011 56.0 -17.22510503646162 1.6276244092138654 56534.233 56616.08 38 22 "Covariance may not be accurate."
01253039 74 0.4535 56569.065736631 6.383782391594651e-17 0.7552161052289869 0.06351825417194612 0.0 78.38056757927188 0.030746231481987157 0.4419205714685993 0.5022893879481607 2099.961575074252 70.0 -19.51847380744921 2.02813063829948 56547.268 56653.094 24 50 "Covariance may not be accurate."
01253101 68 0.4596 56584.103612247025 2.7755575615628915e-18 0.6500000013720577 0.27592116863992 0.0 92.46630185216782 0.03542835201528809 0.4251543736427456 0.6365549660151786 2721.6428706430943 64.0 -15.723128444374861 2.2623504203892573 56543.092 56657.052 28 40 "Covariance may not be accurate."
01253920 58 0.1956 56585.205552160834 2.275957200481571e-16 1.2448194921173399 0.48731718967636195 0.0 0.004018223800812848 1.3877787807814654e-18 0.014657787832365932 0.0002438161745914602 12472.818434589677 54.0 -17.94594965251201 1.4601233641699558 56559.19 56649.173 20 38 "Covariance may not be accurate."
01255502 29 0.1482 56599.89520868322 3.885780586188048e-16 1.0309170324883952 0.522223750958227 0.0 78.05144514928543 9.71445146547011e-18 0.0011235455650651094 0.0039949981313039395 5730.742793086922 25.0 -17.794184867896956 1.6395790488639221 56563.266 56653.077 10 19 "Covariance may not be accurate. Covariance not positive definite. Covariance forced positive definite."
01257366 40 0.2114 56619.99537875549 1.5543122344752193e-16 0.6500000000000618 0.13762609982372753 0.0 75.42704221484746 0.03371578209284676 0.4045893099306729 0.5616550906649866 1485.4846957196667 36.0 -18.426289573486443 2.2623439004564254 56590.341 56682.089 15 25 "Covariance may not be accurate."
01257695 48 0.1838 56609.00252674716 3.1363800445660674e-16 1.050943979186262 0.3827579877691385 0.0 0.150241253162676 0.0 0.00012422760908747943 0.000202192204668189 15403.082086081085 44.0 -18.36949177667005 1.6193323438674732 56590.025 56675.078 13 35 "Covariance may not be accurate."
01258906 56 0.3492 56635.66243003904 8.326672684688675e-18 0.8498537951441242 0.510978541670629 0.0 83.52884670370622 0.0 0.0004379785030595995 0.0013970670362054016 2635.8311961681725 52.0 -15.744820676733212 1.8676387830309515 56594.012 56695.038 25 31 "Covariance may not be accurate. Covariance not positive definite. Covariance forced positive definite."
01258940 70 0.4259 56638.84086427903 2.7755575615628915e-18 0.6500000000000041 0.0007309060492164954 0.0 87.24072437495852 0.03085434533881231 0.37025216765916974 0.603386086669254 1891.5878045644342 66.0 -16.05536089749657 2.2623391764409 56590.311 56697.043 35 35 "Covariance may not be accurate."
01259412 47 0.3047 56627.95573390332 6.106226635438361e-17 1.2286883025356383 0.4908786710446351 0.0 74.38542475342183 0.031188073570855623 0.41078038689212687 0.7134929088627493 14096.269549258252 43.0 -17.60316423044311 1.470669822304906 56602.144 56697.078 15 32 "Covariance may not be accurate."
01261579 40 0.3222 56672.844315735434 5.551115123125783e-18 1.2387298088493406 4.968577733366342e-05 0.0 71.80565368758107 0.030787203046923672 0.3324806761115013 0.6119475992488692 35703.09346763253 36.0 -16.096156740219627 1.4640566621079998 56615.111 56697.079 27 13 "Covariance may not be accurate."
01262214 68 0.6894 56639.685149821285 2.7755575615628915e-18 0.7010048429128221 0.0003031607080458687 0.0 58.18351337984859 0.031067497802235174 0.4321706762961164 0.6221794873959605 5792.747204751681 64.0 -17.32121274875383 2.1416858182068808 56625.224 56698.051 14 54 "Covariance may not be accurate."
01262715 46 0.6894 56645.56039676797 1.1102230246251566e-17 0.9656389004214484 0.5000833183473953 0.0 58.864308499927574 0.0 0.0005860936005317452 0.0027112862867653686 6367.599343019167 42.0 -17.84856814892546 1.7114044913220425 56625.224 56697.09 13 33 "Covariance may not be accurate. Covariance not positive definite. Covariance forced positive definite."
01263369 36 0.3125 56666.05022849803 6.383782391594651e-17 1.2321061683873304 0.3117521429077453 0.0 48.058267354557756 0.030748549230008998 0.3257271246999203 0.6516200353900262 1960.467669622349 32.0 -18.07991080311798 1.4684054806473767 56645.136 56697.043 16 20 "Covariance may not be accurate."
01263715 35 0.2919 56666.68282153175 1.0547118733938988e-16 1.2296685991182308 0.435954004433783 0.0 50.31091070721595 0.03931321368172951 0.31860615872438 0.7086500054954104 2337.764700480724 31.0 -18.214304929882154 1.4700183977720727 56645.05 56694.039 15 20 "Covariance may not be accurate."
01275946 72 0.2321 57301.04668862285 5.551115123125783e-17 0.650000000619879 0.04982306026884281 0.0 76.77267980731267 0.03472953798525867 0.41674506274652784 0.6950162047820232 52610.00291509311 68.0 -17.69750874779762 2.2623406363811256 57248.373 57329.035 49 23 "Covariance may not be accurate."
01279500 45 0.235 57263.02823372299 1.6098233857064772e-16 0.650000000007412 0.00018184276594906956 0.0 56.79021236090921 0.03445514445545257 0.41346072731178124 0.6092097699511803 40999.48838084675 41.0 -18.965207513534 2.2623391612537382 57249.293 57319.287 11 34 "Covariance may not be accurate."
01280217 63 0.359 57294.311783260426 3.33066907387547e-17 0.6500005295524987 0.06782905388101018 0.0 71.41491200712699 0.031446774879827 0.3771145700322046 0.7051291625596318 3332.8142818410483 59.0 -18.203535936596797 2.262339899258105 57248.388 57329.175 34 29 "Covariance may not be accurate."
01281668 83 0.3071 57244.04963772323 2.7755575615628915e-18 0.7034826584965672 0.502435707318797 0.0 11.373347121254483 0.0 0.00031777882339717456 0.0008804183084424877 8312.684178293008 79.0 -14.240684891930744 2.136161114148045 57248.373 57342.028 0 83 "Covariance may not be accurate."
01281886 70 0.455 57286.509324063656 2.4980018054066023e-17 1.0981833447922442 0.3340605848588791 0.0 80.06622329064339 0.03491388456202485 0.368839294294567 0.6649239905435017 1482.6557852350895 66.0 -17.983029951657308 1.5740841048676089 57248.388 57345.234 27 43 "Covariance may not be accurate."
01282736 72 0.455 57234.554151712975 4.718447854656916e-17 1.187759474312299 0.23297557945800296 0.0 0.011922456113097724 0.0 0.016324072536912038 0.020416886110189714 1090.36855955459 68.0 -18.856014500567316 1.4993332465212141 57249.279 57346.032 0 72 "Covariance may not be accurate."
01283373 61 0.455 57275.23328546725 1.2767564783189302e-16 1.0482046628274957 0.46600992770459615 0.0 0.3214728196289798 0.0 0.00011905290911951028 0.0002099179582812638 4833.57851593449 57.0 -19.48734132810334 1.6220626716309354 57249.423 57332.081 9 52 "Covariance may not be accurate."
01283878 56 0.455 57339.18699923319 2.7755575615628915e-18 0.6554178176761958 3.1192424773118788e-06 0.0 64.99125327861839 0.030977625601472547 0.3946454993108427 0.6156669930902812 1052.0357206776293 52.0 -16.227675194608032 2.248812234705575 57249.293 57339.187 55 1 "Covariance may not be accurate."
01283936 85 0.455 57286.63785472618 2.7755575615628915e-18 0.9881085978206714 0.4493325325371119 0.0 81.55419798658477 0.03146004274905588 0.4204157399115969 0.7046588846823043 1234.7198975480687 81.0 -15.368042862704993 1.6855034930364035 57248.373 57347.084 31 54 "Covariance may not be accurate."
01285160 72 0.455 57292.066235709324 0.0 0.9879019916455867 0.5000867203564837 0.0 0.0 0.0 0.0 0.0 3588.2784570780464 68.0 inf nan 57249.403 57372.178 24 48 "Hesse Failed. Covariance may not be accurate. Covariance not positive definite."
01285317 92 0.455 57300.53954821706 0.0 1.0889528764997158 0.5129429869779765 0.0 0.0 0.0 0.0 0.0 1680.0188298150833 88.0 inf nan 57248.373 57356.127 49 43 "Hesse Failed. Covariance may not be accurate. Covariance not positive definite."
01286398 52 0.455 57298.8556460138 2.7755575615628915e-18 0.6500000001222725 0.44121619438088083 0.0 80.41711777207092 0.043434600579965156 0.5212114420195706 0.695397540191591 7981.8242191587915 48.0 -15.385879004128537 2.2623543546649607 57249.293 57331.145 28 24 "Covariance may not be accurate."
01287626 23 0.455 56667.6746184121 9.71445146547012e-17 0.6841823866508925 0.011741941574578307 0.0 41.955876329844614 0.030746287122894282 0.30259106195989044 0.5669031830584781 5706.752187041188 19.0 -20.069197536211878 2.1800257162423726 56653.047 56697.072 11 12 "Covariance may not be accurate."
01289288 81 0.455 57258.64056907998 2.7755575615628915e-18 1.1635859392018206 0.49487052540678095 0.0 13.176520074644941 0.0 0.000980072703171686 0.0028495765729164013 1734.0351531435945 77.0 -15.262142102943155 1.517899440297743 57248.373 57347.084 12 69 "Covariance may not be accurate."
01289555 79 0.455 57247.844625996695 1.3877787807814457e-17 0.650000612932689 0.02965694768704996 0.0 0.027998691253742436 0.0 2.6564087940439407e-07 0.17770506650177512 1049.1643507510632 75.0 -17.92736114449188 2.262338468839129 57248.388 57365.115 0 79 "Covariance may not be accurate."
01289600 64 0.455 57291.87135986534 2.7755575615628915e-18 0.7503526398530389 0.15326763081961764 0.0 90.19033617557216 0.03473356120891459 0.48691568198712115 0.5718718928100757 7048.353878682439 60.0 -15.954664226096849 2.0376192863979874 57253.285 57365.221 20 44 "Covariance may not be accurate."
01289656 75 0.455 57290.081047177904 2.7755575615628915e-18 0.6500000214788945 0.0011692725585784047 0.0 84.80083468295561 0.030853755326411436 0.37019699932698036 0.6002773882945625 1073.9087817189002 71.0 -16.225836929044064 2.2623391345178696 57249.423 57355.245 21 54 "Covariance may not be accurate."
01289664 64 0.455 57282.87603174914 2.2204460492503132e-17 0.9163535373922561 0.0015325829186943474 0.0 74.46767757961061 0.030748368837033507 0.4331579839860995 0.5981310320147704 12923.731298697348 60.0 -18.48298875108886 1.7734311122720214 57252.303 57345.234 17 47 "Covariance may not be accurate."
01290779 44 0.455 56931.168614025904 2.7755575615628915e-18 1.2499916113010172 0.020846666717815432 0.0 76.45463718246174 0.033099875092101334 0.39824572562105703 0.550022161755025 3495.8983858048277 40.0 -16.194340208189132 1.4567852919689344 56887.39 56973.322 24 20 "Covariance may not be accurate."
01290816 40 0.455 56896.246825088216 1.5543122344752193e-16 1.2280324768280728 0.47716060426002566 0.0 54.76470443389189 0.03555967520781519 0.31649489095344413 0.7370648957381283 16139.17910630484 36.0 -19.675033283079593 1.4711049713083213 56887.39 56960.278 8 32 "Covariance may not be accurate."
01291080 52 0.455 56948.87757844951 5.551115123125783e-18 0.650050455988549 0.32653250240063725 0.0 74.63971781976579 0.030790720008088295 0.36715592036213496 0.6574303818145888 1213.226748964798 48.0 -16.36341882224123 2.262224438998352 56887.268 56973.078 38 14 "Covariance may not be accurate."
01291090 51 0.455 56899.70916908128 1.1934897514720432e-16 1.2461074483741268 0.010983083381488123 0.0 64.03420541141895 0.030746285905918436 0.34779381525111736 0.6562505670688574 3636.076449698017 47.0 -20.293913813144577 1.4592799093559208 56887.211 56973.028 8 43 "Covariance may not be accurate."
01291794 72 0.455 57275.5878489383 3.053113317719181e-17 0.6530355532547532 0.5099377896437494 0.0 0.5404766402716632 0.0 1.3484731217261459e-05 0.00015780859872149833 935.3083921623394 68.0 -17.837254520147113 2.254751416580323 57252.289 57356.174 15 57 "Covariance may not be accurate."
01291957 60 0.455 56899.95972642644 5.551115123125783e-18 1.182450516960818 0.0018479690989406938 0.0 77.2151440898997 0.030760965392088536 0.43343088112405775 0.5964300053834253 3772.588234259887 56.0 -16.97734076707841 1.5032957422825106 56877.179 56980.031 12 48 "Covariance may not be accurate."
01292145 73 0.455 57266.66245640545 1.3877787807814457e-17 0.7058811954586577 0.5209130181723854 0.0 1.9824201746341714 0.0 0.0001127501345730697 0.0003223202685313509 461.30202118292283 69.0 -16.963515469219175 2.130825942578081 57252.289 57356.174 15 58 "Covariance may not be accurate."
01292195 81 0.455 57320.52152779334 2.7755575615628915e-18 0.9609421044286386 0.23303011852975364 0.0 114.9472951346579 0.0323327785104129 0.4332836256385591 0.6165079490406113 1511.0677891221842 77.0 -15.779762484277832 1.7169981468406306 57249.403 57389.163 42 39 "Covariance may not be accurate."
01292332 49 0.455 56875.32800021946 3.0253577421035517e-16 0.7493571030767758 0.5000951186903713 0.0 0.06931267524487339 0.0 1.7008831353471088e-05 3.7930718321754764e-05 4225.238210674611 45.0 -20.34295573825291 2.039589182966001 56890.328 56973.19 0 49 "Covariance may not be accurate."
01292336 49 0.455 56900.2101202402 1.4432899320127036e-16 1.108722966682043 0.1549332488669487 0.0 61.06697070749942 0.03314685808459388 0.47104190779409394 0.5729261252359857 2255.4194819690542 45.0 -20.241293947908165 1.5644684918841278 56890.328 56973.19 5 44 "Covariance may not be accurate."
01292560 48 0.455 56935.3791949529 7.216449660063518e-17 0.6510874793387629 0.00014622076103842918 0.0 74.70137202018668 0.033019447598893095 0.3839721130929134 0.6199782647920244 12783.320113016973 44.0 -19.764883140007402 2.2596069631656377 56890.263 56973.042 25 23 "Covariance may not be accurate."
01293319 57 0.455 56892.31431085464 7.494005416219807e-17 0.6500031175267565 0.49999271910965976 0.0 79.33063882878923 0.030766921641002632 0.36977850121270284 0.7106313349652511 11492.3775278597 53.0 -18.827966531755987 2.2623486204494725 56887.268 56980.072 8 49 "Covariance may not be accurate."
01293758 35 0.455 56939.22743500026 7.216449660063518e-17 0.6500011559727246 0.00296325811621162 0.0 77.40464644212261 0.031828385047754995 0.3823113929864684 0.5913743955006819 10175.377396782533 31.0 -19.760436291403852 2.26233632940648 56891.384 56980.044 18 17 "Covariance may not be accurate."
01294014 39 0.455 56939.846983265896 7.216449660063518e-17 1.229743386001954 0.40288648196724863 0.0 82.99814102624441 0.030746381694904772 0.40989369591888053 0.7286832333715761 1509.5779863233254 35.0 -19.003798701644797 1.469968118643152 56890.386 56990.199 15 24 "Covariance may not be accurate."
01294743 47 0.455 56964.8989087944 5.551115123125783e-18 1.1115526603436061 0.06253483469632187 0.0 77.13618144741122 0.03100500219278575 0.3691864281756903 0.7024214455373504 2994.283454615111 43.0 -16.877006108981483 1.561919321714388 56890.285 56980.127 38 9 "Covariance may not be accurate."
01295027 71 0.455 56932.437087502316 2.7755575615628915e-18 0.650000000004819 0.0017043923152950669 0.0 85.33812447845048 0.030859785489611605 0.37031815610091867 0.5971779135639702 1089.1807266559006 67.0 -16.224992359776756 2.2623392033820267 56887.268 56992.069 28 43 "Covariance may not be accurate."
01295256 60 0.455 56960.761397473514 2.7755575615628915e-18 0.6951988674101293 8.52003767143339e-06 0.0 89.32230789794994 0.03081232519780084 0.4261321667094122 0.6136945908331232 3737.6420640427077 56.0 -16.22766679546609 2.1547796602643636 56904.295 57012.089 27 33 "Covariance may not be accurate."
01295305 63 0.455 56925.07538721377 5.551115123125783e-18 1.2201064906240595 0.5091496964415829 0.0 0.7996256501828611 0.0 2.340434586989293e-05 9.074887542881438e-05 2888.627735973542 59.0 -15.987606619548409 1.4764201450662533 56890.285 57005.143 15 48 "Covariance may not be accurate."
01295921 54 0.455 56943.14847105241 2.7755575615628915e-18 0.6556171238948146 0.00026433523909530354 0.0 83.73409100869321 0.030848604877686918 0.3933303132750252 0.6080242947569343 656.9077201761331 50.0 -16.227263702622686 2.248318579387899 56890.386 56990.201 23 31 "Covariance may not be accurate."
