analysis_pipeline/fit_results/des_4_salt2_2.4_all.ecsv
# %ECSV 0.9
# ---
# datatype:
# - {name: obj_id, datatype: string}
# - {name: num_points, datatype: int64}
# - {name: z, datatype: float64}
# - {name: t0, datatype: float64}
# - {name: x0, datatype: float64}
# - {name: x1, datatype: float64}
# - {name: c, datatype: float64}
# - {name: z_err, datatype: float64}
# - {name: t0_err, datatype: float64}
# - {name: x0_err, datatype: float64}
# - {name: x1_err, datatype: float64}
# - {name: c_err, datatype: float64}
# - {name: chi, datatype: float64}
# - {name: dof, datatype: float64}
# - {name: b_max, datatype: float64}
# - {name: delta_15, datatype: float64}
# - {name: tmin, datatype: float64}
# - {name: tmax, datatype: float64}
# - {name: pre_max, datatype: int64}
# - {name: post_max, datatype: int64}
# - {name: message, datatype: string}
# schema: astropy-2.0
obj_id num_points z t0 x0 x1 c z_err t0_err x0_err x1_err c_err chi dof b_max delta_15 tmin tmax pre_max post_max message
[from data line 156]
01335564 60 0.6077 57336.27999989801 6.354078627521242e-06 1.801136648441707 0.10431438626818612 0.0 0.05971595033406629 4.2478836546761024e-07 0.7442894385730987 0.05902540080449589 112.42103809286277 42.0 -19.313712425610557 0.7403952634331787 57311.28 57427.068 20 40 "Minimization exited successfully."
01335694 37 0.2591 57347.8097176346 5.18612474117941e-05 1.1210863920485448 0.022273959237259777 0.0 0.14693094164249487 8.94004143990603e-07 0.17741387152491805 0.014142560422131467 29.35171141109645 21.0 -19.403240678398184 0.8549412032581145 57325.214 57408.058 17 20 "Minimization exited successfully."
01335717 51 0.3048 57346.66231646201 2.2590540713524067e-05 -0.06660612981954994 0.05423900274121679 0.0 0.11182505723991198 2.337051509260224e-07 0.10385511202217423 0.009027899532447425 21.434189384245155 34.0 -18.905778545076473 1.0627302864295345 57325.182 57408.092 16 35 "Minimization exited successfully."
01335718 59 0.6993 57342.16099999581 5.109778832995682e-06 1.999992524585089 -0.04133168734821885 0.0 0.007026947176200338 8.629977916591011e-08 0.2927057153009418 0.019164244628221236 841.2051407038663 40.0 -19.44991438600974 0.7114393024320016 57317.161 57426.118 16 43 "Minimization exited successfully."
01335868 66 0.6194 57340.2289999983 6.39241388813161e-06 1.8931478184027757 -0.03622728117666418 0.0 0.0470663007836265 3.8884822056578497e-07 3.3819028679704415 0.039978223570092106 144.88586030697647 46.0 -19.370317016835052 0.7290521678710604 57315.229 57425.154 23 43 "Minimization exited successfully."
01336008 50 0.438 57348.23908241341 1.96974556841395e-05 0.705047344706518 -0.087700906967531 0.0 0.33830816194677027 5.163848825012748e-07 0.32928895934313274 0.01648719067639852 33.03415031095324 33.0 -19.682931282121196 0.9299606621758798 57325.01 57403.052 23 27 "Minimization exited successfully."
01336009 51 0.3416 57344.25917567573 1.3642716412079482e-05 -0.4656450544537507 0.165235629066401 0.0 0.4196379699278623 4.5094090327241176e-07 0.39439193668333505 0.031238141175599143 24.7808545861366 34.0 -18.647236559718756 1.132821310669918 57325.01 57403.052 19 32 "Minimization exited successfully."
01336453 38 0.1848 57354.168999999805 0.00011494881719441297 0.6052121008226958 -0.06035259966257506 0.0 0.005785510275018169 1.5274979379420461e-06 0.09891654431357555 0.009921652087991145 93.53481035789892 24.0 -19.440143653907562 0.9463177868486952 57329.169 57403.103 11 27 "Minimization exited successfully."
01336480 36 0.256 57350.11499999921 3.618448050617396e-05 -0.15798612309699855 0.03820805522453813 0.0 0.09995203698417754 9.629515600420607e-07 0.2867417024154022 0.022211047236299575 20.306428690729312 21.0 -18.98163449076337 1.080923643263496 57325.115 57403.103 12 24 "Minimization exited successfully."
01336687 45 0.2337 57351.157855466205 4.2296930168939095e-05 0.45896423662086905 0.12742623817394072 0.0 0.16733131027649506 7.382200594124873e-07 0.15089622495746524 0.01351246677365392 37.57190317300853 30.0 -18.927352588323316 0.9637663153360201 57327.063 57403.064 17 28 "Minimization exited successfully."
01337117 47 0.5539 57354.0279998461 1.348407660621831e-05 -2.163964758087078 -0.13116749526893912 0.0 0.007576309038995532 3.473558963074115e-07 0.21961644746806408 0.021213904324264413 447.239159266971 31.0 -19.883231184985437 1.5576265515494434 57329.028 57403.051 19 28 "Minimization exited successfully."
01337221 54 0.6688 57350.02299964132 7.4238178641300445e-06 -1.7924571465514663 -0.041524070931553525 0.0 0.024090830625937087 4.57174875688471e-07 0.431603478108468 0.04330114619407695 277.9249252517888 36.0 -19.733656199312044 1.4470736924229612 57325.023 57407.048 19 35 "Minimization exited successfully."
01337228 54 0.5788 57350.02299929053 6.130574921778265e-06 -2.1900588690689484 0.03845100194957879 0.0 0.06436885459697805 5.391204091875766e-07 0.6268752998989824 0.09948015824481862 89.78685561158514 36.0 -19.14266726697482 1.545571525240426 57325.023 57407.048 19 35 "Minimization exited successfully."
01337272 48 0.5027 57350.06799999361 7.6255254731094626e-06 0.731278976494234 0.29999955160295283 0.0 0.036467945254116785 4.195855464558804e-07 0.8143342240669045 0.11100434735879819 188.70956945856753 32.0 -19.01563656883809 0.909337930727478 57325.068 57427.057 16 32 "Minimization exited successfully."
01337325 48 0.6387 57350.067999999934 6.665609731321132e-06 0.9865350832367974 0.04907365828295951 0.0 0.05078732481706538 4.1304920413570726e-07 0.7679854942162698 0.05946554196865883 122.20814068924648 32.0 -19.496116801390023 0.8765410725131915 57325.068 57427.057 16 32 "Minimization exited successfully."
01337649 36 0.2491 57363.11778831483 3.980713830556149e-05 1.0747282792418584 0.12560486001048382 0.0 0.19501290810876526 5.615681434464906e-07 0.15848037451076857 0.012017988629599408 29.39841706961785 23.0 -19.019369831849318 0.8589647509767246 57339.162 57408.057 12 24 "Minimization exited successfully."
01337655 42 0.8485 57350.077999971174 3.843576162509965e-06 1.9999998306755113 0.04452081382194828 0.0 0.013386547743721167 1.2182339135385932e-07 0.07435498730899548 0.046498029063865576 756.9135656163014 28.0 -19.658573949874203 0.7092355428209913 57325.078 57408.041 15 27 "Minimization exited successfully."
01337687 47 0.3195 57361.3955883791 3.7986386606059244e-05 0.9980285762830761 -0.08616923613384245 0.0 0.1869025513296947 5.086073217225304e-07 0.15021519078326628 0.01061792231213804 41.361994817359275 32.0 -19.5896861036955 0.8795026698441966 57339.295 57425.154 12 35 "Minimization exited successfully."
01337703 58 0.5334 57350.11999997706 9.87147526312071e-06 -0.2074619570555325 0.04755079640557547 0.0 0.018000729869527277 6.200081221346965e-07 0.589574586933123 0.05046424488921203 370.7578674792568 40.0 -19.44582172546257 1.0898577586179492 57325.12 57425.154 20 38 "Minimization exited successfully."
01337838 42 0.3119 57364.14799997123 3.445347243312691e-05 0.7502288542985474 -0.024263507581640253 0.0 0.032929535656876396 4.461855048876202e-07 0.17703116001407726 0.010360369034207284 67.48768396140835 27.0 -19.42244100126342 0.9196148422918746 57339.148 57427.068 14 28 "Minimization exited successfully."
01338128 42 0.3117 57364.018999858075 2.4588940292283315e-05 -0.785168130428894 -0.02416798352795063 0.0 0.030637478361313697 7.762460213736604e-07 0.3892661540883853 0.026663258016428104 61.03471923832611 27.0 -19.053554219944825 1.2106901842880546 57339.019 57407.048 11 31 "Minimization exited successfully."
01338170 42 0.389 57363.336595872635 1.609576732259366e-05 -0.4424708243468656 0.04659381493196357 0.0 0.7903102869422582 8.198332821757183e-07 0.6688315445117318 0.04447298047000786 27.266179637700052 27.0 -19.15693547953015 1.135787711069412 57339.019 57407.048 11 31 "Minimization exited successfully."
01338233 52 0.598 57344.2759988787 4.049696783431367e-06 1.9998585572434218 0.05473913623914978 0.0 0.1572553641271952 3.510863490110981e-07 3.653415871678406 0.11756699644581636 80.33270274197068 35.0 -18.781945333151135 0.7089931966578931 57319.276 57427.057 20 32 "Minimization exited successfully."
01338266 80 0.6476 57364.03299781584 5.1664633469533655e-06 -0.4131625850394145 -0.07431980247471315 0.0 0.13402081406457 2.642284577081269e-07 0.5544097050514043 0.03950212570880758 61.140592012596535 55.0 -19.255292948972 1.1373269159226602 57339.033 57427.068 25 55 "Minimization exited successfully."
01338278 40 0.5639 57364.032999202056 9.100678986820322e-06 -0.23162314694991482 0.034408511464843694 0.0 0.09703365887980908 4.23225694647089e-07 0.5742837505980294 0.06602981643130976 45.04078707129912 26.0 -19.503738309770544 1.095260718020377 57339.033 57427.057 12 28 "Minimization exited successfully."
01338387 41 0.5838 57354.16899997885 9.40566189089609e-06 1.7706932847598207 -0.05588584878421238 0.0 0.028552741765452083 4.7203975823001466e-07 0.5960467585356406 0.04032588645799477 229.27204177902283 27.0 -19.632935831690908 0.7498273350734408 57329.169 57428.056 12 29 "Minimization exited successfully."
01338430 37 0.5089 57361.681971158774 1.276473387680499e-05 0.5933658481088333 -0.09869139883809308 0.0 0.6622511825698894 5.153931558088411e-07 0.48879191341719874 0.03231444609328325 9.359480814504549 24.0 -19.6025148123164 0.9499814222726997 57339.117 57428.056 12 25 "Minimization exited successfully."
01338471 46 0.5309 57344.13399999985 6.4249658272397265e-06 -0.026637663527151023 0.062007798663896496 0.0 0.13282819129744894 5.754744983724191e-07 0.9193707466664296 0.073272730188439 48.29275029663215 30.0 -18.967415730897113 1.054816067424042 57319.134 57428.056 13 33 "Minimization exited successfully."
01338675 34 0.3306 57364.045999959046 1.672443447905403e-05 1.7080270829692141 0.16213850510667993 0.0 0.0038542106813110877 2.8688865748305314e-07 0.2330410569794008 0.014776173123445119 1507.1578866847883 22.0 -18.787265553224575 0.7539439196170896 57339.046 57408.041 11 23 "Minimization exited successfully."
01339002 36 0.3025 57369.77971400678 2.1355018048618835e-05 -1.2769806359990872 0.12482441606637201 0.0 0.44975300249279826 6.159286046483744e-07 0.36212229974120724 0.03027792289776146 15.47562604900415 22.0 -18.825722299521775 1.3069200763137907 57345.071 57427.068 12 24 "Minimization exited successfully."
01339149 36 0.4678 57370.067999974475 1.243977232544824e-05 -1.430869734091533 0.06231283655692893 0.0 0.03964114580230671 4.980124899370277e-07 0.4016213552636876 0.04207109232153708 58.25238539747634 23.0 -19.35334248464754 1.3479996737738738 57345.068 57427.068 13 23 "Minimization exited successfully."
01339392 29 0.1804 57370.3309971184 0.00013455064256255312 -0.9246012235063268 -0.04030498837618712 0.0 0.2999003951117629 6.304190757978897e-06 0.1974375647806217 0.04095196163831806 7.219965998982265 13.0 -19.551878827724586 1.2417371920110725 57345.331 57426.147 11 18 "Minimization exited successfully."
01339450 51 0.5505 57364.28099757026 6.17357990639611e-06 -1.0657710905761115 0.19937382098798612 0.0 0.1924384080703021 4.561866433813731e-07 1.0561718537602032 0.10176207074632504 38.384828081165864 34.0 -19.02072941504531 1.253946659952021 57339.281 57426.147 16 35 "Minimization exited successfully."
01340454 43 0.421 57370.31199886833 1.4127283281645255e-05 1.9999898521177775 0.06460115703157421 0.0 0.026959216527757235 2.622449059727635e-07 0.11717201088321616 0.021924042964019785 162.68763893776432 29.0 -19.221176247098345 0.708714185160435 57345.312 57425.153 12 31 "Minimization exited successfully."
01341370 32 0.409 57372.07599998645 1.609875390604365e-05 -0.6520785698503286 0.014096245051328726 0.0 0.013855967332347063 4.703791714646972e-07 0.2590588429934846 0.026703308882353255 170.7661366138134 20.0 -19.28574885879971 1.1802906876062131 57347.076 57403.052 12 20 "Minimization exited successfully."
01341894 28 0.3121 57390.050980349195 2.919560581509384e-05 -0.06096658828916279 -0.043344096851147595 0.0 2.0086461107130162 7.204159751625354e-07 0.328981310619999 0.024132342892468808 6.760054986471806 17.0 -19.243710666031394 1.0669191750566576 57365.051 57427.057 16 12 "Minimization exited successfully."
01342255 25 0.2141 57390.10699996139 8.598623313408883e-05 0.37485487066633727 -0.05317674098947828 0.0 0.021061065290268743 6.886642884076921e-07 0.15164647301469203 0.007898414336789464 23.744062029701727 15.0 -19.482106787804135 0.9869331844241493 57365.107 57428.056 16 9 "Minimization exited successfully."
01343208 36 0.4993 57380.25099995124 9.261075513369854e-06 -1.1373481597790005 0.13121274380964298 0.0 0.00596196711921948 2.6974408275370915e-07 0.2889434926458938 0.031160056984793988 1033.6866240263614 22.0 -19.203775054976177 1.2751230727147345 57355.251 57426.117 16 20 "Minimization exited successfully."
01343337 31 0.3389 57393.90044788156 1.7686482037368446e-05 1.1985535905602225 0.1496068772772805 0.0 0.7210667157014541 7.398139363068434e-07 0.6876082176903191 0.032689020847916556 20.37547547101953 19.0 -18.909973357412547 0.8376064863889212 57372.223 57426.147 15 16 "Minimization exited successfully."
01343401 24 0.3829 57394.96073394571 2.5061375750809468e-05 0.9491401592127033 -0.0450798090815574 0.0 0.6747941158282629 9.336782127861154e-07 0.7518660033311262 0.027009221004093933 3.9887762519350853 14.0 -19.598123702199505 0.8863353320757064 57372.046 57427.057 12 12 "Minimization exited successfully."
01343533 31 0.368 57389.47180100894 1.5322336395318106e-05 -0.5442100677156643 -0.006916457857212621 0.0 1.0133814093569526 1.1392102594598441e-06 1.1633390124317686 0.06299655069134723 9.667022707130108 19.0 -18.96124083657476 1.1595969775230728 57365.036 57407.048 19 12 "Minimization exited successfully."
01343759 32 0.508 57390.132999991096 1.387125174810433e-05 -1.4340997294113067 -0.19209649263146342 0.0 0.004381380855193129 1.5250298836810872e-07 0.11992044957729409 0.011580033615371216 627.6230836843124 20.0 -19.688211339032435 1.3709194109987664 57365.133 57426.118 16 16 "Minimization exited successfully."
01343871 28 0.6379 57380.22299992238 7.057032553317577e-06 -2.008237352835094 -0.08243325694900408 0.0 0.02245369464799296 3.626183149613162e-07 0.41635383122030445 0.0324698879807557 185.24808492656243 17.0 -19.55306414982511 1.5086734787778973 57355.223 57408.057 12 16 "Minimization exited successfully."
01344692 28 0.3795 57391.05399981279 8.46942069063772e-06 -1.6070896521251368 0.16874568905865445 0.0 0.27884342239121906 6.196785260592639e-07 1.1477907024205056 0.08115239685861042 10.499767762669867 17.0 -18.397313102894387 1.3800381469610237 57366.054 57427.068 16 12 "Minimization exited successfully."
01345553 24 0.3189 57394.50281102588 3.486727965529568e-05 0.5132035154374028 -0.1284841435409274 0.0 0.3991856842985726 8.76556763350355e-07 0.5216130106671839 0.01935969750828978 11.378422943729165 14.0 -19.49193612766368 0.9654318542304026 57372.046 57427.057 12 12 "Minimization exited successfully."
01345582 28 0.4588 57390.050999731124 1.5663866190648856e-05 -1.123739175416915 -0.15245400767177633 0.0 0.0193242864588683 4.785194465839464e-07 0.3251436831511466 0.028058215375971085 214.44456859343242 17.0 -19.554036962738124 1.2944358884423046 57365.051 57427.057 16 12 "Minimization exited successfully."
01345594 23 0.4224 57397.04599240543 2.0140717161401533e-05 -0.5344741070610239 -0.15921394961162852 0.0 0.4114526956473128 1.1017355849088362e-06 0.8043168698868111 0.03633418500178158 11.25482599497011 13.0 -19.613327757120754 1.1671122044687117 57372.046 57427.057 16 7 "Minimization exited successfully."
01346137 28 0.3635 57400.04599969783 2.20571449885576e-05 -1.2926252401576062 -0.030001033286175482 0.0 0.07720378242447623 6.772128863685716e-07 0.34254532984032515 0.029273624614730293 21.25357961411269 17.0 -19.325044473927864 1.3236089403415967 57375.046 57425.153 16 12 "Minimization exited successfully."
01346387 28 0.3445 57394.83741076209 1.6691115053668605e-05 -1.8812176004766952 0.009153133979980743 0.0 0.16643791046226397 2.700580129591512e-07 0.276291520543371 0.012842230601725263 18.14848080475241 17.0 -18.885467887935608 1.4649597982546503 57372.127 57426.118 15 13 "Minimization exited successfully."
01346956 20 0.3335 57411.96149121352 3.610582010890318e-05 0.8021227097121546 -0.10719050416789047 0.0 0.24962345955646015 9.564585043128646e-07 0.31785201269430874 0.01611464082888553 24.08829949127049 11.0 -19.64301015185762 0.9138594844546688 57387.178 57426.147 16 4 "Minimization exited successfully."
01346966 27 0.3355 57401.05699999911 3.507326161992508e-05 -2.999999969271349 -0.14611777492448158 0.0 0.008570367037464166 4.874924652745201e-07 0.11993247285639175 0.01541886691141059 314.3673756504736 16.0 -19.62504212724832 1.8300165443066092 57376.057 57426.147 15 12 "Minimization exited successfully."
