analysis_pipeline/fit_results/des_5_sn91bg_salt2_phase_red.ecsv
# %ECSV 0.9
# ---
# datatype:
# - {name: obj_id, datatype: string}
# - {name: num_points, datatype: int64}
# - {name: z, datatype: float64}
# - {name: t0, datatype: float64}
# - {name: x0, datatype: float64}
# - {name: x1, datatype: float64}
# - {name: c, datatype: float64}
# - {name: z_err, datatype: float64}
# - {name: t0_err, datatype: float64}
# - {name: x0_err, datatype: float64}
# - {name: x1_err, datatype: float64}
# - {name: c_err, datatype: float64}
# - {name: chi, datatype: float64}
# - {name: dof, datatype: float64}
# - {name: b_max, datatype: float64}
# - {name: delta_15, datatype: float64}
# - {name: tmin, datatype: float64}
# - {name: tmax, datatype: float64}
# - {name: pre_max, datatype: int64}
# - {name: post_max, datatype: int64}
# - {name: message, datatype: string}
# schema: astropy-2.0
obj_id num_points z t0 x0 x1 c z_err t0_err x0_err x1_err c_err chi dof b_max delta_15 tmin tmax pre_max post_max message
[from data line 152]
01334645 28 0.48685646304118 57321.271815777705 9.159339953157542e-17 1.0161662108068845 0.011073260037573585 0.6826127998136894 32.14355489020454 0.03732511384353029 0.4383207677949653 0.6887239444596891 4653.296640240886 19.0 -20.182513878034893 1.6542702758349854 57311.284 57403.064 6 22 "Covariance may not be accurate."
01334707 0 nan nan nan nan nan nan nan nan nan nan nan nan nan nan nan nan 0 0 "Empty table passed to fit_lc."
01334879 17 0.3957756469431791 57288.34861336351 2.7755575615628915e-18 0.6500000000035071 0.20580298224515514 0.47099100347655587 38.29702425791038 0.049860086087251475 0.5983211424014456 0.7377190393180981 946.5796205438116 3.0 -15.482548383698855 2.2606620237758506 57304.304 57426.068 0 17 "Covariance may not be accurate."
01335472 15 0.39636911309080486 57315.618928822405 2.7755575615628915e-18 0.6500000000000016 0.0011258094963373932 0.6201746846012012 28.491535223492974 0.03110274972994223 0.3732330610681223 0.6287749013568018 489.2668901350732 7.0 -15.869618401030749 2.260654097100094 57311.027 57403.05 2 13 "Covariance may not be accurate."
01335564 14 0.3968650790829528 57329.41709752944 2.7755575615628915e-18 0.650000005585064 0.09949224862349748 0.6308056917922602 31.013010486462008 0.03270604623674815 0.39249932951169625 0.5338789731652642 176.10126908196966 7.0 -15.705376853315851 2.2606572059993972 57311.287 57427.065 4 10 "Covariance may not be accurate."
01335694 20 0.611320534014788 57341.57925846017 8.326672684688674e-17 1.2375695451572382 0.029786558578728417 0.6562272541272933 29.536417242521566 0.030746330642338407 0.40205792879711816 0.536553977673563 7205.3667374513325 15.0 -20.64720430068189 1.4644003809627968 57325.216 57408.058 8 12 "Covariance may not be accurate."
01335717 25 0.4975697738481119 57341.230625858916 2.7755575615628915e-18 1.1337288535360845 0.02181854712890413 0.6651826066039752 31.306566130257124 0.03299185610233341 0.46933188868310033 0.54844406682687 11379.473489911687 20.0 -16.425727728785446 1.5419466916317077 57327.096 57406.115 6 19 "Covariance may not be accurate."
01335718 0 nan nan nan nan nan nan nan nan nan nan nan nan nan nan nan nan 0 0 "Empty table passed to fit_lc."
01335868 16 0.39436928825192635 57303.19670279212 0.0 0.8296617985181267 0.5000384709356399 0.0 0.0 0.0 0.0 0.0 0.0 -5.0 inf nan 57315.236 57425.154 0 16 "Hesse Failed. Covariance may not be accurate. Covariance not positive definite."
01336008 13 0.3956377505296809 57311.037865043836 1.3877787807814457e-17 0.6666186283111408 0.004403416186795739 0.6184053207136593 27.180597447040782 0.03091711372278868 0.4089234950669049 0.586054764599667 741.8762850126952 4.0 -17.607117210147834 2.2198618827773764 57325.017 57403.052 0 13 "Covariance may not be accurate."
01336009 13 0.4050533631710358 57347.768581765384 1.3877787807814457e-17 1.0424902480721498 0.44301226584002346 0.6197127039597876 27.966735149675515 0.03076211977221867 0.3988135643422341 0.6960647209030634 481.51493801713474 8.0 -16.828821922829665 1.6271496066682936 57325.016 57403.052 6 7 "Covariance may not be accurate."
01336453 20 0.4738855159640838 57314.17133397799 1.4988010832439614e-16 1.0005942898483149 0.28223400205694527 0.6364174621584751 24.46917101996587 0.030747678157976986 0.43605980824003804 0.7394208946278661 6842.11710727499 9.0 -20.12334889231544 1.6709843746520718 57329.173 57403.103 0 20 "Covariance may not be accurate."
01336480 21 0.476594253377486 57311.48249997353 5.551115123125783e-17 1.2499749778197669 0.17764354123597637 0.00014373247103446896 0.0024667463039804716 1.3877787807814438e-18 1.3038307784540848e-06 0.30045652599605077 1126.078134572912 10.0 -19.27730302768445 1.4563951170678955 57325.115 57403.103 0 21 "Covariance may not be accurate."
01336687 22 0.4904513703424391 57312.072549706056 1.3877787807814457e-17 0.9406048673652521 0.5001656203228427 0.00017742474338841574 0.00025178080977639183 0.0 0.00012272342432428918 0.7423169930757159 5701.870598927999 11.0 -17.19203345813515 1.741205188016231 57327.067 57403.064 0 22 "Covariance may not be accurate. Covariance not positive definite. Covariance forced positive definite."
01337117 12 0.3892923593352487 57314.0280055393 2.7755575615628915e-18 0.6500000000015241 4.951294534372153e-07 0.6195726818500308 25.03860242850351 0.031306327256561996 0.37567644425569663 0.6152205725745039 556.7091038980485 3.0 -15.825148378753141 2.260654066526172 57329.035 57403.051 0 12 "Covariance may not be accurate."
01337221 0 nan nan nan nan nan nan nan nan nan nan nan nan nan nan nan nan 0 0 "Empty table passed to fit_lc."
01337228 14 0.3944353575385455 57310.02652104258 0.0 0.6603151666856806 0.5000153215904459 0.0 0.0 0.0 0.0 0.0 0.0 -5.0 inf nan 57325.03 57407.048 0 14 "Hesse Failed. Covariance may not be accurate. Covariance not positive definite."
01337272 12 0.3967423286210709 57311.42139986278 2.4980018054066023e-17 0.6808381509620736 0.21381563169826917 0.621279566907885 27.771503135518287 0.031226102590430016 0.42432807455494653 0.738280164283468 170.9666463271313 3.0 -17.856280539504073 2.186251278623523 57325.075 57427.057 0 12 "Covariance may not be accurate."
01337325 12 0.39623982807259667 57311.49098203376 1.942890293094024e-17 0.6793733892354971 0.14180269402283607 0.6197459314688802 21.32538658102203 0.031055282635475193 0.31008370445851596 0.7291040748150577 201.85393498344305 3.0 -17.733259945373486 2.189663374106754 57325.075 57427.057 0 12 "Covariance may not be accurate."
01337649 18 0.41599506994661417 57346.11892421322 1.1657341758564144e-16 0.6514509166793758 0.4372516824841181 0.0018451559892946334 0.07461188445813605 1.3877787807814407e-18 0.0014759993183910969 0.0006262643175203308 6984.9280982884675 13.0 -19.220701539602427 2.257033056256855 57339.167 57408.057 4 14 "Covariance may not be accurate."
01337655 0 nan nan nan nan nan nan nan nan nan nan nan nan nan nan nan nan 0 0 "Empty table passed to fit_lc."
01337687 23 0.30634455220845813 57345.52240280642 9.436895709313832e-17 0.654490633058679 0.4099711858805558 0.0017292561974232568 0.0626574872621859 0.0 0.0014300825516975202 0.0005590037954765481 6289.737603275448 16.0 -18.269413559036582 2.2494640994979633 57339.3 57425.154 4 19 "Covariance may not be accurate."
01337703 14 0.39419294648041964 57346.52921431842 8.326672684688675e-18 1.045561889739536 1.5673687382422585e-05 0.619384492354855 28.90204754215665 0.03108639233140323 0.39877859936477117 0.6165867114843719 220.91760537471677 7.0 -17.05003878798767 1.624052720750278 57325.127 57425.154 5 9 "Covariance may not be accurate."
01337838 21 0.4847759860450321 57347.53764972671 2.7755575615628915e-18 0.6500000000001673 0.29394069083367125 5.4392133068098536e-05 0.002454693298204802 0.0 2.291939582566016e-09 0.23604731668105702 6678.856869574432 14.0 -15.832057341727282 2.2606654677874474 57339.153 57427.068 5 16 "Covariance may not be accurate."
01338128 22 0.1782124826791879 57355.07568965435 2.7755575615628914e-17 1.1155138594854384 0.061543518233497685 0.5259019029816089 24.47053519219844 0.031492422601497344 0.3667295465382931 0.7189016150947087 1847.5961542971627 17.0 -16.28215760286753 1.557813527973142 57339.023 57407.048 4 18 "Covariance may not be accurate."
01338170 11 0.39524466802170416 57349.25044948942 2.7755575615628915e-18 0.6500000000137304 0.00015901464424233902 0.6200863823164819 29.589843092675437 0.031133807390930072 0.3736069659231948 0.6201931830669163 331.5112436393944 6.0 -15.863845739557593 2.2606540707957947 57339.026 57407.048 2 9 "Covariance may not be accurate."
01338233 13 0.39758694507038816 57330.80418217549 5.551115123125783e-18 1.1904070548596208 0.011421090040810933 0.6328075755099705 26.731579686329496 0.03307475317012911 0.4615675069070082 0.6570058200334676 45.967338855422355 6.0 -16.613717458033875 1.4969001143844771 57319.283 57427.057 3 10 "Covariance may not be accurate."
01338266 0 nan nan nan nan nan nan nan nan nan nan nan nan nan nan nan nan 0 0 "Empty table passed to fit_lc."
01338278 10 0.3941696439183321 57324.12098199861 0.0 0.6664431161674682 0.5000292769112635 0.0 0.0 0.0 0.0 0.0 0.0 -5.0 inf nan 57339.04 57427.057 0 10 "Hesse Failed. Covariance may not be accurate. Covariance not positive definite."
01338387 10 0.39580361370088374 57315.375736475115 2.7755575615628915e-18 0.6500807430206581 0.0018425001019318765 0.6360516697188227 23.654672326749278 0.03425665944777772 0.41441087466104287 0.5964579713766114 409.23071898241653 2.0 -15.86481992037983 2.2604513818231737 57329.175 57403.104 0 10 "Covariance may not be accurate."
01338430 9 0.39592213306319274 57344.63939261578 2.7755575615628915e-18 0.6500000000000019 0.00018157862848600104 0.6204978027464821 28.743763171671162 0.031159389384524224 0.3739127436881459 0.6205518447258012 388.3885900178287 4.0 -15.868208699375792 2.2606540714425414 57339.124 57403.104 1 8 "Covariance may not be accurate."
01338471 12 0.38872654935110573 57304.13562947692 2.4980018054066023e-17 1.241536812385252 0.4988107535997814 0.6167416789199857 24.883497680624714 0.03096473029451309 0.3967787322853548 0.7128264384672262 77.37847103232866 3.0 -17.231825889620495 1.461835947627815 57319.139 57403.104 0 12 "Covariance may not be accurate."
01338675 8 0.39419043243148805 57324.06805166494 2.7755575615628915e-18 0.6529830774202869 0.007193027851632394 0.6308785458405544 25.902360475785827 0.03293295081113412 0.4138907193538757 0.648826078224451 1249.0383497388016 1.0 -15.845849305510239 2.2531957043259965 57339.073 57402.062 0 8 "Covariance may not be accurate."
01339002 19 0.044249430444566536 57365.793509752664 7.494005416219807e-17 1.153116842558392 0.03369741669856591 0.6118500540159174 28.834145715376508 0.030765831219803516 0.4398514624496308 0.5312578907066903 540.7405002418043 11.0 -14.187272642002291 1.525786720909288 57345.071 57427.068 5 14 "Covariance may not be accurate."
01339149 9 0.39251680775434705 57330.391316406276 2.7755575615628915e-18 0.650000001141526 0.0030438318075580173 0.6216412381173133 23.508339554329723 0.03144835064860724 0.3773918368001859 0.6374020415798772 233.63654448948768 2.0 -15.84151018198094 2.260654146569248 57346.032 57427.065 0 9 "Covariance may not be accurate."
01339392 19 0.46079598713438036 57330.44305403252 1.3877787807814457e-16 1.2301443564746277 0.3612038598256378 0.6339386168062767 23.70693021131956 0.03078021326716781 0.3195220346739928 0.670198017306358 937.0783018469579 10.0 -19.827912384715802 1.469282597706659 57345.333 57426.147 0 19 "Covariance may not be accurate."
01339450 13 0.39700091425211526 57332.11830770096 5.551115123125783e-18 1.2421857808991665 0.00040071301605293375 0.6187370483585058 29.62010977504542 0.03090920551467819 0.34016290405890276 0.6064120062256168 86.44177750613184 6.0 -16.627435338432953 1.4614020047368115 57339.288 57426.145 0 13 "Covariance may not be accurate."
01340454 10 0.4015908446408715 57356.84576809464 1.665334536937735e-17 1.2476290469327402 0.6028543563380336 0.6186564375515642 29.459707066205738 0.03075254776297269 0.3842473231878825 0.7296159879460673 715.5843571837132 5.0 -16.696833996103614 1.4579078122779663 57345.319 57425.153 2 8 "Covariance may not be accurate."
01341370 8 0.39411797296706175 57333.65201920188 2.7755575615628915e-18 0.6500000000001069 1.6339899160167093e-05 0.6326051723096764 22.488997911110346 0.03335893503532054 0.4003073997407622 0.6166215893659994 482.0757749531815 3.0 -15.856739912806106 2.2606540669594786 57347.083 57403.052 0 8 "Covariance may not be accurate."
01341894 14 0.2986706440776497 57375.878653409425 6.66133814775094e-17 0.6500328055280831 0.49978680639174006 0.016654739257308426 0.015469025678612525 0.0 3.510858847532994e-06 6.601201637998488e-05 867.3968413012186 9.0 -17.625639406598264 2.2605886937927586 57365.056 57427.057 4 10 "Covariance may not be accurate."
01342255 12 0.30122649015485453 57382.22240408551 1.332267629550188e-16 0.6501162799475392 0.4427072646679013 0.585350997333933 29.479906245032907 0.030746230668621498 0.36547336398652397 0.6958135775067146 8443.233007181827 7.0 -18.532166700662906 2.2603770983390987 57365.112 57403.103 4 8 "Covariance may not be accurate."
01343208 10 0.3950658649819105 57340.317822950594 0.0 1.2452861720857236 0.5000207634915316 0.0 0.0 0.0 0.0 0.0 0.0 -5.0 inf nan 57355.251 57426.068 0 10 "Hesse Failed. Covariance may not be accurate. Covariance not positive definite."
01343337 8 0.3933379340236179 57357.22325029017 8.049116928532386e-17 1.1419854474785525 0.5003668149675149 0.616799268346609 24.68961841410419 0.030808988151904713 0.35286222587253196 0.711253897773845 326.2182222540291 3.0 -18.52896210741564 1.5349847301913435 57372.229 57426.145 0 8 "Covariance may not be accurate."
01343401 6 0.3965836195811389 57387.494828487856 2.7755575615628915e-18 0.6500000005567287 0.001195413940332568 0.6215994084768373 30.015273648281436 0.03127303546711629 0.3752844275972997 0.629188009009513 216.57262431964858 0.0 -15.870898405711348 2.260654097596202 57372.053 57427.057 2 4 "Covariance may not be accurate."
01343533 8 0.3968699102930381 57387.20392236589 2.7755575615628915e-18 0.6500000000002215 0.0049181265208873 0.6221916713569309 28.81579225152018 0.031338122198943504 0.3760577679651937 0.584360924577424 63.600126742827136 3.0 -15.86686287482074 2.2606542008611754 57365.044 57407.048 5 3 "Covariance may not be accurate."
01343759 8 0.39592481473206925 57376.64604376903 5.551115123125783e-18 1.2166478186314764 0.023838315191797688 0.6282488393284755 30.495084469050198 0.032292300221262636 0.3152916952866604 0.6736266520340886 2959.4613558295896 3.0 -16.58288448586316 1.4783249112625398 57365.133 57426.068 2 6 "Covariance may not be accurate."
01343871 7 0.39590242551502935 57340.73051489546 1.1102230246251566e-17 0.8237672962059448 0.020757801349409688 0.622930723035345 23.088724600595015 0.03147713022369725 0.38653247596678136 0.5501681229713715 187.16611064573348 2.0 -17.340325360900614 1.9068812586962345 57355.231 57408.057 0 7 "Covariance may not be accurate."
01344692 7 0.39588421542550495 57376.70788725339 2.7755575615628915e-18 0.6500000000118253 0.005306485402327699 0.6205954697344899 29.668689737951354 0.031173029627287862 0.37407529036873566 0.5831376083733922 64.02645722620147 2.0 -15.859858719888738 2.2606542115228656 57366.061 57427.065 2 5 "Covariance may not be accurate."
01345553 12 0.21820703901507943 57392.7302270659 5.551115123125783e-18 0.650000057982913 0.4920173147631944 0.151862599847373 0.020302882061514538 0.0 7.077642461550404e-07 0.001105206024671207 1387.3798163039623 5.0 -14.16900867143736 2.260670621001843 57372.051 57427.057 6 6 "Covariance may not be accurate."
01345582 7 0.3954481249945349 57380.40266000565 8.326672684688675e-18 0.6500422740668361 6.152541895521058e-05 0.6181463960640565 29.703876427694922 0.030893414697316105 0.3728486515854565 0.6116104207635437 256.44101473976605 2.0 -17.058124139747385 2.2605479177133283 57365.058 57427.057 3 4 "Covariance may not be accurate."
01345594 6 0.3952061310215893 57380.766279816016 2.7755575615628915e-18 0.6500000000165411 0.003579353070125524 0.6221293000001558 29.52770346125544 0.03139864605876998 0.37678255487524465 0.5889753609037798 69.01262775156928 1.0 -15.85819366541807 2.2606541640589377 57372.053 57427.057 2 4 "Covariance may not be accurate."
01346137 7 0.3878094757470198 57364.969331863256 0.0 0.6502752757339707 0.5000267968725156 0.0 0.0 0.0 0.0 0.0 0.0 -5.0 inf nan 57375.053 57425.153 0 7 "Hesse Failed. Covariance may not be accurate. Covariance not positive definite."
01346387 7 0.39493976131913944 57358.159718870374 2.7755575615628915e-18 0.650000000045976 0.013290581766541909 0.6253733593614862 22.38434923390014 0.03187640951405514 0.38251926705585154 0.6600508313365199 3485.107476641511 2.0 -15.840977348053826 2.2606544339470602 57372.178 57426.068 0 7 "Covariance may not be accurate."
