analysis_pipeline/fit_results/des_4_sn91bg_salt2_phase_blue.ecsv
# %ECSV 0.9
# ---
# datatype:
# - {name: obj_id, datatype: string}
# - {name: num_points, datatype: int64}
# - {name: z, datatype: float64}
# - {name: t0, datatype: float64}
# - {name: x0, datatype: float64}
# - {name: x1, datatype: float64}
# - {name: c, datatype: float64}
# - {name: z_err, datatype: float64}
# - {name: t0_err, datatype: float64}
# - {name: x0_err, datatype: float64}
# - {name: x1_err, datatype: float64}
# - {name: c_err, datatype: float64}
# - {name: chi, datatype: float64}
# - {name: dof, datatype: float64}
# - {name: b_max, datatype: float64}
# - {name: delta_15, datatype: float64}
# - {name: tmin, datatype: float64}
# - {name: tmax, datatype: float64}
# - {name: pre_max, datatype: int64}
# - {name: post_max, datatype: int64}
# - {name: message, datatype: string}
# schema: astropy-2.0
obj_id num_points z t0 x0 x1 c z_err t0_err x0_err x1_err c_err chi dof b_max delta_15 tmin tmax pre_max post_max message
01248677 30 0.3502 56546.95974424521 5.551115123125783e-18 1.222144824992987 1.3898326933770022e-12 0.0 0.0007290324647328816 0.0 4.7014211794760286e-06 0.0002227759246306027 52182.40857030606 21.0 -16.307434486350203 1.4746032575916814 56538.34 56629.123 4 26 "Covariance may not be accurate."
01250017 16 0.1817 56519.23560233398 8.104628079763644e-16 0.7506979054329985 0.39896236957080067 0.0 0.00010898813343374059 1.3877787807814654e-18 9.007502994834438e-05 0.019539064044580057 15576.199004543443 5.0 -19.34044480264351 2.035656963769764 56534.235 56616.075 0 16 "Covariance may not be accurate."
01253039 18 0.4535 56568.29266525048 1.942890293094024e-17 1.2267964484008618 0.28767121675774354 0.0 0.07364373448581318 0.0 0.016865974273710505 0.012073918950620321 1412.197987167901 11.0 -17.781772124709885 1.4715013961415337 56547.272 56653.09 6 12 "Covariance may not be accurate."
01253101 18 0.4596 56528.23555838007 5.551115123125783e-17 0.8995134890480123 0.5030603886390034 0.0 39.64000896365906 0.049196247971869396 0.4360248319756846 0.5852356215144467 737.3034575368143 5.0 -18.523406058608753 1.7953573162924776 56543.096 56657.05 0 18 "Covariance may not be accurate."
01253920 15 0.1956 56580.125698465505 2.942091015256665e-16 0.993339255621488 0.47341317361420426 0.0 21.41898530731123 0.0 0.4348590840935844 0.7039605147068206 8505.700801247103 7.0 -18.25757031824898 1.6789583116501134 56559.193 56649.168 5 10 "Covariance may not be accurate."
01255502 10 0.1482 56574.67765713088 2.886579864025407e-16 1.2097907515912327 0.08711308689194103 0.0 29.44432383736421 0.030746230099299273 0.4228411376058956 0.7135576353209461 3699.4828454626177 0.0 -18.338488956589078 1.4830441160655887 56579.125 56653.072 0 10 "Covariance may not be accurate."
01257366 8 0.2114 56598.644931070616 3.3306690738754696e-16 0.9027213549975013 0.49633669337225095 0.0 29.18987748967993 0.03095530257367443 0.41377648151888435 0.7121167157491544 489.1402730190556 2.0 -18.52643500929074 1.790960347001672 56590.343 56675.102 1 7 "Covariance may not be accurate."
01257695 11 0.1838 56584.01934082477 3.1363800445660674e-16 0.6500000004270277 0.45895549707417216 0.0 24.496461446651665 0.030746230025723117 0.36896151601050814 0.7004207177243347 10163.005618175019 2.0 -18.209634528652533 2.2606695772768823 56590.027 56675.074 0 11 "Covariance may not be accurate."
01258906 28 0.3492 56579.020468216986 5.551115123125783e-17 0.8273061042511476 0.004886022112316146 0.0 25.680542875630636 0.0324363588428081 0.38865169278977896 0.584464054669044 1709.1942529810885 11.0 -18.79243727098348 1.9012834516656945 56594.015 56695.035 0 28 "Covariance may not be accurate."
01258940 35 0.4259 56575.388874285774 8.881784197001253e-17 1.1845813257626143 0.6087742522431885 0.0 23.856702203043824 0.03077134404341042 0.4325988602145608 0.7307556906887762 1321.4471980756732 16.0 -18.654789897538855 1.5012339947058422 56590.313 56697.041 0 35 "Covariance may not be accurate."
01259412 11 0.3047 56612.97442791621 5.745404152435186e-16 0.7617757966975669 0.5000795138655917 0.0 0.003399420271307463 0.0 0.00737307878243354 0.00022800843864129172 10733.295791621813 5.0 -20.014592529933942 2.014322480803166 56603.052 56693.052 1 10 "Covariance may not be accurate."
01261579 10 0.3222 56617.19292629939 3.0253577421035517e-16 0.650000007681682 0.35143482775556456 0.0 27.653950594500202 0.030746233331121482 0.36892621501842876 0.6667195063838696 15991.608481156869 4.0 -19.77534004245188 2.2606666187618814 56616.087 56693.049 1 9 "Covariance may not be accurate."
01262214 23 0.6894 56610.226037434135 2.2204460492503132e-17 0.6672609543848532 0.011982187503550734 0.0 24.54538857888474 0.030833254156247505 0.4083904258303903 0.5663922146777138 2208.30642544808 17.0 -19.56036976583116 2.2183200027227556 56625.281 56698.051 0 23 "Covariance may not be accurate."
01262715 25 0.6894 56610.22698426115 1.942890293094024e-17 1.0279637326726774 0.11091078042518321 0.0 5.89674455113709e-05 0.0 4.9551120266055904e-05 0.19632184572316452 2951.4377498804074 19.0 -19.24398119515022 1.6419521985742094 56625.228 56697.09 0 25 "Covariance may not be accurate."
01263369 9 0.3125 56630.13600088387 4.0800696154974506e-16 0.6500000000000343 0.11043933829174146 0.0 24.651183598976786 0.030810838469683948 0.36973014528966225 0.7214142121401763 1816.1778355461106 4.0 -20.495268975715593 2.2606576331963986 56645.138 56697.039 0 9 "Covariance may not be accurate."
01263715 9 0.2919 56668.377642835294 2.3592239273284576e-16 0.6563490576020894 0.03257697749469385 0.0 29.881608400501136 0.033331306766466555 0.3689205929817878 0.5327450212272797 2961.8498471732883 4.0 -19.866216350856867 2.244855845060499 56645.052 56694.034 5 4 "Covariance may not be accurate."
01275946 18 0.2321 57258.602402599456 4.468647674116255e-16 1.2069295041514467 0.4998605497702079 0.0 0.007006467760220403 0.0 0.02200411341812969 2.186823441238661e-05 20899.08913663095 12.0 -19.065651913259828 1.485051798651977 57248.375 57329.031 4 14 "Covariance may not be accurate."
01279500 12 0.235 57246.86879399965 5.38458166943201e-16 0.6512924201898993 0.49929773998375376 0.0 29.519922239458538 0.03084404950167538 0.38159925645587683 0.7114469265320569 22478.95869504752 5.0 -19.30001322124054 2.257431642107939 57249.302 57319.114 0 12 "Covariance may not be accurate."
01280217 32 0.359 57262.45547048933 5.551115123125783e-18 1.2462462722733891 0.5000983039754214 0.0 31.689514866826357 0.0 0.0001168333855146031 0.0034203702025757954 2517.50399772784 28.0 -15.392319176337018 1.4587963611312134 57248.391 57329.173 6 26 "Covariance may not be accurate. Covariance not positive definite. Covariance forced positive definite."
01281668 20 0.3071 57263.740392969055 3.608224830031759e-16 0.8277447796507557 0.5868428717260499 0.0 0.04301634649891639 0.0 0.004244815283462655 0.006445532536157039 2883.631636312688 12.0 -19.383185816701303 1.9006075298703173 57248.375 57342.024 4 16 "Covariance may not be accurate."
01281886 36 0.384 57267.38478733648 1.3877787807814457e-17 1.2499921292379634 0.11377673240723096 0.0 29.271756417405413 0.030793705255712463 0.37044296877421773 0.5448272563581676 1487.713550180528 28.0 -17.341644752020283 1.4563818083480484 57248.391 57345.231 8 28 "Covariance may not be accurate."
01282736 35 0.3689 57236.46599003745 1.3877787807814457e-17 0.6500567239183781 0.49793342445375727 0.0 27.920382090789644 0.030764806682889508 0.3667161926764924 0.7101276171836522 1120.3340387987141 17.0 -16.46181187196286 2.260528563558985 57249.281 57346.029 0 35 "Covariance may not be accurate."
01283373 13 0.2075 57272.642341757026 1.2767564783189302e-16 1.1966150481263473 0.369347417565979 0.0 0.025586106214177562 1.387778780781453e-18 0.0019897883421537976 0.0056814524330598415 3325.8875664281363 9.0 -17.713632270773836 1.4923863267462067 57265.366 57332.077 1 12 "Covariance may not be accurate."
01283878 15 0.3135 57266.25144453299 9.436895709313832e-17 0.6765017226213512 0.2589779818565848 0.0 31.03372138553459 0.032632421868944196 0.440274093202033 0.6289144514588407 157.89412397861997 9.0 -18.599994218962852 2.1963952928956942 57249.305 57339.187 3 12 "Covariance may not be accurate."
01283936 42 0.369 57261.59965604585 4.4408920985006264e-17 0.9792440337384656 0.0025274328472618124 0.0 29.562517619429855 0.03074839062803124 0.41889787939607387 0.5932372806909488 804.9235199660194 33.0 -18.6944428023998 1.6948045737503428 57248.375 57347.081 8 34 "Covariance may not be accurate."
01285160 17 0.7493 57257.49576256155 2.7755575615628915e-18 0.6500023588512641 0.18498858606885693 0.0 29.0269764884506 0.03075025118604487 0.36890480017836413 0.5909616339548315 857.2741458679534 8.0 -17.20489542039491 2.2606550003360795 57253.285 57372.178 1 16 "Covariance may not be accurate."
01285317 23 0.5649 57260.83497667089 2.7755575615628915e-18 0.6703298474593187 0.0007272078147785299 0.0 29.5892769518141 0.030833217485780738 0.3193409663463827 0.6034157185193698 519.665916419442 16.0 -16.7925769054073 2.2109841084033235 57248.378 57356.125 4 19 "Covariance may not be accurate."
01286398 26 0.1503 57266.25735388784 5.578870698741412e-16 0.6843695815918345 0.14550041039216555 0.0 31.098232495100092 0.032719112557574453 0.3176032852837491 0.5668719162446311 3901.563747867659 18.0 -18.97662352848078 2.1780553768751645 57249.293 57331.145 6 20 "Covariance may not be accurate."
01287626 5 0.304 56638.04746035058 3.9968028886505636e-16 0.6500000000000584 0.0023472434778181173 0.0 25.797372845318023 0.032324081200586226 0.3878889137558064 0.6347451418122187 2913.890166758579 1.0 -20.589351104234915 2.2606541303945598 56660.105 56697.068 0 5 "Covariance may not be accurate."
01289288 19 0.2897 57233.657976521456 2.3869795029440865e-16 1.2465526044953035 0.5001138091571649 0.0 29.047289164398535 0.038596140349574946 0.38724244236235766 0.7490988139215673 431.0119270503287 5.0 -18.93421646047152 1.458599342734626 57248.375 57347.079 0 19 "Covariance may not be accurate."
01289555 20 0.5588 57258.05539614886 1.942890293094024e-17 0.9629357181380418 0.03151422619108796 0.0 29.255441549386887 0.03074661533173055 0.4231323221025806 0.5341773825665638 394.9010763072739 12.0 -18.827064815392347 1.7138385802468115 57248.393 57365.112 3 17 "Covariance may not be accurate."
01289600 34 0.4196 57246.03099385639 2.7755575615628915e-18 0.6500000088921136 0.0012814917880936139 0.0 23.110373506737233 0.03420920962415633 0.41047528262513877 0.6296818996348774 5470.507186591592 15.0 -16.016008671473834 2.260654079007658 57255.37 57365.221 0 34 "Covariance may not be accurate."
01289656 19 0.5394 57274.080141167 5.551115123125783e-18 1.0555356559914473 0.45226203071835497 0.0 26.069593844891642 0.030991747549993908 0.3945853206329641 0.7010256447711871 349.5854735329066 14.0 -16.558601667004638 1.6141571973087707 57255.415 57355.242 2 17 "Covariance may not be accurate."
01289664 17 0.2491 57264.43373799954 4.218847493575595e-16 0.7886751708321659 0.42083925364289665 0.0 29.500711201391823 0.030746229765812684 0.44350034603392374 0.6895198690171229 5342.163218385642 10.0 -19.356977848204984 1.9653459125501946 57252.305 57345.229 2 15 "Covariance may not be accurate."
01290779 22 0.3895 56903.32578384541 5.551115123125783e-18 0.8791662799201796 0.5070250977010923 0.0 29.5589731927721 0.031134582767007223 0.4080628403533479 0.7168597974742463 2399.7973151226656 16.0 -15.589834369324976 1.8238489106411144 56887.393 56973.319 4 18 "Covariance may not be accurate."
01290816 10 0.2185 56897.212363993975 4.3576253716537397e-16 1.157262222844883 0.4957664202588287 0.0 29.27498059120262 0.030746398025801314 0.43889351553488914 0.7093899001802734 10050.50507624487 5.0 -18.9003335746197 1.5224448614639101 56887.393 56960.273 2 8 "Covariance may not be accurate."
01291080 13 0.4438 56899.90219685421 2.7755575615628915e-18 1.2484929907775475 0.008644503147607618 0.0 31.303450640971278 0.03341223434462089 0.38624925321450704 0.6518865078879477 417.34873481448585 8.0 -16.149330389240617 1.4573395652732444 56887.272 56973.077 2 11 "Covariance may not be accurate."
01291090 13 0.292 56900.6753102025 4.524158825347513e-16 0.6500646058279391 0.46478324843366114 0.0 0.006390825736161787 0.0 1.5445456351126374e-06 0.030964865591655455 2637.253967213351 8.0 -19.732132879678485 2.2605075518941824 56887.213 56973.023 2 11 "Covariance may not be accurate."
01291794 37 0.3951 57265.342963372226 5.273559366969494e-17 1.0642648771541618 0.3081110410347978 0.0 32.691917435487994 0.04757323300072084 0.3904429250951967 0.536569699594381 961.2454916087132 25.0 -18.475367036586157 1.605611660268135 57252.291 57356.172 6 31 "Covariance may not be accurate."
01291957 29 0.36 56862.18200526856 8.326672684688674e-17 0.6535966326817679 0.09920944424541911 0.0 7.671460843994282e-05 1.387778780781447e-18 1.0261804785804962e-05 0.17632014033824825 2624.7291155462467 11.0 -19.149217401179417 2.2516724402090667 56877.181 56980.028 0 29 "Covariance may not be accurate."
01292145 19 0.4925 57264.52318802752 2.7755575615628915e-18 0.9497622457018057 0.0006230172529699818 0.0 29.62771399470148 0.03090400582963529 0.4273603589252919 0.6252798585213968 185.27060306154823 11.0 -16.432911775780585 1.7297929341502645 57252.293 57356.172 3 16 "Covariance may not be accurate."
01292195 19 0.8293 57258.727544365895 2.7755575615628915e-18 0.6500000017819447 0.4862045672308172 0.0 27.221655564197135 0.031155579341313175 0.373854043483931 0.7119266464007146 336.4080180330964 9.0 -16.871415806977065 2.260670540658637 57253.265 57387.129 1 18 "Covariance may not be accurate."
01292332 12 0.2735 56901.030215078725 2.7200464103316337e-16 1.2230720203598835 0.49526821612997357 0.0 29.416709042343427 0.03080281321990928 0.310499806839254 0.7099824853743864 1436.6789964070588 7.0 -18.944128579793286 1.4739942883258514 56890.331 56973.185 1 11 "Covariance may not be accurate."
01292336 12 0.2336 56899.190639143504 1.637578961322106e-16 0.8935751727450405 0.5001260259872009 0.0 0.8274629788647871 8.326672684688669e-18 0.11853775184609139 0.16431020950447708 1421.2527250777232 6.0 -17.991011849343234 1.8035672405780225 56890.331 56973.185 1 11 "Covariance may not be accurate. Covariance not positive definite. Covariance forced positive definite."
01292560 11 0.2248 56892.77631981551 5.162537064506978e-16 0.6500000020883044 2.927103004424225e-13 0.0 0.0015226015893858857 1.3877787807814654e-18 2.7440757999208643e-09 0.0018230945126531117 5089.143229785678 4.0 -20.121703611440594 2.2606540612725006 56903.225 56973.038 0 11 "Covariance may not be accurate."
01293319 14 0.2969 56910.640259970554 2.3869795029440865e-16 0.6835697930546608 0.5002436915093162 0.0 0.16698712345896638 0.0 2.269079592770451e-05 5.839617760716731e-05 3893.3344554257046 9.0 -18.995527947754624 2.179916931435283 56887.27 56980.068 3 11 "Covariance may not be accurate."
01293758 17 0.1472 56894.11742922314 8.326672684688674e-16 0.6500000033970693 0.13757726994068248 0.0 28.06906208598957 0.03133582334213675 0.37601020834014776 0.7282274524093183 8942.541803778493 8.0 -19.377600105300644 2.2606587196194567 56903.107 56980.026 0 17 "Covariance may not be accurate."
01294014 22 0.3627 56875.38779453894 2.3869795029440865e-16 0.6518297694645864 2.102764173339544e-07 0.0 24.483851875869732 0.030746230241887173 0.3546148298265887 0.6164623242324581 1656.054336475854 6.0 -20.480419444572913 2.256071495001777 56890.388 56990.199 0 22 "Covariance may not be accurate."
01294743 11 0.3126 56900.30269684932 2.8310687127941495e-16 0.8911741166201035 0.500093391789237 0.0 0.02757544198539108 1.2490009027033016e-17 0.04034277292935695 0.07350333702967327 739.0195230016593 5.0 -19.310566647894085 1.8069121810282525 56890.366 56980.089 1 10 "Covariance may not be accurate. Covariance not positive definite. Covariance forced positive definite."
01295027 35 0.4254 56900.67981233179 2.7755575615628915e-18 0.6524318536500755 0.25892259357281383 0.0 32.94382935203612 0.03657891859272899 0.4568293116940612 0.6288888971349715 803.5440265419162 18.0 -15.550261364804179 2.2545795980509773 56887.27 56992.066 4 31 "Covariance may not be accurate."
01295256 16 0.4425 56889.29515547151 6.66133814775094e-17 0.6595495162291605 0.004756568113758797 0.0 24.854650964622124 0.031110722130511456 0.40326431183389183 0.5848831812396101 1185.9748355078175 3.0 -19.598434105205023 2.2369951627495936 56904.3 57012.086 0 16 "Covariance may not be accurate."
01295305 15 0.6117 56901.668299753444 2.7755575615628915e-18 0.6500724182345208 0.0065225150499249596 0.0 30.882279794099304 0.03299642804026698 0.3990083136926589 0.6472939405833253 1778.6799496047906 7.0 -16.99367273990253 2.260472410454774 56890.34 57005.11 1 14 "Covariance may not be accurate."
