analysis_pipeline/fit_results/des_5_salt2_2.4_blue.ecsv
# %ECSV 0.9
# ---
# datatype:
# - name: obj_id
#   datatype: string
# - name: num_points
#   datatype: int64
# - name: z
#   datatype: float64
# - name: t0
#   datatype: float64
# - name: x0
#   datatype: float64
# - name: x1
#   datatype: float64
# - name: c
#   datatype: float64
# - name: z_err
#   datatype: float64
# - name: t0_err
#   datatype: float64
# - name: x0_err
#   datatype: float64
# - name: x1_err
#   datatype: float64
# - name: c_err
#   datatype: float64
# - name: chi
#   datatype: float64
# - name: dof
#   datatype: float64
# - name: b_max
#   datatype: float64
# - name: delta_15
#   datatype: float64
# - name: tmin
#   datatype: float64
# - name: tmax
#   datatype: float64
# - name: pre_max
#   datatype: int64
# - name: post_max
#   datatype: int64
# - name: message
#   datatype: string
# schema: astropy-2.0
obj_id num_points z t0 x0 x1 c z_err t0_err x0_err x1_err c_err chi dof b_max delta_15 tmin tmax pre_max post_max message
[from data line 146]
01334423 28 0.33456010958734034 57335.81478417158 2.0770988919807665e-05 0.784525314163385 0.0028900208126013682 0.07212098291110969 0.99439715846529 1.8285196388717627e-06 0.8233587875032384 0.059798843723022715 12.617563401135733 23.0 -19.050191850923675 0.9126374473452792 57312.14 57408.055 10 18 "Minimization exited successfully."
01334448 16 0.40986794352622696 57331.56203770696 6.7685233524267255e-06 -1.5531656115172656 0.297805550358843 2.0159504194233735e-05 0.0013909771987528075 3.4699776438093524e-06 3.2143334663221967 0.39850733353528034 4.378527535866266 11.0 -18.354828361281154 1.354677917374243 57301.284 57402.053 7 9 "Minimization exited successfully."
01334470 15 0.46561426793289434 57332.15128208207 8.30905118651415e-06 0.1876697706878323 0.29974069699679323 0.0660327278737883 1.5663721436321794 1.0246872106323132e-06 1.064013682893099 0.31068598622303023 5.405528138684634 10.0 -18.90854142073932 1.0030663180022117 57305.283 57402.053 6 9 "Minimization exited successfully."
01334597 12 0.30039712392132273 57343.997838316696 4.266335298220292e-05 0.907168451552546 -0.05681024156427594 0.00965935639875401 0.2839135873327905 3.70804367288008e-06 0.20571199405892004 0.1655157777853848 5.874401936685078 7.0 -19.560253387067945 0.8939192445171713 57315.241 57406.101 5 7 "Covariance may not be accurate. Covariance not positive definite. Covariance forced positive definite."
01334620 15 0.16454160076257032 57335.16970229203 7.017883405301684e-05 -0.205680917822602 -0.2974136358993147 0.06060816099116688 0.5168803253691294 1.4562664869917362e-05 0.5820680961890463 0.5940455204540502 9.988369590651992 10.0 -18.62887355894479 1.1083492057719226 57311.282 57403.062 5 10 "Minimization exited successfully."
01334644 15 0.2786109312208164 57332.13069064176 3.0191651759853277e-05 -2.333386692583977 0.12318479484953093 0.2674141857694615 21.188800887230173 0.030223237056701713 2.77664087714915 0.44198449922168853 5.124429775256815 10.0 -18.99525057684007 1.5764508723868147 57311.282 57403.062 5 10 "Covariance may not be accurate."
01334645 12 0.20833472082782678 57335.64453218241 5.74640023754236e-05 -0.5384990958705402 0.024569720452752353 1.4261860815378835e-06 6.084774940973148e-05 1.0591946786747683e-05 0.3780210789240819 0.20102124943031296 14.34389768224267 7.0 -18.977260570374813 1.1564237475377652 57311.282 57403.062 4 8 "Covariance may not be accurate."
01334707 31 0.6449834171521717 57340.10927673855 8.100356219967186e-06 0.25753051234603763 -0.2993247302635831 0.04765751931868634 1.004734485562949 4.638859159244998e-07 0.4381855407225541 0.3001392677164657 9.665932246481207 10.0 -19.7374619515433 1.0193365776302876 57304.307 57426.071 11 20 "Minimization exited successfully."
01334879 16 0.5777054858875176 57334.0057839703 4.747016435693863e-06 -1.0840661408465393 0.29976714979348656 0.02944806213930995 1.0633002455979295 2.42486423035482e-07 0.5837994603182437 0.563901577753956 9.582999303230155 11.0 -18.865223797156865 1.2496589901853312 57302.267 57425.071 5 11 "Minimization exited successfully."
01335472 14 0.5212184010308032 57343.75318439912 1.283285174452087e-05 0.6556936618803286 -0.29798374641971737 0.056574918174809335 1.2314765619121317 2.579962081002141e-06 1.0045433640373245 0.3009558722861596 5.52204701291659 9.0 -19.67497164635999 0.9467567736193097 57311.025 57403.049 6 8 "Minimization exited successfully."
01335564 15 0.5497171340640263 57341.707368133335 6.567920527578153e-06 -0.8733850421858476 0.29693112475693056 0.08008197156387334 2.1967637866437144 1.8472271750488707e-06 1.7199353699065585 0.5869939768549025 5.640896144284231 10.0 -19.086899545630512 1.205623664417601 57311.284 57427.068 6 9 "Minimization exited successfully."
01335694 11 0.25878295799099993 57347.616195343304 4.424545909649524e-05 0.8031150958042992 0.29998450272933314 0.011214737411527453 0.19681762611071463 7.409748885314773e-07 0.21736541472087656 0.4264639043891778 17.46872498114548 6.0 -19.23231182823014 0.8973110472271877 57325.214 57408.053 5 6 "Minimization exited successfully."
01335717 13 0.32943907816262574 57347.12655554981 1.9866224327222406e-05 0.020193731357878608 0.2989937690654005 0.019920608946970897 0.3804921740338614 6.280857516943735e-07 0.2460666874100279 0.5875615910127334 2.855319933296646 8.0 -18.967041049476002 1.0331270501055307 57325.182 57408.092 4 9 "Minimization exited successfully."
01335718 29 0.6961119035658359 57351.784577606406 6.041285020719212e-06 0.4610198736104443 -0.29979225713825536 0.05166285846274721 0.5498951849949663 6.719400889032556e-07 0.45139389024325816 0.46002962428778116 11.931142680565124 9.0 -19.62220543561584 0.9818748066539378 57318.106 57426.067 11 18 "Minimization exited successfully."
01335868 17 0.6866205290882407 57347.209723975524 6.368243706703081e-06 0.5049527858902483 0.2997884667151049 0.06523037785047581 1.4111338509173947 6.300204166864722e-07 1.122282660753412 0.31535706287296583 8.725170640980629 12.0 -19.643276302092644 0.947742469241529 57315.234 57425.151 7 10 "Minimization exited successfully."
01336008 24 0.5015824535007637 57348.5462718944 1.8087557405882527e-05 0.35178552251523687 0.07035177824951455 0.04821669639828971 0.5311885699447885 5.706892449927614e-07 0.41214866087392377 0.05562796139116499 9.940346646968212 19.0 -19.94269632581189 0.9853652617194193 57325.012 57403.049 11 13 "Minimization exited successfully."
01336009 25 0.5410210001394964 57346.11219680701 1.2630441208669186e-05 -0.35467949512276276 0.1250086892664758 0.0372961394048158 0.5706888446256926 5.292047989130522e-07 0.4291745971575609 0.10338296283518511 7.446575095314048 20.0 -19.75133148303779 1.1136740584222906 57325.012 57403.049 9 16 "Minimization exited successfully."
01336453 9 0.1708346643386483 57354.590109214194 8.332487481808316e-05 0.6666503992707336 0.2982004722021811 0.04474604397347627 0.42061094683595 8.345842086361635e-06 0.31479572697267866 0.5324042948824552 6.797382680174206 4.0 -18.90636133732477 0.9203014694832596 57329.171 57403.099 3 6 "Minimization exited successfully."
01336480 7 0.2659094084744114 57350.423152192394 3.5838328376625043e-05 0.018766653287007884 0.007629182115728161 0.029832533580217147 0.8641957207182713 5.223398777297188e-05 1.0177602384217337 0.453109762889493 6.6834401091783135 2.0 -19.06547810422258 1.0492210825170218 57329.171 57396.099 3 4 "Minimization exited successfully."
01336687 12 0.2383721557206282 57351.25427655987 3.832239835422913e-05 0.470717480957231 0.2998138980908261 0.017446608917114415 0.2858212211904174 1.142382912421023e-06 0.2541730736756245 0.5941256461355686 5.83730343319265 7.0 -18.872909627103905 0.953621447774065 57327.065 57403.062 5 7 "Minimization exited successfully."
01337117 11 0.5934275579975491 57362.88505370735 1.0436299767152547e-05 0.9604969678098456 0.2993561317775399 0.03544594093356057 1.223584207247768 7.217735069869889e-07 0.7298748387621306 0.3414473513785771 12.367424648753351 6.0 -19.79282217294154 0.8712180971340402 57329.033 57403.049 5 6 "Minimization exited successfully."
01337221 28 0.668439970758387 57358.96010474704 6.665192452429137e-06 -1.339891250137263 0.2820055778910974 0.08416126352844222 1.371105809830624 1.7554568703628812e-06 0.9803130311730208 0.47847721010371236 8.429023523027599 9.0 -19.619662668048534 1.3072677826711754 57325.027 57407.048 12 16 "Minimization exited successfully."
01337228 14 0.5412406508974099 57357.63552395768 6.871159026361485e-06 -1.7461510835041179 0.007967236357164786 0.08922133666789864 2.0624192144096014 7.575569250981018e-06 1.3313909203139387 0.3684949269981101 7.008234730871471 9.0 -19.089857412638437 1.4302671784914551 57325.027 57407.046 6 8 "Covariance may not be accurate. Covariance not positive definite. Covariance forced positive definite."
01337272 12 0.5543961853282686 57356.35458723366 8.566028207077081e-06 -1.5170874118052713 0.2991943893212698 0.03782256796893002 1.4898828804325603 8.818889839862228e-07 1.047310300030541 0.3802058291697977 6.581112653287978 7.0 -19.397356175360628 1.3460985093027205 57325.073 57427.054 5 7 "Minimization exited successfully."
01337325 12 0.6464170091594601 57356.44223121741 8.189999392754777e-06 -1.1467550242839015 -0.2994901117652823 0.06987164820696612 1.8765602030180162 8.429176857560613e-07 0.941739880967065 0.3039653298487018 11.52581030969054 7.0 -19.754395351066066 1.3107474578994207 57325.073 57427.054 5 7 "Minimization exited successfully."
01337649 9 0.276368405180465 57363.747167245645 5.0097440393548355e-05 1.4108792230068623 -0.299975039511687 0.027709690451517582 0.6100358325857087 2.7915089141752878e-06 0.33253862532864 0.4883035564758156 4.534546873162754 4.0 -19.530942729706847 0.8164923743333006 57339.165 57408.053 3 6 "Minimization exited successfully."
01337655 10 nan nan nan nan nan nan nan nan nan nan nan nan nan nan nan nan 0 0 "No bands in data overlap the model."
01337687 12 0.30647998705213075 57361.15024829043 3.257072781179815e-05 0.7161447802196128 0.29995051018186863 0.01922712333280746 0.6202069172177289 6.680978660592009e-07 0.38002370111638584 0.4942172038787275 13.063968380567196 7.0 -19.322137250412425 0.9118831829606435 57339.297 57425.149 3 9 "Minimization exited successfully."
01337703 15 0.5644827753969598 57360.363590469555 1.1918623901421843e-05 -0.6294874142848785 -0.1860080511815841 0.08889802016026235 3.815305780281051 1.048583779708484e-05 1.978746941263009 0.35699585777020537 6.3662232860270835 10.0 -19.80068744149198 1.188540727725723 57325.124 57425.151 6 9 "Covariance may not be accurate. Covariance not positive definite. Covariance forced positive definite."
01337838 11 0.4907702067979912 57366.42465560535 2.6751817099765485e-05 1.2625905286543944 -0.2996227302235287 0.0348630390655611 0.3744646543782437 8.139480236146759e-07 0.28767699599515995 0.3666992525605901 33.47620208582975 6.0 -20.31573145325828 0.8415421210341663 57339.151 57427.066 5 6 "Minimization exited successfully."
01338128 11 0.4369504698803113 57368.356601776955 2.161197912304569e-05 -0.21758803419050832 0.2871928802540861 0.08463782253536206 0.7821288749109954 2.642997025253945e-06 0.5864495728393191 0.5452119913377851 4.313261681987422 6.0 -19.78088490159365 1.07757892211945 57339.021 57407.044 4 7 "Minimization exited successfully."
01338170 22 0.4238518158805331 57363.32997062163 1.6230152984894608e-05 0.0484068727724134 -0.07315856454532771 0.06231865081038537 0.9008866444601153 2.0225271233159652e-06 0.8071995706149302 0.10745722780847053 7.576659258797731 17.0 -19.38719686614415 1.0478261937616935 57339.021 57407.046 6 16 "Minimization exited successfully."
01338233 13 0.663417892717522 57358.45155987841 5.8280858035164584e-06 -0.7134759776829416 -0.29592104427700894 0.11922739974664853 2.432244444706157 1.400025796870208e-06 1.7357944929098563 0.30090835259826043 3.492973174179923 8.0 -19.45414801694044 1.2132986267072035 57319.281 57427.054 6 7 "Minimization exited successfully."
01338266 40 0.6673862152574284 57366.45180003618 5.566478973503819e-06 -1.062674499147432 -0.26241326612248156 0.07506709573257747 1.4614729300374165 2.5281942381910613e-06 1.0927060299216604 0.5698101100072723 16.838163957928707 14.0 -19.419018767359354 1.2886040675648118 57339.037 57427.068 17 23 "Minimization exited successfully."
01338278 10 0.5478909334390285 57365.855551859655 8.861721198344385e-06 0.567750395358662 0.08653942499040906 0.07785893842030653 1.8486248120716482 5.766513127790362e-06 1.2284193324521084 0.3100033919596744 2.478622676793563 5.0 -19.39994344761948 0.946613083801406 57339.037 57427.054 4 6 "Covariance may not be accurate. Covariance not positive definite. Covariance forced positive definite."
01338387 10 0.5899551865332148 57363.99751324502 1.0642629472956689e-05 1.2210027027672883 -0.2959428716247621 0.04211454352055605 1.7296186050480173 2.694862705926448e-06 0.9455410907545252 0.5815060776869598 10.088268253595722 5.0 -19.798358836680986 0.848493677396025 57329.173 57403.101 4 6 "Minimization exited successfully."
01338430 9 0.6318128679407411 57364.41355251048 9.381256578763765e-06 1.0121348986174077 0.2955993191386091 0.11099179286646499 4.199485542412731 1.7620927315553652e-06 1.5988919448798178 0.30242050328584713 0.762890771761392 4.0 -19.843023219378196 0.862858434415763 57339.122 57403.101 3 6 "Minimization exited successfully."
01338471 11 0.6341359205145011 57354.63246247375 6.20887003462689e-06 -0.19109330296666815 -0.29158755251441204 0.10626338663674861 3.8077233619478648 1.7762692572434458e-06 1.6914854853457846 0.5640517605961712 1.5956638971902333 6.0 -19.403148822781205 1.1051534031729275 57319.137 57403.101 4 7 "Minimization exited successfully."
01338675 17 0.3113188728883032 57371.69501815516 2.0618879009126623e-05 0.17224575962263833 0.07360495763197472 0.01169279676247642 0.23284259123101947 6.306686767515453e-07 0.2582761358505685 0.028172468741605866 4.210518168364179 12.0 -18.860174285795875 1.0175386204588968 57339.046 57406.102 7 10 "Minimization exited successfully."
01339002 9 0.30117053907320435 57369.6286263006 1.9154520673761444e-05 -1.3253302590640754 0.2988231271546267 0.04883015550441 1.2065864947689988 1.5996269528056887e-06 0.776496134790218 0.3873144792916855 1.5528356158058 4.0 -18.700523825892514 1.302484136984166 57346.027 57427.066 3 6 "Minimization exited successfully."
01339149 9 0.2782869044951546 57373.91749437384 1.0647374702174583e-05 1.2321330899482703 0.2924161710867355 0.05822986765421087 0.8155034147785045 3.5330150008963668e-06 1.2407345721832315 0.5732288490449373 1.3418086591554506 4.0 -17.86669495538283 0.8270019950838545 57346.029 57427.068 4 5 "Minimization exited successfully."
01339392 6 0.3055116252755025 57372.517039236576 9.732703778359831e-05 0.21972860588513976 0.16008641987353328 0.13733404842023272 5.572780359882017 9.655231083809807e-05 4.0153515855082755 0.49908705913759743 0.2629863224416622 1.0 -20.498844991342494 1.0045900717179315 57345.331 57426.145 3 3 "Minimization exited successfully."
01339450 13 0.8499982577346347 57373.58524603462 5.6878684489419795e-06 -1.5978187976251574 0.2991728187890787 0.6966226779054381 1.7752297854713106 6.750000393629385e-07 1.276345411007579 0.3159093359229915 6.806584095667161 8.0 -20.09065506101111 1.3651254193712248 57339.286 57426.147 6 7 "Minimization exited successfully."
01340454 22 0.4327207055962309 57375.33522889998 1.2783968774360277e-05 1.4345043410144598 0.2999985011926923 0.021370049803017627 0.4240757959341863 4.4522141054714765e-07 0.5822438996591888 0.10383080665742642 11.041179278033269 17.0 -19.187477140137773 0.7939472951795423 57345.314 57425.151 10 12 "Minimization exited successfully."
01341370 16 0.4086670746559983 57376.40351464479 1.5473346124211807e-05 1.3720244510913222 -0.02725352067392295 0.03964109228583529 0.4954837080294965 1.056304058150159e-06 0.6509550047650503 0.05546094896666945 9.554492229879854 11.0 -19.24222788559128 0.8148392298496532 57347.079 57403.049 8 8 "Minimization exited successfully."
01341894 7 0.3171712553738313 57390.36862094807 2.4599974798003577e-05 -0.2424163065123448 0.29910605800305684 0.05923623073104234 1.2911359283534694 1.5544275010617729e-06 0.9122348966208221 0.5214867947401121 1.8265855876736536 2.0 -19.103049423387812 1.081496898762424 57365.054 57427.052 4 3 "Minimization exited successfully."
01342255 6 0.25854733716665956 57390.673541293305 6.479131830997298e-05 0.20092295285640294 0.299486823569635 0.06667482461594244 0.3332554393236933 1.6181964805725383e-06 1.0487495940072686 0.5105393685217625 0.5912747504462378 1.0 -19.64367335315271 1.0007297377658908 57365.11 57403.099 4 2 "Minimization exited successfully."
