analysis_pipeline/fit_results/des_4_salt2_2.4_blue.ecsv
# %ECSV 0.9
# ---
# datatype:
# - name: obj_id
#   datatype: string
# - name: num_points
#   datatype: int64
# - name: z
#   datatype: float64
# - name: t0
#   datatype: float64
# - name: x0
#   datatype: float64
# - name: x1
#   datatype: float64
# - name: c
#   datatype: float64
# - name: z_err
#   datatype: float64
# - name: t0_err
#   datatype: float64
# - name: x0_err
#   datatype: float64
# - name: x1_err
#   datatype: float64
# - name: c_err
#   datatype: float64
# - name: chi
#   datatype: float64
# - name: dof
#   datatype: float64
# - name: b_max
#   datatype: float64
# - name: delta_15
#   datatype: float64
# - name: tmin
#   datatype: float64
# - name: tmax
#   datatype: float64
# - name: pre_max
#   datatype: int64
# - name: post_max
#   datatype: int64
# - name: message
#   datatype: string
# schema: astropy-2.0
obj_id num_points z t0 x0 x1 c z_err t0_err x0_err x1_err c_err chi dof b_max delta_15 tmin tmax pre_max post_max message
[from data line 53]
01296273 31 0.397 56927.141205904554 2.5780775504274933e-05 -0.048600433401053245 -0.13541682775462474 0.0 0.5966499586720602 7.467133497224276e-07 0.3500029447423878 0.04017428993930454 57.02881178440727 27.0 -19.721624829363893 1.0693723675486346 56903.386 57003.047 6 25 "Minimization exited successfully."
01296321 13 0.1844 56930.96325435207 8.008138924443521e-05 0.6806281309803457 -0.29999789124800524 0.0 0.0001777747384039685 1.8162202030255772e-06 0.3615826393051742 0.4282455049927838 9.771779949043365 9.0 -19.046877613098573 0.942394940487123 56915.267 56990.183 3 10 "Minimization exited successfully."
01296657 8 0.1462 56923.573773088436 0.0001421323680989961 1.0630757190713398 0.014088506195471417 0.0 0.3380823278130265 1.0565545908408638e-05 0.6230831674059423 0.04581607942806576 1.8568075246766078 4.0 -19.109984946558626 0.8649485585160157 56904.221 56973.075 3 5 "Minimization exited successfully."
01297026 13 0.2585 56928.86843531001 4.979376883458009e-05 -0.07585792388706825 -0.29999214192553586 0.0 0.5444873883789114 1.2955132197303723e-06 0.43811900018752814 0.5989288166038238 14.657916332106371 9.0 -19.356762155741606 1.0829233681427937 56915.203 57001.06 2 11 "Minimization exited successfully."
01297465 14 0.2778 56938.92236031293 2.7663095051203015e-05 1.208399070603055 0.29991003444417713 0.0 0.1916673530213302 4.669842497584391e-07 0.2058618729499866 0.45357003668112417 40.81601044072451 10.0 -18.899184022606683 0.8305905727556464 56912.304 57005.249 5 9 "Minimization exited successfully."
01298281 15 0.2351 56930.49666436115 5.027756623675328e-05 -1.4538854739002334 -0.29996123997252927 0.0 0.38075862324330956 1.415360317595648e-06 0.3590162666954011 0.5972184148434987 25.099523274755306 11.0 -19.13203036679714 1.3848136264838615 56915.267 57003.045 3 12 "Minimization exited successfully."
01298893 4 0.1962 56935.238037770505 4.818689556005396e-05 -2.9999954482191074 0.29977502639458514 0.0 2.857232961439877 8.021244737674296e-06 3.5599712759943305 0.572725890627213 1.0474003941844794 0.0 -18.6439810376023 1.7582133392632429 56943.247 56992.064 0 4 "Minimization exited successfully."
01299643 33 0.38 56941.16696205356 2.531669164684558e-05 0.5925444423112247 -0.105189486369161 0.0 0.37874922260380117 9.897534961320068e-07 0.32669196652548327 0.04161091349429932 58.52623831401971 29.0 -19.589781215831945 0.9503927282556788 56912.346 57018.075 6 27 "Minimization exited successfully."
01299775 6 0.1598 56941.08284925743 0.00016256003477447268 0.2408275464540246 -0.2981416911914767 0.0 0.5632278420016519 1.80833032538158e-05 0.47063837168209766 0.5990418823224002 9.369127206913577 2.0 -19.47131375419834 1.0224028787128816 56927.224 57001.29 1 5 "Minimization exited successfully."
01299785 33 0.3813 56943.48581957104 1.7378934561881888e-05 -0.2868599059944388 0.058456795881933754 0.0 0.729163938351121 1.1800169347347955e-06 0.49278763546046034 0.0734114504471598 10.298781205384724 29.0 -19.18913804108468 1.1045339491920672 56920.294 57025.076 7 26 "Minimization exited successfully."
01300516 17 0.3104 56949.984605511556 3.15590642449598e-05 1.252314906530577 -0.29997508425131203 0.0 0.4684623063694744 9.95902834349805e-07 0.4564883226899701 0.585185176732141 8.288201901401186 13.0 -19.32001726295168 0.8432962849572441 56923.291 57018.088 6 11 "Minimization exited successfully."
01300912 32 0.3376 56946.426826377654 1.9487603354834127e-05 -0.4051554952305816 0.059230255922886554 0.0 0.19784158639595262 5.316385130654803e-07 0.1554821618415967 0.02580772539842527 43.15283634931898 28.0 -19.003233128599117 1.1276168601642382 56920.205 57018.21 10 22 "Minimization exited successfully."
01301933 16 0.3299 56953.37899839886 3.139821929307729e-05 -0.032402566231696905 -0.1369420570586664 0.0 0.18314375725458376 3.2783018071858017e-06 0.14339615448294385 0.2207965884117923 14.968262739819902 12.0 -19.463560724541487 1.0663562152127142 56924.193 57025.1 5 11 "Covariance may not be accurate. Covariance not positive definite. Covariance forced positive definite."
01302058 14 0.1984 56959.7167787047 0.00011264371202524826 0.6455424092303437 0.008359863675230894 0.0 0.7791880034383212 0.00020596987942711755 0.6743489016906321 0.40865391684113067 37.172558847480474 10.0 -19.58996054343693 0.93642314650576 56935.363 57025.074 4 10 "Minimization exited successfully."
01302141 22 0.6088 57282.345259348236 7.836737612529343e-06 -1.0037804343895558 0.08264643059543986 0.0 1.5464869610696041 8.164616972429484e-06 1.0632069095789112 0.49040087616357 15.810435091115172 18.0 -19.543651717887666 1.24973166263241 57248.408 57365.041 7 15 "Covariance may not be accurate. Covariance not positive definite. Covariance forced positive definite."
01302187 9 0.2195 56953.2876833006 7.423523882864325e-05 -0.46472591181239054 -0.28381392372673214 0.0 0.8476867242061417 3.382867477630946e-05 1.0280919833615059 0.3097315215316343 1.2729591713012116 5.0 -19.386737829158818 1.1600827142589836 56932.171 57012.201 3 6 "Minimization exited successfully."
01302523 28 0.4239 57288.814813412064 1.5990436790458418e-05 0.3158778075028761 -0.025032455202370296 0.0 0.32877994605587446 5.085858926237599e-07 0.3130301174090604 0.03934298173060824 25.41467951124113 24.0 -19.3713062396707 0.9962740090954512 57265.391 57372.059 6 22 "Minimization exited successfully."
01302648 13 0.2319 56948.66340001537 4.187756334733672e-05 -1.1899194944952942 0.2999248952495454 0.0 0.447618068443262 1.3566509755286178e-06 0.39209471807844987 0.5874723998280764 32.99128747942034 9.0 -18.900500686163603 1.272500949985698 56925.16 57017.076 3 10 "Minimization exited successfully."
01303004 18 0.2949 56960.86641988984 4.7219242894042115e-05 1.4734550599697647 -0.2999719845108517 0.0 0.2543394869644544 9.920875393254487e-07 0.2976269628684034 0.48266542671501406 36.51466197816882 14.0 -19.62906073230005 0.8059660734684222 56936.363 57033.042 5 13 "Minimization exited successfully."
01303279 8 0.1724 56966.09170451577 0.00024031507930598607 1.215555583245802 -0.29884673589316524 0.0 0.5403067687257135 1.8434024999637594e-05 0.6953121772256592 0.5854401712908359 49.00634366299397 4.0 -20.07845776884475 0.8495081207269166 56943.232 57033.164 2 6 "Minimization exited successfully."
01303496 10 0.1798 56966.198252141425 6.797053127151342e-05 -0.37984576446000506 0.2998804230057425 0.0 0.3370930001838133 2.087811650579309e-06 0.42085265568278185 0.48708595223331425 24.467629927812776 6.0 -18.807557902729393 1.1074590643595528 56943.18 57032.147 3 7 "Minimization exited successfully."
01303883 17 0.2591 57286.32200661905 4.43013583040941e-05 -0.20787877566517832 0.2999181013833137 0.0 0.29447450240695616 1.2916814370281242e-06 0.3911155294957769 0.49513156977620887 52.89960790583602 13.0 -19.235962835722166 1.0749880875248579 57265.225 57356.122 3 14 "Minimization exited successfully."
01303952 21 0.5626 57286.933692468825 1.2094232326456679e-05 -1.2465212665300531 -0.2995723375998902 0.0 0.9344665934040677 1.2931258557238869e-06 0.8854837749663087 0.3615028870472562 25.204336370887965 17.0 -19.810148497394003 1.334296463485856 57249.283 57373.055 7 14 "Minimization exited successfully."
01304127 21 0.7286 nan nan nan nan 0.005 nan nan nan nan nan nan nan nan nan nan 0 0 "No bands in data overlap the model."
01304442 2 0.2171 56965.22797652029 7.681043134198096e-05 0.1515536805371056 -0.06949873593655012 0.0 5.815645054499328 5.6644262193382425e-05 3.4191601575575366 0.35274255151989153 4.6386080701739577e-07 -2.0 -19.393519754846196 1.0284277735414378 56943.355 56990.214 1 1 "Covariance may not be accurate. Covariance not positive definite. Covariance forced positive definite."
01304678 10 0.2188 56963.77962762894 6.875319652899503e-05 -1.1805217698386468 -0.2984770286879816 0.0 0.9364571292608161 9.285670221602375e-06 0.9572617024655012 0.5308262618638262 3.396555666416507 6.0 -19.295630208108584 1.318588229120838 56943.232 57033.164 3 7 "Minimization exited successfully."
01305504 14 0.4956 56973.32939071067 1.3189953540237999e-05 -0.22652442462732747 -0.299972330514381 0.0 0.5926049542540568 3.470540881067574e-07 0.38148912298745596 0.5829630338695326 4.035989733357475 10.0 -19.572247170981466 1.1126309250213033 56943.274 57039.041 4 10 "Minimization exited successfully."
01305626 15 0.3257 56975.32129845746 3.190548651993419e-05 -0.13634261023553806 -0.1820898089307334 0.0 0.5570012842399592 1.8402239874919235e-05 0.43094105211800815 0.35441168746846624 16.160220402291667 11.0 -19.44919906687602 1.0887144368470878 56949.133 57044.076 4 11 "Minimization exited successfully."
01306029 38 0.4289 57279.58538346534 1.2635457488452407e-05 1.6893227463706815 0.08682070106337653 0.0 0.9770307509897975 6.160952730344116e-07 0.6192125934537467 0.06190059228377523 45.78510536365177 34.0 -19.147727948928058 0.759202708664958 57248.391 57355.214 12 26 "Minimization exited successfully."
01306073 15 0.3286 56972.12135894661 2.5428247554862285e-05 -1.196698528965531 -0.2997734823064854 0.0 0.45995957686318434 8.652126669214666e-07 0.30695162021677347 0.5648983124674156 2.431446101115627 11.0 -19.227425551200064 1.322496134987933 56949.136 57044.076 3 12 "Minimization exited successfully."
01306141 32 0.3324 56977.553962683356 3.278522989025867e-05 0.061231022235539 -0.08346538621731134 0.0 0.00023028852956485935 1.2800396222922818e-06 0.29527598481462913 0.043043485406550064 26.19122142713872 28.0 -19.529090516394405 1.0459402293001716 56949.339 57051.149 8 24 "Minimization exited successfully."
01306360 19 0.4494 57281.25810009065 1.608650368250808e-05 -0.9351492784801088 -0.2994531027628231 0.0 2.2044849548547063 2.0920494207071757e-06 1.4186060436940846 0.35367295127560866 6.412591435849217 15.0 -19.532590896054366 1.2622904168933538 57255.415 57355.242 4 15 "Minimization exited successfully."
01306390 34 0.407 57280.32891891168 9.34659714854902e-06 -0.18103516083443338 0.16723466059328013 0.0 1.7811300904177187 9.30250929587206e-07 1.0220819101511047 0.1274590277493605 5.7007423358317 30.0 -18.684590887064374 1.0778889655554167 57253.403 57355.228 6 28 "Minimization exited successfully."
01306537 19 0.4795 57287.490736897125 1.1424946224639078e-05 0.7136288240183495 0.29983494631684876 0.0 0.7887794978887541 8.168466939156844e-07 0.9883391280994016 0.5908564463424173 20.88180932280243 15.0 -19.331222242437256 0.9123113488129562 57265.368 57372.241 4 15 "Minimization exited successfully."
01306626 36 0.4095 57284.83429075729 1.9430664974642853e-05 0.4940642619559097 -0.044770924202541806 0.0 0.43910472642892273 8.831976361353692e-07 0.45125225317365114 0.04940933697337137 31.08142782358858 32.0 -19.493945291946957 0.9652713643501691 57255.413 57355.242 8 28 "Minimization exited successfully."
01306785 11 0.5787 57283.64546175927 8.354122639200878e-06 -0.12155481440112581 -0.04948379853015944 0.0 4.2167247223551385 1.1057598701620652e-05 3.911294497476432 0.37010561872889575 1.7415022060179104 7.0 -19.479216239501888 1.078799364603423 57248.423 57311.111 6 5 "Covariance may not be accurate. Covariance not positive definite. Covariance forced positive definite."
01306980 22 0.5489 57282.888337068434 7.398843366376862e-06 -2.4677996140691603 0.27823637263191175 0.0 2.004243307877914 3.7327189249730667e-06 1.1134609442462287 0.37915037483313074 11.738757218104265 18.0 -19.21107830536171 1.5956162322551783 57252.233 57372.036 6 16 "Minimization exited successfully."
01306991 35 0.4217 57288.29977745662 1.8322264746550856e-05 -0.13826493228998782 -0.029433634320681412 0.0 0.9094309555985092 2.2564114147138898e-06 0.9563928818208293 0.14716577099835937 12.718553580559236 31.0 -19.50536670643104 1.0809079757921687 57265.212 57365.041 10 25 "Minimization exited successfully."
01307277 36 0.4107 57284.16841590601 1.070469381880823e-05 -0.38722313063918357 0.2485288330673932 0.0 1.059384869033238 1.189634735167255e-06 1.0790712258974235 0.10973580842820929 19.553574671203442 32.0 -18.856889349869284 1.1121888516301155 57256.295 57365.112 8 28 "Minimization exited successfully."
01307830 31 0.3493 57286.233343436405 1.8505209317101758e-05 -1.7745082653265998 -0.044953181094952666 0.0 0.2521718381540268 5.329669968398568e-07 0.2344406491045623 0.03840052921807864 24.757682683258217 27.0 -19.032752489539853 1.4427856083578838 57257.281 57356.144 7 24 "Minimization exited successfully."
01308314 37 0.4065 56977.63457045069 1.6754515076120027e-05 -0.2651496852991002 -0.05092602732780949 0.0 0.3957220901356777 4.977604772318789e-07 0.31092902384796894 0.04101893123256979 31.8419843506703 33.0 -19.313621278073967 1.1066638052805118 56943.18 57051.149 12 25 "Minimization exited successfully."
01308326 16 0.3262 56976.65202878407 3.471278650561682e-05 0.3394281056501618 -0.28997342093107686 0.0 0.4221788232862309 4.158637479030612e-06 0.38262289031653895 0.5817221871762638 11.85019122734467 12.0 -19.547538286007644 1.003746064480353 56956.143 57045.109 4 12 "Minimization exited successfully."
01308568 19 0.6431 57292.67398060757 5.696274246277944e-06 1.9999980308099072 0.29951948725830463 0.0 1.6940132267081935 5.315795052598936e-07 3.7560004428456417 0.3356918237479906 20.267804896873965 15.0 -19.3497836737549 0.7023847890579695 57256.269 57379.063 5 14 "Minimization exited successfully."
01308582 29 0.3669 57287.54926422338 2.5154875584099125e-05 -0.6363500983961643 -0.05673341786621017 0.0 0.5230640901318111 1.4199581734375414e-06 0.4845344844410693 0.0664377712842445 16.613685478762623 25.0 -19.491921426314818 1.1817103374369893 57265.391 57365.081 6 23 "Minimization exited successfully."
01308884 10 0.0772 57293.49270454683 0.0003210212983144001 -1.2079210683348953 -0.29999882048844717 0.0 0.054141864929988515 2.405049274271947e-06 0.05453423407620106 0.42666913069170986 17.05308401321478 6.0 -18.51038687906462 1.3251643506989943 57278.247 57345.255 2 8 "Minimization exited successfully."
01308957 19 0.6187 57289.321331508385 5.699746114865012e-06 1.4147318016976875 0.29811340914656065 0.0 1.8612196703834343 1.0632936277094048e-06 3.813418348042091 0.39075507985917457 25.068584146998106 15.0 -19.24692962996714 0.7972056982842552 57253.334 57373.055 7 12 "Minimization exited successfully."
01309288 6 0.2684 56987.72706838205 6.739937472232116e-05 1.8249248055854785 -0.2991430823824446 0.0 0.0002575117141532246 2.314883069986645e-05 3.7302773034268393 0.5689888284778228 1.2038440119897935 2.0 -19.780711159962802 0.7470846267936189 56963.244 57061.06 1 5 "Minimization exited successfully."
01309492 30 0.3335 56993.21159169261 3.458992261164973e-05 0.12968411012717107 -0.08643862993106466 0.0 0.10381132860129583 5.021510526392887e-07 0.10070119020730939 0.014247051325416454 73.5806900918817 26.0 -19.59570825435164 1.033310098496166 56963.265 57066.064 9 21 "Minimization exited successfully."
01309749 19 0.7893 nan nan nan nan 0.01 nan nan nan nan nan nan nan nan nan nan 0 0 "No bands in data overlap the model."
01310338 26 0.4388 56976.99855906533 1.583090205539428e-05 -0.1039162025488709 0.06768607431511992 0.0 0.4847510698091355 4.7120576788378665e-07 0.4141420258447326 0.043990408893203714 15.994936709518786 22.0 -19.44971592887413 1.0690178986850718 56949.115 57052.039 5 21 "Minimization exited successfully."
01310395 18 0.289 56980.9307999495 3.136023426311696e-05 -1.0937273703863633 -0.2988572849148497 0.0 0.3964105521226884 1.7091899737947672e-06 0.39130293618740797 0.5841943873400137 8.662548458678366 14.0 -19.13197022367198 1.298374861140669 56956.206 57052.037 4 14 "Minimization exited successfully."
