analysis_pipeline/fit_results/des_5_sn91bg_color_interpolation_all.ecsv
# %ECSV 0.9
# ---
# datatype:
# - {name: obj_id, datatype: string}
# - {name: num_points, datatype: int64}
# - {name: z, datatype: float64}
# - {name: t0, datatype: float64}
# - {name: x0, datatype: float64}
# - {name: x1, datatype: float64}
# - {name: c, datatype: float64}
# - {name: z_err, datatype: float64}
# - {name: t0_err, datatype: float64}
# - {name: x0_err, datatype: float64}
# - {name: x1_err, datatype: float64}
# - {name: c_err, datatype: float64}
# - {name: chi, datatype: float64}
# - {name: dof, datatype: float64}
# - {name: b_max, datatype: float64}
# - {name: delta_15, datatype: float64}
# - {name: tmin, datatype: float64}
# - {name: tmax, datatype: float64}
# - {name: pre_max, datatype: int64}
# - {name: post_max, datatype: int64}
# - {name: message, datatype: string}
# schema: astropy-2.0
obj_id num_points z t0 x0 x1 c z_err t0_err x0_err x1_err c_err chi dof b_max delta_15 tmin tmax pre_max post_max message
[from data line 99]
01309288 44 0.8999998760208964 56947.50106951543 1.8596235662471373e-16 0.7565435249372825 0.002274363443464489 0.5585659153841817 21.916182472494256 0.03138824746819759 0.44944140256451043 0.594359694546666 1175.0673261981524 39.0 -22.597493817183377 2.0255641608108625 56961.361 57061.067 0 44 "Covariance may not be accurate."
01309492 61 0.09145797437186638 56948.25790951917 1.249000902703301e-16 0.8611632223834429 0.46813173562140137 0.0010721721356928143 9.219731509801932e-05 0.0 8.67723478938931e-05 0.00014688735993156898 43556.1491863558 56.0 -15.543774763661556 1.8508324653857358 56963.255 57067.046 0 61 "Covariance may not be accurate."
01309749 70 0.48573450753503195 56934.352651330926 5.551115123125783e-18 0.9166308465884945 0.009503960514343657 0.646685594927292 24.982433988570847 0.03140660106522618 0.43870939473959075 0.6535615759197778 3913.662235346737 65.0 -17.135296226675436 1.773062350177792 56949.35 57067.046 0 70 "Covariance may not be accurate."
01310338 63 0.8400461594179747 56934.511234211226 1.1934897514720432e-16 0.9848155599807562 0.10226939638330146 0.6361132448688512 23.119907683128986 0.031165316064185433 0.41985207638350935 0.5360657970755225 3381.728288011907 58.0 -21.759887248283466 1.6892024842393525 56949.112 57052.042 0 63 "Covariance may not be accurate."
01310395 70 0.5022566778605904 56942.00484620045 5.551115123125783e-18 0.650000063834862 6.241281744201466e-06 0.6610980558097391 28.252556358904258 0.03241228713246403 0.3888580525593789 0.6138720970927879 8149.770895431021 65.0 -17.23772189261802 2.2623389957883653 56956.203 57052.042 0 70 "Covariance may not be accurate."
01312274 62 0.5061188561064611 56978.918817785205 6.938893903907228e-17 0.6500316400903942 0.49942305828793027 7.23096881013463e-05 32.263236963808595 0.0 1.0016275391322438e-06 6.0622089130157875e-05 611.0694011334904 57.0 -19.023326696915337 2.2622768233374764 56956.141 57052.1 12 50 "Covariance may not be accurate."
01313594 54 0.48955777251019045 56958.39201180931 2.7755575615628915e-18 1.0990170596312696 0.08725214289862498 0.6749527998801563 25.837304040695017 0.0347652654086867 0.4852401412277811 0.5238636035306629 13499.027528562794 49.0 -16.271323357679545 1.573308735366826 56973.035 57051.058 0 54 "Covariance may not be accurate."
01314897 54 0.592175405077586 57259.58180496253 6.938893903907228e-17 0.6500676953402785 0.03296682483558605 0.6948228341856085 29.869159863646928 0.03374039774433915 0.40789997905566844 0.6824694986540871 3534.716315238 49.0 -20.359827656286626 2.2621697757037253 57273.337 57373.072 0 54 "Covariance may not be accurate."
01315192 38 0.5628732490562233 56999.41164773599 1.304512053934559e-16 0.8524876628511934 0.07306745689863026 0.6539992629135339 29.634599522596545 0.030914649113206853 0.44364278398124923 0.5113651705266125 4492.842839802717 33.0 -20.84285603839959 1.863679872755796 56987.193 57052.1 7 31 "Covariance may not be accurate."
01315259 44 0.6100565472354125 56993.01757028519 1.0547118733938988e-16 0.6500000000005443 0.10279005979620542 0.6850831737206231 30.897323338303977 0.03268168685428512 0.39217999131821973 0.53647250735681 11376.210887815429 39.0 -20.771022540469453 2.2623424891599697 56980.181 57049.073 10 34 "Covariance may not be accurate."
01315296 53 0.19590626651219573 56996.706986767196 6.383782391594651e-17 1.2498002275720672 0.7041310502474749 1.2250616248335455e-05 0.00025751942303031683 0.0 3.741883898289444e-07 0.22566588956840591 235.40768209181246 48.0 -16.15736805549691 1.4569217360700542 56973.183 57049.072 15 38 "Covariance may not be accurate."
01316385 32 0.11950445714914809 57017.050405577036 5.551115123125783e-16 0.7249936534414366 0.4998793148668616 0.4908855554689942 29.561620035728993 0.030746229952338108 0.43520169290507194 0.710340142108953 5048.01171832018 27.0 -17.70953295452405 2.089385568818912 57001.175 57067.046 11 21 "Covariance may not be accurate."
01316431 39 0.5009016450883222 56989.38647026671 2.1649348980190555e-16 0.6500000003265023 0.0001920467185940189 3.6667866490369683e-06 8.993391747935675e-05 0.0 1.1563827673199967e-10 0.044982162810276394 44375.88410257914 34.0 -21.20802716414129 2.2623391607324344 57001.16 57052.1 0 39 "Covariance may not be accurate."
01316437 49 0.5617517454411951 56998.36786055392 0.0 0.6506015998226143 0.5001026987387722 0.0 0.0 0.0 0.0 0.0 1098.3152910190306 44.0 inf nan 56980.192 57052.1 11 38 "Hesse Failed. Covariance may not be accurate. Covariance not positive definite."
01316465 41 0.49659702942660877 56986.26407040136 8.326672684688674e-17 0.8338751975233036 0.05854496331971504 3.266887615011038e-06 1.3878754543839023e-05 0.0 2.036082966283548e-06 0.16858822273591095 38858.570659212324 36.0 -20.05197870616678 1.892028932239917 57001.175 57067.046 0 41 "Covariance may not be accurate."
01317164 35 0.39670634140856936 57288.02765741094 1.0824674490095277e-16 0.6500018883310609 0.06742864146099231 3.4633309267534385e-05 0.001475967263104394 1.3877787807814407e-18 8.34807004079785e-08 0.5092727795485756 2418.619995827493 30.0 -19.73948835214807 2.262336466365479 57276.375 57355.165 4 31 "Covariance may not be accurate."
01317277 52 0.3500931000315624 56999.1549331996 7.216449660063518e-17 1.075695956640753 0.5030694851977254 0.651063135977732 29.651996771521226 0.030951341756806326 0.4459345215323765 0.7136728244595655 3225.0112227589457 47.0 -18.108531463562315 1.5952102498867262 56987.071 57052.042 13 39 "Covariance may not be accurate."
01317286 54 0.5426726535214439 56999.373957917625 1.0269562977782698e-16 0.7057484273510913 0.039524530231458466 0.4464006066793751 20.059736798175436 0.025000257987649516 0.3005620842548774 0.5238641000720065 18262.691683994173 49.0 -20.544471374694833 2.1311055521432287 56987.071 57052.042 14 40 "Covariance may not be accurate."
01317454 39 0.10803195020258588 56996.593399833764 1.3877787807814457e-17 0.8850681594897334 0.49099977108498505 0.48248189243995365 29.934894292287936 0.03184879760881186 0.44841213495124616 0.7204905666736672 977.0078617973415 34.0 -13.490310756279278 1.8163967217110617 56987.028 57051.043 10 29 "Covariance may not be accurate."
01317666 47 0.4746666110567665 57298.06059779486 1.1102230246251565e-16 1.2476279084315283 0.5002574506398498 1.3644080041175233e-05 26.445483972038346 0.0 3.3398838027443034e-06 1.1371464383347352e-05 20007.04650629797 42.0 -19.364317715136504 1.4583154548399584 57273.339 57356.106 16 31 "Covariance may not be accurate."
01319366 65 0.30926272957547457 57297.49327707075 2.5535129566378603e-16 0.9165229001469094 0.21743453859127315 0.5884887636252865 28.681053877604427 0.030763258800084365 0.43328110254221697 0.7385012265652146 6633.918278391672 60.0 -19.738366540380778 1.7732132180783857 57276.312 57372.107 18 47 "Covariance may not be accurate."
01319821 49 0.6001303370327697 56995.71546928194 3.608224830031759e-17 0.650002900638205 0.004319943762404854 0.6769149694113664 28.620097303861257 0.0321726824297167 0.3866680777984163 0.5863380970450638 6570.135489216084 44.0 -19.731498544030554 2.2623319768784 56992.123 57067.103 4 45 "Covariance may not be accurate."
01320166 39 0.4903784248920026 56980.13710998062 2.7755575615628915e-18 0.6500000016349926 0.00400951457985016 0.6758521842547836 20.4262099346779 0.03488030816833786 0.41857901505975964 0.5874152181519545 2258.762540642137 34.0 -16.41629131456199 2.262339263407778 56991.108 57049.049 0 39 "Covariance may not be accurate."
01322229 29 0.0811858671625896 57024.626145229806 1.1102230246251566e-17 1.2002284899100475 0.49896324474299814 0.004242030323008378 0.001994481310248375 0.0 4.6801863933465526e-05 0.0001428873115325302 2740.1110073450773 24.0 -12.568243940245338 1.4902474898232398 57001.05 57052.048 16 13 "Covariance may not be accurate."
01322979 35 0.5878251721456371 57020.29455365781 0.0 1.0411003320512395 0.5013314161343951 0.0 0.0 0.0 0.0 0.0 17379.71687122507 30.0 inf nan 57008.04 57067.047 10 25 "Hesse Failed. Covariance may not be accurate. Covariance not positive definite."
01324542 38 0.6361198367447743 57034.61327048143 5.551115123125783e-18 0.6526310507640429 0.6893980974442655 0.002456739240012995 3.56145439437023 0.0 0.0006523655545906948 0.004930581596284511 1228.0499235522093 33.0 -16.533424823797112 2.2557617419597236 57011.085 57067.103 15 23 "Covariance may not be accurate."
01325358 32 0.08175911891478112 57019.24428958648 2.7755575615628915e-18 1.1078948796883012 0.016999129959561265 0.455939332113314 30.039502999628894 0.03132214850957734 0.3710320602838925 0.6783256243593244 1695.7787931550129 27.0 -12.027714997713698 1.5652120376896015 57005.241 57066.064 12 20 "Covariance may not be accurate."
01327978 54 0.8457487701314226 57302.95213208674 2.1649348980190555e-16 0.6978801229587936 0.009542980810977597 0.651847253808802 30.258096977373498 0.032092663469592386 0.4448230611922062 0.5718268579249687 1311.4359492268209 49.0 -22.58384172516902 2.1487142233056495 57283.129 57373.043 24 30 "Covariance may not be accurate."
01328066 81 0.8999999999700796 57291.56372527896 2.7755575615628915e-18 1.2499917019912798 0.04518145940174395 0.5615894626928906 30.029651149798156 0.03154984213859351 0.37761478489089134 0.6919273418876493 1481.720124735766 76.0 -17.962295592347743 1.4567858431811729 57273.093 57379.051 19 62 "Covariance may not be accurate."
01328105 84 0.231164683725811 57288.040237195244 8.326672684688675e-18 1.1995112141444628 0.49349348911695357 0.24930871591505338 0.013134161785274046 0.0 0.00012660721648616313 0.00040954813616148056 1784.0247572651665 79.0 -14.747084164953652 1.4907614304482912 57273.093 57386.049 12 72 "Covariance may not be accurate."
01329166 71 0.1042041212618648 57253.27088896528 2.2204460492503132e-17 0.876208422559978 0.4956415700225987 0.4795678993768516 30.08771640010309 0.0381792516558847 0.4840774374929973 0.7473235021912064 2030.969500954038 66.0 -13.905366212596974 1.8290007677306512 57268.251 57402.11 0 71 "Covariance may not be accurate."
01329196 82 0.48041497811526945 57251.25417746138 5.551115123125783e-18 0.9796808649569257 0.01568884081324695 0.6757439028036114 28.831994104053592 0.035712423650995966 0.43501174168649465 0.5590342938198503 3822.427704103336 77.0 -17.096658092961054 1.6950403469791588 57266.247 57406.112 0 82 "Covariance may not be accurate."
01329312 59 0.6054886389686115 57297.222770642926 2.7755575615628915e-18 1.2414041887844487 0.00028060874619978415 0.6571023545874 29.64816164867443 0.030825105581192638 0.3377569695335724 0.6078132202893988 2507.7921896872735 54.0 -16.97654213056394 1.4623187452969866 57283.189 57389.086 8 51 "Covariance may not be accurate."
01329615 66 0.49444044139722493 57289.34933958923 5.551115123125783e-18 1.1391639956653226 0.04879441636755533 0.6461437579694438 29.729751534443494 0.031195367590624454 0.35365190369410066 0.6943517339421411 1235.5652612640095 61.0 -17.11703467418969 1.5378763794880435 57278.298 57385.114 10 56 "Covariance may not be accurate."
01330031 66 0.49286063854967144 57275.06500371736 6.16173778666962e-16 0.6509197664753086 0.00956751210297635 7.553097084861404e-06 2.1024243324063718e-07 1.387778780781416e-18 4.0543776919088614e-07 0.061367538698418655 76593.95262343161 61.0 -22.286515722758896 2.2600280184800816 57290.065 57376.047 0 66 "Covariance may not be accurate."
01330426 66 0.08334982751874573 57273.93632034244 7.188694084447889e-16 0.6718327367166863 0.5033407444511936 0.0011450618173919347 0.0004798816080437973 0.0 1.0355079201607165e-05 4.518083609283963e-05 32347.297555912613 61.0 -17.148909260519417 2.2090131736105008 57288.21 57387.185 0 66 "Covariance may not be accurate."
01330642 68 0.5052090150364545 57296.92920807031 5.551115123125783e-18 1.1732264797383714 0.00010893600580308416 0.6428703914255633 29.59571178020269 0.030768575916447712 0.33293250613325115 0.6105085135582108 4308.972129835045 63.0 -17.25288913452321 1.510335887630827 57283.189 57406.1 8 60 "Covariance may not be accurate."
01330903 79 0.5106990994617387 57291.87514566661 3.608224830031759e-17 0.6516959365077616 0.05422244473680532 0.6695690106686724 31.362854641109152 0.03308877161921267 0.3816142035812181 0.6977398301685532 559.3402996859945 74.0 -19.22468310715385 2.2580836839779153 57276.312 57396.103 18 61 "Covariance may not be accurate."
01331123 66 0.4645184952973366 57282.03622131305 1.7763568394002506e-16 1.1962032898794919 0.5054468933818194 0.00041867777598544875 0.001975887433218304 1.3877787807814407e-18 0.494471388749154 0.001477705397060547 7576.004519383566 61.0 -19.810170489986284 1.4931466543739234 57297.03 57386.049 0 66 "Covariance may not be accurate."
01331993 64 0.8991719058766543 57276.262879165566 3.33066907387547e-17 0.7319751636081813 0.0002465942106388286 0.561135139666729 26.62922789532604 0.032229041827908096 0.33038253108109417 0.6082618214029956 1830.2933647059263 59.0 -20.730982978906034 2.0747397912035765 57291.17 57408.04 0 64 "Covariance may not be accurate."
01332059 71 0.5102546173654846 57293.83570053277 2.7755575615628915e-18 0.6500000009312897 0.002056421602278924 0.6450977525165333 28.621084020705894 0.030866972825066074 0.370393668170793 0.5953921597857983 1113.995143761226 66.0 -16.523247317417365 2.262339210816144 57288.199 57403.103 7 64 "Covariance may not be accurate."
01332413 69 0.7395219462029122 57283.88488286482 1.0824674490095277e-16 0.6554384751208071 0.27860107455150795 0.0010665638812658584 32.85219135811349 0.0 0.0030166483148419965 0.03527636681257115 955.6580922905218 64.0 -20.951607218367844 2.248772162251864 57297.151 57403.064 0 69 "Covariance may not be accurate."
01333246 56 0.24237821468186388 57284.34033373172 4.9960036108132046e-17 1.2278277504287791 0.002200846016124247 0.5606022715673851 25.527356836522813 0.030788297285526105 0.41210359367678345 0.6349802104668155 296.6534252515653 51.0 -17.767797694630136 1.4712277897917438 57299.22 57403.103 0 56 "Covariance may not be accurate."
01333438 53 0.513708695724952 57282.356442052915 5.551115123125783e-18 0.9996664968699731 0.22853372386029708 0.6690280719466096 26.050102135799534 0.03294284893521793 0.45352858320260137 0.6142656373811275 1095.2926171763759 48.0 -16.85945909137945 1.6726965181509499 57297.346 57406.124 0 53 "Covariance may not be accurate."
01334084 37 0.7630630716703567 57300.28838510863 1.9151347174783951e-16 1.141172268720909 0.0056734813255889804 0.8212567602847739 37.82392122222154 0.04659092928861684 0.5444449731369292 0.6452214376555638 2792.43064460514 32.0 -22.180994417374553 1.5361853019863716 57315.206 57396.104 0 37 "Covariance may not be accurate."
01334087 27 0.5889764617839497 57331.01268900777 1.0547118733938988e-16 0.7058976022904788 4.125042925856581e-05 0.6731855220502383 30.210822912762524 0.03201010930878535 0.3098908083357245 0.6176173352069779 2267.270827174988 22.0 -20.853262655308576 2.130773482517128 57311.299 57403.103 10 17 "Covariance may not be accurate."
01334302 64 0.46810683328356867 57286.03919672347 2.7755575615628915e-18 0.9960139418029148 0.47811943856620764 0.6567504792523711 26.637291746294068 0.03300872693227574 0.45306739074564384 0.7151955847529012 1209.5230979173912 59.0 -15.376118029651334 1.6767126779540718 57301.033 57407.048 0 64 "Covariance may not be accurate."
01334423 56 0.4941581612708776 57313.58850249985 5.273559366969494e-17 0.6500358479439027 0.051186844313051094 0.6541176987936765 27.8225922569909 0.03191525772368303 0.38089866832975317 0.5104381940358211 2600.9065524433404 51.0 -19.555789260273546 2.2622504764059848 57312.138 57408.057 4 52 "Covariance may not be accurate."
01334448 64 0.504370073786097 57286.28112819845 2.4980018054066023e-17 0.6955467793171888 0.003975065944620326 0.6489369593881589 24.852117671900487 0.031257630486565116 0.30514845869831736 0.6404847934568433 340.3531874652013 59.0 -18.875465802151076 2.153990923802695 57301.278 57402.056 0 64 "Covariance may not be accurate."
