analysis_pipeline/fit_results/des_4_sn91bg_salt2_phase_red.ecsv
# %ECSV 0.9
# ---
# datatype:
# - {name: obj_id, datatype: string}
# - {name: num_points, datatype: int64}
# - {name: z, datatype: float64}
# - {name: t0, datatype: float64}
# - {name: x0, datatype: float64}
# - {name: x1, datatype: float64}
# - {name: c, datatype: float64}
# - {name: z_err, datatype: float64}
# - {name: t0_err, datatype: float64}
# - {name: x0_err, datatype: float64}
# - {name: x1_err, datatype: float64}
# - {name: c_err, datatype: float64}
# - {name: chi, datatype: float64}
# - {name: dof, datatype: float64}
# - {name: b_max, datatype: float64}
# - {name: delta_15, datatype: float64}
# - {name: tmin, datatype: float64}
# - {name: tmax, datatype: float64}
# - {name: pre_max, datatype: int64}
# - {name: post_max, datatype: int64}
# - {name: message, datatype: string}
# schema: astropy-2.0
obj_id num_points z t0 x0 x1 c z_err t0_err x0_err x1_err c_err chi dof b_max delta_15 tmin tmax pre_max post_max message
[from data line 57]
01297465 32 0.2778 56897.26359054544 4.4408920985006264e-17 1.2152199321161499 0.09540753898741494 0.0 25.307284257210995 0.03190025460883588 0.31052718751499947 0.5306072197657004 10304.95842381477 12.0 -17.820030099356714 1.4793019729769874 56912.258 57008.065 0 32 "Covariance may not be accurate."
01298281 29 0.2351 56900.66426922064 1.8041124150158794e-16 1.1924324433888276 0.33931781577459297 0.0 26.1787021250384 0.030746690413243072 0.430071238933818 0.6622791561805057 3462.7899317075844 12.0 -18.450524997879025 1.4954251664563536 56915.269 57003.049 0 29 "Covariance may not be accurate."
01298893 15 0.1962 56900.299139038565 5.828670879282072e-17 1.1814830927269457 3.1327176520212774e-05 0.0 0.0004275869359844364 0.0 0.002147383993493568 0.018006753317725416 658.0499112033579 7.0 -17.421583221384132 1.5035461958617518 56915.299 56992.068 0 15 "Covariance may not be accurate."
01299643 17 0.38 56930.0242083109 4.163336342344337e-17 1.0697720993650628 0.01071367864965389 0.0 29.76316272078111 0.031130231300804615 0.3889620401381452 0.5691469610891826 1029.9789139389004 9.0 -18.686466431577777 1.6002712342759935 56912.35 57018.078 3 14 "Covariance may not be accurate."
01299775 23 0.1598 56933.150657793514 2.664535259100376e-16 0.6500044117195863 6.4923965648056026e-09 0.0 0.014948613843444036 1.3877787807814654e-18 1.7145658813277898e-06 0.0045937774843963775 1303.4255343608722 11.0 -18.577809426354115 2.2606429880401926 56920.298 57004.045 3 20 "Covariance may not be accurate."
01299785 15 0.3813 56930.84436022146 1.3877787807814457e-17 1.248896474865759 0.1291831197046639 0.0 30.13054429991098 0.0319149023369558 0.3711740852317517 0.5558838408615876 329.6690883776829 7.0 -17.29411281961577 1.4570842339684162 56920.298 57025.079 2 13 "Covariance may not be accurate."
01300516 36 0.3104 56933.823731479715 2.4980018054066023e-17 0.6505992053933112 0.23141114268562768 0.0 0.08925936585001182 0.0 0.0006589236482074101 0.0008724896175197616 2599.229565506468 20.0 -17.191094639160085 2.259160116581981 56923.293 57025.093 6 30 "Covariance may not be accurate."
01300912 17 0.3376 56932.08577073161 5.551115123125783e-18 1.1085769260002516 0.5000569960366283 0.0 0.003450484284257982 0.0 4.695759059458737e-05 0.3847020747017596 1910.260699439348 9.0 -15.236155235208194 1.5640347834269832 56920.245 57019.147 2 15 "Covariance may not be accurate. Covariance not positive definite. Covariance forced positive definite."
01301933 31 0.3299 56944.57182048811 4.9960036108132046e-17 1.2413618175849201 0.4341578275211952 0.0 29.28371028798574 0.03114312145885874 0.39704025774830093 0.6972044969748799 24504.860014435573 22.0 -17.715024357483074 1.461947540900134 56924.209 57025.117 8 23 "Covariance may not be accurate."
01302058 31 0.1984 56920.59218715218 3.1363800445660674e-16 1.2445392449633232 0.4522987208488327 0.0 25.816015686199535 0.03074772217331033 0.3916728315158767 0.6984608109049235 6139.600033386265 11.0 -18.409610504520423 1.4598944053975949 56935.365 57025.079 0 31 "Covariance may not be accurate."
01302141 24 0.6088 57253.65093213618 2.7755575615628915e-18 0.6565119195960342 0.02736436541236087 0.0 29.967659379330144 0.035451247299361034 0.3920294760772906 0.5399949651681989 200.39408853946838 15.0 -16.9474350648946 2.2444540958411636 57248.411 57365.044 2 22 "Covariance may not be accurate."
01302187 31 0.2195 56910.328725295134 1.4988010832439614e-16 0.7070064545367736 0.7083277971933827 0.0 26.461252174631227 0.033176739972885894 0.4620158913824501 0.6433539638645993 1056.6412400951772 10.0 -17.351629820069554 2.1268655350672248 56925.328 57019.148 0 31 "Covariance may not be accurate."
01302523 15 0.4239 57250.25028559642 2.7755575615628915e-18 1.0246945588100709 0.4588588833406027 0.0 25.02723929741478 0.031641548953046515 0.44817620913590556 0.719110793601816 1384.5467595140276 5.0 -15.163400254511156 1.6453487951353303 57265.24 57366.076 0 15 "Covariance may not be accurate."
01302648 30 0.2319 56935.465158607716 2.1094237467877976e-16 0.6500000000004755 0.5000446874356603 0.0 0.356367413620319 9.714451465470122e-18 7.897560235303747e-05 0.045614112518090055 2127.0648089213364 20.0 -18.24808019115551 2.260671080449164 56925.162 57017.08 5 25 "Covariance may not be accurate. Covariance not positive definite. Covariance forced positive definite."
01303004 37 0.2949 56920.200849859146 8.326672684688675e-18 0.9014472352242717 0.00014949541714953662 0.0 27.70979847839044 0.0317530404418592 0.41833546767823226 0.6200341533751715 4979.521829575216 11.0 -16.31342727737985 1.7926893614832586 56934.371 57033.047 0 37 "Covariance may not be accurate."
01303279 26 0.1724 56948.65213287931 1.2767564783189302e-16 1.0890036879099902 4.656204189718016e-05 0.0 0.20416434283106355 2.775557561562894e-18 0.11040203374512492 0.00046153856528635684 2528.142126298059 14.0 -17.96076240404226 1.5820022552815693 56943.237 57033.169 1 25 "Covariance may not be accurate."
01303496 22 0.1798 56951.47355859768 9.992007221626409e-17 1.2178546196949438 0.10796473163735937 0.0 31.312012171874812 0.03632252687254514 0.48856479715260687 0.5404603769180769 1880.6582572710279 13.0 -17.610873955052874 1.4775059672980007 56943.182 57032.15 3 19 "Covariance may not be accurate."
01303883 38 0.2591 57250.22311047331 7.771561172376097e-17 1.0243437262236694 0.059817330213221054 0.0 0.00019632095427368768 1.387778780781447e-18 0.0015995705074546285 0.739530757553005 2290.771065782287 19.0 -18.317455603642937 1.645702271562687 57265.227 57356.127 0 38 "Covariance may not be accurate."
01303952 21 0.5626 57271.5198812837 0.0 0.6500394659154327 0.5001390144331718 0.0 0.0 0.0 0.0 0.0 0.0 -4.0 inf nan 57249.286 57373.057 4 17 "Hesse Failed. Covariance may not be accurate. Covariance not positive definite."
01304127 0 0.7286 nan nan nan nan 0.005 nan nan nan nan nan nan nan nan nan nan 0 0 "Empty table passed to fit_lc."
01304442 9 0.2171 56928.11407317071 6.383782391594651e-17 1.1647822898703413 0.4808810857344798 0.0 9.81754346867092e-05 1.387778780781447e-18 0.00925772547773307 0.00021774635460827807 3759.9365732757333 2.0 -16.835020026110428 1.5164493579176828 56943.114 57012.24 0 9 "Covariance may not be accurate."
01304678 29 0.2188 56928.23001737693 1.4155343563970747e-16 1.2191560277312252 0.5129351496437825 0.0 25.08500276842824 0.03134099288364288 0.4176108717749713 0.7207560660791177 400.62807470115354 9.0 -17.651887584223886 1.4766341820909545 56949.328 57033.168 0 29 "Covariance may not be accurate."
01305504 16 0.4956 56928.19942699601 2.7755575615628915e-18 1.232690028747042 0.00943762110164531 0.0 27.91901448522185 0.03523756829527193 0.4651483988955631 0.6534354661656838 1977.774685553252 6.0 -16.435316726973706 1.4675941773849637 56943.3 57052.047 0 16 "Covariance may not be accurate."
01305626 26 0.3257 56960.89574278629 4.163336342344337e-17 0.7224680041810608 0.5523222087295793 0.0 29.474102086860512 0.03166408136379507 0.44710451044481725 0.7338144373812743 13123.186902634308 18.0 -17.24733693300911 2.0933383408646193 56949.15 57045.061 4 22 "Covariance may not be accurate."
01306029 20 0.4289 57269.72205210708 2.2204460492503132e-17 0.6668165409300661 0.5115788427880217 0.0 21.101415537115827 0.03103723790450558 0.32600205966048496 0.7167321027754258 357.1565016693298 12.0 -17.33583446573443 2.219402624474206 57248.395 57355.217 4 16 "Covariance may not be accurate."
01306073 27 0.3286 56959.24348296318 1.942890293094024e-17 0.6983246317010684 0.0014114794393843 0.0 30.33941090303051 0.03239708766211133 0.4489927532525477 0.6303959469240101 2228.086992111319 19.0 -17.503891356903353 2.146214361938849 56949.15 57045.061 4 23 "Covariance may not be accurate."
01306141 16 0.3324 56967.3061189734 4.9960036108132046e-17 0.6504157206108286 0.19549000486512724 0.0 29.386662835007883 0.03074624470673828 0.36224091413685866 0.5968628944953163 763.7298701850397 9.0 -18.19856947736539 2.2596181522890113 56949.344 57051.151 2 14 "Covariance may not be accurate."
01306360 21 0.4494 57258.778627354375 1.665334536937735e-17 1.031693039765776 0.8948254238660378 0.0 14.538889063049282 0.0 0.00755556494542009 0.006641941395989115 107.23008707152675 13.0 -16.41763269527103 1.6381227512417027 57250.337 57355.245 2 19 "Covariance may not be accurate."
01306390 17 0.407 57265.18207451145 2.7755575615628915e-18 0.6500000003666725 0.0031959706589011483 0.0 29.96946035929068 0.0314319515315197 0.3771772020654315 0.5904426617803518 87.54260431110252 10.0 -15.934407315480822 2.260654152678864 57253.408 57355.23 2 15 "Covariance may not be accurate."
01306537 20 0.4795 57250.70165624389 3.608224830031759e-17 1.2130593155153484 0.4230361409048011 0.0 0.015990841271559475 0.0 0.11253829342914834 0.00034630497698479035 345.2852671890757 9.0 -18.346085206910868 1.4807939586664176 57265.371 57365.19 0 20 "Covariance may not be accurate."
01306626 20 0.4095 57240.41915581916 2.7755575615628915e-18 0.8491825229288161 0.5002254772373337 0.0 0.0027574017040024046 0.0 0.0025144260494477932 0.7409095582096747 320.9038341319007 7.0 -14.976728206326477 1.867669759905425 57255.418 57355.245 0 20 "Covariance may not be accurate. Covariance not positive definite. Covariance forced positive definite."
01306785 12 0.5787 57262.72793078014 5.551115123125783e-18 1.2365012025942357 0.0006731483107965675 0.0 29.68309602748559 0.030862385429690966 0.4049051416067519 0.6256822687993109 92.87570699071499 8.0 -17.608898480200423 1.4650966990805365 57248.426 57311.114 4 8 "Covariance may not be accurate."
01306980 24 0.5489 57271.69391421788 2.7755575615628915e-18 0.650000000012509 0.00045148074754797207 0.0 29.365387427231326 0.030994550433080637 0.37193345540944217 0.6058830540930605 105.9325074681393 15.0 -16.717357875361767 2.2606540787379927 57252.236 57372.039 4 20 "Covariance may not be accurate."
01306991 20 0.4217 57250.23516877408 3.33066907387547e-17 0.9067087331563248 0.41372887076754195 0.0 33.165004436177696 0.04207340315357738 0.46770389600869217 0.7270421641385888 63.07780818945974 9.0 -17.945387744285807 1.7855311408716155 57265.217 57365.044 0 20 "Covariance may not be accurate."
01307277 19 0.4107 57241.294714458636 5.273559366969494e-17 0.6876742499178546 0.02099733882064375 0.0 26.328466980379744 0.033104365975973334 0.45316830227178406 0.6704214888770921 125.25436901086073 7.0 -19.126057095071292 2.1704361602921303 57256.299 57365.115 0 19 "Covariance may not be accurate."
01307830 15 0.3493 57242.31247589911 5.551115123125783e-17 0.6818104861594527 0.008977091725760167 0.0 24.79697577814659 0.031625413249194996 0.3117402665592484 0.6525455909129831 452.28504395670575 2.0 -18.786653265881636 2.1839820661435887 57265.301 57365.135 0 15 "Covariance may not be accurate."
01308314 19 0.4065 56959.294036505526 0.0 0.6552382096020016 0.5001845052537269 0.0 0.0 0.0 0.0 0.0 0.0 -4.0 inf nan 56943.185 57051.151 3 16 "Hesse Failed. Covariance may not be accurate. Covariance not positive definite."
01308326 31 0.3262 56977.17068547165 8.604228440844963e-17 0.6501040970586544 0.4043858641761913 0.0 28.71654457866316 0.030746280392139246 0.3656128542949844 0.6845092669422975 3051.934106682237 25.0 -18.338881059393916 2.2604065686433295 56956.145 57045.113 8 23 "Covariance may not be accurate."
01308568 21 0.6431 57280.11255003006 8.326672684688675e-18 1.1942705078778582 0.3248722699608134 0.0 21.511285248270724 0.03451296889726364 0.3083924306925811 0.6607410472116394 159.2252453578843 14.0 -17.71565036149099 1.4940847107981803 57256.271 57379.066 5 16 "Covariance may not be accurate."
01308582 15 0.3669 57250.24334477708 1.1102230246251566e-17 0.8612161650314072 0.12884095952930474 0.0 29.012155632837676 0.03649496015056054 0.48363953491246564 0.7262671402847585 431.33826860440155 5.0 -16.954067120434168 1.8497902923813925 57265.24 57366.076 0 15 "Covariance may not be accurate."
01308884 38 0.0772 57292.330644138696 1.2601031329495528e-15 0.7360280710669023 0.6411931829059305 0.0 29.644767764802964 0.030849253281580218 0.437651941862554 0.736097329905055 175350.86053720157 32.0 -17.338946654767675 2.065040802675192 57276.324 57355.251 12 26 "Covariance may not be accurate."
01308957 18 0.6187 57262.113184040565 2.7755575615628915e-18 0.6500000000007162 0.32023935919301216 0.0 29.23890947971813 0.030910871796689388 0.37093081882830303 0.6549841779865622 61.689105397651936 10.0 -16.42839215884399 2.2606659761096957 57253.336 57373.057 2 16 "Covariance may not be accurate."
01309288 30 0.2684 56965.62903523674 2.7755575615628915e-18 0.6500000015481878 0.0032536358036382995 0.0 28.60143239214449 0.031561435000115004 0.3787248417196056 0.63813675577739 624.8523922081696 19.0 -14.880567573773998 2.2606541512905842 56961.361 57061.067 4 26 "Covariance may not be accurate."
01309492 17 0.3335 56948.32723298979 7.216449660063518e-17 1.192660473297269 0.4052437529347135 0.0 25.29591685894411 0.030747292313891082 0.4299918501785086 0.684785459603809 4077.062964281703 5.0 -18.202182958448567 1.495259779275056 56966.23 57067.046 0 17 "Covariance may not be accurate."
01309749 0 0.7893 nan nan nan nan 0.01 nan nan nan nan nan nan nan nan nan nan 0 0 "Empty table passed to fit_lc."
01310338 19 0.4388 56973.887340337606 4.4408920985006264e-17 0.6500087521629075 0.48016976051249827 0.0 25.803052915081935 0.030746327432332042 0.3680079465521381 0.7056456572450654 682.903585620465 13.0 -18.213766422236457 2.2606483428052435 56949.119 57052.042 4 15 "Covariance may not be accurate."
01310395 35 0.289 56969.422850664174 3.053113317719181e-17 0.6508705841715602 0.23977512205035306 0.0 25.781853500280704 0.03074664816332402 0.35915318114284617 0.6198192366800409 3601.481894522041 25.0 -17.209623501979287 2.2584806213085926 56956.208 57052.042 4 31 "Covariance may not be accurate."
01312274 14 0.438 56941.149766778304 1.2212453270876723e-16 0.6500963926363048 0.4651337927053131 0.0 0.0600918691525294 1.3877787807814457e-17 0.0028115095505098497 0.03832754265666016 139.58767038577002 4.0 -19.342357063412166 2.2604277592465003 56960.265 57045.113 0 14 "Covariance may not be accurate."
01313594 28 0.2883 56990.36162527533 2.7755575615628915e-18 1.0639431702802298 0.005109308597917528 0.0 30.51907752194529 0.03199502005388007 0.3926973582255016 0.5837532384364521 4614.675000356121 24.0 -15.05608754933833 1.6059146313178303 56973.04 57051.058 8 20 "Covariance may not be accurate."
01314897 15 0.3369 57258.39902737127 1.1102230246251566e-17 0.6581042128596657 0.0006949074073073769 0.0 24.098601252761 0.030981139019309926 0.39938243133850887 0.6036777082133848 829.817975384121 5.0 -16.96059733606578 2.240536236105516 57273.363 57373.072 0 15 "Covariance may not be accurate."
01315192 22 0.2254 56994.53344874371 2.275957200481571e-16 0.6500000137175217 0.5002009342970721 0.0 0.22936016438688966 8.326672684688669e-18 7.573376194991432e-05 0.03304113597225233 5245.596223477864 18.0 -18.26053447162191 2.26067104647554 56987.198 57052.1 3 19 "Covariance may not be accurate. Covariance not positive definite. Covariance forced positive definite."
01315259 24 0.228 56989.93053663768 5.551115123125783e-18 1.2499991727254711 0.022562535769395098 0.0 30.742651583212137 0.03333567744638528 0.39969572585325536 0.5472576657726584 4813.799617988811 20.0 -15.19904852381067 1.4563747473244497 56980.183 57049.073 3 21 "Covariance may not be accurate."
01315296 14 0.4126 56993.0411322318 2.7755575615628915e-18 0.6500000002325168 0.0014434524767133472 0.0 29.389753698505956 0.031115729583985556 0.37338370659123166 0.6305662441004307 244.9467723472806 9.0 -15.97237252902881 2.2606541051633435 56973.19 57049.072 4 10 "Covariance may not be accurate."
