analysis_pipeline/fit_results/des_4_sn91bg_salt2_phase_blue.ecsv
# %ECSV 0.9
# ---
# datatype:
# - {name: obj_id, datatype: string}
# - {name: num_points, datatype: int64}
# - {name: z, datatype: float64}
# - {name: t0, datatype: float64}
# - {name: x0, datatype: float64}
# - {name: x1, datatype: float64}
# - {name: c, datatype: float64}
# - {name: z_err, datatype: float64}
# - {name: t0_err, datatype: float64}
# - {name: x0_err, datatype: float64}
# - {name: x1_err, datatype: float64}
# - {name: c_err, datatype: float64}
# - {name: chi, datatype: float64}
# - {name: dof, datatype: float64}
# - {name: b_max, datatype: float64}
# - {name: delta_15, datatype: float64}
# - {name: tmin, datatype: float64}
# - {name: tmax, datatype: float64}
# - {name: pre_max, datatype: int64}
# - {name: post_max, datatype: int64}
# - {name: message, datatype: string}
# schema: astropy-2.0
obj_id num_points z t0 x0 x1 c z_err t0_err x0_err x1_err c_err chi dof b_max delta_15 tmin tmax pre_max post_max message
[from data line 160]
01335868 17 0.6194 57301.96381057711 5.273559366969494e-17 1.0691709691529157 0.4998839866981473 0.0 0.10040801801369525 2.7755575615628907e-18 0.1697785592554909 4.68221666842239e-05 258.93189555926267 7.0 -19.25616806615858 1.6008645953599299 57315.234 57425.151 0 17 "Covariance may not be accurate."
01336008 24 0.438 57310.11806728381 9.436895709313832e-17 1.1961055720270677 0.014372703057328795 0.0 23.699137339524896 0.030746633357244826 0.4287497691947549 0.6616976996351518 2409.8196836028437 12.0 -19.934779115656575 1.4927440162310184 57325.012 57403.049 0 24 "Covariance may not be accurate."
01336009 25 0.3416 57310.01753635026 8.881784197001253e-17 1.1875752356856166 0.4643638360039471 0.0 26.051278026650834 0.0328859326732409 0.3224674372850966 0.7205131508221255 1704.4179352191268 13.0 -18.36110148705741 1.4990037925353619 57325.012 57403.049 0 25 "Covariance may not be accurate."
01336453 9 0.1848 57337.76427892609 2.4424906541753446e-16 1.0769384927397827 0.5001595169018608 0.0 31.788662070528517 0.0392241118978867 0.4435415067058143 0.7477012734088676 6628.057937304319 4.0 -17.854029558280725 1.5934136463250788 57329.171 57403.099 1 8 "Covariance may not be accurate."
01336480 7 0.256 57333.692553589346 1.1102230246251566e-17 1.2013763213174526 0.0030343663629082696 0.0 29.659599342761794 0.03167365328386447 0.30532759807416926 0.5910861119893825 1375.4280946967986 3.0 -16.26863291659319 1.4889605218493145 57329.171 57396.099 1 6 "Covariance may not be accurate."
01336687 12 0.2337 57346.18962711967 2.7200464103316337e-16 1.0084858874913303 0.448306176645959 0.0 29.80159231360085 0.03140734620786453 0.4103559419491603 0.7038744039177947 6342.669812435938 7.0 -18.663974461804273 1.6624556934299548 57327.065 57403.062 5 7 "Covariance may not be accurate."
01337117 11 0.5539 57314.02995311182 8.326672684688675e-18 0.9814894188160475 0.016467303480787954 0.0 25.833078368592396 0.0321342678285208 0.42574271343938136 0.5575951107436415 882.3608195347286 5.0 -17.908488411166818 1.6922436322896637 57329.033 57403.049 0 11 "Covariance may not be accurate."
01337221 28 0.6688 57310.031351891696 5.551115123125783e-18 1.1769918181108137 0.4530819607556984 0.0 28.411110806639044 0.03587657812764968 0.49600000006481215 0.720223743799248 512.6389568882457 18.0 -17.125504239615232 1.5069675963243725 57325.027 57407.048 0 28 "Covariance may not be accurate."
01337228 14 0.5788 57310.025934102334 0.0 1.1737067275916186 0.5000948213026144 0.0 0.0 0.0 0.0 0.0 0.0 -4.0 inf nan 57325.027 57407.046 0 14 "Hesse Failed. Covariance may not be accurate. Covariance not positive definite."
01337272 12 0.5027 57348.79404774531 2.2204460492503132e-17 0.7899169670208503 0.11799342815034858 0.0 27.25937322635218 0.03638791685397819 0.35343947683652394 0.5132148159598695 410.94521667568284 7.0 -18.54135617067795 1.9631674949546323 57325.073 57427.054 4 8 "Covariance may not be accurate."
01337325 12 0.6387 57349.894811606806 1.942890293094024e-17 0.9654433670875204 0.4326600812157724 0.0 25.662163658304053 0.04072025550575775 0.4350340905751425 0.6970224586807738 329.4938504391748 8.0 -18.407952332174887 1.7108721288075337 57325.073 57427.054 4 8 "Covariance may not be accurate."
01337649 9 0.2491 57355.39490574088 1.7208456881689927e-16 0.9263367858205883 0.0012009841694034518 0.0 29.544440462581406 0.03074669859984573 0.4203884936329486 0.6292243192739155 6505.509013774525 4.0 -19.17972799367638 1.7594465629044471 57339.165 57408.053 3 6 "Covariance may not be accurate."
01337655 10 0.8485 57349.286990769004 2.7755575615628915e-18 0.7579969385476722 0.5081307607466595 0.0 22.16488166671479 0.030897994796133997 0.35285200494909774 0.7102816755760782 742.3715995398991 4.0 -16.88643626203556 2.0215210885160744 57325.141 57402.072 4 6 "Covariance may not be accurate."
01337687 12 0.3195 57352.85591088145 3.0253577421035517e-16 0.6504309129709166 0.37615521464133767 0.0 0.0010443910250614863 0.0 9.149325680413156e-07 0.01999607320373717 5850.391310781027 7.0 -19.707452499022185 2.2595857878264844 57339.297 57425.149 2 10 "Covariance may not be accurate."
01337703 15 0.5334 57348.07219509562 8.326672684688675e-18 1.1493658358587173 0.0012770253881418947 0.0 27.898800831859262 0.030813438058192345 0.3483415430253291 0.5996055143079535 207.48705195764552 10.0 -17.833584081857495 1.5288524825544556 57325.124 57425.151 5 10 "Covariance may not be accurate."
01337838 11 0.3119 57333.25758200626 4.9960036108132046e-17 1.2351609300945903 0.36556507578736663 0.0 21.413613116845227 0.04046112393670914 0.4047498408866966 0.6508001262375429 6523.096616387229 5.0 -17.711598264845705 1.4659836070478818 57339.151 57427.066 0 11 "Covariance may not be accurate."
01338128 11 0.3117 57350.615987312936 8.326672684688675e-18 0.6500276614402533 0.08453606959174592 0.0 29.67337449556726 0.031036683559215933 0.3706900400779829 0.7125385970975684 860.444036049632 7.0 -16.31084651112269 2.260587219889505 57339.021 57407.044 2 9 "Covariance may not be accurate."
01338170 22 0.389 57352.631458570046 2.7755575615628915e-18 0.6999888287452507 0.09937144663944009 0.0 30.46011010473012 0.03192003103859599 0.4433916723120758 0.5337831708991465 685.2157277649069 16.0 -15.654217568207113 2.1424774447936876 57339.021 57407.046 4 18 "Covariance may not be accurate."
01338233 13 0.598 57304.27600001726 1.5543122344752193e-16 0.7519212164185997 0.9131554354694256 0.0 9.281406892114319e-05 1.3877787807814407e-18 0.0006864956170443692 0.06470952015554876 86.50134497504952 5.0 -19.55405985757264 2.033266478859314 57319.281 57427.054 0 13 "Covariance may not be accurate."
01338266 40 0.6476 57324.035417852145 8.326672684688675e-18 0.7410765775001458 0.3298861400088917 0.0 26.95687582442406 0.033883214735332574 0.4772783892992645 0.6587174341835956 444.86686909153684 32.0 -17.725270365953158 2.054778386029337 57339.037 57427.068 0 40 "Covariance may not be accurate."
01338278 10 0.5639 57324.03585610861 1.665334536937735e-17 0.85277262486836 0.0003973948534995997 0.0 24.51880946462188 0.03082797434188167 0.4426644318713027 0.6064476911474393 355.4327055700666 5.0 -18.733809632164185 1.8622815290935613 57339.037 57427.054 0 10 "Covariance may not be accurate."
01338387 10 0.5838 57317.84321977936 2.7755575615628915e-18 0.6500003518727295 0.0017472302170902232 0.0 21.02977701411146 0.030962419213801457 0.371744772328611 0.5969516994033066 584.9620868172028 5.0 -16.877786450356734 2.2606532304148743 57329.173 57403.101 0 10 "Covariance may not be accurate."
01338430 9 0.5089 57324.138875204 8.326672684688674e-17 0.7806893517801775 0.06556423558373264 0.0 25.32677716899707 0.031161452543560116 0.36499932824423237 0.703994762127701 450.3816737328717 4.0 -20.103822068223614 1.9794718981816999 57339.122 57403.101 0 9 "Covariance may not be accurate."
01338471 11 0.5309 57304.13622428046 1.0824674490095277e-16 0.6518519418565318 0.50010865941743 0.0 0.0055038426362443715 8.326672684688675e-18 0.0018440771951782065 0.33112641479926086 101.07808667312851 3.0 -19.62980359491655 2.2560330214907154 57319.137 57403.101 0 11 "Covariance may not be accurate. Covariance not positive definite. Covariance forced positive definite."
01338675 17 0.3306 57347.26294613679 2.7755575615628915e-18 0.650000000000134 0.0008165574931860986 0.0 29.582534186673 0.03165843535198254 0.3799013517119299 0.6267547613501061 10226.074110301457 13.0 -15.407438094021295 2.2606540886887174 57339.046 57406.102 3 14 "Covariance may not be accurate."
01339002 9 0.3025 57363.263789737866 1.249000902703301e-16 0.6500371698458665 0.5008811915480326 0.0 29.35670294866577 0.030781407520049223 0.36737728690409005 0.7110214954392958 639.8234925395531 5.0 -18.33821908360839 2.260577746343291 57346.027 57427.066 2 7 "Covariance may not be accurate."
01339149 9 0.4678 57330.07130264489 5.828670879282072e-17 1.1040248803864734 0.35794765267305567 0.0 28.04728973454621 0.03483877258514283 0.4437175236416507 0.678298240111479 543.2765278838515 4.0 -18.931357683522723 1.5681536462216776 57346.029 57427.068 0 9 "Covariance may not be accurate."
01339392 6 0.1804 57355.23207114479 1.2767564783189302e-16 0.6500179711769727 0.49907167063920027 0.0 29.284654352140933 0.030747301172350222 0.3677225038878978 0.7101679004953664 465.9849333043891 1.0 -17.09412101084438 2.2606259148219507 57345.331 57426.145 2 4 "Covariance may not be accurate."
01339450 13 0.5505 57327.554575735405 5.551115123125783e-17 0.6500000132923379 0.24922354692032544 0.0 20.25218489247709 0.03302905847760501 0.39630705718658416 0.6243541445776608 120.27167850074858 7.0 -19.491155012775977 2.260664619873843 57339.286 57426.147 0 13 "Covariance may not be accurate."
01340454 22 0.421 57330.31408979211 3.358424649491099e-16 0.6682154164282831 0.5001063538767451 0.0 0.0018611927443998866 1.3877787807814457e-17 0.009858056517295821 0.06537851973503533 2546.608226358053 14.0 -20.25528043804193 2.2160487610520505 57345.314 57425.151 0 22 "Covariance may not be accurate. Covariance not positive definite. Covariance forced positive definite."
01341370 16 0.409 57371.20064065937 8.604228440844963e-17 0.9922769570445433 0.12169351399255585 0.0 21.95471826469293 0.03074697683910935 0.43469035713620574 0.7245052408079999 2365.098245594861 10.0 -19.46960166439577 1.6801261838078112 57347.079 57403.049 6 10 "Covariance may not be accurate."
01341894 7 0.3121 57383.79360812913 1.2212453270876723e-16 1.2492306920539882 0.5389897029830125 0.0 29.2768040896226 0.03075110702344353 0.35976825172693955 0.7007655500893692 905.5865717497908 3.0 -18.33059897472645 1.4568803384205324 57365.054 57427.052 3 4 "Covariance may not be accurate."
01342255 6 0.2141 57377.66093592748 3.5249581031848723e-16 0.6500000000001676 0.047927615948261504 0.0 0.00023063823027769104 1.3877787807814407e-18 2.422917422251203e-11 0.14881768966787617 13529.444051596623 2.0 -19.50985378267943 2.2606554635084883 57365.11 57403.099 2 4 "Covariance may not be accurate."
01343208 6 0.4993 57343.68204949315 2.7755575615628915e-18 0.6500000000216948 0.4697784872122591 0.0 0.004066840101586422 1.3877787807814458e-18 1.8290979064694568e-08 0.7485050277717651 617.1737558592293 2.0 -15.563800455222378 2.2606699488566626 57356.144 57397.09 0 6 "Covariance may not be accurate."
01343337 16 0.3389 57393.16755252928 4.718447854656916e-17 1.1919259587388487 0.011671529062844466 0.0 8.302075175764912 0.0 0.000981630679711687 0.0013249686826206641 1662.8392193886411 12.0 -18.529139965113995 1.4957856217490928 57372.226 57426.147 8 8 "Covariance may not be accurate."
01343401 12 0.3829 57381.42423049859 8.881784197001253e-17 0.786490740983507 0.10605539119188634 0.0 30.802631116876 0.03366090372591073 0.36303856231011566 0.5390002382151571 1346.1296582886284 8.0 -19.36420972920903 1.9691705477213617 57372.048 57427.054 4 8 "Covariance may not be accurate."
01343533 16 0.368 57375.07415136494 4.163336342344337e-17 0.6516510570244015 0.0011127060068042982 0.0 30.335557682334183 0.03241621700572339 0.4028619368658458 0.6006421023438479 252.39212885610303 12.0 -18.619669119573295 2.256518029277551 57365.039 57407.046 4 12 "Covariance may not be accurate."
01343759 7 0.508 57376.577344893834 1.1657341758564144e-16 0.6632402225471828 0.5001076491459694 0.0 0.11923380703592557 1.3877787807814407e-18 0.0020028409190835927 0.029274034764573686 3588.4140894466577 3.0 -19.594705197440472 2.22802854516614 57365.223 57425.071 2 5 "Covariance may not be accurate. Covariance not positive definite. Covariance forced positive definite."
01343871 7 0.6379 57340.23307623279 5.551115123125783e-18 1.01798048660458 0.042079201160233115 0.0 25.781036385840707 0.031875450198478365 0.41177660435887903 0.5207816946200503 308.26421013045916 3.0 -17.79938271044492 1.6523582890163873 57355.228 57408.055 0 7 "Covariance may not be accurate."
01344692 14 0.3795 57376.22381586151 2.7755575615628915e-18 1.2405866117984554 0.0017543092739036314 0.0 29.380994524410198 0.030837861390515236 0.3363117098828858 0.596914574794709 226.25478997544084 10.0 -15.75710826130085 1.4624380089388183 57366.056 57427.068 4 10 "Covariance may not be accurate."
01345553 6 0.3189 57381.421142204854 1.7763568394002506e-16 1.1727236396711151 0.46961630081879036 0.0 31.642605070304853 0.03611387177411509 0.3333678849634563 0.7344917873237942 1657.6793454474905 2.0 -18.927580016549438 1.5102467342483585 57372.048 57427.052 2 4 "Covariance may not be accurate."
01345582 7 0.4588 57378.962401075376 2.7755575615628915e-18 0.6500000000006859 0.0015358037713856243 0.0 29.75812433723695 0.03096535387131568 0.3715845302320266 0.5980959431937729 432.8297930501053 2.0 -16.246850054696978 2.260654108261072 57365.056 57427.054 2 5 "Covariance may not be accurate."
01345594 11 0.4224 57387.96991311459 1.5543122344752193e-16 0.6676791178414084 0.4882415227748075 0.0 0.48661321102190414 1.3877787807814407e-18 0.0038537670582479144 0.00017594763239367484 391.76980679229786 7.0 -19.45620042164365 2.2173327996951 57372.048 57427.054 4 7 "Covariance may not be accurate."
01346137 14 0.3635 57360.22658023165 7.771561172376097e-17 1.2039638488935247 0.02618122022916225 0.0 25.71378705576717 0.030780784229954294 0.42556263163349367 0.6768496516269225 944.8914600511313 10.0 -19.225656850075918 1.4871252113285394 57375.048 57425.151 0 14 "Covariance may not be accurate."
01346387 13 0.3445 57377.81301224709 2.7755575615628915e-18 0.6500000009626669 0.28419155394392626 0.0 0.001761715226166416 0.0 2.0836849468075513e-09 0.16120973894865767 10999.344049542833 9.0 -14.968848637516984 2.260665287298938 57372.136 57426.118 2 11 "Covariance may not be accurate."
01346956 10 0.3335 57372.17811886626 1.0547118733938988e-16 1.1724263927568965 0.5224971957366165 0.0 24.656252014363417 0.03078391508605774 0.4358236788385322 0.7158415780454574 3915.5614471219415 6.0 -18.366138737692108 1.5104774421080336 57387.181 57426.147 0 10 "Covariance may not be accurate."
01346966 14 0.3355 57361.06210277782 1.665334536937735e-17 1.1316096800601732 0.021648808983419254 0.0 25.48285333964668 0.03211013085802103 0.3560721592180352 0.548717322806706 2946.239565033578 10.0 -17.3567286632889 1.543759135872243 57376.057 57426.147 0 14 "Covariance may not be accurate."
