analysis_pipeline/fit_results/des_4_sn91bg_color_interpolation_all.ecsv
# %ECSV 0.9
# ---
# datatype:
# - {name: obj_id, datatype: string}
# - {name: num_points, datatype: int64}
# - {name: z, datatype: float64}
# - {name: t0, datatype: float64}
# - {name: x0, datatype: float64}
# - {name: x1, datatype: float64}
# - {name: c, datatype: float64}
# - {name: z_err, datatype: float64}
# - {name: t0_err, datatype: float64}
# - {name: x0_err, datatype: float64}
# - {name: x1_err, datatype: float64}
# - {name: c_err, datatype: float64}
# - {name: chi, datatype: float64}
# - {name: dof, datatype: float64}
# - {name: b_max, datatype: float64}
# - {name: delta_15, datatype: float64}
# - {name: tmin, datatype: float64}
# - {name: tmax, datatype: float64}
# - {name: pre_max, datatype: int64}
# - {name: post_max, datatype: int64}
# - {name: message, datatype: string}
# schema: astropy-2.0
obj_id num_points z t0 x0 x1 c z_err t0_err x0_err x1_err c_err chi dof b_max delta_15 tmin tmax pre_max post_max message
[from data line 106]
01314897 54 0.455 57258.34056662275 4.163336342344337e-17 1.1630648578269147 0.027494028559868933 0.0 25.288268908796454 0.03182182195005126 0.43783012912252567 0.5560980241626674 3347.7226568760443 50.0 -19.123718316448475 1.5182996167835654 57273.337 57373.072 0 54 "Covariance may not be accurate."
01315192 38 0.455 57000.86090055192 1.3877787807814457e-16 1.1129407564650826 0.7528684846764131 0.0 0.016328846155374777 1.3877787807814407e-18 0.002909176498276267 0.006072855245920605 4474.957164692711 34.0 -19.003354147824034 1.560689193277991 56987.193 57052.1 7 31 "Covariance may not be accurate."
01315259 44 0.455 56993.6217881119 1.4432899320127036e-16 0.6500000000090539 0.017056812728992454 0.0 29.594970776008267 0.030778997961632488 0.36934897176775544 0.6654823164085448 9734.333434715529 40.0 -20.49048617872168 2.2623396387612615 56980.181 57049.073 10 34 "Covariance may not be accurate."
01315296 53 0.455 56990.913933036005 0.0 0.9839247400188258 0.5000103884252435 0.0 0.0 0.0 0.0 0.0 1312.8400309639426 49.0 inf nan 56973.183 57049.072 15 38 "Hesse Failed. Covariance may not be accurate. Covariance not positive definite."
01316385 32 0.455 57020.06893164015 2.7755575615628914e-16 0.7779898610127836 0.012789977913328976 0.0 0.0005368147540139034 0.0 9.173224078784514e-06 0.05549570235537221 5480.565628952626 28.0 -21.20734697278149 1.9855104962194652 57001.175 57067.046 13 19 "Covariance may not be accurate."
01316431 39 0.455 56989.37607117131 2.1094237467877976e-16 0.6500000003172688 0.021908028121703504 0.0 23.445095059778396 0.03821857480621203 0.4586298041289954 0.5483004062097364 44202.01275110676 35.0 -20.894648928219134 2.2623397797291283 57001.16 57052.1 0 39 "Covariance may not be accurate."
01316437 49 0.455 57001.63807132676 5.551115123125783e-18 1.1664499014505076 0.007071973971115031 0.0 29.348725303192623 0.03158916484562611 0.4371479491817092 0.6668223942317445 771.5700656467528 45.0 -16.969059389258813 1.5156223879764568 56980.192 57052.1 15 34 "Covariance may not be accurate."
01316465 41 0.455 56986.262682294975 9.71445146547012e-17 0.838241478960772 0.05450862883577856 0.0 1.4367888070410118e-05 0.0 2.1382697266147943e-06 0.10410913903977051 38153.88838726962 37.0 -19.998415383122502 1.8852776536757396 57001.175 57067.046 0 41 "Covariance may not be accurate."
01317164 35 0.455 57290.32955648853 7.494005416219807e-17 0.7069919758756447 0.08836733064501057 0.0 29.624514602743147 0.03079788966375664 0.3178735899198973 0.5248032794426035 2532.531301091366 31.0 -19.65714742498597 2.1283513664002953 57276.375 57355.165 5 30 "Covariance may not be accurate."
01317277 52 0.455 56999.23562400011 5.828670879282072e-17 1.1350641975126612 0.14849350415189394 0.0 29.786293064636993 0.031125122581984143 0.44689321740899374 0.730402310610745 3056.8702211137265 48.0 -19.26983854411617 1.5413548563687094 56987.071 57052.042 13 39 "Covariance may not be accurate."
01317286 54 0.455 56997.34299328549 9.992007221626409e-17 1.1586589202954012 0.372442646432009 0.0 29.329074273344304 0.030746515464289113 0.342728656131773 0.732725939726478 18928.248224591844 50.0 -19.417051860301193 1.5218299419943548 56987.071 57052.042 14 40 "Covariance may not be accurate."
01317454 39 0.455 57011.9627820255 2.7755575615628915e-18 1.242472441775736 0.03058310111552509 0.0 23.902996667671687 0.03350451053829063 0.43113334022892763 0.7383904955025067 1159.0758245890156 35.0 -16.1784109330898 1.4616273291158706 56987.028 57051.043 18 21 "Covariance may not be accurate."
01317666 47 0.455 57258.34125077954 1.0547118733938988e-16 1.2328802290801688 0.40489184284763446 0.0 25.383394388998568 0.03189765352707274 0.40704871758088396 0.6931636609942501 35737.82224535569 43.0 -19.411758077633237 1.4678973684179724 57273.339 57356.106 0 47 "Covariance may not be accurate."
01319366 65 0.455 57293.03251093271 8.604228440844963e-17 1.2499318657367444 0.4477187036084554 0.0 0.009261154133128002 0.0 0.00046300708859692286 0.0005340438849174012 11502.584253470024 61.0 -19.10001699128274 1.4568355333335923 57276.312 57372.107 18 47 "Covariance may not be accurate."
01319821 49 0.455 56995.94688200911 2.7755575615628915e-18 0.6500000000175365 4.614581507556004e-05 0.0 28.198438530009298 0.03089611972414675 0.3707548211186908 0.6120560053113999 7230.529218777989 45.0 -16.22760740490915 2.262339157483197 56992.123 57067.103 4 45 "Covariance may not be accurate."
01320166 39 0.455 56980.12752205318 2.7755575615628915e-18 0.6500000016132623 0.00045753607970677734 0.0 20.40396425635481 0.03320098574094361 0.39842644083257156 0.6058219515180603 2258.5653361460722 35.0 -16.226959232062693 2.262339164826006 56991.108 57049.049 0 39 "Covariance may not be accurate."
01322229 29 0.455 57024.5882753684 1.1102230246251566e-17 1.216815105023444 0.00021165857833899127 0.0 27.419898290281708 0.030747340657105708 0.41903051789390194 0.6087660988882734 2323.90733962737 25.0 -17.732496784369665 1.4786428761761918 57001.05 57052.048 16 13 "Covariance may not be accurate."
01322979 35 0.455 57020.0562712575 3.608224830031759e-17 1.2441062994377612 0.19696664075885129 0.0 29.49273052816352 0.030746391406949874 0.34270377560318815 0.7369822389842635 11189.313391005886 31.0 -18.647203981600963 1.4605764300406037 57008.04 57067.047 10 25 "Covariance may not be accurate."
01324542 38 0.455 57019.79269981301 0.0 0.6820180949267883 0.5001387356763644 0.0 0.0 0.0 0.0 0.0 1344.022448550716 34.0 inf nan 57011.085 57067.103 7 31 "Hesse Failed. Covariance may not be accurate. Covariance not positive definite."
01325358 32 0.455 57019.77131404264 5.551115123125783e-18 0.7580050986685929 0.24912354978694762 0.0 30.3747632433151 0.031743640736978114 0.44111651515606193 0.6242855035373551 1733.4717018916708 28.0 -16.493355232894658 2.0227622840872215 57005.241 57066.064 12 20 "Covariance may not be accurate."
01327978 54 0.455 57297.05594256213 7.216449660063518e-17 1.2446298049881634 0.032224680650703996 0.0 34.4620398899533 0.04288927618427982 0.3914958428507143 0.7550499988949856 1265.0728898646414 50.0 -19.713135424973224 1.4602329769849405 57283.129 57373.043 20 34 "Covariance may not be accurate."
01328066 81 0.455 57288.424341147365 1.3877787807814457e-17 1.1754462376669308 0.002591201127417786 0.0 29.585854040160484 0.030753167241505758 0.33142652700639014 0.6357183490252407 1097.696817199033 77.0 -17.971016424364024 1.5086253404575949 57273.093 57379.051 16 65 "Covariance may not be accurate."
01328105 84 0.455 57287.73547371511 3.053113317719181e-17 1.248398906290301 7.095699973941327e-05 0.0 29.594048039198242 0.03075287053903566 0.35558282367152944 0.6184523075842661 1058.597302826259 80.0 -18.83105016561248 1.4578062952034614 57273.093 57386.049 12 72 "Covariance may not be accurate."
01329166 71 0.455 57290.018400650006 1.1102230246251566e-17 0.6520737893337512 0.006475572718044165 0.0 20.73289947734156 0.030766429040257413 0.3835510839529304 0.647625503821748 1657.830896733233 67.0 -17.722582898629863 2.257136650614605 57268.251 57402.11 12 59 "Covariance may not be accurate."
01329196 82 0.455 57251.25459124773 5.551115123125783e-18 0.9888619647645485 0.05999691914042338 0.0 25.854099288742873 0.03201089443833309 0.42272987004213 0.7010511918195433 3832.4914544375024 78.0 -16.881393231431126 1.684647815225535 57266.247 57406.112 0 82 "Covariance may not be accurate."
01329312 59 0.455 57297.18090441326 5.551115123125783e-18 1.243746732599782 0.09197963165179845 0.0 29.63848803948713 0.03081411691555138 0.34257573973570427 0.7153746383422126 2372.2076856187855 55.0 -16.82476741580827 1.4608048494500814 57283.189 57389.086 8 51 "Covariance may not be accurate."
01329615 66 0.455 57289.347932182594 8.326672684688675e-18 1.1421548363954916 5.05509599180165e-08 0.0 29.446426704977057 0.030794733480309654 0.35267663722612214 0.6148300259878516 1145.7069523160837 62.0 -17.42048328325564 1.535361307253165 57278.298 57385.114 10 56 "Covariance may not be accurate."
01330031 66 0.455 57275.06500354607 3.8302694349567903e-16 1.1558060828155938 0.019385412487859355 0.0 3.6073834053240716e-07 0.0 6.6096766806467144e-06 0.016172492832230462 71753.9305555697 62.0 -21.546408573890663 1.52411998115738 57290.065 57376.047 0 66 "Covariance may not be accurate."
01330426 66 0.455 57273.60656098636 3.302913498259841e-16 0.986237330919373 0.6821646799164862 0.0 26.175072719179298 0.030748216043038738 0.41696741011006605 0.7378259973236065 35713.7915856589 62.0 -20.105217736379593 1.6876093791649538 57288.21 57387.185 0 66 "Covariance may not be accurate."
01330642 68 0.455 57296.999568224535 5.551115123125783e-18 1.2416351366994856 0.3118293452837374 0.0 29.694172034833173 0.03088856212350105 0.3985416891404778 0.7381527521413318 4539.581557668248 64.0 -16.389161322130718 1.4621787952044514 57283.189 57406.1 8 60 "Covariance may not be accurate."
01330903 79 0.455 57291.92758341103 0.0 0.6502241606363006 0.5001351051298827 0.0 0.0 0.0 0.0 0.0 947.1757852401885 75.0 inf nan 57276.312 57396.103 18 61 "Hesse Failed. Covariance may not be accurate. Covariance not positive definite."
01331123 66 0.455 57282.04311440817 2.4702462297909734e-16 1.1554545526617985 0.4931223203667108 0.0 24.32631321057852 0.030793572834562556 0.34475163306330675 0.7093595031399174 7615.073393394046 62.0 -20.139879155709814 1.5244182264801438 57297.03 57386.049 0 66 "Covariance may not be accurate."
01331993 64 0.455 57276.17944352859 0.0 1.178504448251605 0.5001605793865959 0.0 0.0 0.0 0.0 0.0 2225.586773061863 60.0 inf nan 57291.17 57408.04 0 64 "Hesse Failed. Covariance may not be accurate. Covariance not positive definite."
01332059 71 0.455 57293.823355160515 2.7755575615628915e-18 0.650000000285834 0.0018704666317083674 0.0 28.6262227954212 0.03088197112689912 0.3705781116064549 0.5963153788966103 1113.8380089197499 67.0 -16.224730114222318 2.262339207280643 57288.199 57403.103 7 64 "Covariance may not be accurate."
01332413 69 0.455 57318.79243131602 1.942890293094024e-17 1.235465039977548 0.23586610554095666 0.0 28.492396503002965 0.03125915590920303 0.33150398639919193 0.7500314182717494 478.81296775897397 65.0 -17.885738879998446 1.4661970168027452 57297.151 57403.064 20 49 "Covariance may not be accurate."
01333246 56 0.455 57284.30971679694 5.551115123125783e-17 1.0905308437633825 0.1448225010441605 0.0 28.653236604721315 0.034707003869088905 0.37921476853615393 0.8091632277149965 311.7801030203634 52.0 -19.224209582484033 1.581175591278317 57299.22 57403.103 0 56 "Covariance may not be accurate."
01333438 53 0.455 57282.80827712843 9.159339953157542e-17 1.0349676201364644 0.005938778692522628 0.0 26.28985279360859 0.030746355690029283 0.40152267040883344 0.581244644749592 821.2871265190754 49.0 -20.014571048274746 1.635413759432879 57297.346 57406.124 0 53 "Covariance may not be accurate."
01334084 37 0.455 57329.14956365923 2.1926904736346843e-16 1.2432148746964984 0.41900141184417056 0.0 34.468821353315434 0.042816031626303624 0.3407024089835155 0.6655537374623013 1598.101672236888 33.0 -20.177318223377505 1.46115801622339 57315.206 57396.104 9 28 "Covariance may not be accurate."
01334087 27 0.455 57332.05934295188 1.6930901125533639e-16 0.6500000000014511 0.05680391849438515 0.0 34.92436528767212 0.038976419690845775 0.4677175170715776 0.6992549770126621 2148.157415873936 23.0 -20.5976370893398 2.2623408641840115 57311.299 57403.103 10 17 "Covariance may not be accurate."
01334302 64 0.455 57286.03921061372 2.7755575615628915e-18 0.9948456776644774 0.41278807179896376 0.0 26.176571472009527 0.03243821023739779 0.44895313624369765 0.7271886793718959 1208.3418701373548 60.0 -15.446138340584042 1.6780005967752167 57301.033 57407.048 0 64 "Covariance may not be accurate."
01334423 56 0.455 57312.743279561575 2.7755575615628915e-18 0.6500349318386424 0.011076757294007644 0.0 27.70407835287915 0.0330724825700375 0.39471792907371206 0.5683437466841972 3288.8434737868697 52.0 -16.210092611076455 2.2622515667649132 57312.138 57408.057 4 52 "Covariance may not be accurate."
01334448 64 0.455 57286.28588494832 5.551115123125783e-18 0.7141628302041318 0.5001355556984624 0.0 0.0010155180971196387 1.3877787807814458e-18 0.00036661869158222116 0.7339634620098717 365.9902423580229 60.0 -16.001900749001123 2.112628395638936 57301.278 57402.056 0 64 "Covariance may not be accurate. Covariance not positive definite. Covariance forced positive definite."
01334470 60 0.455 57320.4935237924 2.7755575615628915e-18 0.6500000000213886 0.000660663957154195 0.0 29.683696064956166 0.03086627235639602 0.370393752430019 0.6039620207502807 1267.8574343979553 56.0 -16.226639047764685 2.2623391744452164 57305.279 57402.056 16 44 "Covariance may not be accurate."
01334597 48 0.455 57318.91341927939 2.7755575615628915e-18 0.6500000003808166 0.04988254806690551 0.0 28.45282082439735 0.03160083345426067 0.37920333989691346 0.511864035108103 52476.8962237478 44.0 -16.146127999159283 2.2623406388898246 57315.219 57408.043 4 44 "Covariance may not be accurate."
01334620 58 0.455 57322.442284891054 1.4155343563970747e-16 1.026214587021729 0.04238918648514267 0.0 30.315621507350443 0.03207641131571034 0.40913814586425595 0.6899494233175638 3086.604835108927 54.0 -20.42770222945692 1.644423910967383 57311.28 57403.064 12 46 "Covariance may not be accurate."
01334644 56 0.455 57323.47379326896 1.3877787807814457e-17 1.2497972868361185 0.12862074307546645 0.0 30.71254851156118 0.03250433951263543 0.364268884773808 0.5419633045487042 3547.8229327653444 52.0 -17.75089249785433 1.4569129136836452 57311.28 57403.064 12 44 "Covariance may not be accurate."
01334645 54 0.455 57321.78497637802 1.3877787807814457e-17 0.7081081206467793 0.023940338666141148 0.0 0.0016638921879348345 0.0 1.528710417897372e-05 0.060210152764181624 13420.030594441509 50.0 -17.93672913007323 2.1258825813954516 57311.28 57403.064 11 43 "Covariance may not be accurate."
01334707 63 0.455 57289.31390414351 5.551115123125783e-18 0.8820097607955398 0.4622139486357474 0.0 24.948340336439287 0.03090842004895294 0.4080645862798486 0.718451396862561 5788.5802731553285 59.0 -16.091694266295445 1.8207265866774591 57304.307 57426.118 0 63 "Covariance may not be accurate."
01334879 61 0.455 57287.33011533454 1.665334536937735e-17 1.226423058523397 0.46840385874756996 0.0 25.461200092988292 0.03085426101051218 0.3144873517614501 0.7039175410072149 3372.6101355571245 57.0 -17.27031971776337 1.4721761755849805 57302.241 57426.118 0 61 "Covariance may not be accurate."
01335472 59 0.455 57316.687841317886 2.7755575615628915e-18 0.6500000001128685 0.0021238210194796103 0.0 28.620383438559656 0.030852621967302343 0.37022798469102924 0.5950674968459448 2701.0152416144665 55.0 -16.224329923904428 2.2623392147465253 57311.02 57403.05 8 51 "Covariance may not be accurate."
01335564 60 0.455 57334.346412371866 5.551115123125783e-18 1.2291365245218544 0.1295460373772791 0.0 20.542924610312184 0.030833298772435198 0.3186417292908031 0.5556046814866565 583.2451900604685 56.0 -16.75424938946444 1.4703624079531004 57311.28 57427.068 20 40 "Covariance may not be accurate."
01335694 37 0.455 57340.268419857974 9.992007221626409e-17 0.919437791059867 0.0003123332334867279 0.0 29.642708387960738 0.03081457390495617 0.43319241442410067 0.6074183626762256 6700.179897593653 33.0 -20.11794449288408 1.7693397886735909 57325.214 57408.058 15 22 "Covariance may not be accurate."
01335717 51 0.455 57341.19680255867 6.938893903907228e-17 0.8805247355514864 0.06575170993640367 0.0 29.56417640967993 0.03075643255415858 0.406820561894621 0.7043307881367546 8813.055583152067 47.0 -19.613694836896663 1.8228254983319978 57325.182 57408.092 12 39 "Covariance may not be accurate."
