analysis_pipeline/fit_results/des_4_salt2_2.4_red.ecsv
# %ECSV 0.9
# ---
# datatype:
# - name: obj_id
#   datatype: string
# - name: num_points
#   datatype: int64
# - name: z
#   datatype: float64
# - name: t0
#   datatype: float64
# - name: x0
#   datatype: float64
# - name: x1
#   datatype: float64
# - name: c
#   datatype: float64
# - name: z_err
#   datatype: float64
# - name: t0_err
#   datatype: float64
# - name: x0_err
#   datatype: float64
# - name: x1_err
#   datatype: float64
# - name: c_err
#   datatype: float64
# - name: chi
#   datatype: float64
# - name: dof
#   datatype: float64
# - name: b_max
#   datatype: float64
# - name: delta_15
#   datatype: float64
# - name: tmin
#   datatype: float64
# - name: tmax
#   datatype: float64
# - name: pre_max
#   datatype: int64
# - name: post_max
#   datatype: int64
# - name: message
#   datatype: string
# schema: astropy-2.0
obj_id num_points z t0 x0 x1 c z_err t0_err x0_err x1_err c_err chi dof b_max delta_15 tmin tmax pre_max post_max message
01248677 16 0.3502 56554.58777365235 1.7546326812917235e-05 0.9145342903812317 0.2999996229897935 0.0 0.2795050346867356 3.1958723830938297e-07 0.18659178819158528 0.4744667128648879 83.30893835437692 12.0 -18.987992521115512 0.8787890971475321 56538.281 56629.077 3 13 "Minimization exited successfully."
01250017 30 0.1817 56553.47054970963 6.365087256577085e-05 1.4228722710529853 0.29999999593670407 0.0 0.15206676306843292 5.889033406147895e-07 0.140752349133197 0.5130359670419213 108.15230001946688 26.0 -18.763123617460206 0.795826383241458 56536.245 56616.08 8 22 "Minimization exited successfully."
01253039 20 0.4535 56575.37660831553 9.634850324696799e-06 -0.7908958612720447 0.2999998024227873 0.0 0.7720069664137554 3.695022452010475e-07 0.641897076062016 0.4185044480142823 17.913742715535427 16.0 -19.000199368028035 1.1884835457647185 56547.274 56653.094 7 13 "Minimization exited successfully."
01253101 17 0.4596 56575.94425088735 9.579447047106117e-06 1.9999884954176927 0.2999998505775823 0.0 1.1023510026789154 4.2055766351078977e-07 3.2653331487246233 0.513332845945712 18.8489909328603 13.0 -19.031231958577735 0.7023730338065342 56543.099 56657.052 6 11 "Minimization exited successfully."
01253920 29 0.1956 56583.54694243718 6.616224898530199e-05 -0.5923351141543298 0.209063286700577 0.0 0.18324959134770324 1.0330825081036887e-05 0.19741897705375178 0.0932418008981282 73.06619933607507 25.0 -18.979288065962297 1.1549915321488307 56559.195 56649.173 10 19 "Minimization exited successfully."
01255502 19 0.1482 56592.121397739866 0.00019291803192039993 0.9454105519927007 0.04654920065260548 0.0 0.1847695713295252 3.078365463702603e-05 0.13324896440406842 0.08826395235630027 68.55440476545277 15.0 -19.473961377971193 0.8835676614472163 56563.266 56653.077 6 13 "Minimization exited successfully."
01257366 25 0.2114 56611.88980859983 3.513383594200281e-05 -0.09192750582628229 0.2999990730166458 0.0 0.39518809194123605 8.816490755070301e-07 0.37317096629203816 0.13055576644338657 33.114670826352025 21.0 -18.483805347608538 1.0535187429233979 56594.14 56682.089 4 21 "Minimization exited successfully."
01257695 25 0.1838 56613.35160927588 7.790198214367994e-05 0.42824507861376393 0.21722026856928062 0.0 0.13704333555870107 7.672202889637271e-06 0.11478475720705017 0.05889189504255707 97.06104086899519 21.0 -19.00693921567613 0.9649246628445063 56590.029 56675.078 9 16 "Minimization exited successfully."
01258906 15 0.3492 56620.99511614237 1.3318148515198414e-05 -0.43995743931788933 0.29977696927528746 0.0 0.714371053774812 8.414452317524746e-06 0.7603514724787146 0.5994436717134539 6.90874486489345 11.0 -18.680361571360343 1.1190042147784673 56594.019 56695.038 5 10 "Covariance may not be accurate. Covariance not positive definite. Covariance forced positive definite."
01258940 18 0.4259 56619.97297579073 9.670342733456017e-06 -1.0996315470670743 0.2989999500620401 0.0 0.9387770006978826 1.93135236158104e-06 0.7695726175759587 0.49424227551377203 17.735416652834303 14.0 -18.841411508669502 1.2530569211251787 56590.318 56697.043 6 12 "Minimization exited successfully."
01259412 24 0.3047 56624.38830084395 3.931513711597501e-05 1.0276433437015005 -0.07070605923425549 0.0 0.21434571352074272 3.5931903332508972e-06 0.1770574072129012 0.06265150804882222 84.79497815612204 20.0 -19.50745125173673 0.8739308812624991 56602.205 56696.024 6 18 "Minimization exited successfully."
01261579 20 0.3222 56638.55222053808 2.8992548649567353e-05 -0.19163286282835257 0.04430714212509668 0.0 0.1567502341022191 2.0211574834491666e-06 0.1945927751934322 0.05015228064068525 23.65024152317139 16.0 -19.316439322430437 1.0870089572736212 56615.111 56696.025 6 14 "Minimization exited successfully."
01262214 0 0.6894 nan nan nan nan 0.01 nan nan nan nan nan nan nan nan nan nan 0 0 "Empty table passed to fit_lc."
01262715 0 0.6894 nan nan nan nan 0.01 nan nan nan nan nan nan nan nan nan nan 0 0 "Empty table passed to fit_lc."
01263369 18 0.3125 56665.95742276219 1.963585766991405e-05 0.3432687832227237 0.2999792203216511 0.0 0.6606192598846974 5.960545786040661e-07 0.7276794049495954 0.4099631808786184 3.8255215273181626 14.0 -18.82135838197852 0.975686547377034 56645.14 56697.043 8 10 "Minimization exited successfully."
01263715 18 0.2919 56667.08547034919 2.3998265487332195e-05 1.2360159086179738 0.2999997138694042 0.0 0.3533497039352369 4.6067845862751767e-07 0.4026390716419721 0.5128961077754999 12.001689534794771 14.0 -18.868685423495116 0.8260960718861483 56645.054 56694.039 8 10 "Minimization exited successfully."
01275946 38 0.2321 57261.81804129143 9.044144026401358e-05 1.5358028111200221 -0.13627739410539982 0.0 0.1701742199329601 8.983749023792899e-06 0.17629408627848653 0.06357814713131729 246.12922759034234 34.0 -19.736662384575705 0.7909444338393854 57248.378 57329.035 8 30 "Minimization exited successfully."
01279500 23 0.235 57251.8871572711 6.52457218759922e-05 0.7780210416423845 -0.06886606331125367 0.0 0.41705376693062135 5.663942952605084e-06 0.14303024765313976 0.057335189965415534 100.96166249542331 19.0 -19.411171042604177 0.9165604343255715 57249.318 57317.099 2 21 "Minimization exited successfully."
01280217 17 0.359 57251.194455948 1.645901916937087e-05 1.9999992748594 0.2999997862340456 0.0 0.001749004062730819 6.292214881173385e-07 0.3186206374313416 0.0020055297244120363 26.949995756173674 13.0 -18.983125764341068 0.7023712686505661 57248.395 57329.175 1 16 "Minimization exited successfully."
01281668 43 0.3071 57270.83251904973 3.4348041731258054e-05 0.005613221495229137 -0.0019835447872592615 0.0 0.4815008553159714 5.597962128506274e-06 0.4138633925527524 0.11223824020568768 50.18499542504972 39.0 -19.37948597872326 1.0521847682901821 57248.378 57342.028 10 33 "Minimization exited successfully."
01281886 19 0.384 57269.92564026552 1.2180365251965309e-05 1.3797046376515567 0.29999993069390035 0.0 0.0008929908035497647 6.457305623944202e-07 0.6882572286251092 0.5128211040780881 10.93746841753422 15.0 -18.8273815549204 0.8028042635893655 57248.395 57345.234 4 15 "Minimization exited successfully."
01282736 20 0.3689 57266.50004314197 2.701046899900028e-05 -0.5448899735676336 -0.2948523189471765 0.0 0.8788595901605731 9.940972636979241e-06 0.7586071104776364 0.5464312621059091 9.005250341361847 16.0 -19.587264780297986 1.1774011074671549 57249.286 57346.032 4 16 "Minimization exited successfully."
01283373 33 0.2075 57268.843927682625 8.789075339580566e-05 -0.8394725080124612 -0.299997921442164 0.0 0.0003155266313115135 2.2729675294583265e-06 0.32653480442866045 0.37217442072035806 23.461327492270925 29.0 -19.433035953981015 1.2410379797574222 57250.337 57332.081 5 28 "Minimization exited successfully."
01283878 28 0.3135 57265.55844149585 3.758267418260686e-05 -0.8861397843794303 -0.2999458727589084 0.0 0.7984020953881554 2.009824563128928e-06 0.8557333535116355 0.4925104483589908 4.649705432304732 24.0 -19.53300793086232 1.2513722776135516 57249.322 57339.072 7 21 "Minimization exited successfully."
01283936 23 0.369 57271.62140581101 1.063786927834598e-05 1.2098233534501253 0.19628948106502492 0.0 0.0009691887826193124 3.1312909171808674e-05 0.8512905243083784 0.5480466485623017 16.29511263268029 19.0 -18.575466483501682 0.8340983213817417 57248.38 57347.084 5 18 "Minimization exited successfully."
01285160 0 0.7493 nan nan nan nan 0.005 nan nan nan nan nan nan nan nan nan nan 0 0 "Empty table passed to fit_lc."
01285317 24 0.5649 57268.947067083274 6.0502679229135214e-06 -0.053478890004886814 0.29999999755218604 0.0 1.2926107030034473 3.588038100188485e-07 1.1057798426382417 0.5124871406007719 13.259749644691224 20.0 -19.070072715886333 1.0464734067683885 57248.38 57356.127 5 19 "Minimization exited successfully."
01286398 26 0.1503 57270.94515672922 9.507667524368547e-05 -2.3705730917373735 0.043172575654400025 0.0 0.2718150865948701 1.9929939887421146e-05 0.21434859711277854 0.12154526019904097 42.59980645502221 22.0 -18.73725117267168 1.59711268426976 57249.318 57329.116 7 19 "Minimization exited successfully."
01287626 13 0.304 56682.319922669085 5.0549679350359035e-05 -0.142263125918201 -0.26259366246707644 0.0 0.4800599983318534 9.611590384836498e-06 0.5606140738888015 0.11949497879880469 2.9422148414318396 9.0 -19.77681178495662 1.0940359543728526 56653.052 56697.072 9 4 "Minimization exited successfully."
01289288 44 0.2897 57273.37797215793 4.215501263348798e-05 -2.6397160287043335 -0.2999593011866678 0.0 0.9102377299604996 2.0318795652618495e-06 0.8211638211382212 0.5289064188917622 23.429542023752212 40.0 -19.45847325998423 1.7257218249813349 57248.378 57347.084 11 33 "Minimization exited successfully."
01289555 21 0.5588 57276.82693824751 6.806051028648841e-06 -1.0998210503525179 0.29999999971058194 0.0 1.5640689108222432 5.338589810777172e-07 1.3417339801953176 0.43524532396591503 10.263252957387044 17.0 -19.168691267927116 1.2530141330254843 57248.396 57365.115 5 16 "Minimization exited successfully."
01289600 16 0.4196 57281.49935566809 8.622200434088568e-06 1.237299477549091 0.2999998907562201 0.0 0.8976055319690204 3.4432307519927063e-07 0.48876466366517524 0.47167920469325053 34.9743220438262 12.0 -18.680082213968518 0.8258874532311822 57253.285 57365.135 3 13 "Minimization exited successfully."
01289656 21 0.5394 57272.46622067999 5.995343764492179e-06 -0.9290653550519914 0.2983172409374913 0.0 1.7536980961776862 1.0040484124382298e-06 1.060166620921875 0.5499675050594861 26.953322639750766 17.0 -18.938066886499442 1.2170608938036693 57250.337 57355.245 3 18 "Minimization exited successfully."
01289664 35 0.2491 57279.74005439852 3.2186418450694254e-05 -1.0859246592865324 0.29999869453882627 0.0 0.2653350184118608 3.417450784873335e-07 0.18008515881635434 0.026864283071121875 54.12599451131155 31.0 -18.791159065028822 1.2500373565702176 57252.307 57345.234 10 25 "Minimization exited successfully."
01290779 12 0.3895 56886.871037538556 1.3012697264325191e-05 0.4078319949517333 0.1646643233821906 0.0 0.0040075989527394995 8.758570199258465e-05 0.6289777584368792 0.31360263230389196 18.172248579702696 8.0 -18.931296796490845 0.9709931860349776 56887.398 56973.322 0 12 "Minimization exited successfully."
01290816 20 0.2185 56891.939524142115 7.388074928824095e-05 1.1701865862122753 -0.09075466444129879 0.0 0.6488430850513396 1.0771902708239799e-05 0.2547248324669922 0.0926191851324657 94.02886141404782 16.0 -19.3680614013981 0.8505649510550413 56887.395 56960.278 4 16 "Minimization exited successfully."
01291080 14 0.4438 56888.840785859575 1.5760960715691108e-05 -0.8403216842627454 -0.2995074906014229 0.0 3.208426950255671 2.0307016371734484e-06 1.0831758710244204 0.5821068830742979 14.93916527995377 10.0 -19.477940488524396 1.2411931727603935 56887.275 56973.078 1 13 "Minimization exited successfully."
01291090 25 0.292 56905.00309315151 2.694155324258485e-05 1.4633614524589245 0.2999999740869744 0.0 0.29589247533658636 6.838155865968022e-07 0.25935837806702233 0.5125050740270151 73.74758836634626 21.0 -18.99542055110632 0.7892871944836379 56887.215 56973.028 6 19 "Minimization exited successfully."
01291794 18 0.3951 57276.118845485486 1.1381632630907968e-05 0.07293814801864906 0.2999999998863349 0.0 1.5424781315377913 8.794113414242737e-07 0.958848925146744 0.5125006961876273 3.288611064310233 14.0 -18.82566555606593 1.0235506472131881 57252.296 57356.174 4 14 "Minimization exited successfully."
01291957 15 0.36 56906.083945629754 1.4639589210022064e-05 0.8459042154496581 0.2999999964653905 0.0 0.5810512652642501 5.923799093712769e-07 0.4682314650724462 0.34408386296573845 19.33117383606875 11.0 -18.86155446406178 0.8901790459211973 56877.186 56980.031 4 11 "Minimization exited successfully."
01292145 19 0.4925 57272.66051126965 5.233616144320608e-06 1.4951715358908997 0.2999992058266107 0.0 1.9557946970126068 4.7408477080040914e-07 1.0681314380081914 0.5130295609067351 8.567218262110313 15.0 -18.554209779545914 0.7841527229619807 57252.296 57356.174 4 15 "Minimization exited successfully."
01292195 0 0.8293 nan nan nan nan 0.005 nan nan nan nan nan nan nan nan nan nan 0 0 "Empty table passed to fit_lc."
01292332 25 0.2735 56901.17265462962 2.9596567606043902e-05 0.9650228947006609 0.2999997350888242 0.0 0.6443095863251074 1.0409524229329503e-06 0.4260351216870033 0.5129231648739695 39.179567506232225 21.0 -18.933393065527365 0.8704455330351735 56890.333 56973.19 3 22 "Minimization exited successfully."
01292336 25 0.2336 56902.54301202156 5.736570784088957e-05 -0.138905774925965 -0.06914731774242763 0.0 6.829763151472434e-06 1.5013646920142286e-05 0.2589603234525526 0.1571100818083423 50.5664659925378 21.0 -19.25603227178186 1.083194682035316 56890.333 56973.19 3 22 "Minimization exited successfully."
01292560 27 0.2248 56904.79357722811 9.886420491138083e-05 0.37026358389248104 -0.22568393989555816 0.0 0.23687892742600525 1.6685367069337044e-05 0.16748855056709577 0.10374190311885617 78.85901516954723 23.0 -19.755359607451485 0.9953481184180966 56890.263 56973.042 5 22 "Minimization exited successfully."
01293319 29 0.2969 56913.41702561556 4.6473914339095757e-05 1.792261650286342 -0.09065357655602416 0.0 0.3397218375284865 5.768843789510922e-06 0.29405067995776113 0.08616589399832121 63.461213319515025 25.0 -19.625029937955354 0.7471933887661137 56887.272 56980.072 6 23 "Minimization exited successfully."
01293758 18 0.1472 56881.771667371635 0.0002100443673042879 1.999999999939135 -0.2999998174077854 0.0 0.5478892301107408 7.5305563681155095e-06 0.011698212268004493 0.08049249249017884 1153.737288870494 14.0 -19.555946311674482 0.7177264962393721 56891.384 56980.044 0 18 "Minimization exited successfully."
01294014 6 0.3627 56968.795194207254 4.068727676731498e-06 -0.5705896829900938 0.2876111163535476 0.0 6.0040708275737416 4.42998308009951e-06 2.552061508476366 0.4995760137979356 86.93063538589774 2.0 -17.489035570873334 1.1452775897730767 56903.404 56990.199 3 3 "Minimization exited successfully."
01294743 25 0.3126 56914.49774908875 1.3546486402024605e-05 -0.32307154211631417 0.2999998840517945 0.0 0.0006971144466660917 3.2838396335499453e-07 0.41862953959681715 0.1203367443661009 15.973036814993446 21.0 -18.418662349576653 1.0966451720407413 56890.285 56980.127 5 20 "Minimization exited successfully."
01295027 19 0.4254 56910.54173990666 9.296057979135687e-06 0.2961544674571708 0.2978104973292793 0.0 1.6539171097138023 2.0052174779405793e-06 1.1374005845782162 0.5599461690613825 11.269633022131098 15.0 -18.796303099560756 0.9840334636408556 56887.275 56992.069 3 16 "Minimization exited successfully."
01295256 17 0.4425 56928.300221598976 8.680806949268316e-06 -1.032303600153154 0.29763451073668595 0.0 0.8141222876802203 1.469926473086913e-06 0.6684149123904832 0.5984035391539722 7.6406546220492535 13.0 -18.823114543583085 1.238811007106019 56904.303 57012.089 4 13 "Minimization exited successfully."
01295305 18 0.6117 56915.844392162064 9.050617959568963e-06 -0.7959399894741281 -0.29852184172074314 0.0 0.7536372694194142 9.974342987315032e-07 0.6486245695978554 0.5981413337198835 23.567869999491176 14.0 -19.716646571752506 1.2313774001667426 56890.285 57005.143 3 15 "Minimization exited successfully."
01295921 13 0.5239 56914.53956778422 5.797704037310836e-06 1.410195517774122 0.2999999870985052 0.0 2.5181959378605825 5.870552981623869e-07 1.234116183131205 0.5127488284295849 8.47547792111747 9.0 -18.82698131415232 0.797874808271871 56890.393 56990.201 2 11 "Minimization exited successfully."
01296273 16 0.397 56927.21581204877 4.024759323239813e-05 -0.18551794353230422 -0.2995805540570058 0.0 0.9815837651294714 3.99619018041364e-06 0.4210738906695708 0.5699941312716843 21.90119114522819 12.0 -20.208707310458866 1.1044598655533164 56903.391 57003.049 3 13 "Minimization exited successfully."
