analysis_pipeline/fit_results/des_4_salt2_2.4_blue.ecsv
# %ECSV 0.9
# ---
# datatype:
# - name: obj_id
#   datatype: string
# - name: num_points
#   datatype: int64
# - name: z
#   datatype: float64
# - name: t0
#   datatype: float64
# - name: x0
#   datatype: float64
# - name: x1
#   datatype: float64
# - name: c
#   datatype: float64
# - name: z_err
#   datatype: float64
# - name: t0_err
#   datatype: float64
# - name: x0_err
#   datatype: float64
# - name: x1_err
#   datatype: float64
# - name: c_err
#   datatype: float64
# - name: chi
#   datatype: float64
# - name: dof
#   datatype: float64
# - name: b_max
#   datatype: float64
# - name: delta_15
#   datatype: float64
# - name: tmin
#   datatype: float64
# - name: tmax
#   datatype: float64
# - name: pre_max
#   datatype: int64
# - name: post_max
#   datatype: int64
# - name: message
#   datatype: string
# schema: astropy-2.0
obj_id num_points z t0 x0 x1 c z_err t0_err x0_err x1_err c_err chi dof b_max delta_15 tmin tmax pre_max post_max message
[from data line 53]
01296273 31 0.397 56927.14125607545 2.5780788766577302e-05 -0.04856376485867964 -0.13541438187693636 0.0 0.5966527225682512 7.467077181133587e-07 0.35000532223771263 0.04017351832380299 57.02881115386327 27.0 -19.72162537985551 1.0693652297111527 56903.386 57003.047 6 25 "Minimization exited successfully."
01296321 13 0.1844 56930.96325817492 8.007974370852489e-05 0.6800509540880837 -0.2999609662726296 0.0 0.00017775612650439143 1.8847822280496044e-06 0.36152217625541594 0.43182868737290736 9.771947997294259 9.0 -19.04685366470664 0.9424961566113339 56915.267 56990.183 3 10 "Minimization exited successfully."
01296657 8 0.1462 56923.57374180019 0.00014213231805633165 1.063081493595547 0.01408918437416612 0.0 0.33808333682100056 1.0565577555944616e-05 0.62308703118955 0.045816124428499055 1.8568075903650736 4.0 -19.10998457140471 0.8649475648472595 56904.221 56973.075 3 5 "Minimization exited successfully."
01297026 13 0.2585 56928.868814092624 4.979620602511004e-05 -0.07691940956678778 -0.29999174932002776 0.0 0.5444222026708303 1.2952967794452306e-06 0.43805588004215035 0.5970892875188143 14.657911049609192 9.0 -19.35681453026794 1.0831303888690833 56915.203 57001.06 2 11 "Minimization exited successfully."
01297465 14 0.2778 56938.92186275762 2.7664213787897963e-05 1.2066786252083395 0.29997891991185993 0.0 0.1915372805451625 4.404508271993457e-07 0.2055714140578333 0.44435208379388885 40.81592659650207 10.0 -18.89922825936815 0.8308680228528473 56912.304 57005.249 5 9 "Minimization exited successfully."
01298281 15 0.2351 56930.497819454205 5.0279938699263066e-05 -1.4563177224333579 -0.29993599678161587 0.0 0.3806198428683274 1.5918386174790238e-06 0.3591091332748968 0.5760626593637423 25.099542134211003 11.0 -19.132079578025206 1.385416770067195 56915.267 57003.045 3 12 "Minimization exited successfully."
01298893 4 0.1962 56935.247171469884 4.8162937520357385e-05 -2.9999686517633015 0.29974246959572287 0.0 2.857156486283202 8.023906428655805e-06 3.5670774471263114 0.5826039307887365 1.0474097770441442 0.0 -18.643440055576505 1.7582097361489915 56943.247 56992.064 0 4 "Minimization exited successfully."
01299643 33 0.38 56941.16687066957 2.531656006447003e-05 0.5925368423887303 -0.10517464282292205 0.0 0.37875017931946786 9.897521418306125e-07 0.3266989139227239 0.04161001344199086 58.526237853893036 29.0 -19.589775412149717 0.9503934615085505 56912.346 57018.075 6 27 "Minimization exited successfully."
01299775 6 0.1598 56941.08259432624 0.00016276198087230022 0.24068033637633945 -0.29941289030675844 0.0 0.5662428285104397 1.438261866058416e-05 0.4719917606270392 0.5971441554863692 9.368882645568998 2.0 -19.472699797950646 1.0224860652150447 56927.224 57001.29 1 5 "Minimization exited successfully."
01299785 33 0.3813 56943.4859024754 1.737874882393742e-05 -0.2865606672544958 0.05844623681671923 0.0 0.7291602710283769 1.1800021734037491e-06 0.49281908006489816 0.07341067831437659 10.298780817462223 29.0 -19.189126546694972 1.1044765716792568 56920.294 57025.076 7 26 "Minimization exited successfully."
01300516 17 0.3104 56949.98488551931 3.1560995693361016e-05 1.2509831354370222 -0.2999159140713556 0.0 0.46852387393664685 1.0198054382445913e-06 0.45636698755240435 0.5797305361227122 8.288261102092772 13.0 -19.32008040485928 0.8435205714202354 56923.291 57018.088 6 11 "Minimization exited successfully."
01300912 32 0.3376 56946.42682556035 1.948763464703074e-05 -0.4051468786603025 0.059227808948324245 0.0 0.19784157306639827 5.316377232861276e-07 0.15548237142314703 0.02580765691208256 43.15283626217456 28.0 -19.00323486049653 1.1276153117797136 56920.205 57018.21 10 22 "Minimization exited successfully."
01301933 16 0.3299 56953.37923790663 3.140625456653501e-05 -0.03221061923107982 -0.13757942614887142 0.0 0.18314944402663969 3.27911926303326e-06 0.14340493528834464 0.2207199479201597 14.968238835102504 12.0 -19.463847331446154 1.0663521337353714 56924.193 57025.1 5 11 "Covariance may not be accurate. Covariance not positive definite. Covariance forced positive definite."
01302058 14 0.1984 56959.716643310814 0.00011261784706053658 0.6453823375958674 0.008626732083942212 0.0 0.7581791501470434 0.0002000977722733749 0.6575830091093011 0.38510664209441187 37.172558727341325 10.0 -19.589711446957097 0.9364398719254936 56935.363 57025.074 4 10 "Minimization exited successfully."
01302141 22 0.6088 57282.34755549805 7.866385677193777e-06 -1.001987310148098 0.07401712107620634 0.0 1.5467131629229698 8.194918601600598e-06 1.063814087872829 0.48650180248160935 15.810391255276725 18.0 -19.547676611396756 1.2500060932857693 57248.408 57365.041 7 15 "Covariance may not be accurate. Covariance not positive definite. Covariance forced positive definite."
01302187 9 0.2195 56953.28925620805 7.400032550529956e-05 -0.4646342159621941 -0.2796184572518478 0.0 0.8560634192217549 3.679890979304823e-05 1.0361259613124634 0.32244989933926865 1.2730936016993775 5.0 -19.383178736712207 1.1598234495434276 56932.171 57012.201 3 6 "Minimization exited successfully."
01302523 28 0.4239 57288.81445274236 1.5990045439659428e-05 0.31592104253298725 -0.02500001608701058 0.0 0.32878998177329777 5.085807628035784e-07 0.31303698553451165 0.03934278626845396 25.414679927916545 24.0 -19.371279631893955 0.9962646924236509 57265.391 57372.059 6 22 "Minimization exited successfully."
01302648 13 0.2319 56948.661689292014 4.1874473048325594e-05 -1.1893191763355118 0.299996924736361 0.0 0.44760924175716355 1.2647609194393894e-06 0.3919989351489639 0.5932253859743114 32.99121353295206 9.0 -18.90042314961181 1.2723639051847577 56925.16 57017.076 3 10 "Minimization exited successfully."
01303004 18 0.2949 56960.86625571411 4.721808739381883e-05 1.4726660627198882 -0.2999477914098293 0.0 0.25436115363118006 1.0125595376303504e-06 0.2973500770940043 0.5094818354847387 36.514657335388094 14.0 -19.629032438194905 0.8060979773055585 56936.363 57033.042 5 13 "Minimization exited successfully."
01303279 8 0.1724 56966.092188872906 0.0002403424040404306 1.214932319451087 -0.2989902452639393 0.0 0.5400446699059103 1.987775557898142e-05 0.6945064926064612 0.5993426558594483 49.0062711844907 4.0 -20.078584873575515 0.849618495268686 56943.232 57033.164 2 6 "Minimization exited successfully."
01303496 10 0.1798 56966.19979400065 6.797946873976779e-05 -0.377848001437572 0.2997730774867558 0.0 0.3371987433929462 2.632757136533656e-06 0.4212107801186926 0.5764489664292036 24.46763072734128 6.0 -18.807698380168386 1.107084276233607 56943.18 57032.147 3 7 "Minimization exited successfully."
01303883 17 0.2591 57286.32225857194 4.429959090768987e-05 -0.2068630686260704 0.29991685608512947 0.0 0.2945108873936988 1.2964510240492944e-06 0.39119002968691885 0.5016796551314715 52.89960788854536 13.0 -19.235920106681963 1.0747986835567005 57265.225 57356.122 3 14 "Minimization exited successfully."
01303952 21 0.5626 57286.933967938734 1.2094337255427745e-05 -1.2466086559291683 -0.29956938225900037 0.0 0.9344904805693659 1.2959456085176456e-06 0.8854892792856439 0.35943808780106623 25.20433397633306 17.0 -19.810157782029883 1.3343170655619652 57249.283 57373.055 7 14 "Minimization exited successfully."
01304127 21 0.7286 nan nan nan nan 0.005 nan nan nan nan nan nan nan nan nan nan 0 0 "No bands in data overlap the model."
01304442 2 0.2171 56965.217627308244 7.676747861145028e-05 0.15020605250517827 -0.0677893358903795 0.0 5.836988676976034 5.343590800006014e-05 3.436231941278818 0.30227962083519605 6.657982907917748e-05 -2.0 -19.392900265327718 1.0285938148889393 56943.355 56990.214 1 1 "Covariance may not be accurate. Covariance not positive definite. Covariance forced positive definite."
01304678 10 0.2188 56963.77838281905 6.877765709042417e-05 -1.1790381457192551 -0.29945707141170963 0.0 0.9364455683426058 7.98439102241838e-06 0.9572618432833899 0.4096910316904538 3.3963347346528314 6.0 -19.29604624124073 1.3183123367034177 56943.232 57033.164 3 7 "Minimization exited successfully."
01305504 14 0.4956 56973.32887957252 1.3190979319521735e-05 -0.22639297675233871 -0.299952476409066 0.0 0.5926053348848654 3.5607172309687335e-07 0.38151302110697394 0.5434492917583715 4.036022618410204 10.0 -19.572331098802746 1.1126036822308905 56943.274 57039.041 4 10 "Minimization exited successfully."
01305626 15 0.3257 56975.29366489975 3.095920432332477e-05 -0.15797885905165954 -0.1094244180193912 0.0 0.20382999978755834 3.2021427578146646e-06 0.14890058231218495 0.21678196875258743 16.163466568451373 11.0 -19.415447781984255 1.0890532647120494 56949.133 57044.076 4 11 "Covariance may not be accurate. Covariance not positive definite. Covariance forced positive definite."
01306029 38 0.4289 57279.58615678977 1.2635182520948086e-05 1.689007518822077 0.08682367297363675 0.0 0.9767089380875404 6.165199325294801e-07 0.6267434313346769 0.062023040459073975 45.785103964832075 34.0 -19.14770390847255 0.7592542165872445 57248.391 57355.214 12 26 "Minimization exited successfully."
01306073 15 0.3286 56972.12089644644 2.5426442123552274e-05 -1.1978849106575824 -0.2996980891765876 0.0 0.4606789355384535 1.0423147609836546e-06 0.30733617216014997 0.362228669949126 2.4314436752725004 11.0 -19.227345571697477 1.3227704769193487 56949.136 57044.076 3 12 "Minimization exited successfully."
01306141 32 0.3324 56977.55389347255 3.2783413099901625e-05 0.059136070829951315 -0.08348238731922095 0.0 0.00023017527200863697 1.2802430029629206e-06 0.2951849800629871 0.04306290629101735 26.190766306841812 28.0 -19.52902904516088 1.0463338647412144 56949.339 57051.149 8 24 "Minimization exited successfully."
01306360 19 0.4494 57281.25828025767 1.6086372755969027e-05 -0.9350560646991193 -0.2994330426758159 0.0 2.204454449514742 2.103379177599563e-06 1.418609747232429 0.35782579710878737 6.412595856003034 15.0 -19.532581516820514 1.2622681325209264 57255.415 57355.242 4 15 "Minimization exited successfully."
01306390 34 0.407 57280.3321176511 9.345706370081364e-06 -0.1756973518548972 0.16741847786545427 0.0 1.7804157266946277 9.308064646981756e-07 1.0227350151850445 0.12755429138235172 5.700811947562197 30.0 -18.68449402349063 1.0768714310361638 57253.403 57355.228 6 28 "Minimization exited successfully."
01306537 19 0.4795 57287.49662815905 1.141891242039117e-05 0.7229685571390627 0.29986298447335796 0.0 0.7893405543181871 8.02344587318149e-07 0.9903720023413136 0.5969254954375005 20.8818311844316 15.0 -19.330657763438595 0.910739955403006 57265.368 57372.241 4 15 "Minimization exited successfully."
01306626 36 0.4095 57284.834244257305 1.9430826638588972e-05 0.4940153058206609 -0.04477033115327855 0.0 0.4391090320714284 8.832070694228537e-07 0.45125645093882305 0.04940870364594588 31.081426839998127 32.0 -19.493954283938244 0.9652800218377813 57255.413 57355.242 8 28 "Minimization exited successfully."
01306785 11 0.5787 57283.65059495805 8.394774391567994e-06 -0.12192240518133257 -0.05882249819660154 0.0 4.204902300894901 1.1109273826159784e-05 3.9118548182428885 0.35463818511381173 1.7414662184433132 7.0 -19.484533428088493 1.079374784356304 57248.423 57311.111 6 5 "Covariance may not be accurate. Covariance not positive definite. Covariance forced positive definite."
01306980 22 0.5489 57282.877054731944 7.346652760770178e-06 -2.4740452094931733 0.29118559438812835 0.0 2.000526438212546 3.504816616822782e-06 1.1071380181251491 0.5036517191186203 11.7383984565599 18.0 -19.20378345919929 1.595714539695276 57252.233 57372.036 6 16 "Minimization exited successfully."
01306991 35 0.4217 57288.3000701396 1.8322510435769825e-05 -0.13772599171998534 -0.02942158654177429 0.0 0.9094605042737385 2.2566598201601014e-06 0.956562474702489 0.14715345624649856 12.718545501826636 31.0 -19.505381579607917 1.080804079219984 57265.212 57365.041 10 25 "Minimization exited successfully."
01307277 36 0.4107 57284.16655653741 1.0711233845714375e-05 -0.38939818659319503 0.2482238021794762 0.0 1.059721894813265 1.192882456757527e-06 1.0790185634566674 0.11013719683703393 19.553586928285423 32.0 -18.857543097489486 1.1126271952162128 57256.295 57365.112 8 28 "Minimization exited successfully."
01307830 31 0.3493 57286.23212722328 1.850683127173347e-05 -1.7757072968090473 -0.04508485019493891 0.0 0.2521838438078703 5.330156033392382e-07 0.23446990276826174 0.03840673660335611 24.757615338446193 27.0 -19.032847640054854 1.443107550613263 57257.281 57356.144 7 24 "Minimization exited successfully."
01308314 37 0.4065 56977.632676738285 1.6756462395342566e-05 -0.2663982688348616 -0.05102770103395399 0.0 0.3956783020985313 4.977679533502141e-07 0.3108365898069849 0.04102016965686635 31.84198876184147 33.0 -19.31374716756623 1.1069137461746834 56943.18 57051.149 12 25 "Minimization exited successfully."
01308326 16 0.3262 56976.65316095614 3.475632857455335e-05 0.34060277606355926 -0.29336912991143044 0.0 0.4410068773177045 6.309062447068524e-06 0.4024796096297225 0.3299848528490843 11.849905085009508 12.0 -19.548999978271382 1.0036730232966633 56956.143 57045.109 4 12 "Minimization exited successfully."
01308568 19 0.6431 57292.66650851769 5.698732360334691e-06 1.9999905201323163 0.2998529011908518 0.0 1.6941282488332945 5.109301751085595e-07 3.8109619847927805 0.3116801409854028 20.26770909111525 15.0 -19.35026290823179 0.7023767763189994 57256.269 57379.063 5 14 "Minimization exited successfully."
01308582 29 0.3669 57287.5517584379 2.5150589213498997e-05 -0.632498120193798 -0.056728377341069364 0.0 0.5231966858518717 1.4199352618399226e-06 0.4847198525376616 0.0664382731560315 16.613757010880008 25.0 -19.491738521387415 1.1809119203442187 57265.391 57365.081 6 23 "Minimization exited successfully."
01308884 10 0.0772 57293.492723679454 0.000321021519549361 -1.2079035997930494 -0.2999987327586704 0.0 0.05414204850239912 2.4050631912200804e-06 0.05453462511521456 0.42592416653987974 17.053087669508628 6.0 -18.510387634279944 1.325160212559691 57278.247 57345.255 2 8 "Minimization exited successfully."
01308957 19 0.6187 57289.321910994746 5.69864649393459e-06 1.4160803695441517 0.29856043067215315 0.0 1.8627997024959768 1.0528732527478882e-06 3.8180728290195196 0.4914202433989012 25.068554623396746 15.0 -19.24673617543425 0.7969726006937599 57253.334 57373.055 7 12 "Minimization exited successfully."
01309288 6 0.2684 56987.72711339204 6.733189744465296e-05 1.8413586919159783 -0.2999971697992112 0.0 0.0007679080554225948 2.2243362917119537e-05 4.2900892736804765 0.5944898560060301 1.2037812498090477 2.0 -19.779674879299836 0.7443538682375497 56963.244 57061.06 1 5 "Minimization exited successfully."
01309492 30 0.3335 56993.211588603896 3.458991465721262e-05 0.12968300702756608 -0.08643849521552757 0.0 0.10381131336907856 5.021510439767709e-07 0.1007011663557309 0.014247057527040335 73.58069008116445 26.0 -19.59570800276395 1.0333102969369854 56963.265 57066.064 9 21 "Minimization exited successfully."
01309749 19 0.7893 nan nan nan nan 0.01 nan nan nan nan nan nan nan nan nan nan 0 0 "No bands in data overlap the model."
01310338 26 0.4388 56976.99860722105 1.5831296061341595e-05 -0.10382246810424656 0.06767194524855213 0.0 0.4847588000629912 4.7121674863481733e-07 0.4141482921385742 0.04399002575809688 15.994937233692571 22.0 -19.44974290290449 1.069000993965389 56949.115 57052.039 5 21 "Minimization exited successfully."
01310395 18 0.289 56980.931393099956 3.137227486672556e-05 -1.0947201298014573 -0.299677028279003 0.0 0.3953037562096142 1.3827073671243695e-06 0.3900496773318798 0.397918021951298 8.662309176203722 14.0 -19.13241076356927 1.2986635903221213 56956.206 57052.037 4 14 "Minimization exited successfully."
