analysis_pipeline/fit_results/des_5_salt2_2.4_all.ecsv
# %ECSV 0.9
# ---
# datatype:
# - name: obj_id
#   datatype: string
# - name: num_points
#   datatype: int64
# - name: z
#   datatype: float64
# - name: t0
#   datatype: float64
# - name: x0
#   datatype: float64
# - name: x1
#   datatype: float64
# - name: c
#   datatype: float64
# - name: z_err
#   datatype: float64
# - name: t0_err
#   datatype: float64
# - name: x0_err
#   datatype: float64
# - name: x1_err
#   datatype: float64
# - name: c_err
#   datatype: float64
# - name: chi
#   datatype: float64
# - name: dof
#   datatype: float64
# - name: b_max
#   datatype: float64
# - name: delta_15
#   datatype: float64
# - name: tmin
#   datatype: float64
# - name: tmax
#   datatype: float64
# - name: pre_max
#   datatype: int64
# - name: post_max
#   datatype: int64
# - name: message
#   datatype: string
# schema: astropy-2.0
obj_id num_points z t0 x0 x1 c z_err t0_err x0_err x1_err c_err chi dof b_max delta_15 tmin tmax pre_max post_max message
[from data line 189]
01340454 43 0.334766569416623 57373.99686934392 1.4891727029456293e-05 0.5149970610603032 0.22666101066144922 0.015746507433232165 0.3412429208365211 6.691803706479472e-07 0.42922981347002453 0.039987669490019195 34.61188872713252 28.0 -18.69305574804146 0.9494399413229502 57345.312 57425.153 15 28 "Minimization exited successfully."
01341370 32 0.4215936229114683 57376.49784778355 1.5197659239066242e-05 1.2182693157048687 -0.008939749591649948 0.013621855470306837 0.38372278059250675 6.736188618114427e-07 0.5670698532242437 0.03443596916879993 13.699006650057058 19.0 -19.30279585061735 0.8397905629236924 57347.076 57403.052 16 16 "Minimization exited successfully."
01341894 28 0.3119156876617821 57390.0847907338 2.9154899621314237e-05 -0.04725268197095467 -0.042145676553703826 0.026465728633440683 0.4827962961899175 8.697027218479439e-07 0.3618724034381793 0.05545091541419443 6.746438372677702 16.0 -19.24071215739027 1.064255477834969 57365.051 57427.057 16 12 "Minimization exited successfully."
01342255 25 0.26343404851222557 57390.79272015583 8.443844910220877e-05 0.3178144598755299 -0.14011861645029475 0.01223542163630248 0.15264901993941749 9.612120801555407e-07 0.18849087534643805 0.016512581349627728 11.37335907635898 14.0 -19.973865310771856 1.0011785109293747 57365.107 57428.056 16 9 "Minimization exited successfully."
01343208 36 0.4925061782415057 57390.78557073197 1.070096240745333e-05 -0.03102940183560321 -0.030264226254821613 0.027436007006205715 0.5221102399518713 2.4919503064518844e-07 0.3761973902007476 0.0359281909960386 12.232880316494391 21.0 -19.324555310829737 1.0605610225347348 57355.251 57426.117 22 14 "Minimization exited successfully."
01343337 31 0.3309190763446264 57393.83828620823 1.7511857207946904e-05 1.1601738170278226 0.1673073730341444 0.014696353103719584 0.7196541541816259 8.002058096492903e-07 0.6849480636019047 0.0446871340195579 20.04756256024112 18.0 -18.839079345135907 0.8433023323260223 57372.223 57426.147 15 16 "Minimization exited successfully."
01343401 24 0.39554358973347586 57395.247053257066 2.474630592942395e-05 1.133923725320245 -0.07235682241422575 0.02823268419489902 0.9726735692966031 1.1905956994823216e-06 0.8850326040059779 0.06332096815827319 3.8339727136130497 13.0 -19.66805516476794 0.8560465250563531 57372.046 57427.057 16 8 "Minimization exited successfully."
01343533 31 0.36653500598870487 57389.454772417725 1.5320825573048037e-05 -0.553942214464616 -0.0035003313842792427 0.044632446032094764 1.1760037746389571 1.1457453526791943e-06 1.2107223394616007 0.10947705848007015 9.666969752457533 18.0 -18.950944625599924 1.1613555818906072 57365.036 57407.048 19 12 "Minimization exited successfully."
01343759 32 0.5772340625535329 57396.72023201268 1.2614928507748147e-05 0.3436478470572961 -0.1974464380213644 0.03269424223774503 0.5138655963237397 4.6061126233315486e-07 0.32188758278807694 0.03614114409458476 27.912609154156627 19.0 -19.922114999911237 0.9989944088610585 57365.133 57426.118 20 12 "Minimization exited successfully."
01343871 28 0.541344361591752 57388.26593026758 7.0557358309575324e-06 0.7652184253059136 0.04246144930310447 0.03048979621935155 0.9885745267274615 3.332390298690923e-07 0.7805248309257089 0.07202670139149014 12.402061616340339 16.0 -19.12074604630088 0.91437401245026 57355.223 57408.057 16 12 "Minimization exited successfully."
01344692 28 0.3510604275729766 57393.45961540284 8.690997137461576e-06 -1.9703238278800714 0.2636341394016039 0.029903866683602953 1.1839607547299238 8.027363755130914e-07 1.443511090737189 0.09699674830259436 4.55810422468688 16.0 -18.228631987174865 1.461115563878085 57366.054 57427.068 16 12 "Minimization exited successfully."
01345553 24 0.2809319604901444 57393.90205345303 3.542400217305119e-05 0.32836056213677844 -0.08742050994215583 0.02317301736736005 0.4450476403144421 9.568310389215795e-07 0.46770758076531305 0.027724461823453575 9.063556252863776 13.0 -19.190333520068847 0.9968812151363338 57372.046 57427.057 12 12 "Minimization exited successfully."
01345582 28 0.49415117774414385 57399.49064900169 1.5121342934926175e-05 0.7345858510092556 -0.09557914793835764 0.10282941677157559 1.5326582191919442 5.974365003519323e-07 1.3836658297466506 0.08726412989304838 9.426827510558244 16.0 -19.709656533733465 0.9251275405384618 57365.051 57427.057 20 8 "Minimization exited successfully."
01345594 23 0.3560395640010105 57396.720261946415 2.0506761915006777e-05 -0.45492430411762275 -0.005627145911285603 0.02985080648891489 1.0031761798127263 1.2086030546448742e-06 1.1177240357630072 0.07210726430492541 9.298218678786746 12.0 -19.193465563235854 1.141515273146215 57372.046 57427.057 16 7 "Minimization exited successfully."
01346137 28 0.3475322594491846 57402.92264492016 2.1005911112637057e-05 0.7880152284007265 0.053550007025329305 0.022790346496837255 0.8909708237042651 8.406316136452818e-07 0.7287271049642472 0.05656309351455063 3.825296385689237 16.0 -19.15911258105216 0.9100279971326586 57375.046 57425.153 20 8 "Minimization exited successfully."
01346387 28 0.354832719185953 57394.89263695121 1.6748607951061478e-05 -1.8167787409709653 -0.0027751565924545862 0.005467171280070876 0.1738576500538329 2.6681781556264806e-07 0.278353511069408 0.014159078749072102 14.387067985335094 16.0 -18.964360865779987 1.449439421881337 57372.127 57426.118 15 13 "Minimization exited successfully."
01346956 20 0.33451498511189554 57411.97276411741 3.609577107881734e-05 0.8058249394455466 -0.1083597881328601 0.014050242931834794 0.3042210689854983 9.63139634359289e-07 0.32519268174748905 0.025063804936902495 24.083864227385526 10.0 -19.650421891149506 0.9132633013240792 57387.178 57426.147 16 4 "Minimization exited successfully."
01346966 27 0.3058106307380221 57407.043610081804 3.689394800187873e-05 0.33960933476613375 -0.05620297375368416 0.024745789312315386 0.5092403132221079 7.146512859462793e-07 0.3572511678342678 0.030903015301617195 9.483780814821646 15.0 -19.446906861820292 0.9934234653361038 57376.057 57426.147 19 8 "Minimization exited successfully."
