analysis_pipeline/fit_results/des_5_salt2_2.4_blue.ecsv
# %ECSV 0.9
# ---
# datatype:
# - name: obj_id
#   datatype: string
# - name: num_points
#   datatype: int64
# - name: z
#   datatype: float64
# - name: t0
#   datatype: float64
# - name: x0
#   datatype: float64
# - name: x1
#   datatype: float64
# - name: c
#   datatype: float64
# - name: z_err
#   datatype: float64
# - name: t0_err
#   datatype: float64
# - name: x0_err
#   datatype: float64
# - name: x1_err
#   datatype: float64
# - name: c_err
#   datatype: float64
# - name: chi
#   datatype: float64
# - name: dof
#   datatype: float64
# - name: b_max
#   datatype: float64
# - name: delta_15
#   datatype: float64
# - name: tmin
#   datatype: float64
# - name: tmax
#   datatype: float64
# - name: pre_max
#   datatype: int64
# - name: post_max
#   datatype: int64
# - name: message
#   datatype: string
# schema: astropy-2.0
obj_id num_points z t0 x0 x1 c z_err t0_err x0_err x1_err c_err chi dof b_max delta_15 tmin tmax pre_max post_max message
[from data line 146]
01334423 28 0.3344810635547612 57335.8146436034 2.077133824495703e-05 0.7838911260988373 0.0030449433921810876 0.07398020808100969 1.0136183485738002 1.851368024891054e-06 0.8351156104399045 0.05994961596069448 12.61752513336105 23.0 -19.049610994566805 0.9127402225401902 57312.14 57408.055 10 18 "Minimization exited successfully."
01334448 16 0.41099646495577186 57331.55027960672 6.735788609010807e-06 -1.557237067947292 0.2999999534576771 0.01672432000408086 1.497162246334483 1.53871182802523e-06 1.807893806290851 0.3131417356998835 4.381113966338264 11.0 -18.35671542452987 1.3554323886665536 57301.284 57402.053 7 9 "Minimization exited successfully."
01334470 15 0.46572534985930397 57332.1554099709 8.312811939298336e-06 0.1894223880932877 0.2989163593984238 0.07314381485120497 1.6361795193879516 1.1884148911706088e-06 1.0716082043833866 0.5410340064213892 5.405698107387433 10.0 -18.909627905428696 1.0027990518579415 57305.283 57402.053 6 9 "Minimization exited successfully."
01334597 12 0.29859934901402085 57344.04885847529 4.6133597913694535e-05 0.9763852730284781 -0.21538635003184967 0.01307054412268574 0.3439432542472787 1.5498593537599528e-05 0.34269142232743866 0.5257968751038398 5.865377962003353 7.0 -19.632315906043665 0.8877043065299723 57315.241 57406.101 5 7 "Minimization exited successfully."
01334620 15 0.16447507693694552 57335.1687532601 7.023198642889528e-05 -0.2059463196029312 -0.29817085473038757 0.06276228734230506 0.5180446719678002 1.6362597703510617e-05 0.5827745859923299 0.47963179744963724 9.988190742589468 10.0 -18.628749909083904 1.1084411382413641 57311.282 57403.062 5 10 "Minimization exited successfully."
01334644 15 0.27889975178344023 57332.11677633239 2.9574853905731116e-05 -2.350568953166203 0.15883347151325583 0.4888730063015902 70.57272446661227 0.030230613074180148 2.732897505095753 0.3193998594534647 5.117913317720281 10.0 -18.975967051840836 1.5770081508922509 57311.282 57403.062 5 10 "Covariance may not be accurate."
01334645 12 0.20829573918617472 57335.646521736766 5.292689660508776e-05 -0.5436940876862328 0.12200500506899686 1.9952949847912294e-09 0.00012553451233543456 1.0436925082030204e-05 0.3727227582690529 0.20630423568981493 14.333194071399525 7.0 -18.888304702513427 1.1511262419095978 57311.282 57403.062 4 8 "Covariance may not be accurate."
01334707 31 0.6449240237630222 57340.10929237964 8.1017462424976e-06 0.257797755866223 -0.299408480459492 0.048672308158355326 1.0232758657584782 3.66063075762924e-07 0.4378817894355027 0.5333528008389896 9.665965700714487 10.0 -19.737406403539207 1.0192903858968698 57304.307 57426.071 11 20 "Minimization exited successfully."
01334879 16 0.5777180683916976 57334.008926186776 4.750586749804886e-06 -1.0845484282491493 0.2983584343465902 0.029661941844110473 1.0695017913676566 3.631119660660321e-07 0.5867963744762653 0.564387918869746 9.583256387750179 11.0 -18.86605232189619 1.2498790483155204 57302.267 57425.071 5 11 "Minimization exited successfully."
01335472 14 0.5212073919594199 57343.755615763956 1.2844641271314573e-05 0.6575112084500265 -0.2994104532830814 0.05660111353948441 1.2282466802535055 1.9942201674505448e-06 1.002803779616156 0.30593931002741426 5.521895621084742 9.0 -19.675957934299884 0.9464864346435284 57311.025 57403.049 6 8 "Minimization exited successfully."
01335564 15 0.5498487692993445 57341.70940273926 6.569847932297313e-06 -0.8723872689549177 0.29575469925289893 0.08385167643980221 2.2492139478017634 1.5946326431953706e-06 1.7581917544810401 0.3118779002510292 5.640977771031493 10.0 -19.087811260048973 1.20550830504979 57311.284 57427.068 6 9 "Minimization exited successfully."
01335694 11 0.2588308264472835 57347.61655296474 4.424800834590403e-05 0.8025470086006576 0.29998731027601505 0.011576540199698976 0.19708451951373718 7.411520564465375e-07 0.21777588110769086 0.44750571544511564 17.468655169948168 6.0 -19.232832686206173 0.8974057680054699 57325.214 57408.053 5 6 "Minimization exited successfully."
01335717 13 0.329477788109933 57347.12594379247 1.9859829774201976e-05 0.019504388330034317 0.2998339955331913 0.019779111309415703 0.3775406312815903 3.5855002654683264e-07 0.2445797478704521 0.5799215281045034 2.8550236218745786 8.0 -18.967015315603224 1.0332045722910408 57325.182 57408.092 4 9 "Minimization exited successfully."
01335718 29 0.6957206395254192 57351.781616362074 6.046305490389759e-06 0.46017539284059605 -0.29961623452109776 0.04857545658698742 0.5504792988031113 6.351580640481803e-07 0.4520004035980081 0.4354727540969002 11.931204577350375 9.0 -19.621602388524998 0.9820214031080567 57318.106 57426.067 11 18 "Minimization exited successfully."
01335868 17 0.6864986025169266 57347.21498605512 6.363607340881261e-06 0.5107014164018926 0.2994488219629324 0.059648585040261215 1.4060026502484106 6.392264335977615e-07 1.113099798571185 0.3364513328203093 8.725291623094773 12.0 -19.642006081042894 0.946773107597199 57315.234 57425.151 7 10 "Minimization exited successfully."
01336008 24 0.5016384304509954 57348.545733811945 1.808788967173902e-05 0.3506174859273852 0.07052342410999934 0.04829799432477477 0.5312241670580988 5.71111187960828e-07 0.4124079902933966 0.05565877824214391 9.940372443750302 19.0 -19.94300853326037 0.985565370966345 57325.012 57403.049 11 13 "Minimization exited successfully."
01336009 25 0.5407751342304846 57346.11103587616 1.2628715276352676e-05 -0.35568202306548136 0.12595366750768222 0.03487646598911914 0.5590640279406216 5.177683559662308e-07 0.4285694574947654 0.09907372965851399 7.446503886935853 20.0 -19.75000084354129 1.1138105620529473 57325.012 57403.049 9 16 "Minimization exited successfully."
01336453 9 0.17092203344954376 57354.59085025092 8.33270188308255e-05 0.6667823494356266 0.2981175763953668 0.04474203306517775 0.42187542740794015 7.941179647956427e-06 0.3144762252083957 0.5397810039611771 6.797365849646538 4.0 -18.907614116870796 0.9202828825548437 57329.171 57403.099 3 6 "Minimization exited successfully."
01336480 7 0.2659001951083077 57350.42337194772 3.58674183359442e-05 0.019099754979908123 0.006328552772543017 0.030395560283986683 0.8653377707632899 5.256422510856035e-05 1.0199092135439072 0.4516532098771659 6.683453861192088 2.0 -19.066271468212328 1.0492268479637588 57329.171 57396.099 3 4 "Minimization exited successfully."
01336687 12 0.2384086210083134 57351.255473554935 3.8314773634273715e-05 0.471736586646597 0.2998784925265045 0.017615332469368472 0.28593262498179683 9.270403784372743e-07 0.25410865619474543 0.5300970240934417 5.837272584926695 7.0 -18.87307329967145 0.9534430208315321 57327.065 57403.062 5 7 "Minimization exited successfully."
01337117 11 0.5932993879235953 57362.88009759063 1.0440336387343431e-05 0.955286591195283 0.29879816271764253 0.036565897652975465 1.2453966628527269 7.793156803298503e-07 0.7350573568280778 0.47165552485669127 12.367533259334593 6.0 -19.792648041154877 0.872100530960946 57329.033 57403.049 5 6 "Minimization exited successfully."
01337221 28 0.6684649232001942 57358.962676857365 6.643839168432586e-06 -1.3411449843522723 0.2927798798139771 0.08246629220952623 1.3700116705731489 1.3177233859823504e-06 0.9788247802492922 0.5604825028131573 8.428695004736719 9.0 -19.616608336484838 1.3065727120255914 57325.027 57407.048 12 16 "Minimization exited successfully."
01337228 14 0.5413321800510966 57357.64057114618 6.8169709706716874e-06 -1.747365865604853 0.020494624209524415 0.08063723253686206 2.0645738354978675 7.583904839700284e-06 1.3330220878504153 0.35678681185816774 7.0083532619912745 9.0 -19.081733075836134 1.4293265786640248 57325.027 57407.046 6 8 "Covariance may not be accurate. Covariance not positive definite. Covariance forced positive definite."
01337272 12 0.5544392572338932 57356.35044369734 8.570041572614206e-06 -1.5215974845931917 0.29898420042012824 0.03751622793008874 1.4880945866752882 1.0185461091702375e-06 1.0462820005580298 0.30031855288888354 6.581124135377339 7.0 -19.39806060303888 1.347165098502856 57325.073 57427.054 5 7 "Minimization exited successfully."
01337325 12 0.6466046329171771 57356.446219124235 8.182166609504993e-06 -1.1474019241419486 -0.2970105382473032 0.08429531119389688 2.094065893012157 1.021240389262324e-06 0.9419019353377236 0.3154049025147195 11.525980129760201 7.0 -19.75405372366359 1.3107161188724135 57325.073 57427.054 5 7 "Minimization exited successfully."
01337649 9 0.27651045412474473 57363.749584269935 5.0079900468585906e-05 1.4114268218690746 -0.2999637769954461 0.022171118232654025 0.5228199340599531 2.298288850152707e-06 0.3103107528435731 0.5489968392537786 4.53448768505552 4.0 -19.531844270031765 0.8163998311802096 57339.165 57408.053 3 6 "Minimization exited successfully."
01337655 10 nan nan nan nan nan nan nan nan nan nan nan nan nan nan nan nan 0 0 "No bands in data overlap the model."
01337687 12 0.3066182372812513 57361.154259073 3.2571381431389935e-05 0.7181311786185338 0.29993553164249215 0.020099827964418115 0.6409257801315107 6.850034425506822e-07 0.3912324210558258 0.5244294513230217 13.063942718423196 7.0 -19.323294663440578 0.9115498628284655 57339.297 57425.149 3 9 "Minimization exited successfully."
01337703 15 0.5645000087018311 57360.36572027708 1.193783345595223e-05 -0.6281047548357135 -0.18915648299223092 0.09222474630367153 3.909533550202468 1.0498870984150532e-05 2.0121375709171554 0.35465645343343777 6.366179602416201 10.0 -19.802575666984303 1.1884474762502428 57325.124 57425.151 6 9 "Covariance may not be accurate. Covariance not positive definite. Covariance forced positive definite."
01337838 11 0.49088693828555535 57366.425949144505 2.6751490095919263e-05 1.262711996506848 -0.2986625706880503 0.03469664660442287 0.3740992462007853 8.827760610494173e-07 0.29008723158260574 0.5511087060120481 33.476298419571464 6.0 -20.316310052686582 0.8414928553344119 57339.151 57427.066 5 6 "Minimization exited successfully."
01338128 11 0.4368042574409975 57368.35355195049 2.1600596906226622e-05 -0.21756515333428883 0.293786267304938 0.08083509862912105 0.755045448011515 2.3738920217925e-06 0.5756834287693409 0.5961806465395594 4.313031457337118 6.0 -19.779651771419253 1.07717168490748 57339.021 57407.044 4 7 "Minimization exited successfully."
01338170 22 0.4235226355321285 57363.33073830271 1.6234597524930618e-05 0.05374197344733478 -0.0737779543496932 0.06830045280170852 0.9107944356182998 2.1484596859272504e-06 0.8260322688521649 0.10944466187249341 7.576631817804485 17.0 -19.385495918483485 1.046856971496716 57339.021 57407.046 6 16 "Minimization exited successfully."
01338233 13 0.6638538333517442 57358.44924928086 5.833370425176177e-06 -0.7122417892703807 -0.29700390747569605 0.10893693856330133 2.418214780100243 1.0755671350698436e-06 1.7279570201722239 0.5442371860703712 3.493021081357979 8.0 -19.456911995808692 1.2131002313865835 57319.281 57427.054 6 7 "Minimization exited successfully."
01338266 40 0.6672874886802087 57366.454882823455 5.589153941426562e-06 -1.0603931640608109 -0.2769600653448612 0.07588370488863022 1.461131101987121 2.5291663192691936e-06 1.0930149675237357 0.31151922546912547 16.83792196772299 14.0 -19.42342876418928 1.289126599949089 57339.037 57427.068 17 23 "Minimization exited successfully."
01338278 10 0.5477518134538623 57365.85466604877 8.872273201171454e-06 0.566628148865056 0.0848884742088043 0.08507663880968463 1.8892468793528678 5.7538175041671465e-06 1.229592933185338 0.3083465305917953 2.4785843332553585 5.0 -19.400551006937615 0.9468805498565978 57339.037 57427.054 4 6 "Covariance may not be accurate. Covariance not positive definite. Covariance forced positive definite."
01338387 10 0.5899949010965102 57363.99851919539 1.0640753842935947e-05 1.218026371281253 -0.2952881066192746 0.049937081016368456 1.8882495774159906 2.2670602037450083e-06 0.9783760828010752 0.3349679213626514 10.088327438369127 5.0 -19.79832240581722 0.8489798117794827 57329.173 57403.101 4 6 "Minimization exited successfully."
01338430 9 0.6314212840022836 57364.397739705375 9.407794421767424e-06 1.0072930119396135 0.2887323302266643 0.10263704590711742 3.8948171621923393 2.0434805427696492e-06 1.533085735719109 0.3072030955027554 0.7631856412309584 4.0 -19.84422498997608 0.8639252838794 57339.122 57403.101 3 6 "Minimization exited successfully."
01338471 11 0.6342916625779315 57354.62367418822 6.2190308715293074e-06 -0.1956870949872478 -0.29617369823923634 0.1131132952318169 3.942082023833791 1.6382290896024833e-06 1.692242900367085 0.38414302153224456 1.595519660493891 6.0 -19.405707562191186 1.106300836798198 57319.137 57403.101 4 7 "Minimization exited successfully."
01338675 17 0.31131847718443045 57371.69502264386 2.0618898258478736e-05 0.17224161881131117 0.07360611849490495 0.011693288330243162 0.2328446880892443 6.306751537343832e-07 0.25827740951243316 0.028172612345007952 4.210518206037226 12.0 -18.86017210486724 1.017539315560633 57339.046 57406.102 7 10 "Minimization exited successfully."
01339002 9 0.3010962175601627 57369.62960716984 1.9143314496752885e-05 -1.3257047881618846 0.2994325230824198 0.049293400245393665 1.210537372433464 1.1651334202292255e-06 0.7779136723584215 0.5431004594484745 1.5528119399162652 4.0 -18.69928787358438 1.3025127851733274 57346.027 57427.066 3 6 "Minimization exited successfully."
01339149 9 0.27831178778567767 57373.91566173602 1.0668473828112646e-05 1.2301395826024972 0.29101303793084304 0.06193038254592706 0.8185681573631882 4.362842714084048e-06 1.2614365428858234 0.514015450846066 1.3419122261164216 4.0 -17.869021163846813 0.8273770922418073 57346.029 57427.068 4 5 "Minimization exited successfully."
01339392 6 0.3006370094621425 57372.4804504183 0.00011273826345019889 0.23737196506507363 -0.12806884441789315 0.09737062992524395 3.8052725516718056 6.686684356217442e-05 2.000488229023139 0.5139829603852912 0.26612813657867085 1.0 -20.61739023876082 1.0153733949229604 57345.331 57426.145 3 3 "Covariance may not be accurate. Covariance not positive definite. Covariance forced positive definite."
01339450 13 0.6050920532943427 57370.60342060848 6.09489375225647e-06 -1.6464505808128522 0.2995579881294465 0.06978135239439165 2.826905280140636 7.619048193643898e-07 1.423368647012525 0.30014036341126127 7.427192526806872 8.0 -19.25873370201523 1.376713817963104 57339.286 57426.147 5 8 "Minimization exited successfully."
01340454 22 0.4327234711675143 57375.333818347994 1.2787252228396717e-05 1.4313556490883155 0.29999840213129464 0.021375894932733674 0.4239616844788543 4.4512029067772535e-07 0.5819498055912429 0.10870671398659937 11.041124023277911 17.0 -19.187768581623953 0.7944559205172261 57345.314 57425.151 10 12 "Minimization exited successfully."
01341370 16 0.4087534246099592 57376.40207386669 1.5478186553041786e-05 1.3662203246598228 -0.027447739103876934 0.039721821975900545 0.496921838272101 1.0575299431422883e-06 0.6535071180214573 0.055422094198556704 9.554405491129604 11.0 -19.243105208972374 0.8158072581808682 57347.079 57403.049 8 8 "Minimization exited successfully."
01341894 7 0.3170896719841213 57390.36892869239 2.460037272607463e-05 -0.24184233599033256 0.29907449984241913 0.052123485352903426 1.2044443923878134 1.618963161582888e-06 0.8886830250061651 0.48574701556802885 1.8265868658543414 2.0 -19.102417425474968 1.0813912527951182 57365.054 57427.052 4 3 "Minimization exited successfully."
01342255 6 0.2583478147557826 57390.672671060165 6.478134079495324e-05 0.20336756934715083 0.29972643664803283 0.05687622816082763 0.33075993144666427 1.3679311125142145e-06 0.9228841569121775 0.5383132211917498 0.5911252542322266 1.0 -19.641601090711017 1.0002840122481231 57365.11 57403.099 4 2 "Minimization exited successfully."
