analysis_pipeline/fit_results/des_4_salt2_2.4_blue.ecsv
# %ECSV 0.9
# ---
# datatype:
# - name: obj_id
#   datatype: string
# - name: num_points
#   datatype: int64
# - name: z
#   datatype: float64
# - name: t0
#   datatype: float64
# - name: x0
#   datatype: float64
# - name: x1
#   datatype: float64
# - name: c
#   datatype: float64
# - name: z_err
#   datatype: float64
# - name: t0_err
#   datatype: float64
# - name: x0_err
#   datatype: float64
# - name: x1_err
#   datatype: float64
# - name: c_err
#   datatype: float64
# - name: chi
#   datatype: float64
# - name: dof
#   datatype: float64
# - name: b_max
#   datatype: float64
# - name: delta_15
#   datatype: float64
# - name: tmin
#   datatype: float64
# - name: tmax
#   datatype: float64
# - name: pre_max
#   datatype: int64
# - name: post_max
#   datatype: int64
# - name: message
#   datatype: string
# schema: astropy-2.0
obj_id num_points z t0 x0 x1 c z_err t0_err x0_err x1_err c_err chi dof b_max delta_15 tmin tmax pre_max post_max message
[from data line 158]
01335717 13 0.3048 57346.667261421164 2.0025044778829162e-05 -0.2417474351765545 0.29209928205361974 0.0 0.21940432408518973 1.6819657897487742e-06 0.223644320495199 0.5793421716948686 4.334651413975634 9.0 -18.779233508954782 1.0818038935816467 57325.182 57408.092 4 9 "Minimization exited successfully."
01335718 29 0.6993 57351.77951207513 6.000403624964457e-06 0.454611790194309 -0.29966868694465243 0.0 0.5454654280365503 2.3265898481672504e-07 0.4362121735617206 0.3045662685818452 11.9349279153171 10.0 -19.627007913938712 0.9830364522562185 57318.106 57426.067 11 18 "Minimization exited successfully."
01335868 17 0.6194 57346.54415080998 7.65443366901042e-06 0.6151183091165633 -0.2533386325826779 0.0 1.4245890394558955 4.623546363256847e-06 1.0914122383910905 0.5387084918089633 8.95975804072931 13.0 -19.56762512745072 0.952287714837226 57315.234 57425.151 7 10 "Minimization exited successfully."
01336008 24 0.438 57347.95432341495 1.9300894750581835e-05 0.4714336756202262 -0.02235713484664953 0.0 0.3962555088328372 6.988019941089888e-07 0.37965619638567527 0.05066703070992602 11.20108785789483 20.0 -19.66031644806477 0.9683086236852709 57325.012 57403.049 11 13 "Minimization exited successfully."
01336009 25 0.3416 57344.419754805494 1.4357586893939956e-05 -0.3177237999741216 0.09505754422574059 0.0 0.4694458877311263 7.678222132975759e-07 0.4589299850614166 0.06238678123547728 10.357551572440839 21.0 -18.701780018219957 1.1083288092433357 57325.012 57403.049 9 16 "Minimization exited successfully."
01336453 9 0.1848 57354.72881215099 8.223306443400914e-05 0.6999626371125585 0.29973338629032514 0.0 0.1897109466517577 2.569416184554364e-06 0.2147176141097642 0.5297774169962383 6.7999626554656185 5.0 -19.081295400579585 0.9146156157274099 57329.171 57403.099 3 6 "Minimization exited successfully."
01336480 7 0.256 57350.41496266454 4.0308523302406976e-05 0.04236623924707139 -0.15337182793545392 0.0 0.5840227179614885 3.396847215405424e-05 0.7031389189128769 0.4517453663819262 6.767657343268206 3.0 -19.099983470567135 1.0529744258464753 57329.171 57396.099 3 4 "Minimization exited successfully."
01336687 12 0.2337 57351.234180380525 3.873784025994754e-05 0.4734089104900039 0.28787384929879595 0.0 0.2821325835393509 6.08479099322157e-06 0.2626084079191182 0.5724875557276345 5.90493976708603 8.0 -18.835516457663797 0.9537294323662593 57327.065 57403.062 5 7 "Minimization exited successfully."
01337117 11 0.5539 57362.17558853323 1.5217878211487568e-05 0.7037039902490947 -0.2993557949248918 0.0 0.8506493960339867 1.0009930546645014e-06 0.6238426378985542 0.5315393895152475 13.275057689220404 7.0 -20.019888333405447 0.9382747055519403 57329.033 57403.049 5 6 "Minimization exited successfully."
01337221 28 0.6688 57358.96714956061 6.652174961527257e-06 -1.3402809401147797 0.29036378981773775 0.0 1.3538334391487297 1.9768176485954188e-06 0.9666265685136477 0.3037151095540576 8.428746101512445 10.0 -19.61922828507908 1.3065980061422309 57325.027 57407.048 12 16 "Minimization exited successfully."
01337228 14 0.5788 57358.41046677125 7.4203413801293696e-06 -1.352336843468705 -0.2992613265768886 0.0 1.955746974399517 1.0717227007697725e-06 1.2116224231282886 0.5925965921152574 7.090489049302069 10.0 -19.35455795639747 1.3597634193214603 57325.027 57407.046 6 8 "Minimization exited successfully."
01337272 12 0.5027 57356.38662614551 1.3256736810882131e-05 -1.4176933398262963 -0.29997241378915457 0.0 1.267238843411178 8.906900280269962e-07 1.0755301306316951 0.5654034712957008 7.820399238654468 8.0 -19.614198678138614 1.3758453197224476 57325.073 57427.054 5 7 "Minimization exited successfully."
01337325 12 0.6387 57356.272889855325 8.204964314229013e-06 -1.153074861727148 -0.29955727467409865 0.0 1.3085512382458546 7.566418174925764e-07 0.9427980547156705 0.5814769408031111 11.536985706658523 8.0 -19.72448562112208 1.312230044028201 57325.073 57427.054 5 7 "Minimization exited successfully."
01337649 9 0.2491 57363.375608921866 5.326450810996531e-05 1.316212264693938 -0.2999999536597683 0.0 0.31743172708229395 8.885511763090368e-07 0.26990558503924067 0.43122107626827766 6.4723125699721376 5.0 -19.339451322573417 0.8324702821442926 57339.165 57408.053 3 6 "Minimization exited successfully."
01337655 10 0.8485 nan nan nan nan 0.005 nan nan nan nan nan nan nan nan nan nan 0 0 "No bands in data overlap the model."
01337687 12 0.3195 57361.4871894464 3.241198197632689e-05 0.9057923139937465 0.299985648425991 0.0 0.30020394349412527 5.75145432445133e-07 0.21613707599676468 0.48236637835692053 13.383492315811422 8.0 -19.421834313989955 0.8802373303910578 57339.297 57425.149 3 9 "Minimization exited successfully."
01337703 15 0.5334 57359.96917717481 1.3776526497191744e-05 -0.8880320720603958 -0.2991013767629184 0.0 2.134806121728616 1.7887479112424498e-06 1.269904860565498 0.37602315626312693 6.613904240235222 11.0 -19.811555962633424 1.2517369591508007 57325.124 57425.151 6 9 "Minimization exited successfully."
01337838 11 0.3119 57364.18504022691 2.9740339708406174e-05 0.5643269370213995 0.2999984965309633 0.0 0.2622828392122756 5.410551444290371e-07 0.2504669759938203 0.4578994144065056 43.77292712074724 7.0 -19.267431252929697 0.937581672376858 57339.151 57427.066 4 7 "Minimization exited successfully."
01338128 11 0.3117 57366.96120292325 2.9332760777373014e-05 -0.32172660775742834 -0.2984562155830004 0.0 0.6661192311403283 2.4356022766458544e-06 0.5627162099577245 0.3875379017667736 4.944685636346467 7.0 -19.249721403855226 1.1316682560345654 57339.021 57407.044 4 7 "Minimization exited successfully."
01338170 22 0.389 57362.98815390992 1.7014596074188536e-05 0.0995786117284978 -0.057017563732523896 0.0 0.8647784380409576 1.3087611340931168e-06 0.7287813150954161 0.09384980865024102 7.9316592545844955 18.0 -19.217548281859877 1.0374563495884743 57339.021 57407.046 6 16 "Minimization exited successfully."
01338233 13 0.598 57357.268211721486 6.162353141589416e-06 -0.8952339019216753 -0.2993177479014819 0.0 2.583885657164501 8.969760729574116e-07 1.6001590352671324 0.3399862728404218 3.7134686138250728 9.0 -19.239339792178317 1.2533549960905432 57319.281 57427.054 6 7 "Minimization exited successfully."
01338266 40 0.6476 57366.296519285526 5.655552618866189e-06 -1.0238975937691013 -0.29998807595002597 0.0 1.4735998370088055 4.820434926458563e-07 1.1163528931496969 0.32758537565835694 16.895326375610757 15.0 -19.357313846618247 1.282413336441504 57339.037 57427.068 17 23 "Minimization exited successfully."
01338278 10 0.5639 57366.241370707714 1.0333161047273998e-05 0.8028903296921177 -0.24316580000932164 0.0 1.5625960231664067 7.81711710459987e-06 1.1578284290842993 0.35928810326154653 2.4927352258175324 6.0 -19.64525987769661 0.918760016258549 57339.037 57427.054 4 6 "Minimization exited successfully."
01338387 10 0.5838 57363.82833756326 1.077354431137656e-05 1.1529326049739188 -0.29302328593935106 0.0 1.2414322283511865 1.8747030407412216e-06 0.8367520591893542 0.38181404203714003 10.101047981472473 6.0 -19.783765527094122 0.8599993062624591 57329.173 57403.101 4 6 "Minimization exited successfully."
01338430 9 0.5089 57362.56248553607 1.5138274197756819e-05 0.5077550970269531 -0.2987639923700325 0.0 1.6447045420609356 1.74126994823276e-06 1.1531268940641417 0.4224189969959028 1.2580414630716514 5.0 -19.791598833494433 0.9733512051397035 57339.122 57403.101 3 6 "Minimization exited successfully."
01338471 11 0.5309 57352.481963642254 7.822096262255497e-06 -1.1769196060077638 -0.2972558566342877 0.0 2.365077798960556 2.429379438406709e-06 1.6517407084332294 0.30077387384175536 2.00276381641621 7.0 -19.18446296010196 1.3176504307590022 57319.137 57403.101 4 7 "Minimization exited successfully."
01338675 17 0.3306 57371.86671779573 2.051518504757044e-05 0.25004016353624303 0.06127277850155033 0.0 0.20219520649698097 5.759285666415152e-07 0.24431428438550218 0.026430431203980143 6.311375358115979 13.0 -19.006382388231938 1.004050317892844 57339.046 57406.102 7 10 "Minimization exited successfully."
01339002 9 0.3025 57369.651851371986 1.9154747774347004e-05 -1.311699334183813 0.29917950102343044 0.0 0.734248558710533 1.4968665518880212e-06 0.596609922664529 0.33156404768941683 1.5535185720950166 5.0 -18.711618780118602 1.2994094429298073 57346.027 57427.066 3 6 "Minimization exited successfully."
01339149 9 0.4678 57373.90777906662 1.0227917183588954e-05 -0.6592200834533974 0.29997086542157286 0.0 1.0197845414040785 5.980154900137034e-07 1.0456470548527224 0.5999383118315602 4.782262435512685 5.0 -19.145799217830984 1.1619657336018427 57346.029 57427.068 4 5 "Minimization exited successfully."
01339392 6 0.1804 57369.89984297077 0.000170295064174672 -0.8116089838465004 -0.2983328136520555 0.0 1.1049398085051507 2.5697297486967916e-05 1.0048334234778893 0.5767801206920816 0.6307689222410557 2.0 -19.812022333879547 1.2347989713719585 57345.331 57426.145 3 3 "Minimization exited successfully."
01339450 13 0.5505 57369.48786863871 8.983550329844104e-06 -1.9628040325135876 -0.2969425529049817 0.0 1.8669902522851771 2.0862377524327735e-06 1.3129733520417455 0.462593036604061 8.047253865995494 9.0 -19.429635272236304 1.518562842946757 57339.286 57426.147 5 8 "Minimization exited successfully."
01340454 22 0.421 57375.32675023273 1.2813034771971822e-05 1.5626370227039645 0.28873740782687146 0.0 0.4297360800374008 7.069022693262369e-07 0.5373435195441052 0.05808931588839236 11.277961503179013 18.0 -19.11880301247122 0.7736298378468689 57345.314 57425.151 10 12 "Minimization exited successfully."
01341370 16 0.409 57376.40435187194 1.5472858368401067e-05 1.3648877833822661 -0.027275602167894986 0.0 0.4119007584413339 7.920298796176842e-07 0.5590341023586127 0.05167750653678753 9.554451874058874 12.0 -19.244282350357185 0.8160227035859684 57347.079 57403.049 8 8 "Minimization exited successfully."
01341894 7 0.3121 57390.28375103211 2.4620985510886986e-05 -0.2847301653622569 0.29946932973706547 0.0 0.8354016122684698 1.4866236187391364e-06 0.7945695959742523 0.42197339266511646 1.835579497335455 3.0 -19.063332499052695 1.0894297498433012 57365.054 57427.052 4 3 "Minimization exited successfully."
01342255 6 0.2141 57390.67481175835 6.442938351730044e-05 0.822450090637131 0.2999202759115818 0.0 0.311978953621292 1.1647168695824717e-06 0.445065539079599 0.5717271064116534 0.9658320909587607 2.0 -19.173878228189274 0.8940883866670077 57365.11 57403.099 4 2 "Minimization exited successfully."
01343208 6 0.4993 57389.30946767307 1.0793561006561259e-05 -2.1789104147725893 -0.021818615420556742 0.0 1.6625833147772937 6.261017937390922e-06 1.0235253705215073 0.36298236409865564 1.2152663291919004 2.0 -19.368608440858758 1.5492559547465845 57356.144 57397.09 4 2 "Covariance may not be accurate. Covariance not positive definite. Covariance forced positive definite."
01343337 16 0.3389 57394.26621709854 1.6034213757129546e-05 1.1405443609669277 0.2648525746603729 0.0 0.8444017756519315 1.0394428247656467e-06 0.8867900448379993 0.05993022058890293 8.954881221312048 12.0 -18.806004114177746 0.8429594378396601 57372.226 57426.147 10 6 "Minimization exited successfully."
01343401 12 0.3829 57395.06839723881 2.4878887300994192e-05 1.1882368219902233 -0.044038126352636875 0.0 0.9905416092806263 1.2754312292667648e-06 0.9699611501953924 0.07524324154768267 2.163533261886032 8.0 -19.5904255548854 0.8459803291348962 57372.048 57427.054 6 6 "Minimization exited successfully."
01343533 16 0.368 57389.85925124345 1.557870499289682e-05 -0.9587988797680902 -0.0026970895448247267 0.0 1.4105397471976175 1.864825513636647e-06 1.4935602944672892 0.16434404481498693 2.3765217954456483 12.0 -18.979036453096157 1.246411255542796 57365.039 57407.046 10 6 "Minimization exited successfully."
01343759 7 0.508 57394.40590547939 1.3329982288398657e-05 -1.2632692731191106 -0.07203487058941924 0.0 0.5995168944864417 2.9167906238691805e-06 0.7106886544747546 0.407682854932526 4.267998619939071 3.0 -19.64354760344365 1.32025398554757 57365.223 57425.071 4 3 "Covariance may not be accurate. Covariance not positive definite. Covariance forced positive definite."
01343871 7 0.6379 57390.11593539969 5.460559187933645e-06 0.7243064507109942 0.29998526683748555 0.0 1.8294292251375737 3.9665229666641134e-07 1.3479353233007214 0.3167096166860967 2.5058172147335527 3.0 -19.280777692106962 0.9105097894570342 57355.228 57408.055 4 3 "Minimization exited successfully."
01344692 14 0.3795 57394.11243091269 8.318516038494095e-06 -1.256149399092454 0.2999697445512241 0.0 1.5978261260970612 7.388963434412641e-07 1.6515477267190977 0.486696126958326 3.452226019953475 10.0 -18.381242915376358 1.2870201715462066 57366.056 57427.068 8 6 "Minimization exited successfully."
01345553 6 0.3189 57394.79394360264 3.653375461658559e-05 1.2156743191416757 -0.29949680553664465 0.0 1.1123397364535776 2.1099336987601163e-06 1.1024588805568263 0.37070259860809424 4.092283850078463 2.0 -19.54698686651193 0.8495076701335904 57372.048 57427.052 3 3 "Minimization exited successfully."
01345582 7 0.4588 57397.21413731136 1.8088088441861606e-05 -2.1716540608083488 -0.2680903296913801 0.0 1.3779941904067528 1.0475657516879899e-05 1.528721125080344 0.4593026414251719 1.356387285241961 3.0 -19.712146601201464 1.5752351740527608 57365.056 57427.054 5 2 "Minimization exited successfully."
01345594 11 0.4224 57396.877226367564 1.9530099714107354e-05 -1.9028386464298097 -0.04339872349172591 0.0 1.5397029415544239 1.787224603728987e-06 1.4043885624831276 0.12099291647193602 3.292979318359578 7.0 -19.578104463338583 1.4761551316269603 57372.048 57427.054 8 3 "Minimization exited successfully."
01346137 14 0.3635 57403.499754863624 2.0348351910789987e-05 1.3753162887489383 0.057688811942544715 0.0 1.1086650236065907 1.378379699625009e-06 0.9458743276626078 0.08196002283966658 0.8244047088947197 10.0 -19.23958774750683 0.8115910733191889 57375.048 57425.151 10 4 "Minimization exited successfully."
01346387 13 0.3445 57394.84622081823 1.711877081922719e-05 -1.7819520552107502 -0.024251349139413958 0.0 0.19275902929803124 4.206015563903983e-07 0.32041470434000596 0.024329017942110093 8.93911520088907 9.0 -18.91297630525797 1.4426340085988016 57372.136 57426.118 6 7 "Minimization exited successfully."
01346956 10 0.3335 57413.313675361365 3.1751137409322115e-05 1.9999770458202129 0.02768145657682064 0.0 0.26699395609102794 1.1691286362650058e-06 0.8043480045589191 0.04004249063401691 4.170595080069874 6.0 -19.50444277436204 0.7096756543159053 57387.181 57426.147 8 2 "Minimization exited successfully."
01346966 14 0.3355 57407.46575897916 3.449403195382173e-05 0.5725305155608131 -0.011136771099358234 0.0 0.7002471395644534 1.7376783664188586e-06 0.6774224936707764 0.05133392300189518 5.107470495257248 10.0 -19.607836149276697 0.9499902785763936 57376.057 57426.147 10 4 "Minimization exited successfully."
