analysis_pipeline/fit_results/des_4_sn91bg_color_interpolation_blue.ecsv
# %ECSV 0.9
# ---
# datatype:
# - name: obj_id
#   datatype: string
# - name: num_points
#   datatype: int64
# - name: z
#   datatype: float64
# - name: t0
#   datatype: float64
# - name: x0
#   datatype: float64
# - name: x1
#   datatype: float64
# - name: c
#   datatype: float64
# - name: z_err
#   datatype: float64
# - name: t0_err
#   datatype: float64
# - name: x0_err
#   datatype: float64
# - name: x1_err
#   datatype: float64
# - name: c_err
#   datatype: float64
# - name: chi
#   datatype: float64
# - name: dof
#   datatype: float64
# - name: b_max
#   datatype: float64
# - name: delta_15
#   datatype: float64
# - name: tmin
#   datatype: float64
# - name: tmax
#   datatype: float64
# - name: pre_max
#   datatype: int64
# - name: post_max
#   datatype: int64
# - name: message
#   datatype: string
# schema: astropy-2.0
obj_id num_points z t0 x0 x1 c z_err t0_err x0_err x1_err c_err chi dof b_max delta_15 tmin tmax pre_max post_max message
[from data line 108]
01315259 10 0.455 57000.237922193926 1.2767564783189302e-16 1.2488967101448312 0.12990265469368434 0.0 57.771125531777216 0.03074627902202143 0.37951755214031163 0.7265164122742598 988.2882508127793 6.0 -20.157877113199753 1.4574904356091984 56980.181 57049.068 3 7 "Covariance may not be accurate."
01315296 27 0.455 56991.94252993968 6.66133814775094e-17 0.8537623534527096 0.2000177659116692 0.0 61.238333746470744 0.03074978688361722 0.3974297620619659 0.7372883364751011 369.60754844132146 23.0 -19.30612506524593 1.861782081718765 56973.185 57049.07 7 20 "Covariance may not be accurate."
01316385 11 0.455 57021.30548637584 8.920642002863134e-15 0.7329277485686363 0.500033227597987 0.0 56.08175552962712 0.030746849588787862 0.3372274259826228 0.7103835688266396 1408.3811111567347 7.0 -24.017101652100834 2.072781930688052 57001.175 57066.03 5 6 "Covariance may not be accurate."
01316431 10 0.455 57024.068775574655 6.883382752675971e-16 1.2499996162051417 0.5001663377591797 0.0 0.0021742259414168075 1.387778780781416e-18 0.00015918301507933386 1.5839092357583517e-05 1886.2990132843886 6.0 -21.23540643856417 1.456793595028742 57001.162 57052.098 5 5 "Covariance may not be accurate."
01316437 13 0.455 57021.79118811148 0.0 1.2499957019601702 0.500140878754471 0.0 0.0 0.0 0.0 0.0 424.76456380808685 9.0 inf nan 56980.197 57052.1 8 5 "Hesse Failed. Covariance may not be accurate. Covariance not positive definite."
01316465 11 0.455 57024.520792277006 1.7486012637846217e-16 1.2075966222839347 0.46178038145477585 0.0 0.003409284086956177 0.0 0.44234963160396956 0.0001649766265391095 2248.78018236279 7.0 -19.838456741405974 1.48502791158203 57001.183 57066.064 4 7 "Covariance may not be accurate."
01317164 5 0.455 57301.15098281309 7.93809462606987e-16 0.9343723302235325 0.5017375461009496 0.0 64.7604548234558 0.030746229043629936 0.43217409385089517 0.7107691228545315 7.371345666242957 1.0 -21.38771423642136 1.7499300488597882 57315.181 57355.159 0 5 "Covariance may not be accurate."
01317277 12 0.455 57023.73043178365 3.275157922644212e-16 1.1981839084107098 0.4895752803039713 0.0 58.75922205201641 0.0307462920947843 0.3138605099340897 0.7079260387514088 948.4253434721472 8.0 -20.4547055838607 1.4917155250853185 56987.073 57052.037 7 5 "Covariance may not be accurate."
01317286 14 0.455 57025.12216902352 1.8596235662471373e-16 1.101731666953279 0.10217546212459094 0.0 66.17910283911988 0.043660636452604554 0.5258491527251397 0.5359923124595318 3258.89029172195 10.0 -20.61868861766167 1.5708192695860852 56987.073 57052.037 9 5 "Covariance may not be accurate."
01317454 10 0.455 57051.04299847489 2.7755575615628915e-18 0.6500000000004769 0.44864636956942283 0.0 48.85540599891465 0.030912249930088946 0.3709479066892624 0.6974517828549565 505.5037895795437 6.0 -15.369561982158093 2.2623545938807865 56987.033 57051.04 10 0 "Covariance may not be accurate."
01317666 22 0.455 57302.99177771551 9.68669588985449e-16 0.6502038027432279 0.3450433064231646 0.0 0.012834308912715642 6.938893903907228e-18 0.00011709179875291076 0.004634982051789555 5431.850828697721 18.0 -21.934605795249965 2.2618390860660327 57278.217 57356.106 7 15 "Covariance may not be accurate."
01319366 17 0.455 57321.94307990448 1.404432126150823e-15 0.650000110910396 0.9924721288700482 0.0 0.0006501531424873974 1.3877787807814654e-18 2.9670551016103275e-09 0.015337390336900736 4489.477339680739 13.0 -21.050191899962982 2.262353271106605 57276.312 57372.102 11 6 "Covariance may not be accurate."
01319821 10 0.455 56996.17705771413 3.053113317719181e-17 0.6501392124181826 0.024982472667371802 0.0 54.22655424954428 0.03202311942935711 0.3801311297743074 0.6748473404204005 1660.6576780022392 6.0 -18.791083946130655 2.261989620943268 56992.125 57067.099 1 9 "Covariance may not be accurate."
01320166 10 0.455 57020.36227734215 2.7755575615628915e-18 0.6500000000022234 0.0014491047296299464 0.0 53.45292104961118 0.030913443986971455 0.3709608409482812 0.5985869732048967 499.31741361979294 6.0 -16.225395357235342 2.2623391963129436 56991.113 57049.046 5 5 "Covariance may not be accurate."
01322229 7 0.455 57021.10179012214 2.2204460492503132e-17 0.7559373118956679 0.8499329431469528 0.0 2.1803387843283417 0.0 0.03757982723908443 0.05852618971607426 480.0234820007274 3.0 -16.848134672759503 2.026749367404893 57001.076 57039.041 4 3 "Covariance may not be accurate."
01322979 9 0.455 57036.654878824746 5.551115123125783e-18 0.7255565846431468 0.5076483022660715 0.0 0.4193654466289445 0.0 5.2239353976857306e-05 0.00012900731639742258 3451.210337445047 5.0 -15.99000058442138 2.0881955322659813 57008.04 57061.074 5 4 "Covariance may not be accurate."
01324542 9 0.455 57033.63434509822 8.326672684688675e-18 0.6512721750479107 0.48963248362389483 0.0 49.955250841536326 0.03099004114448183 0.3597957129799187 0.7108904668834242 269.7392940198444 5.0 -16.467665478361855 2.2591606186167823 57011.089 57067.101 4 5 "Covariance may not be accurate."
01325358 7 0.455 57022.59801378216 5.551115123125783e-18 0.6500026210696714 0.00042738394537017443 0.0 52.48986814021191 0.03085089187228568 0.36967921048037866 0.6061302763805865 118.6107964148122 3.0 -16.979581741078615 2.26233257225865 57008.067 57047.038 3 4 "Covariance may not be accurate."
01327978 10 0.455 57315.85050908614 2.8588242884097783e-16 0.9472953864831275 0.0014328862185638558 0.0 73.34918982987438 0.0307462301041531 0.4256237412199408 0.5986991054129249 74.30326217015498 6.0 -21.25751419704138 1.7336372482520481 57283.131 57373.038 7 3 "Covariance may not be accurate."
01328066 20 0.455 57317.44017291513 2.7755575615628915e-18 0.6500000007913911 0.0015219990066839828 0.0 85.97192626307151 0.03095781800708828 0.3714845808807678 0.5981732168632077 359.910354869262 16.0 -16.225280301450752 2.2623391963468507 57273.098 57379.048 10 10 "Covariance may not be accurate."
01328105 42 0.455 57317.1998166012 2.7755575615628915e-18 0.6500000002451372 0.13512443028330184 0.0 90.45297723136537 0.03130505169949129 0.3756553556024314 0.7276976082315546 1222.7382204545181 38.0 -15.990800944567443 2.2623437925780188 57273.096 57386.046 20 22 "Covariance may not be accurate."
01329166 17 0.455 57299.25994043855 2.7755575615628915e-18 1.044346033558143 0.49903836708460625 0.0 38.63569870401261 0.0 9.317085421134408e-05 0.00023564183564786512 426.078705037328 13.0 -15.251913133155448 1.6259281137352666 57277.334 57401.075 4 13 "Covariance may not be accurate."
01329196 20 0.455 57336.84803638401 2.7755575615628915e-18 0.6500000000000882 0.4909510096292814 0.0 111.76273033913458 0.030770525575774803 0.36924621233654936 0.708253523022246 771.5294549031651 16.0 -15.271674358385908 2.2623561050192684 57277.321 57406.112 9 11 "Covariance may not be accurate."
01329312 31 0.455 57319.42342367314 1.249000902703301e-16 0.650000073897351 0.38619748996917375 0.0 83.46630141278729 0.030746230638461925 0.36886617040515146 0.6787550158405359 601.9974888927309 27.0 -19.632658517454594 2.2623525996649505 57283.189 57389.086 15 16 "Covariance may not be accurate."
01329615 34 0.455 57307.99887502746 1.3877787807814457e-17 1.0418934333004053 0.5101844079616049 0.0 1.149889420827094 0.0 0.0011034299199559339 0.002252685445321423 637.8194948556574 30.0 -16.980803776334074 1.6283976136412583 57278.301 57385.111 12 22 "Covariance may not be accurate."
01330031 13 0.455 57321.99885174007 1.7316703626590882e-14 0.7227772908894636 0.49960111760925996 0.0 70.86403469909055 0.030746294730041125 0.43465106980457685 0.7102761315098438 3634.3169316742637 9.0 -24.738312055930663 2.0940885581802746 57291.079 57376.04 5 8 "Covariance may not be accurate."
01330426 16 0.455 57319.86049838502 2.3592239273284576e-16 1.2328996822597964 0.06028633857901611 0.0 78.19048138286234 0.03074623025386525 0.40703140162312373 0.5009257779727083 943.2717549250563 12.0 -20.951866114276314 1.467874562603356 57288.213 57387.181 4 12 "Covariance may not be accurate."
01330642 17 0.455 57327.0883025685 0.0 0.6994269184151718 0.5141366558468071 0.0 0.0 0.0 0.0 0.0 1759.5859425756726 13.0 inf nan 57283.189 57403.073 7 10 "Hesse Failed. Covariance may not be accurate. Covariance not positive definite."
01330903 20 0.455 57323.631702572195 0.0 0.6714605088582913 0.5011038806171829 0.0 0.0 0.0 0.0 0.0 418.99379425403924 16.0 inf nan 57276.314 57396.101 11 9 "Hesse Failed. Covariance may not be accurate. Covariance not positive definite."
01331123 17 0.455 57349.5000175614 1.2212453270876723e-16 1.161250297960088 0.44185660625209106 0.0 0.01732595541398041 0.0 3.9699512953017546e-05 0.07099564700467509 3060.509232994065 13.0 -19.493114073930446 1.519756307884137 57297.032 57386.044 11 6 "Covariance may not be accurate."
01331993 30 0.455 57328.06497894393 2.7755575615628915e-18 1.2452527566744584 0.5113873043309889 0.0 27.407217665971984 0.0 3.9533354487031325e-05 0.0004867976156593401 865.7779684115615 26.0 -15.231454011674543 1.4598443345485173 57291.17 57403.073 11 19 "Covariance may not be accurate. Covariance not positive definite. Covariance forced positive definite."
01332059 18 0.455 57336.926924648214 0.0 1.0982086226312715 0.5138613788097585 0.0 0.0 0.0 0.0 0.0 318.89212334399906 14.0 inf nan 57288.201 57403.101 9 9 "Hesse Failed. Covariance may not be accurate. Covariance not positive definite."
01332413 17 0.455 57311.96785624279 2.7755575615628915e-18 0.6897114896483153 0.5074662346989056 0.0 75.34156247858118 0.03398467000814346 0.4651162513733589 0.7425668933359448 442.6443056167781 13.0 -15.237715483153245 2.1673051486793042 57299.144 57403.064 4 13 "Covariance may not be accurate."
01333246 30 0.455 57320.80637683356 3.053113317719181e-17 0.9601744642155736 0.3944474696286317 0.0 77.30764634123261 0.03081394447603005 0.4238095239816985 0.681924007489408 150.1652703815908 26.0 -18.086793821995325 1.7179229895353636 57299.22 57403.101 12 18 "Covariance may not be accurate."
01333438 31 0.455 57321.57445263006 6.106226635438361e-17 0.7022245299402878 0.000659347267062238 0.0 81.10947810937432 0.031131691931076764 0.3119991536769128 0.6039730944631501 207.15558016488006 27.0 -19.58269796592596 2.1389547952710792 57297.346 57404.045 8 23 "Covariance may not be accurate."
01334084 14 0.455 57356.07588797725 3.302913498259841e-16 0.6500000246873909 0.23486414451288046 0.0 74.50562097952206 0.03532633204443841 0.42385607430931194 0.7392970120483794 1002.4020332076766 10.0 -20.96425726022159 2.2623489224530395 57315.206 57396.099 8 6 "Covariance may not be accurate."
01334087 4 0.455 57345.35533006879 8.93729534823251e-16 0.6500247761126664 0.6469230833724011 0.0 0.011332814439811045 6.938893903907179e-18 7.705372297994728e-07 0.16385077969543438 16.172026785348166 0.0 -21.258927760541866 2.2622947267149804 57315.208 57403.099 2 2 "Covariance may not be accurate."
01334302 17 0.455 57329.710669177635 6.106226635438361e-17 1.088125030473658 0.5078045526114885 0.0 1.5146495775697986 0.0 0.0002683070363044271 0.0004895681690677556 15.850294959136853 13.0 -18.593233383616717 1.5834366626286425 57301.037 57407.046 6 11 "Covariance may not be accurate."
01334423 28 0.455 57334.20023152239 5.551115123125783e-18 1.2263170018883718 0.5084921144354385 0.0 3.3649786954192678 0.0 0.00010737140130101519 0.00046666141508588943 1717.4007242798787 24.0 -15.988655761749879 1.4722478596661759 57312.14 57408.055 10 18 "Covariance may not be accurate."
01334448 16 0.455 57329.19495231136 2.7755575615628915e-18 0.7146873780366837 3.971620233578221e-06 0.0 78.15306215410601 0.03096760669629897 0.4354970385067868 0.6140852415759287 61.43738744797943 12.0 -16.227673990056125 2.111471780046216 57301.284 57402.053 7 9 "Covariance may not be accurate."
01334470 15 0.455 57346.603411952245 2.7755575615628915e-18 0.650000000062924 0.0015078376462077658 0.0 79.71407647127126 0.03089425026939345 0.3707336496157408 0.5982528382492325 395.6082132070223 11.0 -16.22530265459104 2.2623391977875826 57305.283 57402.053 8 7 "Covariance may not be accurate."
01334597 12 0.455 57336.593964509644 1.3877787807814457e-16 0.7544460034626794 6.886347864210052e-05 0.0 71.33022149692624 0.03074623811528886 0.4466308154770607 0.6184001200289757 5462.281395239229 8.0 -20.47499682671327 2.029621436156649 57315.241 57406.101 4 8 "Covariance may not be accurate."
01334620 15 0.455 57347.498264595735 2.525757381022231e-16 0.6500183874012437 0.2789518625439764 0.0 0.005785087720141746 0.0 3.0990730071067674e-07 0.05397225035790962 771.8744442285822 11.0 -20.589634638717747 2.2623042075310735 57311.282 57403.062 8 7 "Covariance may not be accurate."
01334644 15 0.455 57330.8693514791 1.0824674490095277e-16 0.6500020578368243 0.4996975628260235 0.0 0.5132534738440881 0.0 2.7604930613600587e-07 4.4510566747424374e-05 616.515348410894 11.0 -19.227947789919973 2.2623512751526533 57311.282 57403.062 4 11 "Covariance may not be accurate."
01334645 12 0.455 57347.57343525296 2.0539125955565397e-16 0.650024517296689 0.13774774738139478 0.0 75.55747508784407 0.030905495582298693 0.3692310805706036 0.5617368680844796 2609.8524942724407 8.0 -20.65872902033569 2.262282210695208 57311.282 57403.062 7 5 "Covariance may not be accurate."
01334707 31 0.455 57355.05268355033 5.551115123125783e-18 0.6506800372487715 0.0015705134994891679 0.0 99.44258128695947 0.033002972687347636 0.38639978342776904 0.5979031166985048 2671.196828219929 27.0 -16.977778711649496 2.2606296375513573 57304.307 57426.071 14 17 "Covariance may not be accurate."
01334879 16 0.455 57353.39179835836 8.326672684688675e-18 0.6500012817196589 0.500115602400353 0.0 14.892571902782947 0.0 8.589700312144899e-08 4.8393011239322714e-05 1231.631843123915 12.0 -16.442160171709553 2.2623532409415077 57302.267 57425.071 8 8 "Covariance may not be accurate. Covariance not positive definite. Covariance forced positive definite."
01335472 14 0.455 57345.80149985506 2.7755575615628915e-18 0.6500000374480208 0.0004908582926058114 0.0 75.29863647995808 0.030896987511738326 0.37070023454755346 0.605492562245733 479.6532652121855 10.0 -16.22690671374553 2.262339075569848 57311.025 57403.049 6 8 "Covariance may not be accurate."
01335564 15 0.455 57376.13010465947 2.7755575615628915e-18 0.6500000000386066 0.08653828646565537 0.0 95.87985180466421 0.030896970365726716 0.3707616270764371 0.5232590469953262 206.20230016785553 11.0 -16.082037146759234 2.262341886462437 57311.284 57427.068 10 5 "Covariance may not be accurate."
01335694 11 0.455 57356.420288080364 2.414735078559716e-16 0.6500000005269965 0.07538001789864324 0.0 0.0011408561003918294 2.775557561562906e-18 3.7865083291066526e-10 0.7888901708239675 4288.547818861714 7.0 -20.950748583984584 2.2623414899651877 57325.214 57408.053 6 5 "Covariance may not be accurate."
01335717 13 0.455 57358.49201813812 1.4988010832439614e-16 0.6510585593718077 0.4670749794204351 0.0 0.048901073594606714 1.3877787807814407e-18 0.0006507051543437892 0.0006057798709356854 4476.0298024907415 9.0 -19.658985229030964 2.2596955078115606 57325.182 57408.092 5 8 "Covariance may not be accurate."
01335718 29 0.455 57349.942441870175 1.1102230246251566e-17 0.858857792090997 0.5433093538745749 0.0 0.8500659357887344 0.0 5.578080990065182e-05 0.0002031646613584459 1581.8719694328854 25.0 -16.684238308191738 1.8542303494820516 57318.106 57426.067 11 18 "Covariance may not be accurate."
01335868 17 0.455 57347.55381564285 2.7755575615628915e-18 0.6500000000000099 0.004244945580767878 0.0 84.67647819506237 0.03096073622259394 0.3715288711855686 0.6413029935426044 244.1845929887338 13.0 -16.220973665123324 2.262339274096078 57315.234 57425.151 7 10 "Covariance may not be accurate."
