analysis_pipeline/fit_results/des_5_salt2_2.4_all.ecsv
# %ECSV 0.9
# ---
# datatype:
# - name: obj_id
#   datatype: string
# - name: num_points
#   datatype: int64
# - name: z
#   datatype: float64
# - name: t0
#   datatype: float64
# - name: x0
#   datatype: float64
# - name: x1
#   datatype: float64
# - name: c
#   datatype: float64
# - name: z_err
#   datatype: float64
# - name: t0_err
#   datatype: float64
# - name: x0_err
#   datatype: float64
# - name: x1_err
#   datatype: float64
# - name: c_err
#   datatype: float64
# - name: chi
#   datatype: float64
# - name: dof
#   datatype: float64
# - name: b_max
#   datatype: float64
# - name: delta_15
#   datatype: float64
# - name: tmin
#   datatype: float64
# - name: tmax
#   datatype: float64
# - name: pre_max
#   datatype: int64
# - name: post_max
#   datatype: int64
# - name: message
#   datatype: string
# schema: astropy-2.0
obj_id num_points z t0 x0 x1 c z_err t0_err x0_err x1_err c_err chi dof b_max delta_15 tmin tmax pre_max post_max message
[from data line 190]
01341370 32 0.4214945507382129 57376.50024012092 1.5193692746531819e-05 1.2240645982199307 -0.008736365019734627 0.013619653722130004 0.3842634895408992 6.739623584522968e-07 0.5669931700974833 0.03441014133276726 13.699826511098468 19.0 -19.301911976734424 0.838818186564751 57347.076 57403.052 16 16 "Minimization exited successfully."
01341894 28 0.3118109933531336 57390.083823533496 2.9157456112044457e-05 -0.04754856485505021 -0.042108948065915364 0.025858291843737058 0.4783306637982605 8.682122997330514e-07 0.3618664710687196 0.05460248437751049 6.75119520540602 16.0 -19.239961416345295 1.0643095850065976 57365.051 57427.057 16 12 "Minimization exited successfully."
01342255 25 0.22460426851841075 57390.654854083 8.57356192341341e-05 0.5988509756973297 -0.0693361745047319 0.014023074030999366 0.1665006070797972 7.941318258042394e-07 0.19806266318855092 0.033079275935287644 11.946373652817439 14.0 -19.59641322228138 0.947806728453866 57365.107 57428.056 16 9 "Minimization exited successfully."
01343208 36 0.49234997065666486 57390.78226569041 1.0699699269531294e-05 -0.03193943860942383 -0.030186927105547712 0.028275926532783463 0.5270307939936174 2.4967507945977736e-07 0.37639645721587267 0.036552008400399086 12.236605482719654 21.0 -19.32359800241528 1.0607287529390526 57355.251 57426.117 22 14 "Minimization exited successfully."
01343337 31 0.33092983739942483 57393.83696349507 1.751525023770406e-05 1.1584091229068303 0.16694942925423523 0.014327367579687056 0.7147397768603696 7.977045473547828e-07 0.6846505151860134 0.04442654778590513 20.077185140117855 18.0 -18.83936366676685 0.8436062127070159 57372.223 57426.147 15 16 "Minimization exited successfully."
01343401 24 0.39549653972539206 57395.245855609726 2.475100737800995e-05 1.1347878661775077 -0.07250362095204499 0.028987522585471964 0.9886142481736897 1.2068511530266557e-06 0.8928559569515917 0.06458487559853414 3.831440242006859 13.0 -19.667957833463287 0.8559061129668528 57372.046 57427.057 16 8 "Minimization exited successfully."
01343533 31 0.3667358930049659 57389.453507219325 1.5326769852005985e-05 -0.5554542465737833 -0.0043736852116905145 0.051652760501036565 1.2318426272795477 1.1521652564419622e-06 1.227337111717588 0.12043671470815835 9.666329614993712 18.0 -18.95276344239233 1.1617190037926903 57365.036 57407.048 19 12 "Minimization exited successfully."
01343759 32 0.5755008408314157 57396.696945931035 1.2636199131124681e-05 0.33649156640814404 -0.19577452819087535 0.03310349895616149 0.5155666143109556 4.7344532211335277e-07 0.3258887880688015 0.037411139337319044 27.899557466274366 19.0 -19.915970629484697 1.0002306120899078 57365.133 57426.118 20 12 "Minimization exited successfully."
01343871 28 0.6769021776303651 57389.39496045933 6.971328531188426e-06 0.19728693097057182 -0.11161700444797942 0.021500607794347704 0.9673062716065033 3.3502240774918565e-07 0.7884244627772683 0.044777871386989604 13.469475477229725 16.0 -19.69902710671341 1.021994675343862 57355.223 57408.057 16 12 "Minimization exited successfully."
01344692 28 0.3511290215780146 57393.45934004136 8.697354060080431e-06 -1.9740889100406518 0.2631015696595717 0.0303081198397325 1.1840339350528666 8.058812675779129e-07 1.4439416837492227 0.09780188686031077 4.559269591237681 16.0 -18.229906342907125 1.4621480009164394 57366.054 57427.068 16 12 "Minimization exited successfully."
01345553 24 0.2807116477572696 57393.899278837904 3.54294240863251e-05 0.3282575466712734 -0.08731000881061482 0.02732330415247128 0.47384307283573435 1.0249940297829572e-06 0.4689629747358841 0.030319881496130616 9.072597641248084 13.0 -19.188539691399573 0.9968948839425913 57372.046 57427.057 12 12 "Minimization exited successfully."
01345582 28 0.4947751437371707 57399.495493876435 1.5119554126785673e-05 0.7308148788898023 -0.09616753181355545 0.07746000069448145 1.4231379978336918 5.911556946597285e-07 1.3136731066758636 0.07054788720527577 9.420687197292269 16.0 -19.712826466283317 0.9258063968840453 57365.051 57427.057 20 8 "Minimization exited successfully."
01345594 23 0.3910732565910045 57397.32182945126 2.032904382280876e-05 -0.1173346659597847 -0.0765498002487339 0.0365290603937683 1.2256566404139448 1.2791494853822694e-06 1.1961549968831184 0.09108424452749155 9.355955213615339 12.0 -19.424402010726958 1.079448918630753 57372.046 57427.057 16 7 "Minimization exited successfully."
01346137 28 0.347573569236359 57402.92186263336 2.101304370556445e-05 0.7864055012634639 0.0531511624871171 0.02358352077830103 0.8941684364108369 8.49908823870315e-07 0.7288806417853171 0.05793706810485372 3.8222205706026156 16.0 -19.159779422630017 0.9103190618903589 57375.046 57425.153 20 8 "Minimization exited successfully."
01346387 28 0.3548943822974166 57394.89070916327 1.675709884467469e-05 -1.8193116175307584 -0.0032782702748992976 0.005561045691761801 0.1739818889509479 2.6699396881435387e-07 0.27844360958809233 0.014246467261530116 14.374549648083466 16.0 -18.96535224979562 1.450145346197484 57372.127 57426.118 15 13 "Minimization exited successfully."
01346956 20 0.3345475451275108 57411.97284610078 3.61009555318842e-05 0.8050428996863905 -0.10862620918298593 0.014197670991895672 0.3048948562318401 9.627290087715914e-07 0.32441909131429725 0.025278275414758244 24.082455545024242 10.0 -19.65082658020445 0.9134086417261109 57387.178 57426.147 16 4 "Minimization exited successfully."
01346966 27 0.3058631800175037 57407.04459748296 3.689737782402725e-05 0.34059843162188175 -0.05623962404659971 0.025266811951375423 0.5136458248489362 7.154061042735672e-07 0.35754124725663483 0.0314815136703456 9.49353860255019 15.0 -19.447440827697363 0.9932464772243286 57376.057 57426.147 19 8 "Minimization exited successfully."
