analysis_pipeline/fit_results/des_4_salt2_2.4_blue.ecsv
# %ECSV 0.9
# ---
# datatype:
# - name: obj_id
#   datatype: string
# - name: num_points
#   datatype: int64
# - name: z
#   datatype: float64
# - name: t0
#   datatype: float64
# - name: x0
#   datatype: float64
# - name: x1
#   datatype: float64
# - name: c
#   datatype: float64
# - name: z_err
#   datatype: float64
# - name: t0_err
#   datatype: float64
# - name: x0_err
#   datatype: float64
# - name: x1_err
#   datatype: float64
# - name: c_err
#   datatype: float64
# - name: chi
#   datatype: float64
# - name: dof
#   datatype: float64
# - name: b_max
#   datatype: float64
# - name: delta_15
#   datatype: float64
# - name: tmin
#   datatype: float64
# - name: tmax
#   datatype: float64
# - name: pre_max
#   datatype: int64
# - name: post_max
#   datatype: int64
# - name: message
#   datatype: string
# schema: astropy-2.0
obj_id num_points z t0 x0 x1 c z_err t0_err x0_err x1_err c_err chi dof b_max delta_15 tmin tmax pre_max post_max message
[from data line 104]
01312274 32 0.438 56977.29050028924 1.2312662848934508e-05 -1.1495764295569695 -0.0023622375863219247 0.0 0.7516043140421971 6.454329561950136e-07 0.5891148824880144 0.07447774702555675 11.38452432824704 28.0 -19.171250430473073 1.2886250357090852 56956.143 57052.1 6 26 "Minimization exited successfully."
01313594 12 0.2883 57002.08307829697 3.6746717494509644e-05 0.5527168725279705 0.29999999310968756 0.0 0.3482827296393225 6.542396693856603e-07 0.26268260314925773 0.5568208259041076 10.567794230605983 8.0 -19.29955980199386 0.9395619159148332 56973.038 57051.053 4 8 "Minimization exited successfully."
01314897 25 0.3369 57301.21630189756 2.849062009251391e-05 0.8335522607839922 0.01388771048860149 0.0 0.5050692632248683 1.5573071266969388e-06 0.5086112228513495 0.06358987278013561 19.6039275715177 21.0 -19.4110259823755 0.9038112316088203 57273.337 57372.07 9 16 "Minimization exited successfully."
01315192 7 0.2254 57008.52221371429 4.789554806394481e-05 0.9128279045958303 0.29999995826963227 0.0 0.3460514657344902 2.5771760835471835e-06 0.5707388658574657 0.5871329270312529 1.6905913013827232 3.0 -18.97786812552824 0.8790715881565561 56987.196 57052.098 3 4 "Minimization exited successfully."
01315259 10 0.228 57004.44839050123 3.885709006303251e-05 -0.43632049611485924 0.29980072897395066 0.0 0.34298659691557987 9.619552386194732e-07 0.2812135599206891 0.5385987889065446 4.382367245193857 6.0 -18.77794633597763 1.1183016540668902 56980.181 57049.068 4 6 "Minimization exited successfully."
01315296 27 0.4126 57004.45154577303 1.0064375976676088e-05 1.6446196957453871 0.14438775144986593 0.0 0.9643686747949687 6.597315064998938e-07 0.7801099560477818 0.08518268147394747 15.869988140590499 23.0 -18.801392487747982 0.7648059001480263 56973.185 57049.07 11 16 "Minimization exited successfully."
01316385 11 0.1478 57019.195804697716 0.00018687475482900007 1.6791059985100691 -0.049061482632166475 0.0 0.2533384514244972 7.011432303080667e-06 0.3911998705358126 0.04665452116591938 37.77775642274222 7.0 -19.433788352955506 0.7647590235576871 57001.175 57066.03 5 6 "Minimization exited successfully."
01316431 10 0.1981 57018.51987391378 7.515445458281812e-05 0.8182040137302344 0.29999991222408223 0.0 0.07113531041613896 4.720153722193038e-06 0.5136320653746083 0.4514618559678898 13.806943732112952 6.0 -19.151934661033685 0.8947929163302959 57001.162 57052.098 4 6 "Covariance may not be accurate. Covariance not positive definite. Covariance forced positive definite."
01316437 13 0.482 57009.30652318825 8.514908043041892e-06 -1.3720484544508094 0.29999858059233214 0.0 1.4145498940124526 5.481202851140289e-07 1.204888085043759 0.5129253172186857 12.623799592781715 9.0 -19.024316210867852 1.3128637649244759 56980.197 57052.1 5 8 "Minimization exited successfully."
01316465 11 0.3291 57021.444259938056 2.4879833331831194e-05 0.5016445128565312 0.2999996421603142 0.0 0.12089486563854734 2.5547360199135104e-07 0.12101434312881088 0.5528870764050589 13.095745967250837 7.0 -19.20914933904617 0.9482998046866058 57001.183 57066.064 4 7 "Minimization exited successfully."
01317164 5 0.1547 57261.37502233627 0.00037849126694886607 -0.021667325289493 -0.2999998577520735 0.0 87.10363696558125 4.4963345691532985e-05 1.0290554348431484 0.3787734104418577 236.74655303536764 1.0 -20.31138136477175 1.0723953040064167 57315.181 57355.159 0 5 "Covariance may not be accurate. Covariance not positive definite. Covariance forced positive definite."
01317277 12 0.2371 57007.9554822761 5.5722589725867856e-05 -1.218110542352071 -0.2999996626005855 0.0 0.4358873612654861 1.4292856660140518e-05 1.274800763568994 0.5530335607574275 5.8740307624840735 8.0 -19.264652516253925 1.32757680478079 56987.073 57052.037 5 7 "Covariance may not be accurate. Covariance not positive definite. Covariance forced positive definite."
01317286 14 0.279 57015.05457064214 4.2222365395719334e-05 0.5677212858395069 0.29999998346470064 0.0 0.22388970413521747 5.745028621065302e-07 0.2085080539627835 0.5806771887451274 16.31696722603465 10.0 -19.368438169574738 0.93700304927685 56987.073 57052.037 8 6 "Minimization exited successfully."
01317454 10 0.5688 57013.61502019309 6.91397391046067e-06 -0.9404312611885866 0.2999991254024878 0.0 1.2307147521714796 3.5462518196416335e-07 0.833469247098455 0.5128611773663101 12.380698752482893 6.0 -19.23258908170343 1.2192979809852709 56987.033 57051.04 5 5 "Minimization exited successfully."
01317666 22 0.1414 57301.474800351854 0.00011035887861456651 -0.08999476229373204 0.09178490880204498 0.0 0.12258407238550717 2.702878734270328e-06 0.12349811358357865 0.019022213173348235 5.437943027561719 18.0 -18.75565520548594 1.0650564846487 57278.217 57356.106 7 15 "Minimization exited successfully."
01319366 17 0.2361 57304.40945063399 7.615220475190033e-05 1.198280751256413 -0.09740786397830206 0.0 0.4382322417332034 5.247735128424413e-05 0.40973857022061777 0.43484381769194574 31.970359258326077 13.0 -19.59113390114326 0.8460645708387631 57276.312 57372.102 8 9 "Minimization exited successfully."
01319821 10 0.3088 57022.22822382679 3.2996270807186816e-05 -0.3898678822427404 -0.2983982480920781 0.0 0.9482176671845082 2.9577332087998852e-06 0.5432165995339633 0.4054801203007452 8.153455823664293 6.0 -19.35391963377735 1.145521010047048 56992.125 57067.099 3 7 "Minimization exited successfully."
01320166 10 0.449 57022.879276193016 8.325686744248273e-06 1.9996263626110728 0.2999999996756619 0.0 0.8552785792235227 3.7525058032561504e-07 3.588762666092004 0.5141160186536051 4.851521765390364 6.0 -18.818357208696636 0.7024323886859918 56991.113 57049.046 5 5 "Minimization exited successfully."
01322229 7 0.5261 57035.36617146094 8.45785453132686e-06 1.890225301917881 0.2999999664738516 0.0 2.071618022157054 3.9246319990110506e-07 4.869878058626448 0.38362444950833263 2.66287475889349 3.0 -19.24866486728859 0.7202919225098547 57001.076 57039.041 6 1 "Minimization exited successfully."
01322979 9 0.5294 57039.57961022553 1.1936083017050071e-05 0.6393457327729974 -0.29894312791975275 0.0 0.7931834612681996 7.021611541549462e-07 0.675742620822261 0.5896715488456428 10.072177643336644 5.0 -19.637185576630923 0.9497079206963228 57008.04 57061.074 6 3 "Minimization exited successfully."
01324542 9 0.5415 57044.29682413649 7.042223539671655e-06 0.05393968405848604 0.29999986180249255 0.0 1.7380572960610152 4.863387774028949e-07 1.3491204809866608 0.5129977139204683 2.3669834027489083 5.0 -19.123639152161736 1.0269724916025957 57011.089 57067.101 6 3 "Minimization exited successfully."
01325358 7 0.7793 57047.840948155026 4.486332895953238e-06 1.9790707778466698 0.2523057267365441 0.0 0.11383778780509601 6.444287579684959e-06 2.752264806246941 0.30570316188985425 6.739027391068229 3.0 -19.60156531273612 0.7071223250010448 57008.067 57047.038 7 0 "Minimization exited successfully."
01327978 10 0.2073 57307.5709373401 6.062484290327019e-05 -0.41832274991436336 0.21143158752264074 0.0 1.464325486747839 7.375182580378198e-05 1.1089339417723996 0.35020907833508874 3.0142314733670847 6.0 -19.025744784865942 1.1205886746475784 57283.131 57373.038 6 4 "Minimization exited successfully."
01328066 20 0.4489 57299.59282942968 1.1479107282322265e-05 1.9999975776462469 0.29999989268986166 0.0 0.0022947710822336376 5.917438482758164e-07 0.9420605537200455 0.5126465142928354 12.836370201628238 16.0 -19.166500279634477 0.7023715439020464 57273.098 57379.048 5 15 "Minimization exited successfully."
01328105 42 0.4402 57302.6994167219 1.8090964295264245e-05 0.05816164294829296 -0.12445919872570729 0.0 0.7719278075237526 9.860491927152212e-07 0.5184302898062152 0.06745720937879847 37.949711283969165 38.0 -19.603417114526128 1.048561374258984 57273.096 57386.046 12 30 "Minimization exited successfully."
01329166 17 0.7316 57308.780553006465 3.2855784572377592e-06 1.7996986701953448 0.2998666339203952 0.0 1.4402278721790935 1.974752848216132e-07 3.519999707334955 0.577442908029884 19.004194966849155 13.0 -19.095497419456947 0.7349869088989074 57277.334 57401.075 5 12 "Minimization exited successfully."
01329196 20 0.7693 57309.81835137319 3.324780883953715e-06 1.2738583773459187 0.2999992217933381 0.0 1.2470060368686973 1.6122885062586087e-07 0.7450658870945894 0.496837386943339 22.560925847159183 16.0 -19.242085478727866 0.8199503103343702 57277.321 57406.112 5 15 "Minimization exited successfully."
01329312 31 0.3444 57309.973830411844 1.990402961162541e-05 -1.7456728989554007 0.02532138921615812 0.0 0.6239770574065915 1.405061180778655e-06 0.4403119794054532 0.07481310524709198 13.691115941853639 27.0 -19.07596714576073 1.4284156072543865 57283.189 57389.086 10 21 "Minimization exited successfully."
01329615 34 0.4039 57304.39067157028 1.4747737887199631e-05 -0.25107935102665024 0.047373209548081996 0.0 0.9258890848977899 1.089859895261891e-06 0.6400335946270499 0.08194004314469802 21.393352317591777 30.0 -19.158642061918453 1.098263029320126 57278.301 57385.111 12 22 "Minimization exited successfully."
01330031 13 0.1041 57315.731145276135 0.00029540974093760224 1.8347204647038442 0.29999735833295077 0.0 0.12681128163967514 1.8353013775181115e-05 0.3929901768618431 0.3767880406084977 120.96326067853894 9.0 -19.112596474011635 0.7293070409430165 57291.079 57376.04 5 8 "Minimization exited successfully."
01330426 16 0.2595 57315.6165050845 5.93418955513847e-05 1.0795382627583212 0.11323535063976498 0.0 0.23121083616206306 1.3688076675102968e-05 0.21581136518094612 0.47633458158873543 105.998323493847 12.0 -19.55401126969764 0.8586175413419923 57288.213 57387.181 3 13 "Minimization exited successfully."
01330642 17 0.6339 57317.94623589522 7.44566055905227e-06 1.1038250650199775 0.2999999082441232 0.0 0.6320400786898972 3.4229201181928967e-07 0.5422611737450893 0.38755527377885735 14.243630429327634 13.0 -19.601113347668843 0.8476471529351528 57283.189 57403.073 6 11 "Minimization exited successfully."
01330903 20 0.5638 57305.114173941365 9.97975819070629e-06 -0.1037352593669798 -0.2993878137777802 0.0 1.6720758442788792 7.65528176864538e-07 1.0317369289347318 0.5504210016022059 20.692563425872923 16.0 -19.607815857701624 1.0883411300893329 57276.314 57396.101 8 12 "Minimization exited successfully."
01331123 17 0.2291 57318.19298935866 5.967039818748632e-05 -1.3916669964448425 -0.2999996561960022 0.0 0.31342060906172264 1.479512989073506e-06 0.3734148127131096 0.01596432933257691 21.27176064092412 13.0 -19.25447651918733 1.3694397050684728 57297.032 57386.044 6 11 "Minimization exited successfully."
01331993 30 0.7196 57327.746351466674 4.538044350335669e-06 0.6738189020859662 -0.015755292756265804 0.0 0.7054001831456844 2.9499508477776057e-07 0.5135831346049506 0.0946526103638405 17.78935334808171 26.0 -19.3957981927872 0.9325036018217929 57291.17 57403.073 11 19 "Minimization exited successfully."
01332059 18 0.5788 57324.15983139661 7.462576233457919e-06 -0.5619532513600278 0.2994665564899978 0.0 0.0003383390539966058 1.0209792343188197e-06 0.6822515829515393 0.34362891072183827 6.995560902717237 14.0 -19.361647595598964 1.1427600590026863 57288.201 57403.101 8 10 "Minimization exited successfully."
01332413 17 0.6087 57326.00395786839 6.975242049561681e-06 1.1832860854678842 0.2999999276036373 0.0 1.0255952450861514 4.965397341669118e-07 0.8051010516856714 0.3767732753303711 26.92584170149586 13.0 -19.422823983940443 0.8346761385026831 57299.144 57403.064 6 11 "Minimization exited successfully."
01333246 30 0.4379 57325.60078300318 1.0316756664832673e-05 1.6873220928370793 0.17113614743803157 0.0 1.1118612189566193 1.1825133632514811e-06 0.966385822001071 0.12737274015195738 9.759557168405513 26.0 -18.982513469199112 0.7570499177558005 57299.22 57403.101 12 18 "Minimization exited successfully."
01333438 31 0.3995 57327.19018099519 1.2461946407543724e-05 0.4268039497002576 0.133754576650147 0.0 0.6222772019245895 8.955767624788114e-07 0.5122229442678272 0.07950460550321994 33.74700731716534 27.0 -18.94895140400508 0.969115372725831 57297.346 57404.045 10 21 "Minimization exited successfully."
01334084 14 0.1335 57335.54304037515 0.0001357511040841558 -1.1443443099004038 0.10514009828905119 0.0 0.6750789338766481 1.4635057037892812e-05 0.52994903065488 0.06056965408534146 13.080950018862467 10.0 -18.84413960192207 1.278798692811307 57315.206 57396.099 4 10 "Minimization exited successfully."
01334087 4 0.2663 57359.06134409287 2.8338336051578206e-05 1.9737949511112776 0.2999998291574468 0.0 12.803077190092154 2.1502401040900123e-05 4.8302324643483106 0.5950348033778858 12.842043575789454 0.0 -18.821142129614298 0.70666206371002 57315.208 57403.099 3 1 "Covariance may not be accurate. Covariance not positive definite. Covariance forced positive definite."
01334302 17 0.4549 57332.29761265942 1.609486774640512e-05 -0.5323632286627582 -0.299703808737672 0.0 1.6377191712890635 1.6099910869454843e-06 1.3193923680947384 0.3203775756150538 3.502449248533345 13.0 -19.564973187403638 1.1750625721969747 57301.037 57407.046 6 11 "Minimization exited successfully."
01334423 28 0.3577 57336.106738958835 2.0067910185847528e-05 1.0495685496083853 0.004817544055768563 0.0 0.5384455171733862 1.0850274665893944e-06 0.5348410737354397 0.057481374888850495 12.955014823420672 24.0 -19.182965934186743 0.8675493012641589 57312.14 57408.055 10 18 "Minimization exited successfully."
01334448 16 0.5167 57331.91883547981 7.197154608057366e-06 -1.927605082526171 0.2999999973380075 0.0 2.500448966082331 1.1353840323968805e-06 1.6963476594242326 0.45431026248404294 4.730396639371304 12.0 -19.02323364607948 1.44621084609933 57301.284 57402.053 7 9 "Minimization exited successfully."
01334470 15 0.5188 57332.72468443632 8.397321234937528e-06 0.3650369851599371 0.2999998907684221 0.0 1.3179903485943214 6.49809043692939e-07 1.0052922312853718 0.30948022295807776 5.700987455049062 11.0 -19.20254455355229 0.9718943789688588 57305.283 57402.053 6 9 "Minimization exited successfully."
01334597 12 0.289 57343.50040887589 3.580235628294903e-05 0.5837275443118264 0.29999946846658126 0.0 0.12510252496576868 4.32650584875071e-07 0.13835147806517312 0.5130839272163112 9.158227924564047 8.0 -19.27738723671785 0.9342773779186437 57315.241 57406.101 5 7 "Minimization exited successfully."
01334620 15 0.1961 57335.336203076324 4.694760612413973e-05 -0.35058159411161594 0.08482845006685158 0.0 0.745349431206705 8.408947487192341e-05 0.8978132029381958 0.41885983603212645 10.06383651183324 11.0 -18.611145818964346 1.1153406193885118 57311.282 57403.062 5 10 "Minimization exited successfully."
01334644 15 0.2881 57332.41096249263 3.7848905960669034e-05 -2.0471365903473426 -0.299998883518222 0.0 0.4668809145623527 1.212164558224426e-06 0.38964974889649484 0.038105126867333 5.38521345065447 11.0 -19.32789268250194 1.5426765403768137 57311.282 57403.062 5 10 "Minimization exited successfully."
01334645 12 0.2312 57335.69510402056 4.617163267370828e-05 -0.647555745519842 0.2999382320680995 0.0 0.2790486776648322 1.119726760598351e-06 0.38936952034835626 0.5155434431746688 14.52451353347794 8.0 -18.99932664269339 1.159645379233723 57311.282 57403.062 4 8 "Minimization exited successfully."
01334707 31 0.6488 57339.856530752746 7.916130772561703e-06 -0.09205272946001752 -0.17611661263794043 0.0 0.41312963542804937 3.39254096637376e-07 0.3544931325958529 0.054824465301740816 28.33522250197391 27.0 -19.72496565720753 1.0798194251350068 57304.307 57426.071 11 20 "Minimization exited successfully."
01334879 16 0.6393 57335.68550282787 4.6992620314767475e-06 -0.4603322128947114 0.2971053480514942 0.0 0.5688509907377011 6.806916768839487e-07 0.42686018325174513 0.4550350627442513 10.34855838320859 12.0 -19.12265255978652 1.1231163342170198 57302.267 57425.071 5 11 "Minimization exited successfully."
