analysis_pipeline/fit_results/des_5_salt2_2.4_blue.ecsv
# %ECSV 0.9
# ---
# datatype:
# - name: obj_id
#   datatype: string
# - name: num_points
#   datatype: int64
# - name: z
#   datatype: float64
# - name: t0
#   datatype: float64
# - name: x0
#   datatype: float64
# - name: x1
#   datatype: float64
# - name: c
#   datatype: float64
# - name: z_err
#   datatype: float64
# - name: t0_err
#   datatype: float64
# - name: x0_err
#   datatype: float64
# - name: x1_err
#   datatype: float64
# - name: c_err
#   datatype: float64
# - name: chi
#   datatype: float64
# - name: dof
#   datatype: float64
# - name: b_max
#   datatype: float64
# - name: delta_15
#   datatype: float64
# - name: tmin
#   datatype: float64
# - name: tmax
#   datatype: float64
# - name: pre_max
#   datatype: int64
# - name: post_max
#   datatype: int64
# - name: message
#   datatype: string
# schema: astropy-2.0
obj_id num_points z t0 x0 x1 c z_err t0_err x0_err x1_err c_err chi dof b_max delta_15 tmin tmax pre_max post_max message
01248677 30 0.3280866322691178 56554.26836546624 3.4347297122017116e-05 0.919609431707304 -0.08474885304618612 0.005931268747025098 0.11204223487948184 5.156620521543107e-07 0.10654335564498352 0.014634787544735087 276.61725332779247 25.0 -19.54727040310271 0.8928201246694343 56538.34 56629.123 5 25 "Minimization exited successfully."
01250017 16 0.12168997193819586 56553.46496844214 0.00017104509079751142 0.7052888726292754 -0.2998660734316686 0.014360277028156357 0.24708648250089027 7.404089191162538e-06 0.28488498780379 0.4707364261597798 17.786605688968365 11.0 -18.882150651336094 0.9380124728754176 56534.235 56616.075 6 10 "Minimization exited successfully."
01253039 18 0.46821818394321013 56575.75789764065 1.900031047122608e-05 0.5273691050465565 -0.23317182535151207 1.0804386363805207e-05 0.0013918446020397823 6.640276267605438e-06 0.5676048784404277 0.3921506930694716 8.020853765107503 13.0 -19.81914324456958 0.9671947527971341 56547.272 56653.09 7 11 "Covariance may not be accurate."
01253101 18 0.45989428366202006 56577.060392475345 1.3593165370565098e-05 0.6626759167343859 0.15300398661055387 1.938133726858693e-05 0.3127207359066233 1.783057189438948e-07 0.214167101363528 0.01496838223723504 25.488255699226848 13.0 -19.407627722910803 0.9273443490455833 56543.096 56657.05 6 12 "Covariance may not be accurate."
01253920 15 0.14929291038295472 56583.20349994956 0.00013247043229669964 -0.5101143991549564 -0.2985544480862176 0.02727615807847472 0.18097511189989746 1.4561576908163343e-05 0.40976927203376734 0.5974099825298572 58.77030594624665 10.0 -19.08647273534615 1.170349747099074 56559.193 56649.168 5 10 "Minimization exited successfully."
01255502 10 0.1686411168247545 56592.896704953746 0.00022116307157844242 1.1068116381306439 -0.026244145712566724 0.015944352167191186 0.28833425714765326 2.033144351603761e-05 0.5357103270690411 0.052061885428960356 73.52299852228522 5.0 -19.930804436723047 0.8590238219799069 56579.125 56653.072 2 8 "Minimization exited successfully."
01257366 8 0.10442279105522073 56611.89855828867 4.6395868595208724e-05 -0.5475682064620591 0.16267748215801353 8.588710219976925e-06 1.2367672752588987e-07 0.00011529159842363357 0.6463713714993614 0.5235819522844387 9.631275943746786 3.0 -17.104337114850637 1.1492026657085646 56590.343 56675.102 1 7 "Minimization exited successfully."
01257695 11 0.13558507584696847 56613.12016468682 9.103720420404749e-05 0.27383650748796295 0.2987039903300231 0.028072556869012777 0.14929507291162736 5.153927480526513e-06 0.28042629614302195 0.4779204014407807 43.73170890867717 6.0 -18.451948974306454 0.987904888338651 56590.027 56675.074 4 7 "Minimization exited successfully."
01258906 28 0.3218871251889701 56620.96434045795 2.3957434603560924e-05 -0.2878961860761211 -0.1085272542121051 0.009271243671762908 0.19835581311781425 1.3965019643930047e-06 0.32525496955658295 0.056498593482278536 18.074322839019644 23.0 -19.107227558194015 1.1144033090228085 56594.015 56695.035 9 19 "Covariance may not be accurate."
01258940 35 0.4895452957305824 56620.2871360178 1.4135951760599341e-05 0.15644433530586266 0.04392822957270992 0.02967973886415251 0.6321664980350761 6.875394953753673e-07 0.48526223996212026 0.06733488946033492 28.949662432077 30.0 -19.61128884018429 1.0219144191441423 56590.313 56697.041 12 23 "Minimization exited successfully."
01259412 11 0.34666240711239926 56625.04789629509 3.828892925914762e-05 1.6094071147996978 -0.2927265198167931 0.02350884508196488 0.6289396967476932 4.333771797668253e-06 0.362220894229103 0.5792871761913707 0.8297731951506061 6.0 -19.809591936052723 0.7829759387119246 56603.052 56693.052 2 9 "Minimization exited successfully."
01261579 10 0.38195312462050607 56639.72895703753 3.006448504394299e-05 0.43493989150193313 -0.2999868522202351 0.0840833533572318 1.3142306548070337 5.500152259242662e-06 0.39367551324645333 0.5826361928350163 9.506802537971335 5.0 -19.793359499695327 0.9866361581275029 56616.087 56693.049 3 7 "Minimization exited successfully."
01262214 23 0.7232752520343035 56657.269561941655 5.605714351522573e-06 -0.28168231427210033 -0.2970327754393961 0.0629946564881314 1.1201142738827912 1.1368869993658162e-06 0.5492386785112493 0.4506446849043464 29.482892239138753 18.0 -19.642467967596858 1.1235178502582812 56625.281 56698.051 11 12 "Minimization exited successfully."
01262715 25 0.6330299623222315 56661.273015829545 7.525631357349627e-06 1.3763907266912412 -0.2990894185486005 0.07423721499802549 2.518492928658816 8.194824246951503e-07 1.0327218521833719 0.5089101620861674 2.740426687809946 7.0 -19.608967932322024 0.8222797614685255 56625.228 56697.09 14 11 "Minimization exited successfully."
01263369 9 0.22484300608942254 56664.89583766466 4.5291965696084294e-05 -0.27672794434730985 -0.2982794231632379 0.1416719029956701 0.9995857018548122 1.4574218037882721e-05 0.5306880252784547 0.5960800217886773 2.1212349999856572 4.0 -18.909720990214833 1.12258867135019 56645.138 56697.039 4 5 "Minimization exited successfully."
01263715 9 0.27506798296333695 56667.44405279832 4.597630172315792e-05 0.7338219999452478 -0.297285286768571 0.041429128409585264 0.6363228849841107 5.1464075820212285e-06 0.5274685691709693 0.5936713999937211 4.350434080662682 4.0 -19.425186146075504 0.9328669429323888 56645.052 56694.034 5 4 "Minimization exited successfully."
01275946 18 0.2261611354742193 57261.37831529378 6.449384203531527e-05 1.1643336748566648 0.29979528575149245 0.011639861043620775 0.16697166981975897 1.2393738176755237e-06 0.23027636590576428 0.4310621740217401 225.32684707010964 13.0 -19.309442711190364 0.8377727595155875 57248.375 57329.031 4 14 "Minimization exited successfully."
01279500 12 0.24221429700045266 57251.433091107756 4.746821342896668e-05 0.5893710199009772 0.2912166349934168 0.02521017752919008 0.4362926938047167 4.531857371163629e-06 0.2937181899553176 0.5165545159195013 20.774883212996603 7.0 -19.144524982686725 0.9337202483628246 57249.302 57319.114 1 11 "Minimization exited successfully."
01280217 32 0.37011208407404317 57250.62766136917 2.013450664450911e-05 1.9999505173911594 0.07532667643303048 0.007897489141055092 0.7072460280396626 8.495710314498913e-07 0.43644123284160274 0.050970318958129784 69.55299721816978 27.0 -19.275153687784076 0.7084401488526204 57248.391 57329.173 2 30 "Minimization exited successfully."
01281668 20 0.3042605979507754 57270.933166656556 3.2436278954217634e-05 -0.01818596572099329 0.29519132941474563 0.030550622964067797 1.0081977180998365 2.809321719610123e-06 0.6432886596924485 0.5968255243954435 36.67177423841082 15.0 -19.29866335413517 1.0403113855513482 57248.375 57342.024 5 15 "Minimization exited successfully."
01281886 36 0.34932811245781853 57267.16623021358 2.0913400115882275e-05 0.32468351791574523 0.0981643771841268 0.02936520454961422 0.7152012401129468 1.8228986023702268e-06 0.6112117498697354 0.06833249728487178 32.34587016843617 31.0 -19.167424772765173 0.9888739502696211 57248.391 57345.231 8 28 "Minimization exited successfully."
01282736 35 0.34115451878267705 57266.258588070166 1.4402473890412494e-05 -0.6720675667246603 0.176120250850279 0.028899862857612507 0.6391576064343099 1.1846792018793685e-06 0.5553925161380406 0.07617757907329531 29.00721557316328 30.0 -18.702852845886436 1.173306380402014 57249.281 57346.029 7 28 "Minimization exited successfully."
01283373 13 0.26348427392005586 57268.90278953968 5.6981644497847156e-05 -0.8507335075799292 0.05985530863339705 2.6834559019306425e-08 1.9499238987918943e-06 1.479715702186191e-05 0.45949822967483966 0.46466185900444157 4.233134327226698 8.0 -19.545887684732193 1.2186174343026934 57265.366 57332.077 1 12 "Covariance may not be accurate."
01283878 15 0.3229463504407628 57266.04892743839 2.750867890395914e-05 -0.3130853886313747 -0.29345886543982824 0.1028224906456151 2.192738229816314 1.1599752727525781e-05 1.5333420937393991 0.30114170156995773 2.0516475561072807 10.0 -19.269281221752742 1.1296522670706608 57249.305 57339.187 3 12 "Minimization exited successfully."
01283936 42 0.41828782708712825 57268.02584127741 1.0690193186310705e-05 -0.4832800304416729 0.11633271782218613 0.07473181849472207 0.9989687087836501 1.2572682678430036e-06 0.8152433021163724 0.08981735810610805 19.037084986874213 37.0 -18.899955662909804 1.1394640826416733 57248.375 57347.081 10 32 "Minimization exited successfully."
01285160 17 nan nan nan nan nan nan nan nan nan nan nan nan nan nan nan nan 0 0 "No bands in data overlap the model."
01285317 23 0.5608752708390555 57269.03827208437 1.0593839890221668e-05 0.2001870389503848 -0.29006077227273197 0.00557161408584772 0.367376480709936 3.3770282001355234e-06 0.7245075128581686 0.3117188728858817 9.98562040760922 18.0 -19.6588937630305 1.02965661344847 57248.378 57356.125 5 18 "Minimization exited successfully."
01286398 26 0.1706693027294537 57271.283586402606 9.957853129455574e-05 -1.5542724938757133 -0.00908422639093115 0.015448929001231543 0.39634704300624435 4.563982610775173e-06 0.2494843348706518 0.04522193951802862 49.856393442583176 21.0 -19.09135404689479 1.384112171916037 57249.293 57331.145 6 20 "Minimization exited successfully."
01287626 5 0.2785945320365113 56683.45179044618 3.5570728035219655e-05 -1.1934061939261404 0.050512021603698054 0.1458932557203236 1.2255795924684207 9.075512506605267e-06 1.4426618430535427 0.47153546048274536 0.04928320374975779 0.0 -19.17288382990449 1.2942383682688607 56660.105 56697.068 3 2 "Covariance may not be accurate. Covariance not positive definite. Covariance forced positive definite."
01289288 19 0.2282189838386065 57272.81713522211 2.5939304464595025e-05 -1.1300010356776573 0.17561396819709707 0.25853014100411875 6.5516130707728735 0.030264366548051987 3.426395592344343 0.5320870907780028 12.527388742463268 14.0 -18.337999079201854 1.2698663212154564 57248.375 57347.079 3 16 "Covariance may not be accurate."
01289555 20 0.45794137301053545 57273.77714659983 8.519139481411031e-06 0.3204219449833836 0.29998494050762375 0.5602232884817182 5.926654461043654 5.569194295720892e-06 1.512804595981251 0.32721689550796035 15.312208293521259 15.0 -18.892568537410135 0.9796748889806253 57248.393 57365.112 4 16 "Covariance may not be accurate. Covariance not positive definite. Covariance forced positive definite."
01289600 34 0.3934802088342511 57283.143664873445 1.2365062043645515e-05 1.2699270985705686 0.08933598593148145 0.019133078895820915 0.42428301306426874 3.892740387229086e-07 0.32909340043346647 0.03948073072157279 81.24904582800008 29.0 -18.901709011869297 0.8279191355443558 57255.37 57365.221 6 28 "Minimization exited successfully."
01289656 19 0.5139732831668887 57269.617345621766 8.257259081359547e-06 -0.6724072836659083 0.130888418299706 2.570376412269759e-07 1.3674813089892268e-05 5.705586356588577e-06 1.230496443671059 0.43397296841094124 9.516095613766606 14.0 -19.15522237065378 1.1765209283475713 57255.415 57355.242 2 17 "Covariance may not be accurate."
01289664 17 0.26727452221217146 57278.572555612875 3.96506827180787e-05 -1.301292723184663 0.2999900225938809 0.014884640860765047 0.4299682600867527 6.55782642686173e-07 0.2767980692890889 0.4820266525640546 67.66605855034385 12.0 -19.19212002271927 1.2970192251243127 57252.305 57345.229 5 12 "Minimization exited successfully."
01290779 22 0.4228425806602122 56892.139866008576 1.6145294202857265e-05 -0.8646887451332583 -0.028137474430344367 0.02256581095599816 0.6867822118983895 7.491669496678684e-07 0.5583310391836929 0.049632769528609594 11.486315941083674 17.0 -19.3745979465686 1.227921177405733 56887.393 56973.319 4 18 "Minimization exited successfully."
01290816 10 0.21442518866105692 56891.36708422423 5.073253207927564e-05 1.306382463219328 0.2998987453601398 0.018800770910598688 0.4623299516533734 9.499789061909167e-07 0.40947067274019955 0.46611549742643654 89.19116714538532 5.0 -18.918589209245944 0.8146789106351378 56887.393 56960.273 1 9 "Minimization exited successfully."
01291080 13 0.49579089035424373 56889.752722936886 9.86928111248453e-06 -2.8467226632667044 0.2999940443700539 0.03033698368135171 1.9909457052381185 5.8037142841999e-07 3.0643596543123692 0.5962337522564611 17.502536774658385 8.0 -19.25763526494933 1.7079995181963028 56887.272 56973.077 1 12 "Minimization exited successfully."
01291090 13 0.234950897526835 56904.35293364724 6.461115106718708e-05 0.9578507751589607 -0.2998135551351541 0.02244925364966896 0.43035557754410547 6.0708259510725045e-06 0.4749388570920172 0.5025246506994973 24.88860587748889 8.0 -19.40449888018642 0.8937599072291498 56887.213 56973.023 3 10 "Minimization exited successfully."
01291794 37 0.32175559661449116 57277.53572535683 2.3326085030661582e-05 -0.1584929682499734 -0.15431645759679802 0.06456095609633836 1.243511733959167 2.233673654834788e-06 0.7770479633753522 0.08575743421803496 20.197888510411488 32.0 -19.07787470791891 1.0915578340220264 57252.291 57356.172 12 25 "Minimization exited successfully."
01291957 29 0.35738392054595114 56905.24981206609 2.5905190924951918e-05 0.23799933039928955 -0.07830867479524056 3.0985251309179063e-09 6.456449773395434e-05 1.0532446673802702e-06 0.2406442148809571 0.043487728373151804 60.48212033201132 24.0 -19.457512494653216 1.012932988976516 56877.181 56980.028 8 21 "Covariance may not be accurate."
01292145 19 0.4834648252692609 57275.12944954236 8.612651726958022e-06 1.5905707699563667 -0.29792958375267053 0.5551150719936866 77.77693902583269 0.030468192583265444 3.883838147667344 0.39542623490828704 8.852855839629783 14.0 -19.046409206175056 0.7862673104999907 57252.293 57356.172 4 15 "Covariance may not be accurate."
01292195 19 nan nan nan nan nan nan nan nan nan nan nan nan nan nan nan nan 0 0 "No bands in data overlap the model."
01292332 12 0.26099432897947755 56901.16902236581 5.620455638492561e-05 0.3779279031213436 -0.1232327740690394 2.824075485408084e-07 7.86692908150144e-06 2.418363627743059e-05 0.45902934436355314 0.31683429304817695 27.234107379735732 7.0 -19.508667240575974 0.9895036183543944 56890.331 56973.185 1 11 "Minimization exited successfully."
01292336 12 0.27286408555180613 56902.698523223946 5.433251276250606e-05 0.15391364039870492 -0.2988931220998002 0.032441249522059706 0.7352345383442298 5.8367737396869415e-06 0.43478930516177083 0.3700512595467443 12.842372893157819 7.0 -19.586020278276706 1.038768105570714 56890.331 56973.185 1 11 "Minimization exited successfully."
01292560 11 0.16912964146903653 56903.35785640539 8.444688267886247e-05 0.2228433441860731 -0.05549892334365447 0.03728605154041727 0.8461682895467675 1.3351303173261833e-05 0.601785584593783 0.1549279610170805 39.174394262735866 6.0 -18.891772487084665 1.0146289092437648 56903.225 56973.038 1 10 "Covariance may not be accurate. Covariance not positive definite. Covariance forced positive definite."
01293319 14 0.3177063824169023 56914.182849008655 3.298624831823971e-05 1.9999988111494362 0.29999172574150984 0.2970924699083619 12.61036476623849 0.030451941687545673 3.6685972285545767 0.5300178618880833 15.115914209972223 9.0 -19.428113971996435 0.702371568153449 56887.27 56980.068 3 11 "Covariance may not be accurate."
01293758 17 0.14492081391257233 56915.77578354043 0.000133901135678835 -1.252834236981816 -0.002988220147030707 5.8488778514886874e-08 8.291714766528457e-05 1.7406533704786178e-06 0.13806188909535144 0.02391606178059541 144.65558549698198 12.0 -19.022777015210046 1.312171232676615 56903.107 56980.026 6 11 "Minimization exited successfully."
01294014 22 0.3512125502684165 56919.63774385694 2.4306212750010992e-05 0.7706588145452846 -0.04448905983810758 1.4401608117053932e-05 0.0009581315280229319 1.3536025379970444e-06 0.4343097247508314 0.08408049263991464 41.447075439728025 17.0 -19.344226169731023 0.9168843512542537 56890.388 56990.199 5 17 "Covariance may not be accurate."
