analysis_pipeline/fit_results/des_4_sn91bg_color_interpolation_red.ecsv
# %ECSV 0.9
# ---
# datatype:
# - {name: obj_id, datatype: string}
# - {name: num_points, datatype: int64}
# - {name: z, datatype: float64}
# - {name: t0, datatype: float64}
# - {name: x0, datatype: float64}
# - {name: x1, datatype: float64}
# - {name: c, datatype: float64}
# - {name: z_err, datatype: float64}
# - {name: t0_err, datatype: float64}
# - {name: x0_err, datatype: float64}
# - {name: x1_err, datatype: float64}
# - {name: c_err, datatype: float64}
# - {name: chi, datatype: float64}
# - {name: dof, datatype: float64}
# - {name: b_max, datatype: float64}
# - {name: delta_15, datatype: float64}
# - {name: tmin, datatype: float64}
# - {name: tmax, datatype: float64}
# - {name: pre_max, datatype: int64}
# - {name: post_max, datatype: int64}
# - {name: message, datatype: string}
# schema: astropy-2.0
obj_id num_points z t0 x0 x1 c z_err t0_err x0_err x1_err c_err chi dof b_max delta_15 tmin tmax pre_max post_max message
[from data line 56]
01297026 29 0.2585 56888.23700000017 2.220446049250313e-16 1.1185535606777783 0.5224365189030531 0.0 0.023596507369802566 0.0 0.0002140234442142841 0.0004255233515583212 1502.8140479737588 25.0 -18.536022685830872 1.5556966727958255 56903.36 57001.099 0 29 "Covariance may not be accurate."
01297465 32 0.2778 56925.23148803436 3.608224830031759e-17 0.9325614346220064 0.2665374115844773 0.0 29.551402652305114 0.030748011725563018 0.42201138087387796 0.7396888550414441 7454.829924968768 28.0 -17.240897738780188 1.7522458211023633 56912.258 57008.065 4 28 "Covariance may not be accurate."
01298281 29 0.2351 56900.26960116274 1.970645868709653e-16 1.224854798286778 0.3858635526096646 0.0 24.77676400542623 0.030746570478828658 0.4137595121614141 0.6785822708382033 1229.7772137979894 25.0 -18.45871926623675 1.4732219209637627 56915.269 57003.049 0 29 "Covariance may not be accurate."
01298893 15 0.1962 56900.32646526228 6.383782391594651e-17 1.2225597587037216 0.02304111192497399 0.0 0.013868852871382842 1.387778780781447e-18 0.09604346088603133 0.002069808962539138 508.25362411415455 11.0 -17.483495486681008 1.4747512603564061 56915.299 56992.068 0 15 "Covariance may not be accurate."
01299643 17 0.38 56930.22030528402 2.7755575615628915e-18 0.7555581379602323 0.10906965607695085 0.0 30.559187444730924 0.032101668771684175 0.34779225738532954 0.5412994707591563 973.5223071836082 13.0 -15.576244951582023 2.027470379448541 56912.35 57018.078 3 14 "Covariance may not be accurate."
01299775 23 0.1598 56933.441803434784 3.635980405647388e-16 0.650010796694585 0.030226891632262776 0.0 32.44353642512215 0.03551661012384435 0.42493859593717576 0.5359423896101716 294.2777628987375 19.0 -18.866635462583243 2.262312859386167 56920.298 57004.045 3 20 "Covariance may not be accurate."
01299785 15 0.3813 56930.90114659881 8.326672684688675e-18 1.0929303560948083 0.12477131334453229 0.0 29.970462566543574 0.031643152629658285 0.37852881562695734 0.5527900600103461 238.09774365027235 11.0 -16.748009666169917 1.5789388287555965 56920.298 57025.079 2 13 "Covariance may not be accurate."
01300516 36 0.3104 56933.647286919186 2.7755575615628914e-17 0.6511359369537946 0.23963397282030724 0.0 0.09033688060299028 0.0 0.0010603803687077584 0.0008795795483221291 2056.0562704131207 32.0 -17.28582420299093 2.259495509704916 56923.293 57025.093 6 30 "Covariance may not be accurate."
01300912 17 0.3376 56930.83235513837 8.326672684688675e-18 0.8853985437044223 0.5002994299425858 0.0 0.00855090682307491 0.0 0.0001375036784695416 0.41467983786076246 1656.011426366541 13.0 -15.676003256680215 1.8159304737624637 56920.245 57019.147 2 15 "Covariance may not be accurate. Covariance not positive definite. Covariance forced positive definite."
01301933 31 0.3299 56943.21663993636 4.4408920985006264e-17 1.1264637024613007 0.4323084700922896 0.0 33.88815716632598 0.037056124614131894 0.4426355795672632 0.7148982126211026 6919.02019587227 27.0 -17.59111165122348 1.5487619529019625 56924.209 57025.117 6 25 "Covariance may not be accurate."
01302058 31 0.1984 56920.38571574705 3.4416913763379854e-16 1.249802016508212 0.3748434756018376 0.0 24.19144413428876 0.03074684468320102 0.36432439497446806 0.6749086057666762 4277.979953860291 27.0 -18.67070702479893 1.4569171460616595 56935.365 57025.079 0 31 "Covariance may not be accurate."
01302141 24 0.6088 57267.11192920995 8.326672684688675e-18 1.2317956427111643 0.0015967403754150733 0.0 29.291026162598428 0.030760301594272357 0.3216003870999095 0.5977587733248446 105.24862051394095 20.0 -18.181705932602732 1.468600435138569 57248.411 57365.044 5 19 "Covariance may not be accurate."
01302187 31 0.2195 56910.3341239849 8.881784197001253e-17 1.2259046249512933 0.5660235886020455 0.0 0.0016826600003696512 1.387778780781447e-18 0.440361178349782 0.0040383563821273505 1375.1663112156352 27.0 -17.06490856636894 1.4725231438837945 56925.328 57019.148 0 31 "Covariance may not be accurate."
01302523 15 0.4239 57250.24992224629 2.7755575615628915e-18 1.070764217126381 0.25090338032538817 0.0 38.39954220048821 0.04778707833250531 0.3320701580198194 0.62514816751571 1429.5899143606039 11.0 -15.553868056962429 1.599939625380646 57265.24 57366.076 0 15 "Covariance may not be accurate."
01302648 30 0.2319 56935.46359580963 2.1094237467877976e-16 0.6500083430582362 0.5000444417881493 0.0 0.3361929851525929 9.714451465470122e-18 0.00044208245331739393 0.047671280038677044 993.1794090868195 26.0 -18.24808882244859 2.262335470949427 56925.162 57017.08 5 25 "Covariance may not be accurate. Covariance not positive definite. Covariance forced positive definite."
01303004 37 0.2949 56919.49190689426 1.3877787807814457e-17 0.6824634143052248 0.001180083656888653 0.0 25.648219279806654 0.03092866594295372 0.30571255833961863 0.6002086627071694 6345.790436964933 33.0 -16.866427586973447 2.1840133606119743 56934.371 57033.047 0 37 "Covariance may not be accurate."
01303279 26 0.1724 56958.10667640113 1.7763568394002506e-16 0.6505078946980279 0.43938732068108943 0.0 0.23022345191930071 2.7755575615628815e-18 0.028783144215967338 0.02231860897990559 1480.354516771531 22.0 -17.481570694582224 2.2610771359959685 56943.237 57033.169 4 22 "Covariance may not be accurate."
01303496 22 0.1798 56951.45358393792 1.4155343563970747e-16 1.224859360357084 0.00023156658332890157 0.0 29.643273694404343 0.031749205705900715 0.42757320226723966 0.6212731345014737 558.5835169438377 18.0 -18.17361610472347 1.4732077265733352 56943.182 57032.15 3 19 "Covariance may not be accurate."
01303883 38 0.455 57250.227367793974 1.332267629550188e-16 1.2496307530452055 0.5178816842680727 0.0 24.46186039316308 0.030798787061500413 0.3751304210050396 0.7150519276001794 1479.7220469248118 34.0 -19.424106251955827 1.4570300072893545 57265.227 57356.127 0 38 "Covariance may not be accurate."
01303952 21 0.455 57252.48170725454 0.0 0.6509233130718659 0.517638880057205 0.0 0.0 0.0 0.0 0.0 134.718759158555 17.0 inf nan 57249.286 57373.057 1 20 "Hesse Failed. Covariance may not be accurate. Covariance not positive definite."
01304127 0 0.7286 nan nan nan nan 0.005 nan nan nan nan nan nan nan nan nan nan 0 0 "Empty table passed to fit_lc."
01304442 9 0.455 56928.14213368978 2.7755575615628914e-17 1.0299449608890898 1.0861285707375323e-05 0.0 0.00027532064632396214 0.0 7.42367753160389e-05 0.0017047162794148751 2898.8695743967287 5.0 -18.72766313992517 1.640565823421376 56943.114 57012.24 0 9 "Covariance may not be accurate."
01304678 29 0.455 56928.23703498687 1.5265566588595902e-16 1.2225738915670916 0.500102244963108 0.0 25.410985056681966 0.03147535722248979 0.3099270378237507 0.7190732504669909 264.66282637075835 25.0 -19.60028493071061 1.4747552444212424 56949.328 57033.168 0 29 "Covariance may not be accurate."
01305504 16 0.455 56928.19311144761 4.4408920985006264e-17 0.6502315143101557 0.44738761835004087 0.0 27.191440586011595 0.03411666575448322 0.4036436830866721 0.7212929339838472 1808.6971230268653 12.0 -18.3826435277227 2.2617721439314735 56943.3 57052.047 0 16 "Covariance may not be accurate."
01305626 26 0.455 56934.26424888563 7.494005416219807e-17 1.2474300896013348 0.4752718753753157 0.0 23.579632396362285 0.030754254592436695 0.3848499619095401 0.7045215833478835 9257.104662135127 22.0 -18.887400471892814 1.4584418629922915 56949.15 57045.061 0 26 "Covariance may not be accurate."
01306029 20 0.455 57273.30955813673 2.7755575615628914e-17 0.9084777914354376 0.5643112668123147 0.0 0.33771998321753927 0.0 0.002343658595112874 0.004161495457338182 92.39606635629814 16.0 -17.643205419911013 1.784013551546309 57248.395 57355.217 4 16 "Covariance may not be accurate."
01306073 27 0.455 56934.12681111289 1.665334536937735e-17 0.9281820161865177 0.0010462878788271568 0.0 24.51037669064317 0.030815880977419167 0.4314934761894163 0.6010819907495332 1933.0384946513254 23.0 -18.171409252174463 1.7578883753473846 56949.15 57045.061 0 27 "Covariance may not be accurate."
01306141 16 0.455 56958.607538504766 2.7755575615628915e-18 0.6500000612961041 0.04142294775504518 0.0 30.55745885966462 0.033164179823905945 0.39788030932017865 0.5215651105617395 743.3863731055751 12.0 -16.16039694493254 2.262340217910122 56949.344 57051.151 1 15 "Covariance may not be accurate."
01306360 21 0.455 57241.74889747243 0.0 1.2089868673486 0.5197741522673155 0.0 0.0 0.0 0.0 0.0 114.68487787880439 17.0 inf nan 57250.337 57355.245 0 21 "Hesse Failed. Covariance may not be accurate. Covariance not positive definite."
01306390 17 0.455 57265.44414025942 2.7755575615628915e-18 0.6500000000031944 0.0012104366984440063 0.0 30.000297160982882 0.03143999987085512 0.3772807859714791 0.6292755111611708 82.72776145523392 13.0 -16.225771983789972 2.262339189700267 57253.408 57355.23 2 15 "Covariance may not be accurate."
01306537 20 0.455 57250.37139338748 8.326672684688675e-18 0.6547548947358328 2.3535341034164325e-05 0.0 25.302137317037705 0.03195508898886288 0.40597866090139795 0.616960325650291 406.4171443884906 16.0 -17.420446173160883 2.250456201042727 57265.371 57365.19 0 20 "Covariance may not be accurate."
01306626 20 0.455 57240.413012072626 1.1102230246251566e-17 0.9270597181085402 0.046608120163437794 0.0 25.5343872767844 0.03211481783065653 0.44149841125017175 0.6929020553635447 367.60867987309297 16.0 -17.656823460993383 1.759346933294804 57255.418 57355.245 0 20 "Covariance may not be accurate."
01306785 12 0.455 57262.61526513165 2.7755575615628915e-18 0.777094343995573 0.0004730401942241169 0.0 29.926853873828804 0.03116979050977222 0.4483717196472423 0.6239645284469526 82.13582455141602 8.0 -16.22693499979394 1.9871321742556418 57248.426 57311.114 4 8 "Covariance may not be accurate."
01306980 24 0.455 57277.22817355314 2.7755575615628915e-18 0.8632692007362666 0.0013168791017328374 0.0 25.55769702453472 0.032049666905885205 0.4536827488546901 0.6298799019236192 93.29536741994798 20.0 -16.22560423142634 1.8477283683796841 57252.236 57372.039 6 18 "Covariance may not be accurate."
01306991 20 0.455 57250.20900290151 8.326672684688675e-18 1.105516414568652 0.17237707823150822 0.0 24.771372278108174 0.030969901357371536 0.4465142298304369 0.5836113122665949 67.79890311010394 16.0 -17.108058758224256 1.5673719805102202 57265.217 57365.044 0 20 "Covariance may not be accurate."
01307277 19 0.455 57265.201925974136 2.7755575615628915e-18 0.704106567598374 0.4670171357804495 0.0 27.353654979579005 0.031930966001817065 0.308757243364729 0.7141878662222124 137.88032206030388 15.0 -15.328133941356658 2.1347694834925512 57256.299 57365.115 1 18 "Covariance may not be accurate."
01307830 15 0.455 57242.356096682386 8.604228440844963e-17 1.167959160852951 0.47387877900426684 0.0 25.30956081631666 0.03074756002613429 0.4368283303712222 0.7040924415509953 455.44094497366297 11.0 -19.04064968074583 1.5144499849227273 57265.301 57365.135 0 15 "Covariance may not be accurate."
01308314 19 0.455 56959.77809741848 2.7755575615628915e-18 0.8332495721517241 0.10627309337379637 0.0 30.080534901673673 0.031400737666495926 0.45050130915988346 0.5391673802826895 749.5013108106086 15.0 -16.04589836965613 1.8930031578076836 56943.185 57051.151 3 16 "Covariance may not be accurate."
01308326 31 0.455 56970.83405538947 6.106226635438361e-17 0.6500319956448617 0.06559489355460141 0.0 32.74304145426504 0.0355753163363403 0.4247257167065269 0.7040103518310721 813.465610082178 27.0 -19.475174311256566 2.2622606441055098 56956.145 57045.113 6 25 "Covariance may not be accurate."
01308568 21 0.455 57265.301442919445 0.0 0.650000927119486 0.5001680270389144 0.0 0.0 0.0 0.0 0.0 162.51097047856481 17.0 inf nan 57256.271 57379.066 2 19 "Hesse Failed. Covariance may not be accurate. Covariance not positive definite."
01308582 15 0.455 57251.13195474004 1.1102230246251565e-16 1.2402605469124504 0.4912442718841152 0.0 21.909648338092666 0.0307503628577073 0.39861675508697497 0.7083804355293556 307.03628404635776 11.0 -19.2761141315384 1.4630746877083745 57265.24 57366.076 0 15 "Covariance may not be accurate."
01308884 38 0.455 57292.15310326976 1.2156942119645465e-15 0.6500000000164389 0.8032712246776758 0.0 8.413189425482415e-05 0.0 1.619482326020716e-11 0.003893389397731095 73097.72594367023 34.0 -21.27681743237538 2.2623570965983433 57276.324 57355.251 10 28 "Covariance may not be accurate."
01308957 18 0.455 57261.3692035975 0.0 0.6500000152563192 0.5000450533639467 0.0 0.0 0.0 0.0 0.0 68.25732099115618 14.0 inf nan 57253.336 57373.057 2 16 "Hesse Failed. Covariance may not be accurate. Covariance not positive definite."
01309288 30 0.455 56946.631296100226 6.383782391594651e-17 0.9733497518065846 0.39968285713962826 0.0 23.264922867154382 0.030898661639596956 0.4204709084287482 0.6843086062449224 546.1182731396011 26.0 -18.87714948356112 1.7023525208027372 56961.361 57061.067 0 30 "Covariance may not be accurate."
01309492 17 0.455 56988.249661395064 6.383782391594651e-17 0.6526888762959842 0.4793833521088684 0.0 24.790170847623813 0.03074626845477815 0.3852116828745705 0.7054507243225775 1320.6624047857215 13.0 -18.703648544312394 2.2556157464053754 56966.23 57067.046 4 13 "Covariance may not be accurate."
01309749 0 0.7893 nan nan nan nan 0.01 nan nan nan nan nan nan nan nan nan nan 0 0 "Empty table passed to fit_lc."
01310338 19 0.455 56934.11200419318 5.551115123125783e-18 1.1666005173532938 0.0006160991075743749 0.0 24.70631268163197 0.030889758218158623 0.439113826785869 0.6043430144915806 631.8325994369659 15.0 -16.979284427525958 1.5155036936035842 56949.119 57052.042 0 19 "Covariance may not be accurate."
01310395 35 0.455 56981.05531680119 1.665334536937735e-17 0.6500004834629164 0.0032238760596965954 0.0 25.223200867945707 0.03300282065142693 0.3962849608785946 0.6380341240974707 2298.60288265637 31.0 -18.167968726139645 2.262338029002592 56956.208 57052.042 8 27 "Covariance may not be accurate."
01312274 14 0.455 56973.54015596607 8.326672684688675e-18 1.0161539504113275 0.579297585736367 0.0 29.452418335458788 0.031878987148551904 0.4488840862386985 0.7422919898626272 82.00062902119761 10.0 -16.309658608777784 1.654974478715328 56960.265 57045.113 3 11 "Covariance may not be accurate."
01313594 28 0.455 56958.06514434635 2.7755575615628915e-18 1.0298492643413466 0.08368916591880127 0.0 24.899663276988576 0.03174371107988227 0.4068065209188207 0.5208218650758017 4552.141323813236 24.0 -16.087156739330275 1.6406666588531102 56973.04 57051.058 0 28 "Covariance may not be accurate."
01314897 15 0.455 57258.40201856435 4.4408920985006264e-17 1.1594148823333223 0.17649156399664412 0.0 24.538294172099995 0.031581168698900715 0.43851413463404054 0.5827323049277455 668.6831026386484 11.0 -18.916880010785032 1.521217570716825 57273.363 57373.072 0 15 "Covariance may not be accurate."
01315192 22 0.455 56997.71492334881 1.1657341758564144e-16 1.079542532353182 0.3226441951481326 0.0 31.041714751398104 0.03362253255077112 0.4733004027527502 0.6559237680336872 1884.683154330755 18.0 -19.675834460672665 1.5915380263672283 56987.198 57052.1 3 19 "Covariance may not be accurate."
01315259 24 0.455 56990.82472692136 2.7755575615628915e-18 1.0806108839803286 0.04891061167466193 0.0 29.86660574687994 0.03147383855247189 0.45213146021821476 0.5129377873605977 4601.147296020165 20.0 -16.14777709666506 1.5905139806242872 56980.183 57049.073 5 19 "Covariance may not be accurate."
01315296 14 0.455 56991.159266877075 2.7755575615628915e-18 1.1464546486095826 3.197290833256705e-06 0.0 29.561040247634082 0.030940556913936896 0.3498194318416497 0.6141715838592554 201.20508342624476 10.0 -16.22767518976631 1.5317791376219212 56973.19 57049.072 4 10 "Covariance may not be accurate."
