analysis_pipeline/fit_results/des_5_salt2_2.4_all.ecsv
# %ECSV 0.9
# ---
# datatype:
# - {name: obj_id, datatype: string}
# - {name: num_points, datatype: int64}
# - {name: z, datatype: float64}
# - {name: t0, datatype: float64}
# - {name: x0, datatype: float64}
# - {name: x1, datatype: float64}
# - {name: c, datatype: float64}
# - {name: z_err, datatype: float64}
# - {name: t0_err, datatype: float64}
# - {name: x0_err, datatype: float64}
# - {name: x1_err, datatype: float64}
# - {name: c_err, datatype: float64}
# - {name: chi, datatype: float64}
# - {name: dof, datatype: float64}
# - {name: b_max, datatype: float64}
# - {name: delta_15, datatype: float64}
# - {name: tmin, datatype: float64}
# - {name: tmax, datatype: float64}
# - {name: pre_max, datatype: int64}
# - {name: post_max, datatype: int64}
# - {name: message, datatype: string}
# schema: astropy-2.0
obj_id num_points z t0 x0 x1 c z_err t0_err x0_err x1_err c_err chi dof b_max delta_15 tmin tmax pre_max post_max message
[from data line 190]
01341370 32 0.3427639264355289 57372.07599997865 1.5876587502863804e-05 -0.6975745716595227 0.14986173002650294 0.013444249205476239 0.01679563839934417 6.140687131367392e-07 0.2818362723351675 0.035831336315160056 129.42721811194443 19.0 -18.820122944533168 1.1803364296367214 57347.076 57403.052 12 20 "Minimization exited successfully."
01341894 28 0.3105547219304651 57390.05095828892 2.9162766600696056e-05 -0.05551052338066986 -0.04015003635666936 0.02125318110750843 3.8495801396238676 8.637988849508054e-07 0.3413432489453192 0.04993848261183653 6.756031591185738 16.0 -19.229979521476473 1.0657148127221916 57365.051 57427.057 16 12 "Minimization exited successfully."
01342255 25 0.20843803446093 57390.106999999596 8.555351133209822e-05 0.42611744791855255 -0.03936061498006699 0.006542473915537833 0.023412731930875452 8.714388146216487e-07 0.16524558045028193 0.01772101966214376 23.113895776261078 14.0 -19.411220986867946 0.9771270077186394 57365.107 57428.056 16 9 "Minimization exited successfully."
01343208 36 0.18255108870727 57380.25099990026 1.0676993564104343e-05 -2.9999999984377435 0.2999999768183879 0.004241505136367452 0.004947544501192169 2.3082666948809304e-07 0.046923603444723794 0.0023012774174163697 615.2132173651867 21.0 -16.833368702328553 1.7581777703600032 57355.251 57426.117 16 20 "Minimization exited successfully."
01343337 31 0.33092818982156924 57393.836480285085 1.7515294934825065e-05 1.1582748460413175 0.16694797835408298 0.014315396493576715 0.7143381636160484 7.976017240812767e-07 0.6846043791062417 0.044410830671202856 20.077184683183095 18.0 -18.839353666842705 0.8436284087428092 57372.223 57426.147 15 16 "Minimization exited successfully."
01343401 24 0.3955251267082889 57395.246045376705 2.4750440762957848e-05 1.1346476324664483 -0.07251493796562278 0.028639050336033284 0.9798542701173574 1.2002779345932093e-06 0.8898219916313586 0.06395402643113571 3.8314476741318533 13.0 -19.668118547040446 0.8559300877746416 57372.046 57427.057 16 8 "Minimization exited successfully."
01343533 31 0.366411669202571 57389.45021411129 1.5327360197062156e-05 -0.5574135322751204 -0.0035951655133133475 0.0467552558354665 1.1768729598843493 1.1476590179027024e-06 1.2149626041547803 0.11296691558715904 9.666364145039534 18.0 -18.950546556094668 1.1620675014581394 57365.036 57407.048 19 12 "Minimization exited successfully."
01343759 32 0.43702730335325995 57390.133 1.4565799740853814e-05 -1.0898414091812876 -0.17086070843044546 0.012393221500189594 0.004800974937097635 2.6932925717565414e-07 0.13134929651150884 0.01203186889069266 543.7678827455333 19.0 -19.34935844909288 1.288091582572477 57365.133 57426.118 16 16 "Minimization exited successfully."
01343871 28 0.3599992219012699 57380.222999785234 7.379275660665541e-06 -1.9965863631375669 0.20013113738299465 0.010127116075242165 0.04247878989917808 4.1426538870820193e-07 0.40721160038859083 0.053058840683794406 110.79539797076832 16.0 -18.113427920919435 1.4748730864831145 57355.223 57408.057 12 16 "Minimization exited successfully."
01344692 28 0.3440358721137339 57391.05399691566 8.259609071314956e-06 -2.0222450023965104 0.25484116622962855 0.027671790497644566 0.29620911402162164 7.677370614023186e-07 1.1986081207836057 0.09662149772346068 8.985925155696393 16.0 -18.121721484603892 1.475600315330233 57366.054 57427.068 16 12 "Minimization exited successfully."
01345553 24 0.28062725448491205 57393.898498039314 3.5430906799918674e-05 0.3272356052417731 -0.08723056642369192 0.025546778675961473 0.45994948569568805 9.968277431743353e-07 0.46781561950241435 0.029172997999791755 9.072604460167703 13.0 -19.18783290096355 0.9970766677098304 57372.046 57427.057 12 12 "Minimization exited successfully."
01345582 28 0.35864277455299753 57390.05099999809 1.6686406723337432e-05 -1.3118900107412848 0.012070299957063768 0.008202041957867418 0.022583141009818064 5.627020658524606e-07 0.39991100917348066 0.034888500625512214 178.58347389348876 16.0 -18.987763435864714 1.3245460301431393 57365.051 57427.057 16 12 "Minimization exited successfully."
01345594 23 0.384475867998924 57397.04599565177 2.047012925238123e-05 -0.3097356255635315 -0.06472409936070225 0.045432230534136475 2.7330243645992596 1.1365993133394262e-06 0.8631936243456764 0.11917045123580053 9.407614027569139 12.0 -19.38808226511616 1.1162078194038294 57372.046 57427.057 16 7 "Minimization exited successfully."
01346137 28 0.19953185732963813 57400.04599997467 1.8471969907846166e-05 -0.156087303521395 0.29997681808963744 0.012066724337285728 0.1702979233559745 5.294144784187542e-07 0.40616703513473973 0.4050308673674187 9.127063742155615 16.0 -17.645081633885663 1.0653559915246866 57375.046 57425.153 16 12 "Minimization exited successfully."
01346387 28 0.3548951392700746 57394.89063627813 1.6757145598234047e-05 -1.8193516380497805 -0.0032825548736823973 0.005561024370926121 0.1739601793451584 2.6698750220655145e-07 0.278427624239593 0.01424636506370347 14.374548064461178 16.0 -18.965360690848254 1.4501561296455705 57372.127 57426.118 15 13 "Minimization exited successfully."
01346956 20 0.33454959811462653 57411.97267066536 3.6101898127435804e-05 0.8048462039665716 -0.10860138432983643 0.014266116192281852 0.30247963660076493 9.625072975014158e-07 0.3237042677411861 0.025414896270901488 24.08246461616177 10.0 -19.650870030646225 0.9134417273548934 57387.178 57426.147 16 4 "Minimization exited successfully."
01346966 27 0.10940640265965915 57401.056999934626 3.4570412827095164e-05 -2.7766682213417693 0.1456760200693365 0.006318912625000138 0.013546331381803611 7.415778782215985e-07 0.24067676113198178 0.02216027578490623 157.20189326586203 15.0 -16.89219635899157 1.7087569060888086 57376.057 57426.147 15 12 "Minimization exited successfully."
