analysis_pipeline/fit_results/des_4_salt2_2.4_all.ecsv
# %ECSV 0.9
# ---
# datatype:
# - name: obj_id
#   datatype: string
# - name: num_points
#   datatype: int64
# - name: z
#   datatype: float64
# - name: t0
#   datatype: float64
# - name: x0
#   datatype: float64
# - name: x1
#   datatype: float64
# - name: c
#   datatype: float64
# - name: z_err
#   datatype: float64
# - name: t0_err
#   datatype: float64
# - name: x0_err
#   datatype: float64
# - name: x1_err
#   datatype: float64
# - name: c_err
#   datatype: float64
# - name: chi
#   datatype: float64
# - name: dof
#   datatype: float64
# - name: b_max
#   datatype: float64
# - name: delta_15
#   datatype: float64
# - name: tmin
#   datatype: float64
# - name: tmax
#   datatype: float64
# - name: pre_max
#   datatype: int64
# - name: post_max
#   datatype: int64
# - name: message
#   datatype: string
# schema: astropy-2.0
obj_id num_points z t0 x0 x1 c z_err t0_err x0_err x1_err c_err chi dof b_max delta_15 tmin tmax pre_max post_max message
[from data line 52]
01295921 54 0.5239 56913.10994348488 7.779342229963238e-06 0.641915190863823 0.0920785743591298 0.0 1.1891503144652233 7.947045942605094e-07 1.1252754773766565 0.09020219586110725 37.115151724922654 37.0 -19.14102250985997 0.933524895466121 56890.386 56990.201 8 46 "Minimization exited successfully."
01296273 63 0.397 56926.41589539862 2.6505630150239214e-05 0.07084228724905817 -0.17405680336074977 0.0 0.49024382219067775 5.027752374278663e-07 0.30973994686600026 0.014830493422276353 77.26052673286964 43.0 -19.75240681680707 1.0486053552528887 56903.383 57003.049 12 51 "Minimization exited successfully."
01296321 51 0.1844 56930.965738184335 5.420342786344179e-05 0.547200742173823 0.11306024353263056 0.0 0.0002231756989203859 4.1877144675850624e-07 0.14137081134892027 0.010108095830647396 46.587647411839846 34.0 -18.619236905775317 0.9490170046793978 56915.265 56990.188 12 39 "Minimization exited successfully."
01296657 32 0.1462 56923.57859949621 0.0001477716894948966 0.6804349083226584 0.032477972782240905 0.0 0.2357493239978794 6.730568247434457e-06 0.3074210107084401 0.029641959907302395 37.29621348158823 14.0 -19.151931499361563 0.9293745985630117 56904.221 56987.079 9 23 "Minimization exited successfully."
01297026 56 0.2585 56928.80177480209 4.297147455267214e-05 -0.7499378327738593 -0.026461473822403214 0.0 0.24682969929563114 5.854483232425864e-07 0.19018786794619702 0.014146415861756106 35.880803281408475 36.0 -19.191949075478906 1.2034120810173015 56903.237 57001.099 13 43 "Minimization exited successfully."
01297465 62 0.2778 56938.88813526507 3.209201835790987e-05 1.0918517630301112 0.056997246138295654 0.0 0.10169870427853311 4.142266206222378e-07 0.10862522027446864 0.009675653023114655 139.9452349042757 42.0 -19.055609254725212 0.8585971692714978 56912.258 57008.065 21 41 "Minimization exited successfully."
01298281 58 0.2351 56930.65237837735 3.760197827016032e-05 -1.531849087203023 0.08660825353054558 0.0 0.23185106463279226 6.814909109212369e-07 0.2022674572281249 0.015441215758046578 49.46997205428909 39.0 -18.812685885658723 1.3697985593438062 56915.265 57003.049 12 46 "Minimization exited successfully."
01298893 22 0.1962 56935.1837971146 6.055923426853682e-05 -2.109282347733793 0.030039449054112377 0.0 0.9623125317339145 2.9300575816210144e-06 0.5310180002410476 0.06941390494861868 3.685892187419367 8.0 -18.88760462341496 1.5239209640111895 56915.299 56992.068 7 15 "Minimization exited successfully."
01299643 66 0.38 56941.15052541304 2.4788757925175987e-05 0.6080589963710628 -0.07732130999529138 0.0 0.3021200478942774 7.321232030066405e-07 0.30035207542001263 0.01967274261506889 72.24440424963919 45.0 -19.566664031194613 0.9465169769918482 56912.344 57018.078 12 54 "Minimization exited successfully."
01299775 37 0.1598 56940.13881483878 0.00010009526404720638 -0.40840952884769166 0.19461591061806 0.0 0.2952139080116467 3.134049365008379e-06 0.1885391632524427 0.026918199096616385 34.09795570029695 19.0 -18.94206795873004 1.1197422448582728 56920.298 57004.045 4 33 "Minimization exited successfully."
01299785 64 0.3813 56943.7534022104 1.713046037188082e-05 -0.23565101403706734 0.06957133904293428 0.0 0.66681343052187 8.472687056254591e-07 0.44703125708343894 0.0382936891171039 18.392635548777534 45.0 -19.173614193883814 1.0939974312605543 56920.291 57025.079 13 51 "Minimization exited successfully."
01300516 69 0.3104 56949.32385030447 2.6649596692954194e-05 0.8760627009536424 0.15587965457119873 0.0 0.27376297610317124 5.449243251451345e-07 0.2708391129073431 0.016682016627455637 50.36585302154051 47.0 -19.132889074753404 0.8910184853948202 56923.288 57025.093 23 46 "Minimization exited successfully."
01300912 65 0.3376 56946.3551673102 1.9068120914206288e-05 -0.4574722982149053 0.08297102944946844 0.0 0.18482612902880646 3.455602086546703e-07 0.14628369533216534 0.015560259022596862 53.24144475396076 44.0 -18.979766387779733 1.1364780083225092 56920.196 57019.147 20 45 "Minimization exited successfully."
01301933 61 0.3299 56952.89023500702 3.1695866428230195e-05 -0.17723680126123753 -0.12068683970189928 0.0 0.09813835667591775 2.5473547345389585e-07 0.08348401560315644 0.00710681332004974 82.96589312239342 41.0 -19.47350248421657 1.0933988825144532 56924.193 57025.117 19 42 "Minimization exited successfully."
01302058 56 0.1984 56959.561532171894 0.00011366371484391458 0.34520579340551416 0.008221156851567879 0.0 0.1089918797442806 1.2606321942887382e-06 0.10784537828674634 0.010180557058789258 93.79644391666208 37.0 -19.599510041350992 0.9894493064859446 56935.363 57025.079 12 44 "Minimization exited successfully."
01302141 91 0.6088 57281.33038731895 7.791851989252808e-06 -0.7159569201640372 0.01654100293523275 0.0 1.0608944929990685 5.327640467803207e-07 0.7154418764348082 0.07265036309272356 55.23427630979979 63.0 -19.53717962190231 1.1933580965631911 57248.403 57365.044 28 63 "Minimization exited successfully."
01302187 50 0.2195 56952.99922681259 5.708722375523945e-05 -0.8854942910598882 0.04898833716753981 0.0 0.28078188721701736 2.1136145513064857e-06 0.31689637622657674 0.027772965963646756 23.26442360515756 30.0 -19.097534400171973 1.2268018433121384 56925.328 57019.148 15 35 "Minimization exited successfully."
01302523 56 0.4239 57288.74381788498 1.5102482185477829e-05 0.4256587365944693 0.057644305158955966 0.0 0.31208008890462224 4.1696866825147206e-07 0.3091933406351497 0.02401719112066475 69.36050051210606 37.0 -19.309542810980354 0.9728342445740559 57265.24 57372.059 12 44 "Minimization exited successfully."
01302648 57 0.2319 56948.2714493085 4.470781776357846e-05 -0.7688439468848376 0.13724225616821667 0.0 0.2243005577402073 7.392616004200956e-07 0.1942992303474036 0.015129105269833631 73.51093523935054 38.0 -18.967894591501384 1.1958871333170862 56925.158 57017.08 13 44 "Minimization exited successfully."
01303004 72 0.2949 56960.506864491086 4.2391655731605084e-05 0.7375975125190255 -0.034007766476066736 0.0 0.14425954524995177 4.854716596752746e-07 0.13389317641400678 0.00946562644224444 108.0050429469388 49.0 -19.506725776740407 0.9221836833582024 56934.371 57033.047 21 51 "Minimization exited successfully."
01303279 43 0.1724 56965.78028798073 0.0001866136953376646 1.0166659590656 -0.05174662853322615 0.0 0.23834905479452573 5.375610405322637e-06 0.3159259470991693 0.021221751101466943 103.648540869281 22.0 -19.799292899224245 0.8751187371387417 56943.23 57033.169 9 34 "Minimization exited successfully."
01303496 41 0.1798 56966.12985603412 8.184818004750016e-05 -0.28368082940142036 0.08735224949033366 0.0 0.26157767647964647 2.2385516875042546e-06 0.31384379041968646 0.019540567761641342 40.71875233928811 24.0 -19.004904834311418 1.1022028592445494 56943.178 57032.15 12 29 "Minimization exited successfully."
01303883 73 0.2591 57286.32582764146 5.188342365621823e-05 0.5083922487719708 -0.023035431530653794 0.0 0.16998832849276369 9.707356289676012e-07 0.18863884693949262 0.014765486022517788 101.5798576517131 49.0 -19.403130450452654 0.9617931737019738 57265.223 57356.127 14 59 "Minimization exited successfully."
01303952 84 0.5626 57288.93298823576 1.070374022489884e-05 -0.15512474572380608 -0.17891901001537516 0.0 0.5572098817538063 6.15023388755853e-07 0.4958802269900424 0.029133922128305054 64.17805489773633 59.0 -19.675324119577542 1.0922052770208062 57249.279 57373.057 30 54 "Minimization exited successfully."
01304127 83 0.7286 57281.70767878509 6.523714055139963e-06 0.2948789117868369 -0.08660154167920514 0.0 0.934552607988735 3.71513652126787e-07 0.6226675323937716 0.038253468331868004 64.95787224257536 58.0 -19.823099909863 1.002929194364711 57249.279 57373.058 24 59 "Minimization exited successfully."
01304442 16 0.2171 56965.08075297013 7.734929292066428e-05 0.2493232503903946 -0.06420628313929291 0.0 0.2296288869874843 2.5002036467408617e-06 0.24898998274158313 0.02085181132902207 1.2253543393486117 5.0 -19.401146520337726 1.0101970949891914 56943.114 57029.056 8 8 "Minimization exited successfully."
01304678 49 0.2188 56963.71074506176 5.605964819357934e-05 -1.3100693225527866 -0.026292950078865507 0.0 0.5409888759786554 5.5678903320199855e-06 0.5424368583382704 0.07197969556578986 9.099290800373108 29.0 -19.069650521098907 1.3273588699203316 56943.23 57033.168 10 39 "Minimization exited successfully."
01305504 60 0.4956 56973.70440704627 1.0937284258355495e-05 -0.43094309306486966 -0.06105069397177515 0.0 0.23755816177435918 1.5952439381267114e-07 0.1604545885077573 0.015187917406016382 32.4161132417582 40.0 -19.364505832194304 1.140095521645815 56943.192 57052.047 20 40 "Minimization exited successfully."
01305626 55 0.3257 56974.75515909968 3.1191678795486345e-05 -0.3247916100882309 -0.09492903972106712 0.0 0.1156867508943833 2.4159805271234674e-07 0.08283069778600716 0.0069600172711241914 63.37858581997471 38.0 -19.423320859942486 1.1209243551724661 56949.125 57049.055 15 40 "Minimization exited successfully."
01306029 74 0.4289 57279.55430506464 1.2534266549169005e-05 1.3923477520372138 0.1114188251902617 0.0 0.8870213127156603 4.837419070896633e-07 0.6071941843542841 0.03951788679773041 59.77603285891136 50.0 -19.13888401650863 0.8070526172300063 57248.388 57355.217 23 51 "Minimization exited successfully."
01306073 56 0.3286 56972.190438492864 2.248623039831088e-05 -1.3351202154874775 -0.0015762822567186863 0.0 0.26510555132335867 4.876097775441412e-07 0.1842002349129951 0.018514501286771345 13.017063146065665 38.0 -19.089494113670472 1.331112042046552 56949.124 57049.056 12 44 "Minimization exited successfully."
01306141 65 0.3324 56977.55315602468 3.212601875884902e-05 -0.12672768092799647 -0.05266025448355943 0.0 0.0004872288991464302 5.337312776770846e-07 0.20205636343575906 0.014946921913582975 30.644518059135713 45.0 -19.506712599419732 1.079962614032322 56949.337 57051.151 15 50 "Covariance may not be accurate."
01306360 76 0.4494 57278.607611090934 1.192206111069738e-05 -0.8268161457039627 0.028249345010953164 0.0 1.390988378017937 6.432667081820996e-07 0.7815007835121921 0.05409217758242893 31.801432739212657 51.0 -19.203054770537083 1.2158229389301347 57249.423 57355.245 19 57 "Minimization exited successfully."
01306390 68 0.407 57280.47231546966 9.06163221871259e-06 -0.05389043827033868 0.20723377427828232 0.0 1.9685144045033667 6.742199158041313e-07 1.024913414933101 0.07444657192301485 9.329482089901335 47.0 -18.651859736142036 1.051853746209023 57253.401 57355.23 12 56 "Minimization exited successfully."
01306537 76 0.4795 57287.74833575727 1.4875018137588959e-05 1.0039118504624511 -0.06933090415497348 0.0 0.4227828147340915 7.105133952578502e-07 0.513176444509438 0.030620563822952543 63.96438055562859 52.0 -19.613334135482987 0.8779058208368795 57265.363 57372.241 15 61 "Minimization exited successfully."
01306626 73 0.4095 57284.768189093564 1.9755550636044173e-05 0.35780373433080115 -0.05995951917058606 0.0 0.00018807725791702978 6.5760454935615e-07 0.40330524798065226 0.019851574942684497 43.12494024272004 49.0 -19.51191797613302 0.9903105465381508 57255.41 57355.245 16 57 "Minimization exited successfully."
01306785 42 0.5787 57284.33243926021 8.568082132331957e-06 -0.8582646773687301 -0.033580938943063354 0.0 1.5328138195254724 9.094601903431036e-07 1.3159363651094438 0.054452586588820115 12.966027408413616 26.0 -19.506188128452763 1.226929673198196 57248.419 57311.114 22 20 "Minimization exited successfully."
01306980 86 0.5489 57282.69175489872 8.330855894667089e-06 -1.3105561774868835 0.08955122024759854 0.0 1.1821185334156326 7.253622469782785e-07 0.9230554585353765 0.08242914070853219 53.8468454677224 58.0 -19.336616418722045 1.3176154841139152 57252.229 57372.039 24 62 "Minimization exited successfully."
01306991 72 0.4217 57287.413862277506 1.825692036924731e-05 -0.38542637768925525 -0.011096398566112331 0.0 0.7013447842473397 1.7129716810906914e-06 0.8233044941762775 0.06388598807264148 29.980909908542984 48.0 -19.501308192223597 1.128005685862032 57265.209 57365.044 17 55 "Minimization exited successfully."
01307277 70 0.4107 57283.97925642278 1.2301480336476822e-05 -0.21992431998589712 0.01862794570069448 0.0 0.94176239031367 9.002786365869266e-07 0.9727266373299243 0.05197068359642959 31.671409078214744 47.0 -19.004605449875186 1.0939112588771636 57256.292 57365.115 15 55 "Minimization exited successfully."
01307830 59 0.3493 57286.10952820138 1.901044332411339e-05 -1.8441205186246745 -0.0815522398722151 0.0 0.20618189034212264 3.3967513691085595e-07 0.19755477869262816 0.017817481420390982 36.12576649440062 40.0 -19.062175822520945 1.4645792880827457 57257.281 57365.196 11 48 "Minimization exited successfully."
01308314 74 0.4065 56977.44978480156 1.6815665455999218e-05 -0.3824242369989337 -0.049124468953612443 0.0 0.36123865590343485 3.7434387447216123e-07 0.2757460500907498 0.020530221884892244 52.86763057993929 51.0 -19.31749739757199 1.129686371378824 56943.178 57051.151 24 50 "Minimization exited successfully."
01308326 63 0.3262 56976.29483314928 3.266499622768815e-05 0.45803481398612567 -0.08990322557712135 0.0 0.2174193795217434 4.935982358914042e-07 0.19767060076238518 0.012761188544061122 44.66491270252803 44.0 -19.477806917938477 0.9736401201966594 56956.141 57045.113 16 47 "Minimization exited successfully."
01308568 72 0.6431 57289.63511679228 7.317263731870805e-06 -0.6768070089160481 0.11743147577034546 0.0 0.8758920560394472 8.39826109498565e-07 0.9953600347234528 0.08789057110181236 51.19813163727476 47.0 -19.61506256169028 1.1783493924370703 57256.269 57379.066 20 52 "Minimization exited successfully."
01308582 57 0.3669 57287.76454947808 2.500081413527866e-05 -0.4834114140441548 -0.05475902657955048 0.0 0.0007508601775043644 8.973460635511302e-07 0.3724990849878731 0.02570493961118797 26.22478990685818 38.0 -19.485328162836478 1.1502801895155557 57265.24 57366.076 12 45 "Minimization exited successfully."
01308884 48 0.0772 57293.47832096832 0.0003157435166637274 -1.4365724538417508 0.08075312996634909 0.0 0.028551600935315946 1.948807449529699e-06 0.030070356351605487 0.004552391387604299 264.72904461391516 32.0 -18.488306461840523 1.3476878183443688 57276.324 57355.251 14 34 "Minimization exited successfully."
01308957 72 0.6187 57289.41563769483 6.520117558631023e-06 0.857966604440044 -0.1287129217650105 0.0 0.859327932495944 6.566586943826394e-07 0.7951577735983921 0.04693397888074016 55.87364394930971 50.0 -19.388306159539333 0.9050173319027479 57253.33 57373.057 24 48 "Minimization exited successfully."
01309288 44 0.2684 56989.76253735618 5.8851997848000107e-05 0.48840140618509853 -0.08720677276969846 0.0 0.4490138746332377 2.661509112016068e-06 0.41526002436644793 0.03513509022922698 5.804895360476866 23.0 -19.627877753531564 0.9681047019067925 56961.361 57061.067 12 32 "Minimization exited successfully."
01309492 61 0.3335 56993.032827982744 3.455683139164667e-05 0.17460817463485334 -0.09068774967236651 0.0 0.08511670116422465 2.3938177935584263e-07 0.08103285001256322 0.005071223831199137 107.68242458595826 40.0 -19.59473755336226 1.0251883549253726 56963.255 57067.046 20 41 "Minimization exited successfully."
01309749 70 0.7893 56987.96561705562 5.160391394976038e-06 0.5104890294238795 -0.08605930167649964 0.0 0.42490163564070826 1.242098137885228e-07 0.296326698293061 0.01930513522680652 40.441852782712445 47.0 -19.782867543133445 0.964125774614466 56949.35 57067.046 24 46 "Minimization exited successfully."
01310338 63 0.4388 56977.20499909085 1.5724820215953784e-05 -0.2214643228990436 0.08319494095890406 0.0 0.4407887314882828 3.6903052875875176e-07 0.35915877344902536 0.023689794252516466 25.06557799769712 40.0 -19.44247330182788 1.0904822996115833 56949.112 57052.042 13 50 "Minimization exited successfully."
