analysis_pipeline/fit_results/des_5_salt2_2.4_blue.ecsv
# %ECSV 0.9
# ---
# datatype:
# - {name: obj_id, datatype: string}
# - {name: num_points, datatype: int64}
# - {name: z, datatype: float64}
# - {name: t0, datatype: float64}
# - {name: x0, datatype: float64}
# - {name: x1, datatype: float64}
# - {name: c, datatype: float64}
# - {name: z_err, datatype: float64}
# - {name: t0_err, datatype: float64}
# - {name: x0_err, datatype: float64}
# - {name: x1_err, datatype: float64}
# - {name: c_err, datatype: float64}
# - {name: chi, datatype: float64}
# - {name: dof, datatype: float64}
# - {name: b_max, datatype: float64}
# - {name: delta_15, datatype: float64}
# - {name: tmin, datatype: float64}
# - {name: tmax, datatype: float64}
# - {name: pre_max, datatype: int64}
# - {name: post_max, datatype: int64}
# - {name: message, datatype: string}
# schema: astropy-2.0
obj_id num_points z t0 x0 x1 c z_err t0_err x0_err x1_err c_err chi dof b_max delta_15 tmin tmax pre_max post_max message
01248677 30 0.32809330932820485 56554.268359755224 3.434704108139508e-05 0.9196098973859375 -0.08474670269888432 0.005939345483313374 0.11208062124205753 5.156668781536318e-07 0.10654643443301026 0.014638902039149707 276.61724753360414 25.0 -19.547313771112883 0.8928199665458827 56538.34 56629.123 5 25 "Minimization exited successfully."
01250017 16 0.12167351426622502 56553.46481377194 0.0001710554997173014 0.7050731238777077 -0.2999083438709244 0.011600837958587733 0.2154803186567733 6.6532319418333125e-06 0.27654411727727046 0.5535655768812501 17.786518105028986 11.0 -18.881900512571214 0.9380522786152525 56534.235 56616.075 6 10 "Minimization exited successfully."
01253039 18 0.34939104001346855 56572.26799995253 2.42437268702711e-05 -0.2643068286087189 -0.29997975960407036 0.025625070806369443 0.10462261558132013 1.031178688518098e-06 0.6044296316909237 0.46733925467298 21.737926413152344 13.0 -19.331807022634514 1.1201859220544463 56547.272 56653.09 6 12 "Minimization exited successfully."
01253101 18 0.29175070639144196 56568.09199991596 1.167914313788543e-05 -0.0780731044635985 0.2999611362699203 0.013400358744604352 0.03345170063767 4.951495111538138e-07 0.7413039664098215 0.5876744178919056 141.32405481490477 13.0 -18.084372014353544 1.0509782356096515 56543.096 56657.05 5 13 "Minimization exited successfully."
01253920 15 0.1492612735614492 56583.20358413368 0.00013251553131198024 -0.5095472988575924 -0.29884962357298317 0.02567992494771329 0.17868396253834362 1.1450772820147118e-05 0.3943490808790273 0.5890092175502775 58.77024204248097 10.0 -19.086347582090067 1.170248656270065 56559.193 56649.168 5 10 "Minimization exited successfully."
01255502 10 0.0770213419215473 56588.265999737625 0.00014007517115478262 1.9999999074279433 0.1512963230934679 3.5047154139100645e-06 0.007850824847992044 3.994487831540669e-06 0.10567653144908684 0.02922454636498817 814.8421611290114 5.0 -17.604326151484294 0.7064213172134544 56579.125 56653.072 2 8 "Minimization exited successfully."
01257366 8 0.11152040270940075 56611.54454057403 4.567736986385573e-05 -0.3480723877325138 0.17468288818540145 3.526209325366292e-07 0.0012683123932220042 0.00028679701511414717 0.823811583827815 0.3033425534997951 9.648776341568782 3.0 -17.240891093747905 1.1093149484851423 56590.343 56675.102 1 7 "Minimization exited successfully."
01257695 11 0.13558221857553857 56613.120196171636 9.100543213507451e-05 0.2734606712924008 0.2990400765699462 0.028339619460620934 0.14967030658954172 4.387667292050924e-06 0.28198133427655203 0.4570146532382563 43.731583121607756 6.0 -18.451530698121715 0.9879536440795214 56590.027 56675.074 4 7 "Minimization exited successfully."
01258906 28 0.2805627781762787 56619.01199978644 2.4860093074505208e-05 -1.1022750677517907 -0.0566756348450016 0.012763877145165886 0.04284069808636559 1.6684056434762555e-06 0.3038236783538242 0.06676045372718466 40.651608964557674 23.0 -18.801484026506813 1.28223549724893 56594.015 56695.035 9 19 "Minimization exited successfully."
01258940 35 0.24632560229761868 56615.31099995768 2.0981242246073672e-05 -1.6281420287682105 0.013685916664690156 0.020234989384969315 0.044206535174453165 1.9608666629325474e-06 0.32061135223700454 0.07757442431839719 66.81390391221285 30.0 -18.29375905674019 1.4001358413677742 56590.313 56697.041 10 25 "Minimization exited successfully."
01259412 11 0.3465297410482105 56625.0450229902 3.834613444693158e-05 1.6083090638623814 -0.29591703369393263 0.02445548205276224 0.6446628475532634 3.593948960856077e-06 0.3691472205731272 0.5909543905738586 0.8294806012664893 6.0 -19.810334259813605 0.7832439583165396 56603.052 56693.052 2 9 "Minimization exited successfully."
01261579 10 0.3816556530696086 56639.72459689007 3.008279458814045e-05 0.43423946792074064 -0.2998552289860856 0.08470868838749657 1.307713904814591 5.552351083151775e-06 0.40471527211662783 0.5461736940109788 9.506974036901997 5.0 -19.792020564830537 0.9867586596259201 56616.087 56693.049 3 7 "Minimization exited successfully."
01262214 23 0.7005978591539862 56650.22399994199 5.262853932136436e-06 -1.565286748978159 0.2999993151699472 0.009705161862899936 0.021649485988746164 1.4400669927361331e-07 0.33036418259715994 0.07910633655348626 173.34388741977787 18.0 -19.48881420595623 1.3573333439391675 56625.281 56698.051 9 14 "Minimization exited successfully."
01262715 25 0.7018879841239316 56650.2239999986 6.054458335708057e-06 -1.5165531970058495 0.2999999280236279 0.008627343063560944 0.018220880410808604 1.7444907208646904e-07 0.39033201001349305 0.0710111729569382 275.27413436883694 7.0 -19.64587691129287 1.34589673491541 56625.228 56697.09 10 15 "Minimization exited successfully."
01263369 9 0.22480392864254267 56664.89500243737 4.531317778872224e-05 -0.2773300191501251 -0.2987628605349963 0.1356478781006846 0.9656960177489964 1.372405224595308e-05 0.5263563978390133 0.5949844249835337 2.1211652405042365 4.0 -18.90981722698758 1.1227353046611093 56645.138 56697.039 4 5 "Minimization exited successfully."
01263715 9 0.2749956469262173 56667.44382529915 4.5960743510425896e-05 0.7339661789203493 -0.2964502427683186 0.047634312762745656 0.692683714281884 5.501863316333122e-06 0.5297134561736307 0.5975871718303537 4.350550595926695 4.0 -19.424138154199913 0.9328110469333559 56645.052 56694.034 5 4 "Minimization exited successfully."
01275946 18 0.22615808840266816 57261.37840868422 6.449133856639977e-05 1.164629749714507 0.29983487593593133 0.011643997755287794 0.16700618551840307 1.2082535882113014e-06 0.23033088633758325 0.44026059215886637 225.32679615522648 13.0 -19.309369111313472 0.8377230080934908 57248.375 57329.031 4 14 "Minimization exited successfully."
01279500 12 0.24220993746045855 57251.4348054972 4.750778356080732e-05 0.5892259972220759 0.29005014967607173 0.025257587578813412 0.4359479569029645 4.5346573430596344e-06 0.2937714654684074 0.5033997170728579 20.775091719012185 7.0 -19.145348784429984 0.933798383596347 57249.302 57319.114 1 11 "Minimization exited successfully."
01280217 32 0.3700392648337305 57250.6299038493 2.0127467082040053e-05 1.9999948405438541 0.07572900380908154 1.8449455573027462e-05 6.047885108273476e-07 8.41982249608074e-07 0.4408818119341209 0.05077934819930632 69.55430650183456 27.0 -19.274274841293956 0.7084222636266908 57248.391 57329.173 2 30 "Minimization exited successfully."
01281668 20 0.30412140274050864 57270.93193722576 3.245078867429308e-05 -0.019275038419449775 0.2945005835476692 0.029672543143231894 0.9857061429793248 3.6832654861415616e-06 0.6342624217140436 0.5401629156700589 36.67175317038182 15.0 -19.29797615810441 1.0405490732512277 57248.375 57342.024 5 15 "Minimization exited successfully."
01281886 36 0.34944555557448503 57267.16839003855 2.0905776441024204e-05 0.3276007689580407 0.09818685095686241 0.029693186662201776 0.7194407469505677 1.8275072452098022e-06 0.6144266032403733 0.06835676139170613 32.34590411470567 31.0 -19.167886003089826 0.9883527934772829 57248.391 57345.231 8 28 "Minimization exited successfully."
01282736 35 0.34118069691163555 57266.25827293025 1.440177908547946e-05 -0.6724716664726569 0.17616878930602248 0.029389020513345715 0.6398044591878715 1.1854804360056367e-06 0.5554318535253577 0.07620467187359442 29.00724049897095 30.0 -18.702995894327703 1.1733849414957724 57249.281 57346.029 7 28 "Minimization exited successfully."
01283373 13 0.2633985447342908 57268.907168433376 5.856607709512074e-05 -0.8506443263903467 0.020428364788250553 0.40501442378856134 37.00988280549791 0.04374092978696639 3.247589680334447 0.43062319903328783 4.279480252733372 8.0 -19.574667723178543 1.221443294897913 57265.366 57332.077 1 12 "Covariance may not be accurate."
01283878 15 0.3229054269682685 57266.04997254033 2.7533563189460764e-05 -0.31365803793802227 -0.2949706644456881 0.08834015112510149 1.9642442739168473 9.391406818336222e-06 1.4996396660106406 0.5233621394654917 2.051603326714373 10.0 -19.2699868869531 1.129849431672195 57249.305 57339.187 3 12 "Minimization exited successfully."
01283936 42 0.41904501834202645 57268.027174260256 1.0684857342874166e-05 -0.4914551166596377 0.11625092942330412 0.07323012249355004 0.9835176611159113 1.249616464314707e-06 0.8167465864390357 0.09036769940571948 19.03691164339638 37.0 -18.904073819976617 1.1410914971110628 57248.375 57347.081 10 32 "Minimization exited successfully."
01285160 17 nan nan nan nan nan nan nan nan nan nan nan nan nan nan nan nan 0 0 "No bands in data overlap the model."
01285317 23 0.5623097569079163 57268.967282441845 9.158856007240869e-06 0.1650196318730761 -0.031184972367179986 0.20626168600441558 9.416146169274725 0.03074265456762197 3.672612222304732 0.43274361224018304 9.994672627571275 18.0 -19.503428748295903 1.0240699762052188 57248.378 57356.125 5 18 "Covariance may not be accurate."
01286398 26 0.17063610250327765 57271.28314671834 9.958595160361739e-05 -1.5540630770587076 -0.009081778827771891 0.014858198154037675 0.39409546881506685 4.555542236246714e-06 0.2494759450089823 0.044331323819998214 49.85638476242335 21.0 -19.090968064867894 1.3840607811201409 57249.293 57331.145 6 20 "Minimization exited successfully."
01287626 5 0.29169590755435526 56678.04699999494 3.494135487323857e-05 -2.505670732908112 0.2999999143574192 0.008505593561086766 0.03470477570226649 8.185783786987533e-07 0.3190113066428686 0.06374984357046876 65.97674462346654 0.0 -19.27258338011966 1.6037443095963404 56660.105 56697.068 2 3 "Minimization exited successfully."
01289288 19 0.22738162989310995 57272.857727115574 2.353664895827501e-05 -1.166929441333672 0.29965739082526094 0.02595977718010037 1.1669456041490776 3.0271363618369917e-06 1.0446466016081153 0.3001058013858933 12.515899044326245 14.0 -18.226584370643668 1.2675231280303834 57248.375 57347.079 3 16 "Minimization exited successfully."
01289555 20 0.4486391243065818 57273.38799999427 8.438942681640582e-06 0.31524329629933723 0.2999422419318876 0.060725460491404065 4.455344132540631 9.360481166190147e-07 1.030383510484052 0.5568290272749827 15.353397062341465 15.0 -18.829027774722597 0.9805825347214956 57248.393 57365.112 4 16 "Minimization exited successfully."
01289600 34 0.34007711331733426 57278.28499999997 1.3576671437906529e-05 1.517238166608161 0.07262896837194555 2.23535011367737e-05 0.025597479201678652 4.450824246063358e-07 0.30418772423344764 0.03371676575437463 174.54348284830635 29.0 -18.631082876719844 0.7878049741916833 57255.37 57365.221 6 28 "Minimization exited successfully."
01289656 19 0.5149026053727782 57269.5718392864 9.079099058190155e-06 -0.5989670667670413 -0.0007380360107210882 0.2534730320617826 8.49031861928961 0.030537539773633594 3.5731303454078978 0.4007493952978798 9.552998710993045 14.0 -19.262039070510358 1.1703609623176767 57255.415 57355.242 2 17 "Covariance may not be accurate."
01289664 17 0.23638214171035038 57277.30290490125 4.3729215180357556e-05 -1.165957050581226 0.18886623505705052 6.297969620261412e-07 0.07816885587453726 1.0185059697163935e-05 0.29201346463110733 0.4724693165603184 75.21991542920327 12.0 -18.991671682381575 1.2766720469777866 57252.305 57345.229 4 13 "Covariance may not be accurate."
01290779 22 0.42264715203544 56892.140613677795 1.6153573493299378e-05 -0.8638016049268438 -0.028728235078318343 0.02361764314704204 0.6893529301851231 7.561199517031037e-07 0.5606174707895366 0.049619696802617935 11.48613126972147 17.0 -19.37396284858968 1.2277728311581555 56887.393 56973.319 4 18 "Minimization exited successfully."
01290816 10 0.21439872299033752 56891.3646570646 5.0732344785592304e-05 1.3068545183298088 0.2998860798442153 0.018835941886601565 0.462532446214027 9.662301915888676e-07 0.40958478072237603 0.46758645861602954 89.19116200689834 5.0 -18.91828383947626 0.8146028413592568 56887.393 56960.273 1 9 "Minimization exited successfully."
01291080 13 0.49596965470032417 56889.74483060993 9.868272662666433e-06 -2.8432651235596906 0.29995912028903343 0.02771620284778281 1.9988384632815723 5.875980876868248e-07 3.0456959586788113 0.5897328060180762 17.50255376550986 8.0 -19.258466182066254 1.70689835895978 56887.272 56973.077 1 12 "Minimization exited successfully."
01291090 13 0.23496767882109798 56904.35501404827 6.458818975222935e-05 0.9586495384929297 -0.29940895726714567 0.022265189791037282 0.42922559882572386 6.41726807583676e-06 0.4749041998767767 0.5945441774958975 24.88875856226734 8.0 -19.40427723352241 0.8936079854800489 56887.213 56973.023 3 10 "Minimization exited successfully."
01291794 37 0.31560877379534347 57277.28899998589 2.3521428963699245e-05 -0.2142161459525167 -0.1544828195276307 0.027968567437833936 2.1118454728566576 1.7800828015807062e-06 0.6365737517682399 0.08462867416959406 20.25347212058386 32.0 -19.038221825485937 1.1024531206214512 57252.291 57356.172 10 27 "Minimization exited successfully."
01291957 29 0.24305788964253017 56902.17899995599 3.220960202618695e-05 -1.226636620030621 -0.018401085191223965 0.013271432698124475 0.03461947458345094 2.1503983962167798e-06 0.21920517826835761 0.057607610661233224 161.4870084789824 24.0 -18.72634039140357 1.3074255916908015 56877.181 56980.028 6 23 "Minimization exited successfully."
01292145 19 0.4811928812049156 57275.240475872844 8.60580040838721e-06 1.6253072338903314 -0.295793951637935 0.5546733408971124 27.8358806947399 0.030471237430487436 3.5653267696527235 0.3447354757585617 8.835870168203662 14.0 -19.03324540095737 0.780395556102043 57252.293 57356.172 4 15 "Minimization exited successfully."
01292195 19 nan nan nan nan nan nan nan nan nan nan nan nan nan nan nan nan 0 0 "No bands in data overlap the model."
01292332 12 0.2610803443176835 56901.16479012325 5.599973579179241e-05 0.37555400992269394 -0.11745292962219514 3.6181208419028277e-06 0.04707664660963928 1.9784562443336614e-07 0.01911249387581182 0.002421419250032253 27.23446145782251 7.0 -19.505450472705448 0.9896778964552411 56890.331 56973.185 1 11 "Covariance may not be accurate."
01292336 12 0.27277646591792737 56902.69516179422 5.435896691640685e-05 0.15302974684004855 -0.29932425858723993 0.0316886586918354 0.7238958167399687 4.739370263720508e-06 0.4319965030114463 0.4901093009381687 12.842296600100143 7.0 -19.58576105255657 1.0389546586346192 56890.331 56973.185 1 11 "Minimization exited successfully."
01292560 11 0.16896067240058996 56903.36177796773 8.45615388985116e-05 0.21982385571855456 -0.05650643690005944 0.037382076463373604 0.8479046256215952 1.3368169096382443e-05 0.6031963223447863 0.15498018463682636 39.17429652943264 6.0 -18.890851185470936 1.0152301380495636 56903.225 56973.038 1 10 "Covariance may not be accurate. Covariance not positive definite. Covariance forced positive definite."
01293319 14 0.26273202472112467 56912.26799930335 3.376782143633128e-05 1.4638925810744112 0.29998688300642123 0.01672228549275559 0.2679460065992316 8.921337361730834e-07 0.4249384860208829 0.4538139558784051 52.345391070354665 9.0 -18.977189610717666 0.7892018814527013 56887.27 56980.068 3 11 "Minimization exited successfully."
01293758 17 0.14497177808596373 56915.77467440114 0.00013389280305619312 -1.2531572053741973 -0.0030094746809086192 6.394159637268526e-06 0.17325970012461767 1.7451026123049829e-06 0.1486426320990133 0.022312608608047596 144.65632544422928 12.0 -19.02354356767508 1.312247210232794 56903.107 56980.026 6 11 "Covariance may not be accurate."
01294014 22 0.2962463584634756 56915.385999469225 2.9133220178920174e-05 -0.7283259049211854 0.015655059470335686 2.3753790675040687e-05 0.05021625819063047 1.7250389929057683e-06 0.37715734778254195 0.06452899347120128 72.16250878830562 17.0 -19.109905374570154 1.1959969722756192 56890.388 56990.199 5 17 "Covariance may not be accurate."
