analysis_pipeline/fit_results/des_4_sn91bg_salt2_phase_red.ecsv
# %ECSV 0.9
# ---
# datatype:
# - {name: obj_id, datatype: string}
# - {name: num_points, datatype: int64}
# - {name: z, datatype: float64}
# - {name: t0, datatype: float64}
# - {name: x0, datatype: float64}
# - {name: x1, datatype: float64}
# - {name: c, datatype: float64}
# - {name: z_err, datatype: float64}
# - {name: t0_err, datatype: float64}
# - {name: x0_err, datatype: float64}
# - {name: x1_err, datatype: float64}
# - {name: c_err, datatype: float64}
# - {name: chi, datatype: float64}
# - {name: dof, datatype: float64}
# - {name: b_max, datatype: float64}
# - {name: delta_15, datatype: float64}
# - {name: tmin, datatype: float64}
# - {name: tmax, datatype: float64}
# - {name: pre_max, datatype: int64}
# - {name: post_max, datatype: int64}
# - {name: message, datatype: string}
# schema: astropy-2.0
obj_id num_points z t0 x0 x1 c z_err t0_err x0_err x1_err c_err chi dof b_max delta_15 tmin tmax pre_max post_max message
[from data line 167]
01337221 0 0.6688 nan nan nan nan 0.005 nan nan nan nan nan nan nan nan nan nan 0 0 "Empty table passed to fit_lc."
01337228 14 0.5788 57310.03197039969 2.7755575615628915e-18 0.8888473540047647 0.420504642941694 0.0 26.63813722127452 0.03365775309854288 0.4185633187850696 0.7259639678932576 132.72724944788789 7.0 -16.060267328592268 1.8101651421454115 57325.03 57407.048 0 14 "Covariance may not be accurate."
01337272 12 0.5027 57310.06800315314 5.551115123125783e-18 1.112424556146105 0.5020450146892739 0.0 2.9516530048567802e-05 0.0 0.0004765531483676977 0.7346851819042073 170.96677714919124 4.0 -16.2586705142619 1.5605800214369125 57325.075 57427.057 0 12 "Covariance may not be accurate."
01337325 12 0.6387 57349.99886078121 2.7755575615628915e-18 1.227115363760721 0.49315173689175773 0.0 25.280172342700098 0.031076219525669836 0.41664717389269074 0.7127776559736947 218.93248345005574 8.0 -16.157171178759313 1.4712935588128602 57325.075 57427.057 4 8 "Covariance may not be accurate."
01337649 18 0.2491 57346.770099610076 8.326672684688675e-18 1.1403255176334866 0.007537652139373352 0.0 29.1130774912599 0.03103143428801867 0.35329875758129664 0.6495823143810318 6984.956359482376 14.0 -15.881509324382645 1.5363620750587508 57339.167 57408.057 4 14 "Covariance may not be accurate."
01337655 0 0.8485 nan nan nan nan 0.005 nan nan nan nan nan nan nan nan nan nan 0 0 "Empty table passed to fit_lc."
01337687 23 0.3195 57324.303864176014 2.4980018054066023e-17 1.2240103049835276 0.5001979638037661 0.0 0.00014036831998964772 0.0 2.8376509505378955e-05 0.7351507294202078 5574.960779459885 11.0 -16.729565114457344 1.4733655524786542 57339.3 57425.154 0 23 "Covariance may not be accurate. Covariance not positive definite. Covariance forced positive definite."
01337703 14 0.5334 57347.46352540845 3.33066907387547e-17 1.217917251309522 0.4348954156707073 0.0 32.10942976017395 0.03538065707453787 0.3047885080984393 0.7172498240276312 221.80656538055845 9.0 -18.512636668983955 1.4774726888902876 57325.127 57425.154 5 9 "Covariance may not be accurate."
01337838 21 0.3119 57324.52712610252 1.942890293094024e-17 1.2454950704607302 0.5412665851731234 0.0 0.011860290629556403 0.0 0.0032249932618264587 0.000311941739596755 6134.611177295016 11.0 -16.32928979119163 1.4592798996621639 57339.153 57427.068 0 21 "Covariance may not be accurate."
01338128 22 0.3117 57348.226960095984 5.551115123125783e-18 0.6500010381239903 0.1255000229348277 0.0 31.180303253910097 0.03475742531648362 0.4174737004073806 0.7254620027483676 1847.6042340894478 18.0 -15.794474144597398 2.260655620934511 57339.023 57407.048 4 18 "Covariance may not be accurate."
01338170 11 0.389 57349.47525693686 2.7755575615628915e-18 0.65000000014722 0.1527100866259316 0.0 31.202610123313207 0.03400567465583245 0.4080726628820198 0.5715176118159305 331.5112560695211 7.0 -15.551334652082975 2.26065938644906 57339.026 57407.048 2 9 "Covariance may not be accurate."
01338233 13 0.598 57304.27842869071 1.1102230246251566e-17 0.7364736596777012 0.0002275112413877567 0.0 24.610539052715467 0.0309295407135152 0.44027981847602415 0.6085269048793625 45.41072390870016 5.0 -18.448845966135636 2.064113092380353 57319.283 57427.057 0 13 "Covariance may not be accurate."
01338266 0 0.6476 nan nan nan nan 0.005 nan nan nan nan nan nan nan nan nan nan 0 0 "Empty table passed to fit_lc."
01338278 10 0.5639 57324.03579770743 5.551115123125783e-18 0.9573432615759129 0.0010798193003330736 0.0 24.57194399643413 0.030893222731680665 0.4255669879820946 0.6008582735185678 175.12720743467625 5.0 -17.53993160776694 1.720547305733863 57339.04 57427.057 0 10 "Covariance may not be accurate."
01338387 10 0.5838 57316.54649302535 2.7755575615628915e-18 0.6500000019338515 1.2669622102334799e-05 0.0 20.21318812987738 0.031048323137144167 0.3725653178862977 0.6134241470503381 438.8006221226443 4.0 -16.880521861093587 2.260654062003976 57329.175 57403.104 0 10 "Covariance may not be accurate."
01338430 9 0.5089 57363.435841118124 4.4408920985006264e-17 1.205109957515915 0.4963617140375542 0.0 22.263042660859355 0.030979975535487175 0.3063189142845017 0.7124214266111695 388.3836219250429 5.0 -18.560644678812416 1.4863298657331683 57339.124 57403.104 3 6 "Covariance may not be accurate."
01338471 12 0.5309 57343.55786574475 2.7755575615628915e-18 1.1627240390519806 0.3629848953656891 0.0 26.469729854732577 0.030850393926067594 0.43936145721840514 0.6715271183585239 85.77593247353147 8.0 -15.947040484705624 1.518075736553243 57319.139 57403.104 4 8 "Covariance may not be accurate."
01338675 8 0.3306 57324.09221727328 2.7755575615628915e-18 1.1079602853357051 0.02469531194159219 0.0 25.080071728938492 0.03213362266043867 0.4602465781815978 0.6745444744167163 1249.0382201393463 2.0 -15.369122871839561 1.564577518516952 57339.073 57402.062 0 8 "Covariance may not be accurate."
01339002 19 0.3025 57330.07864559288 1.3877787807814457e-17 1.1043019575357773 0.00214908654126994 0.0 24.4762086345836 0.030890846826034834 0.3728276823558608 0.5949470676836949 471.0480252072391 9.0 -16.928759092677755 1.567890926503562 57345.071 57427.068 0 19 "Covariance may not be accurate."
01339149 9 0.4678 57331.73221022387 2.7755575615628915e-18 0.6500000025350996 0.11586688326875311 0.0 25.309707855267334 0.03768418091861839 0.4522297381299764 0.7229556023737177 247.54883204196173 4.0 -16.099980889086673 2.2606578375292514 57346.032 57427.065 0 9 "Covariance may not be accurate."
01339392 19 0.1804 57358.750258820735 2.026157019940911e-16 0.8650543997579894 0.0010517370079605737 0.0 29.670768938201945 0.030875295158867853 0.44195995216129685 0.6010454010518765 1018.3835519003535 13.0 -18.569729841204296 1.8441699997314664 57345.333 57426.147 5 14 "Covariance may not be accurate."
01339450 13 0.5505 57327.632071524684 5.551115123125783e-18 0.6500000024875302 0.002972344768375823 0.0 20.70862590507386 0.031071863694019146 0.37284587929442253 0.63714551052638 86.44185920563535 7.0 -17.4736101619119 2.260654141233349 57339.288 57426.145 0 13 "Covariance may not be accurate."
01340454 10 0.421 57332.479570972595 4.718447854656916e-17 1.205573022515416 0.6944563728711647 0.0 0.04039185180954519 0.0 0.00683973694078488 0.014228303695813238 668.7620471648297 4.0 -17.764786609937097 1.4860043860759014 57345.319 57425.153 0 10 "Covariance may not be accurate."
01341370 8 0.409 57343.5597389246 5.551115123125783e-18 0.6599261194301405 0.4777553222670566 0.0 29.65010830423853 0.030845245206138634 0.39887300960575306 0.706215779709154 482.07568380582666 4.0 -15.780133852247054 2.236090190037803 57347.083 57403.052 0 8 "Covariance may not be accurate."
01341894 14 0.3121 57378.21250386278 5.551115123125783e-18 0.6500004538314351 0.00016485554802292413 0.0 29.714274403297168 0.030944959262629895 0.3711172557459681 0.6094851047744594 867.4011703384525 10.0 -16.015631847065478 2.2606529313446373 57365.056 57427.057 4 10 "Covariance may not be accurate."
01342255 12 0.2141 57376.93648652258 1.6653345369377348e-16 0.6500000001344516 0.07941710472312269 0.0 31.157587242425507 0.03336999403161347 0.4004357066181582 0.5170915091008853 8440.76049539057 6.0 -18.641068358638044 2.2606565005350063 57365.112 57403.103 4 8 "Covariance may not be accurate."
01343208 10 0.4993 57342.19829837312 2.7755575615628915e-18 0.6500000001115062 0.07508405068530977 0.0 22.261465171282907 0.03382939907936104 0.40595671690341567 0.5132085785781201 950.7354013372181 5.0 -16.344506484768125 2.260656351537449 57355.251 57426.068 0 10 "Covariance may not be accurate."
01343337 8 0.3389 57357.22308348619 4.718447854656916e-17 1.1855354307632937 0.2013940314329406 0.0 24.680278041400015 0.030880961745868775 0.4342159188873575 0.6000982381744862 321.9128698553573 3.0 -18.17253865198171 1.5005138461542487 57372.229 57426.145 0 8 "Covariance may not be accurate."
01343401 6 0.3829 57386.574151255634 2.7755575615628915e-18 0.6500000565906368 0.001174180224483956 0.0 30.027378816888813 0.031289477627077414 0.37539411108528814 0.6290633462740596 218.45774339588152 2.0 -15.780856910425811 2.260653956308044 57372.053 57427.057 2 4 "Covariance may not be accurate."
01343533 8 0.368 57387.858893303506 2.7755575615628915e-18 0.6500037898434191 0.002005146015964243 0.0 20.593888667837746 0.031383278198996716 0.3759410587009398 0.5956425841168167 63.04881425116585 3.0 -15.678032138536778 2.260644604194127 57365.044 57407.048 5 3 "Covariance may not be accurate."
01343759 8 0.508 57376.22441067675 0.0 0.6514721461925997 0.5001412677760697 0.0 0.0 0.0 0.0 0.0 0.0 -4.0 inf nan 57365.133 57426.068 2 6 "Hesse Failed. Covariance may not be accurate. Covariance not positive definite."
01343871 7 0.6379 57340.232752949 0.0 0.9785824825510744 0.5001563934707585 0.0 0.0 0.0 0.0 0.0 0.0 -4.0 inf nan 57355.231 57408.057 0 7 "Hesse Failed. Covariance may not be accurate. Covariance not positive definite."
01344692 7 0.3795 57377.19221559411 2.7755575615628915e-18 0.650000000026889 0.003918336821586599 0.0 29.726711347946548 0.03117716889888674 0.37412446330180127 0.587739018998928 64.02645544733998 3.0 -15.753678737895868 2.2606541733275023 57366.061 57427.065 2 5 "Covariance may not be accurate."
01345553 12 0.3189 57379.21645777577 2.7755575615628915e-18 0.6500000007759821 0.12845889295660406 0.0 29.928138426334044 0.032897338875828346 0.39475805682487186 0.5553797635194364 1400.4737674880719 8.0 -15.093761269987873 2.260658346476312 57372.051 57427.057 4 8 "Covariance may not be accurate."
01345582 7 0.4588 57383.2551988749 8.326672684688675e-18 1.1797784095004862 0.18857724513407226 0.0 30.684261213991704 0.03229821673966383 0.4547708002130055 0.5929999372389805 256.4407442214565 3.0 -17.095090003643392 1.504840937465076 57365.058 57427.057 3 4 "Covariance may not be accurate."
01345594 6 0.4224 57368.329582588194 1.665334536937735e-17 0.6500003143218558 0.9938297635692627 0.0 0.23639636240841355 0.0 1.0796728667050726e-05 0.654519978426344 69.01261378064898 2.0 -16.039404462794582 2.260667177432911 57372.053 57427.057 0 6 "Covariance may not be accurate."
01346137 7 0.3635 57360.05409557111 0.0 1.2484370179941127 0.5002532902165047 0.0 0.0 0.0 0.0 0.0 0.0 -4.0 inf nan 57375.053 57425.153 0 7 "Hesse Failed. Covariance may not be accurate. Covariance not positive definite."
01346387 7 0.3445 57380.27534770657 2.7755575615628915e-18 0.6500000000038827 0.049156080423918835 0.0 29.412400986329885 0.03137681220151003 0.37652108388927646 0.5126656805093683 3485.1060080291063 3.0 -15.43282701572793 2.260655502055762 57372.178 57426.068 2 5 "Covariance may not be accurate."
01346956 5 0.3335 57391.64366472277 2.7755575615628915e-18 0.65000000128667 0.013622465924487015 0.0 29.06979976034563 0.03271396607614063 0.39255481189189795 0.6605642078186567 989.364924217872 1.0 -15.409168809362463 2.260654440194635 57387.186 57426.145 1 4 "Covariance may not be accurate."
01346966 7 0.3355 57361.06390606306 8.326672684688675e-18 1.195625845126484 0.31751297833560166 0.0 24.48104169369617 0.030881962220443003 0.31527055595575876 0.6539117115362256 448.0093194111312 3.0 -16.037824887476145 1.493100920898769 57376.062 57426.145 0 7 "Covariance may not be accurate."
