analysis_pipeline/fit_results/des_5_sn91bg_color_interpolation_all.ecsv
# %ECSV 0.9
# ---
# datatype:
# - name: obj_id
#   datatype: string
# - name: num_points
#   datatype: int64
# - name: z
#   datatype: float64
# - name: t0
#   datatype: float64
# - name: x0
#   datatype: float64
# - name: x1
#   datatype: float64
# - name: c
#   datatype: float64
# - name: z_err
#   datatype: float64
# - name: t0_err
#   datatype: float64
# - name: x0_err
#   datatype: float64
# - name: x1_err
#   datatype: float64
# - name: c_err
#   datatype: float64
# - name: chi
#   datatype: float64
# - name: dof
#   datatype: float64
# - name: b_max
#   datatype: float64
# - name: delta_15
#   datatype: float64
# - name: tmin
#   datatype: float64
# - name: tmax
#   datatype: float64
# - name: pre_max
#   datatype: int64
# - name: post_max
#   datatype: int64
# - name: message
#   datatype: string
# schema: astropy-2.0
obj_id num_points z t0 x0 x1 c z_err t0_err x0_err x1_err c_err chi dof b_max delta_15 tmin tmax pre_max post_max message
01248677 59 0.6044211743777796 56589.138344140956 2.7755575615628915e-18 0.6739219260634837 0.06846439383062802 0.7402328373843914 85.83062109109233 0.04009351728551486 0.5240983157696453 0.7054412265710971 73861.51785902453 54.0 -16.85874579627626 2.204043351091393 56538.281 56629.123 32 27 "Covariance may not be accurate."
01250017 60 0.5839380705921755 56568.9927450411 1.4988010832439614e-16 0.6601731850161074 0.489942457411226 0.6538342764787197 69.0965133386344 0.030746345148901573 0.33402529583907453 0.7080150269241945 44960.074491200896 55.0 -20.258592601986926 2.2371226259056236 56534.233 56616.08 30 30 "Covariance may not be accurate."
01253039 74 0.18184193909998508 56578.71629663617 6.66133814775094e-17 0.6500626636846446 0.4978001504629755 0.014218976105769637 0.005072765281511238 0.0 1.041758819153582e-06 8.061393975572484e-05 3096.5906631610187 69.0 -16.410087927514475 2.262198697079274 56547.268 56653.094 28 46 "Covariance may not be accurate."
01253101 68 0.473347890749762 56584.10216069669 2.7755575615628915e-18 0.6500000000156031 0.34915314658097185 0.6760067948613099 92.33810925362195 0.037047400735175665 0.4445672821650616 0.6658937304353718 2727.1701230286267 63.0 -15.672797059512405 2.262351893767189 56543.092 56657.052 28 40 "Covariance may not be accurate."
01253920 58 0.5239127561725174 56586.46229397692 2.8588242884097783e-16 0.789987514355305 0.0005209185120617077 2.1121598269224773e-05 0.0027536476809473243 1.3877787807814407e-18 1.232120328004127e-05 0.0006931276251367635 17323.2569715654 53.0 -21.626975286038217 1.9641845425772786 56559.19 56649.173 20 38 "Covariance may not be accurate."
01255502 29 0.39589271236255047 56605.48197001478 1.8873791418627663e-16 1.0414633445036827 0.3497207977768153 0.6206521059163416 76.10582608394543 0.031179806050549833 0.44123432856247835 0.6685692377137649 7467.879526704227 24.0 -19.790867503973043 1.6288283354505388 56563.266 56653.077 11 18 "Covariance may not be accurate."
01257366 40 0.4581016843070849 56620.381948567985 7.771561172376097e-17 0.6500000000002566 0.07171780512141385 0.668170066763171 75.04662229450696 0.03869787668053541 0.46437472740018887 0.7069986239098115 1624.4158864249769 35.0 -19.7439452921889 2.2623413646741355 56590.341 56682.089 15 25 "Covariance may not be accurate."
01257695 48 0.4935638912542136 56617.40986938494 1.304512053934559e-16 1.2449432270253853 0.0031997359837400152 0.6403873866448961 69.07104135235932 0.0307462636894848 0.3908698867376124 0.6379504974947066 25830.34488000776 43.0 -20.614724777399005 1.4600300701673348 56590.025 56675.078 20 28 "Covariance may not be accurate."
01258906 56 0.5008074575800658 56613.180899047446 5.551115123125783e-18 0.650004350242333 0.49866477207827914 0.00010278113580469705 0.746931390312966 0.0 3.737904134548664e-07 0.0003034277883576797 2769.0944112409657 51.0 -16.255330249975955 2.262345464422964 56594.012 56695.038 14 42 "Covariance may not be accurate."
01258940 70 0.8705014536118147 56638.93376537166 1.1102230246251566e-17 0.6500000000587318 0.03410665954644099 1.0984973494332362e-05 0.0042436537478351966 0.0 7.132007762145065e-10 0.1550346424712907 1714.114948870467 65.0 -19.39632059135618 2.2623401460752355 56590.311 56697.043 35 35 "Covariance may not be accurate."
01259412 47 0.4902225509074576 56634.57004716093 2.331468351712829e-16 0.6500000000047511 0.9999988303439955 5.3886385612544885e-06 0.0005935808185313363 0.0 2.155742251375159e-11 0.00042380700091149137 23172.735834089766 42.0 -19.276185220152964 2.2623533459519685 56602.144 56697.078 15 32 "Covariance may not be accurate."
01261579 40 0.8999999914308443 56681.123647375476 2.7755575615628915e-18 0.6500000000001187 0.05291508979809345 0.5547814334751173 72.00307411471658 0.03116538148776711 0.37398469441236354 0.6969497230249572 36467.613821685416 35.0 -17.94918185355138 2.262340737539766 56615.111 56697.079 30 10 "Covariance may not be accurate."
01262214 68 0.4841178269885451 56671.798707214184 0.0 1.24601659651185 0.5000820995026878 0.0 0.0 0.0 0.0 0.0 6223.804787232291 63.0 inf nan 56625.224 56698.051 41 27 "Hesse Failed. Covariance may not be accurate. Covariance not positive definite."
01262715 46 0.48724896018008634 56642.69867958598 2.7755575615628915e-18 0.6500000000935733 0.0005047475191898854 0.6487359878930157 59.04790811003841 0.03156145333435342 0.37874073808046105 0.6053585074172949 7063.92703574514 41.0 -16.405120437474455 2.262339169954611 56625.224 56697.09 12 34 "Covariance may not be accurate."
01263369 36 0.2989010798803127 56664.142160660485 5.551115123125783e-18 1.248816638584825 0.3951338186294151 0.6562095262067907 49.91192880682138 0.034536363866204296 0.4269160302033907 0.6974682523153345 4421.472907755423 31.0 -15.161508049981663 1.4575494344678894 56645.136 56697.043 16 20 "Covariance may not be accurate."
01263715 35 0.030489825309186015 56666.686970117385 1.4155343563970747e-16 0.7954897639057016 0.1672215065535515 0.860943265779003 38.34878741687862 0.046907419457080254 0.3726785166544686 0.6687484621544838 2738.4325689640386 30.0 -13.799570305034283 1.954655551371534 56645.05 56694.039 15 20 "Covariance may not be accurate."
01275946 72 0.5208566716240177 57283.97976542491 6.938893903907228e-17 0.6500079381645986 0.0014484814595870366 0.5174403692337777 51.32207242365257 0.049994378807244444 0.5998918886010317 0.5985905536812535 47073.3066415616 67.0 -20.07292978542658 2.2623192204540707 57248.373 57329.035 31 41 "Covariance may not be accurate."
01279500 45 0.6020783235956213 57265.917380164174 5.551115123125783e-18 0.6500000003687064 0.07768159807763603 0.6599315595470703 57.4424211081423 0.031016244384774724 0.3722012930655668 0.51554871776612 53959.091098360375 40.0 -17.58480600791519 2.262341570713705 57249.293 57319.287 13 32 "Covariance may not be accurate."
01280217 63 0.5239685967968608 57291.985859322616 8.326672684688675e-18 0.650545889434506 1.234366869451442e-05 0.6464814779340045 70.07157787736651 0.030793680114194054 0.3617647590627675 0.61344361142596 3519.854788474464 58.0 -17.788765969746713 2.260966559597634 57248.388 57329.175 34 29 "Covariance may not be accurate."
01281668 83 0.5040248727083432 57293.167947078866 6.383782391594651e-17 1.2138824163981061 0.01837742122333097 0.6576897209636993 80.17255380315328 0.03203534320696588 0.43843512223159115 0.667210424791437 6738.480869338757 78.0 -19.869330073080526 1.4806526021924924 57248.373 57342.028 45 38 "Covariance may not be accurate."
01281886 70 0.5359592984084779 57276.12317956898 2.7755575615628915e-18 1.0515868478349994 0.5206522166366606 0.6477114136521145 75.76493258523988 0.030746231530515162 0.39541426475906255 0.7149354315740927 2126.9107701128955 65.0 -15.644199433537256 1.6186966092166166 57248.388 57345.234 16 54 "Covariance may not be accurate."
01282736 72 0.4284064635401205 57281.03814614302 6.106226635438361e-17 1.2499996495467496 0.8862899976070848 0.0002110225660651166 0.016885997381905327 0.0 0.05561013009599991 0.0007836741621830012 902.896995488391 67.0 -17.721332582632115 1.456792205568238 57249.279 57346.032 23 49 "Covariance may not be accurate."
01283373 61 0.5501184669075344 57289.371807502175 8.326672684688675e-18 1.045659433583213 0.19180809736558252 0.6756961729682813 73.14603064362745 0.032764312387261914 0.4612813028631103 0.5948156369875561 7772.994133360598 56.0 -17.562695027489337 1.624602194301847 57249.423 57332.081 20 41 "Covariance may not be accurate."
01283878 56 0.4899888377901988 57339.18699922125 2.7755575615628915e-18 0.6552983318784834 7.497540866541197e-05 0.6424190838188344 64.96242511899618 0.030963876759767604 0.39422698156190406 0.6112644562464373 1051.9862617376111 51.0 -16.420431931654093 2.2491083223755695 57249.293 57339.187 55 1 "Covariance may not be accurate."
01283936 85 0.7167695565708787 57279.35562267026 8.326672684688675e-18 0.976124531272843 0.5067346762061041 0.0003183027524392146 42.34253750076823 0.0 0.0002433587449763852 0.0004413750317651677 1063.728441103079 80.0 -17.62953772702687 1.6991413327269385 57248.373 57347.084 27 58 "Covariance may not be accurate."
01285160 72 0.48683274461020404 57292.0589715929 0.0 1.0033431960462218 0.5000870211708152 0.0 0.0 0.0 0.0 0.0 3588.2784570780464 67.0 inf nan 57249.403 57372.178 24 48 "Hesse Failed. Covariance may not be accurate. Covariance not positive definite."
01285317 92 0.5563616990710789 57265.12402430528 2.7755575615628915e-18 1.1422405414673682 0.5183049532092041 0.7027402918054657 90.80252444976941 0.035694587175019686 0.33171116020130004 0.7550433693710675 1530.508088810799 87.0 -15.746250452373005 1.5353038296148966 57248.373 57356.127 16 76 "Covariance may not be accurate."
01286398 52 0.6018513981606289 57234.30985491496 1.9151347174783951e-16 0.6500000000008658 0.49999220215442036 0.00021857470552144598 0.0214982401485031 0.0 6.855048700904476e-08 5.564930777640642e-05 7419.46513094416 47.0 -20.580042026579402 2.2623564657148734 57249.293 57331.145 0 52 "Covariance may not be accurate."
01287626 23 0.495946783482811 56670.05198884973 1.0824674490095277e-16 0.6500346224949848 0.005754097376270195 0.6615424119573045 43.81465279279291 0.03262954189619037 0.3894452167813385 0.5817787790402211 4922.964133032388 18.0 -20.420672959603163 2.262252194650749 56653.047 56697.072 11 12 "Covariance may not be accurate."
01289288 81 0.5060489898684712 57322.643153933896 0.0 1.1705813093986999 0.5012781252654939 0.0 0.0 0.0 0.0 0.0 1767.015486485465 76.0 inf nan 57248.373 57347.084 58 23 "Hesse Failed. Covariance may not be accurate. Covariance not positive definite."
01289555 79 0.5134735063536154 57233.40854726511 1.0547118733938988e-16 0.650000194952698 0.4799637400711988 0.6910716108453477 96.50198573224043 0.03632224815036327 0.43569669405240646 0.7148042279976049 966.9310295705616 74.0 -19.56269359109219 2.2623551951921677 57248.388 57365.115 0 79 "Covariance may not be accurate."
01289600 64 0.589872105916122 57290.890611345174 4.9960036108132046e-17 1.243312070724346 0.5278387327780808 0.6545755804185436 87.29164202128231 0.03075571250398568 0.3939206757582289 0.7165722697102314 3080.26582333896 59.0 -19.023166916532297 1.4610973630302837 57253.285 57365.221 19 45 "Covariance may not be accurate."
01289656 75 0.6133704559849875 57290.060257569945 2.7755575615628915e-18 0.6500000148083334 0.0022682302231870066 0.6577981712021927 84.7645726120536 0.030830588761656896 0.36992721226575453 0.5943880846139291 1073.196740740105 70.0 -17.00764663565155 2.2623391817756584 57249.423 57355.245 21 54 "Covariance may not be accurate."
01289664 64 0.2673898302172905 57295.033157551 1.0824674490095277e-16 0.7092612676474581 0.509870065306125 0.6578968513479523 80.916775255424 0.03369771953423625 0.30150896244652914 0.7415409189769989 14144.2696943757 59.0 -17.860196080003327 2.1233560783759486 57252.303 57345.234 28 36 "Covariance may not be accurate."
01290779 44 0.4922903756992934 56931.152595438725 2.7755575615628915e-18 1.2499948657116453 0.00025942033719411617 0.6791572858088991 78.46495963458437 0.03541740624780898 0.4258720473274527 0.6080892918216283 3491.0323278076603 39.0 -16.432375880433746 1.4567827249449294 56887.39 56973.322 24 20 "Covariance may not be accurate."
01290816 40 0.6081169139284858 56903.68904271106 9.436895709313832e-17 0.7345435780382378 0.005796123347959925 3.656184561662279e-06 0.00036918912883265875 0.0 1.8270946081089257e-06 0.11846013426580118 23207.73178860242 35.0 -20.807978518404145 2.0694296147093283 56887.39 56960.278 8 32 "Covariance may not be accurate."
01291080 52 0.6217881625169543 56949.31605475641 2.7755575615628915e-18 0.6500000329767848 0.12014726934891451 0.6702256161021043 76.2149626402097 0.03155734883487673 0.3786263185590875 0.7241042343652253 1216.4545390455187 47.0 -16.839410214169927 2.262343087767267 56887.268 56973.078 41 11 "Covariance may not be accurate."
01291090 51 0.8999999513677649 56886.322911740746 8.326672684688675e-18 0.8453838091525738 0.3192756081323318 0.5526873794886616 56.609436343776906 0.031044849307292316 0.4456833024889581 0.7376846913800486 7482.401642886451 46.0 -18.624643650262904 1.8743794200925947 56887.211 56973.028 0 51 "Covariance may not be accurate."
01291794 72 0.5321644196289859 57306.549260504326 2.2204460492503132e-17 0.6546824928463861 0.509655607792739 0.00012601421473446006 1.510916840928985 0.0 1.5524950069123467e-05 0.00014655933294188683 1261.2749353066592 67.0 -17.900975405411828 2.2506530020508144 57252.289 57356.174 36 36 "Covariance may not be accurate."
01291957 60 0.11289505847369737 56897.4690205275 8.604228440844963e-17 0.9201336732734336 0.02109061167116133 0.006522515986298348 0.18556256395822857 0.0 0.0010306723604138202 0.0005666508665344017 798.2329354490457 55.0 -16.496373515666093 1.7684209300935407 56877.179 56980.031 12 48 "Covariance may not be accurate."
01292145 73 0.5302912895040652 57267.85761272436 2.2204460492503132e-17 0.7002563259469322 0.5266203375699754 0.650055346058689 74.66675329662758 0.030976195081971 0.3111911976177818 0.7193121131873905 386.87958126333336 68.0 -17.864276250185107 2.143381334568467 57252.289 57356.174 15 58 "Covariance may not be accurate."
01292195 81 0.5721128082155084 57320.62037403404 0.0 0.7156668742877622 0.5001167780926782 0.0 0.0 0.0 0.0 0.0 1588.8919133920856 76.0 inf nan 57249.403 57389.163 42 39 "Hesse Failed. Covariance may not be accurate. Covariance not positive definite."
01292332 49 0.8887806486574853 56900.81594774636 3.885780586188048e-17 1.0102365367507242 0.01845255647840016 0.6882530242128555 59.80636640780722 0.0361741921343859 0.419192524498374 0.5540602656407569 4602.716080359473 44.0 -20.83800835566533 1.6612552773490847 56890.328 56973.19 5 44 "Covariance may not be accurate."
01292336 49 0.6024403421307403 56901.86228554349 1.0269562977782698e-16 1.175998160410765 0.0009374073725895715 0.6555411389948571 62.08697457861854 0.030746230747203326 0.3310630328695527 0.6019315042422608 2430.258209492938 44.0 -20.8826556739196 1.5082015866069156 56890.328 56973.19 5 44 "Covariance may not be accurate."
01292560 48 0.6013037513203817 56935.441202030175 1.582067810090848e-16 0.6562959662569885 0.500026600214104 1.625087570594763e-05 0.0021318980034266133 0.0 2.5597709166214067e-06 0.3151000042284571 13891.79876424657 43.0 -20.370136949291595 2.2466561378418746 56890.263 56973.042 25 23 "Covariance may not be accurate. Covariance not positive definite. Covariance forced positive definite."
01293319 57 0.6295238796394412 56951.85859104327 3.053113317719181e-17 0.6500000010061568 0.0009908845687348622 5.1466266393962457e-05 0.006187761980982032 0.0 3.1031847647078337e-09 0.002926900286242179 11737.779230568454 52.0 -19.68204219947878 2.262339181099602 56887.268 56980.072 41 16 "Covariance may not be accurate."
01293758 35 0.39616380802757034 56961.72705570226 6.106226635438361e-17 0.6500074512555067 0.2599101240750138 0.6355368412192802 82.86830201020712 0.03399752561014133 0.40898247588680814 0.6293439358566246 10953.769542001888 30.0 -18.72134135858196 2.262331393782148 56891.384 56980.044 30 5 "Covariance may not be accurate."
01294014 39 0.3511703289595561 56939.3220650044 9.436895709313832e-17 0.7303989768970859 0.473799831449159 0.6031945362613064 83.16140138311312 0.030897646631409845 0.33497151605054526 0.7058094095834532 1934.2908842401425 34.0 -18.475345126121674 2.0780331655162314 56890.386 56990.199 15 24 "Covariance may not be accurate."
01294743 47 0.8988340030869085 56972.07006926846 2.7755575615628915e-18 0.7161667425149869 0.21828185263844663 0.5606148826462559 78.15902314709456 0.032338030004160606 0.4542189052614421 0.7385501363549145 3088.0918380353796 42.0 -17.619024308143228 2.108271583365404 56890.285 56980.127 39 8 "Covariance may not be accurate."
