analysis_pipeline/fit_results/des_5_sn91bg_salt2_phase_blue.ecsv
# %ECSV 0.9
# ---
# datatype:
# - {name: obj_id, datatype: string}
# - {name: num_points, datatype: int64}
# - {name: z, datatype: float64}
# - {name: t0, datatype: float64}
# - {name: x0, datatype: float64}
# - {name: x1, datatype: float64}
# - {name: c, datatype: float64}
# - {name: z_err, datatype: float64}
# - {name: t0_err, datatype: float64}
# - {name: x0_err, datatype: float64}
# - {name: x1_err, datatype: float64}
# - {name: c_err, datatype: float64}
# - {name: chi, datatype: float64}
# - {name: dof, datatype: float64}
# - {name: b_max, datatype: float64}
# - {name: delta_15, datatype: float64}
# - {name: tmin, datatype: float64}
# - {name: tmax, datatype: float64}
# - {name: pre_max, datatype: int64}
# - {name: post_max, datatype: int64}
# - {name: message, datatype: string}
# schema: astropy-2.0
obj_id num_points z t0 x0 x1 c z_err t0_err x0_err x1_err c_err chi dof b_max delta_15 tmin tmax pre_max post_max message
[from data line 48]
01294743 11 0.5542527720992096 56901.79532001263 9.520162436160719e-16 0.6629093333951137 0.500060277079389 0.009968483250756499 0.1474232365071657 8.187894806610532e-17 0.01327078883270083 0.06089479101099335 747.1663333137536 5.0 -22.103605793520195 2.228830485445208 56890.366 56980.089 1 10 "Covariance may not be accurate. Covariance not positive definite. Covariance forced positive definite."
01295027 35 0.47930428032170985 56901.15939613634 2.7755575615628915e-18 0.6876502436317131 0.00018835073828138427 0.5555748639041757 29.68388356640571 0.030873151733860384 0.4233213502967915 0.6091076685549903 813.0725006611179 21.0 -16.362741659249817 2.1704907600887147 56887.27 56992.066 4 31 "Covariance may not be accurate."
01295256 16 0.8233639076646204 56889.2950004091 3.469446951953614e-16 0.6632085752687883 0.500082261924599 0.005961423991299175 1.203494321089238e-06 0.0 2.9556192509494483e-05 2.9425066158439428e-05 1224.0699511612927 5.0 -22.06071067500879 2.2281052165242095 56904.3 57012.086 0 16 "Covariance may not be accurate."
01295305 15 0.41256583921587836 56912.607069987374 2.2204460492503132e-17 1.2411627877863425 0.1391108845656583 0.5432059400942792 28.908179645892233 0.03152114116177504 0.3365132598560528 0.7460903530225944 1778.6568153167268 6.0 -17.98745031794519 1.4620683612859793 56890.34 57005.11 2 13 "Covariance may not be accurate."
01295921 14 0.29100450412742984 56900.49448993209 4.4408920985006264e-17 1.0686291111626471 0.11898101623659774 0.0011281863743496934 10.132505462916015 1.387778780781447e-18 0.009652794136720932 0.008007238040044162 242.6823043886807 5.0 -17.89213331692464 1.6013770549103228 56890.39 56990.199 1 13 "Covariance may not be accurate."
01296273 31 0.45760711134775545 56902.60624528839 1.7486012637846217e-16 0.7282657038488182 0.5081717287889843 0.5493974837392124 26.73090482461339 0.030756314268709794 0.33401713545239037 0.7123506886924849 3763.5594237677847 17.0 -19.74977406274652 2.0811083646431925 56903.386 57003.047 0 31 "Covariance may not be accurate."
01296321 13 0.8346629756973928 56904.55800067973 4.5186077102243874e-15 1.19944401257003 0.6197747467581282 0.5204044735045926 21.563324756007205 0.030859409893444822 0.42745703312045946 0.7337110412800198 4517.246878736256 8.0 -24.677072621848474 1.490354915400971 56915.267 56990.183 0 13 "Covariance may not be accurate."
01296657 8 0.6350731975796943 56918.362804744436 8.706924070622791e-15 0.6953483264753594 0.48869913043960717 0.027604593931255916 0.13707604822775465 7.729927808952659e-16 0.01040333523427811 0.03843940694161013 2093.8878300750393 3.0 -24.894119118417787 2.1529494103163067 56904.221 56973.075 3 5 "Covariance may not be accurate."
01297026 13 0.41814684588643386 56901.28588678185 8.96505092384814e-16 1.2484123685974988 0.5051663279597743 0.020202317557673738 0.0077268128625291865 4.1633363423442976e-18 1.3022866781842168e-05 0.0002063696533337045 2241.143118789282 3.0 -21.295783213205596 1.4574049459007483 56915.203 57001.06 0 13 "Covariance may not be accurate."
01297465 14 0.8499614841116321 56897.27298820474 1.9040324872321437e-15 1.048256008740049 0.49867590497135195 7.142641084145751e-08 1.012055145110935e-05 1.387778780781564e-18 3.7060974202862695e-06 0.03552450854701067 9436.419405143773 6.0 -23.99802291484105 1.6213741478116859 56912.304 57005.249 0 14 "Covariance may not be accurate."
01298281 15 0.6968526041915085 56906.28175078406 2.6728619317850647e-15 0.6500000014418021 0.5000539879138234 0.010837985404690276 0.6497599107133283 2.636779683484747e-16 0.06382825682567467 0.05597135582783558 2885.506217175934 8.0 -23.831182177423933 2.2606710768578218 56915.267 57003.045 0 15 "Covariance may not be accurate. Covariance not positive definite. Covariance forced positive definite."
01298893 4 0.5342119211380304 56911.02406768757 4.582445534140334e-15 0.6999652159419151 0.5050668241655127 0.5674731775185441 25.323330993418494 0.031010456499312257 0.31072981326013543 0.7148762645958333 780.9889767021606 -2.0 -23.70499958507714 2.142543248931652 56943.247 56992.064 0 4 "Covariance may not be accurate."
01299643 33 0.31278683322779494 56897.35142723685 1.665334536937735e-17 1.2466666921631309 0.5010913700519788 0.5722868128818794 25.07164149322125 0.031050016720836498 0.3908941249266675 0.7144109665588514 3400.450735726682 9.0 -16.234378572976798 1.45852598885482 56912.346 57018.075 0 33 "Covariance may not be accurate."
01299775 6 0.6303364841626298 56905.31886362531 4.457545443870004e-15 0.652758460747982 0.5000009743894476 0.00047795282684642837 0.17616948223803774 7.910339050454225e-17 0.00033833536195565506 1.3263793864598528e-05 1094.62150337289 -1.0 -24.119757108830125 2.253771746411097 56927.224 57001.29 0 6 "Minimization exited successfully."
01299785 33 0.4805618507511877 56934.40916064267 6.106226635438361e-17 1.216756169790611 0.0863735237299953 0.5548165785200847 29.608826687701367 0.030775116244283533 0.303768922454649 0.713262655241861 1181.0216879707468 23.0 -19.580584305915288 1.4782527569668709 56920.294 57025.076 4 29 "Covariance may not be accurate."
01300516 17 0.6322586210588191 56937.86316491263 4.746203430272545e-16 0.6500000003059192 0.5000020469488698 0.05074356896034893 1.0559212499101704 4.024558464266193e-17 0.00015924695927443944 0.0007281263946120053 2420.012948871426 12.0 -21.695958748665184 2.260671079553102 56923.291 57018.088 4 13 "Covariance may not be accurate. Covariance not positive definite. Covariance forced positive definite."
01300912 32 0.48549813316507606 56935.93806192083 1.3877787807814457e-17 1.056911623041223 0.500119131521462 0.0006857447783779613 0.07211695218938985 0.0 0.0061011150275892545 0.07942767031155157 10685.350445253302 23.0 -17.16561859001026 1.6128040824199168 56920.205 57018.21 6 26 "Covariance may not be accurate. Covariance not positive definite. Covariance forced positive definite."
01301933 16 0.2852698930980362 56949.09598697723 3.0253577421035517e-16 0.7111611201164034 0.5009682890670548 2.8961799837939894e-05 0.019595960580772953 0.0 4.402467654102127e-05 0.00010484887378503505 16947.9817015339 8.0 -19.15163006669454 2.1177307459386725 56924.193 57025.1 4 12 "Covariance may not be accurate."
01302058 14 0.618556232823332 56920.367065111386 5.007105841059456e-15 0.6614748792091416 0.49913618071289423 nan 5.732903809985146e-05 1.3877787807813668e-18 1.2129940756888669e-05 7.040698226143394e-05 10912.611951032355 6.0 -24.198103168347927 2.232314719319813 56935.363 57025.074 0 14 "Covariance may not be accurate."
01302141 22 0.4782753035144024 57265.87084052859 2.7755575615628915e-18 0.6500000000310243 0.0014121817355239874 0.5558781602826293 29.604431974879844 0.03092447385251422 0.37109552844704474 0.5988003808015856 186.16401111438608 12.0 -16.35520997988793 2.2606541048176965 57248.408 57365.041 5 17 "Covariance may not be accurate."
01302187 9 0.6333451976548465 56910.91621961937 2.275957200481571e-15 0.8031115974070783 0.5000412260036711 0.00994499426859552 0.4757109817546734 6.494804694057166e-16 0.04916355534044603 0.1811622573760332 577.7491510266627 1.0 -23.402500921604034 1.9406050904073346 56932.171 57012.201 0 9 "Covariance may not be accurate. Covariance not positive definite. Covariance forced positive definite."
01302523 28 0.4812888969912451 57290.203622739 1.1102230246251565e-16 0.6734996672114569 0.5114052342753811 0.5460247303465569 25.36186832047315 0.031067236354127815 0.4170028870142859 0.7170665939841538 3874.419664702251 21.0 -19.382703623452368 2.2034773246815043 57265.391 57372.059 6 22 "Covariance may not be accurate."
01302648 13 0.8499784131288415 56915.51931304203 1.690314554991801e-15 0.650009805367266 0.5000003964084884 0.00016638684276382154 2.8169773436020478 4.732325642464731e-16 0.0007611780617478581 0.00016410633277172404 1840.5292415230238 6.0 -23.865535167510107 2.26064645721285 56925.16 57017.076 0 13 "Covariance may not be accurate. Covariance not positive definite. Covariance forced positive definite."
01303004 18 0.6372375568428601 56919.37281624074 2.0372592501871624e-15 0.6996215742258407 0.5000437481217416 1.848227414907866e-05 3.6851371987722814e-05 0.0 2.371768226899773e-05 6.75230911668101e-05 6061.898799250079 7.0 -23.298459121561336 2.1433144754275766 56936.363 57033.042 0 18 "Covariance may not be accurate."
01303279 8 0.8449397850725181 56966.35730545073 5.986877660291157e-15 0.7226409892384554 0.4999995450995892 0.00012411254950883688 0.09450886383638135 1.1796119636642288e-16 0.0005282447905702314 4.487719556856007e-06 2509.9203669661656 2.0 -25.222649068565108 2.0929705991865504 56943.232 57033.164 3 5 "Covariance may not be accurate."
01303496 10 0.6419989668354559 56934.639886075776 8.604228440844963e-16 0.6500000000002157 0.37469740604734897 4.90878938075312e-06 0.00021038698105257936 5.551115123125812e-18 3.064526410412327e-11 0.12468244134365192 3808.9367225021674 4.0 -22.654881688732388 2.260667179270392 56943.18 57032.147 0 10 "Covariance may not be accurate."
01303883 17 0.5639996860441484 57268.923403807836 7.660538869913581e-16 0.6500000013444582 0.4389450497725471 0.5682995317499229 28.102501529319852 0.030755534219270332 0.36905448533220253 0.722827046799868 3556.633235505131 11.0 -22.05492939044381 2.2606689320632185 57265.225 57356.122 1 16 "Covariance may not be accurate."
01303952 21 0.47600898889880716 57262.322278847954 2.7755575615628915e-18 0.6500000006842904 0.0012784968324030532 0.5556737732921528 29.715312910204375 0.03095382669340237 0.37143729831894345 0.629665011587934 292.94019529568425 11.0 -16.343046061038756 2.2606540995373123 57249.283 57373.055 3 18 "Covariance may not be accurate."
01304127 21 0.4707390362574812 57261.8879473044 0.0 0.6500000000800684 0.5000190997900668 0.0 0.0 0.0 0.0 0.0 0.0 -5.0 inf nan 57249.286 57373.058 3 18 "Hesse Failed. Covariance may not be accurate. Covariance not positive definite."
01304442 2 0.5380415007924119 56959.69443841362 2.8976820942716587e-15 0.7041829428117318 0.4999973160670094 0.010021057701230407 0.08329005134510226 8.326672684688595e-18 0.0016775041898783316 0.0018716615282168558 355.3549732523055 -4.0 -23.23416137429867 2.133123009995181 56943.355 56990.214 1 1 "Covariance may not be accurate."
01304678 10 0.8498672522967033 56944.773987309076 2.664535259100376e-16 0.6500156538896719 0.5000002233879467 1.8375222390898394e-06 0.003570288303308189 5.967448757360216e-17 5.552545748188642e-07 0.7383765222505092 259.4424457229786 5.0 -21.85931890864618 2.2606317708223145 56943.232 57033.164 1 9 "Covariance may not be accurate. Covariance not positive definite. Covariance forced positive definite."
01305504 14 0.48103622701713883 56959.9688249418 1.3877787807814457e-17 0.6617291923159699 0.08000941274204021 3.6057085968294045e-05 0.0015928859502309933 0.0 8.115873090352999e-06 0.7935480913289592 3165.040786059038 7.0 -17.985917132499168 2.231682052217991 56943.274 57039.041 3 11 "Covariance may not be accurate."
01305626 15 0.7597415286454366 56937.841216592504 9.18709552877317e-16 1.2386959494649061 0.5000012343110667 0.0035832016567374225 0.007932281703688204 1.3877787807814654e-18 9.584652693583884e-05 1.0437743598962212e-05 17400.950429281696 7.0 -22.902594310765508 1.4636800427522587 56949.133 57044.076 0 15 "Covariance may not be accurate."
01306029 38 0.48440302220922743 57263.27840837913 8.326672684688675e-18 1.1514031077303308 0.0018449176747959983 0.5557654853481869 29.622711743289983 0.030788635417497177 0.3471551221704919 0.5964456040866488 1534.3967523405518 27.0 -17.5805258575022 1.5271833611193593 57248.391 57355.214 6 32 "Covariance may not be accurate."
01306073 15 0.6496298343110292 56937.24924729903 9.325873406851315e-16 0.9137952236520316 0.4564461940030039 4.247630949472114e-06 0.000134356534545077 0.0 3.72748397314826e-06 0.014728199331734804 2409.1181128294825 6.0 -22.603911419650252 1.7759939655655401 56949.136 57044.076 0 15 "Covariance may not be accurate."
01306141 32 0.47771111378359055 56959.09245449739 2.2204460492503132e-17 0.7373593866047137 0.008071283522628592 0.5588905513409812 29.595711181274964 0.031242119506154 0.4446896930436804 0.5754232711785009 3368.111357897052 21.0 -18.599301214456577 2.062304937174705 56949.339 57051.149 2 30 "Covariance may not be accurate."
01306360 19 0.5441206774721693 57234.43121240621 1.3877787807814457e-16 0.8357494094602551 0.5003511589968824 0.14817746807352616 0.0013018996105529368 0.0 0.0006407404937860961 0.00115343555682193 159.55151744215365 6.0 -19.96380583732214 1.8881286411319742 57255.415 57355.242 0 19 "Covariance may not be accurate."
01306390 34 0.4861630108655041 57267.827967894584 1.3877787807814457e-17 0.7667356263685626 0.023682468856183747 0.5668262693713566 30.47831369143387 0.031888464947409274 0.456615370288188 0.6734574386094598 347.9306679935362 25.0 -18.109558804614068 2.0049819068758765 57253.403 57355.228 4 30 "Covariance may not be accurate."
01306537 19 0.4865106447334973 57250.36300021435 6.938893903907228e-17 0.6771323635625501 0.03238091015577943 0.5682407528818847 25.633022663838346 0.032042923205570215 0.4329536808766962 0.6819561605662978 660.1807743844973 6.0 -19.84456553951823 2.194905366832966 57265.368 57372.241 0 19 "Covariance may not be accurate."
01306626 36 0.4944452609333818 57240.410000726384 2.942091015256665e-16 0.6667659344365263 0.5000871638261464 0.00016921583151091601 1.64629818755202e-06 2.775557561562906e-18 3.113605629384564e-05 0.7381773288970226 2253.825688573865 15.0 -20.529169952087518 2.219524139799148 57255.413 57355.242 0 36 "Covariance may not be accurate. Covariance not positive definite. Covariance forced positive definite."
01306785 11 0.4843908643749419 57263.8842008329 0.0 1.1187321699441888 0.5001431570306974 0.0 0.0 0.0 0.0 0.0 0.0 -5.0 inf nan 57248.423 57311.111 4 7 "Hesse Failed. Covariance may not be accurate. Covariance not positive definite."
01306980 22 0.45491332727503747 57270.38953908658 2.7755575615628915e-18 1.1774660255999756 0.022466714431024493 0.5765486556297563 33.294858360397484 0.03604784284285751 0.495162020851332 0.5474094513311248 82.83272750599946 13.0 -16.191209819068526 1.506593415089501 57252.233 57372.036 4 18 "Covariance may not be accurate."
01306991 35 0.8046106903238531 57250.219387150595 5.273559366969494e-16 0.7876712991969741 0.4812495107381397 0.38956862283544336 24.9052699638778 0.03079464104452408 0.44408434042469563 0.7064919667649958 291.94462332430453 24.0 -22.499013050978075 1.9671068075351705 57265.212 57365.041 0 35 "Covariance may not be accurate."
01307277 36 0.47838458499491787 57267.66403084045 2.7755575615628915e-18 0.9767978432996911 0.4916730055332317 0.5557745664793092 29.44082043328308 0.030911805822711864 0.4206324419417918 0.7104641960991557 427.8613622824029 25.0 -15.400282241870588 1.697624297724662 57256.295 57365.112 4 32 "Covariance may not be accurate."
01307830 31 0.22028247889588265 57280.68284085039 7.494005416219807e-17 0.7386998405831 0.26927529255689986 0.4590856066249315 27.526591614077915 0.030747152468788556 0.4381803735498246 0.6336014572883936 4912.06256990341 20.0 -17.456744820955088 2.059587482316733 57257.281 57356.144 5 26 "Covariance may not be accurate."
01308314 37 0.4874568486858132 56953.99126214589 0.0 0.6500120078844703 0.5000083116715595 0.0 0.0 0.0 0.0 0.0 0.0 -5.0 inf nan 56943.18 57051.149 4 33 "Hesse Failed. Covariance may not be accurate. Covariance not positive definite."
01308326 16 0.6240493142140265 56966.68429369151 7.244205235679147e-16 0.6589587377246288 0.4636575229656089 1.664828993186429e-05 0.0008675043500261381 1.3877787807814654e-18 3.432782741175089e-06 0.010357163117490659 3701.6093723401805 11.0 -22.206703531966483 2.238456128660321 56956.143 57045.109 3 13 "Covariance may not be accurate."
