analysis_pipeline/fit_results/des_5_salt2_2.4_all.ecsv
# %ECSV 0.9
# ---
# datatype:
# - name: obj_id
#   datatype: string
# - name: num_points
#   datatype: int64
# - name: z
#   datatype: float64
# - name: t0
#   datatype: float64
# - name: x0
#   datatype: float64
# - name: x1
#   datatype: float64
# - name: c
#   datatype: float64
# - name: z_err
#   datatype: float64
# - name: t0_err
#   datatype: float64
# - name: x0_err
#   datatype: float64
# - name: x1_err
#   datatype: float64
# - name: c_err
#   datatype: float64
# - name: chi
#   datatype: float64
# - name: dof
#   datatype: float64
# - name: b_max
#   datatype: float64
# - name: delta_15
#   datatype: float64
# - name: tmin
#   datatype: float64
# - name: tmax
#   datatype: float64
# - name: pre_max
#   datatype: int64
# - name: post_max
#   datatype: int64
# - name: message
#   datatype: string
# schema: astropy-2.0
obj_id num_points z t0 x0 x1 c z_err t0_err x0_err x1_err c_err chi dof b_max delta_15 tmin tmax pre_max post_max message
[from data line 190]
01341370 32 0.4215196737768338 57376.49764012945 1.5199952314806643e-05 1.2184900095962892 -0.008943895505257371 0.013640633915668526 0.3844665940196137 6.741723483499884e-07 0.5686675074530205 0.03440462346010276 13.699729755885208 19.0 -19.302507101734097 0.8397539252025901 57347.076 57403.052 16 16 "Minimization exited successfully."
01341894 28 0.3116811566889312 57390.08240204142 2.9155640829534038e-05 -0.047473840528004185 -0.041843301319410886 0.027150649834485202 0.4871423328477249 8.734353186087833e-07 0.36183572658020613 0.05670945112950358 6.751234077143963 16.0 -19.23884382163211 1.0642813996558615 57365.051 57427.057 16 12 "Minimization exited successfully."
01342255 25 0.2245212181583166 57390.65501925888 8.573443879766884e-05 0.600345884701853 -0.06914861401410602 0.02079155916348016 0.18961251392101985 8.59355325615041e-07 0.21397035501030692 0.04812188460403172 11.946430902479506 14.0 -19.59549156401748 0.9475361659173487 57365.107 57428.056 16 9 "Minimization exited successfully."
01343208 36 0.4923315500209505 57390.781052463135 1.070077581218354e-05 -0.033122504701367905 -0.030093162112004024 0.02800486439784075 0.5255067878606496 2.4960231152504325e-07 0.37592283043893415 0.03636476371313936 12.236659417718212 21.0 -19.323608518772442 1.0609471877645866 57355.251 57426.117 22 14 "Minimization exited successfully."
01343337 31 0.3309241200523427 57393.83627819619 1.751548869146358e-05 1.1583938554974083 0.16694741985174727 0.014274342565908038 0.7148753682267852 7.973882971135104e-07 0.6848061545431565 0.04435362126116982 20.077183731366663 18.0 -18.839334662395565 0.8436088028015263 57372.223 57426.147 15 16 "Minimization exited successfully."
01343401 24 0.3954912277055666 57395.245440333885 2.4751412436752052e-05 1.1340806863434674 -0.07249808981270495 0.02867429763207524 0.9827403023118677 1.2013050038714456e-06 0.8903910998994842 0.06403681595652816 3.831439844419818 13.0 -19.66794033123972 0.8560248987798502 57372.046 57427.057 16 8 "Minimization exited successfully."
01343533 31 0.3666855672582466 57389.45285838695 1.5327031320330753e-05 -0.5559747925435135 -0.0043103410220857175 0.05139915767886233 1.2290953963056381 1.1519604562609809e-06 1.2267566397733525 0.12005631993983006 9.66632843305782 18.0 -18.952431354502863 1.1618207949555241 57365.036 57407.048 19 12 "Minimization exited successfully."
01343759 32 0.5754945564082856 57396.69646864458 1.2637197465814599e-05 0.3349138164899328 -0.19584517456598116 0.032474404249023814 0.5091689928740379 4.659204191279076e-07 0.3252873846184763 0.03674819387880292 27.899489215209055 19.0 -19.916027758245797 1.0005224808314281 57365.133 57426.118 20 12 "Minimization exited successfully."
01343871 28 0.6768766770863007 57389.39583907221 6.971200374300546e-06 0.19820294104957314 -0.11158065611363932 0.021892629994122004 0.9678306886744394 3.351052307559719e-07 0.7901374773309193 0.04493221429153489 13.469476277403123 16.0 -19.698907107234657 1.0218237584191279 57355.223 57408.057 16 12 "Minimization exited successfully."
01344692 28 0.3510710968347482 57393.459360976776 8.695311744461031e-06 -1.9723503279245966 0.26330182101866456 0.030387466648547856 1.1844054680514091 8.06583949954087e-07 1.4443158957392346 0.09782925350838911 4.55926654937396 16.0 -18.229238014618605 1.4616761104619265 57366.054 57427.068 16 12 "Minimization exited successfully."
01345553 24 0.28069592799958265 57393.89989417683 3.5429309456130875e-05 0.32789966194119824 -0.0872921586602027 0.0262672780810059 0.4658976857972448 1.008042783293138e-06 0.4684539857527743 0.02962691120711554 9.072598065431166 13.0 -19.188395926201668 0.9969589954467679 57372.046 57427.057 12 12 "Minimization exited successfully."
01345582 28 0.4948438121495989 57399.4961985428 1.5119299132149156e-05 0.729651932668693 -0.09621770489313367 0.05819438431005336 1.346703770559543 5.878159197933441e-07 1.279677999868619 0.058342488729494726 9.420687411769334 16.0 -19.713170119382397 0.9260106864054087 57365.051 57427.057 20 8 "Minimization exited successfully."
01345594 23 0.39100632973996213 57397.32172871229 2.0332820856361346e-05 -0.118126608536548 -0.07620341204809558 0.0345021428767224 1.1989964234744548 1.2678079286759805e-06 1.189370641641631 0.08718202661419394 9.3560020544009 12.0 -19.424161493249073 1.0795823372315922 57372.046 57427.057 16 7 "Minimization exited successfully."
01346137 28 0.3475625094615145 57402.92126479399 2.1009554173820333e-05 0.7870150191668039 0.053114920436871826 0.023621438141471662 0.8945775753236376 8.501453672177244e-07 0.7291087298372463 0.05800638392280841 3.8222555875527178 16.0 -19.159518551362208 0.9102163332995481 57375.046 57425.153 20 8 "Minimization exited successfully."
01346387 28 0.3548997147440352 57394.89056950387 1.6757003665482386e-05 -1.8193497782883055 -0.0032919689255757056 0.005561357204838385 0.17398234969368787 2.6699071484504e-07 0.27844717290298426 0.014246859791625266 14.374537686355382 16.0 -18.965384314377836 1.4501566100551102 57372.127 57426.118 15 13 "Minimization exited successfully."
01346956 20 0.3345030969333029 57411.97236364306 3.610235781796034e-05 0.8046678841911632 -0.10856464749231345 0.01448454787846537 0.30514522509474773 9.625660164561123e-07 0.3241677959142697 0.025639445400143013 24.0824628803683 10.0 -19.650531113828546 0.9134711842963767 57387.178 57426.147 16 4 "Minimization exited successfully."
01346966 27 0.3059695871996737 57407.04642159305 3.6895061876629503e-05 0.34063194551294806 -0.05635192983116205 0.02542686362511573 0.5152035405953939 7.155024555921534e-07 0.3575500877074371 0.03168962078832925 9.493496520245483 15.0 -19.44824804553578 0.9932455492788677 57376.057 57426.147 19 8 "Minimization exited successfully."
