analysis_pipeline/fit_results/des_4_salt2_2.4_blue.ecsv
# %ECSV 0.9
# ---
# datatype:
# - name: obj_id
#   datatype: string
# - name: num_points
#   datatype: int64
# - name: z
#   datatype: float64
# - name: t0
#   datatype: float64
# - name: x0
#   datatype: float64
# - name: x1
#   datatype: float64
# - name: c
#   datatype: float64
# - name: z_err
#   datatype: float64
# - name: t0_err
#   datatype: float64
# - name: x0_err
#   datatype: float64
# - name: x1_err
#   datatype: float64
# - name: c_err
#   datatype: float64
# - name: chi
#   datatype: float64
# - name: dof
#   datatype: float64
# - name: b_max
#   datatype: float64
# - name: delta_15
#   datatype: float64
# - name: tmin
#   datatype: float64
# - name: tmax
#   datatype: float64
# - name: pre_max
#   datatype: int64
# - name: post_max
#   datatype: int64
# - name: message
#   datatype: string
# schema: astropy-2.0
obj_id num_points z t0 x0 x1 c z_err t0_err x0_err x1_err c_err chi dof b_max delta_15 tmin tmax pre_max post_max message
01248677 30 0.3502 56554.47535703868 3.368773292870553e-05 1.0015765574353868 -0.10288727650625445 0.0 0.09592188792521483 4.7017752927563667e-07 0.10619730880713973 0.012184556183985812 290.02694077069134 26.0 -19.691903117984314 0.8794897729077569 56538.34 56629.123 5 25 "Minimization exited successfully."
01250017 16 0.1817 56553.55027419291 8.78337485679559e-05 0.25449618182307976 0.29999999986693243 0.0 0.1440268477126665 1.4850553394368804e-06 0.24478458224941324 0.5022849351287498 22.810091329290533 12.0 -19.11166576001947 0.9912401023399475 56534.235 56616.075 6 10 "Minimization exited successfully."
01253039 18 0.4535 56575.46585010733 1.187833259700677e-05 0.464458155227097 0.2999997317596402 0.0 0.6994946086888376 3.994628610962111e-07 0.6451604692342738 0.5131430354807256 8.26560661518487 14.0 -19.228272744188207 0.9546897986001994 56547.272 56653.09 7 11 "Minimization exited successfully."
01253101 18 0.4596 56577.074916432204 1.194019993124018e-05 0.6523716086130795 0.2999997604790164 0.0 0.0005070715815236326 4.7632634172234434e-07 0.6344354229848113 0.5141850617653323 25.49037528114293 14.0 -19.268765075959642 0.922633982417068 56543.096 56657.05 6 12 "Minimization exited successfully."
01253920 15 0.1956 56583.29237951694 7.0112994227714e-05 -0.7515136748044093 0.29975687287856984 0.0 0.16503291351546068 1.5941510078332235e-06 0.2112426872732054 0.46182074569860654 59.919808667549646 11.0 -19.044645218772278 1.1805111687343732 56559.193 56649.168 5 10 "Minimization exited successfully."
01255502 10 0.1482 56557.621635306285 0.00026882313301882513 1.9999965749939044 -0.29999903757492025 0.0 0.0001913507076096721 5.33229788301503e-06 0.06278258787894986 0.007797297094426919 1821.534919889839 6.0 -19.83992073286634 0.7177270547395871 56579.125 56653.072 0 10 "Minimization exited successfully."
01257366 8 0.2114 56648.46071091576 1.446169808388964e-05 1.999869999354079 -0.20037184962614402 0.0 5.312820263799949 2.1571907236897506e-05 2.507102346603362 0.35662434097053 413.2144028433277 4.0 -17.51929136998453 0.7153903111260647 56590.343 56675.102 4 4 "Covariance may not be accurate. Covariance not positive definite. Covariance forced positive definite."
01257695 11 0.1838 56613.20043731338 8.844186860159087e-05 0.1394115342174036 0.29999383046501354 0.0 0.13033783095306717 1.400206620814913e-06 0.1671855887904372 0.3964272504963142 46.17555086177331 7.0 -19.146798260384898 1.0116405159909725 56590.027 56675.074 4 7 "Minimization exited successfully."
01258906 28 0.3492 56621.36100752673 2.293884824319803e-05 -0.07134621553066056 -0.10264556372875691 0.0 0.4103566280209634 1.2910717228753483e-06 0.3848482429517106 0.055216581366494946 18.783663610193024 24.0 -19.26651724029378 1.0720218474053063 56594.015 56695.035 9 19 "Minimization exited successfully."
01258940 35 0.4259 56619.619281119056 1.5717989520683263e-05 0.15663370026254153 -0.07248163752362363 0.0 0.5586461386774317 8.983901811782094e-07 0.5072836675300767 0.06646174977498742 30.06995266674111 31.0 -19.36490418751299 1.0276330537180343 56590.313 56697.041 12 23 "Minimization exited successfully."
01259412 11 0.3047 56624.276717985704 4.160882925844656e-05 1.1600539790009172 -0.2992463041744469 0.0 0.48252454900284647 1.2483616166181217e-06 0.22481588928785046 0.5833408790287838 4.33477894497155 7.0 -19.573415260091807 0.8589771628390999 56603.052 56693.052 2 9 "Minimization exited successfully."
01261579 10 0.3222 56638.73360388026 3.440955939495449e-05 -0.06631009339894334 -0.2989610361798924 0.0 0.13616316829939024 1.0214449517348428e-06 0.14925803705719165 0.5696096852969881 13.164173875495388 6.0 -19.50679333002003 1.0810118596464733 56616.087 56693.049 3 7 "Minimization exited successfully."
01262214 23 0.6894 56657.08985547369 6.0994348099197016e-06 -0.3400836863188723 -0.2990100144712709 0.0 0.5536657344455307 2.0671500608054868e-07 0.385249088688171 0.5368366563960445 29.598329810543 19.0 -19.60616321436693 1.1354166522661835 56625.281 56698.051 11 12 "Minimization exited successfully."
01262715 25 0.6894 56661.56235649072 6.8813628502500945e-06 1.1647841469766176 -0.08892435662253678 0.0 0.6105661295296159 2.7230452157855877e-07 0.5076791867276362 0.06030865822922568 10.295814561450388 21.0 -19.73427294073658 0.851412340275413 56625.228 56697.09 14 11 "Minimization exited successfully."
01263369 9 0.3125 56665.9935818597 3.777962354536147e-05 -0.04518583745705662 -0.29987705379638874 0.0 0.44065308075005305 1.462273739437358e-06 0.4499994051948144 0.5585890909286995 4.332306317496356 5.0 -19.53117373239501 1.0769487271595892 56645.138 56697.039 4 5 "Minimization exited successfully."
01263715 9 0.2919 56667.38562932639 3.301941229178484e-05 0.44005229493710374 0.2999995837490163 0.0 0.41775277095803176 1.1454951791126087e-06 0.5152495541932307 0.5126846170070983 4.520422668555576 5.0 -19.21441781039368 0.9588967353030746 56645.052 56694.034 5 4 "Minimization exited successfully."
01275946 18 0.2321 57261.416796237034 6.431868767386995e-05 1.1703566900171696 0.2999999375028231 0.0 0.1436030737713736 9.853604566539844e-07 0.22952515705729715 0.4584331969052148 225.6089454429754 14.0 -19.370153989259617 0.8367831636483913 57248.375 57329.031 4 14 "Minimization exited successfully."
01279500 12 0.235 57251.46540896543 5.014335063120712e-05 0.5742179151150526 0.21985004681613013 0.0 0.40988462948735105 4.4700553365292765e-06 0.24385921750675021 0.11327365611883147 20.868323058723416 8.0 -19.127584612437758 0.9395606961371818 57249.302 57319.114 1 11 "Covariance may not be accurate. Covariance not positive definite. Covariance forced positive definite."
01280217 32 0.359 57251.71936218558 2.0127806174813357e-05 1.5173409422610016 0.08805064174544308 0.0 2.431712854300713 9.312968571970053e-07 0.9231897797754258 0.05402338438010276 78.12866363973902 28.0 -19.196415412648577 0.7873129746865999 57248.391 57329.173 2 30 "Minimization exited successfully."
01281668 20 0.3071 57271.01989762574 3.237345161121175e-05 0.032808707412899096 0.29688429044623127 0.0 0.4953888196396292 3.1097527989409887e-06 0.41304249153091943 0.47152483471095213 36.68347156870065 16.0 -19.32000452196364 1.0309624807056608 57248.375 57342.024 5 15 "Minimization exited successfully."
01281886 36 0.384 57267.81921620811 2.0143022607727048e-05 0.7327332453405959 0.0570010947692387 0.0 0.5724275857792236 1.4167450520921613e-06 0.5556684645096601 0.06570817365995907 33.42712820534113 32.0 -19.368189757819035 0.9193573086413203 57248.391 57345.231 8 28 "Minimization exited successfully."
01282736 35 0.3689 57266.49102454779 1.4105537589831352e-05 -0.590392768266288 0.18173505066851864 0.0 0.6372464531013975 1.0470401410722639e-06 0.5819893401562638 0.07448282523080907 29.57890488040048 31.0 -18.879447033277014 1.1564681790774927 57249.281 57346.029 7 28 "Minimization exited successfully."
01283373 13 0.2075 57244.210768683384 0.00010039075718951685 1.999999245425876 0.2999806679900528 0.0 1.1061609917487658 3.8734182151042864e-06 0.10746310488431687 0.120657378996957 234.04664218980892 9.0 -19.580520184291444 0.7023718035645174 57265.366 57332.077 0 13 "Minimization exited successfully."
01283878 15 0.3135 57265.87142238838 2.805923640832875e-05 -0.3872246276866833 -0.2994622327296109 0.0 1.1466262723770342 5.6574612656845585e-06 1.411127003397157 0.37541127165716975 2.063084975178163 11.0 -19.216022526925833 1.145039658276204 57249.305 57339.187 3 12 "Minimization exited successfully."
01283936 42 0.369 57267.39122454554 1.1005849068737584e-05 -0.6867971189262487 0.18207080047311458 0.0 0.8466619847567927 1.0704211652556866e-06 0.766386404353232 0.09021910516952233 19.434290309653626 38.0 -18.610678934737535 1.1758786719456928 57248.375 57347.081 10 32 "Minimization exited successfully."
01285160 17 0.7493 57271.75700651761 3.560828499460378e-06 -1.0493320974650595 0.29995954784074735 0.0 0.001758110029186355 1.42584313676808e-07 0.6113187894159676 0.5999779522569866 21.92099414653188 13.0 -19.24436915654048 1.2422363682850062 57253.285 57372.178 2 15 "Minimization exited successfully."
01285317 23 0.5649 57268.84761887092 7.591747772517366e-06 0.08764635704319845 0.2999999911651822 0.0 1.5392666758161795 4.4177694239616594e-07 0.9596910377840364 0.5126871779456003 10.009020069816035 19.0 -19.31658467940951 1.020907006171349 57248.378 57356.125 5 18 "Minimization exited successfully."
01286398 26 0.1503 57271.24333528265 9.961938180581554e-05 -1.4425578427107846 0.0262258178507091 0.0 0.3701920578459976 4.548405724459642e-06 0.24811950550339024 0.03133668226189748 50.8711799765296 22.0 -18.788229369570523 1.3539920722975438 57249.293 57331.145 6 20 "Minimization exited successfully."
01287626 5 0.304 56683.876303940386 3.8999928092098295e-05 -1.1743942490034867 -0.14920536749637547 0.0 1.0132065468715155 3.057457429239131e-05 0.947707555307705 0.3154945048242842 0.06220753222973514 1.0 -19.492251882024625 1.3058159124550741 56660.105 56697.068 3 2 "Minimization exited successfully."
01289288 19 0.2897 57273.25990297159 2.349240064039304e-05 -0.8970220179379598 0.29918770951962187 0.0 1.497840741310938 1.8362810340233342e-06 1.0989457520114305 0.46791521916497203 13.16567451634647 15.0 -18.825009199349118 1.210336690628452 57248.375 57347.079 3 16 "Minimization exited successfully."
01289555 20 0.5588 57275.21572909852 8.77661554490039e-06 0.44098006292041614 0.2999999677498579 0.0 1.6884904948965413 5.682855282018727e-07 0.8379931267059311 0.42790046427053097 16.740698502114384 16.0 -19.445702644159518 0.9587366014672227 57248.393 57365.112 4 16 "Minimization exited successfully."
01289600 34 0.4196 57283.322127041865 1.2041994289102577e-05 1.2092531809631089 0.0900831108559833 0.0 0.3966789249643625 3.127230969707238e-07 0.31859887475889703 0.03185972557094671 81.60393636395725 30.0 -19.038326590380613 0.8379191078394257 57255.37 57365.221 7 27 "Minimization exited successfully."
01289656 19 0.5394 57269.163253111925 7.379277643690396e-06 -0.5176543438014378 0.2984746416479907 0.0 1.6144260116525402 8.596646795755444e-07 0.987686212974859 0.4271115731783352 10.534280511053941 15.0 -19.163788198740228 1.134158634052831 57255.415 57355.242 2 17 "Minimization exited successfully."
01289664 17 0.2491 57278.63912328574 5.9687695006083175e-05 -1.1196591044039534 -0.2999977832752844 0.0 0.42115077385824407 9.94147936608792e-07 0.2662320914680164 0.5359759204809931 68.19923959079605 13.0 -19.46116232639842 1.304469767333437 57252.305 57345.229 5 12 "Minimization exited successfully."
01290779 22 0.3895 56891.737005519 1.662045012812974e-05 -0.8177567686409652 0.013152898783703848 0.0 0.6817164602034609 6.348771474831712e-07 0.5515289181115062 0.0538683875333823 13.208398482892214 18.0 -19.194728520381258 1.214976513383558 56887.393 56973.319 4 18 "Minimization exited successfully."
01290816 10 0.2185 56891.37035821747 5.075809095848316e-05 1.35794799420436 0.2999966494879797 0.0 0.46730855098212487 7.990656951589723e-07 0.362699262740692 0.49012334145921294 89.25196961922032 6.0 -18.96521682162927 0.8063241351835444 56887.393 56960.273 1 9 "Minimization exited successfully."
01291080 13 0.4438 56890.523492789835 9.178543415730435e-06 -2.9999592109778543 0.2995490634812696 0.0 1.3188833985695965 7.504724169646322e-07 4.060159799346781 0.4946906595203555 17.716136859428172 9.0 -18.890532830965668 1.758238465123366 56887.272 56973.077 1 12 "Minimization exited successfully."
01291090 13 0.292 56904.941872097486 4.057304823559815e-05 1.0013748006364604 0.2999999728767037 0.0 0.3537676381856727 1.7450024484944045e-06 0.4514585298746696 0.5440118691780096 28.840994524390197 9.0 -19.439440565983038 0.8644556924616573 56887.213 56973.023 3 10 "Minimization exited successfully."
01291794 37 0.3951 57278.6099863467 2.05576736731633e-05 0.2336431806439041 -0.1537832143962821 0.0 0.8917861245608947 1.0966560380035194e-06 0.6124057880634115 0.08326519714769087 21.88578048675292 33.0 -19.46396027539125 1.0172493686123545 57252.291 57356.172 12 25 "Minimization exited successfully."
01291957 29 0.36 56905.118089652664 2.61708334122035e-05 0.15497571434931423 -0.08442466462065745 0.0 6.545455107698217e-06 1.1984352953506302e-06 0.25047075904788474 0.048380286969790534 60.344490258369845 25.0 -19.487162669552017 1.0285193922182039 56877.181 56980.028 8 21 "Covariance may not be accurate."
01292145 19 0.4925 57275.90841473655 8.41804876550445e-06 1.9074187010223511 -0.29995461471599044 0.0 2.0657641612815496 9.043116775894759e-07 4.643834272579046 0.4468486932879971 9.161459439831422 15.0 -19.070437867838933 0.7332816939010876 57252.293 57356.172 4 15 "Minimization exited successfully."
01292195 19 0.8293 57282.17351313051 2.607355802139444e-06 -0.3209350101348325 0.28849934235680724 0.0 1.758873694740032 1.1475094428087252e-06 0.9264760961729094 0.5932806643643844 25.869404583025084 15.0 -19.177875233767786 1.096969706478049 57253.265 57387.129 3 16 "Minimization exited successfully."
01292332 12 0.2735 56901.13892018908 4.305348653081964e-05 0.23025145036494266 0.2999992134692849 0.0 0.42517688106454443 2.4160285566843256e-06 0.48233219173757114 0.367831558893561 27.343989853817668 8.0 -19.339695244385705 0.9955152455427978 56890.331 56973.185 1 11 "Minimization exited successfully."
01292336 12 0.2336 56902.53810027474 5.898592151225846e-05 0.24827183628464855 -0.29999766640994435 0.0 0.0005989604142087046 2.31131290851921e-06 0.3695943708563505 0.46363587315029964 14.413490217547752 8.0 -19.290796702650027 1.0210935621534674 56890.331 56973.185 1 11 "Minimization exited successfully."
01292560 11 0.2248 56902.863026357874 9.515357082461318e-05 0.8456111877401167 -0.2974295644759194 0.0 1.1051831948752806 9.24589969281686e-06 0.5155436138994269 0.5920305192817494 39.319801488855056 7.0 -19.716130983266677 0.9132168378249261 56903.225 56973.038 0 11 "Minimization exited successfully."
01293319 14 0.2969 56915.22379865177 3.207356950361562e-05 1.9999938490210125 0.29999586588316834 0.0 0.00010171257235924713 5.147438105451714e-07 0.330505636137727 0.5139659918609358 25.65609822431523 10.0 -19.227256649231734 0.7023722667405465 56887.27 56980.068 3 11 "Minimization exited successfully."
01293758 17 0.1472 56876.38400462415 0.00036181171207465 1.9999999535577855 -0.29999999177826325 0.0 0.045766850973450346 5.457610619406816e-06 0.03394227486857693 0.0009386899047935104 4729.047214245678 13.0 -20.14637527055178 0.7177265081024196 56903.107 56980.026 0 17 "Minimization exited successfully."
01294014 22 0.3627 56922.0659476155 2.1979505378610933e-05 1.5346357930882073 -0.03014299264708381 0.0 0.000264238340605516 9.454802288574874e-07 0.4914402883292519 0.06370919877471781 40.296790743390076 18.0 -19.317714414282136 0.788045963726514 56890.388 56990.199 5 17 "Minimization exited successfully."
01294743 11 0.3126 56914.45918379491 1.3971757927183638e-05 -0.7484075148830769 0.29999962778105344 0.0 0.001154533812950831 7.563302046681436e-07 0.819985064731828 0.5126365029785923 4.021737484452886 7.0 -18.451986238104464 1.1798651851649105 56890.366 56980.089 1 10 "Minimization exited successfully."
01295027 35 0.4254 56910.12683850806 1.6355257458364193e-05 -0.4378267198669876 -0.11579011980224097 0.0 0.6414267143809411 1.2301004078674183e-06 0.5418268545019123 0.08623459622503629 21.60333329065211 31.0 -19.405030374206078 1.1447661939470208 56887.27 56992.066 6 29 "Minimization exited successfully."
01295256 16 0.4425 56927.518557508665 1.0577007005996287e-05 0.7855742039906759 0.29833108837046957 0.0 0.714943417977338 1.6675260587031839e-06 0.6809462444074104 0.3563562710139052 18.320830467523688 12.0 -19.038831413067204 0.9003120970989116 56904.3 57012.086 4 12 "Minimization exited successfully."
