analysis_pipeline/fit_results/des_4_sn91bg_salt2_phase_red.ecsv
# %ECSV 0.9
# ---
# datatype:
# - {name: obj_id, datatype: string}
# - {name: num_points, datatype: int64}
# - {name: z, datatype: float64}
# - {name: t0, datatype: float64}
# - {name: x0, datatype: float64}
# - {name: x1, datatype: float64}
# - {name: c, datatype: float64}
# - {name: z_err, datatype: float64}
# - {name: t0_err, datatype: float64}
# - {name: x0_err, datatype: float64}
# - {name: x1_err, datatype: float64}
# - {name: c_err, datatype: float64}
# - {name: chi, datatype: float64}
# - {name: dof, datatype: float64}
# - {name: b_max, datatype: float64}
# - {name: delta_15, datatype: float64}
# - {name: tmin, datatype: float64}
# - {name: tmax, datatype: float64}
# - {name: pre_max, datatype: int64}
# - {name: post_max, datatype: int64}
# - {name: message, datatype: string}
# schema: astropy-2.0
obj_id num_points z t0 x0 x1 c z_err t0_err x0_err x1_err c_err chi dof b_max delta_15 tmin tmax pre_max post_max message
[from data line 111]
01316431 19 0.1981 57019.850334324445 1.3600232051658169e-16 1.1524510367798442 0.1616935080027625 0.0 29.282008712278184 0.03074730265350386 0.3466114103393469 0.577142539709143 14294.896472223201 15.0 -18.074744017546337 1.5263330194050084 57001.165 57052.1 10 9 "Covariance may not be accurate."
01316437 11 0.482 56987.64963205818 2.7755575615628915e-18 0.6500000000007188 3.2652660020282553e-08 0.0 29.067117084516212 0.031000611337848618 0.3720070890276582 0.614848599246486 192.37725445880648 7.0 -16.37765686837955 2.2606540665156487 56980.2 57045.113 1 10 "Covariance may not be accurate."
01316465 21 0.3291 57017.92102929027 7.216449660063518e-17 1.1718506535722135 0.4996594755135327 0.0 33.53646684583873 0.03662642431782808 0.43595821937834717 0.7492303253582325 25315.538861579997 17.0 -17.95735725016101 1.5109229570635883 57001.199 57067.046 6 15 "Covariance may not be accurate."
01317164 21 0.1547 57299.962250324126 2.1094237467877976e-16 0.6500000449464514 0.4995197923714783 0.0 nan 0.0 4.562456698098405e-05 0.004083679408512397 775.5248286042774 15.0 -17.269813675998662 2.260670948251395 57276.375 57355.165 6 15 "Covariance may not be accurate."
01317277 27 0.2371 56996.54043159617 9.436895709313832e-17 0.6500016276100833 0.03877972226592258 0.0 29.230864195484173 0.030748664898879074 0.3685727848756349 0.5247798741347107 1223.7391652306906 23.0 -18.344649185652468 2.260651093780737 56987.075 57052.042 7 20 "Covariance may not be accurate."
01317286 27 0.279 56995.9196609115 2.0539125955565397e-16 0.6500003426406957 0.5000324082091209 0.0 1.0211049907338747 4.1633363423443346e-18 2.617708508412253e-05 0.005453903411362732 9135.713845311577 23.0 -18.677101586678265 2.260670219966592 56987.075 57052.042 7 20 "Covariance may not be accurate. Covariance not positive definite. Covariance forced positive definite."
01317454 10 0.5688 56972.029972876015 2.7755575615628915e-18 0.6500086892084392 2.5133454206738293e-09 0.0 24.91260640017208 0.03099145459848901 0.3728700787555602 0.6149035404607688 391.80096712555576 5.0 -16.811858119475247 2.260632246774261 56987.035 57051.043 0 10 "Covariance may not be accurate."
01317666 25 0.1414 57258.339922695646 1.2767564783189302e-16 1.2058680928407104 0.5846786354835717 0.0 0.00098834487653221 0.0 0.02446206070163992 0.0015256171854939327 17920.579693902026 9.0 -16.367595433599966 1.485796694221925 57273.339 57356.034 0 25 "Covariance may not be accurate."
01319366 35 0.2361 57292.013568537055 1.9151347174783951e-16 1.1341466610945692 0.45440449749345685 0.0 29.57042610690405 0.030748434821049275 0.4419702100476219 0.6990354779084698 5720.3532701646 25.0 -18.29460440400177 1.5416027544837156 57276.314 57372.107 10 25 "Covariance may not be accurate."
01319821 26 0.3088 56996.23459804972 2.7755575615628915e-18 0.6500000005425504 0.08314589371885284 0.0 28.845613676283392 0.03236216781811637 0.38833782143881906 0.5203526332075064 2655.1226259422547 18.0 -15.097001204506125 2.260656629484732 56992.127 57067.103 2 24 "Covariance may not be accurate."
01320166 9 0.449 56979.28759207665 2.7755575615628915e-18 0.6500000014693278 0.007613099244951682 0.0 22.118989347032766 0.03614276947597654 0.433728048425975 0.5766042864923465 433.1365844759497 5.0 -16.18116741631329 2.2606542716108535 56991.115 57049.049 0 9 "Covariance may not be accurate."
01322229 7 0.5261 57016.551656466574 2.7755575615628915e-18 1.2495020893704691 0.16281229729950053 0.0 30.772069679147535 0.03225419341223141 0.37888346382905774 0.7328356044515454 612.3243432170136 3.0 -16.314108060978192 1.4566973644663825 57001.098 57052.048 3 4 "Covariance may not be accurate."
01322979 10 0.5294 57033.03890561318 5.551115123125783e-18 0.6570355163839258 0.5875702373940914 0.0 0.03854005252287607 0.0 0.00012003273671939985 0.000660941148883265 3575.862675793628 6.0 -16.249954441920018 2.2431803106371895 57008.065 57067.047 4 6 "Covariance may not be accurate."
01324542 10 0.5415 57018.949687147455 2.7755575615628915e-18 0.6500000000004615 0.0009178011339387449 0.0 29.103783073478553 0.030937758460452366 0.3712528900651467 0.627454115258984 210.35193549397928 6.0 -16.68093291419612 2.260654091440692 57011.092 57067.103 2 8 "Covariance may not be accurate."
01325358 0 0.7793 nan nan nan nan 0.005 nan nan nan nan nan nan nan nan nan nan 0 0 "Empty table passed to fit_lc."
01327978 32 0.2073 57303.53254068945 1.9151347174783951e-16 0.6687724880869322 0.0052011977178877955 0.0 29.177070821187954 0.03103451475852971 0.3231853370358315 0.6439933102769313 306.5903483795499 25.0 -18.838754679823204 2.214700219605902 57283.133 57373.043 14 18 "Covariance may not be accurate."
01328066 22 0.4489 57288.05239603361 5.551115123125783e-18 1.1811468857416028 0.0006100036092352434 0.0 29.701552967391763 0.030883783407079125 0.3267249473626645 0.6043961573824472 237.07872152732045 14.0 -16.944267695197638 1.5037998944877096 57273.1 57379.051 4 18 "Covariance may not be accurate."
01328105 23 0.4402 57287.943790416866 8.326672684688675e-18 0.7132715597222459 0.001748380436053687 0.0 30.257522970008722 0.031579738452578804 0.318846513437013 0.5969456624124011 379.1152350842753 13.0 -17.331972175050147 2.113109369905203 57273.1 57386.049 4 19 "Covariance may not be accurate."
01329166 0 0.7316 nan nan nan nan 0.005 nan nan nan nan nan nan nan nan nan nan 0 0 "Empty table passed to fit_lc."
01329196 0 0.7693 nan nan nan nan 0.005 nan nan nan nan nan nan nan nan nan nan 0 0 "Empty table passed to fit_lc."
01329312 15 0.3444 57295.727370671506 5.551115123125783e-18 0.6758026003698965 0.2584202111570091 0.0 32.73091928821668 0.03658505471686447 0.36636696748030556 0.6286569390593257 284.90769612557085 8.0 -15.762577490904153 2.1980390710781528 57283.215 57387.044 3 12 "Covariance may not be accurate."
01329615 16 0.4039 57300.00007060125 0.0 1.0327149789680574 0.5203891816953388 0.0 0.0 0.0 0.0 0.0 0.0 -4.0 inf nan 57278.306 57385.114 3 13 "Hesse Failed. Covariance may not be accurate. Covariance not positive definite."
01330031 26 0.1041 57275.07165839882 6.827871601444713e-16 1.2160479942235598 0.5002041818906303 0.0 0.000275049405900063 2.7755575615629308e-18 8.143136382599003e-05 0.7403610140296161 32688.3208562765 13.0 -17.611614424692895 1.4787475225202478 57290.065 57376.044 0 26 "Covariance may not be accurate. Covariance not positive definite. Covariance forced positive definite."
01330426 34 0.2595 57274.03538204261 1.8596235662471373e-16 1.1892419703536223 0.5053856435783259 0.0 22.474964923851076 0.03147472465552283 0.43114541418727953 0.7204219853521666 14094.336971846693 12.0 -18.38047024952694 1.4977721729746065 57288.215 57387.185 0 34 "Covariance may not be accurate."
01330642 17 0.6339 57300.12321680779 2.7755575615628915e-18 0.6500000000010906 0.0012148278325815332 0.0 29.554989744319755 0.030813309336502608 0.36975937194808284 0.5999898324185524 1687.5989952278137 10.0 -17.096576517894672 2.2606540995198827 57283.215 57402.062 4 13 "Covariance may not be accurate."
01330903 21 0.5638 57295.325367642676 5.551115123125783e-18 0.6500000031298756 0.0011805087274318615 0.0 29.322077367512975 0.03085167248791331 0.3702017279865942 0.600205966790607 158.25126778006964 13.0 -17.539299735571902 2.2606540907289627 57276.317 57396.103 5 16 "Covariance may not be accurate."
01331123 34 0.2291 57282.042967832334 1.7763568394002506e-16 1.2495074274416806 0.3022297904554997 0.0 24.293265344360407 0.03074880082733355 0.3760716215314836 0.6477658800160377 2387.4498588720494 16.0 -18.435259851707507 1.4566987110839982 57297.034 57386.049 0 34 "Covariance may not be accurate."
01331993 0 0.7196 nan nan nan nan 0.005 nan nan nan nan nan nan nan nan nan nan 0 0 "Empty table passed to fit_lc."
01332059 19 0.5788 57294.3572435437 2.7755575615628915e-18 0.6500000010837563 0.0038138007965077825 0.0 28.787837669580767 0.030967296359581724 0.3715967538769449 0.6399813887749948 277.8677820108052 11.0 -16.851809778404302 2.2606541678062975 57288.203 57403.103 2 17 "Covariance may not be accurate."
01332413 17 0.6087 57282.18595462115 5.551115123125783e-18 0.7818778387022876 0.0037259980614634536 0.0 25.481771953433054 0.031224228894611447 0.36558305122938956 0.6397024378878273 345.3037773107783 7.0 -17.737671490264663 1.977345331768948 57297.151 57403.061 0 17 "Covariance may not be accurate."
01333246 16 0.4379 57284.22627638989 2.7755575615628915e-18 1.1384155478597688 0.006732871177578648 0.0 27.44890897869118 0.034618751856310255 0.3410892793901152 0.6477837560648138 74.6558164160794 6.0 -16.117710342085196 1.5379698842414342 57299.227 57403.103 0 16 "Covariance may not be accurate."
01333438 9 0.3995 57282.346032056266 5.273559366969494e-17 1.2390025610385234 0.7584221693705997 0.0 0.0020844738101004623 2.7755575615628907e-18 0.001967077922956917 0.7959397579411517 16.908377201992163 -1.0 -17.607930476601084 1.463480994405515 57311.292 57406.124 0 9 "Covariance may not be accurate."
01334084 11 0.1335 57323.324788518556 2.609024107869118e-16 0.9475664955233907 0.47569836605768784 0.0 29.53614094925433 0.03160847214820651 0.4267759152975202 0.713805616950771 1218.4372641062237 4.0 -17.208351061199533 1.7325164459507825 57315.21 57396.101 2 9 "Covariance may not be accurate."
01334087 15 0.2663 57331.42623327418 1.1934897514720432e-16 1.2010651920346302 0.24160561939455527 0.0 30.249267085509928 0.032162586982043564 0.4461774286009457 0.6207069073952229 501.8544216048841 8.0 -18.48133290179337 1.4891906913938833 57311.299 57403.103 6 9 "Covariance may not be accurate."
01334302 19 0.4549 57286.03389457446 7.216449660063518e-17 0.6585687912527939 0.02548871103825695 0.0 25.899020326531172 0.03248236746113669 0.35462324009714635 0.6753757325851855 213.59503787984204 7.0 -19.723629396190724 2.2393971660117984 57301.038 57407.048 0 19 "Covariance may not be accurate."
01334423 14 0.3577 57311.2823039738 2.7755575615628915e-18 0.6500002697549223 0.0070316922384981995 0.0 27.06096981229348 0.033279200269944645 0.39916122612769467 0.6484650193064255 524.116426935838 6.0 -15.597657790125481 2.2606535817929725 57312.145 57408.057 0 14 "Covariance may not be accurate."
01334448 16 0.5167 57316.161266171795 8.326672684688675e-18 1.1809453817432676 3.52118148682079e-05 0.0 29.67832872206054 0.03085516981169782 0.43518090696223605 0.6124199576154633 46.6673156456118 10.0 -17.75211127888198 1.5039520405043483 57301.286 57402.056 4 12 "Covariance may not be accurate."
01334470 15 0.5188 57324.24984402589 2.7755575615628915e-18 1.2063033005718982 0.35517497418004773 0.0 30.082300102498266 0.031698721558851686 0.30668671779375084 0.7486595038335722 279.02743866405825 10.0 -15.901184920850739 1.4854874423486208 57305.286 57402.056 4 11 "Covariance may not be accurate."
01334597 23 0.289 57317.892481173854 5.551115123125783e-18 0.6500252788020051 0.15194118501645415 0.0 28.817513040041376 0.03527920154512325 0.4214237894371861 0.5710278745876076 19153.96178464126 12.0 -15.552469603387095 2.2605958751359054 57316.101 57403.073 2 21 "Covariance may not be accurate."
01334620 29 0.1961 57320.82258148718 1.3877787807814457e-16 0.6817263205828785 0.26338765339893566 0.0 29.50743157062243 0.031152344641256928 0.3081846082923426 0.7397070268236579 1311.2827542477307 17.0 -17.851909812771257 2.1841875828924238 57311.284 57403.064 6 23 "Covariance may not be accurate."
01334644 27 0.2881 57323.767399394004 5.551115123125783e-17 1.077410865412962 0.009316465727915724 0.0 30.32866655779435 0.03185832118961268 0.38498647034000216 0.591744239264465 1176.0830109294025 17.0 -18.300229714270817 1.5929495769963467 57311.284 57403.064 6 21 "Covariance may not be accurate."
01334645 28 0.2312 57320.45849122185 2.1094237467877976e-16 0.6500000000394075 0.5000360090545504 0.0 0.2496696437628998 1.2490009027033004e-17 0.00037335633770485543 0.016774078633746775 4526.887300744855 16.0 -18.240663935342408 2.2606710803251353 57311.284 57403.064 6 22 "Covariance may not be accurate. Covariance not positive definite. Covariance forced positive definite."
01334707 0 0.6488 nan nan nan nan 0.001 nan nan nan nan nan nan nan nan nan nan 0 0 "Empty table passed to fit_lc."
01334879 17 0.6393 57287.243980849715 2.7755575615628915e-18 1.091155478111197 0.0008547553535299679 0.0 24.799660431894154 0.030818057167798233 0.37901059915753316 0.6024327125475937 1196.4573246867026 6.0 -17.119663754259708 1.5799935935443798 57304.304 57426.068 0 17 "Covariance may not be accurate."
01335472 15 0.4989 57296.022500666455 5.551115123125783e-18 0.9438144130884261 0.0003383047355706159 0.0 24.594322468507016 0.030911611326764468 0.4289088180014205 0.6071095648883498 459.62752090907736 6.0 -17.219665709342134 1.737167621807373 57311.027 57403.05 0 15 "Covariance may not be accurate."
01335564 14 0.6077 57318.27095534681 8.326672684688675e-18 0.6500098883413983 0.4709282277474081 0.0 27.915297917486896 0.03210833489543521 0.3863961565868481 0.7169005768199201 176.10122512719522 8.0 -17.270853822472777 2.2606451578533786 57311.287 57427.065 2 12 "Covariance may not be accurate."
01335694 20 0.2591 57348.936243618125 1.5543122344752193e-16 1.2216291237334862 0.5449456784389212 0.0 27.263126665508025 0.030746560471208228 0.41601378825513463 0.719851959108447 7178.030368044916 14.0 -18.11723822433153 1.4749642657193007 57325.216 57408.058 9 11 "Covariance may not be accurate."
01335717 25 0.3048 57339.19253777055 6.106226635438361e-17 1.1443240687713288 0.49901682304629585 0.0 33.861463336641464 0.03882958961426625 0.44082721426783616 0.7480373703220594 11357.727772553488 20.0 -17.5841041922128 1.533034001816734 57327.096 57406.115 4 21 "Covariance may not be accurate."
01335718 0 0.6993 nan nan nan nan 0.005 nan nan nan nan nan nan nan nan nan nan 0 0 "Empty table passed to fit_lc."
01335868 16 0.6194 57300.22944996921 5.551115123125783e-18 1.190792101576199 0.06739965956276356 0.0 25.17276683745149 0.0315398087979034 0.4416333830992411 0.7049167439465212 269.1934135526977 6.0 -17.67800544240021 1.4966185797701037 57315.236 57425.154 0 16 "Covariance may not be accurate."
01336008 13 0.438 57310.13821903172 7.771561172376097e-17 1.1206430428921756 0.46052799542806655 0.0 23.61863667333455 0.03074922562150615 0.4430347970219158 0.700672505199798 741.8717440029659 5.0 -18.86212150202855 1.5532922819977202 57325.017 57403.052 0 13 "Covariance may not be accurate."
01336009 13 0.3416 57310.01787672936 8.326672684688675e-18 0.6604075568947952 0.014712760006872716 0.0 24.69595499859497 0.03117490713778562 0.33774586863201 0.6621997379499811 450.66430565127433 5.0 -16.661064035957004 2.2348994492670258 57325.016 57403.052 0 13 "Covariance may not be accurate."
01336453 20 0.1848 57333.93735552783 1.8596235662471373e-16 1.245335395777758 0.403780722333903 0.0 28.36092657703921 0.030746230411473962 0.38491932286 0.6843204125693884 7401.441966414426 12.0 -17.773276537827204 1.459380202824267 57329.173 57403.103 2 18 "Covariance may not be accurate."
01336480 21 0.256 57310.11500687343 1.3600232051658169e-16 1.249986006401134 0.49396405114160613 0.0 0.0002037755402852781 0.0 0.046242324402643864 0.0016491169552154683 1014.459027668416 9.0 -18.03043684696662 1.4563963172161465 57325.115 57403.103 0 21 "Covariance may not be accurate."
01336687 22 0.46249999999999997 57312.072666124805 1.0824674490095277e-16 0.9695518765755144 0.15324656255616603 0.0 25.615071653272025 0.032376850997850606 0.4423011796997664 0.73126056551992 5701.853392610557 12.0 -19.974838362584606 1.7060264846013276 57327.067 57403.064 0 22 "Covariance may not be accurate."
01337117 12 0.46249999999999997 57314.03531019913 0.0 1.1953633963094021 0.5001869218159904 0.0 0.0 0.0 0.0 0.0 0.0 -4.0 inf nan 57329.035 57403.051 0 12 "Hesse Failed. Covariance may not be accurate. Covariance not positive definite."
