analysis_pipeline/fit_results/des_5_sn91bg_salt2_phase_red.ecsv
# %ECSV 0.9
# ---
# datatype:
# - {name: obj_id, datatype: string}
# - {name: num_points, datatype: int64}
# - {name: z, datatype: float64}
# - {name: t0, datatype: float64}
# - {name: x0, datatype: float64}
# - {name: x1, datatype: float64}
# - {name: c, datatype: float64}
# - {name: z_err, datatype: float64}
# - {name: t0_err, datatype: float64}
# - {name: x0_err, datatype: float64}
# - {name: x1_err, datatype: float64}
# - {name: c_err, datatype: float64}
# - {name: chi, datatype: float64}
# - {name: dof, datatype: float64}
# - {name: b_max, datatype: float64}
# - {name: delta_15, datatype: float64}
# - {name: tmin, datatype: float64}
# - {name: tmax, datatype: float64}
# - {name: pre_max, datatype: int64}
# - {name: post_max, datatype: int64}
# - {name: message, datatype: string}
# schema: astropy-2.0
obj_id num_points z t0 x0 x1 c z_err t0_err x0_err x1_err c_err chi dof b_max delta_15 tmin tmax pre_max post_max message
[from data line 103]
01310395 35 0.4837259578314689 56980.466988655986 5.273559366969494e-17 1.244184528751191 0.37728952184780495 0.556422104966666 22.240559938261868 0.03086370447532822 0.39235028743086336 0.7341490113971731 3638.6674914971927 30.0 -18.87316144225707 1.4601215271120296 56956.208 57052.042 8 27 "Covariance may not be accurate."
01312274 14 0.10995479276624776 56958.88240581747 5.273559366969494e-17 0.8717202895243716 0.3804333877402399 0.011638852769839642 0.026258303092618007 0.0 0.00048058371175790926 0.0008127298003079153 139.5875710701629 3.0 -15.220208340499937 1.8345159384171765 56960.265 57045.113 0 14 "Covariance may not be accurate."
01313594 28 0.4697514539058082 56958.045317600496 5.828670879282072e-17 1.0942142640844728 0.20872548456146278 0.5551993721988516 24.56317123167537 0.03105099234156265 0.4475803239704472 0.7379353145239826 4135.52172952692 17.0 -19.224584438099946 1.5771583679192318 56973.04 57051.058 0 28 "Covariance may not be accurate."
01314897 15 0.3989068160946107 57258.39647615632 1.665334536937735e-17 0.6794533055327926 0.0008057050773085939 0.5348009834057343 25.36027147054847 0.030899819942723384 0.3088029923525347 0.6028016939473797 829.8177294079477 4.0 -17.831900360504143 2.189472246411519 57273.363 57373.072 0 15 "Covariance may not be accurate."
01315192 22 0.48438136554294464 56992.947589291114 1.1657341758564144e-16 0.6500004111829345 0.3472906052646252 2.1728453842684292e-05 0.0011162099581270013 0.0 2.882825556049795e-08 0.10119451206697241 5245.615947008414 17.0 -19.794380897942233 2.2606655135322598 56987.198 57052.1 3 19 "Covariance may not be accurate."
01315259 24 0.26126931415196797 56989.577901014825 1.1934897514720432e-16 0.6692728786514591 0.49335290330821596 0.573080732124577 24.302724008080986 0.026447878210799615 0.3409699086960536 0.6171660792636912 4813.779163790114 19.0 -17.940629047116175 2.2135205445185377 56980.183 57049.073 3 21 "Covariance may not be accurate."
01315296 14 0.41675023494057095 56997.942837833965 3.053113317719181e-17 0.6500002603322985 0.49954232940406584 0.0003458582762178031 34.45956846742047 1.387778780781447e-18 9.457149118263786e-07 6.514424062470381e-05 246.95416084763747 9.0 -17.626920574769656 2.2606704082696822 56973.19 57049.072 4 10 "Covariance may not be accurate."
01316385 21 0.4887107568183289 57020.03900438602 2.7200464103316337e-16 0.718608124152762 0.005553414503754739 0.5612866872917945 29.692361702942435 0.03123257329530052 0.44028883214120623 0.644914752995613 8474.314035479636 13.0 -21.383010064204626 2.1015705207429036 57001.203 57067.046 8 13 "Covariance may not be accurate."
01316431 19 0.46482396225368927 56988.51302821229 2.7755575615628914e-16 0.6500000000054039 0.5000156098297237 1.896909429754956e-05 0.0004711314322776161 0.0 3.8755715303651073e-10 0.40040374178021465 14294.96581816697 14.0 -20.305010145790458 2.2606710803488 57001.165 57052.1 0 19 "Covariance may not be accurate. Covariance not positive definite. Covariance forced positive definite."
01316437 11 0.25595970569502285 56986.03138258937 2.7755575615628915e-18 0.6500000023017722 0.0004467993451833241 0.47779987377227134 28.886789720563684 0.03129934441604151 0.37560857265122144 0.6059305680821634 192.37729598032766 6.0 -14.767171608306484 2.260654072862149 56980.2 57045.113 1 10 "Covariance may not be accurate."
01316465 21 0.47038794393688443 56986.18455768329 2.4980018054066023e-17 0.9339033414633913 0.010016742992993433 2.632215544715044e-05 4.291194272809662e-05 0.0 2.0677404111657527e-05 0.014154265031883384 24547.00166164302 13.0 -18.683850979823706 1.7496909709658013 57001.199 57067.046 0 21 "Covariance may not be accurate."
01317164 21 0.17191678346961034 57288.51798441049 2.275957200481571e-16 0.6500000019328596 0.009524123233526915 0.42754239550558515 29.651229650742607 0.030944293494141194 0.3713460678525285 0.6535998041304614 787.1976212578418 14.0 -18.566622694903366 2.2606543235895913 57276.375 57355.165 4 17 "Covariance may not be accurate."
01317277 27 0.48436828157922424 56999.5825748992 8.326672684688674e-17 1.2365030050488146 0.5162689325815577 0.555301878403259 29.525222195796232 0.030746232548085707 0.3286923671943692 0.7139995566786831 1223.7375727428453 22.0 -19.079176328146545 1.4651094285969322 56987.075 57052.042 7 20 "Covariance may not be accurate."
01317286 27 0.4758059327602708 56999.53170603264 7.771561172376097e-17 1.1802538051710993 0.3759583072626975 0.5874082358003643 33.35064137638983 0.03882031160452339 0.3279880796849461 0.6722581256732085 9135.727818371872 22.0 -19.253713318379493 1.5044859905511991 56987.075 57052.042 7 20 "Covariance may not be accurate."
01317454 10 0.23244536511405722 56995.85681209949 2.7755575615628915e-18 0.6500000000435578 0.0006800811463512635 0.46519973102496426 29.396347996815166 0.031150318383883577 0.37380179615447384 0.6037999483528349 409.114491024754 5.0 -14.528960241882626 2.2606540848701897 56987.035 57051.043 3 7 "Covariance may not be accurate."
01317666 25 0.3888315245699834 57298.16504336952 2.1649348980190555e-16 0.6500646620290566 0.4448744011261082 0.000422071779841382 0.00959297868757858 0.0 3.964616560736545e-05 0.00018324525890811572 26122.557142179598 20.0 -19.70254348864073 2.260506755659101 57273.339 57356.034 10 15 "Covariance may not be accurate."
01319366 35 0.4746038285191931 57295.588768821275 1.582067810090848e-16 0.650000062043337 0.052006289038616704 0.5798745551874728 32.187574713992944 0.03444932329437761 0.41329831947363066 0.5095509777291857 6054.154108317288 28.0 -20.641884665181152 2.2606554362933835 57276.314 57372.107 10 25 "Covariance may not be accurate."
01319821 26 0.4669204496191725 56995.191223009184 2.7755575615628915e-18 0.65000000001662 7.051074416675185e-06 0.5534561659366944 28.01311014813109 0.030939140311369778 0.37127104338182454 0.6138058013326663 2736.5110710744316 21.0 -16.29486863381145 2.260654066666074 56992.127 57067.103 2 24 "Covariance may not be accurate."
01320166 9 0.43986851128055643 56976.18449093579 5.551115123125783e-18 0.6500021833151534 0.0008996798923810445 0.5473349589000216 25.533330252957967 0.03100637621922399 0.3725650408681185 0.6021036933180316 411.13464741553565 3.0 -16.891130373262058 2.2606486083054946 56991.115 57049.049 0 9 "Covariance may not be accurate."
01322229 7 0.20588023238888864 57025.18539443738 5.551115123125783e-18 0.6500000000607973 0.4693422453889978 0.4499988908787883 27.05265609973503 0.030973377913219947 0.371683204628943 0.7029253977787313 612.3245918678857 2.0 -14.080787571507255 2.260669933492167 57001.098 57052.048 4 3 "Covariance may not be accurate."
01322979 10 0.46703564339390063 57014.97556777172 2.7755575615628915e-18 0.6500000000010806 2.275178981214765e-06 0.5523624004579606 28.866389099555818 0.03082542110676949 0.369904714927556 0.6142894866222495 3575.8664221075564 5.0 -16.295517835251882 2.2606540665755617 57008.065 57067.047 2 8 "Covariance may not be accurate."
01324542 10 0.24902679064964917 57018.78768336578 2.7755575615628915e-18 0.650000000282285 0.0005693400051957065 0.4742084788748516 29.233579656742222 0.031209636290448078 0.37451016962360945 0.6047575182270127 210.35199382305467 5.0 -14.699012746667236 2.2606540812617943 57011.092 57067.103 2 8 "Covariance may not be accurate."
01325358 0 nan nan nan nan nan nan nan nan nan nan nan nan nan nan nan nan 0 0 "Empty table passed to fit_lc."
01327978 32 0.4729735254368814 57296.15705399344 1.4988010832439614e-16 0.9833121794165256 0.5001629623773522 0.002073892334453209 0.5714634772630234 5.551115123125788e-18 0.2101231927430347 0.0033027574566457663 309.19729527393207 25.0 -19.68099358516479 1.6901880004514283 57283.133 57373.043 10 22 "Covariance may not be accurate. Covariance not positive definite. Covariance forced positive definite."
01328066 22 0.0751596628224799 57291.11869805281 1.8041124150158794e-16 0.7246092533731543 0.49999451089562813 0.0006003461084278378 0.004631882144167321 0.0 7.39235910838798e-05 9.995600038423258e-05 232.2287905726479 11.0 -15.4161655545104 2.0887989891532506 57273.1 57379.051 6 16 "Covariance may not be accurate."
01328105 23 0.4974361562869213 57282.82207861469 4.718447854656916e-17 0.7304390550962284 0.2489331078788018 0.5728157396326198 30.193684598369146 0.0322579035851102 0.32905163525887554 0.6242164888287337 379.4317152016254 13.0 -19.049633036073512 2.0765681038079222 57273.1 57386.049 2 21 "Covariance may not be accurate."
01329166 0 nan nan nan nan nan nan nan nan nan nan nan nan nan nan nan nan 0 0 "Empty table passed to fit_lc."
01329196 0 nan nan nan nan nan nan nan nan nan nan nan nan nan nan nan nan 0 0 "Empty table passed to fit_lc."
01329312 15 0.470611712775445 57298.50285330382 5.551115123125783e-18 0.8863096082006032 0.06978937317286593 0.5535114476243176 29.6758831175066 0.030859205413175248 0.43911109782022634 0.5083163877148345 288.12203454493135 8.0 -16.952060967092624 1.8137200064791976 57283.215 57387.044 4 11 "Covariance may not be accurate."
01329615 16 0.6079776134593157 57287.43434371739 1.665334536937735e-17 1.151609417794961 0.4998956569777072 0.5720473928563521 29.575582492434478 0.0313618973521592 0.34545924972831304 0.7177565641391255 185.56854691566127 9.0 -17.955335594018663 1.5270289458077642 57278.306 57385.114 1 15 "Covariance may not be accurate."
01330031 26 0.44587306444366226 57275.07258142435 9.658940314238863e-16 1.2415447086307019 0.5001181384647456 0.0015806805461807405 4.070713839610107e-05 0.0 5.292214627083958e-06 3.704108135527129e-05 45116.290514246524 16.0 -21.55073140243495 1.4618308708809096 57290.065 57376.044 0 26 "Covariance may not be accurate."
01330426 34 0.4713864191613069 57312.96315997479 1.0824674490095277e-16 0.6500002984892957 0.4908439222515461 0.5526888295211503 23.222286873879057 0.03076120294452102 0.3693125995837916 0.7084145473224257 18656.10077085198 27.0 -19.34156543902479 2.2606699718665197 57288.215 57387.185 8 26 "Covariance may not be accurate."
01330642 17 0.4714082863803244 57297.80863457765 5.551115123125783e-18 0.8168160822404411 6.342292168004526e-06 0.5529359028602385 29.620674858862913 0.0307848362981217 0.44418385588239645 0.6138636024203656 1639.2695623593172 8.0 -17.072340238345856 1.9180191808620357 57283.215 57402.062 4 13 "Covariance may not be accurate."
01330903 21 0.4740980207652675 57289.16021164643 8.326672684688675e-18 0.6500000001130232 0.0009176149067876005 0.0003226096150137914 0.017522487873065984 0.0 1.0435137776099168e-07 0.6062635587502015 137.59333773924286 11.0 -17.525941389590244 2.260654091152965 57276.317 57396.103 4 17 "Covariance may not be accurate."
01331123 34 0.4024124800263783 57282.078748425345 1.4988010832439614e-16 1.1665699703317205 0.5552814683269821 0.5347669694621213 25.174830441737868 0.03074759615120541 0.3375659789873258 0.7218063146603304 2665.8029539105605 17.0 -19.172376122568746 1.515042289290978 57297.034 57386.049 0 34 "Covariance may not be accurate."
01331993 0 nan nan nan nan nan nan nan nan nan nan nan nan nan nan nan nan 0 0 "Empty table passed to fit_lc."
01332059 19 0.2896919257688239 57294.73695060633 5.551115123125783e-18 0.6500007552201577 0.44699175222688053 0.4151390078134365 28.264349682031025 0.046470493062479024 0.5578797563217515 0.696998419044754 229.09071733099938 8.0 -14.974325433548735 2.260667291168321 57288.203 57403.103 2 17 "Covariance may not be accurate."
01332413 17 0.44679115904579225 57287.84756352315 5.551115123125783e-18 0.6500000942548687 0.0010612320839996636 0.5491047429509338 22.53693239626955 0.031001838634301563 0.37192049177825304 0.6009818624350818 345.3038097208371 6.0 -16.931338260490065 2.260653858653747 57297.151 57403.061 0 17 "Covariance may not be accurate."
01333246 16 0.41738430067663834 57284.35813100556 5.551115123125783e-17 0.8099146886467894 0.33402007810035816 0.5586249476394567 27.354058569049812 0.035718184445475934 0.3712295083135711 0.6602882953979338 74.65553472957981 5.0 -18.626765437024424 1.929289579038155 57299.227 57403.103 0 16 "Covariance may not be accurate."
01333438 9 0.1352769604022698 57300.619468834135 2.4980018054066023e-17 1.2316069181305997 0.5469539423849031 0.39944954372246627 28.790837346718035 0.030765644506763848 0.32121089400286323 0.7205282873882979 17.523883930527287 -1.0 -14.557308643566795 1.46832088398261 57311.292 57406.124 0 9 "Covariance may not be accurate."
01334084 11 0.07500781134136852 57324.02021503678 4.801714581503802e-16 0.6500358126031727 0.4989513024018419 0.001982330291097477 0.013614927367598284 1.3877787807814654e-18 1.6472437359749126e-05 0.0012957681271718313 1218.4349160418315 3.0 -16.47694603953812 2.260581109791282 57315.21 57396.101 2 9 "Covariance may not be accurate."
01334087 15 0.4688323504754604 57328.750868704345 5.551115123125783e-18 1.2027308220713169 0.00013877500780729024 0.5539606504558044 29.62458349211738 0.03094542077536669 0.30871352153195125 0.6099366952058031 512.0860711715803 8.0 -17.05787431396846 1.4879976728743713 57311.299 57403.103 5 10 "Covariance may not be accurate."
01334302 19 0.8489984839095458 57286.58377612801 1.970645868709653e-16 0.6507304176359653 0.5000703305673746 0.011024937625242481 0.004309142921556486 0.0 2.030482646675491e-05 0.0002859830074821157 233.68565691668738 9.0 -21.528928557953286 2.2588388076792327 57301.038 57407.048 0 19 "Covariance may not be accurate."
01334423 14 0.14390210472870812 57319.25989893604 5.551115123125783e-17 1.042857232080461 0.2585595656762424 0.4070726770081796 27.908835062004073 0.030815595652235184 0.3989273397440876 0.6288268008742149 524.1131301190521 5.0 -16.122664077896992 1.6267771054670845 57312.145 57408.057 2 12 "Covariance may not be accurate."
01334448 16 0.46885658990689133 57315.22109748993 2.7755575615628915e-18 0.6500000000000002 0.10182002840767834 0.5553905924557911 29.859878523748193 0.031092991462534907 0.3731160424578812 0.5357139545798181 46.51756669698989 8.0 -16.132123843371602 2.2606573065921367 57301.286 57402.056 4 12 "Covariance may not be accurate."
01334470 15 0.6014521138402372 57327.19722347745 5.273559366969494e-17 1.2486198304203326 0.7627216059108582 0.5735793106045596 28.502418763433525 0.030879370505687863 0.35736009216180603 0.6186006565583071 292.7148307623875 10.0 -18.668720160554148 1.4572722231283244 57305.286 57402.056 5 10 "Covariance may not be accurate."
01334597 23 0.5245250524377831 57300.25670793602 8.326672684688674e-17 1.2110643329375521 0.45659980225225894 0.5627002319543112 24.0725103601726 0.030747092685654426 0.42219100856185426 0.6996079322098763 19153.91719068763 11.0 -19.415707617466143 1.482171584434802 57316.101 57403.073 0 23 "Covariance may not be accurate."
01334620 29 0.4797455322317164 57334.36349280217 1.942890293094024e-16 0.6500000396484851 0.4848212768955503 0.43158159417163433 20.562022651651205 0.04936539062913912 0.5923603494922116 0.5934015441879852 1382.5750680989725 24.0 -20.036916641189762 2.260670393695964 57311.284 57403.064 10 19 "Covariance may not be accurate."
01334644 27 0.48597723982481994 57296.30352762822 2.7755575615628915e-18 0.6500000001454147 0.00015257289143810748 0.5592366716393298 24.44899747989257 0.031088736969226715 0.3730689779700879 0.609693016648688 1145.0123695408452 12.0 -16.398848607955657 2.2606540702903253 57311.284 57403.064 0 27 "Covariance may not be accurate."
01334645 28 0.48724593862434873 57322.67842007393 1.5265566588595902e-16 0.8040190680727124 0.5051647707312261 0.5592177140864238 29.67129662041043 0.031060080342329873 0.4438229615980956 0.7155090573921524 4683.164660438493 21.0 -19.77049559864558 1.9390836299170147 57311.284 57403.064 6 22 "Covariance may not be accurate."
01334707 0 nan nan nan nan nan nan nan nan nan nan nan nan nan nan nan nan 0 0 "Empty table passed to fit_lc."
