analysis_pipeline/fit_results/des_4_salt2_2.4_blue.ecsv
# %ECSV 0.9
# ---
# datatype:
# - {name: obj_id, datatype: string}
# - {name: num_points, datatype: int64}
# - {name: z, datatype: float64}
# - {name: t0, datatype: float64}
# - {name: x0, datatype: float64}
# - {name: x1, datatype: float64}
# - {name: c, datatype: float64}
# - {name: z_err, datatype: float64}
# - {name: t0_err, datatype: float64}
# - {name: x0_err, datatype: float64}
# - {name: x1_err, datatype: float64}
# - {name: c_err, datatype: float64}
# - {name: chi, datatype: float64}
# - {name: dof, datatype: float64}
# - {name: b_max, datatype: float64}
# - {name: delta_15, datatype: float64}
# - {name: tmin, datatype: float64}
# - {name: tmax, datatype: float64}
# - {name: pre_max, datatype: int64}
# - {name: post_max, datatype: int64}
# - {name: message, datatype: string}
# schema: astropy-2.0
obj_id num_points z t0 x0 x1 c z_err t0_err x0_err x1_err c_err chi dof b_max delta_15 tmin tmax pre_max post_max message
01248677 30 0.3502 56554.472407090536 3.371221316532391e-05 0.9975811216417512 -0.10365552102459327 0.0 0.09594962907431182 4.712173734683356e-07 0.10622181958091836 0.012208632555292184 290.25371458704194 26.0 -19.692695766309022 0.8801967939792021 56538.34 56629.123 5 25 "Minimization exited successfully."
01250017 16 0.1817 56553.547221862915 8.786039468089147e-05 0.248524938030509 0.29990750030353736 0.0 0.14387442356019164 1.7023235179047788e-06 0.24468569259320327 0.42924154194575403 22.801111843736457 12.0 -19.111987783931433 0.9922967271416567 56534.235 56616.075 6 10 "Minimization exited successfully."
01253039 18 0.4535 56572.26799999431 1.1598076012267478e-05 -0.4607741325032877 0.2999999953865872 0.0 0.07507563033141196 3.6928904263294776e-07 0.6087438787969387 0.40709615881119354 32.37810313845444 14.0 -19.20173084187217 1.1230087968980804 56547.272 56653.09 6 12 "Minimization exited successfully."
01253101 18 0.4596 56568.09199997836 1.1545981605806667e-05 -1.1420705631856396 0.2999915564594195 0.0 0.03418364573735744 4.943024803027992e-07 0.7025049573281669 0.11354008835547305 163.51803822971547 14.0 -19.231189087217796 1.2621106526770518 56543.096 56657.05 5 13 "Minimization exited successfully."
01253920 15 0.1956 56583.28974582572 7.010363189764446e-05 -0.7538109428899555 0.29985246128603776 0.0 0.16499224969447823 1.4120393030767092e-06 0.2112042895860522 0.46568960899397943 59.93024723009151 11.0 -19.04450209291351 1.1809688219058785 56559.193 56649.168 5 10 "Minimization exited successfully."
01255502 10 0.1482 56588.26599998722 0.00012593264997382003 1.9999993859349958 0.15137042573883247 0.0 0.006854743063740898 2.972525917632751e-06 0.1036970040802343 0.029317696239485158 1023.5136722867226 6.0 -19.013364082210618 0.7064194222997209 56579.125 56653.072 2 8 "Minimization exited successfully."
01257366 8 0.2114 56613.0513721853 6.452574791757927e-05 -0.35381248115119 -0.2897580199018993 0.0 3.4183510812908935 2.3406284321650373e-05 0.9806982970350516 0.33471459899130385 9.895551804065287 4.0 -19.142910819896972 1.137698027554233 56590.343 56675.102 1 7 "Minimization exited successfully."
01257695 11 0.1838 56613.19773795965 8.8444679608779e-05 0.13608666972480465 0.2999999974385745 0.0 0.13029418140285998 1.395794035263799e-06 0.1672292625631564 0.37579634397961825 46.165240918670925 7.0 -19.14683065391496 1.0122336576914037 56590.027 56675.074 4 7 "Minimization exited successfully."
01258906 28 0.3492 56619.01199999295 2.4346061388347273e-05 -1.0885025203099818 -0.09924679485954188 0.0 0.028203448000567732 1.290996928741961e-06 0.2845893675199749 0.055391044804731476 62.8738780186063 24.0 -19.330540141970943 1.2823949541655821 56594.015 56695.035 9 19 "Minimization exited successfully."
01258940 35 0.4259 56615.31099999967 1.8083002412661033e-05 -1.9258199556146924 -0.08132893758479601 0.0 0.019077659027971094 9.93038194531392e-07 0.34512691028488984 0.06726382059364763 119.91895821581426 31.0 -19.516030787414763 1.486248507858889 56590.313 56697.041 10 25 "Minimization exited successfully."
01259412 11 0.3047 56624.276507590796 4.160969467336684e-05 1.1567076421343838 -0.2992819119199897 0.0 0.483377282267611 1.3614674623879677e-06 0.22569433223534574 0.5990994953675253 4.367431145024679 7.0 -19.573435295685513 0.8595495224132534 56603.052 56693.052 2 9 "Minimization exited successfully."
01261579 10 0.3222 56638.59436779983 3.0248697859053265e-05 -0.17157620275814978 0.0059773192369620975 0.0 0.17111783515792922 3.1567725521930434e-06 0.17026999505628937 0.21547181636315593 13.253585209122408 6.0 -19.36238044460831 1.0853308975995795 56616.087 56693.049 3 7 "Covariance may not be accurate. Covariance not positive definite. Covariance forced positive definite."
01262214 23 0.6894 56650.22399994517 5.308585734442595e-06 -1.568452391982393 0.29999997861354716 0.0 0.021689549594157143 1.339754458776211e-07 0.33209364984217715 0.0978873177475203 174.37068846622248 19.0 -19.455253081762166 1.3580816625923227 56625.281 56698.051 9 14 "Minimization exited successfully."
01262715 25 0.6894 56650.2239999999 6.117550820908258e-06 -1.529300333594766 0.29999997264336437 0.0 0.018246303574414924 1.6541651620266525e-07 0.39271243081941587 0.09068686279068433 276.7815434686182 8.0 -19.609266943592857 1.3488585928367378 56625.228 56697.09 10 15 "Minimization exited successfully."
01263369 9 0.3125 56665.99142394553 3.779155094229547e-05 -0.047488123999446685 -0.2999242961428269 0.0 0.4404237295348139 1.390598242913265e-06 0.4501858587926413 0.599641469716581 4.32972202529511 5.0 -19.531516226749183 1.0773981691591779 56645.138 56697.039 4 5 "Minimization exited successfully."
01263715 9 0.2919 56667.690413086006 4.480166295403876e-05 0.7410290098970074 -0.29761335878940953 0.0 0.4214903472275182 3.818464764533679e-06 0.5406492480995366 0.5428866524684995 4.3936162371433785 5.0 -19.545519072982714 0.9316053953024834 56645.052 56694.034 5 4 "Minimization exited successfully."
01275946 18 0.2321 57261.414505029046 6.432169136513788e-05 1.1675226548117559 0.29998098629250675 0.0 0.1435903081583092 9.881813253578842e-07 0.22954257835794545 0.42169694075695796 225.6072728079199 14.0 -19.370201019432855 0.8372458892079884 57248.375 57329.031 4 14 "Minimization exited successfully."
01279500 12 0.235 57251.52455247339 5.9652741567298166e-05 0.6768813062749879 -0.01678423726581213 0.0 0.41645972107653506 5.296136068563831e-06 0.24452274113559236 0.11936280948750391 20.89823869838837 8.0 -19.31357287589474 0.9320136745909942 57249.302 57319.114 1 11 "Covariance may not be accurate. Covariance not positive definite. Covariance forced positive definite."
01280217 32 0.359 57250.359851830995 2.0395816215720842e-05 1.9999756751099476 0.07572566077305953 0.0 1.2815637313906336 1.0116645161706285e-06 0.7524999460450728 0.05146889124901802 70.52647681999571 28.0 -19.21137854909364 0.7084255272132047 57248.391 57329.173 2 30 "Minimization exited successfully."
01281668 20 0.3071 57271.01554911662 3.2364313877561444e-05 0.029210189058769487 0.29682448442397674 0.0 0.49123699751726235 2.371272598855613e-06 0.4095591338300153 0.5943085160286252 36.6802595255756 16.0 -19.319693708214338 1.031616800725267 57248.375 57342.024 5 15 "Minimization exited successfully."
01281886 36 0.384 57267.81712328286 2.01439097817141e-05 0.7319905769098365 0.05682191855959351 0.0 0.5724018223991152 1.4193610444829249e-06 0.5556647143373676 0.06585586840275881 33.41539804438919 32.0 -19.3682357781704 0.9194921311346107 57248.391 57345.231 8 28 "Minimization exited successfully."
01282736 35 0.3689 57266.49034863825 1.4108407688018244e-05 -0.5893733731155062 0.1809971211634665 0.0 0.6377443012133881 1.049184077156484e-06 0.5825986555274811 0.0745938843274834 29.57187678912576 31.0 -18.87965406508783 1.1563144079356924 57249.281 57346.029 7 28 "Minimization exited successfully."
01283373 13 0.2075 57268.83876998309 4.9799136794809186e-05 -1.309481901443655 0.29928795704438266 0.0 0.00031704674984212033 2.3078138510587702e-06 0.36105604646558964 0.5586154245072734 22.216614263857263 9.0 -18.816472578666062 1.2989054882550342 57265.366 57332.077 1 12 "Minimization exited successfully."
01283878 15 0.3135 57265.8666068495 2.8066574984764173e-05 -0.3951686024426784 -0.2978439647068783 0.0 1.1484951149432163 6.104937442762137e-06 1.4124238033161907 0.5491340628791863 2.0640778534733677 11.0 -19.216252966611027 1.1465743058894624 57249.305 57339.187 3 12 "Minimization exited successfully."
01283936 42 0.369 57267.387977895225 1.1009309297130289e-05 -0.6884807586837294 0.18137607184801285 0.0 0.8468378996076353 1.0729254488320298e-06 0.7669060006105131 0.090381362643319 19.429015365449366 38.0 -18.61100574473496 1.176269628275385 57248.375 57347.081 10 32 "Minimization exited successfully."
01285160 17 0.7493 nan nan nan nan 0.005 nan nan nan nan nan nan nan nan nan nan 0 0 "No bands in data overlap the model."
01285317 23 0.5649 57268.974155090254 9.12191089300074e-06 0.16386231643926719 -0.03275524126352303 0.0 1.608510534508241 5.754584458347866e-06 1.0138650470688724 0.4304025510709003 9.99910362828161 19.0 -19.5111540259303 1.0243600012548413 57248.378 57356.125 5 18 "Covariance may not be accurate. Covariance not positive definite. Covariance forced positive definite."
01286398 26 0.1503 57271.241877020286 9.964929021403224e-05 -1.4429189572921506 0.025422578029599407 0.0 0.3698124996990373 4.549683594308465e-06 0.2481646748275591 0.03132745497081252 50.85991784222701 22.0 -18.78855239699063 1.354149548099894 57249.293 57331.145 6 20 "Minimization exited successfully."
01287626 5 0.304 56678.04699976787 3.539168786755864e-05 -2.5429311065273446 0.2999999449811184 0.0 0.03496310536866076 7.132150977987015e-07 0.2933274013324225 0.05312022160044366 68.37993779304878 1.0 -19.390144932561554 1.614679701339945 56660.105 56697.068 2 3 "Minimization exited successfully."
01289288 19 0.2897 57273.25763962106 2.3493680487629567e-05 -0.8985747874656416 0.2982572863730792 0.0 4.626081210477423 2.3792775278183572e-06 1.0982715504775693 0.41829731349384125 13.163553572708407 15.0 -18.825037858812124 1.2107307181114493 57248.375 57347.079 3 16 "Minimization exited successfully."
01289555 20 0.5588 57273.38799673348 8.99360405474392e-06 0.1967660911652156 0.29998049452184855 0.0 0.6627134763984941 5.458410945027862e-07 0.7519853978096827 0.5758613867090627 18.074464012687017 16.0 -19.472036893226075 1.0014403320240142 57248.393 57365.112 4 16 "Minimization exited successfully."
01289600 34 0.4196 57278.284999998556 1.2536952148781145e-05 1.9999965221478 0.043197903315619235 0.0 0.020336840858362848 2.936868912950523e-07 0.2727627475669703 0.03206189352690139 206.5249942726265 30.0 -19.082780645876248 0.7092704452719651 57255.37 57365.221 6 28 "Minimization exited successfully."
01289656 19 0.5394 57269.17701238291 7.370728741135091e-06 -0.5070850272372884 0.29975594118864796 0.0 1.612581948924344 6.413050151157786e-07 0.9873010637654563 0.30992047109637 10.535279606343163 15.0 -19.162576568110953 1.1320117560929681 57255.415 57355.242 2 17 "Minimization exited successfully."
01289664 17 0.2491 57277.30299955845 3.994206914371412e-05 -1.1170004280573225 0.29996538411902923 0.0 0.0885464785642398 6.367450294100782e-07 0.24830458923788257 0.46148019870702184 75.35269166120005 13.0 -19.025538008805267 1.2567073209767337 57252.305 57345.229 4 13 "Minimization exited successfully."
01290779 22 0.3895 56891.73620594637 1.66257448974666e-05 -0.8199959293045533 0.012622959667895062 0.0 0.6803268167277565 6.360688519294055e-07 0.5509906815416402 0.05391559567765605 13.159958957327083 18.0 -19.19507212996892 1.2154886571799608 56887.393 56973.319 4 18 "Minimization exited successfully."
01290816 10 0.2185 56891.37196747162 5.075782622495917e-05 1.3537255161680442 0.2999526761066554 0.0 0.466926135643007 8.723837602711546e-07 0.36264252978735745 0.5011191539811533 89.24157335655484 6.0 -18.965204709712236 0.8070090150974671 56887.393 56960.273 1 9 "Minimization exited successfully."
01291080 13 0.4438 56890.52107162927 9.179340470491516e-06 -2.9998070471416547 0.29967333731036255 0.0 1.3193707600839844 6.102897914347928e-07 4.123669182896199 0.5857534838837944 17.71969504663595 9.0 -18.89063112630167 1.75816703113302 56887.272 56973.077 1 12 "Minimization exited successfully."
01291090 13 0.292 56904.939276162266 4.056964969013921e-05 1.000173515436619 0.29929694775727217 0.0 0.3550382584653562 2.1455128269676223e-06 0.45241403539925296 0.59733870083055 28.82533778727965 9.0 -19.43932577358961 0.8646811821921219 56887.213 56973.023 3 10 "Minimization exited successfully."
01291794 37 0.3951 57277.288999995544 2.0840523227594332e-05 -0.0004989996741002756 -0.16061931634840956 0.0 0.2631003359310853 1.105984770248537e-06 0.5517251154428968 0.08335055944533694 24.353560928619704 33.0 -19.47873667495487 1.0614720929372368 57252.291 57356.172 10 27 "Minimization exited successfully."
01291957 29 0.36 56902.17899999675 3.2312949841226124e-05 -1.5076010810846348 -0.16607163447874693 0.0 0.01322059877202264 1.5554385454127879e-06 0.2036330929889285 0.05038853354517853 222.65765826261614 25.0 -19.716103289184936 1.3867468566139074 56877.181 56980.028 6 23 "Minimization exited successfully."
01292145 19 0.4925 57274.676467790276 5.590100881344706e-06 1.226466717835696 0.2647199211730296 0.0 0.007457167470420245 5.4790697149823e-06 1.248898891663879 0.5822323748117175 9.015667017231767 15.0 -18.624360448697516 0.8289250207744736 57252.293 57356.172 4 15 "Covariance may not be accurate."
01292195 19 0.8293 nan nan nan nan 0.005 nan nan nan nan nan nan nan nan nan nan 0 0 "No bands in data overlap the model."
01292332 12 0.2735 56901.18816212975 4.562882283932479e-05 0.27395125050976343 0.2031423819879415 0.0 0.7057879347157723 2.7626061138179286e-05 0.6903886542184419 0.3048064530346025 27.342295572107343 8.0 -19.400189207805134 0.9927433141561153 56890.331 56973.185 1 11 "Minimization exited successfully."
01292336 12 0.2336 56902.5380113199 5.9007070960670485e-05 0.24631024760122244 -0.29999981840944795 0.0 7.914572051959112e-06 2.3116256345725964e-06 0.36976195367278963 0.46492113214531794 14.436407791979633 8.0 -19.29118445864289 1.0214599548323804 56890.331 56973.185 1 11 "Minimization exited successfully."
01292560 11 0.2248 56902.866135744785 9.523849314551081e-05 0.8382119078399763 -0.2977532832405906 0.0 1.101266874178691 8.509546351813396e-06 0.5124415887907989 0.5985782839285358 39.32085631089363 7.0 -19.717102229772724 0.9145228616078782 56903.225 56973.038 0 11 "Minimization exited successfully."
01293319 14 0.2969 56912.26799999937 3.396849714864814e-05 1.758496895579146 0.2999992023662575 0.0 0.09058327199090854 8.891401803476369e-07 0.40868760700099616 0.10210479378639825 58.53543223649521 10.0 -19.289180473623485 0.7416507765566003 56887.27 56980.068 3 11 "Minimization exited successfully."
01293758 17 0.1472 56915.78800600043 0.00013375612445288011 -1.2639640584621539 -0.0015592095471817502 0.0 0.17313004315292346 1.7391366157568116e-06 0.1487554450722507 0.02232086466626504 144.70059450452047 13.0 -19.058641552879752 1.3146130022677234 56903.107 56980.026 6 11 "Minimization exited successfully."
01294014 22 0.3627 56915.38599972518 2.8973141099400415e-05 -0.37761074548142304 -0.07161980075549712 0.0 0.036671716607088456 1.5277080976358607e-06 0.42154045846747623 0.06369809962899038 96.76806059137009 18.0 -19.616215813223306 1.130061764675414 56890.388 56990.199 5 17 "Minimization exited successfully."
01294743 11 0.3126 56911.041595482755 2.125368568296482e-05 -0.4282456774864598 -0.25542984267007546 0.0 1.7957131307157397 8.883664020555017e-06 0.9006648635895321 0.3592565221340695 10.105258955563682 7.0 -18.905928329594005 1.1509585715368331 56890.366 56980.089 1 10 "Minimization exited successfully."
01295027 35 0.4254 56910.12733491016 1.6353818388020747e-05 -0.4365401823420547 -0.11562641210333788 0.0 0.6410506326974428 1.2319447367487022e-06 0.5425420663785192 0.08638519180224558 21.60388970177341 31.0 -19.404933758921633 1.1444964710830838 56887.27 56992.066 6 29 "Minimization exited successfully."
01295256 16 0.4425 56927.520132712896 1.0645961110242186e-05 0.785124782313182 0.2916001762552332 0.0 0.7145797044649953 2.368145703049441e-06 0.681031820256768 0.5802943312682411 18.325962256458034 12.0 -19.045672966291747 0.9006747071606327 56904.3 57012.086 4 12 "Minimization exited successfully."
01295305 15 0.6117 56915.228689531585 7.849268556478495e-06 0.19957957961266448 -0.2997127516167935 0.0 3.3358636276207108 3.630542238494686e-07 0.5151125750640244 0.5690846519265105 11.517781404154462 11.0 -19.562730774982064 1.030200516662223 56890.34 57005.11 2 13 "Minimization exited successfully."
