analysis_pipeline/fit_results/des_4_sn91bg_color_interpolation_red.ecsv
# %ECSV 0.9
# ---
# datatype:
# - {name: obj_id, datatype: string}
# - {name: num_points, datatype: int64}
# - {name: z, datatype: float64}
# - {name: t0, datatype: float64}
# - {name: x0, datatype: float64}
# - {name: x1, datatype: float64}
# - {name: c, datatype: float64}
# - {name: z_err, datatype: float64}
# - {name: t0_err, datatype: float64}
# - {name: x0_err, datatype: float64}
# - {name: x1_err, datatype: float64}
# - {name: c_err, datatype: float64}
# - {name: chi, datatype: float64}
# - {name: dof, datatype: float64}
# - {name: b_max, datatype: float64}
# - {name: delta_15, datatype: float64}
# - {name: tmin, datatype: float64}
# - {name: tmax, datatype: float64}
# - {name: pre_max, datatype: int64}
# - {name: post_max, datatype: int64}
# - {name: message, datatype: string}
# schema: astropy-2.0
obj_id num_points z t0 x0 x1 c z_err t0_err x0_err x1_err c_err chi dof b_max delta_15 tmin tmax pre_max post_max message
01248677 16 0.3502 56523.29056944687 7.494005416219807e-17 1.2050607432022487 0.051228638879382005 0.0 24.566035376086802 0.031041463734025863 0.42924849351145156 0.5103927844350933 2623.4570296956294 12.0 -19.049430265980952 1.486799329631797 56538.281 56629.077 0 16 "Covariance may not be accurate."
01250017 30 0.1817 56519.242262267355 5.3568260938163805e-16 0.9354131034819071 0.07890158878004311 0.0 24.856972900550318 0.03075365448499475 0.4227714099587679 0.7102132556160656 4458.49238236687 26.0 -19.5123133142267 1.7485884949411634 56536.245 56616.08 0 30 "Covariance may not be accurate."
01253039 20 0.4535 56533.75828526503 2.4980018054066023e-17 1.0176590803878587 0.3526533631329991 0.0 21.071059655692807 0.030753037127839854 0.4074174081987955 0.6672017423123964 695.1744201516848 16.0 -17.94058377558827 1.6533815438541524 56547.274 56653.094 0 20 "Covariance may not be accurate."
01253101 17 0.4596 56565.18718525734 2.7755575615628915e-18 0.6500000008751224 0.016562125215923595 0.0 20.534886397592345 0.03282049962713967 0.39385663185105857 0.6648137167627882 504.6076952991972 13.0 -16.227402417837467 2.262339622242834 56543.099 56657.052 5 12 "Covariance may not be accurate."
01253920 29 0.1956 56577.47108324517 2.0539125955565397e-16 0.6656156880237571 0.5237228463513229 0.0 0.9564931866261759 1.3877787807814407e-18 0.00043185487187669125 0.0008729281855344717 1510.0435752224403 25.0 -17.765573102117834 2.2239022745038497 56559.195 56649.173 8 21 "Covariance may not be accurate."
01255502 19 0.1482 56580.48855858316 4.3021142204224816e-16 0.6500920773503001 0.2133079138174122 0.0 31.47359679963847 0.03324496383835676 0.3954150659532922 0.6064556275462508 3021.9258527083466 15.0 -18.51643588949623 2.262115998089655 56563.266 56653.077 4 15 "Covariance may not be accurate."
01257366 25 0.2114 56575.343438860335 4.274358644806853e-16 0.837634691943533 0.5003690572632219 0.0 24.727845013461774 0.03074622975239598 0.44295942722380954 0.7104531742307174 716.8760872223903 21.0 -18.78769007359718 1.8862252586892474 56594.14 56682.089 0 25 "Covariance may not be accurate."
01257695 25 0.1838 56575.02884797249 3.1363800445660674e-16 1.2458848215354006 0.4996771371597102 0.0 31.63362908131967 0.03930215476470667 0.3471743210791696 0.7472033838289497 8621.716416379131 21.0 -18.113470966777022 1.4594369667851197 56590.029 56675.078 0 25 "Covariance may not be accurate."
01258906 15 0.3492 56579.01200272293 8.326672684688675e-18 1.0856480184708737 0.09353510246125463 0.0 25.493933490437485 0.03187323427866549 0.4567629368313742 0.529084537635737 544.8870841991453 11.0 -16.58207385484117 1.585752701353634 56594.019 56695.038 0 15 "Covariance may not be accurate."
01258940 18 0.4259 56575.319795372154 2.7755575615628915e-18 1.0074303497561912 0.000855405172808632 0.0 28.806015259928245 0.03638168162779747 0.4727816250743704 0.6270281449705504 370.95404769348545 14.0 -16.055164751744794 1.6642660603305472 56590.318 56697.043 0 18 "Covariance may not be accurate."
01259412 24 0.3047 56614.11212655525 1.665334536937735e-17 0.8373387699730669 0.06024291040390173 0.0 29.811449305372662 0.031182544873411298 0.44782085527223614 0.5009695173771741 7956.434279306986 20.0 -17.04902984775338 1.8866682613388264 56602.205 56696.024 4 20 "Covariance may not be accurate."
01261579 20 0.3222 56600.14631572294 1.332267629550188e-16 1.0306306632592772 0.04505225211457542 0.0 26.894912033341825 0.03294129074837378 0.40891733198707 0.5173009118217936 7582.648279903993 16.0 -19.473381337749053 1.6398608128508592 56615.111 56696.025 0 20 "Covariance may not be accurate."
01262214 0 0.6894 nan nan nan nan 0.01 nan nan nan nan nan nan nan nan nan nan 0 0 "Empty table passed to fit_lc."
01262715 0 0.6894 nan nan nan nan 0.01 nan nan nan nan nan nan nan nan nan nan 0 0 "Empty table passed to fit_lc."
01263369 18 0.3125 56656.37063855666 1.4710455076283326e-16 0.6500031450857984 0.453973874517506 0.0 29.42847908157637 0.03074623568785248 0.36842440116433084 0.6988956254663498 757.1782000036159 14.0 -18.707270698303788 2.262346855061132 56645.14 56697.043 6 12 "Covariance may not be accurate."
01263715 18 0.2919 56661.621965494305 1.2767564783189302e-16 0.6500003462659948 0.7781007292701332 0.0 0.029450707315845648 1.3877787807814407e-18 1.0505207944988548e-05 0.011611465851623315 682.4545473297377 14.0 -17.739720858431802 2.2623565440908457 56645.054 56694.039 8 10 "Covariance may not be accurate."
01275946 38 0.2321 57259.30656828832 1.9151347174783951e-16 0.6500000000000948 0.0029386706728415923 0.0 32.24389195102049 0.036484234917846685 0.4378109564808498 0.6370235238770304 4225.561356358909 34.0 -19.11886930270746 2.262339237677711 57248.378 57329.035 8 30 "Covariance may not be accurate."
01279500 23 0.235 57264.98278416318 7.494005416219807e-17 1.1489795751742315 0.2198162658914397 0.0 0.04681054868342471 0.0 nan 0.0005811843503046032 10424.052852419809 19.0 -17.718408578318787 1.5297008291413974 57249.318 57317.099 5 18 "Covariance may not be accurate."
01280217 17 0.359 57256.376844319195 2.7755575615628915e-18 1.0196886509811853 0.02454759385350619 0.0 29.646850559114682 0.031865148642741585 0.411095200080616 0.5441769988388401 606.0156016487455 13.0 -15.578673857933495 1.6512356582804557 57248.395 57329.175 3 14 "Covariance may not be accurate."
01281668 43 0.3071 57258.01929114291 1.1102230246251565e-16 0.6501190639034925 0.4088969687556463 0.0 0.07078008919052081 1.387778780781453e-18 0.0003085176966967085 0.0008971190313324107 1351.8462168596845 39.0 -18.454270675179536 2.26205382095079 57248.378 57342.028 8 35 "Covariance may not be accurate."
01281886 19 0.384 57273.28065025955 2.4980018054066023e-17 1.2337004871929227 0.13734334230927564 0.0 23.980162011357606 0.03112005322279715 0.40624687664227405 0.7367523003300794 74.76908003571587 15.0 -17.934437312488186 1.4673503561682075 57248.395 57345.234 4 15 "Covariance may not be accurate."
01282736 20 0.3689 57261.782742981595 2.7755575615628915e-18 0.6500000000012549 0.0004341858880587135 0.0 29.787139978667255 0.03109174086701246 0.3731012911844876 0.6235898579328427 304.17506500060483 16.0 -15.686756934649615 2.262339168237503 57249.286 57346.032 3 17 "Covariance may not be accurate."
01283373 33 0.2075 57234.45401318495 2.0816681711721685e-16 1.020871980139071 0.0029155723435104752 0.0 25.064692299372837 0.030753584089235755 0.4389378926484094 0.6370614054622329 794.408564923186 29.0 -18.935263272166104 1.6499936554472363 57250.337 57332.081 0 33 "Covariance may not be accurate."
01283878 28 0.3135 57263.03652821726 5.551115123125783e-18 1.0497849314354704 0.26956209307659396 0.0 30.413618360165856 0.031843211990076795 0.39877267493068896 0.7396600398451885 412.7737601388313 24.0 -15.50685640389279 1.6204835591062903 57249.322 57339.072 5 23 "Covariance may not be accurate."
01283936 23 0.369 57233.39067708075 4.163336342344337e-17 1.1706467241782401 0.5160040876729659 0.0 25.39984289226777 0.031298880177321686 0.3348036724409061 0.7209890367717691 224.24299282249152 19.0 -17.62471626294525 1.51235123051406 57248.38 57347.084 0 23 "Covariance may not be accurate."
01285160 0 0.7493 nan nan nan nan 0.005 nan nan nan nan nan nan nan nan nan nan 0 0 "Empty table passed to fit_lc."
01285317 24 0.5649 57233.374370324695 4.4408920985006264e-17 1.2499266770385562 0.5062355001437305 0.0 26.19740696268127 0.03288316718822751 0.37172840454288586 0.7342711238364341 172.84600402098903 20.0 -18.81602364631141 1.4568403379942758 57248.38 57356.127 0 24 "Covariance may not be accurate."
01286398 26 0.1503 57265.4286481651 3.247402347028583e-16 0.6596942823501144 0.6111697579121279 0.0 32.32065536091977 0.03454158312887042 0.44754832552099716 0.6795499388994403 537.8197774982573 22.0 -17.47741766676433 2.238295554820226 57249.318 57329.116 7 19 "Covariance may not be accurate."
01287626 13 0.304 56644.24056492253 8.326672684688675e-18 0.7870646768480423 0.4416367108352514 0.0 29.83386426959987 0.03138216579487713 0.3682374582422879 0.7223445842574883 2800.9404328424916 9.0 -15.547241611316181 1.9693250000983085 56653.052 56697.072 0 13 "Covariance may not be accurate."
01289288 44 0.2897 57259.033947926604 2.7755575615628915e-18 0.6500000000020485 0.003177281045721847 0.0 29.80838661193411 0.0313812323491426 0.37657441344409487 0.6378724031772338 497.24499278196566 40.0 -15.07127590844685 2.2623392443147594 57248.378 57347.084 7 37 "Covariance may not be accurate."
01289555 21 0.5588 57233.38832221744 3.608224830031759e-17 0.6559584212947388 0.05925348991732804 0.0 28.878484900527837 0.03602776473004611 0.40016541715219306 0.5019701693691578 197.98191235986965 17.0 -19.452405335563867 2.247475595504241 57248.396 57365.115 0 21 "Covariance may not be accurate."
01289600 16 0.4196 57241.48500069502 2.4980018054066023e-17 1.2394177907817538 0.22261950873437203 0.0 20.703846714674 0.03074669525161164 0.33329408330801175 0.6112722270247923 734.0074560540975 12.0 -17.980217167341145 1.4636163381377756 57253.285 57365.135 0 16 "Covariance may not be accurate."
01289656 21 0.5394 57235.03345387951 1.942890293094024e-17 0.650122431787122 0.006071163280139125 0.0 27.33318603983571 0.03166003242736154 0.3760993337180415 0.646212265503576 261.5584741273749 17.0 -18.775317138504867 2.2620312864314194 57250.337 57355.245 0 21 "Covariance may not be accurate."
01289664 35 0.2491 57242.63891625618 4.4408920985006264e-17 1.1963220896660878 0.4505253359000067 0.0 20.455576813066727 0.035694889614863105 0.42866655780334156 0.7250004684412512 7776.663670065659 31.0 -16.84866132599541 1.4930591659879298 57252.307 57345.234 0 35 "Covariance may not be accurate."
01290779 12 0.3895 56881.559200389915 8.326672684688675e-18 0.8539285448449122 0.524341304121908 0.0 4.806417709867674 0.0 0.00037830687048023837 0.0006535873812615889 446.29488466020507 8.0 -16.002155835339273 1.8615421858989691 56887.398 56973.322 0 12 "Covariance may not be accurate."
01290816 20 0.2185 56895.76786523447 5.551115123125783e-18 1.2239312533702085 0.06085952282881446 0.0 0.005379840349633014 0.0 3.344585164921643e-05 0.14655195238243718 8290.787899691652 16.0 -15.03053859988464 1.4738310069589566 56887.395 56960.278 4 16 "Covariance may not be accurate."
01291080 14 0.4438 56897.91990303309 5.551115123125783e-17 0.6502493326509836 0.5154657761119792 0.0 0.7190138837395352 1.3877787807814438e-18 0.0005615852678892974 0.12929412621443703 150.52008081932877 10.0 -18.41283000068273 2.261729298707831 56887.275 56973.078 2 12 "Covariance may not be accurate. Covariance not positive definite. Covariance forced positive definite."
01291090 25 0.292 56899.781364191156 1.4432899320127036e-16 1.0002136919039146 0.4695130426340278 0.0 29.53479747014717 0.030754127113643663 0.43598166665809246 0.7030605767326013 367.18086661870603 21.0 -18.480805192463613 1.6721036094083601 56887.215 56973.028 4 21 "Covariance may not be accurate."
01291794 18 0.3951 57268.80170074315 2.7755575615628915e-18 0.6500000000000072 4.3643971344597965e-05 0.0 29.933468773302593 0.03121871912415684 0.3746246629985644 0.6176940729505225 161.84565890801449 14.0 -15.863095542714817 2.262339157458271 57252.296 57356.174 4 14 "Covariance may not be accurate."
01291957 15 0.36 56862.18745723609 0.0 0.7882059251515486 0.50025771090587 0.0 0.0 0.0 0.0 0.0 823.7012440207245 11.0 inf nan 56877.186 56980.031 0 15 "Hesse Failed. Covariance may not be accurate. Covariance not positive definite."
01292145 19 0.4925 57245.19075482512 2.4980018054066023e-17 1.1343459999145502 0.4096457428105231 0.0 0.255734248279623 0.0 0.008090609974556795 0.0006634796767726048 98.70477794324442 15.0 -18.044420662594725 1.5419745471867792 57252.296 57356.174 0 19 "Covariance may not be accurate."
01292195 0 0.8293 nan nan nan nan 0.005 nan nan nan nan nan nan nan nan nan nan 0 0 "Empty table passed to fit_lc."
01292332 25 0.2735 56915.322446356404 6.106226635438361e-17 1.241127626388209 0.46964643280306423 0.0 24.862182518358168 0.03133569498396941 0.3973852973068483 0.70939412144246 452.04371087290883 21.0 -17.383024295140117 1.4625111682794163 56890.333 56973.19 7 18 "Covariance may not be accurate."
01292336 25 0.2336 56898.57311625524 1.2212453270876723e-16 0.9965952344659974 0.21400113253795489 0.0 30.901372046711913 0.034782746596384605 0.4628694864360117 0.7382919785671557 330.8416287855371 21.0 -18.247295236855503 1.6760660556538802 56890.333 56973.19 3 22 "Covariance may not be accurate."
01292560 27 0.2248 56897.43052627868 1.9984014443252818e-16 1.2213577148561314 0.27685158078976474 0.0 28.863540597656538 0.030746537010207298 0.4161973382399829 0.7395455585351178 1376.8532969296782 23.0 -18.55905947436385 1.4755699171390901 56890.263 56973.042 3 24 "Covariance may not be accurate."
01293319 29 0.2969 56897.96101754687 9.436895709313832e-17 0.7906328449162762 0.01229255890903086 0.0 29.891895181837754 0.031502999443385346 0.45295867723696503 0.5657390580480306 2643.9978417374923 25.0 -18.94697588551501 1.9630587379453317 56887.272 56980.072 4 25 "Covariance may not be accurate."
01293758 18 0.1472 56910.24910887689 3.191891195797325e-16 0.7238389908458038 0.5054043077267549 0.0 0.36275502739226795 1.3877787807814654e-18 0.0001515589560768249 0.00038013331370911896 364.7868937000652 14.0 -17.59155834829574 2.0918322263870905 56891.384 56980.044 3 15 "Covariance may not be accurate."
01294014 6 0.3627 56879.17687968126 4.0245584642661925e-16 0.6500000050718093 0.5001876536153649 0.0 3.0011866004970216 5.828670879282071e-17 0.00012651431368582156 0.008400003690694158 76.46264156419191 2.0 -20.069165262732607 2.2623564538827416 56903.404 56990.199 0 6 "Covariance may not be accurate. Covariance not positive definite. Covariance forced positive definite."
01294743 25 0.3126 56906.69413536722 1.942890293094024e-17 1.2422817772706987 0.08355951685205998 0.0 0.021666196906153345 0.0 0.09707830161629727 0.0017120188050144813 747.7089815620807 21.0 -17.239811569960636 1.4617522138979524 56890.285 56980.127 4 21 "Covariance may not be accurate."
01295027 19 0.4254 56900.319944363255 0.0 1.2293241008656655 0.5153511896301538 0.0 0.0 0.0 0.0 0.0 270.7335465904572 15.0 inf nan 56887.275 56992.069 2 17 "Hesse Failed. Covariance may not be accurate. Covariance not positive definite."
01295256 17 0.4425 56909.61462951803 5.551115123125783e-18 0.6501437355861412 0.374131045290089 0.0 29.82614157602802 0.03449142914347854 0.40933632787808993 0.7325239645272388 513.7484835551919 13.0 -16.203383319745154 2.261990847684764 56904.303 57012.089 1 16 "Covariance may not be accurate."
01295305 18 0.6117 56875.28551449988 8.326672684688675e-18 0.921927331371081 0.00014712386161813695 0.0 24.575709251676017 0.030795457249538954 0.43255034284597166 0.6097878943380831 1124.6969668689471 14.0 -18.196574368401286 1.7660571019890163 56890.285 57005.143 0 18 "Covariance may not be accurate."
01295921 13 0.5239 56875.386048213455 4.9960036108132046e-17 0.6965313302865791 0.10028707518404317 0.0 25.938368603077834 0.03239791581334376 0.44825708630074557 0.5345078890732304 136.0664280585533 9.0 -19.56312781615476 2.1517643656345555 56890.393 56990.201 0 13 "Covariance may not be accurate."
01296273 16 0.397 56927.31721243912 2.7755575615628915e-18 0.894436128557409 0.0022011818983352915 0.0 21.657026743174356 0.030772931700815714 0.41139606639438425 0.6341365133924385 1308.50668141888 12.0 -15.87201466033924 1.8032562824759992 56903.391 57003.049 4 12 "Covariance may not be accurate."
01296321 25 0.1844 56900.35374205892 1.9151347174783951e-16 1.1566283895321263 0.0021890223162583933 0.0 26.931188774877228 0.032615076776574645 0.4630400523958004 0.594758086546329 959.2669760567987 21.0 -18.55965494132363 1.5234546753895657 56915.269 56990.188 0 25 "Covariance may not be accurate."
