analysis_pipeline/fit_results/des_4_sn91bg_salt2_phase_all.ecsv
# %ECSV 0.9
# ---
# datatype:
# - {name: obj_id, datatype: string}
# - {name: num_points, datatype: int64}
# - {name: z, datatype: float64}
# - {name: t0, datatype: float64}
# - {name: x0, datatype: float64}
# - {name: x1, datatype: float64}
# - {name: c, datatype: float64}
# - {name: z_err, datatype: float64}
# - {name: t0_err, datatype: float64}
# - {name: x0_err, datatype: float64}
# - {name: x1_err, datatype: float64}
# - {name: c_err, datatype: float64}
# - {name: chi, datatype: float64}
# - {name: dof, datatype: float64}
# - {name: b_max, datatype: float64}
# - {name: delta_15, datatype: float64}
# - {name: tmin, datatype: float64}
# - {name: tmax, datatype: float64}
# - {name: pre_max, datatype: int64}
# - {name: post_max, datatype: int64}
# - {name: message, datatype: string}
# schema: astropy-2.0
obj_id num_points z t0 x0 x1 c z_err t0_err x0_err x1_err c_err chi dof b_max delta_15 tmin tmax pre_max post_max message
01248677 59 0.3502 56523.28796205559 1.942890293094024e-16 1.248373283911293 0.5001572386257284 0.0 0.0001997629224206321 0.0 0.44695380392900436 0.00045479166427164763 71127.03674533489 28.0 -19.18921603346564 1.457430011565414 56538.281 56629.123 0 59 "Covariance may not be accurate. Covariance not positive definite. Covariance forced positive definite."
01250017 60 0.1817 56519.23435697467 4.052314039881822e-16 1.2184769443301247 0.0012522064520971155 0.0 24.49931137783642 0.03074623358819071 0.3055268845401133 0.630068753658895 49367.64613999395 30.0 -19.339301754053977 1.4770805346777536 56534.233 56616.08 0 60 "Minimization exited successfully."
01253039 74 0.4535 56532.27770045378 0.0 0.9924595988677685 0.5001546144485485 0.0 0.0 0.0 0.0 0.0 0.0 -4.0 inf nan 56547.268 56653.094 0 74 "Hesse Failed. Covariance may not be accurate. Covariance not positive definite."
01253101 68 0.4596 56528.098795982165 8.326672684688675e-18 1.2101522009881425 0.000979237631523966 0.0 24.908880912575114 0.031423020519705726 0.43211737568938574 0.6015400161027389 2215.371671505197 31.0 -17.44506461292964 1.4827909188589814 56543.092 56657.052 0 68 "Covariance may not be accurate."
01253920 58 0.1956 56584.09647377337 2.664535259100376e-16 0.7762120329154132 0.5002402608154928 0.0 nan 1.3877787807814654e-18 0.0007131390944147831 0.0013374797980539033 27947.677923335712 39.0 -18.085811003371152 1.9875572633160665 56559.19 56649.173 20 38 "Covariance may not be accurate."
01255502 29 0.1482 56548.33799997195 1.6930901125533639e-16 0.6500000204093221 0.13533732298732698 0.0 24.516658460448525 0.03160400988723172 0.37929695157650367 0.7277442183136503 6369.22481071838 7.0 -17.66860560350319 2.2606585824602874 56563.266 56653.077 0 29 "Covariance may not be accurate."
01257366 40 0.2114 56575.34360012468 3.7747582837255326e-16 0.8214660354695565 0.4941732081433049 0.0 24.733082689665025 0.03074724201203237 0.4435923390436718 0.7090327458201153 2372.8696005078036 15.0 -18.667617571420934 1.9105612297605603 56590.341 56682.089 0 40 "Covariance may not be accurate."
01257695 48 0.1838 56607.24426679439 1.6653345369377348e-16 1.215861213921451 0.588492589068004 0.0 1.1860677832592046 0.0 0.00048726091779316416 0.0021024502902184383 47033.146936190664 36.0 -17.276180630474986 1.4788751939163625 56590.025 56675.078 13 35 "Covariance may not be accurate."
01258906 56 0.3492 56579.1573675511 6.383782391594651e-17 0.67735778863835 0.03602458529273217 0.0 23.55201680720711 0.03074772959199275 0.3100183170744644 0.5282397445330297 2326.739953299332 25.0 -18.893626732506554 2.1943766855299884 56594.012 56695.038 0 56 "Covariance may not be accurate."
01258940 70 0.4259 56575.31437405469 5.273559366969494e-17 1.2499862461212952 0.5135946781900713 0.0 24.841152347631578 0.030857756203738082 0.36774299096624624 0.7148925832030899 1815.453498705444 35.0 -18.253628515777507 1.4563963676307488 56590.311 56697.043 0 70 "Covariance may not be accurate."
01259412 47 0.3047 56613.40702951079 8.326672684688674e-17 1.1045343043298401 0.5001669429185059 0.0 0.03252211776270997 1.387778780781447e-18 0.015646893844818766 0.04739646522800109 29588.79646240473 33.0 -17.917335548197578 1.56769374233604 56602.144 56697.078 7 40 "Covariance may not be accurate. Covariance not positive definite. Covariance forced positive definite."
01261579 40 0.3222 56639.752428714404 7.771561172376097e-17 0.6503938956402208 0.4403690805905116 0.0 0.009792278506211005 0.0 4.292915567083444e-05 7.314268982319683e-05 28983.27949017364 32.0 -18.12159047227184 2.2596803959909977 56615.111 56697.079 12 28 "Covariance may not be accurate."
01262214 68 0.6894 56610.2240583874 9.992007221626409e-17 1.1876243927631014 0.4534188134976116 0.0 24.576987112541246 0.030746230757941327 0.32242491096808995 0.6987463422712754 6217.5984544096755 60.0 -20.34371568876831 1.498967061068214 56625.224 56698.051 0 68 "Covariance may not be accurate."
01262715 46 0.6894 56610.22556162924 5.551115123125783e-18 0.9780778965337835 0.0829390742351781 0.0 25.762920896409923 0.03206354576477847 0.4265445638994118 0.5201736133827645 7672.616943325474 40.0 -17.935083076416902 1.696142296433532 56625.224 56697.09 0 46 "Covariance may not be accurate."
01263369 36 0.3125 56668.41466953373 5.551115123125783e-18 1.2467189119409428 0.024995422289124658 0.0 32.330017029755254 0.0363369610892504 0.41252759706063097 0.6748609442247621 4752.422498217432 28.0 -15.979026264708931 1.4584791377635398 56645.136 56697.043 16 20 "Covariance may not be accurate."
01263715 35 0.2919 56665.8656797504 1.0824674490095277e-16 1.2454606450895356 0.016058488850415054 0.0 28.785990112843137 0.030746320847087838 0.3897866489167828 0.6641202945142317 7655.544211086793 31.0 -19.04730661781539 1.4592885178318795 56645.05 56694.039 15 20 "Covariance may not be accurate."
01275946 72 0.2321 57257.730261719444 1.7208456881689927e-16 1.2359586019266318 0.4075379832232203 0.0 31.06860925293222 0.0343345953878431 0.3275638863218537 0.7031562992696183 54004.74443600204 60.0 -18.236592847259125 1.4654626815659455 57248.373 57329.035 15 57 "Covariance may not be accurate."
01279500 45 0.235 57263.09835339249 1.7486012637846217e-16 0.6500000000359821 0.0067387035199672485 0.0 31.078272230734 0.03281740590052406 0.39381104123321053 0.6477972135889083 41336.15315484931 37.0 -19.044601489310846 2.2606542509937952 57249.293 57319.287 11 34 "Covariance may not be accurate."
01280217 63 0.359 57250.54361248554 6.66133814775094e-17 0.7412911710571691 0.7179276957913151 0.0 1.8586960547618219 0.0 0.000326937662448068 0.0006710208621442115 3672.8364074400124 50.0 -17.677840573399074 2.054350493591464 57248.388 57329.175 4 59 "Covariance may not be accurate."
01281668 83 0.3071 57261.10496680513 2.1094237467877976e-16 0.6500529484124662 0.5009407285443964 0.0 0.0026383691147202626 0.0 0.00031223708965455454 0.00022644926953485633 8233.183662180227 60.0 -18.945070920386332 2.260538128295142 57248.373 57342.028 16 67 "Covariance may not be accurate."
01281886 70 0.384 57271.78313956119 1.665334536937735e-17 1.205709463484475 0.34927428247069103 0.0 28.610618449638423 0.03192745239852952 0.4247814507083398 0.6716068696820052 2214.250208558131 58.0 -17.077547349552177 1.485904506002015 57248.388 57345.234 16 54 "Covariance may not be accurate."
01282736 72 0.3689 57261.36911569391 8.049116928532386e-17 0.8477468439363018 0.46021541129458243 0.0 29.497996522462927 0.03074638512797405 0.39515980861487043 0.7005571703142833 1719.440408834499 54.0 -18.4594095526467 1.8698282311933738 57249.279 57346.032 11 61 "Covariance may not be accurate."
01283373 61 0.2075 57234.79070730473 3.858025010572419e-16 1.0490324914898563 0.5000910521575054 0.0 0.21838888050115202 2.6367796834847473e-17 0.11396160553169243 0.12870477769108196 7447.3021484338315 18.0 -18.631462386508144 1.6206004330189288 57249.423 57332.081 0 61 "Covariance may not be accurate. Covariance not positive definite. Covariance forced positive definite."
01283878 56 0.3135 57265.1140941849 2.7755575615628915e-18 0.9583895515014647 0.035719179760828446 0.0 30.47462197707864 0.03186019340414332 0.4361144092141824 0.5286306283662985 1050.8539398889104 46.0 -15.216831606799094 1.719285705350547 57249.293 57339.187 11 45 "Covariance may not be accurate."
01283936 85 0.369 57260.06336026891 2.7755575615628915e-18 0.9121468637090563 2.108501999831258e-06 0.0 30.065100805488328 0.03158623887977373 0.4410674457533915 0.615535085632012 1270.0745553223173 64.0 -15.688126946581892 1.7781872648427246 57248.373 57347.084 16 69 "Covariance may not be accurate."
01285160 72 0.7493 57234.403000065875 2.7755575615628915e-18 0.6533638602935341 0.2272976960274567 0.0 26.969539474190242 0.03371095732055736 0.3820134930056394 0.6136442326401601 3498.6817564717803 38.0 -17.109770770687255 2.252257118963403 57249.403 57372.178 0 72 "Covariance may not be accurate."
01285317 92 0.5649 57233.95178044554 4.4408920985006264e-17 1.1582994549384273 0.044813214821566305 0.0 22.4578997739809 0.03075068463702849 0.43880977543170285 0.6916719152127043 1621.5275270003326 57.0 -19.73104985464649 1.5215980212751639 57248.373 57356.127 0 92 "Covariance may not be accurate."
01286398 52 0.1503 57265.84568560037 2.248201624865942e-16 1.112938751438954 0.46524651728522004 0.0 35.69784391360372 0.04593974542089622 0.36852977550845506 0.6548581353337777 7923.371842762824 40.0 -17.351765743191383 1.560119411970426 57249.293 57331.145 13 39 "Covariance may not be accurate."
01287626 23 0.304 56638.052579147625 6.938893903907228e-17 0.9420562485687627 0.06436363185397936 0.0 25.62075428519165 0.03176549868237499 0.4310875529881863 0.5031176799340389 7617.561274244429 19.0 -18.58558221173241 1.739369463343234 56653.047 56697.072 0 23 "Covariance may not be accurate."
01289288 81 0.2897 57259.24649997495 1.942890293094024e-16 0.650000000000022 0.500019902510074 0.0 0.950682961869461 2.0816681711721685e-17 0.0006341848240606351 0.012663095100927807 1723.1890363836837 54.0 -18.71085621575585 2.260671080375303 57248.373 57347.084 12 69 "Covariance may not be accurate. Covariance not positive definite. Covariance forced positive definite."
01289555 79 0.5588 57262.54539913997 2.7755575615628915e-18 1.2495978733257296 0.23472036584599226 0.0 33.502351028215344 0.03759200276652509 0.4586652149102651 0.7392922101105653 1123.249970628062 63.0 -16.313179276157463 1.4566392355743396 57248.388 57365.115 12 67 "Covariance may not be accurate."
01289600 64 0.4196 57238.69398653823 1.1102230246251566e-17 0.8637772891360798 0.07581126940991084 0.0 23.58222441534599 0.03186282442369478 0.45190111886876033 0.5138675632795949 6283.59157435559 26.0 -17.39669110263686 1.8460365670013417 57253.285 57365.221 0 64 "Covariance may not be accurate."
01289656 75 0.5394 57234.477637150696 8.881784197001253e-17 1.1505932910767394 0.5600914386577578 0.0 23.96486829585774 0.03074724344269014 0.34773631112849407 0.6950311132238671 1061.2024793482549 40.0 -19.3578807047428 1.5278600801803819 57249.423 57355.245 0 75 "Covariance may not be accurate."
01289664 64 0.2491 57274.6405670711 1.4988010832439614e-16 1.2442250798221572 0.8630113122103045 0.0 20.209874469292117 0.03458906906605946 0.38436920841623906 0.8064288690852823 17678.74846639425 48.0 -17.369994518277768 1.460097365443719 57252.303 57345.234 10 54 "Covariance may not be accurate."
01290779 44 0.3895 56885.27152556204 4.163336342344337e-17 1.0741199142074724 0.5467745142279519 0.0 26.227501570836466 0.03200149621648732 0.3878773447550839 0.7366292336803705 3609.2772665916746 28.0 -17.712320301572653 1.5961075718666926 56887.39 56973.322 0 44 "Covariance may not be accurate."
01290816 40 0.2185 56896.22562660151 3.7470027081099033e-16 1.1744627422422416 0.9999999752480808 0.0 0.00033175505814142525 0.0 3.825056065664967e-06 0.00035705634702948297 28786.40156940902 32.0 -17.74783707641728 1.5089035184670472 56887.39 56960.278 8 32 "Covariance may not be accurate."
01291080 52 0.4438 56897.09579235243 5.551115123125783e-18 1.1709529433425971 0.0008029657931967193 0.0 29.374302646578144 0.030890567774197127 0.3340628250671382 0.6028226178474987 1219.4678698488751 44.0 -16.9143408213425 1.5116049357960755 56887.268 56973.078 8 44 "Covariance may not be accurate."
01291090 51 0.292 56899.288622598026 1.4710455076283326e-16 1.2474914990302652 0.04137211828491294 0.0 29.497060619381955 0.030746319649832064 0.38466762487613265 0.6892045390894267 7553.932470354999 43.0 -19.33958608622629 1.4579831238869971 56887.211 56973.028 8 43 "Covariance may not be accurate."
01291794 72 0.3951 57276.73798737175 1.3877787807814457e-17 0.8545097816513775 0.38530257652299116 0.0 22.508745977862418 0.030933359479398306 0.44366083811984613 0.6798306561806642 1410.6888951526507 57.0 -16.884287975781334 1.8597061435932147 57252.289 57356.174 18 54 "Covariance may not be accurate."
01291957 60 0.36 56862.18166799835 1.4710455076283326e-16 0.6503415342043671 0.6846966902996283 0.0 27.377212124527432 0.03402659010593898 0.4013220961837445 0.7379416162789816 3825.3842353183254 28.0 -18.619047996070957 2.259814601390353 56877.179 56980.031 0 60 "Covariance may not be accurate."
01292145 73 0.4925 57272.3136063136 2.7755575615628914e-17 1.0119799463233483 0.1596836958757064 0.0 29.996023197141767 0.031839876561108205 0.40925153791275865 0.7564054415222501 670.8785136529883 61.0 -18.64780518014051 1.6587142520502702 57252.289 57356.174 15 58 "Covariance may not be accurate."
01292195 81 0.8293 57274.09464700574 8.326672684688675e-18 0.6500000000019224 0.49331608372060526 0.0 23.054194484688196 0.03085026448070108 0.37020279351337176 0.7101064504180128 1552.6491163739656 62.0 -18.04704444975288 2.260670816879415 57249.403 57389.163 12 69 "Covariance may not be accurate."
01292332 49 0.2735 56897.77949962192 3.358424649491099e-16 0.6537742776938769 0.5000948641090786 0.0 14.826185079178686 1.3877787807814407e-18 9.890941105927809e-06 0.00010233247456661876 5358.810116651444 37.0 -19.161239519650106 2.251244751543961 56890.328 56973.19 5 44 "Covariance may not be accurate. Covariance not positive definite. Covariance forced positive definite."
01292336 49 0.2336 56899.63943365634 9.992007221626409e-17 1.1718650330007103 0.0037188901185670753 0.0 29.20834313850719 0.030746947815955807 0.3339629158593292 0.6396797006192477 5349.1511180388125 37.0 -18.42710626821367 1.510897740779253 56890.328 56973.19 5 44 "Covariance may not be accurate."
01292560 48 0.2248 56895.90059350615 1.8873791418627663e-16 1.1936639098414528 0.0008256789816215027 0.0 28.556990982731804 0.030746230399735293 0.43920698584941803 0.6026511940736005 15124.583739539674 37.0 -19.027899279018996 1.4945161152613764 56890.263 56973.042 3 45 "Covariance may not be accurate."
01293319 57 0.2969 56899.285544550476 1.1102230246251565e-16 1.249542729571719 0.1971778153408475 0.0 29.492763618294703 0.030746310054889606 0.36188522126860884 0.597793722135802 12403.10301168741 45.0 -18.777162279848465 1.4566727554398646 56887.268 56980.072 8 49 "Covariance may not be accurate."
01293758 35 0.1472 56878.26708967417 3.8025138593411614e-16 0.9815650921448507 0.0009033350025494657 0.0 0.0032793994760140777 1.3877787807814407e-18 0.00011652193663086452 0.0016010793843649618 10010.516267648194 14.0 -18.766875450563283 1.692157185193583 56891.384 56980.044 0 35 "Covariance may not be accurate."
01294014 39 0.3627 56892.95612372445 1.1102230246251566e-17 0.6500216252231669 0.004235265018725787 0.0 27.820744106655184 0.030811894656109586 0.3682161810086049 0.5866281793972238 2439.983783338695 16.0 -17.142632477339433 2.260599879347332 56890.386 56990.199 2 37 "Covariance may not be accurate."
01294743 47 0.3126 56897.62449661115 3.885780586188048e-17 1.2086825024936803 0.06147896880567033 0.0 28.90243199066026 0.03075908287859979 0.30446528401097256 0.7021558495770863 3029.7345063900602 34.0 -18.031254562365326 1.483814444090502 56890.285 56980.127 3 44 "Covariance may not be accurate."
01295027 71 0.4254 56911.83046380031 6.383782391594651e-17 1.212809050752502 0.9293639379093875 0.0 27.048541174215643 0.03666023082653906 0.30046427424917616 0.8280753694475455 1132.6562562108215 49.0 -17.66336060390713 1.4809661972271009 56887.268 56992.069 12 59 "Covariance may not be accurate."
01295256 60 0.4425 56892.021052492804 2.7755575615628915e-18 0.6500000026648093 0.0008833055515179988 0.0 22.345391316081077 0.0356044217078027 0.42723330200714116 0.6272205419662586 3637.827056654991 23.0 -16.154031075987895 2.2606540838120566 56904.295 57012.089 0 60 "Covariance may not be accurate."
01295305 63 0.6117 56875.2872592929 1.665334536937735e-17 0.7193774228894965 0.006182218815033891 0.0 24.624475679745956 0.030941205975094668 0.43647412111655753 0.5805248442416379 4203.978511517937 27.0 -18.93959397689218 2.0999200054618363 56890.285 57005.143 0 63 "Covariance may not be accurate."
