analysis_pipeline/fit_results/des_4_salt2_2.4_red.ecsv
# %ECSV 0.9
# ---
# datatype:
# - name: obj_id
#   datatype: string
# - name: num_points
#   datatype: int64
# - name: z
#   datatype: float64
# - name: t0
#   datatype: float64
# - name: x0
#   datatype: float64
# - name: x1
#   datatype: float64
# - name: c
#   datatype: float64
# - name: z_err
#   datatype: float64
# - name: t0_err
#   datatype: float64
# - name: x0_err
#   datatype: float64
# - name: x1_err
#   datatype: float64
# - name: c_err
#   datatype: float64
# - name: chi
#   datatype: float64
# - name: dof
#   datatype: float64
# - name: b_max
#   datatype: float64
# - name: delta_15
#   datatype: float64
# - name: tmin
#   datatype: float64
# - name: tmax
#   datatype: float64
# - name: pre_max
#   datatype: int64
# - name: post_max
#   datatype: int64
# - name: message
#   datatype: string
# schema: astropy-2.0
obj_id num_points z t0 x0 x1 c z_err t0_err x0_err x1_err c_err chi dof b_max delta_15 tmin tmax pre_max post_max message
[from data line 55]
01296657 24 0.1462 56923.78141008852 0.0002495818176199538 1.0308877955794458 -0.29999896931813197 0.0 0.29719836770527763 3.5401187246236754e-06 0.23195486638348517 0.06498558873503653 53.515536946822586 20.0 -19.725744895399504 0.881147941644123 56904.225 56987.079 6 18 "Minimization exited successfully."
01297026 29 0.2585 56928.43696427414 3.936166665561014e-05 -0.6069534271395134 0.039544710249931614 0.0 0.6232693972851848 9.460969658846297e-06 0.39495995818978646 0.1543138922950677 13.020066642987656 25.0 -19.09684631973862 1.1693481847054628 56903.36 57001.099 7 22 "Minimization exited successfully."
01297465 32 0.2778 56938.607883480654 3.355802817927578e-05 1.1037580608006579 0.02205471421807509 0.0 0.14297817891201703 3.511872702846587e-06 0.13400828106386564 0.07335361448746358 101.83489502601805 28.0 -19.1039584133937 0.8578471442091455 56912.258 57008.065 10 22 "Minimization exited successfully."
01298281 29 0.2351 56930.987529066784 5.319357442552797e-05 -1.5330779378020505 -0.15515490067217896 0.0 0.36062736113672145 1.0683508672895695e-05 0.2556227795533711 0.12457394472960975 20.22762813295475 25.0 -19.1899676082547 1.3920977527278389 56915.269 57003.049 6 23 "Minimization exited successfully."
01298893 15 0.1962 56900.299287417125 0.00017069531139327911 1.9999999917397027 -0.2999997127478767 0.0 1.614992100818199 7.305658730742681e-06 0.028822818007864015 0.02284727990081542 119.2614985570107 11.0 -20.020308258855145 0.7177264951864615 56915.299 56992.068 0 15 "Minimization exited successfully."
01299643 17 0.38 56941.1893843932 1.3700641802583126e-05 0.7687361361080489 0.29999981438213225 0.0 0.7245631745099672 4.369366349135654e-07 0.5014524096668669 0.4734689698097593 10.265449159144612 13.0 -18.927630348245728 0.9030576279793365 56912.35 57018.078 3 14 "Minimization exited successfully."
01299775 23 0.1598 56909.00776352482 0.0002488192055981664 1.9999999993713846 -0.29999991215441435 0.0 0.6109643620657152 9.494647451020749e-06 0.02142673529164041 0.016347160187782622 558.1819055053697 19.0 -19.935517980058258 0.7177264985378535 56920.298 57004.045 0 23 "Minimization exited successfully."
01299785 15 0.3813 56943.7737836954 1.3126537940785778e-05 0.6894304174438308 0.20425053837238 0.0 1.4510987670219038 4.646762792634846e-05 0.921959569067401 0.5515590578648455 7.330148712661105 11.0 -18.887234091549125 0.9205674461537363 56920.298 57025.079 3 12 "Minimization exited successfully."
01300516 36 0.3104 56949.29458304616 3.100195775756765e-05 0.7348324464110738 0.05873495193276729 0.0 0.44626589692779817 5.2137356322437535e-06 0.3715250236091323 0.11573683560359775 56.991482595523905 32.0 -19.295867736458543 0.9189261796755339 56923.293 57025.093 12 24 "Minimization exited successfully."
01300912 17 0.3376 56947.190159396705 1.2305782963631385e-05 -0.813868978377831 0.29833752392788576 0.0 0.6736936439338024 2.179164560892066e-06 0.3871796443150508 0.5985934073084656 12.141458523677517 13.0 -18.508499793887328 1.1932936779815648 56920.245 57019.147 5 12 "Minimization exited successfully."
01301933 31 0.3299 56952.62826151059 3.196827344624509e-05 -0.2879063566774156 -0.12423078735368775 0.0 0.13095757753399084 1.6264258966267063e-06 0.11175336709698902 0.03676578596865593 89.00404214684205 27.0 -19.48276615009727 1.1152914267222904 56924.209 57025.117 10 21 "Minimization exited successfully."
01302058 31 0.1984 56960.20765148207 7.247512379947585e-05 0.34639288820707215 0.2999999938982874 0.0 0.18659619571189978 8.57722380773196e-07 0.17491526713946848 0.5140329328358454 71.05105290657299 27.0 -19.115802876817305 0.9751408656338221 56935.365 57025.079 7 24 "Minimization exited successfully."
01302141 24 0.6088 57278.67799225445 5.707795479478751e-06 0.24708668917769883 0.2995431292861394 0.0 1.548796182487422 7.742654289599749e-07 1.2290645271174658 0.46861660385507237 31.72973676044617 20.0 -19.20468878890086 0.9925691081721482 57248.411 57365.044 7 17 "Minimization exited successfully."
01302187 31 0.2195 56953.34022719488 7.611208883235021e-05 -1.3400376801165454 -0.14107452422442834 0.0 0.3659074221395713 2.3893272495283116e-05 0.36877229026318115 0.1808558269175414 23.419011777567093 27.0 -19.410360057579922 1.3439762324606157 56925.328 57019.148 8 23 "Minimization exited successfully."
01302523 15 0.4239 57288.11594587184 9.718919379522739e-06 0.15087897121129235 0.29999999954473994 0.0 0.7305985954444623 2.565469143442356e-07 0.48946042963850567 0.5130130073691119 12.242640266965797 11.0 -18.83544395862038 1.0095950951376835 57265.24 57366.076 4 11 "Minimization exited successfully."
01302648 30 0.2319 56949.46897297428 5.180736565534583e-05 -0.8178983562839992 0.005740957154458548 0.0 7.088033089530654e-05 1.0820414079290575e-05 0.3262900066376936 0.12768247746339556 26.23703679526719 26.0 -19.12682876449623 1.215531043976899 56925.162 57017.08 9 21 "Covariance may not be accurate."
01303004 37 0.2949 56960.29343931254 5.741867013799862e-05 0.5714296141295243 -0.2660625994352949 0.0 0.2426180319125706 7.268008892638571e-06 0.21169391456446474 0.08414562641440802 84.07341320235784 33.0 -19.839493461666333 0.9605929512777074 56934.371 57033.047 11 26 "Minimization exited successfully."
01303279 26 0.1724 56965.992596683194 0.0002495200487483584 0.3517470346153755 -0.2504651551805607 0.0 0.32626600475487066 6.36183933485135e-05 0.33610084463385226 0.13219679585578656 42.390603956616985 22.0 -20.117117608622618 0.9997989893514543 56943.237 57033.169 5 21 "Minimization exited successfully."
01303496 22 0.1798 56966.1526603866 5.807518273676093e-05 0.20378562095549935 0.294992024795978 0.0 0.5134010018664412 9.521335350755336e-06 0.6137868023203532 0.5117690015684591 17.30043755407886 18.0 -18.636953006984065 1.0004595898716033 56943.182 57032.15 7 15 "Minimization exited successfully."
01303883 38 0.2591 57286.17816812449 3.16831885314256e-05 0.7137659048535627 0.299999983623127 0.0 0.39716166284051724 6.811904792111689e-07 0.2751935442269806 0.5129997245315321 47.27932829160974 34.0 -18.872669980702753 0.9122810505554284 57265.227 57356.127 7 31 "Minimization exited successfully."
01303952 21 0.5626 57288.58456888285 5.7133898210992575e-06 0.05927925591272043 0.29999933725613465 0.0 1.6868427231966052 7.306957378341862e-07 1.5098386867459592 0.5131188116889144 8.59279477483135 17.0 -18.9971949211598 1.0260099948295043 57249.286 57373.057 7 14 "Minimization exited successfully."
01304127 0 0.7286 nan nan nan nan 0.005 nan nan nan nan nan nan nan nan nan nan 0 0 "Empty table passed to fit_lc."
01304442 9 0.2171 56965.375393700226 4.364760058734596e-05 1.208769657164412 0.2999999998791381 0.0 0.5051634172305057 1.3387301112791059e-06 0.41518556113344474 0.5127845855625854 3.9309402911018716 5.0 -18.785463184025353 0.830526977834154 56943.114 57012.24 5 4 "Minimization exited successfully."
01304678 29 0.2188 56963.17627522948 8.497007454886519e-05 -2.120425941496779 -0.2999715530762555 0.0 0.6865156295207271 4.180199684680755e-06 0.6765127157263799 0.5290149674269877 4.476899448000795 25.0 -19.5251302751158 1.563772558513957 56949.328 57033.168 6 23 "Minimization exited successfully."
01305504 16 0.4956 56974.02871505609 6.594204343335353e-06 -0.6604274727880344 0.2992460387141331 0.0 0.5931467896334652 4.5241919919281093e-07 0.5311508288179723 0.5431004182866833 9.581799751890037 12.0 -18.819714327453884 1.162258242497085 56943.3 57052.047 6 10 "Minimization exited successfully."
01305626 26 0.3257 56974.96854225627 2.930400211151041e-05 -0.4469169080420041 -0.0443990444720706 0.0 0.2438040593660844 2.118664332791119e-06 0.18383212897557089 0.052182814463584665 17.45758348909776 22.0 -19.355135476691324 1.1422913768050407 56949.15 57045.061 7 19 "Minimization exited successfully."
01306029 20 0.4289 57279.72580820375 8.465993642448045e-06 0.357511524413741 0.2999998971285959 0.0 1.721247851713997 4.809748872000584e-07 0.9932148642801177 0.532615707282956 18.721141941319395 16.0 -18.716038662637743 0.9732040006870832 57248.395 57355.217 6 14 "Minimization exited successfully."
01306073 27 0.3286 56972.61148256789 2.688756134055226e-05 -1.4604888116477501 -0.1523524068859287 0.0 0.00025871767502394505 4.4508952077165764e-06 0.3947764439654121 0.11496247702955151 9.003993348759446 23.0 -19.284598249035078 1.3739766907645539 56949.15 57045.061 6 21 "Minimization exited successfully."
01306141 16 0.3324 56978.196793480376 1.7943663589162218e-05 0.03967228571262105 0.296862933355505 0.0 1.1029285507829627 3.9834795455787055e-06 0.6667279807201807 0.5897149398918491 11.250116345360302 12.0 -18.879124809038395 1.0297228751343397 56949.344 57051.151 3 13 "Minimization exited successfully."
01306360 21 0.4494 57277.954726309436 1.7178304627152307e-05 -0.1313164353268732 -0.2739375987007331 0.0 2.190636769300909 1.828828787639875e-05 1.4010367876481948 0.32845740512742033 5.3098321498621 17.0 -19.603665083926337 1.0924664871825058 57250.337 57355.245 4 17 "Minimization exited successfully."
01306390 17 0.407 57281.15962351868 7.805750750938812e-06 0.2582902521044854 0.2966525341728498 0.0 3.309664647007594 3.267069938867051e-06 1.4845794713239848 0.30159141668938866 5.4797998716082486 13.0 -18.49251068754512 0.9907452881463215 57253.408 57355.23 3 14 "Minimization exited successfully."
01306537 20 0.4795 57291.21679184543 8.3552709384066e-06 1.9999773321374654 0.29999995595557144 0.0 0.0006615774909732863 5.172500857214546e-07 3.1665490499896567 0.3644592370705566 15.135453732815947 16.0 -18.993085430303704 0.7023748607409352 57265.371 57365.19 5 15 "Minimization exited successfully."
01306626 20 0.4095 57284.77200873199 1.183311740587667e-05 -0.22354804538155726 0.2619772551931883 0.0 0.0005688994497177191 7.514890472612445e-07 0.9345966523686624 0.026084943686001727 12.947640555734733 16.0 -18.95863018138779 1.080233130721556 57255.418 57355.245 4 16 "Minimization exited successfully."
01306785 12 0.5787 57281.73710659308 6.308213999542401e-06 0.5327570947286628 0.27776382196503974 0.0 3.6157710655461415 9.047945046572472e-06 3.855447063117465 0.4402858114948608 7.657409755098433 8.0 -19.17879278806934 0.9440111311310915 57248.426 57311.114 6 6 "Covariance may not be accurate. Covariance not positive definite. Covariance forced positive definite."
01306980 24 0.5489 57279.67603645236 5.947082673063431e-06 -1.322394191784659 0.2891166708729394 0.0 1.9893956242740387 3.4567604765861628e-06 1.2568766142445913 0.30385155161849975 15.519245509635269 20.0 -18.974718231932624 1.30270327802819 57252.236 57372.039 6 18 "Minimization exited successfully."
01306991 20 0.4217 57288.76123459615 1.0437009761890549e-05 -0.8288004049717181 0.2954733313824615 0.0 2.2984697370193317 1.0309180362422233e-05 1.4426223875731625 0.30097082646973117 6.912889835787078 16.0 -18.898676903900366 1.1965657812474397 57265.217 57365.044 6 14 "Minimization exited successfully."
01307277 19 0.4107 57284.756190264925 1.0806375323338392e-05 0.3388528661083128 0.2385972099934987 0.0 2.183991078101826 4.244666608834019e-05 1.5173750162528545 0.5125062873477673 5.257932515167924 15.0 -18.867370569272662 0.9795194441731745 57256.299 57365.115 5 14 "Minimization exited successfully."
01307830 15 0.3493 57286.18974447225 1.0263748214767166e-05 -2.0962230029093645 0.29828676168679463 0.0 0.6954403742529394 2.5317866069532458e-06 0.6203797779917386 0.4647498133702407 13.846561172907057 11.0 -18.39742789262211 1.490183116018887 57265.301 57365.135 2 13 "Minimization exited successfully."
01308314 19 0.4065 56978.75913735435 9.680905509465433e-06 1.35878564696017 0.2999014290306918 0.0 0.9434448813735798 9.902918133977704e-07 0.6172903111299002 0.3906150733775916 14.015960157105502 15.0 -18.724223623779693 0.806191877815646 56943.185 57051.151 6 13 "Minimization exited successfully."
01308326 31 0.3262 56975.9987044794 4.00731937621579e-05 0.0841323514649237 -0.22526747933963204 0.0 0.44971673296095105 6.2228995040408686e-06 0.3513511596796288 0.10845216134757277 31.108038925098626 27.0 -19.701580485744937 1.0485545528510336 56956.145 57045.113 8 23 "Minimization exited successfully."
01308568 21 0.6431 57289.597194696165 9.447006781876377e-06 1.9987231057119343 -0.29967291328917095 0.0 2.2862911045303917 8.439084035652409e-07 4.270726230184538 0.4873758365224288 17.2334797682547 17.0 -19.89863928043768 0.7179338665739508 57256.271 57379.066 7 14 "Minimization exited successfully."
01308582 15 0.3669 57288.612578526096 3.687439911710944e-05 -0.22471968094773764 -0.29521210489127087 0.0 1.3341913885087706 1.4643407729354743e-05 0.7627466460245926 0.47889637711464517 4.406593477364427 11.0 -19.911585976511752 1.112023011737648 57265.24 57366.076 4 11 "Minimization exited successfully."
01308884 38 0.0772 57293.52394888939 0.0003288133735578708 -1.5273513730901596 0.054590341283311805 0.0 0.03363159651780734 6.6805293824745535e-06 0.03826305246169781 0.01374937414976421 218.0370940639665 22.0 -18.532102261263418 1.3716954923436688 57276.324 57355.251 12 26 "Minimization exited successfully."
01308957 18 0.6187 57238.33409089538 1.641375101721354e-06 1.9999995932751489 0.29999992678836934 0.0 0.0022554869210580364 6.077618868616243e-07 3.198491776231937 0.593942341510697 60.85034504022584 14.0 -17.896238187232886 0.7023712125594592 57253.336 57373.057 0 18 "Minimization exited successfully."
01309288 30 0.2684 56989.84414032897 3.2970940271470627e-05 0.43690894850558193 0.29999996169274595 0.0 0.7494631739427859 1.3051575148081987e-06 0.5593661495447071 0.5124298289919857 6.926950982073671 26.0 -19.00329531822798 0.9594393129008161 56961.361 57061.067 9 21 "Minimization exited successfully."
01309492 17 0.3335 56993.189760271285 1.9126658531903873e-05 0.4237244309345414 0.29131955237046253 0.0 0.2560709434801538 4.380254552092955e-06 0.1858220367421819 0.5360395207926005 26.587267741869326 13.0 -18.956913966862196 0.9621399126151644 56966.23 57067.046 6 11 "Minimization exited successfully."
01309749 0 0.7893 nan nan nan nan 0.01 nan nan nan nan nan nan nan nan nan nan 0 0 "Empty table passed to fit_lc."
01310338 19 0.4388 56977.85745158778 2.4390027195811404e-05 -0.2928473520415107 -0.29738599069354776 0.0 1.1400769026768103 4.697535937367435e-06 0.6360624115435118 0.5980879306886637 10.759844607946034 15.0 -19.92294657255897 1.1257827758655843 56949.119 57052.042 4 15 "Minimization exited successfully."
01310395 35 0.289 56981.118873575644 1.8766503955675032e-05 -0.5613262072077685 0.29999835814569603 0.0 0.3920523362576205 3.2396434690024e-07 0.32130090654768173 0.08249206158018085 41.07605506459221 31.0 -18.57529588286259 1.1426002034403062 56956.208 57052.042 8 27 "Minimization exited successfully."
01312274 14 0.438 56978.0712195241 1.744573447357567e-05 -1.7818324977972884 -0.2965980675741708 0.0 2.3085896473639878 6.5731564656640314e-06 1.3651590602177857 0.36407252548321545 3.8135419956844405 10.0 -19.553540804891803 1.469080105878426 56960.265 57045.113 3 11 "Minimization exited successfully."
01313594 28 0.2883 57002.2665987111 4.5752521598516066e-05 0.6857197263883124 -0.07487450432685808 0.0 0.33193063402723055 6.773536263997294e-06 0.26066894561588283 0.10193051821200189 5.121012879283235 24.0 -19.53303221913574 0.9328206725773782 56973.04 57051.058 10 18 "Minimization exited successfully."
01314897 15 0.3369 57301.02309338358 1.8872082261414682e-05 0.9361641647484835 0.2999997843420607 0.0 0.5065149299553013 8.743602191962908e-06 0.4794995056091622 0.5999997357729767 16.49803087605402 11.0 -18.96878695502048 0.8752110514511315 57273.363 57373.072 5 10 "Covariance may not be accurate. Covariance not positive definite. Covariance forced positive definite."
