analysis_pipeline/fit_results/des_5_sn91bg_salt2_phase_red.ecsv
# %ECSV 0.9
# ---
# datatype:
# - {name: obj_id, datatype: string}
# - {name: num_points, datatype: int64}
# - {name: z, datatype: float64}
# - {name: t0, datatype: float64}
# - {name: x0, datatype: float64}
# - {name: x1, datatype: float64}
# - {name: c, datatype: float64}
# - {name: z_err, datatype: float64}
# - {name: t0_err, datatype: float64}
# - {name: x0_err, datatype: float64}
# - {name: x1_err, datatype: float64}
# - {name: c_err, datatype: float64}
# - {name: chi, datatype: float64}
# - {name: dof, datatype: float64}
# - {name: b_max, datatype: float64}
# - {name: delta_15, datatype: float64}
# - {name: tmin, datatype: float64}
# - {name: tmax, datatype: float64}
# - {name: pre_max, datatype: int64}
# - {name: post_max, datatype: int64}
# - {name: message, datatype: string}
# schema: astropy-2.0
obj_id num_points z t0 x0 x1 c z_err t0_err x0_err x1_err c_err chi dof b_max delta_15 tmin tmax pre_max post_max message
[from data line 51]
01295305 18 0.4566621396946052 56885.41271733913 5.551115123125783e-18 1.249929523766297 0.48955164035492404 0.32083339784314324 0.011895382369402796 0.0 3.1841842670354836e-06 0.0003005809620261479 1331.0576892113681 5.0 -16.037099712319268 1.456432346021483 56890.285 57005.143 0 18 "Covariance may not be accurate."
01295921 13 0.39285286758281907 56879.024631901346 5.551115123125783e-18 0.7639801275263166 5.827569406574584e-05 0.6188970591050001 20.95700812049472 0.031076300595853354 0.44616731375567553 0.6116994983830829 180.5288451807937 2.0 -16.600997900594272 2.0101450678336263 56890.393 56990.201 0 13 "Covariance may not be accurate."
01296273 16 0.3915261233127544 56907.10169774137 1.665334536937735e-17 1.1615499321328056 0.44976072593545324 0.6157401578911974 28.69193546105089 0.03074811529864508 0.4381354917755733 0.6977761188470366 1400.8583611545685 6.0 -16.92462732018758 1.5190108974740042 56903.391 57003.049 1 15 "Covariance may not be accurate."
01296321 25 0.4584991586388988 56900.26504506316 2.4424906541753446e-16 1.0021036967256656 0.49785192677295637 0.3654421947092982 24.581267394642055 0.0008889007764986704 0.4123413008035937 0.709906594724175 3550.6814741616668 15.0 -20.13593490303159 1.6693460862356169 56915.269 56990.188 0 25 "Covariance may not be accurate."
01296657 24 0.45924591902834605 56906.69832597589 1.8318679906315084e-16 0.6500000000004692 0.07509560726484688 0.6515096125670958 28.37561922212626 0.03266968259679984 0.39203645331864423 0.7085470015903733 4999.913981834419 15.0 -20.675428464362223 2.260656352211033 56904.225 56987.079 2 22 "Covariance may not be accurate."
01297026 29 0.48908176806051945 56907.72823054961 1.9984014443252818e-16 0.6500003365539135 0.5000332647774127 0.030834721757919042 1.0242935585301893 1.3877787807814457e-17 0.001549724310551226 0.01339636741563574 2178.106776023706 18.0 -20.08084321782536 2.260670235254427 56903.36 57001.099 2 27 "Covariance may not be accurate. Covariance not positive definite. Covariance forced positive definite."
01297465 32 0.4965032525658628 56897.26788744805 2.7755575615628915e-18 0.9879298010369593 0.3538765731230202 0.6438585840821609 24.508598250125942 0.03097389170467304 0.43597058210177025 0.7347701960734248 10627.392431039847 14.0 -15.788643102691061 1.6849816985121677 56912.258 57008.065 0 32 "Covariance may not be accurate."
01298281 29 0.4623372928610046 56900.265729368504 1.6098233857064772e-16 1.074869342803943 0.5001513229179029 0.5674456959880188 0.0002909054746851325 1.387778780781453e-18 0.0006529118795174371 0.0019820216351367215 3664.4841208348053 15.0 -19.69942693661747 1.5953900981110216 56915.269 57003.049 0 29 "Covariance may not be accurate. Covariance not positive definite. Covariance forced positive definite."
01298893 15 0.39643798040312844 56925.13966297859 5.551115123125783e-18 0.9384178797696474 0.001239141763400009 0.6196762111913612 29.475855236742063 0.031039736679369146 0.43111641543906704 0.5998384900727596 665.554440491506 10.0 -16.622466385757495 1.7439502524828256 56915.299 56992.068 3 12 "Covariance may not be accurate."
01299643 17 0.38992286273262344 56897.41991346923 2.7755575615628915e-18 0.650000001163734 0.14134340201827134 0.6349246959041099 27.821230499299418 0.03589698062730944 0.43075072397499536 0.5641370484733904 870.4704944071476 3.0 -15.580169666181913 2.2606588857517913 56912.35 57018.078 0 17 "Covariance may not be accurate."
01299775 23 0.484653035417487 56930.54101533961 1.1657341758564144e-16 1.1454469756708554 0.5415977088938986 0.6458793855002479 29.73731155231144 0.031356281474097664 0.44068162043756937 0.7275466786417745 1343.141187752024 18.0 -19.40438226215793 1.5321014420932606 56920.298 57004.045 3 20 "Covariance may not be accurate."
01299785 15 0.3940596373063163 56930.94926922653 1.1102230246251566e-17 0.8161710074027171 0.021755191148959407 0.6173600387618875 29.445089239932713 0.03084935594436626 0.4449817003898415 0.5485459472976045 329.6696111633639 6.0 -17.32672309656084 1.919063424573224 56920.298 57025.079 2 13 "Covariance may not be accurate."
01300516 36 0.4549693553502788 56928.287777700934 2.7755575615628915e-18 0.6500000011767132 0.0001744389164725635 0.6341944251650751 28.503393842132937 0.030922172127740087 0.37105477782134805 0.6093281426472867 2599.233823637319 19.0 -16.227222206764758 2.2606540682938814 56923.293 57025.093 4 32 "Covariance may not be accurate."
01300912 17 0.3912062141428846 56931.40911488139 8.326672684688675e-18 0.8491710017848431 0.48645637922793245 0.6172576329088055 29.56504995121577 0.030936827195120146 0.3962898571541706 0.7134036830143625 1910.2605310737913 8.0 -16.085362315514097 1.86768664537761 56920.245 57019.147 2 15 "Covariance may not be accurate."
01301933 31 0.4780581643857922 56948.90225224283 5.551115123125783e-18 0.7675811810215477 0.17496277887054934 0.6374421603801003 25.971575680512615 0.030759734386448405 0.4423150857780169 0.5851427857632094 24770.13074968257 25.0 -16.790962805432272 2.0034111798389134 56924.209 57025.117 8 23 "Covariance may not be accurate."
01302058 31 0.46385815994964413 56924.855034577 2.997602166487923e-16 0.6500000199838072 2.9063955142571984e-07 1.8720240505532004e-05 0.0005325263991835527 0.0 4.624540084208206e-09 0.004139943361328696 7215.384085135617 16.0 -21.361326388453868 2.260654016341853 56935.365 57025.079 0 31 "Covariance may not be accurate."
01302141 24 0.3966944794705186 57269.1540924408 5.551115123125783e-18 1.1899064223267786 8.902877634664463e-06 0.6180624915327417 28.89621443501528 0.03084195729645764 0.32016242135032696 0.6136672148301723 212.0987932521031 15.0 -16.626068727937305 1.4972682538435116 57248.411 57365.044 5 19 "Covariance may not be accurate."
01302187 31 0.47744217715877607 56910.33355170299 1.0824674490095277e-16 0.6706396328296566 0.011957685648867955 0.6372222349621434 24.402789123447292 0.030752206212864452 0.4104193267339155 0.5664441083699714 1473.6791078211 13.0 -20.311557354044997 2.210246817306004 56925.328 57019.148 0 31 "Covariance may not be accurate."
01302523 15 0.3926872340327899 57250.49317566817 1.3877787807814457e-17 0.7268076967364048 0.000923670424117784 0.617191893667741 23.296731548267417 0.030876747136846596 0.43747039734876353 0.6019312569017363 1384.545825316635 4.0 -17.593400658957304 2.084149785178038 57265.24 57366.076 0 15 "Covariance may not be accurate."
01302648 30 0.11818336692063751 56934.97470144325 2.1371793224034264e-16 0.6500000005012511 0.49871176627614144 0.6447778059376257 29.32996493302562 0.030827472538106374 0.3699223837377063 0.7111013391023447 2095.5356039224866 15.0 -16.650016599821733 2.2606710276619424 56925.162 57017.08 5 25 "Covariance may not be accurate."
01303004 37 0.8658304109196917 56920.52657569013 2.7755575615628914e-16 0.6500000004342044 0.31545735324447144 1.3439963673644861e-06 5.264901483315043e-05 1.3877787807814407e-18 1.2684192585155074e-10 0.04837384253846613 6431.174108758125 24.0 -22.33440134314203 2.260665879402559 56934.371 57033.047 0 37 "Covariance may not be accurate."
01303279 26 0.41406878401838587 56959.788454690366 1.2767564783189302e-16 1.0339404855860537 0.04072580830910322 5.325698754793384e-05 0.002049118855211418 0.0 3.627399420569333e-05 0.051657181364330146 2679.9389797110694 19.0 -20.07459188893145 1.6358099488290136 56943.237 57033.169 4 22 "Covariance may not be accurate."
01303496 22 0.899999973920508 56966.249580828495 1.3877787807814457e-16 0.6500002086819917 0.0782805011685207 1.015426964734445e-09 5.7107306929538026e-05 1.387778780781453e-18 2.3583978658869853e-09 0.21552910446707443 1913.5349644275905 17.0 -22.152440826198024 2.260655937533219 56943.182 57032.15 7 15 "Covariance may not be accurate."
01303883 38 0.597435878597089 57250.36431275898 1.0269562977782698e-16 0.650000024055682 0.0023919298980286108 0.655411937545095 23.57911562966183 0.03076414747093706 0.3692203776392137 0.5938223992013711 2525.2458029504605 24.0 -20.858286415766685 2.260654071207295 57265.227 57356.127 0 38 "Covariance may not be accurate."
01303952 21 0.39676313823124354 57257.56976104444 2.7755575615628915e-18 0.6500000000000095 1.0743143874503147e-08 0.6201931414126006 29.270026176785905 0.031090531144353898 0.3730864826629173 0.6148810225323474 111.82234053414638 10.0 -15.873945382811385 2.260654066516839 57249.286 57373.057 3 18 "Covariance may not be accurate."
01304127 0 nan nan nan nan nan nan nan nan nan nan nan nan nan nan nan nan 0 0 "Empty table passed to fit_lc."
01304442 9 0.6075153805177912 56936.66332965106 3.2196467714129544e-16 0.650000004828252 0.5000012126625492 0.6559443312953013 24.267139613541076 0.030746278600293407 0.36893754679089824 0.7103687855286027 3893.9881987331555 4.0 -21.16882260252997 2.260671068193993 56943.114 57012.24 0 9 "Covariance may not be accurate."
01304678 29 0.45553655260352616 56928.231238136636 1.1657341758564144e-16 1.1589221257961573 0.4986032312406004 0.4973430160624107 39.68589249796423 0.049641959418359416 0.34256132564807146 0.5607830612335262 453.2033335086482 12.0 -19.31416720055825 1.5211115131544446 56949.328 57033.168 0 29 "Covariance may not be accurate."
01305504 16 0.4327688012666239 56950.11646980319 5.551115123125783e-18 0.6501333520166579 0.0005180212552545749 0.6275345312553269 28.854426294830773 0.0308084918486167 0.3658936933825213 0.605232067955508 2091.8265662987906 8.0 -16.849618649223952 2.260319277675574 56943.3 57052.047 2 14 "Covariance may not be accurate."
01305626 26 0.4771101570229343 56934.12769321515 1.942890293094024e-17 0.9437287330318558 0.005287972371247396 0.6470341045265166 25.15629097263445 0.031627337924535884 0.4340484393319644 0.5831949471883766 12624.68215626315 12.0 -18.455471183442654 1.7372747451182065 56949.15 57045.061 0 26 "Covariance may not be accurate."
01306029 20 0.39543568565372583 57255.27195905203 0.0 1.2489232430143393 0.5000659674436532 0.0 0.0 0.0 0.0 0.0 0.0 -5.0 inf nan 57248.395 57355.217 2 18 "Hesse Failed. Covariance may not be accurate. Covariance not positive definite."
01306073 27 0.797337749961084 56934.13510535567 1.332267629550188e-16 1.0678296225958406 0.4615632161898081 0.6827120582988127 0.0004863886788371019 0.0 0.00029540240194336764 0.00018715373528854773 2225.4811775049543 17.0 -21.026570233102767 1.6021589896710466 56949.15 57045.061 0 27 "Covariance may not be accurate."
01306141 16 0.39393805438581675 56957.928074027106 2.7755575615628915e-18 0.6500000042658887 0.026266613085877577 0.6362007292625868 31.001030825351336 0.03476262501524427 0.41717624780913454 0.676174323550387 760.2772082358048 7.0 -15.813414819608692 2.2606547964121653 56949.344 57051.151 1 15 "Covariance may not be accurate."
01306360 21 0.38247714570836283 57234.42303403178 1.0269562977782698e-16 0.6500000033891604 0.6015948742548546 0.6141942692023655 24.692290453444002 0.030884810912069974 0.3706001351168565 0.6826279694540804 95.219832240329 6.0 -18.54912936275959 2.2606714323384693 57250.337 57355.245 0 21 "Covariance may not be accurate."
01306390 17 0.3920050193782055 57265.42742728765 2.7755575615628915e-18 0.650137509347884 0.0018218471560220717 0.6220470081954428 30.05970550983693 0.03152806089496144 0.37431171822406273 0.6324478248322201 87.54260391755174 9.0 -15.840092888826117 2.2603088775672298 57253.408 57355.23 2 15 "Covariance may not be accurate."
01306537 20 0.3921228086969289 57250.49518656054 1.1102230246251566e-17 1.2485698055400651 0.0011421151143423125 0.6207506675878307 24.04289405388772 0.03134428892352047 0.36303607370018237 0.62887284405249 345.28630832168284 8.0 -17.3470939537875 1.457290127219796 57265.371 57365.19 0 20 "Covariance may not be accurate."
01306626 20 0.3966105997324699 57241.892775148255 8.326672684688675e-18 0.7288581814678421 0.1983254445217022 0.6352265645799581 30.150910726810253 0.03382821776064042 0.31879794169084774 0.5984239087276169 345.4304411873079 7.0 -16.697428159916207 2.0798607859138727 57255.418 57355.245 0 20 "Covariance may not be accurate."
01306785 12 0.40298160418980894 57270.558213492885 3.053113317719181e-17 0.6500016060911464 0.48783341793445256 0.6190079710672096 20.39735543968709 0.0307483861562279 0.3685920528804881 0.7075357687397398 92.38686605588681 6.0 -17.568919979352863 2.2606665733802416 57248.426 57311.114 4 8 "Covariance may not be accurate."
01306980 24 0.3936934151838393 57270.94141641388 2.7755575615628915e-18 0.6500000000025151 1.2896267442830123e-08 0.619771830391349 29.646811600294313 0.031153620151693123 0.3738429612761224 0.6148768514539834 105.24692348631964 14.0 -15.853998341789236 2.260654066510604 57252.236 57372.039 4 20 "Covariance may not be accurate."
01306991 20 0.4282050298279037 57257.82797984691 1.942890293094024e-17 0.650000001009306 0.3850035391036488 0.6458761381822513 23.255240676313406 0.033413482005927926 0.4009532540810444 0.678296550229706 67.00291247064595 10.0 -17.457483915407238 2.2606674310352304 57265.217 57365.044 0 20 "Covariance may not be accurate."
01307277 19 0.3983895239663748 57241.29207108926 4.4408920985006264e-17 0.7492157193019002 0.09989260958155566 0.0008460012263187544 0.0001051673352776561 1.387778780781447e-18 0.0004447006511512641 0.1800765575004787 111.92546075870051 5.0 -18.724793273056953 2.0385565322887302 57256.299 57365.115 0 19 "Covariance may not be accurate."
01307830 15 0.363479935294509 57243.99833124693 1.1102230246251566e-17 0.7677412675142076 0.07312657271119494 0.6196336680405501 22.23562323952865 0.033274335200351175 0.3518074094379084 0.7076526396966005 593.3964531959791 2.0 -17.033053790832206 2.00310933998243 57265.301 57365.135 0 15 "Covariance may not be accurate."
01308314 19 0.3944656381962261 56956.659817067346 2.7755575615628915e-18 0.6500000000001599 0.00044749841987240524 0.6185221036811733 29.749125292277313 0.030971842355010593 0.3716622546789688 0.6237200960442348 786.7254750103764 9.0 -15.858324667968528 2.260654078660856 56943.185 57051.151 3 16 "Covariance may not be accurate."
01308326 31 0.49064675872098334 56976.55603262961 9.436895709313832e-17 0.650030873959264 0.49993211213770783 8.935980799246179e-05 33.56534584313704 1.387778780781447e-18 1.5870328686218294e-06 5.3980713270423974e-05 3065.5140853950784 26.0 -19.274768636050606 2.2605935497461616 56956.145 57045.113 8 23 "Covariance may not be accurate."
01308568 21 0.34071932202412153 57269.46457331843 8.326672684688675e-18 0.6506333758710516 0.23671356535858745 0.5997634930449135 25.793816443623655 0.030759013457359312 0.37717356928444995 0.7393562406936381 148.95334383457003 8.0 -16.221218825139708 2.259074791918678 57256.271 57379.066 3 18 "Covariance may not be accurate."
01308582 15 0.5382276784274269 57286.15969747167 1.3877787807814457e-17 0.7386922198443561 0.4559492683009848 0.002399836745763051 0.2789001654309686 1.3877787807814454e-18 0.03160671354172995 0.0007986035500701649 462.5168884804243 8.0 -17.53948107354985 2.059606943366113 57265.24 57366.076 3 12 "Covariance may not be accurate."
01308884 38 0.484077282915411 57292.18855191044 4.135580766728708e-16 0.6500000001877435 0.009593927986965789 0.6391725339012 29.607783033829037 0.030799156557286402 0.36958542187342486 0.6537317933286444 175564.57914208324 32.0 -21.806620281580397 2.260654329918683 57276.324 57355.251 11 27 "Covariance may not be accurate."
01308957 18 0.396850828131469 57260.76253726106 2.7755575615628915e-18 0.6500000000000772 0.12327591526941606 0.6192852439737441 29.0495598075031 0.03097848940876521 0.371742133027593 0.5517286636079567 58.816612384931034 7.0 -15.66060034417007 2.2606581380380604 57253.336 57373.057 2 16 "Covariance may not be accurate."
01309288 30 0.867301723638492 56963.74160243463 5.551115123125783e-18 0.6500000002902899 0.0009405421641334177 0.6125659177387479 27.785419444466243 0.030859792224503173 0.3703231604966445 0.6018112867107737 658.0393289117084 24.0 -18.687447361791392 2.260654091331322 56961.361 57061.067 4 26 "Covariance may not be accurate."
