analysis_pipeline/fit_results/des_5_sn91bg_color_interpolation_all.ecsv
# %ECSV 0.9
# ---
# datatype:
# - name: obj_id
#   datatype: string
# - name: num_points
#   datatype: int64
# - name: z
#   datatype: float64
# - name: t0
#   datatype: float64
# - name: x0
#   datatype: float64
# - name: x1
#   datatype: float64
# - name: c
#   datatype: float64
# - name: z_err
#   datatype: float64
# - name: t0_err
#   datatype: float64
# - name: x0_err
#   datatype: float64
# - name: x1_err
#   datatype: float64
# - name: c_err
#   datatype: float64
# - name: chi
#   datatype: float64
# - name: dof
#   datatype: float64
# - name: b_max
#   datatype: float64
# - name: delta_15
#   datatype: float64
# - name: tmin
#   datatype: float64
# - name: tmax
#   datatype: float64
# - name: pre_max
#   datatype: int64
# - name: post_max
#   datatype: int64
# - name: message
#   datatype: string
# schema: astropy-2.0
obj_id num_points z t0 x0 x1 c z_err t0_err x0_err x1_err c_err chi dof b_max delta_15 tmin tmax pre_max post_max message
[from data line 99]
01309288 44 0.3409117907985833 56996.82281677483 1.1102230246251566e-17 1.2310688812236519 0.4935916978434182 0.6521927287682312 79.94612192551358 0.03093745516032845 0.4113868411137927 0.7112363755085042 1234.7715542116318 39.0 -16.029305534738842 1.4690938395479023 56961.361 57061.067 17 27 "Covariance may not be accurate."
01309492 61 0.5634857663190448 57019.501244724255 5.551115123125783e-18 0.8390131547133897 5.307310146918098e-12 1.89230696131526e-05 0.0027444101360742934 0.0 1.2457421483924591e-05 0.0006191150006709112 52324.840955117965 56.0 -17.53970001213556 1.8840897822712748 56963.255 57067.046 36 25 "Covariance may not be accurate."
01309749 70 0.48240993536210663 56985.70663894598 5.551115123125783e-18 0.9576151152277588 0.4186283239246648 0.6381729904381728 96.98703708455287 0.030746308150044886 0.42793087826102877 0.6888601281037328 2937.885253354598 65.0 -16.338805378724516 1.721008794946954 56949.35 57067.046 21 49 "Covariance may not be accurate."
01310338 63 0.8800350445469293 57002.45721265062 1.3877787807814457e-17 0.9244519004290143 0.0003654938785761508 0.598459552591813 85.64259336573014 0.03076164904900288 0.4199924068498644 0.6067985136806398 3832.7295086559534 58.0 -19.722399727231522 1.7627463702990198 56949.112 57052.042 35 28 "Covariance may not be accurate."
01310395 70 0.6657603485982374 56971.980590710176 1.4155343563970747e-16 0.6796499907593803 0.7237215581521959 0.7104287414020223 81.9686111211231 0.03411072050899844 0.33593820532467117 0.7967333353161326 5775.128616700024 65.0 -20.093563596702786 2.1905871645207178 56956.203 57052.042 8 62 "Covariance may not be accurate."
01312274 62 0.6671070049651847 56994.378999563545 2.7755575615628915e-18 0.6500000011808237 0.0010490698444152735 0.6596275799230901 78.37953205014128 0.030815795675763046 0.3697783116282887 0.6010632989622284 1488.821076768931 57.0 -17.23251031059374 2.262339182270132 56956.141 57052.1 23 39 "Covariance may not be accurate."
01313594 54 0.522133763834952 56988.93340770052 9.159339953157542e-17 0.6573790312989691 0.0036421990900878942 7.960984582167097e-05 0.005612735632894328 1.387778780781447e-18 1.0695389521753196e-05 0.21238060014291812 9919.051220798654 49.0 -20.377316975528952 2.2439663397876792 56973.035 57051.058 12 42 "Covariance may not be accurate."
01314897 54 0.5980019945599458 57334.660660362504 2.7755575615628915e-18 0.650000000000022 0.0016584518584535357 0.657561286381902 84.81656137659957 0.03089249127708962 0.37070994717808986 0.597423570997375 3997.098380700111 49.0 -16.94145365956745 2.2623392021204154 57273.337 57373.072 36 18 "Covariance may not be accurate."
01315192 38 0.5351015086108245 57019.14067794176 9.436895709313832e-17 1.2497913650981638 0.499146503920025 0.6493050247523668 58.265384621390695 0.03086677469832774 0.373613379416946 0.7116958977644525 5185.169428593157 33.0 -19.503822372732337 1.4569270139699064 56987.193 57052.1 21 17 "Covariance may not be accurate."
01315259 44 0.6087392769261146 56993.024068495826 8.326672684688674e-17 0.6500000015861288 0.0034999142534630767 0.7013904290328898 55.82509504056361 0.03405433047083039 0.40866680392166765 0.6389673437166912 11398.124513086537 39.0 -20.678433132056977 2.262339249316657 56980.181 57049.073 10 34 "Covariance may not be accurate."
01315296 53 0.7347093246176514 56992.31820066677 2.7755575615628915e-18 0.8688501766544878 0.13137347165871094 0.6621622152689979 61.59716322397799 0.03111359685507895 0.40429318994724645 0.7268565921589671 1241.7323070692912 48.0 -17.262010850669608 1.839597579450789 56973.183 57049.072 15 38 "Covariance may not be accurate."
01316385 32 0.46936458895797223 57016.90435711764 2.609024107869118e-16 0.6500000000002436 0.018672271400777984 8.457806950717961e-06 0.0007405325995932799 0.0 5.420802695610405e-11 0.031224751078978097 5272.323579381005 27.0 -21.211476883522337 2.2623396857564018 57001.175 57067.046 11 21 "Covariance may not be accurate."
01316431 39 0.8535094136653794 57022.715844619575 1.304512053934559e-16 0.6500004198065561 0.07080655776391909 0.6578612208563875 49.15841183428347 0.032632364627546706 0.39135712957907964 0.509269530855714 41022.606462337506 34.0 -21.955852754443647 2.262340276972889 57001.16 57052.1 20 19 "Covariance may not be accurate."
01316437 49 0.5007726606644319 57021.14752266337 1.3877787807814457e-17 1.2256761087443748 7.567595330487675e-05 0.6417737000259847 63.83939128688871 0.030747625292881296 0.31359044862034663 0.6112473168638155 538.3802211162138 44.0 -18.224725816535425 1.4726616422666545 56980.192 57052.1 31 18 "Covariance may not be accurate."
01316465 41 0.5825023136697225 57021.77807730096 2.7755575615628915e-18 0.6500000003777977 0.0006431963461088763 0.7142373010780017 58.23418985787066 0.036214671803268754 0.4345835517419792 0.6041098152280576 51355.19808869299 36.0 -16.873660411659102 2.262339173065488 57001.175 57067.046 16 25 "Covariance may not be accurate."
01317164 35 0.5958206822076396 57307.84709841213 1.249000902703301e-16 0.6500000096360553 0.07697229239009251 0.7132231993692614 62.90919323214621 0.046445358181853566 0.5573708555537988 0.7093786657140175 2191.124517369015 30.0 -20.938887973849212 2.2623415225658263 57276.375 57355.165 11 24 "Covariance may not be accurate."
01317277 52 0.8999999999999734 57048.990149227255 2.7755575615628915e-18 1.249973056373436 0.003777264518374679 0.5575809103479199 55.9899803663975 0.03132476622907419 0.37763825135343526 0.5882471248780304 4774.093598186504 47.0 -18.029929621922577 1.4567967789285206 56987.071 57052.042 48 4 "Covariance may not be accurate."
01317286 54 0.5604070012295169 57027.83197614392 2.4424906541753446e-16 1.1589518780957502 0.9625580748314337 3.412776822447894e-05 0.00453490865038475 0.0 2.8214038148566267e-05 0.03321900404033162 21395.507658940376 49.0 -19.76638561019338 1.5215952473952647 56987.071 57052.042 38 16 "Covariance may not be accurate."
01317454 39 0.5111270940494553 57051.029789415334 2.7755575615628915e-18 0.6500000009194791 0.0003362067302132843 0.6450095719972734 49.17924761786344 0.030848484429446526 0.3701917669064903 0.607134067892591 1449.8233243234636 34.0 -16.530433871453898 2.2623391632206022 56987.028 57051.043 35 4 "Covariance may not be accurate."
01317666 47 0.47839912183009387 57298.75223644988 1.1934897514720432e-16 0.6718001791190635 0.006772221322670746 6.162358664740797e-06 0.0006621612374146935 0.0 1.5701258561651166e-06 0.0047647616969275775 19268.448006661773 42.0 -20.431071483907925 2.2090744245451077 57273.339 57356.106 16 31 "Covariance may not be accurate."
01319366 65 0.5594772535482271 57305.07664793445 1.1102230246251566e-17 1.249816348510853 0.06085439152982636 0.6036531216149452 80.85933861112426 0.0308517019434655 0.37462426494343987 0.7039809827541856 14763.29461527921 60.0 -18.17312508326515 1.4568986243435091 57276.312 57372.107 30 35 "Covariance may not be accurate."
01319821 49 0.8931579860637359 57017.79704221151 7.494005416219807e-17 0.9801522383206269 0.1756570377070628 0.5154813782442479 62.99194701335364 0.030905175332809884 0.41865111554592466 0.5850175949439831 4760.024292058957 44.0 -21.274437796127714 1.6945062965003856 56992.123 57067.103 18 31 "Covariance may not be accurate."
01320166 39 0.33412537932688635 57022.53658464609 4.4408920985006264e-17 1.0138532321227958 0.4964963523744115 0.2376810058885803 0.0059829489546245895 0.0 8.036894675877981e-05 0.00013507424772674081 924.5131987481707 34.0 -17.476376085485576 1.6574127775643568 56991.108 57049.049 20 19 "Covariance may not be accurate."
01322229 29 0.4971994614117694 57024.52750710722 5.551115123125783e-18 0.8689915235721992 0.0021846095428475487 0.6414820346760972 47.981625683703896 0.030776843381877916 0.40303937974925813 0.5947788867629359 3417.045815784239 24.0 -17.207832302974463 1.8393887309789498 57001.05 57052.048 16 13 "Covariance may not be accurate."
01322979 35 0.63127240077169 57023.43865829968 2.7755575615628915e-18 0.650000000137415 0.09245075667345048 0.6671491271821588 51.15800922049675 0.031320204320957126 0.37584639972668 0.5281959332192152 16461.43525976291 30.0 -16.931135212764985 2.2623421016457073 57008.04 57067.047 10 25 "Covariance may not be accurate."
01324542 38 0.5358282662414826 57042.96503633503 2.7755575615628915e-18 1.111620710743219 0.4962241798283967 0.0011945719371621588 25.565727734196116 0.0 0.00040012862916327663 0.0012944539161314494 1221.0304518526254 33.0 -15.685873662840159 1.5618707039686903 57011.085 57067.103 19 19 "Covariance may not be accurate."
01325358 32 0.49017186606212 57023.23332827873 5.551115123125783e-18 0.650253954629139 0.05437155892817813 0.660987927542809 53.76821889500934 0.03274069556630059 0.38710382794686515 0.697828954564926 1649.2383892020216 27.0 -17.084899253175678 2.2617019574834316 57005.241 57066.064 12 20 "Covariance may not be accurate."
01327978 54 0.6031285509936878 57302.52888097786 2.942091015256665e-16 0.6503528488697308 0.4749731703024746 0.0006419098744581131 0.48281068640426383 1.3877787807814407e-18 0.004557016270796743 0.00816815302780624 1364.5151116496695 49.0 -21.111923552296716 2.2614680164226115 57283.129 57373.043 24 30 "Covariance may not be accurate."
01328066 81 0.5340475628039819 57316.92796693301 8.326672684688675e-18 0.6500239308509316 0.0013430760398938646 0.6480844011637398 85.60598863214909 0.0307925944111085 0.36790685740336915 0.5992071618578765 1308.5401568349157 76.0 -17.83666710410396 2.262278974467989 57273.093 57379.051 43 38 "Covariance may not be accurate."
01328105 84 0.5035316215716571 57310.24587805347 2.7755575615628915e-18 0.6500000002079496 0.19028801915978005 0.6668649469623341 89.52346211666008 0.0329989877417471 0.39599306955363517 0.5939636337238209 1915.4753947802267 79.0 -16.141079521211953 2.2623464074444293 57273.093 57386.049 30 54 "Covariance may not be accurate."
01329166 71 0.8999998264796347 57346.67351994836 5.551115123125783e-18 0.6500163728693888 0.025080003108575055 0.5507222719988419 109.54642746707032 0.030930064519011827 0.3698236897557689 0.6749496839821523 2375.7629832099747 66.0 -18.74823222948592 2.2622986735983304 57268.251 57402.11 45 26 "Covariance may not be accurate."
01329196 82 0.189357054881234 57319.509175351566 2.7755575615628915e-18 1.1010075095403051 0.45285386336716255 0.6562662935063983 111.360586610881 0.03729676392470445 0.3553183783368448 0.7256634490501322 3616.4022862686115 77.0 -13.162623684606618 1.5714922339516626 57266.247 57406.112 32 50 "Covariance may not be accurate."
01329312 59 0.034360647530256264 57306.98003277557 7.771561172376097e-17 0.763255544933403 0.4953337251257697 7.961606581858433e-06 0.2863566868836642 0.0 1.2944776067280728e-05 2.365738149506802e-05 561.6049750912 54.0 -12.74934785389977 2.0127675662245785 57283.189 57389.086 17 42 "Covariance may not be accurate."
01329615 66 0.3078553543902182 57307.70889721293 2.7755575615628915e-18 1.2465087782880593 0.025386430207217814 0.5901311183519743 82.18380004238134 0.03126732934667559 0.3545554224024953 0.6752695373883629 1220.2572239556969 61.0 -15.188111425697159 1.4590218785517735 57278.298 57385.114 22 44 "Covariance may not be accurate."
01330031 66 0.5974397966720266 57300.842726292794 3.4416913763379854e-16 0.6500000000843704 4.6133756259614245e-09 1.2365414363002536e-06 0.000129308598843636 0.0 2.08706940618697e-11 0.00012349338269138088 64416.39012828219 61.0 -22.17513571202106 2.2623391560419073 57290.065 57376.047 13 53 "Covariance may not be accurate."
01330426 66 0.5021238514682739 57336.749609614235 1.7486012637846217e-16 1.2407677780568482 0.6423532643594512 6.699267243281959e-06 0.0008062202978180721 0.0 1.170968491281954e-06 0.010031979686609016 35299.226055129606 61.0 -19.753533551803926 1.462745805639873 57288.21 57387.185 31 35 "Covariance may not be accurate."
01330642 68 0.589647788373573 57322.88118889985 0.0 0.6610168518189444 0.5000093349667204 0.0 0.0 0.0 0.0 0.0 5591.755954526062 63.0 inf nan 57283.189 57406.1 27 41 "Hesse Failed. Covariance may not be accurate. Covariance not positive definite."
01330903 79 0.5205837233691208 57324.13129075281 0.0 0.6746655927289762 0.5001002014884999 0.0 0.0 0.0 0.0 0.0 947.1757852401885 74.0 inf nan 57276.312 57396.103 41 38 "Hesse Failed. Covariance may not be accurate. Covariance not positive definite."
01331123 66 0.8946553188049309 57348.82938573375 5.551115123125783e-17 0.650000294682886 0.0010104729148732172 0.5208573659416227 76.82112672171934 0.030981590436690604 0.37195841747187963 0.6013248145879055 9120.146756469203 61.0 -21.270851832300366 2.26233844261586 57297.03 57386.049 43 23 "Covariance may not be accurate."
01331993 64 0.5912083858244177 57338.583578680315 2.7755575615628915e-18 1.1409992425317026 0.019518239447367747 0.5919338088246642 95.06055489130085 0.03250982037721972 0.34867919142103004 0.5809023282400799 1705.0709143231852 59.0 -16.8826787725958 1.5363309213257352 57291.17 57408.04 29 35 "Covariance may not be accurate."
01332059 71 0.5312198423049681 57335.20938368676 0.0 0.8857505749069073 0.5104989374778094 0.0 0.0 0.0 0.0 0.0 1159.3448746287934 66.0 inf nan 57288.199 57403.103 35 36 "Hesse Failed. Covariance may not be accurate. Covariance not positive definite."
01332413 69 0.6030690973143612 57318.443342005434 5.551115123125783e-18 0.8895666827962257 0.5507231057437032 0.655905240571382 89.32667191896326 0.0307649675405623 0.4377103665730828 0.7212184658565519 1297.9856803298903 64.0 -16.657840002181487 1.8100671085832793 57297.151 57403.064 20 49 "Covariance may not be accurate."
01333246 56 0.5526134349261204 57332.71070355793 0.0 1.0128447283976534 0.5088448208110709 0.0 0.0 0.0 0.0 0.0 490.7283396982243 51.0 inf nan 57299.22 57403.103 25 31 "Hesse Failed. Covariance may not be accurate. Covariance not positive definite."
01333438 53 0.4839121974821523 57337.799383881335 9.992007221626409e-17 0.6517210605374667 0.5000720637531629 0.00021627342171720576 88.66008147071989 0.0 8.677173543081285e-06 9.735804474192422e-05 739.7315313185558 48.0 -19.300491549621544 2.2580363708266447 57297.346 57406.124 20 33 "Covariance may not be accurate. Covariance not positive definite. Covariance forced positive definite."
01334084 37 0.013532125306126573 57339.17798095883 2.525757381022231e-16 0.7927566694526845 0.5000755062118792 0.5715335134385133 65.70278325632171 0.03082585712166601 0.44465455234727247 0.7113995587885558 1518.6788657888055 32.0 -11.959697083042336 1.9593825502622124 57315.206 57396.104 13 24 "Covariance may not be accurate."
01334087 27 0.39599580193730316 57329.646775554625 1.9984014443252818e-16 0.9463865799464901 0.007740996049256543 0.6249970822074873 69.9640701611097 0.03176635630281851 0.4342576652218281 0.5762713610626005 2226.2710894776583 22.0 -20.500051296193593 1.7347658974109414 57311.299 57403.103 10 17 "Covariance may not be accurate."
01334302 64 0.8939184084886184 57350.41977828958 8.326672684688675e-18 0.6514338718986202 0.0017078072535187672 0.5814762411759582 87.21217767369308 0.03099083053250822 0.38405173931443426 0.59715978075998 1132.8386599880137 59.0 -19.20776264209639 2.2587385598210403 57301.033 57407.048 36 28 "Covariance may not be accurate."
01334423 56 0.5096488355308681 57329.71488849039 6.66133814775094e-17 0.655097821322377 0.5113603202448047 0.00010097534630842953 0.3296540828596335 0.0 1.2155259581203559e-05 0.0001086579370447871 1765.5817157779347 51.0 -18.97772656923604 2.249622458789446 57312.138 57408.057 16 40 "Covariance may not be accurate."
01334448 64 0.5562645850277247 57321.08783451645 8.326672684688675e-18 0.6500004494366712 0.1303213231629084 0.6770466586893409 75.2867991364692 0.032771949989983104 0.3930229091868988 0.7266138504919206 308.5163734391783 59.0 -17.71844503751253 2.262342458951153 57301.278 57402.056 20 44 "Covariance may not be accurate."
