analysis_pipeline/fit_results/des_5_sn91bg_salt2_phase_all.ecsv
# %ECSV 0.9
# ---
# datatype:
# - {name: obj_id, datatype: string}
# - {name: num_points, datatype: int64}
# - {name: z, datatype: float64}
# - {name: t0, datatype: float64}
# - {name: x0, datatype: float64}
# - {name: x1, datatype: float64}
# - {name: c, datatype: float64}
# - {name: z_err, datatype: float64}
# - {name: t0_err, datatype: float64}
# - {name: x0_err, datatype: float64}
# - {name: x1_err, datatype: float64}
# - {name: c_err, datatype: float64}
# - {name: chi, datatype: float64}
# - {name: dof, datatype: float64}
# - {name: b_max, datatype: float64}
# - {name: delta_15, datatype: float64}
# - {name: tmin, datatype: float64}
# - {name: tmax, datatype: float64}
# - {name: pre_max, datatype: int64}
# - {name: post_max, datatype: int64}
# - {name: message, datatype: string}
# schema: astropy-2.0
obj_id num_points z t0 x0 x1 c z_err t0_err x0_err x1_err c_err chi dof b_max delta_15 tmin tmax pre_max post_max message
[from data line 99]
01309288 44 0.5410285193784092 56985.745349921825 2.7755575615628914e-17 0.6500022489599848 0.45910857426480334 0.0030204171834978255 0.09900322965768282 1.387778780781447e-18 5.562677938275584e-05 0.0009493631141167802 1342.5461194947868 38.0 -18.298572591337027 2.2606639358644074 56961.361 57061.067 10 34 "Covariance may not be accurate."
01309492 61 0.4674366433556432 56948.25936558626 4.163336342344337e-16 0.7643286556186495 0.9613557069146688 9.0700015209777e-06 1.000126576400362e-05 0.0 5.713702131815435e-06 0.023826881545833012 50805.37497128832 31.0 -19.873208019052633 2.0095024006865394 56963.255 57067.046 0 61 "Covariance may not be accurate."
01309749 70 0.47541372610836974 56934.3529533768 8.326672684688675e-18 0.8416119236137053 0.07505762189665233 0.5536603405966164 24.470463948178804 0.03076994864188767 0.4428805112205837 0.5131845725748728 3968.7934708131006 32.0 -17.40945006771711 1.8791166009808506 56949.35 57067.046 0 70 "Covariance may not be accurate."
01310338 63 0.46232182765463814 56934.12039656373 2.7755575615628915e-18 1.097512161907699 0.5001528136270621 0.00018605446613267906 0.0002757908987405244 0.0 0.00012536823891040605 0.7278758532036371 4069.177702798869 32.0 -15.290767767806159 1.574118551889299 56949.112 57052.042 0 63 "Covariance may not be accurate. Covariance not positive definite. Covariance forced positive definite."
01310395 70 0.48324677154900153 56941.36489237908 5.551115123125783e-18 0.6500000034096631 0.009114377053078382 0.5891258896336662 27.595548768815206 0.03616292861479252 0.4339326617230011 0.572845843812027 7992.277031372385 41.0 -17.122517145916557 2.2606543084615076 56956.203 57052.042 0 70 "Covariance may not be accurate."
01312274 62 0.4771035611067058 56979.01658217632 4.9960036108132046e-17 0.650032304417721 0.4780667804134724 0.5609634295453947 20.334627258242108 0.03147978211082535 0.37581991998612657 0.7131996087936637 1538.778531623983 57.0 -18.563978546034765 2.26058912481502 56956.141 57052.1 12 50 "Covariance may not be accurate."
01313594 54 0.470850642425586 56958.247807922766 4.9960036108132046e-17 0.6522577986706597 0.0006014182049755012 1.0907301373208611e-05 8.185098704416305e-05 1.3877787807814438e-18 1.0334905326536692e-06 0.9234333466969182 12851.296063072747 37.0 -19.45392389814713 2.255003034187503 56973.035 57051.058 0 54 "Covariance may not be accurate."
01314897 54 0.4621085553089211 57258.337005250054 5.551115123125783e-18 1.2312653669340525 0.05810136311987241 0.5512423659833898 24.655594249416026 0.03082715238139977 0.4096796445196163 0.5031452480752194 3744.9431864229896 31.0 -16.924928753715278 1.4685334695022618 57273.337 57373.072 0 54 "Covariance may not be accurate."
01315192 38 0.15625891026784233 57000.314516814055 1.8873791418627663e-16 1.2390456848675595 0.06964287438794481 0.5577883789200886 29.556631097748323 0.030746488763423552 0.3326415212655966 0.706013113910269 8795.901663309289 33.0 -18.03428889838069 1.4634404320840382 56987.193 57052.1 7 31 "Covariance may not be accurate."
01315259 44 0.8499988184898 56993.666695677406 1.249000902703301e-16 0.6534012093512844 0.0004832497649098211 0.4997942952116068 30.65632850102702 0.032216838763474344 0.3652077551350474 0.6240603343487527 15093.095533907239 39.0 -22.014468051924638 2.252155163009572 56980.181 57049.073 10 34 "Covariance may not be accurate."
01315296 53 0.8499989316107689 56994.91434442838 8.326672684688675e-18 1.2244299382428414 0.0934214501354328 0.4797672302280382 28.627436738584947 0.030927772257945584 0.31352481437798957 0.5289916377043107 1312.8382718989196 48.0 -18.916897125815268 1.4730732282762986 56973.183 57049.072 15 38 "Covariance may not be accurate."
01316385 32 0.4707898099676078 57017.31462083983 2.3037127760972e-16 0.6500000000042738 0.11243292626565604 0.5739334457452518 31.667437631691428 0.033517064276884376 0.4022055496467804 0.5438277222745254 11912.864002927632 27.0 -20.920736279243044 2.26065771011676 57001.175 57067.046 11 21 "Covariance may not be accurate."
01316431 39 0.46823851358687574 56989.42487312225 2.914335439641036e-16 0.6500000002468412 1.865913756837756e-09 3.1076847905597837e-06 8.783075099927373e-05 0.0 9.766104591690805e-11 0.000827852635354287 53098.692834231064 34.0 -21.35518642652784 2.2606540658967624 57001.16 57052.1 0 39 "Covariance may not be accurate."
01316437 49 0.48692314534896863 56998.28883024822 0.0 0.9591849206057126 0.500096948688415 0.0 0.0 0.0 0.0 0.0 0.0 -5.0 inf nan 56980.192 57052.1 11 38 "Hesse Failed. Covariance may not be accurate. Covariance not positive definite."
01316465 41 0.47573574521547946 56986.26613247597 1.1657341758564144e-16 0.8846155835408962 0.11514904512175783 2.8211059190652588e-06 1.3904322258895263e-05 0.0 2.1344006066459364e-06 0.061260425192721374 52611.436595124804 30.0 -20.203257612761295 1.8161098609886785 57001.175 57067.046 0 41 "Covariance may not be accurate."
01317164 35 0.1792681468045861 57292.17725353659 5.88418203051333e-16 0.6500004862562744 0.49529085593304895 6.93312046929212e-05 0.11559077557103592 0.0 2.0286506574596075e-07 0.000172645939185756 3272.271081580298 25.0 -18.74718387746801 2.2606696727933056 57276.375 57355.165 5 30 "Covariance may not be accurate."
01317277 52 0.487417477439788 56999.29677773487 5.551115123125783e-18 1.209627579259959 6.181405507238447e-05 0.5567014028202744 29.56185594326962 0.03081776316960408 0.3030974066318744 0.611602623091317 4804.206861726199 47.0 -17.159294399547058 1.4831552057187452 56987.071 57052.042 13 39 "Covariance may not be accurate."
01317286 54 0.42778926706532305 56998.96034440038 8.881784197001253e-17 1.2130278974095492 0.0046334383737814955 0.5419024603895388 29.483315611985745 0.030746334775681117 0.30024301321337127 0.6424324313770674 25233.502616447113 49.0 -19.823500007279456 1.4808037472363722 56987.071 57052.042 14 40 "Covariance may not be accurate."
01317454 39 0.48517558612582457 56996.572977339754 1.3877787807814457e-17 1.1108880943981956 0.005329669232638445 0.5653899148109868 29.875862619934196 0.031753140478696346 0.45589120110349207 0.5830659356128892 1464.4870734381 34.0 -18.13378706887184 1.5619423674635478 56987.028 57051.043 10 29 "Covariance may not be accurate."
01317666 47 0.43551867865750177 57259.58822132296 1.582067810090848e-16 0.6500000002421316 0.11890949486971403 0.5525050045869904 29.120150195187307 0.041547965727596996 0.4985813064267343 0.7237779600203998 36891.49727497647 31.0 -20.298363443576505 2.2606579631561736 57273.339 57356.106 0 47 "Covariance may not be accurate."
01319366 65 0.3244532932201182 57293.923020586895 1.4432899320127036e-16 1.2394425424226032 0.05914083368514034 0.00034114287610223504 0.006566145701071946 0.0 0.024295976827497845 0.00028200561693472737 15972.746046323513 52.0 -19.55388813238015 1.463182178342688 57276.312 57372.107 18 47 "Covariance may not be accurate."
01319821 49 0.4691955815771792 56995.90858780264 2.7755575615628915e-18 0.6500000000011943 2.6180141976528404e-05 0.553480606494167 28.184921253858192 0.030888291674827 0.37065986625427505 0.6127658855257969 7337.70879478206 44.0 -16.307484903161324 2.260654067223644 56992.123 57067.103 4 45 "Covariance may not be accurate."
01320166 39 0.47078855647487056 56979.76020536675 2.7755575615628915e-18 0.6500000017469075 0.038416895126452355 0.5772641170016823 20.445784095521958 0.0341739521940188 0.4101030346732359 0.6869601681922075 2298.9115089832303 34.0 -16.25408935709874 2.260655165543234 56991.108 57049.049 0 39 "Covariance may not be accurate."
01322229 29 0.47289072887644884 57025.087860538224 5.551115123125783e-18 1.2004905562323167 0.02734769577459123 0.553104213806297 26.975656542697834 0.030769383913528018 0.42736313366388645 0.6772584534396697 4209.829908136061 24.0 -17.036577073911722 1.489592797934364 57001.05 57052.048 16 13 "Covariance may not be accurate."
01322979 35 0.07667952287873865 57019.31153868371 4.4408920985006264e-17 0.8570776248226001 0.5261391186071901 0.0008490475073886367 0.002646699227625504 0.0 6.318871602079001e-05 9.94263620193725e-05 17379.62467059819 30.0 -13.897995975845003 1.8559007139764319 57008.04 57067.047 10 25 "Covariance may not be accurate."
01324542 38 0.49254901967268533 57019.82779680789 0.0 0.8929842364991576 0.500140578247477 0.0 0.0 0.0 0.0 0.0 0.0 -5.0 inf nan 57011.085 57067.103 7 31 "Hesse Failed. Covariance may not be accurate. Covariance not positive definite."
01325358 32 0.2669374632071532 57020.97369491101 2.7755575615628915e-18 0.6631411515151192 0.5147061939266563 0.48329959802352646 29.87398577205022 0.031108360316935674 0.3323551323095451 0.7183463056870328 2014.3958372445227 26.0 -13.870560737564482 2.2282686172484425 57005.241 57066.064 12 20 "Covariance may not be accurate."
01327978 54 0.48474289241430135 57298.63876113702 1.304512053934559e-16 0.9042888483209369 0.08549921868481536 0.555622418809387 29.594251537608216 0.030768706677120113 0.4142402305550749 0.5222138513012262 1746.7116296131949 45.0 -20.428931674916146 1.7888099980324803 57283.129 57373.043 20 34 "Covariance may not be accurate."
01328066 81 0.11538960773392468 57288.6308224926 4.9960036108132046e-17 1.2481270463522038 0.22587928795040946 0.03021262167212701 0.03730045442353003 0.0 7.768480793968191e-05 0.0010189919543470982 1501.180824212417 57.0 -15.559922890801904 1.4575817295829552 57273.093 57379.051 16 65 "Covariance may not be accurate."
01328105 84 0.4763791340544402 57288.0614812057 1.3877787807814457e-17 1.2008322625077557 0.00021875820037015048 0.5537073527159121 29.593391892292857 0.030754325228659545 0.31153802274072 0.6210965542817535 1963.4458237455297 60.0 -18.09417380610084 1.4893482619869651 57273.093 57386.049 15 69 "Covariance may not be accurate."
01329166 71 0.47137372357653046 57253.27830459173 2.7755575615628915e-18 1.0314468578523694 0.0020192858839185868 0.5534697374298415 25.106080881512753 0.030838081343271786 0.4031349454351089 0.5955732230005689 1951.4044092824797 26.0 -16.31640146309725 1.638362791413492 57268.251 57402.11 0 71 "Covariance may not be accurate."
01329196 82 0.4710516441193624 57251.26729210209 2.7755575615628915e-18 0.9945624463557896 0.061237512219838475 0.5512324698411541 36.209440436257864 0.04482578341751063 0.38485209862173625 0.7017271432802024 3323.3492416538916 27.0 -16.21680275362999 1.6775941170792201 57266.247 57406.112 0 82 "Covariance may not be accurate."
01329312 59 0.0901451405588786 57297.246475225766 5.551115123125783e-18 1.2482248730239025 0.46709933309929397 0.06277311538730845 0.04735745857396978 0.0 9.837876790030897e-05 0.002918703680116541 2566.699246168697 37.0 -12.13233190419933 1.4575242656244605 57283.189 57389.086 8 51 "Covariance may not be accurate."
01329615 66 0.48010698947624214 57289.40274317854 1.1102230246251566e-17 1.146328533860228 0.0012812062372486999 0.5597553130345668 29.789781812167348 0.031274367814519984 0.3490772034227649 0.6296802903519196 1377.6140400652537 49.0 -17.87053540433238 1.5313568024239679 57278.298 57385.114 10 56 "Covariance may not be accurate."
01330031 66 0.48911163416389564 57275.06518116415 7.882583474838612e-16 0.666995129395015 0.0019847762728582574 6.117753539619519e-06 1.3513017620425671e-06 1.387778780781416e-18 1.5824698272326465e-06 0.0057545571484972635 83311.99687844186 46.0 -22.54603066139243 2.2189576383682343 57290.065 57376.047 0 66 "Covariance may not be accurate."
01330426 66 0.475749743303723 57289.9965619335 2.8588242884097783e-16 0.6500001688946724 0.6876637468225059 1.6996698373156205e-05 0.000994628615444526 0.0 1.6737939811939384e-08 0.04999506288968669 43175.6546699037 42.0 -20.0525691874067 2.2606714364076907 57288.21 57387.185 4 62 "Covariance may not be accurate."
01330642 68 0.29934614570724993 57296.72534821717 5.551115123125783e-18 1.2359801506645636 0.16091726441784543 0.5748277760128989 29.57183829283531 0.030746231502353345 0.4038675707217713 0.5766633531443596 5307.634032541841 41.0 -15.622357979445884 1.465441854174248 57283.189 57406.1 8 60 "Covariance may not be accurate."
01330903 79 0.48519455583417537 57292.01403856793 2.7755575615628915e-18 0.9563091933283194 0.12927614777690044 0.5717798662848678 30.9722626489056 0.03252637399194871 0.43568511906739965 0.7263696961805943 924.5060178265995 58.0 -16.16940738626996 1.721801870829946 57276.312 57396.103 18 61 "Covariance may not be accurate."
01331123 66 0.40384576336342365 57282.030588119414 1.582067810090848e-16 1.2331638543261827 0.32039165194080393 0.5351757191554545 24.6617070969005 0.030746232875538862 0.3234158502834437 0.6550499603647593 9428.315603283303 38.0 -19.70311523838845 1.4672924353993686 57297.03 57386.049 0 66 "Covariance may not be accurate."
01331993 64 0.5078366829287776 57276.25447823716 3.053113317719181e-17 0.6508936267499297 0.006086135526396308 0.5599530752314107 23.81249698380998 0.030756232171649994 0.37861136466812 0.6462488531414213 1956.167611835593 32.0 -19.107904133818728 2.2584131329481103 57291.17 57408.04 0 64 "Covariance may not be accurate."
01332059 71 0.4768969818837405 57293.873848028124 2.7755575615628915e-18 0.6500000003970594 0.0018825369451194174 0.5550978321593198 28.635197161947872 0.03087777216790001 0.37052673280468806 0.5962541526029159 1111.2097059380553 46.0 -16.3469477720053 2.2606541167164202 57288.199 57403.103 7 64 "Covariance may not be accurate."
01332413 69 0.4659327702598001 57282.151084430116 0.0 1.1634767729439361 0.5001538801249646 0.0 0.0 0.0 0.0 0.0 0.0 -5.0 inf nan 57297.151 57403.064 0 69 "Hesse Failed. Covariance may not be accurate. Covariance not positive definite."
01333246 56 0.4752572563475599 57284.226959129446 5.551115123125783e-18 1.23268761959724 0.013845971511613708 0.5617145049983853 25.522665495362162 0.03161470533286571 0.4191006545254264 0.6609057299992129 419.76808199790986 32.0 -17.0714975717484 1.4675958650190815 57299.22 57403.103 0 56 "Covariance may not be accurate."
01333438 53 0.4975861562566211 57282.3521371707 8.049116928532386e-17 0.9171792984640117 0.009458150220290173 0.5603163783728399 24.97871591609146 0.030961323759635173 0.41924768473012913 0.6534745460360006 1002.5436366039872 26.0 -20.101727308225723 1.771475676056756 57297.346 57406.124 0 53 "Covariance may not be accurate."
01334084 37 0.47885037719882206 57329.09809716842 2.1094237467877976e-16 1.2153735182943914 0.15897782366660923 0.5541591551218955 29.58199778188282 0.030747262211590482 0.3021347282560714 0.7322280032140047 3499.392037051768 32.0 -20.77796609626509 1.4791991022606368 57315.206 57396.104 9 28 "Covariance may not be accurate."
01334087 27 0.5380552031937909 57330.474200317076 1.1102230246251566e-17 0.7400918731110658 0.0021575108579364732 0.6166194912680238 34.40906533150701 0.03798001362347254 0.3018970289695086 0.6339503994942516 2915.2013920123795 22.0 -18.16735885410538 2.056755579706966 57311.299 57403.103 10 17 "Covariance may not be accurate."
01334302 64 0.4646037576801561 57286.039546864515 2.7755575615628915e-18 0.9979100965195058 0.022733892646982834 0.5613389553679939 25.751251506906556 0.031905329976883744 0.4456489367667817 0.5469869623360775 1169.0875450005267 34.0 -16.245540120966712 1.6739097496010764 57301.033 57407.048 0 64 "Covariance may not be accurate."
01334423 56 0.4771474040390543 57312.75059526743 2.7755575615628915e-18 0.6500000632036573 0.00916827125468711 0.5724279211246222 27.690758263990574 0.032941041659594134 0.39538315071062125 0.5727165068659312 3323.584353550615 39.0 -16.33674768796728 2.2606541598102226 57312.138 57408.057 4 52 "Covariance may not be accurate."
01334448 64 0.48576541829156555 57287.59669499383 2.7755575615628915e-18 0.6500000001047019 0.0025121409138705864 0.5600503999209275 21.533544325367984 0.03117394167411716 0.3740907802505123 0.5932859171518777 329.2311483556632 35.0 -16.39398778553388 2.260654134635736 57301.278 57402.056 0 64 "Covariance may not be accurate."
