analysis_pipeline/fit_results/des_4_sn91bg_color_interpolation_all.ecsv
# %ECSV 0.9
# ---
# datatype:
# - name: obj_id
#   datatype: string
# - name: num_points
#   datatype: int64
# - name: z
#   datatype: float64
# - name: t0
#   datatype: float64
# - name: x0
#   datatype: float64
# - name: x1
#   datatype: float64
# - name: c
#   datatype: float64
# - name: z_err
#   datatype: float64
# - name: t0_err
#   datatype: float64
# - name: x0_err
#   datatype: float64
# - name: x1_err
#   datatype: float64
# - name: c_err
#   datatype: float64
# - name: chi
#   datatype: float64
# - name: dof
#   datatype: float64
# - name: b_max
#   datatype: float64
# - name: delta_15
#   datatype: float64
# - name: tmin
#   datatype: float64
# - name: tmax
#   datatype: float64
# - name: pre_max
#   datatype: int64
# - name: post_max
#   datatype: int64
# - name: message
#   datatype: string
# schema: astropy-2.0
obj_id num_points z t0 x0 x1 c z_err t0_err x0_err x1_err c_err chi dof b_max delta_15 tmin tmax pre_max post_max message
[from data line 162]
01336009 51 0.455 57375.5868576283 8.326672684688675e-18 0.7367135903463492 3.2477688954868356e-06 0.0 68.84891972122932 0.030796212007434775 0.3395824641599866 0.6141656568467447 2465.0218430592527 47.0 -17.42047829019299 2.0649733315191767 57325.01 57403.052 35 16 "Covariance may not be accurate."
01336453 38 0.455 57315.43198038141 2.5535129566378603e-16 0.6500000000381532 0.167835426592028 0.0 52.02503367135432 0.03212171044149018 0.38546270625424567 0.5808896177149816 20494.217367638856 34.0 -20.834221490918623 2.26234527685833 57329.169 57403.103 0 38 "Covariance may not be accurate."
01336480 36 0.455 57310.24054876597 2.1649348980190555e-16 1.2492307129607418 0.25140938735720675 0.0 58.58889786404325 0.03074646746726794 0.37781210389710135 0.7396633722996651 3062.2321909999814 32.0 -20.466630884587122 1.457281473366482 57325.115 57403.103 0 36 "Covariance may not be accurate."
01336687 45 0.455 57374.82446617888 5.828670879282072e-17 0.650001103443928 0.03462014278610187 0.0 0.0008240398710768204 0.0 1.5185393442695982e-08 0.9584769111253159 12161.454418495525 41.0 -19.477285087504253 2.262337385142118 57327.063 57403.064 29 16 "Covariance may not be accurate."
01337117 47 0.455 57374.796881428134 8.326672684688675e-18 1.2033653622633902 0.00363497791367845 0.0 67.08775638802399 0.03161249207258908 0.4378690506586002 0.5887687957069622 2691.2031743978237 43.0 -17.414743150259977 1.4879978100522315 57329.028 57403.051 31 16 "Covariance may not be accurate."
01337221 54 0.455 57360.49168957383 2.7755575615628915e-18 0.6500035712991087 0.4623862542923613 0.0 69.35647180236992 0.030750909170848578 0.36863225005612543 0.7011745848466472 905.6442182804499 50.0 -15.33872691900406 2.262346068093361 57325.023 57407.048 23 31 "Covariance may not be accurate."
01337228 54 0.455 57359.950712117854 2.7755575615628915e-18 0.650010626663073 0.5000852525162418 0.0 69.24004232083098 0.030817378115490644 0.3708730675352453 0.7112946425562139 383.69527619826647 50.0 -15.249404844179125 2.262329724502518 57325.023 57407.048 23 31 "Covariance may not be accurate."
01337272 48 0.455 57381.431251395734 0.0 0.7752227589198266 0.5001112342837304 0.0 0.0 0.0 0.0 0.0 1023.3809704874272 44.0 inf nan 57325.068 57427.057 32 16 "Hesse Failed. Covariance may not be accurate. Covariance not positive definite."
01337325 48 0.455 57379.241808362494 2.7755575615628915e-18 0.6500000000158584 0.0015199349670704798 0.0 85.3653462831644 0.030862385504483218 0.3703499375054157 0.5981847995149251 918.6590290975003 44.0 -16.22528355948326 2.262339198241257 57325.068 57427.057 32 16 "Covariance may not be accurate."
01337649 36 0.455 57375.66632765324 1.249000902703301e-16 0.6500000002992607 0.0010534765644591992 0.0 63.15399274203446 0.03216395768069656 0.38597356443169556 0.6010337396608676 11115.690924690025 32.0 -20.359050885651612 2.2623391846105037 57339.162 57408.057 20 16 "Covariance may not be accurate."
01337655 42 0.455 57347.60991677992 2.7755575615628915e-18 0.6500000000006056 0.1994892518837973 0.0 0.001512812072178349 0.0 1.487147072154471e-10 0.17759768566717088 2622.977827003807 38.0 -15.856768773867273 2.262346901413455 57325.078 57408.041 15 27 "Covariance may not be accurate."
01337687 47 0.455 57363.76832708735 6.938893903907228e-17 0.8149036263773193 0.5050523087357965 0.0 0.20131201219192008 0.0 1.830765587068628e-05 3.4114879196023296e-05 9326.64886518015 43.0 -18.736402466706583 1.9221959096222783 57339.295 57425.154 12 35 "Covariance may not be accurate."
01337703 58 0.455 57375.37572465226 6.383782391594651e-17 0.6893409952073396 0.5000976842708168 0.0 83.4612398055433 0.0 2.3031895873049102e-05 7.03533885720864e-05 994.3238992696852 54.0 -18.653704967301856 2.168154354566063 57325.12 57425.154 35 23 "Covariance may not be accurate. Covariance not positive definite. Covariance forced positive definite."
01337838 42 0.455 57378.0598841779 8.326672684688674e-17 0.6506256005279987 0.03268343349165104 0.0 73.65008853631298 0.030746266644768146 0.36067036074488285 0.5326027282784026 13405.444813370254 38.0 -19.86774683759659 2.2607672618242205 57339.148 57427.068 22 20 "Covariance may not be accurate."
01338128 42 0.455 57384.33927004065 0.0 1.1068271765452382 0.5001050840086722 0.0 0.0 0.0 0.0 0.0 3149.3099031691195 38.0 inf nan 57339.019 57407.048 26 16 "Hesse Failed. Covariance may not be accurate. Covariance not positive definite."
01338170 42 0.455 57358.46330491417 6.383782391594651e-17 0.7151915764938407 0.48551189113361315 0.0 0.8305740450814483 0.0 9.324117070308446e-05 9.726922267846994e-05 414.4690535033452 38.0 -18.68908508528294 2.110392495648391 57339.019 57407.048 11 31 "Covariance may not be accurate."
01338233 52 0.455 57380.8167320028 0.0 0.6800393855896602 0.5001024860915108 0.0 0.0 0.0 0.0 0.0 268.26470089457314 48.0 inf nan 57319.276 57427.057 36 16 "Hesse Failed. Covariance may not be accurate. Covariance not positive definite."
01338266 80 0.455 57359.058494372686 2.7755575615628915e-18 1.2484545863411536 0.017588052920099406 0.0 68.34734341835792 0.03089580959130213 0.3832976681614287 0.6661871259608171 675.2372142315583 76.0 -16.199619682772898 1.4577709575966544 57339.033 57427.068 25 55 "Covariance may not be accurate."
01338278 40 0.455 57355.82197661551 2.7755575615628915e-18 1.2274069933149874 0.509620842857477 0.0 76.06672457420427 0.04505378629691881 0.5680236209758773 0.7068692559141108 842.7650350269846 36.0 -15.234279312821986 1.4715216400709714 57339.033 57427.057 12 28 "Covariance may not be accurate."
01338387 41 0.5838 57418.489152999726 0.0 0.659066746429882 0.9726239325328017 0.0 0.0 0.0 0.0 0.0 1750.647246205057 37.0 inf nan 57329.169 57428.056 40 1 "Hesse Failed. Covariance may not be accurate. Covariance not positive definite."
01338430 37 0.5089 57413.74723462487 3.4416913763379854e-16 0.6502109648479838 0.5386048487457147 0.0 0.04806285376253072 1.3877787807814407e-18 0.011801839929327484 0.024607749080308106 1612.8409894264205 33.0 -20.712372924036533 2.2618258675200984 57339.117 57428.056 36 1 "Covariance may not be accurate."
01338471 46 0.5309 57424.90421482727 0.0 0.9287336432125923 0.9964450934125453 0.0 0.0 0.0 0.0 0.0 361.037902934416 42.0 inf nan 57319.134 57428.056 45 1 "Hesse Failed. Covariance may not be accurate. Covariance not positive definite."
01338675 34 0.455 57378.023160100565 2.7755575615628915e-18 0.6500000000010162 0.053641247593805785 0.0 0.001515075819042977 0.0 2.0847990001016115e-10 0.15418755222502253 12928.596380427802 30.0 -16.139727467586024 2.262340761068657 57339.046 57408.041 19 15 "Covariance may not be accurate."
01339002 36 0.455 57375.80956832531 8.326672684688675e-18 0.6500229824959423 0.5001005778463012 0.0 68.47454331993504 0.0 3.4235769690860174e-06 0.0005996035030519931 1859.454543685363 32.0 -16.442183839773676 2.2622986323806558 57345.071 57427.068 16 20 "Covariance may not be accurate. Covariance not positive definite. Covariance forced positive definite."
01339149 36 0.455 57376.57921508031 5.551115123125783e-18 0.650025096271651 0.15707892646497773 0.0 69.46009246446556 0.031731806203534586 0.3790536718382998 0.5742751382929564 1216.1929742626457 32.0 -16.69949252299137 2.262281616966117 57345.068 57427.068 17 19 "Covariance may not be accurate."
01339392 29 0.455 57374.87261939273 1.8318679906315084e-16 1.2473675592125586 0.019919283416354183 0.0 67.24167876178035 0.030746820463418777 0.35167279901384646 0.669132647334437 924.3808005004464 25.0 -20.744705171424293 1.4584693369127244 57345.331 57426.147 12 17 "Covariance may not be accurate."
01339450 51 0.455 57368.99003852778 2.7755575615628915e-18 1.2499486745443864 0.014369768928379545 0.0 70.99227404589328 0.03096293702774785 0.3691835796658655 0.6616933368415218 298.6797662367387 47.0 -16.204808740078718 1.4568126481334254 57339.281 57426.147 20 31 "Covariance may not be accurate."
01340454 43 0.455 57372.595817994355 1.1934897514720432e-16 0.7909889024256024 0.512984863361592 0.0 0.06429012338412576 1.387778780781453e-18 0.012526214834989169 0.028370729379191023 1668.3399035352422 39.0 -19.31256372602523 1.9624534509863345 57345.312 57425.153 15 28 "Covariance may not be accurate. Covariance not positive definite. Covariance forced positive definite."
01341370 32 0.455 57392.685653090055 1.3877787807814457e-17 1.2392619183103355 0.0020291549459767744 0.0 51.811071743144566 0.030747881572066694 0.39997998014815667 0.5955249496127097 2099.89181027485 28.0 -17.971904612635853 1.4637103171719126 57347.076 57403.052 24 8 "Covariance may not be accurate."
01341894 28 0.455 57386.59597732052 2.7755575615628915e-18 1.2401375787932412 0.443108638082727 0.0 56.056155888010835 0.03350740674025975 0.4348839779728266 0.6959252423532838 2770.4055732156794 24.0 -15.381746453144672 1.4631532598624197 57365.051 57427.057 12 16 "Covariance may not be accurate."
01342255 25 0.455 57415.5829378266 1.3766765505351941e-15 0.8920470599505044 0.500034101585642 0.0 57.08950020709017 0.030746585764632427 0.41052467253157654 0.7103803112024736 33729.5407808432 21.0 -21.98818980171339 1.8065977504472457 57365.107 57428.056 24 1 "Covariance may not be accurate."
01343208 36 0.455 57391.108210874736 2.7755575615628915e-18 0.6669809452793202 0.4863281345190694 0.0 23.66412783089254 0.0 0.0005066197908826786 0.0026088872855961898 3635.0755280305007 32.0 -15.282810882720241 2.2206132283028097 57355.251 57426.117 22 14 "Covariance may not be accurate."
01343337 31 0.455 57393.911821185946 1.0269562977782698e-16 0.6500315874503955 0.04723802317355347 0.0 49.44331420569506 0.03074662928428961 0.36712204784498065 0.5148089383478675 1181.219326632453 27.0 -20.071113053742312 2.262261070392757 57372.223 57426.147 15 16 "Covariance may not be accurate."
01343401 24 0.455 57390.69645594917 1.2212453270876723e-16 0.6500000018647175 0.16450582473314768 0.0 50.53430622494852 0.03233433164239752 0.38799676334330035 0.5788679387372613 993.9101634769016 20.0 -20.04029331105283 2.2623451127775205 57372.046 57427.057 12 12 "Covariance may not be accurate."
01343533 31 0.455 57407.04787612393 0.0 0.6631728472583802 0.5000928806666015 0.0 0.0 0.0 0.0 0.0 464.6755748630762 27.0 inf nan 57365.036 57407.048 30 1 "Hesse Failed. Covariance may not be accurate. Covariance not positive definite."
01343759 32 0.455 57394.038995594245 5.551115123125783e-18 0.6500352307413942 0.38384619449933516 0.0 59.82243271171683 0.03802977944455575 0.4540422989253058 0.677914846816756 12004.150250425491 28.0 -16.256807640100988 2.2622640716222833 57365.133 57426.118 17 15 "Covariance may not be accurate."
01343871 28 0.455 57376.75428581019 5.551115123125783e-18 0.6500175886850406 0.08271429625407911 0.0 49.7380655845991 0.03187852029491613 0.3839881517776966 0.5199788056997984 814.9716481762943 24.0 -16.841477731729086 2.2622974892105816 57355.223 57408.057 12 16 "Covariance may not be accurate."
01344692 28 0.455 57358.32235761113 2.7755575615628915e-18 0.6553140458727554 0.4990901658330212 0.0 54.47706733077939 0.030849912089739667 0.3451558574019503 0.7114722186247161 358.64129927146143 24.0 -15.251785260984363 2.249086345929026 57366.054 57427.068 0 28 "Covariance may not be accurate."
01345553 24 0.455 57391.8712929877 1.0269562977782698e-16 0.6500000006866473 0.05714362435931586 0.0 51.58866051165023 0.033636251765530756 0.4036253821587164 0.6994500722097018 2142.6225263338747 20.0 -20.0542335752811 2.262340873596937 57372.046 57427.057 12 12 "Covariance may not be accurate."
01345582 28 0.455 57387.27441578368 2.7755575615628915e-18 1.2339109374560175 0.004759385275178107 0.0 57.06257956195259 0.03616693468652574 0.3786309278861923 0.6427873819201095 1678.371579814126 24.0 -16.220158230318084 1.4672082979197256 57365.051 57427.057 12 16 "Covariance may not be accurate."
01345594 23 0.455 57393.19499614731 2.7755575615628915e-18 0.6500000002970292 0.0011658428609946925 0.0 50.14177063928946 0.030911178354822814 0.3709284714391185 0.6002992548587721 812.6061978628373 19.0 -16.225842339951743 2.2623391877262655 57372.046 57427.057 12 11 "Covariance may not be accurate."
01346137 28 0.455 57415.09226960283 6.66133814775094e-17 0.6500048460478951 0.05539707747389416 0.0 51.58495952943849 0.03369527018007079 0.4051536986712249 0.6984365057530642 1575.181547038929 24.0 -19.5872526637335 2.2623286233590747 57375.046 57425.153 24 4 "Covariance may not be accurate."
01346387 28 0.455 57407.462088989974 0.0 0.6500009877817571 0.5000259902806446 0.0 0.0 0.0 0.0 0.0 16444.148388657813 24.0 inf nan 57372.127 57426.118 23 5 "Hesse Failed. Covariance may not be accurate. Covariance not positive definite."
01346956 20 0.455 57415.82167873956 3.663735981263017e-16 0.650000009356279 0.8323636184438437 0.0 48.10633041797337 0.04169037299184307 0.5002491990939608 0.7335564627409249 6318.662958959016 16.0 -19.923735799846163 2.2623566716229178 57387.178 57426.147 16 4 "Covariance may not be accurate."
01346966 27 0.455 57388.73709479305 0.0 1.005069410745561 0.5000968674546752 0.0 0.0 0.0 0.0 0.0 5962.780614889823 23.0 inf nan 57376.057 57426.147 11 16 "Hesse Failed. Covariance may not be accurate. Covariance not positive definite."
