analysis_pipeline/fit_results/des_4_sn91bg_color_interpolation_all.ecsv
# %ECSV 0.9
# ---
# datatype:
# - name: obj_id
#   datatype: string
# - name: num_points
#   datatype: int64
# - name: z
#   datatype: float64
# - name: t0
#   datatype: float64
# - name: x0
#   datatype: float64
# - name: x1
#   datatype: float64
# - name: c
#   datatype: float64
# - name: z_err
#   datatype: float64
# - name: t0_err
#   datatype: float64
# - name: x0_err
#   datatype: float64
# - name: x1_err
#   datatype: float64
# - name: c_err
#   datatype: float64
# - name: chi
#   datatype: float64
# - name: dof
#   datatype: float64
# - name: b_max
#   datatype: float64
# - name: delta_15
#   datatype: float64
# - name: tmin
#   datatype: float64
# - name: tmax
#   datatype: float64
# - name: pre_max
#   datatype: int64
# - name: post_max
#   datatype: int64
# - name: message
#   datatype: string
# schema: astropy-2.0
obj_id num_points z t0 x0 x1 c z_err t0_err x0_err x1_err c_err chi dof b_max delta_15 tmin tmax pre_max post_max message
[from data line 54]
01296321 51 0.455 56933.92110336717 1.2767564783189302e-16 1.1484842449394717 0.013391323814929468 0.0 60.67215861691875 0.030746318320996734 0.440267489691664 0.6602074672144891 5194.124032109971 47.0 -20.363276039312776 1.5301017390871579 56915.265 56990.188 16 35 "Covariance may not be accurate."
01296657 32 0.455 56963.851247925486 9.992007221626409e-17 0.6500000000119601 0.007842890903852484 0.0 79.18789136925625 0.03469871073219471 0.41638584791591554 0.5760079531794046 6470.5675205685175 28.0 -20.106013049601323 2.2623393750963707 56904.221 56987.079 25 7 "Covariance may not be accurate."
01297026 56 0.455 56932.77906344487 5.551115123125783e-18 1.0339468533612206 0.4996211242662213 0.0 82.37329896161464 0.030898195365752994 0.44209025630877924 0.7121992328834135 8231.664030158687 52.0 -16.003050173437632 1.6364709109539675 56903.237 57001.099 17 39 "Covariance may not be accurate."
01297465 62 0.455 56938.13649365338 9.992007221626409e-17 1.249999478537848 0.4739820888503754 0.0 0.0027947271046286914 0.0 0.0002034631259728581 0.00017149990934600678 9353.018939099697 58.0 -19.202760685433308 1.4567929092634486 56912.258 57008.065 21 41 "Covariance may not be accurate."
01298281 58 0.455 56940.000830217214 5.551115123125783e-18 0.9254595083813209 3.756277520000628e-05 0.0 70.53195220975249 0.031867933283846274 0.4402044317514658 0.6174945771410547 8293.83077589789 54.0 -16.980196099440516 1.7614301058515132 56915.265 57003.049 16 42 "Covariance may not be accurate."
01298893 22 0.455 56949.13983244685 1.1379786002407856e-16 0.6500000136769436 0.06685246237143788 0.0 0.003852075882605277 0.0 1.574113300817359e-08 0.10344712739244658 1633.9640337062738 18.0 -20.148886096222917 2.2623411643481717 56915.299 56992.068 12 10 "Covariance may not be accurate."
01299643 66 0.455 56945.57896140081 8.326672684688675e-18 1.1373576483265002 0.5122367838842873 0.0 0.8208871245260525 0.0 5.102855570260356e-05 0.00010905109279030212 5134.8094203089695 62.0 -16.422895869714367 1.5394164261796703 56912.344 57018.078 16 50 "Covariance may not be accurate."
01299775 37 0.455 56949.745074092774 1.942890293094024e-16 0.6500000000003199 0.0061732909221229315 0.0 0.002272389505378669 0.0 3.226201528150341e-10 0.6531603450008607 2502.897233899433 33.0 -20.830658511604383 2.26233932811094 56920.298 57004.045 9 28 "Covariance may not be accurate."
01299785 64 0.455 56963.94166934542 2.7755575615628915e-18 0.6500000015162911 0.0011940290534612763 0.0 84.98353408794355 0.03086961538490224 0.370422608216821 0.6001204606532041 1712.8245115572768 60.0 -16.225797870832476 2.2623391854383463 56920.291 57025.079 29 35 "Covariance may not be accurate."
01300516 69 0.455 56967.41916098438 2.7755575615628915e-18 1.1184599429216489 0.06012543864895403 0.0 87.92564787238007 0.03698215459166137 0.34327208072193044 0.7011217724610221 7002.09166374202 65.0 -16.128596479485527 1.5557667505958044 56923.288 57025.093 31 38 "Covariance may not be accurate."
01300912 65 0.455 56963.56428575192 2.7755575615628915e-18 0.6500000015558332 0.26085196061208876 0.0 82.92496192972976 0.03198738140730125 0.38383486758721413 0.6297767866533995 13181.45696528749 61.0 -15.721388263559419 2.2623501568126088 56920.196 57019.147 31 34 "Covariance may not be accurate."
01301933 61 0.455 56942.86479441315 5.551115123125783e-18 1.2210704294349328 0.2984453610312468 0.0 74.57746585266796 0.030904307440861364 0.30822676233606044 0.6467442849271842 43991.72445075349 57.0 -16.412074973772025 1.4757641326043505 56924.193 57025.117 11 50 "Covariance may not be accurate."
01302058 56 0.455 56960.03528443627 1.8873791418627663e-16 1.244002193386056 0.0021083312590402525 0.0 70.81476779803415 0.03074629441028821 0.39269105951263544 0.5951416689597941 10444.945397734076 52.0 -20.805626805863042 1.4606374510475924 56935.363 57025.079 12 44 "Covariance may not be accurate."
01302141 91 0.455 57283.07422471863 4.9960036108132046e-17 1.2122309066181056 0.6348981346008609 0.0 89.90780397610797 0.031933400111006933 0.30103694756789384 0.7529538969005263 238.2390131575534 87.0 -18.151276493050784 1.4818051100366247 57248.403 57365.044 28 63 "Covariance may not be accurate."
01302187 50 0.455 56962.72686267177 6.383782391594651e-17 1.0245247777174868 0.08963490556747372 0.0 76.8290192390632 0.030749792639817388 0.40672074130036623 0.5258644172539564 1521.2693387747115 46.0 -19.48076523556967 1.646181192409827 56925.328 57019.148 20 30 "Covariance may not be accurate."
01302523 56 0.455 57321.80772695699 2.7755575615628915e-18 0.6571833790130609 0.0004925002915940335 0.0 88.9878947380239 0.030951617135092868 0.3419165753812666 0.605476618331655 5643.003090041 52.0 -16.226904152969354 2.2444485301312866 57265.24 57372.059 34 22 "Covariance may not be accurate."
01302648 57 0.455 56963.009898851735 4.9960036108132046e-17 0.7673056345138562 0.007762869102743042 0.0 75.81799769288045 0.0307503106697215 0.4476690526083757 0.5762146814732423 5865.066932751179 53.0 -19.35356573690986 2.005144702109977 56925.158 57017.08 24 33 "Covariance may not be accurate."
01303004 72 0.455 56964.25126294826 1.4710455076283326e-16 0.6500000000067233 0.022035483402726264 0.0 79.03083330496156 0.03328447630507332 0.3994146763860484 0.5480962415487853 8529.255531040544 68.0 -20.503097271785236 2.2623397842623945 56934.371 57033.047 21 51 "Covariance may not be accurate."
01303279 43 0.455 56985.840969654826 1.942890293094024e-16 0.6500231196747774 0.31070436685565683 0.0 78.57950228653499 0.03310667795975975 0.39552927327482984 0.6511994676029051 6495.453473714488 39.0 -20.25127601411552 2.2622929005653347 56943.23 57033.169 18 25 "Covariance may not be accurate."
01303496 41 0.455 57004.68486632343 1.0547118733938988e-16 1.220819252529087 0.023045444189117137 0.0 78.0070652605209 0.03127047260495753 0.3119803389190478 0.6727581441681423 7540.482704447399 37.0 -20.14022227074775 1.4759246706941092 56943.178 57032.15 32 9 "Covariance may not be accurate."
01303883 73 0.455 57287.3200807948 2.1094237467877976e-16 0.652561049132905 0.5117385529027695 0.0 70.56443443514218 0.030746411845158077 0.35191052496189124 0.7130103769399313 7568.47241084304 69.0 -19.932925205404757 2.2559357971651117 57265.223 57356.127 18 55 "Covariance may not be accurate."
01303952 84 0.455 57288.23807825463 4.718447854656916e-17 1.2063746797339658 0.037357240596573915 0.0 94.30636456748834 0.030746619233054794 0.4244777540210462 0.6861245964514597 390.81385723862127 80.0 -19.24331092340816 1.485873363391363 57249.279 57373.057 30 54 "Covariance may not be accurate."
01304127 83 0.455 57276.95835407669 1.3877787807814457e-17 1.0411837586128827 0.4961657729767191 0.0 13.975665842055605 0.0 0.00012113101063437881 0.00021327177627408767 427.1185670021091 79.0 -17.006398561729696 1.6291139539190418 57249.279 57373.058 20 63 "Covariance may not be accurate."
01304442 16 0.455 56962.573699232125 3.358424649491099e-16 0.6503688621614786 0.5001075281034199 0.0 74.28927171668329 0.030800295416001783 0.3757957717394188 0.7110832117206599 2585.7906736063705 12.0 -20.456333181564588 2.261428725128223 56943.114 57029.056 8 8 "Covariance may not be accurate."
01304678 49 0.455 56979.76207864576 2.7755575615628915e-18 0.6500000003871669 0.005852195769564583 0.0 74.9857049250677 0.03127974242533674 0.37535037909650865 0.6456713297136116 877.4955700557816 45.0 -16.218423583432575 2.262339318121981 56943.23 57033.168 16 33 "Covariance may not be accurate."
01305504 60 0.455 56995.72803623753 0.0 0.8778046707956826 0.5102373549653455 0.0 0.0 0.0 0.0 0.0 11414.31854642032 56.0 inf nan 56943.192 57052.047 32 28 "Hesse Failed. Covariance may not be accurate. Covariance not positive definite."
01305626 55 0.455 57024.5160161853 0.0 0.6500001879605867 0.5000932502795191 0.0 0.0 0.0 0.0 0.0 41034.31290796299 51.0 inf nan 56949.125 57049.055 43 12 "Hesse Failed. Covariance may not be accurate. Covariance not positive definite."
01306029 74 0.455 57293.96317953471 2.7755575615628915e-18 0.6500000000256699 0.0005672098284465465 0.0 86.68489362895343 0.030890168752730353 0.37068036773210034 0.6047767900083482 1936.6338363334646 70.0 -16.226786368394357 2.2623391718514796 57248.388 57355.217 34 40 "Covariance may not be accurate."
01306073 56 0.455 57048.98799677528 5.551115123125783e-18 0.650000014803691 0.0008819017886372293 0.0 73.1263933495502 0.03129265106791735 0.37547105316070095 0.6022329211467805 6283.739689282548 52.0 -16.97886519899788 2.2623391433636684 56949.124 57049.056 55 1 "Covariance may not be accurate."
01306141 65 0.455 56979.52116454938 3.33066907387547e-17 1.0507167347212687 0.30892592768134597 0.0 79.31559772018227 0.030759097311740178 0.39574533024043396 0.6505298187606025 4387.183529866559 61.0 -18.339551420401772 1.6195570085681652 56949.337 57051.151 15 50 "Covariance may not be accurate."
01306360 76 0.455 57290.0064788851 2.7755575615628915e-18 0.6500000027734733 0.0010530003678123068 0.0 84.89858628805814 0.03094397354159832 0.371310355654752 0.6010369309923376 613.9663461615181 72.0 -16.226020352366426 2.2623391783710645 57249.423 57355.245 22 54 "Covariance may not be accurate."
01306390 68 0.455 57290.839011050426 2.7755575615628915e-18 0.6500000431116101 0.33265594709503127 0.0 84.60858383900631 0.035708688875463745 0.4284246965651818 0.7366996551446688 455.97560438605143 64.0 -15.599940198069731 2.262351423205235 57253.401 57355.23 20 48 "Covariance may not be accurate."
01306537 76 0.455 57320.25994624111 2.7755575615628915e-18 0.6500000000009186 0.0016379719725754804 0.0 88.54633406766152 0.030845500698704596 0.3701463254331814 0.5975341370336167 2354.974518535191 72.0 -16.22509722545066 2.262339201550411 57265.363 57372.241 45 31 "Covariance may not be accurate."
01306626 73 0.455 57281.14332599961 1.4988010832439614e-16 0.6747634761568799 0.509599915851883 0.0 84.3675834579517 0.03087815049578755 0.41532971116835826 0.7142568977462203 2086.5589559399214 69.0 -19.56529709112487 2.202068044880484 57255.41 57355.245 16 57 "Covariance may not be accurate."
01306785 42 0.455 57264.17482372271 4.163336342344337e-17 0.9049415509173258 0.23298147514915407 0.0 52.97976398604078 0.030755582259944972 0.41443228205640803 0.7393666997872678 215.16067494344085 38.0 -18.720106376674096 1.7888079624880184 57248.419 57311.114 14 28 "Covariance may not be accurate."
01306980 86 0.455 57290.74352935013 2.7755575615628915e-18 0.650000000163074 0.0017176221782428946 0.0 92.16393635580243 0.030927553487674123 0.37112643939577417 0.5971077618278342 371.8015280380735 82.0 -16.2249714710131 2.26233920335061 57252.229 57372.039 34 52 "Covariance may not be accurate."
01306991 72 0.455 57288.38791796521 2.7755575615628915e-18 0.7965535886198637 0.002740125606689403 0.0 76.32161618276587 0.032002609209258584 0.45874035831050264 0.6362885453818132 460.11927186564714 68.0 -16.22335601958072 1.952824137223626 57265.209 57365.044 20 52 "Covariance may not be accurate."
01307277 70 0.455 57291.976701182146 0.0 0.7527077275184955 0.5001255424855983 0.0 0.0 0.0 0.0 0.0 713.3781371138392 66.0 inf nan 57256.292 57365.115 26 44 "Hesse Failed. Covariance may not be accurate. Covariance not positive definite."
01307830 59 0.455 57293.99815181514 2.7755575615628915e-18 0.650000000010441 9.135989067449168e-05 0.0 85.38273948503047 0.03133487833198743 0.3760196302936979 0.6189249432385812 6562.778399172331 55.0 -16.227536186036463 2.262339158748741 57257.281 57365.196 19 40 "Covariance may not be accurate."
01308314 74 0.455 56976.94501360243 2.7755575615628915e-18 1.2203692290157262 0.5089365695695749 0.0 1.525018688498676 0.0 5.1205139304566494e-05 0.00019777128901454777 4711.78638656263 70.0 -15.235371775826565 1.4762423859978249 56943.178 57051.151 24 50 "Covariance may not be accurate."
01308326 63 0.455 56993.99407769724 2.7755575615628915e-18 0.6500000007881518 0.0012116716474758205 0.0 76.04588758682075 0.03247892779312192 0.3897371794493045 0.6000095850882687 10413.314518787927 59.0 -16.225770035333145 2.2623391877591423 56956.141 57045.113 27 36 "Covariance may not be accurate."
01308568 72 0.455 57320.21850719082 2.7755575615628915e-18 0.650000000000005 7.210582186889525e-08 0.0 100.15089180477298 0.030870271742296108 0.37044324450263866 0.6150375955083554 483.13707546164227 68.0 -16.227679973026945 2.2623391562560755 57256.269 57379.066 41 31 "Covariance may not be accurate."
01308582 57 0.455 57297.82229834539 5.551115123125783e-17 0.6503421190357614 0.17232833253586494 0.0 70.26914333512104 0.04594397878270906 0.5563217008161254 0.734212501967274 2019.9521703528678 53.0 -19.167932834773243 2.261484995651987 57265.24 57366.076 18 39 "Covariance may not be accurate."
01308884 48 0.455 57289.92252788788 6.605826996519682e-16 1.079516978947518 0.49857591088995934 0.0 61.07844309752545 0.03121161777137774 0.38408248588692556 0.7157066524865863 91281.65458363644 44.0 -21.194495273903506 1.5915660790782553 57276.324 57355.251 11 37 "Covariance may not be accurate."
01308957 72 0.455 57289.01682340323 2.4980018054066023e-17 1.017367729663839 0.0028338600586207963 0.0 92.682464425332 0.033946364249868126 0.41603000509956384 0.636638967833778 158.46323318368374 68.0 -18.608814019191456 1.653678310359986 57253.33 57373.057 24 48 "Covariance may not be accurate."
01309288 44 0.455 56998.73231180395 6.938893903907228e-17 1.2488517702932094 0.29466897073807485 0.0 0.029199708529631607 0.0 0.005717838735397995 0.0021583249510753744 831.4850492788612 40.0 -19.16072874100307 1.4575251505812261 56961.361 57061.067 17 27 "Covariance may not be accurate."
01309492 61 0.455 57019.49403288168 7.216449660063518e-17 0.8692958692669884 0.6624706131995637 0.0 0.008014644714421593 0.0 1.4046884812934923e-05 0.011557770921848343 48505.9182933257 57.0 -18.495145942607373 1.8389622400475787 56963.255 57067.046 36 25 "Covariance may not be accurate."
01309749 70 0.455 56996.4448153849 5.551115123125783e-18 1.0757695533229663 0.014116029743163894 0.0 93.23085181644274 0.030748097968328482 0.44352372181222743 0.6613139990662822 3074.2416860321973 66.0 -16.95779181929597 1.5951261702492374 56949.35 57067.046 29 41 "Covariance may not be accurate."
01310338 63 0.455 57000.64042683242 2.7755575615628915e-18 1.1408609267802252 0.0004862147883170631 0.0 85.47222716623946 0.030838424307067076 0.353351738340741 0.6055377926517489 4112.9828490004775 59.0 -16.226914172071517 1.5364466404410386 56949.112 57052.042 31 32 "Covariance may not be accurate."
01310395 70 0.455 56979.72335803086 8.326672684688675e-18 0.7168576147433615 0.5113657913327243 0.0 0.5735676156546106 0.0 6.413555537165827e-05 0.00016732200237778994 7548.1034093449425 66.0 -16.424291633773937 2.106784965330153 56956.203 57052.042 12 58 "Covariance may not be accurate."
01312274 62 0.455 56993.85293310535 5.551115123125783e-18 0.6500083331704876 0.09546177902240344 0.0 79.65164766169619 0.03207018043738938 0.38383278915391345 0.5306511096091021 1447.0125483399293 58.0 -16.818419984031852 2.262321243419148 56956.141 57052.1 23 39 "Covariance may not be accurate."
01313594 54 0.455 56990.730358892775 2.331468351712829e-16 0.7181435185016026 0.85875243240227 0.0 0.0018307821737835184 0.0 1.8201550583241133e-05 0.023683692652157362 10143.011293524485 50.0 -19.38473872814783 2.104009482955501 56973.035 57051.058 15 39 "Covariance may not be accurate."
01314897 54 0.455 57332.162775984834 2.7755575615628915e-18 0.6500000000017664 0.00024143098918066874 0.0 84.66369773716724 0.030937894785312052 0.3712551816509223 0.608332517180658 3991.025917066065 50.0 -16.227299768315213 2.2623391629129657 57273.337 57373.072 36 18 "Covariance may not be accurate."
