analysis_pipeline/fit_results/des_5_salt2_2.4_blue.ecsv
# %ECSV 0.9
# ---
# datatype:
# - {name: obj_id, datatype: string}
# - {name: num_points, datatype: int64}
# - {name: z, datatype: float64}
# - {name: t0, datatype: float64}
# - {name: x0, datatype: float64}
# - {name: x1, datatype: float64}
# - {name: c, datatype: float64}
# - {name: z_err, datatype: float64}
# - {name: t0_err, datatype: float64}
# - {name: x0_err, datatype: float64}
# - {name: x1_err, datatype: float64}
# - {name: c_err, datatype: float64}
# - {name: chi, datatype: float64}
# - {name: dof, datatype: float64}
# - {name: b_max, datatype: float64}
# - {name: delta_15, datatype: float64}
# - {name: tmin, datatype: float64}
# - {name: tmax, datatype: float64}
# - {name: pre_max, datatype: int64}
# - {name: post_max, datatype: int64}
# - {name: message, datatype: string}
# schema: astropy-2.0
obj_id num_points z t0 x0 x1 c z_err t0_err x0_err x1_err c_err chi dof b_max delta_15 tmin tmax pre_max post_max message
[from data line 195]
01343401 12 0.5048128244409734 57395.992500649605 2.1619097840452907e-05 0.7597111826565155 0.05738295729235959 0.08101635784787817 1.0615122405324655 9.507279025017246e-07 1.1139868933676695 0.09118524679197079 1.5915389276606298 7.0 -20.15336585840823 0.9147159851625801 57372.048 57427.054 8 4 "Minimization exited successfully."
01343533 16 0.37033141136679665 57389.89598042366 1.5510638524754428e-05 -0.9478315595674993 -0.0009356565194126865 0.09341676490525333 6.31085339927813 2.7848916013401004e-06 1.5459283551063092 0.1647909668516082 2.375715078819401 11.0 -18.990418975517223 1.2438967188062904 57365.039 57407.046 10 6 "Minimization exited successfully."
01343759 7 0.5456333199158989 57390.132999995316 9.901535217893277e-06 -2.127823159475125 0.2999988827381443 0.008735953487566561 0.029775097951642238 1.805478282726477e-07 0.30827079683363 0.0885437249310499 81.31570030512147 2.0 -19.512522809515616 1.4983771825571743 57365.223 57425.071 3 4 "Minimization exited successfully."
01343871 7 0.5489063802203531 57380.22299999901 6.129047180869485e-06 -2.957717386007708 0.2999916433155702 0.01278755893085104 0.13229466505799792 4.0840975751577055e-07 3.6819975215354415 0.43411216676347286 29.189209844734133 2.0 -19.007184195650716 1.7441120651578004 57355.228 57408.055 3 4 "Minimization exited successfully."
01344692 14 0.3540899642871626 57391.05399654567 8.029502896375607e-06 -1.9860806990763888 0.29195615226232813 0.03863236874123713 0.3995183570405061 1.184337307659489e-06 1.3901544898571243 0.5953338469300251 7.056703596221144 9.0 -18.165377873994814 1.462091418405393 57366.056 57427.068 8 6 "Minimization exited successfully."
01345553 6 0.12243770384154559 57392.48290285379 5.4052356092104686e-05 0.9380230073842357 -0.29195057877876207 0.05764410905872098 0.9056219057347334 1.4498700021564612e-05 0.7617806181690505 0.5902288644935494 0.9351584207786079 1.0 -17.645767739773987 0.8969329265670041 57372.048 57427.052 3 3 "Minimization exited successfully."
01345582 7 0.5419545625386905 57390.05099996741 1.099305348529478e-05 -2.937258392643085 0.2999966390583699 0.0198808593643372 0.10075510104434215 5.84785359622475e-07 3.6465931944072842 0.4482587225866721 40.29891096430731 2.0 -19.60798960520897 1.7373673354461303 57365.056 57427.054 4 3 "Minimization exited successfully."
01345594 11 0.39680213483377075 57396.23388713161 1.9628875041921567e-05 -2.2345280034621564 0.02177629576532447 0.05013179700519149 1.8915918239290477 1.93270209686014e-06 1.4568428783884384 0.20206594619239598 3.1226498512052214 6.0 -19.422434828223277 1.5601258097398443 57372.048 57427.054 8 3 "Minimization exited successfully."
01346137 14 0.22540325145901757 57400.045999851005 2.1593777705977703e-05 -0.14944686411595853 0.13496326517248597 0.04359473337367102 0.23896704428261728 3.596656643334307e-06 0.577552233489429 0.18427239484893868 5.64608229060151 9.0 -18.108310599517296 1.073803999400404 57375.048 57425.151 8 6 "Minimization exited successfully."
01346387 13 0.3600988868812845 57394.9232373138 1.641790000051491e-05 -1.6624067622861922 0.010160818553814621 0.013674443599038688 0.23128619765702751 6.976552156118254e-07 0.34668343394818724 0.03473145032038075 7.709303448516714 8.0 -18.980317604921304 1.4089824353743126 57372.136 57426.118 6 7 "Minimization exited successfully."
01346956 10 0.27686061219964897 57412.177999970016 3.310935369492674e-05 1.5430094720042549 0.05829906360036308 0.01584474275391143 0.11146174620080274 1.8467648084052859e-06 0.3522409905637769 0.04938517582818472 8.232653483499247 5.0 -19.081567323985123 0.7840164690532703 57387.181 57426.147 8 2 "Minimization exited successfully."
01346966 14 0.24388795456034396 57401.0569999398 3.512146679763018e-05 -2.706299704721362 -0.03755450955834255 0.027525313065819207 0.027554415712074842 2.5956428815934747e-06 0.32716179512926913 0.05652435705197911 96.18851705110613 9.0 -18.82814951862877 1.7121155937005668 57376.057 57426.147 8 6 "Minimization exited successfully."
