analysis_pipeline/fit_results/des_5_sn91bg_salt2_phase_all.ecsv
# %ECSV 0.9
# ---
# datatype:
# - {name: obj_id, datatype: string}
# - {name: num_points, datatype: int64}
# - {name: z, datatype: float64}
# - {name: t0, datatype: float64}
# - {name: x0, datatype: float64}
# - {name: x1, datatype: float64}
# - {name: c, datatype: float64}
# - {name: z_err, datatype: float64}
# - {name: t0_err, datatype: float64}
# - {name: x0_err, datatype: float64}
# - {name: x1_err, datatype: float64}
# - {name: c_err, datatype: float64}
# - {name: chi, datatype: float64}
# - {name: dof, datatype: float64}
# - {name: b_max, datatype: float64}
# - {name: delta_15, datatype: float64}
# - {name: tmin, datatype: float64}
# - {name: tmax, datatype: float64}
# - {name: pre_max, datatype: int64}
# - {name: post_max, datatype: int64}
# - {name: message, datatype: string}
# schema: astropy-2.0
obj_id num_points z t0 x0 x1 c z_err t0_err x0_err x1_err c_err chi dof b_max delta_15 tmin tmax pre_max post_max message
[from data line 149]
01334597 48 0.5226512214243602 57339.020767617054 1.4155343563970747e-16 0.650101881289708 0.009811618705571679 0.5624871347083269 27.19040844083065 0.03075461713481933 0.3657410348505923 0.571342204591962 53021.68671877184 41.0 -20.842733910629544 2.2603985342183286 57315.219 57408.043 14 34 "Covariance may not be accurate."
01334620 58 0.4875239015987322 57322.19923026248 1.637578961322106e-16 0.652054625180179 0.10022791905704953 0.5616278137452839 29.78144534318926 0.031293442335016214 0.3902165109042605 0.5344611658557893 4185.228622824021 49.0 -20.663926069349916 2.2555131881344685 57311.28 57403.064 12 46 "Covariance may not be accurate."
01334644 56 0.4867663103731136 57323.00720321304 9.159339953157542e-17 0.672693791784315 0.39183112722694535 0.5753627516101838 30.913896650883544 0.032955947577719455 0.33493440332333685 0.6805235360193272 4323.171237539892 47.0 -19.460439825008365 2.2053815317745915 57311.28 57403.064 12 44 "Covariance may not be accurate."
01334645 54 0.23974880211097516 57322.005920911666 7.494005416219807e-17 1.114840927886212 0.4972342783363278 0.4697049846735356 29.380142816298758 0.030748390112294466 0.36757056947272443 0.7110277750257722 14174.431801729035 34.0 -17.21327271653292 1.5584243217379736 57311.28 57403.064 11 43 "Covariance may not be accurate."
01334707 63 0.469244490428408 57289.313625422146 0.0 0.8100422771763685 0.5001492274212554 0.0 0.0 0.0 0.0 0.0 0.0 -5.0 inf nan 57304.307 57426.118 0 63 "Hesse Failed. Covariance may not be accurate. Covariance not positive definite."
01334879 61 0.4782336785528073 57287.243904546325 2.7755575615628915e-18 1.1981972420595421 0.00021695081356792878 0.5544149077852419 24.770262278208975 0.030784000301476648 0.31364122103748143 0.608678317841912 3481.624870739308 29.0 -16.35687486779551 1.491235324183613 57302.241 57426.118 0 61 "Covariance may not be accurate."
01335472 59 0.47662882933132716 57316.70120150111 2.7755575615628915e-18 0.6500000000004353 0.0021901843100163854 0.5547186978685456 28.620127663674793 0.03084659407701828 0.3701593506962759 0.5947526126681804 2764.2711172034656 46.0 -16.344996508443508 2.2606541261057664 57311.02 57403.05 8 51 "Covariance may not be accurate."
01335564 60 0.5042007456698434 57322.23728850817 2.7755575615628915e-18 0.8595264189031842 0.0687550006632196 0.6001671453912804 32.4194081618989 0.03708058488467476 0.3992167160554055 0.7055830850851623 831.4228483535918 47.0 -16.38117940270003 1.8522732648404912 57311.28 57427.068 12 48 "Covariance may not be accurate."
01335694 37 0.4860717442683882 57340.70563429454 1.8596235662471373e-16 0.7347471434303939 0.3356766314148892 0.5694325537241753 30.731748084661376 0.03219960712328344 0.3326346885259884 0.6609129542458373 18181.202281403595 29.0 -20.331626517194227 2.067663249632602 57325.214 57408.058 15 22 "Covariance may not be accurate."
01335717 51 0.4878211885057518 57341.130710254896 2.7755575615628915e-18 1.063066109164845 2.4033934844125415e-05 0.5561336751703907 29.568472937829938 0.030757841431162555 0.39095530292830166 0.612856501948518 27218.911650480477 46.0 -16.408938703286566 1.606768032032079 57325.182 57408.092 12 39 "Covariance may not be accurate."
01335718 59 0.46621322858378555 57302.16287097849 2.7755575615628915e-18 1.0766855062663627 0.01010961626713458 0.55990799579191 25.46026926990089 0.03167468639516725 0.3864784680871312 0.5705117803247743 5861.225600003059 29.0 -16.27490299302556 1.5936412727992035 57317.161 57426.118 0 59 "Covariance may not be accurate."
01335868 66 0.47000344574286446 57300.23307462729 2.7755575615628915e-18 1.1097853406061051 0.00156719478389733 0.5536332165144165 24.53588635291817 0.030885140443297255 0.3701061016297836 0.5979214641781514 1051.061390714984 33.0 -16.309538507346936 1.5629327776662478 57315.229 57425.154 0 66 "Covariance may not be accurate."
01336008 50 0.46530922299947586 57310.0762708033 8.049116928532386e-17 1.2296800231485936 0.016478516671216137 0.5511786917223178 23.89759358368974 0.03074641590635993 0.4099478181568174 0.5575746116210794 4623.44502957208 29.0 -19.915622427462118 1.469579360866419 57325.01 57403.052 0 50 "Covariance may not be accurate."
01336009 51 0.2973200970401429 57341.04930827765 3.885780586188048e-17 1.0966070791518685 0.048052435214521905 0.0010789006264480816 6.925831614833442 0.0 0.0025471136263590655 0.0040884233136500026 2560.534694329518 46.0 -17.928230139583345 1.57494006942078 57325.01 57403.052 16 35 "Covariance may not be accurate."
01336453 38 0.46461709767871384 57314.344022465375 1.7763568394002506e-16 0.7805583205351508 0.15289377412958505 0.5517097330231667 23.496265833004145 0.030815490209594225 0.365214327648493 0.5713213973385312 20621.429297752606 21.0 -20.525212459470815 1.979709708494454 57329.169 57403.103 0 38 "Covariance may not be accurate."
01336480 36 0.476553178376386 57316.979205631396 1.8041124150158794e-16 0.6500000001090611 0.4290374108710195 0.5744240325165894 22.746699458937655 0.033282405366953136 0.3993926888818321 0.6919277097387821 3834.625073953757 24.0 -20.064746220027327 2.260668635508324 57325.115 57403.103 0 36 "Covariance may not be accurate."
01336687 45 0.4768750124337402 57312.0727922571 1.582067810090848e-16 1.0313597297362387 0.5001449491249113 0.029365675831500793 0.005383088875532849 2.775557561562894e-18 0.034034826944498 0.08356032613191999 14097.209085916416 28.0 -19.761120850543904 1.6384660328245886 57327.063 57403.064 0 45 "Covariance may not be accurate. Covariance not positive definite. Covariance forced positive definite."
01337117 47 0.47387281600071257 57314.0357120488 0.0 0.6739407399494807 0.5001371849365588 0.0 0.0 0.0 0.0 0.0 0.0 -5.0 inf nan 57329.028 57403.051 0 47 "Hesse Failed. Covariance may not be accurate. Covariance not positive definite."
01337221 54 0.47566265391979756 57310.03199897129 0.0 1.1342970907808567 0.5001457883675032 0.0 0.0 0.0 0.0 0.0 0.0 -5.0 inf nan 57325.023 57407.048 0 54 "Hesse Failed. Covariance may not be accurate. Covariance not positive definite."
01337228 54 0.47479072152727925 57310.032920855905 0.0 1.0757536559879677 0.5001500972061269 0.0 0.0 0.0 0.0 0.0 0.0 -5.0 inf nan 57325.023 57407.048 0 54 "Hesse Failed. Covariance may not be accurate. Covariance not positive definite."
01337272 48 0.47324093238984 57310.07650579102 0.0 0.8057790759181223 0.5001457844512031 0.0 0.0 0.0 0.0 0.0 0.0 -5.0 inf nan 57325.068 57427.057 0 48 "Hesse Failed. Covariance may not be accurate. Covariance not positive definite."
01337325 48 0.26820270665600426 57310.06890489742 3.885780586188048e-17 0.88896002402573 0.5681845064373376 0.5732184411786349 27.49611216075209 0.03448591017896052 0.41936806221455114 0.7662283684056698 882.1676636658848 23.0 -16.65797605752089 1.8100094138221543 57325.068 57427.057 0 48 "Covariance may not be accurate."
01337649 36 0.46827173442008413 57327.60284322839 2.1649348980190555e-16 0.6500000001399912 0.4747328437126873 0.5599544415857483 20.565356147344573 0.03161643491607665 0.3794012795255607 0.7042914622067769 16347.718979844094 23.0 -20.11520549223169 2.260670123949165 57339.162 57408.057 0 36 "Covariance may not be accurate."
01337655 42 0.46705968737285386 57310.079530215 5.551115123125783e-18 0.6561414450085872 0.0016482176360755885 0.5522117059417002 24.542979615438526 0.0308097819519678 0.34278333045066695 0.5974787405136978 2539.281980994375 22.0 -17.045631517186767 2.2453671858999016 57325.078 57408.041 0 42 "Covariance may not be accurate."
01337687 47 0.46462324984420966 57324.49330250737 1.1102230246251565e-16 1.2397190317744513 0.0001866429383792778 0.551023382538696 23.369682058018952 0.030746490917167323 0.33383597610815124 0.6206291772177814 15288.918519553548 30.0 -20.28691570652183 1.4630010927322807 57339.295 57425.154 0 47 "Covariance may not be accurate."
01337703 58 0.20169100933303008 57344.236311811495 3.053113317719181e-17 1.2182901898803813 0.4999207373753017 0.16225386478775392 0.005949304442765424 0.0 6.96770981576389e-05 1.4656260612755379e-05 1145.8486027248343 45.0 -15.808646970027048 1.4772212255063408 57325.12 57425.154 16 42 "Covariance may not be accurate."
01337838 42 0.47163874858719884 57324.15456883417 1.665334536937735e-17 1.246818690121378 0.055412590116295624 0.5828080680311958 28.220378754143894 0.035595558548586446 0.4042659051497353 0.505930556882145 17321.73643003901 29.0 -18.175446603593187 1.4584157730902376 57339.148 57427.068 0 42 "Covariance may not be accurate."
01338128 42 0.48100882423847496 57352.365856300086 6.106226635438361e-17 1.0880982770345868 0.49891999124629377 0.5017339057394204 32.338580361050845 0.04831761611464801 0.4437941294400301 0.6242587698631158 3149.291246768845 37.0 -18.752878232333426 1.5828636463120773 57339.019 57407.048 7 35 "Covariance may not be accurate."
01338170 42 0.5005592193414591 57351.49947813876 2.7755575615628915e-18 0.8585277222850631 0.1152927656341779 0.5685109470049593 30.221163929258182 0.031700843238578934 0.45104152870609265 0.5459477772035997 1147.0040351006035 37.0 -16.277593549163704 1.8537470247412031 57339.019 57407.048 7 35 "Covariance may not be accurate."
01338233 52 0.4734072577298001 57304.2844302501 0.0 0.7871203745401152 0.5001395068385706 0.0 0.0 0.0 0.0 0.0 0.0 -5.0 inf nan 57319.276 57427.057 0 52 "Hesse Failed. Covariance may not be accurate. Covariance not positive definite."
01338266 80 0.4747566370325417 57324.042885544055 0.0 1.0561490922880563 0.5001461301470582 0.0 0.0 0.0 0.0 0.0 0.0 -5.0 inf nan 57339.033 57427.068 0 80 "Hesse Failed. Covariance may not be accurate. Covariance not positive definite."
01338278 40 0.4744407805183024 57324.03439679256 2.7755575615628915e-18 0.6502187794552902 4.612828837735616e-06 0.5557874600278108 24.699161108554108 0.031000553429307423 0.3768466581129748 0.6140199406154387 880.5757921375567 27.0 -16.33645929214476 2.260104852729839 57339.033 57427.057 0 40 "Covariance may not be accurate."
01338387 41 0.47275254525927224 57314.18960460606 1.1102230246251566e-17 0.7407425973819044 0.0006493948620740486 0.5551002688992834 24.384045566253917 0.03096990383071637 0.34168138960420263 0.6254935940667599 1576.5822906625665 23.0 -17.83131359477089 2.0554406556135554 57329.169 57428.056 0 41 "Covariance may not be accurate."
01338430 37 0.4744076209628055 57346.37778248485 2.7755575615628915e-18 0.6500000002749782 0.0019324004706980924 0.5544167950128049 28.950929410842946 0.030864827568597188 0.3703833764193253 0.5960031958541709 1631.4517675280072 31.0 -16.3332367371585 2.260654118382874 57339.117 57428.056 8 29 "Covariance may not be accurate."
01338471 46 0.4794856104470678 57343.71114885972 3.053113317719181e-17 0.650838684654229 0.26433884597737206 0.5545894183324296 22.844372073057457 0.030774005024237442 0.37835283508211615 0.7397028197543069 354.8816006677635 36.0 -18.455618637160995 2.2585614293108804 57319.134 57428.056 13 33 "Covariance may not be accurate."
01338675 34 0.49405561198753095 57364.042631844335 5.551115123125783e-18 1.0386015059429345 0.18906291496719269 0.5751282842908612 24.44178632779949 0.03264919915015774 0.45918776436807757 0.7755656832994189 13368.32374637106 29.0 -16.846659865527624 1.6310715603257613 57339.046 57408.041 11 23 "Covariance may not be accurate."
01339002 36 0.4765233779229116 57330.080033202095 5.828670879282072e-17 1.2269608041079396 0.16225457919201025 0.5786563586686282 26.94433941047828 0.03404552736177803 0.45561221902271515 0.5774880854421761 1943.6423053628614 27.0 -19.362058992133335 1.471387445082616 57345.071 57427.068 0 36 "Covariance may not be accurate."
01339149 36 0.776268213197462 57366.152645510156 1.2767564783189302e-16 0.6547918437462421 0.9771857042651757 0.7198402853285829 21.30394840588633 0.04355448296097293 0.542459040360119 0.9181893455328504 1386.8943848319168 26.0 -19.894326832732467 2.2487177856519978 57345.068 57427.068 13 23 "Covariance may not be accurate."
01339392 29 0.46190824759986054 57330.331050782326 1.5265566588595902e-16 1.1902356967038756 0.008323872093470075 0.5509943155905019 24.62623631436145 0.030806578259362984 0.3203820362324549 0.5758336538661707 1990.3969684702997 17.0 -20.604540460004024 1.4970260809168465 57345.331 57426.147 0 29 "Covariance may not be accurate."
01339450 51 0.48936728789164197 57324.97405826606 5.551115123125783e-18 0.6500004396502184 0.08989390434737632 0.5582143138276994 26.792025023896713 0.030921422011955323 0.37083861421582986 0.5260803388911277 372.83978703815797 34.0 -17.01810000018385 2.260655766136395 57339.281 57426.147 0 51 "Covariance may not be accurate."
01340454 43 0.3882887577868232 57332.11129437802 1.7486012637846217e-16 0.6610934271876795 0.4960881711518958 nan 0.014863706866890425 0.0 0.0001764505462104604 0.0010765871215548672 3844.1757489449506 30.0 -19.348363663043035 2.233243282013351 57345.312 57425.153 0 43 "Covariance may not be accurate."
01341370 32 0.4714330121368008 57332.07878410886 1.3877787807814457e-17 0.6517644703467875 0.07757496027276989 0.5575162912383083 24.857806000025448 0.03125378482195414 0.36053282960704697 0.515453387699718 3145.599565759317 27.0 -17.937714713363675 2.256236970872717 57347.076 57403.052 0 32 "Covariance may not be accurate."
01341894 28 0.14081008311892196 57374.84270787221 8.604228440844963e-17 0.6500277376964608 0.36256408590283995 0.005225410038606146 0.12768042256720946 2.775557561562894e-18 9.707910757478233e-05 0.003203806501072881 2861.4946892263733 23.0 -16.367012517918443 2.260597239228318 57365.051 57427.057 8 20 "Covariance may not be accurate."
01342255 25 0.46990990386420933 57377.14047960798 1.9984014443252818e-16 0.6500000000345121 0.0042526006443473485 0.5596678740306829 30.064798056431755 0.03153449139330553 0.37841591287215853 0.6413257819619311 35284.72640945075 20.0 -20.948097689636526 2.2606541824824973 57365.107 57428.056 8 17 "Covariance may not be accurate."
01343208 36 0.45462033954675 57340.44410180077 2.2204460492503132e-17 1.1305648134918311 0.4886690965148792 0.5538370277679817 23.797885871328617 0.03131407028600183 0.4423006075686487 0.7143235867460086 3865.5816587404847 28.0 -17.53274197669453 1.5446693363509247 57355.251 57426.117 0 36 "Covariance may not be accurate."
01343337 31 0.47553435924052806 57357.23318833272 7.494005416219807e-17 1.0815974800826964 0.003374522023616544 0.5648964436167169 25.296817846017802 0.03198255207331249 0.45771146460859935 0.638548537766477 2584.4823643452332 26.0 -19.915550992598057 1.5889723200723687 57372.223 57426.147 0 31 "Covariance may not be accurate."
01343401 24 0.4954184375818489 57396.79305549409 4.718447854656916e-17 0.6500001676675254 0.0027367815490961234 0.00029333029815165057 0.002304850499058375 1.3877787807814438e-18 2.329144286328244e-07 0.05991815214776228 2391.289555713349 15.0 -19.521122581201706 2.2606537199974035 57372.046 57427.057 16 8 "Covariance may not be accurate."
01343533 31 0.4950209938194957 57387.95460667623 2.7755575615628915e-18 0.6500000000128813 0.0026780250458863786 0.5593028566177086 28.01549068987515 0.030915364701235112 0.37098556113295866 0.5925653421092903 464.6753297625943 26.0 -16.44299665172011 2.2606541393993886 57365.036 57407.048 19 12 "Covariance may not be accurate."
01343759 32 0.48624532554685546 57378.54892346514 2.7755575615628915e-18 0.6500000000063719 0.00028707248349713055 0.5603341590847936 29.915977161090268 0.03119170978483173 0.37430136295124505 0.6219862430618135 13686.099540427838 26.0 -16.40007546511128 2.2606540742896364 57365.133 57426.118 10 22 "Covariance may not be accurate."
