analysis_pipeline/fit_results/des_4_salt2_2.4_all.ecsv
# %ECSV 0.9
# ---
# datatype:
# - {name: obj_id, datatype: string}
# - {name: num_points, datatype: int64}
# - {name: z, datatype: float64}
# - {name: t0, datatype: float64}
# - {name: x0, datatype: float64}
# - {name: x1, datatype: float64}
# - {name: c, datatype: float64}
# - {name: z_err, datatype: float64}
# - {name: t0_err, datatype: float64}
# - {name: x0_err, datatype: float64}
# - {name: x1_err, datatype: float64}
# - {name: c_err, datatype: float64}
# - {name: chi, datatype: float64}
# - {name: dof, datatype: float64}
# - {name: b_max, datatype: float64}
# - {name: delta_15, datatype: float64}
# - {name: tmin, datatype: float64}
# - {name: tmax, datatype: float64}
# - {name: pre_max, datatype: int64}
# - {name: post_max, datatype: int64}
# - {name: message, datatype: string}
# schema: astropy-2.0
obj_id num_points z t0 x0 x1 c z_err t0_err x0_err x1_err c_err chi dof b_max delta_15 tmin tmax pre_max post_max message
[from data line 104]
01312274 62 0.438 56976.943015673634 1.2701330902734066e-05 -1.2981486502615893 -0.047484291047172555 0.0 0.6102027806264232 4.5459996831781496e-07 0.4785886306143823 0.030996544578119345 36.59593931240425 44.0 -19.20500630755089 1.3263503999366364 56956.141 57052.1 12 50 "Minimization exited successfully."
01313594 54 0.2883 56998.03499999985 5.116598762186508e-05 -1.1731898197637158 -0.11551714146384787 0.0 0.0023620081738044973 6.512891695273339e-07 0.1016748056928013 0.01226494128152987 764.5421001900945 36.0 -19.653624238406834 1.3029188429590448 56973.035 57051.058 15 39 "Minimization exited successfully."
01314897 54 0.3369 57298.3369999435 3.191127789524684e-05 -0.2384397257153199 -0.09222607107155917 0.0 0.01628101329697529 8.802491767101441e-07 0.2564301576068795 0.022302630425105732 115.0854056273976 35.0 -19.53370329077287 1.1037702974705894 57273.337 57373.072 16 38 "Minimization exited successfully."
01315192 38 0.2254 57008.76452629141 5.4841522656404185e-05 1.038153059015011 0.1243446734280278 0.0 0.18078706925007282 1.574674895542249e-06 0.22499592420787873 0.018913279304247438 28.264103245551084 24.0 -19.12100816961771 0.8650999294771715 56987.193 57052.1 13 25 "Minimization exited successfully."
01315259 44 0.228 57004.209492786395 4.718720936779664e-05 -0.5106938676461663 0.06261191715239534 0.0 0.180768463313143 6.302876434133325e-07 0.1493841024957414 0.012063207864720427 19.843868406390957 27.0 -18.984153372424483 1.1483846231862174 56980.181 57049.073 16 28 "Minimization exited successfully."
01315296 53 0.4126 56998.18299993011 1.2988672675925961e-05 -1.6813365347522349 0.005247072403633146 0.0 0.023231584524182836 5.828809101091067e-07 0.379629459139617 0.046953955318430524 140.63129404216505 35.0 -19.074745798982967 1.4141882921047895 56973.183 57049.072 15 38 "Minimization exited successfully."
01316385 32 0.1478 57019.23856943854 0.00019317815609291023 1.45364491393652 0.016017704893236673 0.0 0.17111000410659472 4.2907025794458625e-06 0.18216793945917686 0.01625604556498128 51.569084132777995 15.0 -19.46943386427766 0.8000028214524697 57001.175 57067.046 13 19 "Minimization exited successfully."
01316431 39 0.1981 57018.886587008 9.788244535899326e-05 1.2461543536251085 -0.03330327816107981 0.0 0.07307222458985052 7.735379724788078e-07 0.0870231200901408 0.006547694693794098 58.85972457308145 26.0 -19.43439009723535 0.8359509724024115 57001.16 57052.1 16 23 "Minimization exited successfully."
01316437 49 0.482 57005.19199974439 9.827611142182446e-06 -2.0844490415457453 0.13434980975113825 0.0 0.04582249657687498 4.290679206001012e-07 0.33036440154730184 0.06464064750347315 86.63590551662861 34.0 -19.175830054899638 1.5055598811959001 56980.192 57052.1 15 34 "Minimization exited successfully."
01316465 41 0.3291 57021.440388368086 2.8799732775514065e-05 0.36303140796588407 -0.0024169689723659293 0.0 0.08196180626691785 2.547351092480058e-07 0.08545216886434637 0.007564763853996709 53.2232788998431 26.0 -19.363011001546752 0.9867440167644119 57001.175 57067.046 16 25 "Minimization exited successfully."
01317164 35 0.1547 57297.42636293222 7.087974433895028e-05 -2.257571238273015 0.12137053344601756 0.0 0.00015060762962093577 1.9110287433135587e-06 0.14732540060843058 0.030993318048741836 36.680564048028145 16.0 -18.48784543248813 1.5550041795149276 57276.375 57355.165 8 27 "Minimization exited successfully."
01317277 52 0.2371 57007.33443687121 4.173329193609965e-05 -1.3956540954147645 0.07344282247389 0.0 0.293876765146706 8.661799515363735e-07 0.2579206617943627 0.020357780821826293 34.398044503700696 34.0 -18.9466591163914 1.3387374920936672 56987.071 57052.042 21 31 "Minimization exited successfully."
01317286 54 0.279 57012.070999905634 5.1824694351937374e-05 0.11419597890342459 -0.06981410582031897 0.0 0.003215534037735779 4.902537170878296e-07 0.1454783308590617 0.008584857197458995 552.247344681933 36.0 -19.58591540255489 1.035372565664126 56987.071 57052.042 26 28 "Minimization exited successfully."
01317454 39 0.5688 57012.02799869178 7.889466841384808e-06 -0.7665848611604016 0.015414826173854534 0.0 0.07755921192074311 2.8989536342977074e-07 0.52835994270196 0.04477684569760906 48.85960859796366 25.0 -19.37111347497796 1.204022676128396 56987.028 57051.043 18 21 "Minimization exited successfully."
01317666 47 0.1414 57298.33899999689 0.0001394247377734803 -0.8642992887160288 -0.06647263803086503 0.0 0.0010617625775921624 2.9659100910128827e-06 0.08024435101460936 0.01477971384865523 1456.8343804068556 30.0 -19.008734194531478 1.2305571150171133 57273.339 57356.106 16 31 "Minimization exited successfully."
01319366 65 0.2361 57301.31199999393 7.519200943232052e-05 0.39993281852433604 -0.0038778507022392272 0.0 0.006318279698461993 9.031020585900689e-07 0.14855032988538408 0.011170806562946334 522.0044871106046 43.0 -19.576189028901112 0.9802094273999877 57276.312 57372.107 22 43 "Minimization exited successfully."
01319821 49 0.3088 57017.12299999995 3.0038536466187038e-05 -0.30149857939903946 -2.498662199656998e-05 0.0 0.007363048378465464 5.447742360539784e-07 0.21535775231474363 0.01361783387723875 295.6161720557646 32.0 -19.24762496055823 1.1108279587837337 56992.123 57067.103 15 34 "Minimization exited successfully."
01320166 39 0.449 57016.108 1.132737010076379e-05 -0.9412303366910568 -0.09432071042599813 0.0 0.02046070934375166 3.4374297466499627e-07 0.3457671928383963 0.02863615626190194 170.0254046904471 26.0 -19.145464968903187 1.2492766742054577 56991.108 57049.049 16 23 "Minimization exited successfully."
01322229 29 0.5261 57026.04999997352 1.1155397195558581e-05 -2.451940378462181 0.035921552627800724 0.0 0.005445972445158986 2.384352905657198e-07 0.19029984612046213 0.030165495983459162 496.2440554604465 18.0 -19.5413041367877 1.6223052843383385 57001.05 57052.048 18 11 "Minimization exited successfully."
01322979 35 0.5294 57033.03999999959 1.1334076238544988e-05 -1.3202846124531538 -0.17047829182883098 0.0 0.0033261328208027408 1.179722370750475e-07 0.1351747599002091 0.013251916681027903 800.19184598189 21.0 -19.576696506259303 1.3416841903444272 57008.04 57067.047 16 19 "Minimization exited successfully."
01324542 38 0.5415 57036.08499982852 8.131462907012832e-06 0.5516988450329556 -0.18672851343996788 0.0 0.05394741747295484 3.115743886047963e-07 0.5851062476696034 0.03192905936122367 105.26725362542938 24.0 -19.276981657067477 0.9609632594477091 57011.085 57067.103 15 23 "Minimization exited successfully."
01325358 32 0.7793 57030.241 3.148783603104666e-06 1.6994780491212413 -0.1634614426238514 0.0 0.015546040522167459 1.3643562647436273e-07 0.452590891659129 0.02966548492049642 656.0334798660214 21.0 -19.214570844685174 0.7645215235585034 57005.241 57066.064 15 17 "Minimization exited successfully."
01327978 54 0.2073 57307.5159945174 6.667499210142868e-05 0.12580811438985595 0.07350154897964073 0.0 0.4546638272695418 2.322023385357977e-06 0.5618073834094908 0.03744679573591972 9.72042745047105 31.0 -19.12723568223052 1.0260192074621024 57283.129 57373.043 28 26 "Minimization exited successfully."
01328066 81 0.4489 57298.092853378745 1.811205067523414e-05 0.5897341455524701 -0.12052353145751679 0.0 24.70167137363387 7.722246091412807e-07 0.44598341809928055 0.029230284308788518 53.34720635606913 55.0 -19.655760717067572 0.9515159645455924 57273.093 57379.051 23 58 "Minimization exited successfully."
01328105 84 0.4402 57298.092999984205 1.8876302921541634e-05 0.4931401003514049 -0.07431322572282473 0.0 0.049698692393576493 7.786968321751853e-07 0.44437407623282654 0.026403454406872667 101.51332370271592 57.0 -19.649389566559815 0.9667086045555884 57273.093 57386.049 22 62 "Minimization exited successfully."
01329166 71 0.7316 57293.25099991564 2.9291581085971742e-06 1.9999975229808866 -0.07905629260120692 0.0 0.018610206003359053 9.974435705717424e-08 0.03427961171725258 0.03618417456402591 844.5137841423891 50.0 -18.966518301594352 0.7123886994251158 57268.251 57402.11 15 56 "Minimization exited successfully."
01329196 82 0.7693 57291.246999995165 3.270009007194652e-06 1.9999999780622133 0.2974626980961533 0.0 0.010072476718050893 8.684339554421161e-08 0.02075869760297655 0.4537676068317247 1707.8263884933838 58.0 -19.22500192938424 0.7024414783700195 57266.247 57406.112 14 68 "Minimization exited successfully."
01329312 59 0.3444 57308.18899999991 2.1088393198767652e-05 -1.2058611324528448 -0.05016258238268256 0.0 0.05567033143233857 5.906606113798007e-07 0.3546771570395193 0.02276902196544746 36.01953196683365 40.0 -19.139005504487084 1.3052364117749953 57283.189 57389.086 17 42 "Minimization exited successfully."
01329615 66 0.4039 57303.297999305425 1.585740253342016e-05 -0.5884424506278929 -0.006749999498720516 0.0 0.1632048892970488 6.364023282232062e-07 0.5137180079885171 0.031746849828138385 35.05997521090854 46.0 -19.237065848361226 1.1685988920331063 57278.298 57385.114 18 48 "Minimization exited successfully."
01330031 66 0.1041 57315.064999999944 0.0004017157269254779 0.2578297603138493 -0.08836491033948055 0.0 0.029795311038469663 5.471794656099199e-06 0.05160013348804027 0.009755434690785325 1067.0492969497973 35.0 -19.44013325788013 1.0097733224607026 57290.065 57376.047 27 39 "Minimization exited successfully."
01330426 66 0.2595 57313.2099999971 6.746616956462004e-05 1.229830836168846 -0.08096539308971165 0.0 0.0018059227440971881 5.668055780783124e-07 0.0889626511478987 0.00690744433246554 1034.03646937144 45.0 -19.693056291878325 0.8402375955621864 57288.21 57387.185 15 51 "Minimization exited successfully."
01330642 68 0.6339 57308.18899999769 8.222505295898963e-06 1.617666128492246 -0.13121318995798542 0.0 0.009066398881259374 1.9192587744215668e-07 0.27291302303729736 0.01849371689059283 565.6994270770963 47.0 -19.705407577377073 0.777216235006005 57283.189 57406.1 17 51 "Minimization exited successfully."
01330903 79 0.5638 57301.31199916927 8.826484044860417e-06 -0.98341551232373 0.006096731653669085 0.0 0.1001714704252663 3.991377998308069e-07 0.5340086335896976 0.06282734982876445 64.44842910729739 54.0 -19.469563335170676 1.2511202878547358 57276.312 57396.103 22 57 "Minimization exited successfully."
01331123 66 0.2291 57318.340348964855 4.712032033725444e-05 -1.5897990812057823 0.00416558884483581 0.0 0.14750994326459477 7.879690013007361e-07 0.1591362524849358 0.014794946457229646 59.674840580902526 45.0 -18.993657290958875 1.3915838174873585 57297.03 57386.049 24 42 "Minimization exited successfully."
01331993 64 0.7196 57316.16999971259 3.94554430582228e-06 1.9999991460083368 -0.08540369042761814 0.0 0.024644408065796597 1.1365302013954795e-07 0.03691784429247935 0.026965282848641484 436.60603837465106 46.0 -19.245803998200746 0.7125472338075198 57291.17 57408.04 18 46 "Minimization exited successfully."
01332059 71 0.5788 57313.198999877626 6.003440445714881e-06 1.999992744525911 -0.1278857025719826 0.0 0.042835749743971974 2.605731913032928e-07 0.26170912610931785 0.0366229844370997 295.62080573429824 48.0 -19.123772543538543 0.7136030714367152 57288.199 57403.103 22 49 "Minimization exited successfully."
01332413 69 0.6087 57322.150999998885 8.504023634275936e-06 0.7557285864160099 -0.14414982322190067 0.0 0.05725397222704487 4.2799649202646083e-07 0.5314144614700242 0.027885115870224644 78.7127640598564 48.0 -19.63368814848749 0.9233178992199349 57297.151 57403.064 24 45 "Minimization exited successfully."
01333246 56 0.4379 57324.219999723806 1.0424928947930235e-05 1.186208755841058 0.18258973056513983 0.0 0.3819846161895839 1.0132832649237254e-06 0.8476196541184722 0.07811052166782342 17.908106960038648 36.0 -18.993441679622563 0.8384666724402159 57299.22 57403.103 22 34 "Minimization exited successfully."
01333438 53 0.3995 57322.34599999169 1.305436077842226e-05 -0.6735374715555866 0.11092656458280747 0.0 0.024178821935493033 7.293892705678708e-07 0.458094844312536 0.04964155499284065 131.0072334225147 40.0 -18.998371318768378 1.1781296583123506 57297.346 57406.124 12 41 "Minimization exited successfully."
01334084 37 0.1335 57336.490044309496 0.00012261477726119296 -0.8100482050597062 0.12862909462170624 0.0 0.3949171511339955 7.648498449167038e-06 0.3281100375518873 0.04106388343467807 25.832652157769914 21.0 -18.734102837263485 1.2050721384905358 57315.206 57396.104 11 26 "Minimization exited successfully."
01334087 27 0.2663 57336.29899965125 5.922908239565372e-05 0.6403270206200844 0.010559425848832904 0.0 0.10222608403273625 1.5693535430183487e-06 0.31280481648329195 0.03301699071632294 39.322135414926855 11.0 -19.615062874930178 0.9372382475163157 57311.299 57403.103 10 17 "Minimization exited successfully."
01334302 64 0.4549 57326.032999999436 1.3476585927602036e-05 -1.8737485880929643 -0.08157550708710068 0.0 0.03859950114929234 5.300185524886876e-07 0.46270689697086054 0.03814218211425796 81.99516661211482 41.0 -19.367424764332085 1.4724012530943718 57301.033 57407.048 23 41 "Minimization exited successfully."
01334423 56 0.3577 57335.79807025562 1.954288222450196e-05 0.9536227084730924 0.039722486821515135 0.0 0.44407071464593173 6.558139710399754e-07 0.47684227289627623 0.021005300218256195 22.908185173049876 38.0 -19.15418676767695 0.8824374608857113 57312.138 57408.057 20 36 "Minimization exited successfully."
01334448 64 0.5167 57326.27799915111 9.047141233650692e-06 -2.259075461577183 -0.10726507237305816 0.0 0.06494457129520015 7.159193195216407e-07 0.588798080066404 0.05560993660623478 79.24636078158983 44.0 -19.26707534060257 1.5823412033810342 57301.278 57402.056 24 40 "Minimization exited successfully."
01334470 60 0.5188 57330.278997571455 1.0486237767831642e-05 0.5428476636667305 0.06473968246776168 0.0 0.0691894744632009 4.636469336266604e-07 0.5040175464295609 0.04053951287644167 73.48278257825835 41.0 -19.43924992189366 0.9519095867291796 57305.279 57402.056 24 36 "Minimization exited successfully."
01334597 48 0.289 57340.21899999995 4.225737025116139e-05 -0.27712004442951876 0.007187291624139225 0.0 0.0008412329807470087 3.237735708663807e-07 0.06632335191773864 0.006595190870196638 2099.6299988686937 33.0 -19.45188218277633 1.105651317829242 57315.219 57408.043 18 30 "Minimization exited successfully."
01334620 58 0.1961 57334.862911125245 4.0761863455737735e-05 -0.5027731646754585 0.2466649724470799 0.0 0.27804348575955373 1.1142590247287254e-06 0.3069843170736992 0.02305991389540507 38.18551008160283 39.0 -18.460557791719808 1.1347453093890572 57311.28 57403.064 20 38 "Minimization exited successfully."
01334644 56 0.2881 57332.43929508854 3.168131974972122e-05 -1.6679257638203155 -0.025997499308168304 0.0 0.2898467865270504 6.015746835424933e-07 0.22164817645252577 0.019303677080066278 25.493173075569022 38.0 -19.13063013018141 1.413841835112784 57311.28 57403.064 20 36 "Minimization exited successfully."
01334645 54 0.2312 57335.47237992299 5.805893833453757e-05 -0.8131825428885504 -0.004444647359896692 0.0 0.13866431232963805 7.856003622824778e-07 0.15280225451422136 0.011400989782621274 35.8839058166832 36.0 -19.243087916503267 1.2152492248614593 57311.28 57403.064 19 35 "Minimization exited successfully."
01334707 63 0.6488 57329.306999844746 7.344630083316872e-06 -0.1918637480154537 -0.16699673643728968 0.0 0.004362900715932483 1.7965352756971206e-07 0.1853424329915352 0.014410692083578605 1265.0685314862096 43.0 -19.643386316687593 1.098748435282264 57304.307 57426.118 14 49 "Minimization exited successfully."
01334879 61 0.6393 57327.24099996487 4.9046855884860026e-06 -1.4924278033988096 0.18900508416732098 0.0 0.007438337954226881 1.3402141073592918e-07 0.20522276321530053 0.056899995823863986 633.0028210298797 40.0 -19.165782814116948 1.350854690510662 57302.241 57426.118 16 45 "Minimization exited successfully."
