analysis_pipeline/fit_results/des_4_salt2_2.4_all.ecsv
# %ECSV 0.9
# ---
# datatype:
# - name: obj_id
#   datatype: string
# - name: num_points
#   datatype: int64
# - name: z
#   datatype: float64
# - name: t0
#   datatype: float64
# - name: x0
#   datatype: float64
# - name: x1
#   datatype: float64
# - name: c
#   datatype: float64
# - name: z_err
#   datatype: float64
# - name: t0_err
#   datatype: float64
# - name: x0_err
#   datatype: float64
# - name: x1_err
#   datatype: float64
# - name: c_err
#   datatype: float64
# - name: chi
#   datatype: float64
# - name: dof
#   datatype: float64
# - name: b_max
#   datatype: float64
# - name: delta_15
#   datatype: float64
# - name: tmin
#   datatype: float64
# - name: tmax
#   datatype: float64
# - name: pre_max
#   datatype: int64
# - name: post_max
#   datatype: int64
# - name: message
#   datatype: string
# schema: astropy-2.0
obj_id num_points z t0 x0 x1 c z_err t0_err x0_err x1_err c_err chi dof b_max delta_15 tmin tmax pre_max post_max message
[from data line 52]
01295921 54 0.5239 56914.00715260238 7.488995900048479e-06 0.9397185502708658 0.11654859416184071 0.0 0.002780147897283314 6.756059211604493e-07 0.9244760528964509 0.06513996640576408 46.30635530644376 50.0 -19.100268767831743 0.8818616633021463 56890.386 56990.201 8 46 "Minimization exited successfully."
01296273 63 0.397 56926.73864763237 2.7339550714716723e-05 -0.25315025681418035 -0.1280806226603157 0.0 0.43251032633997966 4.479868516274469e-07 0.24518039621322596 0.013350188134378785 134.22908908237525 59.0 -19.785134428906545 1.1086520530486794 56903.383 57003.049 12 51 "Minimization exited successfully."
01296321 51 0.1844 56930.047960911616 5.3533493548088565e-05 0.6157683659761157 0.1159855355994136 0.0 0.21504429763081134 7.851592808902352e-07 0.17393542966797626 0.012025764708100184 73.13565853270686 47.0 -18.605826370950147 0.9370099401294638 56915.265 56990.188 12 39 "Minimization exited successfully."
01296657 32 0.1462 56923.70796558163 0.00014478203721166039 1.0316428270170404 0.0057097368831855455 0.0 0.21325191161668045 5.212281392315282e-06 0.2180365384619316 0.022136966306300992 70.50251080255028 28.0 -19.1299951559865 0.8705334110001317 56904.221 56987.079 9 23 "Minimization exited successfully."
01297026 56 0.2585 56928.78707449928 4.2945388690146526e-05 -0.7227312768121079 -0.02342133436428312 0.0 0.2403664199373452 5.709869960790468e-07 0.18126688911566347 0.013060424327777542 39.82592240732363 52.0 -19.19129853167473 1.1974929491107922 56903.237 57001.099 13 43 "Minimization exited successfully."
01297465 62 0.2778 56938.84441509057 3.212271867353012e-05 1.0771246311205669 0.0558379486343209 0.0 0.09719095124455635 4.01981770158099e-07 0.1014995888008321 0.009104010231794746 166.28570615927936 58.0 -19.056625080167436 0.861099561688107 56912.258 57008.065 21 41 "Minimization exited successfully."
01298281 58 0.2351 56930.65876459798 3.754016356057044e-05 -1.4641471486005948 0.07402960430368843 0.0 0.22069618006935343 6.532830335095885e-07 0.1760215304393079 0.014037073315851328 59.54276420708776 54.0 -18.810815316516546 1.3548118325993066 56915.265 57003.049 12 46 "Minimization exited successfully."
01298893 22 0.1962 56911.42913146655 0.00014056348683402499 1.9999999999885816 -0.29999999999287075 0.0 0.46447338572033914 4.4473850031867546e-06 0.028261276543387837 0.005501016644810924 208.56592054401503 18.0 -19.809435591569645 0.7177265004762177 56915.299 56992.068 0 22 "Minimization exited successfully."
01299643 66 0.38 56941.17996120876 2.4684810044370288e-05 0.6551275544271631 -0.07608997422335986 0.0 0.2687461812856782 6.319891687853195e-07 0.2561236589226499 0.017324039084381973 82.59444900537585 62.0 -19.562131979301835 0.9382130374427042 56912.344 57018.078 12 54 "Minimization exited successfully."
01299775 37 0.1598 56909.20181600983 0.00022938112658172917 1.999999999863725 -0.2999999998036932 0.0 0.3881437366362661 5.761107835484941e-06 0.007885650823206358 0.0013358029901610058 1950.896868660064 33.0 -19.847202438279414 0.7177265004928408 56920.298 57004.045 0 37 "Minimization exited successfully."
01299785 64 0.3813 56943.84922440415 1.6807182164169098e-05 0.00013448511722469192 0.060950919500061096 0.0 0.5788715217968274 7.572700690780525e-07 0.41087611352415454 0.032816658890556405 27.22212609077996 60.0 -19.15301487149771 1.0498780884076915 56920.291 57025.079 13 51 "Minimization exited successfully."
01300516 69 0.3104 56949.40468078212 2.663754867262558e-05 0.8613342433630784 0.15462088572382682 0.0 0.25714986933598993 5.064230061316295e-07 0.24119608173324258 0.014833995178716697 80.45909101101665 65.0 -19.13236339099508 0.8935471019343808 56923.288 57025.093 23 46 "Minimization exited successfully."
01300912 65 0.3376 56946.355188734866 1.9156396967248692e-05 -0.43560846104843787 0.06459886029116851 0.0 0.17035455830045976 3.3031767884411577e-07 0.13237373757554272 0.013573534241629714 75.02143853126987 61.0 -18.98464179558875 1.133301786950426 56920.196 57019.147 20 45 "Minimization exited successfully."
01301933 61 0.3299 56952.83764809527 3.167086532306074e-05 -0.1537454976518866 -0.12012303815224015 0.0 0.09049030341338948 2.446625793670061e-07 0.07443745215236719 0.0062866985114385515 134.13874068334178 57.0 -19.47265428444828 1.0888086657517455 56924.193 57025.117 19 42 "Minimization exited successfully."
01302058 56 0.1984 56959.66329882152 0.0001133674350564079 0.31039008717670136 0.01948846632515494 0.0 0.10198304226287291 1.2192386456694182e-06 0.09887915847639905 0.00909573762601859 151.1788999680168 52.0 -19.59667256796309 0.9951782763902379 56935.363 57025.079 12 44 "Minimization exited successfully."
01302141 91 0.6088 57280.60640628307 7.6962680989362e-06 -0.3739685329446254 0.04359272587418456 0.0 0.9653490380514995 4.5455712981007317e-07 0.6378117973139141 0.05649446391099763 90.84906347428637 87.0 -19.524070734381308 1.1224332146475398 57248.403 57365.044 28 63 "Minimization exited successfully."
01302187 50 0.2195 56952.982040701085 5.7539233787504146e-05 -0.9839165365962059 0.03715477938890832 0.0 0.25902019947898225 2.030951441236993e-06 0.2627111149493381 0.02532258399626708 32.01195510172515 46.0 -19.105987284070608 1.248888716846416 56925.328 57019.148 15 35 "Minimization exited successfully."
01302523 56 0.4239 57288.659992556 1.5074819111893234e-05 0.36116380172893425 0.030223338494670904 0.0 0.28812331823428394 3.7598489479873166e-07 0.2634179275827977 0.018681620042606623 86.64868232500622 52.0 -19.307363480369453 0.9855694963256418 57265.24 57372.059 12 44 "Minimization exited successfully."
01302648 57 0.2319 56948.23427415217 4.4624970551035426e-05 -0.7505944897670513 0.12914570852654061 0.0 0.21715952926388127 7.106638971063319e-07 0.1783651172447307 0.013680651910484148 99.73709562192185 53.0 -18.965772929479606 1.1926912658564675 56925.158 57017.08 13 44 "Minimization exited successfully."
01303004 72 0.2949 56960.48702992854 4.215283378021517e-05 0.8090388518790892 -0.04231094651252687 0.0 0.13547053410002263 4.6147184773193196e-07 0.12311517389463078 0.008799639140194992 142.32957741486848 68.0 -19.500683932585606 0.910187655936312 56934.371 57033.047 21 51 "Minimization exited successfully."
01303279 43 0.1724 56965.66518554021 0.0001908704542330636 0.7118200296229564 -0.0786471763237889 0.0 0.1979980862706725 4.748443441486563e-06 0.2331610046308139 0.01745878828061037 128.1329572344212 39.0 -19.82366851727136 0.9284235159730265 56943.23 57033.169 9 34 "Minimization exited successfully."
01303496 41 0.1798 56966.08905329325 8.169796125978846e-05 -0.2535354714680489 0.09144732204500211 0.0 1.3803542969981208e-05 1.7660562024304758e-06 0.23625164719683656 0.017554126796712005 47.812473443611665 37.0 -19.00296895998965 1.096151931319394 56943.178 57032.15 12 29 "Minimization exited successfully."
01303883 73 0.2591 57286.28825276173 5.179017818404963e-05 0.5260502267713982 -0.016217804983393314 0.0 0.1639788110514928 9.103452259059945e-07 0.17181590485549902 0.013059584836499466 123.63837361409603 69.0 -19.401181071262265 0.9583812323478291 57265.223 57356.127 14 59 "Minimization exited successfully."
01303952 84 0.5626 57288.90740381955 1.063175360180857e-05 -0.13496234180413325 -0.181592861817085 0.0 0.5241921419328719 5.407339036381237e-07 0.4652509780277756 0.02584854799402854 72.85602657915543 80.0 -19.66805885264647 1.0884200074407993 57249.279 57373.057 30 54 "Minimization exited successfully."
01304127 83 0.7286 57282.02211045075 6.122196223901089e-06 0.7150921059139108 -0.11157998490449045 0.0 0.8785823150828946 3.065915200842208e-07 0.617294076078478 0.03046475650148059 90.61533965938314 79.0 -19.75471295345546 0.9291471725602385 57249.279 57373.058 24 59 "Minimization exited successfully."
01304442 16 0.2171 56965.175980484884 7.578429370850015e-05 0.4948455821092588 -0.029401485273014283 0.0 0.22014651482459158 2.344202022705466e-06 0.2414424788852596 0.01859952436182169 14.854671374928703 12.0 -19.378989505268628 0.9644662375083612 56943.114 57029.056 8 8 "Minimization exited successfully."
01304678 49 0.2188 56963.48777577328 5.858658955617269e-05 -1.539074206903303 -0.06762755707282922 0.0 0.4811105541593861 5.1942337253460515e-06 0.4435701210079974 0.0625197862833795 13.468325745011228 45.0 -19.11758351497617 1.3857414767883505 56943.23 57033.168 10 39 "Minimization exited successfully."
01305504 60 0.4956 56973.746489589714 1.0924048400229314e-05 -0.44398839364269804 -0.0644716758499379 0.0 0.22055546472620335 1.525559862616826e-07 0.1525463171143442 0.011985493303813807 42.800973032946295 56.0 -19.363203510617634 1.1429235214575542 56943.192 57052.047 20 40 "Minimization exited successfully."
01305626 55 0.3257 56974.75293387827 3.1231595779673825e-05 -0.3367335781325318 -0.09123471903434396 0.0 0.11062540539933252 2.3410593548989087e-07 0.07874545456855264 0.006337253275481042 74.29564535938363 51.0 -19.424668864760548 1.1230794559104922 56949.125 57049.055 15 40 "Minimization exited successfully."
01306029 74 0.4289 57279.57218249828 1.2664007483517704e-05 1.1063814015495383 0.06818403517984256 0.0 0.8095205943973269 4.5257802461923236e-07 0.5158158123592167 0.030542935983895653 82.63449003887165 70.0 -19.1493210262278 0.8557731026381141 57248.388 57355.217 23 51 "Minimization exited successfully."
01306073 56 0.3286 56972.24444969441 2.2366204092374998e-05 -1.3148450711140254 -0.012841549600961788 0.0 0.24663631280782283 4.611141754581889e-07 0.17571809109252146 0.01627992502308509 22.467330323169627 52.0 -19.08369275659117 1.3273395031302968 56949.124 57049.056 12 44 "Minimization exited successfully."
01306141 65 0.3324 56977.55666518003 3.203784477958105e-05 -0.09536211273323758 -0.0540231534621573 0.0 0.0005293437898217235 4.994882146086566e-07 0.19159564775180904 0.013256622950975266 42.43308620952089 61.0 -19.503755600543784 1.0740355880452057 56949.337 57051.151 15 50 "Covariance may not be accurate."
01306360 76 0.4494 57278.34627914415 1.1786548452105695e-05 -0.6377784932659227 0.013817491923801939 0.0 1.1451372102746973 5.983306993709305e-07 0.6908553643717408 0.044144982943024796 37.57577023037133 72.0 -19.190702931483372 1.1773654220251153 57249.423 57355.245 19 57 "Minimization exited successfully."
01306390 68 0.407 57280.599605880874 9.011184628004986e-06 0.023971716287246814 0.20816105275234892 0.0 1.6920369317595032 6.427209893897228e-07 0.8546614815558706 0.06144970502132044 14.873726039615718 64.0 -18.645869948334845 1.0374958343771894 57253.401 57355.23 12 56 "Minimization exited successfully."
01306537 76 0.4795 57287.9137530736 1.4782958591977314e-05 1.061035913183046 -0.07702831523482057 0.0 0.38509641791461036 6.469939809822242e-07 0.460791795842981 0.02510084193867597 95.09550325740986 72.0 -19.60670540245886 0.8685001217756145 57265.363 57372.241 15 61 "Minimization exited successfully."
01306626 73 0.4095 57284.77122581396 1.9824708954793714e-05 0.2613145000123067 -0.0662461375974924 0.0 0.00037401692679850385 5.815933314001775e-07 0.3506040615102832 0.017855672146089074 56.89041053061126 69.0 -19.515678089213587 1.0081031859673537 57255.41 57355.245 16 57 "Minimization exited successfully."
01306785 42 0.5787 57284.08851667324 8.75787678367157e-06 -0.842189852592758 -0.00972575753100502 0.0 1.3067080827495374 7.693781709200438e-07 1.2732604148659268 0.04806258360403361 21.912134877492186 38.0 -19.529946997240096 1.2217950685719074 57248.419 57311.114 22 20 "Minimization exited successfully."
01306980 86 0.5489 57281.93494533858 8.098917181903476e-06 -1.2241972012285385 0.0630073309857751 0.0 1.0908038731795386 5.788273819445912e-07 0.7466031134872976 0.05964099384093377 71.12804224158825 82.0 -19.30577123669181 1.30016945766695 57252.229 57372.039 24 62 "Minimization exited successfully."
01306991 72 0.4217 57287.48748842946 1.8087752777121157e-05 -0.44563978475594634 -0.03776336609078368 0.0 0.6547295201380621 1.5085927927135926e-06 0.7113593579710644 0.0517516003792791 37.85904404230186 68.0 -19.49121681311593 1.1416298902322062 57265.209 57365.044 17 55 "Minimization exited successfully."
01307277 70 0.4107 57284.17348821316 1.2675720143151549e-05 -0.46042980107822906 0.06045069003942599 0.0 0.8070581174724794 8.15748714523557e-07 0.8031714239929354 0.048037368932846686 42.427804697116166 66.0 -19.037197388221895 1.13848815656684 57256.292 57365.115 15 55 "Minimization exited successfully."
01307830 59 0.3493 57286.120520626035 1.9018970630230172e-05 -1.8578668439138666 -0.083525613239503 0.0 0.1957152167451568 3.3040953125729155e-07 0.18648749346168858 0.015880532123590932 50.15548888955823 55.0 -19.062671899465624 1.46840179225455 57257.281 57365.196 11 48 "Minimization exited successfully."
01308314 74 0.4065 56977.71560927317 1.650381285347169e-05 -0.05948845745728759 -0.04233029781264169 0.0 0.3424997226429696 3.557511914997754e-07 0.2670978779861022 0.017647844075192043 73.86375936531894 70.0 -19.29734668396759 1.0665848921790868 56943.178 57051.151 24 50 "Minimization exited successfully."
01308326 63 0.3262 56976.288172586996 3.270811291914977e-05 0.4182025243643075 -0.0919740152959275 0.0 0.21224924880516483 4.6548734611573316e-07 0.18294765606849528 0.01179310913832167 55.12999211584674 59.0 -19.479226325531307 0.980868121199233 56956.141 57045.113 16 47 "Minimization exited successfully."
01308568 72 0.6431 57289.6557208233 6.950185839035839e-06 -0.11579664437208415 0.1275712821842056 0.0 0.8381119135156041 7.163928705256058e-07 0.9710399620831577 0.06611551165266921 69.62508487729338 68.0 -19.55964203925586 1.0678937399430595 57256.269 57379.066 20 52 "Minimization exited successfully."
01308582 57 0.3669 57287.764162514075 2.4938648865457937e-05 -0.44462262696112376 -0.05177942939269803 0.0 0.00130881903169211 7.700253916415052e-07 0.32827560032887293 0.023409913742949 31.143927568988236 53.0 -19.48263314220779 1.1422802398045988 57265.24 57366.076 12 45 "Minimization exited successfully."
01308884 48 0.0772 57261.324000001114 0.00022866923816744768 1.9999999999739844 0.29999999947243755 0.0 0.0006344471839838661 8.714068326656722e-07 0.00024012520706051532 6.093470579005e-05 101665.40473970363 32.0 -18.1453896627743 0.7023711438790272 57276.324 57355.251 0 48 "Minimization exited successfully."
01308957 72 0.6187 57289.574271729194 6.446098747886487e-06 0.8674152866429843 -0.13951640135868187 0.0 0.8152560807939153 5.612619780312466e-07 0.7444886500545989 0.0395172966373865 66.02852557763835 68.0 -19.37606365952565 0.9037842160402612 57253.33 57373.057 24 48 "Minimization exited successfully."
01309288 44 0.2684 56989.73429134729 5.8952655187699546e-05 0.4582164939726221 -0.09084855234883885 0.0 0.4141374378777982 2.481816081237318e-06 0.374670725370597 0.03161372475332763 8.943740983203023 40.0 -19.629740922418726 0.9736485235323542 56961.361 57061.067 12 32 "Minimization exited successfully."
01309492 61 0.3335 56993.04761291 3.4567607319915816e-05 0.19329845884282193 -0.08663729757084573 0.0 0.07897273665366811 2.2216434296812372e-07 0.07289369723736572 0.0046603507429308355 138.8284037648843 57.0 -19.595054510833627 1.021543681019665 56963.255 57067.046 20 41 "Minimization exited successfully."
01309749 70 0.7893 56987.741476012656 5.09210384544434e-06 0.5716072481047889 -0.0924632982483202 0.0 0.3902929210307775 1.0613774601292408e-07 0.27260183919930014 0.0162428739732884 49.66824154323929 66.0 -19.768509806189023 0.9535653424012196 56949.35 57067.046 24 46 "Minimization exited successfully."
01310338 63 0.4388 56977.189515057675 1.568991740099335e-05 -0.3958386616451737 0.05139386334096396 0.0 0.4024946011049906 3.4310790031216765e-07 0.2945490617738691 0.017790978734906232 41.43848082079026 59.0 -19.43971556355992 1.1262624816029216 56949.112 57052.042 13 50 "Minimization exited successfully."
