analysis_pipeline/fit_results/des_5_sn91bg_salt2_phase_all.ecsv
# %ECSV 0.9
# ---
# datatype:
# - {name: obj_id, datatype: string}
# - {name: num_points, datatype: int64}
# - {name: z, datatype: float64}
# - {name: t0, datatype: float64}
# - {name: x0, datatype: float64}
# - {name: x1, datatype: float64}
# - {name: c, datatype: float64}
# - {name: z_err, datatype: float64}
# - {name: t0_err, datatype: float64}
# - {name: x0_err, datatype: float64}
# - {name: x1_err, datatype: float64}
# - {name: c_err, datatype: float64}
# - {name: chi, datatype: float64}
# - {name: dof, datatype: float64}
# - {name: b_max, datatype: float64}
# - {name: delta_15, datatype: float64}
# - {name: tmin, datatype: float64}
# - {name: tmax, datatype: float64}
# - {name: pre_max, datatype: int64}
# - {name: post_max, datatype: int64}
# - {name: message, datatype: string}
# schema: astropy-2.0
obj_id num_points z t0 x0 x1 c z_err t0_err x0_err x1_err c_err chi dof b_max delta_15 tmin tmax pre_max post_max message
[from data line 50]
01295256 60 0.4818873117965719 56909.331935453796 3.33066907387547e-17 0.650000000824343 0.043648080035301684 0.5631356529688073 28.822003543100436 0.031591357101055324 0.3790864929312176 0.5189312716229567 3721.900266461236 33.0 -19.003982236668808 2.260655328267024 56904.295 57012.089 4 56 "Covariance may not be accurate."
01295305 63 0.4723651004915492 56889.86124312915 2.7755575615628915e-18 0.8350751299926236 0.05931946607307431 0.5695641820569494 27.219625804707903 0.032727566522276326 0.46358459399670754 0.7006769932909496 4286.354105120674 33.0 -16.22736003119305 1.889158090905326 56890.285 57005.143 0 63 "Covariance may not be accurate."
01295921 54 0.3269843992331938 56878.11720695384 5.551115123125783e-17 1.2477615638162072 0.46924597153119624 0.5090921165581999 20.20449240067319 0.030909315957737816 0.354841925138299 0.7047553087290929 603.6059860320705 22.0 -17.728803884956683 1.457821678422171 56890.386 56990.201 0 54 "Covariance may not be accurate."
01296273 63 0.47909791117813455 56927.68336358865 1.3877787807814457e-17 0.755537309920311 0.5002517835402694 0.5711077901425492 26.64236953327054 0.032666904954751906 0.46497337737998146 0.7306340958788671 6633.095092356519 54.0 -17.130805123271735 2.026250767976048 56903.383 57003.049 16 47 "Covariance may not be accurate."
01296321 51 0.25959670112736855 56901.90474821135 9.436895709313832e-17 1.2462228363536987 0.00025072390608743556 0.47976140668429357 27.55700385756063 0.030746230780747334 0.38805346515120304 0.6215291533516999 11623.331236535587 31.0 -18.6311669001783 1.4587975773246669 56915.265 56990.188 0 51 "Covariance may not be accurate."
01296657 32 0.4781466610440412 56904.99124157437 1.1934897514720432e-16 1.2249937381732532 0.10975489649282366 0.5539987447940569 29.196595206336497 0.030746230667558473 0.31454168356314377 0.721215234800612 7093.826364606682 23.0 -20.252129022558176 1.472696855442365 56904.221 56987.079 4 28 "Covariance may not be accurate."
01297026 56 0.4403862792022364 56907.889954849066 5.273559366969494e-17 1.1384005572722447 0.013212004348714446 0.5452077403607803 28.334836074700434 0.030748523673478682 0.3542901999936971 0.5638475643057236 8343.420476772364 35.0 -19.318899900922258 1.5379826888196 56903.237 57001.099 3 53 "Covariance may not be accurate."
01297465 62 0.8262629052948887 56897.267845762464 1.9984014443252818e-16 1.0231611406966554 0.5000369309134785 0.08332391070638012 0.00012221921497257426 0.0 6.294683964469527e-05 6.959466860201324e-05 26692.17405608395 44.0 -21.47127805211087 1.6469456640306852 56912.258 57008.065 0 62 "Covariance may not be accurate."
01298281 58 0.46169722958477377 56900.41839253021 1.6098233857064772e-16 1.2484504221989385 0.4195686141997249 0.00028426617069043925 0.003342398751556175 1.3877787807814407e-18 0.5262471014938968 0.002184226496496744 8637.29534851312 34.0 -19.878592190675068 1.4573783993603406 56915.265 57003.049 0 58 "Covariance may not be accurate."
01298893 22 0.3047303825710793 56939.948797620375 1.0269562977782698e-16 0.7356307368960562 0.00442850295186864 0.5017335754590578 22.948695918854355 0.03150598192238754 0.3362946752962157 0.5997988583189627 2534.414589227467 16.0 -19.116689930983807 2.0658385273889017 56915.299 56992.068 7 15 "Covariance may not be accurate."
01299643 66 0.46678289750642715 56897.344003290156 5.551115123125783e-18 1.1666642355749424 0.001260137434925368 0.5522245443322696 24.64905379351694 0.03081737711009164 0.43809609602606825 0.5997089530503955 5380.476671027378 26.0 -17.044708654109364 1.5149539892372808 56912.344 57018.078 0 66 "Covariance may not be accurate."
01299775 37 0.4774019529840443 56931.297672781606 2.1926904736346843e-16 1.2361462325934158 0.5320752336920884 0.5601088811805977 29.848365802994522 0.0313790190088931 0.4036842190029681 0.7257149428201668 4127.015593643354 32.0 -20.066875061954864 1.4653425020629491 56920.298 57004.045 4 33 "Covariance may not be accurate."
01299785 64 0.47362198171211467 56930.45988996109 1.1102230246251566e-17 1.2414485456223003 0.4269939524102982 0.5548707474112887 29.44240282896135 0.030927116201156492 0.337067421824013 0.6930606733509442 1762.224159629 48.0 -17.02588935356484 1.4618911906079113 56920.291 57025.079 8 56 "Covariance may not be accurate."
01300516 69 0.4962762677771242 56935.565251455395 6.383782391594651e-17 0.672203791142507 0.058895087423581405 0.5803807213395663 31.178969628173945 0.03328192727055927 0.3387161741130096 0.5023345611750634 7179.045444176644 49.0 -19.761196540739036 2.2065318952433053 56923.288 57025.093 12 57 "Covariance may not be accurate."
01300912 65 0.4817650867431546 56936.08652155995 1.942890293094024e-17 1.0612372685826121 0.0037658121669306155 8.046896857738517e-06 0.0003573934191081207 0.0 5.960416249450873e-06 0.08234069065791622 13524.880995046922 52.0 -18.483190024652547 1.608551600852575 56920.196 57019.147 13 52 "Covariance may not be accurate."
01301933 61 0.4769694629445263 56948.355525546984 5.551115123125783e-18 0.7363109932022968 0.06235161659916072 1.2509050996062365e-05 0.00018758765509119257 0.0 6.921971103690527e-06 0.012256892350173743 48334.573455474885 53.0 -16.999958503875956 2.064447508066923 56924.193 57025.117 15 46 "Covariance may not be accurate."
01302058 56 0.4587943549925675 56920.39621185206 3.2196467714129544e-16 1.2475115415103675 0.5001471008206233 0.005315542777839105 0.06313765371305635 1.3877787807814457e-17 0.0031109836249672007 0.15227734594887057 26226.29922121622 32.0 -20.432019102085054 1.457983119214152 56935.363 57025.079 0 56 "Covariance may not be accurate. Covariance not positive definite. Covariance forced positive definite."
01302141 91 0.47299766585930847 57234.156014447384 0.0 0.7537103638579716 0.5001171621616094 0.0 0.0 0.0 0.0 0.0 0.0 -5.0 inf nan 57248.403 57365.044 0 91 "Hesse Failed. Covariance may not be accurate. Covariance not positive definite."
01302187 50 0.6143062475152801 56910.33827397665 1.582067810090848e-16 0.6575578670808389 0.45773562845012356 0.5723959848137038 26.94556701874899 0.03407185233261775 0.3739452899901767 0.7242174592447741 2761.459019455047 30.0 -20.526524030250588 2.241893472404616 56925.328 57019.148 0 50 "Covariance may not be accurate."
01302523 56 0.8020507619049105 57256.01875563589 9.159339953157542e-17 1.2435194738612316 0.32641334242140946 0.5441148450821325 22.647796386321716 0.030746649781128992 0.34137438926107894 0.7371819726179846 5687.717780190109 44.0 -20.9060114941623 1.460549886508275 57265.24 57372.059 0 56 "Covariance may not be accurate."
01302648 57 0.4870067992531843 56935.200887075494 6.383782391594651e-17 0.6500001597957695 0.01065696964176166 0.5879258703567789 31.60217502577143 0.035296072534507617 0.42370521025068353 0.5692735461086603 7614.254555226473 44.0 -19.792014219283992 2.260653958814018 56925.158 57017.08 9 48 "Covariance may not be accurate."
01303004 72 0.4658511609223975 56920.797280863 1.7763568394002506e-16 0.6500000039908421 0.22136890426496164 0.5609720666385247 21.76119475006999 0.031816549779280334 0.3817768206513445 0.6106329954975552 17649.826398196405 39.0 -20.383845173921287 2.260662900299998 56934.371 57033.047 0 72 "Covariance may not be accurate."
01303279 43 0.5006650013301102 56960.283260939585 3.58046925441613e-16 1.2490898656970781 0.39630849357868564 0.5646505738169575 29.97589866648559 0.031310986223636095 0.3653583054221649 0.6819610299792302 7425.091220102874 38.0 -21.0052482553195 1.4569679078899611 56943.23 57033.169 9 34 "Covariance may not be accurate."
01303496 41 0.3129930947418885 56959.71671434184 1.6098233857064772e-16 1.1629508873199281 0.3782179989404899 0.5051615807437763 32.035342032762856 0.03406185093843976 0.3399590719314099 0.6889761325230921 7831.665179506398 32.0 -18.966590019036225 1.5178960390209753 56943.178 57032.15 7 34 "Covariance may not be accurate."
01303883 73 0.8493542464391682 57269.931621295866 3.33066907387547e-17 1.1816996589736914 0.4917517937030613 0.7291014194096592 25.72808515037832 0.04750842048377127 0.4334337822173161 0.6423286337644856 10102.775256864508 68.0 -19.62017350032448 1.5033968109125126 57265.223 57356.127 4 69 "Covariance may not be accurate."
01303952 84 0.48957982994400934 57261.92751826291 2.7755575615628915e-18 0.6500000000010916 0.0019607862791887753 0.5576008740413112 29.621301955710805 0.03086006377421956 0.37032042576312363 0.5958617207414661 1002.0212086028168 58.0 -16.41526937346388 2.2606541198448724 57249.279 57373.057 12 72 "Covariance may not be accurate."
01304127 83 0.4859272576229423 57262.74065814738 2.7755575615628915e-18 0.6500000001956683 0.0018760788835902598 0.5566777043317723 29.64776694930697 0.03084428917326506 0.3701268864191049 0.5962868874030058 808.0355881764583 53.0 -16.3958617742009 2.260654117046041 57249.279 57373.058 12 71 "Covariance may not be accurate."
01304442 16 0.46545529402820807 56928.21218093225 2.498001805406602e-16 0.6531774757193562 0.013875818718883048 4.2959771283324066e-05 0.00022923422147869132 1.3877787807814407e-18 5.044059403769285e-06 0.14834048840899397 5977.307294766561 8.0 -21.15023452085901 2.2527120511444707 56943.114 57029.056 0 16 "Covariance may not be accurate."
01304678 49 0.2566740379880585 56930.95790112396 6.383782391594651e-17 1.2365544758985005 0.8803521487581611 0.5729435672798907 20.176659708016814 0.03096409726344658 0.4062192123208576 0.7290701193174911 872.2160408751055 23.0 -16.484305207191436 1.46507450510504 56943.23 57033.168 0 49 "Covariance may not be accurate."
01305504 60 0.47470983262568983 56928.25729194175 4.9960036108132046e-17 1.2457394376380164 0.7502555502080257 0.5847483823481628 29.448831391135172 0.035846101318301606 0.45327353850115787 0.6246007558426179 10976.267591190044 31.0 -18.008505189282687 1.459122994426096 56943.192 57052.047 0 60 "Covariance may not be accurate."
01305626 55 0.07942105759265884 56934.12780881985 1.7208456881689927e-16 0.8454411621406281 0.47403381884490337 0.013553309239902396 0.00010503145676921122 0.0 0.0001088011962248614 0.00018547462875317944 35578.4618188624 18.0 -15.553449912755443 1.8733100134948408 56949.125 57049.055 0 55 "Covariance may not be accurate."
01306029 74 0.48311759574320623 57260.98435656043 0.0 1.1942985460669975 0.5001343869785917 0.0 0.0 0.0 0.0 0.0 0.0 -5.0 inf nan 57248.388 57355.217 12 62 "Hesse Failed. Covariance may not be accurate. Covariance not positive definite."
01306073 56 0.4697511334231345 56934.12504681822 2.2204460492503132e-17 0.8077025372305328 2.4140915788561923e-05 0.5528861269360851 24.739289981192996 0.03081634247691207 0.44469654428263106 0.612851891979943 6208.3487428767485 31.0 -18.568296461466826 1.932933077762847 56949.124 57049.056 0 56 "Covariance may not be accurate."
01306141 65 0.43525984482990926 56972.544683557746 1.942890293094024e-17 0.6501515186543938 0.23153156449631324 0.5439664744441041 27.67682043054083 0.03075708315425988 0.36503951492351494 0.7391783355471826 6649.340799937326 56.0 -17.781095155278145 2.26028311330613 56949.337 57051.151 11 54 "Covariance may not be accurate."
01306360 76 0.21590046098158572 57274.42146434298 2.7755575615628914e-17 0.6500823870006762 0.6754203464368838 0.0021777697577466393 0.43892133122790256 0.0 8.112982641572675e-05 0.006808927825315614 627.3767867458245 58.0 -15.552054830059586 2.260464924137356 57249.423 57355.245 11 65 "Covariance may not be accurate."
01306390 68 0.17044238731455885 57269.200276677584 4.4408920985006264e-17 0.7157853263377998 0.23006398596212585 0.42752102845091416 29.65944065358417 0.030856390178052855 0.32453182013202897 0.6150196706200901 466.96933469643596 47.0 -16.34593269542767 2.1076636010721153 57253.401 57355.23 8 60 "Covariance may not be accurate."
01306537 76 0.24602331738748007 57254.004920988446 1.1102230246251566e-17 1.2421635328715284 0.08509509203281507 0.09927846836629195 0.09699241329872166 0.0 0.0005881138680619014 0.0022257514822513758 2175.8161949753244 37.0 -16.032035444150335 1.461418587957528 57265.363 57372.241 0 76 "Covariance may not be accurate."
01306626 73 0.47296139632569134 57240.41213145469 1.942890293094024e-17 0.6888889806664732 0.0431289886771955 0.5755205025938864 26.80049712362961 0.03367528167482322 0.4609257956316106 0.5195400778380628 3266.94547396996 37.0 -18.370934916756468 2.1676497517304902 57255.41 57355.245 0 73 "Covariance may not be accurate."
01306785 42 0.4736148653539182 57264.0455267391 2.7755575615628915e-18 0.943321324544534 1.5874161699014344e-05 0.5542027544061012 29.669370580639224 0.03086107677695932 0.4286293675782132 0.6132446866393345 420.0389137879683 37.0 -16.331909859306418 1.7377837460960883 57248.419 57311.114 14 28 "Covariance may not be accurate."
01306980 86 0.504818425147354 57268.85630706919 2.7755575615628915e-18 1.2176807962485565 0.0019816846109501074 0.560366243900645 29.60167897684005 0.03084018253008807 0.4198449675053472 0.5957581902099891 384.00265311934015 71.0 -16.495335575446674 1.477621233825623 57252.229 57372.039 16 70 "Covariance may not be accurate."
01306991 72 0.47724256029031226 57250.23512792494 8.604228440844963e-17 0.6500018248127197 0.05601264176244669 0.5869279829695256 28.538331493047735 0.03632360623660958 0.43536160050802253 0.6987967323218738 447.5024708384746 42.0 -19.988198019247086 2.2606511376113048 57265.209 57365.044 0 72 "Covariance may not be accurate."
01307277 70 0.6012213102431411 57275.375376370066 6.938893903907228e-17 1.2499840986412036 0.5665882458110513 0.5081976680513471 22.737668294415926 0.03084207333939098 0.36877596902548987 0.7252424029846893 708.582995064803 61.0 -19.364681421332538 1.4563978173225003 57256.292 57365.115 8 62 "Covariance may not be accurate."
01307830 59 0.7008550566631466 57242.283601346244 1.7763568394002506e-16 0.7569606966273902 0.4733126701647095 0.0710126465082761 0.00032664880927768536 0.0 0.0002865486011927043 0.000644714596528484 6739.553489330489 34.0 -20.966952276386937 2.023508522027491 57257.281 57365.196 0 59 "Covariance may not be accurate."
01308314 74 0.48500541941651065 56960.11194690203 5.551115123125783e-18 0.6660782614162408 0.07013353922583082 0.450105827170899 27.857214103423757 0.04875987551108039 0.5487994590003196 0.7062485976583003 4973.6890010275065 53.0 -17.02995136305146 2.2211629290175026 56943.178 57051.151 12 62 "Covariance may not be accurate."
01308326 63 0.4781014753968563 56975.90995337883 8.604228440844963e-17 0.6500282869400561 0.13454678946710807 0.5707478226487614 30.739538612688193 0.032656593186610815 0.389971537991463 0.7275705394915075 10571.41652324085 58.0 -19.849145289256462 2.2605875699329196 56956.141 57045.113 16 47 "Covariance may not be accurate."
01308568 72 0.4743265855628948 57278.87032866622 5.551115123125783e-18 0.6500059684469431 0.05012145163294385 0.5554944584607387 28.255683206512913 0.030973663843733155 0.3724895249844787 0.5116015899202982 484.7996440396871 52.0 -17.006456846954357 2.260640544823403 57256.269 57379.066 15 57 "Covariance may not be accurate."
01308582 57 0.8495861788720541 57250.24272948533 1.249000902703301e-16 1.2427612039576608 0.055818951222185 0.469095583750008 24.45872836878698 0.030747782713308053 0.39485115596312287 0.6987019917108056 2723.665723589681 41.0 -21.922253590636675 1.4610312160221994 57265.24 57366.076 0 57 "Covariance may not be accurate."
01308884 48 0.47127649592196663 57292.1552755825 1.254552017826427e-15 0.6500000000271238 0.81013334256319 8.771901596482667e-07 3.802079663728364e-05 0.0 9.176992499249081e-12 0.003841147559119129 215643.39615913582 42.0 -21.390564432741535 2.2606715161815103 57276.324 57355.251 12 36 "Covariance may not be accurate."
