analysis_pipeline/fit_results/des_4_sn91bg_salt2_phase_all.ecsv
# %ECSV 0.9
# ---
# datatype:
# - {name: obj_id, datatype: string}
# - {name: num_points, datatype: int64}
# - {name: z, datatype: float64}
# - {name: t0, datatype: float64}
# - {name: x0, datatype: float64}
# - {name: x1, datatype: float64}
# - {name: c, datatype: float64}
# - {name: z_err, datatype: float64}
# - {name: t0_err, datatype: float64}
# - {name: x0_err, datatype: float64}
# - {name: x1_err, datatype: float64}
# - {name: c_err, datatype: float64}
# - {name: chi, datatype: float64}
# - {name: dof, datatype: float64}
# - {name: b_max, datatype: float64}
# - {name: delta_15, datatype: float64}
# - {name: tmin, datatype: float64}
# - {name: tmax, datatype: float64}
# - {name: pre_max, datatype: int64}
# - {name: post_max, datatype: int64}
# - {name: message, datatype: string}
# schema: astropy-2.0
obj_id num_points z t0 x0 x1 c z_err t0_err x0_err x1_err c_err chi dof b_max delta_15 tmin tmax pre_max post_max message
[from data line 160]
01335868 66 0.6194 57300.51004557878 5.551115123125783e-18 0.9359249997980155 9.469929186317616e-05 0.0 24.11323239999183 0.03212712842799473 0.4312747812726989 0.6108087316711184 1090.0817750248457 38.0 -17.789563266899954 1.7471126205372975 57315.229 57425.154 0 66 "Covariance may not be accurate."
01336008 50 0.438 57348.66701307838 2.4980018054066023e-17 1.249785488454457 0.8294479457750702 0.0 27.319814022306673 0.03266743941351964 0.38670160953443783 0.5723962664449014 4779.0228520924675 46.0 -16.914388353909484 1.4565243884731771 57325.01 57403.052 23 27 "Covariance may not be accurate."
01336009 51 0.3416 57310.01000199063 2.7755575615628915e-18 1.0391062886671019 0.0588607985023728 0.0 25.248485527084995 0.03156551507081945 0.44946073074836934 0.5023694772322336 2495.877873109087 31.0 -15.394786274852784 1.6305556120277593 57325.01 57403.052 0 51 "Covariance may not be accurate."
01336453 38 0.1848 57337.6970034572 1.8318679906315084e-16 1.0185249259783842 0.1786786050786756 0.0 30.40933997441971 0.033222628378760444 0.4146803549003018 0.587321217747735 22616.581871107075 30.0 -18.19433460590644 1.651790129241018 57329.169 57403.103 4 34 "Covariance may not be accurate."
01336480 36 0.256 57334.513803902264 1.9984014443252818e-16 0.6500004867124152 0.7401456503839741 0.0 30.15705972411888 0.032303068384256645 0.3873909574100068 0.6293182682905589 3877.6369046852656 29.0 -17.96845707419947 2.2606709731394368 57325.115 57403.103 4 32 "Covariance may not be accurate."
01336687 45 0.46249999999999997 57312.072786945086 1.6098233857064772e-16 1.031609523544146 0.5001449292923991 0.0 0.005738715033658082 4.1633363423443346e-18 0.03274286616448818 0.09408058621590645 14097.208088623798 29.0 -19.700351388964485 1.638209658170119 57327.063 57403.064 0 45 "Covariance may not be accurate. Covariance not positive definite. Covariance forced positive definite."
01337117 47 0.46249999999999997 57314.035702299065 5.551115123125783e-18 0.6742517129975837 0.0022752170715830133 0.0 24.44751344674296 0.03085545896912211 0.3145414970747634 0.5943557460920585 3094.9485991135766 31.0 -17.01913092058947 2.2016843389130862 57329.028 57403.051 0 47 "Covariance may not be accurate."
01337221 54 0.46249999999999997 57310.032002323824 0.0 1.1341827775100661 0.5001457986098062 0.0 0.0 0.0 0.0 0.0 0.0 -4.0 inf nan 57325.023 57407.048 0 54 "Hesse Failed. Covariance may not be accurate. Covariance not positive definite."
01337228 54 0.46249999999999997 57310.03292512853 0.0 1.075576770811351 0.500150110019577 0.0 0.0 0.0 0.0 0.0 0.0 -4.0 inf nan 57325.023 57407.048 0 54 "Hesse Failed. Covariance may not be accurate. Covariance not positive definite."
01337272 48 0.46249999999999997 57310.07649878819 0.0 0.8060572091121098 0.5001457611879591 0.0 0.0 0.0 0.0 0.0 0.0 -4.0 inf nan 57325.068 57427.057 0 48 "Hesse Failed. Covariance may not be accurate. Covariance not positive definite."
01337325 48 0.46249999999999997 57310.07487161028 2.7755575615628914e-17 1.149680954832585 0.12237691176069532 0.0 24.840033547796338 0.030775577793473768 0.34830274542913914 0.7252765704032467 912.6972772267518 28.0 -18.557961371466476 1.528597192518319 57325.068 57427.057 0 48 "Covariance may not be accurate."
01337649 36 0.46249999999999997 57327.59547636676 1.332267629550188e-16 0.6500000001284478 0.010707071687091674 0.0 20.028883848848636 0.032786911696921626 0.3934470201749891 0.5691616930531581 16347.717331241338 24.0 -20.456251663848043 2.2606543611667753 57339.162 57408.057 0 36 "Covariance may not be accurate."
01337655 42 0.46249999999999997 57310.0795302369 5.551115123125783e-18 0.6560963342282282 0.0016400168587731856 0.0 24.54352427775666 0.03081046915926198 0.3428937300026405 0.5975230674026799 2539.281978888712 23.0 -17.02013357427193 2.245478517637114 57325.078 57408.041 0 42 "Covariance may not be accurate."
01337687 47 0.46249999999999997 57324.31946789093 8.881784197001253e-17 1.1217030852376868 0.17463272154551762 0.0 39.0161070282993 0.048505832933523535 0.3640369226627394 0.8959193347116016 15288.943927612092 31.0 -19.715853934297066 1.5523542788124693 57339.295 57425.154 0 47 "Covariance may not be accurate."
01337703 58 0.46249999999999997 57343.54664249529 3.608224830031759e-17 1.1736624853623923 0.4989413260490327 0.0 0.02525732427602634 0.0 0.47528423200436726 5.926948089579609e-05 1150.9302825353793 50.0 -18.079481871660263 1.5095231186374214 57325.12 57425.154 16 42 "Covariance may not be accurate."
01337838 42 0.46249999999999997 57324.15458808534 1.942890293094024e-17 1.2470444504018465 0.02217417434434127 0.0 25.800542920896987 0.032547727245425304 0.37039556268672497 0.5478746925098883 17321.73436643932 30.0 -18.347398519384775 1.458269834333933 57339.148 57427.068 0 42 "Covariance may not be accurate."
01338128 42 0.46249999999999997 57352.96291650124 1.1102230246251566e-17 1.0729505686685483 1.1034025781397894e-06 0.0 29.586901132643106 0.03075182329410182 0.44346233307060673 0.6144824271826799 3149.3042417292204 38.0 -17.77529913244516 1.597214402221745 57339.019 57407.048 7 35 "Covariance may not be accurate."
01338170 42 0.46249999999999997 57352.40573222433 2.7755575615628915e-18 0.9637730515412256 0.5001447650723545 0.0 6.644482661275106 0.0 0.046393787917772766 0.24802703323033198 1147.0041533749038 38.0 -15.291781189606034 1.712855408294292 57339.019 57407.048 7 35 "Covariance may not be accurate. Covariance not positive definite. Covariance forced positive definite."
01338233 52 0.46249999999999997 57304.28442353591 0.0 0.7873809868839482 0.500139485470681 0.0 0.0 0.0 0.0 0.0 0.0 -4.0 inf nan 57319.276 57427.057 0 52 "Hesse Failed. Covariance may not be accurate. Covariance not positive definite."
01338266 80 0.46249999999999997 57324.04288559561 0.0 1.056154664744743 0.5001461281030254 0.0 0.0 0.0 0.0 0.0 0.0 -4.0 inf nan 57339.033 57427.068 0 80 "Hesse Failed. Covariance may not be accurate. Covariance not positive definite."
01338278 40 0.46249999999999997 57324.41114642847 4.4408920985006264e-17 0.7731751130626643 0.6240944190032556 0.0 0.019145229540299624 1.387778780781447e-18 0.002121059595131314 0.04375816218410955 880.574681169835 28.0 -18.08681570293597 1.9930932015940748 57339.033 57427.057 0 40 "Covariance may not be accurate."
01338387 41 0.46249999999999997 57314.189353778886 8.326672684688675e-18 0.7405408927423387 0.03375431934300632 0.0 25.756039803916792 0.03272392791470884 0.3345242594358057 0.531182974236176 1576.582542103092 24.0 -17.408441843412767 2.0558488713198244 57329.169 57428.056 0 41 "Covariance may not be accurate."
01338430 37 0.46249999999999997 57346.38312278726 2.7755575615628915e-18 0.650000000367643 0.0016492403318733584 0.0 28.953465147780662 0.030867446234933475 0.3704156519949431 0.5974732200807832 1631.4517663861407 32.0 -16.267543796132355 2.260654110430405 57339.117 57428.056 8 29 "Covariance may not be accurate."
01338471 46 0.46249999999999997 57343.07781660622 1.942890293094024e-17 0.7739627430338686 0.01117764880943739 0.0 27.178915709930152 0.030815088454145358 0.36172022387265024 0.5681227242402624 359.7577068754846 41.0 -18.36514393045858 1.9916372764347443 57319.134 57428.056 13 33 "Covariance may not be accurate."
01338675 34 0.46249999999999997 57364.04599761046 3.885780586188048e-17 0.7996054484075934 0.0054846836640433105 0.0 nan 0.0 0.0009891265119584824 0.00034872540738434266 13368.237482177265 30.0 -19.126795486641296 1.9465056512858965 57339.046 57408.041 11 23 "Covariance may not be accurate."
01339002 36 0.46249999999999997 57330.079591438305 8.326672684688675e-18 1.229728766209906 0.07097436923547795 0.0 24.860214652369905 0.03139774399338681 0.41889053338620685 0.7066486080210113 1943.6456735633794 28.0 -17.34498797331911 1.4695485353057443 57345.071 57427.068 0 36 "Covariance may not be accurate."
01339149 36 0.46249999999999997 57368.79715966085 1.665334536937735e-17 1.2495273227216195 0.2178700177698169 0.0 27.38081739831614 0.030746232087158515 0.3617696687273049 0.7385382754774749 1388.1644354745467 32.0 -17.80309582477212 1.4566835819428618 57345.068 57427.068 13 23 "Covariance may not be accurate."
01339392 29 0.46249999999999997 57330.33104947529 1.3877787807814457e-16 1.1170384370960016 0.01098315767527841 0.0 25.21466216760382 0.0315427658001275 0.36645159644735964 0.582168920269549 1990.3978011833822 18.0 -20.500138457147013 1.556459713527186 57345.331 57426.147 0 29 "Covariance may not be accurate."
01339450 51 0.46249999999999997 57324.97336864717 5.551115123125783e-18 0.6500004398941033 0.08763185671565843 0.0 26.79579743047725 0.030926629380972678 0.3709009761150965 0.5241842052564927 372.83978541011567 35.0 -16.875105089424522 2.2606556846996817 57339.281 57426.147 0 51 "Covariance may not be accurate."
01340454 43 0.46249999999999997 57330.51286493549 1.304512053934559e-16 0.6641215801730395 0.03350750343730591 0.0 25.740526046018203 0.030746232773674175 0.3274448539914029 0.6829513127233031 3844.1732996216256 31.0 -20.39628986151964 2.2258803050403486 57345.312 57425.153 0 43 "Covariance may not be accurate."
01341370 32 0.46249999999999997 57332.07877376327 1.3877787807814457e-17 0.6517971353790195 0.08152685346159655 0.0 24.856744407421502 0.03125210223277575 0.360376598962865 0.5189454455902839 3145.5995645832563 28.0 -17.880915313685605 2.256155504237114 57347.076 57403.052 0 32 "Covariance may not be accurate."
01341894 28 0.46249999999999997 57373.75065133044 7.771561172376097e-17 0.6500596347290103 0.27872317103774935 0.0 29.119896808839258 0.030746249135687607 0.36647144322576275 0.6377854027868086 2861.496344309941 24.0 -19.352766517553377 2.260515450355335 57365.051 57427.057 8 20 "Covariance may not be accurate."
01342255 25 0.46249999999999997 57377.1422378563 1.7763568394002506e-16 0.6500000000289181 0.01208354009375101 0.0 32.0308812330768 0.035104463919704273 0.4212556286942604 0.5661780741643423 35284.747161560044 21.0 -20.76639414029694 2.2606544000140723 57365.107 57428.056 8 17 "Covariance may not be accurate."
01343208 36 0.46249999999999997 57340.467470802054 1.942890293094024e-17 0.9626473666510444 0.4875251655124261 0.0 25.391184735774004 0.03357304173613618 0.4232015256527533 0.7329910201950687 3865.5825577616083 29.0 -17.43515331447363 1.7141951250954932 57355.251 57426.117 0 36 "Covariance may not be accurate."
01343337 31 0.46249999999999997 57357.233222705014 6.66133814775094e-17 1.0814936514209232 0.1416334780522911 0.0 0.00027094321558251977 1.387778780781447e-18 0.00011994612707177943 0.252498071603124 2584.4847718198 27.0 -19.470973343364445 1.5890747388586313 57372.223 57426.147 0 31 "Covariance may not be accurate."
01343401 24 0.46249999999999997 57396.635400567466 5.551115123125783e-18 0.6500001218796755 0.0020262556068478266 0.0 26.263951132499642 0.030819589036524972 0.3697207770744219 0.5955391196992809 2418.6874442861495 20.0 -17.019523402335427 2.2606538155738107 57372.046 57427.057 16 8 "Covariance may not be accurate."
01343533 31 0.46249999999999997 57387.96504714077 2.7755575615628915e-18 0.6500000000013388 0.002631839269801539 0.0 28.017931777274498 0.030924902788904352 0.3710992177582562 0.5927637728364208 464.67532515272455 27.0 -16.265991390824276 2.2606541381660463 57365.036 57407.048 19 12 "Covariance may not be accurate."
01343759 32 0.46249999999999997 57378.550386299925 2.7755575615628915e-18 0.6500000000050121 0.002864600296384523 0.0 30.007760085984046 0.03131310908477203 0.37575806395706096 0.6367525341141945 13682.529877195188 25.0 -16.26562332692615 2.2606541445202737 57365.133 57426.118 10 22 "Covariance may not be accurate."
01343871 28 0.46249999999999997 57340.22604344619 0.0 1.2056680285356256 0.5001374108879002 0.0 0.0 0.0 0.0 0.0 0.0 -4.0 inf nan 57355.223 57408.057 0 28 "Hesse Failed. Covariance may not be accurate. Covariance not positive definite."
01344692 28 0.46249999999999997 57376.03584019814 5.551115123125783e-18 0.651093972405704 0.06678417525873181 0.0 29.77293448700948 0.03147035923773985 0.3661502855563279 0.704610118811793 363.8637118856523 24.0 -16.912084940513672 2.2579133269482803 57366.054 57427.068 8 20 "Covariance may not be accurate."
01345553 24 0.46249999999999997 57394.88865777118 2.1371793224034264e-16 0.6500001267160634 0.9778253675071067 0.0 28.026499677722313 0.030877606392709506 0.3704143345251193 0.6717816600137433 5203.180610218687 20.0 -19.083523082272652 2.260668070168265 57372.046 57427.057 12 12 "Covariance may not be accurate."
01345582 28 0.46249999999999997 57379.53659595746 2.7755575615628915e-18 0.6500000000034406 0.0009342770248062515 0.0 29.708536155489128 0.030891937207917747 0.37070385972252173 0.6018557135111868 1852.1581825391133 20.0 -16.268671971163876 2.260654091881257 57365.051 57427.057 12 16 "Covariance may not be accurate."
01345594 23 0.46249999999999997 57381.78887685017 8.326672684688675e-18 0.7760330156936731 0.00013444480480906407 0.0 29.323597309881734 0.03083211456493751 0.44394950747291173 0.6100156144977023 864.9365329042131 19.0 -17.46273922228257 1.9878666723934089 57372.046 57427.057 8 15 "Covariance may not be accurate."
01346137 28 0.46249999999999997 57360.047873180585 6.383782391594651e-17 0.6505025506513773 0.12473784257090276 0.0 26.174298711579468 0.03287755904700473 0.38630889428367043 0.5527663749751854 1745.496910791078 24.0 -19.457743713376946 2.259397135467964 57375.046 57425.153 0 28 "Covariance may not be accurate."
01346387 28 0.46249999999999997 57381.07492336789 5.551115123125783e-18 0.6500268537031137 0.0018770227624866909 0.0 29.195145887315448 0.03080481657572086 0.3679567664790696 0.632704303513865 16444.132834624026 24.0 -17.019759111073412 2.2605866861925463 57372.127 57426.118 6 22 "Covariance may not be accurate."
01346956 20 0.46249999999999997 57372.17809173472 1.665334536937735e-17 0.8573461136677143 0.3315335505335831 0.0 25.100986492638185 0.03140932376805246 0.40083128909300464 0.7367892798736535 7507.526888880872 16.0 -17.589794143530547 1.8554996882994708 57387.178 57426.147 0 20 "Covariance may not be accurate."
01346966 27 0.46249999999999997 57361.05749670924 8.326672684688674e-17 0.664179214684913 0.1514937890980198 0.0 0.0006543123236042447 0.0 0.0037652913498278373 0.009014466802425958 5962.775783295268 23.0 -19.693518638416837 2.2257451316628902 57376.057 57426.147 0 27 "Covariance may not be accurate."
