analysis_pipeline/fit_results/des_5_salt2_2.4_all.ecsv
# %ECSV 0.9
# ---
# datatype:
# - {name: obj_id, datatype: string}
# - {name: num_points, datatype: int64}
# - {name: z, datatype: float64}
# - {name: t0, datatype: float64}
# - {name: x0, datatype: float64}
# - {name: x1, datatype: float64}
# - {name: c, datatype: float64}
# - {name: z_err, datatype: float64}
# - {name: t0_err, datatype: float64}
# - {name: x0_err, datatype: float64}
# - {name: x1_err, datatype: float64}
# - {name: c_err, datatype: float64}
# - {name: chi, datatype: float64}
# - {name: dof, datatype: float64}
# - {name: b_max, datatype: float64}
# - {name: delta_15, datatype: float64}
# - {name: tmin, datatype: float64}
# - {name: tmax, datatype: float64}
# - {name: pre_max, datatype: int64}
# - {name: post_max, datatype: int64}
# - {name: message, datatype: string}
# schema: astropy-2.0
obj_id num_points z t0 x0 x1 c z_err t0_err x0_err x1_err c_err chi dof b_max delta_15 tmin tmax pre_max post_max message
01248677 59 0.33565839712003814 56554.173300139 3.38946796897277e-05 0.9375717534791486 -0.08100174432559845 0.005990439904173417 0.09636417585352319 2.816728831997441e-07 0.08975891916026257 0.011231650977197818 316.2410231856027 38.0 -19.59062315688083 0.8896150372923444 56538.281 56629.123 10 49 "Minimization exited successfully."
01250017 60 0.14159073151338908 56553.65501924358 0.0001169843161412193 1.041458047663534 0.012090269725609226 0.004962866405540084 0.06628490590446745 1.4907979647885123e-06 0.1074408273971521 0.009473340541066383 56.39217088605029 40.0 -18.82257340319532 0.868652356410557 56534.233 56616.08 19 41 "Minimization exited successfully."
01253039 74 0.3538303560474619 56572.26799856519 1.7333782566847368e-05 -0.36327183384701733 0.01887299490162203 0.0071978686104303136 0.03314198990483419 3.586088625565087e-07 0.2892317548551955 0.021718996600679663 78.55328579302504 49.0 -18.995194504719567 1.121824616827361 56547.268 56653.094 24 50 "Minimization exited successfully."
01253101 68 0.26470884981464327 56568.091999971526 1.238380340021772e-05 -0.6767235694740692 0.299999925052375 0.009080671726689055 0.009710058006021427 4.067672210991694e-07 0.4306842874143305 0.003617886496292244 489.2214483341399 46.0 -17.90495760065191 1.1654570247046827 56543.092 56657.052 20 48 "Minimization exited successfully."
01253920 58 0.21115232015378316 56583.38165826337 0.0001018431241452622 -0.7583331570020402 -0.1204031559904413 0.0056610854573419245 0.08989773204666562 9.751807431263e-07 0.07811994704713121 0.014104510855579941 121.56819381536923 38.0 -19.631857237860025 1.2115484682381847 56559.19 56649.173 20 38 "Minimization exited successfully."
01255502 29 0.08359971463695083 56588.26599999988 0.00017555014913935574 -0.25374787521617703 0.2123173610736921 0.00387357953575225 0.0036545892908179667 9.52582943851421e-06 0.24542695735461684 0.03391897006999328 939.2896254809843 9.0 -18.036329424520254 1.0889523461480408 56563.266 56653.077 6 23 "Minimization exited successfully."
01257366 40 0.2081792603836925 56612.00386363634 4.500683410162132e-05 -0.1909906671502668 0.13910175632657923 0.02244690847919352 0.45181674094419577 2.361569308999279e-06 0.4599052850369456 0.07430810291636855 30.743347949714366 20.0 -18.711395041571265 1.0814172677020508 56590.341 56682.089 7 33 "Minimization exited successfully."
01257695 48 0.15354388434302124 56613.18795432396 0.00013167600737235552 0.3695699125075018 -0.0768249607201866 0.007516490785746732 0.06863235321361572 1.5200465473569374e-06 0.06975911969992366 0.007990995895413328 115.70466338813722 31.0 -19.14322176698108 0.9889490259879317 56590.025 56675.078 17 31 "Minimization exited successfully."
01258906 56 0.25820271671993883 56619.01199995769 1.9943201401445565e-05 -0.682829934104149 0.1567618001329455 0.017191484031363308 0.029240287221909966 8.691417775888447e-07 0.27229158698144684 0.04338534069304048 81.48489787018359 36.0 -18.357024673370216 1.1768462122551249 56594.012 56695.038 18 38 "Minimization exited successfully."
01258940 70 0.21505381202476198 56615.310999675385 1.6579221818938118e-05 -1.6564000475151661 0.2725607502595277 3.8852011092466165e-05 0.03512589511592523 9.743897827776956e-07 0.2886436861930226 0.04422715593226301 90.10175249618068 47.0 -17.708598934642023 1.381730154586041 56590.311 56697.043 19 51 "Covariance may not be accurate."
01259412 47 0.3051671192866424 56624.31034686785 3.72943492028488e-05 0.919036569137222 -0.0363677880033621 0.006827977345888275 0.19654574913874967 3.5260948852283567e-07 0.1467040090923053 0.012159630150352208 101.46874018510962 30.0 -19.453731091743364 0.8911379957990597 56602.144 56697.078 11 36 "Minimization exited successfully."
01261579 40 0.3262750820104971 56638.53103470669 3.0371733818770896e-05 -0.1850342513945522 0.0009300679681304436 0.007478238608134347 0.11905272518197307 3.500164862363382e-07 0.1052711737549239 0.014659448623885935 26.393258337439647 25.0 -19.39853534449517 1.0881977141049788 56615.111 56697.079 12 28 "Minimization exited successfully."
01262214 68 0.4486780919897169 56650.223999999616 6.5473677175381665e-06 -0.9597014313584187 0.014515175316603846 0.007822232350033625 0.01168263404906611 1.2571293076801835e-07 0.19441188424058264 0.02364147094370278 264.5324034616192 63.0 -18.548066225849162 1.2453265486629235 56625.224 56698.051 24 44 "Minimization exited successfully."
01262715 46 0.4433206934363408 56650.22399998072 7.665095128830957e-06 -1.100486186089386 0.04512223093892731 0.0070711223193095085 0.007112764124030946 1.427071304918595e-07 0.18678757703284843 0.02306263884956547 481.42445911590823 28.0 -18.688098867446385 1.2738811302209818 56625.224 56697.09 17 29 "Minimization exited successfully."
01263369 36 0.3166406554333742 56665.82898528129 3.191671333399038e-05 0.22353809856384022 -0.05536522812778971 0.022756813186526448 0.38873532431171043 7.460091226499377e-07 0.2732925442346128 0.03964431674199108 18.423896075045178 22.0 -19.377119747500295 1.0144952905246356 56645.136 56697.043 16 20 "Minimization exited successfully."
01263715 35 0.26418153462178795 56666.975096293354 3.945080624148112e-05 0.44384723714936136 0.0022364520291385803 0.021107857384665557 0.20581950406631222 8.896171089567438e-07 0.30083469825552234 0.036346143848070195 16.34787907081631 21.0 -19.153847733509444 0.9721152306537917 56645.05 56694.039 15 20 "Minimization exited successfully."
01275946 72 0.23525774598645005 57261.7092211373 8.033088174847492e-05 1.6243087102782745 -0.055586650574719954 0.008043077542961019 0.07445133019064087 9.220005738233534e-07 0.12278152390458752 0.016824434071916305 479.32251815978856 48.0 -19.64053410794585 0.7739866132158895 57248.373 57329.035 15 57 "Minimization exited successfully."
01279500 45 0.2537985322494689 57252.01829001381 5.954239204139234e-05 0.6976240825677205 -0.04758352715819136 0.010608673155844128 0.26205409141402924 4.6778125648156e-07 0.14250004916592518 0.01737578538103926 71.70740881207223 29.0 -19.501624268517048 0.9296557120859887 57249.293 57319.287 4 41 "Minimization exited successfully."
01280217 63 0.36597750274694013 57250.398969785216 2.0824304968822262e-05 1.9999989221134182 0.041369709261073695 0.015885833549446338 1.5165363895030168 6.919843014888134e-07 0.5706221118557786 0.03702618915941114 87.2341449789198 41.0 -19.28281456545966 0.7093175004919097 57248.388 57329.175 4 59 "Minimization exited successfully."
01281668 83 0.30614431890017646 57271.248559841915 3.8716754011880466e-05 0.22260315935597497 -0.09538516028756508 0.020751515144590255 0.46391479142403114 8.153250624323698e-07 0.27297602570689694 0.0320368258266598 82.72134091925525 56.0 -19.50220927132078 1.0165629256499393 57248.373 57342.028 20 63 "Minimization exited successfully."
01281886 70 0.3378832814406626 57266.98170281143 2.227345830649874e-05 0.24863065179607613 0.047096357255943744 0.019971443960469515 0.4798510890905163 1.206941906065073e-06 0.4590363452307129 0.04764824263715617 50.83935657597924 46.0 -19.15078047924054 1.004995625907089 57248.388 57345.234 16 54 "Minimization exited successfully."
01282736 72 0.34175577976808325 57265.93500850411 1.456732110690362e-05 -1.0641743007432782 0.1869006632367437 0.020205356926954438 0.48037081746952026 9.224540915009341e-07 0.4741526289694842 0.054186927393052836 38.62268930497325 47.0 -18.719691813310014 1.2546074459643464 57249.279 57346.032 15 57 "Minimization exited successfully."
01283373 61 0.20565757443594884 57268.933424108654 6.0585785312686215e-05 -1.131080834684452 0.007106294755840514 7.800665633828086e-06 0.00034139085619244725 1.1596807222513674e-06 0.19729259661430887 0.016712655319661124 77.44074100982974 38.0 -19.002846360166536 1.2837154127914019 57249.423 57332.081 9 52 "Minimization exited successfully."
01283878 56 0.31382267492334687 57265.45460003091 2.4980492941606426e-05 -0.8734057852068484 0.02540247819249386 3.702278779915691e-05 0.42536450969419093 1.4343258649643375e-06 0.47105040946691423 0.04027379902558065 6.334501203560271 37.0 -19.08779650328932 1.2259387914429176 57249.293 57339.187 13 43 "Minimization exited successfully."
01283936 85 0.38418697560091253 57268.04290960804 1.096276579033717e-05 -0.49799307513473456 0.14943511556955563 0.03706492277771781 0.9021103584418597 8.321490529553114e-07 0.7250159092593685 0.11475743565502194 27.703775434283276 57.0 -18.709118631140658 1.140231817473385 57248.373 57347.084 20 65 "Minimization exited successfully."
01285160 72 0.7136505258653216 57272.130724191746 5.304042782877661e-06 -0.46645743513701987 0.003401596321749356 0.024101471413439046 0.5999049856836791 2.5065354213593674e-07 0.3362695766614321 0.07556363883290872 57.540185854442385 50.0 -19.542185165855468 1.1432648971498267 57249.403 57372.178 12 60 "Minimization exited successfully."
01285317 92 0.5815840655184915 57268.80285143763 9.001695239427288e-06 0.29933392753049715 -0.09854724682108859 0.05581059304765146 1.0448395558887569 5.443297398141651e-07 0.6260721553622857 0.07907514168122097 50.516290245923564 63.0 -19.57403880372631 1.002665572332944 57248.373 57356.127 20 72 "Minimization exited successfully."
01286398 52 0.17601387242645877 57271.10566097533 0.00010269452800510393 -1.8180690658163292 -0.022229618814769314 0.008548749362377345 0.21693505433722748 3.1877185966894316e-06 0.15166130897474117 0.024742055552971404 68.59211054229726 34.0 -19.198803986425258 1.4517544298099985 57249.293 57331.145 13 39 "Minimization exited successfully."
01287626 23 0.24229524643474942 56678.04699998408 4.079618799055773e-05 -1.0827363517020956 0.027032691905597428 0.010560253500565137 0.01033943557558814 7.252676637814495e-07 0.17136997867089399 0.027146058247461385 201.60297606519504 12.0 -18.975293821841575 1.2713667499749022 56653.047 56697.072 12 11 "Minimization exited successfully."
01289288 81 0.2555913249200033 57273.34896320431 2.4684062781596405e-05 -1.0407620057175455 0.152935112255223 0.05599833408567437 3.9503570560045773 1.0206811779808752e-06 0.5508303456252313 0.09900856488051954 42.17772810870845 53.0 -18.563138264961694 1.2522542306504576 57248.373 57347.084 19 62 "Minimization exited successfully."
01289555 79 0.4617526403219155 57273.388 1.1203336065387926e-05 0.6747445633802576 -0.013276667109792084 0.02322394977679018 1.697140281452448 5.298412465493122e-07 0.5602258818304087 0.04954723116461843 64.41176588603143 53.0 -19.206884842220106 0.9322415339572778 57248.388 57365.115 16 63 "Minimization exited successfully."
01289600 64 0.35071949838332905 57278.28499962847 1.273825387323735e-05 1.5581176650548052 0.13326611495162555 0.007420397109757365 0.023052365861076396 2.790906342017837e-07 0.29892116136271074 0.023348899390185612 193.6220348166102 43.0 -18.640890229417657 0.7792520945032457 57253.285 57365.221 12 52 "Minimization exited successfully."
01289656 75 0.5217717925485159 57269.22881859518 9.069710644279971e-06 -0.0780172234430827 -0.017733118620660182 0.011354017975729713 0.5373853758974292 5.413696998093907e-07 0.6456665181586065 0.062318830718560606 30.425062714985515 49.0 -19.295963594015618 1.068786839089011 57249.423 57355.245 10 65 "Covariance may not be accurate."
01289664 64 0.2739889315111947 57277.30299999061 5.059325492576261e-05 -0.6777636402841432 -0.0688321232291863 0.008269647459620527 0.022096523262007395 6.095908510542203e-07 0.1506841845116933 0.015704790049084233 152.21366004323625 41.0 -19.51411027914952 1.1911215931757866 57252.303 57345.234 13 51 "Minimization exited successfully."
01290779 44 0.404252105169896 56892.36901610464 1.709554797473256e-05 -0.7288644956728465 -0.08547161833897174 0.01758089515610725 0.6522560544945009 4.820162597646272e-07 0.48902191870816814 0.049407276341088255 27.96399803206736 27.0 -19.321181598336665 1.2029606004825268 56887.39 56973.322 8 36 "Minimization exited successfully."
01290816 40 0.20683790828322596 56891.83956456429 6.230065230979354e-05 1.2111187707661948 0.054412527535236455 0.007314316923851774 0.2870945926151762 7.10737637150964e-07 0.19171900012259524 0.020360989710235228 185.31857702801037 25.0 -19.048915829210628 0.8388364740964889 56887.39 56960.278 8 32 "Minimization exited successfully."
01291080 52 0.4955369562077163 56888.341329396106 1.1068113095152876e-05 -1.7718016002330734 0.12299114324542315 0.032662737231873046 2.047182410304231 6.242695611724526e-07 0.8749279608653868 0.08200752359357893 40.97824431552076 33.0 -19.377145937611562 1.4251045103793487 56887.268 56973.078 4 48 "Minimization exited successfully."
01291090 51 0.24859745937995043 56904.82813073989 4.877165926903959e-05 1.2959653354462795 -0.005091927593834977 0.013732511761633426 0.15039050014820532 1.3169151490133313e-06 0.23566800773340546 0.026941646143515102 94.80509640831843 32.0 -19.234239819882024 0.8267431074469762 56887.211 56973.028 12 39 "Minimization exited successfully."
01291794 72 0.3817598220332038 57277.288999775505 1.8652837618202134e-05 -0.288148557912439 0.0643991810332376 0.014767555125308918 0.27572986442464753 6.574851472013199e-07 0.48710565167637077 0.05191388221449017 41.16855226475518 49.0 -19.269069551273297 1.1044315539420033 57252.289 57356.174 18 54 "Minimization exited successfully."
01291957 60 0.2445943253180074 56902.1789999953 2.8191690343204458e-05 -0.818424576045135 0.07353880299218674 0.010913831110621136 0.013345327246497618 1.1569904291061646e-06 0.1980259979640705 0.03296201247766445 249.86476796028606 40.0 -18.597758095732416 1.2108079869681845 56877.179 56980.031 12 48 "Minimization exited successfully."
01292145 73 0.49950907903376196 57274.32344488492 6.858989900754287e-06 0.4084224524084483 0.09172159125537321 0.00013682920556401523 0.005861587509571109 3.98477412213993e-07 0.6503610107701658 0.07368505827726596 35.714742935715016 49.0 -18.879302646711324 0.9743122331168017 57252.289 57356.174 15 58 "Covariance may not be accurate."
01292195 81 0.7183545374404902 57274.40299981404 3.522577719958231e-06 -0.3761516374313665 0.2999999995885319 0.01224295435129319 0.07466410195775097 1.3047629328216673e-07 0.44201594914519293 0.03295761586615342 109.20783893317012 57.0 -19.120290464522274 1.1067455142623714 57249.403 57389.163 12 69 "Minimization exited successfully."
01292332 49 0.26161906409898894 56901.13958209212 5.475527729705554e-05 0.29628831674510847 -0.07301724293726597 1.8780982024430015e-05 0.00011824660032289103 1.1617634853813834e-06 0.20136000570459944 0.018466684305047318 50.355030130073615 32.0 -19.485692419673256 1.0020468727177096 56890.328 56973.19 5 44 "Covariance may not be accurate."
01292336 49 0.2495745896263551 56901.91531939927 4.643600018058303e-05 -0.18402646381949062 0.04303966086605049 0.019985006009991674 0.22824750135987415 1.06432523347827e-06 0.2327816581857014 0.034674310390351654 50.38331339936923 32.0 -19.18954982020395 1.0856250721734 56890.328 56973.19 5 44 "Minimization exited successfully."
01292560 48 0.23700968176662113 56904.659842665154 8.160078409762962e-05 0.28548207133687065 -0.12641981518037398 0.009388164985065034 0.2167917552687868 1.3359162782097797e-06 0.14057460996639004 0.020248634942630808 104.10444368818469 30.0 -19.67513927571709 1.006467694695182 56890.263 56973.042 7 41 "Minimization exited successfully."
01293319 57 0.28577865386991586 56912.26799956045 4.1051663169805465e-05 1.7923089903266618 0.016910235869627477 0.007542984636195571 0.054812022906844504 8.216778001279825e-07 0.22614129824491114 0.019027400807731853 133.34294177802556 37.0 -19.39435201614008 0.7442754754633896 56887.268 56980.072 12 45 "Minimization exited successfully."
01293758 35 0.1458256708268598 56915.729825525195 0.00013394562088475114 -1.3100454094589982 -0.01196756949883826 0.4086730403070362 26.58117002039944 0.029628077332507885 3.308908042441471 0.4233704940788225 147.93030147787795 13.0 -19.03788333363264 1.326148618402481 56891.384 56980.044 9 26 "Covariance may not be accurate."
