analysis_pipeline/fit_results/des_4_salt2_2.4_red.ecsv
# %ECSV 0.9
# ---
# datatype:
# - name: obj_id
#   datatype: string
# - name: num_points
#   datatype: int64
# - name: z
#   datatype: float64
# - name: t0
#   datatype: float64
# - name: x0
#   datatype: float64
# - name: x1
#   datatype: float64
# - name: c
#   datatype: float64
# - name: z_err
#   datatype: float64
# - name: t0_err
#   datatype: float64
# - name: x0_err
#   datatype: float64
# - name: x1_err
#   datatype: float64
# - name: c_err
#   datatype: float64
# - name: chi
#   datatype: float64
# - name: dof
#   datatype: float64
# - name: b_max
#   datatype: float64
# - name: delta_15
#   datatype: float64
# - name: tmin
#   datatype: float64
# - name: tmax
#   datatype: float64
# - name: pre_max
#   datatype: int64
# - name: post_max
#   datatype: int64
# - name: message
#   datatype: string
# schema: astropy-2.0
obj_id num_points z t0 x0 x1 c z_err t0_err x0_err x1_err c_err chi dof b_max delta_15 tmin tmax pre_max post_max message
[from data line 164]
01336480 21 0.256 57350.25113766416 2.474788255011906e-05 0.07240746364956063 0.2999997160984956 0.0 0.68905171892402 7.773215172715564e-07 0.41973923219411624 0.5131069411016632 7.265050575628596 17.0 -18.574108446048616 1.0236461366497025 57325.115 57403.103 7 14 "Minimization exited successfully."
01336687 22 0.2337 57351.43555341389 3.104013274533024e-05 0.7099749437154275 0.2999999989310071 0.0 0.3021700067074562 4.1739122930983943e-07 0.18800716914231175 0.5125698479154155 31.520275826164077 18.0 -18.595565643894112 0.9129187153427836 57327.067 57403.064 8 14 "Minimization exited successfully."
01337117 12 0.5539 57361.48388673579 8.284389331361664e-06 0.9352121912337767 0.29999999778929426 0.0 1.286002280368848 3.739093099544559e-07 1.1565925766836516 0.3042477240537612 2.3855356434008304 8.0 -19.360275718503473 0.8753684055479312 57329.035 57403.051 6 6 "Minimization exited successfully."
01337221 0 0.6688 nan nan nan nan 0.005 nan nan nan nan nan nan nan nan nan nan 0 0 "Empty table passed to fit_lc."
01337228 14 0.5788 57355.694248053325 4.526560232068211e-06 -0.23145048630237275 0.27991176196439477 0.0 2.5152943937318923 3.939648874655422e-06 2.0592393413824475 0.3340419331181682 4.011216983857869 10.0 -18.81843204092329 1.080621293900208 57325.03 57407.048 6 8 "Minimization exited successfully."
01337272 12 0.5027 57356.097797642986 6.794322200390224e-06 -1.889062499086382 0.20561140095767566 0.0 1.504124904735363 9.923737111167119e-06 1.3153767725893015 0.321728073381431 3.8787388061855452 8.0 -18.886259884642207 1.4463755718896962 57325.075 57427.057 5 7 "Minimization exited successfully."
01337325 12 0.6387 57358.13694674897 4.738570837561906e-06 -1.4461387390566487 0.2905809599908569 0.0 1.842905365068873 1.9639854026379246e-06 1.4051903410378292 0.45039687514109106 9.146055773813682 8.0 -19.128510031308775 1.33057282403146 57325.075 57427.057 5 7 "Minimization exited successfully."
01337649 18 0.2491 57363.420295038726 4.891914078163362e-05 0.43530553903640357 -0.02149722317847791 0.0 0.319867892536422 6.941674923612031e-06 0.22130526061476075 0.0930672904022677 19.0106116439148 14.0 -19.24172569058057 0.9746934094712394 57339.167 57408.057 6 12 "Minimization exited successfully."
01337655 0 0.8485 nan nan nan nan 0.005 nan nan nan nan nan nan nan nan nan nan 0 0 "Empty table passed to fit_lc."
01337687 23 0.3195 57361.03740761536 4.060178057206654e-05 0.6074560922533978 -0.13902049235064598 0.0 0.37238461812012247 4.389692397252511e-06 0.2343296217530395 0.07767680468787352 7.038438996969519 19.0 -19.6622159096765 0.9491337605778902 57339.3 57425.154 6 17 "Minimization exited successfully."
01337703 14 0.5334 57358.77449617517 1.638642731908724e-05 1.0370706000710674 -0.2987849880290398 0.0 2.019556524937798 2.6047330653769523e-06 1.3713091656738914 0.5609043368602677 4.332923505028454 10.0 -20.00137581657276 0.8800436590901377 57325.127 57425.154 6 8 "Minimization exited successfully."
01337838 21 0.3119 57364.62510006688 2.811410403982806e-05 1.1026834646310748 0.13076459067686969 0.0 0.3190816631067719 3.2989673718217274e-06 0.3574903005031431 0.08280278596218274 29.57738046990753 17.0 -19.202943789509945 0.8541331181676206 57339.153 57427.068 7 14 "Minimization exited successfully."
01338128 22 0.3117 57366.368653537575 1.678480484424705e-05 -0.9504801282081266 0.2639524241949303 0.0 0.45272744040266844 3.2981452441280265e-06 0.48823753928901015 0.11620143691446227 6.389269158754549 18.0 -18.642696558287504 1.224240269412082 57339.023 57407.048 8 14 "Minimization exited successfully."
01338170 11 0.389 57363.05366959301 1.294252610015978e-05 1.033762810263756 0.22714363604655857 0.0 1.4100982675190608 1.4769642178043276e-05 1.111392246594308 0.4270833391242611 6.477837076940524 7.0 -18.923995440920436 0.8619478946511023 57339.026 57407.048 3 8 "Minimization exited successfully."
01338233 13 0.598 57354.67035316113 4.427805971443655e-06 -2.9999605985099054 0.24459385522317806 0.0 2.553245834169502 7.0704022794826356e-06 4.0169948296950055 0.5395638875533699 2.770064487033959 9.0 -18.878502064925033 1.7672780115225102 57319.283 57427.057 5 8 "Minimization exited successfully."
01338266 0 0.6476 nan nan nan nan 0.005 nan nan nan nan nan nan nan nan nan nan 0 0 "Empty table passed to fit_lc."
01338278 10 0.5639 57367.64177190939 6.238850143233666e-06 -1.3007887709691575 0.2999999681066115 0.0 3.0468528143719595 6.383387260194826e-07 3.2420053093404717 0.3193423842691408 4.05572610500182 6.0 -19.098055654667412 1.2969062284226425 57339.04 57427.057 4 6 "Minimization exited successfully."
01338387 10 0.5838 57364.81491780284 7.017185184032826e-06 -0.41767911656361534 0.2999999286512393 0.0 1.5136667758015392 4.357009274091885e-07 1.4442598253461234 0.5128594818190534 10.055214862646705 6.0 -19.31764019903042 1.114701463388247 57329.175 57403.104 4 6 "Minimization exited successfully."
01338430 9 0.5089 57363.659011392774 8.280211579234087e-06 -0.1819052581255054 0.29999987355600494 0.0 1.614083096235845 4.4664201333532926e-07 1.5409885554124179 0.5128751030789853 3.0111230896546317 5.0 -19.136460493002886 1.070145983157044 57339.124 57403.104 3 6 "Minimization exited successfully."
01338471 12 0.5309 57348.2051707514 4.419906882596747e-06 -1.0936563825668917 0.2930137412528249 0.0 3.314541859399469 1.8755667759870477e-06 1.9293153727179184 0.4117710516459526 2.972040293287936 8.0 -18.565102808842692 1.252273929344927 57319.139 57403.104 5 7 "Minimization exited successfully."
01338675 8 0.3306 57370.77664088381 1.3130787002477162e-05 -0.9740792052103497 0.28839061971283414 0.0 1.1834396291233134 4.838149939691284e-06 1.0932333943032253 0.5606615209374164 0.9116005589036932 4.0 -18.525481778333152 1.2272644788402864 57339.073 57402.062 4 4 "Minimization exited successfully."
01339002 19 0.3025 57371.292261689465 1.737001679703587e-05 0.1946466311583519 0.29999878021663545 0.0 0.9405945546786825 7.806253288750182e-07 0.9143788545385767 0.38008503963004475 10.390197017376657 15.0 -18.606300773772848 1.001815104554197 57345.071 57427.068 7 12 "Minimization exited successfully."
01339149 9 0.4678 57373.0001172403 7.879022640430722e-06 0.6711063717084 0.2980093798693573 0.0 1.7009709391204524 2.162951842815675e-06 1.5385546300664352 0.37176837252717493 2.788421197758043 5.0 -18.863346726324156 0.9195575100716873 57346.032 57427.065 3 6 "Minimization exited successfully."
01339392 19 0.1804 57370.52382535843 0.0001315399187881955 -0.568419197152902 -0.03152868566272499 0.0 0.7408914738298336 6.0560657002213534e-05 0.5098384034432977 0.23155247346963792 11.97337026917156 15.0 -19.52747307169573 1.166101790035622 57345.333 57426.147 6 13 "Minimization exited successfully."
01339450 13 0.5505 57367.91895705389 4.41541753584962e-06 -0.4954889859317597 0.2612218778600794 0.0 2.371659436237678 6.090163796045045e-06 3.711910888524722 0.3065840910511229 11.703880121310892 9.0 -18.658638168805666 1.1323464870121533 57339.288 57426.145 5 8 "Minimization exited successfully."
01340454 10 0.421 57377.11985989875 1.1827362254243635e-05 1.9999888595731976 0.2999997935141075 0.0 0.788687232794473 4.898518251458822e-07 0.4194887516168042 0.31115227741766427 11.694361472537665 6.0 -19.032927601718352 0.7023729756972692 57345.319 57425.153 4 6 "Minimization exited successfully."
01341370 8 0.409 57375.433840032834 1.054995309607565e-05 1.690293281657537 0.2999997706731226 0.0 1.139541477234161 4.990273782673471e-07 3.6784291743365625 0.5130248658993908 5.552554540904689 4.0 -18.833783176022315 0.7526711999387317 57347.083 57403.052 4 4 "Minimization exited successfully."
01341894 14 0.3121 57389.90589694978 2.3325029457016424e-05 -0.24706975601776282 0.14373446721607513 0.0 0.607134958361712 6.83759121635208e-06 0.6852303913765627 0.1883393159747133 3.5455948905222967 10.0 -19.00094100522323 1.0918115597263878 57365.056 57427.057 8 6 "Minimization exited successfully."
01342255 12 0.2141 57390.767103349164 7.883526025791177e-05 1.3691594964462146 0.006425669511382015 0.0 0.31265255133257597 1.100832530353674e-05 0.41882749337335246 0.08866502829782431 8.883399385208985 8.0 -19.388650690887044 0.8142483003598038 57365.112 57403.103 8 4 "Minimization exited successfully."
01343208 10 0.4993 57390.28679142397 7.3764002528703415e-06 -0.9141381374814399 0.2999999844878027 0.0 0.7106078084798355 3.00197779132261e-07 0.9431470963268765 0.3131163164022444 2.2150002571664986 6.0 -18.960748778682945 1.2138239745102446 57355.251 57426.068 6 4 "Minimization exited successfully."
01343337 8 0.3389 57396.31003007026 1.4764064063868544e-05 1.184932249519047 0.2999997630746372 0.0 1.3613620110008924 1.504041530947519e-06 1.3229346344028667 0.42242247798637406 1.405115195848786 4.0 -18.717515706815803 0.8344079725427491 57372.229 57426.145 5 3 "Minimization exited successfully."
01343401 6 0.3829 57394.44266014293 1.5178007591754029e-05 1.290691855002752 0.2999997317226772 0.0 1.9919044151138223 1.4275089804073604e-05 2.654102430670249 0.5006239187494742 0.39152199260719733 2.0 -19.05881331311836 0.8172193633898246 57372.053 57427.057 3 3 "Covariance may not be accurate. Covariance not positive definite. Covariance forced positive definite."
01343533 8 0.368 57389.56498926423 1.107628082346046e-05 -2.9998979479340555 0.2040525746645358 0.0 1.659033644678857 4.66288426562711e-06 4.280612781788694 0.33960727909529526 0.618957443473909 4.0 -18.610183698157 1.7738952516332134 57365.044 57407.048 5 3 "Minimization exited successfully."
01343759 8 0.508 57394.602603418294 7.85700560942959e-06 -0.6728176058103585 0.29999979346493516 0.0 0.574130175235041 1.6316237895497299e-07 0.6856691302357691 0.512670028720379 3.4305265649617005 4.0 -19.074584024867963 1.1646766440663612 57365.133 57426.068 5 3 "Minimization exited successfully."
01343871 7 0.6379 57391.451101340666 8.184950760589671e-06 1.999999982278509 -0.2993419982714078 0.0 1.8861439571955998 1.0185129435208436e-06 3.2564484951249453 0.4572162678151385 3.74739765499539 3.0 -19.72138194263492 0.7177112028339572 57355.231 57408.057 4 3 "Minimization exited successfully."
01344692 7 0.3795 57395.93114447782 9.585800060460392e-06 -2.99999085738832 0.14163084495405143 0.0 1.7728716756209906 4.892448971474672e-06 4.273257074519641 0.46726989272099906 2.4560020391400728 3.0 -18.53077509432626 1.7840960259320369 57366.061 57427.065 4 3 "Minimization exited successfully."
01345553 12 0.3189 57393.922721085226 3.873409691900476e-05 -1.108018161095838 -0.1860139189411093 0.0 0.5815107157286548 8.801680217165876e-06 0.7921970321091703 0.15242629048342746 6.233194344334814 8.0 -19.605976897990466 1.2933711445356835 57372.051 57427.057 6 6 "Minimization exited successfully."
01345582 7 0.4588 57397.89471320576 8.745147295119437e-06 0.9724659606286092 0.299733894403269 0.0 2.3921340810557012 7.861562393313148e-06 3.794263290632091 0.30009314377620794 4.486684012889754 3.0 -18.92641153152553 0.8692285577674319 57365.058 57427.057 5 2 "Covariance may not be accurate. Covariance not positive definite. Covariance forced positive definite."
01345594 6 0.4224 57398.23606601036 2.4744941249929542e-05 -2.033897649532431 -0.26625573281607634 0.0 3.039624364570045 2.808993095200219e-05 2.8875184105791476 0.40300333882823636 0.5544811311315984 2.0 -19.838319187439986 1.535383023252578 57372.053 57427.057 4 2 "Minimization exited successfully."
01346137 7 0.3635 57404.863187650924 1.4952187526698358e-05 1.2507609654891798 0.2999994141124143 0.0 2.351747679265827 2.1485051955441595e-06 2.804635280995834 0.37280790762989846 1.530284914652281 3.0 -18.90957837942261 0.8237003094087747 57375.053 57425.153 5 2 "Minimization exited successfully."
01346387 7 0.3445 57395.848452783466 2.5563967125633025e-05 -1.9848747408390586 -0.29799516212660326 0.0 0.3081681171170203 3.492408541698467e-06 0.5273385323001876 0.5515092888963811 5.310293111834367 3.0 -19.352525665312946 1.524849644229235 57372.178 57426.068 4 3 "Minimization exited successfully."
01346956 5 0.3335 57373.86956831585 1.6632100452199096e-05 -2.9999999215043514 0.29999983058819063 0.0 0.5138259021005069 7.136429376830563e-07 0.12995466540967082 0.12401394289359086 429.98909595754833 1.0 -18.803795085740045 1.7581777687164966 57387.186 57426.145 0 5 "Minimization exited successfully."
01346966 7 0.3355 57404.18212482388 1.521078381303831e-05 -2.999999550700733 0.2999997711440015 0.0 0.8706436511565698 7.371584693258158e-07 3.383336390929448 0.4336676856967515 2.46268945297226 3.0 -18.72195479027519 1.7581776543806313 57376.062 57426.145 5 2 "Minimization exited successfully."
