analysis_pipeline/fit_results/des_4_sn91bg_color_interpolation_all.ecsv
# %ECSV 0.9
# ---
# datatype:
# - name: obj_id
#   datatype: string
# - name: num_points
#   datatype: int64
# - name: z
#   datatype: float64
# - name: t0
#   datatype: float64
# - name: x0
#   datatype: float64
# - name: x1
#   datatype: float64
# - name: c
#   datatype: float64
# - name: z_err
#   datatype: float64
# - name: t0_err
#   datatype: float64
# - name: x0_err
#   datatype: float64
# - name: x1_err
#   datatype: float64
# - name: c_err
#   datatype: float64
# - name: chi
#   datatype: float64
# - name: dof
#   datatype: float64
# - name: b_max
#   datatype: float64
# - name: delta_15
#   datatype: float64
# - name: tmin
#   datatype: float64
# - name: tmax
#   datatype: float64
# - name: pre_max
#   datatype: int64
# - name: post_max
#   datatype: int64
# - name: message
#   datatype: string
# schema: astropy-2.0
obj_id num_points z t0 x0 x1 c z_err t0_err x0_err x1_err c_err chi dof b_max delta_15 tmin tmax pre_max post_max message
[from data line 108]
01315259 44 0.455 56993.601364891714 1.2767564783189302e-16 0.6500000000064818 3.6059655853348804e-05 0.0 56.14552071160142 0.03309414282639765 0.39713065089339045 0.6123898858459234 9584.84872999336 40.0 -20.384517870672 2.262339157232706 56980.181 57049.073 10 34 "Covariance may not be accurate."
01315296 53 0.455 56983.868621518806 5.551115123125783e-18 1.234218263794554 0.113959471262299 0.0 58.146814576510224 0.03084878826012806 0.3258447232253337 0.722424984505049 1134.6795876189221 49.0 -16.7840657052365 1.4670094915783096 56973.183 57049.072 8 45 "Covariance may not be accurate."
01316385 32 0.455 57016.186349747826 2.5535129566378603e-16 0.6500000000017151 5.855871343385388e-13 0.0 0.0009402955292898696 0.0 8.87062645560377e-11 0.000578465669803796 5177.698562274398 28.0 -21.13714965495595 2.2623391562497837 57001.175 57067.046 11 21 "Covariance may not be accurate."
01316431 39 0.455 57023.52799886156 1.9984014443252818e-16 0.6500000000001088 0.009803315248225586 0.0 50.3343408020628 0.034177230020174074 0.41012665531484177 0.6541244140227065 37000.466721024495 35.0 -20.85546035444964 2.2623394306252074 57001.16 57052.1 20 19 "Covariance may not be accurate."
01316437 49 0.455 57022.25255425151 1.3877787807814457e-17 0.6811959787001218 0.014715580569262532 0.0 67.36797942610065 0.03326641825821635 0.32621416105204987 0.662203872572672 798.1865667275995 45.0 -17.95167733281276 2.186962985969007 56980.192 57052.1 31 18 "Covariance may not be accurate."
01316465 41 0.455 57020.28990560303 1.249000902703301e-16 0.6500021319358306 0.5001211852812011 0.0 33.32068386430183 0.0 5.4702636642645075e-08 2.3762798037174626e-05 27138.228611839193 37.0 -19.382379524583833 2.2623511013827624 57001.175 57067.046 16 25 "Covariance may not be accurate. Covariance not positive definite. Covariance forced positive definite."
01317164 35 0.455 57307.5448380317 4.163336342344337e-17 1.1511555788476378 0.058323036240890136 0.0 66.4645576423427 0.03075320210101401 0.4458412447792151 0.7001199325471406 2237.025468894155 31.0 -19.071930198089284 1.5279076221187076 57276.375 57355.165 11 24 "Covariance may not be accurate."
01317277 52 0.455 57008.30678670676 4.163336342344337e-17 0.9186827643290929 0.41841252862149814 0.0 0.5702310032356763 0.0 0.00016987107850008343 0.0002784290312524418 3498.6337571781687 48.0 -18.37470675620515 1.770350967507106 56987.071 57052.042 21 31 "Covariance may not be accurate."
01317286 54 0.455 57009.60372508132 1.332267629550188e-16 1.180835352940493 0.4914536992744425 0.0 0.14737902454726282 1.3877787807814407e-18 3.2519662798380367e-05 8.525741025233735e-05 12520.936410938479 50.0 -19.47355969671198 1.5045294678426764 56987.071 57052.042 22 32 "Covariance may not be accurate."
01317454 39 0.455 57050.84685655224 2.7755575615628915e-18 0.6500030698080224 0.0003678906466498266 0.0 50.37337505558753 0.03085141237678369 0.37079087505748176 0.6067716470099084 1450.2681468439532 35.0 -16.227100507420637 2.262331441392348 56987.028 57051.043 35 4 "Covariance may not be accurate."
01317666 47 0.455 57298.73369922742 3.1086244689504386e-16 0.9774295153586232 0.790772247309506 0.0 0.0006584118928003591 0.0 6.4648714632742355e-06 0.010154237594981075 16924.547594926404 43.0 -19.817305762818798 1.6976374773005958 57273.339 57356.106 16 31 "Covariance may not be accurate."
01319366 65 0.455 57286.99309389356 2.0539125955565397e-16 1.0105686918692545 0.34651870818579766 0.0 68.23775335624305 0.03099598324791892 0.4109323920477383 0.6663748281621531 14338.970384658081 61.0 -20.24792291254696 1.6609100336311613 57276.312 57372.107 11 54 "Covariance may not be accurate."
01319821 49 0.455 57019.521223127806 8.049116928532386e-17 0.900735870835464 0.07482950895372509 0.0 63.296431408187345 0.030750692630692085 0.41318393014950544 0.7085176178947608 2988.9915067255215 45.0 -19.758918700193806 1.7945544784562735 56992.123 57067.103 18 31 "Covariance may not be accurate."
01320166 39 0.455 57015.34269399918 2.7755575615628914e-17 0.9948052432271305 0.2605744628240225 0.0 1.6520818627650442 0.0 0.000753874109132191 0.0011741835935027978 768.7631533963433 35.0 -18.221832397604786 1.6780427193664522 56991.108 57049.049 16 23 "Covariance may not be accurate."
01322229 29 0.455 57023.447443386736 5.551115123125783e-18 1.1916341415277643 0.002911386318758591 0.0 48.61274899744967 0.031641704956091914 0.4303463693552767 0.6082592631283299 3219.9902468219125 25.0 -16.975660091322016 1.4964648189184082 57001.05 57052.048 16 13 "Covariance may not be accurate."
01322979 35 0.455 57023.5615752323 2.7755575615628915e-18 0.650000000000035 0.04220383701319985 0.0 0.0006597288302145898 0.0 4.873867975874191e-11 0.08922613223948486 16232.752186776686 31.0 -16.15908763439299 2.2623403965761675 57008.04 57067.047 10 25 "Covariance may not be accurate."
01324542 38 0.455 57038.94851156667 5.551115123125783e-18 1.222033598729162 0.4978880911697826 0.0 1.0156588994941558 0.0 0.0001323624557579839 0.0005065013253311434 1063.4998699862851 34.0 -16.007320820396632 1.475118898346821 57011.085 57067.103 15 23 "Covariance may not be accurate."
01325358 32 0.455 57023.23506228065 2.7755575615628915e-18 0.6500000538051971 0.0011171369451241642 0.0 52.629550315698 0.03078853848040728 0.36938666063807984 0.6006132146024236 1793.3690577652467 28.0 -16.22591917857394 2.262339051726812 57005.241 57066.064 12 20 "Covariance may not be accurate."
01327978 54 0.455 57313.73704085637 2.3592239273284576e-16 0.6500000010052333 0.5001163873587574 0.0 74.99373832307174 2.7755575615628815e-18 4.6272138620739867e-08 0.0002998590494741604 1389.8347478831884 50.0 -20.072903112642436 2.2623564638840925 57283.129 57373.043 31 23 "Covariance may not be accurate. Covariance not positive definite. Covariance forced positive definite."
01328066 81 0.455 57317.288620816325 2.7755575615628915e-18 0.650000001381668 0.0010888925748487321 0.0 85.79413991428737 0.03086097126800148 0.37031946425831586 0.6007983183351358 1462.1722617234584 77.0 -16.22596373449941 2.2623391828668247 57273.093 57379.051 43 38 "Covariance may not be accurate."
01328105 84 0.455 57310.188943434594 2.7755575615628915e-18 0.6500000002142254 0.05526086249683465 0.0 89.2850675226 0.0326040819083233 0.3912542044935145 0.5060895852170477 1893.4134017344516 80.0 -16.136957818506446 2.262340813209917 57273.093 57386.049 30 54 "Covariance may not be accurate."
01329166 71 0.455 57349.75730167229 0.0 0.6591661031382728 0.5001042381461067 0.0 0.0 0.0 0.0 0.0 2468.6839394723706 67.0 inf nan 57268.251 57402.11 45 26 "Hesse Failed. Covariance may not be accurate. Covariance not positive definite."
01329196 82 0.455 57308.1667818458 5.551115123125783e-18 0.7765297328580698 0.500132301102571 0.0 0.5324682262034912 0.0 5.866016039246524e-06 1.196831102934226e-05 2867.8351541852207 78.0 -16.0019059208971 1.9881727294831784 57266.247 57406.112 24 58 "Covariance may not be accurate."
01329312 59 0.455 57320.6989683927 5.551115123125783e-18 0.8709639865332568 0.3858792386375853 0.0 85.67186501656761 0.0327045414409588 0.45798635830272666 0.7310456984776974 2488.8043258805355 55.0 -16.25282691624197 1.8365447049154007 57283.189 57389.086 27 32 "Covariance may not be accurate."
01329615 66 0.455 57319.519188048915 5.551115123125783e-18 1.2238755934388799 0.028481604899391055 0.0 85.56127397731689 0.030879743945230506 0.3124843293055523 0.5383911911254582 1167.313103512441 62.0 -16.934443905241864 1.4738674900326316 57278.298 57385.114 34 32 "Covariance may not be accurate."
01330031 66 0.455 57300.88759097187 3.4416913763379854e-16 1.141687436898592 0.02888291074757221 0.0 63.39351456243094 0.031107359913016344 0.3523273913903823 0.5378221754811666 51901.83526105104 62.0 -21.41476364536306 1.5357536757368209 57290.065 57376.047 13 53 "Covariance may not be accurate."
01330426 66 0.455 57336.339785952994 1.6930901125533639e-16 1.2014127466190676 0.4934185755304736 0.0 82.375657073826 0.03082877396647958 0.42665369309717355 0.7098660097649343 34644.96462041961 62.0 -19.72900764270974 1.4894008611894698 57288.21 57387.185 31 35 "Covariance may not be accurate."
01330642 68 0.455 57321.30625181335 1.1102230246251566e-17 0.7278211683614834 0.005166120211926362 0.0 94.0308555924239 0.031222418916990013 0.4424597398557494 0.6438996793308517 3755.639732867838 64.0 -17.724663003766732 2.083410480444943 57283.189 57406.1 27 41 "Covariance may not be accurate."
01330903 79 0.455 57324.04325576901 0.0 0.6684171260604923 0.5001009546066696 0.0 0.0 0.0 0.0 0.0 947.1757852401885 75.0 inf nan 57276.312 57396.103 41 38 "Hesse Failed. Covariance may not be accurate. Covariance not positive definite."
01331123 66 0.455 57348.28557548478 5.551115123125783e-18 0.6500002111827548 0.0013109888680747916 0.0 76.47054061744711 0.030822808503728632 0.37002411807627844 0.5993994691412118 9555.83020295989 62.0 -16.978188314013508 2.2623386610596334 57297.03 57386.049 43 23 "Covariance may not be accurate."
01331993 64 0.455 57338.79773843077 2.7755575615628915e-18 1.180117816641999 0.1135913209821301 0.0 92.93935499111467 0.030783743005887265 0.32792724663451883 0.5446897006850516 1721.1609788243127 60.0 -16.032185169900547 1.5050623283467246 57291.17 57408.04 29 35 "Covariance may not be accurate."
01332059 71 0.455 57334.820929607624 8.326672684688675e-18 1.1998518865986152 0.031805517758182134 0.0 91.48773125555454 0.03075240339660262 0.4273677206045063 0.6814457053923544 795.8503129954634 67.0 -17.36919752662435 1.4905039259204145 57288.199 57403.103 35 36 "Covariance may not be accurate."
01332413 69 0.455 57340.03881799528 2.7755575615628915e-18 0.9010805282000374 0.5099037503635226 0.0 44.23759448083365 0.0 0.00046085700638204274 0.0010727749389118357 1388.7570751977291 65.0 -15.23382738384192 1.794093636789249 57297.151 57403.064 36 33 "Covariance may not be accurate. Covariance not positive definite. Covariance forced positive definite."
01333246 56 0.455 57332.33648799793 6.66133814775094e-17 1.1522914920155545 0.8339667515046713 0.0 14.823054471380601 1.387778780781447e-18 0.017132870595525374 0.05650362936188413 244.06315769481424 52.0 -18.069957769720705 1.5269910924265417 57299.22 57403.103 25 31 "Covariance may not be accurate."
01333438 53 0.455 57330.51271080938 1.1102230246251566e-17 0.650003268313989 0.5004227913561624 0.0 20.765260570813552 0.0 4.64441616832012e-07 0.00016499944391729082 952.2817524357017 49.0 -16.754022989474255 2.2623482426682564 57297.346 57406.124 17 36 "Covariance may not be accurate."
01334084 37 0.455 57345.39421867861 2.3037127760972e-16 0.6500016397316646 0.006841715223403044 0.0 67.60171777900541 0.03087951993477195 0.3709745415336227 0.578670308140727 1328.3354549599921 33.0 -21.01454584736275 2.262335220594533 57315.206 57396.104 17 20 "Covariance may not be accurate."
01334087 27 0.455 57329.52385839979 8.326672684688675e-18 1.2489247908992658 0.005820136047478608 0.0 69.87124335884073 0.031605429201261685 0.39016998821292675 0.5815825691663125 2764.0332935465663 23.0 -17.411277773630992 1.4574689199552715 57311.299 57403.103 10 17 "Covariance may not be accurate."
01334302 64 0.455 57347.66305206364 2.7755575615628915e-18 0.6500000005612813 0.0008413960300954759 0.0 86.4819933754261 0.030913677881538083 0.3709563568475791 0.6025321654024628 1183.0021831083532 60.0 -16.226354085890126 2.2623391780838062 57301.033 57407.048 36 28 "Covariance may not be accurate."
01334423 56 0.455 57346.68460392313 9.992007221626409e-17 0.654062099110052 0.5110748615014832 0.0 77.30122270297943 0.031494124733596106 0.35529931413439547 0.722075871504192 2479.7524923280416 52.0 -19.122710411190155 2.2521946170455287 57312.138 57408.057 28 28 "Covariance may not be accurate."
01334448 64 0.455 57319.92360693479 2.7755575615628915e-18 0.6500000000095962 0.002423204497456699 0.0 74.48914501821855 0.03090014308201923 0.37080070222565364 0.5936816092154973 344.4353903807049 60.0 -16.223856837322035 2.2623392233210318 57301.278 57402.056 20 44 "Covariance may not be accurate."
01334470 60 0.455 57322.46654954061 5.551115123125783e-17 1.1265867895932615 0.32854613020625334 0.0 71.73609235625918 0.030746417044453966 0.4426261835929109 0.7370221674771007 660.6336194062695 56.0 -18.85984549244406 1.5486530153053693 57305.279 57402.056 16 44 "Covariance may not be accurate."
01334597 48 0.455 57347.65788710228 2.1371793224034264e-16 0.6500000001017889 0.9846344872385329 0.0 0.0002251805672131013 0.0 3.463529463232362e-11 0.025793385642387534 37845.38150782802 44.0 -19.02492038482253 2.2623537554695083 57315.219 57408.043 21 27 "Covariance may not be accurate."
01334620 58 0.455 57331.48843536345 1.7208456881689927e-16 0.6500453299908332 0.05970604113458766 0.0 70.33386156368215 0.030746774380389995 0.3667767051741458 0.7008909671163082 1868.86230963609 54.0 -20.61029898421275 2.262226895954292 57311.28 57403.064 20 38 "Covariance may not be accurate."
01334644 56 0.455 57320.58240391561 2.7755575615628915e-18 0.6500000071292843 0.14211761376813636 0.0 0.01321611795356148 0.0 1.8238038967943737e-08 0.841812110415814 4245.256459879287 52.0 -15.977014282920827 2.262344077555184 57311.28 57403.064 12 44 "Covariance may not be accurate."
01334645 54 0.455 57343.53917924807 7.771561172376097e-17 0.6500009786238802 0.05063527555239389 0.0 76.38244768853838 0.03339771785055826 0.4011342125809182 0.5110390867075678 9895.358765209809 50.0 -19.762744307454994 2.2623382013396096 57311.28 57403.064 23 31 "Covariance may not be accurate."
01334707 63 0.455 57355.59834188506 2.7755575615628915e-18 0.6500000008404468 0.0010157154031154025 0.0 96.73900000155845 0.03077777735074505 0.36932386368553294 0.6012890131505525 5453.131183066477 59.0 -16.226079164101193 2.262339182203675 57304.307 57426.118 27 36 "Covariance may not be accurate."
01334879 61 0.455 57335.999287492145 2.7755575615628915e-18 0.6500000000155683 0.06476310460986257 0.0 92.99079364999125 0.03127719174126119 0.37532497695694467 0.5035072965211624 3418.8008585718976 57.0 -16.12056447021485 2.2623411282724675 57302.241 57426.118 20 41 "Covariance may not be accurate."
01335472 59 0.455 57346.469262218925 5.551115123125783e-18 0.6500237873837549 8.52040869945836e-05 0.0 75.3465101101574 0.030792468012447942 0.36791018360911354 0.6110215692072173 2368.0303346481287 55.0 -16.98012087186996 2.2622793006987685 57311.02 57403.05 27 32 "Covariance may not be accurate."
01335564 60 0.455 57376.228522881815 5.551115123125783e-18 0.6500156310348667 0.012337521342897395 0.0 96.77478228830296 0.03131651615080894 0.3744635135963068 0.6585326549407942 785.7855475484466 56.0 -16.960647602500856 2.2623001688488067 57311.28 57427.068 40 20 "Covariance may not be accurate."
01335694 37 0.455 57343.020608296894 3.33066907387547e-17 1.2470000913578416 0.4831485810923106 0.0 0.011113581000245176 0.0 0.020692666776210844 0.0006990359719734607 13891.163128543676 33.0 -17.98835781663241 1.4587185828736544 57325.214 57408.058 15 22 "Covariance may not be accurate."
01335717 51 0.455 57341.26504708195 5.273559366969494e-17 1.2498673549012371 0.47314748738676055 0.0 64.31679435799379 0.03156249992395195 0.3651712566867595 0.7126301931389988 12462.070214119058 47.0 -18.510833896322996 1.456877545858692 57325.182 57408.092 12 39 "Covariance may not be accurate."
01335718 59 0.455 57365.86560015134 2.7755575615628915e-18 1.244304758843957 0.10905719157106603 0.0 88.45804481028244 0.03075608637731557 0.39225440074815404 0.541290028801589 5025.31060764865 55.0 -16.04070175171185 1.4604449599995988 57317.161 57426.118 30 29 "Covariance may not be accurate."
01335868 66 0.455 57363.78090037452 2.7755575615628915e-18 0.8586482255537919 0.4991504020664078 0.0 89.0311244243203 0.030746231518141952 0.4412240110405036 0.710172645280834 1111.3606355363543 62.0 -15.251636880612203 1.8545397439304132 57315.229 57425.154 31 35 "Covariance may not be accurate."
