analysis_pipeline/fit_results/des_5_salt2_2.4_all.ecsv
# %ECSV 0.9
# ---
# datatype:
# - name: obj_id
#   datatype: string
# - name: num_points
#   datatype: int64
# - name: z
#   datatype: float64
# - name: t0
#   datatype: float64
# - name: x0
#   datatype: float64
# - name: x1
#   datatype: float64
# - name: c
#   datatype: float64
# - name: z_err
#   datatype: float64
# - name: t0_err
#   datatype: float64
# - name: x0_err
#   datatype: float64
# - name: x1_err
#   datatype: float64
# - name: c_err
#   datatype: float64
# - name: chi
#   datatype: float64
# - name: dof
#   datatype: float64
# - name: b_max
#   datatype: float64
# - name: delta_15
#   datatype: float64
# - name: tmin
#   datatype: float64
# - name: tmax
#   datatype: float64
# - name: pre_max
#   datatype: int64
# - name: post_max
#   datatype: int64
# - name: message
#   datatype: string
# schema: astropy-2.0
obj_id num_points z t0 x0 x1 c z_err t0_err x0_err x1_err c_err chi dof b_max delta_15 tmin tmax pre_max post_max message
01248677 59 0.33562088443954086 56554.17313332393 3.389488278926767e-05 0.9375404920781207 -0.08092969477431455 0.006019262357240623 0.09655332571128383 2.816927512777623e-07 0.08976649123252178 0.011271167652626576 316.2410766762525 38.0 -19.590345817425643 0.8896177575724131 56538.281 56629.123 10 49 "Minimization exited successfully."
01250017 60 0.14158331526901824 56553.65486503837 0.00011699435485497124 1.0408297468376748 0.012046911315415465 0.004960318828496887 0.06628003118748893 1.4908091384005493e-06 0.10741617910994128 0.009471284666903113 56.39222052406136 40.0 -18.822541782549706 0.8687595705858193 56534.233 56616.08 19 41 "Minimization exited successfully."
01253039 74 0.41717593948992 56574.641818802615 1.680472991324733e-05 0.531313222883758 -0.09705508699224225 0.014602977296490072 0.33349353148878436 3.818685317916175e-07 0.30146163634770473 0.02729987102158156 48.875966526434915 49.0 -19.384555432607264 0.9608919670951401 56547.268 56653.094 24 50 "Minimization exited successfully."
01253101 68 0.4685616690763978 56578.334279953575 1.493623308762293e-05 1.233847313300151 0.024008088720272547 0.021272425281542884 0.5191733270221448 4.603568008409994e-07 0.3785532133696099 0.02577962723682381 56.51522491411899 46.0 -19.557762047352565 0.8360940284421012 56543.092 56657.052 24 44 "Minimization exited successfully."
01253920 58 0.2111718312905395 56583.381804330376 0.00010184160545311239 -0.7583879416759904 -0.1204470751251718 0.0056939510063957754 0.09009242058527889 9.751964998652718e-07 0.07811867248772075 0.014156802985252431 121.56816506603668 38.0 -19.63206695231445 1.211563082231006 56559.19 56649.173 20 38 "Minimization exited successfully."
01255502 29 0.16418419476392176 56592.88538312139 0.00021719097900714247 1.2448598688831307 -0.03625603899947172 0.010790243809182823 0.1724810675259505 9.04426841479567e-06 0.20475239844503434 0.03200607673214839 76.04202161180686 9.0 -19.84712977676959 0.8362638290927187 56563.266 56653.077 8 21 "Minimization exited successfully."
01257366 40 0.20797581860500058 56612.00305644622 4.499678976291888e-05 -0.19297724615683443 0.13971038147585424 0.022617380529934034 0.45181772657088004 2.372630957317437e-06 0.45975701567388993 0.07478188928607568 30.743385392442892 20.0 -18.708778157489892 1.0817582685225098 56590.341 56682.089 7 33 "Minimization exited successfully."
01257695 48 0.1535881235576581 56613.187837709615 0.00013166317167518648 0.36963252827519 -0.07679492410180197 0.007392004589992979 0.06846824474268942 1.5101535961944967e-06 0.0696799649951827 0.00796127655834522 115.70475837039254 31.0 -19.14380202202001 0.9889363848574142 56590.025 56675.078 17 31 "Minimization exited successfully."
01258906 56 0.3748626227783261 56622.10629222124 2.0388018993608426e-05 0.28912771789741054 -0.025589515279268338 0.017432849044654697 0.46531305591997807 8.159682747158066e-07 0.378025437563172 0.04311613525037991 34.29645437506464 36.0 -19.319137266456885 1.0011391522247024 56594.012 56695.038 18 38 "Minimization exited successfully."
01258940 70 0.4313340016758777 56619.57174333672 1.584226912556275e-05 0.01965541356437006 -0.08665259222878655 0.025106643744320256 0.5385493131943804 8.659807120434123e-07 0.4466380130379468 0.04266546123663632 42.91047055708438 47.0 -19.40623612519564 1.0539178091833463 56590.311 56697.043 23 47 "Minimization exited successfully."
01259412 47 0.30520404047600674 56624.311775966424 3.729059547072644e-05 0.9203516680205519 -0.036388214316174894 0.006898950165525386 0.1974412133677106 3.528854881321146e-07 0.1471448427297415 0.012240324207941439 101.4686014806239 30.0 -19.45392729804464 0.8909147601322722 56602.144 56697.078 11 36 "Minimization exited successfully."
01261579 40 0.32624783803127966 56638.53041280143 3.037149638735193e-05 -0.1849724217613531 0.000951031648798617 0.007509230069944195 0.11931035686575342 3.501864624083646e-07 0.10528377828251956 0.014698845023830814 26.393277995330344 25.0 -19.398315783327284 1.0881846515902254 56615.111 56697.079 12 28 "Minimization exited successfully."
01262214 68 0.650780808480172 56656.96389133766 5.790831160329413e-06 0.3144097924392302 -0.08590795844940807 0.027908968303714587 0.4354890692011395 1.0254897363504173e-07 0.26859310940940895 0.020750355785446428 75.04937321667549 63.0 -19.392753502372717 0.9993449242482448 56625.224 56698.051 30 38 "Minimization exited successfully."
01262715 46 0.6987319403224275 56660.02787797065 6.825238069393947e-06 0.7895902756351458 -0.053971543636808506 0.01199913347632614 0.37569425227411557 1.1923810167846502e-07 0.29428350879802023 0.023778883089490527 35.77116642759949 28.0 -19.760616004652153 0.9139870982227016 56625.224 56697.09 21 25 "Minimization exited successfully."
01263369 36 0.3165981993441699 56665.828527159974 3.1911360018613276e-05 0.22449199990337032 -0.05537298894483583 0.025740795431851843 0.4148135127215937 7.494934986446142e-07 0.2733902750592374 0.043710770475764354 18.42379323268492 22.0 -19.3766001652345 1.0143209684130454 56645.136 56697.043 16 20 "Minimization exited successfully."
01263715 35 0.2641268108302257 56666.97395783293 3.9450984460120964e-05 0.44336746451416076 0.002322569579033651 0.02008676638032436 0.20529719497426413 8.89536089940246e-07 0.29609745180565916 0.03504834271426388 16.347896326774876 21.0 -19.153337653531302 0.9721965741562357 56645.05 56694.039 15 20 "Minimization exited successfully."
01275946 72 0.23527232286958905 57261.709563313394 8.032910476722943e-05 1.6246203646922437 -0.055633115992344995 0.008138471929455826 0.07445604292297503 9.234261984833431e-07 0.12304172287967985 0.016987467911122156 479.3225575208398 48.0 -19.640663229168844 0.773936488384841 57248.373 57329.035 15 57 "Minimization exited successfully."
01279500 45 0.25378434014641726 57252.01900719622 5.954306872650028e-05 0.6969069831687351 -0.04755795101917687 0.011411249289154268 0.2619927492160059 4.766332705088978e-07 0.14267043114410738 0.01851698758998563 71.70743387659383 29.0 -19.50149740830438 0.9297793226370565 57249.293 57319.287 4 41 "Minimization exited successfully."
01280217 63 0.36593721962501846 57250.39954523623 2.082401517597421e-05 1.999999935154639 0.041442268058305254 0.018568694843249023 1.620435490651289 6.996562816635736e-07 0.5924986572148354 0.040217300358379254 87.2341408876647 41.0 -19.2825188629288 0.7093154494452598 57248.388 57329.175 4 59 "Minimization exited successfully."
01281668 83 0.3061604558970075 57271.2488572089 3.871662504310314e-05 0.2226862785841357 -0.0954028004459791 0.02037138239425554 0.4577180514243082 8.150942049825478e-07 0.272139304279847 0.031700393040830374 82.72134185738634 56.0 -19.50233844414951 1.0165484741137156 57248.373 57342.028 20 63 "Minimization exited successfully."
01281886 70 0.33791247407561625 57266.98191665888 2.227194614514705e-05 0.24773691925274433 0.04710292184319664 0.020093739157465984 0.48076341268097167 1.206167322721774e-06 0.4589440985344688 0.04779388561325937 50.83937478943096 46.0 -19.15092522929789 1.0051568951939913 57248.388 57345.234 16 54 "Minimization exited successfully."
01282736 72 0.3417306523326979 57265.93465687854 1.4566843150370935e-05 -1.0643794271925522 0.18696416423327544 0.020411314803302077 0.4807926079920435 9.246245085220425e-07 0.4741839780835001 0.054398359482433656 38.62269216188629 47.0 -18.719470753445624 1.2546467226123426 57249.279 57346.032 15 57 "Minimization exited successfully."
01283373 61 0.205845855450282 57268.923707498034 6.064273078109917e-05 -1.1308408582267921 0.006217711202937515 3.274673132658279e-08 2.166103513445705e-06 1.1609624357311637e-06 0.1988360008998089 0.021501411469826676 77.426614560551 38.0 -19.006093205247318 1.2837319933628848 57249.423 57332.081 9 52 "Covariance may not be accurate."
01283878 56 0.31383434224672646 57265.45373354083 2.498068018451094e-05 -0.8738168671242823 0.025401728697985293 3.6368994731528215e-05 0.000346885368344374 1.4345624589684473e-06 0.415723212127171 0.04019036167231907 6.3344982248029895 37.0 -19.087898123392055 1.2260266667312258 57249.293 57339.187 13 43 "Minimization exited successfully."
01283936 85 0.3842535754336859 57268.04718626463 1.0962354118093655e-05 -0.49467873524100314 0.14923232774300998 0.0359453091727471 0.8955153015667747 8.316223520557504e-07 0.7241756825349916 0.11246433565027034 27.703722678148758 57.0 -18.70952059279172 1.1395890356957636 57248.373 57347.084 20 65 "Minimization exited successfully."
01285160 72 0.7136702463293274 57272.12970282885 5.302975114332421e-06 -0.46577033976838944 0.003383242884056503 0.01901438605650313 0.5468957318844332 2.216703034824131e-07 0.3210739323009293 0.06456194047053934 57.54008006911538 50.0 -19.54204072583679 1.1431283878867298 57249.403 57372.178 12 60 "Minimization exited successfully."
01285317 92 0.5817801772497099 57268.80516144882 9.000405810877244e-06 0.2998115247692503 -0.09874483793749181 0.06049584743256281 1.0960591423900041 5.645659958836147e-07 0.6328069805534031 0.08397699141576748 50.5162742599663 63.0 -19.574775670302877 1.0025875874147552 57248.373 57356.127 20 72 "Minimization exited successfully."
01286398 52 0.17599782896726313 57271.10543489486 0.00010269984738078276 -1.8182396932796405 -0.022258794643223834 0.008498521011768262 0.21696787628388847 3.1883212608441167e-06 0.15163726261846067 0.024704742856098777 68.59212525758201 34.0 -19.198640901180344 1.451801619871869 57249.293 57331.145 13 39 "Minimization exited successfully."
01287626 23 0.2528195999444014 56682.57912169717 3.4660606264896864e-05 0.31549569745520323 0.09712185531857764 0.028953923203103943 0.3616366469032073 7.269073459215139e-07 0.44474781951247544 0.05578044251368619 11.271648330516888 12.0 -18.904726134801763 0.9905632414973162 56653.047 56697.072 16 7 "Minimization exited successfully."
01289288 81 0.25596217702093094 57273.35386522015 2.4684626083515404e-05 -1.0412590594465727 0.1523449867468139 0.04295123337460152 0.6494711515551899 9.75628391441941e-07 0.5270447996846931 0.07908057872603763 42.177822274334474 53.0 -18.566745581588968 1.2524086246221238 57248.373 57347.084 19 62 "Minimization exited successfully."
01289555 79 0.564379390187421 57274.972552213505 1.0965163040646543e-05 0.6233874413886258 -0.12780438575653982 0.03651537748115313 1.1075752136130177 6.484304069798164e-07 0.5697783898702293 0.06460913821511033 63.811943270848154 53.0 -19.709642876376826 0.945870537141623 57248.388 57365.115 16 63 "Minimization exited successfully."
01289600 64 0.393331999510639 57283.13114355412 1.252089924044242e-05 1.1698473807876768 0.0782787658612395 0.014936131392331103 0.4074082300103328 2.564448111003207e-07 0.3246533517927186 0.03980290030841768 85.56081618509407 43.0 -18.914128907621112 0.8448598579917572 57253.285 57365.221 12 52 "Minimization exited successfully."
01289656 75 0.5225299406156162 57269.18989564691 9.08697421622695e-06 -0.0923307612344626 -0.019603884770210578 0.005090909443884684 0.7119234715974017 5.654428243934138e-07 0.6670928125263049 0.05958070408675885 30.426212374785305 49.0 -19.301828458139358 1.0716064783540702 57249.423 57355.245 10 65 "Covariance may not be accurate."
01289664 64 0.272750804267048 57278.94493148511 4.96439390564124e-05 -1.1156891425426627 -0.05069047664476639 0.010022843173959822 0.2398299883643631 6.103190119635698e-07 0.16670700800503235 0.01652033907864163 112.52037656003326 41.0 -19.481932345848307 1.2847912008660707 57252.303 57345.234 17 47 "Minimization exited successfully."
01290779 44 0.404261876790284 56892.36893605471 1.70954621706243e-05 -0.7286536177270531 -0.08550989555097174 0.017191078773208968 0.6488411276513943 4.815346611300456e-07 0.4888788581966017 0.04850286475035473 27.963997994786972 27.0 -19.321238765123532 1.2029186286372493 56887.39 56973.322 8 36 "Minimization exited successfully."
01290816 40 0.2068631112438612 56891.84011433887 6.23012627589209e-05 1.211480232913626 0.054353574894647094 0.007257889045855559 0.28710419086928596 7.090847318536029e-07 0.1916274408987162 0.02022983871311093 185.31855341466598 25.0 -19.049223260066718 0.8387785192453237 56887.39 56960.278 8 32 "Minimization exited successfully."
01291080 52 0.49543063563012923 56888.34259828844 1.106684387364998e-05 -1.7692350883876922 0.12309443505482909 0.034736347024577674 2.0555524499577587 6.314411016603015e-07 0.8828669051231668 0.08387185942217562 40.978211363102766 33.0 -19.37646329158699 1.4244499426742756 56887.268 56973.078 4 48 "Minimization exited successfully."
01291090 51 0.2486395065735244 56904.82781534441 4.8768512610108954e-05 1.2956870185255207 -0.005115014275914209 0.014048244090864748 0.15050596155560925 1.3166191058816584e-06 0.2369852059766715 0.02730525040702861 94.8051302655644 32.0 -19.234587529391312 0.8267900507039272 56887.211 56973.028 12 39 "Minimization exited successfully."
01291794 72 0.46593331313253167 57279.31114812601 1.7823615608605903e-05 0.10734864588349424 -0.03944218517789877 0.024183563240683242 0.8718753393441148 6.951616770653489e-07 0.5376877791521082 0.030911173621970017 33.74104261917233 49.0 -19.73406370635437 1.0351357096213647 57252.289 57356.174 22 50 "Minimization exited successfully."
01291957 60 0.363352023744287 56905.44219227891 2.4624921874635833e-05 0.4501951468810992 -0.04503175077041993 0.015308733778913813 0.38040867666131817 1.0346756631918207e-06 0.3107576073770273 0.03632780625472086 85.22408260373703 40.0 -19.444664767288966 0.973082166217381 56877.179 56980.031 16 44 "Minimization exited successfully."
01292145 73 0.4998173071853353 57274.304405806724 6.863616642358017e-06 0.3906875492199058 0.09093940921845611 0.5583546913344457 77.44890163846867 0.030498197149827627 3.6876545240578302 0.44119766822355977 35.716544819205005 49.0 -18.881625937543 0.9774866792462724 57252.289 57356.174 15 58 "Covariance may not be accurate."
01292195 81 0.8288944590080239 57280.71046418902 2.990956163426151e-06 0.26994692287568656 -0.004041105674841283 0.014611638347827693 0.7001752066535119 1.1965191043239458e-07 0.4664688760911595 0.06347613937889815 69.70525327966092 57.0 -19.321454825847063 1.003596798833982 57249.403 57389.163 16 65 "Covariance may not be accurate."
01292332 49 0.2615573627109319 56901.142434346715 5.4749573698270605e-05 0.29857888973750235 -0.07293838322760782 0.2776635275860637 5.352598073583067 0.030084347495266055 3.68908643496478 0.24486656548741748 50.35757575474857 32.0 -19.48499494375812 1.0016267588782917 56890.328 56973.19 5 44 "Covariance may not be accurate."
01292336 49 0.2494666972403331 56901.914363792064 4.643648071186169e-05 -0.1836867992430693 0.04327470601017058 0.02432798331417632 0.23511205101021915 1.0654845869581535e-06 0.23988761868211972 0.0402642221448318 50.38331410006612 32.0 -19.188493249667566 1.0855467328654385 56890.328 56973.19 5 44 "Minimization exited successfully."
01292560 48 0.23694289524754425 56904.66019679388 8.160702894711437e-05 0.2861439800815688 -0.12632573337715905 0.009432289319033837 0.21679184244203498 1.336575360942621e-06 0.14060814271583744 0.020323567377252647 104.1044999731723 30.0 -19.67452772596574 1.0063422923493768 56890.263 56973.042 7 41 "Minimization exited successfully."
01293319 57 0.2969618519087761 56915.22258896945 3.7682167091060426e-05 1.9999786530878207 0.034507105830960616 6.282860027656545e-06 0.0002722242134041153 4.4585736294899746e-07 0.5153611407045293 0.012588732506868344 110.62360032443515 37.0 -19.397899383591152 0.7094987765094629 56887.268 56980.072 12 45 "Minimization exited successfully."
01293758 35 0.14582214517921843 56915.7302922518 0.00013395293796499287 -1.3067401445564615 -0.012151621197537432 3.3983100691248325e-06 0.019022483298613224 1.8988385113161415e-07 0.008869495836103969 0.0012595358170220672 147.9293066645164 13.0 -19.037886884438024 1.3253953975684922 56891.384 56980.044 9 26 "Covariance may not be accurate."
