analysis_pipeline/fit_results/des_4_salt2_2.4_red.ecsv
# %ECSV 0.9
# ---
# datatype:
# - name: obj_id
#   datatype: string
# - name: num_points
#   datatype: int64
# - name: z
#   datatype: float64
# - name: t0
#   datatype: float64
# - name: x0
#   datatype: float64
# - name: x1
#   datatype: float64
# - name: c
#   datatype: float64
# - name: z_err
#   datatype: float64
# - name: t0_err
#   datatype: float64
# - name: x0_err
#   datatype: float64
# - name: x1_err
#   datatype: float64
# - name: c_err
#   datatype: float64
# - name: chi
#   datatype: float64
# - name: dof
#   datatype: float64
# - name: b_max
#   datatype: float64
# - name: delta_15
#   datatype: float64
# - name: tmin
#   datatype: float64
# - name: tmax
#   datatype: float64
# - name: pre_max
#   datatype: int64
# - name: post_max
#   datatype: int64
# - name: message
#   datatype: string
# schema: astropy-2.0
obj_id num_points z t0 x0 x1 c z_err t0_err x0_err x1_err c_err chi dof b_max delta_15 tmin tmax pre_max post_max message
[from data line 108]
01315259 24 0.228 57003.90000698091 3.4060629314414113e-05 -0.346544135898998 0.2999993755351434 0.0 0.3850722057832172 5.321141670539007e-07 0.2471438565930999 0.046793557546327136 17.362522157324687 20.0 -18.6349609426428 1.1011022609348835 56980.183 57049.073 8 16 "Minimization exited successfully."
01315296 14 0.4126 57004.34262392156 8.334712153998392e-06 1.2050426524879247 0.2999999420514477 0.0 1.5551481341208273 5.504101396228143e-07 1.143113196560031 0.5141405510442374 6.296584978284374 10.0 -18.599847114560024 0.8311334970454389 56973.19 57049.072 6 8 "Minimization exited successfully."
01316385 21 0.1478 57019.80778907137 0.00012331388679676092 1.0375020955353467 0.29999998769543684 0.0 0.2399875810406229 1.3740491106028972e-06 0.14270049438402 0.5133989804328214 26.332136202938223 17.0 -18.986480727443336 0.858516657054821 57001.203 57067.046 8 13 "Minimization exited successfully."
01316431 19 0.1981 57018.63766877083 9.952885618977336e-05 1.4393424026731285 -0.055970573559987497 0.0 0.178285154124751 1.1495748175868736e-05 0.19848919366592988 0.07214108919849195 40.29675219525881 15.0 -19.452817516546403 0.8045742198899397 57001.165 57052.1 8 11 "Minimization exited successfully."
01316437 11 0.482 57011.223381487835 5.334650632821125e-06 1.1166200220487532 0.29999840805112604 0.0 2.021526237080252 4.828431056314032e-07 4.1910980039666 0.4844840112418867 14.034576827106044 7.0 -18.518298964084806 0.8455549654688674 56980.2 57045.113 4 7 "Minimization exited successfully."
01316465 21 0.3291 57022.00894701716 1.8532348400421284e-05 1.3165175692980187 0.29999967083967555 0.0 0.13976485608509392 1.3062188013862608e-07 0.1390316265895959 6.294079919433315e-05 95.85533197019625 17.0 -18.890141388292513 0.8130328174865227 57001.199 57067.046 8 13 "Minimization exited successfully."
01317164 21 0.1547 57295.66837178691 7.936550849760582e-05 -2.3709726474070543 0.07640910798342193 0.0 0.5809059470411739 4.335078037333434e-05 0.3936844512447264 0.4066404208213905 47.94595908717504 17.0 -18.610082108154213 1.593139375324082 57276.375 57355.165 4 17 "Minimization exited successfully."
01317277 27 0.2371 57008.316907405526 6.83279233224865e-05 -1.6885421379924146 -0.29999705291586315 0.0 0.5104569994291523 2.0183011406937887e-06 0.470170644160413 0.3740052868973316 11.16469118348526 23.0 -19.48582320208845 1.4447043729859637 56987.075 57052.042 11 16 "Minimization exited successfully."
01317286 27 0.279 57015.341505864526 5.047908475931118e-05 0.5955801454055933 -0.043637504049398146 0.0 0.2611731823417358 5.571132255180465e-06 0.24132174582207622 0.07566091624332323 35.710386445252645 23.0 -19.55757688598197 0.947314406131742 56987.075 57052.042 15 12 "Minimization exited successfully."
01317454 10 0.5688 57015.3901746775 5.862682173993217e-06 1.6685595733637406 0.2942289982650597 0.0 1.7696404100533982 4.538684006988315e-06 4.277770806082664 0.4421994039493744 4.346692918683169 6.0 -19.055466038516535 0.7563582183550572 56987.035 57051.043 5 5 "Minimization exited successfully."
01317666 25 0.1414 57301.04154794614 8.844243750620873e-05 -0.005052810704590627 0.25092233970098693 0.0 0.08907959035059321 6.662306948487791e-06 0.0697534031015068 0.04192086846352161 67.04809295383917 21.0 -18.518287014777755 1.0404220899184082 57273.339 57356.034 10 15 "Minimization exited successfully."
01319366 35 0.2361 57304.23400267539 6.303283473565458e-05 1.3236168570588287 0.07811162658318527 0.0 0.3109781098719395 1.0114501701460888e-05 0.2191136627496295 0.10350941259231991 88.98841961022386 31.0 -19.385893051186482 0.8194414924933326 57276.314 57372.107 16 19 "Minimization exited successfully."
01319821 26 0.3088 57020.31496465674 2.8176626119913453e-05 -0.21507339782364454 0.023764637494046004 0.0 0.34441546302696224 4.745276636199114e-06 0.3988965262596895 0.11436711556268371 8.581862946200982 22.0 -19.178246467111887 1.0926828827034178 56992.127 57067.103 10 16 "Minimization exited successfully."
01320166 9 0.449 57020.9519419371 9.350128193769126e-06 -2.0542195404099406 0.29999999742200195 0.0 0.805596263246116 5.083089663127097e-07 1.0998778294882554 0.5021715887995011 3.1096472945468214 5.0 -18.941193553748413 1.4789267915917286 56991.115 57049.049 5 4 "Minimization exited successfully."
01322229 7 0.5261 57034.25579988674 6.811226115088776e-06 1.9999295906980699 0.2999999886091303 0.0 0.9097455664123117 2.8134294643711336e-07 3.2922933207797165 0.5136091606773455 1.417552722202584 3.0 -19.01376787710548 0.7023826854704787 57001.098 57052.048 4 3 "Minimization exited successfully."
01322979 10 0.5294 57037.898584671246 1.4049939871435547e-05 -1.1668312959040037 -0.2997747849971094 0.0 0.4436542914736492 5.996385332454617e-07 0.5457414656393424 0.5690441665604029 5.1306136980521355 6.0 -19.812995292380812 1.3154689014099503 57008.065 57067.047 5 5 "Minimization exited successfully."
01324542 10 0.5415 57043.48500303062 5.2545648176999256e-06 0.4635207624134825 0.29999997110083537 0.0 1.9196816394105554 4.068771419757365e-07 1.802146389575633 0.5129658151216943 8.085350560903834 6.0 -18.806004967709555 0.9548511756870894 57011.092 57067.103 5 5 "Minimization exited successfully."
01325358 0 0.7793 nan nan nan nan 0.005 nan nan nan nan nan nan nan nan nan nan 0 0 "Empty table passed to fit_lc."
01327978 32 0.2073 57307.34515377695 4.696750806304495e-05 0.5203098564279616 0.2999630882070417 0.0 0.8870836883106676 2.8945542862465736e-06 0.700665381940816 0.577031807808798 8.305689708182584 28.0 -18.751675694850306 0.9451030417396069 57283.133 57373.043 16 16 "Minimization exited successfully."
01328066 22 0.4489 57299.59582708482 9.277025999190891e-06 1.1360853431617706 0.2999999444953169 0.0 0.0018104283190041315 8.166869974707287e-07 1.0723818125224391 0.5843191718202709 9.213999317635984 18.0 -18.93406661532491 0.842374667825851 57273.1 57379.051 7 15 "Minimization exited successfully."
01328105 23 0.4402 57301.44511684114 1.0818702793782831e-05 1.427629817594947 0.2999998180985379 0.0 1.381770312993467 7.184985222660763e-07 0.8167477005194765 0.514405362201627 24.794917566738985 19.0 -19.050594205210317 0.7950577635653175 57273.1 57386.049 8 15 "Minimization exited successfully."
01329166 0 0.7316 nan nan nan nan 0.005 nan nan nan nan nan nan nan nan nan nan 0 0 "Empty table passed to fit_lc."
01329196 0 0.7693 nan nan nan nan 0.005 nan nan nan nan nan nan nan nan nan nan 0 0 "Empty table passed to fit_lc."
01329312 15 0.3444 57310.80396388815 3.157646875713016e-05 -1.0158567161371732 -0.29191033134144284 0.0 1.2295264938729815 1.2652359202573737e-05 0.9600176439557749 0.5928997457769429 2.7329450744774535 11.0 -19.58145278344046 1.2800135283263039 57283.215 57387.044 5 10 "Minimization exited successfully."
01329615 16 0.4039 57303.52841830737 1.0546301546812687e-05 -0.04066525907684149 0.2501090271075908 0.0 2.4724447971420886 2.17924642507597e-05 1.1175660334956232 0.5372845852447936 8.994457297630012 12.0 -18.797979408173006 1.0469874808012989 57278.306 57385.114 4 12 "Minimization exited successfully."
01330031 26 0.1041 57314.816324191204 0.0004062065326367409 0.13774725539115362 -0.09517443508873477 0.0 0.07720925318062655 1.262176035419783e-05 0.06940699266741057 0.021958467494630346 884.1038451439742 22.0 -19.452177811187358 1.0322373119232005 57290.065 57376.044 12 14 "Minimization exited successfully."
01330426 34 0.2595 57315.96731182852 6.0814073053405696e-05 1.3991273196281444 -0.015666164345440714 0.0 0.17610184996010503 4.796042554766622e-06 0.11578185659477036 0.05292478967887779 307.5678913483398 30.0 -19.58024556933781 0.8099887502209491 57288.215 57387.185 8 26 "Minimization exited successfully."
01330642 17 0.6339 57317.128633648426 5.5934145415798e-06 1.149490076216173 0.29999992147104043 0.0 0.7274588809195848 2.1032701619794194e-07 0.5678989656740148 0.5680307567876477 23.55245138146111 13.0 -19.29059607280311 0.8401864828858265 57283.215 57402.062 7 10 "Minimization exited successfully."
01330903 21 0.5638 57309.68875941607 4.5404673334331624e-06 1.7184474169741364 0.26090589291323313 0.0 2.6631156375187857 3.9065675855168295e-06 3.974706309414342 0.3570081908197982 13.052300013523892 17.0 -18.753776900139044 0.7493075821320723 57276.317 57396.103 8 13 "Minimization exited successfully."
01331123 34 0.2291 57318.31554579977 7.335669282136914e-05 -1.580398577274373 -0.299999718621277 0.0 0.3997636919521028 1.4180100877697637e-06 0.2870424298694959 0.5126399655997347 39.06358344291662 30.0 -19.478580261808574 1.4167214995362478 57297.034 57386.049 12 22 "Minimization exited successfully."
01331993 0 0.7196 nan nan nan nan 0.005 nan nan nan nan nan nan nan nan nan nan 0 0 "Empty table passed to fit_lc."
01332059 19 0.5788 57323.533696125116 5.435267529133037e-06 1.0019627543794805 0.29904336344755084 0.0 1.4606997700539068 7.420173165406666e-07 1.2245326154967469 0.5933345646465922 19.72075794618705 15.0 -19.01861447671849 0.8643966981496973 57288.203 57403.103 8 11 "Minimization exited successfully."
01332413 17 0.6087 57325.08912956703 6.097454151465787e-06 0.5955457002766558 0.2999999673191333 0.0 1.2589239220651507 5.288232454117582e-07 1.0643304860057528 0.5135985869797144 16.946594083036278 13.0 -19.276239133308927 0.9322674887404823 57297.151 57403.061 6 11 "Minimization exited successfully."
01333246 16 0.4379 57326.505395013985 8.042669815633285e-06 1.9963140450328538 0.29999981063396447 0.0 2.17345476648552 7.778291266746782e-07 4.123250758997744 0.512584283739133 2.3465258750674707 12.0 -18.71593688957648 0.702975250000339 57299.227 57403.103 6 10 "Minimization exited successfully."
01333438 9 0.3995 57327.21088139304 8.364603545660266e-06 -0.21076828996393138 0.2999999049072129 0.0 4.517261054657865 2.7673262044641825e-05 3.748046125694043 0.3943796647582053 1.438986581623274 5.0 -18.51953794392609 1.0755222710175012 57311.292 57406.124 2 7 "Covariance may not be accurate. Covariance not positive definite. Covariance forced positive definite."
01334084 11 0.1335 57300.2060091765 0.0002866811250016005 1.9999999999999298 -0.2999999750157539 0.0 0.16274299113138113 1.2793468229864452e-05 0.016763498843102465 0.5218694703736364 723.6055750565456 7.0 -19.66238787687347 0.7177264998935797 57315.21 57396.101 0 11 "Minimization exited successfully."
01334087 15 0.2663 57339.788441760604 3.5550362924682836e-05 1.9193638878372568 0.29999991061096093 0.0 0.0005786409165011719 1.6212618719826966e-06 3.565887117170041 0.4274404084107639 4.840463830462331 11.0 -19.067221874627474 0.7155480775978766 57311.299 57403.103 7 8 "Minimization exited successfully."
01334302 19 0.4549 57332.385812940294 1.9453986709347395e-05 -1.3751300327909883 -0.2991820388214226 0.0 1.9100001742881432 2.9808634687170106e-06 1.0851624814133927 0.5365342621934807 9.929455770718887 15.0 -19.770273331495137 1.3653206673494722 57301.038 57407.048 7 12 "Minimization exited successfully."
01334423 14 0.3577 57335.31539737704 1.3245509631665264e-05 0.8406384809633405 0.29999977408697204 0.0 1.347393777949037 5.766446413868477e-07 0.6896149312998783 0.5129550351281359 4.658560479253776 10.0 -18.73656632711073 0.8910553803528849 57312.145 57408.057 5 9 "Minimization exited successfully."
01334448 16 0.5167 57330.568284508816 5.856289649394664e-06 -2.9999926354062265 0.2807906799224971 0.0 2.597290480902302 6.905401278457791e-06 4.241100110192553 0.5399230324927102 4.451501220481807 12.0 -18.798407075354845 1.7613401108333555 57301.286 57402.056 7 9 "Minimization exited successfully."
01334470 15 0.5188 57334.85062451479 6.990013096080938e-06 -0.41925496064018253 0.29999994134450364 0.0 1.6133443974104011 5.390937910687567e-07 1.187008395132418 0.38511169177042537 13.082292721681934 11.0 -19.002870119793364 1.1150043123372626 57305.286 57402.056 6 9 "Minimization exited successfully."
01334597 23 0.289 57343.62943396226 2.6996458423456107e-05 0.7860440829227695 0.2999999999655774 0.0 0.1578621438893606 1.9480334128019127e-07 0.10185020152960944 0.5126277467275226 58.35190829782747 19.0 -18.97104986539299 0.9001622070531887 57316.101 57403.073 8 15 "Minimization exited successfully."
01334620 29 0.1961 57336.26231645211 5.119974712045617e-05 -0.3831771759061926 0.09652371647212249 0.0 0.00034184407559223473 1.8922599928715426e-05 0.4417545498470907 0.2053235013974355 27.96166239287183 25.0 -18.70537993745543 1.12099223040968 57311.284 57403.064 10 19 "Minimization exited successfully."
01334644 27 0.2881 57331.86846397054 1.9117099828164232e-05 -1.8490345497558183 0.2999999984558562 0.0 0.5520852473782725 5.641865760172566e-07 0.3624774928686374 0.512509906000542 30.113791985443854 23.0 -18.586983215010996 1.4263602042437853 57311.284 57403.064 10 17 "Minimization exited successfully."
01334645 28 0.2312 57335.52498178059 4.128435684565279e-05 -0.840510773722229 0.2246510004963273 0.0 0.28316147176155937 7.546242723484312e-06 0.23620082845751933 0.1112269150029549 18.739973148278978 24.0 -18.875637535651077 1.204319001887228 57311.284 57403.064 10 18 "Minimization exited successfully."
01334707 0 0.6488 nan nan nan nan 0.001 nan nan nan nan nan nan nan nan nan nan 0 0 "Empty table passed to fit_lc."
01334879 17 0.6393 57337.85726450721 6.6451535625039476e-06 1.5468826604920567 -0.29976455529472296 0.0 0.8598191848104761 3.8051601102540056e-07 0.682869409697856 0.5958282583937906 12.08614559093349 13.0 -19.5002628403766 0.793636911272003 57304.304 57426.068 5 12 "Minimization exited successfully."
01335472 15 0.4989 57345.82134012101 7.412249153535e-06 0.9583266773478143 0.29999317415201127 0.0 1.1771898433289607 4.0180884323115456e-07 1.0346467373790371 0.5165023434708951 8.408695586516565 11.0 -18.965209734839895 0.8715507282146007 57311.027 57403.05 7 8 "Minimization exited successfully."
01335564 14 0.6077 57342.40523514136 1.2339057507171347e-05 -2.999997919810622 -0.2996363435616554 0.0 1.2713856567024777 1.1407069419946958e-06 3.898402237569951 0.5996001949472809 17.256692633583445 10.0 -20.034732547368044 1.8537543139411312 57311.287 57427.065 6 8 "Minimization exited successfully."
01335694 20 0.2591 57347.85994212799 3.4348575289666616e-05 1.1659719259932446 0.2999999337375509 0.0 0.2268380883797363 4.2148422118859564e-07 0.23001652613691648 0.5125586903185894 21.176191550753757 16.0 -18.96080813114527 0.8374980217048531 57325.216 57408.058 9 11 "Minimization exited successfully."
01335717 25 0.3048 57346.6967532795 2.2808020210959848e-05 0.06883344088329801 0.0461354728199424 0.0 0.1848114907152194 2.090515819430648e-06 0.15544007396698611 0.06492627664607095 9.644376967793878 21.0 -18.916223499446833 1.0379107815471187 57327.096 57406.115 8 17 "Minimization exited successfully."
01335718 0 0.6993 nan nan nan nan 0.005 nan nan nan nan nan nan nan nan nan nan 0 0 "Empty table passed to fit_lc."
01335868 16 0.6194 57349.06258249876 5.502238672794313e-06 1.055706933437233 0.2999999810768628 0.0 1.598902400899533 4.916018527936775e-07 1.0537408663008943 0.5127916180018144 15.326579968682534 12.0 -19.211294494817587 0.8555289177546044 57315.236 57425.154 7 9 "Minimization exited successfully."
01336008 13 0.438 57347.17497278952 1.1550317989128535e-05 0.9019040914230265 0.2999997762998691 0.0 0.9805977570213145 4.5435028227097696e-07 0.7625381460035299 0.5136548833578198 9.554630935001045 9.0 -19.108098417965987 0.8808809289792343 57325.017 57403.052 6 7 "Minimization exited successfully."
01336009 13 0.3416 57344.54110260332 1.1982781708114177e-05 -0.39001474811326275 0.24243264016330807 0.0 0.8918139856068592 1.4001307925683162e-05 0.7587541223233013 0.415698506976806 1.7906612650361728 9.0 -18.508113113662645 1.1131181734340885 57325.016 57403.052 5 8 "Minimization exited successfully."
