analysis_pipeline/fit_results/des_4_sn91bg_color_interpolation_blue.ecsv
# %ECSV 0.9
# ---
# datatype:
# - {name: obj_id, datatype: string}
# - {name: num_points, datatype: int64}
# - {name: z, datatype: float64}
# - {name: t0, datatype: float64}
# - {name: x0, datatype: float64}
# - {name: x1, datatype: float64}
# - {name: c, datatype: float64}
# - {name: z_err, datatype: float64}
# - {name: t0_err, datatype: float64}
# - {name: x0_err, datatype: float64}
# - {name: x1_err, datatype: float64}
# - {name: c_err, datatype: float64}
# - {name: chi, datatype: float64}
# - {name: dof, datatype: float64}
# - {name: b_max, datatype: float64}
# - {name: delta_15, datatype: float64}
# - {name: tmin, datatype: float64}
# - {name: tmax, datatype: float64}
# - {name: pre_max, datatype: int64}
# - {name: post_max, datatype: int64}
# - {name: message, datatype: string}
# schema: astropy-2.0
obj_id num_points z t0 x0 x1 c z_err t0_err x0_err x1_err c_err chi dof b_max delta_15 tmin tmax pre_max post_max message
01248677 30 0.3502 56525.65628672296 2.942091015256665e-16 0.9163015194387201 0.7689134880278072 0.0 0.018909380272816634 0.0 0.0008251031954387145 0.0336881461544144 29257.76550254304 26.0 -19.120695864689935 1.7735149522024258 56538.34 56629.123 0 30 "Covariance may not be accurate."
01250017 16 0.1817 56519.23460225897 1.0630385460785875e-15 0.6519628501761652 0.47666147325504193 0.0 24.70312900845238 0.030746228629566497 0.354088544752395 0.7048232109596371 11332.88471428223 12.0 -19.466446652486493 2.257430291910243 56534.235 56616.075 0 16 "Covariance may not be accurate."
01253039 18 0.4535 56532.730168879876 8.326672684688675e-18 0.8670161254355594 0.0012267931490675399 0.0 22.753557115098374 0.030837383987114567 0.4413406739982858 0.5999151730117201 1313.2939142110831 14.0 -17.40997729883341 1.8422582199600512 56547.272 56653.09 0 18 "Covariance may not be accurate."
01253101 18 0.4596 56529.35577471346 5.551115123125783e-18 1.0183402189336785 0.04456490746358416 0.0 21.788694560938893 0.03147695823136138 0.4102773309861863 0.5178640721291448 929.0957014396432 14.0 -16.933820363842845 1.652654303916016 56543.096 56657.05 0 18 "Covariance may not be accurate."
01253920 15 0.1956 56579.91327286824 2.886579864025407e-16 0.998861241310603 0.5091977179887744 0.0 2.0170261972416483 0.0 0.0013042256161256427 0.0022232567747832443 1189.5466011158824 11.0 -18.158515467718306 1.6735841525819133 56559.193 56649.168 5 10 "Covariance may not be accurate."
01255502 10 0.1482 56574.448611003434 2.914335439641036e-16 1.1531457752607888 0.06256526252802713 0.0 29.423644745213096 0.030746230091830334 0.4395760068448852 0.7024450479320636 2224.198648943213 6.0 -18.392257099112626 1.526281771331039 56579.125 56653.072 0 10 "Covariance may not be accurate."
01257366 8 0.2114 56599.89800615576 2.3869795029440865e-16 1.2395384542638155 0.5077980170504356 0.0 29.241058283150778 0.030746233145276303 0.3431685752405515 0.712136679095227 116.52743671084836 4.0 -18.14336357548467 1.4635443391760568 56590.343 56675.102 1 7 "Covariance may not be accurate."
01257695 11 0.1838 56584.0100982447 3.191891195797325e-16 0.6500000000806286 0.4439993127472863 0.0 0.001886121081042802 0.0 2.074880212088459e-09 0.05292563074459697 9903.810402908128 7.0 -18.26197844661594 2.262354443418417 56590.027 56675.074 0 11 "Covariance may not be accurate."
01258906 28 0.3492 56579.02131249274 5.551115123125783e-18 0.8936051985965197 5.065241159840639e-08 0.0 24.647849311357277 0.031141037930368744 0.4129849146265237 0.6150193134279569 2081.4936787056527 24.0 -16.300164209710122 1.804411806581033 56594.015 56695.035 0 28 "Covariance may not be accurate."
01258940 35 0.4259 56575.329115233064 8.326672684688674e-17 0.9132061791520907 0.500126463693918 0.0 0.000295664111035876 1.387778780781447e-18 0.00010372970214367339 0.7369938580502975 1100.0925547086056 31.0 -18.77097584319209 1.77764800768513 56590.313 56697.041 0 35 "Covariance may not be accurate. Covariance not positive definite. Covariance forced positive definite."
01259412 11 0.3047 56612.97395215788 5.773159728050814e-16 0.7662189673522352 0.500165077333774 0.0 29.440470457291667 0.03081722487165612 0.3575217195616767 0.7113112776177838 870.6454558519395 7.0 -20.01969552534692 2.0071924762185844 56603.052 56693.052 1 10 "Covariance may not be accurate."
01261579 10 0.3222 56617.21744053832 2.1094237467877976e-16 0.6500000078946268 0.0006429687845058707 0.0 22.5389258043906 0.04812279789817363 0.5774554402704771 0.6254419425287207 7751.805175241741 6.0 -20.04468071729962 2.262339154143387 56616.087 56693.049 1 9 "Covariance may not be accurate."
01262214 23 0.6894 56610.22600845794 4.718447854656916e-17 0.67175030490421 0.010943049082536738 0.0 24.94010941462693 0.031329831985952815 0.4192173492453734 0.5686381015682503 1723.3622237583336 19.0 -20.3804390994282 2.209193129749206 56625.281 56698.051 0 23 "Covariance may not be accurate."
01262715 25 0.6894 56610.22721818038 5.551115123125783e-18 1.034825599617316 0.019697615384814626 0.0 24.922937788345735 0.03134990803715053 0.4037143423409523 0.6688621959511531 2778.7779981974177 21.0 -18.042789910196277 1.6355591423982574 56625.228 56697.09 0 25 "Covariance may not be accurate."
01263369 9 0.3125 56630.136000845865 4.135580766728708e-16 0.6500000001642523 0.26011214806382565 0.0 2.7694841264747083e-07 2.7755575615628815e-18 4.727256364134291e-10 0.1926598299902941 1180.380300978989 5.0 -20.19440846110289 2.26235014769777 56645.138 56697.039 0 9 "Covariance may not be accurate."
01263715 9 0.2919 56668.37763159018 2.3592239273284576e-16 0.6563492900773937 0.03294657652994426 0.0 29.909039592595946 0.03336372543117831 0.3692727422012653 0.5322519095582647 1199.97362344748 5.0 -19.865613216851838 2.246508331342202 56645.052 56694.034 5 4 "Covariance may not be accurate."
01275946 18 0.2321 57256.559893093254 5.107025913275721e-16 1.069627867046508 0.4997168456405415 0.0 29.857064147836354 0.03219664607941633 0.3882550376529618 0.7263026060758075 3233.2183948030856 14.0 -19.210988122930708 1.601040132708885 57248.375 57329.031 3 15 "Covariance may not be accurate."
01279500 12 0.235 57265.68930863732 1.6930901125533639e-16 0.6512576571007225 0.3747557478393586 0.0 30.412044408200018 0.03179828014068261 0.39344741508927955 0.7324485632219779 19989.083218703032 8.0 -18.314424812492348 2.2591934755855547 57249.302 57319.114 3 9 "Covariance may not be accurate."
01280217 32 0.359 57262.44382919758 5.551115123125783e-18 1.2452013802245019 0.5000983016231281 0.0 31.734308736184175 0.0 0.00013280494009160204 0.003433827736587375 2311.304811347102 28.0 -15.39232041608535 1.459877446051209 57248.391 57329.173 6 26 "Covariance may not be accurate. Covariance not positive definite. Covariance forced positive definite."
01281668 20 0.3071 57263.712299447274 3.7470027081099033e-16 0.824531298085949 0.6049160998676928 0.0 0.04239134219096741 1.3877787807814654e-18 0.004171415552932212 0.0062722272413093805 547.2791314760921 16.0 -19.391098454307688 1.9067186416789426 57248.375 57342.024 4 16 "Covariance may not be accurate."
01281886 36 0.384 57263.64409315372 9.992007221626409e-17 1.2394965955231494 0.4914529658026692 0.0 0.0227855972116231 0.0 0.5612818840729416 0.0003724799108936194 228.8626466914994 32.0 -18.72360011911643 1.463571289997276 57248.391 57345.231 6 30 "Covariance may not be accurate."
01282736 35 0.3689 57267.40077170605 4.163336342344337e-17 1.126261294411007 0.5002007099758276 0.0 29.36647962666757 0.03283797487193407 0.4678829213003406 0.7320245564339463 316.6567182490801 31.0 -17.649212147928818 1.5489396709276697 57249.281 57346.029 7 28 "Covariance may not be accurate."
01283373 13 0.2075 57248.34580582517 1.0269562977782698e-15 0.8632921913695063 0.5114687244915407 0.0 0.8682856767518388 4.163336342344337e-17 0.035874513473199476 0.03752965811083095 296.26714413516424 9.0 -19.676359596609934 1.8477091675044335 57265.366 57332.077 0 13 "Covariance may not be accurate. Covariance not positive definite. Covariance forced positive definite."
01283878 15 0.3135 57266.33297159221 5.079270337660091e-16 0.679907793093881 0.8238629274680385 0.0 32.486286101688165 0.034752172108182544 0.4690506125616328 0.7347133689267433 69.50842407837882 11.0 -19.34045048584227 2.189983851715354 57249.305 57339.187 3 12 "Covariance may not be accurate."
01283936 42 0.369 57261.60967358905 1.3877787807814457e-17 1.198545469482451 0.007227050122968648 0.0 29.565187233169127 0.030751139271017965 0.42788769964474366 0.5776253699154134 374.0594864386349 38.0 -17.42411574572318 1.491441550528858 57248.375 57347.081 8 34 "Covariance may not be accurate."
01285160 17 0.7493 57251.43522207163 0.0 1.0510065046831865 0.5135896938754657 0.0 0.0 0.0 0.0 0.0 886.6748402073708 13.0 inf nan 57253.285 57372.178 0 17 "Hesse Failed. Covariance may not be accurate. Covariance not positive definite."
01285317 23 0.5649 57260.731071309565 8.881784197001253e-17 0.7178705576371573 0.5000992518004692 0.0 0.07760464105012943 1.387778780781447e-18 0.03371018282088767 0.05363854092332693 173.40944977831188 19.0 -19.578308181126342 2.1045986605242426 57248.378 57356.125 4 19 "Covariance may not be accurate. Covariance not positive definite. Covariance forced positive definite."
01286398 26 0.1503 57266.205735333926 8.382183835919933e-16 0.6786151028072873 0.1630841666921834 0.0 0.0011779689775721636 1.387778780781416e-18 9.45144510333673e-06 0.08286876313569186 727.8043902124734 22.0 -19.382974497829444 2.192997569985831 57249.293 57331.145 6 20 "Covariance may not be accurate."
01287626 5 0.304 56638.04734922958 3.1363800445660674e-16 0.6500027127277548 0.07464458850828665 0.0 27.065037388576457 0.03390219359716409 0.40743627947278943 0.5128088797605298 2298.7038073066915 1.0 -20.205422506844585 2.262334639274389 56660.105 56697.068 0 5 "Covariance may not be accurate."
01289288 19 0.2897 57234.04351249268 1.7763568394002506e-16 0.6867126647926797 0.3018000878611381 0.0 22.525349406430905 0.03112229102822743 0.4263161637073151 0.7386902244070305 360.75905010649257 15.0 -19.01786337357054 2.174190921979477 57248.375 57347.079 0 19 "Covariance may not be accurate."
01289555 20 0.5588 57258.465006794635 2.4980018054066023e-17 0.8683422784272996 0.191013186103626 0.0 29.319756503591634 0.03076589011849505 0.44025358756792804 0.5943705885344946 251.4915777839821 16.0 -18.798447789311865 1.8403370606655294 57248.393 57365.112 3 17 "Covariance may not be accurate."
01289600 34 0.4196 57245.76290506192 2.7755575615628915e-18 0.6500000002834693 0.3043151257292334 0.0 0.002691624584258534 0.0 4.301815403895404e-09 0.36831587129935595 5732.996250369405 30.0 -15.439867221012861 2.2623509528299444 57255.37 57365.221 0 34 "Covariance may not be accurate."
01289656 19 0.5394 57234.51431423289 1.0824674490095277e-16 1.2469709520989627 0.5063637995013683 0.0 28.176927203869127 0.034113153335223835 0.38614974058912793 0.742948758428793 87.27873966349583 15.0 -19.661627321156757 1.4587378453711182 57255.415 57355.242 0 19 "Covariance may not be accurate."
01289664 17 0.2491 57264.39884060928 4.163336342344337e-16 0.7987487474105286 0.4225172143788098 0.0 29.49827689578524 0.030746229774933465 0.4437713303684662 0.6900175524649369 1797.5990482939922 13.0 -19.339082536616296 1.9490866179489785 57252.305 57345.229 2 15 "Covariance may not be accurate."
01290779 22 0.3895 56873.36404477688 2.248201624865942e-16 0.7319057889609952 0.5075119280390278 0.0 0.1856590291718021 4.163336342344347e-18 0.017145492386610617 0.042799756216877094 831.5479704172106 18.0 -19.607700470063605 2.0748999745439356 56887.393 56973.319 0 22 "Covariance may not be accurate. Covariance not positive definite. Covariance forced positive definite."
01290816 10 0.2185 56897.19033184422 3.8302694349567903e-16 1.2280173793777829 0.5000948236234011 0.0 0.014587922545615584 2.7755575615628815e-18 0.04373055841925355 0.015656288590991357 1853.0904528444296 6.0 -18.749722148841293 1.4711156941096348 56887.393 56960.273 2 8 "Covariance may not be accurate. Covariance not positive definite. Covariance forced positive definite."
01291080 13 0.4438 56899.42930997439 5.551115123125783e-18 1.206154174112588 7.175336895759443e-07 0.0 29.646230907750578 0.030935476969781814 0.42726342162401115 0.6145680749454802 311.74475438004794 9.0 -16.915606582483303 1.486027535588338 56887.272 56973.077 2 11 "Covariance may not be accurate."
01291090 13 0.292 56900.64782983712 2.7755575615628914e-16 0.6501729960546253 0.11275184284967438 0.0 32.396644436936185 0.035290380388998885 0.4284264930074546 0.5440654768589482 966.6140566951987 9.0 -19.902182299632713 2.2619076470749384 56887.213 56973.023 2 11 "Covariance may not be accurate."
01291794 37 0.3951 57265.33157953234 5.273559366969494e-17 1.240745178074193 0.31670875854134234 0.0 34.01961789298002 0.042735039163883826 0.39793710380898434 0.5811885962737304 493.9233747297218 33.0 -18.46047911255121 1.4627561634072919 57252.291 57356.172 6 31 "Covariance may not be accurate."
01291957 29 0.36 56862.191635438474 2.0816681711721685e-16 0.68805828267807 0.6458138126558699 0.0 27.68240919888558 0.034180501259641526 0.3256950339365544 0.7347387930177209 2296.762965578143 25.0 -19.076609858116825 2.171099362151839 56877.181 56980.028 0 29 "Covariance may not be accurate."
01292145 19 0.4925 57264.49781772634 8.326672684688675e-18 0.9140018038413678 0.16870933426279344 0.0 29.943769998062635 0.031338704751009576 0.42044231152205863 0.7337103506007103 110.88004658826269 15.0 -17.321950374832248 1.7765739673657848 57252.293 57356.172 3 16 "Covariance may not be accurate."
01292195 19 0.8293 57261.14464467901 2.7755575615628915e-18 0.6500000019520773 0.4875209820442455 0.0 26.372683699275512 0.030922981782617147 0.3710624794803339 0.7095740353760507 308.2486059928137 15.0 -16.868265297695707 2.2623559670434794 57253.265 57387.129 1 18 "Covariance may not be accurate."
01292332 12 0.2735 56898.213452193326 2.7478019859472625e-16 1.0863852310289333 0.425233561589194 0.0 29.780540829346137 0.0321746612051146 0.3810750922514711 0.7021779548297973 76.11579071946099 8.0 -19.114150645745944 1.5850685376746974 56890.331 56973.185 1 11 "Covariance may not be accurate."
01292336 12 0.2336 56897.37432484637 2.997602166487923e-16 0.7111001636666852 0.5028142045017003 0.0 0.13383583247923525 1.3877787807814407e-18 0.006276282982052683 0.0010463643981045156 207.83142655508686 8.0 -18.643201474775317 2.119316677029204 56890.331 56973.185 1 11 "Covariance may not be accurate."
01292560 11 0.2248 56892.74383952033 5.88418203051333e-16 0.6500000026882627 0.018852453207844233 0.0 0.0014649799304606859 1.387778780781416e-18 2.996550174660939e-09 0.011124761721802878 591.8309642366808 7.0 -20.233663126281083 2.262339684245312 56903.225 56973.038 0 11 "Covariance may not be accurate."
01293319 14 0.2969 56909.94414890114 3.247402347028583e-16 0.6792840175498468 0.5000277076840743 0.0 0.16061544570766273 0.0 1.9856798265383002e-05 4.467002844521506e-05 691.0975415280833 10.0 -19.330093904928113 2.1914423665593716 56887.27 56980.068 3 11 "Covariance may not be accurate."
01293758 17 0.1472 56894.10808028703 8.049116928532385e-16 0.6500000033995481 0.10023771809655818 0.0 0.0019219368514313828 1.3877787807814654e-18 4.402373576795071e-09 0.09447130289090488 6531.705757843865 13.0 -19.411893543276665 2.2623423837670984 56903.107 56980.026 0 17 "Covariance may not be accurate."
01294014 22 0.3627 56875.38630788472 5.523359547510154e-16 0.6875471327599857 0.40053651099946397 0.0 4.0591916331322864e-05 1.3877787807814654e-18 5.361360095440526e-05 0.06279996302819912 1113.6484349040988 18.0 -20.634745444638465 2.172271529399456 56890.388 56990.199 0 22 "Covariance may not be accurate."
01294743 11 0.3126 56900.286855134305 3.0531133177191805e-16 0.8597610755857399 0.5000909859793378 0.0 0.023746919650875498 9.71445146547011e-18 0.01646863812112892 0.13972206075606042 91.29578191841605 7.0 -19.392555102494086 1.8528976528469485 56890.366 56980.089 1 10 "Covariance may not be accurate. Covariance not positive definite. Covariance forced positive definite."
01295027 35 0.4254 56900.70999425211 2.7755575615628915e-18 0.6612423744228388 0.025668468361536967 0.0 30.526369706432888 0.03203153765218934 0.4177959354939062 0.6755616892579347 787.0624010578998 31.0 -16.012278856592363 2.234495281982202 56887.27 56992.066 4 31 "Covariance may not be accurate."
01295256 16 0.4425 56889.296948151925 7.771561172376097e-17 0.6601614518044148 4.0291599462394245e-07 0.0 24.752210854265286 0.031090641317950675 0.4038454922485995 0.6146574765246993 782.8309412278779 12.0 -19.77332588663051 2.2371349479624456 56904.3 57012.086 0 16 "Covariance may not be accurate."
