analysis_pipeline/fit_results/des_4_sn91bg_salt2_phase_all.ecsv
# %ECSV 0.9
# ---
# datatype:
# - {name: obj_id, datatype: string}
# - {name: num_points, datatype: int64}
# - {name: z, datatype: float64}
# - {name: t0, datatype: float64}
# - {name: x0, datatype: float64}
# - {name: x1, datatype: float64}
# - {name: c, datatype: float64}
# - {name: z_err, datatype: float64}
# - {name: t0_err, datatype: float64}
# - {name: x0_err, datatype: float64}
# - {name: x1_err, datatype: float64}
# - {name: c_err, datatype: float64}
# - {name: chi, datatype: float64}
# - {name: dof, datatype: float64}
# - {name: b_max, datatype: float64}
# - {name: delta_15, datatype: float64}
# - {name: tmin, datatype: float64}
# - {name: tmax, datatype: float64}
# - {name: pre_max, datatype: int64}
# - {name: post_max, datatype: int64}
# - {name: message, datatype: string}
# schema: astropy-2.0
obj_id num_points z t0 x0 x1 c z_err t0_err x0_err x1_err c_err chi dof b_max delta_15 tmin tmax pre_max post_max message
[from data line 106]
01314897 54 0.3369 57258.38985982173 0.0 1.1601810569311815 0.5000191158449803 0.0 0.0 0.0 0.0 0.0 0.0 -4.0 inf nan 57273.337 57373.072 0 54 "Hesse Failed. Covariance may not be accurate. Covariance not positive definite."
01315192 38 0.2254 56998.53550047108 2.7755575615628914e-16 0.7419282538959127 0.8984967712202503 0.0 0.0016918084729695693 0.0 1.8616272242255594e-05 0.016107690225641624 8795.95213502847 34.0 -17.723828662143074 2.0530657529661447 56987.193 57052.1 7 31 "Covariance may not be accurate."
01315259 44 0.228 56993.57663327585 1.6930901125533639e-16 0.6500000000000002 0.028641342209864196 0.0 33.53363822445681 0.046464503092329995 0.5575740452054923 0.5381642612397115 15093.036990553526 40.0 -18.899847560046723 2.2606548769844217 56980.181 57049.073 10 34 "Covariance may not be accurate."
01315296 53 0.4126 56993.28427614676 2.7755575615628915e-18 0.6500001261543755 0.00010707631674983231 0.0 29.122634026629385 0.03088995252502154 0.3705626487750668 0.6105465792334708 1309.756920176228 45.0 -15.974479680082403 2.260653752626901 56973.183 57049.072 15 38 "Covariance may not be accurate."
01316385 32 0.1478 57020.67975998192 4.3021142204224816e-16 1.1874753738931227 0.5004471856180099 0.0 36.40021059177889 4.163336342344347e-18 0.0004389314820405499 0.006629678295622998 11700.510380706519 23.0 -17.933145940065963 1.4990788867048437 57001.175 57067.046 13 19 "Covariance may not be accurate. Covariance not positive definite. Covariance forced positive definite."
01316431 39 0.1981 57017.75370397606 1.1934897514720432e-16 1.2454487449980893 0.001040325961968569 0.0 29.521711785066145 0.030746407181294223 0.3460082465339929 0.62824890186438 53098.530955040274 35.0 -18.221501854156283 1.459295832991657 57001.16 57052.1 12 27 "Covariance may not be accurate."
01316437 49 0.482 57002.995476277756 5.551115123125783e-18 0.720859252719693 0.04818667055596659 0.0 28.68508573638246 0.03156507319453601 0.4341370074860282 0.7128208686073391 1093.7403539007407 42.0 -17.051557556330728 2.096751216799497 56980.192 57052.1 15 34 "Covariance may not be accurate."
01316465 41 0.3291 57015.912119848705 9.71445146547012e-17 1.177293318401213 0.47142872841968103 0.0 31.52365592944625 0.03340061857114293 0.43462338052047467 0.7261871783707736 53478.41347519952 37.0 -18.347658938217908 1.5067379402674028 57001.175 57067.046 12 29 "Covariance may not be accurate."
01317164 35 0.1547 57300.100907688415 3.552713678800501e-16 0.6500000478697407 0.49871437185365725 0.0 0.5471270468551666 1.3877787807814407e-18 1.6037965089310546e-07 0.00044260153761838117 3311.7322118073544 30.0 -17.83779103173146 2.260670908812788 57276.375 57355.165 8 27 "Covariance may not be accurate."
01317277 52 0.2371 56996.740474684804 6.938893903907228e-17 1.1429881053716828 0.3802771656175065 0.0 29.987796082430577 0.0319100074371976 0.4409952273309376 0.6840124116520908 4804.190680463775 48.0 -17.35717763755411 1.5341440750643578 56987.071 57052.042 13 39 "Covariance may not be accurate."
01317286 54 0.279 56996.54934755731 2.0816681711721685e-16 0.6500000000047135 0.6808548691724627 0.0 29.274645617806527 0.030811655974549514 0.36974059840247653 0.6545546731099416 25233.54605597644 50.0 -18.361337894862153 2.260671822153366 56987.071 57052.042 14 40 "Covariance may not be accurate."
01317454 39 0.5688 56996.772761828695 2.7755575615628915e-18 0.8174143118578532 0.0018363864344160263 0.0 29.30387842409982 0.030802817402124233 0.3828388413426429 0.5964892811528097 1464.4930809634736 35.0 -16.80896608173719 1.9170528745162159 56987.028 57051.043 10 29 "Covariance may not be accurate."
01317666 47 0.1414 57258.33900192867 2.0816681711721685e-16 1.0958707021989096 0.7030331560050371 0.0 0.0005124920571688563 0.0 0.009979254763973544 0.004869340079098006 28108.246373596616 20.0 -16.661848551021464 1.5756334196464543 57273.339 57356.106 0 47 "Covariance may not be accurate."
01319366 65 0.2361 57292.58510676805 1.7208456881689927e-16 1.2281403580149062 0.0049106207899998755 0.0 29.541883632216923 0.030746369045574817 0.4112315600930882 0.5843850070178105 15786.141725366586 49.0 -19.041633451345962 1.470599087666642 57276.312 57372.107 18 47 "Covariance may not be accurate."
01319821 49 0.3088 56996.8030478731 2.7755575615628915e-18 0.6500000001965217 0.18168443452412042 0.0 28.911185248205584 0.032058271122602025 0.38469437543320323 0.5890644766664419 7223.014219006283 37.0 -14.904401826655963 2.2606607570271713 56992.123 57067.103 4 45 "Covariance may not be accurate."
01320166 39 0.449 56980.21103001623 2.7755575615628915e-18 0.6500000014746787 6.828607417985744e-05 0.0 21.040193976245064 0.03189314192794615 0.3827310007389014 0.618385586002884 2298.911490497111 35.0 -16.19311712687908 2.2606540646656157 56991.108 57049.049 0 39 "Covariance may not be accurate."
01322229 29 0.5261 57024.07675862345 3.053113317719181e-17 1.2050802803426608 0.08204911237125795 0.0 28.08723434598869 0.03106584832240748 0.425066378260129 0.516236435782774 4209.800874050557 25.0 -19.072522945127794 1.4863389559103837 57001.05 57052.048 16 13 "Covariance may not be accurate."
01322979 35 0.5294 57032.25234591847 5.551115123125783e-18 0.6512638633384235 0.0012181707794399754 0.0 22.077947750447493 0.030746616627063534 0.3570904489972975 0.5999736401646947 17321.202595186653 28.0 -17.37368290266548 2.25748620776546 57008.04 57067.047 16 19 "Covariance may not be accurate."
01324542 38 0.5415 57035.61162732003 2.7755575615628915e-18 1.2177943679492 0.0335336719484946 0.0 22.81757356421076 0.030968483241441268 0.4212861367775173 0.6829600914498501 1344.0208113895953 34.0 -16.628243383506817 1.4775447964466082 57011.085 57067.103 15 23 "Covariance may not be accurate."
01325358 32 0.7793 56990.24325206666 1.1102230246251566e-17 0.7080982839929034 0.02313590148880046 0.0 24.855066847474518 0.031231826806041148 0.43705705057182087 0.5463555259763432 2015.2165457609544 28.0 -19.11730532524007 2.124440909855334 57005.241 57066.064 0 32 "Covariance may not be accurate."
01327978 54 0.2073 57299.79483964488 2.1649348980190555e-16 1.225958902888586 0.001139630160911398 0.0 29.516620551909 0.030746491190318862 0.41294322854829607 0.6288579649865821 1744.0923476220232 45.0 -18.978301362928438 1.472049821342253 57283.129 57373.043 20 34 "Covariance may not be accurate."
01328066 81 0.4489 57288.00456201444 1.1102230246251566e-17 1.2434893626879195 0.27223006124872473 0.0 29.699576996619726 0.030880652898381742 0.34266635114969674 0.6349199693931016 1515.1951005419255 62.0 -17.173150419671448 1.4605685285574843 57273.093 57379.051 13 68 "Covariance may not be accurate."
01328105 84 0.4402 57288.22834873088 6.938893903907228e-17 1.1480646275873474 0.0035404359095719817 0.0 29.96004198503215 0.03120076329859016 0.34927638695448 0.6487785095320009 1963.4301737755425 61.0 -19.63119050215414 1.5299230888111595 57273.093 57386.049 15 69 "Covariance may not be accurate."
01329166 71 0.7316 57253.6464283043 3.885780586188048e-17 1.202927305714529 0.26712188964103706 0.0 26.71957877315799 0.031369857485170745 0.30974267802676375 0.6334624597605976 2360.9195345910234 38.0 -19.82918028941993 1.4878675579500324 57268.251 57402.11 0 71 "Covariance may not be accurate."
01329196 82 0.7693 57251.25317534059 7.771561172376097e-17 0.6508315474186989 0.3535505602870812 0.0 25.152309927285387 0.03117439718599471 0.38351346903715694 0.7348031627010934 3903.216506942138 40.0 -20.56673155311921 2.2585810463676523 57266.247 57406.112 0 82 "Covariance may not be accurate."
01329312 59 0.3444 57295.54717282941 5.273559366969494e-17 1.1210808719624892 0.0433794491525894 0.0 29.51731249841032 0.03074817386595333 0.44300779201992896 0.6906777323826461 2586.092156910288 42.0 -18.638733154384944 1.55289578425349 57283.189 57389.086 8 51 "Covariance may not be accurate."
01329615 66 0.4039 57289.22684943389 1.3877787807814457e-17 1.092025157194465 0.0650323402789974 0.0 29.52688436166136 0.03092385558300521 0.37870996832896725 0.5037692535474747 1377.613692079031 50.0 -17.55962480545595 1.5791855715763674 57278.298 57385.114 10 56 "Covariance may not be accurate."
01330031 66 0.1041 57275.073056699526 5.578870698741412e-16 1.1301249795132053 0.5002477018828592 0.0 0.023980426183698 3.469446951953614e-17 0.08785822121781439 0.16204489404899625 48133.65808075508 34.0 -17.392197910490093 1.5450478824004321 57290.065 57376.047 0 66 "Covariance may not be accurate. Covariance not positive definite. Covariance forced positive definite."
01330426 66 0.2595 57292.446159855164 5.828670879282072e-17 1.2303983077987786 0.20421831959888803 0.0 29.242572309591196 0.03364972892266643 0.4093258769382823 0.7941012608308764 41190.19784102145 39.0 -17.726044880247525 1.4691108076890451 57288.21 57387.185 4 62 "Covariance may not be accurate."
01330642 68 0.6339 57306.58675673625 2.7755575615628915e-18 1.2201653126889735 0.40981332384592206 0.0 27.60090867714098 0.03081044094091573 0.30769499584340027 0.686188131597159 5539.170955856643 54.0 -16.323073216472082 1.4759490645732924 57283.189 57406.1 17 51 "Covariance may not be accurate."
01330903 79 0.5638 57295.0303611693 5.551115123125783e-18 0.6500001117972152 0.010582417046095416 0.0 29.60766034867629 0.0311108621363624 0.3732190177657353 0.5694404371126796 930.5769642007194 56.0 -17.524364152486694 2.2606540772604937 57276.312 57396.103 18 61 "Covariance may not be accurate."
01331123 66 0.2291 57282.03917253943 2.581268532253489e-16 1.2426656724128113 0.45462949434013267 0.0 30.491223034601717 0.03849753703021962 0.395008224708918 0.7236789867741685 9041.68944078563 36.0 -18.5441897005852 1.4611041911248037 57297.03 57386.049 0 66 "Covariance may not be accurate."
01331993 64 0.7196 57276.172980518895 8.326672684688675e-18 1.0324070997675447 0.012622580994964827 0.0 25.509751921807037 0.032082720980197404 0.406634803857622 0.6589938346634425 2082.6929234554664 37.0 -18.6087936915909 1.637378283960416 57291.17 57408.04 0 64 "Covariance may not be accurate."
01332059 71 0.5788 57294.1662905195 2.7755575615628915e-18 0.6500000007245113 0.0021904686005538854 0.0 28.688962207532313 0.03085940556203848 0.37030404439619796 0.5947512736543075 1142.4945715919357 51.0 -16.854377696651877 2.260654124295254 57288.199 57403.103 7 64 "Covariance may not be accurate."
01332413 69 0.6087 57308.81394887977 2.2204460492503132e-17 1.0681840739624013 0.3157002155510965 0.0 26.402990297909128 0.030747485974606092 0.44317818453273233 0.6531978394922284 1475.9538866528612 57.0 -18.650896645882327 1.6018136106203222 57297.151 57403.064 12 57 "Covariance may not be accurate."
01333246 56 0.4379 57284.22524683285 6.383782391594651e-17 1.2397366397507334 0.32624485435041684 0.0 26.94049727257152 0.033407300243066484 0.3606807841088175 0.7371944419484425 419.7660251000306 33.0 -18.916359889936544 1.4629996283370232 57299.22 57403.103 0 56 "Covariance may not be accurate."
01333438 53 0.3995 57282.3555035328 8.326672684688675e-18 0.8865956183046388 0.0015588459777103325 0.0 24.643500946065615 0.031138972542884325 0.4106390973339428 0.5979677033544323 917.5785880723183 23.0 -17.081960267440728 1.813315622511098 57297.346 57406.124 0 53 "Covariance may not be accurate."
01334084 37 0.1335 57331.284788174955 1.7486012637846217e-16 1.2489800231935195 0.029659547766154315 0.0 30.027477165793243 0.03130770116544202 0.3583208804443209 0.6923567941723845 3437.930628581942 26.0 -17.64582352794857 1.4570277844886945 57315.206 57396.104 11 26 "Covariance may not be accurate."
01334087 27 0.2663 57329.723063845704 1.8596235662471373e-16 1.2491362237078198 0.010805355692549978 0.0 29.323903246895497 0.030747041528823987 0.37833929636895675 0.6559390860622096 2866.343588371562 18.0 -19.414211227736512 1.4569272173455552 57311.299 57403.103 10 17 "Covariance may not be accurate."
01334302 64 0.4549 57286.571899288116 8.604228440844963e-17 1.2487464611124204 0.927097241862866 0.0 22.537069426525704 0.030752150023647992 0.38019321796622657 0.7076923991734188 1169.0851545258683 35.0 -18.165891611674216 1.4571885265226676 57301.033 57407.048 0 64 "Covariance may not be accurate."
01334423 56 0.3577 57313.62802544699 8.326672684688675e-18 0.6500225394301616 0.00034034413357114657 0.0 27.768605716591992 0.03165771452736275 0.37826107570474515 0.6226069943716988 3264.338792548627 36.0 -16.801056480171287 2.260597477440637 57312.138 57408.057 4 52 "Covariance may not be accurate."
01334448 64 0.5167 57286.287859826894 0.0 1.1210877079204253 0.500137544448649 0.0 0.0 0.0 0.0 0.0 0.0 -4.0 inf nan 57301.278 57402.056 0 64 "Hesse Failed. Covariance may not be accurate. Covariance not positive definite."
01334470 60 0.5188 57320.48721548672 2.7755575615628915e-18 0.6500000000000666 0.0019909083614049194 0.0 29.67352873341224 0.03085403553701223 0.3702485131503392 0.5957126622881762 1345.9369152992392 52.0 -16.566844816516177 2.2606541206691126 57305.279 57402.056 16 44 "Covariance may not be accurate."
01334597 48 0.289 57317.512789321045 6.938893903907228e-17 0.650220065385422 0.3480146926195221 0.0 27.978287258891214 0.03146909682720911 0.3725406558576447 0.7353472809747763 49884.475034326504 29.0 -17.90949765880984 2.260114111267864 57315.219 57408.043 4 44 "Covariance may not be accurate."
01334620 58 0.1961 57321.70383329065 8.881784197001253e-17 1.1807553472197951 0.030184422031901637 0.0 29.770212615931086 0.03136974751535196 0.32761947764692584 0.6942581830864814 4087.344509229938 38.0 -17.829110236109532 1.5040963473904867 57311.28 57403.064 12 46 "Covariance may not be accurate."
01334644 56 0.2881 57321.78360104528 1.1934897514720432e-16 0.656303289494587 0.0037871628367673327 0.0 30.104593060903426 0.0318842078487285 0.35354841005137755 0.5882111836348238 4302.882437448237 40.0 -19.14011184475315 2.244967928730617 57311.28 57403.064 12 44 "Covariance may not be accurate."
01334645 54 0.2312 57320.32663890047 1.3600232051658169e-16 0.9756646085933349 0.5201808120917675 0.0 29.657926286232396 0.03152470516454212 0.4316569938759036 0.7246749727040565 14174.412919415912 35.0 -17.731922573183223 1.6989301776173313 57311.28 57403.064 11 43 "Covariance may not be accurate."
01334707 63 0.6488 57289.309726786865 8.326672684688675e-18 0.950001759224651 0.0009090760641429219 0.0 24.481567302918847 0.030776752956240182 0.4264547463192487 0.6020358938394249 5712.482454649609 30.0 -18.351552915251546 1.7294981910098315 57304.307 57426.118 0 63 "Covariance may not be accurate."
01334879 61 0.6393 57287.24412956328 2.4980018054066023e-17 0.8849867143170325 0.726936770704312 0.0 28.79261849033719 0.03621247438870706 0.4748148976438396 0.6352904385852179 3910.3118362857963 34.0 -18.094942291338256 1.815597498706147 57302.241 57426.118 0 61 "Covariance may not be accurate."
01335472 59 0.4989 57316.558936974085 2.7755575615628915e-18 0.6500000000003221 0.0022708178402761625 0.0 28.58747423805471 0.03084426677044332 0.37013139260766087 0.5943761023182519 2764.271130219671 47.0 -16.46403568533635 2.26065412830717 57311.02 57403.05 8 51 "Covariance may not be accurate."
01335564 60 0.6077 57321.21469916342 2.7755575615628915e-18 0.6500000000000005 2.2721998392039033e-05 0.0 29.360853142599808 0.03085069813271379 0.37020838625605124 0.6169249347737792 831.4230236303638 48.0 -16.986589012515836 2.2606540671328403 57311.28 57427.068 12 48 "Covariance may not be accurate."
01335694 37 0.2591 57344.40959037563 1.5543122344752193e-16 1.0242169988238374 0.008991025202967629 0.0 29.19056966348944 0.030746436294087066 0.4393560048290663 0.6525754274994514 18141.737541421167 26.0 -19.1543288926052 1.645832759687078 57325.214 57408.058 15 22 "Covariance may not be accurate."
01335717 51 0.3048 57349.70660922729 7.216449660063518e-17 1.2490363191877472 0.13914294664892202 0.0 26.923573541913356 0.031438189998107706 0.37884214901380414 0.5584073941201331 27181.144337751608 43.0 -18.49641520260873 1.4569949391162567 57325.182 57408.092 17 34 "Covariance may not be accurate."
