analysis_pipeline/fit_results/des_5_sn91bg_color_interpolation_blue.ecsv
# %ECSV 0.9
# ---
# datatype:
# - name: obj_id
#   datatype: string
# - name: num_points
#   datatype: int64
# - name: z
#   datatype: float64
# - name: t0
#   datatype: float64
# - name: x0
#   datatype: float64
# - name: x1
#   datatype: float64
# - name: c
#   datatype: float64
# - name: z_err
#   datatype: float64
# - name: t0_err
#   datatype: float64
# - name: x0_err
#   datatype: float64
# - name: x1_err
#   datatype: float64
# - name: c_err
#   datatype: float64
# - name: chi
#   datatype: float64
# - name: dof
#   datatype: float64
# - name: b_max
#   datatype: float64
# - name: delta_15
#   datatype: float64
# - name: tmin
#   datatype: float64
# - name: tmax
#   datatype: float64
# - name: pre_max
#   datatype: int64
# - name: post_max
#   datatype: int64
# - name: message
#   datatype: string
# schema: astropy-2.0
obj_id num_points z t0 x0 x1 c z_err t0_err x0_err x1_err c_err chi dof b_max delta_15 tmin tmax pre_max post_max message
[from data line 195]
01343401 12 0.16890916555026095 57392.78458842485 1.4710455076283326e-16 0.6505235166385093 0.4984117420978309 0.654164511641167 49.900450720069784 0.030747969119826614 0.3614056310184905 0.7100239744220886 159.31594621189618 7.0 -17.091308243440754 2.2610399840196926 57372.048 57427.054 6 6 "Covariance may not be accurate."
01343533 16 0.8839760849710336 57399.552763483254 3.33066907387547e-17 0.7117227916532163 0.08193583533248033 0.00279544746431859 44.96336607322155 1.3877787807814438e-18 0.004378944799623863 0.018628528613117673 169.0424935242032 11.0 -20.54813551389884 2.117939318811981 57365.039 57407.046 12 4 "Covariance may not be accurate."
01343759 7 0.48865779400010545 57359.844555007396 2.7755575615628915e-18 0.6627235785127569 0.5001998126248441 0.6395953973206687 55.166765788409975 0.030759435941870087 0.32978341074989376 0.7105832709786741 3528.3428604707597 2.0 -15.434994447005597 2.2309049943606247 57365.223 57425.071 0 7 "Covariance may not be accurate."
01343871 7 0.4856651567147651 57376.71979662995 2.7755575615628915e-18 0.650032865461766 0.001249519411086808 0.6402848140525761 48.8506276049593 0.030862641734327206 0.3684626370847575 0.5997743316453996 265.2564091455395 2.0 -16.395451592936812 2.2622564901756306 57355.228 57408.055 3 4 "Covariance may not be accurate."
01344692 14 0.4994353339936655 57415.221208173534 2.7755575615628915e-18 0.6500000006315382 0.049425120199604655 0.6476638911979503 56.46153792692712 0.03123543011115228 0.37481978518915016 0.5123681650035727 226.07905696560036 9.0 -16.389653765008298 2.2623406236034285 57366.056 57427.068 12 2 "Covariance may not be accurate."
01345553 6 0.6724941299939453 57383.159723436926 3.8302694349567903e-16 0.8306172548440913 0.503884899785696 0.6583324454134698 48.014696267146064 0.03344185887887134 0.4704702057915147 0.7377631728069391 941.7427253795814 1.0 -21.6209873863441 1.8971229779433578 57372.048 57427.052 2 4 "Covariance may not be accurate."
01345582 7 0.4756785699970495 57389.91992646997 9.159339953157542e-17 0.7166131118687572 0.5101584734546523 0.0013294940814400913 0.3804665365460096 1.387778780781447e-18 0.0771388446577973 0.05284988559753706 131.10085040337248 2.0 -19.145286015846327 2.1073135279355526 57365.056 57427.054 4 3 "Covariance may not be accurate. Covariance not positive definite. Covariance forced positive definite."
01345594 11 0.04960464489284069 57378.16348126167 4.4408920985006264e-17 0.6500003437230712 0.49994434044596003 0.48716440271730327 0.009302191701863194 1.387778780781447e-18 2.294500014987655e-07 3.071875870402918e-05 281.4249192158992 6.0 -12.952178682787565 2.262355598782264 57372.048 57427.054 2 9 "Covariance may not be accurate."
01346137 14 0.49245591653993287 57393.35030086954 5.551115123125783e-18 0.6500230760843115 3.194822945640219e-06 0.6563426184942576 47.491420959690004 0.03217563005238792 0.38441770697534955 0.6141718748257459 833.6956531190319 9.0 -17.18623229586493 2.262281088268626 57375.048 57425.151 6 8 "Covariance may not be accurate."
01346387 13 0.486756164231831 57416.68245977294 2.7755575615628915e-18 0.6500446312645011 0.0039223898318955785 0.6401039627852523 50.36391468934016 0.03083013328936964 0.3721394408733019 0.5877245502325369 10980.855279634068 8.0 -16.397080090777997 2.262226959690704 57372.136 57426.118 11 2 "Covariance may not be accurate."
01346956 10 0.4763619750698042 57415.55076766793 1.637578961322106e-16 0.6500007707621386 0.13364355960675223 0.6604444101211586 42.392869723458716 0.03316725199049464 0.3983257300372122 0.5589565567267606 2563.1153879206986 5.0 -20.540148821518628 2.2623417905523624 57387.181 57426.147 8 2 "Covariance may not be accurate."
01346966 14 0.043278732268155186 57403.365888843364 1.304512053934559e-16 0.7789140762538056 0.4973982648384611 0.4685922555553731 43.7552476123019 0.03202122324076596 0.4588000444594537 0.7239731821059145 320.0057504831152 9.0 -13.822074384415227 1.9838562426958646 57376.057 57426.147 10 4 "Covariance may not be accurate."
