analysis_pipeline/fit_results/des_5_sn91bg_color_interpolation_red.ecsv
# %ECSV 0.9
# ---
# datatype:
# - {name: obj_id, datatype: string}
# - {name: num_points, datatype: int64}
# - {name: z, datatype: float64}
# - {name: t0, datatype: float64}
# - {name: x0, datatype: float64}
# - {name: x1, datatype: float64}
# - {name: c, datatype: float64}
# - {name: z_err, datatype: float64}
# - {name: t0_err, datatype: float64}
# - {name: x0_err, datatype: float64}
# - {name: x1_err, datatype: float64}
# - {name: c_err, datatype: float64}
# - {name: chi, datatype: float64}
# - {name: dof, datatype: float64}
# - {name: b_max, datatype: float64}
# - {name: delta_15, datatype: float64}
# - {name: tmin, datatype: float64}
# - {name: tmax, datatype: float64}
# - {name: pre_max, datatype: int64}
# - {name: post_max, datatype: int64}
# - {name: message, datatype: string}
# schema: astropy-2.0
obj_id num_points z t0 x0 x1 c z_err t0_err x0_err x1_err c_err chi dof b_max delta_15 tmin tmax pre_max post_max message
[from data line 52]
01295921 13 0.3927166945837409 56878.860752907174 5.551115123125783e-18 0.7135807440982322 1.9077538497724866e-05 0.6198229204638622 20.767537875126436 0.031198236857584424 0.438361958850816 0.6167579144137467 212.61500614897193 8.0 -16.600174950221003 2.1138796413108167 56890.393 56990.201 0 13 "Covariance may not be accurate."
01296273 16 0.39487468269542275 56928.34833595822 2.7755575615628914e-17 1.2358200217322814 0.4661591044826711 0.00026341081645761544 0.003909308645233978 1.387778780781447e-18 0.07418079829187907 0.00030232169047583746 454.1050784795981 11.0 -17.464123758195655 1.4659694023778904 56903.391 57003.049 4 12 "Covariance may not be accurate."
01296321 25 0.15161267924157873 56900.30340443975 2.331468351712829e-16 1.1275662268036575 0.48837283535791165 0.0036248231378486068 0.0020893501277896576 0.0 0.000491284895921984 0.0004930951618569157 1118.2044991451378 20.0 -17.35764681976675 1.5478067560952553 56915.269 56990.188 0 25 "Covariance may not be accurate."
01296657 24 0.4530401762926842 56906.63798987113 2.7478019859472625e-16 0.6500000000001391 0.5000124530119314 0.4720401937146098 0.3107528031359834 4.163336342344322e-18 5.241928397459183e-07 0.00022426710439174546 3224.376570073955 19.0 -20.227402225980143 2.2623564660747775 56904.225 56987.079 2 22 "Covariance may not be accurate. Covariance not positive definite. Covariance forced positive definite."
01297026 29 0.4888458846226023 56907.57677170295 1.942890293094024e-16 0.6500026404472268 0.49594220801801503 0.003314042086262625 0.18196657219232293 1.387778780781453e-18 0.0011657446543527628 0.002379892007119272 1860.1993447296447 24.0 -20.05904047196873 2.2623496576077997 56903.36 57001.099 2 27 "Covariance may not be accurate."
01297465 32 0.4946803384842016 56897.26812309746 2.7755575615628915e-18 1.0502378601343758 0.004375755140356152 0.6428556899920138 24.46531759158097 0.030922805123125095 0.44397308854495376 0.641689367685576 13363.821018948667 27.0 -16.438519168114013 1.6200234141309018 56912.258 57008.065 0 32 "Covariance may not be accurate."
01298281 29 0.4543373071608307 56900.2673192959 1.304512053934559e-16 1.1036402256227689 0.09226572857506743 0.6323707507651689 24.488915007583273 0.030772248158741834 0.3731094077913831 0.7154786470307113 1398.8340466087077 24.0 -20.24813304917957 1.5690760802142378 56915.269 57003.049 0 29 "Covariance may not be accurate."
01298893 15 0.3958476341668552 56925.36341352535 8.326672684688675e-18 0.7230154437851485 0.3437117142272137 0.6234195751330618 29.832748230655852 0.03154684881799777 0.32680042500929063 0.7357496345990016 614.990638931472 10.0 -16.41311503280309 2.0935776899664056 56915.299 56992.068 3 12 "Covariance may not be accurate."
01299643 17 0.3878944194277223 56897.38637066024 2.7755575615628915e-18 0.6500000001582963 0.002879332772158627 0.6191905777797373 24.47578186888859 0.031314790792512176 0.3757818225209386 0.636806730114915 1036.7913882689038 12.0 -15.811386572062638 2.262339235628591 56912.35 57018.078 0 17 "Covariance may not be accurate."
01299775 23 0.4763901323764512 56930.74790719042 1.6653345369377348e-16 1.2499429639684716 0.4053558970498836 0.6404207712815634 29.553165294950304 0.031039089000070446 0.3714028261899098 0.6872841134207968 459.358063940596 18.0 -20.0262087800769 1.456827440840911 56920.298 57004.045 3 20 "Covariance may not be accurate."
01299785 15 0.3935355339202276 56931.02238179551 1.942890293094024e-17 0.6905143297848282 0.0006643771752148364 0.617310855636505 29.46160643697658 0.03086147094455482 0.4246234048238659 0.6039308493985742 200.89935533055328 10.0 -17.96467514929239 2.1654509702545788 56920.298 57025.079 2 13 "Covariance may not be accurate."
01300516 36 0.14422537623717308 56934.61191470994 1.1934897514720432e-16 0.6986302275574879 0.5309323740489408 0.009716968396063161 0.012378133924357826 0.0 0.00023560446692066916 0.0005949941804034298 1431.2057810381143 31.0 -16.43372654758756 2.14703880381499 56923.293 57025.093 6 30 "Covariance may not be accurate."
01300912 17 0.38788531508361823 56928.760518130606 3.885780586188048e-17 1.244521139582016 0.4978740218157135 0.6271114127956721 30.152263110288914 0.032634170812931705 0.34368292296326736 0.7296300337327107 1072.0341975680892 12.0 -17.70829123831054 1.4603162088783712 56920.245 57019.147 2 15 "Covariance may not be accurate."
01301933 31 0.47797631937516855 56948.85780290671 2.7755575615628915e-18 0.7689197611315419 0.028668334436706466 0.6385496187830942 26.14703927042501 0.030851972101828374 0.4436636163157592 0.678544504301753 23000.277310018482 26.0 -16.309697316665847 2.002138978030711 56924.209 57025.117 8 23 "Covariance may not be accurate."
01302058 31 0.46290855618378957 56924.82887083071 2.8310687127941495e-16 0.6500000125619689 0.058667767888681444 0.610247623683223 28.728411640800914 0.046270172120824724 0.5552111398576112 0.5025662155482864 5110.032821931524 26.0 -21.19737694907967 2.2623408938295704 56935.365 57025.079 0 31 "Covariance may not be accurate."
01302141 24 0.3965454771562494 57269.62614917641 5.551115123125783e-18 1.2499454568286428 0.3376687751172711 0.6209803523166318 29.07083931633315 0.031196007299619407 0.371868747076553 0.7362839557435306 155.66653938497936 19.0 -15.988370927710541 1.4568245625360063 57248.411 57365.044 5 19 "Covariance may not be accurate."
01302187 31 0.4824194580676024 56910.33168751672 1.2767564783189302e-16 0.6502478555805334 0.010732482051824699 0.6618532788998948 26.30981866203001 0.03311352607033888 0.40299039841689255 0.5691050569653772 1405.0909585255029 26.0 -20.519791255101453 2.2617159675646725 56925.328 57019.148 0 31 "Covariance may not be accurate."
01302523 15 0.3911234573442691 57250.48258191356 8.326672684688675e-18 0.7541605414077872 0.018981764275081192 0.6232450398525036 23.953079829803755 0.031746299680621065 0.34802892666621227 0.5531478939589064 1368.2020505500504 10.0 -16.99968454269573 2.0301761237399063 57265.24 57366.076 0 15 "Covariance may not be accurate."
01302648 30 0.8434049884304834 56936.35403642701 8.326672684688675e-18 0.6500000000013626 0.01005386442963635 0.6267032555993677 29.46154551536165 0.030796211225355943 0.3695541571851368 0.5706396285844768 2058.195111555001 25.0 -19.038137716891274 2.2623394377381096 56925.162 57017.08 5 25 "Covariance may not be accurate."
01303004 37 0.2964615684173625 56951.15950629913 9.71445146547012e-17 0.6500034455026753 0.49990783100224623 0.004013204267115017 0.0010392906951892655 1.387778780781447e-18 1.1720749099053407e-07 1.0056959593995884e-05 2425.5806832975068 32.0 -18.01636369558103 2.2623477916432826 56934.371 57033.047 7 30 "Covariance may not be accurate."
01303279 26 0.38875896352790074 56958.14485516403 2.3592239273284576e-16 1.2452947959439271 0.1546855561951973 0.6149163066802978 29.586898924506386 0.030746230249600992 0.3989491388404259 0.5727686945634117 588.92335901998 21.0 -20.36929648063073 1.459807810980596 56943.237 57033.169 4 22 "Covariance may not be accurate."
01303496 22 0.882627053346817 56963.59254160917 1.249000902703301e-16 0.721560623292983 0.0019350028798246766 0.5950934327318049 28.90458664731341 0.030746230645395597 0.3293104746122927 0.5962567285363035 651.8704099217597 17.0 -22.11343925132593 2.096665995283381 56943.182 57032.15 7 15 "Covariance may not be accurate."
01303883 38 0.5970128443233462 57250.38940135688 1.0269562977782698e-16 0.6500208380276722 0.0010888582145622272 0.6552411742850632 23.4826752281042 0.030756057688290837 0.3675793473004922 0.6007985449268263 1934.5748947232976 33.0 -20.85847907015857 2.2622867498812838 57265.227 57356.127 0 38 "Covariance may not be accurate."
01303952 21 0.39668309757586306 57257.39713402745 2.7755575615628915e-18 0.6500000793888598 0.007430579079645949 0.619904011413253 29.220757258710364 0.031058369876969156 0.3726069768489136 0.5770839550710053 126.10064730978085 16.0 -15.861668714554053 2.262339163715648 57249.286 57373.057 3 18 "Covariance may not be accurate."
01304127 0 nan nan nan nan nan nan nan nan nan nan nan nan nan nan nan nan 0 0 "Empty table passed to fit_lc."
01304442 9 0.5265194117640809 56959.02946042208 8.326672684688674e-17 1.1841432106364926 0.4950872559989156 0.6462337740149284 29.559946788627713 0.03074633127364251 0.32509353890365383 0.7092298089893894 481.9992362436008 4.0 -19.335456052016575 1.5020373265700258 56943.114 57012.24 4 5 "Covariance may not be accurate."
01304678 29 0.4592543816952127 56928.23553765585 1.0269562977782698e-16 1.2222241998941272 0.5001981985373201 0.0010280844522297383 0.0029208465239207726 1.387778780781447e-18 0.441099906932452 0.0004998097428292325 270.0366962876203 24.0 -19.193902817723668 1.4749906010176232 56949.328 57033.168 0 29 "Covariance may not be accurate."
01305504 16 0.4328644318635009 56950.10701755907 5.551115123125783e-18 0.6504130889639635 0.00033643536317290446 0.6275452861457287 28.85186038997199 0.030807193643550043 0.36294437331170476 0.6071313940091965 1894.8389622368277 11.0 -16.850484538220627 2.2613002807498077 56943.3 57052.047 2 14 "Covariance may not be accurate."
01305626 26 0.8441724462771204 56934.12815140664 2.4702462297909734e-16 0.9639285942785538 0.5012913891777909 0.0017082711782105409 7.791079406160861e-05 0.0 6.935361004978269e-05 4.814190674051755e-05 9653.998721621216 21.0 -21.757027337321418 1.7134358779277932 56949.15 57045.061 0 26 "Covariance may not be accurate."
01306029 20 0.39564102616075486 57254.981277789506 8.326672684688675e-18 0.656412593912114 0.011775100296909813 0.6286177905658541 29.562129062200256 0.03237557804095309 0.4147518999825558 0.5668323736227858 316.22438132866796 15.0 -17.040775952579853 2.246351295630422 57248.395 57355.217 2 18 "Covariance may not be accurate."
01306073 27 0.474288782602935 56934.12682509968 1.665334536937735e-17 0.928915072270041 0.001020698693369515 0.6373075438745175 24.50866032889462 0.030814161072701077 0.4313306640761791 0.6012550647270187 1928.7447186694214 22.0 -18.279409849614954 1.7569384120128682 56949.15 57045.061 0 27 "Covariance may not be accurate."
01306141 16 0.39422583544813034 56957.87236965421 2.7755575615628915e-18 0.6500000043699528 0.014356755263897292 0.6358405870120045 30.891648377612 0.03448025550188365 0.41378798134379063 0.661673980180639 746.4319953341317 11.0 -15.834625959988504 2.2623395497791314 56949.344 57051.151 1 15 "Covariance may not be accurate."
01306360 21 0.24769500436540057 57269.979410422886 3.053113317719181e-17 0.7096378502321666 0.3901749880605589 0.006837837857469289 0.8420848180576286 0.0 0.024792721135906248 0.002928251076988242 28.197957589100035 16.0 -16.55425720380611 2.1225242094501233 57250.337 57355.245 3 18 "Covariance may not be accurate."
01306390 17 0.3878408556115181 57265.18285558019 2.7755575615628915e-18 0.6500000000000319 0.0005200709053419517 0.6208097943014055 30.04729400072756 0.03154562153091992 0.3785477442591585 0.6243975062789027 83.30447016591528 12.0 -15.814757447343442 2.262339170613398 57253.408 57355.23 2 15 "Covariance may not be accurate."
01306537 20 0.3988339772852402 57250.51664808831 3.053113317719181e-17 1.1499634958160767 0.5054135068351954 0.6185750796348741 23.582244555807847 0.030830136923643232 0.348131648370645 0.7126860737766105 297.7103048246386 15.0 -17.504110593451966 1.5288982324556635 57265.371 57365.19 0 20 "Covariance may not be accurate."
01306626 20 0.3959888662451865 57242.42854985952 8.326672684688675e-18 0.6803536994199666 0.15754302616426347 0.618987753879064 28.030333782702655 0.030973461908330946 0.3083549774175176 0.5745655953514882 395.59985327424516 15.0 -16.78002946341045 2.188932050549873 57255.418 57355.245 0 20 "Covariance may not be accurate."
01306785 12 0.4028449382488681 57271.290337489714 3.053113317719181e-17 0.6500011486826142 0.48874139440989744 0.6189621527739807 20.330094819986698 0.030747565257374238 0.3686449685312694 0.707743331746262 21.28041626654069 7.0 -17.56587019974106 2.2623531283895133 57248.426 57311.114 4 8 "Covariance may not be accurate."
01306980 24 0.43797198386414565 57272.15867662464 0.0 1.011018423725909 0.5000358273939187 0.0 0.0 0.0 0.0 0.0 115.12068826943799 19.0 inf nan 57252.236 57372.039 4 20 "Hesse Failed. Covariance may not be accurate. Covariance not positive definite."
01306991 20 0.42372990143769607 57256.810340847434 1.3877787807814457e-17 0.6500002644011352 0.004015035114069476 0.6259296791086353 23.145941674200003 0.03088133834263137 0.3704105053065838 0.6406078365869644 70.58020762898371 15.0 -17.78440190251594 2.2623386023212717 57265.217 57365.044 0 20 "Covariance may not be accurate."
01307277 19 0.3729166466737165 57241.29204002834 5.273559366969494e-17 0.7039098914740031 0.09867424698451405 0.619278020403437 25.7563371021497 0.03217279201861597 0.4482153972717259 0.5332291320885305 116.87238086163269 14.0 -18.74427133146198 2.135195696849216 57256.299 57365.115 0 19 "Covariance may not be accurate."
01307830 15 0.35082016417924994 57242.89254799524 1.3877787807814457e-17 0.6679662139644856 0.04417428544741181 0.611415468644207 23.452987464665057 0.03233368847749464 0.33617571141915303 0.6912248998853061 604.6497608085332 10.0 -17.234882427998564 2.218232037517396 57265.301 57365.135 0 15 "Covariance may not be accurate."
01308314 19 0.3942747470440999 56956.64692276906 2.7755575615628915e-18 0.6500000000001567 0.0007084494318537193 0.6185397678937314 29.755584056227235 0.030980749049919508 0.3717691338947949 0.6259564329987993 778.854075173158 14.0 -15.856678678439117 2.2623391758196476 56943.185 57051.151 3 16 "Covariance may not be accurate."
01308326 31 0.4895191642666129 56975.95141948775 8.604228440844963e-17 0.6500313540308533 0.49967346014544917 0.00010159017342908916 9.892816570063587 0.0 1.8382414139206382e-06 7.047268725207667e-05 735.3097173702184 26.0 -19.16911671935134 2.2622775533188744 56956.145 57045.113 8 23 "Covariance may not be accurate."
01308568 21 0.33621948476960706 57267.204300730664 1.665334536937735e-17 0.65031756129386 0.60645408013941 0.0008162202852466938 0.15513351855406654 0.0 0.00014787176035963023 0.06418167411260628 111.24475328300949 16.0 -16.236537000333332 2.2615581007567407 57256.271 57379.066 2 19 "Covariance may not be accurate."
01308582 15 0.39734010372084794 57253.5705882071 3.608224830031759e-17 1.2476477003328816 0.45538072182060046 0.6309294987490957 20.030366649629286 0.03269579319230211 0.3841894332837939 0.7161424234400957 283.6469337512521 10.0 -17.789423451425943 1.458301458540035 57265.24 57366.076 0 15 "Covariance may not be accurate."
01308884 38 0.483173948428245 57292.11935510901 1.3211653993039363e-15 0.6500000001875978 0.8959141262763533 1.947439779770299e-06 7.234201621031389e-05 0.0 4.65189553544576e-11 0.0036284836864530212 77593.4727845801 33.0 -21.352566553379894 2.2623556681997954 57276.324 57355.251 10 28 "Covariance may not be accurate."
01308957 18 0.3968948388410255 57260.76763425308 2.7755575615628915e-18 0.6500000000038093 0.00222346889486591 0.6200852981380969 29.104945884078916 0.031072616844492636 0.3728723964712363 0.634230739611459 65.36192276951506 13.0 -15.871298642485144 2.262339217787634 57253.336 57373.057 2 16 "Covariance may not be accurate."
01309288 30 0.839743893360078 56949.522081545 2.581268532253489e-16 0.6500000036946177 0.5000133823107006 0.011235617628721328 0.015192422419204377 0.0 6.007796622409245e-07 5.640625987116121e-05 543.58432176393 25.0 -21.792647062691643 2.2623564567805694 56961.361 57061.067 0 30 "Covariance may not be accurate."
01309492 17 0.39233155332076936 56952.224356738945 1.1102230246251566e-17 0.6500026140404753 0.3394225459297548 0.6355229831886204 20.44818310363553 0.03480472648559778 0.4170442462211003 0.662315385091127 5189.51686100913 12.0 -16.710343842086253 2.262345099588014 56966.23 57067.046 0 17 "Covariance may not be accurate."
