analysis_pipeline/fit_results/des_4_salt2_2.4_all.ecsv
# %ECSV 0.9
# ---
# datatype:
# - name: obj_id
#   datatype: string
# - name: num_points
#   datatype: int64
# - name: z
#   datatype: float64
# - name: t0
#   datatype: float64
# - name: x0
#   datatype: float64
# - name: x1
#   datatype: float64
# - name: c
#   datatype: float64
# - name: z_err
#   datatype: float64
# - name: t0_err
#   datatype: float64
# - name: x0_err
#   datatype: float64
# - name: x1_err
#   datatype: float64
# - name: c_err
#   datatype: float64
# - name: chi
#   datatype: float64
# - name: dof
#   datatype: float64
# - name: b_max
#   datatype: float64
# - name: delta_15
#   datatype: float64
# - name: tmin
#   datatype: float64
# - name: tmax
#   datatype: float64
# - name: pre_max
#   datatype: int64
# - name: post_max
#   datatype: int64
# - name: message
#   datatype: string
# schema: astropy-2.0
obj_id num_points z t0 x0 x1 c z_err t0_err x0_err x1_err c_err chi dof b_max delta_15 tmin tmax pre_max post_max message
01248677 59 0.3502 56554.317685556256 3.3838639785499505e-05 0.9726015623304689 -0.10511592550411286 0.0 0.07599654842124437 2.8193517954688897e-07 0.09100280008897865 0.005389452347230539 323.76439973612554 39.0 -19.69675061795802 0.8845045966675791 56538.281 56629.123 10 49 "Minimization exited successfully."
01250017 60 0.1817 56553.88618286461 0.00011560588222227497 0.9281918378085927 -0.043751998202368025 0.0 0.06431128404074116 1.3413690532593198e-06 0.11152569653075561 0.007455429056446583 75.95946767756958 41.0 -19.40571461723107 0.8898516191524486 56534.233 56616.08 19 41 "Minimization exited successfully."
01253039 74 0.4535 56574.86988924842 1.6193684933979436e-05 0.5268242787585216 -0.13094861075432598 0.0 0.2985636456469365 3.2210379737052097e-07 0.286043431206489 0.014667201822181203 57.3320959047217 50.0 -19.560737041154386 0.9631074317469874 56547.268 56653.094 24 50 "Minimization exited successfully."
01253101 68 0.4596 56578.22346880586 1.4967040471092209e-05 1.2134685778090555 0.025993302871532342 0.0 0.4433588115971361 4.593086090423637e-07 0.37904485250600617 0.025257841288906235 56.67562836473739 47.0 -19.509772871071554 0.8394134670625775 56543.092 56657.052 24 44 "Minimization exited successfully."
01253920 58 0.1956 56583.17993051686 0.00010128023920937813 -0.8099688497124662 -0.08937126390395142 0.0 0.07009364496479975 9.9417281237274e-07 0.08008808094141218 0.008791489296139737 128.6698654747249 39.0 -19.439404463548783 1.2204748317168388 56559.19 56649.173 20 38 "Minimization exited successfully."
01255502 29 0.1482 56592.77522610973 0.00022023829193228706 1.2633737848583788 -0.024816612442006225 0.0 0.13937167966651032 9.430018915948516e-06 0.20350910540573963 0.029318210530633965 77.49574445517702 10.0 -19.617971366034194 0.8328041676433173 56563.266 56653.077 8 21 "Minimization exited successfully."
01257366 40 0.2114 56612.00355943531 4.521023723776663e-05 -0.1788385221640496 0.1295785057327662 0.0 0.4539008967258269 1.762023826391846e-06 0.4587845154627581 0.03145869698375822 30.7652642262582 21.0 -18.75359486188993 1.0796690367551527 56590.341 56682.089 7 33 "Minimization exited successfully."
01257695 48 0.1838 56613.39846979888 0.0001285591033569622 0.3895431094471551 -0.11037602294443252 0.0 0.06444494994866545 1.1160335308499386e-06 0.07022092927231216 0.0066508929011833695 120.64281603472713 32.0 -19.54878493412464 0.9868376254477553 56590.025 56675.078 17 31 "Minimization exited successfully."
01258906 56 0.3492 56621.75390072425 2.050782936436069e-05 0.1327036509091588 0.011129510356172156 0.0 0.3659636409320228 8.311292169799211e-07 0.3450530661725406 0.03183127710066616 36.46905041643647 37.0 -19.14455023963164 1.0279173917594555 56594.012 56695.038 18 38 "Minimization exited successfully."
01258940 70 0.4259 56619.52696865034 1.5930734258248758e-05 0.01793115457139738 -0.08102546430598045 0.0 0.5035673168058565 7.534146980597836e-07 0.44966370715103077 0.03691630454084248 42.97298985076196 48.0 -19.379468205373154 1.0539562847241584 56590.311 56697.043 23 47 "Minimization exited successfully."
01259412 47 0.3047 56624.30243613178 3.729616471966346e-05 0.9152183348924066 -0.035639462656776866 0.0 0.14959645464841742 3.4022368038260994e-07 0.1268354677815382 0.00782412826439463 101.47421822567122 31.0 -19.449926557812788 0.8917614215917204 56602.144 56697.078 11 36 "Minimization exited successfully."
01261579 40 0.3222 56638.4850874758 3.0300982711742308e-05 -0.19246636326029076 0.007434293706960471 0.0 0.08591300533225876 3.234625410533647e-07 0.10440037058632412 0.008650387057125675 26.68926307782515 26.0 -19.3642443034012 1.089260241335083 56615.111 56697.079 12 28 "Minimization exited successfully."
01262214 68 0.6894 56657.24197796549 5.769625250770516e-06 0.18488636830244154 -0.1060664752944605 0.0 0.33883721593156224 1.0067555963610958e-07 0.24196602118612942 0.017815184926834926 76.61269481509746 64.0 -19.54227031857393 1.0240231208368549 56625.224 56698.051 30 38 "Minimization exited successfully."
01262715 46 0.6894 56659.94548888546 6.83192528277421e-06 0.8425692547290691 -0.04381645671114748 0.0 0.35757347775506787 1.190518550436834e-07 0.289938849655933 0.01923963203722101 36.22662666779857 29.0 -19.725838645264204 0.9044868592706443 56625.224 56697.09 21 25 "Minimization exited successfully."
01263369 36 0.3125 56665.77850136306 3.1891550646648284e-05 0.22248789492318632 -0.04928367810854872 0.0 0.2765042958853883 7.29131255458592e-07 0.27336542446491574 0.018933117716465053 18.45507924225633 23.0 -19.343052775050154 1.014397454529199 56645.136 56697.043 16 20 "Minimization exited successfully."
01263715 35 0.2919 56667.180294921214 3.9276665313203735e-05 0.35311847390921747 -0.03166557025578476 0.0 0.20303464998141862 8.580880953609766e-07 0.2489969263757128 0.01716239703795755 18.296919150090453 22.0 -19.39791782217309 0.989866245386569 56645.05 56694.039 19 16 "Minimization exited successfully."
01275946 72 0.2321 57261.70850630027 8.044466574712029e-05 1.6389785383350954 -0.049500158402135674 0.0 0.07429008938925108 8.790175703446437e-07 0.11529961652947174 0.007137573842241451 479.4850242064917 49.0 -19.608823553031918 0.7713923807534826 57248.373 57329.035 15 57 "Minimization exited successfully."
01279500 45 0.235 57252.0076414847 5.9776606958192316e-05 0.6253815285622526 -0.013089778230638172 0.0 0.2506352262425935 4.3274223509581563e-07 0.13739435671985833 0.006569296080939063 77.06188044146421 30.0 -19.31577778289541 0.940826745630126 57249.293 57319.287 4 41 "Minimization exited successfully."
01280217 63 0.359 57249.9775184796 2.0895819585464717e-05 1.9999999983119743 0.05230175350909427 0.0 1.3404758633114398 7.491478635671113e-07 0.5107088910254176 0.02706616000919773 87.41956809618068 42.0 -19.237503859003194 0.7090332009328293 57248.388 57329.175 4 59 "Minimization exited successfully."
01281668 83 0.3071 57271.265644881445 3.870993449515414e-05 0.2274551946846417 -0.09665651933712197 0.0 0.277088157748949 8.022007609603803e-07 0.2520401721771086 0.016634730285812166 82.72354549313336 57.0 -19.509873332479593 1.015730851792771 57248.373 57342.028 20 63 "Minimization exited successfully."
01281886 70 0.384 57267.825200663574 2.1472068486066977e-05 0.8549141844196617 -0.035541643229637765 0.0 0.46328603747679153 1.1911278344503575e-06 0.5116972408096256 0.032717359171320404 53.649055613038136 47.0 -19.437522130958747 0.9020569271711274 57248.388 57345.234 16 54 "Minimization exited successfully."
01282736 72 0.3689 57266.168407500976 1.4940568563820424e-05 -0.9198216276097604 0.13704541226510003 0.0 0.4921947843358794 8.313317690022967e-07 0.4923835593637996 0.04208449832788955 39.989485771600215 48.0 -18.940949413914254 1.2275552463199872 57249.279 57346.032 15 57 "Minimization exited successfully."
01283373 61 0.2075 57268.841720622964 6.118330827297458e-05 -1.1311474032486393 -0.0020394634876078066 0.0 0.0001156167418230325 1.1648759978721861e-06 0.1930117482338598 0.01665784319609062 77.43271280990666 39.0 -19.03521429682835 1.2844542855435392 57249.423 57332.081 9 52 "Minimization exited successfully."
01283878 56 0.3135 57265.47044609409 2.4973036364328574e-05 -0.8641683384212517 0.025723479297423912 0.0 0.0002829254081007093 1.435825644871547e-06 0.4161921449607042 0.04024403809231747 6.33653426088688 38.0 -19.084885643409823 1.2239438172737387 57249.293 57339.187 13 43 "Minimization exited successfully."
01283936 85 0.369 57267.86276100656 1.0873805716443697e-05 -0.5759259292372345 0.18358940372358773 0.0 0.7277709757472621 8.36149142829923e-07 0.6783019514623971 0.06273655107490919 27.820951263649842 58.0 -18.5976634566578 1.1534517382770133 57248.373 57347.084 20 65 "Minimization exited successfully."
01285160 72 0.7493 57273.00024186936 4.946189242885369e-06 0.027859527335774903 -0.06978250940250744 0.0 0.45510671408919734 1.5422417486699028e-07 0.2923306238457881 0.029369496516756896 61.64235865801281 51.0 -19.597110780460635 1.0515139159397116 57249.403 57372.178 12 60 "Minimization exited successfully."
01285317 92 0.5649 57268.83711315435 9.033860998178268e-06 0.38217297621331436 -0.07050047262647999 0.0 0.0014191384761943482 3.3542835875116656e-07 0.44444411596277034 0.038794338560614414 50.788034997918395 64.0 -19.50096530111489 0.9863948259615611 57248.373 57356.127 20 72 "Covariance may not be accurate."
01286398 52 0.1503 57271.558375820074 9.794175814488993e-05 -1.4386567601573048 0.02878826754484015 0.0 0.00023305181821342558 2.171344125151406e-06 0.11006935221978664 0.01795538483429074 80.58018567618291 35.0 -18.769800394403628 1.3528371310924214 57249.293 57331.145 13 39 "Covariance may not be accurate."
01287626 23 0.304 56682.72805875528 3.5148922522457164e-05 0.09411344036285518 0.0230207106139505 0.0 0.3866914225072833 6.471692000950553e-07 0.3815214311124373 0.01649749942371842 14.681457125079886 13.0 -19.37909929391034 1.0344297022583966 56653.047 56697.072 16 7 "Minimization exited successfully."
01289288 81 0.2897 57273.491602879265 2.5078938726816324e-05 -1.1537969592003146 0.10546290123976226 0.0 0.6753540711142705 9.10833143831502e-07 0.4884336312614337 0.03393176092808842 43.526480187339004 54.0 -18.89162354442287 1.280872239320832 57248.373 57347.084 19 62 "Minimization exited successfully."
01289555 79 0.5588 57274.87369307124 1.1018339572962944e-05 0.6058628064787 -0.11992774381504484 0.0 0.9031318890920375 5.205380110798187e-07 0.5519550897422918 0.044884922112034945 63.832466837978295 54.0 -19.68861038613345 0.9486431853496491 57248.388 57365.115 16 63 "Minimization exited successfully."
01289600 64 0.4196 57283.37370462799 1.2484775797422244e-05 1.241345033509571 0.033054396274328546 0.0 0.3746213275080663 2.480947125585442e-07 0.3024711254268664 0.018110805597069318 89.78923512228491 44.0 -19.077171424903305 0.834545330382447 57253.285 57365.221 13 51 "Minimization exited successfully."
01289656 75 0.5394 57269.442191820664 9.00860429678685e-06 0.058259633533060295 -0.04306269991784056 0.0 0.8183935656052199 5.548336150421058e-07 0.6778766924143038 0.054767217462851236 30.857924908108238 50.0 -19.375990977493583 1.0444567592523697 57249.423 57355.245 10 65 "Minimization exited successfully."
01289664 64 0.2491 57278.940813442394 5.006153325426421e-05 -1.1183148961916938 -0.019468453682316478 0.0 0.23635107486552442 6.376420048595503e-07 0.1638395692882859 0.011392771822762937 114.1193112082379 42.0 -19.2658387640517 1.2829452157913082 57252.303 57345.234 17 47 "Minimization exited successfully."
01290779 44 0.3895 56892.066387252475 1.7201512057629653e-05 -0.7242416926448305 -0.04647113707260758 0.0 0.5933693059778307 4.6521065438648346e-07 0.47515531120406473 0.02197216831900367 28.55688290642184 28.0 -19.232151575509242 1.1993683561794235 56887.39 56973.322 8 36 "Minimization exited successfully."
01290816 40 0.2185 56891.824019552056 6.278372194330472e-05 1.2824305650690544 0.025653372028741517 0.0 0.29846866893421975 6.022858512866298e-07 0.18909129755849063 0.008190350607095831 187.21211153717476 26.0 -19.191133719603602 0.8279794862744687 56887.39 56960.278 8 32 "Minimization exited successfully."
01291080 52 0.4438 56888.97812566142 1.109769417724782e-05 -2.328870059247656 0.11519441673300052 0.0 1.6279035105471849 4.892122928576433e-07 0.7592285754253306 0.05242579027358596 42.63822457611866 34.0 -19.092804716721243 1.5761252902101184 56887.268 56973.078 4 48 "Minimization exited successfully."
01291090 51 0.292 56905.2018021444 4.801996703817924e-05 1.1906790397776579 -0.0659341445580898 0.0 0.14907292004863848 1.2249993908614052e-06 0.20188071945469788 0.016577450292959595 101.25975197851443 33.0 -19.617899871921935 0.846301295633392 56887.211 56973.028 12 39 "Minimization exited successfully."
01291794 72 0.3951 57278.50818518256 1.8349547022183945e-05 -0.03445494796218895 0.04358447864940029 0.0 0.800313925716182 6.820467351051365e-07 0.5381388879364799 0.033359655216950834 38.82548149265651 50.0 -19.339387370578805 1.0572721381745893 57252.289 57356.174 22 50 "Minimization exited successfully."
01291957 60 0.36 56905.39253250293 2.465989455260054e-05 0.4314307924825407 -0.039674202283610904 0.0 0.2978238852629147 1.0250324322266798e-06 0.29666402375504064 0.026978901053017645 85.26433469853572 41.0 -19.422537714853593 0.976192251383182 56877.179 56980.031 16 44 "Minimization exited successfully."
01292145 73 0.4925 57274.4094034574 6.815145826583047e-06 0.45995414134033563 0.10073809121115979 0.0 1.1411986483399232 4.4896137395139526e-07 0.7935985032356696 0.07561286533544911 35.833128758727895 50.0 -18.835555744027147 0.9648172116451974 57252.289 57356.174 15 58 "Minimization exited successfully."
01292195 81 0.8293 57280.71245547767 2.9901616343391835e-06 0.27246657756463444 -0.004880723626641992 0.0 0.8965634143241914 1.1646502456053023e-07 0.44282114940584405 0.04754654668282887 69.70563708688805 58.0 -19.322481279375324 1.0031801213623197 57249.403 57389.163 16 65 "Minimization exited successfully."
01292332 49 0.2735 56901.2131918317 5.4318613858383996e-05 0.2928915072783056 -0.08605266444854298 0.0 0.1907923922626651 1.1727804761399459e-06 0.22543861371215002 0.018180968191117655 50.81785074911406 33.0 -19.587548274788684 1.0032658967811194 56890.328 56973.19 5 44 "Minimization exited successfully."
01292336 49 0.2336 56902.540493758075 4.5371626492274335e-05 0.28362469110664 0.06907831182662089 0.0 0.00023804679949535057 1.0435748524717528e-06 0.18587604503350108 0.01867588461909872 60.22993212208698 33.0 -19.001727404846065 0.9976232079680756 56890.328 56973.19 5 44 "Minimization exited successfully."
01292560 48 0.2248 56904.68619368295 8.198484452640042e-05 0.2830712070247903 -0.1022490853780626 0.0 0.2121187926204584 1.2596921165591897e-06 0.14006346366677458 0.012178677293180395 105.701073360896 31.0 -19.550007335535387 1.0058019890348895 56890.263 56973.042 7 41 "Minimization exited successfully."
01293319 57 0.2969 56915.22535444984 3.766673911147489e-05 1.9972454749203958 0.034654489404509936 0.0 1.639404217712581e-05 5.516349655593209e-07 0.21884168647625346 0.012778598175480688 110.85896363364834 38.0 -19.396928072509667 0.7099486969981896 56887.268 56980.072 12 45 "Covariance may not be accurate."
01293758 35 0.1472 56915.73663480746 0.00013386061295607432 -1.3138375001919624 -0.011337194566259978 0.0 0.17012980292201973 1.732294711785659e-06 0.14494688384935384 0.02174403554475196 147.95537855155135 14.0 -19.05946558615355 1.3269779804310602 56891.384 56980.044 9 26 "Minimization exited successfully."
01294014 39 0.3627 56919.55114290772 2.4076552810053943e-05 0.5388391885451087 -0.027791617999102347 0.0 0.5554460088824271 1.1599696694133969e-06 0.42401807470712893 0.03389723430298078 52.5462844745212 29.0 -19.415646166606464 0.9566239985904659 56890.386 56990.199 9 30 "Minimization exited successfully."
01294743 47 0.3126 56912.41249089462 1.5788703236777057e-05 -0.534919015209891 0.2300796609083287 0.0 0.49171941911481554 7.581984233076539e-07 0.44842816589084666 0.035234318538901216 37.737943550961866 29.0 -18.58285559785227 1.142176587206869 56890.285 56980.127 7 40 "Minimization exited successfully."
01295027 71 0.4254 56910.18698641767 1.5470731584790733e-05 -0.4872528134978622 -0.02641167255324517 0.0 0.6195282807129843 9.655662060986668e-07 0.5038161858816852 0.0535942681982466 27.439188122825115 48.0 -19.344034726978453 1.14930018787501 56887.268 56992.069 12 59 "Minimization exited successfully."
01295256 60 0.4425 56928.14312044876 1.5207036127581897e-05 0.27616278595792076 -0.03429517525964426 0.0 0.43383564780742745 4.3509339189840013e-07 0.42093180822043763 0.02029190069132758 57.45517554289055 39.0 -19.42783717772791 1.0039001023762069 56904.295 57012.089 14 46 "Minimization exited successfully."
