analysis_pipeline/fit_results/des_5_salt2_2.4_blue.ecsv
# %ECSV 0.9
# ---
# datatype:
# - name: obj_id
#   datatype: string
# - name: num_points
#   datatype: int64
# - name: z
#   datatype: float64
# - name: t0
#   datatype: float64
# - name: x0
#   datatype: float64
# - name: x1
#   datatype: float64
# - name: c
#   datatype: float64
# - name: z_err
#   datatype: float64
# - name: t0_err
#   datatype: float64
# - name: x0_err
#   datatype: float64
# - name: x1_err
#   datatype: float64
# - name: c_err
#   datatype: float64
# - name: chi
#   datatype: float64
# - name: dof
#   datatype: float64
# - name: b_max
#   datatype: float64
# - name: delta_15
#   datatype: float64
# - name: tmin
#   datatype: float64
# - name: tmax
#   datatype: float64
# - name: pre_max
#   datatype: int64
# - name: post_max
#   datatype: int64
# - name: message
#   datatype: string
# schema: astropy-2.0
obj_id num_points z t0 x0 x1 c z_err t0_err x0_err x1_err c_err chi dof b_max delta_15 tmin tmax pre_max post_max message
[from data line 145]
01334302 17 0.5657309595583482 57333.31948305039 1.2112193971139384e-05 -0.17655052298422236 -0.09019046545104603 0.07750245349150209 2.635738859029516 9.110588440208734e-06 1.5653641215210043 0.4815720394993549 2.205690844567915 12.0 -19.82297517308743 1.091607917006204 57301.037 57407.046 6 11 "Covariance may not be accurate. Covariance not positive definite. Covariance forced positive definite."
01334423 28 0.3355907485994065 57335.829613587164 2.074922202669749e-05 0.7987138442466453 0.0027960100421717815 0.0599205329496435 0.8690185001541977 1.7269016040877279e-06 0.7520867740065436 0.058295576651021086 12.60868984510298 23.0 -19.056860002370108 0.9102066207811852 57312.14 57408.055 10 18 "Minimization exited successfully."
01334448 16 0.40893807494907863 57331.607139580534 9.090832027167095e-06 -1.5084823423833142 0.004435880376981061 0.007922041041948824 0.4770835879644437 2.6687675481334994e-07 0.05088777076917739 0.0065665629788281 4.405124145659218 11.0 -18.66445218019497 1.3717491869740321 57301.284 57402.053 7 9 "Covariance may not be accurate."
01334470 15 0.46570938885995794 57332.15162643225 8.318998811709944e-06 0.18710622451237846 0.2978899638780553 0.07099572043158894 1.6174773433376686 1.4524344228661335e-06 1.0709481881070155 0.4747283918740034 5.40594053116026 10.0 -18.910312072885187 1.0032645206949304 57305.283 57402.053 6 9 "Minimization exited successfully."
01334597 12 0.3002022883077748 57343.997272771034 4.269123393488006e-05 0.9082432601511421 -0.057666012413723045 0.009590459811344682 0.28254857475258177 3.707952766750234e-06 0.20571209419502834 0.16548098618493706 5.886646057929007 7.0 -19.559339247642782 0.8937673485752242 57315.241 57406.101 5 7 "Covariance may not be accurate. Covariance not positive definite. Covariance forced positive definite."
01334620 15 0.21254562015732165 57335.433734382284 4.402516914266408e-05 -0.5303278071154613 0.16837090650611436 0.45453078395300617 71.76977726683981 0.030112625036759034 3.563332719113223 0.5281380034518075 5.750003010950406 10.0 -18.738364963857613 1.1453956700717534 57311.282 57403.062 5 10 "Minimization exited successfully."
01334644 15 0.27924374440006033 57332.09887809349 2.865986146945998e-05 -2.3729039071348224 0.21391663770720265 8.619395155951004e-08 1.5897468983894214e-05 1.675077789872748e-05 0.5987347342562286 0.3178673090817036 5.112146468571109 10.0 -18.94602010972865 1.576535375081665 57311.282 57403.062 5 10 "Minimization exited successfully."
01334645 12 0.2082749587221755 57335.648305440496 5.443119963021714e-05 -0.5396062075322048 0.0890308350079817 0.4312589515298044 71.8438731852948 0.03381575796927214 3.7199767797738836 0.491849890673161 14.333034338560081 7.0 -18.918110475725154 1.15247123284799 57311.282 57403.062 4 8 "Covariance may not be accurate."
01334707 31 0.6448465490166914 57340.108945149164 8.100884296236011e-06 0.25942244844066664 -0.2997189551616503 0.04798284455467533 1.0167088220841833 3.291111500922088e-07 0.43777547782636583 0.5364752431542207 9.672673229408286 10.0 -19.73698244891134 1.0190009454651374 57304.307 57426.071 11 20 "Minimization exited successfully."
01334879 16 0.7370968588036461 57336.229115990776 4.6214940064376325e-06 -0.49701100729363246 0.29989253704986824 0.03690865647737973 0.970319759893755 2.7747419982931937e-07 0.4592670905080172 0.3275486876728221 10.95474843265238 11.0 -19.4838279270916 1.1300423751634625 57302.267 57425.071 5 11 "Minimization exited successfully."
01335472 14 0.5214338554392132 57343.75545250173 1.2838048352342702e-05 0.6562592654015136 -0.29890926827245534 0.09219934626741547 1.2914477362610342 2.8478746916957284e-06 1.004075159770796 0.4032826921828932 5.524247709976914 9.0 -19.67652308273408 0.9466906969941888 57311.025 57403.049 6 8 "Minimization exited successfully."
01335564 15 0.549956874228183 57341.70533514179 6.564449581838994e-06 -0.8759841536686492 0.29729665298123625 0.08505960165988383 2.2670574897128972 1.3774371939348494e-06 1.784522288371919 0.3012816287563544 5.63885615137915 10.0 -19.087483031487256 1.2061320595890948 57311.284 57427.068 6 9 "Minimization exited successfully."
01335694 11 0.25869590588098407 57347.61784101878 4.425303364223032e-05 0.8048541126916979 0.29998353894801794 0.011599826371666372 0.19676873736534617 7.430139657552113e-07 0.2182779422110106 0.4588025238913921 17.46495730082859 6.0 -19.231664801950863 0.89702079227105 57325.214 57408.053 5 6 "Minimization exited successfully."
01335717 13 0.32920833131250393 57347.12331111869 1.986896852360365e-05 0.019711907046103594 0.2993025526972723 0.019681072802478022 0.3759817503778322 5.259918376326892e-07 0.24420945939642702 0.5774817536157362 2.8437953587365783 8.0 -18.965427681450386 1.0331969223490098 57325.182 57408.092 4 9 "Minimization exited successfully."
01335718 29 0.6014792112712496 57350.58206433047 6.679757737870773e-06 0.33800327378538153 -0.2975223466228039 0.11093250754574974 2.990123095096351 1.5803967174460314e-06 1.2503346942207434 0.3361663096716204 12.150645265012393 9.0 -19.343004155334484 1.0043282814671954 57318.106 57426.067 11 18 "Minimization exited successfully."
01335868 17 0.6864474352486252 57347.20555076602 6.366617344188974e-06 0.5030789310690267 0.29958110200716853 0.06191628796206827 1.4085005251727125 6.335365161827531e-07 1.1165357649694105 0.34926151577971537 8.723345531834164 12.0 -19.642319071892526 0.9480736245006831 57315.234 57425.151 7 10 "Minimization exited successfully."
01336008 24 0.5016151855498282 57348.547163349474 1.809576635317389e-05 0.3517736206152544 0.06936477709268557 0.04792210480796796 0.5255297160074406 5.713514772326404e-07 0.41373184643454164 0.055541360468463086 9.937743165121095 19.0 -19.94335186932055 0.9854139124027306 57325.012 57403.049 11 13 "Minimization exited successfully."
01336009 25 0.5411026352258603 57346.114861841554 1.2636169040214363e-05 -0.35307009551052637 0.12461400262236733 0.03721394745474049 0.5725507489223673 5.287019773814185e-07 0.429852488627384 0.1028787433172279 7.447317298169282 20.0 -19.752215851538068 1.113385689333679 57325.012 57403.049 9 16 "Minimization exited successfully."
01336453 9 0.17186114043405726 57354.60072897052 8.314626927226621e-05 0.6761081309692933 0.29888912691676844 0.05601190702375705 0.5354797068939661 7.72861585816853e-06 0.35970181651384125 0.5219474050687644 6.797731239568067 4.0 -18.91844538131698 0.9186740756223664 57329.171 57403.099 3 6 "Minimization exited successfully."
01336480 7 0.2657902524716222 57350.423371802484 3.5744335122675495e-05 0.017937964280860808 0.012261289007488352 0.03593802597040044 0.9115719575092953 5.876884804417726e-05 1.0902979468365803 0.3777693026850718 6.680147357012013 2.0 -19.061519497591654 1.0491334508180792 57329.171 57396.099 3 4 "Minimization exited successfully."
01336687 12 0.23825520412393236 57351.25824610914 3.832110817643953e-05 0.4758912775105415 0.2995800101532006 0.017254262882460902 0.2857178828744509 1.2037582317450688e-06 0.2542087678527205 0.5254896258520999 5.833955595820398 7.0 -18.871660708766257 0.952742701928436 57327.065 57403.062 5 7 "Minimization exited successfully."
01337117 11 0.8499982693143167 57366.03880338465 9.088860299902302e-06 1.0252200541807257 -0.2994044347623533 0.12027865710193492 0.7602356622410298 4.197535304631411e-07 0.525040562727038 0.3916485861525165 11.588276464280128 6.0 -20.600854252849956 0.8821051570202201 57329.033 57403.049 5 6 "Minimization exited successfully."
01337221 28 0.4348077864856649 57356.47043218773 6.722750126178512e-06 -1.9178161476151572 0.2070230144174498 0.06060172339344683 1.2592925034587097 9.590887153387849e-06 1.2988390914364232 0.38529505887852167 6.958690473973453 9.0 -18.497345584197042 1.4536225362052235 57325.027 57407.048 12 16 "Minimization exited successfully."
01337228 14 0.5416349312602543 57357.62315831018 6.8005207468635476e-06 -1.7567238842522952 0.025403838277485158 0.08293806993190056 2.054351808841602 7.577025508694047e-06 1.3285005947110275 0.3549000792867148 7.008186166191718 9.0 -19.080590911151926 1.4312094416955645 57325.027 57407.046 6 8 "Covariance may not be accurate. Covariance not positive definite. Covariance forced positive definite."
01337272 12 0.5542917344929892 57356.3414155643 8.569577513428684e-06 -1.527137158205815 0.2990495468627619 0.03634789723506693 1.4754418712982442 8.320904249917164e-07 1.0425292756549172 0.5289479927481735 6.577974155290585 7.0 -19.39730105412067 1.348445135046898 57325.073 57427.054 5 7 "Minimization exited successfully."
01337325 12 0.646485028831409 57356.44546072968 8.186132392346002e-06 -1.1485547330972516 -0.29943247614917057 0.07571227037614386 1.967642944346153 7.503818365423025e-07 0.9418663742696733 0.49390022878103557 11.524186105232273 7.0 -19.754159364016203 1.3111638171008906 57325.073 57427.054 5 7 "Minimization exited successfully."
01337649 9 0.27617028529024285 57363.74752304219 5.009886125952878e-05 1.4135538957729148 -0.2999059404313443 0.018356450803065416 0.46529244344856124 1.9823922813161365e-06 0.2955831913564917 0.5204617635721895 4.551174356316853 4.0 -19.529186426357338 0.8160399827100271 57339.165 57408.053 3 6 "Minimization exited successfully."
01337655 10 nan nan nan nan nan nan nan nan nan nan nan nan nan nan nan nan 0 0 "No bands in data overlap the model."
01337687 12 0.30645403017357753 57361.15275465917 3.257804844110646e-05 0.7189644117614451 0.2999951252064032 0.01969911073826819 0.6317596204135043 6.613887438403063e-07 0.38793143026192456 0.5008009060527951 13.060425067239958 7.0 -19.322172124833383 0.9114071759500888 57339.297 57425.149 3 9 "Minimization exited successfully."
01337703 15 0.565252770935446 57360.417340044245 1.2330959882100867e-05 -0.5986750886257957 -0.2535740809814929 0.10488508937116611 4.124949847184325 1.01045853548698e-05 2.0637122091475946 0.43034700757531763 6.365791840537957 10.0 -19.842700124082253 1.1862306570210954 57325.124 57425.151 6 9 "Minimization exited successfully."
01337838 11 0.4904905541574041 57366.42612977008 2.676273444583155e-05 1.2654066849505874 -0.29953385140238686 0.04026676810641114 0.4072565508795378 9.05699865365318e-07 0.3074539821072848 0.44409732315849504 33.482701064875776 6.0 -20.314686947738398 0.841061790587716 57339.151 57427.066 5 6 "Minimization exited successfully."
01338128 11 0.436632151331984 57368.355782121056 2.1610131214777618e-05 -0.2181351182281479 0.2940182562953682 0.07052195195816782 0.7548663502275303 2.555191850162064e-06 0.590772028492331 0.349722956082547 4.31212131913049 6.0 -19.7791178471707 1.0772640471953743 57339.021 57407.044 4 7 "Minimization exited successfully."
01338170 22 0.5019762585476509 57363.89844060076 1.4807753691353788e-05 -0.2168319303893962 0.03588992055723572 0.0994850903534994 0.9691837012687756 8.94071813889453e-07 0.7967750130136875 0.1192594367780915 7.884209466752641 17.0 -19.726927329547706 1.0923269314885289 57339.021 57407.046 6 16 "Minimization exited successfully."
01338233 13 0.6631976871053419 57358.44716796505 5.83095430350955e-06 -0.7098614703800266 -0.29623073083519136 0.11814726886018195 2.4344612525419507 1.207679804453299e-06 1.7358939903157564 0.5801764516373487 3.4929590193086892 8.0 -19.453810600022397 1.2125388044663623 57319.281 57427.054 6 7 "Minimization exited successfully."
01338266 40 0.6671510549989204 57366.4550393916 5.596435200871941e-06 -1.0611737811631445 -0.2809202537429558 0.0773435424174167 1.4572376136857201 2.2206166921071026e-06 1.0921984255259765 0.31634941503767 16.837589734565 14.0 -19.424407277152227 1.2895892344434934 57339.037 57427.068 17 23 "Minimization exited successfully."
01338278 10 0.688642661077545 57368.30888546872 7.692396208469621e-06 1.3785063230725934 0.2748748886300472 0.07979289720706012 1.5141739185346523 2.1768318398660006e-06 1.2572952639393806 0.5837791924466831 2.5673169984825 5.0 -19.856300884667903 0.8038588599937135 57339.037 57427.054 4 6 "Minimization exited successfully."
01338387 10 0.5900434107085292 57363.99383374605 1.0644566651360488e-05 1.217322015876789 -0.2952904382493673 0.06747621839037765 2.2768555965776613 2.164131200650676e-06 1.070892173096693 0.3730948940616876 10.088135340386124 5.0 -19.798927921934805 0.8490996440559258 57329.173 57403.101 4 6 "Minimization exited successfully."
01338430 9 0.6319470153545376 57364.4201460782 9.39885449305622e-06 1.0127421968867356 0.29036763621510614 0.2017436175303321 7.597069860377815 2.090078323890854e-06 4.215671683090456 0.3767188552648156 0.7623221622127 4.0 -19.84545700404985 0.862963917595561 57339.122 57403.101 3 6 "Minimization exited successfully."
01338471 11 0.6342127107943244 57354.63436016065 6.217635932093124e-06 -0.18775857065677126 -0.2960846616371097 0.10856437200853386 3.8655581364910176 1.3863997363972033e-06 1.6926367317119255 0.5182770481437502 1.5956039473650172 6.0 -19.40513651432635 1.1047242192996265 57319.137 57403.101 4 7 "Minimization exited successfully."
01338675 17 0.31130799293965955 57371.69721123513 2.0622401625478016e-05 0.17481194785895093 0.07339785348554217 0.0118846983505764 0.2340213598436094 6.312561576030107e-07 0.2584974954857413 0.028139025736023254 4.211748700418618 12.0 -18.860271836798027 1.0170821014862597 57339.046 57406.102 7 10 "Minimization exited successfully."
01339002 9 0.30072288465492863 57369.61975038478 1.915145668811291e-05 -1.3298858206967203 0.2998442021784659 0.04920122276862254 1.2037541213103395 1.0176809547124417e-06 0.7773428762285748 0.4332018948100683 1.5513505146889988 4.0 -18.69664501183529 1.3034103468316829 57346.027 57427.066 3 6 "Minimization exited successfully."
01339149 9 0.27822608408764365 57373.91605142513 1.0631232352145693e-05 1.2325491955810506 0.2936135623845137 0.057056674140845365 0.8160933651161031 3.332638228528695e-06 1.2356871197688437 0.5687272708421218 1.3406633451430936 4.0 -17.864540495610505 0.8268909654711969 57346.029 57427.068 4 5 "Minimization exited successfully."
01339392 6 0.29881522443420866 57372.44979994579 0.00011653340923947764 0.23312437468033886 -0.1904462439139697 0.09518915751395227 3.74537113576298 6.829697383209656e-05 1.9799812803130288 0.47610338102051697 0.267041592650165 1.0 -20.639065810596932 1.0190246228214335 57345.331 57426.145 3 3 "Covariance may not be accurate. Covariance not positive definite. Covariance forced positive definite."
01339450 13 0.6049330030396229 57370.59944517383 6.095972940631245e-06 -1.6483570097465423 0.2997644483905844 0.06859889640612954 2.8086635425243003 7.431569765209419e-07 1.423329192173582 0.35887111122423854 7.424507648949825 8.0 -19.2582360188198 1.3771518056673884 57339.286 57426.147 5 8 "Minimization exited successfully."
01340454 22 0.4329587461598591 57375.33337962304 1.2786247518256633e-05 1.4298056945547781 0.29999765289097474 0.022286605888274913 0.4240068920844351 4.479713002950032e-07 0.5899551809831809 0.10899058459992039 11.037068994648486 17.0 -19.1890872327176 0.7947063283272087 57345.314 57425.151 10 12 "Minimization exited successfully."
01341370 16 0.4090298763228747 57376.40522187769 1.546963157701975e-05 1.3664131664368249 -0.02708562664290204 0.04346524316737216 0.5050005035300273 1.1063894127305577e-06 0.6700385296011788 0.05696042039773297 9.55029815429057 11.0 -19.24424532733555 0.8157638846453317 57347.079 57403.049 8 8 "Minimization exited successfully."
01341894 7 0.3169286142813397 57390.36347623717 2.4605553392015313e-05 -0.24482099841117844 0.29963550537454825 0.05952024258503888 1.2949597019505745 1.3784808358924268e-06 0.9130285605919277 0.4157481567095394 1.8267468180006605 2.0 -19.101380734629192 1.0819150338488406 57365.054 57427.052 4 3 "Minimization exited successfully."
