analysis_pipeline/fit_results/des_5_salt2_2.4_blue.ecsv
# %ECSV 0.9
# ---
# datatype:
# - name: obj_id
#   datatype: string
# - name: num_points
#   datatype: int64
# - name: z
#   datatype: float64
# - name: t0
#   datatype: float64
# - name: x0
#   datatype: float64
# - name: x1
#   datatype: float64
# - name: c
#   datatype: float64
# - name: z_err
#   datatype: float64
# - name: t0_err
#   datatype: float64
# - name: x0_err
#   datatype: float64
# - name: x1_err
#   datatype: float64
# - name: c_err
#   datatype: float64
# - name: chi
#   datatype: float64
# - name: dof
#   datatype: float64
# - name: b_max
#   datatype: float64
# - name: delta_15
#   datatype: float64
# - name: tmin
#   datatype: float64
# - name: tmax
#   datatype: float64
# - name: pre_max
#   datatype: int64
# - name: post_max
#   datatype: int64
# - name: message
#   datatype: string
# schema: astropy-2.0
obj_id num_points z t0 x0 x1 c z_err t0_err x0_err x1_err c_err chi dof b_max delta_15 tmin tmax pre_max post_max message
[from data line 49]
01295027 35 0.4332553452139068 56910.16199363903 1.6126814486377985e-05 -0.48307591805792516 -0.10693667705857654 0.0713514014253353 0.7170645260848687 2.4618257784145286e-06 0.6725523217397249 0.12786385536312117 21.588685729943617 30.0 -19.43693157561427 1.1534058114665378 56887.27 56992.066 6 29 "Minimization exited successfully."
01295256 16 0.4469575369668603 56927.552972649864 1.0683943848313616e-05 0.7616259878622738 0.29325440181317947 0.03279639762508596 0.7677303509772173 2.0795303236204044e-06 0.7126658284383502 0.5899420398261492 18.31174450611241 11.0 -19.075548831398926 0.9045389487557713 56904.3 57012.086 4 12 "Minimization exited successfully."
01295305 15 0.6903212083286786 56916.03096341075 6.365648709347194e-06 0.10945378016558394 0.29440475001578 0.09166634739201202 0.9483830120625498 6.931257746714548e-07 0.6686903408149041 0.3561695026113977 10.459748489716901 10.0 -19.656692149849224 1.0173011417053281 56890.34 57005.11 3 12 "Minimization exited successfully."
01295921 14 0.5312511068593686 56910.63604858246 9.477063752946769e-06 1.9863491086972092 -0.236733263249777 0.5637509194715729 74.59642181195522 0.030454741082100643 4.967053042881091 0.4881498414786385 8.797915184815881 9.0 -19.395799236224406 0.7185304935874441 56890.39 56990.199 2 12 "Minimization exited successfully."
01296273 31 0.34730741414119004 56926.54502469081 2.8108515014266255e-05 -0.43753406865535815 -0.11588114500533545 0.020836284352277495 0.6039170303156425 1.6567523849028702e-06 0.4081717588482532 0.04628791225794017 53.133616285479576 26.0 -19.473279116590327 1.144712479549824 56903.386 57003.047 6 25 "Minimization exited successfully."
01296321 13 0.19345870272087612 56930.510069113356 7.743198357136883e-05 0.7150152754012913 -0.28363473330144223 nan nan 8.05760168994668e-06 0.37316252447709863 0.3492177961197814 5.5275947024119025 8.0 -19.125886808220645 0.9356924360928254 56915.267 56990.183 3 10 "Covariance may not be accurate."
01296657 8 0.09437572690101403 56923.22039308695 0.00016189318138747912 0.48998953643857224 -0.004293568270982373 0.025753861901857397 0.31523260484755156 2.3438467055798837e-05 0.9213186826866546 0.05618910860537077 0.49452536041410955 3.0 -18.22588678150251 0.9642290187378109 56904.221 56973.075 3 5 "Minimization exited successfully."
01297026 13 0.2859776354653944 56929.15420703897 4.186149879621681e-05 0.017828304439813092 -0.06744856972008884 0.031150129028883144 0.8493380070867715 1.2040591022098591e-05 0.6351833825676525 0.3993532590548087 14.346822496349635 8.0 -19.41573951189198 1.0532819819635009 56915.203 57001.06 2 11 "Covariance may not be accurate. Covariance not positive definite. Covariance forced positive definite."
01297465 14 0.2688838003428373 56938.7471132229 2.7752108150752576e-05 1.1356859933365806 0.29626177461484976 0.019930982306500783 0.3706813438948302 2.0465607147773793e-06 0.22663689084895977 0.5793731023676676 40.29287540037536 9.0 -18.821201871812985 0.8425803153399123 56912.304 57005.249 5 9 "Minimization exited successfully."
01298281 15 0.24017425840668566 56930.52455604531 4.95359065598916e-05 -1.4108968399473283 -0.29977053331471837 0.03820746397563951 0.43524920726486016 6.014752826691282e-06 0.4719521196594766 0.5984322919814236 25.071872812545593 10.0 -19.16850381396732 1.3741521892431265 56915.267 57003.045 3 12 "Minimization exited successfully."
01298893 4 0.12603592615770837 56936.51816547555 4.694029039211123e-05 -2.999998459268329 0.2969737906792222 0.10824991530748972 3.157494633444003 1.7513907074670492e-05 3.684188072188375 0.5421137991127726 0.7487040281158677 -1.0 -17.55905153798474 1.7586761850432637 56943.247 56992.064 0 4 "Minimization exited successfully."
01299643 33 0.3734220306141187 56941.04666258681 2.5550602577342764e-05 0.5447566698918456 -0.0970980022098055 0.016152895689940133 0.4805837066996901 1.1667540873103177e-06 0.34402180751928135 0.04492199180048194 58.36797673308648 28.0 -19.55497327856349 0.9585094422705893 56912.346 57018.075 6 27 "Minimization exited successfully."
01299775 6 0.2620113075121743 56942.64913115634 0.00012852575617711416 0.46728970343455156 -0.26835806825724323 0.05357927880405863 1.1408983727887971 4.777535075873307e-05 0.5651331522862333 0.5455359387767866 0.8573859538517924 1.0 -20.41929016115905 0.9794629409375943 56927.224 57001.29 1 5 "Covariance may not be accurate. Covariance not positive definite. Covariance forced positive definite."
01299785 33 0.37028634473043853 56943.30357727912 1.752600544587535e-05 -0.35126495242786415 0.06984685910832711 0.28911380156499633 4.996952248322486 4.854103429438595e-06 1.5885264846708327 0.18336080429272775 10.238531784004469 28.0 -19.12336325712282 1.1163859753977974 56920.294 57025.076 7 26 "Covariance may not be accurate. Covariance not positive definite. Covariance forced positive definite."
01300516 17 0.33458983333364056 56950.44798640022 3.0212525881118113e-05 1.493191944217453 -0.29986993211045254 0.034714197633081645 0.7239775947200542 2.2631654073790305e-06 0.5546626665389791 0.5798564471566852 7.832134188362538 12.0 -19.46250188612853 0.8026480805720624 56923.291 57018.088 6 11 "Minimization exited successfully."
01300912 32 0.3273815289258846 56946.34598383163 1.9619313288152253e-05 -0.4224994981126451 0.056681678672987235 0.015441237726844581 0.2425143211694376 5.65991441994763e-07 0.16108764518506713 0.025940670516699904 42.479565463802956 27.0 -18.932688471618807 1.1312006874071123 56920.205 57018.21 10 22 "Minimization exited successfully."
01301933 16 0.31894443924702515 56953.02637404288 2.760617463157811e-05 -0.26920598267979434 0.18865009044050707 0.011745072808740986 0.45695438254915643 8.652359687472135e-06 0.33427919454471056 0.5074489715472971 14.527454195787818 11.0 -19.239389361199837 1.0933295420151232 56924.193 57025.1 5 11 "Minimization exited successfully."
01302058 14 0.17738339947457443 56959.54207262155 0.00013759908004252474 0.7566953017647609 -0.19082522660942797 0.018965015842565977 0.27435140406305436 1.5456936861579792e-05 0.21613896004108035 0.11432769988588509 36.83460497131916 9.0 -19.5384321790763 0.9249119129095256 56935.363 57025.074 4 10 "Covariance may not be accurate. Covariance not positive definite. Covariance forced positive definite."
01302141 22 0.5979419487924575 57282.14671441049 9.32117617312156e-06 -1.0144598535720206 -0.2856722429411457 0.12861165212846026 3.886549261304026 5.293880886349244e-06 1.323150706411015 0.3155076673671632 15.806655837912306 17.0 -19.687928809880024 1.2792576993928328 57248.408 57365.041 7 15 "Minimization exited successfully."
01302187 9 0.20738978277004527 56953.15161636085 7.581964885227389e-05 -0.5025545937778766 -0.28607053513907177 0.06950321113489658 1.1283687419017951 2.993361028295616e-05 0.9884915702416872 0.42726541543814855 1.2477668164841305 4.0 -19.271137488092954 1.1680522314753716 56932.171 57012.201 3 6 "Minimization exited successfully."
01302523 28 0.4419360675158181 57288.88565085084 1.5513924975493754e-05 0.21698028719390372 0.005309609105443369 0.037504902742337254 0.3983595953868644 1.1541464270903298e-06 0.33973458024202663 0.09127211077515571 25.278210866221265 23.0 -19.446144902418098 1.0127724530427464 57265.391 57372.059 6 22 "Minimization exited successfully."
01302648 13 0.2445098439990575 56948.83331712608 4.145956869599233e-05 -1.0039586356164818 0.29984702048917183 2.4833414713487656e-07 0.00014066263247514144 2.045827070536188e-06 0.38008108583877975 0.596933703070251 10.642938962178434 8.0 -19.020125429608925 1.2326372769378793 56925.16 57017.076 3 10 "Minimization exited successfully."
01303004 18 0.30171705906468077 56961.00783640097 4.65468252509732e-05 1.5520228642789835 -0.2998880932469396 0.004236464229958936 0.1498017568301293 1.0188020395499063e-06 0.28186964472581577 0.5470756810777871 36.21219977073649 13.0 -19.670938473650097 0.7927784900148858 56936.363 57033.042 5 13 "Minimization exited successfully."
01303279 8 0.17263833510865056 56966.094014089715 0.00024018771242635684 1.2161404894684997 -0.2989555589112195 0.029436793334799177 0.6445992221415509 2.6354421547120086e-05 0.7087054871842815 0.5928209897685264 49.00622011581948 3.0 -20.081204804709323 0.8494119399927484 56943.232 57033.164 2 6 "Minimization exited successfully."
01303496 10 0.12553871658648547 56966.135945175745 8.29700971102021e-05 0.16382810150806915 0.12141019954286603 0.02915219440093112 0.46051629273279104 1.8301978934590067e-05 0.4834481199906726 0.18352086583887073 23.77743924058725 5.0 -18.165720196080592 1.0166402705818989 56943.18 57032.147 3 7 "Covariance may not be accurate. Covariance not positive definite. Covariance forced positive definite."
01303883 17 0.2175637401467045 57286.20118480673 5.464102033201357e-05 -0.38185034103171844 0.06701814693678754 2.476775230175754e-05 0.0004055388526467141 1.0775211716960997e-05 0.41566039952188527 0.220250093906352 52.19792499431754 12.0 -19.028702450363753 1.1225505524921573 57265.225 57356.122 3 14 "Covariance may not be accurate."
01303952 21 0.40644762510848587 57285.779502726924 8.746524967551128e-06 -1.8731966282194572 0.2995733254459722 1.182839015623216e-08 0.0010071324068121612 1.3000296821302772e-06 0.87300135057479 0.5625066888098988 22.003680049983995 16.0 -18.61152880960054 1.432474003219422 57249.283 57373.055 6 15 "Minimization exited successfully."
01304127 21 nan nan nan nan nan nan nan nan nan nan nan nan nan nan nan nan 0 0 "No bands in data overlap the model."
01304442 2 0.210270629921533 56965.13325478028 7.687606643497769e-05 0.19244016103149075 -0.06852487847636798 0.6086005746577559 13.347654315388354 5.483762444260798e-05 2.6081418368469813 0.3223451233820099 5.986010975874031e-07 -3.0 -19.316419348914238 1.0208346796464838 56943.355 56990.214 1 1 "Covariance may not be accurate. Covariance not positive definite. Covariance forced positive definite."
01304678 10 0.25293446742585735 56963.87791941527 5.3658308151782744e-05 -1.1990451771793882 -0.05310915919934267 0.10405195873186465 1.1199398443750397 4.136260481680115e-05 0.991884783459406 0.40902796831086563 2.2546562007372066 5.0 -19.379025500683632 1.3039116263745925 56943.232 57033.164 3 7 "Covariance may not be accurate. Covariance not positive definite. Covariance forced positive definite."
01305504 14 0.5203020627916272 56973.39733414207 1.2728032710493388e-05 -0.28221836883969287 -0.2998083776534136 0.02968728052323355 0.5943508024975017 7.523221824110022e-07 0.359350413103259 0.5947723262370697 3.4431357402405616 9.0 -19.660785600315695 1.1237733689856064 56943.274 57039.041 4 10 "Minimization exited successfully."
01305626 15 0.3221410717887659 56975.23461537625 3.1014817048213854e-05 -0.18662617337831122 -0.1043345303128897 0.01686346945705422 0.3517923501894984 3.1255181598591204e-06 0.2070007367542308 0.2096545531191783 16.122640302811018 10.0 -19.389562006712225 1.0943355818340947 56949.133 57044.076 4 11 "Covariance may not be accurate. Covariance not positive definite. Covariance forced positive definite."
01306029 38 0.40194289155499424 57279.585126905054 1.3058232474832954e-05 1.9538534217450376 0.051381396061140505 0.019307881828601575 0.957857458251965 7.251648276015991e-07 3.7640402163759425 0.0633955789754232 44.51619282571281 33.0 -19.016232411526417 0.7167014452148379 57248.391 57355.214 12 26 "Minimization exited successfully."
01306073 15 0.44187571912128815 56973.76489705813 1.952499004754804e-05 -0.8399618953834684 -0.2972211552588892 0.08305227696787079 0.8236962390474218 4.700071690172392e-06 0.31362931074614386 0.3369009730009731 0.6036038176660553 10.0 -19.69913449410261 1.2409639277166633 56949.136 57044.076 4 11 "Minimization exited successfully."
01306141 32 0.34004054903608316 56977.171122985244 3.247101221255378e-05 -0.026914284487114415 -0.07561751714795623 0.5140325173573488 78.51191930191999 0.030202851391214713 3.647553794554068 0.4052683859613632 24.955256974663342 27.0 -19.576116226971344 1.0621544550092281 56949.339 57051.149 8 24 "Covariance may not be accurate."
01306360 19 0.6026045706485789 57283.1158332842 1.1034758393144162e-05 -0.052084380435169386 -0.0012042453345160742 0.10225160852663112 3.377564086826169 1.156271223956007e-05 1.499394109259328 0.4485513979282847 5.293961770302952 14.0 -19.88828133881347 1.0629924217375084 57255.415 57355.242 4 15 "Covariance may not be accurate. Covariance not positive definite. Covariance forced positive definite."
01306390 34 0.37245253931652794 57279.813775585506 9.441403457682851e-06 -0.2776131361403067 0.21531220762302467 0.058613728124815884 2.0879736669412523 1.0948109468264524e-06 1.0478251853866332 0.13134860138153495 5.526636795813972 29.0 -18.468946498418475 1.0933020601989512 57253.403 57355.228 6 28 "Minimization exited successfully."
01306537 19 0.4130942002577396 57286.99970793099 1.065300269255387e-05 1.2329891853098047 0.29272900322431356 0.027224203380566747 0.7711291348496161 2.237728524771832e-06 0.9864781287269557 0.5959067712361199 20.212170392276466 14.0 -18.869184537613254 0.8268514252771588 57265.368 57372.241 4 15 "Minimization exited successfully."
01306626 36 0.4432807432209835 57284.97419009579 1.8348017264022132e-05 0.3764356507884816 -0.004405538175357604 0.03433704125169465 0.4918905917511438 1.485842465799581e-06 0.433174590156995 0.08814986254161711 30.728268620458294 31.0 -19.636296429027922 0.9844340938626672 57255.413 57355.242 8 28 "Minimization exited successfully."
01306785 11 0.8495234053986304 57285.782248587864 6.258575687081991e-06 0.5761075452440387 0.29129105869696853 0.5445885067527338 5.067303834737686 1.6682700356290825e-06 4.039069250450688 0.38062581846428756 1.5390902393295955 6.0 -20.19398177218136 0.9359758960448445 57248.423 57311.111 6 5 "Minimization exited successfully."
01306980 22 0.5490719611874182 57282.88231232032 7.353704101700776e-06 -2.464873765226277 0.28865078745146105 0.060839914413844426 2.3418251064758806 3.670461935635639e-06 2.6867454625744784 0.5829539369814034 11.738467407400073 17.0 -19.205573984336258 1.5933911690127545 57252.233 57372.036 6 16 "Minimization exited successfully."
01306991 35 0.3752453782769549 57287.79631830719 1.933533810290211e-05 -0.1522275086722309 0.00011907450085058002 0.1065389440514426 1.8972294338818756 3.2804711642950294e-06 1.0355669383354937 0.16159710117023596 12.542520073934048 30.0 -19.263868473425084 1.0819513495701898 57265.212 57365.041 8 27 "Minimization exited successfully."
01307277 36 0.3582766531189128 57283.59977742346 1.0808455943756012e-05 -0.5354674058745079 0.2921804313725152 0.05183643355979092 1.218976379444939 1.49756828704134e-06 1.1623036806294724 0.5322037136571265 18.75291494224082 31.0 -18.51867919543541 1.138068475695686 57256.295 57365.112 8 28 "Minimization exited successfully."
01307830 31 0.3394849225436955 57286.14616816586 1.8941023272239788e-05 -1.847755889225467 -0.06504996063367224 0.015893330329801142 0.2851648944852059 8.559523984041934e-07 0.2511410752050549 0.04866024983243676 24.374608779258427 26.0 -18.985707801168488 1.4638573535390371 57257.281 57356.144 7 24 "Minimization exited successfully."
01308314 37 0.3494445014693496 56976.87240951217 1.7960288999621656e-05 -0.47567308781554907 -0.01025114547487338 0.020462200088947002 0.43995172198992805 9.604547668573549e-07 0.3078175793442377 0.04748661704382774 30.029958526601874 32.0 -19.00191729297905 1.1459636242086972 56943.18 57051.149 12 25 "Minimization exited successfully."
