analysis_pipeline/fit_results/des_4_salt2_2.4_blue.ecsv
# %ECSV 0.9
# ---
# datatype:
# - {name: obj_id, datatype: string}
# - {name: num_points, datatype: int64}
# - {name: z, datatype: float64}
# - {name: t0, datatype: float64}
# - {name: x0, datatype: float64}
# - {name: x1, datatype: float64}
# - {name: c, datatype: float64}
# - {name: z_err, datatype: float64}
# - {name: t0_err, datatype: float64}
# - {name: x0_err, datatype: float64}
# - {name: x1_err, datatype: float64}
# - {name: c_err, datatype: float64}
# - {name: chi, datatype: float64}
# - {name: dof, datatype: float64}
# - {name: b_max, datatype: float64}
# - {name: delta_15, datatype: float64}
# - {name: tmin, datatype: float64}
# - {name: tmax, datatype: float64}
# - {name: pre_max, datatype: int64}
# - {name: post_max, datatype: int64}
# - {name: message, datatype: string}
# schema: astropy-2.0
obj_id num_points z t0 x0 x1 c z_err t0_err x0_err x1_err c_err chi dof b_max delta_15 tmin tmax pre_max post_max message
[from data line 53]
01296273 31 0.397 56927.14146535686 2.5780931606533833e-05 -0.04847801951296393 -0.1354087915189786 0.0 0.5958739526940917 7.466809663445033e-07 0.3499884067049479 0.040170607165128075 57.02881035482169 27.0 -19.72163137835569 1.0693485454495892 56903.386 57003.047 6 25 "Minimization exited successfully."
01296321 13 0.1844 56930.96318032824 8.007410101695257e-05 0.6816245767805307 -0.29999676637417316 0.0 3.949401434510946e-05 1.8196970520481526e-06 0.3616198460341691 0.4368853397045309 9.77085705573004 9.0 -19.04677965828006 0.942217805421631 56915.267 56990.183 3 10 "Minimization exited successfully."
01296657 8 0.1462 56923.57332459426 0.0001421279659041791 1.063064731620127 0.014124682425903312 0.0 0.3380589402404439 1.0559283477089287e-05 0.6227239224816283 0.0458118793058305 1.8568133827402988 4.0 -19.10995137789426 0.8649491121265349 56904.221 56973.075 3 5 "Minimization exited successfully."
01297026 13 0.2585 56928.23699677681 3.6820824271130426e-05 -0.28199874764746724 0.18054779282649924 0.0 0.32910129183801473 2.5637563955906163e-05 0.6466330941688863 0.3030779867940363 15.768309560019329 9.0 -19.026283102356064 1.0962637843208576 56915.203 57001.06 2 11 "Minimization exited successfully."
01297465 14 0.2778 56937.257999966154 2.9131024224895997e-05 0.0891611949507829 0.29999997791834726 0.0 0.011180247664015042 3.955882162676172e-07 0.137323361169162 0.01924122402476841 181.37645252622002 10.0 -18.954357589085497 1.0206350007337868 56912.304 57005.249 5 9 "Minimization exited successfully."
01298281 15 0.2351 56930.49752583861 5.028377247301708e-05 -1.4546066532215352 -0.29996471631413213 0.0 0.38026245453147567 1.7579765597020007e-06 0.3590581109532789 0.5492265575479368 25.0995587192287 11.0 -19.132164106515763 1.3849933375771428 56915.267 57003.045 3 12 "Minimization exited successfully."
01298893 4 0.1962 56935.259265109504 4.812921537279136e-05 -2.9999640922049027 0.29977566287767193 0.0 2.8365178093918075 7.965864386179355e-06 3.568992554212736 0.5854255084121864 1.047407345775901 0.0 -18.64268065279021 1.758202736502522 56943.247 56992.064 0 4 "Minimization exited successfully."
01299643 33 0.38 56937.34399999699 3.018741715591078e-05 -1.6328688020490318 -0.1324008966927493 0.0 0.011864078620419605 1.0912529828072105e-06 0.18760153811524083 0.042899548795969675 211.73439675913949 29.0 -19.77979782833912 1.415035332800226 56912.346 57018.075 6 27 "Minimization exited successfully."
01299775 6 0.1598 56941.08546044043 0.00016270026649705118 0.24314688102192816 -0.29919259281873434 0.0 0.5622827493934892 1.3653376964690989e-05 0.4703669409257658 0.5918641359757539 9.368906370932965 2.0 -19.472283331161588 1.0220155454557123 56927.224 57001.29 1 5 "Minimization exited successfully."
01299785 33 0.3813 56943.48648651896 1.7378675247403665e-05 -0.2867542453703429 0.058509420157981606 0.0 0.7283433671509556 1.1800676597076304e-06 0.4927985825950345 0.07341457939736543 10.298784269107038 29.0 -19.189122254594366 1.104510353219947 56920.294 57025.076 7 26 "Minimization exited successfully."
01300516 17 0.3104 56948.28799992856 2.4820148633206142e-05 0.46145398477928135 0.2999966309780617 0.0 0.07615625687685679 6.790436323012003e-07 0.3780899149636088 0.3732604376468355 20.990352969705942 13.0 -19.058853835181953 0.9552072226053419 56923.291 57018.088 5 12 "Minimization exited successfully."
01300912 32 0.3376 56945.195999999974 1.9867747556537307e-05 -0.721241473332404 0.056177818605365526 0.0 0.01480084357172018 5.374755790085728e-07 0.14152903307106346 0.02584230378176061 120.55317007797846 28.0 -19.02401335711517 1.1917317664707383 56920.205 57018.21 10 22 "Minimization exited successfully."
01301933 16 0.3299 56949.19299999865 2.700695690939503e-05 -0.4663810619202602 0.29999999996135135 0.0 0.002888731429266045 2.629919548247095e-07 0.10791656191975729 0.008137128996256682 726.013937130145 12.0 -19.303712691404783 1.1240935104187386 56924.193 57025.1 5 11 "Minimization exited successfully."
01302058 14 0.1984 56959.71736818456 0.00011311374152465637 0.6463714696776464 0.003625549152619034 0.0 0.1855874780776503 1.4290254987935064e-05 0.21760984371230374 0.14080556856373938 37.17268623865883 10.0 -19.594476940004864 0.9364757192728597 56935.363 57025.074 4 10 "Covariance may not be accurate. Covariance not positive definite. Covariance forced positive definite."
01302141 22 0.6088 57273.402999950325 6.6004023620724885e-06 -2.999984378439538 0.2999981505040941 0.0 0.1627985432278365 5.453427553619993e-07 3.1178903503504247 0.5581747696948394 43.42106358658458 18.0 -19.360926615925095 1.7581728422470597 57248.408 57365.041 6 16 "Minimization exited successfully."
01302187 9 0.2195 56950.32799998721 4.468654205881939e-05 -2.494456962122753 0.2999746913453986 0.0 0.06847178341195104 2.390760569795372e-06 0.5981114064626867 0.5278438884493295 22.094532631969532 5.0 -18.835680636357537 1.6004770258477734 56932.171 57012.201 3 6 "Minimization exited successfully."
01302523 28 0.4239 57288.814755883526 1.5990412226427053e-05 0.31621983397567766 -0.02504472248158912 0.0 0.3286778549227165 5.085973542817715e-07 0.31305308718683866 0.039342666965992285 25.414677496624694 24.0 -19.371304851100685 0.9962128061305933 57265.391 57372.059 6 22 "Minimization exited successfully."
01302648 13 0.2319 56948.66206975517 4.187937263341324e-05 -1.18853266761597 0.2998877264544622 0.0 0.4474929093303217 1.4659238016828662e-06 0.3921672346623415 0.5999438592656898 32.99127296952319 9.0 -18.900547046164434 1.2722019062222394 56925.16 57017.076 3 10 "Minimization exited successfully."
01303004 18 0.2949 56959.37099998023 3.6005555264537195e-05 0.6531457408216541 0.29999987447361215 0.0 0.029084425215842202 6.169231204181107e-07 0.22797638121232744 0.049132785514720057 57.53542723264297 14.0 -19.33421712941471 0.9225030849885698 56936.363 57033.042 4 14 "Minimization exited successfully."
01303279 8 0.1724 56966.09251285965 0.00024044326894490098 1.2163827227326713 -0.29945830509124416 0.0 0.5398505212288001 1.4155604196203203e-05 0.6951725302472851 0.5884841394753453 49.006147002822125 4.0 -20.07905624980267 0.8493860058786424 56943.232 57033.164 2 6 "Minimization exited successfully."
01303496 10 0.1798 56966.1984138575 6.79776832906931e-05 -0.3798637896461927 0.2998126252029833 0.0 0.3369849409427843 2.2568106897824487e-06 0.42084420789613075 0.5068682293889601 24.467631447100707 6.0 -18.80766995449402 1.107466904981603 56943.18 57032.147 3 7 "Minimization exited successfully."
01303883 17 0.2591 57286.321879667754 4.430582166570218e-05 -0.21005251597977992 0.2999618522170961 0.0 0.2943574089658796 1.2660850891438313e-06 0.39094693965853833 0.49707729855071336 52.89957546302108 13.0 -19.23607228160504 1.0753910139330891 57265.225 57356.122 3 14 "Minimization exited successfully."
01303952 21 0.5626 57274.279 5.643442334959947e-06 1.999999999294622 0.2999999621067067 0.0 0.13980091860867105 3.932508814696867e-07 0.80324696395631 0.4175296392396155 90.38698883683844 17.0 -18.985914724286985 0.7023711450264258 57249.283 57373.055 5 16 "Minimization exited successfully."
01304127 21 0.7286 nan nan nan nan 0.005 nan nan nan nan nan nan nan nan nan nan 0 0 "No bands in data overlap the model."
01304442 2 0.2171 56965.21759555695 7.680142293280679e-05 0.15232466700289216 -0.06854662758059618 0.0 5.547402508625964 5.3099860667421556e-05 3.434301351818367 0.30156328240733615 7.230400367921484e-05 -2.0 -19.3933866695409 1.028238732006269 56943.355 56990.214 1 1 "Covariance may not be accurate. Covariance not positive definite. Covariance forced positive definite."
01304678 10 0.2188 56963.77275721302 6.879166573980633e-05 -1.1862594844338041 -0.2994276486585588 0.0 0.9341101554382476 9.16880425219646e-06 0.9551345716157493 0.3067153170856568 3.3963503100811154 6.0 -19.296262513411545 1.3200094430432294 56943.232 57033.164 3 7 "Minimization exited successfully."
01305504 14 0.4956 56968.19199985146 9.6150362015629e-06 -1.9589366890745796 0.2999945272411188 0.0 0.022346787100104848 2.074208841379434e-07 0.2708485264724598 0.3837465453746888 97.59647759902737 10.0 -19.22861603204778 1.4542221669751463 56943.274 57039.041 3 11 "Minimization exited successfully."
01305626 15 0.3257 56974.124999939646 2.6497657489754634e-05 -0.4254955911619187 0.299999995169615 0.0 0.016021374987758463 2.323600488809977e-07 0.11613538494517517 0.03812750800327058 47.77215923507696 11.0 -19.250657663586676 1.1162043333309875 56949.133 57044.076 4 11 "Minimization exited successfully."
01306029 38 0.4289 57273.38799886074 1.392148416902439e-05 0.7716271284672285 0.03463672661458045 0.0 0.04509400079405168 6.818957857951391e-07 0.47312714821883217 0.06300226234092038 117.15101136425432 34.0 -19.25159236769627 0.9135892384629898 57248.391 57355.214 8 30 "Minimization exited successfully."
01306073 15 0.3286 56972.12074292953 2.542564629873234e-05 -1.1982617833842797 -0.2992682698008978 0.0 0.46070654609502526 1.0724836451286857e-06 0.3073838546775678 0.5822435009416247 2.4315992017257457 11.0 -19.227298639981075 1.3228271935123423 56949.136 57044.076 3 12 "Minimization exited successfully."
01306141 32 0.3324 56974.33699995965 3.2669452604322526e-05 -0.6448692373522458 -0.0505407636751293 0.0 0.02839756553294137 1.283952859544578e-06 0.2758917850223881 0.043405283510500506 85.76106457102384 28.0 -19.524605626932217 1.1830722450887627 56949.339 57051.149 8 24 "Minimization exited successfully."
01306360 19 0.4494 57274.42299812065 9.001751957005144e-06 -0.580697086331698 0.299975753176802 0.0 0.40343422892692615 8.418631928366897e-07 1.4590193963170335 0.5986511587615012 15.141918890567734 15.0 -18.902950460408668 1.1464102391225062 57255.415 57355.242 2 17 "Minimization exited successfully."
01306390 34 0.407 57278.40098940602 9.773172768462457e-06 -0.3486001428482828 0.1479124680320506 0.0 0.6560834748197522 9.219018758749314e-07 0.8972262243668192 0.1269817928103003 7.071144747218464 30.0 -18.73261616831522 1.1110794109642335 57253.403 57355.228 6 28 "Minimization exited successfully."
01306537 19 0.4795 57287.49024481567 1.1423691094039623e-05 0.715908046047629 0.29982323217105494 0.0 0.7881741485580278 8.239884201247112e-07 0.988999161153181 0.5875298571149561 20.881802698080204 15.0 -19.331104572953095 0.9119285711562846 57265.368 57372.241 4 15 "Minimization exited successfully."
01306626 36 0.4095 57280.41 1.793908253261145e-05 1.862746043972833 -0.06512259003538212 0.0 0.04488587331434246 6.665486609783173e-07 0.4277895146623294 0.04980852392885461 101.77989054994467 32.0 -19.408833827498025 0.7348455530132938 57255.413 57355.242 8 28 "Minimization exited successfully."
01306785 11 0.5787 57273.418993874664 6.750028773910844e-06 -0.12458706057576485 0.29998215680401735 0.0 0.5771644307569659 7.432478346655612e-07 1.2598138685943445 0.5995689414178991 9.047449548142676 7.0 -19.252508987054156 1.0595320908458774 57248.423 57311.111 4 7 "Minimization exited successfully."
01306980 22 0.5489 57277.228998395934 6.64614858509327e-06 -2.6178222011223955 0.29997542617145084 0.0 0.3912128114789084 8.522245729489228e-07 1.0097644788281201 0.5695755082990033 18.67088143460601 18.0 -19.09521087766234 1.6369854448636758 57252.233 57372.036 6 16 "Minimization exited successfully."
01306991 35 0.4217 57288.30184692009 1.8323225424277112e-05 -0.13706007918527074 -0.02910817920597225 0.0 0.9079680087888846 2.2572113707014514e-06 0.9568488229950611 0.14708722512749892 12.718539989288468 31.0 -19.505423601727248 1.0806593685769457 57265.212 57365.041 10 25 "Minimization exited successfully."
01307277 36 0.4107 57281.2919995898 9.99292704084165e-06 0.7048522068054228 0.2504359430601422 0.0 0.3709046902586124 1.000019133366725e-06 1.1374619954960645 0.10902641557418077 24.468157335555166 32.0 -18.78300664917448 0.9159498156259573 57256.295 57365.112 8 28 "Minimization exited successfully."
01307830 31 0.3493 57282.28099999999 1.7945682647085847e-05 -0.9677040486646895 -0.07062202655656821 0.0 0.014038128647371195 5.252572971015113e-07 0.28492248662682595 0.03868611729578639 198.13543767674346 27.0 -18.99992794273409 1.2533678113291984 57257.281 57356.144 5 26 "Minimization exited successfully."
01308314 37 0.4065 56968.17799998926 1.5036945156635118e-05 -1.3086864104257239 0.08170474949557993 0.0 0.005448176929348847 5.53108624283539e-07 0.26290705086299504 0.046235965473430174 876.4830512939061 33.0 -19.195936495836946 1.3178616633483955 56943.18 57051.149 10 27 "Minimization exited successfully."
01308326 16 0.3262 56976.65153363054 3.469858147840399e-05 0.33916802277003555 -0.2891112278993634 0.0 0.4350809850511723 5.712426755423441e-06 0.3962429058988839 0.4287517694935087 11.850182158860997 12.0 -19.547068555023802 1.0037575267325316 56956.143 57045.109 4 12 "Minimization exited successfully."
01308568 19 0.6431 57281.26899806886 5.038327794021358e-06 1.9999885892209601 0.2999542770405123 0.0 0.6204890947155945 4.5887282721923644e-07 0.2931815881502442 0.5916871310858913 36.825918651509774 15.0 -19.216536593365124 0.7023742820428147 57256.269 57379.063 4 15 "Minimization exited successfully."
01308582 29 0.3669 57287.5493309492 2.5154721838321904e-05 -0.6362789734469279 -0.056742248747951085 0.0 0.522837428474304 1.4199667695613525e-06 0.48453786139484056 0.0664394007204007 16.613685649705598 25.0 -19.491914875966383 1.1816961717370589 57265.391 57365.081 6 23 "Minimization exited successfully."
01308884 10 0.0772 57293.492700476956 0.00032102787845389447 -1.2080024330580796 -0.2999993524928671 0.0 0.054140316336997785 2.4049946975246374e-06 0.054531561873169876 0.42451118938861776 17.05310354853936 6.0 -18.510409104932382 1.325183634742718 57278.247 57345.255 2 8 "Minimization exited successfully."
01308957 19 0.6187 57278.32999984262 4.669417648336949e-06 1.9999993652063166 0.2999954568177429 0.0 0.33641703575631254 4.131106433935549e-07 0.5256393546715707 0.5331576098555171 53.46736815536083 15.0 -19.03137523950293 0.7023713738825244 57253.334 57373.055 5 14 "Minimization exited successfully."
01309288 6 0.2684 56986.36099096587 7.296955281880236e-05 1.4329017724565558 -0.29941249104330153 0.0 27.88538524572141 2.6677202991304276e-05 4.70578611600841 0.5995933801387483 6.267654669787122 2.0 -19.86639980170341 0.8127692273670526 56963.244 57061.06 1 5 "Minimization exited successfully."
01309492 30 0.3335 56988.255 3.393410447576073e-05 -1.6807238824279036 -0.09804718217269123 0.0 0.0009081592070288025 5.12331907656647e-07 0.08228812414820585 0.01495533589100144 2890.466260923564 26.0 -19.574025665760562 1.4239490463215212 56963.265 57066.064 7 23 "Minimization exited successfully."
01309749 19 0.7893 nan nan nan nan 0.01 nan nan nan nan nan nan nan nan nan nan 0 0 "No bands in data overlap the model."
01310338 26 0.4388 56974.11199987344 1.6705995482763083e-05 -0.5004842865917003 0.051425555182710914 0.0 0.03738842683742405 4.778129130730825e-07 0.30333596255274875 0.04414272816848888 54.11476161399973 22.0 -19.5077850426419 1.1470551694742852 56949.115 57052.039 5 21 "Minimization exited successfully."
01310395 18 0.289 56980.93144667168 3.137554064509274e-05 -1.0938925645679198 -0.29981779463757185 0.0 0.39325264572471497 1.0078232914989556e-06 0.3888678192024462 0.5663594811537209 8.662295301406294 14.0 -19.132528425722075 1.298482321302231 56956.206 57052.037 4 14 "Minimization exited successfully."
01312274 32 0.438 56977.28946651995 1.2313831195673309e-05 -1.151990203841013 -0.0021431715025843623 0.0 0.7509286239437643 6.463827284669543e-07 0.5892256912503386 0.07461809811676955 11.38221194364548 28.0 -19.17135239214681 1.2891515710296488 56956.143 57052.1 6 26 "Minimization exited successfully."
