analysis_pipeline/fit_results/des_4_sn91bg_color_interpolation_red.ecsv
# %ECSV 0.9
# ---
# datatype:
# - name: obj_id
#   datatype: string
# - name: num_points
#   datatype: int64
# - name: z
#   datatype: float64
# - name: t0
#   datatype: float64
# - name: x0
#   datatype: float64
# - name: x1
#   datatype: float64
# - name: c
#   datatype: float64
# - name: z_err
#   datatype: float64
# - name: t0_err
#   datatype: float64
# - name: x0_err
#   datatype: float64
# - name: x1_err
#   datatype: float64
# - name: c_err
#   datatype: float64
# - name: chi
#   datatype: float64
# - name: dof
#   datatype: float64
# - name: b_max
#   datatype: float64
# - name: delta_15
#   datatype: float64
# - name: tmin
#   datatype: float64
# - name: tmax
#   datatype: float64
# - name: pre_max
#   datatype: int64
# - name: post_max
#   datatype: int64
# - name: message
#   datatype: string
# schema: astropy-2.0
obj_id num_points z t0 x0 x1 c z_err t0_err x0_err x1_err c_err chi dof b_max delta_15 tmin tmax pre_max post_max message
[from data line 56]
01297026 29 0.455 56959.20683794184 2.7755575615628915e-18 1.1280116650895287 6.927132279860304e-05 0.0 83.08146324083282 0.03093433659878691 0.4449978465403045 0.6114070749062439 2170.946103339135 25.0 -16.227571120910405 1.5474070522837273 56903.36 57001.099 17 12 "Covariance may not be accurate."
01297465 32 0.455 56935.605275315604 1.665334536937735e-17 1.2091652256390168 0.02493201641801185 0.0 73.90290268162062 0.031137543473686195 0.30140864826878405 0.5435937654077089 8477.137376977958 28.0 -18.13306294361117 1.483919277816785 56912.258 57008.065 9 23 "Covariance may not be accurate."
01298281 29 0.455 56939.773217248236 7.494005416219807e-17 1.1866307268754783 0.33463691183001054 0.0 69.69713066919212 0.030746455562570718 0.3231955624749843 0.6605212141286717 1555.5535608413647 25.0 -19.17479879048257 1.50017466333383 56915.269 57003.049 8 21 "Covariance may not be accurate."
01298893 15 0.455 56947.761997288566 1.665334536937735e-17 0.6500509574712852 0.3494530912844148 0.0 65.54766102884969 0.030751487990850524 0.3666899706096307 0.666002562531832 545.457059110007 11.0 -17.51483403363219 2.262223675451068 56915.299 56992.068 8 7 "Covariance may not be accurate."
01299643 17 0.455 56944.035809702546 4.4408920985006264e-17 0.8008729736954769 0.5170771471668406 0.0 0.6643258216645336 0.0 4.138308123657897e-05 7.880814775768075e-05 172.38930612781053 13.0 -18.232603339018894 1.945482115501001 56912.35 57018.078 4 13 "Covariance may not be accurate."
01299775 23 0.455 56930.93324837345 1.4988010832439614e-16 0.8223635028842281 0.1271690436220122 0.0 62.17015561970766 0.031946890262814 0.38614908269269255 0.554478346640223 539.9937436895143 19.0 -20.33725919743926 1.9101594808645679 56920.298 57004.045 3 20 "Covariance may not be accurate."
01299785 15 0.455 56959.85266483933 2.7755575615628915e-18 1.045985150761065 0.07722643924116479 0.0 86.43747669517325 0.03366872575854017 0.4019923834505991 0.515141386929472 300.911934722099 11.0 -16.098680557007427 1.6242715510303718 56920.298 57025.079 5 10 "Covariance may not be accurate."
01300516 36 0.455 56966.456853804644 7.494005416219807e-17 0.864886342523753 0.5138259107330474 0.0 73.36049726868441 1.387778780781447e-18 0.0014495249567242907 0.0014322240883787307 1631.4610008161528 32.0 -18.805951037944958 1.845377532883429 56923.293 57025.093 16 20 "Covariance may not be accurate. Covariance not positive definite. Covariance forced positive definite."
01300912 17 0.455 56956.25403628 2.7755575615628915e-18 0.6500000013396285 0.5001466048203248 0.0 0.9455537573812762 0.0 8.378355009774907e-09 0.000194959485265489 1784.2812565099055 13.0 -15.249308195580753 2.26235646314106 56920.245 57019.147 6 11 "Covariance may not be accurate."
01301933 31 0.455 56951.513659851764 1.1102230246251566e-17 1.1866204176884931 0.043461969207088835 0.0 77.85240444711962 0.030750681186042364 0.32318407804248844 0.690720701231897 16551.637915288025 27.0 -17.662124920017405 1.5001730544758232 56924.209 57025.117 10 21 "Covariance may not be accurate."
01302058 31 0.455 56960.178186172816 2.997602166487923e-16 0.766748499405517 0.5001235764668114 0.0 70.03830661842221 1.3877787807814407e-18 0.003563514116829203 0.003599713705740498 2952.179241303576 27.0 -20.332904061463694 2.006201422590401 56935.365 57025.079 7 24 "Covariance may not be accurate. Covariance not positive definite. Covariance forced positive definite."
01302141 24 0.455 57270.48510497232 5.551115123125783e-18 1.1537918415939483 0.4914674591663687 0.0 97.33996189899699 0.03191423144604906 0.34211364324277665 0.7212585630045055 162.19095087776012 20.0 -16.02299823976272 1.5257680860317073 57248.411 57365.044 5 19 "Covariance may not be accurate."
01302187 31 0.455 56962.674685446786 7.494005416219807e-17 0.7847108730889883 0.12593285226596007 0.0 76.82387938034663 0.03075564873232553 0.36733492849232435 0.5536099885863539 620.1542410698736 27.0 -19.58706898978089 1.973475665881388 56925.328 57019.148 12 19 "Covariance may not be accurate."
01302523 15 0.455 57327.10707070908 2.7755575615628915e-18 0.9986549350220955 0.30823363602859355 0.0 91.22523837934568 0.04810197539878919 0.3334484658116689 0.7383578366471341 1453.8381576633506 11.0 -15.64278995865591 1.673806068018159 57265.24 57366.076 10 5 "Covariance may not be accurate."
01302648 30 0.455 56963.91647278437 7.216449660063518e-17 0.6500113782559087 0.07262419248178009 0.0 76.02318651012683 0.030747100790573117 0.367868100656351 0.5109567521192091 1281.019821065698 26.0 -19.64424620176474 2.2623127633248075 56925.162 57017.08 13 17 "Covariance may not be accurate."
01303004 37 0.455 56964.15893981597 1.3877787807814457e-16 0.6503993075710246 0.44596122266570304 0.0 0.06731300822866615 0.0 0.0006963021777595113 0.0006423773384009179 2245.823734456891 33.0 -19.622912042121538 2.2613502387589683 56934.371 57033.047 11 26 "Covariance may not be accurate."
01303279 26 0.455 57002.18263714477 8.604228440844963e-17 1.2351826947491562 0.2912127428968728 0.0 77.54807093754789 0.030746230817849926 0.46660627523232984 0.6431597469712185 2276.25365187794 22.0 -19.400088239084464 1.4663833233781318 56943.237 57033.169 18 8 "Covariance may not be accurate."
01303496 22 0.455 56974.34286836446 1.942890293094024e-16 1.1826479153729246 0.5018652127587626 0.0 72.38283173763557 0.031219019554145525 0.32400588736400254 0.716610002542431 751.7898166692386 18.0 -19.859342597239312 1.503161231894758 56943.182 57032.15 9 13 "Covariance may not be accurate."
01303883 38 0.455 57286.39610854809 5.551115123125783e-18 1.189825611562512 0.26748563976269035 0.0 70.96327303807993 0.03265696720105224 0.30962330163537827 0.6327945030050356 2490.56022178093 34.0 -16.463295827428176 1.4978052146477907 57265.227 57356.127 7 31 "Covariance may not be accurate."
01303952 21 0.455 57287.92551246505 0.0 0.9177659831742163 0.5001996834153971 0.0 0.0 0.0 0.0 0.0 134.718759158555 17.0 inf nan 57249.286 57373.057 6 15 "Hesse Failed. Covariance may not be accurate. Covariance not positive definite."
01304127 0 0.7286 nan nan nan nan 0.005 nan nan nan nan nan nan nan nan nan nan 0 0 "Empty table passed to fit_lc."
01304442 9 0.455 56928.99738859485 3.0253577421035517e-16 0.650171826609337 0.5001028770321523 0.0 57.913074441694334 0.03075293453975736 0.3732688198476875 0.710477588582221 1220.1384518788198 5.0 -20.34294332657832 2.2619241713724207 56943.114 57012.24 0 9 "Covariance may not be accurate."
01304678 29 0.455 56979.3793788472 2.7755575615628915e-18 0.6500000009347567 0.0026474991274422766 0.0 74.9024189972697 0.031294007646558354 0.3755180562276202 0.6359359086568194 450.0218037900027 25.0 -16.223502271222834 2.2623392272268674 56949.328 57033.168 10 19 "Covariance may not be accurate."
01305504 16 0.455 56997.32553437587 0.0 0.9308951559080945 0.5142262860526438 0.0 0.0 0.0 0.0 0.0 2116.4081004356804 12.0 inf nan 56943.3 57052.047 9 7 "Hesse Failed. Covariance may not be accurate. Covariance not positive definite."
01305626 26 0.455 57010.17790769343 0.0 0.6500040283025437 0.5001272176317696 0.0 0.0 0.0 0.0 0.0 13207.49323212399 22.0 inf nan 56949.15 57045.061 17 9 "Hesse Failed. Covariance may not be accurate. Covariance not positive definite."
01306029 20 0.455 57294.497430435775 2.7755575615628915e-18 0.6500000000546784 0.004568421302015346 0.0 87.07640091193025 0.031067312454126965 0.37280537566392535 0.6422471251291935 339.18558818360515 16.0 -16.22046091599966 2.26233928299828 57248.395 57355.217 9 11 "Covariance may not be accurate."
01306073 27 0.455 57024.059416001066 0.0 0.6500005446357064 0.5001313425551448 0.0 0.0 0.0 0.0 0.0 2243.9248065963698 23.0 inf nan 56949.15 57045.061 22 5 "Hesse Failed. Covariance may not be accurate. Covariance not positive definite."
01306141 16 0.455 56974.42834003946 4.163336342344337e-17 1.2317192375352344 0.5899874079533473 0.0 1.019288522980787 0.0 0.00012431540585566836 0.000597623624739807 124.93620544285852 12.0 -18.03788944754566 1.4686649131859042 56949.344 57051.151 3 13 "Covariance may not be accurate."
01306360 21 0.455 57288.270732810706 0.0 1.1582084739877399 0.5001971476488536 0.0 0.0 0.0 0.0 0.0 114.68487787880439 17.0 inf nan 57250.337 57355.245 6 15 "Hesse Failed. Covariance may not be accurate. Covariance not positive definite."
01306390 17 0.455 57292.163890956705 0.0 0.9135701870163822 0.500160519809096 0.0 0.0 0.0 0.0 0.0 90.72272633337103 13.0 inf nan 57253.408 57355.23 5 12 "Hesse Failed. Covariance may not be accurate. Covariance not positive definite."
01306537 20 0.455 57318.00352029329 2.7755575615628915e-18 0.6500000000000006 0.003754220191645563 0.0 88.40519770122773 0.030994073760806918 0.37192890430619013 0.6397924851433705 409.5543770506223 16.0 -16.2217510636804 2.2623392603987043 57265.371 57365.19 12 8 "Covariance may not be accurate."
01306626 20 0.455 57285.22739949088 2.7755575615628915e-18 1.240425009791832 0.4894443200205346 0.0 78.09011620459569 0.032340313459525497 0.35103127318040656 0.7245585489081113 370.18796829210066 16.0 -15.275316651602765 1.4629678067532126 57255.418 57355.245 4 16 "Covariance may not be accurate."
01306785 12 0.455 57262.5523966347 5.551115123125783e-18 1.1527090234258437 0.0002322120088479318 0.0 52.517011853102304 0.030882809349663504 0.44151219650122747 0.6084606209184471 64.60889467108485 8.0 -16.979889420331727 1.5266362828583162 57248.426 57311.114 4 8 "Covariance may not be accurate."
01306980 24 0.455 57292.56630577465 2.7755575615628915e-18 0.6500000000005841 7.000077670848981e-07 0.0 92.98047400515134 0.031134564757951268 0.3736146130327168 0.6145724583804151 104.7592689493664 20.0 -16.227678984086374 2.262339156271942 57252.236 57372.039 10 14 "Covariance may not be accurate."
01306991 20 0.455 57288.31844973799 5.551115123125783e-18 1.2129381456009432 0.0009641590795470001 0.0 75.85339662994011 0.03095612109543322 0.4241776057956001 0.6016450934027218 53.8622971552383 16.0 -16.978735602173586 1.4813025699534919 57265.217 57365.044 6 14 "Covariance may not be accurate."
01307277 19 0.455 57292.38093726105 0.0 0.897938381610256 0.5001425368109261 0.0 0.0 0.0 0.0 0.0 147.06104649020537 15.0 inf nan 57256.299 57365.115 7 12 "Hesse Failed. Covariance may not be accurate. Covariance not positive definite."
01307830 15 0.455 57277.40917211894 2.7755575615628915e-18 0.6683796589923275 0.5000877691966066 0.0 78.76997532209498 0.03075661314499229 0.4083756003360446 0.7105213398328771 597.5364936615209 11.0 -15.249400943479497 2.217255866317455 57265.301 57365.135 2 13 "Covariance may not be accurate."
01308314 19 0.455 56994.74409408611 2.7755575615628915e-18 1.1778004131405038 0.5125994585759602 0.0 86.10009828642433 0.030882356419241183 0.3292045570811096 0.7149886106750865 768.0419949160445 15.0 -15.229511021599215 1.5068366980017522 56943.185 57051.151 10 9 "Covariance may not be accurate."
01308326 31 0.455 56993.32532267147 2.7755575615628915e-18 0.6500000001496257 6.501583129980837e-06 0.0 74.17039208914866 0.030948941645537208 0.3713832799183987 0.6138503424513759 2979.771280489674 27.0 -16.227669846608695 2.2623391560569495 56956.145 57045.113 13 18 "Covariance may not be accurate."
01308568 21 0.455 57318.24833377363 1.3877787807814457e-17 0.6803727968422543 0.5001436570583485 0.0 103.33396684619947 0.0 0.0001160797093135435 0.0005755931244534884 133.0661349934212 17.0 -16.99673794626097 2.188898341776138 57256.271 57379.066 12 9 "Covariance may not be accurate. Covariance not positive definite. Covariance forced positive definite."
01308582 15 0.455 57299.43129304109 1.1102230246251566e-17 0.7676615598147511 0.0019805101912137024 0.0 80.67248961068981 0.031400442104869725 0.35728848397778395 0.6331748357986684 351.51630094303897 11.0 -17.729706489511166 2.004480402016334 57265.24 57366.076 6 9 "Covariance may not be accurate."
01308884 38 0.455 57289.92887552993 4.801714581503802e-16 1.231494129375291 0.5001020174754442 0.0 0.0016932419785007369 0.0 nan 0.00017529992573828146 61077.739935595826 34.0 -20.844493822414794 1.4688132994588123 57276.324 57355.251 9 29 "Covariance may not be accurate."
01308957 18 0.455 57294.46999463939 1.1102230246251566e-17 1.2125038264832688 0.006594628570778083 0.0 93.87868624574548 0.03181194368121955 0.30686517943860186 0.6474628413034026 20.381966270458076 14.0 -17.722393715342463 1.4816024193702155 57253.336 57373.057 6 12 "Covariance may not be accurate."
01309288 30 0.455 56996.813747201595 1.665334536937735e-17 0.9614603376154633 0.09069521874707853 0.0 80.28040780895753 0.031248349292990748 0.43266191133966336 0.5267464728820085 511.980696008418 26.0 -18.019902508634285 1.716371302089275 56961.361 57061.067 13 17 "Covariance may not be accurate."
01309492 17 0.455 56994.74021771675 1.942890293094024e-17 0.8930276076246961 0.28368799485205076 0.0 0.004160160759056453 0.0 2.456925733879123e-05 0.087793760604332 3313.958652129695 13.0 -17.79696183949688 1.805225914286627 56966.23 57067.046 6 11 "Covariance may not be accurate."
01309749 0 0.7893 nan nan nan nan 0.01 nan nan nan nan nan nan nan nan nan nan 0 0 "Empty table passed to fit_lc."
01310338 19 0.455 56990.884986950725 0.0 0.6500000024676899 0.5000269467402735 0.0 0.0 0.0 0.0 0.0 690.5462516796377 15.0 inf nan 56949.119 57052.042 7 12 "Hesse Failed. Covariance may not be accurate. Covariance not positive definite."
01310395 35 0.455 56998.3822361465 6.938893903907228e-17 1.2375725640455049 0.5136592659001178 0.0 0.03614826176999486 0.0 0.004911167650899717 0.04834778883089563 1988.4617799824027 31.0 -18.722659388763542 1.4648250504542162 56956.208 57052.042 15 20 "Covariance may not be accurate. Covariance not positive definite. Covariance forced positive definite."
01312274 14 0.455 56988.95574556555 2.7755575615628915e-18 1.2473518416884253 0.17681404579218307 0.0 78.0837597755235 0.03210428986388732 0.4024373786417162 0.5862313745802541 127.72468970057965 10.0 -15.905897141064926 1.4584843745919258 56960.265 57045.113 4 10 "Covariance may not be accurate."
01313594 28 0.455 56990.16139100277 7.494005416219807e-17 1.0339848168620955 0.13995292433047557 0.0 61.826041442731366 0.03076656546228048 0.4018699139635327 0.7291620616318857 1664.9549973646363 24.0 -19.559710151676285 1.6364222286957926 56973.04 57051.058 8 20 "Covariance may not be accurate."
01314897 15 0.455 57331.497517782765 2.7755575615628915e-18 0.6500000000001194 0.0027154114617773395 0.0 84.90279424536493 0.03109739344541956 0.3731688674787166 0.6361950880077061 968.5965298369789 11.0 -16.223394892215957 2.262339231467184 57273.363 57373.072 10 5 "Covariance may not be accurate."
01315192 22 0.455 57003.22141117905 2.581268532253489e-16 0.6500000441927555 0.4997287637143487 0.0 58.39000365427273 0.030746309243137305 0.3688878428223665 0.710306521977407 2872.034617952184 18.0 -20.171416588523766 2.26235634378531 56987.198 57052.1 5 17 "Covariance may not be accurate."
01315259 24 0.455 57030.17339031041 3.608224830031759e-17 0.6755352506259925 0.2647506085677035 0.0 0.1427355941341375 0.0 0.00391852627398237 0.0006370826453861445 4101.221186944635 20.0 -18.499990053430018 2.200240768563617 56980.183 57049.073 18 6 "Covariance may not be accurate."
01315296 14 0.455 56990.56850849253 0.0 1.2412685402509023 0.5001945328318066 0.0 0.0 0.0 0.0 0.0 246.9557499933035 10.0 inf nan 56973.19 57049.072 4 10 "Hesse Failed. Covariance may not be accurate. Covariance not positive definite."
01316385 21 0.455 57016.243992630014 2.4424906541753446e-16 0.6500000000012941 0.00010770328601905632 0.0 50.095089449252555 0.04999189629103528 0.5999027721132869 0.6105337096306601 2384.658598457974 17.0 -21.088717121991525 2.262339159222794 57001.203 57067.046 6 15 "Covariance may not be accurate."
