analysis_pipeline/fit_results/des_5_sn91bg_salt2_phase_red.ecsv
# %ECSV 0.9
# ---
# datatype:
# - {name: obj_id, datatype: string}
# - {name: num_points, datatype: int64}
# - {name: z, datatype: float64}
# - {name: t0, datatype: float64}
# - {name: x0, datatype: float64}
# - {name: x1, datatype: float64}
# - {name: c, datatype: float64}
# - {name: z_err, datatype: float64}
# - {name: t0_err, datatype: float64}
# - {name: x0_err, datatype: float64}
# - {name: x1_err, datatype: float64}
# - {name: c_err, datatype: float64}
# - {name: chi, datatype: float64}
# - {name: dof, datatype: float64}
# - {name: b_max, datatype: float64}
# - {name: delta_15, datatype: float64}
# - {name: tmin, datatype: float64}
# - {name: tmax, datatype: float64}
# - {name: pre_max, datatype: int64}
# - {name: post_max, datatype: int64}
# - {name: message, datatype: string}
# schema: astropy-2.0
obj_id num_points z t0 x0 x1 c z_err t0_err x0_err x1_err c_err chi dof b_max delta_15 tmin tmax pre_max post_max message
01248677 16 0.39501111221099183 56551.294716394805 9.992007221626409e-17 0.6501543048474717 0.4999822360298773 2.2920071766074912e-05 0.09777927502727835 0.0 2.7574615700798333e-06 1.3762629484825872e-05 8698.955883886967 8.0 -18.775237415534974 2.26028367390683 56538.281 56629.077 3 13 "Covariance may not be accurate."
01250017 30 0.8800125307176646 56522.417774466136 3.2196467714129544e-16 1.0933769479471653 0.00950572947305034 0.6394977034164324 20.250333149011567 0.03284169940478545 0.3772963128440718 0.6535649317101757 12871.676155200905 25.0 -23.12154919458858 1.5779280527418074 56536.245 56616.08 0 30 "Covariance may not be accurate."
01253039 20 0.39460930011276474 56532.34066179774 2.7755575615628915e-18 1.189886209890823 0.007478762328498312 0.6248652696539566 24.674175930897036 0.03181559162144468 0.44562180080870756 0.6494544929897067 723.5428935158072 5.0 -15.848128322180305 1.4972833131636172 56547.274 56653.094 0 20 "Covariance may not be accurate."
01253101 17 0.5211260763667547 56566.884403692886 3.33066907387547e-17 0.6503599820573231 0.45101977811357025 0.6453509075778452 27.199705475606606 0.030746231150982763 0.3751319532217244 0.6980983600024575 541.3809994053572 9.0 -18.416281645658827 2.2597658031092607 56543.099 56657.052 5 12 "Covariance may not be accurate."
01253920 29 0.47110448252715575 56583.62557738271 2.7478019859472625e-16 0.6500000009514341 0.411322787011007 0.6664725165826657 29.594502233831008 0.034401792300520595 0.41283310242329807 0.6866505363958925 6972.371227811846 22.0 -20.52865628193484 2.2606681256411 56559.195 56649.173 10 19 "Covariance may not be accurate."
01255502 19 0.4316672941371005 56548.37466888988 7.494005416219807e-17 1.0115362821990808 0.03816048610580308 0.6308250777762229 25.805616964255023 0.03116853138498374 0.441767915655626 0.5255474156684355 5631.5347439878615 7.0 -19.607854389981764 1.659183051171759 56563.266 56653.077 0 19 "Covariance may not be accurate."
01257366 25 0.54891659106299 56579.54240384775 2.609024107869118e-16 0.650704867177545 0.24565705522091735 0.6767242897414786 20.71668091180254 0.03288314601266319 0.40392534355372794 0.6226561475226179 1703.541553165566 12.0 -21.172584096581037 2.2588961879590883 56594.14 56682.089 0 25 "Covariance may not be accurate."
01257695 25 0.4648939667640193 56575.025002544055 3.275157922644212e-16 1.1600020956654467 0.5001587579150634 0.6473426027804032 25.588514545870567 0.03197998467740369 0.4384075937255503 0.7243471903703038 14106.573348121581 12.0 -20.484888117287028 1.5202470764551244 56590.029 56675.078 0 25 "Covariance may not be accurate."
01258906 15 0.3909769850347097 56579.01238205052 8.326672684688675e-18 0.6798044252309815 3.137241767359189e-05 0.6216276085127713 25.266864584995346 0.03151585785027117 0.4276489994265448 0.6172739727098929 443.4055735437802 3.0 -17.028982034214494 2.1886527054681295 56594.019 56695.038 0 15 "Covariance may not be accurate."
01258940 18 0.44584144648398094 56586.091196155234 2.7755575615628915e-18 0.6500009201552812 0.0006410135956597118 0.6429475730875716 30.615115869415604 0.032090715148823855 0.38542333124838996 0.6254261743790509 352.28004294693903 7.0 -16.17390932750841 2.260651773260804 56590.318 56697.043 0 18 "Covariance may not be accurate."
01259412 24 0.4958835903398522 56613.72163780383 1.1102230246251566e-17 0.8607352383969785 0.0007205700202759235 0.641165445568294 29.477620919784385 0.030771859916511338 0.40008282090956543 0.6034690879660107 10447.531861367655 17.0 -17.955790179651803 1.8504930070888292 56602.205 56696.024 4 20 "Covariance may not be accurate."
01261579 20 0.47427259668672933 56600.21752733496 1.9984014443252818e-16 1.0556934630422594 0.5001711194389241 0.5824447384418928 0.0012923015492560808 1.387778780781453e-18 0.00043191066713377246 0.00014297645218880328 14039.581933859909 9.0 -20.000470286864264 1.6140029907125175 56615.111 56696.025 0 20 "Covariance may not be accurate. Covariance not positive definite. Covariance forced positive definite."
01262214 0 nan nan nan nan nan nan nan nan nan nan nan nan nan nan nan nan 0 0 "Empty table passed to fit_lc."
01262715 0 nan nan nan nan nan nan nan nan nan nan nan nan nan nan nan nan 0 0 "Empty table passed to fit_lc."
01263369 18 0.6429400602648352 56662.37538922923 2.7755575615628915e-18 0.6830591469768675 0.17796161990256498 0.6579080758996416 31.32264044819385 0.0330369793798037 0.44975957781297005 0.5751163037136996 1214.0931383769912 11.0 -16.81186293535145 2.1810901510328335 56645.14 56697.043 8 10 "Covariance may not be accurate."
01263715 18 0.07963289668931235 56663.54100161896 1.9984014443252818e-16 0.65000000002115 0.4996759151749254 0.6318368149856874 29.524512290492567 0.030978839765745603 0.37174560421074476 0.7132058244616124 2747.265468339803 11.0 -15.660359941705714 2.2606710673042194 56645.054 56694.039 8 10 "Covariance may not be accurate."
01275946 38 0.45131967438807624 57258.44647849478 1.4155343563970747e-16 1.0264406750594612 0.6198671626267125 0.6374336687237374 26.973332839912473 0.031316568276643926 0.4453730803697402 0.7412203563631702 16288.90927636227 33.0 -19.289981764007532 1.643538666228185 57248.378 57329.035 8 30 "Covariance may not be accurate."
01279500 23 0.48337826860208283 57260.60751484448 8.326672684688675e-18 1.1573361762596543 0.5001180905117183 0.6731374296386848 0.05678457118119695 0.0 0.0012215875844441282 0.04361386340758497 19800.7166784589 18.0 -16.599585466068838 1.5223854638143308 57249.318 57317.099 5 18 "Covariance may not be accurate. Covariance not positive definite. Covariance forced positive definite."
01280217 17 0.3940836904401064 57255.97074792456 8.326672684688675e-18 1.094841756994212 0.2834814570506489 0.00017324379931957234 0.006581060337339295 0.0 8.79576459327236e-05 0.3441052914032231 663.3502322135585 11.0 -16.506230407688577 1.5765798426557502 57248.395 57329.175 2 15 "Covariance may not be accurate."
01281668 43 0.4987151720792304 57237.41246327855 8.326672684688675e-18 0.6500004035708709 0.01071750210949346 0.6530089841340325 21.05561086417947 0.03171346742818052 0.3807795967667022 0.569138437600366 2971.580464381113 27.0 -17.64244022575239 2.260653348348999 57248.378 57342.028 0 43 "Covariance may not be accurate."
01281886 19 0.3929761579444677 57255.95029407082 8.326672684688675e-18 1.0136634915820881 0.1411188640861522 0.6236488466800271 29.47946914781278 0.031714336979482324 0.4128384943835017 0.5639881166948952 363.8160504746141 11.0 -16.793440158141138 1.656923789836398 57248.395 57345.234 2 17 "Covariance may not be accurate."
01282736 20 0.39720601460005 57254.22788732554 3.885780586188048e-17 0.6501950554795295 0.5000240594164079 0.00020472653670972063 0.01296948071103543 0.0 6.415150548777504e-06 0.7113113940464005 339.98878297304094 10.0 -17.76395271048043 2.2601813934402237 57249.286 57346.032 2 18 "Covariance may not be accurate. Covariance not positive definite. Covariance forced positive definite."
01283373 33 0.2827062812851817 57239.17633140393 2.609024107869118e-16 0.6507559369819169 0.5228437772412285 0.657226281641803 29.296693458236405 0.0311187678942679 0.38239187487467685 0.720337242692795 1569.2659870639911 15.0 -18.93325604186446 2.258774932792818 57250.337 57332.081 0 33 "Covariance may not be accurate."
01283878 28 0.489597570525693 57263.91774394014 5.551115123125783e-18 0.6500001249844481 0.0014858709080389776 0.6416550300351573 29.722784548353957 0.03090846902870809 0.37078526805322515 0.5983770612441711 483.30661854240407 19.0 -17.168688806633696 2.2606537930462522 57249.322 57339.072 5 23 "Covariance may not be accurate."
01283936 23 0.37950706015412394 57233.37378383376 5.551115123125783e-18 1.2390939348490517 0.000423672238101358 0.6135011121316252 24.805170957577502 0.03091264166720944 0.40243278792922094 0.6061689574563934 374.9391951597611 9.0 -16.511829926608318 1.4634073149334306 57248.38 57347.084 0 23 "Covariance may not be accurate."
01285160 0 nan nan nan nan nan nan nan nan nan nan nan nan nan nan nan nan 0 0 "Empty table passed to fit_lc."
01285317 24 0.38110906369007796 57233.39518527443 1.665334536937735e-17 0.7056100168582303 0.0007395060915938445 0.6138865617117605 25.11373628637375 0.03089887821155088 0.4315414858194443 0.6033174602883745 387.1817600202758 9.0 -17.714914807974626 2.129939406393948 57248.38 57356.127 0 24 "Covariance may not be accurate."
01286398 26 0.47900477005774433 57263.73580611558 2.331468351712829e-16 0.6500000000244516 0.3859946026120191 3.801692869676021e-05 0.0015569932875223458 0.0 1.3690014122325067e-09 0.0508780645207727 4045.4514507399495 19.0 -20.444451530384086 2.2606674584616755 57249.318 57329.116 5 21 "Covariance may not be accurate."
01287626 13 0.5619819081729118 56639.77267636973 8.881784197001253e-17 0.6500000788909396 0.050947521607837554 0.6819392540848265 22.12448713212143 0.033111610114746795 0.39744116742680546 0.6957302185009578 2875.149700864273 8.0 -20.459588538658597 2.260655360449231 56653.052 56697.072 0 13 "Covariance may not be accurate."
01289288 44 0.8910989496990424 57233.75146256962 1.3600232051658169e-16 0.6568205682333104 0.2738579009651123 0.5520401018621555 28.542647209709685 0.03354414609513248 0.43036755907018037 0.7396002127746534 496.07513194110237 30.0 -21.707330238925486 2.243703530864156 57248.378 57347.084 0 44 "Covariance may not be accurate."
01289555 21 0.3947849376809566 57256.6552940274 1.1102230246251566e-17 0.7441012218744895 0.01555052340120977 0.6221503892281861 29.458663584951864 0.03141936567340248 0.34244639935053695 0.5592934157460382 230.6426951493147 11.0 -17.341487743790193 2.0486951549400985 57248.396 57365.115 3 18 "Covariance may not be accurate."
01289600 16 0.43557630451517937 57257.79998246718 5.551115123125783e-18 0.650002034369322 0.0007675295461455622 0.6284837567410078 28.342530425248697 0.030831553806118538 0.36951094145170155 0.6030964921779793 949.0864372956512 5.0 -16.865954357350166 2.2606489787377306 57253.285 57365.135 1 15 "Covariance may not be accurate."
01289656 21 0.3958124315611 57237.93658301181 8.326672684688675e-18 0.6532092805300549 0.1567683093725849 0.6188164362968652 20.89443039067919 0.030959358599877185 0.3893948460794328 0.574080475832357 301.704218602458 7.0 -16.780457053570565 2.2526379798112757 57250.337 57355.245 0 21 "Covariance may not be accurate."
01289664 35 0.28284193437985283 57262.000180112846 1.1934897514720432e-16 0.6786087892531187 0.4996820976863588 nan 0.0075829264969797805 0.0 4.230487035933317e-05 0.00015474587270622453 8869.129254618296 24.0 -18.12268193659891 2.191461697990704 57252.307 57345.234 4 31 "Covariance may not be accurate."
01290779 12 0.3936813200589345 56896.89473030849 3.608224830031759e-17 1.24999928612361 0.4960156934756555 0.6253728171041104 29.978309636509948 0.03194288314141173 0.36922997337275837 0.7228225066355207 598.4923455969141 6.0 -17.670445930008817 1.4563878783044082 56887.398 56973.322 2 10 "Covariance may not be accurate."
01290816 20 0.4866765553780222 56892.410230219844 1.8318679906315084e-16 0.8348664459866644 0.5055107048041914 9.878930667145402e-05 0.12970573515121941 0.0 9.521612256041534e-05 0.00015511213146401914 8984.060652713048 15.0 -19.96484925997553 1.889494067834388 56887.395 56960.278 4 16 "Covariance may not be accurate."
01291080 14 0.29575215996151116 56902.29848409736 1.1102230246251566e-17 1.111842636014163 0.21110597283947163 0.0009885918286544615 0.02504626350128092 0.0 0.00036177451605423627 0.5854266983117281 190.4721033445136 8.0 -16.2362779399605 1.5610938272901826 56887.275 56973.078 2 12 "Covariance may not be accurate."
01291090 25 0.531623870105476 56909.24147984544 7.494005416219807e-17 0.650114343290059 0.004278650289429531 0.6781480365788362 28.326410136975028 0.03343844453125415 0.4051408910970762 0.6359609334189408 1983.1135722673678 18.0 -20.20568032256025 2.260367096941234 56887.215 56973.028 6 19 "Covariance may not be accurate."
01291794 18 0.39511373507341707 57268.91862692952 2.7755575615628915e-18 1.076914662000654 0.03001530777270428 0.635795515856352 33.89730391398189 0.03738655491169225 0.3730290032707751 0.6798155243216705 178.56874230602028 9.0 -15.814917885207748 1.5934231710613815 57252.296 57356.174 4 14 "Covariance may not be accurate."
01291957 15 0.39046055553402875 56862.17900050524 2.7755575615628915e-18 0.6500000000004964 0.0001357932761218983 0.6203464191017343 25.086747653214843 0.03136087276834144 0.37633082418453034 0.6197959385121848 635.7998967534462 3.0 -15.83262200910098 2.2606540701989637 56877.186 56980.031 0 15 "Covariance may not be accurate."
01292145 19 0.3981141160866602 57268.39130523098 2.7755575615628915e-18 0.6500000000000022 0.0006928134228135763 0.6200449783017408 29.789856106628577 0.031024257258051757 0.3722911166108874 0.6258358872747729 181.57757797512474 9.0 -15.88158733554934 2.2606540853255694 57252.296 57356.174 4 15 "Covariance may not be accurate."
01292195 0 nan nan nan nan nan nan nan nan nan nan nan nan nan nan nan nan 0 0 "Empty table passed to fit_lc."
01292332 25 0.698616014604897 56899.80071143039 6.106226635438361e-17 1.204802251679238 0.06060445329417041 0.7146809163287289 31.059360249531892 0.034231851802156 0.3176692056175123 0.5006057867682154 1048.9978323166774 20.0 -20.613234388965147 1.486534279382692 56890.333 56973.19 3 22 "Covariance may not be accurate."
01292336 25 0.47023884823826895 56899.945812666956 1.249000902703301e-16 1.0882706288086288 0.3803478202169005 0.6356706062857016 29.251614666412934 0.030750411603147773 0.4438085443464506 0.7317575250362195 2116.382136601649 20.0 -19.729712764991636 1.5826994414541566 56890.333 56973.19 3 22 "Covariance may not be accurate."
01292560 27 0.4764959330512948 56897.00097990313 2.0816681711721685e-16 0.7418690428591346 0.4337328595269111 0.636949774201881 28.78235926364505 0.030746230335002248 0.4441025200094653 0.6932813484646149 5981.915161422121 20.0 -20.209769406770953 2.0531844685197242 56890.263 56973.042 3 24 "Covariance may not be accurate."
01293319 29 0.5399355222613024 56899.42246696619 1.0269562977782698e-16 0.7026022806015977 0.15113915441315579 5.3564081879342584e-05 0.0021323193941498175 0.0 2.0310529088740648e-05 0.10888389788862482 5958.313219090808 22.0 -20.32656787163737 2.1366325502017496 56887.272 56980.072 4 25 "Covariance may not be accurate."
01293758 18 0.48964043163195864 56904.357008066276 1.942890293094024e-17 1.1221389910850386 0.014573382274092495 0.6487689356425443 30.128991723133367 0.03151466366061834 0.4527079877994003 0.661994826145115 2069.8145077395484 12.0 -18.50823781386057 1.5519671335482634 56891.384 56980.044 3 15 "Covariance may not be accurate."
01294014 6 0.4041061533637266 56881.14800278279 1.3877787807814457e-16 0.7582769998645439 0.14191151558028303 0.6408610409844537 21.278242083903024 0.03479434487895601 0.3375242490296285 0.564513307921691 84.42676708734798 -3.0 -19.918260835164478 2.0209735380285245 56903.404 56990.199 0 6 "Covariance may not be accurate."
01294743 25 0.4647608462336448 56875.6007248661 1.1102230246251566e-17 0.7826697114627336 0.015288024203142347 0.6521673383332781 24.31571417545274 0.03254479221725638 0.46479830998033445 0.663033274314285 1823.772106270895 10.0 -17.76362657669612 1.975933957547369 56890.285 56980.127 0 25 "Covariance may not be accurate."
01295027 19 0.3956319494173292 56910.39865468034 5.551115123125783e-17 0.650000016871167 0.5000350882890797 0.0012867597075742754 1.248532106019411 1.3877787807814438e-18 0.003198901092145545 0.09754251288284294 264.8316954121252 10.0 -18.140990284226454 2.2606710380540562 56887.275 56992.069 3 16 "Covariance may not be accurate. Covariance not positive definite. Covariance forced positive definite."
