analysis_pipeline/fit_results/des_5_sn91bg_color_interpolation_all.ecsv
# %ECSV 0.9
# ---
# datatype:
# - name: obj_id
#   datatype: string
# - name: num_points
#   datatype: int64
# - name: z
#   datatype: float64
# - name: t0
#   datatype: float64
# - name: x0
#   datatype: float64
# - name: x1
#   datatype: float64
# - name: c
#   datatype: float64
# - name: z_err
#   datatype: float64
# - name: t0_err
#   datatype: float64
# - name: x0_err
#   datatype: float64
# - name: x1_err
#   datatype: float64
# - name: c_err
#   datatype: float64
# - name: chi
#   datatype: float64
# - name: dof
#   datatype: float64
# - name: b_max
#   datatype: float64
# - name: delta_15
#   datatype: float64
# - name: tmin
#   datatype: float64
# - name: tmax
#   datatype: float64
# - name: pre_max
#   datatype: int64
# - name: post_max
#   datatype: int64
# - name: message
#   datatype: string
# schema: astropy-2.0
obj_id num_points z t0 x0 x1 c z_err t0_err x0_err x1_err c_err chi dof b_max delta_15 tmin tmax pre_max post_max message
[from data line 197]
01343759 32 0.5279338805787281 57394.27303517551 2.7755575615628915e-18 0.6500547967500416 0.032300592133477024 8.489457887228546e-06 0.0007289393070095684 0.0 1.1146367556724712e-07 0.1106537084598663 12440.617304427444 27.0 -16.56365559730944 2.2622022083870377 57365.133 57426.118 19 13 "Covariance may not be accurate."
01343871 28 0.5009193977098879 57376.84065532149 2.7755575615628915e-18 0.6500273230986008 0.001365538654992171 0.6428065492884103 48.83823079569265 0.030824329302111302 0.37159714147422257 0.5990738539719376 904.1711450693457 23.0 -16.476032983576665 2.2622704392813873 57355.223 57408.057 12 16 "Covariance may not be accurate."
01344692 28 0.483770587158262 57353.184015600236 2.7755575615628915e-18 0.6554797638563403 0.4985686797231405 0.6415840620405624 51.53137867016267 0.03100202629117884 0.3463295661474797 0.7132223735257429 359.5863399185346 23.0 -15.412616934186545 2.248675711626177 57366.054 57427.068 0 28 "Covariance may not be accurate."
01345553 24 0.22318995915777773 57391.753186819675 1.0547118733938988e-16 0.6500248932640287 0.49880997416845085 0.5515368183660965 42.157633360791806 0.026087183181224476 0.31383330581969304 0.6020271483641699 2206.6552288862367 19.0 -17.404565872880283 2.2622937755855794 57372.046 57427.057 12 12 "Covariance may not be accurate."
01345582 28 0.08989914924262704 57386.642349843016 2.7755575615628915e-18 1.2328823051793285 0.5058671307654549 0.034392545473178535 0.06422999109418015 0.0 0.0001803895228458252 0.0009487653357313497 1730.046955642912 23.0 -11.285769611411261 1.4678984857372797 57365.051 57427.057 12 16 "Covariance may not be accurate."
01345594 23 0.5141622823495549 57393.184810174585 5.551115123125783e-18 0.6500245945939048 0.1502983763306177 0.6519821878416214 50.520952767714334 0.03134733335202846 0.3744898505370868 0.7307343276230922 784.8899783117988 18.0 -17.032023330493693 2.2622825695331876 57372.046 57427.057 12 11 "Covariance may not be accurate."
01346137 28 0.5160378325112207 57415.11874393041 5.273559366969494e-17 0.6500049228662688 0.015496488742989256 0.6560552505816468 48.93655923339611 0.031654081574130716 0.38060722837960576 0.559394931352656 1581.7525353615945 23.0 -19.728203934004863 2.2623272055096564 57375.046 57425.153 24 4 "Covariance may not be accurate."
01346387 28 0.8999999999927826 57393.90479313392 2.7755575615628915e-18 0.6500000000001481 0.0181780253329481 0.5538647808304503 49.849995358803426 0.031115937597951008 0.37339138071396794 0.666954560406439 15292.964658929142 23.0 -18.006880529775934 2.26233967136136 57372.127 57426.118 13 15 "Covariance may not be accurate."
01346956 20 0.5569351805693268 57415.95707277641 1.2767564783189302e-16 0.6500000101105035 0.0782869257734995 0.6819074717257188 42.419292305716226 0.03321027964750441 0.3984867884735846 0.5160886788607701 5840.397265829304 15.0 -20.7823368729424 2.262341567431818 57387.178 57426.147 16 4 "Covariance may not be accurate."
01346966 27 0.5360818963385994 57388.65674265241 8.326672684688675e-18 0.6678178020918971 0.0010060050862664704 0.6643207549304955 45.60909089483175 0.03201338170230412 0.42491879901723284 0.6013553969173576 5633.963804246498 22.0 -17.84718383369204 2.2185869312947553 57376.057 57426.147 11 16 "Covariance may not be accurate."
