analysis_pipeline/fit_results/des_5_sn91bg_color_interpolation_red.ecsv
# %ECSV 0.9
# ---
# datatype:
# - {name: obj_id, datatype: string}
# - {name: num_points, datatype: int64}
# - {name: z, datatype: float64}
# - {name: t0, datatype: float64}
# - {name: x0, datatype: float64}
# - {name: x1, datatype: float64}
# - {name: c, datatype: float64}
# - {name: z_err, datatype: float64}
# - {name: t0_err, datatype: float64}
# - {name: x0_err, datatype: float64}
# - {name: x1_err, datatype: float64}
# - {name: c_err, datatype: float64}
# - {name: chi, datatype: float64}
# - {name: dof, datatype: float64}
# - {name: b_max, datatype: float64}
# - {name: delta_15, datatype: float64}
# - {name: tmin, datatype: float64}
# - {name: tmax, datatype: float64}
# - {name: pre_max, datatype: int64}
# - {name: post_max, datatype: int64}
# - {name: message, datatype: string}
# schema: astropy-2.0
obj_id num_points z t0 x0 x1 c z_err t0_err x0_err x1_err c_err chi dof b_max delta_15 tmin tmax pre_max post_max message
[from data line 155]
01335472 15 0.39625741943708914 57315.58290860866 2.7755575615628915e-18 0.6500000000000006 1.373087699096942e-09 0.6200572770417088 28.47770879399104 0.031092500487465258 0.3731100782280412 0.6149090431382096 478.8608865537586 10.0 -15.870677275002663 2.262339156254132 57311.027 57403.05 2 13 "Covariance may not be accurate."
01335564 14 0.3970519509869873 57329.41646706074 2.7755575615628915e-18 0.6500000070084575 0.0011012128528549714 0.6199181019322118 29.6352444838667 0.031046801769224863 0.37258943729921656 0.6286257486969542 157.9665796518772 9.0 -15.874087235853679 2.262339169048218 57311.287 57427.065 4 10 "Covariance may not be accurate."
01335694 20 0.01195428939162607 57342.97120442427 2.7200464103316337e-16 0.8519541438562588 0.3076631683799492 0.0001312402859234398 0.25892222321635927 1.3877787807814407e-18 0.400663656700934 0.024499604728880214 1253.6241557600974 15.0 -12.16265791078633 1.8644858788080256 57325.216 57408.058 8 12 "Covariance may not be accurate."
01335717 25 0.49763261310507584 57341.227980346215 2.7755575615628915e-18 1.1578410108549293 0.008330906258741555 0.6602394296497321 30.912707054922066 0.0324434189216587 0.4608052872783579 0.5747679269753931 10224.655779932336 20.0 -16.447777936396236 1.5224769005552687 57327.096 57406.115 6 19 "Covariance may not be accurate."
01335718 0 nan nan nan nan nan nan nan nan nan nan nan nan nan nan nan nan 0 0 "Empty table passed to fit_lc."
01335868 16 0.39441675614945015 57302.89154207995 0.0 0.6831980810290447 0.5000387450406044 0.0 0.0 0.0 0.0 0.0 349.8239222406236 11.0 inf nan 57315.236 57425.154 0 16 "Hesse Failed. Covariance may not be accurate. Covariance not positive definite."
01336008 13 0.39529886434517375 57310.24087115364 5.551115123125783e-18 0.6500153734807731 0.4793663249385103 0.6184778891557592 25.984493332289276 0.030937330402052755 0.36995198835441956 0.7054460422047178 768.7965125955935 8.0 -15.688720622099112 2.2623169767944233 57325.017 57403.052 0 13 "Covariance may not be accurate."
01336009 13 0.3973078910987654 57316.99807535352 4.163336342344337e-17 0.9041457034545952 0.48372693559286906 0.6319649115966545 31.182103895080218 0.032911867043466894 0.4352771817912728 0.7272770929210489 251.0792882360036 8.0 -17.879054072290785 1.7898984669706977 57325.016 57403.052 0 13 "Covariance may not be accurate."
01336453 20 0.7855487327028333 57314.16928606646 3.9968028886505636e-16 0.6896493527914241 0.500677406667661 0.00864518374317852 7.639738396392204e-05 0.0 0.00011458073469838848 0.00024818641249979567 6279.1501574031045 15.0 -22.08732163491414 2.167447522474319 57329.173 57403.103 0 20 "Covariance may not be accurate."
01336480 21 0.4616626351281399 57310.11704132932 2.8310687127941495e-16 0.6650677015690988 0.34759658059870124 0.6361841476590208 24.64577965902936 0.03096002929400565 0.4079312847602616 0.6653275410773876 786.6546511457832 16.0 -20.632130401300763 2.225220812193445 57325.115 57403.103 0 21 "Covariance may not be accurate."
01336687 22 0.4892665079661035 57312.07278316902 1.582067810090848e-16 0.9720759892130576 0.5001663060453402 0.009239999784731084 0.006683507603156613 4.1633363423443346e-18 0.08711477198393791 0.007555736126580337 4763.196651254663 17.0 -19.827983653252883 1.7038378434134671 57327.067 57403.064 0 22 "Covariance may not be accurate. Covariance not positive definite. Covariance forced positive definite."
01337117 12 0.3886316481675022 57314.028000002356 2.7755575615628915e-18 0.6500000000003097 2.617045119501782e-08 0.6195232800050224 25.06235650219969 0.03132810403091759 0.37593753731333196 0.6148565642678634 663.1153044584594 7.0 -15.820800467442531 2.2623391562540363 57329.035 57403.051 0 12 "Covariance may not be accurate."
01337221 0 nan nan nan nan nan nan nan nan nan nan nan nan nan nan nan nan 0 0 "Empty table passed to fit_lc."
01337228 14 0.39282743784429003 57310.05615522045 5.551115123125783e-18 0.6505304094584474 0.00029122840564183017 0.6185032120891589 25.30750032517244 0.031028810132974618 0.37984602976433324 0.6076787102584599 130.99795053478618 9.0 -16.60046980990651 2.261005459923485 57325.03 57407.048 0 14 "Covariance may not be accurate."
01337272 12 0.3964230149502755 57312.26575177519 1.942890293094024e-17 0.6910010186784122 0.0008238061465303814 0.6184213155349766 28.0644178943694 0.030892197675208802 0.42529900577862234 0.6268062752047834 171.68927695541186 7.0 -17.983197488180274 2.164338003732894 57325.075 57427.057 0 12 "Covariance may not be accurate."
01337325 12 0.3961277502113623 57311.61760859789 1.942890293094024e-17 0.6933531426006467 0.2613641065895589 0.6178557493172405 21.042402080300235 0.030837091925953776 0.3057951984919965 0.6300116967260023 203.8529977407872 7.0 -17.475470126501463 2.158983462319167 57325.075 57427.057 0 12 "Covariance may not be accurate."
01337649 18 0.4252709489589662 57345.8756478349 1.304512053934559e-16 0.6522925722655654 0.4492422311037391 0.001977046725564091 0.07606733605643967 0.0 0.0022835804600777054 0.0006676190042010643 4602.927411352061 13.0 -19.373501928182712 2.2566047624783394 57339.167 57408.057 4 14 "Covariance may not be accurate."
01337655 0 nan nan nan nan nan nan nan nan nan nan nan nan nan nan nan nan 0 0 "Empty table passed to fit_lc."
01337687 23 0.2601477409906381 57345.17998737472 5.828670879282072e-17 0.9255639784215481 0.36597420324926566 0.5685381146255717 28.609916209552466 0.0307462316780503 0.4202128018887287 0.6718636445221622 3339.2930791283043 18.0 -17.424608573488936 1.7613048216303149 57339.3 57425.154 2 21 "Covariance may not be accurate."
01337703 14 0.371277984547556 57348.25585553173 1.665334536937735e-17 1.2385704016387322 0.4837457735895744 0.6142918935651559 20.961849700368475 0.03139768233687791 0.3318193512241909 0.7139100912813707 88.56247157794463 9.0 -16.71053632711718 1.4641739555422575 57325.127 57425.154 5 9 "Covariance may not be accurate."
01337838 21 0.4844462525847602 57347.5274792777 2.7755575615628915e-18 0.65 0.17809968744994698 0.6576542902737272 30.065615319450444 0.032538536787367026 0.3904624438287277 0.7349606401384556 6471.866614178635 16.0 -16.066356642568117 2.2623457816737016 57339.153 57427.068 5 16 "Covariance may not be accurate."
01338128 22 0.13873326335381428 57358.334578188056 3.053113317719181e-17 1.2019966249705036 0.3827873646974041 0.49814788768303847 22.58579741487847 0.03182144354824117 0.3037813800070281 0.7481754127399547 703.0189120456066 17.0 -15.168176154809487 1.4889818604231877 57339.023 57407.048 6 16 "Covariance may not be accurate."
01338170 11 0.39520047932525826 57349.22780031603 2.7755575615628915e-18 0.6500000000131481 3.4143861366575656e-06 0.6200914924694685 29.58845379291597 0.03113611108897292 0.3736345825650782 0.615701285745902 304.40336789432575 6.0 -15.86381193586385 2.2623391563152104 57339.026 57407.048 2 9 "Covariance may not be accurate."
01338233 13 0.39788731155199936 57336.122825094055 5.551115123125783e-18 1.2453816406293376 0.4818064572635461 0.0009366504010961674 23.91390355729891 0.0 0.000751210193067009 0.005214757486812688 32.18467070911498 8.0 -15.69971211882303 1.4597606783854005 57319.283 57427.057 3 10 "Covariance may not be accurate."
01338266 0 nan nan nan nan nan nan nan nan nan nan nan nan nan nan nan nan 0 0 "Empty table passed to fit_lc."
01338278 10 0.3941185156291955 57324.1163566181 2.7755575615628915e-18 0.6634512727910108 0.3641260647524344 0.6215026935990122 24.27291791677999 0.03136063479222395 0.3342197558803383 0.671220894007494 172.99256742503337 5.0 -15.171205135789062 2.2291341742074984 57339.04 57427.057 0 10 "Covariance may not be accurate."
01338387 10 0.3917751829344349 57314.26378117824 2.7755575615628915e-18 0.8357378723547042 0.0009480522297155014 0.6198073555668581 24.122183729483368 0.031234019816162285 0.44850265106820925 0.6276552288125591 463.94885559611953 5.0 -15.839975144517112 1.8891393502393825 57329.175 57403.104 0 10 "Covariance may not be accurate."
01338430 9 0.3958432586944873 57344.593986521235 2.7755575615628915e-18 0.6500000000000008 4.768179544567541e-05 0.6203550362093595 28.725812535423756 0.031144604810160233 0.373735324580533 0.617818869853628 364.26643159860686 4.0 -15.867916116665295 2.262339157569709 57339.124 57403.104 1 8 "Covariance may not be accurate."
01338471 12 0.39222319887423945 57304.184831558894 0.0 1.2050956358748692 0.500019404660725 0.0 0.0 0.0 0.0 0.0 85.77606482567485 7.0 inf nan 57319.139 57403.104 0 12 "Hesse Failed. Covariance may not be accurate. Covariance not positive definite."
01338675 8 0.3934641404533672 57324.05151551368 5.551115123125783e-18 0.9684818561024272 0.5000289390779126 0.0002090276438541372 0.0002273802638228517 0.0 0.0001492793843413387 0.7278010315069732 1521.044715973554 3.0 -15.626899660394148 1.708047344020148 57339.073 57402.062 0 8 "Covariance may not be accurate. Covariance not positive definite. Covariance forced positive definite."
01339002 19 0.1041323365356074 57367.90953245162 1.0547118733938988e-16 1.2442211892764252 0.7964363493917239 0.002749576337431059 nan 0.0 0.0011591077738148936 0.021899719031044984 41.555156510099486 14.0 -15.019978221551035 1.4605098645709056 57345.071 57427.068 7 12 "Covariance may not be accurate."
01339149 9 0.3921914998408092 57330.39227247514 2.7755575615628915e-18 0.6500000011524035 0.0021210970914072313 0.6215889045760408 23.510867961565964 0.03145551539434472 0.3774778838133596 0.633793681130271 246.47548897246935 4.0 -15.84084909797302 2.262339212054961 57346.032 57427.065 0 9 "Covariance may not be accurate."
01339392 19 0.4707043105023086 57350.226795359704 8.881784197001253e-17 1.183626314463003 0.4696754372544484 0.635931782717379 28.400304204493295 0.03076361799615482 0.3254830800997572 0.7032121378800387 629.9758815796844 14.0 -19.173090313794635 1.502424496921435 57345.333 57426.147 4 15 "Covariance may not be accurate."
01339450 13 0.7945478433564278 57335.222383280554 1.1256716716845361e-05 1.0936705196451006 0.9999928237861999 0.445 20.0 0.025 0.3 0.5 1.8788471487257182e+24 8.0 -47.26501408328781 1.5782582100534945 57339.288 57426.145 0 13 "Minimization exited successfully."
01340454 10 0.3917031136780512 57331.20961026903 1.665334536937735e-17 1.1857521475689239 0.014671014359437518 0.6182247596287216 27.147774823766667 0.031036328682880233 0.4363228582187714 0.5609665365241694 546.1217850608438 5.0 -17.7630191167435 1.5008197305600213 57345.319 57425.153 0 10 "Covariance may not be accurate."
01341370 8 0.39367704449663266 57333.645893373454 2.7755575615628915e-18 0.6500000000002072 0.002073904606643362 0.6323271461715789 22.480906682296336 0.033331869377171475 0.3999826692288361 0.5953074604340659 472.25571767244014 3.0 -15.85062853635132 2.262339213644431 57347.083 57403.052 0 8 "Covariance may not be accurate."
01341894 14 0.30482229560188945 57375.652106050526 5.551115123125783e-17 0.6500333654054713 0.499610979460392 0.5867251868996434 29.97082076733932 0.031645678433021095 0.37776275622338173 0.720782852466047 472.689114777167 9.0 -17.47934181271602 2.2622724895979935 57365.056 57427.057 4 10 "Covariance may not be accurate."
01342255 12 0.29869314552929616 57382.48291110123 1.332267629550188e-16 0.6501117217730055 0.44408866572054423 0.584372403204563 29.454900878194167 0.030746230612263985 0.36554102195262 0.6961973122384892 1552.183309361772 7.0 -18.5079458252868 2.2620733436190896 57365.112 57403.103 4 8 "Covariance may not be accurate."
01343208 10 0.39489893462717834 57340.354220387446 0.0 1.1931275918796342 0.5000215313263044 0.0 0.0 0.0 0.0 0.0 973.1264694385967 5.0 inf nan 57355.251 57426.068 0 10 "Hesse Failed. Covariance may not be accurate. Covariance not positive definite."
01343337 8 0.39307340922442924 57357.2231252792 6.66133814775094e-17 1.1322207143442267 0.5004888871445967 0.6245864829016124 25.513133958251274 0.03185178588552345 0.3583857331597919 0.7231564814968163 196.72501864129583 3.0 -18.321577433696422 1.5437947198710837 57372.229 57426.145 0 8 "Covariance may not be accurate."
01343401 6 0.39657438221765073 57387.482948480814 2.7755575615628915e-18 0.6500000004540126 0.0008911668178488985 0.6215938360639461 30.015163282481808 0.03127268624640609 0.3752794688068059 0.6272741816453336 198.93549353025793 1.0 -15.87132672150215 2.2623391797303576 57372.053 57427.057 2 4 "Covariance may not be accurate."
01343533 8 0.39687028482663067 57387.203921856475 2.7755575615628915e-18 0.6500000000002208 0.00300954022918698 0.6222529957078063 28.823131514825945 0.031346107801336606 0.37615359492357625 0.5911863918694853 55.32542792578801 3.0 -15.869896931120543 2.262339239649645 57365.044 57407.048 5 3 "Covariance may not be accurate."
01343759 8 0.39592478591329483 57376.64604780236 5.551115123125783e-18 1.21663624852174 0.009749431950349607 0.6264779710127214 30.31241828892962 0.03199729031163331 0.31290106855719474 0.6540238447721617 2127.572194714093 3.0 -16.60563040439372 1.4787651900813685 57365.133 57426.068 2 6 "Covariance may not be accurate."
01343871 7 0.3960982279706943 57340.732381390946 8.326672684688675e-18 0.847928620261573 1.7207082841419474e-05 0.6281719867411744 23.629889239578915 0.0322683076027145 0.39842706239978387 0.6131754221532818 171.7511908976398 2.0 -17.06242137867657 1.8705216591747238 57355.231 57408.057 0 7 "Covariance may not be accurate."
01344692 7 0.3958748342378138 57376.70651144885 2.7755575615628915e-18 0.6500000000119234 9.751536800273186e-10 0.6209943467119252 29.702657734716922 0.031223667918709584 0.3746829416951599 0.6149377721817441 55.808860221604476 2.0 -15.868196091921302 2.262339156224119 57366.061 57427.065 2 5 "Covariance may not be accurate."
01345553 12 0.7923484382379289 57392.67808807808 5.551115123125783e-18 0.6500000527524049 0.07510679211278648 0.652439319711126 29.194231937941368 0.03112372087095064 0.37340813471377754 0.5132292320352585 1246.6148556058604 7.0 -18.32105097209284 2.26234134904297 57372.051 57427.057 6 6 "Covariance may not be accurate."
01345582 7 0.3954359943159861 57380.39999042055 8.326672684688675e-18 0.6500422815506801 0.15569157978969883 0.6177322001264155 29.663967821328697 0.03084596747429654 0.3722735716104909 0.5734040559730895 196.68200072782608 2.0 -16.78021414431855 2.2622383108348387 57365.058 57427.057 3 4 "Covariance may not be accurate."
01345594 6 0.39518896305579604 57380.760971687545 2.7755575615628915e-18 0.6500000000168017 0.0030141431983523592 0.6220339154480969 29.51970524857461 0.031386624946413616 0.37663829179162045 0.5911677695137089 63.41742695538674 1.0 -15.858984817701497 2.2623392397360256 57372.053 57427.057 2 4 "Covariance may not be accurate."
01346137 7 0.4403722180886453 57394.0657107448 1.3877787807814457e-17 1.1779559346370947 0.6163742814520926 0.6288313681744393 22.77874840549339 0.030752048653589388 0.32898251634684567 0.7314444325547476 99.30655993114492 2.0 -16.711467247812216 1.5067182151491565 57375.053 57425.153 3 4 "Covariance may not be accurate."
01346387 7 0.39488039448268464 57358.157217488915 2.7755575615628915e-18 0.6500000000447852 0.010832181045106748 0.6250627738655381 22.36029067733398 0.03183185877937477 0.38198462327276006 0.6559862903594345 3399.7067925284823 2.0 -15.844540453088225 2.2623394597679827 57372.178 57426.068 0 7 "Covariance may not be accurate."
01346956 5 0.4472516983583304 57392.04546754118 5.551115123125783e-18 0.6500986443237419 0.0003631091275153042 0.6315516052777514 28.4359088390338 0.030849323603172128 0.3734255317310218 0.606825331516876 831.1260805097027 0.0 -16.93511840993334 2.2620909680904795 57387.186 57426.145 1 4 "Covariance may not be accurate."
01346966 7 0.3942595744505931 57361.643224023675 5.551115123125783e-18 0.6500015274203792 0.00019634248355954176 0.6199138969807508 22.705424537660292 0.031149702798704028 0.373384084900224 0.6089846388335795 437.0749782907328 2.0 -16.60996194905579 2.262335317987475 57376.062 57426.145 0 7 "Covariance may not be accurate."
