analysis_pipeline/fit_results/des_5_sn91bg_salt2_phase_blue.ecsv
# %ECSV 0.9
# ---
# datatype:
# - {name: obj_id, datatype: string}
# - {name: num_points, datatype: int64}
# - {name: z, datatype: float64}
# - {name: t0, datatype: float64}
# - {name: x0, datatype: float64}
# - {name: x1, datatype: float64}
# - {name: c, datatype: float64}
# - {name: z_err, datatype: float64}
# - {name: t0_err, datatype: float64}
# - {name: x0_err, datatype: float64}
# - {name: x1_err, datatype: float64}
# - {name: c_err, datatype: float64}
# - {name: chi, datatype: float64}
# - {name: dof, datatype: float64}
# - {name: b_max, datatype: float64}
# - {name: delta_15, datatype: float64}
# - {name: tmin, datatype: float64}
# - {name: tmax, datatype: float64}
# - {name: pre_max, datatype: int64}
# - {name: post_max, datatype: int64}
# - {name: message, datatype: string}
# schema: astropy-2.0
obj_id num_points z t0 x0 x1 c z_err t0_err x0_err x1_err c_err chi dof b_max delta_15 tmin tmax pre_max post_max message
01248677 30 0.505387303468918 56523.29500302029 3.1086244689504386e-16 1.0546668507605066 0.3320392066478874 0.6426048104987981 24.27896105623222 0.030746230033184163 0.39423193554802877 0.6595377370371833 51209.926262982655 14.0 -20.9978150571894 1.6150115870379942 56538.34 56629.123 0 30 "Covariance may not be accurate."
01250017 16 0.7245604026532797 56519.23698630649 5.123679258645098e-15 0.8265098044998613 0.5225048428691136 0.6559884031206974 24.43061181938174 0.030749333299738463 0.3866470359583875 0.715369819420544 16550.12092762486 8.0 -24.605799681954277 1.9025534016924759 56534.235 56616.075 0 16 "Covariance may not be accurate."
01253039 18 0.5007711648850751 56532.82194056386 8.049116928532386e-17 0.7120522468205486 0.4999262413976431 0.6207139288193609 22.924431984109106 0.03137962385247554 0.44037341519516787 0.717963756150941 1355.7024114231367 6.0 -19.155442092374756 2.115783191882734 56547.272 56653.09 0 18 "Covariance may not be accurate."
01253101 18 0.4907907264332284 56528.906227298 2.7755575615628915e-18 1.2419674333403807 0.0015094309459192101 0.6420459192447326 22.14218036290913 0.030920463105715217 0.3398277986350587 0.5982438620846796 869.1806841254781 5.0 -16.422437628006637 1.4615433301592766 56543.096 56657.05 0 18 "Covariance may not be accurate."
01253920 15 0.8999759554832696 56552.15963037792 2.201017146319373e-15 0.6500000583971184 0.5000003956339872 0.0005994112409970498 0.005117912896821508 1.2490009027032893e-17 1.6613024705902646e-07 1.0385916396071782e-06 8534.533467233623 9.0 -24.305856266139326 2.2606709336681874 56559.193 56649.168 0 15 "Covariance may not be accurate."
01255502 10 0.852965311860301 56555.49975952125 1.3297696277447813e-14 1.2499416887870423 0.5770878511242434 5.285842411512087e-05 0.004473862780287163 1.3877787807817612e-18 0.0036004871229748936 0.002199732749858907 4291.682712645374 4.0 -25.985732047224644 1.456424985664146 56579.125 56653.072 0 10 "Covariance may not be accurate. Covariance not positive definite. Covariance forced positive definite."
01257366 8 0.6169555113313715 56601.21998867011 2.8033131371785203e-15 0.7013834918338933 0.500053954509775 0.017605225788964063 0.08787826507250429 5.578870698741412e-16 0.0187082745535187 0.12583174598973867 511.1235016075799 3.0 -23.55923340611349 2.1393660699948605 56590.343 56675.102 1 7 "Covariance may not be accurate. Covariance not positive definite. Covariance forced positive definite."
01257695 11 0.791781591283139 56575.02505252223 6.1811666896005595e-15 0.6501398990651788 0.5066046455061477 0.006423730528314242 0.006032786819559988 1.3877787807813668e-18 0.0006503643584240271 0.0023755495955998795 11574.358747680904 4.0 -25.072502891076688 2.2603198551845693 56590.027 56675.074 0 11 "Covariance may not be accurate."
01258906 28 0.504547388435889 56579.01468656786 1.665334536937735e-17 1.00074836264678 0.0011949153178278382 0.6472081848842031 24.75012673702804 0.031114608026925294 0.41468148575285585 0.6001148720726444 1980.1454486039436 12.0 -18.440549899993968 1.6708070590294248 56594.015 56695.035 0 28 "Covariance may not be accurate."
01258940 35 0.5141442354233473 56575.32102424986 5.551115123125783e-18 1.0161486303972078 0.5001223078289954 0.00031902456587867833 0.00043521967381821014 0.0 0.00020308951101399852 0.7494614261061494 1357.7049159198214 17.0 -16.3206147364299 1.6543024526967152 56590.313 56697.041 0 35 "Covariance may not be accurate. Covariance not positive definite. Covariance forced positive definite."
01259412 11 0.6290786822219334 56614.179258053395 6.494804694057166e-16 0.6892720428668527 0.059345238342254025 5.272835050418312e-06 0.00023857110863900743 0.0 1.9078151298201895e-06 0.033118834738624814 10774.665678296786 6.0 -22.90354025104895 2.166772677069133 56603.052 56693.052 1 10 "Covariance may not be accurate."
01261579 10 0.6300105423703498 56616.699515679626 9.18709552877317e-16 0.6500000006342977 0.3977273085912561 4.6948075728692196e-06 0.00022627085854765028 0.0 2.2404861299563095e-10 0.004827015062949802 16058.748148558356 5.0 -22.630810537125797 2.260667759279361 56616.087 56693.049 1 9 "Covariance may not be accurate."
01262214 23 0.4973395293171806 56610.22675469439 8.326672684688675e-18 0.9687920367072804 0.24692413670711022 0.6497578841485139 25.015086790524947 0.0314512989473014 0.4261617127007727 0.6232613098311441 2132.9087695858266 13.0 -17.170750795750536 1.7069217096616 56625.281 56698.051 0 23 "Covariance may not be accurate."
01262715 25 0.49957962848077014 56610.23363087862 0.0 0.9651440394886346 0.5001667363478174 0.0 0.0 0.0 0.0 0.0 0.0 -5.0 inf nan 56625.228 56697.09 0 25 "Hesse Failed. Covariance may not be accurate. Covariance not positive definite."
01263369 9 0.6695550210345993 56630.13600092847 7.577272143066694e-16 0.6500307564003921 0.1739236905726328 2.898383679639238e-05 4.52480890089646e-07 1.249000902703304e-17 3.189896748412302e-07 0.2590128944953083 1840.9319080233277 4.0 -23.01863074755442 2.2605831437206234 56645.138 56697.039 0 9 "Covariance may not be accurate."
01263715 9 0.8999996053477357 56632.77852435484 2.939315457695102e-15 0.6616513315946893 0.5000339946105887 0.00013223151093300078 0.145869466028671 5.967448757360212e-17 0.003823317592132225 5.050311284907072e-05 3128.0247810505725 4.0 -24.619931411946073 2.231885469225407 56645.052 56694.034 0 9 "Covariance may not be accurate."
01275946 18 0.8999965237822604 57239.985081238636 6.836198274129402e-15 0.6500018588568379 0.4955291151191675 8.312671162524765e-09 7.017721509328112e-05 2.7755575615627336e-18 4.991148272459611e-09 0.008479596751837876 21111.77743840206 13.0 -25.547389326030675 2.2606662352376503 57248.375 57329.031 0 18 "Covariance may not be accurate."
01279500 12 0.8999999998436915 57235.87560249887 8.315570454442423e-15 0.650000107235256 0.49999966692180603 0.00012838374449486434 0.2611828481385601 6.522560269672779e-17 0.00029121667526366135 7.38505850630955e-06 22607.781016225465 7.0 -25.749101153212543 2.260670811010261 57249.302 57319.114 0 12 "Covariance may not be accurate."
01280217 32 0.8999999995376868 57263.182289452874 2.609024107869118e-16 1.2165211400742382 0.5000528956617057 0.0009199810161788502 0.0018732691969489679 0.0 1.9464194875862262e-05 1.2333682732235118e-05 2517.480080464905 27.0 -21.990489169224386 1.4784247088418816 57248.391 57329.173 6 26 "Covariance may not be accurate."
01281668 20 0.8999264360279258 57239.259956826914 2.250977182427505e-15 0.650001271520476 0.5000003000452554 0.000206901674594695 1.8644230971804063 4.524158825347512e-16 0.00029950845941506543 4.4200634987362486e-05 2902.3589952090288 13.0 -24.330077527466702 2.260667887251117 57248.375 57342.024 0 20 "Covariance may not be accurate. Covariance not positive definite. Covariance forced positive definite."
01281886 36 0.7067276470646154 57263.21083313013 1.9151347174783951e-16 1.1477579760322156 0.500103438685571 0.007603223747734977 0.001987931907933671 0.0 3.141201615997069e-05 6.720110186825279e-05 1498.7710101935133 31.0 -21.006697906756543 1.5301899860899617 57248.391 57345.231 6 30 "Covariance may not be accurate."
01282736 35 0.5078835719892948 57234.34799898375 6.383782391594651e-17 0.7288108725737328 0.0015538735541632542 0.6667463020285516 25.494050364406576 0.032857905504108935 0.46361173903636327 0.5979952993862406 1120.3309161504862 16.0 -19.916164062763585 2.0799523798126742 57249.281 57346.029 0 35 "Covariance may not be accurate."
01283373 13 0.6488279337788981 57248.26291705714 4.3576253716537394e-15 0.8704904711005508 0.4917381839765551 0.6580869363453423 26.589825062324962 0.030746225484631528 0.4034351925155225 0.7084424267454583 3305.870889152285 7.0 -24.192131764328604 1.836293573115963 57265.366 57332.077 0 13 "Covariance may not be accurate."
01283878 15 0.8583712418824353 57237.630027469575 2.2398749521812534e-15 0.6500000000065184 0.5000004114977843 0.06987088591272134 4.89540875728926 9.506284648352903e-16 0.003124524869702161 6.059569920494057e-05 188.39219011084504 8.0 -24.197577692250565 2.260671080300014 57249.305 57339.187 0 15 "Covariance may not be accurate. Covariance not positive definite. Covariance forced positive definite."
01283936 42 0.4832560974591313 57261.798957487816 2.7755575615628915e-18 0.8324776792848414 0.00018551049127807362 0.6393931149035395 29.635564961554337 0.030830569607991253 0.38931637079706977 0.6091520108419441 806.5810746434697 34.0 -16.384155403296695 1.8931870057916598 57248.375 57347.081 8 34 "Covariance may not be accurate."
01285160 17 0.3960229304806975 57235.17586188745 8.326672684688675e-18 1.003536801918838 0.002108469506879096 0.6226112129462982 22.537739474879345 0.031428739135072645 0.4427809988403311 0.6337390016436382 781.4677846464748 2.0 -17.05863182289242 1.6677774523693927 57253.285 57372.178 0 17 "Covariance may not be accurate."
01285317 23 0.48514497708628795 57257.29644732592 5.551115123125783e-18 0.6500017188762234 0.07933392130937111 0.6484349903977202 29.668182918223465 0.03157872796651735 0.37849710092355726 0.7103975124935904 519.3698144837847 14.0 -17.014448485887364 2.2606521816079628 57248.378 57356.125 4 19 "Covariance may not be accurate."
01286398 26 0.8776925094463343 57234.29323522232 3.0087043967341744e-15 0.6500000001235576 0.5000040057664108 0.005291237544525207 0.041356929956236854 2.7755575615627336e-18 0.001188131008038773 8.97270042148346e-05 3934.1039710162304 19.0 -24.577800372961725 2.2606710800169765 57249.293 57331.145 0 26 "Covariance may not be accurate."
01287626 5 0.5481271087428672 56677.943579545936 3.7470027081099033e-16 0.8235414631920808 0.4999211935568552 0.0024765592603649966 0.019767356821830617 5.551115123125788e-18 0.010138879584763616 2.8688250671371485e-05 2913.838843659951 -1.0 -21.062255081393776 1.9072542806201156 56660.105 56697.068 2 3 "Covariance may not be accurate."
01289288 19 0.8647735373406575 57235.77477132708 3.3140157285060924e-15 0.6500000002719158 0.5000037856951598 0.007129316383950424 0.23665773478569463 1.290634266126744e-16 0.001099311987975471 0.0001090477454988581 450.19284552513994 9.0 -24.642871452272818 2.2606710796437497 57248.375 57347.079 0 19 "Covariance may not be accurate."
01289555 20 0.4940600146005058 57262.615006676446 8.326672684688675e-18 1.0865161466474882 0.4894610405982262 0.6567494867253397 30.676105313501466 0.03217654541478922 0.46003985544455633 0.712743517207401 394.9020562602818 11.0 -16.682552790454253 1.5843473396310266 57248.393 57365.112 3 17 "Covariance may not be accurate."
01289600 34 0.8969566725184688 57244.99793982468 3.7470027081099033e-16 0.6500000000058461 0.49999930612231896 0.015327319670538575 0.0010665667323337402 0.0 9.613729257118564e-10 4.023429785171562e-06 5699.92915820541 22.0 -22.37446823922971 2.2606710802726973 57255.37 57365.221 0 34 "Covariance may not be accurate."
01289656 19 0.2927733152396673 57234.423000637 1.3877787807814457e-17 0.9021463810260257 0.5000083412067136 0.5820551345783437 24.688614473761845 0.03086343168753514 0.41426181980332566 0.7118567080603664 311.6427201899927 2.0 -15.871989742677751 1.7917465459852373 57255.415 57355.242 0 19 "Covariance may not be accurate."
01289664 17 0.6368247137702207 57265.69962852335 1.6403545188836688e-15 0.6566017068266157 0.5000545721712393 0.0023421488981031358 0.03836704323111917 1.0130785099704559e-16 0.003902907157060098 0.047718246432799066 5525.440485063952 12.0 -23.061449192904327 2.244248667198029 57252.305 57345.229 3 14 "Covariance may not be accurate. Covariance not positive definite. Covariance forced positive definite."
01290779 22 0.7042610324800517 56897.71957795726 1.582067810090848e-16 0.9838334294699995 0.500003435545378 0.006881409222523338 0.0018173797107010614 0.0 4.066989108109098e-05 6.54775098936633e-05 2400.968352057105 17.0 -20.790091714722916 1.6895978954525042 56887.393 56973.319 4 18 "Covariance may not be accurate."
01290816 10 0.8891766439935178 56901.4584024678 1.8568480086855745e-15 1.249999657312467 0.6812081435251873 3.900532321454708e-05 0.0030690026433148887 6.938893903907228e-18 0.00042446724463185426 0.0004366781918465623 10094.566172624016 5.0 -23.75762504945355 1.4563880718823476 56887.393 56960.273 2 8 "Covariance may not be accurate."
01291080 13 0.476947654438847 56899.65836070164 2.7755575615628915e-18 1.0923427089778968 0.0005793624497360539 0.6383598202259705 29.60083835489786 0.03085434801662579 0.37850029751933273 0.6046673135284486 421.15278085446886 8.0 -16.349287283596396 1.5788885629776743 56887.272 56973.077 2 11 "Covariance may not be accurate."
01291090 13 0.8185460636832119 56902.67179857038 4.579669976578771e-16 0.6500471792491881 0.01223962918406496 1.0016796342937617e-05 0.0006657196317974012 6.938893903907228e-18 2.0740374434558007e-07 0.10961514599206604 2660.674644059334 8.0 -23.305215236622907 2.2605359378537955 56887.213 56973.023 2 11 "Covariance may not be accurate."
01291794 37 0.4855083715293459 57265.66945905222 1.5543122344752193e-16 0.666198426661725 0.7308769908679811 0.6610982107186473 31.095204319255572 0.0329070473708623 0.3445398372826531 0.7396649090369336 966.4681974694927 26.0 -19.346076820845543 2.2208888440466907 57252.291 57356.172 6 31 "Covariance may not be accurate."
01291957 29 0.503155294402775 56862.19894282354 1.0824674490095277e-16 1.2387469726677685 0.5001223861568818 0.2530640013482905 0.00016494400188094005 1.387778780781447e-18 1.522716842972116e-05 9.252597536768548e-05 2624.727217229629 10.0 -19.48915795411202 1.463646848385725 56877.181 56980.028 0 29 "Covariance may not be accurate. Covariance not positive definite. Covariance forced positive definite."
01292145 19 0.4904740733199911 57264.50174799756 0.0 0.8109624691422525 0.5001370132980915 0.0 0.0 0.0 0.0 0.0 0.0 -5.0 inf nan 57252.293 57356.172 3 16 "Hesse Failed. Covariance may not be accurate. Covariance not positive definite."
01292195 19 0.39536933190446766 57242.81863085368 2.7755575615628915e-18 1.2388539031485604 0.11818292547819431 0.6220008293236878 24.152055987291533 0.031374690509193795 0.4089649089514939 0.5480634787432822 307.11265613554116 3.0 -15.66072501804286 1.4635666293940197 57253.265 57387.129 0 19 "Covariance may not be accurate."
01292332 12 0.7847990853016901 56910.93753402478 1.38222766565832e-15 1.1846022474303637 0.5000721303816086 0.020484372503124404 1.6859368403966073 7.632783294297951e-17 0.02852796248925804 0.018312505782233007 1459.4463074068124 7.0 -23.43288282780683 1.5012181607685307 56890.331 56973.185 2 10 "Covariance may not be accurate. Covariance not positive definite. Covariance forced positive definite."
01292336 12 0.692480145104191 56912.97109106563 9.74220704108575e-16 0.6526809447973932 0.4361592885189789 2.4666186286936842e-05 0.0006201694013725501 1.3877787807814654e-18 2.627112884012739e-06 0.014679797076865675 1438.3361889621394 7.0 -22.865996293630833 2.2539626662644885 56890.331 56973.185 2 10 "Covariance may not be accurate."
01292560 11 0.6096575120888449 56889.50084050472 2.634004125923184e-15 1.1843232088165707 0.48841756462730695 0.0007257016844186559 0.05301741994480835 2.7755575615627336e-18 0.014006029469393222 0.0012113609422977067 5316.811737471576 5.0 -23.488422511962114 1.501426495969838 56903.225 56973.038 0 11 "Covariance may not be accurate."
01293319 14 0.10707129985656928 56904.93650892714 0.0009700608666850519 0.6667792773488095 0.4997915879402098 nan nan nan nan nan 2.1221565948889116e+18 6.0 -48.05919711355152 2.2194920850872837 56887.27 56980.068 3 11 "Covariance may not be accurate. Covariance not positive definite. Covariance forced positive definite."
01293758 17 0.8558409161637008 56891.88249265696 1.1435297153639112e-14 0.6500000025440088 0.5007998396909458 0.0026444227323870195 0.1263662940436916 2.5673907444456745e-16 0.0002163921527429391 0.000889215996535242 9123.77071916175 12.0 -25.95844369380638 2.2606710763494746 56903.107 56980.026 0 17 "Covariance may not be accurate."
