analysis_pipeline/fit_results/des_5_sn91bg_color_interpolation_red.ecsv
# %ECSV 0.9
# ---
# datatype:
# - name: obj_id
#   datatype: string
# - name: num_points
#   datatype: int64
# - name: z
#   datatype: float64
# - name: t0
#   datatype: float64
# - name: x0
#   datatype: float64
# - name: x1
#   datatype: float64
# - name: c
#   datatype: float64
# - name: z_err
#   datatype: float64
# - name: t0_err
#   datatype: float64
# - name: x0_err
#   datatype: float64
# - name: x1_err
#   datatype: float64
# - name: c_err
#   datatype: float64
# - name: chi
#   datatype: float64
# - name: dof
#   datatype: float64
# - name: b_max
#   datatype: float64
# - name: delta_15
#   datatype: float64
# - name: tmin
#   datatype: float64
# - name: tmax
#   datatype: float64
# - name: pre_max
#   datatype: int64
# - name: post_max
#   datatype: int64
# - name: message
#   datatype: string
# schema: astropy-2.0
obj_id num_points z t0 x0 x1 c z_err t0_err x0_err x1_err c_err chi dof b_max delta_15 tmin tmax pre_max post_max message
01248677 16 0.3959939756427502 56587.26903159198 0.0 0.7049092099208898 0.500034770928932 0.0 0.0 0.0 0.0 0.0 8932.932563832885 11.0 inf nan 56538.281 56629.077 8 8 "Hesse Failed. Covariance may not be accurate. Covariance not positive definite."
01250017 30 0.48151855228292306 56609.86749700456 8.326672684688675e-18 1.0092658080884447 0.2819821739136013 0.6606138042002773 72.97798107238123 0.03298926243467975 0.4181964802283224 0.6392050017362488 12731.851541073835 25.0 -17.027220517478277 1.6623040485148657 56536.245 56616.08 28 2 "Covariance may not be accurate."
01253039 20 0.44162182603871397 56565.770176574675 1.1102230246251566e-17 0.7285109027548664 0.49977313672333884 0.00018304750939529546 10.617568934689189 0.0 6.056792077918649e-05 0.0001671015365945494 525.4560733977484 15.0 -16.677854662826373 2.0819798963284697 56547.274 56653.094 5 15 "Covariance may not be accurate."
01253101 17 0.39415123974034644 56583.79349536062 8.326672684688675e-18 0.7406821746300004 0.003493822860571316 0.6235574116735423 90.36531484943407 0.031644284485441314 0.4505654362374024 0.6389471877736538 438.27387752206977 12.0 -17.04427719544135 2.0568967337770196 56543.099 56657.052 7 10 "Covariance may not be accurate."
01253920 29 0.4927802856571617 56586.36297556964 1.582067810090848e-16 0.9016263680909771 0.5001304688651078 0.00013657310309703186 73.521168427058 1.3877787807814407e-18 0.000255338852983622 0.0007633544170373707 2776.6324667939184 24.0 -19.846722654360477 1.7933448263287843 56559.195 56649.173 10 19 "Covariance may not be accurate. Covariance not positive definite. Covariance forced positive definite."
01255502 19 0.7764782631437189 56605.53483770102 3.0531133177191805e-16 1.2495447543319047 0.4933938599081441 0.6484572937319477 75.48578921530134 0.03075192505180642 0.3758010761129757 0.7089027234582621 2807.9490229347584 14.0 -21.781054197403662 1.4570849070580394 56563.266 56653.077 9 10 "Covariance may not be accurate."
01257366 25 0.48245215493749893 56621.57880244523 1.1102230246251565e-16 0.6500000592431531 0.382358860747276 0.6383855740770048 74.00605105173963 0.030762641515995778 0.3692311003820087 0.6774225109183508 1082.5090715003223 20.0 -19.664715610537495 2.262352538620185 56594.14 56682.089 8 17 "Covariance may not be accurate."
01257695 25 0.5460559194731203 56610.76067120747 1.2767564783189302e-16 1.2451178219789918 0.3793369852344383 0.649195305591059 66.91262586118683 0.030746230636861636 0.3451966236518152 0.6764159758487035 3696.205130672618 20.0 -20.14663916408962 1.459928341306128 56590.029 56675.078 9 16 "Covariance may not be accurate."
01258906 15 0.3972516875721527 56634.73581607175 5.551115123125783e-18 0.6500001255923746 0.00012749399335282297 0.6187196852349219 82.08549885091998 0.030898757847558744 0.37090163196961284 0.610144968616946 528.6956964279997 10.0 -16.629489285272086 2.2623388437239953 56594.019 56695.038 6 9 "Covariance may not be accurate."
01258940 18 0.3971765963780585 56656.228217021104 0.0 1.2291683395133681 0.5000313619260823 0.0 0.0 0.0 0.0 0.0 386.9854308988268 13.0 inf nan 56590.318 56697.043 12 6 "Hesse Failed. Covariance may not be accurate. Covariance not positive definite."
01259412 24 0.18477509345573548 56624.12923064692 8.049116928532386e-17 0.9488446778134043 0.6039456817550123 0.0006870412700487882 0.018067193261231296 1.387778780781447e-18 0.0036712820417085235 0.005716935520870103 2715.34793417622 19.0 -16.471282940163793 1.7317334700708784 56602.205 56696.024 6 18 "Covariance may not be accurate."
01261579 20 0.5062281274988505 56680.32992685546 0.0 0.6500024792998498 0.5000134260878895 0.0 0.0 0.0 0.0 0.0 14586.704276106078 15.0 inf nan 56615.111 56696.025 15 5 "Hesse Failed. Covariance may not be accurate. Covariance not positive definite."
01262214 0 nan nan nan nan nan nan nan nan nan nan nan nan nan nan nan nan 0 0 "Empty table passed to fit_lc."
01262715 0 nan nan nan nan nan nan nan nan nan nan nan nan nan nan nan nan 0 0 "Empty table passed to fit_lc."
01263369 18 0.23781666569313387 56663.62936525976 9.436895709313832e-17 0.8117938769428763 0.4931307481814955 0.5584953360181167 48.077382725496136 0.03141850822624779 0.4517986832345275 0.716633287082121 153.0425073171744 13.0 -17.453656715550697 1.9272786084838138 56645.14 56697.043 8 10 "Covariance may not be accurate."
01263715 18 0.48332240746725147 56657.64664520233 1.3877787807814457e-17 0.6880319870955228 0.34757402204093046 0.6383940405113421 44.31710985459722 0.030749126775919733 0.3012764763223945 0.6653371047675322 2379.8740288258928 13.0 -17.477463329607954 2.17115531257598 56645.054 56694.039 6 12 "Covariance may not be accurate."
01275946 38 0.4762013559698543 57283.753388712765 8.326672684688675e-18 0.6500047269291216 0.07903817300653826 0.6390128113822738 68.74282367467822 0.03092248144898521 0.37035262296979077 0.516756039449372 15595.908299097977 33.0 -17.406707533037185 2.2623297241922735 57248.378 57329.035 16 22 "Covariance may not be accurate."
01279500 23 0.36896371565127833 57241.98724000668 2.0816681711721685e-16 0.6500040649047759 0.5000556813930312 3.158981753317858e-05 0.13179392793608713 0.0 4.842976375485364e-08 1.527355391084395e-05 6384.866717043205 18.0 -19.397306570113805 2.262346236855066 57249.318 57317.099 0 23 "Covariance may not be accurate."
01280217 17 0.39586325024857705 57294.047907395565 2.7755575615628915e-18 0.650000000000125 0.0003198842569419047 0.6199694254612564 70.82817895245898 0.031096279238298982 0.37315550765386796 0.6223748939520878 646.5602221470585 12.0 -15.867617001461483 2.262339165083361 57248.395 57329.175 9 8 "Covariance may not be accurate."
01281668 43 0.48264590790807366 57264.477122905206 3.608224830031759e-17 1.23646050414817 0.49758849507171227 8.328127941648056e-05 66.3930008105599 0.0 1.1899806213855335e-05 7.075185542146367e-05 1363.2476402611628 38.0 -18.193817590718833 1.465551327961716 57248.378 57342.028 8 35 "Covariance may not be accurate."
01281886 19 0.39711217741886046 57293.02093736861 5.551115123125783e-18 1.2444549633405537 0.0008154362873912802 0.6185030627894263 80.45927954892977 0.030878487786038283 0.39358618054632294 0.6027276407326325 309.43029360668936 14.0 -16.627502742999244 1.460345070575361 57248.395 57345.234 9 10 "Covariance may not be accurate."
01282736 20 0.3972869807395773 57284.6769589318 2.7755575615628915e-18 1.1085089622685307 0.04954392566877297 0.637227755041469 80.78340604377081 0.03449315311406475 0.4838034355091724 0.5122370232256586 318.2055834180646 15.0 -15.796366200010283 1.564658181812792 57249.286 57346.032 6 14 "Covariance may not be accurate."
01283373 33 0.5071314726724354 57270.54870665864 8.049116928532386e-17 1.0816879428159498 0.44875440076990813 0.00034500228671052735 36.13301281697932 1.387778780781447e-18 0.0002486631524520888 0.00048261574675487195 474.9721757294266 28.0 -19.3080604485596 1.5895038107597372 57250.337 57332.081 5 28 "Covariance may not be accurate."
01283878 28 0.4837220373291237 57339.17734852119 2.7755575615628915e-18 0.6533391536097889 0.00010624588930968626 0.6425400447494843 65.63904758519857 0.031082986571365996 0.39134285359013177 0.6192367440523066 485.71888200030713 23.0 -16.386797380333906 2.2539773234614167 57249.322 57339.072 28 0 "Covariance may not be accurate."
01283936 23 0.4542824639997346 57261.27811461374 5.551115123125783e-18 0.9655838850753731 0.008404012936671978 0.6324746762833302 70.78907188138328 0.03074800302002646 0.4224821259263503 0.5746233467143531 273.0529027191977 18.0 -16.962840347425562 1.711455739678339 57248.38 57347.084 4 19 "Covariance may not be accurate."
01285160 0 nan nan nan nan nan nan nan nan nan nan nan nan nan nan nan nan 0 0 "Empty table passed to fit_lc."
01285317 24 0.3533477070828577 57273.77632527196 2.7755575615628915e-18 1.069485489491325 0.2918255810393062 0.6122402001019739 81.47627449517313 0.03228410864615926 0.45985266484375403 0.7391162572208371 345.9750827168165 19.0 -15.020602520609618 1.6011733387513054 57248.38 57356.127 6 18 "Covariance may not be accurate."
01286398 26 0.8991287209184279 57234.29857636748 5.88418203051333e-16 0.6500966024977776 0.4998929382188706 5.487955672028866e-05 0.03478470912523335 4.163336342344347e-18 1.7836684616856502e-05 2.2728583195491536e-05 3474.8157936248795 21.0 -22.871252149563105 2.2621133942857767 57249.318 57329.116 0 26 "Covariance may not be accurate."
01287626 13 0.390694241487824 56686.544544574084 5.551115123125783e-18 0.650763618480278 0.010660827706642562 0.6154839326512935 43.82113645499703 0.030746356402557663 0.3597950591056641 0.6556835766013509 2521.844039123488 8.0 -16.570032354049427 2.2604200124060334 56653.052 56697.072 9 4 "Covariance may not be accurate."
01289288 44 0.4785838724058455 57346.86643542821 0.0 1.0060659104833567 0.5012918949907187 0.0 0.0 0.0 0.0 0.0 518.6266232250018 39.0 inf nan 57248.378 57347.084 42 2 "Hesse Failed. Covariance may not be accurate. Covariance not positive definite."
01289555 21 0.3939143259506395 57280.34238703625 2.7755575615628915e-18 0.6500000020533033 0.1626909901939988 0.5993072108116233 80.64425894637316 0.04296598422983851 0.5156076062899179 0.7328168578464578 209.076820597154 16.0 -15.563176151406932 2.2623450262234606 57248.396 57365.115 6 15 "Covariance may not be accurate."
01289600 16 0.4355238000988226 57241.93333862897 0.0 0.6500002186190015 0.5000344326728353 0.0 0.0 0.0 0.0 0.0 1063.6811436470045 11.0 inf nan 57253.285 57365.135 0 16 "Hesse Failed. Covariance may not be accurate. Covariance not positive definite."
01289656 21 0.454211709991856 57287.157679936296 3.053113317719181e-17 0.6500000000209802 0.5000236028327432 0.00013423589671043845 86.40740213380559 0.0 1.2507828606178606e-08 0.0001537146573666881 241.12287344221892 16.0 -17.848482003240846 2.2623564660586517 57250.337 57355.245 6 15 "Covariance may not be accurate. Covariance not positive definite. Covariance forced positive definite."
01289664 35 0.49449531793094414 57278.19506052583 1.1102230246251565e-16 1.2499795974110302 0.5080259598199449 5.4541371733524135e-05 0.2576106187480036 0.0 5.49716413500434e-07 7.875671789780991e-05 1095.6646581344112 30.0 -19.458749382493906 1.4568064317419172 57252.307 57345.234 10 25 "Covariance may not be accurate."
01290779 12 0.3532497558033597 56936.03579839227 8.326672684688675e-18 0.7071861767222694 0.026126968261447225 0.6129768045701183 76.73572611575946 0.0324941640077295 0.45350802307863197 0.5418066081663975 555.7854833628264 7.0 -16.72777354796622 2.1279197815060478 56887.398 56973.322 6 6 "Covariance may not be accurate."
01290816 20 0.36595899876827703 56896.178956552176 1.5543122344752193e-16 0.6500000026794512 0.13581687111265506 0.6955281167503153 54.91796734365562 0.035188450815940076 0.422281127190175 0.5604343221921788 4174.3152888891 15.0 -19.799238337710708 2.262343816044197 56887.395 56960.278 4 16 "Covariance may not be accurate."
01291080 14 0.3962646191278849 56930.8390422643 2.7755575615628915e-18 0.6500000000000612 0.009549794376511433 0.618692137041026 73.49792774891466 0.03092910903044347 0.37114941413988417 0.5718108326004925 176.44407635649947 9.0 -15.855577952843987 2.2623394234302125 56887.275 56973.078 6 8 "Covariance may not be accurate."
01291090 25 0.5987954426872325 56907.17964403812 5.551115123125783e-18 0.6726751469480453 0.042096911343128485 0.6752583071220029 67.6514893524618 0.032065261197903254 0.3268571625274223 0.520760630862857 1991.7160600776592 20.0 -17.63173757370479 2.2069970442814615 56887.215 56973.028 6 19 "Covariance may not be accurate."
01291794 18 0.39977617850269886 57266.84003763862 8.326672684688675e-18 1.1900706027190138 0.04071803348513031 0.6353361092934927 73.62639286638296 0.03348439182999857 0.4666591418754349 0.5224129982235994 110.15218544201427 13.0 -17.020095364701703 1.4976161645252546 57252.296 57356.174 4 14 "Covariance may not be accurate."
01291957 15 0.4421586404602692 56925.334514813825 2.7755575615628915e-18 1.2367528540012016 0.38852537135605725 0.6442433961985173 87.00619470627134 0.0323987291654577 0.3446204509614515 0.73069529424354 749.6463445192182 10.0 -15.420800424839257 1.465357499154635 56877.186 56980.031 7 8 "Covariance may not be accurate."
01292145 19 0.3958512743036869 57278.282164871176 5.551115123125783e-18 0.6578084529051208 0.4146226127130142 0.6372031945365201 79.78563070980454 0.034846342800251846 0.4483061599990479 0.7269022554790223 151.37332360244312 14.0 -15.835286989414943 2.2429226641334417 57252.296 57356.174 6 13 "Covariance may not be accurate."
01292195 0 nan nan nan nan nan nan nan nan nan nan nan nan nan nan nan nan 0 0 "Empty table passed to fit_lc."
01292332 25 0.4654145036411249 56893.694381133 7.216449660063518e-17 1.2478769609230609 0.017051181200749277 0.6614321585799745 56.38368237700706 0.033850107171603805 0.422487162571555 0.5565360920097873 196.43727155989487 20.0 -19.796726010924775 1.4581418963606296 56890.333 56973.19 2 23 "Covariance may not be accurate."
01292336 25 0.5900190028311757 56897.19432061669 5.551115123125783e-17 0.6528805332934318 0.00018169739140067032 0.6740930336940467 59.63697274630613 0.032066098006217056 0.3653042753093465 0.6092120710789146 1081.1452480222306 20.0 -20.16083030931127 2.2551210068299987 56890.333 56973.19 3 22 "Covariance may not be accurate."
01292560 27 0.35552863281241825 56897.115124115706 7.216449660063518e-17 1.1298400481855693 0.4851389476373549 0.6165432382310635 80.99891452608426 0.0359959171647058 0.44236312447371523 0.741537508664491 2655.810745488323 22.0 -18.188700354922943 1.545841176263206 56890.263 56973.042 3 24 "Covariance may not be accurate."
01293319 29 0.48776570456467516 56963.61206276958 2.7755575615628915e-18 0.6500523317168291 0.0009203469674693432 0.6415057269714671 79.2688498791249 0.030926716319119252 0.37349117044031316 0.6019550140710184 5952.629162397832 24.0 -16.407231080272645 2.262207501199498 56887.272 56980.072 25 4 "Covariance may not be accurate."
01293758 18 0.3960938671892891 56972.355255401206 2.7755575615628915e-18 0.6500000073408455 0.0001990067870000778 0.6202563823049175 74.32280327004264 0.03112299250164683 0.3735045609787553 0.6208136112539764 2084.4002995864385 13.0 -15.869303380890734 2.2623391432732483 56891.384 56980.044 16 2 "Covariance may not be accurate."
01294014 6 0.05039905049846375 56935.00637371263 2.4424906541753446e-16 0.6500000486172882 0.5000294285174829 0.07013803621272713 6.154115550725692 4.302114220422481e-17 0.00259792206198739 0.08478678512099058 86.50300606166047 1.0 -14.838661370093707 2.26235634378396 56903.404 56990.199 2 4 "Covariance may not be accurate. Covariance not positive definite. Covariance forced positive definite."
01294743 25 0.5709594274321165 56876.510008187885 1.3877787807814457e-17 0.771557221595897 0.024933258767236177 0.6681524385595519 61.39146722632722 0.031832231944701694 0.45623902284117607 0.5435918872539771 1815.4198670468556 20.0 -18.52928594902611 1.9972575633257925 56890.285 56980.127 0 25 "Covariance may not be accurate."
01295027 19 0.396421642590168 56930.40580005592 2.7755575615628915e-18 0.6500000026781412 0.0019145999200001484 0.6197581171039828 85.11813124727269 0.031050194287285043 0.3725851979601398 0.6328767059571929 244.33693812730638 14.0 -15.868721965604845 2.2623392024848243 56887.275 56992.069 6 13 "Covariance may not be accurate."
01295256 17 0.39633029637530376 56949.72804418184 2.7755575615628915e-18 0.650000000055198 0.041473984333185554 0.6248764796731531 88.36929596167829 0.031732366898407624 0.38079099462031973 0.5215039809521684 550.2053853818185 12.0 -15.803780990603922 2.2623403736147374 56904.303 57012.089 6 11 "Covariance may not be accurate."
01295305 18 0.39600081771021595 56944.047661999764 0.0 0.6756429219064666 0.5001968284769432 0.0 0.0 0.0 0.0 0.0 1406.437855360351 13.0 inf nan 56890.285 57005.143 8 10 "Hesse Failed. Covariance may not be accurate. Covariance not positive definite."
