analysis_pipeline/fit_results/des_4_sn91bg_color_interpolation_all.ecsv
# %ECSV 0.9
# ---
# datatype:
# - {name: obj_id, datatype: string}
# - {name: num_points, datatype: int64}
# - {name: z, datatype: float64}
# - {name: t0, datatype: float64}
# - {name: x0, datatype: float64}
# - {name: x1, datatype: float64}
# - {name: c, datatype: float64}
# - {name: z_err, datatype: float64}
# - {name: t0_err, datatype: float64}
# - {name: x0_err, datatype: float64}
# - {name: x1_err, datatype: float64}
# - {name: c_err, datatype: float64}
# - {name: chi, datatype: float64}
# - {name: dof, datatype: float64}
# - {name: b_max, datatype: float64}
# - {name: delta_15, datatype: float64}
# - {name: tmin, datatype: float64}
# - {name: tmax, datatype: float64}
# - {name: pre_max, datatype: int64}
# - {name: post_max, datatype: int64}
# - {name: message, datatype: string}
# schema: astropy-2.0
obj_id num_points z t0 x0 x1 c z_err t0_err x0_err x1_err c_err chi dof b_max delta_15 tmin tmax pre_max post_max message
[from data line 54]
01296321 51 0.1844 56900.30274840483 1.9151347174783951e-16 1.126371161286058 1.8080842701939659e-06 0.0 0.0004247620854584966 0.0 8.688972465620282e-05 0.00030710234554162663 5905.570182064514 47.0 -18.563105274223066 1.548829969382897 56915.265 56990.188 0 51 "Covariance may not be accurate."
01296657 32 0.1462 56907.68011064019 1.7486012637846217e-16 1.2418707620675444 0.009133053098755006 0.0 28.03602173040781 0.03074728006912843 0.33790988264741967 0.6528498323427261 3366.262151140814 28.0 -17.894183397090913 1.4620165090247674 56904.221 56987.079 4 28 "Covariance may not be accurate."
01297026 56 0.2585 56908.894047600326 1.4432899320127036e-16 0.6500000000500109 0.012715695508811464 0.0 30.265452407715202 0.03650711906489824 0.43808271481307537 0.5648607437023745 6023.888974543176 52.0 -19.062159064796845 2.2623395135419813 56903.237 57001.099 3 53 "Covariance may not be accurate."
01297465 62 0.2778 56935.676189855345 1.2767564783189302e-16 1.1309615448173536 0.9119073209534108 0.0 38.97543401731673 1.387778780781453e-18 0.0005083518263790943 0.0029258140406952515 8516.476930816445 58.0 -17.37046943268032 1.5448745460430153 56912.258 57008.065 18 44 "Covariance may not be accurate."
01298281 58 0.2351 56900.37184157621 2.220446049250313e-16 1.2424152077534045 0.3385569643373514 0.0 25.441239082301763 0.030746385332940038 0.3390090425974798 0.7362076866958068 4042.723476905332 54.0 -18.677343854951417 1.4616738736599046 56915.265 57003.049 0 58 "Covariance may not be accurate."
01298893 22 0.1962 56900.299457664034 2.969846590872294e-16 1.2484854333692588 0.10771171689229586 0.0 24.540176383823564 0.03074623007624006 0.35594468472937185 0.7206494506624173 1935.7403675168043 18.0 -19.005081198440575 1.457753643239979 56915.299 56992.068 0 22 "Covariance may not be accurate."
01299643 66 0.38 56897.3539245144 2.7755575615628915e-18 0.9655754330608836 0.5001714172291328 0.0 0.000319467482768232 1.3877787807814458e-18 0.0001558750139164511 0.7216107124178919 5857.763133453652 62.0 -14.784835736579808 1.7114797159949617 56912.344 57018.078 0 66 "Covariance may not be accurate. Covariance not positive definite. Covariance forced positive definite."
01299775 37 0.1598 56933.74724691375 3.469446951953614e-16 1.0075168704329371 0.011855838500551608 0.0 29.571778362707846 0.030749695577481168 0.4370994307652893 0.56670615989531 1163.8265395175727 33.0 -18.845579513432735 1.664173220741926 56920.298 57004.045 4 33 "Covariance may not be accurate."
01299785 64 0.3813 56938.57867673121 6.938893903907228e-17 0.6500542938913207 0.41238511888260404 0.0 29.343302285826212 0.030746233923640377 0.3665865709746959 0.6869747620817156 738.5564015972598 60.0 -18.486129748771003 2.2622168715136617 56920.291 57025.079 9 55 "Covariance may not be accurate."
01300516 69 0.3104 56937.30729318079 2.026157019940911e-16 0.6500000000164745 0.5000131540951495 0.0 0.0003132591155008413 0.0 5.6088245159457983e-11 0.3505727725831618 5119.818028489945 65.0 -18.929714659614795 2.26235646603595 56923.288 57025.093 15 54 "Covariance may not be accurate. Covariance not positive definite. Covariance forced positive definite."
01300912 65 0.3376 56935.547210635705 5.551115123125783e-18 1.2030325083301159 0.0016059956245600415 0.0 29.582235706471693 0.03074972625820231 0.30962796499200224 0.5977081085266747 11353.065728118125 61.0 -16.21185533973594 1.488234004142921 56920.196 57019.147 13 52 "Covariance may not be accurate."
01301933 61 0.3299 56943.80719143565 4.4408920985006264e-17 1.2436972742403987 0.4273739731382683 0.0 29.210534482499497 0.03086098491782624 0.3417692077999637 0.6925511124094601 22761.26443899076 57.0 -17.601626972004073 1.4608463699656973 56924.193 57025.117 15 46 "Covariance may not be accurate."
01302058 56 0.1984 56945.449395290605 7.494005416219807e-17 1.2499278023862272 0.09110463041405276 0.0 26.968936759403732 0.03117409322153193 0.37123365967200234 0.5231114955507234 19203.930230678347 52.0 -17.56765604702308 1.456828071136222 56935.363 57025.079 6 50 "Covariance may not be accurate."
01302141 91 0.6088 57233.411311456046 0.0 0.8507368913833316 0.5001292728776697 0.0 0.0 0.0 0.0 0.0 642.7568272846884 87.0 inf nan 57248.403 57365.044 0 91 "Hesse Failed. Covariance may not be accurate. Covariance not positive definite."
01302187 50 0.2195 56910.35179650922 9.71445146547012e-17 1.1654965766794643 0.01971960404608153 0.0 0.0022940436683711596 0.0 0.0009934445067105724 0.805722278089134 2394.897315823779 46.0 -18.218146072551832 1.5163741100177113 56925.328 57019.148 0 50 "Covariance may not be accurate."
01302523 56 0.4239 57279.92895399882 2.7755575615628915e-18 0.6503142407620353 0.5039440487900064 0.0 25.134364106659632 0.04278429127014198 0.5069677248731124 0.7293610611895137 5421.115934614183 52.0 -15.05998460106203 2.2615660542382834 57265.24 57372.059 6 50 "Covariance may not be accurate."
01302648 57 0.2319 56934.92713871058 9.159339953157542e-17 0.6500000428719044 0.01214620659200838 0.0 31.09423225448336 0.03413148530878411 0.4095005949668739 0.5660460857972964 5568.745712257278 53.0 -18.301249942693282 2.2623393894879698 56925.158 57017.08 9 48 "Covariance may not be accurate."
01303004 72 0.2949 56959.353089249926 4.9960036108132046e-17 1.249010720194762 0.17988387671723283 0.0 24.23682836575972 0.03471877612671227 0.4043745816550806 0.5627876232367456 8915.324496902394 68.0 -17.930738572892754 1.457419183664232 56934.371 57033.047 17 55 "Covariance may not be accurate."
01303279 43 0.1724 56950.48188533237 4.884981308350689e-16 0.921254651079098 0.5001953201773653 0.0 0.26542334703117376 3.608224830031761e-17 0.10052404732888759 0.1931171334331958 4473.807442631527 39.0 -18.439276092309022 1.766956646281546 56943.23 57033.169 4 39 "Covariance may not be accurate. Covariance not positive definite. Covariance forced positive definite."
01303496 41 0.1798 56956.754061628635 1.304512053934559e-16 1.1420782149100408 0.009382768156988297 0.0 29.573477782992995 0.030746765279088303 0.4411147579594071 0.6533308053684707 3406.5428718744715 37.0 -18.070420827175333 1.5354257058986498 56943.178 57032.15 7 34 "Covariance may not be accurate."
01303883 73 0.455 57250.22995937562 2.0539125955565397e-16 1.0797168207703334 0.5001682604930916 0.0 0.005471183860208839 5.551115123125788e-18 0.06965295332193755 0.09122511781924855 8262.940972398066 69.0 -19.922353527926948 1.591376116663099 57265.223 57356.127 0 73 "Covariance may not be accurate. Covariance not positive definite. Covariance forced positive definite."
01303952 84 0.455 57260.95953408559 1.3877787807814457e-17 1.2468840223639974 0.06164315960303224 0.0 29.958601628492033 0.031430935679649746 0.3500938008197951 0.5076327133197445 769.40147747545 80.0 -17.87339950523017 1.4587813634229718 57249.279 57373.057 12 72 "Covariance may not be accurate."
01304127 83 0.455 57262.699296021834 2.7755575615628915e-18 0.6500000000000021 0.001778999545334281 0.0 29.65103193654795 0.03085032289824347 0.37020386184300136 0.596785652030384 765.4494811448975 79.0 -16.22487455641344 2.262339205462972 57249.279 57373.058 12 71 "Covariance may not be accurate."
01304442 16 0.455 56928.234009848624 5.412337245047638e-16 0.6667443679282227 0.4997814483856201 0.0 23.649473794106598 0.030746815752327777 0.4066850267057969 0.7103252068913459 3328.4988046254766 12.0 -20.975165679329614 2.221182796118633 56943.114 57029.056 0 16 "Covariance may not be accurate."
01304678 49 0.455 56928.23996804154 1.4432899320127036e-16 1.1789778515779148 0.5001492871408758 0.0 0.06488258052195306 9.71445146547011e-18 0.13214368174294716 0.2461432109566138 648.4581999507506 45.0 -19.539312463564 1.5059393674916635 56943.23 57033.168 0 49 "Covariance may not be accurate. Covariance not positive definite. Covariance forced positive definite."
01305504 60 0.455 56928.221944619385 1.3877787807814457e-17 1.2186125359529334 0.500014595944799 0.0 2.282184868818149e-05 0.0 2.785998528653799e-06 0.3120209894243734 10427.893325869743 56.0 -16.996941280523867 1.4774330977287882 56943.192 57052.047 0 60 "Covariance may not be accurate. Covariance not positive definite. Covariance forced positive definite."
01305626 55 0.455 56934.128260121535 1.7208456881689927e-16 0.8116480707163833 0.5000599626867079 0.0 24.57930020304775 0.03091694270558814 0.4437970285225508 0.7125356089619516 35382.00584280556 51.0 -19.73042411156875 1.9275182209354789 56949.125 57049.055 0 55 "Covariance may not be accurate."
01306029 74 0.455 57261.74839255136 1.3877787807814457e-17 0.7155468229765486 0.0016854828497768204 0.0 30.928652847211197 0.03264635979090831 0.45794944556496653 0.5972786377299328 1604.153709139473 70.0 -17.97244738612776 2.1096063420270994 57248.388 57355.217 12 62 "Covariance may not be accurate."
01306073 56 0.455 56934.12509092053 8.326672684688675e-18 0.9549887105208166 0.013481003669346958 0.0 29.076419012890256 0.03621626830790735 0.4469480597010366 0.5633057584444401 6014.059258339613 52.0 -17.399040584096376 1.7241837575169754 56949.124 57049.056 0 56 "Covariance may not be accurate."
01306141 65 0.455 56971.74750640331 7.494005416219807e-17 0.6513044402874413 0.041938587232750346 0.0 20.139056437783438 0.030746755315871153 0.3569065548362691 0.6896210807909489 3180.8507254755436 61.0 -19.73794196916793 2.259064136064687 56949.337 57051.151 11 54 "Covariance may not be accurate."
01306360 76 0.455 57272.924073714916 8.326672684688675e-18 0.8423164947195724 0.48980885352881326 0.0 27.448673258924828 0.03080032289164228 0.3932134616095541 0.708654437721272 517.1173074905336 72.0 -16.467239786610683 1.8790473639641156 57249.423 57355.245 11 65 "Covariance may not be accurate."
01306390 68 0.455 57278.365388671715 5.551115123125783e-18 0.7007789587558486 0.4859666701548063 0.0 25.090726591206476 0.03185104101300343 0.3061896615102391 0.7190817340448402 407.37092753612745 64.0 -16.03625191863711 2.1422078713886457 57253.401 57355.23 12 56 "Covariance may not be accurate."
01306537 76 0.455 57276.81348775341 1.942890293094024e-17 0.6914446917490326 0.7233117760865986 0.0 29.44768247061438 0.030836766116626824 0.30400045092372385 0.7413905095827548 1877.5131516959236 72.0 -16.937230469780634 2.1633407199643706 57265.363 57372.241 8 68 "Covariance may not be accurate."
01306626 73 0.455 57240.412120355344 2.5535129566378603e-16 0.6994802293632129 0.5001214229231975 0.0 9.823347863857634e-05 0.0 6.213674331007057e-05 0.7255663543822664 3306.1581286728665 69.0 -20.15881756968842 2.145125403755454 57255.41 57355.245 0 73 "Covariance may not be accurate. Covariance not positive definite. Covariance forced positive definite."
01306785 42 0.455 57263.98757447662 8.326672684688675e-18 0.9475373904458775 0.21471398005103481 0.0 30.216226989010465 0.031525863068752026 0.42678250514895805 0.6058767085653494 331.85935113350706 38.0 -17.01529294571739 1.733344370387755 57248.419 57311.114 14 28 "Covariance may not be accurate."
01306980 86 0.455 57268.57551708011 2.7755575615628915e-18 0.6784473538991261 0.007165264972842145 0.0 30.92811730419635 0.0324686411469542 0.3227622029800004 0.6487642741073059 359.1263258211699 82.0 -16.216335889512205 2.1933852639402787 57252.229 57372.039 16 70 "Covariance may not be accurate."
01306991 72 0.455 57250.21784093787 9.159339953157542e-17 0.8887039741785462 0.014634008907926987 0.0 24.70349829915358 0.03120314320951479 0.4116349006175946 0.662084103762903 403.58466689979116 68.0 -20.00066853834048 1.8112631741085607 57265.209 57365.044 0 72 "Covariance may not be accurate."
01307277 70 0.455 57280.93980330462 1.942890293094024e-17 0.7017810685423008 0.1129838588177805 0.0 0.420105162600521 0.0 0.026310183477067484 0.02152766169622622 335.7902545209697 66.0 -18.146075171718323 2.1399504273261556 57256.292 57365.115 15 55 "Covariance may not be accurate."
01307830 59 0.455 57242.30772064704 1.0824674490095277e-16 1.2245899936762357 0.9366497209581479 0.0 24.159836220220313 0.030751140189603385 0.31230578253244584 0.5021242115773599 5663.016278203102 55.0 -18.395282207959355 1.4733997781899184 57257.281 57365.196 0 59 "Covariance may not be accurate."
01308314 74 0.455 56968.16209466715 7.494005416219807e-17 0.6533308987705592 0.5001305155984973 0.0 0.01811603480746271 0.0 1.90704538707287e-05 0.00019655180479080658 2687.4789002398325 70.0 -18.82774296522529 2.2540150080427743 56943.178 57051.151 20 54 "Covariance may not be accurate."
01308326 63 0.455 56974.34518791899 8.326672684688674e-17 0.6500301591396589 0.002338040873738567 0.0 33.738448748023075 0.036812539559556094 0.43961256985427877 0.5940670740423809 4376.299935477675 59.0 -19.916794571011152 2.26226333007709 56956.141 57045.113 16 47 "Covariance may not be accurate."
01308568 72 0.455 57281.25485403703 1.1102230246251566e-17 1.239950993607955 0.023465081349309358 0.0 24.27828905932256 0.030747828511643188 0.3347380700889124 0.5458422139527278 188.0952446677956 68.0 -17.69522925672372 1.463262703508537 57256.269 57379.066 15 57 "Covariance may not be accurate."
01308582 57 0.455 57251.034526429394 9.436895709313832e-17 1.2225127005866083 0.0005126942633334464 0.0 26.763932912544988 0.03074735492521416 0.41545057062184315 0.624330965014871 1874.3713902595098 53.0 -20.055569720377967 1.4747823883995395 57265.24 57366.076 0 57 "Covariance may not be accurate."
01308884 48 0.455 57292.160060647024 1.226796442210798e-15 0.6500000000164531 0.7081632935552967 0.0 29.56481873057419 0.030748012897101926 0.3689748722561058 0.7391158434721873 111099.28424597831 44.0 -21.47277193250393 2.2623574375297792 57276.324 57355.251 12 36 "Covariance may not be accurate."
01308957 72 0.455 57262.90101781253 2.7755575615628915e-18 0.6500000000000115 0.0019059206846083199 0.0 29.32953972199175 0.03087473451977811 0.37049685266163784 0.5961360730345684 452.88493680689226 68.0 -16.224674121033868 2.2623392089834446 57253.33 57373.057 7 65 "Covariance may not be accurate."
01309288 44 0.455 56946.36227463744 3.1086244689504386e-16 0.6532715855174289 0.9913923268889819 0.0 0.00019889409668394364 0.0 4.105855890335075e-05 0.015807035510453205 1234.1030625953656 40.0 -19.41548109635318 2.254159836299639 56961.361 57061.067 0 44 "Covariance may not be accurate."
01309492 61 0.455 56948.266759770086 1.3600232051658169e-16 1.142388433875655 0.049382494046494696 0.0 24.883207962218876 0.030746721840101375 0.35262814313535046 0.5124214251239285 41395.553916270255 57.0 -20.37246702290922 1.5351669810046893 56963.255 57067.046 0 61 "Covariance may not be accurate."
01309749 70 0.455 56934.35267659313 8.326672684688675e-18 0.918088247895549 0.00019933426132362486 0.0 24.48331537427657 0.030777320804994682 0.43311658988341456 0.6089392182098674 3780.8848895213673 66.0 -17.420169416576655 1.7711266558963565 56949.35 57067.046 0 70 "Covariance may not be accurate."
01310338 63 0.455 56934.12028432598 2.7755575615628915e-18 0.9933659639546761 0.12177228688519975 0.0 25.750970872544713 0.031870363792313644 0.4444372176442886 0.7245254762757299 4198.671807889737 59.0 -16.016647582032945 1.6796303272908055 56949.112 57052.042 0 63 "Covariance may not be accurate."
01310395 70 0.455 56941.745524896156 8.326672684688675e-18 0.6500000678231603 0.043176721127015705 0.0 28.15236895479029 0.032727436050454896 0.3926359961636824 0.6905170368267475 8098.686226598949 66.0 -17.35025733241245 2.2623402564040234 56956.203 57052.042 0 70 "Covariance may not be accurate."
01312274 62 0.455 56977.7846949622 5.273559366969494e-17 0.6500343428548989 0.49565293608538286 0.0 0.36229775888932636 0.0 1.2748069039281162e-06 0.00013255936727982198 575.8964064628432 58.0 -18.45711305862951 2.2622698706496855 56956.141 57052.1 12 50 "Covariance may not be accurate."
