analysis_pipeline/fit_results/des_5_sn91bg_color_interpolation_blue.ecsv
# %ECSV 0.9
# ---
# datatype:
# - name: obj_id
#   datatype: string
# - name: num_points
#   datatype: int64
# - name: z
#   datatype: float64
# - name: t0
#   datatype: float64
# - name: x0
#   datatype: float64
# - name: x1
#   datatype: float64
# - name: c
#   datatype: float64
# - name: z_err
#   datatype: float64
# - name: t0_err
#   datatype: float64
# - name: x0_err
#   datatype: float64
# - name: x1_err
#   datatype: float64
# - name: c_err
#   datatype: float64
# - name: chi
#   datatype: float64
# - name: dof
#   datatype: float64
# - name: b_max
#   datatype: float64
# - name: delta_15
#   datatype: float64
# - name: tmin
#   datatype: float64
# - name: tmax
#   datatype: float64
# - name: pre_max
#   datatype: int64
# - name: post_max
#   datatype: int64
# - name: message
#   datatype: string
# schema: astropy-2.0
obj_id num_points z t0 x0 x1 c z_err t0_err x0_err x1_err c_err chi dof b_max delta_15 tmin tmax pre_max post_max message
[from data line 98]
01308957 19 0.4851043430789343 57289.18135418385 0.0 0.9397224960270507 0.5001189709213872 0.0 0.0 0.0 0.0 0.0 181.22735119965287 14.0 inf nan 57253.334 57373.055 7 12 "Hesse Failed. Covariance may not be accurate. Covariance not positive definite."
01309288 6 0.853344297189319 56993.37683772925 3.722022690055837e-15 0.650034257485034 0.49999926535070105 0.6230339416919918 78.71228733777752 0.030746784617941156 0.3720592355862373 0.7103748902535707 2.133436975490659 1.0 -24.733193150431145 2.262270260680136 56963.244 57061.06 1 5 "Covariance may not be accurate."
01309492 30 0.5643233216720839 56985.16742845501 1.0547118733938988e-16 0.65466939729324 0.46900030534730275 0.00019342883737699657 0.8427610709950386 0.0 1.9092303862378035e-05 0.00014752293350495105 16389.344333523568 25.0 -19.836383142683815 2.2506843242694927 56963.265 57066.064 6 24 "Covariance may not be accurate."
01309749 19 0.39612009128917103 56984.6745965057 0.0 0.6500482618831722 0.5000353265579381 0.0 0.0 0.0 0.0 0.0 991.0859179535377 14.0 inf nan 56956.156 57067.046 5 14 "Hesse Failed. Covariance may not be accurate. Covariance not positive definite."
01310338 26 0.49100786798075424 57001.57483498744 1.1102230246251566e-17 1.0548158939261656 0.0008493993292761348 0.6402670819351979 85.52198059530929 0.0307757089888212 0.39426285660261134 0.6024724938906507 2928.309980413569 21.0 -17.929785000292885 1.6154853124854753 56949.115 57052.039 16 10 "Covariance may not be accurate."
01310395 18 0.7035080223593501 56997.906148046524 2.969846590872294e-16 1.0971701237029492 0.5053256860938546 0.6574323070859083 79.04808928255807 0.03076174121981931 0.4440115906509526 0.7117823086413545 1391.7357523655191 13.0 -21.46259755934782 1.575021865858936 56956.206 57052.037 8 10 "Covariance may not be accurate."
01312274 32 0.4869489644186569 56983.68761032431 2.7755575615628915e-18 0.7789186375887789 0.5084986960837895 0.6411480829765083 81.15124939153611 0.030911286281497252 0.36425924370888046 0.7144301316392889 1001.7219411553067 27.0 -15.412698981576217 1.983848117174638 56956.143 57052.1 8 24 "Covariance may not be accurate."
01313594 12 0.01690402204828167 57002.41168758457 1.2212453270876723e-16 0.7977317544364492 0.1113329438458403 0.512844040361659 65.56952954302324 0.030746232732574937 0.44375396519626686 0.7216751217828644 620.8999243687485 7.0 -12.446482645460161 1.9508115194130546 56973.038 57051.053 4 8 "Covariance may not be accurate."
01314897 25 0.5526592878710571 57304.499557726835 1.1934897514720432e-16 1.2493280931859818 0.1997238485832088 0.0029413763485864886 0.1228187790584343 0.0 0.0005697560694229997 0.0044597286885724174 153.53696114039258 20.0 -20.44827613458593 1.4572164863967245 57273.337 57372.07 10 15 "Covariance may not be accurate."
01315192 7 0.8620037831918653 57013.49470479427 2.459143999544722e-15 0.9811484932228992 0.4791777510895656 0.6576520536539505 58.957681045969366 0.032920197110640245 0.43269799377532064 0.7258180060200572 99.76187032067534 2.0 -24.360611736181898 1.6933768855713218 56987.196 57052.098 3 4 "Covariance may not be accurate."
01315259 10 0.8747675888608349 56998.34723480396 2.176037128265307e-15 0.6507484906038903 0.5000554725134925 0.0048117108048423285 0.06767346998822177 1.4710455076283336e-16 0.0003110793870149675 0.044444122769812494 1752.077100599749 5.0 -24.216968685707567 2.260474962749946 56980.181 57049.068 3 7 "Covariance may not be accurate. Covariance not positive definite. Covariance forced positive definite."
01315296 27 0.5076875333447074 56991.480654256404 1.3877787807814457e-17 0.976339653587172 0.17494657839948125 0.6881280092972946 61.79544227608494 0.036146695003879424 0.43679845555617774 0.7345598125122563 593.8079930928973 22.0 -17.942880932590153 1.6988843804374802 56973.185 57049.07 7 20 "Covariance may not be accurate."
01316385 11 0.8957744719947086 57024.72404896818 2.3375745783482672e-14 0.7735006702220721 0.5000320253399774 0.5720535978864487 56.996037136454106 0.030746307360808557 0.3614963057601577 0.7103763998138434 2004.1538459845274 6.0 -26.85857978191419 1.993700167240391 57001.175 57066.03 5 6 "Covariance may not be accurate."
01316431 10 0.8982482675333203 57023.68764672316 2.5757174171303635e-15 1.095462171597427 0.5000006169524914 0.5918300181419893 49.12515980874741 0.032271055013612195 0.37695626508000474 0.7270756631230719 833.8911319314333 5.0 -24.471381019807605 1.5766003603325451 57001.162 57052.098 5 5 "Covariance may not be accurate."
01316437 13 0.46991312811183794 57021.5361164533 8.326672684688675e-18 1.2447092294712585 0.0006108912579195214 0.6357202700991235 63.89895574105685 0.030760367049279917 0.39153385231709953 0.6043884024611134 270.76140726323695 8.0 -17.503351787481876 1.4601809717209235 56980.197 57052.1 8 5 "Covariance may not be accurate."
01316465 11 0.8493075742238031 57024.7683965589 1.4543921622589552e-15 0.733820670362299 0.5057040788028848 5.813863635939498e-05 59.71122345605181 2.775557561562832e-18 0.00013735753718779886 0.00013491924326586302 6092.737013441218 6.0 -23.69118645547686 2.070936380568522 57001.183 57066.064 4 7 "Covariance may not be accurate. Covariance not positive definite. Covariance forced positive definite."
01317164 5 0.6238609992703705 57301.07368381664 2.742250870824137e-15 0.651668295945053 0.5053846359455896 0.012019397007381138 2.3150730767629284 4.45476988630844e-16 0.0028328869618814423 0.07924517382122637 33.11645324700639 0.0 -23.55639807652849 2.258168510260731 57315.181 57355.159 0 5 "Covariance may not be accurate. Covariance not positive definite. Covariance forced positive definite."
01317277 12 0.5988799131110822 57032.70705725853 2.3869795029440865e-16 1.2499802987406698 0.4999262686207395 0.6587883551256243 59.502833637816366 0.03096254416974463 0.37039677360160034 0.7130661467557763 1523.618604387313 7.0 -20.806236147092463 1.4568059695533506 56987.073 57052.037 8 4 "Covariance may not be accurate."
01317286 14 0.6432602073367388 56974.367692085594 1.0130785099704553e-15 0.7578944974663084 0.5000013182012002 0.6579188368357125 43.03135457212193 0.030748487649027944 0.44113395548111706 0.710397189564782 8057.031839331249 9.0 -22.564998014189882 2.022980479935992 56987.073 57052.037 0 14 "Covariance may not be accurate."
01317454 10 0.05899835376473897 57008.75670804498 2.7755575615628915e-18 0.6500209315247264 0.4110187134590746 0.006059646842249744 16.82482354194144 0.0 6.019996792600013e-05 0.005264569641371203 452.6734303002352 5.0 -10.533376233310594 2.262300780358327 56987.033 57051.04 4 6 "Covariance may not be accurate."
01317666 22 0.8323263256767831 57304.32826172292 2.67841304690819e-15 1.1436945615096095 0.4875297684366706 0.006508515861053665 0.04808161803521216 5.551115123125664e-18 0.006802521121471838 0.001074318169095173 3754.2778963671253 17.0 -24.33934218467693 1.534088102512893 57278.217 57356.106 7 15 "Covariance may not be accurate."
01319366 17 0.6351119067149223 57322.412443336216 8.909539772616882e-16 0.6500000000053651 0.40296557920581444 3.690113186627375e-06 0.0004970614172634669 1.3877787807814654e-18 1.6270595981637825e-11 0.011704739333515485 4241.513832025623 12.0 -22.60835559575328 2.262353229796876 57276.312 57372.102 11 6 "Covariance may not be accurate."
01319821 10 0.8992289869785117 57039.68461695903 7.188694084447889e-16 0.6501194506465059 0.5000201589234593 0.5382514884813192 58.37663988798886 0.03087263929094896 0.3668550388450751 0.7119746634863495 504.4647833873801 5.0 -23.088665644021102 2.2620559193071834 56992.125 57067.099 6 4 "Covariance may not be accurate."
01320166 10 0.482855973771704 57020.177972426965 5.551115123125783e-18 0.6500041425407751 0.22166672570569196 0.6813323466878628 58.22188686172376 0.03791638733461235 0.454206674263936 0.7387348781044237 468.82889873768414 5.0 -16.713654280906496 2.262337745937373 56991.113 57049.046 5 5 "Covariance may not be accurate."
01322229 7 0.03678964047093719 57042.155987464605 4.4408920985006264e-17 0.86077529121531 0.9476222088306054 0.0006483597926253901 1.2888389085092058 0.0 0.06112913257132879 0.040030928978350255 536.7804547779865 2.0 -11.42665521750218 1.8514015982812992 57001.076 57039.041 7 0 "Covariance may not be accurate."
01322979 9 0.4668538722562772 57036.53892148491 3.053113317719181e-17 0.6500128132148333 0.47966026557559366 5.1778917490308274e-05 0.20210163833326078 0.0 6.079614180976023e-07 0.00010546713746256708 997.2599854821724 4.0 -17.968993767475986 2.262323430408717 57008.04 57061.074 5 4 "Covariance may not be accurate."
01324542 9 0.4758109513326818 57021.84528889709 0.0 1.104443144730526 0.5001001101829503 0.0 0.0 0.0 0.0 0.0 384.9346415859098 4.0 inf nan 57011.089 57067.101 2 7 "Hesse Failed. Covariance may not be accurate. Covariance not positive definite."
01325358 7 0.3950737606610015 57023.83328579442 5.551115123125783e-18 0.6500000000071325 2.4773028509450512e-05 0.6178105100264788 52.86022623079771 0.030867166241976995 0.37040689298055396 0.6128248582402038 116.41837519248864 2.0 -16.615529696466293 2.262339156919648 57008.067 57047.038 3 4 "Covariance may not be accurate."
01327978 10 0.6876638323252058 57320.11019362418 3.075317778211684e-15 0.6847267441539944 0.5053204129825977 0.0008871166353389137 0.2566610126996238 2.914335439641028e-17 0.0003862429224009145 0.0012307522741581978 145.72094024233076 5.0 -23.93976722818209 2.1787814520582174 57283.131 57373.038 7 3 "Covariance may not be accurate."
01328066 20 0.48375561998307587 57317.15454421762 5.551115123125783e-18 0.6500232952356118 0.04893007240037495 0.6393896179803161 85.70427230228961 0.030821961648906118 0.36827799750799867 0.5129161917741606 334.72356607263106 15.0 -17.059784626207666 2.262281989709134 57273.098 57379.048 10 10 "Covariance may not be accurate."
01328105 42 0.49036673352873 57317.207159066624 5.551115123125783e-18 0.6500238520921731 0.0013087781921333197 0.6525680784503536 91.10080620931694 0.03185301978895769 0.3805422423017074 0.6298348228216737 1134.167190959008 37.0 -17.17307417822974 2.262279171697422 57273.096 57386.046 20 22 "Covariance may not be accurate."
01329166 17 0.39587968765478143 57341.093784808596 0.0 0.999160789215901 0.5000356060113373 0.0 0.0 0.0 0.0 0.0 555.4943246235354 12.0 inf nan 57277.334 57401.075 10 7 "Hesse Failed. Covariance may not be accurate. Covariance not positive definite."
01329196 20 0.3938691975597019 57335.243894090905 0.0 0.7199075345303177 0.5000461917235283 0.0 0.0 0.0 0.0 0.0 863.1891832747444 15.0 inf nan 57277.321 57406.112 9 11 "Hesse Failed. Covariance may not be accurate. Covariance not positive definite."
01329312 31 0.03019867118734723 57316.493639778084 6.383782391594651e-17 1.091146921943035 0.4963802163234027 0.5984077340405973 82.57179969938807 0.030746443569807023 0.45186288302218974 0.709533067401302 383.5329089399644 26.0 -12.246072592419317 1.5806102360901875 57283.189 57389.086 14 17 "Covariance may not be accurate."
01329615 34 0.4811118686968325 57295.084891160855 2.4980018054066023e-17 1.054649763426144 0.308240660423866 0.6678448798331216 90.10884494103448 0.034034299790304846 0.4728842675035608 0.6525353681888857 530.28421950224 29.0 -18.17356095248744 1.6156593560701005 57278.301 57385.111 6 28 "Covariance may not be accurate."
01330031 13 0.676249849193195 57319.06090556251 3.923250613269147e-14 0.6514328987892062 0.49920246529600587 6.482181375200291e-05 0.007787542635924183 1.8041124150158163e-17 4.878678449060647e-06 0.011012575356499993 4559.677394834937 8.0 -26.669959445364906 2.258758142880005 57291.079 57376.04 5 8 "Covariance may not be accurate."
01330426 16 0.644268793087893 57320.041336086135 1.2961853812498703e-15 0.6884712940247207 0.48781251623249977 8.19096672488584e-06 0.001019975450617494 0.0 3.0106662344819846e-06 0.0030070673059901243 3828.604123578394 11.0 -22.86642883138043 2.1701497109648216 57288.213 57387.181 4 12 "Covariance may not be accurate."
01330642 17 0.47423906644541597 57328.98644653274 2.7755575615628915e-18 1.077699074477829 0.02916419231732076 0.6384058149737026 96.11450411265832 0.030907203030725045 0.3848632626515674 0.6825855061782173 1573.172151574783 12.0 -16.288434194622706 1.5932839199479005 57283.189 57403.073 7 10 "Covariance may not be accurate."
01330903 20 0.48039223611196014 57323.6861513873 0.0 0.6812081335320854 0.5010929294938077 0.0 0.0 0.0 0.0 0.0 418.99379425403924 15.0 inf nan 57276.314 57396.101 11 9 "Hesse Failed. Covariance may not be accurate. Covariance not positive definite."
01331123 17 0.8636607858256644 57322.15391814139 8.96505092384814e-16 1.2365423720338087 0.4758185716050391 0.7970447582923332 68.24139695323174 0.04142101123242224 0.4032419061134253 0.7212209382235941 180.74160490505955 12.0 -23.27809237790218 1.4654971565672987 57297.032 57386.044 6 11 "Covariance may not be accurate."
01331993 30 0.4860917731666377 57328.164355595305 2.7755575615628915e-18 1.2453139745317703 0.51143502159756 0.00017275055655036065 28.19251888585859 0.0 3.9294209283280424e-05 0.0004938205594113287 867.9937730701615 25.0 -15.403409444514494 1.4598048661064418 57291.17 57403.073 11 19 "Covariance may not be accurate. Covariance not positive definite. Covariance forced positive definite."
01332059 18 0.3377071481934461 57337.44410581772 2.4980018054066023e-17 1.1086985292365563 0.5204224623064954 0.5986469448156224 94.57424826076021 0.03256503830918209 0.46497588617797114 0.7356802981193306 169.17798487965322 13.0 -16.83743037520531 1.5645000320840445 57288.201 57403.101 9 9 "Covariance may not be accurate."
01332413 17 0.47848202540154244 57340.28039820015 2.7755575615628915e-18 0.6887620759088837 0.5101313317644464 0.0002936036609101078 39.13976465949236 0.0 0.00010168988878189733 0.00035596167766560605 460.92273793251854 12.0 -15.364354224511 2.1694825119690897 57299.144 57403.064 9 8 "Covariance may not be accurate. Covariance not positive definite. Covariance forced positive definite."
01333246 30 0.49304136270236426 57289.94785818072 8.326672684688675e-18 0.747701880501351 0.004087092019066374 0.6422423239098212 61.307590501728555 0.030899945859893693 0.4418081813667982 0.6408279879872443 309.63087288691077 25.0 -17.623112014628582 2.0428433639632786 57299.22 57403.101 0 30 "Covariance may not be accurate."
01333438 31 0.08293446992250729 57321.49877692411 7.771561172376097e-17 0.8708726183525324 0.4751861796039252 0.4621890141722578 81.3995806021303 0.03215982186617448 0.4534815340794068 0.7186525743616734 141.7012356196619 26.0 -14.787005301759635 1.8366788834040477 57297.346 57404.045 8 23 "Covariance may not be accurate."
01334084 14 0.6806782464582117 57348.19840948232 6.272760089132135e-16 0.6500333009780814 0.49992508395623547 0.00010949839809221151 0.5825300101751054 6.938893903907228e-18 1.2673530617735018e-06 3.7015265735851344e-07 745.8374197068915 9.0 -22.195087227995657 2.2622726644894797 57315.206 57396.099 6 8 "Covariance may not be accurate."
01334087 4 0.4837213816197151 57357.96949005601 2.636779683484747e-16 0.6500024396583571 0.5255277035860846 0.007346019045534502 0.08994326733227354 8.326672684688669e-18 0.00022786805675495403 0.009873239719936089 19.507337144569625 -1.0 -20.312158710946264 2.262350412961368 57315.208 57403.099 3 1 "Covariance may not be accurate."
01334302 17 0.4746986526161186 57326.17831089661 4.718447854656916e-17 1.0677902984127774 0.5085999008851935 0.0005953951420721859 6.504229304486216 0.0 0.00022940698671136683 0.00041235791433708036 28.41303103769931 12.0 -18.422241047949914 1.6028160639235516 57301.037 57407.046 6 11 "Covariance may not be accurate."
