analysis_pipeline/fit_results/des_4_salt2_2.4_blue.ecsv
# %ECSV 0.9
# ---
# datatype:
# - {name: obj_id, datatype: string}
# - {name: num_points, datatype: int64}
# - {name: z, datatype: float64}
# - {name: t0, datatype: float64}
# - {name: x0, datatype: float64}
# - {name: x1, datatype: float64}
# - {name: c, datatype: float64}
# - {name: z_err, datatype: float64}
# - {name: t0_err, datatype: float64}
# - {name: x0_err, datatype: float64}
# - {name: x1_err, datatype: float64}
# - {name: c_err, datatype: float64}
# - {name: chi, datatype: float64}
# - {name: dof, datatype: float64}
# - {name: b_max, datatype: float64}
# - {name: delta_15, datatype: float64}
# - {name: tmin, datatype: float64}
# - {name: tmax, datatype: float64}
# - {name: pre_max, datatype: int64}
# - {name: post_max, datatype: int64}
# - {name: message, datatype: string}
# schema: astropy-2.0
obj_id num_points z t0 x0 x1 c z_err t0_err x0_err x1_err c_err chi dof b_max delta_15 tmin tmax pre_max post_max message
[from data line 106]
01314897 25 0.3369 57298.33699985826 3.147205196590008e-05 -0.4745200057979688 -0.0635773435490398 0.0 0.03715017713693669 1.6933296726806532e-06 0.38856100064510657 0.06271929970191203 55.550254700374225 21.0 -19.518299471394435 1.1490250158393174 57273.337 57372.07 9 16 "Minimization exited successfully."
01315192 7 0.2254 57008.51867004424 4.7893525569100986e-05 0.9087263657013684 0.2999537382060509 0.0 0.3470387288944039 2.8996493754832063e-06 0.5737849186957462 0.5827068085987985 1.688482453015467 3.0 -18.977816875162468 0.8797526573085435 56987.196 57052.098 3 4 "Minimization exited successfully."
01315259 10 0.228 57004.4434082412 3.886504756906995e-05 -0.4405013351103726 0.2995878969665721 0.0 0.3426620763093524 1.3779737001062824e-06 0.2810809401677441 0.5798653122390769 4.384829093514867 6.0 -18.778159437824144 1.1191215998346742 56980.181 57049.068 4 6 "Minimization exited successfully."
01315296 27 0.4126 56998.18299995209 1.1167268116105133e-05 -1.0931825151444359 0.20849005027256545 0.0 0.045885081846790854 7.827551941966271e-07 0.5262216896689098 0.08832114171006547 70.82111650874134 23.0 -18.9133624705704 1.2591405295561806 56973.185 57049.07 7 20 "Minimization exited successfully."
01316385 11 0.1478 57019.19654155621 0.00018690522901872454 1.6792101143292122 -0.049345044754203427 0.0 0.2523435514267476 6.983561676141006e-06 0.3888895881391341 0.046601508115517165 37.816412373771485 7.0 -19.4339668553695 0.7647497848418645 57001.175 57066.03 5 6 "Minimization exited successfully."
01316431 10 0.1981 57018.53947818394 8.083778756420856e-05 0.8321393861214315 0.21727483295684275 0.0 0.17772731501463568 2.9562540126722163e-05 0.19773062448945966 0.5482302617384491 13.81347105058023 6.0 -19.228796561366217 0.8959114483284871 57001.162 57052.098 4 6 "Minimization exited successfully."
01316437 13 0.482 57005.191995756155 8.994314883678523e-06 -2.9999993690079445 0.2998922006390687 0.0 0.16740650012798142 4.742979359331767e-07 0.8935552728861516 0.5938144880454514 22.508097739587843 9.0 -19.083162141825113 1.7581953310456058 56980.197 57052.1 4 9 "Minimization exited successfully."
01316465 11 0.3291 57021.441651922156 2.4876675868309995e-05 0.49982603148080074 0.2997524379214013 0.0 0.12125795023166575 3.4544817900245097e-07 0.12128893107323724 0.4899619244986238 13.083016079701448 7.0 -19.209002134560016 0.9486234613006985 57001.183 57066.064 4 7 "Minimization exited successfully."
01317164 5 0.1547 57297.42461152101 7.334346412113946e-05 -2.353865947012849 0.150261045921935 0.0 0.0007833445961296093 3.2669315363480225e-05 1.3907478526364652 0.4724553529683339 6.293444741870949 1.0 -18.525336242798385 1.579021833455748 57315.181 57355.159 0 5 "Covariance may not be accurate."
01317277 12 0.2371 57007.94484447724 5.474834953764774e-05 -1.231159879799113 -0.2734785909974698 0.0 0.5398314085359743 1.7474716942963987e-05 0.4554332134796051 0.5856513273642163 5.877859176340415 8.0 -19.24474256916332 1.3286517560228468 56987.073 57052.037 5 7 "Minimization exited successfully."
01317286 14 0.279 57012.07099995459 4.212470449197481e-05 -0.10417735964975927 0.29999951602023295 0.0 0.00880931820574915 5.567120182306533e-07 0.20920306768429708 0.016699374715772097 188.14041473107585 10.0 -19.365437838150466 1.0557707876690294 56987.073 57052.037 7 7 "Minimization exited successfully."
01317454 10 0.5688 57012.02799377858 6.881405770736704e-06 -1.2931952093796553 0.29993147577944507 0.0 0.514763677281735 3.4773692621919983e-07 0.7615814749281908 0.5981902571075867 13.955496323179938 6.0 -19.2272935722741 1.295224408276134 56987.033 57051.04 5 5 "Minimization exited successfully."
01317666 22 0.1414 57298.3389999964 0.00014400364680134116 -0.7575447206507189 -0.16184712860667644 0.0 0.0018351301550865173 3.827623682171882e-06 0.11822024596461245 0.020545155689290065 840.4692289380041 18.0 -19.04493091905359 1.214138011968771 57278.217 57356.106 6 16 "Minimization exited successfully."
01319366 17 0.2361 57301.311999958365 6.058322548556095e-05 0.2519250917688751 0.2999989291332233 0.0 0.01795770420721965 9.698344064890092e-07 0.26054394333836495 0.08963848756167819 194.1473247423845 13.0 -19.346413731344015 0.9916929626678908 57276.312 57372.102 6 11 "Minimization exited successfully."
01319821 10 0.3088 57017.122999999985 3.264510571008017e-05 -1.3301243215577436 0.29999998686898594 0.0 0.04379772466199938 1.2995831916648437e-06 0.33671546727660495 0.07879124793760117 51.29576940746998 6.0 -19.342324578264474 1.3034495908637886 56992.125 57067.099 3 7 "Minimization exited successfully."
01320166 10 0.449 57016.107999646156 7.94532188140018e-06 -0.6624418667108514 0.29998111947723133 0.0 0.0887863296775322 4.318776134895622e-07 1.0469693925690169 0.520499273016365 44.383452553083195 6.0 -18.765057727909703 1.1626072894140371 56991.113 57049.046 4 6 "Minimization exited successfully."
01322229 7 0.5261 57026.049999999996 8.760487787329296e-06 -2.9999999998170734 0.2991997452820547 0.0 0.049317251297907205 5.23360065005085e-07 0.09880169043859643 0.5972570524257654 41.76979781765114 3.0 -19.283505354599594 1.75830971850921 57001.076 57039.041 5 2 "Minimization exited successfully."
01322979 9 0.5294 57033.03999998529 8.506815817566071e-06 -2.0962556839071063 0.29999974603399787 0.0 0.019253995444159955 1.4539069311120307e-07 0.2767750453120317 0.06462873682490061 142.25003977134688 5.0 -19.26835440696148 1.4899951807711176 57008.04 57061.074 5 4 "Minimization exited successfully."
01324542 9 0.5415 57036.08499999281 6.622969145955726e-06 -1.0004734137635625 0.2999994986578323 0.0 0.15048108339033206 4.0311306518797637e-07 0.93177028829706 0.4489896472897127 30.413306002642543 5.0 -19.056393347245752 1.231890068936881 57011.089 57067.101 4 5 "Minimization exited successfully."
01325358 7 0.7793 nan nan nan nan 0.005 nan nan nan nan nan nan nan nan nan nan 0 0 "No bands in data overlap the model."
01327978 10 0.2073 57307.611815547854 6.741897354409777e-05 -0.3843725484884666 0.08694152483865547 0.0 1.4000275098551356 5.358618673966947e-05 1.0683767403883313 0.3669651802931488 3.013297337587749 6.0 -19.139081298273567 1.1218187256509928 57283.131 57373.038 6 4 "Covariance may not be accurate. Covariance not positive definite. Covariance forced positive definite."
01328066 20 0.4489 57298.09295467938 2.0146789075109472e-05 1.9999991111010464 -0.2997433993678633 0.0 3.686829802340071 1.4648175109349695e-06 4.968381578249543 0.5007583313565005 15.105272823022585 16.0 -19.776830604948536 0.7177206837902155 57273.098 57379.048 5 15 "Minimization exited successfully."
01328105 42 0.4402 57298.09299999602 1.9051063795155754e-05 0.7614526096113678 -0.12471726394395938 0.0 0.0694984525180189 1.0420310262090893e-06 0.5208492860509719 0.06795996236394504 75.89673561925589 38.0 -19.660116102507217 0.9215802286142178 57273.096 57386.046 10 32 "Minimization exited successfully."
01329166 17 0.7316 nan nan nan nan 0.005 nan nan nan nan nan nan nan nan nan nan 0 0 "No bands in data overlap the model."
01329196 20 0.7693 nan nan nan nan 0.005 nan nan nan nan nan nan nan nan nan nan 0 0 "No bands in data overlap the model."
01329312 31 0.3444 57308.18899999823 2.072851874588555e-05 -1.656589977427298 -0.0144528907476561 0.0 0.10452676936256466 1.4184217128399016e-06 0.42191852165843113 0.0732236669743537 22.16257160321192 27.0 -19.120019908139433 1.4098968874142273 57283.189 57389.086 10 21 "Minimization exited successfully."
01329615 34 0.4039 57303.29797731319 1.5049783193293865e-05 -0.3076525300637889 0.0460532779750516 0.0 0.36194680183325545 1.0845196254119501e-06 0.6117610846843711 0.08219159627990483 22.859221587316803 30.0 -19.180612840264303 1.1093090050690293 57278.301 57385.111 10 24 "Minimization exited successfully."
01330031 13 0.1041 57315.064999999966 0.00037668217131828777 0.4227068388403419 0.29999966735225464 0.0 0.010197828858508728 7.017000064950274e-06 0.08669352048667434 0.02413853995342119 152.18161578853721 9.0 -19.374921673094917 0.9618930548830065 57291.079 57376.04 5 8 "Minimization exited successfully."
01330426 16 0.2595 57313.20999999871 5.406001705875463e-05 0.5963170133454501 0.29999999286777884 0.0 0.005654123116983101 5.862726717334461e-07 0.15137763322013775 0.016643797554592776 305.31386013879904 12.0 -19.456514712773654 0.9321363908443523 57288.213 57387.181 3 13 "Minimization exited successfully."
01330642 17 0.6339 57308.18899997882 7.1269571825433035e-06 1.0820759871601418 0.29999660893009056 0.0 0.02702561793557834 2.1947614826794962e-07 0.45127835382427195 0.1050164880955867 193.30104591234132 13.0 -19.55359291307537 0.8512071053813024 57283.189 57403.073 4 13 "Minimization exited successfully."
01330903 20 0.5638 57301.3119958612 7.616992014194968e-06 -1.1542698439325976 0.29993664084165955 0.0 0.3362402806233149 4.4169814603783886e-07 0.7565958869907872 0.5788097685702296 25.86382616603423 16.0 -19.31435098986989 1.2647544429079929 57276.314 57396.101 6 14 "Minimization exited successfully."
01331123 17 0.2291 57318.19100341245 5.9686617673454516e-05 -1.3952735811143349 -0.2996116727165871 0.0 0.3134595657757018 2.687159030233257e-06 0.3693984623362776 0.5987935465813052 21.286465900646284 13.0 -19.254758205575516 1.3702942088787289 57297.032 57386.044 6 11 "Minimization exited successfully."
01331993 30 0.7196 57316.16999973881 3.2006961814434744e-06 1.999999677945917 0.2999977405185788 0.0 0.06783698057915899 1.3910196801636405e-07 0.11016108280473391 0.3946734161328729 170.29550113726614 12.0 -19.023243149720223 0.7023712592989817 57291.17 57403.073 8 22 "Minimization exited successfully."
01332059 18 0.5788 57313.19899808414 4.951891682014598e-06 1.7001852637680743 0.2999942128190716 0.0 0.13577018602882163 4.1572704799625057e-07 3.8519515241597886 0.43687089830965986 88.43725900891117 14.0 -18.918358541833037 0.7510740490535603 57288.201 57403.101 6 12 "Minimization exited successfully."
01332413 17 0.6087 57322.15099916072 7.0965146233697984e-06 0.0017183644709755086 0.29999711523052647 0.0 0.1319303542295529 4.933072185908662e-07 0.7692241296157893 0.46216690622006995 41.78383003553578 13.0 -19.440540282361322 1.0364199684625142 57299.144 57403.064 6 11 "Minimization exited successfully."
01333246 30 0.4379 57324.21999999204 1.061095893426789e-05 1.0063822395564106 0.17129442394982353 0.0 0.4140310499278712 1.1797619551862095e-06 0.8955388334534691 0.12782761257577455 11.371301259746668 26.0 -19.012244951840522 0.8686225361136444 57299.22 57403.101 12 18 "Minimization exited successfully."
01333438 31 0.3995 57322.34599997338 1.194009640545224e-05 -0.6033808771375422 0.22740157550227197 0.0 0.03145169802883174 8.874486124563211e-07 0.5109559322200047 0.08105785318833214 107.31456851895095 27.0 -18.903666670631008 1.1559335382337466 57297.346 57404.045 8 23 "Minimization exited successfully."
01334084 14 0.1335 57335.54292252551 0.00013579409960493837 -1.1449016408210118 0.10438164925991222 0.0 0.6753459611463768 1.4665771845591424e-05 0.5308729289251396 0.06060236634066743 13.081051094403877 10.0 -18.844474407679694 1.2789841694219461 57315.206 57396.099 4 10 "Minimization exited successfully."
01334087 4 0.2663 57336.29899799242 5.052965521969155e-05 0.24397692499884283 0.279935876774523 0.0 7.924187228967639 2.0524934491882028e-05 0.8879217990352002 0.30048297275583913 10.241930331298695 0.0 -19.446530338594826 0.9941345039387883 57315.208 57403.099 2 2 "Minimization exited successfully."
01334302 17 0.4549 57326.03299949042 9.869699325720794e-06 -1.7095795926301303 0.29998670799148613 0.0 0.15521492254629266 7.103041437583885e-07 1.1265335464122146 0.5960265708603316 22.813327492011265 13.0 -19.033924594701745 1.3919335024540587 57301.037 57407.046 6 11 "Minimization exited successfully."
01334423 28 0.3577 57336.10112440801 2.0086752263254182e-05 1.0443112912144583 0.003931088890274048 0.0 0.5378024735946383 1.0875847509583817e-06 0.5348224853550485 0.0575698920638061 12.95528919531669 24.0 -19.183978802863745 0.8684652856388233 57312.14 57408.055 10 18 "Minimization exited successfully."
01334448 16 0.5167 57326.27799911578 7.277784406187205e-06 -2.52966117661535 0.2999955606509817 0.0 0.4313212399756594 1.1028503321672262e-06 2.5952635843525833 0.5996660398411273 11.127026199999047 12.0 -19.03510288520189 1.6107737213052395 57301.284 57402.053 6 10 "Minimization exited successfully."
01334470 15 0.5188 57330.27899954883 8.84569687974457e-06 -0.36979203302767294 0.2999977275779255 0.0 0.28738915898429696 5.752879582293646e-07 0.7742925889946033 0.4794009730523667 9.725359634999364 11.0 -19.258533965037063 1.1055314780623497 57305.283 57402.053 6 9 "Minimization exited successfully."
01334597 12 0.289 57340.2189999942 3.565730399550382e-05 -0.5056652848870211 0.2999999802772944 0.0 0.002147658666217467 3.5525536012936954e-07 0.09775970185861982 0.0036220195402689725 795.0952889781934 8.0 -19.272239763194523 1.131718794949034 57315.241 57406.101 5 7 "Minimization exited successfully."
01334620 15 0.1961 57335.296943368085 4.0739127093769595e-05 -0.40969012683967376 0.24565040927552956 0.0 0.5040113893119269 1.4941179566174689e-05 0.5968957006379985 0.571360600730259 10.066280646917987 11.0 -18.459978057680395 1.1167068402530447 57311.282 57403.062 5 10 "Covariance may not be accurate. Covariance not positive definite. Covariance forced positive definite."
01334644 15 0.2881 57332.13260214344 2.745830917324499e-05 -2.311932207664678 0.2994110723952678 0.0 0.47157982696808176 1.5944172418194676e-06 0.3840367037657275 0.599669823916576 5.156625800315716 11.0 -18.97991454258695 1.5485856613283389 57311.282 57403.062 5 10 "Minimization exited successfully."
01334645 12 0.2312 57335.69447414987 4.6169009556948363e-05 -0.6497818176590688 0.2998687202504822 0.0 0.2790371102455538 1.1922684731061069e-06 0.38950776241939555 0.5045330285341179 14.526712386774614 8.0 -18.99926153007713 1.1600932776893238 57311.282 57403.062 4 8 "Minimization exited successfully."
01334707 31 0.6488 57329.30699976316 6.787158360638257e-06 -1.5262122419096271 0.2999994207699103 0.0 0.013169401987397578 1.9338538257834842e-07 0.2618791532436593 0.07234011493554288 446.75118225788077 11.0 -19.560539182360795 1.348138074105801 57304.307 57426.071 7 24 "Minimization exited successfully."
01334879 16 0.6393 57327.240999220434 4.9719762191036135e-06 -2.2363668528249856 0.2999940648986174 0.0 0.018905264489148976 1.5467477916808487e-07 0.2734343201843088 0.10483861423031121 223.1494460585431 12.0 -19.183182061144663 1.5276711659201823 57302.267 57425.071 4 12 "Minimization exited successfully."
01335472 14 0.4989 57336.01999985541 8.105378357373128e-06 0.013343296672540639 0.29999994782653455 0.0 0.09451561343666981 4.825032338603985e-07 1.1188620027122846 0.4456081564982286 50.11733907263993 10.0 -19.06150936134812 1.0343114067059993 57311.025 57403.049 5 9 "Minimization exited successfully."
01335564 15 0.6077 57336.27999976741 5.925382516516753e-06 0.4228031790689153 0.2999798525749075 0.0 0.21662980984547175 5.837267081351682e-07 1.2316018351484037 0.5254779781666771 24.24504085123471 11.0 -19.240667006910638 0.9618773642788412 57311.284 57427.068 5 10 "Minimization exited successfully."
01335694 11 0.2591 57347.616679078594 4.424821262125623e-05 0.8010526864606109 0.2999590299600718 0.0 0.19325955719614285 7.561669243053015e-07 0.2103815160855773 0.4595060496443865 17.469386219727667 7.0 -19.235413506230756 0.8976564622513266 57325.214 57408.053 5 6 "Minimization exited successfully."
01335717 13 0.3048 57346.66543707548 1.999202885740459e-05 -0.24341738743226093 0.2954187178729227 0.0 0.21107931410733727 1.2916227173240254e-06 0.21702114612171597 0.5763894770703901 4.334268173287972 9.0 -18.77754531866059 1.0819123384961067 57325.182 57408.092 4 9 "Minimization exited successfully."
