analysis_pipeline/fit_results/des_5_sn91bg_color_interpolation_blue.ecsv
# %ECSV 0.9
# ---
# datatype:
# - {name: obj_id, datatype: string}
# - {name: num_points, datatype: int64}
# - {name: z, datatype: float64}
# - {name: t0, datatype: float64}
# - {name: x0, datatype: float64}
# - {name: x1, datatype: float64}
# - {name: c, datatype: float64}
# - {name: z_err, datatype: float64}
# - {name: t0_err, datatype: float64}
# - {name: x0_err, datatype: float64}
# - {name: x1_err, datatype: float64}
# - {name: c_err, datatype: float64}
# - {name: chi, datatype: float64}
# - {name: dof, datatype: float64}
# - {name: b_max, datatype: float64}
# - {name: delta_15, datatype: float64}
# - {name: tmin, datatype: float64}
# - {name: tmax, datatype: float64}
# - {name: pre_max, datatype: int64}
# - {name: post_max, datatype: int64}
# - {name: message, datatype: string}
# schema: astropy-2.0
obj_id num_points z t0 x0 x1 c z_err t0_err x0_err x1_err c_err chi dof b_max delta_15 tmin tmax pre_max post_max message
[from data line 193]
01343208 6 0.016544606649751485 57375.05176847408 4.9960036108132046e-17 1.249426426532041 0.49998356311209197 0.09440074723568005 0.002522506987588713 0.0 4.019088607920551e-06 1.0950721277575015e-05 151.72812881324077 1.0 -10.641910556633647 1.4571609740166451 57356.144 57397.09 3 3 "Covariance may not be accurate."
01343337 16 0.4737394504974662 57357.23095846844 1.5265566588595902e-16 1.0656352342854079 0.3798856359023726 0.6363688062823508 24.358142158656847 0.030746230534959562 0.3898895482675065 0.6765997537780889 1145.2055668330786 11.0 -19.967795407927543 1.6049022824169477 57372.226 57426.147 0 16 "Covariance may not be accurate."
01343401 12 0.48858150001918355 57381.51121434556 3.33066907387547e-17 0.6571698898908116 0.003657598790624106 0.6398680896793186 29.25296578669804 0.030782133888739092 0.39521753307726504 0.5886852211641866 969.4819284109732 7.0 -19.105219735326667 2.244481875507578 57372.048 57427.054 4 8 "Covariance may not be accurate."
01343533 16 0.4889091406304161 57353.000295090205 4.9960036108132046e-17 0.6500000000214018 0.19495514512299567 0.6774653695271466 26.29819579756804 0.04152193924158297 0.49826499301363036 0.596566940293698 223.9305391994798 11.0 -19.19206518891474 2.2623466559089103 57365.039 57407.046 0 16 "Covariance may not be accurate."
01343759 7 0.4763019699182109 57373.26203286377 5.551115123125783e-18 1.1816332584210891 0.0131228990041245 0.6369381132992049 29.03184064888046 0.030748602696144874 0.43348711770724135 0.5640281559778395 2916.627558641856 2.0 -17.078380057825797 1.503912530819406 57365.223 57425.071 2 5 "Covariance may not be accurate."
01343871 7 0.5307295695065248 57340.226329574674 3.608224830031759e-17 1.1207288889513913 0.49984338202674644 0.6120899792557963 37.13641384874063 0.046261378432893505 0.3572246360145572 0.678179148208113 233.2505455663008 2.0 -18.436724152965713 1.5537780450650196 57355.228 57408.055 0 7 "Covariance may not be accurate."
01344692 14 0.5000655329264139 57376.05599807225 8.326672684688675e-18 1.0959291403203242 0.033294788187075985 0.6433172738642243 29.386878489789524 0.030876350286272808 0.44544689983768765 0.6827540576840649 169.54402821180986 9.0 -17.612781408828262 1.576155009630284 57366.056 57427.068 4 10 "Covariance may not be accurate."
01345553 6 0.1787734848849544 57381.40357839844 1.249000902703301e-16 0.855430213641446 0.49502008062704694 0.5282994631008238 29.21416010489338 0.030746230642422094 0.4415410315208311 0.7092128380931373 603.9983285883459 1.0 -17.0583898382968 1.8593072638591934 57372.048 57427.052 2 4 "Covariance may not be accurate."
01345582 7 0.48227492373631065 57378.87422267736 5.551115123125783e-18 0.6500010963964564 0.06765750721378794 0.6504383846095385 30.413145020120282 0.03183656524906232 0.38240001313613187 0.7050444464461365 387.7393124532692 2.0 -17.019568245056476 2.2623384669957893 57365.056 57427.054 2 5 "Covariance may not be accurate."
01345594 11 0.48134899835667866 57379.21884159675 2.7755575615628915e-18 0.6500000109553894 0.0021557073766594326 0.6405653245424636 28.98964748020444 0.03095997406065548 0.3715542447793437 0.5949156214879412 379.4634595428075 6.0 -16.370740966133287 2.26233918834696 57372.048 57427.054 4 7 "Covariance may not be accurate."
01346137 14 0.5139008803788202 57360.07838296934 8.326672684688674e-17 0.8652362870295092 0.03517466290152016 0.6509932878118958 25.5025017510452 0.031271791172982046 0.40349040368107436 0.6843481595888394 718.3570536258452 9.0 -20.18107569333055 1.8448529696126812 57375.048 57425.151 0 14 "Covariance may not be accurate."
01346387 13 0.49487563547810326 57378.426917069766 8.326672684688675e-18 0.6500213508990773 0.008230088893692478 0.6490303392376575 29.059895498790866 0.03143450229175763 0.3756437792279395 0.5750212660039515 9534.02007411014 8.0 -17.626226629845174 2.262285659045382 57372.136 57426.118 2 11 "Covariance may not be accurate."
01346956 10 0.49327336006748335 57393.04017840729 8.326672684688675e-18 0.6500230418806902 0.001737420797930267 0.6407576330999275 28.62315935731749 0.030779378983460018 0.3677797141577432 0.5970032625209695 3501.486250921841 5.0 -17.62805679052629 2.2622812222984443 57387.181 57426.147 2 8 "Covariance may not be accurate."
01346966 14 0.3378575045865878 57361.1360893419 7.771561172376097e-17 1.232831559896678 0.05160934523876265 0.5986993576954687 25.32706239358231 0.030746230858395424 0.40866231531534664 0.6961544899374971 2375.600671324887 9.0 -18.997153195433093 1.4679191626323345 57376.057 57426.147 0 14 "Covariance may not be accurate."
