analysis_pipeline/fit_results/des_4_sn91bg_color_interpolation_red.ecsv
# %ECSV 0.9
# ---
# datatype:
# - name: obj_id
#   datatype: string
# - name: num_points
#   datatype: int64
# - name: z
#   datatype: float64
# - name: t0
#   datatype: float64
# - name: x0
#   datatype: float64
# - name: x1
#   datatype: float64
# - name: c
#   datatype: float64
# - name: z_err
#   datatype: float64
# - name: t0_err
#   datatype: float64
# - name: x0_err
#   datatype: float64
# - name: x1_err
#   datatype: float64
# - name: c_err
#   datatype: float64
# - name: chi
#   datatype: float64
# - name: dof
#   datatype: float64
# - name: b_max
#   datatype: float64
# - name: delta_15
#   datatype: float64
# - name: tmin
#   datatype: float64
# - name: tmax
#   datatype: float64
# - name: pre_max
#   datatype: int64
# - name: post_max
#   datatype: int64
# - name: message
#   datatype: string
# schema: astropy-2.0
obj_id num_points z t0 x0 x1 c z_err t0_err x0_err x1_err c_err chi dof b_max delta_15 tmin tmax pre_max post_max message
[from data line 171]
01337649 18 0.455 57378.09254571378 9.992007221626409e-17 0.6517531617871483 0.43428951116654474 0.0 0.0896354341202823 0.0 0.0015086141831029964 0.0006200835778455982 5042.006587966509 14.0 -19.29162885480674 2.257953684593108 57339.167 57408.057 10 8 "Covariance may not be accurate."
01337655 0 0.8485 nan nan nan nan 0.005 nan nan nan nan nan nan nan nan nan nan 0 0 "Empty table passed to fit_lc."
01337687 23 0.455 57374.26467291667 6.66133814775094e-17 1.2348786085599626 0.06398645281990467 0.0 71.54082510211083 0.0307465462279454 0.40505073990958745 0.7031835538258205 2355.012818612292 19.0 -19.572441918042593 1.4665747580920119 57339.3 57425.154 9 14 "Covariance may not be accurate."
01337703 14 0.455 57369.116856645756 2.7755575615628915e-18 0.6500006276611217 0.030463153529194154 0.0 84.1225035943171 0.0323271477800718 0.38764628683336205 0.6802294796805326 196.81002979608934 10.0 -16.178608472799542 2.262338456093005 57325.127 57425.154 7 7 "Covariance may not be accurate."
01337838 21 0.455 57376.24375433649 2.7755575615628915e-18 0.6500000002539996 0.033085563936786244 0.0 75.19516856117116 0.03246153098844884 0.3895327281586243 0.5320671312430771 6487.154263481786 17.0 -16.17427862021126 2.262340114451675 57339.153 57427.068 11 10 "Covariance may not be accurate."
01338128 22 0.455 57384.736731828234 0.0 1.0838780927950529 0.5001233146478967 0.0 0.0 0.0 0.0 0.0 1847.6052856225976 18.0 inf nan 57339.023 57407.048 14 8 "Hesse Failed. Covariance may not be accurate. Covariance not positive definite."
01338170 11 0.455 57384.850208515796 2.7755575615628915e-18 1.219725344752101 0.004340235701626949 0.0 61.92410886264406 0.03104792478952929 0.3090087891107542 0.6415850843691124 303.6982258275238 7.0 -16.220822774405168 1.476664254314013 57339.026 57407.048 7 4 "Covariance may not be accurate."
01338233 13 0.455 57379.68627104148 2.7755575615628915e-18 0.6500003645645072 0.0913349832924863 0.0 90.37567928044518 0.031046966850660634 0.3723635291647424 0.527276261207857 43.616739999743594 9.0 -16.07336331127791 2.2623411435943197 57319.283 57427.057 9 4 "Covariance may not be accurate."
01338266 0 0.6476 nan nan nan nan 0.005 nan nan nan nan nan nan nan nan nan nan 0 0 "Empty table passed to fit_lc."
01338278 10 0.455 57360.50291360457 1.1102230246251566e-17 0.8516568391480932 0.5183411833505812 0.0 75.69773513886321 0.030959169997460304 0.39732045505211694 0.717270880932824 81.95858295514623 6.0 -16.72540995459832 1.8649351169939905 57339.04 57427.057 3 7 "Covariance may not be accurate."
01338387 10 0.5838 57427.851306868026 4.1090983393665686e-11 0.6980809722087338 0.006656296881328794 0.0 3.5578854722007236 1.2901201495996162e-10 0.05021300428243175 0.913060834687436 460.30276235451015 6.0 -34.79600637844159 2.148261056194018 57329.175 57403.104 10 0 "Covariance may not be accurate. Covariance not positive definite. Covariance forced positive definite."
01338430 9 0.5089 57423.214477655776 7.55042972588882e-12 0.9628301013451012 0.9980105836776727 0.0 0.017591441592230694 2.7095437005186797e-12 0.000884097310695442 0.8413368697291371 367.1510400063689 5.0 -30.654681252411077 1.7147416299206952 57339.124 57403.104 9 0 "Minimization exited successfully."
01338471 12 0.5309 57420.672984787445 8.326672684688675e-18 0.7459587877513837 0.9866058152516808 0.0 111.00367385040954 5.732123803392497e-11 0.5446790493277358 0.9102239089587749 85.7760649237174 8.0 -15.899561788419081 2.0463177475306082 57319.139 57403.104 12 0 "Covariance may not be accurate. Covariance not positive definite. Covariance forced positive definite."
01338675 8 0.455 57379.7536131498 5.551115123125783e-18 0.650033943963047 0.00013999521378688096 0.0 61.993112533578824 0.03083771743632576 0.3681354946156048 0.6099146769911433 1395.6327063262793 4.0 -16.980034562272113 2.262253745769449 57339.073 57402.062 5 3 "Covariance may not be accurate."
01339002 19 0.455 57375.568274988356 2.7755575615628915e-18 0.6500000000000006 0.00022122823539999503 0.0 68.52362897995408 0.031068777642302384 0.37282533887817526 0.608616561337075 519.8994933882939 15.0 -16.22733159815516 2.262339162359652 57345.071 57427.068 9 10 "Covariance may not be accurate."
01339149 9 0.455 57372.999875790156 0.0 0.6500138310455689 0.5001696879354811 0.0 0.0 0.0 0.0 0.0 252.6755630515875 5.0 inf nan 57346.032 57427.065 3 6 "Hesse Failed. Covariance may not be accurate. Covariance not positive definite."
01339392 19 0.455 57368.93513976864 2.581268532253489e-16 0.735180116972676 0.5001314300900576 0.0 0.5103151468720171 1.3877787807814407e-18 9.036990275013146e-05 0.00014292751431066453 302.9933563090448 15.0 -20.170539653117498 2.0681356327654434 57345.333 57426.147 6 13 "Covariance may not be accurate."
01339450 13 0.455 57375.517824514805 0.0 0.6500483782881942 0.5151725535523107 0.0 0.0 0.0 0.0 0.0 87.05647486392327 9.0 inf nan 57339.288 57426.145 6 7 "Hesse Failed. Covariance may not be accurate. Covariance not positive definite."
01340454 10 0.455 57375.31032576128 8.326672684688675e-18 0.6500008353087745 0.2351124682996263 0.0 67.81356614946344 0.03177466802002404 0.38098114857073434 0.6175368279644885 578.5964794381749 6.0 -16.967599615861772 2.262346898299171 57345.319 57425.153 4 6 "Covariance may not be accurate."
01341370 8 0.455 57381.77015993327 3.33066907387547e-17 1.0966487180708513 0.31990769351278214 0.0 17.97592786383757 0.0 0.02515358764055875 0.027700495203094616 164.9712335772732 4.0 -18.320471451967293 1.5754993331068157 57347.083 57403.052 4 4 "Covariance may not be accurate."
01341894 14 0.455 57387.72355740357 3.608224830031759e-17 0.9549460800886107 0.04232276808633928 0.0 56.41184583690119 0.033411267192860375 0.42506672011877394 0.5588540419559649 180.16245588498066 10.0 -18.943746644286406 1.7242363785430754 57365.056 57427.057 6 8 "Covariance may not be accurate."
01342255 12 0.455 57424.35712010816 0.0 0.9512053793513702 0.5000154296503964 0.0 0.0 0.0 0.0 0.0 8443.307931628573 8.0 inf nan 57365.112 57403.103 12 0 "Hesse Failed. Covariance may not be accurate. Covariance not positive definite."
01343208 10 0.455 57379.13018590721 3.053113317719181e-17 0.6500000000004352 0.1929854069912601 0.0 61.8811965689456 0.03369936688912909 0.4043926407826126 0.7366069390952057 279.3125192405806 6.0 -18.474570573804883 2.262346550727788 57355.251 57426.068 5 5 "Covariance may not be accurate."
01343337 8 0.455 57391.57138261845 2.7755575615628915e-18 0.6500000005374551 0.0034620476384264465 0.0 49.24786184209006 0.031115301203800995 0.37337597297804126 0.638841736881684 289.58057116040493 4.0 -16.222213654091426 2.2623392509002436 57372.229 57426.145 4 4 "Covariance may not be accurate."
01343401 6 0.455 57390.06986219239 2.7755575615628915e-18 0.6500000042534373 0.33321293651474476 0.0 48.564379269639176 0.04384878528967235 0.5261637543756545 0.6599829394936017 201.31358703959583 2.0 -15.598942947185009 2.2623515328963606 57372.053 57427.057 3 3 "Covariance may not be accurate."
01343533 8 0.455 57407.04799822284 5.551115123125783e-18 1.2442918641223446 0.14069056033589245 0.0 35.33901446795426 0.030996320618289955 0.39545703944937455 0.5637036821793594 54.314767799183834 4.0 -16.73241700780584 1.4604543577971612 57365.044 57407.048 7 1 "Covariance may not be accurate."
01343759 8 0.455 57387.859341017764 2.2204460492503132e-17 1.2496466484090876 0.36689897949849926 0.0 54.94035015303598 0.03195149630083944 0.362749203467494 0.6789281449177578 324.0893890094518 4.0 -17.794586265598333 1.4570165764955085 57365.133 57426.068 4 4 "Covariance may not be accurate."
01343871 7 0.455 57375.302128416304 2.7755575615628915e-18 0.6500000000100105 4.93110846636613e-05 0.0 48.63674855265708 0.03095883468497301 0.3715071240275091 0.6119588881939295 155.0684014513769 3.0 -16.227602419292324 2.262339157589473 57355.231 57408.057 3 4 "Covariance may not be accurate."
01344692 7 0.455 57390.157496562155 2.4980018054066023e-17 0.6500027253844839 0.040375290531705244 0.0 6.054668678152666 0.0 6.077573777829581e-05 0.00581855024702585 4.623299019881362 3.0 -18.547757340233996 2.262333481186115 57366.061 57427.065 4 3 "Covariance may not be accurate."
01345553 12 0.455 57392.722364907 2.7755575615628915e-18 0.650000000817189 0.005534097095765356 0.0 52.248374979983055 0.03449965491385882 0.41398512503539947 0.6448650688954409 1305.8326765728405 8.0 -16.218928758075812 2.26233930811685 57372.051 57427.057 6 6 "Covariance may not be accurate."
01345582 7 0.455 57383.58061170075 3.053113317719181e-17 1.1348210787300315 0.1473080748781636 0.0 53.42736349841289 0.030750795918451104 0.35693952432610715 0.7301801044785902 60.34695688652616 3.0 -18.570149047929938 1.5415619538564442 57365.058 57427.057 3 4 "Covariance may not be accurate."
01345594 6 0.455 57390.50477728074 2.7755575615628915e-18 0.6500000029693436 2.477725122185248e-06 0.0 49.813915180118784 0.03132034840935504 0.37582639386071276 0.6142617938327878 59.915871332537975 2.0 -16.227676184190802 2.26233914885022 57372.053 57427.057 3 3 "Covariance may not be accurate."
01346137 7 0.455 57425.14195601222 1.942890293094024e-17 0.9444150926946802 0.35094989998968484 0.0 0.007964198459376348 0.0 0.002762063156657779 0.09809999590310675 178.72716445747528 3.0 -17.679442709938463 1.7372329522482062 57375.053 57425.153 6 1 "Covariance may not be accurate."
01346387 7 0.455 57387.47983002909 5.551115123125783e-18 0.7081532074782743 0.04843968903982593 0.0 48.6191763377974 0.03182138148204534 0.44505734320149914 0.5134615865114831 2475.213114534209 3.0 -16.901150134562968 2.125783778107319 57372.178 57426.068 3 4 "Covariance may not be accurate."
01346956 5 0.455 57417.22774434113 5.551115123125783e-18 0.6500000002440154 0.15053769843049725 0.0 39.98826448438922 0.03108879425985986 0.3730708892060675 0.5701304778781519 972.3969130595704 1.0 -16.71275386457937 2.26234446927678 57387.186 57426.145 4 1 "Covariance may not be accurate."
01346966 7 0.455 57389.39601371023 8.326672684688674e-17 0.6686481141433891 0.5001716388617945 0.0 0.5166555020259693 1.387778780781447e-18 0.06566174143224535 0.0014730586767120746 332.58083924184086 3.0 -18.942071958179806 2.216612665275999 57376.062 57426.145 3 4 "Covariance may not be accurate. Covariance not positive definite. Covariance forced positive definite."
