analysis_pipeline/fit_results/des_5_salt2_2.4_all.ecsv
# %ECSV 0.9
# ---
# datatype:
# - name: obj_id
#   datatype: string
# - name: num_points
#   datatype: int64
# - name: z
#   datatype: float64
# - name: t0
#   datatype: float64
# - name: x0
#   datatype: float64
# - name: x1
#   datatype: float64
# - name: c
#   datatype: float64
# - name: z_err
#   datatype: float64
# - name: t0_err
#   datatype: float64
# - name: x0_err
#   datatype: float64
# - name: x1_err
#   datatype: float64
# - name: c_err
#   datatype: float64
# - name: chi
#   datatype: float64
# - name: dof
#   datatype: float64
# - name: b_max
#   datatype: float64
# - name: delta_15
#   datatype: float64
# - name: tmin
#   datatype: float64
# - name: tmax
#   datatype: float64
# - name: pre_max
#   datatype: int64
# - name: post_max
#   datatype: int64
# - name: message
#   datatype: string
# schema: astropy-2.0
obj_id num_points z t0 x0 x1 c z_err t0_err x0_err x1_err c_err chi dof b_max delta_15 tmin tmax pre_max post_max message
01248677 59 0.3356457968119381 56554.17328597011 3.389410781522162e-05 0.9377989043781412 -0.08098367657981095 0.005984701906588619 0.0963356158536044 2.8168657890542613e-07 0.08976637863145998 0.01122332997604851 316.24100587049014 38.0 -19.590509774332336 0.8895756086260214 56538.281 56629.123 10 49 "Minimization exited successfully."
01250017 60 0.14158863073665204 56553.655343267455 0.00011696907547191771 1.0425429204901704 0.012149971865169418 0.004954177345208574 0.06628225646272767 1.49062583526538e-06 0.1074634970059627 0.009470780394335604 56.392287266222525 40.0 -18.822397977552733 0.8684677893456936 56534.233 56616.08 19 41 "Minimization exited successfully."
01253039 74 0.41716404336832436 56574.641870649415 1.680497532927927e-05 0.5311444852823195 -0.09703354560569344 0.0142053333738624 0.3319897174660582 3.7989255331771776e-07 0.3014377051605486 0.026796935784675138 48.87596377670477 49.0 -19.384497398916434 0.9609210108466861 56547.268 56653.094 24 50 "Minimization exited successfully."
01253101 68 0.4685317491652782 56578.33415446495 1.4936070083537702e-05 1.2343640493703907 0.02399077581556841 0.021070917673862793 0.5178715424335678 4.603510559225695e-07 0.3786596001964404 0.02576135674534638 56.51522512159511 46.0 -19.55758455902322 0.836008781006143 56543.092 56657.052 24 44 "Minimization exited successfully."
01253920 58 0.2111699980545459 56583.38176512685 0.00010184152229334165 -0.7583519942511243 -0.1204432355356341 0.005688816736143909 0.09006238415895496 9.751889080991617e-07 0.07811904129389102 0.014148632819973112 121.56816534202439 38.0 -19.632044861201404 1.211555165097188 56559.19 56649.173 20 38 "Minimization exited successfully."
01255502 29 0.16419806831192008 56592.88589421844 0.00021718842364240322 1.2450304137043355 -0.036295919471532934 0.010599471373658687 0.17117301547841635 9.03946337440786e-06 0.2053994428724648 0.03191927268578558 76.04203545286511 9.0 -19.847319569880792 0.8362367016681134 56563.266 56653.077 8 21 "Minimization exited successfully."
01257366 40 0.2081885726994443 56612.00441560013 4.5004322889563575e-05 -0.1915467968000213 0.13915871217048414 0.022501462905686012 0.45188925000911695 2.3648406979367993e-06 0.45988498841895775 0.07447055511328385 30.743352228471924 20.0 -18.711443983586364 1.0815193486170571 56590.341 56682.089 7 33 "Minimization exited successfully."
01257695 48 0.15351848045067878 56613.18795226362 0.00013167529606236407 0.36973979009362434 -0.07680924400392533 0.007555519563052851 0.06869036209536716 1.5231523913944445e-06 0.06978456825248114 0.008001152925797783 115.70467581411268 31.0 -19.142821746716894 0.9889176820579166 56590.025 56675.078 17 31 "Minimization exited successfully."
01258906 56 0.3749488108293838 56622.1081304287 2.0386906486002944e-05 0.28980580422930435 -0.025752533934111088 0.017738089230461274 0.4680908382033522 8.163430817553764e-07 0.3785644558614294 0.04352297726306828 34.2964163377701 36.0 -19.3196667779699 1.0010239430396268 56594.012 56695.038 18 38 "Minimization exited successfully."
01258940 70 0.43121923451362826 56619.56937890633 1.5844833562639326e-05 0.019062675309249766 -0.08646720560906968 0.022735358259487776 0.5241231239051558 8.22913742042075e-07 0.45469573372805283 0.0425889567474276 42.91043598767088 47.0 -19.405721805088604 1.0540201457582121 56590.311 56697.043 23 47 "Minimization exited successfully."
01259412 47 0.305201259103286 56624.311805649035 3.729057648467482e-05 0.9203852819799923 -0.036383307734963344 0.00679089153517487 0.19624020072296844 3.522797670824078e-07 0.14650736181137414 0.012114970938007341 101.46860075969674 30.0 -19.453903846746915 0.8909088533691651 56602.144 56697.078 11 36 "Minimization exited successfully."
01261579 40 0.32625263699223384 56638.530715221874 3.037158094959247e-05 -0.18512931689429246 0.0009548817554443367 0.007475212158797567 0.11905189898243407 3.4996500692802237e-07 0.10527191849681783 0.01465583841996601 26.39324540199565 25.0 -19.398355901287598 1.0882145929094484 56615.111 56697.079 12 28 "Minimization exited successfully."
01262214 68 0.6506347420856755 56656.96306429985 5.791004750485551e-06 0.31438661533340984 -0.08581260264958765 0.025214425890869696 0.42272722336201696 1.0238596580558453e-07 0.267438885177846 0.020477260394297717 75.0493416266798 63.0 -19.392188785478332 0.9993447801300626 56625.224 56698.051 30 38 "Minimization exited successfully."
01262715 46 0.6988004325743369 56660.029429730304 6.825447086852843e-06 0.788024740107669 -0.05408125925386209 0.011993162532662638 0.3757325188926188 1.192230497812364e-07 0.29410767836520013 0.023783650200426054 35.77111312279037 28.0 -19.760909791261902 0.9142613192648135 56625.224 56697.09 21 25 "Minimization exited successfully."
01263369 36 0.31663700501333153 56665.828453462105 3.1911498592784863e-05 0.22463221458826155 -0.055467073857021904 0.022880870085344895 0.38988135361796594 7.461064451388964e-07 0.2733980828457174 0.039815208167856594 18.42378631076319 22.0 -19.376914583411754 1.0142997737431827 56645.136 56697.043 16 20 "Minimization exited successfully."
01263715 35 0.2642004785756838 56666.97495050523 3.9450443029867556e-05 0.44393486686719275 0.002191042043949598 0.02090046919120425 0.20577492972734035 8.895547820936247e-07 0.29977561058348057 0.03607007629915879 16.347880779700596 21.0 -19.1540159167129 0.9721017006597457 56645.05 56694.039 15 20 "Minimization exited successfully."
01275946 72 0.23532138070547637 57261.709010704675 8.032266881839446e-05 1.6243876897935055 -0.0556688355034515 0.00824475558075749 0.07445890135568334 9.243373191442084e-07 0.12312102294419747 0.017159230965239844 479.3226168100958 48.0 -19.64108919974784 0.7739759158106381 57248.373 57329.035 15 57 "Minimization exited successfully."
01279500 45 0.25377443963173135 57252.01870699061 5.954341035144528e-05 0.6970747951697236 -0.047546945165958976 0.011932515665641408 0.26201852050508023 4.826223596030008e-07 0.14281875572441138 0.01926471098795446 71.70742745648208 29.0 -19.501407131756167 0.9297497135848474 57249.293 57319.287 4 41 "Minimization exited successfully."
01280217 63 0.365951691096792 57250.40074316684 2.0823811082137936e-05 1.9999999624949183 0.0414208940781402 0.018389234671926352 1.6177411549979297 6.989597485851377e-07 0.5854675203948747 0.039983348739675184 87.23413592778223 41.0 -19.282609049993344 0.7093159995678029 57248.388 57329.175 4 59 "Minimization exited successfully."
01281668 83 0.30616353233971877 57271.2489143514 3.8716597290469613e-05 0.22270594377906594 -0.09540872483187712 0.02041073408466107 0.4578940382489236 8.146042247900165e-07 0.2717816303080418 0.03171962976328063 82.7213420834775 56.0 -19.502363007533226 1.0165451375009802 57248.373 57342.028 20 63 "Minimization exited successfully."
01281886 70 0.3379614747758899 57266.98238835527 2.2275383336686774e-05 0.24715804815446596 0.047009601614359686 0.020597163383322792 0.48463198178069433 1.2063597934805482e-06 0.46031326352735014 0.04830588744655634 50.83939037358665 46.0 -19.15145953055065 1.0052661065080777 57248.388 57345.234 16 54 "Minimization exited successfully."
01282736 72 0.3417508071007438 57265.934927777555 1.4567112340596601e-05 -1.0641656627966234 0.1869149302852382 0.02023760599301036 0.4804969708202407 9.227860250288215e-07 0.4741658877974959 0.05421971870424508 38.62268959176316 47.0 -18.71963961461279 1.254604427725429 57249.279 57346.032 15 57 "Minimization exited successfully."
01283373 61 0.20571173119756664 57268.930913841454 6.0596449214905813e-05 -1.1308158180553662 0.006901985229433083 8.391869678214814e-06 0.00033944847746170126 1.1593398889092576e-06 0.1971446217753916 0.01670864283920151 77.43923268264265 38.0 -19.00367831735383 1.2836721675644398 57249.423 57332.081 9 52 "Minimization exited successfully."
01283878 56 0.31390590127433615 57265.44975734008 2.498220575384014e-05 -0.8760833650361253 0.025339233603670963 2.564904011598257e-06 2.4841818230925128e-05 1.4336395417757775e-06 0.41556510179776707 0.04016038477174447 6.33465861579257 37.0 -19.088537649534377 1.226515513918347 57249.293 57339.187 13 43 "Covariance may not be accurate."
01283936 85 0.3844603098672946 57268.05225239831 1.0959320722922495e-05 -0.49063227313236357 0.14892945505745697 0.036064318646731736 0.8981004476554517 8.316313884509931e-07 0.7253863167733928 0.11302195830309508 27.703700650720645 57.0 -18.710595768378575 1.1388082742014625 57248.373 57347.084 20 65 "Minimization exited successfully."
01285160 72 0.7136874017975924 57272.12927319233 5.302918960617409e-06 -0.4657880376857615 0.0033461395023952623 0.019297124972145085 0.5496963175319252 2.2322020838405604e-07 0.32187647396727037 0.06513943008095685 57.5400846007589 50.0 -19.542093344316967 1.1431342420844572 57249.403 57372.178 12 60 "Minimization exited successfully."
01285317 92 0.5817270255447317 57268.80483057663 9.000883643761615e-06 0.2992190165298192 -0.09870487756468407 0.049878094802592254 0.9842410769924754 5.180872714533052e-07 0.6166557185925239 0.07247751695267735 50.5162742315086 63.0 -19.574591258061755 1.002693721634401 57248.373 57356.127 20 72 "Minimization exited successfully."
01286398 52 0.17599841429460467 57271.10546306836 0.00010269862120494134 -1.8181510165126407 -0.022246731800749597 0.008485348760458186 0.21696049467209377 3.188256834728287e-06 0.15162861517402315 0.024696104751685433 68.59212089895837 34.0 -19.198635958323393 1.4517774096242668 57249.293 57331.145 13 39 "Minimization exited successfully."
01287626 23 0.2529616022299972 56682.577468172734 3.466215261851424e-05 0.3139491084007644 0.09690320422602955 0.02931281665121513 0.3617015823183465 7.274969792317461e-07 0.4458862497423475 0.05625512645001424 11.271658802625922 12.0 -18.906161117736747 0.9908498794683958 56653.047 56697.072 16 7 "Minimization exited successfully."
01289288 81 0.25563489233085296 57273.35111101988 2.4684917193207312e-05 -1.0408247603763974 0.15292504351817066 0.05367790234639547 0.6518063654439175 1.0214492236551576e-06 0.547734346195359 0.09545023026342708 42.17772667346844 53.0 -18.563597945089143 1.2522686135387033 57248.373 57347.084 19 62 "Minimization exited successfully."
01289555 79 0.5644049455308964 57274.97226974469 1.0964925668743853e-05 0.6236104332924546 -0.12784402311340898 0.0377097902102182 1.1197441988115315 6.565198334085306e-07 0.5712869588012732 0.06571765121952157 63.811940875112015 53.0 -19.709739388712034 0.9458328246317862 57248.388 57365.115 16 63 "Minimization exited successfully."
01289600 64 0.3934111404392323 57283.13186919339 1.2520086511369488e-05 1.1722453605801562 0.07810758070571794 0.014273484561210803 0.40427130359967123 2.5629460611853433e-07 0.32173803247740373 0.038376242055340265 85.56074973352685 43.0 -18.914575965633592 0.8444678686675502 57253.285 57365.221 12 52 "Minimization exited successfully."
01289656 75 0.5219811674182246 57269.2175790415 9.075296925209475e-06 -0.08389276615313745 -0.018324373471705346 4.6385979203256156e-05 0.0022509879527206067 4.871669421729903e-07 0.6211919624535742 0.056763206388419 30.42441620499463 49.0 -19.29768093870009 1.0699339833107224 57249.423 57355.245 10 65 "Minimization exited successfully."
01289664 64 0.27280614783185475 57278.9454243648 4.9643689740414e-05 -1.11542884605613 -0.05079680661952518 0.0093544689839489 0.23982904327931465 6.081146086384111e-07 0.16661361369270844 0.015923778034093436 112.52032071626462 41.0 -19.4824328952596 1.2847408239129336 57252.303 57345.234 17 47 "Minimization exited successfully."
01290779 44 0.40424823356706086 56892.36935964692 1.7095502343519865e-05 -0.729078269909206 -0.08545327652882276 0.017642002302414833 0.6527945537491178 4.820940910379986e-07 0.48899885068175764 0.04955401225882673 27.963999087300692 27.0 -19.321153793578503 1.203004517941693 56887.39 56973.322 8 36 "Minimization exited successfully."
01290816 40 0.206852340645713 56891.8395510756 6.230190269390091e-05 1.211410999603058 0.05435765863594355 0.007273420001555203 0.2871592327646795 7.095059946185493e-07 0.1916725027147521 0.020265214951254384 185.31855649813292 25.0 -19.04910754204716 0.8387898661206066 56887.39 56960.278 8 32 "Minimization exited successfully."
01291080 52 0.4954285458002504 56888.342396809654 1.1067005792292362e-05 -1.7699148035137677 0.12315066193898694 0.03475225238202592 2.05623518419452 6.31676341804333e-07 0.8832289290174362 0.08391231033444899 40.978208817739684 33.0 -19.376468640340526 1.4246146743443049 56887.268 56973.078 4 48 "Minimization exited successfully."
01291090 51 0.24859662573784502 56904.82811434791 4.87716262978527e-05 1.2959998794809824 -0.0050897656823992166 0.013740686936280028 0.15039929213526193 1.3169879949578855e-06 0.23572319150427345 0.02695107040159872 94.80509648078458 32.0 -19.2342308350366 0.8267373039160049 56887.211 56973.028 12 39 "Minimization exited successfully."
01291794 72 0.4660241922912777 57279.313350568955 1.7822754772162108e-05 0.1081723185643293 -0.03937661867493997 0.02598513116970455 0.8848203199304407 7.030318569759008e-07 0.5388183057958114 0.030911245941616275 33.74106543587076 49.0 -19.73451884719198 1.0349796162930858 57252.289 57356.174 22 50 "Minimization exited successfully."
01291957 60 0.3634037234034437 56905.44306144561 2.4625266300945527e-05 0.45040995672097317 -0.045132156870599294 0.033359238530368124 0.5940530171901628 1.0866871976503156e-06 0.3549312153175914 0.05970020404969879 85.22408367958994 40.0 -19.445043463229872 0.9730482999932875 56877.179 56980.031 16 44 "Minimization exited successfully."
01292145 73 0.49924490908067465 57274.33673897616 6.836521764791437e-06 0.4190174250231098 0.09698470899725076 0.00013263899571311355 0.026992356557457242 1.8141745715266602e-07 0.315486876137143 0.03920134034291506 35.71912967739969 49.0 -18.87442022855759 0.9721967878008968 57252.289 57356.174 15 58 "Covariance may not be accurate. Covariance not positive definite. Covariance forced positive definite."
01292195 81 0.8289161108325258 57280.70849083681 2.9909681137113566e-06 0.27076591586102783 -0.004019469270645393 0.000274674357309157 0.011894984243554063 1.841109696643084e-07 1.8963448774620637 0.14611773719539975 69.70523776422353 57.0 -19.321529886539217 1.0034473506202737 57249.403 57389.163 16 65 "Covariance may not be accurate."
01292332 49 0.26154925057996087 56901.14264664163 5.475539127270946e-05 0.2988483968088711 -0.07291318297170912 7.838318380609666e-06 0.00011866087152156979 1.1619001985291304e-06 0.20137090446406525 0.01846584371141323 50.357788816315846 32.0 -19.485033338651007 1.0015766022718289 56890.328 56973.19 5 44 "Minimization exited successfully."
01292336 49 0.23399493721504222 56902.52037491445 4.541191066251838e-05 0.26921634098312985 0.06832580695734136 1.102657225221515e-06 0.00023662799867452122 1.0445395894800875e-06 0.18597536483799137 0.01867671257771622 59.64194578494118 32.0 -19.006829619740998 1.0002505692028976 56890.328 56973.19 5 44 "Minimization exited successfully."
01292560 48 0.23700364697634796 56904.660016705006 8.159990038060783e-05 0.2852709489930354 -0.12641303196267578 0.009341516991306503 0.2167867385869613 1.3347656422482687e-06 0.14056505432304456 0.020187543736685964 104.10446458598315 30.0 -19.675064576487983 1.0065060182415841 56890.263 56973.042 7 41 "Minimization exited successfully."
01293319 57 0.33059459878112224 56913.813185805935 4.014019240751732e-05 1.9999959620040144 -0.047945315576025604 0.0042316375409397755 0.1736835032752424 5.372656550386996e-07 0.031584317801950146 0.01615147086542708 54.27119524175365 37.0 -19.736878034455657 0.7116061053675793 56887.268 56980.072 12 45 "Minimization exited successfully."
01293758 35 0.14594621826000712 56915.72924727847 0.0001339430978030576 -1.307960006825223 -0.012079895407989871 1.3230405143865864e-05 0.17021381408994785 1.735300446796534e-06 0.1448632074638504 0.02172856494623787 147.93172823005767 13.0 -19.039825415004422 1.3256730129440477 56891.384 56980.044 9 26 "Minimization exited successfully."
