analysis_pipeline/fit_results/des_4_salt2_2.4_all.ecsv
# %ECSV 0.9
# ---
# datatype:
# - name: obj_id
#   datatype: string
# - name: num_points
#   datatype: int64
# - name: z
#   datatype: float64
# - name: t0
#   datatype: float64
# - name: x0
#   datatype: float64
# - name: x1
#   datatype: float64
# - name: c
#   datatype: float64
# - name: z_err
#   datatype: float64
# - name: t0_err
#   datatype: float64
# - name: x0_err
#   datatype: float64
# - name: x1_err
#   datatype: float64
# - name: c_err
#   datatype: float64
# - name: chi
#   datatype: float64
# - name: dof
#   datatype: float64
# - name: b_max
#   datatype: float64
# - name: delta_15
#   datatype: float64
# - name: tmin
#   datatype: float64
# - name: tmax
#   datatype: float64
# - name: pre_max
#   datatype: int64
# - name: post_max
#   datatype: int64
# - name: message
#   datatype: string
# schema: astropy-2.0
obj_id num_points z t0 x0 x1 c z_err t0_err x0_err x1_err c_err chi dof b_max delta_15 tmin tmax pre_max post_max message
[from data line 52]
01295921 54 0.5239 56913.1123387872 7.78035415199274e-06 0.6406652061099405 0.09195427517319987 0.0 1.1890134664317884 7.948848050859383e-07 1.1253808759126727 0.09018735911508236 37.1151419925807 37.0 -19.141161429295554 0.9337459388838205 56890.386 56990.201 8 46 "Minimization exited successfully."
01296273 63 0.397 56926.41508572938 2.6507320856078433e-05 0.0708933197672117 -0.17395900218455487 0.0 0.4902703496918548 5.027845669858259e-07 0.30973463754373753 0.01482925149477314 77.26047651084751 43.0 -19.752474408689135 1.048590962793913 56903.383 57003.049 12 51 "Minimization exited successfully."
01296321 51 0.1844 56930.96553793165 5.4193929207640995e-05 0.5477534094955465 0.11317468289623717 0.0 0.0003045556295546703 8.272434862566229e-07 0.1874266407391334 0.013289669002897714 46.57894335849354 34.0 -18.6190484810391 0.9489158413316261 56915.265 56990.188 12 39 "Minimization exited successfully."
01296657 32 0.1462 56923.57820289955 0.00014773492084099726 0.6822449960612387 0.03260926712375822 0.0 0.23581012761133024 6.7286785966416685e-06 0.30748522988479965 0.029639402844098772 37.29617669429612 14.0 -19.151663360500194 0.9290562801652023 56904.221 56987.079 9 23 "Minimization exited successfully."
01297026 56 0.2585 56928.80246215587 4.297725028933608e-05 -0.7513559181966678 -0.02647121183953849 0.0 0.2468249866651604 5.854364572566162e-07 0.19014512284407226 0.014144155280523346 35.88075867720938 36.0 -19.19209425891613 1.2037112482902756 56903.237 57001.099 13 43 "Minimization exited successfully."
01297465 62 0.2778 56938.88847633733 3.209359668056855e-05 1.0923306921194875 0.056901339545139595 0.0 0.10170618564006872 4.1425996140514806e-07 0.10866161066481839 0.009674326641097492 139.94507938895487 42.0 -19.055662519472026 0.858520613689727 56912.258 57008.065 21 41 "Minimization exited successfully."
01298281 58 0.2351 56930.651259479586 3.7595250286945325e-05 -1.5305064069817864 0.08673029602440108 0.0 0.23192531721724663 6.814306956273719e-07 0.20227499889885614 0.01544589314022285 49.469859412151614 39.0 -18.81249336285046 1.3694650884952217 56915.265 57003.049 12 46 "Minimization exited successfully."
01298893 22 0.1962 56935.18321089061 6.055864888956653e-05 -2.1093360098532505 0.030069540621939228 0.0 0.9616827936588379 2.916484137992229e-06 0.52966763719246 0.06919647158398509 3.6858910341157154 8.0 -18.88759422462976 1.523932519717917 56915.299 56992.068 7 15 "Minimization exited successfully."
01299643 66 0.38 56941.1511726674 2.4787770754400307e-05 0.6085046527956912 -0.07729931992235081 0.0 0.3021226713353826 7.320592594201036e-07 0.3003476835644636 0.019672055469543454 72.24440744537404 45.0 -19.566620998739022 0.9464377386090597 56912.344 57018.078 12 54 "Minimization exited successfully."
01299775 37 0.1598 56940.137718262544 0.00010011159587283713 -0.4093602741380842 0.1945475420277168 0.0 0.295215111127618 3.13467839704179e-06 0.1885091934059271 0.02692097808718183 34.097927252158996 19.0 -18.94224311898878 1.1199313647437315 56920.298 57004.045 4 33 "Minimization exited successfully."
01299785 64 0.3813 56943.75314912776 1.7130349758812113e-05 -0.23563998443085588 0.06957837487431107 0.0 0.6667835073130846 8.472612199286737e-07 0.44702703138748956 0.038294455501594576 18.392635251674676 45.0 -19.173607244867917 1.093994901472655 56920.291 57025.079 13 51 "Minimization exited successfully."
01300516 69 0.3104 56949.323953522195 2.664954609180037e-05 0.8758865672035832 0.15589613688353782 0.0 0.2737379679310834 5.447910074202193e-07 0.2704714716747141 0.01667337864908988 50.36585515912882 47.0 -19.132887128643322 0.8910474483304966 56923.288 57025.093 23 46 "Minimization exited successfully."
01300912 65 0.3376 56946.355242957245 1.906803393315615e-05 -0.45745372090299874 0.08296988428142532 0.0 0.18482760521146702 3.455573247643222e-07 0.14628440139230192 0.015560180637624932 53.24144438906154 44.0 -18.97976143508393 1.136474397360164 56920.196 57019.147 20 45 "Minimization exited successfully."
01301933 61 0.3299 56952.88940918095 3.169817891416349e-05 -0.1777430693533848 -0.12075040649849922 0.0 0.09813863850285998 2.5473274031795334e-07 0.08347708548637645 0.00710652061686666 82.96589769761815 41.0 -19.473582122203062 1.0935007658365805 56924.193 57025.117 19 42 "Minimization exited successfully."
01302058 56 0.1984 56959.56107199265 0.00011367763399228737 0.34395944699110537 0.00814371804263575 0.0 0.10898861421446782 1.2605963365830446e-06 0.10781625842765163 0.010180266944295302 93.7965193816919 37.0 -19.59964195396587 0.9896765599199071 56935.363 57025.079 12 44 "Minimization exited successfully."
01302141 91 0.6088 57281.329871567556 7.790485867620324e-06 -0.715692366982926 0.016834249036794757 0.0 1.0609181932595675 5.327298585044993e-07 0.7156466586519424 0.07274991720044152 55.234301679041 63.0 -19.53699008151971 1.1932829764999013 57248.403 57365.044 28 63 "Minimization exited successfully."
01302187 50 0.2195 56952.99599658653 5.7088519422371366e-05 -0.8882261628131243 0.04903530493531877 0.0 0.2807323656088556 2.113477221001026e-06 0.3167932973762564 0.027774073545028255 23.264328650696683 30.0 -19.097557924839485 1.227381666445961 56925.328 57019.148 15 35 "Minimization exited successfully."
01302523 56 0.4239 57288.74378153382 1.5102387426499387e-05 0.42562380441023384 0.05764536008458837 0.0 0.31208093056920916 4.1696015027348244e-07 0.30918672049041795 0.0240172771826071 69.3605007625829 37.0 -19.30953597872532 0.9728403793880318 57265.24 57372.059 12 44 "Minimization exited successfully."
01302648 57 0.2319 56948.271657509016 4.4707773430391344e-05 -0.7687103333498708 0.13723597091594886 0.0 0.22430190905288327 7.392674641920609e-07 0.19430510088304986 0.015128927168098577 73.51093827453263 38.0 -18.967893490303773 1.1958599251097013 56925.158 57017.08 13 44 "Minimization exited successfully."
01303004 72 0.2949 56960.50677329472 4.2392901170526524e-05 0.7371897494308319 -0.03400892060753269 0.0 0.14425925495379488 4.854509980625747e-07 0.13387747942355643 0.009465432026013465 108.00503932374718 49.0 -19.50675732218359 0.9222542550930726 56934.371 57033.047 21 51 "Minimization exited successfully."
01303279 43 0.1724 56965.77905054073 0.0001866209791826168 1.015007234203937 -0.05168070150761944 0.0 0.23831647443876136 5.3745080018111015e-06 0.31579436010789563 0.021218701640535284 103.64852577132216 22.0 -19.799333321000766 0.8753972203039808 56943.23 57033.169 9 34 "Minimization exited successfully."
01303496 41 0.1798 56966.13031377597 8.184245281441516e-05 -0.2823969066056531 0.08738046777071451 0.0 0.2616147590415494 2.2388001036058273e-06 0.3139568430159123 0.019541200762679234 40.71876786067525 24.0 -19.004829901543125 1.1019532337362392 56943.178 57032.15 12 29 "Minimization exited successfully."
01303883 73 0.2591 57286.327208551535 5.188232148492234e-05 0.5093387609181015 -0.023038960188788815 0.0 0.16997038315821555 9.708556327439604e-07 0.18868581995831146 0.014765663641596177 101.57994138676241 49.0 -19.40310814638586 0.9616260403680528 57265.223 57356.127 14 59 "Minimization exited successfully."
01303952 84 0.5626 57288.92904058483 1.0708849345875127e-05 -0.16022622793073937 -0.1788182340181797 0.0 0.5570846399205038 6.148800616959098e-07 0.49541701864585974 0.029141797746038173 64.17793788973582 59.0 -19.67583707118819 1.0931949117552051 57249.279 57373.057 30 54 "Minimization exited successfully."
01304127 83 0.7286 57281.707202357284 6.525351963876381e-06 0.2923296326355711 -0.08656450918290018 0.0 0.9344969103440235 3.715348578334223e-07 0.6223128265306836 0.03825807211849584 64.95788791192007 58.0 -19.823370262211725 1.0033918037640035 57249.279 57373.058 24 59 "Minimization exited successfully."
01304442 16 0.2171 56965.08075011594 7.734939143869691e-05 0.2493112626013061 -0.06420670760629119 0.0 0.2293735549392295 2.5007249296840576e-06 0.24906840601097002 0.020850353307520664 1.2253543425488689 5.0 -19.401147897064376 1.0101993054299498 56943.114 57029.056 8 8 "Minimization exited successfully."
01304678 49 0.2188 56963.71157860779 5.606381727278343e-05 -1.3106012142329009 -0.026289426088566326 0.0 0.5409772625971527 5.568511840893523e-06 0.5424426836742338 0.07197847531542771 9.09928066394616 29.0 -19.06973100741249 1.3274825593326405 56943.23 57033.168 10 39 "Minimization exited successfully."
01305504 60 0.4956 56973.703675286 1.0937470066443856e-05 -0.4301600829768 -0.06106735021663229 0.0 0.23752416034039925 1.5953590398049e-07 0.1604821203406568 0.01518633148531183 32.41616008523813 40.0 -19.364524833750487 1.1399394044715478 56943.192 57052.047 20 40 "Minimization exited successfully."
01305626 55 0.3257 56974.75514743844 3.119168463321109e-05 -0.32475528778612794 -0.0949353034714796 0.0 0.11568622204140411 2.4159894351366494e-07 0.08283144216373217 0.006960018302917648 63.378586807684904 38.0 -19.42332114300065 1.1209175174423365 56949.125 57049.055 15 40 "Minimization exited successfully."
01306029 74 0.4289 57279.55493949269 1.2534071963507533e-05 1.39221477861987 0.11139468057530877 0.0 0.8870347237461829 4.837034628168982e-07 0.607132015656088 0.03951526679070941 59.77603148393691 50.0 -19.13886670867844 0.8070752074723728 57248.388 57355.217 23 51 "Minimization exited successfully."
01306073 56 0.3286 56972.19056797287 2.2485968739968667e-05 -1.3352134774893694 -0.0015480499736970632 0.0 0.2651250764320139 4.876153790231437e-07 0.18420071785627734 0.0185149889384362 13.017059045889242 38.0 -19.08948145253436 1.3311314099118619 56949.124 57049.056 12 44 "Minimization exited successfully."
01306141 65 0.3324 56977.55361441054 3.212540842159606e-05 -0.12650905524110012 -0.05268352091527739 0.0 0.00035601676063379273 5.3379364137046e-07 0.20216413511642517 0.01494911200078966 30.6473801673652 45.0 -19.50669222639058 1.0799219622653453 56949.337 57051.151 15 50 "Minimization exited successfully."
01306360 76 0.4494 57278.608036914375 1.1922596887714577e-05 -0.8277638252776858 0.028055358680495468 0.0 1.391385732935305 6.43243720747921e-07 0.7814636792709914 0.05407324847331929 31.80141079880081 51.0 -19.203102380264426 1.2160375583112284 57249.423 57355.245 19 57 "Minimization exited successfully."
01306390 68 0.407 57280.469622599456 9.060581801692558e-06 -0.053301483686490236 0.20754325935817503 0.0 1.9588971205594135 6.739812821038305e-07 1.0223493525071565 0.07420083741195563 9.32946004030237 47.0 -18.651741149523573 1.0517274852346503 57253.401 57355.23 12 56 "Minimization exited successfully."
01306537 76 0.4795 57287.74790151226 1.4870737251168609e-05 1.0077396999540156 -0.06918252171092232 0.0 0.4229697246555588 7.111057924016898e-07 0.5139996417435273 0.03062966379478188 63.96432408012699 52.0 -19.61302438316403 0.8772511212463634 57265.363 57372.241 15 61 "Minimization exited successfully."
01306626 73 0.4095 57284.76762775687 1.9759584145961906e-05 0.35355920049573797 -0.05999164226598347 0.0 0.0008805599973129574 6.578177761007435e-07 0.4035932814983392 0.01985010253269061 43.124900995870696 49.0 -19.51213659981467 0.9910775806326377 57255.41 57355.245 16 57 "Minimization exited successfully."
01306785 42 0.5787 57284.33239421208 8.568411103915263e-06 -0.8578385865606797 -0.03342084075995805 0.0 1.5327374044936732 9.095661969341083e-07 1.3162121808699134 0.054478234351985094 12.966034004150485 26.0 -19.506229589959432 1.2268268677674108 57248.419 57311.114 22 20 "Minimization exited successfully."
01306980 86 0.5489 57282.690439560734 8.328971433649302e-06 -1.3089799143013754 0.08974032499645357 0.0 1.1821463808446424 7.253244608748659e-07 0.9233247231698003 0.08249447076156388 53.846854853116795 58.0 -19.33637339697936 1.317237495546351 57252.229 57372.039 24 62 "Minimization exited successfully."
01306991 72 0.4217 57287.413862028945 1.825574132971186e-05 -0.3848845990889176 -0.011040291219190534 0.0 0.7014110109485046 1.7130509434790109e-06 0.823431262509371 0.06389153336233203 29.98090824729621 48.0 -19.50123836190625 1.127894933202544 57265.209 57365.044 17 55 "Minimization exited successfully."
01307277 70 0.4107 57283.98022473257 1.2301773759670898e-05 -0.2198626602655298 0.018610856798538855 0.0 0.9416150321630994 9.00344784932061e-07 0.9727311627537845 0.05196756726881216 31.671409551475577 47.0 -19.00463134240273 1.093900347520652 57256.292 57365.115 15 55 "Minimization exited successfully."
01307830 59 0.3493 57286.11051469257 1.9010843575617555e-05 -1.8448038850952468 -0.0816410822151313 0.0 0.20613597526971716 3.396827928062167e-07 0.19756493862235536 0.017818653191434164 36.12581102771706 40.0 -19.06219905833526 1.464768059018045 57257.281 57365.196 11 48 "Minimization exited successfully."
01308314 74 0.4065 56977.44962390525 1.6815619708238085e-05 -0.38207107057151246 -0.04925595056054555 0.0 0.36124190814371104 3.7435681951025723e-07 0.2757805208517561 0.020527564242104418 52.86762021592692 51.0 -19.317495243268482 1.1296239430650417 56943.178 57051.151 24 50 "Minimization exited successfully."
01308326 63 0.3262 56976.29253359311 3.266942179179777e-05 0.4564615155424727 -0.08998233989951315 0.0 0.21739208750295802 4.935780553175242e-07 0.19757821902024753 0.012760734927350428 44.66505829832451 44.0 -19.47795346219526 0.9739248490297037 56956.141 57045.113 16 47 "Minimization exited successfully."
01308568 72 0.6431 57289.6409069401 7.314327644777908e-06 -0.6741815641509277 0.11714671962610052 0.0 0.8758985459717223 8.39570053727534e-07 0.9956956071282363 0.08784817865128755 51.19818311933587 47.0 -19.614624563671434 1.1778324976986632 57256.269 57379.066 20 52 "Minimization exited successfully."
01308582 57 0.3669 57287.764894127315 2.497428176096994e-05 -0.4724899967511438 -0.05424200519123354 0.0 0.000585432026127819 4.915010034800549e-07 0.18238546499786845 0.020365318573459357 26.226257043073094 38.0 -19.484179056622125 1.148042191840947 57265.24 57366.076 12 45 "Minimization exited successfully."
01308884 48 0.0772 57293.478576181165 0.00031573870893842617 -1.4365648553368615 0.08077254689337515 0.0 0.028552163625136018 1.948852230865267e-06 0.030070923533869864 0.004552539952294127 264.7290182863319 32.0 -18.488290109113148 1.347684279706602 57276.324 57355.251 14 34 "Minimization exited successfully."
01308957 72 0.6187 57289.41578582613 6.520624831815592e-06 0.8583940880055003 -0.1287239991198319 0.0 0.8592690946352377 6.569820023463737e-07 0.7956226403589841 0.04692619887410934 55.8736558931207 50.0 -19.388391166613104 0.9049440166782183 57253.33 57373.057 24 48 "Minimization exited successfully."
01309288 44 0.2684 56989.76352341356 5.885538024956172e-05 0.4880432441553708 -0.0871963689618584 0.0 0.44899049445666606 2.6611089393960245e-06 0.415132319100852 0.03512973812549881 5.804881569371338 23.0 -19.627939777866114 0.9681680637650913 56961.361 57061.067 12 32 "Minimization exited successfully."
01309492 61 0.3335 56993.03353273059 3.455902172691261e-05 0.1745294008467151 -0.09069309766379913 0.0 0.08511814154553576 2.3938424436737154e-07 0.08102761274165804 0.005070829271471428 107.68232865011244 40.0 -19.594806359943878 1.0252031755349087 56963.255 57067.046 20 41 "Minimization exited successfully."
01309749 70 0.7893 56987.96559117798 5.159578162072798e-06 0.5123074146437032 -0.08605688181268661 0.0 0.42497314545471454 1.2421390966632648e-07 0.29649356416352624 0.019309707945341592 40.44190391408527 47.0 -19.782697869448985 0.96380256299895 56949.35 57067.046 24 46 "Minimization exited successfully."
01310338 63 0.4388 56977.2035286246 1.5724542140771458e-05 -0.22165510222560592 0.0832458859238181 0.0 0.44074418316449737 3.690185918198148e-07 0.35909424374805266 0.02369340771194428 25.065613088950222 40.0 -19.442454455649404 1.0905158712574945 56949.112 57052.042 13 50 "Minimization exited successfully."
