analysis_pipeline/fit_results/des_5_sn91bg_color_interpolation_all.ecsv
# %ECSV 0.9
# ---
# datatype:
# - name: obj_id
#   datatype: string
# - name: num_points
#   datatype: int64
# - name: z
#   datatype: float64
# - name: t0
#   datatype: float64
# - name: x0
#   datatype: float64
# - name: x1
#   datatype: float64
# - name: c
#   datatype: float64
# - name: z_err
#   datatype: float64
# - name: t0_err
#   datatype: float64
# - name: x0_err
#   datatype: float64
# - name: x1_err
#   datatype: float64
# - name: c_err
#   datatype: float64
# - name: chi
#   datatype: float64
# - name: dof
#   datatype: float64
# - name: b_max
#   datatype: float64
# - name: delta_15
#   datatype: float64
# - name: tmin
#   datatype: float64
# - name: tmax
#   datatype: float64
# - name: pre_max
#   datatype: int64
# - name: post_max
#   datatype: int64
# - name: message
#   datatype: string
# schema: astropy-2.0
obj_id num_points z t0 x0 x1 c z_err t0_err x0_err x1_err c_err chi dof b_max delta_15 tmin tmax pre_max post_max message
[from data line 50]
01295256 60 0.5599077300603134 56960.64275697613 2.7755575615628915e-18 0.6949254674201096 0.2513598545586243 0.7166947705815493 96.92902585449337 0.03833213098901606 0.5148095789875367 0.739662813878611 3751.100307655492 55.0 -16.279135510708386 2.1554100392369797 56904.295 57012.089 27 33 "Covariance may not be accurate."
01295305 63 0.4920276201409139 56942.89120379307 0.0 1.2238540156670088 0.5103746594159351 0.0 0.0 0.0 0.0 0.0 4396.470156120367 58.0 inf nan 56890.285 57005.143 23 40 "Hesse Failed. Covariance may not be accurate. Covariance not positive definite."
01295921 54 0.5006303771458479 56943.17627932024 2.7755575615628915e-18 0.6556891555220227 0.0006973711649209124 0.6429627748948381 83.7236739279615 0.030840564993182547 0.39336189734080884 0.6036575184576317 656.1522904538657 49.0 -16.47557807428516 2.2481402426969765 56890.386 56990.201 23 31 "Covariance may not be accurate."
01296273 63 0.2623920539958052 56901.97113038882 1.1379786002407856e-16 1.054897674323322 0.4654812330874369 0.6592283908598283 62.8180756237125 0.03081180935444461 0.3943377996643839 0.7178000700901108 4302.882977315289 58.0 -17.965386403111523 1.6154175397466055 56903.383 57003.049 0 63 "Covariance may not be accurate."
01296321 51 0.04505112985818319 56915.202909892556 1.3600232051658169e-16 1.2415818944406896 0.8353204608143747 0.6121803518310546 52.13988438781962 0.03075203810017481 0.3373289379795266 0.578957260111131 6351.291315447523 46.0 -13.318359148218406 1.4622168961522561 56915.265 56990.188 0 51 "Covariance may not be accurate."
01296657 32 0.42959302152638545 56949.1648821259 8.604228440844963e-17 0.650000000014654 0.010943828447171677 0.650119708138341 78.8250305237998 0.03934657577541569 0.4721603889706716 0.6561820248811139 6066.883434938209 27.0 -19.789852875891984 2.2623394630237676 56904.221 56987.079 21 11 "Covariance may not be accurate."
01297026 56 0.8499248756954312 56962.55977618774 2.7755575615628915e-18 1.1513817641966873 0.20484643753226262 0.6372061996600593 84.5182370920993 0.03147876281165511 0.3452443262365384 0.6019636485100605 8470.91283284431 51.0 -17.49912244281619 1.5277277651969676 56903.237 57001.099 35 21 "Covariance may not be accurate."
01297465 62 0.4939054766174335 56931.822440842865 9.71445146547012e-17 0.6942931100812315 0.5000206025550702 1.8873733343915955e-05 0.12356994175934233 0.0 7.191927471228432e-06 1.152671362109059e-05 14440.854193371462 57.0 -19.323335032844554 2.156851764374686 56912.258 57008.065 13 49 "Covariance may not be accurate."
01298281 58 0.8419395948697582 56940.26855602977 2.7755575615628915e-18 0.8898648599333903 0.03385666319539876 0.4517310603436052 70.55673623791881 0.03173445068963126 0.4465888553911452 0.5310483765367748 8586.499005619751 53.0 -17.801937393120035 1.8096356376609464 56915.265 57003.049 16 42 "Covariance may not be accurate."
01298893 22 0.5389307817337073 56949.74763002331 1.970645868709653e-16 0.6500000106365302 0.5493610303293927 0.6736302082444667 68.18858293989251 0.03279724764087502 0.3935299781636609 0.7206858405295546 1964.979053668091 17.0 -20.239225132101396 2.2623566124794863 56915.299 56992.068 12 10 "Covariance may not be accurate."
01299643 66 0.5730983823056954 56967.885683671506 7.771561172376097e-17 1.0741853763867508 0.5097319956684004 0.0019919166464890115 0.5058338055641798 1.387778780781447e-18 0.033519904628689146 0.024677631100508718 5390.798097615898 61.0 -19.456037131808344 1.596656654891305 56912.344 57018.078 31 35 "Covariance may not be accurate. Covariance not positive definite. Covariance forced positive definite."
01299775 37 0.8999999965292003 56954.87401257614 2.0539125955565397e-16 1.2175058501967393 0.09711018704095603 4.37235192496388e-10 0.0003883215176756494 0.0 1.0682767941361249e-06 0.012424084987470801 2868.001625706544 32.0 -22.5441216092266 1.4781744758184452 56920.298 57004.045 9 28 "Covariance may not be accurate."
01299785 64 0.5202164427788254 56963.54413298662 5.551115123125783e-18 0.6500244928991197 0.023860276991397866 0.658544032561126 86.08218862901776 0.03179336095430171 0.3798083688586258 0.5452302939055625 1650.6260500937403 59.0 -17.291468909685772 2.262278204909446 56920.291 57025.079 29 35 "Covariance may not be accurate."
01300516 69 0.7082649154611944 56966.47023839403 8.049116928532386e-17 0.7650905179331127 0.14062133995618892 0.5407339269446838 82.9503192371958 0.03076410282792242 0.4421214615385823 0.5635601595685246 5037.16680188126 64.0 -20.801971795492353 2.0092983155934547 56923.288 57025.093 31 38 "Covariance may not be accurate."
01300912 65 0.5457933937447426 56948.57565619052 1.1102230246251566e-17 0.6500239929988184 0.5006814558377332 2.2386312967637156e-05 0.23770176917969366 0.0 1.925842242345155e-07 2.7420765480234977e-05 11464.582907028509 60.0 -17.229084722599126 2.2622960914992447 56920.196 57019.147 20 45 "Covariance may not be accurate."
01301933 61 0.7177378680848122 56948.93486725454 1.665334536937735e-17 0.6540520087814008 0.5107465001249551 1.8412921312882524e-05 0.19251038819857058 0.0 2.389764382271231e-06 2.3957492727044727e-05 43134.56871793532 56.0 -18.37931684103017 2.2522197116541456 56924.193 57025.117 15 46 "Covariance may not be accurate."
01302058 56 0.6031099361396408 56962.66081766264 2.220446049250313e-16 0.650005408806231 8.076428414938164e-11 1.6508183046659575e-06 0.0002018112973019015 0.0 7.087130660110574e-09 0.00014581181923659092 16183.414790774708 51.0 -21.7242927250401 2.2623255453134696 56935.363 57025.079 16 40 "Covariance may not be accurate."
01302141 91 0.606408439783482 57283.253133250524 4.4408920985006264e-17 1.0113341729872434 0.643795830630823 0.7244800322295881 90.21931540279184 0.036675477103264145 0.43765225679423675 0.8060699566730087 250.82531020223976 86.0 -18.75915136517788 1.6600959633601953 57248.403 57365.044 32 59 "Covariance may not be accurate."
01302187 50 0.27619724818025054 56958.774786706424 8.881784197001253e-17 0.6503439257881332 0.3518329177328764 0.6575466406093192 76.36762032962724 0.031279933143816094 0.36904553492409575 0.6698917748147754 1599.3733994261634 45.0 -18.057297321370037 2.261486904876186 56925.328 57019.148 18 32 "Covariance may not be accurate."
01302523 56 0.7408971011442119 57321.52141716813 2.7755575615628915e-18 0.6500000000161876 0.13679936628075795 0.6601394156499041 89.11618850276136 0.03104489553501385 0.3725400825704937 0.7280611088453384 5658.68958400699 51.0 -17.273819376038716 2.262343864861336 57265.24 57372.059 34 22 "Covariance may not be accurate."
01302648 57 0.32098424280542703 56963.29022829799 1.3600232051658169e-16 0.6552397777802179 0.0048083544588990446 0.5927345961207183 75.87863364428267 0.03074672492848226 0.34837705888026554 0.5847148778896013 5573.178073010499 52.0 -19.552003600020402 2.249253584443604 56925.158 57017.08 24 33 "Covariance may not be accurate."
01303004 72 0.48800444647746866 56964.45940800574 1.4988010832439614e-16 0.6500003070889772 0.054257038407102276 0.6578509861911293 78.77399999527188 0.03245462515709709 0.38965178940703926 0.5071468622498876 9000.904555309515 67.0 -20.651938108867483 2.262340008289147 56934.371 57033.047 21 51 "Covariance may not be accurate."
01303279 43 0.4667849801970087 56999.4541981091 1.942890293094024e-17 1.2499669620242488 0.05393356411565087 0.6627068893020436 82.72852634236187 0.033989278635601396 0.40999594763212627 0.5074894925968902 7167.741779311796 38.0 -18.318426417753784 1.4568019252392368 56943.23 57033.169 26 17 "Covariance may not be accurate."
01303496 41 0.48948877042183025 57004.24972068692 7.216449660063518e-17 1.221472103557821 0.25947864252876074 0.6807628044757981 85.57512310764287 0.03610436846104364 0.35713883084087655 0.6291452656916772 7537.824450871072 36.0 -19.45122177324913 1.4754925111495893 56943.178 57032.15 32 9 "Covariance may not be accurate."
01303883 73 0.010000003658909547 57278.01555015783 1.4988010832439614e-16 1.2392629871720473 0.5078869296322248 0.0003239410157627586 0.0026105290999112185 0.0 4.7887986838190955e-06 2.9617068462495233e-05 2042.2559603691122 68.0 -10.717955017751088 1.4637235426560444 57265.223 57356.127 6 67 "Covariance may not be accurate."
01303952 84 0.41035433003247196 57287.82562002899 4.718447854656916e-17 0.9588778555387912 0.25863811122343794 0.6210822216139419 94.17802441120148 0.030752625531423505 0.42820601718285267 0.7397339575838358 371.19334077613325 79.0 -18.53396337987719 1.7194813083834717 57249.279 57373.057 27 57 "Covariance may not be accurate."
01304127 83 0.20965593459090365 57284.86234297864 2.4980018054066023e-17 1.2289384391904532 0.40174338438712337 0.5447575053391992 93.28829647089151 0.030873173559913522 0.4105729072752808 0.684759990716181 340.8512612696287 78.0 -15.90400705498569 1.4705015928961842 57249.279 57373.058 24 59 "Covariance may not be accurate."
01304442 16 0.3978808286157755 56928.11400000054 4.246603069191224e-16 0.6500002420060607 0.499707853738258 1.9570828310000454e-05 0.028419091988325818 1.3877787807814407e-18 1.685885780977614e-08 3.743165629058187e-05 3098.9825644256352 11.0 -20.365490465149655 2.262355845133669 56943.114 57029.056 0 16 "Covariance may not be accurate."
01304678 49 0.6021683514398015 56942.6589806305 8.326672684688675e-18 0.650000118323365 0.001979514947381411 0.6575662143192552 58.855101948247466 0.030870061994501333 0.370553663133437 0.5957689143042029 860.2244653279035 44.0 -18.152114820496763 2.2623389132692964 56943.23 57033.168 0 49 "Covariance may not be accurate."
01305504 60 0.5258728313589821 56976.59552939774 2.7755575615628915e-18 1.0837812367119246 0.5089792286946682 6.369421287388821e-05 1.003931685227144 0.0 5.7119172322761536e-05 0.00010713145161972415 10432.950821552193 55.0 -15.613120662724391 1.5875247355518312 56943.192 57052.047 20 40 "Covariance may not be accurate."
01305626 55 0.6139546749812692 57024.25774249235 2.7755575615628915e-18 0.6500001592152954 0.19167691337483111 0.6739506005458014 87.50418483131216 0.03185114182219527 0.3823515227182731 0.5947422659271593 40963.32490545697 50.0 -16.660013568471612 2.2623460806193627 56949.125 57049.055 43 12 "Covariance may not be accurate."
01306029 74 0.4912421977941751 57293.96387603527 2.7755575615628915e-18 0.6500000002150936 0.0005367339748044153 0.6416048771627687 86.66644783979791 0.030877814045227978 0.37052895871286895 0.6050564781024071 1936.0025409272268 69.0 -16.426373480330433 2.2623391705326377 57248.388 57355.217 34 40 "Covariance may not be accurate."
01306073 56 0.899999998877615 56997.00294527205 2.7755575615628915e-18 0.6500000000001855 0.01132822371482306 0.555268732159743 83.50571717548883 0.031194105930183798 0.37432941669893766 0.656847129195391 6189.486322533783 51.0 -18.01790493150466 2.262339474016617 56949.124 57049.056 28 28 "Covariance may not be accurate."
01306141 65 0.5483469704815424 56977.03327182536 8.326672684688675e-18 0.7018857096488406 0.513497793774592 0.0003404249142835436 0.8271340835744923 0.0 0.0001244708823558427 0.0003610319170970766 6272.014050506639 60.0 -16.908617659547044 2.1397287665838824 56949.337 57051.151 15 50 "Covariance may not be accurate."
01306360 76 0.6590413979500027 57286.60128275486 5.273559366969494e-17 0.6500543947540133 0.4868171722514038 0.6602693327975335 83.69865784133799 0.030746232386398092 0.3665397888727261 0.7072647066860133 446.0894843401078 71.0 -19.452652996630373 2.2622190704698433 57249.423 57355.245 22 54 "Covariance may not be accurate."
01306390 68 0.503677963710829 57285.00729533227 2.7755575615628915e-18 0.6500000419512938 0.04648276553672487 0.6465500631978567 80.0821541409714 0.031075659646082783 0.37283990947842877 0.6928173420962682 420.2225743664947 63.0 -16.416751579603634 2.262340425852546 57253.401 57355.23 16 52 "Covariance may not be accurate."
01306537 76 0.6019756429260865 57320.032192045386 3.053113317719181e-17 0.6500002154981778 0.023496494698588943 0.678700534137104 90.88935177721942 0.03228560392741475 0.3875905919868176 0.5457934018493651 2104.762401085926 71.0 -19.527416637546967 2.2623392850952904 57265.363 57372.241 45 31 "Covariance may not be accurate."
01306626 73 0.5283147738695694 57264.191452977495 2.7755575615628914e-17 0.714124225115067 0.49747868931533323 0.6298749696908201 84.72711439305567 0.03430095037485894 0.30184430307446164 0.742609182041511 3044.7150720595655 68.0 -18.145723802594617 2.1127123002842474 57255.41 57355.245 4 69 "Covariance may not be accurate."
01306785 42 0.35490038065213414 57264.02507342881 5.828670879282072e-17 0.6658834755061758 0.4709637867735528 0.17890210996666311 0.015252303612214746 0.0 0.0002110963490822293 0.0011663270190574726 192.01772045035452 37.0 -17.985678272027354 2.2232552809974386 57248.419 57311.114 14 28 "Covariance may not be accurate."
01306980 86 0.8685960872130013 57291.96404970941 2.7755575615628915e-18 0.650000039962771 0.0028273852373417174 0.6248451549587735 93.16321564484679 0.03151411864037007 0.37810144699139464 0.6366149633452312 377.0857629485385 81.0 -17.935909638420643 2.2623391340170222 57252.229 57372.039 34 52 "Covariance may not be accurate."
01306991 72 0.08110277769570719 57287.73946357601 5.828670879282072e-17 1.208818616932561 0.006326875794720133 0.4594204361251451 75.50904325908778 0.03074665502463971 0.4233317018958881 0.6468303917571494 138.1502131610018 67.0 -15.331863699257763 1.4841606165941563 57265.209 57365.044 17 55 "Covariance may not be accurate."
01307277 70 0.3134591602660781 57290.933653267115 4.163336342344337e-17 0.814881862908166 0.428566858460138 0.5899711617556775 86.01277617567393 0.037706594814926324 0.3652324715767286 0.7110948971706174 413.45381538463033 65.0 -17.399927002230765 1.9222292002974193 57256.292 57365.115 22 48 "Covariance may not be accurate."
01307830 59 0.4934088221500287 57294.43755491921 5.551115123125783e-18 0.6500003474687295 2.4881205261173545e-05 0.6409193115541323 84.93082926294665 0.030789923356146536 0.36967161950070415 0.6128202663411845 6305.676470981481 54.0 -17.191246427171144 2.262338282549514 57257.281 57365.196 19 40 "Covariance may not be accurate."
01308314 74 0.507839454145183 56975.221134989086 2.7755575615628915e-18 1.2204936051111424 0.5165495061382388 0.00018535035686884083 31.487800209721172 0.0 5.228634342202554e-05 0.00020833681163329176 4731.775978203392 69.0 -15.50954813224105 1.4761582880439796 56943.178 57051.151 24 50 "Covariance may not be accurate."
01308326 63 0.49700700229456174 56994.20708185234 5.551115123125783e-18 0.6500249498307259 0.0008108970154006023 0.6418750049211077 74.18926745892895 0.03081003585980944 0.36808050466478376 0.602762130224507 10265.56910809076 58.0 -17.2089887459989 2.2622763957041165 56956.141 57045.113 27 36 "Covariance may not be accurate."
01308568 72 0.5262980041974138 57320.31570251862 5.551115123125783e-18 0.6500001287578666 0.025999116138138767 0.6511811665424713 100.66301440561074 0.03110970903199692 0.3731970413549665 0.675901502441691 466.3693480895836 67.0 -17.318451521398984 2.262339577658409 57256.269 57379.066 41 31 "Covariance may not be accurate."
01308582 57 0.7486481831208915 57298.118272102976 6.938893903907228e-17 0.6508279440071779 0.13328973045186127 0.6737243285493861 80.57266468707166 0.031803536464756504 0.3715043121956271 0.5587147801166044 2021.7408682451635 52.0 -20.803373941696464 2.2602627677983556 57265.24 57366.076 18 39 "Covariance may not be accurate."
01308884 48 0.5031612828615797 57293.02455235207 4.246603069191224e-16 1.2049651122230924 7.970805182555551e-09 8.872262156067734e-07 8.833020183374174e-05 0.0 3.169016560278237e-07 2.592424359804113e-05 68116.60269030347 43.0 -21.951591127113563 1.4868655634758774 57276.324 57355.251 14 34 "Covariance may not be accurate."
