analysis_pipeline/fit_results/des_4_sn91bg_color_interpolation_all.ecsv
# %ECSV 0.9
# ---
# datatype:
# - {name: obj_id, datatype: string}
# - {name: num_points, datatype: int64}
# - {name: z, datatype: float64}
# - {name: t0, datatype: float64}
# - {name: x0, datatype: float64}
# - {name: x1, datatype: float64}
# - {name: c, datatype: float64}
# - {name: z_err, datatype: float64}
# - {name: t0_err, datatype: float64}
# - {name: x0_err, datatype: float64}
# - {name: x1_err, datatype: float64}
# - {name: c_err, datatype: float64}
# - {name: chi, datatype: float64}
# - {name: dof, datatype: float64}
# - {name: b_max, datatype: float64}
# - {name: delta_15, datatype: float64}
# - {name: tmin, datatype: float64}
# - {name: tmax, datatype: float64}
# - {name: pre_max, datatype: int64}
# - {name: post_max, datatype: int64}
# - {name: message, datatype: string}
# schema: astropy-2.0
obj_id num_points z t0 x0 x1 c z_err t0_err x0_err x1_err c_err chi dof b_max delta_15 tmin tmax pre_max post_max message
[from data line 160]
01335868 66 0.455 57300.23444794138 2.7755575615628915e-18 1.1898376261782166 0.0007905701302464152 0.0 27.043648064311128 0.034087693900173605 0.3004971480685343 0.602917738362353 1158.5832964172541 62.0 -16.2264343647578 1.4977870395024944 57315.229 57425.154 0 66 "Covariance may not be accurate."
01336008 50 0.455 57344.77831189732 4.4408920985006264e-17 1.0619478586659434 0.4989055643228003 0.0 29.068914507901354 0.03237078502584057 0.45991163720092576 0.7282900319118693 2519.957576857795 46.0 -18.262540510180102 1.6084955726512185 57325.01 57403.052 19 31 "Covariance may not be accurate."
01336009 51 0.455 57338.966928679234 9.436895709313832e-17 1.2492323800646745 0.9796476150342972 0.0 3.0229829203526606 0.0 0.00012939248647780843 0.0013956780436001903 1231.1645428365318 47.0 -18.14923386782561 1.4572821120129937 57325.01 57403.052 12 39 "Covariance may not be accurate."
01336453 38 0.455 57314.21645990495 2.692290834716005e-16 1.1698460199019025 0.4986797012332734 0.0 24.112480879564828 0.03088478653425526 0.33535197450588744 0.7118103600908711 19951.030785182138 34.0 -20.219726508819818 1.5129750973879261 57329.169 57403.103 0 38 "Covariance may not be accurate."
01336480 36 0.455 57310.1240057192 2.1094237467877976e-16 1.0793122325985476 0.3293848175833135 0.0 24.848328360603773 0.03074716920592729 0.3841725910707649 0.7369573128776464 2968.1491304287533 32.0 -20.30781264447877 1.5917571593201316 57325.115 57403.103 0 36 "Covariance may not be accurate."
01336687 45 0.455 57312.072926729306 1.7763568394002506e-16 1.0299913386667108 0.5001459318653566 0.0 0.0050829114006774034 4.1633363423443346e-18 0.03514735577330874 0.08703595016189677 12626.005108490745 41.0 -19.764759350293367 1.6405319889477177 57327.063 57403.064 0 45 "Covariance may not be accurate. Covariance not positive definite. Covariance forced positive definite."
01337117 47 0.455 57314.03574456656 8.326672684688675e-18 0.6595823727929429 0.0004834146732111688 0.0 25.25276578661942 0.03187930198252547 0.3463228367794805 0.605565169512311 3194.6646533924895 43.0 -17.41972161807977 2.2385525455036586 57329.028 57403.051 0 47 "Covariance may not be accurate."
01337221 54 0.455 57310.03138016527 0.0 1.0351804396224815 0.500147278784781 0.0 0.0 0.0 0.0 0.0 995.3945234862972 50.0 inf nan 57325.023 57407.048 0 54 "Hesse Failed. Covariance may not be accurate. Covariance not positive definite."
01337228 54 0.455 57310.03276770124 0.0 0.9661518836984808 0.5001504351492367 0.0 0.0 0.0 0.0 0.0 431.76925619758515 50.0 inf nan 57325.023 57407.048 0 54 "Hesse Failed. Covariance may not be accurate. Covariance not positive definite."
01337272 48 0.455 57310.17891368938 8.326672684688675e-18 0.8085367324952522 0.5438530149793019 0.0 0.012400256633554818 0.0 0.04482159094927224 0.0007363316553710697 990.1582063674467 44.0 -16.37097739444683 1.932649368231953 57325.068 57427.057 0 48 "Covariance may not be accurate."
01337325 48 0.455 57310.07801116764 0.0 1.0357866308308508 0.500150940850994 0.0 0.0 0.0 0.0 0.0 957.4849304698671 44.0 inf nan 57325.068 57427.057 0 48 "Hesse Failed. Covariance may not be accurate. Covariance not positive definite."
01337649 36 0.455 57327.65749729674 1.582067810090848e-16 0.6500000002327896 0.18500973883020438 0.0 20.377947093889816 0.032164203009913885 0.38597579510838703 0.590973715687097 15056.563050940002 32.0 -20.278082758826226 2.262346132442932 57339.162 57408.057 0 36 "Covariance may not be accurate."
01337655 42 0.455 57310.07866542259 0.0 0.6624098610651342 0.5001124638353401 0.0 0.0 0.0 0.0 0.0 3016.751101645893 38.0 inf nan 57325.078 57408.041 0 42 "Hesse Failed. Covariance may not be accurate. Covariance not positive definite."
01337687 47 0.455 57324.73508792578 8.881784197001253e-17 1.2499086216759856 0.16867752666865 0.0 0.006700252757582348 1.387778780781447e-18 0.0001925995338030173 0.00033576427261566844 12093.089534680112 43.0 -19.685872454010628 1.4568430469047478 57339.295 57425.154 0 47 "Covariance may not be accurate."
01337703 58 0.455 57344.17386106775 5.551115123125783e-18 0.8862398012830033 0.040686958579503996 0.0 29.635102437907335 0.03120509166907369 0.4424560171261788 0.6886950020738476 1013.1669020285462 54.0 -16.91420471367556 1.8147303608770642 57325.12 57425.154 16 42 "Covariance may not be accurate."
01337838 42 0.455 57364.13393190676 1.1934897514720432e-16 0.9950397952776352 0.3204900987549058 0.0 24.27819275146976 0.03105990816278661 0.4380208137476489 0.6564689515025457 6893.173702859803 38.0 -19.705168190222025 1.6777843917865702 57339.148 57427.068 14 28 "Covariance may not be accurate."
01338128 42 0.455 57352.32225379186 0.0 1.145346353622071 0.5001127836948782 0.0 0.0 0.0 0.0 0.0 3149.3099031691195 38.0 inf nan 57339.019 57407.048 7 35 "Hesse Failed. Covariance may not be accurate. Covariance not positive definite."
01338170 42 0.455 57352.629728655615 1.1102230246251566e-17 1.1430895273296389 0.00013647076160666627 0.0 29.58206086634891 0.030756066219395556 0.44112104659402906 0.6198079954711659 755.1741910277457 38.0 -17.732615242741595 1.5345794143531606 57339.019 57407.048 7 35 "Covariance may not be accurate."
01338233 52 0.455 57304.86506374294 3.053113317719181e-17 1.2435461707916233 0.9892195350000257 0.0 0.26167492821332416 1.387778780781447e-18 0.01740080049445103 0.021680788595662914 234.10409907768985 48.0 -16.901171621110795 1.460942457080403 57319.276 57427.057 0 52 "Covariance may not be accurate."
01338266 80 0.455 57324.042827683654 0.0 0.9814493071219975 0.5001466947485564 0.0 0.0 0.0 0.0 0.0 927.7412595504666 76.0 inf nan 57339.033 57427.068 0 80 "Hesse Failed. Covariance may not be accurate. Covariance not positive definite."
01338278 40 0.455 57324.03788287874 5.551115123125783e-18 0.6595226603393858 0.0018696579044489847 0.0 24.518810599663993 0.0308842896554532 0.40018158459032765 0.5963194879109178 896.1376418279762 36.0 -16.977306415990057 2.238698881391379 57339.033 57427.057 0 40 "Covariance may not be accurate."
01338387 41 0.455 57314.16901203281 5.828670879282072e-17 1.2496037111119866 0.5810813363921391 0.0 24.98171714315322 0.03123895533275023 0.3623781328734003 0.7337515386328826 1395.8157144001664 37.0 -18.419224349881624 1.4570474366059045 57329.169 57428.056 0 41 "Covariance may not be accurate."
01338430 37 0.455 57346.38905320386 2.7755575615628915e-18 0.650000022322121 0.0009640963778941858 0.0 28.954471841312625 0.03086727942133908 0.3704563974093322 0.6016455320065346 1551.7070566178245 33.0 -16.226160580522272 2.262339126717631 57339.117 57428.056 8 29 "Covariance may not be accurate."
01338471 46 0.455 57343.763646832725 1.1102230246251566e-17 1.124346929721979 0.20352414285630693 0.0 26.184219510858384 0.03080769191343815 0.4427909165233276 0.7389347266794442 160.33207534915704 42.0 -17.352939042146375 1.5505997770199968 57319.134 57428.056 13 33 "Covariance may not be accurate."
01338675 34 0.455 57324.08833969999 6.383782391594651e-17 1.2467469978762353 0.542651355038183 0.0 24.418897032301174 0.031240482223914446 0.34966976972565805 0.7262545176722589 11608.161862757428 30.0 -18.584513135476676 1.458881969443219 57339.046 57408.041 0 34 "Covariance may not be accurate."
01339002 36 0.455 57369.63975817314 8.326672684688674e-17 0.6514707946881759 0.18712999333460684 0.0 0.16144795894797426 0.0 0.0004525986177089658 0.010277429370391833 643.4465748001825 32.0 -19.576624781032862 2.2586530438042125 57345.071 57427.068 12 24 "Covariance may not be accurate."
01339149 36 0.455 57363.32705832666 3.053113317719181e-17 1.1512062223051571 0.5461694686685487 0.0 23.252185060922784 0.03238167711929461 0.46088352101916025 0.7405842794167109 597.4228456774756 32.0 -17.77775251512601 1.5278790077328566 57345.068 57427.068 9 27 "Covariance may not be accurate."
01339392 29 0.455 57330.342395069354 1.8041124150158794e-16 0.9357871860057728 0.01969595425618942 0.0 38.5789546191736 0.04844107492350878 0.3591327106603799 0.668860162019736 1785.5742775193094 25.0 -20.72849092632564 1.7481098568161713 57345.331 57426.147 0 29 "Covariance may not be accurate."
01339450 51 0.455 57327.66637921999 0.0 0.8170600661095382 0.5089088872152974 0.0 0.0 0.0 0.0 0.0 387.72865564249486 47.0 inf nan 57339.281 57426.147 0 51 "Hesse Failed. Covariance may not be accurate. Covariance not positive definite."
01340454 43 0.455 57331.7363038532 1.4988010832439614e-16 0.79264652500811 0.369135613432822 0.0 21.15100221672401 0.030746230542430093 0.446558084276528 0.6729568168496863 2989.885994786267 39.0 -19.86359533054483 1.9595698261099521 57345.312 57425.153 0 43 "Covariance may not be accurate."
01341370 32 0.455 57332.07801858376 5.551115123125783e-17 0.6605563687650694 0.018020618281321676 0.0 25.48469360024683 0.032016163385693935 0.4166742792912343 0.6667513385721594 2684.7206953589875 28.0 -19.451495233378225 2.2361699160352444 57347.076 57403.052 0 32 "Covariance may not be accurate."
01341894 28 0.455 57375.200052448556 7.771561172376097e-17 0.650039071279893 0.2037013757233812 0.0 29.314620484245097 0.0307462644444278 0.3669473119319193 0.6013470781409568 2414.6997081159857 24.0 -19.46528785171215 2.2622488167525248 57365.051 57427.057 8 20 "Covariance may not be accurate."
01342255 25 0.455 57377.15587535281 1.9151347174783951e-16 0.6500000000216949 0.0708050799868461 0.0 0.00011971503408858553 0.0 2.316569158722359e-11 0.006014266093698567 25913.732521786256 21.0 -20.707133311331955 2.2623413332972184 57365.107 57428.056 8 17 "Covariance may not be accurate."
01343208 36 0.455 57340.40795953541 0.0 0.8189241151583033 0.5001389122395388 0.0 0.0 0.0 0.0 0.0 3895.2479264226654 32.0 inf nan 57355.251 57426.117 0 36 "Hesse Failed. Covariance may not be accurate. Covariance not positive definite."
01343337 31 0.455 57387.72374678991 4.163336342344337e-17 0.7826073255040357 0.47873605419851095 0.0 24.748209165878507 0.03075504374094022 0.4433140018590047 0.7052900548661061 1509.86698447914 27.0 -18.24108416303814 1.977229030857707 57372.223 57426.147 15 16 "Covariance may not be accurate."
01343401 24 0.455 57394.54428624339 1.9984014443252818e-16 0.650000117655545 0.4841334752136724 0.0 28.12408305054123 0.030774771205424767 0.36918526242376587 0.7139088449025122 1808.347017568142 20.0 -19.93138925741717 2.262355546427539 57372.046 57427.057 12 12 "Covariance may not be accurate."
01343533 31 0.455 57387.80498867368 2.7755575615628915e-18 0.6500000000017028 0.002639873885281696 0.0 28.117828871600068 0.030928274679066083 0.3711397292631934 0.5927291345800114 428.68725003937533 27.0 -16.223514327146173 2.262339229362862 57365.036 57407.048 19 12 "Covariance may not be accurate."
01343759 32 0.455 57378.56003854906 2.7755575615628915e-18 0.6500000000087512 0.002500592121027212 0.0 30.02957500392222 0.031341576233240895 0.37609991332599035 0.6353628320844737 12918.065096458482 28.0 -16.22373451565339 2.262339225473582 57365.133 57426.118 10 22 "Covariance may not be accurate."
01343871 28 0.455 57340.22736279596 0.0 1.2476805418364747 0.5001465229293403 0.0 0.0 0.0 0.0 0.0 1020.0566763664968 24.0 inf nan 57355.223 57408.057 0 28 "Hesse Failed. Covariance may not be accurate. Covariance not positive definite."
01344692 28 0.455 57376.677767277084 2.7755575615628915e-18 0.6500000000537373 0.0019515981144909156 0.0 29.4751197192345 0.03089731597215683 0.3707702069054303 0.5959074064390472 337.6329748275997 24.0 -16.224601977635377 2.2623392101155524 57366.054 57427.068 8 20 "Covariance may not be accurate."
01345553 24 0.455 57395.93864066822 7.216449660063518e-17 0.6500303121766118 0.021550369826381532 0.0 0.000251825727900723 0.0 1.629962925187023e-07 0.9340249810058684 2651.97203601472 20.0 -19.730629960084844 2.2622634939665325 57372.046 57427.057 16 8 "Covariance may not be accurate."
01345582 28 0.455 57379.515763292715 2.7755575615628915e-18 0.6500000000000684 0.0004800432549181832 0.0 29.708094703022653 0.0308915846228166 0.3706991049723884 0.6055982351231306 1783.5937683142356 24.0 -16.2269237593378 2.262339169507353 57365.051 57427.057 12 16 "Covariance may not be accurate."
01345594 23 0.455 57382.30830879386 2.7755575615628915e-18 1.2489835881355633 0.009483270286839818 0.0 30.211286851033947 0.03212734758918705 0.3963777861539299 0.6535222988886887 818.1140324215119 19.0 -16.21264046117387 1.4574312836793908 57372.046 57427.057 8 15 "Covariance may not be accurate."
01346137 28 0.455 57360.059157774136 7.771561172376097e-17 1.2307125743594671 0.159632832947052 0.0 24.289700298621028 0.030747019337989654 0.31999419618150976 0.7323421365441163 1496.0170582629796 24.0 -19.55959079921769 1.469320191125302 57375.046 57425.153 0 28 "Covariance may not be accurate."
01346387 28 0.455 57380.933424634386 5.551115123125783e-18 0.6500266172153516 0.08945360159791643 0.0 29.226698067697725 0.0308862208233881 0.36893288126319657 0.5257130880461378 14450.322965803993 24.0 -16.82934865482283 2.262275013441716 57372.127 57426.118 6 22 "Covariance may not be accurate."
01346956 20 0.455 57372.17802967781 5.551115123125783e-18 0.9395484865869602 0.24884849612627546 0.0 25.286169886941934 0.031588747974371584 0.42933267713399703 0.739630344364506 7348.992210203363 16.0 -16.494033360465423 1.7433450733479958 57387.178 57426.147 0 20 "Covariance may not be accurate."
01346966 27 0.455 57361.08194354412 9.436895709313832e-17 1.2495045217817746 0.6506650425167496 0.0 25.014350266155816 0.03074973238862025 0.3616112926426713 0.6659597092242546 5542.28899373304 23.0 -18.81046938965028 1.4571111538476629 57376.057 57426.147 0 27 "Covariance may not be accurate."
