analysis_pipeline/fit_results/des_5_salt2_2.4_blue.ecsv
# %ECSV 0.9
# ---
# datatype:
# - name: obj_id
#   datatype: string
# - name: num_points
#   datatype: int64
# - name: z
#   datatype: float64
# - name: t0
#   datatype: float64
# - name: x0
#   datatype: float64
# - name: x1
#   datatype: float64
# - name: c
#   datatype: float64
# - name: z_err
#   datatype: float64
# - name: t0_err
#   datatype: float64
# - name: x0_err
#   datatype: float64
# - name: x1_err
#   datatype: float64
# - name: c_err
#   datatype: float64
# - name: chi
#   datatype: float64
# - name: dof
#   datatype: float64
# - name: b_max
#   datatype: float64
# - name: delta_15
#   datatype: float64
# - name: tmin
#   datatype: float64
# - name: tmax
#   datatype: float64
# - name: pre_max
#   datatype: int64
# - name: post_max
#   datatype: int64
# - name: message
#   datatype: string
# schema: astropy-2.0
obj_id num_points z t0 x0 x1 c z_err t0_err x0_err x1_err c_err chi dof b_max delta_15 tmin tmax pre_max post_max message
01248677 30 0.43139158613531886 56555.299011682895 2.9567966665125513e-05 1.1366153893621957 -0.12923143986849986 0.00821112441707067 0.09928355798547273 6.53683707922682e-07 0.11317659279845094 0.02010555589370583 218.49292344488293 25.0 -20.08548339922419 0.8574991128042058 56538.34 56629.123 5 25 "Minimization exited successfully."
01250017 16 0.12142472214744801 56553.46606083792 0.00017111457121948837 0.7092787403965781 -0.29995471069586827 0.011555479456717567 0.21497319451736985 6.03217870834005e-06 0.27648929376328657 0.4929057677595172 17.775491633368116 11.0 -18.87747914589992 0.9373084920927681 56534.235 56616.075 6 10 "Minimization exited successfully."
01253039 18 0.5325446827541045 56576.10229696937 1.2533741152645495e-05 0.2294592314662025 0.29915227372029757 0.033232911602148474 0.7894740829869988 7.355922704635476e-07 0.5721839831990987 0.5992829935318162 7.875039730158139 13.0 -19.70585600816475 0.99569940937835 56547.272 56653.09 7 11 "Minimization exited successfully."
01253101 18 0.45964881005289326 56577.07115937186 1.5195055862027297e-05 0.6761282050596971 0.024427477236828754 nan 0.0022784688626416028 4.2177472335383504e-06 3.7407279314095803 0.43319117000118806 25.491564781086268 13.0 -19.525947064684292 0.9304522554547212 56543.096 56657.05 6 12 "Covariance may not be accurate."
01253920 15 0.22917050444975856 56583.62158665436 8.606997604443113e-05 -0.7615786330663212 0.05785359221117886 2.256852457693803e-06 8.66676346049644e-05 1.8069048819500945e-05 0.16430476408675077 0.2292088385018819 34.745761750640774 10.0 -19.649125076160633 1.2000089031836652 56559.193 56649.168 5 10 "Covariance may not be accurate."
01255502 10 0.19367192427032542 56593.38843815104 0.00022713822380969196 1.1873817185860354 -0.0919038110204694 3.027415600015404e-07 0.17314131557941437 1.1269240354222504e-05 0.3123153121774269 0.031104656608553077 5.092237223602876 5.0 -20.293815744937966 0.8477138313251515 56579.125 56653.072 2 8 "Covariance may not be accurate."
01257366 8 0.2667005782985732 56613.77699760394 4.0125084132164315e-05 -0.3908841120442852 0.2910343777994248 0.05104668672153645 3.2896634765675117 1.077721540201082e-05 1.0366857440034192 0.3719660353182576 3.716165014123094 3.0 -19.199870139884574 1.1101455256961863 56590.343 56675.102 1 7 "Minimization exited successfully."
01257695 11 0.1353355243763355 56613.12139315502 9.104321224005785e-05 0.2762339197049628 0.2989233550167621 0.032487120019533314 0.15439695315581048 4.739092896068052e-06 0.31477095926695364 0.45758834903603246 43.729175672940535 6.0 -18.44767792211413 0.9874723765693076 56590.027 56675.074 4 7 "Minimization exited successfully."
01258906 28 0.4498818834552217 56622.54204040489 1.911137436459709e-05 0.12163686546923635 -0.07189762957612855 7.5008725511638286e-06 0.42502980193603435 8.536231766220762e-07 0.38824998497723384 0.05360165262015594 13.896887671622636 23.0 -19.718922716424956 1.034092322325023 56594.015 56695.035 9 19 "Covariance may not be accurate."
01258940 35 0.6644764229945415 56622.11365608413 1.3661020201488628e-05 0.16293946800969916 -0.14421963495059345 0.029293029084779265 0.6100616767289466 6.088311965912748e-07 0.43153062977880374 0.06562709562200479 25.08952671103647 30.0 -20.380528388723846 1.029907208070842 56590.313 56697.041 12 23 "Minimization exited successfully."
01259412 11 0.3461957553751703 56625.03904275016 3.830494740620916e-05 1.6077962818053848 -0.2916191998639644 0.023684576734817026 0.6321574823268747 4.143957706349843e-06 0.3644462336341441 0.5955486440618445 0.8324218982654046 6.0 -19.80658831770911 0.7832162873331825 56603.052 56693.052 2 9 "Minimization exited successfully."
01261579 10 0.38108798189578363 56639.72058176024 3.0101129552975727e-05 0.4359478510659054 -0.2998349082355683 0.05181957675143206 0.8272299318232399 3.3906141348238903e-06 0.27857651990090737 0.587391136402188 9.503406400796425 5.0 -19.78887106819509 0.986445991999684 56616.087 56693.049 3 7 "Minimization exited successfully."
01262214 23 0.5878103552555256 56655.3447515125 5.096733075510285e-06 -0.753083995663494 0.2995042284920893 0.04460900410620877 1.3450970066005539 2.312166341764124e-07 0.59362051072263 0.5607040942314605 28.887202548575427 18.0 -18.988344921978758 1.1808474786061325 56625.281 56698.051 10 13 "Minimization exited successfully."
01262715 25 0.6331828898899513 56661.274426042895 7.525881970532611e-06 1.3753998018795333 -0.2996193201987053 0.05873201486452684 2.0415062543397653 6.448835793884669e-07 0.9073584188963402 0.556907680068369 2.7419148819437136 7.0 -19.60965989484688 0.8224620677596235 56625.228 56697.09 14 11 "Minimization exited successfully."
01263369 9 0.22460347318346957 56664.89751432994 4.531109211502183e-05 -0.2725418285780745 -0.2988657330438304 0.049312490613682036 0.5548362163935963 6.028562184527684e-06 0.497166917541509 0.5616668646015098 2.120619410494675 4.0 -18.907586359099042 1.121779182084115 56645.138 56697.039 4 5 "Minimization exited successfully."
01263715 9 0.2744161360549568 56667.43978012898 4.5980331862863216e-05 0.737863935010703 -0.2959269792869905 0.0679670616503075 0.8896640134771587 7.124815897754931e-06 0.5469816203636271 0.5934683608511311 4.352397772276822 4.0 -19.41933071367392 0.9321032328881067 56645.052 56694.034 5 4 "Minimization exited successfully."
01275946 18 0.3222318003687049 57262.91942885376 6.998310003225872e-05 1.9996948145962534 -0.029983523391455047 1.4557175825880009e-08 1.940028596436605e-06 1.1826920883703519e-05 0.09695451899398488 0.4316343822794393 87.85064214496994 13.0 -20.275565280359704 0.7112009018934451 57248.375 57329.031 4 14 "Covariance may not be accurate."
01279500 12 0.2730612621024773 57251.58716199853 4.719380275456931e-05 0.7292436165269187 0.29983353973524035 1.9556798762365712e-06 0.00026529586102697067 7.194103556595861e-07 0.18930644448977585 0.5212827516396057 9.99573400352783 7.0 -19.435778381529353 0.9096870011379643 57249.302 57319.114 1 11 "Minimization exited successfully."
01280217 32 0.3677440416182954 57250.74667951129 2.0114480050770214e-05 1.9995789273179492 0.07740589535409514 1.1636558520100593e-06 0.00021155383001314476 8.545638070733826e-07 0.5356392519100952 0.05304673514055358 69.57990725554669 27.0 -19.257696976600958 0.708447237051324 57248.391 57329.173 2 30 "Covariance may not be accurate."
01281668 20 0.3845092651944215 57272.79895047706 3.53269354117558e-05 0.9090950603843808 -0.21037502055555518 8.813958582154502e-07 2.9896924388594925e-05 nan 0.272477570998259 0.018550334007129993 11.892255120550931 15.0 -19.983691254408164 0.8991294267481251 57248.375 57342.024 5 15 "Covariance may not be accurate."
01281886 36 0.34920820581732936 57267.16666062514 2.0908595501284433e-05 0.32607099939584483 0.0986495519499751 0.02455726175199388 0.6640367406362202 1.7569686287841047e-06 0.5804864278269155 0.06800335989570422 32.341185059503104 31.0 -19.16630867622331 0.9886033028604047 57248.391 57345.231 8 28 "Minimization exited successfully."
01282736 35 0.3407878922982843 57266.26168800427 1.4408815038743917e-05 -0.6688288638221707 0.17557026266261228 0.028399962376271543 0.6380859898781637 1.1850451086301013e-06 0.5551074524011038 0.07608575428176823 29.01283637903446 30.0 -18.700593546353055 1.1726881366645188 57249.281 57346.029 7 28 "Minimization exited successfully."
01283373 13 0.2680718497696067 57268.6736088475 5.358894367806233e-05 -0.858017172752402 0.16456248194608275 2.5253991513818352e-06 0.00013025659063714556 1.4751549083395767e-05 0.508602590119683 0.5051383917881234 3.9126966039893967 8.0 -19.523428333504096 1.2124564420814927 57265.366 57332.077 1 12 "Covariance may not be accurate."
01283878 15 0.32298448112379 57266.05308839775 2.7449087571662647e-05 -0.3097045129783873 -0.2885728388591627 0.08720835061093124 1.9474543297219498 1.0535051061881518e-05 1.4974601270024472 0.5276918896620435 2.0514689715514827 10.0 -19.267085004748527 1.128706433001227 57249.305 57339.187 3 12 "Minimization exited successfully."
01283936 42 0.41881570575909327 57268.0270223673 1.0688865527153092e-05 -0.49179051703315313 0.11578010087982094 0.06964341015448927 0.9716472180152778 1.2227724745669804e-06 0.8135598066799806 0.08997858339367196 19.037270819515527 37.0 -18.903062658413976 1.1411885247922449 57248.375 57347.081 10 32 "Minimization exited successfully."
01285160 17 nan nan nan nan nan nan nan nan nan nan nan nan nan nan nan nan 0 0 "No bands in data overlap the model."
01285317 23 0.6716134737163987 57271.23374942095 7.4802776653754016e-06 0.9233994044471254 0.29963500790757486 0.06537613806429277 1.5751771308387106 7.139680994222576e-07 1.2277795897797081 0.34192593024959356 9.72824733115922 18.0 -19.759536302341754 0.8773367813990376 57248.378 57356.125 5 18 "Minimization exited successfully."
01286398 26 0.18791575057022653 57271.749535894596 9.733292505329228e-05 -1.4050063072803216 -0.05905796097319185 0.007391035390912543 0.0006669719005003572 1.965236861953295e-07 0.012004037012735003 0.0022441944265210456 15.355567887847117 21.0 -19.29869171368183 1.3525352865505198 57249.293 57331.145 6 20 "Covariance may not be accurate."
01287626 5 0.28127308047468386 56683.42481012889 3.312167386104459e-05 -1.2542947465013614 0.1772732202749448 0.14191266575619527 1.3433776632264198 2.479214895491217e-05 1.379423426216582 0.3613344680823129 0.04723259414246388 0.0 -19.120876373296262 1.2972955756017939 56660.105 56697.068 3 2 "Minimization exited successfully."
01289288 19 0.3452589712686523 57274.761058047734 2.6285703504250192e-05 0.05223910663957376 -0.027136222089789053 0.515946076346598 76.31924254055048 0.030258067667556482 3.7089341962354823 0.4148556040155157 9.747725479284298 14.0 -19.385160839621314 1.0447689838861862 57248.375 57347.079 4 15 "Covariance may not be accurate."
01289555 20 0.45827892997343544 57273.77526035686 8.526845387785143e-06 0.3118515950062619 0.29900339469168474 0.004382567315750957 0.22775638709572377 2.9334505130542172e-09 0.005786017281634859 0.0003268382774481715 15.31096995687032 15.0 -18.89542632082304 0.981223500815144 57248.393 57365.112 4 16 "Covariance may not be accurate. Covariance not positive definite. Covariance forced positive definite."
01289600 34 0.6861781262272048 57286.02101632012 1.1468937131603464e-05 1.2535479457449652 -0.0018379164574105489 0.012615125471535316 0.40367135769702145 2.346662406366164e-07 0.2746533146498531 0.03954878134169312 32.847399483237226 29.0 -20.276138293344886 0.8336821999036133 57255.37 57365.221 8 26 "Minimization exited successfully."
01289656 19 0.522108212013489 57269.21064525398 7.390769383078256e-06 -0.7335257807916431 0.29916806483267483 3.0981091661552718e-06 0.000125474816741189 2.219071206470413e-06 0.9831601073478723 0.300735086525904 9.629142579682242 14.0 -19.079861858881465 1.176921495326738 57255.415 57355.242 2 17 "Covariance may not be accurate."
01289664 17 0.31285084954298853 57279.587161732634 4.95822104539273e-05 -0.9047479781210206 -0.10098043139418458 0.478596965369641 3.879948053508997e-05 1.9626541815517797e-06 0.14161768321260437 0.011494630118951646 40.64674533070519 12.0 -19.824683901763976 1.2417729589467896 57252.305 57345.229 5 12 "Covariance may not be accurate. Covariance not positive definite. Covariance forced positive definite."
01290779 22 0.42258223928835326 56892.14134878054 1.615727711762327e-05 -0.8654607920595874 -0.029089535801512467 0.023427568159615414 0.6868764219689183 7.596159697781379e-07 0.5598701418456293 0.04957057304872457 11.479719061525412 17.0 -19.373815179628295 1.2281548369999946 56887.393 56973.319 4 18 "Minimization exited successfully."
01290816 10 0.27654937806796265 56892.51256801611 5.062955116579837e-05 1.2535437010044266 0.29998999195495485 1.865732858763458e-07 2.3197248083306476e-05 7.45197618462478e-07 0.26901125452359587 0.4650727685790649 75.50324620592605 5.0 -19.54424081275444 0.8232486725067893 56887.393 56960.273 2 8 "Minimization exited successfully."
01291080 13 0.6048989917776506 56880.39449243304 1.3375282047345394e-05 1.9999857452669225 -0.2993002665823246 0.033258184292286386 3.3936631601827685 1.6651615426813145e-06 4.180608169665122 0.3300384420136214 19.12339116754582 8.0 -20.113810226999448 0.7177126292269662 56887.272 56973.077 0 13 "Minimization exited successfully."
01291090 13 0.3385297129081292 56906.09656080336 4.126190094925209e-05 1.6721651389991186 0.17384574592133317 5.225785725815335e-07 8.297622116515413e-06 1.1279419948892479e-05 0.2773500521096435 0.536529791767467 13.605857501221074 8.0 -19.82797614673492 0.7594363725001685 56887.213 56973.023 3 10 "Covariance may not be accurate."
01291794 37 0.4533079180193365 57279.10493617185 1.845909917319033e-05 0.011045696154277973 -0.09786631834245291 0.04531572069074527 0.9919677228936052 1.8995090842882645e-06 0.5801988425787599 0.14239226371761737 22.839897167176947 32.0 -19.7010421542207 1.056113489359067 57252.291 57356.172 12 25 "Minimization exited successfully."
01291957 29 0.40841909653042346 56905.78886912309 2.459000352094121e-05 0.29763756106065564 -0.1355788745532442 0.033801042845028995 0.4525867202501104 1.827045165700425e-06 0.33300858135427625 0.04759171072977088 62.454084399745255 24.0 -19.743465067114627 1.0046600843994824 56877.181 56980.028 8 21 "Minimization exited successfully."
01292145 19 0.5284927715979438 57276.439836904035 7.902054255179425e-06 1.9672948503593686 -0.2999297642313413 0.05085075990903673 1.9797786624076252 1.1400548018999926e-06 4.13042368206244 0.30263910528988364 8.890455207851836 14.0 -19.18649646596605 0.7232269462264931 57252.293 57356.172 5 14 "Minimization exited successfully."
01292195 19 nan nan nan nan nan nan nan nan nan nan nan nan nan nan nan nan 0 0 "No bands in data overlap the model."
01292332 12 0.38831451350498797 56903.76962887444 4.1677719734745104e-05 1.5566489148603209 0.2999494331768266 0.5465231274638861 78.64191952994952 0.048839733329989574 4.106405892316136 0.3666257651446527 11.078588312903946 7.0 -20.191854652731937 0.77423587728547 56890.331 56973.185 2 10 "Covariance may not be accurate."
01292336 12 0.2726164783654393 56902.69808022953 5.4369556076816485e-05 0.1558945332524373 -0.2995764142779455 0.031360688216335975 0.7173883828145335 4.208255629271905e-06 0.4305385696343704 0.5646551298592702 12.842332709274938 7.0 -19.584520898280825 1.0384247054512237 56890.331 56973.185 1 11 "Minimization exited successfully."
01292560 11 0.23248772607915175 56902.424799595436 9.354062104342532e-05 1.0561351307712759 -0.2973121040980232 0.032219342623197283 2.420397044526908 1.3313459177763384e-05 0.9784276654110147 0.5649492861161673 39.27751885737385 6.0 -19.780333558759352 0.8767160612538447 56903.225 56973.038 0 11 "Minimization exited successfully."
01293319 14 0.32182031396887084 56913.97721685466 3.32004709667405e-05 1.9999998898420772 0.2999999759458419 3.503394583326269e-07 0.0001075513609976042 5.303359294564491e-07 0.2607495616264841 0.4188282481100394 15.455835529208347 9.0 -19.467617319800567 0.7023711625839155 56887.27 56980.068 3 11 "Minimization exited successfully."
01293758 17 0.2644957886425664 56917.04901373254 0.0001318970906667244 -1.2572169350056746 -0.1688385366087594 0.0043194546003407774 0.1831649550695147 2.0488078632432933e-06 0.15719797889847653 0.01965851833014269 16.516027069662208 12.0 -20.467569847296467 1.3266374707414954 56903.107 56980.026 9 8 "Minimization exited successfully."
01294014 22 0.3992664673259976 56920.2357061041 2.2707149466508206e-05 1.137044637207218 -0.07171732145091067 0.012771552977751122 0.47264932377584046 9.211614623361178e-07 0.511101831120317 0.0601670635782013 29.833373875500428 17.0 -19.598753797777235 0.8554998954995661 56890.388 56990.199 5 17 "Covariance may not be accurate. Covariance not positive definite. Covariance forced positive definite."
