analysis_pipeline/fit_results/des_5_sn91bg_color_interpolation_red.ecsv
# %ECSV 0.9
# ---
# datatype:
# - {name: obj_id, datatype: string}
# - {name: num_points, datatype: int64}
# - {name: z, datatype: float64}
# - {name: t0, datatype: float64}
# - {name: x0, datatype: float64}
# - {name: x1, datatype: float64}
# - {name: c, datatype: float64}
# - {name: z_err, datatype: float64}
# - {name: t0_err, datatype: float64}
# - {name: x0_err, datatype: float64}
# - {name: x1_err, datatype: float64}
# - {name: c_err, datatype: float64}
# - {name: chi, datatype: float64}
# - {name: dof, datatype: float64}
# - {name: b_max, datatype: float64}
# - {name: delta_15, datatype: float64}
# - {name: tmin, datatype: float64}
# - {name: tmax, datatype: float64}
# - {name: pre_max, datatype: int64}
# - {name: post_max, datatype: int64}
# - {name: message, datatype: string}
# schema: astropy-2.0
obj_id num_points z t0 x0 x1 c z_err t0_err x0_err x1_err c_err chi dof b_max delta_15 tmin tmax pre_max post_max message
01248677 16 0.39556759494938465 56526.528221820634 1.1102230246251565e-16 0.6500014744080586 0.07832655872842931 0.6206752113751026 20.565060415861808 0.03119520663661774 0.37393602761817685 0.7099666259011479 4564.6288455414415 11.0 -19.74039921743827 2.2623378839706767 56538.281 56629.077 0 16 "Covariance may not be accurate."
01250017 30 0.8801210222486542 56522.403805078655 2.997602166487923e-16 1.0972775176005547 0.002716407330349002 0.6801362569269638 21.45894427006715 0.035036366856701695 0.3689917574463258 0.6361988626919824 5922.045877746454 25.0 -23.05508581783218 1.574908713831224 56536.245 56616.08 0 30 "Covariance may not be accurate."
01253039 20 0.39422003596470534 56532.420292004965 5.551115123125783e-18 0.6960668343910646 5.0079007199888004e-05 0.6212853210132718 26.09468040483989 0.031327677375521064 0.30518278030773527 0.6178904494086441 820.3611847667617 15.0 -16.609934970943225 2.152812650034594 56547.274 56653.094 0 20 "Covariance may not be accurate."
01253101 17 0.3960210885570735 56544.38859742865 2.7755575615628915e-18 0.65000856543932 0.5000252638350131 0.000492037542873025 0.021488156129635172 1.3877787807814458e-18 2.424608455953159e-06 0.7281557152379459 540.8700898404649 12.0 -14.890964108301748 2.2623349112741202 56543.099 56657.052 1 16 "Covariance may not be accurate. Covariance not positive definite. Covariance forced positive definite."
01253920 29 0.4699030643207988 56583.60907136959 2.275957200481571e-16 0.6500000013009593 0.14416688066493744 1.0460021595604108e-05 0.00011248778173467144 0.0 6.554853881901579e-10 0.2572275649870567 1951.4152489658409 24.0 -20.841250785240312 2.2623441822769195 56559.195 56649.173 10 19 "Covariance may not be accurate."
01255502 19 0.4287255379805095 56548.34457849214 1.1102230246251565e-16 1.242521455973182 0.0864140321182425 0.632399954932082 25.89716245130694 0.03142906702855003 0.34613108000007903 0.5231535717952422 6471.914600652445 14.0 -19.933329512864315 1.4615971173858 56563.266 56653.077 0 19 "Covariance may not be accurate."
01257366 25 0.4688482672825006 56576.77431165696 1.637578961322106e-16 0.8273836169820441 0.061319089176498864 0.00013567970294078857 0.002259974993648939 0.0 8.312960460660213e-05 0.1362203452900358 796.3656581765658 20.0 -20.631592399546665 1.9021908198321924 56594.14 56682.089 0 25 "Covariance may not be accurate."
01257695 25 0.46786664935389305 56575.02987647981 5.162537064506978e-16 0.6576069012380297 0.4541899706038396 0.6455033226295102 25.557569005268306 0.03170397442981576 0.3389628527814947 0.7082857091808168 9784.144012002685 20.0 -21.103482900681296 2.2434201110569667 56590.029 56675.078 0 25 "Covariance may not be accurate."
01258906 15 0.39045948992585955 56580.94693843385 0.0 1.084344183231075 0.5000393116767062 0.0 0.0 0.0 0.0 0.0 604.0341829996197 10.0 inf nan 56594.019 56695.038 0 15 "Hesse Failed. Covariance may not be accurate. Covariance not positive definite."
01258940 18 0.4540084317890509 56585.403140037364 1.665334536937735e-17 0.6500004842241552 0.051518523894733104 0.6560607525117251 31.662348149668105 0.03360156159511225 0.403474693016781 0.6960879812625193 339.8903223750014 13.0 -18.083061237946172 2.2623394739018536 56590.318 56697.043 0 18 "Covariance may not be accurate."
01259412 24 0.5481305306790334 56610.95827330558 6.66133814775094e-17 1.1851599245014592 0.4705190440763289 0.6495833688642025 29.141205382868065 0.030752670626505496 0.32432283748452023 0.7033006183961084 5133.460972137212 19.0 -19.257289499070037 1.5012752096239588 56602.205 56696.024 4 20 "Covariance may not be accurate."
01261579 20 0.2685539580080761 56632.44490914623 1.1934897514720432e-16 0.7279627130622562 0.9667071188486458 0.0007770483679993001 8.17621823299487 0.0 0.001029849868506072 0.0027350672099434314 2847.8628799430317 15.0 -17.093808573741924 2.08312640248349 56615.111 56696.025 4 16 "Covariance may not be accurate."
01262214 0 nan nan nan nan nan nan nan nan nan nan nan nan nan nan nan nan 0 0 "Empty table passed to fit_lc."
01262715 0 nan nan nan nan nan nan nan nan nan nan nan nan nan nan nan nan 0 0 "Empty table passed to fit_lc."
01263369 18 0.6447032514719023 56662.374018659866 2.7755575615628915e-18 0.6830535538212724 0.17798917902438366 0.6579657221782838 31.293901011718845 0.03299767237918203 0.4492539053826974 0.5754109798147665 1147.5604827393922 13.0 -16.81908435315232 2.182648862454272 56645.14 56697.043 8 10 "Covariance may not be accurate."
01263715 18 0.5145508248490528 56663.84069446379 8.326672684688674e-17 0.6500000071271148 0.4890869541284572 0.6168556602850337 20.91291679961796 0.03642596027702423 0.4370797847654496 0.7440284280271658 1066.588275582781 13.0 -19.28974761340467 2.2623560145187867 56645.054 56694.039 8 10 "Covariance may not be accurate."
01275946 38 0.4580527234610474 57256.942015206325 1.4710455076283326e-16 1.064204894892448 0.6111443279843484 0.000761393634563845 0.16858249367942335 1.387778780781453e-18 0.0008309666160920548 0.0014811093071608883 4009.074340229443 33.0 -19.38669731575292 1.6062957701115295 57248.378 57329.035 6 32 "Covariance may not be accurate."
01279500 23 0.520231716338816 57260.70519156057 8.326672684688675e-18 1.1596732689482216 0.40646211624308876 0.615211449450499 29.494371774697356 0.03081384353317363 0.4394049331162306 0.6857477034356172 17877.395261690926 18.0 -17.001443825206227 1.521016686899042 57249.318 57317.099 5 18 "Covariance may not be accurate."
01280217 17 0.39566457195697535 57255.59907248412 1.1102230246251566e-17 1.247477421517815 0.041546159735345145 0.6323161782972422 30.03183055016416 0.03313319342026915 0.41496587563380277 0.5214175910802109 395.7185811161763 12.0 -17.304492018896582 1.4583992521702065 57248.395 57329.175 2 15 "Covariance may not be accurate."
01281668 43 0.4976094012171382 57237.46910997453 8.326672684688675e-18 0.6500002790924537 0.006927732791300767 0.6527817820960671 21.103139591697982 0.031715473742274125 0.38076699674486764 0.5784347109008949 2954.125086313072 38.0 -17.642693760245557 2.2623386470025935 57248.378 57342.028 0 43 "Covariance may not be accurate."
01281886 19 0.4061227656852816 57258.8204373149 1.942890293094024e-17 1.0544767171890412 0.3635473197094964 0.0006098238291504798 0.06493632250203518 1.3877787807814454e-18 0.01507902871223954 0.019921328087997375 179.80042675806692 14.0 -17.36217189513696 1.6158312021720214 57248.395 57345.234 3 16 "Covariance may not be accurate."
01282736 20 0.3996717296121179 57263.14724795968 3.608224830031759e-17 1.0649378082048153 0.3196916005159126 0.6317086745809801 30.995014947071468 0.032681023533016176 0.39253059237536 0.7376568349817374 18.15282359101915 15.0 -18.072798325888044 1.6055788210663273 57249.286 57346.032 3 17 "Covariance may not be accurate."
01283373 33 0.49876791701720713 57237.52150001867 1.5265566588595902e-16 1.235177898953487 0.46521435486847684 0.6889572169815925 34.10262710761526 0.03795701748493403 0.3263639760799026 0.731198751923451 838.8675506487457 28.0 -19.922431009070394 1.466389924796772 57250.337 57332.081 0 33 "Covariance may not be accurate."
01283878 28 0.4791565394960223 57263.33272188971 2.7755575615628915e-18 0.6500000000000042 0.00025293451841285064 0.6411562617073137 29.828626877759234 0.031050036742127276 0.37260043346126503 0.6081759974908785 455.66707918139576 23.0 -16.361843410372952 2.2623391632350085 57249.322 57339.072 5 23 "Covariance may not be accurate."
01283936 23 0.3818569758168065 57233.37408481143 2.7755575615628915e-18 0.712664107743428 0.054616754888301866 0.630130554837616 27.628107344149612 0.03440948365900768 0.4782292124733363 0.5067669550552023 396.42478739359234 18.0 -15.686109442465714 2.1158805890185803 57248.38 57347.084 0 23 "Covariance may not be accurate."
01285160 0 nan nan nan nan nan nan nan nan nan nan nan nan nan nan nan nan 0 0 "Empty table passed to fit_lc."
01285317 24 0.3837349530722183 57233.37377081063 1.665334536937735e-17 0.6525708833124824 0.16332986225869583 0.620944146508859 25.500163467739185 0.03177789457544958 0.36321601783857005 0.5781484735778666 350.3339169936133 19.0 -17.44008606302745 2.255899890848564 57248.38 57356.127 0 24 "Covariance may not be accurate."
01286398 26 0.4784686150797474 57263.712129898806 2.331468351712829e-16 0.6500000000207725 0.3842893255423847 3.7399668363913285e-05 0.0015333778901549522 0.0 1.3212552718577797e-09 0.051041081318986825 1043.8827439848444 21.0 -20.444882027794556 2.2623527367301257 57249.318 57329.116 5 21 "Covariance may not be accurate."
01287626 13 0.5609514480956932 56639.765015687255 1.0824674490095277e-16 0.6500000777500341 0.27410274399364565 0.6871721906468937 22.46250694565242 0.033641570178720326 0.4038015499266522 0.7395961404785822 2547.1765049321084 8.0 -20.225204443472816 2.262350195801094 56653.052 56697.072 0 13 "Covariance may not be accurate."
01289288 44 0.46117995450918164 57233.37525728385 5.551115123125783e-17 1.1313312912157008 0.5100834637225983 0.001164200202913107 0.0028834514268964995 0.0 0.14772605966884167 0.0009177941227735409 428.6842998947316 39.0 -18.52115872528119 1.544558157349762 57248.378 57347.084 0 44 "Covariance may not be accurate."
01289555 21 0.38489932896671825 57273.38798494567 1.3877787807814457e-17 1.1946652532666042 0.6694928187911915 0.00030036297163643644 1.3635483694924915 0.0 0.0012188572179634427 0.003872058193903627 99.08679753194644 16.0 -16.258949196199517 1.4942637535828212 57248.396 57365.115 4 17 "Covariance may not be accurate."
01289600 16 0.43586284887098153 57257.77228408206 5.551115123125783e-18 0.6500000218327358 0.0008027695966373871 0.628570410014152 28.336451234761626 0.03083294699847768 0.3699469568599883 0.6028241178169144 924.1195972905039 11.0 -16.867608855340862 2.2623391234867825 57253.285 57365.135 1 15 "Covariance may not be accurate."
01289656 21 0.3960257138958867 57237.817027991565 5.551115123125783e-18 0.6500571861442523 0.00018090364288730898 0.6200898468401007 20.733418806197733 0.03110501622751769 0.37073021802889106 0.6092246513311027 320.3596708363738 16.0 -16.621464888699204 2.2621952667819976 57250.337 57355.245 0 21 "Covariance may not be accurate."
01289664 35 0.30775456587760247 57260.54142585362 9.992007221626409e-17 0.7030150970351347 0.49682003265021846 0.655525115072679 29.924469275112642 0.032310618910477776 0.30523609899400306 0.7265036823873836 5896.662771929426 30.0 -18.14847126884777 2.137204278309394 57252.307 57345.234 4 31 "Covariance may not be accurate."
01290779 12 0.3959293499880791 56896.38750030616 5.551115123125783e-18 1.142569470550216 0.056329391061931855 0.6318395589069176 30.42018215161079 0.03299938399716881 0.46892206388275054 0.6989808125463671 435.75278987164444 7.0 -16.52857150963836 1.535015677458972 56887.398 56973.322 2 10 "Covariance may not be accurate."
01290816 20 0.6479299807387638 56893.55404847608 9.436895709313832e-17 0.8751526845360309 0.42789351840445544 0.6580609166277616 29.62444923696603 0.032829169142096944 0.45817434712847666 0.7068854121800628 3667.2538586215283 15.0 -20.1721736856686 1.830512885974219 56887.395 56960.278 4 16 "Covariance may not be accurate."
01291080 14 0.3967028220196342 56904.83764015684 1.1102230246251566e-17 0.8505957098795631 0.298237732287119 0.6275967481470424 30.61309440860714 0.03213541636620868 0.45620185101064964 0.7388549624914722 137.0426328168978 9.0 -16.810884706802184 1.8665206286210392 56887.275 56973.078 3 11 "Covariance may not be accurate."
01291090 25 0.48105294342751687 56896.70020477781 1.2212453270876723e-16 0.6505257265544008 0.4860237648729372 0.6379160330033479 27.168158619959286 0.03074794953928408 0.3763422165480754 0.7070943860822276 930.7766245901157 20.0 -19.537029258419345 2.2610339450993813 56887.215 56973.028 4 21 "Covariance may not be accurate."
01291794 18 0.3950584569188884 57268.47488936195 5.551115123125783e-18 0.7770447697981806 0.0003089549746960185 0.6185945429956077 29.730865647721657 0.030959521927786112 0.4456755383480508 0.607459442406185 140.64512987521417 13.0 -16.614982726351382 1.9872220857488578 57252.296 57356.174 4 14 "Covariance may not be accurate."
01291957 15 0.38958533004514617 56862.17900011819 2.7755575615628915e-18 0.6500000000001633 0.00026784714946381794 0.620145490909488 25.096310100805567 0.03137156213753221 0.3764590014112573 0.6217479240305688 810.0144384838004 10.0 -15.826665201094826 2.2623391636463523 56877.186 56980.031 0 15 "Covariance may not be accurate."
01292145 19 0.398008662402632 57268.359814672156 2.7755575615628915e-18 0.6500000000000039 0.00198706511555935 0.6201938518268147 29.809389974681835 0.031045727881996592 0.372548769228712 0.6332041968599055 160.4690313788105 14.0 -15.878872425504063 2.262339211234899 57252.296 57356.174 4 15 "Covariance may not be accurate."
01292195 0 nan nan nan nan nan nan nan nan nan nan nan nan nan nan nan nan 0 0 "Empty table passed to fit_lc."
01292332 25 0.20408900629659948 56899.69258153692 9.992007221626409e-17 1.2294488864709403 0.4951259375784371 0.1692021023106928 0.011313678776787128 0.0 8.258507456515574e-05 0.00034742267966075824 191.9208353677367 20.0 -17.136450328321786 1.4701655722080247 56890.333 56973.19 3 22 "Covariance may not be accurate."
01292336 25 0.4678163679898066 56899.84788775717 8.049116928532386e-17 0.9571415854682552 0.006773617347387684 0.6572429955540746 30.576822642455227 0.03308847749956591 0.4379975725885152 0.6478776372807153 459.96310270227576 20.0 -19.945148797544878 1.7215699679926075 56890.333 56973.19 3 22 "Covariance may not be accurate."
01292560 27 0.4848580218019715 56897.52843363886 1.4988010832439614e-16 0.7222041295685262 0.006425184492914349 0.6444704139423368 29.158849808605737 0.031228154763208005 0.3297753743193165 0.588404202948974 1803.859400966792 22.0 -20.713900096650573 2.095293333487948 56890.263 56973.042 3 24 "Covariance may not be accurate."
01293319 29 0.09466468934508172 56912.16243405536 1.3600232051658169e-16 0.7923523322225045 0.41118044682339827 0.0015407759887769087 0.0021636004676111042 0.0 0.002477767717243784 0.00017269732030739116 1291.386922536457 24.0 -15.839730082413055 1.9600809225584364 56887.272 56980.072 6 23 "Covariance may not be accurate."
01293758 18 0.4476147767646267 56899.6842120813 1.6930901125533639e-16 1.248045060879956 0.5170655790082889 0.0017461231862082593 0.1551441361370962 1.3877787807814407e-18 0.002216802584560029 0.0008360413080584772 1006.8863300684358 13.0 -19.643186099808577 1.458047464594852 56891.384 56980.044 1 17 "Covariance may not be accurate."
01294014 6 0.4035780091165495 56880.90460625608 1.332267629550188e-16 0.6901284745817967 0.012937045673682979 0.6239857268366278 22.338540650573123 0.03130453209979995 0.43062656770018426 0.6594954677577604 49.24039455396249 1.0 -20.10026744033049 2.1663343936688904 56903.404 56990.199 0 6 "Covariance may not be accurate."
01294743 25 0.4627096345678057 56875.32754673829 2.7755575615628915e-18 0.9497449860029006 0.23596072783810818 0.6568980393444677 27.216136750350415 0.03327090693835204 0.4410698535258905 0.6179542314124764 1983.6070577009573 20.0 -15.81641784355558 1.7306161093946102 56890.285 56980.127 0 25 "Covariance may not be accurate."
01295027 19 0.3962269987249825 56897.02893340925 8.326672684688675e-18 0.9347418699424616 0.005013431024388892 0.6233854871047166 27.28856799911955 0.03152529309840788 0.4355679480370177 0.5840566281804397 191.3651015885907 14.0 -17.055358428677412 1.7494435235602346 56887.275 56992.069 2 17 "Covariance may not be accurate."
01295256 17 0.391485480451875 56889.300391196026 1.665334536937735e-17 0.6858189703117143 0.04257093130763839 0.6340959477637553 27.60337937474469 0.03422662042607362 0.4660976279215477 0.6900811157794482 516.4759300356878 12.0 -17.71574048516152 2.1762424449691267 56904.303 57012.089 0 17 "Covariance may not be accurate."
