analysis_pipeline/fit_results/des_4_sn91bg_salt2_phase_blue.ecsv
# %ECSV 0.9
# ---
# datatype:
# - {name: obj_id, datatype: string}
# - {name: num_points, datatype: int64}
# - {name: z, datatype: float64}
# - {name: t0, datatype: float64}
# - {name: x0, datatype: float64}
# - {name: x1, datatype: float64}
# - {name: c, datatype: float64}
# - {name: z_err, datatype: float64}
# - {name: t0_err, datatype: float64}
# - {name: x0_err, datatype: float64}
# - {name: x1_err, datatype: float64}
# - {name: c_err, datatype: float64}
# - {name: chi, datatype: float64}
# - {name: dof, datatype: float64}
# - {name: b_max, datatype: float64}
# - {name: delta_15, datatype: float64}
# - {name: tmin, datatype: float64}
# - {name: tmax, datatype: float64}
# - {name: pre_max, datatype: int64}
# - {name: post_max, datatype: int64}
# - {name: message, datatype: string}
# schema: astropy-2.0
obj_id num_points z t0 x0 x1 c z_err t0_err x0_err x1_err c_err chi dof b_max delta_15 tmin tmax pre_max post_max message
[from data line 53]
01296273 31 0.397 56927.446968727905 8.326672684688675e-18 0.6554627465314193 0.5196859843965284 0.0 21.837688805680955 0.031125263922821042 0.3476541596980274 0.7197034891176274 3846.87619355529 23.0 -16.058683442799875 2.247060367060616 56903.386 57003.047 8 23 "Covariance may not be accurate."
01296321 13 0.1844 56906.70373930036 4.4131365228849973e-16 1.2458049070855088 0.4956313086505556 0.0 23.067801468700054 0.03074624401934025 0.3469643394046387 0.7093559492691132 4252.255634838391 5.0 -18.502078846870162 1.4590802342657732 56915.267 56990.183 0 13 "Covariance may not be accurate."
01296657 8 0.1462 56912.28009677149 2.1288526497187377e-15 0.6642560595545852 0.5000666453770558 0.0 0.10384255775352358 2.7755575615629308e-18 0.0002486122126384993 0.00017747919633351317 1982.2777127107229 3.0 -19.64404726222698 2.2255706928784136 56904.221 56973.075 2 6 "Covariance may not be accurate."
01297026 13 0.2585 56904.44524962016 9.74220704108575e-16 0.6500000000169939 0.8727851649783479 0.0 28.099201551565784 0.03551640444398912 0.4261952371939946 0.7258792232520739 2241.1501429591167 4.0 -19.475419910957047 2.2606705642587777 56915.203 57001.06 0 13 "Covariance may not be accurate."
01297465 14 0.2778 56897.25800059782 3.58046925441613e-16 0.6916351802332021 0.4109227567254813 0.0 7.439994078595191e-07 0.0 2.3568317622235657e-05 0.026156522044833153 8381.937162400889 4.0 -19.47023220084382 2.161384262932298 56912.304 57005.249 0 14 "Covariance may not be accurate."
01298281 15 0.2351 56900.27793952585 8.576472865229335e-16 0.682213345704271 0.4786611667866617 0.0 24.89665341489672 0.030746228937916745 0.41845158518472336 0.7056721456551375 2752.514251118181 4.0 -19.856212154395198 2.183061223306737 56915.267 57003.045 0 15 "Covariance may not be accurate."
01298893 4 0.1962 56913.657059077006 8.715250743307479e-16 0.9888426529803243 0.3796537952241005 0.0 26.410601611882157 0.03074622891826953 0.41623594992309704 0.676529311227017 780.9889434761646 -1.0 -19.643123396036014 1.6839601267250472 56943.247 56992.064 0 4 "Covariance may not be accurate."
01299643 33 0.38 56897.3490839714 0.0 1.2107418830654006 0.5001279959666205 0.0 0.0 0.0 0.0 0.0 0.0 -4.0 inf nan 56912.346 57018.075 0 33 "Hesse Failed. Covariance may not be accurate. Covariance not positive definite."
01299775 6 0.1598 56913.21814060613 3.663735981263017e-16 1.180284926199082 0.4190207606697035 0.0 0.014163988849759335 2.7755575615628815e-18 0.0001943390615317675 0.2572068357390356 964.2227126930902 -1.0 -18.12910300273101 1.5044633435182888 56927.224 57001.29 0 6 "Covariance may not be accurate."
01299785 33 0.3813 56933.41944189656 1.2212453270876723e-16 0.6500556796600621 0.4565698205035293 0.0 0.10427371375044459 1.3877787807814407e-18 0.0004250376745467688 0.0009361668168300918 1180.4383657948833 21.0 -19.0048216599521 2.2605296866460876 56920.294 57025.076 4 29 "Covariance may not be accurate."
01300516 17 0.3104 56936.96416076857 2.248201624865942e-16 0.6500000000167884 0.5000048578084961 0.0 0.0026173887854383793 1.3877787807814654e-18 1.4988796870341048e-08 0.41207289439186945 2403.979533102435 8.0 -19.04262487933009 2.2606710802876826 56923.291 57018.088 4 13 "Covariance may not be accurate. Covariance not positive definite. Covariance forced positive definite."
01300912 32 0.3376 56936.860283432754 2.7755575615628915e-18 1.1075375267553442 0.02624957993645799 0.0 29.801850725922122 0.0310743480868335 0.3712186399649227 0.5416253678219384 10623.580012660206 22.0 -15.419660417833935 1.5649592843400164 56920.205 57018.21 8 24 "Covariance may not be accurate."
01301933 16 0.3299 56949.15712390395 1.8318679906315084e-16 0.7149570733332148 0.5000927000167449 0.0 0.014902181697834749 0.0 1.3108741892364772e-05 5.315261818406025e-06 16968.8689965693 10.0 -18.97393533272354 2.109464021865314 56924.193 57025.1 5 11 "Covariance may not be accurate."
01302058 14 0.1984 56920.38114849116 3.08086889333481e-16 1.162338213154719 0.016087858047487025 0.0 24.9611260317688 0.030758269723103422 0.3403589192286594 0.5584860498656242 9832.833358600428 3.0 -19.230812625866857 1.5183716155120557 56935.363 57025.074 0 14 "Covariance may not be accurate."
01302141 22 0.6088 57237.3336492331 2.7755575615628915e-18 0.6500001262564105 0.26570447178036405 0.0 21.221184338395688 0.031021035710622105 0.37213479912947717 0.6319895290440802 175.6224563789594 11.0 -16.4773274004058 2.2606646491417237 57248.408 57365.041 0 22 "Covariance may not be accurate."
01302187 9 0.2195 56910.35312334765 3.275157922644212e-16 0.8972537767262778 0.41664910945465694 0.0 25.01286264072769 0.030746229991678295 0.4363783210900208 0.6887902078180375 564.9182359553924 1.0 -18.779656283319824 1.7984685803968858 56932.171 57012.201 0 9 "Covariance may not be accurate."
01302523 28 0.4239 57281.55604018293 2.7755575615628915e-18 1.2288496658336223 0.2574857713287496 0.0 29.5392624303131 0.0316043854861624 0.32488203321153236 0.628713987803987 3871.1571791375763 21.0 -15.543435760972933 1.4701376792808318 57265.391 57372.059 3 25 "Covariance may not be accurate."
01302648 13 0.2319 56937.95557413322 3.7747582837255326e-16 0.6641767680703637 0.500108541756968 0.0 0.18901547934001428 1.110223024625155e-17 0.013654117813588995 0.06757908249809205 1815.7286076142 6.0 -18.879793413746825 2.2257623190133025 56925.16 57017.076 2 11 "Covariance may not be accurate. Covariance not positive definite. Covariance forced positive definite."
01303004 18 0.2949 56919.37108329817 3.5249581031848723e-16 1.24999268550008 0.491736691770028 0.0 24.580756161794852 0.030754589108261732 0.3698345025178715 0.7085434966977107 5366.202070220354 3.0 -19.422461056692427 1.4563919736406596 56936.363 57033.042 0 18 "Covariance may not be accurate."
01303279 8 0.1724 56951.57141745995 4.551914400963142e-16 1.235399231390604 0.34766584416512797 0.0 0.006635499717958737 1.387778780781416e-18 3.501664101945856e-05 0.08075530598841446 2463.195443786335 2.0 -18.6861117512035 1.4658273353726692 56943.232 57033.164 1 7 "Covariance may not be accurate."
01303496 10 0.1798 56957.69732133862 3.2196467714129544e-16 0.6504583197917945 0.09077381336629037 0.0 29.817042090133327 0.031025151965102405 0.3792810769214005 0.7149323333203284 3808.906659977486 5.0 -18.912893632894594 2.259506757188653 56943.18 57032.147 2 8 "Covariance may not be accurate."
01303883 17 0.2591 57268.799807814285 6.744604874597826e-16 0.6500703469255591 0.9661904715601284 0.0 0.0021324562840163708 1.3877787807814654e-18 6.836602829962679e-07 0.09137215270252486 3436.5421105615087 9.0 -18.886306788176594 2.2604920361031553 57265.225 57356.122 1 16 "Covariance may not be accurate."
01303952 21 0.5626 57262.90452386808 2.7755575615628915e-18 0.7602237501652642 0.014759732170990747 0.0 29.679905101889744 0.030877635260901863 0.4431475298186676 0.5607957091400508 294.1408633462619 13.0 -16.75947563680674 2.0172537662711605 57249.283 57373.055 3 18 "Covariance may not be accurate."
01304127 21 0.7286 57263.14422088648 2.7755575615628915e-18 1.1494382759048298 0.0003597954258101055 0.0 29.638718166705075 0.030817696479724706 0.3482857248657489 0.6068627397055981 144.70256626852026 14.0 -17.468686261219545 1.528792964316409 57249.286 57373.058 3 18 "Covariance may not be accurate."
01304442 2 0.2171 56956.87866410712 1.3267165144270622e-15 0.6878558815560236 0.5001082900984245 0.0 6.4163210894221265 1.4294121442048887e-16 0.03664630553111875 0.07027606781224102 355.66441597788213 -2.0 -20.082845371485107 2.1700342686681893 56943.355 56990.214 1 1 "Covariance may not be accurate. Covariance not positive definite. Covariance forced positive definite."
01304678 10 0.2188 56962.89806725733 4.3021142204224816e-16 0.6695659123541502 0.429449892757936 0.0 0.017171859781228704 2.775557561562906e-18 0.0002032849448868057 0.2440871322245794 256.35380728405164 4.0 -19.041039822713998 2.2128190629581184 56943.232 57033.164 3 7 "Covariance may not be accurate."
01305504 14 0.4956 56960.509367330065 4.163336342344337e-17 1.2451370516423603 0.34156897492986776 0.0 29.4630757885825 0.030748919606915778 0.3452307251793481 0.6631127130621058 3166.3001650036504 9.0 -18.746702719633465 1.4595067948260088 56943.274 57039.041 3 11 "Covariance may not be accurate."
01305626 15 0.3257 56934.27456854602 4.163336342344337e-16 0.9147174679408128 0.4642155940539119 0.0 0.00024173545898520388 0.0 2.9674340874807914e-05 0.013214150218006593 15932.473428665935 3.0 -19.918060440034292 1.7747630999016444 56949.133 57044.076 0 15 "Covariance may not be accurate."
01306029 38 0.4289 57263.37392674148 5.551115123125783e-18 1.211403326183876 0.09364249412009479 0.0 30.47301127235187 0.03186085580364299 0.306052456604983 0.5291722694992512 1534.397506582471 28.0 -16.668709655164783 1.4819267911452805 57248.391 57355.214 6 32 "Covariance may not be accurate."
01306073 15 0.3286 56935.05288877723 6.272760089132135e-16 0.6501630208423637 0.5004442777333916 0.0 0.010204528942267643 1.3877787807814654e-18 0.010963043337216927 0.001092800871951627 2370.9621707083443 4.0 -20.299800166679105 2.2602617983862565 56949.136 57044.076 0 15 "Covariance may not be accurate."
01306141 32 0.3324 56958.13637384528 5.551115123125783e-18 1.2493235017928699 0.0015918271896775416 0.0 29.181770121016598 0.030818264040210774 0.36115300383464305 0.5977857263730989 3337.5796793365653 18.0 -16.17254379732052 1.4568069973349118 56949.339 57051.149 2 30 "Covariance may not be accurate."
01306360 19 0.4494 57234.527092092445 1.1102230246251565e-16 1.2477675283646725 0.515377952793154 0.0 25.43765876343241 0.030746232685463906 0.35309271982720275 0.713804769857827 146.53232121984917 6.0 -19.19805539192352 1.4578187697183118 57255.415 57355.242 0 19 "Covariance may not be accurate."
01306390 34 0.407 57267.791528874615 1.1102230246251566e-17 1.2467980114027277 0.0006711710284884043 0.0 29.626916393426654 0.03079339747234136 0.3872236318795406 0.6038740359815834 345.1010099571617 24.0 -17.443552154056285 1.4584277182656962 57253.403 57355.228 4 30 "Covariance may not be accurate."
01306537 19 0.4795 57250.36300864226 6.66133814775094e-17 0.656700404157896 0.05026979376850804 0.0 25.993514621735812 0.03248125210964773 0.4166425703580401 0.6953013960339852 660.1809769308069 7.0 -19.732419674214114 2.243990219628124 57265.368 57372.241 0 19 "Covariance may not be accurate."
01306626 36 0.4095 57240.524248857 1.665334536937735e-17 1.0138194774752618 0.08332104398336249 0.0 25.048346113697335 0.032580233068440385 0.41538652053047903 0.7120507793361619 2037.8626861030561 14.0 -17.76074021787936 1.656756360237619 57255.413 57355.242 0 36 "Covariance may not be accurate."
01306785 11 0.5787 57264.56154313084 0.0 1.1805081786725098 0.5001120865281234 0.0 0.0 0.0 0.0 0.0 0.0 -4.0 inf nan 57248.423 57311.111 4 7 "Hesse Failed. Covariance may not be accurate. Covariance not positive definite."
01306980 22 0.5489 57267.61848475309 5.551115123125783e-18 0.6500042447848564 0.1601828550909274 0.0 30.39445758833972 0.03175279671216762 0.38174102297508744 0.5762088710364364 88.97391133344436 14.0 -17.183531760693445 2.260649066603076 57252.233 57372.036 4 18 "Covariance may not be accurate."
01306991 35 0.4217 57250.801520211775 7.771561172376097e-17 1.0582936846979347 0.1200700550271197 0.0 31.291581693225453 0.03644360218003645 0.3928189412329421 0.835232427606728 273.67899069141254 19.0 -19.441033028532775 1.6114361829108077 57265.212 57365.041 0 35 "Covariance may not be accurate."
01307277 36 0.4107 57241.292000016714 1.6653345369377348e-16 0.7859185212950569 0.22571977499277907 0.0 24.604687010451016 0.030755842716485286 0.36795333839318634 0.7389339868803215 403.8645543575969 18.0 -19.977475979812997 1.9701842219783927 57256.295 57365.112 0 36 "Covariance may not be accurate."
01307830 31 0.3493 57244.358605087575 6.66133814775094e-17 0.954718338002379 0.03324639719299277 0.0 20.386246420017414 0.030748986335274318 0.4273263338688578 0.6827121948920716 4807.715693980818 14.0 -18.945175070628686 1.723729802761298 57257.281 57356.144 0 31 "Covariance may not be accurate."
01308314 37 0.4065 56967.03065990921 7.216449660063518e-17 0.875527772793447 0.2158467698567903 0.0 0.043393412703153444 0.0 0.01037512375333527 0.0009358068107853668 3550.8973757534277 25.0 -19.06594199328876 1.8290398068578604 56943.18 57051.149 10 27 "Covariance may not be accurate."
01308326 16 0.3262 56965.91064822496 3.7747582837255326e-16 1.0527953055820232 0.9488146664213544 0.0 0.0027057605766458437 1.3877787807814654e-18 4.287089233190322e-05 0.17027925773269992 3664.3900701525504 9.0 -18.872026706161005 1.616862567659762 56956.143 57045.109 3 13 "Covariance may not be accurate."
01308568 19 0.6431 57274.360824026466 2.7755575615628915e-18 1.1713365723919447 0.10507570499615887 0.0 30.285772579780314 0.031796063843959096 0.32992399203814265 0.5382459585534801 154.8281891055263 12.0 -16.957191281551687 1.5113101044227655 57256.269 57379.063 2 17 "Covariance may not be accurate."
01308582 29 0.3669 57285.41802387459 3.608224830031759e-17 1.2487653070529001 0.5794605389301459 0.0 28.97530384545098 0.030753972190629218 0.35723121881187453 0.7260029186223287 1420.053950789549 21.0 -17.3473023197437 1.4571787054234875 57265.391 57365.081 4 25 "Covariance may not be accurate."
01308884 10 0.0772 57292.5386142437 2.972622148433857e-15 1.144303746771025 0.5214253311319037 0.0 0.06395366075230413 1.6653345369377388e-17 0.01526802219082024 0.010702521721151936 40255.65767876212 6.0 -18.48534546332876 1.5330509785990678 57278.247 57345.255 2 8 "Covariance may not be accurate."
01308957 19 0.6187 57268.133454126044 1.3877787807814457e-17 0.6500051170367317 0.33480860302159887 0.0 30.28387139280312 0.03161506553878935 0.37860650551801167 0.6605859775749108 169.69164322111507 11.0 -18.149961407121143 2.2606534269138017 57253.334 57373.055 3 16 "Covariance may not be accurate."
01309288 6 0.2684 56975.55955638859 1.251776460264864e-15 0.6660999069613639 0.4908099200173392 0.0 0.3636058019437769 6.938893903907228e-18 0.001983052734794599 0.23017659966341342 52.11903697025908 -2.0 -20.565481936261804 2.221124743047053 56963.244 57061.06 1 5 "Covariance may not be accurate."
01309492 30 0.3335 56948.783088704826 2.331468351712829e-16 0.7118266571040082 0.13828306583593963 0.0 22.554765892549767 0.03074628117871963 0.32200182881127054 0.5620962839669459 28828.09052552141 11.0 -19.998454538199578 2.1162644214592596 56963.265 57066.064 0 30 "Covariance may not be accurate."
01309749 19 0.7893 56934.35992629499 0.0 1.0248600599943165 0.500127904452325 0.0 0.0 0.0 0.0 0.0 0.0 -4.0 inf nan 56956.156 57067.046 0 19 "Hesse Failed. Covariance may not be accurate. Covariance not positive definite."
01310338 26 0.4388 56946.336553043155 8.049116928532386e-17 1.2235299609071257 0.27180884152589707 0.0 25.96683072740052 0.030753947431295992 0.31103068723491983 0.7397851324651693 3129.9609993922113 15.0 -19.265709246918345 1.4736825867989936 56949.115 57052.039 0 26 "Covariance may not be accurate."
01310395 18 0.289 56965.41420696321 1.4710455076283326e-16 0.6500000000424141 0.1652152385542215 0.0 30.96491120124483 0.0341640334706185 0.40996599250826693 0.7332006474536795 2693.600447960583 10.0 -19.083430253265533 2.260659959710395 56956.206 57052.037 2 16 "Covariance may not be accurate."
01312274 32 0.438 56967.40388535464 2.7755575615628915e-18 0.6500001549521974 4.647160774656767e-05 0.0 29.520792204963072 0.030868843989352173 0.37029686598710637 0.6120458597226517 1056.1653721766652 22.0 -16.128877851409904 2.2606536786668414 56956.143 57052.1 4 28 "Covariance may not be accurate."
01313594 12 0.2883 56980.82392937742 4.4408920985006264e-17 1.2351414873036872 0.4942367666507026 0.0 28.974799916097254 0.03074807701995686 0.32630872777779446 0.7090525171300058 4879.857771100964 7.0 -17.110474178006736 1.465999394208751 56973.038 57051.053 2 10 "Covariance may not be accurate."
