analysis_pipeline/fit_results/des_5_sn91bg_salt2_phase_all.ecsv
# %ECSV 0.9
# ---
# datatype:
# - {name: obj_id, datatype: string}
# - {name: num_points, datatype: int64}
# - {name: z, datatype: float64}
# - {name: t0, datatype: float64}
# - {name: x0, datatype: float64}
# - {name: x1, datatype: float64}
# - {name: c, datatype: float64}
# - {name: z_err, datatype: float64}
# - {name: t0_err, datatype: float64}
# - {name: x0_err, datatype: float64}
# - {name: x1_err, datatype: float64}
# - {name: c_err, datatype: float64}
# - {name: chi, datatype: float64}
# - {name: dof, datatype: float64}
# - {name: b_max, datatype: float64}
# - {name: delta_15, datatype: float64}
# - {name: tmin, datatype: float64}
# - {name: tmax, datatype: float64}
# - {name: pre_max, datatype: int64}
# - {name: post_max, datatype: int64}
# - {name: message, datatype: string}
# schema: astropy-2.0
obj_id num_points z t0 x0 x1 c z_err t0_err x0_err x1_err c_err chi dof b_max delta_15 tmin tmax pre_max post_max message
[from data line 50]
01295256 60 0.5621414765796089 56909.47656047235 8.326672684688675e-18 0.6500233439320824 0.04331334710804324 0.6748002682140901 29.211160215665586 0.03247738339550546 0.38800810494689153 0.6906147130605786 3721.911189170367 33.0 -17.903170964143797 2.260596701479379 56904.295 57012.089 4 56 "Covariance may not be accurate."
01295305 63 0.45834664711034556 56875.3266310399 5.551115123125783e-18 1.249996174092887 0.4427428387419993 0.6342752514011414 25.22342650601786 0.030858565219175804 0.37094366108315563 0.7221445132261313 4117.912706460998 22.0 -16.154151842752224 1.456388407339407 56890.285 57005.143 0 63 "Covariance may not be accurate."
01295921 54 0.5898330215241002 56876.663312195466 6.938893903907228e-17 1.2447851360682631 0.49064343542322775 0.5924349510932143 21.35398966136927 0.030763044010601148 0.3914110188578153 0.708389826906985 640.0003968992938 26.0 -19.44729613764627 1.4597369430921674 56890.386 56990.201 0 54 "Covariance may not be accurate."
01296273 63 0.8674804749928491 56897.2111029644 2.3592239273284576e-16 1.1228416313645813 0.5000162064830173 0.0420593205689756 0.002385535331995925 0.0 3.303477104332764e-05 1.0780386051512103e-05 6626.947946301973 50.0 -21.782296222865824 1.5513659246505647 56903.383 57003.049 0 63 "Covariance may not be accurate."
01296321 51 0.4753229474048814 56900.423855883295 2.8033131371785207e-16 1.2228633609343849 0.4892041215602719 0.6460042991717363 26.32156003829732 0.0315698972669574 0.41517559498767365 0.7171879620820314 11903.578878119473 35.0 -20.400331187516045 1.4741341412995332 56915.265 56990.188 0 51 "Covariance may not be accurate."
01296657 32 0.46204653749866953 56906.87163856888 1.637578961322106e-16 0.6500000000000405 0.08210514496459609 0.6602932141938062 28.66687378410279 0.03385391028009581 0.4062470148558285 0.5194495932566491 7093.831662576556 23.0 -20.557037016999736 2.2606565944090633 56904.221 56987.079 4 28 "Covariance may not be accurate."
01297026 56 0.6009295835213708 56903.247233226284 6.938893903907228e-17 0.8041584343993735 0.09054142469725762 0.7207084809518964 27.37470720400961 0.03637058110536401 0.49687823251226687 0.5266188458294545 8425.141226775579 39.0 -20.29895469110084 1.9388378239653399 56903.237 57001.099 1 55 "Covariance may not be accurate."
01297465 62 0.1829103857031439 56897.26809799465 7.216449660063518e-17 1.0414336065174916 0.49800669540579084 0.7141682025840539 0.00011324725710437633 0.0 5.787506827548139e-05 6.657978920737717e-05 20788.550086501607 25.0 -16.51061501765157 1.6282158395892985 56912.258 57008.065 0 62 "Covariance may not be accurate."
01298281 58 0.4751103025122888 56908.090516778175 1.1102230246251565e-16 1.1817776616461138 0.4684643164931086 0.00086315300510445 0.3032108303705172 0.0 0.005036759732622187 0.012309832117420094 8708.111503831622 38.0 -19.442418150410056 1.5033373432987247 56915.265 57003.049 0 58 "Covariance may not be accurate."
01298893 22 0.4814355586639089 56918.708352444504 6.938893903907228e-17 0.7246997405268876 0.11073162968930866 0.6756446897989742 28.588043979929353 0.04087498653863911 0.5384322890039648 0.7214997283022291 2535.1160460277038 17.0 -19.679338528814096 2.088595219127054 56915.299 56992.068 1 21 "Covariance may not be accurate."
01299643 66 0.4818349642117808 56897.34400261766 8.326672684688675e-18 1.129983009742236 0.003328207571100472 0.6388562460464744 24.64435579225028 0.030810847701685507 0.44321174250545525 0.5899275667006527 5380.476100708228 26.0 -17.564319315268076 1.5451559729252686 56912.344 57018.078 0 66 "Covariance may not be accurate."
01299775 37 0.5113096806854156 56930.91880112908 2.498001805406602e-16 0.6614389502664115 0.17619230011855636 0.6451445630787516 29.445779931309517 0.030856141261754053 0.33284299717530846 0.5858665014083466 4127.015776329727 32.0 -21.097030242330614 2.232391948662322 56920.298 57004.045 4 33 "Covariance may not be accurate."
01299785 64 0.032572027542424414 56933.83293840981 1.4710455076283326e-16 0.6500000000127286 0.49983195473927283 0.483222402840775 29.61447574878548 0.030799096200275627 0.3695881628435968 0.7110040405158247 1725.5290619230086 32.0 -13.312091170490923 2.2606710735618734 56920.291 57025.079 8 56 "Covariance may not be accurate."
01300516 69 0.45499406534451253 56928.288501229836 2.7755575615628915e-18 0.6500000013512958 0.0021525864243843174 0.6332606361050904 28.4613315038805 0.030837622944755283 0.3700394312465395 0.5949304389332716 7090.747839372303 42.0 -16.22424237502128 2.26065412168737 56923.288 57025.093 8 61 "Covariance may not be accurate."
01300912 65 0.13197847693109377 56936.09480555552 5.273559366969494e-17 1.0659247022638942 0.49932763181034673 0.020989455913610018 0.0013775841216556728 0.0 3.018358092654605e-05 5.362612190742966e-05 13355.95345696337 44.0 -15.388583604393105 1.604004268211991 56920.196 57019.147 13 52 "Covariance may not be accurate."
01301933 61 0.4829235073216445 56948.61804485572 5.551115123125783e-18 0.7155419886044061 2.1671564542913302e-10 1.4295859016771884e-05 0.00015846941460040398 0.0 6.24455827058501e-06 0.00022145948701124407 48337.73813297143 54.0 -17.13522504027634 2.108181181092327 56924.193 57025.117 15 46 "Covariance may not be accurate."
01302058 56 0.6084301458416406 56922.85602218624 3.247402347028583e-16 0.9297978657130451 2.128082791968966e-05 0.6604129942266906 20.077318052011833 0.03101175663891195 0.4230616643274714 0.6168606242281073 26342.36290676011 36.0 -22.16024001796706 1.7549632669805817 56935.363 57025.079 0 56 "Covariance may not be accurate."
01302141 91 0.4558285722004507 57234.14176761266 8.326672684688675e-18 0.8016272571757606 0.0005110394632058535 0.6332743274790763 26.761486808907648 0.030821565944785665 0.44475383682411856 0.605298373262459 546.3184794904355 47.0 -17.42439759018607 1.9430871922536497 57248.403 57365.044 0 91 "Covariance may not be accurate."
01302187 50 0.5236204148471609 56910.330530893414 1.7486012637846217e-16 0.6904482265587909 0.4949486679981481 0.645760369086944 36.3594915199501 0.04560337752602707 0.5711798976883056 0.6861798406537915 2624.464447074558 24.0 -20.12685452667595 2.164096050947041 56925.328 57019.148 0 50 "Covariance may not be accurate."
01302523 56 0.038089350064538986 57251.37023541202 3.608224830031759e-16 0.6505893640612797 0.5171911068426344 0.0014311699661260537 0.002404774055321468 0.0 8.092430593908961e-06 0.00021944817820646056 4599.504956328905 17.0 -14.607154123511968 2.2591923912301723 57265.24 57372.059 0 56 "Covariance may not be accurate."
01302648 57 0.7584405430646698 56936.31799439759 8.326672684688675e-18 0.650000015787038 0.0013046602591620937 0.6529304605535049 29.465781367285672 0.030806700979630272 0.3696393132169516 0.5994376655303191 7682.394694040605 52.0 -18.767319905505232 2.2606540623241003 56925.158 57017.08 9 48 "Covariance may not be accurate."
01303004 72 0.8999999999999264 56922.458590448034 1.304512053934559e-16 0.6500000000556189 0.05216987975368792 0.5879580482686284 20.448075367577985 0.033031343124888826 0.3963788292360832 0.5093746346159542 18350.1747164794 55.0 -22.1306888237363 2.2606555971467586 56934.371 57033.047 0 72 "Covariance may not be accurate."
01303279 43 0.5002211642721501 56960.170209635486 3.08086889333481e-16 1.24916430851831 0.0005673210114041649 0.6520906267395438 30.225567742865678 0.03160106267852152 0.36912797377219647 0.6047757832594058 7425.07225255185 38.0 -21.58695168708684 1.4569089835606732 56943.23 57033.169 8 35 "Covariance may not be accurate."
01303496 41 0.6181370374677962 56960.681242704595 2.414735078559716e-16 0.6939996553502448 0.023904664599933012 0.6841452034820503 30.93114260013681 0.032534755824754014 0.3053858279493593 0.6736984734702232 7866.608375244216 36.0 -21.842205129695564 2.155992419022567 56943.178 57032.15 7 34 "Covariance may not be accurate."
01303883 73 0.4948203019753548 57272.47801100045 1.3877787807814457e-17 0.6500576652184628 0.00696625966956721 0.6415098620550002 28.920149432709877 0.030814543024496037 0.3672761623695549 0.6483172567134601 10026.771364207692 64.0 -18.18256088154704 2.260509462866203 57265.223 57356.127 4 69 "Covariance may not be accurate."
01303952 84 0.26259130949472226 57254.315062993126 2.7755575615628915e-18 0.6500000000003173 0.5000041012175541 0.5695964514044831 28.67673318458037 0.03126616648812653 0.37519418834235363 0.7166937331129806 956.6780390728493 46.0 -13.853177280338176 2.260671080326752 57249.279 57373.057 8 76 "Covariance may not be accurate."
01304127 83 0.45499999815016684 57271.8528042702 2.7755575615628915e-18 0.6500000000003924 0.5000062515162471 1.9024518072008334e-10 1.3786431693733903 1.3877787807814458e-18 1.6653345369377348e-16 2.1375862191419515e-10 818.0099368709899 61.0 -15.249521027205496 2.2606710803330685 57249.279 57373.058 16 67 "Reached call limit."
01304442 16 0.7660639288818114 56933.275757989475 2.581268532253489e-16 0.6500198528339998 0.032118194123504085 0.6662901408235649 22.011187867417902 0.03154289665828448 0.38002665623045667 0.6817238827723674 6037.510195495254 10.0 -22.472747775844123 2.2606051278611865 56943.114 57029.056 0 16 "Covariance may not be accurate."
01304678 49 0.4875749395756393 56928.23935573723 1.6653345369377348e-16 1.1482609664037433 0.5001496296156509 0.01722350884975904 0.013627229673147667 9.714451465470122e-18 0.5360975644945959 0.08191638051889694 879.839069672809 27.0 -19.874660852516875 1.52977542764296 56943.23 57033.168 0 49 "Covariance may not be accurate. Covariance not positive definite. Covariance forced positive definite."
01305504 60 0.49722307142530703 56928.21902163507 0.0 1.1814180074292024 0.5000148918794305 0.0 0.0 0.0 0.0 0.0 0.0 -5.0 inf nan 56943.192 57052.047 0 60 "Hesse Failed. Covariance may not be accurate. Covariance not positive definite."
01305626 55 0.48603993601578027 56934.12763718807 1.665334536937735e-17 0.9403418105084334 0.0018202538093548548 0.6400642224259688 24.532895632990403 0.030838650398014537 0.42911582270988974 0.6324403578495824 40106.99609005157 30.0 -18.341938470207587 1.7415222334950329 56949.125 57049.055 0 55 "Covariance may not be accurate."
01306029 74 0.13046687527791942 57261.39245421395 4.718447854656916e-17 1.2399850771758807 0.4989785546309535 0.6476959962397224 29.626962223752344 0.030842577364305405 0.40029977076312856 0.7113535978394099 1938.402141506798 49.0 -15.241530254432057 1.4628421795802495 57248.388 57355.217 12 62 "Covariance may not be accurate."
01306073 56 0.5356422929982028 56934.12555333704 1.0547118733938988e-16 0.9796317148156067 0.49842808009772444 0.6476630307896839 28.30499726816197 0.03522884417638741 0.4346581010029634 0.7451944850834917 6208.340345586708 31.0 -19.62900493095966 1.694375245287727 56949.124 57049.056 0 56 "Covariance may not be accurate."
01306141 65 0.11290191941596218 56957.3798875031 7.771561172376097e-17 0.6500000812806441 0.4791529200848258 0.02595266475414406 0.0028459385393944103 0.0 4.388916030606538e-08 9.831840820134774e-05 6493.701915418811 37.0 -15.49192677357749 2.2606700798501684 56949.337 57051.151 4 61 "Covariance may not be accurate."
01306360 76 0.592366974995706 57234.887451743656 2.7755575615628914e-17 1.0995505731914073 0.15353936803499157 0.6980718655122677 29.125755654666136 0.03404340100762615 0.44379340061903066 0.5478971123292076 602.4656863886314 40.0 -19.145469382987784 1.5722352584215677 57249.423 57355.245 0 76 "Covariance may not be accurate."
01306390 68 0.4549796879558259 57258.41182737608 2.7755575615628915e-18 0.6500000001729347 0.0005814654393921925 0.6333287357679399 28.466956018386554 0.03084400032631552 0.37013232060790996 0.6046484829716863 466.97268929749356 47.0 -16.226639753716263 2.2606540818657983 57253.401 57355.23 8 60 "Covariance may not be accurate."
01306537 76 0.6075150350341677 57251.94979338413 2.4980018054066023e-17 1.084541436587193 0.07597945033009412 0.655999593673765 27.52033122073408 0.030749527054454676 0.4437399789269019 0.5139859724194928 2361.3360213286405 52.0 -19.244641613058732 1.5861934237084867 57265.363 57372.241 0 76 "Covariance may not be accurate."
01306626 73 0.4888556407228975 57240.41212034202 1.942890293094024e-17 0.6876049112791478 0.0526347043565365 0.6670918535700285 26.703990034304297 0.03355359709904886 0.4587711344185183 0.5088749688299996 3266.945516535117 37.0 -18.441009806958228 2.1705963374390684 57255.41 57355.245 0 73 "Covariance may not be accurate."
01306785 42 0.08886922924298418 57263.9779314638 1.3877787807814457e-17 0.6858257475668184 0.4748637647834395 0.018626221922761928 0.044409972957510035 0.0 0.00047549499267923734 0.0016625805432746998 420.03847371880846 37.0 -13.07630860404338 2.1747041109573537 57248.419 57311.114 14 28 "Covariance may not be accurate."
01306980 86 0.346949721093116 57273.33978822841 2.7755575615628915e-18 0.7366019852958854 0.0020590617261287414 0.6528039897252601 28.693593119140132 0.030750600995033274 0.4378363333066934 0.6335233729396151 374.787575021246 64.0 -15.527902377068276 2.0638508512887093 57252.229 57372.039 20 66 "Covariance may not be accurate."
01306991 72 0.8999884263187723 57250.5084562793 2.7755575615628915e-18 1.0326674450029216 0.001604907135384137 0.564440722672124 23.70302928086312 0.03163072652264157 0.4053833687877732 0.5977140597953555 481.6859807654815 59.0 -18.033327724792876 1.6371113225499343 57265.209 57365.044 0 72 "Covariance may not be accurate."
01307277 70 0.5031321680005202 57278.420231095384 5.551115123125783e-17 1.240950312607147 0.3347165388544884 0.6200989324332469 20.350704971235245 0.03074759495052197 0.3363709078071961 0.6605512538202601 701.9105596045897 57.0 -19.11085114774864 1.4622122432784863 57256.292 57365.115 15 55 "Covariance may not be accurate."
01307830 59 0.09724320730474595 57242.28315494171 3.3861802251067277e-16 0.7040013516501046 0.4846007089481563 0.47411396969576824 29.701488754548336 0.037311660135339465 0.5069918013531188 0.7422694042076463 5272.253135739564 14.0 -16.729816118767495 2.1335262855607446 57257.281 57365.196 0 59 "Covariance may not be accurate."
01308314 74 0.08973387565308336 56960.44470859075 4.718447854656916e-17 0.6787667436230949 0.49771838997890905 0.15768530642679607 0.003322587250295328 1.387778780781447e-18 2.2247835919531056e-05 8.191433653165214e-05 4854.026440137298 42.0 -14.37254540290093 2.1910922306744993 56943.178 57051.151 12 62 "Covariance may not be accurate."
01308326 63 0.5053149600251 56974.34439064296 8.049116928532386e-17 0.6500286184183098 0.14620940161280715 0.6598675012650387 30.617684069664392 0.03221548611723835 0.3846999896810609 0.5673341765942359 10474.56311898126 54.0 -19.898206415521514 2.2605872363593136 56956.141 57045.113 16 47 "Covariance may not be accurate."
01308568 72 0.506569756753195 57279.54894064061 1.1102230246251566e-17 0.6501354189655772 0.5001213944881328 0.6667893719388541 0.020642526549636386 0.0 1.4623460089846496e-05 0.0012345343440580414 484.7970715110298 51.0 -17.03433224310352 2.2603310813932964 57256.269 57379.066 15 57 "Covariance may not be accurate. Covariance not positive definite. Covariance forced positive definite."
01308582 57 0.13920492790270625 57250.24082192485 1.5543122344752193e-16 0.7681523755306581 0.787088890501959 0.0550684293329539 0.00034219506414956413 0.0 0.0005263090529651349 0.0008934292063099702 2437.6255804674765 19.0 -16.1372989094193 2.002358418686576 57265.24 57366.076 0 57 "Covariance may not be accurate."
