analysis_pipeline/fit_results/des_4_salt2_2.4_all.ecsv
# %ECSV 0.9
# ---
# datatype:
# - name: obj_id
#   datatype: string
# - name: num_points
#   datatype: int64
# - name: z
#   datatype: float64
# - name: t0
#   datatype: float64
# - name: x0
#   datatype: float64
# - name: x1
#   datatype: float64
# - name: c
#   datatype: float64
# - name: z_err
#   datatype: float64
# - name: t0_err
#   datatype: float64
# - name: x0_err
#   datatype: float64
# - name: x1_err
#   datatype: float64
# - name: c_err
#   datatype: float64
# - name: chi
#   datatype: float64
# - name: dof
#   datatype: float64
# - name: b_max
#   datatype: float64
# - name: delta_15
#   datatype: float64
# - name: tmin
#   datatype: float64
# - name: tmax
#   datatype: float64
# - name: pre_max
#   datatype: int64
# - name: post_max
#   datatype: int64
# - name: message
#   datatype: string
# schema: astropy-2.0
obj_id num_points z t0 x0 x1 c z_err t0_err x0_err x1_err c_err chi dof b_max delta_15 tmin tmax pre_max post_max message
[from data line 156]
01335564 60 0.6077 57343.58330978209 6.979956455047121e-06 0.7335595118975604 -0.017780697545658974 0.0 0.7826639149498078 4.618527933916705e-07 0.6714256730412744 0.052392079121234114 37.49733808997627 42.0 -19.413887752406012 0.922235703855435 57311.28 57427.068 24 36 "Minimization exited successfully."
01335694 37 0.2591 57347.8086508448 5.186373312056625e-05 1.1198092078956545 0.022289937673021287 0.0 0.14692193569499068 8.937808536335634e-07 0.17730380781467203 0.014141697969640432 29.351643767683285 21.0 -19.403291445844538 0.8551541514449639 57325.214 57408.058 17 20 "Minimization exited successfully."
01335717 51 0.3048 57346.66233045272 2.2592115897043796e-05 -0.06726294826037593 0.054203230650740286 0.0 0.11182450472551864 2.3369436565334677e-07 0.10383876562333105 0.009027381311140448 21.43424462550888 34.0 -18.905853602825466 1.062855753155965 57325.182 57408.092 16 35 "Minimization exited successfully."
01335718 59 0.6993 57351.50803964988 5.680944396260768e-06 0.6416961763606208 -0.06035566478112653 0.0 0.3172445241980313 1.3389159416593577e-07 0.2688577055338792 0.020812235398789375 34.63965283627839 40.0 -19.563446369404808 0.9399240679634815 57317.161 57426.118 21 38 "Minimization exited successfully."
01335868 66 0.6194 57347.61817107323 6.9457721592391944e-06 1.824590480705396 -0.06274340577443555 0.0 0.6187535239660065 4.432762001210788e-07 0.5983616821853617 0.03660852318406643 45.66990557304438 46.0 -19.460473316868516 0.7411002386949228 57315.229 57425.154 27 39 "Minimization exited successfully."
01336008 50 0.438 57348.238052216766 1.9699285087698693e-05 0.7041160428465938 -0.08763606887496098 0.0 0.33834762066908297 5.162488491902706e-07 0.3291238987156837 0.016486219626291876 33.03410259141102 33.0 -19.68303075074639 0.9301204061002828 57325.01 57403.052 23 27 "Minimization exited successfully."
01336009 51 0.3416 57344.2585724513 1.3642640677771768e-05 -0.46653941795410603 0.16532693668320952 0.0 0.41965666220494313 4.509424887361167e-07 0.3943213038939506 0.031245828025248196 24.780838962093668 34.0 -18.647231657202 1.1329912764140815 57325.01 57403.052 19 32 "Minimization exited successfully."
01336453 38 0.1848 57355.0051155354 0.00010887447716171062 1.0003801410080708 -0.03523377314503279 0.0 0.10035175464145141 1.6094721356080255e-06 0.1190657069214427 0.010141718933710686 22.6237091312145 24.0 -19.381440529445108 0.8772848346613529 57329.169 57403.103 11 27 "Minimization exited successfully."
01336480 36 0.256 57350.55424066795 3.6385297174493236e-05 -0.06456087324083937 0.025659868431523458 0.0 0.3053045988162921 9.851848763578495e-07 0.2908114181621899 0.023911465521540026 18.133335940550204 21.0 -18.987654243090965 1.063899723773769 57325.115 57403.103 12 24 "Minimization exited successfully."
01336687 45 0.2337 57351.155357165364 4.231152022549922e-05 0.4569834007343663 0.12719812004512815 0.0 0.16727556565092527 7.382505281150469e-07 0.15085697204205917 0.013508910615692205 37.571881980566744 30.0 -18.9277223475314 0.964123914869738 57327.063 57403.064 17 28 "Minimization exited successfully."
01337117 47 0.5539 57361.35991263774 1.3039885544113839e-05 0.6128677628753869 -0.12138378356480634 0.0 0.4186920346946863 3.500025564859288e-07 0.3350549916181167 0.018681605498840917 61.73939480397247 31.0 -19.848338900480996 0.9474664076432546 57329.028 57403.051 23 24 "Minimization exited successfully."
01337221 54 0.6688 57360.106091092675 8.081384369912347e-06 0.14271165312668677 -0.20170978272383772 0.0 0.8377062643012323 4.438971708639607e-07 0.5512640806579954 0.03561630391861821 44.52916328039791 36.0 -19.828767602024115 1.0363986553645397 57325.023 57407.048 23 31 "Minimization exited successfully."
01337228 54 0.5788 57357.643554342736 6.803515670700255e-06 -0.8140256068369376 -0.0748059016419459 0.0 1.0911283741879743 5.588627145045046e-07 0.7704200795913312 0.08872983049098425 28.58147082907847 36.0 -19.256494794100906 1.2203388242087208 57325.023 57407.048 23 31 "Minimization exited successfully."
01337272 48 0.5027 57358.300745632965 1.0071785349827223e-05 -0.5899676308056598 0.018590723390386144 0.0 0.7390415945192217 5.633520888503883e-07 0.6535131777482542 0.06025680096500324 25.518700345904712 32.0 -19.3119610029282 1.1672606101808967 57325.068 57427.057 20 28 "Minimization exited successfully."
01337325 48 0.6387 57357.79327458515 7.209279685255199e-06 0.6199606646710194 -0.09461732855666868 0.0 0.7793166926130652 4.1554019003658926e-07 0.6383993465443487 0.046072156838357706 32.688653599672286 32.0 -19.581185745818143 0.9451316901800233 57325.068 57427.057 20 28 "Minimization exited successfully."
01337649 36 0.2491 57363.11734453833 3.980950554176577e-05 1.074276101290991 0.12556353772859907 0.0 0.19503228930261685 5.615819307538967e-07 0.15846467092604688 0.01201747767667713 29.398435602355676 23.0 -19.01943337363128 0.8590414515108868 57339.162 57408.057 12 24 "Minimization exited successfully."
01337655 42 0.8485 57364.874791195005 4.059156552449483e-06 1.5452309341049375 -0.09644832459117633 0.0 0.5749270613741828 1.1312135753532831e-07 0.4045987514391829 0.025253548233861556 46.152009059611714 28.0 -19.71746165137615 0.7882348435419253 57325.078 57408.041 19 23 "Minimization exited successfully."
01337687 47 0.3195 57361.395250396316 3.798647095362984e-05 0.9980089155119822 -0.08622034961576197 0.0 0.1869252048600174 5.086212572100193e-07 0.15021578329201368 0.010618271666317292 41.36201359052236 32.0 -19.58968892867685 0.8795078231784643 57339.295 57425.154 12 35 "Minimization exited successfully."
01337703 58 0.5334 57358.71424222862 1.2339820997245289e-05 -1.1795716055584744 -0.16095770024062245 0.0 0.5093029800191289 5.832697436147782e-07 0.4197227498321676 0.0330918732435561 25.935832419344003 40.0 -19.688679025858555 1.3079212050897588 57325.12 57425.154 24 34 "Minimization exited successfully."
01337838 42 0.3119 57364.576431440786 3.436762634367041e-05 0.8649463061916882 -0.023790808715218437 0.0 0.16689796955688507 4.4956066728302213e-07 0.18369608433363593 0.010415687116273026 60.966930985482875 27.0 -19.419834380206623 0.8998946734905431 57339.148 57427.068 14 28 "Minimization exited successfully."
01338128 42 0.3117 57366.601568904225 2.4220665273719247e-05 -0.41938905731014353 -0.009932782365444093 0.0 0.3963207394554047 7.562324095503069e-07 0.3811845149055826 0.026377010801673706 17.85827122528517 27.0 -19.03735722408706 1.1346834541677993 57339.019 57407.048 15 27 "Minimization exited successfully."
01338170 42 0.389 57363.33429679223 1.609513800021889e-05 -0.44317234472867195 0.046734084688949074 0.0 0.7932208554047975 8.198528355748962e-07 0.6687180457669201 0.04448877485672828 27.266195049280714 27.0 -19.156893388881862 1.135918315357742 57339.019 57407.048 11 31 "Minimization exited successfully."
01338233 52 0.598 57355.92710375341 5.747463280625365e-06 -1.3438239825693876 -0.10852700744203456 0.0 1.0980296887428267 5.530413157470158e-07 0.9153534289539165 0.0684230506674732 18.946381759764034 35.0 -19.159596350973118 1.3421758539894562 57319.276 57427.057 24 28 "Minimization exited successfully."
01338266 80 0.6476 57366.494284916706 5.171949800569786e-06 -0.2725531582482743 -0.07238260434195018 0.0 0.7682529446537956 2.685330257656825e-07 0.5991120174008409 0.04023644332929248 51.60495100954817 55.0 -19.256517150287046 1.1093351267640195 57339.033 57427.068 33 47 "Minimization exited successfully."
01338278 40 0.5639 57368.38438372176 8.469523062099027e-06 1.6191822565225458 0.03490782672638176 0.0 0.9212557937280508 4.371911417513917e-07 0.7645266410005465 0.05638646719946158 22.697987298046183 26.0 -19.427354913918492 0.7722147469835328 57339.033 57427.057 16 24 "Minimization exited successfully."
01338387 41 0.5838 57363.5512462184 9.470460304777939e-06 1.5522759947974958 -0.11674487856319579 0.0 0.7355257491399243 3.6721949993323566e-07 0.5212000209696992 0.03669887008726905 36.00319867016272 27.0 -19.6406098293748 0.7876511329535667 57329.169 57428.056 16 25 "Minimization exited successfully."
01338430 37 0.5089 57361.68047274731 1.2767151500128748e-05 0.5889695309454197 -0.09902767188411984 0.0 0.6628050191720831 5.153769714480455e-07 0.4883742594110818 0.03230681354772212 9.35942179389918 24.0 -19.602720054046156 0.9507707808088135 57339.117 57428.056 12 25 "Minimization exited successfully."
01338471 46 0.5309 57351.11443406031 6.838016709798112e-06 -1.1167652620100963 0.012472791317793053 0.0 1.087993749002635 5.993544267432483e-07 0.9558469409636541 0.07014743098773253 19.780774676513293 30.0 -19.03423281679914 1.280085886553909 57319.134 57428.056 17 29 "Minimization exited successfully."
01338675 34 0.3306 57371.89506794848 2.0719784083994552e-05 -0.034611116750956405 0.06403568388775438 0.0 0.17699025413094205 3.5161545393763603e-07 0.19038971902081148 0.014403732926669827 11.922226769142439 22.0 -19.016981775893623 1.0561972061440095 57339.046 57408.041 15 19 "Minimization exited successfully."
01339002 36 0.3025 57369.77856018363 2.1351863882301814e-05 -1.2757644195947937 0.12488855606347227 0.0 0.450599600240821 6.15939838843894e-07 0.3621887966456807 0.030284073520918164 15.475592239113572 22.0 -18.825563350489567 1.3066386070105445 57345.071 57427.068 12 24 "Minimization exited successfully."
01339149 36 0.4678 57373.923005168675 1.2420563507442585e-05 -0.4189229676471893 0.06311241149649138 0.0 0.57269153283778 5.422814982017356e-07 0.5064886293904429 0.041374912256091495 11.207150918101844 23.0 -19.352180473059295 1.130094074555256 57345.068 57427.068 17 19 "Minimization exited successfully."
01339392 29 0.1804 57370.824683304454 0.00012669809926088295 -0.4798726840450436 -0.016083035960796355 0.0 0.5585676208975201 9.872648240109868e-06 0.5536515820949526 0.04611807609410448 6.425224789258653 13.0 -19.486776331551553 1.1471709264509187 57345.331 57426.147 11 18 "Minimization exited successfully."
01339450 51 0.5505 57369.424221725734 6.600903963377425e-06 -1.264708351084483 0.2274137125971904 0.0 1.1914265541054192 4.846085887161289e-07 0.9481879435827891 0.09678767384490586 22.731502289912033 34.0 -19.09394520588021 1.295282698838971 57339.281 57426.147 20 31 "Minimization exited successfully."
01340454 43 0.421 57374.87734642443 1.545793848908017e-05 1.0021091047463448 0.034288712518573405 0.0 0.341794113159267 5.77331263501568e-07 0.455282404778804 0.025906473657073603 51.21545202611791 29.0 -19.317452577314395 0.8744655817106519 57345.312 57425.153 15 28 "Minimization exited successfully."
01341370 32 0.409 57376.412974104445 1.5192033107877535e-05 1.2941608080111031 0.009207959679356226 0.0 0.3862408570239495 6.926286238925772e-07 0.5666178701626212 0.028577155869662696 14.534839543852799 20.0 -19.22429809723554 0.8265757470524093 57347.076 57403.052 16 16 "Minimization exited successfully."
01341894 28 0.3121 57390.08683265491 2.9161094984547775e-05 -0.04780109575423008 -0.04259825054543681 0.0 0.3850024393213971 8.136585098614254e-07 0.36190475112925746 0.025115019091147467 6.751295275340524 17.0 -19.242432262000285 1.0643832655824035 57365.051 57427.057 16 12 "Minimization exited successfully."
01342255 25 0.2141 57390.57997123802 8.532030939220892e-05 0.6488132270846458 -0.04517156743189449 0.0 0.14444568120961776 7.466774965200762e-07 0.1879315759662059 0.008380807473838736 12.687273318188701 15.0 -19.47384813648313 0.9380603614667997 57365.107 57428.056 16 9 "Minimization exited successfully."
01343208 36 0.4993 57390.85289762956 1.0697515567362204e-05 -0.05665526024453316 -0.037094421128495425 0.0 0.45396758623610367 2.4739742286172783e-07 0.36542501974151054 0.02487370648081555 12.295044868993644 22.0 -19.36000091863758 1.0657697805440591 57355.251 57426.117 22 14 "Minimization exited successfully."
01343337 31 0.3389 57393.900999216174 1.7686410902456595e-05 1.1987815299908835 0.14960391022996267 0.0 0.7215707656869199 7.398853197726475e-07 0.6877255888364473 0.03268958958385565 20.37547579296805 19.0 -18.90996918764693 0.8375690276378691 57372.223 57426.147 15 16 "Minimization exited successfully."
01343401 24 0.3829 57394.95540813659 2.5067797732972188e-05 0.9436785653230704 -0.04524254908468217 0.0 0.673855199420359 9.327759249055927e-07 0.7504506938631976 0.026989308836772807 3.9888598264741812 14.0 -19.59839736321033 0.8872702533122307 57372.046 57427.057 12 12 "Minimization exited successfully."
01343533 31 0.368 57389.47007497881 1.5322428729980242e-05 -0.5451596352592438 -0.0069739333961826855 0.0 1.0204290093752206 1.1390648352468951e-06 1.1630579903388143 0.06299800498853217 9.667020716128896 19.0 -18.961246849976916 1.1597934636596712 57365.036 57407.048 19 12 "Minimization exited successfully."
01343759 32 0.508 57396.02585377653 1.2960085835250769e-05 0.5018794749421494 -0.11099417284978866 0.0 0.3160729109440581 1.9471004644305862e-07 0.37488991231415225 0.012675525809551141 32.73005424731811 20.0 -19.61442508196431 0.9667148987739118 57365.133 57426.118 20 12 "Minimization exited successfully."
01343871 28 0.6379 57389.53364967418 6.8088800753957075e-06 0.827732005804763 -0.07644301515379667 0.0 1.1477872756113356 3.622317249610262e-07 0.8913842047732987 0.039600806332472 14.757385798359822 17.0 -19.515847602940603 0.9082751500918498 57355.223 57408.057 16 12 "Minimization exited successfully."
01344692 28 0.3795 57393.9429457401 8.807015850725853e-06 -1.3328278507114906 0.19991629986637177 0.0 1.270556289699016 7.379321672065783e-07 1.4423532832149062 0.082075437320582 5.041175360759392 17.0 -18.44048827638344 1.3130371258554874 57366.054 57427.068 16 12 "Minimization exited successfully."
01345553 24 0.3189 57394.50309872 3.486525821860265e-05 0.5149693775686917 -0.12849863932280325 0.0 0.3994712759667891 8.769672614261634e-07 0.5220056728442988 0.019364369449803173 11.378443778751905 14.0 -19.491874798298603 0.9651176051264194 57372.046 57427.057 12 12 "Minimization exited successfully."
01345582 28 0.4588 57399.0251839215 1.5421922353064944e-05 0.6511579593647001 -0.08399762952583084 0.0 1.5410943648821558 7.892088923044936e-07 1.5264969539611049 0.05161153356410102 10.05947131149145 17.0 -19.537495476520448 0.9392270521511428 57365.051 57427.057 20 8 "Minimization exited successfully."
01345594 23 0.4224 57397.98213249121 1.9881226831164334e-05 0.19477286041680397 -0.13412974528130509 0.0 1.0127086041902658 1.1764626220600604e-06 1.152857527060919 0.04563666529280121 10.219681860112539 13.0 -19.599361870785593 1.0235214311156575 57372.046 57427.057 16 7 "Minimization exited successfully."
01346137 28 0.3635 57403.196643455616 2.114008602047135e-05 0.9055672437336981 0.020242096303335178 0.0 0.8096828738125623 7.558341339267138e-07 0.7094514512268462 0.03098955963006536 4.2007700756872906 17.0 -19.280370090926105 0.891306001538446 57375.046 57425.153 20 8 "Minimization exited successfully."
01346387 28 0.3445 57394.83743149475 1.6691112081160254e-05 -1.8811797763402214 0.009151986253256639 0.0 0.1664502991043264 2.700589141119151e-07 0.2762955207440516 0.01284224235197387 18.148480860669217 17.0 -18.885467708021054 1.4649500216889138 57372.127 57426.118 15 13 "Minimization exited successfully."
01346956 20 0.3335 57411.960352646674 3.610631316739721e-05 0.8011813461597797 -0.10718397912041969 0.0 0.2498450785933528 9.56141572129588e-07 0.31772774537100523 0.016112797766773615 24.088276038957233 11.0 -19.64302405886582 0.9140221019716286 57387.178 57426.147 16 4 "Minimization exited successfully."
01346966 27 0.3355 57407.400614530976 3.710952920119304e-05 0.3703427806252213 -0.09483003439831686 0.0 0.4104017696736264 7.484730977946912e-07 0.3606213508843945 0.016272749332534753 10.749674817058562 16.0 -19.68744722528465 0.9896151422556336 57376.057 57426.147 19 8 "Minimization exited successfully."
