analysis_pipeline/fit_results/des_5_sn91bg_color_interpolation_blue.ecsv
# %ECSV 0.9
# ---
# datatype:
# - name: obj_id
#   datatype: string
# - name: num_points
#   datatype: int64
# - name: z
#   datatype: float64
# - name: t0
#   datatype: float64
# - name: x0
#   datatype: float64
# - name: x1
#   datatype: float64
# - name: c
#   datatype: float64
# - name: z_err
#   datatype: float64
# - name: t0_err
#   datatype: float64
# - name: x0_err
#   datatype: float64
# - name: x1_err
#   datatype: float64
# - name: c_err
#   datatype: float64
# - name: chi
#   datatype: float64
# - name: dof
#   datatype: float64
# - name: b_max
#   datatype: float64
# - name: delta_15
#   datatype: float64
# - name: tmin
#   datatype: float64
# - name: tmax
#   datatype: float64
# - name: pre_max
#   datatype: int64
# - name: post_max
#   datatype: int64
# - name: message
#   datatype: string
# schema: astropy-2.0
obj_id num_points z t0 x0 x1 c z_err t0_err x0_err x1_err c_err chi dof b_max delta_15 tmin tmax pre_max post_max message
[from data line 147]
01334448 16 0.47766875168486095 57329.300910651975 2.7755575615628915e-18 0.7147745766745606 1.909299686675414e-05 0.6396732178779823 78.17778214691498 0.030951414598573534 0.435296805917781 0.6130818355605234 61.50852106591145 11.0 -16.35410811163532 2.1112823287773494 57301.284 57402.053 7 9 "Covariance may not be accurate."
01334470 15 0.4848466424457794 57346.700777368154 5.551115123125783e-18 0.6500235487410067 0.5001160337671426 0.00043434390046517835 82.885771712532 0.0 3.284335500230995e-06 0.0005119361584549342 385.8023373502864 10.0 -16.16727263324269 2.2622972075614243 57305.283 57402.053 8 7 "Covariance may not be accurate. Covariance not positive definite. Covariance forced positive definite."
01334597 12 0.8972345140208866 57336.07587033228 2.026157019940911e-16 1.0336854965105557 0.05416380757733463 0.5674881776544589 71.13490566514884 0.030746230356247045 0.44044902973100836 0.5072460120093435 7702.354335829697 7.0 -22.597076444624452 1.6367257862743898 57315.241 57406.101 4 8 "Covariance may not be accurate."
01334620 15 0.8335559633003621 57347.47861242508 1.1407541578023484e-15 0.6500206591610871 0.5000533133162205 0.6304309539312113 75.45591470303407 0.03084326669201217 0.3686247485518838 0.7116140612591964 608.176012219395 10.0 -23.386120145238813 2.2623044785706092 57311.282 57403.062 8 7 "Covariance may not be accurate."
01334644 15 0.6653153235653437 57347.352728520054 1.4710455076283326e-16 0.6500023438501541 0.10317323484879681 0.6667331109713512 75.86679526650914 0.03121243160584035 0.37506107807589767 0.7191918522752809 896.5922491413485 10.0 -21.361673764356265 2.2623366055562997 57311.282 57403.062 8 7 "Covariance may not be accurate."
01334645 12 0.6628764855544658 57334.89604925408 6.411537967210279e-16 0.6500417153026803 0.4987490672250942 5.792171220919684e-05 0.2539579653639521 1.3877787807814654e-18 7.388161167853902e-07 7.356310711845171e-05 1211.4043903015158 7.0 -22.15121686946167 2.26225144428507 57311.282 57403.062 4 8 "Covariance may not be accurate."
01334707 31 0.4871585909988056 57319.025212784276 1.942890293094024e-17 0.6506430465272631 0.5027974547186207 0.6489302486273719 101.0333812016288 0.03158127571045103 0.37016015985483713 0.7209317225487616 2260.7755964625703 26.0 -17.535620797009926 2.2607397775295084 57304.307 57426.071 5 26 "Covariance may not be accurate."
01334879 16 0.48199313277393874 57353.41898912407 8.326672684688675e-18 0.6500011729884064 0.5001150904483296 4.064251156285503e-05 15.299829015333671 0.0 1.016028353673093e-07 5.9532828542319116e-05 1235.4359605499744 11.0 -16.592108903251958 2.26235351456344 57302.267 57425.071 8 8 "Covariance may not be accurate. Covariance not positive definite. Covariance forced positive definite."
01335472 14 0.4766092778762701 57345.80323841596 2.7755575615628915e-18 0.6500000393846925 0.0009763609265819317 0.6386783620009453 75.28727966164297 0.03088697668745385 0.3705785191621102 0.601560001991074 479.74140026432764 9.0 -16.346814043354644 2.2623390841196667 57311.025 57403.049 6 8 "Covariance may not be accurate."
01335564 15 0.4846181919719131 57376.44237606813 5.551115123125783e-18 0.6500030168062946 0.008478557228247474 0.6447663118777712 96.68871365725136 0.03125860710228846 0.3745197073247092 0.6515522229167504 199.98233303600628 10.0 -17.130930628938923 2.2623318014428975 57311.284 57427.068 10 5 "Covariance may not be accurate."
01335694 11 0.6411068306935065 57355.786314973404 4.718447854656915e-16 0.6500015705493907 0.04808295223746273 0.6582880988794428 68.71486253944022 0.03077118304943808 0.36966290219750086 0.6938856589231807 5191.204004250569 6.0 -22.62612646928575 2.2623366300864305 57325.214 57408.053 6 5 "Covariance may not be accurate."
01335717 13 0.6517853314467718 57358.65389777593 2.8310687127941495e-16 0.6500000014072895 0.46492796186230817 7.49557038187687e-06 0.0009621362587495241 0.0 5.462017504953565e-10 0.005007955584701906 4554.280676698907 8.0 -21.299128753975516 2.262355140023544 57325.182 57408.092 5 8 "Covariance may not be accurate."
01335718 29 0.5632108707895441 57375.50064060158 0.0 0.8008419434857372 0.5001397218973764 0.0 0.0 0.0 0.0 0.0 3459.607875795686 24.0 inf nan 57318.106 57426.067 18 11 "Hesse Failed. Covariance may not be accurate. Covariance not positive definite."
01335868 17 0.4839826511067028 57347.62843045408 5.551115123125783e-18 0.6500001318411126 0.07595834603888763 0.6452479333111585 84.99560425147502 0.031313528256546486 0.37588450673085355 0.5140004739507862 216.29791534806517 12.0 -17.014191619696668 2.2623411796504698 57315.234 57425.151 7 10 "Covariance may not be accurate."
01336008 24 0.8432211981130431 57348.66911651655 1.5543122344752193e-16 0.8956532228710755 0.6997651883488338 0.0015326662727059293 0.036287208895373624 1.387778780781453e-18 0.02700293112525254 0.007086662586913928 1443.2598939330278 19.0 -20.88149319550672 1.801581556373236 57325.012 57403.049 11 13 "Covariance may not be accurate."
01336009 25 0.4695179952162111 57349.93610450226 8.049116928532386e-17 1.2482088160263956 0.5000760887843911 0.011322803747278759 0.0056827452790457755 0.0 1.803830200197698e-05 0.0002202049341030743 392.5146626736374 20.0 -18.987056239793322 1.4579422726987339 57325.012 57403.049 11 14 "Covariance may not be accurate."
01336453 9 0.8043379406625757 57364.60900219234 3.5110803153770576e-15 0.6506447683519353 0.5024590369969382 0.48068462045640536 64.37971499530977 0.030746604137688788 0.36054057791296007 0.7109351221546429 2023.136835010903 4.0 -24.50719489783203 2.260735451683015 57329.171 57403.099 4 5 "Covariance may not be accurate."
01336480 7 0.589663519843838 57353.64649991062 2.220446049250313e-16 1.2499997219117622 0.07824098477704622 0.6544037502205031 65.33504066359092 0.030746230292415085 0.3688010228544401 0.5160463054997189 130.18070167202995 2.0 -21.533873419858583 1.4567816102439615 57329.171 57396.099 3 4 "Covariance may not be accurate."
01336687 12 0.7988701860222527 57341.859617481125 9.631184738623234e-16 0.6741472158833136 0.5066460800052063 0.6428753445853161 59.85915971552822 0.03074799979990169 0.31380538034894034 0.7119001056808656 3633.604640523167 7.0 -23.07786250419811 2.2035246613388537 57327.065 57403.062 3 9 "Covariance may not be accurate."
01337117 11 0.026901667207740433 57350.60581977411 4.718447854656916e-17 1.0049650968994899 0.10813534085825788 0.4923812389884429 61.121005747583695 0.030752857361648674 0.41197366975167965 0.720729828762581 230.17721582903673 6.0 -12.445417179999772 1.6669286634886227 57329.033 57403.049 4 7 "Covariance may not be accurate."
01337221 28 0.6010092893058081 57347.14191418775 3.053113317719181e-17 0.6500002912165151 0.38253837001898305 0.6554224939744376 65.77921717106801 0.030807062719682362 0.3695121479783501 0.7323113673609754 211.03874704912292 23.0 -18.83992430126142 2.262351959406363 57325.027 57407.048 10 18 "Covariance may not be accurate."
01337228 14 0.4791172012673343 57352.94204684961 0.0 0.6531766428581535 0.5001112819613391 0.0 0.0 0.0 0.0 0.0 146.93305178092226 9.0 inf nan 57325.027 57407.046 5 9 "Hesse Failed. Covariance may not be accurate. Covariance not positive definite."
01337272 12 0.4821749637748554 57378.921639740205 5.551115123125783e-18 0.6500009860982066 6.4276722280265375e-06 0.6458425262311991 86.27745822506404 0.031403674409306026 0.37717960644070686 0.6138564746830228 383.9729475996623 7.0 -17.131176291164728 2.2623366749573535 57325.073 57427.054 7 5 "Covariance may not be accurate."
01337325 12 0.4821633766970535 57378.561191594956 5.551115123125783e-18 0.6500004203791475 0.32562919079909114 0.680696505464777 92.7017928680034 0.03899552358107584 0.46819536350540375 0.7372397590234516 311.68869179454134 7.0 -16.51588674619624 2.2623503254859187 57325.073 57427.054 7 5 "Covariance may not be accurate."
01337649 9 0.8677412223650306 57356.62018062561 9.992007221626409e-16 1.1464905484329144 0.47513639672935976 0.6099070619031581 56.959380181218876 0.03074876652739745 0.3502110917682773 0.7043927409492433 2496.9282908667533 4.0 -23.41010900043723 1.5317629025734796 57339.165 57408.053 3 6 "Covariance may not be accurate."
01337655 10 0.3964519390269922 57359.381827862046 2.7755575615628915e-18 0.6500000000077623 0.002647319056035158 0.6181183434596436 69.80180828784796 0.030856378050566416 0.37027745295403136 0.6359352167427261 540.6625787231173 5.0 -15.867760420861469 2.262339229554609 57325.141 57402.072 5 5 "Covariance may not be accurate."
01337687 12 0.01991163532227636 57362.80370647043 2.7755575615628915e-18 1.2481262639583413 0.5073513838772498 2.9456365377244706e-05 1.1379501598894421 0.0 1.0342230904791805e-05 0.00015548690533873089 5671.1370847024955 7.0 -7.899889598965707 1.4579952972798473 57339.297 57425.149 3 9 "Covariance may not be accurate."
01337703 15 0.48435253264476114 57376.73909647297 5.551115123125783e-18 0.6500008263012973 0.08018350805944757 0.6479917359818248 84.8821032883352 0.03155472350656568 0.3789661618420457 0.5177676786645713 179.87194880699033 10.0 -17.00867957870507 2.262339580314041 57325.124 57425.151 9 6 "Covariance may not be accurate."
01337838 11 0.7253106737142334 57377.89491741804 5.3568260938163805e-16 1.2498211709302416 0.5066744224629737 0.01904723507441186 0.03762284668482607 1.3877787807814457e-17 9.986620923474465e-05 0.019048548261615783 1839.476850186611 6.0 -22.182356016260407 1.456907948019282 57339.151 57427.066 6 5 "Covariance may not be accurate. Covariance not positive definite. Covariance forced positive definite."
01338128 11 0.8057537209329199 57371.71992501839 7.93809462606987e-16 0.6537917819092651 0.500000953081821 0.018927120597666325 0.41407230046388577 5.2735593669694946e-17 0.007036336197834725 0.035319628662401126 109.80610518496448 6.0 -22.90147881331184 2.2528671355121617 57339.021 57407.044 4 7 "Covariance may not be accurate. Covariance not positive definite. Covariance forced positive definite."
01338170 22 0.4860877625247628 57378.56174040044 5.551115123125783e-18 0.6500100473644733 0.12126951978779332 0.6514274683371738 62.65441425129393 0.03184222735060699 0.38100929986802795 0.7243960024079357 641.893973906892 17.0 -16.94219404707753 2.26231793268105 57339.021 57407.046 12 10 "Covariance may not be accurate."
01338233 13 0.4818011700636528 57378.68420915686 5.551115123125783e-18 0.6500007265317763 0.015744322608489847 0.6469227751385882 91.11052884866513 0.03151080801179098 0.37841930365220217 0.5589306504338383 82.83634659761356 8.0 -17.104079689367254 2.2623377724982987 57319.281 57427.054 8 5 "Covariance may not be accurate."
01338266 40 0.5126449016321718 57365.37937484732 1.665334536937735e-17 0.8487094988037196 0.5638473661470513 0.0003266966411437089 4.419938499162527 0.0 0.000209033635382605 0.0003672101760399116 113.25672029272117 35.0 -17.400436263398895 1.869359754019495 57339.037 57427.068 15 25 "Covariance may not be accurate."
01338278 10 0.482382595869324 57361.93617266174 8.326672684688675e-18 1.2132860274832304 0.5084152298420451 0.0004972210955880851 1.9364413974653871 0.0 0.00018612449834032319 0.0006556622777803001 233.1092712630544 5.0 -16.581060384908923 1.481076842020986 57339.037 57427.054 3 7 "Covariance may not be accurate."
01338387 10 0.4748632130782268 57427.31002526275 6.207211050712758e-10 0.655421220875166 0.5004331010069045 0.13911653890031117 2.5228890530015633 6.21088200314368e-10 0.39510365174582707 0.7310353615702464 584.9621762881396 5.0 -36.2338350176371 2.2488208053597365 57329.173 57403.101 10 0 "Covariance may not be accurate. Covariance not positive definite. Covariance forced positive definite."
01338430 9 0.4822423352041607 57422.67345578118 1.0276224315930449e-13 0.9671069245169599 0.9999999464905762 0.3421686877326563 4.230243517682538 3.5366987116702833e-13 0.20297291620855068 0.6193199650105425 450.29374252184107 4.0 -25.84387367740414 1.7096642417421393 57339.122 57403.101 9 0 "Covariance may not be accurate."
01338471 11 0.3715765975195757 57419.494216344334 1.9166845888207718e-11 0.7768214169496401 0.9989866247533139 0.0022692114585334267 0.02743710645881947 3.374899942842902e-11 0.001285721095493797 0.5096691262655813 107.70898642700013 6.0 -30.85010230665402 1.9876392760871013 57319.137 57403.101 11 0 "Covariance may not be accurate. Covariance not positive definite. Covariance forced positive definite."
01338675 17 0.4934119935317495 57375.908520352765 1.4155343563970747e-16 0.859470372785496 0.5001091789519673 0.33348373010676213 0.030559410763089545 0.0 6.11409287121778e-05 0.00010090051119709953 3698.719676304654 12.0 -19.729340121765816 1.853326288633653 57339.046 57406.102 9 8 "Covariance may not be accurate. Covariance not positive definite. Covariance forced positive definite."
01339002 9 0.7217275713816187 57379.07305162325 1.1657341758564144e-16 0.6500259929838756 0.08982082920408119 0.6688662051161516 69.79969676488327 0.031406906428816724 0.37515216108509036 0.5260194483224376 296.8438808472389 4.0 -21.350492673392136 2.2622765975648953 57346.027 57427.066 4 5 "Covariance may not be accurate."
01339149 9 0.48766424921025486 57376.01464512021 2.7755575615628915e-18 0.6882447265901966 9.104326181841316e-09 0.6448618995422771 68.79183725929761 0.03120905073585267 0.30168054965207447 0.6148844866353564 502.2531150087414 4.0 -16.40813885936729 2.1706545980455516 57346.029 57427.068 4 5 "Covariance may not be accurate."
01339392 6 0.6355064752885143 57371.37666549397 2.40918396343659e-15 0.9191651199416305 0.5000009494663817 0.16590236517394685 1.0161616232144297 5.370703881624195e-16 0.11527553031872856 0.00037343701627476356 7.828406238714945 1.0 -23.473373160473425 1.7697147051765008 57345.331 57426.145 3 3 "Covariance may not be accurate. Covariance not positive definite. Covariance forced positive definite."
01339450 13 0.4855192779781106 57377.18133530141 2.7755575615628915e-18 1.0345473823963545 0.5137481827608339 0.0025822639097451694 77.24974827526239 0.0 0.0013359951143507853 0.004092866657007033 109.04207967170488 8.0 -15.396624104677638 1.6358569076750946 57339.286 57426.147 7 6 "Covariance may not be accurate. Covariance not positive definite. Covariance forced positive definite."
01340454 22 0.39178265637491144 57372.45264537804 2.4980018054066023e-17 0.9556124244193049 0.23695892817636827 0.6285135712216016 67.8811361274893 0.038942949196135064 0.4274886503345958 0.5644844432634886 1276.769992318912 17.0 -17.76981856472524 1.7234331638730822 57345.314 57425.151 8 14 "Covariance may not be accurate."
01341370 16 0.4937337787241657 57387.71929678026 0.0 1.2285548243149735 0.5101289068476846 0.0 0.0 0.0 0.0 0.0 2365.226645502822 11.0 inf nan 57347.079 57403.049 10 6 "Hesse Failed. Covariance may not be accurate. Covariance not positive definite."
01341894 7 0.7591057130797633 57396.25796734087 2.942091015256665e-16 1.151127063311122 0.499403058600764 0.0002451405739186674 0.4656479400364333 1.3877787807814654e-18 0.0003659193236492664 0.0008449878454705462 146.2282315131939 2.0 -21.6655257971317 1.527943726334442 57365.054 57427.052 5 2 "Covariance may not be accurate."
01342255 6 0.46421949309536864 57422.49241325859 5.597746988161845e-11 0.9568261140837542 0.19847209437678803 0.0006295328371316855 0.016988038925774163 1.998580745343759e-11 0.0004125615187439702 0.14436051065562147 9053.588237554126 1.0 -34.17279878028992 1.7219583761081445 57365.11 57403.099 6 0 "Covariance may not be accurate."
01343208 6 0.4931800800120245 57384.09106122769 1.3877787807814457e-17 1.2372964556265797 0.704401413371978 0.0008884477874325503 0.8717363692594517 0.0 0.0011074074214277863 0.01519076522034718 333.59059287798004 1.0 -16.824916324166296 1.465005616028435 57356.144 57397.09 3 3 "Covariance may not be accurate."
