analysis_pipeline/fit_results/des_5_salt2_2.4_blue.ecsv
# %ECSV 0.9
# ---
# datatype:
# - {name: obj_id, datatype: string}
# - {name: num_points, datatype: int64}
# - {name: z, datatype: float64}
# - {name: t0, datatype: float64}
# - {name: x0, datatype: float64}
# - {name: x1, datatype: float64}
# - {name: c, datatype: float64}
# - {name: z_err, datatype: float64}
# - {name: t0_err, datatype: float64}
# - {name: x0_err, datatype: float64}
# - {name: x1_err, datatype: float64}
# - {name: c_err, datatype: float64}
# - {name: chi, datatype: float64}
# - {name: dof, datatype: float64}
# - {name: b_max, datatype: float64}
# - {name: delta_15, datatype: float64}
# - {name: tmin, datatype: float64}
# - {name: tmax, datatype: float64}
# - {name: pre_max, datatype: int64}
# - {name: post_max, datatype: int64}
# - {name: message, datatype: string}
# schema: astropy-2.0
obj_id num_points z t0 x0 x1 c z_err t0_err x0_err x1_err c_err chi dof b_max delta_15 tmin tmax pre_max post_max message
[from data line 96]
01308582 29 0.3772378348246107 57287.70821937344 2.4758207762715092e-05 -0.566275170043752 -0.05848956631372029 0.03217760741078993 0.7347641850683431 1.690542375457071e-06 0.5336842376003466 0.07132213495824928 16.496610240328366 24.0 -19.545727796962012 1.1673811053162382 57265.391 57365.081 6 23 "Minimization exited successfully."
01308884 10 0.09936227169285917 57293.4497453657 0.0003129130686402332 -1.2978462684918552 -0.2999998942979629 0.005434223174504878 0.05542213870648993 3.5021564937787186e-06 0.05259507635391414 0.5505086654193987 12.482717663917608 5.0 -19.063877303577875 1.3466257130302672 57278.247 57345.255 2 8 "Minimization exited successfully."
01308957 19 0.5295125019406092 57278.329999999994 4.8662780979619185e-06 1.999999972483332 0.2999994351366024 0.032089618357022676 0.4779460151839885 4.279132797435638e-07 3.130334687665498 0.5170756524465341 47.54848207718882 14.0 -18.665661137786095 0.7023711640325381 57253.334 57373.055 5 14 "Minimization exited successfully."
01309288 6 0.2957452337871725 56986.359851589215 6.105841087108987e-05 1.9833046994079497 -0.058833434661884315 0.00624026552353274 1.1386735423002392e-05 3.651118243435818e-08 0.0029461966436103992 0.0010634351229929923 1.1453627726970257 1.0 -19.911667195230592 0.7146621953668948 56963.244 57061.06 1 5 "Covariance may not be accurate. Covariance not positive definite. Covariance forced positive definite."
01309492 30 0.2573418918198209 56988.25499999921 3.6357698732736314e-05 -1.3652360355048117 -0.08370760327661947 9.761225668064588e-06 24.598918329927983 1.1839425051139718e-05 3.2880719296962972 0.4019751946096456 2520.308189481979 25.0 -18.999332090873573 1.3451744326258996 56963.265 57066.064 7 23 "Covariance may not be accurate."
01309749 19 nan nan nan nan nan nan nan nan nan nan nan nan nan nan nan nan 0 0 "No bands in data overlap the model."
01310338 26 0.3445375233577648 56974.111998943365 1.7955110687478683e-05 -0.3321437318953899 0.09047961037556584 0.013026148315904623 0.05763448749348754 7.273712801222912e-07 0.3491866521228997 0.04696141946908969 40.62341644242143 21.0 -18.966230331478513 1.1114060017119698 56949.115 57052.039 5 21 "Minimization exited successfully."
01310395 18 0.2956591283137147 56981.05323076627 3.1057322524874474e-05 -1.000625388317597 -0.2987925495862889 0.020324801393940134 0.5589273610967211 1.9074679508221403e-06 0.4916443645452867 0.5940593335137938 8.614808557754625 13.0 -19.17855600424219 1.2770305402587638 56956.206 57052.037 4 14 "Minimization exited successfully."
01312274 32 0.4287322374469496 56977.2667002834 1.2503236647001815e-05 -1.1033589069643397 -0.015711358300206757 0.04090988164633949 0.7575478423059394 1.0074977991533784e-06 0.6364135321206197 0.08349801062455366 11.343818728477794 27.0 -19.13263180605514 1.2792993253355398 56956.143 57052.1 6 26 "Minimization exited successfully."
01313594 12 0.16775767214973625 56998.03499996604 3.917434349200722e-05 -0.44987447127406277 0.29999899410283565 0.007503951624352384 0.017675990475254366 7.516348543165643e-07 0.22097658108525398 0.1112136198241594 98.86715109405232 7.0 -18.042607117156958 1.1209027875340425 56973.038 57051.053 3 9 "Minimization exited successfully."
01314897 25 0.3348586907076481 57298.3369999938 3.1538624350502256e-05 -0.4702594446995576 -0.06463699131894388 2.8623480767792087e-05 0.03733427997940453 1.6989803796024778e-06 0.3869163506749449 0.06197385707188534 55.05285493396353 20.0 -19.505199432374603 1.1482291017702835 57273.337 57372.07 9 16 "Minimization exited successfully."
01315192 7 0.15824300136321603 57007.60756783897 4.6888743169865026e-05 1.0524489147676004 0.2990467030498986 0.040285902950072 0.4879114578034205 4.7655459526313455e-06 0.5347066125138242 0.5758444310797771 1.0449403410226024 2.0 -18.09920039978432 0.8561003203098956 56987.196 57052.098 3 4 "Minimization exited successfully."
01315259 10 0.22590538713981212 57004.420285241045 3.884939728205639e-05 -0.4437939817920382 0.2998648971567475 0.03738468342518346 0.5671684687476954 1.0951729950664486e-06 0.290303992059989 0.5995929843786297 4.380650551835445 5.0 -18.7550827517906 1.1197382508150788 56980.181 57049.068 4 6 "Minimization exited successfully."
01315296 27 0.2815056552983227 56998.182999989935 1.1098262547779015e-05 -1.0200191973918542 0.29024401352471224 0.02558741690299776 0.07907148970116396 1.3051959088919424e-06 0.5996265350672982 0.4751680693298954 45.75976986657607 22.0 -17.938738060066832 1.2368080160289452 56973.185 57049.07 7 20 "Minimization exited successfully."
01316385 11 0.26211472592851937 57021.04641739072 0.00017763641060348503 1.9999998202562521 -0.22978978175602877 0.012094777538386337 0.18987251903672586 5.9077531798346045e-06 0.7229431001477296 0.042212874592005414 20.48461315261224 6.0 -20.772428038130634 0.7160733742793397 57001.175 57066.03 5 6 "Minimization exited successfully."
01316431 10 0.15615663771829774 57018.333704201745 0.00013787369860032705 1.0496134990288581 -0.29982345769739666 0.01683131755745207 0.13814192544305115 5.908119354149094e-06 0.2359540732199621 0.49844601153916696 12.701759808446546 5.0 -19.23820518094961 0.8779186548786768 57001.162 57052.098 4 6 "Minimization exited successfully."
01316437 13 0.47753943551290357 57005.19199989047 8.957302535997359e-06 -2.9999998068450107 0.29996981159003094 0.017167316809885147 0.16735694154704106 4.842083388773007e-07 0.855550793265613 0.5842068278409308 22.458801137073593 8.0 -19.05445489698601 1.7581826802344231 56980.197 57052.1 4 9 "Minimization exited successfully."
01316465 11 0.34692778910710514 57021.75637342666 2.4757196271946172e-05 0.635077265208559 0.29981765236059815 0.01787088452488142 0.37560573209339054 4.5000175472043047e-07 0.23209992671011936 0.5155607826605976 12.422807497959209 6.0 -19.337658364182346 0.9255687651026854 57001.183 57066.064 4 7 "Minimization exited successfully."
01317164 5 0.16928231981707847 57296.69499597274 7.275510011650888e-05 -2.4247505779573393 0.16692356465809155 6.490167182154893e-07 3.269508306402713e-05 1.5426646125953072e-05 0.691118608149013 0.1772182636722664 5.8331928333253735 0.0 -18.73224411074648 1.5975348037633772 57315.181 57355.159 0 5 "Covariance may not be accurate."
01317277 12 0.2155760360099816 57007.7913465641 5.840940863354183e-05 -1.3203960596144717 -0.2993746818515436 0.05203778827075978 0.6648344575405645 5.932587238850758e-06 0.45505359094706566 0.5655492071963037 5.833561938038457 7.0 -19.082259517502926 1.3520197864312102 56987.073 57052.037 5 7 "Minimization exited successfully."
01317286 14 0.16271472114492735 57012.070999915886 4.2143856388446316e-05 0.19849195284111243 0.2999953841683483 0.006088987531358198 0.013272469983348856 6.463816652091385e-07 0.2286811896767913 0.07616126574078896 104.95779717841172 9.0 -18.049261273629646 1.0011336505734434 56987.073 57052.037 7 7 "Minimization exited successfully."
01317454 10 0.5557764251298065 57012.027999516824 7.030825125520224e-06 -1.451669125823528 0.29998545637192725 0.028586466316503023 0.6247296043111419 4.416988900468599e-07 0.8253016588018969 0.5992865086211983 13.770214138698888 5.0 -19.189522458591924 1.3309517525583914 56987.033 57051.04 5 5 "Minimization exited successfully."
01317666 22 0.08190452109987564 57298.33899999999 0.00016227278118860212 -0.9884947139578903 -0.183873772184531 0.002901285932771183 0.0024019480333663523 4.570691319930045e-06 0.11257701937170983 0.02013521487031851 674.3796406747579 17.0 -17.902615787256135 1.2661800677992936 57278.217 57356.106 6 16 "Minimization exited successfully."
01319366 17 0.16490257372331873 57301.31199999228 5.892245530663421e-05 0.9114344341262344 0.2999643949589042 0.007495977002717549 0.022166426500916714 1.175996755754806e-06 0.28499619002290255 0.45026926498952413 168.80079843422223 12.0 -18.445676987078905 0.8793037647255417 57276.312 57372.102 6 11 "Minimization exited successfully."
01319821 10 0.09583029962792344 57017.12299945252 3.1334209030201014e-05 -2.359952225373168 0.2993277251086098 0.011239205259469094 0.253216083827283 2.0858112403154814e-06 0.4082732962667933 0.5582478381404989 11.185220441952143 5.0 -16.481606576093625 1.5620412215664565 56992.125 57067.099 3 7 "Minimization exited successfully."
01320166 10 0.4663198488295213 57016.10799941019 8.351382151264298e-06 -1.4142963928059737 0.29996138727287486 0.021312959848546614 0.08895066757759196 6.783323829653853e-07 1.1825885467438377 0.5242598426400298 44.40487604482437 5.0 -18.917117210311456 1.3224299790624023 56991.113 57049.046 4 6 "Minimization exited successfully."
01322229 7 0.5502929301841893 57026.049999998264 8.8189318221632e-06 -2.99999980181512 0.2999973648286037 0.011385953988727882 0.05506601621891605 3.197178299746417e-07 0.09206506098267897 0.45777975100892954 37.94013092162655 2.0 -19.408865183220236 1.7581781352323027 57001.076 57039.041 5 2 "Minimization exited successfully."
01322979 9 0.5438898490524283 57033.03999999053 8.530062825620743e-06 -2.1128647941510197 0.2999999141298632 0.006729079700057039 0.019628318263130495 1.4616209315920831e-07 0.2619200591653733 0.049713078878077466 138.48838116978334 4.0 -19.34223793915126 1.4943977088919063 57008.04 57061.074 5 4 "Minimization exited successfully."
01324542 9 0.36642826195663153 57036.08499521818 1.267779892527854e-05 -0.5408714165160662 -0.29984813406000477 0.02195367728685818 0.16917904331057798 1.023206247711961e-06 1.2712385694661985 0.5809612182674115 24.37557940475105 4.0 -18.749029440299616 1.1768522996670647 57011.089 57067.101 4 5 "Minimization exited successfully."
01325358 7 nan nan nan nan nan nan nan nan nan nan nan nan nan nan nan nan 0 0 "No bands in data overlap the model."
01327978 10 0.18415075542948173 57307.388187807126 6.75676563297145e-05 -0.29401481668849216 0.0886975823299167 0.07308320065495028 1.5519265148432169 4.692110222511009e-05 1.0288731071205344 0.45398065941670895 2.9976180957227996 5.0 -18.854401073738895 1.104119729149712 57283.131 57373.038 6 4 "Covariance may not be accurate. Covariance not positive definite. Covariance forced positive definite."
01328066 20 0.4789295826156719 57298.09299999993 1.9814326607522915e-05 1.9999999433226865 -0.295570327679927 2.7307140056526125e-05 1.058859395354375 5.675131219058661e-06 4.993021514740999 0.409879968853884 11.344416364994654 15.0 -19.9269897426662 0.7176234351805952 57273.098 57379.048 5 15 "Minimization exited successfully."
01328105 42 0.33896092677696293 57298.09299999861 2.30389623163213e-05 -0.01635309424357345 -0.12253645643332467 5.500966307192545e-07 0.08764753776995349 1.5329106737682625e-06 0.4647523920336136 0.07311886476819762 66.88080297152314 37.0 -19.195927936123525 1.062563761172754 57273.096 57386.046 10 32 "Minimization exited successfully."
01329166 17 nan nan nan nan nan nan nan nan nan nan nan nan nan nan nan nan 0 0 "No bands in data overlap the model."
01329196 20 nan nan nan nan nan nan nan nan nan nan nan nan nan nan nan nan 0 0 "No bands in data overlap the model."
01329312 31 0.29977093537924543 57308.18899943887 2.157592760923255e-05 -2.10640048661542 -0.027432471898688304 0.020170721356732757 0.15529977472033352 1.7158678690828985e-06 0.4735537807809622 0.07777571647616252 18.23374717932604 26.0 -18.812901440825673 1.5296138598125495 57283.189 57389.086 10 21 "Minimization exited successfully."
01329615 34 0.3951769309418072 57303.297998961054 1.5124826992163333e-05 -0.3095434445386047 0.05885330357120905 3.172208648904995e-05 0.3930932993389433 1.1153839034855338e-06 0.6126439425752324 0.08300347473705627 22.7566945840625 29.0 -19.129968470310885 1.1089144747790272 57278.301 57385.111 10 24 "Covariance may not be accurate."
01330031 13 0.07500039041432932 57315.06499989212 0.00035248430013369304 0.855854454126292 0.29999926162867857 0.0643048359173099 0.014623108425439568 7.604275826224305e-06 0.11410857195241042 0.05329896924510297 137.34278688909654 8.0 -18.547625687630386 0.8885241144584874 57291.079 57376.04 5 8 "Minimization exited successfully."
01330426 16 0.18034693139361263 57313.209999916035 5.341800207225023e-05 0.7854060981803253 0.2999906229407057 3.2609034840563877e-06 0.0001560686323500704 7.03320908096459e-08 0.011962359130010203 1.7309480548566292e-05 272.7694341721261 11.0 -18.554140097402094 0.9002692630752485 57288.213 57387.181 3 13 "Covariance may not be accurate."
01330642 17 0.5370668469193429 57308.18899971047 7.596420032734974e-06 0.10349007495556828 0.29999950900805633 4.144390266602738e-05 0.03913880872642039 2.245773619166674e-07 0.4412262796610795 0.07708787157087599 121.27751371862345 12.0 -19.18432100209366 1.0180645916976943 57283.189 57403.073 4 13 "Minimization exited successfully."
01330903 20 0.47218328185125963 57301.311992732386 7.611707544680213e-06 -1.6059623422696592 0.29994815261620705 0.030673455521497306 0.3992228842253098 5.574584733061823e-07 0.9447136178184996 0.5563377973727616 23.613960751608623 15.0 -18.848858810810498 1.366990148277715 57276.314 57396.101 6 14 "Minimization exited successfully."
01331123 17 0.25862666609235835 57318.142998527444 3.7304231401252835e-05 -1.5202831831395445 0.2982695776016115 0.02182996252573194 0.3055646592838457 2.4428752184252347e-06 0.36368761913276215 0.5965407662154312 20.77855667939263 12.0 -19.04405635157372 1.346929306263828 57297.032 57386.044 6 11 "Minimization exited successfully."
01331993 30 0.7060571846926226 57316.16999995681 3.2486734276360177e-06 1.9999998404965895 0.2999985046945128 0.011600166072341156 0.06823440162042971 1.4508725287853963e-07 0.11563357271880159 0.4045393166104404 168.8017249456028 11.0 -18.98868820890347 0.7023712114658025 57291.17 57403.073 8 22 "Minimization exited successfully."
01332059 18 0.43743014794065616 57313.19899963435 4.869553322969789e-06 1.9999629366078704 0.29997952580868376 0.00014310774321257824 0.13072842590190703 3.1618490075324724e-07 0.9768344362057224 0.5199700769651399 76.06406612252508 13.0 -18.1683859927432 0.7023777868870802 57288.201 57403.101 6 12 "Minimization exited successfully."
01332413 17 0.5433196255092784 57322.15099998604 7.675816916369317e-06 -0.71628812031833 0.2999982111819756 0.02055377526931812 0.22817404529996566 5.196541511057196e-07 0.7036832975004781 0.4867965450097264 33.00084301151033 12.0 -19.225535164441247 1.173389122639744 57299.144 57403.064 6 11 "Minimization exited successfully."
01333246 30 0.3586726253305294 57324.21996827882 1.124926758170053e-05 1.2504754983077566 0.170090405343564 0.04154492907858734 1.5263150957325706 1.510144134272972e-06 0.9003394865604859 0.13386007621047652 11.663590883593542 25.0 -18.56324922941288 0.8283493438546792 57299.22 57403.101 12 18 "Minimization exited successfully."
01333438 31 0.2565635101267904 57322.34598522792 1.2191927150620452e-05 -0.7944223534758454 0.2997004252445687 2.4846610640200106e-05 0.01328647964692209 2.2835131996551456e-07 0.20157132460017158 0.09234901171464777 81.22041554770689 26.0 -17.810371373632883 1.189223973304255 57297.346 57404.045 8 23 "Covariance may not be accurate."
01334084 14 0.1798972445670899 57335.93588952098 0.00013164649733112544 -1.1377967130645819 0.049582898987028556 0.03385973966809358 0.8358846730116056 1.261956303126865e-05 0.5486036039431749 0.10176695687889875 12.798635834037118 9.0 -19.52146108610043 1.2818315501033908 57315.206 57396.099 4 10 "Minimization exited successfully."
01334087 4 0.2607239178825321 57336.29899108281 5.0173477891382603e-05 0.31994473091116404 0.29131138573297105 0.22324644249556264 7.629642519805202 1.5919993778051866e-05 3.9474214193073696 0.3042960388792971 10.241577404843925 -1.0 -19.386691977672065 0.9801968339113287 57315.208 57403.099 2 2 "Minimization exited successfully."
