analysis_pipeline/fit_results/des_4_salt2_2.4_blue.ecsv
# %ECSV 0.9
# ---
# datatype:
# - name: obj_id
#   datatype: string
# - name: num_points
#   datatype: int64
# - name: z
#   datatype: float64
# - name: t0
#   datatype: float64
# - name: x0
#   datatype: float64
# - name: x1
#   datatype: float64
# - name: c
#   datatype: float64
# - name: z_err
#   datatype: float64
# - name: t0_err
#   datatype: float64
# - name: x0_err
#   datatype: float64
# - name: x1_err
#   datatype: float64
# - name: c_err
#   datatype: float64
# - name: chi
#   datatype: float64
# - name: dof
#   datatype: float64
# - name: b_max
#   datatype: float64
# - name: delta_15
#   datatype: float64
# - name: tmin
#   datatype: float64
# - name: tmax
#   datatype: float64
# - name: pre_max
#   datatype: int64
# - name: post_max
#   datatype: int64
# - name: message
#   datatype: string
# schema: astropy-2.0
obj_id num_points z t0 x0 x1 c z_err t0_err x0_err x1_err c_err chi dof b_max delta_15 tmin tmax pre_max post_max message
01248677 30 0.3502 56554.472378179926 3.371240929789521e-05 0.9974175283229867 -0.10365476515774111 0.0 0.09594825753811165 4.71199031518154e-07 0.10621174436584968 0.012208523196651944 290.25371484442354 26.0 -19.692701914778713 0.880224613452885 56538.34 56629.123 5 25 "Minimization exited successfully."
01250017 16 0.1817 56553.54709599041 8.7855420724961e-05 0.24912743546653493 0.2999228465578458 0.0 0.1438787501429033 1.6633799594281725e-06 0.24472872250625022 0.4265981110845563 22.8010618109814 12.0 -19.111927246438256 0.9921897684981822 56534.235 56616.075 6 10 "Minimization exited successfully."
01253039 18 0.4535 56575.66175013535 2.0136986964258698e-05 0.6112064075402617 -0.29932422141994575 0.0 0.7042877260391833 1.5664631655185064e-06 0.64246940066337 0.5574068272952075 8.13857234664746 14.0 -19.801075362934206 0.9547518985649681 56547.272 56653.09 7 11 "Minimization exited successfully."
01253101 18 0.4596 56577.07323856031 1.3574896319171193e-05 0.6662861615160116 0.15417894285266331 0.0 0.00019538764900062233 6.056814638154273e-06 0.6415549488740813 0.5259160838849167 25.48552232943557 14.0 -19.404526947773196 0.9266755296241733 56543.096 56657.05 6 12 "Covariance may not be accurate."
01253920 15 0.1956 56583.29038723808 7.010576226811894e-05 -0.7537275570383528 0.2999175266447091 0.0 0.16501669164790655 1.4171720143771313e-06 0.21122323941157162 0.5560372033670413 59.93013689346371 11.0 -19.04453721655231 1.180947142328769 56559.193 56649.168 5 10 "Minimization exited successfully."
01255502 10 0.1482 56592.74497731865 0.00022438250768849478 1.1276966032480464 -0.009921256023541936 0.0 0.26236837493343046 2.4097038176032495e-05 0.6050802231478876 0.048859199432151015 74.72916304961066 6.0 -19.638046960309836 0.8549555252572745 56579.125 56653.072 2 8 "Minimization exited successfully."
01257366 8 0.2114 56613.05233676483 6.479732083302659e-05 -0.351927999772605 -0.29503574913005 0.0 3.4827448176984035 1.7115532188113905e-05 0.9739351431252388 0.31534079977465357 9.895249416651225 4.0 -19.14762629573243 1.1376042737412 56590.343 56675.102 1 7 "Minimization exited successfully."
01257695 11 0.1838 56613.19797897383 8.844201431155164e-05 0.13654007818329106 0.29999709139730885 0.0 0.1303083021994098 1.3972248637417222e-06 0.16725364139406107 0.3752440347064754 46.16525764309318 7.0 -19.146798156371936 1.0121528693160116 56590.027 56675.074 4 7 "Minimization exited successfully."
01258906 28 0.3492 56621.360422803235 2.2953353698798584e-05 -0.07553848537262464 -0.1032176568075864 0.0 0.41038738073257264 1.2936308387112578e-06 0.3845862382997889 0.05531361959226201 18.780036848757433 24.0 -19.267206566784893 1.0728536656147227 56594.015 56695.035 9 19 "Minimization exited successfully."
01258940 35 0.4259 56619.6197362242 1.5719728667104584e-05 0.1568694633387957 -0.0725214338251596 0.0 0.559045479480119 9.001229482219479e-07 0.5078419477377341 0.06661374843266549 30.064722035745024 31.0 -19.365024758231854 1.0275913770040326 56590.313 56697.041 12 23 "Minimization exited successfully."
01259412 11 0.3047 56624.27591668273 4.1614062900047216e-05 1.1554878087103075 -0.2993377005999252 0.0 0.48327919531584485 1.2340012901485016e-06 0.22480024550570832 0.591397629623844 4.367416785728404 7.0 -19.573549643764423 0.8597595250423957 56603.052 56693.052 2 9 "Minimization exited successfully."
01261579 10 0.3222 56638.59355369556 3.025034906386226e-05 -0.17169460157246919 0.005920768334263582 0.0 0.1710884125532175 3.1568416339805547e-06 0.1702470602649624 0.21546265543130336 13.25362647765561 6.0 -19.362439569035086 1.0853567672963393 56616.087 56693.049 3 7 "Covariance may not be accurate. Covariance not positive definite. Covariance forced positive definite."
01262214 23 0.6894 56657.088927549565 6.097429034576663e-06 -0.3392722183191501 -0.2995601394334406 0.0 0.5536615788987547 2.1297416813725853e-07 0.3851809585645294 0.32479379665634944 29.59653545463132 19.0 -19.605823112456427 1.1352819625970092 56625.281 56698.051 11 12 "Minimization exited successfully."
01262715 25 0.6894 56661.451914475816 7.274739819337906e-06 1.0256929168387723 -0.299800728897759 0.0 0.7151546104614681 2.480673326088476e-07 0.5633631603814953 0.35619475936990985 3.3145175679663357 8.0 -19.79862252549914 0.8820365858727186 56625.228 56697.09 14 11 "Minimization exited successfully."
01263369 9 0.3125 56665.99372736146 3.77887129422605e-05 -0.0475511825793169 -0.29987308696894294 0.0 0.4407350432156818 1.4444524554943508e-06 0.450285990190594 0.5911082481379859 4.329753270365788 5.0 -19.53143310382523 1.0774079212539363 56645.138 56697.039 4 5 "Minimization exited successfully."
01263715 9 0.2919 56667.69167455555 4.4847328993827264e-05 0.7413818889349173 -0.29963171147112194 0.0 0.41575889705563895 2.214919133849969e-06 0.5360672540679712 0.4909686288126085 4.393346357412468 5.0 -19.54668642697448 0.9316163182697252 56645.052 56694.034 5 4 "Minimization exited successfully."
01275946 18 0.2321 57261.41391551805 6.432584120676933e-05 1.1669072742798114 0.29994648002417207 0.0 0.1435794508397521 1.0241523562451422e-06 0.22952004064811016 0.41939926377818426 225.6073686009397 14.0 -19.370269287761392 0.837347502941487 57248.375 57329.031 4 14 "Minimization exited successfully."
01279500 12 0.235 57251.52406795019 5.966979874711398e-05 0.6770765262123817 -0.017186811569910587 0.0 0.4165229620084574 5.29760279575214e-06 0.24452528937950024 0.11936731199487029 20.898303386516112 8.0 -19.31388396495636 0.9319961909102261 57249.302 57319.114 1 11 "Covariance may not be accurate. Covariance not positive definite. Covariance forced positive definite."
01280217 32 0.359 57250.353153532255 2.0402714184852844e-05 1.9999950398767314 0.07528022342125429 0.0 1.2829028980668227 1.0118994382857231e-06 0.7311137999830146 0.05145437057707747 70.52650918489542 28.0 -19.21174193819482 0.7084339875659502 57248.391 57329.173 2 30 "Minimization exited successfully."
01281668 20 0.3071 57271.015444900506 3.239705147658756e-05 0.029070153005046784 0.29492355798072895 0.0 0.49573090428020805 3.1348207067669057e-06 0.413327580426611 0.5779742035006061 36.68048441651771 16.0 -19.320731065056012 1.0317487542740515 57248.375 57342.024 5 15 "Minimization exited successfully."
01281886 36 0.384 57267.81405666288 2.015039838808852e-05 0.7288589881492875 0.05686103778558632 0.0 0.5724443514336599 1.4200822972987314e-06 0.5555711063700848 0.06586526385382943 33.415458831574675 32.0 -19.368582992120604 0.9200282687484531 57248.391 57345.231 8 28 "Minimization exited successfully."
01282736 35 0.3689 57266.48999287893 1.411007928207031e-05 -0.5904327026070124 0.18093665805935094 0.0 0.6378534284558555 1.0492697566977242e-06 0.582514442069131 0.07459372736390968 29.571876148591528 31.0 -18.87978094284292 1.156530450639167 57249.281 57346.029 7 28 "Minimization exited successfully."
01283373 13 0.2075 57268.84024601271 6.230041412584597e-05 -1.2087779365664097 0.03558460266749536 0.0 0.0003966821532230824 1.006151457985656e-06 0.30016507613992105 0.019546380472636626 22.300828818011123 9.0 -19.054913715758016 1.2989385381072331 57265.366 57332.077 1 12 "Minimization exited successfully."
01283878 15 0.3135 57265.86364699504 2.8052039263304354e-05 -0.3988169334146656 -0.2956931819890827 0.0 1.1537273047106282 6.768263307059541e-06 1.4126946358248187 0.4064851175312814 2.0642127467218794 11.0 -19.215624370242647 1.1472012820196262 57249.305 57339.187 3 12 "Minimization exited successfully."
01283936 42 0.369 57267.38918411284 1.101133641558394e-05 -0.6892903192838289 0.18112473430778503 0.0 0.84746708732564 1.072522638778661e-06 0.7668738995787485 0.09032433681323623 19.42902415777612 38.0 -18.611200304641855 1.1764518426993895 57248.375 57347.081 10 32 "Minimization exited successfully."
01285160 17 0.7493 nan nan nan nan 0.005 nan nan nan nan nan nan nan nan nan nan 0 0 "No bands in data overlap the model."
01285317 23 0.5649 57268.97429034667 9.113532682133995e-06 0.16380304200328055 -0.031117911813827448 0.0 1.6130110908779898 5.749381104572238e-06 1.0140110186603768 0.4287758285880857 9.999135655042375 19.0 -19.510151771138908 1.0242906117300947 57248.378 57356.125 5 18 "Covariance may not be accurate. Covariance not positive definite. Covariance forced positive definite."
01286398 26 0.1503 57271.24277404304 9.964984797490861e-05 -1.442600751594842 0.02541670984823219 0.0 0.3702527317800559 4.552748360554806e-06 0.24835006018087202 0.03132960307005622 50.859897010938695 22.0 -18.78855859629379 1.3540744497682766 57249.293 57331.145 6 20 "Minimization exited successfully."
01287626 5 0.304 56683.779339578505 3.554588016058402e-05 -1.244143846367729 0.044587884298587954 0.0 0.6910080040688626 9.403776234617746e-06 0.7804850108797063 0.4712263533242363 0.06570910645050412 1.0 -19.3906312756277 1.306234461512883 56660.105 56697.068 3 2 "Covariance may not be accurate. Covariance not positive definite. Covariance forced positive definite."
01289288 19 0.2897 57273.257239241466 2.349746202111869e-05 -0.897685662634006 0.2977860335778449 0.0 1.4991262906914926 2.4720773072375864e-06 1.1004930091121294 0.4632689188001615 13.163638452559026 15.0 -18.82519803706561 1.21058308875865 57248.375 57347.079 3 16 "Minimization exited successfully."
01289555 20 0.5588 57275.22845718421 8.777807514087633e-06 0.4410735767714353 0.2997600368605657 0.0 1.68928742621938 6.266085601572269e-07 0.8383228848101782 0.4324110977156332 16.743273581012968 16.0 -19.445842445447852 0.9587320891374844 57248.393 57365.112 4 16 "Minimization exited successfully."
01289600 34 0.4196 57283.322500919436 1.2043268194228408e-05 1.208671971590877 0.09019915125420935 0.0 0.3966405081337143 3.130938095008416e-07 0.3187620020102364 0.03191607617010736 81.6010392549768 30.0 -19.038441971094265 0.8380112721623192 57255.37 57365.221 7 27 "Minimization exited successfully."
01289656 19 0.5394 57269.17220783217 7.377387846491113e-06 -0.5091947105114092 0.2984721803427594 0.0 1.6165490424937161 9.78683738313279e-07 0.9887625582503459 0.3088207895255148 10.535414612951634 15.0 -19.163514772934555 1.1325097014279812 57255.415 57355.242 2 17 "Minimization exited successfully."
01289664 17 0.2491 57278.595107535046 5.4117239621187534e-05 -1.18797138416251 -0.1494240531506443 0.0 0.42739247138160863 1.0273454732197262e-05 0.29581813766674636 0.37508032915611245 68.14600712897737 13.0 -19.351416244882557 1.308968563503285 57252.305 57345.229 5 12 "Covariance may not be accurate. Covariance not positive definite. Covariance forced positive definite."
01290779 22 0.3895 56891.73675836954 1.662557322343883e-05 -0.8199674181025429 0.012637187165694286 0.0 0.6813943456181732 6.360965853158259e-07 0.5512983061698717 0.05391656186584043 13.159960108969136 18.0 -19.195060961528164 1.2154816044209156 56887.393 56973.319 4 18 "Minimization exited successfully."
01290816 10 0.2185 56891.371604366155 5.0755172071084714e-05 1.3534356887045256 0.299981094180408 0.0 0.46675853546184953 8.159394382381537e-07 0.3622544202389324 0.46509056408594834 89.24154679457529 6.0 -18.965148508075636 0.8070549375489549 56887.393 56960.273 1 9 "Minimization exited successfully."
01291080 13 0.4438 56890.5221728039 9.177809149629736e-06 -2.9999840996660962 0.29978287100060036 0.0 1.3188260875140259 5.548679200509389e-07 4.119237456414229 0.5931123927550765 17.71962941039414 9.0 -18.890453424791918 1.7582082463378157 56887.272 56973.077 1 12 "Minimization exited successfully."
01291090 13 0.292 56904.93914276648 4.0557698285326187e-05 0.9998947280156671 0.2998159408022864 0.0 0.3540959781566926 1.8468287224987487e-06 0.4515025768612455 0.5967386314486058 28.825130212885696 9.0 -19.439022317029302 0.8647065649349379 56887.213 56973.023 3 10 "Minimization exited successfully."
01291794 37 0.3951 57278.602385118924 2.05685599115657e-05 0.23353111471539734 -0.15464214690363626 0.0 0.8551917251461418 1.1002522952788252e-06 0.6079429795197033 0.08409079710590464 21.89208538694491 33.0 -19.464548188173318 1.0173096224405498 57252.291 57356.172 12 25 "Minimization exited successfully."
01291957 29 0.36 56905.11811785617 2.6177355927187175e-05 0.15461110443090664 -0.08498468766512843 0.0 8.217208232963458e-06 1.2024393217846544e-06 0.2505286822972854 0.04854003050543347 60.34651697224929 25.0 -19.487437576420113 1.0286140616001838 56877.181 56980.028 8 21 "Covariance may not be accurate."
01292145 19 0.4925 57274.67652269371 5.669360014609604e-06 1.2242871986864872 0.24712225467911547 0.0 0.005690325455361744 7.509222489557321e-06 1.2608665290302292 0.48376977498271484 9.015852229340803 15.0 -18.639158938960826 0.8299134447358156 57252.293 57356.172 4 15 "Covariance may not be accurate."
01292195 19 0.8293 nan nan nan nan 0.005 nan nan nan nan nan nan nan nan nan nan 0 0 "No bands in data overlap the model."
01292332 12 0.2735 56901.18336706302 4.537323549987371e-05 0.2702630078869026 0.21246633729295566 0.0 0.7063095823432377 2.7527988342981867e-05 0.6913161356023316 0.30705238275605024 27.342103756913026 8.0 -19.394296112186098 0.9929283881694104 56890.331 56973.185 1 11 "Minimization exited successfully."
01292336 12 0.2336 56902.538714914765 5.90106976916277e-05 0.2458387415258767 -0.29999337310134055 0.0 0.00013645020953845233 2.316284213332854e-06 0.36970948567890094 0.46440829213926704 14.438386158656105 8.0 -19.29125062652278 1.0215477337462815 56890.331 56973.185 1 11 "Minimization exited successfully."
01292560 11 0.2248 56902.866321279864 9.53214032160199e-05 0.8394799255348531 -0.2990070566758853 0.0 1.0992842438099615 6.527719664242702e-06 0.5074032824387245 0.5899931224778223 39.32058857578577 7.0 -19.718086054657043 0.9143447816463173 56903.225 56973.038 0 11 "Minimization exited successfully."
01293319 14 0.2969 56915.22393508383 4.403146718845452e-05 1.999998360519621 -0.29999998872743994 0.0 0.0002636989447637461 7.045619028728252e-07 0.17443743461985273 0.5251488950607148 23.420876216302457 10.0 -19.570890288351983 0.7177267762390613 56887.27 56980.068 3 11 "Minimization exited successfully."
01293758 17 0.1472 56915.78712334888 0.00013376009884552288 -1.264966336068381 -0.0016000124252247838 0.0 0.1731959107783041 1.7390458377439244e-06 0.14874962453499185 0.022321786740739175 144.70066546409282 13.0 -19.05867332183099 1.3148471885215471 56903.107 56980.026 6 11 "Minimization exited successfully."
01294014 22 0.3627 56919.499929604775 2.4086650666840793e-05 0.804664786392534 -0.047015266980691084 0.0 0.7671371213436942 1.3170710056867322e-06 0.5006799557212667 0.06296573680440296 42.02703616344195 18.0 -19.41639277360067 0.9111215304210205 56890.388 56990.199 5 17 "Minimization exited successfully."
01294743 11 0.3126 56911.0459763932 2.1326764593163074e-05 -0.4249462253218086 -0.2636149213172859 0.0 1.7960723426003824 8.548934856916766e-06 0.8962381434792838 0.3129988412293958 10.10501410030557 7.0 -18.90986917413763 1.1507483194956585 56890.366 56980.089 1 10 "Minimization exited successfully."
01295027 35 0.4254 56910.12720419264 1.6354709521448908e-05 -0.436919679164923 -0.11567409096342474 0.0 0.6415987172113091 1.2319771447694146e-06 0.5424933221775532 0.0863856187270578 21.60388790945499 31.0 -19.40499323109 1.1445759899321395 56887.27 56992.066 6 29 "Minimization exited successfully."
01295256 16 0.4425 56927.52135358755 1.0652695108187561e-05 0.7884028328842168 0.29066595060878025 0.0 0.7159663116726733 2.5761962148165847e-06 0.6819676734702309 0.5910317133817076 18.32609290365668 12.0 -19.046333258335153 0.9001661276945789 56904.3 57012.086 4 12 "Minimization exited successfully."
01295305 15 0.6117 56915.232116645086 7.84884235158212e-06 0.2022164536198643 -0.29987713786926357 0.0 0.8875484894342662 3.358320325871916e-07 0.5153830137666577 0.5976558792620685 11.517713822191503 11.0 -19.562678803004435 1.029712513612676 56890.34 57005.11 3 12 "Minimization exited successfully."
