analysis_pipeline/fit_results/des_5_salt2_2.4_all.ecsv
# %ECSV 0.9
# ---
# datatype:
# - name: obj_id
#   datatype: string
# - name: num_points
#   datatype: int64
# - name: z
#   datatype: float64
# - name: t0
#   datatype: float64
# - name: x0
#   datatype: float64
# - name: x1
#   datatype: float64
# - name: c
#   datatype: float64
# - name: z_err
#   datatype: float64
# - name: t0_err
#   datatype: float64
# - name: x0_err
#   datatype: float64
# - name: x1_err
#   datatype: float64
# - name: c_err
#   datatype: float64
# - name: chi
#   datatype: float64
# - name: dof
#   datatype: float64
# - name: b_max
#   datatype: float64
# - name: delta_15
#   datatype: float64
# - name: tmin
#   datatype: float64
# - name: tmax
#   datatype: float64
# - name: pre_max
#   datatype: int64
# - name: post_max
#   datatype: int64
# - name: message
#   datatype: string
# schema: astropy-2.0
obj_id num_points z t0 x0 x1 c z_err t0_err x0_err x1_err c_err chi dof b_max delta_15 tmin tmax pre_max post_max message
[from data line 142]
01333438 53 0.3992040755002465 57327.13190591086 1.2654966933511869e-05 0.4460652798053393 0.11071209249824393 0.008705105570344845 0.3906746361499245 6.777808895713781e-07 0.45460441714537314 0.0541500513213177 39.48656118550119 39.0 -18.963442701672626 0.9667995048568407 57297.346 57406.124 15 38 "Covariance may not be accurate."
01334084 37 0.12773015604295043 57336.428471229505 0.00012349374637227463 -0.8510439523125686 0.13370149365504186 0.010846245283581094 0.4128584225763916 7.995399691797245e-06 0.3395319863554429 0.0426327594264902 25.568877159552514 20.0 -18.637798759666033 1.2132817892958947 57315.206 57396.104 11 26 "Minimization exited successfully."
01334087 27 0.29951086457522375 57338.12551431316 5.5247140772324293e-05 0.6904729372159171 -0.03405217333253546 1.4472854906188992e-07 0.0003199208040314261 1.403466987703881e-06 0.289897153656153 0.0278209125820455 7.294195394845862 10.0 -19.833181451527295 0.9303537200275684 57311.299 57403.103 10 17 "Covariance may not be accurate."
01334302 64 0.45995551955766106 57330.91783102732 1.2907594123645616e-05 -1.0043283943386498 -0.02123847150098329 0.029034647215032156 0.8599060098058544 5.921815037460136e-07 0.6145070437775033 0.03578437652522509 22.466514550434617 40.0 -19.34942088316598 1.2577557386187515 57301.033 57407.048 26 38 "Minimization exited successfully."
01334423 56 0.35682709417532293 57335.78550372093 1.9538598289101097e-05 0.9457071009754197 0.041464665845088344 0.018691227120311182 0.5259771481796633 6.634264085064727e-07 0.5055047878030341 0.04260199051211472 22.906011638623763 37.0 -19.14772553265445 0.8837088088816785 57312.138 57408.057 20 36 "Minimization exited successfully."
01334448 64 0.56468520986002 57331.492976848225 9.142792817906642e-06 -2.287806270501341 -0.17760943954999753 0.022701883570972137 0.8266142703541846 7.295171861793065e-07 0.6057939605150128 0.04892150664540021 41.86410831761954 43.0 -19.512800744207816 1.599160662747824 57301.278 57402.056 28 36 "Minimization exited successfully."
01334470 60 0.5289263223785471 57333.90288161034 9.968103257820827e-06 1.270799302671076 0.043020245636625376 0.02844498927833311 0.8499346477874496 4.915932727334033e-07 0.6487402959255257 0.06730308191997691 49.39949836289319 40.0 -19.43547801217921 0.8293297901192673 57305.279 57402.056 24 36 "Minimization exited successfully."
01334597 48 0.29222248868035666 57343.627211730556 4.3398246610210084e-05 0.5533331771479726 -0.034785226800465086 0.005197436946758255 0.1117684024538903 3.4713403812558496e-07 0.07587413369673168 0.008646901233655024 40.71863485536055 32.0 -19.509193557169084 0.9543685605276799 57315.219 57408.043 18 30 "Minimization exited successfully."
01334620 58 0.2116920032220968 57335.00588084446 4.206593007780868e-05 -0.5142925653431476 0.20211050311613848 0.012053066611813906 0.2952481074134994 1.48803807523551e-06 0.3070616350092261 0.04073754934250251 36.50116606605444 38.0 -18.679799253046113 1.1399813239285308 57311.28 57403.064 20 38 "Minimization exited successfully."
01334644 56 0.2855944526837186 57332.41636210798 3.166766511614738e-05 -1.6699730880451402 -0.02355078118258458 0.01829433657331872 0.3336193742143223 6.039865655810273e-07 0.222171760067985 0.02617127875423858 25.4880239454315 37.0 -19.10830736268186 1.414120615742224 57311.28 57403.064 20 36 "Minimization exited successfully."
01334645 54 0.22247759758590324 57335.439974751614 5.7832070196553456e-05 -0.7921198659425226 0.014992994098578794 0.006976870459228346 0.14227695261797635 8.504300225323231e-07 0.15635821597561872 0.02027090893992553 35.366662129971644 35.0 -19.144513767871484 1.2094266211289266 57311.28 57403.064 19 35 "Minimization exited successfully."
01334707 63 0.6322757231173504 57339.456280469836 7.572747986445139e-06 0.6285289155200191 -0.13817075990669153 0.013276199317569126 0.34346824467138504 1.6474174056591043e-07 0.2260596575629068 0.013392453176455515 36.336045905359974 42.0 -19.608272859045222 0.9453797531308155 57304.307 57426.118 21 42 "Minimization exited successfully."
01334879 61 0.6377741961263879 57336.20595080989 4.908411391565948e-06 -0.361131132524128 0.1295137906147098 0.017045327533150578 0.44395863958925474 1.3447657222637197e-07 0.2617724154548209 0.04264207960992619 27.100540183766864 39.0 -19.159804123041354 1.1146496265679176 57302.241 57426.118 20 41 "Minimization exited successfully."
01335472 59 0.5129208482688239 57344.46143318027 1.1848367439862285e-05 -0.18684934878683368 -0.0319651811005191 0.022303933491863853 0.44948791221759166 3.2603449567070124e-07 0.35636266345768686 0.03387149743157679 36.17023230609959 39.0 -19.54125616402614 1.0903879118212423 57311.02 57403.05 27 32 "Minimization exited successfully."
01335564 60 0.6354420345855866 57343.81655221765 6.956542260663779e-06 0.7002884389859574 -0.03738420302862089 0.04289975061888507 0.8546854777923727 4.6982936888068086e-07 0.6770572007744731 0.05578859699217886 37.13695725174263 41.0 -19.528571261690193 0.9287833911026553 57311.28 57427.068 24 36 "Minimization exited successfully."
01335694 37 0.2657609782896566 57347.8428640489 5.1816939888585384e-05 1.1020731797084302 0.01188524279496106 0.008451153702609515 0.15757286191001185 8.791678948613637e-07 0.17692472632680034 0.01922599066786701 28.799744426826884 20.0 -19.465296517370568 0.8584871388941693 57325.214 57408.058 17 20 "Minimization exited successfully."
01335717 51 0.3131206773757122 57346.75409666004 2.266001417610131e-05 -0.03502528683889494 0.04089914772484127 0.007729033107670008 0.1411889523114951 2.4341023774076996e-07 0.10917283377265519 0.01569475666139608 20.208297495856744 33.0 -18.976847131325858 1.0575235991823213 57325.182 57408.092 16 35 "Minimization exited successfully."
01335718 59 0.692428104780068 57351.41444774967 5.710438359032844e-06 0.6196371704363677 -0.05136923433143098 0.01600120634527502 0.374509153629333 1.474935522008389e-07 0.2718901614557936 0.029279111688737605 34.42501695015671 39.0 -19.542674330079507 0.9434170861580675 57317.161 57426.118 21 38 "Minimization exited successfully."
01335868 66 0.6531941099806824 57347.86512576834 6.985844288970312e-06 1.6997118608653494 -0.07431932327933541 0.023037987978925145 0.7269358254488907 4.5122765474914237e-07 0.6169375648212827 0.03604238603637808 44.0919607285731 45.0 -19.607595056186554 0.7620585951044809 57315.229 57425.154 27 39 "Minimization exited successfully."
01336008 50 0.40442892120153057 57347.948386371805 2.0080913017225813e-05 0.7242291506780569 -0.03344095253429746 0.020002935456507637 0.49465599354880396 5.643481946107649e-07 0.36200549080510447 0.046408506154199794 29.810222279939378 32.0 -19.497759532866866 0.9244746208986534 57325.01 57403.052 23 27 "Minimization exited successfully."
01336009 51 0.4037093257592254 57345.15859586186 1.3854917333180894e-05 -0.015667531186053907 0.022438657703850173 0.025686329233590044 0.5378765981768083 4.4562988195662196e-07 0.416918076461662 0.07328657020561663 21.928388598050965 33.0 -19.08966798117968 1.05488259016456 57325.01 57403.052 19 32 "Minimization exited successfully."
01336453 38 0.1826179520323295 57354.976292197236 0.0001088402589523363 0.9875319423233262 -0.029839703561279185 0.005508673485465063 0.12355172863317421 1.614715854982017e-06 0.12298270191078853 0.01674052630934572 22.461760916084355 23.0 -19.352403641862768 0.8792655369342803 57329.169 57403.103 11 27 "Minimization exited successfully."
01336480 36 0.24941050847518775 57350.53926464106 3.6471726358469625e-05 -0.05354848959231173 0.03574662164280201 0.021060245566909525 0.3068490773803205 1.0466864579117301e-06 0.2943346301583638 0.04038980939182715 18.045258096673255 20.0 -18.925726290799087 1.0612800050163287 57325.115 57403.103 12 24 "Minimization exited successfully."
01336687 45 0.2086268653392382 57351.052029073195 4.071810451996283e-05 0.5101860523812118 0.19977376427238902 0.008822101892114284 0.1730297380272532 1.123321040009951e-06 0.15213234594258163 0.03282598315349175 31.552279902626953 29.0 -18.609500802848565 0.9515135975595079 57327.063 57403.064 17 28 "Minimization exited successfully."
01337117 47 0.5847015593746903 57361.826198015144 1.2765670929629214e-05 0.6862632765592274 -0.15663936299771744 0.018857764217173445 0.5061521090865426 3.9042209429712687e-07 0.34899495176304796 0.024085430561926607 58.141513940254285 30.0 -19.96850277086176 0.9359493522879916 57329.028 57403.051 23 24 "Minimization exited successfully."
01337221 54 0.657208699373765 57359.9621599019 8.13046165992759e-06 0.12419164380849201 -0.20239617027603368 0.020291096068222547 0.9132213373777631 4.615810155331185e-07 0.5876786128387741 0.037205628350622036 44.18008985928285 35.0 -19.78884122541626 1.039909292133462 57325.023 57407.048 23 31 "Minimization exited successfully."
01337228 54 0.5426297950894816 57357.00310287681 7.006626775321601e-06 -1.1267042274970558 -0.015047228010977298 0.040403364452789636 1.154906649942859 5.989271909270789e-07 0.7890134956028994 0.12146937895900613 27.762859420913017 35.0 -19.118063175301682 1.2844823225292394 57325.023 57407.048 23 31 "Minimization exited successfully."
01337272 48 0.5253720648778968 57358.50042727987 1.012666006210694e-05 -0.6437447150393703 -0.006786721042256583 0.06230882272391294 0.9850565699562139 5.412336011756393e-07 0.6298591972812627 0.09609279106940011 25.408425314968415 31.0 -19.433333534340832 1.179959996496411 57325.068 57427.057 20 28 "Minimization exited successfully."
01337325 48 0.6543114893503397 57357.93562301764 7.227990855432354e-06 0.5910867815191665 -0.0988214049334275 0.025174599324459312 0.7908288306025497 4.2126354021926293e-07 0.6403083708757848 0.045774481994806424 32.26931638262896 31.0 -19.648159112884706 0.9503887596275327 57325.068 57427.057 20 28 "Minimization exited successfully."
01337649 36 0.2622793286593139 57363.17898010328 3.9939178545594926e-05 1.02030889968949 0.10406208920308374 0.008364171797921371 0.2011019964411389 5.442781227632538e-07 0.15820069369916157 0.017559614233037146 27.42208462705975 22.0 -19.15037706424063 0.8688329647855291 57339.162 57408.057 12 24 "Minimization exited successfully."
01337655 42 0.8252947187303777 57364.35476289012 4.0837572436697165e-06 1.4697209639443383 -0.079593484920566 0.01773158220300758 0.6638054054419626 1.2378127867418406e-07 0.3861214339505761 0.03470517627770074 45.36593361288742 27.0 -19.64931679118842 0.8002519820953822 57325.078 57408.041 19 23 "Minimization exited successfully."
01337687 47 0.30982965785544553 57361.22778688837 3.804081782850244e-05 0.9486285072058274 -0.07311529472815478 0.016048522110676755 0.34813352099081385 5.237085602211047e-07 0.17389586748605224 0.023689077535615805 40.87269598380829 31.0 -19.513617101609487 0.8874430377689713 57339.295 57425.154 12 35 "Minimization exited successfully."
01337703 58 0.5298503984565663 57358.64002446547 1.2368223864145379e-05 -1.2034440917993467 -0.15756823360559943 0.031419354007413 0.8043375168090279 6.224469346519108e-07 0.45110155271401386 0.04448681631039518 25.921077723566437 39.0 -19.673583054751404 1.3131890367397325 57325.12 57425.154 24 34 "Minimization exited successfully."
01337838 42 0.32838745960019056 57364.81874415972 3.440703503539977e-05 0.9545167124789566 -0.04674587884853454 0.011959000833745015 0.2330093133095943 4.589222484766002e-07 0.19329927592128504 0.020384826500708095 59.46961959834716 26.0 -19.551267245518602 0.8854819914141103 57339.148 57427.068 14 28 "Minimization exited successfully."
01338128 42 0.34524750645472596 57366.865742848306 2.4898531005196348e-05 -0.4504052912568399 -0.06100132898110705 0.016187662911015477 0.41199537591819535 8.058432081972655e-07 0.3786452477983615 0.03423216257160655 16.534243965162606 26.0 -19.326029867571513 1.144004029993713 57339.019 57407.048 15 27 "Minimization exited successfully."
01338170 42 0.4451604219026182 57363.938429224465 1.590699036367327e-05 -0.4263902519483227 -0.0526441254431482 0.025127556648368854 0.7941839115555922 8.098725273852912e-07 0.6477308403880327 0.04316759027572481 24.610303026083628 26.0 -19.49184092102028 1.138674803744653 57339.019 57407.048 11 31 "Minimization exited successfully."
01338233 52 0.5856738808751192 57355.77910082749 5.782827907113708e-06 -1.4309843028383975 -0.09684417241536514 0.07325330290313359 1.4097903008114372 5.964963536164714e-07 1.0856756161106382 0.10780751341069172 18.92575680081115 34.0 -19.111054762671866 1.3620275416188043 57319.276 57427.057 24 28 "Minimization exited successfully."
01338266 80 0.6312485070364117 57366.250607817754 5.1742226594514445e-06 -0.26499478394597054 -0.06374905725436136 0.050633175208139036 1.1223995144355285 2.706296570009757e-07 0.5975582600265317 0.05244646567214681 51.50414441221665 54.0 -19.189055377122344 1.1073633229470552 57339.033 57427.068 33 47 "Minimization exited successfully."
01338278 40 0.4952978757491859 57367.51667289809 8.267718517326883e-06 1.6832333299618352 0.1760060496107319 0.030973178646199362 0.9600941691969638 4.658226196121997e-07 0.7983310937518802 0.07365281701628715 21.653743324850982 25.0 -19.062529263400222 0.7575704005095787 57339.033 57427.057 16 24 "Minimization exited successfully."
01338387 41 0.55781909440479 57363.22130184508 9.624340490266281e-06 1.6137227042150606 -0.08589218757492487 0.029415199642536194 0.8015004227418103 3.942898484085581e-07 0.5348473861172025 0.05954309389034103 35.327682485372186 26.0 -19.53782917292223 0.7765963972029226 57329.169 57428.056 16 25 "Minimization exited successfully."
01338430 37 0.5793649156832409 57362.4985440215 1.2385237524253911e-05 0.3834062625460479 -0.19780749445882595 0.0385717412855911 0.8198401202098466 6.332894395014171e-07 0.4263046792248524 0.04021143703831562 7.545279098530508 23.0 -19.91192699767713 0.99175577555636 57339.117 57428.056 12 25 "Minimization exited successfully."
01338471 46 0.5111076510544083 57351.03415209393 6.884951983990306e-06 -1.1976670883890574 0.02733779843381262 0.04957214251992989 1.116345645601541 6.282902726362228e-07 0.9659744591187938 0.07754030932445506 19.658116845596634 29.0 -18.942063564200375 1.297095502949361 57319.134 57428.056 17 29 "Minimization exited successfully."
01338675 34 0.31500122289324745 57371.756090629446 2.0440620912448584e-05 -0.03722606708502729 0.08913375385725064 0.012478655781338666 0.21423782530837343 4.0552560385126514e-07 0.19309714394956523 0.023995746115698102 10.365043236703235 21.0 -18.88037548773876 1.055321707149897 57339.046 57408.041 15 19 "Minimization exited successfully."
01339002 36 0.3024704093523678 57369.778285217995 2.1351225157559273e-05 -1.2757778870616994 0.12491957454891889 0.01927666193497518 0.5045107620644558 7.580199534507063e-07 0.36602755723388536 0.04329596157272583 15.475590424539645 21.0 -18.82528550253159 1.3066390026520516 57345.071 57427.068 12 24 "Minimization exited successfully."
01339149 36 0.4704634629063591 57373.93951622696 1.2413814926504063e-05 -0.41990472794349376 0.0634863758130969 0.029003836562215002 0.6231018018297618 5.443851817207858e-07 0.5037812121453964 0.041534419529654476 11.197099926021064 22.0 -19.36636606134925 1.1302648024110908 57345.068 57427.068 17 19 "Minimization exited successfully."
01339392 29 0.12697222389765297 57369.99144280911 0.00014043537453546363 -0.7727500819811515 -0.004908482851364637 0.010703696390850545 0.5302754070726223 1.3009184361745255e-05 0.4674691842391596 0.05719153625667217 4.822133313548771 12.0 -18.76240040013161 1.206731610559089 57345.331 57426.147 11 18 "Minimization exited successfully."
01339450 51 0.6874475884514567 57371.08936486684 6.893972152219319e-06 -0.9488592166904186 0.02112683511724045 0.062386888216552305 1.345901576387405 5.668945354697638e-07 0.8912956194793067 0.10205279644191045 21.674705125590968 33.0 -19.7268555115988 1.2424825203995837 57339.281 57426.147 20 31 "Minimization exited successfully."
