analysis_pipeline/fit_results/des_5_sn91bg_salt2_phase_red.ecsv
# %ECSV 0.9
# ---
# datatype:
# - {name: obj_id, datatype: string}
# - {name: num_points, datatype: int64}
# - {name: z, datatype: float64}
# - {name: t0, datatype: float64}
# - {name: x0, datatype: float64}
# - {name: x1, datatype: float64}
# - {name: c, datatype: float64}
# - {name: z_err, datatype: float64}
# - {name: t0_err, datatype: float64}
# - {name: x0_err, datatype: float64}
# - {name: x1_err, datatype: float64}
# - {name: c_err, datatype: float64}
# - {name: chi, datatype: float64}
# - {name: dof, datatype: float64}
# - {name: b_max, datatype: float64}
# - {name: delta_15, datatype: float64}
# - {name: tmin, datatype: float64}
# - {name: tmax, datatype: float64}
# - {name: pre_max, datatype: int64}
# - {name: post_max, datatype: int64}
# - {name: message, datatype: string}
# schema: astropy-2.0
obj_id num_points z t0 x0 x1 c z_err t0_err x0_err x1_err c_err chi dof b_max delta_15 tmin tmax pre_max post_max message
[from data line 101]
01309749 0 nan nan nan nan nan nan nan nan nan nan nan nan nan nan nan nan 0 0 "Empty table passed to fit_lc."
01310338 19 0.39189289617946815 56934.123620311264 0.0 1.2425356832870151 0.500019834244018 0.0 0.0 0.0 0.0 0.0 0.0 -5.0 inf nan 56949.119 57052.042 0 19 "Hesse Failed. Covariance may not be accurate. Covariance not positive definite."
01310395 35 0.28650280101751496 56979.889320165836 3.608224830031759e-17 0.7867939737897204 0.19849241152360536 0.5795724419349307 27.298340142759116 0.030750016189746238 0.3683742580223361 0.7371180081831938 3619.303668651562 26.0 -17.46467139231522 1.9686405941677414 56956.208 57052.042 6 29 "Covariance may not be accurate."
01312274 14 0.4007303884023659 56943.44651749572 5.273559366969494e-17 0.6500169867326953 0.2147477634621845 0.6190385226654107 20.162458423525095 0.030820746558973974 0.3687957699545276 0.6072089649423912 139.5880931974899 3.0 -18.691131410955013 2.260619870201296 56960.265 57045.113 0 14 "Covariance may not be accurate."
01313594 28 0.47501142397990076 56958.58699860604 8.326672684688675e-18 0.6977714186461698 0.23602279011169736 0.6509722743929234 23.40609265501189 0.032081271867133304 0.3017394533562865 0.6179847315623783 4135.528779074712 17.0 -17.077340251996525 2.147469469523564 56973.04 57051.058 0 28 "Covariance may not be accurate."
01314897 15 0.39350377134790493 57258.54303283519 5.273559366969494e-17 1.2411361916867174 0.504568725988636 0.6163355931673531 23.348281290513114 0.03075067511384183 0.3364621054819496 0.7114671065412704 829.8149546498353 4.0 -18.064291652047526 1.4620955408101146 57273.363 57373.072 0 15 "Covariance may not be accurate."
01315192 22 0.6102638568811318 57005.16910249176 4.163336342344337e-17 0.6584320183858244 0.0008812759879461285 0.6562469678102203 29.39102914925388 0.030752032436800313 0.396813439018312 0.6022374929857656 5228.606158119215 14.0 -19.93661010738229 2.239731890122716 56987.198 57052.1 5 17 "Covariance may not be accurate."
01315259 24 0.3918485176990195 56989.126639217495 1.1934897514720432e-16 1.2329289410746305 0.9667631034242996 0.6161389526938403 29.18050331775521 0.030783028868182818 0.32322453389053724 0.5318663441760951 4813.77143197732 19.0 -18.04848915536609 1.4674478168094254 56980.183 57049.073 3 21 "Covariance may not be accurate."
01315296 14 0.39664773200627945 56995.438333672166 5.551115123125783e-18 0.6500004521335924 0.0008658292814158752 0.6187769206661837 28.390410897522088 0.030925879279927564 0.3708889569898761 0.6023508441713675 246.9554077542828 9.0 -16.624408523617138 2.260652954648041 56973.19 57049.072 4 10 "Covariance may not be accurate."
01316385 21 0.6065140279845207 57014.626196029065 1.2212453270876723e-16 1.1188051694272498 0.01378556099738737 0.001843637555973332 0.047309074019722175 1.387778780781453e-18 0.09477219271709225 0.0018705356004179996 8525.975614485003 16.0 -21.06816027080548 1.5548979813278443 57001.203 57067.046 6 15 "Covariance may not be accurate."
01316431 19 0.47672684544736305 56988.88267057531 2.7200464103316337e-16 0.6500000000714926 0.5000160354773582 2.525860504185018e-05 0.0005584875398199074 1.3877787807814407e-18 4.79848549783668e-10 0.3960005561780299 14294.966057408164 14.0 -20.348886175069815 2.2606710801841245 57001.165 57052.1 0 19 "Covariance may not be accurate. Covariance not positive definite. Covariance forced positive definite."
01316437 11 0.39178764895184487 56989.945472144536 0.0 0.650004458118534 0.5000355738955279 0.0 0.0 0.0 0.0 0.0 0.0 -5.0 inf nan 56980.2 57045.113 1 10 "Hesse Failed. Covariance may not be accurate. Covariance not positive definite."
01316465 21 0.4874176246435752 56986.24619131483 1.1379786002407856e-16 0.876057318429178 0.5000176220390814 1.306567661785163e-05 5.12026745127514e-05 0.0 8.827587460735753e-06 0.401790583803703 24546.92936690077 13.0 -19.460606359833783 1.8282882386977768 57001.199 57067.046 0 21 "Covariance may not be accurate. Covariance not positive definite. Covariance forced positive definite."
01317164 21 0.3930067564326107 57290.34375680649 1.0269562977782698e-16 0.6517003358624001 0.06651979226933225 0.6161912599307116 29.586273755325237 0.030750596925363305 0.3820929914883718 0.505207406035969 803.1811203907889 16.0 -19.6598476792577 2.256396840259793 57276.375 57355.165 4 17 "Covariance may not be accurate."
01317277 27 0.5450105364842107 57002.11580479096 9.159339953157542e-17 1.0777456730924988 0.6355844629167917 0.6490586522030334 29.58599934259837 0.03074704438717966 0.3848433272570834 0.7336643605082871 1223.738601345771 22.0 -19.27972848813799 1.5926447107677824 56987.075 57052.042 9 18 "Covariance may not be accurate."
01317286 27 0.49936215955150887 56999.59316477736 2.7755575615628915e-18 1.1364292523568453 0.0481446527546559 0.6476496657621633 29.894501613638568 0.031235714989656427 0.35519716596249745 0.5137909492577316 9135.784667935983 22.0 -16.391439590264103 1.5396508283637296 56987.075 57052.042 7 20 "Covariance may not be accurate."
01317454 10 0.395571527783462 56994.80734259577 2.7755575615628915e-18 0.6500000000001745 0.002245618879360589 0.6190129967146347 29.120592042429053 0.030991188267272117 0.3718944072375687 0.6343238911498569 409.1144273825063 5.0 -15.862676645977658 2.260654127619606 56987.035 57051.043 3 7 "Covariance may not be accurate."
01317666 25 0.4676883818897598 57258.91743700068 9.992007221626409e-17 1.2456521090603019 0.368646624700108 0.63599249543488 26.543330509208317 0.030824342847654493 0.3893668221047722 0.6733369975395065 23055.23549370247 14.0 -19.49577939308932 1.4591755604442476 57273.339 57356.034 0 25 "Covariance may not be accurate."
01319366 35 0.11642302785661629 57295.81675661938 8.604228440844963e-17 0.660496283205464 0.5410982560777864 0.6443193718447608 37.0603684454145 0.04806924180271793 0.5461603800403422 0.5950658590744773 5720.400637971786 24.0 -15.557147393371569 2.2346991643961154 57276.314 57372.107 10 25 "Covariance may not be accurate."
01319821 26 0.6116800961426516 57015.77647147857 3.33066907387547e-17 1.1581881931455948 0.494258675528116 0.00019189875175096294 6.795857157649152 0.0 0.00010388387756310458 0.0002493755599787817 2736.4995796557546 21.0 -18.73782377186619 1.5217002546967962 56992.127 57067.103 8 18 "Covariance may not be accurate."
01320166 9 0.3897482999805638 56977.206450827325 2.7755575615628915e-18 0.6500019710242276 0.002060356980549738 0.6323525732277986 29.80176818649852 0.033831571464005145 0.406498109276434 0.6335290605347875 411.13470625057306 3.0 -15.824901872375754 2.2606491730140803 56991.115 57049.049 0 9 "Covariance may not be accurate."
01322229 7 0.39582183803679416 57025.95986959024 2.7755575615628915e-18 1.24109244473061 0.5000397832546201 0.00011788049140140644 0.0004684758314397186 0.0 1.7936586504285756e-05 0.3843123743050135 611.8523815859251 1.0 -14.889647479576688 1.4621238873268538 57001.098 57052.048 4 3 "Covariance may not be accurate. Covariance not positive definite. Covariance forced positive definite."
01322979 10 0.39447680338375196 56993.180992054564 8.326672684688675e-18 0.6792880860785545 0.500034576058021 0.00010065279612667122 0.0005673347441188525 0.0 3.1032919474982545e-05 0.4145535385571389 3516.6929695302097 4.0 -16.073711116799192 2.189873959491756 57008.065 57067.047 0 10 "Covariance may not be accurate. Covariance not positive definite. Covariance forced positive definite."
01324542 10 0.39629182823127085 57021.98394081708 2.7755575615628915e-18 0.6500000021962279 0.0011058226665725535 0.6192681695162698 29.574691912413982 0.0309961077087978 0.37196882253572205 0.628653833431262 210.35193705952298 5.0 -15.869149022636321 2.2606540910411788 57011.092 57067.103 2 8 "Covariance may not be accurate."
01325358 0 nan nan nan nan nan nan nan nan nan nan nan nan nan nan nan nan 0 0 "Empty table passed to fit_lc."
01327978 32 0.4671646378386661 57296.94050000766 7.216449660063518e-17 0.9840029585800887 0.031168359867478956 0.6429103896083627 30.13930769732542 0.031463770656477805 0.43929652920843365 0.6808729283717337 309.1980697430167 25.0 -19.783444779704144 1.6893929126473388 57283.133 57373.043 10 22 "Covariance may not be accurate."
01328066 22 0.39622907069873126 57287.9430594628 2.7755575615628915e-18 0.8551608127529323 0.12418977886438315 0.6310135539665109 31.13532472660154 0.032796501158595705 0.46142520981383406 0.552378081357667 237.07897228928448 13.0 -15.654822942454171 1.8587309622002408 57273.1 57379.051 4 18 "Covariance may not be accurate."
01328105 23 0.39601142043715953 57287.63849081979 2.7755575615628915e-18 1.0843212531905615 0.09980634209414785 0.631110215919234 31.143410437853163 0.03283379890942878 0.38233935054823504 0.534127797995153 379.43362372158555 13.0 -15.699273610567712 1.5864016786613 57273.1 57386.049 4 19 "Covariance may not be accurate."
01329166 0 nan nan nan nan nan nan nan nan nan nan nan nan nan nan nan nan 0 0 "Empty table passed to fit_lc."
01329196 0 nan nan nan nan nan nan nan nan nan nan nan nan nan nan nan nan 0 0 "Empty table passed to fit_lc."
01329312 15 0.3966084568509936 57270.470866138356 0.0 0.6500000008618944 0.5000220652543004 0.0 0.0 0.0 0.0 0.0 0.0 -5.0 inf nan 57283.215 57387.044 0 15 "Hesse Failed. Covariance may not be accurate. Covariance not positive definite."
01329615 16 0.3970002049787345 57301.40234976902 1.1102230246251566e-17 0.8643619836354713 0.07597335986138554 0.625533271414191 28.703378350517596 0.03179670052181969 0.4512050600235369 0.708938460329092 185.56846320275733 9.0 -17.253855291071996 1.8451824050536771 57278.306 57385.114 3 13 "Covariance may not be accurate."
01330031 26 0.6847641138622452 57275.067959440115 4.163336342344337e-15 1.0673678236685875 0.7875514713863503 0.00010701067950985577 0.00011029027518816292 1.249000902703309e-17 8.870198869914692e-05 0.014373052347425364 46201.93834271758 17.0 -23.715897977416567 1.6026071560129296 57290.065 57376.044 0 26 "Covariance may not be accurate."
01330426 34 0.33894915816905175 57289.47046860535 1.9984014443252818e-16 0.6500008487855242 0.5001157525171679 0.6524227949192445 27.407475394094945 0.030748167249656802 0.3692781140965293 0.7104193585046656 17197.665930273062 19.0 -19.13692647647939 2.2606689491787293 57288.215 57387.185 2 32 "Covariance may not be accurate."
01330642 17 0.39482000965060005 57303.84888683019 1.665334536937735e-17 1.2051264505719619 0.44597339382707174 0.0001387887044739522 0.021366778106312267 1.387778780781447e-18 0.01604033909971514 9.825189490991759e-05 1687.5906304938203 9.0 -16.954500826681773 1.48631683214073 57283.215 57402.062 5 12 "Covariance may not be accurate."
01330903 21 0.3970787881752986 57285.3630581122 2.7755575615628915e-18 0.650000000000407 0.5000200786908682 2.2148732831683837e-06 8.926050941227004e-05 0.0 1.1013412404281553e-13 7.548960862080456e-06 132.28284183722923 10.0 -14.897815839781483 2.2606710803748697 57276.317 57396.103 3 18 "Covariance may not be accurate. Covariance not positive definite. Covariance forced positive definite."
01331123 34 0.45627824719175936 57282.03781887766 2.8588242884097783e-16 0.7000727609819845 0.5001655995552664 0.00326606771884852 0.003652857802080689 9.714451465470135e-18 0.030993830986348225 0.08965298193003321 2665.8029155770805 17.0 -20.288649063897033 2.1423019942545274 57297.034 57386.049 0 34 "Covariance may not be accurate. Covariance not positive definite. Covariance forced positive definite."
01331993 0 nan nan nan nan nan nan nan nan nan nan nan nan nan nan nan nan 0 0 "Empty table passed to fit_lc."
01332059 19 0.3963407768362461 57294.412033995475 2.7755575615628915e-18 0.650000000018671 0.0013245481607490062 0.6197578072130714 28.845300651712023 0.031053074008428154 0.3726383925235592 0.6299224445229267 229.09074095054777 8.0 -15.869121185974848 2.2606541024624995 57288.203 57403.103 2 17 "Covariance may not be accurate."
01332413 17 0.42143799059746845 57282.24395174881 1.665334536937735e-17 0.8432066291235896 0.0007562219023286021 0.6252933520121424 23.86448265184299 0.030878932154015985 0.3937816664352924 0.6031851738998757 311.2263286621856 5.0 -17.973499588596624 1.8766859618879295 57297.151 57403.061 0 17 "Covariance may not be accurate."
01333246 16 0.3953078716832189 57287.720571413156 4.9960036108132046e-17 0.650000475301673 0.24323429328096224 0.6316097296264549 20.007599169744935 0.033001196459779746 0.39626361002580235 0.6214931252212241 74.65558757939785 5.0 -18.53021620760439 2.2606630665467904 57299.227 57403.103 0 16 "Covariance may not be accurate."
01333438 9 0.5115353266296236 57322.20773766607 3.608224830031759e-17 0.6500005845504345 0.23072738130349074 0.6482907471995827 23.83255045903934 0.03109250568152591 0.37286994505909593 0.7391473753790926 20.851729699400128 2.0 -18.87545121440028 2.2606620043676386 57311.292 57406.124 1 8 "Covariance may not be accurate."
01334084 11 0.4766429945403824 57323.319165067514 6.300515664747764e-16 0.6500000178836026 0.9843325423975342 0.0001311594822768214 0.006424949675420066 0.0 3.613609245167737e-08 0.022971847632103637 1262.1361385519647 6.0 -20.320327813691495 2.26066817563202 57315.21 57396.101 2 9 "Covariance may not be accurate."
01334087 15 0.3954264941147983 57329.26304366611 5.551115123125783e-18 1.2499189217083309 0.0002012297086554371 0.619068775996696 29.618256340079824 0.03100301287728588 0.3690376019828769 0.6089106155212496 512.0860725908868 8.0 -16.617542569995532 1.456425603837186 57311.299 57403.103 6 9 "Covariance may not be accurate."
01334302 19 0.3993221907543527 57289.05329598428 6.106226635438361e-17 0.6500019384513124 0.04514188423749449 0.62593326430601 20.110259440090886 0.03174375030780093 0.38044600910388365 0.6918999679137281 213.59518479866 6.0 -19.17298967018535 2.2606505088574558 57301.038 57407.048 0 19 "Covariance may not be accurate."
01334423 14 0.39652219440117403 57310.59791889958 2.7755575615628915e-18 0.6500000001407266 0.03592139948503387 0.6345466361815557 26.728274168835924 0.03362999670813755 0.4035643946237153 0.6849646131107985 524.1164348798894 5.0 -15.814281676218695 2.2606550939605263 57312.145 57408.057 0 14 "Covariance may not be accurate."
01334448 16 0.39609085809466116 57314.05275370907 2.7755575615628915e-18 0.650000000000084 0.07812858980492482 0.620619386649927 29.862215990640834 0.03116814606818332 0.37401782082076507 0.5159476337698644 46.333590778616504 7.0 -15.73898810435061 2.260656456327297 57301.286 57402.056 3 13 "Covariance may not be accurate."
01334470 15 0.36212870011490195 57323.460388464155 3.053113317719181e-17 1.0287629587790836 0.3471032634226247 0.6124811547810256 23.298824287208845 0.03162915076964363 0.44868061824629124 0.669595356866356 279.0063850437899 8.0 -17.589733496949517 1.6411346649992957 57305.286 57402.056 4 11 "Covariance may not be accurate."
01334597 23 0.6016919731098539 57307.64929815115 1.0269562977782698e-16 1.2330349330532755 0.6578394026610291 0.6554827452931626 23.6559894507227 0.030746431028521946 0.32321205370518186 0.6633316817303805 20312.90728273724 13.0 -19.62037755455119 1.4673814062878812 57316.101 57403.073 0 23 "Covariance may not be accurate."
01334620 29 0.5003048942084233 57333.50621666627 1.4988010832439614e-16 0.6500001801990949 0.3654920296070996 0.00042179082329174555 22.1369867485555 0.0 1.4288371471549155e-06 0.002640543055534683 1376.9858302190978 22.0 -20.117799242975757 2.260666507338101 57311.284 57403.064 10 19 "Covariance may not be accurate."
