analysis_pipeline/fit_results/des_4_sn91bg_color_interpolation_blue.ecsv
# %ECSV 0.9
# ---
# datatype:
# - name: obj_id
#   datatype: string
# - name: num_points
#   datatype: int64
# - name: z
#   datatype: float64
# - name: t0
#   datatype: float64
# - name: x0
#   datatype: float64
# - name: x1
#   datatype: float64
# - name: c
#   datatype: float64
# - name: z_err
#   datatype: float64
# - name: t0_err
#   datatype: float64
# - name: x0_err
#   datatype: float64
# - name: x1_err
#   datatype: float64
# - name: c_err
#   datatype: float64
# - name: chi
#   datatype: float64
# - name: dof
#   datatype: float64
# - name: b_max
#   datatype: float64
# - name: delta_15
#   datatype: float64
# - name: tmin
#   datatype: float64
# - name: tmax
#   datatype: float64
# - name: pre_max
#   datatype: int64
# - name: post_max
#   datatype: int64
# - name: message
#   datatype: string
# schema: astropy-2.0
obj_id num_points z t0 x0 x1 c z_err t0_err x0_err x1_err c_err chi dof b_max delta_15 tmin tmax pre_max post_max message
[from data line 162]
01336009 25 0.455 57349.48595628251 4.9960036108132046e-17 1.090676870495009 0.08376639354589166 0.0 65.68779720226667 0.03293217503660199 0.3786882516469457 0.5208884486892524 309.20254535773734 21.0 -19.22519954141847 1.5810371659662863 57325.012 57403.049 11 14 "Covariance may not be accurate."
01336453 9 0.455 57363.88171626661 1.9789725413943415e-15 0.6502083059161418 0.5052766444182644 0.0 0.18598312890753732 9.853229343548276e-17 0.0004045645695086031 0.039297378170890185 3154.3260198245207 5.0 -22.37392005878877 2.2618324391635696 57329.171 57403.099 4 5 "Covariance may not be accurate. Covariance not positive definite. Covariance forced positive definite."
01336480 7 0.455 57353.716745773185 3.58046925441613e-16 1.1546554764468904 0.4709533974815667 0.0 67.15061769929162 0.03289478726711162 0.34525012138505956 0.7228499367073458 147.6267468968566 3.0 -20.59552204804381 1.5250656090896477 57329.171 57396.099 3 4 "Covariance may not be accurate."
01336687 12 0.455 57345.33656625778 2.914335439641036e-16 1.1657126794350523 0.3836807335323107 0.0 61.129711666264484 0.03074625014024554 0.4373045647485041 0.6778601761639177 1516.9273771131454 8.0 -20.55752938407969 1.516214458606992 57327.065 57403.062 4 8 "Covariance may not be accurate."
01337117 11 0.455 57362.08255806366 5.551115123125783e-18 0.6500035345880647 0.013863950241222334 0.0 65.84677196517441 0.032434240793881894 0.38987551584637165 0.6609330577856656 747.7938563855092 7.0 -16.95819691607631 2.2623306519940023 57329.033 57403.049 5 6 "Covariance may not be accurate."
01337221 28 0.455 57352.07669132771 2.7755575615628915e-18 0.6507742917809605 0.0025745692599231096 0.0 67.27360544988187 0.03076307519303285 0.3605176651157641 0.6356535944857304 442.009634177886 24.0 -16.22361757492002 2.26039298772411 57325.027 57407.048 10 18 "Covariance may not be accurate."
01337228 14 0.455 57355.60759193837 6.106226635438361e-17 0.6505269339597326 0.5001121252162545 0.0 68.21325812683062 0.03074722619240766 0.3613673601186257 0.7104064338713658 84.631455030063 10.0 -18.60541921666955 2.2610314623315624 57325.027 57407.046 6 8 "Covariance may not be accurate."
01337272 12 0.455 57378.951411304195 2.7755575615628915e-18 0.6500000000000058 3.155971977975014e-06 0.0 85.53208622270904 0.030977698398078343 0.37173237421788885 0.6156713467416813 396.91952072883305 8.0 -16.227675115953616 2.262339156341156 57325.073 57427.054 7 5 "Covariance may not be accurate."
01337325 12 0.455 57378.681473461605 2.7755575615628915e-18 0.6500000000002173 0.03262963842824157 0.0 85.3343710711124 0.030893580554839456 0.37072313698288545 0.5326746061458106 317.1384310869691 8.0 -16.175032638340458 2.262340101220868 57325.073 57427.054 7 5 "Covariance may not be accurate."
01337649 9 0.455 57354.57771589243 5.3568260938163805e-16 0.8404509302654495 0.5000761553446533 0.0 0.5032873180352908 3.747002708109907e-17 0.05386027718643194 0.07916262304411564 2339.618700766569 5.0 -20.96331265165015 1.8818991274470562 57339.165 57408.053 2 7 "Covariance may not be accurate. Covariance not positive definite. Covariance forced positive definite."
01337655 10 0.455 57358.940130798976 2.7755575615628915e-18 0.650000000985759 0.006271541734359454 0.0 69.6857628709513 0.030845803528119067 0.37013935282431515 0.6466978335279593 528.5464524731764 6.0 -16.217757257907166 2.262339328391427 57325.141 57402.072 5 5 "Covariance may not be accurate."
01337687 12 0.455 57377.36532519965 3.885780586188048e-16 1.1590323123765511 0.506426299234962 0.0 0.037385443018138176 6.938893903907228e-18 0.027526176669143587 0.01788727454047817 3395.2643331971753 8.0 -20.60469020510276 1.5215332310873997 57339.297 57425.149 6 6 "Covariance may not be accurate. Covariance not positive definite. Covariance forced positive definite."
01337703 15 0.455 57376.98501998036 2.7755575615628915e-18 0.6500000000051357 0.0010743982234341365 0.0 84.05579221025619 0.031032737766854588 0.3723936233028402 0.628461156668964 192.26655845128096 11.0 -16.225986598850326 2.2623391859296618 57325.124 57425.151 9 6 "Covariance may not be accurate."
01337838 11 0.455 57377.89639835217 2.248201624865942e-16 1.2496428935702968 0.5066756281115204 0.0 0.11659291454634513 4.163336342344347e-18 0.00011912166439898009 0.03473353745796037 2833.02891206711 7.0 -20.01018618371378 1.4570222102027977 57339.151 57427.066 6 5 "Covariance may not be accurate. Covariance not positive definite. Covariance forced positive definite."
01338128 11 0.455 57374.17708881474 2.3592239273284576e-16 1.1181280446161113 0.49283142263850643 0.0 60.585111485987 0.03074625123020938 0.4431843126534411 0.7086985669281594 147.31976871038816 7.0 -20.09065903185691 1.5560727468862403 57339.021 57407.044 5 6 "Covariance may not be accurate."
01338170 22 0.455 57378.83761959361 2.7755575615628915e-18 0.6500000001571972 0.06261550742544802 0.0 61.614214269338845 0.031075353557278224 0.3729000819064314 0.7024642043685374 661.4040267715735 18.0 -16.124291231965188 2.2623410559876405 57339.021 57407.046 12 10 "Covariance may not be accurate."
01338233 13 0.455 57378.87131100413 2.7755575615628915e-18 0.6500000000014697 0.007784835180577321 0.0 90.1486842309132 0.03099189280677797 0.37190318343400697 0.5761578357463295 85.92818042603369 9.0 -16.21534928325382 2.2623393734840995 57319.281 57427.054 8 5 "Covariance may not be accurate."
01338266 40 0.455 57353.172127793085 5.551115123125783e-18 0.8620469641180464 0.512073002928252 0.0 7.27977128024213 0.0 0.00014606047086829221 0.0002545426509620863 310.7161344849277 36.0 -15.982930375191188 1.849535084726508 57339.037 57427.068 9 31 "Covariance may not be accurate."
01338278 10 0.455 57363.1784274391 5.551115123125783e-18 1.2143323423240755 0.5108618248385839 0.0 9.296930247513956 0.0 0.00016866197980336395 0.000607773655929511 269.33897072111915 6.0 -15.984870230068562 1.4803569706077404 57339.037 57427.054 3 7 "Covariance may not be accurate."
01338387 10 0.5838 57425.88260371663 0.0 0.7794672667241587 0.9329084437644054 0.0 0.0 0.0 0.0 0.0 598.0959934260543 6.0 inf nan 57329.173 57403.101 10 0 "Hesse Failed. Covariance may not be accurate. Covariance not positive definite."
01338430 9 0.5089 57424.09848459664 9.965873459805153e-10 1.0050275703111495 0.08593310421075584 0.0 0.0008894105521903839 1.4506438689165795e-10 4.2525231187307e-05 0.10198618228997505 378.28565586056806 5.0 -37.7628922821937 1.6668604005233396 57339.122 57403.101 9 0 "Minimization exited successfully."
01338471 11 0.5309 57424.62885803189 8.527206718511593e-12 0.8311591177869004 0.008046192811589303 0.0 0.26447725682737655 1.0805437100636085e-11 0.010106233290621436 0.9869801011516668 107.70896199636738 7.0 -32.836356733832304 1.8962607198982226 57319.137 57403.101 11 0 "Minimization exited successfully."
01338675 17 0.455 57369.69031037724 2.2204460492503132e-17 0.9729241282753529 0.7228780884096904 0.0 0.06481309599257656 1.3877787807814454e-18 0.07815327364738284 0.04595154601387358 7773.291162859948 13.0 -17.083220312813236 1.7028504599131509 57339.046 57406.102 7 10 "Covariance may not be accurate."
01339002 9 0.455 57378.9488965239 2.275957200481571e-16 0.6500000005208731 0.49067754334559976 0.0 0.007085079148964724 0.0 3.762712086352593e-08 0.07914424510878193 321.5755146930925 5.0 -20.056870955483333 2.2623560930252857 57346.027 57427.066 4 5 "Covariance may not be accurate."
01339149 9 0.455 57376.0073317226 2.7755575615628915e-18 0.6931772560277789 0.00014957888857419777 0.0 68.81564173394509 0.031234262075851366 0.3030403421605892 0.6097449367768882 501.7522616171313 5.0 -16.227444599673507 2.159373566663117 57346.029 57427.068 4 5 "Covariance may not be accurate."
01339392 6 0.455 57366.35959470498 2.3314683517128287e-15 0.6722610456961954 0.5000639438240234 0.0 0.21136322245001793 4.1633363423442976e-18 3.543971624753173e-05 0.00015507882192242195 7.85186911159281 2.0 -22.560136699841223 2.2079953251768565 57345.331 57426.145 3 3 "Covariance may not be accurate."
01339450 13 0.455 57363.81518117707 8.326672684688675e-18 1.02449837971816 0.5372584757387535 0.0 69.1987700085374 0.03163768544391369 0.4481112829067 0.7300804153622935 71.11323143678925 9.0 -16.3820133780107 1.646220310473808 57339.286 57426.147 4 9 "Covariance may not be accurate."
01340454 22 0.455 57370.98860910749 1.2212453270876723e-16 0.6664774120870108 0.508079547326044 0.0 0.1343707346022711 0.0 4.259596507943941e-05 0.00019613369507226475 659.426294206653 18.0 -19.34537010705759 2.221825347729478 57345.314 57425.151 6 16 "Covariance may not be accurate."
01341370 16 0.455 57387.40378084319 2.7755575615628915e-18 1.2120661414639224 0.12562212134701256 0.0 0.05644603555992944 0.0 0.0007358442646583363 0.8429382382873856 2177.8249943285027 12.0 -16.009258125912435 1.481908207238046 57347.079 57403.049 10 6 "Covariance may not be accurate."
01341894 7 0.455 57382.147139272405 2.248201624865942e-16 1.1119479945305795 0.5000654931568769 0.0 0.07719182533764979 6.938893903907228e-18 0.09181896886214835 0.044701292410729704 311.62352498301976 3.0 -20.020648660243094 1.5615773318783894 57365.054 57427.052 3 4 "Covariance may not be accurate. Covariance not positive definite. Covariance forced positive definite."
01342255 6 0.455 57422.329518172395 4.926550001282948e-11 0.9548075210521427 0.15846499780458767 0.0 55.17876837986114 0.03074904389937404 0.427309525996614 0.5361841341921696 9038.586461382978 2.0 -34.06706838650211 1.7244088095178816 57365.11 57403.099 6 0 "Covariance may not be accurate."
01343208 6 0.455 57375.0251295343 1.1102230246251566e-17 1.2455253402420776 0.000183025606568743 0.0 58.81748823463204 0.03078015304523643 0.3900910753989089 0.6091910804246163 322.1840343243342 2.0 -17.732541891654115 1.45965467578975 57356.144 57397.09 3 3 "Covariance may not be accurate."
01343337 16 0.455 57392.46108219352 1.2767564783189302e-16 0.6500000024058912 0.36037137449828227 0.0 51.20813996277502 0.04169432970995935 0.5003140738149277 0.6699051361901166 292.74501698844983 12.0 -19.706066345065313 2.2623521457775304 57372.226 57426.147 8 8 "Covariance may not be accurate."
01343401 12 0.455 57393.04987968232 1.249000902703301e-16 0.6500000001075982 0.04665148244094308 0.0 51.32864502132725 0.03248254867169537 0.38978691879733385 0.5154723316401659 244.1062828629407 8.0 -20.284631331208068 2.2623405365044817 57372.048 57427.054 6 6 "Covariance may not be accurate."
01343533 16 0.455 57387.35944093285 8.604228440844963e-17 1.2000900719392167 0.4571414831901581 0.0 37.884631302826165 0.03221198825871307 0.30292029732020537 0.7380442640031857 46.001810483215046 12.0 -19.079005174248362 1.4903453988372064 57365.039 57407.046 10 6 "Covariance may not be accurate."
01343759 7 0.455 57374.42321179762 2.7755575615628915e-18 0.6628401855103804 0.5000799785616061 0.0 49.75203719690762 0.030764599515990323 0.32964160286700434 0.7106217818779492 3445.4949027029306 3.0 -15.249413198289659 2.2306216675143915 57365.223 57425.071 2 5 "Covariance may not be accurate."
01343871 7 0.455 57377.015469883096 5.551115123125783e-18 0.6500217470956934 0.03641231652032806 0.0 49.28108175543093 0.031262956785226795 0.3735848850966984 0.6853649041518981 226.4431964995166 3.0 -16.92133585595401 2.262285492844601 57355.228 57408.055 3 4 "Covariance may not be accurate."
01344692 14 0.455 57393.44551273767 5.273559366969494e-17 0.6500000139248603 0.0819295930023114 0.0 52.88391738053906 0.030746232386032458 0.36892049184475967 0.7130925732192003 53.36283170405816 10.0 -19.287190249290035 2.2623416865003456 57366.056 57427.068 8 6 "Covariance may not be accurate."
01345553 6 0.455 57382.214857149556 2.886579864025407e-16 0.8623633593131695 0.4793059133806892 0.0 46.87921034268584 0.030746286523321613 0.44086165313746284 0.705431105313931 741.4951183737086 2.0 -20.342095271382945 1.849070109945444 57372.048 57427.052 2 4 "Covariance may not be accurate."
01345582 7 0.455 57389.49763569682 4.9960036108132046e-17 1.1902556991371047 0.42576446665627077 0.0 55.26955830505176 0.031104724864066662 0.43081137876916104 0.6942946725430518 37.89679398226805 3.0 -18.55722763327324 1.4974908710711539 57365.056 57427.054 4 3 "Covariance may not be accurate."
01345594 11 0.455 57378.34666514007 1.0269562977782698e-16 0.6500003567679802 0.5000071793218163 0.0 1.70387559998926 6.938893903907228e-18 0.00037930424821153164 0.00032058525733183463 344.57787673153945 7.0 -19.170032130915125 2.262355568243912 57372.048 57427.054 2 9 "Covariance may not be accurate. Covariance not positive definite. Covariance forced positive definite."
01346137 14 0.455 57393.2187553781 1.970645868709653e-16 0.6500000000012529 0.5000726282755025 0.0 1.6764204094724846 1.3877787807814457e-17 0.000245722859517572 0.009163017113967636 661.7565550962399 10.0 -19.877570601889268 2.262356466268031 57375.048 57425.151 6 8 "Covariance may not be accurate. Covariance not positive definite. Covariance forced positive definite."
01346387 13 0.455 57416.726907672506 2.7755575615628915e-18 0.6501072021655696 0.03064029105380478 0.0 50.54125571993427 0.030947383525711584 0.3747577408180254 0.6803920603903654 10982.068644069146 9.0 -16.17831654524539 2.262070313510698 57372.136 57426.118 11 2 "Covariance may not be accurate."
01346956 10 0.455 57401.52334036167 8.881784197001253e-17 0.8506114583823217 0.44747950725672725 0.0 0.9552490159439913 0.0 0.00033180250153436175 0.0005727052858157111 1063.9089559661095 6.0 -19.13501590429431 1.8664999604793522 57387.181 57426.147 6 4 "Covariance may not be accurate."
01346966 14 0.455 57403.1677413176 1.332267629550188e-16 1.1364698606591739 0.5142191182809389 0.0 43.57785702993715 0.031118099498590294 0.44173643780745925 0.7183552350921778 410.45536631186945 10.0 -19.430012483065674 1.5401693353830268 57376.057 57426.147 10 4 "Covariance may not be accurate."
