analysis_pipeline/fit_results/des_5_sn91bg_salt2_phase_blue.ecsv
# %ECSV 0.9
# ---
# datatype:
# - {name: obj_id, datatype: string}
# - {name: num_points, datatype: int64}
# - {name: z, datatype: float64}
# - {name: t0, datatype: float64}
# - {name: x0, datatype: float64}
# - {name: x1, datatype: float64}
# - {name: c, datatype: float64}
# - {name: z_err, datatype: float64}
# - {name: t0_err, datatype: float64}
# - {name: x0_err, datatype: float64}
# - {name: x1_err, datatype: float64}
# - {name: c_err, datatype: float64}
# - {name: chi, datatype: float64}
# - {name: dof, datatype: float64}
# - {name: b_max, datatype: float64}
# - {name: delta_15, datatype: float64}
# - {name: tmin, datatype: float64}
# - {name: tmax, datatype: float64}
# - {name: pre_max, datatype: int64}
# - {name: post_max, datatype: int64}
# - {name: message, datatype: string}
# schema: astropy-2.0
obj_id num_points z t0 x0 x1 c z_err t0_err x0_err x1_err c_err chi dof b_max delta_15 tmin tmax pre_max post_max message
[from data line 96]
01308582 29 0.0835726888776489 57250.24195509589 3.8025138593411614e-16 0.6753890391122619 0.5001123214711152 0.023899272439302864 0.00010172622205573134 1.3877787807814407e-18 4.5388765153586696e-05 0.00018775321056854755 1203.346876231763 6.0 -16.468686920192468 2.1990184509577198 57265.391 57365.081 0 29 "Covariance may not be accurate."
01308884 10 0.8499762487743305 57298.54737807651 4.478639681337882e-14 1.053312053967038 0.49929707278399155 0.474854749026969 20.31773088936825 0.03074906897193186 0.39475395063598456 0.7102427173934616 40255.58954890078 5.0 -27.42521750194154 1.6163534994820097 57278.247 57345.255 3 7 "Covariance may not be accurate."
01308957 19 0.483631365001798 57265.63807051943 2.7755575615628915e-18 0.6972980600883638 0.5136195411805747 0.006051682874142594 3.300238042451383 0.0 0.10513455499801305 0.1347919382597686 169.69212175813544 11.0 -15.386662130156424 2.148543375314233 57253.334 57373.055 3 16 "Covariance may not be accurate. Covariance not positive definite. Covariance forced positive definite."
01309288 6 0.4674906893020065 56980.27087764996 1.2573275753879899e-15 0.8345982224429743 0.35837328306685834 0.5520270433949165 29.284243026213517 0.030781129726408202 0.38998341895964034 0.6694539655569426 60.96297968769289 -1.0 -22.2635368583384 1.8899058505258104 56963.244 57061.06 1 5 "Covariance may not be accurate."
01309492 30 0.5302544943219607 56948.255936715126 4.968248035197576e-16 0.6687806324265393 0.5001012814984651 0.0011846726022415321 1.1461324902484193e-05 0.0 6.42751122797991e-06 3.115108429868618e-05 30115.314910055753 12.0 -21.28109362062985 2.2146967790766787 56963.265 57066.064 0 30 "Covariance may not be accurate."
01309749 19 0.35971933871619644 56943.6015456039 8.326672684688675e-18 0.6500000032581215 8.148782534911359e-06 0.5216224017747633 24.625575434769416 0.0308485767455166 0.37016421504558755 0.6161237913723554 858.8770736436611 5.0 -16.815924647036002 2.260654058555904 56956.156 57067.046 0 19 "Covariance may not be accurate."
01310338 26 0.4362585740609227 56934.115356296 2.1094237467877976e-16 0.9308130166334067 0.500101513047238 0.010011041976604296 0.00010525994366616942 0.0 8.833861418455768e-05 0.000143783335823211 3048.5969486325102 11.0 -19.84237786344805 1.753669087300576 56949.115 57052.039 0 26 "Covariance may not be accurate."
01310395 18 0.5939404488333886 56981.180578481195 3.4139358007223566e-16 1.0064852956848218 0.49974612781503297 0.00023466094625651523 0.18776210071519017 0.0 0.0008608874671113265 3.7606113320376444e-05 2716.0349640542554 13.0 -21.173296389307012 1.6646068395885543 56956.206 57052.037 4 14 "Covariance may not be accurate."
01312274 32 0.1926277406873932 56980.70305822196 1.1102230246251566e-17 1.08838483309205 0.0005930633937361041 0.44245766524488356 22.74631852244056 0.030748426737910402 0.44442235356058235 0.6250314129345758 1057.14956522552 21.0 -15.575759180416124 1.5825813550410537 56956.143 57052.1 8 24 "Covariance may not be accurate."
01313594 12 0.8499934677873133 56958.036314220924 2.2704060853584454e-15 0.6500430640977581 0.49998238491385477 0.0015354979973981053 0.00991109263850376 4.1633363423442976e-18 0.00039345438356847007 9.20635871383968e-05 4879.84961412641 6.0 -24.1859669361017 2.2605629429436114 56973.038 57051.053 0 12 "Covariance may not be accurate."
01314897 25 0.48912246211106913 57258.33976643496 1.665334536937735e-17 0.9600024266059075 0.010668020949702206 0.56246931056424 24.92868011820974 0.03134265377764692 0.42792917774694056 0.5692488531053883 1574.005288270032 13.0 -18.34437291961107 1.7173454795183751 57273.337 57372.07 0 25 "Covariance may not be accurate."
01315192 7 0.7126093004070445 57011.34604960318 2.0788926136106058e-15 0.73849501236003 0.4840615115269023 0.00012845877633299585 0.12078055997699266 5.5511151231258616e-18 0.0002514236573741835 0.00029350842230446705 1899.398940346361 2.0 -23.656745073830756 2.060008477412218 56987.196 57052.098 3 4 "Minimization exited successfully."
01315259 10 0.8499520038427967 56965.60686091279 9.103828801926285e-16 1.1429564689085552 0.48546553288656785 8.388163103001389e-08 5.6461129133822396e-05 1.3877787807814654e-18 3.159495391980016e-06 0.0158801646675015 4996.53057332901 5.0 -23.228937575806675 1.5341729844892242 56980.181 57049.068 0 10 "Covariance may not be accurate."
01315296 27 0.49078271610747104 56993.797911466856 8.326672684688675e-18 0.650001022915202 0.10052370919380071 0.558829000921593 29.039829902278143 0.030951638421701372 0.37108576233803375 0.7183333196281313 820.4993366623476 20.0 -17.446442253755436 2.2606546895837702 56973.185 57049.07 7 20 "Covariance may not be accurate."
01316385 11 0.6345384444818387 57018.8363397173 1.6942003355779888e-14 0.720805219695541 0.49670545483880674 0.5731291432610504 29.42400563787669 0.030746219449700976 0.3287620122811561 0.7096131958653367 3226.180257753826 4.0 -25.595171527812354 2.096881063382334 57001.175 57066.03 5 6 "Covariance may not be accurate."
01316431 10 0.5659385804068562 56986.16246858751 3.1780134079895106e-15 0.9165376785498252 0.4929515160127527 0.5683944851641309 24.46433251266717 0.030746226391119836 0.43313097103936865 0.7087273992692423 19626.681702055237 5.0 -23.48472169758825 1.7723411955808288 57001.162 57052.098 0 10 "Covariance may not be accurate."
01316437 13 0.460891144428321 57000.03549117466 2.7755575615628915e-18 1.0537880234063546 0.25332359898343226 0.5582957769603629 29.871591493469168 0.031650292834547636 0.4422821032203776 0.7564914670036399 424.76418315484773 8.0 -15.766782658713872 1.6158783189725803 56980.197 57052.1 3 10 "Covariance may not be accurate."
01316465 11 0.8499797413070886 57014.48685228966 1.2378986724570496e-15 0.6500140921042764 0.5000003515871182 0.0002061856128631745 0.4351121318504738 6.938893903907228e-17 0.00013299048255110968 1.0940264713543701e-05 22512.281873752225 6.0 -23.52733335160702 2.26063569264139 57001.183 57066.064 3 8 "Covariance may not be accurate. Covariance not positive definite. Covariance forced positive definite."
01317164 5 0.5413132344886188 57265.56753411371 3.322342401190781e-15 1.0921838850531103 0.5064626184656693 0.01260116027161079 20.655566184672352 6.522560269672795e-16 0.08404498768035018 0.0548127367971859 470.9727713899871 -2.0 -23.388346827063362 1.5790502618299556 57315.181 57355.159 0 5 "Covariance may not be accurate. Covariance not positive definite. Covariance forced positive definite."
01317277 12 0.819624544454046 57006.24305934027 1.2656542480726785e-15 0.6592949221882864 0.4933220261949797 0.4063087444099697 36.88340264247381 0.04441152058960228 0.494850715257477 0.7031045287295745 1803.8532166336995 7.0 -23.47013959811647 2.2376341214149527 56987.073 57052.037 5 7 "Covariance may not be accurate."
01317286 14 0.8235153154231374 56998.828323056754 4.662936703425658e-16 1.2293708035438213 0.4850926027084464 1.1220630565966783e-05 0.0015256182668963447 0.0 8.565276466532268e-06 0.008733023501152098 9397.75732496221 9.0 -22.4185673746039 1.4697970502375775 56987.073 57052.037 4 10 "Covariance may not be accurate."
01317454 10 0.47437765753992855 56996.276143687755 2.7755575615628915e-18 0.7925146054337314 2.7794699691829905e-07 0.5540123690143737 29.252331522053282 0.030825895317317286 0.3712489055782455 0.6151463847337479 507.00614259923657 5.0 -16.33612330249801 1.9586519147451575 56987.033 57051.04 3 7 "Covariance may not be accurate."
01317666 22 0.6297975606857574 57267.329837193436 3.6914915568786455e-15 0.6500000267276802 0.5000019704097969 0.005708430369490369 0.10364612446574029 9.159339953157534e-17 5.261886375673708e-05 2.67180701633285e-05 15091.421376926872 15.0 -23.912751898891944 2.26067101320195 57278.217 57356.106 0 22 "Covariance may not be accurate."
01319366 17 0.7520222768043695 57293.74971654455 1.3766765505351941e-15 0.6746417992042502 0.5000419176174471 0.004324967304477678 0.019665550793433795 6.938893903907228e-18 8.48122315755262e-05 1.0887084483268694e-05 6068.846710252555 10.0 -23.31433313844546 2.2007797071898487 57276.312 57372.102 5 12 "Covariance may not be accurate."
01319821 10 0.5979477231641963 57016.75133386246 1.665334536937735e-17 1.155912420585057 0.4994956197719095 0.00033400935209426663 24.686149203782406 0.0 0.0004679233496198698 8.089166109973012e-05 1733.0529419723 5.0 -17.91231032613807 1.5235335304912674 56992.125 57067.099 3 7 "Covariance may not be accurate."
01320166 10 0.4935363302967306 56976.1137457838 0.0 1.2403302430411345 0.5001298577244978 0.0 0.0 0.0 0.0 0.0 0.0 -5.0 inf nan 56991.113 57049.046 0 10 "Hesse Failed. Covariance may not be accurate. Covariance not positive definite."
01322229 7 0.4760549146962423 57023.417049639305 4.4408920985006264e-17 1.1454291531175933 0.5001106516660166 0.0006768322220821188 0.024279433688207064 1.387778780781447e-18 0.06894830674857655 0.03565314958007296 820.6989743103509 2.0 -18.37730434864269 1.5321161399509293 57001.076 57039.041 4 3 "Covariance may not be accurate. Covariance not positive definite. Covariance forced positive definite."
01322979 9 0.475592475229279 57020.487296134306 2.7755575615628915e-18 0.6500000000000926 0.0005795051614992941 0.554100955817749 29.569505396459135 0.03080866205189501 0.36970384665520983 0.6046660346071095 4316.443694103802 4.0 -16.341868197226894 2.260654082246578 57008.04 57061.074 3 6 "Covariance may not be accurate."
01324542 9 0.47432127738477475 57022.28997321578 2.7755575615628915e-18 0.7556229761968001 0.002661608457075859 0.5672063054429736 30.46838496154669 0.03231949579593871 0.4608912551945284 0.6359900450070114 384.9343447831631 4.0 -16.331613378718398 2.0260696356513215 57011.089 57067.101 2 7 "Covariance may not be accurate."
01325358 7 0.673106637203031 57018.67995610106 8.326672684688675e-18 1.2274450558984193 0.49997307397141294 0.47594527738791714 29.743794094338227 0.030967206950699315 0.41487179569796634 0.7131344943694471 152.2146838588527 2.0 -17.472717293129307 1.4710746105237824 57008.067 57047.038 2 5 "Covariance may not be accurate."
01327978 10 0.6407637387290678 57296.63822439031 5.800915303666444e-16 1.2120337528086131 0.4714505525463668 0.0001230378298527346 0.006510806426376803 4.163336342344347e-18 5.2703849894308874e-05 0.12222511335789918 326.6831494308222 5.0 -22.017662931827914 1.4815019961324083 57283.131 57373.038 4 6 "Covariance may not be accurate."
01328066 20 0.477911019812741 57288.29595670529 2.7755575615628915e-18 1.1262022071344477 0.0011066259411011137 0.556052281521878 29.75337733962806 0.03094946375604687 0.4453286232562062 0.6006818324320579 381.8451635969801 11.0 -16.353713363133146 1.5484237395357212 57273.098 57379.048 4 16 "Covariance may not be accurate."
01328105 42 0.4812283983371765 57284.94486602437 5.551115123125783e-18 1.248086899654591 0.007154211617803552 0.5552628628100598 29.545254236789333 0.030803927463767436 0.3549259763594182 0.6487396302036561 1267.3078561817565 27.0 -17.11473544412226 1.4576000621270353 57273.096 57386.046 5 37 "Covariance may not be accurate."
01329166 17 0.3952164720117285 57254.406796762385 1.665334536937735e-17 0.7634923867450725 0.23689982451925312 0.5441069477631948 22.92998690265813 0.033039085978680605 0.46972698873471114 0.6184151800749882 320.48401089668647 2.0 -17.35213014164409 2.01107278393836 57277.334 57401.075 0 17 "Covariance may not be accurate."
01329196 20 0.2716819627149477 57258.92501170567 2.7755575615628915e-18 0.6500000049868726 0.05388629737910505 0.4745159782663029 22.650568827950337 0.0353693893247231 0.4244058055476625 0.5075396382241182 481.87554740346667 2.0 -14.827582415666367 2.2606556393973882 57277.321 57406.112 0 20 "Covariance may not be accurate."
01329312 31 0.48002113368904625 57296.63260011986 2.7755575615628915e-18 0.6878082484013683 2.057294632645812e-05 0.577682351867404 31.54365929658161 0.033646055968002235 0.4600220941874919 0.6130115764102102 1191.645020227249 21.0 -16.36690113649777 2.1701278559260473 57283.189 57389.086 5 26 "Covariance may not be accurate."
01329615 34 0.14217944517842396 57289.81988895354 3.885780586188048e-17 1.1801494447302463 0.48691964549078737 0.5528718846978562 29.49329311429028 0.030799334255442755 0.32783673288454646 0.707939566075001 889.8197644404512 21.0 -15.26320146392656 1.5045676606083411 57278.301 57385.111 6 28 "Covariance may not be accurate."
01330031 13 0.08589406249078714 57309.28929179106 7.47735207085043e-15 0.6500577351204629 0.499681390918047 0.4356758664327004 22.425818314524804 0.031660732295849356 0.38251521513237413 0.7209606319445779 16551.871413445042 3.0 -19.766840988968184 2.260526094183536 57291.079 57376.04 5 8 "Covariance may not be accurate."
01330426 16 0.5393646299147052 57293.759909936525 1.4932499681208357e-15 0.6500000000004478 0.5000525873937604 0.005038168966246315 0.01813251624480472 5.134781488891353e-17 4.028319792959145e-06 0.026141976857380372 16067.532475028027 7.0 -22.520727773503516 2.2606710804731414 57288.213 57387.181 1 15 "Covariance may not be accurate. Covariance not positive definite. Covariance forced positive definite."
01330642 17 0.47952955110183476 57295.88543713613 1.1102230246251566e-17 1.107839280360178 0.013756128493050412 0.5668178421523573 30.502835347142536 0.032089177936775994 0.3702324853309444 0.5627567477805113 1713.8079493310297 7.0 -17.84753343591332 1.5646864737786395 57283.189 57403.073 2 15 "Covariance may not be accurate."
01330903 20 0.4002403235334693 57290.20860919566 3.33066907387547e-17 1.2409407101323242 0.4939163497507023 0.5390098494521196 30.16178569818294 0.031488926085131964 0.3360882674098196 0.7176005254247065 411.48234821572396 10.0 -17.63111964541158 1.4622220518665152 57276.314 57396.101 4 16 "Covariance may not be accurate."
01331123 17 0.5516545794864373 57282.03233329867 1.7735812818386877e-15 1.017486447159928 0.5000621296480453 0.00884560638012194 0.0028744275550707243 1.249000902703301e-16 0.06933464907600684 0.02841829854810174 3371.200764004891 7.0 -22.766758999703352 1.652891314864096 57297.032 57386.044 0 17 "Covariance may not be accurate. Covariance not positive definite. Covariance forced positive definite."
01331993 30 0.6069053922451738 57276.46693373406 1.665334536937735e-17 1.1901109217272459 0.4023000855570788 0.5720623676896237 23.087877868027135 0.03075149166811514 0.43085949185106137 0.6839021903224469 1011.5007759275854 14.0 -18.168417791611468 1.4971292839108585 57291.17 57403.073 0 30 "Covariance may not be accurate."
01332059 18 0.48041913342972137 57291.92824758505 5.551115123125783e-18 0.6500251090997691 0.00045349554296508776 0.5605465837297248 28.36549525945884 0.03134975708202412 0.37450126094562114 0.6058626791201295 314.4867491291609 8.0 -17.120953048046317 2.260591028105779 57288.201 57403.101 2 16 "Covariance may not be accurate."
01332413 17 0.4769002957610361 57290.89772599591 5.551115123125783e-18 0.6500000222926936 0.04908446493756169 0.5648608087181217 24.280800271535554 0.03193453968539742 0.38326629412894003 0.6945402084885617 462.86042050787546 6.0 -17.022311991287935 2.260655443833013 57299.144 57403.064 0 17 "Covariance may not be accurate."
01333246 30 0.22927468313102928 57284.22944731584 1.0269562977782698e-16 0.7827923636319023 0.49599406485543723 0.46409198421663 24.459659107291372 0.03090366751289545 0.36630271302014983 0.7114040309697323 294.37184318761916 13.0 -17.448506550721948 1.9757304757109928 57299.22 57403.101 0 30 "Covariance may not be accurate."
01333438 31 0.5028530078615315 57282.350697428024 9.436895709313832e-17 0.7829044366248823 0.0002472498243846766 0.5589238105781673 24.778272746258153 0.03074623077837533 0.3664223506577336 0.6083226005485721 842.3029142919297 14.0 -20.316562791283175 1.9755157583113139 57297.346 57404.045 0 31 "Covariance may not be accurate."
