analysis_pipeline/fit_results/des_4_salt2_2.4_all.ecsv
# %ECSV 0.9
# ---
# datatype:
# - name: obj_id
#   datatype: string
# - name: num_points
#   datatype: int64
# - name: z
#   datatype: float64
# - name: t0
#   datatype: float64
# - name: x0
#   datatype: float64
# - name: x1
#   datatype: float64
# - name: c
#   datatype: float64
# - name: z_err
#   datatype: float64
# - name: t0_err
#   datatype: float64
# - name: x0_err
#   datatype: float64
# - name: x1_err
#   datatype: float64
# - name: c_err
#   datatype: float64
# - name: chi
#   datatype: float64
# - name: dof
#   datatype: float64
# - name: b_max
#   datatype: float64
# - name: delta_15
#   datatype: float64
# - name: tmin
#   datatype: float64
# - name: tmax
#   datatype: float64
# - name: pre_max
#   datatype: int64
# - name: post_max
#   datatype: int64
# - name: message
#   datatype: string
# schema: astropy-2.0
obj_id num_points z t0 x0 x1 c z_err t0_err x0_err x1_err c_err chi dof b_max delta_15 tmin tmax pre_max post_max message
01248677 59 0.3502 56554.338585552636 3.379955311363925e-05 0.9836633806523745 -0.10613183590697642 0.0 0.07197858332438045 2.517920607805784e-07 0.0787729902809653 0.005043634589937077 408.41446918759755 55.0 -19.69551718043313 0.8826547234307611 56538.281 56629.123 10 49 "Minimization exited successfully."
01250017 60 0.1817 56553.89483707084 0.00011412710465364962 1.0669637876706517 -0.0466696449100803 0.0 0.06186815612818464 1.2272604691804245e-06 0.10138480852582754 0.006874754429319618 131.4795684856415 56.0 -19.39188454728596 0.866441113165159 56534.233 56616.08 19 41 "Minimization exited successfully."
01253039 74 0.4535 56574.9110827041 1.6507183412647896e-05 0.3440394206718631 -0.12418173456540901 0.0 0.27593624665314564 2.955340945007254e-07 0.2584153973317007 0.01295315934523951 82.96386659533147 70.0 -19.58132531433678 0.9956900926345078 56547.268 56653.094 24 50 "Minimization exited successfully."
01253101 68 0.4596 56578.00676199952 1.4806541565670629e-05 1.3199065693674648 0.020971825476055528 0.0 0.41146474142806255 4.253062824796651e-07 0.3467607562847279 0.02118901464978129 83.12543742584293 64.0 -19.498170105334424 0.821927308174498 56543.092 56657.052 24 44 "Minimization exited successfully."
01253920 58 0.1956 56583.18420273 0.00010137748505829326 -0.8251797101354343 -0.07604822150036952 0.0 0.06859537560376339 9.851417357598118e-07 0.07769691435638504 0.008108291517956404 177.62916149200618 54.0 -19.44033376498401 1.2228144039572264 56559.19 56649.173 20 38 "Minimization exited successfully."
01255502 29 0.1482 56590.7420435395 0.00022044700925800688 0.300517836481335 -0.024865911637786897 0.0 5.35863364348188e-07 5.424438790226085e-06 0.09580382193554615 0.013306281835484407 368.75518558469753 25.0 -19.618134338158274 0.9990429270075225 56563.266 56653.077 6 23 "Covariance may not be accurate."
01257366 40 0.2114 56611.89753511977 4.491710573512053e-05 -0.15737723430984785 0.14993563657704534 0.0 0.35554304418110405 1.7079958953558627e-06 0.3254639736861602 0.027283399239000694 49.31305618659897 36.0 -18.74685422693271 1.0744353554422155 56590.341 56682.089 7 33 "Minimization exited successfully."
01257695 48 0.1838 56613.38576410849 0.00012863925672653708 0.3664845403968675 -0.09370273180413777 0.0 0.06198493962074281 1.0863180318079703e-06 0.06581863771597929 0.005927277709319986 210.18064550237767 44.0 -19.549276552400354 0.9902618770903473 56590.025 56675.078 17 31 "Minimization exited successfully."
01258906 56 0.3492 56621.570666926156 2.072405172473535e-05 -0.013638471074780778 0.016712864373880865 0.0 0.3218020034400979 7.898540700865264e-07 0.29876914381547826 0.028408108718254416 44.59014528249205 52.0 -19.155849929570454 1.0548063940634016 56594.012 56695.038 18 38 "Minimization exited successfully."
01258940 70 0.4259 56619.510615648425 1.6168969230925812e-05 -0.14378035822429247 -0.0772975268620271 0.0 0.43334084990419797 6.777957368156448e-07 0.3719292127551592 0.030017558897847255 63.42012162770323 66.0 -19.39544928667916 1.0845745486503304 56590.311 56697.043 23 47 "Minimization exited successfully."
01259412 47 0.3047 56624.35056713897 3.7203601488763896e-05 0.9533189975185854 -0.036128560722412495 0.0 0.1371933553928102 3.1244081610398643e-07 0.10999016916388205 0.006877064831499996 115.0017003792023 43.0 -19.447266302315047 0.8852976107448676 56602.144 56697.078 11 36 "Minimization exited successfully."
01261579 40 0.3222 56638.48742178884 3.0307778914390184e-05 -0.19603992446865437 0.01032836326798825 0.0 0.08126363444171147 3.149573121530306e-07 0.09909009299526872 0.007919312153925245 42.49590417964584 36.0 -19.364489906360937 1.0897839337519741 56615.111 56697.079 12 28 "Minimization exited successfully."
01262214 68 0.6894 56657.24153454958 5.7706765878101645e-06 0.1868405525043597 -0.10606066219670168 0.0 0.338852469529229 1.0072466515992379e-07 0.24206355890609732 0.01780391019985074 76.64890092310333 64.0 -19.542469489852316 1.023661535312982 56625.224 56698.051 30 38 "Minimization exited successfully."
01262715 46 0.6894 56660.11488077537 6.797052475163157e-06 0.8641617529134291 -0.04845361214763233 0.0 0.3381382279767422 1.0712659222339446e-07 0.27943145109035195 0.015536518769558194 46.43178778214229 42.0 -19.720322219697717 0.9009619442926606 56625.224 56697.09 21 25 "Minimization exited successfully."
01263369 36 0.3125 56665.74775127609 3.213416422814253e-05 0.18162713634844607 -0.034937147894772314 0.0 0.2651361617827206 6.880228642369701e-07 0.2576039834566244 0.017283802496659798 23.563744850559114 32.0 -19.351197055007237 1.021199366248748 56645.136 56697.043 16 20 "Minimization exited successfully."
01263715 35 0.2919 56667.16826299925 3.890589500630815e-05 0.4799101246944648 -0.02875699313317115 0.0 0.19741302201146027 8.322340859859279e-07 0.24010093206012062 0.016302846767326934 23.112569878279732 31.0 -19.38770989577559 0.9670853249057281 56645.05 56694.039 19 16 "Minimization exited successfully."
01275946 72 0.2321 57261.72552198038 8.029432278170157e-05 1.6610362761220472 -0.053288105505155586 0.0 0.07262105434710975 8.046749865417383e-07 0.10253031531630441 0.006693928834475837 588.7047805008406 68.0 -19.606840935194775 0.7678594569750246 57248.373 57329.035 15 57 "Minimization exited successfully."
01279500 45 0.235 57252.00310556415 5.960708379857127e-05 0.7470920507127978 -0.01308475344094645 0.0 0.2361901892509195 4.2239013113009945e-07 0.1139164100153307 0.0060141445239811075 155.35315168967932 41.0 -19.312798171957347 0.9197122554565347 57249.293 57319.287 4 41 "Minimization exited successfully."
01280217 63 0.359 57251.12226467635 2.063983730354324e-05 1.7211059922689795 0.09625197923408668 0.0 1.5364943776912696 5.810982801765521e-07 0.561902576958758 0.02298661264631416 131.7161133215443 59.0 -19.224047800550135 0.7537283597202205 57248.388 57329.175 4 59 "Minimization exited successfully."
01281668 83 0.3071 57271.231619273254 3.8790157961082765e-05 0.21498759566407255 -0.09147116221607349 0.0 0.26023316151986364 7.656703782388252e-07 0.2346574459726709 0.015217264317544804 109.68751065793344 79.0 -19.512064377114037 1.0177788167831991 57248.373 57342.028 20 63 "Minimization exited successfully."
01281886 70 0.384 57268.17607735197 2.0846627057075074e-05 1.1713711205020392 -0.03190092768971431 0.0 0.392243851958483 9.439781701120472e-07 0.408467691608116 0.028882198055052738 72.25414820115364 66.0 -19.40572705318435 0.8483945897388061 57248.388 57345.234 16 54 "Minimization exited successfully."
01282736 72 0.3689 57266.382098251066 1.4633343248798837e-05 -0.6974050523996156 0.12128950003521322 0.0 0.4157104768419231 7.165316566179473e-07 0.41202716781024307 0.035811078824607906 50.492390766809585 68.0 -18.91828280700367 1.182298247854014 57249.279 57346.032 15 57 "Minimization exited successfully."
01283373 61 0.2075 57268.84380053637 6.107952802797967e-05 -1.088390708843583 -0.025603624128807623 0.0 0.0003518015982990619 1.1368459088584263e-06 0.18548998138025097 0.01532532769580966 102.68342237705653 57.0 -19.03340911210337 1.2767212001142205 57249.423 57332.081 9 52 "Minimization exited successfully."
01283878 56 0.3135 57265.52885344734 2.4727597728571583e-05 -0.8043104722033481 0.010467276015677984 0.0 0.41522060658826376 1.37473490795792e-06 0.4538860353098959 0.03810211464776023 10.644929685908323 52.0 -19.074154567904486 1.2123196792945166 57249.293 57339.187 13 43 "Minimization exited successfully."
01283936 85 0.369 57268.78177683513 1.0280496638320758e-05 0.11352221245845451 0.20657971248276602 0.0 0.6364676277007675 7.252220723091838e-07 0.5877518374727195 0.05394549110913455 48.504051114412235 81.0 -18.537647796044432 1.021300842958965 57248.373 57347.084 20 65 "Minimization exited successfully."
01285160 72 0.7493 57272.99028565228 4.859645261925949e-06 -0.0030451769421948605 -0.09703674263971745 0.0 0.4060031528606487 1.1518940462584837e-07 0.25039706828372443 0.02114520637876935 90.10079416649678 68.0 -19.578144206632057 1.0587365456700901 57249.403 57372.178 12 60 "Minimization exited successfully."
01285317 92 0.5649 57268.840232885064 9.11660226929345e-06 0.3304657187202409 -0.05899755100126022 0.0 0.00124015997062088 3.1101164396779534e-07 0.41111742404843077 0.031191204515392645 64.42154562057527 88.0 -19.510753945445124 0.9952040166697991 57248.373 57356.127 20 72 "Covariance may not be accurate."
01286398 52 0.1503 57270.950778857674 0.00010473044891413653 -1.777475305950555 -0.008700807635256491 0.0 0.1959374572179513 3.1563972669651483e-06 0.12806514962139803 0.020137916383182825 106.36076760418861 48.0 -18.842349183827835 1.4399248945838856 57249.293 57331.145 13 39 "Minimization exited successfully."
01287626 23 0.304 56682.68239297832 3.5111807967752595e-05 0.12423453114070826 0.009560650594885423 0.0 0.36027914930309635 6.306789587129373e-07 0.3519169844036325 0.015171638001250959 20.9683552406804 19.0 -19.377942786283803 1.0295557739813077 56653.047 56697.072 16 7 "Minimization exited successfully."
01289288 81 0.2897 57273.55693308996 2.4926153842655396e-05 -1.293298031745341 0.08023128004435082 0.0 0.6240597759424418 8.571718524502683e-07 0.4546453142283282 0.029956381317400027 56.71393824721991 77.0 -18.884664163702418 1.3144586983049074 57248.373 57347.084 19 62 "Minimization exited successfully."
01289555 79 0.5588 57275.287080150505 1.0991547114821977e-05 0.4465551884068808 -0.11967878082677855 0.0 0.8311765593462042 4.717855287994512e-07 0.5040779346708215 0.03666127312714583 77.0145615426081 75.0 -19.685834445210205 0.9769813225121382 57248.388 57365.115 16 63 "Minimization exited successfully."
01289600 64 0.4196 57284.27464007624 9.985295294825947e-06 1.9899955019565052 0.29999652354794676 0.0 0.00015385932420031168 1.4524915293995193e-07 0.01802657385149864 0.000598821202286326 329.9045266877133 60.0 -18.840496042827418 0.7040104793383435 57253.285 57365.221 13 51 "Minimization exited successfully."
01289656 75 0.5394 57269.86989241256 9.006476585587953e-06 -0.03734433142142812 -0.03456665367236572 0.0 0.7661463102485868 4.851996477275862e-07 0.5630212035857003 0.04289149042037259 61.22826882372987 71.0 -19.375640970756944 1.0619806640276153 57249.423 57355.245 10 65 "Minimization exited successfully."
01289664 64 0.2491 57279.41288558325 4.974814426678687e-05 -1.3174076960261223 0.007003589521305753 0.0 0.18999785918640555 6.335423333572718e-07 0.13846953049427912 0.010578318933208153 179.1354307247942 60.0 -19.258927995968737 1.3262567899309339 57252.303 57345.234 17 47 "Minimization exited successfully."
01290779 44 0.3895 56891.82401363638 1.714789894169955e-05 -0.611312983133756 -0.04643326647515006 0.0 0.5791068959515542 3.862448012217905e-07 0.3762605580417888 0.01850616339023453 48.64700013761707 40.0 -19.228824312069 1.175866116854401 56887.39 56973.322 8 36 "Minimization exited successfully."
01290816 40 0.2185 56891.619570591836 6.260883291731023e-05 1.4102237351522362 0.02155261301087119 0.0 0.27836331658181734 5.609901815889522e-07 0.15506152972301512 0.0075451335997782365 211.0171012606396 36.0 -19.18824021995524 0.8069885551007303 56887.39 56960.278 8 32 "Minimization exited successfully."
01291080 52 0.4438 56888.04648470809 1.1064777237454472e-05 -1.7103284679379804 0.0408535054162405 0.0 0.002917568344855681 4.2690299843911645e-07 0.5022944885486185 0.03611222694591448 64.5803004397662 48.0 -19.089166364045987 1.4179656028860634 56887.268 56973.078 4 48 "Minimization exited successfully."
01291090 51 0.292 56905.210392060246 4.760648603802376e-05 1.24527151954159 -0.07305569894026187 0.0 0.14072971080531715 1.1370021400600165e-06 0.18778551324071868 0.015227276279554086 122.19963845240804 47.0 -19.608617749130502 0.8373971128409359 56887.211 56973.028 12 39 "Minimization exited successfully."
01291794 72 0.3951 57277.98632432875 1.8335226512444794e-05 -0.020726471827332116 0.02543492466194619 0.0 0.6669172283291118 6.333627018698104e-07 0.46803953744863525 0.02878538633791966 44.604251816846684 68.0 -19.338473436842314 1.0556711832968801 57252.289 57356.174 22 50 "Minimization exited successfully."
01291957 60 0.36 56905.53165131983 2.4301715638669343e-05 0.5442446754283607 -0.02606179371122347 0.0 0.2635118316356966 8.87149171022172e-07 0.25351139448276205 0.02356558294546829 106.1365590145583 56.0 -19.406701787728384 0.9555976041538408 56877.179 56980.031 16 44 "Minimization exited successfully."
01292145 73 0.4925 57274.67282001214 6.360407264216495e-06 1.9388516862891931 0.14006648111055292 0.0 41.02596226652531 0.005613197046869344 3.291782526639089 0.4560026292174517 49.257430071164386 69.0 -18.762755527800536 0.7168025711586914 57252.289 57356.174 15 58 "Covariance may not be accurate."
01292195 81 0.8293 57281.06888996228 2.9975513577612526e-06 0.15542979574174254 -0.001003842511987374 0.0 0.8040370040471316 9.691656053523187e-08 0.40557020390900633 0.03956652962655127 96.44099854079113 77.0 -19.325078534305813 1.0243444293047261 57249.403 57389.163 16 65 "Minimization exited successfully."
01292332 49 0.2735 56901.2692980882 5.382208537028366e-05 0.41505056600020485 -0.08699645557511046 0.0 0.18749477599340025 1.0919517993299168e-06 0.21072939124893586 0.016293092440644835 66.8573404792059 45.0 -19.577678688957892 0.9812155557079478 56890.328 56973.19 5 44 "Minimization exited successfully."
01292336 49 0.2336 56901.853486165775 4.642298702706438e-05 -0.163662620412397 0.06006734783682549 0.0 0.20024020010532695 1.0162155960488653e-06 0.1865757943425208 0.01651883242062896 123.8426608038157 45.0 -19.02623255236918 1.0807718753775113 56890.328 56973.19 5 44 "Minimization exited successfully."
01292560 48 0.2248 56904.620694044184 8.154019968756865e-05 0.39673019665480336 -0.10437726876246861 0.0 0.19267409775784472 1.2165773984940175e-06 0.1219776392298324 0.01125831480457748 137.26757790794653 44.0 -19.544210692710422 0.9852769109387225 56890.263 56973.042 7 41 "Minimization exited successfully."
01293319 57 0.2969 56913.09394707532 3.9983271696855674e-05 1.9684646456230492 0.00883449325891078 0.0 0.23820375097420765 7.683978685016337e-07 0.3598739018124699 0.013206235084974233 146.66342840666235 53.0 -19.461606744583513 0.7153942498892008 56887.268 56980.072 12 45 "Minimization exited successfully."
01293758 35 0.1472 56879.41036928369 0.00027666888486646833 1.9999999995715463 -0.2999999985904672 0.0 0.2961332931408833 5.480476374336579e-06 0.005552626196423827 0.0007196945554578671 6123.27961897727 31.0 -19.85506951708442 0.7177265005138231 56891.384 56980.044 0 35 "Minimization exited successfully."
01294014 39 0.3627 56919.31294508922 2.4400979426739134e-05 0.4627049629490636 -0.025261138725014787 0.0 0.5015904168212728 1.0727862948770033e-06 0.37254140562923577 0.031440917602760535 60.96546404425423 35.0 -19.430112368096594 0.9699861044125129 56890.386 56990.199 9 30 "Minimization exited successfully."
01294743 47 0.3126 56912.52737087098 1.5600752838826337e-05 -0.40629300189726214 0.23099258830997665 0.0 0.4105284763609234 6.712271970951691e-07 0.36007852631320914 0.029803280064697457 56.12698071544706 43.0 -18.56994849307327 1.1169968507394366 56890.285 56980.127 7 40 "Minimization exited successfully."
01295027 71 0.4254 56910.28141249891 1.5247772082058187e-05 -0.33938287400405054 -0.01866841453028195 0.0 0.5779066071663692 9.144216201073531e-07 0.4769634624293033 0.04390210482255921 39.17794189948158 67.0 -19.32834702509951 1.1193595007684252 56887.268 56992.069 12 59 "Minimization exited successfully."
01295256 60 0.4425 56928.18381202134 1.533476928146371e-05 -0.1164914998582951 -0.06198714508022224 0.0 0.3762699779435934 3.911720501861844e-07 0.34878779359930556 0.016693319787476943 72.32266800009691 56.0 -19.436771497224708 1.078504543331217 56904.295 57012.089 14 46 "Minimization exited successfully."
