analysis_pipeline/fit_results/des_5_sn91bg_color_interpolation_blue.ecsv
# %ECSV 0.9
# ---
# datatype:
# - {name: obj_id, datatype: string}
# - {name: num_points, datatype: int64}
# - {name: z, datatype: float64}
# - {name: t0, datatype: float64}
# - {name: x0, datatype: float64}
# - {name: x1, datatype: float64}
# - {name: c, datatype: float64}
# - {name: z_err, datatype: float64}
# - {name: t0_err, datatype: float64}
# - {name: x0_err, datatype: float64}
# - {name: x1_err, datatype: float64}
# - {name: c_err, datatype: float64}
# - {name: chi, datatype: float64}
# - {name: dof, datatype: float64}
# - {name: b_max, datatype: float64}
# - {name: delta_15, datatype: float64}
# - {name: tmin, datatype: float64}
# - {name: tmax, datatype: float64}
# - {name: pre_max, datatype: int64}
# - {name: post_max, datatype: int64}
# - {name: message, datatype: string}
# schema: astropy-2.0
obj_id num_points z t0 x0 x1 c z_err t0_err x0_err x1_err c_err chi dof b_max delta_15 tmin tmax pre_max post_max message
[from data line 96]
01308582 29 0.8981438201067511 57250.24224668569 8.604228440844963e-16 0.7374250956972215 0.4998475834479822 0.5700746495955975 8.07390060799662e-05 4.163336342344347e-18 5.804613155030447e-05 0.0001363802399917402 892.3988026902852 24.0 -23.28098003783142 2.0635345686307716 57265.391 57365.081 0 29 "Covariance may not be accurate."
01308884 10 0.6661290150632714 57261.32400000021 4.7922776857944886e-14 0.6500000000007703 0.49868969921792766 6.383036057544533e-06 2.6811903808265924e-09 1.665334536937798e-17 4.019029553603559e-11 0.0042418176233331994 23469.602554636473 5.0 -26.84833241095632 2.26235641283931 57278.247 57345.255 0 10 "Covariance may not be accurate."
01308957 19 0.472249915743472 57272.658502211845 2.7755575615628915e-18 1.2401694272318724 0.32813088845072724 0.6603827229067315 31.35276295622316 0.03333555016805983 0.43122328181655883 0.7370532113805096 152.99159276688414 14.0 -15.70475120335356 1.4631302549354146 57253.334 57373.055 3 16 "Covariance may not be accurate."
01309288 6 0.5170095867736489 56977.99554572344 2.7838842342475803e-15 0.65747429972551 0.5000613908732382 0.6361922720886732 0.11222920560248895 6.022959908591473e-16 0.00045894693175219103 0.0032065477925091457 7.1580486648128465 1.0 -23.085949007779114 2.2437483965842446 56963.244 57061.06 1 5 "Covariance may not be accurate. Covariance not positive definite. Covariance forced positive definite."
01309492 30 0.28304302319983693 56948.255792956144 1.7763568394002506e-16 0.6646129752760475 0.5000998954755719 0.001045405317890491 1.294787580263801e-05 0.0 6.747602463608171e-06 3.6066432075043675e-05 24350.558576714637 25.0 -18.555301094045785 2.2263244283340136 56963.265 57066.064 0 30 "Covariance may not be accurate."
01309749 19 0.39223245766092757 56935.467816999415 0.0 0.8384442604370075 0.5000333711117521 0.0 0.0 0.0 0.0 0.0 991.0859179535377 14.0 inf nan 56956.156 57067.046 0 19 "Hesse Failed. Covariance may not be accurate. Covariance not positive definite."
01310338 26 0.45599973316123177 56934.15079496358 1.332267629550188e-16 1.1607416714821457 0.15348443913306647 0.6324604671526843 24.064588054141495 0.030746551556738194 0.4382715183261412 0.731302763714438 2101.434485413677 21.0 -20.163026853342593 1.5201545016262834 56949.115 57052.039 0 26 "Covariance may not be accurate."
01310395 18 0.8445803857453272 56966.69192965301 6.9111383282916e-16 0.6914353188646631 0.5001158521212996 0.060955949704517454 0.7665435152775899 1.4849232954361468e-16 0.08162946002991811 0.006933725327450735 1837.146904769562 13.0 -22.877201769351085 2.1633616738096215 56956.206 57052.037 2 16 "Covariance may not be accurate. Covariance not positive definite. Covariance forced positive definite."
01312274 32 0.48530720555072004 56969.311153783936 2.7755575615628915e-18 0.650000174522288 0.0021730248909997973 0.6400456590579451 29.639919713015843 0.030849239771905144 0.3700538508331118 0.5948335885431826 979.0229428293401 27.0 -16.392070114038496 2.2623387772181047 56956.143 57052.1 4 28 "Covariance may not be accurate."
01313594 12 0.609038309341064 56997.997900654234 5.828670879282072e-16 1.170416645172083 0.49979849429842826 0.6560582129773648 28.064795813694218 0.035855591892584575 0.4965648355686862 0.7477397705462443 1015.5261918229168 7.0 -21.820361798793016 1.5125303438889226 56973.038 57051.053 3 9 "Covariance may not be accurate."
01314897 25 0.08660603802597122 57258.3406909159 9.436895709313832e-17 1.0645007422241823 0.499865736726523 0.4653496059538976 25.107736139507324 0.03159756472371893 0.3919975945736787 0.7203381283301061 1410.4348015824319 20.0 -15.038095075995038 1.6060076120800382 57273.337 57372.07 0 25 "Covariance may not be accurate."
01315192 7 0.7489520175896204 57007.8255139944 4.1910919179599663e-16 0.7466729696965168 0.1933349509565025 0.6704756606040971 29.654490700271708 0.03163202817223551 0.3434460264887256 0.5956674291094561 588.8848111479613 2.0 -22.632986630437575 2.0448915387005577 56987.196 57052.098 3 4 "Covariance may not be accurate."
01315259 10 0.8748015759009169 56966.058686791286 1.920685832601521e-15 0.6500003892911825 0.4999977436899635 0.002714035380719404 0.11683235996679286 4.85722573273506e-17 0.0002755580450568007 2.7226198303725857e-05 4197.503750866614 5.0 -24.081641178036328 2.262355486283383 56980.181 57049.068 0 10 "Covariance may not be accurate."
01315296 27 0.5020709261111089 56993.7199899825 1.1102230246251566e-17 0.6500000429531098 0.002136032059261328 0.6425450152511403 28.909025844797725 0.030787808265297666 0.3695214069833636 0.5950092072371332 642.9670196637918 22.0 -17.985970013067437 2.2623391072797148 56973.185 57049.07 7 20 "Covariance may not be accurate."
01316385 11 0.7315153699109338 57019.22787313223 2.1183055309847988e-14 0.6973767098642586 0.5053976108017988 2.191710404142455e-05 0.0009337473602499813 2.6367796834847152e-17 1.0179932902532052e-05 0.00901250783505192 991.0920139057242 6.0 -26.199844212005615 2.149866412752754 57001.175 57066.03 5 6 "Covariance may not be accurate."
01316431 10 0.7698604736576444 56986.16000102971 5.742628594873622e-15 0.677843452097496 0.5000323201078483 0.6496893743230576 24.599688432968833 0.030746224565157795 0.41565921297930697 0.7103753422379615 9430.192514589355 5.0 -24.927796342994483 2.1948173066277192 57001.162 57052.098 0 10 "Covariance may not be accurate."
01316437 13 0.4663593167669745 57000.09239338763 2.7755575615628915e-18 1.0393508913498677 0.29636441264258717 0.6467736118348067 30.056040240575385 0.03187663873366142 0.44102968503420553 0.7583629009521395 375.25203787530467 8.0 -15.72709963478794 1.6309643720659217 56980.197 57052.1 3 10 "Covariance may not be accurate."
01316465 11 0.8803018530238935 57014.72724383753 1.2184697695261095e-15 0.6500040413947226 0.5000001519639822 0.01586338480377686 0.2641028512880439 6.383782391594652e-17 5.886746159611267e-05 8.170521828443356e-06 7876.526796180747 6.0 -23.604385632826208 2.2623462958370197 57001.183 57066.064 3 8 "Covariance may not be accurate. Covariance not positive definite. Covariance forced positive definite."
01317164 5 0.48069604199122906 57263.935112159474 4.093947403305265e-15 0.6500240094973114 0.5072480766762617 0.6379060374369098 20.1104658889235 0.03074622567577701 0.36735558190458706 0.7120130253662371 61.76334004809032 0.0 -23.302965472811024 2.2622960716152463 57315.181 57355.159 0 5 "Covariance may not be accurate."
01317277 12 0.8802660041408435 56998.515082047146 7.216449660063518e-16 1.0507133771862 0.497766140074955 4.295150918087742e-05 0.00694761392151122 1.387778780781416e-18 9.477244675004659e-05 0.01604568325819425 1172.7355418550092 7.0 -23.041055041246295 1.6195642644626531 56987.073 57052.037 3 9 "Covariance may not be accurate."
01317286 14 0.8999987944993376 57010.03207210701 1.3933298959045715e-15 0.650148208383242 0.4613184724396505 1.1092583962479807e-07 0.10538789543352323 0.0 1.031723597166856e-06 0.0037635376927985797 2253.0693079783905 9.0 -23.901125484810052 2.261982131691827 56987.073 57052.037 6 8 "Covariance may not be accurate."
01317454 10 0.4770385929192409 56996.242665558144 2.7755575615628915e-18 1.2291012664653789 0.30852864654647716 0.638274626587723 29.260786568218464 0.030845690716260615 0.4104369040635491 0.6507029811113135 442.84490989071213 5.0 -15.765300746322186 1.4703919206700888 56987.033 57051.04 3 7 "Covariance may not be accurate."
01317666 22 0.8993948562067279 57266.6292993479 5.465072838717333e-15 0.6500002292348804 0.4999987585543195 0.0004316725786685516 0.047845451186731225 5.412337245047646e-17 4.602498208872152e-05 1.674661018116752e-05 11100.138816575947 17.0 -25.291561613921562 2.2623558891095605 57278.217 57356.106 0 22 "Covariance may not be accurate."
01319366 17 0.6418719852223779 57293.96748423848 1.865174681370263e-15 0.6759994511214458 0.5000546319679758 0.0014761565855343495 0.10140565282199532 1.0824674490095272e-16 0.018457073661972745 0.03764650530406538 3567.7556016091894 12.0 -23.22186829091831 2.1991525485324814 57276.312 57372.102 5 12 "Covariance may not be accurate. Covariance not positive definite. Covariance forced positive definite."
01319821 10 0.7602429002553779 57002.05201353836 2.3592239273284576e-16 1.1956354769722424 0.5000744819423669 0.000156728273060458 0.010672485128452536 6.938893903907228e-18 8.91939606723069e-05 0.6633544229608956 1482.164973486006 5.0 -21.428223082998013 1.4935583590916508 56992.125 57067.099 2 8 "Covariance may not be accurate. Covariance not positive definite. Covariance forced positive definite."
01320166 10 0.515792875543686 56976.11801072105 2.7755575615628915e-18 1.049484130881158 0.021097495258262156 0.6750914896386846 26.553671468936955 0.03357178664414761 0.4684532947406345 0.6705390730391764 528.0702942196245 5.0 -16.52101411388818 1.6207742191120253 56991.113 57049.046 0 10 "Covariance may not be accurate."
01322229 7 0.01285801008903953 57023.16100115766 6.106226635438361e-17 1.243037782313778 0.6763622638667619 0.525664618926819 20.417604957347066 0.030759883328997456 0.3412574924633344 0.6563102129541812 45.92398428612324 2.0 -9.985342722670037 1.4612750102782712 57001.076 57039.041 4 3 "Covariance may not be accurate."
01322979 9 0.4839783460189875 57020.34662225458 5.551115123125783e-18 0.6500000176146824 0.10515580431512289 0.6627201437002848 31.1179462594082 0.033165947746329326 0.3979431564067697 0.7198170579789139 3748.24133549039 4.0 -16.961217759846136 2.2623425353497026 57008.04 57061.074 3 6 "Covariance may not be accurate."
01324542 9 0.47610292297560264 57036.084085722774 1.3877787807814457e-17 0.7448985526895138 0.4919172250900251 0.0006752807016006945 0.2986689710851351 0.0 0.001068628604659727 0.0022398466274855255 186.55147442135203 4.0 -17.134661152315417 2.048435535391146 57011.089 57067.101 4 5 "Covariance may not be accurate."
01325358 7 0.39460886727526745 57019.137491358306 2.7755575615628915e-18 1.1365676449786593 0.0024461759971821095 0.6248917544383834 30.404843927201 0.03181963569286286 0.4555291567536066 0.5935787499644216 126.58289355683286 2.0 -15.856110722285344 1.540072114366282 57008.067 57047.038 3 4 "Covariance may not be accurate."
01327978 10 0.8836214860194631 57268.4317037765 5.018208071305708e-15 0.7754420053998773 0.50000567608356 0.6254775196235511 24.202309357930062 0.03235363119223691 0.442775954718324 0.7278305212504613 223.21984897010498 5.0 -25.15133451682196 1.9901519344847642 57283.131 57373.038 0 10 "Covariance may not be accurate."
01328066 20 0.47943855183962153 57288.11216371072 5.551115123125783e-18 1.2387117411539608 0.041393628395081206 0.6400443772590149 29.757477971641492 0.03095054437185581 0.40344791280323505 0.689220433648828 325.5796709971163 15.0 -17.049116418956633 1.4640694298251127 57273.098 57379.048 4 16 "Covariance may not be accurate."
01328105 42 0.09283118154301251 57288.480827154526 8.326672684688674e-17 0.8316925087564446 0.4995933917145717 0.6370341295985528 30.144604498549597 0.03143334253554598 0.3900761631477278 0.7184777090370345 554.4718674633878 37.0 -15.062934631012627 1.895441880053653 57273.096 57386.046 7 35 "Covariance may not be accurate."
01329166 17 0.3756426246278496 57256.57424297962 2.7755575615628915e-18 1.231148434196532 0.013350536313909867 0.6222981949015016 20.007255005282786 0.032602725646262126 0.33734909461817847 0.660144135071643 511.55652939788945 12.0 -15.712501244611431 1.4690278195425108 57277.334 57401.075 0 17 "Covariance may not be accurate."
01329196 20 0.42829623351834323 57261.44575385163 1.1102230246251566e-17 0.6500000000367134 0.038797348497075945 0.6275394349668828 25.09057809152364 0.030922623847025182 0.3710695080825705 0.6872560743940463 793.939664472462 15.0 -17.513266912855222 2.262340290400676 57277.321 57406.112 0 20 "Covariance may not be accurate."
01329312 31 0.024253622199484348 57296.70157070356 7.771561172376097e-17 0.9060861204032173 0.49907755203215115 0.49699988134772477 29.73814292541283 0.030956325235482 0.436890383284773 0.7127872172614913 442.2538983341617 26.0 -11.967219013555603 1.7872564445522379 57283.189 57389.086 5 26 "Covariance may not be accurate."
01329615 34 0.08304184076530052 57290.10424727483 5.828670879282072e-17 1.1381729060680685 0.49792575682401347 0.009495370932334303 0.004821430982701713 0.0 7.578748622827369e-05 0.00015856588317439413 287.37936271602825 29.0 -14.423092020820018 1.5387263369404884 57278.301 57385.111 6 28 "Covariance may not be accurate."
01330031 13 0.7195440781001863 57281.9144690244 3.7883585157771907e-14 0.9024016035331948 0.5015060810374307 0.239181917665111 0.5548177907658101 1.6583956430338276e-14 0.18678578598597256 0.002771079306781832 9036.689729094076 8.0 -26.793086371500166 1.792282693305836 57291.079 57376.04 0 13 "Covariance may not be accurate."
01330426 16 0.6188733461079565 57312.662330225605 3.4416913763379854e-16 0.9551898661962007 0.5194154638299364 0.7368125760973967 26.426816960200085 0.0379830920710834 0.4525607260852527 0.7597077277045002 9176.753832946299 11.0 -21.25928050371251 1.7239528610668238 57288.213 57387.181 3 13 "Covariance may not be accurate."
01330642 17 0.14883608391917133 57295.672725761484 4.163336342344337e-17 1.1644458710322416 0.4971077576323331 0.482206684878474 0.001989160202356288 0.0 2.86913047324866e-05 6.839597571703382e-05 606.6171302413607 12.0 -15.421976100678535 1.5172181825431323 57283.189 57403.073 2 15 "Covariance may not be accurate."
01330903 20 0.4859475500669991 57290.61133257788 5.551115123125783e-18 0.9818152423079789 0.0733348211073494 0.6438310222700736 29.91549640048106 0.031152561393055393 0.4206631632426156 0.5116109491014398 327.72376993784303 15.0 -17.029393944758873 1.692605591726707 57276.314 57396.101 4 16 "Covariance may not be accurate."
01331123 17 0.568899939023272 57282.03185824086 2.2398749521812534e-15 0.9315722328718656 0.5000620518608135 0.008818225162160798 0.0031757655488036107 1.901256929670581e-16 0.031088541907961786 0.04004666555630848 1466.920162293985 12.0 -23.10127489495676 1.7535224183046516 57297.032 57386.044 0 17 "Covariance may not be accurate. Covariance not positive definite. Covariance forced positive definite."
01331993 30 0.8999732461531775 57279.87747228387 2.7755575615628915e-18 0.6500000000596504 0.06466695452259863 0.5593560787424066 20.92818007563983 0.03130582328701593 0.37566728336316363 0.7035355855092993 1080.938091577452 25.0 -17.92886653137453 2.2623411249306535 57291.17 57403.073 0 30 "Covariance may not be accurate."
01332059 18 0.48591119872298094 57291.8747323925 5.551115123125783e-18 0.6500234088303434 0.05112879373819512 0.6397236422124374 28.122496897696692 0.030813394616591803 0.3681722096412313 0.5105012941983122 294.73629845653835 13.0 -17.067647533152176 2.2622817743930668 57288.201 57403.101 2 16 "Covariance may not be accurate."
01332413 17 0.619165201600071 57290.009385828846 1.1934897514720432e-16 0.6500116227513217 0.5002228023806025 0.013946052472982085 0.00416603754638345 0.0 8.480979156733071e-07 0.00015991014415572824 298.4872047891091 12.0 -20.14131466669728 2.2623272183556047 57299.144 57403.064 0 17 "Covariance may not be accurate."
01333246 30 0.5117229203907163 57284.2295059799 6.938893903907228e-17 0.8409382711430262 0.4477803623683099 0.6487203695812581 24.63222762689111 0.03112465722103124 0.3934771568247406 0.7212200806328007 248.3122606417799 25.0 -19.172660374793548 1.8811516224190292 57299.22 57403.101 0 30 "Covariance may not be accurate."
