analysis_pipeline/fit_results/des_5_salt2_2.4_all.ecsv
# %ECSV 0.9
# ---
# datatype:
# - name: obj_id
#   datatype: string
# - name: num_points
#   datatype: int64
# - name: z
#   datatype: float64
# - name: t0
#   datatype: float64
# - name: x0
#   datatype: float64
# - name: x1
#   datatype: float64
# - name: c
#   datatype: float64
# - name: z_err
#   datatype: float64
# - name: t0_err
#   datatype: float64
# - name: x0_err
#   datatype: float64
# - name: x1_err
#   datatype: float64
# - name: c_err
#   datatype: float64
# - name: chi
#   datatype: float64
# - name: dof
#   datatype: float64
# - name: b_max
#   datatype: float64
# - name: delta_15
#   datatype: float64
# - name: tmin
#   datatype: float64
# - name: tmax
#   datatype: float64
# - name: pre_max
#   datatype: int64
# - name: post_max
#   datatype: int64
# - name: message
#   datatype: string
# schema: astropy-2.0
obj_id num_points z t0 x0 x1 c z_err t0_err x0_err x1_err c_err chi dof b_max delta_15 tmin tmax pre_max post_max message
01248677 59 0.40315194752351535 56555.12369416462 3.216973684237457e-05 1.2438021972687014 -0.19886563627196274 3.4001517702775264e-06 0.00013346098057809286 2.4515136251984716e-07 0.08753520866681486 0.004650019153977988 254.59596220566846 38.0 -20.003706695947777 0.8416469710308938 56538.281 56629.123 10 49 "Covariance may not be accurate."
01250017 60 0.14150530679899126 56553.654433087606 0.00011697211950624787 1.0415861284118542 0.012466464760424123 0.005267705459955502 0.06665995680668857 1.4980568801142846e-06 0.10761429169025094 0.009620601138191881 56.43348698905346 40.0 -18.821031317267735 0.8686172935858103 56534.233 56616.08 19 41 "Minimization exited successfully."
01253039 74 0.5780328979415975 56576.16267501172 1.519425658265683e-05 0.32583075180007093 -0.22801047333808486 0.013077889622855332 0.28600179207569454 3.4616816807914073e-07 0.24811022376619984 0.014614943666804492 46.91469693873664 49.0 -20.128390350103114 1.0035913758946897 56547.268 56653.094 28 46 "Minimization exited successfully."
01253101 68 0.4691259411555732 56578.341278837004 1.4932576879861382e-05 1.2362331221931218 0.023801578535259327 0.025056599044437133 0.5465390613971977 4.619550340340119e-07 0.3799750217090052 0.02614113057872025 56.52106712505417 46.0 -19.560629870106975 0.8357047006848539 56543.092 56657.052 24 44 "Minimization exited successfully."
01253920 58 0.23089524513228438 56583.53728958196 0.00010158300178168268 -0.7576618869378953 -0.15680164824569617 5.30852176022778e-07 8.040704415179789e-05 9.207833285854186e-07 0.06964770174332302 0.008152514087030063 80.82072021559324 38.0 -19.848418949250828 1.2138290684424007 56559.19 56649.173 20 38 "Covariance may not be accurate."
01255502 29 0.1934911840958457 56593.39758335546 0.0002262807116129223 1.2233130868820687 -0.12942379461372625 6.844090153085292e-07 2.221287286374718e-05 8.301028136864502e-06 0.18650703115456002 0.02497535120047137 10.148394502127125 9.0 -20.28789913718076 0.8428988878333392 56563.266 56653.077 8 21 "Minimization exited successfully."
01257366 40 0.26161210880578045 56612.02367407263 4.6279149202937964e-05 -0.05070436610027862 0.019826684600802447 1.004754748210046e-05 0.00043670992454281077 1.555926048746327e-06 0.46132622938953394 0.028195245676631203 15.983103723836045 20.0 -19.302578349998136 1.0616036706801673 56590.341 56682.089 7 33 "Minimization exited successfully."
01257695 48 0.15359567501054786 56613.187720739785 0.00013164622011058725 0.36961501895670956 -0.07662200142353365 0.00747859308312418 0.06862937470214092 1.5205860397549039e-06 0.06969387948116523 0.00798830829296611 115.70606277780396 31.0 -19.143778053162265 0.988931782933193 56590.025 56675.078 17 31 "Minimization exited successfully."
01258906 56 0.3749380962337097 56622.11070432185 2.0383862729433935e-05 0.29177197918649966 -0.02539331385038046 0.01767335670666606 0.4665430830573314 8.159328528725696e-07 0.3782280184543674 0.04350531306612092 34.26558956348467 36.0 -19.319432268388383 1.0006509105503412 56594.012 56695.038 18 38 "Minimization exited successfully."
01258940 70 0.6272211683094107 56622.05610758155 1.3325149623488741e-05 0.46378348384173584 -0.2333598218765449 0.021483834768739718 0.4856478790206893 5.13471667659693e-07 0.2881100933437011 0.021901077506588013 40.58526812223704 47.0 -20.202168578723327 0.9786654760669329 56590.311 56697.043 23 47 "Minimization exited successfully."
01259412 47 0.3399137206984593 56625.0623705431 3.676059141011212e-05 1.2670719131448154 -0.09281851965600707 1.7608649647837815e-06 1.3418521120911464e-05 3.2705093364754356e-07 0.12929978580299695 0.0073286895469360375 45.770075502341044 30.0 -19.711133606797787 0.8343889901750501 56602.144 56697.078 11 36 "Minimization exited successfully."
01261579 40 0.3263691667589434 56638.53357541453 3.0369230279261863e-05 -0.18349281329328093 0.000998986225486831 0.007343569877565653 0.11795619095573784 3.487356996359512e-07 0.10526154341056815 0.014444839899035944 26.388834540418298 25.0 -19.399175836749002 1.0878975877326482 56615.111 56697.079 12 28 "Minimization exited successfully."
01262214 68 0.6508069998214684 56656.966907558766 5.792062073356475e-06 0.3149600961892616 -0.0859347580390927 0.027846201498206047 0.4345835807362164 1.0251016199086527e-07 0.2684780361483854 0.02068811675244739 75.08086595464431 63.0 -19.393091837739505 0.999246175026844 56625.224 56698.051 30 38 "Minimization exited successfully."
01262715 46 0.5310272798165236 56658.08265943884 6.84869519236575e-06 0.7249027948023574 0.15040547785404795 0.020367365835546825 0.40519766333454754 1.4060067958371328e-07 0.3059111073502536 0.04861600738812222 33.08645900248764 28.0 -19.03897858765529 0.9168249622371825 56625.224 56697.09 21 25 "Minimization exited successfully."
01263369 36 0.26142310416278486 56665.175902519084 3.228880695508307e-05 0.1408313969938968 0.009294790924279817 0.01941085000809556 0.2757703853130806 7.257750270314716e-07 0.2770280081477017 0.03499218503858956 17.299242791980404 22.0 -18.910057971990103 1.0265142841046035 56645.136 56697.043 16 20 "Minimization exited successfully."
01263715 35 0.2637812307346984 56666.974905522286 3.944460407504791e-05 0.4476570043555994 0.003010568175027095 0.02138162404962224 0.20527688088986906 8.921259195271425e-07 0.30492483283373284 0.03701357360263857 16.366922148884303 21.0 -19.149913472691967 0.9714043130239247 56645.05 56694.039 15 20 "Minimization exited successfully."
01275946 72 0.32612062815134385 57262.72737109178 7.388141346491573e-05 1.7968223097598823 -0.1730847740870768 6.632495188618748e-07 3.222389568691142e-05 7.382173629694191e-07 0.11336590073135211 0.006074604689482094 210.9315557769284 48.0 -20.365853377180084 0.7485990336488335 57248.373 57329.035 15 57 "Minimization exited successfully."
01279500 45 0.27644458024919155 57252.27813623388 5.8736435211573236e-05 0.6737125062294087 -0.07574720434932888 4.364475185453243e-06 0.0001757922836986836 3.480205183689633e-07 0.12102989541653542 0.005958173370344044 39.07169023537273 29.0 -19.699360917512237 0.9349509932483677 57249.293 57319.287 4 41 "Covariance may not be accurate."
01280217 63 0.3662715089365191 57250.43254532034 2.0811005324886112e-05 1.9999964984834584 0.041470621858699874 0.019042018523104165 1.627872643115552 6.958464533232668e-07 0.5804722130195703 0.04096690297918104 87.18273635214135 41.0 -19.284171069729084 0.7093152840538615 57248.388 57329.175 4 59 "Minimization exited successfully."
01281668 83 0.3876212407660002 57272.643049939266 3.661043811996889e-05 0.7315657630836063 -0.21838158962393955 1.0529576060513968e-06 4.111910311621614e-05 5.266172288465023e-07 0.18117021565031233 0.011671691653350372 59.284942842628496 56.0 -20.043110009622637 0.9303496065638654 57248.373 57342.028 20 63 "Covariance may not be accurate."
01281886 70 0.3378980044178579 57266.98315898626 2.2266792665984195e-05 0.24980971453047474 0.04742451195573155 0.019881741173920386 0.4791840340622002 1.2062922632019566e-06 0.4589239613073439 0.04745361355809702 50.8356472767675 46.0 -19.150568635119004 1.0047665210895218 57248.388 57345.234 16 54 "Minimization exited successfully."
01282736 72 0.34175848698420136 57265.93718755729 1.4562615393556855e-05 -1.062018793614096 0.1872266173453609 0.020184792157588533 0.47963174000688014 9.186026053903399e-07 0.47375369607850404 0.05388246389161594 38.637707436165215 47.0 -18.719368727727073 1.2541148450808706 57249.279 57346.032 15 57 "Minimization exited successfully."
01283373 61 0.26765786682124565 57268.69612516765 6.18600366558475e-05 -1.0767044047530554 -0.146804566882025 4.458577451682544e-09 1.197264646179974e-05 9.811173119114697e-07 0.1574048112774915 0.015429522095550943 49.863560553744584 38.0 -19.67480207053223 1.2833137330412931 57249.423 57332.081 9 52 "Covariance may not be accurate."
01283878 56 0.3138079879067102 57265.454601613164 2.497654460234533e-05 -0.8731933869864572 0.025489507316979465 0.0028033328565750526 0.39847765103331767 1.4376589990747208e-06 0.4681483373124977 0.04022650787336224 6.337415715812131 37.0 -19.08750732758966 1.22588711042388 57249.293 57339.187 13 43 "Covariance may not be accurate. Covariance not positive definite. Covariance forced positive definite."
01283936 85 0.38437351400527964 57268.05433750423 1.0953414991279888e-05 -0.48769220067917995 0.14982771696575303 0.03686278801096715 0.903997252949921 8.319935370024178e-07 0.7272963809716132 0.11478949164993021 27.704329853857114 57.0 -18.70944813629901 1.1381685012072538 57248.373 57347.084 20 65 "Minimization exited successfully."
01285160 72 0.6336681953281728 57271.506065514026 5.259890025097192e-06 -0.3429411882950868 0.1259556736437159 0.019867756539282744 0.572803670369467 1.820019482165482e-07 0.31396197924201497 0.05215310799313874 56.278105859275584 50.0 -19.217714217389066 1.111336852490119 57249.403 57372.178 12 60 "Minimization exited successfully."
01285317 92 0.605602337912736 57269.124347853285 8.855152347053696e-06 0.38357927262829783 -0.12249495364756838 0.07698838905133659 1.2728826427955937 6.789679349000764e-07 0.6208941570776907 0.0665765810940831 50.51124378257096 63.0 -19.663515817002803 0.9884488792622221 57248.373 57356.127 20 72 "Minimization exited successfully."
01286398 52 0.1949941189697027 57271.39564804002 0.00010167475941931238 -1.740102012345665 -0.05324008235623409 1.8359953299768028e-06 0.00012720730592263862 1.5495260811293515e-06 0.08750317113281747 0.013197119308406738 38.32546156486822 34.0 -19.435417647029347 1.4347715752565833 57249.293 57331.145 13 39 "Covariance may not be accurate."
01287626 23 0.25239162940214294 56682.57797833904 3.464967079063186e-05 0.31705306047143544 0.09819781853726162 0.031599485296134905 0.3617019091216207 7.463554717951328e-07 0.4537723888343552 0.06097017075665076 11.262287016277657 12.0 -18.90020262292795 0.9902334952656631 56653.047 56697.072 16 7 "Minimization exited successfully."
01289288 81 0.34822409640474317 57274.61282763783 2.6496350210347686e-05 -0.8823908432630772 0.0008814198605012757 0.5184204024243224 76.5087471516199 0.03057688184922085 3.472996367462697 0.42642277769144243 35.2664665265207 53.0 -19.41498538443517 1.2296376016528043 57248.373 57347.084 19 62 "Covariance may not be accurate."
01289555 79 0.5640311840047332 57274.96389461204 1.0970045692798581e-05 0.6223851487622909 -0.12711782341186764 0.03721256508004206 1.1156258172050002 6.52712955927226e-07 0.5715951922714622 0.06548879131380535 63.8020710015024 53.0 -19.708490318636546 0.9460196036526227 57248.388 57365.115 16 63 "Minimization exited successfully."
01289600 64 0.7298550360504746 57286.74579403482 1.1000973940242243e-05 0.7990221843354526 -0.20751680124031732 0.007668037494828417 0.3737300196371507 1.886003625217736e-07 0.14232442337062778 0.010135161132742765 61.90531235607918 43.0 -20.397231597863932 0.9181373125229939 57253.285 57365.221 14 50 "Minimization exited successfully."
01289656 75 0.5223686068634811 57269.199375922966 9.084678504314714e-06 -0.09122248812407463 -0.019290429759602212 2.2683202371975852e-08 0.0008542328141629696 4.861690349591824e-07 0.6147941571807312 0.056566135699566825 30.42644105281238 49.0 -19.30074470865231 1.0713788258791723 57249.423 57355.245 10 65 "Covariance may not be accurate."
01289664 64 0.3137735326909466 57279.54264747932 4.958156281391624e-05 -0.9280142914750966 -0.09944671390229914 0.5673275151200323 7.891993664088659e-05 2.3281557030158107e-07 0.05158406752045397 0.014058241080023043 78.88237790236674 41.0 -19.83206356079525 1.246748390735057 57252.303 57345.234 17 47 "Covariance may not be accurate. Covariance not positive definite. Covariance forced positive definite."
01290779 44 0.3498499617069296 56891.65700903496 1.736311338822183e-05 -1.1631939244677376 0.03187786735731496 0.012905534424688114 0.5891648375363729 4.7191559504750035e-07 0.46249391188356104 0.031987566367413456 27.538004276316684 27.0 -18.967867242649874 1.2889471227181986 56887.39 56973.322 8 36 "Minimization exited successfully."
01290816 40 0.2756174271414785 56892.56170645924 6.210237802321827e-05 1.0270212678245203 -0.06901386308450219 4.73714602194919e-06 0.00023272148246178403 5.484177577744207e-07 0.1407207257332319 0.0075432490605748664 141.577151622423 25.0 -19.752668104846908 0.8739766347449383 56887.39 56960.278 8 32 "Minimization exited successfully."
01291080 52 0.5791349032196901 56887.1551905863 1.154699739606413e-05 -0.5704461068972697 -0.0584507409623862 0.05327167771073532 2.4456510047166375 7.075689873264898e-07 0.977475774726184 0.08268687254233324 42.52702940713089 33.0 -19.832393113553955 1.1682337530434523 56887.268 56973.078 0 52 "Minimization exited successfully."
01291090 51 0.33890193038886185 56906.08017715051 4.62900611530731e-05 1.5139701972705017 -0.12767491541069892 1.221764588360541e-06 8.026236173463985e-05 1.0565015122365733e-06 0.1787502137886796 0.016219092816672886 44.96600832399676 32.0 -19.954509921960696 0.7943230475179028 56887.211 56973.028 12 39 "Minimization exited successfully."
01291794 72 0.4661453023849864 57279.317707587594 1.7818285619200513e-05 0.11062122655741513 -0.03953900164043045 0.025742130610047875 0.8838219392564497 6.999154638961953e-07 0.5387800794638056 0.03088962762729057 33.73967856687539 49.0 -19.734924664355056 1.034533462480887 57252.289 57356.174 22 50 "Minimization exited successfully."
01291957 60 0.36307875746776375 56905.44006183336 2.461992988789519e-05 0.4510700095191478 -0.04405475456053903 0.02505865470987187 0.4861498817699612 1.0548711149721557e-06 0.33009642297530095 0.04820276871769563 85.21435110869776 40.0 -19.442522235807758 0.9728832961882361 56877.179 56980.031 16 44 "Minimization exited successfully."
01292145 73 0.5481839123912606 57275.35672198246 6.8811692179482355e-06 0.6813506365513033 0.022244558506403056 0.03468037604528973 1.3162309021317924 4.2297102965938027e-07 0.8236777631951973 0.08796474806395542 35.617783934570966 49.0 -19.126406427463507 0.9296386189537174 57252.289 57356.174 15 58 "Minimization exited successfully."
01292195 81 0.823381399802217 57280.63658120595 3.0059461094689155e-06 0.2436500631563825 0.008923604086341852 0.06426864055529857 1.1552758214056666 2.4204381578601924e-07 0.5333216474806219 0.1789569434187605 70.83124573581958 57.0 -19.308960712250478 1.0077463281734076 57249.403 57389.163 16 65 "Minimization exited successfully."
01292332 49 0.4086322450686226 56903.26653206224 4.925976884535555e-05 0.83340958936666 -0.2669333440759952 0.01027758538433829 0.28561341470776824 1.5758455680303665e-06 0.2488079450557832 0.018717384314927657 30.750261372482143 32.0 -20.502253120326042 0.9142767923072412 56890.328 56973.19 5 44 "Minimization exited successfully."
01292336 49 0.24914574981489462 56901.9150656004 4.642670190003751e-05 -0.1800302919804695 0.043832102409454954 0.013382621001692185 0.22028081128155463 1.065186351190129e-06 0.2250227658139894 0.027010301772730255 50.37465371699048 32.0 -19.18508662529704 1.0848157383969586 56890.328 56973.19 5 44 "Minimization exited successfully."
01292560 48 0.23689855918344915 56904.66167338851 8.158498844669793e-05 0.285712530050624 -0.1259094742280417 0.009631455645821713 0.21682521600087057 1.33935663561707e-06 0.14055738633134585 0.02070395246684091 104.19487496014747 30.0 -19.673768144982155 1.0064022616133421 56890.263 56973.042 7 41 "Minimization exited successfully."
01293319 57 0.32772817680814065 56913.683594335074 4.018872762967529e-05 1.9999944324874281 -0.043098047411781915 1.618078493498265e-06 4.910216375719756e-05 4.7195026429970555e-08 1.071456872070442e-05 0.0005474645067219119 51.540452224282646 37.0 -19.71613568106474 0.7114837196811301 56887.268 56980.072 12 45 "Covariance may not be accurate."
