analysis_pipeline/fit_results/des_5_sn91bg_color_interpolation_all.ecsv
# %ECSV 0.9
# ---
# datatype:
# - {name: obj_id, datatype: string}
# - {name: num_points, datatype: int64}
# - {name: z, datatype: float64}
# - {name: t0, datatype: float64}
# - {name: x0, datatype: float64}
# - {name: x1, datatype: float64}
# - {name: c, datatype: float64}
# - {name: z_err, datatype: float64}
# - {name: t0_err, datatype: float64}
# - {name: x0_err, datatype: float64}
# - {name: x1_err, datatype: float64}
# - {name: c_err, datatype: float64}
# - {name: chi, datatype: float64}
# - {name: dof, datatype: float64}
# - {name: b_max, datatype: float64}
# - {name: delta_15, datatype: float64}
# - {name: tmin, datatype: float64}
# - {name: tmax, datatype: float64}
# - {name: pre_max, datatype: int64}
# - {name: post_max, datatype: int64}
# - {name: message, datatype: string}
# schema: astropy-2.0
obj_id num_points z t0 x0 x1 c z_err t0_err x0_err x1_err c_err chi dof b_max delta_15 tmin tmax pre_max post_max message
[from data line 50]
01295256 60 0.4789366783860165 56891.918681501964 2.7755575615628915e-18 0.6500000031066749 0.030283232516249148 0.6696895871900068 21.78628233481504 0.034483110129894814 0.41377637597034295 0.6800636785590302 3731.086470885237 55.0 -16.312270584291262 2.262340022328413 56904.295 57012.089 0 60 "Covariance may not be accurate."
01295305 63 0.6212840270572106 56875.3378725832 4.163336342344337e-17 1.239275377130349 0.5172838829699139 0.6569122467308993 23.974561779436044 0.030747739325023886 0.3330425472279744 0.7142352467810549 3253.131620733467 58.0 -18.97970643390019 1.4637154930318559 56890.285 57005.143 0 63 "Covariance may not be accurate."
01295921 54 0.49912101361856825 56914.06511534063 4.4408920985006264e-17 1.2462580689036593 0.277539001420975 0.6414470086716493 21.286229102934158 0.030746291792606396 0.3482312198980478 0.7395315191412408 307.51571924358086 49.0 -18.945755491680508 1.4591919443168848 56890.386 56990.201 8 46 "Covariance may not be accurate."
01296273 63 0.494276483865621 56896.337882618296 2.7755575615628915e-18 0.9824807402062948 0.04409403186898586 0.6487749164957115 23.881423281021853 0.03142359321627009 0.43865959601112103 0.518410901769243 6543.715482100826 58.0 -16.371531330178563 1.6918476773686173 56903.383 57003.049 0 63 "Covariance may not be accurate."
01296321 51 0.46875829280104986 56930.668010776404 7.494005416219807e-17 0.7165675777781754 0.5667972520724031 0.6380159419711782 24.795670125706238 0.030978317113760402 0.3245575009755972 0.7273397236379415 8961.700368767235 46.0 -18.7947158060261 2.107412074147188 56915.265 56990.188 12 39 "Covariance may not be accurate."
01296657 32 0.461247387412306 56906.835436451365 2.275957200481571e-16 0.6500000000000639 0.44425017648669857 5.9330657120493235e-05 0.002349624159251107 0.0 2.391655096189993e-09 0.06058059073695493 5170.74154403536 27.0 -20.199204059947846 2.262354451660716 56904.221 56987.079 4 28 "Covariance may not be accurate."
01297026 56 0.6000461195413318 56902.881884901755 9.159339953157542e-17 1.1386151151636503 0.04189305910685687 0.693370968239278 27.30655474367086 0.03347974616488452 0.34647128163768154 0.6895877585500556 7160.730116215598 51.0 -20.681308027744155 1.5383394989197932 56903.237 57001.099 0 56 "Covariance may not be accurate."
01297465 62 0.41715603290153513 56897.273357780985 8.049116928532386e-17 1.112039339517929 0.044826344622419134 0.644003237258115 26.775829248501395 0.03394621321541226 0.47901344089966896 0.5175616127660903 20974.345664665958 57.0 -19.585961611954115 1.5614824151249032 56912.258 57008.065 0 62 "Covariance may not be accurate."
01298281 58 0.47167525208283256 56914.39929708126 1.0547118733938988e-16 1.1357897903214265 0.5774613355335012 0.639860401038462 26.696450726147305 0.031082423678886265 0.44626950605635834 0.7307932187740731 5484.698407224834 53.0 -19.163150704516596 1.5407473056670256 56915.265 57003.049 0 58 "Covariance may not be accurate."
01298893 22 0.4749947584547371 56937.45883148196 7.494005416219807e-17 1.2200560622833834 0.3086929963597126 0.6619760752540937 28.26650898053049 0.03344024506203573 0.452958630445092 0.6538686126458851 1517.473470496816 17.0 -19.332242718746578 1.4764500218594172 56915.299 56992.068 7 15 "Covariance may not be accurate."
01299643 66 0.1688296435154712 56897.35333577381 1.0269562977782698e-16 0.6517520350103359 0.254393405699187 0.5226026064400039 26.537510022113565 0.03353806611631057 0.386505527881679 0.6226520797748581 5158.019988533465 61.0 -17.17821084865006 2.257952441363642 56912.344 57018.078 0 66 "Covariance may not be accurate."
01299775 37 0.5328290679054634 56932.221843152816 2.525757381022231e-16 1.24981530764307 0.7089005515525473 0.6472356531374829 29.4859105184114 0.030746233187660663 0.3664427058812228 0.739174118884689 2962.9832680036484 32.0 -20.167458691228504 1.456912084393636 56920.298 57004.045 4 33 "Covariance may not be accurate."
01299785 64 0.018702856540075377 56933.74277934258 2.026157019940911e-16 0.650000000007116 0.500017503914707 0.018225134969032247 0.0059569993427430745 0.0 5.264163437934677e-07 3.7424329857177474e-05 438.63063727550366 59.0 -12.431811533208784 2.262356466073676 56920.291 57025.079 8 56 "Covariance may not be accurate."
01300516 69 0.6506458898274126 56936.45255122364 2.7755575615628915e-18 1.2415094836463099 0.23499328358032529 0.6756515853512817 30.326845897503517 0.03177383889121339 0.3474882612392088 0.6174781012556039 7078.361250351023 64.0 -16.715134827870934 1.4622585707914126 56923.288 57025.093 15 54 "Covariance may not be accurate."
01300912 65 0.4944957506360145 56936.08392604959 1.942890293094024e-17 1.0706687666142416 0.001441149925584917 0.6861998939677432 34.69418349605621 0.03981120582379842 0.36347299071184574 0.5986327267622458 7754.160848207948 60.0 -18.55493096743385 1.600022381020441 56920.196 57019.147 13 52 "Covariance may not be accurate."
01301933 61 0.48282310889170155 56948.52407304087 5.551115123125783e-18 0.7161619096842093 9.827694213981886e-13 1.4326188133212403e-05 0.00017108484462369233 0.0 6.287464460019709e-06 0.00022516457414889501 43663.66618015075 56.0 -17.134689202670273 2.108273660465251 56924.193 57025.117 15 46 "Covariance may not be accurate."
01302058 56 0.8998669542615482 56925.99729812015 6.050715484207103e-16 0.6500000344900676 0.004014714795971097 5.2590221788495484e-08 6.7253004090162e-05 1.3877787807814654e-18 6.952846076657693e-10 0.005240994049748066 22346.15644309151 51.0 -23.875296823314407 2.262339180874413 56935.363 57025.079 0 56 "Covariance may not be accurate."
01302141 91 0.49655531639794687 57234.326633868164 2.7755575615628915e-18 0.6581891528327718 0.0016405591424531463 0.6437608450411256 27.11249671999758 0.030965250346924537 0.3993019168561709 0.5975201329597866 630.120715404427 86.0 -16.45272904937847 2.241972074244856 57248.403 57365.044 0 91 "Covariance may not be accurate."
01302187 50 0.3935415081906429 56910.619679747004 7.494005416219807e-17 1.2499975687890608 0.8228114212121995 0.0014139924491461398 0.026707967273978284 1.387778780781447e-18 0.3722656884549855 0.00641522002953282 2543.0220997667325 45.0 -17.8429999329333 1.4567945153650363 56925.328 57019.148 0 50 "Covariance may not be accurate."
01302523 56 0.5249350373245111 57250.76226684151 1.1379786002407856e-16 0.9452865084690745 0.46983713487523365 0.6508416409121333 22.803805082057806 0.031102124231197303 0.42728854123627685 0.7070185059042392 4051.565710386472 51.0 -19.72672704045464 1.7361483522440508 57265.24 57372.059 0 56 "Covariance may not be accurate."
01302648 57 0.7256661284204685 56936.20941389014 5.551115123125783e-18 0.650000030410364 0.007241416099245224 0.6571319861032909 29.459191507550713 0.03081212059869314 0.36968838400577236 0.5775869227474089 7540.811524949826 52.0 -18.199585482309757 2.2623392816363364 56925.158 57017.08 9 48 "Covariance may not be accurate."
01303004 72 0.13249833413785966 56919.38120458059 2.4424906541753446e-16 1.0970331433091904 0.4950507300166891 0.4998804977711907 26.017575621455762 0.03289720327063682 0.4680082774329673 0.7308594965910824 16193.964647854433 67.0 -17.0726816532362 1.5751481196632753 56934.371 57033.047 0 72 "Covariance may not be accurate."
01303279 43 0.5002428622065372 56960.94985343706 2.8310687127941495e-16 1.058091800997087 0.006592486475463399 0.6416619308671156 29.417651291096263 0.030746641769249277 0.4470051191248137 0.5793608722787956 3628.673300965071 38.0 -21.485720131386895 1.6122586572661497 56943.23 57033.169 9 34 "Covariance may not be accurate."
01303496 41 0.6181636364728648 56960.68308740333 2.1094237467877976e-16 0.7035577591057712 0.3529441241708793 0.6794191414969573 30.666797084333666 0.032196659934965545 0.3065143511676682 0.667262842915416 5637.854720212026 36.0 -21.06921106468724 2.1359895847821946 56943.178 57032.15 7 34 "Covariance may not be accurate."
01303883 73 0.49436107099551696 57270.24431147997 1.1102230246251566e-17 0.6500546420411657 0.18597225112919202 0.6470554815729549 28.67653620548299 0.0312737439510193 0.3727888319037868 0.7358807172262765 9582.75851951013 68.0 -17.60753788482557 2.262208687924865 57265.223 57356.127 4 69 "Covariance may not be accurate."
01303952 84 0.52144318651712 57261.47130506699 5.551115123125783e-18 0.7260416702736368 0.040623599436947544 0.6496464172326584 29.739637814374873 0.031058501722250945 0.33125700211703407 0.5225270963550109 938.8719887302499 79.0 -17.269944517552936 2.0871564580155493 57249.279 57373.057 12 72 "Covariance may not be accurate."
01304127 83 0.6315960774171567 57262.779499175165 2.7755575615628915e-18 0.6500003768105816 0.026180237034465814 0.727257012067899 32.811897853796836 0.036202268961917784 0.4341906029913516 0.67608643077701 782.3497347546183 78.0 -17.04680242367603 2.262338958841106 57249.279 57373.058 12 71 "Covariance may not be accurate."
01304442 16 0.7649341028770026 56933.264424012326 2.7755575615628914e-16 0.6500156057144104 0.050280062587302554 3.319925704403648e-06 0.0001393030324834399 5.551115123125788e-18 3.182340135854389e-08 0.9138780675266348 3115.001729534998 11.0 -22.51717253777531 2.262301382254215 56943.114 57029.056 0 16 "Covariance may not be accurate."
01304678 49 0.5018398417630052 56958.98654385889 1.0824674490095277e-16 0.7799194591449459 0.9992177983046477 0.004283842005826544 3.017280416817812 1.3877787807814407e-18 0.02389077266662576 0.002869652077118423 583.300026629579 44.0 -18.50626811693404 1.9820415243166032 56943.23 57033.168 8 41 "Covariance may not be accurate."
01305504 60 0.4957787291769112 56928.22734196349 0.0 1.210215903166229 0.5000147674982073 0.0 0.0 0.0 0.0 0.0 11414.31854642032 55.0 inf nan 56943.192 57052.047 0 60 "Hesse Failed. Covariance may not be accurate. Covariance not positive definite."
01305626 55 0.08073944329550566 56934.1281766798 1.1379786002407856e-16 0.9746766869189505 0.4986701080188042 0.17849164196750855 3.475391713436693e-05 0.0 3.135845817892058e-05 5.131893552828837e-05 33700.558868226435 50.0 -15.083125152932702 1.7008154525331065 56949.125 57049.055 0 55 "Covariance may not be accurate."
01306029 74 0.08978342970112696 57261.823489439 5.551115123125783e-17 0.6821565038885897 0.4983439899814451 0.46802630873254397 30.52290328552408 0.032027196311282494 0.4360321683955181 0.7242984311033432 1187.4591559150715 69.0 -14.548739418602366 2.1847428364906385 57248.388 57355.217 12 62 "Covariance may not be accurate."
01306073 56 0.48125178623908516 56934.12508849287 8.326672684688675e-18 0.9543006504547923 0.03303467403431265 0.6739991133430097 28.25628408558623 0.035192738273644095 0.44565403355362954 0.5321347460538782 6020.551837645933 51.0 -17.513100987738863 1.7250225040558256 56949.124 57049.056 0 56 "Covariance may not be accurate."
01306141 65 0.18740933884378064 56957.575215110155 6.938893903907228e-17 0.650000073741377 0.48479665855338927 0.6561007422746803 29.235018881445285 0.031047534390442503 0.37248033357801663 0.710340732406265 5392.393346628174 60.0 -16.558735040628754 2.262355682128547 56949.337 57051.151 4 61 "Covariance may not be accurate."
01306360 76 0.5850218101629306 57261.78449625027 3.053113317719181e-17 1.2499014471986347 0.6695537352090396 0.6540994217933314 26.133675155771925 0.03075592383753218 0.3721671994511841 0.7369623134389157 467.5220569685811 71.0 -18.20489009854401 1.4568567874407528 57249.423 57355.245 7 69 "Covariance may not be accurate."
01306390 68 0.527009631071262 57267.426020893996 8.049116928532386e-17 0.6895650794430171 0.5001239408221273 0.012106507185737136 0.21422301671555033 2.7755575615628877e-18 0.0357294163831427 0.15666772461760198 232.1755737228894 63.0 -19.288820816624845 2.167640656488878 57253.401 57355.23 8 60 "Covariance may not be accurate. Covariance not positive definite. Covariance forced positive definite."
01306537 76 0.0963706315132298 57264.15748750066 5.828670879282072e-17 1.2267087629074334 0.8828467411375707 0.20734090912774422 0.16274111012535286 0.0 0.0026106045092437746 0.003537855754422503 1267.8582189012402 71.0 -14.039680629592485 1.4719853368466431 57265.363 57372.241 0 76 "Covariance may not be accurate."
01306626 73 0.48455943573066007 57240.41213197666 1.0269562977782698e-16 0.7000241994973726 0.0037324858557312712 0.6659566705655042 26.724903974805784 0.033580349521014664 0.4645462459515666 0.6397231708790068 2815.236380314804 68.0 -20.30608568153742 2.143886749752454 57255.41 57355.245 0 73 "Covariance may not be accurate."
01306785 42 0.4986064153161631 57264.05234478607 1.942890293094024e-17 0.681159913685375 0.15528486475791908 0.6591484329781028 30.810977262950473 0.03230564022488427 0.43910996587236245 0.731612928916064 279.29057077338456 37.0 -18.30172385775656 2.1870517967842282 57248.419 57311.114 14 28 "Covariance may not be accurate."
01306980 86 0.6217399350957252 57268.861076969406 0.0 0.9694394789309642 0.5001059440444174 0.0 0.0 0.0 0.0 0.0 398.6862156179589 81.0 inf nan 57252.229 57372.039 16 70 "Hesse Failed. Covariance may not be accurate. Covariance not positive definite."
01306991 72 0.8999999999999727 57251.7234090643 1.2767564783189302e-16 0.7357076311490833 0.09580081722051148 0.5716757735743871 21.81717243778985 0.0321166192835208 0.4557421735616361 0.5309251758652598 409.21230236428596 67.0 -22.030334688871186 2.0670385448358672 57265.209 57365.044 0 72 "Covariance may not be accurate."
01307277 70 0.03265436913219865 57269.410312150634 9.992007221626409e-17 0.8739947568331317 0.6527251755801904 0.6011402352425261 25.832086567261285 0.03074959012085683 0.4046329612057226 0.6652406793868259 270.07298999807404 65.0 -12.625439921714793 1.8321786384635068 57256.292 57365.115 8 62 "Covariance may not be accurate."
01307830 59 0.08597494372653804 57242.28329920485 1.4432899320127036e-16 0.7210891496438422 0.4779012941091831 0.0028777089956191354 0.0001640070040593855 0.0 0.00011161927306940767 0.0002917668008153018 5067.901599765376 54.0 -15.535524956401645 2.097688591586497 57257.281 57365.196 0 59 "Covariance may not be accurate."
01308314 74 0.20957728281694202 56960.210495138315 8.326672684688674e-17 0.6566486014866353 0.5000811666745894 0.5447687249934663 30.031089794036234 0.031374605374568494 0.3474245826664273 0.7179468750133811 4134.386581697959 69.0 -16.99102397494967 2.245784969972277 56943.178 57051.151 12 62 "Covariance may not be accurate."
01308326 63 0.5045122387898432 56974.28479469094 1.2212453270876723e-16 0.6500287035462751 0.09989859895396569 0.6427268190446507 29.38276278731064 0.030767378711409915 0.3674536933897092 0.7181268387440796 5615.699177204864 58.0 -20.435530355665342 2.2622701509049463 56956.141 57045.113 16 47 "Covariance may not be accurate."
01308568 72 0.26651494618734706 57278.6567581959 2.7755575615628914e-17 0.6501490798092158 0.47651063590056536 0.5756473788542008 0.023373698462819448 0.0 9.39225155149881e-06 0.0014301113408891897 226.70902221814993 67.0 -16.446593121418584 2.261980479116726 57256.269 57379.066 15 57 "Covariance may not be accurate."
01308582 57 0.01055263149527931 57250.60635802834 1.8873791418627663e-16 1.248883311496245 0.20788739028528697 0.5564838771977727 26.743946980219334 0.031462913418069914 0.36594410524348014 0.6021492746221914 1272.8344011305069 52.0 -11.6869226940454 1.4575021546646383 57265.24 57366.076 0 57 "Covariance may not be accurate."
01308884 48 0.483482010225938 57292.12580984123 1.304512053934559e-15 0.6500000001870748 0.8492736116927977 1.0178428156981667e-06 3.837370240944438e-05 0.0 2.429140222304227e-11 0.003861063448043933 115338.50332852526 43.0 -21.42985828192782 2.2623564431493115 57276.324 57355.251 12 36 "Covariance may not be accurate."
