analysis_pipeline/fit_results/des_4_sn91bg_color_interpolation_blue.ecsv
# %ECSV 0.9
# ---
# datatype:
# - {name: obj_id, datatype: string}
# - {name: num_points, datatype: int64}
# - {name: z, datatype: float64}
# - {name: t0, datatype: float64}
# - {name: x0, datatype: float64}
# - {name: x1, datatype: float64}
# - {name: c, datatype: float64}
# - {name: z_err, datatype: float64}
# - {name: t0_err, datatype: float64}
# - {name: x0_err, datatype: float64}
# - {name: x1_err, datatype: float64}
# - {name: c_err, datatype: float64}
# - {name: chi, datatype: float64}
# - {name: dof, datatype: float64}
# - {name: b_max, datatype: float64}
# - {name: delta_15, datatype: float64}
# - {name: tmin, datatype: float64}
# - {name: tmax, datatype: float64}
# - {name: pre_max, datatype: int64}
# - {name: post_max, datatype: int64}
# - {name: message, datatype: string}
# schema: astropy-2.0
obj_id num_points z t0 x0 x1 c z_err t0_err x0_err x1_err c_err chi dof b_max delta_15 tmin tmax pre_max post_max message
[from data line 106]
01314897 25 0.455 57258.383318606946 8.326672684688674e-17 1.2147676389978836 0.0245510356697643 0.0 24.01520812776289 0.03074745651110661 0.4202167790672396 0.6743914340992566 1405.0339675896657 21.0 -19.881110332795274 1.4800445787061243 57273.337 57372.07 0 25 "Covariance may not be accurate."
01315192 7 0.455 57008.059484192505 5.412337245047638e-16 0.7420154932189925 0.20487266719427671 0.0 32.46985220406714 0.03521692080833695 0.32128315387447287 0.601977747514089 261.9552665874206 3.0 -21.56985779218584 2.0542121280569425 56987.196 57052.098 3 4 "Covariance may not be accurate."
01315259 10 0.455 56997.92800452721 5.495603971894525e-16 0.6719492078328113 0.4979923823246992 0.0 29.414055458018993 0.030746229490335564 0.41133337459146124 0.7099047450561236 953.2486599412189 6.0 -20.996152222688142 2.2087362079179975 56980.181 57049.068 3 7 "Covariance may not be accurate."
01315296 27 0.455 56994.098507138595 1.332267629550188e-16 0.6500011900349862 0.5390494215355349 0.0 0.01743636817263905 0.0 7.491523042468806e-06 0.014984492221578105 318.5821547571386 23.0 -19.38932708588605 2.262353606142394 56973.185 57049.07 7 20 "Covariance may not be accurate."
01316385 11 0.455 57022.188784383674 8.962275366286577e-15 0.7473930749924464 0.5000157631791391 0.0 28.721843721461482 0.030746926911777543 0.3465159462252512 0.7103805790650932 1599.8328395512851 7.0 -24.022184602822787 2.043471361868665 57001.175 57066.03 5 6 "Covariance may not be accurate."
01316431 10 0.455 56986.21851350745 1.3683498778505056e-15 0.9802640671552059 0.36169087484824514 0.0 23.940981933770672 0.030746232644849145 0.4186212753789527 0.6703690516736349 10212.578607445448 6.0 -22.278811983264205 1.6943838093304464 57001.162 57052.098 0 10 "Covariance may not be accurate."
01316437 13 0.455 56999.29450960546 2.7755575615628915e-18 0.8439838657635815 0.005952640067270587 0.0 30.79762424478031 0.032584026428737874 0.4611759556371061 0.5811920076729657 368.9164305536489 9.0 -16.218264223018604 1.8764941526644883 56980.197 57052.1 3 10 "Covariance may not be accurate."
01316465 11 0.455 57019.49255045309 1.6098233857064772e-16 1.24945534877923 0.4964099152807717 0.0 29.3439519179301 0.030751730163840144 0.37643192916320894 0.7096070740568585 4067.68243624909 7.0 -19.66694522173968 1.4571423186464365 57001.183 57066.064 4 7 "Covariance may not be accurate."
01317164 5 0.455 57265.12200650494 3.4444669338995484e-15 0.6505171511729738 0.5149290866808391 0.0 29.681217163037218 8.049116928532381e-17 0.5205736547690872 0.14894472423059063 61.023617113459395 1.0 -22.96019632468803 2.2610560917117866 57315.181 57355.159 0 5 "Covariance may not be accurate."
01317277 12 0.455 56998.20298862525 5.051514762044462e-16 0.6649978174973281 0.5000630837355587 0.0 0.07355349415229284 2.4980018054066032e-17 0.011475006187553649 0.06361894092884152 756.9167982411471 8.0 -20.899618287934583 2.225394073862322 56987.073 57052.037 3 9 "Covariance may not be accurate. Covariance not positive definite. Covariance forced positive definite."
01317286 14 0.455 56998.71724875536 2.1094237467877976e-16 1.1728005883704387 0.46250679707199976 0.0 32.80224725782682 0.03768217196334328 0.4357354116277656 0.7302498482471615 6180.837305402566 10.0 -20.040486600057637 1.510678421314239 56987.073 57052.037 4 10 "Covariance may not be accurate."
01317454 10 0.455 56996.140691875655 0.0 0.8638388752939363 0.5001015455083906 0.0 0.0 0.0 0.0 0.0 507.0066033434403 6.0 inf nan 56987.033 57051.04 3 7 "Hesse Failed. Covariance may not be accurate. Covariance not positive definite."
01317666 22 0.455 57258.343393307114 1.1379786002407855e-15 0.6504426390883121 0.018738577590949934 0.0 1.8529666704125702e-05 4.1633363423442976e-18 7.206118503577663e-07 0.034778487235893885 11027.289310588294 18.0 -22.729718094694608 2.26122653466658 57278.217 57356.106 0 22 "Covariance may not be accurate."
01319366 17 0.455 57293.61222112444 8.576472865229335e-16 0.7814712674892208 0.5000732234179492 0.0 0.028829332513851114 3.191891195797321e-17 0.030767703790054113 0.03319807137662106 2645.3276450765798 13.0 -21.474320195089522 1.9792604946002257 57276.312 57372.102 5 12 "Covariance may not be accurate. Covariance not positive definite. Covariance forced positive definite."
01319821 10 0.455 57001.90381020303 6.383782391594651e-17 1.2019850833369596 0.28729234017139865 0.0 30.300655736868066 0.032437989954637265 0.300544157599907 0.6414918614414254 1449.0823478402465 6.0 -19.082551181576527 1.4889884537187754 56992.125 57067.099 2 8 "Covariance may not be accurate."
01320166 10 0.455 56976.11799802433 0.0 1.0626144900461396 0.5001451570965547 0.0 0.0 0.0 0.0 0.0 549.9782464340373 6.0 inf nan 56991.113 57049.046 0 10 "Hesse Failed. Covariance may not be accurate. Covariance not positive definite."
01322229 7 0.455 57025.5225677832 4.718447854656916e-17 1.2499097466636617 0.55943092482887 0.0 22.75679696597581 0.031047454466205174 0.3720299149757755 0.7267765203518135 52.821349197613536 3.0 -18.227772380422977 1.4568512625497618 57001.076 57039.041 5 2 "Covariance may not be accurate."
01322979 9 0.455 57020.55938926509 2.7755575615628915e-18 0.6500000000000034 0.0003891548382125576 0.0 29.57809772964538 0.03081401876678089 0.3697682078269534 0.6065369443827382 3980.673871045107 5.0 -16.227066998094713 2.262339166996778 57008.04 57061.074 3 6 "Covariance may not be accurate."
01324542 9 0.455 57033.93101391785 8.326672684688675e-18 0.8415681518470477 0.2178177775439109 0.0 20.30314118262322 0.032653338736300615 0.4621123376611635 0.6038533452331096 220.50622438964766 5.0 -17.00816982942162 1.8801831398728552 57011.089 57067.101 4 5 "Covariance may not be accurate."
01325358 7 0.455 57020.53674109309 5.551115123125783e-18 1.1968594708774987 0.03747599203649782 0.0 30.91014993992576 0.03244947259404597 0.45152735356518564 0.6862190846279927 101.44147501994006 3.0 -16.919565843342518 1.4926584433857357 57008.067 57047.038 3 4 "Covariance may not be accurate."
01327978 10 0.455 57307.91720414152 3.663735981263017e-16 1.237299552296188 0.34079542949323205 0.0 23.962701123629813 0.03166226688725497 0.32969861600702804 0.6671224432429126 4.65729399565876 6.0 -20.886710071395186 1.4649995324106975 57283.131 57373.038 6 4 "Covariance may not be accurate."
01328066 20 0.455 57288.10708418365 5.551115123125783e-18 1.2383739654622743 0.0473290324846688 0.0 29.785126082922943 0.030983711013007134 0.4043227195898698 0.6933858351420612 325.18600862773246 16.0 -16.903029967307255 1.4642896341416929 57273.098 57379.048 4 16 "Covariance may not be accurate."
01328105 42 0.455 57288.46100958955 8.326672684688675e-18 0.8473511215792698 0.4956885951685314 0.0 29.874909894486336 0.031099518498451866 0.39602306253695985 0.7113510336503166 1211.4831319667219 38.0 -16.45294513382992 1.871407460866859 57273.096 57386.046 7 35 "Covariance may not be accurate."
01329166 17 0.455 57253.26135181467 2.7755575615628915e-18 1.173389667575823 0.5002026670493602 0.0 0.0006315558930509724 0.0 0.000204262133587374 0.41824522658804475 524.1230713637025 13.0 -15.249220008186438 1.5102240268567506 57277.334 57401.075 0 17 "Covariance may not be accurate. Covariance not positive definite. Covariance forced positive definite."
01329196 20 0.455 57251.25744817556 2.7755575615628915e-18 0.6997373574915541 0.03109366692798815 0.0 25.93976901503629 0.03206459426092341 0.4452081234028194 0.6808052543883505 832.5090229260946 16.0 -16.177569146098246 2.144532091953561 57277.321 57406.112 0 20 "Covariance may not be accurate."
01329312 31 0.455 57296.78828869051 5.828670879282072e-17 0.9152664721393757 0.0953067407092213 0.0 31.499803978873388 0.03353805644006407 0.45317161470732953 0.5305256235928586 593.0712935175881 27.0 -19.37167681721612 1.7748820904653009 57283.189 57389.086 5 26 "Covariance may not be accurate."
01329615 34 0.455 57290.08286587863 1.942890293094024e-17 1.157547342087231 0.07165681010071301 0.0 29.80093141546604 0.031190766854324023 0.34210579895843723 0.7069700350468431 573.0417842583029 30.0 -18.221259768526878 1.522715126364261 57278.301 57385.111 6 28 "Covariance may not be accurate."
01330031 13 0.455 57279.70465184364 8.570921750106209e-15 1.0550311788317095 0.5009837791285556 0.0 0.022439117055910174 8.743006318923124e-17 0.008135742846393512 0.00011830378342392311 10547.4251840493 9.0 -23.972181914179636 1.6152866828738368 57291.079 57376.04 0 13 "Covariance may not be accurate."
01330426 16 0.455 57301.90424480246 2.1926904736346843e-16 0.6508007547570913 0.5074218306806139 0.0 29.576400979236496 0.031090291178000086 0.3822912321260379 0.7164149201762006 12292.027374642275 12.0 -19.98185379914729 2.260343764104711 57288.213 57387.181 1 15 "Covariance may not be accurate."
01330642 17 0.455 57307.98520509685 1.3877787807814457e-17 1.2446011625525266 0.39359542148688204 0.0 25.754088076617336 0.030753130395859543 0.34394602171078975 0.7300061636064122 713.2003419850321 13.0 -17.232433494664495 1.4602619275758855 57283.189 57403.073 4 13 "Covariance may not be accurate."
01330903 20 0.455 57290.56570685808 2.7755575615628915e-18 1.1179415928074175 0.0001841042664094683 0.0 29.67261065047569 0.03085081205601901 0.365946209963738 0.6091740888530418 360.6589889521573 16.0 -16.22739022833813 1.5562237916643085 57276.314 57396.101 4 16 "Covariance may not be accurate."
01331123 17 0.455 57282.03092766344 1.096345236817342e-15 1.0251669022666416 0.47762431253475995 0.0 0.02019159480187227 3.0531133177191746e-17 0.13821314463289902 0.12569300215914486 1533.1713126645286 13.0 -21.794966123061798 1.645524205600399 57297.032 57386.044 0 17 "Covariance may not be accurate."
01331993 30 0.455 57276.17930617278 0.0 1.1429011451413842 0.5001736859572197 0.0 0.0 0.0 0.0 0.0 1116.7069205714677 26.0 inf nan 57291.17 57403.073 0 30 "Hesse Failed. Covariance may not be accurate. Covariance not positive definite."
01332059 18 0.455 57292.07673450547 2.7755575615628915e-18 0.6500000002021296 0.0007429092802025417 0.0 28.243582891620463 0.030965517391888617 0.37158158707881533 0.626217342548309 304.6559812889153 14.0 -16.22650938010213 2.2623391762641276 57288.201 57403.101 2 16 "Covariance may not be accurate."
01332413 17 0.455 57290.44171035084 5.551115123125783e-18 0.6500000000183848 0.2056849767467031 0.0 23.32119440299357 0.034813421165056035 0.41775947425893084 0.737710022374202 452.079996252838 13.0 -16.59552415384656 2.262347244212652 57299.144 57403.064 0 17 "Covariance may not be accurate."
01333246 30 0.455 57284.22907493392 1.0547118733938988e-16 0.8596022903639194 0.500118263762695 0.0 0.026215731992124347 6.938893903907235e-18 0.19272624038133834 0.18402403977370613 231.09588206803667 26.0 -19.198812035773813 1.8531317503318299 57299.22 57403.101 0 30 "Covariance may not be accurate. Covariance not positive definite. Covariance forced positive definite."
01333438 31 0.455 57282.355138257924 1.0547118733938988e-16 0.8615642213568188 0.03423472375601222 0.0 25.194911476886773 0.03183353574081396 0.40358794431934386 0.6835588376225953 681.4676573783502 27.0 -20.12183498492431 1.8502303962510602 57297.346 57404.045 0 31 "Covariance may not be accurate."
01334084 14 0.455 57334.16915968731 5.745404152435186e-16 1.1850336947536535 0.0024196598377594913 0.0 29.233996757091518 0.030746229437883802 0.43249035141448194 0.5937058258579946 248.30040523408945 10.0 -22.01378843762511 1.5013563395827632 57315.206 57396.099 4 10 "Covariance may not be accurate."
01334087 4 0.455 57328.33744420884 1.2462253451417384e-15 0.6500000000580373 0.312709249313424 0.0 0.0009636220820539165 1.5265566588595824e-17 5.487804655146533e-10 0.12507489006483402 59.890349432507094 0.0 -22.265678566490266 2.2623511191864907 57315.208 57403.099 2 2 "Covariance may not be accurate."
01334302 17 0.455 57286.10746291837 4.163336342344337e-17 1.2499253622589768 0.8043675479796928 0.0 23.86653928526721 0.030761976490881547 0.36612224321161485 0.7370244420917691 222.8682327717791 13.0 -17.611487433681972 1.4568410281343915 57301.037 57407.046 0 17 "Covariance may not be accurate."
01334423 28 0.455 57315.3209619806 2.7755575615628915e-18 0.6500000004730948 0.001994223741887291 0.0 28.0228194355077 0.030886577194110306 0.3706317889642323 0.5956963224757499 1841.336814463012 24.0 -16.224534649960606 2.2623392102430344 57312.14 57408.055 2 26 "Covariance may not be accurate."
01334448 16 0.455 57286.282669687214 5.551115123125783e-18 1.2433183167222732 0.0010092212137260415 0.0 25.37112903016532 0.031478675980236286 0.4036015575097546 0.6280519544130441 65.31291389832253 12.0 -16.978664525485904 1.4610793691546995 57301.284 57402.053 0 16 "Covariance may not be accurate."
01334470 15 0.455 57320.08225233135 2.7755575615628915e-18 0.6500004521671695 0.001518953892752417 0.0 29.734525787131133 0.030922653150046067 0.37085027340968074 0.5981903076095181 402.41147720615726 11.0 -16.225285108081774 2.262338060393599 57305.283 57402.053 4 11 "Covariance may not be accurate."
01334597 12 0.455 57317.05021498546 2.525757381022231e-16 0.6500000060032228 0.2555982507981545 0.0 0.0005962904542684555 1.3877787807814407e-18 1.7954374098572146e-09 0.15631448873238318 15217.671336088031 8.0 -20.627366437241744 2.2623500566154924 57315.241 57406.101 1 11 "Covariance may not be accurate."
01334620 15 0.455 57321.89155572988 4.940492459581947e-16 0.6500125844466886 0.7518607787147921 0.0 0.09968182213196997 6.938893903907228e-18 0.0004142459657009989 0.012060405757957304 905.7907178467361 11.0 -20.38357165052566 2.2623260542753023 57311.282 57403.062 3 12 "Covariance may not be accurate."
01334644 15 0.455 57321.49671325137 1.5543122344752193e-16 0.6500000000000136 0.09574841445874505 0.0 30.292310017095588 0.032282540342689604 0.387390540226719 0.5308828464037668 717.3676689249224 11.0 -20.435790922886035 2.2623422240120945 57311.282 57403.062 3 12 "Covariance may not be accurate."
01334645 12 0.455 57330.62836329172 6.050715484207103e-16 1.1664603782238876 0.7946709981535862 0.0 0.20893998726387508 0.0 0.01590502183798459 0.008979297725955293 771.84514881809 8.0 -20.533855437174196 1.5156284121330401 57311.282 57403.062 3 9 "Covariance may not be accurate."
01334707 31 0.455 57291.666827677334 1.665334536937735e-17 1.0376461526499148 0.6439648716785324 0.0 0.029023830978985643 0.0 0.016588290584870657 0.00030854297669330455 2871.9349290090267 27.0 -16.940571631952494 1.632699095773841 57304.307 57426.071 0 31 "Covariance may not be accurate."
01334879 16 0.455 57287.24644199256 1.3877787807814457e-17 1.1836479412680312 0.1278213858921904 0.0 24.4320816559557 0.030787626851707696 0.32527900985917063 0.7260247904046352 1294.8151237281904 12.0 -17.752439163302988 1.502398583449871 57302.267 57425.071 0 16 "Covariance may not be accurate."
01335472 14 0.455 57315.76795512987 2.7755575615628915e-18 0.6500000001439648 0.0038184110449391295 0.0 28.47693821635403 0.03099254724525247 0.3719066430658823 0.639995938881624 505.5607021753726 10.0 -16.22164940529398 2.2623392618270373 57311.025 57403.049 2 12 "Covariance may not be accurate."
01335564 15 0.455 57322.251330817555 0.0 1.230263717311317 0.5001073909574145 0.0 0.0 0.0 0.0 0.0 214.77836010330182 11.0 inf nan 57311.284 57427.068 3 12 "Hesse Failed. Covariance may not be accurate. Covariance not positive definite."
01335694 11 0.455 57348.056837007345 4.135580766728708e-16 1.0982109263773072 0.45356836043556237 0.0 3.543545972366701 1.3877787807814407e-18 0.0026670828241444067 0.006234001645674003 777.7726443279884 7.0 -20.791582253820923 1.5740610899997058 57325.214 57408.053 5 6 "Covariance may not be accurate."
