analysis_pipeline/fit_results/des_5_sn91bg_color_interpolation_all.ecsv
# %ECSV 0.9
# ---
# datatype:
# - {name: obj_id, datatype: string}
# - {name: num_points, datatype: int64}
# - {name: z, datatype: float64}
# - {name: t0, datatype: float64}
# - {name: x0, datatype: float64}
# - {name: x1, datatype: float64}
# - {name: c, datatype: float64}
# - {name: z_err, datatype: float64}
# - {name: t0_err, datatype: float64}
# - {name: x0_err, datatype: float64}
# - {name: x1_err, datatype: float64}
# - {name: c_err, datatype: float64}
# - {name: chi, datatype: float64}
# - {name: dof, datatype: float64}
# - {name: b_max, datatype: float64}
# - {name: delta_15, datatype: float64}
# - {name: tmin, datatype: float64}
# - {name: tmax, datatype: float64}
# - {name: pre_max, datatype: int64}
# - {name: post_max, datatype: int64}
# - {name: message, datatype: string}
# schema: astropy-2.0
obj_id num_points z t0 x0 x1 c z_err t0_err x0_err x1_err c_err chi dof b_max delta_15 tmin tmax pre_max post_max message
01248677 59 0.09932635750110905 56523.283128464034 1.942890293094024e-17 1.1870693260461023 0.498653375549913 0.47576796993366255 24.722821917526744 0.030750645712232558 0.32283795545574306 0.7101140261499751 67474.70712651359 54.0 -13.641699038080603 1.4998520588221034 56538.281 56629.123 0 59 "Covariance may not be accurate."
01250017 60 0.8888369386071261 56523.52419840747 1.537658889105842e-15 0.6504517990330108 0.6334092172123377 3.5619463190084133e-07 4.450812048162334e-05 0.0 5.918948697836157e-08 0.006567846668267929 45296.86317087881 55.0 -23.649418322047072 2.2612208007497223 56534.233 56616.08 0 60 "Covariance may not be accurate."
01253039 74 0.49605146582326415 56532.27775409089 0.0 0.9850548357618611 0.5001543647184886 0.0 0.0 0.0 0.0 0.0 6114.554930270215 69.0 inf nan 56547.268 56653.094 0 74 "Hesse Failed. Covariance may not be accurate. Covariance not positive definite."
01253101 68 0.16461677395339372 56528.09285051376 8.604228440844963e-17 0.6565536813445653 0.4892821976345394 0.21666557588438135 0.0003044748882530257 0.0 0.00013194625466733667 0.0011093125953489935 2482.0458537925188 63.0 -16.469591501711413 2.246018965122822 56543.092 56657.052 0 68 "Covariance may not be accurate."
01253920 58 0.502035433412831 56544.19504556856 1.9984014443252818e-16 0.802455474180058 0.01599960153252189 0.6425787963289926 24.82105236206553 0.03079088376257063 0.3760219865204362 0.558455923215595 25837.715881521774 53.0 -21.101839817467557 1.9427944541418398 56559.19 56649.173 0 58 "Covariance may not be accurate."
01255502 29 0.4245156558452609 56548.26691603931 1.304512053934559e-16 0.8082474612463891 0.15458444014124606 3.117280790840282e-05 1.3443448551697657e-05 0.0 1.861017616788807e-05 0.8402434886047945 10964.42147157647 24.0 -19.95266201367984 1.9331183744400846 56563.266 56653.077 0 29 "Covariance may not be accurate."
01257366 40 0.058655697526781424 56578.94104786456 1.304512053934559e-16 1.2166848383230662 0.2798465500256816 0.4529572508937162 20.97898582561902 0.03093067961014046 0.3048166280690417 0.7394803504908067 1703.1778041566993 35.0 -14.941214787099472 1.478741184181441 56590.341 56682.089 0 40 "Covariance may not be accurate."
01257695 48 0.4762836450364755 56575.030206680276 3.0531133177191805e-16 1.2337263298370615 0.49368575210606364 0.0005750011599979787 0.002788242909446126 6.938893903907228e-18 0.45723663000200504 0.002553504261582351 36878.05147554047 43.0 -20.487406382802767 1.4673432519344338 56590.025 56675.078 0 48 "Covariance may not be accurate."
01258906 56 0.4327032448691632 56579.01392528378 5.551115123125783e-17 1.1470817417773747 0.484719304287644 0.637117140608692 27.237823726165516 0.03388211133912698 0.33823097605895674 0.7337589694226871 2419.306472215166 51.0 -18.409031135427167 1.53127365532524 56594.012 56695.038 0 56 "Covariance may not be accurate."
01258940 70 0.4738233368828585 56575.33578522127 5.551115123125783e-18 0.9132667396468895 0.006517790209280783 0.6686155362294561 27.210483206818026 0.0346305409617579 0.43074529846280785 0.6472828378782247 1901.51085201393 65.0 -17.07534436558587 1.7775527124250807 56590.311 56697.043 0 70 "Covariance may not be accurate."
01259412 47 0.060053382273187905 56614.87057937688 8.604228440844963e-17 1.1322015927412854 0.4819672771034863 0.0035616573419450133 0.002626420548040187 0.0 4.9382798909314296e-05 9.990208267848799e-05 12674.716294247062 42.0 -14.14535108346817 1.5438105726370068 56602.144 56697.078 7 40 "Covariance may not be accurate."
01261579 40 0.07790545808054893 56600.21839629426 2.248201624865942e-16 1.1046227045477277 0.4996772044501182 0.00147347265334824 0.0004320132975408342 0.0 5.720711195034145e-05 0.00010768311785661067 18222.528131534797 35.0 -15.737993427368615 1.5681930249378802 56615.111 56697.079 0 40 "Covariance may not be accurate."
01262214 68 0.47284740969457084 56642.111930506704 5.551115123125783e-18 0.7515683612860635 0.014646344314345083 0.6594782643523479 31.437587421602075 0.03318228585266562 0.34905607195946226 0.6024758294923971 4865.54173916038 63.0 -17.056973590453612 2.035230293159099 56625.224 56698.051 14 54 "Covariance may not be accurate."
01262715 46 0.5179750736887094 56642.7761209096 2.7755575615628915e-18 1.0356018391837076 0.20527916907087373 0.6614017830526616 30.576645141358313 0.03208810759951565 0.4538615356163741 0.6021961103508993 6980.24416698773 41.0 -16.182002797676713 1.634773135949807 56625.224 56697.09 12 34 "Covariance may not be accurate."
01263369 36 0.8601133435293175 56667.585821426255 1.4710455076283326e-16 0.6500015846190489 0.20785140693932136 0.8458864564969073 37.9870807971638 0.04529883695216584 0.5432037601405533 0.7378720421912932 3326.610853335916 31.0 -21.835077234194454 2.262343378550689 56645.136 56697.043 16 20 "Covariance may not be accurate."
01263715 35 0.4920261339340621 56666.93554811281 1.7763568394002506e-16 0.6500000000011205 0.5959696344928043 0.6524840454989541 29.36902784034828 0.031807485757733525 0.3816902100125504 0.7285150204713491 4916.906193434445 30.0 -19.805922135773514 2.262356829249889 56645.05 56694.039 15 20 "Covariance may not be accurate."
01275946 72 0.604808104705232 57236.16072362872 3.164135620181696e-16 0.6500000001028663 0.09331897666783429 0.6693430162152129 20.057179075804015 0.03160584405511028 0.3792736136496909 0.5289078281690243 39480.75880284894 67.0 -21.958345297261957 2.2623421337277563 57248.373 57329.035 0 72 "Covariance may not be accurate."
01279500 45 0.5066590238658399 57261.974609487435 1.0547118733938988e-16 1.0958884331215997 2.476482907631805e-10 3.3111659364926105e-06 0.00013794790720567107 0.0 1.9591158273435383e-06 6.426386710559062e-05 25252.43338385947 40.0 -20.457442848195793 1.576191833407396 57249.293 57319.287 11 34 "Covariance may not be accurate."
01280217 63 0.5838424498201448 57255.364487414365 1.5265566588595902e-16 0.6717665268428434 0.4998972673909875 0.0003204894452862872 0.25250827305717394 0.0 0.00013215626051016338 0.0005489056306410556 1947.0201572711358 58.0 -20.25376175570879 2.2091705935656414 57248.388 57329.175 8 55 "Covariance may not be accurate."
01281668 83 0.28643898605816354 57267.30730395979 8.326672684688674e-17 1.1505518159207977 0.0755637542294012 0.6570194415633436 30.2952951285406 0.03194279061068242 0.4556208562999068 0.5005007276746412 2010.471238638725 78.0 -18.614713352848735 1.5284030035048204 57248.373 57342.028 20 63 "Covariance may not be accurate."
01281886 70 0.6073116677586503 57263.31141504282 3.33066907387547e-17 1.0902792753455015 0.28531133182340807 0.00017298289337014383 0.016950197736150585 0.0 0.379380852647684 0.0018711914343290392 1310.1995551965367 65.0 -19.136739218567833 1.5814159570846016 57248.388 57345.234 12 58 "Covariance may not be accurate."
01282736 72 0.1329908226830676 57266.55985306183 2.7755575615628914e-17 0.6500000037099398 0.1809723286327618 0.5002112839058946 29.48703175398623 0.03077166518721518 0.3692402385456935 0.5885792403701688 903.4201308682683 67.0 -15.35557740488391 2.2623459172427367 57249.279 57346.032 15 57 "Covariance may not be accurate."
01283373 61 0.5249941759861148 57240.320730589214 1.8041124150158794e-16 1.218633041286548 0.6205638906499206 0.6573360883596424 29.984613153010287 0.03161176344534217 0.41793545050355657 0.7459111481887541 6834.093828509979 56.0 -19.946522620032027 1.4774193565875144 57249.423 57332.081 0 61 "Covariance may not be accurate."
01283878 56 0.4756712547662176 57263.80009438336 1.0269562977782698e-16 0.6500000003463611 0.04944089418505254 0.6568670262251277 31.07461693283767 0.03273423693530343 0.3928042326872218 0.5123507447249555 517.162848751344 51.0 -20.18292279092234 2.2623406248260984 57249.293 57339.187 11 45 "Covariance may not be accurate."
01283936 85 0.48841593523533167 57233.382427810946 3.885780586188048e-17 1.1901433078570194 2.465258731754183e-05 0.6516783585110226 25.173857131256227 0.03181226747984464 0.44549504753232927 0.6128299824895351 729.4037897214002 80.0 -19.27743949138499 1.497561553038949 57248.373 57347.084 0 85 "Covariance may not be accurate."
01285160 72 0.48109170920414424 57234.411667801236 2.7755575615628915e-18 1.1529190666303322 0.4522293197686281 0.3325760092036107 0.0007030568449408747 0.0 0.0002780032402445176 0.000848755839110843 3356.2456141930998 67.0 -15.50667286260678 1.526477857780499 57249.403 57372.178 0 72 "Covariance may not be accurate."
01285317 92 0.5417967685466929 57234.15999543571 2.7755575615628915e-18 0.6500000000096559 3.683910053331463e-05 0.6655740316178722 22.902069417043094 0.032025327413998994 0.3843050159069135 0.6174697845013786 1631.6097104764756 87.0 -16.683769670351612 2.2623391572462275 57248.373 57356.127 0 92 "Covariance may not be accurate."
01286398 52 0.5048040551459534 57266.26374170605 1.1934897514720432e-16 1.1784120159156979 0.001852626703040705 0.64249999707471 29.49255352374894 0.03074632945491134 0.43433400948790385 0.5964062198077502 3686.89637519584 47.0 -20.57913741430382 1.506356019515085 57249.293 57331.145 13 39 "Covariance may not be accurate."
01287626 23 0.49708989604295534 56638.04965591668 5.551115123125783e-18 0.7018712073587963 0.500147993969383 0.0002908857768548212 0.00020672372556873597 0.0 0.00010847578184797202 0.7495521661034685 7575.509406122545 18.0 -16.232328485788496 2.1397612042340732 56653.047 56697.072 0 23 "Covariance may not be accurate. Covariance not positive definite. Covariance forced positive definite."
01289288 81 0.8999746490377645 57238.55378485769 8.604228440844963e-17 0.6500000208633452 0.07607420075762483 3.0441135417946796e-07 0.0008602497509855311 1.387778780781447e-18 7.170643800957777e-09 0.5007626958509279 1661.87741826175 76.0 -21.63726556013615 2.262341462960393 57248.373 57347.084 0 81 "Covariance may not be accurate."
01289555 79 0.5626908124307515 57262.27917833027 2.4980018054066023e-17 0.6503961604235411 0.021023862047745367 0.6963362337007287 32.126491051985795 0.034598443549670045 0.4075335591169626 0.5497319671790091 726.679755259244 74.0 -19.135383400075977 2.26134341777804 57248.388 57365.115 12 67 "Covariance may not be accurate."
01289600 64 0.2790188538362322 57238.29692599883 8.881784197001253e-17 1.1914240282965722 0.4811967636940303 0.0028213369218994255 0.0005122987713548355 0.0 0.00014613196836066322 0.00039372826491870794 5476.201131729835 59.0 -17.812626110050246 1.4966326699751136 57253.285 57365.221 0 64 "Covariance may not be accurate."
01289656 75 0.5468133950245987 57241.65191220861 1.0269562977782698e-16 0.6653214615492997 0.5201553119573649 0.6506735338528649 29.495087180832343 0.03083917661358562 0.3256116089006001 0.7160868763458337 755.8942682358588 70.0 -19.618204255853566 2.2246123976685723 57249.423 57355.245 0 75 "Covariance may not be accurate."
01289664 64 0.5995751401112963 57262.443225091796 8.326672684688675e-18 0.6905188988453486 0.018051784055118314 0.6751245910528884 30.145816499349166 0.03204847057099249 0.305412417282636 0.5547592262212327 17190.252795531505 59.0 -18.115010257834772 2.1654409763525493 57252.303 57345.234 7 57 "Covariance may not be accurate."
01290779 44 0.4999328113707784 56903.00189366229 0.0 1.2470689748334454 0.5089546921734015 0.0 0.0 0.0 0.0 0.0 3629.652521556616 39.0 inf nan 56887.39 56973.322 8 36 "Hesse Failed. Covariance may not be accurate. Covariance not positive definite."
01290816 40 0.5151481334600605 56889.49823332787 1.1102230246251566e-17 1.0550459780402506 0.516677748440298 0.6493446676337518 28.990963006875972 0.03112312699584136 0.39511697610989444 0.7189866798856344 27388.585546069844 35.0 -17.051902943004762 1.6152721115540842 56887.39 56960.278 4 36 "Covariance may not be accurate."
01291080 52 0.5445373240312299 56899.287745731264 0.0 1.2111646590415324 0.5000993209520476 0.0 0.0 0.0 0.0 0.0 1225.7445222413382 47.0 inf nan 56887.268 56973.078 8 44 "Hesse Failed. Covariance may not be accurate. Covariance not positive definite."
01291090 51 0.028730999684026114 56899.87177944734 1.7208456881689927e-16 1.0163436627792661 0.4998695369207102 0.004444357433691967 0.008600578075856902 1.3877787807814407e-18 0.0003097431656370331 0.0005683391373068336 2878.1551209214886 46.0 -13.203563214244184 1.6547737148717871 56887.211 56973.028 8 43 "Covariance may not be accurate."
01291794 72 0.5663721530551502 57265.84456221383 8.326672684688675e-18 1.2486676833890529 0.00027493587325605473 0.6524791774303729 29.604208357155585 0.03078574603517573 0.38103161661842827 0.607886099411118 1178.2581496386783 67.0 -17.99296016095136 1.4576337732257478 57252.289 57356.174 11 61 "Covariance may not be accurate."
01291957 60 0.7455511021895662 56864.694003582765 1.2212453270876723e-16 0.650000000060555 0.09405742205720591 2.8878741390570006e-05 0.0007756129125482403 0.0 9.893399433025252e-10 0.01511320601148744 3745.0309439993634 55.0 -21.48008903800586 2.2623421611204115 56877.179 56980.031 0 60 "Covariance may not be accurate."
01292145 73 0.5626156240790736 57265.27753222545 0.0 1.2492667451291117 0.5001077984599979 0.0 0.0 0.0 0.0 0.0 677.6718362178702 68.0 inf nan 57252.289 57356.174 11 62 "Hesse Failed. Covariance may not be accurate. Covariance not positive definite."
01292195 81 0.493863123120465 57234.405276461664 1.942890293094024e-17 0.7345406653044714 0.10855858650013972 0.6427920672673617 24.61568452038773 0.030930729873979552 0.4399128773302414 0.5409118883314068 1093.7059043194222 76.0 -18.36781352339643 2.0694388831473205 57249.403 57389.163 0 81 "Covariance may not be accurate."
01292332 49 0.833664280216155 56900.304437477076 1.8318679906315084e-16 0.948672803834512 0.2048494911164508 9.458474325263477e-06 0.0007803368680470157 0.0 1.2130613871230711e-05 0.03565147454291345 3844.7568771569563 44.0 -21.996092357071472 1.7319383082703723 56890.328 56973.19 5 44 "Covariance may not be accurate."
01292336 49 0.4734165888592314 56900.06412751371 1.3877787807814457e-16 1.24574473660927 0.06194011747228667 0.6363017182666162 29.264066665022256 0.030746364766691035 0.3891617964191763 0.7021047345964352 2511.7287165980383 44.0 -20.4760528494878 1.459514838143484 56890.328 56973.19 5 44 "Covariance may not be accurate."
01292560 48 0.4766955650115552 56896.44241025574 1.637578961322106e-16 0.8841687919340402 0.05017523626128895 0.6369925852696167 28.67120694570258 0.03074631464345872 0.41008350803707516 0.6952411999908776 8220.835689432022 43.0 -20.69390558430845 1.8176551539869834 56890.263 56973.042 3 45 "Covariance may not be accurate."
01293319 57 0.021059521587393777 56901.41325087856 1.304512053934559e-16 1.249613788106715 0.4748488967427456 0.5032591262005168 29.59318389807231 0.030755575090603785 0.37538424768370365 0.7044309079369164 4289.485300184429 52.0 -12.275823263577628 1.457040108837795 56887.268 56980.072 8 49 "Covariance may not be accurate."
01293758 35 0.4797721848972181 56876.60717505847 2.026157019940911e-16 1.1118638448427574 0.004896864622504937 0.6376642818348874 23.29414223380445 0.030748899798662212 0.4435514352632827 0.6431689970085013 10111.265921095439 30.0 -21.016155636958224 1.5616387179553612 56891.384 56980.044 0 35 "Covariance may not be accurate."
01294014 39 0.26785353789412775 56875.55883442927 8.326672684688674e-17 1.2257353856597006 0.04353879201508887 0.5718498857968106 26.17138498692293 0.03134200810659132 0.4213776256431213 0.5270029264981718 1707.1060299419455 34.0 -18.502611640319753 1.472623108131092 56890.386 56990.199 0 39 "Covariance may not be accurate."
01294743 47 0.4660257781584803 56875.3145436504 7.494005416219807e-17 0.7724893748381422 0.0013036212386479118 0.6483641128974673 25.149408322336967 0.03205863467824574 0.45898445266182974 0.5994439450928885 2331.8336549890146 42.0 -19.86625374625733 1.9955408529444156 56890.285 56980.127 0 47 "Covariance may not be accurate."
