analysis_pipeline/fit_results/des_5_sn91bg_salt2_phase_blue.ecsv
# %ECSV 0.9
# ---
# datatype:
# - {name: obj_id, datatype: string}
# - {name: num_points, datatype: int64}
# - {name: z, datatype: float64}
# - {name: t0, datatype: float64}
# - {name: x0, datatype: float64}
# - {name: x1, datatype: float64}
# - {name: c, datatype: float64}
# - {name: z_err, datatype: float64}
# - {name: t0_err, datatype: float64}
# - {name: x0_err, datatype: float64}
# - {name: x1_err, datatype: float64}
# - {name: c_err, datatype: float64}
# - {name: chi, datatype: float64}
# - {name: dof, datatype: float64}
# - {name: b_max, datatype: float64}
# - {name: delta_15, datatype: float64}
# - {name: tmin, datatype: float64}
# - {name: tmax, datatype: float64}
# - {name: pre_max, datatype: int64}
# - {name: post_max, datatype: int64}
# - {name: message, datatype: string}
# schema: astropy-2.0
obj_id num_points z t0 x0 x1 c z_err t0_err x0_err x1_err c_err chi dof b_max delta_15 tmin tmax pre_max post_max message
[from data line 144]
01334087 4 0.6694312226531136 57298.04014943045 5.856426454897701e-16 0.6500000000148245 0.308483591468351 0.5729049896543257 20.762837848633353 0.030746229417623182 0.36895603536067106 0.6512237931933823 285.5330545469036 -2.0 -22.468795395458596 2.260665743610396 57315.208 57403.099 0 4 "Covariance may not be accurate."
01334302 17 0.4533692276123671 57286.0370432205 9.992007221626409e-17 1.027716878675228 0.5001177092084841 0.5483911395023131 24.4443751312283 0.030768405158642553 0.40414439907388583 0.7106791810160779 273.11325587432646 5.0 -19.130787116749147 1.6422180315060189 57301.037 57407.046 0 17 "Covariance may not be accurate."
01334423 28 0.48377021242380713 57314.99827878295 5.551115123125783e-18 0.6500001395057574 0.00031451969783485856 0.5700225420942204 28.43023243290736 0.03234915753421041 0.3883216610925511 0.6073918914071266 1869.379235681422 17.0 -17.13929570712822 2.2606537247290106 57312.14 57408.055 2 26 "Covariance may not be accurate."
01334448 16 0.4396828386821933 57287.99224487073 2.4980018054066023e-17 0.6500000000434351 0.05647794768248088 0.0013848518570488688 0.027410348960984265 1.3877787807814454e-18 1.5920977802230674e-06 0.1847138694046421 60.22940161502588 5.0 -18.43167801136342 2.26065573486537 57301.284 57402.053 0 16 "Covariance may not be accurate."
01334470 15 0.47553611224204 57320.08933899909 2.7755575615628915e-18 0.6500000011268097 0.001533920998896987 0.5551392646216113 29.72516554806134 0.03091131778983769 0.37094686653681014 0.5981064624572902 434.57946418899957 8.0 -16.340053984348163 2.2606541053818923 57305.283 57402.053 4 11 "Covariance may not be accurate."
01334597 12 0.6137570635101137 57300.24146666762 2.3203661214665774e-15 0.6500242393213937 0.4708183573495883 1.6557429061814233e-05 0.02760568890153081 1.387778780781564e-18 6.470424269711117e-07 0.0002882091367467643 18816.309009130564 3.0 -23.410081793130825 2.2606091173464797 57315.241 57406.101 0 12 "Minimization exited successfully."
01334620 15 0.7319215419158884 57322.25929260026 3.885780586188048e-16 0.9298093737846527 0.5000728476072879 8.026096424296192e-05 0.006638816110353218 1.6653345369377363e-17 8.644177539307574e-05 0.5915741111498765 1406.1145015675795 10.0 -21.868468892156994 1.7549625708040288 57311.282 57403.062 3 12 "Covariance may not be accurate. Covariance not positive definite. Covariance forced positive definite."
01334644 15 0.616049916612231 57321.64438887967 2.525757381022231e-16 0.6500000000000719 0.3168244725224562 0.6055641139155052 30.83431658495101 0.033258937842204225 0.3991073718346901 0.6536396528156015 1365.3761757102457 9.0 -21.320595057941116 2.2606659076790265 57311.282 57403.062 3 12 "Covariance may not be accurate."
01334645 12 0.7513126750104776 57320.27590057386 6.106226635438361e-16 1.2499991493288194 0.5000463089026607 0.006681495672477278 0.05649200378320529 1.3877787807814654e-18 1.0832552330697354e-06 0.0006595594343062061 4454.288412371904 7.0 -22.429159625268653 1.4563880896412016 57311.282 57403.062 2 10 "Covariance may not be accurate."
01334707 31 0.4654855245445732 57289.31206223423 0.0 0.8541904011972532 0.50016427740762 0.0 0.0 0.0 0.0 0.0 0.0 -5.0 inf nan 57304.307 57426.071 0 31 "Hesse Failed. Covariance may not be accurate. Covariance not positive definite."
01334879 16 0.4897748930670053 57287.24525701602 0.0 1.1501413409797232 0.5001250743022745 0.0 0.0 0.0 0.0 0.0 0.0 -5.0 inf nan 57302.267 57425.071 0 16 "Hesse Failed. Covariance may not be accurate. Covariance not positive definite."
01335472 14 0.4783714913030119 57315.81259074668 2.7755575615628915e-18 0.6500000000028381 0.0015083130936283107 0.556012294678911 28.46035915070388 0.030935547660160424 0.3712271670226956 0.5982501592453504 524.0578397300243 7.0 -16.355582267849822 2.2606541075067774 57311.025 57403.049 2 12 "Covariance may not be accurate."
01335564 15 0.46618703068205014 57328.26900171184 5.551115123125783e-18 1.2300086570372948 0.2275319424121876 0.5569107736485677 23.979576981870196 0.0313280226960848 0.3240536267476855 0.7505559419235798 214.45895546858222 8.0 -16.60845863594332 1.4693693905102592 57311.284 57427.068 4 11 "Covariance may not be accurate."
01335694 11 0.5806625924297106 57350.213800631755 7.660538869913581e-16 1.0579372995111243 0.48466049769150915 0.5699298324378103 24.559529586029385 0.030746229089359842 0.44257920725904015 0.7067432639495861 8775.796861240984 5.0 -22.027713259513035 1.611795973016747 57325.214 57408.053 5 6 "Covariance may not be accurate."
01335717 13 0.5756014774080542 57347.36876753001 3.941291737419306e-16 0.6500000984928028 0.5395194442904092 1.6661267339124208e-06 4.5931286877021194e-05 0.0 1.0914797399230736e-09 0.0059371090165246665 10627.77087036729 7.0 -21.181689260723903 2.260670959824804 57325.182 57408.092 4 9 "Covariance may not be accurate."
01335718 29 0.42329072024131914 57340.18503242878 2.7755575615628915e-18 1.1643002487240532 0.10135162643845902 0.5473128274673733 20.495872314251756 0.03163469443417974 0.44956055706120046 0.7389890768118499 3457.345459100795 22.0 -15.867983572726615 1.5168192610433415 57318.106 57426.067 8 21 "Covariance may not be accurate."
01335868 17 0.4762010018602838 57319.34498844047 2.7755575615628915e-18 0.6500000011124034 0.00017612918952431 0.5552024206785909 28.276912431887467 0.030903020264706867 0.37082531733454177 0.6204673978174589 269.12628822387177 8.0 -16.345834689913296 2.2606540685012426 57315.234 57425.151 2 15 "Covariance may not be accurate."
01336008 24 0.49581988734709964 57310.46162701236 1.3600232051658169e-16 0.6770063062199804 0.3783284752880624 0.5664708320993126 23.29765168688391 0.03159971941834341 0.3172342040787034 0.732010394003809 2453.7736970426254 13.0 -19.964210356912794 2.1952126925592452 57325.012 57403.049 0 24 "Covariance may not be accurate."
01336009 25 0.4983767950107255 57310.01623801726 1.8041124150158794e-16 0.6500003012438966 0.014592836413050814 0.5715774708031081 25.89439554767523 0.0320887950275629 0.384873850174459 0.5611174639239592 1704.414149738095 12.0 -20.973928821543964 2.26065371438197 57325.012 57403.049 0 25 "Covariance may not be accurate."
01336453 9 0.8499999999285426 57352.95448807728 1.687538997430238e-15 0.6810890009490935 0.5000004373358248 8.220363689748211e-08 0.11064298231940484 9.71445146547006e-18 0.0001151443515152728 1.0385981896454677e-06 6700.577245175212 4.0 -23.86382012948741 2.1856753931137973 57329.171 57403.099 3 6 "Covariance may not be accurate."
01336480 7 0.6178812240271104 57319.18205394292 6.716849298982198e-16 0.6500000009408543 0.32264554683522295 0.6243649735478982 23.804268965024676 0.035089075214640414 0.4210572796834449 0.6559242944719238 1375.4238646090616 2.0 -22.380193705661735 2.2606660224225195 57329.171 57396.099 0 7 "Covariance may not be accurate."
01336687 12 0.6104705786931974 57348.36245417988 5.911937606128959e-16 0.6500000000001257 0.33324657127920077 2.36631534955567e-06 7.654538057977334e-05 1.387778780781416e-18 6.5438210405943664e-12 0.172553723116551 6342.732472048119 7.0 -22.19081890228143 2.2606662438304 57327.065 57403.062 5 7 "Covariance may not be accurate."
01337117 11 0.47749588379456476 57314.614204644364 0.0 1.0137702396900798 0.5001047251584978 0.0 0.0 0.0 0.0 0.0 0.0 -5.0 inf nan 57329.033 57403.049 0 11 "Hesse Failed. Covariance may not be accurate. Covariance not positive definite."
01337221 28 0.47022096879060626 57310.032915993215 0.0 1.07899138865624 0.5001657166927401 0.0 0.0 0.0 0.0 0.0 0.0 -5.0 inf nan 57325.027 57407.048 0 28 "Hesse Failed. Covariance may not be accurate. Covariance not positive definite."
01337228 14 0.4916562846635872 57310.1106037275 0.0 1.0301749811719203 0.5000117880459147 0.0 0.0 0.0 0.0 0.0 0.0 -5.0 inf nan 57325.027 57407.046 0 14 "Hesse Failed. Covariance may not be accurate. Covariance not positive definite."
01337272 12 0.4797497994100798 57328.200462253764 0.0 1.0020841068655557 0.5109787557318088 0.0 0.0 0.0 0.0 0.0 0.0 -5.0 inf nan 57325.073 57427.054 1 11 "Hesse Failed. Covariance may not be accurate. Covariance not positive definite."
01337325 12 0.4193023271976281 57349.20122610247 2.7755575615628915e-18 1.1383027545239788 0.004571772435845278 0.5444166642798872 26.8481477586829 0.03138775784124765 0.3537453790497826 0.6559183942004755 326.0560726615683 5.0 -16.008980044073976 1.5380650137397112 57325.073 57427.054 4 8 "Covariance may not be accurate."
01337649 9 0.5341654483151612 57361.6342189011 7.16093850883226e-16 1.0790118245630722 0.9313255718381637 0.02136554445957517 0.08190137823476107 1.1102230246251575e-17 0.014771283213517283 0.01097792784810303 6505.761948987195 4.0 -20.87698794121336 1.5914376435902504 57339.165 57408.053 3 6 "Covariance may not be accurate."
01337655 10 0.6328715395880573 57333.75278095845 2.7755575615628915e-18 0.6500000013545351 0.49814882801620786 0.5730914074544228 29.46350451984108 0.0313034648135821 0.3756539745945542 0.7166519939758931 743.6775886368141 5.0 -16.12060747893255 2.260671003154812 57325.141 57402.072 2 8 "Covariance may not be accurate."
01337687 12 0.7096207084206398 57353.42586506808 5.190292640122607e-16 1.1967903455495446 0.5000655948158128 0.0011242598160438044 0.009702993138489546 5.551115123125812e-18 0.41054359925300027 0.0005210687666256653 5882.898715434897 7.0 -22.10013928201073 1.4922629602648314 57339.297 57425.149 2 10 "Covariance may not be accurate. Covariance not positive definite. Covariance forced positive definite."
01337703 15 0.4774765740825386 57347.42668532175 5.551115123125783e-18 0.670617839769515 0.007988276266835515 0.5577595273209028 28.55661707224499 0.031130721272536133 0.3214910108414605 0.6505422035363301 206.5757202274721 8.0 -17.09300210336283 2.21029858351989 57325.124 57425.151 5 10 "Covariance may not be accurate."
01337838 11 0.07528087155707285 57349.30455105257 1.304512053934559e-16 0.6500000000000934 0.5000156498349374 0.09726405229672887 0.0015629187873855699 1.387778780781453e-18 9.209759621597868e-10 1.5678327242585333e-06 6523.48198922848 4.0 -15.067770828194448 2.2606710803622576 57339.151 57427.066 3 8 "Covariance may not be accurate."
01338128 11 0.8495023582723966 57352.317945353745 3.302913498259841e-16 1.2376073499899034 0.45759536585255634 2.9810023647880435e-06 0.0027710574977390934 0.0 1.2954176986879062e-05 0.04943159747083742 860.4406119879685 6.0 -22.191401166726227 1.4643877153355014 57339.021 57407.044 2 9 "Covariance may not be accurate."
01338170 22 0.48013402368422303 57353.19406018117 9.71445146547012e-17 0.6711037346638522 0.619460956676839 0.5266743635290373 20.344856408410124 0.045124919231113586 0.5683029103724235 0.7317333849740522 685.2112356122309 15.0 -19.042947772909173 2.209158838296254 57339.021 57407.046 4 18 "Covariance may not be accurate."
01338233 13 0.490459011012266 57304.27730379743 8.326672684688675e-18 0.8178695008017882 0.007757832079560489 0.558418591334233 24.83230181228646 0.030919365456702833 0.4457809499657443 0.5762277272901253 85.32040768192962 3.0 -17.603564887606517 1.9163187298881006 57319.281 57427.054 0 13 "Covariance may not be accurate."
01338266 40 0.46893261579613316 57324.04289384723 0.0 1.0799795688622873 0.5001672776457842 0.0 0.0 0.0 0.0 0.0 0.0 -5.0 inf nan 57339.037 57427.068 0 40 "Hesse Failed. Covariance may not be accurate. Covariance not positive definite."
01338278 10 0.4845971825777063 57347.150257258225 2.7755575615628915e-18 1.2284165234549556 0.2811698880325063 0.5694326167910609 29.86697917958736 0.03224723513982285 0.43140445247708065 0.7394482100546556 355.43289974302206 4.0 -15.852376185456514 1.470425112831819 57339.037 57427.054 2 8 "Covariance may not be accurate."
01338387 10 0.4861290024918264 57317.0252816437 2.7755575615628915e-18 0.6500000012423173 0.000971568061293393 0.5584773214424772 20.279495444672648 0.03101155208650392 0.3721269872583795 0.6015933639141036 580.513513960606 3.0 -16.39837221424414 2.260654089784431 57329.173 57403.101 0 10 "Covariance may not be accurate."
01338430 9 0.4675382280383815 57325.29828999898 5.551115123125783e-18 1.206808994848791 0.0042957281173910955 0.5737487684386601 23.314383767687104 0.03368658281200464 0.3153894448179226 0.6414537521965187 450.3838063835725 3.0 -17.044114413956933 1.4851222859884885 57339.122 57403.101 0 9 "Covariance may not be accurate."
01338471 11 0.48914734355788514 57304.13645076902 1.1102230246251566e-17 0.7982322656294569 0.000905858910836943 0.5582199517739493 24.873552564491547 0.030926186269735048 0.4460280750026813 0.6020590692275991 101.07856211348032 2.0 -17.91978138130259 1.948838511058522 57319.137 57403.101 0 11 "Covariance may not be accurate."
01338675 17 0.4784716836468693 57347.305828850665 2.7755575615628915e-18 0.6500000000004277 0.3126230707975915 0.5640721489089909 29.663766419922467 0.03179310028328462 0.3815174306032967 0.6519687335364615 10226.074732846118 12.0 -15.766038108837215 2.2606658245077185 57339.046 57406.102 3 14 "Covariance may not be accurate."
01339002 9 0.6319800148285257 57347.85362459959 2.7755575615628915e-18 0.6500000020984836 0.09226601521069289 0.5896920927250844 28.26516645776792 0.03187408083671892 0.38247315027610407 0.7154787510568787 639.8302111991885 4.0 -16.93443495357011 2.260656950318893 57346.027 57427.066 1 8 "Covariance may not be accurate."
01339149 9 0.49059068439027304 57330.070719095704 1.3877787807814457e-17 0.9784728162516455 1.4274712157535951e-05 0.5574886374552411 24.803375316041638 0.03083068251636638 0.41965241838706224 0.61333174498216 543.278276521831 3.0 -18.171154557667926 1.6956874025067492 57346.029 57427.068 0 9 "Covariance may not be accurate."
01339392 6 0.5768719963072065 57330.33360041429 1.3905543383430086e-15 0.7841909264935801 0.5000629440970934 0.06500933223532729 0.04529221717893961 6.189493362285249e-16 0.05579353473472615 0.029484373076348963 465.98526116815697 0.0 -22.620385219830425 1.9732462204090346 57345.331 57426.145 0 6 "Covariance may not be accurate. Covariance not positive definite. Covariance forced positive definite."
01339450 13 0.49118916526121587 57327.61809236246 2.7755575615628915e-18 0.6500000018590586 0.0009059387647339379 0.561149214046556 20.658286187957856 0.03116577537770432 0.37397501419520723 0.602058493501516 120.27207827686375 6.0 -16.42550127123107 2.2606540864508666 57339.286 57426.147 0 13 "Covariance may not be accurate."
01340454 22 0.46346110660501927 57331.40861661961 2.248201624865942e-16 0.7057810152938457 0.508834989816134 0.5507555161618347 21.597866606971365 0.030747971956542913 0.31716321374757794 0.7123887340148174 2546.6147873181367 13.0 -20.05460902663264 2.1295763126084637 57345.314 57425.151 0 22 "Covariance may not be accurate."
01341370 16 0.43515477080380127 57332.086321032686 6.106226635438361e-17 1.1314157063647965 0.49533367839122266 0.18831677186480342 0.00018639452537172474 0.0 7.541733886606838e-05 0.00015335415619954773 2365.221302968537 11.0 -18.501476818975565 1.5439389621118629 57347.079 57403.049 0 16 "Covariance may not be accurate."
01341894 7 0.7748420991029822 57354.93041633176 1.3877787807814457e-16 0.6500000051646901 0.0003592829260961605 0.5621512835407447 21.933968958583137 0.03109656075681275 0.3731826454423447 0.6068685403463272 905.5931869374887 2.0 -21.880710355899538 2.260654063296542 57365.054 57427.052 0 7 "Covariance may not be accurate."
01342255 6 0.6245654149087205 57379.1418782562 4.2382763965065356e-15 0.6500000000103523 0.9999201453432986 1.0365190214467468e-06 5.256954318610951e-05 9.714451465469962e-18 7.33835214816736e-12 0.21971677694552727 13529.501131343453 1.0 -23.062628715380423 2.260667798242153 57365.11 57403.099 2 4 "Covariance may not be accurate."
