analysis_pipeline/fit_results/des_5_salt2_2.4_blue.ecsv
# %ECSV 0.9
# ---
# datatype:
# - name: obj_id
#   datatype: string
# - name: num_points
#   datatype: int64
# - name: z
#   datatype: float64
# - name: t0
#   datatype: float64
# - name: x0
#   datatype: float64
# - name: x1
#   datatype: float64
# - name: c
#   datatype: float64
# - name: z_err
#   datatype: float64
# - name: t0_err
#   datatype: float64
# - name: x0_err
#   datatype: float64
# - name: x1_err
#   datatype: float64
# - name: c_err
#   datatype: float64
# - name: chi
#   datatype: float64
# - name: dof
#   datatype: float64
# - name: b_max
#   datatype: float64
# - name: delta_15
#   datatype: float64
# - name: tmin
#   datatype: float64
# - name: tmax
#   datatype: float64
# - name: pre_max
#   datatype: int64
# - name: post_max
#   datatype: int64
# - name: message
#   datatype: string
# schema: astropy-2.0
obj_id num_points z t0 x0 x1 c z_err t0_err x0_err x1_err c_err chi dof b_max delta_15 tmin tmax pre_max post_max message
[from data line 96]
01308582 29 0.37716446116858615 57287.71166539657 2.474641942399325e-05 -0.5649172375336331 -0.05732981966742101 0.03083071830630188 0.7190350742130249 1.6581126283013437e-06 0.5296240084684962 0.07083799362646516 16.488626154502363 24.0 -19.544707581570627 1.1670292430844498 57265.391 57365.081 6 23 "Minimization exited successfully."
01308884 10 0.09947762434332648 57293.45249768838 0.0003127563454453947 -1.2977140405157168 -0.2999767483647199 0.00544440396133563 0.05593788206533645 3.498239923843677e-06 0.05325973122907257 0.5523980882848185 12.553554647496595 5.0 -19.066022823434363 1.346592065837175 57278.247 57345.255 2 8 "Minimization exited successfully."
01308957 19 0.5564139032721472 57288.23883172372 5.8229206952892245e-06 1.00748337796343 0.2992908770811988 0.00011451857044114666 0.0004956711491104215 8.946386630945268e-07 1.3080496560898989 0.34951265469750725 24.3730504147873 14.0 -18.989445457091435 0.8634784855667803 57253.334 57373.055 7 12 "Minimization exited successfully."
01309288 6 0.26294207754707566 56988.001520081656 6.457742010467505e-05 1.611942893220088 -0.2033058230674626 1.2901354931094122e-05 0.00025163547979900613 0.00023698332615538364 2.6337185229658404 0.54679274045203 1.2285801292051204 1.0 -19.68045794506696 0.7801536928011146 56963.244 57061.06 1 5 "Covariance may not be accurate."
01309492 30 0.32876059860182233 56993.171792010326 3.4708168343297595e-05 0.12433647956243732 -0.08422796994932116 0.006454122926059902 0.11937650652544107 5.286937166018586e-07 0.10060153500898417 0.01473479475379584 72.9089359552183 25.0 -19.56315871219705 1.0341960826775072 56963.265 57066.064 9 21 "Minimization exited successfully."
01309749 19 nan nan nan nan nan nan nan nan nan nan nan nan nan nan nan nan 0 0 "No bands in data overlap the model."
01310338 26 0.42406212678773375 56976.96028369206 1.620249855877054e-05 -0.020991013679485082 0.04250970888283778 0.03983558047137323 0.4940905059411307 1.0150242123141414e-06 0.48902028574878886 0.06106397248116224 15.825981321505113 21.0 -19.38646099576991 1.0548083333498255 56949.115 57052.039 5 21 "Minimization exited successfully."
01310395 18 0.3936209665339844 56982.608760249794 2.516118372800358e-05 -0.07580324092650992 -0.29396974476735865 0.13627463404596318 1.5057024903944694 7.589381165673538e-06 0.43591858479340995 0.30474131916957137 7.429032644074749 13.0 -19.676642351643842 1.0826156578158148 56956.206 57052.037 4 14 "Minimization exited successfully."
01312274 32 0.5651387795938289 56978.13789793508 1.1863108195070416e-05 -1.2899569572697518 -0.00730400124474162 0.0431614280816614 1.0048836044661584 4.803092899074988e-07 0.6676202750762672 0.18198532783569915 9.680885994301 27.0 -19.796683988875518 1.3210941540562224 56956.143 57052.1 6 26 "Minimization exited successfully."
01313594 12 0.2913028355601896 57002.160271903755 3.676611614320813e-05 0.5878680389406115 0.29998548741144765 0.0192826123344782 0.6193759378584218 6.701736381800591e-07 0.3550787520379748 0.535333627530176 10.540523993315134 7.0 -19.326102572726533 0.9335736091660607 56973.038 57051.053 4 8 "Minimization exited successfully."
01314897 25 0.3990521876214882 57302.11807817754 2.636860130027785e-05 1.1284247110658026 0.0006216419605596379 0.004948819851017028 0.26246129777427996 1.1213478615004775e-06 0.4845617200153025 0.06296210783753728 4.21833046187254 20.0 -19.75944299154162 0.8544683956344699 57273.337 57372.07 10 15 "Minimization exited successfully."
01315192 7 0.15776491951694363 57007.602357700016 4.690286190703053e-05 1.0577530542156115 0.29873895904859465 0.03704195548405109 0.4638189773322665 4.530204455743814e-06 0.5311627904144796 0.5983542151616468 1.0448846076960792 2.0 -18.092300256752328 0.8552420874874258 56987.196 57052.098 3 4 "Minimization exited successfully."
01315259 10 0.22591171305840468 57004.42318339919 3.8860175304045176e-05 -0.44036603335795244 0.2995399866542599 0.036877675545822136 0.5655429150683631 1.381129007389792e-06 0.29185381015206335 0.5647975565616199 4.378172380343681 5.0 -18.755444155761207 1.1190986849339701 56980.181 57049.068 4 6 "Minimization exited successfully."
01315296 27 0.39759353284997345 57004.34500367941 1.0180366581466484e-05 1.7091840744135887 0.14309954907097316 0.0459926474373239 1.0715437557410041 7.338233282847e-07 0.8018860828563363 0.09582519580192306 15.829031042349825 22.0 -18.718572601209168 0.7543148376734088 56973.185 57049.07 11 16 "Minimization exited successfully."
01316385 11 0.23689446121840751 57020.77880703663 0.00018212098026985923 1.9999983930707348 -0.19403506111286697 0.019725535602826638 0.30096964380936697 5.61130607217574e-06 0.28276382497775066 0.05188312304195036 20.93635269580448 6.0 -20.548593657085338 0.7152160270612633 57001.175 57066.03 5 6 "Minimization exited successfully."
01316431 10 0.1840258213422246 57018.46376747336 9.773640452947486e-05 0.9666689549043435 0.0069698847252080975 0.025949205804129474 0.3084642080430058 8.272755149973943e-06 0.20674002314485618 0.0913393568887302 13.356739626657587 5.0 -19.254056822979763 0.8814506433262537 57001.162 57052.098 4 6 "Covariance may not be accurate. Covariance not positive definite. Covariance forced positive definite."
01316437 13 0.5184791381727631 57009.32596059245 8.746479312454758e-06 -1.5128014581287006 0.29198681791788644 0.03600587922031942 1.3832677420650725 2.6460680415327235e-06 1.0635706905739621 0.3577761202717432 12.36536687726811 8.0 -19.243841678263617 1.3458008232899132 56980.197 57052.1 5 8 "Minimization exited successfully."
01316465 11 0.34643731865094624 57021.748575853264 2.4765673080082153e-05 0.6330935112757823 0.2996756739544482 0.019190386012969185 0.4011059858457884 5.533751104250244e-07 0.24533757517673482 0.5881329812057532 12.451791097865884 6.0 -19.334428839555258 0.9259111733647387 57001.183 57066.064 4 7 "Minimization exited successfully."
01317164 5 0.20322290019900813 57294.99851544735 6.782275464683463e-05 -2.5005221750377684 0.29993522523874766 2.685697420429234e-06 1.0119729267898947e-06 7.2003175609139414e-06 0.795225719019907 0.3718576752025857 5.053565593715137 0.0 -19.10069729325384 1.6022501770511077 57315.181 57355.159 0 5 "Minimization exited successfully."
01317277 12 0.21510302087055033 57007.79072833276 5.843596478426472e-05 -1.3193034107424437 -0.2994175921700509 0.06499037112410654 0.7311302501657337 6.948975677224799e-06 0.4594858388459311 0.509413491189353 5.832990980215081 7.0 -19.077387624813287 1.3517588488098475 56987.073 57052.037 5 7 "Minimization exited successfully."
01317286 14 0.2900709340800448 57015.23496834797 4.240788734280743e-05 0.6114498516158386 0.299886607368051 0.016332598022317762 0.3831119419555762 7.08823041227491e-07 0.22724152979526635 0.4982137125038373 15.870061248677962 9.0 -19.470503690919145 0.9295713980333602 56987.073 57052.037 8 6 "Minimization exited successfully."
01317454 10 0.8499995975528963 57017.17988655086 6.1009131120309815e-06 -0.6146688138584748 -0.019868522231831554 0.14700974047625454 1.60950903984849 3.6923653881415496e-06 0.9465142544773713 0.31711450308726175 10.234522211244736 5.0 -20.16239157210061 1.1748305349069774 56987.033 57051.04 6 4 "Minimization exited successfully."
01317666 22 0.1643929456847897 57301.51103085823 0.00011065637570379928 -0.1863265797133673 0.06650829968129596 0.01482546458915146 0.14683786131354282 2.8076633019000208e-06 0.12763938003871877 0.030181711224724267 3.8839658870777884 17.0 -19.117050928200555 1.0847265591653752 57278.217 57356.106 7 15 "Minimization exited successfully."
01319366 17 0.32131258095604953 57306.03672870939 6.857244870904222e-05 1.767400509161007 -0.13985457232960757 0.3008003727443953 9.17448410758152 0.02995223396418749 3.5256278421779923 0.3229859390614688 18.396900741834095 12.0 -20.246792312887774 0.7526185503313307 57276.312 57372.102 8 9 "Covariance may not be accurate."
01319821 10 0.26015985148391624 57021.03273217518 2.5818344362979473e-05 -1.2679218589351926 0.2996843762031593 0.030840697867816763 1.1590679899891256 2.076620619251291e-06 0.5352290806908939 0.5937469482004221 8.366466792227527 5.0 -18.65930081181557 1.2896454212682578 56992.125 57067.099 3 7 "Minimization exited successfully."
01320166 10 0.5592819449209395 57023.871701980715 8.530471215345558e-06 1.4307447873244152 0.2975450078076998 0.07479875381622733 1.9922316866868641 1.4507886534703696e-06 3.7124673816616767 0.30567944946528286 3.915126763704514 5.0 -19.417978810615956 0.7946372957382692 56991.113 57049.046 5 5 "Minimization exited successfully."
01322229 7 0.46763290195230545 57034.46309855928 9.018830488724539e-06 1.9999816691107801 0.1902082200797484 0.02910828004258406 0.5780841486703139 4.9738933895204784e-06 4.0583807216513925 0.5235004991456979 2.5002540813010885 2.0 -19.007885836801474 0.7053788618064303 57001.076 57039.041 6 1 "Covariance may not be accurate. Covariance not positive definite. Covariance forced positive definite."
01322979 9 0.5378256367103064 57039.55974781594 1.1777860944228724e-05 0.536990427531856 -0.2997668849741449 0.03250448882449569 0.8269709799023985 7.655342988285857e-07 0.7819305036180031 0.5964105297375858 10.013908497984328 4.0 -19.664093068515278 0.9681070055351491 57008.04 57061.074 6 3 "Minimization exited successfully."
01324542 9 0.6529633363456699 57046.78388242559 8.205523036031171e-06 1.0904134536180479 -0.28233987061410365 0.09517707319590324 1.69668820644074 2.6790132937826177e-06 1.3482016160722003 0.5899495940241742 2.185262206835172 4.0 -19.784388004568488 0.8703524532054985 57011.089 57067.101 6 3 "Minimization exited successfully."
01325358 7 nan nan nan nan nan nan nan nan nan nan nan nan nan nan nan nan 0 0 "No bands in data overlap the model."
01327978 10 0.2607582875403406 57308.168380502175 5.7993791819194175e-05 -0.32251830323576947 0.2652633377368439 0.0907852936331026 1.9523761570599163 3.1291781664796735e-05 1.1163887483124877 0.31700322458270086 2.889569308721267 5.0 -19.5430847143328 1.0987391767807395 57283.131 57373.038 6 4 "Minimization exited successfully."
01328066 20 0.5260508966295825 57299.36850151833 1.4972677444577421e-05 1.9999999977180254 -0.019167545322674784 0.041780048653797974 1.4921731627000554 3.830449610934678e-05 1.131581228554649 0.326799206182513 10.594768591025947 15.0 -19.863785339555896 0.7108747159889859 57273.098 57379.048 5 15 "Minimization exited successfully."
01328105 42 0.46076530428493545 57303.00723418395 1.7212312958903022e-05 0.0861177836814031 -0.07252388119790182 2.530717886073397e-05 nan 1.1669550005755024e-07 0.03795116227157069 0.004638122831781097 35.21679685333348 37.0 -19.667334106723683 1.0407378003734742 57273.096 57386.046 12 30 "Covariance may not be accurate."
01329166 17 nan nan nan nan nan nan nan nan nan nan nan nan nan nan nan nan 0 0 "No bands in data overlap the model."
01329196 20 nan nan nan nan nan nan nan nan nan nan nan nan nan nan nan nan 0 0 "No bands in data overlap the model."
01329312 31 0.33478644250702566 57309.84752876493 2.025132366715865e-05 -1.816017836269575 0.00878730294546115 0.037595797925936286 0.8156755245508975 1.925076812900329e-06 0.5191162172972422 0.09293769476971872 13.623176320402752 26.0 -19.022860092528116 1.4480622893202302 57283.189 57389.086 10 21 "Minimization exited successfully."
01329615 34 0.42253350428087844 57304.52225697349 1.4447753313676093e-05 -0.29188391050293916 0.04419245834629387 0.03952665157038654 0.936624447513168 1.2608235575292673e-06 0.6609876781788615 0.08611868881432927 21.2452752176707 29.0 -19.25252099268242 1.1063525004753103 57278.301 57385.111 12 22 "Minimization exited successfully."
01330031 13 0.1411524404216835 57316.06197624719 0.0003109733420609273 1.4963444897582159 0.299999514955729 0.0825900945509269 0.6013418570546492 4.19110046657179e-06 0.2427881752448684 0.04613663080566521 47.927734268042315 8.0 -19.882114250974567 0.7839634252054424 57291.079 57376.04 5 8 "Covariance may not be accurate. Covariance not positive definite. Covariance forced positive definite."
01330426 16 0.26922759643606925 57315.61472986018 5.263357572601047e-05 1.001445855756673 0.299223809370522 1.6309763685162793e-06 0.00010210723121417686 6.179439436454479e-07 0.15312971575273826 0.011284723827091947 93.63949817741359 11.0 -19.51925535120185 0.864474649179801 57288.213 57387.181 3 13 "Covariance may not be accurate."
01330642 17 0.6971746361111586 57318.21521486897 7.803272313303134e-06 0.7295712629541349 0.2993582144557359 2.2010108643499837e-05 0.00047896521573420614 3.5290000432730545e-07 0.558860579482686 0.5982551730612835 10.82381171836805 12.0 -19.904750590634816 0.909652710875843 57283.189 57403.073 6 11 "Covariance may not be accurate."
01330903 20 0.6890468658742304 57307.139634517094 7.2112245761896124e-06 0.386807044073628 0.2836882483057824 0.05395844210465928 1.7402475772614707 1.5355067450414925e-06 1.0670610314908928 0.535526110693618 17.649969631961188 15.0 -19.787052754120314 0.9689161533814321 57276.314 57396.101 8 12 "Minimization exited successfully."
01331123 17 0.25851432608117764 57318.1448129125 3.730135260672507e-05 -1.51936403132521 0.29838224479905834 0.018470431253237413 0.3053262098983396 2.1797697436265493e-06 0.360621429966278 0.5845688425501712 20.767758188164027 12.0 -19.042899072012478 1.3467051305557476 57297.032 57386.044 6 11 "Minimization exited successfully."
01331993 30 0.6166184583323123 57327.00387400647 4.72838651330576e-06 0.9277092568594831 -0.005927292813080798 0.06744979158598663 2.6683733236277476 2.4029660713464907e-06 1.3182002745327752 0.4260529988310974 13.101833605400973 11.0 -19.02978715403823 0.8885311317828695 57291.17 57403.073 11 19 "Covariance may not be accurate. Covariance not positive definite. Covariance forced positive definite."
01332059 18 0.571025170221684 57324.54972580309 1.028173659540499e-05 -0.35023003641767936 -0.2999875683017603 7.821742776470408e-06 0.0009924944533850066 8.485610928116173e-07 1.3666971818325098 0.32801907821175835 6.818401715792665 13.0 -19.673599575360257 1.1375298515604797 57288.201 57403.101 8 10 "Covariance may not be accurate. Covariance not positive definite. Covariance forced positive definite."
01332413 17 0.6306447108369387 57326.77785348451 6.86156362916246e-06 1.608122781328471 0.29992678269194767 0.04678924101270443 1.8693782915506745 5.150537354614571e-07 1.014520141289049 0.4347973603706272 26.678094132281547 12.0 -19.49935531114363 0.7659336018208478 57299.144 57403.064 6 11 "Minimization exited successfully."
01333246 30 0.5321874914062078 57326.48814899785 1.0220431546403842e-05 1.4184427176409535 0.22004693486887156 9.960801190672663e-05 0.007203513425338315 9.366180518333161e-07 0.8369310114666049 0.13424699422983735 9.608664671030306 25.0 -19.481464258413126 0.7992227731749679 57299.22 57403.101 12 18 "Covariance may not be accurate."
01333438 31 0.3902716336187126 57327.087990066975 1.2524598220065021e-05 0.4149724832102848 0.14698801317850613 0.04199497173837047 0.8221595165450708 9.635443081010277e-07 0.5300888663842345 0.1003270689615621 35.37482475088459 26.0 -18.894572775375483 0.970573928117954 57297.346 57404.045 9 22 "Minimization exited successfully."
01334084 14 0.2443814198900312 57336.85017266332 0.0001306780450557543 -0.8716944897264383 -0.08034104551973892 0.02892691535567235 0.6771843144233571 1.1080686048084433e-05 0.4749399489782371 0.07090044516077605 1.4043677040315559 9.0 -20.26073562528651 1.2331329435722473 57315.206 57396.099 4 10 "Minimization exited successfully."
