analysis_pipeline/fit_results/des_5_sn91bg_color_interpolation_red.ecsv
# %ECSV 0.9
# ---
# datatype:
# - name: obj_id
#   datatype: string
# - name: num_points
#   datatype: int64
# - name: z
#   datatype: float64
# - name: t0
#   datatype: float64
# - name: x0
#   datatype: float64
# - name: x1
#   datatype: float64
# - name: c
#   datatype: float64
# - name: z_err
#   datatype: float64
# - name: t0_err
#   datatype: float64
# - name: x0_err
#   datatype: float64
# - name: x1_err
#   datatype: float64
# - name: c_err
#   datatype: float64
# - name: chi
#   datatype: float64
# - name: dof
#   datatype: float64
# - name: b_max
#   datatype: float64
# - name: delta_15
#   datatype: float64
# - name: tmin
#   datatype: float64
# - name: tmax
#   datatype: float64
# - name: pre_max
#   datatype: int64
# - name: post_max
#   datatype: int64
# - name: message
#   datatype: string
# schema: astropy-2.0
obj_id num_points z t0 x0 x1 c z_err t0_err x0_err x1_err c_err chi dof b_max delta_15 tmin tmax pre_max post_max message
[from data line 103]
01310395 35 0.5687689813638833 56999.5442871787 7.771561172376097e-17 1.2441971369984346 0.47607095085542467 0.6521551979042602 79.37562432062623 0.030746230859650118 0.3443277600598696 0.7046275722410764 2179.5741191734787 30.0 -19.509057519484028 1.4605247277440903 56956.208 57052.042 15 20 "Covariance may not be accurate."
01312274 14 0.398055902740241 56988.34325163609 3.33066907387547e-17 1.2499082776012198 0.8576090619027037 0.0004030611478824109 0.04614983867213596 1.3877787807814438e-18 6.1406607998470975e-06 0.8653913123872726 65.21914538060294 9.0 -16.92876113147868 1.45685121946374 56960.265 57045.113 4 10 "Covariance may not be accurate."
01313594 28 0.48647482975412076 56990.19654324812 6.383782391594651e-17 1.248927772557927 0.012081266590210915 0.6389967006995991 61.8277359020758 0.030746516519548944 0.3580514385099492 0.5661828685629589 1599.0066636295576 23.0 -19.786890172399318 1.457467152870663 56973.04 57051.058 8 20 "Covariance may not be accurate."
01314897 15 0.3971924348997438 57333.69100492457 2.7755575615628915e-18 1.1726524282342459 0.04778902144543795 0.6252664965843361 86.40488600393292 0.03174803795338467 0.32915646884973365 0.5141891983192863 957.8991303752298 10.0 -15.798728607877766 1.5107811511577331 57273.363 57373.072 10 5 "Covariance may not be accurate."
01315192 22 0.6908109220076071 57021.80049314989 6.106226635438361e-17 0.6500001580258543 0.04079065017857181 1.1847485560212423e-05 0.0012487774947658181 0.0 9.643622733701562e-09 0.18821405886020406 3601.0376999830073 17.0 -20.616971321490215 2.262339954765718 56987.198 57052.1 13 9 "Covariance may not be accurate."
01315259 24 0.47525022729421573 57014.18287051362 6.106226635438361e-17 0.6500469103298842 0.001377962859228643 0.6367503856230868 60.97136155536282 0.030751335654891233 0.3667760756365815 0.6302152453324094 2531.2063363835314 19.0 -19.694798721434417 2.2622211545608053 56980.183 57049.073 10 14 "Covariance may not be accurate."
01315296 14 0.42682954581812266 56992.37879799381 5.551115123125783e-18 0.6500006489147656 0.000112813779057086 0.6268979182551291 61.483993897494656 0.03089680082194495 0.37102637509751857 0.6104301600941877 195.06710583058268 9.0 -16.814542410182348 2.2623375263999357 56973.19 57049.072 4 10 "Covariance may not be accurate."
01316385 21 0.46932008048695123 57016.88113123216 2.414735078559716e-16 0.6500000000002307 0.017359002805697132 1.854929442832165e-05 0.001542602272820659 1.3877787807814407e-18 2.6407853681575943e-10 0.7284374255235078 2454.523279288118 16.0 -21.12933249966899 2.2623396475531266 57001.203 57067.046 6 15 "Covariance may not be accurate."
01316431 19 0.7217142400784784 57022.29683947054 1.1657341758564144e-16 0.6500000000917661 0.00033150844320017914 5.325650055953979e-06 0.0005116462198202498 1.3877787807814407e-18 1.1207573757943123e-10 0.9229994478107828 6679.8342434347 14.0 -21.501492345389025 2.2623391651737528 57001.165 57052.1 10 9 "Covariance may not be accurate."
01316437 11 0.39561101078087463 57020.603884159274 2.7755575615628915e-18 0.6500000000001309 4.715841661617759e-09 0.6192882879959363 64.1998301378735 0.03102275887325012 0.3722732446188583 0.6148957400563455 168.56904173841545 6.0 -15.86648382285976 2.2623391562538977 56980.2 57045.113 7 4 "Covariance may not be accurate."
01316465 21 0.5578304357577214 57019.599621364876 2.7755575615628915e-18 0.6500000119730922 0.00042655823970683127 0.6518201387363185 55.628748169932805 0.030813837956535917 0.36973024808761745 0.6061388670957071 23795.730846845596 16.0 -16.75988190972629 2.2623391379001276 57001.199 57067.046 8 13 "Covariance may not be accurate."
01317164 21 0.14201585032176825 57299.739592484155 1.7763568394002506e-16 0.772317270120795 0.03540245517980478 0.5061199060055716 64.34275153371709 0.03075486424220976 0.36085044147417233 0.6845371902817584 131.69039440659148 16.0 -17.79965133336857 1.9958582605086903 57276.375 57355.165 6 15 "Covariance may not be accurate."
01317277 27 0.8976409902056355 57030.49641310564 1.665334536937735e-17 1.159215741613894 5.9665902665817505e-06 0.5664714935957196 59.193174656920746 0.030771553465827318 0.34230134884253466 0.6138955509265704 969.989297116087 22.0 -19.974202091233856 1.5213717489715748 56987.075 57052.042 19 8 "Covariance may not be accurate."
01317286 27 0.8717867784306221 57027.948313026856 1.7763568394002506e-16 1.0320260074228083 0.4996070110892941 0.6064029458175351 59.07825609106294 0.030747795032269293 0.40256389808561827 0.710297553047359 5217.6393848018415 22.0 -21.48850930248647 1.6384394094120474 56987.075 57052.042 19 8 "Covariance may not be accurate."
01317454 10 0.39512036360523806 57020.287307057 2.7755575615628915e-18 0.6500000000000031 0.0013016053355208168 0.6190362364699133 58.074665417902 0.031010059538503193 0.3721207475855535 0.6297947861643012 367.2288723556941 5.0 -15.861244687440774 2.262339192232794 56987.035 57051.043 6 4 "Covariance may not be accurate."
01317666 25 0.4734229443345522 57298.482535374926 1.1379786002407856e-16 0.6521859137070651 4.3982917308227343e-10 1.0027329890915926e-05 0.001067189426976256 0.0 8.123837438867021e-07 0.00014806876472114872 8716.693271084709 20.0 -20.362841793837823 2.256856073133754 57273.339 57356.034 10 15 "Covariance may not be accurate."
01319366 35 0.49615559261645664 57306.417016862084 2.7755575615628914e-17 1.0956621394596873 0.5090862613990533 0.0001388683392585799 0.6225943974714028 0.0 0.00012108720804482331 0.00022753073308978689 4501.063789828332 30.0 -17.960664701547138 1.5764153154204514 57276.314 57372.107 16 19 "Covariance may not be accurate."
01319821 26 0.889185688584361 57019.94416226646 1.1379786002407856e-16 1.1396537970884264 0.4766082351323193 0.5686992239243482 66.09863725807008 0.034866684032788836 0.4413903978365587 0.7348900113103461 868.3986196005798 21.0 -21.113511953258094 1.537475769212751 56992.127 57067.103 10 16 "Covariance may not be accurate."
01320166 9 0.3926574409169547 57021.04855756732 2.7755575615628915e-18 0.6500000000112803 0.26999587725105656 0.636214557709668 57.45134835998397 0.03535327537959079 0.42424060369916905 0.6339224430950885 397.4802804439414 4.0 -15.326218965403118 2.262350318942456 56991.115 57049.049 5 4 "Covariance may not be accurate."
01322229 7 0.38907494569632517 57026.02161184759 5.551115123125783e-18 0.6500001510374299 2.1442688521389197e-05 0.6164526715350322 48.35840194609773 0.030916789460495798 0.3711293958067006 0.6129714566334629 497.38580829083526 2.0 -16.57626568753428 2.2623387767659864 57001.098 57052.048 4 3 "Covariance may not be accurate."
01322979 10 0.39448446183269287 57014.06192746762 2.7755575615628915e-18 0.650000000116756 4.484579384289589e-05 0.6174489089337617 47.39264731925141 0.03084528257668593 0.3701398509480136 0.6120968480320796 3350.462378940822 5.0 -15.85908983791629 2.2623391571976477 57008.065 57067.047 2 8 "Covariance may not be accurate."
01324542 10 0.39629856583989564 57053.34980609456 2.7755575615628915e-18 0.6500000000055601 0.0006459798995100963 0.6197920309330589 52.80696899531176 0.03105874249319145 0.37270573765313386 0.6254661782348423 191.563951381344 5.0 -15.869926103372151 2.2623391740791483 57011.092 57067.103 7 3 "Covariance may not be accurate."
01325358 0 nan nan nan nan nan nan nan nan nan nan nan nan nan nan nan nan 0 0 "Empty table passed to fit_lc."
01327978 32 0.5238131509047451 57301.38608851713 3.053113317719181e-17 1.1697814400283306 0.0009572566959754614 0.6472855522034345 68.63360620430103 0.030853537468574405 0.33500920293066744 0.6016934595638335 173.61603566087302 27.0 -19.197177273607384 1.5130112863356615 57283.133 57373.043 14 18 "Covariance may not be accurate."
01328066 22 0.3954019951998314 57317.136138369824 2.7755575615628915e-18 0.6500000000405493 0.00023024248537201197 0.6197791104066334 86.08276234485311 0.031089996354096604 0.3730821157335969 0.6212551142950762 223.02680846119304 17.0 -15.864763843542665 2.262339162506482 57273.1 57379.051 12 10 "Covariance may not be accurate."
01328105 23 0.3950989251489532 57287.23087059228 4.163336342344337e-17 0.8757062194821018 0.07392432676833044 0.6330477408255524 72.17121125723861 0.0383303942040263 0.48462117765620194 0.5121513644789264 154.83047393594964 18.0 -18.68022714456395 1.8297082974974295 57273.1 57386.049 4 19 "Covariance may not be accurate."
01329166 0 nan nan nan nan nan nan nan nan nan nan nan nan nan nan nan nan 0 0 "Empty table passed to fit_lc."
01329196 0 nan nan nan nan nan nan nan nan nan nan nan nan nan nan nan nan 0 0 "Empty table passed to fit_lc."
01329312 15 0.39209528892922724 57284.41576252244 8.326672684688675e-18 0.6939463561308238 0.059956913609512386 0.6263894529430577 66.37150366486094 0.03220337359527706 0.4445756103279145 0.5012579673819788 270.39657497735504 10.0 -16.937575518185355 2.157625520931674 57283.215 57387.044 1 14 "Covariance may not be accurate."
01329615 16 0.43094282457529254 57321.90869765049 5.551115123125783e-18 1.23935772338002 0.0006281252848025498 0.6278444734364952 86.18797311257367 0.030884302898798593 0.4017045069975181 0.6042389123162198 142.0846643255527 11.0 -16.838519149107338 1.4636479508690634 57278.306 57385.114 8 8 "Covariance may not be accurate."
01330031 26 0.47780517005854517 57314.63000138189 8.298917109073046e-16 0.6693364635716951 0.5090553837004002 0.6372233547375161 73.7423597050365 0.030746245978688472 0.40909261557114796 0.7124149757864945 20956.26212586585 21.0 -21.551562040505925 2.214965301148794 57290.065 57376.044 12 14 "Covariance may not be accurate."
01330426 34 0.49360854758798406 57336.1071406836 9.436895709313832e-17 0.8689610694926513 0.15202799452790466 0.6773552831827792 87.08226599508271 0.03494798098435066 0.4736285814422358 0.5710832334217854 12503.589766685918 29.0 -19.99795673001146 1.8394375309048918 57288.215 57387.185 16 18 "Covariance may not be accurate."
01330642 17 0.3972350353712132 57390.37851626988 2.7755575615628915e-18 0.6500000000071449 0.04759562595929545 0.6216933326506681 101.27224595895314 0.031259433611125646 0.3751123410989428 0.5144063440640017 1696.1923963966838 12.0 -15.799331250131083 2.2623405667686747 57283.215 57402.062 15 2 "Covariance may not be accurate."
01330903 21 0.393766474344548 57311.41786314528 2.7755575615628915e-18 0.6744857172349987 0.4481431369138163 0.6257383824756619 90.8282245569244 0.03199672451760555 0.4304008480824763 0.708743984611898 133.490827910983 16.0 -14.997477874328819 2.202722534724817 57276.317 57396.103 9 12 "Covariance may not be accurate."
01331123 34 0.47181213894264973 57349.178188803584 2.7755575615628915e-18 0.6500000000108945 0.0001275031880436095 0.638237958606091 76.78087379556382 0.030938360308153407 0.37126142077259894 0.6101447952337502 2796.1757745871655 29.0 -16.321807690494456 2.2623391597450926 57297.034 57386.049 22 12 "Covariance may not be accurate."
01331993 0 nan nan nan nan nan nan nan nan nan nan nan nan nan nan nan nan 0 0 "Empty table passed to fit_lc."
01332059 19 0.43697556921208053 57334.06628477969 0.0 1.0285349363808771 0.5002156518188242 0.0 0.0 0.0 0.0 0.0 287.01542340224745 14.0 inf nan 57288.203 57403.103 10 9 "Hesse Failed. Covariance may not be accurate. Covariance not positive definite."
01332413 17 0.39093456289609274 57284.76721532713 3.33066907387547e-17 1.2407449262700219 0.5022352023053486 7.878533108862662e-05 21.592414716815256 0.0 2.2357526025529317e-05 0.00015135949884814703 182.9292770135166 12.0 -17.552243116370043 1.4627604146863504 57297.151 57403.061 0 17 "Covariance may not be accurate."
01333246 16 0.39511299490333784 57333.552638875626 2.4980018054066023e-17 0.7210923765334778 0.15731581071441225 0.6200768480833359 82.1697537042055 0.031137508990890746 0.32725888252049623 0.7319548710702382 50.05501743015595 11.0 -17.967609336392794 2.09767168483177 57299.227 57403.103 7 9 "Covariance may not be accurate."
01333438 9 0.3948008004069696 57334.653652300876 1.665334536937735e-17 0.9704732015176532 0.500237259231611 0.01175605127954299 1.908059682304156 1.3877787807814454e-18 0.00202906035544137 0.7032456160954034 10.865667140459024 4.0 -16.82808242141536 1.7057103151964483 57311.292 57406.124 3 6 "Covariance may not be accurate. Covariance not positive definite. Covariance forced positive definite."
01334084 11 0.8965219239125868 57346.24162132414 1.0658141036401504e-15 0.6500366914492833 0.500425669358046 0.690356686664424 0.014996685142250499 8.326672684688694e-18 3.3227682488257138e-06 0.00012333372133876974 494.8310878949323 6.0 -23.507493372522724 2.26226413761837 57315.21 57396.101 5 6 "Covariance may not be accurate."
01334087 15 0.3954814503981848 57329.20972781691 5.551115123125783e-18 1.2468845606124048 0.00019554375092201148 0.6190810790009305 69.54628169860734 0.031002526412957587 0.3528627320220223 0.6089968226195905 476.83450084150246 10.0 -16.617909668923474 1.458779484597052 57311.299 57403.103 6 9 "Covariance may not be accurate."
01334302 19 0.5055040446911332 57347.808430747675 0.0 0.6500001800604008 0.5000373856927215 0.0 0.0 0.0 0.0 0.0 242.84032175453893 14.0 inf nan 57301.038 57407.048 10 9 "Hesse Failed. Covariance may not be accurate. Covariance not positive definite."
01334423 14 0.39501601792867064 57341.12203790247 2.7755575615628915e-18 0.6500000000091202 0.0011869784393959137 0.6304624022712002 77.00790983701518 0.03277617816556521 0.3933152522026895 0.600164991857374 531.8775898178855 9.0 -15.860747262882278 2.2623391890358917 57312.145 57408.057 6 8 "Covariance may not be accurate."
01334448 16 0.3966903680856657 57347.29983445626 2.7755575615628915e-18 0.6500000000001219 0.005169268745195521 0.6210132487826201 83.62080668047929 0.03119457364358797 0.374335197932141 0.5835648646506231 43.28181974350369 11.0 -15.865310193663316 2.262339299949378 57301.286 57402.056 9 7 "Covariance may not be accurate."
01334470 15 0.49309234262355056 57347.34039531741 0.0 0.6500008719263883 0.5000373296317002 0.0 0.0 0.0 0.0 0.0 292.7185020980402 10.0 inf nan 57305.286 57402.056 8 7 "Hesse Failed. Covariance may not be accurate. Covariance not positive definite."
01334597 23 0.23889904506325782 57350.33533783761 1.332267629550188e-16 0.6502692170137924 0.44538253051378446 0.001032584407178072 0.026932457480143057 1.3877787807814407e-18 0.00012650286292315016 0.0002067362591214872 8630.507746984358 18.0 -17.94962528934553 2.261677270243471 57316.101 57403.073 10 13 "Covariance may not be accurate."
01334620 29 0.7977354947643962 57334.14277388214 2.609024107869118e-16 0.8271886588422006 0.49755414796774944 0.643194695509752 71.31537631785613 0.030746254908756328 0.4433905590880339 0.7098035245858401 785.7588521701109 24.0 -21.67259377381718 1.9025115138736837 57311.284 57403.064 10 19 "Covariance may not be accurate."
01334644 27 0.5028008703327796 57346.5642119597 2.7755575615628915e-18 0.6500000000052164 0.0005149934328693151 0.6444081619502203 75.31605557590956 0.030920447088363178 0.3710446177447281 0.6052607688847548 1138.3361861994113 22.0 -16.487177118269464 2.2623391704600557 57311.284 57403.064 13 14 "Covariance may not be accurate."
01334645 28 0.49735908502653814 57331.958361546254 1.332267629550188e-16 0.6500000286587605 0.5003028800249621 7.271671517683487e-05 3.782319735710189 0.0 2.7432802529592237e-08 0.00010172834499388994 1342.3705529845545 23.0 -19.684027079419785 2.2623563949013175 57311.284 57403.064 10 18 "Covariance may not be accurate."
01334707 0 nan nan nan nan nan nan nan nan nan nan nan nan nan nan nan nan 0 0 "Empty table passed to fit_lc."
01334879 17 0.393385622564629 57336.52585922997 5.551115123125783e-18 0.9505676715070277 0.10145198827435276 0.6330789605419056 94.07015930686975 0.033575231069705565 0.4422193939947076 0.5354252176164003 776.7321258902512 12.0 -16.431732143306498 1.7295971636133416 57304.304 57426.068 5 12 "Covariance may not be accurate."
