analysis_pipeline/fit_results/des_4_sn91bg_salt2_phase_blue.ecsv
# %ECSV 0.9
# ---
# datatype:
# - {name: obj_id, datatype: string}
# - {name: num_points, datatype: int64}
# - {name: z, datatype: float64}
# - {name: t0, datatype: float64}
# - {name: x0, datatype: float64}
# - {name: x1, datatype: float64}
# - {name: c, datatype: float64}
# - {name: z_err, datatype: float64}
# - {name: t0_err, datatype: float64}
# - {name: x0_err, datatype: float64}
# - {name: x1_err, datatype: float64}
# - {name: c_err, datatype: float64}
# - {name: chi, datatype: float64}
# - {name: dof, datatype: float64}
# - {name: b_max, datatype: float64}
# - {name: delta_15, datatype: float64}
# - {name: tmin, datatype: float64}
# - {name: tmax, datatype: float64}
# - {name: pre_max, datatype: int64}
# - {name: post_max, datatype: int64}
# - {name: message, datatype: string}
# schema: astropy-2.0
obj_id num_points z t0 x0 x1 c z_err t0_err x0_err x1_err c_err chi dof b_max delta_15 tmin tmax pre_max post_max message
[from data line 107]
01315192 7 0.2254 57005.44520659547 5.023759186428834e-16 0.754665333328513 0.5000928491015801 0.0 0.257184728874563 1.5265566588595873e-17 0.04170412145948721 0.03834130556308088 1899.3974484579214 3.0 -19.120369537833632 2.027935964382028 56987.196 57052.098 3 4 "Covariance may not be accurate. Covariance not positive definite. Covariance forced positive definite."
01315259 10 0.228 56998.926662143465 2.3869795029440865e-16 1.1281486548950583 0.35206449453780064 0.0 29.271794495318318 0.03074623024089366 0.36060784944120844 0.6669465023881342 4996.456844885022 6.0 -18.655808254637087 1.5467485598391733 56980.181 57049.068 3 7 "Covariance may not be accurate."
01315296 27 0.4126 56988.20888065975 1.1102230246251566e-17 1.0811616160720734 0.4680031757391074 0.0 29.76164818845791 0.03095697601063846 0.3836936373632525 0.7172911380904013 821.5718589569844 23.0 -16.577989543065048 1.5893981419630983 56973.185 57049.07 5 22 "Covariance may not be accurate."
01316385 11 0.1478 57020.05762367524 2.273181642920008e-15 1.248765946110408 0.4847363839940587 0.0 29.305255702143768 0.030808008847166828 0.3801079474147568 0.7075120999139028 3386.8605268811766 7.0 -19.77831113364389 1.4571777214869073 57001.175 57066.03 5 6 "Covariance may not be accurate."
01316431 10 0.1981 57024.0940152996 3.7470027081099033e-16 0.6500000000132147 0.00348383079914244 0.0 30.89894139212265 0.03423672752335939 0.4108393962469154 0.6389140836585627 19626.66687483656 6.0 -19.459796834144942 2.260654161449846 57001.162 57052.098 5 5 "Covariance may not be accurate."
01316437 13 0.482 57000.16141943354 2.7755575615628915e-18 1.1600771418561528 0.3912284548078297 0.0 30.0605731137548 0.031899954438113026 0.43839388227019405 0.7465200137256758 424.7642131060286 9.0 -15.639690782386847 1.520184332809162 56980.197 57052.1 3 10 "Covariance may not be accurate."
01316465 11 0.3291 57013.61280241891 1.665334536937735e-17 1.2010164277821107 0.08360739693810226 0.0 29.581770524229796 0.030825425808310443 0.4279446175640745 0.5207513338289027 22512.50264366174 7.0 -17.202224933954916 1.4892190994190493 57001.183 57066.064 3 8 "Covariance may not be accurate."
01317164 5 0.1547 57272.08902292728 1.407207683712386e-15 0.6686296974568393 0.5123463347429539 0.0 0.0 0.0 0.0 0.0 470.9726980397525 -1.0 -19.30949197884133 2.215057661179177 57315.181 57355.159 0 5 "Hesse Failed. Covariance may not be accurate. Covariance not positive definite."
01317277 12 0.2371 56996.41865340755 2.4424906541753446e-16 0.6500000000000401 0.3616405936821093 0.0 0.0009567862580297515 0.0 3.7075459369262376e-10 0.16371443371679256 1803.8620945279342 8.0 -18.759130447729834 2.2606668701292136 56987.073 57052.037 3 9 "Covariance may not be accurate."
01317286 14 0.279 56997.53063192855 8.326672684688674e-17 1.1367435730445445 0.07453832226137169 0.0 31.29754426722502 0.03422219453201306 0.4821749264450878 0.5127120610172944 9397.743207499088 10.0 -18.55078194287151 1.539385210735496 56987.073 57052.037 4 10 "Covariance may not be accurate."
01317454 10 0.5688 56996.82075570445 2.7755575615628915e-18 1.183718955279248 0.0020507098073745955 0.0 29.448875684236555 0.03100848497562033 0.32419504246149183 0.6334866532357208 507.0060367594295 6.0 -16.808630387268686 1.501865240768197 56987.033 57051.04 3 7 "Covariance may not be accurate."
01317666 22 0.1414 57258.34112429577 5.828670879282072e-16 0.7103650878768918 0.11223063948897438 0.0 28.165011963286815 0.03538692558966459 0.488506950445869 0.5436767402269524 10187.655612726854 7.0 -18.943756117543863 2.1194615921830717 57278.217 57356.106 0 22 "Covariance may not be accurate."
01319366 17 0.2361 57292.3698466948 4.468647674116255e-16 0.8726898107486087 0.500127038616601 0.0 0.01274823357744026 5.551115123125788e-18 0.00017686399596850144 0.5260666700185591 5914.687743359933 8.0 -19.10713748672918 1.8331221566828972 57276.312 57372.102 5 12 "Covariance may not be accurate. Covariance not positive definite. Covariance forced positive definite."
01319821 10 0.3088 57017.12246301771 3.608224830031759e-16 0.9599323352753688 0.4897551712498558 0.0 24.658523772508488 0.03664833884686037 0.45419721065854995 0.7445932955494375 1733.0226453032592 6.0 -19.568301360940364 1.7174430988985883 56992.125 57067.099 3 7 "Covariance may not be accurate."
01320166 10 0.449 56976.690406188856 4.163336342344337e-17 1.237042686025796 0.6663570348985686 0.0 26.562067209979432 0.030836921383996213 0.3292819847773138 0.7383046615702045 549.9764341261645 6.0 -17.855453649649963 1.464757415579573 56991.113 57049.046 0 10 "Covariance may not be accurate."
01322229 7 0.5261 57023.458771109 5.551115123125783e-18 1.2347703245522128 0.15151817556216224 0.0 28.233869602376217 0.030841347585463592 0.32660548989956545 0.5707578740366253 820.7077786402026 3.0 -17.089725120741253 1.466233109439539 57001.076 57039.041 4 3 "Covariance may not be accurate."
01322979 9 0.5294 57021.831157950844 1.1102230246251566e-17 1.0717901065825082 0.0954976106622325 0.0 29.660156488658686 0.030846822046375434 0.3875690829017013 0.7166292531203506 4316.431914027386 5.0 -17.966283988522736 1.5983312817723174 57008.04 57061.074 3 6 "Covariance may not be accurate."
01324542 9 0.5415 57022.88432106412 2.7755575615628915e-18 0.6825020917120912 0.11323972451106823 0.0 30.69741172011345 0.032564167211414224 0.31854816485025084 0.5444285422840992 384.93441765968066 5.0 -16.487548284966568 2.1823793643463034 57011.089 57067.101 2 7 "Covariance may not be accurate."
01325358 7 0.7793 56991.62941329863 2.7755575615628915e-18 0.650000005139392 0.001020777448203558 0.0 21.35149762328365 0.031020706809476765 0.3722723302762481 0.6012545288590101 152.21500111369227 3.0 -17.647608916025465 2.260654081336728 57008.067 57047.038 0 7 "Covariance may not be accurate."
01327978 10 0.2073 57294.94302416605 2.7478019859472625e-16 0.6500000000000006 0.06842159759094574 0.0 29.604365446015436 0.030916093880075986 0.3709931564134844 0.7054202892523842 324.192391445382 4.0 -19.125448297405057 2.2606561266903924 57283.131 57373.038 4 6 "Covariance may not be accurate."
01328066 20 0.4489 57288.11628570792 5.551115123125783e-18 1.2492656152111952 0.0008259564354681226 0.0 29.71177879069728 0.03089532465358416 0.36167467186104324 0.6268215114701372 381.8448896071991 12.0 -16.943927439290437 1.4568440707799688 57273.098 57379.048 4 16 "Covariance may not be accurate."
01328105 42 0.4402 57288.560236179306 1.1102230246251565e-16 1.091342788638408 0.5591038688564771 0.0 0.06450929023412755 1.387778780781453e-18 0.008010592992948595 0.006056457235247781 1267.298687688553 28.0 -19.0716141715245 1.579833237561683 57273.096 57386.046 7 35 "Minimization exited successfully."
01329166 17 0.7316 57253.25100284493 3.053113317719181e-17 1.0346044098190648 0.3911426351506301 0.0 24.60828594456325 0.03076597406365375 0.4407561679415537 0.7303424561567147 488.1043282729254 6.0 -19.345909867727258 1.63514215202596 57277.334 57401.075 0 17 "Covariance may not be accurate."
01329196 20 0.7693 57252.582895307365 2.7755575615628915e-18 0.650000000436345 0.0014300476729139366 0.0 21.336654922222806 0.030871149239910373 0.3704469367059037 0.5986967875170812 695.8161009871554 6.0 -17.61237395701206 2.2606541042864166 57277.321 57406.112 0 20 "Covariance may not be accurate."
01329312 31 0.3444 57306.40391312735 6.106226635438361e-17 0.9902222696815655 0.13895844548644465 0.0 2.1360569987955387 1.387778780781447e-18 0.0030676566509541536 0.02288104301585242 1194.2502608040515 21.0 -18.624055690946523 1.6824124686251132 57283.189 57389.086 10 21 "Covariance may not be accurate."
01329615 34 0.4039 57294.59958043998 1.3600232051658169e-16 0.8827629080133618 0.6284022656347074 0.0 0.042376344888907624 1.3877787807814407e-18 0.019313433360855614 0.041876057793998056 901.5294675997915 24.0 -18.94333378315146 1.818740861891829 57278.301 57385.111 6 28 "Covariance may not be accurate."
01330031 13 0.1041 57275.166836230404 1.6986412276764896e-15 1.0737887369879298 0.5002112098935004 0.0 23.741206932249042 0.030767265365434962 0.4434271013035272 0.7106865399334774 2988.344495202976 1.0 -18.601143550142947 1.596424702544109 57291.079 57376.04 0 13 "Covariance may not be accurate."
01330426 16 0.2595 57292.85360470826 3.4416913763379854e-16 0.6500000000000119 0.06730932596805805 0.0 0.0010885428673645947 0.0 5.601469288407657e-10 0.024537795467274748 15095.7862823217 6.0 -19.923936622473878 2.260656089575992 57288.213 57387.181 1 15 "Covariance may not be accurate."
01330642 17 0.6339 57295.61794134812 2.4980018054066023e-17 1.0274625107933102 0.0217319201389497 0.0 30.8195439143783 0.032632151360479394 0.4098252603441443 0.6712757332486626 1732.4254430834476 9.0 -19.449325303143645 1.6424676156028255 57283.189 57403.073 2 15 "Covariance may not be accurate."
01330903 20 0.5638 57294.879420149286 5.551115123125783e-18 0.6500133283380926 0.3648427571343752 0.0 0.0015545146561635192 1.3877787807814458e-18 2.9876977930554105e-07 0.401023544585008 412.1267044183329 11.0 -16.854234669194618 2.2606334750571975 57276.314 57396.101 5 15 "Covariance may not be accurate."
01331123 17 0.2291 57282.03000296489 8.465450562766819e-16 0.6500000370383422 0.4959840841962302 0.0 0.004635663615772501 9.71445146547011e-18 0.00019531516517617975 0.000415227128655965 3231.947760954019 6.0 -19.73690106612159 2.260670828073259 57297.032 57386.044 0 17 "Minimization exited successfully."
01331993 30 0.7196 57276.17319594417 8.326672684688675e-18 1.0662455890729006 0.0007480342380282723 0.0 24.469230334081658 0.030775831054549833 0.389712850632331 0.6032497900878775 1011.5017489421466 15.0 -18.627679816036704 1.603679366343286 57291.17 57403.073 0 30 "Covariance may not be accurate."
01332059 18 0.5788 57293.6934016582 2.7755575615628915e-18 0.650000000040642 0.0020449107893308893 0.0 28.621431939409376 0.03092890983181537 0.3711448550544801 0.633461110922745 316.7594686264122 10.0 -16.85460765534538 2.260654122040453 57288.201 57403.101 2 16 "Covariance may not be accurate."
01332413 17 0.6087 57322.14052169791 6.66133814775094e-17 0.6500049861336086 0.4905037336103365 0.0 24.32222654259749 0.03074686594909358 0.3682530462981485 0.7081551702750154 477.8474367391733 10.0 -19.48658217524882 2.260658187193979 57299.144 57403.064 6 11 "Covariance may not be accurate."
01333246 30 0.4379 57284.23005574635 0.0 1.0938267282725513 0.5001249278568356 0.0 0.0 0.0 0.0 0.0 0.0 -4.0 inf nan 57299.22 57403.101 0 30 "Hesse Failed. Covariance may not be accurate. Covariance not positive definite."
01333438 31 0.3995 57282.35561632145 7.494005416219807e-17 0.9084387483872615 0.0030247968814848814 0.0 24.56317950785524 0.031038661386304834 0.41712906584356446 0.5911247194622654 759.7447630630908 13.0 -19.465250209096464 1.783177977030224 57297.346 57404.045 0 31 "Covariance may not be accurate."
01334084 14 0.1335 57327.96401622849 1.5987211554602255e-15 0.7388460500071566 0.4913622694436394 0.0 29.539062879648554 0.03074622793424594 0.4388988393378769 0.7083586699992106 1247.6047449728717 4.0 -19.139270082569904 2.0592957109321155 57315.206 57396.099 4 10 "Covariance may not be accurate."
01334087 4 0.2663 57328.73010942533 1.1379786002407855e-15 0.6745024922204688 0.5000917497194913 0.0 0.2677131483615085 2.775557561562832e-18 0.00025076070384322247 0.0005336571946923663 285.529674018559 -1.0 -20.419845232996078 2.20110837363708 57315.208 57403.099 2 2 "Covariance may not be accurate."
01334302 17 0.4549 57286.03705195063 8.881784197001253e-17 1.0209596917585537 0.4258665358025445 0.0 24.45875029475792 0.03078683402505146 0.40651652920783193 0.6910032422979256 273.113328586754 6.0 -19.181132619379788 1.6492427065447153 57301.037 57407.046 0 17 "Covariance may not be accurate."
01334423 28 0.3577 57315.81462553587 2.7755575615628915e-18 0.6500000003557589 0.0005072726432957531 0.0 28.174432453866757 0.030929232800192764 0.37114459589586785 0.6053343302208867 1839.1577967835635 16.0 -15.607990269852344 2.2606540793913013 57312.14 57408.055 2 26 "Covariance may not be accurate."
01334448 16 0.5167 57286.28781310157 0.0 1.0202153026871872 0.5001295261055095 0.0 0.0 0.0 0.0 0.0 0.0 -4.0 inf nan 57301.284 57402.053 0 16 "Hesse Failed. Covariance may not be accurate. Covariance not positive definite."
01334470 15 0.5188 57320.27718234644 2.7755575615628915e-18 0.6500000000004275 0.0693415161798206 0.0 29.869400354375102 0.031088149798013484 0.3730580191513655 0.7058677235296102 437.84572746189843 9.0 -16.454881440786565 2.2606561574858546 57305.283 57402.053 4 11 "Covariance may not be accurate."
01334597 12 0.289 57334.89044489454 9.436895709313832e-17 0.6500000000937339 0.5002138865212786 0.0 29.09095793990491 0.030843420753803807 0.3701178865133331 0.7116533433622064 19612.260939506028 6.0 -17.92044696074352 2.2606710807271106 57315.241 57406.101 4 8 "Covariance may not be accurate."
01334620 15 0.1961 57320.354549307056 5.551115123125783e-18 1.233295841930727 0.001552702158012842 0.0 29.271845225684956 0.030893715291685244 0.4086852175151497 0.598001806604575 1373.1347472384236 7.0 -14.864974619750754 1.4671958687661757 57311.282 57403.062 3 12 "Covariance may not be accurate."
01334644 15 0.2881 57320.64541427134 2.1926904736346843e-16 0.6500000000021484 0.5000054626883896 0.0 0.6267883373584482 3.1918911957973236e-17 0.002133905172676309 0.015122182775947818 1359.5185177269716 7.0 -18.828339824166484 2.260671080326272 57311.282 57403.062 3 12 "Covariance may not be accurate. Covariance not positive definite. Covariance forced positive definite."
01334645 12 0.2312 57318.1413396943 1.304512053934559e-16 0.6500015208147905 0.014089713634871937 0.0 0.0026945841491397005 1.3877787807814407e-18 1.2820140882219278e-07 0.09378398341075614 4371.659800520723 5.0 -18.674651186686646 2.2606506376153312 57311.282 57403.062 1 11 "Covariance may not be accurate."
01334707 31 0.6488 57289.30966611282 8.326672684688675e-18 0.9400973572071373 0.0011722828834954124 0.0 24.484334778371704 0.030778264192451794 0.428686606811603 0.6002582210550642 3083.395111695194 14.0 -18.351137654884354 1.7418301121773112 57304.307 57426.071 0 31 "Covariance may not be accurate."
01334879 16 0.6393 57287.24686399355 6.106226635438361e-17 0.6654186471274616 0.5000790518970545 0.0 0.008725990694074426 1.387778780781447e-18 0.03590313082348329 0.008302327664948539 1523.609619058525 6.0 -19.498796065704852 2.222765312321595 57302.267 57425.071 0 16 "Covariance may not be accurate. Covariance not positive definite. Covariance forced positive definite."
01335472 14 0.4989 57315.99501889255 2.7755575615628915e-18 0.6500000000000777 0.000941685073411469 0.0 28.51759158265122 0.030962965301873188 0.371555711380868 0.6276131788370378 524.0578415191407 8.0 -16.466133947442653 2.260654092091169 57311.025 57403.049 2 12 "Covariance may not be accurate."
01335564 15 0.6077 57323.37268475154 4.718447854656916e-17 0.6553898269846472 0.41514569182365235 0.0 0.046061533357715234 0.0 0.010585626338407816 0.0026529854772877337 214.59899241794065 10.0 -19.276333168464063 2.2472378220560536 57311.284 57427.068 3 12 "Covariance may not be accurate."
01335694 11 0.2591 57348.53918888392 2.414735078559716e-16 0.7052744358365886 0.04246405663500363 0.0 0.00022351024381350726 0.0 4.854444259905222e-06 0.12705993036369134 8780.668226758758 7.0 -19.577877415172637 2.130684562223891 57325.214 57408.053 5 6 "Covariance may not be accurate."
01335717 13 0.3048 57344.43952277783 1.1102230246251565e-16 1.242619185314048 0.9423300938304886 0.0 29.31948360950264 0.03089895568162343 0.39508421912680586 0.7033513477718959 10695.985826028695 9.0 -17.38651352588311 1.4611330748927926 57325.182 57408.092 3 10 "Covariance may not be accurate."
