analysis_pipeline/fit_results/des_5_salt2_2.4_all.ecsv
# %ECSV 0.9
# ---
# datatype:
# - {name: obj_id, datatype: string}
# - {name: num_points, datatype: int64}
# - {name: z, datatype: float64}
# - {name: t0, datatype: float64}
# - {name: x0, datatype: float64}
# - {name: x1, datatype: float64}
# - {name: c, datatype: float64}
# - {name: z_err, datatype: float64}
# - {name: t0_err, datatype: float64}
# - {name: x0_err, datatype: float64}
# - {name: x1_err, datatype: float64}
# - {name: c_err, datatype: float64}
# - {name: chi, datatype: float64}
# - {name: dof, datatype: float64}
# - {name: b_max, datatype: float64}
# - {name: delta_15, datatype: float64}
# - {name: tmin, datatype: float64}
# - {name: tmax, datatype: float64}
# - {name: pre_max, datatype: int64}
# - {name: post_max, datatype: int64}
# - {name: message, datatype: string}
# schema: astropy-2.0
obj_id num_points z t0 x0 x1 c z_err t0_err x0_err x1_err c_err chi dof b_max delta_15 tmin tmax pre_max post_max message
[from data line 95]
01308568 72 0.5362083064369593 57281.26899930826 5.3462887552396815e-06 1.9999961967704891 0.29999932145885283 0.027334505925673547 0.5566031303278578 3.323299004029389e-07 0.39681292136892 0.42017272756421553 62.41704383246871 46.0 -18.800791314939055 0.7023717860904242 57256.269 57379.066 15 57 "Minimization exited successfully."
01308582 57 0.3781447084686673 57287.82016409927 2.4833628600606786e-05 -0.41255275952347636 -0.07301503854000105 0.015302251815057205 0.4014499641962175 9.335458115697363e-07 0.3957115158717224 0.039924602012609514 25.890404259375824 37.0 -19.55535320430929 1.1371267118926554 57265.24 57366.076 12 45 "Minimization exited successfully."
01308884 48 0.0750000000665697 57293.480728420865 0.00031485258538992145 -1.4248349260079962 0.08676018933497354 0.0007270600685541223 0.028498063889855985 1.9537320890827825e-06 0.0300733765364134 0.004568825282848077 260.24678469245094 31.0 -18.41915792709919 1.3443873863027775 57276.324 57355.251 14 34 "Minimization exited successfully."
01308957 72 0.35191735188573586 57278.32999998608 4.763290048814817e-06 1.999999753636657 0.299999636821843 0.018240400371269117 0.20684085157336085 2.75079528198885e-07 1.0916654071899616 0.048495173243729095 108.36556063683645 49.0 -17.586146524028205 0.7023711943132547 57253.33 57373.057 18 54 "Minimization exited successfully."
01309288 44 0.07500026754158007 56986.36099922543 7.073531879544515e-05 -0.6238582221522271 0.1879690995060847 0.023231763898561 0.07653772398771252 3.7497468096295256e-06 0.2589519264794442 0.043422940700902246 39.36516917565789 22.0 -16.79989022716567 1.1627516414190282 56961.361 57061.067 10 34 "Minimization exited successfully."
01309492 61 0.2573001375939252 56988.255 3.286608093756305e-05 -1.335825796488114 0.007918953532584982 1.0400797165188713e-07 0.0005972839062451385 1.8539454788302144e-07 0.059381941688311124 0.005193151198558815 3448.1227247032275 39.0 -18.889032970705614 1.3304665171338286 56963.255 57067.046 15 46 "Covariance may not be accurate."
01309749 70 0.6862991943515616 56974.34999994955 5.268363904431528e-06 0.8884354771323508 0.18455425063765535 0.01458874702140922 0.012452841689082561 1.301664682609725e-07 0.3349121612955577 0.058759960334643285 598.9087734901402 46.0 -19.433500093602497 0.8877974043658519 56949.35 57067.046 17 53 "Minimization exited successfully."
01310338 63 0.41873465136482235 56974.112 1.6902726776002463e-05 -0.8164363071179683 0.07933533821587657 2.9316051033262402e-05 0.029995705142937368 3.643829085700486e-07 0.2563564967786651 0.023191600019674463 77.88586108868604 39.0 -19.399559623349266 1.2099730148004397 56949.112 57052.042 13 50 "Minimization exited successfully."
01310395 70 0.32569916517998176 56981.02106219863 2.5519156833309076e-05 -0.551935062144449 0.03636961654198767 0.013640832907447525 0.30252719618511037 5.43718604641141e-07 0.27136132494918774 0.02786395270031264 40.76927257147411 47.0 -19.20493374426651 1.1583796899704701 56956.203 57052.042 16 54 "Minimization exited successfully."
01312274 62 0.43049714341610484 56976.91501339979 1.2759464545053501e-05 -1.3148164933809379 -0.03990394407451747 0.01870479780785908 0.6184620792155329 4.7515678815307545e-07 0.4910273420092839 0.039732627023547754 36.4322348954213 43.0 -19.165227153262112 1.3296087860628454 56956.141 57052.1 12 50 "Minimization exited successfully."
01313594 54 0.11441615206032543 56998.03499989969 5.2206582497646425e-05 -0.8536667420289032 0.13024400213271542 0.006284325832844766 0.005090561320685083 9.72731140136407e-07 0.11425319673928414 0.016590270821993186 458.0858957326692 35.0 -17.44481088426387 1.2140878318840223 56973.035 57051.058 15 39 "Minimization exited successfully."
01314897 54 0.2583465978514663 57298.336999997315 2.9615696696830286e-05 0.3539607654514345 0.053155862885902516 0.012370321761255243 0.022715422452165512 8.126040354564101e-07 0.27011335767771705 0.03102448869536864 92.54639134979827 34.0 -18.787181663662565 0.9857857653048114 57273.337 57373.072 16 38 "Minimization exited successfully."
01315192 38 0.22620105310071364 57008.770432036916 5.4866186776530995e-05 1.0374266334107114 0.1224911270531353 0.009019839311045247 0.19252398597745923 1.5964573232302153e-06 0.22511367601951027 0.02815623816598775 28.255929917143515 23.0 -19.130172047223688 0.8652899429688539 56987.193 57052.1 13 25 "Minimization exited successfully."
01315259 44 0.23455452992949116 57004.253510033865 4.731861701596507e-05 -0.5111780296374979 0.04686495637433097 0.012003655779157768 0.19830305316281738 6.330534987206129e-07 0.1483819304943368 0.030177313293121594 19.50603966969275 26.0 -19.056723868095602 1.1494909960914157 56980.181 57049.073 16 28 "Minimization exited successfully."
01315296 53 0.2650840369402926 56998.182999998506 1.1077226038078148e-05 -1.1141290118588425 0.29999794905902283 0.022479676880476446 0.03433269554443541 4.281232447223008e-07 0.40372251810707516 0.05221085758185767 85.91629332070092 34.0 -17.787199791022616 1.2560869997890336 56973.183 57049.072 15 38 "Minimization exited successfully."
01316385 32 0.2230196663611616 57020.50357495807 0.00018915313494469733 1.8444890107250291 -0.12325770833704439 0.010360282186440917 0.2410414102669165 3.9856962523260266e-06 0.22176081221161992 0.02532872715216601 28.157250744194084 14.0 -20.440094090971513 0.7393885290222073 57001.175 57067.046 13 19 "Minimization exited successfully."
01316431 39 0.18229151611943878 57018.63952209854 9.743985574764137e-05 1.1435208357658242 0.001525393372309336 0.004446351876772184 0.09835274683427997 7.94833640835324e-07 0.09015791534499185 0.01127120367129461 44.96238454471889 25.0 -19.22808103872144 0.8519117309829021 57001.16 57052.1 16 23 "Minimization exited successfully."
01316437 49 0.3606189089251632 57005.19199998817 9.474105930962208e-06 -1.8906805047682955 0.28236454433115715 0.01529874831460934 0.0757838358367735 5.626571299766073e-07 0.3728114232486667 0.05668189900478987 69.18269524438722 33.0 -18.391288250935983 1.438710957737019 56980.192 57052.1 15 34 "Minimization exited successfully."
01316465 41 0.3247011517561356 57021.398137923636 2.8748035429188026e-05 0.35509394811500483 0.004715433587443751 0.006335986815558053 0.10324523827512166 2.6577996915938506e-07 0.08641319427267535 0.012771885453025739 52.71864451681665 25.0 -19.327030875397206 0.9878381351628249 57001.175 57067.046 16 25 "Minimization exited successfully."
01317164 35 0.16095455728738867 57297.11711453234 7.290294210935689e-05 -2.426229589191222 0.1205097981336335 2.643955275910548e-06 0.17598975505825365 2.2197219844741252e-06 0.16321130171585185 0.030941704114739094 32.399845953966775 15.0 -18.612928075380815 1.6038888677304186 57276.375 57355.165 5 30 "Minimization exited successfully."
01317277 52 0.21869529025169382 57007.26297458605 4.107038461548807e-05 -1.4494477926456564 0.11976260800647387 0.012337524590442045 0.29645616771813366 1.2072494446818703e-06 0.26838936798110224 0.040772520427841435 33.627961709350004 33.0 -18.731424227581883 1.3471795343090278 56987.071 57052.042 21 31 "Minimization exited successfully."
01317286 54 0.15611534676878797 57012.070999997035 5.123176838157384e-05 -0.07809528726409454 0.14783044446470367 0.00546528888683559 0.004032262728287606 6.252126025438343e-07 0.12823866560809494 0.011042079124048199 418.00439334519285 35.0 -18.158535640626372 1.0596948017747074 56987.071 57052.042 26 28 "Minimization exited successfully."
01317454 39 0.4501949396350399 57012.02799939016 7.684114190179003e-06 -0.8165617266864555 0.14353791358178397 0.019589148502905107 0.10094447035589837 3.37016384505118e-07 0.6200461843034076 0.04941239448133977 39.82171647486078 24.0 -18.731853190439445 1.2053449468676973 56987.028 57051.043 18 21 "Minimization exited successfully."
01317666 47 0.13701003842364018 57298.339 0.0001396904893540274 -0.8620064119704982 -0.06172976885745535 5.19772051293943e-06 0.0010716661417973228 2.996210157929494e-06 0.07988477354231849 0.014905779783225145 1449.5607733467896 29.0 -18.936145117716002 1.2297279752791361 57273.339 57356.106 16 31 "Covariance may not be accurate."
01319366 65 0.16846856177193908 57301.311999968006 6.963769401666098e-05 0.7101181823471849 0.17678797107490746 0.008827623616079847 0.007187504470493877 9.9727945892525e-07 0.15576514938686703 0.021277476279913 505.1829500480035 42.0 -18.67500965205923 0.9182260660205372 57276.312 57372.107 22 43 "Minimization exited successfully."
01319821 49 0.1691760365231572 57017.12299999634 2.9319047318340786e-05 -0.5230139004354775 0.21250925632234335 0.006959200679664573 0.009815805595280835 6.048864160682063e-07 0.2088894304549591 0.01886305184085424 183.90795042727066 31.0 -17.74572433781759 1.1410081997475672 56992.123 57067.103 15 34 "Minimization exited successfully."
01320166 39 0.3513533649855117 57016.107999975095 1.1999839562099046e-05 -1.1511332531444916 0.08451539396151675 0.00901653885063275 0.026186379829596262 4.1283340069531126e-07 0.34992422257970923 0.034205925030400985 132.47175310699728 25.0 -18.57800212967054 1.2819861980033451 56991.108 57049.049 16 23 "Minimization exited successfully."
01322229 29 0.2743634403476865 57026.049999998635 1.184781849420391e-05 -2.3819577330341266 0.19005965881043524 0.0068494242296822105 0.010014449570007855 4.0537512026733707e-07 0.22555573538713314 0.03248302760059224 288.80758230062816 17.0 -17.942436724475886 1.582150603436812 57001.05 57052.048 18 11 "Minimization exited successfully."
01322979 35 0.3588102312469924 57033.03999999994 1.2582238914701783e-05 -1.4171800256203888 0.006121525893729496 0.0034030063988450265 0.005468476418172941 1.67322212127341e-07 0.14985778490311064 0.01479990375550741 518.8785999018733 20.0 -18.682382774650208 1.349750291656619 57008.04 57067.047 16 19 "Minimization exited successfully."
01324542 38 0.3570576318308647 57036.08499960814 8.799937364101229e-06 0.03096150048694346 0.06506805451819131 0.013154172508425377 0.07279659341656952 4.1229550645921453e-07 0.7398944204192852 0.04933455243956328 81.88701991731453 23.0 -18.282754119014953 1.0439306243701907 57011.085 57067.103 15 23 "Minimization exited successfully."
01325358 32 0.3492346082596328 57030.24099999692 3.81717953249483e-06 -0.310977516433697 0.2999995325925246 0.009693746016292915 0.018727194739767583 1.2784470257015696e-07 0.5593270070745484 0.12586190221908838 416.5604438155727 20.0 -17.323942966403052 1.0943545161918244 57005.241 57066.064 15 17 "Minimization exited successfully."
01327978 54 0.20293260581813627 57307.46510083465 6.637597751076308e-05 0.1176841592675113 0.0837437234512341 0.026771112273040007 0.555903815140482 2.990572819522308e-06 0.5604010078418729 0.07233097841741684 9.696867827374724 30.0 -19.070610674055636 1.0269800204511235 57283.129 57373.043 28 26 "Minimization exited successfully."
01328066 81 0.43952081656504477 57298.031919708796 1.823344656374515e-05 0.6462643821474505 -0.11530261576288744 0.01786999534931774 1.2800460261278204 9.340897877643799e-07 0.49810325444908843 0.03281964275479546 53.09693120235412 54.0 -19.60827861610634 0.9413433654562695 57273.093 57379.051 23 58 "Minimization exited successfully."
01328105 84 0.4339068877649889 57298.092999990935 1.8974857562895077e-05 0.4845500184906406 -0.0701197539898823 0.022764764200215254 0.050324156269198284 8.589744740966635e-07 0.4492921966483998 0.03207440944405071 101.39271660451324 56.0 -19.617736617987983 0.9680564695954068 57273.093 57386.049 22 62 "Minimization exited successfully."
01329166 71 0.4493618036488618 57293.25099998737 3.197356111511729e-06 1.9999965522595966 0.17876507426267868 0.007731244872454829 0.015938484026264632 1.0494872032529301e-07 0.09121378202845909 0.04395804750740612 649.8124318939417 49.0 -17.778225813485058 0.7056849350095327 57268.251 57402.11 15 56 "Minimization exited successfully."
01329196 82 0.5256626900445611 57291.246999999064 3.1028811597194617e-06 1.9999999157031327 0.2999999965672853 0.005219783949765078 0.009053323094121879 7.244845927900658e-08 0.052546479153271264 0.002988647139854639 1476.1489331563407 57.0 -18.15793626414114 0.7023711577730545 57266.247 57406.112 14 68 "Minimization exited successfully."
01329312 59 0.2975319802621508 57308.188999539845 1.9998301426524258e-05 -1.3661010151798538 0.02702472553407831 0.004832801302276757 29.45641424416317 0.036295114301569655 3.269450237273941 0.20656353854097081 30.94442466553922 39.0 -18.71199947262564 1.3358938815982633 57283.189 57389.086 17 42 "Covariance may not be accurate."
01329615 66 0.3951526958230761 57303.29799691422 1.578644935784357e-05 -0.5898387606119035 0.02065155095692156 1.8961696830133157e-05 0.1782028549714596 6.385035572153971e-07 0.5141444154419084 0.032281193769276295 34.095982510008895 45.0 -19.17595447285737 1.167099659656138 57278.298 57385.114 18 48 "Covariance may not be accurate."
01330031 66 0.10426702520083186 57315.06499999896 0.00040173932864365496 0.25745104997166113 -0.08869094761180285 0.0018012381010253375 0.02790126645049895 5.480737726216983e-06 0.05182317386107971 0.010415457065905562 1067.0407194967513 34.0 -19.443926231315476 1.0098578021268132 57290.065 57376.047 27 39 "Minimization exited successfully."
01330426 66 0.2569998577446229 57313.20999998958 6.759313865701556e-05 1.2314283421034418 -0.07769576303484357 1.2448867933056995e-05 0.0018087836033373605 5.712275257918593e-07 0.08885225504609995 0.006938861675395383 1032.582603151331 44.0 -19.671067227949052 0.8398636599487119 57288.21 57387.185 15 51 "Covariance may not be accurate."
01330642 68 0.43750058917997525 57308.189 8.628328259357999e-06 1.9999999995602886 0.053905249166297076 0.0070849366744999975 0.01351152435017866 1.6777828226038904e-07 0.2188056512985881 0.023178308075798598 380.0710112992973 46.0 -18.785146639958306 0.7089914530286023 57283.189 57406.1 17 51 "Minimization exited successfully."
01330903 79 0.4394710448006872 57301.31199974268 8.556502399981181e-06 -1.123516445266895 0.1243651997382546 0.020763956868542183 0.15000970095206867 4.921218435760549e-07 0.6119862862388374 0.06282861011716631 55.38229123863809 53.0 -18.7856926455496 1.2726275646488574 57276.312 57396.103 22 57 "Minimization exited successfully."
01331123 66 0.21559149222664903 57318.26928229081 4.6547885490577645e-05 -1.5827514408283223 0.038800898787575644 0.0035166264135552683 0.11282657298215781 8.431601946842782e-07 0.1629608083082804 0.01799997483578547 58.885401405054374 44.0 -18.831621572191864 1.3866019047887548 57297.03 57386.049 24 42 "Minimization exited successfully."
01331993 64 0.46493115887931546 57316.169999953214 4.1263348695558255e-06 1.9999991705105016 0.1437862341165388 0.010224080242146799 0.02776180670116446 1.2079191888392238e-07 0.07127124658877637 0.03932271348512348 308.866592309336 45.0 -18.143004962809893 0.7066220124436207 57291.17 57408.04 18 46 "Minimization exited successfully."
01332059 71 0.43744440162466963 57313.1989999969 6.43236027493832e-06 1.9999992402836835 0.02286100094723509 0.0003286580053556143 0.03969898255672888 2.6587933211891226e-07 0.8077397526560519 0.04657657939232199 257.9269334297118 47.0 -18.46578143930302 0.7097964881953587 57288.199 57403.103 22 49 "Minimization exited successfully."
01332413 69 0.4595786065079573 57322.15099987861 9.202950432007918e-06 0.41529552597127406 0.016207233755593464 0.01961104042652878 0.12329359030627529 4.804846387665431e-07 0.5794732941529159 0.04108992198270148 59.94473020859612 47.0 -18.980880461706825 0.9765605544096125 57297.151 57403.064 24 45 "Minimization exited successfully."
