analysis_pipeline/fit_results/des_4_sn91bg_color_interpolation_blue.ecsv
# %ECSV 0.9
# ---
# datatype:
# - name: obj_id
#   datatype: string
# - name: num_points
#   datatype: int64
# - name: z
#   datatype: float64
# - name: t0
#   datatype: float64
# - name: x0
#   datatype: float64
# - name: x1
#   datatype: float64
# - name: c
#   datatype: float64
# - name: z_err
#   datatype: float64
# - name: t0_err
#   datatype: float64
# - name: x0_err
#   datatype: float64
# - name: x1_err
#   datatype: float64
# - name: c_err
#   datatype: float64
# - name: chi
#   datatype: float64
# - name: dof
#   datatype: float64
# - name: b_max
#   datatype: float64
# - name: delta_15
#   datatype: float64
# - name: tmin
#   datatype: float64
# - name: tmax
#   datatype: float64
# - name: pre_max
#   datatype: int64
# - name: post_max
#   datatype: int64
# - name: message
#   datatype: string
# schema: astropy-2.0
obj_id num_points z t0 x0 x1 c z_err t0_err x0_err x1_err c_err chi dof b_max delta_15 tmin tmax pre_max post_max message
01248677 30 0.3502 56589.46016328327 2.7755575615628915e-18 0.6643123288849591 0.11539638558906795 0.0 80.60669474693714 0.03266355270666939 0.345362585703731 0.5460240917251749 52218.62731413396 26.0 -15.355956493064305 2.2270389287516643 56538.34 56629.123 17 13 "Covariance may not be accurate."
01250017 16 0.1817 56583.70466843423 2.1649348980190555e-16 1.2341070577256563 0.5001417004420136 0.0 0.017365069084917195 1.387778780781453e-18 4.460567243247393e-05 0.7335125590981864 14035.85979080792 12.0 -17.68226728599463 1.4670933718384198 56534.235 56616.075 10 6 "Covariance may not be accurate. Covariance not positive definite. Covariance forced positive definite."
01253039 18 0.4535 56568.20207667724 1.3877787807814457e-17 0.6500000000026739 0.5004290231134784 0.0 0.9215399288914341 0.0 2.934676224253252e-09 0.00010178006571398557 1015.8322934865618 14.0 -16.987715985178713 2.262356467426372 56547.272 56653.09 6 12 "Covariance may not be accurate."
01253101 18 0.4596 56584.393076568376 4.9960036108132046e-17 0.6500003256459744 0.011855192921926161 0.0 89.51170914380418 0.030747536396816863 0.3687889182871985 0.5666617175674938 495.0236262504496 14.0 -19.3731531036031 2.262338669582114 56543.096 56657.05 7 11 "Covariance may not be accurate."
01253920 15 0.1956 56584.308946967074 4.0800696154974506e-16 0.9090144666025017 0.24699790988567594 0.0 71.11499754756369 0.030751791384291537 0.4156500421817892 0.6232964791616782 1128.8347999471846 11.0 -19.045280440340754 1.7832826704988776 56559.193 56649.168 5 10 "Covariance may not be accurate."
01255502 10 0.1482 56620.13164654423 6.744604874597826e-16 0.6500203882263134 0.2892742211639735 0.0 77.35074131240981 0.03074623413709546 0.36749587146798185 0.6423374988855699 1836.683050233678 6.0 -18.853847522158127 2.2622993617031533 56579.125 56653.072 4 6 "Covariance may not be accurate."
01257366 8 0.2114 56603.631417957185 4.996003610813204e-16 0.6533826137092567 0.5105109184717941 0.0 78.96140181978262 0.030746690727206018 0.3870842427062144 0.7127434371043628 15.158854306706502 4.0 -18.940968153339618 2.2538861644405266 56590.343 56675.102 1 7 "Covariance may not be accurate."
01257695 11 0.1838 56615.919032022946 4.0800696154974506e-16 1.1844376457981787 0.2100015911993235 0.0 0.005384892698202748 0.0 2.1801549141331478e-05 0.246850808118672 1765.4602151660258 7.0 -18.981947377780948 1.5018095543414134 56590.027 56675.074 4 7 "Covariance may not be accurate."
01258906 28 0.3492 56636.787214095624 1.3877787807814457e-17 1.241800140911063 0.3363461684303597 0.0 82.47669901808695 0.030821403835114607 0.39738702213126204 0.6611646472054498 1595.6910245812787 24.0 -16.660650138742362 1.462072244653939 56594.015 56695.035 13 15 "Covariance may not be accurate."
01258940 35 0.4259 56641.58261026449 5.551115123125783e-18 1.1078514827969674 0.06723357399227442 0.0 88.51173186101732 0.031276495243081806 0.4436174301828643 0.5000493632573448 1265.7414364262138 31.0 -16.697669267577652 1.5652526128051427 56590.313 56697.041 18 17 "Covariance may not be accurate."
01259412 11 0.3047 56628.354502291055 2.1094237467877976e-16 1.0496896591853413 0.5549010661798078 0.0 0.06031611112121027 0.0 0.004677434932566671 0.002322085281176778 231.9009648383981 7.0 -18.836721894554575 1.620583094790181 56603.052 56693.052 3 8 "Covariance may not be accurate."
01261579 10 0.3222 56647.31570985886 1.4432899320127036e-16 0.6500348471107859 0.5001243575891201 0.0 68.58180657988851 0.030819344131956278 0.3678917289549476 0.7113285879032823 7479.94243686942 6.0 -18.655331394678626 2.2622687774613013 56616.087 56693.049 4 6 "Covariance may not be accurate."
01262214 23 0.6894 56639.889602475116 6.66133814775094e-17 0.7895705677111392 0.7189114514843815 0.0 58.11508975413744 0.032561000829696596 0.4649567844159339 0.6402684758075403 1294.0021161384925 19.0 -19.37922730937431 1.9649290317248926 56625.281 56698.051 5 18 "Covariance may not be accurate."
01262715 25 0.6894 56643.77190023557 2.7755575615628915e-18 0.650000000000593 0.15540632669518778 0.0 59.34785081735754 0.03137789726666176 0.37653502874075895 0.7316336342841064 2717.7266833375465 21.0 -17.044334022966304 2.262344691758223 56625.228 56697.09 7 18 "Covariance may not be accurate."
01263369 9 0.3125 56663.21481598375 2.4702462297909734e-16 0.6557273626095188 0.5078999770830367 0.0 47.61382183977548 0.03094916716854105 0.39487074787156784 0.714772690678875 348.9744878104256 5.0 -19.149370854216762 2.248062646818873 56645.138 56697.039 4 5 "Covariance may not be accurate."
01263715 9 0.2919 56657.679316482485 1.3877787807814457e-17 1.0223905522878354 0.5098220290245589 0.0 1.127381156620686 0.0 0.00018702723618679862 0.00032162091408310944 2762.045607536583 5.0 -15.848940288986366 1.6484184595180302 56645.052 56694.034 3 6 "Covariance may not be accurate."
01275946 18 0.2321 57257.135177300144 6.661338147750939e-16 0.9834934828642994 0.4782992357955588 0.0 70.75387688987394 0.03081360022654239 0.43373252230915105 0.7059815001182925 8507.595348327195 14.0 -19.55111801864274 1.6907101368240127 57248.375 57329.031 3 15 "Covariance may not be accurate."
01279500 12 0.235 57265.835606944165 4.468647674116255e-16 0.6544749163930825 0.5001058524966244 0.0 15.264307318506326 0.0 1.2030389531236807e-06 1.1693391233080774e-05 19439.282380398028 8.0 -19.095680982797344 2.2511684786327244 57249.302 57319.114 3 9 "Covariance may not be accurate. Covariance not positive definite. Covariance forced positive definite."
01280217 32 0.359 57292.49306344591 4.163336342344337e-17 1.0440541269232582 0.5977707400242372 0.0 73.72669471026165 0.04647661131496433 0.47992228986845104 0.6838342871192072 2178.3387468370383 28.0 -17.414058487855506 1.6262217783805717 57248.391 57329.173 18 14 "Covariance may not be accurate."
01281668 20 0.3071 57273.863293602844 1.0269562977782698e-16 1.1188174518744147 0.5091476590423503 0.0 79.61165640256877 0.030746370659363448 0.443144053194863 0.7124371085838169 779.1509054746381 16.0 -18.15052795490742 1.5554634161736587 57248.375 57342.024 6 14 "Covariance may not be accurate."
01281886 36 0.455 57274.92048358642 4.718447854656916e-17 1.19653717551887 0.5186460110806793 0.0 0.8036313677512226 0.0 8.490568419317057e-05 0.0002494084532366214 575.7357626568867 32.0 -18.295888857834548 1.4929048960509874 57248.391 57345.231 8 28 "Covariance may not be accurate."
01282736 35 0.455 57266.43856093578 8.881784197001253e-17 1.2480092621478716 0.24894664085244256 0.0 66.8614851430466 1.387778780781447e-18 3.52709552844388e-05 0.0007316002885162376 430.9761325331889 31.0 -19.504091337241178 1.4580653559060153 57249.281 57346.029 7 28 "Covariance may not be accurate."
01283373 13 0.455 57293.79138790941 2.220446049250313e-16 0.6500032289285127 0.2881608882285589 0.0 72.55480287579849 0.03154957431689286 0.37798203251216456 0.6418628472028143 2913.1479842268673 9.0 -20.434509239136183 2.2623425209447525 57265.366 57332.077 4 9 "Covariance may not be accurate."
01283878 15 0.455 57298.887618323584 8.049116928532386e-17 1.0118434839170385 0.50007593679282 0.0 0.8318501628964441 9.714451465470122e-18 0.4795396531687768 0.004891637416311628 169.58827448379478 11.0 -18.90541467702644 1.65955214049157 57249.305 57339.187 7 8 "Covariance may not be accurate. Covariance not positive definite. Covariance forced positive definite."
01283936 42 0.455 57262.59838217064 5.551115123125783e-18 1.1630398142636351 0.4922290368169968 0.0 71.41121779176683 0.03089649984390201 0.3394227175632151 0.7104096318511086 694.6352368892826 38.0 -16.02115046575597 1.5183328590119949 57248.375 57347.081 8 34 "Covariance may not be accurate."
01285160 17 0.455 57288.79572613952 0.0 1.0307915798300422 0.5001687224960694 0.0 0.0 0.0 0.0 0.0 886.6748402073708 13.0 inf nan 57253.285 57372.178 4 13 "Hesse Failed. Covariance may not be accurate. Covariance not positive definite."
01285317 23 0.455 57260.85122874385 2.7755575615628915e-18 1.2300429747949804 0.521432008990323 0.0 90.6961788603403 0.032629837704064926 0.33592262626389496 0.7365740264160665 468.74999484596384 19.0 -15.215247108559808 1.4697723333048955 57248.378 57356.125 4 19 "Covariance may not be accurate."
01286398 26 0.455 57277.23842896271 3.5249581031848723e-16 1.1826965875029698 0.00024073004056124336 0.0 67.40994505640629 0.03074622993133801 0.32615063183890664 0.6083453627133295 1050.342917890617 22.0 -21.486810309509707 1.5031103511775399 57249.293 57331.145 6 20 "Covariance may not be accurate."
01287626 5 0.455 56669.37548637233 3.1086244689504386e-16 0.6500000015099443 0.32881116771190305 0.0 0.0019791662889474537 1.3877787807814407e-18 2.1127223304162612e-09 0.04038199276751339 1871.6470324823201 1.0 -20.729844194121 2.2623514463156695 56660.105 56697.068 2 3 "Covariance may not be accurate."
01289288 19 0.455 57297.80547114549 1.6930901125533639e-16 1.2273023377176742 0.48798024451307154 0.0 82.61465588805368 0.03092598811395643 0.411899421927671 0.7097269635303223 415.9530321177987 15.0 -19.742168726230997 1.471590910246384 57248.375 57347.079 9 10 "Covariance may not be accurate."
01289555 20 0.455 57292.71218450534 2.7755575615628915e-18 0.6500000000002267 0.002569885043938347 0.0 92.29614343296635 0.03100890976602032 0.37210677311365464 0.63563531669073 378.70861522789227 16.0 -16.223624977065093 2.2623392274209344 57248.393 57365.112 9 11 "Covariance may not be accurate."
01289600 34 0.455 57292.83147786309 2.7755575615628915e-18 0.6500000000000011 0.021859751410397532 0.0 88.68602408938023 0.031475338431611516 0.377704073848495 0.6714224916772076 5476.318160488405 30.0 -16.19269347580886 2.2623397791068207 57255.37 57365.221 13 21 "Covariance may not be accurate."
01289656 19 0.455 57286.22742793658 1.3877787807814457e-17 1.2488075825862768 0.0018008868269258627 0.0 83.59657728956154 0.030751255422626453 0.3799941910806199 0.6323493203522383 154.6365058879795 15.0 -17.97226513373205 1.4575440309916416 57255.415 57355.242 4 15 "Covariance may not be accurate."
01289664 17 0.455 57294.17461425819 2.8310687127941495e-16 1.1868226989100554 0.5072899570722524 0.0 0.584315746298671 5.551115123125788e-18 0.011275401689520348 0.032785669977792475 3038.31636062243 13.0 -20.25949657730628 1.5000356098973064 57252.305 57345.229 8 9 "Covariance may not be accurate. Covariance not positive definite. Covariance forced positive definite."
01290779 22 0.455 56934.80397804329 0.0 0.6500003238455146 0.500006545335872 0.0 0.0 0.0 0.0 0.0 2400.996316317122 18.0 inf nan 56887.393 56973.319 12 10 "Hesse Failed. Covariance may not be accurate. Covariance not positive definite."
01290816 10 0.455 56898.06482469624 6.855627177060342e-16 0.6500000013999316 0.36630503501697886 0.0 56.56013321779392 0.030746229229718036 0.3689669738339297 0.6719864302557144 3364.7851630754913 6.0 -21.51972948012787 2.2623522888715115 56887.393 56960.273 2 8 "Covariance may not be accurate."
01291080 13 0.455 56946.15796345777 2.7755575615628915e-18 0.6500000033263154 0.028707600746649575 0.0 74.7930078296049 0.0308550023652486 0.37027903286485514 0.5380703014108232 419.4745741838846 9.0 -16.18149744084024 2.262339974331457 56887.272 56973.077 10 3 "Covariance may not be accurate."
01291090 13 0.455 56901.6017309718 5.828670879282072e-16 0.9125464141296659 0.3949958195275695 0.0 64.85476773068149 0.030746229423113745 0.43384459832116273 0.6815418018220587 457.18550226047756 9.0 -21.28776719350815 1.7785298056025312 56887.213 56973.023 2 11 "Covariance may not be accurate."
01291794 37 0.455 57284.39266736774 2.7755575615628915e-18 1.2499422305904808 0.0006692549417927629 0.0 81.15704181741967 0.03083317314606756 0.36750399342880696 0.6038900307236155 891.058076373108 33.0 -16.22662563239095 1.4568164593053332 57252.291 57356.172 14 23 "Covariance may not be accurate."
01291957 29 0.455 56902.2990430887 1.1379786002407856e-16 1.2424981990853272 0.4724089724531803 0.0 0.023244040945428424 0.0 0.44012558645947536 0.00043117380394130933 601.7700571632075 25.0 -19.34762811622863 1.4616230522588545 56877.181 56980.028 6 23 "Covariance may not be accurate."
01292145 19 0.455 57263.151780257445 5.551115123125783e-18 1.2499557587652892 0.06829165533335657 0.0 72.34426946558597 0.030906238288409653 0.3686702733674451 0.7053566438543434 115.26133774362995 15.0 -16.866988522080675 1.4568094959101572 57252.293 57356.172 3 16 "Covariance may not be accurate."
01292195 19 0.455 57315.918856307086 2.7755575615628915e-18 1.1496971624648282 0.8066784604723516 0.0 113.05300630053898 0.031894633369347565 0.4400934310867989 0.7606305130525424 300.0817949071959 15.0 -14.667300634390593 1.529117194130798 57253.265 57387.129 8 11 "Covariance may not be accurate."
01292332 12 0.455 56896.2766989684 2.8588242884097783e-16 0.6830115008097571 0.49997797541054956 0.0 0.255163908303075 0.0 2.573326176136259e-05 8.771462143689068e-05 585.7547244760315 8.0 -20.28168671970368 2.1827563893046005 56890.331 56973.185 1 11 "Covariance may not be accurate."
01292336 12 0.455 56911.96027154509 3.358424649491099e-16 0.7887882510656374 0.2484600768605264 0.0 0.0021594632489723153 5.551115123125788e-18 1.152579701185763e-05 0.004419390435270093 442.1745621163944 8.0 -20.949378741419647 1.9662925090508523 56890.331 56973.185 2 10 "Covariance may not be accurate."
01292560 11 0.455 56924.54544248798 2.942091015256665e-16 0.6500011423787116 0.49177146736222527 0.0 0.0015515508894168306 1.3877787807814654e-18 2.4611173154998056e-08 0.016910225244709504 3259.763681951628 7.0 -20.332950555272177 2.262353262335189 56903.225 56973.038 4 7 "Covariance may not be accurate."
01293319 14 0.455 56934.506262289346 2.886579864025407e-16 0.7238863165144935 0.5000535901604719 0.0 36.57921085250928 0.0 1.2894952331532483e-05 1.4126802010072659e-05 2834.4925395696514 10.0 -20.292038236447222 2.091731791083248 56887.27 56980.068 7 7 "Covariance may not be accurate. Covariance not positive definite. Covariance forced positive definite."
01293758 17 0.455 56916.018123577196 2.0788926136106058e-15 0.6501002147471888 0.5019529796746788 0.0 70.2212207859775 0.030746329728094515 0.36567073996385785 0.7108165071149726 6403.430507236883 13.0 -22.432663287437137 2.2621043173660844 56903.107 56980.026 6 11 "Covariance may not be accurate."
01294014 22 0.455 56918.95285363981 1.332267629550188e-16 1.080768074181454 0.39074041226765904 0.0 0.7227921426747344 0.0 0.0001920185898331983 0.0003478016528778438 384.228325459355 18.0 -19.693776661593702 1.5903749487694085 56890.388 56990.199 5 17 "Covariance may not be accurate."
01294743 11 0.455 56896.19417200926 1.1102230246251565e-16 0.6505067573518263 0.30795629310946937 0.0 57.65662643175165 0.03746392429108099 0.44059960185857094 0.7383730830864117 593.2816630153536 7.0 -19.648416795402653 2.2610767268618055 56890.366 56980.089 1 10 "Covariance may not be accurate."
01295027 35 0.455 56933.365203573434 2.7755575615628915e-18 0.6500000000489978 0.00044268563032406893 0.0 85.58535377213411 0.030882094510478388 0.37058744705242 0.6236732440593351 794.8128771361778 31.0 -16.2269826366711 2.262339168352163 56887.27 56992.066 14 21 "Covariance may not be accurate."
01295256 16 0.455 56959.96189753221 2.7755575615628915e-18 0.6506037733263259 0.0015924017798580326 0.0 89.35696307471517 0.030900312505174755 0.37873931060173205 0.5977825721861785 1247.3746325479397 12.0 -16.22516916907054 2.260821188654635 56904.3 57012.086 6 10 "Covariance may not be accurate."
01295305 15 0.455 56940.7209749486 0.0 0.9857901193175462 0.5107417535908252 0.0 0.0 0.0 0.0 0.0 1785.2026685773596 11.0 inf nan 56890.34 57005.11 6 9 "Hesse Failed. Covariance may not be accurate. Covariance not positive definite."
01295921 14 0.455 56942.459458213794 2.7755575615628915e-18 0.6500011700041737 0.0012783919471440197 0.0 83.68971642473844 0.03088472673980278 0.3709719493466691 0.5995971731119043 240.3849790618267 10.0 -16.22566476132301 2.2623362473250026 56890.39 56990.199 6 8 "Covariance may not be accurate."
