analysis_pipeline/fit_results/des_5_sn91bg_color_interpolation_all.ecsv
# %ECSV 0.9
# ---
# datatype:
# - {name: obj_id, datatype: string}
# - {name: num_points, datatype: int64}
# - {name: z, datatype: float64}
# - {name: t0, datatype: float64}
# - {name: x0, datatype: float64}
# - {name: x1, datatype: float64}
# - {name: c, datatype: float64}
# - {name: z_err, datatype: float64}
# - {name: t0_err, datatype: float64}
# - {name: x0_err, datatype: float64}
# - {name: x1_err, datatype: float64}
# - {name: c_err, datatype: float64}
# - {name: chi, datatype: float64}
# - {name: dof, datatype: float64}
# - {name: b_max, datatype: float64}
# - {name: delta_15, datatype: float64}
# - {name: tmin, datatype: float64}
# - {name: tmax, datatype: float64}
# - {name: pre_max, datatype: int64}
# - {name: post_max, datatype: int64}
# - {name: message, datatype: string}
# schema: astropy-2.0
obj_id num_points z t0 x0 x1 c z_err t0_err x0_err x1_err c_err chi dof b_max delta_15 tmin tmax pre_max post_max message
[from data line 149]
01334597 48 0.5959107131934028 57318.001787684865 5.551115123125783e-18 0.6500018763781817 0.11278553976609951 1.1385902405680604e-05 0.0005359601418604143 0.0 2.8569848542492338e-08 0.09475881710081743 52224.31381567902 43.0 -17.493403533638176 2.2623381548118253 57315.219 57408.043 4 44 "Covariance may not be accurate."
01334620 58 0.5439592389921832 57322.46902898875 5.828670879282072e-17 0.9201847090191471 0.056810676971289775 0.6836867145923725 31.21493138011283 0.03370417267484126 0.45258991201631077 0.5044746148274437 2985.0847194777853 53.0 -19.906467966915695 1.7683545049042593 57311.28 57403.064 12 46 "Covariance may not be accurate."
01334644 56 0.5706755393401407 57322.80813110743 6.938893903907228e-17 0.7019695598511196 0.015889808938516714 0.6826746472618952 30.917981008587958 0.03301890292154904 0.4583302585585557 0.5586596679622455 2719.952097013618 51.0 -20.290077538049616 2.13952552758456 57311.28 57403.064 12 44 "Covariance may not be accurate."
01334645 54 0.5170729731750431 57322.3213708863 7.771561172376097e-17 1.2307739331183853 0.4461065797748224 0.6718754159785802 30.9115174946528 0.033159579874977196 0.3200768343705595 0.7154889160772153 10710.351385375072 49.0 -19.32663774978601 1.4692873764236332 57311.28 57403.064 11 43 "Covariance may not be accurate."
01334707 63 0.48840275418857243 57289.313909614495 5.551115123125783e-18 0.8817355880883322 0.4340066758955012 0.6412907307965691 24.940525122277904 0.03089869750408862 0.40792859509556795 0.7236959938668055 5784.037361126543 58.0 -16.33846321268953 1.8211151529266125 57304.307 57426.118 0 63 "Covariance may not be accurate."
01334879 61 0.4274619910395779 57287.24501943947 2.2204460492503132e-17 1.2483052812959798 0.30489484742867623 0.6529274698899215 28.732533815407805 0.03566991627389719 0.3551678772000529 0.6444309160779642 3416.0333621409018 56.0 -17.744534415582432 1.4578760718286077 57302.241 57426.118 0 61 "Covariance may not be accurate."
01335472 59 0.49586591779428457 57316.67842534119 2.7755575615628915e-18 0.6500000003564168 0.0022049244147133717 0.6420749496231801 28.613108805064257 0.03084278608072111 0.37010724983141924 0.5946832958098324 2701.7966940330894 54.0 -16.448207806350656 2.262339216385371 57311.02 57403.05 8 51 "Covariance may not be accurate."
01335564 60 0.0869677269268353 57322.6367064535 2.7755575615628915e-18 1.2209377993566806 0.4935917969894136 0.48464557559204474 0.013849003604263999 0.0 8.869770514097208e-05 0.0004962639944527392 757.1046144520849 55.0 -11.234382170765532 1.4758578923884151 57311.28 57427.068 12 48 "Covariance may not be accurate."
01335694 37 0.8100002816899168 57343.02557092751 1.1102230246251566e-17 1.0284895236108291 0.005123646809538807 1.3006934187376196e-05 0.0007406017866742332 0.0 1.3969682513104154e-05 0.13176483003520814 16495.153503148966 32.0 -19.249855911874995 1.6420676652654613 57325.214 57408.058 15 22 "Covariance may not be accurate."
01335717 51 0.06207754039103628 57340.95949737662 8.881784197001253e-17 1.0247429052570882 0.500219926190055 0.010840111702971545 0.00037274712667567655 0.0 7.163072711757756e-06 1.2096889610624384e-05 3990.5103222251605 46.0 -14.210947038169532 1.6459657816866624 57325.182 57408.092 12 39 "Covariance may not be accurate."
01335718 59 0.12169296129363433 57341.695562450885 3.885780586188048e-17 0.9740981772630706 0.997510673335013 0.4882792992901115 22.68520685785552 0.031410267152773154 0.43675066617161007 0.6057883986832533 1083.058000268262 54.0 -13.892494229225598 1.7014825102380122 57317.161 57426.118 16 43 "Covariance may not be accurate."
01335868 66 0.49105670725488754 57300.23431338847 2.7755575615628915e-18 1.1879296705924929 0.0043366362853069496 0.6532944112692441 25.318158634465362 0.03190720008821185 0.3159716481712482 0.6415744906880441 1158.752452489356 61.0 -16.41938155447703 1.499198876163966 57315.229 57425.154 0 66 "Covariance may not be accurate."
01336008 50 0.12474133068732252 57310.016952197344 6.938893903907228e-17 1.2041223115827349 0.4777662336902724 0.07278836360086009 0.0012496271629061084 0.0 0.00030064419491915295 0.000873335443423412 3333.9118016663683 45.0 -15.605745891279028 1.4874748182301865 57325.01 57403.052 0 50 "Covariance may not be accurate."
01336009 51 0.03502133080498624 57310.01819027757 1.1102230246251566e-17 1.249993513146216 0.5015700465453279 0.6034284660110935 24.979675329370366 0.03154171115251028 0.37936606217449836 0.7201813335278614 2281.100214643285 46.0 -10.665083728625415 1.4567975071619266 57325.01 57403.052 0 51 "Covariance may not be accurate."
01336453 38 0.14332929944624825 57314.218726405874 2.942091015256665e-16 0.8024562242030457 0.49872322045302514 0.5069994002643483 24.06931587148938 0.030846947278070726 0.3760619216360029 0.7113485632940555 20351.278429671245 33.0 -17.451537568898022 1.9428079509255483 57329.169 57403.103 0 38 "Covariance may not be accurate."
01336480 36 0.01267283866632208 57310.11591277685 5.88418203051333e-16 0.673477922355571 0.5038884310814363 0.06309782730894226 0.00019904549844795838 2.7755575615628815e-18 0.00012926610209057499 0.0005583979053734311 2799.929702920534 31.0 -12.728012662243756 2.205108884424746 57325.115 57403.103 0 36 "Covariance may not be accurate."
01336687 45 0.1962883030836224 57312.07295353047 1.249000902703301e-16 1.0278899730890811 0.4997025447906647 0.6567996625338702 26.964344709340367 0.034089308935695305 0.4676781795235952 0.7404055793988328 12313.819007167309 40.0 -17.272802460231354 1.6427012693692262 57327.063 57403.064 0 45 "Covariance may not be accurate."
01337117 47 0.8989165168845962 57314.12941863057 4.3909320623924946e-15 1.1729869971494744 0.818689179907971 nan 0.0033219193610420916 2.7755575615627336e-18 0.0001493965169522271 nan 333177.24361667316 42.0 -24.449480108447652 1.5105351548644528 57329.028 57403.051 0 47 "Covariance may not be accurate."
01337221 54 0.5009767961779005 57310.031396872335 2.7755575615628915e-18 1.0344725976825944 0.500147350718077 0.00027785990408146777 0.00033915827225428075 1.3877787807814458e-18 0.00017281637747978973 0.4062879797117753 972.8753777753029 49.0 -15.500112479372504 1.635933309618082 57325.023 57407.048 0 54 "Covariance may not be accurate. Covariance not positive definite. Covariance forced positive definite."
01337228 54 0.4976808423785896 57310.03280012418 0.0 0.9648501165482009 0.5001505497769047 0.0 0.0 0.0 0.0 0.0 431.76925619758515 49.0 inf nan 57325.023 57407.048 0 54 "Hesse Failed. Covariance may not be accurate. Covariance not positive definite."
01337272 48 0.4974447618919909 57310.07707265832 0.0 0.8612143536364245 0.5001482024943873 0.0 0.0 0.0 0.0 0.0 1023.3809704874272 43.0 inf nan 57325.068 57427.057 0 48 "Hesse Failed. Covariance may not be accurate. Covariance not positive definite."
01337325 48 0.4947414449012541 57310.07800449496 0.0 1.036144109524813 0.5001509214094114 0.0 0.0 0.0 0.0 0.0 957.4849304698671 43.0 inf nan 57325.068 57427.057 0 48 "Hesse Failed. Covariance may not be accurate. Covariance not positive definite."
01337649 36 0.485805265014724 57327.662606632046 1.4988010832439614e-16 0.6500000002423549 0.018556617207222736 9.123817998779593e-06 0.00023084457643562928 1.3877787807814407e-18 2.4702195844383823e-10 0.010282870230715974 14927.626452690381 31.0 -20.699531151123466 2.262339681776723 57339.162 57408.057 0 36 "Covariance may not be accurate."
01337655 42 0.48916824642420675 57310.079288755325 2.4980018054066023e-17 0.653763816903969 0.04775267123119603 0.6781121147395601 28.24568704106059 0.035447757651249356 0.4004354792871059 0.6936674531817305 2562.145575916285 37.0 -18.723839429527125 2.2529210482843673 57325.078 57408.041 0 42 "Covariance may not be accurate."
01337687 47 0.4949138660361096 57324.29961810005 1.3877787807814457e-17 0.9484263206676022 0.02597049886315611 0.6537318970392434 25.29614709940506 0.03186149463297774 0.4343025681587877 0.5420384620284009 15352.379035649086 42.0 -18.15239708717715 1.7322369730314477 57339.295 57425.154 0 47 "Covariance may not be accurate."
01337703 58 0.5626673978522577 57344.20500449747 5.551115123125783e-18 0.8822412236137147 0.011334500354098165 0.66178047260559 29.851842815300188 0.03145609808817667 0.44540602423358283 0.5677809358005852 1024.0886750014297 53.0 -17.517870374190103 1.820385046369445 57325.12 57425.154 16 42 "Covariance may not be accurate."
01337838 42 0.07158193222305564 57324.1563861189 9.992007221626409e-17 1.2434565473061263 0.4979054295113737 0.4519016676639926 24.471700682515802 0.03089947145613919 0.39570937891518315 0.7118083825736791 13749.078887143134 37.0 -14.668399352558847 1.4610038562685759 57339.148 57427.068 0 42 "Covariance may not be accurate."
01338128 42 0.5762173612228829 57352.3072768858 0.0 1.219824106861262 0.5001135078127251 0.0 0.0 0.0 0.0 0.0 3149.3099031691195 37.0 inf nan 57339.019 57407.048 7 35 "Hesse Failed. Covariance may not be accurate. Covariance not positive definite."
01338170 42 0.061151794328051505 57352.49475486606 1.665334536937735e-17 1.0381398275730171 0.4999210371116981 0.027568452299235595 0.010438066146889469 0.0 0.0001724033641111733 0.00030155475326307246 807.7965145479221 37.0 -12.359921293402834 1.6321971309568397 57339.019 57407.048 7 35 "Covariance may not be accurate."
01338233 52 0.501999774823325 57304.28216222732 1.942890293094024e-17 0.6500147998548969 0.00017846429445550482 0.6441634393237734 24.518238190939883 0.03091331263925563 0.3696900782782679 0.6092634842666397 232.18775823102357 47.0 -18.596282887094574 2.26230191874064 57319.276 57427.057 0 52 "Covariance may not be accurate."
01338266 80 0.5015547910033304 57324.04285291173 0.0 0.9805061969787144 0.50014678187769 0.0 0.0 0.0 0.0 0.0 927.7412595504666 75.0 inf nan 57339.033 57427.068 0 80 "Hesse Failed. Covariance may not be accurate. Covariance not positive definite."
01338278 40 0.4907044699486561 57324.03300110234 5.551115123125783e-18 0.9880209025658713 0.08941890114219392 0.6409152251181857 24.662405169481644 0.030831515375318152 0.4347177724980814 0.5256841076287707 877.5406788427598 35.0 -17.026091375324576 1.6855916390371064 57339.033 57427.057 0 40 "Covariance may not be accurate."
01338387 41 0.4925229493201627 57314.1690246567 6.383782391594651e-17 0.7096736802684533 0.24702789218279958 0.6450252057959561 24.894801617116173 0.031135400408137472 0.31829251425407895 0.7396016778679583 1437.089802741399 36.0 -19.356593628621837 2.122442599437985 57329.169 57428.056 0 41 "Covariance may not be accurate."
01338430 37 0.48525140212616097 57346.37628527649 2.7755575615628915e-18 0.6500000168172819 0.001204940659844056 0.6401728684450333 28.94808109945734 0.030860461590381517 0.37036809203019355 0.6000517935609477 1552.1440991711752 32.0 -16.39329862122777 2.2623391472361014 57339.117 57428.056 8 29 "Covariance may not be accurate."
01338471 46 0.4769941241462979 57304.1417553303 5.551115123125783e-18 0.6683724349050917 0.0022354536102829337 0.6397959893272832 24.540034489928075 0.0309742219385626 0.32321664557101154 0.5945404309886985 343.1610541912655 41.0 -17.099504191085412 2.2172567990219427 57319.134 57428.056 0 46 "Covariance may not be accurate."
01338675 34 0.5154478216062687 57324.10119946469 5.551115123125783e-18 0.6748400744553755 0.03032329871694639 0.6466283796988035 24.08540103917767 0.0309117622993609 0.4158564947253211 0.6801006587884204 13135.890954513121 29.0 -17.256742227121435 2.201871687131362 57339.046 57408.041 0 34 "Covariance may not be accurate."
01339002 36 0.07283176712645102 57330.10237954871 5.551115123125783e-17 1.222254055723122 0.2507595353202252 0.04583715635941866 0.0024349694685952272 0.0 0.00026173104105453593 0.0009191901480451181 1552.631620720478 31.0 -14.552442063832295 1.4749654413950566 57345.071 57427.068 0 36 "Covariance may not be accurate."
01339149 36 0.0743805648139893 57330.073132655896 2.7755575615628914e-17 1.147166369583232 0.49751578829142745 0.6294862240640631 24.578985852862388 0.030966653920777985 0.34932623974908134 0.712538826117219 1150.2525281632627 31.0 -13.366176943401932 1.5312040288468651 57345.068 57427.068 0 36 "Covariance may not be accurate."
01339392 29 0.5513050079908693 57330.44159475784 3.4416913763379854e-16 0.7328427428923655 0.6109606224958448 0.6494355623294114 37.808754609370226 0.04808659509778338 0.555564632501628 0.6796180547563851 1834.2563374577546 24.0 -20.794441252209808 2.0729580324421306 57345.331 57426.147 0 29 "Covariance may not be accurate."
01339450 51 0.5119070366576112 57364.280267727605 2.7755575615628915e-18 0.808655430853073 0.4604520763674707 0.6450129598678467 24.668823556890857 0.030838226892475073 0.4449703789483832 0.7016458849455759 342.37674556679644 46.0 -15.650396724058616 1.932451473093817 57339.281 57426.147 16 35 "Covariance may not be accurate."
01340454 43 0.28180304072846607 57331.20758330627 1.4432899320127036e-16 0.7131159707587551 0.5092064757244578 0.0035294589878853144 0.0012956705904798582 0.0 4.2601248969820205e-05 0.00011440282124830503 2930.643927991902 38.0 -18.304450342707288 2.114908963711617 57345.312 57425.153 0 43 "Covariance may not be accurate."
01341370 32 0.4909577277430424 57332.07784950522 3.885780586188048e-17 0.6570251906651435 0.015078762585430283 0.6817199765539594 32.48635301565082 0.04077345838470038 0.5159941739756568 0.6627322993087648 2745.3298303317615 27.0 -19.26701448732261 2.2448390478197204 57347.076 57403.052 0 32 "Covariance may not be accurate."
01341894 28 0.5147683132640609 57379.28382551891 5.551115123125783e-18 0.6500002598752942 0.002247649343691427 0.6455320388117325 29.662757899532153 0.030839075891591964 0.37023592326593735 0.594483620898374 2714.712698135913 23.0 -17.298582024828406 2.262338564502837 57365.051 57427.057 12 16 "Covariance may not be accurate."
01342255 25 0.8873205259716888 57378.78590541678 1.6653345369377348e-16 0.720390301178029 0.04436993793817956 0.6118063373179453 30.462437551494077 0.031917466529641364 0.3228441822201042 0.5180901666788227 29448.95718018858 20.0 -22.370869813153497 2.099169777197581 57365.107 57428.056 8 17 "Covariance may not be accurate."
01343208 36 0.8999898982936128 57350.14666640043 0.0 0.7906443220664108 0.5000020778022868 0.0 0.0 0.0 0.0 0.0 3895.2479264226654 31.0 inf nan 57355.251 57426.117 0 36 "Hesse Failed. Covariance may not be accurate. Covariance not positive definite."
01343337 31 0.011568635150850031 57357.23111679766 6.66133814775094e-17 1.1837620038628567 0.5093101124094633 0.5312157688368385 26.043616991435556 0.03288868803061308 0.4611470190705057 0.7352643382237156 1967.5109612098358 26.0 -10.154270967400613 1.502323533932163 57372.223 57426.147 0 31 "Covariance may not be accurate."
01343401 24 0.03629832081075163 57374.124683453185 4.718447854656916e-17 0.6501193295239966 0.4969014602973635 0.47782862963564693 27.65701401359911 0.030756480192010424 0.36550879317352564 0.7097818521647887 2138.453916671279 19.0 -12.3259986706442 2.2620560987087046 57372.046 57427.057 4 20 "Covariance may not be accurate."
01343533 31 0.8999999999996678 57351.76041723025 2.7755575615628915e-18 0.6500000000343863 0.004700787076128976 0.5552727416841394 21.021235621770757 0.031195108655699216 0.37434329346709516 0.6426228864176909 460.78553675679143 26.0 -18.028465953792683 2.262339286750869 57365.036 57407.048 0 31 "Covariance may not be accurate."
01343759 32 0.8398765232757561 57379.51107279301 2.7755575615628915e-18 0.6500000001291707 0.0001104812888102491 0.6280746809694007 29.612542198316078 0.030776092729116872 0.3693168250143898 0.6104771271991527 13117.031965676064 27.0 -17.84985184967269 2.2623391589776674 57365.133 57426.118 10 22 "Covariance may not be accurate."
