analysis_pipeline/fit_results/des_5_salt2_2.4_blue.ecsv
# %ECSV 0.9
# ---
# datatype:
# - name: obj_id
#   datatype: string
# - name: num_points
#   datatype: int64
# - name: z
#   datatype: float64
# - name: t0
#   datatype: float64
# - name: x0
#   datatype: float64
# - name: x1
#   datatype: float64
# - name: c
#   datatype: float64
# - name: z_err
#   datatype: float64
# - name: t0_err
#   datatype: float64
# - name: x0_err
#   datatype: float64
# - name: x1_err
#   datatype: float64
# - name: c_err
#   datatype: float64
# - name: chi
#   datatype: float64
# - name: dof
#   datatype: float64
# - name: b_max
#   datatype: float64
# - name: delta_15
#   datatype: float64
# - name: tmin
#   datatype: float64
# - name: tmax
#   datatype: float64
# - name: pre_max
#   datatype: int64
# - name: post_max
#   datatype: int64
# - name: message
#   datatype: string
# schema: astropy-2.0
obj_id num_points z t0 x0 x1 c z_err t0_err x0_err x1_err c_err chi dof b_max delta_15 tmin tmax pre_max post_max message
[from data line 194]
01343337 16 0.40980348870336053 57394.68732022552 1.584257234700792e-05 1.0675171106276897 0.2103400751545818 0.040963264301879715 0.8607249643646355 9.302851845680023e-07 0.8724182049255207 0.06007882888169236 5.3663383965747995 11.0 -19.27705572375047 0.8570089243446084 57372.226 57426.147 10 6 "Minimization exited successfully."
01343401 12 0.5045888952736909 57395.99305412956 2.1618297829673062e-05 0.7638866379633775 0.057646696092910454 0.07250576330367484 1.0571026664729288 9.194522943567485e-07 1.0805113486609677 0.0879104541237613 1.5915608590463284 7.0 -20.15217047182099 0.9139903845254445 57372.048 57427.054 8 4 "Minimization exited successfully."
01343533 16 0.3705208248836039 57389.89358080733 1.5520190015747003e-05 -0.9466426883791828 -0.0021005729831628517 0.08511746367489939 1.8246633928865776 2.614977974425836e-06 1.5268403259046965 0.16536775727723402 2.375625126564839 11.0 -18.992393762991114 1.243724738282289 57365.039 57407.046 10 6 "Minimization exited successfully."
01343759 7 0.5394248628304542 57394.4416391314 1.3196803369874833e-05 -1.346711707801573 -0.08923361124395077 0.0555581578517691 0.6540199854607636 2.536977060660362e-06 0.6530717505431626 0.4029697551706023 4.179398668056366 2.0 -19.790132648633502 1.341247370910093 57365.223 57425.071 4 3 "Covariance may not be accurate. Covariance not positive definite. Covariance forced positive definite."
01343871 7 0.6026331672324696 57389.197962220685 5.482336415790768e-06 0.4692537470516882 0.2997104989319516 0.08968151954629261 2.518707111423282 4.3465031644429634e-07 1.2951078793393993 0.30009173923870064 2.342722747521442 2.0 -19.134160194853624 0.9538782660671679 57355.228 57408.055 4 3 "Minimization exited successfully."
01344692 14 0.4624782513837998 57394.67135090207 8.011938742250036e-06 -1.4005965762203565 0.29999998839546943 0.0448234655479309 1.7079141876274662 6.779414453067511e-07 1.6229706480686112 0.5965249628419995 3.2756963435277147 9.0 -18.850563080102546 1.319317005229962 57366.056 57427.068 8 6 "Minimization exited successfully."
01345553 6 0.12255641352197799 57392.48474935649 5.417695404593137e-05 0.9408689066183795 -0.29440501970914335 0.05799312124399314 0.9097183155499806 1.2985105924262497e-05 0.7625958346753121 0.5955472668832318 0.9349094391107343 1.0 -17.650617642911254 0.8965221622846649 57372.048 57427.052 3 3 "Minimization exited successfully."
01345582 7 0.5451100157075528 57397.46965313992 1.5113712846692718e-05 -1.8730646249444025 -0.1061880922058098 0.06062399175633171 1.5904370652388025 8.888620128892632e-06 1.2816604832387057 0.4524294335546191 1.3448698319601071 2.0 -19.9648647884382 1.4747370787137335 57365.056 57427.054 5 2 "Covariance may not be accurate. Covariance not positive definite. Covariance forced positive definite."
01345594 11 0.3972163265769311 57396.24596644073 1.9628834387050432e-05 -2.2281552983945843 0.020790369698462596 0.04928652129764571 1.916415337640501 1.929579594554808e-06 1.4547272705011172 0.2003168666819306 3.1226155992553313 6.0 -19.425112361947598 1.5584173855483563 57372.048 57427.054 8 3 "Minimization exited successfully."
01346137 14 0.35445540800092873 57403.3512994018 2.0629018978060577e-05 1.3117378203012526 0.054432592311929595 0.06622903076897024 1.4990041733544786 2.5414598904802136e-06 1.0113266334622908 0.08883444388311998 0.8044103532084952 9.0 -19.190158074242305 0.8221822447545648 57375.048 57425.151 10 4 "Minimization exited successfully."
01346387 13 0.360081704965986 57394.9228784954 1.641847008510833e-05 -1.6628146161069481 0.010155400052977215 0.013601530727944677 0.23088466159970267 6.951818780798213e-07 0.3462774110691257 0.03465144220516536 7.709300343538241 8.0 -18.98023349514674 1.4090846364657992 57372.136 57426.118 6 7 "Minimization exited successfully."
01346956 10 0.35041734171947014 57413.447575503575 3.153853978224985e-05 1.9999967434566557 0.009546832350264545 0.025564692511201775 0.33992832526928396 1.2346045239142175e-06 0.5811987379990264 0.047310874877874054 3.7594265576917287 5.0 -19.62269482872183 0.7101399367073569 57387.181 57426.147 8 2 "Minimization exited successfully."
01346966 14 0.341019464097415 57407.51440812848 3.43405585560036e-05 0.5669428561887564 -0.009565945303180334 0.031201203638564018 0.734718327425071 1.9558472993661e-06 0.6617054782688965 0.05140445809311711 5.076460401633868 9.0 -19.644369109932924 0.9509036972329952 57376.057 57426.147 10 4 "Minimization exited successfully."
