analysis_pipeline/fit_results/des_4_salt2_2.4_all.ecsv
# %ECSV 0.9
# ---
# datatype:
# - name: obj_id
#   datatype: string
# - name: num_points
#   datatype: int64
# - name: z
#   datatype: float64
# - name: t0
#   datatype: float64
# - name: x0
#   datatype: float64
# - name: x1
#   datatype: float64
# - name: c
#   datatype: float64
# - name: z_err
#   datatype: float64
# - name: t0_err
#   datatype: float64
# - name: x0_err
#   datatype: float64
# - name: x1_err
#   datatype: float64
# - name: c_err
#   datatype: float64
# - name: chi
#   datatype: float64
# - name: dof
#   datatype: float64
# - name: b_max
#   datatype: float64
# - name: delta_15
#   datatype: float64
# - name: tmin
#   datatype: float64
# - name: tmax
#   datatype: float64
# - name: pre_max
#   datatype: int64
# - name: post_max
#   datatype: int64
# - name: message
#   datatype: string
# schema: astropy-2.0
obj_id num_points z t0 x0 x1 c z_err t0_err x0_err x1_err c_err chi dof b_max delta_15 tmin tmax pre_max post_max message
[from data line 156]
01335564 60 0.6077 57343.583077857955 6.979864933517876e-06 0.7337886616683291 -0.01774766753720075 0.0 0.7826862285473908 4.618642721568313e-07 0.6714748923140763 0.05239751185103467 37.497337908228104 42.0 -19.413873670756878 0.9221947928239871 57311.28 57427.068 24 36 "Minimization exited successfully."
01335694 37 0.2591 57347.8087116625 5.1863769060198074e-05 1.119873067804205 0.02228729222163789 0.0 0.14692271621606778 8.937983802276277e-07 0.17731121131326977 0.014141722116674221 29.351643827145857 21.0 -19.403292256535003 0.8551435682222035 57325.214 57408.058 17 20 "Minimization exited successfully."
01335717 51 0.3048 57346.66231120532 2.2590539774683394e-05 -0.06660671899106063 0.05423973764766671 0.0 0.11182690564237419 2.3370538385775186e-07 0.10385521495780758 0.009027905324983099 21.43418937471456 34.0 -18.905778504134098 1.0627303570715476 57325.182 57408.092 16 35 "Minimization exited successfully."
01335718 59 0.6993 57351.50758528284 5.68124910472756e-06 0.6411904695051511 -0.06035177352636259 0.0 0.31722937603262835 1.338885896609577e-07 0.2688224561118877 0.020811904046371524 34.63965865532223 40.0 -19.56350415507428 0.9400123764100847 57317.161 57426.118 21 38 "Minimization exited successfully."
01335868 66 0.6194 57347.617427351164 6.944952576762309e-06 1.8261236464803057 -0.06263410645803688 0.0 0.45492550225026207 4.3622310687968513e-07 0.5839193513360887 0.036622769601114546 45.66992477668842 46.0 -19.46034686241672 0.7408436398778164 57315.229 57425.154 27 39 "Minimization exited successfully."
01336008 50 0.438 57348.24081683665 1.9693770623827046e-05 0.7081976324276269 -0.08754811882240054 0.0 0.3384775355225429 5.166168063397428e-07 0.3296365174785516 0.016492828187931616 33.03426309393652 33.0 -19.682729558607853 0.9294057122613992 57325.01 57403.052 23 27 "Minimization exited successfully."
01336009 51 0.3416 57344.257264650725 1.3641832669505917e-05 -0.4671457283763738 0.16542085772303278 0.0 0.4196422005261411 4.509343891803684e-07 0.3942699009713382 0.03125375357011198 24.780862685136483 34.0 -18.647168685674334 1.1331044353095834 57325.01 57403.052 19 32 "Minimization exited successfully."
01336453 38 0.1848 57355.00511479911 0.00010887451745766053 1.0003713232418816 -0.03523397794370564 0.0 0.10035747358415392 1.6093498705821427e-06 0.11916073192105214 0.01014098670953456 22.62370912607321 24.0 -19.38144092333527 0.8772863346456319 57329.169 57403.103 11 27 "Minimization exited successfully."
01336480 36 0.256 57350.554021532116 3.638691300190955e-05 -0.064697141131147 0.025616165041893957 0.0 0.3052956614046707 9.851949566860876e-07 0.2908083445133549 0.023910269028112385 18.13332860756984 21.0 -18.987702229037673 1.0639277841410966 57325.115 57403.103 12 24 "Minimization exited successfully."
01336687 45 0.2337 57351.15695973461 4.2305359752461974e-05 0.4580509043848511 0.12727692036666516 0.0 0.16730931082565803 7.382276161219128e-07 0.15088136154156362 0.01350982859492289 37.57175216053027 30.0 -18.927566172781013 0.9639332214892953 57327.063 57403.064 17 28 "Minimization exited successfully."
01337117 47 0.5539 57361.35669282063 1.3042452253375637e-05 0.6100850267395277 -0.12130243189941528 0.0 0.41867822230778984 3.499039105694931e-07 0.33479468987590133 0.018689139294062684 61.73929243228782 31.0 -19.84854927127467 0.9479539455176429 57329.028 57403.051 23 24 "Minimization exited successfully."
01337221 54 0.6688 57360.1050424842 8.081602088882978e-06 0.1418685994380544 -0.2017794226757386 0.0 0.8374393040030554 4.4384542865622007e-07 0.5510318537551344 0.035608124719644335 44.52916395885003 36.0 -19.828797643844556 1.0365600746167587 57325.023 57407.048 23 31 "Minimization exited successfully."
01337228 54 0.5788 57357.6495565432 6.804656212436311e-06 -0.813331303462133 -0.07460742639656662 0.0 1.0916756165461265 5.589250796189662e-07 0.7705222397748868 0.08873053492452303 28.581417926256115 36.0 -19.256675768196796 1.2201765267223266 57325.023 57407.048 23 31 "Minimization exited successfully."
01337272 48 0.5027 57358.30078182563 1.0071872687641981e-05 -0.5898856424930359 0.018578920106065766 0.0 0.7390409583967994 5.633567883953085e-07 0.6535242499838612 0.06025429864162604 25.518700267566 32.0 -19.31197043318426 1.1672446614304484 57325.068 57427.057 20 28 "Minimization exited successfully."
01337325 48 0.6387 57357.793313295355 7.209273179911713e-06 0.6200203121766568 -0.0946088455963367 0.0 0.7793254846692435 4.15544339640861e-07 0.6384156125844438 0.04607353254116427 32.68865344555563 32.0 -19.581184737200033 0.9451208573022285 57325.068 57427.057 20 28 "Minimization exited successfully."
01337649 36 0.2491 57363.119260643616 3.9800720963489855e-05 1.075446519941849 0.12573021378881244 0.0 0.19506403601553757 5.615373598902309e-07 0.15849408630126094 0.01201989645827331 29.39857486281208 23.0 -19.019197227779696 0.8588407336445627 57339.162 57408.057 12 24 "Minimization exited successfully."
01337655 42 0.8485 57364.87488719615 4.059175328344212e-06 1.5449283608626416 -0.09642254825728994 0.0 0.5749250887529342 1.131087357247873e-07 0.40434608885186085 0.025253439872636993 46.15200378115682 28.0 -19.717466039883853 0.7882842217912227 57325.078 57408.041 19 23 "Minimization exited successfully."
01337687 47 0.3195 57361.395284095546 3.799091139208011e-05 0.9969073833472613 -0.08624698428884342 0.0 0.18693139067909215 5.086216784494515e-07 0.15017887399019436 0.01061738039607632 41.36206053496226 32.0 -19.589814986534897 0.8796960132461678 57339.295 57425.154 12 35 "Minimization exited successfully."
01337703 58 0.5334 57358.713571638036 1.2339765500263279e-05 -1.1796595733853543 -0.16098743079877484 0.0 0.5091632142830349 5.832402800054483e-07 0.41967164797706014 0.03308949934991447 25.935835607938767 40.0 -19.68867456583544 1.3079438449060987 57325.12 57425.154 24 34 "Minimization exited successfully."
01337838 42 0.3119 57364.57513513181 3.436934771105793e-05 0.8637031836367788 -0.02380779335094374 0.0 0.16693929693065002 4.4949868824584454e-07 0.18364183179883842 0.010415315106626771 60.96696944009738 27.0 -19.419887650944705 0.9001077805086659 57339.148 57427.068 14 28 "Minimization exited successfully."
01338128 42 0.3117 57366.602077801195 2.42225467192464e-05 -0.41863980270119283 -0.010090619186074623 0.0 0.3963530823675683 7.561693809457478e-07 0.38119707746564435 0.026371385909691958 17.858227876485266 27.0 -19.03744206612508 1.1345438337788458 57339.019 57407.048 15 27 "Minimization exited successfully."
01338170 42 0.389 57363.339742211036 1.609553878294534e-05 -0.44074706379311657 0.04641851980686351 0.0 0.7931988329764863 8.198716293594823e-07 0.6690798339200255 0.044454314805594086 27.266231718763407 27.0 -19.156920101968375 1.135456273636681 57339.019 57407.048 11 31 "Minimization exited successfully."
01338233 52 0.598 57355.92714037708 5.74747698250111e-06 -1.3439872295529942 -0.10851272150751903 0.0 1.0980243932244775 5.530402798409328e-07 0.915364390293882 0.06842783949983246 18.946379078107427 35.0 -19.159598712955017 1.342213389111027 57319.276 57427.057 24 28 "Minimization exited successfully."
01338266 80 0.6476 57366.49464039809 5.172045048260077e-06 -0.2727068749521595 -0.07241958119937766 0.0 0.7682186990423361 2.6853347802335836e-07 0.5990954146594714 0.04023005488384873 51.604949806751975 55.0 -19.256537304662512 1.1093673836418567 57339.033 57427.068 33 47 "Minimization exited successfully."
01338278 40 0.5639 57368.37614521871 8.470081112813e-06 1.6135702044096103 0.035084897738785925 0.0 0.9205715719035652 4.3623009910315186e-07 0.7623408133630214 0.05644861605852758 22.698110316495594 26.0 -19.42741969151105 0.7731308916457529 57339.033 57427.057 16 24 "Minimization exited successfully."
01338387 41 0.5838 57363.54917061062 9.470691600041438e-06 1.5515351426155632 -0.11669604015818008 0.0 0.7353552035565372 3.6707968565086197e-07 0.5207366630639856 0.03670303201163587 36.00322769414513 27.0 -19.64063482436296 0.7877725988148363 57329.169 57428.056 16 25 "Minimization exited successfully."
01338430 37 0.5089 57361.67900597965 1.2768855339148622e-05 0.5891778029143779 -0.09891389222295716 0.0 0.6627189827049733 5.154559833783769e-07 0.4884501068127285 0.03230895110742302 9.359383851254655 24.0 -19.60286400439286 0.950729355978055 57339.117 57428.056 12 25 "Minimization exited successfully."
01338471 46 0.5309 57351.11399491087 6.8376687570009815e-06 -1.1174148659574756 0.012482592793433167 0.0 1.0880190502466576 5.993279023883135e-07 0.9558498897071932 0.07015917834153901 19.78077551230758 30.0 -19.034177273338067 1.2802303183611663 57319.134 57428.056 17 29 "Minimization exited successfully."
01338675 34 0.3306 57371.89506836953 2.0719785014977623e-05 -0.03461164103061787 0.06403545497835283 0.0 0.17699024475950864 3.516153414678813e-07 0.19038967974657273 0.014403728198725069 11.922226769537891 22.0 -19.016981822682983 1.0561973166000769 57339.046 57408.041 15 19 "Minimization exited successfully."
01339002 36 0.3025 57369.77913731274 2.134835942712854e-05 -1.2742342491102352 0.1249702060255587 0.0 0.45059085191314807 6.159869026661768e-07 0.36227245242401196 0.03029079974723864 15.475630777595217 22.0 -18.825386945255204 1.306284494920078 57345.071 57427.068 12 24 "Minimization exited successfully."
01339149 36 0.4678 57373.91785406152 1.2419190215803845e-05 -0.4202748791358273 0.06320181762363491 0.0 0.6494540380808758 5.457432695282765e-07 0.5212685878750012 0.04142663911529704 11.207044708618715 23.0 -19.352060281148436 1.1303556350490993 57345.068 57427.068 17 19 "Minimization exited successfully."
01339392 29 0.1804 57370.82534543878 0.00012667890953430017 -0.48012532177697187 -0.01602703021855656 0.0 0.5574455950118136 9.83662791564505e-06 0.5531658221767797 0.046033845542820515 6.425280662086641 13.0 -19.48661166922131 1.1472182742819967 57345.331 57426.147 11 18 "Minimization exited successfully."
01339450 51 0.5505 57369.41995036686 6.599654686448298e-06 -1.2651760042095224 0.2284832742101685 0.0 1.1913344314125425 4.846515440984356e-07 0.9482181385503416 0.09721796909127103 22.731629543857956 34.0 -19.093765628982748 1.2952937846613608 57339.281 57426.147 20 31 "Minimization exited successfully."
01340454 43 0.421 57374.8772885597 1.545802233506033e-05 1.0021241137539674 0.03430288519801272 0.0 0.3417946998742991 5.773618529034122e-07 0.4553073778440575 0.025907331251777244 51.21545151043517 29.0 -19.317458538832838 0.8744625349966384 57345.312 57425.153 15 28 "Minimization exited successfully."
01341370 32 0.409 57376.41288242922 1.5192123401153168e-05 1.2936517585550353 0.009198397419203919 0.0 0.3860883133493189 6.921107088622711e-07 0.5660965319862936 0.028572904211569383 14.534839654139988 20.0 -19.224303965726477 0.8266604656455314 57347.076 57403.052 16 16 "Minimization exited successfully."
01341894 28 0.3121 57390.086906963246 2.916066994231581e-05 -0.04744377341380801 -0.04269913288116117 0.0 0.3850182014357415 8.136968825844814e-07 0.36195227458068446 0.02511583055756257 6.751289405413677 17.0 -19.242417060570563 1.0643209025799614 57365.051 57427.057 16 12 "Minimization exited successfully."
01342255 25 0.2141 57390.5799745938 8.532030844213279e-05 0.6488180365459693 -0.045171597922113504 0.0 0.14442920179499197 7.4656017369501e-07 0.1878092214711451 0.008380242860022896 12.6872733164837 15.0 -19.473848128575774 0.9380595230688265 57365.107 57428.056 16 9 "Minimization exited successfully."
01343208 36 0.4993 57390.85154712657 1.0696552747038735e-05 -0.05642456047107025 -0.03717901062243023 0.0 0.4539400166613632 2.474052396228551e-07 0.3654275528509059 0.02487290386362724 12.29502135711343 22.0 -19.359903622494414 1.0657305373325343 57355.251 57426.117 22 14 "Minimization exited successfully."
01343337 31 0.3389 57393.899743101996 1.7686878119524407e-05 1.1976400598424668 0.14961272870469017 0.0 0.7214884057066229 7.396272648674273e-07 0.6872586087012789 0.032688631857190564 20.375479689035483 19.0 -18.909996784221548 0.8377568301482299 57372.223 57426.147 15 16 "Minimization exited successfully."
01343401 24 0.3829 57394.96059110685 2.5062207859991028e-05 0.9476037161151156 -0.04507384960843991 0.0 0.6750618977239355 9.33039970547889e-07 0.7510992503914813 0.027002964797528575 3.988784984714778 14.0 -19.59815825919511 0.8865964074404857 57372.046 57427.057 12 12 "Minimization exited successfully."
01343533 31 0.368 57389.47077328564 1.532210507941556e-05 -0.5449159970285997 -0.00695829671498388 0.0 1.0205564205862174 1.1391156714959933e-06 1.1631837390883182 0.06300042212105525 9.667020603113249 19.0 -18.961224051784654 1.1597429898029752 57365.036 57407.048 19 12 "Minimization exited successfully."
01343759 32 0.508 57396.02766276638 1.2960647126633585e-05 0.5025793727657897 -0.11098332755200443 0.0 0.31619867181871086 1.947530604534682e-07 0.37504249254106714 0.012675463190732594 32.73011580907974 20.0 -19.61447254785736 0.9665896789089423 57365.133 57426.118 20 12 "Minimization exited successfully."
01343871 28 0.6379 57389.533553750676 6.8088379526848324e-06 0.8282612266457061 -0.07645388761524885 0.0 1.1440741345832066 3.6171865120115917e-07 0.8865318821831052 0.039628049211296756 14.757383378522624 17.0 -19.51584144849367 0.9081844417468616 57355.223 57408.057 16 12 "Minimization exited successfully."
01344692 28 0.3795 57393.94258132502 8.806522733811884e-06 -1.336819801567021 0.20000621096633003 0.0 1.2700666331838875 7.38021338099471e-07 1.442847365710309 0.08213587472854933 5.041105966850736 17.0 -18.44042763853634 1.3139355770472712 57366.054 57427.068 16 12 "Minimization exited successfully."
01345553 24 0.3189 57394.50263406988 3.4868357625433836e-05 0.5124967755006606 -0.1284890201514149 0.0 0.3992337779563968 8.76456943198211e-07 0.5215005704437459 0.01935836309794442 11.378425128629923 14.0 -19.49196918327058 0.96555808798038 57372.046 57427.057 12 12 "Minimization exited successfully."
01345582 28 0.4588 57399.021220718816 1.5423141065509793e-05 0.6457083351852342 -0.08410303828599966 0.0 1.5339591493830085 7.865761267211726e-07 1.5212242291152385 0.05144524168486629 10.059496824623919 17.0 -19.537577522892015 0.9401859405430173 57365.051 57427.057 20 8 "Minimization exited successfully."
01345594 23 0.4224 57397.977126668775 1.988560079132784e-05 0.18764802091515964 -0.13435219735121373 0.0 1.00752790936167 1.1739094586071804e-06 1.146420390086304 0.04559928712449768 10.219647432051499 13.0 -19.599598496178082 1.024851827879818 57372.046 57427.057 16 7 "Minimization exited successfully."
01346137 28 0.3635 57403.196349855956 2.1140428019583715e-05 0.9047439267439699 0.020254496849930304 0.0 0.8093082094019337 7.555666521177898e-07 0.7089369626693585 0.030986844551530807 4.200774171843407 17.0 -19.28038691904794 0.8914452732769824 57375.046 57425.153 20 8 "Minimization exited successfully."
01346387 28 0.3445 57394.837411314424 1.6691126268406077e-05 -1.8812195393661855 0.009152204919587181 0.0 0.16644887900110916 2.7005919695372095e-07 0.27629524050056764 0.01284225579076781 18.148480804137876 17.0 -18.885468615027428 1.46496040294479 57372.127 57426.118 15 13 "Minimization exited successfully."
01346956 20 0.3335 57411.96046733353 3.6105260007035515e-05 0.8017965215924479 -0.1071640745507508 0.0 0.2499326876095438 9.56561917221655e-07 0.31795167523412204 0.01611501946572351 24.088285861797083 11.0 -19.642992733398493 0.913914915626119 57387.178 57426.147 16 4 "Minimization exited successfully."
01346966 27 0.3355 57407.39230257445 3.711779283768757e-05 0.36207167566530174 -0.09494762698241097 0.0 0.41067554220353486 7.475567134013219e-07 0.36032055424121734 0.01626802499178527 10.749567975235346 16.0 -19.687683743455715 0.9911152122399578 57376.057 57426.147 19 8 "Minimization exited successfully."
