analysis_pipeline/fit_results/des_4_sn91bg_salt2_phase_red.ecsv
# %ECSV 0.9
# ---
# datatype:
# - {name: obj_id, datatype: string}
# - {name: num_points, datatype: int64}
# - {name: z, datatype: float64}
# - {name: t0, datatype: float64}
# - {name: x0, datatype: float64}
# - {name: x1, datatype: float64}
# - {name: c, datatype: float64}
# - {name: z_err, datatype: float64}
# - {name: t0_err, datatype: float64}
# - {name: x0_err, datatype: float64}
# - {name: x1_err, datatype: float64}
# - {name: c_err, datatype: float64}
# - {name: chi, datatype: float64}
# - {name: dof, datatype: float64}
# - {name: b_max, datatype: float64}
# - {name: delta_15, datatype: float64}
# - {name: tmin, datatype: float64}
# - {name: tmax, datatype: float64}
# - {name: pre_max, datatype: int64}
# - {name: post_max, datatype: int64}
# - {name: message, datatype: string}
# schema: astropy-2.0
obj_id num_points z t0 x0 x1 c z_err t0_err x0_err x1_err c_err chi dof b_max delta_15 tmin tmax pre_max post_max message
[from data line 168]
01337228 14 0.46249999999999997 57310.02621658825 8.326672684688675e-18 1.233079135077841 0.12111662836129866 0.0 25.163529341829417 0.031261147498186564 0.4139323385605233 0.5501843469437925 129.2886975867442 6.0 -17.253175485232447 1.467341529549575 57325.03 57407.048 0 14 "Covariance may not be accurate."
01337272 12 0.46249999999999997 57310.06900182377 0.0 1.133526233912529 0.5001742012186513 0.0 0.0 0.0 0.0 0.0 0.0 -4.0 inf nan 57325.075 57427.057 0 12 "Hesse Failed. Covariance may not be accurate. Covariance not positive definite."
01337325 12 0.46249999999999997 57310.06809998844 2.7755575615628915e-18 0.9965716274183518 0.0719578761169064 0.0 26.046638533451187 0.03259465865477471 0.42214712585379605 0.7071109261057313 201.85408836095223 4.0 -16.150455560702447 1.6753805406822764 57325.075 57427.057 0 12 "Covariance may not be accurate."
01337649 18 0.46249999999999997 57345.60018383065 1.4432899320127036e-16 0.6505040751031057 0.4601486725859337 0.0 0.0810156555926369 1.387778780781453e-18 0.00082398615493251 0.0007784337690932841 6984.923021256877 14.0 -19.676281312279883 2.2594047145764584 57339.167 57408.057 4 14 "Covariance may not be accurate."
01337655 0 0.8485 nan nan nan nan 0.005 nan nan nan nan nan nan nan nan nan nan 0 0 "Empty table passed to fit_lc."
01337687 23 0.46249999999999997 57344.116114723525 1.0547118733938988e-16 0.6560660589038989 0.4246504565392484 0.0 0.07423530248706811 1.387778780781447e-18 0.0018736917408899156 0.000675965270157175 6289.737725048167 17.0 -19.413322336077066 2.2455673565793646 57339.3 57425.154 2 21 "Covariance may not be accurate."
01337703 14 0.46249999999999997 57341.6828621529 5.551115123125783e-18 1.2032662370131817 0.000986066915010575 0.0 29.641249683387286 0.030880586114638595 0.3086267127852567 0.6014926834036226 221.80813866542636 9.0 -17.02117227380764 1.4876181825733532 57325.127 57425.154 4 10 "Covariance may not be accurate."
01337838 21 0.46249999999999997 57324.69186248144 8.326672684688674e-17 1.2052787110567194 0.4588895186416732 0.0 24.857854606456385 0.034106428327751785 0.4249769328300066 0.7248211492616097 6482.755177607356 13.0 -19.081932255562553 1.4862099471853298 57339.153 57427.068 0 21 "Covariance may not be accurate."
01338128 22 0.46249999999999997 57359.94312468651 5.828670879282072e-17 0.9042670883320204 0.46643086967890685 0.0 21.42348850070266 0.030769807345649026 0.4352571697518939 0.7024470705245158 1847.5871440995832 18.0 -18.6774984018615 1.7888505802303598 57339.023 57407.048 6 16 "Covariance may not be accurate."
01338170 11 0.46249999999999997 57324.027286709665 2.7755575615628915e-18 0.9375342108930178 0.32515903702526516 0.0 35.25877947238769 0.04438184662188531 0.41544806473150303 0.6568999700590712 309.6478813092407 5.0 -15.655744390288856 1.7450792781707847 57339.026 57407.048 0 11 "Covariance may not be accurate."
01338233 13 0.46249999999999997 57304.27602524457 0.0 1.1719182342375232 0.5001350505647093 0.0 0.0 0.0 0.0 0.0 0.0 -4.0 inf nan 57319.283 57427.057 0 13 "Hesse Failed. Covariance may not be accurate. Covariance not positive definite."
01338266 0 0.6476 nan nan nan nan 0.005 nan nan nan nan nan nan nan nan nan nan 0 0 "Empty table passed to fit_lc."
01338278 10 0.46249999999999997 57346.6808945913 2.7755575615628915e-18 0.6500000000000006 0.1162270226121136 0.0 29.08026236188016 0.030963243770297907 0.37155896307894576 0.5466345953078888 175.1272224211194 5.0 -16.069667801090613 2.260657858017236 57339.04 57427.057 2 8 "Covariance may not be accurate."
01338387 10 0.46249999999999997 57343.63161786074 2.7755575615628915e-18 1.162880139294554 0.47749525394839043 0.0 21.637422751919075 0.0 0.002785157909270808 0.024319280657097014 478.37083431239677 6.0 -15.346247871899195 1.5179545056077792 57329.175 57403.104 2 8 "Covariance may not be accurate."
01338430 9 0.46249999999999997 57364.11261557651 3.33066907387547e-17 0.6500000100140527 0.499031685266423 0.0 24.4197914074648 0.031895786892567675 0.3827148815216638 0.7231986469607007 388.3857273914749 5.0 -17.992346923291223 2.260671016508372 57339.124 57403.104 3 6 "Covariance may not be accurate."
01338471 12 0.46249999999999997 57304.14175718797 1.1102230246251566e-17 0.9491600302185679 0.0003298623501271636 0.0 24.8382120158858 0.03135328858313714 0.4303979718462717 0.6072086252183158 77.3786076456638 4.0 -17.774780387544663 1.7305347859398452 57319.139 57403.104 0 12 "Covariance may not be accurate."
01338675 8 0.46249999999999997 57355.30118522719 2.7755575615628915e-18 1.2147648628948975 0.6287345766959155 0.0 24.36878290900131 0.031965787284738804 0.4370157775996892 0.7524751704256156 1585.2517065484888 4.0 -15.067569710847604 1.4796251934874682 57339.073 57402.062 2 6 "Covariance may not be accurate."
01339002 19 0.46249999999999997 57330.08840354634 4.163336342344337e-17 1.1916512061499533 0.5122385427140107 0.0 39.15230873286782 0.048732243419279495 0.43034053331372185 0.621287725112832 546.4183803994468 13.0 -18.212789236089538 1.49600073182118 57345.071 57427.068 0 19 "Covariance may not be accurate."
01339149 9 0.46249999999999997 57332.09648396114 2.7755575615628915e-18 0.6500000023183248 0.06886321954042046 0.0 22.30903721371942 0.03408407725545637 0.4090269671443217 0.5074428247797418 247.54883060228204 4.0 -16.155878110676394 2.2606561356416712 57346.032 57427.065 0 9 "Covariance may not be accurate."
01339392 19 0.46249999999999997 57330.33101562763 1.3877787807814457e-16 1.158386334717808 0.30106648269434055 0.0 24.59071432224664 0.03075153824345071 0.43877138131374754 0.738725282258735 937.0784294623246 11.0 -19.944946560208 1.5215370091667246 57345.333 57426.147 0 19 "Covariance may not be accurate."
01339450 13 0.46249999999999997 57364.05642892337 8.326672684688675e-18 1.012208051139577 0.9235298899645564 0.0 23.28790902822948 0.04110812249288072 0.4004202027051103 0.8999912369726688 87.05623505820701 9.0 -15.680867869927056 1.658478647396258 57339.288 57426.145 4 9 "Covariance may not be accurate."
01340454 10 0.46249999999999997 57370.18697172293 4.718447854656916e-17 0.6506285749965707 0.4616464033861816 0.0 0.03947981632154551 1.387778780781447e-18 0.00042024189800549117 0.00038754571460078435 715.5816484779306 6.0 -18.45899647362138 2.259092638585134 57345.319 57425.153 3 7 "Covariance may not be accurate."
01341370 8 0.46249999999999997 57367.49419662065 2.7755575615628915e-18 1.2482834099700222 0.09365951621871865 0.0 28.903566060689627 0.033808472483899586 0.3897895579239126 0.5039703472412893 482.0753533093028 4.0 -16.111606313486078 1.4574762586032506 57347.083 57403.052 3 5 "Covariance may not be accurate."
01341894 14 0.46249999999999997 57375.62362906565 5.551115123125783e-18 0.6505131918089799 0.2846148118352785 0.0 29.433880898999632 0.030846838536133053 0.36261749060093396 0.6403428003347009 867.4013370147094 10.0 -16.477720062154756 2.2593775408126824 57365.056 57427.057 4 10 "Covariance may not be accurate."
01342255 12 0.46249999999999997 57382.081107045306 1.1657341758564144e-16 0.6501448868357856 0.4122066762316874 0.0 29.49225132265201 0.030746231881873788 0.36504795186866335 0.686920370618267 8440.770896914037 6.0 -19.54792390992029 2.260304388520879 57365.112 57403.103 4 8 "Covariance may not be accurate."
01343208 10 0.46249999999999997 57342.089784034855 2.7755575615628915e-18 0.6500000060509433 2.5156015864835624e-07 0.0 21.37888103133446 0.03209732725982373 0.3851407793091094 0.6147135528314204 950.7354039223859 5.0 -16.270144051061457 2.260654051328487 57355.251 57426.068 0 10 "Covariance may not be accurate."
01343337 8 0.46249999999999997 57357.22300449585 5.551115123125783e-18 1.1891859964220912 0.0010374580042498693 0.0 24.753218801197363 0.03094865533797797 0.4340221931128401 0.6011414779608748 326.22014106323473 4.0 -17.02109116560387 1.4977993555418472 57372.229 57426.145 0 8 "Covariance may not be accurate."
01343401 6 0.46249999999999997 57397.023827768935 5.551115123125783e-18 0.6500001172327564 0.0010022999495665208 0.0 25.143059006928524 0.03093466535461525 0.37110318767140266 0.6013808085819564 218.45759325743737 2.0 -17.02113967412589 2.260653799349413 57372.053 57427.057 4 2 "Covariance may not be accurate."
01343533 8 0.46249999999999997 57385.47873544274 1.3877787807814457e-17 0.78343021437814 0.18408952355614194 0.0 29.854627103610255 0.031798592151323836 0.3657239597029874 0.5904473756440493 63.59914980138235 3.0 -17.68026771595238 1.9745871218284847 57365.044 57407.048 4 4 "Covariance may not be accurate."
01343759 8 0.46249999999999997 57376.35191600564 5.551115123125783e-18 1.2476921199058821 6.936921543176933e-05 0.0 29.454529590595484 0.030783695577151556 0.3845322758549136 0.6114045792344476 2959.46094795411 4.0 -17.022617311231624 1.4578533047476228 57365.133 57426.068 2 6 "Covariance may not be accurate."
01343871 7 0.46249999999999997 57340.2312201601 0.0 1.2462161026400573 0.5001910568765648 0.0 0.0 0.0 0.0 0.0 0.0 -4.0 inf nan 57355.231 57408.057 0 7 "Hesse Failed. Covariance may not be accurate. Covariance not positive definite."
01344692 7 0.46249999999999997 57376.2368267521 2.7755575615628915e-18 0.6500000000000196 0.015643167956416792 0.0 29.559523885403905 0.031097737166400928 0.37317290045542245 0.5591197400836758 64.02645670469022 3.0 -16.245222748746716 2.2606545006329846 57366.061 57427.065 2 5 "Covariance may not be accurate."
01345553 12 0.46249999999999997 57389.695051667586 7.771561172376097e-17 0.650034056606553 0.499938383076198 0.0 22.894241094654717 0.0 4.076584266043959e-06 0.0004576186390415071 1400.4623502331792 8.0 -18.910050824067678 2.26058555842652 57372.051 57427.057 6 6 "Covariance may not be accurate."
01345582 7 0.46249999999999997 57383.119417838796 3.885780586188048e-17 1.2461562432028015 0.4754120700700506 0.0 29.470451901241177 0.030852842473517366 0.3479309264589309 0.7057092927491668 256.4386997610315 3.0 -18.21645446787629 1.4588535487296248 57365.058 57427.057 3 4 "Covariance may not be accurate."
01345594 6 0.46249999999999997 57380.269286676084 2.7755575615628915e-18 0.6500000000644427 4.6016416399563553e-08 0.0 29.400733801892784 0.03133240023976558 0.37599174756385123 0.614834369457439 69.01262682607468 2.0 -16.27014437479088 2.2606540663559933 57372.053 57427.057 2 4 "Covariance may not be accurate."
01346137 7 0.46249999999999997 57360.04601527148 4.4408920985006264e-17 0.650000001545775 0.19496472284870053 0.0 26.266998586539557 0.03284800574832511 0.39416296847351845 0.7367965146940795 183.5221007715344 3.0 -18.9195151017825 2.260661435591075 57375.053 57425.153 0 7 "Covariance may not be accurate."
01346387 7 0.46249999999999997 57358.96109922261 1.665334536937735e-17 1.1600353529281158 0.4946483179537241 0.0 20.813259087612096 0.031050910331913942 0.34184857590618617 0.7128505477316361 3485.1018906571126 3.0 -17.250533950822803 1.5202203259416187 57372.178 57426.068 0 7 "Covariance may not be accurate."
01346956 5 0.46249999999999997 57372.20736605573 2.7755575615628915e-18 0.6928292206132757 0.0020763069390020705 0.0 24.445777410117444 0.031149482692032052 0.42978685952640616 0.6335989438290806 989.3652300084773 1.0 -16.266870784339776 2.15865177273929 57387.186 57426.145 0 5 "Covariance may not be accurate."
01346966 7 0.46249999999999997 57361.06120731623 2.7755575615628915e-18 1.0411759426614626 0.39552298685288795 0.0 27.418347140170226 0.034028525836431435 0.4702105901869485 0.7297380730716647 448.0094726958453 3.0 -15.523637419673257 1.6284733280914168 57376.062 57426.145 0 7 "Covariance may not be accurate."
