analysis_pipeline/fit_results/des_5_sn91bg_salt2_phase_all.ecsv
# %ECSV 0.9
# ---
# datatype:
# - {name: obj_id, datatype: string}
# - {name: num_points, datatype: int64}
# - {name: z, datatype: float64}
# - {name: t0, datatype: float64}
# - {name: x0, datatype: float64}
# - {name: x1, datatype: float64}
# - {name: c, datatype: float64}
# - {name: z_err, datatype: float64}
# - {name: t0_err, datatype: float64}
# - {name: x0_err, datatype: float64}
# - {name: x1_err, datatype: float64}
# - {name: c_err, datatype: float64}
# - {name: chi, datatype: float64}
# - {name: dof, datatype: float64}
# - {name: b_max, datatype: float64}
# - {name: delta_15, datatype: float64}
# - {name: tmin, datatype: float64}
# - {name: tmax, datatype: float64}
# - {name: pre_max, datatype: int64}
# - {name: post_max, datatype: int64}
# - {name: message, datatype: string}
# schema: astropy-2.0
obj_id num_points z t0 x0 x1 c z_err t0_err x0_err x1_err c_err chi dof b_max delta_15 tmin tmax pre_max post_max message
01248677 59 0.14545218941561883 56523.28237418026 2.498001805406602e-16 0.8271794250463694 0.5000191454690434 0.002171636318950551 1.012814391287975e-05 0.0 1.2189948806917705e-05 2.2105695349217136e-05 71127.12711354422 27.0 -17.30557089497208 1.9014975387462378 56538.281 56629.123 0 59 "Covariance may not be accurate."
01250017 60 0.8819342940043614 56524.07102328823 5.717648576819557e-16 0.6772890869639231 0.00021060312153725613 3.3035749236187684e-07 3.43285828421358e-05 0.0 3.290495638186286e-07 0.0003675861950825088 52091.27889058752 55.0 -23.76567701990372 2.1945368508956236 56534.233 56616.08 0 60 "Covariance may not be accurate."
01253039 74 0.12715328760933137 56532.277312760416 4.4408920985006264e-17 0.9498102491864385 0.5019271404474115 0.4962445697499147 25.658532359164383 0.03242518934112989 0.43702559490034354 0.7290406452007054 5362.961069741623 27.0 -15.109577425234345 1.7297479285226558 56547.268 56653.094 0 74 "Covariance may not be accurate."
01253101 68 0.49444880028576993 56528.09665346188 1.1102230246251566e-17 0.9871842923052192 0.034358268151422344 0.6540653680198221 25.32875694086033 0.03190365098955557 0.4228244059913355 0.683663454433095 2526.9352381464187 34.0 -17.893848467689654 1.6858082562229022 56543.092 56657.052 0 68 "Covariance may not be accurate."
01253920 58 0.16280515629564596 56544.20440203036 2.4702462297909734e-16 0.8107519662977586 0.5147224339691608 0.003914958747657765 0.0004554960505629424 0.0 0.0001660423960027635 0.00030914382884150715 26365.903518556064 25.0 -17.53856791369375 1.9279164927732815 56559.19 56649.173 0 58 "Covariance may not be accurate."
01255502 29 0.4308476224375235 56548.268306609076 1.942890293094024e-17 1.217447262147334 0.00010636459779594931 0.6277331819837321 24.82885113872908 0.030875751256492032 0.3052292382873966 0.6105612337161955 9331.048875187094 11.0 -18.19893887975881 1.477779996950428 56563.266 56653.077 0 29 "Covariance may not be accurate."
01257366 40 0.4549001299649557 56610.65418358325 2.7755575615628914e-17 0.6500111410095496 0.5067498980405799 0.6322522520635119 21.892883890857775 0.030746232187425733 0.36792541528813094 0.7119003438958138 2753.402422465213 34.0 -17.738277210901934 2.2606431238409925 56590.341 56682.089 7 33 "Covariance may not be accurate."
01257695 48 0.20319141770631038 56575.025002519425 2.886579864025407e-16 1.2176393934906953 0.3790377315856252 0.006403336582278166 8.788221748545766e-06 0.0 0.0001770187224515718 0.0005057944072075771 42166.918671893196 23.0 -18.52962599894581 1.4776603252113105 56590.025 56675.078 0 48 "Covariance may not be accurate."
01258906 56 0.4527553951036211 56579.022112150225 5.828670879282072e-17 1.1948001379791782 0.2856946511722721 0.6317141996007452 24.327540931564727 0.030746586745838574 0.316692781636612 0.6408071970031133 2708.037213565696 28.0 -18.973598249746196 1.493699256170963 56594.012 56695.038 0 56 "Covariance may not be accurate."
01258940 70 0.4768380502781944 56575.311021034526 1.0269562977782698e-16 0.6523486265176561 0.5001239387270062 0.051265050394112305 6.539640526170842e-05 0.0 8.747930817282201e-05 0.0011972134662203704 1877.7751335051037 38.0 -19.291763057300372 2.2547933350220717 56590.311 56697.043 0 70 "Covariance may not be accurate."
01259412 47 0.5112264004553213 56613.79483867023 5.273559366969494e-17 1.137175707594578 0.04767479806154329 2.7923561900955463e-05 0.0012369938813208137 0.0 1.5364470593692836e-05 0.5246169250380808 29785.96384727625 37.0 -19.650544532649658 1.539018576022162 56602.144 56697.078 7 40 "Covariance may not be accurate."
01261579 40 0.17218720192434242 56600.21739398748 2.3592239273284576e-16 1.1444787933093654 0.4841226590373499 0.0012298614454576279 0.0006078370024624746 0.0 6.870667035441258e-05 0.00014541190635256052 32645.93485207183 15.0 -17.684925769595267 1.532904885799752 56615.111 56697.079 0 40 "Covariance may not be accurate."
01262214 68 0.47266262690822686 56646.26391907627 5.551115123125783e-18 0.66568335048932 0.02288427232057072 0.6473256189373082 29.648146306844865 0.03176518634869388 0.4056265905380385 0.5626745728840368 6222.592654744363 61.0 -17.042610167311114 2.2221120272698833 56625.224 56698.051 19 49 "Covariance may not be accurate."
01262715 46 0.5118654628995442 56642.80217621881 1.942890293094024e-17 1.0347897741854288 0.0058396534403303835 2.2910705743450777e-05 0.0008384941720578354 0.0 1.5566560801594242e-05 0.18483642096799274 7725.770298115193 41.0 -18.638249535701547 1.6349418819908585 56625.224 56697.09 12 34 "Covariance may not be accurate."
01263369 36 0.8601133455153543 56667.58582150045 1.4710455076283326e-16 0.6500015846190046 0.20004815028213924 0.6474182452394273 29.556655642139958 0.03232039945182024 0.3874006322946917 0.7372532100594542 4687.255975339354 27.0 -21.85252322144538 2.2606577310351845 56645.136 56697.043 16 20 "Covariance may not be accurate."
01263715 35 0.49202573236394725 56666.93552631978 1.7486012637846217e-16 0.6500000000011203 0.19999030356711833 0.6481318632530905 29.009892982616293 0.031410446828895926 0.3769257353990881 0.7372482542759797 7147.378280139694 23.0 -20.55770107680433 2.2606617071907102 56645.05 56694.039 15 20 "Covariance may not be accurate."
01275946 72 0.6068311172265725 57236.13027866132 2.5535129566378603e-16 0.6500000000573302 0.2031079209287594 0.6648304389609163 20.055575378566573 0.03129748331885977 0.37557236447692466 0.6010266965244871 54005.01134360517 59.0 -21.513345659924966 2.26066187591136 57248.373 57329.035 0 72 "Covariance may not be accurate."
01279500 45 0.5066531939517253 57261.972656306476 7.771561172376097e-17 1.0962670113558701 1.9410251184126537e-11 3.2908818734522782e-06 0.00013709626728086732 0.0 1.945617907006536e-06 4.995720886313837e-05 54863.1431984434 40.0 -20.12584700510529 1.5752527023813414 57249.293 57319.287 11 34 "Covariance may not be accurate."
01280217 63 0.5984338925259228 57253.4509476846 1.1934897514720432e-16 0.6897851724869132 0.5080262432641416 0.0005767304634701764 0.388475387928338 0.0 0.0003086366886003167 0.0009443159645554644 3727.5256310123227 58.0 -20.03878567885122 2.165612287364386 57248.388 57329.175 8 55 "Covariance may not be accurate."
01281668 83 0.5998601324126872 57261.10396291538 5.551115123125783e-18 1.1853354164818202 1.992259691263598e-05 0.6560585303336073 29.5721668064798 0.030790516635111165 0.43300006616089787 0.6130421304286885 8350.308118155863 75.0 -17.70481654156173 1.5006564534396212 57248.373 57342.028 16 67 "Covariance may not be accurate."
01281886 70 0.6060955913590355 57262.13785775238 5.828670879282072e-17 1.195283678757101 0.29307051036476894 0.6890907841886276 31.213892836767627 0.03303932350386234 0.3162957358681468 0.6460581400250305 2218.3502588670167 61.0 -19.726069905426474 1.4933485169968712 57248.388 57345.234 12 58 "Covariance may not be accurate."
01282736 72 0.4550930346989759 57254.31036894606 2.7755575615628915e-18 0.6500000000003396 0.0009951646669373315 0.6333141007579015 28.46989625119386 0.03084033047294228 0.37008415853827875 0.6014298744997574 1719.4575907992653 52.0 -16.22663415382629 2.2606540935450425 57249.279 57346.032 7 65 "Covariance may not be accurate."
01283373 61 0.5081327625299009 57254.031848439256 1.249000902703301e-16 0.8287028506230033 0.13840470772242686 0.6431006734364267 28.503040549599973 0.030746230647477255 0.38778513945541737 0.7284088481882806 8028.89364509498 52.0 -20.40528719350897 1.8990911671178239 57249.423 57332.081 3 58 "Covariance may not be accurate."
01283878 56 0.0922857509264069 57256.31653869566 1.0269562977782698e-16 0.6500376733570993 0.48698789688816524 0.47009814237799796 29.778947776507266 0.03262708609199119 0.38932454376286996 0.726173623719916 1028.5680416223968 29.0 -15.30770171394797 2.2605759737804547 57249.293 57339.187 8 48 "Covariance may not be accurate."
01283936 85 0.51261198255791 57233.38019033103 5.551115123125783e-17 1.249996879215053 0.5008989442323593 0.0007557222265460739 0.0008318482941831462 0.0 0.014311031329238277 0.00013623688567943049 1236.7815875316467 51.0 -18.811575228669312 1.4563895440384513 57248.373 57347.084 0 85 "Covariance may not be accurate."
01285160 72 0.6162636423558905 57234.41655018073 5.551115123125783e-18 0.9393779379297393 7.731056395732239e-06 0.6881281895525438 26.617270969069068 0.03284987137574891 0.4424822622405396 0.6137530150279604 3485.2602047498667 33.0 -17.776249941255216 1.7427372392752325 57249.403 57372.178 0 72 "Covariance may not be accurate."
01285317 92 0.546328589165849 57233.864320697656 2.7755575615628915e-18 0.6500027489178525 0.0007513511252507099 0.6658508005728501 23.468729382646416 0.03197768224508789 0.38315535358565816 0.6262803004875684 1621.5362353767466 56.0 -16.704534675277834 2.26064718396249 57248.373 57356.127 0 92 "Covariance may not be accurate."
01286398 52 0.5066169524518312 57265.99361078828 1.0269562977782698e-16 1.2217239850762873 0.0009536086329049454 0.6428301507171473 29.513970279400382 0.030746401922778107 0.41595470960418446 0.6017190904829177 8019.711960358991 47.0 -20.426766600027698 1.4748863991239567 57249.293 57331.145 13 39 "Covariance may not be accurate."
01287626 23 0.4970899957302556 56638.049655918614 5.551115123125783e-18 0.7018959218107266 0.5001479943122595 0.00028822164677769213 0.00020441757806111127 0.0 0.00010706364294726933 0.7495855931585862 7617.570192816713 18.0 -16.23232232464259 2.1382204806107623 56653.047 56697.072 0 23 "Covariance may not be accurate. Covariance not positive definite. Covariance forced positive definite."
01289288 81 0.5068051866988771 57238.98466932904 4.4408920985006264e-17 0.650000000359434 0.229809149745208 0.000349974542751319 0.011811078384198481 1.387778780781447e-18 9.260429323365571e-08 0.6066674805394949 1718.5708731657776 49.0 -19.0787490198446 2.2606634152339 57248.373 57347.084 0 81 "Covariance may not be accurate."
01289555 79 0.5651249996013599 57262.29483784029 5.551115123125783e-18 0.6524847274775963 0.28995589666008625 0.6526621163636156 29.63137919444125 0.03080764392299326 0.3853864144548082 0.6426268509849876 1123.2499528474364 62.0 -16.993453888657903 2.25444830356966 57248.388 57365.115 12 67 "Covariance may not be accurate."
01289600 64 0.4800186178996275 57258.546848566446 1.1102230246251566e-17 0.6522669252534089 0.012969563293406539 0.6569664125255741 29.118963081458787 0.032599095851700316 0.4074317345821798 0.5643402544951629 7280.033312418313 41.0 -17.851447108240617 2.2549806054930563 57253.285 57365.221 4 60 "Covariance may not be accurate."
01289656 75 0.5029557552005561 57244.253231810944 4.718447854656916e-17 1.1688666605116445 0.5084400121985669 0.6730741966773548 0.7527003001996491 0.0 0.0014198901660255059 0.005946807759928008 1073.1307394406238 46.0 -18.573398556251327 1.5132434593473931 57249.423 57355.245 0 75 "Covariance may not be accurate. Covariance not positive definite. Covariance forced positive definite."
01289664 64 0.5999324970646708 57262.45512098191 8.326672684688675e-18 0.6896007245659314 0.019426234894394656 0.6753511898366507 30.155283842130302 0.03206146464430348 0.30648619571674623 0.5523905903175506 17776.250280681328 55.0 -18.11435402308647 2.166019066821903 57252.303 57345.234 7 57 "Covariance may not be accurate."
01290779 44 0.30225160679724655 56902.51537791447 8.326672684688675e-18 0.656512714558311 0.49986698915998556 0.6559610168949529 33.34361093895495 0.03669747042165263 0.40630113394181605 0.7494219781200955 2420.5057314937417 31.0 -15.397644743826817 2.2444680347320975 56887.39 56973.322 8 36 "Covariance may not be accurate."
01290816 40 0.03917130767750722 56908.179282602 1.942890293094024e-16 0.9248656812412175 0.5099746854183208 0.010760149901506574 0.0021685617030016147 0.0 5.301609035002208e-05 8.715378904544657e-05 11085.42102261995 24.0 -14.009207480476395 1.7613768362949003 56887.39 56960.278 12 28 "Covariance may not be accurate."
01291080 52 0.3464867825829757 56899.82320280803 5.551115123125783e-18 1.2435986734091278 0.0007121744582809786 0.6020390320145141 29.574940859642084 0.030807078617900392 0.3942313706902711 0.6259849479909902 1219.4681665054786 43.0 -16.27921466348546 1.460488792774889 56887.268 56973.078 8 44 "Covariance may not be accurate."
01291090 51 0.054695184102843616 56899.77425055006 2.1094237467877976e-16 1.0021076857882187 0.5025331774882701 0.0029202923919333344 0.0067250974898342974 1.387778780781453e-18 0.000161440912934796 0.00027435208562220925 7280.184096926116 34.0 -14.859957596325941 1.6693418215624547 56887.211 56973.028 8 43 "Covariance may not be accurate."
01291794 72 0.5682916218039296 57265.88798429572 2.7755575615628914e-17 1.2498194130691866 0.09350714051235814 0.7027845834079882 32.38689407152924 0.035208620459979134 0.4275453664761104 0.5290616865183992 1409.4637943299183 55.0 -19.151240211926464 1.456491758819304 57252.289 57356.174 11 61 "Covariance may not be accurate."
01291957 60 0.6091188594877408 56865.22100313737 1.1102230246251566e-17 0.6500187507580545 0.00024639838494672217 0.6652519012014081 20.32534687271982 0.031310784387283075 0.374267630137192 0.6082644893227641 3933.372633427959 32.0 -18.497560240351838 2.2606069882862414 56877.179 56980.031 0 60 "Covariance may not be accurate."
01292145 73 0.5657541456880163 57265.31454062552 0.0 1.2487721466629529 0.5001053557064468 0.0 0.0 0.0 0.0 0.0 0.0 -5.0 inf nan 57252.289 57356.174 11 62 "Hesse Failed. Covariance may not be accurate. Covariance not positive definite."
01292195 81 0.2765942590487201 57266.54720012473 0.0 1.0959651074925323 0.49971207174213184 0.0 0.0 0.0 0.0 0.0 0.0 -5.0 inf nan 57249.403 57389.163 11 70 "Hesse Failed. Covariance may not be accurate. Covariance not positive definite."
01292332 49 0.3089097706704735 56900.298832153836 1.9151347174783951e-16 1.0732027549128131 0.48951583796972853 0.5882718013829094 29.46641194840049 0.030999663778920585 0.3872527023455788 0.7109745075339058 5382.239571942609 40.0 -18.882038794123453 1.5969861234036564 56890.328 56973.19 5 44 "Covariance may not be accurate."
01292336 49 0.477703726216088 56899.65985434879 1.2212453270876723e-16 1.16835388611573 0.0904325660637395 0.6372056048590394 29.210839813800703 0.03074651870759084 0.43674424038026344 0.7148059947288163 5443.437093380782 44.0 -20.310279479651392 1.5136323220396442 56890.328 56973.19 5 44 "Covariance may not be accurate."
01292560 48 0.47658263173066223 56896.47244110277 1.7763568394002506e-16 0.7591482485884533 0.012837054802686043 0.636969425200549 28.677376225325133 0.03074635496411266 0.3527034079367034 0.6593367567860496 15354.519577390047 39.0 -20.843243146596212 2.0193037133771874 56890.263 56973.042 3 45 "Covariance may not be accurate."
01293319 57 0.5350934352226008 56900.2888458461 2.7755575615628915e-18 1.2370285743300573 0.02067436191140143 0.6531537336108237 29.8596987322926 0.03114472562267672 0.4081193370603144 0.5503054329784278 12535.700396401384 48.0 -16.618057785590718 1.4647529392624996 56887.268 56980.072 8 49 "Covariance may not be accurate."
01293758 35 0.5249726306046941 56878.94303352455 1.0547118733938988e-16 1.085244222262336 0.041947384348370476 0.6979374048574978 23.441861734521808 0.03694193942895796 0.38158109321175354 0.6186580646988332 10797.02040663349 19.0 -20.48229804465103 1.5855306062195424 56891.384 56980.044 0 35 "Covariance may not be accurate."
01294014 39 0.4999953634626752 56875.417297057385 1.7208456881689927e-16 0.9660973937511002 0.0008972249874337757 0.6416644745685016 24.122759350357228 0.030750353309930138 0.4297388659352871 0.6273873193951821 2235.830849004455 12.0 -20.952921649020578 1.710086411682866 56890.386 56990.199 0 39 "Covariance may not be accurate."
01294743 47 0.4647805132072041 56878.03921758332 2.7755575615628915e-18 0.6500000021146042 0.19061874607041857 0.0001391974986692801 0.00331378271948779 0.0 1.4569062012359524e-08 0.8687142549446069 2942.135418757216 26.0 -15.931505759305683 2.260661206995863 56890.285 56980.127 0 47 "Covariance may not be accurate."
