analysis_pipeline/fit_results/des_4_salt2_2.4_blue.ecsv
# %ECSV 0.9
# ---
# datatype:
# - name: obj_id
#   datatype: string
# - name: num_points
#   datatype: int64
# - name: z
#   datatype: float64
# - name: t0
#   datatype: float64
# - name: x0
#   datatype: float64
# - name: x1
#   datatype: float64
# - name: c
#   datatype: float64
# - name: z_err
#   datatype: float64
# - name: t0_err
#   datatype: float64
# - name: x0_err
#   datatype: float64
# - name: x1_err
#   datatype: float64
# - name: c_err
#   datatype: float64
# - name: chi
#   datatype: float64
# - name: dof
#   datatype: float64
# - name: b_max
#   datatype: float64
# - name: delta_15
#   datatype: float64
# - name: tmin
#   datatype: float64
# - name: tmax
#   datatype: float64
# - name: pre_max
#   datatype: int64
# - name: post_max
#   datatype: int64
# - name: message
#   datatype: string
# schema: astropy-2.0
obj_id num_points z t0 x0 x1 c z_err t0_err x0_err x1_err c_err chi dof b_max delta_15 tmin tmax pre_max post_max message
[from data line 105]
01313594 12 0.2883 57002.078144193925 3.6734423691864305e-05 0.5501076373889999 0.2998965371701727 0.0 0.34846797693535336 7.336532152707478e-07 0.2625905463498368 0.5464769447346688 10.572425286167826 8.0 -19.299191043923706 0.9400120926541788 56973.038 57051.053 4 8 "Minimization exited successfully."
01314897 25 0.3369 57301.21537038552 2.8495069241366022e-05 0.8318840602677415 0.013701022782906969 0.0 0.5053894851662335 1.5600635952142679e-06 0.5089129229278817 0.06369847243310223 19.601711343659936 21.0 -19.411193649138383 0.9041034554228702 57273.337 57372.07 9 16 "Minimization exited successfully."
01315192 7 0.2254 57008.519712233705 4.790141593593589e-05 0.9104576258824464 0.2997594267587898 0.0 0.3465898715076037 2.962309480381009e-06 0.5715232087222462 0.5930728994653736 1.6885749037944913 3.0 -18.977991122119274 0.8794738850408663 56987.196 57052.098 3 4 "Minimization exited successfully."
01315259 10 0.228 57004.446021409116 3.8867758987437555e-05 -0.43912463573093374 0.29937297634712395 0.0 0.34316260044579394 1.447194449252786e-06 0.2812902561340296 0.5465995143088908 4.384940363019272 6.0 -18.7782290838583 1.1188704077318548 56980.181 57049.068 4 6 "Minimization exited successfully."
01315296 27 0.4126 57004.45004308253 1.0062413773714862e-05 1.6441134969502968 0.14467755154491113 0.0 0.9640490538295126 6.599149902572488e-07 0.7792943038356583 0.08530726630122815 15.869248871627342 23.0 -18.801184656843333 0.7648797368486342 56973.185 57049.07 11 16 "Minimization exited successfully."
01316385 11 0.1478 57019.19549754211 0.00018693707948093665 1.677991414068278 -0.04932001557720134 0.0 0.25301919496268965 7.007069726756848e-06 0.39061599465678176 0.04661088404139087 37.816421288982376 7.0 -19.434150062050424 0.7649501682786131 57001.175 57066.03 5 6 "Minimization exited successfully."
01316431 10 0.1981 57018.53936861699 8.07862473700155e-05 0.8320322244479961 0.21797855180497322 0.0 0.17060695516192936 2.5928057834778697e-05 0.19478073391577944 0.5312804862899687 13.813480087503532 6.0 -19.22812049120514 0.8959004690446442 57001.162 57052.098 4 6 "Minimization exited successfully."
01316437 13 0.482 57009.446300355106 1.3762564115665789e-05 -1.2428797429504157 -0.2984458534482026 0.0 1.5331939096504357 2.2112785284356108e-06 1.2843957445202077 0.3097580611938585 12.523510438717885 9.0 -19.54510523750051 1.3333429315062517 56980.197 57052.1 5 8 "Minimization exited successfully."
01316465 11 0.3291 57021.44193181986 2.487659706578438e-05 0.49879829016507493 0.2999187452815502 0.0 0.12104836674188846 2.9051915603345234e-07 0.12111145866237982 0.5068643713057792 13.082840547869619 7.0 -19.209003224074397 0.948791890443264 57001.183 57066.064 4 7 "Minimization exited successfully."
01317164 5 0.1547 57297.42469619284 7.319226820687308e-05 -2.3568983220614355 0.15246201408897425 0.0 0.0013463557079376187 0.04119386972079948 4.07538259779453 0.5190007396110647 6.293716473239972 1.0 -18.523130788064275 1.579623917960756 57315.181 57355.159 0 5 "Covariance may not be accurate."
01317277 12 0.2371 57007.94367001984 5.4665912880264016e-05 -1.2313283926524616 -0.27141633466564186 0.0 0.5465296244401543 2.056902742290923e-05 0.46615155568408095 0.5582553228778251 5.877912820607619 8.0 -19.243050868916686 1.32853382311243 56987.073 57052.037 5 7 "Minimization exited successfully."
01317286 14 0.279 57015.06031226092 4.265457973868514e-05 0.5763430884531546 0.2818962432890099 0.0 0.2796708799432963 7.877906637517028e-06 0.25370252643400404 0.5845898734332051 16.328403624769116 10.0 -19.378937723659014 0.9363678227858259 56987.073 57052.037 8 6 "Minimization exited successfully."
01317454 10 0.5688 57013.71391262464 7.967703370234669e-06 -0.8710549512213994 0.03851211407303051 0.0 1.2710751606682607 5.0176438308180416e-06 0.9017870703994579 0.3747522249037718 12.38213702274477 6.0 -19.381852472203235 1.224485702928341 56987.033 57051.04 5 5 "Covariance may not be accurate. Covariance not positive definite. Covariance forced positive definite."
01317666 22 0.1414 57301.47484389477 0.00011037987389718729 -0.08893770011278157 0.09109321752319588 0.0 0.12259801940308535 2.704148268904695e-06 0.1235584546002706 0.019015836398844466 5.427171105543034 18.0 -18.755855436556292 1.0648963591377623 57278.217 57356.106 7 15 "Minimization exited successfully."
01319366 17 0.2361 57304.40989711964 7.663764279157715e-05 1.1947345704158332 -0.10560056306210996 0.0 0.4525238653732231 5.877107521875259e-05 0.4288560418617653 0.4840508536566761 31.983402791734242 13.0 -19.598111828359247 0.8469286210495994 57276.312 57372.102 8 9 "Minimization exited successfully."
01319821 10 0.3088 57022.22503099672 3.300446110139355e-05 -0.39257868978318955 -0.29876284343848575 0.0 0.9497230295528425 3.5246623143483937e-06 0.5469171856937887 0.3783582363101805 8.15945791678706 6.0 -19.354198202312556 1.1460955202284389 56992.125 57067.099 3 7 "Minimization exited successfully."
01320166 10 0.449 57022.96687849456 1.4191270603614027e-05 1.999999876982013 -0.2971457375896149 0.0 0.8480389016476693 2.8058147482037945e-06 4.144676809920275 0.3822934145870938 4.790141978808938 6.0 -19.39686797149504 0.7176601239262936 56991.113 57049.046 5 5 "Minimization exited successfully."
01322229 7 0.5261 57035.3616454184 8.50489582997771e-06 1.8839717547675203 0.29175944408552196 0.0 1.9935099532194727 1.7237219321716843e-06 4.778514643289498 0.4909188291889385 2.6645441812026838 3.0 -19.254412711521567 0.7215457169046573 57001.076 57039.041 6 1 "Minimization exited successfully."
01322979 9 0.5294 57039.57728118289 1.1938367479141788e-05 0.6379801384432047 -0.29941522669638493 0.0 0.7924427073994593 4.574184820124734e-07 0.6747790418763375 0.5681181492505274 10.072246517583656 5.0 -19.637406406933962 0.9499694691918137 57008.04 57061.074 6 3 "Minimization exited successfully."
01324542 9 0.5415 57044.4312949688 8.552428959746061e-06 0.15036575496345428 -0.01319308968835109 0.0 1.80828092777665 5.756694721938128e-06 1.4096940955287838 0.3871233860787041 2.365236161346957 5.0 -19.329774919230918 1.0258801827814672 57011.089 57067.101 6 3 "Covariance may not be accurate. Covariance not positive definite. Covariance forced positive definite."
01325358 7 0.7793 nan nan nan nan 0.005 nan nan nan nan nan nan nan nan nan nan 0 0 "No bands in data overlap the model."
01327978 10 0.2073 57307.6123447216 6.738172573911016e-05 -0.37979885604598174 0.08727373965819368 0.0 1.4238011495290266 5.356102827073078e-05 1.0691348485101972 0.36711819434113546 3.0132732344623183 6.0 -19.138487150324853 1.1209020282643536 57283.131 57373.038 6 4 "Covariance may not be accurate. Covariance not positive definite. Covariance forced positive definite."
01328066 20 0.4489 57298.30805678843 2.0094073883394904e-05 1.999975677183416 -0.29983743712972133 0.0 1.3024063118828053 1.3494648369666292e-06 4.106066693942937 0.5375344167978415 15.076358348674056 16.0 -19.773988823739806 0.7177268157326324 57273.098 57379.048 5 15 "Minimization exited successfully."
01328105 42 0.4402 57302.70023985649 1.809429629434922e-05 0.05809509505528032 -0.12433041715639831 0.0 0.7719316390430322 9.874739015661174e-07 0.5186114493098335 0.06755901703060335 37.9448294637465 38.0 -19.603615439536036 1.0485675177189009 57273.096 57386.046 12 30 "Minimization exited successfully."
01329166 17 0.7316 nan nan nan nan 0.005 nan nan nan nan nan nan nan nan nan nan 0 0 "No bands in data overlap the model."
01329196 20 0.7693 nan nan nan nan 0.005 nan nan nan nan nan nan nan nan nan nan 0 0 "No bands in data overlap the model."
01329312 31 0.3444 57309.97007818667 1.9911515211096245e-05 -1.74911298023157 0.02497108529662967 0.0 0.623888719426759 1.4094142343906713e-06 0.44045140375263037 0.07502225019833367 13.68484159230428 27.0 -19.07637278169245 1.4293221837345058 57283.189 57389.086 10 21 "Minimization exited successfully."
01329615 34 0.4039 57304.39895787978 1.4745242262850789e-05 -0.2520817303970646 0.047787066641354625 0.0 0.9263700756164326 1.0918352885594385e-06 0.6401789536646512 0.08212541224743031 21.390123958149037 30.0 -19.158459993780816 1.0984324488994517 57278.301 57385.111 12 22 "Minimization exited successfully."
01330031 13 0.1041 57315.730070472484 0.00029559863225884776 1.832742993663432 0.2999996015720921 0.0 0.12281147799876635 1.7695646760113048e-05 0.3796235252697526 0.3754206861718884 121.09672448374566 9.0 -19.113287419193618 0.7296276958247923 57291.079 57376.04 5 8 "Minimization exited successfully."
01330426 16 0.2595 57316.101167527246 7.595675957283721e-05 1.3381764103963798 -0.2999989742451175 0.0 0.00019591800446505658 8.776747237371194e-07 0.15569411578598924 0.3902319049304089 97.50066946779134 12.0 -19.82609483808819 0.8287569884609916 57288.213 57387.181 3 13 "Minimization exited successfully."
01330642 17 0.6339 57318.05131172834 8.634260350709467e-06 1.169380081038156 -0.08783950281529132 0.0 0.6760356782069721 2.7474118676720784e-06 0.5761290618336097 0.36565841131174176 14.241433616127345 13.0 -19.757454639557473 0.8506036817314744 57283.189 57403.073 6 11 "Covariance may not be accurate. Covariance not positive definite. Covariance forced positive definite."
01330903 20 0.5638 57305.120272270135 9.97407459995825e-06 -0.09910414771908638 -0.2997895604582085 0.0 1.6718137632597063 7.107119378638171e-07 1.0323120896144742 0.4271097854669035 20.690480165842235 16.0 -19.607212673452317 1.0874546197962758 57276.314 57396.101 8 12 "Minimization exited successfully."
01331123 17 0.2291 57318.19132790308 5.9662772412510945e-05 -1.3948860134247867 -0.2990818751781725 0.0 0.31360990979374037 3.4762026080006878e-06 0.36966884525769705 0.5978773606443893 21.28663432105793 13.0 -19.25430890280518 1.37015614118652 57297.032 57386.044 6 11 "Minimization exited successfully."
01331993 30 0.7196 57328.06624985808 4.647378284872161e-06 1.041414128231155 -0.29983607943348234 0.0 0.8311272021492186 2.7827021429338606e-07 0.6042946819486044 0.598683348043012 12.927024211629956 12.0 -19.426483278854167 0.8793300017268066 57291.17 57403.073 11 19 "Minimization exited successfully."
01332059 18 0.5788 57324.71080238379 1.0053126370662692e-05 -0.29528918172833096 -0.2999033911408222 0.0 1.140386944207421 9.437840164550073e-07 0.890006621696062 0.42821167999062065 8.727346580158336 14.0 -19.684899915298793 1.1264091880248053 57288.201 57403.101 8 10 "Minimization exited successfully."
01332413 17 0.6087 57326.00912571238 6.9797807087906845e-06 1.1859129865879376 0.2980142735344205 0.0 1.0268362548195 6.905385807026708e-07 0.8048501624084698 0.45291854042493024 26.93273225193023 13.0 -19.423469187623787 0.8343214491474811 57299.144 57403.064 6 11 "Minimization exited successfully."
01333246 30 0.4379 57325.60566904113 1.031040382227233e-05 1.69969906927101 0.17164047893853596 0.0 1.1167741488861793 1.1931162490388945e-06 0.9724611535017833 0.1276593937955988 9.755093135805378 26.0 -18.98187163794329 0.7550196882279749 57299.22 57403.101 12 18 "Minimization exited successfully."
01333438 31 0.3995 57327.18598482873 1.2462830206719233e-05 0.4243947380221358 0.1338941713690498 0.0 0.622227109499363 8.970986190057205e-07 0.5121150941088648 0.07966993451881141 33.74996264622287 27.0 -18.94902858578989 0.9695321959873056 57297.346 57404.045 10 21 "Minimization exited successfully."
01334084 14 0.1335 57335.54226669538 0.00013583364096197704 -1.1468754527925573 0.10432656893600312 0.0 0.675668307376327 1.4675073140216212e-05 0.5307666411526402 0.06062061609471084 13.081075705190162 10.0 -18.844788950962872 1.2794269303125247 57315.206 57396.099 4 10 "Minimization exited successfully."
01334087 4 0.2663 57339.78446257072 5.554710080420966e-05 1.9999879272916044 -0.2830670809095384 0.0 0.0015164827709668316 3.4823672446851472e-06 0.40082826578949415 0.4211156718222425 6.727133130094998 0.0 -19.55099782458122 0.7173336198296241 57315.208 57403.099 2 2 "Covariance may not be accurate."
01334302 17 0.4549 57332.28884600386 1.610362089377593e-05 -0.5420633143422542 -0.29946035256871745 0.0 1.636764215905714 1.6330026130439986e-06 1.3175051341758524 0.48511265000707715 3.500063696175434 13.0 -19.56555009423852 1.1770793049878812 57301.037 57407.046 6 11 "Minimization exited successfully."
01334423 28 0.3577 57336.10088023151 2.0085778318623684e-05 1.0437646285342996 0.00396330010464413 0.0 0.5384182379493723 1.0874286765369403e-06 0.5346031833161637 0.05757229572688151 12.955294828635099 24.0 -19.183925642945958 0.8685560994283072 57312.14 57408.055 10 18 "Minimization exited successfully."
01334448 16 0.5167 57331.92699924525 7.195672225016048e-06 -1.91705968157832 0.2996693601544031 0.0 2.5047862920255284 1.226913048854583e-06 1.7001582329654794 0.3189219105680869 4.732850300394736 12.0 -19.023003640539926 1.443562420014743 57301.284 57402.053 7 9 "Minimization exited successfully."
01334470 15 0.5188 57332.732591341235 8.398404240508861e-06 0.37343887257915487 0.2989751183870553 0.0 1.3204685377822898 8.376164943424416e-07 1.006272237900919 0.5673188770028914 5.705477463425422 11.0 -19.202658034816952 0.9704843568192985 57305.283 57402.053 6 9 "Minimization exited successfully."
01334597 12 0.289 57343.8627684221 4.890008042644778e-05 0.920053413064688 -0.2999882928205162 0.0 0.12596248989575543 6.32730993038734e-07 0.1469227593747171 0.44473763015027207 6.6094154767001365 8.0 -19.615797998562797 0.9003251363096609 57315.241 57406.101 5 7 "Minimization exited successfully."
01334620 15 0.1961 57335.294167694316 4.09531270538388e-05 -0.4060125411183759 0.2394963895562527 0.0 0.546802933444269 3.384189767165619e-05 0.6494912928429117 0.31150163896189714 10.066108322843764 11.0 -18.465508526001383 1.1163941570113707 57311.282 57403.062 5 10 "Minimization exited successfully."
01334644 15 0.2881 57332.13226091796 2.7453519572778752e-05 -2.3114221721867834 0.29991529373911524 0.0 0.4702275561649003 9.336911928933829e-07 0.381750120083564 0.5907207776649802 5.156402102748724 11.0 -18.97974143365869 1.5483808509392922 57311.282 57403.062 5 10 "Minimization exited successfully."
01334645 12 0.2312 57335.69245715002 4.617755032478577e-05 -0.6523516479478508 0.2997557742540478 0.0 0.2790078898433421 1.3106833012824206e-06 0.3893413125213343 0.5031154933280553 14.526811135851897 8.0 -18.999457357256944 1.1606128756748717 57311.282 57403.062 4 8 "Minimization exited successfully."
01334707 31 0.6488 57340.170113035674 8.095563142312968e-06 0.25141976401125365 -0.29953579805690744 0.0 0.512692793905444 3.347846006848674e-07 0.43538787421313785 0.5182367873576148 9.67312740058705 11.0 -19.752492652902294 1.0204857790153774 57304.307 57426.071 11 20 "Minimization exited successfully."
01334879 16 0.6393 57335.686763579 4.704620015208439e-06 -0.46079722814358126 0.2947789425792396 0.0 0.5637742131330015 5.737616231599183e-07 0.4274495133951546 0.4296540587409071 10.34714565266848 12.0 -19.123815853344418 1.123361331210937 57302.267 57425.071 5 11 "Minimization exited successfully."
01335472 14 0.4989 57343.65712427815 1.3340537893641315e-05 0.7128959131598096 -0.29929795658444636 0.0 1.150174259182677 1.390944039367237e-06 1.0323424857249304 0.36203444777516486 5.629526889142102 10.0 -19.6026310776774 0.9366434726923281 57311.025 57403.049 6 8 "Minimization exited successfully."
01335564 15 0.6077 57343.247820725715 6.991133670930517e-06 0.07713920106097394 0.012032148789481223 0.0 1.757348307823122 6.69280139792422e-06 1.2595629143181568 0.42655579704650126 5.826267599468233 11.0 -19.41512739600849 1.0381324916415622 57311.284 57427.068 6 9 "Covariance may not be accurate. Covariance not positive definite. Covariance forced positive definite."
01335694 11 0.2591 57347.617425666256 4.424854596368211e-05 0.8004969076655626 0.2999996379323578 0.0 0.19325374294930953 7.250905318653675e-07 0.2103145393255037 0.46386923643295075 17.469282474474333 7.0 -19.23542248966239 0.8977475361770431 57325.214 57408.053 5 6 "Minimization exited successfully."
