analysis_pipeline/fit_results/des_4_salt2_2.4_blue.ecsv
# %ECSV 0.9
# ---
# datatype:
# - name: obj_id
#   datatype: string
# - name: num_points
#   datatype: int64
# - name: z
#   datatype: float64
# - name: t0
#   datatype: float64
# - name: x0
#   datatype: float64
# - name: x1
#   datatype: float64
# - name: c
#   datatype: float64
# - name: z_err
#   datatype: float64
# - name: t0_err
#   datatype: float64
# - name: x0_err
#   datatype: float64
# - name: x1_err
#   datatype: float64
# - name: c_err
#   datatype: float64
# - name: chi
#   datatype: float64
# - name: dof
#   datatype: float64
# - name: b_max
#   datatype: float64
# - name: delta_15
#   datatype: float64
# - name: tmin
#   datatype: float64
# - name: tmax
#   datatype: float64
# - name: pre_max
#   datatype: int64
# - name: post_max
#   datatype: int64
# - name: message
#   datatype: string
# schema: astropy-2.0
obj_id num_points z t0 x0 x1 c z_err t0_err x0_err x1_err c_err chi dof b_max delta_15 tmin tmax pre_max post_max message
[from data line 159]
01335718 29 0.6993 57351.78240866699 5.999515320961879e-06 0.4567325067745731 -0.2988292439769255 0.0 0.5459004057665879 2.554489815537188e-07 0.4369327399564733 0.44395707677226115 11.935132372665379 10.0 -19.626823616969517 0.9826163671410555 57318.106 57426.067 11 18 "Minimization exited successfully."
01335868 17 0.6194 57346.55002036977 7.722863324730046e-06 0.6176943822014751 -0.27603294162950764 0.0 1.4363083420685143 5.040511377125968e-06 1.095165407441574 0.3304292061502278 8.959389374196443 13.0 -19.57789670303306 0.9527018576380222 57315.234 57425.151 7 10 "Minimization exited successfully."
01336008 24 0.438 57347.95443151021 1.9300896785506838e-05 0.47133641241601554 -0.022354141753447132 0.0 0.3962537242368853 6.987919592249526e-07 0.3796404811738969 0.050667349733645145 11.201088247790084 20.0 -19.660316480725324 0.9683257503772644 57325.012 57403.049 11 13 "Minimization exited successfully."
01336009 25 0.3416 57344.42153305221 1.4356919587979467e-05 -0.3146094579399872 0.09504634198804063 0.0 0.4695557459126576 7.679838091981254e-07 0.4592003746930584 0.06239499236733159 10.3574713537372 21.0 -18.701731284656013 1.1077256781660587 57325.012 57403.049 9 16 "Minimization exited successfully."
01336453 9 0.1848 57354.72900481318 8.223631262758714e-05 0.7003890839439828 0.299725446550337 0.0 0.18988786470799823 3.3073691018598015e-06 0.2148993485599484 0.5987527140837143 6.7999471827097215 5.0 -19.081338400974026 0.9145441604080702 57329.171 57403.099 3 6 "Minimization exited successfully."
01336480 7 0.256 57350.41290835819 4.010252514520252e-05 0.03933792342199682 -0.14519310149606082 0.0 0.5936111274349969 3.569513283454007e-05 0.719591774963771 0.4261932326582727 6.7677164131767045 3.0 -19.09429719039481 1.05314221700851 57329.171 57396.099 3 4 "Minimization exited successfully."
01336687 12 0.2337 57351.23348254987 3.8672422442861953e-05 0.4728252068671517 0.2901906128716905 0.0 0.28054574917041464 5.642069818674603e-06 0.2613525318733789 0.5861240477866947 5.904650781450636 8.0 -18.833752771743622 0.9537192720655128 57327.065 57403.062 5 7 "Minimization exited successfully."
01337117 11 0.5539 57362.17177884438 1.5223629109564762e-05 0.7025736538420704 -0.2998351374915473 0.0 0.8520748730115884 9.609325282516906e-07 0.6234959406209288 0.5786576823463643 13.274965845182493 7.0 -20.02031204248611 0.938492788470402 57329.033 57403.049 5 6 "Minimization exited successfully."
01337221 28 0.6688 57358.967139301145 6.643825307370288e-06 -1.3393814275932188 0.2944290342522778 0.0 1.3530778153472056 1.7376602667165674e-06 0.9661552098531645 0.44841768389001 8.428637339783453 10.0 -19.617992029061565 1.306027520159482 57325.027 57407.048 12 16 "Minimization exited successfully."
01337228 14 0.5788 57358.40903056546 7.412433576367561e-06 -1.3533683804962378 -0.2962783522741259 0.0 1.9572621045590495 1.4854579534359647e-06 1.2120543322306414 0.345420448995784 7.090673495283871 10.0 -19.35331197357766 1.3597771281612552 57325.027 57407.046 6 8 "Minimization exited successfully."
01337272 12 0.5027 57356.38477464188 1.3261668185404753e-05 -1.4156496188185648 -0.29999601888367045 0.0 1.2668528893627808 8.73926033945205e-07 1.0745459735143794 0.5994996877805829 7.820431298569252 8.0 -19.614604262621196 1.3753428027172099 57325.073 57427.054 5 7 "Minimization exited successfully."
01337325 12 0.6387 57356.270686617616 8.204551945034666e-06 -1.1544823043640424 -0.2990831368064474 0.0 1.3088090406963602 8.563323312782421e-07 0.9428188299209972 0.5370967399237438 11.537035117812998 8.0 -19.724416217812532 1.3125243867506526 57325.073 57427.054 5 7 "Minimization exited successfully."
01337649 9 0.2491 57363.37451484265 5.326634755199733e-05 1.315922700648108 -0.29999732442150606 0.0 0.31740695424741716 8.916934185990148e-07 0.26990805477530744 0.4272264698391849 6.472335836760038 5.0 -19.33948840028459 0.8325191862923162 57339.165 57408.053 3 6 "Minimization exited successfully."
01337655 10 0.8485 nan nan nan nan 0.005 nan nan nan nan nan nan nan nan nan nan 0 0 "No bands in data overlap the model."
01337687 12 0.3195 57361.4880059334 3.241777588546269e-05 0.9045634235695319 0.29994790315503167 0.0 0.3002288613424753 5.923394020973527e-07 0.21612020291029466 0.5275051014800439 13.383497060244732 8.0 -19.42202599519632 0.8804424509566289 57339.297 57425.149 3 9 "Minimization exited successfully."
01337703 15 0.5334 57359.968953331256 1.376711916455109e-05 -0.8898121555895964 -0.29886502661427805 0.0 2.136563287855097 2.5248725067511532e-06 1.2718394256114776 0.5888123207190215 6.613861659899065 11.0 -19.810806251813897 1.2521173339427136 57325.124 57425.151 6 9 "Minimization exited successfully."
01337838 11 0.3119 57364.185219292565 2.9740227345517734e-05 0.5651813761600515 0.2999987543852773 0.0 0.262303168001381 5.411476601185891e-07 0.25054293463045996 0.4725032568820357 43.77292241001018 7.0 -19.267427860132102 0.9374360067809953 57339.151 57427.066 4 7 "Minimization exited successfully."
01338128 11 0.3117 57366.960474518455 2.934292176501874e-05 -0.3231609175090826 -0.29894390078213307 0.0 0.6639234786525776 2.047069879941576e-06 0.5612640813171372 0.43944410535290157 4.944622971546299 7.0 -19.250111051887746 1.131984758507656 57339.021 57407.044 4 7 "Minimization exited successfully."
01338170 22 0.389 57362.98714590083 1.7015015778365507e-05 0.09741956324636991 -0.05696380594234593 0.0 0.8647676051550661 1.3086988709706805e-06 0.7284597358019149 0.09385552962415149 7.931678155045596 18.0 -19.21757328068332 1.03785541256903 57339.021 57407.046 6 16 "Minimization exited successfully."
01338233 13 0.598 57357.26292227579 6.161923645572887e-06 -0.896363233203211 -0.2996945110333532 0.0 2.586481412705325 8.570248862152521e-07 1.6005400764235163 0.4430933881490853 3.7134034740309643 9.0 -19.23927466788018 1.2536318675440512 57319.281 57427.054 6 7 "Minimization exited successfully."
01338266 40 0.6476 57366.29834781471 5.6539883462880525e-06 -1.0216815623697937 -0.2993701948638264 0.0 1.4744878342316952 7.136936528345798e-07 1.1169232956254258 0.3219947963058321 16.8953751452837 15.0 -19.356996393491524 1.2818643461593204 57339.037 57427.068 17 23 "Minimization exited successfully."
01338278 10 0.5639 57366.23251020937 1.0311758069186939e-05 0.7982722266701865 -0.23886598488484945 0.0 1.5525593610545911 7.278830708391803e-06 1.1503269190795997 0.322404446144123 2.492840843543158 6.0 -19.642899709144363 0.9194118572080967 57339.037 57427.054 4 6 "Minimization exited successfully."
01338387 10 0.5838 57363.82847873148 1.0783274447376258e-05 1.1542812336135064 -0.2952378625868112 0.0 1.2415707270993153 1.9106271360563863e-06 0.836807999363282 0.30075980860985263 10.10089601942838 6.0 -19.784813172583164 0.8598380540772226 57329.173 57403.101 4 6 "Minimization exited successfully."
01338430 9 0.5089 57362.55479090094 1.5135253114792468e-05 0.5025013495271153 -0.2979641725244082 0.0 1.6450015795853687 1.8631145329697788e-06 1.152425714127697 0.5265599764193131 1.2581476231794366 5.0 -19.79135362374718 0.9742707389516276 57339.122 57403.101 3 6 "Minimization exited successfully."
01338471 11 0.5309 57352.47777111539 7.809242664749695e-06 -1.187287434250368 -0.29482574171286247 0.0 2.386727935194358 3.266603978424598e-06 1.6691751744503922 0.45187104680088075 2.0028029013785247 7.0 -19.182600449962052 1.31990754121232 57319.137 57403.101 4 7 "Minimization exited successfully."
01338675 17 0.3306 57371.86670078416 2.05151663405595e-05 0.25007911695823104 0.0612741759313114 0.0 0.2021961781247228 5.759335436048011e-07 0.2443174874285554 0.02643056978678815 6.3113750026451685 13.0 -19.00638143584596 1.0040432181881016 57339.046 57406.102 7 10 "Minimization exited successfully."
01339002 9 0.3025 57369.65220842651 1.9150062633449538e-05 -1.3130758396747 0.2995295487179112 0.0 0.732200879840093 1.1857338626963802e-06 0.5954622527022431 0.44321564772810645 1.5534648309854187 5.0 -18.71136375666217 1.2996848459620658 57346.027 57427.066 3 6 "Minimization exited successfully."
01339149 9 0.4678 57373.90524694121 1.0227529186832008e-05 -0.6611001859351409 0.29995023756315503 0.0 1.019423327074037 6.026571123946001e-07 1.0450829422344274 0.5969348681565856 4.782274673735913 5.0 -19.145756359270386 1.1623419844507623 57346.029 57427.068 4 5 "Minimization exited successfully."
01339392 6 0.1804 57369.89861890822 0.0001703167082257956 -0.8122605643508618 -0.2983414535845717 0.0 1.1049959298143222 2.509138353215674e-05 1.0050230470999197 0.5886534840411166 0.6307880275061157 2.0 -19.81216018876887 1.2349425292941802 57345.331 57426.145 3 3 "Minimization exited successfully."
01339450 13 0.5505 57369.488097460824 8.986513317171819e-06 -1.9659328900914743 -0.2969703644910016 0.0 1.8659540176922746 1.985841222415519e-06 1.3120578132561393 0.3854696111759584 8.047256550538663 9.0 -19.429992623116608 1.5194396555694034 57339.286 57426.147 5 8 "Minimization exited successfully."
01340454 22 0.421 57375.32674845893 1.2813754719293025e-05 1.5620788575295759 0.28868227640179306 0.0 0.4296916449202399 7.060064700206706e-07 0.5369824731328876 0.057621710581890445 11.277953826150398 18.0 -19.118861554207385 0.7737217119975952 57345.314 57425.151 10 12 "Minimization exited successfully."
01341370 16 0.409 57376.40408977279 1.5472916659795e-05 1.3645088331667568 -0.027264121277713493 0.0 0.411837490308244 7.918520589303424e-07 0.5588269353702742 0.05167699304653621 9.554451062976497 12.0 -19.24428597313939 0.8160851548976424 57347.079 57403.049 8 8 "Minimization exited successfully."
01341894 7 0.3121 57390.28464545489 2.4625710354481135e-05 -0.283575771264434 0.2990414282504324 0.0 0.8362964916595956 1.7810048953126323e-06 0.7953796044743431 0.39567913336130733 1.835656074391237 3.0 -19.063527824051445 1.0892389126561177 57365.054 57427.052 4 3 "Minimization exited successfully."
01342255 6 0.2141 57390.673834951696 6.442653154320744e-05 0.822583026985269 0.2999584759408524 0.0 0.31204428989076405 9.837993166395025e-07 0.4452455026393758 0.5765270581934261 0.9657945788395556 2.0 -19.17383151951486 0.8940646164826198 57365.11 57403.099 4 2 "Minimization exited successfully."
01343208 6 0.4993 57389.29989974448 1.0782708602327663e-05 -2.1828663526285363 -0.020464327776332836 0.0 1.6629157789102464 6.256221807934837e-06 1.0226518321471953 0.36432591352646304 1.2151673536653274 2.0 -19.36751292255186 1.5502141550134958 57356.144 57397.09 4 2 "Covariance may not be accurate. Covariance not positive definite. Covariance forced positive definite."
01343337 16 0.3389 57394.26581583443 1.6034258645775126e-05 1.1411593886067513 0.2648300051349544 0.0 0.8460760020279849 1.0418186891222864e-06 0.8867575306726034 0.060628203380756 8.954883602871046 12.0 -18.806007161791833 0.8428595718803216 57372.226 57426.147 10 6 "Minimization exited successfully."
01343401 12 0.3829 57395.06787671445 2.488097940976375e-05 1.1853781300340023 -0.04393145478232896 0.0 0.9903019284756738 1.2752466069229643e-06 0.9694442345053882 0.07523021726305541 2.1635020756322527 8.0 -19.590513371444235 0.8464551887801974 57372.048 57427.054 6 6 "Minimization exited successfully."
01343533 16 0.368 57389.85876350505 1.5579087398931436e-05 -0.9591953611241464 -0.002693182206800815 0.0 1.4103050979647378 1.8648148540315056e-06 1.4933704636543705 0.16434103022323437 2.376522228951471 12.0 -18.979062905636898 1.24649724566709 57365.039 57407.046 10 6 "Minimization exited successfully."
01343759 7 0.508 57394.40616047648 1.3334166798145698e-05 -1.2629309747143909 -0.07248009460956978 0.0 0.5996044625280774 2.917682350671303e-06 0.7107626975583211 0.40754427779002467 4.2680149549476 3.0 -19.64389152341053 1.3202117133017737 57365.223 57425.071 4 3 "Covariance may not be accurate. Covariance not positive definite. Covariance forced positive definite."
01343871 7 0.6379 57390.11729040569 5.4603178711698515e-06 0.7265516967629777 0.29957475221913493 0.0 1.8306411704870698 4.388070390229374e-07 1.348834253798003 0.30323924794456036 2.5058859724491223 3.0 -19.280718466175546 0.9101504935659399 57355.228 57408.055 4 3 "Minimization exited successfully."
01344692 14 0.3795 57394.12337561815 8.321551166781683e-06 -1.2465609198355683 0.29974955000386966 0.0 1.6024247873065178 7.704411308054328e-07 1.6555344607537894 0.4381753763019741 3.452308187755853 10.0 -18.381636315822938 1.284926032668423 57366.056 57427.068 8 6 "Minimization exited successfully."
01345553 6 0.3189 57394.79325868762 3.653190702520848e-05 1.217913631988833 -0.29946986643352436 0.0 1.1142006696500175 2.0821178588564817e-06 1.104814443497017 0.41249503805166154 4.09229013946025 2.0 -19.54693362779934 0.8491259763334185 57372.048 57427.052 3 3 "Minimization exited successfully."
01345582 7 0.4588 57397.214380922625 1.8079647293420264e-05 -2.1745389629072625 -0.2675336457993181 0.0 1.379007319588709 1.1242524747256956e-05 1.5298242576483783 0.4105502444966375 1.3563764431898697 3.0 -19.711623935112 1.5760189152238553 57365.056 57427.054 5 2 "Minimization exited successfully."
01345594 11 0.4224 57396.872843365934 1.9529642510712764e-05 -1.9083803849325982 -0.04376910494246894 0.0 1.537806997905136 1.7868985317748273e-06 1.403905117704867 0.12105291252591244 3.2930488295882663 7.0 -19.57807809576122 1.4776638306548655 57372.048 57427.054 8 3 "Minimization exited successfully."
01346137 14 0.3635 57403.50008277203 2.0359962440191782e-05 1.3731069350842775 0.05719203469624973 0.0 1.107428887815331 1.3785267276272835e-06 0.9446606438230183 0.08196142989881466 0.8243289571724777 10.0 -19.2402012587614 0.8119709972519722 57375.048 57425.151 10 4 "Minimization exited successfully."
01346387 13 0.3445 57394.84631344622 1.7118665725163185e-05 -1.7819237416649405 -0.024246127026781916 0.0 0.19276741237263195 4.206070023132773e-07 0.32043387943733925 0.024329180315160903 8.939110973635103 9.0 -18.912969642888626 1.4426262037349957 57372.136 57426.118 6 7 "Minimization exited successfully."
01346956 10 0.3335 57413.313596997315 3.175057931033842e-05 1.9999738130388032 0.02768933884102337 0.0 0.2670036520175927 1.1691318818896068e-06 0.8017242922631205 0.040042635873397764 4.170604336702785 6.0 -19.50442371142812 0.7096759874585885 57387.181 57426.147 8 2 "Minimization exited successfully."
01346966 14 0.3355 57407.46580061314 3.449415967525238e-05 0.5725084854973508 -0.011132335718213537 0.0 0.7002353122006753 1.737681858943186e-06 0.6774087607980386 0.05133358978689241 5.107471513438537 10.0 -19.607840148581104 0.9499939540135216 57376.057 57426.147 10 4 "Minimization exited successfully."
