analysis_pipeline/fit_results/des_5_sn91bg_salt2_phase_all.ecsv
# %ECSV 0.9
# ---
# datatype:
# - {name: obj_id, datatype: string}
# - {name: num_points, datatype: int64}
# - {name: z, datatype: float64}
# - {name: t0, datatype: float64}
# - {name: x0, datatype: float64}
# - {name: x1, datatype: float64}
# - {name: c, datatype: float64}
# - {name: z_err, datatype: float64}
# - {name: t0_err, datatype: float64}
# - {name: x0_err, datatype: float64}
# - {name: x1_err, datatype: float64}
# - {name: c_err, datatype: float64}
# - {name: chi, datatype: float64}
# - {name: dof, datatype: float64}
# - {name: b_max, datatype: float64}
# - {name: delta_15, datatype: float64}
# - {name: tmin, datatype: float64}
# - {name: tmax, datatype: float64}
# - {name: pre_max, datatype: int64}
# - {name: post_max, datatype: int64}
# - {name: message, datatype: string}
# schema: astropy-2.0
obj_id num_points z t0 x0 x1 c z_err t0_err x0_err x1_err c_err chi dof b_max delta_15 tmin tmax pre_max post_max message
[from data line 147]
01334448 64 0.8221411095093578 57287.98619003287 3.885780586188048e-17 0.6500000000676578 0.061199124519040915 0.00012855436696457279 0.0041167534145643 1.387778780781447e-18 3.879179244492548e-08 0.18251034065223593 356.85363899364 47.0 -20.557098880050944 2.2606558878646688 57301.278 57402.056 0 64 "Covariance may not be accurate."
01334470 60 0.5224976869795659 57320.51203745774 5.551115123125783e-18 0.6500396158846982 0.08206438432776214 0.6599186945003246 30.48411348877562 0.03187128284239141 0.38026800974277863 0.519414114504763 1345.9363671444003 51.0 -17.203562535387434 2.2605571164729312 57305.279 57402.056 16 44 "Covariance may not be accurate."
01334597 48 0.598511524469939 57318.47633310572 2.7755575615628915e-18 0.6500000000584221 0.00044573307273526597 0.6673401304894856 28.29268353424777 0.031517666794460455 0.3782146024863852 0.6059414242499551 52578.557625559195 37.0 -16.945610788954397 2.260654078466608 57315.219 57408.043 4 44 "Covariance may not be accurate."
01334620 58 0.12744414350449662 57322.77405663965 6.383782391594651e-17 1.0192613607915113 0.49682223656032826 0.05954621946790749 0.007837400211428758 0.0 0.00017896282652218876 0.0002966140593400335 4087.3588867178487 37.0 -15.519837235098372 1.6510246419656944 57311.28 57403.064 12 46 "Covariance may not be accurate."
01334644 56 0.08825599809933454 57324.62287076022 1.1657341758564144e-16 1.0535623683748223 0.2853802165147612 0.6353378110288305 29.593928396378033 0.03078214571469612 0.39476778269913354 0.6407788476274101 4286.583572469159 35.0 -15.742520566244242 1.6161017528984765 57311.28 57403.064 12 44 "Covariance may not be accurate."
01334645 54 0.5181808412959307 57320.449122330014 7.494005416219807e-17 0.6500005850929955 0.038059924587601324 0.6896946510814 31.44640928732406 0.035642090341561114 0.4279978056814147 0.5256725992604905 14420.355290244535 45.0 -20.083602607794937 2.260653689812763 57311.28 57403.064 11 43 "Covariance may not be accurate."
01334707 63 0.48843443152051735 57289.31369231951 0.0 0.7936362643231554 0.5001500311738726 0.0 0.0 0.0 0.0 0.0 0.0 -5.0 inf nan 57304.307 57426.118 0 63 "Hesse Failed. Covariance may not be accurate. Covariance not positive definite."
01334879 61 0.43318519599223904 57287.24489725106 5.551115123125783e-18 1.2479724735591222 0.5001133862953159 0.025463880438478248 0.00014661784007330425 0.0 1.2228756892329606e-05 0.00017874339185114385 3481.22851741113 28.0 -15.874609892956975 1.4576871945211884 57302.241 57426.118 0 61 "Covariance may not be accurate."
01335472 59 0.497008836453519 57316.70606406867 2.7755575615628915e-18 0.6500000004111453 0.0022389641381871384 0.6423236310167952 28.620283188800386 0.03084487546120917 0.37013186330737763 0.5945240631000399 2764.2711248204655 46.0 -16.454160980476335 2.2606541264059246 57311.02 57403.05 8 51 "Covariance may not be accurate."
01335564 60 0.6098807266934303 57322.48662171267 5.551115123125783e-18 0.6508210624281777 0.5001212384081787 0.006384467498392721 4.0420835860022635 0.0 0.03749564267340766 0.10402137506612014 831.4230029652578 47.0 -16.77035086512645 2.2586116962586935 57311.28 57427.068 12 48 "Covariance may not be accurate. Covariance not positive definite. Covariance forced positive definite."
01335694 37 0.14535728125088831 57338.535447744296 9.71445146547012e-17 1.2422197507514987 0.04830931159039509 0.0004517749661342024 0.010070065938634798 0.0 0.06429662208773346 0.00035013257143318155 17959.413991455476 25.0 -17.177875387125603 1.4613811924358906 57325.214 57408.058 11 26 "Covariance may not be accurate."
01335717 51 0.5136970367895854 57340.94185526705 2.7755575615628915e-18 1.0292585550589282 3.4575405816195115e-07 0.6442364905212705 29.576027668299503 0.030757464219645196 0.4035664831001278 0.6146771582452694 27218.91220717746 46.0 -16.54409387589696 1.6406132840723018 57325.182 57408.092 12 39 "Covariance may not be accurate."
01335718 59 0.4866510936574371 57302.16356626851 2.7755575615628915e-18 1.174980982229469 0.022118538710907854 0.6493990839595206 25.449427947158256 0.03163580052718615 0.3279123000965383 0.5479634900835115 5869.358591505987 30.0 -16.36730323634633 1.5084951890708425 57317.161 57426.118 0 59 "Covariance may not be accurate."
01335868 66 0.5335936268189402 57329.0552458048 4.163336342344337e-17 1.084187487741796 0.9939363764272524 0.6116072281468278 29.619037655156717 0.030794451124939372 0.3820691680633073 0.5808680072154961 1208.607426339728 53.0 -17.642546941151842 1.5865358243685996 57315.229 57425.154 11 55 "Covariance may not be accurate."
01336008 50 0.4887372643701482 57310.0155397698 2.7755575615628915e-18 1.217316023191803 0.0016502157187099353 0.6534195807160692 25.366984803175 0.031974548697395584 0.3135044967635627 0.6316227094998998 4623.46835303347 29.0 -16.41127113464144 1.4778693180087892 57325.01 57403.052 0 50 "Covariance may not be accurate."
01336009 51 0.16184024305962708 57310.016434218174 6.938893903907228e-17 1.2405654708765614 0.49513453674837216 0.10155703666410443 0.00036647736487793736 0.0 5.607989040634642e-05 0.0003617903138266598 2451.7793381248175 26.0 -16.181126611720423 1.4624654160665074 57325.01 57403.052 0 51 "Covariance may not be accurate."
01336453 38 0.4937141583941786 57314.228317523644 2.414735078559716e-16 0.7665264489839728 0.020595605678775386 0.00011464185083762124 0.00039715246748528443 0.0 6.255610795530275e-05 0.02752091357175726 20621.416336559378 21.0 -21.256187099235063 2.0053723332522395 57329.169 57403.103 0 38 "Covariance may not be accurate."
01336480 36 0.10358613749367217 57310.13063001039 1.9151347174783951e-16 0.7217568642542987 0.4977210475495564 0.6406363934807735 24.93546430493734 0.03075777319182616 0.3294047328343103 0.7099889002857708 3366.9435265119128 14.0 -16.22583279414809 2.094851521030563 57325.115 57403.103 0 36 "Covariance may not be accurate."
01336687 45 0.2711626125672182 57312.07253264109 1.1379786002407856e-16 0.9978253361638296 0.5001297727356696 0.0032424921733203715 0.00023574571605422534 0.0 0.00011490723261392555 0.00019432074103403751 13291.251353747335 24.0 -17.9648094936257 1.6740160556599974 57327.063 57403.064 0 45 "Covariance may not be accurate."
01337117 47 0.08681917084798155 57314.035674078885 8.326672684688674e-17 0.6526637349759025 0.502559769220141 0.15491359075436686 0.0004659267360693775 0.0 3.541283912267268e-05 0.00045247650281621254 2671.613307573841 22.0 -14.903479816455476 2.2540077693249536 57329.028 57403.051 0 47 "Covariance may not be accurate."
01337221 54 0.5022042917654261 57310.031519938515 0.0 1.0256366631119274 0.5001472529261234 0.0 0.0 0.0 0.0 0.0 0.0 -5.0 inf nan 57325.023 57407.048 0 54 "Hesse Failed. Covariance may not be accurate. Covariance not positive definite."
01337228 54 0.4987336769894593 57310.03269318676 0.0 0.9529076905050101 0.50015036438468 0.0 0.0 0.0 0.0 0.0 0.0 -5.0 inf nan 57325.023 57407.048 0 54 "Hesse Failed. Covariance may not be accurate. Covariance not positive definite."
01337272 48 0.5015701698687972 57310.068053746414 0.0 1.0596292152880924 0.5001513028825033 0.0 0.0 0.0 0.0 0.0 0.0 -5.0 inf nan 57325.068 57427.057 0 48 "Hesse Failed. Covariance may not be accurate. Covariance not positive definite."
01337325 48 0.49939369284770607 57310.068374818504 0.0 1.128143608159547 0.5001481272673347 0.0 0.0 0.0 0.0 0.0 0.0 -5.0 inf nan 57325.068 57427.057 0 48 "Hesse Failed. Covariance may not be accurate. Covariance not positive definite."
01337649 36 0.48822971424778266 57327.679091416765 2.1094237467877976e-16 0.650000000166577 0.5708360124376504 0.6539995341097669 20.451149107066158 0.03204493287985564 0.38454370963935386 0.7245276431001706 17038.773466552906 27.0 -20.01732005522642 2.2606713187743566 57339.162 57408.057 0 36 "Covariance may not be accurate."
01337655 42 0.8999999971307406 57312.6080721481 5.551115123125783e-18 0.6500004616295119 7.12179522780465e-05 0.5479793413456902 20.062955011919257 0.03078655347097324 0.3696605075355083 0.6113577711492371 3015.6983538289414 36.0 -18.788349578768695 2.2606529092219674 57325.078 57408.041 0 42 "Covariance may not be accurate."
01337687 47 0.2272204542239335 57324.30255728765 1.4155343563970747e-16 1.249119734991908 0.4985735580390013 nan 0.00015500642621191218 0.0 6.963200622545074e-06 0.00014553548362730706 14325.857104315372 22.0 -17.768501950055057 1.456951348839457 57339.295 57425.154 0 47 "Covariance may not be accurate."
01337703 58 0.5628638939769097 57344.20543980345 5.551115123125783e-18 0.8743212275275419 0.006712351945646955 0.6617165702525882 29.845867949352396 0.031449375334637056 0.4465343124639074 0.5790272514269972 1148.2701842535994 45.0 -17.526163201672677 1.830762852758479 57325.12 57425.154 16 42 "Covariance may not be accurate."
01337838 42 0.2986224594839983 57324.15584900717 9.159339953157542e-17 1.247498272115564 0.4847474960346273 6.795322894420641e-05 0.00019135514230583794 0.0 1.6822273237959706e-05 0.00019385383572687043 16738.977867944184 25.0 -18.007525001374105 1.4579911786835993 57339.148 57427.068 0 42 "Covariance may not be accurate."
01338128 42 0.5762169237505211 57352.30729038954 0.0 1.2197738232532225 0.5001135083450563 0.0 0.0 0.0 0.0 0.0 0.0 -5.0 inf nan 57339.019 57407.048 7 35 "Hesse Failed. Covariance may not be accurate. Covariance not positive definite."
01338170 42 0.7036216501180074 57352.49507085637 1.942890293094024e-17 1.0381303013262766 0.10131786708464635 0.667471531415392 29.983756904497568 0.03127734539031876 0.44648159189491715 0.7185934601984968 1147.001060642699 37.0 -19.31627952946726 1.6315460542435005 57339.019 57407.048 7 35 "Covariance may not be accurate."
01338233 52 0.7841254082947009 57339.46162434826 2.2204460492503132e-17 0.6744635829513912 0.09804281246274427 0.6468690286694916 29.02475564456472 0.0307558672210886 0.41340547258490795 0.7175048218508775 268.26349815912465 47.0 -19.756917948223823 2.201187107011279 57319.276 57427.057 16 36 "Covariance may not be accurate."
01338266 80 0.5025917172091386 57324.04271623101 0.0 0.9615306796388997 0.5001464488249637 0.0 0.0 0.0 0.0 0.0 0.0 -5.0 inf nan 57339.033 57427.068 0 80 "Hesse Failed. Covariance may not be accurate. Covariance not positive definite."
01338278 40 0.4961921156681136 57324.03504788426 8.326672684688674e-17 0.654339935936872 0.4247772219515945 0.677771425592956 27.744113977783854 0.0348559778330269 0.39171393663894066 0.6906836358082175 880.5736241632733 27.0 -19.339650496131867 2.2498381860314822 57339.033 57427.057 0 40 "Covariance may not be accurate."
01338387 41 0.39272678883721296 57354.16509418535 3.885780586188048e-17 1.113636284121306 0.008552529984006352 0.6612475806907189 25.028804594076064 0.030746231109450274 0.36604631338295196 0.6517420059287841 1750.4376292662491 35.0 -18.69945990713675 1.5594837982485927 57329.169 57428.056 12 29 "Covariance may not be accurate."
01338430 37 0.4856222426885629 57346.38570384464 2.7755575615628915e-18 0.6500000166363705 0.0014675728337360527 0.6402619148581539 28.9504485853613 0.030861504389128963 0.3703803787356883 0.598481214994586 1631.4517700910067 31.0 -16.394868727126553 2.2606540646275413 57339.117 57428.056 8 29 "Covariance may not be accurate."
01338471 46 0.3677669440099735 57304.247354434476 1.665334536937735e-17 0.6576329519969061 0.08687005637268724 0.610505118797039 23.68647024407983 0.03075739612020512 0.33904807805477427 0.5235403173232427 329.5546855300999 24.0 -17.47871498299479 2.2416964303883304 57319.134 57428.056 0 46 "Covariance may not be accurate."
01338675 34 0.5170782696689933 57324.1029556119 2.7755575615628915e-18 0.6662776222401335 0.2397681536918858 0.6546295783138549 24.536583339853678 0.03151697912544728 0.41675308095441443 0.7394438252899276 12719.90387729796 23.0 -16.097205727111422 2.2206909304183178 57339.046 57408.041 0 34 "Covariance may not be accurate."
01339002 36 0.18504925292960436 57330.07767815814 4.718447854656916e-17 1.1885893719657221 0.4696632269283186 0.24919703749085334 0.0006391214810719248 0.0 0.00024095773678767252 0.0006791999593421527 1837.0254461689358 19.0 -16.144946665108947 1.4982532079965658 57345.071 57427.068 0 36 "Covariance may not be accurate."
01339149 36 0.19983563407576643 57330.072886975824 4.163336342344337e-17 1.1388450502908445 0.4941703185143341 0.11432218332113106 0.0006747372317477129 1.3877787807814438e-18 0.00036342670192868187 0.0007851388750898247 1250.8341379299657 20.0 -16.1370518907931 1.5376215094163648 57345.068 57427.068 0 36 "Covariance may not be accurate."
01339392 29 0.5014116666830858 57330.43151326439 2.1649348980190555e-16 0.7350820350756339 0.07643432309799325 0.6693613174501393 25.7137863693315 0.033365451660833406 0.470679337390008 0.5144297693118164 1990.3982727419236 17.0 -21.08338910444028 2.066966045986618 57345.331 57426.147 0 29 "Covariance may not be accurate."
01339450 51 0.5176650934073966 57327.30284139955 2.2204460492503132e-17 1.2264137970514808 0.7155271507199461 0.6546290682376741 20.219162947239965 0.0315073036690066 0.31447598452597875 0.754061214770356 381.77328598722204 38.0 -17.436769891517454 1.4717610285713754 57339.281 57426.147 0 51 "Covariance may not be accurate."
01340454 43 0.28409556598357233 57331.35564517138 9.159339953157542e-17 0.7934737843317655 0.5095293515446788 0.028100835604104063 0.0019131807130179368 0.0 7.86176616838219e-05 0.00015066019866005753 3444.11344770115 26.0 -17.830450812368575 1.9570095639109333 57345.312 57425.153 0 43 "Covariance may not be accurate."
01341370 32 0.2999913019235286 57332.07826253253 2.2204460492503132e-17 0.6746979561399945 0.4996587456211637 0.5848728056125738 24.509148130568065 0.03079574747735075 0.41412644735388127 0.7109216628966133 2991.454840844539 23.0 -16.444228998813763 2.200647231820497 57347.076 57403.052 0 32 "Covariance may not be accurate."
01341894 28 0.515013936500794 57379.28747422359 5.551115123125783e-18 0.6500002597498922 0.002267251828417416 0.6455770002055061 29.662909724316705 0.030839202337891496 0.3702374015661356 0.5943926169012507 2860.299645686083 19.0 -17.29979236491008 2.2606534759363974 57365.051 57427.057 12 16 "Covariance may not be accurate."
01342255 25 0.8873204928953418 57378.78590760967 1.6653345369377348e-16 0.720388182242661 0.012205411675598132 0.6093770867925599 30.373412181055755 0.03179242687082427 0.3235020912874681 0.5659216766377814 35284.800086781106 20.0 -22.42370049047217 2.09775658813523 57365.107 57428.056 8 17 "Covariance may not be accurate."
01343208 36 0.8999897140118658 57350.13803318508 0.0 0.7913551736728569 0.5000020779070854 0.0 0.0 0.0 0.0 0.0 0.0 -5.0 inf nan 57355.251 57426.117 0 36 "Hesse Failed. Covariance may not be accurate. Covariance not positive definite."
01343337 31 0.23145269768395327 57357.23121489048 6.383782391594651e-17 1.185904894862698 0.5084729709938978 0.5555063115761423 25.78556866658255 0.032564183179144404 0.4565142306057381 0.7322154806984411 2566.9207842827004 22.0 -16.932269803711343 1.500246087441159 57372.223 57426.147 0 31 "Covariance may not be accurate."
01343401 24 0.09599147111317442 57357.71172003073 4.4408920985006264e-17 0.6536472387888858 0.484992345817967 0.0074252250115653465 0.033971182063396554 1.387778780781447e-18 0.0012034892379390039 0.00015892521689286898 2395.2778693028918 15.0 -14.493287774420804 2.251559808980904 57372.046 57427.057 0 24 "Covariance may not be accurate."
01343533 31 0.8999999999892854 57351.79111242343 7.494005416219807e-17 0.6500000000199518 0.06600453020104363 0.5495698797382578 20.813644165471487 0.030874784377652044 0.3704988977995326 0.5047109483800917 464.6749494581955 26.0 -21.50502044947026 2.260656046156207 57365.036 57407.048 0 31 "Covariance may not be accurate."
