analysis_pipeline/fit_results/des_4_salt2_2.4_all.ecsv
# %ECSV 0.9
# ---
# datatype:
# - {name: obj_id, datatype: string}
# - {name: num_points, datatype: int64}
# - {name: z, datatype: float64}
# - {name: t0, datatype: float64}
# - {name: x0, datatype: float64}
# - {name: x1, datatype: float64}
# - {name: c, datatype: float64}
# - {name: z_err, datatype: float64}
# - {name: t0_err, datatype: float64}
# - {name: x0_err, datatype: float64}
# - {name: x1_err, datatype: float64}
# - {name: c_err, datatype: float64}
# - {name: chi, datatype: float64}
# - {name: dof, datatype: float64}
# - {name: b_max, datatype: float64}
# - {name: delta_15, datatype: float64}
# - {name: tmin, datatype: float64}
# - {name: tmax, datatype: float64}
# - {name: pre_max, datatype: int64}
# - {name: post_max, datatype: int64}
# - {name: message, datatype: string}
# schema: astropy-2.0
obj_id num_points z t0 x0 x1 c z_err t0_err x0_err x1_err c_err chi dof b_max delta_15 tmin tmax pre_max post_max message
01248677 59 0.3502 56554.317544343314 3.3839393679699346e-05 0.9722826299234675 -0.10511497609627302 0.0 0.07599341478635324 2.819151923072458e-07 0.09099027072762444 0.005389331823816859 323.76438370002313 39.0 -19.696774487651854 0.8845589587034866 56538.281 56629.123 10 49 "Minimization exited successfully."
01250017 60 0.1817 56553.88618298514 0.00011560587206680962 0.9281929855382218 -0.04375196262271047 0.0 0.0643128580377379 1.3412296687956253e-06 0.11151570417419432 0.007455066946998629 75.95946767704518 41.0 -19.4057145227952 0.8898514223692473 56534.233 56616.08 19 41 "Minimization exited successfully."
01253039 74 0.4535 56572.26799996797 1.6073113018133524e-05 -0.033567969593699676 -0.15191005688634737 0.0 0.01800737063967972 3.1845074332376155e-07 0.30447670745328526 0.014714431915850895 133.56153594962282 50.0 -19.552500844835485 1.0673416998354952 56547.268 56653.094 24 50 "Minimization exited successfully."
01253101 68 0.4596 56568.09199986027 1.2671790367219105e-05 0.2736880572416691 0.1606176839314788 0.0 0.01206227760121692 5.076284369465172e-07 0.4919232687640529 0.0335079031717162 605.962278876373 47.0 -19.329583694717982 0.9949150936743791 56543.092 56657.052 20 48 "Minimization exited successfully."
01253920 58 0.1956 56583.18106255916 0.00010127656180260736 -0.8092636521606962 -0.08927608475869805 0.0 0.07009531432049698 9.943262880923745e-07 0.08011368124390295 0.008791296014710806 128.66992252146255 39.0 -19.43936460869508 1.220317227612604 56559.19 56649.173 20 38 "Minimization exited successfully."
01255502 29 0.1482 56588.265999997326 0.0001342766027983583 1.121225504694114 0.2589426078019727 0.0 0.00500782187373261 5.623780883641519e-06 0.2433171621952106 0.028251611567597368 1078.986025930785 10.0 -19.084225484577892 0.8463455634366461 56563.266 56653.077 6 23 "Minimization exited successfully."
01257366 40 0.2114 56612.002288702504 4.52222637536609e-05 -0.18244045763580718 0.12944454738130184 0.0 0.45369743971969 1.7620316909577882e-06 0.4587222693991575 0.031452850674817734 30.76514234678471 21.0 -18.753879531455674 1.080359225579386 56590.341 56682.089 7 33 "Minimization exited successfully."
01257695 48 0.1838 56613.39824767152 0.00012855930688924211 0.38939170420128466 -0.11036347245492331 0.0 0.06444358179578558 1.1160075775798473e-06 0.07021733181297662 0.006650793584866435 120.6428356232287 32.0 -19.548786399212357 0.9868644004775149 56590.025 56675.078 17 31 "Minimization exited successfully."
01258906 56 0.3492 56619.01199999998 2.1396134305215478e-05 -0.981203081902553 0.041501678511257856 0.0 0.021355610329919728 7.63006286186306e-07 0.24053953199870692 0.030915918025914785 104.33236026872531 37.0 -19.190039530843315 1.2479699747826736 56594.012 56695.038 18 38 "Minimization exited successfully."
01258940 70 0.4259 56615.31099997923 1.8661530370017723e-05 -1.9565067635642626 -0.12931460000418996 0.0 0.015448978716449346 7.42088630989457e-07 0.25125803838406857 0.038055796353840085 151.36593489845197 48.0 -19.55068520279548 1.499559796624947 56590.311 56697.043 19 51 "Minimization exited successfully."
01259412 47 0.3047 56624.302364956005 3.729520941008757e-05 0.9161145818256045 -0.03567279988189459 0.0 0.1495915443629201 3.402585679365661e-07 0.126873775065675 0.007823883527284609 101.47423977221712 31.0 -19.449899697855347 0.89160996749915 56602.144 56697.078 11 36 "Minimization exited successfully."
01261579 40 0.3222 56638.48511247016 3.0300655119189224e-05 -0.19236776463413197 0.007440518379055738 0.0 0.0859126984832983 3.234635217300167e-07 0.10440175255423223 0.008650460110680963 26.68927654368709 26.0 -19.364232635001176 1.089240931054288 56615.111 56697.079 12 28 "Minimization exited successfully."
01262214 68 0.6894 56650.223999971226 6.253678304193877e-06 -0.909940373508797 -0.10678611534873989 0.0 0.005817173423565691 1.0726692826895679e-07 0.16111245214038206 0.0149006112132989 579.4650307831475 64.0 -19.62907506334575 1.243318681965082 56625.224 56698.051 24 44 "Minimization exited successfully."
01262715 46 0.6894 56650.223999964845 7.4101312571156486e-06 -1.0778941599962895 -0.07356407824411576 0.0 0.004326163587393239 1.2495067781559382e-07 0.15461337043856105 0.014958368200246042 930.4919397658776 29.0 -19.81292964475281 1.2780545434436377 56625.224 56697.09 17 29 "Minimization exited successfully."
01263369 36 0.3125 56665.776722024646 3.188814801823037e-05 0.22261589411730442 -0.04904905211238142 0.0 0.276502690561756 7.291026339784061e-07 0.2733985805604362 0.018935411479967523 18.455101386546215 23.0 -19.342935949734354 1.0143628175373962 56645.136 56697.043 16 20 "Minimization exited successfully."
01263715 35 0.2919 56667.18035513613 3.927700128711353e-05 0.3531504099551235 -0.03167526028966022 0.0 0.20302072526465054 8.580967187435395e-07 0.24899861715601923 0.017162203948583643 18.296919671149297 22.0 -19.39792716039235 0.9898609420411617 56645.05 56694.039 19 16 "Minimization exited successfully."
01275946 72 0.2321 57261.70852756963 8.043629150062126e-05 1.640065331701356 -0.04945424378885299 0.0 0.07430214696796611 8.793122102959696e-07 0.11537049118968179 0.007138792274195144 479.48492398704167 49.0 -19.608711772943266 0.7712117486705665 57248.373 57329.035 15 57 "Minimization exited successfully."
01279500 45 0.235 57252.007557873505 5.977668672599301e-05 0.6254171880047088 -0.013089856353552642 0.0 0.25063669500741526 4.3274557590816665e-07 0.13739574278817868 0.006569304286231953 77.06188063064653 30.0 -19.31577926149451 0.9408205265545 57249.293 57319.287 4 41 "Minimization exited successfully."
01280217 63 0.359 57249.97802983665 2.0895785483351914e-05 1.9999985652898014 0.052260726178935735 0.0 1.3396061773564725 7.490236365800818e-07 0.5108930147258146 0.027063519420347848 87.41958007481531 42.0 -19.237501836760696 0.7090345065808847 57248.388 57329.175 4 59 "Minimization exited successfully."
01281668 83 0.3071 57271.262976864105 3.8718050012404026e-05 0.22491638862405283 -0.09678723808858927 0.0 0.27701312256249366 8.023761925407519e-07 0.2519325493331497 0.01663553482708416 82.7236691744489 57.0 -19.510100320303884 1.0162036401321295 57248.373 57342.028 20 63 "Minimization exited successfully."
01281886 70 0.384 57267.8251252166 2.1471812560328042e-05 0.8549841883724767 -0.035536086826672086 0.0 0.46360892869415693 1.192356402995864e-06 0.5132987525340909 0.032734597550344816 53.64905578446428 47.0 -19.437509236296755 0.9020447308995863 57248.388 57345.234 16 54 "Minimization exited successfully."
01282736 72 0.3689 57266.16760086247 1.4941618073069374e-05 -0.9203824487004977 0.13701750552034314 0.0 0.4920078352515702 8.312861031783971e-07 0.49228669271159975 0.04208281642226225 39.989484982807454 48.0 -18.941024985077913 1.2276764635305 57249.279 57346.032 15 57 "Minimization exited successfully."
01283373 61 0.2075 57268.841456877824 6.118549503654202e-05 -1.1311927379391342 -0.002054934325362634 0.0 0.0005262979721010197 1.1648023186497374e-06 0.19307436778352016 0.01665732822291391 77.43060972326239 39.0 -19.035253072205585 1.2844656880256196 57249.423 57332.081 9 52 "Covariance may not be accurate."
01283878 56 0.3135 57265.470153735114 2.498068810830867e-05 -0.8671401786511796 0.025576453427578916 0.0 0.0005841746205987874 1.445732602296802e-06 0.42154285558734483 0.0405718449500172 6.336511948692392 38.0 -19.08521625153302 1.224588437688638 57249.293 57339.187 13 43 "Minimization exited successfully."
01283936 85 0.369 57267.865091244654 1.0872308319312408e-05 -0.5739699963168072 0.18364584659802025 0.0 0.7278124344338721 8.363406112169014e-07 0.6786920355567785 0.06274655568777587 27.820933691807713 58.0 -18.59751611768234 1.1530576452778831 57248.373 57347.084 20 65 "Minimization exited successfully."
01285160 72 0.7493 57273.00044505546 4.946198164262894e-06 0.02781338348778295 -0.06980286975065442 0.0 0.45474812884276616 1.5420720302777857e-07 0.292301017686351 0.02936650540921794 61.64235808072046 51.0 -19.597112843151937 1.0515236306272762 57249.403 57372.178 12 60 "Minimization exited successfully."
01285317 92 0.5649 57268.83747148248 9.03364478696267e-06 0.38260153012743814 -0.07051857154806815 0.0 0.0014689474810438696 3.3542982728895776e-07 0.44448286996391784 0.038791702703352235 50.7884217862098 64.0 -19.500939766305926 0.9863185001833479 57248.373 57356.127 20 72 "Covariance may not be accurate."
01286398 52 0.1503 57271.55844088069 9.794295167825373e-05 -1.4386362085852162 0.028778568041354258 0.0 0.0002434031484881416 2.1724741738199382e-06 0.11005514399292138 0.01799025109801261 80.5813580704841 35.0 -18.76981359851945 1.3528331179219322 57249.293 57331.145 13 39 "Minimization exited successfully."
01287626 23 0.304 56678.04699999968 4.190313846270666e-05 -1.6070783376804822 -0.07769935318820045 0.0 0.00962214102037251 6.465823305837344e-07 0.14593618096986194 0.016025118313528264 212.35793545189046 13.0 -19.569226079174875 1.403495212753434 56653.047 56697.072 12 11 "Minimization exited successfully."
01289288 81 0.2897 57273.37296310253 2.5180084065387633e-05 -1.1873339724617578 0.1029707448573961 0.0 1.8812221802509157 7.160626633570536e-07 0.44347197395880467 0.031041589762036137 43.55753153019998 54.0 -18.895949285587736 1.2885579811439882 57248.373 57347.084 19 62 "Minimization exited successfully."
01289555 79 0.5588 57273.387992667136 1.1464815795758643e-05 0.20689249598209347 -0.14759642216652777 0.0 0.2267102369114582 4.779614108496586e-07 0.4608722250080357 0.04141615690817298 66.92212784126006 54.0 -19.73179341918308 1.021907997211482 57248.388 57365.115 16 63 "Minimization exited successfully."
01289600 64 0.4196 57278.28499994076 1.2916510113783475e-05 1.999999079928199 -0.0009545430351794448 0.0 0.01831800292711705 1.8590580850297334e-07 0.18433717186985188 0.017468344314302747 230.69600967083989 44.0 -19.11504207925731 0.7104091831463997 57253.285 57365.221 12 52 "Minimization exited successfully."
01289656 75 0.5394 57269.43793356282 9.008641386976102e-06 0.06012279739236703 -0.04306535097805936 0.0 0.8172490819306404 5.549041793243005e-07 0.6782666789315888 0.05475436105679385 30.85787937568654 50.0 -19.37599672835507 1.0441089123159735 57249.423 57355.245 10 65 "Minimization exited successfully."
01289664 64 0.2491 57277.302998694024 5.10658544126158e-05 -0.6866644979695593 -0.034606817219301034 0.0 0.02203436516720103 6.469921680976598e-07 0.14802784189311802 0.011424669432982204 153.95038134694335 42.0 -19.287659536809464 1.190709455961187 57252.303 57345.234 13 51 "Minimization exited successfully."
01290779 44 0.3895 56892.066785133036 1.7201514132711428e-05 -0.7244182359736877 -0.04647046114409936 0.0 0.5932097689874354 4.652142128941387e-07 0.47511970332979103 0.02197206153158436 28.556882355483545 28.0 -19.23215160794549 1.199405394721662 56887.39 56973.322 8 36 "Minimization exited successfully."
01290816 40 0.2185 56891.82778544757 6.278767689699983e-05 1.2800238069137277 0.02564297308520541 0.0 0.2980301421157492 6.023866773743837e-07 0.1889223363160717 0.008189913798492376 187.21229694574492 26.0 -19.191199396827102 0.8283786439015159 56887.39 56960.278 8 32 "Minimization exited successfully."
01291080 52 0.4438 56888.96718628884 1.1099739048575642e-05 -2.323455494489443 0.11495411864658739 0.0 1.6248175787368382 4.893376546605266e-07 0.7624389529638839 0.05248656229035087 42.63828977592688 34.0 -19.093003721272552 1.574593518913165 56887.268 56973.078 4 48 "Minimization exited successfully."
01291090 51 0.292 56905.20179847865 4.801996480843507e-05 1.1906701079558424 -0.06593472576399292 0.0 0.14906801855249796 1.2249752157758573e-06 0.2018750490755905 0.01657740613953096 101.25975199401424 33.0 -19.61789981568819 0.8463028118569014 56887.211 56973.028 12 39 "Minimization exited successfully."
01291794 72 0.3951 57277.28899999957 1.8745399549921493e-05 -0.25553839651764854 0.02421045623964707 0.0 0.2382702144968789 6.476680799449869e-07 0.48848376114592384 0.03181002961317317 41.32394324062165 50.0 -19.36234206407897 1.100471947739127 57252.289 57356.174 18 54 "Minimization exited successfully."
01291957 60 0.36 56902.17899988302 3.0007078431079637e-05 -1.288484259972566 -0.09294491189463952 0.0 0.007600338973134058 1.0306268379819947e-06 0.1864661579853596 0.02633432128104206 334.9456053371821 41.0 -19.634912774825622 1.3278456618582908 56877.179 56980.031 12 48 "Minimization exited successfully."
01292145 73 0.4925 57274.41168498993 6.8159205377116285e-06 0.458003764998574 0.10089102031621588 0.0 1.1381641850566666 4.487598725774757e-07 0.7927445297968114 0.07563029108429847 35.83316011567925 50.0 -18.835679336601892 0.9651527997682692 57252.289 57356.174 15 58 "Minimization exited successfully."
01292195 81 0.8293 57274.402999632104 3.124514521568589e-06 0.5787041839675049 -0.0471930405992918 0.0 0.050285083536437014 1.270194564792492e-07 0.3882861061028735 0.04756719231234331 127.77630940640033 58.0 -19.37053033525557 0.9504275198503152 57249.403 57389.163 12 69 "Minimization exited successfully."
01292332 49 0.2735 56901.214539757966 5.432250843093178e-05 0.29274751719286707 -0.08625407010740627 0.0 0.1907870272953005 1.172747935378194e-06 0.22540744894286346 0.018182799964950924 50.81787478139434 33.0 -19.587627700390144 1.0033013943251845 56890.328 56973.19 5 44 "Minimization exited successfully."
01292336 49 0.2336 56902.54068928515 4.536470303486418e-05 0.28372997284280377 0.06927585678044124 0.0 0.00010356568964198232 1.0426485836281814e-06 0.18524046884972223 0.018663464799171386 60.23529956144844 33.0 -19.001563321459354 0.9975947484915721 56890.328 56973.19 5 44 "Covariance may not be accurate."
01292560 48 0.2248 56904.68440413481 8.19821810932625e-05 0.2843439164391075 -0.10225267973633195 0.0 0.21216930089212838 1.259772033451731e-06 0.14009769577538345 0.01217953634902344 105.70114943036512 31.0 -19.549973045687107 1.0055697365331326 56890.263 56973.042 7 41 "Minimization exited successfully."
01293319 57 0.2969 56912.26799999628 4.119558368896603e-05 1.841053126975492 -0.0012976585972252486 0.0 0.041885731312504504 8.189755597728956e-07 0.2299256931203475 0.014336550865547554 135.7989311059133 38.0 -19.49382253089105 0.7367368957365699 56887.268 56980.072 12 45 "Minimization exited successfully."
01293758 35 0.1472 56915.736226577275 0.00013385996251162602 -1.313902896961317 -0.0112762586533246 0.0 0.17003605292120483 1.7322523773774496e-06 0.14492363793921825 0.021742338526097804 147.9553936651567 14.0 -19.059460253228572 1.3269880638300826 56891.384 56980.044 9 26 "Minimization exited successfully."
01294014 39 0.3627 56915.386 3.0261382228730096e-05 -0.9616027320364675 -0.06660327015697193 0.0 0.013943842786829919 1.453484170156617e-06 0.3591080513129914 0.03952093062310366 171.55205467802378 29.0 -19.663092094671327 1.2517337917454228 56890.386 56990.199 9 30 "Minimization exited successfully."
01294743 47 0.3126 56912.41612834198 1.5788742754230257e-05 -0.5355028966018698 0.22992732276836897 0.0 0.49124208352077403 7.581099777664857e-07 0.4483952206157673 0.03521548928313403 37.737917792307556 29.0 -18.58285423430262 1.142302006200513 56890.285 56980.127 7 40 "Minimization exited successfully."
01295027 71 0.4254 56910.185001719066 1.5471305923514533e-05 -0.48714861349526073 -0.02631909194210197 0.0 0.6188379658087797 9.656092379406462e-07 0.5037623332947054 0.05360001898435188 27.439170573955636 48.0 -19.344074897798727 1.1492734143206178 56887.268 56992.069 12 59 "Minimization exited successfully."
01295256 60 0.4425 56928.142095402756 1.5207159950467176e-05 0.2759793202108356 -0.0342851533237149 0.0 0.4336113754507096 4.350719947351917e-07 0.42092006178562014 0.020291786830870212 57.45516346064982 39.0 -19.427845853478658 1.0039329523747504 56904.295 57012.089 14 46 "Minimization exited successfully."
