analysis_pipeline/fit_results/des_5_sn91bg_salt2_phase_blue.ecsv
# %ECSV 0.9
# ---
# datatype:
# - {name: obj_id, datatype: string}
# - {name: num_points, datatype: int64}
# - {name: z, datatype: float64}
# - {name: t0, datatype: float64}
# - {name: x0, datatype: float64}
# - {name: x1, datatype: float64}
# - {name: c, datatype: float64}
# - {name: z_err, datatype: float64}
# - {name: t0_err, datatype: float64}
# - {name: x0_err, datatype: float64}
# - {name: x1_err, datatype: float64}
# - {name: c_err, datatype: float64}
# - {name: chi, datatype: float64}
# - {name: dof, datatype: float64}
# - {name: b_max, datatype: float64}
# - {name: delta_15, datatype: float64}
# - {name: tmin, datatype: float64}
# - {name: tmax, datatype: float64}
# - {name: pre_max, datatype: int64}
# - {name: post_max, datatype: int64}
# - {name: message, datatype: string}
# schema: astropy-2.0
obj_id num_points z t0 x0 x1 c z_err t0_err x0_err x1_err c_err chi dof b_max delta_15 tmin tmax pre_max post_max message
[from data line 96]
01308582 29 0.02905705941624718 57250.24218021185 3.58046925441613e-16 0.7292067633370866 0.500091965717551 0.05215983472286469 7.933743472676724e-05 0.0 5.572455089497552e-05 0.00013635149014995518 1203.347659937628 6.0 -14.023622658720058 2.079141548230897 57265.391 57365.081 0 29 "Covariance may not be accurate."
01308884 10 0.6666043398382708 57261.324000007946 4.340694470528206e-14 0.6500000010665961 0.4987220157593589 1.1293406269430317e-05 1.0120857041329145e-08 2.91433543964091e-17 4.5408782289868554e-10 0.002302259422474917 40062.152955303165 4.0 -26.742685314634894 2.2606710266499555 57278.247 57345.255 0 10 "Minimization exited successfully."
01308957 19 0.899997074781097 57238.64448249543 3.247402347028583e-16 0.6500000000684355 0.500000586476666 0.0007646740487031733 23.945657578431565 1.0408340855860843e-16 0.0017336404492070412 0.000145444309371634 169.63552066338218 10.0 -22.228200793063824 2.260671080145052 57253.334 57373.055 0 19 "Covariance may not be accurate. Covariance not positive definite. Covariance forced positive definite."
01309288 6 0.5277130231224457 56978.08122551808 2.098321516541546e-15 0.6859656389230679 0.5000601429326101 0.610356806867248 0.0860046063135087 2.747801985947264e-16 0.0007760068294662692 0.0027114613684025846 60.96318177887114 -1.0 -22.83272309276492 2.1743825521990985 56963.244 57061.06 1 5 "Covariance may not be accurate. Covariance not positive definite. Covariance forced positive definite."
01309492 30 0.21686715507009494 56948.25592131466 1.6098233857064772e-16 0.6624176235445944 0.500102298535247 0.5484293920528631 24.678041853621835 0.030746852212048283 0.40204787174518286 0.7103993763651913 27445.702242039362 8.0 -17.79023057397036 2.2300234195619133 56963.265 57066.064 0 30 "Covariance may not be accurate."
01309749 19 0.39414539071066407 56936.69636088179 0.0 0.6951233695761214 0.5000297279430849 0.0 0.0 0.0 0.0 0.0 0.0 -5.0 inf nan 56956.156 57067.046 0 19 "Hesse Failed. Covariance may not be accurate. Covariance not positive definite."
01310338 26 0.5180244022392071 56934.11474809935 1.5265566588595902e-16 0.8472376301385948 0.035029215065921215 6.468252233760019e-05 5.967648030491546e-05 1.3877787807814407e-18 5.1260760812188444e-05 0.573324396625884 3048.596292116633 11.0 -20.860353764514315 1.8705833126350768 56949.115 57052.039 0 26 "Covariance may not be accurate."
01310395 18 0.6655943401103163 56966.78589998837 6.66133814775094e-17 1.2488161466996446 0.029371379737869185 0.6808046099731202 30.21689179605528 0.032051318349602204 0.3723005329249292 0.6792128580322934 2715.742797597296 12.0 -20.631377536769154 1.4571328330446143 56956.206 57052.037 2 16 "Covariance may not be accurate."
01312274 32 0.48568882147459724 56969.341645841254 2.7755575615628915e-18 0.6500001745450733 0.002148320777790036 0.6400859811340547 29.638859267208318 0.03084618354869302 0.3700171921477188 0.5949507077310805 1057.5459514936206 23.0 -16.394151361530007 2.2606536866531606 56956.143 57052.1 4 28 "Covariance may not be accurate."
01313594 12 0.8656740026087113 56959.67516839456 2.1288526497187377e-15 0.6511438640263654 0.4999984815013397 0.0004908147390892958 0.01226746287647984 2.7755575615629308e-18 0.0027206174876278633 2.2460357130937858e-05 4908.091228874016 7.0 -24.165156287900302 2.2578034000036986 56973.038 57051.053 0 12 "Covariance may not be accurate."
01314897 25 0.49810801228632756 57258.34053821943 1.304512053934559e-16 1.0663044653540472 0.5001141006395726 0.3029944510116247 0.00011485527647892013 0.0 8.657104234000013e-05 0.00015546682099740194 1574.0020320260728 13.0 -19.665396297664554 1.6036361943575344 57273.337 57372.07 0 25 "Covariance may not be accurate. Covariance not positive definite. Covariance forced positive definite."
01315192 7 0.7489537530589317 57007.82550925562 6.13398221105399e-16 0.7466723201283492 0.11293883631253532 0.6532941147527827 28.849474733335228 0.03075436496711992 0.3460532717867661 0.7221361746312689 1899.3946505079168 2.0 -23.20961624256608 2.0435803908564054 56987.196 57052.098 3 4 "Covariance may not be accurate."
01315259 10 0.8854927383958489 56965.64260936349 1.8901546994243292e-15 0.6500003610802982 0.4999962212958008 0.0022913406653224944 0.08999521276928135 4.0245584642662003e-17 0.0002219567968766989 3.127652436080153e-05 4996.528430467483 5.0 -24.096905790604023 2.2606701734114374 56980.181 57049.068 0 10 "Covariance may not be accurate."
01315296 27 0.502191665979405 56993.723852448704 1.1102230246251566e-17 0.6500457840208902 0.0021288179738068735 0.6425622970084277 28.907533703491936 0.030787409419954385 0.3672277132918342 0.5950436244447447 820.4988649920148 20.0 -17.98660192634953 2.260539161026724 56973.185 57049.07 7 20 "Covariance may not be accurate."
01316385 11 0.7315119159885212 57019.22785888448 2.120248421277893e-14 0.697376809300933 0.5058944774509825 3.404392177475124e-05 0.0014413122662517708 7.077671781985247e-17 1.5948623162509445e-05 0.008202640610959988 3226.182066765776 4.0 -26.20003111369424 2.148365746328267 57001.175 57066.03 5 6 "Covariance may not be accurate."
01316431 10 0.8999904215943102 56986.16000095116 7.466249840604178e-15 0.6908478375961661 0.49329976742542847 0.5485091477585273 24.600221797500126 0.030747023500607068 0.42316292210464157 0.7088176144763119 19626.697360384584 5.0 -25.64853227874247 2.163183202176196 57001.162 57052.098 0 10 "Covariance may not be accurate."
01316437 13 0.46635939582403163 57000.09236906294 2.7755575615628915e-18 1.0393691534663778 0.29637528814204195 0.646773475220815 30.056031221305602 0.03187662201478687 0.44103148507321505 0.7583617861546426 424.7642003508247 8.0 -15.727079571297903 1.6302976909279892 56980.197 57052.1 3 10 "Covariance may not be accurate."
01316465 11 0.8803415319375911 57014.72752846454 1.2212453270876722e-15 0.6500040357626299 0.5000001519567732 0.015865380147433272 0.2639405460868147 6.522560269672799e-17 5.7951313473969535e-05 8.082035788586905e-06 22512.297409864786 6.0 -23.60696899230472 2.2606609456777207 57001.183 57066.064 3 8 "Covariance may not be accurate. Covariance not positive definite. Covariance forced positive definite."
01317164 5 0.4787905718429548 57268.58650888216 2.8477220581635268e-15 0.8474103511042114 0.41581727205197605 0.6374302071347423 23.530260600884503 0.03074622667486336 0.3957655860211483 0.6880241972473197 470.9723646960054 -2.0 -23.10030931036761 1.8703342038913284 57315.181 57355.159 0 5 "Covariance may not be accurate."
01317277 12 0.8802659990233801 56998.515060890044 7.216449660063518e-16 1.0507115965997078 0.4981839121209949 0.5978840743753129 29.44712660237201 0.030746229165366318 0.442044261841084 0.7102129540276894 1803.8694800631265 7.0 -23.040025266891348 1.6189305488577759 56987.073 57052.037 3 9 "Covariance may not be accurate."
01317286 14 0.899998891019288 56999.990398153 1.3405943022348766e-15 0.6501624784384815 0.49354862665407107 6.38425039500845e-08 0.0011201488523511216 0.0 6.324937997237434e-07 0.006454427902009757 9397.740355486008 9.0 -23.78343742713689 2.260262904223687 56987.073 57052.037 4 10 "Covariance may not be accurate."
01317454 10 0.47654080457597736 56996.312289575544 2.7755575615628915e-18 1.1914128786005778 0.1927398126410963 0.6385605271583401 29.292245157426805 0.030878344089104406 0.3194447163903333 0.5950535585520854 507.0060761518752 5.0 -15.991923146400179 1.4961674452262663 56987.033 57051.04 3 7 "Covariance may not be accurate."
01317666 22 0.8749540433107754 57258.34428414197 5.2902127123388715e-15 0.6500000380120408 0.29177196423569024 0.00034052146303847897 0.009295251267758431 5.5511151231258616e-18 3.3764656071078036e-09 0.0054658544210627324 15091.399637753488 15.0 -25.603345499343746 2.2606653322555985 57278.217 57356.106 0 22 "Covariance may not be accurate."
01319366 17 0.6940983295894491 57299.527514268004 1.6542323066914833e-15 1.0100547922449745 0.681294085169927 0.0013524186527044124 0.10678390017346828 4.1633363423442976e-18 0.019896302228929685 0.002376703918362477 6069.051826454882 12.0 -22.968438426902136 1.6607777545261335 57276.312 57372.102 6 11 "Covariance may not be accurate."
01319821 10 0.759793806649701 57002.41270987376 2.1371793224034264e-16 1.1950087984170588 0.5000743048764231 9.083155864592074e-05 0.005596551920461934 6.938893903907228e-18 4.944012585494928e-05 0.6744922191126949 1733.0502678852379 5.0 -21.31932004857795 1.4935523910512636 56992.125 57067.099 2 8 "Covariance may not be accurate. Covariance not positive definite. Covariance forced positive definite."
01320166 10 0.5131774454094481 56976.11804449593 2.7755575615628915e-18 1.0592704307591074 0.10651566223444575 0.6656564419577004 25.788229100056924 0.03260355750838999 0.46176627857905544 0.7202375871580369 549.9780963128068 5.0 -16.35921062614636 1.610478184559593 56991.113 57049.046 0 10 "Covariance may not be accurate."
01322229 7 0.012826134546587988 57023.14809635854 6.106226635438361e-17 1.234712061916337 0.6884143192214932 0.525709948724916 20.43159052408373 0.03075499132202271 0.406449975667235 0.6515532967175535 818.3255063807514 0.0 -9.95408516958561 1.466281095483037 57001.076 57039.041 4 3 "Covariance may not be accurate."
01322979 9 0.48397834922473243 57020.34662189256 5.551115123125783e-18 0.6500000176141335 0.10515574921721965 0.6627201186811656 31.11794429994552 0.03316594438436477 0.39794311682465605 0.7198170408044196 4316.4417345986885 4.0 -16.961209640025825 2.260657387614497 57008.04 57061.074 3 6 "Covariance may not be accurate."
01324542 9 0.46482265679562695 57033.68687609652 1.1102230246251566e-17 0.7902011073358312 0.33269092032768527 0.0006942529046709278 4.208550654395367 1.3877787807814454e-18 0.00141358651804252 0.003025127736053207 384.14147377657537 3.0 -17.16051955602881 1.9626797730867693 57011.089 57067.101 4 5 "Covariance may not be accurate."
01325358 7 0.39475085741160787 57019.14076997979 2.7755575615628915e-18 1.136446757179865 0.0009954817859337828 0.61839372043545 29.74282108315674 0.030946521899725243 0.44441660805920563 0.6279639560717374 152.21486020348266 2.0 -15.859323462796304 1.5396348000062616 57008.067 57047.038 3 4 "Covariance may not be accurate."
01327978 10 0.8605457630029182 57270.06133429271 2.808864252301646e-15 1.1681547368928549 0.5000002717331967 0.03613789925840849 1.6617394360109756 1.397493232246916e-15 0.5421077837887304 0.00012697297485980696 324.2385151618654 4.0 -24.450151883645873 1.5137998317492887 57283.131 57373.038 0 10 "Covariance may not be accurate. Covariance not positive definite. Covariance forced positive definite."
01328066 20 0.4762516893804963 57286.71519502829 5.551115123125783e-18 1.2284407478794162 0.10828313891465763 0.6530046180112776 30.70209918119508 0.03226630539825281 0.4316423782820708 0.7207742850496911 381.84496266525093 11.0 -16.913440268671934 1.470402637241932 57273.098 57379.048 3 17 "Covariance may not be accurate."
01328105 42 0.15435612534560866 57288.532771194776 2.2204460492503132e-17 0.8992383983671431 0.49850271152876635 0.15481967406536332 0.010653011930116918 1.3877787807814454e-18 0.00018180944181656056 0.00030655917696698065 1259.523924337338 23.0 -14.822714083641252 1.7957355771593946 57273.096 57386.046 7 35 "Covariance may not be accurate."
01329166 17 0.39359417983044803 57261.13485824835 2.7755575615628915e-18 0.6500000000789097 0.13810908723559495 0.6262400602363821 23.736456599948724 0.032088679901466785 0.38506730370311254 0.5619795542865527 455.58462292168247 3.0 -15.61060932242285 2.260658750486627 57277.334 57401.075 0 17 "Covariance may not be accurate."
01329196 20 0.42462865687146345 57261.20498822501 8.326672684688675e-18 0.6500000014281071 0.05648435199202917 0.6301712826483103 24.978689918483724 0.031308249725469174 0.3756862996042862 0.6990705546571724 671.4840185571755 4.0 -17.14876646473343 2.2606557315943085 57277.321 57406.112 0 20 "Covariance may not be accurate."
01329312 31 0.1842035740933848 57296.75705378159 9.436895709313832e-17 0.8903401450404677 0.4994361442778639 0.01347114483008377 0.002837659736542264 0.0 5.3133665222526716e-05 8.928635721525136e-05 1168.1673789184117 19.0 -16.81535802841293 1.808077328964945 57283.189 57389.086 5 26 "Covariance may not be accurate."
01329615 34 0.28266709992265626 57283.34799997562 4.718447854656916e-17 0.6500000000000249 0.500002653861584 0.6572283639923369 28.45883652968405 0.030809979388213657 0.36971979641063535 0.7111816911405537 889.8223234019896 21.0 -17.112797738171842 2.2606710803231067 57278.301 57385.111 2 32 "Covariance may not be accurate."
01330031 13 0.6694691825592385 57289.47962811131 1.5512591211575e-14 0.6500017083709247 0.4950223928684898 7.926054168272412e-06 0.00040888988951337524 2.6367796834847152e-17 2.0553607482654e-08 0.003044099183580923 17515.43051620654 6.0 -25.645986651865115 2.260666593293301 57291.079 57376.04 0 13 "Covariance may not be accurate."
01330426 16 0.6187860560964743 57293.80066723755 1.1157741397482824e-15 0.6500000000003296 0.4005075856327522 9.050840938551463e-06 0.00043728051605285145 0.0 7.120132261562162e-11 0.007519809155682511 16218.555731414786 8.0 -22.78855832768665 2.260667834448231 57288.213 57387.181 1 15 "Covariance may not be accurate."
01330642 17 0.4858197022494123 57295.87657848113 5.551115123125783e-18 1.2497412844850184 0.019627041845824478 0.641118196782138 29.675641687677853 0.03092790652613949 0.36577564434583637 0.5520510571256485 1713.8108133449073 7.0 -17.119464239119797 1.4565398019914007 57283.189 57403.073 2 15 "Covariance may not be accurate."
01330903 20 0.48628461016775554 57290.66922268627 5.551115123125783e-18 1.1497189598607918 0.0822301053479253 0.6434949823654792 29.88903347269661 0.031117787818785263 0.3473665462680448 0.5195583082841481 411.4853853346607 10.0 -17.015409137988943 1.5285647066248593 57276.314 57396.101 4 16 "Covariance may not be accurate."
01331123 17 0.5842858552651355 57282.03185789947 2.4924506902834767e-15 0.8947884552776147 0.4968682730993838 0.00010544849895433028 0.00010038471009465866 4.1633363423442976e-18 0.00010955721860095302 0.00938180666706509 3371.2008546635984 7.0 -23.295505534494936 1.8018824082834897 57297.032 57386.044 0 17 "Covariance may not be accurate."
01331993 30 0.8999667198259783 57276.17243119469 5.551115123125783e-18 0.6502898636185821 0.3138381319191782 0.5835377886274857 26.485040795712848 0.03292588412357987 0.3888836312567239 0.6524538764263527 1064.558364277891 16.0 -18.193787182254678 2.259938251979907 57291.17 57403.073 0 30 "Covariance may not be accurate."
01332059 18 0.4866158308441173 57291.91205258539 8.326672684688675e-18 0.6500233181175034 0.050421436860996705 0.6398556339932306 28.13181050829371 0.03081251875241496 0.368164907552794 0.5112728620306238 314.4866542213181 8.0 -17.512850621709372 2.260596988220694 57288.201 57403.101 2 16 "Covariance may not be accurate."
01332413 17 0.4804898725753245 57290.04458693003 2.7755575615628915e-18 0.6500227571519755 0.1616455274408224 0.6705603007050204 23.112602316981793 0.034543090072722056 0.4127133405479664 0.5771129592646366 462.8605955651583 6.0 -16.07935873558071 2.2606026479971 57299.144 57403.064 0 17 "Covariance may not be accurate."
01333246 30 0.5140275130626057 57284.22905698617 9.436895709313832e-17 0.7923811231458157 0.005961023912793573 0.6695715541253321 26.110779662765708 0.03299291226431781 0.3686500818217429 0.6459415600106923 302.87724151845225 15.0 -20.365044192705447 1.9588830960909611 57299.22 57403.101 0 30 "Covariance may not be accurate."
01333438 31 0.5136760780601737 57282.354952919544 8.326672684688675e-18 0.7680287228798592 0.038769178339423505 0.6688537740732806 26.058701255362394 0.03292494933297094 0.3532951993918781 0.5247928960331818 842.3065902272889 14.0 -17.67394240775828 2.0025736547213917 57297.346 57404.045 0 31 "Covariance may not be accurate."
