analysis_pipeline/fit_results/des_5_salt2_2.4_all.ecsv
# %ECSV 0.9
# ---
# datatype:
# - name: obj_id
#   datatype: string
# - name: num_points
#   datatype: int64
# - name: z
#   datatype: float64
# - name: t0
#   datatype: float64
# - name: x0
#   datatype: float64
# - name: x1
#   datatype: float64
# - name: c
#   datatype: float64
# - name: z_err
#   datatype: float64
# - name: t0_err
#   datatype: float64
# - name: x0_err
#   datatype: float64
# - name: x1_err
#   datatype: float64
# - name: c_err
#   datatype: float64
# - name: chi
#   datatype: float64
# - name: dof
#   datatype: float64
# - name: b_max
#   datatype: float64
# - name: delta_15
#   datatype: float64
# - name: tmin
#   datatype: float64
# - name: tmax
#   datatype: float64
# - name: pre_max
#   datatype: int64
# - name: post_max
#   datatype: int64
# - name: message
#   datatype: string
# schema: astropy-2.0
obj_id num_points z t0 x0 x1 c z_err t0_err x0_err x1_err c_err chi dof b_max delta_15 tmin tmax pre_max post_max message
[from data line 48]
01294743 47 0.3318480358489203 56912.50774953891 1.6044895744357635e-05 -0.3065371787331612 0.1961709848807372 0.02766206679622346 0.5203474795271177 8.999486399513531e-07 0.5363400530799949 0.060299363615096496 37.312948773440155 28.0 -18.75060072623646 1.099998746327838 56890.285 56980.127 7 40 "Minimization exited successfully."
01295027 71 0.46382263973027343 56910.44572863097 1.5088789516667923e-05 -0.5345878359772516 -0.03014536719152805 0.03413194591604851 0.726408508784516 9.663760575387422e-07 0.4725189002928193 0.06008866545521703 25.827840876492623 47.0 -19.540973424226948 1.1591179961404343 56887.268 56992.069 12 59 "Minimization exited successfully."
01295256 60 0.46284716953644256 56928.16344999221 1.4963176432181147e-05 0.3867915438736058 -0.03684580831394607 3.3117106625346615e-06 8.807303674984723e-05 4.0542540131055414e-07 0.4174358709818393 0.019921005268468447 52.800921491015316 38.0 -19.52704783272909 0.9840524856392854 56904.295 57012.089 14 46 "Minimization exited successfully."
01295305 63 0.6356265690235834 56915.994873310374 6.8330220781759324e-06 0.3218419262743697 -0.003000660621160167 0.02933870023027707 0.7673318232918973 2.5155944514687637e-07 0.37601577178328305 0.03563169862214313 45.382560564291445 40.0 -19.50953355507553 0.9941719850979354 56890.285 57005.143 10 53 "Minimization exited successfully."
01295921 54 0.48471189312530466 56912.965411517944 7.878851317330571e-06 0.46666229155768146 0.1265941363663658 8.79323449143321e-06 0.0007789814080751967 1.3634793269115543e-06 1.637957536436113 0.10811911188407636 36.63516644361322 36.0 -18.95175147963363 0.9624563508400712 56890.386 56990.201 8 46 "Covariance may not be accurate."
01296273 63 0.3521466409102612 56925.78373169576 2.7661495978775765e-05 -0.37613036548640233 -0.0945892270431741 0.01021376232812396 0.505055979705503 5.412997679296601e-07 0.3113603216984482 0.023282831295007425 72.27800930305209 42.0 -19.490879407243735 1.131118114605318 56903.383 57003.049 12 51 "Minimization exited successfully."
01296321 51 0.19421688351330033 56930.47416826013 5.4345237544356495e-05 0.5806606068432778 0.0943615388220454 0.443476246009325 59.44034707780884 0.030040572819511856 3.7007675834153604 0.44162352542305616 35.61221760170727 33.0 -18.747355829460567 0.9440280299893153 56915.265 56990.188 12 39 "Minimization exited successfully."
01296657 32 0.143800494262671 56923.56997902707 0.00014822797470603888 0.6737391439911815 0.03422523070161598 0.021593324155033657 0.24875748606064008 8.11148671611418e-06 0.31841580369029066 0.033951818632563385 37.26635593178601 13.0 -19.11601318452902 0.9304600611854852 56904.221 56987.079 9 23 "Minimization exited successfully."
01297026 56 0.2645598992206995 56928.83161938857 4.2887049075121535e-05 -0.7616646044493272 -0.033948728770355374 0.030660403062597014 0.30020515964497463 7.606580146743438e-07 0.1938539544112703 0.037174318273285656 35.867203881966546 35.0 -19.24734612298149 1.206396638926961 56903.237 57001.099 13 43 "Minimization exited successfully."
01297465 62 0.26327808999667923 56938.81031745974 3.195539367206457e-05 1.147620458663531 0.0822762359118247 0.006702153550503992 0.10260944121546345 4.2999916685659834e-07 0.11280532908256458 0.015460783880479056 136.04493380962734 41.0 -18.917583676165485 0.848410162683706 56912.258 57008.065 21 41 "Minimization exited successfully."
01298281 58 0.23896096952891283 56930.667564616975 3.7621905836532354e-05 -1.5242801228320277 0.07917256747782686 0.026867528190366696 0.2599694031487161 6.78223765862572e-07 0.20502260991826782 0.05265664298110598 49.44431286225969 38.0 -18.853305494895828 1.3686760900861472 56915.265 57003.049 12 46 "Minimization exited successfully."
01298893 22 0.15804568798335866 56935.993598586145 6.579937287422288e-05 -2.652526399538064 0.002480897338942356 0.021197057641941422 1.023113330720662 7.749898693518163e-06 0.5445179207454217 0.11280791179975026 3.0090606384745087 7.0 -18.45712563688492 1.6891293395718954 56915.299 56992.068 7 15 "Minimization exited successfully."
01299643 66 0.38013014155571195 56941.15298729667 2.4787017894256638e-05 0.6088109480035357 -0.07763328001871883 0.014972819277954685 0.4167701291553385 7.946316804882676e-07 0.32413214140863644 0.037421681506554436 72.2444032686287 44.0 -19.56746743843857 0.9463976171398869 56912.344 57018.078 12 54 "Minimization exited successfully."
01299775 37 0.13365594798520786 56940.05777348428 9.961060382533971e-05 -0.38006488927631876 0.2209222719346337 0.014708082327981709 0.29967393761035055 3.3117141637062364e-06 0.1949375341006081 0.03197665741325473 33.14929383470291 18.0 -18.513238652907074 1.1125757655228874 56920.298 57004.045 4 33 "Minimization exited successfully."
01299785 64 0.37518567226779737 56943.64891962772 1.7121406508754932e-05 -0.27926884909305993 0.08363173890151121 0.02835814330137207 0.8108784834657854 8.624200013837572e-07 0.4822010267405228 0.07113223211739517 18.346174925534473 44.0 -19.131764189561544 1.1015722198140914 56920.291 57025.079 13 51 "Minimization exited successfully."
01300516 69 0.31294384342076065 56949.3670895555 2.668940698295763e-05 0.9012764061985368 0.15151887678196002 0.020239744123478787 0.4444328885838331 6.26946902897162e-07 0.33550831889736665 0.038191260389579096 50.34224221088346 46.0 -19.1550186900846 0.8869545468136906 56923.288 57025.093 23 46 "Minimization exited successfully."
01300912 65 0.3418099210825399 56946.387914399056 1.9147000823202534e-05 -0.4551079726723808 0.07789956531701919 0.008455222167265658 0.1965367799894011 3.750788837006417e-07 0.14691899678196174 0.01850541465715741 53.070348548577726 43.0 -19.015643109558685 1.1363299818556207 56920.196 57019.147 20 45 "Minimization exited successfully."
01301933 61 0.3102029666227326 56952.643011360946 3.1735670561169885e-05 -0.3131318127306648 -0.09871300263650287 2.5848553706353528e-06 8.654449266032316e-05 2.5287161900949885e-07 0.08261528356756576 0.006963175089518672 68.46037694367996 40.0 -19.31914562570662 1.1188324014786524 56924.193 57025.117 19 42 "Minimization exited successfully."
01302058 56 0.20822684480607367 56959.649138882596 0.0001148212780514385 0.3562918891617999 -0.017152382369915342 0.006273148145815727 0.11975281848208397 1.4534049752157303e-06 0.10820391954316166 0.019208936856027065 91.05660963862101 36.0 -19.72810494924974 0.9886304701368545 56935.363 57025.079 12 44 "Minimization exited successfully."
01302141 91 0.5704121585626851 57280.3967805449 7.831690767162725e-06 -1.1432941694636785 0.08573341841656829 0.04406333804370621 1.7987810908671236 4.960760404071341e-07 0.9990461016693333 0.1311314502827021 54.75202369780483 62.0 -19.37082308389705 1.2801418775652564 57248.403 57365.044 28 63 "Minimization exited successfully."
01302187 50 0.21682333859877884 56952.99414265292 5.6968695083853275e-05 -0.8832858657507172 0.05612609680777092 0.015111327763382226 0.2804585908925219 2.251898221093674e-06 0.31878966819090315 0.04937619828648371 23.23406299667751 29.0 -19.065311989387112 1.225807867514817 56925.328 57019.148 15 35 "Minimization exited successfully."
01302523 56 0.45130403815690034 57288.88351656586 1.4939961870047425e-05 0.4316166626754012 0.045822517624975134 0.012654624354201532 0.32675930751429405 4.0561824419665954e-07 0.3061661805157674 0.0248004552624643 64.83128616720558 36.0 -19.459885864634916 0.9723185655190072 57265.24 57372.059 12 44 "Minimization exited successfully."
01302648 57 0.2129745252943444 56948.15625048948 4.363883389381373e-05 -0.7696720587103814 0.18843617035982918 0.01302441620793554 0.24641147128204466 1.2544770309347308e-06 0.19824193038950177 0.04188190753275048 71.94226136157954 37.0 -18.733974125275374 1.192365241212194 56925.158 57017.08 13 44 "Minimization exited successfully."
01303004 72 0.2817292551995535 56960.335104268896 4.261607756341213e-05 0.6963569142452428 -0.019329313485430766 0.009256692808559147 0.18087481380280224 5.259031896562294e-07 0.13267559324695344 0.014473693512176089 106.03174866040652 48.0 -19.398053692249917 0.9287372938495935 56934.371 57033.047 21 51 "Minimization exited successfully."
01303279 43 0.17921395037436919 56965.824113776 0.00018644944293878807 0.9989142462497842 -0.06556754851796387 0.01165094384796847 0.2631157576615806 5.273951478017294e-06 0.3239635184089211 0.033029886593052865 103.30893077565672 21.0 -19.891643697869345 0.8786198629853423 56943.23 57033.169 9 34 "Minimization exited successfully."
01303496 41 0.18412468926795633 56966.15851078985 8.222347311132028e-05 -0.29935387794833135 0.07615637307850526 0.012627559688010742 0.27625902427826077 2.5301074847244878e-06 0.31792772424221805 0.03909213367588235 40.6045180782734 23.0 -19.06708369525859 1.1059030521398299 56943.178 57032.15 12 29 "Minimization exited successfully."
01303883 73 0.2598085087319339 57286.328665306784 5.188097674736492e-05 0.5048740315132565 -0.024102851818072757 0.013724660990225596 0.17515592765266774 9.879652589778187e-07 0.19474035952253388 0.02441770632805687 101.57654984611378 48.0 -19.4098527006579 0.9624614384081198 57265.223 57356.127 14 59 "Minimization exited successfully."
01303952 84 0.639064416703824 57289.91819775498 1.019099006258628e-05 0.015079862037498337 -0.2216535989644905 0.02734907534059322 0.661089669996727 5.745031588483272e-07 0.3566943077391058 0.02287668662441493 62.01488662368673 58.0 -19.960051659032448 1.0615205708101279 57249.279 57373.057 30 54 "Minimization exited successfully."
01304127 83 0.6415304103222282 57280.942980852386 6.699935675391622e-06 0.3450907296782817 -0.024762367859799295 0.028535700345374393 1.1094872580069932 3.987224639595553e-07 0.788522172807987 0.05126227977083686 62.12183981708453 57.0 -19.51275653068444 0.9909943099041705 57249.279 57373.058 24 59 "Minimization exited successfully."
01304442 16 0.26229622403800373 56965.27687767719 7.701252231429312e-05 0.019099424929195585 -0.12527145822076555 0.11206660528995374 0.7768575897607661 2.7874966456439818e-06 0.46927227996161447 0.10515012335908588 0.9584504950014536 4.0 -19.862757864629152 1.0559763796126838 56943.114 57029.056 8 8 "Minimization exited successfully."
01304678 49 0.21099878762410623 56963.70603165448 5.5267593455374243e-05 -1.3041643548978774 0.00017834026270335812 0.04652518070080319 0.5482440414998564 8.042665417209992e-06 0.5635940164306747 0.17427650114334642 9.072178656116112 28.0 -18.96549188672117 1.323758886075673 56943.23 57033.168 10 39 "Minimization exited successfully."
01305504 60 0.5289746578914458 56974.02005779564 1.0931584615314628e-05 -0.5319421246141744 -0.10799328143692669 0.020175243675760957 0.3253933479245461 1.5821379115987765e-07 0.16081675900308334 0.0341266376128342 29.962038563892357 39.0 -19.534903022005636 1.1634460335023853 56943.192 57052.047 20 40 "Minimization exited successfully."
01305626 55 0.3113119508775905 56974.54751875391 3.114712196768399e-05 -0.3881400534965813 -0.07179165807855892 0.007033921130745996 0.1636998433205008 2.437720663495097e-07 0.0928454961630567 0.012972494321518813 59.80821089575327 37.0 -19.30754152543652 1.1321718103470708 56949.125 57049.055 15 40 "Minimization exited successfully."
01306029 74 0.4343992605944596 57279.57030154065 1.2532360424113987e-05 1.359034483923903 0.11040451057485967 0.02188134579412246 0.8872625123804028 4.792440337728078e-07 0.6154417626254793 0.03986954953327676 59.70288182424349 49.0 -19.171612932861827 0.8125515923807356 57248.388 57355.217 23 51 "Minimization exited successfully."
01306073 56 0.3299706855901536 56972.20600342733 2.251398259570936e-05 -1.33240072240151 -0.004314831985020584 0.012665952590030533 0.30015914734758553 5.516182135067983e-07 0.18567246690168215 0.031507067686441126 13.0066347985866 37.0 -19.101365977896307 1.33071036803004 56949.124 57049.056 12 44 "Minimization exited successfully."
01306141 65 0.33843467217678525 56977.38171143713 3.247620508177729e-05 -0.2033038477235536 -0.06671506409321087 0.013476990593572075 0.3356760143615247 6.425251077885046e-07 0.22450973499260418 0.027940151139042843 29.69080513028728 44.0 -19.564107610014318 1.0955045088322954 56949.337 57051.151 15 50 "Minimization exited successfully."
01306360 76 0.4667961944692904 57278.81126583714 1.1837608587625392e-05 -0.8130543273449287 0.030593643446988672 0.03618306104234548 1.4436746770225 6.515540526580434e-07 0.7765740017242313 0.05483313734981293 31.545958892422437 50.0 -19.29400520184406 1.212744543218495 57249.423 57355.245 19 57 "Minimization exited successfully."
01306390 68 0.41731628357368494 57280.56708555982 9.126342683335454e-06 -0.05123515547079016 0.1816218196774187 0.06734397287365756 1.94129047651586 7.604253739690319e-07 1.0115826127722978 0.15149433835063697 9.314421116266702 46.0 -18.72354884572423 1.0528060428364832 57253.401 57355.23 12 56 "Minimization exited successfully."
01306537 76 0.4493165194322816 57287.49261679501 1.5093926596168594e-05 1.0357434758930433 -0.05627112893030298 0.017014891394031617 0.4336862883428694 7.93261744790052e-07 0.5439237817099383 0.03350863669740492 62.703730268535026 51.0 -19.460099685719367 0.8720509259821334 57265.363 57372.241 15 61 "Minimization exited successfully."
01306626 73 0.41403760073991364 57284.776608147426 1.9689324330351977e-05 0.37362233435676107 -0.06760181028156434 0.017996759543053714 0.4304566328719375 7.314119952139816e-07 0.4237611197441695 0.036769133518358504 43.044774253341444 48.0 -19.53672347078025 0.9878044613069434 57255.41 57355.245 16 57 "Minimization exited successfully."
01306785 42 0.5820209398439917 57284.3461017746 8.554613698275037e-06 -0.8256089484927975 -0.03924700428488176 0.057641465082352794 1.566473713832238 9.643273711626431e-07 1.4189616901014033 0.10839401102319719 12.962724175415307 25.0 -19.51962043556732 1.220339134829679 57248.419 57311.114 22 20 "Minimization exited successfully."
01306980 86 0.5454224902324023 57282.65970279501 8.310227500171742e-06 -1.3276453407047883 0.09494316059947905 0.02952232049011283 1.2387790694701835 7.442927211886994e-07 0.9338091132415769 0.0924028166722945 53.83312971061075 57.0 -19.317256780944213 1.3210760746481256 57252.229 57372.039 24 62 "Minimization exited successfully."
01306991 72 0.4330566569517237 57287.48088090476 1.8196709833998014e-05 -0.40624486531410753 -0.034112354739833206 0.027937374467605885 0.7084041351736232 1.70331424224901e-06 0.8082973293786921 0.07889049938317633 29.81761267408865 47.0 -19.566415974035905 1.1335304013047711 57265.209 57365.044 17 55 "Minimization exited successfully."
01307277 70 0.320936339924001 57282.897758099854 1.1505106502326946e-05 -0.843891298087664 0.2171125178115329 0.037506879234535884 1.1263969277461001 1.0914360119129716e-06 0.9485158970449566 0.08354245328230944 26.884727422962033 46.0 -18.305120282754963 1.2055852078937548 57256.292 57365.115 15 55 "Minimization exited successfully."
01307830 59 0.3373593244130743 57286.02949986405 1.9026582253864335e-05 -1.9295195307702493 -0.06651113192273739 0.008731764063054565 0.21264226625862648 3.468714162541121e-07 0.20031125390445714 0.021114697796320497 34.06442544463074 39.0 -18.97464688015619 1.4856850627339213 57257.281 57365.196 11 48 "Minimization exited successfully."
01308314 74 0.4149635081671359 56977.55877753569 1.6755050006142525e-05 -0.35907158692553187 -0.06821006202570332 0.016066580057076618 0.40143089213233907 3.897847720063522e-07 0.27711939036600364 0.03749610939765666 52.627999481421455 50.0 -19.366777100903512 1.1261725723858298 56943.178 57051.151 24 50 "Minimization exited successfully."
