analysis_pipeline/fit_results/des_5_sn91bg_salt2_phase_red.ecsv
# %ECSV 0.9
# ---
# datatype:
# - {name: obj_id, datatype: string}
# - {name: num_points, datatype: int64}
# - {name: z, datatype: float64}
# - {name: t0, datatype: float64}
# - {name: x0, datatype: float64}
# - {name: x1, datatype: float64}
# - {name: c, datatype: float64}
# - {name: z_err, datatype: float64}
# - {name: t0_err, datatype: float64}
# - {name: x0_err, datatype: float64}
# - {name: x1_err, datatype: float64}
# - {name: c_err, datatype: float64}
# - {name: chi, datatype: float64}
# - {name: dof, datatype: float64}
# - {name: b_max, datatype: float64}
# - {name: delta_15, datatype: float64}
# - {name: tmin, datatype: float64}
# - {name: tmax, datatype: float64}
# - {name: pre_max, datatype: int64}
# - {name: post_max, datatype: int64}
# - {name: message, datatype: string}
# schema: astropy-2.0
obj_id num_points z t0 x0 x1 c z_err t0_err x0_err x1_err c_err chi dof b_max delta_15 tmin tmax pre_max post_max message
[from data line 53]
01296273 16 0.5870269488577933 56897.96137520856 7.494005416219807e-17 1.0389836112181008 0.5044551471314903 0.5132648324458322 24.28934576935717 0.03464288515036789 0.40513520428284505 0.7450906856122972 1400.8536411473365 6.0 -19.488335858243943 1.6306922234114012 56903.391 57003.049 0 16 "Covariance may not be accurate."
01296321 25 0.3084424876618485 56900.31404299808 1.9151347174783951e-16 1.0995811288296118 0.28494049521202247 0.1857604447275794 0.006797626934712753 1.3877787807814407e-18 0.0020786448075477137 0.0035416176722895265 3375.2203012244863 13.0 -19.285225573870967 1.5722122506648653 56915.269 56990.188 0 25 "Covariance may not be accurate. Covariance not positive definite. Covariance forced positive definite."
01296657 24 0.4307284332118092 56917.32809235395 1.4155343563970747e-16 0.6500715914691477 0.49589756465929624 0.4897140013841861 25.82898284049952 0.046751287659941194 0.5587495561187708 0.6645483545947175 5107.6248387739415 17.0 -19.386514536499714 2.2604911545869157 56904.225 56987.079 4 20 "Covariance may not be accurate."
01297026 29 0.22871376041040226 56907.44438806499 1.9151347174783951e-16 0.6500000018939609 0.4823906352497022 nan 0.04160388898890233 1.3877787807814407e-18 1.4359674049835291e-06 0.0018457666827367547 2097.334560358634 14.0 -18.151919638936285 2.2606703981210075 56903.36 57001.099 2 27 "Covariance may not be accurate."
01297465 32 0.45326195452563606 56897.27069566519 7.771561172376097e-17 0.9861053489096194 0.5047268993640973 0.2986300043121454 0.00018057507622870617 0.0 8.031011857750903e-05 5.118195776193657e-05 10627.3646380014 14.0 -18.850026165313725 1.687034200640813 56912.258 57008.065 0 32 "Covariance may not be accurate."
01298281 29 0.42262304146010293 56900.2786437162 1.332267629550188e-16 1.117185699076651 0.34422399077130794 0.5405038403265264 24.761528238192113 0.0313582931170743 0.36595702202541697 0.66728651003312 3558.630306511376 13.0 -19.591025005087786 1.5563396179157394 56915.269 57003.049 0 29 "Covariance may not be accurate."
01298893 15 0.4736348971932646 56932.164600713455 1.3877787807814457e-16 0.8229370001968924 0.5370061121463492 0.00043319075728687206 0.17655285796354292 1.387778780781453e-18 0.3824378129607778 0.014583840037852625 665.4025827184897 9.0 -19.54141873683549 1.9082157745449848 56915.299 56992.068 4 11 "Covariance may not be accurate."
01299643 17 0.4704847907891574 56913.09329245476 2.7755575615628915e-18 0.6500003408023647 0.00667167078953812 0.5734781531691845 30.68269692829199 0.033453492917187744 0.40122789565875844 0.6476421463948967 980.7290457543885 5.0 -16.304108047854903 2.260653393420025 56912.35 57018.078 1 16 "Covariance may not be accurate."
01299775 23 0.46606761653085077 56930.745437204605 1.2212453270876723e-16 1.2211281297409773 0.28082862857378377 0.5744328584886235 31.165692859125556 0.0339271117733188 0.3082912525236334 0.6370646490600019 1343.1388044275304 18.0 -19.860024400191513 1.4752970713400018 56920.298 57004.045 3 20 "Covariance may not be accurate."
01299785 15 0.5293160210389709 56931.343861373956 4.9960036108132046e-17 1.0387724363187414 0.5069977455084963 0.5634507892789121 31.788708061645593 0.03507357126792398 0.40478679055944317 0.7480404210050667 332.61317146591307 7.0 -18.77158034876322 1.6309061621260703 56920.298 57025.079 2 13 "Covariance may not be accurate."
01300516 36 0.48556037048527134 56936.10472019815 4.9960036108132046e-17 1.248263045718645 0.3570787020789573 0.5827424372061268 31.775720982095663 0.03424116675893506 0.3821183537124369 0.6784540062432335 2662.5917939470532 23.0 -18.862687480559288 1.4574973534249231 56923.293 57025.093 6 30 "Covariance may not be accurate."
01300912 17 0.2189407906546273 56932.33889094773 5.551115123125783e-18 1.0334110230920075 0.0026470234329731834 0.45506513243086943 30.31110887142131 0.03188329050005376 0.4516863398046776 0.5926983542320174 1910.2609139690992 8.0 -15.131640955139318 1.636350297460833 56920.245 57019.147 2 15 "Covariance may not be accurate."
01301933 31 0.47378843606832055 56948.98289400209 2.7755575615628915e-18 0.7929300795811405 0.12444200353650792 0.5576796843462154 26.16638090199558 0.0312114528384222 0.449472909233759 0.7252003482642586 24756.045375536556 23.0 -16.116735535332527 1.9579370814716235 56924.209 57025.117 8 23 "Covariance may not be accurate."
01302058 31 0.4521334579877154 56920.36325991297 2.0816681711721685e-16 1.2499805222636318 0.11645928611411649 0.5646777671318264 34.88421889845995 0.043549750076547385 0.5210867946863669 0.7231180141367206 7215.3764264760985 16.0 -20.698010806183273 1.456389326570939 56935.365 57025.079 0 31 "Covariance may not be accurate."
01302141 24 0.4751529063004907 57266.36696415512 2.7755575615628915e-18 0.7151912750602427 0.11717552215322691 0.5626540754240603 30.24153129158367 0.03172605796514234 0.44597733022937885 0.547329031069836 216.89621029620076 15.0 -16.13809991074222 2.1089442739489286 57248.411 57365.044 5 19 "Covariance may not be accurate."
01302187 31 0.6801733813176846 56910.34526400437 1.4710455076283326e-16 0.690356198842932 0.43576666959879956 0.4723493803717253 24.561311742436374 0.031154205344900696 0.3008218263678627 0.6977928030020465 1614.9713098734508 18.0 -20.766491100464272 2.1643044866938155 56925.328 57019.148 0 31 "Covariance may not be accurate."
01302523 15 0.13521606142579684 57290.111778208986 5.273559366969494e-17 1.036367363918687 0.8146671333671027 0.0005157282077003084 0.011297412253043149 1.387778780781447e-18 0.003391302641785887 0.008791756329496858 1411.6608627251262 6.0 -14.848079852728091 1.6333482256786773 57265.24 57366.076 4 11 "Covariance may not be accurate."
01302648 30 0.4757543214708323 56935.66130798166 2.0816681711721685e-16 0.6500003133219585 0.5000175712116632 0.007078764825221434 0.86453888307733 9.714451465470122e-18 4.10801031594521e-05 0.0013369422960134159 2153.399869366266 21.0 -20.0531520827949 2.260670293547495 56925.162 57017.08 5 25 "Covariance may not be accurate. Covariance not positive definite. Covariance forced positive definite."
01303004 37 0.46090833356407984 56959.04686586978 1.1102230246251565e-16 0.6500246098962735 0.4793128570062917 0.0005044812935094123 0.01854172861567349 1.387778780781453e-18 3.3105772828556645e-05 0.00018079762326725368 6611.118650397326 30.0 -19.33814961730076 2.2606084911771305 56934.371 57033.047 9 28 "Covariance may not be accurate."
01303279 26 0.4846569527635493 56960.578931364 4.85722573273506e-16 0.7211233706864032 0.5000405115033206 0.000750404058030063 0.20333363606914645 1.249000902703304e-17 0.026165974741539033 0.06432695788413503 2697.1283310101753 21.0 -21.021385021455895 2.0962020915800785 56943.237 57033.169 5 21 "Covariance may not be accurate. Covariance not positive definite. Covariance forced positive definite."
01303496 22 0.45130889842281113 56959.84634604972 1.6098233857064772e-16 0.6847598865462077 0.10358260567198557 0.5483494097614479 29.55859796408913 0.030794328340595645 0.30199063401619003 0.7200982514030617 1913.5279697467297 17.0 -20.43831818395445 2.1771518402617396 56943.182 57032.15 4 18 "Covariance may not be accurate."
01303883 38 0.369069044826104 57250.229721012285 1.8318679906315084e-16 0.6500000618329129 0.0011074298537814276 0.5320954117621336 26.320626183656714 0.03260517957108433 0.391350769479427 0.6286636106921486 2340.946971296029 20.0 -20.235717088211153 2.2606539413274547 57265.227 57356.127 0 38 "Covariance may not be accurate."
01303952 21 0.20788142139801574 57257.68680222917 0.0 1.108671638859351 0.5000720958226346 0.0 0.0 0.0 0.0 0.0 0.0 -5.0 inf nan 57249.286 57373.057 3 18 "Hesse Failed. Covariance may not be accurate. Covariance not positive definite."
01304127 0 nan nan nan nan nan nan nan nan nan nan nan nan nan nan nan nan 0 0 "Empty table passed to fit_lc."
01304442 9 0.4604763676969509 56928.13817287811 1.3877787807814457e-16 1.1970075894047636 0.08593313741908726 0.5505902466840455 25.04888873841992 0.03079946052861457 0.42916485337747184 0.5227446657212891 3846.109189161797 3.0 -20.361626190831878 1.4920943369333628 56943.114 57012.24 0 9 "Covariance may not be accurate."
01304678 29 0.45847442327892135 56928.23671815758 2.7755575615628914e-17 1.246797335686145 0.5001652964175631 0.5769499710462587 0.004907611684757285 2.7755575615628923e-18 0.00038333371335619315 0.015467826619108505 453.2048525510397 12.0 -17.769033296349022 1.4584420014015649 56949.328 57033.168 0 29 "Covariance may not be accurate. Covariance not positive definite. Covariance forced positive definite."
01305504 16 0.20554616832086486 56945.44677526169 0.0 0.8300566313563411 0.500341622407793 0.0 0.0 0.0 0.0 0.0 0.0 -5.0 inf nan 56943.3 57052.047 1 15 "Hesse Failed. Covariance may not be accurate. Covariance not positive definite."
01305626 26 0.4664927672398951 56934.127905462345 1.665334536937735e-17 0.832466308556441 0.0376607543174069 0.5592376511327817 25.11801009253395 0.03158617591839812 0.45255051964349574 0.5261710079933035 12624.685131518492 12.0 -18.17688139936933 1.8932056442857537 56949.15 57045.061 0 26 "Covariance may not be accurate."
01306029 20 0.4331360951750457 57256.82909905449 5.551115123125783e-18 0.6502045223630933 0.5003228180142036 0.5568156096488092 29.19478669428645 0.03092696235769362 0.37578554097175065 0.7127219928618618 357.5245049477321 11.0 -15.873979584244733 2.2601576348779417 57248.395 57355.217 3 17 "Covariance may not be accurate."
01306073 27 0.46895872536138167 56934.14170621156 9.71445146547012e-17 1.2096497686207712 0.4895763332310931 0.5520155620265181 24.240393030304404 0.03074803128057253 0.42290556682310454 0.70794870329535 2189.422453521488 13.0 -19.21370714938545 1.483153499736538 56949.15 57045.061 0 27 "Covariance may not be accurate."
01306141 16 0.3202684790136356 56972.71210906036 6.66133814775094e-17 0.68637657685779 0.39679569681568166 0.5064639856530209 27.54586275575639 0.030746252596086973 0.4212078105038368 0.6821169782496908 763.728012633575 8.0 -18.029940786772997 2.173432813716687 56949.344 57051.151 2 14 "Covariance may not be accurate."
01306360 21 0.34161399208948756 57271.79618337963 5.551115123125783e-18 0.9096700254831591 0.45338526215708663 0.5166894228828474 20.175522132420156 0.031247904991055803 0.43879223020609454 0.703892912652899 108.45406831159467 12.0 -15.375713542253997 1.7815294488453937 57250.337 57355.245 3 18 "Covariance may not be accurate."
01306390 17 0.23977920136145559 57278.104026146495 4.163336342344337e-17 0.8803903364166226 0.43883009199758805 0.4697201223856716 25.976084202735365 0.030749436225530072 0.4067761953648383 0.694761440227755 89.97682732805944 9.0 -16.7101171191307 1.8221054308863458 57253.408 57355.23 3 14 "Covariance may not be accurate."
01306537 20 0.15211726467578565 57250.40947799164 1.665334536937735e-17 0.6500000000000395 0.0033400170217108283 0.40804661148003457 24.64359297595729 0.031569388847718725 0.3788337957914628 0.6384318239188163 280.5245136423373 5.0 -15.444734966195458 2.2606541575435912 57265.371 57365.19 0 20 "Covariance may not be accurate."
01306626 20 0.3937943703127976 57240.42846925992 0.0 1.2317869524050025 0.5000340793960196 0.0 0.0 0.0 0.0 0.0 0.0 -5.0 inf nan 57255.418 57355.245 0 20 "Hesse Failed. Covariance may not be accurate. Covariance not positive definite."
01306785 12 0.41207682401241946 57263.395304408106 2.7755575615628915e-18 0.6500000000030539 0.002791302351050795 0.5418997177926754 30.075179913033935 0.031344525473447335 0.3761338435863797 0.636480648814556 92.87586015026821 7.0 -15.966973708229723 2.260654142520835 57248.426 57311.114 4 8 "Covariance may not be accurate."
01306980 24 0.47003562752527217 57272.874307315826 2.7755575615628915e-18 0.6512175368233423 0.3694063961685682 0.5810022401451654 35.63036411521898 0.04026928682598058 0.4956527289349514 0.6730487819889471 106.25314581958361 15.0 -15.616596161592486 2.2576150171947873 57252.236 57372.039 4 20 "Covariance may not be accurate."
01306991 20 0.5130600188011245 57252.550884359924 2.7755575615628914e-17 0.8101403370354427 0.2885276806805154 0.5743452180641027 20.7380533109681 0.0320196599485725 0.37999739726127324 0.6420192598163736 66.35667335871337 9.0 -18.48933508979418 1.9289173237582418 57265.217 57365.044 0 20 "Covariance may not be accurate."
01307277 19 0.35566531563199355 57275.79078607052 2.4980018054066023e-17 1.0791278595881553 0.9945348146784629 0.5203569269594377 22.435251540180616 0.030881063902324764 0.44418930707131965 0.5826498880411475 142.48878731983763 11.0 -16.036985242796884 1.5913258709851483 57256.299 57365.115 2 17 "Covariance may not be accurate."
01307830 15 0.3526608918438678 57278.250972067886 1.665334536937735e-17 0.6522786017602598 0.6509368632213748 0.5186087020068585 21.394376553107577 0.030747481529006616 0.3529038490502679 0.7352715672654929 653.4825255997893 5.0 -16.27158822133275 2.2549685625613023 57265.301 57365.135 2 13 "Covariance may not be accurate."
01308314 19 0.463305983236779 56959.74094965598 1.942890293094024e-17 0.8229310646139787 0.002401003583897998 0.5630094767201042 30.6992795033766 0.032173420953638225 0.45938645294965635 0.634964068236448 811.4870217989808 11.0 -18.383631858643714 1.9082105305556603 56943.185 57051.151 3 16 "Covariance may not be accurate."
01308326 31 0.4723492226084636 56976.49504601089 9.159339953157542e-17 0.6500308293116759 0.4995754927117026 5.4307508853657094e-05 6.646892179003771 0.0 1.2934991792667994e-06 7.981147179891845e-05 3003.3340715460217 22.0 -19.14415454345166 2.260593647604228 56956.145 57045.113 8 23 "Covariance may not be accurate."
01308568 21 0.3118766184907824 57265.20324707705 2.7755575615628915e-18 0.6500000004022458 0.23367463510271846 0.503423663967121 31.03183146408628 0.03455388811100346 0.4146549760266204 0.7392564242051112 149.45154881727967 10.0 -14.812060614933568 2.2606636530365734 57256.271 57379.066 2 19 "Covariance may not be accurate."
01308582 15 0.4696883382316247 57256.20340251803 4.4408920985006264e-17 0.9327902736788888 0.3338594889235061 0.5794495209187466 21.454354700472322 0.03479677443584056 0.42205722915992394 0.6651096506481136 451.419384711402 6.0 -18.690667186510744 1.751125647070367 57265.24 57366.076 0 15 "Covariance may not be accurate."
01308884 38 0.4711812026250017 57292.1487229631 1.1518563880486e-15 0.6500000000261011 0.9374722598989244 0.5526968341262286 29.581169234363188 0.030766399053662796 0.3691951599572744 0.7024176828951199 175595.10665428502 33.0 -21.051799594686017 2.260669331980445 57276.324 57355.251 10 28 "Covariance may not be accurate."
01308957 18 0.4705957640368546 57261.74033558744 2.7755575615628915e-18 0.6500000000000032 0.01397210187688297 0.5546567341300692 29.219593852547405 0.03097494653168075 0.37169965277528844 0.5623293114021632 59.22181197163323 8.0 -16.293048872197872 2.2606544532995905 57253.336 57373.057 2 16 "Covariance may not be accurate."
01309288 30 0.5861239410911503 56946.69768670265 3.053113317719181e-17 0.6500042471701141 0.4916309299417453 0.0025241978077098493 0.12391490872687427 1.387778780781447e-18 5.567387849730876e-05 0.0002989152105968562 624.8522268971514 18.0 -18.53686279610323 2.26066008619123 56961.361 57061.067 0 30 "Covariance may not be accurate."
01309492 17 0.4719682406939811 56982.23549133354 1.1102230246251566e-17 1.2303745606067809 0.5017977477987602 0.5797240319288524 0.008762122626649216 0.0 6.12134657085317e-05 0.008671773401364047 5432.034486864406 10.0 -16.847042330203745 1.4691338351782939 56966.23 57067.046 3 14 "Covariance may not be accurate. Covariance not positive definite. Covariance forced positive definite."
01309749 0 nan nan nan nan nan nan nan nan nan nan nan nan nan nan nan nan 0 0 "Empty table passed to fit_lc."
