analysis_pipeline/fit_results/des_5_sn91bg_salt2_phase_all.ecsv
# %ECSV 0.9
# ---
# datatype:
# - {name: obj_id, datatype: string}
# - {name: num_points, datatype: int64}
# - {name: z, datatype: float64}
# - {name: t0, datatype: float64}
# - {name: x0, datatype: float64}
# - {name: x1, datatype: float64}
# - {name: c, datatype: float64}
# - {name: z_err, datatype: float64}
# - {name: t0_err, datatype: float64}
# - {name: x0_err, datatype: float64}
# - {name: x1_err, datatype: float64}
# - {name: c_err, datatype: float64}
# - {name: chi, datatype: float64}
# - {name: dof, datatype: float64}
# - {name: b_max, datatype: float64}
# - {name: delta_15, datatype: float64}
# - {name: tmin, datatype: float64}
# - {name: tmax, datatype: float64}
# - {name: pre_max, datatype: int64}
# - {name: post_max, datatype: int64}
# - {name: message, datatype: string}
# schema: astropy-2.0
obj_id num_points z t0 x0 x1 c z_err t0_err x0_err x1_err c_err chi dof b_max delta_15 tmin tmax pre_max post_max message
01248677 59 0.4734283797138742 56523.28382149683 1.665334536937735e-17 1.20623325959692 0.00011688056195824359 1.0339410612569822e-05 9.408511687070131e-06 0.0 4.337589532554809e-06 0.01792092298490955 72423.96005516348 32.0 -18.276104830752665 1.4855260171152125 56538.281 56629.123 0 59 "Covariance may not be accurate."
01250017 60 0.1300500632053153 56519.23648060957 5.329070518200752e-16 0.9238649172824345 0.49256678917425506 0.0020317655020472974 0.0005681393085978925 1.3877787807814654e-18 0.00047470014496714397 0.0007658313515441495 49367.76393430011 29.0 -17.88181461545335 1.7626836772381758 56534.233 56616.08 0 60 "Covariance may not be accurate."
01253039 74 0.4711500841459455 56532.27643359638 0.0 0.8028284335084404 0.5001490371270015 0.0 0.0 0.0 0.0 0.0 0.0 -5.0 inf nan 56547.268 56653.094 0 74 "Hesse Failed. Covariance may not be accurate. Covariance not positive definite."
01253101 68 0.47196653670557154 56528.09930206374 2.7755575615628915e-18 1.1338897532828098 0.06124149946516261 0.5674023875990811 25.699701247889607 0.03243613273611768 0.4630529486784269 0.5000326564821965 2215.372501307918 30.0 -16.22184757497503 1.5418104930134788 56543.092 56657.052 0 68 "Covariance may not be accurate."
01253920 58 0.15902129846257496 56544.194432846656 2.7478019859472625e-16 0.6911505731297798 0.5040537982636555 0.5586312049160418 24.773137587795645 0.030746239119478623 0.3043071123872452 0.7112927296577244 26365.905156449506 25.0 -17.61500837186011 2.162492390932897 56559.19 56649.173 0 58 "Covariance may not be accurate."
01255502 29 0.10703537449974346 56548.33296921272 1.6653345369377348e-16 1.1717063902094775 0.006170030634002732 0.41136223950653206 25.83146661419596 0.031417893749932 0.44519910010808633 0.5805599683927004 6369.2190185369545 6.0 -17.11304292184101 1.5110206894084293 56563.266 56653.077 0 29 "Covariance may not be accurate."
01257366 40 0.2936181032722921 56577.746475689026 1.5265566588595902e-16 1.2463209166811646 0.06553488130728247 0.11802434117071595 0.05349576116714161 1.387778780781453e-18 0.0036785406441460777 0.0034957303630445413 2388.1612030291963 15.0 -19.35239001324566 1.458736117887554 56590.341 56682.089 0 40 "Covariance may not be accurate."
01257695 48 0.46464729049313463 56575.03054004441 4.218847493575595e-16 0.6500203886413084 3.70764252632938e-10 3.392699920135023e-05 4.350347080617212e-05 0.0 3.2657185289330926e-07 0.00020954564727215796 43476.00313425194 27.0 -21.736796128911134 2.260602868846558 56590.025 56675.078 0 48 "Covariance may not be accurate."
01258906 56 0.6246763099478826 56579.02323906077 4.163336342344337e-17 1.248893663150287 0.09426356055356683 0.4982936517447253 28.70252287643234 0.03547059374998915 0.41248428302023926 0.5257728511930628 2913.163400925751 32.0 -19.840203691564103 1.4570849115391873 56594.012 56695.038 0 56 "Covariance may not be accurate."
01258940 70 0.465509211415357 56575.32462836382 8.604228440844963e-17 0.6523061297706875 0.04736671940171472 0.5692783127686236 26.74815244801357 0.03301005981115729 0.3780575667488435 0.6934109674225489 1815.4522099933213 34.0 -19.938121950905625 2.2548838211385984 56590.311 56697.043 0 70 "Covariance may not be accurate."
01259412 47 0.4690198078710088 56613.7762919312 1.0269562977782698e-16 1.1710412874762146 0.4830456910634377 0.5592022187619003 30.005363012223825 0.03150690965479093 0.4361447806399764 0.7148537309746329 29785.93599180752 37.0 -19.290031646090064 1.511549994708254 56602.144 56697.078 7 40 "Covariance may not be accurate."
01261579 40 0.5025855084881954 56631.37793536905 7.216449660063518e-17 1.1074402487578048 0.01264269539955204 0.5588741973786762 29.542176560662483 0.030746230891304936 0.37125478222582436 0.6590286740668483 36589.26090638113 35.0 -20.00420295783709 1.565046828137504 56615.111 56697.079 8 32 "Covariance may not be accurate."
01262214 68 0.4858423465410342 56637.19243237449 2.7755575615628915e-18 0.7102463478414144 0.01728616987714493 0.571081748653985 30.628473280467006 0.032413192656927804 0.3112669591673663 0.5561145891744385 6223.800860340604 63.0 -16.370793909010825 2.1197189098600724 56625.224 56698.051 14 54 "Covariance may not be accurate."
01262715 46 0.49144742337855507 56642.244665311686 1.1102230246251566e-17 1.0089963416823682 0.026128571766775188 0.5640139208617814 30.092918929942243 0.03144740403334509 0.4134652356662532 0.541804235411687 7725.793110600627 41.0 -17.891505026369966 1.6618967356519079 56625.224 56697.09 12 34 "Covariance may not be accurate."
01263369 36 0.4879058946958846 56666.58457333952 1.5543122344752193e-16 0.6500000000003048 0.20435561301384064 0.5656107305905096 29.451451465462014 0.031704460472354826 0.3804533510270198 0.7376069083937324 4320.265826809516 23.0 -20.398142406623503 2.2606619442424893 56645.136 56697.043 16 20 "Covariance may not be accurate."
01263715 35 0.4708265396796948 56666.936820577655 1.9984014443252818e-16 0.6500000000000193 0.587119743232707 0.5550284941490058 28.636574820360693 0.031007542368425095 0.3720905707212521 0.6871255390313342 7219.284024497987 27.0 -19.835051706759415 2.260671382049601 56645.05 56694.039 15 20 "Covariance may not be accurate."
01275946 72 0.47641787191632834 57262.01622264071 1.6930901125533639e-16 1.1149661648045706 0.5182566318178312 0.5536292061127563 25.60205686982954 0.030746232916103396 0.443358976768795 0.7060321135554313 54511.40147593285 67.0 -19.80334595920113 1.558313024450925 57248.373 57329.035 15 57 "Covariance may not be accurate."
01279500 45 0.42723405932095676 57240.14075545301 2.3869795029440865e-16 0.6921581352101268 0.17783266732377956 4.160768681829574e-05 0.22966785152675584 0.0 2.7530119895924354e-05 6.062986297220019e-05 54746.224458525285 34.0 -20.57688898709275 2.1601854929185293 57249.293 57319.287 0 45 "Covariance may not be accurate."
01280217 63 0.4881750841883209 57261.88796186563 4.163336342344337e-17 0.6790354834866748 0.0444211966970145 0.5874399572762576 32.298547866732406 0.035060719848596135 0.4721844946691734 0.5180306806933435 3727.542861683724 58.0 -19.278772879338263 2.190449417527528 57248.388 57329.175 12 51 "Covariance may not be accurate."
01281668 83 0.4815810195501763 57260.40745134764 2.1094237467877976e-16 0.650000000003116 0.9428991128325341 0.5562361277378762 29.60214528834331 0.030889566142113974 0.37067423009841166 0.6994255815145909 8317.981114420276 71.0 -19.253781557602466 2.2606692140590248 57248.373 57342.028 16 67 "Covariance may not be accurate."
01281886 70 0.4797208799881046 57264.00626792357 1.3877787807814457e-17 0.9483629466839646 0.23239875367333973 0.5722277470399466 31.165359863560298 0.03279993516666359 0.42659512501165076 0.6121936776378297 2205.031162888055 57.0 -17.666315409562152 1.7315264403887376 57248.388 57345.234 12 58 "Covariance may not be accurate."
01282736 72 0.4865252577065092 57261.51258670312 2.7755575615628915e-18 0.8028879613385762 0.002107463936210696 0.5800002507795519 31.391423079996457 0.03368550516508229 0.373381653674681 0.5951458298063698 1728.3779567255397 57.0 -16.39870880704985 1.9409656731473852 57249.279 57346.032 11 61 "Covariance may not be accurate."
01283373 61 0.180173365931559 57274.05531603848 7.216449660063518e-17 1.2478426444786601 0.006702581855481005 0.43427895892566143 26.118597099441104 0.030746232490343653 0.3835720436419043 0.6477180037330174 8068.0464135618995 53.0 -17.43687833265651 1.457756821000487 57249.423 57332.081 9 52 "Covariance may not be accurate."
01283878 56 0.4743001537112731 57262.9684693681 1.942890293094024e-16 0.6500239709831669 0.9668254724725707 0.5591714151883023 30.053922811552184 0.031358087940506374 0.37463947934191993 0.531949044164252 1045.7577020974122 43.0 -19.07116598422586 2.2606084664280246 57249.293 57339.187 11 45 "Covariance may not be accurate."
01283936 85 0.4670880644477243 57233.378472425386 2.7755575615628915e-18 1.2207293924683826 0.005645988551841952 0.5743144312611178 26.83778375595284 0.033829146744317376 0.3338368176649737 0.5821022817563545 1236.786827387559 51.0 -16.286891434211572 1.4755567452668537 57248.373 57347.084 0 85 "Covariance may not be accurate."
01285160 72 0.47573135461307803 57239.64086209773 2.7755575615628915e-18 0.6500000000333773 0.10613858181222202 0.5695614068030963 21.724221419292007 0.032585961867237515 0.39102948704635165 0.7201216455851658 3485.2619725787235 33.0 -16.16201032897317 2.2606574689409697 57249.403 57372.178 0 72 "Covariance may not be accurate."
01285317 92 0.48352756405833797 57234.25470510859 2.7755575615628915e-18 0.6500000000805461 0.3663987403167729 0.5899750679436573 25.852419823917444 0.03647993212991523 0.4377626543901188 0.6720108367961033 1608.1792213391234 52.0 -15.696037249187356 2.260666980952287 57248.373 57356.127 0 92 "Covariance may not be accurate."
01286398 52 0.48303179472959024 57266.185773320925 2.414735078559716e-16 0.8149859283414767 0.4984447841955284 0.5641142932876407 30.284086797822965 0.03166899230427169 0.3816828459755184 0.7207173947326602 8017.103712988121 43.0 -20.25773044064154 1.920999670621736 57249.293 57331.145 13 39 "Covariance may not be accurate."
01287626 23 0.08788106922583133 56638.04775802152 3.4416913763379854e-16 0.6654810803313671 0.5590293913556975 0.5152925143383276 26.004038627925183 0.03240593338188617 0.340850984939694 0.7441888206881021 7086.081029634208 15.0 -16.379069040186423 2.222615021669135 56653.047 56697.072 0 23 "Covariance may not be accurate."
01289288 81 0.4463680032312665 57233.6359163754 1.2212453270876723e-16 0.6501578867622397 0.1770044489594773 0.00045148610343223594 0.010471226276422385 0.0 0.0022217589844619745 0.002210835257068916 1704.8597404649145 45.0 -19.96442455466232 2.2602641347065244 57248.373 57347.084 0 81 "Covariance may not be accurate."
01289555 79 0.4851267722664717 57262.22703279168 2.7755575615628915e-18 0.6506332548710716 0.12531458291105824 0.587130174145824 32.459974652421806 0.03527499104612317 0.43262512167871553 0.7254163773844877 1114.231810776555 54.0 -16.17668984689577 2.2590694844277337 57248.388 57365.115 12 67 "Covariance may not be accurate."
01289600 64 0.4654684908609116 57241.08653037423 2.7755575615628915e-18 0.6500000009493118 0.0164310259533485 0.5619736571653682 20.210659621512605 0.03195619968779244 0.3834637043724163 0.6646344746130881 6942.811559870763 29.0 -16.260586975095464 2.2606545206470123 57253.285 57365.221 0 64 "Covariance may not be accurate."
01289656 75 0.35365721569083053 57234.70326358535 4.718447854656916e-17 1.2499979069389036 0.13652529967915877 0.518954132633446 26.83718764936566 0.03178679549072563 0.38094312860432705 0.751365914263641 1001.4135172668382 27.0 -18.416348375699616 1.4563788770542736 57249.423 57355.245 0 75 "Covariance may not be accurate."
01289664 64 0.3600900758505518 57262.8161356424 1.0269562977782698e-16 1.2004788921302367 0.4069199529914949 0.4694981392599073 32.404810657371854 0.043983378583941475 0.3118940336035309 0.6393282767510692 17681.133975623023 51.0 -18.776762166948796 1.4896121139787368 57252.303 57345.234 7 57 "Covariance may not be accurate."
01290779 44 0.4881431522656678 56908.396574139784 0.0 1.2454731812527458 0.5117061549425024 0.0 0.0 0.0 0.0 0.0 0.0 -5.0 inf nan 56887.39 56973.322 12 32 "Hesse Failed. Covariance may not be accurate. Covariance not positive definite."
01290816 40 0.4832369210886296 56891.52559454933 1.9151347174783951e-16 0.7076665843041359 0.511106793425315 0.5550689350832305 28.20816930725414 0.030746330558251104 0.318704769208726 0.7128701947941515 28868.05586988895 35.0 -19.985687326613757 2.1254079545755644 56887.39 56960.278 8 32 "Covariance may not be accurate."
01291080 52 0.48461464294885614 56899.65950872491 2.7755575615628915e-18 0.6979081071836463 0.004421444402649688 0.5586049429023419 29.752518638488255 0.031055847475984385 0.4307431394184278 0.641822831268156 1225.743997328895 47.0 -16.384780172129158 2.147152453295149 56887.268 56973.078 8 44 "Covariance may not be accurate."
01291090 51 0.4694346621401722 56899.53019528487 1.304512053934559e-16 1.2498904685970662 0.0037938711755324817 0.5521035047680161 29.513344736336876 0.03074627891784124 0.3655198512001467 0.6399183801323071 7553.944984580363 42.0 -20.483111744409413 1.4564439031777034 56887.211 56973.028 8 43 "Covariance may not be accurate."
01291794 72 0.08764090159295927 57275.33172915295 1.1934897514720432e-16 1.209642142423307 0.8227127290040536 0.008359204651412863 0.03272524205749505 0.0 0.00046833849365468527 0.0011663533252271874 1391.4027978573226 40.0 -14.709975553874735 1.4831587456451523 57252.289 57356.174 15 57 "Covariance may not be accurate."
01291957 60 0.4640394314998475 56862.18346143666 2.7755575615628915e-18 0.9893213168980084 0.06435465731397966 0.5547442990329157 25.098980307160673 0.03114771574921861 0.4377423483737396 0.7033744398888995 3832.4637887107333 28.0 -16.172383409725107 1.6834156740123092 56877.179 56980.031 0 60 "Covariance may not be accurate."
01292145 73 0.42962186554139375 57277.28325963643 8.326672684688675e-18 0.761437492359893 0.3341209395445601 0.5481726811230277 24.394071771977906 0.03148077759630591 0.353367942455862 0.6636958622052995 650.2776312981647 56.0 -16.641430111966695 2.014959307144686 57252.289 57356.174 18 55 "Covariance may not be accurate."
01292195 81 0.4944527126664811 57235.522275526884 1.942890293094024e-17 1.036641905953788 0.03555215536512052 6.558963520841843e-05 0.001108349722926505 0.0 4.812972704715257e-05 0.01274424389172557 1399.9768861760554 29.0 -18.49948378123258 1.633055916157474 57249.403 57389.163 0 81 "Covariance may not be accurate."
01292332 49 0.466366516453799 56900.825865029474 9.436895709313832e-17 1.242885442595977 0.011333334366510794 0.5545836183382185 29.580205659574858 0.03107027690146654 0.33999396371549423 0.5732636747495151 5433.91492970212 44.0 -20.10249819605287 1.4609497932012019 56890.328 56973.19 5 44 "Covariance may not be accurate."
01292336 49 0.4800917351190851 56900.240330243 1.2767564783189302e-16 1.2255704378123395 0.001174680297310493 0.5544115450283029 29.28611539816484 0.030746326321493885 0.4132309936367781 0.6290662956444762 5443.425822977159 44.0 -20.522365548349935 1.4723088950141907 56890.328 56973.19 5 44 "Covariance may not be accurate."
01292560 48 0.46734966535541206 56896.54911798212 1.6930901125533639e-16 1.1906664021979414 0.06736755217038226 0.5516373070203163 28.69292249918726 0.030746245834228136 0.4372586081339947 0.704900811310091 15354.48738021588 39.0 -20.648949063735007 1.4967109271008354 56890.263 56973.042 3 45 "Covariance may not be accurate."
01293319 57 0.4268640790003277 56908.88995775963 7.216449660063518e-17 1.2253653680164165 0.11847448938112426 0.5417086487028134 28.506417659122235 0.030752754191278035 0.41347573031071944 0.7236621684115714 12635.468655815155 52.0 -19.395043758093692 1.4724489749736236 56887.268 56980.072 12 45 "Covariance may not be accurate."
01293758 35 0.4503415868234229 56887.27895452037 9.992007221626409e-17 0.6500108946958743 4.498773135414025e-05 0.567209547886371 25.329726706240763 0.03357926092490135 0.4041612430517337 0.6120923604533852 10925.549998289662 20.0 -20.091649190757938 2.2606267098150283 56891.384 56980.044 0 35 "Covariance may not be accurate."
01294014 39 0.1568096581397897 56875.399220354535 2.1649348980190555e-16 0.9064840364906457 0.46256031793825336 0.05776538144813336 0.0007463019974238705 0.0 0.0003028978825788675 0.0005108206253527925 2199.784522543284 10.0 -17.41792608692751 1.7858370015296252 56890.386 56990.199 0 39 "Covariance may not be accurate."
01294743 47 0.46665255232195013 56878.890216519656 2.7755575615628915e-18 0.6500000009460165 0.08477835135156109 0.5806815893718577 23.995000973980495 0.0396902847631524 0.47627169497160543 0.7126350031679418 2942.1353810789387 26.0 -16.15090910963792 2.2606566858787964 56890.285 56980.127 0 47 "Covariance may not be accurate."
