analysis_pipeline/fit_results/des_5_salt2_2.4_all.ecsv
# %ECSV 0.9
# ---
# datatype:
# - name: obj_id
#   datatype: string
# - name: num_points
#   datatype: int64
# - name: z
#   datatype: float64
# - name: t0
#   datatype: float64
# - name: x0
#   datatype: float64
# - name: x1
#   datatype: float64
# - name: c
#   datatype: float64
# - name: z_err
#   datatype: float64
# - name: t0_err
#   datatype: float64
# - name: x0_err
#   datatype: float64
# - name: x1_err
#   datatype: float64
# - name: c_err
#   datatype: float64
# - name: chi
#   datatype: float64
# - name: dof
#   datatype: float64
# - name: b_max
#   datatype: float64
# - name: delta_15
#   datatype: float64
# - name: tmin
#   datatype: float64
# - name: tmax
#   datatype: float64
# - name: pre_max
#   datatype: int64
# - name: post_max
#   datatype: int64
# - name: message
#   datatype: string
# schema: astropy-2.0
obj_id num_points z t0 x0 x1 c z_err t0_err x0_err x1_err c_err chi dof b_max delta_15 tmin tmax pre_max post_max message
[from data line 95]
01308568 72 0.542717074594246 57288.29644998339 6.900020923325534e-06 -1.0714752805358745 0.29999277663995644 0.0367383380462441 0.9014977061342506 6.974980897536677e-07 0.982418049710722 0.40044974516270365 47.421693297969156 46.0 -19.106754109630135 1.2469502083427066 57256.269 57379.066 20 52 "Minimization exited successfully."
01308582 57 0.37816559168013764 57287.82199270622 2.4826713571768357e-05 -0.40996073464658833 -0.0727333716410927 0.01893908424186272 0.43070276215075864 9.482776328409437e-07 0.4031650540566527 0.04557481060266576 25.8938755219816 37.0 -19.555191754396056 1.136590629171451 57265.24 57366.076 12 45 "Minimization exited successfully."
01308884 48 0.0750000002484878 57293.48029301299 0.000314647119851999 -1.424404406142515 0.08717544664543075 0.0007395374769845683 0.028496467468357878 1.9525235910353264e-06 0.030073013618011957 0.004569715379100142 259.618673739883 31.0 -18.418453399993727 1.3442490249465742 57276.324 57355.251 14 34 "Minimization exited successfully."
01308957 72 0.5847374435385403 57288.9798131899 6.772713176173006e-06 0.625006983650128 -0.09180777161773482 0.034219368249144955 1.0453727141430136 6.794320139613673e-07 0.8783321211661907 0.07101988695255378 55.03286583154436 49.0 -19.279608584208876 0.9441304900022942 57253.33 57373.057 24 48 "Minimization exited successfully."
01309288 44 0.2604774860598388 56989.714768527185 5.9176190454232616e-05 0.5110732320151996 -0.07652245581250058 0.08414029576666096 0.5966981045130524 3.823529513179157e-06 0.5555987088511032 0.1183654542643743 5.791490071565 22.0 -19.559332490051226 0.9636163436925145 56961.361 57061.067 12 32 "Minimization exited successfully."
01309492 61 0.3311492828889682 56993.01340223498 3.452676716685921e-05 0.17551481255379553 -0.08678274174335696 0.005766872200268447 0.10016779361467343 2.4699116048659887e-07 0.08079821823300781 0.010322104301107804 107.45962236144979 39.0 -19.575847691445816 1.0248332299919127 56963.255 57067.046 20 41 "Minimization exited successfully."
01309749 70 0.7581724695207342 56987.675812315465 5.371460449493659e-06 0.41210536216576266 -0.026756188253949542 0.016967155238869824 0.5058187106515106 1.8809407283659796e-07 0.37274942628380314 0.045990781507125156 38.465517511284915 46.0 -19.718243128506135 0.9790672465362 56949.35 57067.046 24 46 "Minimization exited successfully."
01310338 63 0.4432946899007443 56977.229122099205 1.568650236009328e-05 -0.21249901209303212 0.08159244908411323 0.012485842687849857 0.4472680773724278 3.798394815554551e-07 0.3585961561036821 0.023958389291985682 24.960054537219218 39.0 -19.466211910016916 1.08885937830917 56949.112 57052.042 13 50 "Minimization exited successfully."
01310395 70 0.3259320496126631 56981.02637169666 2.5518842981525627e-05 -0.5486877196493509 0.036214792895143844 0.013415702149806336 0.3016318673144269 5.411874626853882e-07 0.2710318231284037 0.0274658210491312 40.78117313877428 47.0 -19.206728518118343 1.15773297669773 56956.203 57052.042 16 54 "Minimization exited successfully."
01312274 62 0.5873020923785598 56978.78964695646 1.1864187538959682e-05 -1.1169262450407902 -0.17907517611513676 0.018830785353849633 0.6530520729356795 4.5052646153037595e-07 0.4080810286857862 0.02633139242260983 34.15170188840787 43.0 -19.89988743247697 1.2948893916900595 56956.141 57052.1 12 50 "Minimization exited successfully."
01313594 54 0.29124463126205447 57002.39340466239 4.6263880594668576e-05 0.5357348387946681 -0.09538588096380618 0.00818526173314435 0.21596475261685555 6.221073044307406e-07 0.1469636507133676 0.014467986887429535 26.787477161771065 35.0 -19.570586121273003 0.9600373566457563 56973.035 57051.058 19 35 "Minimization exited successfully."
01314897 54 0.3915865884891686 57302.49122838768 2.7601411052802228e-05 1.477186431225892 -0.08883938598194055 5.824671496096334e-06 0.00030376722861547023 8.096037835941823e-07 0.34911299602663703 0.01843754966759885 19.529179602641445 34.0 -19.761313737222686 0.7992894706462437 57273.337 57373.072 19 35 "Covariance may not be accurate."
01315192 38 0.2262556176463837 57008.77133444338 5.4854005929472205e-05 1.0370390409907593 0.12281479666836925 0.008830185306712063 0.1917895245787804 1.592255965641997e-06 0.22386287157191864 0.027905091186379016 28.260717141526662 23.0 -19.130526588881608 0.8653425210268573 56987.193 57052.1 13 25 "Minimization exited successfully."
01315259 44 0.23461033062156794 57004.254118141514 4.7303721524591394e-05 -0.5109295309952033 0.04710482985814718 0.011891281926621505 0.19824597020488 6.323484076808932e-07 0.1483842400078732 0.030084342201153275 19.549864615920647 26.0 -19.056968728030377 1.1494257659618157 56980.181 57049.073 16 28 "Minimization exited successfully."
01315296 53 0.37876359761014283 57004.77804060508 1.0687969247896723e-05 1.6598120063340982 0.10529216979811579 0.22842311619475208 5.394848637704854 5.407564670670271e-07 4.796413665564845 0.48513785071160254 26.761919460989503 34.0 -18.646397709919363 0.763488718953905 56973.183 57049.072 23 30 "Minimization exited successfully."
01316385 32 0.2233836521839685 57020.507255464 0.00018912996964892405 1.8418517590387182 -0.12360591456170844 0.009265322424430816 0.23155045593739487 3.979386990760059e-06 0.22220460167290934 0.023479797216060222 28.202616710288805 14.0 -20.443957443579535 0.7398355003487076 57001.175 57067.046 13 19 "Minimization exited successfully."
01316431 39 0.18245482412424083 57018.64152576127 9.741680590164281e-05 1.1429147220513505 0.001559669990977175 0.004439810161973062 0.09827161159410025 7.945401479803049e-07 0.08997537828244173 0.011260441010219752 44.815466218031574 25.0 -19.229983582146712 0.8520118958956111 57001.16 57052.1 16 23 "Minimization exited successfully."
01316437 49 0.46467291835643326 57010.11238067287 9.053650891738263e-06 -0.4096433132806476 0.1824523367660827 0.026706427217359552 0.819978170646209 4.524215654375106e-07 0.6040697141471312 0.061169889899318014 35.18926413683992 33.0 -18.993045166485174 1.1207590061561596 56980.192 57052.1 19 30 "Minimization exited successfully."
01316465 41 0.32483254178603765 57021.40123822967 2.8744968655336492e-05 0.35686336971736754 0.004761539418996263 0.006155615600033332 0.1020425577989954 2.651289620805842e-07 0.08631004520703578 0.012512422523399902 52.817665632561145 25.0 -19.327938918563945 0.987518792159868 57001.175 57067.046 16 25 "Minimization exited successfully."
01317164 35 0.16107828853111877 57297.11883399246 7.287285941480481e-05 -2.4258156324234186 0.12063720532537903 0.00557327200449631 0.09385604231283651 2.071655697820368e-06 0.16234386524643862 0.030961893458943485 32.42301464828421 15.0 -18.61431854888125 1.6037503602329721 57276.375 57355.165 5 30 "Minimization exited successfully."
01317277 52 0.21882701740711114 57007.263080451754 4.106501563095888e-05 -1.449725897225238 0.11986078654065868 0.013796047942532502 0.2978487926775415 1.2721099112156242e-06 0.26881893616662655 0.04430936074909539 33.67001426615613 33.0 -18.73275662096163 1.3472358885356286 56987.071 57052.042 21 31 "Minimization exited successfully."
01317286 54 0.2862862656213107 57015.419076116385 5.1704116425777e-05 0.7571038543705395 -0.07291688232528282 0.01582815125462439 0.2425511026303866 7.07449540056359e-07 0.14653661333418366 0.01676612475638002 31.389489078172595 35.0 -19.64831988563719 0.9203367052361422 56987.071 57052.042 30 24 "Minimization exited successfully."
01317454 39 0.6607935937045796 57016.61503696804 7.982293143588004e-06 -0.4377373569204468 -0.07393709630451636 0.035240845109189234 0.7610292829122045 3.3907855438858376e-07 0.5884482398868904 0.041173669783996086 20.110907145302882 24.0 -19.781215611296247 1.1422383796656987 56987.028 57051.043 22 17 "Minimization exited successfully."
01317666 47 0.15111136889143517 57301.46106644324 0.00011061025916272172 -0.1726440669824325 0.09486340633228485 0.005815239123171417 0.09067073465121211 2.2042831096941162e-06 0.09325036570402556 0.014307249191943566 10.823658073296656 29.0 -18.915806105412106 1.080496457411062 57273.339 57356.106 17 30 "Minimization exited successfully."
01319366 65 0.3363441455063938 57305.287035271234 6.726771159403789e-05 1.570043154025699 -0.12927760039489214 3.2296182533864126e-06 4.895652091363445e-05 7.297968067948606e-07 0.1776249923916513 0.009254535097235228 50.68835548786192 42.0 -20.341190640157052 0.7850610465107231 57276.312 57372.107 30 35 "Covariance may not be accurate."
01319821 49 0.29376458246096177 57020.34696960197 3.220836633341384e-05 -0.5020601866604979 -0.060451766328707524 0.017181256313930388 0.2612505570468784 6.214742733726124e-07 0.2077688446514352 0.022537571099493517 27.395309140339982 31.0 -19.198016645499656 1.1544092876983854 56992.123 57067.103 18 31 "Minimization exited successfully."
01320166 39 0.5550146861033914 57022.46951614561 1.19204997175687e-05 0.020077297978623676 -0.16038732460617594 0.023884331337674758 0.4774535192991607 4.826764467155691e-07 0.43797770469925634 0.03623475659423346 20.26120341177562 25.0 -19.75627780933729 1.0575474084489187 56991.108 57049.049 20 19 "Minimization exited successfully."
01322229 29 0.5651198890754444 57034.16492507069 1.0264598476200648e-05 0.830651083217345 -0.045058409774467456 0.03439457265959506 0.848806169393356 3.1832292981537386e-07 0.6361633723342179 0.07095575478333405 12.290641545938817 17.0 -19.64089591214181 0.9065793601589647 57001.05 57052.048 20 9 "Minimization exited successfully."
01322979 35 0.536381348610134 57039.30122796531 1.040028988547881e-05 0.20914469145585635 -0.08819070344407934 0.02172181199145473 0.30624710825577495 1.1662509819265771e-07 0.24438042064107623 0.038970332591355586 21.144750718752327 20.0 -19.517605345455962 1.018698565949947 57008.04 57067.047 20 15 "Minimization exited successfully."
01324542 38 0.7245893287449328 57045.02287658076 7.7295424497692e-06 -0.7461588896825089 -0.2545159826529524 0.016440402537541643 0.6516518951611943 3.2668714102512853e-07 0.31869399973944645 0.022036247074209203 30.0423692166557 23.0 -19.99466185799031 1.2177273097529024 57011.085 57067.103 23 15 "Minimization exited successfully."
01325358 32 0.7493476746011106 57047.57832234089 4.694089182002981e-06 -0.023013229962113968 0.015717443627038974 0.017457254693051927 0.8936927687100251 1.7183712234802887e-07 0.5916150820644943 0.06865539242921112 20.229007191764666 20.0 -19.540256862141035 1.0566176398754905 57005.241 57066.064 26 6 "Minimization exited successfully."
01327978 54 0.26645310118541254 57307.98381322092 6.736440847362745e-05 0.08882984936943927 -0.03841215818974403 0.028332768100782307 0.5007952436280902 2.48246178708445e-06 0.5639052830448676 0.04746906431122784 10.008931512108745 30.0 -19.755858232176095 1.0385240211035196 57283.129 57373.043 28 26 "Minimization exited successfully."
01328066 81 0.46797429288419845 57298.64279250383 1.7564766698985326e-05 0.6545249857479423 -0.11977058302294216 0.5517840532702945 79.92276297324133 0.03034864131583049 3.703954791033597 0.3882572676244132 51.28727636416062 54.0 -19.730590962696784 0.9400708913386246 57273.093 57379.051 23 58 "Covariance may not be accurate."
01328105 84 0.465276586633058 57302.7802830795 1.7343055522645034e-05 -0.04824264682396073 -0.06654306511196303 0.0002563412880565996 0.005319267576851416 6.641270819257583e-07 0.4574716031728907 0.02650220310258744 49.48315135497904 56.0 -19.700748305584423 1.0657273880819318 57273.093 57386.049 26 58 "Covariance may not be accurate. Covariance not positive definite. Covariance forced positive definite."
01329166 71 0.6161584283987647 57306.69328639331 4.502373609543975e-06 -0.07812027835679869 0.034874651065055606 0.029048225266735894 0.7068341592384968 1.4605748386020706e-07 0.3758011569255708 0.04569394204081284 42.54360919562802 49.0 -18.973932335259413 1.0659564788975757 57268.251 57402.11 23 48 "Minimization exited successfully."
01329196 82 0.7573700660740126 57308.592336825306 4.752590803477897e-06 0.3326353541603715 0.014796201808169096 0.014215317064785071 0.5131095644574089 1.4109178181065368e-07 0.29373927894929364 0.05523516915068488 65.55542235532798 57.0 -19.58244048144624 0.991399511162868 57266.247 57406.112 24 58 "Minimization exited successfully."
01329312 59 0.33729166781849296 57309.69048108125 2.0818604679159747e-05 -1.4347543281370554 -0.03733081954091316 0.016404835506721505 0.4175545793477795 7.335620495513294e-07 0.3508201231584468 0.03745352995193507 20.756092339608525 39.0 -19.07194877881094 1.3577534767123396 57283.189 57389.086 17 42 "Minimization exited successfully."
01329615 66 0.3962454659572903 57304.87795691181 1.527702002960263e-05 -0.5383199588564849 0.023928595043077483 0.024160022743269005 0.8619205463910475 6.69358482333071e-07 0.579209936719385 0.0793723832745363 29.792512276009653 45.0 -19.147471239239692 1.1564287140040648 57278.298 57385.114 22 44 "Minimization exited successfully."
01330031 66 0.14709837834753436 57315.68508521426 0.0003802429040859812 0.4275856732527932 -0.1236786010942115 1.0973555189530693e-08 9.495270205661654e-07 1.323193091128089e-06 0.021326953077100086 0.0029901704579740895 514.485491230387 34.0 -20.19310606213856 0.98056297096349 57290.065 57376.047 30 36 "Covariance may not be accurate."
01330426 66 0.2737620027624905 57315.7582533027 6.703634831736195e-05 1.2676480668064816 -0.11382037037241238 0.005816335573605502 0.10696996241313173 6.298262188411633e-07 0.08565879486309225 0.010047299597894063 249.7835516792407 44.0 -19.81949485500818 0.8349624247848197 57288.21 57387.185 15 51 "Minimization exited successfully."
01330642 68 0.7163262099830945 57318.41508653555 8.262287764673748e-06 0.8468919751304362 -0.16400172801968135 0.013788477740893146 0.4607685862138169 2.1492779532367202e-07 0.24683045322451336 0.01727054397225644 38.73777140345214 46.0 -20.03566515174008 0.9082256148428662 57283.189 57406.1 25 43 "Minimization exited successfully."
01330903 79 0.6403531549650348 57307.0954885518 7.860712170837393e-06 0.18739059939872282 -0.02064357924667931 1.8603212161294458e-06 9.652949302108027e-05 7.457662197581095e-06 3.717907719083512 0.422626711842075 38.43456148921372 53.0 -19.68123563846893 1.0194449635465013 57276.312 57396.103 30 49 "Covariance may not be accurate."
01331123 66 0.21566360406383778 57318.26493048349 4.654379267723108e-05 -1.5836402141822155 0.039053655111312924 3.35352248667653e-06 0.00048498686373932287 7.956543976270207e-07 0.16294254226875005 0.015178244937041924 58.8830171253386 44.0 -18.832344166559707 1.3867950618408145 57297.03 57386.049 24 42 "Covariance may not be accurate."
01331993 64 0.5942524397928185 57325.84120612626 4.84179319432676e-06 0.35198214826498964 0.04541647316241054 0.027142184047644846 0.7235808535770047 1.8568739502677883e-07 0.4357724320793248 0.05759162458969272 59.33029711125532 45.0 -18.95739214936949 0.9865016980712724 57291.17 57408.04 23 41 "Minimization exited successfully."
01332059 71 0.5694416267337017 57324.44250198786 9.099537825257854e-06 0.11628263800378491 -0.17737640915610778 0.03705518392896329 0.8031070036995516 5.823772098845213e-07 0.5738534868212295 0.04852656451099867 34.172064362270646 47.0 -19.531052476107256 1.0402073584786997 57288.199 57403.103 29 42 "Minimization exited successfully."
01332413 69 0.6067960731215661 57325.431824542735 8.496969369356511e-06 1.2849193924265974 -0.14236876993109543 0.027777603731867828 0.670722361177468 4.3784121839945955e-07 0.5112205397411285 0.03531843464489946 48.25959120407744 47.0 -19.62499741667984 0.8329684776919386 57297.151 57403.064 24 45 "Minimization exited successfully."
