analysis_pipeline/fit_results/des_4_sn91bg_color_interpolation_red.ecsv
# %ECSV 0.9
# ---
# datatype:
# - name: obj_id
#   datatype: string
# - name: num_points
#   datatype: int64
# - name: z
#   datatype: float64
# - name: t0
#   datatype: float64
# - name: x0
#   datatype: float64
# - name: x1
#   datatype: float64
# - name: c
#   datatype: float64
# - name: z_err
#   datatype: float64
# - name: t0_err
#   datatype: float64
# - name: x0_err
#   datatype: float64
# - name: x1_err
#   datatype: float64
# - name: c_err
#   datatype: float64
# - name: chi
#   datatype: float64
# - name: dof
#   datatype: float64
# - name: b_max
#   datatype: float64
# - name: delta_15
#   datatype: float64
# - name: tmin
#   datatype: float64
# - name: tmax
#   datatype: float64
# - name: pre_max
#   datatype: int64
# - name: post_max
#   datatype: int64
# - name: message
#   datatype: string
# schema: astropy-2.0
obj_id num_points z t0 x0 x1 c z_err t0_err x0_err x1_err c_err chi dof b_max delta_15 tmin tmax pre_max post_max message
[from data line 112]
01316437 11 0.455 57008.43874526182 2.7755575615628915e-18 0.6500000000444832 0.003968177620698898 0.0 61.95371975798116 0.03099162186129499 0.3718973110525144 0.6404635202315399 155.07730400951874 7.0 -16.221412184509038 2.2623392662564505 56980.2 57045.113 4 7 "Covariance may not be accurate."
01316465 21 0.455 57018.23147074952 1.4432899320127036e-16 0.6894216092253377 0.4949353128165484 0.0 55.152980589595245 0.03074623056796926 0.3026300264422568 0.709192980980759 13443.383581241113 17.0 -19.551992171664104 2.167969340601573 57001.199 57067.046 7 14 "Covariance may not be accurate."
01317164 21 0.455 57304.866557196634 9.992007221626409e-17 0.7415743926240574 0.23059392346293028 0.0 0.13319534459151328 1.387778780781447e-18 0.013057992911010119 0.003221588717462698 203.81472093805291 17.0 -19.67629971341648 2.055103078523821 57276.375 57355.165 7 14 "Covariance may not be accurate."
01317277 27 0.455 57028.64604487633 5.551115123125783e-18 0.8228595606666423 0.0011747215513188691 0.0 59.33762539440431 0.030892680368082882 0.4452995630749138 0.6002427110979532 1155.0395648640626 23.0 -16.978403528389034 1.9093641810632 56987.075 57052.042 19 8 "Covariance may not be accurate."
01317286 27 0.455 57027.8451994164 2.7755575615628915e-18 1.126619157559446 0.04894757537931543 0.0 59.90207666556307 0.03129207490831816 0.3607876017196952 0.5128967720907167 8775.154230270233 23.0 -16.14771442358445 1.548615770585375 56987.075 57052.042 19 8 "Covariance may not be accurate."
01317454 10 0.455 57050.97691664447 5.551115123125783e-18 0.6500075709613765 0.00021677718248108713 0.0 49.720315950908116 0.030860080658970827 0.3694163769233294 0.608680837295267 389.83386479165875 6.0 -16.979913599942325 2.2623201104218573 56987.035 57051.043 9 1 "Covariance may not be accurate."
01317666 25 0.455 57298.63960110069 2.4424906541753446e-16 1.0977193249352715 0.5000533384221932 0.0 68.76949995436007 0.03713380643678054 0.37590559466032775 0.7499185863242409 4639.019955333111 21.0 -20.110661941638234 1.5745153296372152 57273.339 57356.034 10 15 "Covariance may not be accurate."
01319366 35 0.455 57306.45897276363 8.326672684688675e-18 1.0879993753103194 0.5120506576245957 0.0 1.0108861005865037 0.0 0.00015850899055491752 0.0002973348854840574 5592.915127232613 31.0 -16.423194290871386 1.5835545137844846 57276.314 57372.107 16 19 "Covariance may not be accurate."
01319821 26 0.455 57011.351930058394 2.7755575615628915e-18 0.8331934224064318 0.5103461275649814 0.0 11.497819968899421 0.0 0.0002017597846107888 0.0003663004746507492 2583.660574011627 22.0 -15.233120249125886 1.8931022674575892 56992.127 57067.103 8 18 "Covariance may not be accurate."
01320166 9 0.455 57020.81888975021 5.551115123125783e-18 0.6500014519845771 0.00038018719222282504 0.0 53.48335759252586 0.030885524286463965 0.37102195282925665 0.606635138000775 346.266821143347 5.0 -16.97965611910945 2.262335512894314 56991.115 57049.049 5 4 "Covariance may not be accurate."
01322229 7 0.455 57026.1268560347 2.7755575615628915e-18 0.650000000002196 0.056244792925449594 0.0 50.83784695466238 0.03373315626811123 0.40479843141001187 0.6989317325357618 551.182477828777 3.0 -16.1352717757401 2.2623408458773113 57001.098 57052.048 4 3 "Covariance may not be accurate."
01322979 10 0.455 57037.64868849203 1.3877787807814457e-17 0.65011355694895 0.4953904034860931 0.0 53.987876287152176 0.030855086938803823 0.3667391564984878 0.7106614077152504 1464.8243470641169 6.0 -17.008296307315344 2.262070560050578 57008.065 57067.047 5 5 "Covariance may not be accurate."
01324542 10 0.455 57054.889315095206 0.0 0.8577139402738981 0.5000326823943295 0.0 0.0 0.0 0.0 0.0 210.3520884455812 6.0 inf nan 57011.092 57067.103 7 3 "Hesse Failed. Covariance may not be accurate. Covariance not positive definite."
01325358 0 0.7793 nan nan nan nan 0.005 nan nan nan nan nan nan nan nan nan nan 0 0 "Empty table passed to fit_lc."
01327978 32 0.455 57301.18836128189 1.1934897514720432e-16 1.2499306733396902 0.4816351092403523 0.0 68.76496155192217 0.031409872066827174 0.3716522224240642 0.7134655450785395 68.15793408345759 28.0 -19.377671902804682 1.4568372138550885 57283.133 57373.043 14 18 "Covariance may not be accurate."
01328066 22 0.455 57315.835189699115 5.551115123125783e-18 0.6500250925204372 0.0006622986410774745 0.0 85.4685815966659 0.030886415256566303 0.36898488803238805 0.6039482875781275 197.48518932033937 18.0 -16.979211459939606 2.2622760325495648 57273.1 57379.051 11 11 "Covariance may not be accurate."
01328105 23 0.455 57303.4539091314 6.383782391594651e-17 0.6884784204344518 0.5150993880602773 0.0 1.5207145525127999 0.0 5.3535254140646416e-05 0.000180289749187601 118.80109885429792 19.0 -18.629812369608096 2.1701338083770594 57273.1 57386.049 8 15 "Covariance may not be accurate."
01329166 0 0.7316 nan nan nan nan 0.005 nan nan nan nan nan nan nan nan nan nan 0 0 "Empty table passed to fit_lc."
01329196 0 0.7693 nan nan nan nan 0.005 nan nan nan nan nan nan nan nan nan nan 0 0 "Empty table passed to fit_lc."
01329312 15 0.455 57292.05697097044 5.551115123125783e-18 1.2123764810051116 0.49179112811387227 0.0 72.28783433510034 0.030986735615748127 0.30075539310162086 0.711386335381643 242.55050231422882 11.0 -16.02221331781036 1.4817040533683645 57283.215 57387.044 3 12 "Covariance may not be accurate."
01329615 16 0.455 57306.75404359008 2.7755575615628915e-18 1.153318350129595 0.5088931290609805 0.0 5.41480907215373 0.0 0.0006506159348655949 0.001503654867528459 160.6748907711244 12.0 -15.2354411000296 1.5261538315380676 57278.306 57385.114 5 11 "Covariance may not be accurate."
01330031 26 0.455 57304.37170493748 7.549516567451065e-16 0.6689068870063009 0.5089852425699207 0.0 64.90494151414532 0.030756863759690358 0.4088575946090393 0.712539378932959 27091.343333403347 22.0 -21.321716299167374 2.2159930672317536 57290.065 57376.044 9 17 "Covariance may not be accurate."
01330426 34 0.455 57336.12260351445 7.216449660063518e-17 0.9806409133036846 0.013030247448119314 0.0 0.0029593038561870344 0.0 1.420729662493514e-05 0.16217113789081697 11992.67534546647 30.0 -19.744394666570393 1.6939429058236222 57288.215 57387.185 16 18 "Covariance may not be accurate."
01330642 17 0.455 57326.72937704797 1.665334536937735e-17 0.8738690449726151 0.5001655778742813 0.0 107.74403953713045 0.0 0.00033664941009248217 0.004141246913262869 966.5523126631732 13.0 -17.194656630328677 1.8323591147961373 57283.215 57402.062 8 9 "Covariance may not be accurate. Covariance not positive definite. Covariance forced positive definite."
01330903 21 0.455 57308.73001146447 2.7755575615628915e-18 0.6569748479450194 0.5110767070970742 0.0 99.06862261365313 0.031108504832506996 0.3992334419023291 0.7175016774374013 132.5187638934443 17.0 -15.231951215597626 2.2449797729786276 57276.317 57396.103 8 13 "Covariance may not be accurate."
01331123 34 0.455 57348.57441107214 5.551115123125783e-18 0.6500005890972592 0.001158783641752259 0.0 76.54664680371934 0.030846708252742903 0.37041202213454827 0.6003443601451246 2742.8025122006766 30.0 -16.978428466099807 2.2623377058392364 57297.034 57386.049 22 12 "Covariance may not be accurate."
01331993 0 0.7196 nan nan nan nan 0.005 nan nan nan nan nan nan nan nan nan nan 0 0 "Empty table passed to fit_lc."
01332059 19 0.455 57325.51770062011 0.0 1.052287076993276 0.5144148295027647 0.0 0.0 0.0 0.0 0.0 287.01542340224745 15.0 inf nan 57288.203 57403.103 9 10 "Hesse Failed. Covariance may not be accurate. Covariance not positive definite."
01332413 17 0.455 57337.266974986094 0.0 0.6514692480462774 0.5152547167085381 0.0 0.0 0.0 0.0 0.0 386.0946812584302 13.0 inf nan 57297.151 57403.061 8 9 "Hesse Failed. Covariance may not be accurate. Covariance not positive definite."
01333246 16 0.455 57337.67753803459 8.326672684688675e-18 1.1491919610789147 1.5198488947931743e-06 0.0 83.07567102725079 0.030847072176050937 0.44156376542437964 0.6144055928572878 64.65679411936264 12.0 -17.420480968161513 1.5295183897510967 57299.227 57403.103 7 9 "Covariance may not be accurate."
01333438 9 0.455 57336.91165427637 8.326672684688675e-18 1.1643689664888597 0.3598527598011406 0.0 86.74408173264965 0.031317536656969056 0.4454416349620509 0.6697223466497876 14.795501237413905 5.0 -16.74294715001745 1.5172757503447194 57311.292 57406.124 3 6 "Covariance may not be accurate."
01334084 11 0.455 57345.54785369577 1.8873791418627663e-16 0.6500252495861507 0.00535533803708671 0.0 70.54509093099114 0.03583702916107381 0.42810463290789874 0.6444006753648485 540.3562987588716 7.0 -20.80048482528138 2.2622757679355487 57315.21 57396.101 5 6 "Covariance may not be accurate."
01334087 15 0.455 57328.53028505896 6.938893903907228e-17 1.24580547788614 0.47854870980981284 0.0 69.31896433858128 0.03118402936884912 0.38902375468557554 0.7102343578216845 171.37191954799772 11.0 -18.796147475060135 1.4594874462940588 57311.299 57403.103 5 10 "Covariance may not be accurate."
01334302 19 0.455 57313.46080333431 2.7755575615628914e-17 0.6500021335030477 0.23942504322697916 0.0 0.11170622932695551 1.3877787807814454e-18 8.027798384380169e-07 0.5914574735550734 155.9731523336598 15.0 -18.26443938330741 2.262343908061208 57301.038 57407.048 3 16 "Covariance may not be accurate."
01334423 14 0.455 57330.66988042198 3.608224830031759e-17 0.7568088587011711 0.03826761009804647 0.0 81.93204195822182 0.0309123695067193 0.3518383017284485 0.5276811488523873 107.43057271917496 10.0 -18.950530028228496 2.0250537462010705 57312.145 57408.057 4 10 "Covariance may not be accurate."
01334448 16 0.455 57326.86467425355 8.326672684688675e-18 1.1734261141956863 9.920849944888843e-07 0.0 77.21586071981073 0.030831808166813694 0.435586397062591 0.6164431948107125 18.08140365309002 12.0 -17.420481796350334 1.5101816167542061 57301.286 57402.056 6 10 "Covariance may not be accurate."
01334470 15 0.455 57318.17540944211 2.7755575615628915e-18 0.6500000000000001 0.0038064305022548206 0.0 69.8321567667299 0.031045129803032086 0.3725415749912843 0.6399581080287853 266.56553248183036 11.0 -16.221668379477247 2.2623392618550966 57305.286 57402.056 3 12 "Covariance may not be accurate."
01334597 23 0.455 57349.051005538306 1.1102230246251565e-16 0.6501251890849542 0.4359377912492862 0.0 0.03724701888131676 0.0 0.00012424745043593255 0.0002482088158871354 8130.958467352651 19.0 -19.40247341345917 2.2620392080123075 57316.101 57403.073 10 13 "Covariance may not be accurate."
01334620 29 0.455 57318.563714291566 3.053113317719181e-17 0.9296015264654371 0.3019032786455327 0.0 0.2308790963688807 1.387778780781447e-18 0.018200416891743787 0.0011887418407604544 1050.7896066261085 25.0 -18.25710789912621 1.7560601593084684 57311.284 57403.064 4 25 "Covariance may not be accurate."
01334644 27 0.455 57346.76691583214 2.7755575615628915e-18 0.6500000000022684 0.00023574455780966952 0.0 75.3948166761038 0.030942010273060143 0.3713036340170422 0.6084112431723723 1138.860920335189 23.0 -16.22730872749517 2.26233916275471 57311.284 57403.064 13 14 "Covariance may not be accurate."
01334645 28 0.455 57341.51504513567 2.248201624865942e-16 0.6500000185336838 0.500131243177602 0.0 40.64908098160231 0.0 1.52934785946357e-08 2.118872025919094e-05 3778.572713708802 24.0 -20.02054494284853 2.2623564198217814 57311.284 57403.064 12 16 "Covariance may not be accurate. Covariance not positive definite. Covariance forced positive definite."
01334707 0 0.6488 nan nan nan nan 0.001 nan nan nan nan nan nan nan nan nan nan 0 0 "Empty table passed to fit_lc."
01334879 17 0.455 57336.76072938333 2.7755575615628915e-18 0.6500000021584563 0.49997237904261377 0.0 76.2445969568289 0.02524915361307118 0.3029934176770141 0.7103615322995602 1219.3909717273602 13.0 -15.249607384948025 2.2623564594781698 57304.304 57426.068 5 12 "Covariance may not be accurate."
01335472 15 0.455 57344.53321225883 0.0 0.65001370486534 0.5001699040621072 0.0 0.0 0.0 0.0 0.0 499.4033034283317 11.0 inf nan 57311.027 57403.05 7 8 "Hesse Failed. Covariance may not be accurate. Covariance not positive definite."
01335564 14 0.455 57362.35442825624 5.551115123125783e-18 0.6500266229601371 0.4977595543117186 0.0 92.74970909732656 0.03088975485548868 0.36897476622194103 0.711653799542749 129.45569314209777 10.0 -16.007636772596985 2.2622893806662994 57311.287 57427.065 7 7 "Covariance may not be accurate."
01335694 20 0.455 57342.964878515355 5.551115123125783e-18 1.245410963299364 0.4877430353572838 0.0 54.77316005839748 0.04484112102370687 0.5556052654052346 0.7074874089574217 6642.122383488813 16.0 -16.03198957159814 1.4597419513389411 57325.216 57408.058 8 12 "Covariance may not be accurate."
01335717 25 0.455 57342.50198982241 5.273559366969494e-17 1.230245460910551 0.07754871169013045 0.0 64.54261301144652 0.030824315057991512 0.3193689895564878 0.7114807945629003 1444.8087936533009 21.0 -19.294992770593236 1.4696263182297322 57327.096 57406.115 6 19 "Covariance may not be accurate."
01335718 0 0.6993 nan nan nan nan 0.005 nan nan nan nan nan nan nan nan nan nan 0 0 "Empty table passed to fit_lc."
01335868 16 0.455 57374.27311378867 2.7755575615628915e-18 1.216217010184399 0.021513411483136846 0.0 98.58361070110186 0.03682179312444597 0.49493757179161696 0.5489359992547196 283.7190959769135 12.0 -16.193256806945442 1.4790518806703048 57315.236 57425.154 9 7 "Covariance may not be accurate."
01336008 13 0.455 57374.795329154855 2.7755575615628915e-18 0.6500000000000022 9.361170544286423e-08 0.0 69.42258149815461 0.031139456307244524 0.37367354177149603 0.6147958839497912 783.1845230255051 9.0 -16.227679939155365 2.262339156256676 57325.017 57403.052 9 4 "Covariance may not be accurate."
01336009 13 0.455 57375.04198066802 2.7755575615628915e-18 0.6500000000000004 7.276737284955814e-08 0.0 69.32919543846947 0.03107780517293894 0.37293373037255345 0.6148111219055843 467.9530596124494 9.0 -16.22767997198501 2.2623391562561075 57325.016 57403.052 9 4 "Covariance may not be accurate."
01336453 20 0.455 57314.18634128903 2.609024107869118e-16 1.247186534840588 0.49955308293383466 0.0 55.38945679934841 0.031448711615713894 0.38555398119478984 0.7186374029680924 6062.556655524232 16.0 -20.18346277785501 1.4585991756685033 57329.173 57403.103 0 20 "Covariance may not be accurate."
01336480 21 0.455 57310.11605151151 2.3869795029440865e-16 0.6641051181974758 0.4385017497990714 0.0 0.00014149009075481445 1.3877787807814407e-18 4.109826049708554e-05 0.3132294842775214 784.0962553765218 17.0 -20.228025602283594 2.227551419762264 57325.115 57403.103 0 21 "Covariance may not be accurate."
01336687 22 0.455 57376.4574705483 2.7755575615628915e-18 0.6500000000002063 5.403691859140469e-06 0.0 71.22632184498434 0.03327046024340412 0.3992453608774713 0.6159014249437027 5968.630088489215 18.0 -16.227671575792677 2.262339156402664 57327.067 57403.064 14 8 "Covariance may not be accurate."
01337117 12 0.455 57374.869933562666 2.7755575615628915e-18 0.6500000000001167 0.0024202530216859697 0.0 66.17777848499463 0.031037691718567753 0.37245221117847227 0.6350418223053292 641.1337230354231 8.0 -16.223861502258266 2.2623392232628774 57329.035 57403.051 8 4 "Covariance may not be accurate."
01337221 0 0.6688 nan nan nan nan 0.005 nan nan nan nan nan nan nan nan nan nan 0 0 "Empty table passed to fit_lc."
01337228 14 0.455 57334.854331030976 2.7755575615628915e-18 0.6501110358944237 0.2296987500395979 0.0 60.89994348162145 0.030879157357102803 0.36706258637802586 0.6148493590180869 125.03630304813775 10.0 -15.787659768246346 2.262069285143806 57325.03 57407.048 3 11 "Covariance may not be accurate."
01337272 12 0.455 57380.22665762086 2.7755575615628915e-18 0.6500000000000038 1.1202592353765084e-08 0.0 85.8396255527623 0.031035225198987226 0.37242272122570586 0.6148800996854754 175.57026695955676 8.0 -16.227680068949 2.2623391562543915 57325.075 57427.057 8 4 "Covariance may not be accurate."
