analysis_pipeline/fit_results/des_5_sn91bg_color_interpolation_blue.ecsv
# %ECSV 0.9
# ---
# datatype:
# - {name: obj_id, datatype: string}
# - {name: num_points, datatype: int64}
# - {name: z, datatype: float64}
# - {name: t0, datatype: float64}
# - {name: x0, datatype: float64}
# - {name: x1, datatype: float64}
# - {name: c, datatype: float64}
# - {name: z_err, datatype: float64}
# - {name: t0_err, datatype: float64}
# - {name: x0_err, datatype: float64}
# - {name: x1_err, datatype: float64}
# - {name: c_err, datatype: float64}
# - {name: chi, datatype: float64}
# - {name: dof, datatype: float64}
# - {name: b_max, datatype: float64}
# - {name: delta_15, datatype: float64}
# - {name: tmin, datatype: float64}
# - {name: tmax, datatype: float64}
# - {name: pre_max, datatype: int64}
# - {name: post_max, datatype: int64}
# - {name: message, datatype: string}
# schema: astropy-2.0
obj_id num_points z t0 x0 x1 c z_err t0_err x0_err x1_err c_err chi dof b_max delta_15 tmin tmax pre_max post_max message
01248677 30 0.4663589989768299 56523.34346595416 2.1094237467877976e-16 1.1226152716311573 0.06156110604148973 0.6347773776999981 23.918107664267154 0.03074623940066675 0.4429093174826348 0.5003517946068857 23083.426272621524 25.0 -20.892228670356637 1.5521090490386094 56538.34 56629.123 0 30 "Covariance may not be accurate."
01250017 16 0.7217939352142657 56519.23508478674 3.655409308578328e-15 1.06898231658711 0.5000501645811771 0.0038729199807212566 0.0003503985681163613 6.938893903907228e-18 0.0006807163994240195 0.0004986295124395357 8987.716806047725 11.0 -24.26493085643573 1.6016634660703062 56534.235 56616.075 0 16 "Covariance may not be accurate."
01253039 18 0.4978854406604225 56532.30512783974 7.771561172376097e-17 0.7076674700277177 0.5000330117351416 0.00013528788920794121 0.00032786890005809255 1.387778780781447e-18 4.7732709070213986e-05 0.746998344002674 1133.3306285838303 13.0 -19.102008454822553 2.1268711171705803 56547.272 56653.09 0 18 "Covariance may not be accurate. Covariance not positive definite. Covariance forced positive definite."
01253101 18 0.7662817387956962 56528.09555489169 1.4432899320127036e-16 1.1856746431744436 0.5001447285545032 0.6503449475784112 24.4524353116758 0.030765105005541644 0.32384224140156775 0.7106431522668313 733.6305737874168 13.0 -20.915751495957387 1.5008914714803616 56543.096 56657.05 0 18 "Covariance may not be accurate."
01253920 15 0.76587440073435 56552.13196271658 1.870725796493389e-15 0.6500046844993939 0.5000004108729651 0.023604545833270985 0.36814992755898857 1.7208456881689924e-16 6.340927765652316e-05 1.7686333866701043e-05 7255.404177655651 10.0 -23.69619660440891 2.262344677471745 56559.193 56649.168 0 15 "Covariance may not be accurate. Covariance not positive definite. Covariance forced positive definite."
01255502 10 0.8027223370608012 56558.405131203006 1.0441647546599599e-14 1.0073811424000887 0.6079859474270313 0.6804577995849808 24.99499417082552 0.03270839246846664 0.410701348381775 0.7587515329214799 1936.9227016930506 5.0 -25.504021369485145 1.6643332141284475 56579.125 56653.072 0 10 "Covariance may not be accurate."
01257366 8 0.6098706254783915 56601.20045081017 2.9587443606260424e-15 0.7000597359233356 0.5000538616072555 0.019250258035906354 0.07388630550121889 5.662137425588298e-16 0.018155007421169544 0.11518245430880783 117.70720597910477 3.0 -23.587239520195816 2.1438228293032395 56590.343 56675.102 1 7 "Covariance may not be accurate. Covariance not positive definite. Covariance forced positive definite."
01257695 11 0.7729123120578112 56575.02579542165 4.182765245275278e-15 0.8603739134954352 0.5009319803374404 0.004934788009688218 0.00019694519869517535 2.775557561563128e-18 0.0003767176720229637 0.0005116937446555947 6840.581673190915 6.0 -24.59285466446788 1.8519947839894293 56590.027 56675.074 0 11 "Covariance may not be accurate."
01258906 28 0.7082682015116322 56579.01556839925 2.0816681711721685e-16 1.0778413124752477 0.5006906174949202 0.02976066794763732 9.733416663948447e-05 0.0 7.277488328483184e-05 0.0001324764447814819 1683.3770085207657 23.0 -21.102114264609096 1.5931616153795503 56594.015 56695.035 0 28 "Covariance may not be accurate."
01258940 35 0.5145596167668225 56575.32802255284 5.551115123125783e-18 1.0220612871000168 0.024134696503928632 0.649858801250695 25.28905325792948 0.031171902509301772 0.44336113831243823 0.5448081090470926 1360.9174890380268 30.0 -17.26237257583035 1.6487492307146425 56590.313 56697.041 0 35 "Covariance may not be accurate."
01259412 11 0.6290313228265618 56614.18434564423 7.799316747991725e-16 0.6880173918904402 0.1352071348834104 5.267136268305439e-06 0.00023827840414014645 1.3877787807814654e-18 1.8773202397071032e-06 0.03257197995802605 1570.9001293524375 6.0 -22.962770938311163 2.171181380006562 56603.052 56693.052 1 10 "Covariance may not be accurate."
01261579 10 0.6301855229229854 56616.69381139974 9.103828801926285e-16 0.6500000006528265 0.39142424405774745 4.640584364501432e-06 0.0002236888940387871 1.3877787807813668e-18 2.2469326399487954e-10 0.005558376047382019 7031.212820621534 5.0 -22.634232285327155 2.2623529195243783 56616.087 56693.049 1 9 "Covariance may not be accurate."
01262214 23 0.582005118489038 56610.22612971328 1.0824674490095277e-16 0.9703816809057446 0.9998120088942904 0.000124499214816165 7.322048986679874e-05 0.0 7.494288373799396e-05 0.0012695369385667954 1710.4272414841344 18.0 -18.89423476803032 1.7058138017941396 56625.281 56698.051 0 23 "Covariance may not be accurate."
01262715 25 0.4983841018474404 56610.23376539641 0.0 0.9865801936283405 0.500167248759894 0.0 0.0 0.0 0.0 0.0 3004.64329878726 20.0 inf nan 56625.228 56697.09 0 25 "Hesse Failed. Covariance may not be accurate. Covariance not positive definite."
01263369 9 0.6692946790936459 56630.136000910934 1.1574075031717258e-15 0.6500719332398956 0.26179596272798245 2.957337168196794e-05 4.5821070671081543e-07 4.163336342344396e-18 4.987393233957249e-07 0.08316676058631639 1037.768526502136 4.0 -23.285411731826176 2.2621691761163554 56645.138 56697.039 0 9 "Covariance may not be accurate."
01263715 9 0.8683101738208358 56635.75029275331 2.0261570199409107e-15 0.6504282060698058 0.5000002273361307 0.025000681216839293 1.3791895392205333 3.3861802251067273e-16 0.0031421361424015526 5.231685588250046e-05 2172.2361396905144 4.0 -24.11965270065193 2.2612795610977905 56645.052 56694.034 0 9 "Covariance may not be accurate. Covariance not positive definite. Covariance forced positive definite."
01275946 18 0.8926386065305479 57240.01730690961 6.966649479522857e-15 0.6500000222856769 0.49574002710897025 3.6421530918984146e-07 6.722530088154599e-05 2.775557561563128e-18 5.224981003415508e-10 0.008759733467451403 5658.839380079258 13.0 -25.545318433125814 2.262356238163143 57248.375 57329.031 0 18 "Covariance may not be accurate."
01279500 12 0.8999984054614311 57235.69929420296 8.412714969097124e-15 0.6500000089914211 0.49999914444502414 0.00019434874796164792 0.41555067703302484 1.3600232051658183e-16 9.45050059622532e-05 1.0138338775972366e-05 677.3012271667156 7.0 -25.7617162403231 2.2623564433726067 57249.302 57319.114 0 12 "Covariance may not be accurate."
01280217 32 0.720892824657538 57263.07977464112 1.7208456881689927e-16 1.2210179378678974 0.5000872636547886 0.006721191937551607 0.0024945386430772487 0.0 2.67156132499613e-05 1.9313958831812528e-05 600.4344603908187 27.0 -20.94355126039334 1.4758039729110237 57248.391 57329.173 6 26 "Covariance may not be accurate."
01281668 20 0.8999886402281932 57239.787063339114 2.1621593404574925e-15 0.6500017160011707 0.5000002990572291 0.0001124962339585367 1.6830545022567094 4.1910919179599663e-16 0.0002686050637609183 4.36046289416514e-05 2151.2001294067727 15.0 -24.286563262875074 2.2623521476916615 57248.375 57342.024 0 20 "Covariance may not be accurate. Covariance not positive definite. Covariance forced positive definite."
01281886 36 0.05968387589125866 57263.176758807625 1.0269562977782698e-16 1.17180943140957 0.5000697372285285 0.6218314558146831 31.486531910704798 0.03333640061457348 0.3212647779400157 0.7357472000164494 97.50301487707203 31.0 -14.279687956687305 1.511447580592435 57248.391 57345.231 6 30 "Covariance may not be accurate."
01282736 35 0.5078496799550785 57234.33703953076 5.828670879282072e-17 0.7413435000126944 0.00010262667926874691 0.6689024347283554 25.748021487419464 0.033099209307192186 0.4684736711364715 0.610639007595656 804.7304796759447 30.0 -19.819512548239352 2.0555599451159168 57249.281 57346.029 0 35 "Covariance may not be accurate."
01283373 13 0.6188625952076121 57247.706812182354 5.262457136723243e-15 0.7483393463249131 0.5057972496547902 0.007336594072081759 2.359671845253615 4.85722573273506e-16 0.0341734009994657 0.02946939989968525 521.0264333924446 8.0 -24.242125627297412 2.041598026238489 57265.366 57332.077 0 13 "Covariance may not be accurate. Covariance not positive definite. Covariance forced positive definite."
01283878 15 0.8776383820635301 57240.67922595493 1.0103029524088924e-15 0.6500000007852567 0.363990457500806 2.011169801252599e-06 0.00021154731803108007 3.469446951953614e-17 3.134073001120896e-10 0.2963448060520628 71.25545631366565 10.0 -23.68565389581625 2.2623522352434335 57249.305 57339.187 0 15 "Covariance may not be accurate."
01283936 42 0.7131897936272799 57261.67719498832 1.6653345369377348e-16 0.6632305859328098 0.5000955230036619 0.6568363654985925 29.664997691583267 0.030873803519922395 0.4047328409240004 0.7120069091052624 397.9654001861865 37.0 -20.87925664067623 2.2296736970805746 57248.375 57347.081 8 34 "Covariance may not be accurate."
01285160 17 0.3930331243460148 57234.47058605649 2.7755575615628915e-18 0.7329564395237165 0.1302605696617577 0.6338864311998078 30.929099766144645 0.037677552752014475 0.3065216714824751 0.726599741129742 830.9125838624072 12.0 -15.622305005735086 2.072710614738803 57253.285 57372.178 0 17 "Covariance may not be accurate."
01285317 23 0.4848273895506918 57257.24348425957 5.551115123125783e-18 0.650063934793677 0.0643933042735117 0.6476851234962155 29.622634204300994 0.03151622324639679 0.37545923548584137 0.703394419300821 436.33858603816117 18.0 -17.039019803040286 2.262180241310382 57248.378 57356.125 4 19 "Covariance may not be accurate."
01286398 26 0.8772889548870781 57234.8714190986 2.1954660311962473e-15 0.7694959432762938 0.4999794484798168 0.6068844872149857 22.64209050734644 0.031033985855369123 0.442305903744958 0.7139489856325141 3570.784401188948 21.0 -24.234497246559695 2.0010844225591278 57249.293 57331.145 0 26 "Covariance may not be accurate."
01287626 5 0.6401596865399778 56642.34938680891 1.7486012637846216e-15 0.6577025923595966 0.500005122077257 0.0022948775187624504 0.1201351632589649 1.1102230246251625e-17 0.0024489844392807103 2.857644418066685e-05 2298.5388261350986 0.0 -23.144782350217188 2.243186119575327 56660.105 56697.068 0 5 "Covariance may not be accurate."
01289288 19 0.8832415729560552 57235.20457361873 3.4611202792689256e-15 0.6500003680635738 0.5001550177854871 0.007672971071458867 0.3593473441360402 2.1510571102112388e-16 0.0021590826763138726 0.0005953810053880015 261.33503270259615 14.0 -24.746612539455313 2.2623555403000672 57248.375 57347.079 0 19 "Covariance may not be accurate."
01289555 20 0.4941072594414485 57262.59137486635 1.1102230246251566e-17 1.119015758104504 0.01417083309791256 0.6491537379564439 30.15128205050496 0.031460100654176024 0.4521760593734577 0.6613962751109437 236.30330629117393 15.0 -17.925003637683762 1.5552743662930268 57248.393 57365.112 3 17 "Covariance may not be accurate."
01289600 34 0.8999999999119717 57238.28721045011 8.326672684688674e-16 0.7790685823123065 0.49556918057581245 0.00012968414652819726 3.735205245902762e-05 0.0 3.2381341496467986e-05 7.641841007333117e-05 3246.2546412291267 29.0 -23.26145225420464 1.983577516510202 57255.37 57365.221 0 34 "Covariance may not be accurate."
01289656 19 0.518486771315501 57234.431494531986 1.3877787807814457e-17 0.6630329842527326 0.19104649234934573 0.6638885416780123 25.578955709697766 0.03230816305563206 0.34410679784833575 0.5943892576900143 306.4602822990525 14.0 -17.963477136518968 2.2301437600523073 57255.415 57355.242 0 19 "Covariance may not be accurate."
01289664 17 0.6393897971857473 57265.684379087106 1.7014167852380525e-15 0.657102215285108 0.5000544817152617 0.00209333944593304 0.0373516489235044 1.0408340855860852e-16 0.0038526749772135327 0.04693320980320878 3282.674021072548 12.0 -23.111809808552145 2.244665572159942 57252.305 57345.229 3 14 "Covariance may not be accurate. Covariance not positive definite. Covariance forced positive definite."
01290779 22 0.4892262443828121 56897.75851519788 8.326672684688674e-17 0.6551262167923714 0.000730501728504529 0.6458555746463952 29.69473235346959 0.031265444368962975 0.397832051313812 0.6033893227028065 948.0932348555873 17.0 -20.108136481174874 2.2495350140905472 56887.393 56973.319 4 18 "Covariance may not be accurate."
01290816 10 0.8579791654400895 56899.882915493516 1.942890293094024e-15 1.1394453054109637 0.5189648509601734 8.042878010333654e-05 0.003306131056888262 4.163336342344495e-18 0.1227077961332852 0.0002418193545896674 246.583787268687 5.0 -24.01163122117074 1.5376522165505229 56887.393 56960.273 2 8 "Covariance may not be accurate."
01291080 13 0.4890711711000961 56899.90433648803 4.9960036108132046e-17 0.8744918403743376 0.5001357766512539 0.30959626430848336 0.07759404303942574 0.0 0.00026309941637725487 0.0004564302697255551 197.0154693515907 8.0 -18.575483651067287 1.831463819022055 56887.272 56973.077 2 11 "Covariance may not be accurate. Covariance not positive definite. Covariance forced positive definite."
01291090 13 0.7257672853375879 56907.602408096245 4.829470157119432e-16 1.190251184216216 0.1559399646191288 0.6558164093586124 28.91114488524545 0.03074622962932344 0.3134089012567571 0.573559814550354 289.63653437549334 8.0 -22.781779761769585 1.497486701974978 56887.213 56973.023 3 10 "Covariance may not be accurate."
01291794 37 0.48604809462083026 57265.64673515524 5.828670879282072e-17 0.6584317112333555 0.025216712089330073 0.6468538475784804 30.0807093990843 0.03141534062148722 0.3439737927856734 0.5431644827929466 535.5249868541185 32.0 -19.66456505829059 2.2413764892413255 57252.291 57356.172 6 31 "Covariance may not be accurate."
01291957 29 0.4997080668214205 56862.19054661323 9.992007221626409e-17 1.2234562135211926 0.007431256195710778 0.6552897412616241 25.823183295913623 0.031903219243505795 0.3203499250495941 0.5770821654888686 2190.660373102571 24.0 -20.350845186624426 1.47414840493348 56877.181 56980.028 0 29 "Covariance may not be accurate."
01292145 19 0.49484687672398076 57276.71808621603 8.326672684688675e-18 0.7555414500838864 0.5122255763523923 0.6420986230338943 22.469565847299236 0.030860232237972015 0.3511913262565206 0.7146195613043681 121.61395014484 14.0 -16.641545811687127 2.027515347172667 57252.293 57356.172 5 14 "Covariance may not be accurate."
01292195 19 0.5868941684406327 57270.04954253184 1.3877787807814457e-17 1.0545171532195732 0.38608307162995475 0.6541312046061523 21.64490863373794 0.030746256034568174 0.4423407677706444 0.6786517741049438 89.19149103712991 14.0 -17.91410848448654 1.6157916557771088 57253.265 57387.129 2 17 "Covariance may not be accurate."
01292332 12 0.7912174257258852 56911.646251013415 1.429412144204889e-15 0.80866547657472 0.5274949485575806 0.6469365311300342 28.70691688506122 0.03084235024020357 0.37895344308004714 0.7037298821325705 432.11326242835435 7.0 -23.447078125105442 1.9324361431184762 56890.331 56973.185 2 10 "Covariance may not be accurate."
01292336 12 0.8109801132902535 56912.94225802971 1.5210055437364646e-15 0.6525887178303511 0.4993747170531072 0.6391693721949157 28.09028310128633 0.030805423971356147 0.3856694923134302 0.7109780973829215 428.57297380898916 7.0 -23.6264032944293 2.2558666287822184 56890.331 56973.185 2 10 "Covariance may not be accurate."
01292560 11 0.6111027784572095 56889.27864574476 5.6149529470417295e-15 0.6528051810542963 0.5053546991194023 0.012540287273509976 1.0252292139157362 4.3437475838459265e-16 0.0027465285535078765 0.03063528989123343 289.07779126825835 6.0 -24.279798171014157 2.255326215772797 56903.225 56973.038 0 11 "Covariance may not be accurate. Covariance not positive definite. Covariance forced positive definite."
01293319 14 0.8536296920878856 56901.81515661573 6.411537967210279e-16 0.6569191377767062 0.2020711644954345 3.831004708254593e-05 0.002121855337463785 5.551115123125763e-18 1.2427206480813968e-05 0.24940951864846997 2164.5791025291187 9.0 -23.426039883036857 2.2451079735547843 56887.27 56980.068 2 12 "Covariance may not be accurate."
