analysis_pipeline/fit_results/des_4_sn91bg_color_interpolation_red.ecsv
# %ECSV 0.9
# ---
# datatype:
# - {name: obj_id, datatype: string}
# - {name: num_points, datatype: int64}
# - {name: z, datatype: float64}
# - {name: t0, datatype: float64}
# - {name: x0, datatype: float64}
# - {name: x1, datatype: float64}
# - {name: c, datatype: float64}
# - {name: z_err, datatype: float64}
# - {name: t0_err, datatype: float64}
# - {name: x0_err, datatype: float64}
# - {name: x1_err, datatype: float64}
# - {name: c_err, datatype: float64}
# - {name: chi, datatype: float64}
# - {name: dof, datatype: float64}
# - {name: b_max, datatype: float64}
# - {name: delta_15, datatype: float64}
# - {name: tmin, datatype: float64}
# - {name: tmax, datatype: float64}
# - {name: pre_max, datatype: int64}
# - {name: post_max, datatype: int64}
# - {name: message, datatype: string}
# schema: astropy-2.0
obj_id num_points z t0 x0 x1 c z_err t0_err x0_err x1_err c_err chi dof b_max delta_15 tmin tmax pre_max post_max message
[from data line 170]
01337325 12 0.455 57310.07137388585 2.7755575615628915e-18 0.9677169382470043 0.08845126472335235 0.0 25.685917496881302 0.03231752732362086 0.43107682879887715 0.524873770974774 210.2574075685447 8.0 -16.07858639837041 1.7089364094176567 57325.075 57427.057 0 12 "Covariance may not be accurate."
01337649 18 0.455 57345.703901818524 1.4988010832439614e-16 0.6522206253196621 0.46508368700519254 0.0 0.08575531908354606 1.3877787807814407e-18 0.002483270078157851 0.0009980002047985659 4925.041939413055 14.0 -19.6635535361031 2.2567851556663 57339.167 57408.057 4 14 "Covariance may not be accurate."
01337655 0 0.8485 nan nan nan nan 0.005 nan nan nan nan nan nan nan nan nan nan 0 0 "Empty table passed to fit_lc."
01337687 23 0.455 57330.29602772142 6.938893903907228e-17 1.249734388154056 0.10427834460469976 0.0 0.04999883653727011 1.3877787807814407e-18 0.0004745413568042478 0.0002884789019738099 3781.9541294300034 19.0 -19.544456292932196 1.4569524250083745 57339.3 57425.154 0 23 "Minimization exited successfully."
01337703 14 0.455 57341.69932896004 5.551115123125783e-18 1.1759253883788905 0.0007500285686353192 0.0 29.6391955084473 0.030879467416941156 0.33057683706380653 0.6032340194677465 164.94654420590695 10.0 -16.97907327948534 1.5082574131052198 57325.127 57425.154 4 10 "Covariance may not be accurate."
01337838 21 0.455 57347.5429918197 2.7755575615628915e-18 0.6500000000000007 0.2872822866968432 0.0 0.0020605249810614623 0.0 1.6210764952617751e-09 0.24235272191932788 6489.94989430558 17.0 -15.678248199105628 2.2623506302521363 57339.153 57427.068 5 16 "Covariance may not be accurate."
01338128 22 0.455 57363.594486201895 6.66133814775094e-17 1.060203289024879 0.6514721229538202 0.0 0.37356643372186227 0.0 0.005506983328232629 0.010623130543560844 213.19467011077484 18.0 -18.43067227772716 1.6102019935902447 57339.023 57407.048 6 16 "Covariance may not be accurate."
01338170 11 0.455 57324.06129999622 5.273559366969494e-17 1.2491264290048556 0.4906710616641368 0.0 24.088672421508818 0.0308074213126431 0.3591286132026034 0.7089443221735537 202.16775672251546 7.0 -18.46923614010142 1.4573530720574404 57339.026 57407.048 0 11 "Covariance may not be accurate."
01338233 13 0.455 57304.28342186931 0.0 0.8419504310925126 0.5001904137357945 0.0 0.0 0.0 0.0 0.0 47.35963341164325 9.0 inf nan 57319.283 57427.057 0 13 "Hesse Failed. Covariance may not be accurate. Covariance not positive definite."
01338266 0 0.6476 nan nan nan nan 0.005 nan nan nan nan nan nan nan nan nan nan 0 0 "Empty table passed to fit_lc."
01338278 10 0.455 57346.67649971403 2.7755575615628915e-18 0.65 2.2502515351074948e-08 0.0 29.128325867397507 0.03104634202006942 0.3725561375173891 0.6148615148372776 160.51788261125918 6.0 -16.22768005115172 2.262339156254715 57339.04 57427.057 2 8 "Covariance may not be accurate."
01338387 10 0.455 57326.4078225615 0.0 0.6930268784100319 0.5153156321617359 0.0 0.0 0.0 0.0 0.0 478.37111670702257 6.0 inf nan 57329.175 57403.104 0 10 "Hesse Failed. Covariance may not be accurate. Covariance not positive definite."
01338430 9 0.455 57336.69730228123 1.942890293094024e-17 0.650000004879322 0.0003026626805564536 0.0 26.122363514321478 0.030822991227357047 0.36985312540494086 0.6075365493064406 325.862202668495 5.0 -18.3399483909042 2.2623391523294814 57339.124 57403.104 0 9 "Covariance may not be accurate."
01338471 12 0.455 57304.1423546407 0.0 0.764556071815158 0.5001943159398992 0.0 0.0 0.0 0.0 0.0 85.77606482567485 8.0 inf nan 57319.139 57403.104 0 12 "Hesse Failed. Covariance may not be accurate. Covariance not positive definite."
01338675 8 0.455 57356.844262364044 2.7755575615628915e-18 1.2028236250613895 0.34740247479898156 0.0 29.40793616528026 0.031571441673249365 0.3046302296635461 0.6694806711203241 1393.7675382516036 4.0 -15.573223792872753 1.488392861166421 57339.073 57402.062 3 5 "Covariance may not be accurate."
01339002 19 0.455 57330.07990570664 1.3877787807814457e-17 1.249979942521691 0.1741285434297385 0.0 24.600510482378013 0.031073254097967483 0.37436191593554974 0.73445272346286 468.65156549254965 15.0 -17.658996050931467 1.4567975669578104 57345.071 57427.068 0 19 "Covariance may not be accurate."
01339149 9 0.455 57332.27645190464 2.7755575615628915e-18 0.6500000020651732 0.04787783067707724 0.0 21.952768296756403 0.03388882907430058 0.4066829031004787 0.5140896186463073 245.31820049072 5.0 -16.149526381680545 2.262340570577283 57346.032 57427.065 0 9 "Covariance may not be accurate."
01339392 19 0.455 57330.34029646624 1.9151347174783951e-16 0.8904456439290771 0.500175832609118 0.0 0.0023734820206300355 8.326672684688669e-18 0.001379542787250776 0.617651748431916 801.5856321017993 15.0 -19.846385071763187 1.8088359049495253 57345.333 57426.147 0 19 "Covariance may not be accurate. Covariance not positive definite. Covariance forced positive definite."
01339450 13 0.455 57352.11747284563 1.665334536937735e-17 0.6660586948670288 0.5958624650679825 0.0 25.940669962903485 0.03247991528321874 0.42929885397990525 0.7533887720078388 45.044508864465065 9.0 -17.032344076348206 2.222834217933759 57339.288 57426.145 3 10 "Covariance may not be accurate."
01340454 10 0.455 57369.12361865629 7.216449660063518e-17 0.6500610687037536 0.49024178516092354 0.0 27.18172106938073 0.030746230902877557 0.3664353517229942 0.7080849331260348 222.5170033302917 6.0 -18.810823679472175 2.2622024106346927 57345.319 57425.153 3 7 "Covariance may not be accurate."
01341370 8 0.455 57332.14332345659 0.0 1.210969624518036 0.5001868315502853 0.0 0.0 0.0 0.0 0.0 482.0758419961162 4.0 inf nan 57347.083 57403.052 0 8 "Hesse Failed. Covariance may not be accurate. Covariance not positive definite."
01341894 14 0.455 57389.99670769829 8.326672684688674e-17 0.6500320801816859 0.5000646151464591 0.0 23.964903162435803 0.034795920471272265 0.41539691921997335 0.7441055986304034 172.38047368049064 10.0 -18.942240489270425 2.262275739611706 57365.056 57427.057 8 6 "Covariance may not be accurate."
01342255 12 0.455 57380.491745816624 1.1934897514720432e-16 0.650125326925184 0.4078923006779054 0.0 29.57847751431109 0.03074623917078437 0.3653283447616614 0.6855967364820137 2571.139739139603 8.0 -19.539857523623898 2.2620380377089226 57365.112 57403.103 4 8 "Covariance may not be accurate."
01343208 10 0.455 57340.259339743585 0.0 0.7513137866765432 0.5001950442054586 0.0 0.0 0.0 0.0 0.0 973.1264694385967 6.0 inf nan 57355.251 57426.068 0 10 "Hesse Failed. Covariance may not be accurate. Covariance not positive definite."
01343337 8 0.455 57357.22864706659 7.494005416219807e-17 0.6967139188333608 0.1262799520164094 0.0 25.945591299630905 0.03216533526973342 0.3001001474429573 0.553854249569534 222.9952531657015 4.0 -19.58639984114057 2.1513523267031864 57372.229 57426.145 0 8 "Covariance may not be accurate."
01343401 6 0.455 57395.8098268776 2.7755575615628915e-18 0.6500001407890078 2.0019796931336487e-10 0.0 27.603425134722784 0.031156794505102604 0.3737564398817096 0.6149305869007677 196.15094417349707 2.0 -16.227680086278237 2.2623388019641233 57372.053 57427.057 4 2 "Covariance may not be accurate."
01343533 8 0.455 57385.50311425753 1.3877787807814457e-17 0.775719820344678 0.016837591046162947 0.0 29.356236031821027 0.03124900031258017 0.3621665750498334 0.5569215329391417 22.331503080530332 4.0 -17.94825700746981 1.989630526485449 57365.044 57407.048 4 4 "Covariance may not be accurate."
01343759 8 0.455 57376.32906530386 5.551115123125783e-18 1.2495569773950723 0.0001628565070983523 0.0 29.453537964378484 0.030785264072285545 0.36244732523822293 0.6095184089423712 2089.6985939516608 4.0 -16.979998676332574 1.4570633592211877 57365.133 57426.068 2 6 "Covariance may not be accurate."
01343871 7 0.455 57340.23319149959 0.0 1.131608704080806 0.5002033105417618 0.0 0.0 0.0 0.0 0.0 187.1662837163749 3.0 inf nan 57355.231 57408.057 0 7 "Hesse Failed. Covariance may not be accurate. Covariance not positive definite."
01344692 7 0.455 57376.28360190669 2.7755575615628915e-18 0.6500000000039509 0.015806295951888594 0.0 29.571050078891858 0.031106003979831067 0.3732714920785249 0.5588150788483576 55.81957575950266 3.0 -16.20249546558612 2.2623396025673266 57366.061 57427.065 2 5 "Covariance may not be accurate."
01345553 12 0.455 57395.924177496556 1.942890293094024e-17 0.6500445678699102 0.0010183414859832873 0.0 27.17148141403959 0.030804426701810828 0.367459493860471 0.6012711130534187 859.1357942251418 8.0 -18.33882012214709 2.2622270385136254 57372.051 57427.057 8 4 "Covariance may not be accurate."
01345582 7 0.455 57383.270270528614 3.608224830031759e-17 1.2326626998526584 0.500181062697951 0.0 0.11818119814051897 0.0 0.5856536681906133 0.001913742730351109 59.86219778974073 3.0 -18.034112420350965 1.4680430369095276 57365.058 57427.057 3 4 "Covariance may not be accurate. Covariance not positive definite. Covariance forced positive definite."
01345594 6 0.455 57380.27187147092 2.7755575615628915e-18 0.6500000000451013 4.400212078037313e-08 0.0 29.406553248129057 0.031341677236297355 0.37610264315742276 0.6148363673837747 63.320924875633246 2.0 -16.227680017290034 2.2623391561418167 57372.053 57427.057 2 4 "Covariance may not be accurate."
01346137 7 0.455 57387.83863322851 4.4408920985006264e-17 1.1618306030622036 0.992133474277817 0.0 0.6163959840050666 0.0 0.033270064228812624 0.0011233421284476686 58.87827089744037 3.0 -17.300938215332383 1.5192919073632538 57375.053 57425.153 2 5 "Covariance may not be accurate."
01346387 7 0.455 57357.62862991831 0.0 1.1668340089641038 0.5001494311953302 0.0 0.0 0.0 0.0 0.0 3485.107987730263 3.0 inf nan 57372.178 57426.068 0 7 "Hesse Failed. Covariance may not be accurate. Covariance not positive definite."
01346956 5 0.455 57372.20211303409 1.1102230246251566e-17 0.7368642259969103 0.03169552443226159 0.0 25.754631195588445 0.03165880730672055 0.45009649605711627 0.6813473970380474 906.3536845024346 1.0 -17.681726020429117 2.0646659248913544 57387.186 57426.145 0 5 "Covariance may not be accurate."
01346966 7 0.455 57361.05700009713 5.551115123125783e-17 0.6500000006289224 0.19916116619954127 0.0 27.252691902096558 0.0340670318413695 0.4087952540816802 0.7371766160336609 393.62233721732434 3.0 -19.1100706795441 2.262346881919118 57376.062 57426.145 0 7 "Covariance may not be accurate."
