analysis_pipeline/fit_results/des_5_salt2_2.4_blue.ecsv
# %ECSV 0.9
# ---
# datatype:
# - {name: obj_id, datatype: string}
# - {name: num_points, datatype: int64}
# - {name: z, datatype: float64}
# - {name: t0, datatype: float64}
# - {name: x0, datatype: float64}
# - {name: x1, datatype: float64}
# - {name: c, datatype: float64}
# - {name: z_err, datatype: float64}
# - {name: t0_err, datatype: float64}
# - {name: x0_err, datatype: float64}
# - {name: x1_err, datatype: float64}
# - {name: c_err, datatype: float64}
# - {name: chi, datatype: float64}
# - {name: dof, datatype: float64}
# - {name: b_max, datatype: float64}
# - {name: delta_15, datatype: float64}
# - {name: tmin, datatype: float64}
# - {name: tmax, datatype: float64}
# - {name: pre_max, datatype: int64}
# - {name: post_max, datatype: int64}
# - {name: message, datatype: string}
# schema: astropy-2.0
obj_id num_points z t0 x0 x1 c z_err t0_err x0_err x1_err c_err chi dof b_max delta_15 tmin tmax pre_max post_max message
[from data line 146]
01334423 28 0.33439711833583713 57335.817612198465 2.0775071273670956e-05 0.7834268839633687 0.0030389029826207725 0.07934496912905906 1.0667890176046058 1.926756343773039e-06 0.8718308093246343 0.06033505154900215 12.6175403933078 23.0 -19.049169763658135 0.9128201713608703 57312.14 57408.055 10 18 "Minimization exited successfully."
01334448 16 0.3672496455465721 57326.27799912434 1.4290330895116998e-05 -2.3219912790874 -0.2999663215602367 0.039031826496052247 0.49859622451185714 2.40911074704253e-06 1.3848279727039159 0.4861232762511216 10.50325721510837 11.0 -18.8837979175526 1.623906304791337 57301.284 57402.053 6 10 "Minimization exited successfully."
01334470 15 0.4354993997526262 57330.27805941018 1.0019325323881724e-05 0.09358492942937824 0.07722895290450393 1.7941205718297049e-07 2.306987880729139e-06 1.4140706647777787e-06 0.17499470154289365 0.10001033467766113 7.676380915040918 10.0 -18.933711539115535 1.0317358880856418 57305.283 57402.053 6 9 "Covariance may not be accurate."
01334597 12 0.08572401065704063 57340.21899995006 7.487558280933338e-05 -0.05629174978684226 -0.29999784502997634 0.0028129769357701367 0.007831130002159625 8.744196055843201e-07 0.11542184241947506 0.06330626737877125 377.233315151503 7.0 -17.17097397429405 1.0791129136244706 57315.241 57406.101 5 7 "Minimization exited successfully."
01334620 15 0.16452852933132442 57335.16882291266 7.016675128683758e-05 -0.20498619323791445 -0.29724247001433385 0.05766486030678692 0.5139370478646015 1.4277199350551385e-05 0.582075911218507 0.594628281534376 9.988394839848455 10.0 -18.62849180607461 1.1082023053477812 57311.282 57403.062 5 10 "Minimization exited successfully."
01334644 15 0.2786882155442925 57332.127626057816 3.0356179425633512e-05 -2.3315541225038805 0.11349052945349974 0.48877648118009065 28.775773003766517 0.030221067829451505 2.7803721244590873 0.5065219820741962 5.123581886848473 10.0 -19.00171772885323 1.5771081952436141 57311.282 57403.062 5 10 "Covariance may not be accurate."
01334645 12 0.20840688325637613 57335.6410672023 5.215456403350472e-05 -0.5508204911306627 0.139551134613219 1.1531386401308907e-09 0.00015832485587452538 3.79868020767199e-05 0.39466534525601515 0.42820990152894484 14.3262234135114 7.0 -18.87389019088284 1.151390119520638 57311.282 57403.062 4 8 "Covariance may not be accurate."
01334707 31 0.46242730885498007 57329.30699995774 6.7664926194976885e-06 -1.8201146295910666 0.29999986773240567 0.021945383260215806 0.017629956906603184 4.4573317865281856e-07 0.5347515913118227 0.06384373958929757 225.201382051126 10.0 -18.66666320738489 1.419137424842809 57304.307 57426.071 7 24 "Minimization exited successfully."
01334879 16 0.47106409880825084 57327.24099983955 5.038681795732636e-06 -2.69496093015218 0.2999877903677601 0.009740211025587725 0.029483079721103422 1.72854080743301e-07 0.3182111632142679 0.12803241583512806 103.04221131764487 11.0 -18.394352494090327 1.6604222883526347 57302.267 57425.071 4 12 "Minimization exited successfully."
01335472 14 0.3619038365494604 57336.019999554 1.5902445484178295e-05 0.23530091537700626 -0.2999973755215188 0.017784388297795578 0.10309869158299989 1.1297012533051383e-06 1.0918929681483107 0.45310660660001956 40.66651611887299 9.0 -18.963928632980505 1.02351736948372 57311.025 57403.049 5 9 "Minimization exited successfully."
01335564 15 0.5340791311776141 57336.279999457074 6.466877840788366e-06 -0.8217469533246269 0.29999939391506353 0.030908703014013272 0.24141732718635467 6.213413934572089e-07 1.2326272240898772 0.5062837557830647 18.432665134861647 10.0 -18.99433640364337 1.1947787982523934 57311.284 57427.068 5 10 "Minimization exited successfully."
01335694 11 0.2587497038871243 57347.616893768005 4.425094734641366e-05 0.8032369320807415 0.2999535654203512 0.011297890461686222 0.19682876164006302 7.726743186844971e-07 0.217564578183725 0.4728264949553945 17.46874071770328 6.0 -19.232126885410388 0.8972920218355398 57325.214 57408.053 5 6 "Minimization exited successfully."
01335717 13 0.3294799995032569 57347.12632021234 1.9863150470578186e-05 0.019789977595102926 0.29940704222281206 0.019673206601139026 0.3763245468180685 4.931247003889243e-07 0.24452334042826407 0.5746915013838512 2.8551778132813093 8.0 -18.967200313419045 1.0331768989537942 57325.182 57408.092 4 9 "Minimization exited successfully."
01335718 29 0.7053521353026347 57342.16099991989 4.741627704951679e-06 0.37186136556189897 0.2999981335950412 0.007623696218530707 0.016338791268935893 1.7365351578785305e-07 0.4610765258685141 0.08203582327661385 349.8982074188496 9.0 -19.394706143900205 0.9707077633828227 57318.106 57426.067 8 21 "Minimization exited successfully."
01335868 17 0.3614113398785056 57340.22899999976 1.2689347870986635e-05 -0.8761750747638097 -0.2999564913861753 0.02544100294520285 0.21864571887272177 1.199029984856603e-06 1.0352289602925324 0.5766506119371462 16.252864725776554 12.0 -18.71464699006548 1.2491582592955126 57315.234 57425.151 6 11 "Minimization exited successfully."
01336008 24 0.5016685856202527 57348.54723964979 1.8088844228969505e-05 0.3504369274203496 0.07065923577886701 0.049346541386914605 0.5355709612049395 5.725678279666625e-07 0.4146272442817944 0.05582999807336764 9.940423127961223 19.0 -19.94322393890599 0.9855911510592001 57325.012 57403.049 11 13 "Minimization exited successfully."
01336009 25 0.5407455858231268 57346.11317432097 1.2628866621533509e-05 -0.35405985608484203 0.12607191615149882 0.033861867832334414 0.5548668247938622 5.127957512798825e-07 0.42856428240231703 0.09738276042689611 7.44650031260312 20.0 -19.749872824911883 1.1134880727174874 57325.012 57403.049 9 16 "Minimization exited successfully."
01336453 9 0.11459024112326766 57354.168999703266 0.0001630477938769831 0.7554622007696956 -0.28820950337227885 0.008641849973200999 0.25561134100644267 3.525777825950093e-05 0.20851632623530114 0.5074675602815389 9.296843877704692 4.0 -18.689094972035317 0.9287174965348051 57329.171 57403.099 3 6 "Minimization exited successfully."
01336480 7 0.2649014938095069 57350.114997804296 3.002049974560328e-05 -0.13327671900343807 0.29976712995546645 0.025191679250087223 0.5606605967477662 1.3917605585001012e-06 0.5309627989629979 0.5996523487999148 6.9021664100157745 2.0 -18.868483142946356 1.06114893486534 57329.171 57396.099 3 4 "Minimization exited successfully."
01336687 12 0.23836077472137862 57351.25426206289 3.831991725089246e-05 0.47159597855070556 0.2997569432224984 0.017395745677710184 0.2855401311899186 1.0621395402768394e-06 0.25415984608750786 0.5341401217669886 5.837369226579969 7.0 -18.87272057123224 0.9534730353900933 57327.065 57403.062 5 7 "Minimization exited successfully."
01337117 11 0.3609145894142711 57354.02799999704 2.1057185286069147e-05 -0.6102738166182609 -0.29999708567810573 0.014122505808082192 0.047904493378155166 1.0200406883140177e-06 0.5407805018004271 0.41426932321657695 78.52533915297471 6.0 -19.261204448046392 1.1914860080406413 57329.033 57403.049 4 7 "Minimization exited successfully."
01337221 28 0.5429895136598891 57350.02299981313 6.571439503846865e-06 -2.999999354192747 0.29999972997805274 0.013937644280144768 0.09659280744017451 4.571793578878049e-07 0.9318915436454527 0.43768643325357726 40.023626679434706 9.0 -19.0543394639037 1.7581775953815786 57325.027 57407.048 10 18 "Minimization exited successfully."
01337228 14 0.5446037110553166 57350.022999882385 5.422834014370826e-06 -2.999999751452778 0.29999997982777565 0.016792739487690833 0.14517656238604104 5.044039612073224e-07 0.5949125401016866 0.4886346116630764 31.2393620544774 9.0 -18.853557826905536 1.758177687178069 57325.027 57407.046 5 9 "Minimization exited successfully."
01337272 12 0.54340486270141 57350.06799996271 8.942790272645218e-06 -2.999995987944082 0.29999877960756066 0.011569096981242588 0.08483020677158493 4.636178104325265e-07 1.0245040573856548 0.40714143430280825 39.44135053620209 7.0 -19.39088084461094 1.7581766251371036 57325.073 57427.054 4 8 "Minimization exited successfully."
01337325 12 0.5488069720359741 57350.06799896716 7.199164340587761e-06 -2.8545272944690225 0.29999030287417544 0.017907737408963897 0.17187400550756138 5.171608941020862e-07 3.5388680032235564 0.4802587452859255 22.99361999762905 7.0 -19.181464722158893 1.7105018825012053 57325.073 57427.054 4 8 "Minimization exited successfully."
01337649 9 0.27641388626510316 57363.74697306898 5.008744146865196e-05 1.41224338810094 -0.2998612597413417 0.03298325684619624 0.694860088526184 3.315248758495317e-06 0.35749394083001285 0.49906781151308555 4.5346715820015255 4.0 -19.531134546554313 0.8162594154434508 57339.165 57408.053 3 6 "Minimization exited successfully."
01337655 10 nan nan nan nan nan nan nan nan nan nan nan nan nan nan nan nan 0 0 "No bands in data overlap the model."
01337687 12 0.30664230944639764 57361.155553114 3.2570983135157826e-05 0.7186848756027264 0.2999517366870264 0.019777034425253 0.6326117016760691 6.777473787078485e-07 0.3869676293254023 0.5387784475614386 13.063932014082107 7.0 -19.323479861897855 0.911456068818314 57339.297 57425.149 3 9 "Minimization exited successfully."
01337703 15 0.5367049761609185 57350.119999295435 9.977409510411595e-06 -1.8847650421930577 0.2999989121447008 0.01874150827149479 0.12943547217946616 9.85276512380229e-07 1.0018571079902572 0.43535319534886474 41.362029311267555 10.0 -19.477545646445204 1.4353458662329501 57325.124 57425.151 5 10 "Minimization exited successfully."
01337838 11 0.31608117574480726 57364.147999981054 2.9728585643190587e-05 0.5936869380726622 0.29999850749786267 0.010799874252289898 0.2691480365174357 5.376029696191335e-07 0.2596568927768419 0.4039255226645442 43.63726030633687 6.0 -19.300587887247627 0.9325835202591897 57339.151 57427.066 4 7 "Minimization exited successfully."
01338128 11 0.25857850753568085 57364.0189994848 2.216477475746326e-05 -1.1897665848084211 0.2999991661088806 0.02563760234867235 0.10843532007856993 9.46631683278187e-07 0.6087914384848068 0.47231043411982154 14.9855608290829 6.0 -18.478560018430578 1.2724612244827007 57339.021 57407.044 3 8 "Minimization exited successfully."
01338170 22 0.4237763676608583 57363.32753689191 1.6232523975115432e-05 0.051417527908851124 -0.07334159460456943 0.06923254603582066 0.9060692383282003 2.1784993737478112e-06 0.8278367493202725 0.11072804594612495 7.576646964978406 17.0 -19.386899104771516 1.0472707752595767 57339.021 57407.046 6 16 "Minimization exited successfully."
01338233 13 0.5540994287196728 57344.276 4.213523932494745e-06 1.2016270221550576 0.29999985920706956 0.033905444067446 0.4977629305612936 7.336026515009089e-07 4.074197794922542 0.5876122813161277 20.161067181601602 8.0 -18.627459750156582 0.8316894352062896 57319.281 57427.054 5 8 "Minimization exited successfully."
01338266 40 0.485968437750949 57364.03202977973 5.589345446121996e-06 -1.9255288738513927 0.06334920396451454 0.07602823143037862 34.30961729602495 1.8269679285906617e-06 1.094585993883187 0.468314181827192 16.764692302597105 14.0 -18.583779971202194 1.4708051559445359 57339.037 57427.068 13 27 "Minimization exited successfully."
01338278 10 0.5283292200570806 57364.03299903173 7.948069966559613e-06 -0.07922460250887209 0.29998316941066155 0.048445844425903134 0.7652339503729308 5.333519456168783e-07 1.0409568267838796 0.5989891043744153 3.5916619038228834 5.0 -19.19026617496614 1.0511881126951437 57339.037 57427.054 3 7 "Minimization exited successfully."
01338387 10 0.5312120047375415 57354.16899998336 9.25569123022274e-06 -0.6851247155664177 0.2999999845137546 0.01666743111660557 0.08837845114612719 5.2265613468272e-07 0.7883318405608238 0.3830115303297561 58.0526569088778 5.0 -19.36956122564556 1.1671371505137564 57329.173 57403.101 3 7 "Minimization exited successfully."
01338430 9 0.6245538637165042 57364.116997877325 9.42232517991415e-06 0.9017637655378885 0.2899926546682487 0.03457995936806996 29.65804049671351 1.7258429621927477e-06 1.0354737924983346 0.32031844218545097 0.7683537461818081 4.0 -19.816835812409558 0.88131366352059 57339.122 57403.101 3 6 "Minimization exited successfully."
01338471 11 0.5457574274000232 57344.13399990114 5.262487701210295e-06 -0.5426853179806836 0.2999998422289712 0.02751337754058303 0.3779926880415587 7.495015570152532e-07 1.593084550771766 0.5550925998268024 13.857932291527153 6.0 -18.827566014491133 1.138945748306348 57319.137 57403.101 3 8 "Minimization exited successfully."
01338675 17 0.21797198874557444 57364.045999997754 1.806028190541875e-05 1.2204617647566458 0.2198550525935255 0.007467325306903944 0.00577277038973989 8.893653182545657e-07 0.24570527474621695 0.048762757001898915 818.1318401818755 12.0 -17.834945204315833 0.8315147497473347 57339.046 57406.102 5 12 "Minimization exited successfully."
01339002 9 0.30116602902725753 57369.62591204641 1.9147493092114277e-05 -1.3262063032595028 0.2996166313081133 0.04844123821178595 1.1801712524465984 1.2015465530035296e-06 0.7717720994057209 0.3606228018894364 1.5526873166091513 4.0 -18.700112764953637 1.3026082385265525 57346.027 57427.066 3 6 "Minimization exited successfully."
01339149 9 0.47081780381255267 57370.06799984685 1.050649022836525e-05 -2.351052694643088 0.2999913471430465 0.019759249204282292 0.10440743657090934 6.793591429549162e-07 0.7446608703765083 0.5743890772507407 21.9851888824314 4.0 -19.190965339402222 1.5594535119405784 57346.029 57427.068 3 6 "Minimization exited successfully."
01339392 6 0.23433344907274245 57370.330989062706 0.00013280361896267912 -0.891104576336176 -0.11179244131305799 0.06517725713315226 3.8190158759789483 7.713083809385984e-05 0.420597653350804 0.34147628777243244 0.4773109147793035 1.0 -20.175069059972838 1.2395634390467656 57345.331 57426.145 3 3 "Covariance may not be accurate. Covariance not positive definite. Covariance forced positive definite."
01339450 13 0.543307867921225 57364.28099329008 5.838263704729952e-06 -2.7087205639241683 0.2999909111616112 0.02817469700183961 0.45658375633502146 6.592223388696139e-07 2.889143017956602 0.5853061123332088 14.168137133938588 8.0 -18.927535423044695 1.6646540620960266 57339.286 57426.147 4 9 "Minimization exited successfully."
01340454 22 0.3326574117980338 57370.31199999963 1.2671312670142765e-05 1.9999991445468979 0.2999996219370283 0.011733712848758293 0.03704777099846979 2.541297470071145e-07 0.38772277739475847 0.03285124902596337 92.6298759630958 17.0 -18.50556901449283 0.7023712945665359 57345.314 57425.151 6 16 "Minimization exited successfully."
01341370 16 0.27616302461874964 57372.07599998117 1.742976646986194e-05 -0.20038856913095593 0.07538797535730479 0.012588408246558797 0.023258223918674048 1.081673064140531e-06 0.3791073618242511 0.059871065026976145 88.31260691176539 11.0 -18.377224919127006 1.0869025367818637 57347.079 57403.049 6 10 "Minimization exited successfully."
01341894 7 0.30718332115164076 57390.05099996912 2.4742805423183525e-05 -0.4104867578270177 0.29954560799167723 0.03519086482937481 2.339076487442071 1.3101396438702784e-06 0.6270784505436482 0.4973113674634173 1.8922944683186498 2.0 -19.028646026010883 1.1133498737033705 57365.054 57427.052 4 3 "Minimization exited successfully."
01342255 6 0.1751295598327782 57390.1069999839 6.307913425575851e-05 0.9647919010215427 0.2996425474610945 0.01737867154108691 0.1411655789197539 1.9426443206682604e-06 0.3962147293238518 0.505502185730915 2.902159879546513 1.0 -18.664116380034432 0.8704979386051193 57365.11 57403.099 4 2 "Minimization exited successfully."
01343208 6 0.5531663022941059 57380.25099999106 8.26540282143351e-06 -2.999999982078232 0.2999955915188031 0.010955068583921035 0.04132940735871671 3.6181714909017166e-07 0.05594385217160869 0.4530296306759781 82.35189922281825 1.0 -19.352189737187736 1.7581784879864486 57356.144 57397.09 3 3 "Minimization exited successfully."
