analysis_pipeline/fit_results/des_5_salt2_2.4_all.ecsv
# %ECSV 0.9
# ---
# datatype:
# - name: obj_id
#   datatype: string
# - name: num_points
#   datatype: int64
# - name: z
#   datatype: float64
# - name: t0
#   datatype: float64
# - name: x0
#   datatype: float64
# - name: x1
#   datatype: float64
# - name: c
#   datatype: float64
# - name: z_err
#   datatype: float64
# - name: t0_err
#   datatype: float64
# - name: x0_err
#   datatype: float64
# - name: x1_err
#   datatype: float64
# - name: c_err
#   datatype: float64
# - name: chi
#   datatype: float64
# - name: dof
#   datatype: float64
# - name: b_max
#   datatype: float64
# - name: delta_15
#   datatype: float64
# - name: tmin
#   datatype: float64
# - name: tmax
#   datatype: float64
# - name: pre_max
#   datatype: int64
# - name: post_max
#   datatype: int64
# - name: message
#   datatype: string
# schema: astropy-2.0
obj_id num_points z t0 x0 x1 c z_err t0_err x0_err x1_err c_err chi dof b_max delta_15 tmin tmax pre_max post_max message
[from data line 143]
01334084 37 0.12766785241223688 57336.42795079502 0.00012354861803899332 -0.8532255369259731 0.13350113969173416 0.010901008658091682 0.41304320413109963 8.014008664716807e-06 0.3397322569645501 0.04262137350801834 25.568963622086187 20.0 -18.637129012726383 1.2137547364675925 57315.206 57396.104 11 26 "Minimization exited successfully."
01334087 27 0.30509479698108205 57337.84671181701 5.591228894813727e-05 0.6890259324580632 -0.04361096895197353 0.5002989291481938 72.58486849840847 0.030030607693475965 4.253212430501554 0.42175708829538266 6.975727685251344 10.0 -19.892615771392244 0.9309907479434472 57311.299 57403.103 10 17 "Covariance may not be accurate."
01334302 64 0.45978781400199553 57330.908448711554 1.291139993466195e-05 -1.0095169131611368 -0.021374249830433956 0.034848589385437584 0.9067866045224946 6.180764652100046e-07 0.6169153886671708 0.035800307141150706 22.466396563247983 40.0 -19.34879101659288 1.2589074423582112 57301.033 57407.048 26 38 "Minimization exited successfully."
01334423 56 0.35689075964292655 57335.785957478314 1.9542196973812434e-05 0.9440471411490581 0.0412923773861989 0.018100492473893198 0.520914438602631 6.625506737925606e-07 0.5032543963050595 0.041599153804234734 22.90605013535343 37.0 -19.14837749667339 0.8839956839650185 57312.138 57408.057 20 36 "Minimization exited successfully."
01334448 64 0.5646837644947533 57331.493191695525 9.142782186499776e-06 -2.2876780075984398 -0.17759950532937285 0.022725469382414765 0.826685248171998 7.295114962155298e-07 0.6058354995866665 0.04893037987661143 41.86410810983648 43.0 -19.512792619924266 1.599121309062152 57301.278 57402.056 28 36 "Minimization exited successfully."
01334470 60 0.5290216303216491 57333.90839228923 9.966383821902181e-06 1.2713305966186983 0.04275618215307253 0.026879474048446095 0.8409933933144202 4.912326426215198e-07 0.6472360248275475 0.06478061258072462 49.39955980753717 40.0 -19.43576280175379 0.8292506245719871 57305.279 57402.056 24 36 "Minimization exited successfully."
01334597 48 0.29221658565607206 57343.62729026582 4.3398141745790154e-05 0.5533791243726096 -0.03478782842150285 0.005195015227665661 0.11173580963804852 3.4713388626372786e-07 0.07587240144233864 0.008645073602179199 40.71862673172632 32.0 -19.509140370549368 0.9543605795058241 57315.219 57408.043 18 30 "Minimization exited successfully."
01334620 58 0.2117070647185345 57335.00622629598 4.206649286132569e-05 -0.5146625394065527 0.20206659323307713 0.01224551915030865 0.2957218872361409 1.4981000805588965e-06 0.30707925695444493 0.04118512378030434 36.501163098964795 38.0 -18.679986224424376 1.1400572207380542 57311.28 57403.064 20 38 "Minimization exited successfully."
01334644 56 0.2856676691096971 57332.41666939112 3.166865007636355e-05 -1.6700372678801734 -0.023642427145088185 0.028617017616305418 0.3885883075745369 6.093136677390303e-07 0.22283680645087434 0.03365584649382865 25.488014101441607 37.0 -19.108982223703983 1.414145524419439 57311.28 57403.064 20 36 "Minimization exited successfully."
01334645 54 0.22251173255207407 57335.439957120514 5.783262152365132e-05 -0.7928129733338238 0.01487873459450384 0.020802455507248935 0.16852026823107735 1.1966273009519905e-06 0.16626450167698792 0.050798102707167836 35.36674782514889 35.0 -19.144899355193793 1.2095808542637627 57311.28 57403.064 19 35 "Minimization exited successfully."
01334707 63 0.632253736577245 57339.4558368848 7.574266635773653e-06 0.6267518509877306 -0.13816517849606896 0.013287735124489441 0.34350966715282993 1.6477184865693085e-07 0.22625328471648687 0.013393138922802708 36.336138757488726 42.0 -19.608396732323442 0.9456929093512088 57304.307 57426.118 21 42 "Minimization exited successfully."
01334879 61 0.637913002660832 57336.20734943157 4.9096758507311e-06 -0.36299718314400264 0.129371890266046 0.01744351811501693 0.44644196074659703 1.347643730359449e-07 0.2616230175268528 0.04263205908593129 27.1004078843059 39.0 -19.16065831518843 1.1150212350773323 57302.241 57426.118 20 41 "Minimization exited successfully."
01335472 59 0.5126754786568914 57344.46253435764 1.1847103985065943e-05 -0.18608480614529688 -0.0317471264472684 0.02123793745167976 0.4453219245951914 3.2586255387934104e-07 0.3559369354251989 0.03292415580821727 36.17027322861322 39.0 -19.539887260042384 1.0902282688585139 57311.02 57403.05 27 32 "Minimization exited successfully."
01335564 60 0.6355173538563152 57343.81999495093 6.954209532400446e-06 0.7034835149957108 -0.037401871514976315 0.042795111847541145 0.8544364299232257 4.7004438173958735e-07 0.6776988933004213 0.05576648497522872 37.13699062011955 41.0 -19.528524460813884 0.9282295015851716 57311.28 57427.068 24 36 "Minimization exited successfully."
01335694 37 0.26576606297267813 57347.842851267626 5.181682015661382e-05 1.1020025807194065 0.01187569988016507 0.00846893938915591 0.1576188491708308 8.791486674680757e-07 0.17691460960835226 0.019245081081193327 28.799744338349893 20.0 -19.46534147582345 0.8584992993867253 57325.214 57408.058 17 20 "Minimization exited successfully."
01335717 51 0.3131209784425787 57346.75414870521 2.2659932817309383e-05 -0.03501119521654461 0.04089480815742286 0.007728004271633171 0.14118301476628403 2.4340563223729307e-07 0.10917241897092267 0.0156934433249466 20.208297581563112 33.0 -18.97684564412868 1.0575211904706165 57325.182 57408.092 16 35 "Minimization exited successfully."
01335718 59 0.6924265698274098 57351.41442117995 5.710402798211889e-06 0.6195547438745552 -0.05136999870967349 0.01599978684492248 0.37449119681696175 1.474848503768553e-07 0.2718722067225583 0.02927838648916141 34.425016030239405 39.0 -19.542661595159906 0.9434315571668037 57317.161 57426.118 21 38 "Minimization exited successfully."
01335868 66 0.653209962857631 57347.86548453366 6.985970428352584e-06 1.6997373784916245 -0.07434260037771917 0.022945905058144644 0.7269619079706899 4.513984478968224e-07 0.6172263072699851 0.0360326809983508 44.09196074613979 45.0 -19.607679364930778 0.7620550205194156 57315.229 57425.154 27 39 "Minimization exited successfully."
01336008 50 0.4044288994653132 57347.948381607515 2.008092492500613e-05 0.7242164246051805 -0.033441150593522095 0.0199957582309514 0.49454032628273126 5.644019789793897e-07 0.3621436454988203 0.04637699157044049 29.81022228733744 32.0 -19.49776002796358 0.9244768324397796 57325.01 57403.052 23 27 "Minimization exited successfully."
01336009 51 0.4036925907999861 57345.15880793425 1.3855881316557351e-05 -0.01601640502704571 0.022417612597137926 0.025371311586199957 0.5355723632019362 4.4552467867442474e-07 0.4167833085001127 0.07253983389497433 21.928377527912634 33.0 -19.089636590441525 1.0549490817989629 57325.01 57403.052 19 32 "Minimization exited successfully."
01336453 38 0.1825828719393614 57354.975785278766 0.00010884343426368626 0.986916453562551 -0.02978055433314608 0.005463658807909999 0.12318151634462993 1.6149147036986777e-06 0.12297015815789969 0.016651653254889348 22.46182185691504 23.0 -19.35197110603353 0.8793676357222218 57329.169 57403.103 11 27 "Minimization exited successfully."
01336480 36 0.24933776958455028 57350.542385163455 3.6473314329976694e-05 -0.05166233517760821 0.035710591800210634 0.021288206975079077 0.3069055905289133 1.0481210597393382e-06 0.2944624516043255 0.04068299587060786 18.045113145903308 20.0 -18.925053406753158 1.060927268337096 57325.115 57403.103 12 24 "Minimization exited successfully."
01336687 45 0.20862456553553377 57351.05183843875 4.071902872637423e-05 0.5099494368664317 0.19976901259760488 0.00882029825058131 0.1730234320530144 1.1232489698628798e-06 0.15212568330471754 0.03282124969823785 31.55227434281437 29.0 -18.609498288218077 0.9515547678824134 57327.063 57403.064 17 28 "Minimization exited successfully."
01337117 47 0.5845994667568412 57361.8254142784 1.2766449041379248e-05 0.6867012485552686 -0.15654936377531253 0.018489306374379733 0.5037547922474914 3.89496802259693e-07 0.3490006416040077 0.023859508069671978 58.141482995730335 30.0 -19.96810673811028 0.9358689480340452 57329.028 57403.051 23 24 "Minimization exited successfully."
01337221 54 0.6572234403819754 57359.96197051726 8.130113316739962e-06 0.12425414064720464 -0.2024222492975477 0.02042397091853765 0.9135625739254465 4.616150012404223e-07 0.5876298200875227 0.03720274345247311 44.18008798691936 35.0 -19.788854909139427 1.0398987715828554 57325.023 57407.048 23 31 "Minimization exited successfully."
01337228 54 0.5424868326160138 57356.99847615182 7.005897128189998e-06 -1.1298971008772463 -0.014838973710391834 0.037111733169559735 1.1461679836029361 5.987142746785579e-07 0.7887383314103418 0.1183286233169698 27.762912490571953 35.0 -19.117255750994786 1.2851836361923326 57325.023 57407.048 23 31 "Minimization exited successfully."
01337272 48 0.5245648975090987 57358.485716596064 1.0130110896189316e-05 -0.6495839876036511 -0.005891455392828759 0.08683785713853301 1.1642028857932019 5.519542607038137e-07 0.629818986943083 0.12041717430248004 25.408580375234767 31.0 -19.429667463456862 1.181105935567043 57325.068 57427.057 20 28 "Minimization exited successfully."
01337325 48 0.654319785363667 57357.93570271206 7.228019126404029e-06 0.5912917712179206 -0.09877811130800004 0.025103230461334225 0.7907401131851657 4.212806974060454e-07 0.6403671006470391 0.04577920286430019 32.26931583398384 31.0 -19.64819680730079 0.9503508200913764 57325.068 57427.057 20 28 "Minimization exited successfully."
01337649 36 0.2622298315049469 57363.17838923285 3.99402499499657e-05 1.0207494878963725 0.10410551331142631 0.008639240481015026 0.20142206045784405 5.445122843353307e-07 0.15836582074896421 0.01788204261883783 27.422094969580485 22.0 -19.149938505420188 0.8687577057505038 57339.162 57408.057 12 24 "Minimization exited successfully."
01337655 42 0.8253426473200222 57364.35351327375 4.083297790563601e-06 1.471976448915096 -0.07953518664640447 0.01760176493379839 0.6626973022575839 1.2364874051595843e-07 0.386475960383005 0.03459250340854275 45.36595873235723 27.0 -19.649352825561483 0.7998763671837565 57325.078 57408.041 19 23 "Minimization exited successfully."
01337687 47 0.30979452882754566 57361.227213879196 3.804060333782167e-05 0.9484526053969109 -0.07306736196072502 0.014747610272729805 0.328314604867046 5.219788110799622e-07 0.17038102311602277 0.02217310912996638 40.87269246788424 31.0 -19.513325014295482 0.8874712811346228 57339.295 57425.154 12 35 "Minimization exited successfully."
01337703 58 0.52974483911961 57358.63998410573 1.2367531812076949e-05 -1.2018109138612916 -0.15755937481329862 0.032290917546345776 0.8175106182134186 6.244879509995084e-07 0.4526894511814348 0.04501582818980231 25.920991467544404 39.0 -19.67300008120961 1.3128091959311554 57325.12 57425.154 24 34 "Minimization exited successfully."
01337838 42 0.32834561290240305 57364.8178713304 3.440626489688015e-05 0.9541564044021396 -0.04660889450578665 0.012227917188810111 0.23560182599612745 4.5909651170822555e-07 0.19364892088297148 0.020727122204227566 59.46969331576545 26.0 -19.55091961648401 0.8855382506075031 57339.148 57427.068 14 28 "Minimization exited successfully."
01338128 42 0.3451929219914841 57366.86408711695 2.4897084939154437e-05 -0.45017734904087625 -0.06093101186996919 0.016186747954386932 0.41191483351940406 8.062535474653857e-07 0.37865164156933306 0.03423379949844407 16.53422681383971 26.0 -19.325564902754913 1.1439538740153452 57339.019 57407.048 15 27 "Minimization exited successfully."
01338170 42 0.4450943837515276 57363.941646929256 1.5907517667365644e-05 -0.4267793780901137 -0.0526067471149573 0.02379120326957007 0.7919746769111953 8.051396272273911e-07 0.6477642494324621 0.04315002719123823 24.610253994019676 26.0 -19.49149195871683 1.1387505092757593 57339.019 57407.048 11 31 "Minimization exited successfully."
01338233 52 0.5853913943622622 57355.781822538724 5.782587449207344e-06 -1.428952428303767 -0.09677723122560311 0.0704627465978725 1.38925684077185 5.938932764390503e-07 1.0780384190938435 0.1060429676674767 18.925745428207648 34.0 -19.10973569471934 1.3615320393053914 57319.276 57427.057 24 28 "Minimization exited successfully."
01338266 80 0.6312984639201086 57366.2519909623 5.174571524543815e-06 -0.2654465392696399 -0.06377770041373229 0.049909121539179035 1.113893998968706 2.704582295592897e-07 0.5975052792238129 0.052126972168288155 51.50415590557585 54.0 -19.18933840227041 1.1074533967326907 57339.033 57427.068 33 47 "Minimization exited successfully."
01338278 40 0.49515496881474486 57367.51509122575 8.266234928938631e-06 1.6837784610615163 0.17631374352135626 0.029206557115721454 0.9563576273467334 4.6314786384254996e-07 0.7980613549519595 0.07264333344739957 21.653764852476534 25.0 -19.061587241146725 0.7574724988042121 57339.033 57427.057 16 24 "Minimization exited successfully."
01338387 41 0.5579012098200705 57363.22044713239 9.623442295869645e-06 1.6137654652131292 -0.08599458816320099 0.028731614348852075 0.7985464579760446 3.937219723387791e-07 0.5343192401787649 0.05871771767526621 35.327688061756085 26.0 -19.5381163849597 0.7765922239340277 57329.169 57428.056 16 25 "Minimization exited successfully."
01338430 37 0.5791420828819749 57362.493444834465 1.2387928302828867e-05 0.3832889881779762 -0.1976579800899083 0.03749501924334381 0.8110654305310163 6.273412343577039e-07 0.426629663689978 0.0396373199509273 7.545334146362847 23.0 -19.911144398291057 0.9917706994890629 57339.117 57428.056 12 25 "Minimization exited successfully."
01338471 46 0.5108800272551857 57351.02554265574 6.880188412969335e-06 -1.1900355934350189 0.028137635990563292 0.06077112372022134 1.1419467911800893 6.300647559687176e-07 0.9643915747786154 0.07980232516817987 19.658285911927713 29.0 -18.940152349614376 1.295303234493712 57319.134 57428.056 17 29 "Minimization exited successfully."
01338675 34 0.31498625771666006 57371.75602799214 2.0440053215434186e-05 -0.0370589003822861 0.08916280470059224 0.01216156168534685 0.21256134127179394 4.030402086047099e-07 0.19309274233146967 0.023613690078731597 10.365044686468135 21.0 -18.880225957208424 1.0552889266877266 57339.046 57408.041 15 19 "Minimization exited successfully."
01339002 36 0.3025527054307793 57369.78137469236 2.1352385377901298e-05 -1.27335433845696 0.12481386528372712 0.019335831185827934 0.5048558938542556 7.594521093320927e-07 0.36595517939356936 0.043448182528657564 15.475662622418469 21.0 -18.8260276712943 1.3060983324092952 57345.071 57427.068 12 24 "Minimization exited successfully."
01339149 36 0.4704230310653076 57373.93896523783 1.2413948761449968e-05 -0.42166002152152604 0.0636305237988336 0.028181301149000082 0.6202753721081535 5.439629525164085e-07 0.5035806460250809 0.04154945464248125 11.19706261215453 22.0 -19.366154107448658 1.1306027042096574 57345.068 57427.068 17 19 "Minimization exited successfully."
01339392 29 0.12696439264468978 57369.99118001922 0.0001404480876137121 -0.7729418413380462 -0.004943332137941903 0.008534107744755923 0.5146144274622202 1.2725621874351559e-05 0.4636833027849514 0.05712609256304228 4.822133265034022 12.0 -18.7623534956873 1.2067744411603343 57345.331 57426.147 11 18 "Minimization exited successfully."
01339450 51 0.687462344201181 57371.091571844394 6.89299470535143e-06 -0.9478022117397309 0.021078796603097083 0.06334389559021686 1.3493713763091364 5.671231571760529e-07 0.8915287526657445 0.10276130395557527 21.67470170959992 33.0 -19.72675914762091 1.2422571867584509 57339.281 57426.147 20 31 "Minimization exited successfully."
