analysis_pipeline/fit_results/des_4_salt2_2.4_blue.ecsv
# %ECSV 0.9
# ---
# datatype:
# - name: obj_id
#   datatype: string
# - name: num_points
#   datatype: int64
# - name: z
#   datatype: float64
# - name: t0
#   datatype: float64
# - name: x0
#   datatype: float64
# - name: x1
#   datatype: float64
# - name: c
#   datatype: float64
# - name: z_err
#   datatype: float64
# - name: t0_err
#   datatype: float64
# - name: x0_err
#   datatype: float64
# - name: x1_err
#   datatype: float64
# - name: c_err
#   datatype: float64
# - name: chi
#   datatype: float64
# - name: dof
#   datatype: float64
# - name: b_max
#   datatype: float64
# - name: delta_15
#   datatype: float64
# - name: tmin
#   datatype: float64
# - name: tmax
#   datatype: float64
# - name: pre_max
#   datatype: int64
# - name: post_max
#   datatype: int64
# - name: message
#   datatype: string
# schema: astropy-2.0
obj_id num_points z t0 x0 x1 c z_err t0_err x0_err x1_err c_err chi dof b_max delta_15 tmin tmax pre_max post_max message
[from data line 156]
01335564 15 0.6077 57343.165400898004 6.144908681099404e-06 0.02880101612772945 0.2999999905590837 0.0 1.636296248780127 5.880673193292549e-07 1.1681373660430714 0.5124018915206419 5.830797180710085 11.0 -19.279881722267756 1.031512615032586 57311.284 57427.068 6 9 "Minimization exited successfully."
01335694 11 0.2591 57347.61926050565 4.4251967786518304e-05 0.802613921979872 0.2999851618972486 0.0 0.19315970303068752 7.356899243859987e-07 0.21035781460103253 0.48244517920886554 17.46610605306337 7.0 -19.235507903749212 0.8973946881243613 57325.214 57408.053 5 6 "Minimization exited successfully."
01335717 13 0.3048 57346.66985090986 2.0034963804038686e-05 -0.23859467779388144 0.29161259367827935 0.0 0.22041498234466417 1.7158103811004674e-06 0.2244321938833551 0.5782400205074526 4.305170132303129 9.0 -18.779757891001402 1.0812425405817194 57325.182 57408.092 4 9 "Minimization exited successfully."
01335718 29 0.6993 57351.38763249912 5.866132680326653e-06 0.4205412753754909 -0.1878450751419008 0.0 0.43457313346880255 2.155456752972464e-07 0.34333465450014566 0.05223029609429586 28.735738536184208 25.0 -19.599665191768906 0.9845875467280862 57318.106 57426.067 11 18 "Minimization exited successfully."
01335868 17 0.6194 57346.37723228744 6.080449200687732e-06 0.5286327756782137 0.2999999823263719 0.0 1.3473328678810503 5.791350693756804e-07 1.0567812851378067 0.5169266131646331 8.981084742390408 13.0 -19.319306721418243 0.9436769852937061 57315.234 57425.151 7 10 "Minimization exited successfully."
01336008 24 0.438 57347.95358482496 1.9297453475469742e-05 0.4716544639043079 -0.022386344010620562 0.0 0.396192014683038 6.979963904432673e-07 0.37953902289339303 0.0505876417523248 11.200167129658107 20.0 -19.66012307456394 0.9682707313609278 57325.012 57403.049 11 13 "Minimization exited successfully."
01336009 25 0.3416 57344.42397245291 1.4356327246153877e-05 -0.3122062425397667 0.09515743555410922 0.0 0.46939875883981586 7.669270635168864e-07 0.4591019707911068 0.06229450996249972 10.366489316268794 21.0 -18.701689079745204 1.1072532310119918 57325.012 57403.049 9 16 "Minimization exited successfully."
01336453 9 0.1848 57354.73127376438 8.221650523881353e-05 0.7029791776693024 0.2999999975801701 0.0 0.1895246746025805 1.6309918847240437e-06 0.2145898515268314 0.5633341543427334 6.798111007316258 5.0 -19.081087949891085 0.9140959972509215 57329.171 57403.099 3 6 "Minimization exited successfully."
01336480 7 0.256 57350.4174125306 4.028117202765358e-05 0.04439620695352575 -0.15285319688149684 0.0 0.5561195056543511 2.8160628991552583e-05 0.6587615843653487 0.5263447216691546 6.760967479131589 3.0 -19.099240018405165 1.0525647584373878 57329.171 57396.099 3 4 "Minimization exited successfully."
01336687 12 0.2337 57351.23443892477 3.838909045841e-05 0.4741623012397427 0.2999997676076512 0.0 0.2750601608604484 7.513158120198156e-07 0.2564962741618553 0.5923310461652092 5.897295643355284 8.0 -18.826080478661382 0.9530199586649353 57327.065 57403.062 5 7 "Minimization exited successfully."
01337117 11 0.5539 57361.937245875895 1.0801052266312672e-05 0.5098887316825329 0.29999978696089974 0.0 0.850630532419018 4.887855736407376e-07 0.6178623847538147 0.5127898789066692 13.406818453938747 7.0 -19.647915750060243 0.9468863455609764 57329.033 57403.049 5 6 "Minimization exited successfully."
01337221 28 0.6688 57358.1035492032 7.626925836556886e-06 -1.5536060884408376 -0.1095793527721797 0.0 0.9544347070768708 8.269139472771856e-07 0.7357267604793061 0.13082620265468253 18.89787136831624 24.0 -19.76353984830336 1.3931166722103256 57325.027 57407.048 12 16 "Minimization exited successfully."
01337228 14 0.5788 57358.40158343815 7.410048088327126e-06 -1.3577933872336536 -0.2953306657004905 0.0 1.958711640611 1.8702186829033798e-06 1.2124961363199667 0.5455076228862632 7.091589135449994 10.0 -19.352932457384377 1.36077937898715 57325.027 57407.046 6 8 "Minimization exited successfully."
01337272 12 0.5027 57356.39070135055 1.3257890199538936e-05 -1.4158136549317635 -0.299960099319233 0.0 1.2671420605875028 8.856108897559172e-07 1.075307669402732 0.5989902851185513 7.8311342218467805 8.0 -19.614293763585387 1.3753803553642676 57325.073 57427.054 5 7 "Minimization exited successfully."
01337325 12 0.6387 57356.15826999632 6.566157503315462e-06 -1.2127234729943375 0.2999999924486158 0.0 1.3172134900451056 4.7260070553528655e-07 0.9265813846465016 0.5124709125515902 11.585570812094868 8.0 -19.48307147988244 1.2774752101485696 57325.073 57427.054 5 7 "Minimization exited successfully."
01337649 9 0.2491 57363.21176929301 3.5684526087895184e-05 1.1119592559348757 0.29999998975341396 0.0 0.31793664220822393 5.91691124766925e-07 0.2738862901754704 0.04709422546377712 8.80130548070986 5.0 -18.90470861869977 0.8463168703824273 57339.165 57408.053 3 6 "Minimization exited successfully."
01337655 10 0.8485 57362.220974041826 3.698073284991166e-06 -0.7094253288738832 0.29999944937551853 0.0 1.2855271615953825 1.8365348686683052e-07 0.748344902246039 0.5383001405248968 6.139294135008165 6.0 -19.618925225311713 1.1720095998413775 57325.141 57402.072 5 5 "Minimization exited successfully."
01337687 12 0.3195 57361.49142740538 3.2419871352917794e-05 0.9084907356863097 0.2999993876158304 0.0 0.2999896001565503 5.70952119954838e-07 0.21594258555649803 0.4861188849700417 13.385930839846448 8.0 -19.42210157229848 0.8797898162248501 57339.297 57425.149 3 9 "Minimization exited successfully."
01337703 15 0.5334 57359.693908271176 9.381711954012384e-06 -1.1171660634171694 0.2999997336240015 0.0 2.0513685665537196 9.180106046460806e-07 1.205657258014114 0.5126497696636653 6.6921030016140755 11.0 -19.394818642859025 1.2567400720370614 57325.124 57425.151 6 9 "Minimization exited successfully."
01337838 11 0.3119 57364.18800402598 2.9745583874826733e-05 0.568199534363413 0.2999999999999086 0.0 0.2622781118188868 5.412735099838421e-07 0.25028469732826886 0.4695873224984025 43.75069865003358 7.0 -19.267625913194816 0.9369215478641948 57339.151 57427.066 4 7 "Minimization exited successfully."
01338128 11 0.3117 57366.963994148726 2.934188365542878e-05 -0.32095675135044877 -0.2993785075252984 0.0 0.6639661968220025 2.0553533762665538e-06 0.5609679845644093 0.30023303853843253 4.943184705820229 7.0 -19.25008710741913 1.1315623574290257 57339.021 57407.044 4 7 "Minimization exited successfully."
01338170 22 0.389 57362.99194443361 1.7006742793201912e-05 0.10321140881006396 -0.056625152278563545 0.0 0.8648093614028767 1.306421199132046e-06 0.7291951379270678 0.09371291499068996 7.933214772929038 18.0 -19.217047456394535 1.0367610960985694 57339.021 57407.046 6 16 "Minimization exited successfully."
01338233 13 0.598 57357.25430464193 6.162701278930594e-06 -0.8953044123029246 -0.2980261834231837 0.0 2.591068018482474 1.0059504610498982e-06 1.599797474337691 0.3008156728837232 3.7152696173295796 9.0 -19.239362767371695 1.2532842738580463 57319.281 57427.054 6 7 "Minimization exited successfully."
01338266 40 0.6476 57366.9592982533 5.22349746066575e-06 -0.9396458492627842 -0.07310843729805969 0.0 1.1000931521048187 6.085998623908681e-07 0.9306187275592739 0.14504565021418075 31.797893519444656 36.0 -19.266912580027654 1.2473968083691602 57339.037 57427.068 17 23 "Minimization exited successfully."
01338278 10 0.5639 57366.031587884216 7.676674155843167e-06 0.6354615950231111 0.29999986142220153 0.0 1.495565519286174 5.44794459232667e-07 1.1034528644916175 0.5878901789811721 2.5041993063972203 6.0 -19.32440964031134 0.9254954489551075 57339.037 57427.054 4 6 "Minimization exited successfully."
01338387 10 0.5838 57363.660772190924 8.027120729245385e-06 1.0126741762910934 0.2999998524490132 0.0 1.2473912059031136 4.07310051268872e-07 0.833237571471229 0.39348320532437087 10.122925758992787 6.0 -19.4647117976663 0.8625967267281887 57329.173 57403.101 4 6 "Minimization exited successfully."
01338430 9 0.5089 57362.35027053392 9.836899645718211e-06 0.3729672070124166 0.29999983716709594 0.0 1.6434861945999728 6.020645253443372e-07 1.1320969821101836 0.5125738498489752 1.3450833227905155 5.0 -19.323883787665004 0.9705154636620392 57339.122 57403.101 3 6 "Minimization exited successfully."
01338471 11 0.5309 57352.474384067806 7.818932490810671e-06 -1.1782426553315597 -0.2968973277678093 0.0 2.3793146566749783 2.091515730941185e-06 1.6647921810700501 0.5478932894110395 2.0040461892355674 7.0 -19.18401245498151 1.3179346647226353 57319.137 57403.101 4 7 "Minimization exited successfully."
01338675 17 0.3306 57371.87004540084 2.051365368805347e-05 0.2533891140586837 0.06135512902160245 0.0 0.2021320861458662 5.751339038018163e-07 0.244213417249171 0.026390577777453184 6.296767803331289 13.0 -19.006304317878392 1.003441901145802 57339.046 57406.102 7 10 "Minimization exited successfully."
01339002 9 0.3025 57369.659202881194 1.9160556433256428e-05 -1.3080831442831582 0.29923333953962467 0.0 0.7343634811622906 1.4567839877244196e-06 0.596401487361335 0.3359161926288487 1.552411165100575 5.0 -18.71195132695802 1.2985987541957833 57346.027 57427.066 3 6 "Minimization exited successfully."
01339149 9 0.4678 57373.90398444437 1.0223265727665742e-05 -0.656815026023776 0.2998875111289094 0.0 1.0190849333957885 6.327229297053984e-07 1.0453892669808382 0.5996643484735766 4.7778147906825374 5.0 -19.145303951355633 1.1614924310634578 57346.029 57427.068 4 5 "Minimization exited successfully."
01339392 6 0.1804 57369.90209029461 0.0001701987671561822 -0.8059261950730354 -0.29883310973038574 0.0 1.1036511776292173 2.7768327044705454e-05 1.0032357924118114 0.3517788465569162 0.6295306093290964 2.0 -19.81142643772206 1.2335848952197246 57345.331 57426.145 3 3 "Minimization exited successfully."
01339450 13 0.5505 57369.22845369199 6.312617368020579e-06 -2.177280981654987 0.29987742896850106 0.0 1.8264066328229092 7.2078705578571e-07 1.2348537737493277 0.5116910759975698 8.086589878979495 9.0 -19.047124115308797 1.511647023238929 57339.286 57426.147 5 8 "Minimization exited successfully."
01340454 22 0.421 57375.33615289536 1.2691283209648186e-05 1.609831178499694 0.29999966924566074 0.0 0.42856706470411154 3.93826777286832e-07 0.45039329767120506 0.5126504182792967 11.327630517187204 18.0 -19.10885855131767 0.7656557086685822 57345.314 57425.151 10 12 "Minimization exited successfully."
01341370 16 0.409 57376.40561043311 1.5470186369365147e-05 1.3663687871087715 -0.027231196646617162 0.0 0.41200979632048984 7.914818589846445e-07 0.5592097425785392 0.05158992000315049 9.550271778890286 12.0 -19.244096455657747 0.8157758274577063 57347.079 57403.049 8 8 "Minimization exited successfully."
01341894 7 0.3121 57390.28135911368 2.4624741948403584e-05 -0.2833641809098304 0.2998113898588209 0.0 0.8350374446272326 1.2585591064942503e-06 0.7940970126606806 0.3821253678027685 1.835047992524249 3.0 -19.06350993093965 1.0891507653792196 57365.054 57427.052 4 3 "Minimization exited successfully."
01342255 6 0.2141 57390.67600291402 6.443696395306287e-05 0.8212700724243778 0.2999999271720644 0.0 0.3117446696269326 7.285284554250872e-07 0.44463580228204647 0.5204132085105919 0.9695525436103992 2.0 -19.174007448548146 0.8942817312298601 57365.11 57403.099 4 2 "Minimization exited successfully."
01343208 6 0.4993 57389.269594431156 8.423686445938051e-06 -2.2227329895594563 0.2999999999954664 0.0 1.657518307758437 3.5605932892923635e-07 1.0290899079758922 0.5912495235291895 1.2073990721971501 2.0 -19.104328833720782 1.5239499128420455 57356.144 57397.09 4 2 "Minimization exited successfully."
01343337 16 0.3389 57394.348060960096 1.555031840435317e-05 1.2205100358073002 0.2999996810465237 0.0 0.7575249042311043 4.913717347870819e-07 0.6786104655670839 0.5126721352223698 9.269148967102886 12.0 -18.77388820779138 0.8286170682060927 57372.226 57426.147 10 6 "Minimization exited successfully."
01343401 12 0.3829 57395.07025101999 2.4867971335151842e-05 1.1873833048082352 -0.04316087944750757 0.0 0.9893890180137532 1.2725303060040494e-06 0.9693203722756576 0.07512339030155236 2.167667320911641 8.0 -19.589944590662018 0.846093793564787 57372.048 57427.054 6 6 "Minimization exited successfully."
01343533 16 0.368 57389.86451471087 1.556750742252311e-05 -0.9545484097397066 -0.001609299677203968 0.0 1.4110699554912571 1.8601116672456458e-06 1.4941534021473661 0.16410832294054326 2.3762933815500262 12.0 -18.978258407665884 1.2454060175993007 57365.039 57407.046 10 6 "Minimization exited successfully."
01343759 7 0.508 57394.32253058117 1.0136040319311257e-05 -1.3338820024143037 0.29999984347567926 0.0 0.5743724508647574 2.2293593533173668e-07 0.7049585566680523 0.5943008747571285 4.258733388327718 3.0 -19.350789263322657 1.304290361343508 57365.223 57425.071 4 3 "Minimization exited successfully."
01343871 7 0.6379 57390.11983845507 5.457690672960869e-06 0.7281542774596148 0.29999994086008447 0.0 1.8318409292187425 3.929092050297676e-07 1.3494623803318142 0.31115240377334197 2.5042319024803628 3.0 -19.280211040622557 0.9098627102670598 57355.228 57408.055 4 3 "Minimization exited successfully."
01344692 14 0.3795 57394.12040496064 8.319656962921251e-06 -1.2456138372626409 0.29999999995024923 0.0 1.5994404162993305 7.375364643028014e-07 1.6514954884474093 0.4638661574845641 3.4533454181572045 10.0 -18.381397601772214 1.2846954725527198 57366.056 57427.068 8 6 "Minimization exited successfully."
01345553 6 0.3189 57394.79426313288 3.6536140249293635e-05 1.2178945465018876 -0.29979978453384415 0.0 1.1148450455220882 1.7981232318137224e-06 1.1048497321405242 0.3824900119997788 4.097500634212895 2.0 -19.547069440025226 0.8491392333079766 57372.048 57427.052 3 3 "Minimization exited successfully."
01345582 7 0.4588 57397.15288522752 1.101975652928744e-05 -2.238538647247306 0.29999986160980635 0.0 1.2982188968853734 5.864939249658477e-07 1.4081733368059852 0.5126066520456138 1.382176645253124 3.0 -19.175556169362736 1.5282642336916048 57365.056 57427.054 5 2 "Minimization exited successfully."
01345594 11 0.4224 57396.87440801664 1.9530148424701245e-05 -1.9040624426322665 -0.04325232203560092 0.0 1.535489934423822 1.7849369786104869e-06 1.4005634037840287 0.12072739988849061 3.287551109850087 7.0 -19.578106133281217 1.4764642554675333 57372.048 57427.054 8 3 "Minimization exited successfully."
01346137 14 0.3635 57403.5048403773 2.0346068647453253e-05 1.3770593041018957 0.058045132437975044 0.0 1.1056223628511361 1.3750139094076404e-06 0.9430558143278862 0.08182657621762954 0.825251866206292 10.0 -19.239470289751644 0.8112925241508719 57375.048 57425.151 10 4 "Minimization exited successfully."
01346387 13 0.3445 57394.84953488713 1.7111690221802147e-05 -1.777847340140451 -0.02390484259964709 0.0 0.1927391022509255 4.1980469390190265e-07 0.3205004586367204 0.024282163651709626 8.950487414035427 9.0 -18.912528286409678 1.441544187116694 57372.136 57426.118 6 7 "Minimization exited successfully."
01346956 10 0.3335 57413.313715921744 3.1759938610792515e-05 1.99999182157634 0.02758634697535156 0.0 0.26697516641797847 1.1678342855467316e-06 0.8295078245616323 0.039984514281175054 4.153743690071645 6.0 -19.504743389952026 0.709675658869525 57387.181 57426.147 8 2 "Minimization exited successfully."
01346966 14 0.3355 57407.469520694794 3.44944119836349e-05 0.5759272303605028 -0.011116603554000515 0.0 0.6995266441772401 1.7354849774983694e-06 0.6768673452293212 0.05127161653748555 5.113617656990465 10.0 -19.60785086948991 0.9493937813073074 57376.057 57426.147 10 4 "Minimization exited successfully."
