analysis_pipeline/fit_results/des_4_sn91bg_color_interpolation_red.ecsv
# %ECSV 0.9
# ---
# datatype:
# - name: obj_id
#   datatype: string
# - name: num_points
#   datatype: int64
# - name: z
#   datatype: float64
# - name: t0
#   datatype: float64
# - name: x0
#   datatype: float64
# - name: x1
#   datatype: float64
# - name: c
#   datatype: float64
# - name: z_err
#   datatype: float64
# - name: t0_err
#   datatype: float64
# - name: x0_err
#   datatype: float64
# - name: x1_err
#   datatype: float64
# - name: c_err
#   datatype: float64
# - name: chi
#   datatype: float64
# - name: dof
#   datatype: float64
# - name: b_max
#   datatype: float64
# - name: delta_15
#   datatype: float64
# - name: tmin
#   datatype: float64
# - name: tmax
#   datatype: float64
# - name: pre_max
#   datatype: int64
# - name: post_max
#   datatype: int64
# - name: message
#   datatype: string
# schema: astropy-2.0
obj_id num_points z t0 x0 x1 c z_err t0_err x0_err x1_err c_err chi dof b_max delta_15 tmin tmax pre_max post_max message
01248677 16 0.3502 56586.74196101979 5.551115123125783e-18 1.2489116910049467 0.24760050987802623 0.0 0.007771567095915088 0.0 3.964908889986241e-06 0.21382034866250707 8188.5302222769515 12.0 -15.824285480611682 1.4574859601995627 56538.281 56629.077 8 8 "Covariance may not be accurate."
01250017 30 0.1817 56583.22411564382 5.551115123125783e-18 1.235636118209534 0.01053757909516434 0.0 73.48670434660016 0.03207688919611251 0.3395387861530595 0.569541072299869 12618.888786240848 26.0 -14.666245183725593 1.4660770625640787 56536.245 56616.08 18 12 "Covariance may not be accurate."
01253039 20 0.4535 56586.152044601804 5.551115123125783e-18 1.2301901883646051 0.003804129418447766 0.0 85.10327571189191 0.0315418158319766 0.4204406921863714 0.6399508345245201 694.5178232799528 16.0 -16.965674927371115 1.4696609799859779 56547.274 56653.094 8 12 "Covariance may not be accurate."
01253101 17 0.4596 56583.72061013996 2.7755575615628915e-18 0.6500000000000007 0.0017493088078582297 0.0 89.74985132306756 0.031098343204703012 0.37318013238972775 0.6321043219129376 517.2986505482729 13.0 -16.251047435512692 2.262339204639609 56543.099 56657.052 7 10 "Covariance may not be accurate."
01253920 29 0.1956 56584.97630086266 9.159339953157542e-17 1.0561102707928431 3.930231235066417e-05 0.0 0.009471476594626438 0.0 4.8615432937992864e-05 0.0006992682796026217 3022.7233355415324 25.0 -17.904880296579712 1.6142083062294006 56559.195 56649.173 10 19 "Covariance may not be accurate."
01255502 19 0.1482 56606.15814416868 3.4416913763379854e-16 1.2288183144630758 0.5534056489654814 0.0 75.5979708359373 0.030748589488785776 0.4106749553942696 0.6968891825674537 3706.326103636663 15.0 -17.610445799403397 1.470583905022341 56563.266 56653.077 9 10 "Covariance may not be accurate."
01257366 25 0.2114 56619.856268560085 2.1094237467877976e-16 0.6515049121958141 0.49818296952827973 0.0 0.0948522214021068 1.3877787807814407e-18 0.09693709790609067 0.003195265199442854 1007.111880612902 21.0 -18.02598458341298 2.2585776615294506 56594.14 56682.089 8 17 "Covariance may not be accurate."
01257695 25 0.1838 56606.27299097665 1.637578961322106e-16 0.8489277943557622 0.5000025391161396 0.0 0.1380871010987903 0.0 1.597400603137178e-05 2.9914860264518284e-05 4402.999712318889 21.0 -17.40710337813053 1.8690310571473177 56590.029 56675.078 7 18 "Covariance may not be accurate."
01258906 15 0.3492 56611.21111393046 5.551115123125783e-18 0.6500245017229345 0.4992443485603528 0.0 2.2031051611593284 0.0 1.91068677218853e-06 0.0003086605670737097 524.8674266684312 11.0 -15.323888944223146 2.2622947784420298 56594.019 56695.038 4 11 "Covariance may not be accurate."
01258940 18 0.4259 56656.94863838104 8.326672684688675e-18 1.2094425855782083 0.3114208959510576 0.0 94.5058762677254 0.033180033765948254 0.45556452347098764 0.6514872016191138 329.48162707021845 14.0 -16.6589285392173 1.483735276684456 56590.318 56697.043 12 6 "Covariance may not be accurate."
01259412 24 0.3047 56612.99947267682 6.938893903907228e-17 0.7370918749131397 0.12948940565757816 0.0 67.89442684795722 0.030930165529170106 0.3394000518634542 0.5560965818943046 4352.743916696029 20.0 -18.471892198225454 2.064203632443405 56602.205 56696.024 4 20 "Covariance may not be accurate."
01261579 20 0.3222 56671.79220536527 8.326672684688675e-18 1.1083748004540228 0.20190553851738957 0.0 0.003698529199027689 0.0 2.035337609529453e-05 0.26434954075355016 13897.364399844493 16.0 -16.160183206718777 1.5647847979464693 56615.111 56696.025 14 6 "Covariance may not be accurate."
01262214 0 0.6894 nan nan nan nan 0.01 nan nan nan nan nan nan nan nan nan nan 0 0 "Empty table passed to fit_lc."
01262715 0 0.6894 nan nan nan nan 0.01 nan nan nan nan nan nan nan nan nan nan 0 0 "Empty table passed to fit_lc."
01263369 18 0.3125 56662.78056629075 3.608224830031759e-17 0.6500330276654883 0.10943315460307784 0.0 0.07030857178324368 1.3877787807814438e-18 0.00010612393906755946 0.0010820759504646116 514.2184164189872 14.0 -17.863727666940353 2.2622596360181397 56645.14 56697.043 8 10 "Covariance may not be accurate."
01263715 18 0.2919 56661.11466492824 2.248201624865942e-16 0.8436730601320352 0.9871412403615465 0.0 22.759901092336804 0.0 0.0026949757593784374 0.003117424343351105 923.1567698369048 14.0 -17.941461457884408 1.8769778655124583 56645.054 56694.039 8 10 "Covariance may not be accurate."
01275946 38 0.2321 57286.86003453684 2.7755575615628915e-18 0.6500000000004523 4.0684337602125975e-05 0.0 74.51190875331667 0.0398718120402345 0.478462033381294 0.6175988606096805 16137.467271234264 34.0 -14.526320770131765 2.2623391573754894 57248.378 57329.035 16 22 "Covariance may not be accurate."
01279500 23 0.235 57269.94391339647 8.326672684688675e-18 0.6500247709056834 0.0007842496858216919 0.0 58.67315284232973 0.03087713162369523 0.36888499232510696 0.6029665186664235 18805.773870670953 19.0 -15.748491215590612 2.262276845191902 57249.318 57317.099 7 16 "Covariance may not be accurate."
01280217 17 0.359 57293.94119529088 2.7755575615628915e-18 0.6500002161543778 0.00019132782246961133 0.0 70.8561443857725 0.031122048225521656 0.37330969572565165 0.6206997723773129 646.5943753651541 13.0 -15.617739715049687 2.2623386175903235 57248.395 57329.175 9 8 "Covariance may not be accurate."
01281668 43 0.3071 57263.72022299635 5.551115123125783e-18 0.6785314987547395 0.5146290711036731 0.0 80.34961801529789 0.030822788812596112 0.41720118729443995 0.7146600033172322 2860.884347851129 39.0 -14.973813588834268 2.1932041052012607 57248.378 57342.028 8 35 "Covariance may not be accurate."
01281886 19 0.455 57266.675433415956 5.551115123125783e-18 1.2058453722528677 0.5005751061035763 0.0 72.2354797343396 0.032915429622551756 0.45387784437198464 0.7327603617521067 296.31268236689596 15.0 -16.00120805655447 1.4862590219453757 57248.395 57345.234 4 15 "Covariance may not be accurate."
01282736 20 0.455 57260.982456067606 2.7755575615628915e-18 1.0711211456403877 0.5188257380367218 0.0 4.809526086097321 0.0 0.00036277008017226997 0.0006633350562106899 301.0753810967521 16.0 -15.21947558679146 1.59960063860294 57249.286 57346.032 3 17 "Covariance may not be accurate."
01283373 33 0.455 57266.66951714019 8.049116928532386e-17 1.0909743426140397 0.4264072195024692 0.0 71.96370941128043 0.030746232542775802 0.4438194642204481 0.6911615540253353 406.9100982203099 29.0 -19.073681715391025 1.580769447248354 57250.337 57332.081 5 28 "Covariance may not be accurate."
01283878 28 0.455 57339.17610695244 2.7755575615628915e-18 0.6535300023264788 0.00019023896314518396 0.0 65.7582471860369 0.031126446750241496 0.39239737643091577 0.6206834436996039 485.7338802274822 24.0 -16.227380434315954 2.253501838759462 57249.322 57339.072 28 0 "Covariance may not be accurate."
01283936 23 0.455 57262.75412743947 2.7755575615628915e-18 0.7926662564812927 0.15774620924899957 0.0 71.52181149578973 0.031928307097057025 0.44731180456244696 0.7320261764452637 349.41796444907413 19.0 -15.945555776472656 1.9595288939143352 57248.38 57347.084 4 19 "Covariance may not be accurate."
01285160 0 0.7493 nan nan nan nan 0.005 nan nan nan nan nan nan nan nan nan nan 0 0 "Empty table passed to fit_lc."
01285317 24 0.455 57300.07602914547 0.0 0.8199612840329333 0.5147978519815474 0.0 0.0 0.0 0.0 0.0 420.72280025675724 20.0 inf nan 57248.38 57356.127 13 11 "Hesse Failed. Covariance may not be accurate. Covariance not positive definite."
01286398 26 0.455 57298.952804021326 2.7755575615628915e-18 0.6500000008127089 0.006964389523305192 0.0 74.92872161182822 0.03301881459650059 0.3962154952253035 0.6483130220170558 4004.3529233695804 22.0 -16.216655451148476 2.2623393483146756 57249.318 57329.116 16 10 "Covariance may not be accurate."
01287626 13 0.455 56672.8720308378 1.942890293094024e-17 1.2488991376800935 0.1654154992028738 0.0 42.94775870565718 0.0307462563734255 0.37952837578178683 0.5794225268387859 1779.0537433516397 9.0 -18.042523424159498 1.457490184758548 56653.052 56697.072 6 7 "Covariance may not be accurate."
01289288 44 0.455 57339.584857356145 0.0 1.2413790912066278 0.5150860012761119 0.0 0.0 0.0 0.0 0.0 518.6266232250018 40.0 inf nan 57248.378 57347.084 39 5 "Hesse Failed. Covariance may not be accurate. Covariance not positive definite."
01289555 21 0.455 57260.29236283004 5.551115123125783e-18 1.2202849907952147 0.5048056804914157 0.0 101.46470621947446 0.0 0.00013729950729446383 0.0006270681790187527 186.21686266891462 17.0 -15.994518604430542 1.4762993604416401 57248.396 57365.115 3 18 "Covariance may not be accurate."
01289600 16 0.455 57278.776029994275 3.885780586188048e-17 1.0740859510362741 0.49437588483696526 0.0 0.9594079693961248 0.0 0.0001426846762342393 0.00015043154736940623 102.49992264387213 12.0 -18.128669812921018 1.5967517766904926 57253.285 57365.135 3 13 "Covariance may not be accurate."
01289656 21 0.455 57288.18056966261 1.1102230246251566e-17 1.156762628704311 0.009161544023983781 0.0 84.95465642487034 0.0314398203508449 0.4483178404423965 0.5727326317420572 201.36885592640908 17.0 -17.718304110968504 1.5233464336452656 57250.337 57355.245 6 15 "Covariance may not be accurate."
01289664 35 0.455 57277.90975808761 9.992007221626409e-17 1.2460564959055465 0.5105788503143065 0.0 0.2562957669069874 0.0 5.83614711979763e-06 6.038038719169414e-05 1164.891875081739 31.0 -19.12350422710971 1.4593264148745035 57252.307 57345.234 10 25 "Covariance may not be accurate."
01290779 12 0.455 56887.65952139001 2.7755575615628914e-17 1.2405301467748928 0.5141720169419778 0.0 1.0155790654098382 0.0 0.0007452256423878811 0.005354403566749044 79.50393377567674 8.0 -17.72698512475831 1.4628998739435346 56887.398 56973.322 1 11 "Covariance may not be accurate."
01290816 20 0.455 56896.36405162269 2.498001805406602e-16 0.6671047116714959 0.4988293409336447 0.0 0.0019978031414211728 0.0 0.008070676831614443 0.00019087776239362642 4944.231951990311 16.0 -20.13803461772732 2.2203161197268884 56887.395 56960.278 4 16 "Covariance may not be accurate."
01291080 14 0.455 56948.54173763123 5.551115123125783e-18 0.6500081504198834 0.015124276604317255 0.0 74.85652796289651 0.030889167374063522 0.36972973304052714 0.6627979756013634 182.4913577240832 10.0 -16.95616928066534 2.2623190729088094 56887.275 56973.078 10 4 "Covariance may not be accurate."
01291090 25 0.455 56899.93503261884 1.9151347174783951e-16 0.657528761387874 0.5001630240553362 0.0 64.13429340821676 0.030746556105781454 0.3391276484934204 0.7104095261173571 937.1967911462915 21.0 -19.846405084078874 2.2436142281986946 56887.215 56973.028 4 21 "Covariance may not be accurate."
01291794 18 0.455 57284.56150285421 2.7755575615628915e-18 0.6500000001982652 0.00131258437261228 0.0 81.67642955190968 0.03134756222571394 0.3761756461263456 0.6298560211707095 169.49363914474932 14.0 -16.225610807156222 2.2623391920379348 57252.296 57356.174 6 12 "Covariance may not be accurate."
01291957 15 0.455 56936.38472304048 1.1102230246251566e-17 1.0332038876619083 0.013718553469977912 0.0 87.0944444693414 0.031098755249654414 0.40348696302313386 0.562831428175335 620.6872531428224 11.0 -17.7110057378617 1.6372178942134887 56877.186 56980.031 9 6 "Covariance may not be accurate."
01292145 19 0.455 57262.62081682137 1.1102230246251566e-17 0.6501853462020302 0.31347599771125395 0.0 70.97571708500254 0.033399532431787476 0.39575190526697773 0.6523094482591616 107.21348914191701 15.0 -17.138883378500037 2.261884838608811 57252.296 57356.174 3 16 "Covariance may not be accurate."
01292195 0 0.8293 nan nan nan nan 0.005 nan nan nan nan nan nan nan nan nan nan 0 0 "Empty table passed to fit_lc."
01292332 25 0.455 56900.3402296975 9.159339953157542e-17 1.1155678016135342 0.1770489958387813 0.0 61.407509642493096 0.0308607630533531 0.44331301602124235 0.7374113138062068 203.487749803325 21.0 -19.701684192358083 1.5583360379089157 56890.333 56973.19 3 22 "Covariance may not be accurate."
01292336 25 0.455 56899.71534053296 7.216449660063518e-17 1.129232868564195 0.47193589925095325 0.0 0.028157867531263037 1.387778780781447e-18 0.011522379529508076 0.0003093515678848635 614.4376094075753 21.0 -18.85420130609961 1.5463646499865789 56890.333 56973.19 3 22 "Covariance may not be accurate."
01292560 27 0.455 56935.48089867217 6.383782391594651e-17 0.6500467822758852 0.014058613276663356 0.0 74.62986045782236 0.032941453122519795 0.3977490830354096 0.5621589503212042 4294.677059129742 23.0 -19.609628586944865 2.262221834549784 56890.263 56973.042 15 12 "Covariance may not be accurate."
01293319 29 0.455 56963.75888278077 5.551115123125783e-18 0.6500334459329107 0.0007329920699033488 0.0 79.00790662729923 0.030831427770993753 0.37186376383847436 0.6033694047561609 5905.572604871169 25.0 -16.979100005653155 2.262255015296528 56887.272 56980.072 25 4 "Covariance may not be accurate."
01293758 18 0.455 56939.563996071854 7.216449660063518e-17 0.6500009404723482 0.006850763974316054 0.0 75.80653613101094 0.030797953851099395 0.36989228239128324 0.6480545224572127 1183.4206984798734 14.0 -19.754269591686423 2.2623369805017823 56891.384 56980.044 8 10 "Covariance may not be accurate."
01294014 6 0.455 56922.55475282458 2.220446049250313e-16 0.6500000000000182 0.5000115836695624 0.0 0.4581347368693969 1.3877787807814407e-18 8.123755351752138e-07 0.0008191217911084347 23.014850514484817 2.0 -20.007245851110007 2.2623564660722444 56903.404 56990.199 2 4 "Covariance may not be accurate."
01294743 25 0.455 56876.46586577103 9.71445146547012e-17 0.7134243356140119 0.5000230150069691 0.0 0.008292423659440828 1.3877787807814407e-18 0.00018509022254664664 0.7464929913123508 1560.8456346697544 21.0 -19.10967314615869 2.1142365812904913 56890.285 56980.127 0 25 "Covariance may not be accurate. Covariance not positive definite. Covariance forced positive definite."
01295027 19 0.455 56931.878206362766 2.7755575615628915e-18 0.6500000060751528 0.5001427030491707 0.0 84.672711749281 1.3877787807814458e-18 2.3036088678263233e-06 0.03501083054798371 251.51591051817104 15.0 -15.249314342314293 2.262356451211293 56887.275 56992.069 7 12 "Covariance may not be accurate. Covariance not positive definite. Covariance forced positive definite."
01295256 17 0.455 56960.66459351337 2.7755575615628915e-18 1.169942113328772 0.0073396917685431 0.0 90.06070786111741 0.031215568488916462 0.44286446491134956 0.5773248606416475 556.3273340339414 13.0 -16.216058292438014 1.5128861052434814 56904.303 57012.089 8 9 "Covariance may not be accurate."
01295305 18 0.455 56948.75241018962 2.7755575615628915e-18 0.6500000000000112 0.0016071241811617676 0.0 95.45207423466127 0.031540326665808575 0.3784838962372105 0.6314085349282287 1326.7021034628808 14.0 -16.22514592507405 2.262339200697596 56890.285 57005.143 8 10 "Covariance may not be accurate."
01295921 13 0.455 56885.30044095638 8.326672684688675e-18 0.6501021514428019 0.020095852744649423 0.0 84.33187731607177 0.031666021356748335 0.3765036186926909 0.5512645160338063 201.95710117010094 9.0 -17.388361933526944 2.2620827060461863 56890.393 56990.201 0 13 "Covariance may not be accurate."
01296273 16 0.455 56923.60786071397 2.7755575615628915e-18 1.0224548872444545 0.5184504389849054 0.0 20.500491074402817 0.0 0.0003637337811284169 0.0006492296417799914 1337.0161656814564 12.0 -15.220083134324724 1.6483512549284498 56903.391 57003.049 3 13 "Covariance may not be accurate."
01296321 25 0.455 56931.62043371432 8.881784197001253e-17 1.1587521287476192 0.9339845401625021 0.0 59.90314261149979 0.030817428008567377 0.34266975153666496 0.5039362082739388 1340.4733653100354 21.0 -18.18623689699669 1.5217562626987657 56915.269 56990.188 6 19 "Covariance may not be accurate."
