analysis_pipeline/fit_results/des_5_sn91bg_color_interpolation_blue.ecsv
# %ECSV 0.9
# ---
# datatype:
# - name: obj_id
#   datatype: string
# - name: num_points
#   datatype: int64
# - name: z
#   datatype: float64
# - name: t0
#   datatype: float64
# - name: x0
#   datatype: float64
# - name: x1
#   datatype: float64
# - name: c
#   datatype: float64
# - name: z_err
#   datatype: float64
# - name: t0_err
#   datatype: float64
# - name: x0_err
#   datatype: float64
# - name: x1_err
#   datatype: float64
# - name: c_err
#   datatype: float64
# - name: chi
#   datatype: float64
# - name: dof
#   datatype: float64
# - name: b_max
#   datatype: float64
# - name: delta_15
#   datatype: float64
# - name: tmin
#   datatype: float64
# - name: tmax
#   datatype: float64
# - name: pre_max
#   datatype: int64
# - name: post_max
#   datatype: int64
# - name: message
#   datatype: string
# schema: astropy-2.0
obj_id num_points z t0 x0 x1 c z_err t0_err x0_err x1_err c_err chi dof b_max delta_15 tmin tmax pre_max post_max message
[from data line 49]
01295027 35 0.48612710808276094 56933.633380350446 5.551115123125783e-18 0.6500236053234678 0.000505099245574292 0.6431182474003407 85.96036666797227 0.031088776843648424 0.37144426804069636 0.6242619381978131 765.3973501482349 30.0 -17.151680747721198 2.2622797704077477 56887.27 56992.066 14 21 "Covariance may not be accurate."
01295256 16 0.47667528397292447 56959.95073308219 2.7755575615628915e-18 0.650603148346327 0.0015181605300222945 0.6387683373185047 89.34190070359182 0.030893322235015428 0.37864825468897106 0.5981947630789834 1247.3014936870477 11.0 -16.346319936111513 2.2608227565289276 56904.3 57012.086 6 10 "Covariance may not be accurate."
01295305 15 0.4770199923777966 56940.721643176694 0.0 1.2211271484544592 0.5106582142033992 0.0 0.0 0.0 0.0 0.0 1785.2026685773596 10.0 inf nan 56890.34 57005.11 6 9 "Hesse Failed. Covariance may not be accurate. Covariance not positive definite."
01295921 14 0.47632934198192767 56942.456419608505 2.7755575615628915e-18 0.6500010737518689 0.14629769326149844 0.6495600120316879 85.36721021695485 0.03189787421131984 0.38313300743443324 0.5673916584226317 242.5179272482877 9.0 -16.0878313736397 2.262341577839141 56890.39 56990.199 6 8 "Covariance may not be accurate."
01296273 31 0.025977212305213798 56925.02412967565 9.436895709313832e-17 1.1910502033264803 0.4211600167256613 0.4938916967448676 65.29110456884155 0.04359115878925862 0.4012797657467663 0.6569495992518883 145.9626680639314 26.0 -12.506854256353016 1.4969058514477744 56903.386 57003.047 6 25 "Covariance may not be accurate."
01296321 13 0.6139525886512938 56942.073687197764 3.469446951953614e-16 1.248116608551976 0.490376701696791 0.0007238697023938534 0.011139705886307638 2.775557561562906e-18 0.03714551492030993 0.0004996456002304694 2068.872434052074 8.0 -21.301396615177744 1.4580011920289593 56915.267 56990.183 4 9 "Covariance may not be accurate."
01296657 8 0.031984541109771676 56947.6127652175 3.7192471324942745e-16 0.6500687163109468 0.19070278384151385 0.6459854588072151 74.4194730301715 0.03306203775077406 0.39972355302667145 0.5941965062817827 1726.4782334732981 3.0 -14.904808676257776 2.2621735237269895 56904.221 56973.075 6 2 "Covariance may not be accurate."
01297026 13 0.7510004125359319 56940.8434090817 7.022160630754115e-16 0.9589094347580962 0.45314228751985713 0.6528375963245419 79.23987161673722 0.030746229204332114 0.42412114280193164 0.6986724617441983 636.3257236476774 8.0 -22.68989559831033 1.7194468765950148 56915.203 57001.06 4 9 "Covariance may not be accurate."
01297465 14 0.6441843770214257 56951.429978414475 3.8302694349567903e-16 0.6500000010356781 0.42476288401877726 0.6579491692250734 78.42491005171541 0.030746229851399562 0.36894429200058326 0.6906838902155576 4781.47268411999 9.0 -21.684400420200802 2.262353847882274 56912.304 57005.249 7 7 "Covariance may not be accurate."
01298281 15 0.8999908019225761 56941.63361528504 1.4682699500667697e-15 0.650003816290377 0.48298732428733476 1.708293123625637e-08 0.0003006977858603932 1.3877787807813668e-18 9.034889503212185e-09 0.00811203220417367 1329.6903361020704 10.0 -23.90761489660922 2.2623461954312525 56915.267 57003.045 4 11 "Covariance may not be accurate."
01298893 4 0.8999263221035775 56949.74584875555 1.1879386363489176e-15 0.6500259843274259 0.4998747795893478 0.0008921532756090422 0.006765672231267672 1.3877787807814654e-18 2.952824523116959e-06 0.000303106626335925 64.45056897976941 -1.0 -23.636452598940995 2.262291073331376 56943.247 56992.064 2 2 "Covariance may not be accurate."
01299643 33 0.4843798698618396 56943.572689280256 1.2767564783189302e-16 1.124696242295083 0.5072891498356089 0.00014895625032421145 0.41080751034314744 0.0 3.3052360427832106e-05 6.519041812264037e-05 945.3193339370782 28.0 -19.557721049078452 1.5503023918006775 56912.346 57018.075 8 25 "Covariance may not be accurate."
01299775 6 0.6573857414494381 56952.57805550961 1.945665850655587e-15 0.8132603689671469 0.281626223442416 0.006975103682522077 0.30143212982511614 1.942890293094012e-17 0.01883185062161641 0.01214299452406381 153.34331998706315 1.0 -23.769363869673487 1.9248714514328462 56927.224 57001.29 2 4 "Covariance may not be accurate."
01299785 33 0.4916344423817715 56964.055319175306 8.326672684688675e-18 0.6500001257977991 0.001336136810469457 0.6406973307214849 84.90889734299344 0.030799782396420727 0.36971333924905303 0.599248560988099 1079.725667092593 28.0 -17.61999974724515 2.2623388766239465 56920.294 57025.076 15 18 "Covariance may not be accurate."
01300516 17 0.6607916601335958 56968.25735386019 2.581268532253489e-16 1.2259172850476037 0.48365911476606605 0.6828495994673391 85.28433309403408 0.03219449145977826 0.31386955148109136 0.7215405713742487 985.2925698167586 12.0 -21.191579675933543 1.4725140985441065 56923.291 57018.088 8 9 "Covariance may not be accurate."
01300912 32 0.48799615574395305 56964.00079349691 5.551115123125783e-18 0.6500225501805657 0.005203568701538985 0.6790444611161437 85.97059243820331 0.03579049093732044 0.42765431140015486 0.6439996264602582 10120.038273465105 27.0 -17.15426253074354 2.262282556151213 56920.205 57018.21 16 16 "Covariance may not be accurate."
01301933 16 0.7690256573233157 56964.811987998306 3.247402347028583e-16 1.2184574769192436 0.5073694117589048 0.022589682866539895 0.07580135926400544 1.1102230246251575e-17 0.003563572878901522 0.024752886473473623 4285.055055482482 11.0 -21.79433605857875 1.4775384622286225 56924.193 57025.1 7 9 "Covariance may not be accurate. Covariance not positive definite. Covariance forced positive definite."
01302058 14 0.6691569847461869 56921.20916540887 3.5998981573470706e-15 0.6762674000568772 0.5021317734541798 2.8969915624399434e-05 0.47702669729551417 9.714451465469962e-18 6.934221571330834e-06 9.144614802669704e-05 7113.543913646546 9.0 -24.04317381935432 2.198521535730162 56935.363 57025.074 0 14 "Minimization exited successfully."
01302141 22 0.47312512846546095 57276.752510484825 1.1102230246251566e-17 1.1876023327339325 0.12865533909325194 0.6365615585383423 86.70304796209894 0.030772885473839044 0.32232037441680467 0.7262232361801839 71.47865459307086 17.0 -17.61011404012865 1.4994454247522526 57248.408 57365.041 6 16 "Covariance may not be accurate."
01302187 9 0.5416736667884168 56950.61887911806 1.4876988529977098e-15 0.6500000003478668 0.49977266414652344 0.6485747903936626 73.2727774779014 0.03074699725837181 0.36897000462121254 0.7103253937478939 342.2803776139761 4.0 -22.528563116978276 2.2623564559074154 56932.171 57012.201 3 6 "Covariance may not be accurate."
01302523 28 0.48777575309022514 57319.96525391701 0.0 0.9122594947261773 0.5000699544745276 0.0 0.0 0.0 0.0 0.0 3893.730151332088 23.0 inf nan 57265.391 57372.059 18 10 "Hesse Failed. Covariance may not be accurate. Covariance not positive definite."
01302648 13 0.6634908326097905 56963.99229591091 1.126876369994534e-15 0.6739451479970875 0.49761543807221825 0.0023078659264000323 0.02250422578799771 2.7755575615629308e-18 0.019887690774043898 0.0033732914973732264 733.0714633608845 8.0 -22.768755899864868 2.2040026072867533 56925.16 57017.076 5 8 "Covariance may not be accurate."
01303004 18 0.7246011413853009 56965.61441341058 8.881784197001252e-16 0.8044452892606943 0.500075311959547 0.0061660668517106165 0.1990616610928555 1.2490009027032991e-17 0.025571569063266852 0.015486482384628242 707.7915824882551 13.0 -22.739168662021555 1.9394655373798848 56936.363 57033.042 5 13 "Minimization exited successfully."
01303279 8 0.5193263821415914 56980.4197677465 9.409140133698201e-16 0.6809508143635044 0.016764492494746874 0.6450468656290704 74.48068659333876 0.030746228811147767 0.4588510281286507 0.5570583057829581 1042.5580887615452 3.0 -22.871420105142754 2.1875344106784844 56943.232 57033.164 4 4 "Covariance may not be accurate."
01303496 10 0.8539261331725361 56969.537824678104 3.724798247617401e-15 0.6500021510812609 0.5000001219826232 0.6196567449240415 70.9554077319699 0.03074765061502143 0.36953758047899987 0.7103862019187743 373.1570092521247 5.0 -24.735831922391164 2.262351052808718 56943.18 57032.147 3 7 "Covariance may not be accurate."
01303883 17 0.6773873631718264 57291.14581558141 8.465450562766819e-16 1.2257170587581818 0.5000642933858437 0.7528468168141949 0.0071111930774350185 5.551115123125812e-18 0.00042519582165101433 0.00034717016589549954 75.9990122183671 12.0 -22.507373967417493 1.4726483080405757 57265.225 57356.122 6 11 "Covariance may not be accurate. Covariance not positive definite. Covariance forced positive definite."
01303952 21 0.4865456121759732 57269.342197893675 1.3877787807814457e-17 0.9163173969786265 0.5000819306661105 0.0003064541108660779 4.4812987252553285 0.0 0.00021121672295221217 0.00035408659957067434 195.11324986403116 16.0 -17.17130182595848 1.7734934924341843 57249.283 57373.055 4 17 "Covariance may not be accurate."
01304127 21 0.4403667580861139 57287.647096635774 0.0 0.8624645542639799 0.5000398100420799 0.0 0.0 0.0 0.0 0.0 149.74452913635946 16.0 inf nan 57249.286 57373.058 6 15 "Hesse Failed. Covariance may not be accurate. Covariance not positive definite."
01304442 2 0.8519619566952258 56975.077555742886 4.107825191113079e-15 0.6749676443277057 0.5053414454369131 0.6208765582313982 70.84848054352551 0.030746225664595433 0.41388955350123374 0.7115853770807342 9.605077371079345 -3.0 -24.82747197390552 2.2015858908777126 56943.355 56990.214 1 1 "Covariance may not be accurate."
01304678 10 0.7545758195455101 56980.20094241188 6.744604874597826e-16 1.0510189857351695 0.4145230865777082 0.65243003200334 74.42912880349104 0.03074622925044905 0.39864048557633386 0.6876281512141783 104.21376091251801 5.0 -22.74180265997035 1.6192584341476781 56943.232 57033.164 4 6 "Covariance may not be accurate."
01305504 14 0.4868737029964963 56978.48139951884 2.7755575615628915e-18 1.2164238112595989 0.5131441021194707 0.00030469391642784505 1.2680887025999255 0.0 0.00011955758742365763 0.0004459527644166128 2778.448512853004 9.0 -15.404862194869857 1.4789241420452441 56943.274 57039.041 4 10 "Covariance may not be accurate."
01305626 15 0.7079506376224499 56981.39793362666 2.7478019859472625e-16 1.0249815929573471 0.5025424595905246 2.8751154424189185e-05 0.13694007627782412 0.0 2.3091815245290803e-05 3.9312954433490255e-05 3246.346226901875 10.0 -21.399428921882507 1.6457175239079014 56949.133 57044.076 5 10 "Covariance may not be accurate."
01306029 38 0.4917565285076738 57293.15957688327 8.326672684688675e-18 0.6500222283559234 0.0017735023538988925 0.6407255960223595 86.35754623503817 0.030800112947916302 0.36805469050836737 0.596814281392763 1386.0519118015911 33.0 -17.61995764048923 2.2622832703645805 57248.391 57355.214 18 20 "Covariance may not be accurate."
01306073 15 0.715430830401132 56972.11426502427 4.9127368839663175e-16 0.9497913410190001 0.4826588195863708 0.00013069688245270772 0.5531383610396006 1.3877787807814654e-18 0.00011968376235954592 0.0001856874600477676 337.67502982098944 10.0 -22.104367090579778 1.7305643103873862 56949.136 57044.076 3 12 "Covariance may not be accurate."
01306141 32 0.48868429969880606 57013.57231091876 5.551115123125783e-18 0.6571802584706727 0.5089994007655912 0.6406668275588405 76.5779226030354 0.030843970433583667 0.39606121948734735 0.7136796913933371 3359.333263519032 27.0 -16.173757985006564 2.2444731472935047 56949.339 57051.149 21 11 "Covariance may not be accurate."
01306360 19 0.8455975463265043 57289.41686267685 7.494005416219807e-17 0.8891881427398779 0.5157587418983488 0.09403989878112362 0.044585018877114635 0.0 0.0005157157500458864 0.0008688502061754977 65.11244956749962 14.0 -20.443419744661092 1.810597830176615 57255.415 57355.242 5 14 "Covariance may not be accurate."
01306390 34 0.6401930139813002 57291.9940367214 8.881784197001253e-17 1.2415269819426986 0.5077450483171322 0.5726774501736887 81.92453313780788 0.030843365574427045 0.3381788882786218 0.7133875850543268 91.71115354019939 29.0 -19.897184493509776 1.4622530792640482 57253.403 57355.228 10 24 "Covariance may not be accurate."
01306537 19 0.4827101380617571 57320.102526360555 5.551115123125783e-18 0.6500002754143199 0.080158348855153 0.6442613415316952 89.25250330313429 0.03125150450061993 0.3751940272341776 0.5177455308094246 698.4274226409119 14.0 -16.99986637107783 2.2623409657136264 57265.368 57372.241 11 8 "Covariance may not be accurate."
01306626 36 0.23179666039232807 57281.51674060767 7.216449660063518e-17 0.7537222655399203 0.49625441945408433 0.5556693629305415 76.51839130749067 0.03789264363192178 0.5146061419763779 0.7479380060806358 532.9629461155786 31.0 -17.091679908088203 2.0310433509184946 57255.413 57355.242 8 28 "Covariance may not be accurate."
01306785 11 0.4979285984292699 57264.102045116066 8.326672684688675e-18 1.2436363683450635 0.018397729042855304 0.6487333217812897 53.307426501851296 0.03135216930496254 0.40136680676878717 0.667236386431451 61.09021813925819 6.0 -17.62596602215504 1.4608741849397582 57248.423 57311.111 4 7 "Covariance may not be accurate."
01306980 22 0.48561106714271757 57288.68827490409 5.828670879282072e-17 0.651660513869251 0.5001116460720498 0.6777054705524962 0.07313113379495917 0.0 0.00014441426771122368 0.0005091048298478951 44.82846264381865 17.0 -18.72436223459864 2.2581879815153307 57252.233 57372.036 8 14 "Covariance may not be accurate. Covariance not positive definite. Covariance forced positive definite."
01306991 35 0.45243970366796576 57282.76827136085 5.551115123125783e-18 1.2499610804143204 0.030494982618644473 0.6373403080183098 73.62030974746813 0.03127878651073298 0.3774490905069688 0.5355720280681897 249.09003483680763 30.0 -16.91648369239057 1.456805090124142 57265.212 57365.041 6 29 "Covariance may not be accurate."
01307277 36 0.4867777816622753 57291.27933981332 5.551115123125783e-18 1.2484423450659405 0.5000790174960518 0.01125043631981909 68.32435872732094 0.0 0.00011897621521861357 0.011644987918029426 389.00634881735687 31.0 -16.177701029890414 1.45779233064804 57256.295 57365.112 14 22 "Covariance may not be accurate. Covariance not positive definite. Covariance forced positive definite."
01307830 31 0.4939326637658432 57300.110710191504 2.7755575615628915e-18 0.6500342358303044 0.04547200966003673 0.654995418953332 87.99372055664207 0.03200546102994124 0.3820205295066809 0.69212775277092 4769.732107371538 26.0 -16.3673926015257 2.2622543504917587 57257.281 57356.144 14 17 "Covariance may not be accurate."
01308314 37 0.48216689945281876 56977.15850887882 1.1102230246251566e-17 0.6670753911735153 0.5070013649646545 0.00014912799895250295 0.45988181947541307 0.0 3.835529974494101e-05 0.00019277680593560165 3017.377651932185 32.0 -16.89449308866214 2.2203866699271906 56943.18 57051.149 12 25 "Covariance may not be accurate."
01308326 16 0.6614670419662443 56997.35975481668 3.2196467714129544e-16 0.6500000011138626 0.39965923860989316 0.7028820693336978 78.0298685043308 0.033569875849076926 0.4028262627512018 0.6830250190948508 2921.1425466316828 11.0 -21.6179221810891 2.262353137238616 56956.143 57045.109 7 9 "Covariance may not be accurate."
01308568 19 0.48244870973025117 57319.99124328114 5.551115123125783e-18 0.6500010042843185 0.018857605824642465 0.6452483801230083 101.06785972274156 0.031344420159067084 0.3764706033996656 0.5533608884894842 141.43389974286308 14.0 -17.102551932908913 2.26233716391992 57256.269 57379.063 11 8 "Covariance may not be accurate."
01308582 29 0.41970913805592525 57297.69112620219 6.106226635438361e-17 1.2451907672807856 0.00016467200562714224 0.6235302493821252 79.47958166562967 0.030746619250979584 0.34534703076956513 0.6202854140539517 540.9342745087386 24.0 -19.374505623950853 1.459870358110912 57265.391 57365.081 10 19 "Covariance may not be accurate."
