analysis_pipeline/fit_results/des_5_sn91bg_color_interpolation_blue.ecsv
# %ECSV 0.9
# ---
# datatype:
# - {name: obj_id, datatype: string}
# - {name: num_points, datatype: int64}
# - {name: z, datatype: float64}
# - {name: t0, datatype: float64}
# - {name: x0, datatype: float64}
# - {name: x1, datatype: float64}
# - {name: c, datatype: float64}
# - {name: z_err, datatype: float64}
# - {name: t0_err, datatype: float64}
# - {name: x0_err, datatype: float64}
# - {name: x1_err, datatype: float64}
# - {name: c_err, datatype: float64}
# - {name: chi, datatype: float64}
# - {name: dof, datatype: float64}
# - {name: b_max, datatype: float64}
# - {name: delta_15, datatype: float64}
# - {name: tmin, datatype: float64}
# - {name: tmax, datatype: float64}
# - {name: pre_max, datatype: int64}
# - {name: post_max, datatype: int64}
# - {name: message, datatype: string}
# schema: astropy-2.0
obj_id num_points z t0 x0 x1 c z_err t0_err x0_err x1_err c_err chi dof b_max delta_15 tmin tmax pre_max post_max message
[from data line 47]
01294014 22 0.7012629629996935 56881.68517397235 7.410738689372921e-16 0.7366588074959409 0.5077405690537061 0.0134238501308091 0.005830410296766786 4.163336342344347e-18 9.29742261288613e-05 0.00022091348979508263 1226.810479901657 17.0 -22.4430511016745 2.065101704240199 56890.388 56990.199 0 22 "Covariance may not be accurate."
01294743 11 0.09184586135763692 56904.06522675478 3.275157922644212e-16 0.6561131183597704 0.9851942582202562 0.0016444323391729965 0.0485568417389004 2.7755575615628815e-18 0.0010011701069556622 0.0013011050646984934 27.049385735470164 6.0 -15.582005786525404 2.247105246843592 56890.366 56980.089 1 10 "Covariance may not be accurate."
01295027 35 0.48207326124929006 56901.05940137187 2.7755575615628915e-18 0.6850396340485114 9.995910754567738e-06 0.639596799381612 29.67649928092942 0.030867178172529118 0.42181117236495463 0.6135921317549515 784.7997765887271 30.0 -16.378045783986522 2.1780417469737117 56887.27 56992.066 4 31 "Covariance may not be accurate."
01295256 16 0.4470342454770475 56889.29679551477 1.1934897514720432e-16 0.651188312488838 0.5001158630913337 0.6303664924041322 24.490987270739424 0.03075526666550593 0.380019126993275 0.7105104869550141 789.478421006489 11.0 -19.287202185610973 2.259371306518446 56904.3 57012.086 0 16 "Covariance may not be accurate."
01295305 15 0.4851105122409215 56904.482909559236 0.0 1.2401354165563476 0.510612898732098 0.0 0.0 0.0 0.0 0.0 1785.2026685773596 10.0 inf nan 56890.34 57005.11 2 13 "Hesse Failed. Covariance may not be accurate. Covariance not positive definite."
01295921 14 0.03405071579792495 56912.12704996995 3.053113317719181e-17 1.2427031771119377 0.10729951650751468 0.4846855529383588 28.4517987745312 0.031021830447496613 0.34238682149833827 0.7269392112144393 42.70784417932143 9.0 -12.497731518735478 1.4614801417316912 56890.39 56990.199 2 12 "Covariance may not be accurate."
01296273 31 0.5202662607103684 56925.68374604355 9.159339953157542e-17 1.2499904413592842 0.514879595452096 0.6608745743147824 20.24516236301133 0.03199609562716728 0.3850256177350497 0.7285257655827942 979.5159021725077 26.0 -19.371841853852203 1.4567994929481287 56903.386 57003.047 6 25 "Covariance may not be accurate."
01296321 13 0.79110399039186 56903.96278009522 6.206146707654626e-15 0.6500000000003764 0.4999513601343671 0.003394040359114836 0.006853405811853008 8.326672684688595e-18 1.7063764901070755e-07 0.00017717702594494122 629.7761605257858 8.0 -25.08516818299771 2.262356464053344 56915.267 56990.183 0 13 "Covariance may not be accurate."
01296657 8 0.018966713043756286 56922.54192992089 4.884981308350689e-16 1.2269298277965404 0.020826769798639455 0.0009959168346198675 0.0771993040907546 4.1633363423442976e-18 0.0023164868312811615 0.001327242024713543 233.21434100188614 3.0 -14.363005300013356 1.4718258102950514 56904.221 56973.075 3 5 "Covariance may not be accurate."
01297026 13 0.7169845054728106 56897.74271116796 2.023381462379348e-15 1.2379854508650325 0.5068430839931501 0.6565585416309339 24.75126097622706 0.030751697707369754 0.3308938149297375 0.7119974962041213 502.5625057845362 8.0 -23.59418140266348 1.464555708961754 56915.203 57001.06 0 13 "Covariance may not be accurate."
01297465 14 0.8779511782905502 56897.27648307665 2.19824158875781e-15 0.9431986221140813 0.4981036425664866 0.6004186082862264 24.9544184510778 0.030746227285262124 0.4277515784839179 0.7099344670415155 5270.859075127718 9.0 -24.242523549314782 1.7387580446294848 56912.304 57005.249 0 14 "Covariance may not be accurate."
01298281 15 0.7173841290864836 56905.93814959784 3.0780933357732467e-15 0.6500000000077314 0.5000550166875672 0.01648444926191661 0.5803936315969622 3.08086889333481e-16 9.110584228078089e-05 0.05415733920326998 661.5918738411463 10.0 -24.061924251554036 2.2623564661943476 56915.267 57003.045 0 15 "Covariance may not be accurate. Covariance not positive definite. Covariance forced positive definite."
01298893 4 0.5646071725519289 56914.36985855333 5.043188089359774e-15 0.7201359168600368 0.49990804099672065 0.0023741950669366463 0.8280634656875918 3.8857805861880637e-17 0.014607379643628071 0.01610585158441369 54.102740859823975 -1.0 -23.96283766947572 2.0997296485392702 56943.247 56992.064 0 4 "Covariance may not be accurate. Covariance not positive definite. Covariance forced positive definite."
01299643 33 0.5030704951862673 56897.348335546085 5.551115123125783e-18 1.2074861516875455 0.012163906784771417 0.6479142349946179 25.13500459583156 0.03119536643804237 0.3026584749957843 0.5660088626236532 3618.2409577391218 28.0 -17.22263655067705 1.4850925955607188 56912.346 57018.075 0 33 "Covariance may not be accurate."
01299775 6 0.6193305013614022 56909.53134236888 4.735101200026293e-15 0.651942514947215 0.49999658214332177 0.6576179327517706 21.553189992686384 0.030787374064426425 0.3562071341150465 0.7108930962676573 585.6657742722715 1.0 -24.138657889101516 2.257482069712051 56927.224 57001.29 0 6 "Covariance may not be accurate."
01299785 33 0.09557938555242973 56934.558953436026 8.049116928532386e-17 0.8430938453915132 0.49865095678730836 0.4727789277673929 29.687891826772102 0.030869333472402755 0.44390812220880693 0.7116110605658749 240.29154647960198 28.0 -15.095896794126396 1.8778628063318337 56920.294 57025.076 4 29 "Covariance may not be accurate."
01300516 17 0.6383368104371303 56937.79006723846 3.2196467714129544e-16 0.6500000004592016 0.3962837520727134 0.6923774091269952 31.229072214791813 0.032967958316872555 0.39560778742691816 0.6819531361300512 1476.2467549740013 12.0 -21.530121925419095 2.262353048367636 56923.291 57018.088 4 13 "Covariance may not be accurate."
01300912 32 0.7958663627799301 56938.83530340087 2.4702462297909734e-16 0.6500086610311784 0.500006902955539 0.6437070853536203 29.29163924445311 0.030748685545947792 0.368023002804966 0.7104009913692402 5999.90182727128 27.0 -21.600921368835856 2.262334670661449 56920.205 57018.21 8 24 "Covariance may not be accurate."
01301933 16 0.8842394053748005 56912.76498680945 1.5515366769136564e-15 0.6500000001095018 0.5000001840869441 0.001364331138439312 0.6608018107508542 1.3183898417423734e-16 2.7985398550034457e-05 1.20763955947234e-05 14277.98437123098 11.0 -23.87875656112544 2.2623564657595914 56924.193 57025.1 0 16 "Covariance may not be accurate. Covariance not positive definite. Covariance forced positive definite."
01302058 14 0.7339829296005992 56920.915019887085 3.2751579226442118e-15 1.229868816720604 0.4997088769268406 0.009134188980723601 0.006084913460654207 8.326672684688792e-18 0.0002933521885948309 0.0005365431836202028 6170.826685672386 9.0 -24.19120633037693 1.4698875783860323 56935.363 57025.074 0 14 "Covariance may not be accurate."
01302141 22 0.47561300149162183 57267.31723527299 0.0 0.8602236016431615 0.5001013994217314 0.0 0.0 0.0 0.0 0.0 190.02261286791455 17.0 inf nan 57248.408 57365.041 5 17 "Hesse Failed. Covariance may not be accurate. Covariance not positive definite."
01302187 9 0.8654486976760664 56910.40651185064 4.282685317491542e-15 1.2103569542971528 0.5771515306186225 0.6116746901256845 36.317353444439505 0.0462686107819498 0.4683900529662597 0.7416722604740039 390.73751611967594 4.0 -24.794516553667385 1.4831034721341254 56932.171 57012.201 0 9 "Covariance may not be accurate."
01302523 28 0.08763982425391874 57267.13162709643 1.1102230246251566e-17 0.699595043494665 0.5131730700469895 0.022492066758297145 0.01320912502342253 0.0 8.676343689212329e-05 0.00025529448621675055 3476.9439972395035 23.0 -12.720589180465108 2.144867226341912 57265.391 57372.059 1 27 "Covariance may not be accurate."
01302648 13 0.8774728644499079 56912.62362319279 1.790234627208065e-15 0.6500000005642951 0.40568049135578516 1.583648038594454e-06 0.0001089819816115778 1.3877787807813668e-18 2.0845430936944354e-10 0.017946668626269313 1457.045130347087 8.0 -24.224624500101264 2.262353302933139 56925.16 57017.076 0 13 "Covariance may not be accurate."
01303004 18 0.5799413378279978 56919.37347011629 1.6764367671839865e-15 0.940628307177776 0.497538396591277 6.69574886043578e-05 0.00010122119056177326 1.3877787807814654e-18 9.640853260417526e-05 0.008489997664970661 3561.1675003248733 13.0 -22.84355908030125 1.7419875403614178 56936.363 57033.042 0 18 "Covariance may not be accurate."
01303279 8 0.5235069306383686 56964.02484910544 1.715294573045867e-15 1.0794951307712592 0.49911725656776257 0.6142494319123677 28.79245119265761 0.03074622779727033 0.384100111934727 0.710166724630798 249.16993139038175 3.0 -22.595180319654403 1.59158687162477 56943.232 57033.164 2 6 "Covariance may not be accurate."
01303496 10 0.649015249352215 56930.620758253805 1.385003223219883e-15 0.6500000000112345 0.5001783651085667 0.6580899184856204 20.036541292047332 0.03082214785685141 0.36986753298451275 0.7113766502539551 3167.61831972475 5.0 -22.927895822759357 2.2623564665875158 56943.18 57032.147 0 10 "Covariance may not be accurate."
01303883 17 0.8205066902264722 57271.82451891677 1.793010184769628e-15 1.2393706377150977 0.6355972282205526 0.008067723326450615 0.34083931448185467 1.249000902703309e-17 0.017602632647730987 0.046028184688670926 1138.5804337654447 12.0 -23.597010880218125 1.4636537050102376 57265.225 57356.122 1 16 "Covariance may not be accurate."
01303952 21 0.4853878518123177 57262.366436568256 5.551115123125783e-18 0.6500098177687552 0.03187523292455374 0.6470145137292205 30.085023833940795 0.03144332787291461 0.3762558524683703 0.6815078924683641 260.12469060656025 16.0 -17.09710550060282 2.2623153726091516 57249.283 57373.055 3 18 "Covariance may not be accurate."
01304127 21 0.3964727891648606 57260.47630515101 2.7755575615628915e-18 0.6500000318560653 0.0968321786847321 0.6187390375804813 29.556761164851196 0.03092744701015252 0.3710705770178413 0.5317559850386443 130.57477251219206 16.0 -15.707729762007343 2.2623421842454157 57249.286 57373.058 3 18 "Covariance may not be accurate."
01304442 2 0.8417847726946425 56959.75237042458 6.80566714095221e-15 0.7495854379318457 0.5933209048900345 0.018046313237948475 0.0609836121002445 1.5681900222830312e-16 0.002949108167832337 0.015305833908163313 23.803527859854995 -3.0 -25.193848066920683 2.0391394847499456 56943.355 56990.214 1 1 "Covariance may not be accurate."
01304678 10 0.8994992464262915 56928.23171461769 2.5729418595688004e-15 0.6500787041326498 0.49998939907896645 0.5413014252845609 24.83394399579265 0.030746226923299633 0.3831030108197348 0.710365452965541 178.53028412491778 5.0 -24.473982072091655 2.262158428100477 56943.232 57033.164 0 10 "Minimization exited successfully."
01305504 14 0.4819232933069372 56960.144825577714 2.7755575615628915e-18 1.0369488689814141 0.0013527574797649322 0.6398102576477115 29.61864116682773 0.03088728276232364 0.44230377950530575 0.5991495749292852 2823.3177212571236 9.0 -16.375117684757264 1.633393927732044 56943.274 57039.041 3 11 "Covariance may not be accurate."
01305626 15 0.8353940936975237 56940.25144607024 1.1990408665951691e-15 1.2393639350297585 0.49436826884439505 2.190307160254701e-06 0.00013667368693859316 0.0 7.5192299586746e-07 0.004738836328001261 11399.731453656143 10.0 -23.460052755171755 1.4636576764458233 56949.133 57044.076 0 15 "Covariance may not be accurate."
01306029 38 0.0665854676293938 57263.30137036542 1.1102230246251565e-16 1.1917115535611902 0.4999616021087598 0.1671760153779811 0.001836451414419571 0.0 2.145541402742701e-05 5.881067461574463e-05 585.0994684004138 33.0 -14.612892691093489 1.496422127207822 57248.391 57355.214 6 32 "Covariance may not be accurate."
01306073 15 0.8591873304286896 56938.71977271946 2.4924506902834767e-15 0.6538776727570518 0.5000002087819464 0.030029349769694402 2.0233671947571565 4.080069615497451e-16 0.01160053326385202 3.852836148726668e-05 1259.3125436156372 10.0 -24.316147116287233 2.252653382319405 56949.136 57044.076 0 15 "Covariance may not be accurate. Covariance not positive definite. Covariance forced positive definite."
01306141 32 0.474612625144544 56959.02140964028 7.494005416219807e-17 0.7005124275216918 0.0788247555991256 0.6530076538446322 30.21729846826929 0.03231614442537937 0.4488112096270244 0.7101804050946664 2417.722502565999 27.0 -19.783989149154937 2.142792671421965 56949.339 57051.149 2 30 "Covariance may not be accurate."
01306360 19 0.5409406537084567 57234.43278342333 2.3592239273284576e-16 0.6590748820364807 0.49315624942674935 0.64903774404246 24.33159999205236 0.03074623313630018 0.3360590100242362 0.7087756652773288 95.12860374626757 14.0 -20.541860155374053 2.2398131978046294 57255.415 57355.242 0 19 "Covariance may not be accurate."
01306390 34 0.49163679307631275 57267.77811051512 1.3877787807814457e-17 0.7470871589723004 0.018778735571415794 0.6730689439518373 32.034428425879014 0.03431375936354119 0.4824291901424139 0.6677201854622569 254.64915793867286 29.0 -18.146754087499637 2.0440624855233764 57253.403 57355.228 4 30 "Covariance may not be accurate."
01306537 19 0.8198808608930451 57250.36300085626 3.275157922644212e-16 0.7423008726774125 0.499239539778194 0.013491312276764922 3.337823727633804e-06 0.0 0.00014535474054899744 0.0003467575375486476 340.71825693599806 14.0 -21.988778521614712 2.0536457105988326 57265.368 57372.241 0 19 "Covariance may not be accurate."
01306626 36 0.5060527218365434 57240.41172592541 1.1102230246251565e-16 0.6500634726072226 0.006028451072044805 0.6612293950242003 25.74556215125267 0.03233210735794758 0.3907760811745984 0.6461076127320309 1846.9317632570912 31.0 -20.500464367307366 2.262179612740745 57255.413 57355.242 0 36 "Covariance may not be accurate."
01306785 11 0.0599104970610766 57265.752095720876 8.326672684688675e-18 1.2497914231735705 0.0009657083649812215 0.4747855678268557 31.260957679114654 0.032959154636811636 0.4005464792346785 0.601634260399192 66.86005344754543 6.0 -12.537299456562284 1.4569131054734505 57248.423 57311.111 4 7 "Covariance may not be accurate."
01306980 22 0.4473005142007767 57271.3447873099 2.7755575615628915e-18 1.0189603572542234 0.1741985552996067 0.6474047402945858 30.81793437435772 0.03261149148331079 0.44779226034483044 0.5846914921020121 77.71239366146894 17.0 -15.867141901918142 1.6520059598237289 57252.233 57372.036 4 18 "Covariance may not be accurate."
01306991 35 0.019015316489431364 57250.22794435635 1.9984014443252818e-16 0.9274380052704558 0.5000111049920464 0.5077148331557189 25.025582327332813 0.0308275318779482 0.43174193160447744 0.7114057787678102 206.8559444429212 30.0 -12.453342187823122 1.7588683962942007 57265.212 57365.041 0 35 "Covariance may not be accurate."
01307277 36 0.08178181275915473 57251.84910622523 5.551115123125783e-18 1.0913400167151108 0.5052169497893758 0.6327489459115008 25.278170089866762 0.031694822101915876 0.3793256528227071 0.722789935567046 412.1028547273219 31.0 -11.821647049656239 1.5804302650407855 57256.295 57365.112 0 36 "Covariance may not be accurate."
01307830 31 0.26841892663523126 57248.24407932125 1.3877787807814457e-17 1.0421492883018917 0.5082545927580289 0.005997070377228547 0.006439264565415215 0.0 0.00012277451362341374 0.00021652368117219822 4586.094406320327 26.0 -15.642092236533195 1.6281395146933022 57257.281 57356.144 0 31 "Covariance may not be accurate."
01308314 37 0.5003994862274139 56928.17985330682 1.1102230246251566e-17 0.6500001664641345 0.0063614455434584105 0.6426142563476887 24.768306525082153 0.03081711672323781 0.36967182730660564 0.5800120420250368 3473.841241523026 32.0 -17.970555228918336 2.2623389144980344 56943.18 57051.149 0 37 "Covariance may not be accurate."
01308326 16 0.6576992590298003 56966.73441983279 6.467049118441537e-16 0.6595837462773778 0.4312752276787144 1.2195743878062881e-05 0.0005824943000334315 1.3877787807814654e-18 2.3146606688562166e-06 0.01049608978211164 1579.4051855701018 11.0 -22.294433929061242 2.2385636110199414 56956.143 57045.109 3 13 "Covariance may not be accurate."
