analysis_pipeline/fit_results/des_5_salt2_2.4_blue.ecsv
# %ECSV 0.9
# ---
# datatype:
# - name: obj_id
#   datatype: string
# - name: num_points
#   datatype: int64
# - name: z
#   datatype: float64
# - name: t0
#   datatype: float64
# - name: x0
#   datatype: float64
# - name: x1
#   datatype: float64
# - name: c
#   datatype: float64
# - name: z_err
#   datatype: float64
# - name: t0_err
#   datatype: float64
# - name: x0_err
#   datatype: float64
# - name: x1_err
#   datatype: float64
# - name: c_err
#   datatype: float64
# - name: chi
#   datatype: float64
# - name: dof
#   datatype: float64
# - name: b_max
#   datatype: float64
# - name: delta_15
#   datatype: float64
# - name: tmin
#   datatype: float64
# - name: tmax
#   datatype: float64
# - name: pre_max
#   datatype: int64
# - name: post_max
#   datatype: int64
# - name: message
#   datatype: string
# schema: astropy-2.0
obj_id num_points z t0 x0 x1 c z_err t0_err x0_err x1_err c_err chi dof b_max delta_15 tmin tmax pre_max post_max message
[from data line 96]
01308582 29 0.37720730041792505 57287.7085075634 2.475938924024479e-05 -0.5661999591399565 -0.0584051107545977 0.031530517458905255 0.728695358884579 1.6786654835704292e-06 0.5318785293749961 0.07118258392518184 16.496602353015213 24.0 -19.545572087190322 1.1673603306012126 57265.391 57365.081 6 23 "Minimization exited successfully."
01308884 10 0.09934351530069456 57293.449746475286 0.0003129224021420574 -1.2978351095605385 -0.29999687675154835 0.005454572224395125 0.05596390242135385 3.5212696457453843e-06 0.05322312699670895 0.5475056220097785 12.482737044905772 5.0 -19.063471919952974 1.3466227905459647 57278.247 57345.255 2 8 "Minimization exited successfully."
01308957 19 0.5498059856656022 57288.5678321599 5.758277621029096e-06 1.2727668246385209 0.29641152980813507 2.7014315628903773e-06 0.0005272936396067962 1.3210284066034196e-06 1.31217203842862 0.30270352848648147 24.360717373166857 14.0 -18.946072109866385 0.8202555895947583 57253.334 57373.055 7 12 "Minimization exited successfully."
01309288 6 0.29085291316139555 56986.60582320856 6.756312373424056e-05 1.9997738310101516 -0.2506514918122174 0.042832937633210166 2.361951089489594 8.046909359741562e-05 4.96700255515343 0.5338636778274515 1.1433388598598282 1.0 -19.98279585266346 0.7166068580197908 56963.244 57061.06 1 5 "Minimization exited successfully."
01309492 30 0.32859572225257866 56993.16774768269 3.471225363633757e-05 0.12205938350871826 -0.0841940281067885 0.006901549305597859 0.12173532541055465 5.302836097773052e-07 0.1007163918599776 0.014857161634612204 73.00769989013405 25.0 -19.562015540106813 1.034617904479905 56963.265 57066.064 9 21 "Minimization exited successfully."
01309749 19 nan nan nan nan nan nan nan nan nan nan nan nan nan nan nan nan 0 0 "No bands in data overlap the model."
01310338 26 0.4242249506915523 56976.95772860265 1.6198563183106307e-05 -0.020331150404355736 0.04293112231883406 0.04093560893609122 0.4953907226336014 1.034503001350051e-06 0.49133752807241615 0.0622005297329454 15.825056283081498 21.0 -19.387191164839706 1.0546622955422293 56949.115 57052.039 5 21 "Minimization exited successfully."
01310395 18 0.29562502531699214 56981.0526078566 3.104148905325177e-05 -1.0022675519824393 -0.2977190463652383 0.0384726826321192 0.8549928121028643 3.200944776475532e-06 0.6886405984657212 0.5227538378198767 8.614911350010324 13.0 -19.17768036519178 1.2773288852694513 56956.206 57052.037 4 14 "Minimization exited successfully."
01312274 32 0.4287693696773825 56977.26613971049 1.250116280380742e-05 -1.1035086616561007 -0.01577643217623237 0.0418887132365017 0.7582403328051441 1.0209019461387964e-06 0.6382856656429734 0.08395692194067829 11.343786758903056 27.0 -19.132675534208737 1.2793379129320286 56956.143 57052.1 6 26 "Minimization exited successfully."
01313594 12 0.2913760858045349 57002.15744677037 3.675337624590991e-05 0.586221245670711 0.29990287873061056 0.018010742768447746 0.5911237481050193 7.293569332697543e-07 0.34441698817972277 0.5342801768876901 10.542890582297721 7.0 -19.326352000716803 0.9338575392079349 56973.038 57051.053 4 8 "Minimization exited successfully."
01314897 25 0.3300822044931237 57301.15338435921 2.8636693294267768e-05 0.8345186076821114 0.013716676142200623 0.04879716525794894 0.7072992669345695 1.8430802319197026e-06 0.5040755710872067 0.06361758311843822 19.585451819605872 20.0 -19.36479462452379 0.9036528192282098 57273.337 57372.07 9 16 "Minimization exited successfully."
01315192 7 0.15823628840040768 57007.60747702761 4.689513729543571e-05 1.0535242751214486 0.298662514920854 0.03987559557033228 0.4849469672408304 4.091274261433519e-06 0.5334711150434677 0.5733536719900969 1.0451075485635068 2.0 -18.099235924021386 0.8559387675984773 56987.196 57052.098 3 4 "Minimization exited successfully."
01315259 10 0.22578067709995298 57004.419652182194 3.8864353501547044e-05 -0.4432055275519504 0.2992871561048492 0.03593719390425992 0.5541648850230558 1.8516323780928836e-06 0.2897997731112687 0.5912752153358973 4.3809195539539925 5.0 -18.754128062822687 1.1196630406408268 56980.181 57049.068 4 6 "Minimization exited successfully."
01315296 27 0.3977317692074346 57004.34605104255 1.0178793068940651e-05 1.7107660424451474 0.1432532410988373 0.046406979519525327 1.0623343045372167 7.326177012254024e-07 0.7872072424510002 0.09441951266649343 15.829707693625904 22.0 -18.71930262395666 0.7540522410973729 56973.185 57049.07 11 16 "Minimization exited successfully."
01316385 11 0.2620753046011981 57021.04599470953 0.00017765699104978496 1.9999591367195038 -0.22981455550424876 0.01231356017931634 0.19110146465391153 5.92905717580473e-06 0.7595968283181187 0.04230971232314987 20.484667458652506 6.0 -20.772180900939258 0.7160807956574438 57001.175 57066.03 5 6 "Minimization exited successfully."
01316431 10 0.1561069761342269 57018.333988676364 0.00013788912988524916 1.0502809229384962 -0.29983560629454625 0.016962081865626033 0.1382143851442379 5.852022080897465e-06 0.23715759238958412 0.48906105643842357 12.701753728460238 5.0 -19.23756914323846 0.8778042359310021 57001.162 57052.098 4 6 "Minimization exited successfully."
01316437 13 0.5183625109365156 57009.33030706759 8.744324771575718e-06 -1.5074187846761369 0.2926196199198405 0.03836788683888445 1.3782130378567672 2.148478094293749e-06 1.0611383273246706 0.36263935806770214 12.366387481120286 8.0 -19.243006704204 1.3444921764976598 56980.197 57052.1 5 8 "Minimization exited successfully."
01316465 11 0.34694983632563203 57021.75706546101 2.4757229816946283e-05 0.6357951051806179 0.29971633374897017 0.016946777485058073 0.3583961022013682 4.7150378262306136e-07 0.22373273851280406 0.5327968044546545 12.422851095799752 6.0 -19.33781867022617 0.9254517734038181 57001.183 57066.064 4 7 "Minimization exited successfully."
01317164 5 0.1682382491316076 57296.74747215343 7.32759362647828e-05 -2.435929808569961 0.1631442613874869 3.95977201991804e-06 0.0001416404229530599 9.957939501613333e-06 0.7165780645532616 0.12886163286635233 5.858634557212893 0.0 -18.725079430274533 1.601300472321224 57315.181 57355.159 0 5 "Covariance may not be accurate."
01317277 12 0.215553459233908 57007.789295913055 5.832284996362125e-05 -1.321544797426117 -0.29733464475538257 0.05494664009398528 0.6794870984303998 7.850643235814135e-06 0.45728048913434005 0.5986632743901752 5.833958505981827 7.0 -19.080332635118232 1.3521372855296647 56987.073 57052.037 5 7 "Minimization exited successfully."
01317286 14 0.29017369521579073 57015.23550123323 4.239131641280425e-05 0.6120188472931707 0.2999270173485809 0.017268271177954514 0.3978883033960301 6.954210067883195e-07 0.23005818386863397 0.5373099389092446 15.881697809737664 9.0 -19.470967972420894 0.9294729886808284 56987.073 57052.037 8 6 "Minimization exited successfully."
01317454 10 0.6327743354825828 57015.477670550375 8.452378909745707e-06 -0.15507514929292165 -0.2880862119832252 0.07177531219085964 2.0617631917666586 2.141255622420402e-06 0.9720804434006071 0.37400388404343443 11.55585372674648 5.0 -19.73228490914088 1.0978563420467715 56987.033 57051.04 5 5 "Minimization exited successfully."
01317666 22 0.16464432124578715 57301.5122797743 0.00011070252960259097 -0.18757097475004603 0.0655358389695459 0.015143463464129994 0.1473896162424353 2.792578296667575e-06 0.1274292159659287 0.03078647773116744 3.8809526223757906 17.0 -19.12115346876778 1.0850198069565806 57278.217 57356.106 7 15 "Minimization exited successfully."
01319366 17 0.2555620014409089 57304.35877871844 5.685148331790735e-05 1.026379668650078 0.2996073330103894 0.022459004805368166 0.37892518746230053 1.5875895556821666e-06 0.29824150155100515 0.5505679809805089 31.320151592189937 12.0 -19.47364876001327 0.860359036099581 57276.312 57372.102 8 9 "Minimization exited successfully."
01319821 10 0.2602009225555089 57021.02690111523 2.582122143097998e-05 -1.2719386047993022 0.29991093370656835 0.03032850484557051 1.1585655102571764 2.0093566192674897e-06 0.53566912504482 0.5940608615448043 8.360801751560079 5.0 -18.659818905958073 1.2905137729497937 56992.125 57067.099 3 7 "Minimization exited successfully."
01320166 10 0.5589942772700975 57023.86756629629 8.552219323415544e-06 1.42887932752524 0.29383900518717093 0.06725172289567452 1.9852407595244586 2.101701549665769e-06 2.6890116355645457 0.3031429118063297 3.9167252336754723 5.0 -19.419267908297527 0.7950636137762466 56991.113 57049.046 5 5 "Minimization exited successfully."
01322229 7 0.46732284292847076 57034.456479310335 8.841949753596312e-06 1.9999983153725118 0.2135828697374958 0.007037839134795165 0.13793422188973636 4.887093707767187e-06 4.034408336832176 0.5196114152016089 2.499845795017232 2.0 -18.985167987196494 0.7047431361451864 57001.076 57039.041 6 1 "Covariance may not be accurate. Covariance not positive definite. Covariance forced positive definite."
01322979 9 0.538085706680775 57039.559237535745 1.1767924335320813e-05 0.5344510931512376 -0.2998681355361737 0.039020503338456275 0.8271577305313258 8.766638029678031e-07 0.8146237627330764 0.5780311852153377 10.012329014388326 4.0 -19.66444763141022 0.9685692533188615 57008.04 57061.074 6 3 "Minimization exited successfully."
01324542 9 0.6525866316507106 57046.781624371695 8.228410290300747e-06 1.0928119409734478 -0.2905232871572025 0.09593443349418257 1.7048155291668081 1.9736663185054845e-06 1.3462676391203645 0.5858561194376292 2.18499877700451 4.0 -19.786118628433186 0.8702030423769038 57011.089 57067.101 6 3 "Minimization exited successfully."
01325358 7 nan nan nan nan nan nan nan nan nan nan nan nan nan nan nan nan 0 0 "No bands in data overlap the model."
01327978 10 0.18411069352411802 57307.376464124 6.744336105644621e-05 -0.2997528215591534 0.09040280838830839 0.07703135816895448 1.7949083062558202 0.00019554499129120632 1.1822116180942308 0.39822050214803584 2.9976921120163023 5.0 -18.85189020534424 1.1051276511910189 57283.131 57373.038 6 4 "Minimization exited successfully."
01328066 20 0.5259405985260923 57299.36510978225 1.4873898597383973e-05 1.9999998995916926 -0.009339796785520604 0.040061418436738966 1.484207476129086 3.678473553909989e-05 1.1302888120714434 0.38621079485148935 10.597003904070831 15.0 -19.856039148386294 0.7106237569218017 57273.098 57379.048 5 15 "Minimization exited successfully."
01328105 42 0.4222810909773767 57302.627413894246 1.877143117172131e-05 0.14631527645326514 -0.15074281439090068 0.06595919657071209 0.8251812109701859 2.486927980664689e-06 0.6835330545757174 0.09064313138674629 37.805447165856926 37.0 -19.53647057451975 1.033315128936426 57273.096 57386.046 12 30 "Minimization exited successfully."
01329166 17 nan nan nan nan nan nan nan nan nan nan nan nan nan nan nan nan 0 0 "No bands in data overlap the model."
01329196 20 nan nan nan nan nan nan nan nan nan nan nan nan nan nan nan nan 0 0 "No bands in data overlap the model."
01329312 31 0.3349124914317651 57309.84509930298 2.0248758662858027e-05 -1.8184657327557268 0.00898553151275372 0.03765855592368342 0.8163299577972793 1.9189847604919597e-06 0.5190467648856572 0.09266007196689752 13.617458610961954 26.0 -19.023675699436502 1.4486733855443603 57283.189 57389.086 10 21 "Minimization exited successfully."
01329615 34 0.42261927470842836 57304.523906500755 1.4443238457642616e-05 -0.2897718298242986 0.044572802275752776 0.03908479944840118 0.9369471521349624 1.254200506460579e-06 0.6603387842120299 0.08611987187020856 21.246085585096843 29.0 -19.25270890801449 1.105919767043492 57278.301 57385.111 12 22 "Minimization exited successfully."
01330031 13 0.09388729110787573 57315.66192654833 0.00029002821471401096 1.9730164953865996 0.2999999160147763 0.00898159139511788 0.13051675459792023 1.7533391310435575e-05 3.3136470124358777 0.48678513056972833 119.09681603299974 8.0 -18.853534807771418 0.7067893931524054 57291.079 57376.04 5 8 "Minimization exited successfully."
01330426 16 0.26378051780564016 57315.8877362729 7.569086710911555e-05 1.262183839258701 -0.29995465079049094 0.002839546459592751 0.13161970387591282 8.044635377110713e-07 0.16018307995705294 nan 95.03452648392278 11.0 -19.862812245013476 0.8416210178383245 57288.213 57387.181 3 13 "Covariance may not be accurate."
01330642 17 0.5883610549546291 57316.65495510768 8.862157621966627e-06 0.5432897429578079 -0.02178053907031735 2.2759666373772802e-10 0.002630421869980637 6.764585513976967e-07 0.4449138795075904 0.15104124906527694 13.92646120730883 12.0 -19.587424786275765 0.9555826996286285 57283.189 57403.073 6 11 "Covariance may not be accurate."
01330903 20 0.5911335922629016 57305.76004989943 9.286429574451029e-06 0.1601087167215809 -0.297784456226033 0.05964844257061136 2.1526963037103997 1.4919391510104247e-06 1.1289025581014522 0.3657935036182268 20.078542309567734 15.0 -19.654717784055606 1.0375478219597731 57276.314 57396.101 8 12 "Minimization exited successfully."
01331123 17 0.2585791666751192 57318.14253672848 3.7282964390131236e-05 -1.5223241279957695 0.2993327475736996 0.021807056636895472 0.30533446023400757 1.8090277055987633e-06 0.3628858923735543 0.5985213120214856 20.778294555320727 12.0 -19.043014727831086 1.3472999755393928 57297.032 57386.044 6 11 "Minimization exited successfully."
01331993 30 0.8499998959294569 57329.43483639125 3.5718173074239523e-06 1.1397242318468148 -0.2997002856216246 0.09411605398014977 0.7697944583342178 2.0328230817129316e-07 0.5601485911379616 0.32806781527438533 11.494833349492781 11.0 -19.586938126876106 0.8624637919728073 57291.17 57403.073 13 17 "Minimization exited successfully."
01332059 18 0.6482248815122765 57326.61034018758 9.02513473491906e-06 0.39659948910238496 -0.2995913734972886 0.13343152227848018 1.8548291631122993 9.499676772051215e-07 1.3244692674112448 0.3909361877046781 8.144131625154543 13.0 -19.8682709401797 0.9936341790149328 57288.201 57403.101 8 10 "Minimization exited successfully."
01332413 17 0.6307678505254984 57326.78257376554 6.863488437386378e-06 1.6100788061765208 0.2997280996860789 0.0441465191829416 1.790637231857545 5.293189790867015e-07 0.993564871465912 0.47512841634167735 26.68343393319581 12.0 -19.50017400506419 0.7656243441699999 57299.144 57403.064 6 11 "Minimization exited successfully."
01333246 30 0.4111094856336885 57325.544111837924 1.060121157810401e-05 1.96881259153625 0.1292867166305155 0.00014875343096756866 0.0040821845541358925 1.224009753662825e-06 4.16109299548209 0.12939383285951359 9.419865383319983 25.0 -18.848759616132117 0.7121576563860792 57299.22 57403.101 12 18 "Covariance may not be accurate."
01333438 31 0.39833092888047 57327.17453523526 1.2473031376417088e-05 0.4238616758065641 0.13512009135691616 6.2753620234112795e-06 0.0001722255183267407 8.742107060422116e-07 0.45269622665672893 0.0796532731085236 33.740490912430346 26.0 -18.942402500505825 0.9695685787992154 57297.346 57404.045 10 21 "Minimization exited successfully."
01334084 14 0.1800415184376945 57335.93784815179 0.0001316272836090593 -1.1361110693250365 0.04930791575736515 0.037187517944762744 0.8729183058167109 1.2662051984856098e-05 0.5551934649149783 0.10823288546101237 12.798632220984786 9.0 -19.523233642508963 1.2814772284974936 57315.206 57396.099 4 10 "Minimization exited successfully."
01334087 4 0.3023302822014155 57337.98323158876 4.361391707484175e-05 1.9999938382993747 0.24480944686572376 0.49914110892281116 72.6292449402572 0.030115304365486126 4.1986319915812835 0.5259531626500227 0.71719670369665 -1.0 -19.60482425548489 0.7038925370171043 57315.208 57403.099 2 2 "Minimization exited successfully."
