analysis_pipeline/fit_results/des_4_salt2_2.4_blue.ecsv
# %ECSV 0.9
# ---
# datatype:
# - {name: obj_id, datatype: string}
# - {name: num_points, datatype: int64}
# - {name: z, datatype: float64}
# - {name: t0, datatype: float64}
# - {name: x0, datatype: float64}
# - {name: x1, datatype: float64}
# - {name: c, datatype: float64}
# - {name: z_err, datatype: float64}
# - {name: t0_err, datatype: float64}
# - {name: x0_err, datatype: float64}
# - {name: x1_err, datatype: float64}
# - {name: c_err, datatype: float64}
# - {name: chi, datatype: float64}
# - {name: dof, datatype: float64}
# - {name: b_max, datatype: float64}
# - {name: delta_15, datatype: float64}
# - {name: tmin, datatype: float64}
# - {name: tmax, datatype: float64}
# - {name: pre_max, datatype: int64}
# - {name: post_max, datatype: int64}
# - {name: message, datatype: string}
# schema: astropy-2.0
obj_id num_points z t0 x0 x1 c z_err t0_err x0_err x1_err c_err chi dof b_max delta_15 tmin tmax pre_max post_max message
[from data line 160]
01335868 17 0.6194 57340.22899999955 5.829028012827031e-06 0.053926455590833644 0.2999999445518005 0.0 0.14423729065310908 5.360548663804756e-07 1.0730590165730125 0.48916165209859913 33.53036689247812 13.0 -19.273107516287432 1.0269748723859031 57315.234 57425.151 6 11 "Minimization exited successfully."
01336008 24 0.438 57347.95432190177 1.9301334587865095e-05 0.47072990979804796 -0.02240002332922897 0.0 0.39612726181803737 6.987416665507628e-07 0.3795600540821644 0.050669935325621404 11.201095655881886 20.0 -19.660340715043066 0.9684353876070979 57325.012 57403.049 11 13 "Minimization exited successfully."
01336009 25 0.3416 57344.42170343685 1.435623952737719e-05 -0.3143903269448529 0.09513173035515315 0.0 0.4694756326316565 7.680240442911596e-07 0.45921870812523435 0.062398661101802505 10.357469171654701 21.0 -18.701680879391443 1.1076780500841465 57325.012 57403.049 9 16 "Minimization exited successfully."
01336453 9 0.1848 57354.1689999888 8.297567080755853e-05 0.5013222962376069 0.29999948858347675 0.0 0.03147550562789547 1.5547735106979973e-06 0.1940901367942962 0.09114548233429642 15.622285093401773 5.0 -19.0908992295305 0.9483550787237611 57329.171 57403.099 3 6 "Minimization exited successfully."
01336480 7 0.256 57350.11499989776 3.1073015021729214e-05 -0.12781824885385618 0.2546160268802253 0.0 0.5565226596154389 1.172828005663179e-05 0.5578107662330014 0.5093387702417635 7.021512168047359 3.0 -18.819742213491555 1.0628064009740825 57329.171 57396.099 3 4 "Minimization exited successfully."
01336687 12 0.2337 57351.23274743845 3.8609905209549546e-05 0.47203882539356634 0.2924433317345922 0.0 0.284471053735615 7.481598639380585e-06 0.2650821399017733 0.5359994291591225 5.904413792015208 8.0 -18.83206595250929 0.9537469635726303 57327.065 57403.062 5 7 "Minimization exited successfully."
01337117 11 0.5539 57354.0279999936 1.1113886891020443e-05 -1.7482450413366561 0.29999443965314126 0.0 0.04396140592507436 4.448018616903804e-07 0.3979289206870269 0.09351533203598306 103.74519422993325 7.0 -19.677642727370888 1.4013780555315982 57329.033 57403.049 4 7 "Minimization exited successfully."
01337221 28 0.6688 57350.022999960296 6.12415840299807e-06 -2.568947622706662 0.2999947327660409 0.0 0.07514853945031064 5.414321972693758e-07 0.7068566891527268 0.5111046764349549 68.86211669044222 10.0 -19.529249776751914 1.6223786019659165 57325.027 57407.048 10 18 "Minimization exited successfully."
01337228 14 0.5788 57350.022999447 5.166814693599587e-06 -2.999993820841811 0.2999988583945851 0.0 0.13325042146243504 4.887733277642027e-07 1.1106534057447104 0.4695897182566948 35.19929870038713 10.0 -18.961478784714828 1.7581758866433645 57325.027 57407.046 5 9 "Minimization exited successfully."
01337272 12 0.5027 57350.06799999888 8.778082076749127e-06 -2.9999774526416423 0.29978091368286913 0.0 0.08317726762106759 6.867993499373724e-07 4.4084131622005245 0.32254716052736637 43.893243508326506 8.0 -19.166536161093934 1.7582063436933026 57325.073 57427.054 4 8 "Minimization exited successfully."
01337325 12 0.6387 57350.06799997939 6.650049158699046e-06 -1.4150593373758664 0.2999985589889927 0.0 0.11731674030670547 5.132379039152203e-07 1.0310842050724291 0.5060121886605233 37.832167713509065 8.0 -19.496764327798225 1.3225999137209499 57325.073 57427.054 4 8 "Minimization exited successfully."
01337649 9 0.2491 57363.37447073526 5.326662814687799e-05 1.3172901216502542 -0.29998911122299654 0.0 0.31714872339216527 8.9767364933463e-07 0.27015212227232377 0.41189315125390985 6.472428563302759 5.0 -19.339495458995874 0.8322876469484726 57339.165 57408.053 3 6 "Minimization exited successfully."
01337655 10 0.8485 nan nan nan nan 0.005 nan nan nan nan nan nan nan nan nan nan 0 0 "No bands in data overlap the model."
01337687 12 0.3195 57361.488513002674 3.2414825283363924e-05 0.9054850734305657 0.2999977893841222 0.0 0.30013740356298513 5.714563361097775e-07 0.21614017271082275 0.5231897411574464 13.383410136073097 8.0 -19.421929653944108 0.8802877288784181 57339.297 57425.149 3 9 "Minimization exited successfully."
01337703 15 0.5334 57350.11999982678 9.972768787883113e-06 -1.8831419244591705 0.2999999742816161 0.0 0.129725802125904 9.86948641382158e-07 1.0129212012561877 0.43776802007644683 41.389098472706245 11.0 -19.460819419951747 1.4349360738253694 57325.124 57425.151 5 10 "Minimization exited successfully."
01337838 11 0.3119 57364.14799920948 2.9747410038347133e-05 0.5560688489910635 0.299999445337706 0.0 0.9188984937718487 5.380966522597351e-07 0.24341073557247705 0.4309749246329567 43.7932015099536 7.0 -19.26768260860557 0.9389899729615898 57339.151 57427.066 4 7 "Minimization exited successfully."
01338128 11 0.3117 57364.01899875819 2.2496472199193263e-05 -0.868680376208506 0.2999991634645995 0.0 0.08010893886603299 9.717704698070099e-07 0.5626711728601086 0.37368773044643294 21.619500910173667 7.0 -18.96181969855219 1.204417016200999 57339.021 57407.044 3 8 "Minimization exited successfully."
01338170 22 0.389 57362.98775083425 1.7021700382205406e-05 0.09917313177783438 -0.05786987646075989 0.0 0.8617314875882585 1.3090522763506411e-06 0.7285518085419698 0.09390355570764733 7.931675679098394 18.0 -19.21800584952279 1.0375742723530657 57339.021 57407.046 6 16 "Minimization exited successfully."
01338233 13 0.598 57344.27598973751 3.9848300242839585e-06 1.999912139479731 0.2999845091911529 0.0 0.47269411510569626 4.815776418504169e-07 4.001804069375772 0.5829062008879691 21.67415555642872 9.0 -18.769158671473324 0.7023859752221 57319.281 57427.054 5 8 "Minimization exited successfully."
01338266 40 0.6476 57364.03299849271 4.629817081491794e-06 -1.621164090812719 0.2999858355925353 0.0 0.48647982957118074 3.593579661745342e-07 0.9709736487775398 0.40718180740491405 19.101395915344536 15.0 -19.14026937946198 1.3706139263120463 57339.037 57427.068 13 27 "Minimization exited successfully."
01338278 10 0.5639 57364.03299562003 7.836793209167748e-06 -0.003718211583739972 0.2999794958201953 0.0 0.5380135846608027 5.067168602282401e-07 0.91044880699396 0.5990362528363005 4.310831400282037 6.0 -19.346344987017478 1.0374080559445282 57339.037 57427.054 3 7 "Minimization exited successfully."
01338387 10 0.5838 57354.168999831694 8.549781155803293e-06 0.44772309650803566 0.2999976989838789 0.0 0.0817024955395027 4.886849659851972e-07 0.7655292685392978 0.3952293900188961 68.8736205605172 6.0 -19.53270051654608 0.9575734495141681 57329.173 57403.101 3 7 "Minimization exited successfully."
01338430 9 0.5089 57362.56240841531 1.5142875487283992e-05 0.5070794584694251 -0.29930045745854006 0.0 1.6340721446431417 1.565051668536709e-06 1.152798246657963 0.3377642987346059 1.2579584572585136 5.0 -19.791944397916094 0.973494773194016 57339.122 57403.101 3 6 "Minimization exited successfully."
01338471 11 0.5309 57344.133997976416 5.293409370324409e-06 -0.6391058403100995 0.2999955467306085 0.0 0.3788946434688114 7.369899425166414e-07 1.6106761127937113 0.570611991948911 14.08605654566392 7.0 -18.76136015348408 1.1579613436182576 57319.137 57403.101 3 8 "Minimization exited successfully."
01338675 17 0.3306 57364.045999998496 1.9007727394793063e-05 1.9999948084100918 0.010962562428993183 0.0 0.0056601960604893975 4.363227494516564e-07 0.41005857323748884 0.026105372923695747 963.3332061387223 13.0 -18.925213230308582 0.710103845065067 57339.046 57406.102 5 12 "Minimization exited successfully."
01339002 9 0.3025 57369.653307247434 1.914906307651787e-05 -1.3128480136328478 0.29939850448709665 0.0 0.7287366153905168 1.1924739535790214e-06 0.5956641991763334 0.5155613296042771 1.553517091926555 5.0 -18.711302994801947 1.2996458367548307 57346.027 57427.066 3 6 "Minimization exited successfully."
01339149 9 0.4678 57370.067999678606 1.0439405413564806e-05 -2.3224337290168364 0.2999294551066238 0.0 0.10387162526603788 5.572264635086978e-07 0.7417580892647365 0.5535844069074988 22.000855028591666 5.0 -19.16728599773862 1.5514476370710923 57346.029 57427.068 3 6 "Minimization exited successfully."
01339392 6 0.1804 57369.90537300008 0.00017023361765397538 -0.8060686453260999 -0.2986507191216848 0.0 1.0934161215809581 2.6007108131910486e-05 1.0060776273918801 0.518702011643846 0.6306955210463621 2.0 -19.811643231147222 1.2336043224084996 57345.331 57426.145 3 3 "Minimization exited successfully."
01339450 13 0.5505 57364.28099955208 5.798411299753892e-06 -2.560554138017863 0.29999926349143674 0.0 0.4544715746451402 6.446111233321394e-07 2.5577803872975458 0.5825502829218976 14.226432701064896 9.0 -18.954736683900993 1.619888687804174 57339.286 57426.147 4 9 "Minimization exited successfully."
01340454 22 0.421 57370.311999999176 1.2299474704571823e-05 1.9999962926350436 0.27792705628714737 0.0 0.03181094273168128 4.4631873028777546e-07 0.10046681037007632 0.04691020049434025 109.56210169931805 18.0 -19.074733407036817 0.7029821954876461 57345.314 57425.151 6 16 "Minimization exited successfully."
01341370 16 0.409 57372.075999584784 1.5946507133704493e-05 -0.27559725983322236 -0.010846081505493488 0.0 0.016032988805818604 6.32098510192081e-07 0.31727446713881546 0.05174382485665979 145.20966532849226 12.0 -19.27562961456666 1.1064011938913971 57347.079 57403.049 6 10 "Minimization exited successfully."
01341894 7 0.3121 57390.050908521705 2.47623989646395e-05 -0.4172140137708982 0.29984563097346556 0.0 1.464892636755394 1.0153612207811067e-06 0.6153662314834547 0.5998150960554065 1.9122516222221926 3.0 -19.069484681917686 1.1146222281725748 57365.054 57427.052 4 3 "Minimization exited successfully."
01342255 6 0.2141 57390.10699975373 6.473616235260771e-05 0.26296237503891895 0.2999543722137135 0.0 0.07737891765646054 7.804443508258041e-07 0.268326983101685 0.4448738862923115 4.525790522910132 2.0 -19.178580158132085 0.9897523752496831 57365.11 57403.099 4 2 "Minimization exited successfully."
01343208 6 0.4993 57380.250998533884 1.2659059494030123e-05 -2.9999999969536617 -0.29996224418149003 0.0 0.04075738266328699 5.620827635444138e-07 0.07176778488196223 0.49494955191986006 91.58444028527579 2.0 -19.54562870916844 1.8538048592134686 57356.144 57397.09 3 3 "Minimization exited successfully."
01343337 16 0.3389 57394.270918832 1.603653561915164e-05 1.1453519846878581 0.2646135309575867 0.0 0.8461043309580418 1.0433158666639514e-06 0.8881429333428827 0.06071546136725012 8.954958353545441 12.0 -18.80615961042114 0.8421811936348895 57372.226 57426.147 10 6 "Minimization exited successfully."
01343401 12 0.3829 57395.06649802783 2.4881726940970128e-05 1.1842210520140979 -0.043924835576798105 0.0 0.9879961355036357 1.2751605031613433e-06 0.9691284648144183 0.07523020974887644 2.1635001796698585 8.0 -19.590544733537353 0.8466486370873803 57372.048 57427.054 6 6 "Minimization exited successfully."
01343533 16 0.368 57389.84966238581 1.559909923200542e-05 -0.9648432542229495 -0.004610312902375457 0.0 2.5195640337733494 1.8650427507801989e-06 1.4839429789289953 0.16444807287431257 2.3767077214878447 12.0 -18.980453257897114 1.2478695994011595 57365.039 57407.046 10 6 "Minimization exited successfully."
01343759 7 0.508 57390.132999971815 9.732202651793754e-06 -1.8350901891093345 0.29983163252308304 0.0 0.02620877284789458 2.285371022092702e-07 0.3455681410877468 0.549761306372491 90.34980112474902 3.0 -19.306426692740125 1.4228895575005893 57365.223 57425.071 3 4 "Minimization exited successfully."
01343871 7 0.6379 57380.223 5.901678889344564e-06 -2.999999959772232 0.29999988304218034 0.0 0.0834944731577707 3.621445359411334e-07 3.9547584518129812 0.45862240234716967 48.55636960354374 3.0 -19.363212348666167 1.758177772878554 57355.228 57408.055 3 4 "Minimization exited successfully."
01344692 14 0.3795 57391.05399949108 7.86735879603484e-06 -1.8121976775261277 0.29996846640543023 0.0 0.38813142050639726 6.194647002730203e-07 1.3323373854097682 0.5254078676346479 7.516714226592114 10.0 -18.320460625779187 1.4171711066301427 57366.056 57427.068 8 6 "Minimization exited successfully."
01345553 6 0.3189 57394.78908265562 3.654811283704262e-05 1.2105837599443756 -0.29984531854781554 0.0 1.108828493670444 1.6896814596920071e-06 1.1023764061492753 0.5182007261820458 4.0922202083920824 2.0 -19.547418435411466 0.8503843002159854 57372.048 57427.052 3 3 "Minimization exited successfully."
01345582 7 0.4588 57390.050999530344 1.7326994899047322e-05 -2.4941659416952326 -0.2982399000489069 0.0 0.08300517255702289 2.5032738020472347e-06 0.9122954082547248 0.46040977895207 44.41828432663156 3.0 -19.666160659575695 1.6777164039954542 57365.056 57427.054 4 3 "Minimization exited successfully."
01345594 11 0.4224 57396.87968975187 1.9531345283541057e-05 -1.8994218982425566 -0.04342980114215955 0.0 3.440369008851121 1.7868204377796675e-06 1.4030008776455822 0.12095754945837084 3.292975481571799 7.0 -19.57817523812681 1.4752530528016514 57372.048 57427.054 8 3 "Minimization exited successfully."
01346137 14 0.3635 57400.045999953356 2.0553823948754604e-05 -0.9470001145989184 0.050473657039022235 0.0 0.16185417069937102 1.3295850664049594e-06 0.4762400017923121 0.08237876142989459 10.46237634363369 10.0 -19.24871107182075 1.2398898553790403 57375.048 57425.151 8 6 "Minimization exited successfully."
01346387 13 0.3445 57394.845627782815 1.7119788184347118e-05 -1.7827400537808953 -0.024304432537979037 0.0 0.1926631692913361 4.205867691758902e-07 0.32032797933023605 0.024328527495604546 8.93915719304154 9.0 -18.913040585980365 1.4428420012314547 57372.136 57426.118 6 7 "Minimization exited successfully."
01346956 10 0.3335 57412.17799999345 3.3604762184269446e-05 0.8894644337534787 -0.01028621933018059 0.0 0.09036270270735258 1.5975027788647775e-06 0.3050012632373622 0.04148270038396665 10.687502106852092 6.0 -19.564604975558495 0.8951995240130124 57387.181 57426.147 8 2 "Minimization exited successfully."
01346966 14 0.3355 57401.05699991508 3.191506022636459e-05 -2.978551095295764 -0.0356270507028833 0.0 0.02471532905838103 1.2595225072409309e-06 0.9290048153248267 0.046659945525218294 119.1818790269581 10.0 -19.521689273633932 1.8049168020293216 57376.057 57426.147 8 6 "Minimization exited successfully."
