analysis_pipeline/fit_results/des_4_salt2_2.4_all.ecsv
# %ECSV 0.9
# ---
# datatype:
# - name: obj_id
#   datatype: string
# - name: num_points
#   datatype: int64
# - name: z
#   datatype: float64
# - name: t0
#   datatype: float64
# - name: x0
#   datatype: float64
# - name: x1
#   datatype: float64
# - name: c
#   datatype: float64
# - name: z_err
#   datatype: float64
# - name: t0_err
#   datatype: float64
# - name: x0_err
#   datatype: float64
# - name: x1_err
#   datatype: float64
# - name: c_err
#   datatype: float64
# - name: chi
#   datatype: float64
# - name: dof
#   datatype: float64
# - name: b_max
#   datatype: float64
# - name: delta_15
#   datatype: float64
# - name: tmin
#   datatype: float64
# - name: tmax
#   datatype: float64
# - name: pre_max
#   datatype: int64
# - name: post_max
#   datatype: int64
# - name: message
#   datatype: string
# schema: astropy-2.0
obj_id num_points z t0 x0 x1 c z_err t0_err x0_err x1_err c_err chi dof b_max delta_15 tmin tmax pre_max post_max message
[from data line 104]
01312274 62 0.438 56977.0309353424 1.2633303962003573e-05 -1.3402019562633627 -0.055565729044604495 0.0 0.5906728249356092 4.2788434306967293e-07 0.4573925462411319 0.02776624144013344 41.13203116801475 58.0 -19.199192687593055 1.3368799432518088 56956.141 57052.1 12 50 "Minimization exited successfully."
01313594 54 0.2883 57002.350359250544 4.630368372121885e-05 0.5444338864232612 -0.08985155801755373 0.0 0.1703330849777558 5.81046110202655e-07 0.1365229254921405 0.01084620518872502 30.146017051255832 50.0 -19.54603576706064 0.9582633837222154 56973.035 57051.058 19 35 "Minimization exited successfully."
01314897 54 0.3369 57301.32275580064 2.856786472900108e-05 0.8453241013039445 0.032499424589651105 0.0 0.31012502090015914 7.631127344809311e-07 0.2837942105074167 0.019332286992714193 50.506404681453986 50.0 -19.414030595881975 0.9010794645951208 57273.337 57373.072 17 37 "Minimization exited successfully."
01315192 38 0.2254 57008.760162918705 5.5483072769094147e-05 0.8996180076733671 0.12451832536794938 0.0 0.17393676950086956 1.4812222415880323e-06 0.191740761245498 0.01803837409995368 32.52012862911394 34.0 -19.13350471791952 0.8882939791327544 56987.193 57052.1 13 25 "Minimization exited successfully."
01315259 44 0.228 57004.16462594572 4.722624991844726e-05 -0.5348625229958972 0.08031416064214925 0.0 0.17257690912447288 6.177972514953556e-07 0.13826794261754305 0.011012736596934497 43.436446091788056 40.0 -18.985179970340532 1.1520874150429563 56980.181 57049.073 16 28 "Minimization exited successfully."
01315296 53 0.4126 57005.11106252881 1.0932771177318835e-05 1.633095290898357 0.055214442011682074 0.0 0.684500782219402 4.733420139305106e-07 0.6468871419957811 0.03495485843369914 38.56787451985412 49.0 -18.890253405727375 0.7693362584092611 56973.183 57049.072 23 30 "Minimization exited successfully."
01316385 32 0.1478 57019.288856274514 0.00019723541270021683 1.2152608468701382 0.028971153640456826 0.0 0.14176320064871106 3.978189067316295e-06 0.12355148200824972 0.012517296818206541 87.45924895601922 28.0 -19.491764637635313 0.8390146608222224 57001.175 57067.046 13 19 "Minimization exited successfully."
01316431 39 0.1981 57018.86756040554 9.711675126710118e-05 1.3610905305017518 -0.03241020400062933 0.0 0.07097107670779224 7.557228825019746e-07 0.08377075814551871 0.0062276724808819905 90.77073479165168 35.0 -19.42599032207174 0.8168141422379627 57001.16 57052.1 16 23 "Minimization exited successfully."
01316437 49 0.482 57010.52579722168 8.764086246085268e-06 -0.11456173288569005 0.07447644593363123 0.0 0.6772777681035222 4.010710498936195e-07 0.5924000203849711 0.03875476669642783 62.4746640773409 45.0 -19.0517471114389 1.0706493272568522 56980.192 57052.1 19 30 "Minimization exited successfully."
01316465 41 0.3291 57021.50680195398 2.8596016546558745e-05 0.4709518275417701 -0.005805838654723505 0.0 0.07805661797101493 2.4418064527992334e-07 0.0781534865615563 0.006757538498810722 66.5501402613513 37.0 -19.355386298092164 0.9676649780916762 57001.175 57067.046 16 25 "Minimization exited successfully."
01317164 35 0.1547 57297.05132233866 7.296665618429788e-05 -2.3983551749832124 0.1161499569895953 0.0 0.16720127444932587 2.170273288100437e-06 0.1537812608708662 0.023207573995826153 94.55145731481238 31.0 -18.51923072420277 1.5962295335207273 57276.375 57355.165 5 30 "Minimization exited successfully."
01317277 52 0.2371 57007.399893365284 4.159365129148274e-05 -1.3742275709390102 0.04892021368091981 0.0 0.2771138663847523 8.446133597378447e-07 0.24052464272013052 0.01843114447900704 50.39129861280746 48.0 -18.94285701036921 1.335887088832493 56987.071 57052.042 21 31 "Minimization exited successfully."
01317286 54 0.279 57015.308822902385 5.212060398104013e-05 0.6649472291348886 -0.0658421494690844 0.0 0.13641449199349154 4.723100248280023e-07 0.12811241735535583 0.00787444210339483 59.77364729166744 50.0 -19.5924950556291 0.9360829818244163 56987.071 57052.042 30 24 "Minimization exited successfully."
01317454 39 0.5688 57015.46351182846 8.007030325860033e-06 -0.1599368320982859 0.057515775612911046 0.0 0.6320182053896133 2.8998504109228935e-07 0.5386378466275468 0.034252167024576896 30.728817153823638 35.0 -19.38770571820572 1.080206850764334 56987.028 57051.043 18 21 "Minimization exited successfully."
01317666 47 0.1414 57301.241531138 0.00010746917009265834 -0.037075631732198744 0.13699243454084264 0.0 0.07094230918301037 1.783646195185895e-06 0.06069844798152957 0.010150335991273907 106.45649562159824 43.0 -18.72744562962198 1.052666390262889 57273.339 57356.106 16 31 "Minimization exited successfully."
01319366 65 0.2361 57304.23690625308 6.991089955522556e-05 1.4969930949091994 0.008144006590745156 0.0 0.21018878956965636 8.479030105881802e-07 0.15535133335856255 0.010151833345440148 144.25033600638977 61.0 -19.498194436648525 0.7931027025048643 57276.312 57372.107 30 35 "Minimization exited successfully."
01319821 49 0.3088 57020.49900332871 3.214636013594841e-05 -0.40032413821791124 -0.06855147142191331 0.0 0.16740821801067796 5.882071538357299e-07 0.19233391608271866 0.013545550460880199 33.021370340878846 45.0 -19.321400138472754 1.1344129395126181 56992.123 57067.103 18 31 "Minimization exited successfully."
01320166 39 0.449 57021.578592272104 1.2712349738311369e-05 0.28666139684303715 -0.03555263108007045 0.0 0.39605135965393856 4.6626113336251107e-07 0.4515808977622666 0.02695495406861728 39.69310088490417 35.0 -19.271103429958828 1.0020534427093608 56991.108 57049.049 20 19 "Minimization exited successfully."
01322229 29 0.5261 57033.92566200021 1.0150059623154073e-05 1.120504428624142 0.026704682524363643 0.0 0.5676540087915782 2.4680672916221874e-07 0.5332120866920151 0.023437899137948137 15.104524613178977 25.0 -19.440832775793503 0.8548832128682555 57001.05 57052.048 20 9 "Minimization exited successfully."
01322979 35 0.5294 57038.97234443991 1.045750860984851e-05 0.03790864407103056 -0.083648048179784 0.0 0.2280676870395837 1.0881353787461912e-07 0.21118214907834587 0.009942172280749464 34.01929974090465 31.0 -19.489007490995135 1.0503282987803573 57008.04 57067.047 18 17 "Minimization exited successfully."
01324542 38 0.5415 57043.43898220423 8.342379522549571e-06 0.3751390266251482 -0.07094262835621282 0.0 0.7171651314092742 2.930964461259062e-07 0.604379942101757 0.02910617047979286 44.48431546102903 34.0 -19.303161560673068 0.9876812469129916 57011.085 57067.103 19 19 "Minimization exited successfully."
01325358 32 0.7793 57048.226973208526 4.703744410805566e-06 0.14708409045497994 -0.031869656702618654 0.0 0.8883595908955613 1.5305166332635328e-07 0.607940711189787 0.03519812962295747 36.09902488379255 28.0 -19.647530166464602 1.0274084366222134 57005.241 57066.064 27 5 "Minimization exited successfully."
01327978 54 0.2073 57307.51186156617 6.666981036259623e-05 0.1676864820155073 0.08681722223633659 0.0 0.4254942887710058 2.1357983450945333e-06 0.4759746795757802 0.03139974789436906 14.293217961710209 50.0 -19.127298782957197 1.017700758743036 57283.129 57373.043 28 26 "Minimization exited successfully."
01328066 81 0.4489 57299.59429732368 1.69730698424464e-05 0.9615829705825822 -0.10211638591030284 0.0 0.0006746916078554932 6.878626174891548e-07 0.4630267971984283 0.02479624986455224 65.07041430586766 77.0 -19.58537240299393 0.8862775015218212 57273.093 57379.051 23 58 "Minimization exited successfully."
01328105 84 0.4402 57302.19476440925 1.7513424835308158e-05 0.3496664568241057 -0.03689557976324792 0.0 0.6186485418438679 6.810896073697327e-07 0.42432426928046296 0.023415567694528627 83.12532517373918 80.0 -19.56771730656789 0.9907270125978478 57273.093 57386.049 26 58 "Minimization exited successfully."
01329166 71 0.7316 57308.26935382389 4.492952568199704e-06 0.0697454443250356 -0.05465313202176461 0.0 0.4795723141360213 1.2863918067290686e-07 0.3223627808241831 0.02294984071560316 71.81741106485327 67.0 -19.428793634197383 1.0428983202004147 57268.251 57402.11 23 48 "Minimization exited successfully."
01329196 82 0.7693 57308.918809903145 4.578484018860629e-06 0.5142682570792099 -0.038530562040134386 0.0 0.41697137836308684 9.555466127797477e-08 0.2608679623290395 0.02063258194249455 88.2011413727098 78.0 -19.583931493949827 0.9614233966175689 57266.247 57406.112 24 58 "Minimization exited successfully."
01329312 59 0.3444 57309.8430258946 2.098343324844765e-05 -1.4135511297318324 -0.047478891858375394 0.0 0.35763810012940667 5.376244609028854e-07 0.32275351121172846 0.0207384375568863 24.492421187090624 55.0 -19.133478814202057 1.3535719346311055 57283.189 57389.086 17 42 "Minimization exited successfully."
01329615 66 0.4039 57304.87979288647 1.5222476893428372e-05 -0.40561933707344977 0.0008742656778970015 0.0 0.7141728720562242 6.248016001977892e-07 0.5121664645014596 0.028652801654089927 39.38425894840385 62.0 -19.192805733933387 1.1312867665556645 57278.298 57385.114 22 44 "Minimization exited successfully."
01330031 66 0.1041 57315.110745534716 0.00039870161626172633 0.2936281366670892 -0.08324842286629 0.0 0.0500560652326385 6.171610331831535e-06 0.06404206740043139 0.010849660446299647 1065.3708906186955 35.0 -19.43193990395513 1.003002634873564 57290.065 57376.047 27 39 "Minimization exited successfully."
01330426 66 0.2595 57316.10510014439 6.735839473214767e-05 1.3341263764269877 -0.08917283466901663 0.0 0.00015915084804873914 5.516125320417732e-07 0.07755412847884768 0.006315797394671474 328.5968953814725 62.0 -19.691505734685762 0.8230791125953694 57288.21 57387.185 15 51 "Minimization exited successfully."
01330642 68 0.6339 57317.47295864369 8.60429850862987e-06 0.9292249539358979 -0.11394006476312749 0.0 0.3364962998275587 1.965309143370224e-07 0.27428642635263456 0.014583136822072698 73.76177002081097 64.0 -19.753700520343394 0.8922334952311921 57283.189 57406.1 25 43 "Minimization exited successfully."
01330903 79 0.5638 57306.361474193465 7.672728149710207e-06 0.1801195837992875 0.0012979447582373016 0.0 1.0140370358021755 3.7318950740633466e-07 0.6971811770293987 0.04226513106235211 62.233119216533666 75.0 -19.318151763523826 1.0197020433663333 57276.312 57396.103 30 49 "Minimization exited successfully."
01331123 66 0.2291 57318.352449893675 4.691142203525067e-05 -1.5300150494911242 -0.001076740070877158 0.0 0.145404062623129 7.64311306661325e-07 0.14983439731397785 0.013698125299729441 80.50680934018229 62.0 -18.98885456781766 1.3774674780943954 57297.03 57386.049 24 42 "Minimization exited successfully."
01331993 64 0.7196 57327.50876653363 4.713870275754873e-06 0.6030078695353627 -0.07217831070717712 0.0 0.5134273055555241 1.6155772087356182e-07 0.385482313146025 0.027162037568341124 64.11468951999298 60.0 -19.437240428710076 0.9471932335651161 57291.17 57408.04 25 39 "Minimization exited successfully."
01332059 71 0.5788 57324.43914933249 9.247971403622547e-06 0.15086835031987356 -0.16596987604596503 0.0 0.5213073178165359 4.238536147810338e-07 0.47762177199158895 0.02548142811201981 60.711812704289976 67.0 -19.591452324824694 1.0331879452373407 57288.199 57403.103 29 42 "Minimization exited successfully."
01332413 69 0.6087 57325.406879735085 8.788010907617716e-06 1.1577976883231553 -0.11769827676602959 0.0 0.549167554021551 3.7074000041187395e-07 0.47095201062939873 0.02695877121970011 68.0607461521645 65.0 -19.669396609560593 0.8535428793196544 57297.151 57403.064 24 45 "Minimization exited successfully."
01333246 56 0.4379 57325.724254747176 1.0142603737550715e-05 1.8525468133062555 0.16312730715747442 0.0 0.9374939342633297 9.219596157572512e-07 3.4200897277475697 0.05980100071612701 18.917769236470093 52.0 -18.964130026353946 0.7303254841762552 57299.22 57403.103 22 34 "Minimization exited successfully."
01333438 53 0.3995 57327.11776561732 1.265722056903451e-05 0.4395927589217812 0.10370554105738489 0.0 0.0009660979449108709 5.921685256371484e-07 0.4154812144675448 0.04514777498094563 41.353195334672336 49.0 -18.96545347642328 0.9682604903406862 57297.346 57406.124 15 38 "Minimization exited successfully."
01334084 37 0.1335 57336.584228621774 0.00012181544386666022 -0.7229004008754956 0.12133534744004615 0.0 0.3243596164393239 6.26675636881541e-06 0.24999185385999834 0.031747677484154274 37.47598878759179 33.0 -18.726947456526464 1.1875323205060972 57315.206 57396.104 11 26 "Minimization exited successfully."
01334087 27 0.2663 57339.788931200186 5.401717537898698e-05 0.36367844906955593 0.030823250500821575 0.0 0.00046015464977244847 1.1747332298514546e-06 0.2774788238736101 0.02235871318452623 29.903246977881345 23.0 -19.514890007281306 0.985092250981598 57311.299 57403.103 12 15 "Covariance may not be accurate."
01334302 64 0.4549 57331.0071248283 1.2962134483396338e-05 -1.0135926686326746 -0.018462985421879963 0.0 0.6649248365247331 4.88283527527722e-07 0.5204036433348286 0.028556098311653344 33.12621006908394 60.0 -19.3252847454543 1.2595853015436127 57301.033 57407.048 26 38 "Minimization exited successfully."
01334423 56 0.3577 57335.742034942195 1.9679919792642278e-05 0.8547516170053662 0.04325212734688555 0.0 0.41562931121734437 5.255446512447686e-07 0.3658792483572799 0.018932750902802525 27.87127866255802 52.0 -19.16169832406962 0.899056389488269 57312.138 57408.057 20 36 "Minimization exited successfully."
01334448 64 0.5167 57330.97843639083 9.207710740122277e-06 -2.3521329387862275 -0.1054296512429907 0.0 0.8580970234615961 6.085355109985981e-07 0.5904693446361043 0.04786617204619341 48.60005733727297 60.0 -19.286120741298422 1.609621796467131 57301.278 57402.056 28 36 "Minimization exited successfully."
01334470 60 0.5188 57334.0383249649 9.961654700332835e-06 0.9727728639045967 0.03577373789187149 0.0 0.6791072629166592 4.334182746493227e-07 0.5647356962903769 0.0298420521744866 66.46969337704765 56.0 -19.383740274171057 0.8793533341030546 57305.279 57402.056 24 36 "Minimization exited successfully."
01334597 48 0.289 57343.58280540172 4.336849138093235e-05 0.5639298019744041 -0.029361239187172428 0.0 0.07209130912087858 3.279290587535087e-07 0.06745073052890382 0.00583913587184301 47.20129543800289 44.0 -19.480674368785238 0.9522738021990911 57315.219 57408.043 18 30 "Minimization exited successfully."
01334620 58 0.1961 57334.92035725467 4.087123019125283e-05 -0.5220427711235609 0.2398413803082567 0.0 0.269076277869317 1.0829239375786948e-06 0.2785879881996063 0.02106845235214322 62.50397336756062 54.0 -18.46327835047916 1.1389840485489309 57311.28 57403.064 20 38 "Minimization exited successfully."
01334644 56 0.2881 57332.38508227938 3.1598415114697524e-05 -1.675078338662217 -0.03464974878890065 0.0 0.27677954037790187 5.720227734873371e-07 0.2071411766268021 0.01689239054851864 42.488859218983876 52.0 -19.127802305254026 1.416469391066446 57311.28 57403.064 20 36 "Minimization exited successfully."
01334645 54 0.2312 57335.45799205477 5.817332979984602e-05 -0.848145172079783 0.003150052773086942 0.0 0.13409542911176686 7.606181012712016e-07 0.14083102897086364 0.010654119181860433 50.60892275570893 50.0 -19.24521126201231 1.2221482092954759 57311.28 57403.064 19 35 "Minimization exited successfully."
01334707 63 0.6488 57339.696780380626 7.596283542773974e-06 0.45067734587000574 -0.14863436350357354 0.0 0.2666135769104585 1.399140463459461e-07 0.1994347678816626 0.010507546556870168 58.90541774830681 59.0 -19.680138120641324 0.9774802574321129 57304.307 57426.118 21 42 "Minimization exited successfully."
01334879 61 0.6393 57336.489381318046 4.776920109297867e-06 -0.08356098410107338 0.10722429572900083 0.0 0.34868245346297044 1.213390075319178e-07 0.25132124705342296 0.025347767645675867 49.114375472697986 57.0 -19.13654600777387 1.0629894030374842 57302.241 57426.118 20 41 "Minimization exited successfully."
