analysis_pipeline/fit_results/des_4_salt2_2.4_blue.ecsv
# %ECSV 0.9
# ---
# datatype:
# - name: obj_id
#   datatype: string
# - name: num_points
#   datatype: int64
# - name: z
#   datatype: float64
# - name: t0
#   datatype: float64
# - name: x0
#   datatype: float64
# - name: x1
#   datatype: float64
# - name: c
#   datatype: float64
# - name: z_err
#   datatype: float64
# - name: t0_err
#   datatype: float64
# - name: x0_err
#   datatype: float64
# - name: x1_err
#   datatype: float64
# - name: c_err
#   datatype: float64
# - name: chi
#   datatype: float64
# - name: dof
#   datatype: float64
# - name: b_max
#   datatype: float64
# - name: delta_15
#   datatype: float64
# - name: tmin
#   datatype: float64
# - name: tmax
#   datatype: float64
# - name: pre_max
#   datatype: int64
# - name: post_max
#   datatype: int64
# - name: message
#   datatype: string
# schema: astropy-2.0
obj_id num_points z t0 x0 x1 c z_err t0_err x0_err x1_err c_err chi dof b_max delta_15 tmin tmax pre_max post_max message
01248677 30 0.3502 56554.47242666116 3.3712352848022656e-05 0.9974936045291809 -0.1036559529639684 0.0 0.0959494447815814 4.71208494322304e-07 0.10621684765136141 0.012208552267463466 290.25371365056674 26.0 -19.692700183562987 0.8802117059299661 56538.34 56629.123 5 25 "Minimization exited successfully."
01250017 16 0.1817 56553.547090184125 8.785167487077861e-05 0.2494905040385893 0.2999735924292674 0.0 0.14388442538984236 1.5594711555030907e-06 0.24479007380856488 0.45913514969797836 22.800944963028144 12.0 -19.111882848155332 0.9921231643338757 56534.235 56616.075 6 10 "Minimization exited successfully."
01253039 18 0.4535 56575.66079058368 2.0112860018609015e-05 0.6102640626397617 -0.2979235206320717 0.0 0.7053435145353433 2.5926712316520766e-06 0.6430365935145685 0.5520038998670604 8.138809251578236 14.0 -19.79973067049933 0.9548671807353486 56547.272 56653.09 7 11 "Minimization exited successfully."
01253101 18 0.4596 56577.07502029006 1.5064936760583737e-05 0.6788107723144314 0.03448599220600507 0.0 0.9914616211499379 6.803331477146791e-06 0.8034566270367511 0.46683908906740945 25.489117170692413 14.0 -19.51637190295634 0.9295722986219666 56543.096 56657.05 6 12 "Covariance may not be accurate. Covariance not positive definite. Covariance forced positive definite."
01253920 15 0.1956 56583.29019326136 7.011340349345197e-05 -0.7527292489484916 0.29965856342673164 0.0 0.16509881168531138 1.8885353242917305e-06 0.2113189747448938 0.48515284924637414 59.93036566974547 11.0 -19.044647771058536 1.1807643101131902 56559.193 56649.168 5 10 "Minimization exited successfully."
01255502 10 0.1482 56592.74486648184 0.00022438928628524537 1.127546685657646 -0.009956670904950893 0.0 0.2623563947090588 2.4096543258089753e-05 0.6050397637441665 0.04885742579835123 74.7291623952634 6.0 -19.63807962460183 0.8549818634178052 56579.125 56653.072 2 8 "Minimization exited successfully."
01257366 8 0.2114 56613.05623925884 6.482213194157204e-05 -0.35437612629539483 -0.29553799549991466 0.0 3.487133478622127 1.953268910693945e-05 0.9765769043562911 0.33911334554259165 9.895213909034174 4.0 -19.148055155822778 1.1381291916073515 56590.343 56675.102 1 7 "Minimization exited successfully."
01257695 11 0.1838 56613.19775772612 8.844868856052457e-05 0.13578347461325802 0.2999988513205231 0.0 0.13029604340772494 1.3958524083354545e-06 0.16721884038724633 0.3805800072941937 46.16523993579484 7.0 -19.146879618591864 1.0122878504401278 56590.027 56675.074 4 7 "Minimization exited successfully."
01258906 28 0.3492 56621.358123461905 2.29537494293941e-05 -0.07486025566575716 -0.10330467664480195 0.0 0.4103147431014804 1.2938147359572997e-06 0.3846910907447636 0.0553209287408377 18.779969021172995 24.0 -19.26722661262029 1.072728466040445 56594.015 56695.035 9 19 "Minimization exited successfully."
01258940 35 0.4259 56619.620398567014 1.5719839438177453e-05 0.15673953857501077 -0.07245428562375306 0.0 0.5590530030094669 9.000879781007057e-07 0.5078159635089006 0.06660516399174345 30.064726003400608 31.0 -19.3650318495668 1.027612147195569 56590.313 56697.041 12 23 "Minimization exited successfully."
01259412 11 0.3047 56624.274594018694 4.161497346579502e-05 1.1566441123873155 -0.2993708637262022 0.0 0.4824727075501869 1.1049138791990869e-06 0.22407679545472137 0.5677297806959026 4.3674262619020014 7.0 -19.573575659356337 0.8595631304960278 56603.052 56693.052 2 9 "Minimization exited successfully."
01261579 10 0.3222 56638.5930621839 3.0236084982337986e-05 -0.17196983243485064 0.0070003737567867486 0.0 0.17107069633857463 3.15536225935914e-06 0.17023860720569495 0.215428843023424 13.2537271845501 6.0 -19.36192865774358 1.0853490741494447 56616.087 56693.049 3 7 "Covariance may not be accurate. Covariance not positive definite. Covariance forced positive definite."
01262214 23 0.6894 56657.08903910824 6.097526205214865e-06 -0.3390762186350864 -0.29951749673488215 0.0 0.5536416380382434 2.102279670415652e-07 0.3851590353366816 0.36933002742454035 29.59655172341812 19.0 -19.605839268099768 1.1352398890336808 56625.281 56698.051 11 12 "Minimization exited successfully."
01262715 25 0.6894 56661.451631054806 7.275419847699305e-06 1.0221491877659368 -0.29916271752223844 0.0 0.7148147196421633 2.885675425626233e-07 0.5628036235649438 0.46706432748668925 3.314683614889159 8.0 -19.798701026104816 0.8826265569528573 56625.228 56697.09 14 11 "Minimization exited successfully."
01263369 9 0.3125 56665.9906505438 3.7784622989306406e-05 -0.04872286606303122 -0.29974607820473437 0.0 0.44116253092579427 1.594076951971781e-06 0.4503754795169912 0.5378217485492169 4.329762757035417 5.0 -19.531310928174616 1.0776293417742053 56645.138 56697.039 4 5 "Minimization exited successfully."
01263715 9 0.2919 56667.68919237278 4.482089605397366e-05 0.7389067271264436 -0.298075124782106 0.0 0.4181432191435306 2.9771935926736763e-06 0.5378776237949581 0.5985340628355846 4.393602811060458 5.0 -19.545997022117668 0.9319970940546334 56645.052 56694.034 5 4 "Minimization exited successfully."
01275946 18 0.2321 57261.41399938284 6.432157444272724e-05 1.166712169185991 0.29999101415449664 0.0 0.14353799273521872 9.791025359057222e-07 0.22931831394753432 0.39667684173590334 225.60726227969445 14.0 -19.370198494940524 0.8373776588618256 57248.375 57329.031 4 14 "Minimization exited successfully."
01279500 12 0.235 57251.524166012416 5.966743645344497e-05 0.6768681454969663 -0.01712469206997075 0.0 0.41650765579470317 5.297427346663553e-06 0.24451478256295567 0.11936703065779261 20.898300559714666 8.0 -19.313840723343517 0.9320298496326167 57249.302 57319.114 1 11 "Covariance may not be accurate. Covariance not positive definite. Covariance forced positive definite."
01280217 32 0.359 57250.36088652998 2.0399077294114278e-05 1.99999998186615 0.07551002205842205 0.0 1.2760788658924866 1.0104788514431189e-06 0.7596514549485676 0.051435732804971934 70.526425454584 28.0 -19.21155034103922 0.7084271486018885 57248.391 57329.173 2 30 "Minimization exited successfully."
01281668 20 0.3071 57271.01625902049 3.235247666804886e-05 0.030682635295962157 0.29765722532050537 0.0 0.49448889609993785 2.9173225026657413e-06 0.41238681540490973 0.4248119723890512 36.680129974262535 16.0 -19.31932403081049 1.0313037077199638 57248.375 57342.024 5 15 "Minimization exited successfully."
01281886 36 0.384 57267.81679048143 2.014503819324498e-05 0.7318270045944448 0.05678020430686759 0.0 0.5725739717381657 1.4194895898558827e-06 0.5557141969945294 0.06585511756002738 33.41539946760162 32.0 -19.368296186584523 0.919521919304934 57248.391 57345.231 8 28 "Minimization exited successfully."
01282736 35 0.3689 57266.49007139683 1.411028605259046e-05 -0.5902119637255816 0.18093387111813308 0.0 0.6378690563251439 1.0494229149421441e-06 0.5825418311638262 0.07460625664216161 29.571875516257688 31.0 -18.879796918919904 1.1564864752810315 57249.281 57346.029 7 28 "Minimization exited successfully."
01283373 13 0.2075 57268.83820261005 4.983766368938936e-05 -1.3115640575885072 0.29850309943513215 0.0 0.0003109668250544928 3.0809191969113907e-06 0.36149705428620205 0.5557371779150948 22.21550628674239 9.0 -18.817286233936784 1.2994400954443215 57265.366 57332.077 1 12 "Minimization exited successfully."
01283878 15 0.3135 57265.86708488707 2.8049841916100162e-05 -0.3924810186717975 -0.2974477749962404 0.0 1.1559857618340175 6.793109514696693e-06 1.4151435335770355 0.5795911218117156 2.064080013443532 11.0 -19.215595442283927 1.1460025908201459 57249.305 57339.187 3 12 "Minimization exited successfully."
01283936 42 0.369 57267.3901031859 1.1008671322454422e-05 -0.6875342173437016 0.18126742185806294 0.0 0.8475613980117487 1.0722389874373576e-06 0.7670358080680176 0.09031481151299542 19.429010705472777 38.0 -18.610941203835438 1.1760849463693113 57248.375 57347.081 10 32 "Minimization exited successfully."
01285160 17 0.7493 nan nan nan nan 0.005 nan nan nan nan nan nan nan nan nan nan 0 0 "No bands in data overlap the model."
01285317 23 0.5649 57268.974000192284 9.10940212769662e-06 0.16365868967448982 -0.030290288582110747 0.0 1.6130354258712032 5.7467746836431525e-06 1.0140292514131268 0.42794880602010316 9.999151753049786 19.0 -19.509657278372888 1.024276576184807 57248.378 57356.125 5 18 "Covariance may not be accurate. Covariance not positive definite. Covariance forced positive definite."
01286398 26 0.1503 57271.24279572623 9.964984111186516e-05 -1.4425741813485877 0.02542035414254229 0.0 0.3702575404277013 4.552804317750626e-06 0.24835507353356245 0.03132954209933664 50.859897731111396 22.0 -18.788558545598463 1.354067810465395 57249.293 57331.145 6 20 "Minimization exited successfully."
01287626 5 0.304 56683.778443354786 3.55275760306889e-05 -1.2441812713472515 0.045675557548192414 0.0 0.6911282568253228 9.398827391374209e-06 0.7803337675728639 0.47182232006560376 0.06574424189605463 1.0 -19.39007785930896 1.3061523839474347 56660.105 56697.068 3 2 "Covariance may not be accurate. Covariance not positive definite. Covariance forced positive definite."
01289288 19 0.2897 57273.25595331381 2.3476918325526788e-05 -0.8965881020132307 0.2993772176874538 0.0 1.497097885778203 1.7308596253456921e-06 1.0983509120859716 0.4616465700993585 13.163399166369976 15.0 -18.824299705591613 1.2102320841874388 57248.375 57347.079 3 16 "Minimization exited successfully."
01289555 20 0.5588 57275.23314560605 8.77322819014259e-06 0.4417827855371934 0.29977637600411683 0.0 1.6893886440448114 6.00996080581118e-07 0.8382991135382176 0.5739285310720998 16.743330071470243 16.0 -19.445276955164168 0.958608910148925 57248.393 57365.112 4 16 "Minimization exited successfully."
01289600 34 0.4196 57283.32152941052 1.204135655366867e-05 1.2093785155704513 0.09033650613699712 0.0 0.39668122161674546 3.1307064380092803e-07 0.31874551960141506 0.03191768479316118 81.60098683619884 30.0 -19.038271746648107 0.8378896074912348 57255.37 57365.221 7 27 "Minimization exited successfully."
01289656 19 0.5394 57269.17141352739 7.376022617511247e-06 -0.511350236602063 0.29909945893448003 0.0 1.616016347634286 9.296903766775616e-07 0.9882802338894175 0.352474503463184 10.535341485714621 15.0 -19.16333267402707 1.1328871174257422 57255.415 57355.242 2 17 "Minimization exited successfully."
01289664 17 0.2491 57278.595368427705 5.4183079840594564e-05 -1.1868654659645768 -0.15110910024185373 0.0 0.5142090393092076 3.911782236787898e-05 0.5338063552361285 0.52551520265308 68.14605392143795 13.0 -19.35276161121513 1.3088439127494844 57252.305 57345.229 5 12 "Minimization exited successfully."
01290779 22 0.3895 56891.736823796666 1.6625749375837053e-05 -0.8199011735167621 0.012621567322410487 0.0 0.681395196759695 6.360997019366772e-07 0.5512990268303102 0.053916252932212555 13.159960502619017 18.0 -19.195072469028414 1.215468667810967 56887.393 56973.319 4 18 "Minimization exited successfully."
01290816 10 0.2185 56891.37240656382 5.0752446110510774e-05 1.3541943006694286 0.2999440222555791 0.0 0.4665214112101239 8.511581188003228e-07 0.36209851343766664 0.4293923781493041 89.24167903289629 6.0 -18.965089898221926 0.8069334439283189 56887.393 56960.273 1 9 "Minimization exited successfully."
01291080 13 0.4438 56890.52013774153 9.17910646738851e-06 -2.999998068500488 0.2996504323804627 0.0 1.3194068134798727 6.182052959671775e-07 4.128683439704359 0.5907093803841819 17.719668415633517 9.0 -18.890602654627592 1.7582347606257187 56887.272 56973.077 1 12 "Minimization exited successfully."
01291090 13 0.292 56904.940408462455 4.055809500906338e-05 1.0006563941321671 0.29965553669408734 0.0 0.35415110163012287 1.9174899340529412e-06 0.45142485827596834 0.5905323783948739 28.82521605423637 9.0 -19.439028525753972 0.8645875363081181 56887.213 56973.023 3 10 "Minimization exited successfully."
01291794 37 0.3951 57278.60070494859 2.0571499662927485e-05 0.23429548060259453 -0.1551070043295918 0.0 0.855365202849498 1.1007412094463095e-06 0.6079888754435028 0.08416742738282522 21.89215608354973 33.0 -19.4647110973624 1.0171899062751102 57252.291 57356.172 12 25 "Minimization exited successfully."
01291957 29 0.36 56905.11895549552 2.6175893960336816e-05 0.1547969731732528 -0.08498980410937704 0.0 9.727044744067825e-05 1.202361549541841e-06 0.2505259939409914 0.04854498670797071 60.347236044624935 25.0 -19.487377112058947 1.028579878199487 56877.181 56980.028 8 21 "Covariance may not be accurate."
01292145 19 0.4925 57274.67625112389 5.582734240164311e-06 1.222607727435892 0.26653356805280276 0.0 0.00452209829018102 4.865386786979953e-06 1.2456627043547095 0.5271817697124309 9.015723555216729 15.0 -18.622976334069268 0.8294889053281871 57252.293 57356.172 4 15 "Minimization exited successfully."
01292195 19 0.8293 nan nan nan nan 0.005 nan nan nan nan nan nan nan nan nan nan 0 0 "No bands in data overlap the model."
01292332 12 0.2735 56901.1805950903 4.515729681585923e-05 0.26932182012700334 0.2202201193020757 0.0 0.800831935415772 3.297087312314206e-05 0.7663022942637456 0.32508250821922857 27.341995843630055 8.0 -19.389296193887994 0.9927038327946178 56890.331 56973.185 1 11 "Minimization exited successfully."
01292336 12 0.2336 56902.53801756978 5.9012542259126446e-05 0.2466619373943919 -0.29999673284103523 0.0 1.0121504601556808e-05 2.480562263368348e-06 0.36990768317857814 0.4749321269871875 14.436459221063147 8.0 -19.291285307701024 1.021394140315678 56890.331 56973.185 1 11 "Minimization exited successfully."
01292560 11 0.2248 56902.868751089234 9.532552650595162e-05 0.8382033197043275 -0.2991001282333027 0.0 1.1018852894485462 9.388943525245888e-06 0.5146606893826919 0.34570829301582273 39.320552178210185 7.0 -19.718134617148806 0.9145715011083553 56903.225 56973.038 0 11 "Minimization exited successfully."
01293319 14 0.2969 56915.223401050695 4.403260385217045e-05 1.9999997488660632 -0.29997990054230655 0.0 0.0002635593082231935 7.148293215880605e-07 0.17470880716847192 0.5145341817459641 23.413903313983276 10.0 -19.570917704678806 0.717726075434328 56887.27 56980.068 3 11 "Minimization exited successfully."
01293758 17 0.1472 56915.78660784015 0.0001337624307655827 -1.265450651325864 -0.0016172068834557352 0.0 0.17319167272216873 1.7389896324104869e-06 0.14873671970278524 0.022321891957606588 144.70074233767494 13.0 -19.058692013774653 1.3149601581637569 56903.107 56980.026 6 11 "Minimization exited successfully."
01294014 22 0.3627 56919.49955738972 2.4084939419286022e-05 0.8054581290135916 -0.047002561794444286 0.0 0.7670848583074985 1.3169564068299389e-06 0.5007563350616244 0.06296871598709755 42.027043046302666 18.0 -19.416316290990995 0.9109845044669846 56890.388 56990.199 5 17 "Minimization exited successfully."
01294743 11 0.3126 56911.04445808741 2.1390095781206876e-05 -0.4223120643003355 -0.2700543308061792 0.0 1.802873465599987 9.499700823278889e-06 0.9119097628815672 0.43677425951544 10.10485979113093 7.0 -18.913261728313252 1.15057365501859 56890.366 56980.089 1 10 "Minimization exited successfully."
01295027 35 0.4254 56910.12694479749 1.635683299172075e-05 -0.4381948017128985 -0.11576425444397528 0.0 0.6415724402650085 1.2319384957645832e-06 0.5423036269030321 0.08638637422237949 21.60388746266753 31.0 -19.40513444756993 1.144839039000054 56887.27 56992.066 6 29 "Minimization exited successfully."
01295256 16 0.4425 56927.521528578865 1.0647614285630436e-05 0.7880019447793063 0.29120885194631313 0.0 0.7153019165562 2.061288014917895e-06 0.6810853628706044 0.5954037823348048 18.326036871708894 12.0 -19.045831895907522 0.900210052613172 56904.3 57012.086 4 12 "Minimization exited successfully."
01295305 15 0.6117 56915.227881011044 7.850842593121188e-06 0.20042702711783456 -0.29990549300796404 0.0 0.8842736156584579 3.313145805650121e-07 0.5151940666480439 0.5999467979106037 11.517733691389438 11.0 -19.562954940520765 1.0300498827140245 56890.34 57005.11 2 13 "Minimization exited successfully."
