analysis_pipeline/fit_results/des_5_salt2_2.4_all.ecsv
# %ECSV 0.9
# ---
# datatype:
# - name: obj_id
#   datatype: string
# - name: num_points
#   datatype: int64
# - name: z
#   datatype: float64
# - name: t0
#   datatype: float64
# - name: x0
#   datatype: float64
# - name: x1
#   datatype: float64
# - name: c
#   datatype: float64
# - name: z_err
#   datatype: float64
# - name: t0_err
#   datatype: float64
# - name: x0_err
#   datatype: float64
# - name: x1_err
#   datatype: float64
# - name: c_err
#   datatype: float64
# - name: chi
#   datatype: float64
# - name: dof
#   datatype: float64
# - name: b_max
#   datatype: float64
# - name: delta_15
#   datatype: float64
# - name: tmin
#   datatype: float64
# - name: tmax
#   datatype: float64
# - name: pre_max
#   datatype: int64
# - name: post_max
#   datatype: int64
# - name: message
#   datatype: string
# schema: astropy-2.0
obj_id num_points z t0 x0 x1 c z_err t0_err x0_err x1_err c_err chi dof b_max delta_15 tmin tmax pre_max post_max message
[from data line 95]
01308568 72 0.5425041062241901 57288.300194152835 6.894610744692665e-06 -1.0666979034237616 0.2999999999947904 0.02934727079645083 0.8943515605278662 6.891654360199896e-07 0.976421972351247 0.39752334580581383 47.42620856426349 46.0 -19.104873287755872 1.2459304713305421 57256.269 57379.066 20 52 "Minimization exited successfully."
01308582 57 0.37809496092827205 57287.81932250041 2.4834680593846525e-05 -0.41323578022406116 -0.07298885463462837 0.020105193169156904 0.44143539454307756 9.53672807375848e-07 0.40583880828579133 0.047406848452896624 25.89042313752135 37.0 -19.555061920878273 1.137262009667051 57265.24 57366.076 12 45 "Minimization exited successfully."
01308884 48 0.07500000076273594 57293.48072934835 0.0003148517668905143 -1.4247966418993352 0.08676157320418038 0.0007268302252611616 0.028498129020590568 1.953728836887042e-06 0.030073428891341014 0.004568818482625137 260.24678685417194 31.0 -18.419155156114417 1.3443782735404035 57276.324 57355.251 14 34 "Minimization exited successfully."
01308957 72 0.5847259033360716 57288.9762282008 6.767636895749218e-06 0.6304778397031479 -0.09199540902523623 0.034040877241963086 1.0449193017848302 6.801453002761027e-07 0.8806302299597206 0.07092628541921045 55.04896365741179 49.0 -19.27874867245533 0.943177140676319 57253.33 57373.057 24 48 "Minimization exited successfully."
01309288 44 0.2609990171615201 56989.71424570719 5.916924624366771e-05 0.5072413483375535 -0.07749544326931268 0.06048101221063126 0.5345133295631967 3.363651385725193e-06 0.48523455741785626 0.08855225174388447 5.78782099541309 22.0 -19.56417319554656 0.9643383155919842 56961.361 57061.067 12 32 "Minimization exited successfully."
01309492 61 0.3309814059625687 56993.01022745373 3.452998463661927e-05 0.17397797945549964 -0.08676092453062209 0.005944900197051434 0.10114758732743212 2.47656329176174e-07 0.08068353584797028 0.010594255148655904 107.48793532266491 39.0 -19.57466395012631 1.0251162019420086 56963.255 57067.046 20 41 "Minimization exited successfully."
01309749 70 0.7584165762396955 56987.6811688631 5.366192638311951e-06 0.41657029883394614 -0.027222030256452645 0.0166858416521653 0.503464656030701 1.8637615450123315e-07 0.3719795277078404 0.04539119330174682 38.500462074581606 46.0 -19.718043777336064 0.9782905587314978 56949.35 57067.046 24 46 "Minimization exited successfully."
01310338 63 0.4431779682887852 56977.22931588947 1.5692556197499653e-05 -0.21583821780429746 0.0815126322599602 0.012572779503038756 0.447061190756358 3.8023806202824726e-07 0.3583692448375444 0.023966628269440765 24.94364812987325 39.0 -19.46594571683429 1.089502957450371 56949.112 57052.042 13 50 "Minimization exited successfully."
01310395 70 0.32570490358269694 56981.02190889187 2.5519007452567966e-05 -0.5515041348842078 0.03636966617121412 0.01358122782405849 0.30301785357733024 5.430015981883189e-07 0.27131668597556113 0.02777697574130461 40.76926996701293 47.0 -19.20497216871985 1.1582925190233127 56956.203 57052.042 16 54 "Minimization exited successfully."
01312274 62 0.43038214123490787 56976.91631044185 1.275534454661942e-05 -1.3102090266747497 -0.03959666234890907 0.018513093667876013 0.6186725201005174 4.762071835931468e-07 0.49189519009134075 0.03954557541973325 36.43240214381136 43.0 -19.164186898054368 1.3285066532647711 56956.141 57052.1 12 50 "Minimization exited successfully."
01313594 54 0.2912642136229168 57002.393997345294 4.626149973987748e-05 0.5360761327305434 -0.09546174969090718 0.008147848167577076 0.21556524301922764 6.213359033779848e-07 0.14688506845354254 0.01445436178543652 26.81867378489775 35.0 -19.57069962994818 0.9599800033495391 56973.035 57051.058 19 35 "Minimization exited successfully."
01314897 54 0.3380656076538272 57301.48181040357 2.8301875260861034e-05 0.8846631015945432 0.020061512004607762 0.022463500007041615 0.44572603009874 1.0480680749699885e-06 0.35146556881621027 0.05345780507057779 32.364311685791854 34.0 -19.412626977475682 0.8948637812115656 57273.337 57373.072 17 37 "Minimization exited successfully."
01315192 38 0.22619478319089442 57008.770274617564 5.486751690329805e-05 1.037230753273862 0.12249301007760488 0.009054157108063149 0.1926193621548009 1.5966436726258533e-06 0.22510010910355271 0.0282166149310365 28.25593206935132 23.0 -19.130130203067015 0.8653225275611618 56987.193 57052.1 13 25 "Minimization exited successfully."
01315259 44 0.23457388491875802 57004.25329608326 4.7317673276914277e-05 -0.5113160835229449 0.04683582496889993 0.011795056866274078 0.19775813350861426 6.326409664483814e-07 0.1483751471085737 0.02973470985890772 19.506038411521942 26.0 -19.056904986377987 1.1495205749883546 56980.181 57049.073 16 28 "Minimization exited successfully."
01315296 53 0.37636265480448616 57004.72173684789 1.069160429165439e-05 1.6286946503969943 0.11140143443145972 0.15584620288610748 3.6585642507743614 5.396020377357315e-07 4.280778858656943 0.4940353850635457 26.761403913162795 34.0 -18.63052565846193 0.768392272094264 56973.183 57049.072 23 30 "Minimization exited successfully."
01316385 32 0.22302883119620598 57020.50326323875 0.00018917289898726932 1.84389698186496 -0.12326461577760253 0.01039513017555646 0.2415451252090861 3.9901425479382774e-06 0.22226820569493944 0.02537965088765036 28.157181142245875 14.0 -20.44030739700771 0.7394870247547267 57001.175 57067.046 13 19 "Minimization exited successfully."
01316431 39 0.1822911724321425 57018.63949976872 9.743985904183406e-05 1.14349316397342 0.0015263578122200472 0.004448365075143915 0.09837335307747708 7.94828731591482e-07 0.09016110047176973 0.011274478375831981 44.9623831400953 25.0 -19.228076499503988 0.8519163246104036 57001.16 57052.1 16 23 "Minimization exited successfully."
01316437 49 0.46447714766847836 57010.10407562254 9.053029555941561e-06 -0.41146086739064636 0.1830625156066265 0.03726391802391296 0.9013364838210691 4.57593341685048e-07 0.6075131525916644 0.06572334058923338 35.17637487086055 33.0 -18.99188586741212 1.1210738265213038 56980.192 57052.1 19 30 "Minimization exited successfully."
01316465 41 0.3247031788458221 57021.398164683975 2.8747996300818038e-05 0.355103036768873 0.004714596242836766 0.006346458763319629 0.10330962351508788 2.6581419162452457e-07 0.08641615843773343 0.012785531748688184 52.71864390154775 25.0 -19.327045181615716 0.9878365443326729 57001.175 57067.046 16 25 "Minimization exited successfully."
01317164 35 0.16088859482800558 57297.11759263661 7.289546144793325e-05 -2.42563277842879 0.12062305028422426 3.391777552030906e-05 63.67969463078043 0.030180770181053057 2.7164165411922885 0.44695068419141504 32.39974625887275 15.0 -18.611838655910503 1.6036981353276296 57276.375 57355.165 5 30 "Covariance may not be accurate."
01317277 52 0.21875048559588456 57007.263742754636 4.107642848359128e-05 -1.4498119076484195 0.11963475261518586 0.012373713491595217 0.29650568142096745 1.2076086265661041e-06 0.26837301254203805 0.04083213840755634 33.62801632681216 33.0 -18.732199531303923 1.3472767135104853 56987.071 57052.042 21 31 "Minimization exited successfully."
01317286 54 0.2868481820519292 57015.42540113246 5.168711934645798e-05 0.7578795925288597 -0.0734965762348975 0.01712029218508823 0.25834435304204817 7.24664413796762e-07 0.14720738784372855 0.01772200307846536 31.403583591213927 35.0 -19.652872242262493 0.9202248974058058 56987.071 57052.042 30 24 "Minimization exited successfully."
01317454 39 0.6607147057615003 57016.61535740324 7.979420802387006e-06 -0.4375366898480415 -0.07419901959639597 0.03674560542332184 0.76348064828926 3.39530248100184e-07 0.589687911573499 0.041593887020420384 20.110375389621346 24.0 -19.78050932322258 1.1422138091122171 56987.028 57051.043 22 17 "Minimization exited successfully."
01317666 47 0.15108688857973931 57301.462441626034 0.00011060712003048979 -0.17215591851163525 0.09476779720470124 0.0058538277568429276 0.09069099812404602 2.205740740394983e-06 0.09331416495981748 0.014305220645240008 10.927735919997803 29.0 -18.915389073548276 1.0804092136827386 57273.339 57356.106 17 30 "Minimization exited successfully."
01319366 65 0.2575563150882785 57304.40409750666 6.963189216261101e-05 1.4546316914862185 -0.03349373958497648 0.0112350523360574 0.22177360883142683 8.429898665757136e-07 0.17501806065637338 0.020300671032001852 101.74486191524984 42.0 -19.708714586121662 0.8013598032892553 57276.312 57372.107 30 35 "Minimization exited successfully."
01319821 49 0.29362618552367864 57020.34449739056 3.220224094281077e-05 -0.5004042297161355 -0.060286013520855275 0.015983656557640613 0.25150833768202574 6.206466338837244e-07 0.20711467123718785 0.021742770385417373 27.415635280267388 31.0 -19.196629114447376 1.15406306107732 56992.123 57067.103 18 31 "Minimization exited successfully."
01320166 39 0.4526436656476851 57021.649968062884 1.2252762742531731e-05 0.4606176747735331 -0.07688785099990747 0.01880138690244071 0.4422270803261199 4.926668345839328e-07 0.5049470795909119 0.031170835814644443 22.462917378553936 25.0 -19.25244521607974 0.9726147936861302 56991.108 57049.049 20 19 "Minimization exited successfully."
01322229 29 0.5651580824371378 57034.16063386151 1.0263342694583067e-05 0.8271745096768592 -0.04553780329952084 0.035981027461405024 0.8547731950347952 3.2129082763177103e-07 0.6367822537918495 0.07353146538275551 12.292082309693301 17.0 -19.640940056909358 0.9071946967576281 57001.05 57052.048 20 9 "Minimization exited successfully."
01322979 35 0.5366996905746223 57039.30608640775 1.0397391460420513e-05 0.20969715912754872 -0.08903811291147931 0.0215006806773555 0.3050049304983986 1.1643089918300636e-07 0.24429789974223493 0.03881542157503369 21.16741183444592 20.0 -19.51886890082234 1.0186370774500055 57008.04 57067.047 20 15 "Minimization exited successfully."
01324542 38 0.5712559643022838 57043.668544161956 8.250170781898269e-06 0.2807919786777857 -0.12058630760433411 0.02949276019933772 0.8409053206669341 3.583495431835896e-07 0.617936234790633 0.05053244752684073 35.72244123583539 23.0 -19.43232853547919 1.0070595395674928 57011.085 57067.103 19 19 "Minimization exited successfully."
01325358 32 0.749562480432496 57047.58169693904 4.6899214726225935e-06 -0.02116648023516765 0.015106756171713864 0.017556154008299463 0.8928510500991251 1.7177840671150938e-07 0.5912003908307708 0.06882677675317844 20.226222096066643 20.0 -19.540058975748742 1.0563035346877179 57005.241 57066.064 26 6 "Minimization exited successfully."
01327978 54 0.2029469518093805 57307.46532254331 6.636018376079966e-05 0.1206727430782637 0.08378911191322003 0.026805702946952628 0.5573231065718574 2.9910651674944263e-06 0.5606738850245288 0.0724275815160739 9.69681172061686 30.0 -19.070526690812887 1.026430779849008 57283.129 57373.043 28 26 "Minimization exited successfully."
01328066 81 0.43964113900151797 57298.03821794175 1.8227524191255506e-05 0.648949613278873 -0.11525154882468572 0.01756317611593139 0.5740599866840057 9.397976962047253e-07 0.4991180379629765 0.03272627609493507 53.09688709813779 54.0 -19.6086364136338 0.9408696503893843 57273.093 57379.051 23 58 "Minimization exited successfully."
01328105 84 0.4563260049193609 57302.71119203276 1.7469279348028557e-05 -0.1024862348614759 -0.06700873342943395 0.019066560793543047 0.670204341684439 7.485008527347018e-07 0.4643315254569722 0.026532515210008017 52.466590032736114 56.0 -19.658110364625507 1.0760922959574373 57273.093 57386.049 26 58 "Minimization exited successfully."
01329166 71 0.7004060620952005 57307.56012362282 4.505765933721095e-06 -0.10814942051742804 -0.03145515830641116 0.01883871995191555 0.5607592206033587 1.5582081598769512e-07 0.3494956128847504 0.040910263983402195 43.95688666639264 49.0 -19.31535733016025 1.0752605988589998 57268.251 57402.11 23 48 "Minimization exited successfully."
01329196 82 0.7655462088695262 57308.813972492615 4.697189743355091e-06 0.39687964607666526 -0.008778876091612153 0.006350227275315978 0.32479560965293786 1.0792092364070296e-07 0.2740404244484753 0.03564281581957329 61.39892556015056 57.0 -19.598477205890806 0.980976981089416 57266.247 57406.112 24 58 "Covariance may not be accurate."
01329312 59 0.3371992640610864 57309.687013296905 2.082228470615677e-05 -1.4365560784658755 -0.03750394808594315 0.01659752709032783 0.4185826279572211 7.382111411505233e-07 0.3509898820561307 0.03777868891271108 20.75838044307585 39.0 -19.071445741038048 1.3581999469239854 57283.189 57389.086 17 42 "Minimization exited successfully."
01329615 66 0.39596596113825866 57304.87249389872 1.5281153988927487e-05 -0.5402868960702167 0.024379736514626438 0.025345828277689164 0.8733855840182514 6.693101703439402e-07 0.5806820941321453 0.08246244735525834 29.790191085347438 45.0 -19.14595279509474 1.156797379496247 57278.298 57385.114 22 44 "Minimization exited successfully."
01330031 66 0.1058537912920123 57315.137087576586 0.00039774968585397087 0.3071907599400179 -0.0850224102015068 0.0022755612626864236 0.06345530644830433 6.436997155255547e-06 0.0684099039624344 0.010942723858054518 1065.7497592264483 34.0 -19.468221310315506 1.000616443400073 57290.065 57376.047 27 39 "Minimization exited successfully."
01330426 66 0.27389687703660226 57315.759325509076 6.702634473571279e-05 1.2679852668725857 -0.11408679140543171 0.00557357909510145 0.10639518299285555 6.261032943696843e-07 0.0856200236137763 0.009762305680027311 249.7577982708034 44.0 -19.8205635538177 0.8349144180404409 57288.21 57387.185 15 51 "Minimization exited successfully."
01330642 68 0.5991755746734279 57317.19161695432 8.754643185698852e-06 0.7749213963439021 -0.10732465552811529 0.028801520247181855 0.5084783200436505 2.7689934012642347e-07 0.32146316814130893 0.029859261190312847 45.24629061337441 46.0 -19.623047166263106 0.9185762291266784 57283.189 57406.1 25 43 "Minimization exited successfully."
01330903 79 0.6018810659230399 57306.390618665195 7.964142444788492e-06 -0.018590634928447702 0.00384887425340269 0.05551285729376587 1.2775943736523914 4.05405034792361e-07 0.742557759915095 0.08701837776745863 41.342612801061705 53.0 -19.531068919090806 1.056417264460805 57276.312 57396.103 30 49 "Minimization exited successfully."
01331123 66 0.21560098480699558 57318.268279780845 4.654912277007595e-05 -1.5827954135825228 0.038777350852461034 3.4189280183782866e-05 0.0011622065576375462 7.957063213756534e-07 0.16298859479808014 0.015173821565816398 58.88527723386797 44.0 -18.831757894288167 1.3866148581398186 57297.03 57386.049 24 42 "Covariance may not be accurate."
01331993 64 0.71365133015459 57327.451768457744 4.662456234352797e-06 0.7001907513400001 -0.07066011369410177 0.020131354869896534 0.7578133723400242 2.488064032982184e-07 0.4955749950677948 0.053700791730855166 59.365198584515646 45.0 -19.40324441072186 0.930131065802211 57291.17 57408.04 25 39 "Minimization exited successfully."
01332059 71 0.6346956022096477 57325.31748885711 8.648008310477295e-06 0.21367002372069077 -0.22017230187923795 0.05193986359320124 0.894941178838053 5.134270783163645e-07 0.39965927003902757 0.028031542832550244 35.405687839862395 47.0 -19.76370667175648 1.023989819603024 57288.199 57403.103 31 40 "Minimization exited successfully."
01332413 69 0.6065050637531546 57325.42655922402 8.498858093358709e-06 1.2836010453546773 -0.1422526187500883 0.0285560487167294 0.6735411177141941 4.3886206244209187e-07 0.5112930757403138 0.03562918884712114 48.266443200703804 47.0 -19.623965918947707 0.8331858882898047 57297.151 57403.064 24 45 "Minimization exited successfully."
