analysis_pipeline/fit_results/des_4_salt2_2.4_all.ecsv
# %ECSV 0.9
# ---
# datatype:
# - {name: obj_id, datatype: string}
# - {name: num_points, datatype: int64}
# - {name: z, datatype: float64}
# - {name: t0, datatype: float64}
# - {name: x0, datatype: float64}
# - {name: x1, datatype: float64}
# - {name: c, datatype: float64}
# - {name: z_err, datatype: float64}
# - {name: t0_err, datatype: float64}
# - {name: x0_err, datatype: float64}
# - {name: x1_err, datatype: float64}
# - {name: c_err, datatype: float64}
# - {name: chi, datatype: float64}
# - {name: dof, datatype: float64}
# - {name: b_max, datatype: float64}
# - {name: delta_15, datatype: float64}
# - {name: tmin, datatype: float64}
# - {name: tmax, datatype: float64}
# - {name: pre_max, datatype: int64}
# - {name: post_max, datatype: int64}
# - {name: message, datatype: string}
# schema: astropy-2.0
obj_id num_points z t0 x0 x1 c z_err t0_err x0_err x1_err c_err chi dof b_max delta_15 tmin tmax pre_max post_max message
[from data line 52]
01295921 54 0.5239 56913.11208535509 7.780216369690507e-06 0.6410302466817539 0.0921056214107498 0.0 1.185655262124783 7.951119706708918e-07 1.125637295761084 0.09021814534935388 37.11514470241332 37.0 -19.141144039907363 0.9336764739438728 56890.386 56990.201 8 46 "Minimization exited successfully."
01296273 63 0.397 56926.416910218686 2.6504563251208982e-05 0.07133501020933775 -0.1739679317507027 0.0 0.49000646725835395 5.027537176793825e-07 0.30974802955192016 0.014830060947056703 77.2605056542496 43.0 -19.752361919043317 1.0485079789299405 56903.383 57003.049 12 51 "Minimization exited successfully."
01296321 51 0.1844 56930.9656481064 5.4193217428630264e-05 0.5537144043539697 0.11323517998879723 0.0 0.00032428320992039517 4.986678570406709e-07 0.14500058759255996 0.009630032575790537 46.58509964537385 34.0 -18.619039761238522 0.9478771990472943 56915.265 56990.188 12 39 "Minimization exited successfully."
01296657 32 0.1462 56923.57758616645 0.00014771977901691937 0.6833712245658417 0.032635636774790255 0.0 0.23584555838169763 6.727846754275846e-06 0.30756130342433496 0.029637523390590392 37.296203196257814 14.0 -19.15155313392303 0.9288605391243685 56904.221 56987.079 9 23 "Minimization exited successfully."
01297026 56 0.2585 56928.236999838984 4.2900265986595135e-05 -0.7756867133422558 -0.022319397520226825 0.0 0.05435656273039058 5.784300126446262e-07 0.1933911265771746 0.014037899311725888 41.079407667670914 36.0 -19.190126921059175 1.2085570593258481 56903.237 57001.099 13 43 "Minimization exited successfully."
01297465 62 0.2778 56937.25799988213 3.324200391442711e-05 0.22013109591299473 0.05785694865204849 0.0 0.0029113721902831458 4.2308411711544647e-07 0.08412509059860196 0.00995771569092277 580.3580551093598 42.0 -19.093101494385625 1.0096273060567889 56912.258 57008.065 21 41 "Minimization exited successfully."
01298281 58 0.2351 56930.65198245423 3.759492250633434e-05 -1.5302135622629802 0.0867392749289787 0.0 0.23188319293694803 6.814967279319961e-07 0.20228967987509838 0.015443990786282419 49.469872363585566 39.0 -18.812484109851795 1.369394016644904 56915.265 57003.049 12 46 "Minimization exited successfully."
01298893 22 0.1962 56935.17988229113 6.055203492944805e-05 -2.10807355373058 0.030285232411771834 0.0 0.9619733575600549 2.926616234770476e-06 0.5312070811309865 0.06937595184754636 3.685903837134267 8.0 -18.887476982762536 1.523558883280728 56915.299 56992.068 7 15 "Minimization exited successfully."
01299643 66 0.38 56937.343999990146 2.94454580303527e-05 -1.6087653776764406 -0.08983865633804713 0.0 0.005981670925393701 6.295633555544737e-07 0.14013026495578584 0.017948960701986594 348.83849358865217 45.0 -19.752339619238246 1.4050405734562794 56912.344 57018.078 12 54 "Minimization exited successfully."
01299775 37 0.1598 56940.14039520526 0.00010008595226829453 -0.40878696623107835 0.19465345676167983 0.0 0.29521469681640156 3.133232725133217e-06 0.18852256117942523 0.026912598440050645 34.097930376616354 19.0 -18.94196751819594 1.1198131833693985 56920.298 57004.045 4 33 "Minimization exited successfully."
01299785 64 0.3813 56943.75325461349 1.7130329142778235e-05 -0.23564689468449185 0.06957353399800731 0.0 0.6658997491722403 8.471545736743479e-07 0.4469920218631087 0.038292463097675894 18.392635330545005 45.0 -19.173605896158442 1.0939965116578456 56920.291 57025.079 13 51 "Minimization exited successfully."
01300516 69 0.3104 56948.287999999455 2.7174897796519715e-05 0.7369109773623577 0.14990818666202066 0.0 0.03587037395845982 5.215944280004277e-07 0.2506842167901593 0.016547934062562747 83.79403107311931 47.0 -19.153858718435824 0.9148010332276328 56923.288 57025.093 19 50 "Minimization exited successfully."
01300912 65 0.3376 56945.196 1.966619156278937e-05 -0.7578618956387655 0.06788499333876813 0.0 0.013657382951350883 3.430875580981416e-07 0.13203003609232322 0.015564925705131932 131.41596592848256 44.0 -19.01300590770642 1.1985292720331095 56920.196 57019.147 20 45 "Minimization exited successfully."
01301933 61 0.3299 56949.19299999848 3.314842906063931e-05 -0.31302415362996827 -0.19094796248424978 0.0 0.001358518569759326 2.589382100973161e-07 0.07612995567665837 0.006851990056611787 1523.608417537993 41.0 -19.523150381523934 1.1240198809667348 56924.193 57025.117 19 42 "Minimization exited successfully."
01302058 56 0.1984 56959.56126469431 0.0001136740543871917 0.344049256918058 0.00817204689248996 0.0 0.10898139787605032 1.2605415398492302e-06 0.10781453618922576 0.010180104408006485 93.79646225222974 37.0 -19.59960787055424 0.9896591264027848 56935.363 57025.079 12 44 "Minimization exited successfully."
01302141 91 0.6088 57273.40299993531 7.972198374830986e-06 -2.9532218327105544 -0.0779794044758281 0.0 0.0828623241650348 4.651881252801246e-07 0.8021841363974156 0.056533800384218305 95.07680785299014 63.0 -19.5612826307719 1.8024964190044486 57248.403 57365.044 24 67 "Minimization exited successfully."
01302187 50 0.2195 56950.327999943496 5.278929420930445e-05 -1.6338857040754653 0.08359203322028574 0.0 0.016684205813362496 1.8691233461362582e-06 0.28594165889111545 0.028409752623812318 112.31488231854604 30.0 -19.012467634421917 1.3948300183524083 56925.328 57019.148 15 35 "Minimization exited successfully."
01302523 56 0.4239 57288.74382096632 1.5102518740661709e-05 0.42562893844353855 0.05763944430408996 0.0 0.31197854367201217 4.16967290392533e-07 0.30918667422873747 0.024016998332724526 69.36050055132698 37.0 -19.309545384374534 0.9728397411895706 57265.24 57372.059 12 44 "Minimization exited successfully."
01302648 57 0.2319 56948.27213116089 4.470816876664119e-05 -0.768422602513037 0.13719865004879628 0.0 0.22430111750873039 7.39274368805054e-07 0.1943176554554018 0.015128190528587604 73.51096619616118 38.0 -18.967902683566194 1.1958030405905902 56925.158 57017.08 13 44 "Minimization exited successfully."
01303004 72 0.2949 56959.3709999863 4.2991384126023215e-05 0.6116139284501267 -0.039621850199407616 0.0 0.009143977251369506 4.650590385027444e-07 0.12505378150271285 0.009338230261066588 170.3531692346438 49.0 -19.521889853307975 0.9443364305380655 56934.371 57033.047 17 55 "Minimization exited successfully."
01303279 43 0.1724 56965.77907918291 0.00018661299465177474 1.0158308138980745 -0.05168834545651421 0.0 0.23830576293403283 5.3755926324380865e-06 0.3159003484183809 0.021221479853261394 103.64851001054429 22.0 -19.79928771479794 0.875258052802792 56943.23 57033.169 9 34 "Minimization exited successfully."
01303496 41 0.1798 56966.130029979286 8.184805636092253e-05 -0.2835314823000208 0.08735999562799535 0.0 0.2615488690062193 2.238599662734983e-06 0.31386248941468775 0.019540683760584376 40.71875407242682 24.0 -19.00490335806954 1.1021735542215474 56943.178 57032.15 12 29 "Minimization exited successfully."
01303883 73 0.2591 57286.327539919715 5.188255376629703e-05 0.5094741267886271 -0.023031647795917487 0.0 0.16997264515885036 9.708840437147579e-07 0.18869241543021387 0.014765573096681417 101.57998225265666 49.0 -19.40311310139446 0.9616018004602687 57265.223 57356.127 14 59 "Minimization exited successfully."
01303952 84 0.5626 57274.27899999886 6.768994465303214e-06 1.999999857955717 -0.16958233194539715 0.0 0.04159036163036944 2.977098958439897e-07 0.19699322954995724 0.03764093841177937 320.53501928741474 59.0 -19.17984590630772 0.7146232808067019 57249.279 57373.057 20 64 "Minimization exited successfully."
01304127 83 0.7286 57274.27899964557 6.78126896131448e-06 -1.4145719987410668 -0.034931915032353156 0.0 0.07086514033653657 3.380551479373328e-07 0.5137938261292514 0.041141576458708626 124.48729137094202 58.0 -19.86385784833152 1.3527244090662762 57249.279 57373.058 20 63 "Minimization exited successfully."
01304442 16 0.2171 56965.08075306976 7.73493087276117e-05 0.24932312783703026 -0.06420626683606781 0.0 0.22940944498986937 2.5017791146886333e-06 0.24893813272344634 0.020850402767691803 1.225354339401765 5.0 -19.401146742027407 1.010197116615025 56943.114 57029.056 8 8 "Minimization exited successfully."
01304678 49 0.2188 56963.71196890647 5.6062606535925434e-05 -1.310249520031054 -0.02628970570364597 0.0 0.5408742429608537 5.5687522679273585e-06 0.542520334652215 0.0719804636508062 9.099279731368267 29.0 -19.06970772474663 1.3274006005709893 56943.23 57033.168 10 39 "Minimization exited successfully."
01305504 60 0.4956 56968.19199999937 1.1864190831042954e-05 -1.2690688380807837 -0.010422573782523925 0.0 0.0027766975545091555 1.8392240105219448e-07 0.15860356317410373 0.017263425221204165 904.7330145028109 40.0 -19.452234053841224 1.3165254096180483 56943.192 57052.047 16 44 "Minimization exited successfully."
01305626 55 0.3257 56974.12499993868 3.188791016531523e-05 -0.47779614755592403 -0.10379057655352661 0.0 0.010474826085555833 2.140494748087425e-07 0.07420730727061575 0.006839731014992911 93.36837133129289 38.0 -19.44728242615487 1.152141827824451 56949.125 57049.055 15 40 "Minimization exited successfully."
01306029 74 0.4289 57273.388 1.422116491044123e-05 0.2628633484325902 0.029971979834900797 0.0 0.040949298218038166 5.582247202956525e-07 0.42977598323473476 0.042211005816978536 138.11274821394204 50.0 -19.27429250890998 1.0032512071409734 57248.388 57355.217 16 58 "Minimization exited successfully."
01306073 56 0.3286 56972.19056088555 2.2486252047274058e-05 -1.335120527827127 -0.001572930697385455 0.0 0.26506331785276416 4.875980693888625e-07 0.1841964485208989 0.018514318546151237 13.017061691445894 38.0 -19.08949516072314 1.3311118293498048 56949.124 57049.056 12 44 "Minimization exited successfully."
01306141 65 0.3324 56974.33699950442 3.478722825986935e-05 -1.1611781727779675 -0.09950236842263771 0.0 0.00967722611676436 5.833866956295182e-07 0.17543582811429648 0.016091564127937316 182.73727392610505 45.0 -19.592874756277645 1.2989163572723754 56949.337 57051.151 15 50 "Minimization exited successfully."
01306360 76 0.4494 57274.422999363116 1.2750246675716227e-05 -1.1174474672158448 -0.05817562513738206 0.0 0.20008035670252866 6.917511202825249e-07 0.7087812255114041 0.05317160469621823 41.90002128279985 51.0 -19.275900675469867 1.2857688286285232 57249.423 57355.245 11 65 "Minimization exited successfully."
01306390 68 0.407 57278.4009999152 9.465199850886008e-06 -0.12049690711104022 0.18798716281900357 0.0 0.5937673461521626 6.437351510513171e-07 0.8679494449338316 0.07359922433589239 10.878518685111533 47.0 -18.698716578721054 1.0653204791711417 57253.401 57355.23 12 56 "Minimization exited successfully."
01306537 76 0.4795 57287.74714753659 1.4869124077060425e-05 1.007889320419359 -0.06927227200861644 0.0 0.42288091983573395 7.107284896237798e-07 0.5137635085210561 0.030622667046777782 63.96435805977918 52.0 -19.61290734647642 0.877228926818205 57265.363 57372.241 15 61 "Minimization exited successfully."
01306626 73 0.4095 57280.40999998005 1.793374604624476e-05 1.7410986325446007 -0.05649585876003968 0.0 0.039619351096916944 4.548614474214625e-07 0.40406631714515306 0.018890956228233252 120.16166023974974 49.0 -19.408278348820716 0.7547322473935978 57255.41 57355.245 16 57 "Minimization exited successfully."
01306785 42 0.5787 57273.418999930684 8.403155322558864e-06 -0.38414761928580177 -0.19361475342265075 0.0 0.14673050064811832 6.00022611878248e-07 0.6477277266962208 0.04780530936063894 36.553415167969234 26.0 -19.48712179102199 1.1384613318046455 57248.419 57311.114 14 28 "Minimization exited successfully."
01306980 86 0.5489 57277.22899807983 7.880839403429097e-06 -1.772205974252356 0.04694519721818613 0.0 0.1640118046088901 5.889484304369421e-07 0.7394190630609421 0.08981406136695996 70.972787724385 58.0 -19.27579226279974 1.4329686374626718 57252.229 57372.039 24 62 "Minimization exited successfully."
01306991 72 0.4217 57287.41364151043 1.82559621735523e-05 -0.38470808415135327 -0.010982431596497866 0.0 0.7008392821880989 1.7131179214716075e-06 0.8234404447443755 0.06389323864571579 29.98090918014029 48.0 -19.50125156922787 1.127856468758793 57265.209 57365.044 17 55 "Minimization exited successfully."
01307277 70 0.4107 57281.29199681371 1.1573742947246224e-05 0.9082086111635972 0.014513222041936835 0.0 0.3305795153937652 7.397478496595779e-07 1.0339032616613935 0.051489934372933976 36.912426166543106 47.0 -18.939240211505727 0.8910744874938743 57256.292 57365.115 15 55 "Minimization exited successfully."
01307830 59 0.3493 57282.28099999586 1.767011847058353e-05 -0.9164013738076946 -0.048312675669972216 0.0 0.01092098271328723 3.1070097840646506e-07 0.24507905406765929 0.017157154593652482 260.3067620699814 40.0 -18.983031644896165 1.2405361490520441 57257.281 57365.196 9 50 "Minimization exited successfully."
01308314 74 0.4065 56968.177999995976 1.532964708948481e-05 -1.4080740555307751 0.07183011483470214 0.0 0.0042317988991271704 4.133373972314839e-07 0.2303976587984773 0.02666294962881388 1193.1032192341847 51.0 -19.21673777145953 1.3417891526739787 56943.178 57051.151 20 54 "Minimization exited successfully."
01308326 63 0.3262 56976.29518039904 3.2665031527187585e-05 0.45794674764600574 -0.08989670042928882 0.0 0.21741758519419818 4.935803045641438e-07 0.1976629154099745 0.012761009850063607 44.66491574179352 44.0 -19.477807964314792 0.9736555828251596 56956.141 57045.113 16 47 "Minimization exited successfully."
01308568 72 0.6431 57281.268999957276 5.553885104073176e-06 1.9999999006485734 0.13835963686837427 0.0 0.35149996718246257 3.435680398108932e-07 0.2694214157957484 0.08424113811507825 72.79091864132072 47.0 -19.31846583186855 0.7067665767493452 57256.269 57379.066 15 57 "Minimization exited successfully."
01308582 57 0.3669 57287.764577580514 2.5000808323130677e-05 -0.48340495453944854 -0.05475736405268661 0.0 0.0005456856160890311 8.971784628830637e-07 0.371774367748265 0.02569565367267672 26.22482836842877 38.0 -19.485327905800098 1.1502787810084385 57265.24 57366.076 12 45 "Minimization exited successfully."
01308884 48 0.0772 57293.47850843109 0.000315749759618883 -1.4365830184874206 0.08074336818656946 0.0 0.028552270043292083 1.948331804370318e-06 0.03006778460441084 0.004551575447840517 264.7289714402446 32.0 -18.488327835833203 1.3476911859412688 57276.324 57355.251 14 34 "Minimization exited successfully."
01308957 72 0.6187 57278.32999864685 4.905993064707737e-06 1.9999854294650818 -0.05568181153846097 0.0 0.13671388809234486 3.122799013710595e-07 0.35552132698060124 0.0565472396243418 129.7698012764585 50.0 -19.080236615621892 0.7118032303770505 57253.33 57373.057 18 54 "Minimization exited successfully."
01309288 44 0.2684 56986.36099980316 7.253510940803676e-05 -1.7196411826955313 -0.19813612227754396 0.0 0.023555154126370326 3.1694434947882058e-06 0.24999350891804706 0.03594626951205181 76.0968292176696 23.0 -19.855083511578016 1.443413602951324 56961.361 57061.067 10 34 "Minimization exited successfully."
01309492 61 0.3335 56988.25499999946 3.373809482357382e-05 -1.7709254771233025 -0.08142469868625543 0.0 0.000600197359744925 2.1013772759787065e-07 0.061343225450489425 0.00521112144543763 4163.004993824767 40.0 -19.56755716228211 1.445473010514121 56963.255 57067.046 15 46 "Minimization exited successfully."
01309749 70 0.7893 56974.34999999738 4.592551950868829e-06 1.5113654111653725 -0.13453742530604512 0.0 0.011314180374029092 1.1531940675851871e-07 0.29363730655423526 0.023343012241346273 677.2198795610392 47.0 -19.657830080836206 0.7949541764046266 56949.35 57067.046 17 53 "Minimization exited successfully."
01310338 63 0.4388 56974.1119999952 1.685453864311015e-05 -0.7939313933433656 0.05348900228300524 0.0 0.028122849704232067 3.5483970001332043e-07 0.24834417888177107 0.02361107295636164 79.07808905212528 40.0 -19.51724995656909 1.2070913269733907 56949.112 57052.042 13 50 "Minimization exited successfully."
