analysis_pipeline/fit_results/des_5_sn91bg_salt2_phase_red.ecsv
# %ECSV 0.9
# ---
# datatype:
# - {name: obj_id, datatype: string}
# - {name: num_points, datatype: int64}
# - {name: z, datatype: float64}
# - {name: t0, datatype: float64}
# - {name: x0, datatype: float64}
# - {name: x1, datatype: float64}
# - {name: c, datatype: float64}
# - {name: z_err, datatype: float64}
# - {name: t0_err, datatype: float64}
# - {name: x0_err, datatype: float64}
# - {name: x1_err, datatype: float64}
# - {name: c_err, datatype: float64}
# - {name: chi, datatype: float64}
# - {name: dof, datatype: float64}
# - {name: b_max, datatype: float64}
# - {name: delta_15, datatype: float64}
# - {name: tmin, datatype: float64}
# - {name: tmax, datatype: float64}
# - {name: pre_max, datatype: int64}
# - {name: post_max, datatype: int64}
# - {name: message, datatype: string}
# schema: astropy-2.0
obj_id num_points z t0 x0 x1 c z_err t0_err x0_err x1_err c_err chi dof b_max delta_15 tmin tmax pre_max post_max message
01248677 16 0.3363300948623843 56542.00241632831 3.053113317719181e-17 0.9089813704839673 0.47165331604952593 0.5126537687059904 28.10392564947324 0.03074689055915058 0.43446343158993944 0.7035217821969608 8740.652113369739 7.0 -17.14548126067447 1.782458612877008 56538.281 56629.077 1 15 "Covariance may not be accurate."
01250017 30 0.2821888466396411 56519.23512386039 5.995204332975846e-16 0.8936452695303877 0.5403712876300608 0.49036499798375904 24.720582831821957 0.030748021177070706 0.4369445357287095 0.7189863602698141 11967.9655295531 13.0 -19.803064333013126 1.8034698661683208 56536.245 56616.08 0 30 "Covariance may not be accurate."
01253039 20 0.38742287136187886 56532.31153914067 3.608224830031759e-17 0.6501318817743353 0.413570086297071 0.5396406568732472 26.696820204637334 0.03262844844229372 0.3955968803363381 0.7270669471101071 723.5422737694718 5.0 -17.81450642744648 2.2603370716624767 56547.274 56653.094 0 20 "Covariance may not be accurate."
01253101 17 0.23511950639412016 56553.43844390909 2.7755575615628915e-18 0.6500000011042697 0.0003904374850499104 0.466584420043895 29.6595042116096 0.031216386956378996 0.37458573476921453 0.6065229907262704 512.5848356588081 7.0 -14.557551665591554 2.2606540743387953 56543.099 56657.052 3 14 "Covariance may not be accurate."
01253920 29 0.4779881773225097 56584.174745467935 1.1934897514720432e-16 0.7543906701410901 6.979322675348953e-11 4.3938634641638163e-05 9.10052222025115e-05 0.0 2.5553988721671583e-05 0.0005041027102336837 6972.387817116351 22.0 -20.43954575255232 2.0284518073621456 56559.195 56649.173 10 19 "Covariance may not be accurate."
01255502 19 0.46643310633700646 56569.32737262136 8.881784197001253e-17 0.7750334676994789 0.40543308609006445 0.5734556659565587 29.1446145925147 0.033703183926485 0.3551794352851388 0.6848348828202482 7250.56645547099 12.0 -19.28856051750864 1.9896969254989614 56563.266 56653.077 2 17 "Covariance may not be accurate."
01257366 25 0.44191932891969543 56604.42425749343 6.938893903907228e-17 1.2385578337882142 0.5300266694030521 0.004093993702165372 1.5372116066791932 0.0 0.0021159769317292687 0.051453654601204823 1795.703836111426 18.0 -18.620383318460128 1.4637699498719812 56594.14 56682.089 3 22 "Covariance may not be accurate."
01257695 25 0.46967301855884924 56575.053558312036 3.6914915568786457e-16 0.674294988581023 0.010567101469730111 0.5521607506518944 25.040399668025202 0.030746695035307022 0.313620098428567 0.6555167972915281 14106.591780394414 12.0 -21.603030763137387 2.2015823890944013 56590.029 56675.078 0 25 "Covariance may not be accurate."
01258906 15 0.3363909863538287 56579.45574343503 3.885780586188048e-17 0.991239151010898 0.27207013969098404 0.5130892647648646 26.344200207913673 0.030843499408467395 0.4353969763285804 0.7396277884388067 443.40463373183456 3.0 -17.79364187929374 1.6812852416140345 56594.019 56695.038 0 15 "Covariance may not be accurate."
01258940 18 0.4563853207248862 56606.95532513352 8.326672684688675e-18 0.886194126654855 0.003561340527404311 0.553317951238718 24.13428741833195 0.031201436563592942 0.41077369550227194 0.5890425770514911 379.1609590002226 10.0 -17.422750020412007 1.8138808493782577 56590.318 56697.043 4 14 "Covariance may not be accurate."
01259412 24 0.31743424345181465 56613.805291445286 6.66133814775094e-17 0.9387739811296558 0.5350899514788238 0.017659701394465155 0.022974012881604722 0.0 0.0005731941499386717 0.0010519043270634798 10296.587737324306 14.0 -17.7217053965295 1.7435141578018474 56602.205 56696.024 4 20 "Covariance may not be accurate."
01261579 20 0.46077223740608264 56600.538973938215 1.249000902703301e-16 1.235278047602978 0.5237996616957509 0.5501368784115136 22.767238529599126 0.03074627397340699 0.3265162553418965 0.7156003812626003 14039.606961244097 9.0 -19.377166561746424 1.4659102226574596 56615.111 56696.025 0 20 "Covariance may not be accurate."
01262214 0 nan nan nan nan nan nan nan nan nan nan nan nan nan nan nan nan 0 0 "Empty table passed to fit_lc."
01262715 0 nan nan nan nan nan nan nan nan nan nan nan nan nan nan nan nan 0 0 "Empty table passed to fit_lc."
01263369 18 0.49074634166099274 56653.56158343348 4.163336342344337e-17 1.1430604394287278 0.5641745390455081 0.0011356883946951057 0.08159831475131796 0.0 0.10350153688978747 0.006352894492336558 1215.8322002331295 13.0 -18.2805718963785 1.5340868090111854 56645.14 56697.043 6 12 "Covariance may not be accurate."
01263715 18 0.4340948196401572 56657.89196901081 9.992007221626409e-17 0.6500940757006856 0.3963553061097287 0.5435701999069738 29.543511620442587 0.030746232148872177 0.36583639322399425 0.6819759641475633 3017.420310902262 13.0 -19.248353595366027 2.2604315135977515 56645.054 56694.039 6 12 "Covariance may not be accurate."
01275946 38 0.19160915972252612 57233.38449167713 2.692290834716005e-16 1.2491221452567087 0.42876732322636285 nan 0.00019918376710847951 0.0 6.67408547561088e-06 0.00014096855014564258 15227.916199415979 19.0 -18.210633192876006 1.4569479279601758 57248.378 57329.035 0 38 "Covariance may not be accurate."
01279500 23 0.47398286267219075 57260.76016209613 1.1102230246251565e-16 1.1814424959293812 0.4996989029949631 0.5869914062180797 32.78951517797759 0.03787677567993596 0.43350604524192266 0.7497312738754669 19800.56769613237 18.0 -19.361711606222347 1.5035909637289784 57249.318 57317.099 5 18 "Covariance may not be accurate."
01280217 17 0.3128059467235753 57253.543857607314 2.7755575615628915e-18 0.6500000000000113 0.008891350131301712 0.5048776828922306 28.70610673491683 0.03126529690041212 0.3751836663063343 0.6523770366965655 661.1711802038263 10.0 -15.25491364910862 2.2606543108137522 57248.395 57329.175 2 15 "Covariance may not be accurate."
01281668 43 0.470262198549235 57238.13308446236 5.551115123125783e-18 0.6500000001530721 0.0013928735871305276 0.5543863238845224 21.88694733417651 0.030955245353034122 0.3714670361117643 0.5989130497873989 2971.580721367487 27.0 -17.063814416007943 2.260654103985406 57248.378 57342.028 0 43 "Covariance may not be accurate."
01281886 19 0.24504958137389 57256.78633124905 5.551115123125783e-18 0.8913117811424509 0.008135495770260182 0.4674034348927727 30.296249652175902 0.033033983578348095 0.4185326166762755 0.5752602822712107 358.3811778039472 9.0 -15.39982225850833 1.8067059637048608 57248.395 57345.234 3 16 "Covariance may not be accurate."
01282736 20 0.4710083136689116 57262.06493687172 2.7755575615628915e-18 0.6500000000002832 5.328399325654765e-07 0.5551096765135968 29.745236315229704 0.031011559886945535 0.3721389081073775 0.6146173917133896 341.70534989858976 12.0 -16.31756081856291 2.2606540665303143 57249.286 57346.032 3 17 "Covariance may not be accurate."
01283373 33 0.4770446790057751 57272.16599540124 1.3877787807814457e-17 0.6721191909981526 0.5113955315481307 0.5566008275845623 27.961450926406542 0.0310232227376609 0.41529922588873547 0.7165138921789638 1727.7531458058045 28.0 -17.10190996660412 2.2067469938629287 57250.337 57332.081 5 28 "Covariance may not be accurate."
01283878 28 0.47271188218742893 57263.540441094134 2.7755575615628915e-18 0.6500000000011005 0.00013577548322318833 0.5558993159554007 29.834903094630135 0.031052220840616172 0.37262631665173024 0.6099912305622459 483.30682391441246 19.0 -16.326746390056712 2.26065407019696 57249.322 57339.072 5 23 "Covariance may not be accurate."
01283936 23 0.23346580814115103 57233.452812881704 7.216449660063518e-17 0.6696578572257799 0.003267662617665257 0.5763550587194638 24.036203165604093 0.031023469271161765 0.32186794178036304 0.638184954373335 362.57629799846336 7.0 -18.073078288275454 2.2125859585325323 57248.38 57347.084 0 23 "Covariance may not be accurate."
01285160 0 nan nan nan nan nan nan nan nan nan nan nan nan nan nan nan nan 0 0 "Empty table passed to fit_lc."
01285317 24 0.34457153326161816 57266.372406115224 3.053113317719181e-17 1.1773683513965902 0.2071391439267768 0.5157127579031981 29.385958926657622 0.03074974378338051 0.33007892018264134 0.6031918873604708 407.84260598219737 14.0 -17.729162199702508 1.5066742424759028 57248.38 57356.127 5 19 "Covariance may not be accurate."
01286398 26 0.47138632342815506 57263.68260551245 2.331468351712829e-16 0.6500000000039746 0.38565986350785303 3.157816913881839e-05 0.001415279974025907 0.0 1.1010019562718298e-09 0.051770473278863666 4045.451460137293 19.0 -20.40334997331496 2.260667450074955 57249.318 57329.116 5 21 "Covariance may not be accurate."
01287626 13 0.18042867318609457 56638.05437834666 1.8041124150158794e-16 0.6841098849019953 0.5005153694971649 0.00021497510023678335 0.0008623969115433283 0.0 0.0003025543121466523 0.0004137414024527053 2875.1477245999044 8.0 -17.466790299322465 2.1786670454485737 56653.052 56697.072 0 13 "Covariance may not be accurate."
01289288 44 0.4258988793044756 57233.72733860684 4.718447854656916e-17 1.2484758995489824 0.4703003043088888 0.5523387937849555 24.048644864382368 0.03232225150588259 0.35589756856601523 0.718443782424282 484.01792282962714 22.0 -18.225507453193416 1.4573633165254414 57248.378 57347.084 0 44 "Covariance may not be accurate."
01289555 21 0.2034198595380874 57257.72202314965 2.7755575615628915e-18 0.8641835071113939 0.5000770436908148 0.006860338110677128 0.2172828125912929 0.0 0.002969505440797382 0.7456069800917235 229.1469185329247 9.0 -13.225600790561735 1.8454553462066308 57248.396 57365.115 3 18 "Covariance may not be accurate. Covariance not positive definite. Covariance forced positive definite."
01289600 16 0.4253190466135586 57238.39978764463 0.0 1.0297317831513002 0.5000618084077507 0.0 0.0 0.0 0.0 0.0 0.0 -5.0 inf nan 57253.285 57365.135 0 16 "Hesse Failed. Covariance may not be accurate. Covariance not positive definite."
01289656 21 0.5483520962193368 57249.588310274 2.7755575615628915e-18 0.6641732686168385 0.4834964077675259 0.5662164254570133 27.49014888457532 0.03286149150521311 0.3475743351349083 0.7268343021503596 318.92505565541967 11.0 -15.777339009049765 2.225770165777714 57250.337 57355.245 0 21 "Covariance may not be accurate."
01289664 35 0.8411656935422274 57237.76308222935 7.919315203608335e-12 0.6501058364840546 0.7828655932768199 0.00026715666526100357 1.913576852530241e-09 0.0 2.326805415009403e-12 1.6391221713263349e-10 8745.661627836302 26.0 -32.47221710782112 2.260406133699499 57252.307 57345.234 0 35 "Covariance may not be accurate."
01290779 12 0.5232191133490564 56895.315206138235 5.551115123125783e-18 1.159048535756019 0.49914594762622305 0.5345649114829756 28.336050265956146 0.038177463029477735 0.5176167233319033 0.7500823710033427 598.4968915715984 6.0 -16.368769697612585 1.5210102174931457 56887.398 56973.322 2 10 "Covariance may not be accurate."
01290816 20 0.4769945381331854 56889.92459485092 1.942890293094024e-17 0.650150965235042 0.5152460342754696 0.5585463788609298 28.917208941533318 0.03122357908637524 0.37876014962936244 0.719895280559571 8984.152461676102 15.0 -17.460771208169625 2.260292104388615 56887.395 56960.278 2 18 "Covariance may not be accurate."
01291080 14 0.71017348328631 56895.844680313174 1.1102230246251566e-17 0.6993840870904515 0.5005025161012714 0.4559588151178616 29.24698119085224 0.030975317037988916 0.31042577105531816 0.7133603862331649 191.83517930707634 9.0 -17.92706932451148 2.1438477863402383 56887.275 56973.078 2 12 "Covariance may not be accurate."
01291090 25 0.4713493099486655 56894.71540323448 2.0539125955565397e-16 0.6500090041363267 0.5001654893540678 0.5535808054808836 27.772847601456306 0.0308496151736859 0.371177334894726 0.711719980430262 2091.4274339366434 18.0 -20.014123108624766 2.2606484697258082 56887.215 56973.028 4 21 "Covariance may not be accurate."
01291794 18 0.5835871560857914 57266.321524550265 3.053113317719181e-17 0.6504062781842919 0.009599380441918437 0.5145523477477756 29.584057177224167 0.030746232222343538 0.3623011193294947 0.6545376546369911 179.42517058657285 11.0 -19.467835399709948 2.259634709187438 57252.296 57356.174 4 14 "Covariance may not be accurate."
01291957 15 0.4536376388350303 56863.37130089858 0.0 1.2390624246794113 0.5000552992146651 0.0 0.0 0.0 0.0 0.0 0.0 -5.0 inf nan 56877.186 56980.031 0 15 "Hesse Failed. Covariance may not be accurate. Covariance not positive definite."
01292145 19 0.39637457569771006 57239.383271452316 2.7755575615628915e-18 0.6500001921070511 0.0002474374969154147 0.5468268887144209 22.123461804399994 0.03392489911604127 0.4069361822389583 0.6082503444012463 137.18331720052205 5.0 -15.871038610225362 2.260653590817789 57252.296 57356.174 0 19 "Covariance may not be accurate."
01292195 0 nan nan nan nan nan nan nan nan nan nan nan nan nan nan nan nan 0 0 "Empty table passed to fit_lc."
01292332 25 0.5368307313770199 56902.39114824868 3.885780586188048e-17 1.1130441008752645 0.00040976740073206397 0.5650207373449192 29.52173721510553 0.030779741190632967 0.3684742456029945 0.6063153613124739 1049.000170891754 20.0 -19.52430567188702 1.5600122094606164 56890.333 56973.19 3 22 "Covariance may not be accurate."
01292336 25 0.4953660920140158 56900.34549451931 6.938893903907228e-17 1.0619540932592761 0.4624745506806754 0.0006486617905400727 0.03198662280192366 1.387778780781447e-18 0.014870274863246769 0.0003884693819043439 2116.3946486746745 20.0 -19.054745452741756 1.6078647249891098 56890.333 56973.19 3 22 "Covariance may not be accurate."
01292560 27 0.4686559048714435 56898.31078285809 8.326672684688674e-17 1.2405660493784194 0.1207808534698453 0.5660200229278228 29.914066278321116 0.03237634153051672 0.3353819961627926 0.76050802924895 5981.925890430567 20.0 -19.788203907735586 1.4624546218862484 56890.263 56973.042 3 24 "Covariance may not be accurate."
01293319 29 0.47720691953173794 56899.265674307935 9.992007221626409e-17 1.1063699298019856 0.49962240708569383 0.5584591098285988 29.83323134328748 0.03120933384350992 0.37177706757454937 0.7159409032252699 5958.30887721009 22.0 -19.265164103300645 1.5660286534893082 56887.272 56980.072 4 25 "Covariance may not be accurate."
01293758 18 0.24017345587354266 56916.38356995097 7.216449660063518e-17 1.2196517112562448 0.4858593940485043 0.0001671033906864572 0.05488461083223228 0.0 0.00014727448550377886 0.0005650286395600945 2069.7902516714576 11.0 -17.204240195933572 1.4762982139801117 56891.384 56980.044 5 13 "Covariance may not be accurate."
01294014 6 0.42902589868443425 56876.890843384426 2.692290834716005e-16 0.6500770275888154 0.7362634811476799 0.0073121154733301885 0.31548993766409694 2.7755575615628815e-18 0.0013389572968792174 0.05296691560324068 84.42693294922663 -3.0 -19.608533257272637 2.2604787548555905 56903.404 56990.199 0 6 "Covariance may not be accurate."
01294743 25 0.46073170676062675 56875.289555022806 4.163336342344337e-17 1.1931165731876914 0.001407602032965194 0.571867136662534 27.229320982551144 0.03378394423650535 0.30151032099968117 0.6303751579922512 1823.7660398954756 10.0 -19.19820421696629 1.4949151693642264 56890.285 56980.127 0 25 "Covariance may not be accurate."
01295027 19 0.17487584022025932 56895.96792599813 6.938893903907228e-17 0.9367359619665184 0.4998494114997683 0.1258255737586718 0.014108719286014093 0.0 0.00045133927748930436 0.000407688307745957 251.8098045537951 6.0 -16.355290661163668 1.7460959643565168 56887.275 56992.069 2 17 "Covariance may not be accurate."
01295256 17 0.7818826168616966 56889.299357829805 7.771561172376097e-17 0.6984838680600601 0.6199802348811806 0.4064135962056077 33.07042181601719 0.041091593739601515 0.383578331760853 0.8096886647827215 582.7341916850932 5.0 -20.090220117766748 2.145871871149083 56904.303 57012.089 0 17 "Covariance may not be accurate."
01295305 18 0.28548710826421364 56888.56111210578 0.0 0.7183361224643032 0.5002951452868629 0.0 0.0 0.0 0.0 0.0 0.0 -5.0 inf nan 56890.285 57005.143 0 18 "Hesse Failed. Covariance may not be accurate. Covariance not positive definite."
