analysis_pipeline/fit_results/des_4_salt2_2.4_all.ecsv
# %ECSV 0.9
# ---
# datatype:
# - name: obj_id
#   datatype: string
# - name: num_points
#   datatype: int64
# - name: z
#   datatype: float64
# - name: t0
#   datatype: float64
# - name: x0
#   datatype: float64
# - name: x1
#   datatype: float64
# - name: c
#   datatype: float64
# - name: z_err
#   datatype: float64
# - name: t0_err
#   datatype: float64
# - name: x0_err
#   datatype: float64
# - name: x1_err
#   datatype: float64
# - name: c_err
#   datatype: float64
# - name: chi
#   datatype: float64
# - name: dof
#   datatype: float64
# - name: b_max
#   datatype: float64
# - name: delta_15
#   datatype: float64
# - name: tmin
#   datatype: float64
# - name: tmax
#   datatype: float64
# - name: pre_max
#   datatype: int64
# - name: post_max
#   datatype: int64
# - name: message
#   datatype: string
# schema: astropy-2.0
obj_id num_points z t0 x0 x1 c z_err t0_err x0_err x1_err c_err chi dof b_max delta_15 tmin tmax pre_max post_max message
01248677 59 0.3502 56554.317546201564 3.383943509065457e-05 0.9722594418760049 -0.10511487339252187 0.0 0.07599362091423245 2.819131941042545e-07 0.09098918234493247 0.005389324007380195 323.7643838152469 39.0 -19.69677579275946 0.8845629099602945 56538.281 56629.123 10 49 "Minimization exited successfully."
01250017 60 0.1817 56553.88618646471 0.00011560601819371463 0.928179071683152 -0.04375274022200304 0.0 0.06429764811764471 1.341308967377222e-06 0.11146050865076695 0.007455773268077379 75.95946771647027 41.0 -19.405715885173585 0.8898538207249551 56534.233 56616.08 19 41 "Minimization exited successfully."
01253039 74 0.4535 56574.86884620056 1.6193538362815898e-05 0.5251692202352021 -0.13101154913685056 0.0 0.29852254163415637 3.2202784640833516e-07 0.2859284908044706 0.014667556375215537 57.33203993996053 50.0 -19.560726685066232 0.9634048385725009 56547.268 56653.094 24 50 "Minimization exited successfully."
01253101 68 0.4596 56578.223349029104 1.496983924841322e-05 1.2116278687075956 0.025972428104257816 0.0 0.4433266052255931 4.591775834048016e-07 0.37876693451973087 0.025253395429662873 56.67557936696643 47.0 -19.509973831426294 0.839720204878514 56543.092 56657.052 24 44 "Minimization exited successfully."
01253920 58 0.1956 56583.180388358094 0.0001012790009272735 -0.8097878830343608 -0.08932372370791578 0.0 0.07009473031939706 9.941001713031957e-07 0.08009942351681287 0.008790141599688509 128.669794682359 39.0 -19.439390880936315 1.2204327955541139 56559.19 56649.173 20 38 "Minimization exited successfully."
01255502 29 0.1482 56592.775233529144 0.00022023670370761308 1.2633937565578996 -0.024812017016027865 0.0 0.13933494879165664 9.42522793245248e-06 0.20289974324324334 0.029297980221773837 77.49574449359321 10.0 -19.617963548685417 0.8328006927542262 56563.266 56653.077 8 21 "Minimization exited successfully."
01257366 40 0.2114 56612.00298698351 4.523292197458895e-05 -0.18003510117569688 0.1291505044582802 0.0 0.4539571883105964 1.7613830979409932e-06 0.4588122349975894 0.031432878872636294 30.76523207060843 21.0 -18.754132744471523 1.0799205323757164 56590.341 56682.089 7 33 "Minimization exited successfully."
01257695 48 0.1838 56613.39842304497 0.00012854569189627574 0.3902680782230856 -0.11032790154752758 0.0 0.06444852588174399 1.1160823657679951e-06 0.07023665388777256 0.006651192483159388 120.64265486325027 32.0 -19.54867169898379 0.9867046556392296 56590.025 56675.078 17 31 "Minimization exited successfully."
01258906 56 0.3492 56621.752505170996 2.051845478386605e-05 0.12957415045107368 0.0107597473640757 0.0 0.3658696179045364 8.30901656527494e-07 0.34476043833778425 0.031811713141628645 36.46885946468717 37.0 -19.145109841751097 1.0285120039205857 56594.012 56695.038 18 38 "Minimization exited successfully."
01258940 70 0.4259 56619.526979877526 1.5930775694814047e-05 0.017954351969822202 -0.08102921573247171 0.0 0.5035727539288928 7.534270273668044e-07 0.44967407943249427 0.03691605852055756 42.97298965739904 48.0 -19.379471074484883 1.0539521033825956 56590.311 56697.043 23 47 "Minimization exited successfully."
01259412 47 0.3047 56624.3021247892 3.729762556331229e-05 0.9152709698642862 -0.035710253522127366 0.0 0.14960330167377833 3.402423949389055e-07 0.1268485994668449 0.007823646233393489 101.47416931453677 31.0 -19.449969361990433 0.8917550825593565 56602.144 56697.078 11 36 "Minimization exited successfully."
01261579 40 0.3222 56638.48482901715 3.030277471432197e-05 -0.19305240202240181 0.007402752047174221 0.0 0.08590319148424896 3.23452661972479e-07 0.10438774416953533 0.008649990787549688 26.689227004425433 26.0 -19.364308104220243 1.0893747134507379 56615.111 56697.079 12 28 "Minimization exited successfully."
01262214 68 0.6894 56657.241289697035 5.7677821332369206e-06 0.18924419482344046 -0.10612154403610527 0.0 0.3389032501654583 1.0069395266071304e-07 0.2422217559890245 0.017810716687776396 76.61274265751001 64.0 -19.541927137481682 1.0232201411201558 56625.224 56698.051 30 38 "Minimization exited successfully."
01262715 46 0.6894 56659.946491532486 6.831272977159131e-06 0.8445023141586736 -0.04378017571768161 0.0 0.35760534974906477 1.190697934819184e-07 0.2900849914954038 0.019239745844252767 36.226705947306286 29.0 -19.7257365918256 0.9041539802890597 56625.224 56697.09 21 25 "Minimization exited successfully."
01263369 36 0.3125 56665.77590115802 3.1886483880538834e-05 0.22260181316714522 -0.04914185506134011 0.0 0.2765487560573092 7.290595630107797e-07 0.27340576245718595 0.01893633451676427 18.455113647384763 23.0 -19.342879699713922 1.014369827375159 56645.136 56697.043 16 20 "Minimization exited successfully."
01263715 35 0.2919 56667.17947129624 3.927816061326806e-05 0.35205121719702026 -0.03165322575454954 0.0 0.20301753857347649 8.579273685527272e-07 0.24890155722492113 0.017161360725769292 18.29694785703964 22.0 -19.39795831890315 0.9900577419130059 56645.05 56694.039 19 16 "Minimization exited successfully."
01275946 72 0.2321 57261.708526002236 8.043625211665573e-05 1.6400719290190393 -0.049454221923908304 0.0 0.07432931608127546 8.802190880605242e-07 0.11571125738965016 0.007141102154441581 479.4849239734696 49.0 -19.608711250130604 0.7712106594484176 57248.373 57329.035 15 57 "Minimization exited successfully."
01279500 45 0.235 57252.007656206115 5.9776592493418495e-05 0.625379822386229 -0.013089427817257027 0.0 0.25055042808889993 4.3259438225334845e-07 0.1373388536487652 0.0065676776369126 77.06188043614186 30.0 -19.315777518446588 0.9408270287595357 57249.293 57319.287 4 41 "Minimization exited successfully."
01280217 63 0.359 57249.97384353915 2.0898714204894975e-05 1.9999989591125829 0.052332647879879735 0.0 1.340346911285451 7.494169723815114e-07 0.5113808733132288 0.027068097378658312 87.41959368564414 42.0 -19.237654436460723 0.7090325691575572 57248.388 57329.175 4 59 "Minimization exited successfully."
01281668 83 0.3071 57271.265644328734 3.87099602033425e-05 0.22744488276694863 -0.09665670590925843 0.0 0.2770880481657514 8.021999180554684e-07 0.25203916514484304 0.01663471826380966 82.72354549582617 57.0 -19.50987404779076 1.0157327556238016 57248.373 57342.028 20 63 "Minimization exited successfully."
01281886 70 0.384 57267.82519027007 2.147194996310331e-05 0.8548099740419284 -0.03554152224859641 0.0 0.4636754623061279 1.1922128829847115e-06 0.5132150200567085 0.03273420794410131 53.649056184203516 47.0 -19.437516041935247 0.9020747644113527 57248.388 57345.234 16 54 "Minimization exited successfully."
01282736 72 0.3689 57266.168107228725 1.4940873793908849e-05 -0.9197982269726843 0.1370189083762659 0.0 0.49215771559101995 8.313174659393969e-07 0.4923739391855466 0.04208149681121981 39.989484588399435 48.0 -18.940971211651856 1.227552282186661 57249.279 57346.032 15 57 "Minimization exited successfully."
01283373 61 0.2075 57268.84101375693 6.118691557554513e-05 -1.1318176325801483 -0.002051793898034282 0.0 3.65260275430046e-05 1.1648660851126793e-06 0.19302872529719273 0.016658243001069245 77.42709381366636 39.0 -19.035277978916096 1.2846057588306756 57249.423 57332.081 9 52 "Minimization exited successfully."
01283878 56 0.3135 57265.47045424392 2.4973455342661156e-05 -0.8641473663481203 0.025711632888297753 0.0 0.0002905479741457384 1.4356798243866927e-06 0.4161015583622938 0.04025444994925584 6.336535867784692 38.0 -19.084903830368084 1.2239402003410973 57249.293 57339.187 13 43 "Minimization exited successfully."
01283936 85 0.369 57267.865241147956 1.0873417519452479e-05 -0.574454718044306 0.18366379408803724 0.0 0.7282814215759572 8.366870579049055e-07 0.6788004004169949 0.06277067230332448 27.820927384807362 58.0 -18.597626969728477 1.1531531381763536 57248.373 57347.084 20 65 "Minimization exited successfully."
01285160 72 0.7493 57273.00031604818 4.946208996026158e-06 0.027749440605483677 -0.06980287432464177 0.0 0.4550842008757172 1.5422211487592366e-07 0.2923143709289071 0.029366188405958615 61.64235794625057 51.0 -19.597115177460708 1.0515356547225423 57249.403 57372.178 12 60 "Minimization exited successfully."
01285317 92 0.5649 57268.837048373214 9.034040223146467e-06 0.3821725492003267 -0.07046822032224836 0.0 0.001418259063939331 3.354244179354371e-07 0.44449729280041295 0.03879751459858463 50.78795956092073 64.0 -19.50098662193203 0.9863934594512536 57248.373 57356.127 20 72 "Covariance may not be accurate."
01286398 52 0.1503 57271.55856647365 9.794182375100491e-05 -1.4384935080065835 0.028788648495277902 0.0 0.0002337560072191991 2.1713384206326056e-06 0.11006827786192241 0.017954965323898148 80.5836234234109 35.0 -18.76980119588844 1.3527983509278627 57249.293 57331.145 13 39 "Covariance may not be accurate."
01287626 23 0.304 56682.7274373709 3.515007628331623e-05 0.09372984646175286 0.022995657981044193 0.0 0.3866978325022501 6.471889116982377e-07 0.3814697641321121 0.01649734242800799 14.681453419569502 13.0 -19.37913459702176 1.034501837038306 56653.047 56697.072 16 7 "Minimization exited successfully."
01289288 81 0.2897 57273.49171516138 2.5078829472979793e-05 -1.153786045708704 0.10546057532128561 0.0 0.6753588385727198 9.108245649896991e-07 0.4884382273319685 0.03393166294759256 43.52648024693755 54.0 -18.891618792615454 1.2808700029157478 57248.373 57347.084 19 62 "Minimization exited successfully."
01289555 79 0.5588 57274.87572311064 1.1018727926367934e-05 0.6034588250011748 -0.11999978985590057 0.0 0.9035303503187606 5.203682003546154e-07 0.5514663618346292 0.044884501061909624 63.83239827158328 54.0 -19.68864749785314 0.9490703772782325 57248.388 57365.115 16 63 "Minimization exited successfully."
01289600 64 0.4196 57283.37344594339 1.248485246188036e-05 1.2413968137210345 0.03305531698674363 0.0 0.37463537849180284 2.4810012771853163e-07 0.30248767334627313 0.018110713192467515 89.7892342731842 44.0 -19.077178152190644 0.8345367077251673 57253.285 57365.221 13 51 "Minimization exited successfully."
01289656 75 0.5394 57269.439892577706 9.008656304040908e-06 0.0578570869159627 -0.042908229157187894 0.0 0.818140079605655 5.547624083626641e-07 0.6777828017666849 0.0547888723638032 30.857918069918032 50.0 -19.3759963685066 1.0445241043382332 57249.423 57355.245 10 65 "Minimization exited successfully."
01289664 64 0.2491 57278.940223375386 5.006580004080219e-05 -1.1184951399029797 -0.01954220997874151 0.0 0.2364187158891582 6.378062710768441e-07 0.16382516035548433 0.011394745626478853 114.11936367922968 42.0 -19.265931307281583 1.2829914614582485 57252.303 57345.234 17 47 "Minimization exited successfully."
01290779 44 0.3895 56892.066555678066 1.7201414898246337e-05 -0.7242425490346434 -0.04646687787564141 0.0 0.5933279670789489 4.6521183602460415e-07 0.475143171436922 0.021972276307012262 28.556882593895356 28.0 -19.23214542480055 1.199368248852192 56887.39 56973.322 8 36 "Minimization exited successfully."
01290816 40 0.2185 56891.82307326079 6.278103337487851e-05 1.283359883336976 0.02566777429269218 0.0 0.2985613758355612 6.022660121854427e-07 0.18913656242810228 0.008190638109690923 187.21214285693205 26.0 -19.191088306481863 0.827825028945842 56887.39 56960.278 8 32 "Minimization exited successfully."
01291080 52 0.4438 56888.96504774454 1.1100138442407537e-05 -2.3232460794947203 0.11496146046552969 0.0 1.627861555407435 4.895642196203757e-07 0.762898562853456 0.05250251294944089 42.638302217943746 34.0 -19.093042958708637 1.5745322888953943 56887.268 56973.078 4 48 "Minimization exited successfully."
01291090 51 0.292 56905.201573566126 4.801900830541661e-05 1.1907899134201703 -0.06594644144288456 0.0 0.1490794847923098 1.2251600054996599e-06 0.2019220809172475 0.016578360188233623 101.25976095713548 33.0 -19.617878391608073 0.846283122231835 56887.211 56973.028 12 39 "Minimization exited successfully."
01291794 72 0.3951 57278.50931140498 1.8349048258711755e-05 -0.03243259252382069 0.04346244830001594 0.0 0.8003851431167277 6.821435510673272e-07 0.5383436017913668 0.03334785456918485 38.82543168390182 50.0 -19.339358557880796 1.0568996898301322 57252.289 57356.174 22 50 "Minimization exited successfully."
01291957 60 0.36 56905.392135882 2.4662215510734555e-05 0.4302410514052766 -0.03966738575223655 0.0 0.29777054369697 1.0246831615073896e-06 0.296455643742489 0.02697758698642544 85.26436188094948 41.0 -19.422638951115403 0.9764043279645414 56877.179 56980.031 16 44 "Minimization exited successfully."
01292145 73 0.4925 57274.40962752052 6.8150590102400436e-06 0.46041698645529383 0.10075783183041837 0.0 1.1410232188100053 4.4896053991855256e-07 0.7936554304152781 0.07561207852253049 35.83312833898643 50.0 -18.835542490296724 0.9647350212401662 57252.289 57356.174 15 58 "Minimization exited successfully."
01292195 81 0.8293 57280.70530659553 2.990583987141915e-06 0.273371669709241 -0.004639814750957871 0.0 0.8962663701058773 1.1647802214548296e-07 0.44280742764268677 0.047592532301729024 69.70568167899353 58.0 -19.322635294549116 1.003004694025563 57249.403 57389.163 16 65 "Minimization exited successfully."
01292332 49 0.2735 56901.21276897398 5.4324251934118055e-05 0.2921292356641323 -0.08611911368469133 0.0 0.19076340516403434 1.1728228768353985e-06 0.22542655719744187 0.018180200433365434 50.817783934909784 33.0 -19.587660954504898 1.0034078039086722 56890.328 56973.19 5 44 "Minimization exited successfully."
01292336 49 0.2336 56902.54064200769 4.5371544763350705e-05 0.28371440151480254 0.06907761752543035 0.0 0.0002378907629463356 1.0426136609245602e-06 0.18600350150176714 0.01865575617368273 60.23390402968768 33.0 -19.001725508921446 0.9976071240259721 56890.328 56973.19 5 44 "Minimization exited successfully."
01292560 48 0.2248 56904.68640374819 8.198695412874602e-05 0.2828270056463831 -0.1022747540732434 0.0 0.21211583659169264 1.259681590833059e-06 0.14005834689340624 0.01217857050773366 105.70111315031988 31.0 -19.550035349182572 1.0058477683045695 56890.263 56973.042 7 41 "Minimization exited successfully."
01293319 57 0.2969 56915.2261067483 3.7678277624658696e-05 1.999992341049202 0.03461222510548101 0.0 0.00012429040361894295 4.457760373999226e-07 0.5238395408746288 0.01258847241710545 110.89874345304139 38.0 -19.39726521537426 0.7094937813475823 56887.268 56980.072 12 45 "Minimization exited successfully."
01293758 35 0.1472 56915.73663537036 0.00013386058079604968 -1.3138400646875992 -0.011337672285013367 0.0 0.17012983786844416 1.7322945725636917e-06 0.14494696971842935 0.021744064319043827 147.95537855660254 14.0 -19.059465324326283 1.3269786177441425 56891.384 56980.044 9 26 "Minimization exited successfully."
01294014 39 0.3627 56919.55107431083 2.4076653650609294e-05 0.5388333479403409 -0.027796139796243624 0.0 0.5554484232925461 1.1599989201693806e-06 0.42402776403750786 0.03389747181600063 52.5462844440563 29.0 -19.41565072007483 0.9566252215448898 56890.386 56990.199 9 30 "Minimization exited successfully."
01294743 47 0.3126 56912.411455118374 1.578780898306431e-05 -0.5351245639491795 0.23016496628990007 0.0 0.4918036643139203 7.581295316555494e-07 0.44838547999729306 0.03523940512384699 37.73799819846325 29.0 -18.58279609297899 1.1422113710824426 56890.285 56980.127 7 40 "Minimization exited successfully."
01295027 71 0.4254 56910.18530263316 1.5471161380806177e-05 -0.48735890484859556 -0.02629833839261636 0.0 0.6194044494950504 9.65616821875515e-07 0.5037441576626109 0.053602443285343276 27.43917042561469 48.0 -19.344064589443807 1.1493145319260485 56887.268 56992.069 12 59 "Minimization exited successfully."
01295256 60 0.4425 56928.14174852985 1.5207168790121185e-05 0.2758680183467299 -0.034258313098707305 0.0 0.43391139014056535 4.350568830260859e-07 0.4208970642390899 0.020292557891219823 57.455159554094436 39.0 -19.427846321821697 1.003951904956395 56904.295 57012.089 14 46 "Minimization exited successfully."
