analysis_pipeline/fit_results/des_5_salt2_2.4_blue.ecsv
# %ECSV 0.9
# ---
# datatype:
# - name: obj_id
#   datatype: string
# - name: num_points
#   datatype: int64
# - name: z
#   datatype: float64
# - name: t0
#   datatype: float64
# - name: x0
#   datatype: float64
# - name: x1
#   datatype: float64
# - name: c
#   datatype: float64
# - name: z_err
#   datatype: float64
# - name: t0_err
#   datatype: float64
# - name: x0_err
#   datatype: float64
# - name: x1_err
#   datatype: float64
# - name: c_err
#   datatype: float64
# - name: chi
#   datatype: float64
# - name: dof
#   datatype: float64
# - name: b_max
#   datatype: float64
# - name: delta_15
#   datatype: float64
# - name: tmin
#   datatype: float64
# - name: tmax
#   datatype: float64
# - name: pre_max
#   datatype: int64
# - name: post_max
#   datatype: int64
# - name: message
#   datatype: string
# schema: astropy-2.0
obj_id num_points z t0 x0 x1 c z_err t0_err x0_err x1_err c_err chi dof b_max delta_15 tmin tmax pre_max post_max message
[from data line 95]
01308568 19 0.4724138650687175 57290.34364986908 5.79182921767174e-06 1.999981095808658 0.2991985815584787 0.04339024589965984 1.9346098582173 7.047850518970834e-07 3.6646142125081735 0.47508459950148085 17.792404880302648 14.0 -18.55641473067374 0.7023964615306504 57256.269 57379.063 5 14 "Minimization exited successfully."
01308582 29 0.37724619470524196 57287.709947879826 2.4757927243440616e-05 -0.5656985584095051 -0.05844914562485343 0.03199582829193773 0.7335538743282086 1.6869294285834502e-06 0.533188254668698 0.07126550639612253 16.496606695393947 24.0 -19.545772304207212 1.1672603698666961 57265.391 57365.081 6 23 "Minimization exited successfully."
01308884 10 0.09934742036843025 57293.44947839681 0.00031291543767508756 -1.2976629124902916 -0.2999436103793326 0.005470252678292008 0.056104075025359634 3.5265372316614803e-06 0.05339353411968428 0.5470669289362564 12.482843765328866 5.0 -19.063537400445043 1.3465771717144648 57278.247 57345.255 2 8 "Minimization exited successfully."
01308957 19 0.5554945379239978 57288.2838863225 6.154819949538704e-06 1.0524298266771783 0.19670814245331525 1.705454746947499e-05 0.0004986186140740756 2.8912206259390505e-06 1.3557939823987255 0.4992796937387034 24.380590617327854 14.0 -19.042584672443112 0.8600174803088052 57253.334 57373.055 7 12 "Minimization exited successfully."
01309288 6 0.2976272361001606 56986.38396748357 5.020943970726055e-05 1.9999683185727655 0.2927129112887982 0.13627028512903894 4.870942253310204 3.302426916266671e-05 4.558593726368521 0.33312735040042285 1.1383320357919093 1.0 -19.71975581511375 0.7025782167138352 56963.244 57061.06 1 5 "Minimization exited successfully."
01309492 30 0.3285957266495661 56993.167747759704 3.471225285340551e-05 0.12205951618423017 -0.08419402601249112 0.006899825624344047 0.12172686116173281 5.302872372450771e-07 0.10071382141419338 0.014857005820964803 73.00769989006304 25.0 -19.562015549546377 1.0346178796991659 56963.265 57066.064 9 21 "Minimization exited successfully."
01309749 19 nan nan nan nan nan nan nan nan nan nan nan nan nan nan nan nan 0 0 "No bands in data overlap the model."
01310338 26 0.42428703834980114 56976.960616116514 1.6196134318424705e-05 -0.022299735694810252 0.04312486695129547 0.03872652185722794 0.4940397929531173 9.923403979844595e-07 0.48466634963924804 0.0606636802208563 15.82504650390949 21.0 -19.38740597439872 1.055020278064461 56949.115 57052.039 5 21 "Minimization exited successfully."
01310395 18 0.2955580435937579 56981.052048547186 3.106782150493204e-05 -1.0022080350597338 -0.299379581805054 0.05441889900388916 1.1422064376420167 3.231340278866955e-06 0.8852488274046535 0.37676947850463194 8.614654618922863 13.0 -19.178081975049537 1.2774310484283475 56956.206 57052.037 4 14 "Minimization exited successfully."
01312274 32 0.4287532944963371 56977.26608913031 1.2501779697809967e-05 -1.1026773628572013 -0.01572998268846637 0.0412128880319548 0.7580241773212038 1.0116077332852915e-06 0.6370647204452368 0.08365739105635099 11.343798663530295 27.0 -19.132632571210408 1.2791482806691228 56956.143 57052.1 6 26 "Minimization exited successfully."
01313594 12 0.29131210691402637 57002.15574782105 3.67520057342724e-05 0.5860444009050512 0.2999132301811204 0.019308338037120343 0.6187448580167256 7.228144025595004e-07 0.35450938748261196 0.5341800582435263 10.542896099050072 7.0 -19.32576167829969 0.9338871487178757 56973.038 57051.053 4 8 "Minimization exited successfully."
01314897 25 0.33025519445200485 57301.15530265991 2.8641895889430782e-05 0.8350008545178675 0.013311080844808254 0.048296048293187344 0.7021854078848264 1.842399544474405e-06 0.504220427212295 0.06359400214372407 19.585407465406917 20.0 -19.366317545548593 0.9035862027610086 57273.337 57372.07 9 16 "Minimization exited successfully."
01315192 7 0.15823648843570132 57007.60744804458 4.6889360185758956e-05 1.053532930992322 0.2987934100886874 0.04039474109889467 0.4890318887810281 4.8111748403800704e-06 0.5353901395704743 0.5899791341628868 1.0450669991483943 2.0 -18.099109393445854 0.8559322778335847 56987.196 57052.098 3 4 "Minimization exited successfully."
01315259 10 0.2258174657312913 57004.41910150388 3.884639888635522e-05 -0.44416151780521274 0.2998644121114488 0.035267851612986525 0.547714714990434 9.404169646787246e-07 0.28904530502969084 0.5597162890159357 4.380683135355986 5.0 -18.75404392676416 1.1198091823736185 56980.181 57049.068 4 6 "Minimization exited successfully."
01315296 27 0.39773832386406643 57004.346526499765 1.0178779584196775e-05 1.7110797743633128 0.14325667920670432 0.04646119920858721 1.0626079765715986 7.328507322698628e-07 0.7874862483345548 0.09441997636473407 15.829713680611418 22.0 -18.71934403224472 0.7540009555426437 56973.185 57049.07 11 16 "Minimization exited successfully."
01316385 11 0.26209283791308025 57021.04597505103 0.00017762527035537214 1.9999939051905296 -0.2298257789262963 0.01218259215095116 0.19034447596641257 5.913921407735276e-06 0.7085478193121033 0.04223579282643815 20.484645584069977 6.0 -20.772153442484253 0.7160752255376366 57001.175 57066.03 5 6 "Minimization exited successfully."
01316431 10 0.15614911490203873 57018.33389300216 0.00013785140417960917 1.0492434523304137 -0.2996008872588304 0.01678490527392082 0.13815340841028956 6.344202582457556e-06 0.23574013356967027 0.4613330666764463 12.701975587206604 5.0 -19.23790755831801 0.8779751212325628 57001.162 57052.098 4 6 "Minimization exited successfully."
01316437 13 0.5184941004083012 57009.32828202837 8.729821013631067e-06 -1.5101334088632863 0.2950460819932998 0.03199423085797162 1.3715178067359375 1.6763779622494538e-06 1.0495133244400556 0.419374864836474 12.366270365733687 8.0 -19.24194451396231 1.3448872995137577 56980.197 57052.1 5 8 "Minimization exited successfully."
01316465 11 0.34693005038485847 57021.75642355353 2.4757703659936126e-05 0.635121717787126 0.2997795862439802 0.017838235629990845 0.3750877074926393 4.65919945878689e-07 0.2318480606134834 0.5327615393849128 12.422809641662345 6.0 -19.337695991760576 0.9255629560614906 57001.183 57066.064 4 7 "Minimization exited successfully."
01317164 5 0.16529245880939697 57296.8944112006 6.450756432644922e-05 -2.485550917867798 0.2937390389440428 5.207869494122663e-07 4.236451422912069e-05 1.653702867264878e-05 0.8315369904963372 0.5187455598335196 5.913454564917916 0.0 -18.54755184109731 1.5987179559373885 57315.181 57355.159 0 5 "Minimization exited successfully."
01317277 12 0.21558855943944044 57007.79075230014 5.8377563485401135e-05 -1.3202012441915172 -0.29858433472836293 0.05438897697095002 0.6763496185012627 7.046879713358542e-06 0.4556744037879725 0.5894360984318228 5.833763373698179 7.0 -19.081786110649347 1.351910541868481 56987.073 57052.037 5 7 "Minimization exited successfully."
01317286 14 0.29012627664203017 57015.234414697494 4.2389529493808144e-05 0.6115758429438092 0.29995978156584074 0.017012459914384576 0.3935003854930983 6.584311447913056e-07 0.22921008405037813 0.5255690062178054 15.88167422843157 9.0 -19.470513696738085 0.9295466811741946 56987.073 57052.037 8 6 "Minimization exited successfully."
01317454 10 0.6327629382543694 57015.478470733186 8.464821533141209e-06 -0.15534939393092273 -0.2923785064152967 0.07026779095426766 2.032600037891825 2.3222090849345237e-06 0.9708401619160705 0.5537502884096572 11.555694370290205 5.0 -19.733958822259673 1.098128946490089 56987.033 57051.04 5 5 "Minimization exited successfully."
01317666 22 0.1646416490400572 57301.512224834434 0.000110702699327489 -0.1876615243148354 0.06554066633398492 0.015126622959857117 0.14732478484802414 2.792211560899431e-06 0.12741750606991165 0.030766469993620343 3.8809528487123885 17.0 -19.121116256699462 1.0850368224156277 57278.217 57356.106 7 15 "Minimization exited successfully."
01319366 17 0.25539859706696477 57304.3557432321 5.684690366782597e-05 1.026957093197085 0.29980558650581884 0.021687104959430437 0.3775866291471175 1.3340985030335644e-06 0.29779063552649876 0.5661494398763516 31.32002913056312 12.0 -19.471983641991287 0.8602563960433613 57276.312 57372.102 8 9 "Minimization exited successfully."
01319821 10 0.2602624437726464 57021.02115585985 2.582816859965087e-05 -1.2697200107142965 0.2996756500576921 0.03040862037063749 1.1571127566858195 2.079509190944241e-06 0.5361857467850959 0.5937851288371718 8.360927164941245 5.0 -18.660691059703804 1.2900438347928755 56992.125 57067.099 3 7 "Minimization exited successfully."
01320166 10 0.5592883951281123 57023.87295165099 8.529291181927356e-06 1.432316664722892 0.2974204889136935 0.07324339719329714 1.9906535028239887 1.3133042076174382e-06 2.688204182824013 0.4181445540493618 3.916515162583357 5.0 -19.417856941640323 0.7943875224418662 56991.113 57049.046 5 5 "Minimization exited successfully."
01322229 7 0.46828829806945055 57034.47583204063 8.775648931422243e-06 1.999998835897534 0.22305257848303012 0.00442670048632543 0.10691129926999565 8.585890326112677e-06 3.9909464182298726 0.335730979317636 2.4997626464307694 2.0 -18.982589669062506 0.7044855641475785 57001.076 57039.041 6 1 "Minimization exited successfully."
01322979 9 0.5380596916736122 57039.561005354466 1.1765999684923424e-05 0.5363085519340309 -0.29943299186061373 0.03905484235351764 0.8279818716582668 9.109164311515978e-07 0.8162256100034533 0.5741854506133851 10.012555958244524 4.0 -19.66413146187515 0.968216966053042 57008.04 57061.074 6 3 "Minimization exited successfully."
01324542 9 0.6528219214523676 57046.780975618945 8.238590577744343e-06 1.0922629175140859 -0.29523733950186387 0.10548327131349094 1.722099646791321 2.292759189517768e-06 1.362277009367041 0.580709226146028 2.1848719254331077 4.0 -19.78855843396549 0.8704474042858692 57011.089 57067.101 6 3 "Minimization exited successfully."
01325358 7 nan nan nan nan nan nan nan nan nan nan nan nan nan nan nan nan 0 0 "No bands in data overlap the model."
01327978 10 0.18427710924047885 57307.38264493654 6.753377700589314e-05 -0.29700708309910784 0.0891324996107678 0.07939590335888647 1.6049053755814384 4.676782212879316e-05 1.028740092231176 0.4549648538033706 2.9976332831669334 5.0 -18.8555148180928 1.1046724946457012 57283.131 57373.038 6 4 "Covariance may not be accurate. Covariance not positive definite. Covariance forced positive definite."
01328066 20 0.5260302985814602 57299.36790827971 1.4886503439232035e-05 1.9999999211544042 -0.010648150464449724 0.0416931363514369 1.493644746748032 3.8654423091992464e-05 1.1330712857423384 0.3015263491165452 10.597001846294322 15.0 -19.857406892770673 0.7106572071501738 57273.098 57379.048 5 15 "Minimization exited successfully."
01328105 42 0.4224245381799264 57302.62778845603 1.876809242078448e-05 0.14481158577092046 -0.1507208597255875 0.05558160787426836 0.808014831483888 2.1714297937916464e-06 0.6429823838733553 0.08491144930083035 37.80545980089289 37.0 -19.537152845088148 1.033594706465749 57273.096 57386.046 12 30 "Minimization exited successfully."
01329166 17 nan nan nan nan nan nan nan nan nan nan nan nan nan nan nan nan 0 0 "No bands in data overlap the model."
01329196 20 nan nan nan nan nan nan nan nan nan nan nan nan nan nan nan nan 0 0 "No bands in data overlap the model."
01329312 31 0.33489992679076536 57309.84490347841 2.025039478208424e-05 -1.8185786201892256 0.00885031964649896 0.03753142852991917 0.8151450365439814 1.916109989301419e-06 0.5186848762142046 0.09251785711272566 13.61746080982105 26.0 -19.023668084935373 1.448716345475141 57283.189 57389.086 10 21 "Minimization exited successfully."
01329615 34 0.42254905472276894 57304.52612672952 1.4448850950185554e-05 -0.2912001405064508 0.044020142962311326 0.04035720280414659 0.9378201073486707 1.2669535446915837e-06 0.6622111806848943 0.08627330408963507 21.24612498935871 29.0 -19.252698008690825 1.1062298404707107 57278.301 57385.111 12 22 "Minimization exited successfully."
01330031 13 0.09391515150341223 57315.66109034579 0.00029016077103198313 1.9694745209812288 0.2999999238585053 0.009360665951831174 0.12180253470796742 1.3788347592656736e-05 0.8157893848337894 0.46697202967675777 119.09702414324111 8.0 -18.85471045334276 0.7073686575711804 57291.079 57376.04 5 8 "Minimization exited successfully."
01330426 16 0.2595363560068935 57316.09919735778 7.58938800583836e-05 1.340945284581867 -0.29873744429843746 0.4494774183953927 63.76431417630738 0.04585591049000863 4.670376414160174 0.35709672581883994 97.46376799373334 11.0 -19.82550809354106 0.8282525824426337 57288.213 57387.181 3 13 "Covariance may not be accurate."
01330642 17 0.5867053401521867 57316.73773701021 9.98387968748904e-06 0.5757332177610017 -0.26522317639088233 0.5704816204938425 91.97750578678097 0.030446729150724352 3.720988022130114 0.5016676644726987 13.907866216521946 12.0 -19.712889056703546 0.9597887829328542 57283.189 57403.073 6 11 "Covariance may not be accurate."
01330903 20 0.5816827045974315 57305.58474295726 9.464502918388185e-06 0.1456216950852589 -0.29923461269712015 0.07255882191945423 2.483162413169339 1.9102958067326873e-06 1.2438263583961682 0.4241664930302687 20.622773069201624 15.0 -19.632800232258084 1.0403514136091516 57276.314 57396.101 8 12 "Minimization exited successfully."
01331123 17 0.2587465816022373 57318.14290988674 3.727480841312081e-05 -1.5208412693342455 0.2994997367759959 0.019921939354667767 0.30534838837047573 1.8032141088517008e-06 0.3609438492756726 0.5681185016856949 20.778310568755877 12.0 -19.044388338302465 1.3469396690551143 57297.032 57386.044 6 11 "Minimization exited successfully."
01331993 30 0.8499999286050127 57329.438922579015 3.5726910829231297e-06 1.1379385901694432 -0.2998378494042558 0.09118239490700214 0.7695390540357039 2.021710332325565e-07 0.559764824391582 0.3104106999098618 11.494764196712339 11.0 -19.587206063360107 0.862773325021152 57291.17 57403.073 13 17 "Minimization exited successfully."
01332059 18 0.6485891268509941 57326.61349745659 9.029235581303752e-06 0.39406598610519783 -0.29985623062430544 0.10314754996157816 1.6485770891522407 8.94115042629485e-07 1.2525805933687197 0.31293564082493136 8.144101928323382 13.0 -19.870262451910577 0.9941097283302867 57288.201 57403.101 8 10 "Minimization exited successfully."
01332413 17 0.6308402771260947 57326.78225453956 6.863932814885066e-06 1.6077924683373022 0.29958050212003423 0.04574063624399832 1.8264113101322437 5.33852663292533e-07 0.9979631116596779 0.5340312921275663 26.683512362425095 12.0 -19.500540949467904 0.7659978368881148 57299.144 57403.064 6 11 "Minimization exited successfully."
01333246 30 0.41107651517245775 57325.545204355585 1.056424623963881e-05 1.9104643731952287 0.13711703220232474 0.5372734898706768 79.09688201454992 0.03043805276333906 3.333458257711963 0.44382473397720607 9.4299250815833 25.0 -18.844776841420014 0.72155055750979 57299.22 57403.101 12 18 "Covariance may not be accurate."
01333438 31 0.39797628316278977 57327.1933833295 1.2468663163001105e-05 0.4321830045771282 0.13556917518172257 3.6633805716251855e-05 0.0023736008515697904 8.747783481560805e-07 0.45417354649237907 0.07978016957582698 33.7392254312785 26.0 -18.939746285812888 0.968085999808352 57297.346 57404.045 10 21 "Covariance may not be accurate."
01334084 14 0.17996600102205396 57335.93710456474 0.0001316277152585088 -1.13629584614671 0.04951261217513786 0.03446749298771648 0.8438000911482959 1.2627528261849316e-05 0.5502170930653849 0.10292243643493121 12.798628841727991 9.0 -19.522227304464266 1.2815020687535892 57315.206 57396.099 4 10 "Minimization exited successfully."
01334087 4 0.2615667109903604 57340.02066720264 4.8755878313899716e-05 1.9996788790579867 -0.07543902213769135 0.26989367895159266 15.82839473770946 0.030078673894375515 3.9053992391932972 0.40865070396261405 7.431477172494873 -1.0 -19.361094275835605 0.7123512197391335 57315.208 57403.099 2 2 "Covariance may not be accurate."
