analysis_pipeline/fit_results/des_5_salt2_2.4_all.ecsv
# %ECSV 0.9
# ---
# datatype:
# - name: obj_id
#   datatype: string
# - name: num_points
#   datatype: int64
# - name: z
#   datatype: float64
# - name: t0
#   datatype: float64
# - name: x0
#   datatype: float64
# - name: x1
#   datatype: float64
# - name: c
#   datatype: float64
# - name: z_err
#   datatype: float64
# - name: t0_err
#   datatype: float64
# - name: x0_err
#   datatype: float64
# - name: x1_err
#   datatype: float64
# - name: c_err
#   datatype: float64
# - name: chi
#   datatype: float64
# - name: dof
#   datatype: float64
# - name: b_max
#   datatype: float64
# - name: delta_15
#   datatype: float64
# - name: tmin
#   datatype: float64
# - name: tmax
#   datatype: float64
# - name: pre_max
#   datatype: int64
# - name: post_max
#   datatype: int64
# - name: message
#   datatype: string
# schema: astropy-2.0
obj_id num_points z t0 x0 x1 c z_err t0_err x0_err x1_err c_err chi dof b_max delta_15 tmin tmax pre_max post_max message
[from data line 47]
01294014 39 0.39451162952671925 56920.474422364954 2.296227255083605e-05 1.0826904223402058 -0.08447839818648559 0.31295326560233416 16.7208177408138 0.03038957751880725 3.7118795532895517 0.24222449264347828 40.16861409786029 28.0 -19.580148058341045 0.8650973116876557 56890.386 56990.199 9 30 "Covariance may not be accurate."
01294743 47 0.3551054536586033 56912.34899309694 1.6455933185702266e-05 -0.0689654226492129 0.15603352815139881 5.38967116364697e-06 0.00024689587735338137 7.971840443501972e-07 0.4869192383569507 0.03204760196243059 11.281694774549102 28.0 -18.94943463437809 1.0575333896061387 56890.285 56980.127 7 40 "Minimization exited successfully."
01295027 71 0.5198326474875895 56911.08431670023 1.4708967273643903e-05 -0.5263509319939481 -0.05997865866565255 1.6483193060468082e-07 6.632345684920438e-05 2.4789095230973173e-06 3.632925470561637 0.23173640622009753 20.970729832809276 47.0 -19.811046157433644 1.1593179349746734 56887.268 56992.069 12 59 "Covariance may not be accurate."
01295256 60 0.47331057829708384 56928.46336325084 1.489857090687663e-05 0.430892323712071 -0.038889822529537044 0.015919415532939213 0.48428674538081395 4.2593147588781965e-07 0.4204139772616302 0.01986194932094272 55.15705568323992 38.0 -19.580551577926656 0.9762535637814125 56904.295 57012.089 14 46 "Minimization exited successfully."
01295305 63 0.6683376362268955 56916.187187964104 6.943824384300635e-06 0.25833608439227884 -0.007194184150949412 0.024413268934974364 0.6968747656646883 2.4469900592877253e-07 0.36621072016862155 0.03950498709541797 45.23010455857751 40.0 -19.66030168279936 1.00585303198282 56890.285 57005.143 10 53 "Minimization exited successfully."
01295921 54 0.48601993137937094 56912.8973543822 7.86032979645801e-06 0.5151546159765883 0.12711565886588572 0.5556405529502433 75.49077952458902 0.03048069700581814 3.8876109794603764 0.4497516986678066 36.6540012012548 36.0 -18.956271392388874 0.9539644109601966 56890.386 56990.201 8 46 "Covariance may not be accurate."
01296273 63 0.5695735890704913 56928.54540086512 2.2352394409674847e-05 -0.04243300282649809 -0.2999996139852232 0.00893505624029789 0.4641763528707088 4.2806225667990537e-07 0.1814609042050488 0.06750285825622496 65.08927236899603 42.0 -20.51024394952872 1.0764202406205783 56903.383 57003.049 16 47 "Minimization exited successfully."
01296321 51 0.19527270967844357 56930.42172513728 5.435163223370954e-05 0.5849808252282198 0.09265055142019263 8.324122551556234e-06 0.00011915584036614746 7.931399570698667e-07 0.19282461186461597 0.01297318937499331 35.53099919836279 33.0 -18.760612972984532 0.9433528647385927 56915.265 56990.188 12 39 "Covariance may not be accurate."
01296657 32 0.1438319280781863 56923.570215174084 0.00014819042231629665 0.6744249613745867 0.03447542002537113 0.011266464109806598 0.23898306366390898 7.186527074810875e-06 0.31100406850479767 0.030997880476805295 37.244141135872965 13.0 -19.11625802704483 0.9303310748052915 56904.221 56987.079 9 23 "Minimization exited successfully."
01297026 56 0.26516605194831794 56928.83519846213 4.2873665384382535e-05 -0.7626235534430905 -0.034560123130501164 0.02921940888789315 0.2979834207944805 7.446755513673673e-07 0.1931881617155149 0.035217384972368204 35.891436431192375 35.0 -19.252695374417137 1.2066410056665369 56903.237 57001.099 13 43 "Minimization exited successfully."
01297465 62 0.2631641169423433 56938.8103478127 3.195177255740922e-05 1.147802522305386 0.08262477953150116 0.008561515155661725 0.10363768423121655 4.352709844307481e-07 0.11678721315627749 0.018157887299051767 136.09729294371306 41.0 -18.916388607240634 0.848367617707666 56912.258 57008.065 21 41 "Minimization exited successfully."
01298281 58 0.23916376866330263 56930.66889455548 3.76149070694859e-05 -1.5231790637106772 0.0790334680925896 0.03889411313444682 0.28755967621327727 6.803950554259981e-07 0.20806359072147895 0.07434816139812647 49.394614439824096 38.0 -18.855193047897977 1.3684250219871927 56915.265 57003.049 12 46 "Minimization exited successfully."
01298893 22 0.15799838730476046 56936.003860589706 6.586659484311697e-05 -2.6587118521837114 0.0014568032875462156 0.021597577312282804 1.0292402673803736 7.889907032782031e-06 0.5489066489104749 0.11393331506003164 3.0116637471685226 7.0 -18.457516385236485 1.6912564396053753 56915.299 56992.068 7 15 "Minimization exited successfully."
01299643 66 0.40726348873249923 56941.72336108886 2.4140500965397216e-05 0.8085465397850182 -0.13799168342947862 7.337393287926153e-06 0.000250114895607112 6.105865095695769e-07 0.27510375609529203 0.019378682217235044 54.00869644300568 44.0 -19.716594665783447 0.9139061791313523 56912.344 57018.078 12 54 "Covariance may not be accurate."
01299775 37 0.2134905671216875 56940.61755013307 0.00010537909598384022 -0.2379287746846832 0.06674443150272813 1.105421961225539e-05 0.00045562217565020546 2.5380748796044448e-06 0.19655041215767088 0.021746141141403053 25.730151301141102 18.0 -19.69569315137429 1.094600093875279 56920.298 57004.045 4 33 "Minimization exited successfully."
01299785 64 0.37532254098474915 56943.65468437919 1.711505251778267e-05 -0.2748774153651685 0.08400984301510517 0.02833743447376222 0.8099222360615386 8.626385687993121e-07 0.48212252422845303 0.07137668266533334 18.33663245342055 44.0 -19.132300161445528 1.1007021141377322 56920.291 57025.079 13 51 "Minimization exited successfully."
01300516 69 0.31285267503644665 56949.36729367095 2.6681654822480196e-05 0.9014787999101057 0.15200632287691512 0.022355429825460155 0.4749601410694595 6.423140421527019e-07 0.348229952222165 0.041318483176853354 50.28699220716033 46.0 -19.15397736096673 0.8869013512119892 56923.288 57025.093 23 46 "Minimization exited successfully."
01300912 65 0.3420548306929085 56946.392315038844 1.914528047813613e-05 -0.45287874333590006 0.0779520287879853 0.009369739102884467 0.19899325984079042 3.7956559528068423e-07 0.1470322082850195 0.019034997797715725 53.09596591844549 43.0 -19.01736525076988 1.1358846388652815 56920.196 57019.147 20 45 "Minimization exited successfully."
01301933 61 0.310149036203579 56952.646065988905 3.172605276715312e-05 -0.3102180178935501 -0.09842700962478046 3.211871115543774e-06 0.09872392986289924 2.594224891724874e-07 0.08285381210794363 0.007286113314769055 68.51534938602188 40.0 -19.318377831275228 1.118239508559089 56924.193 57025.117 19 42 "Covariance may not be accurate."
01302058 56 0.208298563063483 56959.64993130164 0.00011479328785473642 0.355627551079825 -0.016830685519893918 0.006018057732580101 0.11901981032133335 1.4371740181956527e-06 0.10819215628762491 0.01864559521174497 91.15497915278516 36.0 -19.728678558891488 0.9887350424800303 56935.363 57025.079 12 44 "Minimization exited successfully."
01302141 91 0.5705778404782997 57280.39357775212 7.83317897124769e-06 -1.1424516690668503 0.08514870501998628 0.045561504942703834 1.8413186595134903 4.966271328635249e-07 1.0177405828178892 0.1333017642948658 54.74883939352609 62.0 -19.37179004654774 1.2800018204530623 57248.403 57365.044 28 63 "Minimization exited successfully."
01302187 50 0.21693082310910822 56952.99423980229 5.6963121696207436e-05 -0.8840281652236701 0.0561988544023857 0.014803608286025144 0.2804686757917807 2.2462796961303364e-06 0.31859811265805105 0.04867889998134922 23.240124666068755 29.0 -19.066417516930507 1.2259607899676865 56925.328 57019.148 15 35 "Minimization exited successfully."
01302523 56 0.5129966429469233 57289.4192231289 1.4911132948905449e-05 0.27590386606114947 0.014325805140784575 7.913685997062991e-07 2.051594682943687 8.49579576192583e-07 0.8725452927055974 0.24921521504232685 55.0369895338911 36.0 -19.791569530486104 1.0016436064605152 57265.24 57372.059 12 44 "Covariance may not be accurate."
01302648 57 0.25386381181974477 56948.36684940247 4.4878873412534936e-05 -0.7759325809227984 0.0950546781042329 3.0451228305583555e-07 3.390051642782055e-05 6.852945021104673e-07 0.18652288217661073 0.014971900487561696 36.67156884049027 37.0 -19.194752167842147 1.200373121112456 56925.158 57017.08 13 44 "Minimization exited successfully."
01303004 72 0.2815945840951022 56960.333602084764 4.262014762293487e-05 0.6957129250778409 -0.01911395044851577 0.009388433557744658 0.181532511862315 5.267748589277144e-07 0.13269713322516208 0.014631225124588254 106.09379356884503 48.0 -19.39696231179959 0.9288402458770477 56934.371 57033.047 21 51 "Minimization exited successfully."
01303279 43 0.3234525269852402 56966.99385519807 0.0001684236892902563 0.5566099619297682 -0.2973219500524585 1.0548441425617394e-06 1.9336403056513518e-05 3.854001375253055e-06 0.29769810286855103 0.016530811331556927 69.733952994088 21.0 -21.241342435356927 0.964475408699407 56943.23 57033.169 13 30 "Covariance may not be accurate."
01303496 41 0.18412904554123993 56966.15986997433 8.218162612192993e-05 -0.29807486955271134 0.07660369998812683 0.012997707585111054 0.2770628586622479 2.5467891669558832e-06 0.3180158745516539 0.03988421340934528 40.613227737758564 23.0 -19.06659266861581 1.1056284769313862 56943.178 57032.15 12 29 "Minimization exited successfully."
01303883 73 0.3686265919879217 57287.694002555014 4.972226227178134e-05 0.9395599639324774 -0.15601803987336682 1.0554360563713727e-05 0.0002368107707297895 9.438994182126008e-07 0.19286705305265395 0.01196499214826588 73.0611677479343 48.0 -20.245915103202115 0.8919644325044089 57265.223 57356.127 18 55 "Minimization exited successfully."
01303952 84 0.5455374016947216 57288.73551180274 1.0889848378720091e-05 -0.25591888334215795 -0.15682294800627047 0.0419749239360771 0.6812186836905312 6.556148700764821e-07 0.5201647013217274 0.05757583318995921 63.50817520486517 58.0 -19.612542163057178 1.1107876302939275 57249.279 57373.057 30 54 "Minimization exited successfully."
01304127 83 0.641314078111499 57280.93638225864 6.701411327797447e-06 0.3429428723759349 -0.024799885531282484 0.0293820890791619 1.1165582274334156 3.981563504631967e-07 0.7861547685318016 0.051390385350217185 62.12136904887886 57.0 -19.512098628208296 0.9913826930347298 57249.279 57373.058 24 59 "Minimization exited successfully."
01304442 16 0.1880029182720527 56964.589095205 7.595109571273684e-05 0.1236412306360406 -0.02697299416153076 0.021952234132533652 0.5077632256907236 2.6139836683675144e-06 0.3030090869979414 0.02978301552334843 0.8061420783244597 4.0 -19.031235986858256 1.031495528388902 56943.114 57029.056 8 8 "Minimization exited successfully."
01304678 49 0.2107630786452251 56963.70557062407 5.5235637819062156e-05 -1.3059219352951918 0.0014675997692493725 0.04533442226040224 0.5482706114489702 8.003749508424249e-06 0.5638723168854031 0.17174916920852723 9.070656867988816 28.0 -18.962137561587355 1.324057961654887 56943.23 57033.168 10 39 "Minimization exited successfully."
01305504 60 0.5288949500782892 56974.01587887825 1.0934924808575498e-05 -0.5338596762253833 -0.10771093213599184 0.01914934135556462 0.3167277095672034 1.578909148411415e-07 0.16076015791276355 0.03252392310818546 29.916926947604864 39.0 -19.53483519987875 1.1638216196531772 56943.192 57052.047 20 40 "Minimization exited successfully."
01305626 55 0.31129903916885127 56974.548655936625 3.1140986765887395e-05 -0.38658498752637493 -0.07156333750488164 0.004940351419965405 0.1416229657625081 2.4359861947875896e-07 0.08796215239071237 0.010387681210023814 59.96778312337993 37.0 -19.30722256404464 1.1318479387055547 56949.125 57049.055 15 40 "Minimization exited successfully."
01306029 74 0.4973407757918022 57280.34845119235 1.2502445065334933e-05 1.2883173135618797 0.10807800288223374 2.9811368763066337e-05 0.0006331329132081009 4.1429621984445664e-07 0.5334738772006233 0.04201995580077128 57.097669899108546 49.0 -19.520759673477222 0.8242549133386277 57248.388 57355.217 23 51 "Covariance may not be accurate."
01306073 56 0.3353399606254049 56972.27404850866 2.2605762285807242e-05 -1.3208234678137067 -0.014856137810953907 6.114257430134273e-06 0.00021468436170835048 3.883061040432786e-07 0.16027171180189104 0.01784182479415719 8.73465071230438 37.0 -19.146666812292803 1.3289029340245477 56949.124 57049.056 12 44 "Minimization exited successfully."
01306141 65 0.3385120300158781 56977.38413814347 3.246583018447213e-05 -0.20091261421568074 -0.0665315956595092 0.011679080871542458 0.32376557146562845 6.293341481486414e-07 0.22394265772464972 0.02539324868040338 29.672469905192763 44.0 -19.564340668793534 1.095030300864419 56949.337 57051.151 15 50 "Minimization exited successfully."
01306360 76 0.5630040906321129 57279.74473712045 1.1836647559534952e-05 -0.567785358705966 -0.08152018646057471 0.037581197748129014 1.4413025032336009 7.3529130950184e-07 0.8215314081946542 0.07012164671345993 31.01532059108083 50.0 -19.784949002333256 1.16914866535258 57249.423 57355.245 19 57 "Minimization exited successfully."
01306390 68 0.48341089760564576 57281.05761652582 9.038358213422916e-06 0.07317631086273968 0.1572302238126449 0.00011058256513063469 0.9095484956778819 3.0074655647666127e-07 0.5097741345412921 0.04962521861442554 9.79325992673163 46.0 -19.093995272253764 1.031264391332865 57253.401 57355.23 12 56 "Covariance may not be accurate."
01306537 76 0.5357779320745164 57288.398141710495 1.4627724720145397e-05 0.8717039156070996 -0.135685978144497 7.775083831762508e-07 1.879463525256142e-05 5.38734210456249e-07 0.3987752809970133 0.02186046786989848 50.7413063749969 51.0 -19.886047259721703 0.9029047528721392 57265.363 57372.241 15 61 "Covariance may not be accurate."
01306626 73 0.41428007303489167 57284.78280827541 1.9686848105415768e-05 0.37169963330138955 -0.06788357474148485 0.015514055453459963 0.42310489758529 7.265027188965722e-07 0.42361893026814856 0.03330005954832413 43.04306742780195 48.0 -19.538096396035147 0.9881634909931023 57255.41 57355.245 16 57 "Minimization exited successfully."
01306785 42 0.5819058661184924 57284.34357067474 8.554203946684048e-06 -0.8248137096942783 -0.03874458055258562 0.05767038636221605 1.5534786151838489 9.62389611965098e-07 1.4168848138564454 0.10921677012698104 12.962249099346053 25.0 -19.519045087988417 1.220134129313454 57248.419 57311.114 22 20 "Minimization exited successfully."
01306980 86 0.5455330162114944 57282.65908074333 8.316078870340693e-06 -1.3325045757448808 0.09487204192632764 0.028319265640258495 1.2362619154700951 7.433301297127266e-07 0.9331668266171369 0.09154151021727888 53.853878213482616 57.0 -19.31855085880882 1.3222008493278636 57252.229 57372.039 24 62 "Minimization exited successfully."
01306991 72 0.43314926454687575 57287.47955162351 1.8194247743677507e-05 -0.40772883883491495 -0.03415871279481486 0.0286075771736177 0.7087632518559985 1.7037811144454677e-06 0.8077950657288159 0.0795621990997532 29.813957386767314 47.0 -19.566821396964478 1.1338290295546685 57265.209 57365.044 17 55 "Minimization exited successfully."
01307277 70 0.32078103183695633 57282.89692983783 1.1498795771869297e-05 -0.8408748294780741 0.21751827374875105 0.035412904655419464 1.1111395311454544 1.0696432692483552e-06 0.93906795292379 0.08096682878290107 26.87924266183701 46.0 -18.30331344017111 1.2049290091538296 57256.292 57365.115 15 55 "Minimization exited successfully."
01307830 59 0.3373647373522691 57286.03163642268 1.901872082873124e-05 -1.925934103144457 -0.06607041188096738 0.008672772095671355 0.2124621514158207 3.4632310321469493e-07 0.20040811172171513 0.021031206167302405 34.08172066921351 39.0 -18.97423773457067 1.4846795309178802 57257.281 57365.196 11 48 "Minimization exited successfully."
01308314 74 0.41522762559893456 56977.561013260696 1.6750383130714753e-05 -0.3592416029153913 -0.06840570467486382 0.016088329068455975 0.4002568224350398 3.896084764393182e-07 0.27697289317981366 0.03737832663466692 52.63142977640015 50.0 -19.368116214099985 1.1262178313454285 56943.178 57051.151 24 50 "Minimization exited successfully."
