analysis_pipeline/fit_results/des_5_sn91bg_salt2_phase_red.ecsv
# %ECSV 0.9
# ---
# datatype:
# - {name: obj_id, datatype: string}
# - {name: num_points, datatype: int64}
# - {name: z, datatype: float64}
# - {name: t0, datatype: float64}
# - {name: x0, datatype: float64}
# - {name: x1, datatype: float64}
# - {name: c, datatype: float64}
# - {name: z_err, datatype: float64}
# - {name: t0_err, datatype: float64}
# - {name: x0_err, datatype: float64}
# - {name: x1_err, datatype: float64}
# - {name: c_err, datatype: float64}
# - {name: chi, datatype: float64}
# - {name: dof, datatype: float64}
# - {name: b_max, datatype: float64}
# - {name: delta_15, datatype: float64}
# - {name: tmin, datatype: float64}
# - {name: tmax, datatype: float64}
# - {name: pre_max, datatype: int64}
# - {name: post_max, datatype: int64}
# - {name: message, datatype: string}
# schema: astropy-2.0
obj_id num_points z t0 x0 x1 c z_err t0_err x0_err x1_err c_err chi dof b_max delta_15 tmin tmax pre_max post_max message
[from data line 155]
01335472 15 0.7647844508168434 57296.0557504001 3.885780586188048e-17 1.2114247185671636 0.08014691285216347 0.0023050502688761187 0.030040134850423783 0.0 0.006924883522475556 0.13610896110900686 464.7887959258596 6.0 -20.330002757596045 1.4819115967115444 57311.027 57403.05 0 15 "Covariance may not be accurate."
01335564 14 0.23971187204131827 57322.300665044015 5.551115123125783e-18 1.2496658546390056 0.0006010351996411645 0.46795349121638896 30.133172069610737 0.031813577392434865 0.3753691821839587 0.6250981522174925 165.12254925827278 4.0 -15.357439638860548 1.4565876664727213 57311.287 57427.065 3 11 "Covariance may not be accurate."
01335694 20 0.4731662386287087 57342.51473705887 1.1102230246251566e-17 0.6759033316375905 0.028869338202002492 0.5536468561307943 29.52495322304094 0.030816299693307417 0.3122439138461897 0.5378413607998471 7203.436024889919 13.0 -17.788164046797387 2.197792712341748 57325.216 57408.058 8 12 "Covariance may not be accurate."
01335717 25 0.4830215879284854 57341.46455897054 4.9960036108132046e-17 1.1982727617212925 0.4142117671992769 0.5793266194047988 31.83446434569487 0.03376368348510172 0.42791980796896306 0.7049600473426503 11379.379761348013 20.0 -18.73688429524482 1.4911928430798866 57327.096 57406.115 6 19 "Covariance may not be accurate."
01335718 0 nan nan nan nan nan nan nan nan nan nan nan nan nan nan nan nan 0 0 "Empty table passed to fit_lc."
01335868 16 0.5330882923991596 57339.82479965293 2.7755575615628915e-18 0.7063884505077055 0.3528178398270585 0.0032524068192671396 0.0859702087509504 0.0 0.0035953799864062996 0.0009433414037797183 349.60255153140326 10.0 -15.976819389365104 2.1282275299935556 57315.236 57425.154 6 10 "Covariance may not be accurate."
01336008 13 0.3940452260942858 57310.01019585963 8.326672684688675e-18 0.6501406354476839 6.918364657215736e-05 0.5429896194174674 26.23127255194413 0.032840497983819876 0.38978045868170114 0.6184081525748589 741.8765350668989 4.0 -17.048985848892723 2.2603009829945115 57325.017 57403.052 0 13 "Covariance may not be accurate."
01336009 13 0.38951693205015736 57310.61058329227 2.7755575615628915e-18 0.6500000254956926 0.061056972802640885 0.5398537873306579 27.61829349855543 0.0379500353410855 0.4553386747034555 0.7016295125472881 450.6644694676267 4.0 -15.725936204798025 2.2606558193684236 57325.016 57403.052 0 13 "Covariance may not be accurate."
01336453 20 0.7619149785143625 57314.16910107651 4.274358644806853e-16 0.7341720975809959 0.5048250204167987 0.5598135466276509 28.807711166671652 0.036049135669197915 0.3080923071959625 0.7504312157505336 7807.903979972009 13.0 -22.071842784311663 2.068850014275725 57329.173 57403.103 0 20 "Covariance may not be accurate."
01336480 21 0.5779557693843017 57316.85499017155 1.6098233857064772e-16 0.6500000001537642 0.49955375637460936 0.5760032205428165 0.3327121990296291 9.714451465470122e-18 1.202749091877564e-06 0.00014631524078584368 1191.3521381968258 12.0 -20.285511970216817 2.2606710620919017 57325.115 57403.103 0 21 "Covariance may not be accurate."
01336687 22 0.47081378794277495 57312.07262218112 8.881784197001253e-17 0.9699012405721714 0.06645539713042825 0.5549192832786616 24.530141923645715 0.03099665893386079 0.4325919841748185 0.7044452791286955 5701.8556054894725 11.0 -19.969305866386065 1.7056145969038141 57327.067 57403.064 0 22 "Covariance may not be accurate."
01337117 12 0.338904129190227 57314.068199838905 1.1102230246251566e-17 1.1997183375683351 0.21980808440451816 0.5186758767854586 26.543820805960422 0.03246962116303957 0.4507112204667226 0.6098317223206532 556.7085448084734 3.0 -16.55983249997208 1.4901516222041735 57329.035 57403.051 0 12 "Covariance may not be accurate."
01337221 0 nan nan nan nan nan nan nan nan nan nan nan nan nan nan nan nan 0 0 "Empty table passed to fit_lc."
01337228 14 0.4598568060778188 57310.039635045825 1.3877787807814457e-17 0.6838869273104277 0.03444870793432098 0.5583796163118004 25.712835276710393 0.03169518250177768 0.30993443357657696 0.6837398699168519 129.28873828399375 5.0 -17.94701643549205 2.179167940741742 57325.03 57407.048 0 14 "Covariance may not be accurate."
01337272 12 0.3778539951951438 57349.51368354284 1.665334536937735e-17 0.650000967626664 0.09381943903101808 0.575599518491715 27.124497457025427 0.03151964621581483 0.3779036356600792 0.7160373238487695 187.31465031701862 6.0 -17.53528401485401 2.260654582017338 57325.075 57427.057 4 8 "Covariance may not be accurate."
01337325 12 0.21444231575629247 57333.94694686668 2.7755575615628915e-18 0.6500000000075403 0.43636118462647144 0.4009724317961164 31.88112999501027 0.03858747703643653 0.46305007972411344 0.6940296516499954 202.7725411682516 4.0 -13.50121430708965 2.260668856133421 57325.075 57427.057 2 10 "Covariance may not be accurate."
01337649 18 0.28766153897672514 57345.79986566275 1.332267629550188e-16 0.6511832829433468 0.45465618197247853 0.003438791453343776 0.0746745181568258 0.0 0.001479685633661576 0.00048677468101643306 6984.924797909863 13.0 -18.390216111635315 2.257703108647572 57339.167 57408.057 4 14 "Covariance may not be accurate."
01337655 0 nan nan nan nan nan nan nan nan nan nan nan nan nan nan nan nan 0 0 "Empty table passed to fit_lc."
01337687 23 0.29248546536993164 57345.74068589533 1.3877787807814457e-16 0.6500531239883581 0.460252425690372 0.0018848594415059872 0.062127343440806726 0.0 0.00015605924634348733 0.0003775531080759953 6289.724393086471 16.0 -18.463567389698074 2.260536226411837 57339.3 57425.154 4 19 "Covariance may not be accurate."
01337703 14 0.2557560280485005 57340.26002088706 5.551115123125783e-18 0.6822022956477203 0.005937392290819299 0.47327917085662374 31.471176123108307 0.0332790095619523 0.4523233618362388 0.5812367420082539 217.03657856015124 6.0 -15.509087297889565 2.1830719302500263 57325.127 57425.154 4 10 "Covariance may not be accurate."
01337838 21 0.46421074372099375 57324.51630773799 6.66133814775094e-17 1.2193722494837695 0.4687342980142125 0.571567733878085 24.854694286397716 0.033486021271227906 0.3063546445679712 0.725683572691954 6482.759783394989 12.0 -18.826777487480967 1.4764868350506681 57339.153 57427.068 0 21 "Covariance may not be accurate."
01338128 22 0.48434942932072245 57352.76016123814 4.718447854656916e-17 1.1163117819390889 0.4458847905484579 0.5556666379488089 29.605358388158493 0.030780454004759646 0.3668229072074854 0.6970550608717232 1847.591488038282 17.0 -18.614441046188446 1.557116160838504 57339.023 57407.048 4 18 "Covariance may not be accurate."
01338170 11 0.24179855786317217 57347.68159150637 0.0 0.8972210789918603 0.5000534923114511 0.0 0.0 0.0 0.0 0.0 0.0 -5.0 inf nan 57339.026 57407.048 2 9 "Hesse Failed. Covariance may not be accurate. Covariance not positive definite."
01338233 13 0.4462478518419861 57305.423484070045 2.7755575615628915e-18 1.1664597514018575 0.015653841616029562 0.5604402878727477 22.637839049297327 0.03256553640342952 0.32991666245480616 0.5590997611908866 40.887629760592375 3.0 -16.15234937023453 1.5151149782758502 57319.283 57427.057 0 13 "Covariance may not be accurate."
01338266 0 nan nan nan nan nan nan nan nan nan nan nan nan nan nan nan nan 0 0 "Empty table passed to fit_lc."
01338278 10 0.23953546005924103 57346.8236679068 0.0 0.8649953889766273 0.5000890244881093 0.0 0.0 0.0 0.0 0.0 0.0 -5.0 inf nan 57339.04 57427.057 2 8 "Hesse Failed. Covariance may not be accurate. Covariance not positive definite."
01338387 10 0.3309667655177575 57318.1214873084 4.163336342344337e-17 0.7770513822102021 0.9210435535458691 0.0015168263871216392 0.0717014152687625 0.0 0.0014652218896752944 0.044699395818911636 363.4312086671338 1.0 -16.5748982890509 1.986033880692176 57329.175 57403.104 0 10 "Covariance may not be accurate."
01338430 9 0.7487181522334619 57324.12216814156 5.828670879282072e-17 0.6500021815148047 0.4186161407840995 0.5631912508624946 24.40571646999888 0.030746573657972186 0.36851648268270215 0.6888673606307172 388.38790537279584 4.0 -20.05397869270173 2.2606628546627867 57339.124 57403.104 0 9 "Covariance may not be accurate."
01338471 12 0.4476518319546631 57304.13523521801 8.326672684688675e-18 0.8697293531928022 0.0025152831571558787 0.5684219195343085 27.176500116082025 0.03410487335292405 0.46833177037167417 0.5932720602402723 77.37864723609489 3.0 -17.37426519050454 1.8373799222696867 57319.139 57403.104 0 12 "Covariance may not be accurate."
01338675 8 0.6574486967747316 57324.40143067389 1.1102230246251566e-17 0.6555168351016786 0.5007222214267407 0.5732089792590745 23.127446540605888 0.03102292620689952 0.3464558189040394 0.7139939450461359 1585.2519803882994 3.0 -17.721240767235283 2.246926592612912 57339.073 57402.062 0 8 "Covariance may not be accurate."
01339002 19 0.463231745956231 57330.08312505925 4.163336342344337e-17 1.222387850671018 0.5106981968496955 0.0007510977961231458 0.002850612367183203 0.0 0.39710749345274915 0.00033848999439062277 546.418335143527 12.0 -18.219366169031495 1.4744538716729885 57345.071 57427.068 0 19 "Covariance may not be accurate."
01339149 9 0.4278278168713173 57351.0877638579 5.551115123125783e-18 0.6500040944745925 0.00039246357381644836 0.5428800904848661 28.223059719133744 0.030861408126059687 0.3709999822836165 0.6065009949980585 247.54860909549384 3.0 -16.820129838468542 2.260643795334115 57346.032 57427.065 1 8 "Covariance may not be accurate."
01339392 19 0.4563713026613943 57330.33101655155 1.4988010832439614e-16 1.1589021196053109 0.35255627899574293 0.0006193594128073021 4.191859261482023e-05 1.3877787807814407e-18 0.0003524600643111109 0.7782277819452839 937.0783227226167 10.0 -19.902526082725686 1.521124099633635 57345.333 57426.147 0 19 "Covariance may not be accurate."
01339450 13 0.26886813611576527 57332.01205756007 0.0 1.2499726697353122 0.519264961038947 0.0 0.0 0.0 0.0 0.0 0.0 -5.0 inf nan 57339.288 57426.145 0 13 "Hesse Failed. Covariance may not be accurate. Covariance not positive definite."
01340454 10 0.5628695976865928 57330.31948920773 9.992007221626409e-17 0.6518225259287839 0.45997156647157245 0.5680409911442916 24.366785874706693 0.030747174806888395 0.3546954544838421 0.7005027451221685 707.9694678104422 4.0 -19.791519752308492 2.2561050371529525 57345.319 57425.153 0 10 "Covariance may not be accurate."
01341370 8 0.47925677684502094 57371.97418797303 2.7755575615628915e-18 0.737528357350774 0.24960919103190043 0.0011404582846367417 0.30482257023322745 0.0 0.0008619776248285915 0.2830617260776974 468.6031188285187 2.0 -15.874682945779309 2.0619705502049754 57347.083 57403.052 3 5 "Covariance may not be accurate."
01341894 14 0.4799192604386736 57375.63295442405 5.551115123125783e-18 0.6505065573618426 0.0011779255732478622 0.5557917319517351 29.45915541429349 0.030881244826953237 0.3630643032839436 0.600222357128998 867.4012133485621 9.0 -17.11709722992866 2.2593829978368483 57365.056 57427.057 4 10 "Covariance may not be accurate."
01342255 12 0.2957657423244059 57383.095830346865 1.1934897514720432e-16 0.6501327134819457 0.41470635566796604 0.4963483220376518 29.384200033491652 0.030746232337117298 0.3652193171317763 0.6876797467323594 8443.237428253302 7.0 -18.426371566367106 2.2603350156824256 57365.112 57403.103 4 8 "Covariance may not be accurate."
01343208 10 0.39437229956683306 57341.69329685251 2.7755575615628915e-18 0.6500000006822516 0.00045382925927894835 0.5409482885169223 22.013490929708496 0.032275807544231004 0.38731891834055376 0.6237813345213215 950.735420776795 4.0 -15.857707033949026 2.260654077119945 57355.251 57426.068 0 10 "Covariance may not be accurate."
01343337 8 0.4602990598332134 57358.02758236874 4.718447854656916e-17 1.2424417956096925 0.37579695045782324 0.5504182229406821 22.07421810854794 0.030786098346039015 0.33946157773991575 0.6752261264582546 326.2187164482457 3.0 -18.62604853188224 1.461247217572808 57372.229 57426.145 0 8 "Covariance may not be accurate."
01343401 6 0.400807573945401 57383.01003497053 7.771561172376097e-17 1.1694663342760356 0.9999966293150929 0.0008612178550140293 0.0692456712895364 1.387778780781447e-18 0.0007350128831222769 0.006788041637785791 218.45561403560842 1.0 -17.561609910491757 1.5127720757136736 57372.053 57427.057 2 4 "Covariance may not be accurate."
01343533 8 0.4751856223171726 57389.812878338824 2.7755575615628915e-18 0.6500000000000761 3.6028932615117526e-08 0.5586627950293004 23.676381055815 0.03128065513035774 0.3753680312856847 0.6148447645505367 62.13428926866331 2.0 -16.340552084882624 2.260654066517354 57365.044 57407.048 5 3 "Covariance may not be accurate."
01343759 8 0.4688235218023563 57376.3834327709 5.551115123125783e-18 1.2022962869778828 0.13934409385294244 0.5674364482523728 30.621811637607607 0.032570143001394526 0.45097654185838604 0.5628065021237394 2959.461547571751 3.0 -16.812866901723172 1.488310126569754 57365.133 57426.068 2 6 "Covariance may not be accurate."
01343871 7 0.11824544699882004 57377.669324148716 3.053113317719181e-17 1.1072843782905557 0.014415809108571265 0.0012226570647555016 0.1325487053472898 0.0 0.004104150879886581 0.07019752698162096 186.6680337157027 1.0 -15.490524429547293 1.5651877229585764 57355.231 57408.057 3 4 "Covariance may not be accurate."
01344692 7 0.5556933411930705 57351.39099549394 3.053113317719181e-17 0.6500000510089665 0.8890875976923869 0.0021261882447380365 0.01730216946452856 1.387778780781447e-18 3.025238425657939e-06 0.8717836138071423 64.02642653117239 2.0 -17.64201602346026 2.260670152959552 57366.061 57427.065 0 7 "Covariance may not be accurate."
01345553 12 0.48721435803109137 57393.62630847131 2.7755575615628915e-18 0.6500001031749308 0.030902471521757735 0.5784641267085717 30.85404956876664 0.0334002247314827 0.40068515474158567 0.5350119333463215 1387.3800011605483 5.0 -16.355926389342905 2.2606546848813664 57372.051 57427.057 6 6 "Covariance may not be accurate."
01345582 7 0.6350180615898755 57384.15603741583 3.053113317719181e-17 0.6500004840266922 0.4875710909329318 0.4938329250714695 29.70258930923592 0.03129106771174499 0.37572728208220724 0.7137838581483356 252.67536813922248 1.0 -18.758797005220604 2.260669381190972 57365.058 57427.057 3 4 "Covariance may not be accurate."
01345594 6 0.23344897587645286 57381.28541136884 1.1102230246251566e-17 0.7173124440415067 0.00014208407622146035 0.46574387777365234 29.468215094835614 0.031161717540756674 0.43895709230204283 0.6098772029987342 69.01255491517807 1.0 -16.045553958053418 2.104357663790772 57372.053 57427.057 2 4 "Covariance may not be accurate."
01346137 7 0.4014855452450701 57360.98983376394 3.608224830031759e-17 0.6597412913402564 0.3435606283556645 0.0014544409469371689 0.06659685435079155 1.3877787807814438e-18 0.000314946086723944 0.8253317491511291 183.52218567719686 2.0 -18.0417820932789 2.2365381959668653 57375.053 57425.153 0 7 "Covariance may not be accurate."
01346387 7 0.45377913312111773 57357.485151980356 1.665334536937735e-17 1.227581056290338 0.00015988332490290968 0.5515448608507072 23.157615355314192 0.031076037807262508 0.41627164674827893 0.6202074519582764 3485.0993504355956 2.0 -18.16583016703877 1.470970312253968 57372.178 57426.068 0 7 "Covariance may not be accurate."
01346956 5 0.39629131213159735 57372.185423021794 8.326672684688675e-18 0.6528512212981694 0.07830832517032105 0.5480475081403474 28.242518186278176 0.034973343479856006 0.39833725038613693 0.7099587763145911 989.3650624367821 0.0 -16.932771665129007 2.2535262100401 57387.186 57426.145 0 5 "Covariance may not be accurate."
01346966 7 0.38512885669236846 57398.83771200672 4.9960036108132046e-17 0.8902468849383102 0.44207256690612884 0.0011971250676623135 0.13068846165333525 0.0 0.02669960242419661 0.0005932175827656205 448.00507558357015 2.0 -18.09209661502277 1.808206162459193 57376.062 57426.145 4 3 "Covariance may not be accurate."
