analysis_pipeline/fit_results/des_5_salt2_2.4_all.ecsv
# %ECSV 0.9
# ---
# datatype:
# - {name: obj_id, datatype: string}
# - {name: num_points, datatype: int64}
# - {name: z, datatype: float64}
# - {name: t0, datatype: float64}
# - {name: x0, datatype: float64}
# - {name: x1, datatype: float64}
# - {name: c, datatype: float64}
# - {name: z_err, datatype: float64}
# - {name: t0_err, datatype: float64}
# - {name: x0_err, datatype: float64}
# - {name: x1_err, datatype: float64}
# - {name: c_err, datatype: float64}
# - {name: chi, datatype: float64}
# - {name: dof, datatype: float64}
# - {name: b_max, datatype: float64}
# - {name: delta_15, datatype: float64}
# - {name: tmin, datatype: float64}
# - {name: tmax, datatype: float64}
# - {name: pre_max, datatype: int64}
# - {name: post_max, datatype: int64}
# - {name: message, datatype: string}
# schema: astropy-2.0
obj_id num_points z t0 x0 x1 c z_err t0_err x0_err x1_err c_err chi dof b_max delta_15 tmin tmax pre_max post_max message
[from data line 48]
01294743 47 0.3319827429448717 56912.50526274769 1.6051264696134717e-05 -0.3076307929691926 0.19603734432001857 0.028009694206336616 0.5201428291693446 9.048816225792893e-07 0.5370237804829758 0.06088356658497182 37.31288056261501 28.0 -18.75205573799279 1.1002163438647656 56890.285 56980.127 7 40 "Minimization exited successfully."
01295027 71 0.4639375841579263 56910.446468886534 1.5088077207314755e-05 -0.535567590995893 -0.03005685801100405 0.0357322517280082 0.7343246034506592 9.733748138007763e-07 0.47236438668898595 0.060455302359977384 25.827821204600106 47.0 -19.541565641407466 1.1593115626877832 56887.268 56992.069 12 59 "Minimization exited successfully."
01295256 60 0.46282843966879245 56928.16444878754 1.4963407396301199e-05 0.3871759284215255 -0.03682968617965615 2.809372650236508e-06 0.00019145932310493663 4.0548231211301534e-07 0.4172791698673164 0.019903596657767947 52.80059902537505 38.0 -19.526959633638825 0.983982822540657 56904.295 57012.089 14 46 "Covariance may not be accurate."
01295305 63 0.6248001071012842 56915.284957583084 6.9292523010022755e-06 0.3541113683682564 -0.004749037070611084 0.021881806618530786 0.39214251677913126 2.1229696280239373e-07 0.37431779755811867 0.03402457175451992 46.268694457311376 40.0 -19.479172522947025 0.988451330888509 56890.285 57005.143 10 53 "Minimization exited successfully."
01295921 54 0.48662226578999973 56912.885150896305 7.863134524049853e-06 0.49930985449543597 0.1291118071332782 0.0003587362435571728 1.1546268000856799 9.346609811708427e-07 1.225395152226231 0.09921098570433076 36.6487219987372 36.0 -18.959905331837785 0.9566360215379532 56890.386 56990.201 8 46 "Minimization exited successfully."
01296273 63 0.35216300885602636 56925.78200217015 2.7660265830067868e-05 -0.3754448818901448 -0.09467144109342202 0.010240539266240689 0.504710470122518 5.413907029461214e-07 0.3115194112043296 0.023316152127807105 72.27803033745434 42.0 -19.49095054747799 1.130986039041865 56903.383 57003.049 12 51 "Minimization exited successfully."
01296321 51 0.1943103870933483 56930.469800316154 5.434794998345205e-05 0.581217966861971 0.09413550804931681 8.699723124727665e-06 0.00016000686446204782 7.952020934537389e-07 0.19276111887554825 0.012934434451895266 35.606367540578 33.0 -18.74857476877906 0.9439411538750306 56915.265 56990.188 12 39 "Covariance may not be accurate."
01296657 32 0.14385451915957448 56923.570049372924 0.00014819447464551052 0.674813426810184 0.03427685999343133 0.014060307390925703 0.24107975417427951 7.3775806438747314e-06 0.3123320018738309 0.03162963513780506 37.26635066093983 13.0 -19.11665969070941 0.9302721246702212 56904.221 56987.079 9 23 "Minimization exited successfully."
01297026 56 0.23747673846394507 56928.236999866254 4.315277588109734e-05 -0.7351487435295745 0.01221227033541017 2.1751522316315608e-05 0.06392678724296275 6.090067803665722e-07 0.19699936185250166 0.014381076742331356 39.84343587073539 35.0 -18.98689274752508 1.1976582168777021 56903.237 57001.099 13 43 "Minimization exited successfully."
01297465 62 0.2156868052771284 56937.25799999806 3.221922479366146e-05 0.5843160670821774 0.17632461407863864 0.006079318801733513 0.0035453779746603686 6.182263229029268e-07 0.10045403376512496 0.021452117555680883 519.0641806968619 41.0 -18.436125217840953 0.9397797792736391 56912.258 57008.065 21 41 "Minimization exited successfully."
01298281 58 0.23889917102444413 56930.66708977248 3.762180788671188e-05 -1.5243231305714562 0.07928384230194385 0.021198509301685375 0.24966601012056344 6.771947311148836e-07 0.2037973509845864 0.04270617278588351 49.44431000790708 38.0 -18.852666342123374 1.3686760551046397 56915.265 57003.049 12 46 "Minimization exited successfully."
01298893 22 0.15784322694644592 56936.001458481376 6.58572821063963e-05 -2.6565284169283676 0.0016283187146185485 0.023790592693872653 1.0461019937683886 8.173135983824412e-06 0.5573823798428241 0.1158004481408694 3.009024853178472 7.0 -18.455018635861787 1.6905311951908253 56915.299 56992.068 7 15 "Minimization exited successfully."
01299643 66 0.1365214442190082 56937.34399998806 2.616302459255704e-05 -1.0066211912049896 0.2999999945378195 0.007113616588744182 0.0219476843776647 5.23156144975613e-07 0.16437941078977125 0.008761080441390678 204.77752049472423 44.0 -17.113663782923 1.2331866689115074 56912.344 57018.078 12 54 "Minimization exited successfully."
01299775 37 0.1336781676592907 56940.05795642002 9.961133641299137e-05 -0.38002583590438466 0.22089054432030902 0.015053846889087966 0.2999429220726597 3.3114315476673277e-06 0.19493096066194449 0.03215258095694512 33.149291561182345 18.0 -18.513638213340144 1.1125702528462362 56920.298 57004.045 4 33 "Minimization exited successfully."
01299785 64 0.37526023328101615 56943.65032936906 1.7120229128925193e-05 -0.27779002355968485 0.08352267482104198 0.03254339322392963 0.8505753421377449 8.634706869584119e-07 0.4940658376303433 0.07862449953712475 18.34616046012812 44.0 -19.132197606139 1.1012931817990754 56920.291 57025.079 13 51 "Minimization exited successfully."
01300516 69 0.2867337331050548 56948.28799993236 2.6580629814604298e-05 0.658436134705525 0.1870442277706384 0.009703481087614985 0.05664081173017621 5.515772987810249e-07 0.25073123808106845 0.02161285760828477 77.89171226553415 46.0 -18.931428796155146 0.9265962452025036 56923.288 57025.093 19 50 "Minimization exited successfully."
01300912 65 0.3106911233877248 56945.195999999996 1.9015423479812334e-05 -0.7365178038791553 0.10720675067315077 0.007044506542056961 0.017616650944546564 3.82564389497796e-07 0.1344838824697978 0.019003660118157018 122.46054664166216 43.0 -18.766980916057783 1.1913346602179828 56920.196 57019.147 20 45 "Minimization exited successfully."
01301933 61 0.2585784762750574 56949.19299999806 3.334519394360691e-05 -0.25907171507265847 -0.10071410670497785 4.599140612127073e-06 0.0017656665477261413 2.9577745922493496e-07 0.07826279018368876 0.007623218395981346 1051.4888172774756 40.0 -18.918059694028294 1.1082887013594913 56924.193 57025.117 19 42 "Minimization exited successfully."
01302058 56 0.20818355079488127 56959.648595720675 0.00011482167970696678 0.3565137670313443 -0.017028792112147584 0.006194514205806301 0.11951335716003086 1.4490390747398622e-06 0.10820938691607451 0.019030768382883673 91.05651860659214 36.0 -19.72760202444872 0.9885849397102042 56935.363 57025.079 12 44 "Minimization exited successfully."
01302141 91 0.41275573544756816 57273.40299995325 7.857651162981872e-06 -2.7453201082806737 0.12979171843636206 3.3484455200183394e-05 0.13116630418153363 5.535045429522213e-07 0.4946254140797923 0.0854256758560889 74.82044136607374 62.0 -18.530598927917254 1.700968186468934 57248.403 57365.044 24 67 "Covariance may not be accurate."
01302187 50 0.24017697605037275 56950.327999991445 5.3367677934976215e-05 -1.7175382546697082 0.03809133508364426 0.026545810999280384 0.017021188887156313 1.8039678121709056e-06 0.30301270061363383 0.055259859237850345 107.4495614059084 29.0 -19.24504703818696 1.4200485537340057 56925.328 57019.148 15 35 "Minimization exited successfully."
01302523 56 0.4512973055083088 57288.88349985072 1.4938150943008545e-05 0.4319837432404805 0.04578834569253826 0.012639717864290939 0.32664756150188623 4.054996957270084e-07 0.30614129984389993 0.024799457484307758 64.8312263989134 36.0 -19.45971564367252 0.9722551166845008 57265.24 57372.059 12 44 "Minimization exited successfully."
01302648 57 0.2129390667765766 56948.15630584198 4.3635116498136345e-05 -0.7695401351212641 0.188554336890203 0.012667615730676679 0.24518035823712125 1.2324035406671714e-06 0.19825534775815523 0.040912483264776256 71.94225667335948 37.0 -18.733477610027546 1.1923295274303207 56925.158 57017.08 13 44 "Minimization exited successfully."
01303004 72 0.25209660451385923 56959.370999918574 4.3464875935012026e-05 0.665211997705105 0.016947862901744548 0.009452211182217257 0.01343714807080687 4.943458329964588e-07 0.12953708482924853 0.0176751649307319 139.05643765445362 48.0 -19.143150302393188 0.9326523951309582 56934.371 57033.047 17 55 "Minimization exited successfully."
01303279 43 0.17920698804652313 56965.824264405004 0.00018645122686120898 0.9990507103412436 -0.06556832749303518 0.011622694520874027 0.26295223349006847 5.27413168695674e-06 0.323949795743127 0.032978470414954705 103.30893222003071 21.0 -19.891560633789794 0.8785967335465301 56943.23 57033.169 9 34 "Minimization exited successfully."
01303496 41 0.18411791679123934 56966.158361936505 8.222074597553087e-05 -0.2987752000851316 0.07619725700890334 0.011732704572913505 0.2742876832890033 2.4893656482991036e-06 0.3176221264689061 0.03702811559884209 40.60452492478076 23.0 -19.066959586634376 1.1057884604472932 56943.178 57032.15 12 29 "Minimization exited successfully."
01303883 73 0.25977376982173644 57286.327462153444 5.18813326997547e-05 0.5043377851983926 -0.02401515841340579 0.014103888093823208 0.17540649751390447 9.88955549253992e-07 0.19507313604774779 0.024856250974843425 101.57661472858899 48.0 -19.409527798743333 0.9625524615786993 57265.223 57356.127 14 59 "Minimization exited successfully."
01303952 84 0.2568610105298291 57274.27899865726 7.133878724932541e-06 1.9999990629394535 0.2510781733603333 0.015142966792428991 0.06376978570551728 4.1425431225178294e-07 0.07632761999963833 0.061353415878736245 238.3134603389466 58.0 -17.232523732739036 0.703719992076028 57249.279 57373.057 20 64 "Minimization exited successfully."
01304127 83 0.4454123682643469 57274.27899751104 6.847276083496445e-06 -1.9432322377756028 0.11876800311899455 0.01834848850950921 0.1962228293705266 3.514910257601535e-07 0.6089853842405109 0.0690697450324339 75.13787211078322 57.0 -18.578111027112413 1.4695436075728985 57249.279 57373.058 20 63 "Minimization exited successfully."
01304442 16 0.26275589799538696 56965.28165402442 7.700108830236419e-05 0.018817997493752348 -0.12552915240353593 0.11565721199871039 0.8602697577152867 2.7841148904361734e-06 0.4379811828907514 0.10075760342159909 0.9583540058218624 4.0 -19.866947477544162 1.056042613267337 56943.114 57029.056 8 8 "Covariance may not be accurate. Covariance not positive definite. Covariance forced positive definite."
01304678 49 0.21080568323062276 56963.704878690056 5.5271957423891355e-05 -1.3065932195207441 0.0006728474516930483 0.044966848982550045 0.5479500943474704 7.940368583622684e-06 0.5635256714176249 0.1703122284232652 9.07211650982657 28.0 -18.963343311980466 1.3242807989483723 56943.23 57033.168 10 39 "Minimization exited successfully."
01305504 60 0.21477076515764365 56968.19199999716 1.2053789198113174e-05 -2.1193738996959635 0.2999999973708373 0.003945663613269229 0.00909624554333277 1.500951630067915e-07 0.13129221489431542 0.0027985466806621506 348.840184153629 39.0 -17.35993187126015 1.496127628093383 56943.192 57052.047 16 44 "Minimization exited successfully."
01305626 55 0.2983268170107624 56974.124999985885 3.1391749547993177e-05 -0.5073753478897332 -0.05635200012865621 3.414702161641525e-06 0.03244418605027022 2.1652385269188624e-07 0.07816976762502192 0.007065602719751901 66.28818551519537 37.0 -19.208758934789547 1.1552335010827868 56949.125 57049.055 15 40 "Minimization exited successfully."
01306029 74 0.3476403422278599 57273.38799999749 1.3617288853887134e-05 0.21060565395528963 0.18728100866890096 0.014470722180962126 0.05427033182422747 6.619649297281984e-07 0.4339020069616808 0.04712500290658608 125.02327422848255 49.0 -18.690574175861048 1.004840095543532 57248.388 57355.217 16 58 "Minimization exited successfully."
01306073 56 0.3299745881309029 56972.20632282098 2.251397263992039e-05 -1.3323405292190997 -0.004335645074125483 0.012269272736403158 0.2980748056615994 5.478784158491349e-07 0.1855683310375963 0.03086450731561055 13.006636736340413 37.0 -19.101395450204866 1.3306980880268533 56949.124 57049.056 12 44 "Minimization exited successfully."
01306141 65 0.15624830855332655 56974.336999999985 3.0314860754221407e-05 -0.6374068692987649 0.253835392047765 1.842892509150429e-05 0.023203334083518712 6.315826553013323e-07 0.1827813430936691 0.019493297246909902 126.1203725368487 44.0 -17.592818388256454 1.1608831818695897 56949.337 57051.151 15 50 "Minimization exited successfully."
01306360 76 0.43816337569463826 57274.423 1.2849391439448411e-05 -1.1121216001261023 -0.05386676558441056 0.044388197217306496 0.2039609228777408 8.033834237086704e-07 0.7203811986434738 0.05927954994139645 41.787762932016484 50.0 -19.21867358921707 1.2842341578956677 57249.423 57355.245 11 65 "Minimization exited successfully."
01306390 68 0.37502579608273007 57278.400999989026 9.062481360155861e-06 -0.16034207497066255 0.2908017629638498 0.032085955515406855 0.8380970604448521 8.00453201504903e-07 0.8926994815122284 0.47744833674462284 10.357801940072196 46.0 -18.444195701202617 1.0666946220249685 57253.401 57355.23 12 56 "Minimization exited successfully."
01306537 76 0.4493093687575419 57287.49253078121 1.5093928129616964e-05 1.0359456624684489 -0.05627555063924586 0.01703608779671864 0.4335838444858382 7.934574190640585e-07 0.5440677704196237 0.03351270266762198 62.70373081982482 51.0 -19.46005874068267 0.8720168871429728 57265.363 57372.241 15 61 "Minimization exited successfully."
01306626 73 0.2982488059110673 57280.4099982337 1.7512422259119422e-05 0.8056072248483641 0.14272530966480323 0.0001291547217415201 24.617474292805127 1.8610692185963559e-06 1.767499489904405 0.06198742364001528 99.78049628073641 48.0 -18.5763685579849 0.9034364412808458 57255.41 57355.245 16 57 "Covariance may not be accurate."
01306785 42 0.3575991460807078 57273.418998127774 8.08120658785383e-06 0.5440129380309795 0.19221246482171067 0.023332409774938168 0.3231447021753411 6.97160610441116e-07 0.9118726830579282 0.09182123172723666 25.31548431667819 25.0 -18.196259831204774 0.9460129802338813 57248.419 57311.114 14 28 "Minimization exited successfully."
01306980 86 0.454850024546785 57277.22899997636 7.595609330895981e-06 -1.5750095319770592 0.1168251086695769 0.034016175077705824 0.19617556288358173 6.124968473852913e-07 0.8494582661703967 0.08823041676999457 68.68661450985378 57.0 -18.745240774899223 1.3773229868368517 57252.229 57372.039 24 62 "Minimization exited successfully."
01306991 72 0.4330937219794245 57287.48161804271 1.819693056125393e-05 -0.4076467553657981 -0.03415762799052102 0.02830522881080158 0.7081952168191492 1.7030352635963308e-06 0.8077641426735971 0.07923398462606983 29.81762530827933 47.0 -19.566649824925353 1.1338125988511862 57265.209 57365.044 17 55 "Minimization exited successfully."
01307277 70 0.30521078701368004 57281.291999824476 1.0933125963163982e-05 -0.517522282043636 0.2437738085334345 0.02543022544651849 0.4743382205888338 7.986008831728508e-07 0.9659816733539561 0.06847850091347385 28.740979151678655 46.0 -18.123999525523633 1.137831522813567 57256.292 57365.115 15 55 "Minimization exited successfully."
01307830 59 0.26497196613703655 57282.28099999625 1.7315436418197105e-05 -1.482286147793252 0.05136568141706621 0.00805528599180752 0.0118384666966449 3.323861473933386e-07 0.2444804079118934 0.020425332678086994 220.73150957286242 39.0 -18.26626851349681 1.361187825746633 57257.281 57365.196 9 50 "Minimization exited successfully."
01308314 74 0.09965846765840941 56968.177999998945 1.6965899955667664e-05 -2.977056786530624 0.29999999984685594 0.00350922561190619 0.004648533147701528 3.128044064298886e-07 0.4458108381675523 0.0033430249569074144 809.521739885202 50.0 -15.906041552210425 1.7505229413226893 56943.178 57051.151 20 54 "Minimization exited successfully."
