analysis_pipeline/fit_results/des_4_salt2_2.4_all.ecsv
# %ECSV 0.9
# ---
# datatype:
# - name: obj_id
#   datatype: string
# - name: num_points
#   datatype: int64
# - name: z
#   datatype: float64
# - name: t0
#   datatype: float64
# - name: x0
#   datatype: float64
# - name: x1
#   datatype: float64
# - name: c
#   datatype: float64
# - name: z_err
#   datatype: float64
# - name: t0_err
#   datatype: float64
# - name: x0_err
#   datatype: float64
# - name: x1_err
#   datatype: float64
# - name: c_err
#   datatype: float64
# - name: chi
#   datatype: float64
# - name: dof
#   datatype: float64
# - name: b_max
#   datatype: float64
# - name: delta_15
#   datatype: float64
# - name: tmin
#   datatype: float64
# - name: tmax
#   datatype: float64
# - name: pre_max
#   datatype: int64
# - name: post_max
#   datatype: int64
# - name: message
#   datatype: string
# schema: astropy-2.0
obj_id num_points z t0 x0 x1 c z_err t0_err x0_err x1_err c_err chi dof b_max delta_15 tmin tmax pre_max post_max message
[from data line 156]
01335564 60 0.6077 57343.671295832864 7.161138966740866e-06 0.3838923628849873 -0.02507498593720381 0.0 0.7408012100677297 4.3216641551768716e-07 0.6202201114033423 0.04139005591118035 59.42017862549746 56.0 -19.441439478126192 0.9840397853877647 57311.28 57427.068 24 36 "Minimization exited successfully."
01335694 37 0.2591 57347.73029950142 5.198850906710795e-05 1.029218007847616 0.02813736720761928 0.0 0.1323134179583576 8.298450041452334e-07 0.14647141367907457 0.012502336595810293 40.600389398607064 33.0 -19.405827334967253 0.8701304962522265 57325.214 57408.058 17 20 "Minimization exited successfully."
01335717 51 0.3048 57346.67924985663 2.250738531836549e-05 -0.009805548035478395 0.05512063281447982 0.0 0.1072443257762643 2.264159320725101e-07 0.09624027111970568 0.008324674785822883 29.16852011196592 47.0 -18.901817072518263 1.0520429257165418 57325.182 57408.092 16 35 "Minimization exited successfully."
01335718 59 0.6993 57351.380450153796 5.542925264878651e-06 0.673897305000863 -0.08978096585774462 0.0 0.29078713474518736 1.087443138508836e-07 0.24242639243030384 0.014678750662615453 56.24576410130766 55.0 -19.53698449905975 0.9354803952184874 57317.161 57426.118 21 38 "Minimization exited successfully."
01335868 66 0.6194 57347.82007633376 7.248068828949461e-06 1.6553344201968816 -0.030555801521772896 0.0 0.6437078052404104 3.8396965525155924e-07 0.5511539423782514 0.03235097491493755 64.15324091358198 62.0 -19.50634367683815 0.7681572400235375 57315.229 57425.154 27 39 "Minimization exited successfully."
01336008 50 0.438 57348.15612046577 1.9793447083379936e-05 0.7419704672638883 -0.07802587910083378 0.0 0.3215440568928898 4.660931599981266e-07 0.30892247852752774 0.014240063911011847 45.448719974584705 46.0 -19.6881633254237 0.9231596627391205 57325.01 57403.052 23 27 "Minimization exited successfully."
01336009 51 0.3416 57344.315809901665 1.3618127193670837e-05 -0.42488095480532184 0.16439492698534025 0.0 0.3753191812975274 4.277345078823602e-07 0.336996530775145 0.026632729191613497 26.690374392514553 47.0 -18.645286088324028 1.1248834395408807 57325.01 57403.052 19 32 "Minimization exited successfully."
01336453 38 0.1848 57355.035663608185 0.00010804171558232157 1.077748600391356 -0.03422840667112925 0.0 0.09679145007612533 1.5682302310193714e-06 0.11549972782437967 0.00935972538368765 42.7161369438995 34.0 -19.373177712531266 0.8641887558502717 57329.169 57403.103 11 27 "Minimization exited successfully."
01336480 36 0.256 57350.557784211596 3.627979751925914e-05 -0.00985276695056303 0.03937371639166398 0.0 0.298100885029271 9.528885358572874e-07 0.26763577786368287 0.021617695639477963 23.644195842993433 32.0 -18.984591299453808 1.0528928808021156 57325.115 57403.103 12 24 "Minimization exited successfully."
01336687 45 0.2337 57351.21717380826 4.214100729210968e-05 0.5614277318342169 0.11652048737216714 0.0 0.16313403384992853 7.132786774707869e-07 0.13955047875452165 0.012615143548950075 52.68942365229403 41.0 -18.923278949517403 0.9463923649864086 57327.063 57403.064 17 28 "Minimization exited successfully."
01337117 47 0.5539 57361.32965575875 1.3270480640922844e-05 0.5685809702557272 -0.10674444357731067 0.0 0.39061838001725846 3.014841606988061e-07 0.3126148324115128 0.01661077786739787 66.358119948692 43.0 -19.867168659551034 0.9546912795946234 57329.028 57403.051 23 24 "Minimization exited successfully."
01337221 54 0.6688 57359.58884916026 8.136513894008158e-06 -0.08715191997664862 -0.21375686949330902 0.0 0.7012114020362787 3.577146840627595e-07 0.47956586426970294 0.029032703604091603 57.444822957959076 50.0 -19.836237134071133 1.0807998778091488 57325.023 57407.048 23 31 "Minimization exited successfully."
01337228 54 0.5788 57357.23356891973 6.792394769017385e-06 -0.6873174567516127 -0.0627578272603391 0.0 0.9732313098320446 5.438029199417159e-07 0.7485256234949179 0.06939127774051206 34.11777081803045 50.0 -19.25470985542352 1.1927175292276004 57325.023 57407.048 23 31 "Minimization exited successfully."
01337272 48 0.5027 57357.85453945787 1.022714269748315e-05 -1.0308242507856955 -0.05638010441245145 0.0 0.607760821319971 5.232423476803088e-07 0.5568333510624859 0.04251822119127932 34.72555417300886 44.0 -19.32844511701645 1.2662509414150591 57325.068 57427.057 20 28 "Minimization exited successfully."
01337325 48 0.6387 57357.96173301224 7.129360623020498e-06 0.4343492531976838 -0.1264944183067799 0.0 0.7028708447360259 3.475570468050579e-07 0.5702689132384784 0.03408883468297061 45.25008700146364 44.0 -19.569280267779035 0.9794679770964869 57325.068 57427.057 20 28 "Minimization exited successfully."
01337649 36 0.2491 57363.10028754884 4.009355085508593e-05 0.9386301240124757 0.117618176271092 0.0 0.18600692049221834 5.421475913744443e-07 0.13741226139072005 0.011020566791882541 50.96508095893768 32.0 -19.026914588360675 0.8820032587758 57339.162 57408.057 12 24 "Minimization exited successfully."
01337655 42 0.8485 57364.697220591705 4.126987981623032e-06 1.2585522295620102 -0.10149368385649557 0.0 0.528812470351113 9.990251231689609e-08 0.33719221394732646 0.021265232611996393 58.210071727986545 38.0 -19.735164213634356 0.8360922411144394 57325.078 57408.041 19 23 "Minimization exited successfully."
01337687 47 0.3195 57361.34518086945 3.810834178800682e-05 0.9466809488052199 -0.09049359494471707 0.0 0.18189932150562527 4.853959703621236e-07 0.1379765506023094 0.009780006318026294 46.957190194995846 43.0 -19.593154166626242 0.8884036310140573 57339.295 57425.154 12 35 "Minimization exited successfully."
01337703 58 0.5334 57358.798785212464 1.2576531252642132e-05 -1.0332751896988013 -0.1284517155785238 0.0 0.5274303157893883 5.330912293793906e-07 0.4260092531052522 0.030613795333090763 35.06929324393889 54.0 -19.708925784886763 1.272171120119296 57325.12 57425.154 24 34 "Minimization exited successfully."
01337838 42 0.3119 57364.59896381929 3.441796540870901e-05 0.859285179698789 -0.016494382030731114 0.0 0.15792617102124495 4.293803425967073e-07 0.17055479555004305 0.009806705165262025 86.0115852366592 38.0 -19.421406579209965 0.9005844516311434 57339.148 57427.068 14 28 "Minimization exited successfully."
01338128 42 0.3117 57366.67153077815 2.4558594977458494e-05 -0.725712906862487 0.006729905385013946 0.0 0.3438931199234503 7.296303679543693e-07 0.3143645895731446 0.02357444416352225 25.329590557330285 38.0 -19.052237295826945 1.1960630440158049 57339.019 57407.048 15 27 "Minimization exited successfully."
01338170 42 0.389 57363.18578873352 1.5954269517187702e-05 -0.1702772179463956 0.06611375253375357 0.0 0.6961686349131924 7.596235861856418e-07 0.5639364692287476 0.03815319016100391 35.679599502290685 38.0 -19.147637075471692 1.0816884628121386 57339.019 57407.048 11 31 "Minimization exited successfully."
01338233 52 0.598 57355.78130104921 5.869258129462263e-06 -1.5537617911609631 -0.1001420462713952 0.0 1.0376214504467498 5.004938553931914e-07 0.8689472575845794 0.06124694370545446 22.383567753196097 48.0 -19.18218243797058 1.392303281970932 57319.276 57427.057 24 28 "Minimization exited successfully."
01338266 80 0.6476 57366.7553700756 5.180375675106764e-06 -0.3598125082568302 -0.07703981956900996 0.0 0.6933433339872863 2.3309497375195712e-07 0.5643879307944422 0.03387960929212015 66.8716620021481 76.0 -19.258264292532033 1.1268376707777783 57339.033 57427.068 33 47 "Minimization exited successfully."
01338278 40 0.5639 57368.60373526557 8.453191530063965e-06 1.5634136675817878 0.02155783221564439 0.0 0.8715888458973495 4.104609587510249e-07 0.7516852773719849 0.04374775082226315 27.634159566037425 36.0 -19.42513977961178 0.7817704802240648 57339.033 57427.057 16 24 "Minimization exited successfully."
01338387 41 0.5838 57364.00948744201 9.689101721657712e-06 1.4547060217638244 -0.07267213987294274 0.0 0.6908338433167955 3.482164407028754e-07 0.49157297160899494 0.032727727242540375 52.28257354562399 37.0 -19.664854977827996 0.8025335081458458 57329.169 57428.056 16 25 "Minimization exited successfully."
01338430 37 0.5089 57361.972216421855 1.2946098876845392e-05 0.5785434279070594 -0.07336241018571377 0.0 0.6341923710533592 4.703319009993774e-07 0.4577945793977747 0.02815952490031852 15.918035878023876 33.0 -19.617607263482956 0.951548436804103 57339.117 57428.056 12 25 "Minimization exited successfully."
01338471 46 0.5309 57350.76739503673 6.635906589935736e-06 -0.9354842555260983 -0.012330856513765809 0.0 1.0564592779483064 5.249666159945486e-07 0.9006413866214201 0.05480766137665814 24.20720963143511 42.0 -19.001730832979355 1.24205675291239 57319.134 57428.056 17 29 "Minimization exited successfully."
01338675 34 0.3306 57371.891351867016 2.0636251142466812e-05 0.046545210275939386 0.05428347199460648 0.0 0.17159281433123397 3.3431380387915975e-07 0.17318507344494627 0.013377151045902175 17.748984565213263 30.0 -19.012583838503033 1.0416103889918986 57339.046 57408.041 15 19 "Minimization exited successfully."
01339002 36 0.3025 57369.76683565954 2.1447272508562377e-05 -1.3050898797413275 0.13849609566457988 0.0 0.4320316616795026 5.999172296752831e-07 0.3459723682621735 0.027682449961724143 23.353863935730963 32.0 -18.830586157384914 1.312129605754489 57345.071 57427.068 12 24 "Minimization exited successfully."
01339149 36 0.4678 57373.77792358073 1.2214292381296232e-05 -0.2962748410580618 0.043558747360328554 0.0 0.5411459540664509 5.184808783309515e-07 0.49160096806049514 0.03396344715109961 17.03343746468338 32.0 -19.33395028073881 1.1072433528343382 57345.068 57427.068 17 19 "Minimization exited successfully."
01339392 29 0.1804 57370.67713328627 0.00012891985817568564 -0.6208196908417851 -0.020645501525014487 0.0 0.4168370070801757 8.403667577029647e-06 0.40944278820439983 0.03903077891889736 16.291678601149265 25.0 -19.505576937852105 1.176146930339499 57345.331 57426.147 11 18 "Minimization exited successfully."
01339450 51 0.5505 57368.9757443663 6.242430818037548e-06 -1.0118969893486836 0.10596904410037733 0.0 1.086346735501138 4.3783684807591206e-07 0.9711869269185344 0.06101237455138059 38.580434298510085 47.0 -19.031251993218643 1.2496880700532849 57339.281 57426.147 20 31 "Minimization exited successfully."
01340454 43 0.421 57375.11372944011 1.5421258734663045e-05 1.1801663992218563 0.0678429425295286 0.0 0.3188260009010264 5.553963721025009e-07 0.4331877686218406 0.024078418704796073 76.12573429715776 39.0 -19.315249941105264 0.8435105898170363 57345.312 57425.153 19 24 "Minimization exited successfully."
01341370 32 0.409 57376.239145187006 1.531758618469603e-05 1.1919599450011766 0.02639148034213057 0.0 0.3629568890792143 6.436952009664102e-07 0.5173991575836547 0.026818510738143342 23.817779063741472 28.0 -19.233162736700773 0.8429776785143339 57347.076 57403.052 16 16 "Minimization exited successfully."
01341894 28 0.3121 57390.05742703447 2.9426929537723634e-05 -0.16635832712483944 -0.034218582530094355 0.0 0.3573657228698721 7.797275989221426e-07 0.3340817582523259 0.02272593742157046 10.298381603184875 24.0 -19.252179941825293 1.0865648790941584 57365.051 57427.057 16 12 "Minimization exited successfully."
01342255 25 0.2141 57390.56625683911 8.51296502958121e-05 0.7068028294720383 -0.04396660073828507 0.0 0.14334185310872272 7.416889868272519e-07 0.18569798659988113 0.007992937163946362 19.274091383993387 21.0 -19.471463678554983 0.9279164738680485 57365.107 57428.056 16 9 "Minimization exited successfully."
01343208 36 0.4993 57390.846524017965 1.0827100058152795e-05 -0.05639639020184717 -0.01717033112681532 0.0 0.3909201413371193 2.3450279676845414e-07 0.34029721491021325 0.01849257927281539 17.018565424198073 32.0 -19.373029367742664 1.0646604821435268 57355.251 57426.117 22 14 "Minimization exited successfully."
01343337 31 0.3389 57394.33805011947 1.7684382956412172e-05 1.0841357260169744 0.16029661958662056 0.0 0.6088595090768649 6.507496692814699e-07 0.5928872242798526 0.029527480586489935 25.379775632948885 27.0 -18.909904317060544 0.8561260039514167 57372.223 57426.147 19 12 "Minimization exited successfully."
01343401 24 0.3829 57394.89140708661 2.5133769014223928e-05 0.9438010721852113 -0.041450928962605604 0.0 0.6371993148131878 8.128725260070371e-07 0.6749512324380502 0.025363421101432623 4.6920699831157275 20.0 -19.601235798469705 0.8871104385706907 57372.046 57427.057 12 12 "Minimization exited successfully."
01343533 31 0.368 57389.65968059044 1.5521425851397486e-05 -0.7223864105180433 0.004704827932134947 0.0 0.946989171232417 9.991973489387181e-07 1.0429479033324318 0.05772265868737768 10.357891678216461 27.0 -18.975165534277146 1.195506994714453 57365.036 57407.048 19 12 "Minimization exited successfully."
01343759 32 0.508 57395.81304685367 1.3099759274826095e-05 0.35320852745564757 -0.10298804571042322 0.0 0.2824484935044893 1.783871231356149e-07 0.3354714538039143 0.010541234058817572 42.60293254771351 28.0 -19.625862707088217 0.9930791517364703 57365.133 57426.118 20 12 "Minimization exited successfully."
01343871 28 0.6379 57390.19322811614 6.619832402321447e-06 1.3623579950676925 -0.06828768241487637 0.0 1.1425494514696766 3.521800369318817e-07 0.9389596881406876 0.03392281958633224 19.788061537453032 24.0 -19.48576687219741 0.8177280095664976 57355.223 57408.057 16 12 "Minimization exited successfully."
01344692 28 0.3795 57394.544649489035 8.729395569267995e-06 -0.8569409664458196 0.21383156240407025 0.0 1.2577806179979234 6.732423955171927e-07 1.3638160955512864 0.07422645559917831 7.799282281355895 24.0 -18.43141137151388 1.208543200937907 57366.054 57427.068 16 12 "Minimization exited successfully."
01345553 24 0.3189 57394.45241877218 3.529156606660034e-05 0.20253661652776334 -0.13291654001752348 0.0 0.37867631228800747 8.262708157708014e-07 0.4783121598632749 0.017814340603290083 17.868747720248216 20.0 -19.50488702139549 1.0220276082340511 57372.046 57427.057 12 12 "Minimization exited successfully."
01345582 28 0.4588 57398.925705030364 1.538692337520464e-05 0.6801018163076344 -0.08306963612824178 0.0 1.2882327935076319 6.912401570940979e-07 1.3077149875569116 0.042349586804044034 15.153806882492818 24.0 -19.535045776465314 0.9341283463377579 57365.051 57427.057 20 8 "Minimization exited successfully."
01345594 23 0.4224 57397.98988128628 2.0053342730397274e-05 0.0500184100818748 -0.1356956448460221 0.0 0.9560092604333477 1.084069272630494e-06 1.0917386411861938 0.04184181275637919 11.340157919661184 19.0 -19.608638899256043 1.0506534412792874 57372.046 57427.057 16 7 "Minimization exited successfully."
01346137 28 0.3635 57403.231757411304 2.1322784173552492e-05 0.8178941497579757 0.02486498711085794 0.0 0.7050398211649735 6.482975170224451e-07 0.5915093776045532 0.02940162328189566 6.759375540980743 24.0 -19.289645814887056 0.9060578607081347 57375.046 57425.153 20 8 "Minimization exited successfully."
01346387 28 0.3445 57395.102959995726 1.6479851749071073e-05 -1.5591496052602312 0.00037423704906969224 0.0 0.16043251242444967 2.409665188482499e-07 0.2357062159437665 0.011738659835246856 40.43436589279573 24.0 -18.87176279313571 1.384429075584979 57372.127 57426.118 15 13 "Minimization exited successfully."
01346956 20 0.3335 57411.86118834945 3.689278120455053e-05 0.5886809024261201 -0.09851360838673781 0.0 0.2312752340149018 8.288505409861924e-07 0.2692802712000919 0.01515250199268467 31.1280504088658 16.0 -19.66614761731729 0.950800581770455 57387.178 57426.147 16 4 "Minimization exited successfully."
01346966 27 0.3355 57407.526994387226 3.662626631595334e-05 0.5544919699652313 -0.10103371631832667 0.0 0.4016099248219689 6.832424169281315e-07 0.3535075462339612 0.01589483152036464 17.59634487888732 23.0 -19.67342080685327 0.9569487084996169 57376.057 57426.147 19 8 "Minimization exited successfully."
