analysis_pipeline/fit_results/des_4_sn91bg_salt2_phase_all.ecsv
# %ECSV 0.9
# ---
# datatype:
# - {name: obj_id, datatype: string}
# - {name: num_points, datatype: int64}
# - {name: z, datatype: float64}
# - {name: t0, datatype: float64}
# - {name: x0, datatype: float64}
# - {name: x1, datatype: float64}
# - {name: c, datatype: float64}
# - {name: z_err, datatype: float64}
# - {name: t0_err, datatype: float64}
# - {name: x0_err, datatype: float64}
# - {name: x1_err, datatype: float64}
# - {name: c_err, datatype: float64}
# - {name: chi, datatype: float64}
# - {name: dof, datatype: float64}
# - {name: b_max, datatype: float64}
# - {name: delta_15, datatype: float64}
# - {name: tmin, datatype: float64}
# - {name: tmax, datatype: float64}
# - {name: pre_max, datatype: int64}
# - {name: post_max, datatype: int64}
# - {name: message, datatype: string}
# schema: astropy-2.0
obj_id num_points z t0 x0 x1 c z_err t0_err x0_err x1_err c_err chi dof b_max delta_15 tmin tmax pre_max post_max message
[from data line 53]
01296273 63 0.397 56904.276840521066 3.053113317719181e-17 1.226902337391635 0.3294856485816065 0.0 0.026561051468888763 0.0 0.06977012158958074 0.0008959811931663342 6495.524850977226 40.0 -17.856886333914172 1.4714315837547822 56903.383 57003.049 4 59 "Covariance may not be accurate."
01296321 51 0.1844 56923.060199659485 9.159339953157542e-17 1.1344304426408094 0.3880635845663876 0.0 28.974633459987672 0.030746230799549648 0.44194812125688815 0.6792999902849313 12086.252531969747 40.0 -17.030546721605905 1.5413594716256824 56915.265 56990.188 4 47 "Covariance may not be accurate."
01296657 32 0.1462 56918.077397756766 2.0816681711721685e-16 0.7919727976644375 0.006619474862755548 0.0 31.840467083853582 0.034079688202032915 0.480029940428539 0.647520795256677 7092.952072173819 20.0 -18.087485133034207 1.9595904045485568 56904.221 56987.079 7 25 "Covariance may not be accurate."
01297026 56 0.2585 56908.94421582559 1.3877787807814457e-16 0.6500001473310317 0.04730221505977905 0.0 30.267516417075967 0.0363025293981159 0.4354823264175703 0.5147365669070965 8250.886248998704 32.0 -18.96260170752346 2.2606550739637967 56903.237 57001.099 3 53 "Covariance may not be accurate."
01297465 62 0.2778 56934.33486236971 3.33066907387547e-17 1.1719257255070548 0.8467142956607956 0.0 28.305219663710886 0.03450436078913807 0.4823612839849523 0.8066938147292216 26859.15094319884 47.0 -16.038061408171576 1.5108642666521952 56912.258 57008.065 17 45 "Covariance may not be accurate."
01298281 58 0.2351 56900.279023160336 2.498001805406602e-16 1.1473643983812918 0.427470821711026 0.0 24.909241367749928 0.030746687876971962 0.3496947124661825 0.7248136200101503 8362.024788223966 27.0 -18.63132849676739 1.5305127725205345 56915.265 57003.049 0 58 "Covariance may not be accurate."
01298893 22 0.1962 56900.29921005898 4.524158825347513e-16 0.6516106690516614 5.811506831321367e-11 0.0 4.142338002566248e-05 1.3877787807814654e-18 1.420862845236126e-05 0.0020746223022958254 2520.8172812271796 12.0 -19.64654647794646 2.2566189384841877 56915.299 56992.068 0 22 "Covariance may not be accurate."
01299643 66 0.38 56897.35328918281 5.551115123125783e-18 0.9023221030609422 0.27831171838862045 0.0 29.92083351029214 0.03778781219762065 0.423666465180145 0.6376052984744933 5361.538056650537 25.0 -15.98122147681287 1.7915016222985791 56912.344 57018.078 0 66 "Covariance may not be accurate."
01299775 37 0.1598 56932.80762114828 2.914335439641036e-16 0.8683518410642859 5.5444468958720794e-05 0.0 29.525105724726018 0.03074623008749902 0.40665912929322495 0.6117868849366477 4049.569368454388 21.0 -18.67502207413729 1.8393749467784204 56920.298 57004.045 4 33 "Covariance may not be accurate."
01299785 64 0.3813 56938.61199318808 6.938893903907228e-17 0.6500716087025705 0.412428006137436 0.0 29.338471436683903 0.0307462338907612 0.3662253405446464 0.6869878304469568 1762.2140799197107 49.0 -18.486033140951267 2.260488352979042 56920.291 57025.079 9 55 "Covariance may not be accurate."
01300516 69 0.3104 56935.145628281025 5.551115123125783e-18 1.2356022792489982 7.927958530545842e-05 0.0 30.156374047346617 0.03169578265765915 0.4171548394606744 0.6186524557472327 7090.396732658349 42.0 -16.00201816426536 1.4656841625037274 56923.288 57025.093 12 57 "Covariance may not be accurate."
01300912 65 0.3376 56938.18842495527 8.881784197001253e-17 0.9230723809767813 0.4615820906767727 0.0 30.78628991197911 0.03239938486741575 0.43190053719277516 0.7161945116322451 13438.420749051491 45.0 -18.337560554332427 1.7637199651295212 56920.196 57019.147 16 49 "Covariance may not be accurate."
01301933 61 0.3299 56944.52084634791 4.4408920985006264e-17 1.247494621419794 0.4241618692940051 0.0 0.012885379612271208 1.387778780781447e-18 0.4710111696708379 0.00032636638169974974 47964.943612400835 47.0 -17.608416361512763 1.4579919578749276 56924.193 57025.117 15 46 "Covariance may not be accurate."
01302058 56 0.1984 56920.363000028556 3.6914915568786457e-16 0.9994730659749449 1.081912337497215e-13 0.0 5.0007656682282686e-08 0.0 1.38448066796526e-05 0.000563743302492592 23142.348993073512 20.0 -19.452772015252183 1.6721985876869496 56935.363 57025.079 0 56 "Covariance may not be accurate."
01302141 91 0.6088 57233.40552312374 2.7755575615628915e-18 0.651406651183889 0.002003674475592798 0.0 24.90314036565178 0.030960466211158024 0.3588254363771248 0.5956498160035167 575.5940264526545 52.0 -16.98825188472511 2.257129062556942 57248.403 57365.044 0 91 "Covariance may not be accurate."
01302187 50 0.2195 56911.05484946851 1.5265566588595902e-16 0.6500000148913843 0.0007710250601777879 0.0 22.23515374161434 0.030829940430689224 0.3699193275368337 0.6030692069236485 2185.2027411241565 20.0 -18.73917035280979 2.2606540500565977 56925.328 57019.148 0 50 "Covariance may not be accurate."
01302523 56 0.4239 57283.350321747326 1.665334536937735e-17 1.134695605167359 0.5066503600163589 0.0 0.47085744354262715 0.0 8.189902229394086e-05 0.00017935132866031545 5687.7273306891675 45.0 -17.001065660436147 1.541136484456036 57265.24 57372.059 8 48 "Covariance may not be accurate."
01302648 57 0.2319 56934.917058132974 9.159339953157542e-17 0.6500001478721985 0.022240367747498213 0.0 30.77247959718079 0.033395657394342346 0.4006071762212301 0.5477691769541627 7556.573598374277 41.0 -18.284936523916123 2.260654318485191 56925.158 57017.08 9 48 "Covariance may not be accurate."
01303004 72 0.2949 56919.424498104076 1.2212453270876723e-16 1.235344487783928 0.31494025247840063 0.0 23.969850557547034 0.0307464887410775 0.40455689705015146 0.7379642757984687 15835.108707794425 25.0 -18.633003438444625 1.465862617321985 56934.371 57033.047 0 72 "Covariance may not be accurate."
01303279 43 0.1724 56954.59759146263 4.468647674116255e-16 1.119348642052544 0.29753796114274017 0.0 31.454410291149543 0.0341307318443891 0.44311181551472795 0.6461821510558498 7303.627975965388 28.0 -18.754361883736024 1.5544282621858265 56943.23 57033.169 4 39 "Covariance may not be accurate."
01303496 41 0.1798 56956.95420250449 2.886579864025407e-16 1.1527281405305896 0.4892874689256688 0.0 32.91740124838179 0.03631491329591451 0.3464430711610737 0.7439684153302818 7812.899842995537 29.0 -17.99565212518944 1.5261161731214905 56943.178 57032.15 7 34 "Covariance may not be accurate."
01303883 73 0.2591 57250.22478058593 4.0245584642661925e-16 0.7170755984658158 0.004681130293977931 0.0 7.430321784340777e-05 1.3877787807814654e-18 5.2800857203827434e-05 0.005992881785148313 9266.609697940537 39.0 -20.194130829958 2.1048682870470223 57265.223 57356.127 0 73 "Covariance may not be accurate."
01303952 84 0.5626 57262.643597427785 2.7755575615628915e-18 0.650000000000009 0.002338154559059391 0.0 29.648252810970007 0.03084950562070385 0.37019403857266103 0.5940665550500547 1012.3819396966313 63.0 -16.779282626692037 2.2606541301464915 57249.279 57373.057 12 72 "Covariance may not be accurate."
01304127 83 0.7286 57263.525447317166 2.7755575615628915e-18 0.6500000000175166 0.04096701984222706 0.0 29.696377054813638 0.030880123945465326 0.37056286399834054 0.6889040420684946 835.4591616489172 67.0 -17.402726865990324 2.260655247758745 57249.279 57373.058 12 71 "Covariance may not be accurate."
01304442 16 0.2171 56953.83794452016 1.3877787807814457e-16 1.0146204614901129 0.8536394713216673 0.0 29.37837831176148 0.030994954125838484 0.44058176434375373 0.7357292289738132 6037.4977168103 11.0 -16.96589706058321 1.655918243928724 56943.114 57029.056 4 12 "Covariance may not be accurate."
01304678 49 0.2188 56948.6512867672 5.828670879282072e-17 1.2005890614881012 0.23928987000017782 0.0 28.68131780562544 0.031080936207769187 0.43171804226677807 0.7394309483516535 883.1929969679086 29.0 -17.224303657122896 1.4895302312717078 56943.23 57033.168 2 47 "Covariance may not be accurate."
01305504 60 0.4956 56928.21280059127 2.7755575615628915e-18 1.2458960188085406 0.08184530885091473 0.0 28.54046762181315 0.03512653722645229 0.44413249299164925 0.7114483817171303 10976.285498708623 32.0 -16.313060424694964 1.4590099608984808 56943.192 57052.047 0 60 "Covariance may not be accurate."
01305626 55 0.3257 56936.44833999317 9.159339953157542e-17 1.2479966141037449 0.1411499701433624 0.0 0.03144888517999789 0.0 0.00023415803443960215 0.005573971108120829 39286.24758437692 27.0 -18.91849672839824 1.4576618523299523 56949.125 57049.055 0 55 "Covariance may not be accurate."
01306029 74 0.4289 57261.77531647201 1.665334536937735e-17 0.7029777662798319 0.08907761269134296 0.0 30.411574428584572 0.031872140709276554 0.44390549326290907 0.5253987864006484 1995.7508602759422 58.0 -17.869795590435174 2.1357928496876575 57248.388 57355.217 12 62 "Covariance may not be accurate."
01306073 56 0.3286 56934.143193174095 6.938893903907228e-17 1.0434913780338526 0.13329569810362174 0.0 24.965907618923666 0.03075193520780408 0.4414239783284592 0.7273713447307673 5874.438509203022 24.0 -18.65492371838473 1.6261340051408446 56949.124 57049.056 0 56 "Covariance may not be accurate."
01306141 65 0.3324 56956.77528826785 6.66133814775094e-17 0.6500358642706807 0.09547458158565209 0.0 0.0019005223584827036 1.387778780781447e-18 4.436970035270882e-07 0.546063751301646 6556.927479984111 41.0 -18.711141287992554 2.2605670155357913 56949.337 57051.151 4 61 "Covariance may not be accurate."
01306360 76 0.4494 57274.25571703955 2.7755575615628915e-18 0.6500073429135144 0.042445248926537615 0.0 23.554114071077493 0.030858129380437676 0.36806997891636023 0.6911218451560497 635.7787859213736 68.0 -16.126536822916137 2.2606368541357185 57249.423 57355.245 11 65 "Covariance may not be accurate."
01306390 68 0.407 57267.40743049567 4.718447854656916e-17 1.1989352527144552 0.18664105380200746 0.0 30.933502878389845 0.03257218639126613 0.45233248684511834 0.7359537022526765 472.2540409414515 52.0 -18.672779971625538 1.4907112035538574 57253.401 57355.23 8 60 "Covariance may not be accurate."
01306537 76 0.4795 57250.371202689734 2.7755575615628915e-18 0.7856630528486334 0.04040514053360966 0.0 26.216616582481947 0.03310925170753552 0.3641897800435873 0.5227915130634551 2191.1476353418325 41.0 -16.298525717399 1.9706277703522446 57265.363 57372.241 0 76 "Covariance may not be accurate."
01306626 73 0.4095 57240.413540201975 6.383782391594651e-17 1.0088866982513587 0.19273553190273174 0.0 27.589851379481843 0.03471831829922099 0.42050261929279825 0.5953335054302971 3015.02929051226 34.0 -19.003500651624964 1.66201973249753 57255.41 57355.245 0 73 "Covariance may not be accurate."
01306785 42 0.5787 57264.08730773133 0.0 1.1196531478886038 0.5001148575686323 0.0 0.0 0.0 0.0 0.0 0.0 -4.0 inf nan 57248.419 57311.114 14 28 "Hesse Failed. Covariance may not be accurate. Covariance not positive definite."
01306980 86 0.5489 57268.52719941062 5.551115123125783e-18 0.6500153287124608 0.02527206428447154 0.0 30.583403146167257 0.03201297663653549 0.38278899430514285 0.5430812771679163 384.00257675335735 72.0 -17.430092963968185 2.260616285944419 57252.229 57372.039 16 70 "Covariance may not be accurate."
01306991 72 0.4217 57250.20900426238 5.551115123125783e-18 1.202710502277729 0.0022770523234203477 0.0 24.778595058698556 0.03098020133302041 0.4294191830376112 0.5943472595386016 447.5034635511773 43.0 -16.77990264923956 1.4880121369576464 57265.209 57365.044 0 72 "Covariance may not be accurate."
01307277 70 0.4107 57241.305879571875 6.106226635438361e-17 1.2443580811301889 0.07209852879731721 0.0 24.340611565952713 0.030822634832102076 0.3920218964132753 0.5096549013120232 655.8339456041762 38.0 -19.198878139104828 1.460000535825074 57256.292 57365.115 0 70 "Covariance may not be accurate."
01307830 59 0.3493 57242.32599625011 4.718447854656916e-17 1.2307295018492606 2.6266490828263933e-05 0.0 25.151722020797024 0.030747331375051597 0.409048077808465 0.6170748745702954 6091.670911848039 23.0 -18.624396901830124 1.4688855424981249 57257.281 57365.196 0 59 "Covariance may not be accurate."
01308314 74 0.4065 56965.050379775974 5.551115123125783e-18 0.6500000000160132 0.19495814610340034 0.0 29.71904459095458 0.03219647965742219 0.3863563551439791 0.5965686022665846 4973.636435760062 54.0 -16.32794863984163 2.260661439085812 56943.178 57051.151 20 54 "Covariance may not be accurate."
01308326 63 0.3262 56964.59722946743 2.1926904736346843e-16 0.6500000383327678 0.7287242374086604 0.0 29.132711734469922 0.030824635851635078 0.36983152801320535 0.6344946218888302 10455.039974616688 47.0 -18.7030198496146 2.260672019761536 56956.141 57045.113 12 51 "Covariance may not be accurate."
01308568 72 0.6431 57280.17464029592 2.7755575615628914e-17 0.6606596403674935 0.15883760521116524 0.0 27.094378172812867 0.03075035185261881 0.3331571302082901 0.7322596931563778 498.4229617813819 56.0 -19.352383596492356 2.234289575989976 57256.269 57379.066 15 57 "Covariance may not be accurate."
01308582 57 0.3669 57250.432906579226 9.159339953157542e-17 1.2123854175943833 0.006014499625617342 0.0 23.38790433135 0.03074701664944693 0.4215024950698401 0.5810146217796659 2664.863307740184 28.0 -19.460329162796437 1.4812463700579066 57265.24 57366.076 0 57 "Covariance may not be accurate."
01308884 48 0.0772 57291.16827170356 7.327471962526034e-16 1.2230312650764346 0.000977247528537506 0.0 29.587512846675963 0.03074625167427543 0.4150593103606833 0.601553927159628 213763.95245638175 38.0 -17.975763892998156 1.474007840304946 57276.324 57355.251 11 37 "Covariance may not be accurate."
01308957 72 0.6187 57263.55348771665 2.7755575615628915e-18 0.6500000000000037 0.004157418242943078 0.0 29.41362798780756 0.030875662052556138 0.37050796857054885 0.64104082323891 459.9424321596299 53.0 -17.027567828522656 2.2606541799558855 57253.33 57373.057 7 65 "Covariance may not be accurate."
01309288 44 0.2684 56965.9887758839 2.7755575615628915e-18 0.6500000006369914 0.0005281816311693 0.0 28.581156277330592 0.03128469779844752 0.3754081659776193 0.624470112282062 1298.3744899815665 28.0 -14.884871952531991 2.2606540792530154 56961.361 57061.067 6 38 "Covariance may not be accurate."
01309492 61 0.3335 56948.76929875303 9.436895709313832e-17 1.232158138568571 0.008134935269033916 0.0 22.582965814908675 0.03074630219333621 0.4077342832998288 0.5752617023835955 49123.99485120926 28.0 -19.246654629483675 1.4679440699865793 56963.255 57067.046 0 61 "Covariance may not be accurate."
01309749 70 0.7893 56934.35279892606 5.551115123125783e-18 0.9950422138108315 0.07425605862803997 0.0 25.232019430721266 0.0317264400738957 0.4194139726751201 0.512454573087706 4129.883198390617 41.0 -18.31221945773696 1.6770649557300707 56949.35 57067.046 0 70 "Covariance may not be accurate."
01310338 63 0.4388 56940.05909638246 5.551115123125783e-18 0.6500000000000747 0.05505349150674721 0.0 22.73488040020311 0.030858146748716897 0.37029767604778874 0.5063072627971761 4069.1773302037827 33.0 -16.795883246359416 2.260655689240952 56949.112 57052.042 0 63 "Covariance may not be accurate."
01310395 70 0.289 56963.40639517235 1.332267629550188e-16 0.6502954596049927 0.430278609045664 0.0 0.0593454855006712 1.3877787807814407e-18 0.00023191437124264747 0.001150705277538716 8163.744386992464 50.0 -18.455111496234615 2.259927032967692 56956.203 57052.042 8 62 "Covariance may not be accurate."
01312274 62 0.438 56978.71265191309 1.0269562977782698e-16 0.650031694400676 0.5001092029747282 0.0 0.7492865800159052 0.0 1.4758576445395022e-06 0.00013150708495729413 1538.1248862440398 55.0 -19.071142381366343 2.260591492671182 56956.141 57052.1 12 50 "Covariance may not be accurate."
