analysis_pipeline/fit_results/des_4_salt2_2.4_blue.ecsv
# %ECSV 0.9
# ---
# datatype:
# - name: obj_id
#   datatype: string
# - name: num_points
#   datatype: int64
# - name: z
#   datatype: float64
# - name: t0
#   datatype: float64
# - name: x0
#   datatype: float64
# - name: x1
#   datatype: float64
# - name: c
#   datatype: float64
# - name: z_err
#   datatype: float64
# - name: t0_err
#   datatype: float64
# - name: x0_err
#   datatype: float64
# - name: x1_err
#   datatype: float64
# - name: c_err
#   datatype: float64
# - name: chi
#   datatype: float64
# - name: dof
#   datatype: float64
# - name: b_max
#   datatype: float64
# - name: delta_15
#   datatype: float64
# - name: tmin
#   datatype: float64
# - name: tmax
#   datatype: float64
# - name: pre_max
#   datatype: int64
# - name: post_max
#   datatype: int64
# - name: message
#   datatype: string
# schema: astropy-2.0
obj_id num_points z t0 x0 x1 c z_err t0_err x0_err x1_err c_err chi dof b_max delta_15 tmin tmax pre_max post_max message
[from data line 105]
01313594 12 0.2883 57002.078755093935 3.672919911452133e-05 0.5512871911037553 0.2999653641118251 0.0 0.3483327823378204 6.745201843891282e-07 0.26255811275926 0.520797323120987 10.57234609077509 8.0 -19.299039790637902 0.9398075397786094 56973.038 57051.053 4 8 "Minimization exited successfully."
01314897 25 0.3369 57301.215272778085 2.8494083122465598e-05 0.8324484906904055 0.013722996221932293 0.0 0.5054208563415159 1.560079739516829e-06 0.5090600702141612 0.06369828189921731 19.601711484601367 21.0 -19.411156627831918 0.9040061780703077 57273.337 57372.07 9 16 "Minimization exited successfully."
01315192 7 0.2254 57008.51866716179 4.789368338369571e-05 0.9091078168047311 0.2999943697551756 0.0 0.34599767790859914 2.577738033546216e-06 0.5699880089519553 0.595171064755684 1.6884328903454389 3.0 -18.97782212609643 0.8796878233733594 56987.196 57052.098 3 4 "Minimization exited successfully."
01315259 10 0.228 57004.446727985596 3.885980892056884e-05 -0.4392195423978871 0.29975521419084966 0.0 0.3431342445874179 1.358848543714375e-06 0.2812284554687252 0.5969051860491202 4.384719420994116 6.0 -18.7780191803076 1.1188634014171974 56980.181 57049.068 4 6 "Minimization exited successfully."
01315296 27 0.4126 57004.45178094959 1.0060924059493437e-05 1.640323418472593 0.14495882598822818 0.0 0.9621214983671962 6.586754189061293e-07 0.7753961116422439 0.0853026178576485 15.8693490259476 23.0 -18.801023149681743 0.7654891868062741 56973.185 57049.07 11 16 "Minimization exited successfully."
01316385 11 0.1478 57019.19558842082 0.00018693592752190848 1.6780817965092973 -0.04932772951727782 0.0 0.2529973220334796 7.0063076153689755e-06 0.39056016175414454 0.046610869397000265 37.816418458645856 7.0 -19.43414353200916 0.7649354713610599 57001.175 57066.03 5 6 "Minimization exited successfully."
01316431 10 0.1981 57018.53937918152 8.081100775934325e-05 0.8320348521459238 0.21763460308047683 0.0 0.17115075760011678 2.6221251650559994e-05 0.19500260840046169 0.5326548327240505 13.813492234737295 6.0 -19.228445148001136 0.8959141850907884 57001.162 57052.098 4 6 "Minimization exited successfully."
01316437 13 0.482 57009.4421360457 1.3769980947619943e-05 -1.2423164731227518 -0.29906638403957264 0.0 1.5327737084844557 1.6850482417313248e-06 1.2835068150113575 0.36763403967915725 12.5234315119825 9.0 -19.545708844749143 1.33325615389602 56980.197 57052.1 5 8 "Minimization exited successfully."
01316465 11 0.3291 57021.441817398496 2.4877059881714404e-05 0.49949176619311286 0.299873254035215 0.0 0.12127273157602758 3.4823216212981447e-07 0.12129509281327833 0.5810216155490873 13.08282559846133 7.0 -19.209022513674824 0.9486750747172472 57001.183 57066.064 4 7 "Minimization exited successfully."
01317164 5 0.1547 57297.42463131175 7.318669222242669e-05 -2.3553456834398343 0.15254477874658418 0.0 0.0006748698833689559 1.3097140272831653e-05 0.8309220399387787 0.08401237037836637 6.2936447324428855 1.0 -18.523050011354933 1.5791654751804813 57315.181 57355.159 0 5 "Covariance may not be accurate."
01317277 12 0.2371 57007.943409449836 5.471682641322029e-05 -1.2317533743230267 -0.27270161220741035 0.0 0.5452113833089243 1.9988942797133368e-05 0.4639541452191245 0.5607678547495984 5.877863636281964 8.0 -19.244095946573243 1.3287328608841769 56987.073 57052.037 5 7 "Minimization exited successfully."
01317286 14 0.279 57015.060536859026 4.262559319901938e-05 0.5758905912767669 0.28304872767499406 0.0 0.2696074826781114 7.060090941188313e-06 0.24546076408959294 0.5913374004868468 16.32832643619959 10.0 -19.378234215853123 0.9363920544098683 56987.073 57052.037 8 6 "Minimization exited successfully."
01317454 10 0.5688 57013.71378551645 7.973950932191333e-06 -0.870607370907261 0.037029847176484276 0.0 1.271083007213747 5.021584496196774e-06 0.9017936803209821 0.375852963742119 12.382137643874549 6.0 -19.382696937953288 1.2244979449810955 56987.033 57051.04 5 5 "Covariance may not be accurate. Covariance not positive definite. Covariance forced positive definite."
01317666 22 0.1414 57301.47483730647 0.00011038006437734117 -0.08894688695847908 0.09109231496490633 0.0 0.12259791688120458 2.7041514509121276e-06 0.12355811714702858 0.019015845591486197 5.427171121227446 18.0 -18.755857295249804 1.0648981352875069 57278.217 57356.106 7 15 "Minimization exited successfully."
01319366 17 0.2361 57304.4096260212 7.663412109918389e-05 1.1943714450600824 -0.10564426768024301 0.0 0.5302733306671144 8.56627177207775e-05 0.5335508772349042 0.39899502169839857 31.98335328505822 13.0 -19.59806200485531 0.8469910719531555 57276.312 57372.102 8 9 "Minimization exited successfully."
01319821 10 0.3088 57022.22627402073 3.301065266421155e-05 -0.39213307705955947 -0.2991842181772862 0.0 0.9475565397915489 2.5010079970008703e-06 0.5411798690610172 0.3810791604054624 8.159416256225489 6.0 -19.35441474281839 1.1460277510971615 56992.125 57067.099 3 7 "Minimization exited successfully."
01320166 10 0.449 57022.966130409004 1.4220321186983466e-05 1.9999990339697478 -0.29966573197587504 0.0 0.8477112425061932 1.5709429721330597e-06 4.1217356818441555 0.44835546832303685 4.78989446324601 6.0 -19.39916486798282 0.7177188907849157 56991.113 57049.046 5 5 "Minimization exited successfully."
01322229 7 0.5261 57035.37384754758 8.484627879290497e-06 1.8928548314056357 0.2952196164462511 0.0 1.9564458745517186 1.405378202132268e-06 4.8013032956816115 0.4661685277711939 2.6642686230267056 3.0 -19.251946799274123 0.7200011759497649 57001.076 57039.041 6 1 "Minimization exited successfully."
01322979 9 0.5294 57039.5788658238 1.1935730811785118e-05 0.6397200936720031 -0.29927575361462017 0.0 0.7925846403013566 6.119743756471951e-07 0.6748188987938821 0.5959823320688296 10.072216476012784 5.0 -19.63716391575293 0.9496536502060842 57008.04 57061.074 6 3 "Minimization exited successfully."
01324542 9 0.5415 57044.415526948775 8.577587411207066e-06 0.1381707240875265 -0.01743601553091173 0.0 1.8038969821755018 5.7742648810935056e-06 1.4054714033854543 0.391565699467638 2.365323485303166 5.0 -19.332960039015703 1.0283375751113297 57011.089 57067.101 6 3 "Covariance may not be accurate. Covariance not positive definite. Covariance forced positive definite."
01325358 7 0.7793 nan nan nan nan 0.005 nan nan nan nan nan nan nan nan nan nan 0 0 "No bands in data overlap the model."
01327978 10 0.2073 57307.612396105345 6.730124527296044e-05 -0.38060899986188224 0.08871112069711312 0.0 1.4237400845122465 5.349809356091084e-05 1.0690201152953045 0.3678929323497182 3.0132817648790917 6.0 -19.137203113817407 1.1209720571607704 57283.131 57373.038 6 4 "Covariance may not be accurate. Covariance not positive definite. Covariance forced positive definite."
01328066 20 0.4489 57298.31323364409 2.0096731899793554e-05 1.9999998790247409 -0.2999236712268487 0.0 1.302804527716944 1.204248562293453e-06 4.1077404523826 0.5789801489520545 15.076336382595844 16.0 -19.774135109324078 0.7177247461449561 57273.098 57379.048 5 15 "Minimization exited successfully."
01328105 42 0.4402 57302.70010087088 1.8094446935582043e-05 0.058017193535093714 -0.12435293851854318 0.0 0.7719378287038126 9.874767553291756e-07 0.5185986736468509 0.06756250629106977 37.94482659345927 38.0 -19.603624700998743 1.0485833027723679 57273.096 57386.046 12 30 "Minimization exited successfully."
01329166 17 0.7316 nan nan nan nan 0.005 nan nan nan nan nan nan nan nan nan nan 0 0 "No bands in data overlap the model."
01329196 20 0.7693 nan nan nan nan 0.005 nan nan nan nan nan nan nan nan nan nan 0 0 "No bands in data overlap the model."
01329312 31 0.3444 57309.96968994704 1.9911658939966715e-05 -1.7490567673214916 0.024948630288363027 0.0 0.6238778288752655 1.409395436206828e-06 0.44045639225441 0.07502138885430862 13.684841871195669 27.0 -19.076380567164055 1.4293101815372076 57283.189 57389.086 10 21 "Minimization exited successfully."
01329615 34 0.4039 57304.39262599515 1.474329439898614e-05 -0.2506118873783998 0.04780133505247258 0.0 0.9260478202049853 1.0915967373723025e-06 0.6401937876831401 0.08212211630421834 21.390059481826647 30.0 -19.15831753068761 1.0981478338461628 57278.301 57385.111 12 22 "Minimization exited successfully."
01330031 13 0.1041 57315.73052365507 0.00029554360561854235 1.8340823533618167 0.2999986709541049 0.0 0.12393252603942528 1.7885302920782353e-05 0.38353479928584555 0.376394622287637 121.09677537864168 9.0 -19.113087389048268 0.7294104992360495 57291.079 57376.04 5 8 "Minimization exited successfully."
01330426 16 0.2595 57316.10164804443 7.5950520150328e-05 1.3388333547382523 -0.29996047470486153 0.0 0.00019611145035014488 9.234472208699538e-07 0.15572782486380454 0.38937574828968247 97.51058178207825 12.0 -19.826005246007412 0.828644870108949 57288.213 57387.181 3 13 "Minimization exited successfully."
01330642 17 0.6339 57318.05070893354 8.626221181612381e-06 1.1691677195836068 -0.08538146075315076 0.0 0.6760071381540911 2.7448973941551767e-06 0.5760915288259201 0.3618910966370689 14.241380363718498 13.0 -19.756422057833845 0.850557637771324 57283.189 57403.073 6 11 "Covariance may not be accurate. Covariance not positive definite. Covariance forced positive definite."
01330903 20 0.5638 57305.11816864026 9.975442455656403e-06 -0.09972575878843859 -0.2998544364119131 0.0 1.6717233336494246 6.845567496735478e-07 1.0321673136364575 0.4649358012191259 20.69048190261986 16.0 -19.607363072807708 1.0875794873022855 57276.314 57396.101 8 12 "Minimization exited successfully."
01331123 17 0.2291 57318.192048311575 5.967666450280851e-05 -1.3947450784781945 -0.2994560765836382 0.0 0.3135660296684364 3.1139483106665235e-06 0.3695781113485057 0.5949397902928135 21.28650202378622 13.0 -19.254572813382573 1.37015177714051 57297.032 57386.044 6 11 "Minimization exited successfully."
01331993 30 0.7196 57328.069191629584 4.646484848563892e-06 1.042545616321651 -0.2999540362441093 0.0 0.8310820417573268 2.7738838124929977e-07 0.6040000597659636 0.5962976965448448 12.926930700455644 12.0 -19.426279283371805 0.8791390657294258 57291.17 57403.073 11 19 "Minimization exited successfully."
01332059 18 0.5788 57324.71342264742 1.0048640020685063e-05 -0.29058102117079887 -0.2999461921184359 0.0 1.1397219788268558 8.479309001371836e-07 0.8863758657031322 0.35257990105289844 8.72733704399031 14.0 -19.684419726460206 1.1254632542974257 57288.201 57403.101 8 10 "Minimization exited successfully."
01332413 17 0.6087 57326.008831271734 6.976728342678041e-06 1.1864856208345955 0.2995503423488319 0.0 1.0263602636077849 5.673720970614249e-07 0.8059689024846557 0.30620656103519955 26.932475328515707 13.0 -19.42304428903154 0.8341715130503644 57299.144 57403.064 6 11 "Minimization exited successfully."
01333246 30 0.4379 57325.60232034019 1.0313905167078086e-05 1.6956234399090127 0.17169772065742184 0.0 1.1164426299255865 1.1935165562484975e-06 0.9740557814007487 0.12771309126941774 9.755054547418652 26.0 -18.98223555496108 0.7556816208435961 57299.22 57403.101 12 18 "Minimization exited successfully."
01333438 31 0.3995 57327.18790419039 1.246348909521855e-05 0.42605526926757387 0.13367109679041855 0.0 0.6222575434949249 8.971540395391605e-07 0.5123455257778939 0.07965947362145795 33.74997634330883 27.0 -18.949084015535192 0.969250816721619 57297.346 57404.045 10 21 "Minimization exited successfully."
01334084 14 0.1335 57335.542480904325 0.00013582771115766836 -1.1465921110514106 0.1042875903378589 0.0 0.6756487055936304 1.4671912594385601e-05 0.5307446003928777 0.06061094412806081 13.081067619643765 10.0 -18.844741237354377 1.279367181737829 57315.206 57396.099 4 10 "Minimization exited successfully."
01334087 4 0.2663 57339.78476809195 5.524313400091519e-05 1.9999478338328496 -0.2731889993263349 0.0 0.0015652881556889042 3.4480359385205564e-06 0.4077897627939384 0.09354744756860403 6.724526519114156 0.0 -19.544760296628777 0.7171088658430982 57315.208 57403.099 2 2 "Covariance may not be accurate."
01334302 17 0.4549 57332.28957954807 1.6110078898751156e-05 -0.5386954601327454 -0.2998664571345376 0.0 1.6368825078425289 1.8209382063372196e-06 1.3129141888805491 0.5634193579570392 3.5000108281172766 13.0 -19.56599968352654 1.176397570171467 57301.037 57407.046 6 11 "Minimization exited successfully."
01334423 28 0.3577 57336.10127673954 2.0087423812631402e-05 1.0430687244790073 0.0039648638323082075 0.0 0.5383622145272966 1.0875128267334728e-06 0.5345890271222156 0.05757040223590654 12.955293661242402 24.0 -19.184013896143806 0.8686731237387022 57312.14 57408.055 10 18 "Minimization exited successfully."
01334448 16 0.5167 57331.92621271389 7.1943670414797996e-06 -1.9152561170361488 0.2997939572248755 0.0 2.504953524345183 1.1907042895650808e-06 1.7003527549296802 0.31758947856025954 4.732833716941765 12.0 -19.02281139222275 1.4430906305260507 57301.284 57402.053 7 9 "Minimization exited successfully."
01334470 15 0.5188 57332.73228031397 8.399021590541067e-06 0.3726250969560989 0.29896711790447555 0.0 1.3203622911787534 8.405703754904573e-07 1.006096236916673 0.5644986263389554 5.705468042795797 11.0 -19.2027369674478 0.9706262084139468 57305.283 57402.053 6 9 "Minimization exited successfully."
01334597 12 0.289 57343.86295721301 4.8902317597995795e-05 0.9198643062283778 -0.2999978811276216 0.0 0.1259359846553707 6.252972824125049e-07 0.14690416611039026 0.42647877280123847 6.609386051703011 8.0 -19.615847774818167 0.9003583315506738 57315.241 57406.101 5 7 "Minimization exited successfully."
01334620 15 0.1961 57335.29408476043 4.093509788181959e-05 -0.40622710332529977 0.23998484795904346 0.0 0.5430754907647497 3.2569830263948216e-05 0.6447095285524309 0.3035058938351337 10.066117397053574 11.0 -18.465042868391322 1.116404077078375 57311.282 57403.062 5 10 "Minimization exited successfully."
01334644 15 0.2881 57332.13130700734 2.746577424237451e-05 -2.3126191999552352 0.2995290042738496 0.0 0.4715062818286242 1.4673645969506831e-06 0.38296859379127823 0.44428025320297104 5.156484916749562 11.0 -18.980213191367728 1.5487621982778563 57311.282 57403.062 5 10 "Minimization exited successfully."
01334645 12 0.2312 57335.69474634711 4.616870150998265e-05 -0.6502142858523272 0.2999582785119625 0.0 0.2790348752132559 1.0947312451173315e-06 0.3894595385792049 0.5273200792795573 14.526593842041922 8.0 -18.99925692570715 1.160172965746895 57311.282 57403.062 4 8 "Minimization exited successfully."
01334707 31 0.6488 57340.17015155942 8.094998296934165e-06 0.25162509688939183 -0.2992720214297106 0.0 0.5127875105536077 3.561315002870156e-07 0.43549253663845766 0.5481243743199026 9.673203206795497 11.0 -19.752409112285996 1.0204359542473895 57304.307 57426.071 11 20 "Minimization exited successfully."
01334879 16 0.6393 57335.68668289362 4.703481909640317e-06 -0.4607808996857168 0.2954714793769497 0.0 0.5638126964586263 5.599191828895013e-07 0.42911396084950937 0.4019438292967528 10.347076015230327 12.0 -19.123575047102094 1.1233120257749718 57302.267 57425.071 5 11 "Minimization exited successfully."
01335472 14 0.4989 57343.657720615505 1.3348840275964614e-05 0.7130139130142501 -0.29980091367332923 0.0 1.1421816053625662 1.3287642164336306e-06 1.0136583367987106 0.5747327983925523 5.6294580089972435 10.0 -19.60332189606027 0.9366410132743006 57311.025 57403.049 6 8 "Minimization exited successfully."
01335564 15 0.6077 57343.24767161037 7.005962196868221e-06 0.07371048828307192 0.007866209306143679 0.0 1.7563440073608945 6.7070619437711865e-06 1.258604297982438 0.425673128356 5.826245236670391 11.0 -19.417418931559496 1.0389816968834324 57311.284 57427.068 6 9 "Covariance may not be accurate. Covariance not positive definite. Covariance forced positive definite."
