analysis_pipeline/fit_results/des_4_sn91bg_color_interpolation_blue.ecsv
# %ECSV 0.9
# ---
# datatype:
# - name: obj_id
#   datatype: string
# - name: num_points
#   datatype: int64
# - name: z
#   datatype: float64
# - name: t0
#   datatype: float64
# - name: x0
#   datatype: float64
# - name: x1
#   datatype: float64
# - name: c
#   datatype: float64
# - name: z_err
#   datatype: float64
# - name: t0_err
#   datatype: float64
# - name: x0_err
#   datatype: float64
# - name: x1_err
#   datatype: float64
# - name: c_err
#   datatype: float64
# - name: chi
#   datatype: float64
# - name: dof
#   datatype: float64
# - name: b_max
#   datatype: float64
# - name: delta_15
#   datatype: float64
# - name: tmin
#   datatype: float64
# - name: tmax
#   datatype: float64
# - name: pre_max
#   datatype: int64
# - name: post_max
#   datatype: int64
# - name: message
#   datatype: string
# schema: astropy-2.0
obj_id num_points z t0 x0 x1 c z_err t0_err x0_err x1_err c_err chi dof b_max delta_15 tmin tmax pre_max post_max message
[from data line 54]
01296321 13 0.455 56939.28221094507 5.273559366969494e-16 1.235447341280948 0.4997904077378219 0.0 62.346134347226325 0.03074629973935554 0.32678077537362277 0.7103196881669125 848.272335056015 9.0 -20.9469410936182 1.4662144117825733 56915.267 56990.183 4 9 "Covariance may not be accurate."
01296657 8 0.455 56929.296613848994 1.4599432773820809e-15 0.6625145957066904 0.5000483211259976 0.0 0.27321242516336497 2.7755575615629308e-18 1.0734054628092071e-05 6.219579237737305e-05 1061.4061380177939 4.0 -22.051927423963058 2.2314129806857963 56904.221 56973.075 3 5 "Covariance may not be accurate."
01297026 13 0.455 56888.33369078412 2.475797344914099e-15 0.6786732864070548 0.5004993246678925 0.0 67.99011990575673 0.03076240071574228 0.4164434446320269 0.7106902181059442 442.2230831247796 9.0 -22.62466461524422 2.1928719291466408 56915.203 57001.06 0 13 "Covariance may not be accurate."
01297465 14 0.455 56951.62954487533 2.3592239273284576e-16 0.6500000014260475 0.487646330631168 0.0 0.003484785727778217 0.0 1.3418284261490498e-09 0.010693321925039162 5350.242505307264 10.0 -20.103194239656876 2.2623559731944063 56912.304 57005.249 7 7 "Covariance may not be accurate."
01298281 15 0.455 56941.040979351725 3.358424649491099e-16 1.2226070434630776 0.49949004169929495 0.0 0.040932458512543235 1.3877787807814407e-18 0.003622592026216287 0.0001295596051607284 911.3662597701267 11.0 -20.457762193393638 1.4747329256360189 56915.267 57003.045 4 11 "Covariance may not be accurate."
01298893 4 0.455 56949.71895249272 2.7478019859472625e-16 0.6500000000134576 0.28477607984686165 0.0 0.0008604389295214787 2.7755575615628815e-18 5.355399457229737e-11 0.34797507898976 217.87143519970599 0.0 -20.6715012190046 2.2623505840692566 56943.247 56992.064 2 2 "Covariance may not be accurate."
01299643 33 0.455 56942.97261292426 1.2212453270876723e-16 1.1284573728559697 0.5071535057413222 0.0 0.406802180044906 0.0 4.59844770090978e-05 8.937253252738753e-05 869.5391510427112 29.0 -19.346845038191915 1.547035610007356 56912.346 57018.075 6 27 "Covariance may not be accurate."
01299775 6 0.455 56905.29803740719 2.736699755701011e-15 0.6881803403044042 0.5016962138498922 0.0 0.06685742427725927 2.7755575615629308e-18 4.228142654416622e-05 0.00013921526577509447 578.4016117692581 2.0 -22.73155663352477 2.1708185769808246 56927.224 57001.29 0 6 "Covariance may not be accurate."
01299785 33 0.455 56964.35029702594 2.7755575615628915e-18 0.6500000000010514 0.07314675460348175 0.0 85.34717320737036 0.031053833902501635 0.3726463597788924 0.7076619223621645 1154.89922778989 29.0 -16.105892494531183 2.262341413897282 56920.294 57025.076 15 18 "Covariance may not be accurate."
01300516 17 0.455 56949.85553192442 2.248201624865942e-16 0.7009743455954931 0.5064855011135133 0.0 0.29863293988091755 0.0 9.241070494436787e-06 2.7329740626969024e-05 567.1911823781362 13.0 -20.010488537431797 2.1417702073040026 56923.291 57018.088 6 11 "Covariance may not be accurate."
01300912 32 0.455 56963.526897252115 2.7755575615628915e-18 0.6500000017948715 0.07646182128771128 0.0 82.92920741386843 0.031999572541993385 0.3839801378588605 0.5144545316763217 10441.926332730856 28.0 -16.10003575040689 2.2623415244661587 56920.205 57018.21 16 16 "Covariance may not be accurate."
01301933 16 0.455 56966.02218962219 1.582067810090848e-16 1.241523921038489 0.3836905044127083 0.0 0.005674219493812416 1.387778780781453e-18 0.36818812293005715 0.0003938972011215125 5379.35808553407 12.0 -19.894224176299044 1.462252149896198 56924.193 57025.1 7 9 "Covariance may not be accurate."
01302058 14 0.455 56979.894385210246 9.2148511043888e-16 0.6501799695286089 0.49953898680896314 0.0 75.82796051088371 0.03074622883913299 0.3647168147632044 0.7102618305939825 8134.9626400331945 10.0 -21.553523024739885 2.2619036711741067 56935.363 57025.074 7 7 "Minimization exited successfully."
01302141 22 0.455 57264.51534929889 0.0 0.7898281785458836 0.5138374115376387 0.0 0.0 0.0 0.0 0.0 190.02261286791455 18.0 inf nan 57248.408 57365.041 4 18 "Hesse Failed. Covariance may not be accurate. Covariance not positive definite."
01302187 9 0.455 56967.49585781721 3.302913498259841e-16 0.6500000000684026 0.046742477673219984 0.0 78.43843817548623 0.03111200330946522 0.37334682642183503 0.6929926567790734 482.1493863017097 5.0 -21.340313719934258 2.2623405394917313 56932.171 57012.201 5 4 "Covariance may not be accurate."
01302523 28 0.455 57319.931982291375 0.0 0.895899760552915 0.5000697026058833 0.0 0.0 0.0 0.0 0.0 3893.730151332088 24.0 inf nan 57265.391 57372.059 18 10 "Hesse Failed. Covariance may not be accurate. Covariance not positive definite."
01302648 13 0.455 56963.877403362596 4.3853809472693685e-16 0.6500000011559417 0.31498919351586885 0.0 0.004810227026609937 0.0 2.2653106612757767e-09 0.04379149083469164 991.144644657522 9.0 -21.127747898522152 2.262351162223794 56925.16 57017.076 5 8 "Covariance may not be accurate."
01303004 18 0.455 56965.11072910921 3.7470027081099033e-16 0.8611835136674584 0.4980198916741979 0.0 77.75924598045094 0.030765222868595926 0.40014796378248024 0.710153022023778 1009.0362353871594 14.0 -20.580256120114733 1.850803514231366 56936.363 57033.042 5 13 "Covariance may not be accurate."
01303279 8 0.455 56981.65955019723 3.0364599723498033e-15 0.7048576498176958 0.39243691569757744 0.0 0.06646918841943261 3.469446951953614e-17 0.14071568036774434 0.0102685154231629 1431.3718954769063 4.0 -23.084854139318686 2.1330960214243113 56943.232 57033.164 4 4 "Covariance may not be accurate. Covariance not positive definite. Covariance forced positive definite."
01303496 10 0.455 56966.55159339537 6.16173778666962e-16 0.6500627416042535 0.20079403145927932 0.0 69.9664242652616 0.030746234032928504 0.3715216692840762 0.5997710193505634 362.1766649889645 6.0 -21.719755475242945 2.26218909901284 56943.18 57032.147 3 7 "Covariance may not be accurate."
01303883 17 0.455 57291.04228445328 5.218048215738236e-16 1.0328858793066336 0.5000740335465064 0.0 0.27225845311113517 4.579669976578772e-17 0.07540840823989214 0.10543713933392027 673.6023372528659 13.0 -20.934817298607417 1.6375573818285467 57265.225 57356.122 5 12 "Covariance may not be accurate. Covariance not positive definite. Covariance forced positive definite."
01303952 21 0.455 57289.09984056471 2.7755575615628915e-18 0.8672385708857095 0.0009074316674847482 0.0 94.78105096226864 0.03092062800747176 0.44219098523813144 0.6020477345874387 267.3422869437101 17.0 -16.226250148806248 1.841934592392036 57249.283 57373.055 8 13 "Covariance may not be accurate."
01304127 21 0.455 57288.225623198196 2.4980018054066023e-17 1.1371880955082285 0.47130253189825977 0.0 94.55393976615596 0.03874667600964195 0.3556109024505046 0.7325637066432659 51.20343142752652 17.0 -17.703844449862416 1.539559223627144 57249.286 57373.058 7 14 "Covariance may not be accurate."
01304442 2 0.455 56974.525246241545 7.577272143066694e-16 0.8310824700604164 0.4942846744242769 0.0 70.70403522997367 0.03074622910521942 0.4432338995738946 0.7090440266537434 0.31215392543400966 -2.0 -21.353978929802725 1.8963949420349557 56943.355 56990.214 1 1 "Covariance may not be accurate."
01304678 10 0.455 56963.16432033328 6.300515664747764e-16 0.6500338874147141 0.4999567851826544 0.0 0.6561049988777086 5.551115123125812e-18 3.820772866425237e-06 0.00041579083781750903 36.85337380199379 6.0 -21.139710561445863 2.262271190146553 56943.232 57033.164 3 7 "Covariance may not be accurate."
01305504 14 0.455 56993.90173166851 8.326672684688675e-18 1.2492655624169449 0.009611062321843056 0.0 89.50516380296176 0.031166288481976417 0.359959307604738 0.6629995011844108 2213.8015461738582 10.0 -17.405239500009593 1.457250425563828 56943.274 57039.041 7 7 "Covariance may not be accurate."
01305626 15 0.455 56967.40659916465 1.1102230246251566e-17 1.2461428767640228 0.5087777509677428 0.0 84.95589683467551 0.03116018393219415 0.35230837823071687 0.7175889693707451 16310.977221184605 11.0 -16.740775153577488 1.4592707843427561 56949.133 57044.076 3 12 "Covariance may not be accurate."
01306029 38 0.455 57293.38144566265 2.7755575615628915e-18 0.6500000003164091 0.001996876370761569 0.0 86.53546092878605 0.030883544102244576 0.37059669408571005 0.5956832584051576 1494.3369231644735 34.0 -16.224530459964416 2.2623392107109375 57248.391 57355.214 18 20 "Covariance may not be accurate."
01306073 15 0.455 56980.64975123733 8.326672684688675e-18 1.2392971741184224 0.5091698573497945 0.0 2.3553203500232485 0.0 7.113399785374508e-05 0.00045195051059238045 2167.0392995607053 11.0 -16.427802583779226 1.4637012998019792 56949.136 57044.076 5 10 "Covariance may not be accurate."
01306141 32 0.455 56976.99660136976 1.4432899320127036e-16 0.6699889901630587 0.5091241209799393 0.0 0.22099668101145653 0.0 6.012262907528765e-06 2.780345593911271e-05 794.5403043147288 28.0 -19.525080750900663 2.2134060986564386 56949.339 57051.149 8 24 "Covariance may not be accurate."
01306360 19 0.455 57280.58708739558 2.4980018054066023e-17 0.9738418591283633 0.08736971063068977 0.0 81.88615564586144 0.0307996522317744 0.4206154362050361 0.7136484805656982 31.28578426230228 15.0 -18.466145090927625 1.7017717336930929 57255.415 57355.242 4 15 "Covariance may not be accurate."
01306390 34 0.455 57283.036845243 2.2204460492503132e-17 0.9537486180633397 8.250729672143464e-06 0.0 79.18708593058909 0.03080866446879262 0.42707249177099776 0.6148661148204115 46.335275345503874 30.0 -18.48539223797822 1.7256952699371837 57253.403 57355.228 6 28 "Covariance may not be accurate."
01306537 19 0.455 57320.31796450522 2.7755575615628915e-18 0.6500000000012552 0.0014398264406939032 0.0 88.66393564080136 0.030903167371826804 0.37083838414254716 0.5986403508383192 724.2932461581808 15.0 -16.225410001142894 2.2623391960583206 57265.368 57372.241 11 8 "Covariance may not be accurate."
01306626 36 0.455 57283.02161992829 9.159339953157542e-17 1.164053609087846 0.5461120457725168 0.0 78.21549786439573 0.03207220893121469 0.3392356019697666 0.7372863775901273 397.1518447691673 32.0 -18.970652581695106 1.5175289608534612 57255.413 57355.242 8 28 "Covariance may not be accurate."
01306785 11 0.455 57264.12798445872 0.0 1.2488457190943587 0.50013739357772 0.0 0.0 0.0 0.0 0.0 105.03031086108146 7.0 inf nan 57248.423 57311.111 4 7 "Hesse Failed. Covariance may not be accurate. Covariance not positive definite."
01306980 22 0.455 57275.2044377685 5.551115123125783e-18 0.6502093706124121 0.5000878567041148 0.0 86.15448796041528 0.03077234663888636 0.36449754500101356 0.7107226834967011 73.70151831341536 18.0 -16.001975731919888 2.2618297445238618 57252.233 57372.036 5 17 "Covariance may not be accurate."
01306991 35 0.455 57281.73592147532 5.551115123125783e-18 1.2498763588549981 0.49053797085485396 0.0 18.61588621865667 0.0 0.00012797745764081547 0.03667862280481771 271.5936723086168 31.0 -16.02524914248248 1.4568722814022372 57265.212 57365.041 6 29 "Covariance may not be accurate."
01307277 36 0.455 57279.702850438516 5.551115123125783e-18 1.2481864119995074 0.5072783199544862 0.0 3.1073927166689828 0.0 7.191085583957424e-05 0.0011072994568702699 372.2927603206263 32.0 -15.990589656290275 1.4579566694193389 57256.295 57365.112 8 28 "Covariance may not be accurate."
01307830 31 0.455 57300.36253226097 5.551115123125783e-18 0.6500238682104752 0.020685272951536715 0.0 89.93370908776342 0.03444449174579932 0.4114901738070341 0.6700528150306636 4589.1477735426315 27.0 -16.947177157833277 2.262279683266101 57257.281 57356.144 14 17 "Covariance may not be accurate."
01308314 37 0.455 56999.094416793174 6.106226635438361e-17 1.2122881281923754 0.2600572824976455 0.0 89.99846581575548 0.031163585990589864 0.4215539197264689 0.6299079544335892 3056.503964024337 33.0 -19.078716010181 1.4817603937437518 56943.18 57051.149 20 17 "Covariance may not be accurate."
01308326 16 0.455 56976.34761282243 2.8033131371785207e-16 0.6500367395985807 0.4998320154539186 0.0 0.16615149826611741 1.3877787807814654e-18 2.712612074962095e-07 2.9652409426567106e-05 488.59386157024926 12.0 -20.26075761730631 2.262264008239729 56956.143 57045.109 4 12 "Covariance may not be accurate."
01308568 19 0.455 57320.010213201844 2.7755575615628915e-18 0.6500000000000066 0.0026822561488251684 0.0 100.2727209978948 0.030945918779939546 0.3713510789075233 0.5925472456874202 148.2603224734062 15.0 -16.22344731678233 2.262339230545521 57256.269 57379.063 11 8 "Covariance may not be accurate."
01308582 29 0.455 57297.56810100122 5.551115123125783e-18 0.7430764594157155 0.48913022759789604 0.0 79.46091833844548 0.030765169755903224 0.43921383130634567 0.7078197554231234 1385.7705700492745 25.0 -16.028649426822476 2.052085553561458 57265.391 57365.081 10 19 "Covariance may not be accurate."
01308884 10 0.455 57307.472074435034 1.2476131239225197e-14 1.2461066854584628 0.8463906454693769 0.0 0.014890514332364546 5.828670879282056e-17 0.0019378676237059578 0.0023926465722367007 13864.670315995912 6.0 -23.728739616413595 1.4592933460101634 57278.247 57345.255 4 6 "Covariance may not be accurate."
01308957 19 0.455 57289.1701294589 0.0 0.9446829061744169 0.5001191944186137 0.0 0.0 0.0 0.0 0.0 181.22735119965287 15.0 inf nan 57253.334 57373.055 7 12 "Hesse Failed. Covariance may not be accurate. Covariance not positive definite."
01309288 6 0.455 56975.28109302559 9.048317650695026e-16 0.923874308591089 0.5000670905609803 0.0 0.7050086660528905 3.8580250105724186e-16 0.10413835187024012 0.3423355337032359 24.1901053155738 2.0 -21.532477639736612 1.7635164984166956 56963.244 57061.06 1 5 "Covariance may not be accurate. Covariance not positive definite. Covariance forced positive definite."
01309492 30 0.455 56991.252447760126 1.6098233857064772e-16 0.9115849699826699 0.42714830938375464 0.0 0.1664311160966463 0.0 3.959441842082967e-05 4.019827849435775e-05 6529.749131111497 26.0 -19.824686947021945 1.7798215830772932 56963.265 57066.064 9 21 "Covariance may not be accurate."
01309749 19 0.455 56977.09702534382 2.7755575615628915e-18 0.6500000002890443 0.4995220098988199 0.0 87.01251670225611 0.03074846204801402 0.36898709025496246 0.710286536088697 784.1195316706372 15.0 -15.250719724336367 2.262356445865837 56956.156 57067.046 4 15 "Covariance may not be accurate."
01310338 26 0.455 57001.550324974334 2.7755575615628915e-18 0.7343581472148274 0.1532017545311633 0.0 88.62869703785327 0.03278795532693225 0.46376490682665894 0.5718300694553063 3121.673193864451 22.0 -15.954797623950888 2.069816773811972 56949.115 57052.039 16 10 "Covariance may not be accurate."
01310395 18 0.455 56981.99494944897 9.436895709313832e-17 1.1426963406211725 0.09350542526170358 0.0 0.08793408252677182 1.387778780781447e-18 0.019760176336077295 0.002389578995765723 33.97252448956608 14.0 -19.898113059946485 1.534910651412556 56956.206 57052.037 4 14 "Covariance may not be accurate."
01312274 32 0.455 57001.49752509015 0.0 0.7000322162575237 0.5104274897883343 0.0 0.0 0.0 0.0 0.0 1058.2224539979263 28.0 inf nan 56956.143 57052.1 14 18 "Hesse Failed. Covariance may not be accurate. Covariance not positive definite."
01313594 12 0.455 57025.47490361442 1.7208456881689927e-16 0.9939402959127587 0.35241671901910787 0.0 68.79797565361514 0.030746232931683486 0.4147598519705217 0.6670879444474633 3792.3616685006186 8.0 -20.044966793993783 1.6790010619036835 56973.038 57051.053 8 4 "Covariance may not be accurate."
01314897 25 0.455 57312.45838039412 5.551115123125783e-18 1.1651058118954476 4.387572672598372e-05 0.0 81.52178984474085 0.031390434232297496 0.4462008541370392 0.617701389269987 1566.9334586146304 21.0 -16.980186106152015 1.5166821891034523 57273.337 57372.07 13 12 "Covariance may not be accurate."
