analysis_pipeline/fit_results/des_5_sn91bg_salt2_phase_blue.ecsv
# %ECSV 0.9
# ---
# datatype:
# - {name: obj_id, datatype: string}
# - {name: num_points, datatype: int64}
# - {name: z, datatype: float64}
# - {name: t0, datatype: float64}
# - {name: x0, datatype: float64}
# - {name: x1, datatype: float64}
# - {name: c, datatype: float64}
# - {name: z_err, datatype: float64}
# - {name: t0_err, datatype: float64}
# - {name: x0_err, datatype: float64}
# - {name: x1_err, datatype: float64}
# - {name: c_err, datatype: float64}
# - {name: chi, datatype: float64}
# - {name: dof, datatype: float64}
# - {name: b_max, datatype: float64}
# - {name: delta_15, datatype: float64}
# - {name: tmin, datatype: float64}
# - {name: tmax, datatype: float64}
# - {name: pre_max, datatype: int64}
# - {name: post_max, datatype: int64}
# - {name: message, datatype: string}
# schema: astropy-2.0
obj_id num_points z t0 x0 x1 c z_err t0_err x0_err x1_err c_err chi dof b_max delta_15 tmin tmax pre_max post_max message
01248677 30 0.5053292836292751 56523.28912924671 2.886579864025407e-16 1.191129563856145 0.39656413504531796 2.1444063746545172e-05 3.012075467268005e-05 0.0 9.674768676637413e-06 0.025827246903106504 51209.92520576971 14.0 -20.795096409093656 1.4963805540608668 56538.34 56629.123 0 30 "Covariance may not be accurate."
01250017 16 0.6673227318529071 56519.23826276013 4.171663015029026e-15 0.7192561197024644 0.4388718447085843 0.5729766955084945 24.790475417063135 0.030746252286879893 0.3276164985349988 0.6947419402748145 16550.127493237414 8.0 -24.340712180030426 2.1001938815587557 56534.235 56616.075 0 16 "Covariance may not be accurate."
01253039 18 0.4898204853995313 56532.2689896579 1.1102230246251566e-17 0.8965921188084945 0.2367796706626007 0.5732465322567133 26.133891412162484 0.03255353756665186 0.4516920679792751 0.6183562708742183 1324.6866408502046 5.0 -17.467923986568056 1.7993791969559787 56547.272 56653.09 0 18 "Covariance may not be accurate."
01253101 18 0.4901725999260627 56528.22704790441 1.665334536937735e-17 1.2486066355979188 0.05065163948494755 0.5634636250015419 24.087903992185602 0.031420320520121 0.3640688909815771 0.6955435673413619 869.1797397491079 5.0 -18.28404714849298 1.457267717156327 56543.096 56657.05 0 18 "Covariance may not be accurate."
01253920 15 0.6988526815765422 56550.257158844135 2.153832667772804e-15 0.6500529256827773 0.5000002046655757 0.03372406843857462 0.8915248292178148 2.3592239273284596e-16 0.00016873488416518923 1.388480489000754e-05 8506.200783398675 8.0 -23.604497485601673 2.260538182518868 56559.193 56649.168 0 15 "Covariance may not be accurate. Covariance not positive definite. Covariance forced positive definite."
01255502 10 0.6252831738461432 56560.85757984053 9.861556016232953e-15 0.6956434941585202 0.50802630347745 0.5728680949152701 26.113312311819755 0.030746241037248098 0.42539058103549243 0.7121864009411502 3954.6519927825434 2.0 -24.9478222792534 2.1522816576589143 56579.125 56653.072 0 10 "Covariance may not be accurate."
01257366 8 0.537010547184342 56601.21444976069 1.9123591599168323e-15 0.6824475083145135 0.5000588006163181 0.0341618902807585 0.10298163511833991 2.6506574712925614e-16 0.012462612665609218 0.06785732411099943 511.12314468916514 3.0 -22.777819827872282 2.182518438819219 56590.343 56675.102 1 7 "Covariance may not be accurate. Covariance not positive definite. Covariance forced positive definite."
01257695 11 0.5644411697277324 56575.025000054105 2.8005375796169575e-15 0.691282690836445 0.4357725916801659 2.0167370482326863e-05 7.797279977239668e-08 2.7755575615627336e-18 8.058598512550308e-06 0.00697054395625904 11262.640568729192 3.0 -23.47130963209436 2.162188870474864 56590.027 56675.074 0 11 "Covariance may not be accurate."
01258906 28 0.4948746956311841 56579.01480996821 1.3877787807814457e-17 1.0050233204226422 0.02049171249633236 0.5688225039372403 25.349544084288937 0.03187501144114273 0.4165505559740536 0.6698223628844054 1980.1457061740414 12.0 -18.16111798220383 1.6661699876760956 56594.015 56695.035 0 28 "Covariance may not be accurate."
01258940 35 0.7747058324971502 56575.31630083845 2.7478019859472625e-16 1.2498647872913011 0.5001231016550547 0.1439423494165778 0.00011956084927078336 1.3877787807814407e-18 2.565380908148285e-06 0.0001349052363145975 1391.9281234412856 20.0 -21.644140570819477 1.4564741153442853 56590.313 56697.041 0 35 "Covariance may not be accurate."
01259412 11 0.37852384695419966 56615.70481570706 2.1371793224034264e-16 1.100781760697136 0.002043137156312491 0.5273588102459159 29.572578250739753 0.030746230318647025 0.44377979757454916 0.5954572101093942 10733.29552589636 4.0 -20.466286132397048 1.571102331408671 56603.052 56693.052 1 10 "Covariance may not be accurate."
01261579 10 0.6154274238847095 56616.77134345542 8.520961713998077e-16 0.6500000007715626 0.37427588019778224 4.093254211190445e-06 0.0002260491019114852 0.0 2.467402393513396e-10 0.008207085721501 16058.749062726223 5.0 -22.53302915870721 2.2606671671298884 56616.087 56693.049 1 9 "Covariance may not be accurate."
01262214 23 0.4922195405338684 56610.22707116937 1.1102230246251566e-17 1.001595952379136 7.861842690959353e-05 0.5571743084645695 24.46939611859125 0.03077224812200413 0.4126239052601665 0.6111761709978605 2132.907225502751 13.0 -17.93743258981686 1.669884251736896 56625.281 56698.051 0 23 "Covariance may not be accurate."
01262715 25 0.47338236906183984 56610.233748505765 0.0 1.0114519851799226 0.5001656472662235 0.0 0.0 0.0 0.0 0.0 0.0 -5.0 inf nan 56625.228 56697.09 0 25 "Hesse Failed. Covariance may not be accurate. Covariance not positive definite."
01263369 9 0.5696583706021219 56630.137444574386 1.38222766565832e-15 0.6784402643779852 0.5000601119755275 0.021124827218041375 0.0029276719433255494 1.4849232954361473e-16 0.05183321856472339 0.00437246385113893 1840.9324974733593 4.0 -22.58067281465312 2.1918559596064924 56645.138 56697.039 0 9 "Covariance may not be accurate. Covariance not positive definite. Covariance forced positive definite."
01263715 9 0.8490016297629512 56633.62290531448 2.5979218776228665e-15 0.6537415206154215 0.5000149321252362 0.0007509235706397166 0.28175901171562145 9.992007221626413e-17 0.0021866431716331403 3.648070377268442e-05 3128.026613640466 4.0 -24.329069635685524 2.251326126426658 56645.052 56694.034 0 9 "Covariance may not be accurate."
01275946 18 0.595235348429441 57264.36726698817 1.099120794378905e-15 1.2483372004584585 0.5000606189805578 0.0009563638917343131 0.001473726391850505 1.3877787807814654e-18 5.102966315062574e-06 5.8537059333063635e-05 21111.702314341786 13.0 -22.44780743610293 1.457453159275527 57248.375 57329.031 4 14 "Covariance may not be accurate."
01279500 12 0.8455028860430024 57236.71304335056 7.696621118213898e-15 0.6500000130177926 0.49998269830863906 0.5003079675599165 20.028488582789578 0.03074622344103886 0.3689534873665473 0.7103639047581543 22607.774911318746 7.0 -25.497227347610462 2.2606710469323126 57249.302 57319.114 0 12 "Covariance may not be accurate."
01280217 32 0.7523484036683555 57263.01013142249 1.970645868709653e-16 1.1983633288519884 0.5000126835766593 0.5623283938968611 29.612797423513257 0.030775367404728908 0.3135482373979301 0.7107438469592021 2517.4766893000833 27.0 -21.204986856353436 1.4911300433580692 57248.391 57329.173 6 26 "Covariance may not be accurate."
01281668 20 0.8486329039500172 57237.53474939911 2.536859611268483e-15 0.6500003563100004 0.5000038007653439 0.48994445352967103 21.497905495569285 0.030747111777434867 0.36929707529716677 0.7103801168805084 2887.4761072790097 12.0 -24.302095868711955 2.2606701855533906 57248.375 57342.024 0 20 "Covariance may not be accurate."
01281886 36 0.4841016426828293 57263.196779693935 1.942890293094024e-16 1.118762792192152 0.500100835996674 0.263261098919481 0.002536073578085052 0.0 4.7999320834324344e-05 9.203193295476142e-05 1487.6894543289718 27.0 -20.023454310917785 1.554949154605925 57248.391 57345.231 6 30 "Covariance may not be accurate. Covariance not positive definite. Covariance forced positive definite."
01282736 35 0.7103864265959897 57234.28114791425 3.191891195797325e-16 0.7158311023009741 0.5000804122411815 0.09723541085591164 8.895347855286673e-05 0.0 5.8946424714989565e-05 7.950784026655722e-05 1157.245723380506 22.0 -21.57512954900682 2.1075715369772006 57249.281 57346.029 0 35 "Covariance may not be accurate."
01283373 13 0.5779741670430061 57248.724198897966 4.191091917959966e-15 0.9263590172621448 0.5040416178667688 0.5703244904419225 26.768465754055796 0.0307927352172324 0.43126206839887465 0.7118926330158883 3273.4916745027867 6.0 -23.816987115501597 1.7594317927069625 57265.366 57332.077 0 13 "Covariance may not be accurate."
01283878 15 0.8482950608001801 57235.33023955438 1.8235413179468197e-15 0.6500000124353563 0.4693128302067141 0.17707466536629907 1.2020832324451476 2.178812685826869e-16 0.36950369068133315 0.41820225314723314 188.3925156056573 8.0 -24.01588478734377 2.260669901388571 57249.305 57339.187 0 15 "Covariance may not be accurate."
01283936 42 0.07542876885804459 57261.79868599633 4.163336342344337e-17 1.223894210678728 0.5027211476056788 0.6166602831034421 0.0059357139507483225 1.387778780781447e-18 5.069864479323449e-05 0.00019497576139454464 796.146650379981 28.0 -13.82797980489374 1.4734432946351532 57248.375 57347.081 8 34 "Covariance may not be accurate."
01285160 17 0.25672473392115525 57239.08493503827 1.665334536937735e-17 0.6619475397110726 2.4117133295420423e-06 0.4783621545872858 21.86080487383515 0.03084640427145614 0.40284233895036864 0.6142706906783372 758.8739381158808 1.0 -16.72064632581947 2.231148856920459 57253.285 57372.178 0 17 "Covariance may not be accurate."
01285317 23 0.477580394104536 57259.81970452573 0.0 1.1621773374377558 0.5001059041891333 0.0 0.0 0.0 0.0 0.0 0.0 -5.0 inf nan 57248.378 57356.125 4 19 "Hesse Failed. Covariance may not be accurate. Covariance not positive definite."
01286398 26 0.6361010305526902 57236.56445834482 1.2129186544029836e-15 0.6725595398675931 0.5000002812742808 0.03350479304626558 2.1483523978131416 2.7755575615628914e-16 0.05859045296877602 0.00014557852844973573 3888.0047411273704 15.0 -22.730752500580213 2.205702907852224 57249.293 57331.145 0 26 "Covariance may not be accurate. Covariance not positive definite. Covariance forced positive definite."
01287626 5 0.6360928070145107 56638.53842217006 7.91033905045424e-16 1.020455577936467 0.36156689441658396 2.524652037028119e-05 0.00032113045745063573 2.7755575615628815e-18 2.1252337226385087e-05 0.04076163838532537 2913.893179801881 0.0 -22.56402092343675 1.649769232100983 56660.105 56697.068 0 5 "Covariance may not be accurate."
01289288 19 0.8499618754308638 57233.65138668377 2.7006175074006936e-15 0.6500000000001467 0.5000003750089174 0.008573606650353005 0.016172761945199454 4.579669976578767e-17 6.684317437499754e-06 1.3269905304647e-05 450.19343663320575 9.0 -24.374221796612336 2.2606710803159054 57248.375 57347.079 0 19 "Covariance may not be accurate."
01289555 20 0.48297235853109866 57262.60301799899 2.7755575615628915e-18 1.1632145455969147 0.0006211196890234527 0.5563007600711727 29.685541220387677 0.03086734837577348 0.4394821765679416 0.6042994354210146 394.90231619429096 11.0 -16.38193990501385 1.5176758366643206 57248.393 57365.112 3 17 "Covariance may not be accurate."
01289600 34 0.7826257418226471 57244.82910035328 3.552713678800501e-16 0.6500000004715197 0.5000010259180415 0.02219825294030453 0.0011761602145270444 0.0 1.5507571338169157e-09 4.369229225975602e-06 5663.116143810707 20.0 -21.950509048775174 2.2606710791341484 57255.37 57365.221 0 34 "Covariance may not be accurate."
01289656 19 0.5038833729601806 57234.43112868396 7.216449660063518e-17 0.8530800770069914 0.07804157024440556 0.5636906791960977 24.67807348565475 0.031157156869783605 0.39845304328484954 0.7098437312462524 318.4524741875239 5.0 -19.90059635368362 1.8618251458439516 57255.415 57355.242 0 19 "Covariance may not be accurate."
01289664 17 0.5849918654504066 57265.644868284086 1.0519363158323358e-15 0.7179115795036972 0.49860342238461136 0.00015781018796967583 0.0023775591398589313 0.0 4.4675744206745804e-05 nan 5476.991524084959 11.0 -22.357833007477673 2.1030835087226762 57252.305 57345.229 3 14 "Covariance may not be accurate."
01290779 22 0.7556813974983292 56897.47535053634 2.3869795029440865e-16 0.6665365942112431 0.5003028570614976 0.007457067076133694 0.0018733832257566974 0.0 1.6150257253044753e-05 8.008898817823962e-05 2400.9710883693815 17.0 -21.424449875554576 2.2200751223310924 56887.393 56973.319 4 18 "Covariance may not be accurate."
01290816 10 0.5221987629126663 56899.06589357663 2.581268532253489e-16 0.9416503169153858 0.02730523970088411 0.5623119258770537 29.466546816907794 0.030746230179984305 0.42425344417165173 0.5400808913779164 10094.546512123345 5.0 -21.464434388585815 1.7398777839302255 56887.393 56960.273 2 8 "Covariance may not be accurate."
01291080 13 0.47584243035294455 56899.87036612722 5.551115123125783e-18 1.076364978648817 0.010766278045029998 0.5643048917483913 30.368003575193143 0.03190073265060443 0.4565123610316957 0.5690298266583316 421.15242357132144 8.0 -17.079640778788345 1.593947173867182 56887.272 56973.077 2 11 "Covariance may not be accurate."
01291090 13 0.6394349422709388 56902.00357330402 1.790234627208065e-15 0.6576889978145274 0.5000461286880961 0.5733199087390508 29.587867376965733 0.030752774598349922 0.3388591864861291 0.7104625251011913 2660.6639274830695 8.0 -23.167250507536 2.2415726596782797 56887.213 56973.023 2 11 "Covariance may not be accurate."
01291794 37 0.12959439097474348 57265.73326131991 6.66133814775094e-17 1.1085765225091864 0.49399629580495824 0.0809976634710526 0.009760873723280383 0.0 0.0001883005010798744 0.0003536966908956607 939.8047994714298 18.0 -15.612343510217976 1.5640349664415893 57252.291 57356.172 6 31 "Covariance may not be accurate."
01291957 29 0.8250625023601593 56862.217565151375 2.636779683484747e-16 1.1463364046544995 0.4803114647864613 0.5518207220241006 0.0005199874576646835 1.3877787807814407e-18 0.0001036291237090925 0.00015757003270022718 2803.146500481178 16.0 -21.816008891674628 1.5313638439637387 56877.181 56980.028 0 29 "Covariance may not be accurate."
01292145 19 0.48352197652539247 57263.6957440081 2.7755575615628915e-18 0.7019019512325964 0.052508385507706035 0.5688292051343765 30.42914111860955 0.032207572230007454 0.3048725215674519 0.5090105529383195 185.2706682950805 10.0 -16.299859821309884 2.138192665233948 57252.293 57356.172 3 16 "Covariance may not be accurate."
01292195 19 0.07504264750970123 57246.01455988815 1.3877787807814457e-17 1.050287059882772 0.4975388821636614 5.113059531843683e-05 0.19908021932133124 0.0 0.007786780184765418 0.03269542014491095 261.7687446080927 1.0 -12.633800277830083 1.6193522875994546 57253.265 57387.129 0 19 "Covariance may not be accurate."
01292332 12 0.500317965188357 56911.25191345323 5.023759186428834e-16 1.2461232440476322 0.49766138591505665 0.5584527431453598 28.751699832380837 0.030746526262116228 0.34783763234899995 0.7098318522937852 1459.4517522649512 7.0 -21.14686343502645 1.458875436928917 56890.331 56973.185 2 10 "Covariance may not be accurate."
01292336 12 0.6134172128947393 56912.6103052411 4.274358644806853e-15 0.6520535448037705 0.9999945674877533 2.3003843282465297e-05 0.0006488702310889494 2.775557561563128e-18 2.2513167497462128e-06 0.0006952116192238678 1438.3351868181414 7.0 -23.02392323161052 2.2555262635416504 56890.331 56973.185 2 10 "Covariance may not be accurate."
01292560 11 0.621969592208969 56889.10603436801 5.484501741648274e-15 0.6797536400066657 0.5037371090288549 0.5727469061619738 26.590910658662324 0.03074622472768197 0.30772037620070025 0.7112219755414633 5316.805768107833 5.0 -24.30352920282277 2.1887871003700035 56903.225 56973.038 0 11 "Covariance may not be accurate."
01293319 14 0.8163445711706082 56888.49611840654 2.1926904736346843e-16 0.6502547083081658 0.49504638745308227 4.974102851812434e-05 0.00636579786441871 1.3877787807814407e-18 3.960784679124529e-06 0.18380386147161948 3893.3626170323278 8.0 -21.5518291296423 2.2600314951983336 56887.27 56980.068 1 13 "Covariance may not be accurate."
01293758 17 0.5930694034143624 56892.53096240864 6.269984531570572e-15 0.6500000008093493 0.500236130097491 0.002416978357916655 0.03902276512235403 1.859623566247138e-16 2.722160150625541e-07 8.391140564301125e-05 8964.611688555136 9.0 -24.328439416687804 2.260671078997394 56903.107 56980.026 0 17 "Covariance may not be accurate."
