analysis_pipeline/fit_results/des_5_salt2_2.4_blue.ecsv
# %ECSV 0.9
# ---
# datatype:
# - name: obj_id
#   datatype: string
# - name: num_points
#   datatype: int64
# - name: z
#   datatype: float64
# - name: t0
#   datatype: float64
# - name: x0
#   datatype: float64
# - name: x1
#   datatype: float64
# - name: c
#   datatype: float64
# - name: z_err
#   datatype: float64
# - name: t0_err
#   datatype: float64
# - name: x0_err
#   datatype: float64
# - name: x1_err
#   datatype: float64
# - name: c_err
#   datatype: float64
# - name: chi
#   datatype: float64
# - name: dof
#   datatype: float64
# - name: b_max
#   datatype: float64
# - name: delta_15
#   datatype: float64
# - name: tmin
#   datatype: float64
# - name: tmax
#   datatype: float64
# - name: pre_max
#   datatype: int64
# - name: post_max
#   datatype: int64
# - name: message
#   datatype: string
# schema: astropy-2.0
obj_id num_points z t0 x0 x1 c z_err t0_err x0_err x1_err c_err chi dof b_max delta_15 tmin tmax pre_max post_max message
[from data line 49]
01295027 35 0.4333649866927632 56910.16492380844 1.6125911189562858e-05 -0.4850393749021169 -0.10694131416990638 0.06674067919864277 0.7098357168106304 2.342755116971352e-06 0.6565573797749622 0.12394941583261176 21.588723590442456 30.0 -19.437524169370583 1.1538053949969296 56887.27 56992.066 6 29 "Minimization exited successfully."
01295256 16 0.44693461784637706 56927.552717235194 1.0733943027910198e-05 0.7611916478522325 0.2881512704233267 0.032717043459761425 0.7677834137612081 2.6805127355408747e-06 0.7127959163678974 0.5856739726720618 18.312175454211868 11.0 -19.080325377792015 0.9048313788027009 56904.3 57012.086 4 12 "Minimization exited successfully."
01295305 15 0.690057321635578 56916.03377393824 6.369496312932932e-06 0.11196487833369417 0.29265112704759416 0.08285059718911392 0.9424302009174426 8.039662284062278e-07 0.654535674056852 0.3499333703715338 10.459779060962806 10.0 -19.656275842603865 1.01694664029203 56890.34 57005.11 3 12 "Minimization exited successfully."
01295921 14 0.5289774646948943 56910.75016892169 9.940316867038113e-06 1.9264592984943665 -0.29523414922732033 4.28026643735091e-05 0.0010753875940281432 1.9409152441945967e-06 3.948094787094819 0.5780698349208475 8.835444687186477 9.0 -19.437842646124395 0.7299746202022455 56890.39 56990.199 2 12 "Covariance may not be accurate."
01296273 31 0.3471963990219444 56926.541579721204 2.8114491762762373e-05 -0.438380093299926 -0.11596666127908586 0.01958742774262015 0.6030005858119694 1.5911522915953997e-06 0.39991434411449966 0.045696980690484196 53.13364882419969 26.0 -19.472697938852047 1.1448885551313275 56903.386 57003.047 6 25 "Minimization exited successfully."
01296321 13 0.19355873962340658 56930.50569141993 6.786254833054672e-05 0.5954193628820907 -0.12687020839274388 0.4136171079562485 59.793854926258064 0.03440931829057691 4.063314050128747 0.3852171747492745 5.627349398910573 8.0 -18.980571092761686 0.9507694694316058 56915.267 56990.183 3 10 "Covariance may not be accurate."
01296657 8 0.0943618486143006 56923.22060295492 0.00016193528642373113 0.48842085085844467 -0.004422332751521596 0.025667912260406052 0.31518510537352995 2.338509351325624e-05 0.9192506474470523 0.05614522661351262 0.4945302806851589 3.0 -18.225827859625117 0.9645120269850835 56904.221 56973.075 3 5 "Minimization exited successfully."
01297026 13 0.2859012092192403 56929.15425983763 4.1919341716406544e-05 0.018428629526785922 -0.06995788992568619 0.031202664646308498 0.8495209263746801 1.2052464843916034e-05 0.6350481565668504 0.3973400944577618 14.346776865519592 8.0 -19.416587147785116 1.0532973681962439 56915.203 57001.06 2 11 "Covariance may not be accurate. Covariance not positive definite. Covariance forced positive definite."
01297465 14 0.2689252383980133 56938.74746084838 2.775188329187939e-05 1.1347989977137702 0.29634341767293265 0.010779846165100554 0.2608412329645944 1.7921585512614694e-06 0.21309721976216656 0.5538731163539485 40.29290106671595 9.0 -18.821578141817604 0.8427221439470536 56912.304 57005.249 5 9 "Minimization exited successfully."
01298281 15 0.24004574478141788 56930.52152540976 4.955846893723581e-05 -1.41208539397457 -0.29987826664369444 0.03484234641173617 0.4266123529232573 5.44544217211812e-06 0.4546941391450309 0.5996856875713932 25.071845680162056 10.0 -19.167681468802037 1.3744539957605078 56915.267 57003.045 3 12 "Minimization exited successfully."
01298893 4 0.12586096492281654 56936.52223700987 4.680667878707856e-05 -2.9999999895784324 0.2990456612838412 0.01486803218641937 2.7264644416027295 9.027510384522487e-06 3.669450259559155 0.5336758454154971 0.748411269715503 -1.0 -17.552756540978255 1.7583351204624016 56943.247 56992.064 0 4 "Minimization exited successfully."
01299643 33 0.37343639046898774 56941.046295188855 2.555073819275333e-05 0.544274115925174 -0.097103454794389 0.01637968132528747 0.48313807812155574 1.1705635795791761e-06 0.34449587509488655 0.045011571265630476 58.36799985923183 28.0 -19.55507700797415 0.9585951974122118 56912.346 57018.075 6 27 "Minimization exited successfully."
01299775 6 0.2610309446471841 56942.648097090736 0.00013089919907240954 0.4733115333660951 -0.29518191528248056 0.049333165165137305 1.1541726599207323 4.537260970064183e-05 0.5965168548273228 0.39699296735728357 0.8575152483918933 1.0 -20.43061855886356 0.9794542537271305 56927.224 57001.29 1 5 "Covariance may not be accurate. Covariance not positive definite. Covariance forced positive definite."
01299785 33 0.37022021716916087 56943.3014201197 1.752702279389229e-05 -0.3520531661669426 0.06986483630056506 0.06884311576438706 1.3149279704593937 1.6441228528993334e-06 0.6156715904771644 0.08196661665902893 10.23853696685773 28.0 -19.122969677434487 1.1165389319856445 56920.294 57025.076 7 26 "Minimization exited successfully."
01300516 17 0.3346006087736421 56950.447479303584 3.02073741360126e-05 1.492713196821752 -0.29980448472838955 0.03564881890490251 0.7349526956859336 2.3317115609267087e-06 0.558349043436351 0.5997756256372742 7.832114916851616 12.0 -19.462395728962562 0.8027266737960126 56923.291 57018.088 6 11 "Minimization exited successfully."
01300912 32 0.32736453805793825 56946.346199653584 1.961802620389086e-05 -0.4223278779177826 0.05675366667993409 0.019890294153483673 0.26885773552930914 5.757470330158845e-07 0.1657181804412644 0.025988605512126423 42.47955813996285 27.0 -18.93248654798664 1.1311622667202528 56920.205 57018.21 10 22 "Minimization exited successfully."
01301933 16 0.31890756236602197 56953.022688438905 2.753015188790009e-05 -0.2720332191692503 0.19485633565750565 0.03789332166428641 1.1075058623064251 1.1538426274458613e-05 0.7474140601993331 0.3574102714243277 14.527267580450879 11.0 -19.23622986973894 1.0934905466520632 56924.193 57025.1 5 11 "Minimization exited successfully."
01302058 14 0.1774546287502568 56959.54130730344 0.00013680450042347913 0.755483429454241 -0.1846379052109247 0.019149014711465268 0.2756691178219626 1.5378461591943068e-05 0.2160447088697377 0.11440575447845977 36.83468499941455 9.0 -19.532992728529845 0.9248917162493235 56935.363 57025.074 4 10 "Covariance may not be accurate. Covariance not positive definite. Covariance forced positive definite."
01302141 22 0.598077577511171 57282.14292695642 9.195655254379265e-06 -1.0227312423186041 -0.2549121157734691 0.13968057937668668 4.140773851548147 7.915079355454158e-06 1.3644030100019837 0.4816095391469458 15.807102237885893 17.0 -19.67297989329942 1.278962938545586 57248.408 57365.041 7 15 "Minimization exited successfully."
01302187 9 0.20738513503951234 56953.1507301634 7.587804775697205e-05 -0.5046293695663628 -0.286889170527774 0.06949714731635528 1.1282144984834304 2.999349431383747e-05 0.9882748109649703 0.40259345181262807 1.2477294278238207 4.0 -19.271940923790183 1.168531170062792 56932.171 57012.201 3 6 "Minimization exited successfully."
01302523 28 0.441923935445158 57288.88554799407 1.5514283893985903e-05 0.21695389145509125 0.005287969990574126 0.03813161222077022 0.40047140619935817 1.1703530513620946e-06 0.3407527365334948 0.09247342464774976 25.27820888673502 23.0 -19.446098860595242 1.0127783151078162 57265.391 57372.059 6 22 "Minimization exited successfully."
01302648 13 0.24438240770681396 56948.83891064567 4.145816230855526e-05 -1.0029553363004704 0.29973487484040046 1.5353312549093445e-07 7.503695087507367e-08 2.8766167121982406e-06 0.3814006262140216 0.5692402926636433 10.642976419152745 8.0 -19.018798561195588 1.232434712140389 56925.16 57017.076 3 10 "Minimization exited successfully."
01303004 18 0.30307040284993 56960.93982890252 4.5606747824011866e-05 1.5076994650983293 -0.2561056411847599 1.1206747058123412e-08 0.0005506213128683157 3.6648669567526653e-06 0.2861859326007874 0.3041991900338801 36.37077292944425 13.0 -19.65873647316256 0.7990083031706554 56936.363 57033.042 5 13 "Covariance may not be accurate."
01303279 8 0.17267550497909145 56966.095858753375 0.00024031339585889322 1.217534443825521 -0.29975834844227345 0.03597754595898027 0.6907179708068725 2.6915578269542936e-05 0.71422727467642 0.5547241574165624 49.0059195416988 3.0 -20.082315906241572 0.8491992222133184 56943.232 57033.164 2 6 "Minimization exited successfully."
01303496 10 0.12545837089936998 56966.13322141392 8.299522044860065e-05 0.16281477745151696 0.12111870374401745 0.028972726044208683 0.460609242098144 1.831209848240229e-05 0.48332614268981855 0.1835361612688008 23.777353936684154 5.0 -18.16453954937341 1.0168389174140664 56943.18 57032.147 3 7 "Covariance may not be accurate. Covariance not positive definite. Covariance forced positive definite."
01303883 17 0.21770896144306506 57286.193975488735 5.4269278145718804e-05 -0.38591560411362114 0.07534819912099378 2.0145040718899665e-08 0.0007459106127498671 9.393494767617751e-06 0.41523872770728687 0.2004414756144478 52.19714934794954 12.0 -19.02298657952757 1.1228365021750406 57265.225 57356.122 3 14 "Covariance may not be accurate."
01303952 21 0.4065748497142022 57285.77301748471 8.744192322396317e-06 -1.8778348089442942 0.2999578733905171 5.909414231286547e-07 0.0005871745051990729 9.66188774738364e-07 0.8727082990737711 0.4219254134836507 22.003340536670446 16.0 -18.612055180976004 1.433601991860236 57249.283 57373.055 6 15 "Minimization exited successfully."
01304127 21 nan nan nan nan nan nan nan nan nan nan nan nan nan nan nan nan 0 0 "No bands in data overlap the model."
01304442 2 0.20961378670302483 56965.11935624404 7.682796268989601e-05 0.19044300357075983 -0.06688473364134659 0.6014115766093565 13.22913413734932 5.593938670498122e-05 2.5679500247005898 0.3277045341112916 5.522981344400185e-07 -3.0 -19.30809829645911 1.0211235374389354 56943.355 56990.214 1 1 "Covariance may not be accurate. Covariance not positive definite. Covariance forced positive definite."
01304678 10 0.2532129006174138 56963.88226469923 5.37102810278356e-05 -1.202439029584951 -0.05499464022529485 0.10534157279303055 2.942865327877371 0.0007150716551228384 3.3503499064619016 0.39185675909045403 2.2545695602116655 5.0 -19.38280779142287 1.3048399677662097 56943.232 57033.164 3 7 "Minimization exited successfully."
01305504 14 0.520355900229579 56973.39653147523 1.2728537003270369e-05 -0.2827364782876236 -0.2998827466409806 0.030401773595345627 0.5965445474503213 7.960267246642784e-07 0.3601407661411633 0.5743244458059316 3.443133960743503 9.0 -19.66110171698501 1.1238815060639524 56943.274 57039.041 4 10 "Minimization exited successfully."
01305626 15 0.32219706854888774 56975.23529398498 3.1030288928310394e-05 -0.18612835956707663 -0.10559704489736729 0.016920496009312752 0.35238012377521954 3.1246969652079515e-06 0.2071649025781095 0.2095783259610501 16.122629002374307 10.0 -19.390555745507754 1.094307691483209 56949.133 57044.076 4 11 "Covariance may not be accurate. Covariance not positive definite. Covariance forced positive definite."
01306029 38 0.4019557759048233 57279.58535625522 1.3057335518004698e-05 1.9528936261595646 0.05139823227453827 0.01930119255904081 0.9569493091003096 7.241920375378189e-07 3.7225292061093156 0.06337129086399593 44.51620277709435 33.0 -19.016238749208686 0.7168597637438445 57248.391 57355.214 12 26 "Minimization exited successfully."
01306073 15 0.4423303499258515 56973.766929038895 1.9501370646865523e-05 -0.8398859890497907 -0.2949804803555036 0.060612358025740665 0.6805466368423367 3.448381398923894e-06 0.3088429648946609 0.5321226044797438 0.6037477372475604 10.0 -19.700418454505915 1.2408002100905655 56949.136 57044.076 4 11 "Minimization exited successfully."
01306141 32 0.34049415706571645 56977.162952024526 3.244793015820813e-05 -0.02821148623844527 -0.07518473809913659 1.9165258283965203e-05 0.4177473836753052 1.2281320547174985e-06 0.3078643619789603 0.043278110385491356 24.96272453922725 27.0 -19.57872242072632 1.0623778623889208 56949.339 57051.149 8 24 "Minimization exited successfully."
01306360 19 0.6024073615410195 57283.11087693056 1.1013571894344377e-05 -0.060694431234368906 0.004234019604962003 0.10253353674701085 3.376591581662069 1.1556005737989317e-05 1.4943750314244082 0.4508645213635906 5.2939687322010505 14.0 -19.88532705674036 1.0643263548477968 57255.415 57355.242 4 15 "Covariance may not be accurate. Covariance not positive definite. Covariance forced positive definite."
01306390 34 0.3724248183148281 57279.81365427434 9.441798481732434e-06 -0.2750655294570512 0.2151725397231095 0.05778782465825422 2.079915595943021 1.0942477985803611e-06 1.0471054020380919 0.13125521692462938 5.526648050501003 29.0 -18.468799979027825 1.0928261228959002 57253.403 57355.228 6 28 "Minimization exited successfully."
01306537 19 0.41318069913218525 57287.0020578444 1.0616568289995021e-05 1.2311589005537567 0.29639380272886967 0.027795167583188007 0.7708916128976853 1.950518366183874e-06 0.98950478199809 0.566806982153974 20.211762698815942 14.0 -18.866118591524756 0.8270163368993124 57265.368 57372.241 4 15 "Minimization exited successfully."
01306626 36 0.44322906468894074 57284.97428666103 1.8348002027071542e-05 0.3790247332273369 -0.0045154879165013595 0.04108622442980803 0.5099674731973209 1.7006100786920452e-06 0.43371654497432877 0.09996596605375574 30.728214720950646 31.0 -19.635995379589232 0.9839757069052091 57255.413 57355.242 8 28 "Minimization exited successfully."
01306785 11 0.6698053574594436 57285.55387011185 7.205349602912303e-06 0.4024360517632859 0.2711827738245753 0.15663993023941938 3.688452375736233 5.184019816320551e-06 4.1705497683617265 0.5849678814828371 1.6427170960570958 6.0 -19.71038744120712 0.9668125205461173 57248.423 57311.111 6 5 "Minimization exited successfully."
01306980 22 0.5490869481253216 57282.886854711614 7.350799772010142e-06 -2.463242076482609 0.28963014573706997 0.06073399237009369 2.346426961255929 4.397204537319455e-06 2.6884834168824265 0.3024321426319986 11.738439883391145 17.0 -19.205247671374302 1.5927892572587083 57252.233 57372.036 6 16 "Minimization exited successfully."
01306991 35 0.3752364426551042 57287.79775728755 1.9336718904799934e-05 -0.15546379200365656 0.0009873577090090402 0.10139495152114095 1.8248818260508415 3.219128189192733e-06 1.027484001791655 0.16038794512836943 12.542564594956303 30.0 -19.263883607591012 1.0825224733017862 57265.212 57365.041 8 27 "Minimization exited successfully."
01307277 36 0.3582333455263902 57283.598943282224 1.0807743237001288e-05 -0.5370698669808629 0.29234849482033537 0.05286452606002867 1.2241613405640237 1.5115209351351798e-06 1.166174539093447 0.5373711071912706 18.75292113763294 31.0 -18.518303960931593 1.138370678860305 57256.295 57365.112 8 28 "Minimization exited successfully."
01307830 31 0.33946242235312535 57286.145980084926 1.8941948086353966e-05 -1.8478936725480415 -0.06509378263331086 0.015877947285069915 0.28504592419267283 8.551570742601499e-07 0.25109932896062936 0.04859883670434083 24.374610209553968 26.0 -18.985592880615595 1.4638980017988423 57257.281 57356.144 7 24 "Minimization exited successfully."
01308314 37 0.34945811917654457 56976.87318816457 1.795897457117779e-05 -0.4757704434295884 -0.010272141042230176 0.04420849805781091 0.5796961641208327 1.6697650095973133e-06 0.36330585686693007 0.06233646020532774 30.02998434561671 32.0 -19.001936870425517 1.1459844936745434 56943.18 57051.149 12 25 "Minimization exited successfully."
01308326 16 0.3139436620870435 56976.4589314671 3.550386263872218e-05 0.26060625908956325 -0.2955074556830137 0.03431184631902376 0.7469117138170986 3.835777458748025e-06 0.48455126673003157 0.5846003234863296 11.702447950657485 11.0 -19.475430869727937 1.0185970768052854 56956.143 57045.109 4 12 "Minimization exited successfully."
