analysis_pipeline/fit_results/sdss_4_salt2_2.4_all.ecsv
# %ECSV 0.9
# ---
# datatype:
# - name: obj_id
#   datatype: string
# - name: num_points
#   datatype: int64
# - name: z
#   datatype: float64
# - name: t0
#   datatype: float64
# - name: x0
#   datatype: float64
# - name: x1
#   datatype: float64
# - name: c
#   datatype: float64
# - name: z_err
#   datatype: float64
# - name: t0_err
#   datatype: float64
# - name: x0_err
#   datatype: float64
# - name: x1_err
#   datatype: float64
# - name: c_err
#   datatype: float64
# - name: chi
#   datatype: float64
# - name: dof
#   datatype: float64
# - name: b_max
#   datatype: float64
# - name: delta_15
#   datatype: float64
# - name: tmin
#   datatype: float64
# - name: tmax
#   datatype: float64
# - name: pre_max
#   datatype: int64
# - name: post_max
#   datatype: int64
# - name: message
#   datatype: string
# schema: astropy-2.0
obj_id num_points z t0 x0 x1 c z_err t0_err x0_err x1_err c_err chi dof b_max delta_15 tmin tmax pre_max post_max message
[from data line 1164]
13693 108 1.264635 nan nan nan nan 0.000745 nan nan nan nan nan nan nan nan nan nan 0 0 "exception was raised in user function User function arguments:      z = +1.264635     t0 = +54011.273834     x0 = +0.010000     x1 = +0.000000      c = +0.100000 Original python exception in user function: ValueError: bandpass 'sdss_sako18_g6' [3767, .., 5573.8] outside spectral range [4529.27, .., 20834.6]   File ""/anaconda3/envs/sdss_class/lib/python3.7/site-packages/sncosmo/fitting.py"", line 46, in chisq     zp=data.zp, zpsys=data.zpsys)   File ""/anaconda3/envs/sdss_class/lib/python3.7/site-packages/sncosmo/models.py"", line 1400, in bandflux     raise e   File ""/anaconda3/envs/sdss_class/lib/python3.7/site-packages/sncosmo/models.py"", line 1397, in bandflux     return _bandflux(self, band, time, zp, zpsys)   File ""/anaconda3/envs/sdss_class/lib/python3.7/site-packages/sncosmo/models.py"", line 154, in _bandflux     fsum = _bandflux_single(model, b, time_or_phase[mask])   File ""/anaconda3/envs/sdss_class/lib/python3.7/site-packages/sncosmo/models.py"", line 109, in _bandflux_single"
13703 110 0.234538 54007.12361627755 5.8072614753915676e-05 -0.14942624815611172 -0.014937709778598651 0.0 0.23480870503772167 1.126834797350874e-06 0.2631017285977424 0.019289235028454477 49.80776112905873 62.0 -19.278976028219354 1.0822487569079087 53989.417458 54065.346761 20 90 "Minimization exited successfully."
13719 115 0.118317 53983.22898618656 1.1834581715112202e-05 4.684797902660835 0.6561299050779161 0.0 1.1225278667043312 2.312117677865655e-06 1.9260411146397374 0.11474573368012475 134.01563905340666 65.0 -15.981799506746736 0.21521767234975542 53975.204896 54068.132036 5 110 "Minimization exited successfully."
13721 114 0.280816 53995.10546496608 1.2015166715274584e-05 0.9110966571534673 0.692568268068656 0.0 0.0009141794689639937 1.8813120376565128e-06 1.5236263111188961 0.14414987401767032 168.12896872412003 65.0 -18.041415046361145 0.8625886273926433 53975.212409 54068.139745 5 109 "Minimization exited successfully."
13722 115 0.08642 54022.08102182384 9.464199910184435e-05 5.999999988094913 0.12339909716086406 0.0 0.12903952912529348 1.1276305304303016e-06 0.015753252993084388 0.013824411531288772 2486.988386765715 65.0 -17.530874691450045 0.12835485490044363 53975.244819 54068.17359 45 70 "Minimization exited successfully."
13727 115 0.225337 54004.9716607594 6.068061498367139e-05 1.3044634753943605 0.05579664509054605 0.0 0.30900574865881936 1.3984594622162856e-06 0.3284299684958638 0.020273548020153798 152.7169795729733 65.0 -19.229774344083552 0.8233386281280879 53975.183537 54068.110649 15 100 "Minimization exited successfully."
13730 107 0.255128 53994.34252835309 7.856300150124174e-06 5.999998879935893 0.7286765757509226 0.0 0.0002563170091889333 1.1655028906704111e-06 8.32536283638759 0.14286821903702673 206.86514541320375 61.0 -17.445489951092597 0.1482626551224122 53975.191084 54068.118351 5 102 "Minimization exited successfully."
13731 109 0.457077 54005.85610226136 1.2986582994369833e-05 2.506687708285554 -0.04262768075538148 0.0 2.06791303650607 1.6942054282081952e-06 2.193676393061899 0.07598543936036528 79.18318989396217 62.0 -19.34355584131844 0.6247019635763458 53975.195272 54068.122631 15 94 "Minimization exited successfully."
13732 110 0.400678 54002.19325065407 1.6835078131860472e-05 3.8727787955632422 0.05882492117860849 0.0 2.9064669990075345 1.5406878710016992e-06 2.0581916251572006 0.06211758206513146 75.3427251638134 62.0 -19.29934928917049 0.2999273918727958 53975.202382 54068.129481 15 95 "Minimization exited successfully."
13734 120 0.376849 54002.774815382145 1.5864151491897795e-05 -0.09055456632585912 0.13241236846105986 0.0 1.3013482217793353 1.7355862791840211e-06 1.599645690112526 0.09748262015799636 83.39588650216362 68.0 -19.06096671121515 1.0628887368587918 53975.21782 54068.145756 20 100 "Minimization exited successfully."
13735 110 1.237457 nan nan nan nan 0.000565 nan nan nan nan nan nan nan nan nan nan 0 0 "exception was raised in user function User function arguments:      z = +1.237457     t0 = +54014.196141     x0 = +0.010000     x1 = +0.000000      c = +0.100000 Original python exception in user function: ValueError: bandpass 'sdss_sako18_g6' [3767, .., 5573.8] outside spectral range [4474.91, .., 20584.6]   File ""/anaconda3/envs/sdss_class/lib/python3.7/site-packages/sncosmo/fitting.py"", line 46, in chisq     zp=data.zp, zpsys=data.zpsys)   File ""/anaconda3/envs/sdss_class/lib/python3.7/site-packages/sncosmo/models.py"", line 1400, in bandflux     raise e   File ""/anaconda3/envs/sdss_class/lib/python3.7/site-packages/sncosmo/models.py"", line 1397, in bandflux     return _bandflux(self, band, time, zp, zpsys)   File ""/anaconda3/envs/sdss_class/lib/python3.7/site-packages/sncosmo/models.py"", line 154, in _bandflux     fsum = _bandflux_single(model, b, time_or_phase[mask])   File ""/anaconda3/envs/sdss_class/lib/python3.7/site-packages/sncosmo/models.py"", line 109, in _bandflux_single"
13736 115 0.14882 54015.42489911516 0.00014642167729667644 1.5158767239407096 0.03560307562587384 0.0 0.1061758886789903 1.937943284428532e-06 0.14592053705968322 0.011084108000104731 123.82070929235368 65.0 -19.185036277986825 0.7891609076673518 53975.237354 54068.165464 40 75 "Minimization exited successfully."
13737 115 0.393262 54004.44013791465 2.2126410025438137e-05 0.6203702501379134 -0.15240789293761958 0.0 0.7426085595725453 1.3769619855125144e-06 0.8912256871697055 0.04183197227336083 69.50779710602303 65.0 -19.532115505634454 0.9473887456251155 53975.243156 54068.171462 20 95 "Minimization exited successfully."
13743 124 0.200574 54002.08971375079 1.8313533641808323e-05 1.0689638457886783 -0.23000471673064393 0.0 0.03463716898113489 1.7770015885698604e-06 1.730966995005799 0.08420018557996889 253.26365567634343 71.0 -17.647105288826012 0.8723243410920567 53975.172649 54068.099027 15 109 "Minimization exited successfully."
13744 123 0.221301 54013.64729979065 9.770930899097862e-06 5.999999988840697 1.0906093254501665 0.0 0.7845777903457929 1.0118266313841048e-06 0.07992089279202208 0.08939322223665214 316.5798072844494 70.0 -17.374912749524697 0.1603555738344653 53975.17391 54068.10031 35 88 "Minimization exited successfully."
13750 113 0.330488 54010.11733226074 1.5602069244626814e-05 4.2882988862752285 -0.055931859544928964 0.0 1.1591315116202168 1.6256224476834954e-06 1.3453053383774183 0.06030939851174194 82.16044407792513 65.0 -18.73515282954791 0.24914925034963176 53975.201163 54068.128121 20 93 "Minimization exited successfully."
13753 118 0.091282 54010.069612912615 1.1524114995609126e-15 -1.1426316653667925 -0.7305251344848946 0.0 66.44937709216174 2.8645141536054463e-07 9.546862209438444 1.1023638706660162 716.1751104363657 68.0 9.694890727423584 1.3393987228941313 53975.226593 54068.154248 25 93 "Covariance may not be accurate. Covariance not positive definite. Covariance forced positive definite."
13757 104 0.287424 53993.41266643447 5.155599310375236e-05 1.1825524370396625 -0.17356024941549675 0.0 0.47637350077638985 1.7778718040006846e-06 0.3926320279004534 0.027373869881617774 68.27382182183885 59.0 -19.65677846714666 0.8511863747381838 53975.274142 54062.214037 9 95 "Minimization exited successfully."
13765 114 1.583609 nan nan nan nan 0.000276 nan nan nan nan nan nan nan nan nan nan 0 0 "exception was raised in user function User function arguments:      z = +1.583609     t0 = +54014.155548     x0 = +0.010000     x1 = +0.000000      c = +0.100000 Original python exception in user function: ValueError: bandpass 'sdss_sako18_g2' [3677.2, .., 5573.8] outside spectral range [5167.22, .., 23769.2]   File ""/anaconda3/envs/sdss_class/lib/python3.7/site-packages/sncosmo/fitting.py"", line 46, in chisq     zp=data.zp, zpsys=data.zpsys)   File ""/anaconda3/envs/sdss_class/lib/python3.7/site-packages/sncosmo/models.py"", line 1400, in bandflux     raise e   File ""/anaconda3/envs/sdss_class/lib/python3.7/site-packages/sncosmo/models.py"", line 1397, in bandflux     return _bandflux(self, band, time, zp, zpsys)   File ""/anaconda3/envs/sdss_class/lib/python3.7/site-packages/sncosmo/models.py"", line 154, in _bandflux     fsum = _bandflux_single(model, b, time_or_phase[mask])   File ""/anaconda3/envs/sdss_class/lib/python3.7/site-packages/sncosmo/models.py"", line 109, in _bandflux_single"
13771 119 0.421842 53990.48640229352 1.5110875139050517e-05 5.999989377363221 -0.33049713985783846 0.0 0.8941115142952185 8.723519568643032e-07 0.3977767139111732 0.031357085960198094 187.36254165001793 68.0 -19.38536016234343 0.1145343200062463 53975.220347 54068.147838 5 114 "Minimization exited successfully."
13772 120 0.286104 54013.30124593274 1.878085088026671e-05 5.999999992222238 -0.08558159404717558 0.0 0.5339958823060442 7.883895982652159e-07 0.17362032987784826 0.05092976587539638 438.08673593993814 68.0 -18.63355366211839 0.12183923792008144 53975.220763 54068.148694 35 85 "Minimization exited successfully."
13775 115 0.174475 53999.62095297712 1.8749103734986285e-05 -3.408436631434778 -0.20015317518536235 0.0 0.6810429637807829 1.3015414969008703e-06 1.0408819376559197 0.07661236019233442 84.67896158567063 65.0 -17.332486695739814 2.0012169364212475 53975.238626 54068.167117 20 95 "Minimization exited successfully."
13777 105 0.487443 53997.68587824595 1.109217573216248e-05 0.4876417167959106 -0.00770840388206584 0.0 3.0252348583926505 1.1421699243813203e-06 1.8465828652900624 0.10867800892908408 47.55582528319406 59.0 -19.336907415992023 0.96479402203801 53975.264254 54062.204214 15 90 "Minimization exited successfully."
13778 105 0.530545 53966.18892063527 2.2839682745616762e-05 -0.6571326994592681 -0.5862734336267144 0.0 0.6031053618607984 2.7226256706447413e-06 0.14498378434002568 0.02904159256852762 152.48471237274018 59.0 -20.35912139197021 1.2181784778164335 53975.266727 54062.206781 0 105 "Minimization exited successfully."
13781 119 0.177678 53987.61261180712 1.0908344144417992e-05 5.999999869481872 -0.012698954591909173 0.0 1.7976757264514163 8.62463917261081e-07 0.6098361549304503 0.09963563574524653 89.04866613568036 68.0 -16.876003087319454 0.12408125787733937 53975.287685 54062.228156 5 114 "Minimization exited successfully."
13782 114 0.186142 53974.090630800165 2.503795232278172e-06 2.5514884670614464 0.7106005718998651 0.0 5.574978769363952 1.7749676103823163e-06 9.238284859864427 0.48134785358081267 84.26805189728957 65.0 -15.333242169782892 0.5977322166125489 53975.29956 54068.220627 0 114 "Minimization exited successfully."
13787 114 0.563124 54003.44114087089 7.706493004163706e-06 3.360366553617009 -0.27757193855226003 0.0 1.1235819497705961 9.700399880274712e-07 1.9713076384187467 0.043854444946283766 57.872217172009634 65.0 -19.33066261630986 0.4470367907284185 53975.328506 54068.25092 25 89 "Minimization exited successfully."
13796 105 0.14729 54010.5195098411 0.00018626903336187883 0.873519222600315 -0.004941417303054307 0.0 0.09978937311825575 1.932435694579354e-06 0.1055312847347536 0.010001451527259508 61.862940264381606 59.0 -19.421042971832385 0.897714571322453 53975.275348 54062.215805 35 70 "Minimization exited successfully."
13797 104 0.277755 53986.321791785485 2.5017157168353288e-05 -2.725493423285178 -0.008418928629436162 0.0 0.002766887737379875 3.4367460784118233e-06 0.810421280976946 0.12195131615452548 55.04402784643487 59.0 -18.782417396340854 1.7143270050807402 53975.277403 54062.217516 5 99 "Minimization exited successfully."
13807 115 0.512134 54000.23837229555 1.2920032142599292e-05 0.043547955094888735 -0.1159777739072706 0.0 1.7843462772470957 1.1525720802169075e-06 1.5833789356731374 0.061349816950940494 45.21962679147146 65.0 -19.631995057999596 1.050892224120382 53975.329705 54068.25267 25 90 "Minimization exited successfully."
13808 114 0.266911 54011.19404744093 2.0982642818663245e-05 4.473146091175284 -0.1930774004959971 0.0 0.7204700385045726 1.3066555124940922e-06 0.9765239580062435 0.04616784087754011 139.87976522026548 64.0 -18.52658417202764 0.22783522251891242 53975.330111 54068.25267 40 74 "Minimization exited successfully."
13813 120 0.235143 53998.738282952225 4.887133577222924e-05 -0.27181685909240993 -0.037624642679782494 0.0 0.8935670360733639 1.2394273864935182e-06 0.6281336313041423 0.02613782552209032 59.58277527792881 68.0 -19.097994111365935 1.107206293324868 53975.185656 54068.112743 15 105 "Minimization exited successfully."
13815 115 0.132502 53987.31749019133 1.890227449697468e-05 5.999946015984738 0.388256773637238 0.0 0.838327756311628 1.1804152703748234e-06 2.2384966230019048 0.06497752525841627 287.4272950680057 65.0 -16.78937956405136 0.13693460423224835 53975.186914 54068.114027 5 110 "Minimization exited successfully."
13820 115 0.134433 54004.51043437556 3.214300821852589e-05 -1.0250841279992349 0.06359837762223153 0.0 0.4521823918512382 2.0385327606209347e-06 0.6468366910262979 0.053589529670045266 246.9514814565989 65.0 -17.296101792558343 1.2558387165063714 53975.206163 54068.13329 15 100 "Minimization exited successfully."
13830 105 0.329841 53991.10422185355 3.513713394785789e-05 1.368814235898105 0.0028637505095985283 0.0 0.7016727091540815 2.187274884624111e-06 0.6163376231536106 0.041620650968769435 77.90872782828504 59.0 -19.585586749750536 0.8144186291352646 53975.277827 54062.218343 5 100 "Minimization exited successfully."
13833 219 0.514732 53998.55361720132 1.2199771931235004e-05 1.5059886328443186 -0.15886759644993576 0.0 1.4376756359670253 9.163463278366585e-07 1.080271179085492 0.04241101468365527 127.47710357480396 127.0 -19.584904366405432 0.796549117576216 53974.291983 54063.212193 35 184 "Minimization exited successfully."
13835 109 0.246034 54011.37464115573 6.226164761341857e-05 0.5685908387039502 -0.0497691339455395 0.0 0.25069889692167635 1.189995083041301e-06 0.23511389609378508 0.01921192219748641 54.802215202505806 62.0 -19.473172223766515 0.9523151152899665 53975.317513 54068.239853 40 69 "Minimization exited successfully."
13836 110 0.372747 54003.12955381972 2.7923627215208356e-05 2.415926584425712 0.09596032986871394 0.0 0.8609165674679389 1.2801631317599379e-06 0.8137635971099657 0.03555595229772257 107.77328512888589 62.0 -19.64943372899667 0.6374527926042468 53975.319957 54068.241985 25 85 "Minimization exited successfully."
13840 123 0.240641 54005.74622864921 5.9051778360543764e-05 -1.766871097527372 0.0033601925083417417 0.0 0.2790912053678767 1.4944772269925863e-06 0.31037316131605497 0.025760653331049932 418.3007368916292 70.0 -19.35957010101147 1.4360026495023348 53975.172628 54068.099501 20 103 "Minimization exited successfully."
13850 104 0.187582 54009.126754128745 2.262019622442102e-05 5.999999971182282 0.4289272490675806 0.0 0.6792625485031749 9.239517697773313e-07 0.06737927187452808 0.04760393049819989 417.01223771491266 59.0 -17.816689370569783 0.13827297659948456 53975.272462 54062.212826 30 74 "Minimization exited successfully."
13855 119 0.17634 53982.91865235769 8.93672115987454e-06 5.999998595434009 0.7992017170675929 0.0 1.6294146029395051 1.252625046085365e-06 0.9107433277679338 0.11200881596438494 239.54872237915868 68.0 -16.69105657243784 0.15062664583001606 53975.226157 54068.153866 5 114 "Minimization exited successfully."
13861 115 0.391996 54005.28451935454 1.9950333469193062e-05 0.4619900875573695 -0.07979669583711857 0.0 0.7471094059692405 1.1981469663541181e-06 0.8335797837147667 0.04457088904841633 41.05733650935758 65.0 -19.410471713896534 0.9724959000642315 53975.24027 54068.168433 25 90 "Minimization exited successfully."
13864 105 0.299254 54006.980925417054 3.7181453357442165e-05 0.9951754066594152 -0.019928374018352124 0.0 0.43794949973380426 1.20752959713255e-06 0.4670753171800417 0.026986790501369817 65.6499905046777 59.0 -19.401314233371895 0.8776129525147418 53975.269596 54062.209803 25 80 "Minimization exited successfully."
