analysis_pipeline/fit_results/sdss_4_salt2_2.4_all.ecsv
# %ECSV 0.9
# ---
# datatype:
# - name: obj_id
#   datatype: string
# - name: num_points
#   datatype: int64
# - name: z
#   datatype: float64
# - name: t0
#   datatype: float64
# - name: x0
#   datatype: float64
# - name: x1
#   datatype: float64
# - name: c
#   datatype: float64
# - name: z_err
#   datatype: float64
# - name: t0_err
#   datatype: float64
# - name: x0_err
#   datatype: float64
# - name: x1_err
#   datatype: float64
# - name: c_err
#   datatype: float64
# - name: chi
#   datatype: float64
# - name: dof
#   datatype: float64
# - name: b_max
#   datatype: float64
# - name: delta_15
#   datatype: float64
# - name: tmin
#   datatype: float64
# - name: tmax
#   datatype: float64
# - name: pre_max
#   datatype: int64
# - name: post_max
#   datatype: int64
# - name: message
#   datatype: string
# schema: astropy-2.0
obj_id num_points z t0 x0 x1 c z_err t0_err x0_err x1_err c_err chi dof b_max delta_15 tmin tmax pre_max post_max message
[from data line 92]
1378 95 0.124747 53626.49675980575 2.4720545750016587e-05 1.059541530631508 0.54648638189258 0.0 1.0611204822780564 1.799501205784203e-06 0.7060033712834128 0.06022942212293014 70.40870709432924 53.0 -16.85223325312917 0.8450878466938327 53622.395462 53705.288758 5 90 "Minimization exited successfully."
1385 85 0.335346 53625.912519656435 3.0117111137892837e-05 -0.0344871409704659 -0.11583035991580504 0.0 1.9001613305990759 1.9870970016538912e-06 1.3083514637620075 0.053417881447102966 23.237454742645294 47.0 -19.45953029826352 1.065671525622431 53622.349422 53705.241177 5 80 "Minimization exited successfully."
1395 94 0.184968 53622.84137499867 8.646315180846465e-05 -1.2401347426818798 0.060647051130721774 0.0 0.904767508724035 3.0675412055242127e-06 0.4712773272084245 0.03207146400920613 94.85015648171223 52.0 -19.132090982221296 1.3039827317257497 53622.319024 53705.209591 5 89 "Minimization exited successfully."
1396 95 0.271554 53617.69201793218 4.9477659759615823e-05 3.2298510128361233 0.15757912003126684 0.0 0.00010131961244042031 2.1303268786299054e-06 0.392951187698916 0.04918149375143277 133.82330364453748 53.0 -19.475939560907264 0.46678562574793503 53622.319848 53705.210446 0 95 "Covariance may not be accurate."
1400 85 0.277262 53612.501131284276 2.9493601338026476e-05 1.5951344981584548 0.32917345333330084 0.0 0.022784613251133123 4.87980360240392e-06 1.5987800214749046 0.11543137198860554 97.49696213603808 47.0 -18.965382755416197 0.7670962693524146 53622.369843 53705.262475 0 85 "Covariance may not be accurate."
1403 95 0.359741 53627.874744386056 2.5635218325420484e-05 -1.7018212888705895 0.10598720009398366 0.0 1.0816737998793542 2.0595350409741146e-06 1.153579022646599 0.08100730209562101 47.331199525764326 53.0 -19.462212619320635 1.409373079501119 53622.324791 53705.215148 10 85 "Minimization exited successfully."
1415 85 0.210449 53631.89241358416 5.577320917881434e-05 0.8731113935760586 0.19878704451123208 0.0 0.4787300101997971 2.2948279906731546e-06 0.5000657087224103 0.0325507121412939 70.50177627774485 47.0 -18.97258806407885 0.8897938973545791 53622.342044 53705.233514 10 75 "Minimization exited successfully."
1427 85 0.338832 53614.38817581044 2.600455693747228e-05 4.650757673507911 0.06532331697613958 0.0 0.00023437911659129895 2.6418453506063533e-05 3.128749283959486 1.6243726883652092 47.445509032690744 47.0 -19.365108185414705 0.21047275370354868 53622.376356 53705.269294 0 85 "Covariance may not be accurate."
1450 120 0.399415 53639.19630860847 5.516645761175499e-06 5.999982073112054 -0.43178109468064463 0.0 1.5620538036855578 9.080819197093689e-07 1.9287496197075065 0.07530371687078818 84.11818212682563 68.0 -18.152947042805756 0.1116526211402622 53622.426581 53705.321379 20 100 "Minimization exited successfully."
1452 120 0.324156 53640.01357828192 1.646078061759648e-05 5.999999686248447 -0.23192166610703557 0.0 0.6413651757211483 8.415660597510535e-07 0.16078736618927358 0.045300149707741266 237.53210757780255 68.0 -18.804196329301238 0.11742350334609242 53622.428597 53705.323487 20 100 "Minimization exited successfully."
1456 120 0.198268 53633.23285686388 1.2843667947601833e-05 5.963112303218525 0.622246721131873 0.0 1.3375899337952433 1.1080810193808687e-06 9.653939829870096 0.06461164155302623 63.34101988059011 68.0 -17.34939160693191 0.14607677784318085 53622.437057 53705.332333 10 110 "Minimization exited successfully."
1457 120 0.359187 53616.37041984948 2.5115487475383392e-05 -0.0322705698629866 0.022823908423541095 0.0 4.9216376187468995 4.8081350558343295e-06 1.587726359832041 0.10129925927739808 53.82194266863452 68.0 -19.436300095411195 1.0579764612695186 53622.43746 53705.333175 0 120 "Minimization exited successfully."
1461 194 0.33986 53629.121264096575 2.5204261652315152e-05 0.1688766942097839 0.040951090895949616 0.0 0.6979055858719221 1.2373551929401035e-06 0.6355433737830061 0.03964639390359559 94.61593786051685 113.0 -19.29970312177747 1.0197913499414817 53616.378224 53705.285413 25 169 "Minimization exited successfully."
1464 97 0.288787 53620.87048438679 3.3439519182565384e-05 -1.3849301950214032 -0.11438180483898286 0.0 0.013350059489312116 2.131964610676549e-06 0.7432189046554294 0.06263327610951025 35.89908430934731 56.0 -19.1959290935724 1.3524627007539642 53622.397479 53705.290925 0 97 "Covariance may not be accurate."
1469 100 0.086745 53632.12427229084 1.974379228374068e-05 5.999994274065603 0.45346733435725617 0.0 1.1309982654674968 1.0604478183845458e-06 0.21961265336463942 0.0527939360810582 224.07296945472564 56.0 -15.854235854400617 0.1390843669741848 53622.401125 53705.295161 10 90 "Minimization exited successfully."
1470 207 0.08672 53635.66646249368 1.7345761198483966e-05 5.999999996253777 0.9871741216384446 0.0 0.3742850881026243 7.39604652159055e-07 0.037578025676057614 0.033647586764473214 1146.1563380022537 121.0 -15.765022761663236 0.15691615426511873 53616.389543 53705.297278 34 173 "Minimization exited successfully."
1478 105 0.200911 53619.33206635533 5.5823060727496766e-05 0.7417727133697243 0.047290118946188064 0.0 0.0025438768570893444 2.082707080972022e-06 0.5036282410852335 0.03427867112171923 49.74410484837503 59.0 -18.8584904880438 0.9182008443598448 53622.414475 53705.309122 0 105 "Covariance may not be accurate."
1495 120 0.204013 53624.63228944458 1.414962069206549e-05 2.770606710665758 0.6995661612056059 0.0 2.3849200368422316 1.49465151661199e-06 1.1239807018434411 0.08143411813824353 73.63062026542069 68.0 -17.435889372391024 0.5562006557607262 53622.425778 53705.32052 5 115 "Minimization exited successfully."
1504 235 0.316373 53627.45877879127 2.651442913981672e-05 -0.537181654747604 -0.052673492396849486 0.0 0.6039025107347697 1.171892670527862e-06 0.5422912908246 0.03476067098620156 248.64745666625416 138.0 -19.173146223566036 1.1610667523328004 53616.420565 53705.32937 20 215 "Minimization exited successfully."
1511 120 0.185727 53612.15528866408 3.5277614268954815e-05 -1.9307398885388842 0.3792851849351164 0.0 0.0001034200977301225 4.480926635272441e-06 0.7787042484828608 0.08700139130542484 71.60228492400125 68.0 -18.175883666898187 1.4384076439764577 53622.440281 53705.335683 0 120 "Covariance may not be accurate."
1514 119 0.041224 53630.12716711338 0.00021493602039572958 1.24522810794433 0.6348659217545514 0.0 0.07580937034799717 2.0534343882000543e-06 0.06963805016506353 0.007293669528119828 6191.1039572420095 68.0 -16.675318365034624 0.8120292074696422 53622.442695 53705.338627 10 109 "Minimization exited successfully."
1525 120 0.106504 53631.98535180936 0.00013148576541916924 2.9644754047316226 0.2169664590221465 0.0 0.00018911902589024976 1.7751974335789011e-06 0.15768865892652695 0.010043777354965533 1368.7642372628272 71.0 -18.287711846614712 0.5286717857768934 53622.453549 53705.349546 10 110 "Minimization exited successfully."
1533 90 0.143081 53630.80547508236 1.1807274659757505e-05 5.999994128819626 1.0191182024956467 0.0 1.2817587429271953 1.3976587147207506e-06 0.4690936178537166 0.09409673939833019 182.97834172200402 50.0 -16.520458021346474 0.15798083711607447 53622.310371 53705.200134 10 80 "Minimization exited successfully."
1535 129 0.234585 53635.64033777345 4.682989543267402e-05 5.999999956926043 0.37981275377503043 0.0 0.0007237961799546611 8.283365759625991e-07 0.0233641679963279 0.019026578913557968 771.9633278312731 74.0 -19.148953903043946 0.1366547736403021 53622.457565 53705.35374 15 114 "Minimization exited successfully."
1545 64 0.097666 53623.65100095127 0.0001256028925457431 -2.7209477050050417 -0.0510703474936689 0.0 0.5698815748401103 3.7448203297607547e-06 0.29796359755299706 0.027182439053468233 128.9306384206448 44.0 -18.028057707922162 1.7188286616806892 53622.364957 53705.257337 4 60 "Minimization exited successfully."
1546 113 0.036428 53632.5716057656 4.4905491582400984e-05 5.999999999997085 1.08552240320381 0.0 1.002306817099452e-06 1.216782684366757e-06 0.035797913275138704 0.020196876325637048 2336.188384310357 65.0 -14.848965862773206 0.1601869700100771 53622.476426 53705.373774 10 103 "Minimization exited successfully."
1555 130 0.022961 53630.26848547733 0.00012577321998206604 3.717230365477132 0.36010726676422267 0.0 0.00018141062537324615 2.154091654075761e-06 0.1884306508144995 0.012711466855100828 3895.03004112477 74.0 -14.792626447356398 0.31770448078690805 53622.46198 53705.358768 10 120 "Minimization exited successfully."
1576 120 0.475687 53629.628182294815 1.3753346136645695e-05 -1.3728875241405296 -0.1775006302546649 0.0 1.5921998807207274 1.3216201354165903e-06 1.6183676020142055 0.06217343155907368 57.690404593106585 68.0 -19.5071162826336 1.3548530405938948 53622.443094 53705.338642 10 110 "Minimization exited successfully."
1577 119 0.548885 53680.5125825226 1.4180992492266453e-05 5.999986057102888 -0.3267455227486673 0.0 0.3633530356673873 6.430305503712932e-07 0.36262681072592606 0.014915270803257497 377.8873872151387 68.0 -20.002552109220012 0.11464296465520718 53622.443496 53705.339062 89 30 "Minimization exited successfully."
1580 119 0.183217 53634.0625689024 9.710147204145203e-05 0.91360736097187 0.05178481817441738 0.0 0.18696658953922451 2.124845365715779e-06 0.2190911255670649 0.015886058441168638 110.72583051939367 68.0 -19.236458886664842 0.8887442186292063 53622.448332 53705.344477 10 109 "Minimization exited successfully."
1583 125 0.316788 53625.037162503344 2.6147073145252888e-05 -0.3320207396293364 -0.05845484296018566 0.0 1.987759391686268 1.59360260744701e-06 1.2373599166745408 0.05744551502113798 112.0402370916978 71.0 -19.161454693416132 1.120242305266384 53622.455163 53705.351192 5 120 "Minimization exited successfully."
1588 224 0.14989 53615.878555397016 5.089473418940394e-05 0.9224152303390509 0.46407251081162015 0.0 0.0012191500500193797 1.87479878544061e-06 0.3587159555372472 0.02875419320188266 305.0614728725646 132.0 -18.06563786131452 0.8706801610762014 53616.453079 53705.363341 0 224 "Minimization exited successfully."
1595 105 0.212269 53631.30421699082 8.762072190196201e-05 -0.1254362130017217 -0.025361156373899907 0.0 0.2617302205253509 2.245714885953931e-06 0.3237516774999869 0.020684657907702075 131.1905982704847 59.0 -19.481134757767983 1.0782304873242872 53623.195561 53704.105118 15 90 "Minimization exited successfully."
1601 102 0.327813 53612.44168414753 2.3614741386410733e-05 4.339197861786735 -0.10144756434709079 0.0 3.3105450795155775 5.274598584304459e-06 2.9636214880642093 0.10351494607197775 69.39753420086477 58.0 -19.165965756020295 0.24321894900794305 53623.209034 53704.118817 0 102 "Minimization exited successfully."
1609 113 0.423845 53641.35750590171 2.7218424794873687e-05 5.999999999296417 0.056431588396889776 0.0 0.672035214574862 7.638053868042053e-07 0.06523273367288418 0.0362706326059653 398.93073235363397 65.0 -20.037727815960725 0.1262386790008101 53616.234042 53704.134235 30 83 "Minimization exited successfully."
1627 105 0.337473 53619.47014441092 1.5434664367521834e-05 5.999999093374264 -0.4120899971366423 0.0 1.638692589938728 1.4594294817144033e-06 0.4383644879796833 0.06362377484798593 106.36340274360816 59.0 -18.839249218757818 0.11220488480375934 53623.193024 53704.102582 0 105 "Minimization exited successfully."
1631 105 0.142885 53637.50019918495 1.8896584233333292e-05 5.999999999999519 0.6536794453009929 0.0 0.5313338124797156 1.0825748498316518e-06 0.08291304117917697 0.052063489845459165 290.3898741587411 59.0 -16.987419043838955 0.1457511122797932 53623.197666 53704.107275 25 80 "Minimization exited successfully."
1632 105 0.056351 53635.63533673558 5.6633008168414104e-05 5.271638820747691 0.6718622804386325 0.0 0.213084425755369 1.7253268722627889e-06 0.2581232710075776 0.023731539409726277 1375.9445782941207 59.0 -16.00140957423473 0.17876626419050368 53623.198509 53704.108559 20 85 "Minimization exited successfully."
1650 100 0.302746 53622.39506313704 2.0604848719726342e-05 -1.8746501972087621 0.19451768011779946 0.0 1.1871392345128697 1.683933165410601e-06 1.0481308949139967 0.08523543853128501 45.029025980683976 56.0 -18.789889811444162 1.4438380048776196 53616.294152 53704.19638 5 95 "Minimization exited successfully."
1658 100 0.275748 53638.22381904828 3.604990675885267e-05 0.46275818786571854 -0.029670354383127484 0.0 0.5270966389289242 1.4892490090395728e-06 0.4758054956848854 0.03826657770719233 37.729901464394416 56.0 -19.162659831167645 0.9701707037862732 53616.305257 53704.207928 30 70 "Minimization exited successfully."
1662 52 0.205317 53633.83353507044 1.779129962345083e-05 5.999993411955513 0.16516937177509683 0.0 1.3026376579691714 1.242548547121803e-06 1.3132930376393563 0.08072925868832026 49.216702313961875 29.0 -17.761789628706296 0.12968713985828373 53616.311825 53699.252845 14 38 "Minimization exited successfully."
1668 104 0.21401 53636.265087440246 2.1351573569705628e-06 -5.972320622710756 1.1999997812107353 0.0 2.4562176672443456 4.546383614029149e-07 11.737522405722114 0.10854557787905605 107.5650871680772 59.0 -15.54259441745473 3.091560467973739 53616.329838 53704.23398 24 80 "Minimization exited successfully."
1686 190 0.135049 53624.52970087282 1.5806864007931187e-05 3.4577856644125458 0.6887277588255565 0.0 0.0012529039049695712 1.0435217503873555e-06 0.6211713760560498 0.0554794675658814 226.79177655447694 110.0 -16.5731961584841 0.36771667812935505 53616.318396 53705.222382 15 175 "Covariance may not be accurate."
1688 105 0.357669 53630.396907076654 2.048066968069584e-05 1.2649943480712142 0.024671322515175564 0.0 1.4163352497962478 1.750064326613843e-06 1.4240336607316553 0.061129633932093586 52.156556535026446 59.0 -19.20511637726148 0.8309023985351978 53623.194711 53704.104722 15 90 "Minimization exited successfully."
1709 105 0.143989 53654.16164956788 1.7065458292453429e-06 -5.999772532106582 -0.9999971238018506 0.0 5.43986008662614 1.7843203998263444e-06 9.883794820115467 1.8159229952651539 100.21718696072328 59.0 -14.315644457162147 nan 53616.316766 53704.220259 40 65 "Minimization exited successfully."
1740 105 0.166272 53632.5801819908 0.00011585999807893877 -1.1460405801050566 -0.03577934319486309 0.0 0.1925874650842161 2.2023076621252585e-06 0.21164305769450165 0.018416884451089743 258.7901401419345 59.0 -19.193408985619232 1.2904745156589712 53616.326998 53704.230505 20 85 "Minimization exited successfully."
1741 103 0.203484 53625.8540811385 2.137614932749776e-05 1.4803225479452644 0.4877988996759104 0.0 1.0235806681193935 1.6975954922704413e-06 0.8036166066455439 0.06469950637949218 69.00005118815662 59.0 -17.860728242880228 0.7801896101243386 53616.27849 53704.18007 10 93 "Minimization exited successfully."
1742 99 0.110276 53632.22500255384 1.300629617040472e-05 5.99999980823096 1.102473403401799 0.0 0.6636746567091905 1.2417005294357299e-06 0.07053863512221703 0.07295414700503633 347.5449382457791 56.0 -16.024550896272057 0.1607485582839665 53616.27973 53704.181354 20 79 "Minimization exited successfully."
1748 104 0.337892 53630.97378772838 1.8468785403938927e-05 0.7916156091133235 0.10680472914930261 0.0 1.2282768982622656 1.9052290152427028e-06 1.2682146517226007 0.07826496847797071 46.59829197973194 58.0 -18.94841657133707 0.9072702272235773 53616.293344 53704.195478 20 84 "Minimization exited successfully."
1749 99 0.074924 53626.470818365255 3.0433931385345227e-05 2.1304141095030733 1.1999999619379782 0.0 0.0032370450790040195 4.45254888822854e-07 0.22493850793206072 0.005023371356232209 404.8806181612789 56.0 -15.96150511357277 0.6547830124365603 53616.294992 53704.19719 15 84 "Minimization exited successfully."
1750 100 0.258435 53628.2710938315 2.2570410149395095e-05 1.225771177314484 0.24325604431086512 0.0 0.8750983539976005 1.4769274788123395e-06 0.7984971933583003 0.05663561165940745 53.08589204009147 56.0 -18.496917065610376 0.8298097044792208 53616.296638 53704.198901 20 80 "Minimization exited successfully."
