analysis_pipeline/fit_results/sdss_4_salt2_2.0_red.ecsv
# %ECSV 0.9
# ---
# datatype:
# - name: obj_id
#   datatype: string
# - name: num_points
#   datatype: int64
# - name: z
#   datatype: float64
# - name: t0
#   datatype: float64
# - name: x0
#   datatype: float64
# - name: x1
#   datatype: float64
# - name: c
#   datatype: float64
# - name: z_err
#   datatype: float64
# - name: t0_err
#   datatype: float64
# - name: x0_err
#   datatype: float64
# - name: x1_err
#   datatype: float64
# - name: c_err
#   datatype: float64
# - name: chi
#   datatype: float64
# - name: dof
#   datatype: float64
# - name: b_max
#   datatype: float64
# - name: delta_15
#   datatype: float64
# - name: tmin
#   datatype: float64
# - name: tmax
#   datatype: float64
# - name: pre_max
#   datatype: int64
# - name: post_max
#   datatype: int64
# - name: message
#   datatype: string
# schema: astropy-2.0
obj_id num_points z t0 x0 x1 c z_err t0_err x0_err x1_err c_err chi dof b_max delta_15 tmin tmax pre_max post_max message
[from data line 113]
1525 75 0.106504 53631.985043388755 6.254609617011075e-05 2.5847138853370186 0.786071209908628 0.0 0.00036262290450395085 2.7881706058729935e-06 0.17434009527130812 0.03092702556689031 733.4692963570379 46.0 -17.507539356088103 0.5712338330347748 53622.453549 53705.348717 6 69 "Minimization exited successfully."
1533 36 0.143081 53629.65206314398 0.00028807181010420235 4.894554226240615 -0.9979629034650928 0.0 1.2289967781034647 0.00013250416673744436 0.9567893526079345 1.9254478460608802 51.55189104671776 14.0 -19.947958223747957 0.1879316905629409 53622.3112 53705.199305 4 32 "Minimization exited successfully."
1535 52 0.234585 53635.637095927865 3.790064672031024e-05 5.999999774546811 0.5209712855026547 0.0 4.4093274482293054e-05 1.266418004220893e-05 0.1465050522562068 0.23884505403786227 170.17964939691637 22.0 -18.934252083703758 0.12520862998239934 53622.458394 53705.35291 6 46 "Covariance may not be accurate."
1545 48 0.097666 53619.81337234474 0.00010602124790315081 -3.2213499925801816 0.18058989529192537 0.0 0.5153784291687771 1.4145643820926978e-05 0.3994608711306067 0.09191254116036185 57.8116309730748 28.0 -17.84565981703828 1.9661038091639575 53622.364957 53705.256508 0 48 "Minimization exited successfully."
1546 69 0.036428 53632.56964440063 3.429197267865058e-05 5.954193038512926 1.1999999156980947 0.0 5.423127004178241e-05 4.5548380239457466e-07 0.32039410995722584 0.005767265290312018 1620.143842017571 42.0 -14.560396773606975 0.13464704338589684 53622.476426 53705.372945 6 63 "Minimization exited successfully."
1555 78 0.022961 53625.30691515438 8.774654153078655e-05 0.9688042692807182 0.6841301218306617 0.0 0.0014675245620310307 6.597002337278006e-06 0.15865038335797044 0.04956970396297411 799.3023533745022 48.0 -14.402957528417964 0.85041754073346 53622.46198 53705.357938 3 75 "Covariance may not be accurate."
1576 24 0.475687 nan nan nan nan 5.2e-05 nan nan nan nan nan nan nan nan nan nan 0 0 "No bands in data overlap the model."
1577 24 0.548885 nan nan nan nan 0.000236 nan nan nan nan nan nan nan nan nan nan 0 0 "No bands in data overlap the model."
1580 48 0.183217 53633.87627561174 0.0004588269801303724 0.821175426676545 -0.9845032386550691 0.0 0.44985778713817126 0.00014990021442813804 0.35408507782636267 1.3565885204499633 32.64339495940567 20.0 -20.974786207701573 0.9277836501379433 53622.449161 53705.343648 4 44 "Covariance may not be accurate. Covariance not positive definite. Covariance forced positive definite."
1583 50 0.316788 53628.00090939449 3.021747279291165e-05 -2.285174634115563 0.07902367400481003 0.0 1.4748458316898905 3.144837285232238e-05 1.097851658276595 0.824381898635195 45.557479504625185 21.0 -19.317818076239085 1.6352628386398393 53622.455992 53705.350363 4 46 "Covariance may not be accurate. Covariance not positive definite. Covariance forced positive definite."
1588 92 0.14989 53615.88103546622 5.054397800827615e-05 1.4175403561710613 0.4373730044626958 0.0 0.0007823556588846259 1.7476265779433618e-05 0.5636964202434367 0.21642654417858442 129.82234374055858 42.0 -18.05653359876049 0.7813451972994869 53616.453909 53705.362511 0 92 "Covariance may not be accurate."
1595 42 0.212269 53630.73622518872 1.5562963564839105e-05 -1.5957071798412557 1.1997360841460378 0.0 0.7164111556739954 7.797326816055826e-07 0.5104493539258004 1.4186159134611074 54.3706418544686 17.0 -17.678290462085286 1.2995006514974676 53623.19639 53704.104289 6 36 "Minimization exited successfully."
1601 41 0.327813 53613.73759571459 5.916130040682588e-05 5.999999863032416 -0.999994095756247 0.0 0.001455926088965498 6.032378578999522e-06 7.448437583456141 1.8048873555736078 16.792779349549697 17.0 -20.30207807606558 0.1228855577668746 53623.209863 53704.117988 0 41 "Minimization exited successfully."
1609 23 0.423845 nan nan nan nan 0.00018 nan nan nan nan nan nan nan nan nan nan 0 0 "No bands in data overlap the model."
1627 42 0.337473 53616.497241293364 3.731458111216224e-05 5.999969107736863 -0.9999710175090657 0.0 6.290797102665238 6.390537743056201e-06 8.864805523902593 1.9216395137541942 45.710212504112185 17.0 -19.87522235410146 0.12288676875030902 53623.193853 53704.101753 0 42 "Minimization exited successfully."
1631 42 0.142885 53639.21912598096 7.733765212727395e-06 5.8125362227139235 1.1999405699332408 0.0 0.9250271706587228 5.020195584859441e-07 1.001648205655826 1.8225335296221181 81.99560731550136 17.0 -16.064471179205476 0.13915362690576671 53623.198495 53704.106446 10 32 "Minimization exited successfully."
1632 63 0.056351 53636.090281457844 2.5382533196427472e-05 4.857961254359413 1.19999739121155 0.0 0.22109642603390967 4.4687254309949666e-07 0.25500447244409674 0.1737167836048259 1038.7404355529877 38.0 -15.165532248581481 0.1833569250001581 53623.198509 53704.10773 12 51 "Minimization exited successfully."
1650 40 0.302746 53621.050988784904 6.5792720733159895e-06 -2.3490074815115327 1.1953982576859277 0.0 2.5799528567549714 2.8063920006304866e-06 1.737886555772504 2.1644661634364426 14.695947364171976 16.0 -17.622367626961868 1.4792244999047703 53616.294981 53704.195551 2 38 "Minimization exited successfully."
1658 40 0.275748 53638.462481938186 0.0001296477001212115 -1.211381850106478 -0.9915376146793153 0.0 1.0422158828187094 5.241427513545117e-05 0.8536772638468126 2.0058480322503947 11.886360412090205 16.0 -20.599616411144716 1.4205873905296613 53616.306087 53704.207099 12 28 "Minimization exited successfully."
1662 22 0.205317 53632.478455724864 0.00010851917458049032 3.8287929185173013 -0.9989730416457997 0.0 3.5549584497457545 7.977595915998725e-05 2.586335145196193 2.0587101074833996 12.435904602771181 7.0 -19.7198493355419 0.2973139201255499 53616.312655 53699.252015 6 16 "Minimization exited successfully."
1668 42 0.21401 53636.76040916825 6.561269768734057e-05 -5.99999424620767 -0.9999086779881124 0.0 1.8398674530762946 1.2565195760889655e-05 1.0027137470064007 2.0153997089823603 50.54687545332031 17.0 -19.225502309628602 nan 53616.330667 53704.233151 10 32 "Minimization exited successfully."
1686 76 0.135049 53624.52551361659 1.3735767896834173e-05 1.521988851596901 0.6976887661597515 0.0 0.059958194298815215 2.209914599925089e-05 0.8636503890139835 0.7728586432113989 38.43998398264363 34.0 -16.409359078186146 0.7570577319541236 53616.319226 53705.221553 6 70 "Covariance may not be accurate."
1688 42 0.357669 53631.69420993644 5.375502059920101e-05 0.20248643031735725 -0.9998843293190434 0.0 2.463926239459397 7.4746786489932065e-06 2.053641350919238 2.0959286288832315 18.13623317831939 17.0 -20.30422018780373 1.0612235608743603 53623.19554 53704.103892 6 36 "Minimization exited successfully."
1709 42 0.143989 53649.321863135454 3.698569208506086e-05 -5.999943300103793 -0.9993190291106706 0.0 2.482651146408898 2.221171118340526e-05 2.166789709816112 1.931681018873325 20.69178171298021 17.0 -17.64965535524828 nan 53616.317595 53704.21943 16 26 "Minimization exited successfully."
1740 42 0.166272 53630.84876821174 1.823618944613581e-05 -0.6588289979309154 1.1967638460524848 0.0 0.5908223849874048 2.908524959591708e-06 0.3925157846486895 1.4824011455964836 53.16303567119407 17.0 -17.259311676459426 1.1082340417801397 53616.327828 53704.229676 8 34 "Minimization exited successfully."
1741 42 0.203484 53624.16975340946 7.4041192283558214e-06 0.8168724512511076 1.1961408241147753 0.0 2.288532388905878 1.8907902049825068e-06 1.23972039821715 1.8245812452560553 28.48672964560202 17.0 -16.76818159066458 0.8542650828325158 53616.27932 53704.179241 4 38 "Minimization exited successfully."
1742 61 0.110276 53631.876494363256 1.057654762345872e-05 5.999999366437297 1.1999891760856762 0.0 0.6508275504165795 3.3170189233988575e-07 0.07000435190307996 0.15758824060540833 266.7454896616705 36.0 -15.803977955029996 0.13329596268622268 53616.27973 53704.180525 12 49 "Minimization exited successfully."
1748 42 0.337892 53632.33177758447 2.264532442089129e-05 1.0983603621496325 -0.06597368783734636 0.0 66.62998152770888 0.012012530643840955 8.8168257810095 1.561968682855813 23.808296613544993 17.0 -19.17120642352488 0.8514393960766959 53616.294174 53704.194649 8 34 "Covariance may not be accurate."
1749 60 0.074924 53626.467820855265 2.765669735521503e-05 2.5160714108119766 1.1999999994067085 0.0 0.0003645893775683362 4.2342862210498286e-07 0.24629796264803971 0.004731506999085422 280.9694014306823 36.0 -15.851715454116011 0.5810892951331184 53616.294992 53704.196361 9 51 "Minimization exited successfully."
1750 40 0.258435 53626.08911643265 2.3136863518539165e-05 0.5869613375307274 0.25879052880870645 0.0 1.6784076517651556 2.0701959976192618e-05 1.2492624457940429 0.6375069313025762 15.412343374954157 16.0 -18.523501879830594 0.9349889220943801 53616.297468 53704.198072 4 36 "Covariance may not be accurate. Covariance not positive definite. Covariance forced positive definite."
1770 63 0.104044 53644.06359333444 5.974998273927668e-14 -4.359455990132526 -0.1439490225728387 0.0 68.25246214482831 3.563061523165212e-07 10.947278242198156 1.4187601795400737 289.73052628823467 38.0 5.13203291544216 2.790836919397755 53616.326993 53704.229691 21 42 "Minimization exited successfully."
1773 62 0.118987 53637.166138428875 9.138100687547946e-06 4.2878126625927635 1.1999997263875253 0.0 0.0010319444627384655 3.7265609966363754e-07 0.5770130165658838 0.02119314455885979 99.18789273486806 37.0 -15.751913679318054 0.22606204991254586 53623.18797 53704.096573 15 47 "Minimization exited successfully."
1775 42 0.302486 53634.80711400216 7.578991850557548e-06 -3.0468762928896913 1.1997387898924186 0.0 1.1630965947952063 9.348010674892213e-07 1.1160876103566015 2.067036969479986 11.67684016576958 17.0 -17.774631819593864 1.6731296210141018 53623.189221 53704.097001 6 36 "Minimization exited successfully."
1776 22 0.50551 nan nan nan nan 4.6e-05 nan nan nan nan nan nan nan nan nan nan 0 0 "No bands in data overlap the model."
1794 42 0.1407 53625.56794962326 0.00012773710395795002 0.21484151936203677 0.06409176027286212 0.0 0.8746059706791129 4.0943109672237916e-05 0.4841660082554906 0.19798306951957556 28.557513457591615 17.0 -18.903121284377622 1.0150007028838495 53623.18584 53704.093594 2 40 "Covariance may not be accurate. Covariance not positive definite. Covariance forced positive definite."
1821 66 0.09504 53633.38085966214 1.527239855439677e-05 5.135245653270989 1.1999999989032246 0.0 0.48736658818961587 3.765212749684547e-07 0.40392284616452834 0.01674848431515641 407.4787773336282 40.0 -15.819534757430876 0.16794317410229098 53623.163841 53704.072257 9 57 "Minimization exited successfully."
1825 40 0.155096 53619.36941301333 0.00022489999652330227 3.518900061704473 -0.9772660549142929 0.0 0.0008334594094776548 0.0004951756084063957 1.547577383918148 1.1758521887705258 15.454403637720835 16.0 -19.824509786644676 0.33823935756479173 53623.182875 53704.090631 0 40 "Minimization exited successfully."
1826 20 0.434105 nan nan nan nan 5.3e-05 nan nan nan nan nan nan nan nan nan nan 0 0 "No bands in data overlap the model."
1832 36 0.448729 nan nan nan nan 3.7e-05 nan nan nan nan nan nan nan nan nan nan 0 0 "No bands in data overlap the model."
1835 44 0.270324 53617.36236868887 4.774979274703828e-05 2.3886212086408936 -0.05823223153886392 0.0 3.068272908349172 4.144136346909966e-05 1.958483586877676 0.6457105553920754 19.93237619342137 18.0 -19.424549926898848 0.6127465127449128 53623.171022 53704.079123 0 44 "Covariance may not be accurate. Covariance not positive definite. Covariance forced positive definite."
1902 37 0.215307 53620.42716085411 4.216304091401168e-05 2.8061065333389976 0.17543239343117878 0.0 0.003146773648040835 2.586951808998761e-05 0.9997606624086655 0.42006378376158243 9.23521025530081 14.0 -18.730454023100506 0.5264678043406334 53622.245882 53705.132069 0 37 "Covariance may not be accurate."
1903 83 0.088843 53640.760117728074 2.1874378660634574e-05 5.126504163338343 1.106948854860227 0.0 0.14645854012633208 1.3913227151041148e-06 0.23095670589165884 0.04197730396280108 1281.2218685963724 79.0 -16.04226218224131 0.16799117503474648 53616.245305 53705.144546 22 61 "Minimization exited successfully."
1906 34 0.199072 53607.80845156241 1.301134935334125e-05 -0.6274085629771342 1.1988717022528808 0.0 7.440692842239514 3.285073636742354e-06 1.1330667534131433 2.186843644786816 9.522899660482812 13.0 -17.32727708124113 1.1020973514271013 53622.185574 53705.071398 0 34 "Minimization exited successfully."
1924 0 1.192208 nan nan nan nan 0.001798 nan nan nan nan nan nan nan nan nan nan 0 0 "Empty table passed to fit_lc."
1941 36 0.229542 53623.65702052603 7.310697054689896e-06 2.2597556977999744 1.1923845379680822 0.0 0.003463251247012522 8.641459570485346e-07 1.2948643989174036 0.051998605184487845 16.26930102082764 14.0 -17.04985120510736 0.6256061877440615 53622.226552 53705.112864 2 34 "Covariance may not be accurate."
1958 38 0.368223 53622.170194840124 1.7900870856536465e-05 0.6442530367472568 0.13836263437115437 0.0 7.581946056368906 2.6726653928172975e-05 2.4930751421804853 1.6595675426426133 9.240593851094983 15.0 -19.133944069203608 0.929182300522907 53622.235799 53705.122284 0 38 "Covariance may not be accurate. Covariance not positive definite. Covariance forced positive definite."
1978 40 0.296478 53626.594905071695 7.75638349124086e-06 3.0444222847587845 1.1840580210007299 0.0 4.274354186709388 4.187948179378287e-06 1.5794483704277722 2.0797294458206403 22.310476268424594 16.0 -17.7513852131215 0.4704192554755551 53622.25466 53705.141555 4 36 "Minimization exited successfully."
1979 40 0.285356 53627.97472404689 6.1751191964010135e-06 -1.4800482091218132 1.1935953643836226 0.0 2.578109714337188 3.627393318384464e-06 1.593798563115791 2.172400870639025 34.16634304415395 16.0 -17.404741311851147 1.2749261459140016 53622.255079 53705.141983 6 34 "Minimization exited successfully."
1981 60 0.055563 53635.25453802376 1.2286451489508244e-05 5.14769899589734 1.1945901113153226 0.0 0.4147311644774163 1.8197433120054067e-06 0.6722300543495621 0.37808608833899837 144.74967222255214 36.0 -14.35715878840125 0.16727651773765473 53622.255922 53705.143268 12 48 "Minimization exited successfully."
1985 43 0.199844 53625.17777984402 5.028162782779733e-06 2.2053731139762007 1.1241961726402283 0.0 0.0037579820018436294 9.200298374947847e-06 1.8299420607287926 2.1618388260968158 26.700762031552728 18.0 -16.296852977093522 0.6356382782322996 53622.258841 53705.14541 2 41 "Minimization exited successfully."
1991 42 0.313884 53627.303277812796 9.452310829073386e-06 -0.7898242046300155 1.187499899965215 0.0 2.025748757230758 4.308079033725209e-06 1.2740682741421088 2.069532480090768 26.142531173374206 17.0 -18.105253834872062 1.1341938709833066 53622.269694 53705.156977 6 36 "Minimization exited successfully."
2000 57 0.022141 53631.547283777545 0.0002344750424270359 0.2806607978376352 1.1772918359397497 0.0 0.05021330003000912 4.314551899317073e-06 0.03368432777045349 0.01148041084363105 12095.92837033578 34.0 -15.436470679593427 0.9426259983642993 53622.196609 53705.083339 9 48 "Minimization exited successfully."
