analysis_pipeline/fit_results/sdss_4_salt2_2.4_all.ecsv
# %ECSV 0.9
# ---
# datatype:
# - name: obj_id
#   datatype: string
# - name: num_points
#   datatype: int64
# - name: z
#   datatype: float64
# - name: t0
#   datatype: float64
# - name: x0
#   datatype: float64
# - name: x1
#   datatype: float64
# - name: c
#   datatype: float64
# - name: z_err
#   datatype: float64
# - name: t0_err
#   datatype: float64
# - name: x0_err
#   datatype: float64
# - name: x1_err
#   datatype: float64
# - name: c_err
#   datatype: float64
# - name: chi
#   datatype: float64
# - name: dof
#   datatype: float64
# - name: b_max
#   datatype: float64
# - name: delta_15
#   datatype: float64
# - name: tmin
#   datatype: float64
# - name: tmax
#   datatype: float64
# - name: pre_max
#   datatype: int64
# - name: post_max
#   datatype: int64
# - name: message
#   datatype: string
# schema: astropy-2.0
obj_id num_points z t0 x0 x1 c z_err t0_err x0_err x1_err c_err chi dof b_max delta_15 tmin tmax pre_max post_max message
[from data line 285]
3193 110 0.528563 53603.72345328736 4.4112903158491923e-05 -0.3405970950639343 -0.5895731518516178 0.0 0.0005595877628365997 3.9330308373136675e-06 0.06795697838933101 0.023743117807303427 236.95044100774672 63.0 -21.064422756569698 1.150568033762351 53616.231921 53704.132157 0 110 "Covariance may not be accurate."
3195 104 0.298507 53636.70812809742 3.307060810250895e-05 -2.392397496679764 -0.12062039377165357 0.0 0.49365828943336965 1.5725487959639115e-06 0.5555776073958991 0.04571800384919977 58.83716935113853 58.0 -19.266485324678545 1.623634252777439 53616.33556 53704.239936 24 80 "Minimization exited successfully."
3199 207 0.249612 53647.40866247125 3.868544161027221e-05 1.604748744830144 0.052987742869798904 0.0 0.3565122165273351 1.284636915273028e-06 0.3646739243502082 0.026597613037045553 128.08241975681585 121.0 -18.993310093015037 0.7740500441596154 53616.238193 53705.139814 60 147 "Minimization exited successfully."
3203 100 0.695643 53643.13825019826 8.718263657281344e-06 0.025473986284404226 -0.3826926580632062 0.0 1.5883736232899537 1.0031719493513999e-06 0.17328328208365695 0.024518942049039205 143.35687007825564 56.0 -20.02115954912021 1.0671697605214447 53616.345751 53704.250162 30 70 "Minimization exited successfully."
3206 185 0.415501 53635.06690469916 1.6547197604191988e-05 -0.2461772016339312 -0.1484737698993296 0.0 0.8059848311204405 9.60450913410349e-07 0.7834862542169896 0.05082343998736649 113.34300721156939 107.0 -19.35747931835225 1.1084068201060404 53616.349008 53705.254829 30 155 "Minimization exited successfully."
3225 110 0.34057 53632.75693647716 2.158692830692477e-05 0.3232241664417641 0.08739601395737684 0.0 1.215746514240891 1.7606153910432183e-06 0.9947575615828881 0.06051688183971038 67.55977440884013 62.0 -19.137236356765428 0.9896503859615393 53616.375795 53704.281613 15 95 "Minimization exited successfully."
3241 95 0.257823 53646.870279025985 4.791026673454324e-05 0.7875718808321501 -0.08780276791158015 0.0 0.3658224287755729 1.7492682577152624e-06 0.3989229231842413 0.032448834170747176 60.0029673957051 53.0 -19.30495388957149 0.9156380535704294 53622.193232 53705.080721 30 65 "Minimization exited successfully."
3246 75 0.336281 53637.27420162652 1.835700984337607e-05 5.999999992485941 -0.07617803143847068 0.0 0.9517485759533884 9.101958959761845e-07 0.1855904927796228 0.05113217707431361 129.72200592428632 53.0 -19.015706941933548 0.12212653790953354 53622.208874 53705.096105 20 55 "Minimization exited successfully."
3248 90 0.650291 53651.96797717854 2.4374328283350845e-05 0.6478548185051585 -0.45128508242877563 0.0 0.37350014906405704 1.3287336030426419e-06 0.06306752782998881 0.013306327042493127 406.054512247257 50.0 -20.961382499452068 0.9537589002522147 53622.210563 53705.097816 25 65 "Minimization exited successfully."
3256 95 0.106938 53652.34411004738 0.0002178370900824389 -0.49390898584857723 0.050284299897258355 0.0 0.20261744876916055 7.163850714049226e-06 0.13894521687772166 0.02227701174628427 105.41982284053545 53.0 -18.837555724475973 1.145811328139807 53622.240019 53705.128203 25 70 "Minimization exited successfully."
3265 99 1.828339 nan nan nan nan 0.00051 nan nan nan nan nan nan nan nan nan nan 0 0 "exception was raised in user function User function arguments:      z = +1.828339     t0 = +53656.212473     x0 = +0.010000     x1 = +0.000000      c = +0.100000 Original python exception in user function: ValueError: bandpass 'sdss_sako18_r3' [5404.6, .., 6981.7] outside spectral range [5656.68, .., 26020.7]   File ""/anaconda3/envs/sdss_class/lib/python3.7/site-packages/sncosmo/fitting.py"", line 46, in chisq     zp=data.zp, zpsys=data.zpsys)   File ""/anaconda3/envs/sdss_class/lib/python3.7/site-packages/sncosmo/models.py"", line 1400, in bandflux     raise e   File ""/anaconda3/envs/sdss_class/lib/python3.7/site-packages/sncosmo/models.py"", line 1397, in bandflux     return _bandflux(self, band, time, zp, zpsys)   File ""/anaconda3/envs/sdss_class/lib/python3.7/site-packages/sncosmo/models.py"", line 154, in _bandflux     fsum = _bandflux_single(model, b, time_or_phase[mask])   File ""/anaconda3/envs/sdss_class/lib/python3.7/site-packages/sncosmo/models.py"", line 109, in _bandflux_single"
3271 104 0.625249 53677.63369705389 1.0540382012264038e-05 5.356983773898147 -0.31681221752579536 0.0 0.35077566166364704 1.0200223260581347e-06 1.8016879571509845 0.027479173002200152 301.9553378693394 59.0 -19.99999701198248 0.15158629642994015 53616.329016 53704.232717 79 25 "Minimization exited successfully."
3293 116 0.131102 53620.80783279212 1.0955049166537779e-05 3.486884886847637 1.065714922253671 0.0 0.005543612576730084 1.7222899574126367e-06 0.9990427808783782 0.118110188334689 151.5389221279001 66.0 -16.14426359461134 0.33951274701488643 53616.419359 53704.327253 5 111 "Covariance may not be accurate."
3294 108 0.121619 53645.06977935445 5.36267238684407e-05 3.9321719197957776 0.3727198023577143 0.0 0.3766124352150655 1.5795311035404762e-06 0.39209553153588406 0.023563180009766094 503.9111890614272 61.0 -17.644930739032326 0.29066516162858136 53616.373355 53704.279099 40 68 "Minimization exited successfully."
3317 114 0.159901 53646.4364811344 0.00012125126856119773 -0.6308006360360929 0.02209314309041388 0.0 0.15764053209568374 2.018158593501965e-06 0.16808200311980404 0.014045146784716689 74.49032757322138 65.0 -19.14958288768517 1.1753828197742706 53616.385498 53704.2918 40 74 "Minimization exited successfully."
3329 120 0.121793 53642.7720266107 3.842605443016733e-05 1.2340075446405585 0.18859716687766137 0.0 0.47180849725191365 1.260302816561419e-06 0.45388989746226693 0.03359882847829332 172.4831331345427 68.0 -17.26090550051924 0.83040318780969 53616.403254 53704.310405 35 85 "Minimization exited successfully."
3331 124 0.212097 53650.10362324 5.8821685786518696e-05 -0.054150300016065245 0.07116488727740466 0.0 0.2393912413608632 2.1453799727616533e-06 0.31037860511229765 0.025436046237435006 76.73667355491787 71.0 -19.046813383727383 1.0594675453656741 53616.405671 53704.313359 40 84 "Minimization exited successfully."
3341 115 0.430018 53638.68655510084 1.536504119124649e-05 2.251706704731536 -0.008873329905473626 0.0 1.518633771025634 1.0916450117698375e-06 1.1629428312239232 0.06445119885320927 48.41324135418756 66.0 -19.36733987976593 0.6682861907426592 53616.419354 53704.327268 18 97 "Minimization exited successfully."
3368 115 0.376543 53633.135397876606 2.4041026541514743e-05 1.659418988406303 -0.0768979411441213 0.0 0.8964085457046167 1.5549057873537329e-06 0.8832318601895341 0.04668620343525576 60.15104560692217 65.0 -19.51113153173577 0.7687886755359727 53616.432204 53704.341158 15 100 "Minimization exited successfully."
3372 197 0.156478 53634.80447812592 8.277101476870108e-06 5.999999956029182 0.6922092707590572 0.0 1.1023074434124283 7.195465964687786e-07 0.2302723181075983 0.0786275987023285 149.10191862549112 116.0 -16.3107970065196 0.14704089108955998 53622.196609 53705.084168 35 162 "Minimization exited successfully."
3377 112 0.244478 53645.90332134039 6.468447284153411e-05 1.133707979741735 -0.011206137986730091 0.0 0.30861897814975237 1.4039384059627585e-06 0.28963943292280536 0.019711848422790113 57.35057196566538 64.0 -19.499370737703373 0.8539930676400047 53616.45826 53704.367961 33 79 "Minimization exited successfully."
3391 99 0.809285 53642.52479084033 9.251136471193355e-06 0.3667659435013091 -0.39504596147962545 0.0 1.4530672102118842 9.763913115312659e-07 0.07106544861096431 0.01720510772033773 226.14564716862768 55.0 -20.491044540484552 1.0030340639602535 53623.210293 53704.120118 25 74 "Minimization exited successfully."
3400 100 0.177075 53646.40124036254 1.1180422446441795e-05 5.9999999906907675 0.5247472524380628 0.0 1.1396238856068521 1.2780403224987862e-06 0.5143261818086868 0.10976221682005516 69.74289949738282 56.0 -16.91929773393952 0.14144890963811818 53622.248812 53705.1368 25 75 "Minimization exited successfully."
3403 100 0.465775 53681.69496481618 6.022620601701112e-06 5.999998981912551 -0.38259105895625567 0.0 1.3804469276765303 7.854821199343442e-07 0.7289076059090487 0.04822379780787889 152.24458216557824 56.0 -18.64437751177862 0.11304007221481527 53622.251742 53705.139798 75 25 "Minimization exited successfully."
3426 99 0.231166 53642.798797199976 5.410807539690366e-05 -0.2735906996814661 -0.078697678644996 0.0 0.4594061243260512 2.016280176702079e-06 0.4215190175813044 0.03275689458101705 63.489760927992954 55.0 -19.166788873239355 1.1098973639062706 53622.275533 53705.164216 24 75 "Minimization exited successfully."
3451 109 0.248351 53645.02496496976 6.46164737084487e-05 0.7711374444911421 -0.031325554277095935 0.0 0.29710779751621885 1.6116759923773315e-06 0.3048471488215627 0.022234282946060224 113.6136358711059 62.0 -19.53674240972636 0.9162864513685314 53616.240284 53704.141136 35 74 "Minimization exited successfully."
3452 109 0.229666 53648.48282911239 7.284918256284301e-05 0.9302013347490581 -0.05667083712560994 0.0 0.26007849515008274 1.7420708990179031e-06 0.25736431765645085 0.02037656541185051 54.56455910735681 62.0 -19.474475983461666 0.8899842982315036 53616.241951 53704.14285 35 74 "Minimization exited successfully."
3475 105 0.299548 53643.0265872491 2.5023941352286805e-05 -4.018147781578922 -0.03012882004164208 0.0 0.7325932160638331 1.5676687280880011e-06 0.590385806889266 0.07030093448612379 96.94740708756184 59.0 -18.97133726078599 2.2539479339932704 53616.313478 53704.216446 35 70 "Minimization exited successfully."
3479 103 0.252419 53671.53425535606 2.42211904477041e-06 3.0168354194280287 0.426129036130253 0.0 6.909807421878213 1.0194511082872727e-06 10.266797372998486 0.3312121078925586 60.20858448130959 58.0 -16.02631938879264 0.5107425052170917 53616.338423 53704.242479 63 40 "Minimization exited successfully."
3480 100 0.17373 53670.46546392634 3.217586140297213e-06 5.999999092187867 0.791543141681651 0.0 3.1457393104283256 8.664863658797149e-07 7.509353029771317 0.24645122102582007 97.9264281239536 56.0 -15.545266392082816 0.15036990027888564 53616.350642 53704.255256 60 40 "Minimization exited successfully."
3488 109 0.15883 53646.287625068486 4.817116007728606e-05 -0.1774065029002907 0.30339205731103736 0.0 0.3545115880733647 2.033716361926063e-06 0.3982230415800032 0.03687082913588702 116.78288489918359 62.0 -18.13650175594758 1.0691049718337808 53623.172749 53704.082438 30 79 "Minimization exited successfully."
3497 100 0.165352 53649.040273192106 2.3186441749768473e-05 3.278941050663237 0.1911217161750014 0.0 0.9590512673967169 2.3320787138525482e-06 1.252410778821302 0.07150483155728304 107.59248535834493 56.0 -17.4431456218628 0.45201315823009836 53623.209457 53704.11923 30 70 "Minimization exited successfully."
3508 99 0.495076 53644.38640915899 2.446553754128167e-05 0.5247487307750056 -0.10910052619930533 0.0 0.7367163007402269 1.2494495481674152e-06 0.5830679775118446 0.032382829103670074 44.919668120645774 56.0 -20.236911138695554 0.9625637451591906 53616.355115 53704.259936 35 64 "Minimization exited successfully."
3514 100 0.26267 53652.86781234453 4.8793131462160356e-05 4.56352199492777 0.10160626402672635 0.0 0.3232984681126254 1.6794582316781426e-06 0.45406869706436037 0.024329131481513833 151.49209995751926 56.0 -19.40731881674723 0.21938378629173272 53616.293349 53704.195463 40 60 "Minimization exited successfully."
3517 100 0.11202 53648.60263950067 2.904323423825517e-05 5.999981973329012 0.48211384138799995 0.0 3.184994056937285e-05 1.2067164654461227e-06 1.1386873674086448 0.04148567276353432 224.59758952192718 56.0 -16.867898499613073 0.1400337552216051 53616.301168 53704.203591 40 60 "Minimization exited successfully."
3527 117 0.418798 53636.73259962887 1.258896126437814e-05 4.847360082846231 0.11856548896367691 0.0 1.649663941192557 1.2498522841841719e-06 1.837114246496851 0.10150448721020966 71.23352414811654 66.0 -19.127218783889766 0.19557970637981725 53616.413332 53704.321342 19 98 "Minimization exited successfully."
3532 114 0.181326 53626.644091242255 5.879884906294653e-06 1.016922574423158 0.9278083719062189 0.0 1.971368740847538 1.4833762185156863e-06 1.5115620982661593 0.18662891683806426 50.07124025853123 65.0 -16.213364309804874 0.835481608306246 53616.427001 53704.335231 10 104 "Minimization exited successfully."
3535 114 0.307551 53638.66170388014 2.7269008633785675e-05 1.121769335706679 0.056091622789567586 0.0 0.7773950950577273 1.450366140079428e-06 0.7262941161622147 0.04461191335639092 43.21586276851905 65.0 -19.13370839686916 0.8536372559900407 53616.431417 53704.339853 20 94 "Minimization exited successfully."
3565 104 0.288229 53645.51138172014 3.889550540522313e-05 -0.8944565666833437 -0.1791122900244989 0.0 0.43283046436772565 1.6113034221787452e-06 0.44967960823707154 0.03493854491213161 40.70510021418246 59.0 -19.356363394854263 1.2449989048563026 53616.319203 53704.222456 39 65 "Minimization exited successfully."
3572 104 0.432606 53631.51455228037 1.5025096865316501e-05 5.999996895535308 -0.39754385131227266 0.0 0.9988473646371858 8.521648456405461e-07 0.2383670924104253 0.02731592098828206 248.24224330779663 59.0 -19.445712533191504 0.11261584089394105 53616.327795 53704.23142 19 85 "Minimization exited successfully."
3573 104 0.214527 53621.778992760315 1.527042376321286e-05 5.999989805518624 0.4643329036864736 0.0 2.719828125438653 1.8027695333000524e-06 0.49632033992270586 0.08952736426095131 121.05048522453477 58.0 -17.71858960781936 0.13944421596642087 53616.328204 53704.231847 5 99 "Minimization exited successfully."
3592 105 0.085433 53645.131806281504 0.0005204759488169253 -0.14844597882193966 -0.03197022212309786 0.0 0.04678177650202997 4.162822736012448e-06 0.05471854024506673 0.00603754001174428 451.7138358510508 59.0 -19.263825969351473 1.0829990975763408 53616.364037 53704.269318 40 65 "Minimization exited successfully."
3593 105 0.35505 53626.591190211024 2.2536778741804042e-05 1.2381092135853073 -0.003260897707926924 0.0 1.1291282788006356 1.771957163408944e-06 1.0418442508268972 0.06158400507721268 54.436972168156196 59.0 -19.290194012371195 0.8362973251813557 53616.365659 53704.271018 10 95 "Minimization exited successfully."
3596 110 0.116969 53632.7162594392 5.58842123694947e-06 5.999987159364165 1.1999999907738008 0.0 0.9708087717335729 3.2860796239708735e-07 0.47233807125933414 0.016267023376944856 191.07061577611333 62.0 -15.25926480103459 0.16396450315197697 53616.37417 53704.279932 15 95 "Minimization exited successfully."
3607 100 0.087854 53640.46651900802 2.076738412733814e-05 3.4587587351687112 0.7378628795532334 0.0 0.6825089835656399 2.0230639176344053e-06 0.631815096419623 0.07737410226485975 205.2305608522896 56.0 -15.871319443553567 0.36438336573015917 53622.277194 53705.165946 25 75 "Minimization exited successfully."
3611 195 0.091615 53650.625072581744 2.4878611333661873e-05 5.3676721905224305 0.37684443454042427 0.0 0.000410651475249324 1.3336753597670278e-06 0.5478056998709953 0.040363653218687845 480.7413161834745 113.0 -16.20017362425145 0.16645541746667192 53616.301564 53705.204887 70 125 "Minimization exited successfully."
3644 109 0.214418 53655.70388998182 3.1135588044461926e-06 5.999999620096617 0.21451556215794865 0.0 2.8372789212007774 8.038092173190402e-07 7.585474844364546 0.30839703359407683 102.56045290450065 62.0 -15.977082460850184 0.13127149384169812 53616.379427 53704.28546 40 69 "Minimization exited successfully."
