analysis_pipeline/fit_results/sdss_4_salt2_2.4_red.ecsv
# %ECSV 0.9
# ---
# datatype:
# - name: obj_id
#   datatype: string
# - name: num_points
#   datatype: int64
# - name: z
#   datatype: float64
# - name: t0
#   datatype: float64
# - name: x0
#   datatype: float64
# - name: x1
#   datatype: float64
# - name: c
#   datatype: float64
# - name: z_err
#   datatype: float64
# - name: t0_err
#   datatype: float64
# - name: x0_err
#   datatype: float64
# - name: x1_err
#   datatype: float64
# - name: c_err
#   datatype: float64
# - name: chi
#   datatype: float64
# - name: dof
#   datatype: float64
# - name: b_max
#   datatype: float64
# - name: delta_15
#   datatype: float64
# - name: tmin
#   datatype: float64
# - name: tmax
#   datatype: float64
# - name: pre_max
#   datatype: int64
# - name: post_max
#   datatype: int64
# - name: message
#   datatype: string
# schema: astropy-2.0
obj_id num_points z t0 x0 x1 c z_err t0_err x0_err x1_err c_err chi dof b_max delta_15 tmin tmax pre_max post_max message
[from data line 264]
2929 112 0.118996 53644.36862684806 2.605156329374525e-05 3.540292862199447 0.7415732213814727 0.0 0.40431440947941155 2.655763984360515e-06 0.4484271784966065 0.0745601698684989 223.96306892483892 70.0 -16.824633915814935 0.33669569690277257 53616.336779 53705.240806 38 74 "Minimization exited successfully."
2943 33 0.264048 53640.44801627242 0.00016917923598962602 -1.128667565614398 -0.9999971918869536 0.0 1.2055237719214347 1.2006070598934434e-05 0.8790521921233121 0.49430486187825406 31.77205313614232 29.0 -20.78134103586879 1.35221524626807 53622.374739 53705.265505 10 23 "Minimization exited successfully."
2970 54 0.082938 53607.39747621833 0.00017937267909707178 5.999999969324344 0.44689996204690496 0.0 0.009085883473744616 1.1004597938830683e-05 0.015225160402774662 0.047796407274451 12096.802671332858 32.0 -18.146406723483157 0.13886690023377568 53622.397476 53705.290535 0 54 "Minimization exited successfully."
2986 48 0.045116 53607.40356208016 3.948415191441845e-05 -1.6075931871293534 1.1999989805296747 0.0 0.1421556896493712 1.0702265500045472e-06 0.2626198263870405 0.048667498521289376 490.0775460159967 27.0 -15.091652576828604 1.275946498871722 53622.403562 53705.296841 0 48 "Minimization exited successfully."
2992 66 0.126077 53641.28437828133 0.00013285067086596492 -1.0093156876652385 0.15602435616666255 0.0 0.2270958217595762 7.499565023526546e-06 0.16152016399131597 0.04475874036838745 97.44303950202736 40.0 -18.686726913616084 1.2452237150153245 53622.475621 53705.372126 12 54 "Minimization exited successfully."
3049 35 0.165342 53644.862410376685 0.0005028031943167066 0.5388242519641526 -0.9969374073111946 0.0 0.5365084468467103 0.00010368045212027276 0.6307752446024448 1.641821194149229 27.16997280832492 13.0 -20.824112482475208 0.9915393746725378 53622.243789 53705.129912 10 25 "Minimization exited successfully."
3050 52 0.09956 53666.53122937652 1.1266376489986741e-05 3.8831230137193504 1.1999995503276537 0.0 0.7679096380161354 3.6095866253804696e-07 0.5831436870621856 0.01637191468172361 283.79530977516674 30.0 -15.560164064571403 0.2921335939413723 53622.243379 53705.13034 24 28 "Minimization exited successfully."
3063 40 0.09047 53620.71130857321 5.1890274966071016e-05 2.958156405327683 1.1999968919179902 0.0 92.94407121267068 1.4355615404809666e-06 0.006302402497046167 1.736619329895106e-06 1358.3707660705147 36.0 -16.977358814667774 0.4998388055573173 53616.334351 53704.235696 2 38 "Covariance may not be accurate. Covariance not positive definite. Covariance forced positive definite."
3065 39 0.154383 53629.48976751604 4.015803596039258e-05 -0.3593680201855678 -0.20989740406802748 0.0 0.007443451104336418 7.06931656461207e-05 1.683343510322778 1.4856629210195724 12.819872529113532 15.0 -17.86825819160864 1.134383386246519 53622.262617 53705.149188 6 33 "Covariance may not be accurate. Covariance not positive definite. Covariance forced positive definite."
3077 72 0.244054 53647.64772632354 5.310124480169654e-05 0.5419412183038528 0.18859421969846069 0.0 0.5269873588986229 2.508009023572455e-05 0.5673498158777659 0.34223443243060436 60.09369001684503 68.0 -19.282265747326864 0.9465350430383204 53616.227339 53705.126532 23 49 "Minimization exited successfully."
3080 42 0.173146 53647.60999070537 2.0688688317813675e-05 -0.17560243986058488 1.1966117494423822 0.0 0.3590570225605916 2.9659763344935813e-06 0.4547572305669103 1.4358029165589188 12.951869144911852 17.0 -17.498155142196087 1.0101953531785064 53616.359204 53704.262477 16 26 "Minimization exited successfully."
3087 42 0.164306 53648.109590697255 5.056953959399313e-05 0.0873305534599158 0.6391039075505325 0.0 0.35492465193601674 1.4494597662944587e-05 0.41648026932769433 0.1893073974435422 5.514065561408014 17.0 -18.287455220131207 1.0016153428599956 53616.368537 53704.27225 16 26 "Covariance may not be accurate. Covariance not positive definite. Covariance forced positive definite."
3092 89 0.113517 53601.2693810205 2.2570834090629435e-15 -0.32424914708951924 -0.9997808410573361 0.0 79.95187325325242 2.6820034069080513e-06 8.532859062457273 1.3680550595729928 399.46791926155424 55.0 8.4353818739296 1.1655844713770236 53616.269377 53704.16985 0 89 "Covariance may not be accurate. Covariance not positive definite. Covariance forced positive definite."
3150 79 0.33168 53634.52961990838 3.986586536483872e-05 -0.8126434987494751 -0.444091167005203 0.0 1.1594936441797472 2.3614453254939828e-05 0.9810904022404658 0.510459648054229 55.99340349811021 75.0 -19.744805445608744 1.2442722044198327 53616.244038 53705.142349 14 65 "Minimization exited successfully."
3159 0 1.537698 nan nan nan nan 0.000572 nan nan nan nan nan nan nan nan nan nan 0 0 "Empty table passed to fit_lc."
3161 20 0.370041 53608.18786889357 9.079269889606612e-05 5.999944947679383 -0.996229679345425 0.0 19.819983673321985 0.00014190372045654541 11.78827590219486 1.2986685266281977 33.53371275883911 16.0 -21.03097497127904 0.0975144231575591 53623.190019 53704.096224 0 20 "Minimization exited successfully."
3172 72 0.315382 53619.405306571905 3.612442787803261e-05 0.8309263197104482 -0.2547031675814182 0.0 60.784644085357286 0.01264943559652474 8.753354438446795 1.4708195774756647 82.70340917424923 68.0 -19.505122439185392 0.914275671196414 53622.258855 53705.145776 0 72 "Minimization exited successfully."
3175 45 0.220288 53630.74749885301 7.783725393946118e-06 -0.43451995223061957 1.1999996660080825 0.0 1.6513613051793072 5.280485840852834e-07 0.7923108042258575 1.6584159728074415 43.96053877255765 41.0 -17.02094722695543 1.0541515809302382 53616.433862 53704.340671 6 39 "Minimization exited successfully."
3180 40 0.245505 53601.33147800966 7.402158705603901e-06 5.999999756972905 1.19998373457073 0.0 1.4699109184075496 5.969824486007359e-07 0.18032769764791556 0.26945105377245493 184.3624360644742 36.0 -17.34457986867075 0.1639636017067545 53616.332307 53704.234416 0 40 "Minimization exited successfully."
3193 20 0.528563 53640.09746021292 2.0753807532482018e-05 0.9047361042849866 -0.30409841096867696 0.0 8.081764930717327 0.0001580950882822635 9.425761086659103 1.8206085483311507 14.649906942951581 16.0 -20.234027522498586 0.9031293648566603 53623.224524 53704.131328 5 15 "Covariance may not be accurate. Covariance not positive definite. Covariance forced positive definite."
3195 39 0.298507 53634.100495650906 9.260983417689329e-05 -3.3536941023945124 -0.999998795972232 0.0 1.300861337374954 8.000065072407686e-06 1.160179377348807 0.447226949573305 24.103037183964247 35.0 -20.431368090036614 2.1199741656133426 53616.336389 53704.239107 6 33 "Minimization exited successfully."
3199 77 0.249612 53647.18846954008 7.63461639612828e-06 1.4373361357981906 1.1999991216751194 0.0 1.1022455802558397 4.5952696483109135e-07 1.1224836150781927 1.8799632345963135 52.8088899077721 73.0 -17.309563832811673 0.7602750054728595 53616.239022 53705.138985 23 54 "Minimization exited successfully."
3203 0 0.695643 nan nan nan nan 0.000197 nan nan nan nan nan nan nan nan nan nan 0 0 "Empty table passed to fit_lc."
3206 37 0.415501 53638.94545379547 0.00010282981096933597 -5.171954246155925 -0.9991257911166193 0.0 2.673455808606377 3.466191201260183e-05 2.4091449103511273 2.0908219436109046 35.8126836851837 33.0 -21.384792254372993 4.031101290374462 53616.351496 53705.254 9 28 "Minimization exited successfully."
3225 44 0.34057 53635.75368588936 1.1133321497825976e-05 0.8585650444286106 0.7050604899499933 0.0 1.990643770666793 5.4452058565634955e-06 1.5651867957054177 0.39492933614978976 49.411706296619734 40.0 -18.445153602563668 0.8704114675496868 53616.376625 53704.280784 8 36 "Minimization exited successfully."
3241 34 0.257823 53645.45771599208 1.0754298900572667e-05 -1.04167444980932 1.1099195866633194 0.0 0.9474898762491648 6.605128175186103e-06 1.1105562200909809 1.5298392956322364 40.285533824595866 30.0 -17.747707528332796 1.1720521580447674 53622.194061 53705.079891 12 22 "Minimization exited successfully."
3246 30 0.336281 53633.28536646683 7.105073609806612e-06 1.8084886305060834 1.1999997761593328 0.0 0.002743262673902791 8.175045995362223e-07 1.5233350555798966 0.05428441000060058 53.81269303965584 26.0 -17.97835520260898 0.7045610146771395 53622.209704 53705.095276 6 24 "Minimization exited successfully."
3248 0 0.650291 nan nan nan nan 0.000127 nan nan nan nan nan nan nan nan nan nan 0 0 "Empty table passed to fit_lc."
3256 52 0.106938 53652.127004595495 0.00016410517583628992 -0.13986230329778593 0.27142539089366813 0.0 0.2817734686068434 1.1813131914814592e-05 0.21258395325449442 0.05076080563138041 57.89661360132967 31.0 -18.53409055952289 1.0640492868338605 53622.240019 53705.127373 15 37 "Minimization exited successfully."
3265 0 1.828339 nan nan nan nan 0.00051 nan nan nan nan nan nan nan nan nan nan 0 0 "Empty table passed to fit_lc."
3271 20 0.625249 53601.66660289578 1.8398467146130138e-06 -5.999976959000951 1.1999998586605685 0.0 100.6492373354522 5.545433388427502e-06 10.116527766881774 1.2358439792253542 7.017377173191635 16.0 -18.11545055621903 3.1213196768775617 53616.331504 53704.231887 0 20 "Minimization exited successfully."
3293 46 0.131102 53623.79124493392 9.112318507016326e-06 2.6535537495410573 1.19999986389187 0.0 0.002331615389266517 7.440444597295313e-07 0.959528324007624 2.1996018983559416 43.53595627497472 19.0 -15.951605150574256 0.5653980957878311 53616.420188 53704.326424 2 44 "Minimization exited successfully."
3294 63 0.121619 53647.47434338559 2.0005607704307594e-05 5.999992219979294 1.1328083327036973 0.0 0.39764057423963095 1.5892591595650929e-06 0.32613379592646563 0.061385003624874646 248.16925824021797 38.0 -16.72535131632946 0.1617519136885086 53616.373355 53704.27827 22 41 "Minimization exited successfully."
3317 43 0.159901 53646.71201714652 0.000606951618601348 -1.3032466695760458 -0.9997858133666334 0.0 0.3465802507707849 3.173327391475632e-05 0.3817087166723141 1.513016829207822 17.81049213901978 18.0 -20.946742603257295 1.3968511198747038 53616.386327 53704.29097 14 29 "Minimization exited successfully."
3329 67 0.121793 53642.78848133337 2.030924643405596e-05 1.6162762294796877 0.7047053344618086 0.0 0.6743589060897648 2.8184273351222757e-06 0.49413729025011177 0.10705452708936802 76.41580252816715 40.0 -16.59399674462052 0.7512600459921117 53616.403254 53704.309575 18 49 "Minimization exited successfully."
3331 47 0.212097 53650.71653365724 0.00010857200983214743 -0.358828106469784 -0.3701307023010443 0.0 0.591708563901193 8.541743430720837e-05 0.7866122908022959 0.5250673478861471 42.7736237299719 43.0 -19.718552498015413 1.1430748516261389 53616.4065 53704.31253 15 32 "Minimization exited successfully."
3341 22 0.430018 53640.179332166124 1.263254894457999e-06 -5.999997461619924 1.1999993569323566 0.0 10.554220907211857 9.801579141627268e-07 8.855215361514928 1.879702837582467 9.763076964747567 18.0 -16.72655031565343 3.1213424927011637 53616.421842 53704.326439 4 18 "Minimization exited successfully."
3368 22 0.376543 53640.6244516678 4.763314619761205e-06 -5.581624454948685 1.1999999877771415 0.0 4.333326664593187 1.063481007950173e-06 8.389417660093448 1.3692350471515402 13.699327502543461 18.0 -17.82626444957546 2.740117529960802 53616.434692 53704.340329 5 17 "Minimization exited successfully."
3372 76 0.156478 53634.372218012206 3.743922184931137e-06 5.999880880711036 1.1999994992595786 0.0 1.6320554920093855 3.099115361365757e-07 2.55047983950928 2.1076734229500347 31.524680371961843 34.0 -15.511764076212874 0.16396759082708812 53622.197438 53705.083339 14 62 "Minimization exited successfully."
3377 42 0.244478 53646.03189419715 6.338002641138041e-05 1.1024142439241391 0.011021360487670995 0.0 0.802256084883993 3.785295159001445e-05 0.7934951588656589 0.4332671885050235 39.58520014196674 38.0 -19.477229972430152 0.8584603720311392 53616.459089 53704.367132 12 30 "Minimization exited successfully."
3391 0 0.809285 nan nan nan nan 0.000214 nan nan nan nan nan nan nan nan nan nan 0 0 "Empty table passed to fit_lc."
3400 38 0.177075 53680.347863182316 3.760756944725108e-06 5.999339134052256 1.1999999996097337 0.0 2.068006447309017 4.437929439554676e-07 9.247640535153646 2.0377463671494125 26.70064904029425 15.0 -15.812895691992352 0.1639834334691379 53622.249641 53705.13597 28 10 "Minimization exited successfully."
3403 19 0.465775 53642.20436278396 8.214989191312473e-05 3.6108136282892715 -0.9979873219339641 0.0 4.13461934438601 4.906296090140205e-05 9.839137037331376 1.8593936646641582 11.740805878153042 15.0 -21.45096113656741 0.4003610425853843 53622.25423 53705.138969 5 14 "Minimization exited successfully."
3426 40 0.231166 53607.27553316308 8.389307607007402e-06 5.999999999972907 1.1999991981621698 0.0 0.12351831647902145 7.806193101689286e-07 0.3286997631041597 0.20789370744915248 187.84457560809122 36.0 -17.332251215545774 0.16396410215538992 53622.276362 53705.163387 0 40 "Minimization exited successfully."
3451 39 0.248351 53645.39846885514 0.00014713499666333286 -0.39095239066280296 -0.6081461249433346 0.0 0.6206480627697601 0.0001018012926467582 0.8664362030152546 0.49264368960304633 29.485145057488925 35.0 -20.447679508176805 1.1620402091335613 53616.241113 53704.140307 12 27 "Minimization exited successfully."
3452 41 0.229666 53649.457396116435 7.22584155452577e-05 1.3497491385444187 -0.05005208968586661 0.0 0.8308842325131991 4.871459232113129e-05 0.8417498454902348 0.4747775494206872 35.56829377026281 37.0 -19.466039994037875 0.8192522636593118 53616.244439 53704.14202 13 28 "Minimization exited successfully."
3475 40 0.299548 53645.34725190814 8.979484224047151e-05 -5.008340740575704 -0.9995768289940931 0.0 0.953647561622347 1.8386657210594516e-05 1.3516825096264398 1.8741436268239118 60.968329739579204 36.0 -20.40517739720141 3.6417169457883602 53623.304727 53704.215617 14 26 "Minimization exited successfully."
3479 40 0.252419 53672.08159533584 7.445620619517257e-07 -5.999746394500214 1.1885342151066842 0.0 4.90424127694132 9.073960968708494e-07 11.545465885300011 1.3591394926567077 28.9143231255262 36.0 -14.803115353314041 3.1313885454191777 53616.339252 53704.24165 24 16 "Minimization exited successfully."
3480 40 0.17373 53683.47638385538 2.5303544735744144e-06 -0.010043474790171203 1.1999999474818854 0.0 3.2844889100488217 5.933760713189295e-07 3.861050660118228 1.8829009635200287 35.64047758384327 16.0 -15.225466297385513 0.9827717748317149 53616.351472 53704.254427 32 8 "Minimization exited successfully."
3488 42 0.15883 53608.398854602034 1.0887406038581072e-05 5.999999984755361 1.1999996851877963 0.0 0.5699356964687468 7.651323167245931e-07 0.09028809126096426 0.22481375896558575 333.4278608403739 17.0 -16.706370080814615 0.1639641185848859 53623.173579 53704.081608 0 42 "Minimization exited successfully."
3497 39 0.165352 53654.144142137004 5.83824160707791e-06 5.999998821416515 1.1999993344627264 0.0 1.7238649615937902 5.062040419906432e-07 1.2132838921126439 1.9017712016920474 38.57362205286594 16.0 -16.125996543588734 0.16396414104598733 53623.210286 53704.118401 12 27 "Minimization exited successfully."
3508 19 0.495076 53643.61317556358 3.8951879253068535e-06 -5.999960183266805 0.7403557010210815 0.0 4.433307336166763 0.00011566287446204804 9.697784633748254 1.8001121818919001 22.38882746335406 15.0 -18.26780756825474 3.62178329130667 53616.357603 53704.259107 6 13 "Minimization exited successfully."
3514 40 0.26267 53656.14155231408 1.4651169585150336e-05 4.06523807629055 1.070904954082946 0.0 0.7507900271521066 6.2754673149084675e-06 0.8444865759460134 0.3025210158776671 65.896725544879 36.0 -18.156590843926523 0.2732077078855113 53616.294178 53704.194634 18 22 "Minimization exited successfully."
