analysis_pipeline/fit_results/sdss_4_salt2_2.4_all.ecsv
# %ECSV 0.9
# ---
# datatype:
# - name: obj_id
#   datatype: string
# - name: num_points
#   datatype: int64
# - name: z
#   datatype: float64
# - name: t0
#   datatype: float64
# - name: x0
#   datatype: float64
# - name: x1
#   datatype: float64
# - name: c
#   datatype: float64
# - name: z_err
#   datatype: float64
# - name: t0_err
#   datatype: float64
# - name: x0_err
#   datatype: float64
# - name: x1_err
#   datatype: float64
# - name: c_err
#   datatype: float64
# - name: chi
#   datatype: float64
# - name: dof
#   datatype: float64
# - name: b_max
#   datatype: float64
# - name: delta_15
#   datatype: float64
# - name: tmin
#   datatype: float64
# - name: tmax
#   datatype: float64
# - name: pre_max
#   datatype: int64
# - name: post_max
#   datatype: int64
# - name: message
#   datatype: string
# schema: astropy-2.0
obj_id num_points z t0 x0 x1 c z_err t0_err x0_err x1_err c_err chi dof b_max delta_15 tmin tmax pre_max post_max message
[from data line 192]
2230 95 0.112116 53643.691707977734 1.7095498422565747e-05 3.7481193660120855 1.1999999981301732 0.0 70.73595482461678 0.012079743975931947 8.83275623455771 1.3569238252825255 1449.0946239539812 56.0 -16.285229973411354 0.3070764156049961 53616.354717 53704.259905 28 67 "Covariance may not be accurate."
2234 110 0.080525 53619.25827264753 1.001142887411155e-05 -1.343237962270658 1.069518860712316 0.0 56.528500234195235 7.334548207033049e-07 0.0004608678442843406 4.287089311438841e-05 151.59365936018708 62.0 -14.899060896060895 1.2350763139963234 53616.36284 53704.267982 5 105 "Covariance may not be accurate. Covariance not positive definite. Covariance forced positive definite."
2235 105 0.346426 53617.85494352537 2.520920877892241e-05 1.2620518263990812 0.01595685500582844 0.0 3.036075166797673 2.294107585654182e-06 1.5083498039292325 0.0642123869243344 49.517379789044234 59.0 -19.349368350230613 0.8316799089801563 53616.363652 53704.268832 5 100 "Minimization exited successfully."
2236 105 0.253016 53652.94249398238 2.6527885048089895e-05 5.999999997400932 -0.18677316978889424 0.0 0.5057064903267019 7.693022644256207e-07 0.08690087910455446 0.03793579871335301 304.9387767137308 59.0 -18.702397756201087 0.11877304388495702 53616.367708 53704.273079 40 65 "Minimization exited successfully."
2246 114 0.194216 53634.404564625125 6.0134507373103e-05 0.5383572819035276 0.1253033358691491 0.0 0.31945208705292316 1.7974142875371e-06 0.3582178507647318 0.024127871624418873 108.29307291484712 65.0 -18.857587840835343 0.9500085931016429 53616.44747 53704.356593 15 99 "Minimization exited successfully."
2250 110 0.252085 53695.365851291914 3.093723755103195e-06 -5.99999790607148 0.7278131125167693 0.0 0.5518749743496301 2.107644440200174e-06 1.8656968805367065 0.5475260481062826 150.1514962549295 62.0 -16.299306099244827 3.6387867557464055 53616.370946 53704.276491 100 10 "Minimization exited successfully."
2272 208 0.471837 53673.232170646355 1.0937976216331968e-05 5.212023975231542 -0.2399795326771067 0.0 1.279739314384642 8.300469089650424e-07 1.9360820495796833 0.039714101293673476 327.5909117718995 121.0 -19.293974836015877 0.16301159733059833 53616.276826 53705.179207 125 83 "Minimization exited successfully."
2280 106 0.348577 53625.13769104044 1.6840504453136118e-05 0.8008595305184656 0.07495424138473594 0.0 1.6198902281103074 1.8759503178294998e-06 1.4892523018348323 0.09372731766583092 40.31892340070225 59.0 -18.92694224803366 0.9069798912880529 53616.261086 53704.162113 10 96 "Minimization exited successfully."
2290 100 0.328975 53625.80481400074 2.448638810140791e-05 -1.5143071337335847 -0.11509845947001807 0.0 0.834291831466544 1.7433427138452416e-06 0.8312151782218926 0.06420292033858627 62.146662020063125 56.0 -19.185411303456718 1.3839110804525774 53616.345751 53704.250162 5 95 "Minimization exited successfully."
2292 100 0.150375 53623.45463609345 3.120437574431589e-05 5.999999997661483 0.8315584141568175 0.0 0.641616007873381 1.4232078536546842e-06 0.08396451853048426 0.03490272115371529 550.9842220325853 56.0 -17.67110572199254 0.15171111121700065 53616.356327 53704.261227 5 95 "Minimization exited successfully."
2297 105 0.229972 53642.819941219255 3.055994308892918e-05 5.999999945150957 0.19371073013113538 0.0 0.44234966013391386 7.579286399050939e-07 0.04795265105039359 0.02925824893304274 213.44732397298304 59.0 -18.627519507919274 0.1306019860561065 53616.367287 53704.273126 35 70 "Minimization exited successfully."
2308 124 0.147025 53630.658179379316 0.00023657752713637458 0.7376943041254966 -0.15906020136009136 0.0 0.1187068049039226 2.7767450236299083e-06 0.11242900248199028 0.009483767778168006 253.4545377806211 71.0 -19.67746031987692 0.9270331468611985 53616.404871 53704.312501 15 109 "Minimization exited successfully."
2309 117 0.059447 53622.358623900654 0.000991963605610654 0.3428263096003432 0.10219456029802809 0.0 1.4590099453926086e-05 7.5551710765886775e-06 0.04734137142413264 0.005426544326119553 16929.824775411762 68.0 -19.13756684330157 0.9854500807833375 53616.414935 53704.322621 5 112 "Minimization exited successfully."
2319 105 0.159153 53635.65284309269 0.00012932831875186234 0.5691856952632541 0.0053822061306412206 0.0 0.1542827125522308 1.968021683027558e-06 0.1789458700730484 0.013262717171980354 116.35394040858893 59.0 -19.20916443564556 0.9498728168747412 53616.461872 53704.371689 20 85 "Minimization exited successfully."
2330 103 0.211788 53635.509130051396 3.316253239971867e-05 -1.8054737536482612 0.0478983087225755 0.0 0.48301452059240546 1.578447349780965e-06 0.5216825005272963 0.047231408860839985 39.61655188314303 58.0 -18.419979362209855 1.441348759493959 53616.330651 53704.234423 23 80 "Minimization exited successfully."
2335 118 0.18313 53683.01683833733 3.146591291193213e-06 3.437096144700657 0.21095938140210047 0.0 4.492791755099461 1.5923157948299905e-06 9.713025072629843 0.33869926393966865 89.47169507252697 67.0 -15.522286360248998 0.4016980928071803 53616.398008 53704.304929 90 28 "Minimization exited successfully."
2347 104 0.4023 53624.90374628066 1.6790800063094524e-05 -3.4351300701542167 -0.011596854653065813 0.0 2.4725403847442067 1.5781560863331606e-06 1.665050172023549 0.11375830731429132 84.04599507103033 58.0 -19.28777023727673 1.976067677448551 53623.204827 53704.114535 5 99 "Minimization exited successfully."
2350 102 0.203791 53638.80450356617 1.7196136617884106e-05 5.999965314263051 0.15874165180517297 0.0 0.7547780449785932 9.421625028066538e-07 2.2184904136571815 0.061217239066453044 121.83380714219132 57.0 -17.7064627500953 0.1294828004997619 53616.273528 53704.174931 30 72 "Minimization exited successfully."
2360 104 0.862755 nan nan nan nan 0.000328 nan nan nan nan nan nan nan nan nan nan 0 0 "exception was raised in user function User function arguments:      z = +0.862755     t0 = +53652.781681     x0 = +0.010000     x1 = +0.000000      c = +0.100000 Original python exception in user function: ValueError: bandpass 'sdss_sako18_g2' [3677.2, .., 5573.8] outside spectral range [3725.51, .., 17137.3]   File ""/anaconda3/envs/sdss_class/lib/python3.7/site-packages/sncosmo/fitting.py"", line 46, in chisq     zp=data.zp, zpsys=data.zpsys)   File ""/anaconda3/envs/sdss_class/lib/python3.7/site-packages/sncosmo/models.py"", line 1400, in bandflux     raise e   File ""/anaconda3/envs/sdss_class/lib/python3.7/site-packages/sncosmo/models.py"", line 1397, in bandflux     return _bandflux(self, band, time, zp, zpsys)   File ""/anaconda3/envs/sdss_class/lib/python3.7/site-packages/sncosmo/models.py"", line 154, in _bandflux     fsum = _bandflux_single(model, b, time_or_phase[mask])   File ""/anaconda3/envs/sdss_class/lib/python3.7/site-packages/sncosmo/models.py"", line 109, in _bandflux_single"
2361 102 0.152364 53626.96619922896 1.1848444047374285e-05 3.883770705059023 1.001121466803883 0.0 1.0553113942660275 1.2686512772414057e-06 0.7455730664670304 0.0816997627354571 91.59729418222066 58.0 -16.588552400403117 0.2931476743172645 53616.332714 53704.23692 12 90 "Minimization exited successfully."
2372 115 0.179585 53636.74801750657 9.921114590181634e-05 0.2452889067518118 0.041535997093883115 0.0 0.21486317972812685 1.726262788003804e-06 0.20655884519684253 0.015329692642571002 97.6941420176898 65.0 -19.210914510586107 1.005870462288268 53616.421781 53704.329747 20 95 "Minimization exited successfully."
2405 100 0.13232 53642.68082908523 1.3168635098843585e-05 5.9992049482030545 0.8577957379542158 0.0 0.004928706661303295 4.2220253018476714e-07 0.06903874031864099 0.02758318871104326 417.1262094746754 56.0 -16.43435655965402 0.1526169817136207 53616.34698 53704.251425 30 70 "Minimization exited successfully."
2420 105 0.862303 nan nan nan nan 0.002226 nan nan nan nan nan nan nan nan nan nan 0 0 "exception was raised in user function User function arguments:      z = +0.862303     t0 = +53652.761621     x0 = +0.010000     x1 = +0.000000      c = +0.100000 Original python exception in user function: ValueError: bandpass 'sdss_sako18_g5' [3677.2, .., 5573.8] outside spectral range [3724.61, .., 17133.2]   File ""/anaconda3/envs/sdss_class/lib/python3.7/site-packages/sncosmo/fitting.py"", line 46, in chisq     zp=data.zp, zpsys=data.zpsys)   File ""/anaconda3/envs/sdss_class/lib/python3.7/site-packages/sncosmo/models.py"", line 1400, in bandflux     raise e   File ""/anaconda3/envs/sdss_class/lib/python3.7/site-packages/sncosmo/models.py"", line 1397, in bandflux     return _bandflux(self, band, time, zp, zpsys)   File ""/anaconda3/envs/sdss_class/lib/python3.7/site-packages/sncosmo/models.py"", line 154, in _bandflux     fsum = _bandflux_single(model, b, time_or_phase[mask])   File ""/anaconda3/envs/sdss_class/lib/python3.7/site-packages/sncosmo/models.py"", line 109, in _bandflux_single"
2422 105 0.263492 53639.56969580427 5.553109756466057e-05 1.029867263985456 -0.1495620815740717 0.0 0.3310687598968798 1.4115081702353876e-06 0.31355141519651264 0.023670241616947696 60.13756013316283 59.0 -19.52015737488297 0.8762944914237174 53616.317565 53704.220748 35 70 "Minimization exited successfully."
2423 104 0.187286 53636.074997771335 4.795669395750158e-05 5.999862591590741 0.11303181368270665 0.0 0.45520487889734795 9.076465712137852e-07 7.728649260801871 0.022667940312739554 277.3683060460046 58.0 -18.6137041328983 0.1280316312009191 53616.335963 53704.239951 24 80 "Minimization exited successfully."
2437 118 0.258478 53636.6852159719 2.1388469714087588e-05 0.8713477392242597 -0.28199836214783136 0.0 0.8991554925996752 1.378406827711177e-06 1.0321552905721174 0.0555317658892418 62.799637073801165 67.0 -18.439314235615697 0.9081852131811736 53616.396803 53704.303646 20 98 "Minimization exited successfully."
2440 114 0.19029 53634.931269516805 8.52777053046283e-05 0.4786971433977101 -0.04888967734671923 0.0 0.2804999923646392 1.9094616436510185e-06 0.2676006846928498 0.0193641235768075 59.15989618167031 65.0 -19.186575525833504 0.9681783774305899 53616.42739 53704.335681 15 99 "Minimization exited successfully."
2443 98 0.088459 53623.34483296207 1.5720976115887187e-05 -1.5262448312247692 1.1804532501894927 0.0 1.3512582299263158 1.968048106888443e-06 0.6489793464196696 0.10423191571163015 288.79224080006463 55.0 -15.618501946575485 1.2612485393465356 53622.266379 53705.155158 5 93 "Minimization exited successfully."
2460 100 0.087033 53645.620733047836 9.769962616701378e-17 5.754137138727353 -0.7196275737626927 0.0 63.15320879022693 1.289570269141782e-07 10.847237617987023 1.3468437799581212 488.72150549731634 56.0 12.415685909211192 0.11773024242713603 53622.278446 53705.167215 25 75 "Minimization exited successfully."
2481 100 0.145789 53630.219190491625 2.438952192613475e-05 5.999999950751279 0.2971628538365225 0.0 1.4253009516651218 1.4710930985434296e-06 1.4703046888275972 0.060206000568892803 89.33165222765979 56.0 -17.287158599069084 0.13394978257467471 53622.275952 53705.165057 10 90 "Minimization exited successfully."
2488 90 0.169735 53634.21556676876 1.3938613253591247e-05 5.999994549962752 0.46890972181229973 0.0 1.121311223028897 1.299885249175236e-06 0.43864837735930173 0.08795872839368613 358.52457440882125 50.0 -17.052912641629835 0.1395956259914648 53622.213097 53705.100366 20 70 "Minimization exited successfully."
2532 95 0.267696 53635.81125579466 3.58598119957565e-05 0.9428266277848252 0.0035853155340335174 0.0 0.5559685047082894 2.0623916348988526e-06 0.6033479493120177 0.04429107392303344 48.86734331443873 53.0 -19.083507369145845 0.8856124068262723 53622.40113 53705.294723 15 80 "Minimization exited successfully."
2533 90 0.338803 53640.630296001225 3.231939704209763e-05 2.111312910828797 -0.07354860586803758 0.0 0.6147263536149694 1.987190443822338e-06 0.729788246743853 0.039462516005188186 28.56951181746435 50.0 -19.56407855217193 0.6936086317069758 53622.410438 53705.30488 20 70 "Minimization exited successfully."
2539 100 0.437692 53620.98551283703 1.643533775244621e-05 0.5835106291831353 -0.09981362671945893 0.0 5.8191206988776685 2.521072117379619e-06 2.0862728857153137 0.10969342111759267 44.38583755031466 56.0 -19.484540232046093 0.9517666409161585 53622.270127 53705.158616 0 100 "Minimization exited successfully."
2545 95 0.239367 53641.69868511116 2.5186964450544247e-05 5.276389837770921 0.07281156750044193 0.0 0.6021320229883713 1.4667545628460616e-06 0.9368568375112352 0.044240289564247526 52.61984297669808 53.0 -18.483630107620744 0.16497931192689563 53622.397472 53705.290956 25 70 "Minimization exited successfully."
2547 98 0.096588 53653.06166486766 1.066591259757388e-14 -3.7269536578391733 -0.7724723373598662 0.0 50.58535210424452 1.691371718365864e-06 8.49957432877082 1.7427753248957454 616.734903930031 56.0 7.1470814068946 2.274199139630788 53622.307069 53705.197124 29 69 "Covariance may not be accurate. Covariance not positive definite. Covariance forced positive definite."
2550 95 1.15234 nan nan nan nan 0.000432 nan nan nan nan nan nan nan nan nan nan 0 0 "exception was raised in user function User function arguments:      z = +1.152340     t0 = +53656.259663     x0 = +0.010000     x1 = +0.000000      c = +0.100000 Original python exception in user function: ValueError: bandpass 'sdss_sako18_g1' [3677.2, .., 5573.8] outside spectral range [4304.68, .., 19801.5]   File ""/anaconda3/envs/sdss_class/lib/python3.7/site-packages/sncosmo/fitting.py"", line 46, in chisq     zp=data.zp, zpsys=data.zpsys)   File ""/anaconda3/envs/sdss_class/lib/python3.7/site-packages/sncosmo/models.py"", line 1400, in bandflux     raise e   File ""/anaconda3/envs/sdss_class/lib/python3.7/site-packages/sncosmo/models.py"", line 1397, in bandflux     return _bandflux(self, band, time, zp, zpsys)   File ""/anaconda3/envs/sdss_class/lib/python3.7/site-packages/sncosmo/models.py"", line 154, in _bandflux     fsum = _bandflux_single(model, b, time_or_phase[mask])   File ""/anaconda3/envs/sdss_class/lib/python3.7/site-packages/sncosmo/models.py"", line 109, in _bandflux_single"
2551 95 0.247554 53625.964521973874 2.2084849702090902e-05 1.6112392202736725 -0.14883283447589524 0.0 3.985735468351777 1.8694419046882962e-06 2.518902893486083 0.07322370420556851 55.46074163966781 53.0 -18.365129638272162 0.7787725994675085 53622.319037 53705.209528 5 90 "Minimization exited successfully."
2556 89 0.102927 53621.176463490774 1.5023414138493064e-05 2.1114571314614103 0.896421347690862 0.0 0.0003029084728041198 2.0013376056576827e-06 0.9432541267768357 0.10499321150018437 84.41180827001904 50.0 -15.891505361942237 0.6670301063227981 53622.335493 53705.226621 0 89 "Covariance may not be accurate."
2561 119 0.117406 53639.24260513259 0.00016720599640067114 -0.06801625459136318 0.1275408400786775 0.0 0.12728138101374498 2.029813958827616e-06 0.10913166001257357 0.01127501567844813 228.17738343985562 67.0 -18.769372427614584 1.0589501119631777 53622.451131 53705.347479 20 99 "Minimization exited successfully."
2569 99 0.209761 53635.931163806206 1.565649650188683e-05 5.999998105696427 0.34223724938234246 0.0 1.3953210868567112 1.2488721627701423e-06 0.40700412719734036 0.07972532099976704 94.85768908144678 56.0 -17.683271291060095 0.13542205269415675 53622.300024 53705.189911 15 84 "Minimization exited successfully."
2571 95 0.241983 53626.640234405386 2.071532630004369e-05 -0.5275644800361494 0.23478519603763193 0.0 1.6790596662722237 1.8422777218141114e-06 1.302379720870308 0.08279932869996187 51.80060480218154 53.0 -18.239545546562656 1.1404105108615425 53622.309534 53705.199326 5 90 "Minimization exited successfully."
2582 85 0.069291 53633.8650441749 2.1180206303185178e-05 5.999999738783465 -0.097563187017219 0.0 1.1013578474230599 1.4317139679903557e-06 0.24986233666711488 0.08714044423158968 179.71725914827783 47.0 -15.395415124004312 0.12147405806160805 53622.360865 53705.253126 10 75 "Minimization exited successfully."
