analysis_pipeline/fit_results/sdss_4_salt2_2.4_blue.ecsv
# %ECSV 0.9
# ---
# datatype:
# - name: obj_id
#   datatype: string
# - name: num_points
#   datatype: int64
# - name: z
#   datatype: float64
# - name: t0
#   datatype: float64
# - name: x0
#   datatype: float64
# - name: x1
#   datatype: float64
# - name: c
#   datatype: float64
# - name: z_err
#   datatype: float64
# - name: t0_err
#   datatype: float64
# - name: x0_err
#   datatype: float64
# - name: x1_err
#   datatype: float64
# - name: c_err
#   datatype: float64
# - name: chi
#   datatype: float64
# - name: dof
#   datatype: float64
# - name: b_max
#   datatype: float64
# - name: delta_15
#   datatype: float64
# - name: tmin
#   datatype: float64
# - name: tmax
#   datatype: float64
# - name: pre_max
#   datatype: int64
# - name: post_max
#   datatype: int64
# - name: message
#   datatype: string
# schema: astropy-2.0
obj_id num_points z t0 x0 x1 c z_err t0_err x0_err x1_err c_err chi dof b_max delta_15 tmin tmax pre_max post_max message
679 41 0.123663 53622.371627536115 5.221472265464211e-06 5.999999952197744 1.1999999307405234 0.0 6.258775667887676 1.6613467973963791e-06 9.47590988776764 2.181047314966569 33.757868895731235 17.0 -15.31598658848199 0.16396412759515755 53616.223561 53704.121861 2 39 "Minimization exited successfully."
682 72 0.047317 53663.311222060736 9.89330776067776e-07 -5.999999934239213 -0.999999498807673 0.0 6.77676970358516 1.7002454964770709e-06 8.672370383600361 1.1000023347469745 82.41446692212503 33.0 -11.163271557694237 nan 53616.234014 53705.133817 28 44 "Minimization exited successfully."
688 40 0.066563 53621.85450956993 1.1217523686968267e-05 5.999992889470123 1.1997790867499556 0.0 0.006702579808916198 1.6454350525485496e-06 2.2003302761968504 1.8253518876640726 26.248881212862617 16.0 -14.716191317385544 0.16395708526554387 53616.267322 53704.166778 2 38 "Minimization exited successfully."
691 42 0.129587 53618.65941537432 5.4670102622143005e-05 0.3225254703865943 1.1999882966201203 0.0 0.002430470092804171 3.71423794710224e-06 0.8480972991871729 1.7591044788562857 104.20508780875222 17.0 -17.864895951023204 0.9295674021092708 53616.229851 53704.128667 2 40 "Minimization exited successfully."
694 72 0.126178 53622.890578200546 0.00014340287629987402 -0.2263314165257233 1.1999817960949142 0.0 0.0017915210337378085 2.234690612642478e-06 0.2366446357830485 0.2433895472650518 240.37437519035112 33.0 -18.84864944595413 1.0183932509721707 53616.231105 53705.130756 4 68 "Minimization exited successfully."
697 125 0.155294 53619.417231357205 2.1062671724422222e-05 4.3528144494500935 0.3961673410772837 0.0 0.004485727218707325 1.5726614660510625e-06 1.3472072947872649 0.07824854961879157 173.41949743151702 80.0 -17.221254229354184 0.24260779823929468 53616.243217 53705.144463 3 122 "Covariance may not be accurate."
701 65 0.205128 53607.92487921083 7.434003853580284e-05 -1.8782330690309283 0.1664415828797361 0.0 0.0011365039172233082 6.784889093739422e-06 0.5650362717018458 0.0945337043783917 67.54683257651504 40.0 -19.21992121001428 1.4476653682746523 53616.241951 53704.142421 0 65 "Minimization exited successfully."
703 44 0.296481 53626.17865253335 3.77239419782327e-05 0.15944876981452083 0.025223984854591208 0.0 0.627126381128619 1.909074306575275e-06 0.6696597633568482 0.056222677186396564 32.14950274319716 40.0 -19.393028638902813 1.0223014576890428 53616.246533 53704.147134 4 40 "Minimization exited successfully."
704 65 0.204966 53616.934120146456 2.5753439414943904e-05 0.4119623758032116 0.5270951298738162 0.0 0.006996303171035834 2.327438001856196e-06 1.1597394068688445 0.11453182029870945 63.32159893972371 39.0 -18.081696936574232 0.9523369560302939 53616.248214 53704.148801 3 62 "Covariance may not be accurate."
711 60 1.111396 53692.93941143929 1.1519686345152769e-05 3.6725228202726505 -0.25516984411241417 0.0 1.9804236250383838 2.330033071074044e-06 1.6717138609395636 0.05028170376710489 222.076843832365 36.0 -21.58964106415497 0.3439369980300988 53616.26274 53704.163012 48 12 "Minimization exited successfully."
716 83 0.322376 53639.745112573604 0.00010064438140408249 5.999999996220595 -0.049923400624046876 0.0 0.12051370630797464 8.284395963981076e-07 0.004894120103067223 0.010034855850426183 2394.958985534543 79.0 -20.756617561185013 0.12293181149673416 53616.287145 53705.190339 24 59 "Minimization exited successfully."
717 40 0.12901 53601.294569898346 0.00015653000444936448 -4.652635914654514 1.1932944845063416 0.0 0.9541006539293448 4.804169060902198e-05 0.5037627109473841 1.408742273847862 14.009592337495343 16.0 -18.992281396238923 2.1926229799344767 53616.296222 53704.196808 0 40 "Minimization exited successfully."
722 42 0.085038 53618.97889002328 0.00027394030879749677 -0.9229095513181393 1.1999905767515746 0.0 0.00026752689154818654 9.650587185278689e-06 0.21988427349623096 2.1275927715651823 406.2656339948008 17.0 -18.63362601188041 1.1418918885042686 53616.315534 53704.216903 2 40 "Minimization exited successfully."
735 61 0.189482 53613.77781567384 5.257298926978682e-05 -3.03654790463398 0.11414787260593151 0.0 0.002282922148879152 3.2328844631507313e-06 0.5057902964287693 0.08096572534960667 36.70889033574779 37.0 -18.65002366399559 1.8013473436161327 53616.333922 53704.237819 0 61 "Covariance may not be accurate."
739 40 0.106421 53611.05707672135 0.0002652557970632863 -1.5312646924539006 -0.5688569623916189 0.0 0.0005127679869474377 6.106300472571989e-05 0.3932953667682737 1.2090671429072088 214.5016307900772 16.0 -19.055285524296476 1.426288914517432 53616.353509 53704.256563 0 40 "Minimization exited successfully."
744 41 0.12694 53618.790696570184 0.00014595807989047028 -0.010931667967946979 0.2084811656855603 0.0 0.0006785183359170333 1.1320862740613616e-05 0.3065124318458228 0.5209681138380637 145.43001387583743 16.0 -18.80652044196412 1.043872986563219 53616.228587 53704.126985 2 39 "Covariance may not be accurate."
762 60 0.190088 53625.28971011271 9.021349014712854e-05 1.1008822838532097 -0.012640103433584682 0.0 0.28124694536381867 2.086907006833009e-06 0.29655422572123546 0.02540314787279674 49.72775580527868 36.0 -19.245554757321315 0.8595459063345814 53616.354311 53704.259479 3 57 "Minimization exited successfully."
764 61 0.185808 53620.98981498397 2.02520488947866e-05 5.999997660972598 0.3116808333894303 0.0 0.0005060184957983438 1.1436513594581534e-06 7.432054903013783 0.08820126262412742 66.9416490990107 38.0 -17.666792176281692 0.1344232253744373 53616.360811 53704.265857 2 59 "Minimization exited successfully."
765 48 0.259902 53630.784322206 2.7812017389000634e-05 5.999996923718125 -0.2343535770040993 0.0 0.696708423889504 9.431203745907673e-07 0.1834521382412717 0.04726107401210983 262.866512704624 44.0 -18.820500295432453 0.11735138805533296 53616.394382 53704.301532 6 42 "Minimization exited successfully."
770 23 0.041464 53628.25628302416 8.561764766918945e-06 5.999998560388875 1.1999998735894941 0.0 0.005484991837874986 1.0666428117656052e-06 1.1366796117538547 1.3672073388298063 88.87219464847912 19.0 -13.355503444896144 0.16396416636383648 53616.40133 53704.304914 2 21 "Minimization exited successfully."
772 70 0.20925 53619.86137367933 1.61946898502463e-05 5.914923544911208 0.6683613522517782 0.0 60.483004317440646 0.012055460607367818 9.463564868844058 1.6363103680744822 86.05228412948196 43.0 -17.73420830713559 0.1494274092387542 53616.399626 53704.307026 3 67 "Covariance may not be accurate."
774 44 0.092269 53615.71816709005 0.000314735664145408 -0.7385952461098695 1.199995607233904 0.0 5.583346137427725e-05 9.728665050366393e-06 0.22267172303684024 1.7520889258589978 385.46462932691037 18.0 -18.972568797260735 1.1081003092497461 53616.383135 53704.287502 0 44 "Minimization exited successfully."
779 68 0.236938 53627.076852871534 5.629060087177118e-05 0.15546191472709747 0.055128876128368365 0.0 0.4263413167282124 2.225573045636086e-06 0.4290480292127179 0.047082434305208976 33.907376582155514 42.0 -19.270583024999315 1.0215302035364964 53616.38471 53704.290891 6 62 "Minimization exited successfully."
782 44 0.131251 53620.7914808487 6.344541126227842e-05 2.9569580232673705 1.1999956669937095 0.0 0.000972760193690192 3.870709624734793e-06 0.7843756658221555 0.22703705666293716 164.0157159514008 19.0 -18.062994662485856 0.5001282082167862 53616.414979 53704.32095 2 42 "Minimization exited successfully."
792 44 0.04282 53625.18820785531 1.3327302699400745e-05 5.9999549310203015 1.1999107850582829 0.0 3.0039254437906493 1.3687431478809355e-06 1.4721850252629665 1.3799293102304375 55.330943386893516 18.0 -13.907987394740225 0.16396251646663274 53616.436275 53704.343242 2 42 "Minimization exited successfully."
799 65 0.146407 53612.88548820931 5.5291630186732336e-05 0.07949291643054757 -0.584440733130789 0.0 0.004151534110860666 2.7285500340151757e-06 0.6197372439983764 0.0744726788372237 53.087832530652456 40.0 -18.104491012354988 1.0655275499550108 53616.25818 53704.159114 0 65 "Covariance may not be accurate."
818 70 0.237174 53613.47594513322 3.449720861282368e-05 -2.127484329957472 0.23820793818978614 0.0 0.002285786391439615 2.606858503153565e-06 0.7598265908088937 0.12052721676414668 41.81053610625223 43.0 -18.743164169391804 1.5054306815807124 53616.421385 53704.329311 0 70 "Minimization exited successfully."
822 67 0.236635 53621.56919994935 4.591110392257569e-05 0.1981949520536732 -0.055017564845077915 0.0 0.0003945600583392661 2.249792340500155e-06 0.6275892892339976 0.05201066340224675 47.595358525445874 42.0 -19.046106482602724 1.0191272631815522 53616.421787 53704.330152 3 64 "Covariance may not be accurate."
830 46 0.38623 53683.3978215868 3.484120882855435e-05 5.999999454348375 -0.2980125152196973 0.0 0.3347340520558646 8.494063255409811e-07 0.08951346584753761 0.01365905033120629 929.4229253862308 42.0 -20.064965918067536 0.11547720959516994 53616.426207 53704.334779 34 12 "Minimization exited successfully."
841 44 0.298318 53624.90580319097 3.3882990634812596e-05 0.9907337778269776 -0.1214402687219236 0.0 0.7016909831945668 2.1622531642240245e-06 0.8281680610911186 0.05389295436181779 32.037809486534115 40.0 -19.29328257621901 0.8819892414180615 53616.443061 53704.352405 2 42 "Minimization exited successfully."
859 43 0.276728 53624.11905951073 4.5589520531673646e-05 0.16645619016588675 -0.04395712252824391 0.0 0.6404459018267517 1.8277275538686168e-06 0.5536189659117916 0.04591197070245967 43.14182231497345 39.0 -19.426235146969614 1.0244303758885813 53616.285913 53704.188235 4 39 "Minimization exited successfully."
863 40 0.092949 53622.58802011453 2.3832706596534916e-05 4.151809385446196 1.199997734171764 0.0 0.0017700800381135195 2.8487259185749902e-06 1.9102904702987975 1.4383755783393286 25.613607697297205 16.0 -16.223101580669063 0.26434434004177376 53616.299109 53704.199788 2 38 "Covariance may not be accurate."
875 44 0.104044 53627.43300501407 1.6990466754196466e-05 5.9999855039008345 1.1999903644698273 0.0 1.8227856630037422 1.3908002780843592e-06 1.0153440893692718 0.4713842071460128 59.63464739371576 18.0 -16.19346243215761 0.16396423554448347 53616.260676 53704.159957 6 38 "Minimization exited successfully."
879 62 0.451353 53661.582607020515 5.4116128015959664e-05 5.999999999441977 -0.3997392981328116 0.0 0.18069955962346285 8.879250864307613e-07 0.015976302048805735 0.007865676374020525 4361.8078970689285 58.0 -20.946938607520714 0.11255355981892734 53616.271455 53704.173235 27 35 "Minimization exited successfully."
893 42 0.108834 53619.88126911967 5.674928625738929e-05 -0.21742456788381137 1.1999793883411178 0.0 0.938308693417639 3.0004984605985773e-06 0.8550974627153609 1.908445317180353 23.18549366759128 17.0 -17.49605407995898 1.0169091333123248 53616.328648 53704.230537 2 40 "Minimization exited successfully."
895 40 0.266814 53613.94608436742 2.6599298621614585e-05 -0.46801726936582355 0.20107262925921088 0.0 0.0004274794155207928 6.698696419913385e-06 2.852074766795429 1.6078348083630025 57.67691146142145 36.0 -18.7521460769396 1.1309537490311818 53616.348201 53704.253128 0 40 "Covariance may not be accurate."
896 60 0.423446 53655.48176380134 1.7897514376196132e-05 5.999999979578487 -0.4634963980966218 0.0 0.34390581895786454 8.019547711846088e-07 0.05161940318170011 0.019151006888661337 787.0546117642746 56.0 -19.582216762296923 0.11076851621296413 53616.350236 53704.255256 24 36 "Minimization exited successfully."
904 42 0.383892 53623.309863440794 2.6096981851485568e-05 -0.4370242393083723 -0.3763104772297834 0.0 0.9957278278088779 1.9587041238550156e-06 0.9006365257764419 0.04801396630853255 23.101240159861916 38.0 -19.65461290122141 1.1595364154728571 53616.369321 53704.275234 2 40 "Minimization exited successfully."
907 23 0.105466 53640.20135764302 4.8318868303629526e-05 5.999999996613948 1.1999999990895138 0.0 0.49712505453135236 1.576453217057572e-06 0.07025861595879501 0.06857568369435452 675.4866342742107 19.0 -17.359807812903846 0.16396412854143705 53616.402149 53704.305729 6 17 "Minimization exited successfully."
910 62 0.147747 53617.859499933475 5.5588006746842834e-05 1.462262275617868 0.3737773521044896 0.0 0.00011727510354830883 2.847323584339589e-06 0.6221739011438965 0.04999279947958646 277.25747922006684 38.0 -18.12371056895258 0.7869832300662161 53616.33353 53704.237346 3 59 "Minimization exited successfully."
911 69 0.206325 53621.914018179814 3.5783838048367714e-05 -0.20536400036384528 0.22813299609334603 0.0 0.8836657434258086 2.682873221604985e-06 0.980529871531699 0.07542964336178026 35.2914182852196 42.0 -18.442373116068907 1.078860906813798 53616.416953 53704.324712 3 66 "Minimization exited successfully."
921 92 0.125781 53629.40422092036 6.361305514217542e-06 5.999935083001635 1.199999478281589 0.0 2.635414002928883 8.352313857173944e-07 7.416299017131143 1.871353424821772 56.96979412289506 44.0 -15.570267191640383 0.1639660071528155 53616.459134 53705.367973 10 82 "Minimization exited successfully."
930 72 0.288698 53658.288202872034 4.102690836385703e-05 5.999999997495493 -0.22040143622990616 0.0 0.32159030168986646 8.10698717388368e-07 0.028123309107873418 0.023065422870204855 1915.5536333216794 68.0 -19.504335525882215 0.11776633979165041 53616.351053 53705.256485 26 46 "Minimization exited successfully."
932 69 0.390036 53618.878904277844 2.238612938392337e-05 3.8763336701585303 0.05913099591303572 0.0 2.422571047252859 2.573371577715976e-06 1.4393588532000718 0.06990643173599365 84.40937023171756 65.0 -19.53971464108729 0.299467325152559 53616.38915 53704.295563 3 66 "Minimization exited successfully."
938 71 0.760567 53662.92356582806 8.007051917449104e-06 5.999994704540136 -0.5834127790539867 0.0 1.1938725920517754 8.246242254367207e-07 0.3460291329929852 0.09089655332494861 118.41094182254997 44.0 -20.25598745301591 0.10751709288156519 53616.411727 53704.318389 23 48 "Minimization exited successfully."
979 44 0.291144 53619.86686726795 2.6634345531407756e-05 -1.986256265933668 0.02543917682308172 0.0 1.5953467993240338 2.1461580968407127e-06 1.3139247548957007 0.10869164508058965 31.0011140975719 40.0 -18.968446577206617 1.4909975098669008 53616.247361 53704.148008 2 42 "Minimization exited successfully."
983 41 0.067238 53622.71004270726 2.1074695583848114e-05 5.9999698049682415 1.1999999209015373 0.0 1.3874737214719062 1.8534891254351492e-06 0.32940031597471897 0.3328926582111098 70.54474784874728 17.0 -15.423838939211578 0.16396500766260047 53616.27144 53704.17114 2 39 "Minimization exited successfully."
986 42 0.279009 53619.590235308686 3.061743943249429e-05 -0.9732654210519645 -0.020999566310062057 0.0 1.4998078753560549 1.932475788584134e-06 1.0549458528059878 0.0774132504021009 33.710324840366475 38.0 -19.01373292205302 1.2509263864574756 53616.292499 53704.194686 2 40 "Minimization exited successfully."
1000 44 0.128293 53611.90645666377 0.00011673542113939561 -1.5897391135702446 -0.5018109580179131 0.0 0.0002910728107963223 5.658790616162701e-05 0.6117058021726396 1.1752084117405264 34.27301018217801 18.0 -18.59799328288979 1.4362248159046942 53616.376634 53704.28122 0 44 "Minimization exited successfully."
