analysis_pipeline/fit_results/sdss_4_salt2_2.4_all.ecsv
# %ECSV 0.9
# ---
# datatype:
# - name: obj_id
#   datatype: string
# - name: num_points
#   datatype: int64
# - name: z
#   datatype: float64
# - name: t0
#   datatype: float64
# - name: x0
#   datatype: float64
# - name: x1
#   datatype: float64
# - name: c
#   datatype: float64
# - name: z_err
#   datatype: float64
# - name: t0_err
#   datatype: float64
# - name: x0_err
#   datatype: float64
# - name: x1_err
#   datatype: float64
# - name: c_err
#   datatype: float64
# - name: chi
#   datatype: float64
# - name: dof
#   datatype: float64
# - name: b_max
#   datatype: float64
# - name: delta_15
#   datatype: float64
# - name: tmin
#   datatype: float64
# - name: tmax
#   datatype: float64
# - name: pre_max
#   datatype: int64
# - name: post_max
#   datatype: int64
# - name: message
#   datatype: string
# schema: astropy-2.0
obj_id num_points z t0 x0 x1 c z_err t0_err x0_err x1_err c_err chi dof b_max delta_15 tmin tmax pre_max post_max message
[from data line 623]
7143 196 0.303538 53677.8539106431 2.3423509435214207e-05 -0.4170051056577222 0.04582845367514743 0.0 0.5877224222676887 8.223435952964272e-07 0.6206588336033794 0.031239908752032974 78.88720195575728 115.0 -18.93440009370077 1.130786213842299 53616.271455 53705.174037 134 62 "Minimization exited successfully."
7147 104 0.108856 53679.52177591975 0.0002473708536772057 -2.012578202520638 -0.03458153869752989 0.0 0.10367806108115474 2.3943327774073194e-06 0.10958819959851218 0.010193949530597601 304.38984274637414 59.0 -19.01615260118378 1.504655790353528 53616.284681 53704.186508 75 29 "Minimization exited successfully."
7172 110 0.136351 53646.65099573945 5.387265632951221e-06 -5.785667455697913 1.199999872783085 0.0 0.7240063770732377 4.450864594857106e-07 1.616041997258257 0.03702847770786888 305.4931146883539 62.0 -15.465081761541551 2.909521953093485 53616.372955 53704.278659 40 70 "Minimization exited successfully."
7194 116 0.363247 53667.289818674304 1.863121094480391e-05 0.044021638977278954 -0.005237426492154973 0.0 1.5395376371016027 1.4847665841882781e-06 1.2355749339428188 0.06739619885457732 68.24394203065684 67.0 -19.1407156326171 1.0451764990778507 53616.412934 53704.320483 49 67 "Minimization exited successfully."
7195 117 0.361269 53673.22961985047 1.945785440766068e-05 0.8116043969946682 -0.031083726097912545 0.0 1.288359853602742 1.1988625199838014e-06 1.328988008009329 0.05563297359283892 91.01933187659225 66.0 -19.174557507678685 0.9093133856591251 53616.412934 53704.320483 63 54 "Minimization exited successfully."
7209 125 0.065355 53644.52331811883 6.765235969450334e-06 5.999999823537117 1.199999990707342 0.0 0.4870502928715723 4.403705021011065e-07 0.09262393293620619 0.05218992389239285 1278.4322801810108 71.0 -14.125546919089025 0.16396413332061144 53622.445105 53705.340744 30 95 "Minimization exited successfully."
7243 95 0.203226 53686.32139052216 6.524017239381785e-05 0.7640395827908453 0.05000118948364429 0.0 0.3055004985581036 1.9123861323899763e-06 0.3594294384783332 0.025521307621493072 31.68983002263475 53.0 -19.055632415939904 0.914272606021008 53622.236653 53705.124808 75 20 "Minimization exited successfully."
7248 100 0.124885 53665.077414012645 6.806687610172446e-06 5.999997902888964 1.1999998651017365 0.0 0.9284972429450136 3.412167147098802e-07 0.6635874304460767 0.07127443311738979 147.56140289699817 56.0 -15.626942025027766 0.1639641852859981 53622.250068 53705.138513 40 60 "Minimization exited successfully."
7254 105 0.364577 53668.623860053216 1.3949342891702577e-05 -1.1423376335744972 0.4580862334587261 0.0 1.936088266731531 1.2868473689359172e-06 1.5948014548065599 0.10361092351515044 42.85155917246335 59.0 -18.846437959732647 1.2485814943797173 53622.269701 53705.158219 50 55 "Minimization exited successfully."
7258 105 0.253123 53674.41155960787 3.559686670756901e-05 0.5986977771035251 0.0012370162419836905 0.0 0.8248447845653573 1.1597314018385592e-06 0.8645425146988419 0.03353164179282775 54.7952849316651 59.0 -18.936312687673986 0.9448854474335562 53623.194299 53704.104247 55 50 "Minimization exited successfully."
7303 85 1.446335 nan nan nan nan 0.000518 nan nan nan nan nan nan nan nan nan nan 0 0 "exception was raised in user function User function arguments:      z = +1.446335     t0 = +53656.339425     x0 = +0.010000     x1 = +0.000000      c = +0.100000 Original python exception in user function: ValueError: bandpass 'sdss_sako18_g2' [3677.2, .., 5573.8] outside spectral range [4892.67, .., 22506.3]   File ""/anaconda3/envs/sdss_class/lib/python3.7/site-packages/sncosmo/fitting.py"", line 46, in chisq     zp=data.zp, zpsys=data.zpsys)   File ""/anaconda3/envs/sdss_class/lib/python3.7/site-packages/sncosmo/models.py"", line 1400, in bandflux     raise e   File ""/anaconda3/envs/sdss_class/lib/python3.7/site-packages/sncosmo/models.py"", line 1397, in bandflux     return _bandflux(self, band, time, zp, zpsys)   File ""/anaconda3/envs/sdss_class/lib/python3.7/site-packages/sncosmo/models.py"", line 154, in _bandflux     fsum = _bandflux_single(model, b, time_or_phase[mask])   File ""/anaconda3/envs/sdss_class/lib/python3.7/site-packages/sncosmo/models.py"", line 109, in _bandflux_single"
7306 90 0.11084 53680.64392918249 4.185116970670144e-05 4.490518451755349 0.16902762688703188 0.0 0.4234103500020865 1.3591501568832602e-06 0.5279892714172902 0.03126037774354817 231.6018009636787 50.0 -17.166812425544016 0.227293316955965 53622.395053 53705.288774 65 25 "Minimization exited successfully."
7335 90 0.19561 53674.98915483682 4.891887452270871e-05 -2.604890924643943 0.07011914290563426 0.0 0.2984033193315554 1.3927211926695313e-06 0.4841834296517413 0.028403113722451634 67.02067520365863 50.0 -18.648594022357667 1.6648113531376119 53622.210985 53705.098671 50 40 "Minimization exited successfully."
7339 95 0.30571 53657.93928344885 1.5802768905068822e-05 5.999999877259533 -0.18930593774598636 0.0 0.9992246819856518 1.0174610428076433e-06 0.6487947046266402 0.07049790615290491 72.24431137339008 53.0 -18.612004402255522 0.11869692558178713 53622.307892 53705.197567 30 65 "Minimization exited successfully."
7343 89 0.869757 nan nan nan nan 0.000264 nan nan nan nan nan nan nan nan nan nan 0 0 "exception was raised in user function User function arguments:      z = +0.869757     t0 = +53656.267647     x0 = +0.010000     x1 = +0.000000      c = +0.100000 Original python exception in user function: ValueError: bandpass 'sdss_sako18_g2' [3677.2, .., 5573.8] outside spectral range [3739.51, .., 17201.8]   File ""/anaconda3/envs/sdss_class/lib/python3.7/site-packages/sncosmo/fitting.py"", line 46, in chisq     zp=data.zp, zpsys=data.zpsys)   File ""/anaconda3/envs/sdss_class/lib/python3.7/site-packages/sncosmo/models.py"", line 1400, in bandflux     raise e   File ""/anaconda3/envs/sdss_class/lib/python3.7/site-packages/sncosmo/models.py"", line 1397, in bandflux     return _bandflux(self, band, time, zp, zpsys)   File ""/anaconda3/envs/sdss_class/lib/python3.7/site-packages/sncosmo/models.py"", line 154, in _bandflux     fsum = _bandflux_single(model, b, time_or_phase[mask])   File ""/anaconda3/envs/sdss_class/lib/python3.7/site-packages/sncosmo/models.py"", line 109, in _bandflux_single"
7350 80 0.154889 53668.61328743744 9.218898064179416e-06 -2.6239981243314583 0.51281123745196 0.0 2.0696995345133473 1.5600953090255663e-06 1.917342922057883 0.13235901103934855 52.345481352642665 44.0 -16.28925557830869 1.6084852426292997 53622.346152 53705.237734 30 50 "Minimization exited successfully."
7363 80 0.179153 53679.95053534697 5.7447601021899384e-05 1.724680077207644 0.2593119670529711 0.0 0.49895925384407747 1.592942845399791e-06 0.5129757045596142 0.025462652601791924 252.0190724214183 44.0 -18.616945678934893 0.7483459524201059 53622.374738 53705.267122 55 25 "Minimization exited successfully."
7365 97 0.392218 53662.367645345475 1.8027241834355223e-05 5.084023533589509 -0.058660507118725724 0.0 1.7755660168841132 1.52511369419961e-06 1.8297734918877975 0.05569092717801111 52.99466521171823 56.0 -19.353742019185695 0.17534245891947364 53622.304162 53705.194191 32 65 "Minimization exited successfully."
7373 100 0.278495 53684.09088348451 4.590365934175944e-05 1.6673925134169734 -0.06238188691546209 0.0 0.4442507325729821 1.5606234928627895e-06 0.5014848603153577 0.027096379183074726 46.33421071481576 56.0 -19.451122995780157 0.7670654344121886 53622.305402 53705.195475 75 25 "Minimization exited successfully."
7390 85 0.369317 53681.71471867511 1.0811977236067082e-05 5.999973311387418 -0.3265135553388929 0.0 1.4277166094725544 8.147857843004988e-07 0.39164279748009534 0.04425457228624646 103.06049704935194 47.0 -18.680364770506994 0.11465027434178054 53622.339583 53705.230953 65 20 "Minimization exited successfully."
7392 85 0.79782 53695.728039498514 8.203134304524129e-06 0.608749893481976 -0.4312231750314467 0.0 0.6621020134734863 1.087894830135161e-06 0.034438129838938014 0.021768177561833413 76.30915162953404 47.0 -20.323959775634528 0.9601032398317102 53622.344094 53705.235647 70 15 "Minimization exited successfully."
7402 189 0.284526 53676.18480704479 2.866748426006538e-05 -5.999999989817941 0.12742941492882132 0.0 0.2341552942416456 7.122036977047499e-07 0.14550822835497312 0.03046709146990645 182.0801705052431 109.0 -18.990491051299262 5.001613166434577 53616.337187 53705.242046 124 65 "Minimization exited successfully."
7404 85 0.287543 53673.5218559517 2.3361608776260036e-05 0.6859129193803106 -0.3230048105410729 0.0 1.1733274623402394 1.4693135188686973e-06 1.3085087989945885 0.05333816029622118 74.52139443276764 47.0 -18.801636588350824 0.9423046027732944 53622.351874 53705.243751 45 40 "Minimization exited successfully."
7408 85 0.330783 53609.81404049933 1.97990229055256e-05 4.045163189417632 -0.16284355201901413 0.0 0.011787654508225387 7.717219004087506e-06 9.043703852613987 0.16776683704060869 232.119404206121 47.0 -18.990282797359875 0.27912383000227337 53622.357598 53705.249718 0 85 "Minimization exited successfully."
7412 85 0.373381 53687.486780590734 1.3218183838417108e-05 5.323873880444223 -0.14342476723587738 0.0 0.9794995369375101 2.267048570393504e-06 1.7769757507951853 0.053968250199364964 163.42019699102931 47.0 -18.899081238592192 0.157338285743716 53622.36617 53705.258235 70 15 "Minimization exited successfully."
7417 85 0.354451 53682.44630696915 3.2499206783960237e-05 5.999994683383733 -0.19245801311508703 0.0 0.4437510621864931 7.984850925524253e-07 0.11836574664400246 0.01955940598170608 138.4153598520566 47.0 -19.7691639739738 0.1186024913058823 53622.36821 53705.260363 65 20 "Minimization exited successfully."
7426 100 0.382324 53685.581181453344 2.2160640226858153e-05 5.999999689232435 0.022542374412597432 0.0 0.5302577123802621 6.863520096317415e-07 0.2553164358638984 0.030242486336810925 229.7712361942036 56.0 -19.54861196506677 0.12517748663912087 53622.267208 53705.156046 80 20 "Minimization exited successfully."
7431 100 0.348623 53679.12594508645 2.6431157488763236e-05 0.8379150520243179 -0.01022905041592892 0.0 0.8520833049005887 1.2032996774663513e-06 0.8428108825224809 0.03824226864651953 52.747427578928125 56.0 -19.416383563962558 0.9039983218178271 53622.272627 53705.161615 65 35 "Minimization exited successfully."
7435 95 0.218033 53681.24623018295 7.644747648761774e-06 5.9999938613751596 1.000832398850671 0.0 1.194980139236577 8.477329164469081e-07 1.3258229726390534 0.10114572475441874 65.75352164078352 53.0 -17.060044374051913 0.15737171633836766 53622.27679 53705.165899 70 25 "Minimization exited successfully."
7444 95 0.249173 53682.877139779506 3.806815963869559e-05 0.8913555308507757 0.031135891763783174 0.0 0.5078795514928061 1.313154905378532e-06 0.5253380170444277 0.03279495440245689 48.14667192747411 53.0 -18.970596843586296 0.8933036685888958 53622.401122 53705.294753 75 20 "Minimization exited successfully."
7457 92 0.252968 53681.421691399424 2.3849443889252254e-05 0.26215949100329894 0.3262089796114478 0.0 0.9140825321010198 1.250561625185665e-06 0.8936415407368394 0.05038612717122504 52.0772463865138 53.0 -18.50546312597477 0.9885328444537507 53622.300447 53705.18988 67 25 "Minimization exited successfully."
7460 90 0.248054 53675.96161414854 1.8419150340864833e-05 -1.4587662870720788 -0.11269762151786544 0.0 0.9312823612744978 1.1862403236223562e-06 1.3158146915469637 0.06442408846367009 69.37412837280651 50.0 -18.17025227625569 1.3701249835332519 53622.224053 53705.111918 50 40 "Minimization exited successfully."
7473 80 0.214569 53679.59693975402 7.486614220331589e-05 -0.13656299378546066 -0.09116234874545215 0.0 0.23862457157520112 1.230170810414539e-06 0.2689602364374637 0.016858812048642535 40.175602532262275 44.0 -19.336997069461862 1.0839320437949311 53622.33713 53705.228361 55 25 "Minimization exited successfully."
7475 80 0.320448 53676.52604783863 4.1226390446924556e-05 0.6112808653688537 -0.16306140652259704 0.0 0.5060679630660161 1.24109921611215e-06 0.5486514878006656 0.02312900008708163 32.8574705997722 44.0 -19.686636812248512 0.9494215520182863 53622.338361 53705.229641 50 30 "Minimization exited successfully."
7479 80 0.225995 53679.83842664773 6.161722179943153e-05 -0.46338473969903227 0.1660985971580098 0.0 0.3335271170581109 1.4694673011561572e-06 0.3677826017370043 0.023788057879968738 119.07751491099486 44.0 -19.25349574611958 1.1323210218969315 53622.345331 53705.23647 55 25 "Minimization exited successfully."
7480 80 0.384121 53682.60413949931 1.662126658585006e-05 5.999998896913246 -0.12914621818933258 0.0 0.9179565481717873 7.307896285346776e-07 0.40563920477394877 0.03397031422110969 95.09802951970286 44.0 -19.24648676944311 0.12051624219988355 53622.345331 53705.236897 60 20 "Minimization exited successfully."
7483 64 0.118715 53680.63131462806 2.218707572239631e-05 4.176285415371483 0.09531040981315253 0.0 0.8585450687714911 1.4355976278451748e-06 1.0617822453913899 0.06629489863771909 101.949560941052 44.0 -16.627425895336046 0.2622210622593215 53622.349836 53705.241162 44 20 "Minimization exited successfully."
7491 79 0.560016 53657.95685437362 1.2311533182242096e-05 5.999998188223962 -0.27132949806817397 0.0 0.7683501047831669 8.251421199795275e-07 0.2724256500645481 0.027265537426493125 152.6595599673553 43.0 -19.901117710700063 0.11625876707874738 53622.364547 53705.256927 25 54 "Minimization exited successfully."
7499 80 0.351122 53666.48268507559 1.8907693801052393e-05 1.0113716060809246 0.08487734986128403 0.0 1.2987867536539852 1.866717277576036e-06 1.3070328316555373 0.07960854964014441 36.7258688411898 44.0 -19.071434489758378 0.8710418099671031 53622.379619 53705.272663 30 50 "Minimization exited successfully."
7502 80 0.448354 53665.22554356552 1.3106283770721872e-05 -0.8043779236027087 -0.18692093816712485 0.0 1.4206268127600197 1.5830153820517444e-06 1.545495862863711 0.09259843202857476 33.661519481744726 44.0 -19.301453253439682 1.2258862032156017 53622.388559 53705.282005 30 50 "Minimization exited successfully."
7512 125 0.218347 53682.56145885783 4.810442292748074e-05 0.5468012602300707 0.08256544391490617 0.0 0.3556339779861446 1.2643170847770312e-06 0.3688664652669389 0.024601118662846866 67.53819393930424 71.0 -18.89992049799956 0.9504356376381651 53622.466398 53705.363357 95 30 "Minimization exited successfully."
7527 100 0.235524 53678.01374067499 2.3909120797920292e-05 1.624750801166102 0.29005801039527435 0.0 0.998377983487444 1.1378627741759343e-06 0.9395652998014423 0.044151108615333 63.21593623009961 56.0 -18.331979794544786 0.7635609966341121 53622.256775 53705.145305 65 35 "Minimization exited successfully."
7550 194 0.161089 53675.91638344157 1.4849253379347615e-05 -2.209185482895314 0.19318081306924517 0.0 0.7623829394142376 8.337187730822473e-07 1.1429053516008905 0.06384912216386762 141.87655421311575 112.0 -16.888639302723142 1.5329652237689615 53622.218985 53705.106418 110 84 "Minimization exited successfully."
