analysis_pipeline/fit_results/sdss_4_salt2_2.0_red.ecsv
# %ECSV 0.9
# ---
# datatype:
# - name: obj_id
#   datatype: string
# - name: num_points
#   datatype: int64
# - name: z
#   datatype: float64
# - name: t0
#   datatype: float64
# - name: x0
#   datatype: float64
# - name: x1
#   datatype: float64
# - name: c
#   datatype: float64
# - name: z_err
#   datatype: float64
# - name: t0_err
#   datatype: float64
# - name: x0_err
#   datatype: float64
# - name: x1_err
#   datatype: float64
# - name: c_err
#   datatype: float64
# - name: chi
#   datatype: float64
# - name: dof
#   datatype: float64
# - name: b_max
#   datatype: float64
# - name: delta_15
#   datatype: float64
# - name: tmin
#   datatype: float64
# - name: tmax
#   datatype: float64
# - name: pre_max
#   datatype: int64
# - name: post_max
#   datatype: int64
# - name: message
#   datatype: string
# schema: astropy-2.0
obj_id num_points z t0 x0 x1 c z_err t0_err x0_err x1_err c_err chi dof b_max delta_15 tmin tmax pre_max post_max message
679 63 0.123663 53618.95369296911 5.5756242312698934e-06 0.09831491160203143 1.1999999524458271 0.0 0.006686500128125772 3.9435161940104546e-07 1.3942008949711764 0.10141513784270795 66.96670740393498 38.0 -15.270995203947269 0.9719330138004914 53616.221902 53704.121031 3 60 "Minimization exited successfully."
682 115 0.047317 53646.82473157952 5.725010581270063e-08 -5.99999271946972 1.1999959775342024 0.0 1.9041644370227004 5.131148292469856e-07 9.217417476238573 1.5114708285468224 208.2791564653743 72.0 -8.10078562569013 3.5058432988940424 53616.232356 53705.132988 29 86 "Minimization exited successfully."
688 62 0.066563 53623.87112003885 1.2521846483465327e-05 2.146432409715093 0.9166506215112298 0.0 0.0013713294611079618 4.024127287132196e-06 0.9997806779062248 0.2119883974500577 70.21441827124848 38.0 -14.690128599096518 0.6484561977574899 53616.265664 53704.165949 6 56 "Minimization exited successfully."
691 42 0.129587 53609.08886942128 0.0001184170868971135 -1.8030632048698667 0.1679177296232841 0.0 0.945803717324452 6.067333492668581e-05 0.5030841336242844 0.31042706422900285 46.277836628576395 17.0 -18.62622391752637 1.4766934721078577 53616.229022 53704.127838 0 42 "Covariance may not be accurate. Covariance not positive definite. Covariance forced positive definite."
694 114 0.126178 53624.879283963724 0.00013355257171032808 1.0594673285286547 0.25030115666903474 0.0 0.0007271468894032296 4.672964636228126e-06 0.16670569342853536 0.027132694237915755 576.6627408605663 72.0 -18.69788973760792 0.8494079723562571 53616.229447 53705.129927 9 105 "Covariance may not be accurate."
697 83 0.155294 53623.44242934318 1.9078446549049e-05 1.0279588632438799 0.7330399433835013 0.0 0.002396114847215358 1.0211864096059121e-05 0.5995886289416137 0.32979609887335715 108.91217719106578 38.0 -17.099495864999206 0.8386077566260397 53616.244046 53705.143634 6 77 "Covariance may not be accurate."
701 44 0.205128 53602.93685308176 1.4169407800836976e-05 -0.1714470658664098 1.1999644825410072 0.0 0.0028239774183020927 1.339844381657573e-06 0.8461962839786459 1.7910224417179625 33.53794941808133 18.0 -17.49280815603806 1.0184110946654563 53616.24278 53704.141592 0 44 "Minimization exited successfully."
703 44 0.296481 53629.16989936886 7.739144120231245e-06 2.424044506525446 1.195831308245534 0.0 1.8475727121040109 2.1180802055492667e-06 1.3359536555260392 2.0018760033096497 13.19478697897429 18.0 -17.747611056053362 0.5974495773304298 53616.247362 53704.146305 8 36 "Minimization exited successfully."
704 44 0.204966 53622.740826336376 0.00018632765500580572 0.5722269273737659 -0.9998287432491032 0.0 1.9437230961557361 1.467545780325542e-05 0.999680942885607 1.634257148466345 17.854735212477657 18.0 -20.268826383208467 0.9804689041404906 53616.249043 53704.147972 2 42 "Minimization exited successfully."
711 0 1.111396 nan nan nan nan -4.0 nan nan nan nan nan nan nan nan nan nan 0 0 "Empty table passed to fit_lc."
716 81 0.322376 53639.39047415996 0.0002707847645593453 5.999999957837476 -0.9999999235072616 0.0 0.014358138301759027 3.6740797509226956e-06 0.030245140637167545 0.40732829452475416 341.27709769656957 38.0 -21.911271649244146 0.12288559971400304 53616.287975 53705.189509 24 57 "Minimization exited successfully."
717 40 0.12901 53613.79161163569 1.5703523551239273e-05 0.7519654517015564 0.9781528414694454 0.0 0.0012285272969165817 1.1406117716131204e-05 1.1070864424464468 0.412563498538855 20.813542133389902 16.0 -16.46992859211788 0.8746693356870097 53616.295393 53704.195979 0 40 "Covariance may not be accurate."
722 42 0.085038 53622.993240744974 0.00026316746410285144 -0.12849998588891864 0.12172533332752744 0.0 0.00013003562708036043 1.0431747884602781e-05 0.13556159744886775 0.028598172442202308 832.5339712327227 38.0 -18.513735767877545 1.0811549791041877 53616.313876 53704.214415 2 40 "Covariance may not be accurate."
735 41 0.189482 53615.77150206837 0.000255414537526385 -3.0414918219032314 -0.9713916159802906 0.0 0.0004930155591864605 0.00021096266551484777 1.8520669667542706 1.4972078270692473 11.503835740810919 16.0 -20.408480538684994 2.1425964501056285 53616.334752 53704.23699 0 41 "Covariance may not be accurate."
739 60 0.106421 53612.9727375906 0.000241650788799066 -0.9076651830986862 0.05372967947508345 0.0 0.00012446523032849655 1.4662354518059646e-05 0.2038628255412327 0.0442136365371838 443.7206811346348 36.0 -18.938858266740354 1.2572369360971187 53616.35185 53704.255733 0 60 "Minimization exited successfully."
744 63 0.12694 53618.79034151231 0.0001779322782993753 0.07888546648888273 0.006919492542592831 0.0 0.0006291556892392691 8.746648004272488e-06 0.2502701967713561 0.039990928155009764 355.29613756660297 38.0 -19.019865753781183 1.0451077085307645 53616.226928 53704.126156 3 60 "Minimization exited successfully."
762 40 0.190088 53624.83728687809 1.5378661486500355e-05 0.9080929774961426 1.1948510917912372 0.0 0.8007003843886196 3.277865149363123e-06 0.5238547521028707 1.5581871878921802 27.73196217659104 16.0 -17.39644675606695 0.8398217640121004 53616.35514 53704.25865 2 38 "Minimization exited successfully."
764 42 0.185808 53623.330961070606 5.334383907585894e-06 5.999999884816683 1.199994162561762 0.0 1.875149793093442 4.182986397766044e-07 0.41128312029152436 1.4715579337003186 38.716668216104075 17.0 -16.298256402146492 0.1332960168155921 53616.36164 53704.265028 2 40 "Minimization exited successfully."
765 48 0.259902 53625.68169847402 6.854075901737589e-05 5.834514828780479 -0.9953358458460679 0.0 2.353089118729258 4.161047240856808e-05 11.147137357732783 1.760165339750646 11.48749641572413 20.0 -19.87285240985012 0.13066548284908563 53616.395211 53704.300703 2 46 "Minimization exited successfully."
770 72 0.041464 53628.694513655726 9.117134421841033e-06 4.349749680360116 1.1999993685539398 0.0 0.6071447145659477 4.941381427037147e-07 0.7902532603401848 0.007688273966475867 306.6033919884841 44.0 -13.344615262554036 0.2201612170872984 53616.398013 53704.304084 9 63 "Minimization exited successfully."
772 48 0.20925 53623.51758657369 8.314436335001063e-05 5.99999962787842 -0.6254159865892006 0.0 2.9807490021739795 6.972724498850781e-05 7.884122295871087 0.5420826252968294 36.05802620550818 20.0 -19.5217503054165 0.12087882157458196 53616.400455 53704.306197 2 46 "Covariance may not be accurate. Covariance not positive definite. Covariance forced positive definite."
774 69 0.092269 53615.71827223543 0.0004078272746816392 -1.0647130378242586 -0.011112921846149426 0.0 0.00018691495642997324 2.0606248545635976e-05 0.15535914799214856 0.03430612755261636 884.8060086646572 42.0 -19.17608947834951 1.300630119010549 53616.381476 53704.286673 0 69 "Covariance may not be accurate."
779 45 0.236938 53625.80752173463 5.442014856984035e-05 1.313498657947214 0.029022530747105257 0.0 1.2754096604949154 2.859008653578465e-05 0.7892745554843477 0.3787121127435588 17.969013495621667 19.0 -19.236144011606974 0.8096696122473297 53616.38554 53704.290062 2 43 "Covariance may not be accurate. Covariance not positive definite. Covariance forced positive definite."
782 47 0.131251 53630.41042394979 0.00011295587082255532 5.9999999597213645 -0.017265665303028088 0.0 0.42989734965522075 4.3272330745751095e-05 0.1232043939077645 0.23463307105810088 336.8840994802423 19.0 -18.71130002161613 0.12140996245002711 53616.41415 53704.320121 5 42 "Covariance may not be accurate. Covariance not positive definite. Covariance forced positive definite."
792 66 0.04282 53619.73902671489 9.725881118193281e-06 1.243224064655073 1.1999999410015478 0.0 1.5795899249787908 5.155949769525268e-07 0.8220491799406737 0.045151248452891535 219.52658825219868 40.0 -13.450051883667019 0.7869179709435095 53616.434617 53704.342412 3 63 "Minimization exited successfully."
799 44 0.146407 53614.70439210607 0.00020312465673947623 -3.7542605197722283 -0.9997227792434091 0.0 1.3519344174710568 3.464276700748225e-05 1.588683194068278 2.1364082151341037 20.091105476519925 18.0 -19.542830145442288 2.64389318283693 53616.25901 53704.158285 0 44 "Minimization exited successfully."
818 46 0.237174 53621.08185738701 7.277511792079805e-06 -0.2559902078253682 1.190255181882704 0.0 2.663689522050845 3.393974903359021e-06 1.2779403868771002 2.0380669604196675 16.193067984903667 19.0 -17.123556939582816 1.0340721174856036 53616.422214 53704.328482 2 44 "Minimization exited successfully."
822 46 0.236635 53622.05561475381 0.0001939901166093616 -3.3073958128223593 -0.9999917257976229 0.0 1.1787184820859693 1.2647645888872459e-05 0.8190471893165872 1.6149300690979276 26.670396734616475 19.0 -20.654139170420855 2.308686366792191 53616.422616 53704.329323 2 44 "Minimization exited successfully."
830 23 0.38623 nan nan nan nan 5.7e-05 nan nan nan nan nan nan nan nan nan nan 0 0 "No bands in data overlap the model."
841 44 0.298318 53625.778971287174 7.666930600377375e-06 -0.27076010780490645 1.181057166005722 0.0 1.646804610543768 5.351739363966823e-06 1.2756169326365443 2.1812501265108892 16.09736097864743 18.0 -17.74919392847658 1.0373910278057963 53616.44389 53704.351576 2 42 "Minimization exited successfully."
859 44 0.276728 53626.01119899954 1.0525048104688129e-05 1.3964470978600714 1.1972410997460954 0.0 1.4122686630144017 1.9557883973736484e-06 0.9318268274864794 1.792141471051158 17.062742209313786 18.0 -17.90768667934168 0.7630935699668768 53616.286742 53704.187406 4 40 "Minimization exited successfully."
863 60 0.092949 53625.57287946905 9.304402301678617e-06 5.999999029985624 1.1999633384221453 0.0 0.0014971315213188063 4.3585080797992087e-07 1.7615839637102129 0.2556695153488845 218.8246442960177 36.0 -15.268106528322694 0.1332956142412698 53616.297451 53704.198958 6 54 "Minimization exited successfully."
875 66 0.104044 53629.662350580176 1.1864003720458705e-05 1.6758856098846575 1.1999999828299153 0.0 0.8260076394726639 4.116139011450806e-07 0.48074455907289515 0.0031427056476682758 517.8162608611187 40.0 -15.687955726780302 0.7193733707325514 53616.259017 53704.159128 12 54 "Minimization exited successfully."
879 20 0.451353 nan nan nan nan 5.3e-05 nan nan nan nan nan nan nan nan nan nan 0 0 "No bands in data overlap the model."
893 63 0.108834 53619.7991721478 3.435065069681165e-05 -0.8517612680499047 0.5051282795014631 0.0 0.0015909350258880295 5.2102570766798825e-06 0.5757472503972312 0.10965964930413152 47.96380357536182 38.0 -16.88535313759059 1.206022075168697 53616.32699 53704.229708 3 60 "Minimization exited successfully."
895 40 0.266814 53613.94784332146 7.976696907192604e-06 1.3237402329370642 1.1999624516763885 0.0 0.005523510200873716 9.461262276388993e-07 1.7289919676033834 1.6783881933015428 33.58939603097964 16.0 -17.516120861211984 0.7743474565015696 53616.34903 53704.252299 0 40 "Minimization exited successfully."
896 20 0.423446 nan nan nan nan 4.1e-05 nan nan nan nan nan nan nan nan nan nan 0 0 "No bands in data overlap the model."
904 21 0.383892 nan nan nan nan 2.5e-05 nan nan nan nan nan nan nan nan nan nan 0 0 "No bands in data overlap the model."
907 72 0.105466 53643.04644662587 2.3508116336147244e-05 5.999999828716682 1.199999665033816 0.0 0.0003368813013366889 3.120336237405493e-07 0.046249779014369 0.006426253874026511 795.2393082829674 44.0 -16.567291055945294 0.1332960947179771 53616.398831 53704.3049 21 51 "Minimization exited successfully."
910 41 0.147747 53617.857611482235 0.0005370492820244178 -0.45160139144527633 -0.9999996069363977 0.0 0.001127723549871007 1.9878366279149618e-05 0.5710495110637672 1.5475009359837155 42.33998507766637 17.0 -20.62795053494772 1.215657829581776 53616.334359 53704.236517 2 39 "Minimization exited successfully."
911 47 0.206325 53621.25395583079 0.00023325789205377867 -1.1990158300022156 -0.9990518192014558 0.0 1.4786801409391046 5.2241588984285324e-05 0.9856647385389836 2.199478020592905 21.279481776098375 20.0 -20.523446783355162 1.4175136027443678 53616.417782 53704.323883 2 45 "Minimization exited successfully."
921 143 0.125781 53630.091354452234 5.526615027530157e-06 5.999999999905329 1.1999999997525603 0.0 0.0019996603768959176 1.92278200396023e-07 0.39186251073156697 0.11042369712815314 145.03415653835356 92.0 -15.407283345860971 0.1332960944056083 53616.457475 53705.367144 14 129 "Minimization exited successfully."
930 72 0.288698 53656.71283625685 8.403352574553046e-06 5.9999999694687265 1.1996223545835636 0.0 0.6285634245541587 4.6568317053408157e-07 0.18995172564095775 1.5166943355617533 170.12594353817954 32.0 -17.87489378883975 0.13329086039258442 53616.351882 53705.255656 26 46 "Minimization exited successfully."
932 23 0.390036 nan nan nan nan 4.8e-05 nan nan nan nan nan nan nan nan nan nan 0 0 "No bands in data overlap the model."
938 0 0.760567 nan nan nan nan 0.000141 nan nan nan nan nan nan nan nan nan nan 0 0 "Empty table passed to fit_lc."
979 44 0.291144 53615.610648435955 7.250737202253443e-06 5.0344781959610145 1.1996917312487492 0.0 0.005091959068522556 1.099308679163302e-06 2.2709121465754105 2.0710853752477965 44.02190352246818 18.0 -17.693619502148266 0.17328721497053934 53616.24819 53704.147179 0 44 "Minimization exited successfully."
983 61 0.067238 53629.18340629149 1.7247722973082747e-05 5.99999919467721 1.1616116215312884 0.0 0.35866174509646953 2.5301850817133215e-06 0.13572945186661123 0.09966391483130932 216.04019259602586 36.0 -15.191118881367856 0.13276724473605128 53616.269781 53704.170311 11 50 "Minimization exited successfully."
986 41 0.279009 53619.90764149434 2.9018553498570964e-05 2.7855675707586656 -0.03876894465928549 0.0 4.252428219882859 3.0904830620930856e-05 2.3050477758197285 0.7771877554389841 7.091915871289998 16.0 -18.96478406595299 0.5306681068175472 53616.293328 53704.193856 2 39 "Covariance may not be accurate. Covariance not positive definite. Covariance forced positive definite."
1000 44 0.128293 53615.61366779839 0.0006303211249613372 -2.326959314462629 -0.9973378267385372 0.0 1.39195811755053 0.00018195764399088157 0.7064024058591258 1.9719066410737789 45.547825715941556 18.0 -20.462959725898806 1.8061090549874521 53616.375805 53704.280391 0 44 "Minimization exited successfully."
1008 46 0.225039 53624.73351950819 1.2476943323069811e-05 0.9130782303863949 1.19977571883341 0.0 1.297023623723362 8.579010075365766e-07 0.7344814039485841 1.5465402398475823 42.413299464925 19.0 -17.581157884460094 0.8388196172296141 53616.389554 53704.294796 2 44 "Minimization exited successfully."
1027 46 0.185416 53626.40035623659 4.9867740179576626e-06 5.9999982233563305 1.1985858394079196 0.0 2.0239747484774853 9.153535211581241e-07 1.3193450781177631 1.810259341098334 31.240982604934253 19.0 -16.219811726422854 0.1332765460483003 53616.424198 53704.330663 2 44 "Minimization exited successfully."
1031 140 0.114804 53619.61152156259 3.106737554443906e-05 0.08847408653923416 0.7029395211252709 0.0 0.0025685485743451864 3.389897923228858e-06 0.491743203551783 0.07879654119982915 293.7484021621269 89.0 -16.91320212076576 1.004460902970699 53616.436217 53705.344971 3 137 "Minimization exited successfully."
1032 44 0.129033 53627.25059965874 0.0006274811831430127 -2.7264511133118168 -0.9997569119688209 0.0 0.44046555422755773 4.126418964402911e-05 0.4459039430592886 1.5621113302878404 22.4243083702213 18.0 -20.470928727224297 1.9845605019561319 53616.439453 53704.346623 4 40 "Minimization exited successfully."
1041 69 0.065187 53620.10481108952 4.451391040672048e-05 0.43854187746935924 0.9390051060077393 0.0 9.190413766191341e-05 5.498785773345172e-06 0.3794924377523765 0.0820259993262753 383.4643007629534 42.0 -16.02016023824079 0.9292341555744343 53616.447043 53704.355423 3 66 "Covariance may not be accurate."
1112 40 0.256085 53630.863858150384 0.00014547678239620665 -1.217941629072266 -0.9961775301463061 0.0 1.43355721383341 6.227155927756301e-05 1.031085821179905 2.1689934392534185 18.01837098650235 16.0 -20.541233448741814 1.4228650826729101 53622.268038 53705.155217 6 34 "Minimization exited successfully."
