analysis_pipeline/fit_results/sdss_4_salt2_2.4_all.ecsv
# %ECSV 0.9
# ---
# datatype:
# - name: obj_id
#   datatype: string
# - name: num_points
#   datatype: int64
# - name: z
#   datatype: float64
# - name: t0
#   datatype: float64
# - name: x0
#   datatype: float64
# - name: x1
#   datatype: float64
# - name: c
#   datatype: float64
# - name: z_err
#   datatype: float64
# - name: t0_err
#   datatype: float64
# - name: x0_err
#   datatype: float64
# - name: x1_err
#   datatype: float64
# - name: c_err
#   datatype: float64
# - name: chi
#   datatype: float64
# - name: dof
#   datatype: float64
# - name: b_max
#   datatype: float64
# - name: delta_15
#   datatype: float64
# - name: tmin
#   datatype: float64
# - name: tmax
#   datatype: float64
# - name: pre_max
#   datatype: int64
# - name: post_max
#   datatype: int64
# - name: message
#   datatype: string
# schema: astropy-2.0
obj_id num_points z t0 x0 x1 c z_err t0_err x0_err x1_err c_err chi dof b_max delta_15 tmin tmax pre_max post_max message
[from data line 49]
1008 114 0.225039 53623.23205831777 7.163146302297752e-05 0.5804982733445634 -0.02473249206581607 0.0 0.4595732224661333 2.610119805931957e-06 0.4365505769736817 0.03044941714873961 101.83847848093383 65.0 -19.40580013617759 0.9491679797627981 53616.388725 53704.295625 5 109 "Minimization exited successfully."
1027 114 0.185416 53625.51542547624 7.992220647703441e-06 5.999999999699536 0.9485732335992647 0.0 2.3801798928798235 1.5302246746962125e-06 0.6150627299310054 0.14016327230827186 127.69745816864017 65.0 -16.707893887831073 0.15562759864451792 53616.423368 53704.331492 5 109 "Minimization exited successfully."
1031 232 0.114804 53617.61571948262 2.6467670189527226e-05 0.052770141137765236 0.8845599792911167 0.0 0.0003768002425204031 1.6089411049008407e-06 0.43098069697403796 0.04622795262234902 376.7152916505786 136.0 -16.756967139781224 0.992629146885676 53616.436217 53705.3458 5 227 "Covariance may not be accurate."
1032 110 0.129033 53626.51367712723 0.00010463539930602784 -2.625096481291078 0.10485896545244278 0.0 0.15251541262114188 2.6818136316003637e-06 0.16343898016569058 0.023960735383170673 124.46702343795127 62.0 -18.480651916126376 1.6663788236653971 53616.438624 53704.347453 10 100 "Minimization exited successfully."
1041 114 0.065187 53620.10728331878 4.970411399133235e-05 0.6013779702320896 0.8982631291705421 0.0 0.0003515626558510121 2.6570363206102074e-06 0.29111392407193515 0.03967636375799155 525.1298809843545 65.0 -16.13962883813282 0.9020889228238858 53616.447043 53704.356252 5 109 "Minimization exited successfully."
1112 100 0.256085 53630.14340023094 3.811261902710417e-05 -0.5918017691239026 0.0028869754171623185 0.0 0.65640151793923 1.8698830545732493e-06 0.680524636120265 0.04093404372578019 39.26306653119551 56.0 -19.03847118246616 1.1686592834365257 53622.267208 53705.156046 15 85 "Minimization exited successfully."
1113 100 0.055632 53634.433959550166 0.00014447328001432113 5.999999950674075 0.5159025549122425 0.0 1.2891199730802327e-05 1.8247228522122385e-06 0.008230651809090439 0.011124198764151938 3588.452921450024 56.0 -17.00709537669446 0.1411548490516239 53622.270544 53705.159045 20 80 "Minimization exited successfully."
1119 90 0.296391 53624.48630192908 3.4653092150375155e-05 0.36325063415128156 -0.08246501915382265 0.0 2.2793421912865597 1.733734793832322e-06 1.2773964662084962 0.04735987036834227 25.936723589863043 50.0 -19.30049019448483 0.9903426439193055 53622.215192 53705.102995 5 85 "Minimization exited successfully."
1126 90 0.113914 53613.44236526342 9.400131436612891e-05 -2.7828643797129886 0.2984649309024119 0.0 0.0009051702218130231 7.804202226694424e-06 0.48400051236580177 0.057617260881701604 131.20959509758077 50.0 -18.076132360495162 1.687965316843954 53622.225302 53705.113265 0 90 "Covariance may not be accurate."
1127 89 0.076085 53651.414129121804 3.6407093275985235e-05 2.153566791880813 1.199998045860835 0.0 0.0002353427444177214 5.945457610084833e-07 0.21366506015926445 0.002270645033362051 1919.3072924970215 50.0 -16.191300999160756 0.6511056091983036 53622.326445 53705.217254 24 65 "Minimization exited successfully."
1131 95 0.172432 53635.650923510446 1.5269293895537883e-05 5.999999973553278 0.31950549562040664 0.0 1.1662275660746673 1.2652134476404115e-06 0.4125072742334588 0.08249924169021672 76.20385136004748 53.0 -17.18061260933642 0.1346785808073001 53622.237489 53705.12568 20 75 "Minimization exited successfully."
1150 95 0.456315 53686.87315881408 9.840292329260647e-06 5.999999960633017 -0.2074634407196756 0.0 1.1303023000218673 8.853666411812181e-07 1.2034818237325267 0.04745897249973374 142.49238707186979 53.0 -19.12167065203437 0.11815262369308854 53622.324375 53705.214737 80 15 "Minimization exited successfully."
1151 80 0.361362 53613.289048257924 4.46028787813968e-05 1.3644504451330928 -0.21970403701734686 0.0 7.8347496688547835 1.5420402099469713e-05 1.3256769215011759 0.12521745452644972 42.58089770391141 44.0 -20.078815089642298 0.8219781188877526 53622.368625 53705.261183 0 80 "Minimization exited successfully."
1153 80 0.338423 53633.35641778679 2.0998713842010907e-05 5.999999998592639 0.4235671618814487 0.0 0.0033702724977047183 1.220705462823824e-06 1.0295784249301336 0.07272071559595328 49.641782158887466 44.0 -19.19625381931383 0.13809602278677247 53622.370256 53705.26246 10 70 "Minimization exited successfully."
1158 80 0.410115 53628.04493295144 2.2804807678893368e-05 -4.866068415407546 -0.05450543750059855 0.0 0.9806486311645131 1.793710501232226e-06 1.0389444510372883 0.09587191635575637 22.87726449478497 44.0 -19.66933558309071 2.8499936155682057 53622.3727 53705.265437 10 70 "Minimization exited successfully."
1166 85 0.380494 53631.38235169681 2.646339602074832e-05 1.1109211167960806 -0.009439888953942766 0.0 1.1227740534886834 1.813993866623397e-06 1.0915923763715245 0.05726696740668108 27.82646210285324 47.0 -19.64115804992558 0.8577503126501149 53622.351052 53705.242915 10 75 "Minimization exited successfully."
1170 85 0.32846 53614.87926285866 1.9301889077677494e-05 5.865346382623176 0.28257129958056604 0.0 0.0009519835475657601 2.3060549348052904e-06 9.503622491220979 0.09127683300952927 64.44164633768177 47.0 -19.015363108933066 0.13913391457681712 53622.353506 53705.245472 0 85 "Covariance may not be accurate."
1174 85 0.405 53685.50632121683 2.865145833410465e-05 5.99999999902634 -0.21369534206113971 0.0 0.44666812193827354 8.313255165631751e-07 0.08612032752557663 0.018105717012070754 789.8176479679951 47.0 -19.973656949548957 0.1179663971128555 53622.360045 53705.25229 70 15 "Minimization exited successfully."
1176 85 0.70546 53681.5432621824 1.6169355266802966e-05 1.152249173729066 -0.34237120586373915 0.0 0.6067021946400928 9.780898782041366e-07 0.27848741048434267 0.014278338183777384 437.21662922608203 47.0 -20.7287304999702 0.861640152281641 53622.365351 53705.257399 65 20 "Minimization exited successfully."
1181 90 0.602537 53662.52576772236 1.8037386536358114e-05 1.9546176110142488 -0.40799037889551293 0.0 0.5042171068525931 8.85946815200045e-07 0.7184444307099556 0.030658851222411743 495.9684796937113 50.0 -20.431971128710035 0.7278515562386332 53622.403559 53705.297263 30 60 "Minimization exited successfully."
1184 85 0.548751 53614.2638330471 2.0702779847093788e-05 -0.42079603286823897 -0.7238417207895942 0.0 0.3171956490550656 2.5405704545866657e-06 0.0666522002325598 0.028368722163733096 376.810038705542 47.0 -20.350226166389604 1.174032760077779 53622.388953 53705.282051 0 85 "Minimization exited successfully."
1196 95 0.368957 53653.6824696889 4.2121644931600866e-05 5.999999170734911 -0.371351734069718 0.0 0.232781413335033 1.039445869433498e-06 0.04967202695481632 0.01880430650464765 1028.3153316792998 53.0 -20.15525835465099 0.11336033094314146 53622.229522 53705.117482 25 70 "Minimization exited successfully."
1198 90 0.118439 53636.02871226239 1.160361246660302e-05 5.9935562775439255 1.1999999292592776 0.0 0.8340090346137004 7.696383075328493e-07 11.99648029455375 0.264520309904293 227.81209205810418 50.0 -16.08145967875716 0.16415287000610235 53622.224474 53705.111918 20 70 "Minimization exited successfully."
1209 120 0.241036 53619.325623410325 5.772558306530229e-05 0.5977148624244997 0.009384312060062072 0.0 3.493587428238243e-07 2.476086126884658e-06 0.6055868524503172 0.03689874143021232 63.29003455773046 68.0 -19.34032319737103 0.9447126839562685 53622.426578 53705.321395 0 120 "Covariance may not be accurate."
1214 120 0.263798 53618.201173956935 3.384853631400064e-05 0.24779365622972627 -0.4150939770248365 0.0 0.002998304222273873 2.1239611298806697e-06 0.853902893089149 0.05997025640116421 74.08473523369996 68.0 -18.99240831765813 1.0261079079096191 53622.43504 53705.330664 0 120 "Covariance may not be accurate."
1223 66 0.405 53638.90065403583 1.8714426624795167e-05 5.999999761634754 0.1880814551907597 0.0 0.7958612857000844 8.023807438822808e-07 0.07463022833682498 0.0652162283016181 363.65804889710273 60.0 -19.51789225459041 0.13042119241396222 53622.425379 53705.320083 11 55 "Minimization exited successfully."
1241 100 0.088477 53635.33134147314 0.00033104892217560413 -0.512452873729865 0.10231597710286855 0.0 0.06295093497101334 4.007086764941088e-06 0.06768170643578042 0.009069974354368293 457.2171274938189 56.0 -18.85351292353602 1.1461731891653777 53622.263455 53705.152174 20 80 "Minimization exited successfully."
1243 95 0.196967 53618.033125740294 3.158366328625206e-05 2.1247529913040886 0.23981112912492053 0.0 2.742140722410113 4.536085643537803e-06 1.163384790380714 0.08352572877374476 67.78777811513875 53.0 -18.196757350436407 0.6834010899431959 53622.274711 53705.163741 0 95 "Minimization exited successfully."
1248 90 0.781457 53678.92127984303 1.918964860353034e-05 0.6797722455660367 -0.32386665433646256 0.0 0.48803704452802776 9.083274813204142e-07 0.10988672550682832 0.009022748936928171 586.7212827467648 50.0 -21.187113079006924 0.943429459472366 53622.223204 53705.111093 55 35 "Minimization exited successfully."
1251 114 0.178299 53641.44113398864 1.682815867370846e-05 5.9999992098279495 0.5854946034628348 0.0 0.010762409703602316 1.224955502043268e-06 0.1119862290527891 0.06842886576996465 286.41800683158897 65.0 -17.3846305839945 0.14347271420770724 53622.441492 53705.33735 20 94 "Minimization exited successfully."
1253 90 0.261657 53634.30406273118 5.005950303948903e-05 -0.9417794801916477 -0.0925092525055099 0.0 0.41157386869963375 1.881039451391289e-06 0.4481996747083139 0.03536814060171661 32.56697560919343 50.0 -19.3880925557521 1.2492665164383574 53622.224887 53705.112377 20 70 "Minimization exited successfully."
1277 94 0.143396 53622.03751388939 1.4158137673666583e-05 1.389521577538785 0.9016160797638617 0.0 0.01445276448794175 1.690678874258223e-06 0.8797495684573597 0.0967060047057029 95.84962218711303 53.0 -16.604269637012873 0.7792137453989447 53622.244218 53705.132026 0 94 "Minimization exited successfully."
1281 94 0.289319 53641.7430740557 7.215083344867312e-05 5.999999089221792 0.0913836962382708 0.0 0.187018027951126 1.0895835171886858e-06 0.014255041695491855 0.01759019742376189 1361.9108084256643 52.0 -20.126059036069623 0.12734013006798506 53622.243369 53705.131644 24 70 "Minimization exited successfully."
1293 100 0.405 53640.429073064435 2.6912229861649763e-05 5.999999957171767 -0.18513928764886578 0.0 0.5424678884228342 9.556248854392105e-07 0.09050821631460959 0.025977767440177657 436.8192945242114 56.0 -19.905559988518494 0.1188221787601087 53622.256765 53705.144923 25 75 "Minimization exited successfully."
1298 194 0.225088 53607.89160955498 8.143475252193832e-05 -0.39729003215286696 -0.15648666559194901 0.0 0.001517192413302837 1.0635505850482008e-05 0.7856108423462489 0.08618410932660947 518.0601318371873 112.0 -19.546071203467108 1.1389763407019338 53622.232873 53705.120526 0 194 "Covariance may not be accurate."
1311 100 0.260328 53615.05379988711 3.3786794426017284e-05 -4.398310792485572 -0.564475615167494 0.0 1.5714068530214718 5.931293272073979e-06 0.8532453009015388 0.13776176007238922 174.7620348707869 56.0 -18.961975277543516 2.6657052886591153 53622.250905 53705.13937 0 100 "Minimization exited successfully."
1316 100 0.215653 53620.423300450944 6.38726798238165e-05 0.3809575736988986 -0.05143138698037941 0.0 0.00438375017256476 1.9104479488513116e-06 0.5200997158023091 0.02990245892438309 84.09513198618826 56.0 -19.176975217088533 0.9857573675478051 53622.255925 53705.144082 0 100 "Covariance may not be accurate."
1329 100 0.087806 53626.822436479604 1.4484634716622758e-05 0.8006090165838726 1.1999999996340618 0.0 0.0007810488714312669 4.19523351023465e-07 0.45908630154354535 0.01116101595651342 264.0489182204472 56.0 -15.517137541767084 0.8557452477290184 53622.263862 53705.152221 10 90 "Minimization exited successfully."
1351 90 0.174548 53612.60287513675 8.226885279749907e-05 -1.4132397030365142 0.038008684260865344 0.0 0.0003757061167561915 8.534508204950944e-06 0.7349852523898128 0.0706473336378165 73.23067548703195 50.0 -18.9381808888975 1.3460048651938052 53622.331796 53705.22235 0 90 "Covariance may not be accurate."
1354 95 0.247914 53622.69947695486 2.5581423745600906e-05 -0.9114108402150194 0.21284488891674203 0.0 2.307575058675866 2.322733251865495e-06 1.132818807228705 0.07833484789516265 42.84486877960679 53.0 -18.527684520724925 1.2200040029957258 53622.31119 53705.201021 5 90 "Minimization exited successfully."
1364 85 0.217423 53631.81795510824 3.584863456562393e-05 5.999999972477006 0.06635800974394335 0.0 1.0679703103305656 1.1466142580207625e-06 1.351895838970158 0.03710338324438833 90.72513014189973 47.0 -18.659205309350803 0.12655078077854398 53622.378811 53705.271356 10 75 "Minimization exited successfully."
1371 104 0.117969 53633.344859516656 0.00036654293967185446 0.8201088938944228 -0.050926134215842245 0.0 0.09105728697250015 3.304548556172228e-06 0.08628270154397377 0.00807896327234131 437.75798951355 59.0 -19.632622859537328 0.9086150754104914 53622.296297 53705.18563 10 94 "Minimization exited successfully."
1372 85 0.067849 53636.85479207993 3.750451325175819e-05 5.9999999999999325 0.8142319049893227 0.0 0.2719111340120435 1.7352054929420386e-06 0.016628110720160016 0.03706211503714685 1616.958247134202 47.0 -16.020226645869705 0.1511304066451693 53622.38897 53705.282396 15 70 "Minimization exited successfully."
1378 95 0.124747 53626.49677614586 2.472067933987465e-05 1.059535845354298 0.5464810946258316 0.0 1.0606345281848917 1.7975976205242276e-06 0.7058957638465846 0.06018853404372371 70.40870709410898 53.0 -16.852238802406923 0.8450889748141606 53622.395462 53705.288758 5 90 "Minimization exited successfully."
1385 85 0.335346 53625.902993644864 3.0115036195442757e-05 -0.03182413175851906 -0.11560049651928661 0.0 1.9040763473531115 1.9863155473531777e-06 1.309539836763952 0.05344208108246756 23.237548063135293 47.0 -19.45945467138831 1.065152525582544 53622.349422 53705.241177 5 80 "Minimization exited successfully."
1395 94 0.184968 53622.83987194353 8.646084502081375e-05 -1.2398970121187185 0.06073224126152854 0.0 0.9051933290575107 3.0683065933934125e-06 0.4713801807259501 0.032074894733983506 94.85017369538573 52.0 -19.132062719521343 1.3039215830388962 53622.319024 53705.209591 5 89 "Minimization exited successfully."
1396 95 0.271554 53617.69260673049 4.9481607581606245e-05 3.2281459773768084 0.15755315442894924 0.0 0.001480942162743304 3.1101763500579483e-06 0.9070532345849474 0.05071094122360209 133.82483762159157 53.0 -19.476012091016706 0.46724246103211087 53622.319848 53705.210446 0 95 "Minimization exited successfully."
1400 85 0.277262 53612.49806523441 2.9499727004170806e-05 1.6002755839547262 0.32895540302790716 0.0 0.0042994518371415325 4.870440771262417e-06 1.6003936579912947 0.11523273434014436 97.49434122677339 47.0 -18.965607555445317 0.7662756505616528 53622.369843 53705.262475 0 85 "Minimization exited successfully."
1403 95 0.359741 53627.87718614283 2.5636568080720234e-05 -1.7045837718425112 0.10622356488197915 0.0 1.0805487493635155 2.059713918839966e-06 1.1528495949383615 0.08104256194312043 47.33121840299689 53.0 -19.462271415394888 1.4100343932959873 53622.324791 53705.215148 10 85 "Minimization exited successfully."
1415 85 0.210449 53631.892007444956 5.5795268364736693e-05 0.8690443129046717 0.1985797061266601 0.0 0.47845159942517057 2.2952747975746295e-06 0.4999071956716321 0.03254748677401198 70.50167916387292 47.0 -18.973009202716653 0.8904838922175529 53622.342044 53705.233514 10 75 "Minimization exited successfully."
