analysis_pipeline/fit_results/sdss_4_salt2_2.4_all.ecsv
# %ECSV 0.9
# ---
# datatype:
# - name: obj_id
#   datatype: string
# - name: num_points
#   datatype: int64
# - name: z
#   datatype: float64
# - name: t0
#   datatype: float64
# - name: x0
#   datatype: float64
# - name: x1
#   datatype: float64
# - name: c
#   datatype: float64
# - name: z_err
#   datatype: float64
# - name: t0_err
#   datatype: float64
# - name: x0_err
#   datatype: float64
# - name: x1_err
#   datatype: float64
# - name: c_err
#   datatype: float64
# - name: chi
#   datatype: float64
# - name: dof
#   datatype: float64
# - name: b_max
#   datatype: float64
# - name: delta_15
#   datatype: float64
# - name: tmin
#   datatype: float64
# - name: tmax
#   datatype: float64
# - name: pre_max
#   datatype: int64
# - name: post_max
#   datatype: int64
# - name: message
#   datatype: string
# schema: astropy-2.0
obj_id num_points z t0 x0 x1 c z_err t0_err x0_err x1_err c_err chi dof b_max delta_15 tmin tmax pre_max post_max message
[from data line 1448]
15120 105 0.533587 54007.976620993904 1.1446693376265804e-05 -1.979599614640624 -0.22606500412325448 0.0 0.8435981949260167 9.827008029528181e-07 0.876350723213775 0.0435663069856802 36.67250111148271 59.0 -19.608874766582126 1.515984399502745 53989.416668 54065.345847 25 80 "Minimization exited successfully."
15129 115 0.196112 54023.72719382226 7.994320758867856e-05 -0.717129671168534 -0.08639441911164136 0.0 0.2324545125302393 1.5554474031670396e-06 0.215658076371803 0.01920974162748912 301.49311985367984 65.0 -19.188912399352407 1.200546421274467 53975.187333 54068.114455 40 75 "Minimization exited successfully."
15132 120 0.153037 54026.62056644641 0.00019246159015560372 1.078677438905424 -0.09063126722365533 0.0 0.11301440823444864 1.7573424749223264e-06 0.13527891737084907 0.009086686284923207 109.61184232138945 68.0 -19.548174795696823 0.8659869081153531 53975.217418 54068.145298 45 75 "Minimization exited successfully."
15134 114 0.041897 53976.949803848525 0.0 5.288183734872986 -0.7319106510990792 0.0 0.0 0.0 0.0 0.0 994.6947144455254 64.0 inf nan 53975.38553 54068.310735 5 109 "Hesse Failed. Covariance may not be accurate. Covariance not positive definite."
15136 105 0.147338 54023.50258019838 0.0001148238361955145 -0.6783593500409504 0.10938833488122546 0.0 0.17680580214437214 2.0987474610217874e-06 0.16984565527053075 0.016323819607376944 89.54656320786027 59.0 -18.896148879953138 1.1792220299850626 53975.277013 54062.217045 50 55 "Minimization exited successfully."
15137 109 0.277353 54021.750595284015 3.7555313001248484e-05 -0.6530363148084213 -0.09097183925463637 0.0 0.46483406049082987 1.7243948117606761e-06 0.44181508380239753 0.03956217012036728 51.08074716870094 62.0 -19.221163968288355 1.1874068581805197 53975.290555 54062.231146 50 59 "Minimization exited successfully."
15160 105 0.250717 54020.476223474434 3.295546387040438e-05 -0.7271227951558137 0.1389545030965813 0.0 0.41710831159434747 1.4668585184657326e-06 0.43779911229934765 0.04002224933580856 47.78845167359557 59.0 -18.82918245754901 1.1871591586725962 53974.303458 54063.224136 40 65 "Minimization exited successfully."
15161 95 0.248522 54025.44439701968 5.3994050952332894e-05 -0.20739857297078323 -0.026444644965151864 0.0 0.33867865335196257 1.5295283573013563e-06 0.29513145062199264 0.02669259940887536 66.50311224707355 53.0 -19.342713691009774 1.0940481954220438 53989.408989 54065.337918 40 55 "Minimization exited successfully."
15163 214 0.133652 54024.54174773418 4.746295307170745e-05 -1.0032235744319564 0.3533233129504383 0.0 0.2646328051960154 1.4039220544481676e-06 0.20507325527609455 0.02448801771190734 392.06967016803026 125.0 -17.71202700981828 1.2281466549956441 53975.377872 54068.302719 80 134 "Minimization exited successfully."
15170 90 0.394414 54025.49446955992 2.2087855800232425e-05 0.24654462040555192 -0.21811457845774862 0.0 0.7393966444178659 1.3059398499476457e-06 0.6247024104550123 0.043165504234165375 121.1324447281946 50.0 -19.538653612903744 1.0177887846601834 53989.468494 54065.399812 35 55 "Minimization exited successfully."
15171 120 0.138185 54029.162805962114 0.00018132686573397061 0.6885060602818065 -0.024265952437915295 0.0 0.12324311812335509 1.5227933143913141e-06 0.13290969512556128 0.009131554541362774 137.388884923795 68.0 -19.240457964892382 0.9302993718641055 53975.147774 54068.073833 55 65 "Minimization exited successfully."
15181 105 0.211243 53963.42163489103 1.9097071788320986e-06 5.999884643389814 -0.999998179065612 0.0 10.174114669425762 1.6820566918990252e-06 11.798631261817425 0.4912966008368387 92.53901242834256 59.0 -15.43906123327514 0.09743567695382538 53975.267145 54062.207193 0 105 "Minimization exited successfully."
15192 115 0.138331 54014.295440667585 9.086782788146896e-06 5.999999955467491 1.0334047606049102 0.0 0.7131758752220776 1.2649621733462625e-06 0.344486291699555 0.12107635018864804 264.1276120394944 65.0 -16.158045014514137 0.1584561212511204 53975.1869 54068.114057 30 85 "Minimization exited successfully."
15196 110 0.134991 54008.60873608867 8.666879879080103e-06 5.999985764563922 0.7604550390168516 0.0 0.9519866595219355 8.227348124939526e-07 0.23949864408096122 0.08783650888079819 163.14618809500013 62.0 -16.01690534937857 0.1493282266582696 53975.31955 54068.241985 35 75 "Minimization exited successfully."
15198 217 0.288316 54033.70671740221 4.070183734752431e-05 0.16350070735608213 -0.042872338399192134 0.0 0.30689226882896037 8.036381212572769e-07 0.3281752664734374 0.017426711503591596 110.33076217048972 127.0 -19.40558342254512 1.0249219674985923 53975.394769 54068.320475 110 107 "Minimization exited successfully."
15201 209 0.207354 54028.1866829666 2.755401268593749e-05 -1.401223853862617 0.1539798031114965 0.0 0.5494360097327444 8.491416356087859e-07 0.43436195143684664 0.030120164095364665 133.93940544157869 122.0 -18.168592340607507 1.3328302035220574 53975.239027 54068.167576 90 119 "Minimization exited successfully."
15203 109 0.20313 54026.79596927184 8.320781096138319e-05 1.3107287980363438 0.019977311582356716 0.0 0.23254032299882965 1.5385223253488981e-06 0.24924006578931301 0.01641873069678068 83.67682763371761 62.0 -19.319025343850175 0.8234788334362761 53975.343916 54068.267123 45 64 "Minimization exited successfully."
15208 110 0.405077 54026.399459700835 1.1748676209536457e-05 5.999997561792519 -0.31231699152730197 0.0 0.9359155346937769 8.812990638540354e-07 0.7463964126758897 0.04053430718118506 170.9838205386292 62.0 -19.007285980596983 0.11506078985966894 53975.187312 54068.114072 40 70 "Minimization exited successfully."
15210 103 0.124573 54023.773838162 6.829393034448295e-05 -1.6512433347577709 0.18443834262486636 0.0 0.26700115560015547 1.9744316987146973e-06 0.24589358264709293 0.027797074938242905 221.7723071550631 59.0 -17.936302650114246 1.389157664725662 53975.274519 54062.214964 49 54 "Minimization exited successfully."
15213 100 0.306322 54026.3535705644 2.74134718665453e-05 0.0688318440387663 0.11775820627156541 0.0 0.6252221744070994 1.376210158672286e-06 0.5717600951924284 0.043496403876617684 103.23881617686257 56.0 -19.129091236150558 1.0341574411269683 53989.455268 54065.385643 45 55 "Minimization exited successfully."
15216 114 0.107543 54011.07022660695 5.186834057058221e-06 5.999998008404223 0.4739866873332583 0.0 0.9750921625527553 8.674092652261044e-07 0.410172614827502 0.16170473129569174 289.97189206162636 65.0 -14.901876283665636 0.13976371428012158 53974.33686 54063.259529 40 74 "Minimization exited successfully."
15217 98 0.380037 54020.16772825282 1.4635407825005498e-05 0.41848403515437127 0.14186952209860193 0.0 1.3335166491597192 1.9532174651643036e-06 1.68434613827759 0.08303482473210022 66.6763501626387 55.0 -18.995491251006243 0.9701974315207771 53989.373347 54063.293039 33 65 "Minimization exited successfully."
15219 99 0.246368 54031.04329410978 6.216074652038551e-05 -0.17347360513549326 -0.13498733520785944 0.0 0.2921769949316513 1.1795347270476818e-06 0.30307188342918234 0.019202135004060483 35.65742935986039 55.0 -19.474991685131073 1.0934386283826036 53989.405761 54065.334535 45 54 "Minimization exited successfully."
15220 100 0.463496 54022.76220123267 1.2707946616670186e-05 2.178694394247957 0.05223096431326546 0.0 1.3544831347535364 1.2557555146963662e-06 1.4209083901802506 0.07007640186259478 30.69576734945326 56.0 -19.355582672075283 0.6791698674019884 53989.42633 54065.355967 40 60 "Minimization exited successfully."
15222 110 0.198005 54031.14591428767 7.00367279757741e-05 -1.257241096124913 0.03168565365398357 0.0 0.23630490276264027 1.453786986682637e-06 0.2623690099422853 0.021013610324272736 95.18768594601032 62.0 -19.068057579074903 1.3103023048972204 53974.31528 54063.236552 60 50 "Minimization exited successfully."
15224 109 0.234627 54028.4930989759 1.1196528363021096e-05 5.999886260377217 0.3316994733382699 0.0 0.6619219570275163 8.792077555619389e-07 1.1979266459865805 0.09435961578279406 439.6573208489976 62.0 -17.593049476312842 0.13508174649818017 53977.391666 54063.265919 50 59 "Minimization exited successfully."
15225 100 0.198086 54027.427620159215 3.48784776135258e-05 5.640604800396412 -0.26412581992935136 0.0 0.4827484263223596 1.7718502417057836e-06 0.9967432041770419 0.03668001170101809 242.79194306229095 56.0 -18.386043842251205 0.13510048312743095 53989.353387 54063.272288 45 55 "Minimization exited successfully."
15226 100 0.287489 54024.60649129795 2.5820867642476488e-05 -0.7618053854747009 0.12520518730145325 0.0 0.6475875354008167 1.4172581455512694e-06 0.5111313131774642 0.05205105795719989 47.021587166212115 56.0 -18.90454672206986 1.1952906573063302 53989.402929 54065.331602 35 65 "Minimization exited successfully."
15229 109 0.222559 54033.16437081421 6.636315848000396e-05 0.6986029948788026 -0.029715742692163594 0.0 0.28795462897687685 1.3584333803501371e-06 0.281731183887294 0.020480083977533703 82.29721359925952 62.0 -19.295808427576652 0.9287672365247985 53974.320574 54063.242533 65 44 "Minimization exited successfully."
15231 110 0.158627 54007.410975281025 1.1710797066647461e-05 5.999999975942238 0.5925210331017072 0.0 1.1683278018717829 9.616765067876896e-07 0.4944212526259957 0.08145685045454865 130.05643040756468 62.0 -16.711269663788446 0.14370718026995632 53974.322203 54063.244237 30 80 "Minimization exited successfully."
15232 108 0.692416 54028.071841084224 1.0988566059344508e-05 5.9999999849649175 0.0391063497697286 0.0 1.2233673499213182 8.557332648007067e-07 0.45812582670168656 0.058512965353805624 165.95856951913606 62.0 -20.341825855061213 0.12569531308158943 53974.32424 54063.245941 55 53 "Minimization exited successfully."
15233 209 0.315991 54021.64156183843 2.7652251002222573e-05 -0.5298706532271984 -0.10723496682812439 0.0 0.4342082731454866 1.3624364217035275e-06 0.4759932571593488 0.03867948192128512 270.582810299083 122.0 -19.216139723500444 1.162974703045471 53975.348763 54068.27268 80 129 "Minimization exited successfully."
15234 100 0.135136 54032.80163126615 0.00010721789105410218 0.9249523218091866 0.1568516620461493 0.0 0.19174453047889983 1.585210138517758e-06 0.1998458176707607 0.014492716292746732 127.56834046408737 56.0 -18.61879932275631 0.8827742890596646 53989.357874 54063.276956 55 45 "Minimization exited successfully."
15236 109 0.381117 54014.75613830735 1.7991239392102232e-05 4.73030778600568 0.3233059103991036 0.0 1.1217995440129016 1.6011339604909972e-06 1.4079436222796158 0.06332933001563379 71.96491627157887 62.0 -19.275863670924537 0.20734186930701526 53974.321832 54063.243312 40 69 "Minimization exited successfully."
15239 105 0.332634 54019.11281352142 1.6165613548820845e-05 -0.18399895636284924 0.20800152437260722 0.0 0.9696743595413864 1.5345915331782532e-06 1.0579690432111795 0.08925505378106258 46.17637315056115 59.0 -18.765060298172553 1.076045023741596 53974.309187 54063.230096 35 70 "Minimization exited successfully."
15246 100 0.166973 54017.54839324572 1.6957291224217742e-06 -1.8970481287754506 1.1999892953184141 0.0 4.833257445014169 5.44691350198856e-07 4.106661652482536 1.474702458053488 123.70155532292424 56.0 -14.694212669309238 1.3373711526720697 53989.379446 54063.299353 35 65 "Minimization exited successfully."
15254 124 0.201785 54033.7249274415 4.879378703263826e-05 0.6432192750128776 0.026825725103225784 0.0 0.36469974911233294 1.2649856801638665e-06 0.34811543238690046 0.025351233157556385 247.1539856619535 71.0 -18.722744661054517 0.9360563555475032 53975.172217 54068.098631 64 60 "Minimization exited successfully."
15259 115 0.210539 54026.3168858083 7.084417600095039e-05 0.5136345186864553 0.04012457261262248 0.0 0.26806745781141217 1.3001575279170119e-06 0.2618688616443645 0.017894684556418183 74.80937415555536 65.0 -19.23095176848564 0.958109488097616 53975.239447 54068.167562 50 65 "Minimization exited successfully."
15260 115 0.25218 54024.12029329709 3.882918654825485e-05 1.2748238162074284 0.18461624719629666 0.0 0.418990907855914 1.201920889609686e-06 0.4263194881611718 0.028988905025055245 45.83181534698184 65.0 -19.023966490901486 0.8238528766163107 53975.24359 54068.172275 50 65 "Minimization exited successfully."
15262 109 0.246151 54018.19782200692 1.4306297181702066e-05 -0.8795201439991507 0.696987234482406 0.0 0.8593643328931648 1.602520352340097e-06 0.8738384564530839 0.09682842972428285 73.60085557720075 62.0 -17.9026607854603 1.174856319314035 53975.252691 54068.181699 40 69 "Minimization exited successfully."
15263 112 0.466308 54027.933027180785 1.5238590038859635e-05 1.7479135110130004 0.008019535986364401 0.0 1.28670694961329 1.1459220231407882e-06 1.2192921647637718 0.0683736063070548 93.94587391984022 65.0 -19.567587035374245 0.7518284035852858 53975.206575 54068.134162 40 72 "Minimization exited successfully."
15264 115 0.208355 54016.06662881248 1.6191944709771367e-05 4.624151220804157 0.24468752837842 0.0 0.7814933125810057 1.7272476357138585e-06 1.4400612102752177 0.07290192824543029 76.24417329898621 65.0 -17.646020331503586 0.21467058754131685 53975.208662 54068.136303 30 85 "Minimization exited successfully."
15265 115 0.230045 54022.73206837687 1.0024344881023328e-05 5.999936957701227 0.1973865329178497 0.0 1.3742109473932942 7.07160843344546e-07 0.9571224911884917 0.08812328082549514 43.76315625921762 65.0 -17.418199576888867 0.1307227972423881 53975.229897 54068.158151 45 70 "Minimization exited successfully."
15268 115 0.296992 54027.24096990289 3.766929644498984e-05 -0.12532568813319678 -0.07196423932037477 0.0 0.50418832547075 1.2750327977539846e-06 0.5130460772321674 0.028752647419505895 64.90151644809107 65.0 -19.395764381126156 1.0807366348543148 53975.241927 54068.170147 50 65 "Minimization exited successfully."
15272 104 0.27889 54027.69537063194 3.8309476305560255e-05 -1.1658555540312658 0.010752495834627451 0.0 0.4993428411289642 1.3341758947910126e-06 0.5013490893257253 0.03448828708376395 50.25876393595509 59.0 -19.255922164476697 1.2912468508672248 53975.275766 54062.216218 49 55 "Minimization exited successfully."
15287 163 0.236296 54029.585088201704 5.7063132936350234e-05 1.1903818010315206 -0.030693437869077855 0.0 0.3004624206405424 9.294230301432069e-07 0.2804349493463647 0.0163652177570231 104.63294964320473 93.0 -19.279437799820194 0.8451741965772683 53974.203503 54068.128549 64 99 "Minimization exited successfully."
15301 114 0.246604 54035.947581516935 8.132732344690475e-05 -0.3657101802470102 -0.07300566980950629 0.0 0.20837057352400734 1.3729632095160803e-06 0.19262469238770263 0.017114436689242174 58.88751773988166 65.0 -19.768409488844178 1.1277739576899286 53975.200299 54068.127754 60 54 "Minimization exited successfully."
15303 104 0.232836 54030.657658576754 5.110801366457918e-05 0.7397586103348885 -0.0538138082772317 0.0 0.4354846894784714 1.434483351328563e-06 0.4780708684679995 0.028616385674067102 130.93039512029065 59.0 -19.12313570444494 0.9225928996655597 53975.274937 54062.215378 59 45 "Minimization exited successfully."
15319 110 0.328504 54034.27201361771 3.6734925937153e-05 5.999999965333796 -0.1109939553888255 0.0 0.6316954184221686 8.69448401677464e-07 0.09507725811173895 0.022665099194290106 99.31993164186947 62.0 -19.709379759103882 0.12106586330884284 53975.291756 54062.232484 65 45 "Minimization exited successfully."
15324 190 0.391568 54028.425453527845 1.707016129364969e-05 -0.5121818547070021 0.05010183834194892 0.0 0.7796888731791114 8.420939720271691e-07 0.6063651835233235 0.051857117598048175 115.16522955198081 122.0 -19.237611708960163 1.1494853110331498 53975.386731 54068.312441 82 108 "Minimization exited successfully."
