analysis_pipeline/fit_results/sdss_4_salt2_2.4_all.ecsv
# %ECSV 0.9
# ---
# datatype:
# - name: obj_id
#   datatype: string
# - name: num_points
#   datatype: int64
# - name: z
#   datatype: float64
# - name: t0
#   datatype: float64
# - name: x0
#   datatype: float64
# - name: x1
#   datatype: float64
# - name: c
#   datatype: float64
# - name: z_err
#   datatype: float64
# - name: t0_err
#   datatype: float64
# - name: x0_err
#   datatype: float64
# - name: x1_err
#   datatype: float64
# - name: c_err
#   datatype: float64
# - name: chi
#   datatype: float64
# - name: dof
#   datatype: float64
# - name: b_max
#   datatype: float64
# - name: delta_15
#   datatype: float64
# - name: tmin
#   datatype: float64
# - name: tmax
#   datatype: float64
# - name: pre_max
#   datatype: int64
# - name: post_max
#   datatype: int64
# - name: message
#   datatype: string
# schema: astropy-2.0
obj_id num_points z t0 x0 x1 c z_err t0_err x0_err x1_err c_err chi dof b_max delta_15 tmin tmax pre_max post_max message
[from data line 257]
2871 84 0.290779 53633.88505249627 2.824080812739549e-05 -0.6432944722794343 -0.0074905661793344125 0.0 0.8713122086664953 1.977197327344138e-06 0.8825862220931509 0.05466087225207594 123.176107439929 80.0 -19.02946319668009 1.179913674311699 53622.351069 53705.242835 10 74 "Minimization exited successfully."
2898 100 0.02525 53607.42053800006 4.890511690381905e-05 -0.10360481622096351 1.1999999999990205 0.0 0.08659273955709068 8.446410595641641e-07 0.17216809889187967 0.003430785505263989 590.5674422182719 76.0 -14.032652522530867 0.9980740070556671 53622.420538 53705.31502 0 100 "Minimization exited successfully."
2906 93 0.234856 53607.57680540511 4.7832927512242444e-05 5.999852211175941 0.6056043729371152 0.0 0.0006159637632663362 1.941707461108888e-06 0.007829492842789776 0.038204027401852136 7246.4934844718455 89.0 -19.191084734915613 0.14414947704588243 53622.40397 53705.298077 0 93 "Covariance may not be accurate."
2913 113 0.169728 53650.24828360865 1.3617048225207373e-05 4.360155658666772 -0.4394323204165851 0.0 1.2255253260227619 2.0126987988816625e-06 1.8013024238281057 0.044524453387301044 1459.424993244967 86.0 -16.954650379114945 0.24076817842849962 53622.443912 53705.33984 35 78 "Minimization exited successfully."
2916 82 0.12303 53607.20253000104 2.666974681212686e-05 5.999999999669486 1.0774063336062891 0.0 0.018014916095125955 2.5765151700740675e-06 0.014136976871637508 0.07937674392238869 5173.5435948649465 61.0 -17.05679729080544 0.15991783728105702 53622.20253 53705.090151 0 82 "Minimization exited successfully."
2926 79 0.302749 53637.33349431321 3.8400954835469126e-05 0.5282799201892177 -0.08494281405554782 0.0 0.655293254974822 1.8631594544615829e-06 0.5731187088730043 0.03918672548137425 70.89438556055241 75.0 -19.465423564726656 0.9609200787223493 53622.337121 53705.227964 14 65 "Minimization exited successfully."
2928 84 0.148851 53645.000015271886 8.22377745590952e-05 -0.16198463790101236 -0.0369493147714538 0.0 0.28534844074602006 3.1674121485270027e-06 0.36824246445991093 0.029774787377009893 211.6217929461939 63.0 -18.55768535560332 1.085874199124845 53622.338763 53705.230099 24 60 "Minimization exited successfully."
2929 184 0.118996 53643.33131684453 5.847953378366633e-05 1.6926701374977364 0.09805000008628317 0.0 68.65081980633113 9.522929889754785e-07 0.0006176552053021034 8.970525193074952e-05 653.3604641813561 142.0 -17.661540110688264 0.7583284309262766 53616.336779 53705.241635 57 127 "Covariance may not be accurate. Covariance not positive definite. Covariance forced positive definite."
2943 83 0.264048 53640.484963228126 4.6572673331239934e-05 0.48474502909763384 -0.024500793039049507 0.0 0.5210102216042287 1.4706208356651795e-06 0.41147886262655264 0.030843201672305753 95.06171293386058 79.0 -19.332829062845807 0.9660420834515975 53622.37391 53705.266334 25 58 "Minimization exited successfully."
2970 90 0.082938 53635.17278764693 0.00019272008201446034 5.999999999973667 0.16984401310230735 0.0 0.09968780364579288 1.6635027869016318e-06 0.011160458207793766 0.009370874610964863 5692.418450159588 68.0 -18.209998321566214 0.12983647142134913 53622.397476 53705.291364 13 77 "Minimization exited successfully."
2986 82 0.045116 53607.40356201095 4.278264170447077e-05 -1.4678607347112917 1.1494994663710867 0.0 0.14809176385460887 6.96372852854288e-06 0.2738114990899021 0.10545419808990875 558.47175259645 61.0 -15.172403596671902 1.2524812049896852 53622.403562 53705.29767 0 82 "Minimization exited successfully."
2992 109 0.126077 53641.22976170249 0.00012968940146695918 -0.962835137377775 0.1734457324132257 0.0 0.17713114049911383 2.1112424175107145e-06 0.12515373906006433 0.015032340451341497 161.59713022602736 83.0 -18.660911481960138 1.2339158561825734 53622.475621 53705.372955 20 89 "Minimization exited successfully."
3049 87 0.165342 53645.341829978875 0.00011914447661118155 0.3064402278099747 -0.0518447506187355 0.0 0.19804391059733462 5.820490996144006e-06 0.3454342937492587 0.02805496431416654 87.98222927194448 65.0 -19.211255705519804 0.9992252206777295 53622.24296 53705.130741 24 63 "Minimization exited successfully."
3050 86 0.09956 53666.506069491545 1.3168865256090179e-05 4.104500727635216 1.091310621705135 0.0 0.7397698869935994 1.1792508640878775e-06 0.5848873450395136 0.0672420555867288 598.5004412325449 64.0 -15.72178128993237 0.2691338435941155 53622.243379 53705.131169 39 47 "Minimization exited successfully."
3063 94 0.09047 53631.033126912655 0.0001911566253087005 0.48407030649429394 0.07416599333485974 0.0 0.45203394496274996 3.560201069214284e-06 0.35434733605600055 0.01829415773786236 3362.846736783018 71.0 -18.308998643236897 0.9617865013390414 53616.334351 53704.238183 14 80 "Minimization exited successfully."
3065 98 0.154383 53628.90852096831 1.5506014018180636e-05 -0.693379260280441 0.4507094537096392 0.0 1.4084148069996445 1.9030863731833725e-06 1.238291208485152 0.10023893129395467 76.9855121763917 74.0 -16.843682106158916 1.1577176242934613 53622.261788 53705.150017 15 83 "Minimization exited successfully."
3077 178 0.244054 53648.48820936389 6.452567324220281e-05 -0.13537489024583493 0.06116981897887741 0.0 0.2125507159580593 1.64216302539266e-06 0.21028575042995978 0.020543196789910456 190.33573971743937 174.0 -19.491622035577336 1.0753335518417764 53616.22651 53705.127361 57 121 "Minimization exited successfully."
3080 105 0.173146 53601.35854728935 7.570160186296859e-05 5.9999999989376605 0.23772989780696752 0.0 5.947606231933605 3.2207005016149387e-06 0.01533046063239496 0.035676850492600165 9904.172954836224 80.0 -18.924793644588807 0.13202082735442033 53616.358374 53704.263306 0 105 "Minimization exited successfully."
3087 104 0.164306 53648.894869637785 0.0001258985512056665 0.5731495622659528 0.02210025489216405 0.0 0.13284257473424077 2.1716675218075266e-06 0.1812241213013177 0.012386629596620069 68.50152846788563 79.0 -19.256204889022797 0.9484633835515694 53616.367708 53704.273079 39 65 "Minimization exited successfully."
3092 136 0.113517 53619.52504389297 3.687169638444399e-07 5.999999979092166 -0.9999999700159408 0.0 0.01694896037588478 5.578380305176767e-07 11.97124675440343 1.3855138555400248 446.75916363580234 102.0 -12.172121277724244 0.0974293202561114 53616.269377 53704.170679 5 131 "Covariance may not be accurate."
3150 198 0.33168 53634.20523498085 1.9870003883575293e-05 0.007672508609024575 0.056685123055350894 0.0 0.695643447121256 1.3188660095875275e-06 0.7225758646139737 0.055877951278012095 155.27150714127552 194.0 -18.97974731470589 1.0487019981437378 53616.24155 53705.143178 34 164 "Minimization exited successfully."
3159 87 1.537698 53607.23794057026 4.070098602042438e-05 0.6108016667644804 -0.2850557860075502 0.0 0.47628036859896383 5.700059002967662e-06 0.049200027961559645 0.019248812368082846 283.48917796332114 47.0 -23.8255823206077 0.9542791569938522 53622.237923 53705.125617 0 87 "Minimization exited successfully."
3161 102 0.370041 53642.51948088649 1.5581141082890994e-05 -1.2444878657293668 0.09897214872397231 0.0 1.4407178798537643 1.644490628546213e-06 1.1396061761281917 0.11517575516163786 104.69205864599269 98.0 -18.993771008080817 1.301754836864525 53623.187532 53704.097053 25 77 "Minimization exited successfully."
3172 183 0.315382 53615.437101351636 2.482077156817919e-05 -0.06950889357737022 0.1945273031893049 0.0 0.00040254542909679003 1.9764577159420146e-06 0.9746987665075904 0.06349551704751177 194.37589515966596 179.0 -19.095824362373875 1.0554625415091294 53616.246542 53705.146605 0 183 "Covariance may not be accurate."
3175 112 0.220288 53630.2817300141 3.8941755446431084e-05 1.3135225858171449 -0.07457039524656983 0.0 0.5174508361451444 1.939948893430186e-06 0.4925585311653231 0.0404669789016312 133.88611064017812 108.0 -18.692740472581786 0.8260536346872094 53616.433033 53704.341501 14 98 "Minimization exited successfully."
3180 100 0.245505 53642.50644748027 2.92126527972314e-05 -0.9415840207603061 0.27468206164794795 0.0 0.5874672760910471 1.380405509123217e-06 0.49599413291055683 0.04337430689099331 106.66524881968225 96.0 -18.64927728222706 1.2215317667452652 53616.331478 53704.235245 30 70 "Minimization exited successfully."
3193 99 0.528563 53609.31397918267 3.647651636726645e-05 -0.9388526584266135 -0.5007300717069896 0.0 0.8038225757882174 3.93869116729173e-06 0.19512702507525947 0.03398723796751224 251.32175911194264 76.0 -20.852802481999042 1.276393497715297 53623.222036 53704.132157 0 99 "Minimization exited successfully."
3195 99 0.298507 53636.75809511295 3.210407185519126e-05 -2.1238354374791166 -0.099495870441066 0.0 0.5260992151743267 1.4969971965161918e-06 0.5485344985882548 0.03598000793212042 102.11292204875221 95.0 -19.234170400404324 1.5426424512436157 53616.33556 53704.239936 21 78 "Minimization exited successfully."
3199 191 0.249612 53647.38134910902 3.8706564426083113e-05 1.6360219127167328 0.049782607432683035 0.0 0.35925437674086425 1.2753325537639967e-06 0.3621995782634686 0.02601020423381606 216.96611017763956 187.0 -18.993925790652348 0.7690156011907696 53616.238193 53705.139814 56 135 "Minimization exited successfully."
3203 100 0.695643 53643.24228088833 8.887612012478119e-06 0.014786277351535482 -0.37899743851039913 0.0 1.4070101325523865 9.87611193800087e-07 0.17195178071545536 0.02397398124373956 170.55893581380954 76.0 -20.04189800188594 1.0690706597049022 53616.345751 53704.250162 30 70 "Minimization exited successfully."
3206 183 0.415501 53635.159523565824 1.6508631255439666e-05 0.033852416064792834 -0.1184492476779413 0.0 0.8173539354611421 8.648788811577149e-07 0.5715865771492905 0.04141757283443237 187.23485704899068 179.0 -19.354735691240407 1.0528449469609171 53616.349008 53705.254829 29 154 "Minimization exited successfully."
3225 110 0.34057 53633.00745566133 2.1590546148611e-05 0.28457183349573434 0.1094979498067623 0.0 1.1717008048253774 1.6949399313176397e-06 0.9494008739635871 0.060373063798901505 104.92953480670421 106.0 -19.13762900834687 0.9954899451959918 53616.375795 53704.281613 15 95 "Minimization exited successfully."
3241 85 0.257823 53646.77533872718 4.82782987493513e-05 0.6911704496335904 -0.06867222426631936 0.0 0.35964039558894 1.7307947161071534e-06 0.3892317679411015 0.030073848640453427 90.4297347182009 81.0 -19.313031760908334 0.9316228003009996 53622.193232 53705.080721 30 55 "Minimization exited successfully."
3246 60 0.336281 53633.29319538226 1.9049837616587073e-05 5.999995638301437 0.023628130687708415 0.0 0.0015790181678312365 9.183467409323858e-07 0.3314738653666085 0.05625476803880958 169.48449437230127 56.0 -19.057435217138874 0.1252115615908025 53622.208874 53705.096105 12 48 "Minimization exited successfully."
3248 83 0.650291 53672.234719217435 1.79465659419209e-05 -0.5127493357746413 -0.3623022473535099 0.0 0.5778154388935945 9.470791220794746e-07 0.2108410711401616 0.017164009515514944 548.1386321492869 63.0 -20.624462641813274 1.1745595096619041 53622.210563 53705.097816 45 38 "Minimization exited successfully."
3256 83 0.106938 53652.35751224417 0.00021798755872978748 -0.5108196185903893 0.04974417222754002 0.0 0.2031479249963013 7.034633417224434e-06 0.1384691097824633 0.0217013143586543 126.62843416609394 62.0 -18.838292754577726 1.1492348179855796 53622.240019 53705.128203 24 59 "Minimization exited successfully."
3265 96 1.828339 53607.26804444499 6.897713357371105e-05 0.3048574901203249 -0.2932728484382364 0.0 0.9208332059570239 1.60626408317871e-05 0.06542927311357616 0.033202892145569096 69.45653871857579 36.0 -24.86293669454948 1.0102778480579424 53622.268043 53705.156903 0 96 "Minimization exited successfully."
3271 101 0.625249 53677.645317755305 1.043053244408343e-05 5.09180977830842 -0.3240835913692278 0.0 0.35172946922830306 9.890607482165862e-07 1.8214398074101181 0.028357378843407832 313.95171355568823 78.0 -19.979552351989337 0.17027954708622772 53616.329016 53704.232717 76 25 "Minimization exited successfully."
3293 113 0.131102 53620.80306430531 1.3075265225320765e-05 2.6241971916787588 0.9889940112731783 0.0 0.0034977767754753586 2.04256965358307e-06 0.9611405432936246 0.11377110518868616 129.9857683056645 86.0 -16.317959627491263 0.5768305310709323 53616.419359 53704.327253 5 108 "Minimization exited successfully."
3294 101 0.121619 53644.583611317954 5.573578427035431e-05 3.6605623367495177 0.33656445590509 0.0 0.3197057104007399 1.4843251085483432e-06 0.34368270135433754 0.023285933603588882 612.2373193627132 76.0 -17.678429568497236 0.32532211878969974 53616.373355 53704.279099 36 65 "Minimization exited successfully."
3317 107 0.159901 53646.43374564343 0.00012116374505412364 -0.6188442875503055 0.022255712860347776 0.0 0.15652153217524756 1.9443467139640443e-06 0.16768413444371078 0.012834811083671682 89.42077333043038 82.0 -19.1488059036715 1.172921080486283 53616.385498 53704.2918 36 71 "Minimization exited successfully."
3329 109 0.121793 53642.55149453696 4.0171150079799654e-05 1.225257656663059 0.1276207358743402 0.0 0.48540036593112745 1.2681962607891098e-06 0.4518235883368926 0.03498265378083387 226.62733787045448 82.0 -17.308071872524394 0.8339747350705693 53616.403254 53704.310405 30 79 "Minimization exited successfully."
3331 117 0.212097 53650.11716458292 5.9134649799985616e-05 -0.09998153079298433 0.06214809586475534 0.0 0.23679968581200228 2.11874182762195e-06 0.3030203693651403 0.024348872375114405 106.93002866909157 113.0 -19.052477742970478 1.0685825845536776 53616.405671 53704.313359 37 80 "Minimization exited successfully."
3341 111 0.430018 53639.13998277077 1.5374148037973212e-05 1.2036130181009828 -0.05025236880228323 0.0 1.9423118743143277 1.1138067625943156e-06 1.1472718708855263 0.06648497620352067 84.79676551431848 107.0 -19.366533198575617 0.8436148624011359 53616.419354 53704.327268 17 94 "Minimization exited successfully."
3368 111 0.376543 53632.89592440503 2.513875230887086e-05 1.1214247501129258 -0.050580223766488075 0.0 1.0090852392750094 1.6643325660542508e-06 0.8534075118574727 0.048840592833883034 104.1210290313494 107.0 -19.558808736309594 0.8574071799386509 53616.432204 53704.341158 14 97 "Minimization exited successfully."
3372 184 0.156478 53634.74043113124 8.26607143537772e-06 5.999999998084888 0.691958038565684 0.0 1.097328653355362 7.174055514458379e-07 0.23511771594142594 0.07856633272315938 153.4664367984741 142.0 -16.309325496731987 0.14703247567904398 53622.196609 53705.084168 34 150 "Minimization exited successfully."
3377 102 0.244478 53646.01634615273 6.476483739375927e-05 1.1092093917538666 -0.008716561120841071 0.0 0.30695876533718547 1.4062095690731138e-06 0.28937673969796807 0.018344385311669986 102.70571939536624 98.0 -19.50069218100639 0.8580121503651661 53616.45826 53704.367961 30 72 "Minimization exited successfully."
3391 96 0.809285 53642.29515674111 9.235117871775334e-06 0.3709897431424789 -0.3965817534993836 0.0 1.9270323221571743 9.75185861716854e-07 0.08215678074785338 0.01876278269291104 240.44258029151425 73.0 -20.489227649302588 1.002312695122285 53623.210293 53704.120118 25 71 "Minimization exited successfully."
3400 94 0.177075 53646.27980773889 1.1325373383098692e-05 5.999998967623149 0.5033397506249382 0.0 1.135178559619817 1.2832273021590177e-06 0.5682639630978494 0.1101505751053351 86.86848127481748 71.0 -16.931688708194848 0.14073749773301714 53622.248812 53705.1368 25 69 "Minimization exited successfully."
3403 91 0.465775 53677.1661646936 7.927488538660432e-06 0.3807396104853602 -0.39123246394743827 0.0 1.6255913826862525 7.169481085439467e-07 0.1949341802767326 0.020478252507746486 238.73272935025216 87.0 -18.861320380030037 1.0002911757382762 53622.251742 53705.139798 61 30 "Minimization exited successfully."
