analysis_pipeline/fit_results/sdss_4_salt2_2.4_red.ecsv
# %ECSV 0.9
# ---
# datatype:
# - name: obj_id
#   datatype: string
# - name: num_points
#   datatype: int64
# - name: z
#   datatype: float64
# - name: t0
#   datatype: float64
# - name: x0
#   datatype: float64
# - name: x1
#   datatype: float64
# - name: c
#   datatype: float64
# - name: z_err
#   datatype: float64
# - name: t0_err
#   datatype: float64
# - name: x0_err
#   datatype: float64
# - name: x1_err
#   datatype: float64
# - name: c_err
#   datatype: float64
# - name: chi
#   datatype: float64
# - name: dof
#   datatype: float64
# - name: b_max
#   datatype: float64
# - name: delta_15
#   datatype: float64
# - name: tmin
#   datatype: float64
# - name: tmax
#   datatype: float64
# - name: pre_max
#   datatype: int64
# - name: post_max
#   datatype: int64
# - name: message
#   datatype: string
# schema: astropy-2.0
obj_id num_points z t0 x0 x1 c z_err t0_err x0_err x1_err c_err chi dof b_max delta_15 tmin tmax pre_max post_max message
[from data line 573]
6635 48 0.172914 53677.709963315596 0.00017506133154338466 2.87285806264841 -0.9959205295391185 0.0 1.9441937078445335 4.984880337420505e-05 2.1253737558778543 1.8396753466667937 17.74948790961121 20.0 -19.790424356620118 0.5751120756141468 53622.433873 53705.327651 34 14 "Minimization exited successfully."
6638 50 0.32485 53660.78472444641 8.835278531744151e-05 0.4549422279706201 -0.9990587807106589 0.0 1.784294837500056 1.7981040255262153e-05 1.3427786540530962 2.0986909021277365 10.342359419747762 21.0 -20.596942549833802 1.0075948547610594 53622.44836 53705.342792 16 34 "Minimization exited successfully."
6649 46 0.312883 53674.485401518345 9.83275396309491e-06 -3.0776247359860855 1.195191532253967 0.0 0.9720974537885922 2.535398375106413e-06 1.4780775176572822 1.9717166271788336 21.458039782254158 19.0 -18.143602468873198 1.6288751578388734 53622.419341 53705.312532 30 16 "Minimization exited successfully."
6683 19 0.507232 nan nan nan nan 8.6e-05 nan nan nan nan nan nan nan nan nan nan 0 0 "No bands in data overlap the model."
6687 19 0.393986 nan nan nan nan 0.0005 nan nan nan nan nan nan nan nan nan nan 0 0 "No bands in data overlap the model."
6690 38 0.355058 53672.202675280525 1.1849972469071268e-05 5.999994286324924 -0.9984383728799847 0.0 6.666147862390062 5.455290552728865e-06 9.61523569015225 1.4572284728256746 16.205256298779116 15.0 -18.71492403057175 0.09746361105777268 53622.244195 53705.130831 20 18 "Minimization exited successfully."
6696 40 0.237417 53681.54898250057 6.642503759269891e-06 5.999999867778422 1.199881742176295 0.0 1.218116301290138 4.794127382512502e-07 0.939583630235008 1.851839661657005 40.076882998012806 16.0 -17.14438650856497 0.16396025086402588 53622.268446 53705.155248 30 10 "Minimization exited successfully."
6699 49 0.309149 53673.155675442795 8.272176814364984e-05 -4.149299149761455 -0.9998039856941274 0.0 1.350237116752396 8.350272141516285e-06 1.7273180428497588 1.8979213669428279 27.99810207372614 20.0 -20.39612963635632 2.6098457475148003 53622.22278 53705.108934 24 25 "Minimization exited successfully."
6709 40 0.27893 53663.96306406325 6.1854038053144045e-06 -4.610520663523526 1.1989909145449564 0.0 2.0427871706924634 1.0648759450682108e-06 1.8454983665184446 2.049491149994279 9.934620580576107 16.0 -17.351979919678787 2.1712469219999164 53622.309538 53705.198069 14 26 "Minimization exited successfully."
6712 38 0.090509 53676.438229992804 7.537467716072222e-06 3.147215482978833 1.1999994176683968 0.0 1.2399687633769645 3.7470857730259625e-07 0.8840369807637991 0.11012477550603506 62.65119280288812 34.0 -14.885431016510616 0.44888978673966307 53622.311186 53705.19855 26 12 "Minimization exited successfully."
6714 39 0.411986 nan nan nan nan 0.0005 nan nan nan nan nan nan nan nan nan nan 0 0 "No bands in data overlap the model."
6743 40 0.360485 53667.16767382177 4.89524597792057e-06 -1.3022904399842243 1.181967261112343 0.0 2.690912748879782 3.5540171368503293e-06 2.8614457876802777 2.190774112946089 14.061613134862013 16.0 -17.74469186703771 1.2161052204162388 53622.273456 53705.160358 18 22 "Minimization exited successfully."
6773 38 0.08932 53678.739778031035 0.0005343940484941012 0.11511507730716986 -0.19307701555369905 0.0 0.17405730613245396 3.360512743560138e-05 0.2307663209734967 0.04944147271482924 832.9923749249571 34.0 -19.396897283393788 1.0411748164501127 53623.148556 53703.077177 26 12 "Minimization exited successfully."
6777 21 0.402761 nan nan nan nan 0.0005 nan nan nan nan nan nan nan nan nan nan 0 0 "No bands in data overlap the model."
6780 42 0.202674 53665.99105265317 5.49877392989373e-05 -2.745850520309239 0.0434976072751847 0.0 0.8021781696588732 3.346029568176589e-05 0.8812708690938531 0.4167531501974582 7.825094171824732 17.0 -18.861489951417525 1.713603469727346 53616.224411 53704.122729 18 24 "Covariance may not be accurate. Covariance not positive definite. Covariance forced positive definite."
6807 40 0.293439 53680.91261455381 5.459294840099438e-05 5.825686591829886 -0.6526492630871652 0.0 2.073989710475871 4.914496587099915e-05 11.242079021552552 0.6631511013064938 26.58606531512941 16.0 -19.861184476463947 0.11508406039873975 53622.265539 53705.152615 28 12 "Covariance may not be accurate. Covariance not positive definite. Covariance forced positive definite."
6813 38 0.284915 53654.53109088222 9.619757080461255e-06 -1.5144275509765253 1.199830433981524 0.0 1.089169868355384 9.472188240716722e-07 1.0762285267431049 1.9941046041605177 21.090627677353453 15.0 -17.886395532295197 1.256843803460793 53622.400739 53705.292638 12 26 "Minimization exited successfully."
6815 141 0.099577 53601.40325900141 4.218751459283965e-11 2.563056694852328 -0.7420079585262536 0.0 88.72927146362781 5.136407249217711e-07 10.281313193419443 1.3748802152124695 1330.9550737711907 90.0 -1.9208192827647537 0.6289772488299405 53616.403259 53705.310827 0 141 "Minimization exited successfully."
6816 46 0.352338 53674.4825290551 6.399528350447769e-05 -1.2744934229293117 -0.9994290295904016 0.0 1.7093436538307287 8.314016032246462e-06 2.076756824062892 2.1709469863850432 19.191820361525135 19.0 -20.45091546451535 1.389357910200534 53622.420151 53705.313361 30 16 "Minimization exited successfully."
6831 50 0.210437 53672.783639979505 6.407241527858209e-06 4.741439728541314 1.1982480759682401 0.0 2.0923397863116406 1.0107333066788904e-06 2.0131510018676355 1.7514563520164206 8.488273738218997 21.0 -16.754722779777033 0.21913940169983448 53616.407709 53704.313796 28 22 "Minimization exited successfully."
6851 45 0.304122 53672.6751131758 8.28588563818733e-06 -1.0875721998354546 1.1965872079568975 0.0 1.318725874501979 1.710354808504011e-06 1.7896746527046434 1.8521498759898976 20.117916701315252 19.0 -17.887759339416043 1.1731487955630726 53616.453899 53704.361654 25 20 "Minimization exited successfully."
6852 46 0.299936 53682.48210696711 7.754500902697803e-05 5.081215501687495 -0.56835651501262 0.0 1.176704202502151 4.187349324054013e-05 1.6148809672892828 0.44770159683313526 18.851441050064558 19.0 -20.266993284252194 0.16741581602584432 53616.457103 53704.365416 34 12 "Covariance may not be accurate. Covariance not positive definite. Covariance forced positive definite."
6861 42 0.189589 53672.45288305607 7.3726876282131924e-06 -3.8316488410221288 1.1969336624673832 0.0 0.7857578267794452 1.4730943902047102e-06 1.5720248264861092 1.7028181947695957 11.895311247779421 17.0 -16.594209968745574 1.8630308026588303 53622.297139 53705.185166 24 18 "Minimization exited successfully."
6875 50 0.166639 53678.07648652665 0.00014558620452367999 -0.4025454319605002 -0.9960499051815922 0.0 1.9650320918262878 6.724842674520282e-05 2.6693526987901524 2.1978385218111 30.999217130110036 21.0 -19.49596756746933 1.1823967927582544 53622.445934 53705.340335 34 16 "Minimization exited successfully."
6895 38 0.216121 53681.187261894534 0.0002715128421179469 2.233551359263595 -0.9993923399696818 0.0 1.5438109344577242 3.57981315486694e-05 1.8057383702103298 2.0636880445321757 17.327798846013845 15.0 -20.805908984775847 0.6913481130371331 53622.243353 53705.12999 26 12 "Minimization exited successfully."
6896 38 0.333477 53670.023008182194 5.9310497353326495e-06 2.97360864518782 1.1999777491656154 0.0 2.064082352724654 8.274507958599964e-07 3.060658059504516 2.0341242246156344 19.067706149988293 15.0 -17.765470232514375 0.49607997623457223 53622.243772 53705.12999 18 20 "Minimization exited successfully."
6903 40 0.251778 53679.00316928642 9.345918383505403e-06 -0.8499366563023614 1.197317348636005 0.0 2.5359124367569166 1.9218313236929464e-06 3.5188261558942533 1.8789174210776638 20.764590770319245 16.0 -17.547675491668446 1.1286304666316056 53622.258424 53705.144982 26 14 "Minimization exited successfully."
6913 20 0.379467 nan nan nan nan 6.8e-05 nan nan nan nan nan nan nan nan nan nan 0 0 "No bands in data overlap the model."
6914 18 0.412769 nan nan nan nan 7.8e-05 nan nan nan nan nan nan nan nan nan nan 0 0 "No bands in data overlap the model."
6921 39 0.140712 53653.569493525574 6.251227115375846e-06 -1.484387906331981 1.1992651340918123 0.0 2.5356364967847185 1.342600556165641e-06 1.7456769325181387 2.181103065654573 17.025362231850906 15.0 -15.70331526075444 1.2507998877642237 53622.302919 53705.19081 11 28 "Minimization exited successfully."
6924 38 0.326398 53672.72249396299 0.00010514354825741812 -2.0863562171119017 -0.9993247311653684 0.0 1.2952470348318457 1.3159874866398578e-05 1.605510489601352 2.124087090092103 10.245508155303549 15.0 -20.795253843775896 1.6215204253581064 53622.323558 53705.212198 22 16 "Minimization exited successfully."
6933 40 0.21163 53679.565732096424 1.434384710318648e-05 0.3260831235805952 1.193206198826926 0.0 0.8396450045256643 4.198089319409348e-06 1.005842700327079 1.7677229911658578 9.89049374341935 16.0 -17.586475059560883 0.9294081584282416 53616.343719 53704.246809 30 10 "Minimization exited successfully."
6936 36 0.178899 53679.667672380456 9.653596051042213e-05 -0.5335243531154852 0.012613639652969688 0.0 0.7948831261237501 3.912323823609453e-05 0.912889217291823 0.2721907276717712 10.854272864533074 14.0 -19.17142429388177 1.1561840028660484 53622.22404 53705.110233 24 12 "Covariance may not be accurate. Covariance not positive definite. Covariance forced positive definite."
6939 40 0.348022 53657.87181815552 7.15999704243231e-05 -2.114437832478713 -0.9999715260651333 0.0 1.5181662109207537 7.272546978367433e-06 1.2986800268018903 1.7231037847271418 54.320592156652076 16.0 -20.540741245182275 1.6305193695225704 53616.345374 53704.248009 16 24 "Minimization exited successfully."
6944 66 0.078822 53654.57137613983 7.462071016006711e-07 -5.999999039924836 1.1999616004506315 0.0 3.7021547715303313 4.373001457746995e-07 2.2543734888525866 1.6015409586465696 45.33531427778534 40.0 -12.044505271279846 3.1213780686497827 53616.374165 53704.279543 27 39 "Minimization exited successfully."
6957 50 0.210861 53661.622254481445 2.2214958202093628e-07 5.999362486759759 1.191751097130242 0.0 8.14165428168053 5.112671245871559e-07 7.533794361843555 1.5768155948978102 49.14835784847462 21.0 -13.163183068495698 0.1637119620131955 53616.405287 53704.31128 18 32 "Minimization exited successfully."
6962 70 0.093369 53678.83540088715 0.00041096038982354257 -1.8801101524549892 -0.15375328176242764 0.0 0.11492225133042666 1.788022057874983e-05 0.16052085437676578 0.03403698865229271 221.40433411667303 43.0 -19.2122839390032 1.4814501190023392 53616.417338 53704.32435 47 23 "Minimization exited successfully."
6968 63 0.09746 53687.1236757663 0.00014669560218761536 1.8406327610269617 0.5139382466226616 0.0 0.14662576907358016 7.5046591737165614e-06 0.19279006507268814 0.03707651663480471 339.9307971168845 38.0 -18.20908441279204 0.7219522786980654 53616.365275 53704.269702 54 9 "Minimization exited successfully."
6987 38 0.292795 53671.36024075327 1.1265484266448356e-05 2.5056845783610786 -0.037693853965468205 0.0 4.978632581707643 2.2970557605886403e-05 9.024640051124214 1.575545678536993 7.39483078818679 15.0 -18.05257386763471 0.6247667113538782 53622.241263 53705.127817 20 18 "Covariance may not be accurate. Covariance not positive definite. Covariance forced positive definite."
7013 60 0.049075 53615.99301382924 4.944848714049099e-06 -4.442234493300796 1.1999861427878904 0.0 1.1466337170350016 7.196170666334821e-07 1.8983197133893852 0.3093713015266867 463.64563802115055 36.0 -13.023289103259131 2.096543598070838 53616.355119 53704.259516 0 60 "Minimization exited successfully."
7017 48 0.267869 53687.243965234455 0.0003821907354048093 5.999999173342093 -0.9999404214063291 0.0 0.27005043441749876 8.815234886275241e-06 0.39037881706304134 0.44759169629587137 77.14464877355303 20.0 -21.777332429128542 0.09743065955726138 53616.398051 53704.303193 40 8 "Minimization exited successfully."
7024 38 0.337479 53664.82899653522 3.478649655491051e-05 5.9999269736973755 -0.9996839277427894 0.0 2.933038601273438 4.658393095306469e-06 8.102378763929515 2.1254045270641813 13.448364914757624 15.0 -19.75525086425763 0.09744019331401788 53622.232453 53705.118794 14 24 "Minimization exited successfully."
7051 38 0.331441 53666.45996736838 7.529237254786381e-06 -3.836574015253484 1.1996273379515903 0.0 1.390423132059368 8.889541365630914e-07 1.707146788473831 1.9944632837741147 15.368001268798945 15.0 -17.99948050190828 1.8641058812548543 53622.322329 53705.210884 18 20 "Minimization exited successfully."
7055 18 0.505103 nan nan nan nan 0.000138 nan nan nan nan nan nan nan nan nan nan 0 0 "No bands in data overlap the model."
7056 36 0.292765 53666.68440493296 7.937605204766385e-06 2.7816875209085836 1.194807574611493 0.0 2.0962966069382674 2.1324738973094173e-06 1.7823151205450305 1.907864543851579 28.399131064889445 14.0 -17.751891227664167 0.5396787657455846 53622.332615 53705.221995 16 20 "Minimization exited successfully."
7067 48 0.136369 53662.478985454225 0.00012704859799524403 5.999999199068135 -0.9996874910286725 0.0 1.3937695265594812 7.398066586893182e-05 7.5242621341337905 1.1324816342695059 22.537173365373473 20.0 -18.94618089488462 0.09743615981282261 53616.402073 53704.307449 18 30 "Minimization exited successfully."
7092 40 0.224117 53672.34412003927 0.00017046422772032277 -2.169526669297083 -0.9988160170449182 0.0 1.6364795726622106 2.7407758120970844e-05 1.9035454271550685 1.9229444706009207 14.760224300086273 16.0 -20.383852279019308 1.6481684387995017 53623.181177 53704.089381 20 20 "Minimization exited successfully."
7099 41 0.217393 53679.270586245366 7.526987528444051e-05 3.2860265364737895 0.04499590913171381 0.0 1.0649880356177164 3.149136767938432e-05 1.316317798347665 0.3030469951863311 31.331677535312 17.0 -19.381608323080695 0.4556508958829504 53616.265637 53704.165171 30 11 "Covariance may not be accurate. Covariance not positive definite. Covariance forced positive definite."
7102 42 0.195062 53671.02073994138 0.0002949022076658481 -1.0182073104780756 -0.9933609970996893 0.0 0.8959304065683682 8.693859917849934e-05 0.7878490558766726 1.6603112851854416 12.477390191197193 17.0 -20.641043104777594 1.3244531791141796 53623.204815 53704.11285 20 22 "Minimization exited successfully."
7121 40 0.25319 53676.00962108537 7.620191344389626e-06 5.105908841509407 1.199865722603048 0.0 1.7372051134043431 5.188310037546055e-07 8.767836711317987 1.6372708943969607 14.755100302462399 16.0 -17.41250236112413 0.19903479959512893 53623.181612 53704.089335 24 16 "Minimization exited successfully."
7143 79 0.303538 53677.07895627959 2.2971391758557226e-05 -1.0721122038786968 0.03486521617604188 0.0 1.734254578299442 1.686754023983217e-05 2.0750152382378055 0.6050581158612246 29.219874318229717 36.0 -18.912838815657096 1.2684027204151995 53616.272285 53705.173208 52 27 "Covariance may not be accurate. Covariance not positive definite. Covariance forced positive definite."
7147 63 0.108856 53679.010403847096 0.00030407908394283425 -3.058651008108685 -0.21099397451688195 0.0 0.14981432385684457 1.4671198786169175e-05 0.20893964020885436 0.04025606005251914 164.88631634752488 38.0 -19.24186725866506 1.8621313945817128 53616.284681 53704.185679 45 18 "Minimization exited successfully."
7172 44 0.136351 53646.26410181044 0.00019754818488195602 -5.999999898195882 -0.9999984723832852 0.0 0.6521486457313586 1.8298851399857754e-05 0.3709602363679241 2.183467830703311 160.31940596913932 18.0 -19.345500515527334 nan 53616.373785 53704.27783 16 28 "Minimization exited successfully."
7194 48 0.363247 53669.27907230021 5.0783000859611075e-06 1.7243816436047927 1.1974478076904718 0.0 3.150805974350078 1.0835472215275922e-06 3.3892014651914795 2.0662179368462215 24.321562690200672 20.0 -17.809364003188016 0.7173712713369973 53616.413763 53704.319653 22 26 "Minimization exited successfully."
