analysis_pipeline/fit_results/sdss_4_salt2_2.0_blue.ecsv
# %ECSV 0.9
# ---
# datatype:
# - name: obj_id
#   datatype: string
# - name: num_points
#   datatype: int64
# - name: z
#   datatype: float64
# - name: t0
#   datatype: float64
# - name: x0
#   datatype: float64
# - name: x1
#   datatype: float64
# - name: c
#   datatype: float64
# - name: z_err
#   datatype: float64
# - name: t0_err
#   datatype: float64
# - name: x0_err
#   datatype: float64
# - name: x1_err
#   datatype: float64
# - name: c_err
#   datatype: float64
# - name: chi
#   datatype: float64
# - name: dof
#   datatype: float64
# - name: b_max
#   datatype: float64
# - name: delta_15
#   datatype: float64
# - name: tmin
#   datatype: float64
# - name: tmax
#   datatype: float64
# - name: pre_max
#   datatype: int64
# - name: post_max
#   datatype: int64
# - name: message
#   datatype: string
# schema: astropy-2.0
obj_id num_points z t0 x0 x1 c z_err t0_err x0_err x1_err c_err chi dof b_max delta_15 tmin tmax pre_max post_max message
[from data line 52]
1032 44 0.129033 53626.2943689185 0.0001149825342164168 -2.7785294994689593 1.1999113232788154 0.0 0.19964713717854465 3.375658577094986e-06 0.19709640284785546 1.7428272508341323 39.26802745224241 18.0 -18.657474894166757 1.5943262662763296 53616.440283 53704.347453 2 42 "Minimization exited successfully."
1041 45 0.065187 53620.11138368874 4.846595173082946e-05 1.6588126463955373 1.1999931479630321 0.0 0.0010551753839536104 3.4145646644706564e-06 0.9909691327558439 1.4430873211708617 131.58701092173217 19.0 -16.141989909158372 0.7220477006645822 53616.448702 53704.356252 2 43 "Minimization exited successfully."
1112 40 0.256085 53629.98224034257 3.7262727395372956e-05 -0.17270333830322038 -0.006120152076394159 0.0 0.7861510665170499 2.1906127005283382e-06 0.8327749345305082 0.06244333321525525 20.517160679198398 36.0 -19.014746102995694 1.0978261564107328 53622.267208 53705.156046 6 34 "Minimization exited successfully."
1113 40 0.055632 53631.643970691315 0.00014569321714171467 5.99999999047613 1.1999999991422499 0.0 0.2858186489538639 1.5828883504331854e-06 0.015161235730188238 0.009375343419038007 668.281358298817 16.0 -17.08320717897119 0.13329609466993375 53622.272202 53705.159045 6 34 "Minimization exited successfully."
1119 36 0.296391 53624.836550819644 3.419181958265516e-05 0.10239882848580528 -0.10015228015427036 0.0 2.1499646120573743 1.865816903718898e-06 1.3646679818916483 0.06272010184330767 18.16589239872254 32.0 -19.286831010074394 1.0456948138589972 53622.215192 53705.102995 2 34 "Minimization exited successfully."
1126 36 0.113914 53613.44124340834 9.353076794736514e-05 -2.6651217886981127 0.6680747472656978 0.0 0.00044270302896620706 0.011713132005635112 7.651509003081885 1.8867480811535167 37.421572036677695 14.0 -18.08915746158195 1.6588262023315927 53622.226961 53705.113265 0 36 "Covariance may not be accurate."
1127 35 0.076085 53634.784774147025 4.601827584885143e-05 5.999999841799147 1.1999994482661345 0.0 0.6986722072288103 2.1959035284230274e-06 0.2550335224497342 0.11044647569937549 104.61257708226572 14.0 -16.54351958304887 0.1332960913345005 53622.328104 53705.217254 6 29 "Minimization exited successfully."
1131 57 0.172432 53634.50768845624 1.4836169696356149e-05 5.999999822392949 0.32345875104563215 0.0 1.5458385391721094 1.3086069504048e-06 0.4429621474853036 0.12028187388872857 55.4165714115793 34.0 -17.159877804894773 0.12349653824497508 53622.237489 53705.12568 12 45 "Minimization exited successfully."
1150 57 0.456315 53686.18841321637 9.634066475109337e-06 5.999989780764906 -0.17471426028683967 0.0 1.1359893773951626 8.4991259112599e-07 0.966310932719395 0.04556434429754869 143.2754750992387 53.0 -19.121377538157617 0.12085707077164543 53622.324375 53705.214737 48 9 "Minimization exited successfully."
1151 32 0.361362 53613.25258217229 3.869243564391778e-05 1.8477480085494165 -0.27539028209080874 0.0 0.003549355318682501 5.413799819023454e-06 1.6111360131799315 0.07697601204880478 17.99333554778381 28.0 -19.93023531773484 0.7166856184623569 53622.368625 53705.261183 0 32 "Covariance may not be accurate."
1153 32 0.338423 53632.653517544284 1.9819724584293486e-05 5.999996927971477 0.18007351424319396 0.0 1.6710581701991032 1.271256962099287e-06 0.6856624704936136 0.09375913420870918 27.155256194076863 28.0 -19.134948476051296 0.12247745759507467 53622.370256 53705.26246 4 28 "Minimization exited successfully."
1158 48 0.410115 53627.85121076231 2.275884529214345e-05 -4.2089845566524335 -0.058829525356136614 0.0 0.9507374840322882 1.8011668616113576e-06 0.9176667450035016 0.10755343009104235 23.526516363459525 44.0 -19.667117791077704 2.6166739920858895 53622.3727 53705.265437 6 42 "Minimization exited successfully."
1166 34 0.380494 53631.6715213967 2.4306212175798646e-05 2.0065046163968443 -0.030197591098160448 0.0 1.3536139412717603 2.118875457799984e-06 1.4862298883633969 0.07807907222915933 18.69856393115061 30.0 -19.55262235976589 0.6847241844462033 53622.351052 53705.242915 4 30 "Minimization exited successfully."
1170 34 0.32846 53618.830846700694 1.791329104362305e-05 5.930054767902593 0.5350394023682852 0.0 50.7736524094762 0.013236451749737668 7.74735354222242 1.7323440621232766 45.414078126989054 30.0 -18.957930704172767 0.12788975662858348 53622.353506 53705.245472 0 34 "Covariance may not be accurate."
1174 0 2.382896 nan nan nan nan 0.000411 nan nan nan nan nan nan nan nan nan nan 0 0 "Empty table passed to fit_lc."
1176 51 0.70546 53686.642875957674 1.3057100111327769e-05 4.3545272040426575 -0.41212579347703693 0.0 1.0803251509460097 2.03550300484856e-06 1.9264669850700442 0.11191882834835726 201.94913437551696 30.0 -20.54494008943339 0.2310572151801651 53622.365351 53705.25657 42 9 "Minimization exited successfully."
1181 54 0.602537 53662.15024508417 1.648356459947098e-05 5.999999999997282 -0.27902946788013616 0.0 0.4074587486247765 6.665263096466977e-07 0.11021781198977454 0.012782910862871422 538.2866437649612 50.0 -20.436704657071026 0.12064422593487834 53622.403559 53705.297263 18 36 "Minimization exited successfully."
1184 51 0.548751 53623.00482828903 1.562723822123524e-05 -2.556269658680377 -0.6078823432783836 0.0 0.17378729017582373 1.6486265815640608e-06 0.17682985650533078 0.019798302679020385 350.15851906740454 47.0 -20.034974283589 1.8429509003900044 53622.388953 53705.282051 3 48 "Minimization exited successfully."
1196 38 0.368957 53680.54479292629 2.617067797455519e-05 5.9999930586928905 -0.21038911368989777 0.0 0.5057026525864785 1.00450086908399e-06 0.3515096801999338 0.023042725199941883 791.749917099821 34.0 -19.660063803481414 0.12077016250233186 53622.229522 53705.117482 26 12 "Minimization exited successfully."
1198 36 0.118439 53640.06414018403 1.6954895790521896e-05 5.999999716247137 1.1999987628812279 0.0 1.8766624225354462 1.9429192348313643e-06 0.8566550311092431 0.28944682645066877 34.945055131642555 14.0 -16.483250028747648 0.13329608546539973 53622.226132 53705.111918 10 26 "Minimization exited successfully."
1209 72 0.241036 53617.33521319541 6.285243664428952e-05 0.7968461528931705 0.027240349836314293 0.0 0.002870602267648792 2.4625255737953386e-06 0.49368807332201126 0.045907272802418464 37.66686068392973 44.0 -19.43387139440545 0.904691744474647 53622.426578 53705.321395 0 72 "Minimization exited successfully."
1214 48 0.263798 53618.19950422254 3.333829786775211e-05 -0.1995483485648588 -0.4716471336163748 0.0 0.002139003834599862 2.3256735555088317e-06 0.7553526895975775 0.0717551758595289 53.055699981739025 44.0 -18.979525407974673 1.1292534604597506 53622.43504 53705.330664 0 48 "Minimization exited successfully."
1223 23 1.276657 53610.207142196086 2.377296137723306e-12 -5.226079935457533 0.35964234989789556 0.0 90.15703274097541 7.93968104037812e-06 8.646772490546608 1.7667084357939022 349.9293251722866 17.0 -5.241814208236242 3.4187159250015284 53622.426209 53705.317596 0 23 "Minimization exited successfully."
1241 40 0.088477 53635.23016033947 0.00034123442970205973 -0.7716203674524564 0.24426466587789641 0.0 0.3427444776534685 1.505400533858615e-05 0.3120243254721107 0.8717454199496651 86.89753876072345 16.0 -18.888672073860732 1.2103384106372381 53622.265114 53705.152174 8 32 "Minimization exited successfully."
1243 57 0.196967 53619.13594001785 2.916818074746641e-05 2.916383916731082 0.27274833222458605 0.0 2.5933936930778145 3.898752377665126e-06 1.7017479536377706 0.1285798340060358 42.02032946128036 34.0 -18.11596125377551 0.5019793937845165 53622.274711 53705.163741 0 57 "Minimization exited successfully."
1248 54 0.781457 53678.691123328106 1.4326592763315161e-05 5.183241743269878 -0.3551459802802184 0.0 1.5711044815325295 1.3655833506781575e-06 1.3596900129832639 0.06454038138142904 318.3018151590327 32.0 -20.946721493944384 0.1635012044317996 53622.223204 53705.110264 33 21 "Minimization exited successfully."
1251 68 0.178299 53639.46308420842 1.684790267177161e-05 5.999998349939496 0.252196989567981 0.0 0.9490310326655162 1.0806000404223192e-06 0.1932902006009689 0.09807083578150666 219.49443262924686 42.0 -17.376648303778527 0.12296545494289646 53622.441492 53705.33735 9 59 "Minimization exited successfully."
1253 36 0.261657 53634.04172387345 4.9399886049812384e-05 -1.0686038373653606 -0.15519985367250022 0.0 0.0022402323520509526 2.184581005795214e-06 0.41267945606546785 0.050955090393244584 21.475750616053162 32.0 -19.374761200084038 1.3141515888457107 53622.224887 53705.112377 6 30 "Minimization exited successfully."
1277 37 0.143396 53619.068437821916 1.8499411021873912e-05 0.5729137909346171 1.199983661010263 0.0 0.00718093080286053 3.3183954543053453e-06 2.9088078748138013 2.0096035554711893 55.5278189095946 15.0 -16.922536703218995 0.893286926270406 53622.245876 53705.132026 0 37 "Minimization exited successfully."
1281 37 0.289319 53640.671714703065 7.01894876593856e-05 5.999999615907312 0.07861457813648953 0.0 0.0015429626691911835 1.2016868723041557e-06 0.016419332434881362 0.02784678316818956 1311.0985470294797 33.0 -20.112181531454443 0.12187833117920022 53622.243369 53705.131644 9 28 "Minimization exited successfully."
1293 60 0.979868 53649.527930964934 1.4749071637897294e-05 5.999999335422322 -0.28337240334207303 0.0 0.7294630929245614 1.1022659736675828e-06 0.17076659621977974 0.027704453191915224 212.4021694006879 36.0 -21.616976871976814 0.12063815409279499 53622.256765 53705.144094 18 42 "Minimization exited successfully."
1298 117 0.225088 53607.892184061726 8.935849594919331e-05 -0.904005450825327 -0.15700744106485287 0.0 0.003153034682327416 1.211445679162426e-05 0.7364075794288274 0.12021487960663602 255.02347089455824 74.0 -19.647067255299657 1.273520286445187 53622.232873 53705.120526 0 117 "Covariance may not be accurate."
1311 40 0.260328 53615.71351926498 2.9207739094723184e-05 -3.8629077289509115 -0.5932438225252761 0.0 2.3492712884763023 6.436613255811906e-06 1.1102250227887296 0.16347529039726338 41.4161109422728 36.0 -18.80397307901607 2.5768464164727227 53622.250905 53705.13937 0 40 "Minimization exited successfully."
1316 60 0.215653 53620.42315816839 6.380274925963048e-05 0.5701851661244346 -0.020635249300964165 0.0 0.0014000983028381597 2.0868397933881976e-06 0.6103103373191487 0.04201205435680716 38.13317827008935 36.0 -19.176816128153785 0.9494117840833738 53622.255925 53705.144082 0 60 "Covariance may not be accurate."
1329 40 0.087806 53632.479724968056 9.394699819904595e-06 5.999994161790978 1.1999763403113173 0.0 3.6245293852662144 1.3698413282486889e-06 2.565129859706208 2.0127255151184476 14.556134490146482 16.0 -15.147288351390046 0.13329593532020567 53622.265521 53705.152221 6 34 "Minimization exited successfully."
1351 54 0.174548 53612.60427874712 8.38338681645634e-05 -1.625896144876755 0.09115801875069951 0.0 0.0012205166603962425 1.019180101191508e-05 0.8202244124470801 0.10074033011066852 60.49808828201012 32.0 -18.958924565895867 1.4361266671888835 53622.331796 53705.22235 0 54 "Covariance may not be accurate."
1354 38 0.247914 53619.218548406694 2.7500283019230577e-05 0.5333051445286294 0.12176702174161425 0.0 4.505036282163928 4.555705197464844e-06 1.4744962930172814 0.13082854197493676 34.21686217247511 34.0 -18.605889861636435 0.9507452127521425 53622.31119 53705.201021 0 38 "Minimization exited successfully."
1364 51 0.217423 53632.037613267144 3.533167037891416e-05 5.999992526727013 0.08796250106266257 0.0 0.9940962234868493 1.1451607326140607e-06 0.9592226160540704 0.05238296866504133 64.31583121413027 30.0 -18.66016154924154 0.12192941782355504 53622.378811 53705.271356 6 45 "Minimization exited successfully."
1371 41 0.117969 53633.44868135678 0.0003507446247954038 0.8574628774759976 -0.3279412126410851 0.0 0.2644046473324124 3.938606864760773e-05 0.2422878149204446 0.4731310679550871 107.73725792116004 17.0 -19.592460849313813 0.904285438620505 53622.297955 53705.18563 4 37 "Minimization exited successfully."
1372 34 0.067849 53631.91684480002 4.3931585246975716e-05 5.999999665874693 1.1999995424945005 0.0 1.0092299622083374 1.4649089298840473e-06 0.09897524498053745 0.05358315594853025 301.4344392813943 13.0 -16.231698214377637 0.13329609773026263 53622.390629 53705.282396 4 30 "Minimization exited successfully."
1378 38 0.124747 53623.12166000224 2.8619974474969333e-05 1.6098855860024077 1.1997338831896727 0.0 0.001988389965845272 2.2057610405057374e-06 1.0763119466379028 2.1521518519839065 12.941859381277077 15.0 -17.068006768764178 0.7297091201416954 53622.397121 53705.288758 2 36 "Minimization exited successfully."
1385 34 0.335346 53626.843206754194 2.8326791465047573e-05 -0.6573356795327427 -0.21253644980792163 0.0 1.4217359614922316 2.285805912499163e-06 1.1982699333501112 0.07879347519380864 13.455443402400883 30.0 -19.39484840222855 1.218670488844456 53622.349422 53705.241177 2 32 "Minimization exited successfully."
1395 56 0.184968 53622.02132178511 8.870741738830624e-05 -1.0686669552348729 -0.008869458535606833 0.0 0.002663349070644472 2.796057904612676e-06 0.3820603290001854 0.043126597898498875 38.02379981985603 33.0 -19.159964593508136 1.3014043864126634 53622.319024 53705.209591 0 56 "Covariance may not be accurate."
1396 38 0.271554 53617.69283736419 5.4590693176772564e-05 1.1574707209581732 0.02213174554993258 0.0 0.008302755861222977 3.3058625140236493e-06 0.8105551236745923 0.0734915085161727 59.85757039885245 34.0 -19.57689362895368 0.8382316709607025 53622.319848 53705.210446 0 38 "Covariance may not be accurate."
1400 34 0.277262 53612.495950090975 3.000346157633338e-05 1.2162363056319467 0.08056055277818897 0.0 0.01673631774247042 6.27108832759682e-06 2.073008665559254 0.17520817151992435 32.27550198824742 30.0 -18.979038627637983 0.8260206677500292 53622.369843 53705.262475 0 34 "Covariance may not be accurate."
1403 38 0.359741 53627.28556987441 2.598837110661223e-05 -2.338608224858924 -0.009164121248054768 0.0 1.1897033077548258 2.427931363128133e-06 1.3913962117755725 0.12847699095134263 31.44447163184424 34.0 -19.47610183561592 1.6664912194998642 53622.324791 53705.215148 4 34 "Minimization exited successfully."
1415 51 0.210449 53631.85064741284 5.7695675118664134e-05 0.3671885645516042 0.216770987068299 0.0 0.5187151730133337 2.9263387405686884e-06 0.6646395911218494 0.051255870767881184 38.476860993651485 30.0 -19.009338911903697 0.9781379960251328 53622.342044 53705.233514 6 45 "Minimization exited successfully."
1427 34 0.338832 53618.307187904466 2.415523762253513e-05 2.707698632759225 -0.02669802962435308 0.0 4.606237394178606 3.6266724134270682e-06 1.9569966515018118 0.1142750114208107 38.67504168394604 30.0 -19.253684152800005 0.5474641260070072 53622.376356 53705.269294 0 34 "Minimization exited successfully."
1450 72 0.399415 53611.85137785851 1.090180470923352e-05 -2.0390527021855815 -0.9242855809628234 0.0 2.144927766694309 3.530582467368149e-06 0.31218463728592094 0.06148379984469865 79.52797779253527 68.0 -18.841472001012022 1.6852063062641989 53622.426581 53705.321379 0 72 "Minimization exited successfully."
1452 48 0.324156 53639.228983823035 1.734349038575944e-05 5.999999813590451 -0.16884282207858825 0.0 0.6337830951670185 1.1115965512620292e-06 0.16457051538424317 0.057091642506649276 205.22882922594758 44.0 -18.883318898027667 0.12087232901196643 53622.428597 53705.323487 8 40 "Minimization exited successfully."
1456 72 0.198268 53632.80680022539 1.2609266521392826e-05 5.999999996837426 0.6442258584315315 0.0 1.6488097990950337 8.997749440931016e-07 0.456250539133217 0.10953520057018806 42.968407307915456 44.0 -17.335473092506106 0.12644299285194194 53622.437057 53705.332333 6 66 "Minimization exited successfully."
