analysis_pipeline/fit_results/sdss_4_salt2_2.4_all.ecsv
# %ECSV 0.9
# ---
# datatype:
# - name: obj_id
#   datatype: string
# - name: num_points
#   datatype: int64
# - name: z
#   datatype: float64
# - name: t0
#   datatype: float64
# - name: x0
#   datatype: float64
# - name: x1
#   datatype: float64
# - name: c
#   datatype: float64
# - name: z_err
#   datatype: float64
# - name: t0_err
#   datatype: float64
# - name: x0_err
#   datatype: float64
# - name: x1_err
#   datatype: float64
# - name: c_err
#   datatype: float64
# - name: chi
#   datatype: float64
# - name: dof
#   datatype: float64
# - name: b_max
#   datatype: float64
# - name: delta_15
#   datatype: float64
# - name: tmin
#   datatype: float64
# - name: tmax
#   datatype: float64
# - name: pre_max
#   datatype: int64
# - name: post_max
#   datatype: int64
# - name: message
#   datatype: string
# schema: astropy-2.0
obj_id num_points z t0 x0 x1 c z_err t0_err x0_err x1_err c_err chi dof b_max delta_15 tmin tmax pre_max post_max message
[from data line 193]
2234 110 0.080525 53619.25374286652 8.368773434925814e-06 -0.9934549550486169 1.1999797113899193 0.0 60.14704107368016 0.012124477754748612 8.270191835243777 1.5034110869596347 150.75615184235483 62.0 -14.720841082431026 1.1550621227141384 53616.36284 53704.267982 5 105 "Minimization exited successfully."
2235 105 0.346426 53617.88814372618 2.5195212862023643e-05 1.2489145429482296 0.016474114777676574 0.0 3.012315197567659 2.286218169210152e-06 1.5030774456539842 0.06418895669921248 49.517353156648014 59.0 -19.34875207023478 0.8338437628982938 53616.363652 53704.268832 5 100 "Minimization exited successfully."
2236 105 0.253016 53652.939793479796 2.652689160897781e-05 5.999996320251618 -0.1866475941558805 0.0 0.5057721817684069 7.692770258732617e-07 0.08689187368831153 0.03793615231687408 304.9388552771133 59.0 -18.70235665866972 0.11877698544934034 53616.367708 53704.273079 40 65 "Minimization exited successfully."
2246 114 0.194216 53634.40358280476 6.013478724258059e-05 0.5373343507889334 0.1254051285687221 0.0 0.3194284611090552 1.7973154242378898e-06 0.35812552487736804 0.024129168574126614 108.29306463055453 65.0 -18.85759346413777 0.9501818429895792 53616.44747 53704.356593 15 99 "Minimization exited successfully."
2250 110 0.252085 53695.811309004675 3.024631186739901e-06 -5.999986723911054 0.7490435791240007 0.0 6.511073420319008 2.412999424025175e-06 2.1387198797133458 0.6403449157179573 150.1488128768131 62.0 -16.276440397475483 3.6102341897972714 53616.370946 53704.276491 100 10 "Minimization exited successfully."
2272 208 0.471837 53673.233176682996 1.093841786846017e-05 5.210204857241784 -0.23997552720838544 0.0 1.2771034274119302 8.283846016876594e-07 1.9302410799530332 0.039637880003288606 327.59090752092465 121.0 -19.29395477434458 0.16313926082754548 53616.276826 53705.179207 125 83 "Minimization exited successfully."
2280 106 0.348577 53625.137506523475 1.6842285521906366e-05 0.7999051184437231 0.07513314327316722 0.0 1.6196198577272298 1.875994428824911e-06 1.4889476986505317 0.0937348169691754 40.31891115966284 59.0 -18.92705771321768 0.9071353545123344 53616.261086 53704.162113 10 96 "Minimization exited successfully."
2290 100 0.328975 53625.80435618243 2.448383393578002e-05 -1.5139707380249146 -0.11490024020797218 0.0 0.8344240896440169 1.7433148729151256e-06 0.8313356423449598 0.06422359357279411 62.146704171840476 56.0 -19.185296022010245 1.3838107853748127 53616.345751 53704.250162 5 95 "Minimization exited successfully."
2292 100 0.150375 53623.455043716676 3.120343086858934e-05 5.999999999999476 0.8315689912585673 0.0 0.6414151698081696 1.41962625911096e-06 0.08417208235760576 0.03479111615578012 550.9842213852164 56.0 -17.671074007957756 0.1517114655999201 53616.356327 53704.261227 5 95 "Minimization exited successfully."
2297 105 0.229972 53642.81984877381 3.0559949404901365e-05 5.999999807457847 0.19372077065198345 0.0 0.4423445632128278 7.579339908664332e-07 0.047954402494483794 0.029258226644917618 213.44732888103246 59.0 -18.62752011913347 0.13060231451721194 53616.367287 53704.273126 35 70 "Minimization exited successfully."
2308 124 0.147025 53630.657058683035 0.0002366142551983963 0.7364877865034334 -0.15912808979870952 0.0 0.11869401278454461 2.7760024472889283e-06 0.11239909602232956 0.009482570709365978 253.4543424513657 71.0 -19.677628877001137 0.9272466037169309 53616.404871 53704.312501 15 109 "Minimization exited successfully."
2309 117 0.059447 53622.35858656403 0.0009920354348954608 0.3428946481415531 0.10210432507737455 0.0 1.4609111531171948e-05 7.555325380412194e-06 0.047343671289237665 0.005426346225670398 16929.760997113834 68.0 -19.137644499985647 0.9854422311643312 53616.414935 53704.322621 5 112 "Minimization exited successfully."
2319 105 0.159153 53635.65280105139 0.00012932832119884165 0.5691539512802866 0.005382093694532797 0.0 0.15428231317127938 1.9680198381077924e-06 0.17894515954131052 0.013262758737981384 116.35394027539772 59.0 -19.20916443025496 0.9498783828733153 53616.461872 53704.371689 20 85 "Minimization exited successfully."
2330 103 0.211788 53635.51071261045 3.316355126707249e-05 -1.805089919317803 0.04779807891249743 0.0 0.4830794128429261 1.5783971041072306e-06 0.5216993788412307 0.047228529444180434 39.616547029122536 58.0 -18.42001230389263 1.4412608865524668 53616.330651 53704.234423 23 80 "Minimization exited successfully."
2335 118 0.18313 53683.018591662985 3.1452961473033003e-06 3.4337030459026394 0.21182743398042447 0.0 4.474860742622695 1.5857307232669535e-06 9.697421169809127 0.33834499656024875 89.47173477249251 67.0 -15.521818889511408 0.40280850359523157 53616.398008 53704.304929 90 28 "Minimization exited successfully."
2347 104 0.4023 53624.90827818573 1.6791284356905134e-05 -3.4378682618810252 -0.011799663840324826 0.0 2.4677706984512042 1.5774600462759022e-06 1.6635318850471088 0.11371637058843226 84.0459892654102 58.0 -19.28780069092627 1.9772440633341049 53623.204827 53704.114535 5 99 "Minimization exited successfully."
2350 102 0.203791 53638.80662806966 1.719418192188904e-05 5.99987264709366 0.15867272425766954 0.0 0.7547321773818112 9.423729401358829e-07 2.1693436347672606 0.06122942883584026 121.83387873673716 57.0 -17.706332960673883 0.12948457468704433 53616.273528 53704.174931 30 72 "Minimization exited successfully."
2360 104 0.862755 nan nan nan nan 0.000328 nan nan nan nan nan nan nan nan nan nan 0 0 "exception was raised in user function User function arguments:      z = +0.862755     t0 = +53652.781681     x0 = +0.010000     x1 = +0.000000      c = +0.100000 Original python exception in user function: ValueError: bandpass 'sdss_sako18_g2' [3677.2, .., 5573.8] outside spectral range [3725.51, .., 17137.3]   File ""/anaconda3/envs/sdss_class/lib/python3.7/site-packages/sncosmo/fitting.py"", line 46, in chisq     zp=data.zp, zpsys=data.zpsys)   File ""/anaconda3/envs/sdss_class/lib/python3.7/site-packages/sncosmo/models.py"", line 1400, in bandflux     raise e   File ""/anaconda3/envs/sdss_class/lib/python3.7/site-packages/sncosmo/models.py"", line 1397, in bandflux     return _bandflux(self, band, time, zp, zpsys)   File ""/anaconda3/envs/sdss_class/lib/python3.7/site-packages/sncosmo/models.py"", line 154, in _bandflux     fsum = _bandflux_single(model, b, time_or_phase[mask])   File ""/anaconda3/envs/sdss_class/lib/python3.7/site-packages/sncosmo/models.py"", line 109, in _bandflux_single"
2361 102 0.152364 53626.968457748255 1.1849289166976362e-05 3.8792256043204336 1.0010742072840881 0.0 1.054987583662296 1.2677348418149721e-06 0.7447469755388116 0.08163060569369751 91.59734220244336 58.0 -16.588492248646553 0.2936579762289 53616.332714 53704.23692 12 90 "Minimization exited successfully."
2372 115 0.179585 53636.74823337118 9.920823892807573e-05 0.24451334963345772 0.041638845959615756 0.0 0.21485362746898318 1.7262532882927886e-06 0.2065304833678847 0.015330465977414387 97.69421068905918 65.0 -19.210882640355393 1.0060058137906793 53616.421781 53704.329747 20 95 "Minimization exited successfully."
2405 100 0.13232 53642.678322615146 1.3228522444372892e-05 5.999999999978485 0.8532834120570729 0.0 0.002149259435100248 1.057671616425671e-06 0.07354109331423864 0.06938601935833966 417.08389469679526 56.0 -16.438811262917195 0.15243905452469875 53616.34698 53704.251425 30 70 "Minimization exited successfully."
2420 105 0.862303 nan nan nan nan 0.002226 nan nan nan nan nan nan nan nan nan nan 0 0 "exception was raised in user function User function arguments:      z = +0.862303     t0 = +53652.761621     x0 = +0.010000     x1 = +0.000000      c = +0.100000 Original python exception in user function: ValueError: bandpass 'sdss_sako18_g5' [3677.2, .., 5573.8] outside spectral range [3724.61, .., 17133.2]   File ""/anaconda3/envs/sdss_class/lib/python3.7/site-packages/sncosmo/fitting.py"", line 46, in chisq     zp=data.zp, zpsys=data.zpsys)   File ""/anaconda3/envs/sdss_class/lib/python3.7/site-packages/sncosmo/models.py"", line 1400, in bandflux     raise e   File ""/anaconda3/envs/sdss_class/lib/python3.7/site-packages/sncosmo/models.py"", line 1397, in bandflux     return _bandflux(self, band, time, zp, zpsys)   File ""/anaconda3/envs/sdss_class/lib/python3.7/site-packages/sncosmo/models.py"", line 154, in _bandflux     fsum = _bandflux_single(model, b, time_or_phase[mask])   File ""/anaconda3/envs/sdss_class/lib/python3.7/site-packages/sncosmo/models.py"", line 109, in _bandflux_single"
2422 105 0.263492 53639.56976563606 5.5531271415582006e-05 1.029844107171371 -0.14955096308069382 0.0 0.33106970871813246 1.4115025129041185e-06 0.3135481770791406 0.02367016594426391 60.13756042725842 59.0 -19.520160583790343 0.8762980560553046 53616.317565 53704.220748 35 70 "Minimization exited successfully."
2423 104 0.187286 53636.07580987568 4.7955428483729134e-05 5.999917657530009 0.11315364499324176 0.0 0.45521142912548385 9.066838424054431e-07 7.766777949602438 0.022667169644242424 277.3683139944045 58.0 -18.613681497040954 0.12803309967053522 53616.335963 53704.239951 24 80 "Minimization exited successfully."
2437 118 0.258478 53636.689565787565 2.13907944827485e-05 0.8694000218053137 -0.2818189767066973 0.0 0.8996085275321093 1.3782177792098787e-06 1.0318554730130298 0.05552500841705427 62.79963610839167 67.0 -18.43942525420546 0.9085185167804077 53616.396803 53704.303646 20 98 "Minimization exited successfully."
2440 114 0.19029 53634.93116692665 8.524044344429993e-05 0.48302827766552703 -0.04863295467402162 0.0 0.2805669174886134 1.9091383896580077e-06 0.2677472563248542 0.019365739056211584 59.15979992898804 65.0 -19.186103270057934 0.9673976632476133 53616.42739 53704.335681 15 99 "Minimization exited successfully."
2443 98 0.088459 53623.348157587345 1.571325875996843e-05 -1.5259164030960957 1.1807255923627302 0.0 1.354162291965622 1.95446450396597e-06 0.6482616483551698 0.10422771726662439 288.7922305553714 55.0 -15.618004062753933 1.2611532850370466 53622.266379 53705.155158 5 93 "Minimization exited successfully."
2460 100 0.087033 53637.84832025297 4.7883919052083004e-15 -4.021881975116267 -0.7321253115580961 0.0 79.524527244419 1.5171218219428575e-06 8.91076912878636 1.9256694867406186 488.72150550734284 56.0 8.2601613387532 2.4441003939833976 53622.278446 53705.167215 20 80 "Covariance may not be accurate. Covariance not positive definite. Covariance forced positive definite."
2481 100 0.145789 53630.2140330256 2.4394405875965975e-05 5.999998584704375 0.29702749486779023 0.0 1.4214077534379612 1.4708883557168482e-06 1.4712479847665545 0.06018917592844697 89.33165027397403 56.0 -17.28736910133072 0.13394542922761232 53622.275952 53705.165057 10 90 "Minimization exited successfully."
2488 90 0.169735 53634.21468330368 1.3937087566001649e-05 5.999999914835609 0.4688995816557089 0.0 1.1212513728278282 1.299796172549161e-06 0.43807177427834 0.08796538602194481 358.5245302156892 50.0 -17.05279332420246 0.13959508193367043 53622.213097 53705.100366 20 70 "Minimization exited successfully."
2532 95 0.267696 53635.81059959498 3.585898887934591e-05 0.9428967453468831 0.0035425880877817395 0.0 0.5559779947652714 2.062397613025182e-06 0.603371169603895 0.04429249239560068 48.867339489485964 53.0 -19.083482477063438 0.8856021133677494 53622.40113 53705.294723 15 80 "Minimization exited successfully."
2533 90 0.338803 53640.62900784314 3.231746113225964e-05 2.1117798803064076 -0.07346655295672389 0.0 0.6147592352281208 1.987433881098787e-06 0.7299673393679891 0.039467582648386346 28.569503418848036 50.0 -19.56401380783923 0.6935280863418214 53622.410438 53705.30488 20 70 "Minimization exited successfully."
2539 100 0.437692 53620.97327783702 1.6440035275443467e-05 0.5835708339200743 -0.10001380885086364 0.0 5.78920718927111 2.5153837426766796e-06 2.0818983858464506 0.1094910454127428 44.385848199047715 56.0 -19.484852532680552 0.9517642514538984 53622.270127 53705.158616 0 100 "Minimization exited successfully."
2545 95 0.239367 53641.698213086784 2.5188720576077017e-05 5.277080138865276 0.0728256685250519 0.0 0.602407720311021 1.468597895482593e-06 0.9385232583167271 0.044234551457278726 52.619813762347164 53.0 -18.483731640560045 0.16493578930680997 53622.397472 53705.290956 25 70 "Minimization exited successfully."
2547 98 0.096588 53666.07929182019 6.675027197644567e-13 -1.8405181173892657 -0.7496627722514707 0.0 77.70292318529391 1.457949150124316e-07 7.293180470045538 1.3839837048156098 616.7349084848911 56.0 2.656321132693904 1.5259030254824992 53622.307069 53705.197124 39 59 "Minimization exited successfully."
2550 95 1.15234 nan nan nan nan 0.000432 nan nan nan nan nan nan nan nan nan nan 0 0 "exception was raised in user function User function arguments:      z = +1.152340     t0 = +53656.259663     x0 = +0.010000     x1 = +0.000000      c = +0.100000 Original python exception in user function: ValueError: bandpass 'sdss_sako18_g1' [3677.2, .., 5573.8] outside spectral range [4304.68, .., 19801.5]   File ""/anaconda3/envs/sdss_class/lib/python3.7/site-packages/sncosmo/fitting.py"", line 46, in chisq     zp=data.zp, zpsys=data.zpsys)   File ""/anaconda3/envs/sdss_class/lib/python3.7/site-packages/sncosmo/models.py"", line 1400, in bandflux     raise e   File ""/anaconda3/envs/sdss_class/lib/python3.7/site-packages/sncosmo/models.py"", line 1397, in bandflux     return _bandflux(self, band, time, zp, zpsys)   File ""/anaconda3/envs/sdss_class/lib/python3.7/site-packages/sncosmo/models.py"", line 154, in _bandflux     fsum = _bandflux_single(model, b, time_or_phase[mask])   File ""/anaconda3/envs/sdss_class/lib/python3.7/site-packages/sncosmo/models.py"", line 109, in _bandflux_single"
2551 95 0.247554 53625.96066084397 2.2079699441076573e-05 1.6174366326556093 -0.148499169532051 0.0 3.9768027028621873 1.8685431928389124e-06 2.5148506556700743 0.07322885108176741 55.460742246947696 53.0 -18.3648796506804 0.77773454157796 53622.319037 53705.209528 5 90 "Minimization exited successfully."
2556 89 0.102927 53621.17701556594 1.5008225405270803e-05 2.1126718941666276 0.8971693026016379 0.0 0.0009374269138788804 1.9993901121606597e-06 0.9431803385543809 0.10498201220757841 84.41259684940736 50.0 -15.890483506438809 0.6668123834101074 53622.335493 53705.226621 0 89 "Covariance may not be accurate."
2561 119 0.117406 53639.241843308504 0.0001672394547842382 -0.069030088502811 0.12734869322929 0.0 0.127280049440742 2.0298613547498046e-06 0.10912277430850548 0.01127412179059406 228.17746491701268 67.0 -18.7695863507251 1.0591500353287984 53622.451131 53705.347479 20 99 "Minimization exited successfully."
2569 99 0.209761 53635.92431471046 1.5642503453886514e-05 5.99999995293409 0.3428581647886406 0.0 1.3953083214109938 1.2494059462114792e-06 0.40495725326286447 0.07980576352447633 94.85753358706967 56.0 -17.682335016858712 0.13544230978613925 53622.300024 53705.189911 15 84 "Minimization exited successfully."
2571 95 0.241983 53626.65741896442 2.072172172278286e-05 -0.5409936657926426 0.23479179467960076 0.0 1.6621885842250776 1.8428153754046496e-06 1.2954974819977987 0.08281704385630595 51.8004931395025 53.0 -18.239873424935475 1.1430565592348074 53622.309534 53705.199326 5 90 "Minimization exited successfully."
2582 85 0.069291 53633.856085572574 2.1183266587532225e-05 5.999997058670594 -0.09755513826927742 0.0 1.106067930777499 1.4317020589527111e-06 0.25082125251784326 0.08713387421592561 179.7173737340812 47.0 -15.395571937000643 0.12147442712882395 53622.360865 53705.253126 10 75 "Minimization exited successfully."
