analysis_pipeline/fit_results/sdss_4_salt2_2.0_blue.ecsv
# %ECSV 0.9
# ---
# datatype:
# - name: obj_id
#   datatype: string
# - name: num_points
#   datatype: int64
# - name: z
#   datatype: float64
# - name: t0
#   datatype: float64
# - name: x0
#   datatype: float64
# - name: x1
#   datatype: float64
# - name: c
#   datatype: float64
# - name: z_err
#   datatype: float64
# - name: t0_err
#   datatype: float64
# - name: x0_err
#   datatype: float64
# - name: x1_err
#   datatype: float64
# - name: c_err
#   datatype: float64
# - name: chi
#   datatype: float64
# - name: dof
#   datatype: float64
# - name: b_max
#   datatype: float64
# - name: delta_15
#   datatype: float64
# - name: tmin
#   datatype: float64
# - name: tmax
#   datatype: float64
# - name: pre_max
#   datatype: int64
# - name: post_max
#   datatype: int64
# - name: message
#   datatype: string
# schema: astropy-2.0
obj_id num_points z t0 x0 x1 c z_err t0_err x0_err x1_err c_err chi dof b_max delta_15 tmin tmax pre_max post_max message
679 41 0.123663 53623.96296946407 5.170837060657352e-06 5.999965715064629 1.1999971459430223 0.0 0.0363321763688873 1.3823438667803778e-06 8.601958734058677 2.1350998029094668 33.05952742031184 17.0 -15.295134937348806 0.13329704672079856 53616.223561 53704.121861 4 37 "Minimization exited successfully."
682 72 0.047317 53662.04975721515 1.1572619971100817e-06 -5.999988014694443 -0.9996995241598884 0.0 5.92890129897205 1.9108456676397713e-06 8.260277119683098 1.3147197881271337 82.38922531707284 33.0 -11.32775071834049 nan 53616.234014 53705.133817 26 46 "Minimization exited successfully."
688 40 0.066563 53621.85190493773 1.1352625238960634e-05 5.999715551722218 1.1999765194358316 0.0 0.006351015788823133 1.6681488883701912e-06 2.4260686188497527 2.071003912689065 26.502760124916325 16.0 -14.718937728538577 0.13330399905983015 53616.267322 53704.166778 2 38 "Minimization exited successfully."
691 42 0.129587 53618.66310104267 5.521996653645722e-05 0.30370743983710025 1.1999221855427193 0.0 0.0008502681339450646 3.6366303600721105e-06 0.7888461138248783 1.6235450517583456 104.13676052416164 17.0 -17.870552054956306 0.9374600445341912 53616.229851 53704.128667 2 40 "Minimization exited successfully."
694 72 0.126178 53623.83982867518 0.0001413521536289719 -0.5104256644773804 1.199991429851596 0.0 0.0006941618703422137 2.1406027072418246e-06 0.21816808456958636 0.2442387762751268 232.36481073495656 33.0 -18.828350118961282 1.080035596521725 53616.231105 53705.130756 6 66 "Minimization exited successfully."
697 125 0.155294 53619.8530046464 2.085083724006398e-05 4.048780910982552 0.3746208553045718 0.0 2.3393372879545495 1.7982502521096676e-06 1.3728539987451986 0.07710172734859888 173.9756334722782 80.0 -17.205402088160888 0.2583624440797472 53616.243217 53705.144463 3 122 "Minimization exited successfully."
701 65 0.205128 53605.25708551804 9.271000592804835e-05 -1.6461425062649973 0.04628703788703725 0.0 2.2706618457159493 1.8811017025397998e-05 0.5619568288623285 0.12648008531378296 71.01763354954484 40.0 -19.458386778312693 1.446762543157174 53616.241951 53704.142421 0 65 "Minimization exited successfully."
703 44 0.296481 53626.112712778806 3.775622441564153e-05 0.15941714705789067 0.026201427511982622 0.0 0.6448918461392168 1.900526416003245e-06 0.626793844705329 0.05652421386922607 32.26319100388831 40.0 -19.394539041978128 1.0278966093092414 53616.246533 53704.147134 4 40 "Minimization exited successfully."
704 65 0.204966 53616.93115720374 2.5872177818603292e-05 0.33531210723848215 0.5236993421419043 0.0 6.278464570641518e-05 2.328062473647697e-06 1.1104195254256028 0.11447394796054366 63.64800781876433 39.0 -18.085075324711575 0.9690857975480256 53616.248214 53704.148801 3 62 "Covariance may not be accurate."
711 60 0.405 53681.03234993291 1.08573368484155e-05 5.9999929395704505 0.4073798780969575 0.0 1.9019161631913448 9.657755792219503e-07 1.8609391615052306 0.16378374494039083 217.4297016029214 36.0 -18.94608299058628 0.12418233869984618 53616.26274 53704.163012 48 12 "Minimization exited successfully."
716 83 0.322376 53639.074259255656 0.00010067547627381269 5.999999928053146 -0.03975772376584363 0.0 0.0007276028954947833 8.472069819293043e-07 0.0051713045450885176 0.009579948298917063 2457.9610706301605 79.0 -20.77645993963305 0.1213142564867482 53616.287145 53705.190339 22 61 "Minimization exited successfully."
717 40 0.12901 53601.457205486775 0.00015517765445851705 -4.293161101418163 0.0034566519445156096 0.0 2.612802817078773 9.524884712601214e-05 0.5403946933895738 1.493118126683146 13.774901647775081 16.0 -18.90681905063729 2.653389213201958 53616.296222 53704.196808 0 40 "Minimization exited successfully."
722 42 0.085038 53618.97876619371 0.00027582710975017854 -0.8874784183568778 1.1999844540859157 0.0 0.00020964933719369583 6.241974474229808e-06 0.19676976229263232 1.37866285421165 401.65315389433823 17.0 -18.63705657128255 1.1521539371742193 53616.315534 53704.216903 2 40 "Minimization exited successfully."
735 61 0.189482 53613.777776069524 5.3275911183486845e-05 -3.171872452385908 0.13386214123669138 0.0 0.002296203758305637 3.2659187007266755e-06 0.5062056270856417 0.08151072554118455 35.23847031519417 37.0 -18.664671203254972 1.9559571626500976 53616.333922 53704.237819 0 61 "Covariance may not be accurate."
739 40 0.106421 53611.057008485084 0.0002561795775982645 -1.3785814430446832 -0.7401370070293346 0.0 2.371112714172341e-05 0.000104220193432924 0.4941895827530991 1.9721899774625855 213.78972930899954 16.0 -19.02877733258087 1.449525427423545 53616.353509 53704.256563 0 40 "Covariance may not be accurate."
744 41 0.12694 53618.79149976338 0.00015883831369066127 -0.23042172877345468 1.1994459975438918 0.0 0.0003160627602483146 3.6419108524482496e-06 0.25320177040102854 1.719626867203152 144.4272227781518 16.0 -18.969052591815963 1.028822205472597 53616.228587 53704.126985 2 39 "Minimization exited successfully."
762 60 0.190088 53625.32349823834 9.02901535553835e-05 1.076665121544365 -0.020079115159627126 0.0 0.27714555868078605 2.0960050824597707e-06 0.2856975844518348 0.024963065423959985 51.012486944440646 36.0 -19.247838201218695 0.8542016849746723 53616.354311 53704.259479 3 57 "Minimization exited successfully."
764 61 0.185808 53620.98986243001 1.99118490912642e-05 5.999999930114413 0.30686795817453594 0.0 4.039377745357342e-05 1.0495148772132756e-06 7.7586247064597105 0.09230449769245996 66.79766975201282 38.0 -17.658856748979893 0.12336862291437711 53616.360811 53704.265857 2 59 "Covariance may not be accurate."
765 48 0.259902 53629.829315163246 2.7148206402881625e-05 5.999999923473089 -0.2683884840526123 0.0 0.6046189873814001 9.810148859112898e-07 0.23714676265600598 0.0461568742195787 257.0886696582757 44.0 -18.81976325643302 0.12066011098970009 53616.394382 53704.301532 6 42 "Minimization exited successfully."
770 23 0.041464 53628.25409695852 8.62805868506733e-06 5.999936953257269 1.1999996906062376 0.0 0.0052479558798950166 1.0746317396304046e-06 1.1647270112144579 1.3529717539804431 88.90563774605813 19.0 -13.35360566847913 0.13329791411022995 53616.40133 53704.304914 2 21 "Minimization exited successfully."
772 70 0.20925 53622.92872294883 1.4078266029073915e-05 5.999931002917387 0.7617127054050914 0.0 0.019915215478249593 1.349943575890688e-06 8.315112780100755 0.14861717924724105 86.10951316582302 43.0 -17.594708466030706 0.1277299292639249 53616.399626 53704.307026 3 67 "Minimization exited successfully."
774 44 0.092269 53615.71911617009 0.00032024117477496227 -0.7555635748495462 1.1999965535977362 0.0 0.0008839986257953569 9.756927641123021e-06 0.2034087154433899 0.3255016847038178 381.80842431815955 18.0 -18.987206506291205 1.1264832091265156 53616.383135 53704.287502 0 44 "Minimization exited successfully."
779 68 0.236938 53627.08640946525 5.615861141551215e-05 0.19834562028336578 0.05348784972163467 0.0 0.43526319400552893 2.2019187759125807e-06 0.4180973413599234 0.04609696942966146 34.462720050065165 42.0 -19.268562564029086 1.0187886247614806 53616.38471 53704.290891 6 62 "Minimization exited successfully."
782 44 0.131251 53620.79122881804 6.447622667478003e-05 2.754452590661094 1.1999939445353331 0.0 0.000676568550261436 3.856516244239995e-06 0.7324363930521836 0.20268095793982888 165.61508329708784 19.0 -18.071896471033202 0.5356788812960325 53616.414979 53704.32095 2 42 "Minimization exited successfully."
792 44 0.04282 53625.306319457966 1.3508370907469037e-05 5.999990272574802 1.1999837357939884 0.0 2.680682735179289 1.3703407797183153e-06 1.4856803692460074 1.372772852515108 55.35420261661156 18.0 -13.912382863377076 0.13329615035750564 53616.436275 53704.343242 2 42 "Minimization exited successfully."
799 65 0.146407 53612.88654860408 5.524943419307427e-05 0.11299147956661493 -0.5858284551138436 0.0 0.0015828013638383709 2.8253530986926942e-06 0.6368745619644063 0.07422337056747452 53.583083408819455 40.0 -18.105796273365623 1.06554252945023 53616.25818 53704.159114 0 65 "Covariance may not be accurate."
818 70 0.237174 53613.480261809476 3.480236769158651e-05 -2.1249053555327464 0.24682644047546187 0.0 56.01097675042911 1.6174885684561164e-06 0.0005780848670475791 0.00010687207342363614 42.14944537134273 43.0 -18.752791060080863 1.5603487002571015 53616.421385 53704.329311 0 70 "Covariance may not be accurate. Covariance not positive definite. Covariance forced positive definite."
822 67 0.236635 53621.569644209405 4.559996228319041e-05 0.31509228085365315 -0.0548851342235096 0.0 0.00046587026736233383 2.3081935436591866e-06 0.6084852659920008 0.05223898591238735 47.580367603274816 42.0 -19.039735046569263 1.000655603577897 53616.421787 53704.330152 3 64 "Covariance may not be accurate."
830 46 0.38623 53682.92767378798 3.5048363005063536e-05 5.999999378239622 -0.2538006880443414 0.0 0.36018119431537343 8.559000177332816e-07 0.09350233065508551 0.01322651112164186 945.8062969294612 42.0 -20.09568231977389 0.12068406108106089 53616.426207 53704.334779 34 12 "Minimization exited successfully."
841 44 0.298318 53624.82328488205 3.386804955421541e-05 0.9840232904637265 -0.11128697662838505 0.0 0.7026470288692508 2.1407981899113083e-06 0.7635992113255732 0.05555647096204297 32.03875879255728 40.0 -19.294362187189027 0.8739823104738846 53616.443061 53704.352405 2 42 "Minimization exited successfully."
859 43 0.276728 53623.95515243969 4.536121456922504e-05 0.31716731748521276 -0.04191395239916906 0.0 0.6747029762373131 1.8437685705380287e-06 0.523615720117395 0.04575259840682244 43.00312912199026 39.0 -19.421771996456577 0.9996668211779784 53616.285913 53704.188235 4 39 "Minimization exited successfully."
863 40 0.092949 53622.60298715987 2.4409162876982693e-05 3.8653318327802424 1.1999993263998205 0.0 3.2558671811457316 2.7761286969640864e-06 2.309881296818377 1.4336700773754405 25.67304564172641 16.0 -16.230746570183285 0.27123832744488396 53616.299109 53704.199788 2 38 "Minimization exited successfully."
875 44 0.104044 53627.59678821709 1.7236832863449792e-05 5.999999580173927 1.199999377303461 0.0 1.6961728930837126 1.4110853625565184e-06 0.9534468738933706 0.4574584902054726 59.64841325266344 18.0 -16.19882547950863 0.13329609791958674 53616.260676 53704.159957 6 38 "Minimization exited successfully."
879 62 0.451353 53661.20113640023 5.391572572250647e-05 5.999999999170534 -0.3468855261856174 0.0 0.24098581467114855 8.534283007938248e-07 0.01701117570465538 0.0073357427101829464 4514.962720142266 58.0 -20.968910206194277 0.12057443945012736 53616.271455 53704.173235 27 35 "Minimization exited successfully."
893 42 0.108834 53619.91607713705 5.707138495802622e-05 -0.19187339880702758 1.199999675439528 0.0 0.8819672940262535 2.8822374096237904e-06 0.7770064542242707 1.801698575742956 23.116865608921472 17.0 -17.497508908150653 1.0219880000233097 53616.328648 53704.230537 2 40 "Minimization exited successfully."
895 40 0.266814 53613.94563798833 2.713431120216936e-05 -0.6468193689305108 0.19515310125205576 0.0 0.006501055744593032 2.7874303195091203e-06 1.0170893128350906 0.13982997922684537 57.39039250150656 36.0 -18.773416498692722 1.1864915316756104 53616.348201 53704.253128 0 40 "Covariance may not be accurate."
896 60 0.423446 53656.09995837056 1.9452608590979637e-05 5.99999989412785 -0.36029373825054944 0.0 0.40451431961992057 7.294129043439178e-07 0.06440117108691812 0.01696438946740736 921.4732082606337 56.0 -19.6974750045534 0.12056715666771112 53616.350236 53704.255256 24 36 "Minimization exited successfully."
904 42 0.383892 53623.21313103111 2.6319727911481294e-05 -0.48961241180033 -0.3824769637383524 0.0 0.9164887285842269 1.900411981689554e-06 0.7550042767368694 0.052415945963008526 22.940079693058447 38.0 -19.66507140359712 1.1905991779427545 53616.369321 53704.275234 2 40 "Minimization exited successfully."
907 23 0.105466 53639.96907299811 4.952369444074289e-05 5.99999999920756 1.1999999986711232 0.0 0.46549116123787826 1.6089327090867962e-06 0.06765710368761368 0.0518985911666332 668.7912428993469 19.0 -17.37627911719893 0.13329609441080237 53616.402149 53704.305729 6 17 "Minimization exited successfully."
910 62 0.147747 53617.860404994295 5.6155515577718255e-05 1.2683421278309686 0.35784926472463674 0.0 0.0014788482185394969 2.841261408463305e-06 0.584051845719884 0.048961167705207864 279.2892568366439 38.0 -18.133446612677737 0.8093463749668501 53616.33353 53704.237346 3 59 "Minimization exited successfully."
911 69 0.206325 53621.8606338871 3.579226658386392e-05 -0.11060249647356724 0.2230593710300175 0.0 0.875273204936093 2.7871902190718093e-06 0.9555369427250335 0.07636046116263828 35.23589632047153 42.0 -18.442418190814482 1.0715109095075839 53616.416953 53704.324712 3 66 "Minimization exited successfully."
921 92 0.125781 53628.955883951305 6.405639549490471e-06 5.99999950429061 1.1999992517071774 0.0 2.5147483465516416 8.40441607722342e-07 7.382062422714423 1.6318137670893584 56.71066507052958 44.0 -15.567541434480265 0.13329609837379053 53616.459134 53705.367973 10 82 "Minimization exited successfully."
930 72 0.288698 53657.322267120755 3.974235219130096e-05 5.999999946326657 -0.23439229793069838 0.0 0.25582651145668933 8.435084497687706e-07 0.02928369923716545 0.02173040200548887 1922.5968586848303 68.0 -19.494201739912796 0.12071971646910029 53616.351053 53705.256485 26 46 "Minimization exited successfully."
932 69 0.390036 53619.33151192781 2.2142019597884976e-05 3.6234114752740023 0.048898133628695106 0.0 1.8504380493941426 2.403195036094209e-06 1.350541217797483 0.0632697431625992 84.08227713379522 65.0 -19.53060290728936 0.31456561363501123 53616.38915 53704.295563 3 66 "Minimization exited successfully."
938 71 0.760567 53683.07125640511 6.545695808077845e-06 5.999461203524483 -0.5044217607709778 0.0 1.6590791755479586 8.397503962670475e-07 8.062572949163485 0.10379354459122747 150.96020895460808 44.0 -20.06518316508908 0.1206506568119643 53616.411727 53704.318389 50 21 "Minimization exited successfully."
979 44 0.291144 53619.66291774966 2.676463922992034e-05 -1.839415878680433 0.009932002014850783 0.0 1.4498667237639893 2.165284929252498e-06 1.2204359501960984 0.11150122350375047 30.712507359518938 40.0 -18.973784543439237 1.50646647506926 53616.247361 53704.148008 2 42 "Minimization exited successfully."
983 41 0.067238 53622.649142898576 2.1435864764707268e-05 5.999999314946791 1.1999984990762145 0.0 1.5742688037717016 1.9565453510095305e-06 0.3323221038520128 0.4013495385235314 70.21373146192515 17.0 -15.432020002458202 0.13329609341797521 53616.27144 53704.17114 2 39 "Minimization exited successfully."
986 42 0.279009 53619.82424029377 3.0552375236041486e-05 -1.0135390372468498 -0.028180953186070723 0.0 1.434863963197131 1.8923070081927615e-06 0.9934928349252607 0.07845994908911463 34.02955051837997 38.0 -19.011663987151042 1.2895792939171926 53616.292499 53704.194686 2 40 "Minimization exited successfully."
1000 44 0.128293 53611.90594912115 0.00010085431747433371 -1.3986215434307745 -0.9996057953899724 0.0 0.0007489574672945309 5.059960394378506e-06 0.3023979162273158 2.1955128137219413 33.449108777960106 18.0 -18.47571535577439 1.4776096139425299 53616.376634 53704.28122 0 44 "Minimization exited successfully."
1008 68 0.225039 53623.27517281425 7.330719006406916e-05 0.21687465887664992 -0.07985503714757047 0.0 0.4336114994439413 2.9249702504685653e-06 0.4480486637586676 0.042853416246635245 52.99620646058498 42.0 -19.43183754741104 1.0214423593448778 53616.388725 53704.295625 3 65 "Minimization exited successfully."
1027 68 0.185416 53621.08466187032 9.772963285070714e-06 5.99986893129012 0.8230195444702046 0.0 61.1680762931901 0.012110311571952173 8.410331401687053 1.637130130572931 93.13725846618023 42.0 -16.910005760909897 0.12844113896804998 53616.423368 53704.331492 3 65 "Minimization exited successfully."
