analysis_pipeline/fit_results/sdss_4_salt2_2.4_red.ecsv
# %ECSV 0.9
# ---
# datatype:
# - name: obj_id
#   datatype: string
# - name: num_points
#   datatype: int64
# - name: z
#   datatype: float64
# - name: t0
#   datatype: float64
# - name: x0
#   datatype: float64
# - name: x1
#   datatype: float64
# - name: c
#   datatype: float64
# - name: z_err
#   datatype: float64
# - name: t0_err
#   datatype: float64
# - name: x0_err
#   datatype: float64
# - name: x1_err
#   datatype: float64
# - name: c_err
#   datatype: float64
# - name: chi
#   datatype: float64
# - name: dof
#   datatype: float64
# - name: b_max
#   datatype: float64
# - name: delta_15
#   datatype: float64
# - name: tmin
#   datatype: float64
# - name: tmax
#   datatype: float64
# - name: pre_max
#   datatype: int64
# - name: post_max
#   datatype: int64
# - name: message
#   datatype: string
# schema: astropy-2.0
obj_id num_points z t0 x0 x1 c z_err t0_err x0_err x1_err c_err chi dof b_max delta_15 tmin tmax pre_max post_max message
[from data line 823]
10037 42 0.252461 53688.14237887013 0.00013840805040526093 -1.612077400960409 -0.9986443063740089 0.0 1.0824722820143506 3.74506860201973e-05 1.6697874417344192 2.1772844978310872 23.29329632523799 17.0 -20.451503549001746 1.4802079602773688 53623.190472 53704.098363 30 12 "Minimization exited successfully."
10045 60 0.114762 53696.371393220994 3.451706124651288e-05 2.2237897417246195 0.6903909833122106 0.0 1.0084881345101167 7.693700657125937e-06 1.6464798018651607 0.16705761988425039 42.4741205852228 36.0 -17.030665820898022 0.6546643302635289 53623.211122 53704.12062 48 12 "Minimization exited successfully."
10054 66 0.077478 53693.35184692558 1.3351519436824999e-05 2.382202347190592 1.1999998192432728 0.0 0.5285191606344597 5.238390118261766e-07 0.7515550814672967 0.05786801422448695 53.43016502836438 40.0 -15.14435738102959 0.6136942643370666 53616.439447 53704.3474 57 9 "Minimization exited successfully."
10066 21 0.440777 nan nan nan nan 7.8e-05 nan nan nan nan nan nan nan nan nan nan 0 0 "No bands in data overlap the model."
10096 68 0.076658 53695.407754318716 9.247706918846354e-05 0.2935554102319884 0.6288146383658484 0.0 0.28991734219744103 1.0788429245390255e-05 0.4038300078552628 0.08368555259629828 50.09743922619565 41.0 -17.16080756175196 0.9669496680275955 53616.391972 53704.297713 62 6 "Minimization exited successfully."
10106 94 0.146889 53694.27763647688 0.000384379242292684 0.3504744604644543 -0.9951303757740587 0.0 0.6943565903711715 0.00015018882217820664 0.8821855581264479 2.041778964972962 36.96225699171169 43.0 -20.249902154354377 1.0276347970917925 53616.441876 53705.35038 82 12 "Minimization exited successfully."
10146 46 0.282991 53692.41624624506 3.811061061069765e-05 5.999999783727823 -0.9667270441906748 0.0 3.044245638553548 5.54485548524547e-05 11.064289461389743 1.8382402114373768 20.107278507024418 19.0 -19.408290059004774 0.09815992609028967 53616.383088 53704.287597 40 6 "Minimization exited successfully."
10157 95 0.203148 53705.29375674863 1.4051112197843718e-06 -5.999974685765778 -0.8405397558906338 0.0 89.53715417499916 2.1676161306279366e-05 9.347704002637878 1.9352975015114642 64.35084833802462 44.0 -14.91749511925682 nan 53616.416559 53705.323938 93 2 "Minimization exited successfully."
10182 0 1.437993 nan nan nan nan 0.000798 nan nan nan nan nan nan nan nan nan nan 0 0 "Empty table passed to fit_lc."
10231 42 0.143635 53689.732996838975 1.2393092822337027e-05 -5.725994806667671 1.1994802147862202 0.0 0.457598440865695 1.3478256219473518e-06 0.9286199921610281 1.7852797574456094 16.384647893419455 17.0 -16.492764286243283 2.8575580973661303 53616.368511 53704.272752 36 6 "Minimization exited successfully."
10299 40 0.259705 53692.1175780076 3.289005828873815e-05 1.4278232205503718 0.0890768554189314 0.0 3.1593744020974555 3.486790845066201e-05 4.094598517800635 0.7568073369948173 12.740097906893569 16.0 -18.91534460797855 0.8019534120973653 53622.277191 53705.164688 34 6 "Covariance may not be accurate. Covariance not positive definite. Covariance forced positive definite."
10324 40 0.250218 53694.361690463964 4.29704533931452e-05 0.5466084822816093 -0.01318337453086238 0.0 1.5629557384818327 4.429597196150104e-05 1.8728158372854686 0.7286996507707678 70.05144259183098 16.0 -19.112104465247025 0.9546304667203707 53622.261351 53705.148394 34 6 "Covariance may not be accurate. Covariance not positive definite. Covariance forced positive definite."
10342 0 1.577478 nan nan nan nan 0.002076 nan nan nan nan nan nan nan nan nan nan 0 0 "Empty table passed to fit_lc."
10434 57 0.102877 53696.67062497745 0.0002574921784898765 0.3117630883957503 0.07880933599963624 0.0 0.3132206087029772 1.8009118296022375e-05 0.4139887846924837 0.05314437835927721 26.840642915847297 34.0 -18.929832732503428 0.992110045962459 53622.242121 53705.129055 48 9 "Minimization exited successfully."
10448 19 0.432113 nan nan nan nan 4.9e-05 nan nan nan nan nan nan nan nan nan nan 0 0 "No bands in data overlap the model."
10449 40 0.240535 53695.52154356064 6.306824147819912e-05 -1.1077382869746994 0.05955622953734818 0.0 0.9229891855829919 4.363424860621468e-05 1.1509121355765275 0.5039058093931776 25.53852126874017 16.0 -19.430446478921898 1.2743453752480924 53622.262617 53705.149616 34 6 "Covariance may not be accurate. Covariance not positive definite. Covariance forced positive definite."
10450 40 0.270471 53694.679795268756 0.00010199989824129952 2.4750474686290147 -0.9861622193981593 0.0 1.905624497030658 6.294429395074908e-05 2.111995396897289 2.1486609858958405 25.528705105704546 16.0 -20.295501974811664 0.6487531035201428 53622.263452 53705.150045 34 6 "Minimization exited successfully."
10460 40 0.218851 53684.28393015717 7.176101423719272e-06 2.157562841045955 1.1965488479448467 0.0 1.9897501355844724 2.073193818848407e-06 2.11666823253129 2.0424571005985435 35.47859927591519 16.0 -16.919850640483197 0.6505745334010555 53622.285108 53705.17232 30 10 "Minimization exited successfully."
10471 40 0.238529 53687.104076408024 1.5328424724558864e-05 -5.999993089430422 -0.999646779207472 0.0 4.178409942553117 1.2709412197624557e-05 7.727138534676569 1.483002358869009 20.25375705266321 16.0 -17.918531714810864 nan 53622.412485 53705.305286 32 8 "Minimization exited successfully."
10550 42 0.299222 53690.65213384558 2.5368100809159965e-05 -0.35877310525573414 0.15234192053566153 0.0 1.5271556480438448 3.3046555536476726e-05 2.051671873488785 1.5820587630210243 4.593739194505168 17.0 -18.986215396486916 1.1127754594080166 53622.297968 53705.185594 36 6 "Covariance may not be accurate. Covariance not positive definite. Covariance forced positive definite."
10559 38 0.279534 53693.36901306579 0.0001275925725873217 1.8919123880916526 -0.9962881753898096 0.0 1.7420703331154073 3.976081618630111e-05 2.184797573301746 2.122282442759311 21.109792083592897 15.0 -20.62044052145175 0.7502690221674868 53622.309964 53705.198434 32 6 "Minimization exited successfully."
10621 0 2.421863 nan nan nan nan 0.001257 nan nan nan nan nan nan nan nan nan nan 0 0 "Empty table passed to fit_lc."
10672 66 0.083642 53633.08475918375 4.493716223589183e-06 5.999994038881525 1.0118179550665114 0.0 1.285984309437481 3.0380649670114225e-06 1.072203721716237 0.44327256575724605 154.2134576506443 40.0 -14.218608261951758 0.15773773083424913 53616.260272 53704.160381 12 54 "Minimization exited successfully."
10690 42 0.310439 53696.22508003669 3.491153356143695e-05 -0.31416302309303745 0.23114297279960505 0.0 4.63570320315921 4.7096857074262484e-05 4.0339430693250105 1.6220414728537271 12.59440349833356 17.0 -19.427092509475024 1.0992866583993717 53616.278472 53704.178447 34 8 "Covariance may not be accurate. Covariance not positive definite. Covariance forced positive definite."
10805 62 0.043968 53698.664975732405 0.0013325982686758664 0.6409352149651832 0.15451822403383852 0.0 0.1426965069877042 5.6923751265574554e-05 0.22419922202408138 0.030747526140466608 879.6721564413587 38.0 -18.779585951249388 0.9310063491895129 53616.270627 53704.171121 54 8 "Minimization exited successfully."
10843 50 0.35031 53693.99325657634 2.2052376261100237e-05 -0.7053471449738087 0.021284815321992445 0.0 2.8173090564232552 3.21818342815916e-05 2.6361169837184244 1.6022751556318355 21.980325751012074 21.0 -19.230973312014143 1.1908278017041063 53622.471233 53705.366307 42 8 "Covariance may not be accurate. Covariance not positive definite. Covariance forced positive definite."
10868 147 0.084847 53656.540870902114 3.971515338818677e-12 3.925741143618737 -0.7107559848731193 0.0 77.75143365451004 5.296536911447713e-08 10.842696516773632 1.3365345126932509 1848.0391022764286 94.0 1.0053308811114263 0.2984435414528761 53616.454255 53705.363829 42 105 "Minimization exited successfully."
10915 42 0.223131 53694.62444189749 6.563246019951619e-06 -2.966165818181368 1.1978680035909752 0.0 1.6866319125219889 1.8197236969463845e-06 1.8840588656194956 2.167077431527289 7.755786000748647 17.0 -16.865147842177898 1.5975665849342704 53616.368522 53704.272297 38 4 "Minimization exited successfully."
10928 48 0.080628 53696.729157836555 8.905715465507225e-05 0.12188899721356883 0.7124739704575949 0.0 0.29211345238945796 7.353769759826934e-06 0.3709006347931667 0.05951617513753682 138.4526767593913 28.0 -17.241499880424726 0.9913490630104533 53622.343694 53705.234345 39 9 "Minimization exited successfully."
10936 48 0.065023 53664.728652023085 2.9070773955974796e-06 5.999998031102145 1.1826438634789116 0.0 1.2362059104561922 1.9199938941438786e-06 0.504936142461685 2.108777549936292 190.3666194665186 28.0 -13.194297307443918 0.1633940327339971 53622.371072 53705.26289 18 30 "Minimization exited successfully."
10976 66 0.094496 53697.732018010625 5.083630824067264e-05 0.6432598887060657 0.6900568006829086 0.0 0.6355098260428349 8.451751420851527e-06 0.8324305093317483 0.12623716382964056 61.922755939489555 40.0 -16.99700047398816 0.9058141191208691 53616.372571 53704.277344 60 6 "Minimization exited successfully."
11016 54 0.050385 53647.82894015637 8.11615663565135e-12 1.7589438690567514 -0.7812039800979853 0.0 64.96333607949782 1.8507570030412703e-07 9.853506311397954 1.424896603986947 1755.9485622536333 32.0 1.4220325440536072 0.7690615922286668 53622.220266 53705.107222 15 39 "Minimization exited successfully."
11017 36 0.208659 53691.922893467454 3.515459359503814e-05 4.08489825384023 -0.12325811954769683 0.0 1.5858913537558692 5.1664251227143694e-05 2.5489732555099787 0.9002897993824757 14.960970728825624 14.0 -18.46995084699798 0.27395767843032104 53622.223201 53705.109362 30 6 "Covariance may not be accurate. Covariance not positive definite. Covariance forced positive definite."
11026 38 0.28274 53698.59732781969 3.954073625993426e-05 4.884259624833394 -0.03430486442912517 0.0 2.867406329132791 4.899912572610299e-05 9.826386333104754 0.8859670278178248 12.678514281002352 15.0 -19.37092262195976 0.19052194525251664 53622.231179 53705.117574 34 4 "Covariance may not be accurate. Covariance not positive definite. Covariance forced positive definite."
11067 66 0.116797 53702.585282747896 0.00035366555921581333 2.02079291939166 -0.026846469836738218 0.0 0.013016872693697223 1.90751512829951e-05 0.2771131521923138 0.04724540685632095 30.44402486316971 40.0 -19.571821500696558 0.707606298026974 53622.4165 53705.31039 63 3 "Minimization exited successfully."
11083 54 0.120676 53695.168298717486 1.6304224239644948e-05 0.5706196390703031 1.0047479648399946 0.0 0.8885911232209764 4.854579337964515e-06 1.440290220197764 0.21504834358856362 44.662272818551784 32.0 -16.36055223955684 0.9014039455411513 53622.224046 53705.110692 45 9 "Minimization exited successfully."
11097 42 0.194866 53702.784505925454 1.979509368590371e-05 1.6593724804868808 1.1373600542901166 0.0 0.05462280510619166 1.9877582231702107e-05 1.227843036837593 1.9594390459586661 23.052632049103476 17.0 -17.73012398386762 0.7293389728004414 53623.159151 53704.067149 38 4 "Minimization exited successfully."
11100 40 0.208564 53697.71591068104 0.000228332788490605 -3.9116499820993376 -0.9618117555607886 0.0 1.5351383493034518 0.0002384654651823276 1.9628000297411683 2.0187357955297576 17.35529503858424 16.0 -20.520457115211823 2.4301586172269047 53616.266881 53704.166456 34 6 "Covariance may not be accurate. Covariance not positive definite. Covariance forced positive definite."
11102 40 0.152731 53703.72843744321 2.196046775174376e-05 5.147193411251729 1.197098981906478 0.0 1.1895760078696185 4.288416149365038e-06 0.8925726297761685 1.5821555579657671 13.86500175977558 16.0 -17.336299101125626 0.19691563388385092 53623.178234 53704.085882 38 2 "Minimization exited successfully."
11119 63 0.114106 53695.47781657434 1.858903423864744e-05 -0.7953220417777036 0.6093889342499361 0.0 1.651947325168294 1.0407721418021487e-05 2.7390066923616687 0.4100013663123302 56.51898548232589 38.0 -16.336301572049933 1.1654896024330768 53623.191758 53704.100897 48 15 "Minimization exited successfully."
11120 63 0.106009 53699.05301538483 0.00021754820975317002 0.27627045705236863 0.21616245868477435 0.0 0.45906347748314147 1.9022809264115933e-05 0.6468259634157301 0.07000924626372496 23.44641062852734 38.0 -18.818702133372515 0.99167710832495 53623.206503 53704.11545 51 12 "Minimization exited successfully."
11141 42 0.331546 53675.45941984945 3.254419717090396e-05 5.999999999503409 -0.999994438282253 0.0 2.91044915690145 4.970790560949181e-06 2.6851971570281137 1.9809607115856298 12.115154712398873 17.0 -19.638000735118275 0.09742943944997506 53616.274776 53704.174943 28 14 "Minimization exited successfully."
11142 41 0.236502 53694.00811129693 2.448361152719403e-05 1.351830399063477 0.0464985064314698 0.0 2.162860640564759 5.2203689601682535e-05 2.4641638481612826 1.6224457190819277 18.764907907891356 17.0 -18.363163062292987 0.8158239965006295 53616.278085 53704.177941 34 7 "Covariance may not be accurate. Covariance not positive definite. Covariance forced positive definite."
11156 42 0.307784 53700.42718499604 4.0497327911577234e-05 5.184477960371364 -0.07544759109702315 0.0 2.342252278875094 4.0314758855241056e-05 10.092322961004172 0.7827406513865034 14.593834700133288 17.0 -19.619840904591253 0.16802582516733366 53616.37826 53704.282858 40 2 "Covariance may not be accurate. Covariance not positive definite. Covariance forced positive definite."
11172 42 0.135072 53692.015490089056 0.0004085418497027804 -3.5740913504697964 -0.997298636138062 0.0 0.8539562656224007 0.0001362921707576237 1.120938958853252 2.136594327954012 21.38470597148892 17.0 -20.113872491901418 2.2347683985280256 53623.198495 53704.106874 30 12 "Minimization exited successfully."
11181 40 0.342312 53701.888337550896 2.681061509393956e-05 5.656710649475997 -0.03709137998762324 0.0 2.9294395015640475 3.879972294585199e-05 11.758435433780063 1.5719466217816782 15.325155961048598 16.0 -19.458698085510274 0.14001708729798068 53616.304867 53704.205787 38 2 "Covariance may not be accurate. Covariance not positive definite. Covariance forced positive definite."
11192 40 0.130192 53685.66726360217 2.056823324689816e-06 -5.99999759761339 1.197888481111161 0.0 1.715867571405397 1.1342259866137238e-06 1.7577420515771776 2.0752921842194247 45.299579476444926 16.0 -14.31022404250142 3.123236761173743 53616.299915 53704.200701 34 6 "Minimization exited successfully."
11206 21 0.381739 nan nan nan nan 0.000129 nan nan nan nan nan nan nan nan nan nan 0 0 "No bands in data overlap the model."
11217 40 0.143595 53703.87645440522 0.0006892636484306069 -0.7849031458454236 -0.9977310302400889 0.0 1.3518140266132832 0.0001177881571212203 1.7790711994902977 1.5211943515018682 17.395253909968385 16.0 -20.829145050284087 1.2688214686447061 53616.355521 53704.258728 38 2 "Minimization exited successfully."
11241 46 0.088219 53696.36014746764 5.012311767171318e-05 -2.893677659447458 0.6323094021723688 0.0 0.36928110299413675 7.384600134391352e-06 0.5215147457831408 0.10982048445023251 82.27904089471878 42.0 -16.816885348684735 1.6700511989737201 53616.389146 53704.293092 42 4 "Minimization exited successfully."
11291 38 0.14354 53704.25739899807 0.0005446937642221184 -2.4620012577437564 -0.9980520747310203 0.0 1.8357204007988912 9.774668222436886e-05 0.9522255964780344 1.706532230778427 10.623400534708788 15.0 -20.571089241980367 1.7473323873794442 53626.330549 53704.25657 38 0 "Minimization exited successfully."
11294 63 0.115586 53701.034019303086 7.087401262596216e-05 -1.2613380484273895 0.29151910322071006 0.0 0.8845274041377706 1.2473535086227616e-05 1.3597933409843153 0.15632206112867986 30.891684129594328 38.0 -17.803955862101297 1.288911291730333 53616.367287 53704.271872 60 3 "Minimization exited successfully."
