analysis_pipeline/fit_results/sdss_4_salt2_2.0_all.ecsv
# %ECSV 0.9
# ---
# datatype:
# - name: obj_id
#   datatype: string
# - name: num_points
#   datatype: int64
# - name: z
#   datatype: float64
# - name: t0
#   datatype: float64
# - name: x0
#   datatype: float64
# - name: x1
#   datatype: float64
# - name: c
#   datatype: float64
# - name: z_err
#   datatype: float64
# - name: t0_err
#   datatype: float64
# - name: x0_err
#   datatype: float64
# - name: x1_err
#   datatype: float64
# - name: c_err
#   datatype: float64
# - name: chi
#   datatype: float64
# - name: dof
#   datatype: float64
# - name: b_max
#   datatype: float64
# - name: delta_15
#   datatype: float64
# - name: tmin
#   datatype: float64
# - name: tmax
#   datatype: float64
# - name: pre_max
#   datatype: int64
# - name: post_max
#   datatype: int64
# - name: message
#   datatype: string
# schema: astropy-2.0
obj_id num_points z t0 x0 x1 c z_err t0_err x0_err x1_err c_err chi dof b_max delta_15 tmin tmax pre_max post_max message
[from data line 385]
4248 105 0.170217 53626.70705762971 1.1310269814227559e-05 5.999999999987471 0.7631838779102897 0.0 1.590882511172822 1.15415826392018e-06 0.22893496443073058 0.07928080033141338 121.56412458702388 59.0 -16.857804011848756 0.12774434151403824 53616.369735 53704.275202 10 95 "Minimization exited successfully."
4262 110 0.220565 53645.57035595228 1.4352907958559146e-05 1.496843377973291 0.16637823882270264 0.0 1.1268146682559745 1.37201869521819e-06 1.3075276081875735 0.0775640380069762 61.21635401757011 62.0 -17.61441025673442 0.7737076435555785 53616.375001 53704.281143 40 70 "Minimization exited successfully."
4268 90 0.095811 53647.28696951548 2.6650272107827668e-05 0.3227812203205147 0.7654633028220952 0.0 0.43905358816846274 3.4221416829099946e-06 0.5407254972822662 0.08044792951700586 71.09117759080637 50.0 -16.330851333260515 0.9586337411670875 53622.3326 53705.223283 25 65 "Minimization exited successfully."
4281 119 0.212157 53651.60817522092 0.0001061103712688194 0.1452326118733085 -0.06511571825022333 0.0 0.13906888911878923 3.1508666198748426e-06 0.22323829475984747 0.01852656433866684 69.7207837938331 68.0 -19.68892021258466 1.0352376516859714 53616.402469 53704.309921 40 79 "Minimization exited successfully."
4304 95 0.211499 53643.19064905011 5.035976043034074e-06 -5.999999590518974 0.8115016435143485 0.0 1.431929500624392 2.037124054935502e-06 0.5821042555914882 0.2991161363451096 124.9550131369945 53.0 -16.405452584423696 4.343441696377393 53622.399498 53705.293498 25 70 "Minimization exited successfully."
4307 90 0.270836 53647.96266131329 4.5472739013887596e-05 1.7499210301975978 0.006254315869527627 0.0 0.4417571012600092 1.823408204052465e-06 0.5003104468886139 0.029738129582053074 34.84082218858139 50.0 -19.3732879173957 0.7311396236146095 53622.40719 53705.301119 30 60 "Minimization exited successfully."
4311 90 0.295144 53652.23361609176 3.867382742718584e-05 0.010309315891523951 -0.042121329943763275 0.0 0.4454549538750143 2.0423999512586572e-06 0.46888066815080576 0.0400656010219505 50.036880324788186 53.0 -19.40931949547073 1.0616831992302522 53622.412851 53705.307462 29 61 "Minimization exited successfully."
4313 114 0.390746 53641.78273659695 2.3937470471973033e-05 0.8353482307640974 -0.1436756586461252 0.0 0.7749985997506883 1.4130776090864868e-06 0.7310930815635537 0.04434682453121325 74.27392303262229 64.0 -19.602785329963645 0.9030203205652256 53622.423754 53705.318864 25 89 "Minimization exited successfully."
4341 95 0.101555 53638.25250798206 5.3590465398656305e-14 4.048421296400004 -0.8508688483385596 0.0 56.86013518780237 7.285011006552545e-07 10.879928976725967 1.5219200333474294 224.01777823400087 53.0 5.22633575197996 0.2691428309856718 53622.314072 53705.204475 20 75 "Minimization exited successfully."
4355 190 0.526062 53643.175321810544 8.610493076856018e-06 5.999999985539805 -0.13725033599745184 0.0 2.1545115380431525 5.824791881764431e-07 0.5832774707455801 0.03144366160383538 155.82665247040126 110.0 -19.369778331966067 0.12096333929985192 53616.356728 53705.262931 60 130 "Minimization exited successfully."
4387 102 0.802772 53647.814113004795 5.27878429789852e-06 0.5159272618775006 -0.3599438059862534 0.0 1.44110765942969 8.589208076087428e-07 0.24958655837860144 0.03522044743540875 48.308448087527104 58.0 -19.861044503395874 0.9726913047629431 53616.333122 53704.23692 37 65 "Minimization exited successfully."
4409 119 0.429098 53659.59165696209 1.0682162326900447e-05 5.9999998940471855 -0.3066247722645027 0.0 0.6666494762066577 6.869833243755562e-07 0.4675118024517726 0.03596897505588165 206.6149600574943 68.0 -19.07859586560692 0.12060925594116156 53616.402056 53704.309108 45 74 "Minimization exited successfully."
4417 104 0.360538 53640.305990247434 1.541655275245413e-05 -0.19107223173256394 0.04772026128751583 0.0 1.346603312289517 1.3033119036137698e-06 1.0634891884894606 0.07519044927628604 51.41919724941374 59.0 -18.91635188411027 1.098519283158943 53616.340058 53704.244167 34 70 "Minimization exited successfully."
4437 105 0.819428 53622.67215151887 6.483310906436612e-06 -1.2332531219877554 -0.4516651937719629 0.0 0.30887526032165624 1.1104999561972753e-06 0.20989424835796244 0.02288614758030466 197.03491270609308 59.0 -20.14016937229551 1.3830251682465509 53616.358369 53704.263322 5 100 "Minimization exited successfully."
4464 80 0.831566 53668.72426861889 1.0687514146051625e-05 0.3128274780661373 -0.4347973589651378 0.0 0.762313070397795 9.277276273983443e-07 0.07603896029261437 0.014817653959220245 230.80256189241715 44.0 -20.724227362522427 1.0169984918704529 53622.371885 53705.264587 30 50 "Minimization exited successfully."
4480 110 0.337394 53631.87570044768 1.606312666531884e-05 5.9999992597870175 0.16921645291591925 0.0 1.132007001189777 7.473691323911523e-07 0.12936008674326782 0.052178111235653635 186.49449224969933 62.0 -18.89892697316091 0.12240831694312959 53616.379043 53704.284974 15 95 "Minimization exited successfully."
4482 109 0.471389 53634.526521201304 1.083229268027397e-05 5.999969322184038 -0.29157718817488665 0.0 1.0737431404886593 7.485221580361131e-07 0.8431234484444543 0.030131005133732625 94.80418354074135 62.0 -19.336977675354035 0.12062849695661626 53616.380257 53704.286246 15 94 "Minimization exited successfully."
4490 185 0.494599 53648.16683762054 1.131609000229572e-05 -1.01683322982739 0.03829391609973287 0.0 1.1242253986602009 1.2978286052622863e-06 1.0579295339726604 0.13459346419010082 99.70750115363606 107.0 -19.395967932843973 1.2846262843953475 53616.349822 53705.255665 60 125 "Minimization exited successfully."
4507 125 0.647735 53636.64258169539 1.5511858643073585e-05 -0.442826029664678 -0.4205086730981905 0.0 1.0322117165051168 1.0288883259279563e-06 0.16291242348241974 0.015740096371059553 316.81307464378807 71.0 -20.459150616665724 1.1820078638212266 53616.409311 53704.316688 20 105 "Minimization exited successfully."
4508 125 0.568272 53662.3611224191 1.458490349576791e-05 5.999999954251033 -0.29193647772766895 0.0 0.4953040148357104 6.23661396288999e-07 0.10068535469989737 0.015731180529268307 434.16015939608474 71.0 -20.149695943026753 0.12062675056037975 53616.410117 53704.317532 45 80 "Minimization exited successfully."
4519 115 0.185525 53635.168047780295 1.4547826710882283e-05 5.9999766116409585 0.027963494343273165 0.0 1.2242360554737388 9.424571742128185e-07 0.979204766413722 0.07366074235036929 88.59230234895458 66.0 -17.311241758567665 0.12161974798327435 53616.421781 53704.329747 15 100 "Minimization exited successfully."
4524 110 0.060897 53657.877439339805 0.0024779803788408596 3.7451845470783525 0.33523224699060616 0.0 0.017149821407656418 8.929560063814955e-06 0.03205684923219554 0.0021988859093250435 127018.31972321401 62.0 -20.212110748679613 0.2956071423341804 53616.434633 53704.343195 40 70 "Minimization exited successfully."
4530 109 0.295229 53635.47125771824 2.0499873072218344e-05 -3.22312453550727 0.020709717277094253 0.0 0.7568410310559557 1.941004931995671e-06 0.8877135363469555 0.09202856555871147 49.262528080575386 62.0 -18.718585116594298 2.005823912352305 53616.44466 53704.353678 20 89 "Minimization exited successfully."
4547 105 0.439751 53624.56116554916 2.0141217931427535e-05 0.24911109962734646 -0.06904407447038785 0.0 1.2861692520818906 1.6323272619223064e-06 0.9484409721877451 0.06832405142597886 57.77363761170757 59.0 -19.717874355223323 1.0144609600172672 53616.377414 53704.283734 5 100 "Minimization exited successfully."
4572 124 0.382993 53643.96451897903 1.8880610575537916e-05 -1.1942008606686567 0.06503782978734174 0.0 1.021328125949367 1.2019994342904467e-06 0.8011857206310911 0.06471322577997873 74.33568178654534 71.0 -19.290102392527928 1.3257180340489967 53616.410509 53704.317985 35 89 "Minimization exited successfully."
4577 118 0.361934 53648.028916276504 2.47052858249841e-05 0.34918178682438317 -0.07468783071068963 0.0 0.7039738864186802 1.6464037105551345e-06 0.7327255103345611 0.040509317445614756 41.69988499000446 68.0 -19.439334226500524 0.9947607056096821 53616.416544 53704.324306 34 84 "Minimization exited successfully."
4578 117 0.412515 53643.58306017049 2.1480205235343553e-05 -0.3046344907768388 -0.15794062812289011 0.0 0.9421317189771798 1.1792039666125309e-06 0.6787660457304838 0.04235471347148462 57.191437365536636 66.0 -19.623081373316463 1.1351347260986735 53616.416544 53704.324727 29 88 "Minimization exited successfully."
4612 180 0.393403 53640.71882630546 1.2428922833509493e-05 -0.32189774511486213 0.008924472549477258 0.0 1.167687046352512 9.755208320122443e-07 0.8622385463338609 0.07842746662040506 94.57687562128962 104.0 -18.905477130490443 1.1286625195071345 53616.349023 53705.254356 50 130 "Minimization exited successfully."
4619 95 0.1788 53666.70221647967 1.3554363236865097e-05 5.999994941378365 0.16556074501101148 0.0 1.6979996238769672 8.625211206164657e-07 0.5118889970016909 0.08308222851823821 144.6439444486714 53.0 -17.14586224178862 0.1223854975691907 53622.413664 53705.308292 45 50 "Minimization exited successfully."
4627 85 0.289717 53649.90762575558 6.952261842258279e-05 3.504539599172931 -0.07223512776956675 0.0 0.36361809151640045 2.688747580757429e-06 0.47880821067698065 0.02175931382550711 227.66121507076605 47.0 -20.017445854274634 0.3416073225693559 53622.390185 53705.283685 25 60 "Minimization exited successfully."
4631 94 0.118538 53635.7488750467 8.782225803993792e-06 5.999999975469379 1.023365509100036 0.0 0.8758815099790809 1.1290483427212061e-06 0.27877123125505765 0.09406697556544619 117.68900117797229 53.0 -15.749954218774608 0.1309216622564051 53622.39708 53705.290893 15 79 "Minimization exited successfully."
4639 90 0.36401 53642.50466660377 2.176912343828552e-05 1.8145496550384301 -0.13454016187597473 0.0 1.0292090641996765 1.9238841823793208e-06 1.044338256471124 0.05249166693006685 44.33736210580269 50.0 -19.320567768653124 0.7212343087130115 53622.405586 53705.299363 20 70 "Minimization exited successfully."
4651 117 0.150687 53648.5939682081 2.628242490524957e-05 -0.2048816970115297 0.5151582516778994 0.0 0.5555438808805775 2.099977832342725e-06 0.6246072653546313 0.05729710515802744 93.26794735306837 67.0 -17.36130450960388 1.0719361650315058 53622.426995 53705.322175 25 92 "Minimization exited successfully."
4669 110 0.140794 53647.579422529074 2.682609392935742e-05 -0.6578048863676837 0.47364844951524065 0.0 0.38036142204873613 1.692460016135544e-06 0.4920888344710659 0.04734171187304381 77.23901032960836 62.0 -17.220147674750358 1.1671203071277603 53616.362029 53704.267557 40 70 "Minimization exited successfully."
4673 105 0.4981 53659.12169864889 1.693113923063039e-05 5.999999940182185 -0.2756610977856987 0.0 0.6846169521959382 6.894358468872995e-07 0.0672451815429227 0.018445996391001807 601.947880554769 59.0 -19.965044954211713 0.12064911203469109 53616.358353 53704.263368 45 60 "Minimization exited successfully."
4676 105 0.24371 53653.04332484853 6.18575345727479e-05 0.7655852493368585 -0.06816051463275752 0.0 0.22120712989999447 1.868813315001328e-06 0.2850042039925462 0.022570430009768494 70.23434006521008 59.0 -19.44425077149605 0.9138217841012164 53616.363225 53704.268469 40 65 "Minimization exited successfully."
4679 110 0.331035 53654.195232070735 2.4552365476857574e-05 0.7947399677702656 0.08914666627028733 0.0 0.6147467316986877 1.7957630861714648e-06 0.7227056006206265 0.047941680763274985 51.81419901794358 62.0 -19.20611114892158 0.9029444657731709 53616.370524 53704.276537 40 70 "Minimization exited successfully."
4682 110 0.400886 53645.963323917844 1.6424765442153435e-05 -0.5972813929008804 0.07743017784281614 0.0 1.0204476664184767 1.2613419316692685e-06 0.9099852554037304 0.07171373686107152 57.62067957846701 62.0 -19.256491782174322 1.1842621091677294 53616.370524 53704.276537 40 70 "Minimization exited successfully."
4690 119 0.198809 53656.934615106875 3.1680964415080614e-05 1.4230166534148383 0.4407013076568824 0.0 0.43358227344288025 2.8382962228756784e-06 0.7183575783364535 0.055578251296499626 73.88007219936239 68.0 -18.228105335401224 0.7803170142793725 53616.401238 53704.308716 40 79 "Minimization exited successfully."
4706 95 0.589746 53679.64517209809 2.2822387727294836e-05 5.999999817783678 -0.2943360059024752 0.0 0.1893499765174056 6.346649708821601e-07 0.054733701234725984 0.008009607826169163 1004.277129356883 53.0 -20.73383453987222 0.12062372359769569 53622.398699 53705.292181 65 30 "Minimization exited successfully."
4737 114 0.464087 53653.555146479055 1.9737826899497437e-05 0.2369701333571772 -0.1358252765409288 0.0 0.6314352164445154 2.1129513900669537e-06 0.8806912952629218 0.060200982902397115 58.14717598870769 65.0 -19.83653070191877 1.019951315666912 53616.391578 53704.298087 40 74 "Minimization exited successfully."
4742 239 0.132938 53646.110552490965 3.3151259515307174e-15 -5.820526470683189 -0.9975148760450336 0.0 70.16700436258543 4.0117281484897125e-07 10.783563184622007 1.9107182326081498 1091.3193852343848 140.0 7.657891217411219 nan 53616.453871 53705.364194 60 179 "Minimization exited successfully."
4757 124 0.435253 53635.02335232717 1.6593199127000745e-05 0.386205431267058 -0.01103193576466166 0.0 1.353301815699524 1.307510279757728e-06 1.1245051860562612 0.08290610994349712 67.01558945250267 71.0 -19.48066152666073 0.984709226962579 53616.404886 53704.312032 15 109 "Minimization exited successfully."
4772 110 0.104714 53659.18206121189 4.844564598781131e-05 5.227835268566599 0.35794260255634125 0.0 0.24129133490714594 2.2019362278680193e-06 0.5088989722573096 0.03025989148289221 324.25115014721615 62.0 -17.23524865304691 0.16005724062945603 53616.435842 53704.344439 40 70 "Minimization exited successfully."
4779 105 0.533743 53652.82718715617 1.2934940442860255e-05 -0.7519311973848977 -0.20602950860919034 0.0 0.9156557237984089 1.5136676706728468e-06 0.8652533300425302 0.05082341482383412 47.00274207742746 59.0 -19.743161065407342 1.2405903006959562 53616.363636 53704.268879 40 65 "Minimization exited successfully."
4808 169 0.34803 53653.60896206804 1.8733425323841368e-05 -0.24521429304752562 0.24492830976734958 0.0 0.8175790883797163 2.660001875442464e-06 1.0677738883527992 0.08495953888709717 97.4142914567993 99.0 -19.040543246169317 1.097595760909396 53616.407287 53704.31461 49 120 "Minimization exited successfully."
4857 110 0.515438 53638.42415290378 1.1578683009196845e-05 0.7388421181790861 -0.2190888347697515 0.0 1.5988770122530696 1.14653095781958e-06 1.5886843373781656 0.06988971174688752 42.93700268536548 62.0 -19.533942005062904 0.9239398159476906 53616.374182 53704.280326 25 85 "Minimization exited successfully."
4864 85 0.135858 53649.72107095336 1.4344163651713871e-05 5.999998261834129 0.5132920200366531 0.0 0.7839203433359216 1.2772218160250762e-06 0.50214614923037 0.08505387304392886 75.93582101175633 47.0 -16.56292203136408 0.1251358375607765 53622.369446 53705.261576 25 60 "Minimization exited successfully."
4866 89 0.3762 53687.44540697744 1.2292913881301049e-05 5.999997136052048 -0.1970916536389553 0.0 0.851531522206642 8.992250274209026e-07 0.7290165155849397 0.045871808322018315 295.6971128089144 50.0 -18.888962077546832 0.1208006361541969 53622.393029 53705.286638 74 15 "Minimization exited successfully."
4927 99 0.501885 53683.73436340077 1.0757220711784532e-05 5.999994166460578 -0.2697513724798034 0.0 1.0407413473367342 7.552720659792505e-07 0.3139816359280978 0.024971586683238123 282.57864818085744 56.0 -19.492149609671642 0.1206582436802961 53623.211556 53704.121386 70 29 "Minimization exited successfully."
