analysis_pipeline/fit_results/sdss_4_salt2_2.4_blue.ecsv
# %ECSV 0.9
# ---
# datatype:
# - name: obj_id
#   datatype: string
# - name: num_points
#   datatype: int64
# - name: z
#   datatype: float64
# - name: t0
#   datatype: float64
# - name: x0
#   datatype: float64
# - name: x1
#   datatype: float64
# - name: c
#   datatype: float64
# - name: z_err
#   datatype: float64
# - name: t0_err
#   datatype: float64
# - name: x0_err
#   datatype: float64
# - name: x1_err
#   datatype: float64
# - name: c_err
#   datatype: float64
# - name: chi
#   datatype: float64
# - name: dof
#   datatype: float64
# - name: b_max
#   datatype: float64
# - name: delta_15
#   datatype: float64
# - name: tmin
#   datatype: float64
# - name: tmax
#   datatype: float64
# - name: pre_max
#   datatype: int64
# - name: post_max
#   datatype: int64
# - name: message
#   datatype: string
# schema: astropy-2.0
obj_id num_points z t0 x0 x1 c z_err t0_err x0_err x1_err c_err chi dof b_max delta_15 tmin tmax pre_max post_max message
[from data line 416]
4639 36 0.36401 53642.735530003905 2.1189722173304837e-05 1.7848998515160934 -0.16846427054856894 0.0 1.2337602171573963 2.374200985711394e-06 1.2006633916107976 0.07398085321862186 26.342062722947958 32.0 -19.288885882217876 0.7504616061229861 53622.405586 53705.299363 8 28 "Minimization exited successfully."
4651 70 0.150687 53648.64530738082 2.654038156615579e-05 -0.5493757803789485 0.5319413035051623 0.0 0.6587579917941184 2.394134527851645e-06 0.8470775865470186 0.09140887687951504 63.824274642919676 43.0 -17.373856143055498 1.1239171262756038 53622.426995 53705.322175 15 55 "Minimization exited successfully."
4669 44 0.140794 53645.11404324617 2.8638439111665638e-05 -1.6047695964555375 1.1997553908449006 0.0 0.7832862714822113 2.181489080815279e-06 0.9832033060330008 2.195233909728756 35.74175873222915 18.0 -17.357135018458905 1.2753883156070707 53616.363687 53704.267557 16 28 "Minimization exited successfully."
4673 63 0.4981 53658.72713871116 1.637920790793057e-05 5.999998946164084 -0.32583962870018457 0.0 0.9288025416753953 7.046401510091281e-07 0.08600257891820373 0.018937677917922335 582.5403099810501 59.0 -19.9044292464211 0.1146685749359655 53616.358353 53704.263368 27 36 "Minimization exited successfully."
4676 63 0.24371 53653.151645140184 6.246346781639822e-05 0.6651173702431219 -0.07251596958847051 0.0 0.2466713923640782 1.9518734691248443e-06 0.2857118271726504 0.030954312049086607 37.42899176447711 38.0 -19.45346753698241 0.9363223888033829 53616.363225 53704.268469 24 39 "Minimization exited successfully."
4679 44 0.331035 53654.426304049484 2.5302792391710406e-05 1.012348492790819 0.19284461324453828 0.0 0.7334268789600173 2.1209379847531013e-06 0.8395091265302423 0.07678180457095474 33.094584766176865 40.0 -19.239902537302846 0.866808035428452 53616.370524 53704.276537 18 26 "Minimization exited successfully."
4682 66 0.400886 53645.98831670109 1.6429579362851054e-05 -0.7351183155778953 0.08262333834377023 0.0 1.0150857370826998 1.2350674308708736e-06 0.9363846075747171 0.07107635825463554 57.50226839040007 62.0 -19.25661672133087 1.192769807210432 53616.370524 53704.276537 24 42 "Minimization exited successfully."
4690 71 0.198809 53657.403566887515 3.113710339403775e-05 1.0192219401384275 0.5781449380282511 0.0 0.6502611788855575 3.685709324313112e-06 0.8669795025981686 0.1049924607012811 38.14612225506606 44.0 -18.217264522507488 0.8502419648101878 53616.401238 53704.308716 27 44 "Minimization exited successfully."
4706 57 0.589746 53679.47148251329 2.1909665668742306e-05 5.999999999887116 -0.3424444576816298 0.0 0.1816733871892211 6.397181172967948e-07 0.07040464810930747 0.007872766343337001 855.0600655539611 53.0 -20.664473611931122 0.11418913575914047 53622.398699 53705.292181 39 18 "Minimization exited successfully."
4737 69 0.464087 53653.60446517816 1.9402769424093915e-05 0.3778649596857555 -0.12196336453296741 0.0 0.6458839398037526 1.895933515925207e-06 0.8615705071403448 0.05480927721464712 57.07291747383323 65.0 -19.816751289536136 0.9894590179089988 53616.391578 53704.298087 24 45 "Minimization exited successfully."
4742 95 0.132938 53640.1498754257 2.11796131049824e-06 -5.999991866105804 -0.9999998923116821 0.0 2.548884909487242 1.2080170069217467e-06 1.1293263681888335 1.7734376954430142 81.87630652284116 44.0 -14.361260036056422 nan 53616.45553 53705.364194 16 79 "Minimization exited successfully."
4757 75 0.435253 53635.03828827406 1.6670384491078717e-05 0.1682172555322312 -0.012471790994910581 0.0 1.4417453147216293 1.31020607097576e-06 1.1282048410035612 0.0850225586046896 67.08960812541999 71.0 -19.484715321198884 1.02256259080686 53616.404886 53704.312032 9 66 "Minimization exited successfully."
4772 44 0.104714 53659.74220365441 5.110557903666657e-05 5.99999997716399 1.199999970180384 0.0 0.2870034176557965 1.4070279503536356e-06 0.34298655780540255 0.2388766324037408 51.7909884441401 18.0 -17.404044681622864 0.16396412816056483 53616.4375 53704.344439 16 28 "Minimization exited successfully."
4779 63 0.533743 53652.701219303766 1.3327077656244412e-05 -1.1170701671758945 -0.18064471686822514 0.0 0.8560632634325884 1.4825031873333392e-06 0.8159791059881139 0.05212711442745799 46.32149862334138 59.0 -19.774293756276116 1.2950403739613172 53616.363636 53704.268879 24 39 "Minimization exited successfully."
4808 68 0.34803 53653.55570087811 1.827995429777296e-05 -0.02993880977179053 0.3112124219786343 0.0 1.0082496868235467 3.0039122105901543e-06 1.2714833715420277 0.14279371517145767 63.05452842664667 64.0 -19.016283010632453 1.0415335912619135 53616.407287 53704.31461 20 48 "Minimization exited successfully."
4857 66 0.515438 53638.19952932227 1.1796625964357598e-05 0.1542167844211626 -0.23866476337060105 0.0 1.3333094704248651 1.0774802202900843e-06 1.3188856736899068 0.06002031924644913 42.75371213602067 62.0 -19.552322696759507 1.0359583426796881 53616.374182 53704.280326 15 51 "Minimization exited successfully."
4864 34 0.135858 53648.470821557894 1.7678189169147983e-05 5.999999989765698 1.199999752660109 0.0 0.003418655374844093 1.5279478498386724e-06 1.7339791673150646 1.7515211597063374 13.071495487078913 13.0 -16.861618247756518 0.1639641206531408 53622.371104 53705.261576 10 24 "Minimization exited successfully."
4866 36 0.3762 53687.56912150086 1.2348857307309391e-05 5.999999998661458 -0.22604417832358525 0.0 0.7559291727338859 1.0900204114128178e-06 0.5482430236806932 0.05591998289201616 274.82566365365335 32.0 -18.870673510709445 0.1175982770492503 53622.393029 53705.286638 30 6 "Minimization exited successfully."
4927 60 0.501885 53682.9611150907 1.0258887217863278e-05 5.999999999454726 -0.33512199908979556 0.0 0.8591204994918371 7.675531814482773e-07 0.26044539993500226 0.025948643748866962 264.72231034498094 56.0 -19.416401046910455 0.11440024593841258 53623.211556 53704.121386 42 18 "Minimization exited successfully."
4928 42 0.125181 53650.50033029337 1.5025472764066406e-05 5.999982334769241 -0.9602044225609276 0.0 0.576564401093492 5.176290348253843e-06 7.407489995104593 2.027747498992817 50.83412697899869 17.0 -16.42321058077432 0.09830571176532743 53616.231523 53704.13038 14 28 "Minimization exited successfully."
4968 60 0.180827 53671.26781602357 3.293992715112437e-05 5.999999996403444 0.22992691864418613 0.0 0.6549950097032706 1.0237047863165238e-06 0.13321742414889748 0.05102179773192406 111.77927401149108 36.0 -18.125464186360812 0.13176868325927416 53623.177828 53704.087139 30 30 "Minimization exited successfully."
4969 41 0.305176 53654.616618663786 1.9083593914415166e-05 0.29814631225585764 0.12981534784402626 0.0 1.0508334612677572 2.1806744951047285e-06 1.2040985336768744 0.1233026345029885 45.89983637199502 37.0 -18.726728827351156 0.9920729256937335 53616.274355 53704.176216 16 25 "Minimization exited successfully."
4978 44 0.28063 53657.03300550114 2.7457319013509675e-05 -1.154162594518703 0.004942752816507356 0.0 0.6390346888292697 1.7598657913509012e-06 0.5205496592811176 0.08147443456083903 24.53181877304893 40.0 -18.909824391810652 1.289075880342459 53616.286336 53704.188203 20 24 "Minimization exited successfully."
4986 42 0.266426 53660.205534559 1.6287688503396902e-05 5.999999770026552 -0.34270001495848945 0.0 0.858169632301724 9.89962819197278e-07 0.2618336183875698 0.07294659271323523 282.9055379128652 38.0 -18.30257360742738 0.11418178712230898 53616.3102 53704.213011 20 22 "Minimization exited successfully."
5017 75 0.548834 53659.861215073186 1.2912253846405485e-05 0.5680992734762089 -0.597034584446571 0.0 0.4054117394989589 9.979863275877406e-07 0.13420016789504707 0.02098118419550743 343.5656040460371 71.0 -19.83062960954605 0.9733932345718159 53616.404478 53704.312047 27 48 "Minimization exited successfully."
5039 42 0.081389 53653.40018890755 3.108954163690947e-05 4.622657817875009 1.199983894613173 0.0 0.7579872632340994 4.099764093734025e-06 1.590002093892041 1.3547747892952051 40.14737931080077 17.0 -16.223115856571454 0.22652289181547758 53616.264826 53704.164669 14 28 "Minimization exited successfully."
5103 62 0.160592 53654.53073858077 0.00011998370962386651 -0.23147123575226125 0.04077899864106982 0.0 0.1479982043565542 2.1250025049190872e-06 0.15263738930803195 0.02075112262522527 45.800513693693226 38.0 -19.148779442403097 1.094863783455743 53616.311825 53704.214767 26 36 "Minimization exited successfully."
5104 63 0.212305 53654.35401558852 1.3110303712247085e-05 5.999999963257107 0.32451411052021895 0.0 0.892876085210446 8.605550282730908e-07 0.5383801212220352 0.11329012919599002 100.40224558798336 38.0 -17.51900998446645 0.13484221610058 53616.315106 53704.218185 27 36 "Minimization exited successfully."
5114 66 0.563293 53609.639735150755 1.2287491697889896e-05 -0.2487175624364113 -0.7276880470333635 0.0 0.40371889945527073 1.8710033078350726e-06 0.07670782271996135 0.02812657098088356 300.06841185301437 62.0 -19.853098615846413 1.1379185199140558 53616.246528 53704.147151 0 66 "Minimization exited successfully."
5141 60 0.441746 53662.80719519141 1.0587843958255183e-05 5.999999410724325 -0.3066557062303903 0.0 0.8368240314739523 8.026903864372109e-07 0.3349003296570787 0.040485498660556785 165.88686708297064 56.0 -19.117986244237798 0.11522533894666864 53616.271437 53704.172853 27 33 "Minimization exited successfully."
5144 23 1.930889 nan nan nan nan 0.000729 nan nan nan nan nan nan nan nan nan nan 0 0 "No bands in data overlap the model."
5172 60 0.156791 53646.721044773614 1.8675919956372413e-05 5.999985454156528 0.2106316463800837 0.0 0.9395851669760305 1.0059076115942484e-06 0.5560036315171475 0.0854318396161271 49.53105810795628 36.0 -17.166526662393508 0.1311469572559929 53616.283014 53704.184842 21 39 "Minimization exited successfully."
5183 68 0.389088 53647.292671673604 1.6718036493241773e-05 0.4556312359029526 -0.03776930592981864 0.0 1.0606522621055774 1.4258239424891342e-06 1.0631990302511176 0.06027463374280945 48.02211417250216 64.0 -19.19921508404756 0.9717945273644553 53616.456663 53704.366275 20 48 "Minimization exited successfully."
5194 142 0.774511 53663.30400056599 9.255908212179032e-06 5.999992761893967 -0.5637273192921819 0.0 0.8657591789888102 7.054853654520077e-07 0.14448382426144768 0.05972368675947026 284.70334400509137 90.0 -20.461136812498033 0.1080411731704487 53616.40768 53705.315503 48 94 "Minimization exited successfully."
5199 62 0.220456 53651.51704369358 3.578158537278054e-05 0.621695982702251 0.08650453548058445 0.0 0.5473723897412128 1.953890108458145e-06 0.576867998567276 0.06094492933669793 38.551060834004694 37.0 -18.602227572575142 0.9372571172457178 53616.281387 53704.183051 21 41 "Minimization exited successfully."
5209 42 0.28274 53639.54613379067 1.0156334990375494e-05 1.378670523696588 0.14185100770766312 0.0 2.0113967860670527 1.489491431014844e-06 1.7486283273720042 0.18643157674066002 38.91168337891773 38.0 -17.85170656078413 0.8082969144444334 53616.311846 53704.214705 14 28 "Minimization exited successfully."
5218 0 3.774721 nan nan nan nan 0.001045 nan nan nan nan nan nan nan nan nan nan 0 0 "Empty table passed to fit_lc."
5230 83 0.320475 53649.22254104746 2.2653026972345725e-05 0.6733678703608064 0.1425449032180166 0.0 0.7204652180953417 1.697927466446924e-06 0.733441958272532 0.08020074932869548 82.45886583778613 79.0 -19.036618468485457 0.9259617049391231 53616.242368 53705.144098 26 57 "Minimization exited successfully."
5233 65 0.215864 53651.2605866394 2.178302179154379e-05 4.099883632372258 -0.04849745501475533 0.0 0.7232122956993408 1.9255440472221164e-06 1.1300922355271545 0.07535187447266894 47.760658706157294 40.0 -18.0333950941856 0.2718323645933758 53616.2457 53704.146277 21 44 "Minimization exited successfully."
5235 60 0.250714 53649.551647270186 3.808067696307815e-05 -0.6437244410842684 0.1751592825398678 0.0 0.4624054144587717 1.7767994191408846e-06 0.4050696804988214 0.06138801303111108 53.0460201526006 56.0 -18.986755109589634 1.167637855495272 53616.24903 53705.14762 20 40 "Minimization exited successfully."
5247 42 0.375936 53656.49323964539 2.4962762228438742e-05 -0.3629207573159059 -0.08248364644640238 0.0 1.1853089667929453 4.505752626701719e-06 1.3120061758360202 0.11206169889674095 37.73805850321262 38.0 -19.546096544738624 1.1277749144782874 53616.375811 53704.281567 16 26 "Minimization exited successfully."
5252 69 0.783297 53657.53669466544 9.812839287178798e-06 5.99996947237813 -0.13282899646113178 0.0 1.8032098227886308 9.528470718189739e-07 0.5160295685487917 0.10974540595993504 113.983937052982 42.0 -20.546357430882903 0.12040638438943319 53616.387943 53704.293449 27 42 "Minimization exited successfully."
5286 69 0.184077 53641.91472842826 6.83007391167445e-06 5.999999368818926 0.8633083007927209 0.0 2.1183331694774097 1.3210863089746501e-06 0.9582327094127567 0.25962854396533364 72.5714389565128 42.0 -16.50970482231167 0.15277489365745112 53616.422591 53704.330573 18 51 "Minimization exited successfully."
5290 66 0.772417 53658.72031633962 7.3429913280187446e-06 5.999999994333253 -0.6441689220454152 0.0 1.6046672329066496 9.259288357699182e-07 0.8626479134239764 0.09855323348897899 68.07553715190045 40.0 -20.206280040824854 0.1059248502630652 53616.433033 53704.340671 24 42 "Minimization exited successfully."
5318 72 0.625591 53679.62769967068 1.526863825765612e-05 5.383771674911365 -0.3120327302603092 0.0 0.30743762433121447 1.0601954774391858e-06 1.2649581364364355 0.017580322447921404 734.6766204350533 68.0 -20.40466948428136 0.1498994140660237 53622.43746 53705.333175 54 18 "Minimization exited successfully."
5339 32 0.13695 53652.884277959325 1.884560833282478e-05 2.197029194107076 -0.9999969092875618 0.0 0.7026458312757313 2.8570941670585925e-06 1.4425385470483008 1.3798493184888887 25.311379477053713 12.0 -16.813372865721163 0.6976981582500379 53622.178328 53705.064077 10 22 "Minimization exited successfully."
5340 48 0.192595 53643.599117494734 8.903121771460909e-05 0.05593334327535526 0.10386513781914375 0.0 0.2922404283708602 2.3302914916267816e-06 0.3181451007997298 0.03177849304293723 472.08718624159286 28.0 -19.262705310143673 1.0372636505150794 53622.177519 53705.064503 12 36 "Minimization exited successfully."
5350 47 0.17431 53658.62002709438 7.460606773049939e-05 -0.6662573250109407 0.050569636133696916 0.0 0.3094137181469705 2.590176794528555e-06 0.31836871234607544 0.03845799366864466 16.603891774477905 27.0 -18.8291793016546 1.1807584278988479 53622.177972 53705.065338 18 29 "Minimization exited successfully."
5378 48 0.250112 53658.98009896417 7.12884378275369e-05 -0.6477189252948996 -0.3029373896549826 0.0 0.290808561087033 1.8080769764405825e-06 0.22963715813277297 0.028011404656272942 940.3074006268292 44.0 -19.66438851042787 1.1996270652670908 53622.428208 53705.323002 16 32 "Minimization exited successfully."
5391 52 0.300212 53658.65020876532 2.7912878501012983e-05 0.6302153128406882 0.11948608416039952 0.0 0.6151569127578114 1.8726241530031547e-06 0.65354333868697 0.07622518113785393 57.32663963717782 48.0 -19.098501483649244 0.9343665428408165 53622.467206 53705.364161 18 34 "Minimization exited successfully."
5395 50 0.116348 53663.90554033619 0.00023524291473790539 1.542430213218922 0.22058050657833372 0.0 0.22465849009677186 2.040184886120344e-05 0.2749905288538761 0.6041183244891115 14.920292977256597 21.0 -19.12205592328211 0.7790737043367066 53622.461632 53705.356673 20 30 "Minimization exited successfully."
5461 77 0.114578 53652.99301782689 1.553102347105262e-05 5.999999999721405 1.199999999997556 0.0 1.413517291242897 1.0590878998523184e-06 0.4969601818396274 0.20352032320313418 151.51726287770597 35.0 -16.320738494510493 0.1639641284804938 53622.231169 53705.117529 22 55 "Minimization exited successfully."
