analysis_pipeline/fit_results/sdss_4_salt2_2.4_blue.ecsv
# %ECSV 0.9
# ---
# datatype:
# - name: obj_id
#   datatype: string
# - name: num_points
#   datatype: int64
# - name: z
#   datatype: float64
# - name: t0
#   datatype: float64
# - name: x0
#   datatype: float64
# - name: x1
#   datatype: float64
# - name: c
#   datatype: float64
# - name: z_err
#   datatype: float64
# - name: t0_err
#   datatype: float64
# - name: x0_err
#   datatype: float64
# - name: x1_err
#   datatype: float64
# - name: c_err
#   datatype: float64
# - name: chi
#   datatype: float64
# - name: dof
#   datatype: float64
# - name: b_max
#   datatype: float64
# - name: delta_15
#   datatype: float64
# - name: tmin
#   datatype: float64
# - name: tmax
#   datatype: float64
# - name: pre_max
#   datatype: int64
# - name: post_max
#   datatype: int64
# - name: message
#   datatype: string
# schema: astropy-2.0
obj_id num_points z t0 x0 x1 c z_err t0_err x0_err x1_err c_err chi dof b_max delta_15 tmin tmax pre_max post_max message
[from data line 207]
2335 70 0.18313 53682.63066444839 3.2660074562962384e-06 3.410175297736947 0.8422772901564453 0.0 4.83535138310981 1.4971128855623126e-06 9.028893477820334 0.4243925721439348 58.16216854718992 43.0 -15.600469583657116 0.3764706314554047 53616.398008 53704.304929 54 16 "Minimization exited successfully."
2347 62 0.4023 53624.91069007915 1.679006644546788e-05 -3.439127629634198 -0.011779444769191572 0.0 2.464607932524814 1.5771287406651802e-06 1.6627881930610324 0.11373117606438843 84.04598877760891 58.0 -19.287721523554033 1.977763229254311 53623.204827 53704.114535 3 59 "Minimization exited successfully."
2350 60 0.203791 53638.025958341466 1.7543257433331184e-05 5.649322812905869 0.14816648333670868 0.0 1.2524235315395345 2.1651223007596046e-06 2.362611744333295 0.0932062185950745 60.65901270620436 36.0 -17.713371022020528 0.14540102084830764 53616.273528 53704.174931 18 42 "Minimization exited successfully."
2360 63 0.405 53655.74508019527 1.793474122097516e-05 5.9999999949505955 0.0863994426387158 0.0 0.8543196750688367 1.0117739991927233e-06 0.24577810642947284 0.11141881748227406 167.41552072928573 38.0 -19.46834134036519 0.12718260887737998 53616.329854 53704.232678 27 36 "Minimization exited successfully."
2361 62 0.152364 53626.83669610181 1.0887929528962115e-05 5.999999944788961 1.0082100316033444 0.0 1.499683795216697 1.398440419346225e-06 0.5109084796134402 0.1425731609687555 58.388812939956026 38.0 -16.580370032252695 0.15761735790768228 53616.332714 53704.23692 8 54 "Minimization exited successfully."
2372 69 0.179585 53636.94505369722 9.836894139558683e-05 0.35462767195283185 0.03316793526450312 0.0 0.25599475099807023 1.952667492992056e-06 0.27400172738023754 0.0223923933838307 53.44194415756206 42.0 -19.201701502140295 0.9866009928841493 53616.421781 53704.329747 12 57 "Minimization exited successfully."
2405 40 0.13232 53656.33539505343 1.8562537512036846e-05 5.999999399955469 1.199999752727805 0.0 1.0401787845949002 1.1922439968448113e-06 0.3292007767425993 0.2805042901666195 119.45870602097284 16.0 -16.852331516058143 0.16396413787936837 53616.348639 53704.251425 16 24 "Minimization exited successfully."
2420 63 0.405 53646.748643324 2.6619498914317585e-05 5.999999992593036 -0.06358889281475999 0.0 0.9195001648804464 1.0631124376642154e-06 0.06803948575377117 0.08982391354773556 264.84105243899893 38.0 -19.894226182644992 0.12251209637866367 53616.310184 53704.212228 24 39 "Minimization exited successfully."
2422 42 0.263492 53639.514912373445 5.4838545066864256e-05 1.1965882510600458 -0.15605009448688645 0.0 0.3587984269797744 1.5963478513469933e-06 0.3497363940641396 0.03214005644049034 40.23446982726892 38.0 -19.50680429749796 0.848253960776784 53616.317565 53704.220748 14 28 "Minimization exited successfully."
2423 62 0.187286 53635.89443618013 4.7643706065820805e-05 5.999988716557745 0.04679234965772894 0.0 0.4416841093407129 8.960944122171626e-07 0.5334148024671546 0.03147959190514393 132.6600797360286 37.0 -18.60483500319177 0.12593665146905408 53616.335963 53704.239951 14 48 "Minimization exited successfully."
2437 47 0.258478 53637.032490873855 2.1152182390800078e-05 0.9766262082591552 -0.2823827140036389 0.0 0.9950726179631602 1.5450036779957043e-06 1.1582904075807043 0.07391428086610735 45.23446373394364 43.0 -18.42736715927571 0.8899285901378988 53616.396803 53704.303646 8 39 "Minimization exited successfully."
2440 68 0.19029 53634.83353290376 8.56010840073873e-05 0.4217464850489403 -0.06337635199926683 0.0 0.29984992199388216 2.1824359891747764e-06 0.32748087796652525 0.026980940651728902 45.789479128950106 42.0 -19.190717255272382 0.9789732036591836 53616.42739 53704.335681 9 59 "Minimization exited successfully."
2443 38 0.088459 53616.84292926383 2.7898351776000086e-05 -2.847479747358002 -0.999989669053275 0.0 0.01082417341240216 6.004338765949192e-06 2.0400939837431697 1.9062951874791145 67.0766900260038 15.0 -16.213714120950478 1.893475982497982 53622.268037 53705.155158 0 38 "Minimization exited successfully."
2460 40 0.087033 53635.62268775999 1.0028051474264553e-06 -5.99999376568023 -0.9999999975515346 0.0 4.34835795878098 2.5311297884705876e-06 2.068019219812649 2.1750302581829972 109.00974447905965 16.0 -12.562767076066038 nan 53622.280104 53705.167215 6 34 "Minimization exited successfully."
2481 60 0.145789 53630.153800438966 2.425274432764857e-05 5.8871665968987195 0.3619147929089108 0.0 2.130402868733654 2.3260548902726007e-06 8.952586319044155 0.0865193423435563 49.81650695468569 36.0 -17.279697795726342 0.14069731511431627 53622.275952 53705.165057 6 54 "Minimization exited successfully."
2488 54 0.169735 53633.69266787189 1.4277392362543884e-05 5.999999885212969 0.17026053900119376 0.0 1.6693174138308677 1.1432666849098273e-06 1.644883492804503 0.12658888604694996 52.14267167980769 32.0 -17.063163809805705 0.12984981260038708 53622.213097 53705.100366 9 45 "Minimization exited successfully."
2532 38 0.267696 53635.894941683546 3.499397236342183e-05 0.8805968297895594 -0.062384743753923444 0.0 0.5989520880757482 2.387149928272379e-06 0.7039021294575454 0.06775485997673814 36.07922100982828 34.0 -19.057081839594602 0.8986699937349236 53622.40113 53705.294723 6 32 "Minimization exited successfully."
2533 36 0.338803 53640.34705769702 3.252851528383727e-05 1.6479043874173307 -0.11271247390449524 0.0 0.7060277939890511 2.3820893186282672e-06 0.8139281508962362 0.055077793638628525 16.441834370138917 32.0 -19.570705332151874 0.7716908337171091 53622.410438 53705.30488 6 30 "Minimization exited successfully."
2539 60 0.437692 53620.97714029692 1.6442522721801244e-05 0.5844222926266909 -0.09996063293800306 0.0 5.798743462561106 2.5191213100611572e-06 2.0813037827042744 0.10954552793030287 44.38584915163641 56.0 -19.485016977987296 0.9516117325591118 53622.270127 53705.158616 0 60 "Minimization exited successfully."
2545 57 0.239367 53641.66938700104 2.597703811704988e-05 5.006383496444725 0.13503424389270435 0.0 0.6410178195001208 1.6608157656755602e-06 1.0275644106147528 0.0639665228644064 41.02695807867623 34.0 -18.50889347610657 0.18424596630108425 53622.397472 53705.290956 15 42 "Minimization exited successfully."
2547 38 0.096588 53645.34497193785 3.8475889141409425e-14 -2.6723113131626968 0.6424527896310648 0.0 67.38229614450756 1.7671447273893694e-05 7.564553714073964 1.1470435530551841 84.92048377683507 16.0 5.760159340429482 1.6034116442073127 53622.308727 53705.197124 11 27 "Covariance may not be accurate. Covariance not positive definite. Covariance forced positive definite."
2550 57 0.405 53607.31450416887 1.0366302871096523e-05 5.999996071449209 0.8288001457964127 0.0 2.1462793999344285 2.2649700472848756e-06 1.6089848079423383 0.29216773637165194 95.71839716655728 34.0 -18.923881257883412 0.15161880754469337 53622.314501 53705.203995 0 57 "Minimization exited successfully."
2551 38 0.247554 53621.436227518556 2.1579962643595297e-05 5.52556961589031 -0.1311554368250708 0.0 2.539921000487084 2.1248840570819994e-06 2.5049207581322643 0.10632389492350358 39.235798916973145 34.0 -18.40567606349639 0.14504679926849207 53622.319037 53705.209528 0 38 "Minimization exited successfully."
2556 35 0.102927 53621.17894564706 1.2829367102227262e-05 5.999999235293124 1.1999985983593708 0.0 0.015630859066732228 2.023883394776105e-06 8.395392717915437 1.662468871569009 21.324456175360876 14.0 -15.863382879629519 0.1639641047993763 53622.337151 53705.226621 0 35 "Minimization exited successfully."
2561 48 0.117406 53639.48981014583 0.0001665652190919198 0.20445171747374147 0.19170034460731245 0.0 0.4124446984678798 2.4778194510591823e-05 0.39020319342234266 1.6039161434038967 35.0444347486232 20.0 -18.766493574598414 1.0057156252382882 53622.45279 53705.347479 8 40 "Minimization exited successfully."
2569 60 0.209761 53635.70401458147 1.5421434711273553e-05 5.999997162625904 0.47957833288770924 0.0 1.6339513210114092 1.3576504862766747e-06 0.8484404959700091 0.14101800984825874 58.79232678437259 36.0 -17.67550756573111 0.13994909714452675 53622.300024 53705.189911 9 51 "Minimization exited successfully."
2571 57 0.241983 53626.616021781025 2.0622623292140262e-05 -0.36630892414735694 0.2694872392973846 0.0 1.9511946533748414 2.1745584524535124e-06 1.8211882030609543 0.14120992975430213 34.32511472055008 34.0 -18.23570516051852 1.1068291852604943 53622.309534 53705.199326 3 54 "Minimization exited successfully."
2582 34 0.069291 53635.8401567868 2.0561950227090398e-05 5.99999881360149 1.1999998910218022 0.0 0.9306657801571419 1.3190562673703885e-06 0.20069789321065468 0.14876149440765452 96.68732257753815 13.0 -15.465580271446584 0.16396415954152488 53622.362524 53705.253126 6 28 "Minimization exited successfully."
2615 34 0.055356 53636.14607796154 2.0936850281723097e-05 5.99999998896754 1.1999989315527406 0.0 0.9569723219938169 1.3452090331067536e-06 0.19995127449516215 0.11513995072953964 132.86184805818928 13.0 -14.975922309751592 0.1639640937261433 53622.359678 53705.250081 6 28 "Minimization exited successfully."
2629 58 0.221876 53620.256604864255 4.909481775366764e-05 -1.1405015684449094 0.16865951104368104 0.0 0.005677909019141225 2.5073107894624247e-06 0.6050582284653894 0.07171135653885463 49.7307033905444 36.0 -18.96144232745879 1.272745117862769 53622.397084 53705.290877 0 58 "Covariance may not be accurate."
2630 46 0.349599 53632.99151039442 2.8273703888369583e-05 0.5832566162804493 -0.14458578485074292 0.0 0.7259223286891938 2.1189220897910315e-06 0.927359657537361 0.04986947556476318 37.44348672122979 42.0 -19.49744843350921 0.9536417308719862 53622.42135 53705.316253 4 42 "Minimization exited successfully."
2632 49 0.295151 53632.92183346239 2.9520895291307302e-05 -0.007705546991357615 0.04050909157188842 0.0 0.5919813648361014 1.946556984517842e-06 0.8551313462585735 0.067349016116729 48.7851176520187 45.0 -19.11548171939714 1.0524311273079903 53622.449139 53705.345301 4 45 "Minimization exited successfully."
2635 51 0.143104 53640.99718621146 0.00010266742184819045 1.7127813236561504 -0.9999929060310778 0.0 0.22477721803443274 2.072759519499143e-06 0.2592904394829145 0.2949358733172327 59.67447678266802 22.0 -18.75704222030275 0.7811800731488283 53622.470068 53705.364998 10 41 "Minimization exited successfully."
2639 65 0.214887 53638.42144473114 8.257139844705774e-05 0.6038202950506246 -0.01789844618862635 0.0 0.001644829553697491 1.9689556874702405e-06 0.27651341485352443 0.031799696190633664 57.817189866476426 40.0 -19.447140370117477 0.9447946854037248 53616.230267 53704.130426 18 47 "Minimization exited successfully."
2666 32 0.056906 53640.43641258422 1.5210657115104499e-05 5.9999999830469175 1.1999999108893946 0.0 1.859863329162181 2.059116306633024e-06 0.3761266689075349 0.27515630390047097 70.32231092653316 12.0 -14.691417497297483 0.1639641260427318 53622.344943 53705.23432 8 24 "Minimization exited successfully."
2667 37 0.094191 53608.263096971226 0.0001427209754814207 -5.999939133537355 -0.9999997251424704 0.0 0.8171901764035283 5.4116358077715985e-05 2.216036198972538 1.6123732646941236 58.61712799716513 15.0 -18.12829007355387 nan 53622.316562 53705.205299 0 37 "Minimization exited successfully."
2689 51 0.160352 53636.72803125674 0.00013179078615639385 1.3605326144376146 0.07672476420859908 0.0 0.18885438646975672 2.90855804693068e-06 0.2326302067803767 0.022543186279804006 133.5079417470732 30.0 -19.24868042865992 0.8134081972189193 53622.393431 53705.286654 9 42 "Minimization exited successfully."
2699 36 0.045116 53624.13792133258 1.5685489614859493e-05 5.999745014787091 1.1999661412877032 0.0 0.007340122221648926 1.6885158577223398e-06 7.610646741421672 1.5053688137187433 34.157952993395185 14.0 -14.20196766973675 0.16397046440104646 53622.405221 53705.29767 2 34 "Minimization exited successfully."
2718 34 0.287559 53633.474459683624 2.3514367260840665e-05 0.3434816953108015 -0.033667672662293535 0.0 1.1776330739339755 2.45135214326675e-06 1.4721494971794349 0.09970403654218724 33.83599721006493 30.0 -18.803402536435282 0.9916932402565131 53622.383274 53705.276501 4 30 "Minimization exited successfully."
2722 36 0.015648 53639.350792916404 8.216970727501493e-06 5.99998139704261 1.1999996797694652 0.0 2.4215016669950273 1.1556057235423413e-06 1.6239807182440646 1.708355625595586 22.986919854611525 14.0 -11.152588442415649 0.16396466122162323 53622.393866 53705.285413 8 28 "Minimization exited successfully."
2734 49 0.302007 53641.421477780445 6.140920562725528e-05 2.568529521285482 -0.04089249533558792 0.0 0.322247695610713 1.817639175286097e-06 0.39213211793295333 0.028493055142991552 98.78680529805578 45.0 -19.97169163528747 0.6135523601796216 53622.456367 53705.35245 8 41 "Minimization exited successfully."
2744 42 0.033619 53645.84074667461 0.00023929431404204115 0.5046596534262724 1.199999659695238 0.0 0.11150113146504737 2.6701434238157653e-06 0.11948068101432652 0.06928200624742265 492.8375259367723 17.0 -16.39249869450566 0.9011209762078742 53623.206068 53704.114092 12 30 "Minimization exited successfully."
2746 50 0.118293 53637.4181385322 4.9920749787160104e-05 5.999999958158011 1.1999995030533248 0.0 0.004293322672310751 1.3324016505394948e-06 0.17571431645672142 0.2653613923895677 71.62294351861345 21.0 -17.663095722106586 0.16396411338359584 53616.407728 53704.313375 10 40 "Minimization exited successfully."
2766 69 0.149336 53619.54064962417 0.00012192489147446529 -0.4670856298712325 0.04009570995393252 0.0 0.40459814053974696 2.8733283929410864e-06 0.3685020759653055 0.02583945390077258 118.59551140848937 42.0 -18.99284604666157 1.1410953062012545 53616.454677 53704.364139 3 66 "Minimization exited successfully."
2784 68 0.398676 53636.338232512586 2.1537580418882208e-05 0.7140562369678038 -0.036982444957087246 0.0 1.0979951211666048 1.2135209985725261e-06 0.915454138208772 0.058380681773594734 49.61148617908355 64.0 -19.536955153661456 0.9263787045554643 53616.388338 53704.294733 12 56 "Minimization exited successfully."
2789 41 0.288898 53636.52242512974 3.700811838221574e-05 -0.7916542006463452 -0.08334433203602476 0.0 0.5448005443395232 1.9188567893219083e-06 0.5704109831949884 0.061874237845779056 47.82470158327023 37.0 -19.30699054649191 1.2161455161250068 53616.268549 53704.169823 10 31 "Minimization exited successfully."
2793 74 0.043219 53632.908240244025 3.794332014304791e-05 5.8459885093449735 1.1999986781480416 0.0 0.8718304476678895 1.7882413592501524e-06 1.2948111156321138 0.0870261051779675 245.47866976304314 33.0 -15.057546318636277 0.16878845913358376 53616.339667 53705.243309 10 64 "Minimization exited successfully."
2799 47 0.375668 53620.28556750816 2.07855496037479e-05 -1.6212102020244155 -0.07549889021082512 0.0 2.051440904760966 2.8079187392282535e-06 1.6693626626333824 0.11145250420768321 32.61824878758684 43.0 -19.344742458220786 1.4068208782668918 53616.394387 53704.301094 2 45 "Minimization exited successfully."
2808 46 0.313378 53627.87803151109 3.2215092450867954e-05 0.7845341958447776 -0.10429626070328613 0.0 0.6120568436635949 1.8184353057515434e-06 0.6571357214277578 0.049582311361805353 34.78771457516544 42.0 -19.361942859707376 0.9167943623408235 53616.451061 53704.360407 4 42 "Minimization exited successfully."
2813 46 0.066556 53685.10426400184 1.6262737443372143e-05 5.345724794700974 1.1999997331717358 0.0 1.5186105181564926 2.4093074173475724e-06 1.9821997034368604 1.985489376135281 146.85887127818404 19.0 -15.0896092783793 0.1876986634264739 53616.426634 53704.333595 36 10 "Minimization exited successfully."
2855 48 0.243729 53643.75082348953 5.568191647204568e-05 0.784316052357303 -0.04538018134600186 0.0 0.4809373290918302 2.5064676707181606e-06 0.45552020212407784 0.0515775503729245 20.845896806586026 28.0 -19.328831140600947 0.9145633173307814 53622.369848 53705.262034 12 36 "Minimization exited successfully."
