analysis_pipeline/fit_results/sdss_4_salt2_2.4_blue.ecsv
# %ECSV 0.9
# ---
# datatype:
# - name: obj_id
#   datatype: string
# - name: num_points
#   datatype: int64
# - name: z
#   datatype: float64
# - name: t0
#   datatype: float64
# - name: x0
#   datatype: float64
# - name: x1
#   datatype: float64
# - name: c
#   datatype: float64
# - name: z_err
#   datatype: float64
# - name: t0_err
#   datatype: float64
# - name: x0_err
#   datatype: float64
# - name: x1_err
#   datatype: float64
# - name: c_err
#   datatype: float64
# - name: chi
#   datatype: float64
# - name: dof
#   datatype: float64
# - name: b_max
#   datatype: float64
# - name: delta_15
#   datatype: float64
# - name: tmin
#   datatype: float64
# - name: tmax
#   datatype: float64
# - name: pre_max
#   datatype: int64
# - name: post_max
#   datatype: int64
# - name: message
#   datatype: string
# schema: astropy-2.0
obj_id num_points z t0 x0 x1 c z_err t0_err x0_err x1_err c_err chi dof b_max delta_15 tmin tmax pre_max post_max message
[from data line 104]
1461 77 0.33986 53629.14722973757 2.43918508751384e-05 0.3001319528784254 0.0011444260580468768 0.0 0.7898987985718122 1.4578333000808679e-06 0.7718443245244098 0.0561487439108761 54.03262947863082 73.0 -19.264115749079924 0.9978919867873159 53616.378224 53705.285413 10 67 "Minimization exited successfully."
1464 39 0.288787 53620.87054025066 3.4923169984241165e-05 -1.5834760336763836 -0.03076081461269653 0.0 0.0063390629657078534 2.339819760886484e-06 0.7821291233024703 0.09321590183367351 25.298860185020956 35.0 -19.242413683702765 1.3932866690593038 53622.397479 53705.290925 0 39 "Covariance may not be accurate."
1469 39 0.086745 53652.20767156215 1.706623562459764e-05 5.99999914183649 1.1999999877961098 0.0 0.9520454883931961 1.0722696865828047e-06 0.3500041204413753 0.3575591869297059 187.0863561734858 35.0 -15.777703333108185 0.16396415313250756 53622.402784 53705.295161 12 27 "Minimization exited successfully."
1470 79 0.08672 53601.38954429889 5.642522357935942e-05 4.573207944891108 1.1999999824056817 0.0 0.21347784920726554 2.530327959670453e-05 9.48961483198039 0.049532411761465056 727.6736426755833 75.0 -17.01418487354121 0.22971187166065477 53616.391202 53705.297278 0 79 "Minimization exited successfully."
1478 56 0.200911 53607.41449445213 7.931682442402832e-05 3.5295209225144717 -0.17594010990425757 0.0 0.5064043848142319 9.873145261328213e-06 1.2158936832627596 0.05624729973918535 61.82879939932581 52.0 -19.24974955166094 0.3900110226834492 53622.414475 53705.305805 0 56 "Minimization exited successfully."
1495 67 0.204013 53621.17997552055 1.6737380804939806e-05 1.37870954043548 0.588131338242911 0.0 0.01173151232796954 1.7282308649113617e-06 1.548783977128255 0.13429935699104456 60.39010583537543 63.0 -17.607143721117964 0.7927222631547757 53622.425778 53705.32052 0 67 "Minimization exited successfully."
1504 92 0.316373 53620.52501458122 2.361704560994604e-05 5.792467461366268 0.10058934611005199 0.0 0.00041916472764569335 8.664589764597053e-06 2.6618389595227505 1.6221645440386574 197.85782395434387 88.0 -19.1297853702014 0.13696129177270677 53616.420565 53705.32937 2 90 "Covariance may not be accurate."
1511 70 0.185727 53615.05882462341 2.1806353875409855e-05 -0.4036098076315211 0.7882036194853099 0.0 0.007848469929740531 3.144558196649382e-06 1.3058038518274762 0.14946861729633365 71.80977436001193 66.0 -17.679984870081245 1.0785165016652059 53622.440281 53705.335683 0 70 "Covariance may not be accurate."
1514 46 0.041224 53630.13459275321 0.0001822826463458005 5.999999520359371 0.7351077676398126 0.0 0.31790022052882705 2.4920164397046485e-06 0.0352400438542082 0.05916432846638764 350.10728011223586 42.0 -16.604766305904235 0.14847815958123434 53622.444354 53705.338627 4 42 "Minimization exited successfully."
1525 41 0.106504 53631.52379924237 0.000118426276215452 4.284498640141884 -0.285863303296339 0.0 0.2564940682568704 3.113607080443833e-06 0.35262618139968094 0.016302952853261887 222.20614876550172 37.0 -18.195940143057385 0.2497700862758201 53622.455207 53705.349546 4 37 "Minimization exited successfully."
1533 36 0.143081 53637.931685571435 1.4198984026344563e-05 5.999999952065881 1.199990269269406 0.0 1.9234902111711563 2.387060145118136e-06 0.48256055567798484 1.3885548498369475 71.11082560107577 32.0 -16.74625555901304 0.1639638104910084 53622.312029 53705.200134 8 28 "Minimization exited successfully."
1535 74 0.234585 53635.78127896558 4.704678261126527e-05 5.999999991154358 0.31365029776972664 0.0 0.3976850315739284 8.359895162868289e-07 0.029453421997366114 0.03154028069983206 653.6214861351227 70.0 -19.15026818998693 0.13448740511433144 53622.457565 53705.35374 9 65 "Minimization exited successfully."
1545 16 0.097666 53622.90430555095 0.00010641478083080803 -0.9424533878390555 -0.99995739041488 0.0 0.9276251636438246 4.156285345180419e-06 0.5469558233079299 1.6465909388559268 39.96521704047823 12.0 -17.897795377271628 1.3063806910492168 53622.368274 53705.257337 1 15 "Minimization exited successfully."
1546 43 0.036428 53607.47645574534 8.731743889615063e-05 5.999997339049985 1.199999970682827 0.0 2.5680233161183423 2.238377311901132e-06 0.14756949113721252 0.030581297055528367 1206.7340931659432 39.0 -15.587554494922685 0.16396420521697763 53622.478085 53705.373774 0 43 "Minimization exited successfully."
1555 49 0.022961 53633.7654021401 9.226914647214479e-05 5.999999886465073 1.1999999012959996 0.0 0.247543581033824 1.0594000012525978e-06 0.01139050078546866 0.00850034761045082 2321.9247027876663 45.0 -14.623232089076481 0.16396412854829734 53622.463639 53705.358768 4 45 "Minimization exited successfully."
1576 68 0.475687 53629.894606421716 1.3738325864781632e-05 -1.5558839732050416 -0.1847189934393293 0.0 1.5920797055732692 1.322985058573867e-06 1.6751815160781462 0.06620828140715784 54.856464358115204 64.0 -19.50596880715325 1.4004017765520977 53622.443094 53705.338642 5 63 "Minimization exited successfully."
1577 69 0.548885 53680.53749332553 1.3960767082983328e-05 5.999994041285568 -0.3301572062868994 0.0 0.3647039615534595 6.540751147354757e-07 0.34129419880494183 0.015115645937853084 370.8196987323525 65.0 -19.98561878231661 0.11454392627233645 53622.443496 53705.339062 52 17 "Minimization exited successfully."
1580 68 0.183217 53607.44833332191 0.00011034638483678694 5.9999999950475384 0.08676359879607443 0.0 0.03517344502324704 1.969068397275061e-06 0.026140983350284586 0.028816344741518396 1919.6418916160355 64.0 -19.464677092928167 0.12719411004072967 53622.448332 53705.344477 0 68 "Minimization exited successfully."
1583 48 0.316788 53622.51401052472 2.2550122115083673e-05 0.5906344640474934 -0.2870574264565189 0.0 4.011465879924799 2.432082113591471e-06 1.7061286569093044 0.08297616625729987 46.71327671392915 44.0 -19.005377504357476 0.9579662449268618 53622.455163 53705.351192 2 46 "Minimization exited successfully."
1588 128 0.14989 53612.98938029017 5.820797568228064e-05 1.212623954103595 0.395962652712748 0.0 0.001328405149251921 2.68050496857464e-06 0.4589938428919309 0.04153067745952843 242.13378990780646 124.0 -18.20856479797613 0.826352519675293 53616.453079 53705.363341 0 128 "Minimization exited successfully."
1595 59 0.212269 53625.54932813481 7.042376235722681e-05 5.999999999468532 0.017857490320951408 0.0 0.7312728061333473 1.7960793357107993e-06 0.19866158395568334 0.026374393570596233 118.36893898653308 55.0 -19.332621201000332 0.12503130690195619 53623.195561 53704.105118 3 56 "Minimization exited successfully."
1601 38 0.327813 53620.457169916495 2.0396593387905784e-05 0.1874155440113281 -0.24709880114910665 0.0 4.019139022340823 3.302521484163101e-06 1.6220811887720772 0.11295458547359455 37.255845851831936 34.0 -18.98140683654149 1.0301163363704653 53623.209034 53704.118817 0 38 "Minimization exited successfully."
1609 62 0.423845 53641.484288056105 2.719811158018448e-05 5.999999735458163 0.05599339241854451 0.0 0.6371593157637108 7.638345765303979e-07 0.06509295575888707 0.03630458539597603 390.7240511018284 58.0 -20.036906669956757 0.12622492620385373 53616.234871 53704.134235 17 45 "Minimization exited successfully."
1627 38 0.337473 53632.18799040214 1.3185108072227836e-05 0.6889842871314737 -0.480645879114005 0.0 1.249787391807331 2.2217784374495298e-06 2.4669065213947654 0.11346004830161821 62.53132287700389 34.0 -18.5902517480273 0.9473746927765561 53623.193024 53704.102582 6 32 "Minimization exited successfully."
1631 38 0.142885 53622.98490321916 2.6221646540823817e-05 5.99999901421349 1.1999996146753436 0.0 0.007236273751914268 1.7123866225127182e-06 7.456304056517919 0.24529455422244129 93.52042381169733 34.0 -17.409014091812683 0.16396414461290476 53623.199324 53704.107275 0 38 "Covariance may not be accurate."
1632 38 0.056351 53630.79223895436 7.343415685002741e-05 3.7630413036284107 -0.09789549598925529 0.0 0.5881788276456064 3.5681417167177104e-06 0.8481222918426923 0.05688979544452211 131.37869345782312 34.0 -16.203639994662172 0.31563465068709107 53623.200167 53704.108559 6 32 "Minimization exited successfully."
1650 37 0.302746 53623.371777944434 2.022728469322943e-05 -1.8433453232068784 0.154050977210773 0.0 1.3882712803060713 1.979746346310596e-06 1.2683166188031567 0.15884785258016554 24.85664258174758 33.0 -18.769061764516643 1.4399841044964 53616.294152 53704.19638 3 34 "Minimization exited successfully."
1658 39 0.275748 53638.47787489085 3.487824752099411e-05 0.8254591031706902 -0.044537250867734524 0.0 0.6145049535480211 1.6692667864204331e-06 0.5738364464217867 0.05589939310226966 21.3329692172467 35.0 -19.12714143529744 0.9074510429289475 53616.305257 53704.207928 11 28 "Minimization exited successfully."
1662 29 0.205317 53634.84731142248 1.8500073242775362e-05 5.999999956119124 -0.05711969339982559 0.0 1.372152135547367 1.3541910833508864e-06 0.5345024608100237 0.1253636794659687 50.745376053752885 25.0 -17.79890662211583 0.12271063629301793 53616.311825 53699.252845 7 22 "Minimization exited successfully."
1668 61 0.21401 53614.54876471595 1.174445139452418e-06 5.999834697902056 1.1997922458105923 0.0 0.3870054340659408 0.013396590148685298 9.954150914934019 1.8258141192653157 65.73641620175783 57.0 -15.008567973142274 0.16396213758261524 53616.329838 53704.23398 0 61 "Covariance may not be accurate."
1686 67 0.135049 53650.84602933933 8.988416590595127e-06 5.999999729563555 0.11953684473123594 0.0 1.4371265745503479 1.6794608365411355e-06 1.0307962282927097 0.678028156493478 110.3306716309734 63.0 -16.014950152893014 0.12823215744406014 53622.333449 53705.222382 20 47 "Minimization exited successfully."
1688 38 0.357669 53630.2889156053 2.025798415892899e-05 2.715410529329903 0.13026833302380636 0.0 2.23646507140802 2.1973582777756735e-06 2.0080337724324835 0.09635292030854237 28.159167522652876 34.0 -19.196967631783423 0.5821936410865263 53623.194711 53704.104722 6 32 "Minimization exited successfully."
1709 38 0.143989 53601.317556427 6.580439526347903e-05 -5.999998702154175 -0.13958582052382518 0.0 65.84164268671157 3.928608144042667e-05 0.8508419892840262 0.22462688973390582 50.464278191572035 34.0 -18.23535254512133 nan 53623.308852 53704.220259 0 38 "Minimization exited successfully."
1740 62 0.166272 53632.48097752246 0.00011664352476121631 -1.129424840451124 -0.09934225903631588 0.0 0.20141101687841 2.2582331915144154e-06 0.23713461127047486 0.02050171614938323 99.4569272080423 58.0 -19.201131278032143 1.291666102142777 53616.326998 53704.230505 11 51 "Minimization exited successfully."
1741 56 0.203484 53627.196614101784 1.983167040730094e-05 2.503225170902958 0.5726715948604504 0.0 1.3558574831440637 2.0849942884293415e-06 1.2826449772691486 0.11685049742834641 46.97912467621201 52.0 -17.786240949251415 0.6100329566164007 53616.27849 53704.18007 9 47 "Minimization exited successfully."
1742 36 0.110276 53623.237715634576 1.934865460315627e-05 5.999999680034346 1.199999999818885 0.0 3.152545549124625 2.546107195383062e-06 2.75645026781356 1.8579597186910775 65.71301147124667 32.0 -16.470015875035607 0.16396413781033203 53616.281389 53704.181354 1 35 "Minimization exited successfully."
1748 39 0.337892 53630.231067414905 1.8712576775871126e-05 -0.041528346470183664 0.0028896276885972405 0.0 1.2140846039474127 2.0394626913494697e-06 1.3607899567933135 0.11055307060760289 20.087929721225578 35.0 -18.961372783057186 1.0607829736502694 53616.293344 53704.195478 8 31 "Minimization exited successfully."
1749 35 0.074924 53601.29500851615 6.044287898419043e-05 5.99999815797181 1.1999999854414516 0.0 17.977184183535428 4.198725177649849e-06 1.072278776768071 0.08388676499304082 127.7327748540872 31.0 -16.81465983325776 0.16396418178667815 53616.29665 53704.19719 0 35 "Minimization exited successfully."
1750 40 0.258435 53629.278692238295 2.202009377405112e-05 1.5542332088906834 0.2231381565354067 0.0 1.0726785603437747 1.7275693106966186e-06 1.039536058091962 0.09051490541737639 34.89516570957181 36.0 -18.47000533990082 0.7770781297998788 53616.296638 53704.198901 8 32 "Minimization exited successfully."
1770 41 0.104044 53624.44923402499 2.827811648667966e-06 -3.119647408725135 -0.9999993016178994 0.0 1.75523998002609 1.4717215046600177e-06 2.652467662645264 1.6785873198419288 33.988951818774865 37.0 -14.103684714843624 2.0094601818034796 53616.328652 53704.230521 3 38 "Minimization exited successfully."
1773 40 0.118987 53637.91513764325 1.1183610371892084e-05 5.999986394796689 1.1999994227065542 0.0 1.6032279783976264 1.3921928769461409e-06 1.1883427716589186 1.6282940582219587 44.80821934606889 36.0 -16.052549042959125 0.16396450683467378 53623.189629 53704.097402 10 30 "Minimization exited successfully."
1775 41 0.302486 53634.04339843812 2.66309590034286e-05 1.2598254602950707 -0.16233208813497357 0.0 0.868912167414237 2.2508641778851154e-06 1.1126695182807258 0.06695843836278365 32.96594109372276 37.0 -19.06749916778842 0.8378067076270561 53623.188392 53704.09783 6 35 "Minimization exited successfully."
1776 61 0.50551 53635.541538295474 1.5206614281830788e-05 5.999999869012202 0.29064282190315827 0.0 1.566926711358974 8.453861532992106e-07 0.2702548259370223 0.1653981604221053 131.31856039420194 57.0 -19.872319009846233 0.13373747029773142 53616.245289 53704.145833 14 47 "Minimization exited successfully."
1794 42 0.1407 53623.077802328946 0.00013171541154666678 2.2135504630875342 0.15441711637484712 0.0 0.00037595531102851965 3.6560005752489484e-06 0.2955032724400901 0.07826529224721157 52.18275720694988 38.0 -18.939380764634457 0.6707290523318754 53623.18667 53704.094423 0 42 "Covariance may not be accurate."
1821 39 0.09504 53615.59842647053 3.932983649539645e-05 5.999999905038491 1.199999971846394 0.0 1.762044438826706 3.16467565465217e-06 1.6732598373685583 1.483297121346678 89.65133813235046 35.0 -16.894889394793445 0.16396413032150647 53623.165499 53704.073086 0 39 "Minimization exited successfully."
1825 59 0.155096 53622.3597820956 1.8627143623084488e-05 2.469747503340736 0.37006642737054474 0.0 0.00434471004336956 1.9556530575587386e-06 1.5011850872121846 0.11851776408400572 61.57628106463743 55.0 -17.05389553225338 0.6212071573422229 53623.182046 53704.09146 0 59 "Covariance may not be accurate."
1826 60 0.434105 53639.25984143307 1.4196992806849717e-05 5.999999942039633 -0.15756992365535583 0.0 1.2650845510179352 8.402606381524566e-07 0.2004331712122669 0.041145689230027094 209.76194377800493 56.0 -19.390219106395477 0.11965425239917238 53623.182891 53704.092743 15 45 "Minimization exited successfully."
1832 104 0.448729 53673.93033954567 2.111466499861492e-05 5.999999961168896 -0.0699828690182146 0.0 0.7393263900412421 5.89453780852623e-07 0.06887621266082888 0.02222923359346146 1280.49869471583 100.0 -19.90750293781007 0.1223161415379792 53623.189649 53705.099985 54 50 "Minimization exited successfully."
1835 42 0.270324 53613.58807419631 5.460084870983595e-05 3.1790699064986967 -0.1143374443387557 0.0 0.000802306916739326 5.31358657844039e-06 1.2407955465276883 0.06959865996381376 61.53821111920249 38.0 -19.57016107142578 0.4888445102413215 53623.170193 53704.079952 0 42 "Covariance may not be accurate."
1902 53 0.215307 53620.429650701866 4.9968253225367575e-05 -1.0726121537027087 0.1923348890987442 0.0 0.0022660272079519928 2.235982213719126e-06 0.7805357224710132 0.06251650808236742 49.83540550448154 49.0 -18.907559480501163 1.2559956021949077 53622.245053 53705.132898 0 53 "Covariance may not be accurate."
1903 78 0.088843 53601.24530513271 0.00010803887474848617 -0.05560424234053851 -0.8355791265163631 0.0 0.021705818999180337 1.154065087010714e-05 0.49781979147703703 0.035714716541914326 3138.362550265125 74.0 -17.68161756961927 1.1027363539198092 53616.246964 53705.147034 0 78 "Minimization exited successfully."
