analysis_pipeline/fit_results/sdss_4_salt2_2.4_red.ecsv
# %ECSV 0.9
# ---
# datatype:
# - name: obj_id
#   datatype: string
# - name: num_points
#   datatype: int64
# - name: z
#   datatype: float64
# - name: t0
#   datatype: float64
# - name: x0
#   datatype: float64
# - name: x1
#   datatype: float64
# - name: c
#   datatype: float64
# - name: z_err
#   datatype: float64
# - name: t0_err
#   datatype: float64
# - name: x0_err
#   datatype: float64
# - name: x1_err
#   datatype: float64
# - name: c_err
#   datatype: float64
# - name: chi
#   datatype: float64
# - name: dof
#   datatype: float64
# - name: b_max
#   datatype: float64
# - name: delta_15
#   datatype: float64
# - name: tmin
#   datatype: float64
# - name: tmax
#   datatype: float64
# - name: pre_max
#   datatype: int64
# - name: post_max
#   datatype: int64
# - name: message
#   datatype: string
# schema: astropy-2.0
obj_id num_points z t0 x0 x1 c z_err t0_err x0_err x1_err c_err chi dof b_max delta_15 tmin tmax pre_max post_max message
[from data line 108]
1478 41 0.200911 53619.335362678954 0.0002532201356960828 0.86965243101697 -0.9999952332914191 0.0 53.905791631194006 0.013181211028111891 8.724461731035825 1.4757485578096678 91.08176311137424 37.0 -20.55009827659333 0.9300693664954061 53622.415305 53705.308293 0 41 "Minimization exited successfully."
1495 40 0.204013 53625.58509783651 6.547836664470009e-06 3.165426984616058 1.199998502004858 0.0 2.5140297838734114 5.148805416282934e-07 1.4305291813251522 1.880230355724657 41.86338213494035 36.0 -16.654981391977252 0.4433027159373992 53622.426607 53705.319691 2 38 "Minimization exited successfully."
1504 92 0.316373 53630.379701829115 2.016621137530872e-05 -2.8178500801085447 0.18395213872411853 0.0 1.2180312246455287 1.0511435000502556e-05 0.8802051471187382 0.42757261211191666 94.68784837244283 88.0 -18.87679572906507 1.7164032304535368 53616.421394 53705.328541 9 83 "Minimization exited successfully."
1511 47 0.185727 53620.89138204821 0.0001715961205334049 -0.8054084421840724 -0.9999991356945457 0.0 3.2556806603133737 1.721087610835003e-05 1.444826955391151 2.1258480330980554 15.514392033167908 19.0 -19.935295875170098 1.2737422770445122 53622.44111 53705.334854 0 47 "Minimization exited successfully."
1514 69 0.041224 53613.401562097635 0.0001326467285624078 1.4224100716880432 1.1999999519855535 0.0 2.1644227672368288e-05 7.18830597665749e-07 0.07914339789680458 0.0006831971935548076 10664.109417004973 41.0 -16.208234337469516 0.7625014702932731 53622.442695 53705.337798 0 69 "Minimization exited successfully."
1525 74 0.106504 53631.42035214678 5.637380628521038e-05 2.615591599247841 0.9051294327989334 0.0 0.2211729725713667 2.7590388816484114e-06 0.1830831398260493 0.03527783769184234 772.4918235779869 45.0 -17.409099791141294 0.5807456219946019 53622.453549 53705.348717 6 68 "Minimization exited successfully."
1533 36 0.143081 53629.288758725204 9.495367013833134e-06 4.950895263349711 1.199999098620561 0.0 1.1992176977546478 7.403649352466519e-07 0.8939998126571975 2.152556675711745 46.93190733465944 14.0 -16.263201711499 0.2071686967067805 53622.3112 53705.199305 4 32 "Minimization exited successfully."
1535 51 0.234585 53631.06757287526 1.6630835025345237e-05 5.7434198597480695 1.19999883637787 0.0 0.7455670929521148 5.298204430759222e-07 0.526200937669163 0.02908875024429225 321.14431487623006 47.0 -18.099379764463386 0.17220642903786754 53622.458394 53705.35291 4 47 "Minimization exited successfully."
1545 48 0.097666 53621.46982876292 9.249239865016024e-05 -3.1962098581348837 0.23489156571665637 0.0 0.0005787474510725588 1.2802094976257508e-05 0.4090567252524291 0.10258271439302713 56.52598319469876 28.0 -17.698631712111634 1.8375330734125264 53622.364957 53705.256508 0 48 "Covariance may not be accurate."
1546 65 0.036428 53607.47642600024 7.487090674898057e-05 0.13263176925561737 1.199999999808568 0.0 0.14740491842167103 8.602010727348802e-07 0.11015773834046971 0.01651608643726865 3834.341197910638 39.0 -15.30936590961943 0.9597295338936647 53622.476426 53705.372945 0 65 "Minimization exited successfully."
1555 76 0.022961 53607.46198000321 0.0002548334283662701 -0.04492088519186854 0.3570643891191616 0.0 0.17006794277040171 2.3123536526598054e-05 0.11337232659483298 0.06179860744874155 1980.822826996939 48.0 -15.543689170444242 1.041600037615165 53622.46198 53705.357938 0 76 "Minimization exited successfully."
1576 24 0.475687 53636.91283111732 4.507454470802364e-06 -4.022868750960537 1.1997968003859647 0.0 3.689238815462886 1.2530543968380937e-06 3.4884236059576414 1.9069468061161068 12.792258535925683 20.0 -18.37049907538522 1.93053094840538 53622.445582 53705.337813 3 21 "Minimization exited successfully."
1577 24 0.548885 53659.3072175496 4.3371460436458785e-06 3.7725038891474405 1.19999562388994 0.0 5.8926413238550595 1.4506820979098833e-06 9.776869321472885 1.1672752324300502 16.50354039666939 20.0 -18.72921733053765 0.3043351570160695 53622.445984 53705.338233 8 16 "Minimization exited successfully."
1580 47 0.183217 53633.9746740305 0.00043888644983038126 0.9247385571038231 -0.9888653173891503 0.0 0.45415956552460557 0.00014339423706579533 0.3753798462704454 1.4992394313072628 32.07484308931154 19.0 -20.92297347927824 0.9197582565515319 53622.449161 53705.343648 4 43 "Minimization exited successfully."
1583 50 0.316788 53627.508821862495 3.08677203822616e-05 -2.086649346160331 0.04739042696259066 0.0 1.4939710506223491 2.0245283427606787e-05 1.2671897442070648 0.5239453796782443 64.16322445679207 46.0 -19.340826454871248 1.5157655902396812 53622.455992 53705.350363 4 46 "Minimization exited successfully."
1588 87 0.14989 53618.993428321206 0.0003280965381007761 1.4874371595156983 -0.8157506047637811 0.0 0.0007497139995393809 0.00015459845782800412 0.40709485498419484 0.2854200022740273 125.9812940407252 41.0 -20.11146654944886 0.8163732810056672 53616.453909 53705.362511 2 85 "Reached call limit. Covariance may not be accurate."
1595 40 0.212269 53609.536607582966 7.93120964372951e-05 1.770056064272298 0.35784043720304726 0.0 0.0013725565549975727 6.359829897690516e-05 0.6412872211156735 0.5384293639337168 126.17685849365381 36.0 -19.381718712865926 0.7380407798945043 53623.19639 53704.104289 0 40 "Minimization exited successfully."
1601 40 0.327813 53627.345108558446 1.197095449474106e-05 -0.5353792411257627 0.529356252590456 0.0 3.2472527539284783 9.570152279683165e-06 1.9781869355591954 0.6167149533859921 46.69892767871203 36.0 -18.414427973710858 1.1214414228423095 53623.209863 53704.117988 4 36 "Minimization exited successfully."
1609 21 0.423845 53637.51958915244 9.930455313080122e-05 5.999984853352906 -0.5713699878812271 0.0 3.560046423539461 0.0001821028474702846 1.9770675672435623 1.2237924880909603 20.881594525652474 17.0 -21.4491450720474 0.10783766863965027 53616.236529 53704.133406 6 15 "Covariance may not be accurate. Covariance not positive definite. Covariance forced positive definite."
1627 38 0.337473 53626.480161362306 4.7869324897586996e-06 -4.046934803371547 1.1999925560606557 0.0 2.410643570648972 6.907085475282845e-07 2.067225319889978 0.4802345429054301 34.28951781469726 34.0 -17.55337833021498 1.9393651705287596 53623.193853 53704.101753 4 34 "Minimization exited successfully."
1631 38 0.142885 53640.00230164689 8.524816661101831e-06 5.999999994013221 1.199999971281689 0.0 0.7995119463594165 4.857451015993769e-07 1.0813105689825626 2.1782508455399294 73.18565690031895 15.0 -16.189076913862614 0.1639641277046735 53623.198495 53704.106446 10 28 "Minimization exited successfully."
1632 59 0.056351 53636.58915499161 2.789276323103551e-05 4.629023688406319 1.1999999999991662 0.0 0.2222468838954228 4.701327320294493e-07 0.23993026845869636 0.006941516152036309 1026.8039268342045 36.0 -15.268579582560381 0.22611802657214142 53623.198509 53704.10773 12 47 "Minimization exited successfully."
1650 39 0.302746 53620.022611959226 8.771533361878414e-05 -3.2411474046981112 -0.999998723040883 0.0 2.474209475731186 8.702866830401775e-06 1.5004560586649447 1.8805831499193693 34.49868818042349 35.0 -20.407920839185266 2.0654467359281625 53616.294981 53704.195551 2 37 "Minimization exited successfully."
1658 39 0.275748 53637.42316305998 1.9878145654020907e-05 -0.5614460956541567 0.5216094468533734 0.0 1.139080846511206 1.2738292359261718e-05 0.9122439686313695 0.46765431297730686 24.629339369509424 35.0 -18.53025832103208 1.126962673200726 53616.306087 53704.207099 11 28 "Minimization exited successfully."
1662 20 0.205317 53685.750572451216 2.8968602419521263e-06 5.99985457263795 1.199953139179704 0.0 2.049772740370827 5.057403711988817e-07 1.974137379487365 1.5690204005875417 53.48209781601632 16.0 -15.887722142134479 0.16396683764424225 53623.303071 53699.252015 18 2 "Minimization exited successfully."
1668 40 0.21401 53602.59671094048 2.927351726715877e-06 5.999999971295384 1.1999527196124573 0.0 0.00957932564051589 6.412958874352228e-07 1.5517092365621323 2.1354356747740466 78.37031017343016 36.0 -16.000205512864518 0.16396257747476994 53616.330667 53704.233151 0 40 "Minimization exited successfully."
1686 73 0.135049 53626.7132052772 6.457787015005101e-06 0.2883338032466103 1.1999991879539316 0.0 3.679467093632411 5.934149237835086e-07 1.8754473705383767 1.3892361540769835 38.54822417937753 33.0 -15.643063889440555 0.9349577784025591 53622.33262 53705.221553 6 67 "Minimization exited successfully."
1688 39 0.357669 53630.96537505716 5.957211986750144e-06 -0.7979222535516044 1.1999993255201789 0.0 2.2672323233309726 6.031020713581638e-07 1.4850273510401637 1.879476567617286 30.800649248465117 35.0 -17.940603131124497 1.1188820774427484 53623.19554 53704.103892 6 33 "Minimization exited successfully."
1709 38 0.143989 53601.316806814146 5.228526606958495e-06 -5.985110941331894 0.15154458952846905 0.0 10.56131576781263 1.893115230401365e-05 10.045943598816446 1.6543149908236825 21.43885359211579 16.0 -15.486285411066081 4.816846054588293 53623.308023 53704.21943 0 38 "Minimization exited successfully."
1740 42 0.166272 53630.802062590454 1.9681310618177016e-05 -0.6637263778732727 1.1979427127100375 0.0 0.5782515570426767 2.3519890265416576e-06 0.400868042635822 1.4527022448016784 52.627097453709865 17.0 -17.34651308279733 1.0947772737137704 53616.327828 53704.229676 8 34 "Minimization exited successfully."
1741 38 0.203484 53623.15039505657 7.470225097965244e-06 1.9549385676327127 1.1999989938453948 0.0 3.4814182750960754 4.824483094789663e-07 1.49371314244916 1.879819953736483 38.39056031866655 34.0 -16.78582274165226 0.6821792342055417 53616.27932 53704.179241 2 36 "Minimization exited successfully."
1742 55 0.110276 53632.87248099927 1.1079397092573774e-05 5.999999985816551 1.1999993011896528 0.0 0.6795492696546717 3.296587457357618e-07 0.08565082757882347 0.03211724746185829 253.2786172290757 32.0 -15.864679173891645 0.16396410595034538 53616.27973 53704.180525 12 43 "Minimization exited successfully."
1748 42 0.337892 53632.32943136203 2.893773991554327e-05 1.766616839724417 -0.3271580666022843 0.0 0.004333591208705911 2.600443585426493e-05 1.895862593360928 0.7321148727015847 46.87969942813588 38.0 -19.441830887469965 0.7575382846677918 53616.294174 53704.194649 8 34 "Minimization exited successfully."
1749 59 0.074924 53626.46866777604 3.029942567982835e-05 1.9517718161394741 1.199999999895542 0.0 0.0003769939939957112 4.52039355272049e-07 0.22960362487650343 0.002431567499474152 346.57349321146756 36.0 -15.956269625549211 0.6826670617284556 53616.294992 53704.196361 8 51 "Minimization exited successfully."
1750 40 0.258435 53626.32894117707 3.671907338086755e-05 0.1865979867058627 -0.08644951000353163 0.0 1.4906866418277787 3.817321827875586e-05 1.247664354318006 0.7319818447963973 26.144865536623367 36.0 -19.021498135517966 1.0227706312755558 53616.297468 53704.198072 6 34 "Minimization exited successfully."
1770 61 0.104044 53601.33390474732 3.29625216011209e-15 -3.673240591294734 -0.9999999974190986 0.0 59.621461437796825 9.161985212822742e-06 9.182498210382699 1.6817770124884643 144.08373941605674 37.0 8.230364095616572 2.2913840774004797 53616.326993 53704.229691 0 61 "Covariance may not be accurate. Covariance not positive definite. Covariance forced positive definite."
1773 61 0.118987 53635.580160828824 9.518065711808798e-06 4.31472995211081 1.1999995284163147 0.0 0.8193672775596497 4.0712351146221586e-07 0.644581453235654 0.01647308467564579 116.92963169491014 37.0 -15.806667186013776 0.24896881660395564 53623.18797 53704.096573 12 49 "Minimization exited successfully."
1775 41 0.302486 53633.94283576293 9.511490316458705e-05 -3.5333251380745674 -0.9999990175427892 0.0 1.1164031015905493 9.830757807213207e-06 1.2962195026789354 1.4395478225533822 37.062805251686655 37.0 -20.493444637506148 2.2130212503689357 53623.189221 53704.097001 6 35 "Minimization exited successfully."
1776 20 0.50551 53635.677085744785 7.293475471702449e-06 5.999973548551203 1.1999987901088676 0.0 3.6085795724247873 9.375059145616536e-07 2.166922406045659 1.8803783376311682 13.781121080118329 16.0 -19.16584011455129 0.16396486122289744 53616.247777 53704.145004 5 15 "Minimization exited successfully."
1794 42 0.1407 53625.57491586111 2.2343567369157437e-05 0.25507560298360943 1.199616313209349 0.0 0.8119802775872813 1.902232322359421e-06 0.4489494897609525 1.8101836562344524 28.207979473593724 17.0 -17.08758898498074 0.9402412027411984 53623.18584 53704.093594 2 40 "Minimization exited successfully."
1821 62 0.09504 53633.73237759441 1.5863028322291585e-05 5.4838508814773235 1.1999999997977455 0.0 0.4307612494449131 4.1323862672748595e-07 0.425881863954082 0.009319461349242664 389.0196458380801 37.0 -15.885455534249715 0.18185534802292835 53623.163841 53704.072257 9 53 "Minimization exited successfully."
1825 39 0.155096 53620.254303310816 7.99478997109082e-06 3.0575805843049313 1.199999274757841 0.0 2.7514465581152763 7.384824499140358e-07 1.435337669423443 1.841529723430428 15.7350369358466 16.0 -16.210536107003087 0.4745278035475451 53623.182875 53704.090631 0 39 "Minimization exited successfully."
1826 20 0.434105 53640.537614315755 4.735730598607324e-06 5.999965857405709 1.1996903869031796 0.0 3.8004123437349335 1.151092050653002e-06 9.262652090304465 2.1794011413511103 31.487581397136502 16.0 -18.300723123231315 0.16395496342775573 53623.185379 53704.091914 5 15 "Minimization exited successfully."
1832 34 0.448729 53632.669417566925 9.126608290209726e-06 5.999999955366407 1.199998453681669 0.0 0.005710196011932567 7.214702142582793e-07 0.7915336445940957 1.9012998234493044 38.45194167203075 30.0 -19.09890189310554 0.1639640790227439 53623.192136 53705.099156 5 29 "Minimization exited successfully."
1835 42 0.270324 53616.58210296406 1.3443832834860725e-05 1.0096536302759862 1.0205565600413817 0.0 0.004361440216598567 1.1018103055752126e-05 1.5475744797375794 1.5833975835397496 35.2464565463962 38.0 -18.099176026479178 0.8324283916847364 53623.171022 53704.079123 0 42 "Covariance may not be accurate."
1902 36 0.215307 53620.42654241472 2.2071024744675373e-05 2.9168714514015353 0.6340705772067132 0.0 4.814057319890708e-06 1.7901599679792738e-07 0.0005493735220314377 0.0001043250210983615 25.42902419090265 32.0 -18.045899991947234 0.5270905201060287 53622.245882 53705.132069 0 36 "Covariance may not be accurate."
1903 81 0.088843 53645.71732631929 2.1846887845516918e-05 3.808012151699346 1.1999999988380008 0.0 0.00017537351232022047 3.3920887851535124e-07 0.2175970950401993 0.006613538499664617 1439.8977490073698 77.0 -16.013668229121713 0.3003776271309988 53616.245305 53705.144546 23 58 "Minimization exited successfully."
1906 32 0.199072 53607.184746974315 1.4182433159205533e-05 -0.6034614970965482 1.1999988325320836 0.0 3.2842870581334864 1.095490410671917e-06 0.9244610556783348 1.5169478655228852 27.04353040964015 28.0 -17.42530951896024 1.0838611275194445 53622.185574 53705.071398 0 32 "Minimization exited successfully."
1924 0 1.192208 nan nan nan nan 0.001798 nan nan nan nan nan nan nan nan nan nan 0 0 "Empty table passed to fit_lc."
1941 34 0.229542 53624.22728289401 0.00014123394026505087 2.7339841609095643 -0.999999953334647 0.0 4.847749199932878 1.4031314853337197e-05 1.6915603229281237 1.403073333200704 20.57829492817417 30.0 -20.245286563822155 0.6019772633722802 53622.226552 53705.112864 2 32 "Minimization exited successfully."
1958 34 0.368223 53626.661461711694 1.0259406785363413e-05 -0.496295391999098 0.7653564466795741 0.0 4.241275170123117 6.4369795240609705e-06 1.9742609178083976 0.5295908840985586 12.903884384609082 30.0 -18.558803624813013 1.0970147325103987 53622.235799 53705.122284 4 30 "Minimization exited successfully."
