analysis_pipeline/fit_results/sdss_4_salt2_2.4_blue.ecsv
# %ECSV 0.9
# ---
# datatype:
# - name: obj_id
#   datatype: string
# - name: num_points
#   datatype: int64
# - name: z
#   datatype: float64
# - name: t0
#   datatype: float64
# - name: x0
#   datatype: float64
# - name: x1
#   datatype: float64
# - name: c
#   datatype: float64
# - name: z_err
#   datatype: float64
# - name: t0_err
#   datatype: float64
# - name: x0_err
#   datatype: float64
# - name: x1_err
#   datatype: float64
# - name: c_err
#   datatype: float64
# - name: chi
#   datatype: float64
# - name: dof
#   datatype: float64
# - name: b_max
#   datatype: float64
# - name: delta_15
#   datatype: float64
# - name: tmin
#   datatype: float64
# - name: tmax
#   datatype: float64
# - name: pre_max
#   datatype: int64
# - name: post_max
#   datatype: int64
# - name: message
#   datatype: string
# schema: astropy-2.0
obj_id num_points z t0 x0 x1 c z_err t0_err x0_err x1_err c_err chi dof b_max delta_15 tmin tmax pre_max post_max message
[from data line 363]
4028 40 0.343723 53646.59942336586 2.068027156543084e-05 -0.28074516565520646 -0.14008188801764188 0.0 0.884576735781593 2.012737958348997e-06 0.969595734591127 0.07048796054213108 24.52935057432539 36.0 -19.114121262647082 1.1147644626180409 53616.342075 53704.24636 14 26 "Minimization exited successfully."
4035 117 0.426249 53649.36985984241 2.2185584775622492e-05 0.2960303959176773 -0.24591598123715552 0.0 0.4547559331076627 1.222004812054812e-06 0.5445100620420535 0.025496595608985484 127.13868961272428 113.0 -19.7440597711507 1.0098621850249785 53616.370519 53705.277382 39 78 "Minimization exited successfully."
4046 40 0.275441 53645.903908905486 4.0269345621226636e-05 0.9768598610072985 -0.01558724171604875 0.0 0.5189187616888375 1.6835843379459102e-06 0.5325645018085461 0.04273508864379166 34.94005932174042 36.0 -19.28047899352323 0.8805543496935542 53616.297034 53704.199375 16 24 "Minimization exited successfully."
4048 60 0.433246 53654.13226196209 2.0493461645192392e-05 2.2434191857155135 -0.21838212565683712 0.0 0.6180648425215622 1.4547647888979436e-06 0.7206627653803581 0.03423463715655006 57.28062210949509 56.0 -19.701732378106197 0.6745887296835882 53616.328204 53704.231847 21 39 "Minimization exited successfully."
4059 45 0.303065 53638.9153874978 2.5371274072093496e-05 0.03282315543639314 0.0976378682276422 0.0 0.9555649634276051 1.8640923267848599e-06 0.8932687719341295 0.08463309590261481 33.3244493001626 41.0 -19.017901854732823 1.0418564716690781 53622.47361 53705.37048 8 37 "Minimization exited successfully."
4062 63 0.151617 53638.5883646234 2.084763184351246e-05 5.999999902044198 0.187138474994349 0.0 0.8963284116907744 9.11088524366833e-07 0.09188738989070444 0.06785352636286723 159.4310797514072 59.0 -17.205070877510565 0.13039091441743267 53616.430999 53704.339478 9 54 "Minimization exited successfully."
4064 132 0.1557 53646.42009987549 0.00010429960144600403 -1.3564402056602152 0.08888232373387273 0.0 0.16472655114921508 1.6126283153522521e-06 0.1709035362399307 0.016901517171627467 315.54194522321325 128.0 -18.922597955350923 1.3282514586876175 53616.436618 53705.346639 36 96 "Minimization exited successfully."
4070 60 0.233825 53615.860781429314 5.913861654107678e-06 4.56122309372226 1.1999999710499067 0.0 6.784636849264643 2.1362030351257387e-06 9.514990572741837 1.4219679959085596 87.63239612764167 56.0 -16.91907955781307 0.23049609824419193 53616.34941 53704.254009 0 60 "Minimization exited successfully."
4079 44 0.370462 53638.32203967996 2.3238632194055864e-05 0.016156573277133823 0.10085229779896587 0.0 1.272284022452368 1.3934194038184306e-06 1.0816579853065011 0.08549314299710131 44.09601984263419 40.0 -19.431416131588048 1.044766457953898 53616.391556 53704.298148 8 36 "Minimization exited successfully."
4110 36 0.372034 53640.34249508962 2.4789504915075922e-05 0.5512680450547167 -0.15404344036085604 0.0 1.0949280524619098 2.054644365312997e-06 0.9245819981823042 0.07060176550532626 27.60267869514358 32.0 -19.513337388927855 0.9597089443478204 53622.330152 53705.220641 10 26 "Minimization exited successfully."
4138 50 0.427588 53685.55375287156 2.6772506643085724e-05 5.9999993337298605 -0.2900542761619711 0.0 0.46362514908832964 8.381134970369974e-07 0.09157755539212076 0.01617541741890588 1211.7562286430193 46.0 -20.040672113243225 0.11570968052233255 53622.370668 53705.262853 41 9 "Minimization exited successfully."
4163 38 1.900454 53604.83813489778 0.000939810029156244 -4.508132163076399 0.3896860751981557 0.0 2.596454086855374 0.0005959102069945604 0.6497901378571047 0.1569373764286236 53.63986917701019 34.0 -27.804135145405276 2.3988565801002615 53616.274339 53705.173255 0 38 "Minimization exited successfully."
4175 41 0.278076 53642.46710998416 1.3753376915065508e-05 -2.751453762263436 -0.3200447693544253 0.0 1.3767173339765577 1.581981578106518e-06 0.9326230975335967 0.1300141197977876 35.91965592207411 37.0 -18.140582946632378 1.7666745094671015 53622.415697 53705.307025 10 31 "Minimization exited successfully."
4181 45 0.28815 53647.38776678155 3.9538805729615324e-05 2.781244782305947 -0.1304761855101806 0.0 0.490998126919294 2.4617708398666507e-06 0.8026835246386099 0.03814191135071965 57.16106788227336 41.0 -19.377334212724506 0.5755959919938824 53622.428208 53705.323424 12 33 "Minimization exited successfully."
4206 39 0.289104 53639.74735410035 2.5042585830789e-05 -1.8364626162495075 0.02158269230247023 0.0 0.004157696806942113 1.5850527884153635e-06 0.6078802024290024 0.09570218404593328 52.0623705978632 35.0 -18.88398210080569 1.452026274362133 53616.29705 53704.199756 13 26 "Covariance may not be accurate."
4211 40 0.248729 53634.620846548256 1.5108843754747526e-05 1.1789373868755035 -0.09079769940635518 0.0 1.6461739334481535 2.1143648731292153e-06 1.9706001291943158 0.1260037095581228 43.06571674534585 36.0 -17.96346627573429 0.8490957585039567 53616.316799 53704.216429 7 33 "Minimization exited successfully."
4234 57 0.155181 53601.32902600002 2.575717417130363e-16 3.51659012068607 -0.9999999999996759 0.0 87.88393134800208 1.115096185871911e-07 10.700277503353409 1.8788804058025592 821.0807332482144 53.0 10.04531929443285 0.4283763208870539 53616.329026 53704.232685 0 57 "Minimization exited successfully."
4236 40 0.342829 53653.89157521688 3.263978994013983e-05 1.1353501976096512 0.07418111317699494 0.0 0.570089372984512 1.99152574851147e-06 0.6066575046672438 0.05907147696080983 23.88399239950094 36.0 -19.603497002292134 0.8507359082867545 53616.317176 53704.220259 14 26 "Minimization exited successfully."
4240 60 0.465493 53642.81372296579 7.843208128988088e-06 1.8330884389120214 -0.2793722036371722 0.0 1.9679248439388175 1.1154788377559785e-06 1.5799741919091952 0.07091530615646618 45.36883096857865 56.0 -18.845948088080824 0.7452327698142867 53616.340062 53704.244152 18 42 "Minimization exited successfully."
4241 40 0.330513 53638.84903703984 2.7621279570170242e-05 0.6168636746200127 0.026126558361490693 0.0 0.8139119046645646 1.623584515694777e-06 0.7246619852720837 0.06658336900993417 41.32184852455957 36.0 -19.328741499757804 0.940666451317572 53616.34536 53704.24969 10 30 "Minimization exited successfully."
4248 61 0.170217 53623.48542058014 1.3716116055567663e-05 5.999988351840884 0.6126668606682126 0.0 3.114707366556104 2.096574227696268e-06 0.34219621766268116 0.1378829278958762 82.6259136538245 57.0 -17.05338290415456 0.14438034855837856 53616.369735 53704.275202 3 58 "Minimization exited successfully."
4262 65 0.220565 53645.21112308588 1.4813545108693927e-05 0.6355250763196292 -0.016338167118384317 0.0 1.2610311946518777 1.4723196998916994e-06 1.3918813751665198 0.11686649587100534 64.05766977905107 61.0 -17.645518987679104 0.9391922983331931 53616.375001 53704.281143 23 42 "Minimization exited successfully."
4268 35 0.095811 53648.775901596106 2.3834312595260033e-05 2.5347554672786536 -0.17483009662014537 0.0 1.327805216809793 1.1222891847734173e-05 3.443172232240882 0.19488954417260063 43.67263818900793 31.0 -16.1851250476252 0.6226784362762174 53622.334259 53705.223283 9 26 "Minimization exited successfully."
4281 67 0.212157 53651.67064788637 0.00010738305452064223 0.056703421502588114 -0.04586936092415972 0.0 0.15028447870281525 2.946538511274237e-06 0.20788360913676573 0.020641046222643178 56.62291682268351 63.0 -19.700853466546114 1.044890093910496 53616.402469 53704.309921 22 45 "Minimization exited successfully."
4304 47 0.211499 53607.517723308745 1.847522135278723e-14 -0.21068869747458763 -0.6676360839846462 0.0 81.76716026059512 1.517122134206961e-06 8.567961423508795 1.2851677739882996 100.60275332298724 43.0 4.695670900281513 1.1273450879181652 53622.399498 53705.293498 0 47 "Minimization exited successfully."
4307 36 0.270836 53648.28224300196 4.4821461213885304e-05 2.076788572540096 -0.008819694400074352 0.0 0.46241135270975064 2.0283413265753665e-06 0.572246340138685 0.04078078664524698 24.830140109135705 32.0 -19.35619096990915 0.6978018460654987 53622.40719 53705.301119 12 24 "Minimization exited successfully."
4311 38 0.295144 53652.48706799721 3.575305230449688e-05 0.6155067650912054 -0.0753849079276665 0.0 0.5211672092045774 2.285039878499038e-06 0.5510145804816471 0.05569322034914714 30.807160717695712 34.0 -19.32399158375445 0.945128953183449 53622.412851 53705.307462 12 26 "Minimization exited successfully."
4313 61 0.390746 53641.888801970876 2.3891409246570296e-05 0.8468894061216758 -0.1511632634961072 0.0 0.8339951574416773 1.4115323545382803e-06 0.7426661524811524 0.044794921251454844 63.89748560537173 57.0 -19.59915163982621 0.9077557876911158 53622.423754 53705.318864 15 46 "Minimization exited successfully."
4341 33 0.101555 53621.16908218597 1.5745411085876793e-06 -3.4565105163119165 1.198034189719476 0.0 1.319503272199654 2.9634056478428093e-06 1.4592355298313988 1.3454072299948967 35.075626704723696 29.0 -13.440567589295284 1.7400261961487047 53622.315731 53705.204475 0 33 "Covariance may not be accurate."
4355 114 0.526062 53644.59308109262 8.424973258731593e-06 5.99999924345482 -0.1843749457677718 0.0 1.1690703460881195 5.423360928574768e-07 0.5416886906904228 0.031007544554348343 151.23410084998386 110.0 -19.324263191074063 0.11884520271503618 53616.356728 53705.262931 39 75 "Minimization exited successfully."
4387 60 0.802772 53648.45087321038 6.638696800564947e-06 -1.184492409697075 -0.3422420860795239 0.0 2.5052119297870377 1.4547330831071739e-06 1.5701477327826305 0.19144485154195273 57.80313549295919 56.0 -20.10608350947746 1.3227686747255802 53616.333122 53704.23609 21 39 "Minimization exited successfully."
4409 70 0.429098 53659.71780517514 1.063183405233592e-05 5.999995474621532 -0.3484752445980781 0.0 0.6581365869205911 7.135405242986173e-07 0.6614376062304581 0.039387341749202665 195.54313288950283 66.0 -19.048045551975182 0.11401582768302276 53616.402056 53704.309108 26 44 "Minimization exited successfully."
4417 40 0.360538 53642.09629067231 1.5486368992144728e-05 1.419301069819463 0.2531635745160554 0.0 1.6920219265230116 1.6175795823397689e-06 1.421006592704626 0.13507303191244724 26.98306360053351 36.0 -18.925628128751832 0.7979799002750596 53616.340058 53704.244167 12 28 "Minimization exited successfully."
4437 63 0.819428 53663.42051749048 6.65346110681142e-06 5.999905560887925 -0.25902780700689254 0.0 1.5533848053819383 8.60068312260598e-07 1.017198438493648 0.10407026703954186 86.43603254354164 59.0 -20.245822308234324 0.11662529889341045 53616.358369 53704.262493 30 33 "Minimization exited successfully."
4464 48 0.831566 53660.70669615239 9.338164360058744e-06 5.9999908248789176 -0.4177442149816236 0.0 2.291980156143836 1.1027332988883249e-06 1.2467802415052436 0.07182601821773082 98.40619151808087 44.0 -20.656275234598642 0.11204610113975022 53622.371885 53705.263757 15 33 "Minimization exited successfully."
4480 43 0.337394 53632.36331344925 1.6533248305257153e-05 5.9999994184030925 0.23185963766039852 0.0 1.4414504265478172 9.104915262497807e-07 0.17187459972136576 0.0940799165561953 145.8787353252133 39.0 -18.91861898955962 0.13183113612398145 53616.379043 53704.284974 6 37 "Minimization exited successfully."
4482 65 0.471389 53634.354314983815 1.119619746051681e-05 5.999996789200555 -0.32222200372932785 0.0 0.9671368215131224 7.755399452896717e-07 0.6202652699706768 0.030058887873523732 90.92750848470067 61.0 -19.347552428378705 0.11477343276886742 53616.380257 53704.286246 8 57 "Minimization exited successfully."
4490 111 0.494599 53648.091193404456 1.1200548515490904e-05 -1.0807388875395727 0.10548287311244198 0.0 1.1384435682703042 1.2181362650087735e-06 1.0527297777050508 0.1412614740488523 99.98323005323991 107.0 -19.38519528690631 1.2647355610981599 53616.349822 53705.255665 36 75 "Minimization exited successfully."
4507 48 0.647735 53650.49899163134 1.297539288916738e-05 5.999999774151961 0.09257862495295566 0.0 1.8515449398837518 7.850203965825698e-07 0.278237483080499 0.10676331451284704 104.78198715428759 44.0 -20.346113976014536 0.12737787510479137 53616.409311 53704.314201 14 34 "Minimization exited successfully."
4508 70 0.568272 53679.41317116044 1.1166355795064752e-05 5.999999190928934 -0.29774029918711176 0.0 0.5511600480422203 5.817312421890767e-07 1.1204655748012398 0.01597486787122948 412.95709905024427 66.0 -19.834019666804256 0.11548516472648274 53616.410117 53704.317532 48 22 "Minimization exited successfully."
4519 67 0.185525 53672.426207455435 2.7888507044604437e-06 5.999976721049574 1.199911774632251 0.0 2.7138295362819918 4.141989163947147e-07 1.7500080520780479 1.88683689302009 274.36463764270593 63.0 -15.600682881176162 0.16396191257515014 53616.421781 53704.329747 38 29 "Minimization exited successfully."
4524 40 0.060897 53601.43463301208 6.812554652587899e-05 5.99999999991199 -0.9999999998507237 0.0 0.007152691414376022 2.4822199695473388e-06 0.04661704089663221 0.0007308392546701015 323237.68889188394 36.0 -16.407150477993575 0.09742931846681557 53616.436291 53704.343195 0 40 "Minimization exited successfully."
4530 44 0.295229 53635.220340357235 2.088069635780121e-05 -3.832476502275235 0.0850017831276153 0.0 0.7598928771549254 1.941830711855719e-06 1.0508784678062932 0.13712021004700442 29.931373930732185 40.0 -18.738876951316538 2.1310940988049047 53616.44466 53704.353678 6 38 "Minimization exited successfully."
4547 61 0.439751 53624.80479258312 2.016244591242611e-05 0.06879592446183835 -0.06386404634735077 0.0 1.3142815976243583 1.6540981790907912e-06 1.102670951668669 0.08160228103748973 57.853893284708654 57.0 -19.71792932494059 1.043539605380559 53616.377414 53704.283734 3 58 "Minimization exited successfully."
4572 47 0.382993 53643.29445682373 1.9394839747954862e-05 -2.054570990274413 0.04248960009222369 0.0 1.2927431101452385 1.4218652450559422e-06 0.9315052889327535 0.09584848814117947 50.54656730249287 43.0 -19.318699907042237 1.5075102192692924 53616.410509 53704.317985 12 35 "Minimization exited successfully."
4577 44 0.361934 53647.927991393866 2.3524129521781403e-05 0.3559428160842515 -0.1148546449858242 0.0 0.8353534522029804 1.935195732185035e-06 0.8838008562964768 0.049997595787358684 21.65526270048772 40.0 -19.38550779181991 0.9931138758153253 53616.416544 53704.324306 12 32 "Minimization exited successfully."
4578 67 0.412515 53643.707145878354 2.1408195004073428e-05 -0.28461939911059275 -0.15526852039115924 0.0 0.9908745328830264 1.1588439234555555e-06 0.680985236175593 0.042324752320011816 52.75039182552911 63.0 -19.618605185204828 1.1163790953300108 53616.416544 53704.324727 16 51 "Minimization exited successfully."
4612 106 0.393403 53640.836300755655 1.234589613717807e-05 -0.13352003832811388 0.014849335869490554 0.0 1.2257790839212248 9.68535288700112e-07 0.8903060830452785 0.07939547277613851 90.62300847413476 102.0 -18.897911162455408 1.0775625254225893 53616.349023 53705.254356 30 76 "Minimization exited successfully."
4619 55 0.1788 53666.75494140288 1.288413334768368e-05 5.999996685617493 -0.26313816503759646 0.0 1.9727886449582002 9.208486203476921e-07 0.525475295316153 0.0775450807403813 101.27116325377511 51.0 -17.07115240833206 0.11649992113396124 53622.413664 53705.308292 27 28 "Minimization exited successfully."
4627 33 0.289717 53649.6746258576 6.552474142286435e-05 3.547689255261327 -0.17689213289025996 0.0 0.4280566193810955 3.412512413939473e-06 0.6487776249318182 0.03137696369488496 155.9537658756438 29.0 -19.94533986734159 0.38384800442616296 53622.390185 53705.283685 9 24 "Minimization exited successfully."
