analysis_pipeline/fit_results/sdss_4_salt2_2.0_all.ecsv
# %ECSV 0.9
# ---
# datatype:
# - name: obj_id
#   datatype: string
# - name: num_points
#   datatype: int64
# - name: z
#   datatype: float64
# - name: t0
#   datatype: float64
# - name: x0
#   datatype: float64
# - name: x1
#   datatype: float64
# - name: c
#   datatype: float64
# - name: z_err
#   datatype: float64
# - name: t0_err
#   datatype: float64
# - name: x0_err
#   datatype: float64
# - name: x1_err
#   datatype: float64
# - name: c_err
#   datatype: float64
# - name: chi
#   datatype: float64
# - name: dof
#   datatype: float64
# - name: b_max
#   datatype: float64
# - name: delta_15
#   datatype: float64
# - name: tmin
#   datatype: float64
# - name: tmax
#   datatype: float64
# - name: pre_max
#   datatype: int64
# - name: post_max
#   datatype: int64
# - name: message
#   datatype: string
# schema: astropy-2.0
obj_id num_points z t0 x0 x1 c z_err t0_err x0_err x1_err c_err chi dof b_max delta_15 tmin tmax pre_max post_max message
679 104 0.123663 53618.95006493101 5.610864114079517e-06 0.4244534233438664 1.1999890028406655 0.0 0.002510085607354995 3.885365536726582e-07 1.3525400363590294 0.16927329736550867 102.3605867136284 59.0 -15.277865682177953 0.9175125161700137 53616.221902 53704.121861 5 99 "Minimization exited successfully."
682 187 0.047317 53654.04648953285 1.811705452325896e-11 -2.1629506276839874 -0.7376499026543211 0.0 76.17732993492245 4.574772507226488e-07 10.076007762359753 1.3689319564160056 291.0999842523127 109.0 0.6992958055516638 1.7074584397395043 53616.232356 53705.133817 52 135 "Minimization exited successfully."
688 102 0.066563 53623.87232058081 1.2511524826657183e-05 2.68441900873613 0.9046143008714804 0.0 0.006602152756386204 1.9650026735773543e-06 0.9838832137085465 0.10965774824328467 99.20157290600693 58.0 -14.689810069548813 0.5509727850148778 53616.265664 53704.166778 10 92 "Minimization exited successfully."
691 105 0.129587 53618.65923879624 5.890168537317386e-05 -0.2008848899384139 0.40568713894315045 0.0 0.00020914733249810524 2.4660322228337015e-06 0.363028562296992 0.0330117605845186 287.12929136801637 59.0 -17.875417826611297 1.0782977612489724 53616.228193 53704.128667 5 100 "Minimization exited successfully."
694 186 0.126178 53624.88151179611 0.00012517850353648384 0.6080144572653339 0.3058672887240539 0.0 6.263552131713368e-05 1.4474622935167829e-06 0.1339727901977712 0.009484812343828919 847.5430893833834 109.0 -18.628414619585467 0.9291360501868802 53616.229447 53705.130756 15 171 "Covariance may not be accurate."
697 208 0.155294 53623.44526184173 1.8347067077525425e-05 1.5043006409535877 0.7080316862791363 0.0 0.0011302354141662363 4.354962408870123e-07 0.437033974412286 0.020368656338278224 299.40765918603194 122.0 -17.05576246905069 0.759746273076761 53616.243217 53705.144463 15 193 "Minimization exited successfully."
701 109 0.205128 53603.66359676709 9.825511015866706e-05 -1.1149637045012923 -0.04207126593283894 0.0 1.6546837888672599 1.3902878455442357e-05 0.5215816911607734 0.07456956421285132 109.1859687741579 62.0 -19.521828278046225 1.3158351950146745 53616.241951 53704.142421 0 109 "Minimization exited successfully."
703 108 0.296481 53626.477011584866 3.6305189741814294e-05 0.6047573561339714 0.01192030584907311 0.0 0.6164669312493061 1.7088646168617063e-06 0.583765841190961 0.0385322704489503 54.520335052422936 62.0 -19.352594318600282 0.9415358192652512 53616.246533 53704.147134 15 93 "Minimization exited successfully."
704 109 0.204966 53616.93248468528 2.6353623595148924e-05 0.47312047421977255 0.4280690218734102 0.0 0.001971587509615347 1.9504961641225727e-06 0.754298990261133 0.05929979195727386 92.0359586740703 61.0 -18.10075408004246 0.9484934352790155 53616.248214 53704.148801 5 104 "Minimization exited successfully."
711 100 1.111396 nan nan nan nan -4.0 nan nan nan nan nan nan nan nan nan nan 0 0 "exception was raised in user function User function arguments:      z = +1.111396     t0 = +53652.713291     x0 = +0.010000     x1 = +0.000000      c = +0.100000 Original python exception in user function: ValueError: bandpass 'sdss_sako18_g5' [3677.2, .., 5573.8] outside spectral range [4222.79, .., 19424.8]   File ""/anaconda3/envs/sdss_class/lib/python3.7/site-packages/sncosmo/fitting.py"", line 44, in chisq     zp=data.zp, zpsys=data.zpsys)   File ""/anaconda3/envs/sdss_class/lib/python3.7/site-packages/sncosmo/models.py"", line 1400, in bandflux     raise e   File ""/anaconda3/envs/sdss_class/lib/python3.7/site-packages/sncosmo/models.py"", line 1397, in bandflux     return _bandflux(self, band, time, zp, zpsys)   File ""/anaconda3/envs/sdss_class/lib/python3.7/site-packages/sncosmo/models.py"", line 152, in _bandflux     fsum = _bandflux_single(model, b, time_or_phase[mask])   File ""/anaconda3/envs/sdss_class/lib/python3.7/site-packages/sncosmo/models.py"", line 107, in _bandflux_single"
716 204 0.322376 53639.071691353245 9.948753198863014e-05 5.999999984970067 -0.05415296252177215 0.0 2.5710636691655964e-05 6.439167183081029e-07 0.004449587584420378 0.006753952100627902 2807.561890221464 121.0 -20.763751409532254 0.1212558728129558 53616.287145 53705.190339 55 149 "Minimization exited successfully."
717 100 0.12901 53613.78901092823 1.5353807387703532e-05 0.28089127251468593 1.0049261517575894 0.0 8.706103108124807e-05 2.2049668992885074e-06 0.8086697006553982 0.09635089608432479 81.15716863108574 56.0 -16.448056092170898 0.9526028575923959 53616.294564 53704.196808 0 100 "Minimization exited successfully."
722 105 0.085038 53622.99560068896 0.00022277676592732498 -0.2903066743749587 0.24451643961481095 0.0 3.1397539714816958e-06 3.5666862962641078e-06 0.11090061612470858 0.012147811237907757 1288.8837715141885 59.0 -18.3347448020697 1.1069175950010077 53616.313876 53704.216903 5 100 "Covariance may not be accurate."
735 102 0.189482 53613.77735884866 5.3210508318631836e-05 -3.1321081720886355 0.12365143289131209 0.0 0.0029134151809557807 3.157617097553911e-06 0.4485671993771645 0.053683424140078206 49.37836986534436 57.0 -18.663196040424186 1.941339765718471 53616.333922 53704.237819 0 102 "Minimization exited successfully."
739 100 0.106421 53612.974937353545 0.00024298875889896876 -1.3982538866068044 0.06359952633132138 0.0 3.500099410302937e-07 5.33128425171725e-06 0.13275167223961803 0.018729436352750706 680.2260032402671 56.0 -18.944585687522476 1.3778108329228829 53616.35185 53704.256563 0 100 "Minimization exited successfully."
744 104 0.12694 53618.790082063315 0.00014797991713933257 0.15110721534210647 0.15553116786382315 0.0 3.0998744477983564e-05 2.7092409760498553e-06 0.18016619447068205 0.015531344418248882 519.3360773458555 58.0 -18.82067034503148 1.0230184897102994 53616.226928 53704.126985 5 99 "Minimization exited successfully."
762 100 0.190088 53625.243925930205 9.072239014245808e-05 1.0459760544115433 -0.0055411394776505585 0.0 0.26019209763762774 1.9429631805961694e-06 0.25046698986555826 0.017951988454042 80.33088709043145 56.0 -19.252888253774287 0.8594535327415684 53616.354311 53704.259479 5 95 "Minimization exited successfully."
764 103 0.185808 53620.99385590847 1.978066050731253e-05 5.999999985314364 0.3444857428755088 0.0 0.0010457091921125539 7.548912635990695e-08 6.297109766961739e-08 0.00015534518593163238 108.06277787946354 59.0 -17.652769883330084 0.12366229854763233 53616.360811 53704.265857 4 99 "Covariance may not be accurate."
765 119 0.259902 53629.576445858314 2.6740857210447723e-05 5.999999997472589 -0.2940135379904435 0.0 0.6247249896150606 8.060581208563235e-07 0.34108900860847857 0.0340035565784092 271.95107054915843 68.0 -18.804320556516913 0.12062411965246511 53616.394382 53704.301532 15 104 "Minimization exited successfully."
770 95 0.041464 53628.67389055182 9.029395479694946e-06 4.635194463007062 1.1999999410299353 0.0 0.5648411790389218 4.747874508631563e-07 0.7802266166222918 0.0076998669791352725 397.29058317375825 67.0 -13.344760564456934 0.19745438631499468 53616.398013 53704.304914 12 83 "Minimization exited successfully."
772 118 0.20925 53622.925387165895 1.4952930264212628e-05 5.703443448584952 0.6117827948360877 0.0 0.005460572108859196 1.7035322249620006e-06 1.5063081074084312 0.07506413437038173 123.80722163175119 67.0 -17.63663914994599 0.13753532710547134 53616.399626 53704.307026 5 113 "Minimization exited successfully."
774 113 0.092269 53615.71812062027 0.0003425442817913338 -0.7095916943005953 0.10343143339969707 0.0 3.83775113732554e-05 7.49321434568575e-06 0.11962251783520772 0.014392101898985654 1287.6485378575483 64.0 -18.987369488098143 1.2075118392696886 53616.381476 53704.287502 0 113 "Covariance may not be accurate."
779 113 0.236938 53626.96085429772 5.5321310146680955e-05 0.4191638717400803 0.03902569559429048 0.0 0.40451043184293667 1.997633810091326e-06 0.35983761139706605 0.029509203742951406 55.19790200203506 65.0 -19.25249916557878 0.9761244099993647 53616.38471 53704.290891 10 103 "Minimization exited successfully."
782 115 0.131251 53629.77325839682 3.377146472187342e-05 5.999999999613047 0.703037122212522 0.0 0.0009403564945387188 1.1716229557950923e-06 0.02882548675057528 0.029574253235730485 1029.1186332737486 66.0 -17.422771784555216 0.1270734333419945 53616.41332 53704.32095 13 102 "Minimization exited successfully."
792 110 0.04282 53621.21988953638 1.4852838435973626e-05 1.7386796309287353 0.9070473285745566 0.0 0.005209880215261364 2.503051753131592e-06 0.864090326307152 0.1176963268098663 296.0555144290162 62.0 -13.878568889837716 0.7163188047719657 53616.434617 53704.343242 5 105 "Minimization exited successfully."
799 109 0.146407 53612.88693788506 5.802408976325002e-05 -0.332355232027993 -0.4551511636530047 0.0 0.002458281804138096 2.6719304492062165e-06 0.578972310408306 0.0586931528793917 87.46606048240504 62.0 -18.15111102030278 1.1585036539600502 53616.25818 53704.159114 0 109 "Covariance may not be accurate."
818 116 0.237174 53613.475985446676 3.260325874276382e-05 -1.284184129861436 0.24376792925561386 0.0 56.32179952169463 0.011951529462827222 8.170747385401372 1.5918844151917526 69.07306996612067 66.0 -18.68210943244033 1.3305610546797588 53616.421385 53704.329311 0 116 "Covariance may not be accurate."
822 113 0.236635 53621.5745025479 4.845692243672817e-05 -0.5958987157155065 -0.058363276024468114 0.0 92.6960775275802 9.773019404918396e-07 0.00038179498893953223 6.349804857519459e-05 87.43906447804663 65.0 -19.104667159359682 1.1936627943994083 53616.421787 53704.330152 5 108 "Covariance may not be accurate. Covariance not positive definite. Covariance forced positive definite."
830 114 0.38623 53682.49942827899 3.657900060976882e-05 5.999999501062803 -0.23058425018812878 0.0 0.37234458183229435 7.060801253699888e-07 0.08670250592924678 0.01132579420787011 1075.6383176771922 65.0 -20.14130987851621 0.12072724856898986 53616.426207 53704.334779 85 29 "Minimization exited successfully."
841 110 0.298318 53624.83106375352 3.439832140982979e-05 0.7626219812155863 -0.11480144345150844 0.0 0.6393657655353309 1.8791386797228907e-06 0.6496691002010486 0.039107330421331465 48.8627316089291 62.0 -19.31086542308556 0.9159466556949063 53616.443061 53704.352405 5 105 "Minimization exited successfully."
859 108 0.276728 53624.305340377905 4.5410499763149925e-05 0.6639292140001363 0.03966311776694864 0.0 0.6303716579168395 1.6527334669896863e-06 0.4778821120843757 0.032400486496106384 68.57040592798953 61.0 -19.423183046705834 0.9292472277941854 53616.285913 53704.188235 10 98 "Minimization exited successfully."
863 100 0.092949 53625.57849129471 1.864380081629813e-05 5.418774588839732 0.7197917481028404 0.0 0.01359765858069295 1.763485446989454e-06 0.7714057650377892 0.06764106172696249 265.0178237423415 56.0 -15.948744998229873 0.15120140206063937 53616.297451 53704.199788 10 90 "Minimization exited successfully."
875 110 0.104044 53625.147450131655 1.2278482416892e-05 2.6606417794588353 1.199999999930058 0.0 0.9911140484218777 4.003591186946269e-07 0.6162621891562576 0.004081544205940313 616.0578868349479 62.0 -15.727217092956625 0.5543328931213338 53616.259017 53704.159957 10 100 "Minimization exited successfully."
879 101 0.451353 53661.20113640023 5.391572572250647e-05 5.999999999170534 -0.3468855261856174 0.0 0.24098581467114855 8.534283007938248e-07 0.01701117570465538 0.0073357427101829464 4514.962720142266 58.0 -20.968910206194277 0.12057443945012736 53616.271455 53704.173235 44 57 "Minimization exited successfully."
893 105 0.108834 53620.07397139567 5.50779907069654e-05 -0.9240492571656711 0.14322626995643128 0.0 0.5019115892901027 2.3719694597351676e-06 0.4278588675415378 0.03806492575681086 91.0288718438307 59.0 -17.386336913939274 1.2535482454292506 53616.32699 53704.230537 5 100 "Minimization exited successfully."
895 100 0.266814 53613.94388628574 2.6297154589915995e-05 -0.08951865221270339 0.31900024914131486 0.0 0.005237116271018749 2.748115887483139e-06 0.9356979935566372 0.08608186093250725 92.96912695422131 56.0 -18.74277832436433 1.0615343502161956 53616.348201 53704.253128 0 100 "Covariance may not be accurate."
896 100 0.423446 53656.09995837056 1.9452608590979637e-05 5.99999989412785 -0.36029373825054944 0.0 0.40451431961992057 7.294129043439178e-07 0.06440117108691812 0.01696438946740736 921.4732082606337 56.0 -19.6974750045534 0.12056715666771112 53616.350236 53704.255256 40 60 "Minimization exited successfully."
904 105 0.383892 53621.015261506574 2.7736005730588655e-05 0.9674834073199818 -0.2694264058438426 0.0 3.0365907721316034 1.8928859224498495e-06 1.8740192871971977 0.05650445333857995 41.33266994811051 59.0 -19.720697781076346 0.881500718593351 53616.369321 53704.275234 5 100 "Minimization exited successfully."
907 95 0.105466 53643.046912120386 3.577267175536858e-05 5.999985680476939 0.9084714909939688 0.0 2.6773701392812654e-05 4.7525402602610663e-07 0.03562632941490751 0.017431881769084168 1652.1676323527477 67.0 -16.990363301322645 0.12946720732253425 53616.398831 53704.305729 28 67 "Covariance may not be accurate."
910 103 0.147747 53617.859363177646 5.852244455058609e-05 0.41911473585844483 0.3727812126436121 0.0 1.581482501933351e-05 2.497980159446025e-06 0.3866022551924475 0.03307915039750409 327.29618619701836 59.0 -18.1778116708088 0.9610443086953495 53616.33353 53704.237346 5 98 "Covariance may not be accurate."
911 116 0.206325 53621.85067512583 3.716258834023156e-05 -0.6293746720672431 0.23581554127580118 0.0 0.67813712278803 2.3156456341444382e-06 0.6389080216410812 0.048282297885188785 57.82590522741203 66.0 -18.483135852695916 1.1795738078498452 53616.416953 53704.324712 5 111 "Minimization exited successfully."
921 235 0.125781 53630.0917222273 5.7571859895722e-06 5.99999999991503 1.1740779885424621 0.0 66.12848946079976 0.012154422457296971 7.520900427672682 1.450115373745163 202.78641564543065 140.0 -15.448348114240797 0.1329382377484798 53616.457475 53705.367973 24 211 "Covariance may not be accurate."
930 180 0.288698 53657.317415085345 4.1699456444702634e-05 5.999999034044258 -0.17986282396925113 0.0 0.24277558796529775 6.426759806826826e-07 0.025184780457885303 0.016123821924193316 2107.543716537853 104.0 -19.54476256368447 0.12084326901211284 53616.351053 53705.256485 65 115 "Minimization exited successfully."
932 114 0.390036 53619.33151192781 2.2142019597884976e-05 3.6234114752740023 0.048898133628695106 0.0 1.8504380493941426 2.403195036094209e-06 1.350541217797483 0.0632697431625992 84.08227713379522 65.0 -19.53060290728936 0.31456561363501123 53616.38915 53704.295563 5 109 "Minimization exited successfully."
938 118 0.760567 53680.13148368109 9.478019348435619e-06 0.15058282907476084 -0.43778360939921923 0.0 1.0330836018147238 7.024061585292337e-07 0.1124186184032463 0.012013746171543604 411.06354637200144 68.0 -20.354388268346007 1.0512051678710534 53616.411727 53704.319218 79 39 "Minimization exited successfully."
979 109 0.291144 53619.24249689419 2.6085395682422518e-05 -0.12991622175185213 0.21158801765772806 0.0 2.3769937290635426 2.062903210497957e-06 1.5602734547729158 0.0763742440634283 82.87193184812655 62.0 -18.949055749017027 1.0761102686366932 53616.247361 53704.148008 5 104 "Minimization exited successfully."
983 102 0.067238 53628.27785928039 1.8728568272362578e-05 5.999999942051275 1.1067545188688244 0.0 0.7168654787201376 1.600214693569524e-06 0.10575377227475169 0.061397745521770464 306.28076335167555 57.0 -15.273877468405416 0.13202339359084547 53616.269781 53704.17114 19 83 "Minimization exited successfully."
986 103 0.279009 53619.11937272964 2.9992740457608358e-05 -0.06335341175593534 0.0010806663651869997 0.0 1.9675843210316089 1.7659343683479311e-06 1.1252777843881705 0.054307891479922654 44.3401219222462 58.0 -18.992409070267954 1.0745798602465335 53616.292499 53704.194686 5 98 "Minimization exited successfully."
