analysis_pipeline/fit_results/sdss_4_salt2_2.4_blue.ecsv
# %ECSV 0.9
# ---
# datatype:
# - name: obj_id
#   datatype: string
# - name: num_points
#   datatype: int64
# - name: z
#   datatype: float64
# - name: t0
#   datatype: float64
# - name: x0
#   datatype: float64
# - name: x1
#   datatype: float64
# - name: c
#   datatype: float64
# - name: z_err
#   datatype: float64
# - name: t0_err
#   datatype: float64
# - name: x0_err
#   datatype: float64
# - name: x1_err
#   datatype: float64
# - name: c_err
#   datatype: float64
# - name: chi
#   datatype: float64
# - name: dof
#   datatype: float64
# - name: b_max
#   datatype: float64
# - name: delta_15
#   datatype: float64
# - name: tmin
#   datatype: float64
# - name: tmax
#   datatype: float64
# - name: pre_max
#   datatype: int64
# - name: post_max
#   datatype: int64
# - name: message
#   datatype: string
# schema: astropy-2.0
obj_id num_points z t0 x0 x1 c z_err t0_err x0_err x1_err c_err chi dof b_max delta_15 tmin tmax pre_max post_max message
[from data line 311]
3452 65 0.229666 53648.37663068742 7.275769401370647e-05 0.9103911152509045 -0.06580515167710999 0.0 0.2740334702648397 1.9087128187533805e-06 0.2736356331687255 0.027793512362328465 39.37150115449 40.0 -19.473146640842224 0.8937009063522936 53616.241951 53704.14285 21 44 "Minimization exited successfully."
3475 42 0.299548 53642.21088615287 2.3129677332338615e-05 -3.9703696927057854 -0.15177498921143995 0.0 0.9216107865468075 1.8039847305123536e-06 0.6286115987299583 0.09169832924175114 55.680280040978566 38.0 -18.88686121915886 2.2605772971224063 53616.313478 53704.216446 14 28 "Minimization exited successfully."
3479 41 0.252419 53656.4558901461 3.219144169227528e-06 2.5763216310306305 1.199999230546458 0.0 5.3437638061914186 1.4408530541981657e-06 9.130135654263427 0.3267752933436895 35.94993183199161 37.0 -16.40246021373141 0.5797250159049447 53616.338423 53704.242479 17 24 "Minimization exited successfully."
3480 60 0.17373 53667.95852457495 3.3531231277050824e-06 4.9618915339386 0.7839003085788347 0.0 4.636199980468518 1.5265232088612633e-06 11.30720434434943 0.422482675614549 58.947468878201015 36.0 -15.545643383134866 0.19895386475608134 53616.350642 53704.255256 30 30 "Minimization exited successfully."
3488 65 0.15883 53645.71824985035 4.963999712023992e-05 -0.677757411293598 0.21900693937819504 0.0 0.40515580466671963 2.074641998848215e-06 0.4671990007295084 0.050584517250324534 59.988060812555936 40.0 -18.16646474212229 1.171442339162347 53623.172749 53704.082438 18 47 "Minimization exited successfully."
3497 60 0.165352 53648.08947575989 2.420863441703114e-05 2.55724417076099 0.11313538727124484 0.0 0.9255842664388183 2.1889271416419836e-06 1.1444119120645495 0.08501663544769977 54.26144168933205 36.0 -17.484902987916897 0.6119571158837331 53623.209457 53704.11923 18 42 "Minimization exited successfully."
3508 60 0.495076 53644.38640915899 2.446553754128167e-05 0.5247487307750056 -0.10910052619930533 0.0 0.7367163007402269 1.2494495481674152e-06 0.5830679775118446 0.032382829103670074 44.919668120645774 56.0 -20.236911138695554 0.9625637451591906 53616.355115 53704.259936 21 39 "Minimization exited successfully."
3514 40 0.26267 53652.368721121864 4.927634798798875e-05 4.391557247477028 0.09296549494382611 0.0 0.3454794404497079 1.8937100662341776e-06 0.4959414442060641 0.032477748256525274 87.96119940891184 36.0 -19.412550866168356 0.23761410399975347 53616.293349 53704.195463 16 24 "Minimization exited successfully."
3517 40 0.11202 53645.505751348544 2.3931256380104184e-05 5.999994051394921 -0.9999986063061949 0.0 0.8006425328385376 1.0013328548014177e-06 0.9278060293484085 1.3676224969773696 50.595089328589616 16.0 -16.671802009650015 0.09742967460567087 53616.302827 53704.203591 16 24 "Minimization exited successfully."
3527 70 0.418798 53636.73259962887 1.258896126437814e-05 4.847360082846231 0.11856548896367691 0.0 1.649663941192557 1.2498522841841719e-06 1.837114246496851 0.10150448721020966 71.23352414811654 66.0 -19.127218783889766 0.19557970637981725 53616.413332 53704.321342 11 59 "Minimization exited successfully."
3532 68 0.181326 53628.06291715767 5.3054378364914e-06 0.7880370965910899 1.1999999692549803 0.0 2.8055924717009475 1.0431847432407215e-06 2.5250651855896042 0.23620224009151913 35.862818578500054 42.0 -16.1331904484411 0.857654638152745 53616.427001 53704.335231 6 62 "Minimization exited successfully."
3535 46 0.307551 53638.437945809856 2.7689850949318417e-05 0.45861244453568073 0.0030828219279959157 0.0 0.9125056558004871 1.7467641715007698e-06 0.9135313667547336 0.06880175183718518 23.33775007852291 42.0 -19.149553477374397 0.9694578670893534 53616.431417 53704.339853 8 38 "Minimization exited successfully."
3565 42 0.288229 53645.49929024548 3.88886095962393e-05 -1.0187178377742594 -0.19200531096820783 0.0 0.4551694683577807 1.8922602043575094e-06 0.46084973823691033 0.04646125314266586 25.755337597187214 38.0 -19.35633928444563 1.2735464981086437 53616.319203 53704.222456 16 26 "Minimization exited successfully."
3572 63 0.432606 53631.51455228037 1.5025096865316501e-05 5.999996895535308 -0.39754385131227266 0.0 0.9988473646371858 8.521648456405461e-07 0.2383670924104253 0.02731592098828206 248.24224330779663 59.0 -19.445712533191504 0.11261584089394105 53616.327795 53704.23142 12 51 "Minimization exited successfully."
3573 62 0.214527 53616.53583373564 2.217389172314177e-05 2.843788077120138 0.06438088445482859 0.0 0.0002649544876476284 2.3894747437691603e-06 1.509469765956323 0.11964400617756238 62.71095700547618 37.0 -18.019721570008024 0.5582662366696987 53616.328204 53704.231847 3 59 "Covariance may not be accurate."
3592 42 0.085433 53645.01398272606 0.000527997887779429 -0.2270106828411853 0.22583849830136105 0.0 0.15053197040833766 8.245020163935015e-06 0.1721096515302909 0.43280418559643363 117.56922547207611 17.0 -19.282113977532713 1.0830758965052247 53616.365695 53704.269318 16 26 "Minimization exited successfully."
3593 42 0.35505 53626.0034057562 2.221785618481631e-05 1.0450424013220108 -0.06646513289540823 0.0 1.1936142417725932 2.032511559750261e-06 1.2299348429186283 0.08086834650927283 40.626525041503974 38.0 -19.274717860375297 0.8708365596556753 53616.365659 53704.271018 2 40 "Minimization exited successfully."
3596 44 0.116969 53626.10417403641 6.6072654981053085e-06 -0.33962203643230815 1.1999409800478342 0.0 4.158008127011271 3.441818357213244e-06 4.181517362335901 1.1414356553351 25.99681071093358 18.0 -15.329431398245305 1.037739600948008 53616.375829 53704.279932 2 42 "Minimization exited successfully."
3607 40 0.087854 53640.085612566356 2.297273029160163e-05 5.999999970262049 1.1999999999622366 0.0 1.2019539631146472 1.6352834327815212e-06 0.5216874890151244 0.29506637662277724 55.557616235091615 16.0 -16.129644226240107 0.16396412933962523 53622.278853 53705.165946 10 30 "Minimization exited successfully."
3611 78 0.091615 53649.62648156069 2.496923096939163e-05 5.999999996300716 1.1999999999926425 0.0 0.0004635582445189357 9.039617736683593e-07 0.15763481700262183 0.0806194071594466 123.48138767037175 35.0 -16.316789050068675 0.16396412858022202 53616.303222 53705.204887 28 50 "Minimization exited successfully."
3644 65 0.214418 53656.594005455794 3.1656111216316064e-06 5.999999993301081 0.6190555664755892 0.0 2.8313829796024947 9.54599441124193e-07 7.484667479693563 0.5351259773945343 66.0159833191036 40.0 -16.020867006017674 0.14459337909260483 53616.379427 53704.28546 24 41 "Minimization exited successfully."
3723 16 2.118006 nan nan nan nan 0.000676 nan nan nan nan nan nan nan nan nan nan 0 0 "No bands in data overlap the model."
3729 40 0.25275 53678.59490270145 9.743227299048306e-06 5.999628018668552 0.4434340531840457 0.0 2.4947214579333377 8.087092151859437e-07 7.491804510104215 0.15065338873215461 63.382792200254336 36.0 -17.632459327949732 0.13876685510681952 53622.282604 53705.171926 26 14 "Minimization exited successfully."
3740 48 0.234879 53638.51958482211 9.025496039424264e-06 5.999951955225388 0.33103643648947845 0.0 1.707136816541606 1.4282243443358718e-06 10.089942838201933 0.27357539014384624 46.86981576945729 28.0 -17.361626794780676 0.13505739366767244 53622.347381 53705.238587 9 39 "Minimization exited successfully."
3746 110 0.188604 53616.91407725639 1.9268728346804044e-05 0.5680165278945672 0.6549205885193139 0.0 0.005528300953301368 2.558383401111142e-06 1.4458119739037962 0.14520185026367538 117.46011982359241 70.0 -17.57318052860262 0.919849792825282 53616.339655 53705.244983 3 107 "Minimization exited successfully."
3757 38 0.069066 53648.02872400823 2.2461717079022003e-05 1.8779960050520454 1.1995826174981334 0.0 1.3410119061009027 1.098628009688296e-05 3.5394370234822707 1.8905200154505781 19.825989307127077 15.0 -15.445288738254145 0.6939951204629473 53622.319858 53705.208736 12 26 "Minimization exited successfully."
3775 72 0.137941 53632.51253005126 2.4299436131903774e-05 0.7332432926588464 1.199666641669174 0.0 1.354000966744934 2.9869727125736434e-06 1.8051787105122123 1.7703630329887252 76.70451835486742 32.0 -17.132368949671587 0.8660108353913891 53616.350677 53705.254782 10 62 "Minimization exited successfully."
3780 34 0.360378 53641.40266298831 1.665083552029989e-05 3.5119700859006695 -0.04128476174340523 0.0 1.5248180881899316 2.1525809097905363e-06 1.8272446253256813 0.0899245915013776 14.373452418375951 30.0 -19.00768674594564 0.38910529045767817 53622.340814 53705.231807 10 24 "Minimization exited successfully."
3786 32 0.065163 53637.30746499875 1.5563809759407964e-05 5.999998589156029 1.1999991578516216 0.0 1.560378740694432 1.8345218545062774e-06 0.8477626940093472 0.3501564512377866 60.141550295960066 12.0 -15.023442460019147 0.1639641420318938 53622.372731 53705.26372 6 26 "Minimization exited successfully."
3805 34 0.246932 53643.11341179341 2.8674794068671572e-05 5.999997926296405 -0.10895982669808224 0.0 1.017951193582121 1.2024195654430925e-06 0.216962691686593 0.06019485370055028 121.10698489560978 30.0 -18.726845982137807 0.12112769808024382 53622.361274 53705.253552 10 24 "Minimization exited successfully."
3811 51 0.417873 53633.45123266036 1.881151706383144e-05 -0.8517382657871915 -0.09092529236960967 0.0 1.1516774461015302 1.7893575119587438e-06 1.3802961146456942 0.10821064292623223 52.68010708264522 47.0 -19.510382918187783 1.2295637800346277 53622.362907 53705.255255 6 45 "Minimization exited successfully."
3825 34 0.312029 53645.02632992639 2.5430762710698664e-05 -0.8572267403416642 0.026882837344282873 0.0 1.0594132757978514 2.7671444383642324e-06 1.0546784382232617 0.098471661565606 30.394292628351764 30.0 -19.092763443976846 1.2223806579506302 53622.373099 53705.265893 10 24 "Minimization exited successfully."
3852 40 0.346735 53648.487239440925 2.7869879488755522e-05 0.13686023607215514 0.09550416420634722 0.0 0.732396279610839 5.095555335084546e-06 1.3987455226997163 0.1131648519729258 23.266171314292954 36.0 -19.460099742314892 1.0228717320115486 53622.304165 53705.194175 12 28 "Minimization exited successfully."
3858 60 0.146156 53628.503447453906 2.1719283004638658e-05 5.999999367559109 0.8135655499497554 0.0 1.1019903025517124 1.5578847762781629e-06 1.032639595704559 0.08393419512426137 76.54833777744155 36.0 -17.20809352529703 0.15110809327764585 53622.308298 53705.198454 6 54 "Minimization exited successfully."
3868 57 0.19463 53650.680424408536 7.296967152994327e-06 5.9999996759572305 1.1203035530425782 0.0 2.2348745585441065 1.6166924847815793e-06 1.2652123739780121 0.29583880599958723 74.7753052152165 34.0 -16.749218853561437 0.161338475981605 53622.323147 53705.213423 18 39 "Minimization exited successfully."
3871 60 0.535274 53656.97900974475 2.5906465928458022e-05 0.11708316358779403 -0.6282453096411713 0.0 0.2959251825159299 1.4206120926729692e-06 0.07715752358741845 0.014528403929607137 663.4431048281962 56.0 -20.522377222343636 1.0599848258458735 53622.300865 53705.190704 21 39 "Minimization exited successfully."
3872 57 0.415137 53653.260293463485 8.17554944597454e-06 5.9999995665826695 -0.4024752633873503 0.0 1.1720356381774764 8.579697958327468e-07 1.1957849125951112 0.058678683763759176 95.19066131329417 53.0 -18.678647646800055 0.1124762117455056 53622.325617 53705.216415 18 39 "Minimization exited successfully."
3881 40 0.32616 53636.14771411295 2.7331000804831086e-05 -1.0571392480878066 -0.18411610531435563 0.0 0.6747903898940422 1.8774239836510942e-06 0.6692066383992961 0.06441313896851797 26.732737063024125 36.0 -19.284234230653148 1.2816481439252314 53616.289635 53704.192055 10 30 "Minimization exited successfully."
3887 34 0.297161 53622.70455389897 2.5553552308147375e-05 -1.1880111589205882 0.05313216856834968 0.0 4.441063362985005 3.298002931539368e-06 2.151721889057778 0.12415704107719416 41.227881132295245 30.0 -18.975223493911344 1.2928075949492275 53622.355558 53705.247146 2 32 "Minimization exited successfully."
3888 40 0.116951 53642.14334285092 3.781352213374278e-05 2.5814604948594635 1.1999770585045852 0.0 0.7672674553068646 2.331167483949349e-06 0.9545878355835562 2.107185766596629 12.811261276458792 16.0 -17.22807916443983 0.5787889417556791 53616.334372 53704.236493 12 28 "Minimization exited successfully."
3889 62 0.227878 53634.37979203932 1.9964725850387666e-05 2.3710860727953857 0.4408162972405072 0.0 1.4119417520414572 1.5994999894952673e-06 1.1390165568326234 0.10138706659953911 27.96782381141175 38.0 -18.062494182674982 0.6365594591719059 53616.333122 53704.23692 11 51 "Minimization exited successfully."
3901 74 0.061697 53656.42116376109 0.0010003387809770436 1.485018508045707 0.20686879292607885 0.0 0.04428647621170967 7.39392635799971e-06 0.05775192600937995 0.12197288306776866 691.439704046781 33.0 -19.233730535718436 0.788833864860262 53616.354335 53705.25822 28 46 "Minimization exited successfully."
3903 40 0.043073 53603.61883163128 0.0003436702346648779 -4.327714435099425 -0.9999999502774605 0.0 0.4538751987456635 5.2626890804457495e-05 0.2334271290705523 0.04147333911536272 1170.116665678944 16.0 -17.305786371003528 2.758093267487162 53616.347013 53704.249705 0 40 "Minimization exited successfully."
3935 54 0.641065 53656.81437899901 1.5257357052407273e-05 0.49475727388778346 -0.4167723532133689 0.0 1.3306702203954046 1.088369255209387e-06 0.13984832087912968 0.01789865445470118 271.80474241458916 50.0 -20.413149171789453 0.9803061998357983 53622.410026 53705.304064 21 33 "Minimization exited successfully."
3936 125 0.178146 53626.929756573336 1.4842454004995177e-05 -5.999999302234168 -0.5353352217593391 0.0 0.7038625705936283 1.6052812467437496e-06 0.33883396057080084 0.19519501456740251 439.2063416170174 81.0 -17.139550504710996 nan 53616.398018 53705.306178 8 117 "Minimization exited successfully."
3945 38 0.260455 53644.53088067646 4.42187097534319e-05 0.7058148603074716 -0.16531478875960925 0.0 0.589825224436936 3.1295953312054925e-06 0.6446308359925883 0.06418502269008614 56.54961114548361 34.0 -19.243996233288684 0.9328540736195485 53622.286766 53705.176179 8 30 "Minimization exited successfully."
3959 74 0.182509 53648.697941251485 2.7193016238077352e-05 0.24009269673224232 0.32099750206675637 0.0 0.6359020526433596 1.9095603373836533e-06 0.8385793175959657 0.07391909404893005 55.40999475941677 46.0 -17.85005901160128 0.9926822127415598 53622.44792 53705.343685 21 53 "Minimization exited successfully."
3967 38 0.103849 53653.659104507366 9.65924284591746e-06 5.99970973864324 1.1999999314309422 0.0 1.6742454509148956 1.2816602242399226e-06 1.418133538021082 1.4303593362126366 56.15586185062096 15.0 -15.575935069014676 0.163972603768741 53622.396705 53705.288382 12 26 "Minimization exited successfully."
3975 125 0.392269 53648.727161634015 1.9643991878302015e-05 -0.16677825263759516 -0.010094999154433015 0.0 0.5778196475075674 1.146738403314251e-06 0.6352377726311094 0.041935540371360325 114.52893721949398 121.0 -19.394727516906265 1.085307654582234 53616.393177 53705.300664 42 83 "Minimization exited successfully."
3983 32 0.306494 53653.107915091416 3.535352024097938e-05 2.28582643508172 -0.05077043711087692 0.0 0.7714991215179907 3.964334277752334e-06 1.0161665780540656 0.08544080020198858 24.406876075548936 28.0 -19.40858845421245 0.6634519842827302 53622.345331 53705.236897 8 24 "Minimization exited successfully."
3987 32 0.122708 53631.11189068687 1.6375814988005554e-05 -4.362057578556129 -0.6512406175638807 0.0 0.9706378732407757 1.259504681961121e-05 2.4257615063950975 1.4138847304307471 9.072876663793787 12.0 -16.367657917110602 2.6668079395094466 53622.364981 53705.255224 4 28 "Minimization exited successfully."
4000 36 0.276556 53643.065158107434 3.087002055100263e-05 -1.2204123364642703 0.13855463473437357 0.0 0.8525171036199026 1.8031346390851028e-06 0.5735551215167689 0.08550862279188598 35.461120175742764 32.0 -19.001584497282813 1.2929954860622814 53622.410033 53705.304034 8 28 "Minimization exited successfully."
