analysis_pipeline/fit_results/sdss_4_salt2_2.0_all.ecsv
# %ECSV 0.9
# ---
# datatype:
# - name: obj_id
#   datatype: string
# - name: num_points
#   datatype: int64
# - name: z
#   datatype: float64
# - name: t0
#   datatype: float64
# - name: x0
#   datatype: float64
# - name: x1
#   datatype: float64
# - name: c
#   datatype: float64
# - name: z_err
#   datatype: float64
# - name: t0_err
#   datatype: float64
# - name: x0_err
#   datatype: float64
# - name: x1_err
#   datatype: float64
# - name: c_err
#   datatype: float64
# - name: chi
#   datatype: float64
# - name: dof
#   datatype: float64
# - name: b_max
#   datatype: float64
# - name: delta_15
#   datatype: float64
# - name: tmin
#   datatype: float64
# - name: tmax
#   datatype: float64
# - name: pre_max
#   datatype: int64
# - name: post_max
#   datatype: int64
# - name: message
#   datatype: string
# schema: astropy-2.0
obj_id num_points z t0 x0 x1 c z_err t0_err x0_err x1_err c_err chi dof b_max delta_15 tmin tmax pre_max post_max message
[from data line 93]
1385 85 0.335346 53625.93889041431 3.018118104425649e-05 -0.09322212722616996 -0.11459772919465128 0.0 1.712014283395547 1.9633305931815444e-06 1.1085011478866238 0.05378581048967285 23.159973150341223 47.0 -19.46262022022815 1.087159546419361 53622.349422 53705.241177 5 80 "Minimization exited successfully."
1395 94 0.184968 53622.86490694562 8.640531716771815e-05 -1.1892762931816776 0.059228957394162896 0.0 0.9214099781784171 3.1131041672588527e-06 0.45680153330989004 0.03149204735368383 94.05114313467615 52.0 -19.131456721787444 1.32504037270715 53622.319024 53705.209591 5 89 "Minimization exited successfully."
1396 95 0.271554 53617.69492561858 5.014992285177544e-05 2.835372129327201 0.14029737025358457 0.0 0.005427532385510858 3.088559686788006e-06 0.8294615014755493 0.04829052401811451 134.9733655024451 53.0 -19.491171648836392 0.5200096517490067 53622.319848 53705.210446 0 95 "Covariance may not be accurate."
1400 85 0.277262 53612.49513192482 2.9765611592267316e-05 1.4841646442909147 0.31141364930749393 0.0 0.0012491676934587304 4.984912915531602e-06 1.5745432624069076 0.10940304965777747 97.48553461220435 47.0 -18.974522218627335 0.7727777227435695 53622.369843 53705.262475 0 85 "Covariance may not be accurate."
1403 95 0.359741 53627.746265677946 2.537115062808071e-05 -1.2744834498632454 0.10444544011913881 0.0 1.1040735465903708 2.0287608892494155e-06 1.0525469748042524 0.0824679421934309 47.97077031580006 53.0 -19.451137144401937 1.3420090276494072 53622.324791 53705.215148 10 85 "Minimization exited successfully."
1415 85 0.210449 53631.83226984234 5.6085429516897766e-05 0.7891990007761747 0.19048110114812666 0.0 0.4737864959606668 2.310460095976685e-06 0.48113542067695425 0.031728935331608366 71.0682564211514 47.0 -18.978635937503114 0.9003594588922397 53622.342044 53705.233514 10 75 "Minimization exited successfully."
1427 85 0.338832 53618.3357514713 2.516270512890162e-05 3.0038636805814836 0.080047349257375 0.0 0.0033417736121919006 2.542412927979411e-06 1.4949208699167125 0.07860033490795515 48.9666412388744 47.0 -19.29985315793393 0.48116230388434644 53622.376356 53705.269294 0 85 "Covariance may not be accurate."
1450 120 0.399415 53611.85137785851 1.090180470923352e-05 -2.0390527021855815 -0.9242855809628234 0.0 2.144927766694309 3.530582467368149e-06 0.31218463728592094 0.06148379984469865 79.52797779253527 68.0 -18.841472001012022 1.6852063062641989 53622.426581 53705.321379 0 120 "Minimization exited successfully."
1452 120 0.324156 53639.146375254124 1.607769672066217e-05 5.9999997765707676 -0.23030106888002455 0.0 0.615558175733895 8.593763311987033e-07 0.18959508492209753 0.0433652892843866 236.76666553164597 68.0 -18.802825295357646 0.12072780255111226 53622.428597 53705.323487 20 100 "Minimization exited successfully."
1456 120 0.198268 53632.38322176672 1.3080959024718287e-05 5.461312526816817 0.6062359515574927 0.0 1.5032010923277994 1.1574331263219939e-06 1.1223283670710291 0.06194617041023842 65.00927336336625 68.0 -17.349642413316808 0.1485200423469415 53622.437057 53705.332333 10 110 "Minimization exited successfully."
1457 120 0.359187 53616.37970104867 2.5155844511448588e-05 -0.060859928670416785 0.02302779600719118 0.0 4.677594421747926 4.609064236278937e-06 1.4367035259547425 0.09532982736768447 53.89196599291806 68.0 -19.4385115093998 1.0728508769203273 53622.43746 53705.333175 0 120 "Minimization exited successfully."
1461 194 0.33986 53629.076352732714 2.5186716437908262e-05 0.1980531777413468 0.04084578169835584 0.0 0.7066460100541008 1.214192897250333e-06 0.5952112007707866 0.03924402129864202 94.74155865740765 113.0 -19.29951704006444 1.0194634431967486 53616.378224 53705.285413 25 169 "Minimization exited successfully."
1464 97 0.288787 53620.87173310427 3.358393227690937e-05 -1.3388864143572246 -0.11727799730421651 0.0 0.003661377682874445 2.128582757892629e-06 0.6766298644401485 0.062135948510027295 35.369514141786446 56.0 -19.20089913245 1.380472146013151 53622.397479 53705.290925 0 97 "Covariance may not be accurate."
1469 100 0.086745 53632.216921886604 2.0009506671302412e-05 5.99999999987779 0.4095857004254193 0.0 0.8985382462597045 1.0515444580283537e-06 0.2191570807582668 0.04967145547001217 227.07855265993186 56.0 -15.874065163829005 0.1242009512526856 53622.401125 53705.295161 10 90 "Minimization exited successfully."
1470 207 0.08672 53636.59416991941 1.848682773818444e-05 5.99999999999984 0.8916643208491608 0.0 0.32707004583789967 7.229497825866896e-07 0.0389846251642485 0.029623943417964482 1106.7260358845185 121.0 -15.81923247768463 0.12926051794713445 53616.389543 53705.297278 34 173 "Minimization exited successfully."
1478 105 0.200911 53619.332116743906 5.589842555424496e-05 0.7304791122027172 0.04259160436150955 0.0 0.0029285905438882764 2.0749489823368458e-06 0.48455927919804376 0.03334740637754896 49.892329907223385 59.0 -18.860763485372992 0.916597710476708 53622.414475 53705.309122 0 105 "Covariance may not be accurate."
1495 120 0.204013 53624.791112386934 1.423225262585759e-05 2.631962629177872 0.6767307544897367 0.0 2.9719644325159607 1.560509414409439e-06 1.079169459008309 0.07841108104375372 72.74734049699462 68.0 -17.437774750018782 0.5622962964344609 53622.425778 53705.32052 5 115 "Minimization exited successfully."
1504 235 0.316373 53627.596123729934 2.6861198117875684e-05 -0.6892829234460276 -0.05979763433620289 0.0 0.5889699356375786 1.1796570053979044e-06 0.4928627582826204 0.034800303511098085 246.87457356781337 138.0 -19.187620094661323 1.2151465184249517 53616.420565 53705.32937 20 215 "Minimization exited successfully."
1511 120 0.185727 53612.15574877248 3.619374586160018e-05 -1.9821206616342844 0.3595877856899481 0.0 0.006301995581452502 4.4374988596151954e-06 0.7394282182473442 0.08036107173040041 71.89206433214738 68.0 -18.202592531807525 1.5029377380245883 53622.440281 53705.335683 0 120 "Covariance may not be accurate."
1514 119 0.041224 53630.0400368355 0.00021910912190205357 1.2058606794409243 0.5952730243943452 0.0 0.07832234101442737 2.0277639989635393e-06 0.06800044922362858 0.00677412419898904 5936.2686019050725 68.0 -16.69166913720103 0.8131577899945448 53622.442695 53705.338627 10 109 "Minimization exited successfully."
1525 120 0.106504 53631.985394400304 0.00013272101851020458 2.817192509942352 0.20035187764543716 0.0 0.00022699584224028513 1.8887656433613803e-06 0.157276376409345 0.010340900577875511 1368.6740080799473 71.0 -18.29936614137219 0.52406243024868 53622.453549 53705.349546 10 110 "Minimization exited successfully."
1533 90 0.143081 53632.02832920618 1.2062760112204752e-05 5.999999999988814 0.9362830607597346 0.0 1.014740149203135 1.361435604549932e-06 0.43088741120750385 0.08606097043666561 187.69524192385165 50.0 -16.528900534460114 0.12981181612148163 53622.310371 53705.200134 10 80 "Minimization exited successfully."
1535 129 0.234585 53635.63941282763 4.67039167477934e-05 5.9999250384522504 0.3653810659960519 0.0 0.0003676755695778411 8.211569617000438e-07 0.024802563051652626 0.018313949524907724 796.2487996085435 74.0 -19.154442903166682 0.12383380949297162 53622.457565 53705.35374 15 114 "Minimization exited successfully."
1545 64 0.097666 53624.2543360689 0.00012297108193709327 -2.7181434436668863 -0.0413902932045509 0.0 0.5847743403937784 3.3803211839567008e-06 0.3082616642646441 0.025864291746405532 128.41921810924 44.0 -18.004926588538154 1.80855033432886 53622.364957 53705.257337 4 60 "Minimization exited successfully."
1546 113 0.036428 53632.572092794835 4.642000167938032e-05 5.999995404546555 1.004830463895599 0.0 3.180552084813826e-05 1.2572514867187365e-06 0.04039238658693378 0.01948290142543141 2376.8644248083947 65.0 -14.868272424971536 0.13068196779907026 53622.476426 53705.373774 10 103 "Minimization exited successfully."
1555 130 0.022961 53630.26830136187 0.00012985338863065633 3.243873196014121 0.32812964117187615 0.0 2.166223566746339e-06 2.1742255686252305e-06 0.1758558248887132 0.012197435957388536 3943.324777733977 74.0 -14.820447800580446 0.4187938409859946 53622.46198 53705.358768 10 120 "Covariance may not be accurate."
1576 120 0.475687 53617.43344400805 1.2491095052618028e-05 5.999999978367764 -0.2129976564358943 0.0 1.6067585980999866 1.1019932848616015e-06 2.5172526820434316 0.049615371811119746 55.6914563759594 68.0 -19.5125788749928 0.12076410255911085 53622.443094 53705.338642 0 120 "Minimization exited successfully."
1577 119 0.548885 53681.0248050794 1.4842001487515023e-05 5.999994454342078 -0.2704324956996954 0.0 0.6314256793521054 6.458436323641959e-07 0.3851091003285019 0.014962880514955923 413.34960834909515 68.0 -20.076440149682938 0.12065718616080545 53622.443496 53705.339062 89 30 "Minimization exited successfully."
1580 119 0.183217 53634.02490706714 9.765826897626729e-05 0.8457947071783272 0.04528662189987975 0.0 0.17965611246108892 2.1866318020613543e-06 0.22004289415109568 0.01548021903840624 112.33711835064706 68.0 -19.243476399087733 0.8949511369766867 53622.448332 53705.344477 10 109 "Minimization exited successfully."
1583 125 0.316788 53624.46953092589 2.5768190089787703e-05 0.2132604253800361 -0.05824231120672352 0.0 2.7309832390201336 1.560769967942078e-06 1.3978409475885623 0.05720030649473923 111.9972289815151 71.0 -19.146837510889878 1.0211597748707533 53622.455163 53705.351192 5 120 "Minimization exited successfully."
1588 224 0.14989 53615.87828981605 5.1517770987066224e-05 0.8389277104328698 0.43652523586793723 0.0 0.000282387623883551 1.9033596809087127e-06 0.3494378262707487 0.027073862740885524 304.59377183949044 132.0 -18.07648372669566 0.8822696697867585 53616.453079 53705.363341 0 224 "Minimization exited successfully."
1595 105 0.212269 53631.260935372506 8.806891931540716e-05 -0.14217142284631823 -0.028577627360457658 0.0 0.2635632492492732 2.3224846546077155e-06 0.3134655339937584 0.020700563973010233 131.5524960564399 59.0 -19.48726077215807 1.0926925290123357 53623.195561 53704.105118 15 90 "Minimization exited successfully."
1601 102 0.327813 53611.03511737987 2.2392947020967168e-05 5.424781497967315 -0.0964022376751209 0.0 2.581388566897658 5.8719959112463205e-06 9.652566869007817 0.0918407956925043 67.86348942762281 58.0 -19.163495773284808 0.14864111477030661 53623.209034 53704.118817 0 102 "Minimization exited successfully."
1609 113 0.423845 53640.80570507841 2.6984485448389164e-05 5.99999998607573 0.05792615545857149 0.0 0.6526180142718658 7.602093477004921e-07 0.06844442121237293 0.033197589609550104 405.7584502063351 65.0 -20.045304491513246 0.12176908851870394 53616.234042 53704.134235 30 83 "Minimization exited successfully."
1627 105 0.337473 53617.738012641326 1.5651098189305434e-05 5.999998104124474 -0.38190199360238786 0.0 1.9758654985344037 1.5379135139431673e-06 0.5146907014412925 0.05987738225997136 105.75638099013264 59.0 -18.88169080577478 0.12056005111612933 53623.193024 53704.102582 0 105 "Minimization exited successfully."
1631 105 0.142885 53637.07084951122 1.8811890776763153e-05 5.99999984137478 0.6227965649161353 0.0 0.4660575103443989 1.0717170163715427e-06 0.08860369305424864 0.04988774415343045 293.2080836076215 59.0 -16.982833900570714 0.12621978491185715 53623.197666 53704.107275 20 85 "Minimization exited successfully."
1632 105 0.056351 53635.55051124715 5.7000632544447203e-05 5.493255652707273 0.6311040340676779 0.0 0.19674318047691486 1.7034076296928993e-06 0.27032042630177155 0.021997458158301897 1320.149534049512 59.0 -16.01650163516542 0.14711460031629997 53623.198509 53704.108559 20 85 "Minimization exited successfully."
1650 100 0.302746 53622.47751271543 2.077453583043454e-05 -1.743485583618356 0.1786314144935417 0.0 1.1569650142228056 1.7113160412696175e-06 0.9498477775197727 0.08605454183992078 45.038536623682155 56.0 -18.798408022458716 1.458660451416705 53616.294152 53704.19638 5 95 "Minimization exited successfully."
1658 100 0.275748 53638.208170673235 3.5946701460720656e-05 0.4876577271054394 -0.02773022213982712 0.0 0.5017690438726277 1.476657897500066e-06 0.4683165034001351 0.037350571282947276 37.92790217928106 56.0 -19.16051182469888 0.9656318986233501 53616.305257 53704.207928 30 70 "Minimization exited successfully."
1662 52 0.205317 53633.190172438706 1.7303456975423793e-05 5.9999787499586645 0.19014014867409434 0.0 1.218025928716088 1.2122410940762501e-06 2.256216110854697 0.07973417105678049 49.75501317274282 29.0 -17.746138038821243 0.12254322397963335 53616.311825 53699.252845 14 38 "Minimization exited successfully."
1668 104 0.21401 53640.173369393044 2.1333565857162283e-06 -5.838879925317432 1.1999982802298352 0.0 2.427263113841036 4.406764183806367e-07 10.082705559768957 0.1229366615792995 105.6907878723649 59.0 -15.54274959669527 3.2739602694872367 53616.329838 53704.23398 34 70 "Minimization exited successfully."
1686 190 0.135049 53624.52964984881 1.5907668407595388e-05 3.690534668265329 0.6401190638862819 0.0 0.004292878675187239 1.002838679297069e-06 0.6363970888645678 0.05038816510056521 226.4763812602427 110.0 -16.581947594938946 0.29923916016198504 53616.318396 53705.222382 15 175 "Minimization exited successfully."
1688 105 0.357669 53630.23534156652 2.0555775452141267e-05 1.20263781290382 0.02650447332136774 0.0 0.0018278633688169066 1.7117815199774183e-06 1.2552779753988599 0.06183049790305989 51.8488079708072 59.0 -19.210299153829645 0.8298781594273414 53623.194711 53704.104722 15 90 "Minimization exited successfully."
1709 105 0.143989 53627.59778895431 5.833562663126735e-07 -5.999999699366164 1.1500122009834546 0.0 3.799338548720698 1.0436370108918292e-06 6.102201564631744 2.0654559338626974 99.48626369972798 59.0 -13.175437100956724 3.584503114497469 53616.316766 53704.220259 15 90 "Minimization exited successfully."
1740 105 0.166272 53632.56811055888 0.00011732287048046963 -1.1926084546238558 -0.041510327032151184 0.0 0.18682007089228136 2.3333912145612204e-06 0.2149398058159524 0.01813917730142328 255.47607215318752 59.0 -19.207239324254644 1.3353202059519091 53616.326998 53704.230505 20 85 "Minimization exited successfully."
1741 103 0.203484 53625.71911996391 2.1660552997002647e-05 1.3183657824283141 0.4681726290124837 0.0 1.0166572790440114 1.6792027480022626e-06 0.756053166931749 0.06181661280929551 69.32481514852692 59.0 -17.872797891058195 0.79762854836531 53616.27849 53704.18007 10 93 "Minimization exited successfully."
1742 99 0.110276 53631.027122008774 1.3652027649410092e-05 5.999999955446137 1.0373266059005144 0.0 0.585854842702247 1.2137569851877756e-06 0.06859387235104553 0.06578103213579178 341.9157227239018 56.0 -16.061615950147242 0.1311035576992765 53616.27973 53704.181354 20 79 "Minimization exited successfully."
1748 104 0.337892 53631.17098819959 1.7855395318997492e-05 1.3218618430035738 0.117080956730373 0.0 1.2645525901498331 1.8984399713117832e-06 1.316318386846135 0.07583918317233906 46.34364367363715 58.0 -18.91331744056513 0.8060747821428897 53616.293344 53704.195478 20 84 "Minimization exited successfully."
1749 99 0.074924 53626.46827996252 2.7832838702271933e-05 2.6897581767303773 1.19999979108126 0.0 0.0004745057121908758 4.2776694211099615e-07 0.24385403196228772 0.017734749525040838 345.471597279861 56.0 -15.859207133373378 0.5487440528651106 53616.294992 53704.19719 15 84 "Minimization exited successfully."
1750 100 0.258435 53628.14341753916 2.2797871112922863e-05 1.0246647567191207 0.23683006850312482 0.0 0.8705467507097637 1.4674686038379515e-06 0.7513306265352062 0.05503656411853941 53.885820976024036 56.0 -18.507548365896227 0.856063719763938 53616.296638 53704.198901 15 85 "Minimization exited successfully."
