analysis_pipeline/fit_results/sdss_4_salt2_2.4_all.ecsv
# %ECSV 0.9
# ---
# datatype:
# - name: obj_id
#   datatype: string
# - name: num_points
#   datatype: int64
# - name: z
#   datatype: float64
# - name: t0
#   datatype: float64
# - name: x0
#   datatype: float64
# - name: x1
#   datatype: float64
# - name: c
#   datatype: float64
# - name: z_err
#   datatype: float64
# - name: t0_err
#   datatype: float64
# - name: x0_err
#   datatype: float64
# - name: x1_err
#   datatype: float64
# - name: c_err
#   datatype: float64
# - name: chi
#   datatype: float64
# - name: dof
#   datatype: float64
# - name: b_max
#   datatype: float64
# - name: delta_15
#   datatype: float64
# - name: tmin
#   datatype: float64
# - name: tmax
#   datatype: float64
# - name: pre_max
#   datatype: int64
# - name: post_max
#   datatype: int64
# - name: message
#   datatype: string
# schema: astropy-2.0
obj_id num_points z t0 x0 x1 c z_err t0_err x0_err x1_err c_err chi dof b_max delta_15 tmin tmax pre_max post_max message
679 104 0.123663 53618.955756040385 5.9082737440385725e-06 0.3723146497431511 1.1999961529120031 0.0 0.011055839928303612 4.0743140347576676e-07 1.3977606818159765 0.09495399955176542 103.70428475457767 59.0 -15.339181387617334 0.9217463968744752 53616.221902 53704.121861 5 99 "Minimization exited successfully."
682 187 0.047317 53693.19449812445 1.1049356996029047e-09 5.997361118840912 -0.9897788662676427 0.0 57.73632880536752 0.0031660151095780006 11.51930138409226 1.8731558398451167 291.09995511218744 109.0 -3.8619227092802575 0.0977966548092013 53616.232356 53705.133817 161 26 "Covariance may not be accurate. Covariance not positive definite. Covariance forced positive definite."
688 102 0.066563 53623.87363095114 1.1813743833301028e-05 2.768859771397203 0.9895900272104119 0.0 0.006510237377369776 1.9666199334783535e-06 0.9910215056015703 0.11963030916093398 98.47971960546259 58.0 -14.641079899425232 0.5483361010907863 53616.265664 53704.166778 10 92 "Minimization exited successfully."
691 105 0.129587 53618.65997277022 5.7555298518454646e-05 -0.08548284489479308 0.43853385541891754 0.0 0.0018560542739578523 2.481014733619058e-06 0.3820107946942617 0.03560431946557863 283.0758045331588 59.0 -17.852664084052634 1.0441108810598756 53616.228193 53704.128667 5 100 "Covariance may not be accurate."
694 186 0.126178 53624.88138446154 0.00012396571833436676 0.6790872673707185 0.3289650905409791 0.0 0.00016504668747074902 1.5953055887707468e-06 0.13949023289787021 0.010312596327268553 838.423177995571 109.0 -18.619036732993138 0.9168299662755501 53616.229447 53705.130756 15 171 "Minimization exited successfully."
697 208 0.155294 53623.44328515799 1.809080339719382e-05 1.7546130077226083 0.7436546223255909 0.0 0.0028151121659902856 1.2978781093103673e-06 0.5506663864622583 0.05919444045014988 300.9814786053975 122.0 -17.04629951814161 0.7282873292815282 53616.243217 53705.144463 15 193 "Minimization exited successfully."
701 109 0.205128 53607.9243452206 7.187179383126296e-05 -1.4964192140875276 0.09012522526381117 0.0 0.0001747910828271415 5.880903593584733e-06 0.5190787379218924 0.06022270069084956 105.63842020849802 62.0 -19.182348459283137 1.3610048600307074 53616.241951 53704.142421 0 109 "Minimization exited successfully."
703 108 0.296481 53626.54381151478 3.63955505095237e-05 0.5965662648738776 0.009141132362580295 0.0 0.6094995813873538 1.7097668936227871e-06 0.6236896650233916 0.03886113445388906 54.38903123352969 62.0 -19.35440040203905 0.9449235674593801 53616.246533 53704.147134 15 93 "Minimization exited successfully."
704 109 0.204966 53616.93569099127 2.6090075029401304e-05 0.5768626289694421 0.4482596017005871 0.0 0.002156220125471009 1.9768208660692055e-06 0.8080579262870433 0.06251567350334053 91.23731819910132 61.0 -18.091800711647842 0.9284846973671321 53616.248214 53704.148801 5 104 "Minimization exited successfully."
711 100 1.111396 nan nan nan nan -4.0 nan nan nan nan nan nan nan nan nan nan 0 0 "exception was raised in user function User function arguments:      z = +1.111396     t0 = +53652.713291     x0 = +0.010000     x1 = +0.000000      c = +0.100000 Original python exception in user function: ValueError: bandpass 'sdss_sako18_g5' [3677.2, .., 5573.8] outside spectral range [4222.79, .., 19424.8]   File ""/anaconda3/envs/sdss_class/lib/python3.7/site-packages/sncosmo/fitting.py"", line 46, in chisq     zp=data.zp, zpsys=data.zpsys)   File ""/anaconda3/envs/sdss_class/lib/python3.7/site-packages/sncosmo/models.py"", line 1400, in bandflux     raise e   File ""/anaconda3/envs/sdss_class/lib/python3.7/site-packages/sncosmo/models.py"", line 1397, in bandflux     return _bandflux(self, band, time, zp, zpsys)   File ""/anaconda3/envs/sdss_class/lib/python3.7/site-packages/sncosmo/models.py"", line 154, in _bandflux     fsum = _bandflux_single(model, b, time_or_phase[mask])   File ""/anaconda3/envs/sdss_class/lib/python3.7/site-packages/sncosmo/models.py"", line 109, in _bandflux_single"
716 204 0.322376 53639.68687355268 9.990618893364945e-05 5.999999955405187 -0.06004143841326959 0.0 0.11626520516438177 6.456987389935568e-07 0.0042208156317871115 0.00712331371965097 2784.4118211729674 121.0 -20.748503687023852 0.12262093431784038 53616.287145 53705.190339 60 144 "Minimization exited successfully."
717 100 0.12901 53613.78899970791 1.4990906469218857e-05 0.036434899316173386 1.0673525503868273 0.0 0.00014216587078408338 3.20762454059094e-08 0.0003625099489892314 3.163992815213845e-05 81.07315739529311 56.0 -16.43284904599365 0.983801732276337 53616.294564 53704.196808 0 100 "Covariance may not be accurate."
722 105 0.085038 53622.99723874538 0.00021946067668887626 -0.29592421732905283 0.27173280037112746 0.0 0.00030756253909203224 3.6412525198226126e-06 0.11704405226000247 0.013140706723608675 1269.3147675084992 59.0 -18.319448644416042 1.0932827446429982 53616.313876 53704.216903 5 100 "Covariance may not be accurate."
735 102 0.189482 53613.77794730574 5.2644331994777806e-05 -3.064710049268528 0.11898734180381476 0.0 7.88390934758354e-05 3.1587973818880665e-06 0.5594912591045089 0.05720921111270327 50.63959418774237 57.0 -18.651549202659222 1.8104983428531796 53616.333922 53704.237819 0 102 "Covariance may not be accurate."
739 100 0.106421 53612.97502113652 0.0002427902251415026 -1.4928240071281023 0.061662551106520525 0.0 7.55039945943281e-05 5.455439254016252e-06 0.1388189668948212 0.017978640847466032 678.5905571684702 56.0 -18.943602019628138 1.3627638178248702 53616.35185 53704.256563 0 100 "Covariance may not be accurate."
744 104 0.12694 53618.790012160476 0.0001464023628109268 0.21432871184104663 0.1725500630458756 0.0 2.7486428734846413e-05 2.735140624157142e-06 0.1906461932926744 0.01657486235462524 514.8939656791684 58.0 -18.809236572489965 1.004925231915518 53616.226928 53704.126985 5 99 "Minimization exited successfully."
762 100 0.190088 53625.225098892304 9.042320097856993e-05 1.1034945412090398 -0.0006776928117334657 0.0 0.26371470137746655 1.940652519101806e-06 0.260943737906151 0.01848647647199253 78.0882669873381 56.0 -19.248075857490722 0.8586896174743579 53616.354311 53704.259479 5 95 "Minimization exited successfully."
764 103 0.185808 53620.993154907614 2.012945489182294e-05 5.999999991226394 0.34458565573730127 0.0 0.0013767340969934594 1.1492150922520762e-06 0.2648162302200072 0.059551530763562344 109.8473185310054 59.0 -17.66197371736487 0.13549888206805605 53616.360811 53704.265857 4 99 "Minimization exited successfully."
765 119 0.259902 53630.55111418027 2.719455857370545e-05 5.999992040707578 -0.275279628541204 0.0 0.7219694989726122 8.020939334596469e-07 0.2491012256151146 0.03530747253732752 279.14726845137176 68.0 -18.7965172758679 0.11614298847849369 53616.394382 53704.301532 15 104 "Minimization exited successfully."
770 95 0.041464 53628.838159564715 9.447694484173707e-06 5.114329119375789 1.1999999999554456 0.0 0.5945477887216839 4.815234681715407e-07 0.7933165664273742 0.007312874726687513 415.9854521043352 67.0 -13.42297028790805 0.19861343056781422 53616.398013 53704.304914 12 83 "Minimization exited successfully."
772 118 0.20925 53622.92586390961 1.472960361436515e-05 5.999733354803585 0.6418623353333703 0.0 0.010656639988155803 1.1849051824958097e-06 8.549946377826469 0.07419520489668607 122.47687987450459 67.0 -17.63264683106389 0.1453655563283931 53616.399626 53704.307026 5 113 "Minimization exited successfully."
774 113 0.092269 53615.7181232813 0.0003349867482378666 -0.6222527779117684 0.1178426194252169 0.0 0.0006423448467103299 6.529313595229338e-06 0.09165896895111203 0.011873901803725495 1286.23924509728 64.0 -18.963285241452336 1.1672191543745853 53616.381476 53704.287502 0 113 "Covariance may not be accurate."
779 113 0.236938 53626.97294620881 5.541111994238235e-05 0.383650579347079 0.04127042808527959 0.0 0.39908654800456134 2.028630349971691e-06 0.37380896278302345 0.03067627777020221 54.98861831398694 65.0 -19.253574014680733 0.981045526286902 53616.38471 53704.290891 10 103 "Minimization exited successfully."
782 115 0.131251 53629.77310784819 3.416305533896602e-05 5.999999620261498 0.7449999812951269 0.0 0.0012035842228215188 1.025012075442369e-06 0.026469448568735565 0.030083231897314655 995.9186266349135 66.0 -17.438288521945257 0.1488097008684761 53616.41332 53704.32095 13 102 "Minimization exited successfully."
792 110 0.04282 53621.22027802725 1.4423972724534329e-05 1.7745881003869233 0.965049604987688 0.0 0.0036598928963940125 2.5221517259826915e-06 0.8533368111772055 0.12827359274424832 299.5671888112618 62.0 -13.856888608448632 0.7177836590700402 53616.434617 53704.343242 5 105 "Minimization exited successfully."
799 109 0.146407 53612.88715875476 5.773353832121075e-05 -0.29764095018084724 -0.46207951514911605 0.0 0.004260663754394045 2.6048202421030674e-06 0.5748033374117401 0.05901684929810197 86.1445765792182 62.0 -18.14472268661835 1.135331067110748 53616.25818 53704.159114 0 109 "Minimization exited successfully."
818 116 0.237174 53613.48105312563 3.310467049385091e-05 -1.3745297118711353 0.23573916957512187 0.0 0.18800765217019944 0.012211540081818576 8.163667219061455 1.6080508130956168 69.9354920802081 66.0 -18.698673964504163 1.3192970685384289 53616.421385 53704.329311 0 116 "Covariance may not be accurate. Covariance not positive definite. Covariance forced positive definite."
822 113 0.236635 53621.57024190408 4.857976616163273e-05 -0.7208018889816667 -0.05522084486571344 0.0 0.0011275549695710652 1.973354271022074e-06 0.48900551981890894 0.036459376250264575 85.82915441740747 65.0 -19.10687981715429 1.199234634689489 53616.421787 53704.330152 5 108 "Minimization exited successfully."
830 114 0.38623 53683.11843649931 3.684175908700738e-05 5.999999823785561 -0.2669766634741484 0.0 0.3369881462167541 7.145940592340221e-07 0.08322556779733503 0.011893262524227732 1065.906062977704 65.0 -20.125193300497575 0.11638673473146355 53616.426207 53704.334779 85 29 "Minimization exited successfully."
841 110 0.298318 53624.915843703515 3.4492524120713906e-05 0.742423428400393 -0.11997124166563478 0.0 0.6338043314062816 1.8563303728397222e-06 0.711106635305077 0.0387753627901557 48.85087566015815 62.0 -19.312392060824063 0.9247092393202045 53616.443061 53704.352405 5 105 "Minimization exited successfully."
859 108 0.276728 53624.44804367921 4.569933897188072e-05 0.5137161262527865 0.03666344264675736 0.0 0.6037301621545339 1.6495343415112716e-06 0.5030253818166122 0.03297120598564229 69.5527788289856 61.0 -19.429119225811366 0.9582475713328371 53616.285913 53704.188235 10 98 "Minimization exited successfully."
863 100 0.092949 53625.71103384855 1.7697007762641492e-05 5.603150196661396 0.7935750776695991 0.0 0.9134872072645521 1.8358275980007164e-06 0.7599179598660681 0.07646921835447207 263.8066259250315 56.0 -15.906672505936449 0.1657543441461229 53616.297451 53704.199788 10 90 "Minimization exited successfully."
875 110 0.104044 53629.42617204001 1.2538363418250765e-05 2.2306444643276464 1.1999999985067675 0.0 0.8754856368468609 4.4478153364613303e-07 0.48180189858313494 0.004140192358335071 660.2215762713794 62.0 -15.755636070346537 0.6387327186497878 53616.259017 53704.159957 20 90 "Minimization exited successfully."
879 101 0.451353 53661.582607020515 5.4116128015959664e-05 5.999999999441977 -0.3997392981328116 0.0 0.18069955962346285 8.879250864307613e-07 0.015976302048805735 0.007865676374020525 4361.8078970689285 58.0 -20.946938607520714 0.11255355981892734 53616.271455 53704.173235 44 57 "Minimization exited successfully."
893 105 0.108834 53619.9655293582 5.4948575342732566e-05 -0.8823024554700964 0.14956239178171682 0.0 0.5370472961913038 2.4080841202689387e-06 0.45343629725589274 0.039862112651819825 93.30975996137713 59.0 -17.383937702887057 1.218677284760254 53616.32699 53704.230537 5 100 "Minimization exited successfully."
895 100 0.266814 53613.94256951654 2.571317078780222e-05 0.15485861032619042 0.3319791324785275 0.0 0.000530570228875149 2.7352000637559384e-06 1.0128984612392467 0.08900738712986156 93.30556405673718 56.0 -18.719490844404383 1.007162740545965 53616.348201 53704.253128 0 100 "Covariance may not be accurate."
896 100 0.423446 53655.48176380134 1.7897514376196132e-05 5.999999979578487 -0.4634963980966218 0.0 0.34390581895786454 8.019547711846088e-07 0.05161940318170011 0.019151006888661337 787.0546117642746 56.0 -19.582216762296923 0.11076851621296413 53616.350236 53704.255256 40 60 "Minimization exited successfully."
904 105 0.383892 53621.84694685958 2.8044634377250022e-05 0.4686514083572968 -0.2901228899917868 0.0 1.451754851572332 1.7540021499262709e-06 1.069857202158647 0.041565897549919406 41.90045806678837 59.0 -19.730555028073425 0.9800971906030256 53616.369321 53704.275234 5 100 "Minimization exited successfully."
907 95 0.105466 53643.04700178788 3.338485553135984e-05 5.999999997948034 0.9971121596215595 0.0 2.503560608602129e-05 1.5222694659733352e-06 0.06116729692420719 0.036748366798505794 1762.7425422364065 67.0 -16.930005020572477 0.15724752022975608 53616.398831 53704.305729 28 67 "Minimization exited successfully."
910 103 0.147747 53617.85948318819 5.787846688902309e-05 0.5350409007225689 0.3933992778576698 0.0 0.00019619950035121292 2.485535172224164e-06 0.40430239352361896 0.03486221743810691 326.79137251484144 59.0 -18.167411086925892 0.9381573467815656 53616.33353 53704.237346 5 98 "Covariance may not be accurate."
911 116 0.206325 53621.892575622165 3.6981601164643995e-05 -0.6902270141226143 0.2474400215556638 0.0 0.6922453553270316 2.260947427057955e-06 0.6647580982286914 0.04899062181840941 58.02090332126088 66.0 -18.47833623765298 1.1719366825592878 53616.416953 53704.324712 5 111 "Minimization exited successfully."
921 235 0.125781 53630.093646421854 6.0179615731947855e-06 5.99993113774007 1.1999332233417412 0.0 0.07238247683926602 0.013126884095682162 8.964817556006826 1.347719358660182 202.15348346853096 140.0 -15.510014870440088 0.16396394781011736 53616.457475 53705.367973 24 211 "Covariance may not be accurate."
930 180 0.288698 53658.190625882635 4.249237227970437e-05 5.999999322148856 -0.1751665834333438 0.0 0.2994673741704901 6.450021804843542e-07 0.024096391976389242 0.017051786811304925 2095.006751183172 104.0 -19.542283657287207 0.11912253741153478 53616.351053 53705.256485 65 115 "Minimization exited successfully."
932 114 0.390036 53618.878904277844 2.238612938392337e-05 3.8763336701585303 0.05913099591303572 0.0 2.422571047252859 2.573371577715976e-06 1.4393588532000718 0.06990643173599365 84.40937023171756 65.0 -19.53971464108729 0.299467325152559 53616.38915 53704.295563 5 109 "Minimization exited successfully."
938 118 0.760567 53662.26835425716 1.2219615964842445e-05 0.6085854333490115 -0.4948934913339563 0.0 0.445198430599703 7.92169509479801e-07 0.01747767675038192 0.010585453511673837 366.42887298553023 68.0 -20.631524863957623 0.9624173370796569 53616.411727 53704.319218 39 79 "Minimization exited successfully."
979 109 0.291144 53619.84559311125 2.6371503605859826e-05 -0.7424961774120664 0.2106302567183751 0.0 1.7519166005986335 2.0482411130856584e-06 1.313698303043052 0.07784886424128135 82.94675405599939 62.0 -18.96063968954292 1.1851879454232481 53616.247361 53704.148008 5 104 "Minimization exited successfully."
983 102 0.067238 53626.826409344154 1.7820071021901195e-05 5.99999268442291 1.1961022083982638 0.0 89.98103014917433 2.1628308032411993e-06 0.00012405695708928022 0.0010444226312900096 315.14474571340116 57.0 -15.241121390776378 0.163836384452825 53616.269781 53704.17114 14 88 "Covariance may not be accurate. Covariance not positive definite. Covariance forced positive definite."
986 103 0.279009 53619.15877662706 3.007536850725412e-05 -0.1443293227289013 0.00012432651012672657 0.0 1.6429451276817417 1.7912567275424352e-06 1.0516228056212151 0.055176333800106725 43.95600593471609 58.0 -18.99479626275797 1.0804406084276152 53616.292499 53704.194686 5 98 "Minimization exited successfully."
1000 110 0.128293 53613.91182667482 0.0001148881537077684 -2.1807097824440564 0.02692814111986719 0.0 0.001037211564835161 3.0413806291412768e-06 0.21110639068434178 0.02619080314412059 151.50756861924296 62.0 -18.56817450567491 1.5442432067871792 53616.374975 53704.28122 0 110 "Covariance may not be accurate."
