analysis_pipeline/fit_results/sdss_4_salt2_2.0_blue.ecsv
# %ECSV 0.9
# ---
# datatype:
# - name: obj_id
#   datatype: string
# - name: num_points
#   datatype: int64
# - name: z
#   datatype: float64
# - name: t0
#   datatype: float64
# - name: x0
#   datatype: float64
# - name: x1
#   datatype: float64
# - name: c
#   datatype: float64
# - name: z_err
#   datatype: float64
# - name: t0_err
#   datatype: float64
# - name: x0_err
#   datatype: float64
# - name: x1_err
#   datatype: float64
# - name: c_err
#   datatype: float64
# - name: chi
#   datatype: float64
# - name: dof
#   datatype: float64
# - name: b_max
#   datatype: float64
# - name: delta_15
#   datatype: float64
# - name: tmin
#   datatype: float64
# - name: tmax
#   datatype: float64
# - name: pre_max
#   datatype: int64
# - name: post_max
#   datatype: int64
# - name: message
#   datatype: string
# schema: astropy-2.0
obj_id num_points z t0 x0 x1 c z_err t0_err x0_err x1_err c_err chi dof b_max delta_15 tmin tmax pre_max post_max message
[from data line 104]
1461 78 0.33986 53629.06335743522 2.4574276251354554e-05 0.16630516587560606 -0.0016453654573056475 0.0 0.7893473370786523 1.4165973534407953e-06 0.7219727955589783 0.05699368999999954 56.577755407859435 74.0 -19.272778043655567 1.0278854545770564 53616.378224 53705.285413 10 68 "Minimization exited successfully."
1464 40 0.288787 53620.871526755654 3.491063743886858e-05 -1.4844304796323389 -0.040817284021583466 0.0 0.004862910631345585 2.3196211173309714e-06 0.7217501042211296 0.09311108072927882 25.246885127017876 36.0 -19.2422283166187 1.4116077849312845 53622.397479 53705.290925 0 40 "Covariance may not be accurate."
1469 40 0.086745 53634.87917601869 1.9643311594809143e-05 5.999999916861608 1.1999999980312959 0.0 0.9395188340640743 1.0989689175422415e-06 0.1926742815565783 0.11723085842275771 135.9741572475551 16.0 -15.920126393033755 0.13329609678420695 53622.402784 53705.295161 6 34 "Minimization exited successfully."
1470 81 0.08672 53639.310970151215 2.157671831155561e-05 5.999999926825598 1.1999999531698542 0.0 0.6914262940372282 7.475097239795231e-07 0.05195580253185028 0.04198571878541468 315.66570738119094 37.0 -16.021389555647822 0.1332960958740408 53616.391202 53705.297278 17 64 "Minimization exited successfully."
1478 63 0.200911 53619.35541284125 5.53634924367652e-05 0.7057636382176158 -0.023444375613214885 0.0 2.4744182769500185 4.247592087032738e-06 0.9012879616392571 0.06381360323486301 25.25211777052194 38.0 -18.850448983126512 0.9236238960616419 53622.414475 53705.309122 0 63 "Minimization exited successfully."
1495 72 0.204013 53619.191806347066 1.7797769362684068e-05 1.5614042907392758 0.5536840844079027 0.0 0.034535020302428165 1.9996773263453173e-06 1.550979297052276 0.1354831279507286 42.785815403883994 44.0 -17.670391586421513 0.7538989907935338 53622.425778 53705.32052 0 72 "Covariance may not be accurate."
1504 94 0.316373 53626.94066084551 2.7125382865884618e-05 0.2884591652345332 0.06248577549064671 0.0 0.7794785672122089 1.3684718241618866e-06 0.6870205243105398 0.05478697711813696 187.36107191516103 90.0 -19.1990556112806 1.0005667573946475 53616.420565 53705.32937 6 88 "Minimization exited successfully."
1511 72 0.185727 53612.15711511851 3.022886819858073e-05 -1.2328707700903427 0.6170881872694098 0.0 0.0001295967995247338 1.3067254852058841e-05 3.9741746220123835 0.7961870318480047 50.008739764168006 44.0 -18.019937877293373 1.2813512528934652 53622.440281 53705.335683 0 72 "Covariance may not be accurate."
1514 47 0.041224 53629.82582427057 0.00016770856875935935 5.999999816625744 1.1999998926216375 0.0 0.3405669847088575 1.5562424018300504e-06 0.04747038373826484 0.05787756719318504 339.9135269387349 20.0 -16.562223332004745 0.13329609822276112 53622.444354 53705.338627 4 43 "Minimization exited successfully."
1525 45 0.106504 53630.758250129344 0.0001367192869840228 3.7877646781734793 1.1999999273228945 0.0 0.24806460306353983 2.9956191500174505e-06 0.31929240556821714 0.03620151819173212 157.824878122439 21.0 -18.414793852676283 0.280365182533977 53622.455207 53705.349546 4 41 "Minimization exited successfully."
1533 36 0.143081 53637.47651394558 1.4296412184914288e-05 5.9999996129553566 1.1999990421860787 0.0 1.6959253632376203 2.4026968706486457e-06 0.4900075670823849 0.3913599669187747 57.20588273787035 14.0 -16.743411968489937 0.1332960923255726 53622.312029 53705.200134 8 28 "Minimization exited successfully."
1535 77 0.234585 53635.639413943594 4.6656847585871967e-05 5.999999485508791 0.3492741503986192 0.0 5.67086499358993e-05 8.187550958016489e-07 0.03039802291155791 0.030656536622582053 625.5870250147871 48.0 -19.15282725782351 0.1237006333295767 53622.457565 53705.35374 9 68 "Minimization exited successfully."
1545 16 0.097666 53623.16799686025 0.00010474613671705435 -0.938305084450505 -0.999994582492067 0.0 0.8313864200208627 3.918805057173126e-06 0.4946372500998204 0.4603731733697489 38.34206276789671 12.0 -17.881304219661544 1.343381119601954 53622.368274 53705.257337 1 15 "Minimization exited successfully."
1546 44 0.036428 53633.85862130467 4.9997916362878315e-05 5.999999536766456 1.1999999337963412 0.0 0.4447756134723022 1.1556332480233695e-06 0.03541654970011088 0.02431620636081 664.1839300375246 19.0 -14.971912487980255 0.1332961068898939 53622.478085 53705.373774 4 40 "Minimization exited successfully."
1555 52 0.022961 53633.59287418972 9.29183797949873e-05 5.999999999559263 1.1999999986795715 0.0 0.22022651900260826 1.065784946357449e-06 0.011532674400962506 0.00781979496952534 2279.0114186874544 22.0 -14.620575522959864 0.13329609440074464 53622.463639 53705.358768 4 48 "Minimization exited successfully."
1576 72 0.475687 53617.43344400805 1.2491095052618028e-05 5.999999978367764 -0.2129976564358943 0.0 1.6067585980999866 1.1019932848616015e-06 2.5172526820434316 0.049615371811119746 55.6914563759594 68.0 -19.5125788749928 0.12076410255911085 53622.443094 53705.338642 0 72 "Minimization exited successfully."
1577 72 0.548885 53681.0248050794 1.4842001487515023e-05 5.999994454342078 -0.2704324956996954 0.0 0.6314256793521054 6.458436323641959e-07 0.3851091003285019 0.014962880514955923 413.34960834909515 68.0 -20.076440149682938 0.12065718616080545 53622.443496 53705.339062 54 18 "Minimization exited successfully."
1580 71 0.183217 53634.084717930346 9.665406050260894e-05 0.9870682103197925 0.05603080489361045 0.0 0.20668635646870825 2.6331056037581804e-06 0.2971053449440473 0.02338401687842595 78.83204045877947 44.0 -19.232501571567695 0.8684904973690273 53622.448332 53705.344477 6 65 "Minimization exited successfully."
1583 50 0.316788 53622.29765378422 2.25054465726382e-05 0.6445608517121935 -0.27962511876437446 0.0 4.535464632546791 2.6370894962690623e-06 1.6049035300861672 0.08427199673153235 47.08648079853605 46.0 -19.004998671928607 0.9443324565082989 53622.455163 53705.351192 0 50 "Minimization exited successfully."
1588 132 0.14989 53615.88032628917 5.2801363122093604e-05 0.4556190272791536 0.43045150183769 0.0 0.002290675249241758 2.2015440508987853e-06 0.4359029935717089 0.04014243003124529 172.9557293537702 86.0 -18.102601334275196 0.9515907784366355 53616.453079 53705.363341 0 132 "Minimization exited successfully."
1595 63 0.212269 53631.55922601172 8.281788248905909e-05 0.6890011976518675 -0.04161672903084557 0.0 0.319616259970644 2.752323315086126e-06 0.4346270148907214 0.030797163714106623 62.28763530607925 38.0 -19.421723403223545 0.9274593619125895 53623.195561 53704.105118 9 54 "Minimization exited successfully."
1601 41 0.327813 53611.484943818 2.6992413103598125e-05 1.8255633540427514 -0.28978943887363473 0.0 4.019377037398954 8.052114882906026e-06 3.0689154086086075 0.1530595507510843 46.93420629082784 37.0 -19.292242358898775 0.7209853088269966 53623.209034 53704.118817 0 41 "Minimization exited successfully."
1609 69 0.423845 53640.80570507841 2.6984485448389164e-05 5.99999998607573 0.05792615545857149 0.0 0.6526180142718658 7.602093477004921e-07 0.06844442121237293 0.033197589609550104 405.7584502063351 65.0 -20.045304491513246 0.12176908851870394 53616.234042 53704.134235 18 51 "Minimization exited successfully."
1627 42 0.337473 53618.32025935194 1.3672401171700433e-05 5.999999838100074 -0.4510860224815598 0.0 2.240834813157562 1.9272238037204574e-06 0.5585774335013429 0.07393982546007455 57.05090273323117 38.0 -18.738568356131093 0.1205752442530148 53623.193024 53704.102582 0 42 "Minimization exited successfully."
1631 42 0.142885 53622.98387827044 2.769240457170863e-05 4.5345897098312715 1.199988867151745 0.0 0.026211185457214015 0.012307805177179523 3.3016990237005057 1.5958417894270054 69.16601133208137 17.0 -17.39595125951127 0.20437047532022135 53623.199324 53704.107275 0 42 "Covariance may not be accurate."
1632 42 0.056351 53631.239398567624 6.224241918515117e-05 4.392408910101839 1.1999999927414122 0.0 0.8090985241797171 3.041256226311019e-06 0.8373134074801154 0.07556806848182829 80.28054561964416 17.0 -16.1215249554712 0.21620150126653925 53623.200167 53704.108559 6 36 "Minimization exited successfully."
1650 40 0.302746 53623.25121860265 2.004369899893832e-05 -1.3397089281429704 0.14128835626115843 0.0 1.38382569237001 1.8454269256285013e-06 1.1598227721399816 0.1359643837159702 28.489114788927044 36.0 -18.759108279841485 1.3547779208233734 53616.294152 53704.19638 2 38 "Minimization exited successfully."
1658 40 0.275748 53638.40022485903 3.4694300556593614e-05 0.9817492334085074 -0.03312795537016999 0.0 0.5743571563180012 1.6745799613354645e-06 0.5887456144677863 0.05468381524022853 21.77721633251717 36.0 -19.122856444052434 0.8721407592015602 53616.305257 53704.207928 12 28 "Minimization exited successfully."
1662 30 0.205317 53633.452890870016 1.7459758898623613e-05 5.999998233052066 0.21307731235286997 0.0 1.2636405682460463 1.2707714118459508e-06 0.8682360344615576 0.11472150966886174 36.09993168075607 18.0 -17.756248155655506 0.12269445133559742 53616.311825 53699.252845 8 22 "Minimization exited successfully."
1668 62 0.21401 53607.57974777719 1.7956992986301046e-06 -0.2988145248551364 1.1999617035928405 0.0 0.20680613040167373 0.012597526516265766 8.537837199926738 1.9013297717593225 47.41832005730943 38.0 -15.353368642215315 1.0411401872611137 53616.329838 53704.23398 0 62 "Covariance may not be accurate."
1686 76 0.135049 53624.53860994654 1.3970314290736586e-05 5.999990853829292 1.199989337487715 0.0 0.004819242727535311 1.2494805631080293e-06 0.7234696639300973 0.32853440670823697 88.58530337068541 34.0 -16.581660672313696 0.13329621119566326 53616.320055 53705.222382 6 70 "Minimization exited successfully."
1688 42 0.357669 53629.87780267259 2.0622677842968563e-05 2.4347064230629734 0.14308943813635855 0.0 2.181101456633769 2.015017771579974e-06 1.7895747496715275 0.09990843013347928 30.90977085860127 38.0 -19.217819432371275 0.6030939488347293 53623.194711 53704.104722 6 36 "Minimization exited successfully."
1709 42 0.143989 53641.0354663968 2.644995333866973e-14 -5.725103693846849 1.1725056383645982 0.0 66.81297256739344 0.00018976260875280481 9.392267955566208 1.4474397611579568 43.944915583246626 17.0 5.180754429357151 3.164988628686203 53616.318425 53704.220259 14 28 "Covariance may not be accurate. Covariance not positive definite. Covariance forced positive definite."
1740 63 0.166272 53632.72677853581 0.00011797650645281932 -1.3605337129700192 -0.10269430511407962 0.0 0.19533036239954527 2.530023475943443e-06 0.24965806089322262 0.02493551424564 176.80437363718883 38.0 -19.213605741813428 1.3847760312976654 53616.326998 53704.230505 12 51 "Minimization exited successfully."
1741 61 0.203484 53627.0389945374 1.988824218997154e-05 2.4460112083007264 0.5699533622158512 0.0 1.372651668247272 2.07722719266834e-06 1.2595138695362227 0.11593237191735462 36.836491273781945 38.0 -17.787669232428577 0.5987184365116711 53616.27849 53704.18007 9 52 "Minimization exited successfully."
1742 38 0.110276 53622.22759336345 2.0681208122841356e-05 5.999999999674209 1.1999999999869235 0.0 2.2608681332931155 2.041885497561235e-06 1.2624721003757093 1.617366736067484 42.36582825733865 16.0 -16.532059323633035 0.1332960944155488 53616.281389 53704.181354 2 36 "Minimization exited successfully."
1748 41 0.337892 53630.429627183476 1.8093224736734916e-05 0.5759695020744022 0.02671007415356552 0.0 1.3996543535831734 2.225116978546993e-06 1.6480733425031309 0.11976945832474423 21.018438972132095 37.0 -18.92613507420642 0.946457918702496 53616.293344 53704.195478 8 33 "Minimization exited successfully."
1749 39 0.074924 53626.786645896864 3.1753341850139226e-05 5.0018435020339815 1.1999998544600579 0.0 1.8414864166297775 3.9663153857794065e-06 1.707922091610346 1.3713875018421953 42.27147431542642 16.0 -16.06192629461065 0.17508060940085812 53616.29665 53704.19719 6 33 "Minimization exited successfully."
1750 40 0.258435 53629.11241023108 2.2053857653520083e-05 1.504929442363327 0.22787869014026074 0.0 1.0665097704950313 1.7633464333144389e-06 1.0362298053858199 0.0903757631821216 35.342151119798416 36.0 -18.472155286230265 0.7709680377428434 53616.296638 53704.198901 8 32 "Minimization exited successfully."
1770 42 0.104044 53648.5951679039 4.083168710311558e-06 -5.999987183322917 1.1992259278137745 0.0 3.4685684417963785 3.2797634872849814e-06 1.6655560892814836 1.897125311855826 21.90711873673719 17.0 -14.531510247110962 3.5070052864803998 53616.328652 53704.230521 16 26 "Minimization exited successfully."
1773 42 0.118987 53637.873947093525 1.147572404359476e-05 5.999978131770876 1.1999950638225974 0.0 1.489896099876205 1.4586402746397116e-06 1.607104159230567 1.484191755009015 31.660491730717673 17.0 -16.07027389398104 0.13329665863277995 53623.189629 53704.097402 10 32 "Minimization exited successfully."
1775 42 0.302486 53633.93363770174 2.7010692749267483e-05 0.9815663434254764 -0.15803609728432122 0.0 0.8434770540698082 2.283453904933786e-06 1.0713038452463932 0.0699747261344808 33.19096639876614 38.0 -19.084383054682267 0.8757655283794428 53623.188392 53704.09783 6 36 "Minimization exited successfully."
1776 66 0.50551 53634.80516467774 1.5461500316802378e-05 5.9999999959592785 0.26584604033224823 0.0 1.3074311644522822 7.82218529260525e-07 0.26353151281505394 0.12819672780054303 133.4165079475827 62.0 -19.900888588890865 0.12306341046665992 53616.245289 53704.145833 12 54 "Minimization exited successfully."
1794 42 0.1407 53624.52475782505 0.00015232574848260017 1.0251193542072414 1.199789994703024 0.0 1.977863202944718 3.8230684537532525e-06 0.984301127577365 2.1910039727900514 35.710318645101786 17.0 -19.166727587902713 0.8211260642322742 53623.18667 53704.094423 2 40 "Minimization exited successfully."
1821 44 0.09504 53622.35390809224 3.736028994725915e-05 2.5638388347731986 1.199999930721971 0.0 0.002191665284044575 5.286103113869565e-06 3.139132221335284 1.4924383235241692 49.183295909781805 18.0 -16.725175982855816 0.5724155831178521 53623.165499 53704.073086 0 44 "Covariance may not be accurate."
1825 59 0.155096 53622.39235785464 1.8435480706078257e-05 2.3489097880105074 0.37309010386945674 0.0 5.326493701286381 2.5827755628077265e-06 2.581625340845614 0.1277443145542847 44.45180104981166 36.0 -17.0426682157115 0.6181418504301242 53623.182046 53704.09146 0 59 "Minimization exited successfully."
1826 60 0.434105 53611.86947719175 3.5578125876466474e-05 -2.2308801658697606 -0.6467808300001481 0.0 0.9992634094851383 4.633103581297427e-06 0.22284637457235235 0.030452633289746955 186.38917048956395 56.0 -20.31949492275374 1.720619337483324 53623.182891 53704.092743 0 60 "Minimization exited successfully."
1832 108 0.448729 53641.81264437393 2.746348911770058e-05 5.999999935069621 -0.03477990607302428 0.0 0.45995903783114045 6.501333683689428e-07 0.027623450085458856 0.01982028877202996 1054.636813404306 104.0 -20.21261119296675 0.12133496709634883 53623.189649 53705.099985 24 84 "Minimization exited successfully."
1835 44 0.270324 53625.815520181306 4.548496183309103e-05 -2.241735708782643 -0.07986737217570816 0.0 0.9601037835418538 1.9223815605734502e-06 0.782341212573529 0.05854238323063693 53.23694561272876 40.0 -19.364317668020792 1.644555002052332 53623.170193 53704.079952 2 42 "Minimization exited successfully."
1902 56 0.215307 53620.429059484464 5.005789401012595e-05 -1.0372757041424023 0.1924014089854711 0.0 0.0027395443321438506 2.255096369302991e-06 0.7702760429763615 0.06234862638519412 38.7494178965746 34.0 -18.909381530847043 1.275840914888402 53622.245053 53705.132898 0 56 "Covariance may not be accurate."
1903 82 0.088843 53638.79308873408 5.773439830270677e-05 5.999999648786865 1.1999999999985165 0.0 0.1572613324278791 1.0485384185870968e-06 0.08346320949368824 0.03743223875755475 385.65482614504543 38.0 -17.14572378344172 0.13329610456689167 53616.246964 53705.147034 22 60 "Minimization exited successfully."
