analysis_pipeline/fit_results/sdss_4_salt2_2.0_red.ecsv
# %ECSV 0.9
# ---
# datatype:
# - name: obj_id
#   datatype: string
# - name: num_points
#   datatype: int64
# - name: z
#   datatype: float64
# - name: t0
#   datatype: float64
# - name: x0
#   datatype: float64
# - name: x1
#   datatype: float64
# - name: c
#   datatype: float64
# - name: z_err
#   datatype: float64
# - name: t0_err
#   datatype: float64
# - name: x0_err
#   datatype: float64
# - name: x1_err
#   datatype: float64
# - name: c_err
#   datatype: float64
# - name: chi
#   datatype: float64
# - name: dof
#   datatype: float64
# - name: b_max
#   datatype: float64
# - name: delta_15
#   datatype: float64
# - name: tmin
#   datatype: float64
# - name: tmax
#   datatype: float64
# - name: pre_max
#   datatype: int64
# - name: post_max
#   datatype: int64
# - name: message
#   datatype: string
# schema: astropy-2.0
obj_id num_points z t0 x0 x1 c z_err t0_err x0_err x1_err c_err chi dof b_max delta_15 tmin tmax pre_max post_max message
[from data line 56]
1119 36 0.296391 53622.33796323552 0.00010364392831195612 0.8971149572091264 -0.9970333595702319 0.0 0.013150608887372073 2.7061155850787724e-05 1.5493278179524297 2.0999976366716906 7.150677745047844 14.0 -20.544119103635452 0.9123369462641122 53622.216021 53705.102166 2 34 "Minimization exited successfully."
1126 54 0.113914 53613.43939988139 0.00010499183836807924 -2.8934514657299255 0.23662469405225606 0.0 0.0006126273001427762 1.6120154648273654e-05 0.6606871007493602 0.10225005879694093 92.5228439625156 32.0 -18.19436385977873 1.8210802864555795 53622.225302 53705.112436 0 54 "Minimization exited successfully."
1127 54 0.076085 53647.547474084975 3.536242237115128e-05 1.3306501193034457 1.1999999999807356 0.0 0.3112452563873376 6.757556772585267e-07 0.20742312982023892 0.004107680706583405 1628.9052573503568 32.0 -16.151956477564923 0.7732680811567008 53622.326445 53705.216425 15 39 "Minimization exited successfully."
1131 38 0.172432 53636.225839870145 9.942654775547233e-05 5.1355918237729625 -0.8914268073512956 0.0 2.0675884567208414 0.00013873678338504225 2.118875325574654 1.5582776672714131 22.132146137396653 15.0 -19.236005954100193 0.17002441454948425 53622.238318 53705.124853 10 28 "Covariance may not be accurate. Covariance not positive definite. Covariance forced positive definite."
1150 19 0.456315 nan nan nan nan 4.7e-05 nan nan nan nan nan nan nan nan nan nan 0 0 "No bands in data overlap the model."
1151 32 0.361362 53625.68327784812 6.728105872571999e-05 -2.6132291848270923 -0.6175848965782224 0.0 1.976806487331487 7.30363085030028e-05 1.2138433087332752 1.221234965068952 12.621824184540127 12.0 -20.537870387025094 1.868453645161651 53622.369454 53705.260354 2 30 "Covariance may not be accurate. Covariance not positive definite. Covariance forced positive definite."
1153 32 0.338423 53633.35406637676 2.3288809481213367e-05 3.9163803260251164 0.47434992012612365 0.0 0.003741818218259141 1.6130439868442536e-05 1.3038382342331873 0.6019461434721802 9.69134638125712 12.0 -19.239286137191975 0.2729998580707296 53622.371085 53705.261631 4 28 "Minimization exited successfully."
1158 16 0.410115 nan nan nan nan 0.000103 nan nan nan nan nan nan nan nan nan nan 0 0 "No bands in data overlap the model."
1166 17 0.380494 nan nan nan nan 0.0001 nan nan nan nan nan nan nan nan nan nan 0 0 "No bands in data overlap the model."
1170 34 0.32846 53614.88331212017 1.855960300325976e-05 1.8053738754186535 0.4427475821658944 0.0 0.021635349959979067 1.6161305903933383e-06 1.95847279230912 0.14804970832616504 17.98944784600616 13.0 -18.892453304928186 0.7142748766301459 53622.354335 53705.244643 0 34 "Covariance may not be accurate."
1174 0 2.382896 nan nan nan nan 0.000411 nan nan nan nan nan nan nan nan nan nan 0 0 "Empty table passed to fit_lc."
1176 0 0.70546 nan nan nan nan 0.000242 nan nan nan nan nan nan nan nan nan nan 0 0 "Empty table passed to fit_lc."
1181 18 0.602537 nan nan nan nan 0.000113 nan nan nan nan nan nan nan nan nan nan 0 0 "No bands in data overlap the model."
1184 17 0.548751 nan nan nan nan 0.000334 nan nan nan nan nan nan nan nan nan nan 0 0 "No bands in data overlap the model."
1196 19 0.368957 nan nan nan nan 3.1e-05 nan nan nan nan nan nan nan nan nan nan 0 0 "No bands in data overlap the model."
1198 54 0.118439 53635.51590265837 1.0638687931060487e-05 5.999999822557314 1.199670172056766 0.0 0.5952987030468648 6.233245929188062e-07 0.8878146245663512 1.5883522562840209 185.85722695960624 32.0 -15.97718991243006 0.1332915274513944 53622.224474 53705.111089 12 42 "Minimization exited successfully."
1209 48 0.241036 53619.32771854193 0.0001906714651670527 2.4723968718451133 -0.9738231200700074 0.0 53.8921004836011 0.011437299468012346 8.916147905507245 1.2527760232062648 17.384663496573502 20.0 -20.69798550136146 0.5941732101418644 53622.427407 53705.320565 0 48 "Covariance may not be accurate."
1214 48 0.263798 53629.23747550262 6.12597888355304e-05 2.194145203689713 -0.9852890611355725 0.0 4.227106038873899 5.0675863443354615e-05 2.7792943676298476 2.163343212556933 13.282608267528481 20.0 -19.68765167730881 0.6521468119491978 53622.43587 53705.329835 4 44 "Minimization exited successfully."
1223 0 1.276657 nan nan nan nan 0.259549 nan nan nan nan nan nan nan nan nan nan 0 0 "Empty table passed to fit_lc."
1241 40 0.088477 53635.38652820437 0.00033233175395044445 -0.4015903265228591 0.08687420058506379 0.0 0.07895990382530726 1.1790673599388338e-05 0.08198029724491729 0.024683753748190762 364.12354444494923 36.0 -18.857807164141164 1.140773131670823 53622.263455 53705.149687 8 32 "Minimization exited successfully."
1243 38 0.196967 53614.32599620641 0.0002220687893014617 1.3201410433417866 -0.9994312729896919 0.0 0.0008434252413280774 5.483730960354372e-05 1.6662288921884683 1.9787858832927752 23.414116032159164 15.0 -20.365493547396788 0.8266160573286605 53622.27554 53705.162912 0 38 "Minimization exited successfully."
1248 0 0.781457 nan nan nan nan 6.4e-05 nan nan nan nan nan nan nan nan nan nan 0 0 "Empty table passed to fit_lc."
1251 46 0.178299 53641.699458679715 7.032775608269981e-06 5.9999999608523975 1.1999796114901615 0.0 1.0865022537473124 4.095007129673037e-07 0.8104013132721279 1.5050542303573824 67.64042902493236 19.0 -16.498867782011743 0.1332958128985986 53622.442322 53705.336521 8 38 "Minimization exited successfully."
1253 36 0.261657 53635.264447626534 5.233387386871069e-05 -0.9909344181703474 -0.06367259184408658 0.0 0.8528451091369789 4.14311366565856e-05 0.7632145079858144 0.5804520390084897 8.567858615064218 14.0 -19.4364016224388 1.287082567511309 53622.225717 53705.111548 8 28 "Covariance may not be accurate. Covariance not positive definite. Covariance forced positive definite."
1277 38 0.143396 53622.03249481739 1.472550468521683e-05 1.333057296491706 0.8498671360906584 0.0 0.005712999765819404 1.2805536125000684e-05 1.0850804307781345 0.5016648540140828 17.907202102036987 15.0 -16.63836424465718 0.7840662282748312 53622.245047 53705.131197 0 38 "Covariance may not be accurate."
1281 38 0.289319 53640.66364848114 1.8213000657295585e-05 5.999998975289699 1.1998383738348504 0.0 0.00028115965324104764 5.003646230850027e-07 0.11780640064037406 0.24895973443717645 119.78943831574722 15.0 -18.72012219898587 0.1332938835244626 53622.244198 53705.130815 10 28 "Minimization exited successfully."
1293 0 0.979868 nan nan nan nan 0.000457 nan nan nan nan nan nan nan nan nan nan 0 0 "Empty table passed to fit_lc."
1298 77 0.225088 53608.906528170955 0.00019511307792901888 3.616836533516505 -0.9999607996462357 0.0 0.0005238218218437396 2.009104936190609e-05 1.6037320365860652 1.3689659281791204 254.40820662233958 34.0 -20.57555900462823 0.32498766160453485 53622.233702 53705.119697 0 77 "Covariance may not be accurate."
1311 40 0.260328 53607.25090727514 9.35570953925402e-05 -5.999999997547406 -0.5693664426666358 0.0 0.7916328960600367 0.00022000332250030232 0.1423946334422035 1.2173668813184535 111.76741291770318 16.0 -20.064404198511355 nan 53622.251735 53705.138541 0 40 "Covariance may not be accurate. Covariance not positive definite. Covariance forced positive definite."
1316 40 0.215653 53620.974799439966 0.00023569698576312415 -0.2045822027154749 -0.999914024859511 0.0 2.7321755502416636 1.9581579142280994e-05 0.9614690335981111 1.6132965214730206 44.25044218002216 16.0 -20.64545644895925 1.1553170205297647 53622.256755 53705.143253 0 40 "Minimization exited successfully."
1329 40 0.087806 53626.822378380064 1.3777702074783127e-05 0.7615164488562192 1.1999998906701466 0.0 0.0003984046052210033 4.05138086301271e-07 0.4741495813391694 0.055575690270109224 238.28780778305565 36.0 -15.457161685148805 0.8629241140076012 53622.263862 53705.149734 4 36 "Minimization exited successfully."
1351 36 0.174548 53613.3309312108 6.883535580739398e-05 -0.38678386703881884 0.0760735897055338 0.0 3.6019557394283765 5.487240795990611e-05 1.567841753858782 0.4990845658627559 10.108089424275056 14.0 -18.74561790193639 1.138300524281803 53622.332625 53705.221521 0 36 "Covariance may not be accurate. Covariance not positive definite. Covariance forced positive definite."
1354 38 0.247914 53626.402703803076 0.00012472755109690147 -2.024005879711555 -0.9836805266064073 0.0 1.9891650242061587 0.00010763083757018676 1.259927848607127 2.1842525395783117 6.047097347566672 15.0 -20.290775339294594 1.6866336836410802 53622.312019 53705.200192 2 36 "Minimization exited successfully."
1364 34 0.217423 53627.53229755042 0.00017768484488899007 4.134413666027605 -0.9984781611249621 0.0 2.731735011231649 4.676887018563947e-05 1.39633329714896 2.19227792859755 28.17594045757274 13.0 -20.40406390700928 0.2605139129048979 53622.37964 53705.270527 4 30 "Minimization exited successfully."
1371 63 0.117969 53633.187723528754 0.00032893280580305383 0.9638284864262125 0.021795565946390427 0.0 0.15594152290577767 1.2670669000522947e-05 0.1191491196992489 0.027744130766122532 317.83136449348933 38.0 -19.51623413282631 0.8738159881613221 53622.296297 53705.184801 6 57 "Minimization exited successfully."
1372 51 0.067849 53640.518115292274 2.0295128041221134e-05 5.999999973620659 1.1999991754475983 0.0 0.22955110320981476 3.446260973694048e-07 0.026642571137854176 0.009151568392846254 1070.9260905024216 30.0 -15.393235483139858 0.13329608373888036 53622.38897 53705.281567 15 36 "Minimization exited successfully."
1378 57 0.124747 53627.40110974815 1.9071124849759926e-05 1.5739004030847354 0.7036407024705824 0.0 1.2418746681469202 3.538419231106094e-06 0.8507554140552722 0.1343383028273466 50.97767502905148 34.0 -16.57923791994619 0.7482442280204786 53622.395462 53705.287929 6 51 "Minimization exited successfully."
1385 34 0.335346 53623.503051719905 8.74920043941252e-05 -0.5828854402336363 -0.9994467699374332 0.0 3.848387066864234 1.3497060325000647e-05 1.8427055062851863 2.1938301196241254 5.317537675240232 13.0 -20.666928151498432 1.2488458102779276 53622.350251 53705.240348 2 32 "Minimization exited successfully."
1395 38 0.184968 53625.73194180334 1.5286053992059622e-05 -1.4922841520476062 1.1990697596869828 0.0 1.2913889941883099 2.0601435820605263e-06 0.6429173561798243 1.8379052009022132 49.87210461886173 15.0 -17.32447439558454 1.2769521341114043 53622.319853 53705.208762 2 36 "Minimization exited successfully."
1396 38 0.271554 53634.38956845484 6.591572806059043e-05 5.999999986148213 -0.367888944563326 0.0 1.5514962597662816 5.3960065702792225e-05 0.7723984476520238 0.6130298963065923 45.771692604809914 15.0 -19.896059117859615 0.12056398536191182 53622.320678 53705.209617 6 32 "Covariance may not be accurate. Covariance not positive definite. Covariance forced positive definite."
1400 34 0.277262 53628.23193237669 9.417581211771498e-05 4.440973945437218 -0.9974795804006552 0.0 2.8855216831761936 2.9498755007686946e-05 2.281288141860276 2.1969899735871277 51.5886427324773 13.0 -20.32507442904834 0.22744326324722053 53622.370673 53705.261646 4 30 "Minimization exited successfully."
1403 38 0.359741 53630.55850965139 8.483693107674829e-06 -1.3526780900732183 1.1953861096796077 0.0 1.8777307924538036 2.5633798481805587e-06 1.2773821360976287 2.1704452959915015 11.78331303217508 15.0 -18.334583741121456 1.2474515236349006 53622.32562 53705.214319 4 34 "Minimization exited successfully."
1415 34 0.210449 53630.47563404962 1.2544980169550968e-05 1.4311377902634748 1.1967894163165882 0.0 1.4971007848180307 2.4094121685125365e-06 0.8072033266403773 1.6570125627201593 29.18630919823433 13.0 -17.42305989265226 0.7576962728287242 53622.342874 53705.232685 4 30 "Minimization exited successfully."
1427 34 0.338832 53622.39865867965 7.555255806577233e-06 2.33828541728529 1.1956164542947447 0.0 4.2386214495199965 2.4212241283294578e-06 2.3086299665228918 2.1429414430688523 8.168536313367499 13.0 -18.058042327610174 0.6122711609366789 53622.377186 53705.268465 2 32 "Minimization exited successfully."
1450 24 0.399415 nan nan nan nan 0.000616 nan nan nan nan nan nan nan nan nan nan 0 0 "No bands in data overlap the model."
1452 48 0.324156 53634.1361147886 3.644767876516131e-06 0.4944386770252933 1.1969431173650027 0.0 0.030499209849949693 1.440221866427782e-06 2.660971085066577 2.1435247440982668 27.52310234432957 20.0 -17.15300571064565 0.9062162786656174 53622.429427 53705.322658 4 44 "Minimization exited successfully."
1456 48 0.198268 53633.23162071316 0.000148427953154201 3.607614065380602 -0.9990388362295907 0.0 2.120366141993145 2.6396665899112716e-05 1.2413052261263129 2.0078154553225738 17.453203242358217 20.0 -19.96874188934921 0.32622704717941886 53622.437887 53705.331503 4 44 "Minimization exited successfully."
1457 48 0.359187 53613.42999103079 8.241200966851104e-05 -1.8671225934886975 -0.9995476589005322 0.0 0.007021866313152714 1.3632375186894974e-05 1.8457221716047214 1.5141359793238969 14.3469380247864 20.0 -20.773215023060224 1.6318650047975964 53622.438289 53705.332345 0 48 "Covariance may not be accurate."
1461 78 0.33986 53629.36958788465 7.546784514296023e-05 0.000860466179178232 -0.9999782385567331 0.0 1.6479031072994985 5.7784429200163895e-06 1.110608314421857 2.0226848830921056 36.56326968529659 35.0 -20.542100188353373 1.1070713755158614 53616.379053 53705.284584 10 68 "Minimization exited successfully."
1464 40 0.288787 53625.541120492446 2.945265489464388e-05 -0.7828191464601861 -0.15783586716300835 0.0 4.615217838188983 4.1980251739875407e-05 2.136803079598864 1.507379823975695 7.418661987624199 16.0 -19.05950232048974 1.24437682528972 53622.398308 53705.290096 2 38 "Covariance may not be accurate. Covariance not positive definite. Covariance forced positive definite."
1469 40 0.086745 53630.987154094626 2.773230730769072e-05 5.999815947743263 0.17016814167243166 0.0 0.013654971393407322 5.93317663912518e-06 10.393467488357214 0.1679521307273779 73.69666139776155 36.0 -16.222452171453362 0.1224214155958876 53622.401125 53705.292674 4 36 "Minimization exited successfully."
1470 84 0.08672 53636.03032386227 1.1771574539666263e-05 5.999999979180046 1.1999999887012174 0.0 0.4029361666471232 1.7285053369620062e-07 0.050962450633574186 0.023807787990234086 712.3900991918096 80.0 -15.363512475644438 0.133296094851989 53616.389543 53705.294791 14 70 "Minimization exited successfully."
1478 42 0.200911 53619.32805512036 1.0608998407581894e-05 0.8388709695983074 1.1996788599697514 0.0 0.0010889057230087928 1.191029375022801e-06 0.8945805842194936 2.126916982147355 20.898625347436543 17.0 -17.128192535948866 0.8506026056712237 53622.415305 53705.308293 0 42 "Minimization exited successfully."
1495 48 0.204013 53627.072638793616 0.0001550578519262069 3.097659718881154 -0.9994054534773973 0.0 0.00572483808718971 2.8453707959883446e-05 1.289679445210182 1.735405277573672 24.730674078173887 20.0 -20.07456776281299 0.4497447386279738 53622.426607 53705.319691 2 46 "Minimization exited successfully."
1504 95 0.316373 53630.11613437912 6.452536847383339e-06 -2.7411734498194917 1.1987538061314633 0.0 1.1611992868201924 8.699937414424762e-07 0.8062576326772772 1.79481691918228 44.41318005230798 44.0 -17.71266059174863 1.583991820908352 53616.421394 53705.328541 10 85 "Minimization exited successfully."
1511 48 0.185727 53612.15457146063 0.00027237276095463226 -2.310636764893566 -0.9999848221125365 0.0 0.0014558520706486888 2.862701786071289e-05 1.192164054928909 1.5408371355098565 16.897583636164335 20.0 -20.434090887907836 1.799795258107185 53622.44111 53705.334854 0 48 "Minimization exited successfully."
