analysis_pipeline/fit_results/sdss_4_salt2_2.4_blue.ecsv
# %ECSV 0.9
# ---
# datatype:
# - name: obj_id
#   datatype: string
# - name: num_points
#   datatype: int64
# - name: z
#   datatype: float64
# - name: t0
#   datatype: float64
# - name: x0
#   datatype: float64
# - name: x1
#   datatype: float64
# - name: c
#   datatype: float64
# - name: z_err
#   datatype: float64
# - name: t0_err
#   datatype: float64
# - name: x0_err
#   datatype: float64
# - name: x1_err
#   datatype: float64
# - name: c_err
#   datatype: float64
# - name: chi
#   datatype: float64
# - name: dof
#   datatype: float64
# - name: b_max
#   datatype: float64
# - name: delta_15
#   datatype: float64
# - name: tmin
#   datatype: float64
# - name: tmax
#   datatype: float64
# - name: pre_max
#   datatype: int64
# - name: post_max
#   datatype: int64
# - name: message
#   datatype: string
# schema: astropy-2.0
obj_id num_points z t0 x0 x1 c z_err t0_err x0_err x1_err c_err chi dof b_max delta_15 tmin tmax pre_max post_max message
[from data line 311]
3452 65 0.229666 53648.377464608435 7.275587983315512e-05 0.9105570901345628 -0.0658913900584217 0.0 0.2740422688511899 1.908751653925675e-06 0.27364017700842336 0.02779349546521198 39.371532033458564 40.0 -19.473120273008384 0.8936757267913045 53616.241951 53704.14285 21 44 "Minimization exited successfully."
3475 42 0.299548 53642.207466681524 2.3125092338005528e-05 -3.9701892527292983 -0.15172384923999593 0.0 0.9219825491709344 1.8037542097976151e-06 0.6286690086162263 0.09173155739267236 55.68030933112628 38.0 -18.88664531298908 2.2604663038938924 53616.313478 53704.216446 14 28 "Minimization exited successfully."
3479 41 0.252419 53656.45514018823 3.2183920478856543e-06 2.5777200899873893 1.1999980322289212 0.0 5.345675737924466 1.4406180574094707e-06 9.130795236744559 0.3264897445410405 35.949934489720924 37.0 -16.402212160135353 0.5794703623865622 53616.338423 53704.242479 17 24 "Minimization exited successfully."
3480 60 0.17373 53667.98291004274 3.3405401457275995e-06 5.034404435392769 0.786068557581159 0.0 4.606074462899414 1.5267970529014851e-06 11.420797883445019 0.42235099908430374 58.947452338270686 36.0 -15.544612686666866 0.19465079747832448 53616.350642 53704.255256 30 30 "Minimization exited successfully."
3488 65 0.15883 53645.71744815187 4.9646452816527464e-05 -0.6781931290147067 0.2189311028696994 0.0 0.4051221255467681 2.074636068085112e-06 0.46713940155155464 0.05057592231003449 59.988048126097254 40.0 -18.166603920038987 1.1715356857779788 53623.172749 53704.082438 18 47 "Minimization exited successfully."
3497 60 0.165352 53648.08753174001 2.421897981707888e-05 2.5484275732851778 0.11316871105614323 0.0 0.9250014987992472 2.1854629398632155e-06 1.141342947979716 0.08500698293728959 54.26136608870214 36.0 -17.48534117856877 0.6135463874232734 53623.209457 53704.11923 18 42 "Minimization exited successfully."
3508 60 0.495076 53644.386306965425 2.4465614928538272e-05 0.5245765122461084 -0.10910113615302353 0.0 0.7367186902920366 1.2494314903432888e-06 0.5830488818657269 0.032383398292421484 44.91966805468101 56.0 -20.236914439800724 0.9625943909089081 53616.355115 53704.259936 21 39 "Minimization exited successfully."
3514 40 0.26267 53652.368748275665 4.9276328121973244e-05 4.391540489021748 0.09296336292773622 0.0 0.34547816945632803 1.8936832906712977e-06 0.4959322975801328 0.032477788488447956 87.96119930313158 36.0 -19.412549891252016 0.2376159390825272 53616.293349 53704.195463 16 24 "Minimization exited successfully."
3517 40 0.11202 53645.50735748849 2.3931756003278126e-05 5.999999883181065 -0.9999943667029004 0.0 0.8006895659127622 1.0025639447541761e-06 0.9288971351338926 1.368816252055975 50.59508968532257 16.0 -16.671824522819854 0.0974294473783246 53616.302827 53704.203591 16 24 "Minimization exited successfully."
3527 70 0.418798 53636.73643819128 1.258894363279195e-05 4.8490448140024345 0.1184635114671273 0.0 1.6499221240228508 1.2501372452433657e-06 1.8379497539932261 0.1014594139124384 71.23349692274635 66.0 -19.12727268894231 0.19545091458052966 53616.413332 53704.321342 11 59 "Minimization exited successfully."
3532 68 0.181326 53628.06708515429 5.307441801776225e-06 0.784195832161827 1.1999997295196443 0.0 2.808770332918357 1.04755124692546e-06 2.527478536733395 0.23624957174703687 35.86282914845719 42.0 -16.13359574299622 0.8582383372688014 53616.427001 53704.335231 6 62 "Minimization exited successfully."
3535 46 0.307551 53638.4380968846 2.7689767831898803e-05 0.45860115450694483 0.0030713101876442828 0.0 0.9125349797795934 1.7467759122025135e-06 0.9135414006259812 0.06880133563503993 23.337749903850867 42.0 -19.14955019986333 0.9694603804929045 53616.431417 53704.339853 8 38 "Minimization exited successfully."
3565 42 0.288229 53645.501209741524 3.889024569210031e-05 -1.0183082056823665 -0.19203299676289443 0.0 0.4551554595018388 1.892474959131471e-06 0.46088524960268984 0.04645701227100574 25.75531679432553 38.0 -19.35638570489875 1.2734562853646771 53616.319203 53704.222456 16 26 "Minimization exited successfully."
3572 63 0.432606 53631.51931929151 1.5021325529124275e-05 5.999993932514556 -0.39757995718090033 0.0 0.9991512631568185 8.521808676570378e-07 0.23772018583970134 0.027322932021606183 248.24218847013756 59.0 -19.445440756560796 0.11261496025646522 53616.327795 53704.23142 12 51 "Minimization exited successfully."
3573 62 0.214527 53619.52747193914 2.082600486778441e-05 2.3375292162070487 0.10129057984312184 0.0 0.007669392995012458 2.366523096098417e-06 1.6363849092782923 0.12298735068505617 60.89835226156365 37.0 -17.95039501570932 0.6509203198793436 53616.328204 53704.231847 3 59 "Minimization exited successfully."
3592 42 0.085433 53645.01415547615 0.0005279612109554577 -0.22674219928389583 0.22526933398377125 0.0 0.15252365600099438 8.330226969290879e-06 0.17415585702019687 0.4393234425786271 117.56916019163133 17.0 -19.2820249409059 1.0830596272708206 53616.365695 53704.269318 16 26 "Minimization exited successfully."
3593 42 0.35505 53626.006308174066 2.221314121320206e-05 1.0472333724755662 -0.06646224146115065 0.0 1.1936208299921418 2.0327376510520522e-06 1.2303332900266604 0.08086890219762283 40.626553125744906 38.0 -19.274489595013513 0.8704658842456254 53616.365659 53704.271018 2 40 "Minimization exited successfully."
3596 44 0.116969 53626.11761409695 6.6037718792533174e-06 -0.3283592631259715 1.19953371546243 0.0 4.0857627038312785 3.436806811947801e-06 4.186195920690772 1.128705957695269 25.996843440808924 18.0 -15.32881366032877 1.0358321869377924 53616.375829 53704.279932 2 42 "Minimization exited successfully."
3607 40 0.087854 53640.08567808789 2.2973559034934476e-05 5.999999996458763 1.1999999999999993 0.0 1.2020405070361448 1.6352813151626629e-06 0.5218347428453791 0.2951768725370043 55.55761376919816 16.0 -16.129683394812684 0.16396412857585219 53622.278853 53705.165946 10 30 "Minimization exited successfully."
3611 78 0.091615 53649.63246183496 2.4968746862209514e-05 5.999973594142984 1.1999996373770663 0.0 0.002469983879564097 8.983060306450008e-07 0.08354802962574492 0.08041710116938194 123.49984762759225 35.0 -16.31676669375753 0.16396488770013207 53616.303222 53705.204887 28 50 "Minimization exited successfully."
3644 65 0.214418 53656.593307582996 3.1676980822281655e-06 5.9999796420937805 0.6182753723262602 0.0 2.8305162599535834 9.539192093432902e-07 7.4962811681979105 0.534501530892002 66.01599068410037 40.0 -16.02151444016981 0.14456805746223012 53616.379427 53704.28546 24 41 "Minimization exited successfully."
3723 16 2.118006 nan nan nan nan 0.000676 nan nan nan nan nan nan nan nan nan nan 0 0 "No bands in data overlap the model."
3729 40 0.25275 53678.59737695958 9.742034965732892e-06 5.999986712936748 0.44254387495584036 0.0 2.4942848963983124 8.077181846877219e-07 7.510975353426214 0.15059329324997028 63.38269152614364 36.0 -17.632282876059136 0.1387233866548243 53622.282604 53705.171926 26 14 "Minimization exited successfully."
3740 48 0.234879 53638.51626977786 9.026596098048456e-06 5.99990594130969 0.3312835645168788 0.0 1.7088701410357316 1.4284312948698029e-06 10.164683066339562 0.2735572503713767 46.869782755056775 28.0 -17.361770532686375 0.13506734505581264 53622.347381 53705.238587 9 39 "Minimization exited successfully."
3746 110 0.188604 53616.91085343202 1.928223448921629e-05 0.5510430289125949 0.6540688206456167 0.0 0.0004586608265526593 2.510960378525606e-06 1.3550720678359838 0.13834516117750517 117.45050466171543 70.0 -17.57386586483609 0.9226828738170134 53616.339655 53705.244983 3 107 "Covariance may not be accurate."
3757 38 0.069066 53648.036695539304 2.251411781424517e-05 1.8624372391560362 1.1999522880919944 0.0 1.3318992437780253 1.1001796431166502e-05 3.533493200850725 1.755684348801343 19.825950136931482 15.0 -15.447835018375706 0.6963570937299153 53622.319858 53705.208736 12 26 "Minimization exited successfully."
3775 72 0.137941 53632.509071627224 2.4285661859042574e-05 0.7358897226810237 1.1999246564920067 0.0 1.3536786198419577 2.9823673878487397e-06 1.8052686418692785 1.6472534009696442 76.70444741244512 32.0 -17.131790513166195 0.8655941640047544 53616.350677 53705.254782 10 62 "Minimization exited successfully."
3780 34 0.360378 53641.40665712661 1.6649047929664374e-05 3.513915968348961 -0.04139010983603475 0.0 1.52520697365253 2.153359817697042e-06 1.827971228974819 0.08989692197744503 14.37347448193905 30.0 -19.00759553011503 0.38844138205045553 53622.340814 53705.231807 10 24 "Minimization exited successfully."
3786 32 0.065163 53637.30759917597 1.5564092156372667e-05 5.999999016883347 1.1999990902869402 0.0 1.560343098401063 1.834512552731926e-06 0.8478058286096353 0.3501944419616744 60.14155090160076 12.0 -15.023462169980704 0.16396412732352417 53622.372731 53705.26372 6 26 "Minimization exited successfully."
3805 34 0.246932 53643.11161278058 2.8677432780965795e-05 5.9999999994688515 -0.10884105399267874 0.0 1.011233280554734 1.1994877433274547e-06 0.21914739106856995 0.06018224304148734 121.10697830684937 30.0 -18.726946701122355 0.12113120768533392 53622.361274 53705.253552 10 24 "Minimization exited successfully."
3811 51 0.417873 53633.45134700241 1.880868348531073e-05 -0.847056412489918 -0.09059137922176852 0.0 1.1523052151096635 1.7894384102368206e-06 1.3805887804058175 0.10819975139852683 52.68008715888356 47.0 -19.510218964304748 1.2285304623324258 53622.362907 53705.255255 6 45 "Minimization exited successfully."
3825 34 0.312029 53645.02722598456 2.5430746283707783e-05 -0.8569327019486295 0.026914110374466782 0.0 1.0593428261236113 2.767365605382822e-06 1.0548096216253686 0.09847624699995461 30.394295968866967 30.0 -19.09276300125901 1.222315777803722 53622.373099 53705.265893 10 24 "Minimization exited successfully."
3852 40 0.346735 53648.48806843989 2.7871082862924724e-05 0.13645769041357347 0.09543268531638183 0.0 0.732370792527945 5.095100040309886e-06 1.398470318917775 0.11316105531884785 23.26616958403857 36.0 -19.460145593495476 1.0229488183947169 53622.304165 53705.194175 12 28 "Minimization exited successfully."
3858 60 0.146156 53628.50701125922 2.17133162686145e-05 5.999993222195652 0.8137539026122433 0.0 1.1010298089640855 1.5653027921824772e-06 1.0128627402937198 0.0840178532053587 76.54837436838835 36.0 -17.20781525717911 0.15111461688712424 53622.308298 53705.198454 6 54 "Minimization exited successfully."
3868 57 0.19463 53650.68377387218 7.296931868485679e-06 5.999999887666803 1.120432370154972 0.0 2.2221269011643017 1.5883044498721247e-06 1.2500431664642795 0.2775149433412234 74.77530564671954 34.0 -16.74923195115312 0.1613427284499167 53622.323147 53705.213423 18 39 "Minimization exited successfully."
