analysis_pipeline/fit_results/sdss_4_salt2_2.4_red.ecsv
# %ECSV 0.9
# ---
# datatype:
# - name: obj_id
#   datatype: string
# - name: num_points
#   datatype: int64
# - name: z
#   datatype: float64
# - name: t0
#   datatype: float64
# - name: x0
#   datatype: float64
# - name: x1
#   datatype: float64
# - name: c
#   datatype: float64
# - name: z_err
#   datatype: float64
# - name: t0_err
#   datatype: float64
# - name: x0_err
#   datatype: float64
# - name: x1_err
#   datatype: float64
# - name: c_err
#   datatype: float64
# - name: chi
#   datatype: float64
# - name: dof
#   datatype: float64
# - name: b_max
#   datatype: float64
# - name: delta_15
#   datatype: float64
# - name: tmin
#   datatype: float64
# - name: tmax
#   datatype: float64
# - name: pre_max
#   datatype: int64
# - name: post_max
#   datatype: int64
# - name: message
#   datatype: string
# schema: astropy-2.0
obj_id num_points z t0 x0 x1 c z_err t0_err x0_err x1_err c_err chi dof b_max delta_15 tmin tmax pre_max post_max message
[from data line 336]
3757 56 0.069066 53646.50381287637 3.596901542867293e-05 -3.419748016774302 0.5182000925185828 0.0 0.42412479760241695 1.5143091666460772e-05 0.6269309078867196 0.27452152062577995 44.1753956489998 33.0 -15.88879379629082 1.8647455024762962 53622.3182 53705.207907 17 39 "Minimization exited successfully."
3775 72 0.137941 53634.42903985251 0.0003731518903362408 -0.41009897601238876 -0.9930651340579403 0.0 0.8539025643840432 0.00020357623037045916 0.5528607602471118 2.156438173218455 288.01967914013954 32.0 -20.067708893979166 1.1839187390730785 53616.349848 53705.253953 12 60 "Covariance may not be accurate. Covariance not positive definite. Covariance forced positive definite."
3780 34 0.360378 53647.37348117593 4.778249425537728e-06 5.999957764048823 1.1995580496556264 0.0 2.669521292900754 6.638957569649052e-07 1.941997460128067 2.174025698950857 15.33404060805227 13.0 -17.832370291534545 0.16395085616257532 53622.341643 53705.230977 10 24 "Minimization exited successfully."
3786 48 0.065163 53634.64055324831 1.0313561026334961e-05 4.498263431040504 1.199999982802129 0.0 0.6342147393042978 5.465001455279283e-07 0.7405816266189689 0.009803977375862916 261.6087803005221 28.0 -14.512635173053123 0.23469005639928397 53622.371072 53705.26289 9 39 "Minimization exited successfully."
3805 33 0.246932 53634.92431866097 6.963943028880371e-06 5.999999405367916 1.1996214347668603 0.0 0.0017111725683207624 6.041104398474274e-07 0.35240474318138837 1.4586556685555843 49.4987082518463 13.0 -17.29258260374628 0.16395172037197625 53622.362103 53705.252722 6 27 "Minimization exited successfully."
3811 17 0.417873 nan nan nan nan 0.000131 nan nan nan nan nan nan nan nan nan nan 0 0 "No bands in data overlap the model."
3825 34 0.312029 53642.85305179654 5.684990022486014e-05 -3.317640221602242 -0.6290806439229182 0.0 1.517674314978649 9.373668079686758e-05 1.6022214369652459 1.1725184178413752 19.77054189332197 13.0 -19.984111137946908 2.0394817006725248 53622.373929 53705.265064 10 24 "Covariance may not be accurate. Covariance not positive definite. Covariance forced positive definite."
3852 40 0.346735 53647.31610490488 9.901305399581118e-06 0.32692030444298226 1.1995767070800145 0.0 1.952045946745784 2.645867006686453e-06 3.170324708292061 2.040593527140338 11.759640826700041 16.0 -18.414198113288254 0.9289000060426531 53622.304994 53705.193346 12 28 "Minimization exited successfully."
3858 40 0.146156 53627.44503690045 2.5080678429443284e-05 2.7492296675360794 0.7902926775764221 0.0 1.56234598716037 1.4102090644974032e-05 0.739000014282551 0.3560742582884773 59.75063493714428 16.0 -17.26336193223775 0.5580047679324629 53622.309128 53705.197625 4 36 "Covariance may not be accurate. Covariance not positive definite. Covariance forced positive definite."
3868 38 0.19463 53655.174268946685 4.275598618450616e-06 5.999999806907924 1.1996695318096289 0.0 1.5039620497773285 5.780807150229659e-07 1.5008007097876472 1.9229416252347873 38.84124751401595 15.0 -16.18050715943123 0.1639532873367493 53622.323976 53705.212594 12 26 "Minimization exited successfully."
3871 20 0.535274 nan nan nan nan 4.9e-05 nan nan nan nan nan nan nan nan nan nan 0 0 "No bands in data overlap the model."
3872 19 0.415137 nan nan nan nan 7.1e-05 nan nan nan nan nan nan nan nan nan nan 0 0 "No bands in data overlap the model."
3881 42 0.32616 53637.87821731283 8.962978349685847e-06 1.5753650184587373 0.8750699244058537 0.0 0.004311339071136899 3.960014270730783e-06 1.3602734227839353 0.33129099804111173 19.269827724568998 17.0 -18.115750022751683 0.751624126351853 53616.290465 53704.191226 12 30 "Covariance may not be accurate."
3887 34 0.297161 53624.345499373216 9.042809689671194e-05 -4.633877729575752 -0.9999073515145471 0.0 2.495416578880395 1.3291357545445195e-05 1.6119044574245454 2.1910542817594187 19.257127601303957 13.0 -20.39306443429671 3.0714301223875964 53622.356387 53705.246316 2 32 "Minimization exited successfully."
3888 62 0.116951 53646.31575881687 3.159988630128119e-05 1.4442013971369345 0.6366238727938958 0.0 0.7860432324378053 4.1318764724523905e-06 0.4942256554839868 0.09399228125375192 136.51603412055815 38.0 -16.97371338291951 0.7806370281362298 53616.332714 53704.235664 23 39 "Minimization exited successfully."
3889 40 0.227878 53634.59396252605 0.00013334947086817816 0.34475934620749626 -0.9925353584542759 0.0 1.4190780208082288 5.122952605301324e-05 1.0296375998331877 1.9252116268719504 5.491101122466401 16.0 -20.160035169953762 1.028664469030236 53616.333951 53704.23609 6 34 "Minimization exited successfully."
3901 111 0.061697 53656.284954705 0.0009563135037810245 0.8846144390239044 0.1425902449672498 0.0 0.04521936508535873 1.644762424162058e-05 0.04152976831067923 0.012034811648264698 1137.52856572207 70.0 -19.183000705702916 0.8901075912594791 53616.352676 53705.25739 42 69 "Minimization exited successfully."
3903 60 0.043073 53616.13314638096 1.4463154402972745e-05 -0.913963212143825 1.1999999883346075 0.0 3.564238431863487e-05 3.3875526535165407e-07 0.34253992966996094 0.010624725790015832 3975.395247286792 36.0 -13.897867778795817 1.1402305679297022 53616.345355 53704.248876 0 60 "Minimization exited successfully."
3935 0 0.641065 nan nan nan nan 0.000313 nan nan nan nan nan nan nan nan nan nan 0 0 "Empty table passed to fit_lc."
3936 86 0.178146 53628.93112245316 1.189827434719959e-06 -5.999997864587436 1.199597454308972 0.0 1.4475326492138265 4.4038289589931605e-07 0.4536058036914161 2.1872192435075375 613.2656036481429 39.0 -14.462895788005614 3.121703343356817 53616.398848 53705.305349 10 76 "Minimization exited successfully."
3945 38 0.260455 53644.08929930649 0.0001432759753135282 0.6241171527833975 -0.9951239323489482 0.0 1.3022863810547278 5.68381857434308e-05 1.262899843319241 2.1803747973570022 10.197700582386478 15.0 -20.56835058100157 0.9753963354260051 53622.287595 53705.175349 8 30 "Minimization exited successfully."
3959 50 0.182509 53646.33718286283 0.000179188631231203 0.9210583085094317 -0.9991423550162611 0.0 1.623863904587779 2.8628525759048505e-05 1.1979767029083797 1.960987184941305 24.236328557077798 21.0 -19.94203003069971 0.9206805364954498 53622.448749 53705.342855 12 38 "Minimization exited successfully."
3967 57 0.103849 53631.641524349274 1.1843714449523146e-05 -0.5527089826282046 0.6785458390489045 0.0 1.158599889382458 4.477706670101833e-06 1.1628959535658678 0.273059553982956 58.84589985705176 34.0 -15.63230828421532 1.1138468733821938 53622.395046 53705.287553 6 51 "Minimization exited successfully."
3975 42 0.392269 nan nan nan nan 3.2e-05 nan nan nan nan nan nan nan nan nan nan 0 0 "No bands in data overlap the model."
3983 32 0.306494 53649.64442690344 0.00014833009653177908 -2.170939240542274 -0.9993569150262057 0.0 1.2242440502668614 2.0769635631590077e-05 1.369752090096663 1.809508491163732 13.154847560893367 12.0 -21.010123314006215 1.6486758544987303 53622.346161 53705.236067 8 24 "Minimization exited successfully."
3987 48 0.122708 53633.85295146388 7.990209781667535e-06 2.0021362112828633 1.0305693256044535 0.0 1.5869201676723605 2.8437247591406317e-06 1.073772730401958 0.2488229619908653 45.21613491684708 28.0 -15.630363411466998 0.6802803602492702 53622.363323 53705.254395 6 42 "Minimization exited successfully."
4000 36 0.276556 53643.856336001816 2.6723036137786816e-05 0.008549763373176589 -0.05559431201105591 0.0 2.239594576665695 3.664932889609729e-05 1.9638825809300324 1.5290436776461556 10.972696592940746 14.0 -18.844681292712295 1.0544197093140504 53622.410863 53705.303205 8 28 "Covariance may not be accurate. Covariance not positive definite. Covariance forced positive definite."
4012 75 0.02458 53647.91377873357 0.0005361005443800404 -2.150835780170444 0.665397755991672 0.0 0.03475283095758641 1.1989577772804057e-05 0.031664324660999554 0.014705923649567465 4153.004227054714 46.0 -16.517546316778446 1.4606922732383225 53622.456766 53705.352476 18 57 "Minimization exited successfully."
4019 42 0.17999 53652.68911857053 6.792029076783224e-05 0.85659207941025 0.1818854111374586 0.0 0.6394166455393133 3.311413576491618e-05 0.6790457530638911 0.32889429920745583 21.12970913247828 17.0 -18.807149276210783 0.8932481911211809 53616.31634 53704.217799 16 26 "Covariance may not be accurate. Covariance not positive definite. Covariance forced positive definite."
4028 40 0.343723 53648.65093119719 5.9484260376532206e-05 0.40917211463448844 -0.985239209565431 0.0 1.7883469733278616 4.8193838924170954e-05 2.174662496038682 1.8253016457738598 13.424909510994203 16.0 -20.30906040574073 1.0159734298374161 53616.342904 53704.245531 14 26 "Minimization exited successfully."
4035 39 0.426249 nan nan nan nan 9.9e-05 nan nan nan nan nan nan nan nan nan nan 0 0 "No bands in data overlap the model."
4046 40 0.275441 53645.0693123906 4.068436399634168e-05 0.9358712381672314 0.004201941805303644 0.0 1.0581930368098256 2.927022245835242e-05 1.313486650567024 0.5593647531150322 9.078715623660218 16.0 -19.291570077345288 0.8867684450340896 53616.297863 53704.198546 16 24 "Covariance may not be accurate. Covariance not positive definite. Covariance forced positive definite."
4048 21 0.433246 nan nan nan nan 0.000154 nan nan nan nan nan nan nan nan nan nan 0 0 "No bands in data overlap the model."
4059 50 0.303065 53638.174181895534 2.658290617887804e-05 -0.8587561476966474 0.13998691535137486 0.0 1.336114720252226 2.6249587839402012e-05 1.0712118720634227 0.7770471353601678 54.714507868951166 21.0 -19.06858619635656 1.214436881577452 53622.47444 53705.369651 6 44 "Covariance may not be accurate. Covariance not positive definite. Covariance forced positive definite."
4062 46 0.151617 53641.797341365185 2.1941274825232337e-05 5.698136821450765 0.3669514340508442 0.0 0.001668927590799285 1.960231142214497e-05 1.0976782177720574 0.5642743923702115 32.906057500125115 19.0 -17.25647056077206 0.1491852624064407 53616.431829 53704.338649 12 34 "Covariance may not be accurate."
4064 92 0.1557 53646.651295755975 0.0004624731397174575 -0.7990088736999574 -0.9999749876374868 0.0 0.46605452626317856 1.7030488703590472e-05 0.4583740293204923 1.5407242460601613 193.6397434708209 42.0 -20.588550358841903 1.2722382796115852 53616.437447 53705.34581 28 64 "Minimization exited successfully."
4070 40 0.233825 53625.511228159376 3.330041305751319e-06 1.4403567042231344 1.197795207439416 0.0 5.7045642329940165 1.391000410986276e-06 3.2704416004381693 2.086589452198849 76.54933278426242 16.0 -16.247304134053373 0.7599117157547255 53616.350239 53704.25318 2 38 "Minimization exited successfully."
4079 23 0.370462 nan nan nan nan 6.2e-05 nan nan nan nan nan nan nan nan nan nan 0 0 "No bands in data overlap the model."
4110 19 0.372034 nan nan nan nan 7.5e-05 nan nan nan nan nan nan nan nan nan nan 0 0 "No bands in data overlap the model."
4138 17 0.427588 nan nan nan nan 7e-05 nan nan nan nan nan nan nan nan nan nan 0 0 "No bands in data overlap the model."
4163 0 1.900454 nan nan nan nan -1.0 nan nan nan nan nan nan nan nan nan nan 0 0 "Empty table passed to fit_lc."
4175 42 0.278076 53633.72132907015 1.9760547002656283e-06 -5.999970398573655 1.1995806138938252 0.0 3.0981278722611023 6.632641660325734e-07 2.510834300156283 2.0911635641215818 18.954531063519568 17.0 -16.104831747087264 3.1216884742050546 53622.416527 53705.309513 4 38 "Minimization exited successfully."
4181 48 0.28815 53647.28315155914 8.414179396362131e-06 4.477808829488284 1.1965019072070877 0.0 1.266110722983285 2.544914095402584e-06 2.5162159315702337 2.1277066374869467 32.12317862101778 20.0 -17.816545989643124 0.2360458396263354 53622.429037 53705.322595 12 36 "Minimization exited successfully."
4206 40 0.289104 53640.339543373826 9.02545236129948e-05 -1.0470409387697064 -0.9972008071832797 0.0 1.4971472594370425 2.4749520715027788e-05 1.3078723790450977 2.154757389089217 18.90493583441308 16.0 -20.325019972083428 1.3317522303123894 53616.297879 53704.198927 14 26 "Minimization exited successfully."
4211 42 0.248729 53643.059008535696 3.623118517540602e-06 2.8267696059021485 1.1690170989642743 0.0 2.8211147967667785 4.904519721556921e-06 2.457480529481641 1.9241105606524074 16.609939884130757 17.0 -16.4915535274452 0.5308230367897551 53616.314311 53704.2156 14 28 "Minimization exited successfully."
4234 41 0.155181 53601.3291138824 6.059381885137327e-12 4.608380758164641 -0.6726573018008513 0.0 87.92598616707619 8.272598382247365e-07 11.009948712750923 1.2912616114812845 249.52942627802122 17.0 -0.8792759369122081 0.211362601438843 53616.329856 53704.231856 0 41 "Minimization exited successfully."
4236 42 0.342829 53654.51822978228 1.0755949271098464e-05 -0.6083044317633695 1.177822361728429 0.0 1.379169635623839 8.316493406113069e-06 1.2942487437747991 2.1809609462754365 12.26589925165655 17.0 -18.471622121627682 1.0864193294253397 53616.318005 53704.21943 18 24 "Minimization exited successfully."
4240 21 0.465493 nan nan nan nan 0.000105 nan nan nan nan nan nan nan nan nan nan 0 0 "No bands in data overlap the model."
4241 40 0.330513 53637.53583741166 7.034515053105928e-06 -0.7481262327622966 1.191310166731629 0.0 1.5441161391900096 4.665626538913336e-06 1.3998786700554442 1.9720110611447963 13.718377558171523 16.0 -17.919476120830222 1.1105225789002233 53616.346189 53704.24886 10 30 "Minimization exited successfully."
4248 42 0.170217 53631.14115433308 5.791668460225497e-06 5.9999993368295605 1.1998879924368677 0.0 1.6106705820384377 4.221133459897387e-07 0.4243676966184786 1.5673951639992596 44.032697110015434 17.0 -16.18680034575262 0.16396047151770077 53616.370564 53704.274373 6 36 "Minimization exited successfully."
4262 44 0.220565 53648.74259683026 3.3782446920982423e-06 5.999999991505314 1.1993436466382605 0.0 1.5712089751650637 5.617296791621264e-07 1.6072962642545896 2.1267138874062597 19.373895138780792 18.0 -16.229424044458536 0.16394258524188743 53616.375831 53704.280313 16 28 "Minimization exited successfully."
4268 54 0.095811 53647.04761889251 2.0604388329759084e-05 0.3469642827596724 0.9795534796066689 0.0 0.494858784313692 4.929453219140179e-06 0.6243185583147284 0.1584628346185486 38.30556849378415 32.0 -16.074398483131354 0.9384845673273041 53622.3326 53705.222454 15 39 "Minimization exited successfully."
4281 48 0.212157 53651.005688559024 1.731676706784535e-05 0.2561420008412121 1.19951892659624 0.0 0.4230921123016742 1.0812685548183814e-06 0.5838351022489268 1.4298902959601394 18.328658853013607 20.0 -17.79780345125713 0.9400781679755994 53616.403298 53704.309092 16 32 "Minimization exited successfully."
4304 38 0.211499 53641.43030313268 7.083318466773347e-05 -5.9999909099496325 -0.9999533960129282 0.0 2.3071039052192646 1.466485732056766e-05 1.8145138548968687 1.8579440285491062 38.12067956597024 15.0 -19.28553768597194 nan 53622.400327 53705.292669 10 28 "Minimization exited successfully."
4307 36 0.270836 53646.680223495474 0.00015218060740016082 1.1023957035048442 -0.97511867675962 0.0 1.1974881806090707 0.00011612231272848162 1.4131085133624834 2.0794545829787467 6.151693368671002 14.0 -20.729647884126763 0.8874504595783108 53622.40802 53705.300289 12 24 "Minimization exited successfully."
4311 38 0.295144 53651.13055231313 1.0786999438803236e-05 -2.541674344018931 1.199153950997601 0.0 1.1133199890027754 1.8710198338056654e-06 1.1871342819445114 2.1885076279668567 13.220699414815405 15.0 -18.09829259798913 1.487043810601076 53622.413681 53705.306633 12 26 "Minimization exited successfully."
4313 23 0.390746 nan nan nan nan 7.9e-05 nan nan nan nan nan nan nan nan nan nan 0 0 "No bands in data overlap the model."
