analysis_pipeline/fit_results/sdss_4_salt2_2.4_red.ecsv
# %ECSV 0.9
# ---
# datatype:
# - name: obj_id
#   datatype: string
# - name: num_points
#   datatype: int64
# - name: z
#   datatype: float64
# - name: t0
#   datatype: float64
# - name: x0
#   datatype: float64
# - name: x1
#   datatype: float64
# - name: c
#   datatype: float64
# - name: z_err
#   datatype: float64
# - name: t0_err
#   datatype: float64
# - name: x0_err
#   datatype: float64
# - name: x1_err
#   datatype: float64
# - name: c_err
#   datatype: float64
# - name: chi
#   datatype: float64
# - name: dof
#   datatype: float64
# - name: b_max
#   datatype: float64
# - name: delta_15
#   datatype: float64
# - name: tmin
#   datatype: float64
# - name: tmax
#   datatype: float64
# - name: pre_max
#   datatype: int64
# - name: post_max
#   datatype: int64
# - name: message
#   datatype: string
# schema: astropy-2.0
obj_id num_points z t0 x0 x1 c z_err t0_err x0_err x1_err c_err chi dof b_max delta_15 tmin tmax pre_max post_max message
[from data line 754]
8675 37 0.494785 nan nan nan nan 6.5e-05 nan nan nan nan nan nan nan nan nan nan 0 0 "No bands in data overlap the model."
8700 25 0.422248 nan nan nan nan 4.7e-05 nan nan nan nan nan nan nan nan nan nan 0 0 "No bands in data overlap the model."
8705 23 0.393173 nan nan nan nan 3.7e-05 nan nan nan nan nan nan nan nan nan nan 0 0 "No bands in data overlap the model."
8707 46 0.394074 nan nan nan nan 0.0005 nan nan nan nan nan nan nan nan nan nan 0 0 "No bands in data overlap the model."
8719 48 0.116277 53689.64269768892 0.00030414664058722843 -0.16325483613030833 -0.1011294364477574 0.0 0.17224965167042683 1.743794426484923e-05 0.25947933991585925 0.04301412234931734 42.60785787902547 28.0 -19.395828507117685 1.0896268269797176 53622.346562 53705.237331 39 9 "Minimization exited successfully."
8730 19 0.469448 nan nan nan nan 7.1e-05 nan nan nan nan nan nan nan nan nan nan 0 0 "No bands in data overlap the model."
8742 34 0.213996 53692.724312494334 5.250323518961375e-05 4.6417716948492895 0.01571297333064514 0.0 1.020659917870944 3.771528422287729e-05 1.7596402516976042 0.5034781084043181 17.944910641979074 13.0 -18.983252879223862 0.21086369306011932 53622.357201 53705.247184 28 6 "Covariance may not be accurate. Covariance not positive definite. Covariance forced positive definite."
8744 17 0.394003 nan nan nan nan 4.5e-05 nan nan nan nan nan nan nan nan nan nan 0 0 "No bands in data overlap the model."
8750 113 0.075874 53685.2763388909 0.0003162274235017515 -3.1748215102489743 -0.06902984216118568 0.0 0.09019287430783152 1.5455321583580098e-05 0.11413672086907067 0.036867789965868036 1312.3071043724055 71.0 -18.44942791281192 1.8828954538451157 53616.334744 53705.239069 92 21 "Minimization exited successfully."
8755 34 0.281508 53688.15495197474 8.813961518372437e-05 5.998889676644126 -0.9970927933715947 0.0 1.4361059107723122 3.2590158952405245e-05 10.77403040110667 2.1065120652415974 19.935439865531116 13.0 -20.30804703022495 0.09755340669120827 53622.3841 53705.275688 28 6 "Minimization exited successfully."
8785 18 0.629335 nan nan nan nan 0.000156 nan nan nan nan nan nan nan nan nan nan 0 0 "No bands in data overlap the model."
8793 20 0.434621 nan nan nan nan 7.1e-05 nan nan nan nan nan nan nan nan nan nan 0 0 "No bands in data overlap the model."
8796 21 0.571296 nan nan nan nan 6.9e-05 nan nan nan nan nan nan nan nan nan nan 0 0 "No bands in data overlap the model."
8797 32 0.309772 53665.36519439852 3.59785715207428e-05 5.999680216111441 -0.9980759991455576 0.0 4.799692299740855 1.1251408773095272e-05 10.482915872944087 2.1121604985113063 23.02095787100711 12.0 -19.575250178097466 0.09748869882519173 53622.344522 53705.233934 12 20 "Minimization exited successfully."
8850 23 0.557676 nan nan nan nan 6.1e-05 nan nan nan nan nan nan nan nan nan nan 0 0 "No bands in data overlap the model."
8888 21 0.396575 nan nan nan nan 8.6e-05 nan nan nan nan nan nan nan nan nan nan 0 0 "No bands in data overlap the model."
8896 40 0.213812 53665.38734119945 2.73772559180685e-05 5.999999938222617 -0.9453285179479745 0.0 4.792141398123931 0.00010039406512905136 9.90148778292614 1.4866820615583523 11.63015283682691 16.0 -18.354980275944094 0.09863704784705973 53616.351871 53704.254867 18 22 "Covariance may not be accurate. Covariance not positive definite. Covariance forced positive definite."
8921 49 0.144093 53693.52790236702 0.0001563061311981151 1.6525921250366498 0.02639321626244584 0.0 0.419612933856115 6.591183734344752e-05 0.5938990467625347 0.2721224057379165 13.88260606363247 20.0 -19.179464720763562 0.7669765078486037 53623.206075 53704.114151 39 10 "Covariance may not be accurate. Covariance not positive definite. Covariance forced positive definite."
8978 46 0.20335 53685.92405114394 4.178065878717163e-06 -1.462096157396993 1.1937456082524118 0.0 1.8460911332149408 2.2552007052695224e-06 2.540975856568865 2.1947533095797334 24.160764539582157 19.0 -16.14857310112015 1.2468485436391887 53616.422616 53704.329323 36 10 "Minimization exited successfully."
8983 0 1.603475 nan nan nan nan 0.00106 nan nan nan nan nan nan nan nan nan nan 0 0 "Empty table passed to fit_lc."
8990 0 1.973349 nan nan nan nan 0.000471 nan nan nan nan nan nan nan nan nan nan 0 0 "Empty table passed to fit_lc."
9020 21 0.376012 nan nan nan nan 5.9e-05 nan nan nan nan nan nan nan nan nan nan 0 0 "No bands in data overlap the model."
9032 44 0.252487 53689.17367103819 4.701730219303979e-05 -0.32601014631313596 0.08720613826586421 0.0 1.8261549850649317 3.320264924800808e-05 2.2995853281943313 0.5236944628485307 22.57716897360167 18.0 -19.231998365759715 1.110412039204114 53616.251956 53704.150971 34 10 "Covariance may not be accurate. Covariance not positive definite. Covariance forced positive definite."
9045 20 0.38928 nan nan nan nan 3.3e-05 nan nan nan nan nan nan nan nan nan nan 0 0 "No bands in data overlap the model."
9102 40 0.170195 53676.72619209278 5.7158495533808916e-05 -5.999976280778636 -0.9862576148813413 0.0 2.7285914640051487 6.573367836278045e-05 10.69417433878925 1.9314071600965592 24.65171651512172 16.0 -18.52567553306256 nan 53622.260933 53705.147965 26 14 "Minimization exited successfully."
9109 38 0.280422 53687.07030719881 5.595496203989914e-05 -2.3246676334643928 -0.07783801169234694 0.0 0.9348324112761475 4.552997037145123e-05 1.2897584363645747 0.631531167493881 22.445932035765487 15.0 -19.680663848786548 1.5980645585497193 53622.398301 53705.290127 32 6 "Covariance may not be accurate. Covariance not positive definite. Covariance forced positive definite."
9118 48 0.133083 53692.47990483523 0.00010249314404989996 1.7310354091869034 0.3952638794557837 0.0 0.4965644084986707 3.562481880480195e-05 0.6981077003429874 0.2223619579397722 18.7860496518188 20.0 -18.54178885528149 0.7431723683230302 53622.453969 53705.348748 40 8 "Covariance may not be accurate. Covariance not positive definite. Covariance forced positive definite."
9133 34 0.266008 53685.02112182072 2.188574404404009e-05 0.29758995441901526 0.07556456188941163 0.0 1.9682235771688283 3.255092864946185e-05 2.3727127085135713 1.5779910482209312 16.903518966200405 13.0 -18.53145903980541 0.9948041339240028 53622.371892 53705.262512 26 8 "Covariance may not be accurate. Covariance not positive definite. Covariance forced positive definite."
9136 0 0.829348 nan nan nan nan 0.000314 nan nan nan nan nan nan nan nan nan nan 0 0 "Empty table passed to fit_lc."
9147 126 0.118108 53689.98714365422 5.889108578847058e-06 5.518868748036541 1.1999699613645882 0.0 0.7638274535820528 3.730145280239624e-07 1.1791628750772905 1.5000401437727535 125.8565638351752 80.0 -15.316800192680805 0.1804519346000113 53616.253206 53705.15436 102 24 "Minimization exited successfully."
9155 38 0.304183 53691.82936086692 9.73703772574619e-05 1.8833506817048606 -0.9920935508793249 0.0 1.8194875826084171 4.623972613175431e-05 2.1621832689964977 2.1904124668425444 16.496279312186783 15.0 -20.538187958371154 0.7516701450042973 53622.235393 53705.121791 32 6 "Minimization exited successfully."
9160 0 1.766738 nan nan nan nan 0.000253 nan nan nan nan nan nan nan nan nan nan 0 0 "Empty table passed to fit_lc."
9194 54 0.072155 53669.32944194012 1.583861245321061e-05 0.8524897787290833 0.26101112637575974 0.0 1.8263648153224494 7.482522628140531e-06 1.5619194134515952 0.3507637247917965 43.84187585426906 32.0 -15.089541518020688 0.8907022026057057 53622.330559 53705.220682 27 27 "Minimization exited successfully."
9207 32 0.348852 53688.16844699561 7.495364723129061e-06 0.6521787586881196 1.1948960891673246 0.0 1.5873588891117834 2.323163226311542e-06 2.012535862861107 2.102581154843603 9.568892035150617 12.0 -18.127163471606746 0.8786549885204273 53622.378417 53705.269693 26 6 "Minimization exited successfully."
9243 16 0.393291 nan nan nan nan 3.6e-05 nan nan nan nan nan nan nan nan nan nan 0 0 "No bands in data overlap the model."
9250 32 0.264641 53691.021672194394 7.194616536218779e-05 5.555185106593743 -0.9990175653073915 0.0 1.9638781218163786 2.1379382273413736e-05 10.538838470646056 2.123057242623914 7.16925951310246 12.0 -19.91810792345205 0.12531714382872394 53622.386139 53705.27778 26 6 "Minimization exited successfully."
9273 63 0.09759 53692.80961878302 2.2533367493122737e-05 2.035599448095944 1.106232136426951 0.0 0.4655922598831239 4.264712503384006e-06 0.6979199270243939 0.12915928220369388 54.960958997543365 38.0 -16.23107437377923 0.6726468218396313 53623.203562 53704.112866 45 18 "Minimization exited successfully."
9278 44 0.363571 53677.58901770213 2.6438818477928506e-05 -2.4103737287852334 -0.9997016033218085 0.0 4.131228126643691 5.915263886394073e-06 3.9356376000265128 2.1432958380301197 7.803130615918098 18.0 -19.570071018573913 1.7293308691213163 53616.245709 53704.144562 30 14 "Minimization exited successfully."
9317 44 0.254565 53679.192686462855 7.160856370769575e-05 0.37255022524131576 -0.9924204554595246 0.0 2.5667388308611407 4.834946434119248e-05 3.3462136233270576 2.022959576006129 19.463969658675172 18.0 -19.758048171426847 1.02326840213345 53616.252356 53704.151446 30 14 "Minimization exited successfully."
9324 20 0.376404 nan nan nan nan 3.4e-05 nan nan nan nan nan nan nan nan nan nan 0 0 "No bands in data overlap the model."
9326 81 0.348345 53687.23529178802 5.217302816551417e-06 -1.0024930886973369 1.1981061570116478 0.0 1.598129253496154 1.2038407222925151e-06 1.8545266069100261 2.1429713425445227 68.94233469783886 37.0 -17.728982218728827 1.1569222085060211 53616.269787 53705.170241 66 15 "Minimization exited successfully."
9334 42 0.380876 nan nan nan nan 0.000111 nan nan nan nan nan nan nan nan nan nan 0 0 "No bands in data overlap the model."
9370 25 0.377151 nan nan nan nan 2.6e-05 nan nan nan nan nan nan nan nan nan nan 0 0 "No bands in data overlap the model."
9417 0 0.833292 nan nan nan nan -1.0 nan nan nan nan nan nan nan nan nan nan 0 0 "Empty table passed to fit_lc."
9424 40 0.215786 53684.942953832404 9.937429703337885e-05 1.6210972880505183 -0.9787517097943661 0.0 2.3653395030341926 0.0001239462814343395 2.516444153683396 1.9705664187932241 21.407538409295544 16.0 -19.70762705014057 0.7966147980608618 53622.255085 53705.141952 30 10 "Minimization exited successfully."
9457 44 0.256719 53688.25041177049 3.703836816891904e-05 -0.4571851301216361 0.03001437322655298 0.0 1.2278697862238914 3.653426478373633e-05 1.6751491396196172 0.708793202668233 12.86704338727343 18.0 -19.01369562567029 1.1397518397250401 53616.246118 53704.145004 34 10 "Covariance may not be accurate. Covariance not positive definite. Covariance forced positive definite."
9467 41 0.218853 53688.64346298091 0.0002174699300852778 -3.6589022234250095 -0.9923300642341268 0.0 0.982871790878562 0.00010352726561977276 1.2684206826491438 2.094996008018468 15.134998404962321 16.0 -20.588147232948938 2.281549860873916 53616.226898 53704.125331 32 9 "Minimization exited successfully."
9504 40 0.222074 53685.13912776296 3.5445942447487333e-06 1.0039777211481953 0.9834145770410028 0.0 3.8328123806677468 9.55532387578506e-06 4.7064851980262805 2.0353344568657348 29.537729497775818 16.0 -16.162250904264724 0.8349820656443043 53616.348632 53704.251415 32 8 "Covariance may not be accurate. Covariance not positive definite. Covariance forced positive definite."
9545 21 0.50178 nan nan nan nan 6.6e-05 nan nan nan nan nan nan nan nan nan nan 0 0 "No bands in data overlap the model."
9557 19 0.374504 nan nan nan nan 0.000384 nan nan nan nan nan nan nan nan nan nan 0 0 "No bands in data overlap the model."
9558 20 0.38907 nan nan nan nan 3.9e-05 nan nan nan nan nan nan nan nan nan nan 0 0 "No bands in data overlap the model."
9560 42 0.09048 53673.87574914359 5.101003791101455e-06 0.902411426522491 0.7016132680573361 0.0 2.589063041123154 3.578595044873012e-06 2.6314242573594386 0.48948068136377354 34.953477492125266 38.0 -14.401531261606966 0.8635697908664284 53616.365665 53704.26894 28 14 "Minimization exited successfully."
9594 34 0.296851 53688.629016882995 8.467802308697481e-05 3.418658677707189 -0.9683007087149227 0.0 2.241317703457753 9.575438948240757e-05 3.1811961512323976 2.1480686447047264 13.342761076984807 13.0 -20.32826274361242 0.45387313841643007 53622.374746 53705.265474 28 6 "Minimization exited successfully."
9633 50 0.194619 53682.85832211121 0.00018643532438367139 -1.6839182431235216 -0.9994462521107792 0.0 1.1751088357777917 3.06015741304505e-05 1.510297244317766 2.1553375649527062 31.989730837085396 21.0 -20.13759720306531 1.5005697791248025 53616.404884 53704.310436 36 14 "Minimization exited successfully."
9634 50 0.218218 53670.21318956763 4.2618153619147226e-05 -5.99999420032441 -0.9994671755604431 0.0 2.191535145495436 1.0778259387544952e-05 7.527622966506166 2.160726072905767 65.80686822001255 21.0 -18.810290190848853 nan 53616.405287 53704.310858 26 24 "Minimization exited successfully."
9643 0 1.614069 nan nan nan nan 0.000915 nan nan nan nan nan nan nan nan nan nan 0 0 "Empty table passed to fit_lc."
9672 46 0.188192 53646.76559914646 5.003551136248952e-06 5.999999964924735 1.1999108003673435 0.0 0.7930557537183631 5.323277967528293e-07 0.43903026089787556 2.086883792162927 185.16470026371312 19.0 -16.26980911660266 0.16396120178200846 53616.393209 53704.298119 16 30 "Minimization exited successfully."
9676 0 0.874535 nan nan nan nan 0.000131 nan nan nan nan nan nan nan nan nan nan 0 0 "Empty table passed to fit_lc."
9678 46 0.425003 nan nan nan nan 8.1e-05 nan nan nan nan nan nan nan nan nan nan 0 0 "No bands in data overlap the model."
9704 40 0.292786 53680.49031809559 4.0000898811111133e-05 5.99992075923544 -0.9345950703444845 0.0 2.627800326252327 6.783617992604019e-05 7.61962630410579 2.1124087172976207 10.541030291704361 16.0 -19.543327369777217 0.09888277885524488 53616.297468 53704.198072 34 6 "Minimization exited successfully."
9707 0 1.475003 nan nan nan nan 0.000717 nan nan nan nan nan nan nan nan nan nan 0 0 "Empty table passed to fit_lc."
9719 68 0.226047 53653.3333621709 0.0 5.962076247147133 -0.6971251160589815 0.0 0.0 0.0 0.0 0.0 475.4215567552706 30.0 inf nan 53616.333951 53705.236921 18 50 "Hesse Failed. Covariance may not be accurate. Covariance not positive definite."
9739 63 0.118202 53686.143101663656 2.6948301876627e-05 0.9692999822147002 0.5876784409490909 0.0 0.7883090396608168 6.321915686183234e-06 0.9763358067882608 0.17808949366243354 126.15127625677253 38.0 -16.821928939670354 0.8578466146892119 53623.201463 53704.110266 42 21 "Minimization exited successfully."
9740 42 0.236617 53688.89797492982 0.0001593231633558301 -1.1891590154933844 -0.9999348625982976 0.0 1.0349646647991904 1.895073823038718e-05 1.3388234880650043 1.880861638104654 28.406370350601982 17.0 -20.44483400903925 1.3674907846489006 53623.202713 53704.111122 30 12 "Minimization exited successfully."
9817 34 0.223356 53694.006875680345 0.00020848493643711553 2.7973773014988144 -0.9969954677750038 0.0 1.1354604299704079 5.6781635897874556e-05 1.3973987571618607 2.0274851043051427 15.627406944305273 13.0 -20.601014614362946 0.5898153181447015 53622.340002 53705.229697 28 6 "Minimization exited successfully."
9847 0 0.77505 nan nan nan nan 0.000128 nan nan nan nan nan nan nan nan nan nan 0 0 "Empty table passed to fit_lc."
9954 74 0.227002 53694.12022605508 1.0765785389386106e-05 -2.4568078556594806 1.184011123451056 0.0 0.8952287446591072 4.799451150556689e-06 0.9017813427986046 1.7380594778948892 34.287023153360295 33.0 -17.44315097321526 1.4683352378571684 53616.330684 53705.233934 62 12 "Minimization exited successfully."
9962 38 0.323499 53682.80107190889 5.5726618480878014e-06 -1.4254876420134002 1.1870195563901125 0.0 2.411251611127227 3.889951480204324e-06 2.3508534054159433 2.0897860610653036 8.510163477243056 15.0 -17.611238156863 1.240144571448102 53622.302104 53705.190335 28 10 "Minimization exited successfully."
