analysis_pipeline/fit_results/sdss_4_salt2_2.4_all.ecsv
# %ECSV 0.9
# ---
# datatype:
# - name: obj_id
#   datatype: string
# - name: num_points
#   datatype: int64
# - name: z
#   datatype: float64
# - name: t0
#   datatype: float64
# - name: x0
#   datatype: float64
# - name: x1
#   datatype: float64
# - name: c
#   datatype: float64
# - name: z_err
#   datatype: float64
# - name: t0_err
#   datatype: float64
# - name: x0_err
#   datatype: float64
# - name: x1_err
#   datatype: float64
# - name: c_err
#   datatype: float64
# - name: chi
#   datatype: float64
# - name: dof
#   datatype: float64
# - name: b_max
#   datatype: float64
# - name: delta_15
#   datatype: float64
# - name: tmin
#   datatype: float64
# - name: tmax
#   datatype: float64
# - name: pre_max
#   datatype: int64
# - name: post_max
#   datatype: int64
# - name: message
#   datatype: string
# schema: astropy-2.0
obj_id num_points z t0 x0 x1 c z_err t0_err x0_err x1_err c_err chi dof b_max delta_15 tmin tmax pre_max post_max message
[from data line 154]
1903 198 0.088843 53639.89521055703 5.616667836103484e-05 5.269402750700049 0.4327669357390571 0.0 0.13509833741773036 1.318726450398876e-06 0.23872189660747356 0.01891886671404286 2452.178006408955 155.0 -17.012907356738516 0.17338173632162324 53616.245305 53705.147034 54 144 "Minimization exited successfully."
1906 78 0.199072 53618.22475425807 3.707800486233648e-05 -0.875297898827446 0.28234687276715653 0.0 3.308709958117106 6.621592970258439e-06 0.8877393623608336 0.08119684717960518 68.16777276850027 74.0 -18.395032705159966 1.2071408966899462 53622.184745 53705.072227 0 78 "Minimization exited successfully."
1924 108 1.192208 53644.70122640547 1.2205917668380862e-05 1.1492414803293158 -0.3822307445715255 0.0 0.9999974866805132 1.693400493661956e-06 0.4752400511942114 0.03938452886272675 240.12451167722827 65.0 -21.83584196815996 0.8633672579882727 53622.212661 53705.100428 30 78 "Minimization exited successfully."
1941 83 0.229542 53623.656965660615 2.0488897221437873e-05 2.2433634601783794 0.47538480323864785 0.0 0.015452389317943016 1.5721206515378882e-06 1.0779758290748194 0.0687724120277382 87.61080334307448 79.0 -18.109901104374444 0.6573206195181882 53622.225723 53705.113694 5 78 "Covariance may not be accurate."
1958 85 0.368223 53610.76810326068 1.8432221213778854e-05 5.973680072602537 0.2626871466512313 0.0 0.012875587908638408 1.2482582584250068e-06 7.986778926568666 0.10848211907260141 80.71081100708221 81.0 -19.25941168923848 0.1339335703919886 53622.234969 53705.123113 0 85 "Covariance may not be accurate."
1978 91 0.296478 53626.261190098245 2.1598484427438615e-05 3.3172232935211454 0.3394309179633923 0.0 2.7982592210428265 1.4444346616482304e-06 1.6198519985700295 0.06455772706244312 90.97330903894176 87.0 -18.801438372975568 0.43463721927405885 53622.253831 53705.142384 10 81 "Minimization exited successfully."
1979 90 0.285356 53627.29465544273 2.836499689527372e-05 -1.1441094423544076 0.03574705369887221 0.0 1.2301915011230449 1.4872592368903037e-06 0.9989681938565591 0.05195352147236526 106.06674878854741 86.0 -18.98695468243535 1.284352848879763 53622.254249 53705.142812 15 75 "Minimization exited successfully."
1981 94 0.055563 53635.05187008582 1.603091412823221e-05 5.999982720088816 1.0254076066168425 0.0 0.45976909769160557 1.5342648014815556e-06 0.8871386971417774 0.07115364382047296 317.75362780190505 70.0 -14.669765892753155 0.15819056120164277 53622.255922 53705.144098 20 74 "Minimization exited successfully."
1985 103 0.199844 53621.22132350646 1.4827641115940927e-05 4.261925943374095 0.42818173498892165 0.0 0.023106139378796797 1.5479514083333034e-06 1.6930497946940415 0.08656693205848554 105.84144629938847 99.0 -17.445976029316746 0.252406325790286 53622.258012 53705.14624 0 103 "Covariance may not be accurate."
1991 102 0.313884 53628.291157044354 3.11067932545972e-05 0.5611888366766298 0.07866543224324896 0.0 1.1929586393962381 1.611986267401333e-06 0.928151991019158 0.04319745596140878 93.97326605065777 98.0 -19.327658077424182 0.9480997369920132 53622.268864 53705.157806 15 87 "Minimization exited successfully."
2000 85 0.022141 53607.196609098384 0.000807368277393229 2.313414872889691 0.7160725012202434 0.0 0.003103843908320414 8.623698336633937e-06 0.03760307954456543 0.007421299958881855 55307.37555203364 64.0 -16.739242765363578 0.6389811030592938 53622.196609 53705.084168 0 85 "Minimization exited successfully."
2002 82 0.050476 53666.7505303997 7.58054170922895e-06 4.594703981830179 1.1999993050186744 0.0 1.2476455492796958 3.632100153383441e-07 0.9628523540858751 0.05314491759321949 313.36925152418996 61.0 -13.604420387341914 0.2283164430460971 53622.20253 53705.090151 46 36 "Minimization exited successfully."
2017 88 0.261621 53635.8944352501 4.557245949424637e-05 1.3403678991363481 -0.07355356847618444 0.0 0.5304951349098701 1.9947732660502428e-06 0.5280636823535927 0.0326993969599787 64.78491596799824 84.0 -19.28736514705365 0.821550497220354 53622.239171 53705.127377 20 68 "Minimization exited successfully."
2030 80 0.232382 53613.24395319479 6.463481465046717e-05 1.2990798560390306 0.0504367783523727 0.0 1.951133873022627 7.102408298318431e-06 0.618042346533128 0.047568567470058665 89.32350883151328 76.0 -19.373866995664773 0.8244053170713315 53622.19112 53705.078126 0 80 "Minimization exited successfully."
2031 81 0.151859 53636.947741454635 0.00019322223409946827 0.5229034477555627 -0.08193302383348688 0.0 0.1322226444754051 2.2405767740629778e-06 0.13569470993592248 0.010091305121146255 186.87081208345094 61.0 -19.533482518928437 0.961746519306363 53622.191543 53705.07898 25 56 "Minimization exited successfully."
2041 65 0.208513 53621.850136821755 4.224224435021351e-05 -0.5741062895426845 0.09625374461443825 0.0 2.043927639238973 3.05838615786813e-06 0.8807629316753487 0.05337269578041193 60.2830587973163 61.0 -18.6456969338557 1.158935031032069 53622.214366 53705.102061 0 65 "Minimization exited successfully."
2053 82 0.232293 53629.28816649888 2.1420355384684786e-05 -2.2687580567742556 0.4903993929673913 0.0 0.7878875084061292 1.5915032752605863e-06 0.7236461280660265 0.06120532704361836 88.9222040511733 78.0 -18.1843387570863 1.5129245486712435 53622.210985 53705.098243 15 67 "Minimization exited successfully."
2056 82 0.188194 53635.44992771883 5.9418458736515414e-06 5.999839145291322 0.7574714553657744 0.0 1.8994025847568992 1.3066504534708922e-06 1.2906041788297875 0.18704847595609564 82.83195010151168 61.0 -16.4004919494158 0.14923334367078311 53622.21436 53705.101665 19 63 "Minimization exited successfully."
2057 85 0.210271 53635.37989713546 5.69265190042878e-05 0.48777640037754466 0.1432532246696092 0.0 0.37585861161278444 1.9599519313062686e-06 0.365366843753439 0.02838726527725588 77.55349474147813 81.0 -18.99139292835768 0.958003051325516 53622.215204 53705.102949 20 65 "Minimization exited successfully."
2063 86 0.191544 53668.32083050593 6.318935585092889e-05 5.999999995096237 0.2826762655705011 0.0 0.4144505862532242 8.813073711100305e-07 0.023237222398643453 0.015527609446647217 1840.5807334668502 65.0 -18.974292947512694 0.13347827339797647 53622.241702 53705.129884 39 47 "Minimization exited successfully."
2064 83 0.455074 53627.37070893214 1.679843876152831e-05 -0.03654382599914463 -0.01881266206644716 0.0 0.0021352485273382626 1.1993941963306372e-06 1.3725831626169636 0.07020019375590891 77.19257561708028 79.0 -19.608317648746244 1.0609969594148865 53622.222789 53705.110223 15 68 "Covariance may not be accurate."
2078 96 0.322184 53627.993765462874 2.8584790238972423e-05 -1.1477040251656359 -0.1024149032461289 0.0 1.4363454823178472 1.6671054844641381e-06 0.8302472009878445 0.05242211593858853 110.18729099304218 92.0 -19.30075204089436 1.2960658395234574 53622.260953 53705.149589 14 82 "Minimization exited successfully."
2079 100 0.305008 53632.58095903423 2.807606764145265e-05 0.259257303549032 0.1598997050086537 0.0 0.8479206189804245 2.1652332400945445e-06 0.9062722501954581 0.06613967579172153 149.26094145314914 96.0 -19.144978582411646 0.9975252737828377 53622.261371 53705.149589 15 85 "Minimization exited successfully."
2080 99 0.102187 53634.98601726557 3.1949360386189785e-05 5.999925834059093 0.26293932144909227 0.0 0.5070686583458155 1.9003262678191096e-06 8.796231831678682 0.06776936718258364 638.527279185736 75.0 -16.74466018605038 0.1328403172584629 53622.262623 53705.150874 20 79 "Minimization exited successfully."
2081 98 0.250159 53628.29410731373 4.107777744009944e-05 -0.7445547174338909 -0.06329578818975068 0.0 0.7779367739130976 1.7235357143102744e-06 0.6997758208913072 0.037254407057902006 71.81130260226135 94.0 -19.061935599401618 1.204782918910528 53622.262623 53705.151302 15 83 "Minimization exited successfully."
2092 96 0.142017 53633.109611391905 8.611477508450039e-06 1.5506904557038617 1.0625632992465066 0.0 1.1237492048203421 1.6072871005551327e-06 0.949732616453753 0.13133377304140348 68.23791739089992 73.0 -16.059108239834604 0.7485251827330508 53622.260113 53705.148763 15 81 "Minimization exited successfully."
2102 81 0.094009 53620.4377687127 0.00047014630685876746 1.1966198232502787 -0.04405505116270558 0.0 0.2772144598493469 5.38021398911181e-06 0.12228284580885962 0.007074179916505385 610.0277656702359 61.0 -19.37512596002265 0.8445783485786116 53622.191956 53705.079454 0 81 "Minimization exited successfully."
2108 76 0.118269 53620.27842308521 3.9537351421105036e-05 1.1013757009834553 0.7674437330774704 0.0 0.0011218274885322899 1.8700562675383351e-06 0.41264033012502876 0.038123703154985256 547.7905699664891 57.0 -17.25278916125151 0.829282152268167 53622.206759 53705.093982 0 76 "Minimization exited successfully."
2109 94 0.030697 53624.662491862335 0.0001601070953077166 4.12253148614748 0.29732829208857314 0.0 0.0007088386337272823 1.9087452080362934e-06 0.16852737095580927 0.010480383302190366 5225.477203732939 69.0 -15.70570465873773 0.268203514116383 53622.207603 53705.095265 5 89 "Minimization exited successfully."
2116 86 0.306324 53631.099198794065 2.5933359791202593e-05 1.120756298024241 0.23486249884721522 0.0 1.120773383823689 1.837202287867102e-06 0.925699988586751 0.054643091357582385 78.28776639144738 82.0 -19.07195010259301 0.8473203398371574 53622.227832 53705.115801 15 71 "Minimization exited successfully."
2118 89 0.304619 53670.95248021706 1.1238479987868423e-05 5.999999470796176 0.34589676942989267 0.0 1.4860230762715219 7.340635802111085e-07 2.1061696814345066 0.07307768684943372 426.64638976057245 85.0 -18.247151020810676 0.1355418479603827 53622.232036 53705.119654 44 45 "Minimization exited successfully."
2149 79 0.294257 53624.639387950214 3.089819227420576e-05 0.2842415217975507 -0.0906956639884533 0.0 0.7437409740014118 1.731116110885166e-06 0.7098229824937414 0.044615592795205494 49.63052943330524 75.0 -19.15785878926907 1.0050564762933227 53616.359588 53704.264598 4 75 "Minimization exited successfully."
2162 100 0.171423 53629.875553084166 0.0001085596035650982 -1.390690800193667 -0.05973583312343134 0.0 0.20379327801492764 1.8355835425559768e-06 0.1779810109645381 0.01588223824853019 73.88899783263953 76.0 -19.19590384167705 1.3491829406064326 53616.354302 53704.259086 15 85 "Minimization exited successfully."
2165 105 0.286619 53634.48733077497 3.687445940332879e-05 0.662866728043892 -0.07179251624998795 0.0 0.4792036017679493 1.394956841495597e-06 0.5456667065697127 0.0272008035789455 81.45523029250246 101.0 -19.2841369196258 0.936686483907117 53616.358772 53704.263764 15 90 "Minimization exited successfully."
2181 151 0.377208 53629.42308845603 1.65119066121211e-05 1.2349900790753132 0.1670807304144324 0.0 65.86957328240533 0.012053018325410718 8.754256622051754 1.5774323547628635 164.40854807838502 147.0 -19.108515980429086 0.8309971961246596 53616.366888 53705.273528 18 133 "Covariance may not be accurate."
2183 104 0.088587 53640.03695446746 1.1647853637091199e-05 5.999999990972494 1.1727485804588338 0.0 0.4213304628210608 9.825050936146385e-07 0.6315347553721304 0.06469802845260464 522.7169083939255 79.0 -15.40728912813574 0.16306848109643113 53616.367699 53704.273536 29 75 "Minimization exited successfully."
2184 190 0.025254 53601.461347982775 9.954259638789153e-15 -5.499841368525399 -0.9940998913440581 0.0 56.108041172967205 1.1127862571480573e-06 8.640662276880489 1.5170615750985983 8772.818375710782 148.0 10.229326551943146 6.158458175051763 53616.372157 53705.279049 0 190 "Covariance may not be accurate. Covariance not positive definite. Covariance forced positive definite."
2190 114 0.072877 53624.741670944946 4.367280990222877e-05 5.393279660121976 0.45521474148843577 0.0 0.7247903940151446 2.243061782167268e-06 0.5608239968009556 0.03358630798150963 697.0611636442467 86.0 -16.291617407234497 0.1669577216239908 53616.398831 53704.306151 5 109 "Minimization exited successfully."
2230 92 0.112116 53643.691757428474 1.690078686635621e-05 3.8762156816751183 1.1999999723674009 0.0 0.00014541082418872975 3.4319880455324704e-07 0.23048953325466837 0.001353868288771265 1460.5424648037094 68.0 -16.27658238276833 0.29288482037669183 53616.354717 53704.259905 28 64 "Covariance may not be accurate."
2234 102 0.080525 53616.287266759224 1.1018025501730034e-05 -1.7029624886790167 1.066968986906001 0.0 0.004796892168087652 2.5975363208496915e-06 0.7775312219247297 0.1625680921425291 176.5051793056314 78.0 -15.002554404068945 1.3103054179213132 53616.36284 53704.267982 0 102 "Minimization exited successfully."
2235 104 0.346426 53618.02018880266 2.5596644904408718e-05 1.0133529691698921 0.014923698654244033 0.0 2.5814079584488354 2.1766696713959587e-06 1.3281023318979175 0.06456040473152824 84.2189130220812 100.0 -19.36566719717347 0.8732799784691458 53616.363652 53704.268832 5 99 "Minimization exited successfully."
2236 105 0.253016 53652.88216507644 2.6752229349211732e-05 5.999999440188766 -0.13913495885575455 0.0 0.5427086686031544 7.627082052624738e-07 0.10362039259654665 0.027682157398528695 435.2076975062016 101.0 -18.71155435627247 0.12021379945739596 53616.367708 53704.273079 40 65 "Minimization exited successfully."
2246 112 0.194216 53634.362181305616 6.0452436599313096e-05 0.5325491342682458 0.11578707861803972 0.0 0.3138494035847543 1.7859236441653026e-06 0.353078517749827 0.0236481529635868 151.08520618547263 108.0 -18.86318334510355 0.9514442885985304 53616.44747 53704.356593 13 99 "Minimization exited successfully."
2272 188 0.471837 53669.662589987085 1.245833391076312e-05 0.5754908113318091 -0.3490647206513511 0.0 1.0502433912515698 6.212975031982813e-07 0.11943371260431235 0.021012043388347446 402.96579931190087 184.0 -19.384372780629032 0.9630613128698791 53616.276826 53705.179207 104 84 "Minimization exited successfully."
2280 98 0.348577 53625.12053874289 1.705879910303465e-05 0.6691727963973015 0.05922587642592614 0.0 1.5710503326699836 1.8894158075438709e-06 1.4421866156262726 0.09341687034171015 71.95070082109055 94.0 -18.940693233732134 0.9302077643456315 53616.261086 53704.162113 6 92 "Minimization exited successfully."
2290 100 0.328975 53625.76815802526 2.3733797869908148e-05 -1.0486853679389831 -0.07231467079805587 0.0 0.8952725484705297 1.5985798474843492e-06 0.8010846144155654 0.05268784648621505 110.36120457427252 96.0 -19.151362803322076 1.2714252899521163 53616.345751 53704.250162 5 95 "Minimization exited successfully."
2292 99 0.150375 53641.78181088657 2.0232304732070715e-05 5.999995536290021 1.005896760115228 0.0 70.06280444559889 0.012561347650016994 7.382174206798614 1.5714851373457015 874.6123064356782 75.0 -17.22154851276497 0.1575404262086657 53616.356327 53704.261227 30 69 "Covariance may not be accurate."
2297 105 0.229972 53642.773538589056 3.0917190534296425e-05 5.999999170971439 0.19473330637287378 0.0 0.0012846100398746785 7.523060297304204e-07 0.051424380382625756 0.029140696986965753 298.83191782784377 101.0 -18.640178228427764 0.130634878129392 53616.367287 53704.273126 35 70 "Minimization exited successfully."
2308 115 0.147025 53601.4048710001 0.0002790864542927374 5.99999999997457 -0.19477497336046146 0.0 0.006505274923256366 3.2247611422425715e-06 0.005455920388603985 0.012222080419925618 13907.182846393427 86.0 -19.941949943587506 0.11853271173383106 53616.404871 53704.312501 0 115 "Minimization exited successfully."
2309 108 0.059447 53617.393580795986 0.001392177457741214 0.2852251963633332 -0.05571332347005997 0.0 3.6201527109369636e-08 1.0724335618696938e-05 0.047950304041950886 0.005378834295121981 18983.90624281949 82.0 -19.505054474393255 1.003256000727962 53616.414935 53704.322621 5 103 "Minimization exited successfully."
