analysis_pipeline/fit_results/sdss_4_salt2_2.4_all.ecsv
# %ECSV 0.9
# ---
# datatype:
# - name: obj_id
#   datatype: string
# - name: num_points
#   datatype: int64
# - name: z
#   datatype: float64
# - name: t0
#   datatype: float64
# - name: x0
#   datatype: float64
# - name: x1
#   datatype: float64
# - name: c
#   datatype: float64
# - name: z_err
#   datatype: float64
# - name: t0_err
#   datatype: float64
# - name: x0_err
#   datatype: float64
# - name: x1_err
#   datatype: float64
# - name: c_err
#   datatype: float64
# - name: chi
#   datatype: float64
# - name: dof
#   datatype: float64
# - name: b_max
#   datatype: float64
# - name: delta_15
#   datatype: float64
# - name: tmin
#   datatype: float64
# - name: tmax
#   datatype: float64
# - name: pre_max
#   datatype: int64
# - name: post_max
#   datatype: int64
# - name: message
#   datatype: string
# schema: astropy-2.0
obj_id num_points z t0 x0 x1 c z_err t0_err x0_err x1_err c_err chi dof b_max delta_15 tmin tmax pre_max post_max message
[from data line 305]
3377 112 0.244478 53645.902943396446 6.4670003063112e-05 1.1365704150515423 -0.011172005475625357 0.0 0.30860809206569684 1.4040480790128462e-06 0.2897813470720565 0.019714981362589645 57.350693676382086 64.0 -19.499130780436573 0.8535125682581608 53616.45826 53704.367961 33 79 "Minimization exited successfully."
3391 99 0.809285 53642.52522363919 9.251510371324213e-06 0.3667731532525531 -0.3950271554274626 0.0 1.452933648499311 9.763236677606812e-07 0.07106154716038393 0.017203935249865576 226.14564897048686 55.0 -20.49108768001731 1.0030319676356392 53623.210293 53704.120118 25 74 "Minimization exited successfully."
3400 100 0.177075 53646.40193238853 1.1180439041804658e-05 5.999999999058446 0.5247445490419995 0.0 1.1392587418777111 1.2750425121071943e-06 0.5194769812867257 0.10945300053612472 69.74289906420225 56.0 -16.91929914128571 0.14144881941404108 53622.248812 53705.1368 25 75 "Minimization exited successfully."
3403 100 0.465775 53681.69332666926 6.0222777946938865e-06 5.999996574083472 -0.38264793672896635 0.0 1.3741937751365185 7.855494776720653e-07 0.730609025726813 0.048221373743213725 152.24458687961484 56.0 -18.64431693827037 0.11303856890888397 53622.251742 53705.139798 75 25 "Minimization exited successfully."
3426 99 0.231166 53642.801164252356 5.4108159159722556e-05 -0.2753355739447745 -0.07839149891219199 0.0 0.4592786945650005 2.0163088778579753e-06 0.42141971429937897 0.03276016841701851 63.489687936751636 55.0 -19.166787171080813 1.1102225994105304 53622.275533 53705.164216 24 75 "Minimization exited successfully."
3451 109 0.248351 53645.02619411361 6.461553046982704e-05 0.7717872708579465 -0.03145105497483702 0.0 0.2971194527563057 1.6117525316133876e-06 0.30488001441074974 0.02223419314154823 113.61362847203561 62.0 -19.536727483540673 0.9161793512824055 53616.240284 53704.141136 35 74 "Minimization exited successfully."
3452 109 0.229666 53648.483290295415 7.28492249953161e-05 0.9304227464757311 -0.05672715328537026 0.0 0.2600801010557916 1.7421075647705515e-06 0.2573742219497994 0.02037647133084597 54.564564117157104 62.0 -19.474477130735732 0.8899486222081485 53616.241951 53704.14285 35 74 "Minimization exited successfully."
3475 105 0.299548 53643.0273004601 2.502704348059548e-05 -4.018090754313178 -0.030398275216867665 0.0 0.7324449355037359 1.5675787415236907e-06 0.5902987898808694 0.07027446131775988 96.94738387344904 59.0 -18.971472381744505 2.2539901768916906 53616.313478 53704.216446 35 70 "Minimization exited successfully."
3479 103 0.252419 53671.54112123845 2.4202714468268828e-06 3.066379696285848 0.42416902670622925 0.0 6.837269602212473 1.019619066008892e-06 10.303934419301068 0.3307577597998984 60.208479555223796 58.0 -16.025719205725757 0.49913546146863297 53616.338423 53704.242479 63 40 "Minimization exited successfully."
3480 100 0.17373 53670.482695687475 3.224192458483044e-06 5.999831041016034 0.7901691313989174 0.0 3.1537059106958623 8.661647209667888e-07 7.5350734449372725 0.2460829099822721 97.92656820971705 56.0 -15.547340910329062 0.15032964553666517 53616.350642 53704.255256 60 40 "Minimization exited successfully."
3488 109 0.15883 53646.28765069132 4.817102512589932e-05 -0.17741962385582877 0.30339196281718883 0.0 0.35444540531898383 2.0347198983217117e-06 0.39818041374485524 0.0368812558787327 116.78288493022015 62.0 -18.136498703001372 1.0691074143777826 53623.172749 53704.082438 30 79 "Minimization exited successfully."
3497 100 0.165352 53649.04088424927 2.318552394215301e-05 3.2798830184076486 0.19102073827408583 0.0 0.9588872617241577 2.3320551713562623e-06 1.2525183930419943 0.07150704693597154 107.59250809169139 56.0 -17.44310877456399 0.45175040428594215 53623.209457 53704.11923 30 70 "Minimization exited successfully."
3508 99 0.495076 53644.386306965425 2.4465614928538272e-05 0.5245765122461084 -0.10910113615302353 0.0 0.7367186902920366 1.2494314903432888e-06 0.5830488818657269 0.032383398292421484 44.91966805468101 56.0 -20.236914439800724 0.9625943909089081 53616.355115 53704.259936 35 64 "Minimization exited successfully."
3514 100 0.26267 53652.86812429431 4.879334996769735e-05 4.563603034277634 0.10158062588328742 0.0 0.3232952954058419 1.679525775964418e-06 0.4540946157872572 0.02432894290022425 151.4921023732367 56.0 -19.407325709392385 0.21937531702132773 53616.293349 53704.195463 40 60 "Minimization exited successfully."
3517 100 0.11202 53648.60268293549 2.9041058576455557e-05 5.999997761128011 0.4821160634918902 0.0 9.909290747600608e-05 1.2062549729463513e-06 1.1153842897238109 0.041459037860861914 224.59802169585177 56.0 -16.867818015336297 0.14003321917640932 53616.301168 53704.203591 40 60 "Minimization exited successfully."
3527 117 0.418798 53636.73643819128 1.258894363279195e-05 4.8490448140024345 0.1184635114671273 0.0 1.6499221240228508 1.2501372452433657e-06 1.8379497539932261 0.1014594139124384 71.23349692274635 66.0 -19.12727268894231 0.19545091458052966 53616.413332 53704.321342 19 98 "Minimization exited successfully."
3532 114 0.181326 53626.64403257233 5.879249000368958e-06 1.0172590926764853 0.927864278704168 0.0 1.9599882204529422 1.4812906465222486e-06 1.5020187018041402 0.1840324671060467 50.07124043361823 65.0 -16.213252948129256 0.8354270506746673 53616.427001 53704.335231 10 104 "Minimization exited successfully."
3535 114 0.307551 53638.66456881466 2.726882141517728e-05 1.119893746949649 0.05643511211193197 0.0 0.7747793639209704 1.4490995151239542e-06 0.7253661255673078 0.044618270090105216 43.2158441731577 65.0 -19.133701200553578 0.8539378118888976 53616.431417 53704.339853 20 94 "Minimization exited successfully."
3565 104 0.288229 53645.51137464755 3.889550509778572e-05 -0.8944492633778909 -0.17912401520912202 0.0 0.4328315259590454 1.6113060872868798e-06 0.4496789680552977 0.034938337782731144 40.705100322495106 59.0 -19.356363597135136 1.244998112025069 53616.319203 53704.222456 39 65 "Minimization exited successfully."
3572 104 0.432606 53631.51931929151 1.5021325529124275e-05 5.999993932514556 -0.39757995718090033 0.0 0.9991512631568185 8.521808676570378e-07 0.23772018583970134 0.027322932021606183 248.24218847013756 59.0 -19.445440756560796 0.11261496025646522 53616.327795 53704.23142 19 85 "Minimization exited successfully."
3573 104 0.214527 53621.77460278793 1.5267097496568515e-05 5.999999999794783 0.4643488970570364 0.0 2.6935156601757626 1.7902190687874014e-06 0.49174450948310344 0.08928111789782434 121.05041898757344 58.0 -17.718354633523266 0.13944434949601714 53616.328204 53704.231847 5 99 "Minimization exited successfully."
3592 105 0.085433 53645.13167772675 0.0005204425877998753 -0.14811998477015909 -0.03193066974325354 0.0 0.04678429351770319 4.162718130367718e-06 0.0547212764844347 0.0060376707590968914 451.7139085497681 59.0 -19.263756473983527 1.0829343721543836 53616.364037 53704.269318 40 65 "Minimization exited successfully."
3593 105 0.35505 53626.59002946064 2.253476878994354e-05 1.2400524223751273 -0.0032317311722137587 0.0 1.1294211130516487 1.772081247717883e-06 1.0422389126590446 0.061583506203528926 54.43698103620799 59.0 -19.290099300131118 0.8359730189148955 53616.365659 53704.271018 10 95 "Minimization exited successfully."
3596 110 0.116969 53632.71391815185 5.5886006571348454e-06 5.999991083908792 1.1999999938058155 0.0 0.9710351109424664 3.286196073953863e-07 0.47249164985136094 0.01626924365496074 191.07060987507285 62.0 -15.259299845184799 0.16396438864336815 53616.37417 53704.279932 15 95 "Minimization exited successfully."
3607 100 0.087854 53640.470722186314 2.076394401079651e-05 3.4605354890817495 0.7380212117128662 0.0 0.6811053673445713 2.034082941249627e-06 0.6331498049005884 0.07789172958278068 205.23061614009816 56.0 -15.871197119493527 0.36369732223318607 53622.277194 53705.165946 25 75 "Minimization exited successfully."
3611 195 0.091615 53650.6248113462 2.4870786296341542e-05 5.373179664624534 0.37697636753533836 0.0 0.0004074944372405298 1.3401782109101477e-06 0.5542611139249392 0.04036726840340599 480.73899941943745 113.0 -16.2000549069605 0.16614976597961473 53616.301564 53705.204887 70 125 "Minimization exited successfully."
3644 109 0.214418 53655.69883784715 3.1154931620824833e-06 5.999999965841976 0.21388261672984665 0.0 2.842730681761168 8.034609154439209e-07 7.596023800806028 0.3082161038685898 102.56043441268494 62.0 -15.97773062173636 0.13125108188058832 53616.379427 53704.28546 40 69 "Minimization exited successfully."
3723 80 0.405 53658.652524586985 1.0144059409904483e-05 5.999998004607383 -0.5207568165293986 0.0 0.5714494128515071 9.399250906738658e-07 0.45721907902969683 0.04169753113303537 60.23616322001695 44.0 -18.852958412706347 0.10919824475240247 53622.340824 53705.232186 25 55 "Minimization exited successfully."
3729 99 0.25275 53672.42671410544 9.759580842312322e-06 5.999999988481468 0.8588116361798774 0.0 1.527138143843331 1.000185108162022e-06 0.8321716361730696 0.1023231433799614 127.47758486609156 56.0 -17.671587779541998 0.1526242494543304 53622.282604 53705.171926 54 45 "Minimization exited successfully."
3740 79 0.234879 53638.510971161 7.646448345999257e-06 5.999972925766208 0.9328360338412969 0.0 0.0033582928153919056 1.7392230812801616e-06 1.918248307168989 0.18723267622272843 85.23000843699117 43.0 -17.234354381504655 0.1551025499829386 53622.347381 53705.238587 15 64 "Minimization exited successfully."
3746 183 0.188604 53616.910885313424 2.0774935011828035e-05 -0.18966576376021038 0.5606126978502 0.0 0.00020815799143747427 1.906393607893908e-06 0.811712828548826 0.07179480748440925 181.23727582323005 107.0 -17.64813930502702 1.0553381869594425 53616.339655 53705.244983 5 178 "Covariance may not be accurate."
3757 94 0.069066 53646.764202034385 3.716108975786559e-05 -2.534237322990323 0.4672526572401219 0.0 0.0007397348344966304 5.652680978875946e-06 0.492898813248013 0.10435933380662776 79.30903772574815 52.0 -15.92183289881978 1.5891449539881677 53622.3182 53705.208736 29 65 "Minimization exited successfully."
3775 180 0.137941 53634.22726827402 2.1560847226654857e-05 -0.34537211759924347 0.8181734024902481 0.0 0.4795318157230213 1.6073982285647058e-06 0.40264479317230384 0.057768704196244025 806.8650797517682 104.0 -16.959560591660555 1.0659511132940551 53616.349019 53705.254782 25 155 "Minimization exited successfully."
3780 85 0.360378 53641.614522933036 1.714659192054491e-05 3.4736345109196165 -0.008595355160587403 0.0 1.4324946096130589 1.778649003333355e-06 1.56925951551781 0.0690521220649678 32.094448884400165 47.0 -19.039073900354506 0.40047813818627986 53622.340814 53705.231807 25 60 "Minimization exited successfully."
3786 80 0.065163 53634.645162702545 1.0454538004992519e-05 4.700830021556985 1.1999996415748098 0.0 0.6067162038707465 5.382374579859794e-07 0.7227410651419035 0.016066763460495626 333.2483963301554 44.0 -14.535176583127175 0.2216333586897754 53622.371072 53705.26372 15 65 "Minimization exited successfully."
3805 84 0.246932 53642.91252430897 2.993808981527679e-05 5.999996879444094 0.0007449394293967959 0.0 0.002223876381322043 1.0026867588108792e-06 0.19299198076442536 0.0438228350468991 187.69596258100282 47.0 -18.774978219671475 0.12449867823755412 53622.361274 53705.253552 25 59 "Minimization exited successfully."
3811 85 0.417873 53633.45134700241 1.880868348531073e-05 -0.847056412489918 -0.09059137922176852 0.0 1.1523052151096635 1.7894384102368206e-06 1.3805887804058175 0.10819975139852683 52.68008715888356 47.0 -19.510218964304748 1.2285304623324258 53622.362907 53705.255255 10 75 "Minimization exited successfully."
3825 85 0.312029 53644.49790718672 2.5321544663782226e-05 -1.1673595472320075 0.006913973581109456 0.0 1.0386938073024794 2.1826331663249433e-06 0.9279061963816919 0.06852284144294662 52.185370167457364 47.0 -19.08788845771075 1.2918945785985514 53622.373099 53705.265893 25 60 "Minimization exited successfully."
3852 99 0.346735 53648.150036217856 2.7177929622230758e-05 0.5018727519052781 0.18893309299676786 0.0 0.6742644076002762 4.048879924836158e-06 1.2517609168919472 0.08468311238822646 36.70234753205375 56.0 -19.434512664162803 0.9534533687441993 53622.304165 53705.194175 29 70 "Minimization exited successfully."
3858 100 0.146156 53626.55512109155 2.50345439698918e-05 3.384098895999788 0.7920071032242224 0.0 0.9101835928377113 1.8388982066735995e-06 0.6065637664120249 0.055644793279031046 139.7759247430688 56.0 -17.266954719528833 0.3890057002696494 53622.308298 53705.198454 5 95 "Minimization exited successfully."
3868 95 0.19463 53652.31618326395 8.354448966395589e-06 5.999999988390332 0.7684702061746906 0.0 1.102875423955993 1.1993094273848868e-06 1.0333396576685887 0.1283628770491153 119.76030190891055 53.0 -16.853027307462273 0.14959640965907894 53622.323147 53705.213423 30 65 "Minimization exited successfully."
