analysis_pipeline/fit_results/sdss_4_salt2_2.4_all.ecsv
# %ECSV 0.9
# ---
# datatype:
# - name: obj_id
#   datatype: string
# - name: num_points
#   datatype: int64
# - name: z
#   datatype: float64
# - name: t0
#   datatype: float64
# - name: x0
#   datatype: float64
# - name: x1
#   datatype: float64
# - name: c
#   datatype: float64
# - name: z_err
#   datatype: float64
# - name: t0_err
#   datatype: float64
# - name: x0_err
#   datatype: float64
# - name: x1_err
#   datatype: float64
# - name: c_err
#   datatype: float64
# - name: chi
#   datatype: float64
# - name: dof
#   datatype: float64
# - name: b_max
#   datatype: float64
# - name: delta_15
#   datatype: float64
# - name: tmin
#   datatype: float64
# - name: tmax
#   datatype: float64
# - name: pre_max
#   datatype: int64
# - name: post_max
#   datatype: int64
# - name: message
#   datatype: string
# schema: astropy-2.0
obj_id num_points z t0 x0 x1 c z_err t0_err x0_err x1_err c_err chi dof b_max delta_15 tmin tmax pre_max post_max message
[from data line 202]
2297 105 0.229972 53642.82053285331 3.056014668021634e-05 5.999999967352533 0.19368437543615213 0.0 0.4423770796456665 7.579127565338087e-07 0.04795076231878692 0.02925797188496193 213.44731893178232 59.0 -18.627525711357002 0.13060113830318087 53616.367287 53704.273126 35 70 "Minimization exited successfully."
2308 124 0.147025 53630.657376976334 0.0002366129529625849 0.736621510885012 -0.15916115670516973 0.0 0.11870483377060737 2.777029099303998e-06 0.112406639229782 0.009483928237985217 253.45436801959576 71.0 -19.67762354814136 0.9272244924762596 53616.404871 53704.312501 15 109 "Minimization exited successfully."
2309 117 0.059447 53622.35840672387 0.0009912576172796006 0.3482988999481087 0.10268540531926895 0.0 4.877940227743238e-06 5.426830825456283e-06 0.024412234408840217 0.003990377855485616 16929.472967150166 68.0 -19.136803418124142 0.9844535874626814 53616.414935 53704.322621 5 112 "Covariance may not be accurate."
2319 105 0.159153 53635.65315892733 0.00012932831911465436 0.5692678735498884 0.00538953354703442 0.0 0.15428333965610364 1.968014835738722e-06 0.17894621541437905 0.013262490807616267 116.35394721878689 59.0 -19.209164513345836 0.9498581071107957 53616.461872 53704.371689 20 85 "Minimization exited successfully."
2330 103 0.211788 53635.510336153944 3.316353117141957e-05 -1.8056018642095006 0.0478536585352094 0.0 0.4830476520291995 1.578416733884479e-06 0.521672760815467 0.04722960243565277 39.61654369900412 58.0 -18.420011753684193 1.4413861047888084 53616.330651 53704.234423 23 80 "Minimization exited successfully."
2335 118 0.18313 53683.01398337338 3.146946614579482e-06 3.445925120624734 0.21188761428969927 0.0 4.524142715654307 1.5986976689486011e-06 9.729773545136203 0.3386874093092476 89.47167289752933 67.0 -15.522545250431861 0.3986305235406249 53616.398008 53704.304929 90 28 "Minimization exited successfully."
2347 104 0.4023 53624.91069007915 1.679006644546788e-05 -3.439127629634198 -0.011779444769191572 0.0 2.464607932524814 1.5771287406651802e-06 1.6627881930610324 0.11373117606438843 84.04598877760891 58.0 -19.287721523554033 1.977763229254311 53623.204827 53704.114535 5 99 "Minimization exited successfully."
2350 102 0.203791 53638.80569537203 1.718925832626339e-05 5.999983710036915 0.1588615391377446 0.0 0.7549177479813807 9.422855649771067e-07 2.1316894544826646 0.06125129746974933 121.8338536901897 57.0 -17.70603338987035 0.12948584287525833 53616.273528 53704.174931 30 72 "Minimization exited successfully."
2360 104 0.405 53672.114843106094 1.855699880360051e-05 5.999998609273396 -0.22476249200240328 0.0 0.6186517921632912 7.266531671723528e-07 0.09541252663277788 0.0253823097295795 557.5702923175975 59.0 -19.50212345549372 0.11763649209011717 53616.329854 53704.233507 64 40 "Minimization exited successfully."
2361 102 0.152364 53626.96620345476 1.1848266683882614e-05 3.8838374001344906 1.0011208064816253 0.0 1.0559448244821397 1.2643278078611205e-06 0.7445142358725327 0.08112366949961214 91.59729425951339 58.0 -16.588538008159798 0.29314019805796576 53616.332714 53704.23692 12 90 "Minimization exited successfully."
2372 115 0.179585 53636.74800484574 9.921118023398568e-05 0.245286704368608 0.04153624065254857 0.0 0.21486295653085108 1.7262635190096157e-06 0.20655878125263083 0.015329689617874398 97.69414201481872 65.0 -19.210914885908124 1.005870848995972 53616.421781 53704.329747 20 95 "Minimization exited successfully."
2405 100 0.13232 53642.67405822657 1.322642602873736e-05 5.999999999051926 0.8535043841523773 0.0 0.0004810428945347667 1.0561930637736918e-06 0.07384992672078816 0.06881691104456278 417.036587599385 56.0 -16.438664016162388 0.15244645743350205 53616.34698 53704.251425 30 70 "Minimization exited successfully."
2420 105 0.405 53656.04647284782 2.6724328836492673e-05 5.999999982734574 -0.26496467524648304 0.0 0.391001672425773 7.813980914306305e-07 0.058294956587140234 0.019656698004362982 739.3090434407702 59.0 -19.898464615402837 0.11644596440410027 53616.310184 53704.213057 45 60 "Minimization exited successfully."
2422 105 0.263492 53639.56939828321 5.55303327803125e-05 1.0299549379892916 -0.14948258952019167 0.0 0.33106245230010245 1.411503227190523e-06 0.31355523347959746 0.023670598754575944 60.13757470944918 59.0 -19.520141315442416 0.8762768245546475 53616.317565 53704.220748 35 70 "Minimization exited successfully."
2423 104 0.187286 53636.07604847294 4.7955867174624965e-05 5.999941191101097 0.11297669752975104 0.0 0.4551971259897982 9.065943473701727e-07 7.67813905975359 0.022668474204161182 277.3682947678651 58.0 -18.613687066902926 0.1280264616078668 53616.335963 53704.239951 24 80 "Minimization exited successfully."
2437 118 0.258478 53636.68573713381 2.1391748667011214e-05 0.8719808747585933 -0.2816326789211163 0.0 0.8993019097360957 1.3783517364196477e-06 1.032029977901677 0.05551164738108494 62.799582530829795 67.0 -18.43947085455327 0.9080621389046968 53616.396803 53704.303646 20 98 "Minimization exited successfully."
2440 114 0.19029 53634.93108773394 8.525440395363405e-05 0.4806222462380383 -0.048656978862788414 0.0 0.28053382211510325 1.909163358995715e-06 0.26764972614027194 0.019365786622809855 59.15975759449983 65.0 -19.186279280712466 0.9678261647745394 53616.42739 53704.335681 15 99 "Minimization exited successfully."
2443 98 0.088459 53624.80113529307 1.5508356150397695e-05 -1.6058305654561398 1.1773164989343048 0.0 0.006660159982857294 1.8738646953242462e-06 0.5775831860282905 0.08584900740695334 283.98531575085605 55.0 -15.603260520173599 1.277979440605968 53622.266379 53705.155158 5 93 "Minimization exited successfully."
2460 100 0.087033 53660.24897102351 3.6362246547128055e-13 -5.865816346113808 -0.9334100527503972 0.0 73.97056129104385 2.8686523793453045e-07 10.727098417165802 1.660376227050057 488.7215067643986 56.0 3.5444993143322705 nan 53622.278446 53705.167215 35 65 "Minimization exited successfully."
2481 100 0.145789 53630.21576313287 2.4391350020857016e-05 5.999999858926666 0.2970769161272464 0.0 1.4228211410299991 1.470944279532982e-06 1.465118048300166 0.0601988588692256 89.33165223898584 56.0 -17.287235633752093 0.13394698682479955 53622.275952 53705.165057 10 90 "Minimization exited successfully."
2488 90 0.169735 53634.20912418928 1.3934587246192676e-05 5.999997034672948 0.46896512456401585 0.0 1.1214475852211763 1.2996834532080783e-06 0.4381179947639655 0.08797431054760696 358.5244916762522 50.0 -17.052602953025794 0.13959736498496866 53622.213097 53705.100366 20 70 "Minimization exited successfully."
2532 95 0.267696 53635.81042481705 3.586002537436572e-05 0.9427157453383117 0.0035404830169407653 0.0 0.5559663851308869 2.0624229840493484e-06 0.6033567313290669 0.04429144627524284 48.867339226768486 53.0 -19.083513685801066 0.8856328657461212 53622.40113 53705.294723 15 80 "Minimization exited successfully."
2533 90 0.338803 53640.63153877886 3.23201573466092e-05 2.1106008152636466 -0.07353225219619708 0.0 0.614661046594847 1.986482364275121e-06 0.7293978017657183 0.039463970280519234 28.569537689845763 50.0 -19.56410263593042 0.6937280073267615 53622.410438 53705.30488 20 70 "Minimization exited successfully."
2539 100 0.437692 53620.97714029692 1.6442522721801244e-05 0.5844222926266909 -0.09996063293800306 0.0 5.798743462561106 2.5191213100611572e-06 2.0813037827042744 0.10954552793030287 44.38584915163641 56.0 -19.485016977987296 0.9516117325591118 53622.270127 53705.158616 0 100 "Minimization exited successfully."
2545 95 0.239367 53641.69999381338 2.5186941829465904e-05 5.280702092996393 0.07270572879374693 0.0 0.6025799734961765 1.4708483438846676e-06 0.9407489138852991 0.04422987846920201 52.61978303305935 53.0 -18.483786233597822 0.1647034821445672 53622.397472 53705.290956 25 70 "Minimization exited successfully."
2547 98 0.096588 53645.27476026655 1.630917623174355e-15 -4.2187953397158235 -0.7697048534531559 0.0 62.842490324474056 3.028304769375767e-07 7.047751844367883 1.4096291321612076 616.7349039117497 56.0 9.186516393763341 2.5938287725088642 53622.307069 53705.197124 29 69 "Minimization exited successfully."
2550 95 0.405 53641.09385245812 1.2230038198427495e-05 5.999999847914847 -0.17370621172680645 0.0 1.3340442797489231 9.91012969910332e-07 0.6247726804008567 0.07085575717740206 113.48075354135273 53.0 -19.049238169501944 0.11916655595787873 53622.314501 53705.204824 30 65 "Minimization exited successfully."
2551 95 0.247554 53625.96656696762 2.2070528927270462e-05 1.6125055970820528 -0.14869575219952136 0.0 3.957132880568679 1.8674788760458807e-06 2.5037359976638824 0.07328735799410407 55.46081903808501 53.0 -18.364424997217704 0.7785585622750375 53622.319037 53705.209528 5 90 "Minimization exited successfully."
2556 89 0.102927 53621.17829548594 1.5032909727851208e-05 2.1028678333501247 0.8963604240213627 0.0 0.0030135789820633363 2.4762959019242198e-05 4.659657607069697 1.7192957921119105 84.41440349051784 50.0 -15.892165577003603 0.6684123435000373 53622.335493 53705.226621 0 89 "Covariance may not be accurate."
2561 119 0.117406 53639.242309028625 0.0001672144303237011 -0.06847172434267979 0.12750989485445752 0.0 0.12728120379324537 2.0298505123267352e-06 0.10912607783149042 0.011274813586134247 228.17733245916583 67.0 -18.769426469781187 1.0590368384844027 53622.451131 53705.347479 20 99 "Minimization exited successfully."
2569 99 0.209761 53635.92402207287 1.5642435784715138e-05 5.999991077109792 0.34269226568716715 0.0 1.3952626128702832 1.2492210653719537e-06 0.40432639354943767 0.07980345928972232 94.85755959098337 56.0 -17.6823207238766 0.13543723652427886 53622.300024 53705.189911 15 84 "Minimization exited successfully."
2571 95 0.241983 53626.65269461281 2.072184456842541e-05 -0.5385407720008297 0.23482483619496186 0.0 1.6664732161079883 1.8427168379109299e-06 1.2971478016662354 0.08280998808125228 51.800493837393674 53.0 -18.239882049081007 1.1425705293289425 53622.309534 53705.199326 5 90 "Minimization exited successfully."
2582 85 0.069291 53633.86309284453 2.117785224237223e-05 5.999995220377123 -0.09722519590744783 0.0 1.102252761957061 1.431832357343676e-06 0.25008273900324873 0.08712211102260997 179.7172628621894 47.0 -15.395296745901135 0.1214845554750319 53622.360865 53705.253126 10 75 "Minimization exited successfully."
2615 85 0.055356 53635.279835895286 1.9679859403470835e-05 5.999999590925068 0.8358811525966141 0.0 0.49810741856708773 1.5405682416297355e-06 0.33018756667972493 0.06109979239110375 265.90088595169976 47.0 -14.861055414763321 0.1518559857716042 53622.35802 53705.250081 15 70 "Minimization exited successfully."
2629 98 0.221876 53620.258950608295 4.775170799929174e-05 -0.6736844438464598 0.08811468649623633 0.0 0.002498865273082629 2.3658570583889892e-06 0.5635004658866896 0.04668844277979378 89.3865455158188 56.0 -18.930431561989057 1.1797267641567188 53622.397084 53705.290877 0 98 "Covariance may not be accurate."
2630 115 0.349599 53632.9458760463 2.7656826979183257e-05 1.3817972606133235 -0.10233070835350877 0.0 0.7649439675078611 1.7674383702270813e-06 0.8783930900424712 0.03887874292452048 53.188195793596016 65.0 -19.473763862087722 0.8155449654614699 53622.42135 53705.316253 10 105 "Minimization exited successfully."
2632 124 0.295151 53632.82156949253 3.056214131930801e-05 -0.7878993285263132 -0.02082084361729275 0.0 0.47289577750780154 1.6861571362630795e-06 0.6307671583765395 0.04409202645625282 73.48824379393216 70.0 -19.15255856726939 1.2110360157826854 53622.449139 53705.345301 10 114 "Minimization exited successfully."
2635 129 0.143104 53640.37073326173 0.00015617164981445608 0.8696319538118082 0.035017710702023974 0.0 0.13736746168433456 1.8286263325312192e-06 0.12596716669949526 0.011060583362408782 172.29571982895956 74.0 -19.16135699831355 0.8968450134053363 53622.468409 53705.364998 20 109 "Minimization exited successfully."
2639 109 0.214887 53638.31789421304 8.42487773973366e-05 0.40256723186030996 0.016241668973885348 0.0 0.2946960279296036 1.9112886362759884e-06 0.26440878871952567 0.022108783798119425 89.25243289701386 62.0 -19.46883013727714 0.9788248666172308 53616.230267 53704.130426 30 79 "Minimization exited successfully."
2666 80 0.056906 53636.125438700525 1.1783127403847126e-05 5.999997033188439 1.1999983940335421 0.0 0.44494185750590987 3.7238186658350416e-07 0.08977506926930712 0.04596631201507684 351.2207905434607 44.0 -14.41419862069711 0.16396416240038647 53622.343284 53705.23432 15 65 "Minimization exited successfully."
2667 93 0.094191 53608.69835929439 4.581285950896907e-05 -5.999995723747212 -0.9999999508897235 0.0 2.1934741148106696 2.1036283562669845e-05 0.629443879127515 0.12625830510461722 209.5535584796551 52.0 -16.894539036031468 nan 53622.314904 53705.205299 0 93 "Minimization exited successfully."
2689 85 0.160352 53637.01640825521 0.00013121389648810045 1.419059290216432 0.08963982143739146 0.0 0.1634134627347521 2.5157040967521737e-06 0.1808702601424259 0.015490295169912072 241.56130096242208 47.0 -19.244105701997082 0.8033734967745758 53622.393431 53705.286654 15 70 "Minimization exited successfully."
2699 90 0.045116 53629.10046310167 2.12501495843731e-05 0.6593015315579844 1.1999999210819743 0.0 0.00039659336835029535 5.479798846141912e-07 0.38659319712170026 0.006427401791984755 335.7855533369922 50.0 -14.420990144001507 0.8772938960423531 53622.403562 53705.29767 10 80 "Minimization exited successfully."
2718 84 0.287559 53635.39677530897 2.1973609533161298e-05 2.3176907023452085 0.11894137805648763 0.0 1.160782957533229 1.7622869159361621e-06 1.1048384250765144 0.06675942583916228 50.53726223142797 46.0 -18.73307348135001 0.6538980727858643 53622.383274 53705.276501 15 69 "Minimization exited successfully."
2722 90 0.015648 53634.52449636793 7.4165036672324546e-06 5.482603450523747 1.1031447425696994 0.0 0.00561027753064991 1.4273059836850117e-06 0.9883960272695242 0.13461859156931788 119.02160141778738 50.0 -11.003768318747642 0.1793712805997849 53622.392207 53705.285413 15 75 "Minimization exited successfully."
2734 123 0.302007 53641.202427562384 6.180060756178496e-05 2.2865856708075665 -0.06492172077583502 0.0 0.291836268374027 1.6107325112874055e-06 0.3347731733372292 0.019151341385852783 112.5368907436511 70.0 -19.977995636834237 0.6636551483620714 53622.456367 53705.35245 20 103 "Minimization exited successfully."
2744 105 0.033619 53646.80344139396 0.00029331591850448205 0.04589897705832424 0.29983299950437425 0.0 0.06471398076973855 3.1849365746888856e-06 0.06628742845983737 0.008697280433387133 3276.2517343343748 59.0 -16.539841861081047 1.0284324423980848 53623.20441 53704.114092 30 75 "Minimization exited successfully."
2746 125 0.118293 53638.174158761045 4.3978161979749686e-05 5.99999933764582 0.37806466564493246 0.0 0.6253675952284539 1.1561154372952111e-06 0.19163842694478017 0.02674504329920091 530.901460820547 71.0 -17.438991002005476 0.13659734155441328 53616.406069 53704.313375 25 100 "Minimization exited successfully."
2766 115 0.149336 53619.0266795797 0.00012020921610921276 -0.020343646030909213 0.055461533699939114 0.0 0.001214083004015265 2.6118562778237853e-06 0.24886736653987906 0.019570589742079147 317.9414211161685 65.0 -18.97781760254326 1.0539924059482004 53616.454677 53704.364139 5 110 "Covariance may not be accurate."
2784 109 0.398676 53636.338232512586 2.1537580418882208e-05 0.7140562369678038 -0.036982444957087246 0.0 1.0979951211666048 1.2135209985725261e-06 0.915454138208772 0.058380681773594734 49.61148617908355 64.0 -19.536955153661456 0.9263787045554643 53616.388338 53704.294733 19 90 "Minimization exited successfully."
2789 103 0.288898 53636.404187283435 3.650610031125878e-05 -0.5467988381485176 -0.0736803372197875 0.0 0.49771885803420446 1.755864652021046e-06 0.5208064194830682 0.04362974280300441 68.44312147740295 58.0 -19.292225821720262 1.1643510939812423 53616.268549 53704.169823 25 78 "Minimization exited successfully."
