analysis_pipeline/fit_results/sdss_4_salt2_2.0_all.ecsv
# %ECSV 0.9
# ---
# datatype:
# - name: obj_id
#   datatype: string
# - name: num_points
#   datatype: int64
# - name: z
#   datatype: float64
# - name: t0
#   datatype: float64
# - name: x0
#   datatype: float64
# - name: x1
#   datatype: float64
# - name: c
#   datatype: float64
# - name: z_err
#   datatype: float64
# - name: t0_err
#   datatype: float64
# - name: x0_err
#   datatype: float64
# - name: x1_err
#   datatype: float64
# - name: c_err
#   datatype: float64
# - name: chi
#   datatype: float64
# - name: dof
#   datatype: float64
# - name: b_max
#   datatype: float64
# - name: delta_15
#   datatype: float64
# - name: tmin
#   datatype: float64
# - name: tmax
#   datatype: float64
# - name: pre_max
#   datatype: int64
# - name: post_max
#   datatype: int64
# - name: message
#   datatype: string
# schema: astropy-2.0
obj_id num_points z t0 x0 x1 c z_err t0_err x0_err x1_err c_err chi dof b_max delta_15 tmin tmax pre_max post_max message
[from data line 154]
1903 207 0.088843 53639.62259726916 5.461951584218139e-05 5.388863252650335 0.43405504252099125 0.0 0.12159260659609572 1.2712857481023127e-06 0.2332763097154258 0.01759887083368361 2084.367087195915 121.0 -16.994274015858434 0.15143773789377235 53616.245305 53705.147034 55 152 "Minimization exited successfully."
1906 85 0.199072 53610.79453826903 6.025933355686575e-05 -0.48592151920705184 0.0915147054244958 0.0 2.401965634257067 1.2949030030391382e-05 0.7380347201247104 0.10515897822059045 42.2893396101856 47.0 -18.918826552668765 1.1587304571594323 53622.184745 53705.072227 0 85 "Minimization exited successfully."
1924 119 0.405 53612.68359083394 3.452546943918611e-05 -2.6685988893482957 -0.8450107701975654 0.0 0.4337779261004471 3.0387450032209868e-06 0.12230319648395738 0.017577912765372183 590.1945765315013 68.0 -20.12094687566193 1.9310939552604829 53622.212661 53705.100428 0 119 "Minimization exited successfully."
1941 89 0.229542 53623.652471884685 2.0513546106311066e-05 2.194935110058175 0.48875068882621187 0.0 0.0008471312467008829 1.5842101152480074e-06 1.0204328130824951 0.06997404324223999 55.73492607031143 49.0 -18.110945335804292 0.6451997365856954 53622.225723 53705.113694 5 84 "Minimization exited successfully."
1958 94 0.368223 53626.58481924191 1.7213974323515568e-05 -1.81410328645382 0.18828299273298454 0.0 1.7288659789337544 1.575928004192152e-06 1.531153596500475 0.11224884153191406 32.240919442421976 53.0 -19.09041785709843 1.4773243016054387 53622.234969 53705.123113 10 84 "Minimization exited successfully."
1978 100 0.296478 53624.94329061373 2.1986419994844962e-05 3.314788077112606 0.3164614903281251 0.0 4.126868265113444 1.4833743053832556e-06 2.051865158646911 0.07312099169378472 61.4238162900547 56.0 -18.8229855225188 0.39770722930602176 53622.253831 53705.142384 5 95 "Minimization exited successfully."
1979 99 0.285356 53627.072642333624 2.7232800543985915e-05 0.052335357422219175 0.024802228592982756 0.0 1.7050616570049897 1.501249215773438e-06 1.0911761957061046 0.05090902000401776 75.36831222024881 55.0 -18.943894486181655 1.049572479555497 53622.254249 53705.142812 10 89 "Minimization exited successfully."
1981 100 0.055563 53635.3674253874 1.6940803188977283e-05 5.999090917290957 0.9504516184521694 0.0 0.3708743106762995 1.5400302164197955e-06 10.353413351356188 0.06482713979004895 317.3387487738307 56.0 -14.715448330571885 0.1300180590905775 53622.255922 53705.144098 20 80 "Minimization exited successfully."
1985 106 0.199844 53625.17121539986 1.4025490456666124e-05 2.912552191007718 0.45515601492321944 0.0 0.00891620164111373 1.359757655745585e-06 1.4728621300060718 0.08334843262384006 62.003245122809005 60.0 -17.361696490353758 0.5028966062801743 53622.258012 53705.14624 5 101 "Covariance may not be accurate."
1991 105 0.313884 53628.31207651533 3.2455237074950905e-05 -0.30781607105310727 0.0770291469316664 0.0 0.9514431237403187 1.6960210925109898e-06 0.8028632284385004 0.0453742146154259 61.515262870973125 59.0 -19.373362527348192 1.121356758436029 53622.268864 53705.157806 15 90 "Minimization exited successfully."
2000 95 0.022141 53630.89368994622 0.0003795009652880743 0.554522141214143 0.8662095725516921 0.0 0.04554336686851457 2.836413232462664e-06 0.03461146216192823 0.0050716131363290895 15810.232524746409 53.0 -15.92656303778525 0.9131232898270305 53622.196609 53705.084168 15 80 "Minimization exited successfully."
