analysis_pipeline/fit_results/sdss_4_salt2_2.0_blue.ecsv
# %ECSV 0.9
# ---
# datatype:
# - name: obj_id
#   datatype: string
# - name: num_points
#   datatype: int64
# - name: z
#   datatype: float64
# - name: t0
#   datatype: float64
# - name: x0
#   datatype: float64
# - name: x1
#   datatype: float64
# - name: c
#   datatype: float64
# - name: z_err
#   datatype: float64
# - name: t0_err
#   datatype: float64
# - name: x0_err
#   datatype: float64
# - name: x1_err
#   datatype: float64
# - name: c_err
#   datatype: float64
# - name: chi
#   datatype: float64
# - name: dof
#   datatype: float64
# - name: b_max
#   datatype: float64
# - name: delta_15
#   datatype: float64
# - name: tmin
#   datatype: float64
# - name: tmax
#   datatype: float64
# - name: pre_max
#   datatype: int64
# - name: post_max
#   datatype: int64
# - name: message
#   datatype: string
# schema: astropy-2.0
obj_id num_points z t0 x0 x1 c z_err t0_err x0_err x1_err c_err chi dof b_max delta_15 tmin tmax pre_max post_max message
[from data line 156]
1924 48 1.192208 53607.21272921442 0.00030740980755193827 0.42616426984069555 1.1999730077025506 0.0 2.575912180069281 0.00022934968248146002 4.565662705502427 1.3570553643411176 94.23835213761292 19.0 -25.403589140793265 0.9172324231259559 53622.21349 53705.099599 0 48 "Minimization exited successfully."
1941 53 0.229542 53623.65325084536 1.998991859249899e-05 2.2323225130800015 0.64566933652438 0.0 0.006279805100348312 1.5212908552105221e-05 4.686353833528875 0.803663983041161 37.45341488876964 31.0 -18.091417916565774 0.6368799108771697 53622.225723 53705.113694 3 50 "Covariance may not be accurate."
1958 38 0.368223 53627.07952768039 1.7978702722656337e-05 -4.02637967582789 0.0730061347181925 0.0 1.4481211165111745 1.8651477423714527e-06 1.9105571437445454 0.18578731037898405 21.035100516272472 34.0 -19.135358513942524 2.4263978186604085 53622.234969 53705.123113 4 34 "Minimization exited successfully."
1978 40 0.296478 53623.3342665833 2.1883658894941148e-05 4.134909606496553 0.2640810439708581 0.0 3.0988338371789723 1.7467133557574905e-06 2.351289561125933 0.1037096677964564 38.49461914265724 36.0 -18.838090395907894 0.24949479921752626 53622.253831 53705.142384 2 38 "Minimization exited successfully."
1979 39 0.285356 53625.92527168932 2.7034520249715757e-05 1.739454470558977 0.11457063825479774 0.0 3.975026115665969 1.651352473361345e-06 2.035842701163079 0.07985540207699515 37.02730501860149 35.0 -18.93907710035024 0.7313670726655701 53622.254249 53705.142812 4 35 "Minimization exited successfully."
1981 40 0.055563 53636.16917936366 1.882951397297439e-05 5.999999947312618 1.199999974787386 0.0 1.058391531525558 1.6166236644554735e-06 0.2572891776459487 0.13350501818430716 162.58593394176 16.0 -14.858903127811864 0.13329609558102717 53622.257581 53705.144098 8 32 "Minimization exited successfully."
1985 63 0.199844 53625.16745216472 1.3384214600474787e-05 4.0009196095332165 0.5821104288769752 0.0 0.04586387209201348 1.67365788517393e-06 2.5666498096277404 0.14544961464651285 33.84367978837012 38.0 -17.338304845761723 0.2620001231934168 53622.258012 53705.14624 3 60 "Minimization exited successfully."
1991 42 0.313884 53628.6424160065 3.184794095002941e-05 -0.009056136703215145 0.0753633607984232 0.0 1.1018392939695332 1.98436869698948e-06 1.1101942263806297 0.07246864879895398 34.25850424867994 38.0 -19.353132534702112 1.0593511644031608 53622.268864 53705.157806 6 36 "Minimization exited successfully."
2000 38 0.022141 53625.074248309385 0.00033567333835322845 4.741108120704736 1.1999996659195 0.0 0.00028930246480740607 2.72473689262088e-06 0.18244105135738042 0.011736686853462297 1454.673788077899 15.0 -15.880709441556125 0.19054926566446184 53622.198268 53705.084168 2 36 "Minimization exited successfully."
2002 38 0.050476 53635.00458457118 1.1003693595145192e-05 5.999999999194479 1.199999873181063 0.0 1.61020935059787 1.4396107287595333e-06 0.3566269179508268 0.4163058906145466 57.70848840270376 15.0 -14.059115219976057 0.1332960926715394 53622.204188 53705.090151 8 30 "Minimization exited successfully."
2017 38 0.261621 53636.241278328904 4.4024990051318994e-05 1.8270486883504047 -0.07337521068204067 0.0 0.5912476638040971 2.3824987025000673e-06 0.6653613662872804 0.0503320640024254 38.87430142316962 34.0 -19.253032209111893 0.7181728667160812 53622.239171 53705.127377 10 28 "Minimization exited successfully."
2030 53 0.232382 53612.462715818554 6.50577667629726e-05 1.7247973439344282 0.0806648383998998 0.0 0.0033742656887625344 4.998472684784596e-06 0.7764169150311209 0.06434769641289917 88.55022648415753 32.0 -19.38320507380201 0.7345375095909432 53622.19112 53705.078126 0 53 "Minimization exited successfully."
2031 54 0.151859 53637.04736579683 0.00018927885190486937 0.7233225179557516 -0.0641711047406619 0.0 0.1365175916798762 2.407575548973856e-06 0.1582136554379483 0.01469590255951847 179.07402970617824 32.0 -19.51239627260074 0.9217180778037317 53622.191543 53705.07898 15 39 "Minimization exited successfully."
2041 44 0.208513 53620.906096779545 4.3508221651079595e-05 -0.3904277837185326 -0.04399197032285129 0.0 3.323099397119222 4.688308235661353e-06 1.371282091747243 0.09458272537376483 29.667569030143973 31.0 -18.677907202876327 1.1468880524123293 53622.214366 53705.102061 0 44 "Minimization exited successfully."
2053 54 0.232293 53629.15597642508 1.9760501758604443e-05 -2.773073157690905 0.9695830847194122 0.0 0.8868075907339517 2.1369126122083865e-06 0.9870575489125737 0.1718207607222232 30.111406089524138 32.0 -18.13269332734084 1.6360045810447197 53622.210985 53705.098243 9 45 "Minimization exited successfully."
2056 54 0.188194 53637.69561793894 4.99401604121541e-06 5.999977753722414 1.199998247910096 0.0 0.004266559342795517 6.8281117880431e-07 1.7171580160663673 1.3824698084398999 73.55190601958154 32.0 -16.25750663067372 0.13329671370943075 53622.21436 53705.101665 15 39 "Minimization exited successfully."
2057 54 0.210271 53635.50731072767 5.670163808784046e-05 0.7086547038226536 0.16940035699342904 0.0 0.478753890380176 2.2102808942897625e-06 0.4991020170714693 0.04654479408169099 34.8546358336733 32.0 -18.988014227770936 0.9159965268731973 53622.215204 53705.102949 12 42 "Minimization exited successfully."
2063 57 0.191544 53651.62379238274 9.681254314051646e-05 5.999999973166119 0.05618995016511419 0.0 0.15659627539207577 1.328336899507625e-06 0.02155696561482756 0.022016228139545846 1328.8263171163328 34.0 -19.446211668925468 0.12176012490460764 53622.241702 53705.129884 15 42 "Minimization exited successfully."
2064 54 0.455074 53624.36378017874 1.694059490374933e-05 0.6102630612036322 -0.07397472012575179 0.0 0.015209194876661059 0.012140702423153207 5.020336463558536 1.5221268415508131 47.86328828706884 50.0 -19.619386708543978 0.9437226837511687 53622.222789 53705.110223 3 51 "Covariance may not be accurate."
2078 40 0.322184 53621.09705352883 2.6650094689689707e-05 4.066322358730687 -0.06543199578898695 0.0 0.0009380123919981997 2.09888235443545e-06 1.5934344895281916 0.06876025400482905 40.03184388307338 36.0 -19.258949660282322 0.26015444357875595 53622.260953 53705.149589 0 40 "Minimization exited successfully."
2079 40 0.305008 53632.50788823647 2.513821447998388e-05 0.8153803781988387 -0.0010503716977838806 0.0 1.1310168623567733 2.6464274863680084e-06 1.377304748502251 0.09508281978269317 49.14562406371243 36.0 -19.02508195978167 0.9021766125628154 53622.261371 53705.149589 6 34 "Minimization exited successfully."
2080 39 0.102187 53635.14469232993 3.367141201750301e-05 5.999999881632203 1.1999991414057045 0.0 0.9418179504973523 1.8934999660075156e-06 0.16969501785934327 0.09894165653916986 224.0078329301949 16.0 -16.88399589594976 0.13329608592819397 53622.264282 53705.150874 8 31 "Minimization exited successfully."
2081 40 0.250159 53628.31106446056 4.063578333975748e-05 -0.6261011002327024 -0.09110292284780475 0.0 0.833665393784031 1.9918891109238504e-06 0.8338456726464938 0.05665849431750819 44.54643427344653 36.0 -19.050956470078262 1.2028691012155512 53622.262623 53705.151302 6 34 "Minimization exited successfully."
2092 40 0.142017 53629.47552831882 9.477782474728303e-06 -2.0079520116884955 1.1999810158850877 0.0 3.276940630399622 3.3930003517290693e-06 4.4091303509977 1.3678930626995485 18.939899758731666 16.0 -16.173832134007032 1.3940947151964878 53622.261772 53705.148763 6 34 "Minimization exited successfully."
2102 35 0.094009 53621.4644996807 0.0004670411811907349 0.6954994544165229 0.2761873240036692 0.0 0.6936743055957777 1.176871151332417e-05 0.5234663191327926 0.7010307852425212 146.75970197309567 13.0 -19.37133277500724 0.9142944105030608 53622.193615 53705.079454 0 35 "Minimization exited successfully."
2108 36 0.118269 53618.189827022354 4.9305971607724875e-05 -0.296463804788198 1.092629562076366 0.0 0.0006249449761526193 2.742539421624056e-06 0.7537019210399758 0.44010687795845493 103.29818438446695 14.0 -17.52011536130944 1.048507273962322 53622.208417 53705.093982 0 36 "Covariance may not be accurate."
2109 36 0.030697 53635.61700626722 0.00013193094237043735 5.999999999796328 1.1999999999950584 0.0 5.9846868680324405e-05 1.2459170486595094e-06 0.005962437452895486 0.005463195720995184 2935.62205780228 21.0 -15.644397137212614 0.13329609441212398 53622.21092 53705.095265 11 25 "Minimization exited successfully."
2116 38 0.306324 53630.78377079166 2.809790455379213e-05 -0.016726558918764844 0.3038888152796366 0.0 1.1568240817287005 2.3084704410358827e-06 1.2153642781710574 0.10722487161738303 15.849648917403542 34.0 -19.159625174397227 1.0480076848052278 53622.227832 53705.115801 6 32 "Minimization exited successfully."
2118 38 0.304619 53638.09700879417 2.21890751456022e-05 5.999999953288306 -0.012207400360210063 0.0 0.6068626833512099 1.2133877029585336e-06 0.14067585645758918 0.06811040629872284 104.23161142397365 34.0 -18.991449879343353 0.12143223635898792 53622.232036 53705.119654 10 28 "Minimization exited successfully."
2149 42 0.294257 53624.59263917824 3.062907862338538e-05 0.34973148658981046 -0.10060727339374831 0.0 0.8083945983489684 1.9609829612121664e-06 0.7276389792427178 0.06237660804119943 17.39353304041727 38.0 -19.149599784303543 0.9957696971381189 53616.359588 53704.264598 2 40 "Minimization exited successfully."
2162 60 0.171423 53630.08794560438 0.00010919595911889513 -1.3919516016390423 -0.0397786108646343 0.0 0.20546767147970968 2.0624627953569363e-06 0.21647543435438 0.023910669018148256 48.39675864939405 36.0 -19.20231559719617 1.3867795461835115 53616.354302 53704.259086 9 51 "Minimization exited successfully."
2165 42 0.286619 53634.3779821231 3.6219834973640895e-05 1.3672262133315733 -0.04375231335207319 0.0 0.5361454582234728 1.7182076734295627e-06 0.7221569657507283 0.04766777755751944 32.41440438142705 38.0 -19.267004868354203 0.8015288180009748 53616.358772 53704.263764 6 36 "Minimization exited successfully."
2181 66 0.377208 53629.729031695264 2.313918655513003e-05 -2.5803906034922384 -0.16690412716232306 0.0 0.733633732983435 1.3953971472974171e-06 0.5862990993445465 0.07766111572854534 67.30062280980964 62.0 -19.472148569262057 1.7785664789945734 53616.366888 53705.273528 8 58 "Minimization exited successfully."
2183 42 0.088587 53640.69528837132 1.6377291575616627e-05 5.999999923070073 1.1999999061502677 0.0 1.0774587619271188 1.029077867516493e-06 0.2298984451967181 0.12931186639972725 112.8081528302449 17.0 -15.771091948975801 0.1332960953308664 53616.369358 53704.273536 12 30 "Minimization exited successfully."
2184 77 0.025254 53651.916729552206 5.19315701552614e-13 -5.98258320928377 -0.9274322094464584 0.0 60.145938346529874 1.0960117166958217e-05 6.561931744069936 1.1850757260015654 2964.4270294806374 35.0 5.947276996143387 nan 53616.373816 53705.279049 26 51 "Covariance may not be accurate. Covariance not positive definite. Covariance forced positive definite."
2190 47 0.072877 53627.28628478182 3.9585761301556e-05 5.999999818426518 1.1999999980019616 0.0 1.5601452937080467 1.5604709885852489e-06 0.42144765611759727 0.053864130622341744 399.2890206654401 20.0 -16.28158494107794 0.13329609963153288 53616.40049 53704.306151 4 43 "Minimization exited successfully."
2230 35 0.112116 53681.739483235295 8.514398286417758e-06 5.999973281619058 1.1999903828715155 0.0 2.3440164549901965 1.1754328708168953e-06 2.228791752472227 1.638128491946186 57.99713530120746 16.0 -15.607111901123481 0.13329673406148856 53616.358035 53704.259905 29 6 "Minimization exited successfully."
2234 44 0.080525 53616.29725590759 1.3121321676271557e-05 0.019548554907614424 1.1963755040022717 0.0 0.01061278041015612 2.211067298936165e-06 2.0910171918772473 1.5937833423418892 43.39669946068487 18.0 -15.204631871846487 0.9855953410955323 53616.364499 53704.267982 0 44 "Minimization exited successfully."
2235 42 0.346426 53614.865534868106 2.6138810790290456e-05 2.3366523778857484 0.003246942344534265 0.0 4.96088291893102 3.4596224823391087e-06 1.9743911044698654 0.0901671324690112 39.05212535275191 38.0 -19.393337894378448 0.6226768139880186 53616.363652 53704.268832 0 42 "Minimization exited successfully."
2236 42 0.253016 53652.5620907884 2.5293015683064412e-05 5.999999619112764 -0.2047716849482527 0.0 0.5158420544394176 8.911876073053339e-07 0.09115840616048132 0.04687966471694366 267.23861819972655 38.0 -18.67425886512567 0.12078258783527218 53616.367708 53704.273079 16 26 "Minimization exited successfully."
2246 68 0.194216 53634.30031847225 6.058065110852384e-05 0.45034534370691937 0.098620946175487 0.0 0.35101211942674126 2.2441435363224093e-06 0.48362247606946607 0.035319717075386614 61.357458635250524 42.0 -18.865683251992806 0.9675415590309839 53616.44747 53704.356593 9 59 "Minimization exited successfully."
2250 44 0.252085 53691.74366515931 3.1678938818313628e-06 -5.999999999998932 1.1384601114892763 0.0 2.6796830343664624 3.2919872708991883e-06 1.370319782316474 1.3045969527394607 75.65661230410362 40.0 -16.36709702061404 3.603490312605782 53616.370946 53704.276491 38 6 "Minimization exited successfully."
2272 125 0.471837 53673.288780084855 1.0609038265882997e-05 5.970917551093123 -0.1942754635166687 0.0 0.9852881430779235 6.858769340251095e-07 11.303936008278093 0.0330492828872217 328.00737795613657 121.0 -19.31230536160294 0.12202058142353422 53616.276826 53705.179207 75 50 "Minimization exited successfully."
2280 42 0.348577 53624.4084185848 1.7310691508408693e-05 1.0487303430636041 0.16747227865004 0.0 2.1346970717495424 2.18833192714818e-06 1.8115759012228585 0.1668686465874044 24.620850727957087 38.0 -18.958774137013606 0.8538723460227935 53616.261086 53704.162113 4 38 "Minimization exited successfully."
2290 40 0.328975 53625.925498707744 2.2665947966821198e-05 -1.4897432031859452 -0.23335933916803397 0.0 0.9673624083916366 1.98507353198929e-06 0.7903065487087462 0.08583531628253749 37.54471565941675 36.0 -19.103787436998527 1.433202565684006 53616.345751 53704.250162 2 38 "Minimization exited successfully."
2292 60 0.150375 53622.76378284252 3.262483921374404e-05 5.999997517304314 0.712490039315868 0.0 0.0024210282717831433 1.3436534741739771e-06 0.2629423017014467 0.05118130354793671 284.8363847333518 36.0 -17.708026723556614 0.12717723844220785 53616.356327 53704.261227 3 57 "Minimization exited successfully."
2297 63 0.229972 53642.7755317824 3.0439133681388063e-05 5.999999998179945 0.19388023636794727 0.0 53.515088176282006 9.166691198980721e-07 9.3533429890158e-09 6.276992122267178e-05 180.02551869208088 38.0 -18.6367357585301 0.12256683424334369 53616.367287 53704.273126 21 42 "Covariance may not be accurate. Covariance not positive definite. Covariance forced positive definite."
2308 74 0.147025 53630.588947139564 0.0002372154019912387 0.7666438926637325 -0.17961710380860452 0.0 0.11696100953849964 2.9644655667504424e-06 0.13157828899464263 0.011783810699298403 199.3330664463619 46.0 -19.682488162625585 0.9173003177917245 53616.404871 53704.312501 9 65 "Minimization exited successfully."
2309 47 0.059447 53620.363848015106 0.0010125466800423044 -0.3452558434739572 1.1947372662119125 0.0 60.76085360039724 0.010224008894865896 8.442489235169997 1.396842043600142 5916.622364338726 20.0 -19.23153678283935 1.0499678893613158 53616.416594 53704.322621 2 45 "Covariance may not be accurate."
2319 63 0.159153 53635.62781715124 0.00012987472270791666 0.5002771112755955 -0.012111268694744437 0.0 0.17426633367722388 2.285067497496683e-06 0.21563191366611134 0.018159237711706577 79.37587376374853 38.0 -19.21458637231967 0.9625536273127366 53616.461872 53704.371689 12 51 "Minimization exited successfully."
