analysis_pipeline/fit_results/sdss_4_salt2_2.4_blue.ecsv
# %ECSV 0.9
# ---
# datatype:
# - name: obj_id
#   datatype: string
# - name: num_points
#   datatype: int64
# - name: z
#   datatype: float64
# - name: t0
#   datatype: float64
# - name: x0
#   datatype: float64
# - name: x1
#   datatype: float64
# - name: c
#   datatype: float64
# - name: z_err
#   datatype: float64
# - name: t0_err
#   datatype: float64
# - name: x0_err
#   datatype: float64
# - name: x1_err
#   datatype: float64
# - name: c_err
#   datatype: float64
# - name: chi
#   datatype: float64
# - name: dof
#   datatype: float64
# - name: b_max
#   datatype: float64
# - name: delta_15
#   datatype: float64
# - name: tmin
#   datatype: float64
# - name: tmax
#   datatype: float64
# - name: pre_max
#   datatype: int64
# - name: post_max
#   datatype: int64
# - name: message
#   datatype: string
# schema: astropy-2.0
obj_id num_points z t0 x0 x1 c z_err t0_err x0_err x1_err c_err chi dof b_max delta_15 tmin tmax pre_max post_max message
[from data line 730]
8236 59 0.19232 53691.604491147016 3.2499966540212587e-05 4.101160389094044 0.14797212813539806 0.0 0.5193897383323929 2.338114674539926e-06 0.9093378858157983 0.06587571165202943 89.35881835219712 36.0 -18.189415537681224 0.2710893343863532 53616.263155 53704.16427 47 12 "Minimization exited successfully."
8254 65 0.187736 53685.87997481619 6.111974207718473e-05 -1.0800015112426227 0.06176730057247415 0.0 0.322784568710631 2.502077099933443e-06 0.34747936874798313 0.04840494230921033 38.37628763670691 40.0 -18.791439408835487 1.2680350777860099 53616.28797 53704.189962 51 14 "Minimization exited successfully."
8259 72 0.445611 53685.059241925206 9.759164664722153e-06 5.999998944105265 -0.28307390972147173 0.0 1.0936237991481903 7.585727733278035e-07 0.6742199514479434 0.03526995269748806 210.54914561948777 68.0 -19.05174517312402 0.11591403319588878 53616.403249 53704.31042 57 15 "Minimization exited successfully."
8264 60 0.236019 53679.26246545632 1.6234710524275498e-05 0.10282946675015481 0.21933749284226067 0.0 1.2779927495503216 1.2459933784902956e-06 1.3157447321848492 0.10011737906145934 31.778435980688887 36.0 -17.913447992989706 1.0225522393362638 53616.305257 53704.207928 48 12 "Minimization exited successfully."
8276 66 0.471062 53683.17725792354 1.1622473105501462e-05 0.09486156590262951 -0.08719478477576892 0.0 1.7405444512369286 1.3456071392065058e-06 1.6014650205836976 0.0700926051801305 51.39688900972985 62.0 -19.29858207838944 1.0398341981762336 53616.439025 53704.347872 48 18 "Minimization exited successfully."
8280 62 0.18347 53679.882884710976 2.2036076509422963e-05 0.9656361912334717 0.4264596873874673 0.0 0.8354614709060115 1.2991347033380908e-06 0.9017549889278493 0.07022404036371799 20.07548228451728 37.0 -17.6392714210047 0.8652051005919432 53616.335555 53704.239524 47 15 "Minimization exited successfully."
8307 71 0.434911 53669.894374117765 1.0340303713866073e-05 -0.5641453134740333 0.1537328835838958 0.0 2.2128225685155485 9.249027350660691e-07 1.898934612598838 0.11491980356719955 46.26800502536454 67.0 -18.965014314868966 1.1531080801889715 53616.411308 53704.318843 35 36 "Minimization exited successfully."
8309 67 0.148446 53679.94014719259 2.9820189454397018e-05 0.04243826161063424 0.12067841316790284 0.0 0.9577030835098412 1.3893265559788976e-06 1.157606269484877 0.060199248156815544 76.14890271462971 40.0 -17.45071620523624 1.0388532356281246 53616.414125 53704.321793 46 21 "Minimization exited successfully."
8322 40 0.08378 53609.04377795689 3.114821410905577e-06 5.99964800933329 1.1996077908189902 0.0 0.03219778003403917 2.2740330223564034e-06 11.003428547558055 1.2920578251971802 17.727228535668406 16.0 -13.850872516589892 0.16396153768791777 53616.298687 53704.199392 0 40 "Minimization exited successfully."
8350 60 0.216735 53609.4549504445 2.907073932016946e-06 -5.999999413945886 -0.9999999212255021 0.0 53.15788541944494 0.012196852890013427 10.018180078037872 1.8066113467458382 57.961508241490876 36.0 -15.878317651436376 nan 53616.342482 53704.246786 0 60 "Covariance may not be accurate."
8351 40 0.379574 53678.64493444002 1.9418319786376205e-05 0.6122731811054933 0.11608979913340978 0.0 1.0412814481060195 1.3395806651533844e-06 1.0162257071659608 0.06976756325081057 30.86610991179152 36.0 -19.299179748515307 0.9376089145195436 53616.344927 53704.249767 30 10 "Minimization exited successfully."
8412 60 0.232846 53682.550584972945 6.805242201308959e-05 -1.3795069700917395 -0.1826015285148066 0.0 0.2263801126209728 1.7544425915932954e-06 0.23265513373177749 0.03076047772341467 163.3072615169206 36.0 -19.43425781868421 1.3568711884448383 53623.155347 53704.065009 42 18 "Minimization exited successfully."
8421 60 0.477648 53679.495720383435 1.398736301971959e-05 0.23830923679404403 0.0351009055741025 0.0 1.4324794297026529 1.0736157557544868e-06 1.19330912030731 0.0643571238378714 53.076626521722126 56.0 -19.535671309618422 1.007447434020417 53616.351465 53704.256501 45 15 "Minimization exited successfully."
8495 60 0.21353 53690.02394658827 6.887142567190363e-05 0.9099069506711892 -0.04384701863136142 0.0 0.35905820396146737 2.975505422126431e-06 0.4879472946728258 0.03819158752042845 48.14487442600243 36.0 -19.235031302686277 0.892971514641502 53622.256772 53705.14532 51 9 "Minimization exited successfully."
8519 63 0.451073 53680.769099561294 1.5072853661697306e-05 2.2217431678251103 -0.28534548608523236 0.0 1.303442421642103 1.1861043124050672e-06 1.2837377997381716 0.03487024610636075 66.61675341218726 59.0 -19.474317431985757 0.6797966764232299 53623.202302 53704.112395 42 21 "Minimization exited successfully."
8555 113 0.196285 53684.90234098443 3.351053565457507e-05 -1.2243866481108938 0.18274119439974346 0.0 0.36643426782029564 1.4775570382424804e-06 0.38886341395024626 0.05285891812630672 96.59235986431761 72.0 -18.248325429428718 1.2901389572315267 53616.320038 53705.224517 89 24 "Minimization exited successfully."
8569 44 0.079467 53685.987817233814 4.9166468340254846e-05 5.999999716635825 -0.9999995364787541 0.0 0.1967994331062073 1.118451609000147e-06 0.3039269267769722 0.0920622394677228 89.7394728512469 18.0 -16.659619952674138 0.09742934406130033 53616.389997 53704.295157 36 8 "Minimization exited successfully."
8598 46 0.36023 53683.07122372516 1.751772480195979e-05 -1.225505005784421 0.20403422094773438 0.0 1.2220054562167206 1.3865053460260233e-06 1.0660258176551827 0.09879148953724848 26.205088509058058 42.0 -19.054130956780828 1.288569425523285 53616.427804 53704.336072 34 12 "Minimization exited successfully."
8600 69 0.436955 53682.37942609007 1.3341708065641723e-05 1.7454123674927988 -0.002700853083999588 0.0 1.5013831706746714 1.0463441397245975e-06 1.4772746126364193 0.060373029516572474 32.742289619312956 65.0 -19.254543694269337 0.752538154779792 53616.431819 53704.340273 51 18 "Minimization exited successfully."
8633 57 0.6997 53684.8122505516 9.904970555522087e-06 5.999986138015309 -0.2410399455035036 0.0 1.7716428926396475 9.822743114357159e-07 1.273111211574121 0.12543701431826004 122.21854639113951 34.0 -20.255045822862794 0.11715350110906897 53622.242531 53705.12953 42 15 "Minimization exited successfully."
8644 39 0.11695 53682.54535967941 2.53852146181488e-05 -2.0149695415265145 1.1999973507275903 0.0 1.1694752718431118 1.8897224149250202e-06 1.06178820261306 2.0284115072765077 15.592977160634312 16.0 -16.789197274216985 1.363333933465757 53622.30251 53705.190339 29 10 "Minimization exited successfully."
8651 69 0.411273 53681.37562778165 1.2368892523937358e-05 -3.061414792858785 -0.13727982571875563 0.0 1.2460915763331286 1.130097397741281e-06 1.1956421818855039 0.078478367906539 60.759299022818674 65.0 -19.01364887158851 1.851354645457306 53616.390361 53704.296833 54 15 "Minimization exited successfully."
8662 70 0.556918 53673.454790317395 1.0337104679629673e-05 -1.6886297482983004 -0.037675367710297225 0.0 1.7561084528169886 9.341149659947149e-07 1.6624664612391817 0.10810579188406022 68.52791515108457 66.0 -19.60845279313659 1.4201758407429388 53616.413739 53704.321326 41 29 "Minimization exited successfully."
8670 40 0.267718 53673.842676866625 1.1793449485920649e-05 -1.5859079217018959 -0.4962664155124231 0.0 0.9837935871437367 1.279551653425304e-06 1.327316200544335 0.10090619426322972 45.1889739003841 36.0 -17.886744549884018 1.434761519965761 53616.341677 53704.246329 26 14 "Minimization exited successfully."
8675 111 0.494785 53676.99325117311 1.27380538298838e-05 -1.5924071923583067 0.06438548436407987 0.0 1.0056116589257726 7.844916254728937e-07 1.0091487148084999 0.06255243161849677 92.9477676088915 107.0 -19.52521557442777 1.3865354392073392 53616.342492 53705.247587 75 36 "Minimization exited successfully."
8700 75 0.422248 53686.434780003954 1.8206911852093332e-05 0.5057239754865943 -0.10125506733342138 0.0 0.9337495607287565 1.2750206676559467e-06 0.8518554462707919 0.04418184940762643 67.88953397720503 71.0 -19.50277046835548 0.9656178708676251 53616.407287 53704.31461 60 15 "Minimization exited successfully."
8705 70 0.393173 53681.2181854672 1.615733087874771e-05 -1.7886616793630665 -0.1092280545447678 0.0 0.9357083146205696 1.0052127859883081e-06 0.9286569366735138 0.05322375698798737 50.69401843155664 66.0 -19.18818416179036 1.4528218936239057 53616.421771 53704.329779 51 19 "Minimization exited successfully."
8707 138 0.394074 53687.856788787954 2.0585990714178105e-05 1.660300652904973 -0.140728487337069 0.0 0.8015126848440559 1.2815158452805772e-06 0.9550701075064008 0.030981249451503157 136.06673310226316 134.0 -19.46000175724308 0.7704081310327595 53616.42378 53705.333159 120 18 "Minimization exited successfully."
8719 31 0.116277 53690.51338649431 0.0002439429826130124 0.26945212642048055 -0.8166972965215753 0.0 0.27772519842983456 5.4987461699632106e-05 0.34341257065515807 1.128893220314914 13.645445142807741 12.0 -19.18943108033621 1.0374511325528282 53622.348221 53705.23816 25 6 "Minimization exited successfully."
8730 57 0.469448 53681.56288383818 1.191659232139486e-05 4.356785178446916 -0.08393218101835409 0.0 1.6549303246938507 1.1154427279330695e-06 1.645425600213752 0.05027874623318229 35.580525482109785 53.0 -19.34547820112671 0.24120767904103246 53622.41327 53705.307822 42 15 "Minimization exited successfully."
8742 51 0.213996 53688.917403765714 5.126283694585121e-05 1.7899733280622483 -0.039768921449505834 0.0 0.36821738311846275 2.914760056417773e-06 0.586042217345697 0.04751740259227871 32.12237065289089 30.0 -18.920778836881276 0.7462065445010388 53622.356372 53705.248013 42 9 "Minimization exited successfully."
8744 51 0.394003 53694.33718721257 2.5504631057273743e-05 3.9108721269356224 -0.27662024054991285 0.0 0.5252975987641548 1.7203236922541669e-06 0.962768628503512 0.039007750607197134 121.32114146022332 47.0 -19.70980488120186 0.2972130087519531 53622.366986 53705.259086 42 9 "Minimization exited successfully."
8750 76 0.075874 53685.621534333426 0.00029506586600961727 -2.245491155403494 1.1999999996206143 0.0 0.05618428294110345 2.577953605055732e-06 0.05116284809647653 0.010428424550345206 1720.590182948155 34.0 -18.45184361891048 1.4158122176187717 53616.336403 53705.239898 62 14 "Minimization exited successfully."
8755 34 0.281508 53686.17468935251 1.749369686387503e-05 5.999999990042539 -0.03798344756497307 0.0 0.7432047107649851 9.87192335962782e-07 0.3626143422248873 0.07493857439196844 69.40313389361131 30.0 -18.516530347533283 0.12329953125300364 53622.38327 53705.276517 28 6 "Minimization exited successfully."
8785 54 0.629335 53695.017194402135 1.2805452290246544e-05 0.8762320196228179 -0.45796025816022035 0.0 0.5207886196003528 1.2419826200710248e-06 0.13631484878137679 0.026990528804565816 137.64767664071877 50.0 -20.176109840530657 0.9132450564647208 53622.333011 53705.224137 45 9 "Minimization exited successfully."
8793 60 0.434621 53679.95801754386 1.493676904538277e-05 0.9972129484692909 -0.0002897469757080495 0.0 1.2768637301232957 1.1147637502073595e-06 1.1110472078417235 0.06072390596339816 66.40004087998977 56.0 -19.362415194105456 0.8765554337880559 53616.34454 53704.248853 45 15 "Minimization exited successfully."
8796 63 0.571296 53678.98441312472 6.5702225076058604e-06 5.9999503635699565 -0.31063093351174653 0.0 0.7672597727832908 6.371724114001557e-07 2.4387929627621734 0.027751299746457736 117.63161557543694 59.0 -19.272375847731936 0.1151119978045223 53616.357557 53704.262472 48 15 "Minimization exited successfully."
8797 32 0.309772 53681.00035419135 1.2065193504922078e-05 5.9999999243241415 -0.21585346324307375 0.0 1.510523702880164 9.526270663640087e-07 0.9474034744327513 0.07542114594446797 81.11551384524887 28.0 -18.3523247512276 0.11790198078085368 53622.343692 53705.234763 22 10 "Minimization exited successfully."
8850 68 0.557676 53680.30146526532 6.988513287389253e-06 5.999982458933278 -0.22609418807988235 0.0 2.073926682500314 6.44380116375798e-07 10.269978299458472 0.03643662555669458 88.40975352356918 64.0 -19.274866062342056 0.11759758938221054 53616.387523 53704.294325 51 17 "Minimization exited successfully."
8888 63 0.396575 53681.8215712909 1.607345312607311e-05 -0.4297718260467773 0.013063655905614091 0.0 1.0208950274718518 1.2320500880041994e-06 1.0078408990503172 0.06618964525407228 55.27793218415042 59.0 -19.204817464440055 1.135341494364063 53616.326165 53704.229698 51 12 "Minimization exited successfully."
8896 40 0.213812 53660.26541696459 2.952153804273161e-06 5.999999650306044 1.199999789527944 0.0 4.562179673495848 5.420961108237865e-07 2.3647229523289024 1.6112344621377612 29.02291305141894 36.0 -16.00711230185855 0.1639641317763214 53616.351042 53704.255697 16 24 "Minimization exited successfully."
8921 60 0.144093 53692.186943817316 0.00019049611988336212 0.5450652580219408 1.1999994874987943 0.0 0.18752188841608586 5.7931255460769154e-06 0.2512065003175392 0.15239710231120673 72.35641326700416 20.0 -19.4712563995358 0.8948683781519087 53623.206904 53705.114143 47 13 "Minimization exited successfully."
8978 68 0.20335 53682.51501221913 1.8192329440610555e-05 -2.7945256991896423 -0.19318431077065767 0.0 1.048382404820586 1.3069201990340018e-06 1.217918002979368 0.10408247064586973 129.00067008768536 42.0 -17.6701983166855 1.7637327492961887 53616.421787 53704.330152 50 18 "Minimization exited successfully."
8983 42 1.603475 53674.50501489415 8.741889435015526e-07 5.999951238267144 -0.6688081364675644 0.0 2.2148841084526794 1.2540019803464197e-06 8.499183531312813 0.2639549962362126 19.509510182951853 17.0 -19.864058302200963 0.10529280505266314 53616.31511 53704.216945 28 14 "Minimization exited successfully."
8990 23 1.973349 nan nan nan nan 0.000471 nan nan nan nan nan nan nan nan nan nan 0 0 "No bands in data overlap the model."
9020 41 0.376012 53678.23415064696 1.3759206826453596e-05 0.12346679612558642 0.170693857123974 0.0 2.6915073311683955 1.363771688910331e-06 2.154420809792345 0.13243958852973903 59.393377125419484 37.0 -18.901488980237005 1.0213999669087883 53616.276428 53704.178342 30 11 "Minimization exited successfully."
9032 43 0.252487 53689.00250485026 4.205248381696114e-05 1.226581993397633 -0.022047385065996128 0.0 0.5504736548064102 2.628955403747858e-06 0.6934456965165712 0.052366602094060244 32.90933551045497 39.0 -19.111640957390122 0.8388419984828985 53616.251126 53704.1518 34 9 "Minimization exited successfully."
9045 61 0.38928 53684.92889457837 2.1131545669640374e-05 -0.10544302904049463 -0.1925529339316605 0.0 1.2724353703524685 1.6384488082199502e-06 1.1009201347524864 0.0459236623323826 45.864399518948275 57.0 -19.45619515562254 1.0832582671585946 53616.27849 53704.18007 48 13 "Minimization exited successfully."
9102 60 0.170195 53675.62571890953 1.1514560104005645e-05 -3.601067966464729 0.29696151183225616 0.0 1.6489363236287318 1.4377020048628173e-06 2.507129058505371 0.16276303459431418 35.60438760580743 36.0 -16.74645168466261 1.9806634945515285 53622.260104 53705.148794 36 24 "Minimization exited successfully."
9109 38 0.280422 53688.11193652951 5.211886547165312e-05 0.505415469894194 -0.138401565567017 0.0 0.3568254630190495 2.1160473737147344e-06 0.41533612534320774 0.03638621035485107 25.505335543781097 34.0 -19.605747661264253 0.9672369982972384 53622.397472 53705.290956 32 6 "Minimization exited successfully."
9118 48 0.133083 53688.102593994874 7.094240205508196e-05 -0.9879128829783737 -0.9999882050173516 0.0 0.2076207842255826 2.9314246592920817e-06 0.26295904646424395 1.4034824249699738 37.518358431741646 20.0 -18.180644342772762 1.3174090907582858 53622.454799 53705.349577 40 8 "Minimization exited successfully."
9133 34 0.266008 53685.936026190255 2.4784438386145082e-05 -1.463598018180135 0.1770510640744194 0.0 0.7900383534542925 2.037977154187854e-06 0.782156915462473 0.10536109590221188 23.76662988276223 30.0 -18.666917775402418 1.345223083063125 53622.371062 53705.263341 28 6 "Minimization exited successfully."
