analysis_pipeline/fit_results/sdss_4_salt2_2.0_all.ecsv
# %ECSV 0.9
# ---
# datatype:
# - name: obj_id
#   datatype: string
# - name: num_points
#   datatype: int64
# - name: z
#   datatype: float64
# - name: t0
#   datatype: float64
# - name: x0
#   datatype: float64
# - name: x1
#   datatype: float64
# - name: c
#   datatype: float64
# - name: z_err
#   datatype: float64
# - name: t0_err
#   datatype: float64
# - name: x0_err
#   datatype: float64
# - name: x1_err
#   datatype: float64
# - name: c_err
#   datatype: float64
# - name: chi
#   datatype: float64
# - name: dof
#   datatype: float64
# - name: b_max
#   datatype: float64
# - name: delta_15
#   datatype: float64
# - name: tmin
#   datatype: float64
# - name: tmax
#   datatype: float64
# - name: pre_max
#   datatype: int64
# - name: post_max
#   datatype: int64
# - name: message
#   datatype: string
# schema: astropy-2.0
obj_id num_points z t0 x0 x1 c z_err t0_err x0_err x1_err c_err chi dof b_max delta_15 tmin tmax pre_max post_max message
[from data line 52]
1032 110 0.129033 53626.68668769429 0.00010369478781941722 -2.4911676772481264 0.11639115476881146 0.0 0.16232229924571584 2.6153574948423173e-06 0.15653924135617592 0.02271019265601726 127.43838434474361 62.0 -18.47098382264528 1.698321910939999 53616.438624 53704.347453 10 100 "Minimization exited successfully."
1041 114 0.065187 53620.10950152419 5.2815583440188884e-05 0.3400777177540917 0.8228954460077611 0.0 0.00015399498079204932 2.7232576157754095e-06 0.3136338111300785 0.036521830300233704 521.4950294236086 65.0 -16.195350141394893 0.9524778871488593 53616.447043 53704.356252 5 109 "Minimization exited successfully."
1112 100 0.256085 53630.06418278493 3.8066110857565286e-05 -0.46866802323315415 -0.002129945981171555 0.0 0.6683739811451233 1.94162688057886e-06 0.6299428269551042 0.04184403167936024 39.327657882649845 56.0 -19.03759689272774 1.161330499121057 53622.267208 53705.156046 15 85 "Minimization exited successfully."
1113 100 0.055632 53634.43408873927 0.0001460431524244832 5.9999996228912185 0.4849321679979046 0.0 0.0005935099034104496 1.8041081695030432e-06 0.011468330623491951 0.01003034360318833 3503.1102133926997 56.0 -17.022913737552 0.12487103013728529 53622.270544 53705.159045 20 80 "Minimization exited successfully."
1119 90 0.296391 53624.37340434141 3.464565253672669e-05 0.3787015043603619 -0.07952554177286353 0.0 2.350425225813524 1.7428592956614253e-06 1.212584376579755 0.046993694268279596 25.882924307046352 50.0 -19.301295974159306 0.9891243024601231 53622.215192 53705.102995 5 85 "Minimization exited successfully."
1126 90 0.113914 53613.44098466363 9.512883697456065e-05 -2.7212445876779725 0.3061603732793001 0.0 3.080354508711025e-05 7.600933435530918e-06 0.4598189100009442 0.0503869372421899 130.64022240731043 50.0 -18.089263800727316 1.7446337432954664 53622.225302 53705.113265 0 90 "Covariance may not be accurate."
1127 89 0.076085 53647.19080217697 3.5038722078735155e-05 1.6618811394511868 1.1999998873541928 0.0 0.32845413750692387 6.99780388454529e-07 0.21604515638077748 0.012161213022899409 1929.5519158473753 50.0 -16.14224603909858 0.7215670369097431 53622.326445 53705.217254 24 65 "Minimization exited successfully."
1131 95 0.172432 53634.93814148786 1.5000136835578992e-05 5.999999917921393 0.3091893274427473 0.0 1.2733540973240451 1.2782220098461745e-06 0.5295545596808706 0.08135909373633743 78.22589053869667 53.0 -17.17141287132847 0.1233863667145556 53622.237489 53705.12568 20 75 "Minimization exited successfully."
1150 95 0.456315 53686.18841321637 9.634066475109337e-06 5.999989780764906 -0.17471426028683967 0.0 1.1359893773951626 8.4991259112599e-07 0.966310932719395 0.04556434429754869 143.2754750992387 53.0 -19.121377538157617 0.12085707077164543 53622.324375 53705.214737 80 15 "Minimization exited successfully."
1151 80 0.361362 53613.2822107244 4.328950926917763e-05 1.5632119242998002 -0.20074984399923423 0.0 6.562326290648343 1.1780193793219928e-05 1.2322464410541607 0.09026714909418543 41.137600212406056 44.0 -20.049015979560917 0.7685102972381586 53622.368625 53705.261183 0 80 "Minimization exited successfully."
1153 80 0.338423 53633.35526410088 2.1172974497197794e-05 5.999998578322453 0.40658585312760986 0.0 1.9771949155256152e-05 1.5470779031773178e-06 1.8248276845325613 0.07057321325833399 46.61287900264707 44.0 -19.212403320406104 0.12417534917064543 53622.370256 53705.26246 10 70 "Minimization exited successfully."
1158 80 0.410115 53627.85121076231 2.275884529214345e-05 -4.2089845566524335 -0.058829525356136614 0.0 0.9507374840322882 1.8011668616113576e-06 0.9176667450035016 0.10755343009104235 23.526516363459525 44.0 -19.667117791077704 2.6166739920858895 53622.3727 53705.265437 10 70 "Minimization exited successfully."
1166 85 0.380494 53631.235313930774 2.6195097552711432e-05 1.3175425253266955 -0.003730224015559669 0.0 0.007035196595097659 1.47826011989205e-06 1.0166741518984868 0.05617100475963127 27.247867090504478 47.0 -19.63183954665351 0.8096921913642703 53622.351052 53705.242915 10 75 "Minimization exited successfully."
1170 85 0.32846 53614.87896265613 2.0197825487189292e-05 4.962611438294303 0.25426294937027993 0.0 0.00045481826964532956 2.1986890566566563e-06 1.585965207060248 0.08511761900287607 65.5250035812192 47.0 -19.038151541481668 0.17630265832165293 53622.353506 53705.245472 0 85 "Covariance may not be accurate."
1174 85 0.405 53658.85710035737 3.333778723023317e-05 5.999999999994152 -0.28584496873160703 0.0 0.2923665781454474 9.472610455762952e-07 0.03796280257582829 0.016229446947493342 979.3640061864102 47.0 -20.16440781821654 0.12063475261536993 53622.360045 53705.25229 30 55 "Minimization exited successfully."
1176 85 0.70546 53687.02792143096 2.059986228532762e-05 -0.2158880228558857 -0.35891112378569634 0.0 0.8285135313271894 1.311135502624073e-06 0.11151931163856244 0.011978590119048227 488.66690694097514 47.0 -20.992306897687687 1.1269566237420428 53622.365351 53705.257399 70 15 "Minimization exited successfully."
1181 90 0.602537 53662.15024508417 1.648356459947098e-05 5.999999999997282 -0.27902946788013616 0.0 0.4074587486247765 6.665263096466977e-07 0.11021781198977454 0.012782910862871422 538.2866437649612 50.0 -20.436704657071026 0.12064422593487834 53622.403559 53705.297263 30 60 "Minimization exited successfully."
1184 85 0.548751 53623.00482828903 1.562723822123524e-05 -2.556269658680377 -0.6078823432783836 0.0 0.17378729017582373 1.6486265815640608e-06 0.17682985650533078 0.019798302679020385 350.15851906740454 47.0 -20.034974283589 1.8429509003900044 53622.388953 53705.282051 5 80 "Minimization exited successfully."
1196 95 0.368957 53679.51288409676 2.997526914507831e-05 5.999999921763575 -0.12110566416116819 0.0 0.5990388647296641 7.547976001026635e-07 0.1863925121525245 0.018788114396559696 1043.0533348404504 53.0 -19.805165031517607 0.12101418469228165 53622.229522 53705.117482 65 30 "Minimization exited successfully."
1198 90 0.118439 53635.73935356371 1.2351000933908952e-05 5.9999998360632425 1.1000145271486916 0.0 0.5181787642322888 1.2383272185367833e-06 1.3482350416264515 0.0708471691353485 228.7383534675876 50.0 -16.126920281007923 0.1319330176212965 53622.224474 53705.111918 20 70 "Minimization exited successfully."
1209 120 0.241036 53619.329418712834 5.7802141595699744e-05 0.5753973219883637 0.00572601291561603 0.0 0.005806767676403979 1.8743708935625692e-06 0.42790441854300987 0.030478287803115733 62.64248837409443 68.0 -19.34262518486381 0.9473875158897371 53622.426578 53705.321395 0 120 "Minimization exited successfully."
1214 120 0.263798 53618.198745984446 3.364687069757011e-05 0.25083911940323045 -0.4082224079201522 0.0 0.0005167616363905836 2.1407585180427417e-06 0.7884276884215966 0.0581024282945059 73.55551343489205 68.0 -18.987480232065646 1.0288488201067914 53622.43504 53705.330664 0 120 "Covariance may not be accurate."
1223 66 0.405 53638.43913442387 1.862686716074147e-05 5.999999995001099 0.17409212621039383 0.0 0.8027558988687815 7.956512727674831e-07 0.07758795570204224 0.0597453955666043 363.5415659675549 60.0 -19.52627632593268 0.12243915296328112 53622.425379 53705.320083 11 55 "Minimization exited successfully."
1241 100 0.088477 53635.39516752495 0.00033223005959635013 -0.4905753485588633 0.0916411241637809 0.0 0.06101048135678866 3.953154582683738e-06 0.06560655871987553 0.008581626133372988 456.1403232505019 56.0 -18.85743620388313 1.1597369309793173 53622.263455 53705.152174 20 80 "Minimization exited successfully."
1243 95 0.196967 53617.891745512345 3.191761855848241e-05 2.035196913088452 0.22237352903129848 0.0 2.7460725861456012 4.631531735985184e-06 1.13125901732771 0.08063251418658979 67.76926252050617 53.0 -18.208516251750396 0.6767973597360992 53622.274711 53705.163741 0 95 "Minimization exited successfully."
1248 90 0.781457 53676.824447995954 1.8031476739955866e-05 0.23279263942031658 -0.3738415309155234 0.0 0.5839700548494875 8.804230043940601e-07 0.11817079424593757 0.009545491191063293 606.5741827825857 50.0 -21.122641054420708 1.0311896692884304 53622.223204 53705.111093 55 35 "Minimization exited successfully."
1251 114 0.178299 53641.44404366024 1.6520031972608874e-05 5.999999251773469 0.5768695451734998 0.0 0.006466967275628122 1.225725726389793e-06 0.1300052761851127 0.06656972894545587 295.62558158546454 65.0 -17.36798101045059 0.12575346294349288 53622.441492 53705.33735 20 94 "Minimization exited successfully."
1253 90 0.261657 53634.28335266486 5.021899926664797e-05 -0.8678760273174353 -0.09833404374267107 0.0 0.4275207729260728 1.965162021441147e-06 0.4371373416180875 0.03596005941507874 33.872328967105055 50.0 -19.392040808560864 1.2601202181947784 53622.224887 53705.112377 20 70 "Minimization exited successfully."
1277 94 0.143396 53622.0311327667 1.4592968729674194e-05 1.2325776328540607 0.8445442425478369 0.0 0.0008033677404455375 1.68229729544167e-06 0.879070171502605 0.08924822206720895 95.76969088575191 53.0 -16.627999537379612 0.8007260399321083 53622.244218 53705.132026 0 94 "Covariance may not be accurate."
1281 94 0.289319 53640.66900045212 7.057240830055767e-05 5.9999993623573005 0.0932471387766336 0.0 0.0005673628875229042 9.002958424803029e-07 0.015788814552797348 0.014241723266964934 1434.6125428947869 52.0 -20.118121094585838 0.12195827040443064 53622.243369 53705.131644 24 70 "Minimization exited successfully."
1293 100 0.405 53640.048159507794 2.6888051539766257e-05 5.99999904792266 -0.15921673317354246 0.0 0.4696175208227942 9.300297893671803e-07 0.08408979372410208 0.023812016185197515 445.31992281968803 56.0 -19.9269653718588 0.1208988998137599 53622.256765 53705.144923 25 75 "Minimization exited successfully."
1298 194 0.225088 53607.89314655647 8.271701848161839e-05 -0.45267008496094263 -0.1667118388306379 0.0 0.0032158048525161576 9.770874591275571e-06 0.6912715593021224 0.07713769551773253 517.8782211953056 112.0 -19.563890645772076 1.168569989925821 53622.232873 53705.120526 0 194 "Minimization exited successfully."
1311 100 0.260328 53615.26930929523 3.2534920354652106e-05 -3.9530780923957147 -0.5084104111558323 0.0 1.7215688199357828 5.9562118576644854e-06 0.8648799479075193 0.1318043610103321 175.1419159723127 56.0 -18.916818984593387 2.614905216777313 53622.250905 53705.13937 0 100 "Minimization exited successfully."
1316 100 0.215653 53620.42146677871 6.40691596447851e-05 0.3022814608710558 -0.05496891118589953 0.0 0.00034285425499547273 1.918145375165442e-06 0.5078480043485771 0.02917108154942899 84.60677654769724 56.0 -19.18118729565166 1.0032051391942005 53622.255925 53705.144082 0 100 "Minimization exited successfully."
1329 100 0.087806 53626.82190110296 1.36458583479393e-05 0.8175367524723498 1.1999998684570987 0.0 6.227563062566333e-05 3.9638356693461025e-07 0.475206891753714 0.020506091865639897 257.03291832838306 56.0 -15.446739974517534 0.8539842538436702 53622.263862 53705.152221 10 90 "Minimization exited successfully."
1351 90 0.174548 53612.604422262455 8.444883076750842e-05 -1.5203269066155851 0.024429853397993417 0.0 0.0011702433912432753 8.760025459028654e-06 0.71819857109865 0.06629595599194804 72.88700295162258 50.0 -18.966539811404246 1.4143986058810967 53622.331796 53705.22235 0 90 "Covariance may not be accurate."
1354 95 0.247914 53622.81989543732 2.5490560939297468e-05 -0.8542639012957745 0.21112138347885234 0.0 0.011589469981117873 1.8750959500141166e-06 0.8915209829281356 0.07441122466685779 43.2288061287826 53.0 -18.5236326374421 1.2317204619648123 53622.31119 53705.201021 5 90 "Minimization exited successfully."
1364 85 0.217423 53631.62077258144 3.591921228439987e-05 5.674738511416134 0.07055974156789535 0.0 1.0828618522100442 2.3276555502849136e-06 1.0208616557348966 0.03579025724442997 96.25652213027634 47.0 -18.66416699184945 0.1359840061984201 53622.378811 53705.271356 10 75 "Minimization exited successfully."
1371 104 0.117969 53633.31502940666 0.0003677299789424693 0.8060269265347024 -0.057297472891991164 0.0 0.08882206759881228 3.2939433533585338e-06 0.08460731711342362 0.007785455040448808 435.12947725147546 59.0 -19.63745394262185 0.9058039074268933 53622.296297 53705.18563 10 94 "Minimization exited successfully."
1372 85 0.067849 53636.99985167285 3.8907464093316246e-05 5.999999999999963 0.7551809755266499 0.0 0.286483528183453 1.6981420078066027e-06 0.01668288619405711 0.033564259194511004 1602.887611294491 47.0 -16.05379479026302 0.1276535900232716 53622.38897 53705.282396 15 70 "Minimization exited successfully."
1378 95 0.124747 53626.484957252374 2.4873370959788143e-05 1.097155874457096 0.5197884155001369 0.0 1.032743621362897 1.782148367506231e-06 0.6750480973762163 0.056205423637879504 69.73031053723567 53.0 -16.856037289334186 0.8341927053667249 53622.395462 53705.288758 5 90 "Minimization exited successfully."
1385 85 0.335346 53625.93889041431 3.018118104425649e-05 -0.09322212722616996 -0.11459772919465128 0.0 1.712014283395547 1.9633305931815444e-06 1.1085011478866238 0.05378581048967285 23.159973150341223 47.0 -19.46262022022815 1.087159546419361 53622.349422 53705.241177 5 80 "Minimization exited successfully."
1395 94 0.184968 53622.86490694562 8.640531716771815e-05 -1.1892762931816776 0.059228957394162896 0.0 0.9214099781784171 3.1131041672588527e-06 0.45680153330989004 0.03149204735368383 94.05114313467615 52.0 -19.131456721787444 1.32504037270715 53622.319024 53705.209591 5 89 "Minimization exited successfully."
1396 95 0.271554 53617.69492561858 5.014992285177544e-05 2.835372129327201 0.14029737025358457 0.0 0.005427532385510858 3.088559686788006e-06 0.8294615014755493 0.04829052401811451 134.9733655024451 53.0 -19.491171648836392 0.5200096517490067 53622.319848 53705.210446 0 95 "Covariance may not be accurate."
1400 85 0.277262 53612.49513192482 2.9765611592267316e-05 1.4841646442909147 0.31141364930749393 0.0 0.0012491676934587304 4.984912915531602e-06 1.5745432624069076 0.10940304965777747 97.48553461220435 47.0 -18.974522218627335 0.7727777227435695 53622.369843 53705.262475 0 85 "Covariance may not be accurate."
1403 95 0.359741 53627.746265677946 2.537115062808071e-05 -1.2744834498632454 0.10444544011913881 0.0 1.1040735465903708 2.0287608892494155e-06 1.0525469748042524 0.0824679421934309 47.97077031580006 53.0 -19.451137144401937 1.3420090276494072 53622.324791 53705.215148 10 85 "Minimization exited successfully."
1415 85 0.210449 53631.83226984234 5.6085429516897766e-05 0.7891990007761747 0.19048110114812666 0.0 0.4737864959606668 2.310460095976685e-06 0.48113542067695425 0.031728935331608366 71.0682564211514 47.0 -18.978635937503114 0.9003594588922397 53622.342044 53705.233514 10 75 "Minimization exited successfully."
1427 85 0.338832 53618.3357514713 2.516270512890162e-05 3.0038636805814836 0.080047349257375 0.0 0.0033417736121919006 2.542412927979411e-06 1.4949208699167125 0.07860033490795515 48.9666412388744 47.0 -19.29985315793393 0.48116230388434644 53622.376356 53705.269294 0 85 "Covariance may not be accurate."
1450 120 0.399415 53611.85137785851 1.090180470923352e-05 -2.0390527021855815 -0.9242855809628234 0.0 2.144927766694309 3.530582467368149e-06 0.31218463728592094 0.06148379984469865 79.52797779253527 68.0 -18.841472001012022 1.6852063062641989 53622.426581 53705.321379 0 120 "Minimization exited successfully."
1452 120 0.324156 53639.146375254124 1.607769672066217e-05 5.9999997765707676 -0.23030106888002455 0.0 0.615558175733895 8.593763311987033e-07 0.18959508492209753 0.0433652892843866 236.76666553164597 68.0 -18.802825295357646 0.12072780255111226 53622.428597 53705.323487 20 100 "Minimization exited successfully."
