analysis_pipeline/fit_results/sdss_4_salt2_2.4_blue.ecsv
# %ECSV 0.9
# ---
# datatype:
# - name: obj_id
#   datatype: string
# - name: num_points
#   datatype: int64
# - name: z
#   datatype: float64
# - name: t0
#   datatype: float64
# - name: x0
#   datatype: float64
# - name: x1
#   datatype: float64
# - name: c
#   datatype: float64
# - name: z_err
#   datatype: float64
# - name: t0_err
#   datatype: float64
# - name: x0_err
#   datatype: float64
# - name: x1_err
#   datatype: float64
# - name: c_err
#   datatype: float64
# - name: chi
#   datatype: float64
# - name: dof
#   datatype: float64
# - name: b_max
#   datatype: float64
# - name: delta_15
#   datatype: float64
# - name: tmin
#   datatype: float64
# - name: tmax
#   datatype: float64
# - name: pre_max
#   datatype: int64
# - name: post_max
#   datatype: int64
# - name: message
#   datatype: string
# schema: astropy-2.0
obj_id num_points z t0 x0 x1 c z_err t0_err x0_err x1_err c_err chi dof b_max delta_15 tmin tmax pre_max post_max message
[from data line 311]
3452 65 0.229666 53648.37689881272 7.275786838671694e-05 0.9103032729364049 -0.06584064350555907 0.0 0.2740338815965515 1.9087032721298858e-06 0.2736279708694549 0.027793431454971318 39.371508945155455 40.0 -19.473149386039893 0.893717222562934 53616.241951 53704.14285 21 44 "Minimization exited successfully."
3475 42 0.299548 53642.21154604248 2.312636849350458e-05 -3.973817051186744 -0.152222504180342 0.0 0.9218399147284799 1.804408513985111e-06 0.6286585190371037 0.09168519350581922 55.68022769464886 38.0 -18.886711040554893 2.2625613835599374 53616.313478 53704.216446 14 28 "Minimization exited successfully."
3479 41 0.252419 53656.44774500615 3.2102405305645124e-06 2.6292767108434205 1.1999793920094808 0.0 5.3899830728332745 1.4550822369369108e-06 9.194262948926355 0.32630957702771235 35.95008417220223 37.0 -16.39967800169355 0.5699618681757777 53616.338423 53704.242479 17 24 "Minimization exited successfully."
3480 60 0.17373 53667.96203756754 3.3426362877730933e-06 4.998885231017091 0.7858169199445919 0.0 4.613077033176523 1.5170378770634766e-06 11.346293486129309 0.4220929106946506 58.94746634503505 36.0 -15.54387598937943 0.19675524695618662 53616.350642 53704.255256 30 30 "Minimization exited successfully."
3488 65 0.15883 53645.7173439997 4.9645497825375754e-05 -0.6782945748899145 0.21891841194335715 0.0 0.40512606140691787 2.074601207544544e-06 0.46714317993773236 0.050577818390200924 59.98804621938202 40.0 -18.166582682822774 1.1715570690440558 53623.172749 53704.082438 18 47 "Minimization exited successfully."
3497 60 0.165352 53648.08766976482 2.4223595179556635e-05 2.5461855904157744 0.11301948056944466 0.0 0.9246991373584024 2.184784381370487e-06 1.1405820011016545 0.08499854110838745 54.261374296900954 36.0 -17.485539569454996 0.6139537289502996 53623.209457 53704.11923 18 42 "Minimization exited successfully."
3508 60 0.495076 53644.38493968388 2.4456889788858626e-05 0.5275023146029181 -0.10918441193719053 0.0 0.7368153443385381 1.2495220162039866e-06 0.5834209538152035 0.032379885802677255 44.91972497901129 56.0 -20.236530440677054 0.9620777544277779 53616.355115 53704.259936 21 39 "Minimization exited successfully."
3514 40 0.26267 53652.368685532514 4.927650300406539e-05 4.391521982441246 0.09296507109192653 0.0 0.3454797356425843 1.893713490717097e-06 0.49594019527831357 0.03247767947219227 87.96119939195285 36.0 -19.412553230211305 0.23761797567454224 53616.293349 53704.195463 16 24 "Minimization exited successfully."
3517 40 0.11202 53645.50495244679 2.3928690783145968e-05 5.999991398865372 -0.999996100086349 0.0 0.8005821103433846 1.001383726181304e-06 0.921289437794063 1.3602117285995794 50.595113578576516 16.0 -16.671685285477782 0.0974298744069877 53616.302827 53704.203591 16 24 "Minimization exited successfully."
3527 70 0.418798 53636.74355593011 1.2579644333235995e-05 4.860699638535046 0.11832598976532305 0.0 1.649631265681819 1.2497020081536642e-06 1.8388193833399953 0.10141892111421258 71.23341470203852 66.0 -19.12686862738796 0.19457076922764927 53616.413332 53704.321342 11 59 "Minimization exited successfully."
3532 68 0.181326 53628.06146417239 5.30704491092715e-06 0.7858713461104454 1.199999822548068 0.0 2.8077394570136676 1.0474138390631495e-06 2.528041120245712 0.23557598391543821 35.86282077147193 42.0 -16.133516609929046 0.8579837186323402 53616.427001 53704.335231 6 62 "Minimization exited successfully."
3535 46 0.307551 53638.438123717744 2.7689750980325335e-05 0.45859575011678366 0.0030743766033383135 0.0 0.9125392775531509 1.7467715189733994e-06 0.9135387047526469 0.06880165410836864 23.337749797595464 42.0 -19.149549537448564 0.9694612021395557 53616.431417 53704.339853 8 38 "Minimization exited successfully."
3565 42 0.288229 53645.50137936023 3.889062391184806e-05 -1.0183980642517518 -0.19205443494729935 0.0 0.45515212869941024 1.892495434324684e-06 0.4608754137690556 0.04645596754389508 25.755317442138722 38.0 -19.356396621396282 1.273478061865216 53616.319203 53704.222456 16 26 "Minimization exited successfully."
3572 63 0.432606 53631.5193423445 1.502484602876053e-05 5.999999888321533 -0.3976051283978278 0.0 0.9992245176690631 8.521866248506488e-07 0.23898151874000462 0.02731228095317778 248.24219865205214 59.0 -19.44569605126938 0.11261396315680727 53616.327795 53704.23142 12 51 "Minimization exited successfully."
3573 62 0.214527 53619.52746484952 2.0820231095657337e-05 2.341849645159467 0.10148442446977479 0.0 0.0076738733805541415 2.3672029835830614e-06 1.6376436402394998 0.12301350108726083 60.898339322043405 37.0 -17.95010638213148 0.6501713395245758 53616.328204 53704.231847 3 59 "Minimization exited successfully."
3592 42 0.085433 53645.01429815599 0.0005279684736884061 -0.22671699721453997 0.22512621462470994 0.0 0.15188145183128654 8.309417175952926e-06 0.1734978328489194 0.437219129068206 117.56916992575307 17.0 -19.282036432585688 1.0830635165450886 53616.365695 53704.269318 16 26 "Minimization exited successfully."
3593 42 0.35505 53626.00415254788 2.221601957197228e-05 1.0477781967218132 -0.06631494888150724 0.0 1.1940278544279863 2.0328819542858584e-06 1.2305555624040592 0.08087584960346561 40.62652509108429 38.0 -19.274629871941055 0.8703685864617619 53616.365659 53704.271018 2 40 "Minimization exited successfully."
3596 44 0.116969 53626.10161930034 6.620258549620006e-06 -0.3480843106510605 1.1999870998877435 0.0 4.177354419451149 3.446109259717667e-06 4.175618595342585 1.1358298005656895 25.996805829823572 18.0 -15.331562963145405 1.0391925872679586 53616.375829 53704.279932 2 42 "Minimization exited successfully."
3607 40 0.087854 53640.08547428453 2.297411245919756e-05 5.9999999988884305 1.1999999999501236 0.0 1.2016348622419173 1.6352433816829717e-06 0.5219537046581415 0.2952384313610632 55.55761210862363 16.0 -16.129709549575722 0.1639641285032596 53622.278853 53705.165946 10 30 "Minimization exited successfully."
3611 78 0.091615 53649.634878146484 2.496996444365629e-05 5.9999982467458235 1.1999999999995823 0.0 0.0030663125653518364 9.036597047795683e-07 0.1511188772308012 0.08080465858150632 123.50714287130525 35.0 -16.316820860350738 0.1639641796720639 53616.303222 53705.204887 28 50 "Minimization exited successfully."
3644 65 0.214418 53656.59169253206 3.166860603657229e-06 5.9999968191498 0.6178736488545096 0.0 2.8321477004537883 9.535925226011878e-07 7.48989975760782 0.5345794422895986 66.01597767868178 40.0 -16.02119354486097 0.14455400153091702 53616.379427 53704.28546 24 41 "Minimization exited successfully."
3723 16 2.118006 nan nan nan nan 0.000676 nan nan nan nan nan nan nan nan nan nan 0 0 "No bands in data overlap the model."
3729 40 0.25275 53678.59758864939 9.742217008973375e-06 5.999994544369754 0.4425389974600433 0.0 2.494384465753683 8.077697660668901e-07 7.503311465714221 0.15058823498962282 63.38268839429348 36.0 -17.632303182869776 0.13872291883997434 53622.282604 53705.171926 26 14 "Minimization exited successfully."
3740 48 0.234879 53638.51666435081 9.025749195586963e-06 5.99982293057009 0.33081077297920025 0.0 1.7088015490226098 1.4283414656141026e-06 10.108739693578821 0.2735270478331834 46.86980467326805 28.0 -17.361639428825356 0.1350552567623815 53622.347381 53705.238587 9 39 "Minimization exited successfully."
3746 110 0.188604 53616.91086264138 1.9316550839606485e-05 0.5388948485886731 0.652515601797728 0.0 0.005262971313641174 2.12564046147945e-06 1.2527653783845225 0.12260022970922024 117.45062440645187 70.0 -17.575676008495797 0.9247610841086278 53616.339655 53705.244983 3 107 "Covariance may not be accurate."
3757 38 0.069066 53648.03439874464 2.2451034538616412e-05 1.8812766301158907 1.1997587569934742 0.0 1.3384985120901547 1.094963175049091e-05 3.5325318244414197 1.9042942648909118 19.825986352346888 15.0 -15.444802515279058 0.6934880517471882 53622.319858 53705.208736 12 26 "Minimization exited successfully."
3775 72 0.137941 53632.51739214345 2.4272705936797534e-05 0.7437138029604125 1.1990589980205346 0.0 1.3574600460960937 3.001375946751205e-06 1.808395861690275 1.5661422733168315 76.7045260892718 32.0 -17.131106442851635 0.8644461337516276 53616.350677 53705.254782 10 62 "Minimization exited successfully."
3780 34 0.360378 53641.398780108495 1.666045479230993e-05 3.504747421348606 -0.04122061026206614 0.0 1.5610103465878638 2.152424506144391e-06 1.8220089087425393 0.08993569989052969 14.373430426922637 30.0 -19.008221092456854 0.391578994320394 53622.340814 53705.231807 10 24 "Minimization exited successfully."
3786 32 0.065163 53637.307579627966 1.5563869722264866e-05 5.999998848179661 1.1999991716154224 0.0 1.5603629694560368 1.8345169020334016e-06 0.8477323293278785 0.35015676430605114 60.14155022679059 12.0 -15.023446657392764 0.16396413491947115 53622.372731 53705.26372 6 26 "Minimization exited successfully."
3805 34 0.246932 53643.113258746285 2.8674706173182908e-05 5.9999976782081905 -0.10897496017545327 0.0 1.0173532481094298 1.2023130932597988e-06 0.21695328747326403 0.06019481940454319 121.10698683455061 30.0 -18.726842551393844 0.12112725016370263 53622.361274 53705.253552 10 24 "Minimization exited successfully."
3811 51 0.417873 53633.453817814705 1.8809962092969368e-05 -0.8463141305991018 -0.0906973886001815 0.0 1.1526970453342074 1.7897141073192074e-06 1.3808910445901748 0.10816387862514887 52.68009652403628 47.0 -19.510294082916708 1.2283777951247181 53622.362907 53705.255255 6 45 "Minimization exited successfully."
3825 34 0.312029 53645.02733578637 2.543124296555899e-05 -0.8564633472738201 0.026914250138891482 0.0 1.0593609396782995 2.7675597799359234e-06 1.0549007268896569 0.09846761800138581 30.394293089134187 30.0 -19.092784447988038 1.2222158090058386 53622.373099 53705.265893 10 24 "Minimization exited successfully."
3852 40 0.346735 53648.48959070661 2.784272721094383e-05 0.1453547563077251 0.09565243457942674 0.0 0.7332620164233958 5.103213839871e-06 1.4035999830204489 0.11319055567484104 23.266210173455224 36.0 -19.459048864580645 1.0213157447435606 53622.304165 53705.194175 12 28 "Minimization exited successfully."
3858 60 0.146156 53627.903535566045 2.1869727956972395e-05 5.999992007289638 0.8138556176472251 0.0 0.0003648522288131062 1.9214006812956486e-06 7.848958935509446 0.09219141719040314 76.11927530426584 36.0 -17.215619237081388 0.1511180677700814 53622.308298 53705.198454 6 54 "Covariance may not be accurate."
3868 57 0.19463 53650.68520401206 7.301061545729182e-06 5.999997929288092 1.120378158677898 0.0 2.2191238839295693 1.6012456507180644e-06 1.260225957912863 0.2796407251835 74.77533769013894 34.0 -16.749838437005494 0.16134099534929902 53622.323147 53705.213423 18 39 "Minimization exited successfully."
3871 60 0.535274 53656.97857133716 2.5906198571924443e-05 0.1176183366936403 -0.6281890777399974 0.0 0.29599092174248653 1.4203663112349884e-06 0.0772180696890854 0.014531436706686607 663.4431694359519 56.0 -20.522362975982112 1.0598780299283739 53622.300865 53705.190704 21 39 "Minimization exited successfully."
3872 57 0.415137 53653.26447804977 8.17503785460194e-06 5.999999887322625 -0.40241891303012134 0.0 1.1734599018891458 8.579490413385127e-07 1.184081017991704 0.05870657594186618 95.19068115100185 53.0 -18.678578285408626 0.11247778921952545 53622.325617 53705.216415 18 39 "Minimization exited successfully."
3881 40 0.32616 53636.14766203787 2.7331029868671308e-05 -1.0568181048039165 -0.18407104183538114 0.0 0.6748007711721584 1.8774350895339735e-06 0.6692470921654672 0.06441477513033045 26.73273793735462 36.0 -19.284234739268875 1.2815720885042197 53616.289635 53704.192055 10 30 "Minimization exited successfully."
3887 34 0.297161 53622.69817212944 2.5557693245974456e-05 -1.1873751971794393 0.05331150699279785 0.0 4.434200172574492 3.2990685024752988e-06 2.14797300250576 0.1242101788332099 41.22787827330521 30.0 -18.975400833070335 1.292649653756662 53622.355558 53705.247146 2 32 "Minimization exited successfully."
3888 40 0.116951 53642.14429223246 3.7811801102018985e-05 2.5842042270593595 1.1999588476306777 0.0 0.7672143197232799 2.3320222438794076e-06 0.9551855806106051 2.1048676666554913 12.81126778282497 16.0 -17.22803880344444 0.5782884181545285 53616.334372 53704.236493 12 28 "Minimization exited successfully."
3889 62 0.227878 53634.38571694858 1.997223475471377e-05 2.3677731573997534 0.44051991400650903 0.0 1.4130175056379812 1.5992948024906579e-06 1.1382582419106213 0.10133466312732053 27.967877825268086 38.0 -18.062879543762914 0.6371368280798215 53616.333122 53704.23692 11 51 "Minimization exited successfully."
3901 74 0.061697 53656.42116904188 0.0010003395181788556 1.4850201832530878 0.20685795792447115 0.0 0.04428605803695973 7.393740770214011e-06 0.05775126524180463 0.12197042356876031 691.439704435284 33.0 -19.233731095653084 0.7888339423670203 53616.354335 53705.25822 28 46 "Minimization exited successfully."
3903 40 0.043073 53603.61910086729 0.00034362708632614593 -4.327464820129457 -0.999999988851178 0.0 0.4538959092715231 5.262607620884041e-05 0.23349690527393197 0.041468233506688934 1170.1166645000449 16.0 -17.305650256399108 2.757871240706873 53616.347013 53704.249705 0 40 "Minimization exited successfully."
3935 54 0.641065 53656.816615403484 1.5266387739903965e-05 0.49444064351515493 -0.4166531231758115 0.0 1.3304244306091277 1.0883087714991243e-06 0.13985822902399736 0.017896325965516713 271.80466670905196 50.0 -20.413786336817722 0.9803596015472564 53622.410026 53705.304064 21 33 "Minimization exited successfully."
3936 125 0.178146 53626.92955530122 1.4842263905074927e-05 -5.999997943033588 -0.5354156993962276 0.0 0.7038643321611744 1.6053542804439487e-06 0.33884984268980345 0.1952107622259841 439.2063466532123 81.0 -17.139540639194013 nan 53616.398018 53705.306178 8 117 "Minimization exited successfully."
3945 38 0.260455 53644.529579807466 4.421891604782791e-05 0.7053990023079741 -0.16539350702365285 0.0 0.5898750825799652 3.1295349709997706e-06 0.644590687894611 0.06418743037875829 56.5496147856712 34.0 -19.244002239940908 0.9329300425468112 53622.286766 53705.176179 8 30 "Minimization exited successfully."
3959 74 0.182509 53648.69781873135 2.719297462080439e-05 0.24012362258268816 0.32101526267852054 0.0 0.6359039000089979 1.9095755181763876e-06 0.8385882652351357 0.0739187685379229 55.40999532742427 46.0 -17.850057983392393 0.9926758407153713 53622.44792 53705.343685 21 53 "Minimization exited successfully."
3967 38 0.103849 53653.66089756695 9.656517797059783e-06 5.999801543254776 1.1999999992436288 0.0 1.7458238103354233 1.6463856086679222e-06 1.8176712993230035 1.4295266251297163 56.15582813400804 15.0 -15.575633079213745 0.16396992444366987 53622.396705 53705.288382 12 26 "Minimization exited successfully."
3975 125 0.392269 53648.72228935209 1.964192784529417e-05 -0.168685105425479 -0.010181686942863255 0.0 0.5779934248785139 1.1461998638834225e-06 0.6350173002067958 0.04193271374585439 114.5288420427015 121.0 -19.3946122699241 1.0856785386903987 53616.393177 53705.300664 42 83 "Minimization exited successfully."
3983 32 0.306494 53653.10804560326 3.5349014547444436e-05 2.2854145041106886 -0.05089560851571995 0.0 0.7714610557268315 3.960948865863177e-06 1.0153308670993466 0.08543383830400714 24.40688401148552 28.0 -19.40844976168358 0.6635255528957593 53622.345331 53705.236897 8 24 "Minimization exited successfully."
3987 32 0.122708 53631.125845115545 1.4962459893487213e-05 -4.138266874468842 -0.9965167772472217 0.0 0.9753715625338373 3.964281704464945e-06 1.5739133113480839 1.9373035057074812 9.083809757588604 12.0 -16.29672735622105 2.6003674828753205 53622.364981 53705.255224 4 28 "Minimization exited successfully."
4000 36 0.276556 53643.06260886022 3.086931973472429e-05 -1.2199587232993743 0.13850232015986097 0.0 0.8513748581244727 1.803070874321077e-06 0.5735091804486392 0.08550941425690839 35.46112598538225 32.0 -19.001559268771736 1.2928982412324856 53622.410033 53705.304034 8 28 "Minimization exited successfully."
