analysis_pipeline/fit_results/sdss_4_salt2_2.4_all.ecsv
# %ECSV 0.9
# ---
# datatype:
# - name: obj_id
#   datatype: string
# - name: num_points
#   datatype: int64
# - name: z
#   datatype: float64
# - name: t0
#   datatype: float64
# - name: x0
#   datatype: float64
# - name: x1
#   datatype: float64
# - name: c
#   datatype: float64
# - name: z_err
#   datatype: float64
# - name: t0_err
#   datatype: float64
# - name: x0_err
#   datatype: float64
# - name: x1_err
#   datatype: float64
# - name: c_err
#   datatype: float64
# - name: chi
#   datatype: float64
# - name: dof
#   datatype: float64
# - name: b_max
#   datatype: float64
# - name: delta_15
#   datatype: float64
# - name: tmin
#   datatype: float64
# - name: tmax
#   datatype: float64
# - name: pre_max
#   datatype: int64
# - name: post_max
#   datatype: int64
# - name: message
#   datatype: string
# schema: astropy-2.0
obj_id num_points z t0 x0 x1 c z_err t0_err x0_err x1_err c_err chi dof b_max delta_15 tmin tmax pre_max post_max message
[from data line 523]
5976 120 0.140367 53649.04679351283 1.4278592614384022e-05 2.530517481843086 0.07284231886420445 0.0 1.3659226536910865 2.2091988839079137e-06 1.8568391792625274 0.11500355485718294 95.31593658536613 68.0 -16.521139063819152 0.617730462334162 53622.430613 53705.325595 30 90 "Minimization exited successfully."
5978 95 0.279422 53661.337136719536 1.8338823778103474e-05 1.0597031234355665 0.2409331561105168 0.0 1.1468684920146188 1.8745207051396042e-06 1.2373211710489533 0.07922766631528788 43.57654992884847 53.0 -18.46551452180097 0.857139696840477 53622.396661 53705.290532 35 60 "Minimization exited successfully."
5988 85 0.175961 53660.41665464603 1.4737337677078744e-05 3.9710218942358946 0.49173019964175935 0.0 1.506867302745377 2.2494935586309107e-06 1.776806376397425 0.09562975907418503 53.69665708291974 47.0 -17.12716578121467 0.2854618951471899 53622.381648 53705.274802 30 55 "Minimization exited successfully."
5993 95 0.376415 53654.68999969193 2.7044959286288694e-05 0.14148054620034323 -0.05634771040070896 0.0 0.672542862361297 1.8070042227824612e-06 0.6209954395430839 0.05302105849905914 46.562458592603186 53.0 -19.63649379755637 1.029648547305122 53622.406388 53705.300241 30 65 "Minimization exited successfully."
5994 110 0.185813 53665.761875588425 8.719107094223632e-05 0.7719534896384737 0.014181803651959202 0.0 0.25375260877626715 2.1722164163795465e-06 0.2537593828642746 0.01851215423368424 48.467602610691685 62.0 -19.153265779015936 0.9143489426529428 53623.170205 53704.079478 45 65 "Minimization exited successfully."
5999 119 0.182966 53660.733220341914 4.0059363572299e-05 -0.32395558808269254 -0.2983007641720815 0.0 0.44789690575998975 1.9916724456486856e-06 0.5244266563775781 0.04875666084085806 215.81686464320865 68.0 -18.27514192163928 1.1321107719758636 53622.42981 53705.325158 39 80 "Minimization exited successfully."
6003 103 0.476857 53671.80157795668 1.795759247560813e-05 5.99999999862429 -0.3475708950943043 0.0 0.49061205271209474 7.886454781963477e-07 0.2444990582207467 0.01723187666682635 221.73524531709333 57.0 -19.89099135892875 0.11404161464286844 53616.282204 53704.18394 60 43 "Minimization exited successfully."
6032 125 5.2e-05 53653.76195756598 2.234447473605683e-05 5.9999999920190525 0.12680654525620705 0.0 0.5423414216384117 1.7194847071921875e-06 0.17965984613067132 0.07782100368847145 339.07060615680444 71.0 0.2777723929648701 0.1284631787058359 53622.469601 53705.366718 30 95 "Minimization exited successfully."
6057 115 0.066511 53663.656931057216 0.0004255286178261009 -0.509012248183244 0.20053661601136064 0.0 0.0771205929449934 3.372968109913166e-06 0.07667431138149228 0.006260523530866591 134.44000328921734 65.0 -18.474528779030504 1.1390446925509004 53616.454281 53704.363705 45 70 "Minimization exited successfully."
6100 109 0.316132 53665.451273517516 2.2560841539434052e-05 2.489531973827562 0.045401779171578616 0.0 1.1914615507121198 1.716555132512677e-06 1.1444812890880858 0.054055913812088685 51.2070969683222 62.0 -18.999403919547987 0.6256954320839014 53616.23861 53704.139439 50 59 "Minimization exited successfully."
6108 105 0.257998 53675.249601393916 3.569016681978066e-05 0.6378089037570938 0.08709521906896112 0.0 0.5965226111729862 9.79416274531906e-07 0.5871839407444224 0.029109881774883606 39.61958329650871 59.0 -18.98688975825084 0.9344464588877557 53616.31716 53704.220306 75 30 "Minimization exited successfully."
6120 106 0.468398 53665.4043123575 1.4831164089731397e-05 0.7640756383574479 0.011330022618945668 0.0 1.27644126436644 1.2458179683505496e-06 1.383251954821394 0.07958931383639345 57.233030100555666 62.0 -19.54869985695207 0.9158158029063124 53616.237794 53704.138108 50 56 "Minimization exited successfully."
6121 114 0.35547 53664.288749786734 1.559609144010432e-05 0.2564798375349282 0.20559010467200256 0.0 1.8475653073146532 1.5670011866547601e-06 1.3427791983682575 0.09092954746406023 58.097699933356765 65.0 -18.89496686857894 0.995723291175409 53616.385503 53704.291784 50 64 "Minimization exited successfully."
6127 108 0.287037 53672.92362542359 2.245741120400768e-05 4.306152709493476 0.24244860672155122 0.0 1.2812572509938036 1.5674852633629234e-06 1.751720331794406 0.04638235852737205 83.03854172121733 61.0 -18.782021295723304 0.24731538683354515 53616.249459 53704.150103 60 48 "Minimization exited successfully."
6137 100 0.298878 53669.94819188592 3.281048662125197e-05 0.197391384449082 -0.08228937390045876 0.0 0.9595365012792172 1.4932264713474202e-06 0.6943382734036598 0.038411704128043234 44.09769647213881 56.0 -19.262008757552316 1.0205818473787964 53623.157052 53704.066256 45 55 "Minimization exited successfully."
6192 102 0.270906 53672.90605964851 3.3105304583320725e-05 -1.2775508101238682 -0.017670692722757897 0.0 0.5632856243973947 1.0922069004593023e-06 0.6984058979606265 0.03451452709338865 41.659930528213756 57.0 -19.024939563829324 1.3190872095148336 53616.280123 53704.182273 60 42 "Minimization exited successfully."
6196 109 0.2798 53669.51532257531 3.64401872236364e-05 -1.5309755797723898 0.007350468348387151 0.0 0.5131870737932331 1.3265897915160074e-06 0.5316445321899752 0.03465424665065725 68.92470244651876 61.0 -19.209565999194737 1.376927748757403 53616.250295 53704.150943 55 54 "Minimization exited successfully."
6213 102 0.107865 53666.97994060385 1.3980863106207719e-05 -2.849374039068303 0.8682241501442063 0.0 0.6803532166995865 1.8695850681765821e-06 0.7530716906466384 0.10021535854188279 92.71923686815389 57.0 -15.915268427713947 1.6190693236400868 53616.268145 53704.169792 50 52 "Minimization exited successfully."
6216 102 0.174125 53674.59431360742 2.2820465142738835e-05 0.816076156425801 0.20854415882819333 0.0 1.065528269886272 1.1810208304063875e-06 1.2031235049935778 0.050966080800068925 54.32118520762963 57.0 -17.543752662308822 0.8989700139698655 53616.27063 53704.172362 65 37 "Minimization exited successfully."
6225 105 0.335997 53672.907459203045 2.332350033811048e-05 -0.39790324887254247 -0.11045450705134296 0.0 0.9432373574127269 1.1889734052084048e-06 0.9020807816911018 0.04517072604890249 53.07920879295299 59.0 -19.186605195196492 1.1364094131177715 53616.312667 53704.215987 65 40 "Minimization exited successfully."
6249 105 0.29353 53675.319016378875 3.1922793189036456e-05 0.7335192644825543 0.019220878972187716 0.0 0.6702892685716506 1.0936384597587398e-06 0.652828982056703 0.03168825338333775 63.34911192348497 59.0 -19.187086569075312 0.9207565854046997 53616.320857 53704.224545 75 30 "Minimization exited successfully."
6260 100 0.128787 53671.735729174135 2.2089655368982e-05 2.6524213028856956 0.27438684679650005 0.0 1.060683685260301 1.3908505207899105e-06 1.1902032921650654 0.06143979293827628 120.21505727583153 56.0 -16.795879120839277 0.5905625660564588 53616.344948 53704.249705 60 40 "Minimization exited successfully."
6274 105 0.206287 53666.68182860746 2.9455364003284635e-05 -0.8850309219079744 0.08307123365580171 0.0 0.5803900884347968 1.698832359653956e-06 0.5979736212946696 0.050103610460553116 69.36781583058095 59.0 -18.22779812306407 1.2241975771563531 53622.415687 53705.310389 45 60 "Minimization exited successfully."
6275 115 0.272185 53670.637093497055 3.272007184727754e-05 0.0030922076652686314 0.15555245063540557 0.0 0.6470350913805305 1.411913384812836e-06 0.639671821507442 0.0412175841184228 89.42302937229277 65.0 -19.02601400180435 1.0442150883089703 53622.419726 53705.31419 65 50 "Minimization exited successfully."
6288 103 0.207766 53675.58693280799 2.3082708220868442e-05 5.999999696726311 0.1325386564508817 0.0 0.6745280063842074 6.790489761260296e-07 0.43353199944327425 0.041087653599766516 98.74788091572339 59.0 -18.072249257785526 0.12864555392376076 53616.336366 53704.240393 74 29 "Minimization exited successfully."
6289 200 0.10911 53672.83313762999 2.2101223418664605e-05 3.1677557239057172 0.42569971488330927 0.0 0.5872476319673297 7.784466727928101e-07 0.5540740348281235 0.03389843650539626 327.51431410187746 116.0 -16.4166785486353 0.47360626622197444 53616.229447 53705.130328 105 95 "Minimization exited successfully."
6295 104 0.078489 53665.399661559095 7.067029467753838e-05 -3.88582743699756 0.5910212067967602 0.0 0.17672613652757718 2.15709984980939e-06 0.2029876369228676 0.02218738792847552 334.8248667646315 59.0 -16.9183708922161 2.030130811594084 53616.376616 53704.28243 49 55 "Minimization exited successfully."
6300 116 0.357037 53667.16958782875 1.8198839533147825e-05 -3.619892392620249 -0.07309233704579865 0.0 1.0051351132060518 1.3905158341004354e-06 1.200748746192542 0.08199198445570743 68.09401998375516 66.0 -19.069835265613982 2.068731920012187 53616.413336 53704.321326 49 67 "Minimization exited successfully."
6304 113 0.189787 53673.07098423585 7.064930685635073e-05 -0.5287958824278505 0.08277108387642551 0.0 0.2692865399440052 1.210104130935364e-06 0.3774767734327886 0.017037299803243977 50.22234868064668 64.0 -18.975490100492628 1.1507107225374433 53616.38428 53704.290545 70 43 "Minimization exited successfully."
6305 114 0.360231 53665.759302463586 1.848646223004402e-05 5.7186791814742275 -0.17835519734677918 0.0 1.0833291825620108 1.4106299858690494e-06 2.4153880338758316 0.049662727439878596 359.7545610942129 65.0 -19.18659114996202 0.13294399803245227 53616.387109 53704.293509 50 64 "Minimization exited successfully."
6315 110 0.265764 53676.68666313807 6.084600161498255e-05 -0.0950603063205877 -0.1461731808742862 0.0 0.325221319708362 1.167575041332579e-06 0.3577642476300795 0.019248628226948228 58.89466530286105 62.0 -19.63976690016794 1.0788470727828319 53623.164259 53704.073544 65 45 "Minimization exited successfully."
6326 89 0.221589 53671.52075357752 5.1228436767638554e-05 0.5694723675803681 0.05050218077893587 0.0 0.5376573008288688 1.4105103765671417e-06 0.5938906020287757 0.025764805927431356 76.32880374102476 50.0 -19.00408923862642 0.9478818592174179 53622.19154 53705.078996 54 35 "Minimization exited successfully."
6332 95 0.150921 53661.98314822406 1.801024444622601e-05 2.8618584608214643 0.7309076461577628 0.0 1.7785298782146128 1.6033473168275415e-06 1.1092437058169566 0.06478224785833098 107.61633626512096 53.0 -16.975648674168045 0.5362338783808589 53622.230783 53705.118767 30 65 "Minimization exited successfully."
6406 125 0.123762 53674.7934182762 0.00020322539428591858 0.1726135558472297 0.05722804303777962 0.0 0.10240971610255656 1.8650531395536534e-06 0.12445676943551032 0.008781191476932015 73.40105812308671 71.0 -19.104245397610807 1.018294664240269 53622.450345 53705.346561 80 45 "Minimization exited successfully."
6415 109 0.182275 53666.20426541781 1.1639403006045158e-05 -0.40331361808295263 0.8713091429893314 0.0 0.9877176939189667 1.4778030258066895e-06 1.0675734144459783 0.09735223086910161 233.20624056563796 62.0 -16.96052646781077 1.072486130857218 53616.286332 53704.18822 55 54 "Minimization exited successfully."
6422 100 0.185002 53668.07032770913 0.00012574144373086682 0.9098953238842142 -0.09049156097770283 0.0 0.24450782766143675 1.4925317841529866e-06 0.19665566750716135 0.011235020242005567 53.659610949189464 56.0 -19.540707231772593 0.8946919581417454 53622.295479 53705.185155 45 55 "Minimization exited successfully."
6431 80 0.253904 53658.87287380589 3.81400789126185e-05 -2.2407348685578055 -0.11488871563026282 0.0 0.9281620992805983 2.7279240173211364e-06 0.5859633149574992 0.06254062936445226 38.12614521910301 44.0 -19.017881838717805 1.5778961687287918 53622.346152 53705.237307 25 55 "Minimization exited successfully."
6465 120 0.086189 53669.49792709669 3.0891690670106223e-05 3.5570660799067575 0.6176712994698397 0.0 0.563189761396643 1.408302601234591e-06 0.5136296919115644 0.037784255444196946 307.10545757066694 68.0 -16.251512655823248 0.3359468756060231 53622.45275 53705.349111 60 60 "Minimization exited successfully."
6479 90 0.233205 53667.31841021178 5.1645906014589075e-05 -0.7344508837664936 0.012846320149183299 0.0 0.4887062484958733 1.3105230978566186e-06 0.4226964696150892 0.026325190750121408 57.38000427763355 50.0 -19.13729179104967 1.1974688075602913 53622.215195 53705.102979 40 50 "Minimization exited successfully."
6491 85 0.109018 53665.72173166478 5.8972880994704323e-05 -1.2436191759692896 0.13194867798684973 0.0 0.3766306646539306 2.609071473967937e-06 0.34033293769346784 0.03599782854744982 87.06341815098465 47.0 -17.464171773301167 1.2987688024080732 53622.371062 53705.263341 35 50 "Minimization exited successfully."
6496 90 0.307516 53668.05082119635 2.8965541649149664e-05 0.9593544149719051 0.03215060363917388 0.0 1.0228686533373548 1.508924280949064e-06 0.9666881884892673 0.045008525164441315 103.50450474589448 50.0 -19.198669413002406 0.8817526199397321 53622.188991 53705.076038 50 40 "Minimization exited successfully."
6502 94 0.113482 53674.07033623581 5.073792965745505e-05 2.801604298788405 0.1966168116365723 0.0 0.5379376518576464 1.3878191362248792e-06 0.5403032104654422 0.02659845553115303 138.65724407520818 53.0 -17.400593602468575 0.5634466298917857 53622.209292 53705.096548 49 45 "Minimization exited successfully."
6520 100 0.107708 53684.26487170986 6.183769031461561e-05 1.5124360908252363 0.48253266149185814 0.0 0.26507554052295745 1.6891208451347314e-06 0.2238578040010042 0.02219078021419829 524.8549561997314 56.0 -17.50118579122315 0.7752611794422535 53622.283854 53705.173196 75 25 "Minimization exited successfully."
6530 85 0.193511 53655.950763495326 8.098079105570033e-05 -1.4549986238250154 -0.06657599228480215 0.0 0.3612569435572368 2.67533505162676e-06 0.2000689739665651 0.029995532458989838 29.896561969257746 47.0 -19.170032325532382 1.3651838712686555 53622.364542 53705.256942 30 55 "Minimization exited successfully."
6535 95 0.304471 53675.31912658182 4.28214353090739e-05 0.8459342703651895 0.046790692304625736 0.0 0.5418206648137129 1.40725454171653e-06 0.6866967785184093 0.025077830215119 79.10328555856428 53.0 -19.598053561265715 0.9004185345571898 53622.228673 53705.116657 55 40 "Minimization exited successfully."
6556 85 0.256778 53663.92542393049 4.205561763280574e-05 -0.9409912585247344 0.11811848991615315 0.0 0.6166727705749508 2.0360012511594362e-06 0.5304617774613609 0.04198646016434748 59.83603979875642 47.0 -19.152670873746054 1.233499079428185 53622.344517 53705.236011 30 55 "Minimization exited successfully."
6558 83 0.056309 53675.09122101895 0.001280013800760811 1.0537055475493844 0.004169135175190242 0.0 0.05147982211201452 9.050742010189758e-06 0.050789907516765265 0.005185089666551068 219.09650617844528 47.0 -19.29169984678219 0.8668768701062213 53622.384503 53705.277728 48 35 "Minimization exited successfully."
6560 90 0.271865 53660.03055823657 2.842611520330829e-05 -1.3353839515009653 -0.014698709755028516 0.0 1.4651317893076339 2.5313567651985553e-06 0.9066821376634568 0.0691280043528344 58.966547154070625 50.0 -18.86825836787213 1.3322903288951125 53622.218143 53705.10599 30 60 "Minimization exited successfully."
