analysis_pipeline/fit_results/sdss_4_salt2_2.4_blue.ecsv
# %ECSV 0.9
# ---
# datatype:
# - name: obj_id
#   datatype: string
# - name: num_points
#   datatype: int64
# - name: z
#   datatype: float64
# - name: t0
#   datatype: float64
# - name: x0
#   datatype: float64
# - name: x1
#   datatype: float64
# - name: c
#   datatype: float64
# - name: z_err
#   datatype: float64
# - name: t0_err
#   datatype: float64
# - name: x0_err
#   datatype: float64
# - name: x1_err
#   datatype: float64
# - name: c_err
#   datatype: float64
# - name: chi
#   datatype: float64
# - name: dof
#   datatype: float64
# - name: b_max
#   datatype: float64
# - name: delta_15
#   datatype: float64
# - name: tmin
#   datatype: float64
# - name: tmax
#   datatype: float64
# - name: pre_max
#   datatype: int64
# - name: post_max
#   datatype: int64
# - name: message
#   datatype: string
# schema: astropy-2.0
obj_id num_points z t0 x0 x1 c z_err t0_err x0_err x1_err c_err chi dof b_max delta_15 tmin tmax pre_max post_max message
[from data line 1506]
15354 66 0.220681 54024.45554159361 4.1337730116459696e-05 -1.7343243710940923 0.119681146204347 0.0 0.5463293340362725 1.5811447765184958e-06 0.3287634868162965 0.05648704771008606 66.93428763858965 40.0 -18.760468564147992 1.4160719719631878 53974.325891 54063.248028 27 39 "Minimization exited successfully."
15356 42 0.273401 54029.27823178726 3.9414710690851566e-05 -0.6292928298747738 -0.0870499098723192 0.0 0.48623191312799463 1.417484093387267e-06 0.47166226191187866 0.04350668057322882 41.95619273330134 38.0 -19.237833763181303 1.1822101937910645 53989.242231 54063.157418 20 22 "Minimization exited successfully."
15358 38 0.087762 54025.15098990025 1.5456067438828213e-05 5.999999951136459 1.1999999986590417 0.0 0.9571869375031383 1.0237125969930754e-06 0.7123588647946697 0.2766430167325946 37.1700820805268 15.0 -15.696946768055838 0.16396412985536912 53989.259346 54063.173269 14 24 "Minimization exited successfully."
15359 38 0.310362 54027.60970001103 3.44383913569335e-05 1.440547914191475 -0.12489305069849654 0.0 0.5186652569718717 1.573931453685009e-06 0.5677081510727042 0.04157557802853473 98.63613302604703 34.0 -19.410959390569822 0.8064467500885542 53989.276829 54063.192963 16 22 "Minimization exited successfully."
15362 41 0.132804 54033.23158988881 1.4178082267380932e-05 4.451408039253611 -0.9999924857673006 0.0 1.0043182420522498 1.5200390874148266e-06 1.585584839543361 1.5696025696727278 50.83854022507376 16.0 -16.454409210434676 0.23042179599678292 53974.294859 54063.213503 24 17 "Minimization exited successfully."
15363 66 0.177355 54025.88437461535 1.639101631900508e-05 2.808235089362368 0.29985080139063625 0.0 1.128504448071908 1.670658931245406e-06 1.607200585863589 0.1022579139401274 78.6360617702953 40.0 -17.234901486554776 0.5594067536806335 53977.391666 54063.265494 30 36 "Minimization exited successfully."
15365 63 0.186507 54038.19310096994 0.00010400368148662298 0.9364629137158484 -0.08662521962515579 0.0 0.1746669751155423 2.037202564644238e-06 0.22076703901524342 0.022926310992855248 45.25459427222289 38.0 -19.35419539093012 0.8900083798342671 53974.292784 54063.21309 39 24 "Minimization exited successfully."
15366 46 0.295572 54026.488924251105 3.200930936158586e-05 -1.2403422944941536 0.08750296030459315 0.0 0.7462472295592306 1.6075558665323825e-06 0.5268561669973288 0.06345122997899266 36.42928332606256 42.0 -19.206587540687693 1.3017812872432657 53974.333189 54063.255305 22 24 "Minimization exited successfully."
15367 58 0.185375 54010.9476837184 4.126064256528838e-06 -5.999999961636776 1.1609365654316997 0.0 1.671372134500416 1.8953781583636031e-06 0.5859460273101638 1.9602126819327217 51.32745784814203 36.0 -15.904062493713521 3.1568726337919806 53974.288719 54063.208743 18 40 "Minimization exited successfully."
15369 58 0.230491 54031.70590802724 9.006142155696396e-05 0.6639597796831662 -0.06362859063190063 0.0 0.2824485932105745 1.4926094875233902e-06 0.24304257336416857 0.020472486066362372 28.912377691177408 35.0 -19.713370614110634 0.9361659954510095 53974.276798 54063.196784 33 25 "Minimization exited successfully."
15370 63 0.517891 54028.245622752074 1.3324614495251463e-05 -0.29720414126022465 -0.16651611555728107 0.0 1.1908783553481044 1.0996578004340841e-06 1.0417483415987268 0.05889290539495995 50.81033750789111 59.0 -19.6952349713575 1.1195046544820784 53974.309588 54063.230537 30 33 "Minimization exited successfully."
15381 74 0.160921 54029.758439717516 5.0160650464313726e-05 1.1850966707348967 0.4073711540304876 0.0 0.4622305256962136 1.5603399801128442e-06 0.5280427332308513 0.03771031833625604 116.98656889121486 45.0 -18.216781220990608 0.8303660766982865 53975.154082 54068.080721 32 42 "Minimization exited successfully."
15383 40 0.314944 54029.92809040316 2.9973645919267877e-05 0.7818730765682922 -0.023156525886165014 0.0 0.7655633931499324 1.5978588064613486e-06 0.7896693770771095 0.05079260523626816 28.9544678532523 36.0 -19.295707332493006 0.9141170460749279 53989.404553 54065.332834 18 22 "Minimization exited successfully."
15386 49 0.285817 54033.267307063834 4.419008611986741e-05 -0.09552097441441099 -0.10776550914962768 0.0 0.4206313267968653 1.5219590743992282e-06 0.38922722039885116 0.03613901645255474 48.39593875328352 45.0 -19.473376123371498 1.0769221943996676 53975.169704 54068.096035 25 24 "Minimization exited successfully."
15391 46 0.086841 54029.949139957935 6.130506538178482e-05 -3.089944998175374 -0.9999996236236424 0.0 0.18340704183356138 2.193372772314465e-06 0.3947577254232024 1.5907163243827964 346.2882765472072 19.0 -17.02577926140179 1.9961949134471375 53975.246505 54068.173528 22 24 "Minimization exited successfully."
15413 82 0.072297 54039.566865399946 5.1964149731464904e-05 5.999999983831978 1.1999986808058725 0.0 0.20235921374114696 7.093101462274388e-07 0.056727254241238256 0.056618564742306976 144.23043483776348 37.0 -16.569024415339342 0.1639640856461213 53974.279668 54063.197684 54 28 "Minimization exited successfully."
15419 43 0.276453 54033.56519847747 4.1985265830640776e-05 -0.32088230805186146 -0.07597313104919867 0.0 0.46101532734246575 1.4805540882112392e-06 0.48543030432088674 0.03855725729538223 36.881471400128504 39.0 -19.334195866690898 1.1190575900088149 53975.355238 54068.279051 22 21 "Minimization exited successfully."
15421 71 0.184428 54035.361815959615 9.04111044129452e-05 0.31530438049203724 -0.0073693977307510705 0.0 0.22784360176228802 1.4856101642951578e-06 0.25662127978605165 0.019881894204011097 43.91919915846927 44.0 -19.17418539443628 0.9955542236254686 53975.392342 54068.317974 36 35 "Minimization exited successfully."
15422 48 0.333202 54031.6530782008 1.4357716648415453e-05 5.163253665749277 -0.011357168985462684 0.0 1.1288000068925612 1.507355784076681e-06 1.9180207037297219 0.07390331377194564 104.66660438222128 44.0 -18.694130160944173 0.1707048173673762 53975.394754 54068.320927 24 24 "Minimization exited successfully."
15423 129 0.393921 54035.733646869514 2.5690201957923044e-05 -0.19270237888267427 -0.2576421478555806 0.0 0.4242829013746814 8.690941701722243e-07 0.4392215194568534 0.02224531402034141 135.51738835793742 125.0 -19.700105353327636 1.103710708769519 53975.399577 54068.325986 69 60 "Minimization exited successfully."
15425 78 0.159347 54037.747743545726 0.00014659219510983036 0.5950076555048511 0.06110006962315695 0.0 0.13531824108213186 1.631335029819722e-06 0.15252285572652147 0.014149047339371612 154.77046471749358 48.0 -19.348359561186662 0.9429771827695603 53975.45087 54068.379229 42 36 "Minimization exited successfully."
15428 87 0.382219 54030.954804889734 2.2033189216840164e-05 0.5262675345512928 0.03773007230508196 0.0 0.7708730661724985 1.0895695746176993e-06 0.6954722309579058 0.04737451869128667 78.25680034672511 83.0 -19.45338562771385 0.9559971016616444 53975.406798 54068.333159 42 45 "Minimization exited successfully."
15433 66 0.219346 54037.39147229541 7.051475269901242e-05 -0.14257618041873776 -0.019129493773302975 0.0 0.2603723464453651 1.5790715425806294e-06 0.26597283536922545 0.028590085377325103 37.438674290036275 40.0 -19.32544427784366 1.0811679008058093 53975.341491 54068.264557 39 27 "Minimization exited successfully."
15436 78 0.166598 54022.16696180219 2.3845946152527555e-05 -1.8653949364982658 0.40754980621747205 0.0 0.7141076341977168 2.262035147643227e-06 0.6480670594908349 0.1016891003547904 70.20496522778524 50.0 -17.490395047547437 1.419052025804234 53975.376246 54068.301058 30 48 "Minimization exited successfully."
15440 52 0.261294 54031.43427303242 3.858944606017656e-05 0.06599536178963383 0.13267284010385616 0.0 0.4763320577076229 1.3475650028310633e-06 0.5110606074381212 0.04452693950920439 105.79144754871922 48.0 -19.103302808161015 1.0338865901801775 53975.408418 54068.334811 26 26 "Minimization exited successfully."
15443 78 0.181225 54041.28481565098 0.0001254300080245141 1.4991478854636737 -0.032412545564285855 0.0 0.13950504394961172 1.4301470762290218e-06 0.1557028906920137 0.01395125747048609 76.73500468176924 48.0 -19.488536057175313 0.7939715048863505 53975.43568 54068.363325 45 33 "Minimization exited successfully."
15453 69 0.173734 54038.20741970645 9.210345965844025e-05 1.1088822449793527 0.010820394030273128 0.0 0.16785318359688972 2.0423432141625195e-06 0.2431394179509141 0.022167011730007513 34.22108826050949 42.0 -19.051134074050726 0.8573842249975421 53974.191371 54063.11324 39 30 "Minimization exited successfully."
15454 52 0.381457 54024.736772077515 1.9996314095314106e-05 2.1556192960552956 -0.07383062537526597 0.0 1.0145308794999437 1.5927977588631172e-06 1.1475820534605035 0.06277343793797335 49.65695108696319 48.0 -19.345094743608694 0.6861477528214763 53989.222111 54063.136805 20 32 "Minimization exited successfully."
15455 132 0.405433 54028.925262660596 1.412218367345841e-05 0.45995297612186903 -0.037266326647793724 0.0 1.0398263505194336 8.546849378271433e-07 0.8772523482527474 0.05186536080993154 110.55131401848497 128.0 -19.12173017897737 0.9710033818767982 53975.218688 54068.146109 57 75 "Minimization exited successfully."
15456 42 0.380475 54030.230639942536 2.3278207338417458e-05 -1.3115183620885915 -0.0904679442850932 0.0 0.9329299819619337 1.48469368324744e-06 0.8564177427709045 0.061708416281308576 57.89221820726987 38.0 -19.500509168391744 1.3330464775262385 53989.233444 54063.147947 20 22 "Minimization exited successfully."
15459 38 0.125419 54035.35903008334 0.00010236235162834784 0.021318285791126712 0.7867067109523442 0.0 0.5931562006298918 1.5190472031501589e-05 0.5215807201559408 1.993353021467308 9.665630671564553 15.0 -18.423927309158174 1.0040392187058345 53989.259772 54063.173225 20 18 "Minimization exited successfully."
15461 62 0.184813 54037.111115187734 0.000105163616653422 -0.10369735048391249 -0.04437070321097458 0.0 0.17426177301240386 1.944077797014775e-06 0.2023366971246956 0.020945689970635284 28.20132056873788 37.0 -19.343118918403768 1.075108462276937 53989.219166 54063.13382 36 26 "Minimization exited successfully."
15466 69 0.244357 54036.693441969415 3.78731931921672e-05 -0.8750306965161077 -0.007922232895610892 0.0 0.3785310402709001 1.5597528278499247e-06 0.4025412110243529 0.048240932071940634 151.1316207340816 42.0 -18.915529514469753 1.2286930846393957 53974.18591 54063.107275 39 30 "Minimization exited successfully."
15467 69 0.208468 54038.81195331642 8.777764793906129e-05 0.7700659850469203 0.044510738251770654 0.0 0.19514230057757231 2.158300465080471e-06 0.25471675688354933 0.025319483776276464 66.40425790455932 42.0 -19.439785348947353 0.9134610974914423 53974.192196 54063.114127 39 30 "Minimization exited successfully."
15469 41 0.103628 54029.16627642074 8.990506634627416e-06 5.9997398629101895 1.1999228677372988 0.0 2.623258673142118 1.1246542614307124e-06 9.812614895282854 2.075833042881144 15.178774094581014 17.0 -15.493076644216174 0.16396919470441063 53989.232162 54063.145406 18 23 "Minimization exited successfully."
15470 63 0.232223 54033.125768151804 2.0347104629130365e-05 2.6830732146353 -0.02157312649091314 0.0 1.0779400231549516 1.4005815786782842e-06 1.0530929538466358 0.07414538257681719 37.97844497541195 38.0 -18.11973224369261 0.5920403914220174 53989.235955 54063.150976 33 30 "Minimization exited successfully."
15471 56 0.151819 54036.80184235044 1.6932583871859254e-05 4.961625750538603 0.1281612715795717 0.0 1.0167535802320344 2.0478303375204293e-06 1.8479106716942697 0.0964776015191604 48.74110890081183 34.0 -16.94015189275634 0.18731013524778817 53989.250597 54063.165973 33 23 "Minimization exited successfully."
15475 38 0.014867 54040.95394606408 0.0008447145253084343 -1.2528456295428088 -0.04533582630661581 0.0 0.08349180382720078 3.729413541967764e-05 0.07397240587968223 0.20670062720876292 477.9136934793698 15.0 -15.880080514259774 1.3156566467409831 53989.260602 54063.17454 24 14 "Minimization exited successfully."
15486 40 0.114636 54037.63197157072 4.4028563436740995e-05 0.5250534864711529 1.199999847526143 0.0 0.4767613240292121 2.6216514865690116e-06 0.5633783467913132 1.8515320851252546 32.13094594149675 16.0 -17.342449801024824 0.8979626171730821 53989.271416 54063.185716 24 16 "Minimization exited successfully."
15496 68 0.232986 54040.551269038115 6.765533455562078e-05 1.275390701391201 -0.06474523489508721 0.0 0.22236962559327367 1.66460844986449e-06 0.2633996604008102 0.027000720502286413 102.91317467827369 42.0 -19.429841710601274 0.8320982144097364 53974.329545 54063.251447 44 24 "Minimization exited successfully."
15497 60 0.201744 54032.32034816031 1.5021810872156705e-05 5.999999030549375 -0.05500690970242883 0.0 1.2877149416199245 8.024099061509907e-07 0.5061034680052758 0.09157010518837283 33.101998859453985 36.0 -17.530098160608052 0.12277557940856809 53989.351757 54063.270576 33 27 "Minimization exited successfully."
15498 60 0.214287 54031.82587509709 3.590678770242995e-05 -2.4557564723593748 0.17401389895245245 0.0 0.4403214917583682 1.4105095904998178e-06 0.5462391492367873 0.058322835884126456 50.331308694021445 36.0 -18.536234429077503 1.6057367274828849 53989.367246 54063.28669 33 27 "Minimization exited successfully."
15499 38 1.577068 53974.3851200012 0.006106341054235103 3.231939652700218 0.9280339408284253 0.0 0.1716990309250832 0.0027222512665636845 1.1439346656784775 0.1400335733639968 194.04963483547792 15.0 -29.384562257841672 0.43467362688867794 53989.385949 54063.304468 0 38 "Minimization exited successfully."
15500 57 0.239325 54030.46692997191 2.2827237643049394e-05 5.999999940472955 0.4722729986754841 0.0 0.625029464441468 8.258420003876003e-07 0.32796087422797626 0.06417579373070059 109.86357650787056 34.0 -18.42402188261881 0.13970685006632877 53989.387957 54063.30783 27 30 "Minimization exited successfully."
15503 60 0.408585 54028.163304217305 1.6465203550903864e-05 -0.9234179533291371 0.09212831270220789 0.0 1.090686574272695 1.1393223660749475e-06 0.8053754284836918 0.08084465210093172 50.240222689554244 56.0 -19.307910255687382 1.2317048717419503 53989.421093 54065.350512 27 33 "Minimization exited successfully."
15504 38 0.2682 54039.529109809264 2.870874541072932e-05 2.204148805184589 0.12711094808597534 0.0 0.5818712533473445 1.8179090412184795e-06 0.742612413292898 0.05862524497423538 26.31572524431601 34.0 -18.849347647259464 0.6730045139850844 53989.271853 54063.187783 24 14 "Minimization exited successfully."
15506 92 1.593989 53963.56059267016 2.2539675127097867e-06 -1.4222767163453653 -0.7530336750858428 0.0 1.0582718377700076 2.7345737501671686e-06 0.388901003241918 0.21212177823784978 48.46814334823183 42.0 -20.8031491458136 1.4115921952999102 53974.340147 54068.25476 0 92 "Minimization exited successfully."
15508 38 0.133526 54041.12134434194 0.00028665458509060326 0.6699939308121552 1.1998849305418062 0.0 0.08234441552122007 3.2992324956065988e-06 0.09955492488629014 2.00968187878043 31.803741980009175 15.0 -19.734882681477103 0.8756623687789435 53989.38719 54063.305689 24 14 "Minimization exited successfully."
15513 45 1.68332 nan nan nan nan 0.000758 nan nan nan nan nan nan nan nan nan nan 0 0 "No bands in data overlap the model."
15516 40 0.364072 54030.609725186194 1.6557484671153588e-05 2.7407087542688693 -0.02364041657126903 0.0 1.0635668703289411 1.4753338590411948e-06 1.3755721069523816 0.06819042762727678 21.271556524401333 36.0 -19.022289604250652 0.5810166673939889 53989.393625 54063.314172 18 22 "Minimization exited successfully."
15520 40 0.109042 54031.56063477269 3.636626695485923e-05 4.046247128431144 1.199999826285108 0.0 1.3085530626594846 2.5675044013007134e-06 1.23983028458618 1.413293456975138 37.60182741017252 16.0 -17.048933151048143 0.2748943153852501 53989.355857 54063.273151 22 18 "Minimization exited successfully."
