analysis_pipeline/fit_results/sdss_4_salt2_2.4_blue.ecsv
# %ECSV 0.9
# ---
# datatype:
# - name: obj_id
#   datatype: string
# - name: num_points
#   datatype: int64
# - name: z
#   datatype: float64
# - name: t0
#   datatype: float64
# - name: x0
#   datatype: float64
# - name: x1
#   datatype: float64
# - name: c
#   datatype: float64
# - name: z_err
#   datatype: float64
# - name: t0_err
#   datatype: float64
# - name: x0_err
#   datatype: float64
# - name: x1_err
#   datatype: float64
# - name: c_err
#   datatype: float64
# - name: chi
#   datatype: float64
# - name: dof
#   datatype: float64
# - name: b_max
#   datatype: float64
# - name: delta_15
#   datatype: float64
# - name: tmin
#   datatype: float64
# - name: tmax
#   datatype: float64
# - name: pre_max
#   datatype: int64
# - name: post_max
#   datatype: int64
# - name: message
#   datatype: string
# schema: astropy-2.0
obj_id num_points z t0 x0 x1 c z_err t0_err x0_err x1_err c_err chi dof b_max delta_15 tmin tmax pre_max post_max message
[from data line 52]
1032 44 0.129033 53626.29678156871 9.551951112090396e-05 -2.5440421450852018 -0.40908048099259253 0.0 0.2104165051423479 4.656620763434815e-05 0.6485285864321626 1.1283821628525312 39.54187464999023 18.0 -18.389100544415598 1.7079794649565372 53616.440283 53704.347453 2 42 "Minimization exited successfully."
1041 45 0.065187 53620.11146260759 4.755167806936522e-05 1.774037188897494 1.199998094418378 0.0 0.001040314200508874 3.5202189927890926e-06 1.0485397414969841 1.375673971463892 131.63626591158143 19.0 -16.127919033594893 0.709780942577094 53616.448702 53704.356252 2 43 "Minimization exited successfully."
1112 40 0.256085 53630.05709371722 3.7216916919506905e-05 -0.2026382466247565 -0.003261748212334159 0.0 0.7873271830540034 2.1847712425737703e-06 0.9114728100261864 0.05974539874504042 20.67288247147914 36.0 -19.01287525663808 1.0918226148177368 53622.267208 53705.156046 6 34 "Minimization exited successfully."
1113 40 0.055632 53631.796511292036 0.00014256216295337244 5.999999657287075 1.1999999599668674 0.0 0.3253863870013447 1.5473044295488615e-06 0.015155651795356384 0.00950022845492171 705.2782068820453 16.0 -17.069888912877275 0.16396413716659097 53622.272202 53705.159045 6 34 "Minimization exited successfully."
1119 36 0.296391 53622.33623079206 3.52545798493098e-05 1.182060197280677 -0.11538723267383921 0.0 0.0061101555365894455 1.9452643485629056e-06 1.078820136274067 0.06374184353280615 18.25972333349631 32.0 -19.320231955589186 0.8493805742160383 53622.215192 53705.102995 2 34 "Covariance may not be accurate."
1126 36 0.113914 53613.44143582734 7.943771281823664e-05 -2.6779933981921045 -0.9999928822029841 0.0 0.0006544921234308276 9.709868607244987e-06 0.6581300000702213 2.049348818931482 37.18926967535438 14.0 -17.936715942091492 1.82693946457956 53622.226961 53705.113265 0 36 "Minimization exited successfully."
1127 35 0.076085 53634.93384930939 4.515030593049141e-05 5.9999969862820635 1.1999918308653754 0.0 0.6580712575414509 2.157666833951799e-06 0.2769660844122841 0.13878526096330757 108.37421351376565 14.0 -16.533113567874864 0.1639639483546702 53622.328104 53705.217254 6 29 "Minimization exited successfully."
1131 57 0.172432 53635.15685597789 1.5115609512451612e-05 5.999999975199401 0.33013147783584884 0.0 1.6435715492589225 1.3016817699873499e-06 0.39886730217690936 0.11954582609200293 54.40839112510207 34.0 -17.17019831686512 0.13502584859950417 53622.237489 53705.12568 12 45 "Minimization exited successfully."
1150 57 0.456315 53686.87312861704 9.837155212399918e-06 5.999987268810539 -0.20758167095279623 0.0 1.1302698746003443 8.854717839890118e-07 1.1969950893075811 0.04746641458407652 142.49240772506485 53.0 -19.121324478427674 0.11814966433438912 53622.324375 53705.214737 48 9 "Minimization exited successfully."
1151 32 0.361362 53611.25756324881 3.7881538509303425e-05 3.4412767803850066 -0.3035943112908909 0.0 0.0007850697948015295 8.231283503174481e-06 2.6310926353984545 0.07761868390480486 17.288725222846658 28.0 -19.91037438208531 0.4246393017158354 53622.368625 53705.261183 0 32 "Covariance may not be accurate."
1153 32 0.338423 53634.00735563124 1.9429510553390373e-05 5.999998588589252 0.12287865393184183 0.0 2.068858744794852 1.2336773695031936e-06 0.6070921449502453 0.09401569950033972 28.778865572619075 28.0 -19.09753280033391 0.12833837590819996 53622.370256 53705.26246 4 28 "Minimization exited successfully."
1158 48 0.410115 53628.042251457206 2.280239363108172e-05 -4.863670886619721 -0.05442733970493163 0.0 0.9815277409288683 1.7936744638752388e-06 1.0391315425604826 0.09586997429152821 22.877311260715828 44.0 -19.669220997706987 2.8477481890207237 53622.3727 53705.265437 6 42 "Minimization exited successfully."
1166 34 0.380494 53631.82657912226 2.412673311500524e-05 1.987261788255144 -0.048224867532527194 0.0 1.3946002271259204 2.2397815975733212e-06 1.5671103951320178 0.0734063123194384 18.93556021363712 30.0 -19.542035974319564 0.7137343351490983 53622.351052 53705.242915 4 30 "Minimization exited successfully."
1170 34 0.32846 53617.390279223866 1.837967231163806e-05 5.999999933582071 0.46679943303464055 0.0 6.520019343610329 3.2168280286554153e-06 9.249911617955878 0.2381065265116329 45.22469603739472 30.0 -18.978820225092505 0.1395255129101507 53622.353506 53705.245472 0 34 "Minimization exited successfully."
1174 0 2.382896 nan nan nan nan 0.000411 nan nan nan nan nan nan nan nan nan nan 0 0 "Empty table passed to fit_lc."
1176 51 0.70546 53687.342024471385 1.1555758554755435e-05 5.976538497013667 -0.5053574877889765 0.0 2.195323663221643 1.517568145402159e-06 11.439991763990747 0.11599339350064836 191.46258575582414 30.0 -20.449238416445567 0.11077795555586434 53622.365351 53705.25657 42 9 "Minimization exited successfully."
1181 54 0.602537 53662.52869761064 1.8036590528082154e-05 1.9546914278628185 -0.408014588278393 0.0 0.5036589476512745 8.857755158453442e-07 0.7182460112907405 0.03065664107682947 495.96845713815594 50.0 -20.431924341838688 0.7278396472915603 53622.403559 53705.297263 18 36 "Minimization exited successfully."
1184 51 0.548751 53623.828062995766 1.2928769355468051e-05 -1.982974235450147 -0.6514844562485729 0.0 0.2326567523414269 1.6426146358738957e-06 0.18599941991770996 0.0250046995228016 385.34977327619634 47.0 -19.832995619563565 1.5587323031441436 53622.388953 53705.282051 3 48 "Minimization exited successfully."
1196 38 0.368957 53653.90862491516 3.598941202776373e-05 5.999999674832061 -0.4666018164207534 0.0 0.226584717809601 1.294702954648397e-06 0.05275424408646323 0.0212935925792046 807.109912272795 34.0 -19.98701858853946 0.11068255701119867 53622.229522 53705.117482 10 28 "Minimization exited successfully."
1198 36 0.118439 53640.917725325984 1.6775537767601545e-05 5.99999504253176 1.1999911588399885 0.0 1.7165903824607085 1.919370917010666e-06 0.8714894332448928 0.4007709853143312 35.1470721472591 14.0 -16.481971344180437 0.16396398306054039 53622.226132 53705.111918 10 26 "Minimization exited successfully."
1209 72 0.241036 53617.336390283825 6.283672252824224e-05 0.8108721869698954 0.032272377966268806 0.0 0.002605514779133955 2.4998636658640738e-06 0.518454900582825 0.04665345333886228 37.86507932927589 44.0 -19.432680251905417 0.9069666036108259 53622.426578 53705.321395 0 72 "Minimization exited successfully."
1214 48 0.263798 53618.20080640676 3.368128030338258e-05 -0.2680103705116732 -0.47813083217702024 0.0 0.0017477049805165734 2.317251581314685e-06 0.8364922961864845 0.07498621812730194 53.65014875305329 44.0 -18.989446883873068 1.1300807413688467 53622.43504 53705.330664 0 48 "Covariance may not be accurate."
1223 23 1.276657 53653.054208034046 7.621818187505958e-05 5.999999863401243 0.5522052265673518 0.0 1.9390906059779809 6.423573547584716e-05 0.15926550378803128 0.47073352370131183 121.82995858351634 17.0 -24.115863630732804 0.1423628267376138 53622.426209 53705.317596 7 16 "Minimization exited successfully."
1241 40 0.088477 53635.11122656623 0.0003421801616247233 -0.8380467081357139 0.329244696294021 0.0 0.3335054840608791 9.449371920382536e-06 0.2823989711946364 0.8375073558481857 89.47421258341473 16.0 -18.894506691396813 1.19588494564222 53622.265114 53705.152174 8 32 "Minimization exited successfully."
1243 57 0.196967 53619.20962266519 2.925947069557511e-05 2.793235671136781 0.2881277763924752 0.0 2.7190608447490376 3.988568357582989e-06 1.7210210999607778 0.13179070189785658 42.443030941778524 34.0 -18.11708050092071 0.562756193087619 53622.274711 53705.163741 0 57 "Minimization exited successfully."
1248 54 0.781457 53649.27484813384 1.6117721717001654e-05 5.999998869748643 -0.5474438493241018 0.0 0.8071256753100897 1.1300330075275645e-06 0.07996359019759858 0.05796479494973028 231.0986588892537 32.0 -21.086586727726445 0.10847726420114512 53622.223204 53705.110264 15 39 "Minimization exited successfully."
1251 68 0.178299 53640.616599456545 1.7306606468823207e-05 5.999999990360699 0.2360973637263768 0.0 1.0269116181952995 1.077825952011668e-06 0.15510882442978247 0.0987114078269331 213.4277864576369 42.0 -17.393034143932717 0.13196805217707208 53622.441492 53705.33735 12 56 "Minimization exited successfully."
1253 36 0.261657 53634.085487020915 4.917941019807248e-05 -1.0912194170116125 -0.13737762261351028 0.0 0.48759861925645964 2.142150797435073e-06 0.5598929965879633 0.049701807297596046 20.969010595773195 32.0 -19.369255074626295 1.2858942404209976 53622.224887 53705.112377 6 30 "Minimization exited successfully."
1277 37 0.143396 53619.06110439817 1.8232562717906964e-05 0.7511497356229828 1.1999819194376844 0.0 0.002810692025377648 3.403264107935677e-06 3.148693152644897 2.126202688951615 55.48969460511006 15.0 -16.91239916158922 0.8632663198165815 53622.245876 53705.132026 0 37 "Minimization exited successfully."
1281 37 0.289319 53641.9174274245 7.164231575324198e-05 5.999999991861223 0.06349742908491618 0.0 0.20678397510346258 1.207042174929392e-06 0.0160086384966176 0.026581427230677468 1228.538422931772 33.0 -20.117644140996145 0.12646078151990636 53622.243369 53705.131644 9 28 "Minimization exited successfully."
1293 60 0.979868 53610.93161280727 1.55056523868069e-05 5.999996801619478 -0.48683957731650007 0.0 1.617904698348866 1.5680565558806588e-06 1.581974355703494 0.026214385381341354 303.16976146710925 36.0 -21.65052160342408 0.11012466376736896 53622.256765 53705.144094 0 60 "Minimization exited successfully."
1298 117 0.225088 53607.89233130013 8.766994202866974e-05 -0.8443040583255517 -0.13577663579916932 0.0 0.003359466601978056 1.2524238427941145e-05 0.8020748984881418 0.12556949883519952 255.0752420307316 74.0 -19.625618092317385 1.231064597764373 53622.232873 53705.120526 0 117 "Covariance may not be accurate."
1311 40 0.260328 53615.42834097968 3.04334878239787e-05 -4.306577255871007 -0.6473050256145905 0.0 1.9393589800529298 6.0229854563992316e-06 0.9808609967960036 0.16828912511792044 41.522888396230655 36.0 -18.85332087291073 2.6216933541589214 53622.250905 53705.13937 0 40 "Minimization exited successfully."
1316 60 0.215653 53618.43145799459 6.680635359625598e-05 1.3278960200998746 -0.03607147529141075 0.0 0.000527512667758856 2.6169867229214317e-06 0.6776393005261387 0.044607458647582254 37.222092613056176 36.0 -19.22654846463057 0.8224394326551625 53622.255925 53705.144082 0 60 "Covariance may not be accurate."
1329 40 0.087806 53630.76857776168 9.22398469879071e-06 5.999809369554965 1.199949251870359 0.0 0.04613069528204505 1.336050078489803e-06 7.745191206023647 1.9025060244713226 14.71612438154772 16.0 -15.137633535161438 0.16396803034813345 53622.265521 53705.152221 6 34 "Minimization exited successfully."
1351 54 0.174548 53612.604378727556 8.171470904548394e-05 -1.5260568515246042 0.10224005175148543 0.0 0.0011168666096637025 9.984897043012758e-06 0.8477086517635852 0.10554850713103087 60.85962357202019 32.0 -18.93130586091906 1.3669505930835868 53622.331796 53705.22235 0 54 "Covariance may not be accurate."
1354 38 0.247914 53619.464390710666 2.7360346066965804e-05 0.38616726999481266 0.13203110564446785 0.0 4.689605318711983 4.612883972054951e-06 1.6150285372382056 0.13197957862808707 34.069172010457336 34.0 -18.59996419229576 0.9763524334518934 53622.31119 53705.201021 0 38 "Minimization exited successfully."
1364 51 0.217423 53632.5562517259 3.5721662380577836e-05 5.9999999935056465 0.0718484175753491 0.0 1.1116412828669127 1.149961317677973e-06 0.5070323034487716 0.054093426537205835 60.67597247686017 30.0 -18.65549274562616 0.12672364687421478 53622.378811 53705.271356 6 45 "Minimization exited successfully."
1371 41 0.117969 53633.731307085705 0.00029097943848579777 1.0235841003562811 -0.9999624891510408 0.0 0.13639874105865601 4.095046415688046e-06 0.14761546186789598 1.4032554334158647 105.89953772729038 17.0 -19.43202998417142 0.9021577451647858 53622.297955 53705.18563 4 37 "Minimization exited successfully."
1372 34 0.067849 53631.916144726325 4.2846372048205296e-05 5.999989548912968 1.1999990150790771 0.0 0.0022004266102158 1.4249080667322328e-06 0.10417305954806899 0.06049582843022194 306.56435166122793 13.0 -16.214809993592183 0.16396440134612078 53622.390629 53705.282396 4 30 "Minimization exited successfully."
1378 38 0.124747 53623.12158057991 2.8364209711441156e-05 1.6609094949009764 1.1999702587703118 0.0 0.002341227725992212 2.2470777679584063e-06 1.16509662210456 2.1926279431354407 12.887701200619533 15.0 -17.06472695591932 0.7268328812414993 53622.397121 53705.288758 2 36 "Minimization exited successfully."
1385 34 0.335346 53626.82489751075 2.816874473697939e-05 -0.5058370855217547 -0.20258564356685294 0.0 1.7359742992812244 2.3589636769733033e-06 1.4578258104601929 0.07247660090941555 13.581091824974886 30.0 -19.38798288849408 1.1638225119097925 53622.349422 53705.241177 2 32 "Minimization exited successfully."
1395 56 0.184968 53622.02158349162 8.8691588879104e-05 -1.140150350478356 -0.010466954144111917 0.0 0.00542612010758603 2.8224979902163866e-06 0.399666571020711 0.0436737591405057 38.61061867516573 33.0 -19.15953255266672 1.2871453311505334 53622.319024 53705.209591 0 56 "Covariance may not be accurate."
1396 38 0.271554 53617.69491009455 5.429898211823492e-05 1.3102618930732657 0.030431137555861465 0.0 0.0013690697487618309 3.3457361390382113e-06 0.8782179026539327 0.07448486884169403 59.85259628527536 34.0 -19.57001701027579 0.8232144691334078 53622.319848 53705.210446 0 38 "Covariance may not be accurate."
1400 34 0.277262 53612.49648698568 2.9713399817169472e-05 1.3936078720024883 0.093226241358354 0.0 0.024713466733373934 6.054796146219287e-06 2.117271068674449 0.18375859496607094 32.225280920943725 30.0 -18.96779582421377 0.8074358686320622 53622.369843 53705.262475 0 34 "Covariance may not be accurate."
1403 38 0.359741 53627.335772658895 2.629680555848002e-05 -2.6968860185256145 0.02343414029763058 0.0 1.2303364231411251 2.566810027694323e-06 1.5440352177210204 0.11356399659405036 31.158908873994775 34.0 -19.488876787484358 1.7005193578151392 53622.324791 53705.215148 4 34 "Minimization exited successfully."
1415 51 0.210449 53631.87544207207 5.7557590952874713e-05 0.37630773516360083 0.22071857380050508 0.0 0.5153759961831383 2.877477646517912e-06 0.679182487899666 0.05116577251593546 38.42373291647584 30.0 -19.006860864236486 0.9738292288969923 53622.342044 53705.233514 6 45 "Minimization exited successfully."
1427 34 0.338832 53614.38845496232 2.4072321196547674e-05 4.920466470298129 -0.05210824866185482 0.0 0.005649465962051181 4.633094601826372e-06 2.537386433581047 0.10991489411453048 37.352131235601746 30.0 -19.288774081414093 0.18748668416935743 53622.376356 53705.269294 0 34 "Covariance may not be accurate."
1450 72 0.399415 53639.19630860847 5.516645761175499e-06 5.999982073112054 -0.43178109468064463 0.0 1.5620538036855578 9.080819197093689e-07 1.9287496197075065 0.07530371687078818 84.11818212682563 68.0 -18.152947042805756 0.1116526211402622 53622.426581 53705.321379 12 60 "Minimization exited successfully."
1452 48 0.324156 53640.11129544536 1.7717076095643546e-05 5.99999869229147 -0.1649130255257404 0.0 0.657730261067627 1.0678628261645573e-06 0.14672508058529843 0.059345736591802034 206.05780403821888 44.0 -18.883812789282764 0.11943213171590017 53622.428597 53705.323487 8 40 "Minimization exited successfully."
1456 72 0.198268 53633.46267063264 1.2751895790613643e-05 5.999958926599271 0.6415848931466857 0.0 1.6695934546551143 9.158783646368018e-07 0.4147802758243735 0.11136449134213944 42.752136222785765 44.0 -17.344941659277147 0.1453480431917029 53622.437057 53705.332333 6 66 "Minimization exited successfully."
1457 48 0.359187 53616.38991302065 2.4050289862422857e-05 0.9038791673783511 0.08320265448866548 0.0 0.0005084896947664674 2.835248300842031e-06 1.618676659350354 0.1314458631603459 37.402022755331274 44.0 -19.39034054762076 0.8891823645433803 53622.43746 53705.333175 0 48 "Minimization exited successfully."
