analysis_pipeline/fit_results/sdss_4_salt2_2.4_blue.ecsv
# %ECSV 0.9
# ---
# datatype:
# - name: obj_id
#   datatype: string
# - name: num_points
#   datatype: int64
# - name: z
#   datatype: float64
# - name: t0
#   datatype: float64
# - name: x0
#   datatype: float64
# - name: x1
#   datatype: float64
# - name: c
#   datatype: float64
# - name: z_err
#   datatype: float64
# - name: t0_err
#   datatype: float64
# - name: x0_err
#   datatype: float64
# - name: x1_err
#   datatype: float64
# - name: c_err
#   datatype: float64
# - name: chi
#   datatype: float64
# - name: dof
#   datatype: float64
# - name: b_max
#   datatype: float64
# - name: delta_15
#   datatype: float64
# - name: tmin
#   datatype: float64
# - name: tmax
#   datatype: float64
# - name: pre_max
#   datatype: int64
# - name: post_max
#   datatype: int64
# - name: message
#   datatype: string
# schema: astropy-2.0
obj_id num_points z t0 x0 x1 c z_err t0_err x0_err x1_err c_err chi dof b_max delta_15 tmin tmax pre_max post_max message
[from data line 156]
1924 45 1.192208 53652.02834010627 5.45130519363779e-06 5.999999320590028 -0.7669890219162443 0.0 8.076322413668095 2.019864937916616e-06 0.5062767696624029 0.2088290710656736 57.81028809903898 41.0 -21.058478670379817 0.10282761593231271 53622.21349 53705.099599 12 33 "Minimization exited successfully."
1941 49 0.229542 53628.56277683613 1.6639307504547895e-05 5.285295734885199 0.7064116332426347 0.0 5.6555645363769145 4.152883118413996e-06 10.533545852933766 0.1557486481580982 57.90927989922956 45.0 -17.966967049283724 0.17883936611280404 53622.225723 53705.113694 9 40 "Minimization exited successfully."
1958 35 0.368223 53627.169749947 1.8400251338011042e-05 -4.3977153668088516 0.11178250264692435 0.0 1.5723970318467764 2.0566804701738203e-06 2.0490583358566177 0.16973153596133905 20.400109945310863 31.0 -19.160803705303692 2.4291379609553374 53622.234969 53705.123113 4 31 "Minimization exited successfully."
1978 38 0.296478 53623.18967088673 2.1769458297666857e-05 4.47786832470962 0.2707483942376647 0.0 3.583206946706923 1.7712234418265634e-06 2.642278827294443 0.10694905843821156 37.981915421259494 34.0 -18.835634201322595 0.22909163792420628 53622.253831 53705.142384 2 36 "Minimization exited successfully."
1979 36 0.285356 53625.908178879465 2.726358221361247e-05 1.3699673348078285 0.11430806236341562 0.0 2.7976683010456327 1.671443316171861e-06 1.7872088646827864 0.07878041630985078 27.72228348427405 32.0 -18.946445024342346 0.8106290592157421 53622.254249 53705.142812 4 32 "Minimization exited successfully."
1981 37 0.055563 53636.40837552115 1.8461599582453302e-05 5.9999998410808075 1.1999999999813964 0.0 1.2640872103838774 1.6553731140400697e-06 0.2767054605259114 0.1539235136607957 181.14258682506355 33.0 -14.847748067977452 0.16396413311268176 53622.257581 53705.144098 10 27 "Minimization exited successfully."
1985 60 0.199844 53626.540644006935 1.2899642423697123e-05 4.5721155930578234 0.6045384757274868 0.0 2.6025095301774854 1.8805617550787797e-06 2.857827820543843 0.1503604822701572 54.8331916891051 56.0 -17.316569601085238 0.22287897335284157 53622.258012 53705.14624 7 53 "Minimization exited successfully."
1991 41 0.313884 53628.74846497714 3.169655848652475e-05 -0.041840773187315605 0.07365360875666083 0.0 1.174962707253144 2.0393576511334984e-06 1.2207001776087103 0.06730390023389832 30.696310637908976 37.0 -19.347571813254138 1.0570273522374443 53622.268864 53705.157806 6 35 "Minimization exited successfully."
2000 34 0.022141 53608.39628636793 0.0005447314089772392 5.9999998723469865 1.1999969271383493 0.0 0.22950139864042285 6.199742057721991e-06 0.009677157978268625 0.027867718877189418 5720.245930088173 30.0 -16.470725852734873 0.1639640313430668 53622.198268 53705.084168 0 34 "Minimization exited successfully."
2002 31 0.050476 53635.077052396875 1.0757619358471305e-05 5.999998038925291 1.1999998311974647 0.0 1.6838968000265595 1.424551501480465e-06 0.36503665990724343 1.5291399968027632 74.60443921072502 27.0 -14.044828729058484 0.16396418020057624 53622.204188 53705.090151 7 24 "Minimization exited successfully."
2017 35 0.261621 53636.25669283163 4.453958475081898e-05 1.7163389764266626 -0.0802737953044822 0.0 0.6855577076894406 2.424497840217143e-06 0.712095887793613 0.05141216776234214 36.510536976677805 31.0 -19.263002887717523 0.7594740462741107 53622.239171 53705.127377 10 25 "Minimization exited successfully."
2030 47 0.232382 53616.895255502895 5.591471856781882e-05 1.0106054216443008 0.15159946843857064 0.0 2.7013759790243057 5.4680044054050696e-06 0.9181753165385373 0.06910519853193275 52.455792996331866 43.0 -19.217335395502147 0.8686676421805828 53622.19112 53705.078126 0 47 "Minimization exited successfully."
2031 48 0.151859 53637.06692981871 0.00019185080142533395 0.6502742990153365 -0.08811421747152881 0.0 0.14720848382785334 2.3624546596812167e-06 0.15395038294272068 0.01221270220047177 143.7013883441722 44.0 -19.52590559783139 0.9395478477532002 53622.191543 53705.07898 15 33 "Minimization exited successfully."
2041 35 0.208513 53608.695045763445 5.145899481110883e-05 5.363741175949649 -0.08839137579858436 0.0 0.0002040040672000032 1.3364526400655439e-05 6.355624194470627 0.18301543764688522 37.37214773366958 31.0 -18.92216060450282 0.15594470259589244 53622.214366 53705.102061 0 35 "Covariance may not be accurate."
2053 49 0.232293 53629.092372973406 1.9525354787545134e-05 -2.858272094627939 0.9876045362950385 0.0 0.8829807749207248 2.0994244678690377e-06 1.0620817210099922 0.169758394251335 38.88907181040107 45.0 -18.122851880853553 1.6023886432896433 53622.210985 53705.098243 9 40 "Minimization exited successfully."
2056 48 0.188194 53638.27531048834 5.0713988662454136e-06 5.999993705050567 1.1999999907953174 0.0 1.9364815031149192 7.099696273454861e-07 1.7439276233771501 0.5012279248227423 62.605089940349245 44.0 -16.284471578348242 0.16396431199982686 53622.21436 53705.101665 14 34 "Minimization exited successfully."
2057 51 0.210271 53635.37365679652 5.726214816253017e-05 0.458839167019498 0.18203423176427602 0.0 0.48520606818055967 2.1939948583055124e-06 0.4893356578150563 0.04464996544179045 50.69848198942542 47.0 -18.998434443545246 0.9612544497758186 53622.215204 53705.102949 12 39 "Minimization exited successfully."
2063 52 0.191544 53668.865488795826 6.26218757115593e-05 5.999998602391475 0.23967024063695064 0.0 0.4578057667495159 8.732948140494038e-07 0.031756776925520036 0.022656336122570786 1518.9255964691765 48.0 -18.962497316824194 0.1320836270917134 53622.241702 53705.129884 23 29 "Minimization exited successfully."
2064 51 0.455074 53627.37926844981 1.6726180731346798e-05 -0.7431316918164557 -0.07084795143845746 0.0 0.10950614056855557 1.2155429312893376e-06 1.475717077485637 0.07398007338412399 48.484733838682885 47.0 -19.60342534171926 1.2049924300075077 53622.222789 53705.110223 9 42 "Minimization exited successfully."
2078 39 0.322184 53626.0198072772 2.4540772836639803e-05 2.499757777207023 -0.08368836103121513 0.0 6.23150860226815 2.2787884796565686e-06 3.252293541256682 0.07347209578433728 39.59072797350991 35.0 -19.13879270262182 0.6268809342329824 53622.260953 53705.149589 3 36 "Minimization exited successfully."
2079 40 0.305008 53632.61521083522 2.5164273319734367e-05 0.7797296016728161 -0.012291905232015066 0.0 1.1198283942358103 2.6099845080335143e-06 1.447878087700471 0.08587000641740572 49.22563516797686 36.0 -19.02509664134313 0.9140594218938993 53622.261371 53705.149589 6 34 "Minimization exited successfully."
2080 39 0.102187 53607.2626230003 0.00012182240439419956 -1.0068913112029794 -0.835451751570972 0.0 0.23118054664155352 1.778604834249631e-05 0.5764415675442973 0.037222100031489846 471.10610715402305 35.0 -18.134800531853443 1.3128111735903971 53622.264282 53705.150874 0 39 "Minimization exited successfully."
2081 39 0.250159 53618.95984730848 3.856095449822572e-05 5.999995822290554 -0.08933465818536512 0.0 1.3130643070144288 1.5595715427080278e-06 8.47995646288168 0.056721956318019684 36.4946143285275 35.0 -19.080700238638194 0.12172493371503634 53622.262623 53705.151302 0 39 "Minimization exited successfully."
2092 37 0.142017 53629.55732432784 9.401263922654834e-06 -2.0557803651926116 1.199738052683529 0.0 3.3199440287316975 3.3813561044659934e-06 4.623385342351019 2.197969875379431 41.09674281566263 33.0 -16.16791138287419 1.372486466929434 53622.261772 53705.148763 6 31 "Minimization exited successfully."
2102 31 0.094009 53621.40750830214 0.00045754574449873963 0.8362432845434 -0.039133022157611386 0.0 0.500571940199734 7.094404602139278e-06 0.2499668730827782 0.0189751635768311 140.46435912621678 27.0 -19.34525554800193 0.9053933134302845 53622.193615 53705.079454 0 31 "Minimization exited successfully."
2108 30 0.118269 53607.20679092448 0.00017250173384819823 -2.051246069370933 1.1999911622679127 0.0 0.4826630397910776 4.060697000922431e-05 0.8736808627022541 1.9556298670376777 151.3764226139537 26.0 -18.895959997529204 1.3714385788559689 53622.208417 53705.093982 0 30 "Minimization exited successfully."
2109 32 0.030697 53636.00352523088 0.0001320051477041495 5.9999924953775405 1.1999775350477444 0.0 0.08649515018623788 1.3987955194516528e-06 0.005286956414551014 0.007012288750982698 2760.96950500601 28.0 -15.65527328875315 0.16396361028665396 53622.21092 53705.095265 11 21 "Covariance may not be accurate."
2116 34 0.306324 53630.880019767406 2.8093921761449537e-05 -0.17005862365868296 0.30648102085800666 0.0 1.126673167986155 2.2870738507912985e-06 1.2739001100346101 0.10039526594826653 13.922552065977106 30.0 -19.159877546353517 1.067554735333637 53622.227832 53705.115801 6 28 "Minimization exited successfully."
2118 35 0.304619 53669.91938328119 1.1811086165853802e-05 5.999999338908051 0.44575434371544076 0.0 2.285366979398532 8.637376256720447e-07 1.1412179998218974 0.1294580943387561 296.3010746489576 31.0 -18.307236928325644 0.13882904041363986 53622.232036 53705.119654 17 18 "Minimization exited successfully."
2149 41 0.294257 53624.70065741486 3.05886388081611e-05 0.3447361266914024 -0.10048151629880031 0.0 0.8067731054979959 1.9349186109773874e-06 0.796792557218291 0.06180439471720339 16.81607351419054 37.0 -19.14706355313822 0.9945019005492135 53616.359588 53704.264598 2 39 "Minimization exited successfully."
2162 60 0.171423 53629.95556952524 0.00010845041399947353 -1.3347452495416308 -0.03529181905813983 0.0 0.21614034730009735 1.9427768928903543e-06 0.20076295382992004 0.02133607143656463 56.88551741450962 56.0 -19.194735972921958 1.3338861809481948 53616.354302 53704.259086 9 51 "Minimization exited successfully."
2165 42 0.286619 53634.47079704134 3.6653225379511545e-05 1.1476106103158692 -0.06089494460304978 0.0 0.5409421657896019 1.6940658236586077e-06 0.7197368149579777 0.0451044080349004 33.506685602188625 38.0 -19.277989918756596 0.8533581702448565 53616.358772 53704.263764 6 36 "Minimization exited successfully."
2181 65 0.377208 53624.424910018635 2.121884803198415e-05 0.834664565062222 0.1386090841810277 0.0 0.010815700461535016 2.111610428686684e-06 1.6327035004914383 0.10101313107564913 100.6547037702558 61.0 -19.379956838257982 0.8986883320077297 53616.366888 53705.273528 2 63 "Covariance may not be accurate."
2183 41 0.088587 53651.83857296712 1.5094993409008328e-05 5.999999584271158 1.199999879644169 0.0 0.8324297693689005 9.109181649030738e-07 0.24896579773161776 0.34416947389233 101.36887499247106 37.0 -15.692838442618491 0.16396413666249998 53616.369358 53704.273536 15 26 "Minimization exited successfully."
2184 77 0.025254 53601.372157 0.0 5.312523627378425 -0.9465560416657358 0.0 0.0 0.0 0.0 0.0 3109.6880958836605 73.0 inf nan 53616.373816 53705.279049 0 77 "Hesse Failed. Covariance may not be accurate. Covariance not positive definite."
2190 46 0.072877 53601.39886817285 8.200382582781773e-05 5.99999996051514 1.19999999941064 0.0 4.854195732084918 3.468574454174592e-06 0.5278935305449624 0.03444048598908389 773.6574643564837 42.0 -17.082592129533833 0.16396412960615336 53616.40049 53704.306151 0 46 "Minimization exited successfully."
2230 33 0.112116 53654.47750215452 1.0840086858711073e-05 5.999921487484464 1.1999999997790831 0.0 1.679813832470245 1.4474904185307617e-06 1.3365490426152418 1.3852896524775808 78.32241010874411 29.0 -15.879577063461927 0.16396642132029982 53616.358035 53704.259905 14 19 "Minimization exited successfully."
2234 40 0.080525 53616.2950182243 1.3012807913840297e-05 0.01226743145965159 1.1997036040391693 0.0 0.034262589128047694 2.905101964005285e-06 2.6544921933875916 2.1993542223521816 62.82783629227274 36.0 -15.200938420122753 0.9791651629347484 53616.366158 53704.267982 0 40 "Minimization exited successfully."
2235 41 0.346426 53615.98181455159 2.5627695220283852e-05 1.98341186164558 -0.0029778621874425593 0.0 4.271317865990568 3.3673444974380294e-06 1.756304914495248 0.09478166809063682 38.46819416244818 37.0 -19.36820388195206 0.7132181448421235 53616.363652 53704.268832 0 41 "Minimization exited successfully."
2236 42 0.253016 53653.09234203603 2.5975926513622793e-05 5.999996422794155 -0.22817591891768985 0.0 0.520517078708508 8.863432065964193e-07 0.08487317060297528 0.04778530462070285 253.30791381677346 38.0 -18.67975585334883 0.11753501401719291 53616.367708 53704.273079 16 26 "Minimization exited successfully."
2246 67 0.194216 53634.31243977395 6.160471909965271e-05 0.17574060067695108 0.0843353741888242 0.0 0.3425062748938217 2.1090718137883886e-06 0.44996050512521446 0.0350106343909079 85.65798022947037 63.0 -18.8830721141567 1.0163621222898271 53616.44747 53704.356593 8 59 "Minimization exited successfully."
2272 115 0.471837 53673.32492067746 1.085154505319763e-05 5.423755369666214 -0.23811896862856197 0.0 1.4969744676018308 8.620946040577279e-07 2.068743829419014 0.04229410908498121 313.3536558175341 111.0 -19.29289770501788 0.1488630443653136 53616.276826 53705.179207 72 43 "Minimization exited successfully."
2280 40 0.348577 53624.531925526666 1.6895435874828557e-05 1.5091501947920651 0.15876326002623053 0.0 2.151384299755591 2.2474572873298895e-06 2.0171503582962353 0.15898589561903198 23.577549172677642 36.0 -18.93229973129909 0.7864425697664181 53616.261086 53704.162113 3 37 "Minimization exited successfully."
2290 40 0.328975 53626.03086935274 2.2831150111022325e-05 -1.6886557989716753 -0.21887388599608848 0.0 0.8670525068082497 2.01113399991293e-06 0.913643093443105 0.08330965160806703 37.32831078413466 36.0 -19.111020951303527 1.437306311563603 53616.345751 53704.250162 2 38 "Minimization exited successfully."
2292 59 0.150375 53622.7590249713 3.318006050633593e-05 5.999999750363543 0.7420250879759611 0.0 0.00023403401064570062 1.3706197631585543e-06 0.19013919880055852 0.05180980173898564 297.7135125339255 55.0 -17.728366574731304 0.1487099871996307 53616.356327 53704.261227 3 56 "Minimization exited successfully."
2297 63 0.229972 53642.89831079749 3.069526580229409e-05 5.9999999792147385 0.13352776999528104 0.0 0.48862375678072567 7.706686739367145e-07 0.053188168945650816 0.04294421312687402 205.69251572894615 59.0 -18.630161539955424 0.12867702679233872 53616.367287 53704.273126 21 42 "Minimization exited successfully."
2308 70 0.147025 53630.603342520044 0.00023874609997081133 0.6201860399296653 -0.17202099850257058 0.0 0.12209867880301317 2.8529141724936648e-06 0.1224390633162562 0.009337392188052462 221.13838261998868 66.0 -19.68748045304675 0.9482019436721671 53616.404871 53704.312501 8 62 "Minimization exited successfully."
2309 44 0.059447 53617.39590765861 0.0013782639646027894 0.3011312471984855 -0.04255614152141696 0.0 9.171911005978473e-05 1.7225692308273696e-05 0.09388370039976834 0.014886249758096215 6581.317874952092 40.0 -19.494100655616784 0.9997566028895086 53616.416594 53704.322621 2 42 "Covariance may not be accurate."
2319 60 0.159153 53601.46187202224 9.624939799738442e-05 5.99999969888934 0.28709888380038295 0.0 0.02321949740871787 2.4252041051814303e-06 0.012811708184264248 0.03752115285222857 7170.275192348189 56.0 -18.98596238308588 0.13362214421121266 53616.461872 53704.371689 0 60 "Minimization exited successfully."
2330 58 0.211788 53635.64824532487 3.280494747027407e-05 -1.528932488173652 -0.016714031593969336 0.0 0.5481283970766526 1.6848056504148466e-06 0.6127290504944671 0.0715128243799028 79.96725136857725 54.0 -18.40817280882829 1.3786341009134588 53616.330651 53704.234423 12 46 "Minimization exited successfully."
2335 61 0.18313 53682.6545626503 3.291642556987329e-06 3.357101864314142 0.8328548809960168 0.0 4.885152146591281 1.5005650159088944e-06 8.96320040662324 0.429544563301288 71.89386750677122 57.0 -15.607185378051426 0.39652499437628563 53616.398008 53704.304929 47 14 "Minimization exited successfully."
