analysis_pipeline/fit_results/sdss_4_salt2_2.4_red.ecsv
# %ECSV 0.9
# ---
# datatype:
# - name: obj_id
#   datatype: string
# - name: num_points
#   datatype: int64
# - name: z
#   datatype: float64
# - name: t0
#   datatype: float64
# - name: x0
#   datatype: float64
# - name: x1
#   datatype: float64
# - name: c
#   datatype: float64
# - name: z_err
#   datatype: float64
# - name: t0_err
#   datatype: float64
# - name: x0_err
#   datatype: float64
# - name: x1_err
#   datatype: float64
# - name: c_err
#   datatype: float64
# - name: chi
#   datatype: float64
# - name: dof
#   datatype: float64
# - name: b_max
#   datatype: float64
# - name: delta_15
#   datatype: float64
# - name: tmin
#   datatype: float64
# - name: tmax
#   datatype: float64
# - name: pre_max
#   datatype: int64
# - name: post_max
#   datatype: int64
# - name: message
#   datatype: string
# schema: astropy-2.0
obj_id num_points z t0 x0 x1 c z_err t0_err x0_err x1_err c_err chi dof b_max delta_15 tmin tmax pre_max post_max message
[from data line 691]
7847 48 0.211597 53683.045711805426 5.5124941518976955e-05 0.6646241799501045 0.1442991185924445 0.0 0.8605010015890002 2.501890307187449e-05 1.0439626863665277 0.3201882138274651 16.652140747378013 20.0 -18.97197197178784 0.9273847058220248 53616.40087 53704.30659 36 12 "Covariance may not be accurate. Covariance not positive definite. Covariance forced positive definite."
7851 21 0.569452 nan nan nan nan 7.3e-05 nan nan nan nan nan nan nan nan nan nan 0 0 "No bands in data overlap the model."
7857 22 0.369617 nan nan nan nan 2e-05 nan nan nan nan nan nan nan nan nan nan 0 0 "No bands in data overlap the model."
7858 0 0.88444 nan nan nan nan 0.004694 nan nan nan nan nan nan nan nan nan nan 0 0 "Empty table passed to fit_lc."
7876 63 0.074891 53685.377288880474 0.0008236557451129045 0.13954110586882607 -0.10672946791455462 0.0 0.09300311644983594 2.7397764970492084e-05 0.13389150253247273 0.02438346432943861 70.82729927724618 38.0 -19.460878308582497 1.0324641665054735 53616.364442 53704.268914 51 12 "Minimization exited successfully."
7882 34 0.33449 53676.981139158386 3.9498794850734155e-05 -3.9140459093164757 -0.04281785994339926 0.0 1.1058850085355516 3.0950929927515695e-05 1.563082071841073 0.7003612929960576 10.09426314246508 13.0 -19.745231524118182 2.2029377277978632 53622.37271 53705.263773 22 12 "Covariance may not be accurate. Covariance not positive definite. Covariance forced positive definite."
7884 17 0.439901 nan nan nan nan 0.000145 nan nan nan nan nan nan nan nan nan nan 0 0 "No bands in data overlap the model."
7887 0 2.030544 nan nan nan nan 0.001108 nan nan nan nan nan nan nan nan nan nan 0 0 "Empty table passed to fit_lc."
7919 46 0.318092 53663.212811699705 1.5521623496731474e-05 2.6741469845920953 0.28798207826018474 0.0 2.621648700627702 1.554051816742563e-05 2.634055582879388 0.7992854362665999 14.453526561561462 19.0 -18.61400798446777 0.586161084705914 53616.390792 53704.295988 18 28 "Covariance may not be accurate. Covariance not positive definite. Covariance forced positive definite."
7920 128 0.0709 53633.74432616938 4.9049312884341665e-06 -5.999967878963307 -0.99999890911492 0.0 4.581364891721023 6.044445748623062e-06 11.926572731039668 1.6668670199387776 142.82798014160335 82.0 -13.816564293411933 nan 53616.398437 53705.305725 15 113 "Minimization exited successfully."
7924 0 1.188136 nan nan nan nan 0.000285 nan nan nan nan nan nan nan nan nan nan 0 0 "Empty table passed to fit_lc."
7932 0 2.790382 nan nan nan nan 0.001207 nan nan nan nan nan nan nan nan nan nan 0 0 "Empty table passed to fit_lc."
7939 46 0.140939 53673.73853185471 9.991288114600927e-05 -1.408109749844118 -0.9977318214312894 0.0 2.763407101854682 3.57323377913038e-05 3.4211712105058245 2.1912690353901683 16.80006293713686 19.0 -18.687374042423613 1.4243815505349318 53616.387534 53704.292257 30 16 "Minimization exited successfully."
7947 42 0.366604 53667.120761331804 4.2359655707825404e-05 -5.999875585505601 -0.9999998942780226 0.0 2.0679882800359337 6.909727005392496e-06 9.989466344761464 1.6112035536259837 14.612624300878467 17.0 -20.100077949959868 nan 53623.175262 53704.083364 16 26 "Minimization exited successfully."
7951 63 0.117798 53679.16662373185 4.796146686348868e-06 2.126144555776108 1.1999848670366355 0.0 1.9389485900428554 3.7224914880118474e-07 1.4355286962403473 1.527212926569421 33.033740014912226 38.0 -15.001605143290067 0.6554598151810289 53623.202716 53704.112025 39 24 "Minimization exited successfully."
7954 45 0.253814 53681.976201968944 1.049880553185334e-05 -0.6630770949567992 1.1847567886626127 0.0 1.061016198113066 5.271035103031063e-06 1.4404204137979184 1.8913755665946081 13.367830285927365 19.0 -17.69242299007788 1.0956883449013972 53616.237365 53704.136008 32 13 "Minimization exited successfully."
7978 69 0.117751 53683.8089882522 1.3194253890264074e-05 5.055358253466615 0.9839420797835308 0.0 0.7405202287700376 2.556007826674533e-06 1.0417208964821487 0.14408914880375745 67.35346469959275 42.0 -16.136637333670222 0.1973644406322208 53616.449057 53704.357485 54 15 "Minimization exited successfully."
7993 0 1.76504 nan nan nan nan 0.00247 nan nan nan nan nan nan nan nan nan nan 0 0 "Empty table passed to fit_lc."
8004 41 0.349913 53666.176983300604 5.1850452391295486e-05 -3.0214501352230343 -0.9985751298794144 0.0 1.8684419457058539 1.4378889692931439e-05 2.1147325854617254 1.8024757634342918 36.43303757198391 17.0 -20.203175851327032 1.9660031609659683 53616.278493 53704.178384 20 21 "Minimization exited successfully."
8018 40 0.189337 53682.87671115276 7.2674550200657604e-06 4.112896721599089 1.1956352839076163 0.0 1.5580667919603002 2.0395646152715494e-06 2.044783635242225 1.884316260435527 12.575529638134956 16.0 -16.611342672366895 0.2681823485892778 53616.303637 53704.204487 34 6 "Minimization exited successfully."
8030 23 0.420927 nan nan nan nan 0.005 nan nan nan nan nan nan nan nan nan nan 0 0 "No bands in data overlap the model."
8046 46 0.257598 53684.26644120425 8.102734169334047e-06 3.161199565708886 1.1998429947439928 0.0 1.6335831191026955 8.059402302879046e-07 2.232938758318149 2.0527562757939046 14.153127469064264 19.0 -17.45899413546013 0.4446185019431823 53622.432651 53705.326029 38 8 "Minimization exited successfully."
8061 42 0.215124 53687.115631298104 0.00017410894437041913 3.481063529817593 -0.998588242380905 0.0 1.251641413924517 4.291243536741596e-05 1.551199887244397 2.193369008614925 29.671150165632188 17.0 -20.31716437072077 0.43814621011289034 53622.29257 53705.180503 34 8 "Minimization exited successfully."
8062 21 0.552234 nan nan nan nan 3.9e-05 nan nan nan nan nan nan nan nan nan nan 0 0 "No bands in data overlap the model."
8086 60 0.050992 53664.24509011826 6.451853612200465e-06 -3.2718139260914567 1.1999888355866806 0.0 0.769995195845695 3.6633701913868504e-07 0.8980234705177703 0.31413944119029136 69.86107720699799 36.0 -13.398981521436248 1.6838475554886436 53622.412859 53705.306179 21 39 "Minimization exited successfully."
8087 40 0.315881 53674.1235977692 4.040656421977373e-05 5.999995098097271 -0.9993874297345214 0.0 3.468465834401286 6.061579658488416e-06 8.110893276503166 2.105733095948761 17.05402221998478 16.0 -19.75060093908684 0.09744291230152058 53622.414496 53705.307447 22 18 "Minimization exited successfully."
8089 48 0.18529 53669.981716649265 5.577406419616793e-06 5.99999999607169 1.1999962899007879 0.0 1.5535342494149518 3.54519605796355e-07 0.9399445663431081 1.5686762701676167 39.88147817111988 20.0 -16.35015313039215 0.16396400681461998 53622.441513 53705.335695 26 22 "Minimization exited successfully."
8110 63 0.118376 53621.45941443188 2.982622360570564e-05 5.999999871481936 1.0625739465726705 0.0 0.7522812489296484 3.378772326717017e-06 0.5753950272672732 0.08603639212715541 1081.1639047251965 39.0 -17.08579916262844 0.15942559270720125 53616.28715 53704.188262 3 60 "Minimization exited successfully."
8114 20 0.369635 nan nan nan nan 0.000123 nan nan nan nan nan nan nan nan nan nan 0 0 "No bands in data overlap the model."
8128 16 0.438067 nan nan nan nan 2.4e-05 nan nan nan nan nan nan nan nan nan nan 0 0 "No bands in data overlap the model."
8133 0 2.647499 nan nan nan nan 0.000774 nan nan nan nan nan nan nan nan nan nan 0 0 "Empty table passed to fit_lc."
8138 20 0.396292 nan nan nan nan 9.6e-05 nan nan nan nan nan nan nan nan nan nan 0 0 "No bands in data overlap the model."
8151 51 0.011832 53688.48005004006 0.005305144611852706 1.759045137622362 0.48597541270375255 0.0 0.0001964367475011386 6.438719717260068e-05 0.01751747732939002 0.008395187402233772 15339.101407658796 30.0 -17.389289830820587 0.7358624334747326 53622.344517 53705.235182 42 9 "Minimization exited successfully."
8160 23 0.40695 nan nan nan nan 9.8e-05 nan nan nan nan nan nan nan nan nan nan 0 0 "No bands in data overlap the model."
8165 52 0.318249 53685.33726140233 1.764208517738175e-05 5.9999805885978965 -0.1465801335643514 0.0 1.4605433737669955 2.9487903592541615e-05 7.553523017359365 1.525015963162102 19.673935570072032 22.0 -18.832788088676573 0.11998837187315559 53622.462418 53705.357472 42 10 "Covariance may not be accurate. Covariance not positive definite. Covariance forced positive definite."
8195 44 0.267276 53682.92060365574 0.00012497062592273123 0.7228066492637186 -0.9923981909194608 0.0 1.642254590668017 5.488541443060158e-05 2.16527435745516 2.114662812053213 21.232974093942772 18.0 -20.484015514791984 0.9569062223615994 53616.232788 53704.131249 32 12 "Minimization exited successfully."
8196 66 0.078739 53680.62340191417 3.093598953805565e-05 -2.1265790920923417 0.6324930759024496 0.0 0.6099148288376455 7.341189251989234e-06 0.7941496886466026 0.17534370804897492 50.64821200551546 40.0 -16.032072913240597 1.458590619723033 53616.237385 53704.137247 48 18 "Minimization exited successfully."
8213 40 0.18468 53684.56248888605 1.3957146556562439e-05 0.018321303511587672 1.191404406472381 0.0 0.8905203858485038 5.573503165267613e-06 1.2866488960570934 1.9190980937479925 13.484476067799184 16.0 -17.225645548750666 0.9787262360922035 53616.306108 53704.207037 34 6 "Minimization exited successfully."
8216 44 0.289832 53680.15975387202 2.4753239742680845e-05 -2.381376287137953 0.08748645745284023 0.0 1.6058431789606402 2.6911903096784597e-05 2.1688090269077733 0.8134864510468102 10.037877680379465 18.0 -18.877870834736218 1.5948229643950533 53616.233614 53704.132138 32 12 "Covariance may not be accurate. Covariance not positive definite. Covariance forced positive definite."
8236 41 0.19232 53691.37680472325 0.0001774984586149697 4.704966811534785 -0.9993678940265521 0.0 1.3121733188854705 3.5004563170394344e-05 1.8724106867032573 2.1994965247454785 34.275820638240674 16.0 -20.089487668228205 0.1996707817285639 53616.263984 53704.163441 32 9 "Minimization exited successfully."
8254 42 0.187736 53686.36264767903 5.892331417721497e-05 0.1167019712569104 0.03307416798456164 0.0 1.2142618659599975 4.640587612613767e-05 1.6855148627519867 0.5224173704865863 18.84460667388719 17.0 -18.75223097549147 1.0297531581119976 53616.288799 53704.189132 34 8 "Covariance may not be accurate. Covariance not positive definite. Covariance forced positive definite."
8259 24 0.445611 nan nan nan nan 3.6e-05 nan nan nan nan nan nan nan nan nan nan 0 0 "No bands in data overlap the model."
8264 40 0.236019 53681.282353972674 5.358979057475954e-06 2.0623926977626983 1.1992494191526175 0.0 3.0162550173736236 9.022127120494883e-07 3.7738022594188037 2.115164652951746 21.45860513597016 16.0 -16.78828291524122 0.665519112963608 53616.306087 53704.207099 34 6 "Minimization exited successfully."
8276 22 0.471062 nan nan nan nan 0.01 nan nan nan nan nan nan nan nan nan nan 0 0 "No bands in data overlap the model."
8280 42 0.18347 53681.56346244013 0.0001514605124478119 2.126406457417305 -0.9988599333285647 0.0 2.457773843976611 3.134089966859099e-05 2.4923987839289747 2.105202894299384 15.85830206565103 17.0 -19.774131477720644 0.7099062938205662 53616.336384 53704.238695 34 8 "Minimization exited successfully."
8307 24 0.434911 nan nan nan nan 9.4e-05 nan nan nan nan nan nan nan nan nan nan 0 0 "No bands in data overlap the model."
8309 47 0.148446 53687.7091672045 7.427021077178742e-06 5.538495188411007 1.1576274531180601 0.0 1.2108286405236868 7.686727827601049e-06 1.5006933447535165 2.0762416528735894 61.297885220257385 20.0 -16.10262957061325 0.1785400052463082 53616.414954 53704.320964 40 7 "Minimization exited successfully."
8322 60 0.08378 53601.2970312595 6.8285427864489545e-06 -3.785213331205952 1.1999988818982184 0.0 4.922040549601661 1.1647554429550235e-06 1.3997826233178499 0.2661224544751156 138.49316176874143 36.0 -14.589237933925912 1.8463749047341338 53616.297029 53704.198562 0 60 "Minimization exited successfully."
8350 40 0.216735 53658.376490304145 5.149359931666542e-07 5.999999377968857 1.1997734191506173 0.0 8.04872344229807 4.171390589047253e-07 8.902776563967869 1.7822122334479764 33.70592061030724 16.0 -14.14429061206124 0.16395670973980359 53616.343312 53704.245957 16 24 "Minimization exited successfully."
8351 20 0.379574 nan nan nan nan 7.1e-05 nan nan nan nan nan nan nan nan nan nan 0 0 "No bands in data overlap the model."
8412 40 0.232846 53681.005733017264 9.02974531044598e-06 -5.998932908453246 1.1995286648007744 0.0 0.6720108500048809 1.0703646494797374e-06 6.010699771968586 1.9892752812152152 15.93560153301581 16.0 -17.314846249326425 3.1206034198346124 53623.156177 53704.06418 28 12 "Minimization exited successfully."
8421 20 0.477648 nan nan nan nan 0.000201 nan nan nan nan nan nan nan nan nan nan 0 0 "No bands in data overlap the model."
8495 40 0.21353 53690.28246569928 0.0002950681666109589 0.8995230273089643 -0.9997010246434743 0.0 1.0409785089213983 5.5880318180491774e-05 1.5114059976502467 1.603626895290164 34.938361403172685 16.0 -20.864556465572242 0.9246127436920837 53622.257601 53705.144491 34 6 "Minimization exited successfully."
8519 21 0.451073 nan nan nan nan 0.000113 nan nan nan nan nan nan nan nan nan nan 0 0 "No bands in data overlap the model."
8555 76 0.196285 53685.27513601769 3.3275641934379374e-05 -1.0781488955740253 0.15292657736451187 0.0 0.7963591083462234 2.2225259363834458e-05 1.2107917511515611 0.45005498483809425 22.098482036577714 34.0 -18.240215885500756 1.2603751269501267 53616.320867 53705.223688 62 14 "Covariance may not be accurate. Covariance not positive definite. Covariance forced positive definite."
8569 69 0.079467 53686.174466814235 2.4258432146103682e-05 3.148946761781966 1.1363066506115689 0.0 0.2727540765044978 2.8316453970989033e-06 0.45134975955344103 0.07874466963924709 249.21320456784485 42.0 -15.847017491056803 0.4510734045205673 53616.388338 53704.294327 54 15 "Minimization exited successfully."
8598 46 0.36023 53683.75733950852 4.8165747167704386e-05 -1.5798020033250504 -0.9986267831170684 0.0 2.2372933981496317 1.0754539379834727e-05 2.2678593401677514 2.1598622367868243 13.347875335357312 19.0 -20.198434492576293 1.4712005524604415 53616.428633 53704.335242 36 10 "Minimization exited successfully."
8600 23 0.436955 nan nan nan nan 5.3e-05 nan nan nan nan nan nan nan nan nan nan 0 0 "No bands in data overlap the model."
8633 0 0.6997 nan nan nan nan 8.8e-05 nan nan nan nan nan nan nan nan nan nan 0 0 "Empty table passed to fit_lc."
8644 60 0.11695 53688.4510861908 1.1203885977376649e-05 3.3723660273528857 1.0218943668330103 0.0 0.9635334064696508 3.3056607066367366e-06 1.1353713721403595 0.20720918417918177 54.088336862413854 36.0 -15.892075885827943 0.3801216079935017 53622.300852 53705.189509 51 9 "Minimization exited successfully."
8651 23 0.411273 nan nan nan nan 3.4e-05 nan nan nan nan nan nan nan nan nan nan 0 0 "No bands in data overlap the model."
8662 23 0.556918 nan nan nan nan 7.9e-05 nan nan nan nan nan nan nan nan nan nan 0 0 "No bands in data overlap the model."
8670 40 0.267718 53671.35019918469 1.7354492639354291e-06 -5.968385974818165 1.1939945867660957 0.0 3.2525568631026545 1.2619594493984423e-06 8.622908625100774 1.6205388861758678 20.59857429799262 16.0 -15.86860079171026 3.0926089084659587 53616.342506 53704.245499 24 16 "Minimization exited successfully."
8675 37 0.494785 nan nan nan nan 6.5e-05 nan nan nan nan nan nan nan nan nan nan 0 0 "No bands in data overlap the model."
8700 25 0.422248 nan nan nan nan 4.7e-05 nan nan nan nan nan nan nan nan nan nan 0 0 "No bands in data overlap the model."
8705 23 0.393173 nan nan nan nan 3.7e-05 nan nan nan nan nan nan nan nan nan nan 0 0 "No bands in data overlap the model."
8707 46 0.394074 nan nan nan nan 0.0005 nan nan nan nan nan nan nan nan nan nan 0 0 "No bands in data overlap the model."
