analysis_pipeline/fit_results/sdss_4_salt2_2.4_red.ecsv
# %ECSV 0.9
# ---
# datatype:
# - name: obj_id
#   datatype: string
# - name: num_points
#   datatype: int64
# - name: z
#   datatype: float64
# - name: t0
#   datatype: float64
# - name: x0
#   datatype: float64
# - name: x1
#   datatype: float64
# - name: c
#   datatype: float64
# - name: z_err
#   datatype: float64
# - name: t0_err
#   datatype: float64
# - name: x0_err
#   datatype: float64
# - name: x1_err
#   datatype: float64
# - name: c_err
#   datatype: float64
# - name: chi
#   datatype: float64
# - name: dof
#   datatype: float64
# - name: b_max
#   datatype: float64
# - name: delta_15
#   datatype: float64
# - name: tmin
#   datatype: float64
# - name: tmax
#   datatype: float64
# - name: pre_max
#   datatype: int64
# - name: post_max
#   datatype: int64
# - name: message
#   datatype: string
# schema: astropy-2.0
obj_id num_points z t0 x0 x1 c z_err t0_err x0_err x1_err c_err chi dof b_max delta_15 tmin tmax pre_max post_max message
[from data line 114]
1533 36 0.143081 53629.28558818633 9.52045398040502e-06 4.951778744943375 1.1981167186833135 0.0 1.1987718225864228 1.6791683193023703e-06 0.8939377041416243 1.7331635889175212 46.93228616938329 14.0 -16.26582745481826 0.20708700365149113 53622.3112 53705.199305 4 32 "Minimization exited successfully."
1535 52 0.234585 53635.637716596284 1.7134382983911012e-05 5.999999275046202 1.134608470502665 0.0 0.0007749143842374906 1.1130499555136454e-05 0.10831130460878047 1.6448785567757283 162.00489182638634 22.0 -18.134053558120783 0.16181115045863592 53622.458394 53705.35291 6 46 "Minimization exited successfully."
1545 48 0.097666 53621.46990117466 9.249621673775299e-05 -3.1960135523334996 0.23485917559724045 0.0 0.0005802603227493819 1.2892691767911188e-05 0.40979429513467336 0.10330123262604118 56.52620176126826 28.0 -17.69867577773511 1.8374680332604711 53622.364957 53705.256508 0 48 "Covariance may not be accurate."
1546 69 0.036428 53632.571216708544 3.7603201669272894e-05 5.999970495974351 1.199999940187893 0.0 0.0002794782631099224 3.429360854373418e-07 7.407064534931714 0.0033163671836300423 1595.3463426432527 42.0 -14.672862805884538 0.16396498811585403 53622.476426 53705.372945 6 63 "Minimization exited successfully."
1555 78 0.022961 53625.30472896869 6.887015542978437e-05 1.1880089140667165 0.8804259579610005 0.0 0.0012367173476377502 5.872809557767591e-06 0.16149936143256038 0.05821477738888292 794.1874998594081 48.0 -14.15926143569402 0.8110816850232396 53622.46198 53705.357938 3 75 "Covariance may not be accurate."
1576 24 0.475687 nan nan nan nan 5.2e-05 nan nan nan nan nan nan nan nan nan nan 0 0 "No bands in data overlap the model."
1577 24 0.548885 nan nan nan nan 0.000236 nan nan nan nan nan nan nan nan nan nan 0 0 "No bands in data overlap the model."
1580 48 0.183217 53633.97075223554 0.00044298626453122546 0.9036501082449746 -0.9958294223973821 0.0 0.4547973569824535 0.00010115317781757063 0.37221479767227406 1.6362789311078823 32.317924718426745 20.0 -20.933721661761762 0.9237650286023964 53622.449161 53705.343648 4 44 "Minimization exited successfully."
1583 50 0.316788 53627.984855057264 8.956656347927084e-06 -2.5080411428623646 1.182410982830517 0.0 1.4167417968237714 4.777551307513228e-06 1.1214411241091966 2.09037427139918 45.071660041171576 21.0 -18.07223133441072 1.4811312222811388 53622.455992 53705.350363 4 46 "Minimization exited successfully."
1588 92 0.14989 53615.877077141275 5.651765678960974e-05 1.4456769557488869 0.39035012695308935 0.0 0.00022118259585113265 4.2054042620991996e-05 0.5616493762092887 0.5072688317550134 130.97437796715377 42.0 -18.176609954180627 0.7890793468426125 53616.453909 53705.362511 0 92 "Covariance may not be accurate."
1595 42 0.212269 53630.60681447369 1.6562670136620605e-05 -1.6443730280441917 1.1999830983622082 0.0 0.7098945437319344 5.762244645446391e-07 0.5352611305227339 1.7568951462033722 54.01029091100247 17.0 -17.74923696799111 1.283580466185743 53623.19639 53704.104289 6 36 "Minimization exited successfully."
1601 41 0.327813 53613.74283819869 6.079694724968721e-05 5.999999442116859 -0.9980807379517697 0.0 7.3920491558965296e-06 3.4123099009255586e-05 7.465359545708771 2.1982447380150365 17.0545856786082 17.0 -20.287699530974297 0.09747111489240012 53623.209863 53704.117988 0 41 "Covariance may not be accurate."
1609 23 0.423845 nan nan nan nan 0.00018 nan nan nan nan nan nan nan nan nan nan 0 0 "No bands in data overlap the model."
1627 42 0.337473 53616.38040744289 3.846079524881807e-05 5.999969305789557 -0.999894017649922 0.0 5.8398839535984735 6.79854840062999e-06 8.433075013585253 2.050699424343396 45.65865074120438 17.0 -19.864244740347473 0.09743330483307133 53623.193853 53704.101753 0 42 "Minimization exited successfully."
1631 42 0.142885 53640.00664965511 8.538473537909041e-06 5.99999955521359 1.198764662848217 0.0 0.7979045240826963 1.069244190633478e-06 1.064295451753119 1.6149385902422893 77.79861460666923 17.0 -16.190628029226083 0.16392359282868796 53623.198495 53704.106446 10 32 "Minimization exited successfully."
1632 63 0.056351 53636.589977492644 2.7890727600446973e-05 4.629449294925305 1.1999999999028383 0.0 0.22228902064671274 4.701605318113706e-07 0.23991886914205196 0.0068932232724678855 1059.5728837448107 38.0 -15.268516843667392 0.2260909889410172 53623.198509 53704.10773 12 51 "Minimization exited successfully."
1650 40 0.302746 53620.178223232964 7.371785050707125e-06 -2.3944292716386437 1.1278806725158645 0.0 2.5938451947331487 9.858467553117145e-06 1.8355825925330076 2.1617079628518567 14.537919927880035 16.0 -17.739900043765616 1.4609132357750418 53616.294981 53704.195551 2 38 "Minimization exited successfully."
1658 40 0.275748 53638.30454874026 0.00012805790638451554 -1.2844938333736593 -0.9993012118188119 0.0 1.0054951366837486 2.2424470903770758e-05 0.9192585307927543 1.859469935139799 11.87131307855493 16.0 -20.586672555074657 1.3919432465163588 53616.306087 53704.207099 12 28 "Minimization exited successfully."
1662 22 0.205317 53632.61939943784 0.00010121530089329034 4.135617819651937 -0.9948617534459225 0.0 3.505822594554047 6.500623397289796e-05 2.7596676125662816 1.9963591186833811 12.353105009892044 7.0 -19.6244579510266 0.27174884420796985 53616.312655 53699.252015 6 16 "Minimization exited successfully."
1668 42 0.21401 53636.29408956313 6.36150929999113e-05 -5.999999563069328 -0.9999440584778243 0.0 1.7903562513638462 1.2339878716486342e-05 0.9799075981997261 2.1672156087708148 51.19728920781397 17.0 -19.19765632037073 nan 53616.330667 53704.233151 10 32 "Minimization exited successfully."
1686 76 0.135049 53624.52337015307 1.4983626045285137e-05 1.267020180968582 0.6848226137606184 0.0 0.0039233844545378815 1.7227010006911623e-05 1.0981794552696718 0.649876549228058 39.123934627483926 34.0 -16.504999226455162 0.8066536222836689 53616.319226 53705.221553 6 70 "Covariance may not be accurate."
1688 42 0.357669 53631.76847116634 5.370733507363168e-05 0.10420964174176639 -0.9996333695627068 0.0 2.3916077931353357 8.022208507897917e-06 2.1296909196686844 2.1771263291421663 18.168186869917157 17.0 -20.300337041832915 1.076459393866866 53623.19554 53704.103892 6 36 "Minimization exited successfully."
1709 42 0.143989 53649.27927837323 3.4701647081125667e-05 -5.999971448400265 -0.998295324922684 0.0 2.4634145518793957 2.2502605279736687e-05 2.1513650926507686 2.095393100699983 20.66520144183749 17.0 -17.586067695465857 nan 53616.317595 53704.21943 16 26 "Minimization exited successfully."
1740 42 0.166272 53630.80281613326 1.9702734926675403e-05 -0.6645206756148401 1.197243836256067 0.0 0.5782749162899563 2.7578129212502134e-06 0.4008540970751029 1.4697154154128356 52.62722636175619 17.0 -17.347602216364653 1.0949741638665422 53616.327828 53704.229676 8 34 "Minimization exited successfully."
1741 42 0.203484 53624.0932118878 7.828193477764644e-06 1.0129367277220354 1.1968098238184517 0.0 2.2725143515308446 2.032233670098971e-06 1.2842311265676019 1.9650700152326679 28.397238935252968 17.0 -16.834615552687218 0.823838715889849 53616.27932 53704.179241 4 38 "Minimization exited successfully."
1742 61 0.110276 53633.23482477795 1.1143380928713143e-05 5.999999868607141 1.199999522835165 0.0 0.745230613687454 3.2538285518246577e-07 0.07899716450037175 0.04211162910734623 267.4698689747471 36.0 -15.870931323850002 0.1639641166479926 53616.27973 53704.180525 12 49 "Minimization exited successfully."
1748 42 0.337892 53632.33593212341 5.9232668438677915e-05 1.1006589100915836 -0.999849882391832 0.0 0.0020458065409911796 7.1154064582390505e-06 1.785012119572329 0.12617523673241776 23.563904325144787 17.0 -20.263370224103586 0.888330800426214 53616.294174 53704.194649 8 34 "Covariance may not be accurate."
1749 60 0.074924 53626.46821270335 3.030326546178297e-05 1.9480705382704357 1.1999999950296285 0.0 0.0003777213096327614 4.510541585495115e-07 0.22973717252361592 0.003226593680729417 346.57251319648486 36.0 -15.956399002212606 0.6832370240955754 53616.294992 53704.196361 9 51 "Minimization exited successfully."
1750 40 0.258435 53626.13221560401 2.2937190268330633e-05 0.8698771727481267 0.26395051929796565 0.0 1.6541189281997504 2.0439174356681188e-05 1.3905652497147507 0.6488240988536478 15.26324814066413 16.0 -18.51462340077852 0.8876815073540882 53616.297468 53704.198072 4 36 "Covariance may not be accurate. Covariance not positive definite. Covariance forced positive definite."
1770 63 0.104044 53655.69464357163 1.697782336940179e-10 1.006913007210672 -0.7756197219774474 0.0 76.96291908709463 1.318873547661581e-06 7.976052798572575 1.4175660790918863 289.7306549826426 38.0 -3.5342881394206387 0.8994855421855021 53616.326993 53704.229691 27 36 "Minimization exited successfully."
1773 62 0.118987 53637.16663075649 9.63818091315738e-06 4.317880776036519 1.1999999996486057 0.0 0.000549878845049534 3.9619505522725563e-07 0.5838262385728994 0.016267374856319572 104.44956822412509 37.0 -15.820396705165948 0.24868190578543192 53623.18797 53704.096573 15 47 "Minimization exited successfully."
1775 42 0.302486 53634.45988120565 7.830222672466913e-06 -3.299901418700631 1.1985857585461033 0.0 1.1256573698628927 1.617034570009501e-06 1.2152465354369917 2.1628193132698073 11.612264581948734 17.0 -17.811637501306375 1.6924198136995514 53623.189221 53704.097001 6 36 "Minimization exited successfully."
1776 22 0.50551 nan nan nan nan 4.6e-05 nan nan nan nan nan nan nan nan nan nan 0 0 "No bands in data overlap the model."
1794 42 0.1407 53625.57254654952 2.253526246410842e-05 0.2545657765853697 1.194041939810686 0.0 0.8127602201348054 4.747124639377099e-06 0.4491336001479529 1.4910775997237575 28.20897280109336 17.0 -17.09613204587394 0.9406594089305571 53623.18584 53704.093594 2 40 "Minimization exited successfully."
1821 66 0.09504 53633.70831028596 1.6149550758153274e-05 5.196041614527157 1.1999999980131348 0.0 0.41447190945837065 4.0456435530355955e-07 0.408620977778706 0.008651063006157367 403.04603342189085 40.0 -15.892475269239355 0.1945965716932676 53623.163841 53704.072257 9 57 "Minimization exited successfully."
1825 40 0.155096 53620.19141826104 1.8416973420090076e-05 3.134710833999584 0.6495753801095696 0.0 2.9452546477259602 1.6976072677748478e-05 1.4703982990546582 0.5683503026910381 15.72752729554448 16.0 -17.060511945451328 0.4742250007590165 53623.182875 53704.090631 0 40 "Covariance may not be accurate. Covariance not positive definite. Covariance forced positive definite."
1826 20 0.434105 nan nan nan nan 5.3e-05 nan nan nan nan nan nan nan nan nan nan 0 0 "No bands in data overlap the model."
1832 36 0.448729 nan nan nan nan 3.7e-05 nan nan nan nan nan nan nan nan nan nan 0 0 "No bands in data overlap the model."
1835 44 0.270324 53617.50619102131 4.794034159649963e-05 2.5461510559669254 -0.05272832663353666 0.0 3.367631422344857 4.174106207855133e-05 1.9755454920696325 0.659485647043075 19.785646753717852 18.0 -19.425704765939525 0.6178647887719677 53623.171022 53704.079123 0 44 "Covariance may not be accurate. Covariance not positive definite. Covariance forced positive definite."
1902 37 0.215307 53620.52990141159 0.0002071820054695839 3.3052079067339477 -0.9839172352988367 0.0 3.042010049750388 0.0001414434386610408 1.334430603165818 2.0816241698548703 8.784095657756415 14.0 -20.505408800022416 0.4824728721634841 53622.245882 53705.132069 0 37 "Minimization exited successfully."
1903 83 0.088843 53641.13384021283 2.0773696184663848e-05 5.062249019570871 1.1999998390886195 0.0 0.1474915154503833 3.2886369206897087e-07 0.22933248837535558 0.008274165451361837 1295.224036042852 79.0 -16.0045866242543 0.20126644974748586 53616.245305 53705.144546 22 61 "Minimization exited successfully."
1906 34 0.199072 53607.18476992111 1.4075204320292967e-05 -0.40626889435778857 1.1935268278594475 0.0 62.237008629581396 5.430873973723549e-06 1.0889658813984573 2.0109264290286992 9.707956010226132 13.0 -17.41639011982726 1.0497085831142527 53622.185574 53705.071398 0 34 "Minimization exited successfully."
1924 0 1.192208 nan nan nan nan 0.001798 nan nan nan nan nan nan nan nan nan nan 0 0 "Empty table passed to fit_lc."
1941 36 0.229542 53623.92236054011 7.542626733318958e-06 2.489629567599577 1.1985311578547946 0.0 3.7702819657461077 1.586495622287187e-06 1.562213417679465 2.1066228650030903 16.20458094021 14.0 -17.09214757837418 0.5952543363654321 53622.226552 53705.112864 2 34 "Minimization exited successfully."
1958 38 0.368223 53622.634499518914 1.779515167660395e-05 0.6599841813356582 0.14179257742866191 0.0 7.145635146360291 2.7109609167391695e-05 2.6544229451639207 1.6641038584429315 9.214383864168026 15.0 -19.12717990466549 0.9282878789269056 53622.235799 53705.122284 2 36 "Covariance may not be accurate. Covariance not positive definite. Covariance forced positive definite."
1978 40 0.296478 53627.46362095603 7.64006531254302e-06 3.528056070451493 1.1962030685919833 0.0 3.255429568424006 2.035208420816392e-06 1.8028437215480526 2.0250546823503157 21.980916303837418 16.0 -17.752787499957975 0.33281054275357747 53622.25466 53705.141555 6 34 "Minimization exited successfully."
1979 40 0.285356 53627.67338249301 6.445031830757397e-06 -1.8082344762031362 1.1971311431993747 0.0 2.2494406594560132 1.6552230670063843e-06 1.6376801970575916 2.0747776350316487 33.87833961808984 16.0 -17.454861389675056 1.318508747388357 53622.255079 53705.141983 6 34 "Minimization exited successfully."
1981 60 0.055563 53635.400838365866 1.3068893494566636e-05 5.248829862598232 1.1999998201130317 0.0 0.4368683945685916 6.434636581126308e-07 0.6763577968793912 0.042517339463430615 143.0934115205324 36.0 -14.438899865566896 0.19209623437926382 53622.255922 53705.143268 12 48 "Minimization exited successfully."
1985 43 0.199844 53625.58183883917 1.3822271720905776e-05 2.2783339138865326 0.4506271691222632 0.0 6.274028589963564 1.89877222753837e-05 3.1802217844406226 0.8365811488041135 26.73308479122613 18.0 -17.342991437491406 0.6521012050397061 53622.258841 53705.14541 4 39 "Covariance may not be accurate. Covariance not positive definite. Covariance forced positive definite."
1991 42 0.313884 53627.0397317134 9.744797646723535e-06 -0.9211577468396328 1.1882980957162177 0.0 1.8354682546159893 3.964689252563547e-06 1.3434782830718803 2.011272036779683 26.097954907112296 17.0 -18.142414292344174 1.142557457156034 53622.269694 53705.156977 4 38 "Minimization exited successfully."
2000 57 0.022141 53631.54930924141 0.0002452888976741996 0.3253688963930408 1.1999999955492977 0.0 0.04874648762779543 6.601542297302075e-07 0.034397605956459465 0.0004402930197309196 12363.195846051694 34.0 -15.493441777330098 0.9291191427475489 53622.196609 53705.083339 9 48 "Minimization exited successfully."
2002 57 0.050476 53637.04176137846 7.808584494156668e-06 5.999999886764233 1.1999994373556282 0.0 0.9151944530567562 3.8081273843859627e-07 0.19353787688970492 0.05064434244279514 202.00427252041726 34.0 -13.696969108586778 0.16396411331216143 53622.20253 53705.089322 15 42 "Minimization exited successfully."
2017 38 0.261621 53636.03290852086 9.4577586515876e-06 0.7142513557928698 1.1921349320132002 0.0 1.2037955983723805 3.6079624905976937e-06 0.9829737269828644 2.010318638176728 10.465322609582113 15.0 -17.65645069591609 0.8692972126555638 53622.240001 53705.126548 8 30 "Minimization exited successfully."
2030 36 0.232382 53612.46333597376 6.607891340189576e-05 1.578244076958569 0.03136566642447303 0.0 0.00469863019316108 3.876944175588759e-05 1.283011389141533 0.4286673704121867 13.255481403069307 14.0 -19.398105216985094 0.7790417359925748 53622.191949 53705.077297 0 36 "Covariance may not be accurate."
