analysis_pipeline/fit_results/sdss_4_salt2_2.0_blue.ecsv
# %ECSV 0.9
# ---
# datatype:
# - name: obj_id
#   datatype: string
# - name: num_points
#   datatype: int64
# - name: z
#   datatype: float64
# - name: t0
#   datatype: float64
# - name: x0
#   datatype: float64
# - name: x1
#   datatype: float64
# - name: c
#   datatype: float64
# - name: z_err
#   datatype: float64
# - name: t0_err
#   datatype: float64
# - name: x0_err
#   datatype: float64
# - name: x1_err
#   datatype: float64
# - name: c_err
#   datatype: float64
# - name: chi
#   datatype: float64
# - name: dof
#   datatype: float64
# - name: b_max
#   datatype: float64
# - name: delta_15
#   datatype: float64
# - name: tmin
#   datatype: float64
# - name: tmax
#   datatype: float64
# - name: pre_max
#   datatype: int64
# - name: post_max
#   datatype: int64
# - name: message
#   datatype: string
# schema: astropy-2.0
obj_id num_points z t0 x0 x1 c z_err t0_err x0_err x1_err c_err chi dof b_max delta_15 tmin tmax pre_max post_max message
[from data line 363]
4012 50 0.02458 53647.566019230864 0.0009414172538943844 -1.2663952165835344 0.11101982576020641 0.0 0.07839783191957395 3.6247824450166334e-05 0.07363802400087582 0.1962275556798651 991.3497998689988 21.0 -17.106269328851564 1.3393277843530917 53622.458425 53705.353305 12 38 "Minimization exited successfully."
4019 63 0.17999 53652.932012957295 6.805439726823237e-05 0.48477020911442015 0.1420507360909251 0.0 0.24795079707473633 2.0962182240674734e-06 0.2967155359961513 0.033814523051074796 35.73957180580791 38.0 -18.80859085103746 0.9591031383105673 53616.315511 53704.218628 24 39 "Minimization exited successfully."
4028 40 0.343723 53646.52297670069 2.044269245811914e-05 -0.10803612085801628 -0.14431311785258194 0.0 0.9032255276833894 1.946774178502863e-06 0.943311900811326 0.07248980730399796 24.23332008782925 36.0 -19.1026452512888 1.0919113310296993 53616.342075 53704.24636 14 26 "Minimization exited successfully."
4035 117 0.426249 53649.30844313264 2.2173831833757206e-05 0.3340355943354796 -0.24771907954041417 0.0 0.4628091901249718 1.2590929337968912e-06 0.5351976855916449 0.027091296620257554 125.28780590109626 113.0 -19.745079709000727 1.0051206243928945 53616.370519 53705.277382 39 78 "Minimization exited successfully."
4046 40 0.275441 53645.62105696592 3.9841740800888874e-05 1.1312986609999633 -0.005834146054701672 0.0 0.5389215060495189 1.7158384202314854e-06 0.5425296371635815 0.04228453077825717 34.85511194571924 36.0 -19.27039688456252 0.8437656682035524 53616.297034 53704.199375 16 24 "Minimization exited successfully."
4048 62 0.433246 53653.95741603364 2.0166660750073894e-05 2.3613720111799825 -0.2110401307327766 0.0 0.5798780532059027 1.4948485868859773e-06 0.7328984354597634 0.033352932743376806 56.70758965072518 58.0 -19.688937845705222 0.618474215576132 53616.328204 53704.231847 23 39 "Minimization exited successfully."
4059 50 0.303065 53638.886925839724 2.5345744020343066e-05 0.06420029118607218 0.09613877151037009 0.0 0.892353052906401 1.8659674780213685e-06 0.8935063235273826 0.08459847254215425 35.401465667387484 46.0 -19.017127439479157 1.043417959532107 53622.47361 53705.37048 8 42 "Minimization exited successfully."
4062 68 0.151617 53638.28506981127 2.0465956514517102e-05 5.999999974507007 0.18524897466525836 0.0 0.8688056758728635 9.197670145394415e-07 0.09837076991023963 0.06696851691939565 140.52445636335992 42.0 -17.198662181405112 0.12251066683243295 53616.430999 53704.339478 12 56 "Minimization exited successfully."
4064 137 0.1557 53646.40146407681 0.00010507487541292605 -1.2726968905221545 0.07325681757528635 0.0 0.16917351871961728 1.6893798290351644e-06 0.16799428761994184 0.01905782886929086 290.3732542026721 88.0 -18.93057943421994 1.3446312127367044 53616.436618 53705.346639 39 98 "Minimization exited successfully."
4070 60 0.233825 53615.60615303713 5.946234069499345e-06 4.354068326759812 1.1999983831175651 0.0 0.026899233242147602 1.6321979313449474e-06 9.063339912079531 1.46030778371607 74.45766049560467 36.0 -16.907687804400428 0.21975651657681183 53616.34941 53704.254009 0 60 "Minimization exited successfully."
4079 46 0.370462 53638.134653689325 2.3390621900730713e-05 -0.02238148309775667 0.09165406800620657 0.0 1.1883074863362708 1.3667272806988655e-06 1.0090705915565703 0.08682921025772106 43.912571371892206 42.0 -19.438668366535058 1.0611664245591648 53616.391556 53704.298148 10 36 "Minimization exited successfully."
4110 38 0.372034 53640.494692758446 2.483598610596438e-05 0.6684437669062948 -0.1657449885008344 0.0 1.0027362233195163 1.956382693781288e-06 0.8920096087005827 0.06375207404921018 29.375895036902577 34.0 -19.517240250018542 0.9357785884619396 53622.330152 53705.220641 12 26 "Minimization exited successfully."
4138 51 0.427588 53684.502713645015 2.6456718291316683e-05 5.999999990707057 -0.2536963123168089 0.0 0.5462867507303599 8.053690877762872e-07 0.08902677940122494 0.015437673461241308 1247.9138498937436 47.0 -20.0521759074754 0.12068421566056031 53622.370668 53705.262853 39 12 "Minimization exited successfully."
4163 40 1.900454 nan nan nan nan -1.0 nan nan nan nan nan nan nan nan nan nan 0 0 "No bands in data overlap the model."
4175 42 0.278076 53642.68087530621 1.4095125562425537e-05 -3.0960953001851688 -0.3577141733344069 0.0 2.356130204439978 1.7162147712840306e-06 0.9683867560620141 0.14617764263052468 35.775514304315784 38.0 -18.16767367532814 2.0357285504160245 53622.415697 53705.310342 10 32 "Minimization exited successfully."
4181 48 0.28815 53647.183973522435 3.857218890273684e-05 3.033660331820201 -0.09393785886324679 0.0 0.4922566534005455 2.5143952876782713e-06 0.8255098132167369 0.03850781757672861 64.42543422330003 44.0 -19.357338829342055 0.4733628607545697 53622.428208 53705.323424 12 36 "Minimization exited successfully."
4206 40 0.289104 53639.80922181881 2.5019874441187807e-05 -1.8990217937366145 0.03265585085767109 0.0 0.9511805533620645 1.7265375792246962e-06 0.7149586166247066 0.09846667048212732 52.84946277279694 36.0 -18.883010878049102 1.521310055244271 53616.29705 53704.199756 14 26 "Minimization exited successfully."
4211 42 0.248729 53634.89402750132 1.4509205601809239e-05 1.796882619896527 -0.07555056957953343 0.0 1.577513616066426 2.0319641505156524e-06 1.9098336857123495 0.12405657890425825 42.62198769675888 38.0 -17.922647014581493 0.7237256466083721 53616.313482 53704.216429 8 34 "Minimization exited successfully."
4234 63 0.405 53651.622599594564 3.082978317081597e-14 -5.762552836978379 0.3460095730169226 0.0 73.97815975715275 1.6757514481213763e-07 9.321964824042372 1.761638018679309 801.845179376641 38.0 2.528335568013702 5.172285779323033 53616.329026 53704.232685 24 39 "Minimization exited successfully."
4236 42 0.342829 53653.74447534761 3.302101211070552e-05 1.0444315733826812 0.0806199288140994 0.0 0.5449882949396851 1.9755464997733836e-06 0.5959145916420119 0.059384898086774385 25.810991280670997 38.0 -19.616956659414303 0.8572451837649986 53616.317176 53704.220259 16 26 "Minimization exited successfully."
4240 63 0.465493 53643.07366878043 7.857436022697951e-06 1.6495892290313066 -0.26929644543974796 0.0 1.809301193588908 1.1676821106265668e-06 1.6081473625325624 0.07008273907729401 47.91482512397477 59.0 -18.850669122051503 0.7535335527872284 53616.340062 53704.244152 21 42 "Minimization exited successfully."
4241 40 0.330513 53638.813612915204 2.7790345226639258e-05 0.5313777914318134 0.027535829578271054 0.0 0.795228107519506 1.5933727166017597e-06 0.7067493646758227 0.06696534300043189 41.227609982385154 36.0 -19.33607862630994 0.9549611983162798 53616.34536 53704.24969 10 30 "Minimization exited successfully."
4248 63 0.170217 53623.6911402233 1.3064350210623133e-05 5.999998527342715 0.6257582478353174 0.0 1.9166951397746743 1.4386238333646829e-06 0.3373656675782133 0.12297669482743401 66.79060276211243 38.0 -17.00460213812577 0.12625046957994712 53616.369735 53704.275202 3 60 "Minimization exited successfully."
4262 66 0.220565 53645.52949765339 1.482542557709854e-05 0.5901187792126006 0.07072819522440965 0.0 1.270829011060414 1.5447316949807055e-06 1.422976238466227 0.11139837106032152 36.58664086089314 40.0 -17.647287999092843 0.942033789952287 53616.375001 53704.281143 24 42 "Minimization exited successfully."
4268 36 0.095811 53649.00926049827 2.129227134089029e-05 2.8447775080407443 1.1999998258690643 0.0 1.1443843861707137 7.996467154268715e-06 3.0217588046148345 1.919488683896979 27.2635992561195 14.0 -16.134546552681446 0.5166512493428037 53622.334259 53705.223283 10 26 "Minimization exited successfully."
4281 71 0.212157 53651.685343535115 0.00010799869176045585 0.04677291691345342 -0.05948753781484317 0.0 0.14908939533415833 3.441289801828229e-06 0.23770829253738324 0.024772169006983258 44.867231701547155 44.0 -19.707895109530217 1.0550764845865679 53616.402469 53704.309921 24 47 "Minimization exited successfully."
4304 57 0.211499 53643.80585930368 5.139003271940057e-06 -5.999996572282976 0.8593417245555353 0.0 2.0824844565286185 2.297917586928655e-06 0.7311471095393975 0.5827072066298165 85.52589954023767 34.0 -16.431662444836718 4.199671614164863 53622.399498 53705.293498 15 42 "Minimization exited successfully."
4307 36 0.270836 53648.20330342216 4.494159549203958e-05 1.9678608336082046 0.011606405398207897 0.0 0.471847337546933 2.0402119411644383e-06 0.5518589537783218 0.041225896090078096 25.860305143368663 32.0 -19.36116256371834 0.6913881044350347 53622.40719 53705.301119 12 24 "Minimization exited successfully."
4311 38 0.295144 53652.39822834108 3.636114394876433e-05 0.4195961700242625 -0.07612429967374934 0.0 0.48636734225874534 2.3678369949886574e-06 0.5455631719103713 0.05518481952331811 30.813152657403602 34.0 -19.3432187363565 0.9809174045758411 53622.412851 53705.307462 12 26 "Minimization exited successfully."
4313 68 0.390746 53641.78273659695 2.3937470471973033e-05 0.8353482307640974 -0.1436756586461252 0.0 0.7749985997506883 1.4130776090864868e-06 0.7310930815635537 0.04434682453121325 74.27392303262229 64.0 -19.602785329963645 0.9030203205652256 53622.423754 53705.318864 15 53 "Minimization exited successfully."
4341 38 0.101555 53646.21873203585 1.4501369670660847e-05 -5.9999983111113675 -0.9173726111774441 0.0 1.631808514768636 1.1069559396050256e-05 0.445908692418834 1.2412909939466548 19.248808650265882 15.0 -15.80749454730049 nan 53622.315731 53705.204475 12 26 "Minimization exited successfully."
4355 114 0.526062 53643.175321810544 8.610493076856018e-06 5.999999985539805 -0.13725033599745184 0.0 2.1545115380431525 5.824791881764431e-07 0.5832774707455801 0.03144366160383538 155.82665247040126 110.0 -19.369778331966067 0.12096333929985192 53616.356728 53705.262931 36 78 "Minimization exited successfully."
4387 61 0.802772 53649.18229805846 5.8609882324667244e-06 -1.7699411266420455 -0.5159640116505708 0.0 2.071827860116173 1.5006638680270522e-06 1.1898336136232799 0.1736537831188118 25.25434446311288 37.0 -19.977794593288827 1.5467103114245262 53616.333122 53704.23609 22 39 "Minimization exited successfully."
4409 72 0.429098 53659.59165696209 1.0682162326900447e-05 5.9999998940471855 -0.3066247722645027 0.0 0.6666494762066577 6.869833243755562e-07 0.4675118024517726 0.03596897505588165 206.6149600574943 68.0 -19.07859586560692 0.12060925594116156 53616.402056 53704.309108 27 45 "Minimization exited successfully."
4417 42 0.360538 53642.03078202032 1.5497011513083693e-05 1.5656427252954312 0.2608152189091537 0.0 1.582424165240809 1.567587823957384e-06 1.397945050887973 0.13263946237481106 26.923986760623663 38.0 -18.927054164131828 0.7595723764179994 53616.340058 53704.244167 14 28 "Minimization exited successfully."
4437 63 0.819428 53662.50279870996 6.46808499773055e-06 5.999998630367278 -0.24209738052221663 0.0 1.5694344694420579 9.083908273160855e-07 1.7013387459906646 0.09949522422208373 52.10101600674635 38.0 -20.239498460219163 0.12070508280070769 53616.358369 53704.262493 27 36 "Minimization exited successfully."
4464 48 0.831566 53658.364420085556 9.609495226235998e-06 5.999995069250716 -0.34710516407487946 0.0 1.5451932256764849 1.158749938693915e-06 2.0523070579705296 0.06921114730055783 86.19175828654086 28.0 -20.712913296403038 0.12057451139116182 53622.371885 53705.263757 15 33 "Minimization exited successfully."
4480 44 0.337394 53631.4383870903 1.6869759521604966e-05 5.999999597151515 0.24802762908565934 0.0 0.020468141843593912 9.150433529553374e-07 0.16985863592377282 0.08882970226470155 156.19955166210667 40.0 -18.953374185038918 0.12293582116338797 53616.379043 53704.284974 6 38 "Minimization exited successfully."
4482 66 0.471389 53634.526521201304 1.083229268027397e-05 5.999969322184038 -0.29157718817488665 0.0 1.0737431404886593 7.485221580361131e-07 0.8431234484444543 0.030131005133732625 94.80418354074135 62.0 -19.336977675354035 0.12062849695661626 53616.380257 53704.286246 9 57 "Minimization exited successfully."
4490 111 0.494599 53648.16683762054 1.131609000229572e-05 -1.01683322982739 0.03829391609973287 0.0 1.1242253986602009 1.2978286052622863e-06 1.0579295339726604 0.13459346419010082 99.70750115363606 107.0 -19.395967932843973 1.2846262843953475 53616.349822 53705.255665 36 75 "Minimization exited successfully."
4507 50 0.647735 53639.54796888204 1.5789444487818162e-05 5.999999938459968 0.17652469167390739 0.0 1.6183566669205902 8.953789661431114e-07 0.14076326058607602 0.10394081713628844 123.78622961506895 46.0 -20.57591146120616 0.12245464227596159 53616.409311 53704.314201 12 38 "Minimization exited successfully."
4508 75 0.568272 53662.3611224191 1.458490349576791e-05 5.999999954251033 -0.29193647772766895 0.0 0.4953040148357104 6.23661396288999e-07 0.10068535469989737 0.015731180529268307 434.16015939608474 71.0 -20.149695943026753 0.12062675056037975 53616.410117 53704.317532 27 48 "Minimization exited successfully."
4519 69 0.185525 53634.06377240333 1.4313756833340685e-05 5.999986740493922 -0.14357742530892226 0.0 0.004432969530171249 9.166957027023639e-07 1.4840310217188417 0.1052403558451806 57.21803418640949 43.0 -17.295967289571795 0.1209447539828119 53616.421781 53704.329747 9 60 "Minimization exited successfully."
4524 44 0.060897 53657.98410218204 0.002037413429967254 5.999999999951969 1.1999999999905917 0.0 0.016465551783767296 3.998833376478352e-06 0.0007293567358956921 0.00023728261296840358 34616.75555743483 18.0 -20.15191463184667 0.13329609440755874 53616.436291 53704.343195 16 28 "Minimization exited successfully."
4530 44 0.295229 53635.067220682475 2.1142746908586753e-05 -3.6029629468525153 0.00886548506578233 0.0 0.812698814093892 2.1900983326600393e-06 1.0898195531793617 0.15456558069625648 31.07817975827748 40.0 -18.75194229385958 2.196849814234316 53616.44466 53704.353678 6 38 "Minimization exited successfully."
4547 63 0.439751 53624.56116554916 2.0141217931427535e-05 0.24911109962734646 -0.06904407447038785 0.0 1.2861692520818906 1.6323272619223064e-06 0.9484409721877451 0.06832405142597886 57.77363761170757 59.0 -19.717874355223323 1.0144609600172672 53616.377414 53704.283734 3 60 "Minimization exited successfully."
4572 50 0.382993 53643.70523482284 1.929635526670026e-05 -1.757749628519286 0.052920260927237894 0.0 1.240139870413259 1.4246339434198504e-06 0.9224925485780293 0.09658553131378467 56.04414957740949 46.0 -19.313354885050515 1.4775833323658567 53616.410509 53704.317985 14 36 "Minimization exited successfully."
4577 48 0.361934 53647.8474286578 2.3597721023522756e-05 0.35884496536859345 -0.11231806206290917 0.0 0.8331432453014713 1.8499566369301064e-06 0.8192407232521126 0.05171526487035816 27.148476910321154 44.0 -19.390013223793336 0.9944577244881678 53616.416544 53704.324306 14 34 "Minimization exited successfully."
4578 70 0.412515 53643.58306017049 2.1480205235343553e-05 -0.3046344907768388 -0.15794062812289011 0.0 0.9421317189771798 1.1792039666125309e-06 0.6787660457304838 0.04235471347148462 57.191437365536636 66.0 -19.623081373316463 1.1351347260986735 53616.416544 53704.324727 17 53 "Minimization exited successfully."
4612 108 0.393403 53640.71882630546 1.2428922833509493e-05 -0.32189774511486213 0.008924472549477258 0.0 1.167687046352512 9.755208320122443e-07 0.8622385463338609 0.07842746662040506 94.57687562128962 104.0 -18.905477130490443 1.1286625195071345 53616.349023 53705.254356 30 78 "Minimization exited successfully."
4619 57 0.1788 53663.56848946439 1.3401845869402963e-05 5.999999991543451 -0.00852811810323384 0.0 2.9007812926065526 9.465798715135865e-07 0.34355200204983305 0.11168447217262117 83.81989864253049 34.0 -17.133331938878758 0.12144860856017559 53622.413664 53705.308292 21 36 "Minimization exited successfully."
