analysis_pipeline/fit_results/sdss_4_salt2_2.4_red.ecsv
# %ECSV 0.9
# ---
# datatype:
# - name: obj_id
#   datatype: string
# - name: num_points
#   datatype: int64
# - name: z
#   datatype: float64
# - name: t0
#   datatype: float64
# - name: x0
#   datatype: float64
# - name: x1
#   datatype: float64
# - name: c
#   datatype: float64
# - name: z_err
#   datatype: float64
# - name: t0_err
#   datatype: float64
# - name: x0_err
#   datatype: float64
# - name: x1_err
#   datatype: float64
# - name: c_err
#   datatype: float64
# - name: chi
#   datatype: float64
# - name: dof
#   datatype: float64
# - name: b_max
#   datatype: float64
# - name: delta_15
#   datatype: float64
# - name: tmin
#   datatype: float64
# - name: tmax
#   datatype: float64
# - name: pre_max
#   datatype: int64
# - name: post_max
#   datatype: int64
# - name: message
#   datatype: string
# schema: astropy-2.0
obj_id num_points z t0 x0 x1 c z_err t0_err x0_err x1_err c_err chi dof b_max delta_15 tmin tmax pre_max post_max message
[from data line 212]
2405 40 0.13232 53636.67523482376 9.373206000391487e-06 5.441018897749798 1.123116865387928 0.0 56.60264922573697 2.927020139186776e-06 0.18934629734598651 0.019658825466240426 110.00165573018452 16.0 -16.07388612312375 0.1816511920164814 53616.347809 53704.250596 8 32 "Covariance may not be accurate. Covariance not positive definite. Covariance forced positive definite."
2420 0 0.862303 nan nan nan nan 0.002226 nan nan nan nan nan nan nan nan nan nan 0 0 "Empty table passed to fit_lc."
2422 40 0.263492 53640.24287914041 5.80841635881002e-05 -0.4986354238030817 -0.1189049503464924 0.0 0.8660925787989981 3.526673037977435e-05 0.7179814635062809 0.4547516207233795 28.625431877468948 36.0 -19.5673893307642 1.1573035820718722 53623.308832 53704.219918 12 28 "Minimization exited successfully."
2423 39 0.187286 53640.41432876662 1.110420169021964e-05 5.892644163451127 1.1999970854978774 0.0 0.77334334403713 4.4079868883828435e-07 0.9154596897003477 1.8825145683935611 79.1315859592217 16.0 -17.118630060620678 0.16725775674455434 53616.336792 53704.239122 12 27 "Minimization exited successfully."
2437 47 0.258478 53633.587660805955 3.6681619936462798e-06 0.5888733134998372 1.1999922767265776 0.0 2.7069638130742533 4.3424433906868994e-07 1.8364112144240048 0.17351370653085407 45.40767871687022 43.0 -16.598999829930012 0.8881116668168154 53616.397632 53704.302816 5 42 "Minimization exited successfully."
2440 44 0.19029 53635.14559185177 3.7004778965810116e-05 0.4346224970788217 0.5399978621564201 0.0 1.264158124824462 0.00012312703151838133 0.623895895342562 1.8449796025782579 12.150155847958555 18.0 -18.295704565581566 0.9478511804490708 53616.42822 53704.334852 4 40 "Minimization exited successfully."
2443 40 0.088459 53607.776685031225 8.97099228832099e-05 -4.451787716700382 0.3995984051962973 0.0 0.5742587722088501 2.2086980146275853e-05 0.5937887759780669 0.17266935974053577 236.2957270128243 36.0 -17.44191621142083 2.3624965683152723 53622.266379 53705.15267 0 40 "Minimization exited successfully."
2460 38 0.087033 53607.278451693 6.815961461903441e-11 1.894277297202298 -0.9946837280705749 0.0 83.61016180900697 2.1687357231064964e-06 9.929647767848051 1.825956742174053 377.7486316465466 34.0 -2.151074074336478 0.7498347533690151 53622.278446 53705.164727 0 38 "Minimization exited successfully."
2481 40 0.145789 53630.317910598955 5.753033956871212e-06 5.999999777333684 1.1999996928962489 0.0 1.851645149410615 5.490734201968328e-07 1.3098936847880545 2.029115460139785 37.82933479878123 16.0 -15.809833351601533 0.1639641248951449 53622.276781 53705.164228 4 36 "Minimization exited successfully."
2488 33 0.169735 53634.82779030248 5.219941649874382e-06 5.9999282667157665 1.199999983395485 0.0 1.7884039549171575 4.1776172147789387e-07 0.7767822310335664 1.2774281620260435 293.4497133180058 13.0 -16.067164243508575 0.16396622279732753 53622.213927 53705.099537 8 25 "Minimization exited successfully."
2532 38 0.267696 53634.91461278905 4.3242127990849036e-05 0.46355560814756913 -0.08439522278370382 0.0 1.4894759715753025 3.879549254311887e-05 1.052733989119965 0.6582153154002595 30.556546602295512 34.0 -19.286666234393472 0.9724154080919547 53622.401959 53705.293894 6 32 "Minimization exited successfully."
2533 35 0.338803 53640.35456811449 2.7934239948281815e-05 2.249708752191033 0.08917598336446897 0.0 1.584909727498598 1.5802853281804974e-05 1.3836545047222941 0.4922763214845321 34.635642154843545 31.0 -19.406270040756574 0.6662367450781765 53622.411267 53705.30405 6 29 "Minimization exited successfully."
2539 20 0.437692 53609.31387745267 4.626981846791445e-06 5.999931621523453 0.6699984560903003 0.0 0.088260554955923 0.015068546348224071 10.022717368634027 1.9033500241055923 14.182031620192248 16.0 -18.23242193529105 0.14629969783422325 53622.272615 53705.157787 0 20 "Covariance may not be accurate."
2545 36 0.239367 53643.32363396218 5.672807727313822e-06 4.34162825239016 1.1999990214108918 0.0 0.004895863443380222 6.382459636156134e-07 1.7298352641782584 0.008724861504436188 26.198688624818836 32.0 -16.923394782950687 0.24653183125212408 53622.398301 53705.290127 9 27 "Minimization exited successfully."
2547 58 0.096588 53607.307069 9.291689639923107e-13 -2.515695207719195 -0.9600498333493174 0.0 48.996805292023055 6.815137899960245e-05 10.213067045426527 1.302350716932157 437.3532981552876 34.0 2.2803993187509874 1.7625010428029455 53622.307069 53705.196294 0 58 "Covariance may not be accurate. Covariance not positive definite. Covariance forced positive definite."
2550 0 1.15234 nan nan nan nan 0.000432 nan nan nan nan nan nan nan nan nan nan 0 0 "Empty table passed to fit_lc."
2551 36 0.247554 53628.657272555734 8.250940474380242e-06 -2.8725274195935877 0.7022445205250303 0.0 2.570564475918218 1.4737144500174828e-05 1.8375556488144045 1.8128080347313698 21.900861769447168 32.0 -17.318586734763073 1.652443018806487 53622.319867 53705.208699 4 32 "Minimization exited successfully."
2556 51 0.102927 53621.1801298018 1.5452683217298536e-05 1.490337161739486 0.8853030148528713 0.0 0.003703902639244916 4.487270010288258e-06 0.9868369081950616 0.21738704284790045 56.29947639388459 30.0 -15.91986199449262 0.7643410701242743 53622.335493 53705.225791 0 51 "Covariance may not be accurate."
2561 70 0.117406 53639.15748608497 0.00016054382073363405 -0.13086077803684137 0.16233543760694258 0.0 0.17057770579413045 7.105563774137408e-06 0.13354195706303118 0.035558692058902164 186.53063902931194 42.0 -18.725733330084296 1.0687361892463016 53622.451131 53705.34665 12 58 "Minimization exited successfully."
2569 34 0.209761 53666.0961849405 3.828171167886696e-06 4.412775784587833 1.1999999749998964 0.0 3.8911414746617083 4.2423821197845595e-07 2.9511625580588543 1.4099157832512135 43.306654046633994 30.0 -16.17534511178009 0.24058861557594824 53622.300853 53705.189081 11 23 "Minimization exited successfully."
2571 36 0.241983 53607.30953517477 1.0649850364240487e-05 -0.5204661756628051 1.1999896300381412 0.0 3.597698330628191 1.277566463189772e-06 1.8579313204349261 0.1960631876789134 34.25641476221352 32.0 -17.592067328879573 1.0691867856874993 53622.310364 53705.198497 0 36 "Minimization exited successfully."
2582 50 0.069291 53625.85388894472 8.230544697944709e-06 5.985340469771645 0.7519368324713382 0.0 0.00093937150813872 1.5649042819843025e-06 0.12710574770890215 0.18025172537475687 58.15576768819342 29.0 -14.414310261411359 0.1495591427140539 53622.360865 53705.252296 3 47 "Covariance may not be accurate."
2615 48 0.055356 53659.98209612293 1.8978905895894462e-05 -2.459375333612146 0.8547252277680519 0.0 0.6989495490743138 6.059549200635451e-06 0.8900610696338964 0.21707664407073302 707.5590027080646 27.0 -14.717817475543846 1.5149473922464374 53622.35802 53705.249252 18 30 "Minimization exited successfully."
2629 37 0.221876 53613.20391339302 0.0002336824546743399 -1.1833754273752346 -0.9252030972518552 0.0 0.002938754485512618 0.0001398072569606196 0.7361200514713748 1.3237757636661356 61.335162171424024 33.0 -20.695779930518174 1.3615941340375244 53622.397913 53705.290048 0 37 "Covariance may not be accurate."
2630 40 0.349599 53629.856541966365 1.098103269739248e-05 3.0132696483783032 0.781967090085081 0.0 0.006981146681937389 5.090887238018982e-06 1.6924561618671543 0.38323263288708276 30.553172137630128 36.0 -18.508308707480822 0.5003200781832078 53622.42218 53705.315424 4 36 "Covariance may not be accurate."
2632 50 0.295151 53607.44913939765 2.509209228407694e-05 5.999999685858445 0.19495160400121203 0.0 0.31518366298041656 2.3828985019216932e-05 2.4723569409287833 0.7268067592671503 79.42265207920043 46.0 -19.032773202951244 0.13064187163740826 53622.449968 53705.344472 0 50 "Minimization exited successfully."
2635 48 0.143104 53640.22355939934 3.905404846862859e-05 0.7099534022508607 0.9297392143413996 0.0 0.00027996803692076355 7.160162579494795e-07 0.2654674975174718 0.011243505686496458 42.00804645135675 21.0 -17.703063583215176 0.8832868014647879 53622.469238 53705.364169 8 40 "Minimization exited successfully."
2639 40 0.214887 53604.37698028227 5.2616009962183075e-05 5.999999992402239 0.5004660165457224 0.0 0.737836745352979 5.556406679579018e-05 0.0876297192770501 0.680157227572276 252.93073533236745 36.0 -19.068417897078373 0.14064203024152633 53623.22119 53704.129597 0 40 "Minimization exited successfully."
2666 48 0.056906 53649.5195158938 1.5207401793537745e-05 0.7766151681081439 1.1999969224960099 0.0 0.6638663973280927 5.616767202404332e-07 0.4555554168317788 0.05091352413412187 300.56852877149754 28.0 -14.580670195247016 0.8593907722222518 53622.343284 53705.233491 12 36 "Minimization exited successfully."
2667 50 0.094191 53614.51568087701 2.107290117044469e-05 -5.650582360819519 -0.9999997546790499 0.0 0.01274926970290835 1.0256424541558729e-05 11.352688948313057 0.30929253687650154 124.62037856405277 29.0 -16.05166005791889 nan 53622.314904 53705.20447 0 50 "Covariance may not be accurate."
2689 33 0.160352 53638.474273263 2.5259031943155596e-05 1.0747362640954616 1.1999995612023406 0.0 0.4214393216680037 6.677373665653358e-07 0.2814306192445848 0.005662078959180361 91.45258559592628 13.0 -17.53275278852665 0.8144181992501025 53622.394261 53705.285825 6 27 "Minimization exited successfully."
2699 48 0.045116 53607.40356200548 3.946950528054383e-05 -1.6082938506754711 1.1999990192264902 0.0 0.14270217205194058 1.0703857176302956e-06 0.26261936712501077 0.04721339840076055 489.1983669619534 27.0 -15.091249269327708 1.276091440414131 53622.403562 53705.296841 0 48 "Minimization exited successfully."
2718 33 0.287559 53637.79399494314 5.9119550608033315e-06 3.4148747362992413 1.1999988974099525 0.0 1.8736995541148644 5.848961781079743e-07 1.4189357084024339 1.879787471521887 27.360237841942876 29.0 -17.395346611636377 0.352364177556197 53622.384103 53705.275672 6 27 "Minimization exited successfully."
2722 52 0.015648 53630.57184997059 6.952765702690212e-06 4.806878077227008 1.1999993162228626 0.0 0.001798720251827035 0.003368280386419599 8.624820825527435 1.3547755349174682 96.3652785644335 31.0 -10.919177254189051 0.21528622974028622 53622.392207 53705.284584 6 46 "Covariance may not be accurate."
2734 49 0.302007 53640.34007311911 3.9892111980384116e-05 2.0535331788594924 0.3098473409890736 0.0 0.6993452983915631 1.4787608232836868e-05 0.6576688593222477 0.29867529068823706 35.842795828859416 45.0 -19.50734485442679 0.6933064293141769 53622.457197 53705.351621 6 43 "Minimization exited successfully."
2744 57 0.033619 53608.30134369927 4.782369170115541e-05 5.999999995851573 1.199999994469343 0.0 0.10706933797337115 5.68471358602942e-07 0.0028352158679281203 0.001329924803382676 20844.742288667865 34.0 -14.755105886894555 0.16396412841205432 53623.20441 53704.113263 0 57 "Minimization exited successfully."
2746 74 0.118293 53669.79212427795 1.1643073630903666e-05 4.383481139299093 1.1999996658499676 0.0 0.8976870520455122 3.0440818971633233e-07 0.5982302725640603 0.01703385160372206 1595.3696239369747 46.0 -16.01426547652418 0.2427949859634353 53616.406069 53704.312546 38 36 "Minimization exited successfully."
2766 44 0.149336 53609.01675419376 7.381004167406725e-05 2.56207288685502 0.4466159005582828 0.0 0.0007080033028614707 2.843117232358139e-05 0.5634175149528091 0.2505638833557481 144.23981239790646 18.0 -18.4624095564515 0.6027670872100863 53616.455506 53704.36331 0 44 "Minimization exited successfully."
2784 22 0.398676 53632.71270894221 2.534316422909688e-06 -1.8748124568089883 1.1889661739860968 0.0 7.291057638263737 3.593526950986803e-06 8.006355367484852 1.1223864059168343 8.921737826563447 18.0 -17.288166855391772 1.3338110087438828 53616.390826 53704.293904 2 20 "Minimization exited successfully."
2789 42 0.288898 53601.268549045424 9.36265683091797e-06 5.999999468843566 1.0682421423435193 0.0 0.4873555863778165 7.660840803245805e-06 0.4794305910310692 1.668029811023844 116.80906055514666 38.0 -17.985351231544485 0.15961377768884688 53616.269378 53704.168994 0 42 "Minimization exited successfully."
2793 110 0.043219 53635.11544894776 2.9104928420445874e-05 1.052599849357997 1.1999999301703568 0.0 0.20662813317176187 3.253392164026541e-07 0.1518253349378491 0.0033939125082667054 1028.8382321200563 70.0 -14.666683789260293 0.8177370909759425 53616.338008 53705.24248 19 91 "Minimization exited successfully."
2799 24 0.375668 53601.39438704286 6.6877410704035964e-06 1.569840187105747 1.1494407057422915 0.0 9.43128267252905 1.3207083148716325e-05 8.80511446055473 1.9290799729696557 21.496693742763945 20.0 -18.187658446348074 0.7423850043161551 53616.396876 53704.300265 0 24 "Minimization exited successfully."
2808 44 0.313378 53627.711579456125 8.20689472585967e-05 2.3280482427484603 -0.9343848920623012 0.0 0.014817152059549699 9.81714946965756e-05 1.6380344705261094 1.9968943063120577 49.217013317715484 40.0 -20.42290391038747 0.6738493918381394 53616.45189 53704.359578 4 40 "Minimization exited successfully."
2855 32 0.243729 53644.700698620916 1.3639175717152786e-05 0.3904720311609555 1.0693386680829748 0.0 0.9969671808357816 8.657114350995033e-06 0.8653802827372394 0.39567572520005756 18.52482956436186 28.0 -17.86303939856773 0.9263983533761575 53622.370677 53705.261205 8 24 "Minimization exited successfully."
2864 36 0.242608 53644.63247311514 5.1362433791516394e-05 0.09465269236024199 0.2041000524523624 0.0 0.7872366969713767 3.6403894519300154e-05 0.8584219500357255 0.4995327121715575 33.60361875532632 32.0 -19.231451551978658 1.0248495492643244 53622.32481 53705.213402 11 25 "Minimization exited successfully."
2871 34 0.290779 53607.351069096156 0.0001366630638964872 -0.002299326289287862 -0.9999999999398853 0.0 2.2227996278634237 3.1248626470404825e-05 2.8849478983099783 1.425898269890273 69.31593439368334 30.0 -20.791318032874504 1.098071799919012 53622.351898 53705.242006 0 34 "Minimization exited successfully."
2898 61 0.02525 53627.6796773672 2.729778331618471e-05 -1.3136692220778308 1.1999999705321032 0.0 0.3446890475934197 4.43578791094468e-07 0.22911338423367056 0.004315207294348866 227.80093363280298 37.0 -13.398594071685025 1.2166174322507644 53622.420538 53705.31419 6 55 "Minimization exited successfully."
2906 37 0.234856 53646.8123876243 1.5389144413208156e-05 5.295197101341266 1.1454892962757994 0.0 57.673950952059386 0.01056672413293196 9.135310633404698 2.0139651746681833 292.76875099031025 33.0 -17.99022402880791 0.1886904608733957 53622.404799 53705.297248 11 26 "Covariance may not be accurate. Covariance not positive definite. Covariance forced positive definite."
2913 45 0.169728 53705.3398399789 0.0002942073128149292 -5.999999676426535 -0.9999999968390617 0.0 0.04689128589598113 2.6761407867572083e-05 0.1468063838332565 0.1955372911460238 1288.4711007317171 18.0 -20.29927389402002 nan 53622.444741 53705.339011 45 0 "Minimization exited successfully."
2916 51 0.12303 53607.202530001035 2.2269022380175807e-05 5.999999958326713 1.1999999786020226 0.0 0.018222650687675923 6.255183867692742e-07 0.015116738414239883 0.014236014751201287 3680.027663317399 30.0 -16.878707707437915 0.16396412898708945 53622.20253 53705.089322 0 51 "Minimization exited successfully."
2926 33 0.302749 53636.06593938886 2.080109494479565e-05 1.8753236951602617 0.34639685798652176 0.0 1.950196118599706 1.4659362784485429e-05 1.3704852266069105 0.5343779502731514 20.889354112942364 29.0 -18.807490153494474 0.7213693309099334 53622.337951 53705.227135 6 27 "Minimization exited successfully."
