analysis_pipeline/fit_results/sdss_4_salt2_2.4_all.ecsv
# %ECSV 0.9
# ---
# datatype:
# - name: obj_id
#   datatype: string
# - name: num_points
#   datatype: int64
# - name: z
#   datatype: float64
# - name: t0
#   datatype: float64
# - name: x0
#   datatype: float64
# - name: x1
#   datatype: float64
# - name: c
#   datatype: float64
# - name: z_err
#   datatype: float64
# - name: t0_err
#   datatype: float64
# - name: x0_err
#   datatype: float64
# - name: x1_err
#   datatype: float64
# - name: c_err
#   datatype: float64
# - name: chi
#   datatype: float64
# - name: dof
#   datatype: float64
# - name: b_max
#   datatype: float64
# - name: delta_15
#   datatype: float64
# - name: tmin
#   datatype: float64
# - name: tmax
#   datatype: float64
# - name: pre_max
#   datatype: int64
# - name: post_max
#   datatype: int64
# - name: message
#   datatype: string
# schema: astropy-2.0
obj_id num_points z t0 x0 x1 c z_err t0_err x0_err x1_err c_err chi dof b_max delta_15 tmin tmax pre_max post_max message
[from data line 52]
1032 105 0.129033 53601.43862404581 7.408620008300448e-05 5.999999507152994 0.39478105362803784 0.0 0.024577108913945267 2.457690497486561e-06 0.035546488633970696 0.031307909267058176 1810.2480068372304 81.0 -18.210317096823577 0.13714717646990948 53616.438624 53704.347453 0 105 "Minimization exited successfully."
1041 113 0.065187 53601.4470430008 0.00017489831863566786 -0.7763298577897473 0.46638152790695897 0.0 0.13260830819854164 1.0063010086290298e-05 0.19760218695656073 0.03755409265097698 854.077694735727 87.0 -17.472793355212747 1.172922389134289 53616.447043 53704.356252 0 113 "Minimization exited successfully."
1112 98 0.256085 53622.37228532098 3.4734933388623767e-05 4.320022724306327 -0.004064043233917847 0.0 0.0023254820516740438 1.620232724303673e-06 0.9848869254089934 0.009098556751075237 102.73812171478274 94.0 -18.966487405849954 0.24548924974416053 53622.267208 53705.156046 5 93 "Covariance may not be accurate."
1113 99 0.055632 53634.1876533673 0.0001485812881828752 5.999999500700119 0.48731506546615 0.0 0.10638349168584682 1.8835233893382803e-06 0.009734896664572723 0.010887543233357055 4005.30911143608 75.0 -17.035446655274882 0.1402055872783663 53622.270544 53705.159045 15 84 "Minimization exited successfully."
1119 83 0.296391 53623.04927440768 3.474283087925412e-05 1.0646534561582097 -0.08810651833781014 0.0 3.6982077757165825 2.3453084737534705e-06 1.5889995753806563 0.049568453705171434 55.40828694658261 79.0 -19.3039588123919 0.868271907446097 53622.215192 53705.102995 5 78 "Minimization exited successfully."
1126 83 0.113914 53607.768915805726 0.00022661185011370379 -3.0936685414054192 -0.20544878217231244 0.0 0.6831012734219257 2.5755136030734e-05 0.3836548997854534 0.08315651128874901 171.4944545081299 62.0 -19.028463620944898 1.874584406612314 53622.225302 53705.113265 0 83 "Minimization exited successfully."
1127 86 0.076085 53668.21740843796 2.259444691714907e-05 3.114305329798313 1.1999999833793864 0.0 0.2925146891284385 3.6819175066871055e-07 0.31123172226974294 0.0011547231830002502 2180.8728729294708 65.0 -15.678237390683393 0.4586515637750992 53622.326445 53705.217254 36 50 "Minimization exited successfully."
1131 86 0.172432 53635.47510923292 1.5019082003607799e-05 5.999999870399893 0.33428549176515054 0.0 1.2315019515190215 1.230909227543098e-06 0.43074381380642013 0.08015776173712752 97.2625107730442 64.0 -17.163468424558484 0.13516172233277857 53622.237489 53705.12568 19 67 "Minimization exited successfully."
1150 95 0.456315 53683.126454284284 1.2463667367640375e-05 0.18899814693391548 -0.27356554883749107 0.0 1.2404535638997913 1.1586387903295133e-06 0.2163851521141953 0.031514362914267735 202.51252327654083 91.0 -19.295181764645562 1.031017348308339 53622.324375 53705.214737 75 20 "Minimization exited successfully."
1151 80 0.361362 53618.41818580094 3.8784480647992e-05 0.16288297035254296 -0.17617273239873643 0.0 5.175353709506453 8.627213274084446e-06 0.5716486020121438 0.11207936961667325 78.3155491036556 76.0 -19.925079781482356 1.0314256250468254 53622.368625 53705.261183 0 80 "Minimization exited successfully."
1153 78 0.338423 53630.35904444098 2.1718779441218807e-05 5.96352663031246 0.4038891879526707 0.0 0.00023509951643063687 2.311738559503396e-06 0.6556935262715875 0.08086335904694086 89.1098832338315 74.0 -19.230026897291467 0.13891474851011054 53622.370256 53705.26246 10 68 "Covariance may not be accurate."
1158 74 0.410115 53627.525982694555 2.1987946979178387e-05 -3.866441648387454 0.035488992272973974 0.0 1.0846636818532716 1.636463448058678e-06 1.0390867990275945 0.07050228485620891 60.366915788062414 70.0 -19.630043551874454 2.1595738939041524 53622.3727 53705.265437 10 64 "Minimization exited successfully."
1166 84 0.380494 53625.20552889557 2.3563119210427975e-05 5.938697717865423 0.011577853095025015 0.0 2.3716827249518246 1.6755262553047603e-06 11.521016345684954 0.046466738176468236 62.37723490473297 80.0 -19.60018709432088 0.12754873989139526 53622.351052 53705.242915 5 79 "Minimization exited successfully."
1170 84 0.32846 53609.918025346386 2.2507108199569804e-05 5.9999941415679245 0.23201012730139947 0.0 0.0009755106766533572 1.8940221309621265e-06 1.7665668418202394 0.09822382175911992 101.40841459330477 80.0 -19.185564225670475 0.1318362191009399 53622.353506 53705.245472 0 84 "Minimization exited successfully."
1174 83 2.382896 53607.36005123041 8.071779051721518e-06 0.05464014326055455 -0.47191379552864765 0.0 5.540210261486209 3.435712032311911e-05 0.41567164984064453 0.48855941219446514 6.382200463902164 13.0 -23.24584938165794 1.0655351975278116 53622.360045 53705.25229 0 83 "Minimization exited successfully."
1176 85 0.70546 53681.49554311091 1.6672852562951147e-05 1.1988594955214813 -0.3353313103498772 0.0 0.6206158380773559 9.704553136269376e-07 0.30059746024128264 0.014431329634368495 461.8297843964966 64.0 -20.761832969536815 0.853457168258263 53622.365351 53705.257399 65 20 "Minimization exited successfully."
1181 84 0.602537 53668.65802528005 1.5181457326979286e-05 0.5397947166227715 -0.501310287572683 0.0 0.5899948631740699 9.242330880532285e-07 0.14595415897962516 0.015541131358506988 502.9966613640622 64.0 -20.24739988537906 0.9752031665744347 53622.403559 53705.297263 34 50 "Minimization exited successfully."
1184 84 0.548751 53656.427960073794 2.2546426912397612e-05 1.0071760366986418 -0.478816861592832 0.0 0.4011271672825387 1.3417157800055263e-06 0.4278366036404906 0.02786976439547345 435.3124630195907 63.0 -20.429476497383995 0.8909112377116948 53622.388953 53705.282051 30 54 "Minimization exited successfully."
1196 87 0.368957 53673.540589137345 3.0799444264637544e-05 5.999998927710873 -0.17306273394998384 0.0 0.47250943230028497 7.541242792424858e-07 0.19889812896569925 0.01570121375542738 1226.5341579037863 83.0 -19.813078057592076 0.11918600857488926 53622.229522 53705.117482 50 37 "Minimization exited successfully."
1198 83 0.118439 53636.017398580014 1.1602205747617279e-05 5.988346048599643 1.1999788336393489 0.0 0.7326110972826427 4.974686245329265e-07 8.824971644729061 0.2619033424713866 238.03070351800667 63.0 -16.081078327101885 0.16430562845587815 53622.224474 53705.111918 20 63 "Minimization exited successfully."
1209 106 0.241036 53619.32590952231 5.775718328305368e-05 0.5303387153340893 0.012931046946645486 0.0 0.001241502155608032 1.8572884721096396e-06 0.44140939217652386 0.030237780405965475 91.71457795687814 102.0 -19.34086865726408 0.9563643061867388 53622.426578 53705.321395 0 106 "Minimization exited successfully."
1214 117 0.263798 53612.1922626678 4.4751483627765154e-05 0.684321846350965 -0.5178237679314315 0.0 0.5562257693563879 2.4987159814993104e-06 0.16295208089229618 0.024523390506940246 119.82024023738086 113.0 -19.30078513956024 0.9494915912957644 53622.43504 53705.330664 0 117 "Minimization exited successfully."
1223 49 1.276657 53609.66588103254 3.896767596306194e-05 0.07065222982507713 -0.3852511833026512 0.0 1.1750751445397327 5.78886907501852e-06 0.05974441449814938 0.023681046517720017 203.4998941130254 36.0 -23.279982278355767 1.058560584348072 53622.425379 53705.320083 0 49 "Minimization exited successfully."
1241 100 0.088477 53607.26345516995 0.00020140306195359336 5.999999998617442 0.4409044225330083 0.0 0.00243779897573404 3.232524652047595e-06 0.013370636745811737 0.015014906959016305 15466.465086514254 76.0 -18.420516084717875 0.13866867205963374 53622.263455 53705.152174 0 100 "Minimization exited successfully."
1243 93 0.196967 53621.37601169685 2.8968484440056176e-05 1.652381562719361 0.25214197454743825 0.0 0.005312914996466134 2.581371812603871e-06 1.0124040324997683 0.07791253367387008 108.12033433282916 89.0 -18.10245984393527 0.7602716684436501 53622.274711 53705.163741 0 93 "Covariance may not be accurate."
1248 80 0.781457 53678.91707716987 1.9071612367652647e-05 0.6790362380068036 -0.3248515251600067 0.0 0.48768690964061534 8.972807714996424e-07 0.10937893664557041 0.008943538470801315 622.7262630603545 61.0 -21.180445648209016 0.9435967897663247 53622.223204 53705.111093 55 25 "Minimization exited successfully."
1251 111 0.178299 53676.089823095805 1.1644174327638534e-05 5.999999346284865 0.6739295614379641 0.0 1.3446291967266006 8.834730089507526e-07 0.9133664228380667 0.07845726106316708 445.43574991902864 84.0 -16.992537317057597 0.14642884240688048 53622.441492 53705.33735 71 40 "Minimization exited successfully."
1253 81 0.261657 53634.40192215555 4.982905905168367e-05 -0.8705304427557818 -0.07770973722361008 0.0 0.4085191841586493 1.8443892274699886e-06 0.43652489421676366 0.031183318491275536 61.21651240211875 77.0 -19.38300081207717 1.2326956142853618 53622.224887 53705.112377 19 62 "Minimization exited successfully."
1277 87 0.143396 53624.02979422477 1.3770838127006301e-05 0.8494114552314818 0.9025600754658067 0.0 0.012955793990840903 1.6187614198104322e-06 0.7992780991123527 0.09540633069028048 104.16055662011794 65.0 -16.57356950762761 0.8627053824849042 53622.244218 53705.132026 5 82 "Covariance may not be accurate."
1281 87 0.289319 53670.63759458766 4.28083255751488e-05 5.999999999994598 0.2823582633907542 0.0 0.5762021757545881 7.709952889667362e-07 0.058828060373584456 0.02088348417265573 2427.34228810681 83.0 -19.566603283230553 0.13346793225801434 53622.243369 53705.131644 44 43 "Minimization exited successfully."
1293 97 0.979868 53648.6782511956 1.3440465855726336e-05 5.9999997916312395 -0.36851812767482006 0.0 0.551003584972932 1.0425231623384377e-06 0.17696680108534668 0.028133783530582657 244.26683235440262 53.0 -21.492009897469302 0.11344122311031057 53622.256765 53705.144923 29 68 "Minimization exited successfully."
1298 186 0.225088 53607.23287501218 8.911898457308887e-05 -0.7272941295355135 -0.1857474404007008 0.0 5.956463138474646 8.367237732869736e-06 0.5192768949989324 0.06274223136707169 635.5752881547412 182.0 -19.644271989025718 1.209237258912033 53622.232873 53705.120526 0 186 "Minimization exited successfully."
1311 89 0.260328 53619.6718534169 1.9961375533701365e-05 -3.0528247081206032 -0.15766640301223933 0.0 1.6723323323931254 2.3356062917978544e-06 1.4103489993004321 0.07774031188985092 214.81444689315413 85.0 -18.377073391516593 1.8514184250101984 53622.250905 53705.13937 0 89 "Minimization exited successfully."
1316 96 0.215653 53620.00138565429 6.473721357353024e-05 0.45660108604215033 -0.040397969138532996 0.0 1.5903027571293933 3.700179848275529e-06 0.6399761174227545 0.0334879088577098 122.86550645102753 92.0 -19.191583959822836 0.9717374615916192 53622.255925 53705.144082 0 96 "Minimization exited successfully."
1329 99 0.087806 53621.859465468515 1.533024062099764e-05 0.6018225926717671 1.1999999953551783 0.0 0.0070210826852417085 4.404397857787899e-07 0.5690312121389174 0.01213060891219997 312.7979863725984 75.0 -15.57850527830379 0.8861181661288811 53622.263862 53705.152221 0 99 "Minimization exited successfully."
1351 88 0.174548 53617.592108397665 5.514833007960629e-05 -1.1419562004909638 0.19032908431482998 0.0 0.005372928098950069 3.5367998652685607e-06 0.635379007419588 0.05375276790644379 95.6111717280371 67.0 -18.505957515549717 1.2712736759440695 53622.331796 53705.22235 0 88 "Covariance may not be accurate."
1354 95 0.247914 53622.521462329205 2.5774735871268994e-05 -0.7207170668253511 0.17695929423234524 0.0 2.5939658653805964 2.4090590140424255e-06 1.1876818729149234 0.07578352696360935 80.12615718195178 91.0 -18.535203236013945 1.1831515936355501 53622.31119 53705.201021 5 90 "Minimization exited successfully."
1364 83 0.217423 53632.41301952317 3.70249415746704e-05 5.999981824018306 -0.0028872093393298437 0.0 1.0349270648257516 1.0937015239503853e-06 1.3719073921329814 0.036953411078015364 160.33127049651102 79.0 -18.69277762370909 0.12438650743181512 53622.378811 53705.271356 10 73 "Minimization exited successfully."
1371 98 0.117969 53633.294764398146 0.0003737843921966533 0.7888193394616092 -0.08055249016516974 0.0 0.08828155463561416 3.1682968042695645e-06 0.08602063854188335 0.00710957642751997 488.191561194042 75.0 -19.654023339970085 0.9151443934618158 53622.296297 53705.18563 10 88 "Minimization exited successfully."
1372 83 0.067849 53636.88341649858 3.888901239364251e-05 5.999999852330131 0.7821307137844293 0.0 0.29101142894432996 1.7739565735375146e-06 0.01634668375887216 0.0370978407925483 1711.19120372102 62.0 -16.056176320836173 0.15005434692216468 53622.38897 53705.282396 15 68 "Minimization exited successfully."
1378 93 0.124747 53626.497126188624 2.4681709507781147e-05 1.0631632093044168 0.5479769329910502 0.0 1.0597866434545722 1.7933811482112605e-06 0.7040718194213964 0.06001021410513674 104.61649459561059 70.0 -16.85061817340783 0.844446157099668 53622.395462 53705.288758 4 89 "Minimization exited successfully."
1385 83 0.335346 53625.80828894481 2.9667587676018847e-05 0.6295290060923389 -0.1059850257061331 0.0 1.6863658318725356 1.8790982813815531e-06 0.9584396132855115 0.052300531077302426 59.42049272301939 79.0 -19.443594292432383 0.9439100709902739 53622.349422 53705.241177 5 78 "Minimization exited successfully."
1395 83 0.184968 53622.66957526816 8.670465712819709e-05 -0.9389392748428858 0.050980311791330335 0.0 0.9896851918310858 3.1186561428425664e-06 0.5196555595310759 0.032155854069730094 97.70842013257914 61.0 -19.13520198301676 1.2381143726810855 53622.319024 53705.209591 5 78 "Minimization exited successfully."
1396 85 0.271554 53633.64616500558 3.09033384071955e-05 5.999999866410068 0.3104893238340365 0.0 0.001494146588811418 1.2388867756374373e-06 0.10533488325726204 0.04393817947796319 208.6030971859313 81.0 -19.056005788172357 0.13438425647513697 53622.319848 53705.210446 10 75 "Minimization exited successfully."
1400 84 0.277262 53623.51690859502 1.842727123702259e-05 1.9288865606406373 0.43372830349904423 0.0 2.929360691428883 3.3304948097351287e-06 1.650720312861409 0.11132125331813947 131.41295181641846 80.0 -18.459543050319546 0.71014690486669 53622.369843 53705.262475 5 79 "Minimization exited successfully."
1403 79 0.359741 53627.76696749787 2.4687641999908695e-05 -0.8796460854670691 0.1759698255168043 0.0 1.2165776039400953 2.032223143758615e-06 1.1473498995410312 0.08298143002448499 76.0571264914165 75.0 -19.422764940040395 1.2161367383147237 53622.324791 53705.215148 8 71 "Minimization exited successfully."
1415 80 0.210449 53631.91430832294 5.620498100059268e-05 0.8111661516239561 0.19592283558086154 0.0 0.4659304419219552 2.268659442208887e-06 0.4840724032761692 0.03191137104803432 99.04125495667483 76.0 -18.980843506195285 0.9003172709946163 53622.342044 53705.233514 10 70 "Minimization exited successfully."
1427 80 0.338832 53614.3923502972 2.7249546777547985e-05 4.0084160954888794 0.05310531942245289 0.0 0.009995263539167354 3.6642112172330356e-06 1.867979045270669 0.08348415763003214 79.33499691749427 76.0 -19.39736253695483 0.28277515341154214 53622.376356 53705.269294 0 80 "Covariance may not be accurate."
1450 111 0.399415 53648.35346195961 7.661314535191145e-06 0.8702668705383303 -0.4470429304801097 0.0 1.429452498381579 1.0009729071375204e-06 0.26375245237281764 0.028783128407673553 129.71669582346382 107.0 -18.429621231870698 0.9139420335862738 53622.426581 53705.321379 30 81 "Minimization exited successfully."
1452 111 0.324156 53664.82581594531 1.4268411374961376e-05 0.629584694483821 -0.459188675499443 0.0 0.8306882631768531 1.0093309939279702e-06 0.290318733700734 0.029630948490156683 516.0647654510935 107.0 -18.573001754569095 0.9573406367054531 53622.428597 53705.323487 49 62 "Minimization exited successfully."
