analysis_pipeline/fit_results/sdss_4_salt2_2.4_all.ecsv
# %ECSV 0.9
# ---
# datatype:
# - name: obj_id
#   datatype: string
# - name: num_points
#   datatype: int64
# - name: z
#   datatype: float64
# - name: t0
#   datatype: float64
# - name: x0
#   datatype: float64
# - name: x1
#   datatype: float64
# - name: c
#   datatype: float64
# - name: z_err
#   datatype: float64
# - name: t0_err
#   datatype: float64
# - name: x0_err
#   datatype: float64
# - name: x1_err
#   datatype: float64
# - name: c_err
#   datatype: float64
# - name: chi
#   datatype: float64
# - name: dof
#   datatype: float64
# - name: b_max
#   datatype: float64
# - name: delta_15
#   datatype: float64
# - name: tmin
#   datatype: float64
# - name: tmax
#   datatype: float64
# - name: pre_max
#   datatype: int64
# - name: post_max
#   datatype: int64
# - name: message
#   datatype: string
# schema: astropy-2.0
obj_id num_points z t0 x0 x1 c z_err t0_err x0_err x1_err c_err chi dof b_max delta_15 tmin tmax pre_max post_max message
[from data line 254]
2799 118 0.375668 53619.74856560987 2.1340962808974463e-05 -0.372757235846664 0.1109263833969878 0.0 2.204842991402984 2.309945255183354e-06 1.6131495837030059 0.10054109216135465 57.36213106811731 67.0 -19.37447364428653 1.118064406223386 53616.394387 53704.301094 5 113 "Minimization exited successfully."
2808 114 0.313378 53627.70767059079 3.287973606108108e-05 0.9075031721048781 -0.06495571568659875 0.0 0.0007123669056454673 1.5217041077791898e-06 0.5754185428060383 0.03681477556486373 50.7277414430051 65.0 -19.383901481949213 0.8941630398105538 53616.451061 53704.360407 10 104 "Minimization exited successfully."
2813 115 0.066556 53671.135712742645 1.1079227894498223e-05 5.999999869364393 0.7793679406259901 0.0 0.7214913099523983 1.4514369723223071e-06 0.3550626863358062 0.11932895875808913 654.390558742792 65.0 -14.648812667167881 0.14996173110927558 53616.424975 53704.333595 65 50 "Minimization exited successfully."
2855 80 0.243729 53644.01026066358 5.660245017189758e-05 0.6511063415031275 -0.02024358831235573 0.0 0.4304001463133318 2.255741478709437e-06 0.4076473029316823 0.03423409731652616 31.184893400700723 44.0 -19.346445130664275 0.9366382499425505 53622.369848 53705.262034 20 60 "Minimization exited successfully."
2864 95 0.242608 53644.8036510713 6.404183592373936e-05 0.3040886332218671 0.023042138143587243 0.0 0.36599604043294676 2.9843946858809666e-06 0.4216616690592305 0.031847915848811414 57.100807965811015 53.0 -19.468896988915837 0.9961445876534505 53622.323981 53705.214231 30 65 "Minimization exited successfully."
2871 85 0.290779 53633.52021838905 2.934071223431145e-05 -1.0933953414299467 -0.0035583671860874855 0.0 0.8066907851789438 2.158294966391751e-06 0.915531944532388 0.06359657497501103 62.53551482696923 47.0 -19.070714683451705 1.276125803152464 53622.351069 53705.242835 10 75 "Minimization exited successfully."
2898 110 0.02525 53628.122165353576 2.6372973790761424e-05 -1.4250397492122744 1.1999999962436734 0.0 0.0014550314699590672 4.272338861077699e-07 0.2244845085394851 0.0018486136948443477 336.4006646449726 62.0 -13.36109327078993 1.2387601998645934 53622.420538 53705.31502 10 100 "Minimization exited successfully."
2906 95 0.234856 53641.41462515569 0.00013103077597512392 -2.2955470561972877 -0.17443123871411736 0.0 0.16945047621629783 1.5640086000906516e-06 0.11369287598583222 0.014424345910669656 301.2376102380829 53.0 -20.166167328369983 1.6010889353016573 53622.40397 53705.298077 25 70 "Minimization exited successfully."
2913 119 0.169728 53652.12779129625 1.2486388531783854e-05 5.999939268190847 -0.2971361521255024 0.0 1.1160872440377716 1.2158817536117584e-06 6.052529461970895 0.10296433274663586 1431.1335673917245 68.0 -16.912347270276715 0.11550558348879747 53622.443912 53705.33984 35 84 "Minimization exited successfully."
2916 94 0.12303 53643.95264605864 0.00013353260276313783 -0.39117523418422806 0.1714651782058938 0.0 66.08419759645767 0.011582529270191419 8.429399352466334 1.5782748073472121 146.870891139916 53.0 -18.63540959571042 1.1178651134871238 53622.20253 53705.090151 25 69 "Minimization exited successfully."
2926 85 0.302749 53637.271409786816 3.8722653544661646e-05 0.3650584754332886 -0.0866105772806609 0.0 0.6844655871100258 1.9533101425644993e-06 0.6056107981612051 0.04179178374524456 43.4444380393234 47.0 -19.4743670021267 0.9902021086781403 53622.337121 53705.227964 15 70 "Minimization exited successfully."
2928 85 0.148851 53644.88972902386 7.584087866924661e-05 0.18074333302672763 0.06396056026763275 0.0 0.29782430013801786 2.9210668886553486e-06 0.3786036148652192 0.027722205021547763 124.2561004766587 47.0 -18.470191757327434 1.0164766431019707 53622.338763 53705.230099 25 60 "Minimization exited successfully."
2929 190 0.118996 53644.305834757935 5.2170870588716945e-05 2.6149597428842224 0.20443459398513464 0.0 0.00022441659893956967 1.4080617684203455e-06 0.30759931503833116 0.022583486349532778 449.72856752996336 110.0 -17.54131575148312 0.5992267940492333 53616.336779 53705.241635 65 125 "Minimization exited successfully."
2943 85 0.264048 53640.41358274952 4.6761926576487366e-05 0.49115643910581674 -0.02277469149013933 0.0 0.5141746053304814 1.479382126217676e-06 0.4145637698751141 0.033130495672372806 47.951513067736165 47.0 -19.3372338442381 0.9648309938348874 53622.37391 53705.266334 25 60 "Minimization exited successfully."
2970 95 0.082938 53635.254212052416 0.00018420516859176008 5.999999366824552 0.22453014614376499 0.0 0.10246041179198073 1.6725537574274795e-06 0.014677603263358208 0.009311928873641517 5188.164191699806 53.0 -18.163095070132023 0.13159447662317447 53622.397476 53705.291364 15 80 "Minimization exited successfully."
2986 90 0.045116 53629.10039866378 2.1263875581464252e-05 0.6666937363802443 1.1999999113570747 0.0 0.00039069254853529856 5.479557809223721e-07 0.386345304660904 0.006455945042471267 336.4244463751241 50.0 -14.421699866017843 0.8761616349807504 53622.403562 53705.29767 10 80 "Minimization exited successfully."
2992 113 0.126077 53641.21452612175 0.00012939819049335833 -0.9623494113602726 0.17583018349964696 0.0 0.09888955333008198 2.1174976742921513e-06 0.12109312384652071 0.015218967028912345 138.53011093548952 65.0 -18.658515928209784 1.233627719149812 53622.475621 53705.372955 20 93 "Minimization exited successfully."
3049 95 0.165342 53645.360367933026 0.00011532500988199247 0.4740902215827818 -0.027027492284886323 0.0 0.2036159784765914 5.827514662471444e-06 0.35594457031403914 0.02948690859084352 73.64049654353148 53.0 -19.175919114983785 0.9680421829196 53622.24296 53705.130741 25 70 "Minimization exited successfully."
3050 94 0.09956 53645.7363555521 4.4520529462405146e-05 2.6516789866238124 0.5091402940345267 0.0 0.4176840338477632 3.7871947239964686e-06 0.5329993828509041 0.05207574050999442 237.06573735953822 53.0 -16.965581470148912 0.5846816378174822 53622.243379 53705.131169 24 70 "Minimization exited successfully."
3063 99 0.09047 53625.72807615768 0.000173235391356813 2.682551997759747 0.19053408207720945 0.0 4.251152859069407e-06 3.478784620412624e-06 0.2228677462741233 0.01796399349685396 2720.109391054663 58.0 -18.20724357712068 0.5870179363521935 53616.334351 53704.238183 8 91 "Covariance may not be accurate."
3065 99 0.154383 53629.247847529565 1.579825815489988e-05 -0.8445246716359138 0.457332915002872 0.0 1.2503043027536478 1.963055895694566e-06 1.179327440678511 0.10114637883263855 55.036610752200616 56.0 -16.8641950920957 1.1872574944211038 53622.261788 53705.150017 15 84 "Minimization exited successfully."
3077 197 0.244054 53648.46659421807 6.431140597265794e-05 -0.12589973560348255 0.06306146644481658 0.0 0.21341871823460679 1.6426181518608434e-06 0.21159059247451806 0.02078765978280317 135.51682652848598 115.0 -19.488029962239942 1.0734317841995633 53616.22651 53705.127361 60 137 "Minimization exited successfully."
3080 105 0.173146 53647.66480329881 0.0001276354146233416 0.12436324359664042 -0.030256781521179055 0.0 0.1361842756268743 2.1278390578449745e-06 0.1834982921042032 0.013031269093928433 46.66377550072725 59.0 -19.396418993401426 1.031525556267468 53616.358374 53704.263306 40 65 "Minimization exited successfully."
3087 105 0.164306 53648.9005224533 0.00012596482182079095 0.5827993446463164 0.020554368595454342 0.0 0.1333906812906207 2.2538605770583387e-06 0.18298356654091696 0.013570814481145943 53.27207647176201 59.0 -19.25677989394044 0.9468429329258328 53616.367708 53704.273079 40 65 "Minimization exited successfully."
3092 141 0.113517 53668.73470717286 2.875283882775026e-07 -5.999999996623657 1.1999777404184253 0.0 4.065894551189558 2.946576041917837e-07 2.6714716140091204 2.191661660389052 463.62189351103984 82.0 -11.852680020533693 3.1213646403859308 53616.269377 53704.170679 73 68 "Minimization exited successfully."
3150 209 0.33168 53634.29418870139 1.992060543300367e-05 -0.13051483733109404 0.07882090434852307 0.0 0.6889389782918443 1.3489426780000092e-06 0.7290709916309908 0.058842367071195834 94.98254605169042 122.0 -18.982588162671128 1.0734212491883426 53616.24155 53705.143178 40 169 "Minimization exited successfully."
3159 95 0.405 53645.00641245483 2.262804634066695e-05 5.999999992493844 -0.046999502432221285 0.0 0.7293316298564605 9.397399390786985e-07 0.17421676276557374 0.04959686191165047 238.59872362986644 53.0 -19.718041997472845 0.12302177429386063 53622.237923 53705.125617 25 70 "Minimization exited successfully."
3161 105 0.370041 53642.74636031765 1.5478576297383028e-05 -1.1419612152674548 0.12426856902351746 0.0 1.4116091223186231 1.6643859044501711e-06 1.154497420784406 0.11221027521240867 49.72588976287545 59.0 -18.986958179076993 1.27671033329133 53623.187532 53704.097053 25 80 "Minimization exited successfully."
3172 193 0.315382 53615.43370043638 2.372740798727957e-05 0.39853341549924437 0.17369323926406444 0.0 4.940955477650277e-05 1.9828554938589036e-06 1.0587465584500984 0.06561630852684519 134.38302743359262 110.0 -19.046824757329425 0.9721962924325567 53616.246542 53705.146605 0 193 "Covariance may not be accurate."
3175 115 0.220288 53630.40888454471 3.590275916528496e-05 1.6534699028141935 -0.0043562350385046855 0.0 0.5521818228917255 1.6821625272211957e-06 0.515215189881002 0.039312786217535756 88.86558763605842 65.0 -18.604687528074056 0.7677171221697172 53616.433033 53704.341501 15 100 "Minimization exited successfully."
3180 104 0.245505 53642.51335510585 2.9129216489381938e-05 -0.8913332214416947 0.27056628034198416 0.0 0.5986710823381145 1.3865332377144278e-06 0.5114812933023631 0.044502735335740784 80.69630376415746 58.0 -18.646076761681453 1.2113716714090508 53616.331478 53704.235245 34 70 "Minimization exited successfully."
3193 110 0.528563 53608.99730809274 3.607978872446127e-05 -0.9580690807410743 -0.4993087045229204 0.0 1.5156840983399889 4.95752320065823e-06 0.2153435998838935 0.03149994863412636 245.7970562207163 63.0 -20.840845926760366 1.28072339411111 53616.231921 53704.132157 0 110 "Minimization exited successfully."
3195 104 0.298507 53636.7085189552 3.306979654206899e-05 -2.3927055115836517 -0.12091681745464045 0.0 0.4936022988767945 1.572521093866629e-06 0.5555878847733795 0.045715925630625764 58.83713746872369 58.0 -19.266461927908942 1.6237647268592035 53616.33556 53704.239936 24 80 "Minimization exited successfully."
3199 207 0.249612 53647.40952648991 3.868061820661017e-05 1.6052049671447532 0.0531978271045217 0.0 0.35654875578620704 1.2846809948485754e-06 0.3647013182694465 0.02660147073585939 128.08240646086892 121.0 -18.993176593862216 0.7739690016279717 53616.238193 53705.139814 60 147 "Minimization exited successfully."
3203 100 0.695643 53643.13235575299 8.716375655563047e-06 0.02550341686828972 -0.38271125204094236 0.0 1.5875756358145736 1.0031160845952466e-06 0.17324757525472956 0.024522591017882678 143.35690699042445 56.0 -20.02092513597856 1.067164916291432 53616.345751 53704.250162 30 70 "Minimization exited successfully."
3206 185 0.415501 53635.06744775338 1.6546846492371258e-05 -0.24610233143954474 -0.1484366164554597 0.0 0.806024638692179 9.60431211037837e-07 0.783488213820827 0.05082869155512976 113.34300837739 107.0 -19.357455782443004 1.1083900283590005 53616.349008 53705.254829 30 155 "Minimization exited successfully."
3225 110 0.34057 53632.75939910624 2.158899573439066e-05 0.3193765101683237 0.0872304062867566 0.0 1.2149968941121188 1.75949493949168e-06 0.9938363750122319 0.06051698910388004 67.55982455192688 62.0 -19.137335904819164 0.9903453740976396 53616.375795 53704.281613 15 95 "Minimization exited successfully."
3241 95 0.257823 53646.87089811584 4.791016278281713e-05 0.787614428380202 -0.08791833764858559 0.0 0.3658216625262867 1.7492334959462444e-06 0.3989094565493052 0.032449302028608296 60.00295301378173 53.0 -19.30495256931331 0.9156351218327963 53622.193232 53705.080721 30 65 "Minimization exited successfully."
3246 75 0.336281 53637.27336931851 1.8360424284910025e-05 5.99999993692645 -0.07650237998556242 0.0 0.9521080381127831 9.102356331092141e-07 0.18607664319226735 0.051096509107398325 129.7220779626066 53.0 -19.015905742057555 0.1221166209295923 53622.208874 53705.096105 20 55 "Minimization exited successfully."
3248 90 0.650291 53651.96828021189 2.4374918253585732e-05 0.6478822782076765 -0.45128629188033564 0.0 0.3735033481098071 1.3287183086319048e-06 0.06306734812556547 0.013305706673695405 406.05451363174666 50.0 -20.961408859701734 0.9537539888414805 53622.210563 53705.097816 25 65 "Minimization exited successfully."
3256 95 0.106938 53652.34444194029 0.00021783549824758942 -0.4940537760566208 0.05028279347604503 0.0 0.20265074865528732 7.16366436315951e-06 0.13893888183674896 0.022276551214537976 105.41982063603854 53.0 -18.837547699828225 1.1458404024137643 53622.240019 53705.128203 25 70 "Minimization exited successfully."
3265 99 0.405 53653.8237971384 1.6890000131151162e-05 5.999999984064544 -0.2781240505047121 0.0 0.8252799107322062 9.807006815509822e-07 0.2086186297447199 0.04275596351034405 345.0621346017141 56.0 -19.400421848523624 0.11605912527052098 53622.268043 53705.156903 29 70 "Minimization exited successfully."
3271 104 0.625249 53677.63321891602 1.0549143649873916e-05 5.347344970484656 -0.3168138051134848 0.0 0.3509631186389015 1.0165964859493177e-06 1.7935462811404648 0.027373877706698246 301.9553663715192 59.0 -20.00055702116129 0.15223360868661828 53616.329016 53704.232717 79 25 "Minimization exited successfully."
3293 116 0.131102 53623.78798250365 9.760030310032031e-06 3.9964538150764994 1.0972441070282546 0.0 0.0033981752822001 5.667738436648805e-07 0.8171408803689042 0.06876044416397553 146.15991788195393 66.0 -16.037167675037868 0.2803797925704892 53616.419359 53704.327253 5 111 "Covariance may not be accurate."
3294 108 0.121619 53645.06889624642 5.362582443574126e-05 3.930281507179064 0.37281716560457423 0.0 0.37643009455132415 1.5788436226088508e-06 0.39178281347512556 0.02356188451703123 503.9112258360103 61.0 -17.644867282425146 0.29089468150645104 53616.373355 53704.279099 40 68 "Minimization exited successfully."
3317 114 0.159901 53646.4365645521 0.00012125124782754627 -0.6308657530147039 0.022090380703496892 0.0 0.15763859435901395 2.0181454888573643e-06 0.1680808731897625 0.014045303388627861 74.49032995633486 65.0 -19.14958265837654 1.175396364764989 53616.385498 53704.2918 40 74 "Minimization exited successfully."
3329 120 0.121793 53642.772324180296 3.842646511974079e-05 1.233645225950438 0.18860546296423064 0.0 0.47178523459660937 1.260304471888404e-06 0.4538565246884705 0.033598617231018535 172.48313126479187 68.0 -17.260916875353583 0.8304623205316624 53616.403254 53704.310405 35 85 "Minimization exited successfully."
3331 124 0.212097 53650.10248199956 5.881408663842458e-05 -0.054227614562814 0.0713014473622382 0.0 0.23940577610119362 2.145061494759904e-06 0.3103779088340404 0.025437326909019675 76.73672349497944 71.0 -19.04667414825276 1.0594745731256587 53616.405671 53704.313359 40 84 "Minimization exited successfully."
3341 115 0.430018 53638.685891503555 1.5366522603316167e-05 2.250955620194077 -0.008793953254595421 0.0 1.5185277126911387 1.0916250554421366e-06 1.1627762649345916 0.06445844915574467 48.41322909641246 66.0 -19.367442921820036 0.6684122973137328 53616.419354 53704.327268 18 97 "Minimization exited successfully."
3368 115 0.376543 53633.13569866065 2.404086922536686e-05 1.6573417277776237 -0.07691906660707903 0.0 0.896160837237403 1.5541510528638281e-06 0.8825711496965205 0.04669129054797477 60.151062431668976 65.0 -19.511121756787162 0.7691325642936349 53616.432204 53704.341158 15 100 "Minimization exited successfully."
