analysis_pipeline/fit_results/sdss_4_salt2_2.0_all.ecsv
# %ECSV 0.9
# ---
# datatype:
# - name: obj_id
#   datatype: string
# - name: num_points
#   datatype: int64
# - name: z
#   datatype: float64
# - name: t0
#   datatype: float64
# - name: x0
#   datatype: float64
# - name: x1
#   datatype: float64
# - name: c
#   datatype: float64
# - name: z_err
#   datatype: float64
# - name: t0_err
#   datatype: float64
# - name: x0_err
#   datatype: float64
# - name: x1_err
#   datatype: float64
# - name: c_err
#   datatype: float64
# - name: chi
#   datatype: float64
# - name: dof
#   datatype: float64
# - name: b_max
#   datatype: float64
# - name: delta_15
#   datatype: float64
# - name: tmin
#   datatype: float64
# - name: tmax
#   datatype: float64
# - name: pre_max
#   datatype: int64
# - name: post_max
#   datatype: int64
# - name: message
#   datatype: string
# schema: astropy-2.0
obj_id num_points z t0 x0 x1 c z_err t0_err x0_err x1_err c_err chi dof b_max delta_15 tmin tmax pre_max post_max message
[from data line 144]
1773 104 0.118987 53637.165844249794 9.206005329064348e-06 4.4262101393933335 1.1999991976798556 0.0 0.002272915226058103 3.6683066978737705e-07 0.5676978323569202 0.057689001460312195 135.69563654602868 58.0 -15.764924687027872 0.21312334162020008 53623.18797 53704.097402 25 79 "Minimization exited successfully."
1775 105 0.302486 53633.73222573975 2.9403886205006114e-05 0.03164624107618064 -0.1522518005496497 0.0 0.6694846912250796 2.001510469203381e-06 0.7815955780657067 0.051601285158144494 52.30363909899431 59.0 -19.17482811351543 1.0629226274516306 53623.188392 53704.09783 15 90 "Minimization exited successfully."
1776 109 0.50551 53634.80516467774 1.5461500316802378e-05 5.9999999959592785 0.26584604033224823 0.0 1.3074311644522822 7.82218529260525e-07 0.26353151281505394 0.12819672780054303 133.4165079475827 62.0 -19.900888588890865 0.12306341046665992 53616.245289 53704.145833 20 89 "Minimization exited successfully."
1794 105 0.1407 53624.469420250694 0.00012896617611425908 1.3434814393000822 0.07225241521837278 0.0 0.6095447454099485 2.147517265778108e-06 0.3169149730381653 0.01397029049137688 147.6918615625858 59.0 -18.915278309471258 0.8032439170888246 53623.185011 53704.094423 5 100 "Minimization exited successfully."
1821 110 0.09504 53633.050789781286 2.0875247287096554e-05 5.13887110442813 0.988180076609849 0.0 0.4936853627405071 1.2247897787465152e-06 0.41557144249069466 0.04179646214060306 533.7359665729344 62.0 -16.1347168551585 0.16684719169175466 53623.163841 53704.073086 15 95 "Minimization exited successfully."
1825 99 0.155096 53620.41731774916 1.762886611890946e-05 3.203217866955761 0.5859847767693469 0.0 1.9574357980636705 1.967039860675258e-06 1.349982568494513 0.08351584089426534 66.09634474920576 56.0 -17.00883893760527 0.4299406993081085 53623.182046 53704.09146 0 99 "Minimization exited successfully."
1826 100 0.434105 53611.86947719175 3.5578125876466474e-05 -2.2308801658697606 -0.6467808300001481 0.0 0.9992634094851383 4.633103581297427e-06 0.22284637457235235 0.030452633289746955 186.38917048956395 56.0 -20.31949492275374 1.720619337483324 53623.182891 53704.092743 0 100 "Minimization exited successfully."
1832 180 0.448729 53641.81264437393 2.746348911770058e-05 5.999999935069621 -0.03477990607302428 0.0 0.45995903783114045 6.501333683689428e-07 0.027623450085458856 0.01982028877202996 1054.636813404306 104.0 -20.21261119296675 0.12133496709634883 53623.189649 53705.099985 40 140 "Minimization exited successfully."
1835 110 0.270324 53624.475658575044 4.547452387792972e-05 -1.3265977091842558 -0.05867584209223298 0.0 1.7951236077533395 1.853570741493506e-06 1.029972744508061 0.04096898705484697 78.75447906231106 62.0 -19.36456032005904 1.3714770547292332 53623.170193 53704.079952 5 105 "Minimization exited successfully."
1902 93 0.215307 53620.42943752326 4.684308164539908e-05 0.7000395710869007 0.1625138346128996 0.0 0.0043148646436748095 1.989528939078112e-06 0.621415374432102 0.037374150639758685 59.03623816354775 52.0 -18.83830982918993 0.9178555517349736 53622.245053 53705.132898 0 93 "Covariance may not be accurate."
1903 207 0.088843 53639.62259726916 5.461951584218139e-05 5.388863252650335 0.43405504252099125 0.0 0.12159260659609572 1.2712857481023127e-06 0.2332763097154258 0.01759887083368361 2084.367087195915 121.0 -16.994274015858434 0.15143773789377235 53616.245305 53705.147034 55 152 "Minimization exited successfully."
1906 85 0.199072 53610.79453826903 6.025933355686575e-05 -0.48592151920705184 0.0915147054244958 0.0 2.401965634257067 1.2949030030391382e-05 0.7380347201247104 0.10515897822059045 42.2893396101856 47.0 -18.918826552668765 1.1587304571594323 53622.184745 53705.072227 0 85 "Minimization exited successfully."
1924 119 1.192208 nan nan nan nan 0.001798 nan nan nan nan nan nan nan nan nan nan 0 0 "exception was raised in user function User function arguments:      z = +1.192208     t0 = +53656.156545     x0 = +0.010000     x1 = +0.000000      c = +0.100000 Original python exception in user function: ValueError: bandpass 'sdss_sako18_g6' [3767, .., 5573.8] outside spectral range [4384.42, .., 20168.3]   File ""/anaconda3/envs/sdss_class/lib/python3.7/site-packages/sncosmo/fitting.py"", line 44, in chisq     zp=data.zp, zpsys=data.zpsys)   File ""/anaconda3/envs/sdss_class/lib/python3.7/site-packages/sncosmo/models.py"", line 1400, in bandflux     raise e   File ""/anaconda3/envs/sdss_class/lib/python3.7/site-packages/sncosmo/models.py"", line 1397, in bandflux     return _bandflux(self, band, time, zp, zpsys)   File ""/anaconda3/envs/sdss_class/lib/python3.7/site-packages/sncosmo/models.py"", line 152, in _bandflux     fsum = _bandflux_single(model, b, time_or_phase[mask])   File ""/anaconda3/envs/sdss_class/lib/python3.7/site-packages/sncosmo/models.py"", line 107, in _bandflux_single"
1941 89 0.229542 53623.652471884685 2.0513546106311066e-05 2.194935110058175 0.48875068882621187 0.0 0.0008471312467008829 1.5842101152480074e-06 1.0204328130824951 0.06997404324223999 55.73492607031143 49.0 -18.110945335804292 0.6451997365856954 53622.225723 53705.113694 5 84 "Minimization exited successfully."
1958 94 0.368223 53626.58481924191 1.7213974323515568e-05 -1.81410328645382 0.18828299273298454 0.0 1.7288659789337544 1.575928004192152e-06 1.531153596500475 0.11224884153191406 32.240919442421976 53.0 -19.09041785709843 1.4773243016054387 53622.234969 53705.123113 10 84 "Minimization exited successfully."
1978 100 0.296478 53624.94329061373 2.1986419994844962e-05 3.314788077112606 0.3164614903281251 0.0 4.126868265113444 1.4833743053832556e-06 2.051865158646911 0.07312099169378472 61.4238162900547 56.0 -18.8229855225188 0.39770722930602176 53622.253831 53705.142384 5 95 "Minimization exited successfully."
1979 99 0.285356 53627.072642333624 2.7232800543985915e-05 0.052335357422219175 0.024802228592982756 0.0 1.7050616570049897 1.501249215773438e-06 1.0911761957061046 0.05090902000401776 75.36831222024881 55.0 -18.943894486181655 1.049572479555497 53622.254249 53705.142812 10 89 "Minimization exited successfully."
1981 100 0.055563 53635.3674253874 1.6940803188977283e-05 5.999090917290957 0.9504516184521694 0.0 0.3708743106762995 1.5400302164197955e-06 10.353413351356188 0.06482713979004895 317.3387487738307 56.0 -14.715448330571885 0.1300180590905775 53622.255922 53705.144098 20 80 "Minimization exited successfully."
1985 106 0.199844 53625.17121539986 1.4025490456666124e-05 2.912552191007718 0.45515601492321944 0.0 0.00891620164111373 1.359757655745585e-06 1.4728621300060718 0.08334843262384006 62.003245122809005 60.0 -17.361696490353758 0.5028966062801743 53622.258012 53705.14624 5 101 "Covariance may not be accurate."
1991 105 0.313884 53628.31207651533 3.2455237074950905e-05 -0.30781607105310727 0.0770291469316664 0.0 0.9514431237403187 1.6960210925109898e-06 0.8028632284385004 0.0453742146154259 61.515262870973125 59.0 -19.373362527348192 1.121356758436029 53622.268864 53705.157806 15 90 "Minimization exited successfully."
2000 95 0.022141 53630.89368994622 0.0003795009652880743 0.554522141214143 0.8662095725516921 0.0 0.04554336686851457 2.836413232462664e-06 0.03461146216192823 0.0050716131363290895 15810.232524746409 53.0 -15.92656303778525 0.9131232898270305 53622.196609 53705.084168 15 80 "Minimization exited successfully."
2002 95 0.050476 53636.4915587369 9.979781896444218e-06 5.999999980957369 0.9863387199751488 0.0 0.6716438572038896 1.5490505290249872e-06 0.10563804823694234 0.10892155235607104 257.7676502041304 53.0 -13.928096543313636 0.13044446253089603 53622.20253 53705.090151 25 70 "Minimization exited successfully."
2017 95 0.261621 53635.98696735411 4.5122943109968674e-05 1.4411491580117701 -0.0653326947139028 0.0 0.5126647923243581 2.0227477691420187e-06 0.524110855021318 0.035187992629234555 50.28120451227472 53.0 -19.27862934520564 0.788485122538777 53622.239171 53705.127377 20 75 "Minimization exited successfully."
2030 89 0.232382 53612.46094156204 6.634985170828834e-05 1.4967210118688499 0.03809995573133551 0.0 0.003330413885123562 4.404806666518658e-06 0.6380102872975426 0.04010345115040337 102.96321624746301 50.0 -19.403958347378946 0.7763491993100757 53622.19112 53705.078126 0 89 "Covariance may not be accurate."
2031 90 0.151859 53636.91649999384 0.000190653934943249 0.5622465556048253 -0.06457298466572947 0.0 0.12301997855320224 2.2941925537656182e-06 0.13583747759294873 0.011038831524197712 238.58196642883954 50.0 -19.519997160214373 0.9526366893148115 53622.191543 53705.07898 25 65 "Minimization exited successfully."
2041 80 0.208513 53622.16142204012 4.1820806500971756e-05 -0.44343654244244934 0.09817581564163613 0.0 2.0204645238736703 2.881808152579435e-06 0.8627045364865471 0.05304666864861052 44.220178180961945 49.0 -18.635057796602226 1.1490457932392957 53622.214366 53705.102061 0 80 "Minimization exited successfully."
2053 90 0.232293 53629.6451611227 2.1923398070906597e-05 -2.5621230958622165 0.4977215706570075 0.0 0.6964919270976679 1.6636454522872557e-06 0.6464837717701082 0.06283948727150279 56.27245043909842 50.0 -18.20948153318905 1.656537749355362 53622.210985 53705.098243 15 75 "Minimization exited successfully."
2056 90 0.188194 53635.27482762628 5.899690831142612e-06 5.999971720363636 0.7428266700567401 0.0 1.8284379450378765 1.274076265565527e-06 1.1037298713028383 0.17553774613470197 130.0268137284874 50.0 -16.3914585431084 0.12751532853067005 53622.21436 53705.101665 20 70 "Minimization exited successfully."
2057 90 0.210271 53635.408029668804 5.693634981466689e-05 0.5616139263746174 0.1397205582158323 0.0 0.3684717564137827 1.9519579033067127e-06 0.35832542517284294 0.02894470366503532 51.20508174700936 50.0 -18.991939897578824 0.9446530413518595 53622.215204 53705.102949 20 70 "Minimization exited successfully."
2063 95 0.191544 53651.662638242975 9.664883220867116e-05 5.999999999997396 0.12731685356654587 0.0 0.14592740027001128 1.3588688908411362e-06 0.01721016716905588 0.01567501144940553 1637.7184839296694 53.0 -19.444577657859092 0.12215285211403426 53622.241702 53705.129884 25 70 "Minimization exited successfully."
2064 90 0.455074 53624.36378017874 1.694059490374933e-05 0.6102630612036322 -0.07397472012575179 0.0 0.015209194876661059 0.012140702423153207 5.020336463558536 1.5221268415508131 47.86328828706884 50.0 -19.619386708543978 0.9437226837511687 53622.222789 53705.110223 5 85 "Covariance may not be accurate."
2078 99 0.322184 53627.33167667939 2.7383230075654907e-05 -0.13648520981740297 -0.07144672844535283 0.0 1.5049929418491956 1.65184104939431e-06 1.0287373905612718 0.04873085056379711 62.912386612530426 56.0 -19.255142875850595 1.0939181067836898 53622.260953 53705.149589 15 84 "Minimization exited successfully."
2079 100 0.305008 53632.823115899526 2.5886853803069877e-05 1.3483471142388481 0.13448403273599197 0.0 1.0153175434206787 2.2598456478672966e-06 0.9849219764389745 0.0632647491059537 71.35924188049388 56.0 -19.05826307808996 0.800911862952443 53622.261371 53705.149589 15 85 "Minimization exited successfully."
2080 99 0.102187 53634.52688127249 2.9430057365080755e-05 5.1254751135896885 0.3974214674075176 0.0 0.6466999794683943 2.327610786667657e-06 0.9645754426623441 0.05836092615861699 437.8532555122936 56.0 -16.63452442951846 0.1660883798450996 53622.262623 53705.150874 20 79 "Minimization exited successfully."
2081 100 0.250159 53628.202260987695 4.062022175956304e-05 -0.5172141850267593 -0.07772174280932709 0.0 0.7943305344924738 1.7381347415362803e-06 0.6872133744111713 0.03992852901218741 62.095600986456745 56.0 -19.050520466447637 1.1772266867047563 53622.262623 53705.151302 15 85 "Minimization exited successfully."
2092 100 0.142017 53632.898261919974 8.9424395170834e-06 1.4879249392014673 0.9949605952318679 0.0 1.1618783340418304 1.6561393037600732e-06 0.959060769986622 0.12352255685541402 46.361098689031884 56.0 -16.087660627012916 0.7546877843889206 53622.260113 53705.148763 15 85 "Minimization exited successfully."
2102 89 0.094009 53620.37954827957 0.00047198927404912717 1.2047406480809144 -0.05469857087843677 0.0 0.2566724258722388 5.3487751634129135e-06 0.11344218019318131 0.007507269124860272 626.9838624055801 49.0 -19.38108823143121 0.8315299510601051 53622.191956 53705.079454 0 89 "Minimization exited successfully."
2108 90 0.118269 53620.27634509213 4.040799532362582e-05 1.1982165214298321 0.7117414632533918 0.0 0.0013153820727893617 1.861501681463263e-06 0.4132106617500164 0.03547013289190726 780.8414184654268 50.0 -17.269505292744753 0.8107514621980059 53622.206759 53705.093982 0 90 "Minimization exited successfully."
2109 108 0.030697 53629.619877278754 0.00016199330149973323 4.161667617862065 0.20344975073262228 0.0 6.618822226300836e-06 1.9244260619738593e-06 0.17778649973684324 0.009914009265440282 4756.523872307012 69.0 -15.724499871864165 0.24700187471619373 53622.207603 53705.095265 23 85 "Covariance may not be accurate."
2116 94 0.306324 53631.21675283067 2.668807272796503e-05 0.6446341355460863 0.24967671198968056 0.0 1.0312808712187689 1.918677047185735e-06 0.829451055933843 0.05641264349928399 30.596826507901042 53.0 -19.102953451616997 0.9246988814203014 53622.227832 53705.115801 15 79 "Minimization exited successfully."
2118 95 0.304619 53638.367865057335 2.2126025710055285e-05 5.999999903311917 -0.02480689023645788 0.0 0.5441538960803882 9.566223104029439e-07 0.13178204075128708 0.04643067164809617 125.46067494295148 53.0 -18.988477746195972 0.12137726791295833 53622.232036 53705.119654 25 70 "Minimization exited successfully."
2149 84 0.294257 53624.56348820134 3.0945084911317977e-05 0.2981180817816931 -0.09096717519457398 0.0 0.7480729389353655 1.7624813380778833e-06 0.6363345240578591 0.04355325716473757 33.98885391544946 59.0 -19.160547404962255 1.0056390948527287 53616.359588 53704.264598 4 80 "Minimization exited successfully."
2162 100 0.171423 53630.036156409995 0.00010940708771381758 -1.4443424887031249 -0.06957586476586586 0.0 0.19480546829800005 1.9344543160548815e-06 0.18915465734676618 0.016983909664798902 65.01082901912302 56.0 -19.204544730019197 1.403817811637552 53616.354302 53704.259086 15 85 "Minimization exited successfully."
2165 105 0.286619 53634.28418847809 3.6827584899447044e-05 0.7284949932763487 -0.09691509202238391 0.0 0.465435191821598 1.5039443950209923e-06 0.551552349158476 0.030976774734205403 39.36714625000405 59.0 -19.284407383282876 0.9218596496910081 53616.358772 53704.263764 15 90 "Minimization exited successfully."
2181 153 0.377208 53629.64741418131 2.3042187581262532e-05 -2.5292520330138304 -0.17062952099546813 0.0 0.7024819311118335 1.2277110426017747e-06 0.5286087148948473 0.05637001743640685 84.39417923718123 95.0 -19.46768012823307 1.7600282954903186 53616.366888 53705.273528 19 134 "Minimization exited successfully."
2183 105 0.088587 53639.96551863747 1.3324708742099566e-05 5.999999994943721 1.0288976314817746 0.0 0.3254715220609796 9.433823447618787e-07 0.09256503589377996 0.05285598931730495 448.7421928054001 59.0 -15.526708092789939 0.13099361124985265 53616.367699 53704.273536 30 75 "Minimization exited successfully."
2184 194 0.025254 53667.89914892386 2.3219981493127764e-13 -5.967739103384948 -0.7278728013780802 0.0 84.94099295178967 2.4430722164736632e-08 10.507677111291942 1.357283783788688 8770.88859639004 113.0 6.83521250237537 nan 53616.372157 53705.279049 94 100 "Minimization exited successfully."
2190 118 0.072877 53626.682643543696 4.2951517050937583e-05 5.614903308662955 0.3690123891928021 0.0 0.001249597618880216 1.949532595255097e-06 0.5442470461266797 0.030652047058983944 648.6944553705413 67.0 -16.285997746972757 0.1399771193664705 53616.398831 53704.306151 10 108 "Covariance may not be accurate."
