analysis_pipeline/fit_results/sdss_4_salt2_2.4_red.ecsv
# %ECSV 0.9
# ---
# datatype:
# - name: obj_id
#   datatype: string
# - name: num_points
#   datatype: int64
# - name: z
#   datatype: float64
# - name: t0
#   datatype: float64
# - name: x0
#   datatype: float64
# - name: x1
#   datatype: float64
# - name: c
#   datatype: float64
# - name: z_err
#   datatype: float64
# - name: t0_err
#   datatype: float64
# - name: x0_err
#   datatype: float64
# - name: x1_err
#   datatype: float64
# - name: c_err
#   datatype: float64
# - name: chi
#   datatype: float64
# - name: dof
#   datatype: float64
# - name: b_max
#   datatype: float64
# - name: delta_15
#   datatype: float64
# - name: tmin
#   datatype: float64
# - name: tmax
#   datatype: float64
# - name: pre_max
#   datatype: int64
# - name: post_max
#   datatype: int64
# - name: message
#   datatype: string
# schema: astropy-2.0
obj_id num_points z t0 x0 x1 c z_err t0_err x0_err x1_err c_err chi dof b_max delta_15 tmin tmax pre_max post_max message
[from data line 223]
2532 38 0.267696 53635.071611351166 3.6210100788450774e-05 1.1289603588824342 0.0283201881763413 0.0 1.575185706926277 3.267180420739202e-05 1.181033628407386 0.6719336526083387 10.932006436625676 15.0 -19.094299360384472 0.8534139895699191 53622.401959 53705.293894 6 32 "Covariance may not be accurate. Covariance not positive definite. Covariance forced positive definite."
2533 36 0.338803 53641.65773216358 7.701859746526152e-06 3.940946315678289 1.1995449790817028 0.0 1.6561123268766096 1.5025815985469925e-06 1.9728424332274623 1.8437154914030816 10.232445793293623 14.0 -18.11047333277233 0.2859004630324691 53622.411267 53705.30405 8 28 "Minimization exited successfully."
2539 20 0.437692 nan nan nan nan 7.7e-05 nan nan nan nan nan nan nan nan nan nan 0 0 "No bands in data overlap the model."
2545 38 0.239367 53640.76534143535 6.505631635184139e-05 5.999840687171595 -0.7288997183930048 0.0 1.8669885778035678 8.333794297252006e-05 9.087367533116987 1.1237784210170774 9.218478582870564 15.0 -19.556307915601696 0.10377857793983836 53622.398301 53705.290127 10 28 "Covariance may not be accurate. Covariance not positive definite. Covariance forced positive definite."
2547 60 0.096588 53645.37775377534 4.5552450700370174e-15 -4.416003989475926 -0.774786070720506 0.0 66.61747602744799 2.5500386055810065e-06 9.694231313815836 1.995901591502471 531.8144202145595 36.0 8.071070205578124 2.7560959146999124 53622.307069 53705.196294 18 42 "Covariance may not be accurate. Covariance not positive definite. Covariance forced positive definite."
2550 0 1.15234 nan nan nan nan 0.000432 nan nan nan nan nan nan nan nan nan nan 0 0 "Empty table passed to fit_lc."
2551 38 0.247554 53628.85207465419 4.28896122915412e-06 -2.9960748685485585 1.1940900919095507 0.0 2.467654023621435 2.660867569386771e-06 1.860649918144028 1.9787610694073252 10.194393824205411 15.0 -16.65831766094295 1.6064000503438045 53622.319867 53705.208699 4 34 "Minimization exited successfully."
2556 54 0.102927 53621.17820826616 1.632339009531525e-05 1.6408735769921634 0.841666615206466 0.0 0.0007451033234247006 4.760784019851582e-06 0.9946344446332658 0.21968965274112306 60.73684805937658 32.0 -15.975497443627141 0.7426864107665772 53622.335493 53705.225791 0 54 "Covariance may not be accurate."
2561 71 0.117406 53639.14594374744 0.0001600867454410615 -0.13463189540209441 0.16423754156274728 0.0 0.17002860173306544 7.087231924537418e-06 0.1335823901274802 0.03556529495595917 189.23007307497485 43.0 -18.722668959926292 1.069333914589624 53622.451131 53705.34665 12 59 "Minimization exited successfully."
2569 39 0.209761 53639.71879520045 4.6551053441212795e-06 5.999768693573163 1.1970947523057958 0.0 0.0004924630229652394 7.27676568827995e-07 1.9350767534026803 0.0645335731467529 28.243832211498745 16.0 -16.4544613687492 0.16387552288844276 53622.300853 53705.189081 10 29 "Covariance may not be accurate."
2571 38 0.241983 53626.92106364853 5.609012021895455e-06 -0.7367054447993144 1.1993077521293594 0.0 3.3691577817044163 1.1006794333878743e-06 1.912274976173347 2.1994312282988857 17.22775411535135 15.0 -16.895655867720077 1.107813231778195 53622.310364 53705.198497 2 36 "Minimization exited successfully."
2582 51 0.069291 53627.84983671917 8.415732999719205e-06 5.705033017092408 0.6996901984127852 0.0 0.003711541517986916 5.573433100189429e-06 9.51772812523011 0.45113394813537644 61.64980610388163 30.0 -14.421016455172246 0.15868658718761353 53622.360865 53705.252296 6 45 "Minimization exited successfully."
2615 51 0.055356 53635.09461471101 1.1917473257603284e-05 5.560632833933383 1.1999999923554059 0.0 0.5386805813541287 4.337538866994169e-07 0.56462249412726 0.07085820842669865 115.18961900134963 30.0 -14.343912416301826 0.17882128950997966 53622.35802 53705.249252 9 42 "Minimization exited successfully."
2629 40 0.221876 53620.253863076214 4.463647362838552e-05 1.0180496888952923 0.060083147236912327 0.0 0.004330303996539442 4.30368273943027e-05 1.3540920872609052 0.6597359962261697 34.54925070396238 16.0 -18.85816633035992 0.8708387542510572 53622.397913 53705.290048 0 40 "Covariance may not be accurate. Covariance not positive definite. Covariance forced positive definite."
2630 46 0.349599 53632.84892775469 2.6052188552860846e-05 4.141760783803914 -0.12239752462050746 0.0 0.01258716826851014 1.9438755874557904e-05 2.0103414188387836 0.6898801724816099 11.920672286756108 19.0 -19.430737851235044 0.2668978297090163 53622.42218 53705.315424 4 42 "Covariance may not be accurate."
2632 50 0.295151 53633.0635176934 3.091977183293237e-05 -2.167476206710226 0.0031540238053637815 0.0 1.0450188469076238 3.0689512535107546e-05 1.0471900238970382 0.7682098593958357 21.58774356496466 21.0 -19.164563598717297 1.5431904862169894 53622.449968 53705.344472 4 46 "Covariance may not be accurate. Covariance not positive definite. Covariance forced positive definite."
2635 52 0.143104 53640.22351523069 0.00015544563534881874 0.7441785491485664 0.0321421388574632 0.0 0.0002921920568041969 2.352971934080914e-06 0.24578743649141366 0.009781728043695037 42.96506524118202 22.0 -19.156174073333318 0.9184008648207787 53622.469238 53705.364169 8 44 "Minimization exited successfully."
2639 44 0.214887 53638.236324208236 0.00036041997916565926 -0.09651878040866713 -0.9967973244641012 0.0 0.6470309812902997 0.00012447466874393185 0.5415692558450416 2.1834653416561745 26.322839798374325 18.0 -21.0957467097571 1.1173543265253123 53616.231096 53704.129597 12 32 "Minimization exited successfully."
2666 48 0.056906 53635.87870171912 1.1729186040887462e-05 5.999999965053824 1.1999998888128593 0.0 0.4818752693172428 3.7995568511972624e-07 0.09479784449016115 0.030973728281909585 273.8967249378785 28.0 -14.409217239209685 0.16396412584358444 53622.343284 53705.233491 9 39 "Minimization exited successfully."
2667 56 0.094191 53619.47514256626 1.4624328114873908e-05 -5.999987977527263 -0.9999928271932105 0.0 0.2567091706296196 9.76493677971757e-06 2.467943761858238 1.4442896750626726 146.01344238914297 33.0 -15.654759690676286 nan 53622.314904 53705.20447 0 56 "Minimization exited successfully."
2689 34 0.160352 53638.50034063921 0.0006929845745127628 1.2441170524202825 -0.9998047663227051 0.0 0.4324415577466425 4.146573440428844e-05 0.2927932578032415 1.6640002980642983 89.95217491453073 13.0 -21.10035208282937 0.8628374635776552 53622.394261 53705.285825 6 28 "Minimization exited successfully."
2699 54 0.045116 53629.09799716628 2.1512330179594976e-05 0.6599007140820667 1.1999999999933952 0.0 3.793083305936307e-05 5.597840652887834e-07 0.3906452695042768 0.0097540408048713 293.727881026 32.0 -14.434304513096844 0.8772020936505847 53622.403562 53705.296841 6 48 "Minimization exited successfully."
2718 33 0.287559 53638.736365103505 6.231414986994644e-06 3.2994853045822836 1.1850444678594516 0.0 1.7676906255728682 3.4442785191146636e-06 1.708199187619341 2.1120557598774674 10.068014377032872 12.0 -17.447789188056188 0.3980103591801658 53622.384103 53705.275672 8 25 "Minimization exited successfully."
2722 54 0.015648 53634.52265926964 6.4196648576519964e-06 5.264432907048718 1.1999861757897574 0.0 0.0008975722885224968 4.277191266549575e-07 1.004369945825344 0.19071965900277688 91.9051484735465 32.0 -10.851481820946834 0.191371036332054 53622.392207 53705.284584 9 45 "Minimization exited successfully."
2734 50 0.302007 53640.26418674547 0.00014762032245422386 1.540842492033911 -0.8162355856823631 0.0 0.7358882846492634 6.282618711768606e-05 0.6561440998519612 0.35544742197281376 10.506047822220147 21.0 -20.955532405974896 0.8071794231176632 53622.457197 53705.351621 6 44 "Covariance may not be accurate. Covariance not positive definite. Covariance forced positive definite."
2744 63 0.033619 53647.634158692665 8.149692212077731e-05 0.18103687894965947 1.1774741685023833 0.0 0.08700796601260663 4.162737338291862e-06 0.08272315134208785 0.033260916234775895 1891.3462873540216 38.0 -15.21974511207872 0.953384554791441 53623.20441 53704.113263 18 45 "Minimization exited successfully."
2746 75 0.118293 53640.52454432868 1.857892748922119e-05 5.767033358662241 1.0813932222959064 0.0 0.4937353215973417 1.8565446502744055e-06 0.35119791562724245 0.07585544193465588 359.85019525572716 46.0 -16.56205658481682 0.16782923730055188 53616.406069 53704.312546 18 57 "Minimization exited successfully."
2766 46 0.149336 53612.93747457129 0.00015569209793665385 2.426554958035645 -0.07586023778113038 0.0 0.0004931544317514636 4.5087812523821334e-05 0.5620460671239398 0.20081193286206928 177.66059103553337 19.0 -19.26169033507033 0.6396404943016911 53616.455506 53704.36331 0 46 "Covariance may not be accurate."
2784 23 0.398676 nan nan nan nan 2.1e-05 nan nan nan nan nan nan nan nan nan nan 0 0 "No bands in data overlap the model."
2789 42 0.288898 53635.529479223 3.5130543555563777e-05 0.5734235386191564 -0.08839886733055091 0.0 1.212269990803179 3.280747170472664e-05 1.2472479761560287 0.7213293487394958 18.58125696619981 17.0 -19.25140592491682 0.9530760525624835 53616.269378 53704.168994 10 32 "Covariance may not be accurate. Covariance not positive definite. Covariance forced positive definite."
2793 113 0.043219 53635.29537254697 2.9097690672413856e-05 0.9729705016659134 1.1999999999499784 0.0 0.19602989835402695 3.2521371177596196e-07 0.14931698076365096 0.0032765353014139187 1073.5886839974364 72.0 -14.666307194557206 0.8296992060789563 53616.338008 53705.24248 20 93 "Minimization exited successfully."
2799 24 0.375668 nan nan nan nan 5.5e-05 nan nan nan nan nan nan nan nan nan nan 0 0 "No bands in data overlap the model."
2808 46 0.313378 53625.50917560116 3.365828502528645e-05 1.2042561904725835 -0.02366350928562433 0.0 1.7174051865004003 2.8122933882390178e-05 1.4765108268372469 0.6954031779418779 14.756573358503934 19.0 -19.40943759401896 0.8426206931041236 53616.45189 53704.359578 2 44 "Covariance may not be accurate. Covariance not positive definite. Covariance forced positive definite."
2813 69 0.066556 53671.0572315421 6.066303780576377e-06 5.999998083988986 1.1999996431925601 0.0 0.7154340043962293 3.635143725710942e-07 2.0200001389934297 0.017354392869033397 446.8167396172302 42.0 -14.04855361865716 0.16396417271392494 53616.424975 53704.332766 39 30 "Minimization exited successfully."
2855 32 0.243729 53645.24477592905 0.00021022512656915793 0.15947109289467676 -0.9852086503422559 0.0 0.9005306082945026 9.977678514609511e-05 1.0145679194169874 1.7941451104996733 7.546270699573038 12.0 -20.818850501135106 1.0648996310014098 53622.370677 53705.261205 8 24 "Minimization exited successfully."
2864 38 0.242608 53644.48015747345 1.3382301988241752e-05 0.1710243887962557 1.1982046534669766 0.0 0.7825285554972652 1.8040062086555066e-06 0.8736544265667594 1.6077498690320122 21.084016295812294 15.0 -17.846797563459766 0.9536982001016447 53622.32481 53705.213402 12 26 "Minimization exited successfully."
2871 34 0.290779 53631.868641298 2.773307459901897e-05 -0.26187924236054094 -0.0320227687831921 0.0 2.6409799466928234 4.02309516162519e-05 1.855140092513358 1.5548108260351972 22.62523781762846 13.0 -19.010022090383018 1.1049451069561123 53622.351898 53705.242006 4 30 "Covariance may not be accurate. Covariance not positive definite. Covariance forced positive definite."
2898 66 0.02525 53627.67688444587 2.7298483236987137e-05 -1.3142516272958904 1.1999999951053058 0.0 0.3447373736780719 4.4355461661982397e-07 0.2291196258327175 0.004321827581440507 236.41778677317868 40.0 -13.398621490105874 1.2167321958389294 53622.420538 53705.31419 6 60 "Minimization exited successfully."
2906 38 0.234856 53642.26293294139 0.00041689613383722016 -1.815540875280762 -0.99986661222584 0.0 0.49451512797531905 1.594174728906662e-05 0.3617579379493354 0.47292314804795976 37.15213949345505 15.0 -21.470212546938985 1.538766123837533 53622.404799 53705.297248 10 28 "Minimization exited successfully."
2913 48 0.169728 53668.87392574863 2.4365764963940604e-06 5.999999192266628 1.199984757004879 0.0 2.377858512532839 3.654773282252276e-07 0.3520141972027542 1.5156238851495138 1376.9333672746945 20.0 -15.23985235191564 0.1639636517560561 53622.444741 53705.339011 24 24 "Minimization exited successfully."
2916 57 0.12303 53643.95034153773 0.0001393113560013748 -0.6674361715160106 0.1482714033185739 0.0 0.0003214521966583561 1.0761234071583474e-05 0.2567269832738064 0.05831615290769465 103.59412651493457 34.0 -18.68085372895402 1.1743047179503456 53622.20253 53705.089322 15 42 "Minimization exited successfully."
2926 34 0.302749 53636.64277758893 3.666508305627425e-05 1.6396309959376785 -0.1316754654147657 0.0 1.9422811724434723 4.055071950796186e-05 1.4856989049401665 0.8430079172540184 6.893948905710412 13.0 -19.416857763758145 0.773586920653031 53622.337951 53705.227135 6 28 "Covariance may not be accurate. Covariance not positive definite. Covariance forced positive definite."
2928 34 0.148851 53647.78583022758 7.994439409485855e-05 0.9854962058446795 0.10120110282980099 0.0 0.0013755300133198034 4.2279707786154196e-05 0.793156590050907 0.34160170522389477 17.871957737302164 13.0 -18.528404885882665 0.8747666300426005 53622.339592 53705.22927 10 24 "Covariance may not be accurate."
2929 114 0.118996 53644.351764595944 2.604508797184213e-05 3.5338082105989628 0.7417350635745108 0.0 0.40200705118695623 2.662264985317518e-06 0.4447890679502482 0.07467590555952264 226.88119996940966 72.0 -16.824223790489814 0.33753230383536703 53616.336779 53705.240806 39 75 "Minimization exited successfully."
2943 34 0.264048 53639.950960436196 0.0001673006902317964 -1.0336929682195972 -0.9983966286125685 0.0 1.1646824151939654 2.7967463462810757e-05 0.8865444252772208 1.885147280359401 15.363431152562882 13.0 -20.76915735760302 1.3285305573672233 53622.374739 53705.265505 8 26 "Minimization exited successfully."
2970 57 0.082938 53637.48355234808 7.916895775648026e-05 5.244541055780196 0.9107106031781809 0.0 0.13988669894388295 3.748228320220598e-06 0.14992640089737908 0.03513934090610027 3552.6274614205913 34.0 -17.268584996394942 0.18571957371101533 53622.397476 53705.290535 9 48 "Minimization exited successfully."
2986 54 0.045116 53629.097993897216 2.1526556062375636e-05 0.6634641965781229 1.199999997838904 0.0 9.634874368202873e-05 5.598850681248763e-07 0.3903511001177442 0.009791610991974897 294.05511877003926 32.0 -14.435026427560793 0.8766562265793034 53622.403562 53705.296841 6 48 "Minimization exited successfully."
2992 69 0.126077 53641.28518134191 0.00013298524957891744 -1.0081120816159448 0.15482748932000612 0.0 0.22688139930323814 7.487296301372792e-06 0.16151350979181833 0.04459950835845694 97.56651094421584 42.0 -18.68780666197154 1.2450585898951125 53622.475621 53705.372126 12 57 "Minimization exited successfully."
3049 38 0.165342 53644.82897211719 0.0005046184546976851 0.45344079233574774 -0.997090488501756 0.0 0.5299135819004732 0.00012789841316462102 0.6000496142272382 1.8826066181325545 29.65422802716286 15.0 -20.827934890300384 1.0078239780696094 53622.243789 53705.129912 10 28 "Minimization exited successfully."
3050 57 0.09956 53646.66654131941 2.3005576104638825e-05 2.8914731569861427 0.9939542812177844 0.0 0.6009524278342724 3.772999415074252e-06 0.5294035836073849 0.11024579031896742 149.73496552006847 34.0 -16.2900616759762 0.521884053214901 53622.243379 53705.13034 15 42 "Minimization exited successfully."
3063 41 0.09047 53634.38967795186 8.407578320581366e-05 -2.8918244692219153 0.791729287173351 0.0 0.2112673152842035 6.694067731164983e-06 0.20369229838571856 0.056784909080708434 1307.7187293782767 37.0 -17.448675330126264 1.643668778425706 53616.334351 53704.235696 7 34 "Minimization exited successfully."
