analysis_pipeline/fit_results/sdss_4_salt2_2.4_blue.ecsv
# %ECSV 0.9
# ---
# datatype:
# - name: obj_id
#   datatype: string
# - name: num_points
#   datatype: int64
# - name: z
#   datatype: float64
# - name: t0
#   datatype: float64
# - name: x0
#   datatype: float64
# - name: x1
#   datatype: float64
# - name: c
#   datatype: float64
# - name: z_err
#   datatype: float64
# - name: t0_err
#   datatype: float64
# - name: x0_err
#   datatype: float64
# - name: x1_err
#   datatype: float64
# - name: c_err
#   datatype: float64
# - name: chi
#   datatype: float64
# - name: dof
#   datatype: float64
# - name: b_max
#   datatype: float64
# - name: delta_15
#   datatype: float64
# - name: tmin
#   datatype: float64
# - name: tmax
#   datatype: float64
# - name: pre_max
#   datatype: int64
# - name: post_max
#   datatype: int64
# - name: message
#   datatype: string
# schema: astropy-2.0
obj_id num_points z t0 x0 x1 c z_err t0_err x0_err x1_err c_err chi dof b_max delta_15 tmin tmax pre_max post_max message
[from data line 105]
1464 40 0.288787 53620.86990933901 3.491284181588839e-05 -1.5748811467169244 -0.030210552201692886 0.0 0.006520879102026811 2.340194598076661e-06 0.7824491916024816 0.09324612792979647 25.365845218417437 36.0 -19.242095030225194 1.3911183110795875 53622.397479 53705.290925 0 40 "Covariance may not be accurate."
1469 40 0.086745 53635.03280002864 1.927662450480927e-05 5.999986310952391 1.1999997476545468 0.0 0.8951695838368323 1.0849348002384123e-06 0.19672926594002238 0.13940050652885683 138.01871949189783 16.0 -15.909935814599116 0.16396451994852868 53622.402784 53705.295161 6 34 "Minimization exited successfully."
1470 81 0.08672 53639.363485234775 2.0981880810229113e-05 5.999999998526565 1.199999999924497 0.0 0.760737518008682 7.311424580302985e-07 0.057325278178325334 0.05271789433222418 326.08035348460635 37.0 -16.001306523943217 0.16396412851299047 53616.391202 53705.297278 17 64 "Minimization exited successfully."
1478 63 0.200911 53619.33067047964 5.539781701413227e-05 0.7045161878260515 -0.016486117911343134 0.0 0.0015464837051695213 2.2461046384636435e-06 0.583592289761302 0.04971412879213055 25.07015303107725 38.0 -18.850021473404887 0.9272082406133144 53622.414475 53705.309122 0 63 "Minimization exited successfully."
1495 72 0.204013 53619.19308934335 1.7718129329622467e-05 1.5927680222153908 0.566524865460152 0.0 0.012657137522182893 2.000453533916868e-06 1.5917698742693078 0.13696033158192777 42.65391114086359 44.0 -17.667911207467135 0.7596667661929786 53622.425778 53705.32052 0 72 "Covariance may not be accurate."
1504 94 0.316373 53626.8963682007 2.685852287082513e-05 0.4632427348517858 0.06645864443759297 0.0 0.7668581767502474 1.373903760300555e-06 0.7214701574795899 0.05431399020998651 187.09216389639877 90.0 -19.187961357903944 0.9657972562329746 53616.420565 53705.32937 6 88 "Minimization exited successfully."
1511 72 0.185727 53612.157448275946 2.964493113073119e-05 -1.1684244443589478 0.6250258717987667 0.0 0.0014384366004378535 0.012162332841796344 8.251043275287294 0.8117356747177973 50.003698349380976 44.0 -18.000539355897317 1.239691457610256 53622.440281 53705.335683 0 72 "Covariance may not be accurate."
1514 47 0.041224 53630.09903445605 0.00016552443856651333 5.999999987595917 1.1999999981600933 0.0 0.3249542560297414 1.5138546771581451e-06 0.03917476610211512 0.043190023773733266 323.93235331623794 20.0 -16.558259929971243 0.16396412877427835 53622.444354 53705.338627 4 43 "Minimization exited successfully."
1525 45 0.106504 53630.970134456365 0.00013346966743071008 4.014877976942394 1.1999999141165452 0.0 0.2703156568495615 3.17629267843067e-06 0.3500534638788224 0.04130643529935063 161.27828130540368 21.0 -18.404795994779047 0.27812162571591514 53622.455207 53705.349546 4 41 "Minimization exited successfully."
1533 36 0.143081 53637.93160456371 1.4197921377894218e-05 5.999997877304034 1.1999896182194743 0.0 1.9306330735998927 2.3884795511130994e-06 0.48355176968498803 1.3747455586518973 57.22103860725201 14.0 -16.74617410293605 0.16396384971108446 53622.312029 53705.200134 8 28 "Minimization exited successfully."
1535 77 0.234585 53635.79274136841 4.680693623456245e-05 5.999999749010049 0.33987556566679933 0.0 0.40027924661990255 8.391915137789802e-07 0.029438834827583804 0.031031395044434418 606.6433145429265 48.0 -19.146128670940165 0.13534466535554657 53622.457565 53705.35374 9 68 "Minimization exited successfully."
1545 16 0.097666 53622.91211673962 0.00012966934847307153 -1.9994614099879673 1.1999985663402821 0.0 0.8651728228360298 4.8005404221029775e-06 0.5049114063614972 1.6537879385451317 40.06603315444305 12.0 -18.140355634470726 1.359886379998624 53622.368274 53705.257337 1 15 "Minimization exited successfully."
1546 44 0.036428 53633.862940893945 4.9253142443516086e-05 5.999999028072942 1.1999999096227736 0.0 0.49486274157607113 1.1344137883889661e-06 0.03639332395412609 0.025081984394490053 668.372017389089 19.0 -14.965886954636417 0.16396415388890873 53622.478085 53705.373774 4 40 "Minimization exited successfully."
1555 52 0.022961 53633.83150456188 9.231679185348619e-05 5.999999999890468 1.1999999975912106 0.0 0.24872661474728375 1.0613321047325851e-06 0.011244228031134895 0.007799803379179515 2296.7427622045097 22.0 -14.623792610185347 0.1639641283965787 53622.463639 53705.358768 4 48 "Minimization exited successfully."
1576 72 0.475687 53629.63033861547 1.3753779977101476e-05 -1.3739905033352624 -0.1774975511798612 0.0 1.590660766538349 1.3215395765980853e-06 1.6176023840886578 0.062179436105496866 57.69040564733649 68.0 -19.507149933735565 1.355118387278445 53622.443094 53705.338642 6 66 "Minimization exited successfully."
1577 72 0.548885 53680.513910239875 1.417614814633761e-05 5.999999884490121 -0.32689678602458394 0.0 0.3632614587659191 6.430609329799443e-07 0.36308619295502265 0.014913041246426617 377.88728018816863 68.0 -20.002184326746885 0.11463793960157531 53622.443496 53705.339062 54 18 "Minimization exited successfully."
1580 71 0.183217 53634.10588055926 9.639159161547118e-05 1.0203641221407427 0.06333187047837252 0.0 0.21462542214794667 2.485434539519216e-06 0.2839916930778821 0.023675334154171224 77.64315479337279 44.0 -19.228669877673585 0.8703310141594578 53622.448332 53705.344477 6 65 "Minimization exited successfully."
1583 50 0.316788 53622.57708726875 2.2536339649961157e-05 0.5236101601563661 -0.2884035101141491 0.0 4.0567283848249645 2.4318747824431106e-06 1.7156955475608884 0.08325863833402092 47.04124547756712 46.0 -19.004695221255197 0.9700748485481867 53622.455163 53705.351192 2 48 "Minimization exited successfully."
1588 132 0.14989 53616.87651630433 5.0385911604939884e-05 0.39522660407456733 0.4579363578805229 0.0 0.002780823389912257 2.023928156952294e-06 0.46468871266752965 0.040681190800897604 171.28491998187025 86.0 -18.053958063581263 0.9587261904659847 53616.453079 53705.363341 3 129 "Minimization exited successfully."
1595 63 0.212269 53631.5419202109 8.307553035377003e-05 0.6385727812531146 -0.04304250307382118 0.0 0.312810252635245 2.618957793800727e-06 0.4305905509641761 0.03048106107599735 62.71463041624939 38.0 -19.423912958744793 0.9397616787903793 53623.195561 53704.105118 9 54 "Minimization exited successfully."
1601 41 0.327813 53620.45779911596 2.039766444918989e-05 0.18661043263505306 -0.24718923989973718 0.0 4.044849926587631 3.323957754477469e-06 1.6194737580877314 0.11313687284490642 46.26216941322788 37.0 -18.98146548875709 1.0302712389199336 53623.209034 53704.118817 0 41 "Minimization exited successfully."
1609 69 0.423845 53641.35741152499 2.7218431981110848e-05 5.999999998720359 0.056422896267454004 0.0 0.6720225502212998 7.638058601211476e-07 0.06523399983742983 0.03626968818958176 398.9307327926943 65.0 -20.037727893250803 0.12623840598104508 53616.234042 53704.134235 18 51 "Minimization exited successfully."
1627 42 0.337473 53619.30574799477 1.3676747155193515e-05 5.999988075794228 -0.49580347173614636 0.0 0.03185854793264298 1.565511816930542e-06 0.3980292959518543 0.07765332683674253 56.628531397391384 38.0 -18.710547331001774 0.10987917888025578 53623.193024 53704.102582 0 42 "Minimization exited successfully."
1631 42 0.142885 53622.984290186934 2.7330846761663975e-05 4.995340438926789 1.1977920331949137 0.0 0.23916112112055998 0.013237025244624109 2.7754593455830396 2.170671042847931 68.03000582231478 17.0 -17.409306285396074 0.20473403145404134 53623.199324 53704.107275 0 42 "Covariance may not be accurate."
1632 42 0.056351 53631.51101164132 6.055960439154462e-05 4.560438087319641 1.1999986172467771 0.0 0.8182970835696324 3.1462547167687717e-06 0.876232522467788 0.0804040287672938 82.76993925662421 17.0 -16.107668701348338 0.2305476061580194 53623.200167 53704.108559 6 36 "Minimization exited successfully."
1650 40 0.302746 53623.333039300254 1.998990133402101e-05 -1.5272900272957433 0.1652461882337728 0.0 1.3951634211771307 1.8312712557078114e-06 1.2557630797490176 0.13345222784867383 28.393371792184503 36.0 -18.7565683104349 1.3613146059840346 53616.294152 53704.19638 4 36 "Minimization exited successfully."
1658 40 0.275748 53638.40854499623 3.493163283144751e-05 0.8782088251522095 -0.038856026475421745 0.0 0.6187248595015262 1.679590755729876e-06 0.5777850188190152 0.05550325417608576 22.052656715873407 36.0 -19.128828439499316 0.8981972371311358 53616.305257 53704.207928 12 28 "Minimization exited successfully."
1662 30 0.205317 53634.16818725833 1.793473663113554e-05 5.999984423794464 0.18256056681119692 0.0 1.3563838096015388 1.2995395652154448e-06 0.7342072795186061 0.11559467407956892 35.859537574905616 18.0 -17.77114986628861 0.13024467170172827 53616.311825 53699.252845 8 22 "Minimization exited successfully."
1668 62 0.21401 53607.582158145975 1.7806297863109943e-06 -0.25404349618921174 1.1998959553471669 0.0 0.11076428470187238 6.37509122136115e-07 3.77721079855351 1.5669520129950274 47.41729473050884 38.0 -15.3488644025348 1.0230976061614214 53616.329838 53704.23398 0 62 "Covariance may not be accurate."
1686 76 0.135049 53624.754121007245 1.3932446709673529e-05 5.999999962526285 1.1999982485424185 0.0 2.850948107574368 1.6479818850623225e-06 0.6621027051236021 0.38010750671588067 88.43089359881844 34.0 -16.588984642506844 0.1639640720805957 53616.320055 53705.222382 6 70 "Minimization exited successfully."
1688 42 0.357669 53629.988664145436 2.0643518727324616e-05 2.2023606101997846 0.11329382382725894 0.0 2.077418892746209 2.1767986754139827e-06 1.9611954588444238 0.09476897093397174 31.680976896717958 38.0 -19.21580288667257 0.6736535727195836 53623.194711 53704.104722 6 36 "Minimization exited successfully."
1709 42 0.143989 53641.03517377704 3.2654878800997266e-13 -4.993005281659555 1.1565075464930863 0.0 70.76278384750913 3.2128924193891573e-06 11.048093762026706 1.7088456126887979 43.944915827881125 17.0 2.4545778477106097 2.3793589431934805 53616.318425 53704.220259 14 28 "Minimization exited successfully."
1740 63 0.166272 53632.76224383292 0.00011646341243390146 -1.3381371657171064 -0.09863355330422074 0.0 0.19812548211484682 2.321020305986466e-06 0.23972137957275974 0.024811459583234274 177.94706950744902 38.0 -19.199344760848312 1.3400036980163605 53616.326998 53704.230505 12 51 "Minimization exited successfully."
1741 61 0.203484 53627.18909507697 1.9802975047122918e-05 2.4940684721582933 0.5763002056203677 0.0 1.357207465069223 2.0895493294553757e-06 1.2837944186432049 0.117057059180666 37.12367691361443 38.0 -17.784867734983614 0.6115612336214937 53616.27849 53704.18007 9 52 "Minimization exited successfully."
1742 38 0.110276 53622.60239138922 2.0337152601976884e-05 5.999996784512014 1.1999999110358672 0.0 2.1907366199338867 1.9431233343092384e-06 1.1876992694031747 1.6617951009126974 42.59324010881111 16.0 -16.52411416295322 0.16396421945325557 53616.281389 53704.181354 2 36 "Minimization exited successfully."
1748 41 0.337892 53630.25487058811 1.8676066941055725e-05 -0.006668522230611984 0.0028170662542044145 0.0 1.2223813505734142 2.046184648690774e-06 1.3709786178700245 0.11048416636821518 20.675693893171854 37.0 -18.959275234762973 1.0542343645265682 53616.293344 53704.195478 8 33 "Minimization exited successfully."
1749 39 0.074924 53627.57433990524 2.972163775577963e-05 5.823598580224271 1.1999971172496773 0.0 1.447953433606017 4.019412739282857e-06 9.426461819107946 0.43553604916849253 41.597564243120665 16.0 -16.035723390095768 0.16954439932140275 53616.29665 53704.19719 6 33 "Minimization exited successfully."
1750 40 0.258435 53629.278414088134 2.2023485801120345e-05 1.551680572635922 0.22313220867324057 0.0 1.0724747353669954 1.7281729199536409e-06 1.0395678090738136 0.09051851113749354 34.89516328719294 36.0 -18.47016907899861 0.7774923310704551 53616.296638 53704.198901 8 32 "Minimization exited successfully."
1770 42 0.104044 53648.471669701365 3.7580203864528982e-06 -5.999974653999599 -0.9986844112618086 0.0 2.785859497867932 2.949429723554387e-06 2.4132474353266886 1.8815156690817167 21.808928701515764 17.0 -14.40996347445741 nan 53616.328652 53704.230521 16 26 "Minimization exited successfully."
1773 42 0.118987 53637.92555292405 1.1186353797424387e-05 5.999964080810692 1.1999913174334051 0.0 1.5828203730052337 1.4267593322891956e-06 1.8371916754939397 1.5897631695486019 31.92885108962173 17.0 -16.0528130661312 0.16396489244980472 53623.189629 53704.097402 10 32 "Minimization exited successfully."
1775 42 0.302486 53634.04319930242 2.6650222319847262e-05 1.2524795736781442 -0.16236251342748653 0.0 0.8681061201568809 2.2525952553659196e-06 1.1123186055823053 0.06693431671990752 32.97678330509235 38.0 -19.068276595442356 0.8390428155906058 53623.188392 53704.09783 6 36 "Minimization exited successfully."
1776 66 0.50551 53635.389037463174 1.5447776142062386e-05 5.999999375743386 0.25627904432507886 0.0 1.4281199225151795 7.92768053821668e-07 0.27172137045031874 0.1376457548443757 134.3662020598739 62.0 -19.887757256048566 0.13262130671010652 53616.245289 53704.145833 15 51 "Minimization exited successfully."
1794 42 0.1407 53624.473508931 0.00015183394778045978 1.054908450306086 1.199987942902851 0.0 1.7329372834828973 3.5456404501149597e-06 0.9413085138780377 2.15582189861272 35.413070097428275 17.0 -19.169118610661833 0.8173913890056106 53623.18667 53704.094423 2 40 "Minimization exited successfully."
1821 44 0.09504 53622.35155303542 3.759394042580411e-05 2.620673902549157 1.1999987370728236 0.0 1.1999069101875648e-05 2.5758298283518043e-06 0.9836846964590094 1.3710998860377104 48.56016349052902 18.0 -16.739328582398848 0.5715647474413075 53623.165499 53704.073086 0 44 "Covariance may not be accurate."
1825 59 0.155096 53622.35835375205 1.8384111908474887e-05 2.5050911486384244 0.39145093734726366 0.0 0.004216949288093019 1.947651094657554e-06 1.5179431105423973 0.11704522129207684 44.324155490372995 36.0 -17.040627844425444 0.6144027875044848 53623.182046 53704.09146 0 59 "Covariance may not be accurate."
1826 60 0.434105 53639.2606115947 1.4200968877275955e-05 5.9999976923108616 -0.15736821750441077 0.0 1.2646604302826745 8.396909966906789e-07 0.20050851745631704 0.04113186216604475 209.76197741896772 56.0 -19.390523222883775 0.11966046172215172 53623.182891 53704.092743 15 45 "Minimization exited successfully."
1832 108 0.448729 53642.86880104463 2.7968730294790634e-05 5.999999929352565 -0.0699296656157502 0.0 0.44560221382562304 6.644319003285006e-07 0.02537284948562135 0.020827505733662877 1020.1954159866162 104.0 -20.21272487549737 0.12231777239827579 53623.189649 53705.099985 24 84 "Minimization exited successfully."
1835 44 0.270324 53625.54288309792 4.5563543674819185e-05 -2.2436554749221593 -0.07718423451888756 0.0 1.2019358451689186 1.911553541438793e-06 0.9113107599467489 0.05688926313144982 53.129211311606774 40.0 -19.36621221918156 1.5742846481294528 53623.170193 53704.079952 2 42 "Minimization exited successfully."
1902 56 0.215307 53620.42946614089 4.99572839708029e-05 -1.1012413846344487 0.19561816504261342 0.0 0.002207276975241257 2.2398389349859134e-06 0.7812892910198745 0.062435606054181525 38.51456355677094 34.0 -18.907376053897742 1.2619434889611725 53622.245053 53705.132898 0 56 "Covariance may not be accurate."
1903 82 0.088843 53638.934052578494 5.6533216318638284e-05 5.999995091619734 1.1999995015788119 0.0 0.15717991497876938 1.029740188305264e-06 0.06675157137009968 0.03847508795173016 391.10734033492037 38.0 -17.133165516700952 0.1639642554511873 53616.246964 53705.147034 22 60 "Minimization exited successfully."
