analysis_pipeline/fit_results/sdss_4_salt2_2.4_all.ecsv
# %ECSV 0.9
# ---
# datatype:
# - name: obj_id
#   datatype: string
# - name: num_points
#   datatype: int64
# - name: z
#   datatype: float64
# - name: t0
#   datatype: float64
# - name: x0
#   datatype: float64
# - name: x1
#   datatype: float64
# - name: c
#   datatype: float64
# - name: z_err
#   datatype: float64
# - name: t0_err
#   datatype: float64
# - name: x0_err
#   datatype: float64
# - name: x1_err
#   datatype: float64
# - name: c_err
#   datatype: float64
# - name: chi
#   datatype: float64
# - name: dof
#   datatype: float64
# - name: b_max
#   datatype: float64
# - name: delta_15
#   datatype: float64
# - name: tmin
#   datatype: float64
# - name: tmax
#   datatype: float64
# - name: pre_max
#   datatype: int64
# - name: post_max
#   datatype: int64
# - name: message
#   datatype: string
# schema: astropy-2.0
obj_id num_points z t0 x0 x1 c z_err t0_err x0_err x1_err c_err chi dof b_max delta_15 tmin tmax pre_max post_max message
[from data line 308]
3451 101 0.248351 53645.32033540807 6.509831413407663e-05 0.6777636536839191 -0.04754428827036605 0.0 0.28256667900495813 1.5953755623349144e-06 0.2970102935949086 0.020857117755874233 88.65590220340373 97.0 -19.54478600527776 0.933109141979056 53616.240284 53704.141136 32 69 "Minimization exited successfully."
3452 103 0.229666 53648.47938481193 7.306945381895358e-05 0.8626890202263624 -0.05218411279228552 0.0 0.25833196899839095 1.7249650441469901e-06 0.2524124878339715 0.018600361905020013 92.01871791321885 99.0 -19.477667629930973 0.9013547898577734 53616.24361 53704.14285 33 70 "Minimization exited successfully."
3475 99 0.299548 53604.84782138712 6.212652614578928e-13 0.6087171953707129 -0.7771466350899143 0.0 76.86458762321854 1.927192267842104e-07 9.141968106117346 1.4254248442111013 503.7376229797257 95.0 0.008959802591455457 0.9718179502587461 53616.316796 53704.216446 0 99 "Minimization exited successfully."
3479 98 0.252419 53671.88372200292 2.453649921173584e-06 2.1582753703559554 0.44469848405922385 0.0 6.660673094374943 1.0434325439212521e-06 9.880808675694059 0.3314997805136779 85.04506596888673 94.0 -16.038144928008993 0.672328185261577 53616.338423 53704.242479 58 40 "Minimization exited successfully."
3480 98 0.17373 53670.5099513177 3.237059836671552e-06 5.999999944630389 0.7856924997783792 0.0 3.140439056503965 8.682327073822329e-07 7.5316792756699344 0.24652866841988053 114.60891215847704 74.0 -15.551202786283408 0.1501737437790851 53616.350642 53704.255256 59 39 "Minimization exited successfully."
3488 104 0.15883 53646.29545216656 4.821728538033976e-05 -0.15914596390588365 0.2973611803771725 0.0 0.3552855733614706 2.0532649316057355e-06 0.40039129658132344 0.03718542294821359 125.18455920570362 79.0 -18.137358351091816 1.0660796524632836 53623.172749 53704.082438 30 74 "Minimization exited successfully."
3497 96 0.165352 53648.618227391424 2.4719106983330796e-05 2.75098248614907 0.1237161490101375 0.0 0.8621034798998153 2.1784970779242797e-06 1.0544306243773662 0.07120525746972672 138.1932106911031 73.0 -17.508349190800995 0.5753919584584395 53623.210286 53704.11923 29 67 "Minimization exited successfully."
3508 97 0.495076 53644.42899797935 2.3909145235222473e-05 0.5358983628403493 -0.1265306638792162 0.0 0.741316286395886 1.2179652540450507e-06 0.5910366113282146 0.030435517124961342 75.03085769264682 75.0 -20.212147124174766 0.9613087345623974 53616.355115 53704.259936 34 63 "Minimization exited successfully."
3514 99 0.26267 53652.76981409281 5.0254741956220486e-05 4.269339190674756 0.07791729737309971 0.0 0.3196808905340731 1.6601148920403203e-06 0.42812346055711004 0.024332569426367745 231.89157557365056 95.0 -19.43012535405379 0.2513455830094351 53616.293349 53704.195463 40 59 "Minimization exited successfully."
3517 99 0.11202 53648.60354670506 2.9984379474876645e-05 5.989782703383776 0.44683370355266483 0.0 0.0007548506982857361 1.5435310756978246e-06 0.9168533190471395 0.04277215316262706 295.16608370345244 76.0 -16.899642835221613 0.13926573510488538 53616.301168 53704.203591 40 59 "Covariance may not be accurate."
3527 109 0.418798 53636.25765701166 1.2939221715156935e-05 3.7254430824514095 0.10868286005571814 0.0 1.6028769583972462 1.2958928869133408e-06 1.766208298035389 0.10161810965536477 103.91387968989162 105.0 -19.124792822286544 0.3188519318442147 53616.413332 53704.321342 16 93 "Minimization exited successfully."
3532 108 0.181326 53626.97093342204 5.4851547466239215e-06 1.3580580181169193 0.9470971259488148 0.0 2.2872899508402043 1.5271733391325483e-06 1.5914690487336807 0.2020517990756434 62.94298325545304 83.0 -16.140337203222188 0.782258471955771 53616.427001 53704.334402 8 100 "Minimization exited successfully."
3535 111 0.307551 53638.57286044438 2.75480383669513e-05 0.9888189244332448 0.05389582213209154 0.0 0.7740627929888433 1.4218905501189867e-06 0.6939084811253737 0.04377429525632248 83.18305969860013 107.0 -19.14461513575025 0.8759778683425807 53616.431417 53704.339853 20 91 "Minimization exited successfully."
3565 94 0.288229 53645.54289251094 3.8171814986267536e-05 -0.6321085736645422 -0.14726423049386517 0.0 0.42871836107224226 1.526349117308422e-06 0.42786197384526625 0.029033424946154296 60.22651720518826 90.0 -19.335607507604657 1.186647273340892 53623.309648 53704.222456 35 59 "Minimization exited successfully."
3572 103 0.432606 53633.19146847591 1.7475725147203526e-05 5.999999746647987 -0.08295751792663131 0.0 0.9063526404243021 7.476329290290183e-07 0.438161527440573 0.01834853512329432 486.1164586995558 99.0 -19.607233409470666 0.1219193603731803 53616.327795 53704.23142 18 85 "Minimization exited successfully."
3573 101 0.214527 53628.075603400066 1.2847791688920253e-05 5.999998924930029 0.5481596441804486 0.0 1.6686605827562744 1.2132901680533832e-06 0.32161831721042766 0.08457842184774722 165.35665622131978 97.0 -17.537205723342957 0.1422281170389681 53616.328204 53704.231847 12 89 "Minimization exited successfully."
3592 102 0.085433 53645.1107989228 0.000515247237165829 -0.11517777120567096 -0.023626143777494835 0.0 0.04624455528391991 3.342023898927904e-06 0.0516495894136324 0.0045999597297923245 484.37195328344745 77.0 -19.252865510298967 1.0761767153663264 53616.364037 53704.269318 39 63 "Minimization exited successfully."
3593 95 0.35505 53626.66379674121 2.265531543746646e-05 1.1118905479649568 0.00034740691916113065 0.0 1.1195695241185604 1.814810097762187e-06 1.0426075856414254 0.06332193835912725 72.0469495579125 91.0 -19.29575738422622 0.8572466766955955 53616.365659 53704.271018 8 87 "Minimization exited successfully."
3596 102 0.116969 53642.446447020186 5.579538026977415e-06 4.0226581711507485 1.199999425399719 0.0 0.0016922741742746439 3.638420104540295e-07 1.0849880421182272 0.013068637727496002 199.57140181565916 76.0 -15.176819121922588 0.27731719532109267 53616.37417 53704.279932 31 71 "Covariance may not be accurate."
3607 99 0.087854 53640.50582850195 2.1302953889660304e-05 3.509532280002178 0.7164929483938964 0.0 0.6743672133998189 2.0629795276000393e-06 0.6377508624952624 0.07794521911749908 235.35354316348224 75.0 -15.898535933394875 0.34600215388971733 53622.277194 53705.165946 25 74 "Minimization exited successfully."
3611 184 0.091615 53650.62427941975 2.5257008979413522e-05 5.3725979099342425 0.3578819839952543 0.0 0.0007700501701037865 6.550958107465195e-07 0.4791350265569845 0.03673332652851091 529.9232298529312 142.0 -16.21571127235792 0.1657208513871815 53616.301564 53705.204887 63 121 "Covariance may not be accurate."
3644 104 0.214418 53602.612382209474 7.66975619291732e-06 -0.4651553198211831 -0.704322791172931 0.0 0.005128632899868535 2.2214946322307583e-06 8.723975352517414 0.3604077375871815 149.1434198778181 100.0 -16.885546836067892 1.182598315275559 53616.379427 53704.28546 0 104 "Covariance may not be accurate. Covariance not positive definite. Covariance forced positive definite."
3723 80 2.118006 53610.37411676672 3.937266048275045e-06 0.6357117130544809 -0.40967028362994895 0.0 5.553779100602696 1.0209983124969126e-05 0.18285254317252697 0.26381191288616906 20.41407931984855 28.0 -22.15119761960264 0.9544546352796814 53622.340824 53705.232186 0 80 "Minimization exited successfully."
3729 91 0.25275 53672.281953681755 9.346278006528985e-06 5.667333186173966 0.937586019623968 0.0 1.8505635561668896 1.168977598426379e-06 8.134312333567951 0.10905747912220909 152.57916529191505 87.0 -17.61886335187998 0.16724771035423913 53622.282604 53705.171926 53 38 "Minimization exited successfully."
3740 75 0.234879 53671.7244262848 3.5651612214193665e-06 5.999990162702424 1.199994836699374 0.0 2.549859060869494 2.906330471919014e-07 1.1340956911965172 0.39566547889963366 154.48629937470383 71.0 -16.442314952510586 0.1639642462798072 53622.347381 53705.238587 36 39 "Minimization exited successfully."
3746 177 0.188604 53616.91137848481 2.0575154517583626e-05 -0.2649023570160338 0.5691758391642594 0.0 0.0029548031561716925 1.909803274021128e-06 0.8084082204521499 0.07302085658730262 213.60989799818358 137.0 -17.6381180700504 1.068418315971396 53616.339655 53705.244983 5 172 "Minimization exited successfully."
3757 88 0.069066 53646.76433958499 5.084564034306238e-05 -2.9575466159056663 0.25877434068373306 0.0 0.0017286241927649826 7.060672140589141e-06 0.49602142542442795 0.09706315621151795 79.62842536270354 66.0 -16.254048313202652 1.7507173954012991 53622.3182 53705.208736 25 63 "Minimization exited successfully."
3775 179 0.137941 53601.34901900087 2.209323691799714e-05 5.999999986312936 0.9794095512885648 0.0 0.13496443223993992 2.89133862194646e-06 0.0761368031682883 0.09800577057209225 1313.9734110328932 139.0 -17.108995949922427 0.15665714487859717 53616.349019 53705.254782 0 179 "Minimization exited successfully."
3780 84 0.360378 53641.4775321701 1.72104623924052e-05 3.3706316717608438 -0.003363984866404879 0.0 1.383322166515427 1.6598063791534164e-06 1.421999274136387 0.06402403010902652 55.42638653812255 80.0 -19.042006173246396 0.4332593856569531 53622.340814 53705.231807 25 59 "Minimization exited successfully."
3786 80 0.065163 53634.63712182529 1.0449652966281198e-05 4.707567537453031 1.1999999070539902 0.0 0.6058775757192052 5.373165103428339e-07 0.7217881617110331 0.01613218728327248 348.9123793455858 60.0 -14.534934357362541 0.22122043133360592 53622.371072 53705.26372 15 65 "Minimization exited successfully."
3805 83 0.246932 53642.91221533584 3.0541674746920044e-05 5.999999711839337 -0.05383392752276095 0.0 0.0025981903236242943 9.78213908991997e-07 0.21580853011009893 0.04006554128469897 267.05500670865626 79.0 -18.795828854020897 0.1228115927679525 53622.361274 53705.253552 25 58 "Minimization exited successfully."
3811 85 0.417873 53634.36411395897 1.8008288940258856e-05 -0.27283528879174757 -0.09743208325250052 0.0 0.011068431715102633 1.4565965952195723e-06 0.8388270168786289 0.06917859194522802 86.30186534747796 81.0 -19.463396807253584 1.1108090406648046 53622.362907 53705.255255 15 70 "Covariance may not be accurate."
3825 84 0.312029 53644.479820970686 2.6069211618383604e-05 -1.4249695915047544 0.00807218612209959 0.0 0.9795224686095025 2.100444536738966e-06 0.8500078007728948 0.06742299213369135 93.5873458007503 80.0 -19.119364996004435 1.3514261609706537 53622.373099 53705.265893 25 59 "Minimization exited successfully."
3852 96 0.346735 53648.23878353629 2.5033573071441273e-05 1.1264113295109732 0.20313982578708445 0.0 0.7666334711284435 4.351301560516775e-06 1.5380067826119541 0.09131606359670219 75.97676702159137 92.0 -19.346145305890786 0.8475629190792802 53622.304165 53705.194175 26 70 "Minimization exited successfully."
3858 94 0.146156 53626.758853659405 2.409274093000402e-05 4.156447199601056 0.8274031344816932 0.0 0.8245959574123845 1.813802711885803e-06 0.6364135003158404 0.05857936483617998 150.06072820435904 71.0 -17.24950966798726 0.2639126353752559 53622.308298 53705.198454 5 89 "Minimization exited successfully."
3868 91 0.19463 53668.98828515272 5.214952803077599e-06 5.999970096496982 0.9901472617519165 0.0 2.555971530262468 8.995204486739186e-07 1.01425862985616 0.14354081956198972 175.62473388859468 87.0 -16.36691250428033 0.15701626014052295 53622.323147 53705.213423 41 50 "Minimization exited successfully."
3871 90 0.535274 53680.46584568352 1.6050885753305934e-05 5.999999989127888 -0.3522963471500419 0.0 0.2898257600791112 6.795886055810386e-07 0.3367753126870161 0.01311149248118093 676.2272055691177 71.0 -20.07151071218285 0.11390583556252665 53622.300865 53705.190704 64 26 "Minimization exited successfully."
3872 87 0.415137 53675.00866244615 5.425418752527111e-06 5.999992468536286 -0.23009922414558204 0.0 0.7370492555492092 6.584457141994847e-07 1.9013064647258986 0.05294899754748306 193.09584957843447 83.0 -18.230646610197763 0.11747800082637028 53622.325617 53705.216415 53 34 "Minimization exited successfully."
3881 99 0.32616 53636.54685596655 2.7596071957215473e-05 -0.46988394553342516 -0.10800401863274545 0.0 0.609035627268895 1.4625283471514372e-06 0.5505154452359751 0.04483540865012087 80.6412158398737 95.0 -19.293951540857282 1.1507907413262792 53616.289635 53704.192055 24 75 "Minimization exited successfully."
3887 77 0.297161 53614.45044529522 3.362518201278752e-05 0.44534871568741696 -0.06390373876344979 0.0 0.00015377798990812153 3.819027619459961e-06 1.0762046947730761 0.08316041483643072 99.49434251670311 73.0 -19.274237514230407 0.974775262477614 53622.355558 53705.247146 0 77 "Covariance may not be accurate."
3888 100 0.116951 53643.4281742374 3.503045117732251e-05 2.603686405016175 0.5065512851039078 0.0 0.005078904301626608 1.6676993768138805e-06 0.4039706495508826 0.03781527079633906 180.67704458706254 76.0 -17.079979871335823 0.5936331710441927 53616.332714 53704.236493 30 70 "Covariance may not be accurate."
3889 100 0.227878 53634.54586511509 2.1111350505298442e-05 1.457181482537388 0.33270785344869114 0.0 1.0374656939347915 1.3815736476219266e-06 0.7440763406701199 0.054330276555268675 76.78878114273901 96.0 -18.116957261044206 0.7891883358497758 53616.333122 53704.23692 15 85 "Minimization exited successfully."
3901 184 0.061697 53656.37202091135 0.0010416647697005488 1.1749503557097611 0.071008300307152 0.0 0.026038679679913912 3.7769983932078822e-06 0.026557714298188095 0.0027585243641942148 2257.9439812953133 143.0 -19.27527000589879 0.8442664665487278 53616.352676 53705.25822 70 114 "Minimization exited successfully."
3903 100 0.043073 53601.34535515001 0.00016389518916830605 -1.002708281052552 -0.24316102780092974 0.0 0.11639089413074544 1.2827906927045945e-05 0.32583544816754495 0.04789245617442728 5955.299073058322 76.0 -16.458640302241527 1.2735961097856965 53616.345355 53704.249705 0 100 "Minimization exited successfully."
3935 87 0.641065 53656.77997337498 1.554980397610595e-05 0.5000409282617033 -0.4125390812143197 0.0 1.2724734302173601 1.0718145876775782e-06 0.1412758267679397 0.01762592123697987 286.6787198319893 68.0 -20.433591107894433 0.9791782292958118 53622.410026 53705.304064 33 54 "Minimization exited successfully."
3936 204 0.178146 53627.33111753607 1.27805166375361e-05 -5.999999950421184 -0.2935010986885306 0.0 0.6701767168960941 1.5612885504984187e-06 0.26697317548253174 0.07173862566880207 1057.9925016509642 159.0 -16.96777711058984 nan 53616.398018 53705.306178 12 192 "Minimization exited successfully."
3945 88 0.260455 53644.10881163539 4.625675492098247e-05 0.6887363191920155 -0.13720318130290887 0.0 0.5837462949493784 2.7057808818320413e-06 0.527085849575883 0.04483032730357356 100.29422393137224 84.0 -19.292478182461153 0.9347572753670335 53622.286766 53705.176179 17 71 "Minimization exited successfully."
3959 118 0.182509 53648.204038986034 2.666866350258479e-05 0.34648384918533015 0.3313277940908719 0.0 0.6046627751093183 1.6826441682815672e-06 0.7049610457071269 0.04987152739792311 90.98640430291542 89.0 -17.82935858418585 0.9735486019273516 53622.44792 53705.343685 34 84 "Minimization exited successfully."
3967 93 0.103849 53632.1220073876 7.434422284466891e-06 0.37887709986117457 0.9938174213580189 0.0 1.4007049873252981 1.5378021014089698e-06 1.1285797591707816 0.14959458361888478 139.74997040345255 70.0 -15.155997858511686 0.932534672199985 53622.395046 53705.288382 9 84 "Minimization exited successfully."
3975 199 0.392269 53648.67417703489 1.9300255326126783e-05 0.017816651241970405 -0.008188374785638275 0.0 0.5981778021050559 1.0814405675158005e-06 0.618028292850934 0.03873920977247791 184.83496393157847 195.0 -19.375679878807208 1.0502241247876256 53616.393177 53705.300664 64 135 "Minimization exited successfully."
