analysis_pipeline/fit_results/sdss_4_salt2_2.4_blue.ecsv
# %ECSV 0.9
# ---
# datatype:
# - name: obj_id
#   datatype: string
# - name: num_points
#   datatype: int64
# - name: z
#   datatype: float64
# - name: t0
#   datatype: float64
# - name: x0
#   datatype: float64
# - name: x1
#   datatype: float64
# - name: c
#   datatype: float64
# - name: z_err
#   datatype: float64
# - name: t0_err
#   datatype: float64
# - name: x0_err
#   datatype: float64
# - name: x1_err
#   datatype: float64
# - name: c_err
#   datatype: float64
# - name: chi
#   datatype: float64
# - name: dof
#   datatype: float64
# - name: b_max
#   datatype: float64
# - name: delta_15
#   datatype: float64
# - name: tmin
#   datatype: float64
# - name: tmax
#   datatype: float64
# - name: pre_max
#   datatype: int64
# - name: post_max
#   datatype: int64
# - name: message
#   datatype: string
# schema: astropy-2.0
obj_id num_points z t0 x0 x1 c z_err t0_err x0_err x1_err c_err chi dof b_max delta_15 tmin tmax pre_max post_max message
[from data line 414]
4639 33 0.36401 53642.529652624195 2.1352693057450356e-05 1.6480175585429144 -0.18175831875018122 0.0 1.215252826717915 2.5687141233660116e-06 1.212794422672136 0.07631613035131019 25.372013351381334 29.0 -19.29724640341294 0.7735654676927162 53622.405586 53705.299363 7 26 "Minimization exited successfully."
4651 64 0.150687 53648.742201707784 2.6399302830779627e-05 -0.3607767007059657 0.5257902628675613 0.0 0.6742789872805588 2.368183623103205e-06 0.8876212435701936 0.09084709992974671 41.229974942501286 60.0 -17.36783434503886 1.088921450042335 53622.426995 53705.322175 15 49 "Minimization exited successfully."
4669 44 0.140794 53644.979050241665 2.2929974730516723e-05 -1.2401593322297604 -0.1601282679649928 0.0 0.8361714449638384 2.2065605003224185e-06 1.0081237601699953 0.11777848951610487 70.12163619822832 40.0 -17.039550714316803 1.321947290823168 53616.363687 53704.267557 16 28 "Minimization exited successfully."
4673 63 0.4981 53658.72675026341 1.638598345384601e-05 5.999999947222168 -0.3257294380526049 0.0 0.9276127118901059 7.040595893975664e-07 0.08619800501821828 0.018920315516311625 582.5403977015358 59.0 -19.904876430328443 0.11467171717632141 53616.358353 53704.263368 27 36 "Minimization exited successfully."
4676 63 0.24371 53653.19096423926 6.233953650833568e-05 0.691373830158378 -0.08021947550572373 0.0 0.24702162072208012 1.9387644335150376e-06 0.2836153167220745 0.02755237904074559 55.90587888447436 59.0 -19.451390941708784 0.9320477307095381 53616.363225 53704.268469 24 39 "Minimization exited successfully."
4679 44 0.331035 53654.42499158861 2.5297279302552988e-05 1.0114747758321547 0.19299661343447472 0.0 0.7332180143203004 2.1177666832350447e-06 0.8383308858076006 0.07683622475223506 33.09465473813302 40.0 -19.23966824867094 0.8669472579801685 53616.370524 53704.276537 18 26 "Minimization exited successfully."
4682 65 0.400886 53645.97195972028 1.6422900033755684e-05 -0.7401207858574761 0.08263539662514674 0.0 1.0162228012741252 1.2334948017017628e-06 0.936283311946287 0.07113470821844514 57.40801150200558 61.0 -19.256172716671667 1.1938060737899328 53616.370524 53704.276537 24 41 "Minimization exited successfully."
4690 69 0.198809 53657.41077969326 3.106023253450663e-05 1.0395450449568973 0.5796352483074343 0.0 0.6520031150721479 3.6585895092772203e-06 0.8695474682486521 0.10459077061488453 56.77838958618958 65.0 -18.214695792307264 0.8469253094268581 53616.401238 53704.308716 25 44 "Minimization exited successfully."
4706 53 0.589746 53669.56539867475 2.6589457685901598e-05 0.34580057776933426 -0.49142597534132815 0.0 0.32922216086808476 9.338855026980185e-07 0.10542172378507875 0.00971658099077194 967.9434226247265 49.0 -20.798487860127402 1.0107787072980692 53622.398699 53705.292181 24 29 "Minimization exited successfully."
4737 67 0.464087 53653.604227483855 1.9399162718607423e-05 0.38068722196534033 -0.12178482392801315 0.0 0.646273145412124 1.8930828994778727e-06 0.8607529373152532 0.05486105121638607 56.54796111203919 63.0 -19.816549470293133 0.9889406062684465 53616.391578 53704.298087 23 44 "Minimization exited successfully."
4742 89 0.132938 53601.453871794765 2.7551545711546056e-10 -4.6374414657164 0.8204871850905904 0.0 80.09626454807949 1.5075244494751062e-05 7.911050810921552 1.2165083212193455 126.33687620415603 85.0 -4.63665390441502 2.316284468202106 53616.45553 53705.364194 0 89 "Minimization exited successfully."
4757 71 0.435253 53635.54967657732 1.636849953697839e-05 0.21334610159767564 0.011708679955076073 0.0 1.4870909640740138 1.2543020511329714e-06 1.1223579014725535 0.08505295747726804 58.202526418998765 67.0 -19.464917467411844 1.0131229984860255 53616.404886 53704.312032 10 61 "Minimization exited successfully."
4772 40 0.104714 53668.02547901244 4.3484552108028484e-05 3.2017085319556173 -0.30090482003726393 0.0 1.1660299067225424 2.581453235482312e-06 0.923664940898977 0.04530943253248554 164.6594026773081 36.0 -17.04984891136654 0.4889881670898859 53616.4375 53704.344439 18 22 "Minimization exited successfully."
4779 62 0.533743 53652.700945436016 1.3327231565393172e-05 -1.1172858349359052 -0.18060001135999282 0.0 0.8560606275350437 1.4811979029794027e-06 0.8154168474870933 0.05212990297671327 43.88563151525338 58.0 -19.774305389641597 1.2950864046447705 53616.363636 53704.268879 23 39 "Minimization exited successfully."
4808 66 0.34803 53653.61189573945 1.815703695705162e-05 0.04330593646892922 0.31224812376379396 0.0 1.023289528213354 3.0168466038504865e-06 1.2959601079299863 0.14287272271300566 62.421837821337476 62.0 -19.009040981282684 1.0282061295184377 53616.407287 53704.31461 20 46 "Minimization exited successfully."
4857 65 0.515438 53638.1967380075 1.180521984021632e-05 0.14008738860929615 -0.2388640578984761 0.0 1.3308400960377185 1.0761330753517046e-06 1.3173426576331835 0.060091752350448446 42.753597444323994 61.0 -19.553107692103872 1.0386255147180954 53616.374182 53704.280326 14 51 "Minimization exited successfully."
4864 33 0.135858 53648.56537855348 1.3446175452349607e-05 5.999999966098855 -0.34092617748384946 0.0 1.56122812941976 1.3623774267806916e-06 1.382915377687885 0.08384235053571337 31.153045471755426 29.0 -16.46359613980158 0.11423287200377885 53622.371104 53705.261576 10 23 "Minimization exited successfully."
4866 36 0.3762 53687.56945210459 1.234938264686014e-05 5.999999789775007 -0.22601322153399117 0.0 0.7559496530557226 1.0876792526048894e-06 0.5529055391211468 0.05579575123541236 274.8256645635353 32.0 -18.870719488344793 0.11759920791559964 53622.393029 53705.286638 30 6 "Minimization exited successfully."
4927 59 0.501885 53682.95676397379 1.0250631133361666e-05 5.999999030029045 -0.33511992538119617 0.0 0.8503255856121541 7.665644437404587e-07 0.26209444504518586 0.025944823357892 264.23113775034113 55.0 -19.415526846248763 0.11440035135434456 53623.211556 53704.121386 42 17 "Minimization exited successfully."
4928 37 0.125181 53650.322735437774 1.9775042895313623e-05 5.722398417436693 -0.2024920135256466 0.0 0.6291187841634382 3.0955833578671933e-06 8.29396857398539 0.10932394295259779 55.50360530889696 33.0 -16.676929549971913 0.13210744873860492 53623.221611 53704.13038 12 25 "Minimization exited successfully."
4968 59 0.180827 53671.284853385856 3.341392391384201e-05 5.99999994805342 0.17448987395915316 0.0 0.642494883530162 1.0082983663989275e-06 0.128794217993498 0.05252337843419019 146.44459951031703 55.0 -18.138756398454635 0.1299852721148511 53623.177828 53704.087139 30 29 "Minimization exited successfully."
4969 37 0.305176 53601.27435506509 3.2886645402041558e-06 5.996931719898427 1.199978256390744 0.0 15.929551874392928 1.7302126166213181e-06 11.993241478329779 1.4881009862954948 238.82125001571154 33.0 -17.00572445905432 0.16405314675647276 53616.274355 53704.176216 0 37 "Minimization exited successfully."
4978 42 0.28063 53657.03641499458 2.744922274304118e-05 -1.145545233480588 0.005553588349957783 0.0 0.6393319092203456 1.760138361421304e-06 0.5216287942029356 0.08150544631335882 23.724691109679362 38.0 -18.90950909073826 1.2870873317324119 53616.286336 53704.188203 20 22 "Minimization exited successfully."
4986 38 0.266426 53659.88659103882 1.6077195870591866e-05 5.999998526950348 -0.3583397385413575 0.0 0.8585013780721056 1.0086295920913582e-06 0.29506002020139377 0.07484012016045266 233.02162459805578 34.0 -18.288761310006116 0.11373254044732306 53616.3102 53704.213011 18 20 "Minimization exited successfully."
5017 71 0.548834 53679.132490231685 8.964134310569527e-06 5.999992001030968 -0.3595536060067226 0.0 0.46941128735852544 5.866022559625206e-07 0.33274528735640896 0.01835795409639529 382.4448093896001 67.0 -19.504938024556242 0.11369806607438804 53616.404478 53704.312047 49 22 "Minimization exited successfully."
5039 40 0.081389 53601.26316701816 0.0003068053812076332 -5.99999962866963 0.017670047738250094 0.0 0.0390684361300373 5.390740601852182e-05 0.063708798014523 0.09662239216861163 556.062598453845 36.0 -18.57641450732511 5.608698467386674 53616.264826 53704.164669 0 40 "Minimization exited successfully."
5103 60 0.160592 53654.56630540349 0.0001197102464233002 -0.22418692548915686 0.04455772239433453 0.0 0.14723828015121398 2.085622511061597e-06 0.15230333728624545 0.01944944301790852 60.49636230449218 56.0 -19.146325446192765 1.093243266220906 53623.302242 53704.214767 24 36 "Minimization exited successfully."
5104 58 0.212305 53654.34631919368 1.3222398358324617e-05 5.9999903548001505 0.29501369764817653 0.0 0.8961720882507507 8.549886340780688e-07 0.5435085216584286 0.11463799786551765 118.23546744231837 54.0 -17.526722775002547 0.1338801743948288 53623.305123 53704.218185 23 35 "Minimization exited successfully."
5114 60 0.563293 53654.99537090927 1.1869880400421363e-05 2.96236439019391 -0.4463536288097464 0.0 0.3613249394329614 9.612881263149081e-07 1.0951811097589719 0.034433076222815884 295.10436557606937 56.0 -19.80415740095913 0.546166919926673 53616.246528 53704.147151 23 37 "Minimization exited successfully."
5141 57 0.441746 53672.22202047727 1.0068887854018938e-05 5.9999999973278015 -0.2765109046615555 0.0 1.016414846850239 8.193551746538133e-07 0.742775265978767 0.04087437194645738 149.36145396654368 53.0 -19.063012547422545 0.11610646909956301 53616.271437 53704.172853 35 22 "Minimization exited successfully."
5144 22 1.930889 53601.42498000252 0.001272970655332777 -2.8759147274573893 0.5464483904277089 0.0 3.107763690644788 0.0011900403214572014 1.2679910141875221 0.293680486873631 20.290749589960832 18.0 -28.18432503342719 1.6784201049302183 53616.427468 53704.332329 0 22 "Minimization exited successfully."
5172 54 0.156791 53646.58882913033 1.8872326583107e-05 5.999999971737594 0.17863552886104528 0.0 0.9534875862227636 9.981456412189179e-07 0.6790169872181107 0.08678854616896436 77.73881041353376 50.0 -17.176631266305783 0.13011813737173128 53616.283014 53704.184842 21 33 "Minimization exited successfully."
5183 64 0.389088 53647.182669177855 1.664661711398674e-05 0.4994977068261175 -0.03679353425984677 0.0 1.082128682959592 1.4224580022670359e-06 1.0754068601164386 0.06044664903103175 42.28409490329246 60.0 -19.194598207795615 0.963962946343365 53616.456663 53704.366275 19 45 "Minimization exited successfully."
5194 133 0.774511 53663.04972294506 9.158033182894432e-06 5.999999937279428 -0.5721812960948747 0.0 0.8480532374051108 6.741256617437405e-07 0.14585653304762225 0.05762154562773597 297.72483164469355 129.0 -20.449957995816035 0.10781530626615776 53616.40768 53705.315503 46 87 "Minimization exited successfully."
5199 56 0.220456 53651.49843683398 3.590176263628009e-05 0.6180670156418362 0.07139379237394028 0.0 0.5431035542678728 1.9496162384569114e-06 0.5741814213592336 0.06015887060618397 54.69192342295993 52.0 -18.605732681871274 0.9385329172883914 53616.281387 53704.183051 21 35 "Minimization exited successfully."
5209 41 0.28274 53639.628812085095 1.0175808295148636e-05 1.348930994166933 0.1421901638652463 0.0 2.08846144049312 1.5065058808616528e-06 1.7848522046501611 0.1863266118424185 30.62728230158408 37.0 -17.85375672697473 0.8131558610834873 53616.311846 53704.214705 13 28 "Minimization exited successfully."
