analysis_pipeline/fit_results/sdss_4_salt2_2.4_red.ecsv
# %ECSV 0.9
# ---
# datatype:
# - name: obj_id
#   datatype: string
# - name: num_points
#   datatype: int64
# - name: z
#   datatype: float64
# - name: t0
#   datatype: float64
# - name: x0
#   datatype: float64
# - name: x1
#   datatype: float64
# - name: c
#   datatype: float64
# - name: z_err
#   datatype: float64
# - name: t0_err
#   datatype: float64
# - name: x0_err
#   datatype: float64
# - name: x1_err
#   datatype: float64
# - name: c_err
#   datatype: float64
# - name: chi
#   datatype: float64
# - name: dof
#   datatype: float64
# - name: b_max
#   datatype: float64
# - name: delta_15
#   datatype: float64
# - name: tmin
#   datatype: float64
# - name: tmax
#   datatype: float64
# - name: pre_max
#   datatype: int64
# - name: post_max
#   datatype: int64
# - name: message
#   datatype: string
# schema: astropy-2.0
obj_id num_points z t0 x0 x1 c z_err t0_err x0_err x1_err c_err chi dof b_max delta_15 tmin tmax pre_max post_max message
[from data line 462]
5340 32 0.192595 53643.417594285616 1.7084984231298117e-05 -2.82578783174013 1.1999961011116294 0.0 0.8096479894447839 7.195219960837167e-07 0.6483908263448122 0.26936428059269035 705.5613120560414 12.0 -17.545715490480475 1.559542594769482 53622.178348 53705.063674 8 24 "Minimization exited successfully."
5350 32 0.17431 53659.54864173251 1.30226595517835e-05 -0.9725948414636587 1.1998879319582332 0.0 0.8469853218848584 7.540008184120376e-07 0.8280727512790302 1.6556953054223171 20.771547694979372 12.0 -17.01143575678604 1.1511618480068329 53622.178801 53705.064509 12 20 "Minimization exited successfully."
5378 48 0.250112 53659.48838236185 1.140244923735323e-05 -0.6826353987526153 1.1996010223280251 0.0 1.031110633382923 8.273760106214392e-07 0.9419812121627258 1.5575749868296793 25.50290900661418 20.0 -17.747625527386422 1.0980406700980971 53622.429037 53705.322173 16 32 "Minimization exited successfully."
5391 52 0.300212 53657.80177924009 8.096180158219113e-06 -2.0795566063390947 1.196338049496319 0.0 1.1641977512008452 2.1209710180786214e-06 1.0783763116522835 2.051267011324313 14.879530577555276 22.0 -17.82938225986215 1.3782532142963824 53622.468035 53705.363332 18 34 "Minimization exited successfully."
5395 75 0.116348 53663.826214767585 0.0002383206875309929 0.8979431019174449 0.032760060902566446 0.0 0.14360244220370078 7.942000102191245e-06 0.13968423796759755 0.026717890439148073 38.58166706285393 46.0 -19.132864676894755 0.8921236942557371 53622.459973 53705.355844 30 45 "Minimization exited successfully."
5461 119 0.114578 53651.19708260295 4.402397514000622e-06 5.812962054742737 1.1999999779425319 0.0 1.2164169443713035 3.343490204632536e-07 8.021847947084966 0.21019741212726495 136.55897365521193 76.0 -14.943215071569867 0.16990850311438166 53622.229511 53705.1167 33 86 "Minimization exited successfully."
5470 41 0.290104 53663.91582630909 1.008528319130786e-05 5.99999377403617 0.12693991272036453 0.0 3.000865397592861 2.3992072240562877e-05 1.3912609703908982 1.6492615394453418 27.048372067103575 16.0 -17.997520312983156 0.12846768920856277 53616.271449 53704.171135 20 21 "Covariance may not be accurate. Covariance not positive definite. Covariance forced positive definite."
5473 40 0.275583 53655.83174537296 7.613999509875625e-06 -1.4519330895353368 1.1885456474053542 0.0 1.7087814679143776 3.713974801733966e-06 1.583273245309683 2.095374969729545 13.49858145192449 16.0 -17.54795279600383 1.2453197339141404 53616.29828 53704.199386 18 22 "Minimization exited successfully."
5486 40 0.22813 53653.81891512756 9.615081732267107e-06 1.9187103406507564 1.19966599511655 0.0 1.0654320891480893 1.0649995303857462e-06 1.277377044040176 1.6209461513864944 20.706430379357908 16.0 -17.339117954272325 0.6877601928176489 53622.252162 53705.138509 12 28 "Minimization exited successfully."
5501 40 0.238531 53638.245040099915 2.0338344153303377e-06 5.999915927039471 1.1999660558380874 0.0 0.0050265901372767985 4.81462526421561e-07 2.001566813440352 1.776745448056975 44.46817518335165 16.0 -15.870885341751787 0.1639654696422781 53622.260111 53705.147046 10 30 "Minimization exited successfully."
5507 60 0.109693 53695.25563957305 2.021160939700284e-05 5.999618059432478 -0.9999970225776565 0.0 0.36386531838434166 7.85092695185563e-06 10.941896211594884 0.3172631333889819 157.81009685138628 36.0 -16.439405924199182 0.09745030663822618 53622.278865 53705.167227 51 9 "Minimization exited successfully."
5533 76 0.218868 53666.6641389972 4.9269118780339574e-05 1.1485854545398801 0.07173806157210483 0.0 0.7874023136282631 1.949793316247117e-05 0.743271078170519 0.2853721436109234 29.58239445084798 34.0 -18.932182908181737 0.8486210507969645 53616.226085 53705.125692 30 46 "Covariance may not be accurate. Covariance not positive definite. Covariance forced positive definite."
5536 44 0.128205 53666.21620871466 0.0002458896959081458 4.447500404769471 -0.9997105066939859 0.0 1.5008818482529023 3.2245667941901415e-05 1.2762061191402383 2.167148006795561 49.62768611040052 18.0 -19.469052425459736 0.23091472170357008 53616.249865 53704.149288 20 24 "Minimization exited successfully."
5543 60 0.070322 53657.49679352622 8.692075804097588e-06 -0.10863942134207694 0.9963840837295763 0.0 1.2766781352729595 3.8458189844081665e-06 1.1035072660333016 0.29548428198411103 32.712027982216426 36.0 -14.428521839155223 1.0126530285371018 53616.303619 53704.205374 30 30 "Minimization exited successfully."
5549 63 0.119914 53666.20445392392 0.00022475654331866268 0.318381534961933 0.02635769834737589 0.0 0.1416812591960479 7.656075094871764e-06 0.1348488169450599 0.027374773875374625 28.251589993419444 38.0 -19.139431704934623 0.9934172734979683 53616.320846 53704.22332 30 33 "Minimization exited successfully."
5550 42 0.154924 53670.9870515173 0.0008210728861015482 1.2855558688147815 -0.9993144985527721 0.0 0.344910465672001 9.67393854418619e-05 0.36934681129789704 1.8578361062165734 16.500490760076744 17.0 -21.20232344034249 0.8555160306470242 53616.322903 53704.224601 26 16 "Minimization exited successfully."
5552 20 0.423476 nan nan nan nan 5.5e-05 nan nan nan nan nan nan nan nan nan nan 0 0 "No bands in data overlap the model."
5553 40 0.242856 53671.3215257855 5.517649731185959e-06 5.99983019376983 1.1996873255256437 0.0 2.8586338244167564 5.344452622962904e-07 9.502474720336068 1.8875771544472832 13.056088596998162 16.0 -16.998738075235014 0.16395882560292563 53616.34658 53704.249333 24 16 "Minimization exited successfully."
5564 68 0.107715 53657.8129969284 1.333186017138388e-10 1.323934336662166 -0.6606726031580031 0.0 78.40945266484778 8.298342068180364e-07 7.7230458118737735 1.277700729688497 81.52571472403949 42.0 -3.344620079592765 0.8409610022275871 53616.234464 53704.13382 27 41 "Minimization exited successfully."
5588 21 0.40946 nan nan nan nan 8.9e-05 nan nan nan nan nan nan nan nan nan nan 0 0 "No bands in data overlap the model."
5590 20 0.446093 nan nan nan nan 0.000113 nan nan nan nan nan nan nan nan nan nan 0 0 "No bands in data overlap the model."
5607 42 0.216462 53661.88980699422 4.561607794513201e-06 4.249154243623128 1.1997604567491624 0.0 1.87234786850604 6.100168356570903e-07 2.4508268651750376 2.027167529729312 16.469502756855054 17.0 -16.436487754477124 0.25502827698718633 53616.366889 53704.270629 18 24 "Minimization exited successfully."
5635 44 0.178391 53660.69862359515 1.2268658697099921e-05 -1.5752613993852478 1.1840702358056512 0.0 0.8105374957922322 5.409620999124453e-06 0.9235203231107376 1.7386927955370097 13.236520100086693 18.0 -16.99986869615343 1.2709442370004957 53616.238623 53704.137707 18 26 "Minimization exited successfully."
5659 21 0.489078 nan nan nan nan 0.000112 nan nan nan nan nan nan nan nan nan nan 0 0 "No bands in data overlap the model."
5673 20 0.378252 nan nan nan nan 6.2e-05 nan nan nan nan nan nan nan nan nan nan 0 0 "No bands in data overlap the model."
5686 40 0.262255 53652.81940344694 4.6783885810663955e-06 5.999999769686152 1.1999993010411005 0.0 1.2601082969704294 4.047121455857949e-07 0.4043157772964374 1.7229818435329274 66.9581724507816 16.0 -17.009852998949157 0.163964112257041 53616.301993 53704.203204 16 24 "Minimization exited successfully."
5689 40 0.169789 53662.2945979502 4.271844496804622e-05 -0.9229717414467711 0.3979442814453855 0.0 0.7177399072716071 2.4580934710711214e-05 0.817779498351471 0.37702980705420364 22.227489713685376 16.0 -18.168907186105177 1.2079058420323676 53616.306908 53704.208381 20 20 "Covariance may not be accurate. Covariance not positive definite. Covariance forced positive definite."
5690 40 0.221088 53669.055035514895 4.5345905216994665e-05 5.999993484466994 -0.9984534891543804 0.0 2.881347315298626 1.1653351565434345e-05 7.5237228544428705 2.1213331910847497 20.115180627403944 16.0 -18.989192788350117 0.09746332590236761 53616.344967 53704.247583 22 18 "Minimization exited successfully."
5691 41 0.284349 53654.1448815594 1.9618452892654627e-05 1.284598263545833 0.3431659868453656 0.0 1.5634338051022496 1.9016208672542057e-05 1.7233032010315399 0.7243118423167445 14.316353625029755 17.0 -18.58586390311215 0.8166638305602625 53616.329863 53704.231842 15 26 "Covariance may not be accurate. Covariance not positive definite. Covariance forced positive definite."
5717 76 0.250368 53665.36912989851 0.0001678948286493731 2.1358371735792137 -0.999810883857519 0.0 0.9036385456638527 1.5447471054775837e-05 0.859324296611554 2.1937481164411885 22.472354276253718 34.0 -20.64551038184294 0.7082911117931019 53616.361632 53705.266324 34 42 "Minimization exited successfully."
5736 76 0.25174 53665.803782213596 9.572768183733205e-06 -0.38565418254334993 1.1965471037244537 0.0 0.6852963930396072 1.5121205875123776e-06 0.7579887814310293 1.561302976074466 38.44519905368623 34.0 -17.573625469832486 1.0459206101985927 53616.375016 53705.28031 34 42 "Minimization exited successfully."
5737 22 0.391599 nan nan nan nan 0.0005 nan nan nan nan nan nan nan nan nan nan 0 0 "No bands in data overlap the model."
5751 74 0.129282 53666.180561106376 0.0001469852287908513 1.076163848397739 0.16865334479522698 0.0 0.33671033526115934 2.8441763943750084e-05 0.23933628116209027 0.12399707418071226 42.83420892803152 33.0 -18.85723339118192 0.8571373814122012 53616.344539 53705.248479 32 42 "Covariance may not be accurate. Covariance not positive definite. Covariance forced positive definite."
5754 0 0.789767 nan nan nan nan 0.000118 nan nan nan nan nan nan nan nan nan nan 0 0 "Empty table passed to fit_lc."
5776 38 0.23722 53655.09705565324 0.00016165583268455854 -4.111639485308437 -0.9999904790276027 0.0 2.382541214254161 1.5774503039924225e-05 2.3042820521168705 1.6421479504375867 29.64557176179069 15.0 -20.464273973932755 2.5810344082582724 53622.23875 53705.125232 10 28 "Minimization exited successfully."
5785 38 0.147069 53650.91221906777 0.0005681618023556734 -0.5084192548590858 -0.9997202240579599 0.0 0.9139705496527313 4.555825105803435e-05 0.5787510010050636 1.7048077563902657 48.28925131011371 15.0 -20.676573702941372 1.2058694771881342 53622.239165 53705.125247 10 28 "Minimization exited successfully."
5802 66 0.299152 53659.5873371412 0.00011221861971227542 0.46757272539789874 -0.9998357132859341 0.0 1.3531722138795885 1.1727679214292853e-05 1.4320092967757536 2.1146778144534077 19.75454342990973 28.0 -20.649066498112425 1.005198684650889 53616.224824 53705.123996 24 42 "Minimization exited successfully."
5803 0 0.6855 nan nan nan nan 0.455062 nan nan nan nan nan nan nan nan nan nan 0 0 "Empty table passed to fit_lc."
5806 63 0.122306 53667.93387950034 1.8953215740572515e-05 5.283887218216748 1.0123997697193086 0.0 0.60966498110065 2.070879842270279e-06 0.5088195198240903 0.08407096714111595 77.19118496943668 38.0 -16.63177334996875 0.18611111462837826 53622.274281 53705.162118 30 33 "Minimization exited successfully."
5807 42 0.194027 53667.565973135424 1.0163238733583713e-05 0.6246894278300656 1.1912983138893387 0.0 1.2468795753338782 4.270094771584021e-06 1.1460028853423347 1.9752552158143932 29.038937164777657 17.0 -17.00128653296366 0.8830671440387974 53622.275526 53705.162546 20 22 "Minimization exited successfully."
5821 19 0.399403 nan nan nan nan 0.0005 nan nan nan nan nan nan nan nan nan nan 0 0 "No bands in data overlap the model."
5844 80 0.309294 53662.84523124491 9.276131646075769e-05 -0.28830673978135923 -0.9987045230120631 0.0 1.4495122359476227 1.810377612172731e-05 1.2248687717110158 2.196058246323063 39.52754967806778 36.0 -20.525145822846405 1.1578260647744223 53616.223589 53705.123075 30 50 "Minimization exited successfully."
5856 32 0.302011 53684.29843467595 0.00012743688019689058 5.999999999927992 -0.9999231656205929 0.0 1.0412357560489909 6.5780584545105364e-06 2.6473480452709657 1.6771360124969763 64.08091083024925 12.0 -20.88474325109004 0.09743098959878793 53622.359254 53705.249694 24 8 "Minimization exited successfully."
5859 32 0.238695 53660.74333222588 3.996876973785257e-06 -1.7348216053895484 1.1982091747528885 0.0 5.524716468309634 1.0719578351986448e-06 3.5382149383125103 2.0827206839061443 22.95101325412632 12.0 -16.493135959342872 1.3027541428911 53622.377196 53705.267993 10 22 "Minimization exited successfully."
5867 0 1.576691 nan nan nan nan 0.001231 nan nan nan nan nan nan nan nan nan nan 0 0 "Empty table passed to fit_lc."
5869 38 0.15728 53649.3626154346 0.00012660611733907756 -3.123801161306787 -0.9997025481533364 0.0 1.3551658011128893 2.0576782557216735e-05 1.6303628411055402 1.903679599217726 23.31756717894788 15.0 -19.20386174475339 2.0112850039027172 53622.400747 53705.29303 10 28 "Minimization exited successfully."
5870 0 1.419708 nan nan nan nan 0.00108 nan nan nan nan nan nan nan nan nan nan 0 0 "Empty table passed to fit_lc."
5879 38 0.152184 53655.83594459076 0.00025304361518822203 -2.224684247745785 -0.9995485250023467 0.0 0.8290021575339779 2.927679505677295e-05 1.0343372787416878 1.8101093271371997 88.79034360244157 15.0 -19.87799035717611 1.6662929792360046 53622.412887 53705.305302 12 26 "Minimization exited successfully."
5890 40 0.178575 53653.17994524202 1.6123734533329825e-05 0.9370333480025099 1.1995933193291455 0.0 0.7480674329017347 1.1263872220163007e-06 0.7202728086377195 1.5224193762655358 21.0897432154127 16.0 -17.303345528117386 0.8351305432673861 53622.25006 53705.136827 12 28 "Minimization exited successfully."
5897 46 0.367892 53667.576654372926 7.68175918791192e-06 1.0996161541421277 1.1831775336948378 0.0 1.827414641793439 3.2066047659196077e-06 1.808013745735419 2.0061113979909195 24.245211930742524 19.0 -18.288266709355057 0.8114470697579037 53622.42984 53705.323454 20 26 "Minimization exited successfully."
5909 34 0.346141 53653.95339271466 6.96556185329833e-05 2.156579603414283 -0.9808498562459085 0.0 1.6763827751092322 5.1154028098249766e-05 1.9158026787759175 2.1555297967029174 10.401165723696494 13.0 -20.50050802427761 0.7044005790517467 53622.373942 53705.265001 10 24 "Minimization exited successfully."
5916 32 0.172701 53663.55277018257 0.00011466981428569723 -0.9329479960188252 0.027009561520253245 0.0 0.6259717562170408 4.214409166879374e-05 0.5096362289230374 0.24515149357773602 24.73726092850294 12.0 -19.273331431417844 1.2386057191567375 53622.341241 53705.23052 10 22 "Covariance may not be accurate. Covariance not positive definite. Covariance forced positive definite."
5917 32 0.2949 53666.47947340442 5.059601588618845e-05 0.06169256054494188 -0.08613948579963926 0.0 1.265838994535443 2.861312017102935e-05 1.130299971119677 0.46669901420021814 4.171227146113731 12.0 -19.698590789138006 1.0459877451849202 53622.342882 53705.232227 12 20 "Covariance may not be accurate. Covariance not positive definite. Covariance forced positive definite."
5920 51 0.080598 53654.77886154655 3.759574810997202e-05 0.370719870360694 0.7258828910719748 0.0 0.6046050704935624 7.903872156926893e-06 0.6272370941383283 0.14469385418179426 69.4209885566482 30.0 -16.305566320462358 0.9487242541488357 53622.392212 53705.284993 15 36 "Minimization exited successfully."
5925 20 0.395188 nan nan nan nan 0.000142 nan nan nan nan nan nan nan nan nan nan 0 0 "No bands in data overlap the model."
5944 123 0.04495 53667.901447202814 0.00212814888567201 0.7383797463215753 -0.08954103495078636 0.0 0.033879197129863314 2.731170366913004e-05 0.0357469915137143 0.008812791149203525 258.9079566413764 78.0 -19.336505292119256 0.9242326764613615 53616.391569 53705.298127 57 66 "Minimization exited successfully."
