analysis_pipeline/fit_results/sdss_4_salt2_2.4_blue.ecsv
# %ECSV 0.9
# ---
# datatype:
# - name: obj_id
#   datatype: string
# - name: num_points
#   datatype: int64
# - name: z
#   datatype: float64
# - name: t0
#   datatype: float64
# - name: x0
#   datatype: float64
# - name: x1
#   datatype: float64
# - name: c
#   datatype: float64
# - name: z_err
#   datatype: float64
# - name: t0_err
#   datatype: float64
# - name: x0_err
#   datatype: float64
# - name: x1_err
#   datatype: float64
# - name: c_err
#   datatype: float64
# - name: chi
#   datatype: float64
# - name: dof
#   datatype: float64
# - name: b_max
#   datatype: float64
# - name: delta_15
#   datatype: float64
# - name: tmin
#   datatype: float64
# - name: tmax
#   datatype: float64
# - name: pre_max
#   datatype: int64
# - name: post_max
#   datatype: int64
# - name: message
#   datatype: string
# schema: astropy-2.0
obj_id num_points z t0 x0 x1 c z_err t0_err x0_err x1_err c_err chi dof b_max delta_15 tmin tmax pre_max post_max message
[from data line 52]
1032 44 0.129033 53626.29641574253 9.585866674679089e-05 -2.5491423152306605 -0.39438343952974175 0.0 0.21102531694850768 4.621366835602659e-05 0.6468689563748709 1.1502841571162208 39.54195535018423 18.0 -18.392370386403684 1.707817948100324 53616.440283 53704.347453 2 42 "Minimization exited successfully."
1041 45 0.065187 53620.1114901597 4.754944199493738e-05 1.7738755930110717 1.1999993443135266 0.0 0.0010402089137642179 3.519837131822356e-06 1.048425193187943 1.373870694392463 131.63642671146795 19.0 -16.127867823583426 0.7098053491163796 53616.448702 53704.356252 2 43 "Minimization exited successfully."
1112 40 0.256085 53630.05701902718 3.721640437888474e-05 -0.2026908743973177 -0.0032748559715890524 0.0 0.7873209598219546 2.18471202156456e-06 0.9114684626997587 0.0597464236091495 20.6728822921581 36.0 -19.012860268174098 1.0918335009633218 53622.267208 53705.156046 6 34 "Minimization exited successfully."
1113 40 0.055632 53631.795928008665 0.00014256536688392218 5.999999720147926 1.199999990456957 0.0 0.3254642294377845 1.5473141339139535e-06 0.015161250710177043 0.009506046571159388 705.2782158811838 16.0 -17.06991332094271 0.1639641363316322 53622.272202 53705.159045 6 34 "Minimization exited successfully."
1119 36 0.296391 53624.99910430468 3.424347163866859e-05 0.010581499298696784 -0.10302791284362556 0.0 2.1427493925039016 1.8510052147535656e-06 1.4532828476684259 0.062480006215796025 18.151381335476977 32.0 -19.287512110500753 1.0564635936623112 53622.215192 53705.102995 2 34 "Minimization exited successfully."
1126 36 0.113914 53613.44116611593 7.943481263059216e-05 -2.6779200240338805 -0.9999872807112626 0.0 0.0006648222151852679 9.704396412241188e-06 0.6580956010169645 2.0354916035785644 37.18843303674545 14.0 -17.936675833100733 1.8269108635081217 53622.226961 53705.113265 0 36 "Minimization exited successfully."
1127 35 0.076085 53634.935031255314 4.516439133281369e-05 5.999999528640439 1.1999987919664603 0.0 0.6577792300413421 2.15746354337687e-06 0.27811879458983935 0.1394646058322615 108.374096500913 14.0 -16.53345340261554 0.16396410258741412 53622.328104 53705.217254 6 29 "Minimization exited successfully."
1131 57 0.172432 53635.156354898856 1.511545574188089e-05 5.999999821981881 0.3301310365116257 0.0 1.6438516274174617 1.3016839088519917e-06 0.3988760149295354 0.11954682154575813 54.40839183209209 34.0 -17.17018724113244 0.1350258403947997 53622.237489 53705.12568 12 45 "Minimization exited successfully."
1150 57 0.456315 53686.87315881408 9.840292329260647e-06 5.999999960633017 -0.2074634407196756 0.0 1.1303023000218673 8.853666411812181e-07 1.2034818237325267 0.04745897249973374 142.49238707186979 53.0 -19.12167065203437 0.11815262369308854 53622.324375 53705.214737 48 9 "Minimization exited successfully."
1151 32 0.361362 53613.25284420709 3.812555816710916e-05 2.1612489272176916 -0.3030785677548533 0.0 0.000457307614851743 5.769923762850571e-06 2.011307400323686 0.07555318555972057 18.3565321483184 28.0 -19.911855238008492 0.6905133163919892 53622.368625 53705.261183 0 32 "Minimization exited successfully."
1153 32 0.338423 53634.01402869943 1.9430634178508876e-05 5.999999949312381 0.12316637350906334 0.0 2.0636072957095166 1.2334036851113785e-06 0.6064465030237338 0.09405522853078296 28.778860633316693 28.0 -19.0976046684672 0.12834746043536782 53622.370256 53705.26246 4 28 "Minimization exited successfully."
1158 48 0.410115 53628.04493295144 2.2804807678893368e-05 -4.866068415407546 -0.05450543750059855 0.0 0.9806486311645131 1.793710501232226e-06 1.0389444510372883 0.09587191635575637 22.87726449478497 44.0 -19.66933558309071 2.8499936155682057 53622.3727 53705.265437 6 42 "Minimization exited successfully."
1166 34 0.380494 53631.83967396456 2.412177210904698e-05 1.9898971787828401 -0.0484069028294285 0.0 1.3946643991876044 2.239990533218216e-06 1.5666169853194765 0.0733749840110513 18.935446463133086 30.0 -19.541818037749568 0.7133001021399927 53622.351052 53705.242915 4 30 "Minimization exited successfully."
1170 34 0.32846 53617.38659300935 1.8378257433285805e-05 5.999989168341269 0.4667966806856436 0.0 6.5794047453964595 3.2384567334636803e-06 9.209283543683021 0.2385094369728471 45.224702040134716 30.0 -18.978735977631864 0.1395258396926593 53622.353506 53705.245472 0 34 "Minimization exited successfully."
1174 0 2.382896 nan nan nan nan 0.000411 nan nan nan nan nan nan nan nan nan nan 0 0 "Empty table passed to fit_lc."
1176 51 0.70546 53687.348852410716 1.1555290518022732e-05 5.978822640576521 -0.5052342056138467 0.0 2.1901909155058092 1.4702185219195302e-06 11.270848324933834 0.11597019309268775 191.4626032366154 30.0 -20.449279614532813 0.11066748750802802 53622.365351 53705.25657 42 9 "Minimization exited successfully."
1181 54 0.602537 53662.52576772236 1.8037386536358114e-05 1.9546176110142488 -0.40799037889551293 0.0 0.5042171068525931 8.85946815200045e-07 0.7184444307099556 0.030658851222411743 495.9684796937113 50.0 -20.431971128710035 0.7278515562386332 53622.403559 53705.297263 18 36 "Minimization exited successfully."
1184 51 0.548751 53614.2638330471 2.0702779847093788e-05 -0.42079603286823897 -0.7238417207895942 0.0 0.3171956490550656 2.5405704545866657e-06 0.0666522002325598 0.028368722163733096 376.810038705542 47.0 -20.350226166389604 1.174032760077779 53622.388953 53705.282051 0 51 "Minimization exited successfully."
1196 38 0.368957 53653.908144566034 3.598994432364888e-05 5.999999844183966 -0.4666395569932784 0.0 0.22652598225613474 1.2947455674616756e-06 0.05280856313110771 0.021292049926283696 807.1098979616289 34.0 -19.987035869529908 0.11068150448842218 53622.229522 53705.117482 10 28 "Minimization exited successfully."
1198 36 0.118439 53640.91256198272 1.677374716028912e-05 5.9999995234914305 1.1999999908464716 0.0 1.7204668355734611 1.9195355775952767e-06 0.8713941098250801 0.4007317976465895 35.14703523219308 14.0 -16.481856996106096 0.16396414208729837 53622.226132 53705.111918 10 26 "Minimization exited successfully."
1209 72 0.241036 53617.33341272527 6.284028419255239e-05 0.8118067903346757 0.032264454543465604 0.0 0.0001648472825763747 2.4978376956019686e-06 0.5181105075761483 0.0467271025132765 37.863431053016825 44.0 -19.432742598144586 0.9068072251800565 53622.426578 53705.321395 0 72 "Minimization exited successfully."
1214 48 0.263798 53618.200871761444 3.367948183361058e-05 -0.26617840072017795 -0.4778438756004154 0.0 0.0017479460620961618 2.317110118861263e-06 0.8367095299766909 0.07498097325137898 53.65015597785219 44.0 -18.989376583729364 1.1296926552285491 53622.43504 53705.330664 0 48 "Covariance may not be accurate."
1223 23 0.405 53640.101754168245 8.67743900172413e-06 5.999999957030486 1.199992829596519 0.0 1.4735264866612852 5.580315250419691e-07 0.17482654291463806 1.3813877728060737 104.31263406471453 17.0 -18.779222192869153 0.16396389438090253 53622.426209 53705.317596 5 18 "Minimization exited successfully."
1241 40 0.088477 53635.11235102737 0.0003421612321113887 -0.8373995552384814 0.3255392216632065 0.0 0.33267931609225343 9.555738965961162e-06 0.28185270672924645 0.8361230013113021 89.4743028547829 16.0 -18.894317324781124 1.1960362691772808 53622.265114 53705.152174 8 32 "Minimization exited successfully."
1243 57 0.196967 53619.20674124671 2.9261329995277086e-05 2.794380209567972 0.2883681250484593 0.0 2.7190447224747913 3.990567201349049e-06 1.7213634132625826 0.131812082896116 42.443030840477626 34.0 -18.117161922074867 0.5625186498544998 53622.274711 53705.163741 0 57 "Minimization exited successfully."
1248 54 0.781457 53678.868938280786 1.4324286236930827e-05 5.999978641436876 -0.3879705995334315 0.0 1.610611473704921 1.1019212445184663e-06 1.7063841207557546 0.06613255861668449 313.46801452074146 32.0 -20.953353808759726 0.11288814915248935 53622.223204 53705.110264 33 21 "Minimization exited successfully."
1251 68 0.178299 53640.61657522912 1.7306501300035083e-05 5.999999984235398 0.23609822735593444 0.0 1.0269093633869488 1.077827100429697e-06 0.15510642115342765 0.09871231890754006 213.42778636474068 42.0 -17.393027583647182 0.13196808034945207 53622.441492 53705.33735 12 56 "Minimization exited successfully."
1253 36 0.261657 53634.08546361341 4.9179633757735484e-05 -1.0911675917991417 -0.1373529997724432 0.0 0.48759669487844803 2.1421449089448196e-06 0.5598860565898898 0.04970182794653505 20.96901085564112 32.0 -19.369259707777207 1.2858806376497363 53622.224887 53705.112377 6 30 "Minimization exited successfully."
1277 37 0.143396 53619.05946985373 1.8235112258049303e-05 0.7486293531769546 1.1999999696746757 0.0 7.72859675635118e-05 2.7908864801290394e-06 2.680371691950021 2.1176853448105453 55.48902268962178 15.0 -16.912550312378517 0.8636492306983321 53622.245876 53705.132026 0 37 "Minimization exited successfully."
1281 37 0.289319 53641.917389875896 7.164577096313796e-05 5.999999999420675 0.06347155199162358 0.0 0.20676993223605677 1.2070332885277812e-06 0.016014892029823535 0.02657845105712231 1228.5384100088986 33.0 -20.117695860449825 0.12645996726428166 53622.243369 53705.131644 9 28 "Minimization exited successfully."
1293 60 0.405 53640.78485371338 2.274653870334542e-05 5.9999999995749285 0.23861937156255641 0.0 0.7143746280235064 1.3148281015601394e-06 0.10210782865674961 0.10634519840066003 158.79516227316478 36.0 -19.731824818719154 0.1320495865718314 53622.256765 53705.144094 15 45 "Minimization exited successfully."
1298 117 0.225088 53607.89310199245 8.76212678890953e-05 -0.8417909472813161 -0.13533798639626182 0.0 0.003373231396835763 1.2515460799943373e-05 0.802379420574101 0.12553564219096208 255.07588944694163 74.0 -19.62501068725114 1.230490021869727 53622.232873 53705.120526 0 117 "Covariance may not be accurate."
1311 40 0.260328 53615.40507524458 3.0484267722985516e-05 -4.301355588147565 -0.6481658385772948 0.0 1.9274802936670312 5.996123816757184e-06 0.9805672692924803 0.1674421433239312 41.52299916105391 36.0 -18.8551869951583 2.6179436510519274 53622.250905 53705.13937 0 40 "Minimization exited successfully."
1316 60 0.215653 53618.4314017984 6.680619622635997e-05 1.3279799541588986 -0.03606654483133276 0.0 0.0005274491450109053 2.617010498983104e-06 0.6776463841463225 0.04460761211245612 37.222067324288695 36.0 -19.226545986577207 0.822425333886855 53622.255925 53705.144082 0 60 "Covariance may not be accurate."
1329 40 0.087806 53630.76305917039 9.226026598999625e-06 5.999946666028645 1.199997399491381 0.0 0.056776724639348686 1.3374414634992339e-06 7.73674079409063 1.9084186565772119 14.717121326769378 16.0 -15.137887646194326 0.16396560065086163 53622.265521 53705.152221 6 34 "Minimization exited successfully."
1351 54 0.174548 53612.60461710738 8.170162786273694e-05 -1.5235856266080514 0.10242546057483914 0.0 0.0011264303648204077 9.991315673748554e-06 0.8486292866220522 0.10557800425047542 60.85999082048128 32.0 -18.931135199472067 1.366342577960964 53622.331796 53705.22235 0 54 "Covariance may not be accurate."
1354 38 0.247914 53619.45937573311 2.7364800138498512e-05 0.38717407830205985 0.1317239473658547 0.0 4.702041805161571 4.624119632820055e-06 1.6163014433387168 0.13205010691118801 34.069160918697335 34.0 -18.600137286856967 0.9761892786566513 53622.31119 53705.201021 0 38 "Minimization exited successfully."
1364 51 0.217423 53632.554625614386 3.572628738187311e-05 5.999984352605708 0.07182336569352343 0.0 1.1125158898648806 1.150022703670928e-06 0.510190107441014 0.054083150050155404 60.67599719356772 30.0 -18.655632007148114 0.12672354695875043 53622.378811 53705.271356 6 45 "Minimization exited successfully."
1371 41 0.117969 53633.731383726685 0.00029097597417187095 1.0239673385181334 -0.9999376269302909 0.0 0.136498386371386 4.219779985301087e-06 0.14767025811442158 1.4263605398528374 105.89956577579231 17.0 -19.432015137062105 0.9020881814674802 53622.297955 53705.18563 4 37 "Minimization exited successfully."
1372 34 0.067849 53631.91641379376 4.284611815923878e-05 5.999988884150293 1.1999988616849548 0.0 0.002200195249315584 1.4249086497586375e-06 0.10416464057663433 0.06049243972772134 306.564586203348 13.0 -16.21480350526788 0.16396441572446463 53622.390629 53705.282396 4 30 "Minimization exited successfully."
1378 38 0.124747 53623.121604636624 2.836936684205371e-05 1.6592480542796988 1.1999987826254563 0.0 0.002379410736466525 2.2471340561125435e-06 1.1650374479492882 2.19470775765117 12.887701067008718 15.0 -17.064925063368932 0.7270814002122634 53622.397121 53705.288758 2 36 "Minimization exited successfully."
1385 34 0.335346 53626.834742502084 2.8168423890008176e-05 -0.5092327154554903 -0.2029416913053036 0.0 1.7309798054593557 2.3600896102105036e-06 1.4561244320621176 0.07244141912880475 13.581107847944766 30.0 -19.387975628639964 1.164544091446583 53622.349422 53705.241177 2 32 "Minimization exited successfully."
1395 56 0.184968 53622.02090063446 8.869227144781667e-05 -1.1396542256873845 -0.01047009169812363 0.0 0.005404500519944122 2.822617288187892e-06 0.3996863923203544 0.04367383247791834 38.610551789842916 33.0 -19.15954114949622 1.2870338797675913 53622.319024 53705.209591 0 56 "Covariance may not be accurate."
1396 38 0.271554 53617.69492612951 5.431008266566173e-05 1.3049644625978072 0.03040097677507614 0.0 0.0013782574424112681 3.3474190036347774e-06 0.8775934798899838 0.07449936840969595 59.85261297835761 34.0 -19.570232855246335 0.8240919540879581 53622.319848 53705.210446 0 38 "Covariance may not be accurate."
1400 34 0.277262 53612.499008445586 2.96954715424258e-05 1.397543886227071 0.09334745314417048 0.0 0.005606880389677826 6.064735054670534e-06 2.1216930063386363 0.1838776485215245 32.225880810137525 30.0 -18.967146438309854 0.8067857462553576 53622.369843 53705.262475 0 34 "Covariance may not be accurate."
1403 38 0.359741 53627.33152169918 2.6294855821965558e-05 -2.6902028492533767 0.023644858004866043 0.0 1.2329649564780993 2.567108531137952e-06 1.545660646112498 0.1135405998561852 31.15884072398544 34.0 -19.488799377092082 1.698328787550512 53622.324791 53705.215148 4 34 "Minimization exited successfully."
1415 51 0.210449 53631.87536907376 5.75578940126753e-05 0.3761710099397648 0.22070805268500693 0.0 0.5153577168966876 2.877459663889193e-06 0.6791710008183718 0.05116598586562848 38.42373312178768 30.0 -19.00686622829815 0.9738536880760655 53622.342044 53705.233514 6 45 "Minimization exited successfully."
1427 34 0.338832 53614.39122444946 2.407199320272779e-05 4.918732546755894 -0.052033163121860126 0.0 0.0019478940557746682 5.373848188880426e-06 2.623532076852481 0.10733723013457452 37.35351665761951 30.0 -19.288700786580893 0.1876198223225103 53622.376356 53705.269294 0 34 "Covariance may not be accurate."
1450 72 0.399415 53639.184048973395 5.50852609141006e-06 5.999999120452456 -0.4323821049913362 0.0 1.5568030996219022 9.084089785449389e-07 1.9207399545325643 0.07536158681497562 84.1181889762934 68.0 -18.151365663804004 0.11163497479606477 53622.426581 53705.321379 12 60 "Minimization exited successfully."
1452 48 0.324156 53640.111159849475 1.7716565679495312e-05 5.999998464986689 -0.16487363406141164 0.0 0.6577474345467635 1.0678467748592715e-06 0.14667301612545103 0.059351923663872264 206.05780953086793 44.0 -18.883781502930553 0.11943333270059142 53622.428597 53705.323487 8 40 "Minimization exited successfully."
1456 72 0.198268 53633.46567590482 1.2754313164649034e-05 5.99999715434309 0.641288927393806 0.0 1.6685269113295362 9.156406855709284e-07 0.41504772592060757 0.11131948985974593 42.75202578513472 44.0 -17.345122929326557 0.14533674952858533 53622.437057 53705.332333 6 66 "Minimization exited successfully."
1457 48 0.359187 53616.38579857737 2.402051924777604e-05 0.925200747253788 0.08316391417078561 0.0 0.005024606052757008 2.8469881804216165e-06 1.6399130247453533 0.13175329183627704 37.40254269272448 44.0 -19.389015366493187 0.8855865307975463 53622.43746 53705.333175 0 48 "Minimization exited successfully."
