analysis_pipeline/fit_results/sdss_4_salt2_2.4_red.ecsv
# %ECSV 0.9
# ---
# datatype:
# - name: obj_id
#   datatype: string
# - name: num_points
#   datatype: int64
# - name: z
#   datatype: float64
# - name: t0
#   datatype: float64
# - name: x0
#   datatype: float64
# - name: x1
#   datatype: float64
# - name: c
#   datatype: float64
# - name: z_err
#   datatype: float64
# - name: t0_err
#   datatype: float64
# - name: x0_err
#   datatype: float64
# - name: x1_err
#   datatype: float64
# - name: c_err
#   datatype: float64
# - name: chi
#   datatype: float64
# - name: dof
#   datatype: float64
# - name: b_max
#   datatype: float64
# - name: delta_15
#   datatype: float64
# - name: tmin
#   datatype: float64
# - name: tmax
#   datatype: float64
# - name: pre_max
#   datatype: int64
# - name: post_max
#   datatype: int64
# - name: message
#   datatype: string
# schema: astropy-2.0
obj_id num_points z t0 x0 x1 c z_err t0_err x0_err x1_err c_err chi dof b_max delta_15 tmin tmax pre_max post_max message
[from data line 371]
4079 22 0.370462 53601.391558031704 3.5004254551614934e-05 5.99993021859785 -0.37538199224984425 0.0 1.849180005654489 0.00030868866009123086 10.053406123797185 1.863823749223143 28.622443992547687 18.0 -19.964782792136106 0.11324863331070745 53616.394045 53704.297319 0 22 "Covariance may not be accurate. Covariance not positive definite. Covariance forced positive definite."
4110 19 0.372034 53640.64184448745 0.00010863883071545622 -5.99999986228499 -0.9860653044458895 0.0 3.302122254452115 0.0001665062615059282 2.3635367450276856 1.3078679276423988 4.71862067362715 15.0 -21.158936638318178 nan 53622.332639 53705.219812 6 13 "Minimization exited successfully."
4138 17 0.427588 53649.275075987745 0.00014077944372532515 5.999710330119836 -0.9818006098451264 0.0 4.128551490972313 0.0001627496364353187 7.204858115578762 2.019508691598707 16.234945341604465 13.0 -21.877339094332882 0.09784303179736042 53622.373157 53705.262024 5 12 "Minimization exited successfully."
4163 0 1.900454 nan nan nan nan -1.0 nan nan nan nan nan nan nan nan nan nan 0 0 "Empty table passed to fit_lc."
4175 42 0.278076 53607.505890378394 2.5722336901490284e-06 -2.1112523989491576 1.19874201337177 0.0 0.019591956868680427 1.7356857180284015e-06 7.826463638566182 1.6803790811874748 40.65591481755699 38.0 -16.393039399713892 1.3851236407001117 53622.416527 53705.309513 0 42 "Covariance may not be accurate."
4181 44 0.28815 53647.34079510455 2.4357581663414507e-05 3.8591828642136647 0.3441179454059684 0.0 1.6844291243687621 1.7989956166446496e-05 2.7550417132232248 0.5333688438733521 55.61627440222464 40.0 -18.871799564544702 0.2998100823465748 53622.429037 53705.322595 12 32 "Minimization exited successfully."
4206 39 0.289104 53601.297112580585 8.392319049379094e-05 5.9999986328815496 -0.9999968706717572 0.0 1.595177142720786 1.063457148396896e-05 0.38271619760068365 1.5908928385735068 101.22130204418112 35.0 -20.32169195365169 0.09742946140351094 53616.297879 53704.198927 0 39 "Minimization exited successfully."
4211 40 0.248729 53644.8689138017 3.209930076674139e-06 4.282411383591642 1.1999995189893653 0.0 2.5652235169545747 4.2200770490274923e-07 2.333035743564351 1.8794098364076848 38.02561261280216 36.0 -16.397703870314828 0.2519341398880499 53623.304729 53704.2156 14 26 "Minimization exited successfully."
4234 41 0.155181 53601.329026 4.343883031054929e-12 1.462221222080963 -1.0 0.0 87.88333528543444 1.8215103303420578e-06 7.6101854905924124 1.8788775902541146 249.52942133619996 17.0 -0.515353404909888 0.8245882532932853 53616.329856 53704.231856 0 41 "Minimization exited successfully."
4236 39 0.342829 53655.85077478806 2.6017598301497635e-05 0.005706279124303215 0.29258429230048133 0.0 1.4270073507213965 1.2921814674433098e-05 1.3799523279372057 0.41396816774737005 32.42837100821639 35.0 -19.360685438976923 1.0361155886197508 53623.308434 53704.21943 16 23 "Minimization exited successfully."
4240 20 0.465493 53601.340124465816 2.4665514416377655e-07 5.999558903567024 1.1987776163849682 0.0 98.95549927470711 2.0825365629617566e-06 6.727298216223484 1.8806760476112483 19.438123907585762 16.0 -15.2734055106114 0.16393689581077453 53616.34255 53704.243322 0 20 "Minimization exited successfully."
4241 40 0.330513 53637.58134048066 1.3431150062488407e-05 -0.2298823762434381 0.5737859097277285 0.0 1.521520585018152 7.735041033111734e-06 1.3844587785204272 0.4577418429532438 24.26793956724422 36.0 -18.562962827952568 1.0617582592254955 53616.346189 53704.24886 10 30 "Minimization exited successfully."
4248 42 0.170217 53640.240084869 5.626698078492476e-06 5.999997266605652 1.1999991540229873 0.0 1.3129651237177313 3.5323674775933355e-07 0.7494779584399414 2.160348954973402 47.37236266256984 17.0 -16.15544186519643 0.16396418052824657 53616.370564 53704.274373 12 30 "Minimization exited successfully."
4262 44 0.220565 53649.50926222068 3.111808859731502e-06 5.999999899908039 1.1999988184456098 0.0 1.8240373702938086 3.3801886503648247e-07 0.6148675576667246 1.8810346547439547 43.17231109794915 40.0 -16.14032767899249 0.1639640926145205 53616.375831 53704.280313 16 28 "Minimization exited successfully."
4268 52 0.095811 53647.13690568298 2.086935971622461e-05 0.42716277665218616 0.9628632530672518 0.0 0.5115201924672874 4.956500116211071e-06 0.6357958033960469 0.1583799660140428 37.44621297494369 31.0 -16.086582082242124 0.9265095347542314 53622.3326 53705.222454 13 39 "Minimization exited successfully."
4281 46 0.212157 53651.06499621546 9.931481634813944e-05 0.2606595879410474 -0.03964939119153088 0.0 0.4182981107951491 5.2754205972995174e-05 0.5668669666044379 0.36558355729856457 30.872359016947847 42.0 -19.61616878360374 1.0069714844433229 53616.403298 53704.309092 15 31 "Minimization exited successfully."
4304 37 0.211499 53607.399498274426 2.702315118322307e-05 5.999999995938923 -0.999999299183128 0.0 2.760547111476626 1.7377755441088106e-05 7.517022781934346 2.1648826688138723 80.22779943094356 33.0 -18.31894366936676 0.09742933392351816 53622.400327 53705.292669 0 37 "Minimization exited successfully."
4307 34 0.270836 53646.411245823976 1.5960249900922597e-05 0.3037666854570471 0.8756844364885452 0.0 1.3741818947601132 9.796481073896525e-06 1.142283212523545 0.43593332652540395 25.70529207316944 30.0 -18.27445753766667 0.9514396012658928 53622.40802 53705.300289 10 24 "Minimization exited successfully."
4311 38 0.295144 53650.76979129091 3.9250864987069315e-05 -2.703530978962286 0.1100433966007992 0.0 1.1107884258017293 2.5117546307040218e-05 1.178605350041999 0.49308258366873364 21.283346028363333 34.0 -19.42405094176971 1.6904195136670204 53622.413681 53705.306633 12 26 "Minimization exited successfully."
4313 20 0.390746 53662.8497766394 4.955958401170469e-06 -4.745267616807744 1.1975703509227658 0.0 2.905884770072589 2.632618409159626e-06 6.4023713478336495 1.8105528217193734 24.001007959964063 16.0 -17.96425263400939 2.2351817990962033 53622.426242 53705.318035 7 13 "Minimization exited successfully."
4341 49 0.101555 53607.31407200001 1.0247358517290195e-15 3.637649585822194 -0.791473936431558 0.0 61.700463582368684 4.791009561102566e-06 6.671982356472606 1.8696280789374387 180.7649121282236 29.0 9.560276914283179 0.3832535842724809 53622.314072 53705.203646 0 49 "Covariance may not be accurate. Covariance not positive definite. Covariance forced positive definite."
4355 38 0.526062 53643.432168834894 3.0545054801656145e-06 5.999895764327537 1.1999990172740125 0.0 4.3011194737082405 6.660777010897289e-07 8.5908295406063 1.8810800025991101 17.842586854075673 34.0 -18.325249239201202 0.1639671403218408 53616.359216 53705.262102 12 26 "Minimization exited successfully."
4387 0 0.802772 nan nan nan nan 0.000233 nan nan nan nan nan nan nan nan nan nan 0 0 "Empty table passed to fit_lc."
4409 23 0.429098 53647.53318580541 0.00010728932684652803 -4.8870613521149675 -0.968517894161622 0.0 2.6913437331786554 0.00023202419475564342 6.112869147902119 1.2395853936897567 34.311620268253236 19.0 -21.51143080846586 3.4017135997718952 53616.404545 53704.308279 7 16 "Minimization exited successfully."
4417 40 0.360538 53638.034729598294 4.103949269014806e-05 -2.634949170439212 -0.999855281671084 0.0 2.160666925905389 5.25742331802359e-06 1.8538055644107407 1.4738859032037643 35.47433213019802 36.0 -20.02592209541853 1.810641415863401 53616.340887 53704.243338 10 30 "Minimization exited successfully."
4437 0 0.819428 nan nan nan nan 0.000211 nan nan nan nan nan nan nan nan nan nan 0 0 "Empty table passed to fit_lc."
4464 0 0.831566 nan nan nan nan 0.000341 nan nan nan nan nan nan nan nan nan nan 0 0 "Empty table passed to fit_lc."
4480 43 0.337394 53637.413003364374 6.397867399882129e-06 5.999999951043749 0.9926938900174778 0.0 0.0005123595874465536 2.3765742272457976e-06 0.5181443238388637 0.30505689993916685 54.09931334633005 39.0 -17.952863381549243 0.15710022313009375 53616.379873 53704.284145 10 33 "Covariance may not be accurate."
4482 22 0.471389 53619.61064493599 4.261030520188447e-06 5.999999496598203 1.199899189469524 0.0 4.877508045694412 1.0734667412221066e-06 2.6181417289933533 2.1998259790704777 15.172685728676209 18.0 -18.399905785155777 0.16396083436358566 53616.382745 53704.285417 1 21 "Minimization exited successfully."
4490 37 0.494599 53601.34982947349 1.8350541507972108e-06 5.999962614503472 1.1998191828393878 0.0 64.79218041376589 1.18488054371646e-06 10.24077193477201 1.9949034230220042 72.37669070433523 33.0 -17.610557878168514 0.16395928551534666 53616.352309 53705.254836 0 37 "Minimization exited successfully."
4507 0 0.647735 nan nan nan nan 0.00018 nan nan nan nan nan nan nan nan nan nan 0 0 "Empty table passed to fit_lc."
4508 22 0.568272 53639.470307420044 4.034562563191013e-06 5.999967094162351 1.1999905812333158 0.0 5.055274721558817 8.857967291503453e-07 10.646753718049613 2.145631345955577 27.893884308280434 18.0 -18.83036758776308 0.16396478028568495 53616.412605 53704.316702 6 16 "Minimization exited successfully."
4519 45 0.185525 53644.85874436931 3.6824437578031332e-06 3.464906499609029 1.1999992249357594 0.0 3.701520346214238 4.1716376357969744e-07 1.800253414553239 1.8848237283817155 17.378506986326 19.0 -15.805689877080201 0.3404765216300589 53616.422611 53704.328918 13 32 "Minimization exited successfully."
4524 63 0.060897 53673.05384904883 0.0006197983206590441 3.6765931637815985 1.1999999999773086 0.0 0.04283111809854745 9.282678575678609e-07 0.031264595213079005 0.0005437197093223212 84646.44416429724 39.0 -18.77907364435006 0.3152331175699672 53616.434633 53704.342366 38 25 "Minimization exited successfully."
4530 44 0.295229 53636.17064643544 6.198740400536806e-05 -2.2453363343050565 -0.9997541699572582 0.0 1.9433195978417643 8.780160488414124e-06 1.713757426682351 2.019466973782645 50.87640264162943 40.0 -19.968737237716326 1.6731489722502992 53616.445489 53704.352849 8 36 "Minimization exited successfully."
4547 21 0.439751 53630.83754131651 4.274292387356105e-05 -5.759704227858455 -0.9983733387631927 0.0 6.1346334160080005 3.4015083341987776e-05 8.507916298324716 1.5381553018751202 18.89117348325115 17.0 -20.5776886271797 nan 53616.379903 53704.282905 3 18 "Minimization exited successfully."
4572 22 0.382993 53601.410509110705 5.808813232643928e-09 -5.914063316651141 -0.9999999976379894 0.0 87.8882499141182 4.14139881050718e-05 9.724043487442026 1.8779066950193388 25.832454859220192 18.0 -10.554822345202364 nan 53616.412997 53704.317155 0 22 "Minimization exited successfully."
4577 44 0.361934 53648.79185040851 2.4510618423947418e-05 0.9057187770724333 -0.015307082005856287 0.0 1.5891793050141132 1.477330329989035e-05 2.0750103696608466 0.5200125162222182 62.12533378517223 40.0 -19.42995099259999 0.8926204698368885 53616.417373 53704.323477 13 31 "Minimization exited successfully."
4578 23 0.412515 53647.71451237853 8.638756764927979e-05 -4.782633635675411 -0.9924016133551604 0.0 5.234060528666305 0.00010769965210350675 7.5435139881633 1.1171566355595575 43.14352623360956 19.0 -21.176721589892956 3.2595850072872388 53616.419032 53704.323898 7 16 "Minimization exited successfully."
4612 36 0.393403 53639.56010433241 2.144696198749241e-05 -2.634666273979522 -0.0017943394557791148 0.0 3.489570111512876 7.826772801042937e-05 3.339965343202538 1.451585153482696 29.919431736159467 32.0 -19.496321501812435 1.6839950354036652 53616.351511 53705.253527 9 27 "Covariance may not be accurate. Covariance not positive definite. Covariance forced positive definite."
4619 37 0.1788 53676.30918983903 4.082137828018695e-06 5.9999968767754535 1.199999974366849 0.0 3.110914608827443 4.762239820255145e-07 2.080230230008503 2.196596674213151 51.544015204031595 14.0 -15.925299648629235 0.16396421883755607 53622.414493 53705.307463 23 14 "Minimization exited successfully."
4627 33 0.289717 53653.06637999184 2.3763484339892617e-05 3.8396018298098618 0.8745757153980669 0.0 0.6766807568237709 8.548439468153981e-06 0.8103708917778842 0.2761538496186148 49.05897366872752 29.0 -18.8969050881319 0.2989090730242516 53622.391015 53705.282856 9 24 "Minimization exited successfully."
4631 53 0.118538 53636.438526561506 7.350567403754394e-06 5.999997572388679 1.1999986506956848 0.0 0.7147523013263708 3.286268942992445e-07 0.25016471163493037 1.8800584106987228 68.6809356957431 31.0 -15.588040531268557 0.16396415507841056 53622.39708 53705.290064 9 44 "Minimization exited successfully."
4639 34 0.36401 53643.48440200239 5.743467417064219e-06 2.7014297901739077 1.1959816871906446 0.0 2.4694407756906003 2.4112401870435287e-06 2.2875475205217954 2.1616837381718184 27.397963029693905 30.0 -17.951066749579766 0.5561010147031595 53622.406415 53705.298534 8 26 "Minimization exited successfully."
4651 45 0.150687 53648.31980628119 0.0002716791435068766 -0.2732114030771893 -0.9979441226234105 0.0 0.9596435899693461 5.7761057269892785e-05 0.9880703983026593 1.8395514107634927 24.079390305204825 19.0 -19.933384874733836 1.1545694752625622 53622.427825 53705.321346 10 35 "Minimization exited successfully."
4669 43 0.140794 53649.70731720465 0.0002908186517296507 -0.11636636100682818 -0.9976305068017223 0.0 0.7966199794027489 5.39153690282046e-05 0.961264034620104 1.6329725432811797 11.242949532002175 18.0 -19.846260181420845 1.1215083812254 53616.362858 53704.266728 16 27 "Minimization exited successfully."
4673 21 0.4981 53653.50773301898 4.880331323475762e-06 -2.174915201369496 1.199999608437674 0.0 2.888349731631024 1.759818123746593e-06 3.47569813044334 1.519624412103297 19.3100389711263 17.0 -18.57799732649773 1.3994934751290309 53616.360841 53704.262539 8 13 "Minimization exited successfully."
4676 42 0.24371 53651.81562882747 0.00021545933244275118 -0.14852364180246358 -0.999995532787385 0.0 0.6781028189543576 1.197066977242255e-05 0.9153695152582362 0.38997201158796846 47.920922108177244 38.0 -20.846447285265015 1.1283061966079053 53616.364055 53704.26764 16 26 "Minimization exited successfully."
4679 44 0.331035 53654.607081109956 7.402959934346143e-06 2.027289012190412 1.0601902301750807 0.0 1.4350714223473915 4.223622606328026e-06 1.6537787498045775 0.38944199834305493 32.457566354892904 40.0 -17.966165478482964 0.6753982958021467 53616.371354 53704.275708 18 26 "Minimization exited successfully."
4682 22 0.400886 53640.92031676829 1.6407061807799384e-06 5.999884842559723 1.1959824131927044 0.0 5.426331461894733 1.471148998437588e-06 11.723539356198705 1.1673548174329627 15.176262377037641 18.0 -16.943947715446868 0.16383560600528568 53616.373012 53704.275708 6 16 "Minimization exited successfully."
4690 46 0.198809 53671.30696368868 7.6162052319928014e-06 5.999829600050624 1.1999849384699148 0.0 1.189072941280756 3.749579829609441e-07 8.801075220992814 0.2143582508392552 122.51518814628339 42.0 -16.858943041696584 0.16396861067918778 53616.402068 53704.307886 28 18 "Minimization exited successfully."
4706 18 0.589746 53656.88894854886 5.859579116402891e-06 5.998727943863324 1.1999997470570105 0.0 5.595575999759603 1.2841290718740294e-06 9.35410439552733 2.182697307117155 12.711641498841914 14.0 -19.33338590850073 0.16400128975883987 53622.401187 53705.291352 5 13 "Minimization exited successfully."
4737 21 0.464087 53647.80798640187 4.63822880966025e-06 -5.996685008936856 1.1999998341622784 0.0 2.8599100865576474 1.3089777723784835e-06 11.633311660996192 1.9935260706660638 8.780949551893542 17.0 -18.336383476250447 3.1177345100350315 53616.394066 53704.297257 7 14 "Minimization exited successfully."
4742 91 0.132938 53601.45387100015 0.0 3.486090903583534 -0.9999999999988387 0.0 0.0 0.0 0.0 0.0 603.3263378406989 42.0 inf nan 53616.4547 53705.363365 0 91 "Hesse Failed. Covariance may not be accurate. Covariance not positive definite."
