analysis_pipeline/fit_results/sdss_4_salt2_2.4_blue.ecsv
# %ECSV 0.9
# ---
# datatype:
# - name: obj_id
#   datatype: string
# - name: num_points
#   datatype: int64
# - name: z
#   datatype: float64
# - name: t0
#   datatype: float64
# - name: x0
#   datatype: float64
# - name: x1
#   datatype: float64
# - name: c
#   datatype: float64
# - name: z_err
#   datatype: float64
# - name: t0_err
#   datatype: float64
# - name: x0_err
#   datatype: float64
# - name: x1_err
#   datatype: float64
# - name: c_err
#   datatype: float64
# - name: chi
#   datatype: float64
# - name: dof
#   datatype: float64
# - name: b_max
#   datatype: float64
# - name: delta_15
#   datatype: float64
# - name: tmin
#   datatype: float64
# - name: tmax
#   datatype: float64
# - name: pre_max
#   datatype: int64
# - name: post_max
#   datatype: int64
# - name: message
#   datatype: string
# schema: astropy-2.0
obj_id num_points z t0 x0 x1 c z_err t0_err x0_err x1_err c_err chi dof b_max delta_15 tmin tmax pre_max post_max message
[from data line 469]
5473 40 0.275583 53656.447492327694 3.478255325115254e-05 -1.0174068660398259 -0.08727291904622148 0.0 0.508435175564955 1.7852331419915259e-06 0.4132594807436365 0.06171998401549594 32.861185747152774 36.0 -19.121697130879763 1.2655800768287975 53616.297451 53704.200215 20 20 "Minimization exited successfully."
5486 60 0.22813 53653.41166856514 4.038179186230173e-05 1.4155177555663059 0.0824056257244532 0.0 0.5885625686023559 2.417379191903545e-06 0.6209535196342215 0.06078660939279412 31.100836288534712 36.0 -18.818172569537623 0.8041863338957356 53622.251333 53705.139339 18 42 "Minimization exited successfully."
5501 59 0.238531 53623.24059068445 4.504265930262985e-06 5.999662032438257 -0.2946791152295648 0.0 0.008297827283968218 1.5685058085118667e-06 10.297339677432179 0.4563700335829814 34.52401245791472 36.0 -16.632470487920727 0.11559020869933789 53622.259282 53705.147875 3 56 "Minimization exited successfully."
5507 40 0.109693 53696.80675081871 1.4329358372190404e-05 -1.2880021482248596 -0.9986948683992506 0.0 2.8645077175715414 2.9921678399130734e-06 2.6004382971762787 2.015545033627449 57.448579230823796 16.0 -15.990252068964267 1.3928173421798675 53622.280523 53705.168056 34 6 "Minimization exited successfully."
5533 115 0.218868 53667.69899565903 5.008737057647594e-05 -0.22587556700868383 0.09184648861348532 0.0 0.3689042990517919 1.0396393553052655e-06 0.2899386059475302 0.02698826041462965 67.19959111103074 73.0 -18.949158517169778 1.0908225014554063 53616.225255 53705.126521 46 69 "Minimization exited successfully."
5536 44 0.128205 53661.14413529177 2.763116595433268e-05 0.55367608118185 1.1999581780819888 0.0 0.868617343261576 2.835387957422219e-06 1.0538737891548386 2.1970321791542333 20.844593121433515 18.0 -17.09902152687827 0.8935406925084521 53616.250694 53704.150118 18 26 "Minimization exited successfully."
5543 40 0.070322 53657.03892370761 1.837991458750854e-05 1.1939144844837308 -0.048919074229913595 0.0 1.435841330956464 2.15845624915778e-06 1.6203799807289228 1.6595633037004651 8.555661512582416 16.0 -15.189137767780206 0.8451932259971073 53616.305278 53704.206203 20 20 "Minimization exited successfully."
5549 42 0.119914 53665.67021092121 0.0002469374124473067 -0.019912088006016404 1.1999950276940057 0.0 0.11242606421001256 2.9921601420490504e-06 0.11633734033595866 0.34558812469777744 31.967542029200175 17.0 -19.319380120882986 0.9843787688871508 53616.322505 53704.224149 20 22 "Minimization exited successfully."
5550 63 0.154924 53671.351887884084 0.0001882052659331801 2.1615860142113608 -0.04927088126103807 0.0 0.12920264495915035 1.6264030515028593e-06 0.17269028850968793 0.010020966109169915 45.001167322315936 38.0 -19.554312569615313 0.6845468104877099 53616.322074 53704.22543 39 24 "Minimization exited successfully."
5552 60 0.423476 53661.18954430738 3.073629669267497e-05 -1.311223216981423 -0.4977767616742824 0.0 0.3485373537878331 1.2474079953245233e-06 0.22122009910007812 0.01846602294088795 125.17742905198229 56.0 -20.089400054909817 1.3649010100051413 53616.343715 53704.248033 24 36 "Minimization exited successfully."
5553 60 0.242856 53681.24378824364 3.0863146324523474e-05 5.999999756638459 -0.15811213291219228 0.0 0.4362577881256584 7.421120493278365e-07 0.05694802524449294 0.03581598106238576 196.1556050627621 36.0 -18.765432233525704 0.1196378416973829 53616.345751 53704.250162 48 12 "Minimization exited successfully."
5564 43 0.107715 53662.006572801256 8.104628079763643e-16 5.961721493732544 0.694020520022548 0.0 81.05533327221929 1.3887459122452483e-07 10.528976697431862 1.9415321074617462 60.68088433322014 19.0 9.593438445773167 0.14849436724034604 53616.236123 53704.134649 18 25 "Minimization exited successfully."
5588 63 0.40946 53661.83683384811 1.6353410916201128e-05 -0.0016838041399989123 -0.09198746689603698 0.0 1.0988870087057876 1.497723915450667e-06 1.0572208865120403 0.0688130868949095 51.0819585875338 59.0 -19.306441982068755 1.058220546861449 53616.318379 53704.222045 30 33 "Minimization exited successfully."
5590 60 0.446093 53640.317625201766 1.648231924842425e-05 -0.15496899704596778 -0.20165469382733991 0.0 1.0816372653716826 1.2206914367124393e-06 0.8388686683938111 0.0591396420603989 44.189847526322765 56.0 -19.537872420475786 1.0933699331662652 53616.302813 53704.205729 21 39 "Minimization exited successfully."
5607 63 0.216462 53664.62940791241 2.7110534129294318e-05 2.258483150920206 -0.301701648853266 0.0 0.6821406497983844 1.780026540274537e-06 0.908105732675256 0.06859168714789399 54.25395931517551 38.0 -18.262455625006528 0.673857174468008 53616.36606 53704.271458 30 33 "Minimization exited successfully."
5635 63 0.178391 53662.37671606233 6.32197117041089e-05 0.4166266492124926 0.018798529971570055 0.0 0.3225192722347856 2.165882065731095e-06 0.3952423499621651 0.03711067563321113 40.950478692755055 39.0 -18.705619578801954 0.9762062349846445 53616.237794 53704.138536 27 36 "Minimization exited successfully."
5659 62 0.489078 53664.98696679846 1.4102931467437907e-05 2.439586503951505 -0.09225317250458787 0.0 1.3376385479641613 1.403706581938891e-06 1.652489611357053 0.05878301059132268 50.31266490970152 58.0 -19.609421178559046 0.6377267308304866 53616.291692 53704.194212 33 29 "Minimization exited successfully."
5673 40 0.378252 53665.49447470463 2.3826486047152652e-05 1.2260915513644335 -0.11049101698937192 0.0 0.6878721115608641 1.8246352395834286e-06 1.1127765215402032 0.059769998619273346 46.69210582898744 36.0 -19.512770739638803 0.8418221970232054 53616.294976 53704.197236 22 18 "Minimization exited successfully."
5686 40 0.262255 53660.96693428325 9.912483871866717e-06 5.999997375509642 0.4348479375755172 0.0 1.5428562077613606 8.644170163024658e-07 0.6941471633262628 0.16302698959915352 191.43259963346352 36.0 -17.742126472069224 0.13846863337096593 53616.301164 53704.204033 20 20 "Minimization exited successfully."
5689 60 0.169789 53660.49063220684 4.207869686510657e-05 0.35018255978522106 0.41405666238690664 0.0 0.4280324464707519 2.2102667029261225e-06 0.5639249705778218 0.052753344809722824 52.84473902684005 36.0 -18.154015862389578 0.9686932166162592 53616.306079 53704.20921 30 30 "Minimization exited successfully."
5690 60 0.221088 53656.554315397014 1.3954466438371728e-05 -0.23702769941221824 -0.20602100545540336 0.0 1.1984950618316361 1.7996266914704904e-06 1.1232481847298046 0.1456208270283918 43.789191645034784 36.0 -17.58788698854156 1.1097358992492943 53616.344138 53704.248412 24 36 "Minimization exited successfully."
5691 42 0.284349 53653.109173370845 2.0607580162248508e-05 0.8719997049088732 0.46123862685343586 0.0 0.8973056367976824 2.1390814371247128e-06 0.9924486132533152 0.12827714036058124 34.51428022738101 38.0 -18.643945122668917 0.8790317362743316 53616.329034 53704.232671 16 26 "Minimization exited successfully."
5717 76 0.250368 53663.99791564422 4.8676114059564846e-05 1.551735987060276 -0.0280124830643822 0.0 0.3086108918359969 1.2790462225065207e-06 0.3567425262055437 0.028983236597581175 50.44275735834661 72.0 -19.249994714129464 0.7851620941893316 53616.360802 53705.267153 32 44 "Minimization exited successfully."
5736 76 0.25174 53665.807533577616 4.4868043766953526e-05 -0.12173575290375105 -0.020104575314514816 0.0 0.3012805540492991 1.213697691948567e-06 0.3248304442008596 0.03162689713525724 58.46623519522214 72.0 -19.17355340671115 1.0772365789264455 53616.374186 53705.281139 34 42 "Minimization exited successfully."
5737 66 0.391599 53665.36580754512 2.008635801486358e-05 1.1483980748969191 0.05719021581425854 0.0 0.9701821935304906 1.5141533872764515e-06 1.1228852111545597 0.06625235513093358 38.92182953603818 62.0 -19.415776684073933 0.8491628012719161 53616.374186 53704.279886 33 33 "Minimization exited successfully."
5751 74 0.129282 53665.76822725626 0.00016440891101806242 0.5447562130328976 1.1957272738119582 0.0 0.18448185322995414 3.711323437884391e-06 0.1644900956618618 1.658017288083397 33.58329301901702 33.0 -19.05446519108528 0.8951503671771484 53616.345368 53705.249308 32 42 "Minimization exited successfully."
5754 60 0.789767 53655.7296983628 1.9438335271415588e-06 0.8921075259304896 -0.9999999810207483 0.0 3.0451687985259923 6.384408240656115e-07 2.694664537735917 0.40439346932366227 37.41920380998481 36.0 -18.77431312674129 0.9259714416710345 53616.351444 53704.255308 24 36 "Minimization exited successfully."
5776 56 0.23722 53652.78882291482 4.313376221862231e-05 0.4948208110742449 -0.05721843466860499 0.0 0.6939804916000867 3.556471591036893e-06 0.5741359693564578 0.07921536501337328 47.84499378928517 34.0 -18.984670642368506 0.9656747563886938 53622.237921 53705.126062 14 42 "Minimization exited successfully."
5785 57 0.147069 53650.05684058635 0.00010017855661753283 -1.682320751208568 0.21995447057673023 0.0 0.394811003417999 7.427163518370917e-06 0.2624389749092866 0.05907660012138061 45.20095756727274 34.0 -18.74516510452019 1.3931368060664369 53622.238336 53705.126077 15 42 "Minimization exited successfully."
5802 64 0.299152 53659.479599502665 3.779016186991724e-05 0.8772580785566912 0.0184001205043669 0.0 0.47858104103579535 1.7039517510497608e-06 0.4683556410401488 0.04550421906934454 74.38938923322969 60.0 -19.41799336867578 0.8961866901320796 53616.223995 53705.124826 24 40 "Minimization exited successfully."
5803 60 0.6855 53665.83865337954 2.1704042198952277e-05 0.8157700166128414 -0.4234875042564096 0.0 1.2478327203461959 1.7769283074903221e-06 0.8690398913575255 0.08587526024912251 35.92963006523985 36.0 -20.974628121435078 0.9227920184564233 53622.258848 53705.146696 24 36 "Minimization exited successfully."
5806 42 0.122306 53666.86023670054 3.381316432983228e-05 5.064855936835883 -0.9999995263358247 0.0 0.5637798287971236 1.4657941643458885e-06 0.7063607979707891 0.34951997973961163 37.1280499874249 17.0 -17.221104649821733 0.16360748850154394 53622.275939 53705.162947 20 22 "Minimization exited successfully."
5807 63 0.194027 53664.616360841625 2.8018168653177746e-05 3.4483673739453007 0.5069622526466009 0.0 0.8372907671473513 2.2323446778127467e-06 1.1668080966882322 0.07455331777429752 60.271484181024576 38.0 -18.048601044264394 0.38174904913449836 53622.274697 53705.163376 27 36 "Minimization exited successfully."
5821 57 0.399403 53656.78399436131 1.893457184642067e-05 -0.663143274213529 -0.1796368944671427 0.0 0.8372487029373588 1.7667069455534747e-06 0.9482015138357416 0.07672471474770887 43.41059691244374 53.0 -19.402337012743157 1.1952251042079354 53622.193234 53705.080277 21 36 "Minimization exited successfully."
5844 80 0.309294 53663.89562080601 3.1609310865129416e-05 0.44897009164498414 -0.05226658607782608 0.0 0.5878629329599789 1.4326284581339686e-06 0.5784747680898885 0.043043220160288775 58.95727644751186 76.0 -19.307616857653272 0.9736185095324466 53616.22276 53705.123905 30 50 "Minimization exited successfully."
5856 32 0.302011 53687.127545419076 3.87918346984284e-05 5.999999824168157 0.010401140517383611 0.0 0.3483646523927746 1.1017167215149333e-06 0.2912144887046413 0.03196763041880257 192.42597182769777 28.0 -19.558068901754552 0.12479895463046731 53622.358425 53705.250523 26 6 "Minimization exited successfully."
5859 48 0.238695 53654.694748135684 2.352884050867976e-05 -0.16156960297170642 0.19833116991961042 0.0 1.2491546092060162 2.975683124585849e-06 0.9284065583227301 0.14575099976854922 37.168608439330754 28.0 -18.343459064697413 1.0724045746577673 53622.376366 53705.268822 12 36 "Minimization exited successfully."
5867 38 1.576691 53607.399516473895 0.0012459348938636883 2.240353183656202 0.8110313429346558 0.0 1.182579325439292 0.0018878141325111971 2.1440870429404537 0.41857127197775956 34.266793711625816 15.0 -27.641588220761914 0.6485108362926262 53622.400341 53705.292606 0 38 "Minimization exited successfully."
5869 57 0.15728 53652.518014454916 1.84464881222135e-05 3.8834867622313283 -0.045165830120824424 0.0 1.0988427525444422 2.0195244095366765e-06 1.3967374353125939 0.10576981432595584 51.23949953157409 34.0 -17.08310427542415 0.2992355926198833 53622.399917 53705.293859 15 42 "Minimization exited successfully."
5870 38 1.419708 53663.409333762436 0.0002922830243805219 4.317995706434896 0.8857147510070524 0.0 3.022045732333936 0.0005183462355960295 2.7145308318073607 0.5691833134473705 13.95100103050095 15.0 -25.826084705617493 0.2476636961838352 53622.401962 53705.293877 12 26 "Minimization exited successfully."
5879 57 0.152184 53654.808146002266 3.213960391151183e-05 0.7255340845894489 0.1573415524383801 0.0 0.600168550190574 2.2136781711623586e-06 0.6997097478985963 0.07505241358075676 47.48336861369691 34.0 -17.59226735523891 0.9164255480466288 53622.412057 53705.306131 15 42 "Minimization exited successfully."
5890 60 0.178575 53654.01686822178 9.551120261866108e-05 -0.2199260642953158 -0.06831043326080533 0.0 0.2803659630008042 2.9574711840579766e-06 0.29072315279807226 0.03206065007521153 28.876321590039193 36.0 -19.155842058346693 1.0988236410071863 53622.249231 53705.137656 18 42 "Minimization exited successfully."
5897 46 0.367892 53662.92638567856 2.252373958784637e-05 0.19395088583143938 -0.130735130186168 0.0 0.9616235773282824 1.683425271439277e-06 0.9789879086695037 0.06506818098162298 34.68410292898647 42.0 -19.3800608554304 1.023513893269346 53622.429011 53705.324283 14 32 "Minimization exited successfully."
5909 34 0.346141 53656.00997111413 2.0431786076849922e-05 3.562236192897114 -0.0886116821916959 0.0 0.8417926749752951 2.695101220105411e-06 1.44715666371656 0.0835414699482962 26.42526985256581 30.0 -19.12813302563554 0.37413111782121433 53622.373113 53705.26583 12 22 "Minimization exited successfully."
5916 48 0.172701 53664.33760884845 0.00011130019564087435 -0.4674551343570341 -0.002063451512400505 0.0 0.24038764952274505 2.480717631501705e-06 0.24730511987552672 0.02434325302614626 35.81831720351224 28.0 -19.24114296011489 1.1438048323586258 53622.340412 53705.231349 18 30 "Minimization exited successfully."
5917 32 0.2949 53665.42313865355 5.102137751185398e-05 0.47830587341743325 -0.07569453294798911 0.0 0.5564678529881348 2.006443062010363e-06 0.5389871043178389 0.040103988272924385 23.821194820732437 28.0 -19.707906144672688 0.9694086163010667 53622.342053 53705.233056 12 20 "Minimization exited successfully."
5920 34 0.080598 53656.12805921567 6.391625986081673e-05 2.9718478826686763 1.1999957404638462 0.0 0.3625175890447281 3.0719510033849805e-06 0.5488206685274548 1.4372017692526833 41.723977858179815 13.0 -16.937988515369923 0.49651044974458003 53622.39387 53705.285823 12 22 "Minimization exited successfully."
5925 60 0.395188 53657.46118966071 2.2413143321623474e-05 1.5627469338303532 -0.013919226406194696 0.0 0.7011228246592509 1.7538703054292844e-06 0.8371642404741464 0.05482592233668171 60.61812194310146 56.0 -19.558487491753056 0.7829316204261261 53622.396678 53705.290454 21 39 "Minimization exited successfully."
5944 81 0.04495 53667.764635442654 0.0018189086549010392 0.6803421597317616 0.4182408406238751 0.0 0.05363414252860821 3.678284730861071e-05 0.06354086105792023 0.1563005944050404 63.21194439610203 37.0 -19.17504926157433 0.9125816899138002 53616.393227 53705.298957 38 43 "Minimization exited successfully."
5957 44 0.279228 53666.73595521612 4.2738287455345026e-05 0.16094362653799266 -0.010706834515640806 0.0 0.4368831081155804 1.5148547195409384e-06 0.46295098020602676 0.044242506477748855 24.94088108753766 40.0 -19.37847328423989 1.0238117388404255 53622.420134 53705.314598 18 26 "Minimization exited successfully."
