analysis_pipeline/fit_results/sdss_4_salt2_2.4_red.ecsv
# %ECSV 0.9
# ---
# datatype:
# - name: obj_id
#   datatype: string
# - name: num_points
#   datatype: int64
# - name: z
#   datatype: float64
# - name: t0
#   datatype: float64
# - name: x0
#   datatype: float64
# - name: x1
#   datatype: float64
# - name: c
#   datatype: float64
# - name: z_err
#   datatype: float64
# - name: t0_err
#   datatype: float64
# - name: x0_err
#   datatype: float64
# - name: x1_err
#   datatype: float64
# - name: c_err
#   datatype: float64
# - name: chi
#   datatype: float64
# - name: dof
#   datatype: float64
# - name: b_max
#   datatype: float64
# - name: delta_15
#   datatype: float64
# - name: tmin
#   datatype: float64
# - name: tmax
#   datatype: float64
# - name: pre_max
#   datatype: int64
# - name: post_max
#   datatype: int64
# - name: message
#   datatype: string
# schema: astropy-2.0
obj_id num_points z t0 x0 x1 c z_err t0_err x0_err x1_err c_err chi dof b_max delta_15 tmin tmax pre_max post_max message
[from data line 56]
1119 36 0.296391 53620.53657681052 0.00010351406064590285 1.6226879796685303 -0.9990016374100447 0.0 5.36742213891921 2.6619255812438395e-05 2.4169363825224592 1.9121151452924605 8.056975563500512 14.0 -20.539684074202434 0.7967209291542616 53622.216021 53705.102166 0 36 "Minimization exited successfully."
1126 54 0.113914 53613.86478032716 9.724294363664399e-05 -2.8579372144752244 0.25671203440823387 0.0 0.7969293236783415 2.0061269321169915e-05 0.7133819900676128 0.13222883945569275 92.20449623352536 32.0 -18.11168132779914 1.7183021168467718 53622.225302 53705.112436 0 54 "Minimization exited successfully."
1127 54 0.076085 53651.41060075792 3.675344084403509e-05 1.9066165754494628 1.1999999538945438 0.0 5.963738658465445e-08 7.106405703583009e-07 0.2233703701507146 0.002195627226500907 1595.3828418533492 32.0 -16.200996092300166 0.6896031913830889 53622.326445 53705.216425 15 39 "Minimization exited successfully."
1131 38 0.172432 53636.88598137142 4.402117841025843e-06 5.437848990478104 1.1900741921201217 0.0 2.1639659429565654 2.563636251938228e-06 2.207828106158392 2.146958520634557 21.239724942974043 15.0 -15.892920661154022 0.18349410643499553 53622.238318 53705.124853 10 28 "Minimization exited successfully."
1150 19 0.456315 nan nan nan nan 4.7e-05 nan nan nan nan nan nan nan nan nan nan 0 0 "No bands in data overlap the model."
1151 32 0.361362 53625.2530817719 4.149569030778677e-05 -2.82993003834972 -0.12357714657128616 0.0 2.0102946447732393 4.5231445183361307e-05 1.3253053374830448 1.5105181216932828 12.64958813801178 12.0 -19.99614929707896 1.7660241784099888 53622.369454 53705.260354 2 30 "Covariance may not be accurate. Covariance not positive definite. Covariance forced positive definite."
1153 32 0.338423 53633.355954828905 1.2818080140518662e-05 4.31768914884918 1.0173428847851715 0.0 0.0004939864411426242 2.1094582453389242e-05 1.4654008850922065 2.099892190133007 9.603593372892494 12.0 -18.649117588722877 0.24811443154603907 53622.371085 53705.261631 4 28 "Minimization exited successfully."
1158 16 0.410115 nan nan nan nan 0.000103 nan nan nan nan nan nan nan nan nan nan 0 0 "No bands in data overlap the model."
1166 17 0.380494 nan nan nan nan 0.0001 nan nan nan nan nan nan nan nan nan nan 0 0 "No bands in data overlap the model."
1170 34 0.32846 53614.8825501896 8.203927924137489e-06 1.9262683136889907 1.1998608949855596 0.0 0.007898105108324671 1.940911706632687e-06 3.6020849977354703 2.194606877791557 17.814003801606905 13.0 -18.0751283702179 0.6865937156910249 53622.354335 53705.244643 0 34 "Minimization exited successfully."
1174 0 2.382896 nan nan nan nan 0.000411 nan nan nan nan nan nan nan nan nan nan 0 0 "Empty table passed to fit_lc."
1176 0 0.70546 nan nan nan nan 0.000242 nan nan nan nan nan nan nan nan nan nan 0 0 "Empty table passed to fit_lc."
1181 18 0.602537 nan nan nan nan 0.000113 nan nan nan nan nan nan nan nan nan nan 0 0 "No bands in data overlap the model."
1184 17 0.548751 nan nan nan nan 0.000334 nan nan nan nan nan nan nan nan nan nan 0 0 "No bands in data overlap the model."
1196 19 0.368957 nan nan nan nan 3.1e-05 nan nan nan nan nan nan nan nan nan nan 0 0 "No bands in data overlap the model."
1198 54 0.118439 53635.80709579521 1.1462940050184223e-05 5.999981464031141 1.1999999852945367 0.0 0.6422042220219737 3.4394111534108446e-07 8.180425380117487 0.03249119370455955 184.84195747304852 32.0 -16.068520961507687 0.1639646692931862 53622.224474 53705.111089 12 42 "Minimization exited successfully."
1209 48 0.241036 53619.49716477671 0.0001909600015622115 2.7533669115081967 -0.9998146573143749 0.0 2.0325201365594694 1.7511771228552743e-05 1.2086252438792755 1.7893697254462304 17.04435966680635 20.0 -20.693077160932795 0.5982898506939947 53622.427407 53705.320565 0 48 "Minimization exited successfully."
1214 48 0.263798 53628.85425550447 3.0515666989230362e-05 2.6516706967607924 -0.4436402237353244 0.0 4.683721382436488 4.845141066345537e-05 3.225965391914404 1.3551842674676584 13.238582242324052 20.0 -18.884609270367385 0.6071592968084367 53622.43587 53705.329835 4 44 "Covariance may not be accurate. Covariance not positive definite. Covariance forced positive definite."
1223 0 1.276657 nan nan nan nan 0.259549 nan nan nan nan nan nan nan nan nan nan 0 0 "Empty table passed to fit_lc."
1241 40 0.088477 53635.35006482692 0.00031666518704476346 -0.37994020709442733 0.1294996601360654 0.0 0.08000616839490249 1.2276717738255469e-05 0.08567986201534383 0.028021444961655595 360.5525137278377 36.0 -18.805703078144884 1.118312155094543 53622.263455 53705.149687 8 32 "Minimization exited successfully."
1243 38 0.196967 53614.32576662012 0.00021123445602750146 1.3925614888146178 -0.9948287137847709 0.0 0.00038373449933715165 0.0001714983736815401 1.731011789122824 1.9130785557106251 23.56973533766928 15.0 -20.3053597565096 0.8366425939992226 53622.27554 53705.162912 0 38 "Minimization exited successfully."
1248 0 0.781457 nan nan nan nan 6.4e-05 nan nan nan nan nan nan nan nan nan nan 0 0 "Empty table passed to fit_lc."
1251 46 0.178299 53642.054897845985 7.679720121512856e-06 5.9999999624135505 1.1997565096099168 0.0 0.9358813424551045 5.257435950511978e-07 0.4608775886497778 1.4863809312407548 64.21991874209317 19.0 -16.604649557392438 0.16395613765434547 53622.442322 53705.336521 8 38 "Minimization exited successfully."
1253 36 0.261657 53635.24901474418 5.1951385489116266e-05 -1.0406820273441904 -0.05914245344613611 0.0 0.8548809456478921 4.056897233783885e-05 0.8451568157320009 0.5852756648812404 8.58645126296534 14.0 -19.42808119584213 1.2686490832621224 53622.225717 53705.111548 8 28 "Covariance may not be accurate. Covariance not positive definite. Covariance forced positive definite."
1277 38 0.143396 53622.03268641529 1.4401337215138588e-05 1.4514266945189886 0.9102527481824703 0.0 0.004011421940958826 1.2910525413059038e-05 1.0225618436563177 0.5250261018030855 17.53920914629671 15.0 -16.623706507445803 0.7693822426971195 53622.245047 53705.131197 0 38 "Covariance may not be accurate."
1281 38 0.289319 53640.84146040011 1.8917976049527275e-05 5.999999999987455 1.199999317529091 0.0 0.542803057578567 4.62303453965252e-07 0.10053028085494198 0.3331497594390497 125.66364294329286 15.0 -18.77164536088376 0.16396410607281098 53622.244198 53705.130815 10 28 "Minimization exited successfully."
1293 0 0.979868 nan nan nan nan 0.000457 nan nan nan nan nan nan nan nan nan nan 0 0 "Empty table passed to fit_lc."
1298 77 0.225088 53613.85963123929 0.00015929359473952132 3.6660965703666974 -0.9977657485581972 0.0 0.004483970358705847 3.6316558469110525e-05 2.24191203533414 1.9725352102439047 252.8053393411178 34.0 -20.3330603014708 0.3827646216320417 53622.233702 53705.119697 0 77 "Minimization exited successfully."
1311 40 0.260328 53607.25090951419 3.380451651110561e-05 -5.999999436247506 0.17493141314178362 0.0 0.8928287388080207 8.130985945425939e-05 0.15203451680030788 1.6870159708444123 113.43665354736237 16.0 -18.948882165249014 4.814182671111524 53622.251735 53705.138541 0 40 "Covariance may not be accurate. Covariance not positive definite. Covariance forced positive definite."
1316 40 0.215653 53620.83456532536 0.0002266317050765343 -0.07684332171435049 -0.9999972934474556 0.0 2.406603171300958 1.7371030941177307e-05 1.0379971450691174 1.6376622050390408 44.18377026320137 16.0 -20.601054767993826 1.1133986047134456 53622.256755 53705.143253 0 40 "Minimization exited successfully."
1329 40 0.087806 53626.824529436984 1.469002916509754e-05 0.7656135103259896 1.1999999638470897 0.0 0.0001574183625052683 4.366540653616417e-07 0.4595241704950732 0.020345200317043455 243.29231543734141 36.0 -15.532382545068462 0.8610638649280311 53622.263862 53705.149734 4 36 "Covariance may not be accurate."
1351 36 0.174548 53613.245983010755 6.55990438681997e-05 -0.24815621399804577 0.11123091349753977 0.0 3.776608905660396 5.239306792511222e-05 1.5291023120238623 0.5171308665444934 10.07515388320321 14.0 -18.693553263422146 1.0939505061411943 53622.332625 53705.221521 0 36 "Covariance may not be accurate. Covariance not positive definite. Covariance forced positive definite."
1354 38 0.247914 53625.977148059865 0.00012322738195304493 -2.1180961226311585 -0.9946262058708119 0.0 1.9723452304788225 5.218970329217587e-05 1.3644442315314995 2.175796520576063 6.050101740232578 15.0 -20.279561601799692 1.6312208445133543 53622.312019 53705.200192 2 36 "Minimization exited successfully."
1364 34 0.217423 53627.674206921074 0.00016613442835486047 5.1785016716312775 -0.9983124971308326 0.0 2.361251134363556 4.694074680079596e-05 1.5899032041078902 2.198609563653012 25.939122013242912 13.0 -20.32998157129513 0.15406147213531085 53622.37964 53705.270527 4 30 "Minimization exited successfully."
1371 63 0.117969 53633.29115429265 0.0003255930102956783 0.9876637543580937 0.03621189642023159 0.0 0.15435725129646016 1.3204407459178598e-05 0.12110289512420236 0.03044939955015702 320.3936177474366 38.0 -19.50413109893497 0.8768271701958206 53622.296297 53705.184801 6 57 "Minimization exited successfully."
1372 51 0.067849 53638.614800558054 2.180929024076517e-05 5.999999995749231 1.1999999980466658 0.0 0.34152100301071187 3.7264033859285534e-07 0.028181620153960196 0.005273115368216619 1107.3024977564246 30.0 -15.481629331228163 0.1639641285324558 53622.38897 53705.281567 12 39 "Minimization exited successfully."
1378 57 0.124747 53627.39707785388 1.7294652110541043e-05 1.6618568322208418 0.8093876716104282 0.0 1.234914350148756 3.4858391475378612e-06 0.862376359695872 0.1526076256446407 50.36682464565675 34.0 -16.48451129720657 0.7405504344524658 53622.395462 53705.287929 6 51 "Minimization exited successfully."
1385 34 0.335346 53623.10342963547 8.701657127251017e-05 -0.5123873475709715 -0.9997405702041227 0.0 4.025215637397196 1.1343576434982845e-05 1.9762106813732259 2.1077418680666007 5.372066424334605 13.0 -20.659843090274606 1.2067528208709213 53622.350251 53705.240348 2 32 "Minimization exited successfully."
1395 38 0.184968 53625.30767095025 1.6425534822419596e-05 -1.3814049860066309 1.1993248083726789 0.0 1.4011340962606482 1.6720786926899268e-06 0.6623158272757168 1.7181536493575185 49.80556346848334 15.0 -17.40609844686847 1.2301035714635162 53622.319853 53705.208762 2 36 "Minimization exited successfully."
1396 38 0.271554 53617.69819825453 1.2707117235490894e-05 5.999998900848421 1.1999363993324335 0.0 0.00696098670232459 6.262942254825487e-07 0.8568886531294186 1.5156432420305668 62.407313034399465 15.0 -18.18135823833997 0.1639620730698894 53622.320678 53705.209617 0 38 "Covariance may not be accurate."
1400 34 0.277262 53607.50704260229 0.00016689283610359042 3.2353839409846437 -0.9991393508121527 0.0 0.001975760216737399 5.945135296460402e-05 3.043333206565522 1.378492169405733 58.28815298755979 13.0 -20.89602823421617 0.4990236401151016 53622.370673 53705.261646 0 34 "Minimization exited successfully."
1403 38 0.359741 53630.52607882622 8.655037471421156e-06 -1.396178819159969 1.1842756364120728 0.0 1.9393754828015517 5.140056090600087e-06 1.4047360231189023 2.165845064013837 11.912766106715484 15.0 -18.358392248869606 1.234536900574085 53622.32562 53705.214319 4 34 "Minimization exited successfully."
1415 34 0.210449 53630.88992556892 1.3212435021084933e-05 1.488928869868733 1.1970055446803536 0.0 1.2805502279516077 2.377787798542586e-06 0.7815874690022229 1.654274678509302 29.04180961058839 13.0 -17.485632585237877 0.7526919457346608 53622.342874 53705.232685 4 30 "Minimization exited successfully."
1427 34 0.338832 53622.75828821462 7.5081439657676e-06 2.7439748360645666 1.1976046648387086 0.0 4.402087737060356 1.9071002320542037e-06 2.645825987407708 2.0718781285768912 8.0827331251983 13.0 -18.06006633840334 0.547433315899621 53622.377186 53705.268465 2 32 "Minimization exited successfully."
1450 24 0.399415 nan nan nan nan 0.000616 nan nan nan nan nan nan nan nan nan nan 0 0 "No bands in data overlap the model."
1452 48 0.324156 53639.11504204496 3.1864891163091435e-06 3.5766590674464425 1.1971862058635807 0.0 0.0125729777792003 1.1639276300434706e-06 3.6244846415898486 2.1868350701299617 27.173146259253276 20.0 -17.02947415860508 0.32696761913726036 53622.429427 53705.322658 8 40 "Minimization exited successfully."
1456 48 0.198268 53633.66207724619 0.00014080900337484325 3.893102989158546 -0.9992954632723898 0.0 2.2602505045797443 1.9385695162154056e-05 1.30985238036412 1.7972095961064514 16.97935525675786 20.0 -19.893501279830097 0.3055248380679352 53622.437887 53705.331503 4 44 "Minimization exited successfully."
1457 48 0.359187 53613.432053201315 8.144200064589601e-05 -2.1167801064091973 -0.999817638837944 0.0 0.0051329769448784646 1.243389039266574e-05 1.9807400459184084 1.8957888699953978 14.315349239118419 20.0 -20.76093287559856 1.631255044352521 53622.438289 53705.332345 0 48 "Minimization exited successfully."
1461 78 0.33986 53629.38495989297 7.521114969539666e-05 -0.048985862550271264 -0.9999769120878464 0.0 1.5966186898258456 5.807415076148901e-06 1.176624370527648 2.0855000325826616 36.643551696339216 35.0 -20.535974690491543 1.107649419034452 53616.379053 53705.284584 10 68 "Minimization exited successfully."
1464 40 0.288787 53625.5824106315 2.9558228866148896e-05 -0.9557332589807572 -0.1607464821414759 0.0 4.003088662288064 4.242214550046697e-05 2.2565405821361058 1.5093948843320284 7.363517159990681 16.0 -19.062811223975743 1.2572337683079766 53622.398308 53705.290096 2 38 "Covariance may not be accurate. Covariance not positive definite. Covariance forced positive definite."
1469 40 0.086745 53630.98003193008 2.6514239846149313e-05 5.979811626218144 0.23193145307266216 0.0 0.0011698628368321806 6.811845373986271e-06 0.6891671906132535 0.2160147718687152 69.93551217733307 36.0 -16.16119422221482 0.13268690269302397 53622.401125 53705.292674 4 36 "Covariance may not be accurate."
1470 84 0.08672 53635.40301519516 1.2785450406478384e-05 5.999999946239145 1.1999999611958798 0.0 0.3735794105741661 1.882811658499024e-07 0.04922460416817742 0.006138463786893755 731.8620157587684 80.0 -15.463485556442485 0.16396412876877164 53616.389543 53705.294791 14 70 "Minimization exited successfully."
1478 42 0.200911 53619.329596327894 1.1299138805566101e-05 0.8407837539488483 1.199685308136735 0.0 0.001411765108059626 8.633122439005717e-07 0.9342752023164249 1.6126849353856287 21.225357826747256 17.0 -17.202291787898318 0.8496685391860694 53622.415305 53705.308293 0 42 "Minimization exited successfully."
1495 48 0.204013 53627.07819273078 0.00014755840341432514 3.133673158388124 -0.9970679249396667 0.0 0.00020547888561850414 0.00029875981888023874 9.267223706444389 0.3103734260088091 25.98328553091184 20.0 -20.005927061875298 0.5215107339573635 53622.426607 53705.319691 2 46 "Covariance may not be accurate."
1504 95 0.316373 53629.554661682785 6.661234075965306e-06 -2.882391135930741 1.1986380477268064 0.0 1.2358787485572975 9.712934402539285e-07 0.8647789176902108 1.8724870269250093 44.597954534390325 44.0 -17.749321463164332 1.5748014323540005 53616.421394 53705.328541 10 85 "Minimization exited successfully."
1511 48 0.185727 53612.15494504884 0.0002548115873755752 -2.265375508865125 -0.9987469586352387 0.0 0.00018380176334176213 7.563822162950482e-05 1.8143542009810791 1.4462055499974078 17.25568467919018 20.0 -20.363054689368052 1.6797286278797863 53622.44111 53705.334854 0 48 "Covariance may not be accurate."
1514 72 0.041224 53629.91708255398 9.658884275808188e-05 0.6011648956069102 1.1999999983981318 0.0 0.08841594609839376 4.71735976662612e-07 0.06766862779864802 0.001586631302031849 4059.395634361901 44.0 -15.862700315615115 0.8862193492086945 53622.442695 53705.337798 6 66 "Minimization exited successfully."
