analysis_pipeline/fit_results/sdss_4_salt2_2.4_red.ecsv
# %ECSV 0.9
# ---
# datatype:
# - name: obj_id
#   datatype: string
# - name: num_points
#   datatype: int64
# - name: z
#   datatype: float64
# - name: t0
#   datatype: float64
# - name: x0
#   datatype: float64
# - name: x1
#   datatype: float64
# - name: c
#   datatype: float64
# - name: z_err
#   datatype: float64
# - name: t0_err
#   datatype: float64
# - name: x0_err
#   datatype: float64
# - name: x1_err
#   datatype: float64
# - name: c_err
#   datatype: float64
# - name: chi
#   datatype: float64
# - name: dof
#   datatype: float64
# - name: b_max
#   datatype: float64
# - name: delta_15
#   datatype: float64
# - name: tmin
#   datatype: float64
# - name: tmax
#   datatype: float64
# - name: pre_max
#   datatype: int64
# - name: post_max
#   datatype: int64
# - name: message
#   datatype: string
# schema: astropy-2.0
obj_id num_points z t0 x0 x1 c z_err t0_err x0_err x1_err c_err chi dof b_max delta_15 tmin tmax pre_max post_max message
679 63 0.123663 53618.95242144462 5.879743361091317e-06 0.030800051118519356 1.1999984510890305 0.0 0.008674224263813812 4.1501923719544656e-07 1.4468726676925079 0.07614585542408192 68.47663914597103 38.0 -15.333581833801183 0.9761403581917278 53616.221902 53704.121031 3 60 "Minimization exited successfully."
682 115 0.047317 53648.547110923944 4.4531665577274283e-10 -5.996257958927394 -0.8455264779244517 0.0 65.47441189883466 1.1794017857615911e-05 10.137254453455888 1.511629480123203 208.30727519283715 72.0 -2.7833908149359345 nan 53616.232356 53705.132988 32 83 "Minimization exited successfully."
688 62 0.066563 53623.87085096656 1.0113828047663143e-05 2.305949840064944 1.1108070279232072 0.0 0.001526010182715254 3.5630261453289955e-06 1.001290216518996 0.232976186385363 69.30749042179824 38.0 -14.484679507060246 0.6290265532747092 53616.265664 53704.165949 6 56 "Minimization exited successfully."
691 42 0.129587 53613.69447477066 0.000630690472568527 -1.9185586853073149 -0.9998159992857146 0.0 0.0007234232944028918 2.5180957237726557e-05 0.6012439110258065 0.02079986250539395 45.72450617103597 17.0 -20.489254334254397 1.5695515055467482 53616.229022 53704.127838 0 42 "Covariance may not be accurate."
694 114 0.126178 53624.88209323599 0.0001257287179815758 1.212563721435048 0.31352825847602284 0.0 0.000657691703963792 4.790457872362868e-06 0.1703626746993483 0.03063844576462782 567.9579275249696 72.0 -18.634357186696786 0.8294145812845493 53616.229447 53705.129927 9 105 "Minimization exited successfully."
697 83 0.155294 53623.437612271104 1.8875329052663316e-05 1.232663989544335 0.774765666204563 0.0 0.00026165080998907797 1.0176970517269957e-05 0.5984963481041885 0.34489653144148924 107.62639715275725 38.0 -17.09420262454189 0.808469947304161 53616.244046 53705.143634 6 77 "Covariance may not be accurate."
701 44 0.205128 53607.93089462266 1.6888730436921405e-05 -0.1744944281201608 1.0127867652173963 0.0 0.0005575376308115665 8.45962448385973e-06 1.0596940704276427 0.3115772029081747 32.383915831910194 18.0 -17.665539558383884 1.0227088128127306 53616.24278 53704.141592 0 44 "Covariance may not be accurate."
703 44 0.296481 53629.60874407555 7.82797240661659e-06 2.766410690081397 1.1980815287046336 0.0 1.888640329361806 1.9488832823033596e-06 1.4900261831274602 2.193056629708591 12.949064417420216 18.0 -17.768762596118183 0.5427801526694473 53616.247362 53704.146305 8 36 "Minimization exited successfully."
704 44 0.204966 53623.0310622821 0.00017775600924941682 0.5687492112259847 -0.9997886935691166 0.0 1.8505560418816458 1.6000871002026508e-05 1.0844773178756846 1.8342409874270835 17.949892075897726 18.0 -20.214100984280517 0.9859555145880812 53616.249043 53704.147972 2 42 "Minimization exited successfully."
711 0 1.111396 nan nan nan nan -4.0 nan nan nan nan nan nan nan nan nan nan 0 0 "Empty table passed to fit_lc."
716 81 0.322376 53639.16944960544 0.00027060662281041094 5.999999999998167 -0.9999999999882677 0.0 0.4591651554001146 3.5691939130366756e-06 0.028228231785633717 0.10410976748835854 372.9804170165225 38.0 -21.866736185028632 0.09742931845910263 53616.287975 53705.189509 22 59 "Minimization exited successfully."
717 40 0.12901 53613.790527675825 1.5125780317998273e-05 0.6485000772999943 1.0570165522113828 0.0 0.0024682199364178814 1.1504343077394785e-05 1.0511952030590233 0.42413934351153004 20.835557834753622 16.0 -16.441978167085615 0.8864438553495688 53616.295393 53704.195979 0 40 "Covariance may not be accurate."
722 42 0.085038 53622.995862190066 0.00024473298125516794 -0.09006740396799895 0.18717940952707846 0.0 0.0006043929315637797 1.1896895038466813e-05 0.145444553006552 0.0363342224154688 820.0947946089536 38.0 -18.435832967760643 1.059696700235449 53616.313876 53704.214415 2 40 "Covariance may not be accurate."
735 41 0.189482 53615.886922048376 0.000252768287502072 -3.2602502312921597 -0.9999722544849298 0.0 2.7626606351368537 3.626852013232596e-05 1.1530044407378277 1.666584749405143 11.496865266615035 16.0 -20.401938408104634 2.0745095431591736 53616.334752 53704.23699 0 41 "Minimization exited successfully."
739 60 0.106421 53612.97392967946 0.0002402849807051144 -0.9674943670142229 0.058040086707028316 0.0 0.0005671854669344611 1.619040892631873e-05 0.21831417865668357 0.0513522432351704 439.9525495796314 36.0 -18.932559989810457 1.2437475020944504 53616.35185 53704.255733 0 60 "Minimization exited successfully."
744 63 0.12694 53618.78803038386 0.0001737868243158547 0.23975415534738254 0.028778499061594465 0.0 0.00043522419946384616 9.178598151506352e-06 0.2606951732602534 0.044449386420223 353.9666201810275 38.0 -18.99383717738933 1.0074927805957294 53616.226928 53704.126156 3 60 "Minimization exited successfully."
762 40 0.190088 53624.890645294894 1.7074458394910063e-05 1.007449848845578 1.1661143824995572 0.0 0.7813588557582989 9.219280713966272e-06 0.5322664488768676 1.6250744436093776 27.387762784034493 16.0 -17.512113514718703 0.8260884456890523 53616.35514 53704.25865 2 38 "Minimization exited successfully."
764 42 0.185808 53623.44923558772 5.713149325193845e-06 5.9999958309087145 1.1997978581211974 0.0 1.658227690932108 4.751067566000079e-07 0.4079331203593748 1.5178218579810865 39.73306851228548 17.0 -16.38297404752929 0.16395761548330157 53616.36164 53704.265028 2 40 "Minimization exited successfully."
765 48 0.259902 53625.868162699226 2.7880013415771953e-05 5.8031569771502785 -0.26899358752561664 0.0 2.501484371106926 3.0713035597148e-05 10.624661453010699 0.7809729710544014 12.043387899071673 20.0 -18.815655985042646 0.12603727705064216 53616.395211 53704.300703 2 46 "Covariance may not be accurate. Covariance not positive definite. Covariance forced positive definite."
770 72 0.041464 53628.89374169607 9.582590862486917e-06 4.85805847582812 1.199999927985274 0.0 0.6277339480475348 4.987060064426399e-07 0.801236809369442 0.008046890587373845 325.363945275313 44.0 -13.42783562359439 0.21233683101752376 53616.398013 53704.304084 9 63 "Minimization exited successfully."
772 48 0.20925 53623.50911936867 2.4212575343015574e-05 5.9999996497429215 0.2578862875940702 0.0 3.898075832228642 2.014543027235305e-05 2.5766221068629607 0.5610238370655711 34.99397625468358 20.0 -18.146404511539597 0.13267339230768727 53616.400455 53704.306197 2 46 "Covariance may not be accurate. Covariance not positive definite. Covariance forced positive definite."
774 69 0.092269 53615.71581194919 0.0004033662511940317 -0.9709137892495612 -0.012982260328299633 0.0 0.000278959018032765 2.2950647335462376e-05 0.16779157482967078 0.04074752601189274 885.9002832104387 42.0 -19.163987269457536 1.2498164683213275 53616.381476 53704.286673 0 69 "Minimization exited successfully."
779 45 0.236938 53626.05681583103 1.2312541264628551e-05 1.1558271741382473 1.1386355527458076 0.0 1.2252254870254546 1.2069368815616488e-05 0.7847125054286677 1.99825365790576 18.35991265101901 19.0 -17.69156350436031 0.8049741974295799 53616.38554 53704.290062 2 43 "Minimization exited successfully."
782 47 0.131251 53631.06279762476 1.7520052438602107e-05 5.999998641534951 1.1999008452676478 0.0 0.5097887534211623 5.649241597072144e-07 0.10889638939540092 0.36707009960349646 297.47490697046715 19.0 -16.770435707237684 0.16396091368175547 53616.41415 53704.320121 5 42 "Minimization exited successfully."
792 66 0.04282 53621.21699398222 1.017808595847769e-05 1.0659992772414588 1.1999960125457458 0.0 0.0019671007539727725 4.6738952553693247e-07 0.8243844069902408 0.03851237049477696 219.22614407816343 40.0 -13.505171143195568 0.815727986659244 53616.434617 53704.342412 3 63 "Minimization exited successfully."
799 44 0.146407 53614.367728687095 0.00018666525308326466 -3.4022561535685414 -0.9987655112435112 0.0 1.2885860905371374 4.2348035713573587e-05 1.672460137908284 2.014002704131146 20.978635303580067 18.0 -19.454539252505768 2.1441520111836425 53616.25901 53704.158285 0 44 "Minimization exited successfully."
818 46 0.237174 53621.01585006469 7.6097833413413255e-06 -0.1900446081397975 1.19289640214692 0.0 2.806670055313589 3.086244472064181e-06 1.3618980668457614 2.0688271173629817 16.233760675269682 19.0 -17.177029592412058 1.0128528083611492 53616.422214 53704.328482 2 44 "Minimization exited successfully."
822 46 0.236635 53621.777268089856 0.00018864200392765818 -3.608770297885209 -0.9999446862449951 0.0 1.2026735036088212 1.2953809053637978e-05 0.8855861906009261 1.5251901989529408 26.310741441165167 19.0 -20.62622988236701 2.254569108775378 53616.422616 53704.329323 2 44 "Minimization exited successfully."
830 23 0.38623 nan nan nan nan 5.7e-05 nan nan nan nan nan nan nan nan nan nan 0 0 "No bands in data overlap the model."
841 44 0.298318 53625.714394870825 8.493768726960393e-06 -0.29538125766417256 1.1166860124698479 0.0 1.6598193393656402 1.1858631721811674e-05 1.3915836498641379 2.1582651434940034 16.15052847855697 18.0 -17.856814052321184 1.0359751291849015 53616.44389 53704.351576 2 42 "Minimization exited successfully."
859 44 0.276728 53626.18875019231 4.578547653974363e-05 1.4422487644713113 0.03744151182449951 0.0 1.4454988837424025 2.7116179999597254e-05 1.0617452576492439 0.46901927702392515 17.596826105649672 18.0 -19.432074406641057 0.8012134928647825 53616.286742 53704.187406 4 40 "Covariance may not be accurate. Covariance not positive definite. Covariance forced positive definite."
863 60 0.092949 53630.985844814386 9.46343282499429e-06 5.999999778615432 1.1999999606681375 0.0 0.8165480780335201 3.4640199875479744e-07 0.16685313838870108 0.030059284871065683 200.55452783272676 36.0 -15.29678125584811 0.1639641336464983 53616.297451 53704.198958 12 48 "Minimization exited successfully."
875 66 0.104044 53629.98564358461 1.2326098375057271e-05 1.7320828214290387 1.1999999911383328 0.0 1.0121526425718912 4.6434684186302824e-07 0.5183628585478313 0.003274747063959804 563.3227289627432 40.0 -15.735948652462483 0.7161190069402288 53616.259017 53704.159128 12 54 "Minimization exited successfully."
879 20 0.451353 nan nan nan nan 5.3e-05 nan nan nan nan nan nan nan nan nan nan 0 0 "No bands in data overlap the model."
893 63 0.108834 53619.79580388357 3.105662956763622e-05 -0.638525304668927 0.5982561820258898 0.0 4.261461799615063e-05 5.217505045354565e-06 0.603771124004111 0.12518273529163992 49.022421798348965 38.0 -16.782527496242388 1.1360431035490066 53616.32699 53704.229708 3 60 "Minimization exited successfully."
895 40 0.266814 53613.93999612743 8.113085570250477e-06 1.9378884140276096 1.199998081297358 0.0 0.003489732178422855 7.154819784110924e-07 1.4764342349339237 1.7360740921333113 33.38990657108343 16.0 -17.541754990452034 0.6848036922885328 53616.34903 53704.252299 0 40 "Covariance may not be accurate."
896 20 0.423446 nan nan nan nan 4.1e-05 nan nan nan nan nan nan nan nan nan nan 0 0 "No bands in data overlap the model."
904 21 0.383892 nan nan nan nan 2.5e-05 nan nan nan nan nan nan nan nan nan nan 0 0 "No bands in data overlap the model."
907 72 0.105466 53643.04720168048 2.4984811062138678e-05 5.999993279971598 1.1999998087585255 0.0 0.0003449672876740806 3.345196220116977e-07 0.11489519701163076 0.0031543006953131947 892.9146716130487 44.0 -16.643705755069576 0.16396431843853776 53616.398831 53704.3049 21 51 "Minimization exited successfully."
910 41 0.147747 53617.85752461979 5.872527773817305e-05 -0.3323467333508816 0.4067361036875803 0.0 0.0013265945635794196 2.7253913092324388e-05 0.5649861153561853 0.29828631277808104 43.814544677817665 17.0 -18.183142368837103 1.0915194017023886 53616.334359 53704.236517 2 39 "Covariance may not be accurate."
911 47 0.206325 53621.13339493604 0.00022499076560372422 -1.2886372448134553 -0.9995703598703508 0.0 1.5329242735497246 2.8413619293031218e-05 1.0371586289225296 2.004247010762662 21.418472480957185 20.0 -20.4839932615871 1.393035723476519 53616.417782 53704.323883 2 45 "Minimization exited successfully."
921 143 0.125781 53630.0937191477 5.997279322590421e-06 5.999999308097406 1.199999982484953 0.0 0.00409001117805019 2.0837298974230044e-07 0.3993980847214518 0.03745740386099761 144.88690473335862 92.0 -15.506290367135616 0.1639641481029308 53616.457475 53705.367144 14 129 "Minimization exited successfully."
930 72 0.288698 53657.16941413651 0.00012125270152910095 5.999999976901595 -0.9999810854942616 0.0 0.7482479904501815 5.102915258046733e-06 0.18185804124918192 1.7930322128403047 168.66499182888526 32.0 -20.71769680743863 0.09742973110470032 53616.351882 53705.255656 26 46 "Minimization exited successfully."
932 23 0.390036 nan nan nan nan 4.8e-05 nan nan nan nan nan nan nan nan nan nan 0 0 "No bands in data overlap the model."
938 0 0.760567 nan nan nan nan 0.000141 nan nan nan nan nan nan nan nan nan nan 0 0 "Empty table passed to fit_lc."
979 44 0.291144 53615.6060064101 0.00010310053247437834 4.88850531704303 -0.9999959890150677 0.0 0.0017783860748750158 9.552006316870806e-06 1.849083714162548 2.1761866609140306 45.27909019060338 18.0 -20.525923670242683 0.17930257811873673 53616.24819 53704.147179 0 44 "Covariance may not be accurate."
983 61 0.067238 53626.82392723775 1.7632545280762414e-05 5.999878542988011 1.1999994468712387 0.0 3.0671981221530586e-05 4.3208540549677377e-07 8.38266407838249 0.048937633752812904 235.6400976797025 36.0 -15.230218788108509 0.16396765738304708 53616.269781 53704.170311 8 53 "Minimization exited successfully."
986 41 0.279009 53620.4459446491 2.9047468433669456e-05 2.933797682882936 -0.04317170797262804 0.0 3.517648506040132 3.124221754557955e-05 2.3337114531202516 0.7932836492343754 7.067609783175187 16.0 -18.961898247747886 0.5423047368420839 53616.293328 53704.193856 2 39 "Covariance may not be accurate. Covariance not positive definite. Covariance forced positive definite."
1000 44 0.128293 53613.90893341883 0.0006002540011317936 -1.5951333956472675 -0.9991088996078242 0.0 0.0012921363122586627 nan 0.41459648017199835 nan 47.364992108622914 18.0 -20.41215784286577 1.4755033635318995 53616.375805 53704.280391 0 44 "Covariance may not be accurate."
