analysis_pipeline/fit_results/sdss_4_salt2_2.4_red.ecsv
# %ECSV 0.9
# ---
# datatype:
# - name: obj_id
#   datatype: string
# - name: num_points
#   datatype: int64
# - name: z
#   datatype: float64
# - name: t0
#   datatype: float64
# - name: x0
#   datatype: float64
# - name: x1
#   datatype: float64
# - name: c
#   datatype: float64
# - name: z_err
#   datatype: float64
# - name: t0_err
#   datatype: float64
# - name: x0_err
#   datatype: float64
# - name: x1_err
#   datatype: float64
# - name: c_err
#   datatype: float64
# - name: chi
#   datatype: float64
# - name: dof
#   datatype: float64
# - name: b_max
#   datatype: float64
# - name: delta_15
#   datatype: float64
# - name: tmin
#   datatype: float64
# - name: tmax
#   datatype: float64
# - name: pre_max
#   datatype: int64
# - name: post_max
#   datatype: int64
# - name: message
#   datatype: string
# schema: astropy-2.0
obj_id num_points z t0 x0 x1 c z_err t0_err x0_err x1_err c_err chi dof b_max delta_15 tmin tmax pre_max post_max message
[from data line 56]
1119 36 0.296391 53622.33758532393 0.00010212750492055057 1.0413098709560957 -0.9999810642248083 0.0 0.0004655753764382098 9.955184829490426e-06 1.697734841227673 1.3537795355104674 7.166397244356464 14.0 -20.52425830507177 0.8989703647960958 53622.216021 53705.102166 2 34 "Covariance may not be accurate."
1126 54 0.113914 53613.8657440303 9.722964370371235e-05 -2.8584312153413074 0.2567853494663863 0.0 0.7964194487249188 2.004644853487392e-05 0.7132470548328822 0.13215724668166062 92.20449805588231 32.0 -18.11153466746331 1.718450864208645 53622.225302 53705.112436 0 54 "Minimization exited successfully."
1127 54 0.076085 53651.410527583816 3.676901903520658e-05 1.909806851000237 1.1999924539010638 0.0 1.7438276699976996e-05 5.636373015166517e-07 0.2203516162607837 0.0020551583408605634 1595.3822617703313 32.0 -16.201462067874886 0.6891145946075632 53622.326445 53705.216425 15 39 "Minimization exited successfully."
1131 38 0.172432 53636.89486937173 4.408965833898604e-06 5.433472160635949 1.1894288337188308 0.0 2.1625159561626788 2.941395901168709e-06 2.1861384038752716 2.19180833440206 21.239753162091368 15.0 -15.894321884170111 0.18366116093148577 53622.238318 53705.124853 10 28 "Minimization exited successfully."
1150 19 0.456315 nan nan nan nan 4.7e-05 nan nan nan nan nan nan nan nan nan nan 0 0 "No bands in data overlap the model."
1151 32 0.361362 53625.25931285892 4.1818391546292186e-05 -2.837279486543284 -0.13127915665778767 0.0 2.015963319241564 4.5582766722388485e-05 1.3250838020591988 1.5082083761825724 12.649749980841984 12.0 -20.00464936917237 1.7696926270702704 53622.369454 53705.260354 2 30 "Covariance may not be accurate. Covariance not positive definite. Covariance forced positive definite."
1153 32 0.338423 53633.35597812895 1.2596999722024327e-05 4.319688854437601 1.0331330828975611 0.0 0.0004819487003260292 2.0770849055569697e-05 1.4710242193146081 2.114217894632608 9.603347945861412 12.0 -18.632239751141825 0.2479768142866945 53622.371085 53705.261631 4 28 "Minimization exited successfully."
1158 16 0.410115 nan nan nan nan 0.000103 nan nan nan nan nan nan nan nan nan nan 0 0 "No bands in data overlap the model."
1166 17 0.380494 nan nan nan nan 0.0001 nan nan nan nan nan nan nan nan nan nan 0 0 "No bands in data overlap the model."
1170 34 0.32846 53618.83771211047 1.7465358264108223e-05 1.4656629647857944 0.4296995175017453 0.0 0.00018652093785931356 5.7400378785419364e-05 2.6875733794670094 1.6319035688310115 19.06498958963362 13.0 -18.826117970063255 0.7845296259522847 53622.354335 53705.244643 0 34 "Covariance may not be accurate."
1174 0 2.382896 nan nan nan nan 0.000411 nan nan nan nan nan nan nan nan nan nan 0 0 "Empty table passed to fit_lc."
1176 0 0.70546 nan nan nan nan 0.000242 nan nan nan nan nan nan nan nan nan nan 0 0 "Empty table passed to fit_lc."
1181 18 0.602537 nan nan nan nan 0.000113 nan nan nan nan nan nan nan nan nan nan 0 0 "No bands in data overlap the model."
1184 17 0.548751 nan nan nan nan 0.000334 nan nan nan nan nan nan nan nan nan nan 0 0 "No bands in data overlap the model."
1196 19 0.368957 nan nan nan nan 3.1e-05 nan nan nan nan nan nan nan nan nan nan 0 0 "No bands in data overlap the model."
1198 54 0.118439 53635.80689126756 1.1461543293550536e-05 5.999975163570943 1.1999998400594771 0.0 0.6417208897073579 3.4240064323065575e-07 8.046006786892075 0.032081507520823394 184.8419808526116 32.0 -16.068388336272648 0.1639648485199885 53622.224474 53705.111089 12 42 "Minimization exited successfully."
1209 48 0.241036 53619.49232642124 0.00019099151280498107 2.7567241522659653 -0.9999312268712419 0.0 2.0335856475394394 1.5821832601390363e-05 1.2092312239003267 1.7702777552618625 17.044282026176358 20.0 -20.693278940322152 0.5976517909020806 53622.427407 53705.320565 0 48 "Minimization exited successfully."
1214 48 0.263798 53628.84090512818 3.060525560323657e-05 2.658348118731382 -0.44657221429593763 0.0 4.697218893255922 4.861045923648222e-05 3.2292676272358616 1.3526354368883422 13.23854556011639 20.0 -18.88794489224077 0.6059892143479182 53622.43587 53705.329835 4 44 "Covariance may not be accurate. Covariance not positive definite. Covariance forced positive definite."
1223 0 1.276657 nan nan nan nan 0.259549 nan nan nan nan nan nan nan nan nan nan 0 0 "Empty table passed to fit_lc."
1241 40 0.088477 53635.34996862299 0.00031667707106834974 -0.3795962196940792 0.12947987962735952 0.0 0.08000473694482935 1.2280782311343565e-05 0.08568914643163517 0.028029078735554158 360.5524826393719 36.0 -18.805743744559365 1.1182463305789376 53622.263455 53705.149687 8 32 "Minimization exited successfully."
1243 38 0.196967 53614.32084632128 0.0002111460793439013 1.3942873826387379 -0.9947861290375201 0.0 0.003444463225605432 0.00015011740403272244 1.7323179646565916 1.7858357029369958 23.56896576846148 15.0 -20.304903861548205 0.8363399164607905 53622.27554 53705.162912 0 38 "Minimization exited successfully."
1248 0 0.781457 nan nan nan nan 6.4e-05 nan nan nan nan nan nan nan nan nan nan 0 0 "Empty table passed to fit_lc."
1251 46 0.178299 53642.05887957766 7.677916834971654e-06 5.999998994817551 1.1999057689685793 0.0 0.9355028940699412 4.639938268763407e-07 0.4601892021250169 1.4697620934247182 64.21980548897528 19.0 -16.604417120866945 0.16396106497126084 53622.442322 53705.336521 8 38 "Minimization exited successfully."
1253 36 0.261657 53635.24881483709 5.1868657831052325e-05 -1.0406488435723906 -0.05789168647357479 0.0 0.8548928885902569 4.05048074668779e-05 0.8451405746246277 0.5852756463067329 8.586446785483313 14.0 -19.426344237781173 1.268547338117635 53622.225717 53705.111548 8 28 "Covariance may not be accurate. Covariance not positive definite. Covariance forced positive definite."
1277 38 0.143396 53622.02894535621 1.373790591989721e-05 1.4514461037337387 0.9408186586587259 0.0 0.00023514040367444977 5.889586030638882e-05 1.030307026048976 1.710105188463094 17.538603255898934 15.0 -16.575594435374978 0.7682192769999254 53622.245047 53705.131197 0 38 "Covariance may not be accurate."
1281 38 0.289319 53640.843597362385 1.8918807397768632e-05 5.999999208452552 1.1999814757283334 0.0 0.5425932468315295 4.6788345795967374e-07 0.1005039858081016 0.31578294486623215 125.66370413122932 15.0 -18.77169033514388 0.16396354358549559 53622.244198 53705.130815 10 28 "Minimization exited successfully."
1293 0 0.979868 nan nan nan nan 0.000457 nan nan nan nan nan nan nan nan nan nan 0 0 "Empty table passed to fit_lc."
1298 77 0.225088 53613.86939638757 5.6412473846242376e-05 3.6023752621254843 -0.22237624461061867 0.0 0.024143575617927127 4.591023924546189e-05 2.1686053115403 0.5716804266713699 252.91747825865437 34.0 -19.158943191851 0.3672243640497328 53622.233702 53705.119697 0 77 "Covariance may not be accurate."
1311 40 0.260328 53607.25090501804 3.437135542097014e-05 -5.99999853562915 0.16289561323254698 0.0 0.8870836583373602 8.257179467935305e-05 0.15172310963166158 1.6807980862199452 113.4366698288474 16.0 -18.96671454159659 4.858858510602246 53622.251735 53705.138541 0 40 "Covariance may not be accurate. Covariance not positive definite. Covariance forced positive definite."
1316 40 0.215653 53620.84582910065 0.00022655682776668852 -0.07807267423586772 -0.9999790150602738 0.0 2.4032395467620518 1.7871683206345805e-05 1.037826542323209 1.7140252424217766 44.183783669513694 16.0 -20.600692824105113 1.1136521834186865 53622.256755 53705.143253 0 40 "Minimization exited successfully."
1329 40 0.087806 53626.82427530993 1.4688498574360054e-05 0.7649611135947358 1.1999999829498482 0.0 0.0015153004314925056 4.303848247666497e-07 0.45615558075380536 0.021505735369402812 243.29000195624923 36.0 -15.532268624134247 0.8611631227929237 53622.263862 53705.149734 4 36 "Minimization exited successfully."
1351 36 0.174548 53613.23697281992 6.645827208416999e-05 -0.24455817521661505 0.10255730037518251 0.0 3.777244165437878 5.3070282023708896e-05 1.5307361936434543 0.5170896187784688 10.075267985378499 14.0 -18.707582666618087 1.0937732175634771 53622.332625 53705.221521 0 36 "Covariance may not be accurate. Covariance not positive definite. Covariance forced positive definite."
1354 38 0.247914 53625.97949548328 0.0001228198130744662 -2.117493869579633 -0.9919717741963535 0.0 1.9708960771095008 5.635131616267441e-05 1.3640408799305166 2.0925933763801403 6.050278754125141 15.0 -20.275712289922197 1.6307951566901053 53622.312019 53705.200192 2 36 "Minimization exited successfully."
1364 34 0.217423 53627.68050001882 0.00016629980140738134 5.182758412031209 -0.9992446560995809 0.0 2.361836817177391 3.353240393386635e-05 1.5910781097320177 2.199609691484392 25.938997274461894 13.0 -20.331279960634163 0.15370084606030687 53622.37964 53705.270527 4 30 "Minimization exited successfully."
1371 63 0.117969 53633.29148985068 0.0003255843731512131 0.9873725409480922 0.03622394079677771 0.0 0.1543522271567781 1.320245610157979e-05 0.12109307804784164 0.03044606648981607 320.3936301019972 38.0 -19.50410206622263 0.8768757839930892 53622.296297 53705.184801 6 57 "Minimization exited successfully."
1372 51 0.067849 53638.6148804916 2.1809392407874384e-05 5.9999999957888 1.1999999992890382 0.0 0.3414995614402869 3.726377122831293e-07 0.028182849030653045 0.005274193316141984 1107.3024972090739 30.0 -15.481634417611502 0.1639641285720792 53622.38897 53705.281567 12 39 "Minimization exited successfully."
1378 57 0.124747 53627.398238690854 1.7294600964092855e-05 1.6618677149276362 0.8093593613140959 0.0 1.2348547261899512 3.4846214916078865e-06 0.86235196484186 0.15255419900909972 50.366826725725474 34.0 -16.484505603991092 0.7405497184186487 53622.395462 53705.287929 6 51 "Minimization exited successfully."
1385 34 0.335346 53623.08783345171 8.696041273730914e-05 -0.5020173065025446 -0.9994427831008318 0.0 4.033532009649207 1.3813069671724239e-05 1.978009253210598 2.196947879926091 5.3721223118436905 13.0 -20.6591241676543 1.2044348837046037 53622.350251 53705.240348 2 32 "Minimization exited successfully."
1395 38 0.184968 53625.31187053757 1.642689176530543e-05 -1.384696113982475 1.1993228802817102 0.0 1.3984735159501724 1.8501573499962724e-06 0.6616878871261804 1.8337801286939035 49.80555556091842 15.0 -17.40618552523767 1.230759605449876 53622.319853 53705.208762 2 36 "Minimization exited successfully."
1396 38 0.271554 53617.6994687612 1.2705818451727025e-05 5.999990262553663 1.199945715654561 0.0 0.005195427544094855 7.931140316574939e-07 10.613265109025356 2.0776731540592275 62.407526607007355 15.0 -18.18124826089317 0.16396263111905185 53622.320678 53705.209617 0 38 "Covariance may not be accurate."
1400 34 0.277262 53607.50423474932 3.3516377247529983e-05 3.132902288709534 0.33589258954336443 0.0 1.019153933157213e-05 0.0001011386826661892 2.719197473733621 1.6545016913160866 58.36563635891352 13.0 -19.109173285371167 0.4857120460357116 53622.370673 53705.261646 0 34 "Covariance may not be accurate."
1403 38 0.359741 53630.52746901754 8.686479479438348e-06 -1.3947197367888249 1.1811495741419655 0.0 1.9224226249571075 6.301992492137587e-06 1.4021873112575522 2.1251230782473383 11.912805996565375 15.0 -18.361927670072262 1.23455330897702 53622.32562 53705.214319 4 34 "Minimization exited successfully."
1415 34 0.210449 53630.893102105154 1.3196702603438525e-05 1.487041828657671 1.1979518168934966 0.0 1.2797110453284404 2.2421565309727063e-06 0.7811227715098399 1.7610810579481586 29.041633897011195 13.0 -17.48446074662183 0.7529369301656139 53622.342874 53705.232685 4 30 "Minimization exited successfully."
1427 34 0.338832 53622.77935870022 7.5135407956372635e-06 2.735417688989415 1.1971687826389537 0.0 4.390442655694642 2.2194666414027118e-06 2.6439563595981044 2.1799773067516064 8.082741265409444 13.0 -18.060743889217925 0.5491980205534297 53622.377186 53705.268465 2 32 "Minimization exited successfully."
1450 24 0.399415 nan nan nan nan 0.000616 nan nan nan nan nan nan nan nan nan nan 0 0 "No bands in data overlap the model."
1452 48 0.324156 53639.11965415771 3.184774235157617e-06 3.556412394900997 1.1988329417803958 0.0 0.006518801994388923 8.994422347557983e-07 3.6094661768813086 1.830867652699974 27.17538577736452 20.0 -17.028567948368206 0.3293662459273463 53622.429427 53705.322658 8 40 "Covariance may not be accurate."
1456 48 0.198268 53633.656956544015 0.0001407216434268377 3.894816401529468 -0.9990259611606099 0.0 2.263246847065602 2.2958431436906904e-05 1.3102488389411562 1.9066232506080492 16.97937152240971 20.0 -19.89283371215031 0.3052775431312291 53622.437887 53705.331503 4 44 "Minimization exited successfully."
1457 48 0.359187 53613.4325647964 8.143589784096017e-05 -2.1116046330956504 -0.9998418036678602 0.0 0.0032015096221584827 1.2280515924272818e-05 1.9814619241325042 1.790430128683255 14.315490978143217 20.0 -20.760858572351708 1.6296025331041015 53622.438289 53705.332345 0 48 "Minimization exited successfully."
1461 78 0.33986 53629.38583412913 7.520634790214032e-05 -0.047027441618415544 -0.9997065491435981 0.0 1.5971897415947751 6.8280656079594505e-06 1.1768018073722737 1.8632721507359498 36.643672361210925 35.0 -20.535881158557935 1.1072363474149434 53616.379053 53705.284584 10 68 "Minimization exited successfully."
1464 40 0.288787 53625.574071831055 2.9502353590352693e-05 -0.9600705684369908 -0.15794586790967935 0.0 4.014591283554182 4.2281489887005525e-05 2.25521938432082 1.510171427020294 7.363599840182032 16.0 -19.060710792088035 1.2579959430170717 53622.398308 53705.290096 2 38 "Covariance may not be accurate. Covariance not positive definite. Covariance forced positive definite."
1469 40 0.086745 53630.97509924808 2.637511044880858e-05 5.999998032141281 0.23638165296244473 0.0 0.002190768613218097 0.012017161042099316 8.442839497300767 0.9183739057763363 69.91685990474407 36.0 -16.156538542822148 0.1319773236850672 53622.401125 53705.292674 4 36 "Covariance may not be accurate."
1470 84 0.08672 53635.40351138197 1.2786537718969538e-05 5.999999896418126 1.1999996564679538 0.0 0.37361837414937327 1.882749642151402e-07 0.04930291335054271 0.006178361279559619 731.8620437741715 80.0 -15.463577838261653 0.16396412022192663 53616.389543 53705.294791 14 70 "Minimization exited successfully."
1478 42 0.200911 53619.33071570605 1.1421663187028974e-05 0.8455325813334209 1.1915380951619063 0.0 0.0016437139966001268 1.1833672603261964e-06 0.8991834300472048 0.03516657285585101 21.228985792421625 17.0 -17.212936979493808 0.8493510322709241 53622.415305 53705.308293 0 42 "Covariance may not be accurate."
1495 48 0.204013 53627.07383376822 0.00014734259238671665 3.135631117639372 -0.9958260881788442 0.0 0.002861623932403745 nan 1.3539762527893133 nan 25.984283054202944 20.0 -20.004224086235112 0.5210629241422211 53622.426607 53705.319691 2 46 "Covariance may not be accurate."
1504 95 0.316373 53629.55652994903 6.6536131348859945e-06 -2.8809223949164324 1.199594205662688 0.0 1.235887598570116 6.996328851066603e-07 0.8647776462974739 1.8742781238327013 44.59779155673878 44.0 -17.7482037162254 1.574253250827379 53616.421394 53705.328541 10 85 "Minimization exited successfully."
1511 48 0.185727 53612.15304681154 0.0002550972651625227 -2.275747534604148 -0.9999989130455702 0.0 0.002173696913814638 2.6216026326724717e-05 1.3111365361804386 1.6665945298377722 17.253110780684086 20.0 -20.36438164836422 1.6833162939540465 53622.44111 53705.334854 0 48 "Minimization exited successfully."
1514 72 0.041224 53629.91691971895 9.658953141041594e-05 0.6010228727067117 1.199999978134283 0.0 0.08841697730895248 4.717624798955563e-07 0.06766777519884748 0.0015872087001262969 4059.395645909373 44.0 -15.862707891390912 0.8862412004200273 53622.442695 53705.337798 6 66 "Minimization exited successfully."
