analysis_pipeline/fit_results/sdss_4_salt2_2.4_red.ecsv
# %ECSV 0.9
# ---
# datatype:
# - name: obj_id
#   datatype: string
# - name: num_points
#   datatype: int64
# - name: z
#   datatype: float64
# - name: t0
#   datatype: float64
# - name: x0
#   datatype: float64
# - name: x1
#   datatype: float64
# - name: c
#   datatype: float64
# - name: z_err
#   datatype: float64
# - name: t0_err
#   datatype: float64
# - name: x0_err
#   datatype: float64
# - name: x1_err
#   datatype: float64
# - name: c_err
#   datatype: float64
# - name: chi
#   datatype: float64
# - name: dof
#   datatype: float64
# - name: b_max
#   datatype: float64
# - name: delta_15
#   datatype: float64
# - name: tmin
#   datatype: float64
# - name: tmax
#   datatype: float64
# - name: pre_max
#   datatype: int64
# - name: post_max
#   datatype: int64
# - name: message
#   datatype: string
# schema: astropy-2.0
obj_id num_points z t0 x0 x1 c z_err t0_err x0_err x1_err c_err chi dof b_max delta_15 tmin tmax pre_max post_max message
[from data line 335]
3746 73 0.188604 53624.47472119707 0.00015888725041774632 0.6379427165647549 -0.9991697869527255 0.0 1.7965387685617316 2.7338405012559123e-05 1.0117992088264356 2.0668500631574585 51.55268343131629 33.0 -19.89045179984885 0.9729155198078487 53616.340484 53705.244154 5 68 "Minimization exited successfully."
3757 56 0.069066 53646.50356199745 3.597418410012265e-05 -3.4209737347997122 0.518074725714579 0.0 0.4213247580555617 1.4897233285665614e-05 0.6210822395915621 0.26722395377148944 44.17540701455412 33.0 -15.888942510337507 1.8652156701199907 53622.3182 53705.207907 17 39 "Minimization exited successfully."
3775 72 0.137941 53634.43065286101 0.0003753838756213357 -0.40937934179214164 -0.9969547565128728 0.0 0.8487309545198514 0.0002044014389469534 0.5505408292623115 1.8970879408033963 288.0193760520833 32.0 -20.07456170492383 1.1839268369410867 53616.349848 53705.253953 12 60 "Covariance may not be accurate. Covariance not positive definite. Covariance forced positive definite."
3780 34 0.360378 53647.37984467529 4.7747248125851185e-06 5.999984133363498 1.199761813279911 0.0 2.6694813434878597 5.839676403679437e-07 1.9234750295850773 2.0669801844622904 15.334013554531035 13.0 -17.831601191179114 0.16395677403658127 53622.341643 53705.230977 10 24 "Minimization exited successfully."
3786 48 0.065163 53634.64048246885 1.0313712545314547e-05 4.49769120570172 1.1999999965269907 0.0 0.6342151269127498 5.464463560644893e-07 0.7404312498582541 0.00980147059189096 261.6087755434975 28.0 -14.512629596406125 0.23472875202857324 53622.371072 53705.26289 9 39 "Minimization exited successfully."
3805 33 0.246932 53642.91805054 7.162531864732813e-06 5.999816566161805 1.1713786998921214 0.0 0.000613389605859993 1.7386161369886686e-06 0.8628558639216903 0.08912756374107467 59.24496462190227 13.0 -17.318874861759216 0.16302882078137415 53622.362103 53705.252722 10 23 "Covariance may not be accurate."
3811 17 0.417873 nan nan nan nan 0.000131 nan nan nan nan nan nan nan nan nan nan 0 0 "No bands in data overlap the model."
3825 34 0.312029 53642.85327011027 5.6255489853004327e-05 -3.3223332483312333 -0.618968528397791 0.0 1.5170675129302253 9.275985092881467e-05 1.6009780058676855 1.152338586242941 19.770561976096566 13.0 -19.97208868152869 2.0398273404704916 53622.373929 53705.265064 10 24 "Covariance may not be accurate. Covariance not positive definite. Covariance forced positive definite."
3852 40 0.346735 53647.3237257733 9.902997582837969e-06 0.33441228219705543 1.198926763563755 0.0 1.960010658869578 2.820878977287666e-06 3.182967347938695 2.0469357795626584 11.75976240855043 16.0 -18.414305983100242 0.9277596969668771 53622.304994 53705.193346 12 28 "Minimization exited successfully."
3858 40 0.146156 53627.443267477705 2.5159778331750316e-05 2.74898763789108 0.7882912513127771 0.0 1.5619922477599175 1.4146384710378435e-05 0.7389146443066323 0.35611625127026636 59.750595858930254 16.0 -17.26660567905685 0.558109697015194 53622.309128 53705.197625 4 36 "Covariance may not be accurate. Covariance not positive definite. Covariance forced positive definite."
3868 38 0.19463 53655.171944809845 4.274817018017352e-06 5.9999999783471925 1.1999942803629708 0.0 1.5036062305262021 4.875048041230733e-07 1.5048991253036332 2.0291222978689314 38.84113141503 15.0 -16.18035780521675 0.16396394137533576 53622.323976 53705.212594 12 26 "Minimization exited successfully."
