analysis_pipeline/fit_results/sdss_4_salt2_2.4_red.ecsv
# %ECSV 0.9
# ---
# datatype:
# - name: obj_id
#   datatype: string
# - name: num_points
#   datatype: int64
# - name: z
#   datatype: float64
# - name: t0
#   datatype: float64
# - name: x0
#   datatype: float64
# - name: x1
#   datatype: float64
# - name: c
#   datatype: float64
# - name: z_err
#   datatype: float64
# - name: t0_err
#   datatype: float64
# - name: x0_err
#   datatype: float64
# - name: x1_err
#   datatype: float64
# - name: c_err
#   datatype: float64
# - name: chi
#   datatype: float64
# - name: dof
#   datatype: float64
# - name: b_max
#   datatype: float64
# - name: delta_15
#   datatype: float64
# - name: tmin
#   datatype: float64
# - name: tmax
#   datatype: float64
# - name: pre_max
#   datatype: int64
# - name: post_max
#   datatype: int64
# - name: message
#   datatype: string
# schema: astropy-2.0
obj_id num_points z t0 x0 x1 c z_err t0_err x0_err x1_err c_err chi dof b_max delta_15 tmin tmax pre_max post_max message
[from data line 626]
7194 48 0.363247 53669.27146199083 5.071108482113118e-06 1.7312262698547114 1.1989801766901875 0.0 3.155182642502041 8.793674863027956e-07 3.392043017845638 2.169766650021172 24.321372803519015 20.0 -17.808041072629116 0.7162844248676841 53616.413763 53704.319653 22 26 "Minimization exited successfully."
7195 47 0.361269 53673.98092559785 5.0500675097209236e-05 0.17543646443398764 -0.9923793692481787 0.0 2.2416285461367806 3.0649940263514087e-05 2.4335819148916737 1.5685219003590336 11.036649177972928 19.0 -20.25839491671173 1.06196093059976 53616.413763 53704.319653 27 20 "Minimization exited successfully."
7209 75 0.065355 53644.20254431643 1.4197124949661965e-05 5.999999876865379 0.6845648174798651 0.0 0.5559837192595296 7.69283326344794e-06 0.10671767342127225 0.3975322061492921 1191.9135936066614 46.0 -14.8672711899764 0.14678489794738425 53622.445105 53705.339915 18 57 "Minimization exited successfully."
7243 38 0.203226 53685.65642012734 0.0002827003444503651 0.13150830021116633 -0.9931795917605752 0.0 1.0453450512468407 0.00011960856724448132 1.2681316406557617 2.0337241280879756 4.938007869378781 15.0 -20.695941285429708 1.0707584489474193 53622.237482 53705.123978 30 8 "Minimization exited successfully."
7248 60 0.124885 53664.58900945296 6.718399990192081e-06 5.999996912529273 1.1999999647184074 0.0 0.926303798227309 3.5869427324475306e-07 7.486239289839143 0.03155759793612889 117.5572383075773 36.0 -15.61276708654566 0.16396421747676726 53622.250068 53705.137684 24 36 "Minimization exited successfully."
7254 42 0.364577 53666.375351952556 5.3102334630815707e-05 1.592333929742578 -0.9995179895810108 0.0 2.521726055765612 6.399707255825836e-06 2.2348762098400616 1.8844744480205553 16.742349569314705 17.0 -20.33881032737689 0.8019834499044975 53622.27053 53705.15739 20 22 "Minimization exited successfully."
7258 42 0.253123 53677.77901674867 0.00013302940893722304 -2.6739472778591225 -0.9988968330545411 0.0 1.1734452830860391 2.548685867153178e-05 2.901200991253721 2.1418648072298163 14.662205781946627 17.0 -20.414004573177035 1.8252734062805693 53623.195128 53704.103418 26 16 "Minimization exited successfully."
7303 0 1.446335 nan nan nan nan 0.000518 nan nan nan nan nan nan nan nan nan nan 0 0 "Empty table passed to fit_lc."
7306 54 0.11084 53682.96244018716 1.6244128723407193e-05 4.691507312281081 0.9801738479896429 0.0 0.560035837952455 2.676318110204079e-06 0.6874879749707707 0.1234249541186615 108.69330837749625 32.0 -16.20629989712379 0.2192026021252076 53622.395053 53705.287945 42 12 "Minimization exited successfully."
7335 36 0.19561 53675.34213617207 0.00022350079496145648 -2.2699868092334787 -0.9986741114916702 0.0 0.6884612081194064 4.238453468883851e-05 1.280989623763727 2.0198534426387114 18.61252157790864 14.0 -20.346173398413704 1.6812630201551109 53622.211814 53705.097842 20 16 "Minimization exited successfully."
7339 38 0.30571 53655.722314515064 1.530870841422449e-05 5.999964452639334 0.003493589609675274 0.0 1.8530401978823647 2.842965602672887e-05 7.578592918587815 1.6017466840244328 29.08682739899614 15.0 -18.57903133518452 0.12458558978828549 53622.308721 53705.196738 12 26 "Covariance may not be accurate. Covariance not positive definite. Covariance forced positive definite."
7343 0 0.869757 nan nan nan nan 0.000264 nan nan nan nan nan nan nan nan nan nan 0 0 "Empty table passed to fit_lc."
7350 32 0.154889 53674.06122795964 8.74632511786988e-06 -5.999999993653922 0.47122048875057887 0.0 1.4523756184207741 1.732788761293569e-05 1.5342536662087687 1.7147238012713162 10.126855042049222 12.0 -16.22898238291235 4.049382504676476 53622.346982 53705.236905 16 16 "Covariance may not be accurate. Covariance not positive definite. Covariance forced positive definite."
7363 32 0.179153 53685.11300507193 6.958442275834087e-05 5.999998541889562 0.17881060531617177 0.0 0.5534587310175993 3.39076950005146e-05 0.36284800506159964 0.3321697782786072 79.03986759303467 12.0 -18.912966022836144 0.1301238112991534 53622.375567 53705.266293 24 8 "Covariance may not be accurate. Covariance not positive definite. Covariance forced positive definite."
7365 20 0.392218 nan nan nan nan 2.1e-05 nan nan nan nan nan nan nan nan nan nan 0 0 "No bands in data overlap the model."
7373 40 0.278495 53682.31691508905 4.619914713202555e-05 -0.9749167649193966 -0.05287824900734228 0.0 1.2671205324477341 3.48652677973238e-05 1.5226059083366388 0.5879839462133252 14.006160095968731 16.0 -19.45589296911178 1.2536482810629437 53622.306231 53705.194645 30 10 "Covariance may not be accurate. Covariance not positive definite. Covariance forced positive definite."
7390 17 0.369317 nan nan nan nan 4e-05 nan nan nan nan nan nan nan nan nan nan 0 0 "No bands in data overlap the model."
7392 0 0.79782 nan nan nan nan 7.5e-05 nan nan nan nan nan nan nan nan nan nan 0 0 "Empty table passed to fit_lc."
7402 76 0.284526 53677.09644128055 7.387816833277494e-06 -5.999999991590059 1.1999995474103469 0.0 0.657310487684299 4.144764542146631e-07 0.2357132657875276 0.48841180949066076 80.37916557282142 34.0 -17.593943252937823 3.1213450818465063 53616.338016 53705.241216 52 24 "Minimization exited successfully."
7404 34 0.287543 53677.37015031659 6.102218860563502e-05 5.128820890839172 -0.9949686332990825 0.0 5.771185149780649 3.23669302309515e-05 9.62152296558859 1.9770510165179693 8.01002293347651 13.0 -19.93205982504841 0.15822539839721728 53622.352703 53705.242922 22 12 "Minimization exited successfully."
7408 34 0.330783 53614.44931055202 3.6957709587481793e-06 5.9999999108458475 1.1999999440814721 0.0 5.256268338256632 8.447275243694817e-07 8.129156325686449 2.1188309226311692 16.55737033983967 13.0 -17.335858065946155 0.1639641292406253 53622.358427 53705.248889 0 34 "Minimization exited successfully."
7412 17 0.373381 nan nan nan nan 7.4e-05 nan nan nan nan nan nan nan nan nan nan 0 0 "No bands in data overlap the model."
7417 34 0.354451 53677.691430112 8.188749914411764e-05 3.9138651264471527 -0.9998204440955465 0.0 2.3467722083587432 8.578482264185446e-06 2.210786525235301 1.7787473222297996 19.75023558376096 13.0 -20.749445774811456 0.3025690524249036 53622.369039 53705.259534 22 12 "Minimization exited successfully."
7426 20 0.382324 nan nan nan nan 0.005 nan nan nan nan nan nan nan nan nan nan 0 0 "No bands in data overlap the model."
7431 40 0.348623 53682.60758387331 6.957469135179251e-06 4.80388704569809 1.1980067071641143 0.0 1.6535269131927635 1.535553064397899e-06 2.3059511077616675 2.1344142226370777 12.147422492867076 16.0 -18.103538108327747 0.21543012543620677 53622.273456 53705.160786 30 10 "Minimization exited successfully."
7435 38 0.218033 53682.47093544035 6.139821646000687e-06 5.999998688477017 1.1999865438737825 0.0 1.2541133147205983 4.2852904033219287e-07 1.4890953421112867 1.7567984181327636 22.541600977929548 15.0 -16.84992990536177 0.1639637251166306 53622.277619 53705.16507 28 10 "Minimization exited successfully."
7444 38 0.249173 53684.13855277315 0.0001526236636260514 2.3503802455157796 -0.999217502245574 0.0 1.0085244657202566 2.4469219538894577e-05 1.4557207661710052 2.134554609223146 14.542033394031295 15.0 -20.530565515315022 0.6709548091773812 53622.401951 53705.293924 30 8 "Minimization exited successfully."
7457 37 0.252968 53682.99017925707 0.0001244350632172786 2.5524571746658307 -0.9993866766333936 0.0 1.7447378142460366 1.6648335694384176e-05 2.4270744489670935 1.9264505192325334 28.828295376839566 15.0 -20.346802541156258 0.6351236710107031 53622.301276 53705.189051 27 10 "Minimization exited successfully."
7460 36 0.248054 53678.52826265485 7.339914070376485e-05 -5.999983228600033 -0.9999890073124958 0.0 1.140768559926073 8.965543417241428e-06 11.088349242340627 1.851275796819508 27.930055283633695 14.0 -19.715666542480413 nan 53622.224882 53705.111089 22 14 "Minimization exited successfully."
7473 32 0.214569 53678.156714606375 1.2158373966940639e-05 -1.5581745721552913 1.1997916440290646 0.0 0.8764949088799767 5.9737168911167e-07 1.5011467441461872 1.414445676377842 17.431641236192654 12.0 -17.439948758287493 1.2657885292750386 53622.337959 53705.227532 20 12 "Minimization exited successfully."
7475 32 0.320448 53673.27067538875 1.530218076103318e-05 -0.7356654698016527 0.7980865690028247 0.0 1.4443916272430215 1.0178322904946801e-05 1.684476147541002 0.5457462851836883 5.522996861036621 12.0 -18.642629816969485 1.1389957480890587 53622.33919 53705.228812 16 16 "Covariance may not be accurate. Covariance not positive definite. Covariance forced positive definite."
7479 32 0.225995 53680.92001261736 6.192542388365974e-05 4.523020426452867 0.17089210173663427 0.0 0.964550195101765 2.8065360163513356e-05 1.2330336329884455 0.3313065110533124 55.65976077436596 12.0 -19.29540257043647 0.22393417213713818 53622.346161 53705.235641 22 10 "Covariance may not be accurate. Covariance not positive definite. Covariance forced positive definite."
7480 16 0.384121 nan nan nan nan 6.6e-05 nan nan nan nan nan nan nan nan nan nan 0 0 "No bands in data overlap the model."
7483 48 0.118715 53683.345797465125 6.316218018557196e-06 5.049844819778373 1.1812885703772258 0.0 0.9533879351729411 1.797247274525349e-06 1.3506207437033169 1.4526535863613974 48.52136799557439 28.0 -15.382032024317997 0.20154481060861684 53622.349836 53705.240333 36 12 "Minimization exited successfully."
7491 16 0.560016 nan nan nan nan 8.1e-05 nan nan nan nan nan nan nan nan nan nan 0 0 "No bands in data overlap the model."
7499 32 0.351122 53668.245580842064 6.4279020860757985e-06 0.47172632086223576 1.1987834051136899 0.0 2.5705936923441186 1.2272958028619605e-06 2.1623672961100775 2.1688849970058084 6.426739189056917 12.0 -17.977156101133705 0.9063006096157444 53622.380449 53705.271834 12 20 "Minimization exited successfully."
7502 16 0.448354 nan nan nan nan 0.000153 nan nan nan nan nan nan nan nan nan nan 0 0 "No bands in data overlap the model."
7512 50 0.218347 53680.62738052766 9.582654392980006e-06 -0.9435421008268499 1.1981267057151586 0.0 1.3336644245100615 1.6100443640820752e-06 1.8840461069816137 1.6118914094851893 18.319467185139704 21.0 -17.224374250021647 1.1458887974977792 53622.467227 53705.362528 36 14 "Minimization exited successfully."
7527 40 0.235524 53676.36014470837 2.429055937794966e-05 -0.594170256916799 0.31134809377561656 0.0 1.240932031207194 1.8598881264438316e-05 2.1612401339433522 0.5448850422832165 11.973415709901925 16.0 -18.347953518082093 1.1482700468178066 53622.257604 53705.144476 26 14 "Covariance may not be accurate. Covariance not positive definite. Covariance forced positive definite."
7550 78 0.161089 53678.74594463031 3.932951346521385e-06 -1.7545991488376576 1.1960484282481132 0.0 1.701183228615264 1.2650764612870402e-06 2.5733880258311306 1.9921759041836782 24.72816138250384 35.0 -15.521336080802708 1.3071853565801348 53622.219815 53705.105589 48 30 "Minimization exited successfully."
7573 0 1.598314 nan nan nan nan 0.000765 nan nan nan nan nan nan nan nan nan nan 0 0 "Empty table passed to fit_lc."
7600 42 0.186623 53680.46893042878 6.30894027472817e-05 -3.465589486386077 0.036068767134249 0.0 0.7902087722468423 4.057818818073156e-05 1.1247916175858932 0.42746175239625134 11.186032047273562 17.0 -18.810434375073307 1.979261356127914 53622.292165 53705.1796 30 12 "Covariance may not be accurate. Covariance not positive definite. Covariance forced positive definite."
7607 0 1.801695 nan nan nan nan 0.000967 nan nan nan nan nan nan nan nan nan nan 0 0 "Empty table passed to fit_lc."
7644 40 0.308461 53675.09888173831 7.28381576462378e-06 -2.3890480188627237 1.197963513413134 0.0 1.5337377565301722 1.4314490351163837e-06 2.5125132394740524 1.956631902920376 22.66405348174908 16.0 -17.782735372389396 1.4500104309626565 53622.309534 53705.198085 24 16 "Minimization exited successfully."
7647 37 0.384983 nan nan nan nan 5e-05 nan nan nan nan nan nan nan nan nan nan 0 0 "No bands in data overlap the model."
7656 17 0.385547 nan nan nan nan 0.000158 nan nan nan nan nan nan nan nan nan nan 0 0 "No bands in data overlap the model."
7663 17 0.486465 nan nan nan nan 5.8e-05 nan nan nan nan nan nan nan nan nan nan 0 0 "No bands in data overlap the model."
7671 51 0.017682 53677.157145239835 7.969217377452597e-06 1.8502343944760717 1.1999999960809062 0.0 1.564083880144608 4.658401303492261e-07 1.2570610487800078 0.04465683048578284 118.06734853416836 30.0 -11.279265021028959 0.698215153400028 53622.371466 53705.263378 33 18 "Minimization exited successfully."
7680 18 0.377647 nan nan nan nan 7.5e-05 nan nan nan nan nan nan nan nan nan nan 0 0 "No bands in data overlap the model."
7681 78 0.084608 53635.58716803624 4.902490892775058e-05 5.9999999938518584 1.1999999997485333 0.0 0.13636500253414852 4.432420469363531e-07 0.01320714894290198 0.0013308981225848004 2578.7852365137337 48.0 -16.866013977142796 0.16396412864372678 53622.46881 53705.365005 9 69 "Minimization exited successfully."
7699 17 0.404925 nan nan nan nan 0.00011 nan nan nan nan nan nan nan nan nan nan 0 0 "No bands in data overlap the model."
7701 34 0.35904 53682.49405291889 2.5825272472849158e-05 1.2249090269847507 0.030470431892437366 0.0 1.8890271243399184 2.3164075888278958e-05 2.2594187314638705 0.8140023952011803 7.961608008172843 13.0 -19.46659200715012 0.8373609362136776 53622.344117 53705.233902 26 8 "Covariance may not be accurate. Covariance not positive definite. Covariance forced positive definite."
7707 34 0.210284 53675.412342000425 3.9100434739636206e-06 -1.111732540807564 1.1959876455441698 0.0 2.534984406149306 1.5370304261214106e-06 3.5101010361937974 2.1853685116509167 2.8509714460371005 13.0 -16.158803433503696 1.177810669464563 53622.350261 53705.240301 20 14 "Minimization exited successfully."
7717 34 0.331173 53679.78189054966 5.68083912043893e-05 1.9119359376122667 -0.9947560475796247 0.0 3.5402259254005912 2.442508753620731e-05 3.7380236003192637 2.167935064374976 6.882085642971604 13.0 -20.167915985131618 0.7467979558930757 53622.36579 53705.256492 24 10 "Minimization exited successfully."
7721 34 0.300653 53672.740076054644 8.990012120693059e-05 5.999997012795676 -0.9977330402043008 0.0 1.8521235170774162 2.0222368468297836e-05 7.990911570041614 2.1324173694195445 20.32438663734949 13.0 -20.494394499456178 0.09747881925005686 53622.381674 53705.272652 18 16 "Minimization exited successfully."
7723 0 2.191066 nan nan nan nan 0.000805 nan nan nan nan nan nan nan nan nan nan 0 0 "Empty table passed to fit_lc."
7728 42 0.365942 53683.99179446625 2.2617687180404025e-05 5.999999991177138 -0.9991821555743363 0.0 2.8476036029787792 5.03169501381684e-06 7.739987744169342 2.1772680994464046 28.32508319838213 17.0 -19.493785795800523 0.09744711074437262 53622.267205 53705.154344 32 10 "Minimization exited successfully."
7770 0 2.071976 nan nan nan nan 0.001192 nan nan nan nan nan nan nan nan nan nan 0 0 "Empty table passed to fit_lc."
7779 36 0.379863 nan nan nan nan 0.0005 nan nan nan nan nan nan nan nan nan nan 0 0 "No bands in data overlap the model."
7802 21 0.405828 nan nan nan nan 0.000147 nan nan nan nan nan nan nan nan nan nan 0 0 "No bands in data overlap the model."
7811 63 0.08126 53678.71694885793 6.617949203442386e-06 2.373379070183537 1.184676150895699 0.0 1.4872958587620815 2.5392144101926697e-06 1.6669752291334459 1.705116207331114 81.3804482196692 38.0 -14.489532323203878 0.6156245020974076 53616.284669 53704.185708 45 18 "Minimization exited successfully."
