analysis_pipeline/fit_results/sdss_4_salt2_2.4_blue.ecsv
# %ECSV 0.9
# ---
# datatype:
# - name: obj_id
#   datatype: string
# - name: num_points
#   datatype: int64
# - name: z
#   datatype: float64
# - name: t0
#   datatype: float64
# - name: x0
#   datatype: float64
# - name: x1
#   datatype: float64
# - name: c
#   datatype: float64
# - name: z_err
#   datatype: float64
# - name: t0_err
#   datatype: float64
# - name: x0_err
#   datatype: float64
# - name: x1_err
#   datatype: float64
# - name: c_err
#   datatype: float64
# - name: chi
#   datatype: float64
# - name: dof
#   datatype: float64
# - name: b_max
#   datatype: float64
# - name: delta_15
#   datatype: float64
# - name: tmin
#   datatype: float64
# - name: tmax
#   datatype: float64
# - name: pre_max
#   datatype: int64
# - name: post_max
#   datatype: int64
# - name: message
#   datatype: string
# schema: astropy-2.0
obj_id num_points z t0 x0 x1 c z_err t0_err x0_err x1_err c_err chi dof b_max delta_15 tmin tmax pre_max post_max message
[from data line 783]
9147 83 0.118108 53686.36557593183 1.3410931838572227e-05 5.999997257260787 -0.36038798238090963 0.0 0.5156312771650846 4.32777156308739e-06 0.59528308709017 1.4193227059799585 41.79496535226254 37.0 -16.13183732015825 0.11367391612509792 53616.254864 53705.155189 66 17 "Minimization exited successfully."
9155 38 0.304183 53691.63740360314 2.711466950604202e-05 2.032270693068881 -0.024391827321025294 0.0 1.2805958152566745 4.186123350971571e-06 1.9745519837449974 0.09853895671191676 32.88214623092965 34.0 -19.100897050891717 0.7056301458348528 53622.234564 53705.12262 32 6 "Minimization exited successfully."
9160 22 1.766738 nan nan nan nan 0.000253 nan nan nan nan nan nan nan nan nan nan 0 0 "No bands in data overlap the model."
9194 35 0.072155 53667.59287942456 1.139860402475823e-05 -3.564471976656939 -0.9998367126370854 0.0 2.3302032643041457 1.6906845726638588e-06 2.2204496420933135 1.2407133197655318 6.73268004111292 14.0 -14.774117103139925 2.2299573879105345 53622.332218 53705.221511 15 20 "Minimization exited successfully."
9207 32 0.348852 53687.26137859419 2.3958047438558117e-05 1.6925634530453628 0.03392464552878849 0.0 0.8751259447635675 2.2677138100973836e-06 1.063722858896539 0.06693837690282889 27.07740301783821 28.0 -19.312425256980497 0.7601958181918462 53622.377587 53705.270522 26 6 "Minimization exited successfully."
9243 48 0.393291 53692.63304976956 1.0878201560164946e-05 5.356196223282939 -0.24911124760004777 0.0 0.8750411259497923 1.7637297928890799e-06 1.8640028890079643 0.06669519431084453 97.37462798257502 44.0 -18.82248526596309 0.15301913514857546 53622.358014 53705.249687 39 9 "Minimization exited successfully."
9250 32 0.264641 53692.3595120388 2.646277022998689e-05 3.518252572627155 -0.14477111143839805 0.0 0.6065343915870471 2.2915131296830098e-06 0.9033777694176459 0.06759519055645358 62.73727220264689 28.0 -18.734305251375158 0.3922606513198339 53622.38531 53705.278609 26 6 "Minimization exited successfully."
9273 41 0.09759 53687.02127575144 6.402307198367762e-05 -2.3381348232993338 1.1999721696854428 0.0 0.3585917041564244 4.037173237121939e-06 0.3359381572021132 2.1880023592616604 15.019566614169166 17.0 -17.372081749492267 1.4375914915374324 53623.205221 53704.113696 30 11 "Minimization exited successfully."
9278 44 0.363571 53676.209994753175 1.179678559207864e-05 -2.578402402156383 -0.4404243213619119 0.0 0.9347946938796667 1.2623684211410247e-06 1.3735984659851403 0.0874222218956644 31.152133330110665 40.0 -18.654862576838312 1.7234445210266287 53616.24488 53704.145391 28 16 "Minimization exited successfully."
9317 44 0.254565 53675.79817157671 9.226231296282084e-06 -1.6327770331268487 0.39881979716439053 0.0 2.4268051717772323 1.130127972314709e-06 2.3121930205548944 0.20515148533177252 42.837250905010826 40.0 -17.491677902038944 1.363766876540609 53616.251526 53704.152275 28 16 "Minimization exited successfully."
9324 40 0.376404 53686.73594529558 2.3972343751764714e-05 -0.7431620038891822 -0.04629059236840494 0.0 0.9063116163524683 2.424342510632948e-06 0.8684688780365462 0.07190397690358663 39.20099371722484 36.0 -19.50488877195132 1.2033367135817343 53616.267301 53704.168982 32 8 "Minimization exited successfully."
9326 82 0.348345 53686.82800736214 1.860851650669626e-05 -1.2028738467626843 -0.15151585456858563 0.0 0.7045320308461669 1.5899958845022608e-06 0.643204446025126 0.06176085629538075 81.66414304355197 78.0 -19.033091644250394 1.312583547901614 53616.268958 53705.17107 64 18 "Minimization exited successfully."
9334 83 0.380876 53686.82145801907 2.3955004190628903e-05 -0.997724021660332 -0.1913703715042776 0.0 0.5558066541561857 1.463945919771835e-06 0.44580024016041886 0.040024925728890826 68.77870645420727 79.0 -19.53586506722946 1.2687840426477628 53616.276407 53705.178795 66 17 "Minimization exited successfully."
9370 50 0.377151 53693.89416288293 1.5636150863888033e-05 3.0595731467753566 -0.3118999371864596 0.0 0.7431301312753931 1.644280221430594e-06 1.0213449905090437 0.05873216716383922 103.4969276184934 46.0 -19.05643616688345 0.5220399421235769 53616.405268 53704.312515 44 6 "Minimization exited successfully."
9417 57 0.833292 53685.32730563587 9.814968813240955e-06 5.999973218123417 -0.19815433555480666 0.0 2.8765772448859934 1.0722205270857766e-06 0.8363471092401813 0.08035196481287638 102.74731539806557 34.0 -20.712550990565944 0.11843257356265013 53622.234977 53705.121822 45 12 "Minimization exited successfully."
9424 59 0.215786 53680.670449252226 1.2865781542342748e-05 -1.1070142908550071 0.6879196968086421 0.0 1.2032242677632894 1.2427689355820614e-06 1.0989919848771856 0.14021488408009497 36.03108770535022 36.0 -17.4631687475909 1.221539178345978 53622.254256 53705.142781 41 18 "Minimization exited successfully."
9457 44 0.256719 53689.0218417278 3.864179921870714e-05 -0.1967071035170891 0.06905131552411437 0.0 0.5768561124641565 2.4616335870147886e-06 0.6036862387161084 0.0704905380920961 31.092561190290237 40.0 -19.06008815424817 1.0865636483094185 53616.245289 53704.145833 34 10 "Minimization exited successfully."
9467 63 0.218853 53688.978524684804 5.750261057561712e-05 -1.265770133241821 -0.12610797417919928 0.0 0.30185167397212354 2.5708453944978116e-06 0.30372237917265643 0.05636847045403043 43.02402156239854 38.0 -19.09856460315392 1.3252233648464973 53616.226069 53704.126161 48 15 "Minimization exited successfully."
9504 60 0.222074 53651.73338071037 2.5575901783758684e-06 5.999999644960354 1.1999953511071575 0.0 2.621024808362563 5.843468308364132e-07 7.809320199332902 1.7749738784473625 41.51178775151233 36.0 -15.944068625534022 0.16396398625500552 53616.347802 53704.252244 21 39 "Minimization exited successfully."
9545 63 0.50178 53689.80755406491 5.632463717504255e-06 4.108685492874958 -0.2864192745161175 0.0 1.646757197293482 1.56037144423804e-06 2.679721001515274 0.07456594745487599 84.18435404717617 59.0 -18.70155567576871 0.27159802581734027 53616.320027 53704.223295 51 12 "Minimization exited successfully."
9557 38 0.374504 53683.53711935934 1.823684488413746e-05 -2.216286619823859 -0.09941540946899485 0.0 0.9191490417215391 1.5351508241567829e-06 0.774997828478019 0.07171875764043828 21.442854931481058 34.0 -19.194718466048496 1.5689962713049006 53622.407198 53705.301511 30 8 "Minimization exited successfully."
9558 60 0.38907 53677.813493308255 1.158361333196356e-05 -1.5893393981629114 0.0848888895288491 0.0 1.4765466631688469 9.93347863062489e-07 1.4162437002661372 0.09671075165666315 36.46473262483238 56.0 -18.79994919032421 1.3838368299129868 53616.355514 53704.260802 45 15 "Minimization exited successfully."
9560 41 0.09048 53679.88617232571 1.0943396735916267e-05 -1.0957766988523137 -0.9994870987679363 0.0 1.3510904139766353 1.4024552218350193e-06 1.3317439548945367 2.1918518866638017 20.404123704328242 17.0 -15.251310257633723 1.343961242145408 53616.367324 53704.271427 32 9 "Minimization exited successfully."
9594 34 0.296851 53688.71872410344 3.0189090990376812e-05 -0.816259602178179 0.15065290892571603 0.0 0.8090107530733803 2.514125266288026e-06 0.8187292184341022 0.09245262764035911 22.77076991996926 30.0 -19.15487995579197 1.2047619377289713 53622.373917 53705.266303 28 6 "Minimization exited successfully."
9633 75 0.194619 53684.36640409843 2.394536454074614e-05 0.6965865273953522 0.22388874024902816 0.0 0.8361224665241025 1.655741998223826e-06 0.9522047362712578 0.07985575188168637 32.966008275631694 46.0 -17.8648459647821 0.9185021688436521 53616.404055 53704.311265 57 18 "Minimization exited successfully."
9634 75 0.218218 53677.88462796606 8.888920681023872e-06 5.999645880717594 -0.2145833192241372 0.0 1.5127075796262943 7.595814087651975e-07 8.127578254625089 0.13479432985749812 62.769116445502185 46.0 -17.151275674961752 0.11795600346554025 53616.404457 53704.311687 51 24 "Minimization exited successfully."
9643 72 1.614069 53688.62352974217 7.643571331106158e-05 -0.17162791334181282 0.2936303530080073 0.0 4.087434031123848 0.0010892254641602216 2.162332733449497 1.7467607471903206 39.622872723962935 32.0 -24.640189954441368 1.068620268234369 53616.33516 53705.238247 58 14 "Minimization exited successfully."
9672 68 0.188192 53656.67745902117 5.062676924743048e-06 -0.5844114009653874 1.1999999005008526 0.0 2.782086269744468 1.2139227223451066e-06 2.5489514435733405 0.4117734505143741 135.32524751015777 42.0 -16.170709000501382 1.0804787258940607 53616.39238 53704.298948 24 44 "Minimization exited successfully."
9676 71 0.874535 53694.40356206736 7.908556568232417e-06 5.700121385552009 -0.16052949481749768 0.0 2.244056190986157 1.6244692072681084e-06 9.852616628849256 0.09219304543416112 66.98994532605647 44.0 -20.5958753237004 0.13441615977535548 53616.416957 53704.323867 63 8 "Minimization exited successfully."
9678 137 0.425003 53685.96852074191 1.2648135964347108e-05 0.11042986632547791 0.28524344221434794 0.0 1.2952741274857544 9.507416087295438e-07 1.1866570596890846 0.076278573080796 189.84569691711732 133.0 -19.127685786301424 1.017624707258701 53616.426603 53705.336072 111 26 "Minimization exited successfully."
9704 40 0.292786 53672.969105049175 1.3285131145395202e-05 -1.8366696836092338 0.014704857793658821 0.0 1.7419268970843405 1.394897518073313e-06 2.1094076806826485 0.13035797250113978 22.57797347700555 36.0 -18.227374471007376 1.4527897715010631 53616.296638 53704.198901 26 14 "Minimization exited successfully."
9707 40 1.475003 53606.08700035785 1.9886625679532698e-12 -4.871175698766473 0.25978654432189185 0.0 76.27940414744808 2.737778054118789e-05 7.9396343761657295 1.6858041690463346 67.8487647873307 16.0 -5.433239340439876 2.6996755543638002 53616.305692 53704.206625 0 40 "Minimization exited successfully."
9719 108 0.226047 53643.500853478756 0.0 5.999658151798725 -0.5315809341540636 0.0 0.0 0.0 0.0 0.0 505.9134935302048 69.0 inf nan 53616.333122 53705.23775 30 78 "Hesse Failed. Covariance may not be accurate. Covariance not positive definite."
9739 41 0.118202 53685.973619396005 2.126840078093495e-05 5.157388845256003 1.199847831450286 0.0 0.9970984998908534 4.224698674918925e-06 2.2934761963172314 1.4015564504951814 39.94306476862702 17.0 -16.697268033857803 0.1964712146099714 53623.203121 53704.111095 28 13 "Minimization exited successfully."
9740 63 0.236617 53690.12026163848 4.9732724210219684e-05 -2.3629913904524886 -0.1209200236082486 0.0 0.37306726014139713 2.8269769582134344e-06 0.3286704957134592 0.08410192983866221 36.06798331135571 38.0 -19.13194443906312 1.6147924953250943 53623.201884 53704.111952 45 18 "Minimization exited successfully."
9817 51 0.223356 53693.72674082953 4.13667833654241e-05 0.7357623547767336 0.2935355205345569 0.0 0.9706953001659713 3.371067259359539e-06 1.0550976079028382 0.0832985443276989 13.996285125210582 30.0 -18.796058925909225 0.9088664056644973 53622.339173 53705.230526 42 9 "Minimization exited successfully."
9847 51 0.77505 53696.198205799614 9.411913528383221e-06 3.785612910757724 -0.524293100808886 0.0 1.9915840619541996 1.599817885017951e-06 2.1427363294721964 0.12481882989993892 34.512621083185316 30.0 -20.412274068512936 0.3176783511611845 53622.342058 53705.232195 42 9 "Minimization exited successfully."
9954 110 0.227002 53694.659891045085 5.630909466750489e-05 -0.0999952196305216 -0.12429817124538078 0.0 0.42261043321559555 1.7384822165317226e-06 0.38342489488224585 0.036958841619976146 55.538577151566095 70.0 -19.166006426981866 1.078652340067606 53616.329854 53705.234763 92 18 "Minimization exited successfully."
9962 38 0.323499 53680.79849831252 1.5105921956164448e-05 -1.2144203611275524 0.13098910813242481 0.0 1.3432826222815493 1.4689755032154526e-06 1.1692070684518452 0.1174864399034049 28.814834507215156 34.0 -18.619053382520725 1.2922892609030114 53622.301274 53705.191164 26 12 "Minimization exited successfully."
10028 42 0.064256 53694.05508210098 0.000719552858889756 -0.9419392020682853 -0.99999728125547 0.0 0.11473833081618068 7.469295923974147e-06 0.09678858672797475 1.6469833754152745 24.05483543586084 17.0 -19.013089730377516 1.3062586539872711 53616.362048 53704.265479 36 6 "Minimization exited successfully."
10037 42 0.252461 53688.08342586281 2.7497491050954003e-05 -0.6692751492714315 -0.01738930746653833 0.0 0.6363361931580584 2.4691878873261973e-06 0.7076189964868735 0.10445976642182864 23.303779970602317 38.0 -18.648694063718338 1.1859455798374867 53623.189643 53704.099193 30 12 "Minimization exited successfully."
10045 39 0.114762 53693.34488281038 3.953393710077857e-05 1.1662658509086992 -0.9999949096443488 0.0 0.6226697412967042 4.359328775974114e-06 0.9614438937471101 1.500913350098516 12.584604185832076 16.0 -17.200522816275765 0.8766390871355298 53623.21278 53704.121449 31 8 "Minimization exited successfully."
10054 44 0.077478 53692.97843289147 3.509809765485428e-05 5.999999697329857 -0.999984113903359 0.0 0.34128091915044934 1.5728505781598138e-06 0.5009107208525414 0.21989084983817248 34.06360390712089 18.0 -16.235583566517384 0.09742968055153867 53616.441106 53704.348229 38 6 "Minimization exited successfully."
10066 63 0.440777 53689.46517873196 1.560689948421068e-05 0.988922399521206 -0.05474716481365505 0.0 1.231502539361827 1.7949370643988155e-06 1.2644662895191323 0.075110054105133 41.64819565784069 59.0 -19.446595909902523 0.879928100853892 53623.202299 53704.111983 45 18 "Minimization exited successfully."
10096 45 0.076658 53695.37584004117 0.0001124873856245312 0.44677130938164566 1.1860538293652239 0.0 0.49178599860169925 1.248289058954299e-05 0.612834231981664 1.152767993276546 14.986447288272466 19.0 -17.428670501687137 0.9109048334334631 53616.393631 53704.298542 41 4 "Minimization exited successfully."
10106 139 0.146889 53694.42345025522 6.112897155829744e-05 -0.29728313296376907 0.25100787717724926 0.0 0.3664376944543619 2.1096431499995046e-06 0.41397877443155195 0.035795656432171974 89.07021846945435 90.0 -18.20740264767928 1.0948343237812779 53616.441047 53705.351209 121 18 "Minimization exited successfully."
10146 45 0.282991 53685.24258673815 1.5887655144689596e-05 2.6405129817543376 0.29636492296189476 0.0 1.5056634755528648 1.910064417974811e-06 1.6533955162581981 0.10342809688677557 58.94847407346722 41.0 -18.345887757671036 0.5922228699157444 53616.382258 53704.288427 36 9 "Minimization exited successfully."
10157 140 0.203148 53627.05150116758 2.477554408868432e-06 -5.999999700283933 -0.9999999851303486 0.0 2.199524534327793 9.114111282215731e-07 7.560295249445432 0.21255818554277067 170.22935915749045 91.0 -15.546868929328326 nan 53616.415729 53705.324767 8 132 "Minimization exited successfully."
10182 41 1.437993 53680.17104022675 0.00033985221444481794 5.999881741497507 1.1999998029835326 0.0 4.191792360477848 8.365463685842012e-05 2.184753956731238 0.31034971012232804 15.467494847675255 16.0 -26.134234438685596 0.163967575655402 53616.283869 53704.183935 30 11 "Minimization exited successfully."
10231 42 0.143635 53687.49819187138 6.842713265585832e-05 -3.2390406895277475 -0.9999954854206321 0.0 0.14483606035355479 2.727092715143481e-06 0.1345831343961088 0.0629414912369552 183.7401752493488 17.0 -18.319850993640557 2.0644508557731633 53616.369341 53704.273582 36 6 "Minimization exited successfully."
10299 40 0.259705 53691.87429074301 2.9692484241411465e-05 1.3324239921894403 -0.1240778924253656 0.0 0.907616702697851 3.0397222494577006e-06 1.2252585618620335 0.0812054901751636 32.071305156080314 36.0 -18.80447050863684 0.8244487120367943 53622.276362 53705.165517 34 6 "Minimization exited successfully."
