phot_class_results/csp_dr3_simple_fit_class.ecsv
# %ECSV 0.9
# ---
# datatype:
# - {name: obj_id, datatype: string}
# - {name: x, datatype: float64}
# - {name: y, datatype: float64}
# schema: astropy-2.0
obj_id x y
2004dt -1356.0735491451564 -150.79641992698203
2004ef -492.4071013699196 -295.42276057121387
2004eo -3248.416322021239 -625.5305702028659
2004ey -2138.08374738413 -1067.881061536343
2004gc -211.5421608695389 -61.96804736600119
2004gs -369.3722448787465 -93.9376096338681
2004gu -625.4234664891976 -112.21621180682311
2005A -361.6328665840581 -39.23098194338709
2005M -527.0445445625375 -538.9167521115817
2005W -213.21530933976823 -133.32000842494324
2005ag -102.14364181946088 -167.9797109091886
2005al -551.2937476153485 -343.3539349411359
2005am -406.9975522843413 -366.8323489760064
2005be -636.9166106678011 -397.39586119398217
2005bg -715.983078117018 -610.2513901481144
2005bl 39.72581811469364 44.98074390513176
2005bo -257.37130539287926 -67.49196992613088
2005el -1928.6900255132828 -841.1034735484099
2005eq -769.1293025809701 -533.2574942093103
2005gj -1297.2250571740312 -763.9380642865408
2005hc -374.33303349676606 -339.5484771080698
2005hj -166.2387927519298 -459.6488217140314
2005hk 104.69665814482323 17.202038842820457
2005iq -298.5492615870331 -444.6598344179854
2005ir -56.392312680894406 -213.87190773547573
2005kc -359.42184479020045 -151.531746642926
2005ke -1964.0061950692107 -324.4091309683462
2005ki -2054.577762717059 -1198.9623131777198
2005ku -96.64743600540108 -55.18411196607289
2005lu -347.13035148036295 -48.79631706076216
2005mc 12.40172987728053 -61.90901720358345
2005na -867.7616650757585 -469.56494768118733
2006D -4882.046569760721 -2181.1482106126077
2006X -4146.497074687156 -1772.5422922583812
2006ax -1947.3656934851138 -963.041780780804
2006bd -146.45878508090618 -33.338077181173084
2006bh -1939.00154209206 -688.0873522948636
2006br -83.15115364248867 -4.274296427259459
2006bt -164.1525139063977 -185.45746782273363
2006dd -3393.2367666881223 -3962.0863390958693
2006ef -1023.3019806129847 -507.7031847538535
2006ej -608.4524049229972 -112.76757490435992
2006eq -37.30329951514463 -10.302570338923097
2006et -801.5715190133411 -672.8857142703675
2006ev -423.42628266082164 -75.42310193512942
2006fw -30.49435588825404 -118.19718874560849
2006gt -18.495333450261782 -1.7139123193270116
2006hb -2340.793047484008 -1599.0475961418892
2006hx -212.38334783917978 -73.89743937002194
2006is -2300.50907498691 -1089.3220946110812
2006kf -492.19361531364484 -230.93102936924262
2006lu -167.6770431278273 -39.19820786545874
2006mr 219.72814813577617 67.11486739743339
2006ob -40.92258413474731 -80.19896740762997
2006os -196.08678641493094 -18.660641798389
2006ot -171.8991763500835 -48.12030009635191
2006py -174.42624846613444 -89.14676539266954
2007A -435.84588097578796 -343.9298010208188
2007N -863.4769515797192 -235.28011907096695
2007S -1256.310175717918 -460.0356201468273
2007af -2184.151620151494 -955.9852328532997
2007ai -146.91388842963343 -43.99102449345594
2007al -466.1519683362393 -168.0246482393017
2007as -1146.4943416526805 -241.25098975641163
2007ax -140.51586272738018 -502.8395024697038
2007bc -425.13901295833557 -440.50857337530186
2007bd -277.573507022873 -397.69046269525364
2007bm -1696.966172170396 -539.2839288862597
2007ca -1951.244607370313 -866.151806079975
2007cg -295.1895945419938 -43.593012557748764
2007hj -443.7519649396129 -261.7053849611209
2007hx -114.66402336406061 -49.56686615847455
2007if -719.5439573177605 -245.89074944224444
2007jd -55.0551563261696 -34.434064800585645
2007jg -442.869192296804 -119.37557224415139
2007jh 25.432396013708995 10.655564554784156
2007le -2139.5813340853942 -476.6066182882987
2007mm 31.90475743181278 10.111065834935426
2007nq -212.47489496197522 -108.662957464726
2007ol 0.04114783072747985 -69.37709996473248
2007on -1473.3421989854178 -1247.8030798958246
2007so -769.0449968538965 -22.67967673803971
2007sr -8363.015287393051 -3467.647041166289
2007st -1122.032542674705 -193.36228380573743
2007ux -258.7466095267725 -89.93596069100164
2008C -751.4513726626793 -60.92837929303161
2008J -1141.4360612014407 -293.9542807701992
2008O -108.69014025720504 -12.967872784562298
2008R 202.90016924258333 -115.18530350471642
2008ae -284.7519158554951 8.219652133561326
2008ar -718.7488714461143 -372.0454961133404
2008bc -1549.7061306409773 -1137.363125449567
2008bd -64.26033286819974 -1.5237577655946026
2008bf -916.6176668158491 -1131.9813712056812
2008bi -337.6073402763451 -88.53339908494114
2008bq -972.0433490249623 -390.0365944335271
2008bz -266.2234280976396 -367.5539655282274
2008cc 20.377915240685752 90.06717355237961
2008cd -4.608769297870378 -2.7734724685320193
2008cf -1056.9149304199798 -276.46893153822134
2008fl -2926.946929079607 -108.00429925865599
2008fp -5205.314190944521 -1454.435657506168
2008fr -477.59187580301347 -61.62577315575251
2008fu -107.78342782264778 -70.47034848025429
2008fw -3921.4346201955855 -1621.9655771897649
2008gg -1276.5782011394078 -153.71507577858716
2008gl -389.8112154772082 -287.12645903039595
2008go -208.9184656429911 -192.38620494184806
2008gp -738.3240579930217 -486.32813946582655
2008ha -20.825846939247953 -145.04327326878501
2008hj -658.2293162347086 -554.6833931881438
2008hu -157.10685180487354 -78.70221757166466
2008hv -924.7586950979526 -840.157331246023
2008ia -1499.7335049375606 -178.60461901719708
2009D -1992.654424048611 -774.2697155682656
2009F 420.86607612694206 169.28537103958132
2009I -348.99840501160224 -130.63860208891413
2009J -50.26150484323484 -64.21629531247282
2009P -379.5051636865661 -91.03695250158492
2009Y -3141.832915051332 -1561.6800308324414
2009aa -1061.7491051540244 -540.6415461456749
2009ab -925.5875445363189 -298.3181635792972
2009ad -929.6965371641638 -658.215398247052
2009ag -1473.2014124719826 -262.92213540407124
2009cz -1065.5854104597574 -603.383462251438
2009dc -3129.869751827633 -1274.5428705633672
2009ds -143.86558201027958 -425.1460999807207
2009le -949.9580972119853 -770.8077949157196
2010ae -2580.9259755937005 3.217248285308221
