results/band_fits/no_ext/des_sn3yr_simple_fit_class.ecsv
# %ECSV 0.9
# ---
# datatype:
# - {name: obj_id, datatype: string}
# - {name: x, datatype: float64}
# - {name: y, datatype: float64}
# schema: astropy-2.0
obj_id x y
01248677 -134.18695454545454 -25.793831417624524
01250017 -271.1059090909091 -23.048283783783784
01253039 -1.5453174603174602 -0.5369117647058823
01253101 -2.233888888888889 -2.6141666666666667
01253920 -49.57263636363637 -7.616624999999999
01255502 -100.30666666666666 -65.03246153846153
01257366 -1.5378787878787876 -4.142932330827067
01257695 -182.87222222222223 -43.741560846560844
01258906 -1.674590909090909 -2.379590909090909
01258940 -1.4513920817369093 -0.45503192848020435
01259412 -22.524303405572756 -34.899222222222214
01261579 -85.22419642857143 -19.233928571428574
01262214 -1.1158452380952382 nan
01262715 -6.32030701754386 -3.3274999999999997
01263369 -10.104166666666666 -1.7210714285714284
01263715 -23.922937062937063 -3.1391666666666667
01275946 -125.85104761904762 -16.12825367647059
01279500 -15.929236111111113 -44.83767801857585
01280217 -1.8033974358974363 -7.282324393358877
01281668 -6.946458333333333 -5.272373626373626
01281886 -2.3841634738186466 -1.0293841642228738
01282736 -0.7296874999999999 -0.40260416666666654
01283373 -9.027666666666667 -9.644575596816976
01283878 -1.983181818181818 -0.2751136363636364
01283936 -0.2586409266409266 -0.2618947368421053
01285160 -1.8152972493345159 -1.7647142857142861
01285317 -0.4355604155276106 -0.3194805194805196
01286398 -5.4945 -8.623781512605044
01287626 -11.174 -14.615142857142857
01289288 -0.12864158829676076 -0.7363055555555555
01289555 -0.7788628762541805 -0.20541795665634666
01289600 -2.650904347826087 -6.086814285714285
01289656 -0.7691388888888889 -0.0018421052631578672
01289664 -2.3768322981366463 -6.116449553001277
01290779 -0.38341176470588234 -2.630061919504644
01290816 -25.911339285714288 -30.68178571428571
01291080 -0.17362068965517197 0.007272727272727542
01291090 -34.419590909090914 -5.274711779448621
01291794 -0.046212664277180515 -0.6856844305120166
01291957 -6.481165217391305 -2.702070393374741
01292145 -0.35206944444444443 -0.7412867647058825
01292195 -0.45653445103250845 nan
01292332 -8.502055555555556 -2.7556390977443606
01292336 -5.272222222222222 -5.050476190476191
01292560 -39.10568627450981 -32.44033126293996
01293319 -11.678636363636365 -13.186459627329192
01293758 -59.862857142857145 -9.922444444444444
01294014 -5.088888888888889 -8.372020202020202
01294743 -0.6747222222222222 -4.045137844611529
01295027 -0.24875417130144617 -0.4424583333333334
01295256 -1.4435612082670908 -0.42747619047619057
01295305 -1.7993162393162392 -4.6832142857142856
01295921 -0.5820714285714285 -0.6031818181818182
01296273 -1.1946978021978023 -2.3697777777777773
01296321 -5.110818181818182 -8.961530172413793
01296657 -145.07999999999998 -15.7844019138756
01297026 -5.5205909090909095 -2.253726708074534
01297465 -37.80855072463768 -25.904294871794875
01298281 -1.8447478260869568 -3.305008695652174
01298893 -inf -1.3735384615384616
01299643 -15.721333333333334 -7.732992592592592
01299775 -3.9049999999999994 -5.719608695652173
01299785 -0.6933928571428573 -1.6113095238095239
01300516 -4.601286956521738 -4.366098901098902
01300912 -3.5105565217391304 -7.334203296703296
01301933 -16.177613636363635 -28.837600000000002
01302058 -31.471500000000002 -19.442852564102566
01302141 -0.1337492163009404 -0.27514285714285713
01302187 -2.12574358974359 -2.567408695652174
01302523 -3.2210606060606066 -2.2292045454545453
01302648 -2.1158646616541352 -4.496136363636364
01303004 -15.307586206896556 -8.040344827586207
01303279 -7.101666666666667 -7.5311692307692315
01303496 -5.716 -6.0081739130434775
01303883 -10.229299221357062 -3.4021139705882355
01303952 -0.8228055555555558 -0.23691666666666666
01304127 -0.27866792452830214 -0.4461111111111111
01304442 -39.49666666666666 -9.147333333333334
01304678 -1.1002678571428572 -0.9529913043478259
01305504 -5.0665000000000004 -3.265320512820513
01305626 -23.533540372670807 -23.229055555555554
01306029 -1.1124296296296294 -1.0185984427141266
01306073 -2.7450666666666663 -3.9084439359267735
01306141 -3.41650641025641 -4.1402222222222225
01306360 -0.1410976789168279 -0.2531045751633987
01306390 -0.08658974358974361 -0.18192307692307697
01306537 -1.4740255319148936 -0.95281045751634
01306626 -2.0220945083014046 -0.8154583333333333
01306785 -0.5211428571428572 -0.5841269841269842
01306980 -0.1597094339622641 -0.08092857142857135
01306991 -0.4655061179087875 -0.136197458455523
01307277 -0.3036444444444445 -0.26852057842046717
01307830 -2.568901515151515 -1.0498397435897437
01308314 -1.709478021978022 -2.568833333333333
01308326 -7.269642857142858 -6.74808888888889
01308568 -0.3893709884467267 -0.20448529411764704
01308582 -2.331449275362319 -0.5504487179487179
01308884 -207.51464285714286 -138.7367349137931
01308957 -0.5394360465116279 -0.038846153846153864
01309288 -8.066666666666666 -1.9515909090909092
01309492 -52.10540372670807 -17.210608974358976
01309749 -1.6503975346687212 nan
01310338 -0.869520202020202 -0.7281666666666667
01310395 -0.740766283524904 -4.203601532567049
01312274 -0.5083333333333333 -0.28446969696969704
01313594 -17.1255 -9.298
01314897 -3.9933333333333323 -6.766770186335403
01315192 -15.508666666666668 -14.579166666666667
01315259 -6.595076923076922 -11.072291666666667
01315296 -1.795777777777778 -0.7546115288220552
01316385 -63.185333333333325 -45.13044444444445
01316431 -188.6025 -40.7055
01316437 -0.27624668435013255 -0.625
01316465 -109.18508928571428 -37.82317647058823
01317164 -3.2557142857142862 -1.4746249999999996
01317277 -0.12684210526315787 -1.848364389233954
01317286 -19.595204678362574 -11.327222222222224
01317454 -0.7079565217391306 -1.618035714285714
01317666 -62.22142857142857 -68.2975
01319366 -7.7474327122153195 -11.889851851851855
01319821 -6.199686274509805 -3.388944444444444
01320166 -3.794333333333333 -0.8855
01322229 -5.772153846153845 -3.2875000000000005
01322979 -9.333111111111112 -13.52309523809524
01324542 -1.8174013157894735 -0.7023809523809523
01325358 -1.0574999999999997 nan
01327978 -1.9799999999999998 -1.1399679487179486
01328066 -1.0694861501405057 -0.7459444444444443
01328105 -0.28477629513343783 -1.3458947368421053
01329166 -0.8087135081642755 -0.9403333333333334
01329196 -1.4050740740740744 -1.2337254901960786
01329312 -1.3643560606060605 -0.6171826086956521
01329615 -0.4011407407407407 -0.442
01330031 -224.0072222222222 -98.18951219512195
01330426 -54.370384615384616 -38.237280219780224
01330642 -2.8833953786906292 -5.130238095238095
01330903 -0.3973727272727273 -0.1272916666666668
01331123 -5.5146978021978015 -2.141166666666667
01331993 -1.2881501831501834 -0.2790909090909091
01332059 -0.7539088575096279 -0.5556190476190475
01332413 -1.234186046511628 -0.5932857142857142
01333246 -0.5984274193548387 -0.696923076923077
01333438 -0.5416977225672879 -0.7754444444444443
01334084 -5.8549999999999995 -7.3718315789473685
01334087 -6.82875 -7.999714285714287
01334302 -0.2274494949494949 0.047166666666666635
01334423 -1.7118181818181815 -2.489280303030303
01334448 -0.25715811965811963 -0.06435897435897442
01334470 -1.3840656565656566 -0.28454545454545443
01334597 -137.9835294117647 -42.75426470588235
01334620 -1.4185454545454546 -2.273357142857143
01334644 -1.8466782608695653 -2.020973084886129
01334645 -6.9909444444444455 -6.841181818181818
01334707 -4.321392811296534 -1.75525641025641
01334879 -1.7704107142857142 -3.4643406593406594
01335472 -1.8789762931034482 -0.5617272727272727
01335564 -0.6960969793322733 -0.5160909090909094
01335694 -49.27167832167833 -15.954285714285714
01335717 -22.237499999999997 -14.74531328320802
01335718 -4.137696428571429 -2.829242424242424
01335868 -1.695558408215661 -1.4398076923076923
01336008 -4.263260368663594 -1.711181818181818
01336009 -1.759818181818182 -1.1847117794486217
01336453 -139.10999999999999 -39.994735294117646
01336480 -13.172626262626263 -2.5573750000000004
01336687 -12.451764705882352 -15.285000000000002
01337117 -3.774632107023411 -1.777638888888889
01337221 -0.5002649769585252 -0.1513636363636366
01337228 -0.26441244239631345 -0.5623636363636364
01337272 -1.5539880952380951 -0.5473214285714285
01337325 -1.1132407407407408 0.0031944444444444997
01337649 -27.84266666666667 -25.64466666666667
01337655 -6.675194805194805 nan
01337687 -25.861125 -20.97224561403509
01337703 -1.1474759615384618 -1.028
01337838 -25.463999999999995 -9.662666666666667
01338128 -3.3640476190476187 -2.012053571428571
01338170 -1.2662499999999999 -2.4578571428571427
01338233 -0.1467592592592593 -0.2061111111111111
01338266 -0.2997056603773586 -0.0651461988304094
01338278 -1.3276190476190477 -0.32000000000000006
01338387 -4.257057416267942 -1.708333333333333
01338430 -2.5920095693779905 -1.2214285714285713
01338471 -0.212107023411371 -0.13416666666666666
01338675 -38.27044444444445 -16.466507936507934
01339002 -0.7011188811188812 -0.8308333333333335
01339149 -1.6329411764705886 -1.1283333333333334
01339392 -96.445 -3.2816346153846156
01339450 -0.19774038461538457 -0.39707070707070713
01340454 -3.241964285714286 -3.504564102564103
01341370 -11.377 -2.6495
01341894 -5.267500000000001 -7.85625
01342255 -48.60971428571429 -60.449999999999996
01343208 -3.4244957983193274 -4.728666666666667
01343337 -2.5004040404040406 -1.5043333333333333
01343401 -2.659583333333333 -4.3445833333333335
01343533 -0.4864646464646466 -0.08700000000000002
01343759 -5.2025000000000015 -19.852
01343871 -2.8661111111111115 -2.076666666666666
01344692 -0.17625000000000002 0.15416666666666667
01345553 -5.410416666666666 -8.035
01345582 -10.586388888888889 -0.36916666666666664
01345594 -0.7897142857142857 -0.046666666666666634
01346137 -2.2070833333333333 -0.9879166666666666
01346387 -13.35757575757576 -8.221428571428572
01346956 -46.27250000000001 -6.369166666666667
01346966 -14.258333333333335 -3.918333333333334
