notebooks/-2.0_2.0_-2.0_2.0_0.25.ecsv
# %ECSV 0.9
# ---
# datatype:
# - {name: c, datatype: float64}
# - {name: t0, datatype: float64}
# - {name: x0, datatype: float64}
# - {name: x1, datatype: float64}
# - {name: z, datatype: float64}
# schema: astropy-2.0
c t0 x0 x1 z
4.9910187094326375e-11 -1.679901573420885 6.2799920336352e-14 1.2499999998752598 0.0
1.5065726444163374e-13 -1.6444673361824869 9.353279937709225e-14 1.2499999999976767 0.0
1.662558979376172e-13 -1.6143195481897763 1.3882853268421421e-13 1.2499999999999871 0.0
0.6532396059750585 -12.874967893251238 2.683098239217758e-13 0.9751998574949308 0.0
0.6682624375013866 -9.553269969152105 4.1583105031866513e-13 0.9746981646194832 0.0
5.495603971894525e-15 -1.4701205160958324 4.40129518483539e-13 1.2499999999998463 0.0
2.4043544932794703e-12 -1.3926120528774248 6.35396592397691e-13 1.2499999999949685 0.0
1.680877659282487e-12 -1.2709960490880405 9.043496775604954e-13 1.2499999999929106 0.0
4.4353409833775004e-14 -1.1029925871196298 1.2609927141597547e-12 1.249999999999948 0.0
1.1197598404066866e-11 -0.8828657864602505 1.7103896772285176e-12 1.249999999999892 0.0
0.24203312976154295 -1.009948908972838 2.812929534955082e-12 1.249999999998652 0.0
0.5012491233320603 -1.1773801569353495 4.758846358471451e-12 1.2499999999999667 0.0
0.8151134082125266 -1.3845560823036536 8.402356478246468e-12 1.2499999999999998 0.0
0.999999999999893 -1.4529311817159396 1.3718212553012783e-11 1.2499999999997402 0.0
0.999999999999998 -1.2886472780837508 1.9485693331840076e-11 1.2499999999999665 0.0
0.9999999999999283 -1.1064571752896413 2.7276321869156123e-11 1.2499999999982463 0.0
0.9999999999999998 -0.9174733166786808 3.75987512841574e-11 1.2499999999998235 0.0
8.813505480986805e-12 -1.8075462321158682 6.27100770716922e-14 1.2499999994759348 0.0
1.0891287871572786e-12 -1.7741469504546998 9.348727135225477e-14 1.2499999999884936 0.0
4.873879078104437e-14 -1.7357942416743057 1.3885127457824377e-13 1.249999999944703 0.0
0.6511190795870183 -14.523459867428741 2.83860398451033e-13 0.9786505008510618 0.0
0.667118990349957 -10.968818204897744 4.0709551783976447e-13 0.9785883179885184 0.0
1.3061773884714967e-12 -1.5697458677931593 4.4090279002991743e-13 1.249999999977771 0.0
6.827871601444713e-15 -1.4894550224477783 6.372319276535287e-13 1.249999999999999 0.0
1.6653345369377348e-16 -1.3796323716409162 9.083463730561376e-13 1.24999999999999 0.0
2.220446049250313e-15 -1.2265227487639123 1.2697254656349033e-12 1.2499999999999758 0.0
1.1657341758564144e-14 -1.0309800549530763 1.7278437642493812e-12 1.249999999999992 0.0
0.21671853074853603 -1.1139949506652371 2.7715861069419522e-12 1.2499999999999827 0.0
0.4954594097503522 -1.3269323047171468 4.766723814394797e-12 1.2499999999999993 0.0
0.7702878164033629 -1.4976505710782533 8.19396268283623e-12 1.24999999999997 0.0
0.9999999999999988 -1.6034403894400668 1.3765428723205485e-11 1.2499999999999998 0.0
0.9999999999998317 -1.4515846955714125 1.9579992589937985e-11 1.2499999999999898 0.0
1.0 -1.2767678486544582 2.744237701433942e-11 1.25 0.0
0.9999999999827187 -32.99425605010303 9.779943403575944e-11 1.2499999999968274 0.0
2.426028822277715e-10 -1.9660290728664336 6.268315340286777e-14 1.249999999799226 0.0
5.276334924531056e-13 -1.9123526176332035 9.345298626788065e-14 1.249999999896186 0.0
3.002598170098736e-13 -1.8582664978958334 1.3880673270507153e-13 1.2499999999414897 0.0
0.6702701419357406 9.03690359729896 2.7368919358152754e-13 0.9677265851721066 0.0
0.6649344126969985 -12.529884730258637 4.123914653283545e-13 0.9823437710830447 0.0
5.3734794391857577e-14 -1.6766110937630216 4.414176439814655e-13 1.2499999999999911 0.0
8.770761894538737e-15 -1.5922665287626216 6.386569833405785e-13 1.2499999999999587 0.0
8.559819519859957e-14 -1.4845058735405061 9.115197289437643e-13 1.2499999999999414 0.0
0.0 -1.3421600985887991 1.2769614414748226e-12 1.2499999999999996 0.0
8.731904088676856e-14 -1.1627780916519868 1.7427591302254147e-12 1.2499999999999856 0.0
0.19246462217337812 -1.214071465826592 2.731958610531406e-12 1.2499999999999751 0.0
0.472829864224858 -1.4305834610764308 4.699692968453999e-12 1.2499999999998948 0.0
0.7499999120675902 -1.6232371293794046 8.116810518338038e-12 1.2499999995044253 0.0
0.9999999999999261 -1.7440133747311108 1.3801770332545955e-11 1.2499999999996176 0.0
0.9999999999999998 -1.5980276551259394 1.965354593045786e-11 1.2499999999999958 0.0
0.9999999999999198 -1.4327585839113794 2.7580106256707438e-11 1.2499999999999514 0.0
0.9999999999999938 -1.25285786511364 3.8092324598283554e-11 1.2499999999997453 0.0
0.38184124978982775 -1.2365622674626877 7.518515722440562e-14 1.2232594522389684 0.0
2.5175306284097587e-11 -2.0732853594806713 9.342269124306997e-14 1.2499999999803246 0.0
8.293365993949919e-14 -1.9954899945491107 1.3871225141893245e-13 1.2499999999987628 0.0
1.9095836023552692e-14 -1.9310337213406399 2.0524853763708926e-13 1.2499999999982676 0.0
0.6653636131110421 -5.202032782972836 3.1934247425002976e-13 0.9827709444838453 0.0
3.391731340229853e-14 -1.787074197675544 4.419619817004944e-13 1.249999999999848 0.0
2.1871393585115584e-14 -1.6935790398295296 6.398025948921535e-13 1.2499999999996194 0.0
1.1102230246251565e-16 -1.5877126758899252 9.144004998531085e-13 1.2499999999999578 0.0
6.661338147750939e-16 -1.452088066181119 1.2831782815074775e-12 1.2499999999991314 0.0
3.497202527569243e-15 -1.286464956400458 1.755656262421146e-12 1.2499999999999978 0.0
0.1692203212398123 -1.3111319626156046 2.6948088681179886e-12 1.2499999999999996 0.0
0.451033104515615 -1.533738414141105 4.63665002083624e-12 1.2499999999999998 0.0
0.7346447011289448 -1.737080759846073 8.041560980070295e-12 1.2499999999999343 0.0
0.9999999999997997 -1.8787894592226309 1.3828868506525408e-11 1.2499999999999991 0.0
0.9999999999999898 -1.736675405365773 1.9712901218738475e-11 1.249999999999976 0.0
0.9999999999999507 -1.5783320226154345 2.7696338915492778e-11 1.2499999999993086 0.0
0.9999999999999976 -1.4063099754589246 3.829567319083686e-11 1.249999999999999 0.0
1.0059114652349876e-10 -2.282511585863034 6.259043551133044e-14 1.2499999980880592 0.0
7.593370376923758e-13 -2.2119601762931325 9.324522417660408e-14 1.2499999999964027 0.0
1.63202784619898e-14 -2.158365513072482 1.3860643766625082e-13 1.2499999997269506 0.0
0.00892368917958758 -32.980800577582514 6.704634647904399e-13 1.0155803282230793 0.0
9.620082508376981e-14 -2.004425165435947 3.022840445468686e-13 1.2499999999982099 0.0
2.170486013142181e-14 -1.9145237008534792 4.421433359635759e-13 1.2499999999959233 0.0
2.1094237467877974e-15 -1.81024931812793 6.404620262589489e-13 1.2499999999999947 0.0
9.392486788328824e-14 -1.6949340319587733 9.166562691430064e-13 1.2499999999997362 0.0
3.885780586188048e-16 -1.562681764479187 1.2883417433654948e-12 1.2499999999999845 0.0
9.936496070395151e-14 -1.4025917793887004 1.7664296388092688e-12 1.2499999999990994 0.0
0.14623586727493504 -1.4049187582943858 2.658128243393315e-12 1.2499999999992215 0.0
0.4291540432562009 -1.6331271649657566 4.573487452368176e-12 1.25 0.0
0.7144936289632313 -1.839789369841057 7.936256086737696e-12 1.249999999998452 0.0
0.999999999999021 -2.007410125708269 1.384797038334659e-11 1.2499999999999867 0.0
0.9999999999999969 -1.8688635955137656 1.975920090809884e-11 1.2499999999999998 0.0
0.999999999999998 -1.7159527718516756 2.7792880722830237e-11 1.2499999999999505 0.0
0.9999999999999976 -1.5511099355677445 3.847149571110014e-11 1.25 0.0
4.6956882826521e-13 -2.3963784877517043 6.243325431643057e-14 1.2499999999172686 0.0
9.637746156698768e-11 -2.3409183726847687 9.31342133196529e-14 1.249999999896111 0.0
1.2429779427947096e-11 -2.2801688276284082 1.384702526157539e-13 1.2499999999698934 0.0
7.256417688950023e-13 -2.2172741465762513 2.049285902731719e-13 1.2499999999535742 0.0
6.975531263719859e-13 -2.141524116139955 3.019756804102627e-13 1.2499999999998184 0.0
2.9293234504734755e-13 -2.0488520388117735 4.4209400024991343e-13 1.2499999999937266 0.0
5.2013948703688584e-14 -1.9288851836527883 6.409831818648732e-13 1.2499999999999853 0.0
1.1435297153639112e-14 -1.8122921711998217 9.181271601882865e-13 1.2499999999999756 0.0
2.831068712794149e-15 -1.6749748922614245 1.2925781829452286e-12 1.2499999999999831 0.0
5.927480728473711e-13 -1.5213972332447483 1.7761619999125716e-12 1.2499999999999414 0.0
0.1233706943368964 -1.4959838884191754 2.622083645007977e-12 1.2499999999964602 0.0
0.40780255201806426 -1.7311976797526967 4.51178762047527e-12 1.2499999999999991 0.0
0.694472124164997 -1.9422198490013969 7.829965265011045e-12 1.2499999999999936 0.0
0.9862438809032996 -2.1177890257034946 1.3714993871870685e-11 1.249999999999635 0.0
0.9999999999999966 -1.9959166154156236 1.9793984182809813e-11 1.249999999999995 0.0
1.0 -1.8475700547446223 2.787255535917801e-11 1.249999999999993 0.0
0.9999999999999608 -1.687514242804454 3.862409838482558e-11 1.2499999999993825 0.0
5.4838911189847295e-12 -2.49480337572259 6.230298045259707e-14 1.2499999985971677 0.0
0.5047561954556856 -2.8010257812083097 1.4341127916578834e-13 0.9627058091166227 0.0
5.551115123125783e-16 -2.4000580966016045 1.383000060103323e-13 1.2499999999999996 0.0
2.1184720644384925e-12 -2.337293028976916 2.0481182920269278e-13 1.2499999999987284 0.0
3.0330049975435536e-06 -32.96261495288441 7.403446657362343e-13 1.1857125952045346 0.0
1.1556311463323254e-12 -2.1733442405098913 4.4202812362884677e-13 1.2499999999961795 0.0
1.7763568394002505e-15 -2.0665339176247244 6.415145419156225e-13 1.2499999999999503 0.0
0.0 -1.9326475655233537 9.196350119146355e-13 1.2499999999999991 0.0
1.7208456881689926e-15 -1.7903926095773102 1.296133552217562e-12 1.2499999999999991 0.0
1.1879386363489175e-14 -1.6368374376118027 1.78459995389996e-12 1.2499999999999705 0.0
0.10003682714244427 -1.5890594354625733 2.5856778517460724e-12 1.2499999999992824 0.0
0.38615201364119345 -1.8315437486018027 4.450530184540546e-12 1.2499999999999993 0.0
0.6742186342784114 -2.0444850071778475 7.723329177287029e-12 1.2499999999999998 0.0
0.9677256489116323 -2.217983987660169 1.3532534510799596e-11 1.2499999999999982 0.0
0.9999999999999714 -2.119427953401683 1.981887116145027e-11 1.2499999999992433 0.0
0.9999999999999998 -1.9712936650472628 2.7937433239177934e-11 1.2499999999999998 0.0
1.0 -1.8172726779064163 3.875302099579217e-11 1.25 0.0
0.5857250219958081 -11.189224713349397 8.944476593133294e-14 0.9457381973720066 0.0
0.602424717363393 -9.942023262650025 1.3613310283186209e-13 0.9436147227102324 0.0
6.061817714453355e-14 -2.497459574273556 1.3795913016617015e-13 1.2499999999758655 0.0
1.6881496200937818e-12 -2.438517716886828 2.0450433836530589e-13 1.2499999999882727 0.0
4.463096558993129e-14 -2.3724886102065526 3.0140979925673037e-13 1.2499999999998332 0.0
1.2434497875801753e-14 -2.289514483337854 4.4159167140222013e-13 1.2499999999998694 0.0
6.616929226765933e-14 -2.184110801900289 6.412984010620388e-13 1.2499999999997509 0.0
1.3655743202889425e-14 -2.061076421272574 9.20424991120996e-13 1.2499999999999996 0.0
5.329070518200751e-15 -1.9128582326205645 1.2990651598226325e-12 1.249999999999981 0.0
1.5543122344752192e-15 -1.7534067136223896 1.7917174450841344e-12 1.2499999999999882 0.0
0.07666798066856406 -1.6807105844946904 2.548998924935986e-12 1.2499999999999756 0.0
0.3641654038764919 -1.9266910829284072 4.387708977546862e-12 1.2499999999999976 0.0
0.6539672875745413 -2.1428808204777354 7.617588635732607e-12 1.2499999999999778 0.0
0.9487840572010106 -2.316891053349032 1.3348772104509847e-11 1.249999999999989 0.0
0.9999999999997276 -2.2412402802866325 1.9832336929258525e-11 1.2499999999999947 0.0
0.9999999999999969 -2.0924502033900083 2.798491939538219e-11 1.2499999999999938 0.0
1.0 -1.9403975597926149 3.88633549380611e-11 1.2499999999999993 0.0
0.5841243100003891 -14.548030648579058 9.603478970166475e-14 0.9498797376205714 0.0
2.501432394552694e-11 -2.6439502986834995 9.251142858882923e-14 1.2499999999647335 0.0
0.6193346319631494 -10.892003605722593 2.0578643199785895e-13 0.9451282956444655 0.0
0.6384399923527567 -9.138115533495764 3.155314484641336e-13 0.9415550473133478 0.0
8.548717289613705e-15 -2.4784908929362786 3.00942403511395e-13 1.2499999999981304 0.0
3.608224830031759e-15 -2.39526945800624 4.412126333637404e-13 1.2499999999997717 0.0
0.6558305881770528 -9.868058206492918 9.729379872045525e-13 1.0599909209640566 0.0
5.038747197261273e-13 -2.181069492807822 9.204749463603292e-13 1.2499999999993658 0.0
5.84976511674995e-13 -2.0371415946168767 1.3008766928300287e-12 1.2499999999974842 0.0
1.942890293094024e-14 -1.8708065139284002 1.7978244086296015e-12 1.249999999999968 0.0
0.05293168434350054 -1.7724605182805178 2.5125938260049207e-12 1.2499999999999885 0.0
0.3420085678710203 -2.0240996363729735 4.3253347211603314e-12 1.2499999999999345 0.0
0.6329010337864827 -2.2379095904631825 7.508419388573552e-12 1.2499999999999996 0.0
0.9293872624147663 -2.4165687443701174 1.3161152379845067e-11 1.2499999999999925 0.0
0.9999999999999991 -2.3616963666023096 1.9837700284240988e-11 1.2499999999999918 0.0
0.9999999999999835 -2.2118864385334476 2.8020576822736588e-11 1.249999999999754 0.0
1.0 -2.058327618813486 3.895344104845849e-11 1.2499999999991505 0.0
6.105116412413736e-13 -29.999993017204876 1.1805078967255778e-13 1.2499999996649005 0.0
4.440892098500626e-15 -2.7420768018612875 9.230381110349938e-14 1.249999999959472 0.0
0.6177822555189907 -14.012242686588358 2.1702958957103536e-13 0.9491095027793661 0.0
0.637429884355772 -11.50436385941967 3.1210059727179037e-13 0.9458800345976173 0.0
7.642220190007265e-13 -2.575722579302699 3.0036631077480856e-13 1.2499999999971818 0.0
3.401168235939167e-13 -2.5041402596402804 4.404633575946651e-13 1.2499999999999598 0.0
4.523936780742588e-12 -2.406993014913269 6.405298637833881e-13 1.2499999999986846 0.0
5.88418203051333e-15 -2.294560300827328 9.205999146215213e-13 1.2499999999995937 0.0
8.709699628184353e-14 -2.1563961286818056 1.3024556715483813e-12 1.249999999999687 0.0
2.4480417692984702e-14 -1.9940440926053498 1.802708694268099e-12 1.2499999999998015 0.0
0.029196704012273034 -1.8666658318733056 2.477159164251358e-12 1.25 0.0
0.3191993027288366 -2.119244943378149 4.2620609792691525e-12 1.2499999999999953 0.0
0.611682506092834 -2.3333544118842866 7.399461682861848e-12 1.2499999999999978 0.0
0.909761552588887 -2.51654413146354 1.29731190931463e-11 1.2499999999999902 0.0
1.0 -2.4831174011619765 1.9837307554924973e-11 1.25 0.0
1.0 -2.3310236934043402 2.8043991324523716e-11 1.2499999999999996 0.0
0.9999999999999416 -2.1752986993305683 3.902423219302869e-11 1.249999999999912 0.0
3.2297861607410994e-09 -29.995735508426076 5.185694835761709e-13 0.6500000807614883 0.0
0.16912059570169558 -37.90835041633176 4.791002511299037e-13 0.88321986147363 0.0
5.466749275484517e-11 -2.7789813949687954 1.3696404873646096e-13 1.249999992368044 0.0
0.003165455862953581 -4.836091258229558 3.791885710329724e-13 0.6947903673418547 0.0
0.6505878533042146 -10.99223541214549 4.609401795264182e-13 0.9486996735849325 0.0
0.0 -2.5968502204854857 4.3979236760843637e-13 1.2499999999999982 0.0
1.5543122344752192e-15 -2.507774780493797 6.396978744171057e-13 1.2499999999994775 0.0
3.4416913763379853e-15 -2.404954715167328 9.202203843067263e-13 1.2499999999987232 0.0
4.996003610813204e-16 -2.26827468403134 1.3033905501222419e-12 1.249999999999993 0.0
6.89837076350841e-13 -2.1128088914126053 1.8064701198951838e-12 1.2499999999997327 0.0
0.0041989064074803295 -1.9582916527359089 2.4394611438200153e-12 1.249999999996512 0.0
0.295662040546773 -2.2115002533011463 4.19770683131207e-12 1.25 0.0
0.5899679633200461 -2.429349318702826 7.289790509910747e-12 1.2499999999999938 0.0
0.8894878789774296 -2.617380944849671 1.2781828883148666e-11 1.2499999999999591 0.0
1.0 -2.605831426271486 1.9828435157665057e-11 1.25 0.0
0.9999999999999998 -2.4552950745646953 2.8056185227016093e-11 1.2499999999999991 0.0
0.9999999999999999 -2.2950553531536215 3.907747774886366e-11 1.2499999999999987 0.0
6.146126340089708e-07 -44.93199937470149 1.0109797101032442e-12 0.6512650684079304 0.0
0.3765351176638595 -41.821192483849515 6.185039077550886e-13 0.9523411700117551 0.0
0.16986387854029278 -35.8747064473281 7.187214620726402e-13 0.9073689022702951 0.0
