notebooks/-2.0_2.0_-2.0_2.0_0.25.ecsv
# %ECSV 0.9
# ---
# datatype:
# - {name: c, datatype: float64}
# - {name: t0, datatype: float64}
# - {name: x0, datatype: float64}
# - {name: x1, datatype: float64}
# - {name: z, datatype: float64}
# schema: astropy-2.0
c t0 x0 x1 z
[from data line 191]
2.831068712794149e-15 -2.7632463210262728 2.990764393305966e-13 1.249999999997172 0.0
7.780442956573097e-13 -2.6935689084225416 4.3893602250115393e-13 1.2499999999999667 0.0
1.424027562535457e-12 -2.6095232636586303 6.38799118145255e-13 1.2499999999978428 0.0
2.7755575615628914e-16 -2.5056215337531853 9.19589661275799e-13 1.2499999999999893 0.0
2.6756374893466273e-14 -2.3796746816504353 1.3035461103762287e-12 1.2499999999999991 0.0
1.509903313490213e-14 -2.231524047526051 1.8099248710652775e-12 1.2499999999998055 0.0
1.0019762797242038e-12 -2.071575068028224 2.440603302424878e-12 1.2499999999999933 0.0
0.2719912592689788 -2.305398968386143 4.133477606806576e-12 1.2499999999999982 0.0
0.5672924389535206 -2.524910517136739 7.176542781195906e-12 1.25 0.0
0.8688926140584196 -2.7193951804623566 1.259059577616143e-11 1.2499999999999787 0.0
1.0 -2.7326226083850216 1.981543199245187e-11 1.25 0.0
1.0 -2.5799848601610123 2.8057053012940407e-11 1.25 0.0
1.0 -2.417467308352741 3.911527155531585e-11 1.25 0.0
0.5776968671670845 46.81663995001044 1.998314766453845e-12 0.9633173306550633 0.0
0.21305408057029285 -46.04862951328665 5.996581893350069e-13 0.9273901194704582 0.0
1.0132278327190658e-05 -44.94267141239261 1.3569759460487147e-12 0.8499913431148239 0.0
1.8554684566574053e-08 -29.97887784862439 4.079861487717001e-13 1.2499956020259382 0.0
0.652755864235198 -23.532947906043475 6.244223860563378e-13 1.243485071609267 0.0
3.95516952522712e-13 -2.782285634246911 4.3784651520832726e-13 1.2499999999998708 0.0
2.594591208548991e-13 -2.701252306641848 6.375671502825583e-13 1.2499999999929832 0.0
1.6653345369377348e-16 -2.6071483888048874 9.185972476652122e-13 1.2499999999999967 0.0
1.744160371686121e-13 -2.487890666277231 1.3035855770704316e-12 1.2499999999992868 0.0
1.8540724511240114e-13 -2.346610406029747 1.8122800601621453e-12 1.2499999999995792 0.0
2.148281552649678e-14 -2.193218055308762 2.4486232272763e-12 1.2499999999998066 0.0
0.25000319729216125 -2.4009385337738607 4.075722566993479e-12 1.2499999926494332 0.0
0.5443255467455171 -2.622211538901709 7.064912689628012e-12 1.2499999999998948 0.0
0.8472129112864839 -2.822708931865492 1.2393982836969966e-11 1.249999999999985 0.0
1.0 -2.863137256092152 1.9796094199962508e-11 1.25 0.0
1.0 -2.7105345292876493 2.8052740896829945e-11 1.249999999999991 0.0
0.9999999999999999 -2.5449426732736313 3.9140539333980384e-11 1.2499999999999978 0.0
6.209812958291039e-08 -50.950680392869714 1.2072375905045028e-12 0.6502289933908307 0.0
9.679829908071369e-06 -41.975958095253944 1.0638090687288994e-12 0.7502195714915774 0.0
0.0028084604124644086 -35.95780518442753 1.4625830307854865e-12 0.6628505388827284 0.0
0.0002039446932469713 -47.97320033513657 3.623295170668545e-12 0.6605873912133186 0.0
0.10930383605502458 -36.925955150447365 1.8890325849237698e-12 0.8896769274311387 0.0
0.00032283855188569577 -32.99798966360729 4.587638579932161e-12 0.6546922583051513 0.0
2.864375403532904e-14 -2.795587817353301 6.363837039160701e-13 1.2499999999991696 0.0
1.1102230246251565e-15 -2.7010578912209695 9.172587408845336e-13 1.25 0.0
1.3472556403826275e-13 -2.5907470091149634 1.302941771113321e-12 1.2499999999998068 0.0
1.1102230246251565e-15 -2.4577393580633498 1.8137755084752677e-12 1.2499999999999991 0.0
0.29485595449522617 -3.338516145452658 4.1749942864026074e-12 1.013881197558023 0.0
0.2499999990010997 -2.5195826087816897 4.081145085078376e-12 1.2499999999467302 0.0
0.5204330258964011 -2.7202832166893103 6.950660916547893e-12 1.249999999999955 0.0
0.8253006433198546 -2.932503809885638 1.2199531565604982e-11 1.249999999999746 0.0
0.9999999999999825 -3.0020530542296413 1.977053826022531e-11 1.2499999999999827 0.0
0.9999999999998714 -2.8486221527776436 2.8035941092002948e-11 1.2499999999997429 0.0
0.9999999999999987 -2.6796790808100326 3.915243110689275e-11 1.2499999999999583 0.0
3.3289482281873006e-12 -59.99856853819552 1.2386315511633437e-12 0.6500000036310676 0.0
2.810414057585753e-07 -53.94909648614183 1.9270131386288552e-12 0.6500018207149881 0.0
1.2936668643548366e-06 -47.96109063405838 2.4998613222167406e-12 0.656000432660942 0.0
1.287313468045781e-07 -32.999850821262655 2.174986979362703e-12 0.6500348297925396 0.0
4.6266778151393684e-05 -38.98479907335639 3.25828774972166e-12 0.7500072257631017 0.0
0.0004200535856297982 -26.99172546604592 1.8515202327722463e-12 0.8232938123676407 0.0
0.527099046813881 -14.108647378417352 9.167289832550243e-13 1.0311486504612197 0.0
5.860312235483889e-13 -2.795110985161763 9.157248297672545e-13 1.249999999998308 0.0
7.216449660063518e-16 -2.6931159361583212 1.3019378211859776e-12 1.2499999999999996 0.0
1.0547118733938987e-14 -2.5675436146303525 1.8147229789689671e-12 1.249999999999996 0.0
2.3869795029440866e-15 -2.4254649526376895 2.4609445090823034e-12 1.2499999999999993 0.0
0.24468482550631326 -2.6286560015626677 4.0646347063336106e-12 1.2499999999997011 0.0
0.5000269050857047 -2.82635756722717 6.854753244668977e-12 1.249999999821402 0.0
0.8023064289056272 -3.0466393615853136 1.200074141022309e-11 1.249999999999999 0.0
0.9999999999999947 -3.1433992210910375 1.974464452069783e-11 1.2499999999999982 0.0
1.0 -2.99742365066831 2.8016940836226968e-11 1.2499999999999853 0.0
0.9999999999999967 -2.8261296882330527 3.9157402232657986e-11 1.249999999999989 0.0
7.271960811294775e-15 -59.99999999777363 1.2716814770522746e-12 0.6500000000002598 0.0
3.9773739857196233e-13 -53.98110296826405 1.9619533073183008e-12 0.6500000000506899 0.0
9.9253938401489e-14 -50.991147865443985 2.7843509029872037e-12 0.6500000000267391 0.0
8.085476732588859e-12 -47.964497378905534 3.8503344694271e-12 0.6501152253589021 0.0
3.7216650435323295e-06 -44.96793427910861 3.0840718735106472e-12 0.8490317523257073 0.0
9.047495254654869e-07 -38.992188344107205 4.123627913030093e-12 0.7915112081582926 0.0
9.076832321985862e-06 -23.991970983373037 2.2546620595107627e-12 0.8321855952323665 0.0
4.574118861455645e-14 -2.892211900368693 9.139913241890536e-13 1.249999999999941 0.0
5.551115123125783e-17 -2.794621990260282 1.3004812917796607e-12 1.25 0.0
1.3322676295501878e-15 -2.6728986194793336 1.8148034489032898e-12 1.25 0.0
4.8960835385969403e-14 -2.5431144916673816 2.465018183440025e-12 1.2499999999998936 0.0
0.23298281906389479 -2.7284351664775315 4.0229507837048424e-12 1.249999999999952 0.0
0.4999999982085621 -2.958399073466609 6.852919898164134e-12 1.249999999872212 0.0
0.778324287184053 -3.160530034178862 1.1798242556034169e-11 1.249999999999999 0.0
0.9999999999995932 -3.2860427861340824 1.971244104081057e-11 1.2499999999999565 0.0
1.0 -3.1547121463783228 2.7996286053049948e-11 1.249999999999993 0.0
0.9999999999999931 -2.98924840121699 3.9151290125023273e-11 1.2499999999999933 0.0
2.731148640577885e-14 -47.95512191296677 1.1538433857108408e-12 0.6509819559141166 0.0
5.510216805615364e-07 -53.9683590233357 1.9901680802862886e-12 0.6500001320684379 0.0
4.3920589387624887e-11 -59.9999999973372 2.92949867672968e-12 0.6500000000093606 0.0
3.002326165457703e-11 -56.99202369731968 4.521816505995147e-12 0.6500000009470708 0.0
0.4624650738672889 -41.838154450208606 5.529966305970685e-12 0.6508987366312148 0.0
0.04103445225991664 -56.946335798821764 1.163748078264883e-11 0.6515182464621541 0.0
0.00592745576060727 -29.996817700530883 2.6125752366766777e-12 0.6930066061225644 0.0
7.22805643116331e-09 -20.997211175155876 1.3195582446046085e-12 1.2499999144907994 0.0
2.0251023080675168e-12 -2.894771619093305 1.2985264371365604e-12 1.2499999999992017 0.0
1.0658141036401503e-14 -2.7861102563398106 1.8143675571649693e-12 1.2499999999999947 0.0
5.551115123125783e-17 -2.6585825669696916 2.468324583193613e-12 1.25 0.0
0.22078383344218255 -2.8326829907895856 3.979798774905532e-12 1.249999999999981 0.0
0.49267983267889714 -3.0819600463154515 6.805538812105085e-12 1.25 0.0
0.7531682209985442 -3.2761764141896563 1.1592001545099334e-11 1.2499999999999996 0.0
1.0 -3.4260712592538596 1.9677726020358158e-11 1.2499999999999998 0.0
0.9999999999999999 -3.311176586796485 2.7966551077084132e-11 1.25 0.0
0.9999999999999994 -3.1676637474570484 3.914582004340913e-11 1.2499999999999998 0.0
