pipeline_outputs/des/salt2_2.4_4param_all.ecsv
# %ECSV 0.9
# ---
# datatype:
# - {name: cid, datatype: string}
# - {name: num_points, datatype: int64}
# - {name: z, datatype: float64}
# - {name: t0, datatype: float64}
# - {name: x0, datatype: float64}
# - {name: x1, datatype: float64}
# - {name: c, datatype: float64}
# - {name: z_err, datatype: float64}
# - {name: t0_err, datatype: float64}
# - {name: x0_err, datatype: float64}
# - {name: x1_err, datatype: float64}
# - {name: c_err, datatype: float64}
# - {name: chi, datatype: float64}
# - {name: dof, datatype: float64}
# - {name: b_max, datatype: float64}
# - {name: delta_15, datatype: float64}
# - {name: tmin, datatype: float64}
# - {name: tmax, datatype: float64}
# - {name: pre_max, datatype: int64}
# - {name: post_max, datatype: int64}
# - {name: message, datatype: string}
# meta: !!omap
# - {bounds: null}
# - {warn: false}
# schema: astropy-2.0
cid num_points z t0 x0 x1 c z_err t0_err x0_err x1_err c_err chi dof b_max delta_15 tmin tmax pre_max post_max message
[from data line 105]
1313594 54 0.2883 57002.34907002062 4.630643727437369e-05 0.5434898705189636 -0.08985380658341313 0.0 0.1703463445919624 5.811185125922251e-07 0.1365874008287833 0.01084925964812174 30.146025645989084 50.0 21.337196197977384 0.9584306977061132 56973.035 57051.058 19 35 "Minimization exited successfully."
1314897 54 0.3369 57301.31993872901 2.8570442336925256e-05 0.8451445333914541 0.03243647561242468 0.0 0.31007851039248635 7.634708557735748e-07 0.284743285879839 0.01935005624038661 50.506483655792245 50.0 21.861551476846962 0.9011125076003381 57273.337 57373.072 17 37 "Minimization exited successfully."
1315192 38 0.2254 57008.75968930985 5.549005363201682e-05 0.8990141907689495 0.12443029566103636 0.0 0.17392775980260922 1.482010008615235e-06 0.19206349242550785 0.018058049451464876 32.52015295331878 34.0 21.13995531121215 0.8883990604074334 56987.193 57052.1 13 25 "Minimization exited successfully."
1315259 44 0.228 57004.16482522416 4.722585094710038e-05 -0.5345775414749927 0.08032954381410728 0.0 0.17258732320988202 6.178706871839877e-07 0.13835671708331437 0.011016226376630679 43.436455898334756 40.0 21.31656317984359 1.152029213195835 56980.181 57049.073 16 28 "Minimization exited successfully."
1315296 53 0.4126 57005.10891831451 1.0932007196048493e-05 1.636976153749268 0.05522592245573644 0.0 0.6846238463003829 4.735482407068626e-07 0.677613189388602 0.03503710334150653 38.56798148643012 49.0 22.903603026313085 0.7686996261959074 56973.183 57049.072 23 30 "Minimization exited successfully."
1316385 32 0.1478 57019.288616767866 0.00019722457111659116 1.2148749330049105 0.028990830010142753 0.0 0.14176586366374977 3.9795354206501155e-06 0.1236537729547112 0.012525838771862582 87.45928146046057 28.0 19.763588208862593 0.839078131998459 57001.175 57067.046 13 19 "Minimization exited successfully."
1316431 39 0.1981 57018.86703896289 9.711894493583444e-05 1.3607878628783872 -0.0323935730422972 0.0 0.07097253076790366 7.558626137065438e-07 0.083816439121111 0.0062285735331297646 90.770629952517 35.0 20.532586421871212 0.8168638120554093 57001.16 57052.1 16 23 "Minimization exited successfully."
1316437 49 0.482 57010.52602384275 8.763932529984854e-06 -0.1143841002252891 0.0744775584821075 0.0 0.6773461181328457 4.0130469050359104e-07 0.5984265398666355 0.0388877048875693 62.47466409105057 45.0 23.145066271275432 1.0706157175492237 56980.192 57052.1 19 30 "Minimization exited successfully."
1316465 41 0.3291 57021.50661920222 2.8593792025597748e-05 0.4719899114210385 -0.005763201903390318 0.0 0.07806554619673989 2.4425841146696084e-07 0.07820482771724517 0.0067597531242041785 66.5499732010507 37.0 21.861051653742297 0.9674791802487448 57001.175 57067.046 16 25 "Minimization exited successfully."
1317164 35 0.1547 57297.051488553705 7.296738080470085e-05 -2.3982600019165212 0.11613390263752199 0.0 0.16721279092962504 2.1707870460544573e-06 0.15402636186072208 0.023240296775118335 94.5514631831527 31.0 20.844630794597933 1.5962036075881478 57276.375 57355.165 5 30 "Minimization exited successfully."
1317277 52 0.2371 57007.39978543213 4.159387073763744e-05 -1.3744778727936755 0.04894150632993904 0.0 0.27710919993478456 8.446984414385822e-07 0.24094705366107078 0.01844433779249008 50.39130194073178 48.0 21.45508963417739 1.335943715311302 56987.071 57052.042 21 31 "Minimization exited successfully."
1317286 54 0.279 57015.30862836991 5.21215856253339e-05 0.6642997255746401 -0.06584328152300382 0.0 0.13640482158371015 4.723364732695177e-07 0.1281797985229112 0.007875649877274826 59.77367082079131 50.0 21.208836877035424 0.9361960972437906 56987.071 57052.042 30 24 "Minimization exited successfully."
1317454 39 0.5688 57015.4630154779 8.005856841347646e-06 -0.15855445935035417 0.05753476416630911 0.0 0.632109050071449 2.9003122963202197e-07 0.5431708606203884 0.03433668539072936 30.728832279676205 35.0 23.243448090821023 1.0799426118188755 56987.028 57051.043 18 21 "Minimization exited successfully."
1317666 47 0.1414 57301.24140145733 0.00010748119455755481 -0.03728253538688292 0.1369286406573212 0.0 0.0709486756422848 1.7851898490589014e-06 0.06072278744293786 0.010160394731610437 106.45647872113028 43.0 20.422709692101044 1.0527083303905336 57273.339 57356.106 16 31 "Minimization exited successfully."
1319366 65 0.2361 57304.23691585638 6.991020529272985e-05 1.4970524866996537 0.008155300799168697 0.0 0.21019182940290193 8.480015459518058e-07 0.155635675030396 0.010154856481865948 144.25033476238025 61.0 20.88936281144964 0.7930925769983226 57276.312 57372.107 30 35 "Minimization exited successfully."
1319821 49 0.3088 57020.49917994684 3.21449790908935e-05 -0.4003368467902083 -0.06853372215514171 0.0 0.16740513373952126 5.883577093201069e-07 0.1925696350376961 0.013553107380823258 33.021380690701974 45.0 21.734335440580423 1.134414422159896 56992.123 57067.103 18 31 "Minimization exited successfully."
1320166 39 0.449 57021.581078889234 1.2713648166139083e-05 0.28694950897122007 -0.035567355222838465 0.0 0.3960688961051346 4.6665416360454565e-07 0.4546814053757044 0.02699997760779419 39.69310323173578 35.0 22.741147644717707 1.002001865273595 56991.108 57049.049 20 19 "Minimization exited successfully."
1322229 29 0.5261 57033.92564371933 1.015003727439159e-05 1.1205213887299712 0.02671623526843416 0.0 0.5679721841333958 2.469194786575224e-07 0.5407603887919805 0.023464278787150496 15.104524507259306 25.0 22.984928823781864 0.854879973484465 57001.05 57052.048 20 9 "Minimization exited successfully."
1322979 35 0.5294 57038.97117127294 1.0458289480878308e-05 0.03689604041129318 -0.08367291663868992 0.0 0.22805198369678692 1.0882496214837883e-07 0.21142066680083385 0.009944129672617654 34.019250987075154 31.0 22.953077641905935 1.0505199849802338 57008.04 57067.047 18 17 "Minimization exited successfully."
1324542 38 0.5415 57043.43700230167 8.342588873850887e-06 0.3746661651791551 -0.070941740070315 0.0 0.7172591761518561 2.931480031354862e-07 0.611411278667878 0.029156402925634074 44.48431967275961 34.0 23.198328507764234 0.9877663938930112 57011.085 57067.103 19 19 "Minimization exited successfully."
1325358 32 0.7793 57048.2271838286 4.703895206782754e-06 0.1467438733223998 -0.031904434062297246 0.0 0.8885657430764695 1.5308429416813824e-07 0.6146298040024606 0.03527958864287738 36.099026333846844 28.0 23.820790533478 1.0274729149952186 57005.241 57066.064 27 5 "Minimization exited successfully."
1327978 54 0.2073 57307.51101495845 6.667236458019783e-05 0.16759354883862637 0.08697791004247873 0.0 0.4254449689433386 2.136123809891687e-06 0.47911137367692336 0.031456144063922616 14.29325993477272 50.0 20.941649863420942 1.0177095213759308 57283.129 57373.043 28 26 "Minimization exited successfully."
1328066 81 0.4489 57298.24022573894 1.7839548279932794e-05 0.7130476019348928 -0.12079727728838567 0.0 0.5283902687369846 7.9916199988022e-07 0.4419024378184454 0.02574313251912965 67.11998020752786 77.0 22.37237472657313 0.9298636137935219 57273.093 57379.051 23 58 "Minimization exited successfully."
1328105 84 0.4402 57302.1940634479 1.7514113350136804e-05 0.3482184066562892 -0.03681229324683565 0.0 0.6183019296076964 6.813219122088264e-07 0.4266939305053622 0.023448118121450964 83.12535468656633 80.0 22.393303128586844 0.9909840252405999 57273.093 57386.049 26 58 "Minimization exited successfully."
1329166 71 0.7316 57308.26664019405 4.4931284222402425e-06 0.06960772351512018 -0.054849793158157 0.0 0.47955278170047677 1.2866445312051124e-07 0.32331056921379214 0.022957234277419164 71.81746260100492 67.0 23.87052542081626 1.0429339529027715 57268.251 57402.11 23 48 "Minimization exited successfully."
1329196 82 0.7693 57308.91563464095 4.57909175962796e-06 0.5112559570380427 -0.03863103772206382 0.0 0.4169574538136658 9.55529032059622e-08 0.26128656282385376 0.020644160485090313 88.20125024847819 78.0 23.84969260341759 0.961960642245618 57266.247 57406.112 24 58 "Minimization exited successfully."
1329312 59 0.3444 57309.84175183701 2.0986609272882128e-05 -1.415362549375956 -0.04769402659973162 0.0 0.3589045119297225 5.377348830581103e-07 0.32379724987641256 0.020754218567867917 24.49249479684145 55.0 22.1979033947853 1.3540229492370806 57283.189 57389.086 17 42 "Minimization exited successfully."
1329615 66 0.4039 57304.879249461395 1.5223044926497233e-05 -0.40603436702335266 0.0008710464143653921 0.0 0.7142354569259624 6.250245193683262e-07 0.5158774978481661 0.028701656596687615 39.38425988735099 62.0 22.546068521144097 1.1313693665851297 57278.298 57385.114 22 44 "Minimization exited successfully."
1330031 66 0.1041 57315.11072875135 0.0003987150376579591 0.2935399226511978 -0.08326563532171 0.0 0.04998643867656938 6.180118664490238e-06 0.06398636812173503 0.010852921793895395 1065.3709007209536 35.0 18.9998932352786 1.003019489559538 57290.065 57376.047 27 39 "Minimization exited successfully."
1330426 66 0.2595 57315.691761893155 6.775320334891664e-05 1.2768748204011509 -0.08964700412474111 0.0 0.09192107999842847 5.567890917694185e-07 0.07778067147245238 0.006331392542086412 452.57244009274564 62.0 20.923280194157833 0.8326487960460582 57288.21 57387.185 15 51 "Minimization exited successfully."
1330642 68 0.6339 57317.474468742876 8.603864291911397e-06 0.9300722699811554 -0.11390950463470687 0.0 0.3365003214785247 1.9662257897819547e-07 0.2752629927349275 0.014591958546276776 73.76180289930176 64.0 23.16398290192073 0.8920872966797084 57283.189 57406.1 25 43 "Minimization exited successfully."
1330903 79 0.5638 57306.361352707725 7.673122382277172e-06 0.1788627068520477 0.0011966452303844419 0.0 1.0142356566575472 3.733130407197388e-07 0.7074110640859698 0.042409085898117545 62.23310689818287 75.0 23.289516578009405 1.0199372081203464 57276.312 57396.103 30 49 "Minimization exited successfully."
1331123 66 0.2291 57318.35243640006 4.690963823087871e-05 -1.5305205385959042 -0.0010254777883675506 0.0 0.1454059535462875 7.644295122718447e-07 0.1499608174923921 0.01370513241898578 80.50675469978586 62.0 21.324737590915493 1.3775855320111 57297.03 57386.049 24 42 "Minimization exited successfully."
1331993 64 0.7196 57327.5082868101 4.714256951277799e-06 0.6040345433123394 -0.07212847718349279 0.0 0.5134830593960942 1.6165432184818806e-07 0.38764423207305254 0.027198858027310754 64.11476080502604 60.0 23.81785660610465 0.9470107103891756 57291.17 57408.04 25 39 "Minimization exited successfully."
1332059 71 0.5788 57324.160916216584 9.301600781232952e-06 0.05123237879222682 -0.16378808227622307 0.0 0.00015865753084653988 4.1028867278451943e-07 0.40749729184559236 0.025559343114008384 57.46913302006402 67.0 23.079347120443977 1.0518103076238816 57288.199 57403.103 29 42 "Minimization exited successfully."
1332413 69 0.6087 57325.40678325875 8.788046335771574e-06 1.1575954840750622 -0.11769990464105402 0.0 0.5492398682727071 3.7101955255747475e-07 0.47642072357197834 0.027002245151905874 68.06074596904824 65.0 23.14071406436957 0.8535770157548619 57297.151 57403.064 24 45 "Minimization exited successfully."
1333246 56 0.4379 57325.7254270565 1.0142708128230758e-05 1.8524078233616126 0.16316639165579666 0.0 0.9386836856829177 9.264072908467505e-07 0.8669927974425707 0.06046165279623349 18.91776937529107 52.0 22.983355792847714 0.7303471282714575 57299.22 57403.103 22 34 "Minimization exited successfully."
1333438 53 0.3995 57327.117639869044 1.265657585866431e-05 0.43967081354898246 0.1037128235155926 0.0 0.5617551869945601 6.566098744427406e-07 0.4695294647086288 0.04220901813951713 41.35318868895596 49.0 22.745349295360665 0.9682464200218135 57297.346 57406.124 15 38 "Minimization exited successfully."
1334084 37 0.1335 57336.58545127325 0.00012180566088646647 -0.7222898240741337 0.12140298681113679 0.0 0.32445211574668065 6.2742542894378795e-06 0.2504842357775213 0.03185736912269741 37.475969040722966 33.0 20.2874893133244 1.1874018878472263 57315.206 57396.104 11 26 "Minimization exited successfully."
1334087 27 0.2663 57339.78900256207 5.401620684029323e-05 0.3633942149811354 0.03082697262995381 0.0 0.0004532096536422614 1.1747721077055597e-06 0.2781516546340337 0.02238047500057715 29.904153701367616 23.0 21.17043740861925 0.9851428648966873 57311.299 57403.103 12 15 "Covariance may not be accurate."
1334302 64 0.4549 57331.00583620694 1.2960940810702934e-05 -1.0149829549780898 -0.018462066480098183 0.0 0.6648293567632209 4.88237992040962e-07 0.524326081139024 0.028607404604357477 33.12624565216928 60.0 22.721054661879265 1.2598913992401464 57301.033 57407.048 26 38 "Minimization exited successfully."
1334423 56 0.3577 57335.74122987169 1.9678498027313312e-05 0.8545703135129867 0.043512629866800955 0.0 0.4158571210937225 5.256318249777379e-07 0.3677293476045443 0.01895195388125548 27.87135732647375 52.0 22.26630602865592 0.8990770960753061 57312.138 57408.057 20 36 "Minimization exited successfully."
1334448 64 0.5167 57330.98066485604 9.205066881697514e-06 -2.3479342475256457 -0.10525712036789828 0.0 0.8581487950905284 6.08480551046571e-07 0.6032523461428494 0.048112900260454845 48.59999496738665 60.0 23.092685315897544 1.6083453169448738 57301.278 57402.056 28 36 "Minimization exited successfully."
1334470 60 0.5188 57334.03750583754 9.95999523573866e-06 0.9744257440042529 0.03585256859228698 0.0 0.6792293725557101 4.336473688944509e-07 0.5728218441940663 0.02990190515323386 66.46971892452913 56.0 23.005561242030915 0.8790716683216004 57305.279 57402.056 24 36 "Minimization exited successfully."
1334597 48 0.289 57343.59322701652 4.336132112012583e-05 0.5676563968498759 -0.029357891330085872 0.0 0.00014864491095067933 3.2435244163393415e-07 0.061436639224979155 0.005811832541344343 45.980681087353766 44.0 21.408867231821294 0.9516185458829938 57315.219 57408.043 18 30 "Minimization exited successfully."
1334620 58 0.1961 57334.92053761207 4.086621447050543e-05 -0.5224028106015303 0.23998289809257212 0.0 0.2690674392906658 1.0837072526651165e-06 0.27921137367788185 0.02113765800973924 62.503908676205484 54.0 21.470829789665977 1.1390453090863062 57311.28 57403.064 20 38 "Minimization exited successfully."
1334644 56 0.2881 57332.38808229951 3.1601782562590587e-05 -1.6750014495961683 -0.034646239170113405 0.0 0.27667536493027 5.721409430202307e-07 0.20745600628748803 0.016900513697235702 42.48882673717206 52.0 21.75364117529331 1.416449709107198 57311.28 57403.064 20 36 "Minimization exited successfully."
1334645 54 0.2312 57335.458300509046 5.816993781491291e-05 -0.8474802083063459 0.003186570042224079 0.0 0.13409977053379407 7.606884995934439e-07 0.1409239555383545 0.010657317948609614 50.60886931141076 50.0 21.090816843688597 1.2220037910703034 57311.28 57403.064 19 35 "Minimization exited successfully."
1334707 63 0.6488 57339.696762821135 7.596406071873013e-06 0.45063555211540435 -0.14862716745103868 0.0 0.26661456140936934 1.3993964171965633e-07 0.19971586939401256 0.010510492138750965 58.90541712051923 59.0 23.299158934383648 0.977487468217344 57304.307 57426.118 21 42 "Minimization exited successfully."
1334879 61 0.6393 57336.490386513164 4.776098726695232e-06 -0.08160201891614907 0.1071568879066408 0.0 0.34871946523344377 1.213797456603809e-07 0.2519243830836982 0.02538514818739713 49.11446072207134 57.0 23.803782064753143 1.0626260673350316 57302.241 57426.118 20 41 "Minimization exited successfully."
1335472 59 0.4989 57344.52286734827 1.1756128008317229e-05 -0.00506403927659832 -0.017715668050166947 0.0 0.3846342444412585 2.962023297416722e-07 0.33888826019401747 0.019256393026751802 47.14724208382697 55.0 22.826406141456168 1.0550119279843173 57311.02 57403.05 27 32 "Minimization exited successfully."
