pipeline_outputs/des/salt2_2.4_4param_blue.ecsv
# %ECSV 0.9
# ---
# datatype:
# - {name: cid, datatype: string}
# - {name: num_points_desg, datatype: float64}
# - {name: num_points_desr, datatype: float64}
# - {name: num_points_desi, datatype: float64}
# - {name: num_points_desz, datatype: float64}
# - {name: num_points_desy, datatype: float64}
# - {name: z, datatype: float64}
# - {name: t0, datatype: float64}
# - {name: x0, datatype: float64}
# - {name: x1, datatype: float64}
# - {name: c, datatype: float64}
# - {name: z_err, datatype: float64}
# - {name: t0_err, datatype: float64}
# - {name: x0_err, datatype: float64}
# - {name: x1_err, datatype: float64}
# - {name: c_err, datatype: float64}
# - {name: chi, datatype: float64}
# - {name: dof, datatype: float64}
# - {name: message, datatype: string}
# meta: !!omap
# - bounds:
#     c: [-0.5, 1]
#     t0: [51900, 57420]
#     x0: [0, 0.05]
#     x1: [-5, 5]
# - {modelcov: true}
# - {warn: false}
# schema: astropy-2.0
cid num_points_desg num_points_desr num_points_desi num_points_desz num_points_desy z t0 x0 x1 c z_err t0_err x0_err x1_err c_err chi dof message
[from data line 129]
1329166 0 0 0 17 0 0.7316 57308.749475509976 1.8228731472225148e-06 1.7957975228831753 0.9999958528962629 0 1.4426716455018322 1.1186976310445509e-07 1.0526723844644392 1.2185986335660095 18.248992342913983 13 "Minimization exited successfully."
1329196 0 0 0 20 0 0.7693 57309.45688962926 1.984052788372992e-06 1.0019774127647727 0.9999934721565449 0 1.2643280110060005 1.0121217121766828e-07 0.7507993299539475 1.4163256281615761 22.150195809490643 16 "Minimization exited successfully."
1329312 0 15 16 0 0 0.3444 57309.96197138829 1.98966057510408e-05 -1.729033625167498 0.02530847905300848 0 0.6523983265979041 1.5870446764085215e-06 0.465272433213499 0.08584494395959111 13.50515421481561 27 "Minimization exited successfully."
1329615 0 17 17 16 0 0.4039 57304.27421969977 1.4861611361766115e-05 -0.18060500461520945 0.029243337118748713 0 0.8598990194441285 1.0833145074773408e-06 0.5631254827100363 0.06775543898238345 30.491844396083195 46 "Minimization exited successfully."
1330031 13 13 13 0 0 0.1041 57315.0840848388 0.0004145806979072797 0.10434094647133385 -0.10489569991096737 0 0.084787166055321 1.5519418614309827e-05 0.10002989194706524 0.030668785267435522 932.7685256804726 35 "Minimization exited successfully."
1330426 0 16 17 0 0 0.2595 57315.890549842276 6.612108877880607e-05 1.3510210496728048 -0.07254015453711682 0 0.19925092780977138 2.8716139039125483e-06 0.14388700847903557 0.04078789835936891 307.9262090738772 29 "Minimization exited successfully."
1330642 0 0 17 17 0 0.6339 57317.6176295087 8.685680432327093e-06 1.2058769377389051 -0.11746214454991155 0 0.5070584312343271 5.186481643715275e-07 0.40554145892447613 0.0671679437797153 38.542288982507145 30 "Minimization exited successfully."
1330903 0 0 20 21 0 0.5638 57306.8290172876 9.72739143069168e-06 0.8471752849331313 -0.322882883881696 0 1.4431941010188893 1.2028240333264448e-06 0.974547853717731 0.1481009030789919 33.6023767301043 37 "Minimization exited successfully."
1331123 0 17 17 0 0 0.2291 57318.153845230554 4.942901953239876e-05 -1.5707896438397584 -0.03495373742007851 0 0.2843384514526406 3.3263236303066066e-06 0.2920879630301809 0.060472771884596016 32.471541443643176 30 "Minimization exited successfully."
1331993 0 0 16 14 0 0.7196 57327.71866828675 4.536509148897472e-06 0.6646329372048099 -0.014734131942211737 0 0.7159480957234337 3.29239140695048e-07 0.52102375022708 0.10696677627261064 17.575082154090033 26 "Minimization exited successfully."
1332059 0 0 18 19 0 0.5788 57324.29775097365 8.514406417847732e-06 -0.08446146978474367 -0.023854672735034554 0 0.860243580347742 1.1370096538274034e-06 0.716715838935047 0.13485479603257344 31.972982557325363 33 "Minimization exited successfully."
1332413 0 0 17 17 0 0.6087 57325.693270188414 7.881818388691397e-06 0.9982077674452894 0.049191430484942233 0 0.8193053203431191 8.152817024834055e-07 0.6807896355483916 0.11391158220774367 44.11260582957249 30 "Minimization exited successfully."
1333246 0 16 14 16 0 0.4379 57325.840910294864 1.0307191274513961e-05 1.8419836601240362 0.1459971546621095 0 0.9846683787545771 1.078196820389343e-06 0.9192971058743731 0.08905286349197805 12.051923941129022 42 "Minimization exited successfully."
1333438 0 15 16 9 0 0.3995 57327.23276384439 1.2564924572952552e-05 0.45345124080773314 0.1121496300544158 0 0.6214794374136545 9.681265778910264e-07 0.5102935647697691 0.08237840846785982 35.56511449299461 36 "Minimization exited successfully."
1334084 6 8 11 0 0 0.1335 57336.34405599493 0.00012407437235566478 -0.8042954630858103 0.12373497987977033 0 0.47753313039720524 9.388316929143112e-06 0.3550197495912366 0.05055223808668552 24.73293626687721 21 "Minimization exited successfully."
1334087 0 4 3 0 0 0.2663 57364.531425404195 8.7834883374599e-05 -2.7658869031231386 -0.29964812643536 0 2.0843369137655827 8.601143717550526e-05 1.9883077843614458 0.356849933542301 14.4288188209917 3 "Covariance may not be accurate. Covariance not positive definite. Covariance forced positive definite."
1334302 0 0 17 19 0 0.4549 57332.15651726606 1.2671277062778486e-05 -1.0440573692911919 -0.00821733146684922 0 1.1844623007928021 2.4303304257358717e-06 0.839228667628598 0.1615894740294526 13.573681585775581 32 "Minimization exited successfully."
1334423 0 14 14 14 0 0.3577 57335.94771790612 1.9867121055297532e-05 0.8828698362551437 0.03419615381558083 0 0.4992628965883341 1.178552092713502e-06 0.41142973611076306 0.05098118296612167 17.815068798540445 38 "Minimization exited successfully."
1334448 0 0 16 16 0 0.5167 nan nan nan nan 0.005 nan nan nan nan nan nan "No data points with S/N > 5.0. Initial guessing failed."
1334470 0 0 15 15 0 0.5188 57333.62747036525 1.0556821590898547e-05 0.27935865799319615 -0.024716399864345262 0 1.0267578958118975 1.4981985481735127e-06 0.7804051085746506 0.1308270313974375 20.614504309555983 26 "Minimization exited successfully."
1334597 0 12 12 0 0 0.289 57343.66066228366 4.282915183745906e-05 0.6608695449721971 -0.025157625563530628 0 0.1392152800290205 1.7512517345566456e-06 0.12233909195536041 0.038654359266582616 14.510137255836437 20 "Minimization exited successfully."
1334620 0 15 14 0 0 0.1961 57335.33125919969 4.040365946385294e-05 -0.2590156751278734 0.24757565266142478 0 0.4062093070024275 4.126360452891274e-06 0.41537957516166824 0.08299490487504435 29.77591528288953 25 "Minimization exited successfully."
1334644 0 15 13 0 0 0.2881 57332.25698558896 3.349821739573045e-05 -2.144235599837713 -0.06800189711452459 0 0.4347093321666762 2.27198777907056e-06 0.3463033106620308 0.07182620038986115 11.394704034972081 24 "Minimization exited successfully."
1334645 0 12 14 0 0 0.2312 57335.690322018105 5.951781969167902e-05 -0.733978864232049 -0.027180048795617695 0 0.22747666100985953 3.4915545100197605e-06 0.2427075790200015 0.05172950142561572 21.768169220201187 22 "Minimization exited successfully."
1334707 0 0 15 16 0 0.6488 57339.82044681126 7.904133382474754e-06 -0.1051721553618119 -0.17466178619954503 0 0.42925997791826376 4.3570201820053487e-07 0.3666151361057346 0.06969823390862484 27.314986251788017 27 "Minimization exited successfully."
1334879 0 0 16 17 0 0.6393 57336.39850160711 5.003493971539319e-06 0.24679311781077473 0.034148752869190724 0 0.49226110502058873 3.042450479759374e-07 0.393281321499936 0.07048850669885204 31.017464932403154 29 "Minimization exited successfully."
1335472 0 0 14 15 0 0.4989 57344.5772029193 1.0000173692209513e-05 0.9900662547064414 0.07644724448636864 0 0.81259907128333 1.3193932524455106e-06 0.765577277869363 0.11383342393566845 16.04218166866813 25 "Minimization exited successfully."
1335564 0 0 15 14 0 0.6077 57343.19861503776 7.212537815598497e-06 -0.8970246886578357 0.050654487074154875 0 1.3220957405246736 1.0111232053522384e-06 1.057997166599593 0.17333124792381627 25.782514932423858 25 "Minimization exited successfully."
1335694 0 11 8 0 0 0.2591 57347.85821386308 5.347789102737866e-05 0.9564978070932622 -0.0018099155948051449 0 0.20206359613439417 2.7510829926455365e-06 0.23457886838976005 0.04827940641963785 14.16145028325517 15 "Minimization exited successfully."
1335717 0 13 12 0 0 0.3048 57346.71272038668 2.2315311389148332e-05 -0.12560347886330803 0.06777589074590629 0 0.16744167892102269 8.968531489531015e-07 0.15379883412716255 0.03960910093081482 5.7734396901658585 21 "Minimization exited successfully."
1335718 0 0 14 15 0 0.6993 57351.37998876237 5.865714965822e-06 0.42406522948559555 -0.18787146138480226 0 0.44417046085436596 2.8919471199012614e-07 0.3491898192821177 0.06955404437456075 28.263219382554787 25 "Minimization exited successfully."
1335868 0 0 17 16 0 0.6194 57347.68412042454 6.149749427492024e-06 1.050949488373499 0.20516894234665806 0 1.0526203869339952 7.689963253940116e-07 0.8351215918644521 0.1323367316935078 25.584841470410712 29 "Minimization exited successfully."
1336008 0 13 11 13 0 0.438 57347.83288344787 1.91953946357043e-05 0.5838610511015592 -0.032945489558792285 0 0.3782347492815461 8.351508949275274e-07 0.35327911336138795 0.04004069418640682 21.761260870581975 33 "Minimization exited successfully."
1336009 0 13 12 0 0 0.3416 57344.42461629028 1.4356352277808405e-05 -0.3132799050849382 0.09502618960101761 0 0.4774204020286561 9.102908038433062e-07 0.4679115656389463 0.07206122495394957 10.26169184686831 21 "Minimization exited successfully."
1336453 0 9 10 0 0 0.1848 57354.89494562825 0.00011635100418020684 0.7898689974448132 -0.07784208509940777 0 0.17365512307878817 8.092010546296986e-06 0.1719266941263431 0.05727164738336882 11.423177332096696 15 "Minimization exited successfully."
1336480 0 7 10 0 0 0.256 57350.27990443881 3.586600340786395e-05 -0.20172748892199355 0.04681399392764096 0 0.40638863521962776 2.721107333901461e-06 0.38852812022265315 0.07010644778512223 8.952281447226666 13 "Minimization exited successfully."
1336687 0 12 11 0 0 0.2337 57351.33084556971 4.6493665885183334e-05 0.4692842394157921 0.044163944630829066 0 0.22751594816509169 2.4961389680069876e-06 0.18402235454915683 0.047404101059267956 15.06765834643284 19 "Minimization exited successfully."
1337117 0 0 11 12 0 0.5539 57361.78442902939 1.3343030589291206e-05 0.7409120069898396 -0.07603058578609123 0 0.6913524005976797 1.2229474694785972e-06 0.5651846405244498 0.09049286378199325 16.082072326201917 19 "Minimization exited successfully."
1337221 0 0 14 14 0 0.6688 57358.029332469705 7.686973624185246e-06 -1.6676044787664757 -0.11423764963022587 0 0.9696708255978592 8.858352614937727e-07 0.7775852321877461 0.14311754970517743 16.741444017631377 24 "Minimization exited successfully."
1337228 0 0 14 14 0 0.5788 57357.09168397877 6.114210632787721e-06 -1.1487938429233506 0.053733512552588736 0 1.4598753552454582 1.125594094586457e-06 1.122592253492677 0.18937792794958525 13.543175117277126 24 "Minimization exited successfully."
1337272 0 0 12 12 0 0.5027 57356.31202826088 1.3276344678725406e-05 -1.4973226698678923 -0.2965512546434482 0 0.9566561526589794 2.0244341878333797e-06 0.8490664944347415 0.15011142805154204 8.703262621903708 20 "Minimization exited successfully."
1337325 0 0 12 12 0 0.6387 57356.888989459076 7.938751671612843e-06 -1.2380712492791202 -0.212862388025992 0 1.070193708550505 8.739383998285226e-07 0.802168911418423 0.14225520734239222 21.42982060468473 20 "Minimization exited successfully."
1337649 0 9 9 0 0 0.2491 57363.318523337075 4.164867186400301e-05 0.9503589223360409 0.08460684931022366 0 0.30048384930341854 2.111331867796218e-06 0.2227747284757573 0.04672211555941974 11.501401110603462 14 "Minimization exited successfully."
1337655 0 0 0 10 0 0.8485 57361.95754173849 2.510483891904336e-06 -0.8460497471614525 0.9997136045816899 0 1.2767082524005673 1.6448993954282244e-07 0.7639966334051742 1.4748250068077915 5.923071838079812 6 "Minimization exited successfully."
1337687 0 12 12 0 0 0.3195 57361.518901925534 3.946001421088197e-05 0.8998399523565128 -0.12586739529864377 0 0.2674957719827944 1.6409067516209872e-06 0.18325757492271322 0.04236356555461787 17.04475254211816 20 "Minimization exited successfully."
1337703 0 0 15 14 0 0.5334 57359.66248135649 1.0731150063619799e-05 -0.19547633216812166 0.04451128478726918 0 1.4324978161239414 1.9865361081436446e-06 0.993642787028066 0.16509962244459397 12.470917639179836 25 "Minimization exited successfully."
1337838 0 11 10 0 0 0.3119 57364.32793547936 3.468993134385645e-05 0.6950892943154363 -0.030321590332402226 0 0.24181831996975234 1.5031485948183134e-06 0.22847185964339634 0.04282607466256663 48.29862321632589 17 "Minimization exited successfully."
1338128 0 11 11 0 0 0.3117 57366.375252141326 2.715037172879853e-05 -0.4643437700864057 -0.12005966825877301 0 0.4592876694732695 1.9478941698472523e-06 0.46210796206032523 0.06789572626740936 7.0598772357963355 18 "Minimization exited successfully."
1338170 0 11 11 11 0 0.389 57362.94354972862 1.6173309819411675e-05 0.10394117821928184 0.04805432629413087 0 0.7401525420900725 1.2827010504229403e-06 0.6058229273305464 0.06933364120609634 16.76204804813424 29 "Minimization exited successfully."
1338233 0 0 13 13 0 0.598 57356.40242790326 5.6310114381175065e-06 -1.5052520123851125 -0.04547090810989568 0 2.11417685820561 1.250508519989868e-06 1.581147358145079 0.28213816121441776 7.149124361597115 22 "Minimization exited successfully."
1338266 0 0 19 21 0 0.6476 57366.95769796607 5.224276447654552e-06 -0.9343542054063434 -0.0731270673805175 0 1.1052585597135476 6.378182317745564e-07 0.9521595117062152 0.15659952745395672 31.577461264911854 36 "Minimization exited successfully."
1338278 0 0 10 10 0 0.5639 57367.044275544526 9.630651887432285e-06 0.5940568103378485 -0.09750384372939164 0 1.3076234450018092 1.3083359601415162e-06 1.10063653206982 0.1489792752549251 8.245597806300593 16 "Minimization exited successfully."
1338387 0 0 10 10 0 0.5838 57364.34955612418 9.203666093102192e-06 0.7113978098491902 0.041545015749558045 0 0.9645599346767995 8.601890429657536e-07 0.7618588952577627 0.1023137114934311 21.28957909497464 16 "Minimization exited successfully."
1338430 0 0 9 9 0 0.5089 57363.06130362456 1.2097353720444404e-05 0.3179374296115123 0.015071142392729109 0 1.1660217729877331 1.6582997401232147e-06 0.9886539953706146 0.12272911655079141 4.6709031346462915 14 "Minimization exited successfully."
1338471 0 0 11 12 0 0.5309 57350.89583100262 6.905201859944144e-06 -1.1840395839369942 -0.08262491879801154 0 1.7819588195270626 1.7446525120284884e-06 1.4665792735190673 0.23629254184786383 6.1745136277595964 19 "Minimization exited successfully."
1338675 0 8 9 0 0 0.3306 57371.87532176639 2.0450527170867705e-05 0.2661012805413234 0.06276952467599073 0 0.22384057120143552 9.09664124203181e-07 0.25683943381471686 0.04410066547458513 5.720737973877988 13 "Minimization exited successfully."
1339002 0 9 9 0 0 0.3025 57370.311124827596 1.9875040957195723e-05 -0.7784849244240073 0.19040408720766755 0 0.6497121588763548 1.801618935419469e-06 0.5856359764721075 0.0917090164148125 7.2990104289750715 14 "Minimization exited successfully."
1339149 0 0 9 9 0 0.4678 57373.720551919585 1.375751716845286e-05 -0.18519799994310215 -0.07618023015650544 0 0.8955194304835459 2.1930140411643977e-06 0.9357290720044835 0.14045983125774492 9.532672576018728 14 "Minimization exited successfully."
1339392 0 6 7 0 0 0.1804 57370.17767929799 0.00012776863241446002 -0.4754620656628985 -0.017701400617084473 0 0.7218124681858171 2.2847797163283443e-05 0.5941903992857864 0.1368787100853346 2.647349618147048 9 "Minimization exited successfully."
1339450 0 0 13 13 0 0.5505 57368.76712516763 8.432583584569443e-06 -1.853417941343904 -0.2218371656579966 0 1.4251909645900014 1.928186832018952e-06 1.3178646770206341 0.2289263431070669 20.266868603945852 22 "Minimization exited successfully."
1340454 0 11 11 10 0 0.421 57375.69977067201 1.2817585527671871e-05 1.8278127247524516 0.25914734914133897 0 0.4332828011320089 7.7648626244653e-07 0.5469393721732647 0.04956612992544435 24.164382743145843 28 "Minimization exited successfully."
1341370 0 8 8 8 0 0.409 57376.280041527265 1.5220034172336307e-05 1.1656835777917909 0.03335310138239578 0 0.41483380598947406 9.150359690485173e-07 0.5737088752212394 0.05020372194786932 15.387273618947313 20 "Minimization exited successfully."
1341894 0 7 7 0 0 0.3121 57390.23694783032 2.8470449004872057e-05 -0.005512460596142077 -0.017891324760290706 0 0.5858598256236291 2.0647080753333224e-06 0.6349032145055475 0.07442333718146282 3.2324687466870365 10 "Minimization exited successfully."
1342255 0 6 6 0 0 0.2141 57390.824734155576 8.64441013009476e-05 0.7884892646973487 -0.05705945752739855 0 0.2954498932522256 5.060185316127504e-06 0.46891235113356 0.05162135927538267 3.227547557665421 8 "Minimization exited successfully."
