pipeline_outputs/des/salt2_2.4_4param_all.ecsv
# %ECSV 0.9
# ---
# datatype:
# - {name: cid, datatype: string}
# - {name: num_points, datatype: int64}
# - {name: z, datatype: float64}
# - {name: t0, datatype: float64}
# - {name: x0, datatype: float64}
# - {name: x1, datatype: float64}
# - {name: c, datatype: float64}
# - {name: z_err, datatype: float64}
# - {name: t0_err, datatype: float64}
# - {name: x0_err, datatype: float64}
# - {name: x1_err, datatype: float64}
# - {name: c_err, datatype: float64}
# - {name: chi, datatype: float64}
# - {name: dof, datatype: float64}
# - {name: b_max, datatype: float64}
# - {name: delta_15, datatype: float64}
# - {name: tmin, datatype: float64}
# - {name: tmax, datatype: float64}
# - {name: pre_max, datatype: int64}
# - {name: post_max, datatype: int64}
# - {name: message, datatype: string}
# meta: !!omap
# - {bounds: null}
# - {warn: false}
# schema: astropy-2.0
cid num_points z t0 x0 x1 c z_err t0_err x0_err x1_err c_err chi dof b_max delta_15 tmin tmax pre_max post_max message
[from data line 53]
1296273 63 0.397 56926.739676192 2.7340375346274772e-05 -0.2540408547650689 -0.1281492239351436 0.0 0.43246046835702145 4.48009312984228e-07 0.2455707691577435 0.013354845134622595 134.22912257078346 59.0 21.909448679584415 1.1088311021433839 56903.383 57003.049 12 51 "Minimization exited successfully."
1296321 51 0.1844 56930.0473997533 5.3538283504106016e-05 0.6152961918264387 0.11592292709221144 0.0 0.21506726394363795 7.853260019112681e-07 0.1741352339496142 0.012030951169221224 73.13569718545406 47.0 21.17919222397244 0.9370941717919123 56915.265 56990.188 12 39 "Minimization exited successfully."
1296657 32 0.1462 56923.707691541684 0.0001447814200997923 1.0316074285915156 0.005736100423235898 0.0 0.21342072165134596 5.224308858362561e-06 0.21875569270278772 0.022207390344652442 70.50250361836606 28.0 20.099451290499786 0.8705384209984217 56904.221 56987.079 9 23 "Minimization exited successfully."
1297026 56 0.2585 56928.78743489181 4.294527806747902e-05 -0.722942802295484 -0.02344517226797039 0.0 0.24036373158742208 5.709982776315243e-07 0.18142845695653434 0.013065028911338783 39.82593099390664 52.0 21.420198462997032 1.1975388671944067 56903.237 57001.099 13 43 "Minimization exited successfully."
1297465 62 0.2778 56938.84406780685 3.2123162927194784e-05 1.07649694780242 0.055832625186526444 0.0 0.09719602135010064 4.021108642917084e-07 0.10155668648292751 0.009107673728644003 166.28570848260472 58.0 21.733957157517658 0.8612046915033176 56912.258 57008.065 21 41 "Minimization exited successfully."
1298281 58 0.2351 56930.65876011406 3.753996366356838e-05 -1.4640556085921284 0.07403186287986122 0.0 0.22070234486091067 6.533832740026203e-07 0.1762001735487397 0.014044617222986965 59.54276421465237 54.0 21.566290561026904 1.3547899269937709 56915.265 57003.049 12 46 "Minimization exited successfully."
1298893 22 0.1962 56935.77507908793 6.245621737561854e-05 -2.4250764666326265 -0.014579154999034115 0.0 0.4724520597519586 2.3001841593285635e-06 0.3506186961543724 0.04035195735697075 9.491105139827344 18.0 21.01431765769405 1.6205272419942354 56915.299 56992.068 7 15 "Minimization exited successfully."
1299643 66 0.38 56941.181541604135 2.4679249565858233e-05 0.6572430595000404 -0.07593879929867971 0.0 0.26880727409297833 6.320929563846021e-07 0.25682755203932134 0.01733813498502197 82.5943894787747 62.0 22.020487786267488 0.9378368897709741 56912.344 57018.078 12 54 "Minimization exited successfully."
1299775 37 0.1598 56940.06540605477 0.0001008531465590766 -0.4058866143970382 0.16916511474214377 0.0 0.2747403215726081 2.9855090106584084e-06 0.17893085950852053 0.0225666701402572 46.066064536621454 33.0 20.491508360048826 1.1208732055775634 56920.298 57004.045 4 33 "Minimization exited successfully."
1299785 64 0.3813 56943.855815327544 1.680349333604188e-05 0.0009145153612136053 0.060997310475511934 0.0 0.579143996386847 7.573092997645436e-07 0.41303696710053023 0.03289198907311757 27.222247044318195 60.0 22.43834300831166 1.049730341123528 56920.291 57025.079 13 51 "Minimization exited successfully."
1300516 69 0.3104 56949.405847147435 2.6636981781526408e-05 0.8614472022132319 0.15463439413055546 0.0 0.25717415983672254 5.065926701810259e-07 0.24181174799232213 0.014844716089674373 80.45911669343495 65.0 21.936357874150957 0.8935275417078472 56923.288 57025.093 23 46 "Minimization exited successfully."
1300912 65 0.3376 56946.3553664327 1.9156001545442774e-05 -0.4356733126715276 0.06461441718480139 0.0 0.17036160243151244 3.304098336200074e-07 0.13244701877040108 0.013582095507031641 75.02144248290796 61.0 22.29632244047368 1.1333136568190945 56920.196 57019.147 20 45 "Minimization exited successfully."
1301933 61 0.3299 56952.83769464257 3.1671392162801516e-05 -0.15372565923261342 -0.12012884498555514 0.0 0.09049048733140808 2.4468906955268276e-07 0.07445374472135008 0.006287501568382313 134.13873466057072 57.0 21.749825535073725 1.0888051331916557 56924.193 57025.117 19 42 "Minimization exited successfully."
1302058 56 0.1984 56959.663390576876 0.00011336741841934972 0.31025238161472346 0.019486304036841064 0.0 0.10198969025077531 1.219462361079586e-06 0.09891551138339047 0.009098502881643745 151.17889671285025 52.0 20.365602151185715 0.9952031608200329 56935.363 57025.079 12 44 "Minimization exited successfully."
1302141 91 0.6088 57280.60767436139 7.696260209440695e-06 -0.3731160249479219 0.04355486762253137 0.0 0.9652617636056675 4.5477910382939055e-07 0.6452387615115993 0.056836690690541536 90.84905898240095 87.0 23.28647981011525 1.1222678699406572 57248.403 57365.044 28 63 "Minimization exited successfully."
1302187 50 0.2195 56952.98212249823 5.753616178724684e-05 -0.9830287843927813 0.037189079472022955 0.0 0.25903444857613067 2.031591945667021e-06 0.26324720506196286 0.025361161262977074 32.01194535193737 46.0 21.102686296967 1.2486930531920066 56925.328 57019.148 15 35 "Minimization exited successfully."
1302523 56 0.4239 57288.66080618417 1.5075360639898335e-05 0.36062708882466693 0.030199498350155864 0.0 0.2880963406569208 3.76145406214093e-07 0.26404201625508955 0.018700290430424378 86.64871336157937 52.0 22.556082740003617 0.9856665376783162 57265.24 57372.059 12 44 "Minimization exited successfully."
1302648 57 0.2319 56948.23254027527 4.4626122830869834e-05 -0.7522663928927141 0.12917679580911903 0.0 0.2171474041242618 7.106823826076419e-07 0.17847507818361197 0.013687789816381066 99.7372192481532 53.0 21.37759457091579 1.1930345017134414 56925.158 57017.08 13 44 "Minimization exited successfully."
1303004 72 0.2949 56960.48717249651 4.2153170096697545e-05 0.8090608610610825 -0.0423210707476797 0.0 0.13547204226415488 4.6155032224494256e-07 0.12320165135335447 0.008801403423585392 142.32958067214986 68.0 21.439299337202687 0.9101842611489523 56934.371 57033.047 21 51 "Minimization exited successfully."
1303279 43 0.1724 56965.665518993665 0.0001908658471521664 0.7118094160251154 -0.07867295508661823 0.0 0.19798500098841032 4.751058361949599e-06 0.23365503158089312 0.01747830670385522 128.13294488795754 39.0 19.79942967812892 0.928426381649583 56943.23 57033.169 9 34 "Minimization exited successfully."
1303496 41 0.1798 56966.09176315521 8.16799670677727e-05 -0.25118174227455253 0.09154187605742475 0.0 0.24292040259751957 2.1679406035119082e-06 0.29207715116782257 0.018860030920364524 47.81261097322471 37.0 20.721452435847354 1.0956940182903132 56943.178 57032.15 12 29 "Minimization exited successfully."
1303883 73 0.2591 57286.2881990176 5.178929039550772e-05 0.5263465930969826 -0.01621721534355775 0.0 0.16398204302458907 9.107500887716089e-07 0.17204749470465855 0.013066188254433193 123.63837027381435 69.0 21.216081448442363 0.9583289548236351 57265.223 57356.127 14 59 "Minimization exited successfully."
1303952 84 0.5626 57288.90422656071 1.0634646317827549e-05 -0.1374345345805923 -0.18158757591714675 0.0 0.5241693888165173 5.409743294591878e-07 0.4680526528272125 0.025894327730284685 72.85597892373829 80.0 22.933756521053027 1.0889005338033009 57249.279 57373.057 30 54 "Minimization exited successfully."
1304127 83 0.7286 57282.0239271117 6.123472871482324e-06 0.712377243241177 -0.11162485213621298 0.0 0.878590402793634 3.0675561261833833e-07 0.6256983316197289 0.030518321311356875 90.61536216887959 79.0 23.533446364557093 0.9296226049268519 57249.279 57373.058 24 59 "Minimization exited successfully."
1304442 16 0.2171 56965.17639529838 7.578258904485747e-05 0.49501254619635066 -0.029350267625376156 0.0 0.22000732352535124 2.3458553382717322e-06 0.2419500750911994 0.018613618426413816 14.854655907820067 12.0 20.802758335677048 0.9644344413334132 56943.114 57029.056 8 8 "Minimization exited successfully."
1304678 49 0.2188 56963.48869498397 5.858296855293029e-05 -1.5389996781668798 -0.06756835888029628 0.0 0.4815703581771231 5.206175844475157e-06 0.44709946137033324 0.0631437017969589 13.468327757704897 45.0 21.08328446503659 1.3857178154942993 56943.23 57033.168 10 39 "Minimization exited successfully."
1305504 60 0.4956 56973.746432277876 1.092410364132879e-05 -0.44401058441655106 -0.06447923678814019 0.0 0.2205761646218889 1.525890129359496e-07 0.1526695821853801 0.011989685425554434 42.80097287510797 56.0 22.906205000284146 1.1429284436360163 56943.192 57052.047 20 40 "Minimization exited successfully."
1305626 55 0.3257 56974.75306960647 3.12314592193308e-05 -0.33678624291506376 -0.0912321783654862 0.0 0.11063044044931303 2.3412001851837473e-07 0.07876164941104077 0.006338003045468176 74.29564296919452 51.0 21.765425902137174 1.123089760532622 56949.125 57049.055 15 40 "Minimization exited successfully."
1306029 74 0.4289 57279.57259715046 1.266325317972359e-05 1.1053137091490015 0.06814432232027433 0.0 0.8095007327501662 4.527448020079603e-07 0.5223848268618626 0.030609843821214823 82.63452164005014 70.0 22.744524472723064 0.8559525240708474 57248.388 57355.217 23 51 "Minimization exited successfully."
1306073 56 0.3286 56972.245081069465 2.2366209094557426e-05 -1.3148137190614153 -0.012792485717311322 0.0 0.24668875271163415 4.611933035415928e-07 0.1758949505085663 0.01628890266084806 22.467359046352872 52.0 22.128814563500857 1.3273280622339492 56949.124 57049.056 12 44 "Minimization exited successfully."
1306141 65 0.3324 56977.366285803604 3.220305982568351e-05 -0.16509379937331398 -0.05691305150552323 0.0 0.27022606566606555 5.507822659635824e-07 0.20869646843735595 0.013836149491404562 62.76391729889122 61.0 21.73229896398041 1.0875713233840116 56949.337 57051.151 15 50 "Minimization exited successfully."
1306360 76 0.4494 57278.333547970964 1.1788255387200731e-05 -0.6394410246433458 0.013643824458408645 0.0 1.1424685395795677 5.985249839323729e-07 0.7001119920676424 0.0443197369943657 37.57580030612358 72.0 22.823813017162323 1.1777188610325453 57249.423 57355.245 19 57 "Minimization exited successfully."
1306390 68 0.407 57280.60417804884 9.007577972551934e-06 0.025911676871065045 0.2084049423466152 0.0 1.6787875746485952 6.421120880586874e-07 0.8734862646969754 0.062339594005631896 14.87376667428042 64.0 23.11314813778107 1.0371278201287986 57253.401 57355.23 12 56 "Minimization exited successfully."
1306537 76 0.4795 57287.91383201304 1.4783639507640612e-05 1.060953039746595 -0.07697967460279664 0.0 0.385109749622643 6.477537135340063e-07 0.46569410260439864 0.025144123812188193 95.09549188067459 72.0 22.576483671900313 0.8685124468770873 57265.363 57372.241 15 61 "Minimization exited successfully."
1306626 73 0.4095 57284.771163153186 1.982648511459233e-05 0.2615440728081335 -0.06633128078539088 0.0 0.00037412450910778716 5.820335275633239e-07 0.35218211422299334 0.01786533012485936 56.89028359635334 69.0 22.258581274359962 1.0080652791016398 57255.41 57355.245 16 57 "Minimization exited successfully."
1306785 42 0.5787 57284.08946000549 8.756189820696063e-06 -0.8409398364296075 -0.009850553507116836 0.0 1.3075636013854819 7.695978324216966e-07 1.3378007868364028 0.04826250388381635 21.912120190708073 38.0 23.14677611572502 1.2215372250444396 57248.419 57311.114 22 20 "Minimization exited successfully."
1306980 86 0.5489 57281.94068518103 8.10479944720199e-06 -1.2252602127541665 0.06239586295413812 0.0 1.0905110791281913 5.790109913604621e-07 0.7591981558583413 0.05994888835826236 71.12813343358023 82.0 23.23065209114194 1.3004611026190744 57252.229 57372.039 24 62 "Minimization exited successfully."
1306991 72 0.4217 57287.485881460445 1.8089444176845518e-05 -0.44669669370517173 -0.037566292684812576 0.0 0.6547396321766428 1.5092796110798565e-06 0.7214653244078345 0.05203209942513628 37.85902628952875 68.0 22.358733408346232 1.1418298993140965 57265.209 57365.044 17 55 "Minimization exited successfully."
1307277 70 0.4107 57284.683360241266 1.2689745932811143e-05 -0.37877363493894634 0.06493120587022476 0.0 0.0025589215438230895 8.195630608224033e-07 0.8027454051695774 0.048584521349191716 38.16860584394583 66.0 22.743417020410863 1.1220744137965042 57256.292 57365.115 19 51 "Minimization exited successfully."
1307830 59 0.3493 57286.12006257622 1.901608825945264e-05 -1.856720352118398 -0.08345205627838709 0.0 0.19575628410166246 3.304280919747921e-07 0.18677064328929507 0.01589126557562474 50.15539062786775 55.0 22.30493916246671 1.4680917392350992 57257.281 57365.196 11 48 "Minimization exited successfully."
1308314 74 0.4065 56977.71569472499 1.6503216085790572e-05 -0.059009356322033135 -0.042336199128729164 0.0 0.3425316126886173 3.558233155212137e-07 0.2676980459931078 0.017660324850661265 73.86376211450968 70.0 22.458118290632566 1.0664943041420223 56943.178 57051.151 24 50 "Minimization exited successfully."
1308326 63 0.3262 56976.28852712529 3.270645684136465e-05 0.41943324281253475 -0.0920298621405945 0.0 0.21227152634673985 4.656233279079654e-07 0.18323247546595606 0.011797158748906342 55.130091311003554 59.0 21.714795279853657 0.9806495338555017 56956.141 57045.113 16 47 "Minimization exited successfully."
1308568 72 0.6431 57289.65352425229 6.946513584428005e-06 -0.11469616802871786 0.12780721681152754 0.0 0.8386029013599909 7.169948797443412e-07 0.9993895263962606 0.0668622855619926 69.62514172145605 68.0 23.39680436373342 1.067673695119307 57256.269 57379.066 20 52 "Minimization exited successfully."
1308582 57 0.3669 57287.74269406648 2.4918281334478992e-05 -0.44299942509714446 -0.05112205588884581 0.0 0.32237891539625707 7.98628117831793e-07 0.3296027933516829 0.024547220690849626 33.02564791159675 53.0 22.010945264680185 1.1419142065197967 57265.24 57366.076 12 45 "Minimization exited successfully."
1308884 48 0.0772 57293.4782158135 0.00031555510447237647 -1.4363693380248177 0.08116879741257725 0.0 0.02854986394959269 1.9477376825218067e-06 0.030071733032823345 0.004553508456285981 264.049585715658 32.0 19.254762552590243 1.3476025395711666 57276.324 57355.251 14 34 "Minimization exited successfully."
1308957 72 0.6187 57289.57515159597 6.4459460621074216e-06 0.8680784772903617 -0.13944400824587355 0.0 0.815260297156783 5.620404953545738e-07 0.7623877316352983 0.039667994190884195 66.02853435714374 68.0 23.47723554223156 0.9036671916981369 57253.33 57373.057 24 48 "Minimization exited successfully."
1309288 44 0.2684 56989.7354085184 5.8953361147133374e-05 0.4595716809512826 -0.0909198212182591 0.0 0.4141907768716919 2.4825947424619654e-06 0.37655110902917094 0.03168057310162618 8.943815578172764 40.0 21.075086065663676 0.9734093208962769 56961.361 57061.067 12 32 "Minimization exited successfully."
1309492 61 0.3335 56993.04734236468 3.456764562426025e-05 0.19322680514924218 -0.08663515258236938 0.0 0.07897257719741901 2.221846449796928e-07 0.07291123980007701 0.004660656638474203 138.82841341992963 57.0 21.65492079390271 1.0215567900550369 56963.255 57067.046 20 41 "Minimization exited successfully."
1309749 70 0.7893 56987.741915028084 5.092085065226766e-06 0.5714139976291007 -0.09243491878061398 0.0 0.3902809069440991 1.0615481977395994e-07 0.2733059385711379 0.01625440509068103 49.668237966929894 66.0 23.734014544245202 0.9535983074254233 56949.35 57067.046 24 46 "Minimization exited successfully."
1310338 63 0.4388 56977.19164514821 1.5690580356377028e-05 -0.3962196981682093 0.05141974346536489 0.0 0.40222410165006295 3.431140842802884e-07 0.2952795085962474 0.01780193189974064 41.43843263761563 59.0 22.51305168357068 1.1263360104575888 56949.112 57052.042 13 50 "Minimization exited successfully."
1310395 70 0.289 56980.68354347973 2.4896320617448494e-05 -0.7613607834495676 0.1083440422030364 0.0 0.23186124362109695 4.2037183641081356e-07 0.22442042234699633 0.014114410366536104 80.97439362060207 66.0 22.01150469129683 1.196398615524945 56956.203 57052.042 16 54 "Minimization exited successfully."
