pipeline_outputs/des/salt2_2.4_5param_all.ecsv
# %ECSV 0.9
# ---
# datatype:
# - {name: cid, datatype: string}
# - {name: num_points, datatype: int64}
# - {name: z, datatype: float64}
# - {name: t0, datatype: float64}
# - {name: x0, datatype: float64}
# - {name: x1, datatype: float64}
# - {name: c, datatype: float64}
# - {name: z_err, datatype: float64}
# - {name: t0_err, datatype: float64}
# - {name: x0_err, datatype: float64}
# - {name: x1_err, datatype: float64}
# - {name: c_err, datatype: float64}
# - {name: chi, datatype: float64}
# - {name: dof, datatype: float64}
# - {name: b_max, datatype: float64}
# - {name: delta_15, datatype: float64}
# - {name: tmin, datatype: float64}
# - {name: tmax, datatype: float64}
# - {name: pre_max, datatype: int64}
# - {name: post_max, datatype: int64}
# - {name: message, datatype: string}
# meta: !!omap
# - bounds:
#     z: [0.01, 0.9]
# - {warn: false}
# schema: astropy-2.0
cid num_points z t0 x0 x1 c z_err t0_err x0_err x1_err c_err chi dof b_max delta_15 tmin tmax pre_max post_max message
[from data line 96]
1308582 57 0.37815204238073347 57287.82204305289 2.4828331816219053e-05 -0.40984677609788833 -0.07261599252071375 0.01625613685594371 0.40840548898268025 9.369221663627582e-07 0.3991680296374051 0.041502104147476356 25.893835267855714 37.0 22.01472787081725 1.1365607941434561 57265.24 57366.076 12 45 "Minimization exited successfully."
1308884 48 nan nan nan nan nan nan nan nan nan nan nan nan nan nan nan nan 0 0 "result is NaN User function arguments:      z = +0.823266     t0 = +57211.255670     x0 = +838434.647774     x1 = -890.592484      c = +2041.961949"
1308957 72 0.40986103653200967 57287.23375341543 7.104021529014248e-06 0.23414433242681512 0.128233691744583 0.03584071790029 0.9460120010699029 7.750830998883729e-07 1.0059637388860172 0.12017688472015013 57.421442505394594 49.0 23.372221109496643 1.003605299009557 57253.33 57373.057 21 51 "Minimization exited successfully."
1309288 44 0.47611059091943575 56992.37428700106 5.064268551822845e-05 0.8957631014393581 -0.29716702545572016 0.028836303711345712 0.8264996836514911 3.847207399328431e-06 0.6644766234609546 0.02488050685493538 14.374168255849161 22.0 21.235658242441446 0.9044549365265517 56961.361 57061.067 17 27 "Minimization exited successfully."
1309492 61 0.3311479067935241 56993.01342740426 3.452668443269364e-05 0.1755568736873546 -0.08677956314964869 0.005696022494446229 0.09978375802529627 2.4661376521955465e-07 0.08069263086827508 0.010237446018717311 107.45962264967574 39.0 21.656219559323038 1.0248253047604194 56963.255 57067.046 20 41 "Minimization exited successfully."
1309749 70 0.4475722779141996 56984.154252199936 4.801467162374296e-06 -0.34976224618898244 0.41200863162424567 0.016556807290542652 0.4192323244387808 1.7301156942518061e-07 0.4306625460882916 0.044782942619451316 45.454497568454485 46.0 23.789705621906712 1.0944410389104036 56949.35 57067.046 21 49 "Minimization exited successfully."
1310338 63 0.4433167430847976 56977.22908274505 1.5686543720024278e-05 -0.2129550289600861 0.08156961802114404 0.01246190488815535 0.44725314248353243 3.7974968534213844e-07 0.3598094915165614 0.023983450304627757 24.960055704423944 39.0 22.512995474655042 1.0889479418902468 56949.112 57052.042 13 50 "Minimization exited successfully."
1310395 70 0.3258750289667101 56981.024976415705 2.5515262987137125e-05 -0.5474520220150958 0.036391384692485686 0.01439556991569041 0.3090845968326903 5.527016920481228e-07 0.2729795629371309 0.028925123223248275 40.781204587660255 47.0 21.985312825002907 1.1574717461043385 56956.203 57052.042 16 54 "Minimization exited successfully."
1312274 62 0.43053414419033104 56976.91529695344 1.2756724228091283e-05 -1.3157807722591757 -0.039674970835694885 0.01903051694599306 0.6190244048848399 4.771001451430212e-07 0.49487760276204806 0.040074809327680545 36.42984800098582 43.0 22.73839503068926 1.3298149855173769 56956.141 57052.1 12 50 "Minimization exited successfully."
1313594 54 0.29123854147857414 57002.392694897346 4.626441739670718e-05 0.5361949884168794 -0.09539134628338017 0.008192833381935966 0.21603251922351774 6.222562763104014e-07 0.14709269871901867 0.014477271491606866 26.78749594039427 35.0 21.338137469664026 0.9599559683015073 56973.035 57051.058 19 35 "Minimization exited successfully."
1314897 54 0.3378827000792212 57301.48040487555 2.8292779887191732e-05 0.8848976801078328 0.020743354545114057 0.022014147642020865 0.44353341783062206 1.0351891242048784e-06 0.3533318928615586 0.052945400660151666 32.36719070516949 34.0 21.872156581207687 0.8947978571058322 57273.337 57373.072 17 37 "Minimization exited successfully."
1315192 38 0.22625512379408694 57008.77115777711 5.485348164490738e-05 1.037103826420652 0.12281841653180603 0.00895096587000134 0.1924619744422671 1.5965496745443913e-06 0.22561751345608866 0.028130203055819824 28.260718399049253 23.0 21.15237156607078 0.8653315863221103 56987.193 57052.1 13 25 "Minimization exited successfully."
1315259 44 0.23464325937508695 57004.25375551605 4.730815863835006e-05 -0.5111653080391417 0.04700666106840034 0.011436327148213882 0.19704373368585948 6.315562259241092e-07 0.14846347776216356 0.029151929119805912 19.549959343432917 26.0 21.31490008025464 1.1494793772018923 56980.181 57049.073 16 28 "Minimization exited successfully."
1315296 53 0.37891611168696165 57004.781466663175 1.0687657462580723e-05 1.6633554087089126 0.1048769676134657 0.18799510885031606 4.258096567409666 5.318292431639914e-07 2.3883696860631694 0.5362536870285051 26.76193120893447 34.0 22.927667409553777 0.7629217706605651 56973.183 57049.072 23 30 "Covariance may not be accurate. Covariance not positive definite. Covariance forced positive definite."
1316385 32 0.4753932965361174 57023.305963110426 0.00015203772738802969 1.2541178041677719 -0.36104841716239044 0.009414193016259037 0.2900887330797559 3.9756902206135504e-06 0.2573495039206025 0.00866966217042929 128.07236829061173 14.0 20.039563137510722 0.8447977939665101 57001.175 57067.046 13 19 "Minimization exited successfully."
1316431 39 0.18246386108108695 57018.641813277936 9.740881613519332e-05 1.1436970628926466 0.0016065845136140704 0.00438440420394981 0.0977168840545346 7.946197134075475e-07 0.08990767953246577 0.011175113392865576 44.81540146529558 25.0 20.529627549384827 0.8518794632112403 57001.16 57052.1 16 23 "Minimization exited successfully."
1316437 49 0.4646693582152589 57010.11453876977 9.052194845415263e-06 -0.4091449920719018 0.18266553347841524 0.02685577419314883 0.8209502341815096 4.525093502678203e-07 0.6102483312525298 0.06194164101062063 35.189287764886416 33.0 23.10859310007647 1.1206484316562921 56980.192 57052.1 19 30 "Minimization exited successfully."
1316465 41 0.3248298346694524 57021.401005674765 2.8746361684504573e-05 0.35635898079400685 0.0047449064258741 0.006206273268805379 0.10173986235167831 2.652564926139982e-07 0.08591986923583181 0.012731787284661114 52.81763070009549 25.0 21.855357627789008 0.9876099780918537 57001.175 57067.046 16 25 "Minimization exited successfully."
1317164 35 0.442318544271604 57299.17220638336 7.646778742249102e-05 -2.238042175385244 -0.33341113158324365 0.009490316150403577 0.23941280150756938 4.026134755040631e-06 0.1775574503168647 0.017186270651754727 42.64180776940539 15.0 20.78915819419542 1.6022409552356578 57276.375 57355.165 8 27 "Minimization exited successfully."
1317277 52 0.21871326604876182 57007.26151659054 4.1063127802305065e-05 -1.4501565640294436 0.1200903860547589 0.012589167577651258 0.29676370327797486 1.219010838418754e-06 0.2691080067478266 0.04155266692053217 33.66999913002665 33.0 21.46839308656475 1.3473160819697831 56987.071 57052.042 21 31 "Minimization exited successfully."
1317286 54 0.28625561424373913 57015.41839524635 5.170575211778311e-05 0.7569457594094947 -0.07290107580129644 0.01566708010152909 0.2415616222206154 7.011093419439329e-07 0.1465467291837697 0.01663771899075748 31.38950152887118 35.0 21.21740614279705 0.9203634743716371 56987.071 57052.042 30 24 "Minimization exited successfully."
1317454 39 0.6608405929669445 57016.61741669056 7.982250826163734e-06 -0.4391117159068163 -0.07406250085072767 0.03483711386029825 0.7605477652796253 3.389404847357454e-07 0.5937000387717748 0.041206525953599596 20.110900754717086 24.0 23.24679058539758 1.142522458416689 56987.028 57051.043 22 17 "Minimization exited successfully."
1317666 47 0.15115051317864608 57301.461506643296 0.00011060925181351645 -0.17291037798720146 0.09485651235347128 0.005843988301960049 0.09071794812916778 2.206162955106607e-06 0.09326643894759354 0.014302224899886012 10.82374089780673 29.0 20.392180624377133 1.0805474430222084 57273.339 57356.106 17 30 "Minimization exited successfully."
1319366 65 0.2575329384326103 57304.404628849 6.962823727187168e-05 1.4553443512651256 -0.03332399519351928 0.011430729734118433 0.22190249020059127 8.424271552902671e-07 0.17560728472921336 0.02063388965267129 101.70342838109973 42.0 20.893767673899575 0.8012368070148135 57276.312 57372.107 30 35 "Minimization exited successfully."
1319821 49 0.29372182046709033 57020.346426085016 3.220277231957167e-05 -0.5001310430268241 -0.06036105983191351 0.016826101648765718 0.25845390883114305 6.214390212681797e-07 0.20794565375823795 0.022315068623034808 27.395183201058977 31.0 21.732493102262044 1.154012294457921 56992.123 57067.103 18 31 "Minimization exited successfully."
1320166 39 0.4527267984997395 57021.65214170978 1.2247843122962317e-05 0.46250943007297346 -0.07675469220903273 0.018814946720125153 0.4429776263059466 4.924233792022225e-07 0.5088477519568112 0.031222577678432402 22.460589151027648 25.0 22.781321921217625 0.9722713297883772 56991.108 57049.049 20 19 "Minimization exited successfully."
1322229 29 0.5651910851000498 57034.165552305414 1.0264231842526392e-05 0.8308287557763535 -0.044846570969114756 0.03592501517017377 0.8591261020592356 3.2304361920259875e-07 0.6468039226383754 0.07398719423835924 12.290701223225451 17.0 22.973028922597116 0.9065407616562453 57001.05 57052.048 20 9 "Minimization exited successfully."
1322979 35 0.5363957794701713 57039.30122643298 1.0400534754611027e-05 0.20896508715631076 -0.08820861398485864 0.021679207146759416 0.30609115443076007 1.1662052576671174e-07 0.24473752064743642 0.03901674721749697 21.144759017545397 20.0 22.95893138951135 1.0187324708525267 57008.04 57067.047 20 15 "Minimization exited successfully."
1324542 38 0.44336296211132564 57042.85635532223 8.259059838072489e-06 1.1215362230887245 0.029330670208129357 0.021260155007733678 0.9035769451475062 3.6016426878254985e-07 0.7865439588656068 0.04305720779126432 36.005782281448255 23.0 23.208761411017473 0.8546187019323668 57011.085 57067.103 19 19 "Minimization exited successfully."
1325358 32 0.4669555805349689 57044.92803210337 3.867307164789282e-06 0.2231649241575568 0.5070942834412883 0.030398934840727088 0.8568930664296204 1.408388871819316e-07 0.6911173926579809 0.076039353923048 22.827359209178166 20.0 24.019548857047866 0.9856580541614335 57005.241 57066.064 25 7 "Minimization exited successfully."
1327978 54 0.29212503187223554 57308.43394001338 6.618689187646108e-05 0.2583615669812434 -0.06313937741497477 1.6501691985082445e-08 0.0007969104226503987 2.4119411410496706e-06 0.5329616744346758 0.035105508108079914 7.270521230342812 30.0 20.949787667951362 1.0084964089649446 57283.129 57373.043 28 26 "Covariance may not be accurate."
1328066 81 0.4395560462325218 57298.03738137005 1.8222332533564127e-05 0.649593596314928 -0.11525018820963566 0.01762470251749615 0.5744547409849474 9.404391338185827e-07 0.5031100847292685 0.03285659473449197 53.10121914263138 54.0 22.349444238502706 0.940756496559267 57273.093 57379.051 23 58 "Minimization exited successfully."
1328105 84 0.4561925584348093 57302.71219693324 1.746740493021402e-05 -0.10117706223830136 -0.0669365450238486 0.02129546017921269 0.6746978427072463 7.594333008741705e-07 0.46893068794238607 0.026592394004431943 52.48109103553551 56.0 22.396371251897698 1.0758379537855802 57273.093 57386.049 26 58 "Minimization exited successfully."
1329166 71 0.6160930241731482 57306.691880418 4.502558707406608e-06 -0.07815899693512597 0.034922073468940065 0.028852213952281602 0.7043386683362769 1.460310835003755e-07 0.3771377237809133 0.045784250759704555 42.54360465209244 49.0 23.86838966281292 1.0659611979010428 57268.251 57402.11 23 48 "Minimization exited successfully."
1329196 82 0.4660953503488831 57304.71465467814 4.083235050818783e-06 -0.5242150847183591 0.4963383167339926 0.634719466327 169.33343471139597 1.0015225036550424 1.038996809150816 1.0004519014443014 82.8147249882461 57.0 23.96163259885466 1.1216713742143263 57266.247 57406.112 24 58 "Covariance may not be accurate."
1329312 59 0.3372503764433432 57309.68660995336 2.0821943945983623e-05 -1.4351334054456193 -0.03713874052955822 0.0163356272556221 0.4174592676135944 7.326845141981167e-07 0.35210247381279813 0.03744073729306051 20.756127738608154 39.0 22.206503086034047 1.357827353739573 57283.189 57389.086 17 42 "Minimization exited successfully."
1329615 66 0.3963003552473999 57304.874964900206 1.5274358950374174e-05 -0.5369689069150668 0.024019409642429063 0.022221645581278343 0.844934675427794 6.692064786074312e-07 0.5822718332761367 0.07499855607017505 29.792631095819647 45.0 22.54244595165868 1.1561498118013347 57278.298 57385.114 22 44 "Minimization exited successfully."
1330031 66 nan nan nan nan nan nan nan nan nan nan nan nan nan nan nan nan 0 0 "result is NaN User function arguments:      z = +0.889241     t0 = +57292.225516     x0 = +0.026296     x1 = -36.065595      c = -68.044109"
1330426 66 0.27375215935761815 57315.75816937576 6.703633079162171e-05 1.2676855434190935 -0.11381371747564724 0.005591797389165737 0.10615218657403602 6.244681349665323e-07 0.08567323182005288 0.009833971700621566 249.7835472476482 44.0 20.93459509806481 0.8349559368658745 57288.21 57387.185 15 51 "Minimization exited successfully."
1330642 68 0.4446512623279742 57315.670714823784 9.170812460767466e-06 0.33747832588426674 0.04982820391322823 0.012683152467373254 0.36887015478350804 2.5770569714205325e-07 0.3177900062043695 0.024120273122398818 72.59999240772397 46.0 23.095657620959003 0.988887383037298 57283.189 57406.1 23 45 "Minimization exited successfully."
1330903 79 0.6018157515247845 57306.38511668426 7.966613393519876e-06 -0.020908114209912527 0.003765107262693205 0.08424729283079424 1.4324042074586032 4.151890927938417e-07 0.7692228941818136 0.11986753507453829 41.3445995460648 53.0 23.248896579802924 1.0568570115876312 57276.312 57396.103 30 49 "Minimization exited successfully."
1331123 66 0.3354049528345224 57319.276189529184 4.609125441703498e-05 -1.5154386506217041 -0.15285794683691442 2.574131546806413e-09 0.00023353795040748082 6.834874327965934e-07 0.150847111797815 0.01278955453071093 70.58939810095234 44.0 21.342760149690232 1.3875258034968034 57297.03 57386.049 24 42 "Minimization exited successfully."
1331993 64 0.44852190505392836 57323.64687787814 5.017640635527154e-06 -0.6889076524765652 0.16867360276598903 7.900908582575417e-06 0.0009679725299065467 3.02324837518161e-10 0.000680391219625375 9.213966062583872e-05 72.17622733855191 45.0 23.74964804397169 1.177249379988261 57291.17 57408.04 21 43 "Covariance may not be accurate."
1332059 71 0.4410676208062965 57322.82230485916 9.806211026424188e-06 -0.17125344698499953 -0.08722958715901125 0.026854421366357434 0.6217243276805675 6.23963573874309e-07 0.6368423338158776 0.045860525026799645 38.28516277044614 47.0 23.023084450072176 1.0904202457914707 57288.199 57403.103 29 42 "Minimization exited successfully."
1332413 69 0.6068169128173816 57325.43154262889 8.496463515409963e-06 1.2852861256170947 -0.14237364686178078 0.02757176714358378 0.6697270815711818 4.375877138190835e-07 0.5190940135425978 0.03533869168914727 48.259587996971774 47.0 23.17688891693757 0.8329071429725978 57297.151 57403.064 24 45 "Minimization exited successfully."
1333246 56 0.4372815634410282 57325.51179633051 1.021252297020183e-05 1.7611012959935866 0.18042718926938894 0.060376159733947554 1.1088444944907678 1.0543092877864099e-06 1.0497965203352013 0.0908169825397697 16.26422179499972 35.0 22.975725193911373 0.7447607119800601 57299.22 57403.103 22 34 "Minimization exited successfully."
1333438 53 0.39921877761945374 57327.130156433894 1.2652445000251243e-05 0.4459133566175002 0.11097344317649932 0.008816738752495001 0.3941526699491078 6.791954114651955e-07 0.45804863957202935 0.05480562749413056 39.47898959999329 39.0 22.745613632063993 0.9668141612315964 57297.346 57406.124 15 38 "Covariance may not be accurate."
