pipeline_outputs/des/salt2_2.4_4param_all.ecsv
# %ECSV 0.9
# ---
# datatype:
# - {name: cid, datatype: string}
# - {name: num_points_desg, datatype: int64}
# - {name: num_points_desr, datatype: int64}
# - {name: num_points_desi, datatype: int64}
# - {name: num_points_desz, datatype: int64}
# - {name: num_points_desy, datatype: int64}
# - {name: z, datatype: float64}
# - {name: t0, datatype: float64}
# - {name: x0, datatype: float64}
# - {name: x1, datatype: float64}
# - {name: c, datatype: float64}
# - {name: z_err, datatype: float64}
# - {name: t0_err, datatype: float64}
# - {name: x0_err, datatype: float64}
# - {name: x1_err, datatype: float64}
# - {name: c_err, datatype: float64}
# - {name: chi, datatype: float64}
# - {name: dof, datatype: float64}
# - {name: message, datatype: string}
# meta: !!omap
# - {bounds: null}
# - {warn: false}
# schema: astropy-2.0
cid num_points_desg num_points_desr num_points_desi num_points_desz num_points_desy z t0 x0 x1 c z_err t0_err x0_err x1_err c_err chi dof message
[from data line 63]
1300516 16 17 18 18 0 0.3104 56949.405847147435 2.6636981781526408e-05 0.8614472022132319 0.15463439413055546 0.0 0.25717415983672254 5.065926701810259e-07 0.24181174799232213 0.014844716089674373 80.45911669343495 65.0 "Minimization exited successfully."
1300912 16 15 17 17 0 0.3376 56946.3553664327 1.9156001545442774e-05 -0.4356733126715276 0.06461441718480139 0.0 0.17036160243151244 3.304098336200074e-07 0.13244701877040108 0.013582095507031641 75.02144248290796 61.0 "Minimization exited successfully."
1301933 14 16 15 16 0 0.3299 56952.83769464257 3.1671392162801516e-05 -0.15372565923261342 -0.12012884498555514 0.0 0.09049048733140808 2.4468906955268276e-07 0.07445374472135008 0.006287501568382313 134.13873466057072 57.0 "Minimization exited successfully."
1302058 11 14 16 15 0 0.1984 56959.663390576876 0.00011336741841934972 0.31025238161472346 0.019486304036841064 0.0 0.10198969025077531 1.219462361079586e-06 0.09891551138339047 0.009098502881643745 151.17889671285025 52.0 "Minimization exited successfully."
1302141 21 24 22 24 0 0.6088 57280.60767436139 7.696260209440695e-06 -0.3731160249479219 0.04355486762253137 0.0 0.9652617636056675 4.5477910382939055e-07 0.6452387615115993 0.056836690690541536 90.84905898240095 87.0 "Minimization exited successfully."
1302187 10 9 15 16 0 0.2195 56952.98212249823 5.753616178724684e-05 -0.9830287843927813 0.037189079472022955 0.0 0.25903444857613067 2.031591945667021e-06 0.26324720506196286 0.025361161262977074 32.01194535193737 46.0 "Minimization exited successfully."
1302523 13 15 13 15 0 0.4239 57288.66080618417 1.5075360639898335e-05 0.36062708882466693 0.030199498350155864 0.0 0.2880963406569208 3.76145406214093e-07 0.26404201625508955 0.018700290430424378 86.64871336157937 52.0 "Minimization exited successfully."
1302648 14 13 15 15 0 0.2319 56948.23254027527 4.4626122830869834e-05 -0.7522663928927141 0.12917679580911903 0.0 0.2171474041242618 7.106823826076419e-07 0.17847507818361197 0.013687789816381066 99.7372192481532 53.0 "Minimization exited successfully."
1303004 17 18 18 19 0 0.2949 56960.48717249651 4.2153170096697545e-05 0.8090608610610825 -0.0423210707476797 0.0 0.13547204226415488 4.6155032224494256e-07 0.12320165135335447 0.008801403423585392 142.32958067214986 68.0 "Minimization exited successfully."
1303279 9 8 9 17 0 0.1724 56965.665518993665 0.0001908658471521664 0.7118094160251154 -0.07867295508661823 0.0 0.19798500098841032 4.751058361949599e-06 0.23365503158089312 0.01747830670385522 128.13294488795754 39.0 "Minimization exited successfully."
1303496 9 10 9 13 0 0.1798 56966.09176315521 8.16799670677727e-05 -0.25118174227455253 0.09154187605742475 0.0 0.24292040259751957 2.1679406035119082e-06 0.29207715116782257 0.018860030920364524 47.81261097322471 37.0 "Minimization exited successfully."
1303883 18 17 18 20 0 0.2591 57286.2881990176 5.178929039550772e-05 0.5263465930969826 -0.01621721534355775 0.0 0.16398204302458907 9.107500887716089e-07 0.17204749470465855 0.013066188254433193 123.63837027381435 69.0 "Minimization exited successfully."
1303952 20 22 21 21 0 0.5626 57288.90422656071 1.0634646317827549e-05 -0.1374345345805923 -0.18158757591714675 0.0 0.5241693888165173 5.409743294591878e-07 0.4680526528272125 0.025894327730284685 72.85597892373829 80.0 "Minimization exited successfully."
1304127 19 22 21 21 0 0.7286 57282.0239271117 6.123472871482324e-06 0.712377243241177 -0.11162485213621298 0.0 0.878590402793634 3.0675561261833833e-07 0.6256983316197289 0.030518321311356875 90.61536216887959 79.0 "Minimization exited successfully."
1304442 5 2 2 7 0 0.2171 56965.17639529838 7.578258904485747e-05 0.49501254619635066 -0.029350267625376156 0.0 0.22000732352535124 2.3458553382717322e-06 0.2419500750911994 0.018613618426413816 14.854655907820067 12.0 "Minimization exited successfully."
1304678 10 10 13 16 0 0.2188 56963.48869498397 5.858296855293029e-05 -1.5389996781668798 -0.06756835888029628 0.0 0.4815703581771231 5.206175844475157e-06 0.44709946137033324 0.0631437017969589 13.468327757704897 45.0 "Minimization exited successfully."
1305504 14 16 14 16 0 0.4956 56973.746432277876 1.092410364132879e-05 -0.44401058441655106 -0.06447923678814019 0.0 0.2205761646218889 1.525890129359496e-07 0.1526695821853801 0.011989685425554434 42.80097287510797 56.0 "Minimization exited successfully."
1305626 14 15 13 13 0 0.3257 56974.75306960647 3.12314592193308e-05 -0.33678624291506376 -0.0912321783654862 0.0 0.11063044044931303 2.3412001851837473e-07 0.07876164941104077 0.006338003045468176 74.29564296919452 51.0 "Minimization exited successfully."
1306029 16 19 19 20 0 0.4289 57279.57259715046 1.266325317972359e-05 1.1053137091490015 0.06814432232027433 0.0 0.8095007327501662 4.527448020079603e-07 0.5223848268618626 0.030609843821214823 82.63452164005014 70.0 "Minimization exited successfully."
1306073 14 15 13 14 0 0.3286 56972.245081069465 2.2366209094557426e-05 -1.3148137190614153 -0.012792485717311322 0.0 0.24668875271163415 4.611933035415928e-07 0.1758949505085663 0.01628890266084806 22.467359046352872 52.0 "Minimization exited successfully."
1306141 17 15 17 16 0 0.3324 56977.366285803604 3.220305982568351e-05 -0.16509379937331398 -0.05691305150552323 0.0 0.27022606566606555 5.507822659635824e-07 0.20869646843735595 0.013836149491404562 62.76391729889122 61.0 "Minimization exited successfully."
1306360 19 17 19 21 0 0.4494 57278.333547970964 1.1788255387200731e-05 -0.6394410246433458 0.013643824458408645 0.0 1.1424685395795677 5.985249839323729e-07 0.7001119920676424 0.0443197369943657 37.57580030612358 72.0 "Minimization exited successfully."
1306390 17 17 17 17 0 0.407 57280.60417804884 9.007577972551934e-06 0.025911676871065045 0.2084049423466152 0.0 1.6787875746485952 6.421120880586874e-07 0.8734862646969754 0.062339594005631896 14.87376667428042 64.0 "Minimization exited successfully."
1306537 18 19 19 20 0 0.4795 57287.91383201304 1.4783639507640612e-05 1.060953039746595 -0.07697967460279664 0.0 0.385109749622643 6.477537135340063e-07 0.46569410260439864 0.025144123812188193 95.09549188067459 72.0 "Minimization exited successfully."
1306626 17 18 18 20 0 0.4095 57284.771163153186 1.982648511459233e-05 0.2615440728081335 -0.06633128078539088 0.0 0.00037412450910778716 5.820335275633239e-07 0.35218211422299334 0.01786533012485936 56.89028359635334 69.0 "Minimization exited successfully."
1306785 10 9 11 12 0 0.5787 57284.08946000549 8.756189820696063e-06 -0.8409398364296075 -0.009850553507116836 0.0 1.3075636013854819 7.695978324216966e-07 1.3378007868364028 0.04826250388381635 21.912120190708073 38.0 "Minimization exited successfully."
1306980 18 22 22 24 0 0.5489 57281.94068518103 8.10479944720199e-06 -1.2252602127541665 0.06239586295413812 0.0 1.0905110791281913 5.790109913604621e-07 0.7591981558583413 0.05994888835826236 71.12813343358023 82.0 "Minimization exited successfully."
1306991 17 18 17 20 0 0.4217 57287.485881460445 1.8089444176845518e-05 -0.44669669370517173 -0.037566292684812576 0.0 0.6547396321766428 1.5092796110798565e-06 0.7214653244078345 0.05203209942513628 37.85902628952875 68.0 "Minimization exited successfully."
1307277 15 18 18 19 0 0.4107 57284.683360241266 1.2689745932811143e-05 -0.37877363493894634 0.06493120587022476 0.0 0.0025589215438230895 8.195630608224033e-07 0.8027454051695774 0.048584521349191716 38.16860584394583 66.0 "Minimization exited successfully."
1307830 13 15 16 15 0 0.3493 57286.12006257622 1.901608825945264e-05 -1.856720352118398 -0.08345205627838709 0.0 0.19575628410166246 3.304280919747921e-07 0.18677064328929507 0.01589126557562474 50.15539062786775 55.0 "Minimization exited successfully."
1308314 18 18 19 19 0 0.4065 56977.71569472499 1.6503216085790572e-05 -0.059009356322033135 -0.042336199128729164 0.0 0.3425316126886173 3.558233155212137e-07 0.2676980459931078 0.017660324850661265 73.86376211450968 70.0 "Minimization exited successfully."
1308326 16 16 16 15 0 0.3262 56976.28852712529 3.270645684136465e-05 0.41943324281253475 -0.0920298621405945 0.0 0.21227152634673985 4.656233279079654e-07 0.18323247546595606 0.011797158748906342 55.130091311003554 59.0 "Minimization exited successfully."
1308568 15 17 19 21 0 0.6431 57289.65352425229 6.946513584428005e-06 -0.11469616802871786 0.12780721681152754 0.0 0.8386029013599909 7.169948797443412e-07 0.9993895263962606 0.0668622855619926 69.62514172145605 68.0 "Minimization exited successfully."
1308582 13 14 15 15 0 0.3669 57287.74269406648 2.4918281334478992e-05 -0.44299942509714446 -0.05112205588884581 0.0 0.32237891539625707 7.98628117831793e-07 0.3296027933516829 0.024547220690849626 33.02564791159675 53.0 "Minimization exited successfully."
1308884 10 13 13 12 0 0.0772 57293.4782158135 0.00031555510447237647 -1.4363693380248177 0.08116879741257725 0.0 0.02854986394959269 1.9477376825218067e-06 0.030071733032823345 0.004553508456285981 264.049585715658 32.0 "Minimization exited successfully."
1308957 15 20 19 18 0 0.6187 57289.57515159597 6.4459460621074216e-06 0.8680784772903617 -0.13944400824587355 0.0 0.815260297156783 5.620404953545738e-07 0.7623877316352983 0.039667994190884195 66.02853435714374 68.0 "Minimization exited successfully."
1309288 8 6 13 17 0 0.2684 56989.7354085184 5.8953361147133374e-05 0.4595716809512826 -0.0909198212182591 0.0 0.4141907768716919 2.4825947424619654e-06 0.37655110902917094 0.03168057310162618 8.943815578172764 40.0 "Minimization exited successfully."
1309492 14 15 15 17 0 0.3335 56993.04734236468 3.456764562426025e-05 0.19322680514924218 -0.08663515258236938 0.0 0.07897257719741901 2.221846449796928e-07 0.07291123980007701 0.004660656638474203 138.82841341992963 57.0 "Minimization exited successfully."
1309749 16 17 18 19 0 0.7893 56987.741915028084 5.092085065226766e-06 0.5714139976291007 -0.09243491878061398 0.0 0.3902809069440991 1.0615481977395994e-07 0.2733059385711379 0.01625440509068103 49.668237966929894 66.0 "Minimization exited successfully."
1310338 18 17 9 19 0 0.4388 56977.19164514821 1.5690580356377028e-05 -0.3962196981682093 0.05141974346536489 0.0 0.40222410165006295 3.431140842802884e-07 0.2952795085962474 0.01780193189974064 41.43843263761563 59.0 "Minimization exited successfully."
1310395 17 18 17 18 0 0.289 56980.68354347973 2.4896320617448494e-05 -0.7613607834495676 0.1083440422030364 0.0 0.23186124362109695 4.2037183641081356e-07 0.22442042234699633 0.014114410366536104 80.97439362060207 66.0 "Minimization exited successfully."
1312274 16 16 16 14 0 0.438 56977.03180271983 1.2633197008486917e-05 -1.3404977363328 -0.05552873070561078 0.0 0.5907105401129229 4.2792001217024015e-07 0.4603659734397142 0.027809610546365472 41.1320386351948 58.0 "Minimization exited successfully."
1313594 14 12 14 14 0 0.2883 57002.34907002062 4.630643727437369e-05 0.5434898705189636 -0.08985380658341313 0.0 0.1703463445919624 5.811185125922251e-07 0.1365874008287833 0.01084925964812174 30.146025645989084 50.0 "Minimization exited successfully."
1314897 14 11 14 15 0 0.3369 57301.31993872901 2.8570442336925256e-05 0.8451445333914541 0.03243647561242468 0.0 0.31007851039248635 7.634708557735748e-07 0.284743285879839 0.01935005624038661 50.506483655792245 50.0 "Minimization exited successfully."
1315192 9 7 12 10 0 0.2254 57008.75968930985 5.549005363201682e-05 0.8990141907689495 0.12443029566103636 0.0 0.17392775980260922 1.482010008615235e-06 0.19206349242550785 0.018058049451464876 32.52015295331878 34.0 "Minimization exited successfully."
1315259 10 10 11 13 0 0.228 57004.16482522416 4.722585094710038e-05 -0.5345775414749927 0.08032954381410728 0.0 0.17258732320988202 6.178706871839877e-07 0.13835671708331437 0.011016226376630679 43.436455898334756 40.0 "Minimization exited successfully."
1315296 12 14 13 14 0 0.4126 57005.10891831451 1.0932007196048493e-05 1.636976153749268 0.05522592245573644 0.0 0.6846238463003829 4.735482407068626e-07 0.677613189388602 0.03503710334150653 38.56798148643012 49.0 "Minimization exited successfully."
1316385 8 3 8 13 0 0.1478 57019.288616767866 0.00019722457111659116 1.2148749330049105 0.028990830010142753 0.0 0.14176586366374977 3.9795354206501155e-06 0.1236537729547112 0.012525838771862582 87.45928146046057 28.0 "Minimization exited successfully."
1316431 10 10 10 9 0 0.1981 57018.86703896289 9.711894493583444e-05 1.3607878628783872 -0.0323935730422972 0.0 0.07097253076790366 7.558626137065438e-07 0.083816439121111 0.0062285735331297646 90.770629952517 35.0 "Minimization exited successfully."
1316437 12 13 13 11 0 0.482 57010.52602384275 8.763932529984854e-06 -0.1143841002252891 0.0744775584821075 0.0 0.6773461181328457 4.0130469050359104e-07 0.5984265398666355 0.0388877048875693 62.47466409105057 45.0 "Minimization exited successfully."
1316465 9 11 10 11 0 0.3291 57021.50661920222 2.8593792025597748e-05 0.4719899114210385 -0.005763201903390318 0.0 0.07806554619673989 2.4425841146696084e-07 0.07820482771724517 0.0067597531242041785 66.5499732010507 37.0 "Minimization exited successfully."
1317164 9 5 6 15 0 0.1547 57297.051488553705 7.296738080470085e-05 -2.3982600019165212 0.11613390263752199 0.0 0.16721279092962504 2.1707870460544573e-06 0.15402636186072208 0.023240296775118335 94.5514631831527 31.0 "Minimization exited successfully."
1317277 13 12 13 14 0 0.2371 57007.39978543213 4.159387073763744e-05 -1.3744778727936755 0.04894150632993904 0.0 0.27710919993478456 8.446984414385822e-07 0.24094705366107078 0.01844433779249008 50.39130194073178 48.0 "Minimization exited successfully."
1317286 13 14 13 14 0 0.279 57015.30862836991 5.21215856253339e-05 0.6642997255746401 -0.06584328152300382 0.0 0.13640482158371015 4.723364732695177e-07 0.1281797985229112 0.007875649877274826 59.77367082079131 50.0 "Minimization exited successfully."
1317454 9 10 10 10 0 0.5688 57015.4630154779 8.005856841347646e-06 -0.15855445935035417 0.05753476416630911 0.0 0.632109050071449 2.9003122963202197e-07 0.5431708606203884 0.03433668539072936 30.728832279676205 35.0 "Minimization exited successfully."
1317666 10 12 12 13 0 0.1414 57301.24140145733 0.00010748119455755481 -0.03728253538688292 0.1369286406573212 0.0 0.0709486756422848 1.7851898490589014e-06 0.06072278744293786 0.010160394731610437 106.45647872113028 43.0 "Minimization exited successfully."
1319366 13 17 17 18 0 0.2361 57304.23691585638 6.991020529272985e-05 1.4970524866996537 0.008155300799168697 0.0 0.21019182940290193 8.480015459518058e-07 0.155635675030396 0.010154856481865948 144.25033476238025 61.0 "Minimization exited successfully."
1319821 13 10 13 13 0 0.3088 57020.49917994684 3.21449790908935e-05 -0.4003368467902083 -0.06853372215514171 0.0 0.16740513373952126 5.883577093201069e-07 0.1925696350376961 0.013553107380823258 33.021380690701974 45.0 "Minimization exited successfully."
1320166 10 10 10 9 0 0.449 57021.581078889234 1.2713648166139083e-05 0.28694950897122007 -0.035567355222838465 0.0 0.3960688961051346 4.6665416360454565e-07 0.4546814053757044 0.02699997760779419 39.69310323173578 35.0 "Minimization exited successfully."
1322229 7 8 7 7 0 0.5261 57033.92564371933 1.015003727439159e-05 1.1205213887299712 0.02671623526843416 0.0 0.5679721841333958 2.469194786575224e-07 0.5407603887919805 0.023464278787150496 15.104524507259306 25.0 "Minimization exited successfully."
1322979 7 9 9 10 0 0.5294 57038.97117127294 1.0458289480878308e-05 0.03689604041129318 -0.08367291663868992 0.0 0.22805198369678692 1.0882496214837883e-07 0.21142066680083385 0.009944129672617654 34.019250987075154 31.0 "Minimization exited successfully."
1324542 10 9 9 10 0 0.5415 57043.43700230167 8.342588873850887e-06 0.3746661651791551 -0.070941740070315 0.0 0.7172591761518561 2.931480031354862e-07 0.611411278667878 0.029156402925634074 44.48431967275961 34.0 "Minimization exited successfully."
