pipeline_outputs/des/salt2_2.4_4param_all.ecsv
# %ECSV 0.9
# ---
# datatype:
# - {name: cid, datatype: string}
# - {name: num_points, datatype: int64}
# - {name: z, datatype: float64}
# - {name: t0, datatype: float64}
# - {name: x0, datatype: float64}
# - {name: x1, datatype: float64}
# - {name: c, datatype: float64}
# - {name: z_err, datatype: float64}
# - {name: t0_err, datatype: float64}
# - {name: x0_err, datatype: float64}
# - {name: x1_err, datatype: float64}
# - {name: c_err, datatype: float64}
# - {name: chi, datatype: float64}
# - {name: dof, datatype: float64}
# - {name: b_max, datatype: float64}
# - {name: delta_15, datatype: float64}
# - {name: tmin, datatype: float64}
# - {name: tmax, datatype: float64}
# - {name: pre_max, datatype: int64}
# - {name: post_max, datatype: int64}
# - {name: message, datatype: string}
# meta: !!omap
# - {bounds: null}
# - {warn: false}
# schema: astropy-2.0
cid num_points z t0 x0 x1 c z_err t0_err x0_err x1_err c_err chi dof b_max delta_15 tmin tmax pre_max post_max message
1248677 59 0.3502 56554.33858892984 3.379933966824574e-05 0.9837279285975493 -0.1061254879008586 0.0 0.07198129510652507 2.5189251783391996e-07 0.07882362648337236 0.00504493069018428 408.41446769849534 55.0 21.67847966081005 0.8826434981990126 56538.281 56629.123 10 49 "Minimization exited successfully."
1250017 60 0.1817 56553.89481200426 0.00011412664453418394 1.066938674842776 -0.04666449051921961 0.0 0.06187290137313539 1.2278000847282537e-06 0.10147362652337946 0.006877184455696484 131.47956975662817 56.0 20.357643995335994 0.8664451678975205 56534.233 56616.08 19 41 "Minimization exited successfully."
1253039 74 0.4535 56574.910797965975 1.6509240579145846e-05 0.34242259668822284 -0.12418595243405567 0.0 0.2758779568794125 2.955882145254467e-07 0.25892620529544935 0.012958656986077947 82.96389818377313 70.0 22.456777742411624 0.9959840502797412 56547.268 56653.094 24 50 "Minimization exited successfully."
1253101 68 0.4596 56578.00756984093 1.4805134517182407e-05 1.3207041710285126 0.021017015564153255 0.0 0.41148282989888685 4.253969670069077e-07 0.34926796146065997 0.021211666513539305 83.1254511653193 64.0 22.574867433974056 0.8217938498568778 56543.092 56657.052 24 44 "Minimization exited successfully."
1253920 58 0.1956 56583.184329078955 0.00010137304696608095 -0.8249730778869732 -0.07603715803572732 0.0 0.06859726463881088 9.852597374285143e-07 0.07772269142088699 0.008110309541907303 177.6291772375849 54.0 20.487500234161026 1.2227693246671016 56559.19 56649.173 20 38 "Minimization exited successfully."
1255502 29 0.1482 56592.52139829434 0.0002248412794408882 1.0656524069536826 -0.03615561311241108 0.0 0.1166160956308886 6.354053612863624e-06 0.11582699145098588 0.01667854798643883 153.01338613086693 25.0 19.621463087803924 0.8662937372624739 56563.266 56653.077 8 21 "Minimization exited successfully."
1257366 40 0.2114 56611.899477218634 4.490801116572049e-05 -0.15679808405103435 0.15013711266073643 0.0 0.35542180949050817 1.7092330179465291e-06 0.326375963735788 0.027354829099127807 49.313134619656 36.0 21.370101759328314 1.0743145767616937 56590.341 56682.089 7 33 "Minimization exited successfully."
1257695 48 0.1838 56613.38583574631 0.00012863823432174567 0.3665370645930894 -0.09369636108640873 0.0 0.061985709788132226 1.0865208267535612e-06 0.06583751313006704 0.005928312262172818 210.1806433023337 44.0 20.227979500552916 0.9902521011662664 56590.025 56675.078 17 31 "Minimization exited successfully."
1258906 56 0.3492 56621.571296027345 2.0726012021664667e-05 -0.014149209808515828 0.0166627294911442 0.0 0.32182033917706576 7.902277047005094e-07 0.29956465072234667 0.02845965176622595 44.59013381646051 52.0 22.210766235008276 1.0549047884299476 56594.012 56695.038 18 38 "Minimization exited successfully."
1258940 70 0.4259 56619.50960735431 1.6170810408386936e-05 -0.1445196278365953 -0.0773735525961748 0.0 0.43464262651104946 6.792109111976127e-07 0.37407575092673384 0.030096197587566754 63.420114993341556 66.0 22.48006898052562 1.0847211008823372 56590.311 56697.043 23 47 "Minimization exited successfully."
1259412 47 0.3047 56624.35063362945 3.7203469780293696e-05 0.9534129799297074 -0.036125757194858915 0.0 0.13719404385483358 3.124798681960384e-07 0.11005705135746421 0.0068779787186424735 115.0017002339231 43.0 21.574804744612322 0.8852815426468084 56602.144 56697.078 11 36 "Minimization exited successfully."
1261579 40 0.3222 56638.48743214485 3.0307820055694476e-05 -0.19602875041753146 0.01032733340954552 0.0 0.08126490688300692 3.150127083821807e-07 0.09913008920663692 0.00792116050521648 42.49590407316366 36.0 21.79829779654188 1.0897818429656638 56615.111 56697.079 12 28 "Minimization exited successfully."
1262214 68 0.6894 56657.242774606384 5.771270309000387e-06 0.18513152242709208 -0.10608863409791913 0.0 0.33882153272861615 1.0073396771475564e-07 0.24242393203232684 0.017814052308804344 76.64899040059089 64.0 23.598239242243885 1.0239788441671251 56625.224 56698.051 30 38 "Minimization exited successfully."
1262715 46 0.6894 56660.1139985936 6.7972861058584865e-06 0.8635854699703829 -0.048557451716012834 0.0 0.3383124271313136 1.0715258731341867e-07 0.28036369177015624 0.015541950690101726 46.431740488088025 42.0 23.420460012496065 0.9010645549685492 56625.224 56697.09 21 25 "Minimization exited successfully."
1263369 36 0.3125 56665.74665574746 3.213234195730197e-05 0.181290297018466 -0.034799893652643375 0.0 0.26515286053472664 6.880554317727389e-07 0.2581065251686358 0.017295205897881995 23.563654350421828 32.0 21.734545878400183 1.0212545728573232 56645.136 56697.043 16 20 "Minimization exited successfully."
1263715 35 0.2919 56667.16728392744 3.890155876381739e-05 0.47964248876034354 -0.02874384398153263 0.0 0.19743956063393853 8.322657178330334e-07 0.2405761934147417 0.016314069173265038 23.112624831784615 31.0 21.52677809684249 0.9671322235241142 56645.05 56694.039 19 16 "Minimization exited successfully."
1275946 72 0.2321 57261.72538910412 8.02951542513321e-05 1.66087657212672 -0.05331604353339682 0.0 0.07261374986046576 8.043169556993299e-07 0.10258306371173391 0.006693842211015232 588.7047409669306 68.0 20.738662049982572 0.7678866001004216 57248.373 57329.035 15 57 "Minimization exited successfully."
1279500 45 0.235 57252.00335325598 5.960588701346091e-05 0.7472957354042972 -0.013062998714333807 0.0 0.23609238536300836 4.2231941294374407e-07 0.1139625417860736 0.0060140456483875684 155.35313482676682 41.0 21.063276739105103 0.919676255000887 57249.293 57319.287 4 41 "Minimization exited successfully."
1280217 63 0.359 57251.562981349336 2.057118407492997e-05 1.540839409204527 0.0980520345034154 0.0 1.3241704645952268 5.528465094562887e-07 0.5283770055970217 0.02258838191964474 131.6423453769436 59.0 22.2169650501087 0.7831586399706545 57248.388 57329.175 4 59 "Minimization exited successfully."
1281668 83 0.3071 57271.23019781218 3.8793493112162905e-05 0.21504114053253065 -0.09151706909514613 0.0 0.26033793317037635 7.662452199273373e-07 0.235215846144766 0.015229242993634755 109.6874543975283 79.0 21.52963996668189 1.0177711371596772 57248.373 57342.028 20 63 "Minimization exited successfully."
1281886 70 0.384 57268.17451077944 2.0846562530304933e-05 1.1733973839938872 -0.032002451891874735 0.0 0.39250351072769263 9.460911875402886e-07 0.41308131496366624 0.028945875218880503 72.25407089350445 66.0 22.20346875725003 0.8480589292362275 57248.388 57345.234 16 54 "Minimization exited successfully."
1282736 72 0.3689 57266.38197250333 1.4635627753432935e-05 -0.6988029564075204 0.12115390420595029 0.0 0.41573092947146506 7.171993966164561e-07 0.4140714723465539 0.03594106866964912 50.49241065001632 68.0 22.588120530397745 1.1825942909241078 57249.279 57346.032 15 57 "Minimization exited successfully."
1283373 61 0.2075 57268.33745442798 6.348752927539879e-05 -1.1656264354522377 -0.04225915224196727 0.0 0.2599032360158162 1.766784435782489e-06 0.1783681784770305 0.01794710684086597 149.48244134988386 57.0 20.995941222619766 1.2954260588148756 57249.423 57332.081 9 52 "Minimization exited successfully."
1283878 56 0.3135 57265.52839883796 2.473410417990297e-05 -0.8053164362294153 0.010335382290026987 0.0 0.4150728828499268 1.3750825621464357e-06 0.4563225277535294 0.038200148407483085 10.644894611579865 52.0 22.019291262149757 1.2125417403630436 57249.293 57339.187 13 43 "Minimization exited successfully."
1283936 85 0.369 57268.78145433498 1.0279623680510817e-05 0.11313828399246578 0.20667323197085435 0.0 0.6367229095340008 7.265561116689304e-07 0.5942148655915415 0.05461649519785722 48.50405674489988 81.0 22.96970511762774 1.0213652809055702 57248.373 57347.084 20 65 "Minimization exited successfully."
1285160 72 0.7493 57272.99054383005 4.859296994081635e-06 -0.0035621051139590604 -0.09715289584058445 0.0 0.4060052907370846 1.1518632503076687e-07 0.2508128185751291 0.021155528125946607 90.10084322598362 68.0 23.78520475023626 1.0588403585197241 57249.403 57372.178 12 60 "Minimization exited successfully."
1285317 92 0.5649 57268.5279303254 9.229756376815265e-06 0.10563634432315666 -0.06420192674923474 0.0 0.612752432742127 3.7492625051330195e-07 0.5434492776803959 0.031858527979660003 70.52638697348436 88.0 23.08884453137729 1.03668666579809 57248.373 57356.127 20 72 "Minimization exited successfully."
1286398 52 0.1503 57270.950811392664 0.00010474152495309538 -1.7773355048285628 -0.008758549699790326 0.0 0.19604009119939292 3.1595353054504615e-06 0.12821206462490614 0.020169375351971705 106.36079540044435 48.0 20.4527038239047 1.4398948560224945 57249.293 57331.145 13 39 "Minimization exited successfully."
1287626 23 0.304 56682.68202201725 3.511198744567663e-05 0.12334738718773716 0.00951357944574143 0.0 0.3602958420306095 6.307325500372269e-07 0.3531559278543234 0.015179285587462708 20.968371396542302 19.0 21.638337960455925 1.0297216111712792 56653.047 56697.072 16 7 "Minimization exited successfully."
1289288 81 0.2897 57273.56015542043 2.492518300891887e-05 -1.2938470703977825 0.08027154150396591 0.0 0.6243526711805316 8.571444690980237e-07 0.45753075443938035 0.03001009607342496 56.71398729639573 77.0 22.01079898071744 1.314581009614514 57248.373 57347.084 19 62 "Minimization exited successfully."
1289555 79 0.5588 57275.286507332734 1.099067920777129e-05 0.447716862429738 -0.11960889936009313 0.0 0.8312595889437944 4.721012985302851e-07 0.5085717131918722 0.03678014824963847 77.01454824762351 75.0 22.89850769002268 0.9767698243147542 57248.388 57365.115 16 63 "Minimization exited successfully."
1289600 64 0.4196 57283.0424794475 1.2474642785785956e-05 1.3387177109243624 0.03987699454791344 0.0 0.35078146401792765 2.3318686917888087e-07 0.26156442852036016 0.015850943055125497 129.04753655018288 60.0 22.76073818618189 0.818203108768305 57253.285 57365.221 12 52 "Minimization exited successfully."
1289656 75 0.5394 57269.86652050637 9.006496249011484e-06 -0.03789345457510337 -0.03463724754772021 0.0 0.765867287900619 4.854023284997732e-07 0.568300941710383 0.04305132948802494 61.22826882082913 71.0 23.11566253193113 1.0620881863776788 57249.423 57355.245 10 65 "Minimization exited successfully."
1289664 64 0.2491 57279.41286862578 4.975091691457601e-05 -1.3176148403896142 0.006979210856020566 0.0 0.1900013597914949 6.33666847730305e-07 0.13854832623573993 0.010581937818862106 179.13541111362406 60.0 21.26078571065673 1.3263069974265314 57252.303 57345.234 17 47 "Minimization exited successfully."
1290779 44 0.3895 56891.824112951756 1.714824909508217e-05 -0.6114734171701655 -0.04644624431201741 0.0 0.5791104761410679 3.862842745503899e-07 0.37771850543016355 0.01851833701496903 48.64700042375597 40.0 22.416808081150137 1.1759000334496221 56887.39 56973.322 8 36 "Minimization exited successfully."
1290816 40 0.2185 56891.62003059113 6.261092370652864e-05 1.4098308957484311 0.02152505908436081 0.0 0.2784376498639176 5.611410689364317e-07 0.15537251768189952 0.007546666885222278 211.0170753601139 36.0 21.009167991380664 0.8070542160749241 56887.39 56960.278 8 32 "Minimization exited successfully."
1291080 52 0.4438 56888.046349336655 1.1062900759237214e-05 -1.7069377626895106 0.04101731738010252 0.0 0.0016630976424494293 4.2695202650142406e-07 0.5066990456145319 0.03620942888776732 64.58021899683138 48.0 22.893177438591227 1.4170995501769568 56887.268 56973.078 4 48 "Covariance may not be accurate."
1291090 51 0.292 56905.210486930366 4.7609114525672926e-05 1.2450536939307073 -0.07308320632982529 0.0 0.14080134603500483 1.1383222259647047e-06 0.1883591752583815 0.015240373520035379 122.19963304254178 47.0 21.30654713755739 0.8374344237068776 56887.211 56973.028 12 39 "Minimization exited successfully."
1291794 72 0.3951 57277.98638180309 1.8335034442610483e-05 -0.021687849758057324 0.025428889200008537 0.0 0.6670017828619166 6.334199761621659e-07 0.47091517068353256 0.028833699479391083 44.60424500664256 68.0 22.34383217394971 1.0558517229757278 57252.289 57356.174 22 50 "Minimization exited successfully."
1291957 60 0.36 56905.53402678849 2.4296055626254958e-05 0.5461200631794765 -0.025964648476983335 0.0 0.2636926262675843 8.879081160156784e-07 0.2543651605508304 0.02360473298145991 106.13659220374906 56.0 22.03780958470705 0.9552631694471749 56877.179 56980.031 16 44 "Minimization exited successfully."
1292145 73 0.4925 57274.213776683886 6.765793137979307e-06 0.6940073360040122 0.12616312789793827 0.0 0.9336701217216614 4.1853076255250846e-07 0.6770582089594079 0.0559951816653431 46.08837036340833 69.0 23.424855472070654 0.9231234534839245 57252.289 57356.174 15 58 "Minimization exited successfully."
1292195 81 0.8293 57281.074329555406 2.9973957158912973e-06 0.15625436814003613 -0.0013077470482013877 0.0 0.8038289768992399 9.694615181198052e-08 0.40761831260655207 0.03964466950593415 96.4410201227762 77.0 24.310103899565814 1.0242080234986766 57249.403 57389.163 16 65 "Minimization exited successfully."
1292332 49 0.2735 56901.26928305724 5.382625971435682e-05 0.41469921279245736 -0.08697409943729022 0.0 0.18748599495665985 1.0922110029861179e-06 0.21105507954769018 0.016300355145063776 66.85732296697952 45.0 21.173941451402193 0.9812776745877834 56890.328 56973.19 5 44 "Minimization exited successfully."
1292336 49 0.2336 56901.853279301264 4.642174491588722e-05 -0.16396915917312807 0.06007848800461266 0.0 0.20024693859159015 1.0164902151114497e-06 0.18678330559260184 0.01653136081805179 123.84265701675173 45.0 21.335150362601883 1.0808296219091211 56890.328 56973.19 5 44 "Minimization exited successfully."
1292560 48 0.2248 56904.62108496278 8.154048326351129e-05 0.39692611822261287 -0.10435922955174595 0.0 0.1926697122398764 1.2169273208013636e-06 0.12204878028949784 0.011262983054975839 137.267607397956 44.0 20.72284435752081 0.9852408017381329 56890.263 56973.042 7 41 "Minimization exited successfully."
1293319 57 0.2969 56913.09522775994 3.997513709358278e-05 1.9698186515083427 0.008959053253716669 0.0 0.23819708918745164 7.640101322982698e-07 0.2151395219346232 0.013180496531555825 146.66338062139306 53.0 21.495554753746724 0.7151663902647662 56887.268 56980.072 12 45 "Minimization exited successfully."
1293758 35 0.1472 56915.78893970739 0.0001341274400279474 -1.3417767913437633 -0.04700733600489042 0.0 0.1464878213191696 1.6591684486033427e-06 0.11477600190172042 0.011823208814532724 204.22745888595995 31.0 20.183933721684234 1.3365279808234476 56891.384 56980.044 9 26 "Minimization exited successfully."
1294014 39 0.3627 56919.315712300624 2.439763828228036e-05 0.4643259930513664 -0.025129669462992145 0.0 0.5020011900087411 1.0735680663451564e-06 0.37455565974930577 0.031504293859844205 60.96546430595401 35.0 22.033346435028037 0.9696923637184405 56890.386 56990.199 9 30 "Minimization exited successfully."
1294743 47 0.3126 56912.528792129306 1.560634681416219e-05 -0.40946480869421514 0.2308535294619406 0.0 0.4101256194880989 6.723383182818543e-07 0.361428554488442 0.029962959549537156 56.126998139321145 43.0 22.516154296950738 1.1176194500758356 56890.285 56980.127 7 40 "Minimization exited successfully."
1295027 71 0.4254 56910.28251021506 1.5248752372839925e-05 -0.3398356043131069 -0.01871234164032492 0.0 0.578189350606408 9.157774309625725e-07 0.4803672408554001 0.04410475145468027 39.17793630389606 67.0 22.54419100260256 1.1194512850300598 56887.268 56992.069 12 59 "Minimization exited successfully."
1295256 60 0.4425 56928.18207331543 1.53361476287897e-05 -0.11715270104286202 -0.06200302026897985 0.0 0.3763698262991966 3.912689533415349e-07 0.3500137083040123 0.01670180398539049 72.32262217122131 56.0 22.53769196028752 1.0786321046027751 56904.295 57012.089 14 46 "Minimization exited successfully."
1295305 63 0.6117 56916.183885115934 6.786782336563154e-06 -0.035260684071199186 -0.04622108437480923 0.0 0.4987713820228237 1.9647606520402095e-07 0.3135349858597202 0.02299697856544917 74.90865806050738 59.0 23.422848683111418 1.0621999703826006 56890.285 57005.143 10 53 "Minimization exited successfully."
