pipeline_outputs/des/salt2_2.4_5param_blue.ecsv
# %ECSV 0.9
# ---
# datatype:
# - {name: cid, datatype: string}
# - {name: num_points, datatype: int64}
# - {name: z, datatype: float64}
# - {name: t0, datatype: float64}
# - {name: x0, datatype: float64}
# - {name: x1, datatype: float64}
# - {name: c, datatype: float64}
# - {name: z_err, datatype: float64}
# - {name: t0_err, datatype: float64}
# - {name: x0_err, datatype: float64}
# - {name: x1_err, datatype: float64}
# - {name: c_err, datatype: float64}
# - {name: chi, datatype: float64}
# - {name: dof, datatype: float64}
# - {name: b_max, datatype: float64}
# - {name: delta_15, datatype: float64}
# - {name: tmin, datatype: float64}
# - {name: tmax, datatype: float64}
# - {name: pre_max, datatype: int64}
# - {name: post_max, datatype: int64}
# - {name: message, datatype: string}
# meta: !!omap
# - bounds:
#     z: [0.01, 0.9]
# - {warn: false}
# schema: astropy-2.0
cid num_points z t0 x0 x1 c z_err t0_err x0_err x1_err c_err chi dof b_max delta_15 tmin tmax pre_max post_max message
1248677 30 0.4701998627731272 56555.61321769756 2.728218219799729e-05 1.0768502978482153 -0.03714833521884028 4.337283216582222e-06 4.1458326450083405e-05 2.753665549701013e-07 0.09466930632880691 0.012050409054744773 90.11471899885174 25.0 21.91144084079848 0.8644421024825668 56538.34 56629.123 5 25 "Minimization exited successfully."
1250017 16 0.43383361169611756 56555.343331781165 1.053691900617336e-09 -0.7729216800765708 26.22425521724887 0.0013363815617634667 0.15248040517326444 1.109972083952973e-10 0.1438656104499104 0.202755773743124 52.85900446525616 11.0 12.239903550249378 0.5182270290405793 56534.235 56616.075 6 10 "Covariance may not be accurate. Covariance not positive definite. Covariance forced positive definite."
1253039 18 0.4679884115310626 56575.769823653616 2.113220934074777e-05 0.546748849511269 -0.3627122865943164 2.850907897311572e-06 0.0011768759686674457 6.416725914546658e-06 0.5713884610937959 0.37123618975324973 8.016889203371065 13.0 22.18272529020107 0.9687766777342048 56547.272 56653.09 7 11 "Covariance may not be accurate."
1253101 18 0.3816007562766317 56576.52073481665 1.579830420078206e-05 1.1551864120134714 0.02618841254227303 0.16409187587802843 3.761732176040823 4.067108351088853e-06 2.778248720002149 0.23051509175583254 30.277690360654947 13.0 22.504537447309477 0.8491112652000261 56543.096 56657.05 6 12 "Covariance may not be accurate. Covariance not positive definite. Covariance forced positive definite."
1253920 15 0.6334258219470871 56591.30346275789 2.994933548598567e-07 3.7932365593821267 -5.517681531295852 0.0051775831795746186 0.3034786880198226 1.7224084076690346e-07 0.5266320371744039 0.549602844315289 66.69734397059884 10.0 25.428989006597853 0.37317754147492366 56559.193 56649.168 6 9 "Minimization exited successfully."
1255502 10 nan nan nan nan nan nan nan nan nan nan nan nan nan nan nan nan 0 0 "result is NaN User function arguments:      z = +0.898629     t0 = +56626.845615     x0 = +538807.299871     x1 = +43.135779      c = -92.012627"
1257366 8 0.29241272379384164 56610.48218524018 5.122005792082532e-08 -3.02606873099533 8.976828411110361 0.010562107578715563 0.004341619420301868 3.5476371724634174e-08 0.6754638477527127 0.7769617289960173 1.7404392852453672 3.0 24.60419552792558 0.8497988711491402 56590.343 56675.102 1 7 "Covariance may not be accurate."
1257695 11 0.4295730520989357 56615.59073998885 2.0965259320241908e-11 -0.37268008630095 32.85638841004128 0.0010507363438047312 0.15107674319006037 2.6462307951993965e-12 0.1393476104371894 0.20709255910383417 64.53657724659264 6.0 9.438566892484456 0.607015019591655 56590.027 56675.074 4 7 "Covariance may not be accurate. Covariance not positive definite. Covariance forced positive definite."
1258906 28 0.4502659214326166 56622.54642726722 1.909464243422146e-05 0.12194938345723176 -0.07085019216006488 2.8168317933757736e-05 0.43965345793913 8.494678428551346e-07 0.3909238188498021 0.055499838563837646 13.89855158072736 23.0 22.299487088624964 1.0339826987382992 56594.015 56695.035 9 19 "Minimization exited successfully."
1258940 35 0.48932605802315265 56620.28453933997 1.414289065811242e-05 0.15602722656398016 0.042966899962301366 0.030968500718262043 0.6329306982916023 7.093497184366445e-07 0.5056428468865275 0.0671525179135527 28.936857929325853 30.0 22.62549890690277 1.0220390101929588 56590.313 56697.041 12 23 "Minimization exited successfully."
1259412 11 0.364193898568265 56625.400524463825 3.072321025109076e-05 1.7255461125211717 0.2502043252520954 0.037333953743388965 1.1659362375503406 2.147391252647137e-05 0.6777958326345398 2.1087553465108617 1.9114675844888696 6.0 21.778316433133643 0.748478931507222 56603.052 56693.052 2 9 "Minimization exited successfully."
1261579 10 0.4601972253090062 56640.17708765495 2.487165325450103e-05 0.18423497180383666 0.15614322187162277 0.08935548894449749 0.4021289025149599 6.349525179127255e-06 0.7301368425346947 4.28118289115705 8.771913545426138 5.0 22.011325230048584 1.0111725120087556 56616.087 56693.049 3 7 "Minimization exited successfully."
1262214 23 0.6004894422784011 56654.34077852755 3.3013179331659196e-07 -1.3631285302542497 5.0069214808754765 0.016343191169382987 0.7320586013302091 9.29860482845305e-08 0.37005363065900626 0.4258045234907359 27.859332655436347 18.0 25.313292305633443 0.8864584363722336 56625.281 56698.051 10 13 "Covariance may not be accurate. Covariance not positive definite. Covariance forced positive definite."
1262715 25 0.6261827057703118 56662.86933882641 5.095629171431551e-05 2.8297817284265463 -8.32856013763659 0.03581368888038422 2.2763746503442235 9.128193881324669e-05 2.0180335562738123 12.223933137431493 1.8824136536357003 7.0 18.29480191145906 0.5791230396926004 56625.228 56697.09 14 11 "Minimization exited successfully."
1263369 9 0.43737897900788664 56664.986773571276 2.001778104588292e-06 -1.7409411678557853 8.969060915238972 0.019554428565945248 0.8275521147188556 4.318432303726554e-06 0.5908016879361119 4.648751599473994 1.5900361050051885 4.0 20.63628082932102 0.7286206722799555 56645.138 56697.039 4 5 "Minimization exited successfully."
1263715 9 0.7643686861050023 56672.36840054848 3.167893710146366e-05 0.07741189995660093 -0.24011134954447433 0.051515129941228976 0.9010864140873309 2.6851070386198546e-05 0.7413354075908962 0.7940665340547698 6.741080013018742 4.0 21.747254611923537 1.0505346991135056 56645.052 56694.034 5 4 "Minimization exited successfully."
1275946 18 0.42743494945006666 57262.89584732732 1.8529589225828548e-11 0.6119720502411493 32.16289360577388 0.0028671520811744955 0.24054384597184253 1.2506040968124569e-11 0.277655535473572 1.329464893582209 18.883365124098674 13.0 10.310155773451177 0.6125624716255853 57248.375 57329.031 4 14 "Reached call limit. Covariance may not be accurate."
1279500 12 0.366076106498326 57250.811610948345 5.410593378860343e-06 2.375819080240698 4.940999633553762 0.6184404485387012 121.4081091289554 1.1660276838253876 1.0000009999995 1.1685454307998344 14.440014465854627 7.0 22.306853901950777 0.500214414469653 57249.302 57319.114 1 11 "Covariance may not be accurate."
1280217 32 0.3766127561573849 57251.3633853551 1.9781412973402785e-05 1.9514728330358113 0.07602347624972365 0.018575156208433558 3.4968681742539047 9.831198681475153e-07 1.5100119516163797 0.06664168541787122 76.52062890932982 27.0 22.259081970513485 0.7164423959168644 57248.391 57329.173 2 30 "Minimization exited successfully."
1281668 20 0.41073680688271413 57272.04399241913 1.176040122364486e-06 -0.35255328323635704 8.846153540177944 0.00745846647975415 0.5504547369164356 2.950649949905608e-07 0.43778956140372793 0.5005991611753773 9.485465442727044 15.0 21.317201261365163 0.6124465970398241 57248.375 57342.024 5 15 "Covariance may not be accurate. Covariance not positive definite. Covariance forced positive definite."
1281886 36 0.4752045400172964 57268.718499098606 1.76489340414526e-05 0.7038203743078237 0.16075271140243905 0.05972090904401567 1.0652971110321232 1.4905469889793153e-06 0.5899472371406822 0.1071440044919339 30.40418441153291 31.0 22.38330963387888 0.9199810359960701 57248.391 57345.231 8 28 "Minimization exited successfully."
1282736 35 0.3407632068609903 57266.260349016935 1.4408825937111701e-05 -0.6686346676432646 0.17562183430773087 0.028618379558504187 0.6461412455428217 1.1996346110449338e-06 0.5704519292254426 0.07841061631847845 29.01284100827553 30.0 22.604185661690433 1.1726451718072504 57249.281 57346.029 7 28 "Minimization exited successfully."
1283373 13 0.40888236917611676 57269.49177164579 5.644189317439159e-08 0.03401700293176692 15.114839214047691 0.0043040101483839965 0.8021177554037422 1.2445129191061706e-08 0.394725233172046 0.3932715729117356 5.865290409565608 8.0 19.099406357216935 0.4763801105193082 57265.366 57332.077 1 12 "Covariance may not be accurate. Covariance not positive definite. Covariance forced positive definite."
1283878 15 0.4257814736871956 57266.63248912972 4.4216177050802644e-10 -1.718834228263929 24.105759267524995 0.011324826380816333 1.0000341615195794 4.042516694495671e-10 1.1413200883844528 1.7191010758587186 1.5024734301257672 10.0 15.392677807657149 0.5062961355449964 57249.305 57339.187 3 12 "Covariance may not be accurate. Covariance not positive definite. Covariance forced positive definite."
1283936 42 0.4185102530307483 57268.02286292507 1.0690831943711505e-05 -0.48999640045821147 0.1160257069145077 0.07117801846352839 0.9795430245467287 1.2321507097926236e-06 0.8281766779232447 0.09146770506978104 19.03728357430689 37.0 22.929072819370965 1.140816450589849 57248.375 57347.081 10 32 "Minimization exited successfully."
1285160 17 nan nan nan nan nan nan nan nan nan nan nan nan nan nan nan nan 0 0 "No bands in data overlap the model."
1285317 23 0.5465915905828219 57269.75151502264 3.383940292794988e-05 0.6568296071459858 -2.4296504582845664 4.143810636902945e-06 0.00016000349933165126 1.4929276875459321e-05 0.7080451046632273 0.9169102159988137 9.940362113359777 18.0 21.39762496726665 0.9930956226267504 57248.378 57356.125 5 18 "Covariance may not be accurate."
1286398 26 0.1867437863040358 57271.80788698992 9.578677658414136e-05 -1.3348991574039974 -0.03702630323791609 1.5743119429478813e-06 0.00018909799473476596 2.061288878108325e-06 0.13990433566106317 0.027961585519663528 14.998670768426388 21.0 20.549496499657998 1.334068894405494 57249.293 57331.145 6 20 "Covariance may not be accurate."
1287626 5 0.34159253476329593 56684.01005160708 2.827500743998222e-05 -1.2685704973134804 0.5533605709418639 0.06473499524193843 1.0404837359164958 6.595291883311066e-06 0.7875049886523411 0.5637364821590601 0.014935655174944273 0.0 21.85783153536244 1.2672457602219112 56660.105 56697.068 3 2 "Covariance may not be accurate. Covariance not positive definite. Covariance forced positive definite."
1289288 19 0.43982554753280806 57273.050393911435 1.210876704029449e-07 -2.0690275755606184 14.86711696667495 0.011405143914400673 1.265193457409623 7.570102039393844e-08 0.9040234190855582 1.3480415104696504 8.20414887643022 14.0 18.495444167873735 0.5857588363140778 57248.375 57347.079 3 16 "Covariance may not be accurate. Covariance not positive definite. Covariance forced positive definite."
1289555 20 0.48301589989172444 57273.38703927265 5.010990919565368e-07 -0.2742480280500262 3.499767889699342 0.059727892866959564 1.5196543923084391 3.374547699476971e-07 1.082614598605571 0.7078913712653974 14.843172795396317 15.0 25.568939997716022 0.8637119306529542 57248.393 57365.112 4 16 "Covariance may not be accurate. Covariance not positive definite. Covariance forced positive definite."
1289600 34 0.39355323960954003 57283.14370873398 1.2362343020451415e-05 1.2720680715359112 0.08928557481690583 0.01875350092517214 0.41216485774930334 3.785242524540356e-07 0.3249509986599479 0.04056357963569861 81.26051502100349 29.0 22.77027306032381 0.827567579427587 57255.37 57365.221 6 28 "Minimization exited successfully."
1289656 19 0.5051806780930799 57268.740842338004 5.696604816120843e-09 -2.3195515383049425 8.128958869932484 0.021019639697102632 1.1474092978896806 3.941559080814576e-09 1.2260481552548097 0.6837319809128549 7.455563952173369 14.0 27.650981724184152 0.8180853296248713 57255.415 57355.242 2 17 "Covariance may not be accurate. Covariance not positive definite. Covariance forced positive definite."
1289664 17 0.31808592525747204 57279.46337558776 3.031403102426465e-05 -0.6953606830560198 0.8839582871225183 0.5921002946541496 139.15107819442346 1.0082585673063178 1.0000009999994999 1.0583093259762133 36.55613615129329 12.0 21.75633565177229 1.124803967866228 57252.305 57345.229 5 12 "Covariance may not be accurate."
1290779 22 0.42265708045826245 56892.14146781086 1.61558394269747e-05 -0.8659083027754967 -0.028921251954067365 0.02200436289764579 0.6864053111457906 7.427492918623204e-07 0.5632295499703092 0.04974623417748866 11.47968954565242 17.0 22.481727662715283 1.2282389421921742 56887.393 56973.319 4 18 "Minimization exited successfully."
1290816 10 0.3851196656582394 56891.01707191172 4.60718720889797e-06 4.146191786903461 5.847957459414571 2.987111788477215e-08 1.6473059076815844e-06 1.5217640237442072e-06 0.41465240604895254 0.6012065934997592 20.476788490270447 5.0 21.900672131426365 0.218048230973384 56887.393 56960.273 1 9 "Covariance may not be accurate."
1291080 13 0.5059450950128404 56891.29685665173 1.4774651583055283e-07 -4.882279937388219 5.116099332513286 0.011913660851229885 1.0553546157425444 4.3882198972735373e-07 1.0792281798580232 3.096504353104094 13.824643024099672 8.0 26.129437434918984 1.362348847557893 56887.272 56973.077 1 12 "Minimization exited successfully."
1291090 13 0.4269010233033313 56906.02906828923 8.389339194037786e-11 -0.05400986409183803 28.56948997928862 0.0029546737546380097 0.4471728487878863 2.2262013806845157e-11 0.3770399848930962 0.47417550976829637 4.771350436497395 8.0 12.509888421700754 0.5543227719819157 56887.213 56973.023 3 10 "Covariance may not be accurate. Covariance not positive definite. Covariance forced positive definite."
1291794 37 0.32138520007458754 57277.53555171387 2.3342005238313406e-05 -0.16211382064709753 -0.1546967399035835 0.060195937619006434 1.1970784282420937 2.1664444691422062e-06 0.7689859117812687 0.08720204611240828 20.198578004440726 32.0 22.080684371143096 1.0922828145454382 57252.291 57356.172 12 25 "Minimization exited successfully."
1291957 29 0.3579169761780737 56905.22234407367 2.5951261802818004e-05 0.2217854402472645 -0.07908058999509808 5.083557260199267e-06 1.58227194333449e-05 5.394598829853456e-08 0.014496790423907831 0.0025883806328500583 60.398275262129914 24.0 21.96623919665282 1.0159431935604033 56877.181 56980.028 8 21 "Covariance may not be accurate."
1292145 19 0.5124054516825024 57278.23633010361 0.00017365363386806794 4.136377757953451 -5.950050468350254 0.025429272761844063 1.5131381915562088 0.00015342957672805898 2.334328395471778 2.0181900827585624 8.342999366288545 14.0 18.295368879334934 0.34564996139362947 57252.293 57356.172 6 13 "Covariance may not be accurate. Covariance not positive definite. Covariance forced positive definite."
1292195 19 nan nan nan nan nan nan nan nan nan nan nan nan nan nan nan nan 0 0 "No bands in data overlap the model."
1292332 12 0.4406091245552293 56902.20974358734 6.532916338529921e-14 -1.3312216570344988 44.52183233137405 0.0013320819336908318 0.4253606684760598 2.1241735420172107e-14 0.771323738219394 0.3019275272766686 3.8318974856503547 7.0 2.9957723436523693 0.7623424719801957 56890.331 56973.185 1 11 "Covariance may not be accurate. Covariance not positive definite. Covariance forced positive definite."
1292336 12 0.4005872865459113 56904.7020498615 2.5498087245386843e-07 0.5246951499716994 11.358633793541161 0.008305604162221009 0.47990192487850436 8.860810824648081e-08 0.5350784885241616 0.6221298510873661 3.3107028694478293 7.0 20.891009780132617 0.4915081490825699 56890.331 56973.185 2 10 "Covariance may not be accurate. Covariance not positive definite. Covariance forced positive definite."
1292560 11 0.3950602535102668 56903.285411526835 3.1416540744216483e-06 2.2684886277620624 7.322164685742057 0.6167440969617188 4.914618524780963 0.998319800361682 1.0635353919461037 1.0284075858759854 4.19636837398313 6.0 21.40146648335577 0.42803076900054293 56903.225 56973.038 1 10 "Covariance may not be accurate."
1293319 14 0.4470605997801222 56913.283497010634 1.683923095960131e-07 0.17087382959419065 15.553860372715553 0.00482952959965563 0.4444400590436999 3.560279594842114e-08 0.3267438576848464 0.4688271830210121 2.955900191515505 9.0 17.496032042409816 0.4666506722249686 56887.27 56980.068 3 11 "Covariance may not be accurate. Covariance not positive definite. Covariance forced positive definite."
