pipeline_outputs/des/salt2_2.4_4param_blue.ecsv
# %ECSV 0.9
# ---
# datatype:
# - {name: cid, datatype: string}
# - {name: num_points_desg, datatype: float64}
# - {name: num_points_desr, datatype: float64}
# - {name: num_points_desi, datatype: float64}
# - {name: num_points_desz, datatype: float64}
# - {name: num_points_desy, datatype: float64}
# - {name: z, datatype: float64}
# - {name: t0, datatype: float64}
# - {name: x0, datatype: float64}
# - {name: x1, datatype: float64}
# - {name: c, datatype: float64}
# - {name: z_err, datatype: float64}
# - {name: t0_err, datatype: float64}
# - {name: x0_err, datatype: float64}
# - {name: x1_err, datatype: float64}
# - {name: c_err, datatype: float64}
# - {name: chi, datatype: float64}
# - {name: dof, datatype: float64}
# - {name: message, datatype: string}
# meta: !!omap
# - bounds:
#     c: [-0.5, 1]
#     t0: [51900, 57420]
#     x0: [0, 0.05]
#     x1: [-5, 5]
# - {modelcov: true}
# - {warn: false}
# schema: astropy-2.0
cid num_points_desg num_points_desr num_points_desi num_points_desz num_points_desy z t0 x0 x1 c z_err t0_err x0_err x1_err c_err chi dof message
[from data line 194]
1343337 0 8 8 0 0 0.3389 57394.27271715282 1.6041767077104585e-05 1.09444246956288 0.2656810537513239 0 0.867323420712637 1.2018871053703927e-06 0.9421837732424372 0.07276665444885816 8.479962754989998 12 "Minimization exited successfully."
1343401 0 6 6 6 0 0.3829 57394.94292158226 2.4791875983062875e-05 1.0467794640091412 -0.026782446958155015 0 0.9067391744174529 1.4516534723812976e-06 0.8470129877782147 0.0601714805129861 2.5774581305876754 14 "Minimization exited successfully."
1343533 0 8 8 8 0 0.368 57390.01814169676 1.5458409432705933e-05 -1.0435892808800062 0.022996110710264972 0 1.224047822299326 1.825178293249351e-06 1.3408264990936065 0.11944941461531652 2.2885143446624765 20 "Minimization exited successfully."
1343759 0 0 7 8 0 0.508 57394.56729241487 1.343697281983025e-05 -0.8370320337851354 -0.09583976114625603 0 0.4718260499757889 8.812984230735515e-07 0.5914886369778329 0.05971761403651063 7.147380489134662 11 "Minimization exited successfully."
1343871 0 0 7 7 0 0.6379 57392.08387047371 5.738364185098322e-06 2.2759996334793566 0.038665938289320856 0 2.1385349692282034 7.56024622261542e-07 1.9518940284657305 0.14949388729649066 5.720486668460357 10 "Minimization exited successfully."
1344692 0 7 7 7 0 0.3795 57395.13463980717 8.394086471261164e-06 -0.37224752840209163 0.26671893379192013 0 1.7313281684473623 1.0711973356572478e-06 1.6209259943585974 0.1272905748902864 5.9568972477720665 17 "Minimization exited successfully."
1345553 0 6 6 0 0 0.3189 57394.236400547314 3.4431242826185594e-05 0.5268551742166228 -0.11319363056219778 0 0.7212413137349358 2.0892596055602203e-06 0.795840554561928 0.06128061413866409 6.22557442652343 8 "Minimization exited successfully."
1345582 0 0 7 7 0 0.4588 57397.66730450752 1.4797532053328899e-05 -0.7584042331755061 -0.060598595164907176 0 1.3845819024827506 2.56918679581164e-06 1.612284959361228 0.15056616541505397 7.280512238148887 10 "Minimization exited successfully."
1345594 0 5 6 6 0 0.4224 57397.343464871396 2.005536726384649e-05 -1.5993126235153103 -0.10218108517516122 0 1.7173087326445966 1.8012624691213224e-06 1.7006151361532695 0.09365606818198383 4.371827172704548 13 "Minimization exited successfully."
1346137 0 7 7 7 0 0.3635 57403.569264641235 2.0391858996365864e-05 1.1998272005904367 0.07412673237506251 0 0.9161615326302126 1.466415280522436e-06 0.7614037894668368 0.07348393704240641 3.226079492600524 17 "Minimization exited successfully."
1346387 0 7 6 0 0 0.3445 57394.6582448665 1.7254636715610674e-05 -2.12273677189755 -0.018982163281662467 0 0.2774981245493109 8.207747751384775e-07 0.43748240156937657 0.0496308108081597 4.057738939783546 9 "Minimization exited successfully."
1346956 0 5 5 0 0 0.3335 57413.63842825244 3.0828363253598835e-05 2.3864837203600766 0.04072780248721397 0 0.7852617010757967 2.6128120130308744e-06 0.9388856675357209 0.06967957181816484 2.172413398007726 6 "Minimization exited successfully."
1346966 0 7 7 0 0 0.3355 57407.46994509662 3.443875281702591e-05 0.5908570763738732 -0.01038535062785595 0 0.7360159309064329 2.11845625125995e-06 0.7090641751004996 0.06311743241636658 4.780153132045246 10 "Minimization exited successfully."
