pipeline_outputs/des/salt2_2.4_4param_all.ecsv
# %ECSV 0.9
# ---
# datatype:
# - {name: cid, datatype: string}
# - {name: num_points_desg, datatype: int64}
# - {name: num_points_desr, datatype: int64}
# - {name: num_points_desi, datatype: int64}
# - {name: num_points_desz, datatype: int64}
# - {name: num_points_desy, datatype: int64}
# - {name: z, datatype: float64}
# - {name: t0, datatype: float64}
# - {name: x0, datatype: float64}
# - {name: x1, datatype: float64}
# - {name: c, datatype: float64}
# - {name: z_err, datatype: float64}
# - {name: t0_err, datatype: float64}
# - {name: x0_err, datatype: float64}
# - {name: x1_err, datatype: float64}
# - {name: c_err, datatype: float64}
# - {name: chi, datatype: float64}
# - {name: dof, datatype: float64}
# - {name: message, datatype: string}
# meta: !!omap
# - {bounds: null}
# - {warn: false}
# schema: astropy-2.0
cid num_points_desg num_points_desr num_points_desi num_points_desz num_points_desy z t0 x0 x1 c z_err t0_err x0_err x1_err c_err chi dof message
1248677 13 13 17 16 0 0.3502 56554.33858892984 3.379933966824574e-05 0.9837279285975493 -0.1061254879008586 0.0 0.07198129510652507 2.5189251783391996e-07 0.07882362648337236 0.00504493069018428 408.41446769849534 55.0 "Minimization exited successfully."
1250017 14 16 15 15 0 0.1817 56553.89481200426 0.00011412664453418394 1.066938674842776 -0.04666449051921961 0.0 0.06187290137313539 1.2278000847282537e-06 0.10147362652337946 0.006877184455696484 131.47956975662817 56.0 "Minimization exited successfully."
1253039 17 19 18 20 0 0.4535 56574.910797965975 1.6509240579145846e-05 0.34242259668822284 -0.12418595243405567 0.0 0.2758779568794125 2.955882145254467e-07 0.25892620529544935 0.012958656986077947 82.96389818377313 70.0 "Minimization exited successfully."
1253101 17 16 18 17 0 0.4596 56578.00756984093 1.4805134517182407e-05 1.3207041710285126 0.021017015564153255 0.0 0.41148282989888685 4.253969670069077e-07 0.34926796146065997 0.021211666513539305 83.1254511653193 64.0 "Minimization exited successfully."
1253920 14 15 14 15 0 0.1956 56583.184329078955 0.00010137304696608095 -0.8249730778869732 -0.07603715803572732 0.0 0.06859726463881088 9.852597374285143e-07 0.07772269142088699 0.008110309541907303 177.6291772375849 54.0 "Minimization exited successfully."
1255502 6 4 4 15 0 0.1482 56592.52139829434 0.0002248412794408882 1.0656524069536826 -0.03615561311241108 0.0 0.1166160956308886 6.354053612863624e-06 0.11582699145098588 0.01667854798643883 153.01338613086693 25.0 "Minimization exited successfully."
1257366 7 8 10 15 0 0.2114 56611.899477218634 4.490801116572049e-05 -0.15679808405103435 0.15013711266073643 0.0 0.35542180949050817 1.7092330179465291e-06 0.326375963735788 0.027354829099127807 49.313134619656 36.0 "Minimization exited successfully."
1257695 12 11 13 12 0 0.1838 56613.38583574631 0.00012863823432174567 0.3665370645930894 -0.09369636108640873 0.0 0.061985709788132226 1.0865208267535612e-06 0.06583751313006704 0.005928312262172818 210.1806433023337 44.0 "Minimization exited successfully."
1258906 13 15 13 15 0 0.3492 56621.571296027345 2.0726012021664667e-05 -0.014149209808515828 0.0166627294911442 0.0 0.32182033917706576 7.902277047005094e-07 0.29956465072234667 0.02845965176622595 44.59013381646051 52.0 "Minimization exited successfully."
1258940 17 18 17 18 0 0.4259 56619.50960735431 1.6170810408386936e-05 -0.1445196278365953 -0.0773735525961748 0.0 0.43464262651104946 6.792109111976127e-07 0.37407575092673384 0.030096197587566754 63.420114993341556 66.0 "Minimization exited successfully."
1259412 12 11 12 12 0 0.3047 56624.35063362945 3.7203469780293696e-05 0.9534129799297074 -0.036125757194858915 0.0 0.13719404385483358 3.124798681960384e-07 0.11005705135746421 0.0068779787186424735 115.0017002339231 43.0 "Minimization exited successfully."
1261579 10 10 10 10 0 0.3222 56638.48743214485 3.0307820055694476e-05 -0.19602875041753146 0.01032733340954552 0.0 0.08126490688300692 3.150127083821807e-07 0.09913008920663692 0.00792116050521648 42.49590407316366 36.0 "Minimization exited successfully."
1262214 23 22 23 0 0 0.6894 56657.242774606384 5.771270309000387e-06 0.18513152242709208 -0.10608863409791913 0.0 0.33882153272861615 1.0073396771475564e-07 0.24242393203232684 0.017814052308804344 76.64899040059089 64.0 "Minimization exited successfully."
1262715 11 10 12 13 0 0.6894 56660.1139985936 6.7972861058584865e-06 0.8635854699703829 -0.048557451716012834 0.0 0.3383124271313136 1.0715258731341867e-07 0.28036369177015624 0.015541950690101726 46.431740488088025 42.0 "Minimization exited successfully."
1263369 9 9 9 9 0 0.3125 56665.74665574746 3.213234195730197e-05 0.181290297018466 -0.034799893652643375 0.0 0.26515286053472664 6.880554317727389e-07 0.2581065251686358 0.017295205897881995 23.563654350421828 32.0 "Minimization exited successfully."
1263715 8 9 9 9 0 0.2919 56667.16728392744 3.890155876381739e-05 0.47964248876034354 -0.02874384398153263 0.0 0.19743956063393853 8.322657178330334e-07 0.2405761934147417 0.016314069173265038 23.112624831784615 31.0 "Minimization exited successfully."
1275946 16 18 19 19 0 0.2321 57261.72538910412 8.02951542513321e-05 1.66087657212672 -0.05331604353339682 0.0 0.07261374986046576 8.043169556993299e-07 0.10258306371173391 0.006693842211015232 588.7047409669306 68.0 "Minimization exited successfully."
1279500 10 12 12 11 0 0.235 57252.00335325598 5.960588701346091e-05 0.7472957354042972 -0.013062998714333807 0.0 0.23609238536300836 4.2231941294374407e-07 0.1139625417860736 0.0060140456483875684 155.35313482676682 41.0 "Minimization exited successfully."
1280217 14 16 16 17 0 0.359 57251.562981349336 2.057118407492997e-05 1.540839409204527 0.0980520345034154 0.0 1.3241704645952268 5.528465094562887e-07 0.5283770055970217 0.02258838191964474 131.6423453769436 59.0 "Minimization exited successfully."
1281668 20 20 21 22 0 0.3071 57271.23019781218 3.8793493112162905e-05 0.21504114053253065 -0.09151706909514613 0.0 0.26033793317037635 7.662452199273373e-07 0.235215846144766 0.015229242993634755 109.6874543975283 79.0 "Minimization exited successfully."
1281886 15 18 18 19 0 0.384 57268.17451077944 2.0846562530304933e-05 1.1733973839938872 -0.032002451891874735 0.0 0.39250351072769263 9.460911875402886e-07 0.41308131496366624 0.028945875218880503 72.25407089350445 66.0 "Minimization exited successfully."
1282736 17 19 16 20 0 0.3689 57266.38197250333 1.4635627753432935e-05 -0.6988029564075204 0.12115390420595029 0.0 0.41573092947146506 7.171993966164561e-07 0.4140714723465539 0.03594106866964912 50.49241065001632 68.0 "Minimization exited successfully."
1283373 15 13 15 18 0 0.2075 57268.33745442798 6.348752927539879e-05 -1.1656264354522377 -0.04225915224196727 0.0 0.2599032360158162 1.766784435782489e-06 0.1783681784770305 0.01794710684086597 149.48244134988386 57.0 "Minimization exited successfully."
1283878 13 15 14 14 0 0.3135 57265.52839883796 2.473410417990297e-05 -0.8053164362294153 0.010335382290026987 0.0 0.4150728828499268 1.3750825621464357e-06 0.4563225277535294 0.038200148407483085 10.644894611579865 52.0 "Minimization exited successfully."
1283936 20 21 21 23 0 0.369 57268.78145433498 1.0279623680510817e-05 0.11313828399246578 0.20667323197085435 0.0 0.6367229095340008 7.265561116689304e-07 0.5942148655915415 0.05461649519785722 48.50405674489988 81.0 "Minimization exited successfully."
1285160 16 20 19 17 0 0.7493 57272.99054383005 4.859296994081635e-06 -0.0035621051139590604 -0.09715289584058445 0.0 0.4060052907370846 1.1518632503076687e-07 0.2508128185751291 0.021155528125946607 90.10084322598362 68.0 "Minimization exited successfully."
1285317 22 23 23 24 0 0.5649 57268.5279303254 9.229756376815265e-06 0.10563634432315666 -0.06420192674923474 0.0 0.612752432742127 3.7492625051330195e-07 0.5434492776803959 0.031858527979660003 70.52638697348436 88.0 "Minimization exited successfully."
1286398 12 14 13 13 0 0.1503 57270.950811392664 0.00010474152495309538 -1.7773355048285628 -0.008758549699790326 0.0 0.19604009119939292 3.1595353054504615e-06 0.12821206462490614 0.020169375351971705 106.36079540044435 48.0 "Minimization exited successfully."
1287626 5 5 7 6 0 0.304 56682.68202201725 3.511198744567663e-05 0.12334738718773716 0.00951357944574143 0.0 0.3602958420306095 6.307325500372269e-07 0.3531559278543234 0.015179285587462708 20.968371396542302 19.0 "Minimization exited successfully."
1289288 18 19 21 23 0 0.2897 57273.56015542043 2.492518300891887e-05 -1.2938470703977825 0.08027154150396591 0.0 0.6243526711805316 8.571444690980237e-07 0.45753075443938035 0.03001009607342496 56.71398729639573 77.0 "Minimization exited successfully."
1289555 18 20 20 21 0 0.5588 57275.286507332734 1.099067920777129e-05 0.447716862429738 -0.11960889936009313 0.0 0.8312595889437944 4.721012985302851e-07 0.5085717131918722 0.03678014824963847 77.01454824762351 75.0 "Minimization exited successfully."
1289600 14 17 17 16 0 0.4196 57283.0424794475 1.2474642785785956e-05 1.3387177109243624 0.03987699454791344 0.0 0.35078146401792765 2.3318686917888087e-07 0.26156442852036016 0.015850943055125497 129.04753655018288 60.0 "Minimization exited successfully."
1289656 18 17 19 21 0 0.5394 57269.86652050637 9.006496249011484e-06 -0.03789345457510337 -0.03463724754772021 0.0 0.765867287900619 4.854023284997732e-07 0.568300941710383 0.04305132948802494 61.22826882082913 71.0 "Minimization exited successfully."
1289664 12 17 17 18 0 0.2491 57279.41286862578 4.975091691457601e-05 -1.3176148403896142 0.006979210856020566 0.0 0.1900013597914949 6.33666847730305e-07 0.13854832623573993 0.010581937818862106 179.13541111362406 60.0 "Minimization exited successfully."
1290779 10 11 11 12 0 0.3895 56891.824112951756 1.714824909508217e-05 -0.6114734171701655 -0.04644624431201741 0.0 0.5791104761410679 3.862842745503899e-07 0.37771850543016355 0.01851833701496903 48.64700042375597 40.0 "Minimization exited successfully."
1290816 10 10 10 10 0 0.2185 56891.62003059113 6.261092370652864e-05 1.4098308957484311 0.02152505908436081 0.0 0.2784376498639176 5.611410689364317e-07 0.15537251768189952 0.007546666885222278 211.0170753601139 36.0 "Minimization exited successfully."
1291080 13 12 13 14 0 0.4438 56888.046349336655 1.1062900759237214e-05 -1.7069377626895106 0.04101731738010252 0.0 0.0016630976424494293 4.2695202650142406e-07 0.5066990456145319 0.03620942888776732 64.58021899683138 48.0 "Covariance may not be accurate."
1291090 13 13 11 14 0 0.292 56905.210486930366 4.7609114525672926e-05 1.2450536939307073 -0.07308320632982529 0.0 0.14080134603500483 1.1383222259647047e-06 0.1883591752583815 0.015240373520035379 122.19963304254178 47.0 "Minimization exited successfully."
1291794 17 18 19 18 0 0.3951 57277.98638180309 1.8335034442610483e-05 -0.021687849758057324 0.025428889200008537 0.0 0.6670017828619166 6.334199761621659e-07 0.47091517068353256 0.028833699479391083 44.60424500664256 68.0 "Minimization exited successfully."
1291957 16 15 14 15 0 0.36 56905.53402678849 2.4296055626254958e-05 0.5461200631794765 -0.025964648476983335 0.0 0.2636926262675843 8.879081160156784e-07 0.2543651605508304 0.02360473298145991 106.13659220374906 56.0 "Minimization exited successfully."
1292145 17 18 19 19 0 0.4925 57274.213776683886 6.765793137979307e-06 0.6940073360040122 0.12616312789793827 0.0 0.9336701217216614 4.1853076255250846e-07 0.6770582089594079 0.0559951816653431 46.08837036340833 69.0 "Minimization exited successfully."
1292195 19 23 20 19 0 0.8293 57281.074329555406 2.9973957158912973e-06 0.15625436814003613 -0.0013077470482013877 0.0 0.8038289768992399 9.694615181198052e-08 0.40761831260655207 0.03964466950593415 96.4410201227762 77.0 "Minimization exited successfully."
1292332 12 12 13 12 0 0.2735 56901.26928305724 5.382625971435682e-05 0.41469921279245736 -0.08697409943729022 0.0 0.18748599495665985 1.0922110029861179e-06 0.21105507954769018 0.016300355145063776 66.85732296697952 45.0 "Minimization exited successfully."
1292336 12 12 13 12 0 0.2336 56901.853279301264 4.642174491588722e-05 -0.16396915917312807 0.06007848800461266 0.0 0.20024693859159015 1.0164902151114497e-06 0.18678330559260184 0.01653136081805179 123.84265701675173 45.0 "Minimization exited successfully."
1292560 10 11 14 13 0 0.2248 56904.62108496278 8.154048326351129e-05 0.39692611822261287 -0.10435922955174595 0.0 0.1926697122398764 1.2169273208013636e-06 0.12204878028949784 0.011262983054975839 137.267607397956 44.0 "Minimization exited successfully."
1293319 14 14 14 15 0 0.2969 56913.09522775994 3.997513709358278e-05 1.9698186515083427 0.008959053253716669 0.0 0.23819708918745164 7.640101322982698e-07 0.2151395219346232 0.013180496531555825 146.66338062139306 53.0 "Minimization exited successfully."
1293758 10 7 1 17 0 0.1472 56915.78893970739 0.0001341274400279474 -1.3417767913437633 -0.04700733600489042 0.0 0.1464878213191696 1.6591684486033427e-06 0.11477600190172042 0.011823208814532724 204.22745888595995 31.0 "Minimization exited successfully."
1294014 11 13 9 6 0 0.3627 56919.315712300624 2.439763828228036e-05 0.4643259930513664 -0.025129669462992145 0.0 0.5020011900087411 1.0735680663451564e-06 0.37455565974930577 0.031504293859844205 60.96546430595401 35.0 "Minimization exited successfully."
1294743 11 11 11 14 0 0.3126 56912.528792129306 1.560634681416219e-05 -0.40946480869421514 0.2308535294619406 0.0 0.4101256194880989 6.723383182818543e-07 0.361428554488442 0.029962959549537156 56.126998139321145 43.0 "Minimization exited successfully."
1295027 17 18 17 19 0 0.4254 56910.28251021506 1.5248752372839925e-05 -0.3398356043131069 -0.01871234164032492 0.0 0.578189350606408 9.157774309625725e-07 0.4803672408554001 0.04410475145468027 39.17793630389606 67.0 "Minimization exited successfully."
1295256 15 12 16 17 0 0.4425 56928.18207331543 1.53361476287897e-05 -0.11715270104286202 -0.06200302026897985 0.0 0.3763698262991966 3.912689533415349e-07 0.3500137083040123 0.01670180398539049 72.32262217122131 56.0 "Minimization exited successfully."
1295305 15 15 15 18 0 0.6117 56916.183885115934 6.786782336563154e-06 -0.035260684071199186 -0.04622108437480923 0.0 0.4987713820228237 1.9647606520402095e-07 0.3135349858597202 0.02299697856544917 74.90865806050738 59.0 "Minimization exited successfully."
1295921 13 14 14 13 0 0.5239 56913.35145124733 7.59937771554665e-06 0.9185095966628442 0.11480028136556492 0.0 1.0898043207562296 6.819003287333082e-07 0.954609522721393 0.06534472173334843 50.44957816321348 50.0 "Minimization exited successfully."
1296273 16 16 15 16 0 0.397 56926.739676192 2.7340375346274772e-05 -0.2540408547650689 -0.1281492239351436 0.0 0.43246046835702145 4.48009312984228e-07 0.2455707691577435 0.013354845134622595 134.22912257078346 59.0 "Minimization exited successfully."
1296321 13 13 12 13 0 0.1844 56930.0473997533 5.3538283504106016e-05 0.6152961918264387 0.11592292709221144 0.0 0.21506726394363795 7.853260019112681e-07 0.1741352339496142 0.012030951169221224 73.13569718545406 47.0 "Minimization exited successfully."
1296657 4 4 10 14 0 0.1462 56923.707691541684 0.0001447814200997923 1.0316074285915156 0.005736100423235898 0.0 0.21342072165134596 5.224308858362561e-06 0.21875569270278772 0.022207390344652442 70.50250361836606 28.0 "Minimization exited successfully."
1297026 14 13 13 16 0 0.2585 56928.78743489181 4.294527806747902e-05 -0.722942802295484 -0.02344517226797039 0.0 0.24036373158742208 5.709982776315243e-07 0.18142845695653434 0.013065028911338783 39.82593099390664 52.0 "Minimization exited successfully."
1297465 16 14 16 16 0 0.2778 56938.84406780685 3.2123162927194784e-05 1.07649694780242 0.055832625186526444 0.0 0.09719602135010064 4.021108642917084e-07 0.10155668648292751 0.009107673728644003 166.28570848260472 58.0 "Minimization exited successfully."
1298281 14 15 14 15 0 0.2351 56930.65876011406 3.753996366356838e-05 -1.4640556085921284 0.07403186287986122 0.0 0.22070234486091067 6.533832740026203e-07 0.1762001735487397 0.014044617222986965 59.54276421465237 54.0 "Minimization exited successfully."
1298893 3 4 5 10 0 0.1962 56935.77507908793 6.245621737561854e-05 -2.4250764666326265 -0.014579154999034115 0.0 0.4724520597519586 2.3001841593285635e-06 0.3506186961543724 0.04035195735697075 9.491105139827344 18.0 "Minimization exited successfully."
1299643 16 17 16 17 0 0.38 56941.181541604135 2.4679249565858233e-05 0.6572430595000404 -0.07593879929867971 0.0 0.26880727409297833 6.320929563846021e-07 0.25682755203932134 0.01733813498502197 82.5943894787747 62.0 "Minimization exited successfully."
1299775 8 6 9 14 0 0.1598 56940.06540605477 0.0001008531465590766 -0.4058866143970382 0.16916511474214377 0.0 0.2747403215726081 2.9855090106584084e-06 0.17893085950852053 0.0225666701402572 46.066064536621454 33.0 "Minimization exited successfully."
