pipeline_outputs/des/salt2_2.4_5param_all.ecsv
# %ECSV 0.9
# ---
# datatype:
# - {name: cid, datatype: string}
# - {name: num_points, datatype: int64}
# - {name: z, datatype: float64}
# - {name: t0, datatype: float64}
# - {name: x0, datatype: float64}
# - {name: x1, datatype: float64}
# - {name: c, datatype: float64}
# - {name: z_err, datatype: float64}
# - {name: t0_err, datatype: float64}
# - {name: x0_err, datatype: float64}
# - {name: x1_err, datatype: float64}
# - {name: c_err, datatype: float64}
# - {name: chi, datatype: float64}
# - {name: dof, datatype: float64}
# - {name: b_max, datatype: float64}
# - {name: delta_15, datatype: float64}
# - {name: tmin, datatype: float64}
# - {name: tmax, datatype: float64}
# - {name: pre_max, datatype: int64}
# - {name: post_max, datatype: int64}
# - {name: message, datatype: string}
# meta: !!omap
# - bounds:
#     z: [0.01, 0.9]
# - {warn: false}
# schema: astropy-2.0
cid num_points z t0 x0 x1 c z_err t0_err x0_err x1_err c_err chi dof b_max delta_15 tmin tmax pre_max post_max message
1248677 59 0.33591314934117567 56554.176634061754 3.388817498615881e-05 0.9398611442397478 -0.08110366055520572 0.006189066613539268 0.0975144375806849 2.816692168439955e-07 0.08990680341848466 0.01149075874158102 316.1531231759645 38.0 21.675903335713464 0.8892279857792964 56538.281 56629.123 10 49 "Minimization exited successfully."
1250017 60 0.14150648491234422 56553.65445059749 0.00011697267494700728 1.0415780347786072 0.012462348227493524 0.0052656061167261625 0.0666575515497243 1.498168908190967e-06 0.10768222616807135 0.009621600043650008 56.43348739824929 40.0 20.33100278668921 0.8686188025393378 56534.233 56616.08 19 41 "Minimization exited successfully."
1253039 74 0.41735216543984766 56574.64500183283 1.679968197910935e-05 0.5314612693392653 -0.09709090222684047 0.014507200748339777 0.32540423117097816 3.645799114282391e-07 0.29030487293083274 0.02761365299280213 48.88814555879221 49.0 22.437990324402243 0.9608671956476265 56547.268 56653.094 24 50 "Minimization exited successfully."
1253101 68 0.4690636239665311 56578.3421836856 1.4932263868682323e-05 1.2367322765958964 0.023832368524831133 0.026021270656517964 0.5537600183088216 4.6273051072607263e-07 0.3833216273020955 0.02625300807428792 56.52104235085331 46.0 22.56566967758515 0.8356207669700275 56543.092 56657.052 24 44 "Minimization exited successfully."
1253920 58 nan nan nan nan nan nan nan nan nan nan nan nan nan nan nan nan 0 0 "result is NaN User function arguments:      z = +0.567846     t0 = +56486.456161     x0 = +2183396.355993     x1 = +94.906675      c = -328.943134"
1255502 29 0.42452161120746895 56596.07555406721 0.00018012730843170398 0.877265991523553 -0.3973564900345629 0.013555624997321464 0.18520168691611616 5.866401973406418e-06 0.39592338727135507 0.02984113670786398 53.57482150776269 9.0 19.85450039451551 0.9110721315210561 56563.266 56653.077 10 19 "Minimization exited successfully."
1257366 40 0.3836609289871036 56612.90427390505 4.5317224872313885e-05 0.6515197388541147 -0.16061848616399618 0.2946895364558787 48.47369046334643 0.42894201582529656 1.119386840222448 1.0001725030432511 27.308413769070086 20.0 21.359669397391094 0.9422172537396207 56590.341 56682.089 7 33 "Covariance may not be accurate."
1257695 48 0.15363125345493492 56613.18768568536 0.00013163794180078296 0.369505765093833 -0.07664040101377181 0.007709930736149687 0.06893197505996795 1.5383794833446886e-06 0.06987955856477164 0.008044365420434968 115.70600790614131 31.0 20.20309123886664 0.9889523132673439 56590.025 56675.078 17 31 "Minimization exited successfully."
1258906 56 0.37503882128031923 56622.11368010135 2.038420183566512e-05 0.29085537090516206 -0.025554611120551567 0.021366680879943672 0.5016678598403814 8.211453537391984e-07 0.38616990903497866 0.04850039712390284 34.26569319290101 36.0 22.228612427577414 1.0008245116701993 56594.012 56695.038 18 38 "Minimization exited successfully."
1258940 70 0.4103200799513574 56619.551398854266 1.5897519400680506e-05 0.1638227023273561 -0.047423827554772056 7.955051284691539e-05 0.0024878242329577915 7.242838956660266e-07 0.4460914400718949 0.03724172154262111 43.673855933884326 47.0 22.498543799145438 1.0250849913428155 56590.311 56697.043 23 47 "Covariance may not be accurate."
1259412 47 0.31246832151786935 56624.45584664367 3.71851239079085e-05 1.0024048748783254 -0.04672583689039742 0.3517745434752423 15.687367946829909 0.9999295952143827 1.0079577331544198 1.0000364824624013 95.50495807522535 30.0 21.575252292248557 0.8773545717076239 56602.144 56697.078 11 36 "Covariance may not be accurate."
1261579 40 0.3263797702044505 56638.53388480972 3.036930610364822e-05 -0.18341789970256256 0.0009417789317558473 0.00737292890231428 0.11807931846851716 3.490281457711747e-07 0.10523741217544355 0.014492335089069287 26.38888136998516 25.0 21.796100402818514 1.0878864042246725 56615.111 56697.079 12 28 "Minimization exited successfully."
1262214 68 0.6506290748447853 56656.96529575931 5.791698262554458e-06 0.3155954210811442 -0.08590795133476542 0.02523596973857123 0.42244053730610176 1.023495294530742e-07 0.26798829047227624 0.020446474302272255 75.08084387544213 63.0 23.594496742315393 0.9991295406374405 56625.224 56698.051 30 38 "Minimization exited successfully."
1262715 46 0.5312047827616904 56658.08529266196 6.84970889457476e-06 0.7259377030590001 0.15013187724877972 0.017188231554436384 0.3944513855894911 1.30321681663537e-07 0.30541444113354477 0.043511091521721224 33.086570826338544 28.0 23.41108516154129 0.9166601534425531 56625.224 56697.09 21 25 "Minimization exited successfully."
1263369 36 0.26139148081700475 56665.17522495223 3.2289622948321076e-05 0.14059896027945998 0.009254543620233811 0.02025430798300222 0.27683083175725187 7.260803704762356e-07 0.27874777315241145 0.03609499523206232 17.299253711612867 22.0 21.729307498868383 1.026559037628818 56645.136 56697.043 16 20 "Minimization exited successfully."
1263715 35 0.26369295878938465 56666.97491827291 3.9442365999207354e-05 0.4487090479285099 0.0031934439481799025 0.02069331685804189 0.20490289853114518 8.923961555172457e-07 0.3027445822022881 0.036223308599409504 16.366953393431807 21.0 21.511838393266892 0.9712094416867103 56645.05 56694.039 15 20 "Minimization exited successfully."
1275946 72 0.2352811148627591 57261.71046558536 8.030634263836632e-05 1.6245090516079796 -0.05532821836925109 0.007957310932441328 0.0726459934739978 9.192362497757001e-07 0.12360124120552896 0.016912007719525453 479.21577428062005 48.0 20.738549453841063 0.7739461807089683 57248.373 57329.035 15 57 "Minimization exited successfully."
1279500 45 0.26392330650864765 57252.05039109672 5.926258400775033e-05 0.704135183417823 -0.0617992914820537 0.5701701995586583 123.05918881282923 1.279668350709435 1.208845845312353 1.2082296500538967 46.72279443333416 29.0 21.069420125916643 0.9290919728672975 57249.293 57319.287 4 41 "Covariance may not be accurate."
1280217 63 0.36926893207206185 57247.499202081875 2.1191417792943993e-05 3.3656800949740795 0.012112602996785408 0.01654092114402586 1.6767314662320132 6.865715265359337e-07 0.841026095167234 0.04502872144960549 85.24162872185204 41.0 22.17901550086838 0.4340859720052421 57248.388 57329.175 0 63 "Minimization exited successfully."
1281668 83 0.3064375190549856 57271.2544157618 3.870868182052018e-05 0.22522679286382982 -0.09559420656945249 0.021056224146621477 0.46753214815907995 8.182078673874301e-07 0.2744011372945677 0.032188335754728216 82.72061665771558 56.0 21.531971558443765 1.0160904541629954 57248.373 57342.028 20 63 "Minimization exited successfully."
1281886 70 0.3378976440171379 57266.98331387901 2.2267504495564792e-05 0.24966197773051085 0.04746719804595185 0.019880222903270017 0.4792095827651792 1.2065343033356565e-06 0.46186486995146814 0.04765421322943314 50.83564688561045 46.0 22.132575652090424 1.0047911508983915 57248.388 57345.234 16 54 "Minimization exited successfully."
1282736 72 0.3416224320372568 57265.93729335074 1.4557713597644859e-05 -1.060258952273023 0.18744533410301203 0.01999810259907231 0.48014070503995754 9.184998802238004e-07 0.4774357811477146 0.05433196016303959 38.63777995874071 47.0 22.59299017672989 1.2537166401344457 57249.279 57346.032 15 57 "Minimization exited successfully."
1283373 61 0.2730069775521925 57268.43805060496 6.295752747420703e-05 -1.166008859103493 -0.16408484280103297 5.639425828107836e-05 0.2653481329434726 1.5723450684143482e-06 0.1641737080528675 0.01769877300839299 50.873642004316636 38.0 21.003842210015797 1.3050299715808187 57249.423 57332.081 9 52 "Minimization exited successfully."
1283878 56 0.3142923809885056 57265.45686580896 2.4986310423216535e-05 -0.8731431287856862 0.024854504649024188 2.277744459358577e-05 0.4075649497717677 1.3876616931989055e-06 0.4476968350662131 0.03952227530020228 6.338301562112895 37.0 22.008275569194456 1.225922396910505 57249.293 57339.187 13 43 "Minimization exited successfully."
1283936 85 0.3843433615049052 57268.05070008817 1.0957070009814574e-05 -0.49170625093903425 0.14953970732720484 0.036863578579911155 0.9025087406735111 8.314847671887498e-07 0.7365987967390546 0.11882432397296708 27.70433631546104 57.0 22.901882616204198 1.1389809306323322 57248.373 57347.084 20 65 "Minimization exited successfully."
1285160 72 0.4506635736302629 57269.115882513644 5.3255602772844134e-06 -1.1483554570896872 0.20186878073087677 0.028135316625442053 0.44848728654324077 2.6673793818614857e-07 0.2891208046001897 0.0686809423409838 90.11414979267079 50.0 23.684549391922737 1.271718710062867 57249.403 57372.178 12 60 "Minimization exited successfully."
1285317 92 0.5831300758463607 57268.82362555344 8.994308690582965e-06 0.3044547938899096 -0.10022012400937126 0.09242850914676176 1.4627176644062274 7.094579092599024e-07 0.691564144314774 0.12070891410487074 50.50785537839519 63.0 23.11647014209521 1.0018091314318696 57248.373 57356.127 20 72 "Minimization exited successfully."
1286398 52 0.19778830096789463 57271.255809099406 0.00010353405309375152 -1.8201033175231767 -0.0694508801733806 4.347219860409424e-06 0.00013442232739180326 2.047340219494267e-06 0.09507531379802556 0.01685876772669286 39.15679607193511 34.0 20.465116539266393 1.4570619760057326 57249.293 57331.145 13 39 "Covariance may not be accurate."
1287626 23 0.25230247333087363 56682.57743883999 3.464981871443249e-05 0.3166884735767797 0.09843559784527403 0.03268676020126708 0.36183900933974655 7.53066186972441e-07 0.46098413577063113 0.06346544907697595 11.262373571049277 12.0 21.652038436221922 0.9902871184853872 56653.047 56697.072 16 7 "Minimization exited successfully."
1289288 81 0.35115355849506763 57274.46728268694 2.6688641104593183e-05 -0.9258130551028795 -0.009192182181347514 0.0019367641863488605 0.11227721167597338 7.889502422575487e-07 0.44711534912748097 0.029335496310069646 35.35910631421616 53.0 21.936791801322183 1.2397304170735346 57248.373 57347.084 19 62 "Covariance may not be accurate."
1289555 79 0.5642641455404935 57274.97060288483 1.0968320537125123e-05 0.6227948211384505 -0.12724430368505057 0.035624069198467 1.100864536318113 6.441306790369711e-07 0.5764969380183048 0.06442848373267263 63.8020961824926 53.0 22.900481965726872 0.945952476846383 57248.388 57365.115 16 63 "Minimization exited successfully."
1289600 64 0.3936547808753587 57283.13555891116 1.2516792136560798e-05 1.174643951504663 0.07778036245031086 0.014209890910733908 0.40396025391237345 2.5633804854214375e-07 0.32327873666502444 0.03843787264482622 85.57114906947177 43.0 22.75700455919022 0.8440812637866628 57253.285 57365.221 12 52 "Minimization exited successfully."
1289656 75 0.5257444584377364 57269.030427132886 9.15575579142015e-06 -0.14936183605643436 -0.026659597134971916 5.248929932027968e-05 0.0021357297628128435 4.937367587119313e-07 0.6186931262518408 0.05663021366561294 30.527899845512632 49.0 23.097909696097105 1.0828827327476027 57249.423 57355.245 10 65 "Minimization exited successfully."
1289664 64 0.27285597239015313 57278.945352842136 4.9638901700102146e-05 -1.1154348681099082 -0.05076321579998583 0.009658748084311997 0.23986899504961912 6.078872642250083e-07 0.16688363801752928 0.016280517352680893 112.55648950823704 41.0 21.263047623453502 1.2847395707439837 57252.303 57345.234 17 47 "Minimization exited successfully."
1290779 44 0.40466974837768493 56892.377797058805 1.708796293200323e-05 -0.7293658447974848 -0.08620862676513967 0.015174754907982674 0.6296219780488173 4.782303206597495e-07 0.49178992763795165 0.04392588015088539 27.955115476457003 27.0 22.420450798079532 1.203115749131726 56887.39 56973.322 8 36 "Minimization exited successfully."
1290816 40 0.2888450989373105 56891.900391808835 6.097196688504036e-05 1.4855776040291984 -0.08330585380608399 4.506981632818041e-06 0.0018323179720027838 6.265791527778752e-07 0.16762599418018875 0.013194788231803154 151.04242890177673 25.0 21.037588350462787 0.7977341584905453 56887.39 56960.278 8 32 "Covariance may not be accurate."
1291080 52 0.4955473652418248 56888.34769878019 1.1069706056432194e-05 -1.7735529669958656 0.12266523950236011 0.03199276344815824 2.075275056748069 6.298509156996511e-07 0.8991967413712152 0.08296711465443453 40.971109812011136 33.0 22.89178460193365 1.4255776747534412 56887.268 56973.078 4 48 "Minimization exited successfully."
1291090 51 0.3387940485071879 56906.08563398811 4.6254821852196894e-05 1.5214967209974448 -0.12726255938023537 5.034593561187295e-06 0.00010965845285682008 1.0118668602098516e-06 0.16684791551892994 0.014985245250837378 44.979490671731185 32.0 21.337015360189785 0.7930612022955046 56887.211 56973.028 12 39 "Covariance may not be accurate."
1291794 72 0.4660942166072198 57279.31145004993 1.781591540779379e-05 0.11006866957529424 -0.03958013254045832 0.02594286538155552 0.8847856004285859 7.01023183533944e-07 0.5434513750782426 0.0309622930698587 33.73973474586221 49.0 22.37491556362531 1.0346379999833353 57252.289 57356.174 22 50 "Minimization exited successfully."
1291957 60 0.3631302717660917 56905.441760814436 2.4619335083271723e-05 0.4511963501941942 -0.04416900900072411 0.017832358864098202 0.40570072366608656 1.0377294723774908e-06 0.31623867061021865 0.039310682502677004 85.21431305572314 40.0 22.023476660550003 0.9728658094361506 56877.179 56980.031 16 44 "Minimization exited successfully."
1292145 73 0.5480030433788734 57275.36027885549 6.880891977044263e-06 0.6832401010240422 0.022606094758662956 0.036801541818876016 1.3421320996931172 4.232144684305083e-07 0.8519270316051608 0.09131400646434269 35.617726880075125 49.0 23.40740748692482 0.929296850906983 57252.289 57356.174 15 58 "Minimization exited successfully."
1292195 81 0.5792610239598739 57277.179837881085 2.6919918394951597e-06 -0.4595970075730769 0.7275441387905598 5.90079501627816e-06 0.00042781754382303916 1.2775542418249227e-07 0.39871379134318674 0.10295775588779287 75.83473365951598 57.0 24.398716826338518 1.093047815261773 57249.403 57389.163 13 68 "Covariance may not be accurate."
1292332 49 0.26228951169679027 56901.10563708552 5.476823568261171e-05 0.2751652042835111 -0.07356006516818393 1.4747163170902855e-06 9.871998554444872e-05 1.1648295321749435e-06 0.20740031956186872 0.01849085178129477 50.37070092350302 32.0 21.15531516894517 1.0059181359346034 56890.328 56973.19 5 44 "Minimization exited successfully."
1292336 49 0.24914002134412452 56901.91415755049 4.6424898184437776e-05 -0.18063270811640064 0.04388026756614276 0.013725151525556381 0.22062301950791152 1.065227933376971e-06 0.2256877094194843 0.02742907479735789 50.374623169716784 32.0 21.335183813379246 1.0849281949739549 56890.328 56973.19 5 44 "Minimization exited successfully."
1292560 48 0.15262580311667398 56904.626655141525 8.012426784435165e-05 -0.1404633886548954 0.056485138034713125 0.006619360145050157 0.18994993867818266 1.4612622397703917e-06 0.12728173230468487 0.014384501127018333 121.97005366408948 30.0 20.742552924041323 1.076562153496912 56890.263 56973.042 7 41 "Minimization exited successfully."
1293319 57 0.2933038675355372 56912.92786843974 4.0402815563412354e-05 1.8355285061189517 0.012470257908912683 0.008007569524073915 0.28068311380047817 8.504986367095718e-07 0.24687589483446465 0.01847430941991685 127.49162641308575 37.0 21.48421149524377 0.737276480400272 56887.268 56980.072 12 45 "Minimization exited successfully."
1293758 35 0.03721898062709944 56915.00397250492 0.00014050477788448413 -1.1079528651616135 0.020594070961047223 0.01274213768199561 0.25226514460518956 2.8715080089804667e-06 0.1542839911861946 0.022731260320190842 172.6223476454554 13.0 20.133432781504432 1.2774782252169707 56891.384 56980.044 9 26 "Minimization exited successfully."
