pipeline_outputs/des/salt2_2.4_4param_all.ecsv
# %ECSV 0.9
# ---
# datatype:
# - {name: cid, datatype: string}
# - {name: num_points_desg, datatype: int64}
# - {name: num_points_desr, datatype: int64}
# - {name: num_points_desi, datatype: int64}
# - {name: num_points_desz, datatype: int64}
# - {name: num_points_desy, datatype: int64}
# - {name: z, datatype: float64}
# - {name: t0, datatype: float64}
# - {name: x0, datatype: float64}
# - {name: x1, datatype: float64}
# - {name: c, datatype: float64}
# - {name: z_err, datatype: float64}
# - {name: t0_err, datatype: float64}
# - {name: x0_err, datatype: float64}
# - {name: x1_err, datatype: float64}
# - {name: c_err, datatype: float64}
# - {name: chi, datatype: float64}
# - {name: dof, datatype: float64}
# - {name: message, datatype: string}
# meta: !!omap
# - {bounds: null}
# - {warn: false}
# schema: astropy-2.0
cid num_points_desg num_points_desr num_points_desi num_points_desz num_points_desy z t0 x0 x1 c z_err t0_err x0_err x1_err c_err chi dof message
[from data line 126]
1327978 12 10 13 19 0 0.2073 57307.51101495845 6.667236458019783e-05 0.16759354883862637 0.08697791004247873 0.0 0.4254449689433386 2.136123809891687e-06 0.47911137367692336 0.031456144063922616 14.29325993477272 50.0 "Minimization exited successfully."
1328066 18 21 20 22 0 0.4489 57298.24022573894 1.7839548279932794e-05 0.7130476019348928 -0.12079727728838567 0.0 0.5283902687369846 7.9916199988022e-07 0.4419024378184454 0.02574313251912965 67.11998020752786 77.0 "Minimization exited successfully."
1328105 19 21 21 23 0 0.4402 57302.1940634479 1.7514113350136804e-05 0.3482184066562892 -0.03681229324683565 0.0 0.6183019296076964 6.813219122088264e-07 0.4266939305053622 0.023448118121450964 83.12535468656633 80.0 "Minimization exited successfully."
1329166 19 21 14 17 0 0.7316 57308.26664019405 4.4931284222402425e-06 0.06960772351512018 -0.054849793158157 0.0 0.47955278170047677 1.2866445312051124e-07 0.32331056921379214 0.022957234277419164 71.81746260100492 67.0 "Minimization exited successfully."
1329196 20 21 21 20 0 0.7693 57308.91563464095 4.57909175962796e-06 0.5112559570380427 -0.03863103772206382 0.0 0.4169574538136658 9.55529032059622e-08 0.26128656282385376 0.020644160485090313 88.20125024847819 78.0 "Minimization exited successfully."
1329312 13 15 16 15 0 0.3444 57309.84175183701 2.0986609272882128e-05 -1.415362549375956 -0.04769402659973162 0.0 0.3589045119297225 5.377348830581103e-07 0.32379724987641256 0.020754218567867917 24.49249479684145 55.0 "Minimization exited successfully."
1329615 16 17 17 16 0 0.4039 57304.879249461395 1.5223044926497233e-05 -0.40603436702335266 0.0008710464143653921 0.0 0.7142354569259624 6.250245193683262e-07 0.5158774978481661 0.028701656596687615 39.38425988735099 62.0 "Minimization exited successfully."
1330031 13 13 13 27 0 0.1041 57315.11072875135 0.0003987150376579591 0.2935399226511978 -0.08326563532171 0.0 0.04998643867656938 6.180118664490238e-06 0.06398636812173503 0.010852921793895395 1065.3709007209536 35.0 "Minimization exited successfully."
1330426 16 16 17 17 0 0.2595 57315.691761893155 6.775320334891664e-05 1.2768748204011509 -0.08964700412474111 0.0 0.09192107999842847 5.567890917694185e-07 0.07778067147245238 0.006331392542086412 452.57244009274564 62.0 "Minimization exited successfully."
1330642 16 18 17 17 0 0.6339 57317.474468742876 8.603864291911397e-06 0.9300722699811554 -0.11390950463470687 0.0 0.3365003214785247 1.9662257897819547e-07 0.2752629927349275 0.014591958546276776 73.76180289930176 64.0 "Minimization exited successfully."
1330903 18 20 20 21 0 0.5638 57306.361352707725 7.673122382277172e-06 0.1788627068520477 0.0011966452303844419 0.0 1.0142356566575472 3.733130407197388e-07 0.7074110640859698 0.042409085898117545 62.23310689818287 75.0 "Minimization exited successfully."
1331123 15 17 17 17 0 0.2291 57318.35243640006 4.690963823087871e-05 -1.5305205385959042 -0.0010254777883675506 0.0 0.1454059535462875 7.644295122718447e-07 0.1499608174923921 0.01370513241898578 80.50675469978586 62.0 "Minimization exited successfully."
1331993 17 17 16 14 0 0.7196 57327.5082868101 4.714256951277799e-06 0.6040345433123394 -0.07212847718349279 0.0 0.5134830593960942 1.6165432184818806e-07 0.38764423207305254 0.027198858027310754 64.11476080502604 60.0 "Minimization exited successfully."
1332059 17 17 18 19 0 0.5788 57324.160916216584 9.301600781232952e-06 0.05123237879222682 -0.16378808227622307 0.0 0.00015865753084653988 4.1028867278451943e-07 0.40749729184559236 0.025559343114008384 57.46913302006402 67.0 "Minimization exited successfully."
1332413 17 18 17 17 0 0.6087 57325.40678325875 8.788046335771574e-06 1.1575954840750622 -0.11769990464105402 0.0 0.5492398682727071 3.7101955255747475e-07 0.47642072357197834 0.027002245151905874 68.06074596904824 65.0 "Minimization exited successfully."
1333246 10 16 14 16 0 0.4379 57325.7254270565 1.0142708128230758e-05 1.8524078233616126 0.16316639165579666 0.0 0.9386836856829177 9.264072908467505e-07 0.8669927974425707 0.06046165279623349 18.91776937529107 52.0 "Minimization exited successfully."
1333438 13 15 16 9 0 0.3995 57327.117639869044 1.265657585866431e-05 0.43967081354898246 0.1037128235155926 0.0 0.5617551869945601 6.566098744427406e-07 0.4695294647086288 0.04220901813951713 41.35318868895596 49.0 "Minimization exited successfully."
1334084 6 8 11 12 0 0.1335 57336.58545127325 0.00012180566088646647 -0.7222898240741337 0.12140298681113679 0.0 0.32445211574668065 6.2742542894378795e-06 0.2504842357775213 0.03185736912269741 37.475969040722966 33.0 "Minimization exited successfully."
1334087 8 4 3 12 0 0.2663 57339.78900256207 5.401620684029323e-05 0.3633942149811354 0.03082697262995381 0.0 0.0004532096536422614 1.1747721077055597e-06 0.2781516546340337 0.02238047500057715 29.904153701367616 23.0 "Covariance may not be accurate."
1334302 14 14 17 19 0 0.4549 57331.00583620694 1.2960940810702934e-05 -1.0149829549780898 -0.018462066480098183 0.0 0.6648293567632209 4.88237992040962e-07 0.524326081139024 0.028607404604357477 33.12624565216928 60.0 "Minimization exited successfully."
1334423 14 14 14 14 0 0.3577 57335.74122987169 1.9678498027313312e-05 0.8545703135129867 0.043512629866800955 0.0 0.4158571210937225 5.256318249777379e-07 0.3677293476045443 0.01895195388125548 27.87135732647375 52.0 "Minimization exited successfully."
1334448 16 16 16 16 0 0.5167 57330.98066485604 9.205066881697514e-06 -2.3479342475256457 -0.10525712036789828 0.0 0.8581487950905284 6.08480551046571e-07 0.6032523461428494 0.048112900260454845 48.59999496738665 60.0 "Minimization exited successfully."
1334470 15 15 15 15 0 0.5188 57334.03750583754 9.95999523573866e-06 0.9744257440042529 0.03585256859228698 0.0 0.6792293725557101 4.336473688944509e-07 0.5728218441940663 0.02990190515323386 66.46971892452913 56.0 "Minimization exited successfully."
1334597 13 12 12 11 0 0.289 57343.59322701652 4.336132112012583e-05 0.5676563968498759 -0.029357891330085872 0.0 0.00014864491095067933 3.2435244163393415e-07 0.061436639224979155 0.005811832541344343 45.980681087353766 44.0 "Minimization exited successfully."
1334620 14 15 14 15 0 0.1961 57334.92053761207 4.086621447050543e-05 -0.5224028106015303 0.23998289809257212 0.0 0.2690674392906658 1.0837072526651165e-06 0.27921137367788185 0.02113765800973924 62.503908676205484 54.0 "Minimization exited successfully."
1334644 14 15 13 14 0 0.2881 57332.38808229951 3.1601782562590587e-05 -1.6750014495961683 -0.034646239170113405 0.0 0.27667536493027 5.721409430202307e-07 0.20745600628748803 0.016900513697235702 42.48882673717206 52.0 "Minimization exited successfully."
1334645 14 12 14 14 0 0.2312 57335.458300509046 5.816993781491291e-05 -0.8474802083063459 0.003186570042224079 0.0 0.13409977053379407 7.606884995934439e-07 0.1409239555383545 0.010657317948609614 50.60886931141076 50.0 "Minimization exited successfully."
1334707 16 16 15 16 0 0.6488 57339.696762821135 7.596406071873013e-06 0.45063555211540435 -0.14862716745103868 0.0 0.26661456140936934 1.3993964171965633e-07 0.19971586939401256 0.010510492138750965 58.90541712051923 59.0 "Minimization exited successfully."
1334879 14 14 16 17 0 0.6393 57336.490386513164 4.776098726695232e-06 -0.08160201891614907 0.1071568879066408 0.0 0.34871946523344377 1.213797456603809e-07 0.2519243830836982 0.02538514818739713 49.11446072207134 57.0 "Minimization exited successfully."
1335472 15 15 14 15 0 0.4989 57344.52286734827 1.1756128008317229e-05 -0.00506403927659832 -0.017715668050166947 0.0 0.3846342444412585 2.962023297416722e-07 0.33888826019401747 0.019256393026751802 47.14724208382697 55.0 "Minimization exited successfully."
1335564 15 16 15 14 0 0.6077 57343.67121811624 7.164395949651909e-06 0.37977151315306235 -0.024986495820568184 0.0 0.7406036153770401 4.324600954316791e-07 0.6276672125877728 0.04152962867020672 59.42026240974137 56.0 "Minimization exited successfully."
1335694 6 11 8 12 0 0.2591 57347.73020689839 5.198851846402569e-05 1.029092506062732 0.028142250578050705 0.0 0.1323202248167945 8.300580283688059e-07 0.14662912503122974 0.01250833525701485 40.60039130706237 33.0 "Minimization exited successfully."
1335717 13 13 12 13 0 0.3048 57346.67894523208 2.2507215483789818e-05 -0.009850201701029467 0.05514249668934823 0.0 0.10724497464616434 2.264565608450401e-07 0.09627198874976985 0.008327057190162655 29.168535378005465 47.0 "Minimization exited successfully."
1335718 15 15 14 15 0 0.6993 57351.379891227785 5.543555942679906e-06 0.6721133448729825 -0.08982568743180917 0.0 0.2907563304543146 1.0874893782782403e-07 0.24284523368655164 0.014682832200412105 56.24572067893682 55.0 "Minimization exited successfully."
1335868 16 17 17 16 0 0.6194 57347.81553635561 7.250397687170385e-06 1.6518947489428106 -0.03057338812038596 0.0 0.6437723963790631 3.848002446968204e-07 0.5710948874696862 0.03241037199660207 64.15329546687823 62.0 "Minimization exited successfully."
1336008 13 13 11 13 0 0.438 57348.15628351022 1.9793090291044035e-05 0.7420830061208373 -0.07801448015349505 0.0 0.3215545278035279 4.6623371298167453e-07 0.3100736604064256 0.014247866883788199 45.44872270241278 46.0 "Minimization exited successfully."
1336009 13 13 12 13 0 0.3416 57344.315974423414 1.3617953306508202e-05 -0.42455154045695614 0.16439206158002512 0.0 0.3753334977409395 4.278332122786846e-07 0.33808047276856396 0.026687984725892816 26.690374619089155 47.0 "Minimization exited successfully."
1336453 9 9 10 10 0 0.1848 57355.03527317706 0.00010804658717232361 1.0773993942238667 -0.03427562439103732 0.0 0.09679621001487249 1.5685075063637337e-06 0.11557262781695095 0.009362470285938543 42.71614137121211 34.0 "Minimization exited successfully."
1336480 8 7 10 11 0 0.256 57350.5572599539 3.6277426722647443e-05 -0.008876948912383012 0.039427171662340915 0.0 0.2981187695731933 9.530908812430292e-07 0.2682437930945616 0.021638947471303044 23.64420907240958 32.0 "Minimization exited successfully."
1336687 11 12 11 11 0 0.2337 57351.2174565718 4.214003692987731e-05 0.5615814756334558 0.11653324869354287 0.0 0.16314476287880098 7.134698311448213e-07 0.13966125730972234 0.012622517100844713 52.689428199710925 41.0 "Minimization exited successfully."
1337117 12 12 11 12 0 0.5539 57361.330666959824 1.3270634626883576e-05 0.5684492446681932 -0.10676772640605442 0.0 0.3906767038606631 3.0154677570070377e-07 0.31368797121995556 0.016619764358629985 66.35812421460346 43.0 "Minimization exited successfully."
1337221 12 14 14 14 0 0.6688 57359.58582141975 8.136813945689264e-06 -0.08924698793911792 -0.21383942570623005 0.0 0.7003928438098228 3.576085997460354e-07 0.48220354456790004 0.02911075359853728 57.4448585030859 50.0 "Minimization exited successfully."
1337228 12 14 14 14 0 0.5788 57357.2412837004 6.788890069420263e-06 -0.6858623432016892 -0.06246669722392983 0.0 0.9740457944135414 5.440510936412868e-07 0.7608177502786333 0.0701369355815615 34.11776143934132 50.0 "Minimization exited successfully."
1337272 12 12 12 12 0 0.5027 57357.85387102402 1.0227012542819922e-05 -1.0305156368472534 -0.05640668559380286 0.0 0.6076876922597876 5.233411462170367e-07 0.5618493258612769 0.04267168351367872 34.725551539669254 44.0 "Minimization exited successfully."
1337325 12 12 12 12 0 0.6387 57357.96072500138 7.13017287883398e-06 0.4331264334478286 -0.1265421341053113 0.0 0.7028078962503059 3.476541990118648e-07 0.5762177660752899 0.03417061098004847 45.250074501659824 44.0 "Minimization exited successfully."
1337649 9 9 9 9 0 0.2491 57363.09856540709 4.009680251493932e-05 0.9378958663330796 0.11756391869415164 0.0 0.18598451088473666 5.422607232671951e-07 0.13749208387172188 0.011024555817864547 50.9650041803263 32.0 "Minimization exited successfully."
1337655 11 10 11 10 0 0.8485 57364.69851990201 4.127417792192784e-06 1.2577049878849382 -0.10156670362237748 0.0 0.528942164772161 9.993984699482583e-08 0.3393753271858932 0.021279500591943876 58.210121100860086 38.0 "Minimization exited successfully."
1337687 12 12 12 11 0 0.3195 57361.345184139114 3.810538518697724e-05 0.9473682727340834 -0.09043314929709252 0.0 0.18190190274981433 4.8545133664065e-07 0.1381099167859828 0.009783072228743464 46.9572376965421 43.0 "Minimization exited successfully."
1337703 14 15 15 14 0 0.5334 57358.796795715134 1.2576787994988533e-05 -1.034028727369027 -0.1284858005378586 0.0 0.5270754231569299 5.330261199026671e-07 0.4280689270867506 0.03067569333619901 35.06931687881328 54.0 "Minimization exited successfully."
1337838 10 11 10 11 0 0.3119 57364.598981980496 3.4418091668278885e-05 0.8592711842593561 -0.016499982507068807 0.0 0.1579288185639598 4.2947218386730914e-07 0.1707754941391879 0.009809450809625121 86.01158559205979 38.0 "Minimization exited successfully."
1338128 9 11 11 11 0 0.3117 57366.671413496275 2.4558415985125623e-05 -0.726145361335476 0.006728378245012872 0.0 0.3438901511253789 7.297508593930616e-07 0.3152217850733064 0.023603001354253247 25.32958885375882 38.0 "Minimization exited successfully."
1338170 9 11 11 11 0 0.389 57363.181618973525 1.595687611018257e-05 -0.16848664883399547 0.06612505948606757 0.0 0.6962249079115281 7.603011267731987e-07 0.5690586327739298 0.03827911094117477 35.679663863910775 38.0 "Minimization exited successfully."
1338233 13 13 13 13 0 0.598 57355.78794945847 5.870451378577551e-06 -1.55099579145478 -0.1003459820688863 0.0 1.037597539845592 5.00662443729257e-07 0.8917409702251783 0.061678958700133645 22.383563102871403 48.0 "Minimization exited successfully."
1338266 20 20 19 21 0 0.6476 57366.760056574625 5.180863344471811e-06 -0.3604305848369651 -0.07703979452663591 0.0 0.6931496966681152 2.3316880050809534e-07 0.5694491515589126 0.03395751939118536 66.87172318375404 76.0 "Minimization exited successfully."
1338278 10 10 10 10 0 0.5639 57368.605079000816 8.452118485349241e-06 1.565415521382199 0.021571355129009706 0.0 0.8713950512792508 4.104070893413176e-07 0.7926772440049386 0.04390775678241525 27.634156532349223 36.0 "Minimization exited successfully."
1338387 11 10 10 10 0 0.5838 57292.917460940414 5.32437222633331e-05 -3.199807200678956 -0.15677435423910305 0.0 0.00012902544403914362 3.921247648261816e-06 0.34860532035699765 0.024803206782602512 1230.7900939339922 37.0 "Minimization exited successfully."
1338430 10 9 9 9 0 0.5089 57361.97323019973 1.2945401752647064e-05 0.5791996255600533 -0.07335807984525806 0.0 0.6342925545359321 4.7043492101015764e-07 0.4611692800480486 0.028206834662499465 15.918034583988037 33.0 "Minimization exited successfully."
1338471 12 11 11 12 0 0.5309 57350.7668047217 6.636225718825917e-06 -0.9362296928897105 -0.01231557729577071 0.0 1.0564494522113819 5.251559365694067e-07 0.9221661164059504 0.055129534089745226 24.207208121069232 42.0 "Minimization exited successfully."
1338675 9 8 9 8 0 0.3306 57371.89193554597 2.0637463169850972e-05 0.04749765150951847 0.054348458928434415 0.0 0.17159401866956614 3.3447291762042765e-07 0.17339320947068845 0.013384845946697154 17.748927997998784 30.0 "Minimization exited successfully."
1339002 8 9 9 10 0 0.3025 57369.76708604809 2.1444920916123964e-05 -1.3063219625569058 0.1385836749478769 0.0 0.4320278578961734 5.999525080033137e-07 0.34722200547540694 0.027741357610743013 23.35392916423191 32.0 "Minimization exited successfully."
1339149 8 10 9 9 0 0.4678 57373.77899237115 1.221037661752798e-05 -0.2933178008539549 0.043529589379910236 0.0 0.5413911325013032 5.186211036303018e-07 0.4953580002929444 0.03404869154914764 17.03354511364408 32.0 "Minimization exited successfully."
1339392 4 6 7 12 0 0.1804 57370.679581255186 0.0001288805510264726 -0.6179911015431889 -0.020486692378846805 0.0 0.4171187342835765 8.406389831954742e-06 0.41188428363587254 0.03916310254559482 16.291728057010925 25.0 "Minimization exited successfully."
