pipeline_outputs/des/salt2_2.4_5param_blue.ecsv
# %ECSV 0.9
# ---
# datatype:
# - {name: cid, datatype: string}
# - {name: num_points, datatype: int64}
# - {name: z, datatype: float64}
# - {name: t0, datatype: float64}
# - {name: x0, datatype: float64}
# - {name: x1, datatype: float64}
# - {name: c, datatype: float64}
# - {name: z_err, datatype: float64}
# - {name: t0_err, datatype: float64}
# - {name: x0_err, datatype: float64}
# - {name: x1_err, datatype: float64}
# - {name: c_err, datatype: float64}
# - {name: chi, datatype: float64}
# - {name: dof, datatype: float64}
# - {name: b_max, datatype: float64}
# - {name: delta_15, datatype: float64}
# - {name: tmin, datatype: float64}
# - {name: tmax, datatype: float64}
# - {name: pre_max, datatype: int64}
# - {name: post_max, datatype: int64}
# - {name: message, datatype: string}
# meta: !!omap
# - bounds:
#     z: [0.01, 0.9]
# - {warn: false}
# schema: astropy-2.0
cid num_points z t0 x0 x1 c z_err t0_err x0_err x1_err c_err chi dof b_max delta_15 tmin tmax pre_max post_max message
[from data line 141]
1333246 30 0.4092751457017513 57325.635372850986 1.0592167935306602e-05 2.034077068175619 0.1278519463523697 5.3293740889803765e-06 0.00011762360736611299 1.2392307927988533e-06 0.9998939807748959 0.13417551413858653 9.420901426869715 25.0 22.936533489864427 0.7014055214779908 57299.22 57403.101 12 18 "Covariance may not be accurate."
1333438 31 0.30735942396557264 57325.80203812918 1.2894914917519935e-05 0.0006582291710467134 0.19450458047776822 1.174884489224537e-06 7.374892447842285e-06 1.184078543370653e-06 0.43240453744551144 0.08566825179571498 34.136901295250254 26.0 22.723939818194992 1.0425205298908153 57297.346 57404.045 9 22 "Covariance may not be accurate."
1334084 14 0.24446367507858363 57336.85384974478 0.000130649053319981 -0.8709088390868087 -0.08051504971979914 0.029239419389679305 0.6790754927278613 1.1125943921111825e-05 0.4783774260358743 0.07182996830407641 1.4044546874331747 9.0 20.212032125562374 1.2329752795117201 57315.206 57396.099 4 10 "Minimization exited successfully."
1334087 4 0.42196786530345193 57362.81564874317 2.604387944141685e-05 3.2556242871575747 0.5626878890029561 0.65888096122988 24.539725293947413 1.0621008055709796e-05 5.659477390691669 2.0520547454137317 12.842044057447191 -1.0 21.937997186914444 0.44355936883872715 57315.208 57403.099 3 1 "Covariance may not be accurate. Covariance not positive definite. Covariance forced positive definite."
1334302 17 0.5659265283680673 57333.307894193706 1.1803118149310258e-05 -0.18643414167786404 -0.042968718362798204 0.0834201133990381 2.7563073011006054 8.933317655539672e-06 1.7689170666462593 1.3803726820793278 2.2051501013422796 12.0 22.822127419042346 1.090919861557957 57301.037 57407.046 6 11 "Covariance may not be accurate. Covariance not positive definite. Covariance forced positive definite."
1334423 28 0.4786671343898588 57337.27363528326 1.6935932028518287e-05 1.2599738517662398 0.09103310113178467 0.03518254337624013 0.729210017954756 7.31125436030562e-07 0.5385865778113547 0.05833723329859398 10.754205699293694 23.0 22.42849829258781 0.8295042684264757 57312.14 57408.055 10 18 "Minimization exited successfully."
1334448 16 nan nan nan nan nan nan nan nan nan nan nan nan nan nan nan nan 0 0 "No data points with S/N > 5.0. Initial guessing failed."
1334470 15 0.45773049210302347 57331.46850452454 9.013880156518559e-07 -0.49250537978046427 2.644422933797294 0.03402423044856934 1.1784586208996188 5.346934349436244e-07 1.0412864741916625 0.5843634541307998 5.210969248921336 10.0 25.227762236675837 0.9542612675390032 57305.283 57402.053 6 9 "Covariance may not be accurate. Covariance not positive definite. Covariance forced positive definite."
1334597 12 0.3851341044244905 57345.225827560906 1.4471522257895973e-05 1.0368772415308682 2.886519628004074 0.012538257109717732 0.34859392675207346 2.1189237203435564e-05 0.30806663842890497 3.3408591898082434 7.983359196786951 7.0 22.135386503354084 0.7381512592760728 57315.241 57406.101 5 7 "Minimization exited successfully."
1334620 15 0.43319095719625383 57337.007242839136 3.229131994918646e-10 -1.2917054583026264 26.845287662085543 0.00421745677069571 0.5935619804040471 1.1690652317672138e-10 0.49556707074970907 0.6957617317780175 4.138637435668199 10.0 12.874293186559246 0.5145778454939585 57311.282 57403.062 5 10 "Covariance may not be accurate. Covariance not positive definite. Covariance forced positive definite."
1334644 15 0.41064544686868665 57334.3315092569 9.745431584584914e-09 -2.163378816995141 17.261522829078135 0.0048178336101206976 0.49564979353453964 3.49388881631063e-09 0.43191889943363987 0.6463037061492984 3.483068357852051 10.0 18.936113543428345 0.5516245015342918 57311.282 57403.062 5 10 "Covariance may not be accurate. Covariance not positive definite. Covariance forced positive definite."
1334645 12 0.41542150338311257 57337.86554904532 2.2496688191879447e-09 -0.04695082355770596 21.23227671348747 0.0027345618646585357 0.28908565671008546 4.4843814844553896e-10 0.41737642751496484 0.3566268410804834 17.581959476714058 7.0 16.57213710221145 0.47440011660581405 57311.282 57403.062 4 8 "Covariance may not be accurate. Covariance not positive definite. Covariance forced positive definite."
1334707 31 0.5535753203341242 57335.61902895888 5.535434340567712e-07 -2.7911310729158183 3.9917708783695605 0.009356047057641204 0.5333479550790798 1.4594796162338715e-07 0.5945720782894303 0.34264462019957365 7.314611793301518 10.0 25.258566312962433 1.161946551867441 57304.307 57426.071 9 22 "Covariance may not be accurate. Covariance not positive definite. Covariance forced positive definite."
1334879 16 0.3640501086572856 57332.048002942436 0.0026363166476568493 -1.171876124679386 -6.09579467525838 0.014781438694222104 1.0092535606418096 0.0009208739332120822 0.7648130385718536 0.4135928212589863 12.861260240931667 11.0 15.421761925386486 1.438859151500095 57302.267 57425.071 5 11 "Covariance may not be accurate. Covariance not positive definite. Covariance forced positive definite."
1335472 14 0.4631492532587205 57345.593786275655 0.666301105493691 2.4543105670861416 -20.05224139923346 0.008026242851465387 1.4878192615033186 0.368494127326665 1.4479149118601944 1.3345192795270917 4.458950008955653 9.0 -2.732178608877207 0.809796729180521 57311.025 57403.049 6 8 "Covariance may not be accurate. Covariance not positive definite. Covariance forced positive definite."
1335564 15 0.41279741868145764 57341.25282769319 2.0230626258276345e-05 -0.7776281270252483 -0.9124392776129776 0.07581153460721887 1.735398068169161 1.697804027715364e-05 1.3323371359394687 0.892745621696374 6.077795590035572 10.0 22.19649838792529 1.2628321772565165 57311.284 57427.068 6 9 "Covariance may not be accurate. Covariance not positive definite. Covariance forced positive definite."
1335694 11 0.42256378921219667 57349.51648155133 7.739509197594648e-10 0.31045145430044235 24.050826434544454 0.001781126107311376 0.2314188829914201 1.115085892805124e-10 0.20364537828183682 0.2630793321751912 14.90553239717313 6.0 14.835357470083396 0.49778451296444537 57325.214 57408.053 5 6 "Covariance may not be accurate. Covariance not positive definite. Covariance forced positive definite."
1335717 13 0.32793252535846396 57346.6017776867 1.1558890535118195e-05 -0.3648889509452692 1.435068659834573 0.02078330639962825 1.292465238882869 1.528827482749549e-05 0.8690065329379542 2.547824813070414 2.5901181294692806 8.0 22.73305207477928 1.025283379996889 57325.182 57408.092 4 9 "Minimization exited successfully."
1335718 29 0.5177930630197132 57349.18022202335 1.4978132034129157e-05 -0.3202155899675922 -1.214155362533739 0.0001720255251657643 0.015485102267120965 5.071815382294543e-10 0.0004205098067661535 5.284803970174384e-05 12.975369982634735 9.0 22.491267208867924 1.173025841136905 57318.106 57426.067 10 19 "Covariance may not be accurate. Covariance not positive definite. Covariance forced positive definite."
1335868 17 0.5280626628319203 57343.27597729796 6.018463343647672e-07 -1.66062325001454 3.45157704576824 0.027081539897445717 1.258711759957805 4.3593814333592073e-07 1.0860204101471496 0.8948321302789997 9.074257878745398 12.0 25.391317084481603 1.0511851788367252 57315.234 57425.151 6 11 "Covariance may not be accurate. Covariance not positive definite. Covariance forced positive definite."
1336008 24 0.5014539316405701 57348.54649857475 1.8094203970346716e-05 0.3526313932726841 0.06930646148494528 0.04644091584463331 0.519512335798936 5.689265019610968e-07 0.4123463544104808 0.055580513629485274 9.937758323648772 19.0 22.35768594466961 0.9852637626733163 57325.012 57403.049 11 13 "Minimization exited successfully."
1336009 25 0.5408157068235989 57346.11084999291 1.2635429404073709e-05 -0.35624307681874207 0.12537070326045832 0.03306270223544977 0.5545006451466179 5.075810245620865e-07 0.43049918154593025 0.09797428459114775 7.447214445725994 20.0 22.747426863042435 1.1139555829076002 57325.012 57403.049 9 16 "Minimization exited successfully."
1336453 9 0.4272923911756769 57357.243648454576 4.917581588471938e-12 0.2446387325228865 34.98281253916092 0.0011058769362075893 0.20736008970197872 8.318949481484126e-13 0.1940793327749315 0.21552686918219596 26.784900201816843 4.0 8.714369303651663 0.6444155585171565 57329.171 57403.099 4 5 "Covariance may not be accurate. Covariance not positive definite. Covariance forced positive definite."
1336480 7 0.4404006032155373 57351.19687560669 5.944860617549998e-06 -0.3453208684696115 6.405484469879758 0.021063570711524093 0.585378262843733 2.0709471139612876e-06 0.5589247119830193 0.9652000167291982 5.132443752109865 2.0 21.331894706136353 0.7026719720427437 57329.171 57396.099 3 4 "Covariance may not be accurate. Covariance not positive definite. Covariance forced positive definite."
1336687 12 0.42373433102861613 57353.364013175255 5.2428394344464584e-11 0.3576805127073354 28.72637422009713 0.0018438250154766411 0.30273905259309686 9.242193923376795e-12 0.2846645156288394 0.2973632624516986 4.774489597571942 7.0 12.850941324528351 0.5609442990218039 57327.065 57403.062 5 7 "Covariance may not be accurate. Covariance not positive definite. Covariance forced positive definite."
1337117 11 0.636210542707535 57362.65258456631 7.516656139581795e-10 0.7323492507802932 15.925037380458345 0.008127283336796298 1.118081638138392 3.214088397994358e-10 0.7634336702334242 0.6279227457253171 10.604560057441521 6.0 23.018813490911846 0.43958318596189017 57329.033 57403.049 5 6 "Covariance may not be accurate. Covariance not positive definite. Covariance forced positive definite."
1337221 28 0.4122986324349223 57356.26220199844 8.281009945713955e-06 -1.7485702643892125 0.01653648241672301 0.06841235626379955 1.5555900632789417 6.6483775230110754e-06 1.2091447321240174 0.8011178776805433 6.964776679998295 9.0 23.207750695746423 1.430027168479338 57325.027 57407.048 12 16 "Covariance may not be accurate. Covariance not positive definite. Covariance forced positive definite."
1337228 14 0.5409539359859201 57357.63582802369 6.925937955387018e-06 -1.7468723229860323 -0.0038787660123138753 0.13076000547044636 2.10753265142921 7.521467237870782e-06 1.4495265862085307 1.6813819609889928 7.007990556422151 9.0 23.401791062811583 1.431628320196758 57325.027 57407.046 6 8 "Covariance may not be accurate. Covariance not positive definite. Covariance forced positive definite."
1337272 12 0.5630061028591261 57351.16347925465 1.5946404639675824e-11 -5.291608148899568 16.66891613014437 0.007235835794951462 0.9448760879240581 1.0212169452176039e-11 1.3531153794440138 0.6834946213661579 4.034022001727681 7.0 26.46766221770241 0.7047718988221092 57325.073 57427.054 4 8 "Covariance may not be accurate. Covariance not positive definite. Covariance forced positive definite."
1337325 12 0.4519709908245291 57354.453308389726 1.1894316760265653e-05 -2.2365663424751334 -0.38976025894985694 2.0498828049470008e-05 0.002221879254648229 6.510357186204535e-06 0.7981946343361643 0.7064901112800429 12.104355170165272 7.0 22.80751092294478 1.6080760772809732 57325.073 57427.054 4 8 "Covariance may not be accurate."
1337649 9 0.3826609303774822 57365.51233384157 1.4312039189005324e-05 2.0542323835495604 2.781947658868446 0.01859517966691096 0.4069946435956808 1.8028980852305593e-05 0.3060865153748469 2.8999097957047755 7.513814668447367 4.0 22.17817445047496 0.6139866586273577 57339.165 57408.053 4 5 "Minimization exited successfully."
1337655 10 nan nan nan nan nan nan nan nan nan nan nan nan nan nan nan nan 0 0 "No bands in data overlap the model."
1337687 12 0.6891253549248357 57367.25327760458 5.441247177708085e-06 2.3044302185283625 -1.9606410192106143 0.005039796894868498 0.6116789815532684 4.001502199076603e-06 0.3952248006006975 0.6429942848328222 18.682314959717477 7.0 23.471964294338036 0.6885502037267806 57339.297 57425.149 4 8 "Minimization exited successfully."
1337703 15 0.5644146069009279 57360.321927316174 1.1669195225694337e-05 -0.6534918293205978 -0.1441765884298572 0.0969381743331637 4.0468485192759545 1.0329296892968115e-05 2.4274604006387257 1.6874593200389576 6.36731750286274 10.0 22.833883130432284 1.1909318442862755 57325.124 57425.151 6 9 "Covariance may not be accurate. Covariance not positive definite. Covariance forced positive definite."
1337838 11 0.48383870210861335 57366.49031497282 2.5385581915118788e-05 1.3916030032111066 -1.0421616419267064 0.03460300084140322 0.4849323047637881 7.86798802064488e-06 0.5484076621510549 3.3112620546093203 33.449309615094265 6.0 21.935001590731332 0.8377649603497304 57339.151 57427.066 5 6 "Minimization exited successfully."
1338128 11 0.43297433766076343 57366.79263422157 5.42875931258725e-06 -1.682900149032771 5.675966448310815 0.025836689899548793 1.2851170271133014 1.3572031340875185e-05 1.500679673837929 6.689959111824014 4.080546141191169 6.0 21.889378182186213 0.8769084196826142 57339.021 57407.044 4 7 "Minimization exited successfully."
1338170 22 0.42342596399395915 57363.32562266724 1.625147751630651e-05 0.04730709607026874 -0.07479628808125804 0.05706570385219506 0.8930416151815734 1.9069112144086647e-06 0.8094935985611305 0.10655956628226246 7.576886393461453 17.0 22.474557853131415 1.0481153032079291 57339.021 57407.046 6 16 "Minimization exited successfully."
1338233 13 0.41003169354872204 57356.55320055943 0.0005631613820407431 -0.6386935756174449 -5.254407304476368 0.6284073803941732 9.393044429773 1.1185265811301681 2.01801199691426 0.9990275412213906 3.581007128099749 8.0 17.453577585600875 1.2824989737969226 57319.281 57427.054 6 7 "Covariance may not be accurate."
1338266 40 0.43384630349508896 57364.61211588497 8.4264363146409e-05 -1.1840072413434433 -3.167414841686225 0.044396039971620144 1.3271990567227476 6.623314492485384e-05 1.3371572466064554 1.0586363220760229 16.413762629893498 14.0 20.233183996576415 1.4363946599316861 57339.037 57427.068 13 27 "Covariance may not be accurate. Covariance not positive definite. Covariance forced positive definite."
1338278 10 0.5447040077767117 57366.56256955896 2.8753118437540978e-05 1.1705306217335838 -2.0515203922129785 0.06277811706002806 1.5567562197393272 1.935560969647279e-05 1.2615159940172271 1.3344272825839452 2.451971523472012 5.0 21.65081204547354 0.8918251094889342 57339.037 57427.054 4 6 "Covariance may not be accurate. Covariance not positive definite. Covariance forced positive definite."
1338387 10 0.5787173309469767 57364.801205846845 0.0015910084853806837 2.567200769570075 -19.224131594129684 0.011787620928124465 1.333410905994242 0.0008931692900376625 1.1295765874466859 3.543103280450698 8.598790845965594 5.0 4.658696476943904 0.7849633348200298 57329.173 57403.101 4 6 "Covariance may not be accurate. Covariance not positive definite. Covariance forced positive definite."
1338430 9 0.6656396076162304 57365.0529612568 1.2313615697906297e-08 1.5034190987842906 13.205785418530624 0.014786481724901768 1.34870338852852 7.608865775736093e-09 1.237722721256835 1.019316958946931 0.4207955412116403 4.0 22.53716502756211 0.41973661667082496 57339.122 57403.101 3 6 "Covariance may not be accurate. Covariance not positive definite. Covariance forced positive definite."
1338471 11 0.6145503986884194 57356.24502565427 8.208920123159319e-05 0.9827243873228876 -11.060944347906661 0.040950036425136505 3.3610581379725772 0.00010053014429949903 2.4055682418374604 8.235389695324052 1.4011680693501956 6.0 15.91269051197843 0.9984022237439962 57319.137 57403.101 5 6 "Covariance may not be accurate. Covariance not positive definite. Covariance forced positive definite."
