pipeline_outputs/des/salt2_2.4_4param_all.ecsv
# %ECSV 0.9
# ---
# datatype:
# - {name: cid, datatype: string}
# - {name: num_points_desg, datatype: int64}
# - {name: num_points_desr, datatype: int64}
# - {name: num_points_desi, datatype: int64}
# - {name: num_points_desz, datatype: int64}
# - {name: num_points_desy, datatype: int64}
# - {name: z, datatype: float64}
# - {name: t0, datatype: float64}
# - {name: x0, datatype: float64}
# - {name: x1, datatype: float64}
# - {name: c, datatype: float64}
# - {name: z_err, datatype: float64}
# - {name: t0_err, datatype: float64}
# - {name: x0_err, datatype: float64}
# - {name: x1_err, datatype: float64}
# - {name: c_err, datatype: float64}
# - {name: chi, datatype: float64}
# - {name: dof, datatype: float64}
# - {name: message, datatype: string}
# meta: !!omap
# - {bounds: null}
# - {warn: false}
# schema: astropy-2.0
cid num_points_desg num_points_desr num_points_desi num_points_desz num_points_desy z t0 x0 x1 c z_err t0_err x0_err x1_err c_err chi dof message
[from data line 189]
1340454 11 11 11 10 0 0.421 57375.113792754135 1.542190555096525e-05 1.1794355706096 0.06785613011669575 0.0 0.318773558097746 5.555342106995642e-07 0.43720933456134664 0.0241128683946 76.12572699065126 39.0 "Minimization exited successfully."
1341370 8 8 8 8 0 0.409 57376.23891114159 1.5317655451351834e-05 1.1918479920502136 0.026412560764814786 0.0 0.3631117278673628 6.443227379366634e-07 0.524962065725119 0.026867895198209563 23.817778148606934 28.0 "Minimization exited successfully."
1341894 7 7 7 7 0 0.3121 57390.05801150386 2.9423083168333653e-05 -0.16539036695849338 -0.03424606984883954 0.0 0.3573962235604995 7.797956755158208e-07 0.33521398511569955 0.022751864106623557 10.298337752401743 24.0 "Minimization exited successfully."
1342255 7 6 6 6 0 0.2141 57390.566921923644 8.512871965524043e-05 0.7073110442021397 -0.0439699611973721 0.0 0.1433587662941136 7.418163550844593e-07 0.18597007857495138 0.007994883119664594 19.27410413349304 21.0 "Minimization exited successfully."
1343208 10 10 6 10 0 0.4993 57390.84607742381 1.0827095268564879e-05 -0.056386880995089796 -0.01718540547722261 0.0 0.390928021271975 2.3452473452774094e-07 0.34140901504170057 0.018504884666945626 17.01856697472148 32.0 "Minimization exited successfully."
1343337 7 8 8 8 0 0.3389 57394.33824921893 1.7688303553004307e-05 1.0807723506281024 0.16016319062026546 0.0 0.6088226443062013 6.51023604498622e-07 0.6025103859012335 0.029596973986573887 25.37977775939138 27.0 "Minimization exited successfully."
1343401 6 6 6 6 0 0.3829 57394.89401863397 2.513727080525538e-05 0.9428549160880881 -0.04143033858787844 0.0 0.6374401408720587 8.134079011399651e-07 0.688578969151781 0.025402930808497266 4.692080719708401 20.0 "Minimization exited successfully."
1343533 7 8 8 8 0 0.368 57389.65775620891 1.5526296222036338e-05 -0.7327281551174147 0.004728200053386091 0.0 0.9401267775538145 9.979708812472302e-07 1.0727638081939934 0.058016968331851854 10.357892393889525 27.0 "Minimization exited successfully."
1343759 9 8 7 8 0 0.508 57395.8128852332 1.3099663491155927e-05 0.35319993050095755 -0.1029845586790881 0.0 0.2824657405508333 1.7842202161367582e-07 0.33668474273857657 0.010544629207006596 42.602929950738826 28.0 "Minimization exited successfully."
1343871 7 7 7 7 0 0.6379 57390.19619842616 6.62015518170439e-06 1.3632055521776374 -0.06835210450060723 0.0 1.1457613043385209 3.5300472977306114e-07 1.0004926941259624 0.034027510901148486 19.78808422888821 24.0 "Minimization exited successfully."
1344692 7 7 7 7 0 0.3795 57394.5442267432 8.729757199783398e-06 -0.8575249880252255 0.21380051353647192 0.0 1.2578492943030142 6.734167167521621e-07 1.4445963922566545 0.07587785766820934 7.799281549286025 24.0 "Minimization exited successfully."
1345553 6 6 6 6 0 0.3189 57394.448959622416 3.5296713234003734e-05 0.20019907858099167 -0.13301744517624284 0.0 0.37841874603691394 8.260784819087236e-07 0.4811631589610894 0.0178216522206253 17.868814662300366 20.0 "Minimization exited successfully."
1345582 7 7 7 7 0 0.4588 57398.9248382465 1.5385553118740506e-05 0.6815302583913173 -0.08302776321600552 0.0 1.289743965236994 6.920327433554963e-07 1.401848711900158 0.042544856441302 15.153805839299952 24.0 "Minimization exited successfully."
1345594 6 5 6 6 0 0.4224 57397.99149153287 2.005320477427493e-05 0.052433613668308725 -0.13562385507121524 0.0 0.9566227082141268 1.084723771585057e-06 1.1326955568619443 0.04201643099904061 11.340161831664092 19.0 "Minimization exited successfully."
1346137 7 7 7 7 0 0.3635 57403.23269311698 2.13218337805129e-05 0.8195339422235172 0.024706855456283254 0.0 0.7057960948841355 6.48671296049679e-07 0.6004933786582793 0.029461467375853635 6.759331863569505 24.0 "Minimization exited successfully."
1346387 8 7 6 7 0 0.3445 57395.10299369054 1.64788947623403e-05 -1.5585427466706459 0.0004018269523529416 0.0 0.16045007019783952 2.4103535810878713e-07 0.23618999091388376 0.011744857186652531 40.43435223873496 24.0 "Minimization exited successfully."
1346956 5 5 5 5 0 0.3335 57411.861797642836 3.689423278982162e-05 0.5890468441718972 -0.09857328310408246 0.0 0.2313295492385805 8.293009465651848e-07 0.27011174226542717 0.015163686664390403 31.128029680558125 16.0 "Minimization exited successfully."
1346966 6 7 7 7 0 0.3355 57407.52623020605 3.662745427585543e-05 0.5535841338170346 -0.10106280792601005 0.0 0.4016038751069573 6.832568184154226e-07 0.3549201947892293 0.01590264790554659 17.596341343813812 23.0 "Minimization exited successfully."
