pipeline_outputs/des/salt2_2.4_5param_blue.ecsv
# %ECSV 0.9
# ---
# datatype:
# - {name: cid, datatype: string}
# - {name: num_points, datatype: int64}
# - {name: z, datatype: float64}
# - {name: t0, datatype: float64}
# - {name: x0, datatype: float64}
# - {name: x1, datatype: float64}
# - {name: c, datatype: float64}
# - {name: z_err, datatype: float64}
# - {name: t0_err, datatype: float64}
# - {name: x0_err, datatype: float64}
# - {name: x1_err, datatype: float64}
# - {name: c_err, datatype: float64}
# - {name: chi, datatype: float64}
# - {name: dof, datatype: float64}
# - {name: b_max, datatype: float64}
# - {name: delta_15, datatype: float64}
# - {name: tmin, datatype: float64}
# - {name: tmax, datatype: float64}
# - {name: pre_max, datatype: int64}
# - {name: post_max, datatype: int64}
# - {name: message, datatype: string}
# meta: !!omap
# - bounds:
#     z: [0.01, 0.9]
# - {warn: false}
# schema: astropy-2.0
cid num_points z t0 x0 x1 c z_err t0_err x0_err x1_err c_err chi dof b_max delta_15 tmin tmax pre_max post_max message
[from data line 93]
1308314 37 0.46449719548419116 56978.08654218079 1.5183712811386814e-05 -0.38777006984703666 0.04000192782094901 0.00908930226585164 0.29593771385771106 3.9956528988966537e-07 0.29761229285656043 0.04717871783060178 28.572614900009466 32.0 22.548760318450682 1.1253697504080407 56943.18 57051.149 12 25 "Minimization exited successfully."
1308326 16 0.3611631200796036 56977.05084432865 2.4207106077177045e-05 0.4494038360532887 0.5538199524962457 0.606449126415262 135.1405312690149 1.0000010000471997 1.0101710717940207 1.535684061898099 8.86668632193123 11.0 22.025369158293522 0.944658299884221 56956.143 57045.109 4 12 "Covariance may not be accurate."
1308568 19 0.40924294441249714 57290.163846961856 1.2682982270927774e-06 3.7141362543555725 1.5758749296249692 0.02799232398633572 2.0497747723384236 1.2712145142908348e-06 3.3105355766650226 0.9114436081630946 17.60751967072596 14.0 25.084163199783664 0.3075643147382401 57256.269 57379.063 5 14 "Covariance may not be accurate. Covariance not positive definite. Covariance forced positive definite."
1308582 29 0.5153374104136087 57289.31490278267 2.1176956116334992e-05 -0.6386615159992017 -0.0020776021460760467 0.6443669025324615 142.19101751629933 1.000001065229305 1.0003702005711845 1.0000646983078723 6.619288465390113 24.0 22.18779690480489 1.178600420819265 57265.391 57365.081 6 23 "Covariance may not be accurate."
1308884 10 0.46438827716142383 57295.40680293991 0.0014800498320203244 -1.4198740151133067 0.5627933943674742 0.0030232734725299526 0.20297191703866702 0.0002563219514588654 0.05268473873604078 0.11230978149725263 115.02106419294043 5.0 17.56015888563571 1.299429471665146 57278.247 57345.255 2 8 "Minimization exited successfully."
1308957 19 0.5586537932392507 57288.12566395861 3.5998598590728247e-06 1.0027209238114796 1.0775341580230127 0.6509021983928054 157.07074351772826 1.01553058737777 1.3914816165774917 1.0257226931795258 24.346356301425764 14.0 24.04749547350205 0.8308887624674597 57253.334 57373.055 6 13 "Covariance may not be accurate."
1309288 6 0.437331356726183 56989.20074619454 1.6761707526267382e-05 2.2392813989387266 4.450000658958048 0.05325713866405804 0.002470194456691388 5.8986859002687904e-05 9.374844663366163 12.515974759249092 0.5033054266743989 1.0 21.33139521833246 0.5339692794395674 56963.244 57061.06 1 5 "Minimization exited successfully."
1309492 30 0.43535607113132946 56994.29624267572 2.9577138573998032e-05 0.2801813761998104 -0.10305667175355393 1.6430606453177177e-07 1.12876296043396e-06 3.2066081290521045e-07 0.08475857942374826 0.013606780631131575 77.96534797581589 25.0 21.823989012773456 1.0063670091452899 56963.265 57066.064 9 21 "Covariance may not be accurate."
1309749 19 nan nan nan nan nan nan nan nan nan nan nan nan nan nan nan nan 0 0 "No bands in data overlap the model."
1310338 26 0.4238255006541457 56976.9579395132 1.6206205250830015e-05 -0.01808671575179597 0.04249143401529155 0.038306934868648085 0.49338384969814797 9.820334225768764e-07 0.4875654460489228 0.05984830187474948 15.82595241925032 21.0 22.477761041475645 1.0542659564434338 56949.115 57052.039 5 21 "Minimization exited successfully."
1310395 18 0.6361105895929722 56984.07151241494 0.00010889298976033389 -0.9678455400393856 18.853571107566278 0.016910414210369706 0.7043873979964701 5.6600323811503734e-05 0.5655303180890899 26.191197322954242 6.761343212917442 13.0 7.25105447219751 0.4942460749991513 56956.206 57052.037 4 14 "Minimization exited successfully."
1312274 32 0.42850605987490253 56977.265652978735 1.2505874787987733e-05 -1.1025439277803266 -0.01615785497361658 0.04226052100271449 0.7420222545551951 1.0410376491237576e-06 0.6576817698254762 0.08333549627434417 11.343992488700902 27.0 22.759906575785728 1.2791517952425835 56956.143 57052.1 6 26 "Minimization exited successfully."
1313594 12 0.4154461970554723 57003.5091302458 7.178638840810648e-06 0.4479701176340315 5.476446417742931 0.010508614544883 0.5097378577047493 1.3999369474960193e-06 0.3908478569407523 0.4598938625101651 8.552324524685513 7.0 21.70320964912129 0.6721398348999728 56973.038 57051.053 4 8 "Covariance may not be accurate. Covariance not positive definite. Covariance forced positive definite."
1314897 25 0.3796161853599258 57301.7415187199 2.7055324733535534e-05 0.941473639917586 0.016201418394292344 0.07337551958069088 1.4071719499152096 2.4150777605286635e-06 0.8111874103710786 0.09738070006260059 19.803723826460534 20.0 21.92067171676262 0.8853713009906095 57273.337 57372.07 10 15 "Minimization exited successfully."
1315192 7 0.4365326973255823 57009.85536318789 3.5157244223856525e-12 -0.5837168165015693 36.35386320724981 0.0021249004914804803 0.39085273079399485 1.1257413593839884e-12 0.23186546585908838 0.39770887828156265 5.037640173735451 2.0 7.599525323508813 0.649843287141004 56987.196 57052.098 3 4 "Covariance may not be accurate. Covariance not positive definite. Covariance forced positive definite."
1315259 10 0.41917290858063644 57007.015616811295 1.3785280648170011e-09 -0.6428037667689992 22.30553334018431 0.0024366226737305985 0.39247791088200756 2.6937911303969314e-10 0.28728315120398445 0.35454007997609455 9.463592817291902 5.0 16.010600245671135 0.48891660974690865 56980.181 57049.068 4 6 "Covariance may not be accurate. Covariance not positive definite. Covariance forced positive definite."
1315296 27 0.3974804706294758 57004.34415888728 1.0176996837952115e-05 1.7136106086252978 0.1434900815124908 0.04415814198842136 1.0543247870846244 7.246363395856312e-07 0.8624126720382427 0.09670041925472589 15.829078694528357 22.0 22.980228835911007 0.7535812145222707 56973.185 57049.07 11 16 "Minimization exited successfully."
1316385 11 0.6148169759672111 57025.016126069706 0.00017220268208854454 0.21443491905757886 -0.3508541008303732 0.014993613858734989 0.2909721527903457 1.1851610890621841e-05 0.07930819435576461 0.01768390252366746 40.89443709180682 6.0 19.905690312859793 1.0296537296828667 57001.175 57066.03 5 6 "Minimization exited successfully."
1316431 10 0.44533180657269816 57018.32035798111 6.15982509409928e-07 -1.4548273336731463 14.418808843841207 0.0020994979499312505 0.18697644733765628 5.764427288994534e-08 0.14394220285583817 0.20745093742501125 40.170907970666285 5.0 17.152456594276796 0.5610582368946737 57001.162 57052.098 4 6 "Covariance may not be accurate. Covariance not positive definite. Covariance forced positive definite."
1316437 13 0.45564614267547837 57010.12535851991 0.00010864214757324543 -0.4811897922485054 -2.932423762620807 0.037337255339342235 1.2326333999953931 6.591928435755163e-05 1.372401313458575 0.8481757421916799 12.256902829025165 8.0 20.01576112984884 1.2469821841961135 56980.197 57052.1 5 8 "Covariance may not be accurate. Covariance not positive definite. Covariance forced positive definite."
1316465 11 0.8257470468811065 57027.54895656981 1.4436953395629702e-05 1.04196813891722 -0.5751047950454417 0.012088839379599092 0.421107565285638 7.706574942998362e-06 0.3758912809838599 0.33702599959569907 6.211297216300501 6.0 22.58586961541375 0.8876933736535655 57001.183 57066.064 5 6 "Minimization exited successfully."
1317164 5 0.39085749789729735 57303.08600448254 1.5777887050313928e-10 3.592072064405196 22.317563986701394 0.005826332982506649 1.619836778667377 8.084128659478787e-11 1.5126726977183271 0.7953421477494965 4.458538251755173 0.0 18.335864789974273 0.44462867135426976 57315.181 57355.159 0 5 "Covariance may not be accurate. Covariance not positive definite. Covariance forced positive definite."
1317277 12 0.4352371539024391 57009.13353922599 1.7776521595225464e-05 -1.2809451049165588 3.5765360125904864 0.02998263243144264 1.555195574543177 1.9879025802550923e-05 0.8737172269675574 4.188260413254939 6.5877883999077005 7.0 21.66540544208217 0.987305686643321 56987.073 57052.037 5 7 "Minimization exited successfully."
1317286 14 0.4852965612725634 57016.795933768866 2.5656379536198833e-06 0.37569857682976554 12.32197321695678 0.004990344686930714 0.2814400040297187 3.4624354723457366e-07 0.20295162220098778 0.41427526234840517 16.9237508598901 9.0 17.53289549815172 0.4879225373077709 56987.073 57052.037 8 6 "Covariance may not be accurate. Covariance not positive definite. Covariance forced positive definite."
1317454 10 0.7359266764701912 57017.58469786121 2.607334146718996e-06 0.8157682735232249 -13.278194746547275 0.04506005450298062 1.9451088037967565 7.471758650622922e-06 0.9641798229992233 12.49917661052896 9.925601713108515 5.0 17.747584789605714 1.1138129469027902 56987.033 57051.04 6 4 "Minimization exited successfully."
1317666 22 0.41429704250992705 57305.406835398346 9.082314757428196e-05 1.013659976712082 -0.2781152518748587 0.007434973881140172 0.16592346785910195 1.954670422079686e-06 0.14847112719489153 0.019418935518890318 139.90464452863182 17.0 20.601896239743375 0.8833983235905158 57278.217 57356.106 7 15 "Minimization exited successfully."
1319366 17 0.42154589515041274 57306.73979305886 2.9805092822108175e-11 0.9584576600882351 30.10739550864456 0.006228945034357503 0.5309371533257945 2.1997791043609498e-11 0.6374333827704649 1.7800439440345215 4.977280393232425 12.0 11.990751573286321 0.5874373180034826 57276.312 57372.102 8 9 "Reached call limit. Covariance may not be accurate."
1319821 10 0.46164559550460915 57021.4558345485 4.3280714849768225e-06 -1.48326674290122 7.906743900253511 0.036038026154422864 1.4448680000677996 1.021893568798933e-05 0.627441298158577 8.686588982331482 6.090595674844192 5.0 20.619199749367976 0.7464780302926286 56992.125 57067.099 3 7 "Minimization exited successfully."
1320166 10 0.3749283456271637 57022.534126844315 1.1354513046318741e-05 2.4450660837907856 0.007178703105717132 0.17109049841856472 1.2081040751836554 6.1703585672938285e-06 1.7318851957356098 0.38489132036791984 4.845036717390185 5.0 22.861119076665368 0.6344567271705372 56991.113 57049.046 5 5 "Covariance may not be accurate. Covariance not positive definite. Covariance forced positive definite."
1322229 7 0.4555282618871094 57034.70131711547 1.0491899465765263e-05 2.5281331543928536 0.003333037144034484 0.0952383966899174 2.7140432102241903 4.529215656764327e-06 2.1518284861543346 0.4928044159924994 2.452259948913435 2.0 22.94668581785089 0.6197990011622387 57001.076 57039.041 6 1 "Covariance may not be accurate. Covariance not positive definite. Covariance forced positive definite."
1322979 9 0.4268915788088735 57038.97421316178 1.0024118554535198e-05 1.5376956424214552 -0.01711571462477336 0.09036469896932486 0.6342554057882808 1.961676236077758e-06 1.322539341089827 0.20452331961783266 10.864477039541661 4.0 22.998047978731783 0.7871547721018004 57008.04 57061.074 5 4 "Covariance may not be accurate. Covariance not positive definite. Covariance forced positive definite."
1324542 9 0.5003506537335858 57044.911647603614 8.671586777140656e-06 0.9018928706674094 0.0016823863006562283 0.08855519561781541 1.9519390623936488 5.227713937452197e-06 2.352156464535951 0.8087584352930492 2.3067583014052246 4.0 23.15611504412005 0.8926322046276418 57011.089 57067.101 6 3 "Covariance may not be accurate. Covariance not positive definite. Covariance forced positive definite."
1325358 7 nan nan nan nan nan nan nan nan nan nan nan nan nan nan nan nan 0 0 "No bands in data overlap the model."
1327978 10 0.2984577406331658 57308.11521715184 1.682140038548879e-05 -0.848270978968689 2.387167541773482 3.6822440743211615e-06 0.000177772220922634 1.038136354667391e-05 0.9525372320294445 0.9338403739507898 0.5281825615006662 5.0 22.12365729801833 1.0274162813158583 57283.131 57373.038 6 4 "Covariance may not be accurate."
1328066 20 0.5252443984520385 57299.783672367514 1.5140606733046568e-05 2.765629193945556 -0.0994098252720588 1.897154625579711e-05 0.000744744589610491 1.4486274052102564e-06 1.0993900092769844 0.09787476178737992 8.874392436002118 15.0 22.54726488647602 0.5779389812044826 57273.098 57379.048 5 15 "Minimization exited successfully."
1328105 42 0.4225829558432091 57302.62832240657 1.8759464940362107e-05 0.1442507035890059 -0.15045608937509963 0.05995768342373997 0.8105142386921216 2.3206463388709134e-06 0.6665569626857152 0.09031721797071032 37.80838154531132 37.0 22.31783272329308 1.0336867747735639 57273.096 57386.046 12 30 "Minimization exited successfully."
1329166 17 nan nan nan nan nan nan nan nan nan nan nan nan nan nan nan nan 0 0 "No bands in data overlap the model."
1329196 20 nan nan nan nan nan nan nan nan nan nan nan nan nan nan nan nan 0 0 "No bands in data overlap the model."
1329312 31 0.40969942780541646 57310.92126049789 1.8465864654321907e-05 -1.3668103698486862 -0.0009526342011832413 0.05546359124699213 0.8521931219620456 1.3776211005775946e-06 0.45074731304237264 0.10144761303805583 14.723801440051863 26.0 22.336895126816092 1.3384800888848964 57283.189 57389.086 10 21 "Minimization exited successfully."
1329615 34 0.42245866917847213 57304.52542627097 1.4448543985102943e-05 -0.287896967291555 0.0435262392621279 0.03752186929027537 0.9354864777960756 1.238115408384084e-06 0.6668099494818271 0.08679929471230868 21.24544049270375 29.0 22.60256846481884 1.1056174331006225 57278.301 57385.111 12 22 "Minimization exited successfully."
1330031 13 0.3756848294108331 57316.741687835856 0.0003381855162438768 -1.1944963203763228 -0.617140655929319 0.0017014497853276855 0.14596819919825066 1.3536211544338586e-05 0.0857726307345259 0.025981492644839295 25.57774071043542 8.0 19.16110474671922 1.3446375430574555 57291.079 57376.04 5 8 "Minimization exited successfully."
1330426 16 0.417918420113391 57317.03293974071 2.897439967810952e-06 0.6312332585140393 8.431832991014355 0.004246461830399284 0.2656037038868817 3.1091730294985374e-07 0.20899740167717654 0.22688350455095854 12.070248784154959 11.0 20.664617720883506 0.5429638900858862 57288.213 57387.181 3 13 "Covariance may not be accurate. Covariance not positive definite. Covariance forced positive definite."
1330642 17 0.5485343517841397 57315.758755960574 9.72012009678185e-06 -0.06528603713188412 -0.043438624556300265 0.029199044995620482 0.7770658042500145 2.923821702292429e-06 0.6037675298186035 0.497469458577031 14.084079248870854 12.0 23.032860521885254 1.0677442561518369 57283.189 57403.073 5 12 "Covariance may not be accurate. Covariance not positive definite. Covariance forced positive definite."
1330903 20 0.5520280044369832 57309.42400604549 0.048123944587702125 3.0647064967705346 -34.50008891445707 0.012670693738336958 1.8745376394181221 0.051514523860615946 2.1821028374304254 11.787354795258466 16.949777562970787 15.0 -15.459496637676738 0.7737220906913489 57276.314 57396.101 8 12 "Minimization exited successfully."
1331123 17 0.4032362999113599 57319.747924003874 1.6972110581904296e-05 -0.9842093068520708 2.9791713636447854 0.014076053080272571 0.4357586420410371 2.9412563217439723e-05 0.5317793970738787 4.581158806464161 22.36647204111378 12.0 21.935551347076093 0.9971780035492799 57297.032 57386.044 6 11 "Minimization exited successfully."
1331993 30 0.6297376464087989 57330.350044502244 7.867485097334105e-05 3.5902999119693377 -24.924661784833905 0.026338457083898592 0.7633383398460865 0.00011925129654820866 1.2004072905234802 7.128797325098411 10.39324095352212 11.0 1.7308023367035374 0.7235625360205591 57291.17 57403.073 13 17 "Minimization exited successfully."
1332059 18 0.6833601126302525 57326.53337002458 8.45404650433469e-06 0.09585712232410527 -0.0999177711625904 0.7015059056462913 159.95018261696896 4.521469213597696 4.526723157132674 4.383263004134149 8.174807873645081 13.0 23.18388184301604 1.0402764722372098 57288.201 57403.101 8 10 "Covariance may not be accurate. Covariance not positive definite. Covariance forced positive definite."
