pipeline_outputs/des/salt2_2.4_4param_all.ecsv
# %ECSV 0.9
# ---
# datatype:
# - {name: cid, datatype: string}
# - {name: num_points, datatype: int64}
# - {name: z, datatype: float64}
# - {name: t0, datatype: float64}
# - {name: x0, datatype: float64}
# - {name: x1, datatype: float64}
# - {name: c, datatype: float64}
# - {name: z_err, datatype: float64}
# - {name: t0_err, datatype: float64}
# - {name: x0_err, datatype: float64}
# - {name: x1_err, datatype: float64}
# - {name: c_err, datatype: float64}
# - {name: chi, datatype: float64}
# - {name: dof, datatype: float64}
# - {name: b_max, datatype: float64}
# - {name: delta_15, datatype: float64}
# - {name: tmin, datatype: float64}
# - {name: tmax, datatype: float64}
# - {name: pre_max, datatype: int64}
# - {name: post_max, datatype: int64}
# - {name: message, datatype: string}
# meta: !!omap
# - {bounds: null}
# - {warn: false}
# schema: astropy-2.0
cid num_points z t0 x0 x1 c z_err t0_err x0_err x1_err c_err chi dof b_max delta_15 tmin tmax pre_max post_max message
[from data line 157]
1335694 37 0.2591 57347.73020689839 5.198851846402569e-05 1.029092506062732 0.028142250578050705 0.0 0.1323202248167945 8.300580283688059e-07 0.14662912503122974 0.01250833525701485 40.60039130706237 33.0 21.211416720562873 0.8701514136478572 57325.214 57408.058 17 20 "Minimization exited successfully."
1335717 51 0.3048 57346.67894523208 2.2507215483789818e-05 -0.009850201701029467 0.05514249668934823 0.0 0.10724497464616434 2.264565608450401e-07 0.09627198874976985 0.008327057190162655 29.168535378005465 47.0 22.1210832547467 1.0520500878085137 57325.182 57408.092 16 35 "Minimization exited successfully."
1335718 59 0.6993 57351.379891227785 5.543555942679906e-06 0.6721133448729825 -0.08982568743180917 0.0 0.2907563304543146 1.0874893782782403e-07 0.24284523368655164 0.014682832200412105 56.24572067893682 55.0 23.641721399464956 0.9357940874871495 57317.161 57426.118 21 38 "Minimization exited successfully."
1335868 66 0.6194 57347.81553635561 7.250397687170385e-06 1.6518947489428106 -0.03057338812038596 0.0 0.6437723963790631 3.848002446968204e-07 0.5710948874696862 0.03241037199660207 64.15329546687823 62.0 23.349581633491418 0.7687246503430707 57315.229 57425.154 27 39 "Minimization exited successfully."
1336008 50 0.438 57348.15628351022 1.9793090291044035e-05 0.7420830061208373 -0.07801448015349505 0.0 0.3215545278035279 4.6623371298167453e-07 0.3100736604064256 0.014247866883788199 45.44872270241278 46.0 22.25994482156124 0.9231396886598411 57325.01 57403.052 23 27 "Minimization exited successfully."
1336009 51 0.3416 57344.315974423414 1.3617953306508202e-05 -0.42455154045695614 0.16439206158002512 0.0 0.3753334977409395 4.278332122786846e-07 0.33808047276856396 0.026687984725892816 26.690374619089155 47.0 22.665549018880778 1.124819235003578 57325.01 57403.052 19 32 "Minimization exited successfully."
1336453 38 0.1848 57355.03527317706 0.00010804658717232361 1.0773993942238667 -0.03427562439103732 0.0 0.09679621001487249 1.5685075063637337e-06 0.11557262781695095 0.009362470285938543 42.71614137121211 34.0 20.417119727455454 0.8642491994765287 57329.169 57403.103 11 27 "Minimization exited successfully."
1336480 36 0.256 57350.5572599539 3.6277426722647443e-05 -0.008876948912383012 0.039427171662340915 0.0 0.2981187695731933 9.530908812430292e-07 0.2682437930945616 0.021638947471303044 23.64420907240958 32.0 21.602881901631473 1.0527076570544054 57325.115 57403.103 12 24 "Minimization exited successfully."
1336687 45 0.2337 57351.2174565718 4.214003692987731e-05 0.5615814756334558 0.11653324869354287 0.0 0.16314476287880098 7.134698311448213e-07 0.13966125730972234 0.012622517100844713 52.689428199710925 41.0 21.43915216079656 0.9463651184877584 57327.063 57403.064 17 28 "Minimization exited successfully."
1337117 47 0.5539 57361.330666959824 1.3270634626883576e-05 0.5684492446681932 -0.10676772640605442 0.0 0.3906767038606631 3.0154677570070377e-07 0.31368797121995556 0.016619764358629985 66.35812421460346 43.0 22.693886204371573 0.9547155492031685 57329.028 57403.051 23 24 "Minimization exited successfully."
1337221 54 0.6688 57359.58582141975 8.136813945689264e-06 -0.08924698793911792 -0.21383942570623005 0.0 0.7003928438098228 3.576085997460354e-07 0.48220354456790004 0.02911075359853728 57.4448585030859 50.0 23.223759451173677 1.0812100447673032 57325.023 57407.048 23 31 "Minimization exited successfully."
1337228 54 0.5788 57357.2412837004 6.788890069420263e-06 -0.6858623432016892 -0.06246669722392983 0.0 0.9740457944135414 5.440510936412868e-07 0.7608177502786333 0.0701369355815615 34.11776143934132 50.0 23.422822091205504 1.1923939456907036 57325.023 57407.048 23 31 "Minimization exited successfully."
1337272 48 0.5027 57357.85387102402 1.0227012542819922e-05 -1.0305156368472534 -0.05640668559380286 0.0 0.6076876922597876 5.233411462170367e-07 0.5618493258612769 0.04267168351367872 34.725551539669254 44.0 22.978161562771668 1.2661844523630208 57325.068 57427.057 20 28 "Minimization exited successfully."
1337325 48 0.6387 57357.96072500138 7.13017287883398e-06 0.4331264334478286 -0.1265421341053113 0.0 0.7028078962503059 3.476541990118648e-07 0.5762177660752899 0.03417061098004847 45.250074501659824 44.0 23.36824571420513 0.9796899648195492 57325.068 57427.057 20 28 "Minimization exited successfully."
1337649 36 0.2491 57363.09856540709 4.009680251493932e-05 0.9378958663330796 0.11756391869415164 0.0 0.18598451088473666 5.422607232671951e-07 0.13749208387172188 0.011024555817864547 50.9650041803263 32.0 21.49277283886654 0.882128651247772 57339.162 57408.057 12 24 "Minimization exited successfully."
1337655 42 0.8485 57364.69851990201 4.127417792192784e-06 1.2577049878849382 -0.10156670362237748 0.0 0.528942164772161 9.993984699482583e-08 0.3393753271858932 0.021279500591943876 58.210121100860086 38.0 23.96131702185153 0.8362364194204588 57325.078 57408.041 19 23 "Minimization exited successfully."
1337687 47 0.3195 57361.345184139114 3.810538518697724e-05 0.9473682727340834 -0.09043314929709252 0.0 0.18190190274981433 4.8545133664065e-07 0.1381099167859828 0.009783072228743464 46.9572376965421 43.0 21.54847207597404 0.8882841283346963 57339.295 57425.154 12 35 "Minimization exited successfully."
1337703 58 0.5334 57358.796795715134 1.2576787994988533e-05 -1.034028727369027 -0.1284858005378586 0.0 0.5270754231569299 5.330261199026671e-07 0.4280689270867506 0.03067569333619901 35.06931687881328 54.0 22.752976874706864 1.2723424475444993 57325.12 57425.154 24 34 "Minimization exited successfully."
1337838 42 0.3119 57364.598981980496 3.4418091668278885e-05 0.8592711842593561 -0.016499982507068807 0.0 0.1579288185639598 4.2947218386730914e-07 0.1707754941391879 0.009809450809625121 86.01158559205979 38.0 21.659428786249567 0.9005870567186918 57339.148 57427.068 14 28 "Minimization exited successfully."
1338128 42 0.3117 57366.671413496275 2.4558415985125623e-05 -0.726145361335476 0.006728378245012872 0.0 0.3438901511253789 7.297508593930616e-07 0.3152217850733064 0.023603001354253247 25.32958885375882 38.0 22.02699450949027 1.1961534468654555 57339.019 57407.048 15 27 "Minimization exited successfully."
1338170 42 0.389 57363.181618973525 1.595687611018257e-05 -0.16848664883399547 0.06612505948606757 0.0 0.6962249079115281 7.603011267731987e-07 0.5690586327739298 0.03827911094117477 35.679663863910775 38.0 22.494544004777058 1.0813467774697543 57339.019 57407.048 11 31 "Minimization exited successfully."
1338233 52 0.598 57355.78794945847 5.870451378577551e-06 -1.55099579145478 -0.1003459820688863 0.0 1.037597539845592 5.00662443729257e-07 0.8917409702251783 0.061678958700133645 22.383563102871403 48.0 23.580782986234837 1.3916375154315404 57319.276 57427.057 24 28 "Minimization exited successfully."
1338266 80 0.6476 57366.760056574625 5.180863344471811e-06 -0.3604305848369651 -0.07703979452663591 0.0 0.6931496966681152 2.3316880050809534e-07 0.5694491515589126 0.03395751939118536 66.87172318375404 76.0 23.716030262137416 1.1269605779532768 57339.033 57427.068 33 47 "Minimization exited successfully."
1338278 40 0.5639 57368.605079000816 8.452118485349241e-06 1.565415521382199 0.021571355129009706 0.0 0.8713950512792508 4.104070893413176e-07 0.7926772440049386 0.04390775678241525 27.634156532349223 36.0 23.183185935892684 0.7814410109757404 57339.033 57427.057 16 24 "Minimization exited successfully."
1338387 41 0.5838 57292.917460940414 5.32437222633331e-05 -3.199807200678956 -0.15677435423910305 0.0 0.00012902544403914362 3.921247648261816e-06 0.34860532035699765 0.024803206782602512 1230.7900939339922 37.0 21.186774311555197 1.9076706361395708 57329.169 57428.056 0 41 "Minimization exited successfully."
1338430 37 0.5089 57361.97323019973 1.2945401752647064e-05 0.5791996255600533 -0.07335807984525806 0.0 0.6342925545359321 4.7043492101015764e-07 0.4611692800480486 0.028206834662499465 15.918034583988037 33.0 22.721112786779493 0.9514326078778126 57339.117 57428.056 12 25 "Minimization exited successfully."
1338471 46 0.5309 57350.7668047217 6.636225718825917e-06 -0.9362296928897105 -0.01231557729577071 0.0 1.0564494522113819 5.251559365694067e-07 0.9221661164059504 0.055129534089745226 24.207208121069232 42.0 23.447809010961393 1.2422173753734143 57319.134 57428.056 17 29 "Minimization exited successfully."
1338675 34 0.3306 57371.89193554597 2.0637463169850972e-05 0.04749765150951847 0.054348458928434415 0.0 0.17159401866956614 3.3447291762042765e-07 0.17339320947068845 0.013384845946697154 17.748927997998784 30.0 22.215213822467703 1.0414305532505992 57339.046 57408.041 15 19 "Minimization exited successfully."
1339002 36 0.3025 57369.76708604809 2.1444920916123964e-05 -1.3063219625569058 0.1385836749478769 0.0 0.4320278578961734 5.999525080033137e-07 0.34722200547540694 0.027741357610743013 23.35392916423191 32.0 22.173387231866645 1.3124026003022102 57345.071 57427.068 12 24 "Minimization exited successfully."
1339149 36 0.4678 57373.77899237115 1.221037661752798e-05 -0.2933178008539549 0.043529589379910236 0.0 0.5413911325013032 5.186211036303018e-07 0.4953580002929444 0.03404869154914764 17.03354511364408 32.0 22.785309270111426 1.106670290454126 57345.068 57427.068 17 19 "Minimization exited successfully."
1339392 29 0.1804 57370.679581255186 0.0001288805510264726 -0.6179911015431889 -0.020486692378846805 0.0 0.4171187342835765 8.406389831954742e-06 0.41188428363587254 0.03916310254559482 16.291728057010925 25.0 20.226966033199695 1.1755543473150603 57345.331 57426.147 11 18 "Minimization exited successfully."
1339450 51 0.5505 57368.97187496536 6.242027192009868e-06 -1.0115705492062501 0.10615099004295138 0.0 1.086625327650836 4.379756649626441e-07 0.9988036250229965 0.06152555523525196 38.580462898649806 47.0 23.513680181532045 1.2496032121324916 57339.281 57426.147 20 31 "Minimization exited successfully."
1340454 43 0.421 57375.113792754135 1.542190555096525e-05 1.1794355706096 0.06785613011669575 0.0 0.318773558097746 5.555342106995642e-07 0.43720933456134664 0.0241128683946 76.12572699065126 39.0 22.53046758146231 0.8436314605244881 57345.312 57425.153 19 24 "Minimization exited successfully."
1341370 32 0.409 57376.23891114159 1.5317655451351834e-05 1.1918479920502136 0.026412560764814786 0.0 0.3631117278673628 6.443227379366634e-07 0.524962065725119 0.026867895198209563 23.817778148606934 28.0 22.53804342422988 0.8429955913329614 57347.076 57403.052 16 16 "Minimization exited successfully."
1341894 28 0.3121 57390.05801150386 2.9423083168333653e-05 -0.16539036695849338 -0.03424606984883954 0.0 0.3573962235604995 7.797956755158208e-07 0.33521398511569955 0.022751864106623557 10.298337752401743 24.0 21.83041536467939 1.0863801588501794 57365.051 57427.057 16 12 "Minimization exited successfully."
1342255 25 0.2141 57390.566921923644 8.512871965524043e-05 0.7073110442021397 -0.0439699611973721 0.0 0.1433587662941136 7.418163550844593e-07 0.18597007857495138 0.007994883119664594 19.27410413349304 21.0 20.676267732572015 0.9278283859540011 57365.107 57428.056 16 9 "Minimization exited successfully."
1343208 36 0.4993 57390.84607742381 1.0827095268564879e-05 -0.056386880995089796 -0.01718540547722261 0.0 0.390928021271975 2.3452473452774094e-07 0.34140901504170057 0.018504884666945626 17.01856697472148 32.0 22.915821499234596 1.064659487680352 57355.251 57426.117 22 14 "Minimization exited successfully."
1343337 31 0.3389 57394.33824921893 1.7688303553004307e-05 1.0807723506281024 0.16016319062026546 0.0 0.6088226443062013 6.51023604498622e-07 0.6025103859012335 0.029596973986573887 25.37977775939138 27.0 22.38054893779163 0.8566883044754299 57372.223 57426.147 19 12 "Minimization exited successfully."
1343401 24 0.3829 57394.89401863397 2.513727080525538e-05 0.9428549160880881 -0.04143033858787844 0.0 0.6374401408720587 8.134079011399651e-07 0.688578969151781 0.025402930808497266 4.692080719708401 20.0 22.000459272730538 0.8872706056991433 57372.046 57427.057 12 12 "Minimization exited successfully."
1343533 31 0.368 57389.65775620891 1.5526296222036338e-05 -0.7327281551174147 0.004728200053386091 0.0 0.9401267775538145 9.979708812472302e-07 1.0727638081939934 0.058016968331851854 10.357892393889525 27.0 22.524831702999897 1.1976658988685642 57365.036 57407.048 19 12 "Minimization exited successfully."
1343759 32 0.508 57395.8128852332 1.3099663491155927e-05 0.35319993050095755 -0.1029845586790881 0.0 0.2824657405508333 1.7842202161367582e-07 0.33668474273857657 0.010544629207006596 42.602929950738826 28.0 22.708174831184174 0.9930805527731721 57365.133 57426.118 20 12 "Minimization exited successfully."
1343871 28 0.6379 57390.19619842616 6.62015518170439e-06 1.3632055521776374 -0.06835210450060723 0.0 1.1457613043385209 3.5300472977306114e-07 1.0004926941259624 0.034027510901148486 19.78808422888821 24.0 23.448501284870886 0.8175891201277707 57355.223 57408.057 16 12 "Minimization exited successfully."
1344692 28 0.3795 57394.5442267432 8.729757199783398e-06 -0.8575249880252255 0.21380051353647192 0.0 1.2578492943030142 6.734167167521621e-07 1.4445963922566545 0.07587785766820934 7.799281549286025 24.0 23.147549889014577 1.2086670547708707 57366.054 57427.068 16 12 "Minimization exited successfully."
1345553 24 0.3189 57394.448959622416 3.5296713234003734e-05 0.20019907858099167 -0.13301744517624284 0.0 0.37841874603691394 8.260784819087236e-07 0.4811631589610894 0.0178216522206253 17.868814662300366 20.0 21.631753213937436 1.0224647843615529 57372.046 57427.057 12 12 "Minimization exited successfully."
1345582 28 0.4588 57398.9248382465 1.5385553118740506e-05 0.6815302583913173 -0.08302776321600552 0.0 1.289743965236994 6.920327433554963e-07 1.401848711900158 0.042544856441302 15.153805839299952 24.0 22.533459202933997 0.9338772592440705 57365.051 57427.057 20 8 "Minimization exited successfully."
1345594 23 0.4224 57397.99149153287 2.005320477427493e-05 0.052433613668308725 -0.13562385507121524 0.0 0.9566227082141268 1.084723771585057e-06 1.1326955568619443 0.04201643099904061 11.340161831664092 19.0 22.245699870941422 1.0501942151019108 57372.046 57427.057 16 7 "Minimization exited successfully."
1346137 28 0.3635 57403.23269311698 2.13218337805129e-05 0.8195339422235172 0.024706855456283254 0.0 0.7057960948841355 6.48671296049679e-07 0.6004933786582793 0.029461467375853635 6.759331863569505 24.0 22.179332541647906 0.9057838733321333 57375.046 57425.153 20 8 "Minimization exited successfully."
1346387 28 0.3445 57395.10299369054 1.64788947623403e-05 -1.5585427466706459 0.0004018269523529416 0.0 0.16045007019783952 2.4103535810878713e-07 0.23618999091388376 0.011744857186652531 40.43435223873496 24.0 22.460583882618614 1.3842783052434768 57372.127 57426.118 15 13 "Minimization exited successfully."
1346956 20 0.3335 57411.861797642836 3.689423278982162e-05 0.5890468441718972 -0.09857328310408246 0.0 0.2313295492385805 8.293009465651848e-07 0.27011174226542717 0.015163686664390403 31.128029680558125 16.0 21.58378521930124 0.9507384655550446 57387.178 57426.147 16 4 "Minimization exited successfully."
1346966 27 0.3355 57407.52623020605 3.662745427585543e-05 0.5535841338170346 -0.10106280792601005 0.0 0.4016038751069573 6.832568184154226e-07 0.3549201947892293 0.01590264790554659 17.596341343813812 23.0 21.591669340490757 0.9571107170260618 57376.057 57426.147 19 8 "Minimization exited successfully."
