pipeline_outputs/des/salt2_2.4_4param_blue.ecsv
# %ECSV 0.9
# ---
# datatype:
# - {name: cid, datatype: string}
# - {name: num_points_desg, datatype: float64}
# - {name: num_points_desr, datatype: float64}
# - {name: num_points_desi, datatype: float64}
# - {name: num_points_desz, datatype: float64}
# - {name: num_points_desy, datatype: float64}
# - {name: z, datatype: float64}
# - {name: t0, datatype: float64}
# - {name: x0, datatype: float64}
# - {name: x1, datatype: float64}
# - {name: c, datatype: float64}
# - {name: z_err, datatype: float64}
# - {name: t0_err, datatype: float64}
# - {name: x0_err, datatype: float64}
# - {name: x1_err, datatype: float64}
# - {name: c_err, datatype: float64}
# - {name: chi, datatype: float64}
# - {name: dof, datatype: float64}
# - {name: message, datatype: string}
# meta: !!omap
# - bounds:
#     c: [-0.5, 1]
#     t0: [51900, 57420]
#     x0: [0, 0.05]
#     x1: [-5, 5]
# - {modelcov: true}
# - {warn: false}
# schema: astropy-2.0
cid num_points_desg num_points_desr num_points_desi num_points_desz num_points_desy z t0 x0 x1 c z_err t0_err x0_err x1_err c_err chi dof message
[from data line 65]
1301933 0 16 15 0 0 0.3299 56953.1087362566 3.101152613443348e-05 -0.23086267794428217 -0.09105311930650067 0 0.13601188280881615 1.1193715787991009e-06 0.10424263990725846 0.03732421251642451 48.23319343526178 27 "Minimization exited successfully."
1302058 0 14 16 0 0 0.1984 56959.81668563864 0.00011334168640721454 0.5825499467293138 0.006143365949037305 0 0.16881876392653794 6.872621632793287e-06 0.17707944256031594 0.05237237285798743 61.47674070916451 26 "Minimization exited successfully."
1302141 0 0 22 24 0 0.6088 57280.67245375499 7.205530538706428e-06 -0.2689618252559285 0.12251675435537179 0 1.2450477552010852 1.0813268225717822e-06 0.8050153772643527 0.16807649372468642 51.84888574850068 42 "Minimization exited successfully."
1302187 0 9 15 0 0 0.2195 56953.22982005306 6.0847074909853306e-05 -0.9252740980484537 0.004827108158427684 0 0.38383959575367044 7.092153494402121e-06 0.4380018452625867 0.09029831311706987 16.733408494134316 20 "Minimization exited successfully."
1302523 0 15 13 15 0 0.4239 57288.702659071954 1.6017541003132686e-05 0.29011577110436626 -0.030826113587633097 0 0.30975827252404997 6.290792877436394e-07 0.269512798635708 0.03546024044679946 38.06574578214411 39 "Minimization exited successfully."
1302648 0 13 15 0 0 0.2319 56948.80616545877 5.0840511652464064e-05 -0.7815149564221464 0.023843997168788933 0 0.41043396443274105 3.861311092737128e-06 0.3147320107554299 0.06568879074161582 54.81012775954558 24 "Minimization exited successfully."
1303004 0 18 18 0 0 0.2949 56960.544377956016 4.2583819680228066e-05 0.9006524242641802 -0.045363782185357415 0 0.22870382580003934 1.8844522794297935e-06 0.21144342035985986 0.04313653363872666 95.69705596809263 32 "Minimization exited successfully."
1303279 0 8 9 0 0 0.1724 56966.19804853422 0.00020888385129521904 1.0723837221252372 -0.14358102456548416 0 0.3875231153142522 2.055602532834711e-05 0.5002494602217529 0.07840054165904398 70.61073988916394 13 "Minimization exited successfully."
1303496 0 10 9 0 0 0.1798 56966.26872354263 8.610389962132038e-05 -0.20527083042556082 0.04030864655058175 0 0.3285759992941166 8.046580756038146e-06 0.4438320126349651 0.0752820659444349 35.31827578616977 15 "Minimization exited successfully."
1303883 0 17 18 0 0 0.2591 57286.467193741126 5.474182738467448e-05 0.36726147400675657 -0.06880988100492297 0 0.28091794794090674 3.2321292750436852e-06 0.28977105433302386 0.05411327979415237 79.25918036844061 31 "Minimization exited successfully."
1303952 0 0 21 21 0 0.5626 57287.42184277395 1.143989103702392e-05 -0.8396644235608068 -0.24509787333895316 0 0.8517322184015939 1.9430329810193877e-06 0.8141363428100346 0.17506676624421236 36.96330619656226 38 "Minimization exited successfully."
1304127 0 0 0 21 0 0.7286 57285.1430155292 6.376764302878924e-06 4.614034308390121 -0.4999986224062565 0 2.8725792416225886 1.1263863854610311e-06 8.45814689873276 1.1936249147455773 18.909327004113884 17 "Minimization exited successfully."
1304442 0 2 2 0 0 0.2171 56965.75326289842 5.889265997425786e-05 1.2307362851189305 0.12569387425488943 0 2.6805656075230218 4.6859041161109724e-05 2.929185823074453 0.5232570949496511 1.1321760860148181e-05 0 "Minimization exited successfully."
1304678 0 10 13 0 0 0.2188 56963.5945551951 5.677276955800282e-05 -1.5161115734651736 -0.030174503013183418 0 0.6370642242582107 1.038212033967895e-05 0.7099716761309536 0.1404854065152551 4.946998699056374 19 "Minimization exited successfully."
1305504 0 0 14 16 0 0.4956 56973.653461818016 1.1251543524345986e-05 -0.36750622257278476 -0.09184959129555254 0 0.44266102432084153 7.859163658890944e-07 0.3193269496632687 0.06344462599831874 15.002856503492978 26 "Minimization exited successfully."
1305626 0 15 13 0 0 0.3257 56975.25464390964 3.0848339932737503e-05 -0.2639693778084 -0.09384651349109685 0 0.20454363327735336 1.131224174555358e-06 0.13444305887248875 0.038225938250151914 23.65343174805539 24 "Minimization exited successfully."
1306029 0 19 19 20 0 0.4289 57279.746962369914 1.3087479390805346e-05 1.3544077283854286 0.022191542136624998 0 0.8794284894502198 6.679033346404514e-07 0.5476950569890748 0.05059717123148977 65.62615975491536 54 "Minimization exited successfully."
1306073 0 15 13 0 0 0.3286 56971.99186027744 2.253978008393276e-05 -1.3104197951326855 -0.00045191792150367505 0 0.4242626807608758 1.1980245311710155e-06 0.27261852171401313 0.05686604155888156 7.811319262527137 24 "Minimization exited successfully."
1306141 0 15 17 0 0 0.3324 56977.55362022412 3.281135180369377e-05 0.05993047355043135 -0.08475272117489596 0 0.00015244403766700998 1.6959999199844824e-06 0.30038194421356534 0.055379577524179935 26.000750791221304 28 "Minimization exited successfully."
1306360 0 0 19 21 0 0.4494 57279.472396084464 1.2450478430345303e-05 -0.37003573406966606 -0.04366246115271516 0 1.650439902303333 3.2920794466026474e-06 1.0267078588982592 0.22209995915249908 12.972572081724465 36 "Minimization exited successfully."
1306390 0 17 17 17 0 0.407 57280.48752794854 9.240592626508227e-06 -0.08504798012616455 0.1839434551618283 0 1.6170137700646592 8.929887477193704e-07 0.8792916215299651 0.09524020376154052 11.275905216403146 47 "Minimization exited successfully."
1306537 0 0 19 20 0 0.4795 57288.11296386638 1.6150231084774427e-05 1.248074866094556 -0.15717446937555873 0 0.666564190556528 2.111649484844158e-06 0.7566189966620964 0.11261300329656393 51.38572933093326 35 "Minimization exited successfully."
1306626 0 18 18 20 0 0.4095 57284.771247096374 1.9743627520318888e-05 0.37023970726942146 -0.0678192778259527 0 0.0007689678350288887 9.593653389400328e-07 0.3754827631935038 0.045172873498706384 44.62323554355048 52 "Minimization exited successfully."
1306785 0 0 11 12 0 0.5787 57282.0929305898 7.062222006642971e-06 0.9811411147598523 0.17520956342625482 0 3.075696708765463 1.6260156304487296e-06 2.895920397077853 0.2227504139411345 9.413613071115883 19 "Minimization exited successfully."
1306980 0 0 22 24 0 0.5489 57281.496231420766 7.840739718539824e-06 -1.8757054608057517 0.08906126742819953 0 1.5944530246451905 2.053824159591045e-06 0.9274626082507789 0.24106054145431532 27.620123767018725 42 "Minimization exited successfully."
1306991 0 18 17 20 0 0.4217 57288.30535440931 1.8870686176689078e-05 -0.2837599582245227 -0.09001297491385918 0 0.8177512139664032 2.096926458171334e-06 0.8065459403707542 0.09917995207600239 19.963121260102763 51 "Minimization exited successfully."
1307277 0 18 18 19 0 0.4107 57284.2577483776 1.0668350257772574e-05 -0.26347336848679426 0.24464440490562434 0 0.9564327824555221 1.140489708947867e-06 0.9117114841898866 0.08978270163895508 27.697139541032744 51 "Minimization exited successfully."
1307830 0 15 16 15 0 0.3493 57286.2029905094 1.8730079342979546e-05 -1.7587156464631177 -0.06978489088715756 0 0.29611903682598495 7.895867058280149e-07 0.252632942542804 0.04366845566856367 35.80028856567 42 "Minimization exited successfully."
1308314 0 18 19 19 0 0.4065 56977.86138052877 1.6496089478243438e-05 0.07249797112176282 -0.046364882139531605 0 0.3803249277334544 6.58787217165667e-07 0.29320748712524125 0.038367428250510455 50.953574217593626 52 "Minimization exited successfully."
1308326 0 16 16 0 0 0.3262 56976.20388334812 3.131109326039439e-05 0.2661440800303607 -0.029466547652374553 0 0.3499838543139049 1.4199205729495394e-06 0.2925058624148451 0.048086546320585705 32.4946788813924 28 "Minimization exited successfully."
1308568 0 0 19 21 0 0.6431 57291.35218662745 5.90425485222923e-06 1.989374549419348 0.15737257013909467 0 1.5602662686287658 1.2082833513726854e-06 1.5821738566593098 0.1905894367243422 38.59895284827238 36 "Minimization exited successfully."
1308582 0 14 15 15 0 0.3669 57287.72257587452 2.499647035289765e-05 -0.5077491767900417 -0.053534792249380736 0 0.49109594977926463 1.5204518431857772e-06 0.39851781955566334 0.054533492238812487 21.40411394616193 40 "Minimization exited successfully."
1308884 10 13 0 0 0 0.0772 57293.50457023921 0.0003185926373566711 -1.429657398830824 0.0798285597859798 0 0.10126337876499747 9.887820336286485e-06 0.07893354586445889 0.029356066526279923 9.21763003287575 19 "Minimization exited successfully."
1308957 0 0 19 18 0 0.6187 57289.924590451454 7.621373442762147e-06 1.4198793342279545 -0.37548031306465457 0 1.7226993532858614 1.5494952824865465e-06 1.7291320124311285 0.22439101898856229 35.0159011619204 33 "Minimization exited successfully."
1309288 0 6 13 0 0 0.2684 56989.725619832774 6.155455951456501e-05 0.35121412461621926 -0.11848847885687369 0 1.1000712603599823 1.771228846247086e-05 0.8295477971984502 0.20991404239168915 2.471705276252295 15 "Minimization exited successfully."
1309492 0 15 15 0 0 0.3335 56993.22842911913 3.437470204714632e-05 0.1372473744567113 -0.08136775781493982 0 0.13056890066582127 1.275818468962632e-06 0.1177967119264074 0.03801695055585236 68.53213713340911 26 "Minimization exited successfully."
1309749 0 0 0 19 0 0.7893 56987.147570827714 6.427510437903572e-06 0.8972766001804029 -0.4995033562212978 0 1.0526797212733072 5.163817439826635e-07 0.7977773746223975 1.4927031378063385 6.715355427717814 15 "Minimization exited successfully."
1310338 0 17 9 19 0 0.4388 56977.12284738462 1.6181660373223996e-05 -0.24018604921204645 0.008753750639683089 0 0.46398923838569317 6.06547359879861e-07 0.3571712400075153 0.0381938229295293 28.651667369775694 41 "Minimization exited successfully."
1310395 0 18 17 0 0 0.289 56980.98691772726 2.563781114659769e-05 -0.9248367145360792 0.06803520449227074 0 0.3222589366196189 1.359764649305762e-06 0.30288974066223284 0.050738010499429886 22.51188108225299 31 "Minimization exited successfully."
1312274 0 16 16 14 0 0.438 56977.34873575816 1.2489829590481284e-05 -1.1776399495967835 -0.04680352052461734 0 0.7445959708602459 7.029125632121432e-07 0.5887989610991136 0.0626584073885077 15.950544883317729 42 "Minimization exited successfully."
1313594 0 12 14 0 0 0.2883 57002.29698336169 4.440819849228506e-05 0.7053396377426253 -0.05310595777190957 0 0.2764613183135225 2.0042608684739407e-06 0.2190345202854438 0.04459324527417477 11.614188288875722 22 "Minimization exited successfully."
1314897 0 11 14 0 0 0.3369 57301.22381521033 2.8500957965185705e-05 0.8284164907658855 0.014394999872140657 0 0.5176260004482174 1.84478274566635e-06 0.5200374262141905 0.07358274162719566 19.470537546145373 21 "Minimization exited successfully."
1315192 0 7 12 0 0 0.2254 57008.790103234074 5.4206258367794914e-05 1.0373843907820053 0.13420210863675042 0 0.31167575206200127 4.86056355710057e-06 0.3373098770731753 0.06740592342661705 13.49807107122733 15 "Minimization exited successfully."
1315259 0 10 11 0 0 0.228 57004.49972291576 4.6130222406542964e-05 -0.4292986899421809 0.07894246808786565 0 0.3176880962710129 2.7176152808852667e-06 0.2353796847279921 0.053031374793088226 9.066822952877978 17 "Minimization exited successfully."
1315296 0 14 13 14 0 0.4126 57004.378009265405 1.0039407009407309e-05 1.4966924256031966 0.16640004275997788 0 0.8338198024684971 6.683010455116328e-07 0.700772147156576 0.06322297608677391 21.876202034005715 37 "Minimization exited successfully."
1316385 8 3 8 0 0 0.1478 57018.99839777847 0.00019044479504452816 1.4863933133153173 0.0287402816388459 0 0.20417307078605518 8.035871716385856e-06 0.24835151635278452 0.03212938822932976 35.9992630721569 15 "Minimization exited successfully."
1316431 0 10 10 0 0 0.1981 57018.536262061156 0.00010546558772871751 0.8898737288414482 -0.0898001071574353 0 0.16550664109308855 6.055147165105747e-06 0.18142698508695032 0.04950081969109971 16.07349427591064 16 "Minimization exited successfully."
1316437 0 0 13 11 0 0.482 57010.439668264335 1.4318187101453052e-05 -0.22197709997589143 -0.3932633684501398 0 1.1736580822143878 2.5328887478651136e-06 1.2868999967491987 0.15619373788865484 27.076399713942386 20 "Minimization exited successfully."
1316465 0 11 10 0 0 0.3291 57021.62552961116 2.823467935308688e-05 0.5089518666909427 0.013365828622402987 0 0.13029265451041283 1.0494346976516754e-06 0.13571817521526075 0.037507498726124355 16.195085372259918 17 "Minimization exited successfully."
1317164 0 5 6 0 0 0.1547 57293.31684693571 0.00011101147661830291 -2.322323921315321 -0.05846372524498189 0 2.0046101900879876 2.7717524476361672e-05 0.587943563659018 0.18513567682346443 31.36474547132901 7 "Minimization exited successfully."
1317277 0 12 13 0 0 0.2371 57008.06287046223 4.566834666701048e-05 -1.4228909225591058 -0.013941686830402866 0 0.4271953045463306 3.4384621811822655e-06 0.3811462027043264 0.07089753145030497 9.722367368596247 21 "Minimization exited successfully."
1317286 0 14 13 0 0 0.279 57015.30644845937 5.179613982434217e-05 0.764841505606495 -0.06432605646265604 0 0.20223384234850528 2.2140992109231948e-06 0.191275502799217 0.040841227703328514 21.468107194932735 23 "Minimization exited successfully."
1317454 0 0 10 10 0 0.5688 57014.20593610826 7.545437125783261e-06 -0.3522755530484174 0.12003402647939887 0 0.9236525097985577 7.831326266222183e-07 0.7807795982129635 0.10878368843367298 18.253883093782676 16 "Minimization exited successfully."
1317666 10 12 12 0 0 0.1414 57301.43037212091 0.00011001331046121555 -0.10693895236326156 0.10330167074404084 0 0.11342898650036659 4.014477529762361e-06 0.10739831011542789 0.0296493785308794 7.709281763140783 30 "Minimization exited successfully."
1319366 0 17 17 0 0 0.2361 57304.50986124745 7.127519974115815e-05 1.2048186135140968 -0.008245030844772072 0 0.2995040756286471 3.8080865122081044e-06 0.2291019593029784 0.048252183019273365 79.24746721040252 30 "Minimization exited successfully."
1319821 0 10 13 0 0 0.3088 57020.50933678807 3.204826719149789e-05 -0.5618626687473496 -0.06709128330654818 0 0.3735220634334837 2.35225249619331e-06 0.3640757213656851 0.06500905520966616 15.891519268757232 19 "Minimization exited successfully."
1320166 0 0 10 9 0 0.449 57021.775485464095 8.558785763090882e-06 0.0027697258409551395 0.3349715681536751 0 0.7713447953901778 1.3324169082368224e-06 1.0470372923640414 0.12666796179796874 12.265641902410888 15 "Minimization exited successfully."
1322229 0 0 7 7 0 0.5261 57034.835833567675 1.0487624505248206e-05 1.8032707045897727 -0.030087792228189858 0 1.2793342468394258 1.0378418481379882e-06 1.1012227922499664 0.10288630115295952 4.942257836013431 10 "Minimization exited successfully."
1322979 0 0 9 10 0 0.5294 57038.34605932155 1.0798441024034711e-05 -0.43949255351959593 -0.10491369002290463 0 0.40581686543737305 6.110664929517838e-07 0.40293463136321916 0.05415725863465168 17.66710480253 15 "Minimization exited successfully."
1324542 0 0 9 10 0 0.5415 57044.02057607539 9.094288756597568e-06 0.13484927189714213 -0.12027181517270635 0 1.2831754278886365 1.2893136113550915e-06 1.1596059344912626 0.14329915033925383 10.675906895197446 15 "Minimization exited successfully."
1325358 0 0 0 7 0 0.7793 57047.840606188256 5.421230207261485e-06 2.020394160879717 -0.02160471373664541 0 0.2725768993223028 6.688020094658409e-06 2.249629554644572 0.8079736815705705 6.711868272111194 3 "Covariance may not be accurate. Covariance not positive definite. Covariance forced positive definite."
1327978 0 10 13 0 0 0.2073 57307.447812747356 6.830622306434608e-05 0.20282987129391117 0.049763641409034554 0 0.9214377164644247 1.1755018411400976e-05 0.8073074969372582 0.15240026134500972 7.709042983683212 19 "Minimization exited successfully."
1328066 0 0 20 22 0 0.4489 57299.59624839619 1.7795280859167484e-05 1.9632230918017566 -0.1788564484485179 0 0.006825878575909883 3.2189235096430355e-06 0.8795761014429977 0.15527681799401405 21.76020735907513 38 "Minimization exited successfully."
