pipeline_outputs/des/salt2_2.4_5param_blue.ecsv
# %ECSV 0.9
# ---
# datatype:
# - {name: cid, datatype: string}
# - {name: num_points, datatype: int64}
# - {name: z, datatype: float64}
# - {name: t0, datatype: float64}
# - {name: x0, datatype: float64}
# - {name: x1, datatype: float64}
# - {name: c, datatype: float64}
# - {name: z_err, datatype: float64}
# - {name: t0_err, datatype: float64}
# - {name: x0_err, datatype: float64}
# - {name: x1_err, datatype: float64}
# - {name: c_err, datatype: float64}
# - {name: chi, datatype: float64}
# - {name: dof, datatype: float64}
# - {name: b_max, datatype: float64}
# - {name: delta_15, datatype: float64}
# - {name: tmin, datatype: float64}
# - {name: tmax, datatype: float64}
# - {name: pre_max, datatype: int64}
# - {name: post_max, datatype: int64}
# - {name: message, datatype: string}
# meta: !!omap
# - bounds:
#     z: [0.01, 0.9]
# - {warn: false}
# schema: astropy-2.0
cid num_points z t0 x0 x1 c z_err t0_err x0_err x1_err c_err chi dof b_max delta_15 tmin tmax pre_max post_max message
[from data line 185]
1339002 9 0.4922322985189523 57372.51614257657 1.7205593012286315e-05 -0.7326891132841755 -0.4419393567733581 0.6486468923306388 133.21294896470135 4.7480520552568155 4.77700558275487 1.0000009999994992 2.281927213763993 4.0 22.403684463179726 1.2264424708892534 57346.027 57427.066 3 6 "Covariance may not be accurate."
1339149 9 0.2809760104886744 57373.95557861651 9.59256603613196e-07 1.1347641652293265 2.0361001908384706 0.050841107234140065 0.8229406325990567 5.276224234417186e-07 1.232115659156643 0.3927359490970216 1.2523516055969806 4.0 25.317337182592688 0.7667010266018757 57346.029 57427.068 4 5 "Covariance may not be accurate. Covariance not positive definite. Covariance forced positive definite."
1339392 6 0.7161010800468931 57380.26517192476 1.53133580522964e-05 2.0738109499850426 -1.758512628469447 0.13929546085301758 5.939738235276309 3.857823200331586e-05 1.8805596373971691 1.8739053302320794 0.1388955846460057 1.0 22.385013627706464 0.7279948042140845 57345.331 57426.145 4 2 "Minimization exited successfully."
1339450 13 0.6128854798568419 57367.71366131838 8.62498329136897e-13 -3.16138401211387 22.83133335889351 0.011009097333609441 1.5177733834680112 1.1246253042004792e-12 1.112295227053224 1.01100492083812 5.9187590585266925 8.0 23.476377379545212 0.5378054090529893 57339.286 57426.147 5 8 "Covariance may not be accurate. Covariance not positive definite. Covariance forced positive definite."
1340454 22 0.4491686406610241 57375.44067815035 1.242009699692858e-05 1.423369694433857 0.3532437050640148 0.03379317161516976 0.5396777636487968 7.910865258384473e-07 0.5506071081235809 0.1044014193325921 10.778675862186109 17.0 22.758724195286376 0.7939341026293754 57345.314 57425.151 10 12 "Minimization exited successfully."
1341370 16 0.4090185574166368 57376.40583755642 1.5471277524878934e-05 1.3657281428593009 -0.02729575208902397 0.04042818726809169 0.4895649794707424 1.0899870632890908e-06 0.6724776934907558 0.058950593324267754 9.550266206453886 11.0 22.527038578835704 0.8158840471326521 57347.079 57403.049 8 8 "Minimization exited successfully."
1341894 7 0.5490876851989196 57389.90754295284 3.800663728117692e-08 -1.317152732548833 36.106662046104354 0.00607074050933798 0.938168000546284 1.837564203657135e-08 0.4822516957919755 2.0332564207818438 0.5158380348897772 2.0 -2.2121412847751962 0.6557574129746699 57365.054 57427.052 4 3 "Covariance may not be accurate. Covariance not positive definite. Covariance forced positive definite."
1342255 6 0.41692463722476336 57391.74327931757 2.146100762490305e-05 -0.5907600442927243 4.289032782278501 0.03380232456368193 0.8517705060257867 3.373428397446507e-05 0.6139233917543436 3.540832656394733 0.0010336470338012881 1.0 21.14660986528677 0.847844743386915 57365.11 57403.099 4 2 "Minimization exited successfully."
1343208 6 0.4519760943419776 57389.19979075301 8.062375833733828e-06 -2.2590118004540507 0.28478170419732757 0.06566964803109493 1.5377431767738017 4.203500050840329e-06 1.4267929223974454 0.5765122968277412 1.1880250923229008 1.0 23.232607550499893 1.5357336064827969 57356.144 57397.09 4 2 "Covariance may not be accurate. Covariance not positive definite. Covariance forced positive definite."
1343337 16 0.4093626115574219 57394.68915754257 1.585244707071801e-05 1.0732200395769105 0.20921868211861377 0.038534715920906765 0.8573304735255078 9.155455631568226e-07 0.9033376323847467 0.06041294608481585 5.364962030017514 11.0 22.49855267431481 0.8561092378791955 57372.226 57426.147 10 6 "Minimization exited successfully."
1343401 12 0.5049985851585566 57395.98875464301 2.162912110662738e-05 0.7586237938247267 0.05670069768327455 0.0778065469980379 1.0586771304369904 9.416608277320339e-07 1.1596819381649341 0.09133996785888475 1.5921462874907641 7.0 22.16369892055131 0.9149298201919471 57372.048 57427.054 8 4 "Minimization exited successfully."
1343533 16 0.3711002121943957 57389.90179583066 1.550098137141932e-05 -0.941975023492651 -0.001283067047573588 0.08481106111354311 1.8226231314692996 2.5759885776441355e-06 1.6463510329690723 0.1740580368217248 2.375384371996027 11.0 22.526717153446345 1.242651362486221 57365.039 57407.046 10 6 "Minimization exited successfully."
1343759 7 0.4155332119704401 57394.113223311426 1.2564952567901464e-05 -0.7651297442412693 0.003479702552462622 0.04380291929275937 0.5712598387835897 2.4139158900803044e-06 0.9365552367372959 0.19486559021518973 4.036579715394648 2.0 22.75461779502358 1.2045457889335829 57365.223 57425.071 4 3 "Covariance may not be accurate. Covariance not positive definite. Covariance forced positive definite."
1343871 7 0.6278596256619029 57386.76981243847 1.0777231814511576e-11 -0.8755327922292605 20.396546186132834 0.011536548069187746 2.0381788283666538 8.716800394096297e-12 1.1368004567566776 0.9214992123466462 0.8857280008442155 2.0 23.21808494451611 0.4885486215770385 57355.228 57408.055 4 3 "Covariance may not be accurate. Covariance not positive definite. Covariance forced positive definite."
1344692 14 0.6056376059776278 57395.46118136257 8.870113619431487e-06 -1.5026033149571587 0.13567865870687054 0.08067181195453987 1.802138497328997 8.177580630669472e-07 1.4988206510884832 0.24411722011704037 2.5711963488628853 9.0 23.132005104146675 1.3582463172823616 57366.056 57427.068 8 6 "Minimization exited successfully."
1345553 6 0.43417412452943244 57393.64459671073 2.4223024916118853e-10 -1.3366026837923135 26.984755497483608 0.004114531765675888 0.8478937127511017 8.43123818514211e-11 0.5408748918479954 0.6658656100868031 1.2341286298126257 1.0 13.039893477007109 0.5144501130914456 57372.048 57427.052 3 3 "Covariance may not be accurate. Covariance not positive definite. Covariance forced positive definite."
1345582 7 0.41010933274521155 57396.80652210121 9.68611477547602e-05 -1.9516996954356347 -2.0180186653125967 0.050055921752344856 2.109840815766802 0.0002897614439560587 1.91352659483365 3.427235713417584 0.9277631947492295 2.0 20.34618742973904 1.646315164148774 57365.056 57427.054 5 2 "Minimization exited successfully."
1345594 11 0.5457852885845424 57397.56634361445 1.8242363739555063e-05 -2.1851238434829887 0.057454263076782516 0.04517439193815176 1.558758298840985 1.4521479324067218e-06 1.2153963173085356 0.19802220226248665 3.1457130563910813 6.0 22.350242457431186 1.542012912652492 57372.048 57427.054 8 3 "Minimization exited successfully."
1346137 14 0.4443888786155447 57404.3373624246 1.845636749614452e-05 1.3099828943685312 0.08210313971808894 0.07378152330806367 1.163114974155178 2.377608690759596e-06 1.0780446569055397 0.18868423903581324 0.6826691398547866 9.0 22.335185021522605 0.8215560221077496 57375.048 57425.151 10 4 "Minimization exited successfully."
1346387 13 0.4116303280861739 57395.487358955455 1.546987625501487e-05 -1.4575625248797455 -0.038479523969689365 0.021852264736725607 0.272902444088686 4.2867851638610987e-07 0.3045624699679295 0.03957869953637598 8.64844330405637 8.0 22.52909516920729 1.3633262531058783 57372.136 57426.118 7 6 "Minimization exited successfully."
1346956 10 0.5440429918538312 57416.88725121273 2.511296922572711e-05 3.2920412342726677 -0.03003891760717802 0.032737449635601934 1.222712222715927 1.6606128020513818e-06 1.1148168269478138 0.1045418420343981 4.253270239649572 5.0 21.995375846731022 0.45679387979625474 57387.181 57426.147 8 2 "Minimization exited successfully."
1346966 14 0.34083415061528594 57407.51136769855 3.434668065182814e-05 0.5675346308556525 -0.009684432546364257 0.03161895044512167 0.7368459985264053 1.975997240233588e-06 0.6715477822939994 0.05186466935282461 5.083184880973629 9.0 21.661941638721018 0.950804909489186 57376.057 57426.147 10 4 "Minimization exited successfully."
