pipeline_outputs/des/salt2_2.4_5param_all.ecsv
# %ECSV 0.9
# ---
# datatype:
# - {name: cid, datatype: string}
# - {name: num_points, datatype: int64}
# - {name: z, datatype: float64}
# - {name: t0, datatype: float64}
# - {name: x0, datatype: float64}
# - {name: x1, datatype: float64}
# - {name: c, datatype: float64}
# - {name: z_err, datatype: float64}
# - {name: t0_err, datatype: float64}
# - {name: x0_err, datatype: float64}
# - {name: x1_err, datatype: float64}
# - {name: c_err, datatype: float64}
# - {name: chi, datatype: float64}
# - {name: dof, datatype: float64}
# - {name: b_max, datatype: float64}
# - {name: delta_15, datatype: float64}
# - {name: tmin, datatype: float64}
# - {name: tmax, datatype: float64}
# - {name: pre_max, datatype: int64}
# - {name: post_max, datatype: int64}
# - {name: message, datatype: string}
# meta: !!omap
# - bounds:
#     z: [0.01, 0.9]
# - {warn: false}
# schema: astropy-2.0
cid num_points z t0 x0 x1 c z_err t0_err x0_err x1_err c_err chi dof b_max delta_15 tmin tmax pre_max post_max message
[from data line 192]
1342255 25 0.22611529478282438 57390.663759591094 8.573759455097189e-05 0.590615901770825 -0.0724641009465927 0.01722020755623717 0.17313474880938884 7.824864818235825e-07 0.2066232546705714 0.04018601140753546 11.879172311697143 14.0 20.668470272287003 0.9493848211821145 57365.107 57428.056 16 9 "Minimization exited successfully."
1343208 36 0.4926207688379845 57390.78686966457 1.0701114191758178e-05 -0.032079737790258626 -0.03032303549182947 0.029556216346694558 0.5327432117046556 2.492977926881063e-07 0.37989016606854464 0.03751278866654685 12.232852214592205 21.0 22.928487974487638 1.0607624140624416 57355.251 57426.117 22 14 "Minimization exited successfully."
1343337 31 0.3309372112476443 57393.83720812546 1.751261761911055e-05 1.159389254221618 0.16726823310317682 0.014238945060741387 0.7143388662079815 7.957601784864735e-07 0.7012323667129231 0.044479171427995824 20.047566348969386 18.0 22.39117932829989 0.8434331106199515 57372.223 57426.147 15 16 "Minimization exited successfully."
1343401 24 0.3956088280321761 57395.24453102947 2.4745940242101097e-05 1.1312015395543282 -0.07259423938348118 0.02764631768464676 0.9620397645194316 1.1808044435494727e-06 0.9161761485249136 0.06272923016966508 3.8340074340648425 13.0 22.017137419712896 0.856512585236537 57372.046 57427.057 16 8 "Minimization exited successfully."
1343533 31 0.3664435186566562 57389.45308545752 1.53217594414189e-05 -0.5528526980743809 -0.0032653282299679913 0.04669683198386293 1.1898610839270987 1.1463156859681677e-06 1.2690400985808117 0.11559709129970046 9.666983071886806 18.0 22.539136938192236 1.1611190650665648 57365.036 57407.048 19 12 "Minimization exited successfully."
1343759 32 0.45274378894284734 57395.48906857917 1.3385450352357572e-05 0.5121240794933798 -0.08905315498746537 0.00789808265719319 0.30227171507431194 2.5107534604325993e-07 0.37825109303735727 0.015394529820218326 26.09402181814413 19.0 22.684749566514828 0.963962276279819 57365.133 57426.118 20 12 "Minimization exited successfully."
1343871 28 0.541325246423935 57388.26499495502 7.055157097498123e-06 0.7660463331522699 0.04258042667490768 0.030103358309184813 0.9880790051320218 3.3313522847418644e-07 0.7987600117742301 0.07217668282506008 12.402064284896646 16.0 23.380103125967736 0.9142273363350597 57355.223 57408.057 16 12 "Minimization exited successfully."
1344692 28 0.35096148567882646 57393.455145394226 8.69358513698205e-06 -1.9738222508413523 0.2635639595209038 0.030357864234882126 1.1839340565275052 8.05255292318097e-07 1.608251113734299 0.10706856882245472 4.558161125697573 16.0 23.151279510202784 1.462028573899122 57366.054 57427.068 16 12 "Minimization exited successfully."
1345553 24 0.2810565957593281 57393.9057449597 3.542081708512648e-05 0.3289025216048183 -0.08747056958701596 0.02484802604028888 0.5116895182109147 1.0460809164444285e-06 0.5203444549780489 0.028709478940784523 9.063637599498282 13.0 21.628341920461843 0.9967851789130577 57372.046 57427.057 12 12 "Minimization exited successfully."
1345582 28 0.494145578662465 57399.49257854955 1.5120939865340991e-05 0.7363751205439439 -0.0955313679071956 0.09220542048220892 1.4798483316808415 5.955076560443336e-07 1.4690885946856065 0.08101765623366765 9.426827366693033 16.0 22.55213778125856 0.9248145477401017 57365.051 57427.057 20 8 "Minimization exited successfully."
1345594 23 0.39148185819593595 57397.33238749514 2.0318360065912613e-05 -0.11205777708270981 -0.0772066416319199 0.03383850161292412 1.1908889599399117 1.2670902110510446e-06 1.238323816881261 0.08732709611484364 9.359965743987647 12.0 22.232157036179366 1.0784716655376627 57372.046 57427.057 16 7 "Minimization exited successfully."
1346137 28 0.34755173005145473 57402.92209705902 2.1006228159335915e-05 0.7877130759977042 0.05350957140924528 0.022678918389051866 0.8908939502762223 8.395533713395348e-07 0.7438839148394557 0.05672217628976436 3.825298283909297 16.0 22.19542023122861 0.9100812503920537 57375.046 57425.153 20 8 "Minimization exited successfully."
1346387 28 0.35483600768343543 57394.89266306576 1.674844871285065e-05 -1.816978202261046 -0.0027473161738965986 0.005467011112815445 0.1738452742829395 2.66775487403973e-07 0.27910993556449226 0.014164424585908046 14.387078225413784 16.0 22.443079916839448 1.4494881135115598 57372.127 57426.118 15 13 "Minimization exited successfully."
1346956 20 0.334510549226989 57411.972779605014 3.609588136672531e-05 0.8059100290366026 -0.10834930847592886 0.014213776426122038 0.3035419383122644 9.625394158034898e-07 0.32547633411591675 0.025337515151114022 24.083864554437387 10.0 21.60724938450557 0.9132481880338013 57387.178 57426.147 16 4 "Minimization exited successfully."
1346966 27 0.24643809814488554 57406.608709611326 3.739881901864864e-05 0.49755371733888143 0.007817574269437138 0.02761502535664717 0.4019713837042218 7.443728228389813e-07 0.4331046051715547 0.05275060680550556 10.74957874499975 15.0 21.569557762238524 0.9623614396084896 57376.057 57426.147 19 8 "Minimization exited successfully."
