pipeline_outputs/des/salt2_2.4_4param_blue.ecsv
# %ECSV 0.9
# ---
# datatype:
# - {name: cid, datatype: string}
# - {name: num_points_desg, datatype: float64}
# - {name: num_points_desr, datatype: float64}
# - {name: num_points_desi, datatype: float64}
# - {name: num_points_desz, datatype: float64}
# - {name: num_points_desy, datatype: float64}
# - {name: z, datatype: float64}
# - {name: t0, datatype: float64}
# - {name: x0, datatype: float64}
# - {name: x1, datatype: float64}
# - {name: c, datatype: float64}
# - {name: z_err, datatype: float64}
# - {name: t0_err, datatype: float64}
# - {name: x0_err, datatype: float64}
# - {name: x1_err, datatype: float64}
# - {name: c_err, datatype: float64}
# - {name: chi, datatype: float64}
# - {name: dof, datatype: float64}
# - {name: message, datatype: string}
# meta: !!omap
# - bounds:
#     c: [-0.5, 1]
#     t0: [51900, 57420]
#     x0: [0, 0.05]
#     x1: [-5, 5]
# - {modelcov: true}
# - {warn: false}
# schema: astropy-2.0
cid num_points_desg num_points_desr num_points_desi num_points_desz num_points_desy z t0 x0 x1 c z_err t0_err x0_err x1_err c_err chi dof message
1248677 0 13 17 16 0 0.3502 56554.47187441162 3.3730378032290066e-05 1.0052237500320862 -0.10309936650610885 0 0.13725466409960063 1.134509415276485e-06 0.11962596139073423 0.029631452717137102 359.24415965520484 42 "Minimization exited successfully."
1250017 0 16 15 0 0 0.1817 56553.64781392346 0.00012199827108637929 0.5888037217068396 -0.07478851028797984 0 0.13382319219090277 7.83376574685496e-06 0.1951874392715598 0.05278829852487016 33.5836682157302 27 "Minimization exited successfully."
1253039 0 0 18 20 0 0.4535 56575.46368915729 1.7593997845791187e-05 -0.06946290843899217 -0.12159868264446105 0 0.5217749221337726 1.7996587288446334e-06 0.45912643767820205 0.08882955159152192 27.806470946649856 34 "Minimization exited successfully."
1253101 0 0 18 17 0 0.4596 56576.99082614959 1.5183348838823664e-05 1.4878168785784807 -0.010243081530299514 0 0.7482066867669346 1.913238944807605e-06 0.6106783741420139 0.11005466748884302 52.88413592071396 31 "Minimization exited successfully."
1253920 0 15 14 0 0 0.1956 56583.44772645465 9.19596241048315e-05 -0.5143717072069718 -0.014354522367967137 0 0.15995739856589353 6.023555019619985e-06 0.20172857748347406 0.055776780622053046 96.12665599746484 25 "Minimization exited successfully."
1255502 6 4 4 0 0 0.1482 56592.72357613393 0.00022870935869490072 1.0773455926282152 -0.04490537655041171 0 0.19015890641821898 1.5488906844705893e-05 0.2975815267777353 0.045371044206445804 75.25177848678031 10 "Minimization exited successfully."
1257366 0 8 10 0 0 0.2114 56611.96014272231 4.721471113637854e-05 -0.20779123426146295 0.09700363042020532 0 0.5529152902308851 6.105521420439466e-06 0.47540255624020933 0.10060460678613334 25.97386889959396 14 "Minimization exited successfully."
1257695 0 11 13 0 0 0.1838 56613.311546593286 0.00012206266123444831 0.40289629416382144 -0.06736087478412689 0 0.13214852784585673 7.793681789866613e-06 0.1281893243703771 0.05206287656480241 80.14540759035768 20 "Minimization exited successfully."
1258906 0 15 13 15 0 0.3492 56621.187779373955 2.2551790488811732e-05 -0.24710454675792892 -0.0536813039127893 0 0.3622814979062241 1.3966117498043218e-06 0.3372203693669973 0.051649047716328556 27.206882202095077 39 "Minimization exited successfully."
1258940 0 18 17 18 0 0.4259 56619.55897327086 1.5939274497525636e-05 -0.11330333073311571 -0.06162746157191257 0 0.4768883156175434 9.050652564068776e-07 0.41843459829594254 0.05093664834159467 50.20005845181151 49 "Minimization exited successfully."
1259412 0 11 12 0 0 0.3047 56624.3030059974 3.616108462886625e-05 0.9238717807281134 -0.0012599645008547489 0 0.27353433673852123 1.4426243670526147e-06 0.16694505471444288 0.040523729659902585 74.0911112765912 19 "Minimization exited successfully."
1261579 0 10 10 0 0 0.3222 56638.56859250929 3.018563508700445e-05 -0.21280735995933142 0.011772830070055584 0 0.13565070110416855 1.1774875955050647e-06 0.14236545425619385 0.03882500909749062 18.974584224457917 16 "Minimization exited successfully."
1262214 0 0 23 0 0 0.6894 56657.11017413584 6.381925221896068e-06 -0.3034478098163991 -0.49999917841455355 0 0.5621792525998899 2.2719500033241447e-07 0.3933572633883675 1.489434875792366 29.325576113733966 19 "Minimization exited successfully."
1262715 0 0 12 13 0 0.6894 56661.498967669584 6.859919916449298e-06 1.215725852741678 -0.08661982284316999 0 0.6330569789533911 3.6152356155949583e-07 0.5234711806482197 0.07595959489200735 9.60375431066236 21 "Minimization exited successfully."
1263369 0 9 9 0 0 0.3125 56665.879680406695 3.569316039923054e-05 -0.132731029487549 -0.16557329262721332 0 0.3936058924846293 2.235476856590759e-06 0.41595937956173445 0.06616381455956005 5.331055110412007 14 "Minimization exited successfully."
1263715 0 9 9 0 0 0.2919 56667.24205019641 3.944373346047303e-05 0.5275160140804065 -0.041911425740353 0 0.3188350869822898 2.3878555647810523e-06 0.41677143235631364 0.0536659556566349 11.236158582399778 14 "Minimization exited successfully."
1275946 0 18 19 0 0 0.2321 57261.631989308495 8.444506162236798e-05 1.4587122872159632 -0.08622107606117074 0 0.17344768780458253 4.2793110051134176e-06 0.19908623427675165 0.04497355476149667 364.14949215845417 33 "Minimization exited successfully."
1279500 0 12 12 0 0 0.235 57251.61740785739 5.851814451492132e-05 0.6622931835934267 0.008186361719991542 0 0.4108287461895088 2.681502297550982e-06 0.17301072450138388 0.04157531140440532 39.35134942290392 20 "Minimization exited successfully."
1280217 0 16 16 17 0 0.359 57251.33671068998 1.9204457720428672e-05 1.8775849391062387 0.15986859061915115 0 1.8269204699718102 1.0447936236973605e-06 0.6452547889157376 0.04926186622390066 104.84726823754413 45 "Minimization exited successfully."
1281668 0 20 21 0 0 0.3071 57271.03272749409 3.963218629340348e-05 0.0614042754163604 -0.1149592665537914 0 0.3964209151563409 1.970129652342776e-06 0.3264017780997852 0.04932261014778744 60.049026629167386 37 "Minimization exited successfully."
1281886 0 18 18 19 0 0.384 57268.36649339764 1.9859999960569752e-05 1.1968417202817427 0.014880142864628243 0 0.4961038840410765 1.3827104881777849e-06 0.43577974206015346 0.05674023506196074 51.66500659506367 51 "Minimization exited successfully."
1282736 0 19 16 20 0 0.3689 57266.5787651045 1.4463682048249105e-05 -0.46348132400511943 0.1243351842195608 0 0.5002577404520707 1.046587588811321e-06 0.44399431070904827 0.06069957234214973 39.30287207716003 51 "Minimization exited successfully."
1283373 0 13 15 0 0 0.2075 57268.8416143745 7.353532699387877e-05 -0.9377576643182124 -0.17161333790639932 0 0.0005277656673570164 5.4739409387633e-06 0.28529944584326783 0.06774444968823654 33.21452509382411 24 "Minimization exited successfully."
1283878 0 15 14 0 0 0.3135 57265.49781889703 2.4991532862914114e-05 -0.8185405823465919 0.023092127185248668 0 0.6810409394056478 4.448254184198641e-06 0.8364524982129293 0.140459028388634 3.8886427661527048 25 "Minimization exited successfully."
1283936 0 21 21 23 0 0.369 57268.64455209496 1.0222807625526187e-05 0.1600791451464687 0.21137840348459802 0 0.7006296289109741 9.318765780044764e-07 0.6040008443879197 0.07324098467354745 40.90303422552101 61 "Minimization exited successfully."
1285160 0 0 0 17 0 0.7493 57271.724446775406 2.035302142835982e-06 -1.1889082925330872 0.9999897080077731 0 1.0347547660567216 8.841297533396225e-08 0.6419970463727616 1.4677763413955085 21.525327840232148 13 "Minimization exited successfully."
1285317 0 0 23 24 0 0.5649 57268.92695091504 9.245008075681183e-06 0.07297099438081389 -0.050400135145265035 0 0.9912626538316545 9.546027505302758e-07 0.7266865174362653 0.10732793903893248 23.175557916177993 43 "Minimization exited successfully."
1286398 12 14 13 0 0 0.1503 57270.8828241995 0.00010674538683409508 -1.839205709724272 -0.018857626785029058 0 0.3519973640977696 6.30164679354672e-06 0.22503944644241258 0.04290229959221781 67.67813230083894 35 "Minimization exited successfully."
1287626 0 5 7 0 0 0.304 56682.72733338897 3.637232472278873e-05 -0.6349963295283523 -0.004203874784854289 0 0.45149245806169347 1.7849347230605717e-06 0.5142438282007831 0.04891582165129235 6.507200727213542 8 "Minimization exited successfully."
1289288 0 19 21 0 0 0.2897 57273.08668604144 2.7848544364220132e-05 -1.2634131686253318 0.006016220225936286 0 0.9921927247451094 2.7330448068671458e-06 0.7992268575252286 0.09769346505706736 28.039788950959398 36 "Minimization exited successfully."
1289555 0 0 20 21 0 0.5588 57276.24424182384 1.135634820859377e-05 0.18728844029126357 -0.14588173642788027 0 1.2278933661873452 1.388680245421881e-06 0.7464628829703206 0.1329074382094271 28.65500582895835 37 "Minimization exited successfully."
1289600 0 17 17 16 0 0.4196 57282.99908424596 1.2103837124818884e-05 1.3212654890940758 0.07600663852529566 0 0.3832497083094495 4.4039966893144583e-07 0.2808667893341892 0.036024788883489756 118.92879090506888 46 "Minimization exited successfully."
1289656 0 0 19 21 0 0.5394 57270.787833650036 8.771838429125213e-06 -0.46002861734126554 -0.0025382565069369534 0 1.2445827536466822 1.2133100134897884e-06 0.7212606817316032 0.1309576002236014 39.49049326798048 36 "Minimization exited successfully."
1289664 0 17 17 0 0 0.2491 57278.89956949842 4.7872165254789215e-05 -1.0068886976477676 0.019238209507942194 0 0.3000667981687002 2.4689722375362273e-06 0.19759117192397335 0.04620746657690625 88.7006417016712 30 "Minimization exited successfully."
1290779 0 11 11 12 0 0.3895 56891.28497628594 1.6618595593329012e-05 -0.4911972049892386 -0.010462566855770294 0 0.7431876349110098 7.712248004818081e-07 0.433792052532354 0.04408611225491993 31.299619752804922 30 "Minimization exited successfully."
1290816 0 10 10 0 0 0.2185 56891.61949785319 6.498647212446751e-05 1.284010338826855 -0.0022000645823904708 0 0.49230418541264953 3.7220592193132327e-06 0.2862966422961928 0.05132643824766886 158.26186525159477 16 "Minimization exited successfully."
1291080 0 0 13 14 0 0.4438 56889.036554935155 1.4593253787506534e-05 -1.6527423467111149 -0.23539854187553344 0 2.058136356430623 2.774951551125227e-06 0.895174141949997 0.16787360238150797 33.38238953485404 23 "Minimization exited successfully."
1291090 0 13 11 0 0 0.292 56904.956613070375 5.1101659937091706e-05 1.1427911468337246 -0.12240058428784595 0 0.29411742899173987 3.0745637364174017e-06 0.30191881020191147 0.05650454274991337 70.95202929222252 20 "Minimization exited successfully."
1291794 0 18 19 18 0 0.3951 57277.982617341004 2.0254180527440327e-05 0.03514435174354347 -0.09606927809135513 0 0.7416519309772411 1.1786932605728492e-06 0.5067790676332389 0.06440113851124982 27.92879954643092 51 "Minimization exited successfully."
1291957 0 15 14 15 0 0.36 56905.35493332945 2.5053613387607256e-05 0.3607861138860935 -0.04417512791252415 0 0.3193758828638238 1.4479693766555893e-06 0.27846840448594934 0.04638719792413504 81.6624998241823 40 "Minimization exited successfully."
1292145 0 0 19 19 0 0.4925 57274.10811853639 5.554151690348452e-06 1.3229458913328358 0.2661604889858262 0 1.4283439512000768 1.1775794657567506e-06 1.0111056987304425 0.182438690520482 18.409701161692347 34 "Minimization exited successfully."
1292195 0 0 0 19 0 0.8293 57282.37775471828 3.3601642478175986e-06 -0.24334427174129836 -0.14978246988723964 0 1.843292769681284 2.726174802651638e-06 0.977074393176403 0.8278280643486935 25.81522277847018 15 "Covariance may not be accurate. Covariance not positive definite. Covariance forced positive definite."
1292332 0 12 13 0 0 0.2735 56901.23515003187 5.4641507794447876e-05 0.2960448442894146 -0.09235015880075997 0 0.36104302856256254 4.160014908384525e-06 0.3829650014830954 0.07114872550190984 47.84687589070826 21 "Minimization exited successfully."
1292336 0 12 13 0 0 0.2336 56902.05755274212 4.5255753393602664e-05 -0.06478062050845956 0.08536239847609317 0 0.32924500039734994 3.7158420717664495e-06 0.3162504077787496 0.06856279412181193 57.84975939321289 21 "Minimization exited successfully."
1292560 0 11 14 0 0 0.2248 56904.589363023435 7.94414719071851e-05 0.1218903147546051 -0.06706134286529075 0 0.2544953206634091 4.6147764489953835e-06 0.18535342639649777 0.05057754157965616 89.01626370087675 21 "Minimization exited successfully."
1293319 0 14 14 0 0 0.2969 56913.50695127883 3.7964799387579796e-05 1.7125465249201817 0.06588179841309572 0 0.37950702179659856 1.8976944441653758e-06 0.30581862540370564 0.04704644937908603 92.68550866462391 24 "Minimization exited successfully."
1293758 10 7 1 0 0 0.1472 56915.68425621018 0.00013390495040178642 -1.3224351730008053 -0.018297579215283077 0 0.20351574947562767 4.370020679729522e-06 0.17618364446618995 0.03978797553788782 146.16805093613888 14 "Minimization exited successfully."
1294014 0 13 9 6 0 0.3627 56919.06410512939 2.4294365048749267e-05 0.6090555569583289 -0.021617885473323772 0 0.004628225535270758 1.3190520321754166e-06 0.38690612859003304 0.061212749711506975 49.62403151426072 24 "Minimization exited successfully."
1294743 0 11 11 0 0 0.3126 56912.61219007701 1.567331381266135e-05 -0.7547151558687233 0.23963596165694712 0 0.8817586061049951 1.476740591048464e-06 0.5196999105475066 0.07620666923067687 28.984012548532885 18 "Minimization exited successfully."
1295027 0 18 17 19 0 0.4254 56910.24313477223 1.5833439317772257e-05 -0.28803984195218746 -0.06234010487906061 0 0.6139377025210706 1.1914215893790705e-06 0.5136883626280779 0.06571572241530965 33.07058752695853 50 "Minimization exited successfully."
1295256 0 0 16 17 0 0.4425 56927.89337885594 1.690763849493404e-05 -0.025702551217479552 -0.1765175576377575 0 0.5389548712009855 1.9547786282977942e-06 0.4857867975359138 0.1006307322432376 29.930226885609798 29 "Minimization exited successfully."
1295305 0 0 15 18 0 0.6117 56915.76829415594 7.319815267825547e-06 -0.21878605165240117 -0.12829650315192898 0 0.6083236201557156 4.759443003238268e-07 0.40927089300902963 0.07157609756512759 36.182935584254395 29 "Minimization exited successfully."
1295921 0 0 14 13 0 0.5239 56911.912270725334 7.269060497067104e-06 1.7703859358343994 0.14789734247299446 0 1.71595620487642 1.314144170938558e-06 1.1750381342218823 0.1577951996827428 23.404614434293876 23 "Minimization exited successfully."
1296273 0 16 15 16 0 0.397 56927.1978263367 2.4503640518797055e-05 -0.2602582651611165 -0.01645909895669584 0 0.5194115455742576 9.61944168099972e-07 0.2701232946079166 0.03679275559346476 86.06357939237303 43 "Minimization exited successfully."
1296321 0 13 12 0 0 0.1844 56929.95614927032 5.871638778242039e-05 0.33258211809978366 0.0505051733592754 0 0.3323967874275695 4.507035907545813e-06 0.2591448340185747 0.06332774329548918 38.49186380999631 21 "Minimization exited successfully."
1296657 4 4 10 0 0 0.1462 56923.55931304428 0.0001461619689656385 0.7497939500331867 0.036750236136454895 0 0.29287048877449706 8.537407124727109e-06 0.34955408493753204 0.0409795997363423 35.69396533520973 14 "Minimization exited successfully."
1297026 0 13 13 0 0 0.2585 56928.619256074155 4.170431284005183e-05 -0.440675555795111 -0.00310892482029701 0 0.4634892575086269 2.527609219953044e-06 0.33890285721870583 0.056655902077057785 25.07253471204098 22 "Minimization exited successfully."
1297465 0 14 16 0 0 0.2778 56938.89864630792 3.220957331198371e-05 1.227194610578053 0.04518227939104136 0 0.19002213604471763 1.3906690171733307e-06 0.15052184990850748 0.04081087902121355 117.0838698341548 26 "Minimization exited successfully."
1298281 0 15 14 0 0 0.2351 56930.662426744486 3.903144462645836e-05 -1.565258544125137 0.05560195589533401 0 0.33513561816653237 2.6460956632543005e-06 0.27009735440082094 0.060195339392171365 38.23066992880149 25 "Minimization exited successfully."
1298893 0 4 5 0 0 0.1962 56935.199466368096 6.197819032238151e-05 -3.4250315058002263 0.03586600720594957 0 1.560905827464012 1.2328764098865077e-05 1.2571345600945658 0.14335459944199574 1.3698828352589785 5 "Minimization exited successfully."
1299643 0 17 16 17 0 0.38 56941.1299543253 2.5127406983313507e-05 0.6345291868294298 -0.09243266682764328 0 0.35401817659658263 1.1683382460367362e-06 0.27760781978747273 0.040345043173774325 68.01889426342757 46 "Minimization exited successfully."
1299775 0 6 9 0 0 0.1598 56940.76827269901 0.00010512408006331797 0.11706674826741725 0.1499638954724024 0 0.4303025340050226 1.3363426907100911e-05 0.35016829239009395 0.09806474050080494 18.742443209942905 11 "Minimization exited successfully."
1299785 0 16 17 15 0 0.3813 56943.60422982864 1.7360658163756425e-05 -0.013758861836649317 0.032835572785837264 0 0.6555995225135121 1.1974443667447935e-06 0.4435676819022616 0.05938989410819201 18.583974085866906 44 "Minimization exited successfully."
1300516 0 17 18 0 0 0.3104 56949.33846770605 2.5237776482678332e-05 0.8190308563359014 0.21642741358973006 0 0.37477547298840364 1.3695190917151212e-06 0.33288941687167295 0.05303729864661966 35.850342321613795 31 "Minimization exited successfully."
