pipeline_outputs/des/salt2_2.4_5param_all.ecsv
# %ECSV 0.9
# ---
# datatype:
# - {name: cid, datatype: string}
# - {name: num_points, datatype: int64}
# - {name: z, datatype: float64}
# - {name: t0, datatype: float64}
# - {name: x0, datatype: float64}
# - {name: x1, datatype: float64}
# - {name: c, datatype: float64}
# - {name: z_err, datatype: float64}
# - {name: t0_err, datatype: float64}
# - {name: x0_err, datatype: float64}
# - {name: x1_err, datatype: float64}
# - {name: c_err, datatype: float64}
# - {name: chi, datatype: float64}
# - {name: dof, datatype: float64}
# - {name: b_max, datatype: float64}
# - {name: delta_15, datatype: float64}
# - {name: tmin, datatype: float64}
# - {name: tmax, datatype: float64}
# - {name: pre_max, datatype: int64}
# - {name: post_max, datatype: int64}
# - {name: message, datatype: string}
# meta: !!omap
# - bounds:
#     z: [0.01, 0.9]
# - {warn: false}
# schema: astropy-2.0
cid num_points z t0 x0 x1 c z_err t0_err x0_err x1_err c_err chi dof b_max delta_15 tmin tmax pre_max post_max message
[from data line 144]
1334087 27 0.3047426929882672 57337.86386870645 5.5866405123671714e-05 0.6915254023847185 -0.04278499178626842 0.5866948795890913 134.91117218993531 1.0000010000008293 1.0496075482510343 1.0004427584383841 6.988567078741625 10.0 21.13359950281259 0.9305229354653619 57311.299 57403.103 10 17 "Covariance may not be accurate."
1334302 64 0.4598412373928174 57330.9102015834 1.2909093798795231e-05 -1.009303904032982 -0.021361942671262135 0.0335443805300247 0.8967022562319471 6.105429229176795e-07 0.6228986265653633 0.03587429530732106 22.4633634098021 40.0 22.725399775116344 1.2588596316794494 57301.033 57407.048 26 38 "Minimization exited successfully."
1334423 56 0.35664671964454253 57335.78487665669 1.9530819691181556e-05 0.946725562702765 0.04219231195297153 0.01881754312415751 0.526727409378509 6.637789556410002e-07 0.5102191342505676 0.04294924187139301 22.904239017578963 37.0 22.274405431809654 0.8835094527568081 57312.138 57408.057 20 36 "Minimization exited successfully."
1334448 64 0.4511969584123924 57330.03880219979 9.387399519601638e-06 -2.0522240449291154 -0.07461070219601208 0.048185885040170406 1.0107407444302225 8.273204306843039e-07 0.5875736664908413 0.060969405164579576 44.937205925340095 43.0 23.071524677083435 1.519899720729594 57301.278 57402.056 28 36 "Minimization exited successfully."
1334470 60 0.5291445995262676 57333.904866450845 9.968746071494379e-06 1.2729721819507118 0.04293872116318087 0.028585901148617532 0.8518455290140992 4.925354469612208e-07 0.6659310503749417 0.06799994114126953 49.43751064480689 40.0 23.004266597093835 0.8289727544750107 57305.279 57402.056 24 36 "Minimization exited successfully."
1334597 48 0.2919513752470693 57343.62363139199 4.340072661714695e-05 0.5531353272062811 -0.034449364754325855 0.005285270061263253 0.11252313548902748 3.4749778850378876e-07 0.07589617705549294 0.008710126644842825 40.73573796235462 32.0 21.40787850143205 0.9543891365635986 57315.219 57408.043 18 30 "Minimization exited successfully."
1334620 58 0.3381170516956015 57336.158322796524 4.483953777182714e-05 -0.3753403211911675 -0.01254184768351682 1.3591382318878242e-05 0.000225700372538995 1.1274184566477172e-06 0.29742486643109484 0.019070339892201395 32.47259462624765 38.0 21.3731514097428 1.1260948798132695 57311.28 57403.064 20 38 "Minimization exited successfully."
1334644 56 0.30345010086147284 57332.6009296687 3.1887075944585156e-05 -1.636112780732168 -0.04299178127786921 0.038619302522571064 0.5364480097923661 9.132640966185857e-07 0.24983464934094535 0.053973626306879824 25.53059868640659 37.0 21.743839713442302 1.40749545636152 57311.28 57403.064 20 36 "Minimization exited successfully."
1334645 54 0.22254417575768978 57335.44007321609 5.782069878769981e-05 -0.7923956722203428 0.015209691769655786 0.008768278290620476 0.14442741829407169 8.801841666576185e-07 0.15711344830942642 0.023946781151723308 35.40300519115783 35.0 21.097307017565235 1.2094695836210434 57311.28 57403.064 19 35 "Minimization exited successfully."
1334707 63 0.6323919659147148 57339.459456608056 7.572703031298804e-06 0.6287375517108568 -0.13820390433261773 0.01329513124458881 0.34342703657603124 1.6467089097898793e-07 0.2268354657101654 0.013394331122021179 36.326551022171685 42.0 23.30255491426518 0.9453442898756172 57304.307 57426.118 21 42 "Minimization exited successfully."
1334879 61 0.4525872310450596 57334.20460099138 4.485410374779914e-06 -0.7410559159993354 0.2926973624977148 0.015127500776027009 0.43761087737584603 1.5667809403739695e-07 0.3101161770200311 0.04596746305154515 49.720626290910786 39.0 23.868350258651517 1.1789168384811433 57302.241 57426.118 20 41 "Minimization exited successfully."
1335472 59 0.5132213801398186 57344.46254754333 1.1853177061949168e-05 -0.1913111174646471 -0.032203671480170726 0.025202531963777725 0.4606823809335765 3.265620392940402e-07 0.35893801374808687 0.03643908066512894 36.22171688232828 39.0 22.817571085471997 1.0912623110829394 57311.02 57403.05 27 32 "Minimization exited successfully."
1335564 60 0.4967198806488621 57342.25749013916 7.1186065569162165e-06 0.1427041579842126 0.15328840853468836 0.03672517929288527 0.8142763548567018 4.497261928664875e-07 0.6666147428099292 0.0775186369848539 37.79453850524618 41.0 23.369676001193717 1.0188240492543699 57311.28 57427.068 24 36 "Minimization exited successfully."
1335694 37 0.26568536808028487 57347.8442020804 5.180919816709364e-05 1.1040713335961967 0.01213060067331895 0.008484526415814708 0.1576696968113538 8.790870726233304e-07 0.17730066594436955 0.019351463597474042 28.791345709718634 20.0 21.21513429144597 0.858143859471479 57325.214 57408.058 17 20 "Minimization exited successfully."
1335717 51 0.31315423372038065 57346.755504089284 2.265766900684904e-05 -0.0342002335569614 0.041036373459637815 0.007721498312209946 0.14127238056607894 2.432431405182521e-07 0.10919247718306377 0.01562939583059447 20.167619422048176 33.0 22.113943984210103 1.0573615249341692 57325.182 57408.092 16 35 "Minimization exited successfully."
1335718 59 0.6215114634626124 57350.73419670658 5.711333015775583e-06 0.7237173001662907 -0.008335623172193923 0.018593320298424587 0.40127217149347416 1.3627499100027747e-07 0.27983799782045715 0.02691929324428209 34.05370113692398 39.0 23.609679359796132 0.923557857951046 57317.161 57426.118 21 38 "Minimization exited successfully."
1335868 66 0.5369122969237826 57346.35022948288 7.35471565988438e-06 1.248097915933921 0.045860417708070075 0.01904042651547233 0.7517115629052569 4.079233499581414e-07 0.6178359559666886 0.05788847266522693 49.44785039358861 45.0 23.334465651230104 0.8329949860258026 57315.229 57425.154 27 39 "Minimization exited successfully."
1336008 50 0.40461328586450435 57347.951670014714 2.0074050168779905e-05 0.7258588801622773 -0.03358198677916607 0.01946052823777153 0.4859603464428801 5.614900005779782e-07 0.36155772815953446 0.04547935501909279 29.81189790045152 32.0 22.244891156295456 0.9241980610184015 57325.01 57403.052 23 27 "Minimization exited successfully."
1336009 51 0.40391524209165114 57345.16280854796 1.3852923574070556e-05 -0.01519382095354516 0.022187172970670972 0.024191983466506306 0.5249832258778042 4.446826679628463e-07 0.41804010481176784 0.0702544784572395 21.92655160091269 33.0 22.648188462114057 1.05480719799899 57325.01 57403.052 19 32 "Minimization exited successfully."
1336453 38 0.4232245784443006 57358.51573130941 7.956514848979399e-05 2.2959035832826284 -0.35932342154203334 0.006185768485034299 0.1280451793136308 1.3713327873779515e-06 0.1893691652423431 0.007251334332640106 314.5955996938183 23.0 20.741090909364797 0.6686527444172299 57329.169 57403.103 15 23 "Minimization exited successfully."
1336480 36 0.24935801420335799 57350.5415947244 3.646009159488681e-05 -0.05077659111441459 0.03604746672054289 0.021141018457114746 0.30684929078051937 1.0458697500999547e-06 0.29539644843158336 0.040715787611387125 18.03688527680275 20.0 21.597471243468775 1.0607425315887014 57325.115 57403.103 12 24 "Minimization exited successfully."
1336687 45 0.20872636918650972 57351.0527063934 4.0715198424877514e-05 0.5091670741331212 0.19994210467854473 0.008503673406983298 0.17541313979381812 1.0753706258425218e-06 0.153074970709533 0.031413260007494885 31.633199585987633 29.0 21.475112577885596 0.9516821993989311 57327.063 57403.064 17 28 "Minimization exited successfully."
1337117 47 0.4346324206359442 57359.83297567794 1.3522817939399546e-05 0.6782030342716986 -0.011828194787876252 0.013437612191711967 0.4223892540358065 3.6854192574059583e-07 0.33760490611807326 0.025968744487576682 65.22716536815257 30.0 22.673892194038796 0.9315818804290075 57329.028 57403.051 23 24 "Minimization exited successfully."
1337221 54 0.5214056756980708 57358.03897819218 9.064730075721352e-06 -0.4732933161937124 -0.11630213758798423 0.02761421991569943 0.8346530672897643 4.884206702123688e-07 0.616215372319273 0.06726843763804545 40.491231164630186 35.0 23.10834884123752 1.1519844527169738 57325.023 57407.048 23 31 "Minimization exited successfully."
1337228 54 0.5427126287653126 57357.0035177201 7.007897587034936e-06 -1.1283243295532002 -0.015252839130420309 0.0407100393510213 1.156496075236646 5.991847580293844e-07 0.8036547387500216 0.12514089328387049 27.77771787367691 35.0 23.388735792067457 1.2848626398824727 57325.023 57407.048 23 31 "Minimization exited successfully."
1337272 48 0.5251782247345673 57358.493464700754 1.0131722485875634e-05 -0.6488351514549116 -0.006815833173771037 0.07946227279434068 1.1148014003192657 5.467784361438134e-07 0.636934147145235 0.11482612856950207 25.409073679062082 31.0 22.988253921936476 1.181012608729059 57325.068 57427.057 20 28 "Minimization exited successfully."
1337325 48 0.5073198347505207 57356.21741101359 7.552912975697208e-06 0.046397056335817324 0.061667144125920975 0.03641320182812832 0.7557831730409816 4.499095204613358e-07 0.7017799191003221 0.07180270634875317 38.024665868507455 31.0 23.30652090413681 1.0412502316835948 57325.068 57427.057 20 28 "Minimization exited successfully."
1337649 36 0.2621868731266765 57363.17959319616 3.993384006809008e-05 1.0223725634496763 0.10442542055396617 0.008552593671523362 0.20121485583513277 5.447868441973177e-07 0.15864536712419994 0.017842229110355268 27.448937182526876 22.0 21.49727232474062 0.868474534058862 57339.162 57408.057 12 24 "Minimization exited successfully."
1337655 42 0.448873101106941 57359.417616533305 3.468880926585432e-06 0.9739473530286774 0.5851986893682354 0.020559478050870134 0.6633279645247967 1.7589371448243153e-07 0.5109694384669796 0.0737103947119867 59.09000932433111 27.0 24.132336852621805 0.8572061453927766 57325.078 57408.041 19 23 "Minimization exited successfully."
1337687 47 0.30989164225877797 57361.23023982308 3.803583650718487e-05 0.9507125477242759 -0.07300929051535082 0.015668606706650517 0.34243023020462715 5.233131986641205e-07 0.173174537364761 0.023194789544580433 40.91714774604732 31.0 21.550591915919917 0.8870840231699297 57339.295 57425.154 12 35 "Minimization exited successfully."
1337703 58 0.45974487267050934 57357.58233493559 1.3036126028362588e-05 -1.2344060059087703 -0.11555159259583246 0.029753490999967408 0.6019175529800123 7.991876517511822e-07 0.41316243880942355 0.04197690470799768 26.857677390751718 39.0 22.714283524159388 1.3170613334911359 57325.12 57425.154 24 34 "Minimization exited successfully."
1337838 42 0.3285333394748989 57364.82251254241 3.4406005249421234e-05 0.9563196570890709 -0.04681039698530463 0.012030829661565628 0.23323850508677424 4.585690289166145e-07 0.19365020858366802 0.02044091459466635 59.4131349101726 26.0 21.659633983317434 0.8851778513584954 57339.148 57427.068 14 28 "Minimization exited successfully."
1338128 42 0.3453306539917425 57366.86699554471 2.4895177226928016e-05 -0.4495583484953384 -0.060861741932969136 0.01590328476391248 0.4076986263789877 7.198308741735009e-07 0.3630767382762076 0.03240993948679325 16.514224386782793 26.0 22.011905917901174 1.143825079947419 57339.019 57407.048 15 27 "Minimization exited successfully."
1338170 42 0.44503243315508184 57363.93914215998 1.5909651946815692e-05 -0.4285829648107706 -0.0527992781817956 0.02366955555404132 0.7920691643012105 8.046103483199681e-07 0.6550369963790752 0.04328212302372549 24.619619776366072 26.0 22.498072332311168 1.139123574696228 57339.019 57407.048 11 31 "Minimization exited successfully."
1338233 52 0.43844573235413614 57354.41912590869 5.997320348966912e-06 -1.4143396660376135 0.00527859390605513 0.05384598471900692 1.0252697163778066 6.8447439571868e-07 1.0655703890187602 0.11704266357899355 19.670862545022246 34.0 23.557941769645314 1.3491512332701099 57319.276 57427.057 20 32 "Minimization exited successfully."
1338266 80 0.5384513350155584 57365.07807482516 5.247945685242549e-06 -0.5917605050035403 0.07112195682590496 0.04459362713373652 0.8127432800756651 2.9048266078737663e-07 0.6714996871021027 0.10115123006397299 51.477310933305645 54.0 23.702148983960903 1.1641690029778218 57339.033 57427.068 29 51 "Minimization exited successfully."
1338278 40 0.4952717821886331 57367.518274870265 8.271996782967048e-06 1.6809547429330811 0.17559861167437996 0.032280682196911104 0.9621914563686005 4.68577227483594e-07 0.8717513193944466 0.0753966292254038 21.65560558272968 25.0 23.204741040241696 0.7579534109608979 57339.033 57427.057 16 24 "Minimization exited successfully."
1338387 41 0.4310467009600478 57362.413518576075 9.436700335248831e-06 2.5562516997836657 0.06342012365912907 0.01594220797766871 0.7350479032647854 4.57314227791155e-07 0.6995805456971627 0.0450450588477767 31.66301881709757 26.0 23.061435191541477 0.6133250353074615 57329.169 57428.056 16 25 "Minimization exited successfully."
1338430 37 0.5794715679578893 57362.50117835774 1.2384322806847571e-05 0.3862344069341402 -0.1975763581340575 0.040030601686766254 0.8318371308341739 6.417712844592404e-07 0.42918640927782525 0.04146791520137758 7.542581183880044 23.0 22.7677011541371 0.9912311157624387 57339.117 57428.056 12 25 "Minimization exited successfully."
1338471 46 0.5113520678238048 57351.03634283084 6.885305312928806e-06 -1.198283429100335 0.027001291162065143 0.04460918574979908 1.1095808745521936 6.272551090541596e-07 0.9967699057004098 0.07800168749366414 19.672027611239177 29.0 23.407875423141284 1.2972625599315002 57319.134 57428.056 17 29 "Minimization exited successfully."
1338675 34 0.3152885299330737 57371.76035514877 2.0440835437215302e-05 -0.03449266964472642 0.08883689544145164 0.01207944492434096 0.21237630063842516 4.0238630933034105e-07 0.1931259673475875 0.023512281643202317 10.430003592637426 21.0 22.22538577119603 1.0548278822689987 57339.046 57408.041 15 19 "Minimization exited successfully."
1339002 36 0.30223804472419746 57369.774974275395 2.134538581050921e-05 -1.2743292913513922 0.12539950391304733 0.019023329027140018 0.503720782660821 7.507664942968024e-07 0.36738386688690183 0.043024043230948196 15.461218141061021 21.0 22.178613570778573 1.3062692562316158 57345.071 57427.068 12 24 "Minimization exited successfully."
1339149 36 0.47061029858091175 57373.93998105751 1.2410461673334666e-05 -0.420425580606012 0.06369769464165767 0.030628535072375007 0.6282300643906638 5.443556926688701e-07 0.5070613167413818 0.041678827376267345 11.19343501557609 22.0 22.767612640971542 1.1303545792475553 57345.068 57427.068 17 19 "Minimization exited successfully."
1339392 29 0.4898073696272121 57376.13928984815 7.774465571723625e-05 1.3032246940283105 -0.38205008880098196 0.03923849355968548 0.7626397024650942 5.252967652235995e-06 0.8738217464344913 0.02637187697211107 4.517290941020229 12.0 20.766916838851035 0.837043075547637 57345.331 57426.147 14 15 "Minimization exited successfully."
1339450 51 0.6876627425485441 57371.08982085038 6.895460034283095e-06 -0.9508143691695269 0.020953182665198456 0.05539204801147035 1.3244807279515953 5.656726776834538e-07 0.91219022904432 0.0989645116921387 21.679791586805713 33.0 23.406173993946517 1.242918975918247 57339.281 57426.147 20 31 "Minimization exited successfully."
1340454 43 0.33470618067399116 57373.99667955927 1.4889882499999909e-05 0.5143825116725353 0.22675508727921764 0.01581374200640251 0.34141315981105436 6.696826992987325e-07 0.4316982774652134 0.0403567846581696 34.61186869537056 28.0 22.566656315405424 0.9495416163342156 57345.312 57425.153 15 28 "Minimization exited successfully."
1341370 32 0.4215687668988084 57376.498729495666 1.5194427852052668e-05 1.22023410991304 -0.008676094848089688 0.013330779007504567 0.38372639400404296 6.732884274888398e-07 0.5755493052077518 0.03432217983680755 13.699017401379812 19.0 22.546832274897596 0.8394543485118149 57347.076 57403.052 16 16 "Minimization exited successfully."
