analysis_pipeline/results/priors/csp_dr3_salt2_2.4.ecsv
# %ECSV 0.9
# ---
# datatype:
# - {name: obj_id, datatype: string}
# - {name: z, datatype: float64}
# - {name: z_min, datatype: float64}
# - {name: z_max, datatype: float64}
# - {name: t0, datatype: float64}
# - {name: t0_min, datatype: float64}
# - {name: t0_max, datatype: float64}
# - {name: x0, datatype: float64}
# - {name: x0_min, datatype: float64}
# - {name: x0_max, datatype: float64}
# - {name: x1, datatype: float64}
# - {name: x1_min, datatype: float64}
# - {name: x1_max, datatype: float64}
# - {name: c, datatype: float64}
# - {name: c_min, datatype: float64}
# - {name: c_max, datatype: float64}
# - {name: message, datatype: string}
# schema: astropy-2.0
obj_id z z_min z_max t0 t0_min t0_max x0 x0_min x0_max x1 x1_min x1_max c c_min c_max message
[from data line 101]
2008bz 0.0603 0.0035 0.084 1579.4523713379645 1565.72 1605.72 0.0010629269538478176 0.0 0.05 -0.3065382358297298 -5.0 5.0 -0.06075243312597232 -1.0 1.0 Success
2008cc 0.0104 0.0035 0.084 1580.2601699739096 1567.86 1607.86 0.016112176618663918 0.0 0.05 -1.6264038923943942 -5.0 5.0 0.3366079832620437 -1.0 1.0 Success
2008cd 0.0074 0.0035 0.084 1572.7572822771149 1572.74 1595.73 0.0014565903552916776 0.0 0.05 -2.8294019166376803 -5.0 5.0 0.9972315037733039 -1.0 1.0 Success
2008cf 0.046 0.0035 0.084 1596.3749508454491 1580.77 1620.77 0.002116127120092721 0.0 0.05 0.8502705155294026 -5.0 5.0 -0.01790657764145088 -1.0 1.0 Success
2008ff 0.0193 0.0035 0.084 1714.6069322945411 1709.53 1749.53 0.006066677183375526 0.0 0.05 -0.2755507394380192 -5.0 5.0 0.34195619180740366 -1.0 1.0 Success
2008fl 0.0199 0.0035 0.084 1721.0324195465066 1709.49 1749.49 0.005373458762628258 0.0 0.05 -1.1701317016213622 -5.0 5.0 0.20710469358595648 -1.0 1.0 Success
2008fp 0.0057 0.0035 0.084 1733.5250516262636 1709.84 1749.84 0.023994921517158874 0.0 0.05 -0.3206915921429544 -5.0 5.0 0.6236989381676031 -1.0 1.0 Success
2008fr 0.0397 0.0035 0.084 1741.5756454159384 1723.78 1763.78 0.0018395743563244667 0.0 0.05 -0.4733204565750671 -5.0 5.0 0.10691239802783327 -1.0 1.0 Success
2008fu 0.052 0.0035 0.084 1732.7158110071305 1722.84 1762.84 0.0014512443875914695 0.0 0.05 -1.5191946243344923 -5.0 5.0 -0.0855374369568615 -1.0 1.0 Success
2008gg 0.032 0.0035 0.084 1752.0944327831207 1738.63 1778.63 0.003403978863120125 0.0 0.05 0.6932825061386503 -5.0 5.0 0.15529269781103922 -1.0 1.0 Success
2008gl 0.034 0.0035 0.084 1768.8912595311663 1750.7 1790.7 0.002954862052152564 0.0 0.05 -1.340305801496753 -5.0 5.0 0.04246574622949002 -1.0 1.0 Success
2008go 0.0623 0.0035 0.084 1765.3612890032177 1749.54 1776.58 0.0009055525426631777 0.0 0.05 0.5015725300001134 -5.0 5.0 0.1135417925525637 -1.0 1.0 Success
2008gp 0.0334 0.0035 0.084 1779.7561822404555 1753.75 1793.75 0.0031788714263654974 0.0 0.05 -0.0738348938202753 -5.0 5.0 0.043138873444668276 -1.0 1.0 Success
2008ha 0.0046 0.0035 0.084 1770.4784632043704 1766.55 1806.55 0.002438082451270229 0.0 0.05 -2.0386456148458105 -5.0 5.0 0.1542181127043006 -1.0 1.0 Success
2008hj 0.0379 0.0035 0.084 1802.2972441988966 1779.58 1819.58 0.002916494790588461 0.0 0.05 0.40542563162935036 -5.0 5.0 0.033475153314709315 -1.0 1.0 Success
2008hu 0.0497 0.0035 0.084 1806.3318688929821 1789.74 1829.74 0.0009092207490430023 0.0 0.05 -1.7572434256098621 -5.0 5.0 0.0791171829889524 -1.0 1.0 Success
2008hv 0.0126 0.0035 0.084 1817.5551329578268 1789.8 1829.8 0.02008369812924843 0.0 0.05 -1.2569862432246148 -5.0 5.0 -0.04938638335593378 -1.0 1.0 Success
2008ia 0.0219 0.0035 0.084 1813.3803228721347 1794.77 1834.77 0.003665158380975369 0.0 0.05 -1.2544086540945287 -5.0 5.0 0.16179999827550523 -1.0 1.0 Success
2009D 0.025 0.0035 0.084 1841.8462735651274 1819.67 1859.67 0.007223926007549907 0.0 0.05 0.6663035859664763 -5.0 5.0 0.060193466734547695 -1.0 1.0 Success
2009F 0.013 0.0035 0.084 1842.7236769823269 1822.75 1862.75 0.0019308108801298588 0.0 0.05 -3.233737061502856 -5.0 5.0 0.5058338368726849 -1.0 1.0 Success
2009J 0.0158 0.0035 0.084 1835.9206038972331 1831.74 1867.68 0.001112844480662539 0.0 0.05 -1.7756600493575274 -5.0 5.0 -0.00416843041680502 -1.0 1.0 Success
2009P 0.0251 0.0035 0.084 1868.13670305769 1852.74 1892.74 0.002339305539892091 0.0 0.05 1.5677566931273887 -5.0 5.0 0.39902161863237434 -1.0 1.0 Success
2009Y 0.0094 0.0035 0.084 1878.3400891817023 1853.84 1893.84 0.03152181309612095 0.0 0.05 0.0377863808097191 -5.0 5.0 0.19246414199534664 -1.0 1.0 Success
2009aa 0.0273 0.0035 0.084 1878.8419997443684 1853.77 1893.77 0.0046865684236618126 0.0 0.05 -0.6008231809152721 -5.0 5.0 0.011868424662234955 -1.0 1.0 Success
2009ab 0.0112 0.0035 0.084 1883.7262639700964 1859.57 1899.57 0.011168419358304026 0.0 0.05 -0.9778090339516983 -5.0 5.0 0.24177838544731764 -1.0 1.0 Success
2009ad 0.0284 0.0035 0.084 1887.1169721182866 1863.6 1903.6 0.004199625254484965 0.0 0.05 0.20714723044176464 -5.0 5.0 0.07252135437958017 -1.0 1.0 Success
2009ag 0.0086 0.0035 0.084 1890.1441906920757 1871.62 1911.62 0.01053381499951761 0.0 0.05 -0.28369181082105505 -5.0 5.0 0.4575292163555591 -1.0 1.0 Success
2009al 0.0221 0.0035 0.084 1896.8228043055547 1876.71 1916.71 0.005407570540039098 0.0 0.05 -0.4208688913552318 -5.0 5.0 0.18565351168697242 -1.0 1.0 Success
2009cz 0.0211 0.0035 0.084 1943.9545667232253 1922.53 1962.53 0.00809227223405684 0.0 0.05 0.6421882667462225 -5.0 5.0 0.07646051045178556 -1.0 1.0 Success
2009dc 0.0214 0.0035 0.084 1949.182778554017 1923.77 1963.77 0.0135787056216319 0.0 0.05 1.0633952926060215 -5.0 5.0 0.1761279397811182 -1.0 1.0 Success
2009ds 0.0193 0.0035 0.084 1962.2462470296095 1939.64 1976.62 0.009350392198600671 0.0 0.05 1.6281358871311542 -5.0 5.0 0.1622531941730882 -1.0 1.0 Success
2009le 0.0178 0.0035 0.084 2168.529017907618 2138.53 2169.58 0.011224509722892968 0.0 0.05 2.8206651210997635 -5.0 5.0 0.1776586665339873 -1.0 1.0 Success
2010ae 0.0037 0.0035 0.084 2277.524474287679 2243.59 2283.59 0.0004522732935182256 0.0 0.05 -3.1279524953563675 -5.0 5.0 0.9730508353159671 -1.0 1.0 Success
