analysis_pipeline/results/priors/csp_dr3_salt2_2.4.ecsv
# %ECSV 0.9
# ---
# datatype:
# - {name: obj_id, datatype: string}
# - {name: z, datatype: float64}
# - {name: z_min, datatype: float64}
# - {name: z_max, datatype: float64}
# - {name: t0, datatype: float64}
# - {name: t0_min, datatype: float64}
# - {name: t0_max, datatype: float64}
# - {name: x0, datatype: float64}
# - {name: x0_min, datatype: float64}
# - {name: x0_max, datatype: float64}
# - {name: x1, datatype: float64}
# - {name: x1_min, datatype: float64}
# - {name: x1_max, datatype: float64}
# - {name: c, datatype: float64}
# - {name: c_min, datatype: float64}
# - {name: c_max, datatype: float64}
# - {name: message, datatype: string}
# schema: astropy-2.0
obj_id z z_min z_max t0 t0_min t0_max x0 x0_min x0_max x1 x1_min x1_max c c_min c_max message
2004dt 0.0197 0.0035 0.084 244.76620539291983 234.79 240.0 0.009582770768397666 0.0 0.05 -0.86523171701679 -5.0 5.0 0.2434250294605207 -1.0 1.0 "Lowered t0_max"
2004ef 0.030699537497960904 0.0035 0.084 264.72276665527806 240.69 280.69 0.002556357232696026 0.0 0.05 -1.41566271660545 -5.0 5.0 0.1461264314424808 -1.0 1.0 Success
2004eo 0.05305594053269735 0.0035 0.084 279.22440267619794 251.51999999999998 291.52 0.010906913166679669 0.0 0.05 -1.2224040591395569 -5.0 5.0 0.11504847818226312 -1.0 1.0 Success
2004ey 0.017485981294913376 0.0035 0.084 305.0345131871963 280.53 320.53 0.01334039425158466 0.0 0.05 0.24484978760400292 -5.0 5.0 0.08184961107357423 -1.0 1.0 Success
2004gc 0.05719647792435585 0.0035 0.084 328.84162532951535 314.83 354.83 0.001525862828845136 0.0 0.05 -0.9037958245332418 -5.0 5.0 0.3250881152653305 -1.0 1.0 Success
2004gs 0.08388041740087784 0.0035 0.084 358.4952382828006 337.85 377.85 0.00211779115356941 0.0 0.05 -1.9106364020146136 -5.0 5.0 0.09018693258888533 -1.0 1.0 Success
2004gu 0.032510485141153414 0.0035 0.084 363.1167897336132 342.86 382.86 0.001670658591383343 0.0 0.05 1.2287196398589988 -5.0 5.0 0.15273070941206737 -1.0 1.0 Success
2005A 0.02612954775609784 0.0035 0.084 381.21455307049274 361.65 401.65 0.0008520667836238716 0.0 0.05 -0.41352872916650396 -5.0 5.0 0.9779093248469238 -1.0 1.0 Success
2005M 0.022 0.0035 0.084 408.47008369355905 381.77 421.77 0.006429060474006993 0.0 0.05 1.1107595173496665 -5.0 5.0 0.07542161627705589 -1.0 1.0 Success
2005W 0.0089 0.0035 0.084 412.93536644618166 389.54 429.51 0.027654829518958614 0.0 0.05 -0.03131423665869424 -5.0 5.0 0.2426133276191555 -1.0 1.0 Success
2005ag 0.0797 0.0035 0.084 415.2123525482097 397.82 437.82 0.0006228264319886602 0.0 0.05 0.3869760884876651 -5.0 5.0 0.040185185656683046 -1.0 1.0 Success
2005al 0.0124 0.0035 0.084 433.1301888817135 414.76 433.0 0.014975898150706959 0.0 0.05 -1.599401782174747 -5.0 5.0 -0.02922044740976575 -1.0 1.0 "Lowered t0_max"
2005am 0.0079 0.0035 0.084 440.06654681148484 417.58 458.0 0.044610883026087705 0.0 0.05 -2.3274687429018037 -5.0 5.0 0.06766114019384051 -1.0 1.0 "Lowered t0_max"
2005be 0.035 0.0035 0.084 459.96094622048753 452.89 491.77 0.002971479385142819 0.0 0.05 -1.8287298621739696 -5.0 5.0 -0.05282162482989111 -1.0 1.0 Success
2005bg 0.0231 0.0035 0.084 469.6590392489914 456.65 496.65 0.006999378008296666 0.0 0.05 0.8216212838659009 -5.0 5.0 0.028404792634776365 -1.0 1.0 Success
2005bl 0.0241 0.0035 0.084 482.8990028170245 461.61 501.61 0.0005595470560764156 0.0 0.05 -4.428090474313863 -5.0 5.0 0.5510132273653545 -1.0 1.0 "Unchanged Priors - unphysical fit"
2005bo 0.0139 0.0035 0.084 479.04438317437 463.75 503.75 0.008204645920657927 0.0 0.05 -1.0541227923570915 -5.0 5.0 0.28672901246303567 -1.0 1.0 Success
2005el 0.0149 0.0035 0.084 649.0222632664548 624.89 664.89 0.012636715086222827 0.0 0.05 -1.468582279744566 -5.0 5.0 0.018684319680233985 -1.0 1.0 Success
2005eq 0.029 0.0035 0.084 656.3007722637741 632.8 672.8 0.0040244695414487 0.0 0.05 0.9680332814754943 -5.0 5.0 0.10535521305194678 -1.0 1.0 Success
2005gj 0.0616 0.0035 0.084 712.4902027948679 683.7 723.7 0.0009802623727619478 0.0 0.05 4.9995159727732155 -5.0 5.0 0.7682628345030519 -1.0 1.0 "Unchanged Priors - Failed fit"
2005hc 0.0459 0.0035 0.084 668.0200060892454 646.67 686.67 0.001809437426437252 0.0 0.05 0.9461810576883485 -5.0 5.0 0.04423258037222179 -1.0 1.0 Success
2005hj 0.0574 0.0035 0.084 676.7619523511366 656.67 696.67 0.0012170314784254977 0.0 0.05 1.025950463076887 -5.0 5.0 0.05057939753739143 -1.0 1.0 Success
2005hk 0.013 0.0035 0.084 688.962233618882 660.61 700.61 0.004651004687682948 0.0 0.05 0.08143694761768394 -5.0 5.0 0.62744648049053 -1.0 1.0 "Unchanged Priors - Flag for underestimated flux in most bands"
2005iq 0.034 0.0035 0.084 688.1309674011842 667.55 707.55 0.0031170124379920152 0.0 0.05 -0.9612559162419466 -5.0 5.0 -0.05468099697667399 -1.0 1.0 Success
2005ir 0.0763 0.0035 0.084 686.7274467305857 667.62 707.62 0.0006663281479552743 0.0 0.05 0.14026563041639364 -5.0 5.0 0.04946427019833731 -1.0 1.0 Success
2005kc 0.0151 0.0035 0.084 698.2490064933071 672.52 712.52 0.006369551824840507 0.0 0.05 -0.6407024312548462 -5.0 5.0 0.3791717277711917 -1.0 1.0 Success
2005ke 0.0049 0.0035 0.084 700.3750846345229 674.69 714.69 0.01571333652637018 0.0 0.05 -1.8389823792316424 -5.0 5.0 0.5104777777880752 -1.0 1.0 Success
2005ki 0.0192 0.0035 0.084 705.7739305507653 680.86 720.86 0.00931658238410967 0.0 0.05 -1.4884019742170123 -5.0 5.0 -0.03347299371552625 -1.0 1.0 Success
2005ku 0.0454 0.0035 0.084 699.0387972859678 684.56 724.56 0.0013313488476404457 0.0 0.05 0.11296360081613013 -5.0 5.0 0.17448445838461735 -1.0 1.0 Success
2005lu 0.032 0.0035 0.084 719.9919496521254 704.66 744.66 0.0013336407565127015 0.0 0.05 -0.04485672484127301 -5.0 5.0 0.3424426107854235 -1.0 1.0 Success
2005mc 0.0252 0.0035 0.084 730.5885620913876 721.79 761.79 0.0025180335495281277 0.0 0.05 -2.137382095287012 -5.0 5.0 0.25344588095452386 -1.0 1.0 Success
2005na 0.0263 0.0035 0.084 744.2979995612475 723.71 763.71 0.005175675419144601 0.0 0.05 -1.1758634743637606 -5.0 5.0 0.017957297185972054 -1.0 1.0 Success
2006D 0.0085 0.0035 0.084 759.3351005530267 736.84 776.84 0.02943605808116678 0.0 0.05 -1.6310642940190312 -5.0 5.0 0.10288068519300458 -1.0 1.0 Success
2006X 0.0052 0.0035 0.084 788.4401451203593 760.68 800.68 0.013623776815398995 0.0 0.05 -0.03307553270335182 -5.0 5.0 0.9999941803920792 -1.0 3.0 "Increased c_max"
2006ax 0.0167 0.0035 0.084 828.125282622296 800.64 840.64 0.013947657470986505 0.0 0.05 0.1710515031201888 -5.0 5.0 -0.0009623001583680265 -1.0 1.0 Success
2006bd 0.0257 0.0035 0.084 810.1089236917879 807.75 847.75 0.0012210106390323303 0.0 0.05 -1.69971680578989 -5.0 5.0 0.38644296728420274 -1.0 1.0 Success
2006bh 0.0109 0.0035 0.084 833.3472533464393 814.91 854.91 0.02892433522049825 0.0 0.05 -1.47800572048401 -5.0 5.0 -0.0195209431609824 -1.0 1.0 Success
2006br 0.0246 0.0035 0.084 851.3747110576552 840.66 880.66 0.00042787377146786046 0.0 0.05 -0.8016223810461828 -5.0 5.0 0.8570032805996458 -1.0 1.0 Success
2006bt 0.0322 0.0035 0.084 859.627834917011 838.76 878.76 0.0024048027024833117 0.0 0.05 -0.31016940743232047 -5.0 5.0 0.24565435658775503 -1.0 1.0 Success
2006dd 0.0059 0.0035 0.084 931.8917622000495 891.94 931.94 0.04999792028157711 0.0 0.05 4.999469941399415 -5.0 5.0 0.3945783310822634 -1.0 1.0 "Unchanged Priors - Failed fit"
2006ef 0.0179 0.0035 0.084 970.0344937443231 964.9 1004.9 0.010575038462922976 0.0 0.05 -1.3654923289396101 -5.0 5.0 -0.01799965750648497 -1.0 1.0 Success
2006ej 0.0205 0.0035 0.084 975.9633379498677 964.74 1004.74 0.00823843904258375 0.0 0.05 -1.4251221861385948 -5.0 5.0 -0.007872672009662502 -1.0 1.0 Success
2006eq 0.0495 0.0035 0.084 977.0427392838376 965.56 1005.56 0.0006170467465960674 0.0 0.05 -2.2647502807188777 -5.0 5.0 0.2577042889544117 -1.0 1.0 Success
2006et 0.0226 0.0035 0.084 995.4503314817393 967.63 1007.63 0.006335579644091164 0.0 0.05 0.7084051822383066 -5.0 5.0 0.2164538161293242 -1.0 1.0 Success
2006ev 0.0287 0.0035 0.084 989.9150469234214 978.59 1018.59 0.0019042811217271699 0.0 0.05 -1.3240023857575693 -5.0 5.0 0.2015609373929707 -1.0 1.0 Success
2006fw 0.0835 0.0035 0.084 1004.5879432422396 986.75 1026.75 0.00037826360872269816 0.0 0.05 -0.679783977983102 -5.0 5.0 0.1956621499256859 -1.0 1.0 Success
2006gj 0.0284 0.0035 0.084 1001.3119322316766 983.83 1023.83 0.0011136589773989972 0.0 0.05 -2.305627217585889 -5.0 5.0 0.3760586348099173 -1.0 1.0 Success
2006gt 0.0448 0.0035 0.084 1004.4179665432857 986.67 1026.67 0.0007668060005570217 0.0 0.05 -2.588352375874309 -5.0 5.0 0.1933401508477062 -1.0 1.0 Success
2006hb 0.0153 0.0035 0.084 1000.0998649464113 991.87 1031.87 0.012392682240004609 0.0 0.05 -2.1238619814675177 -5.0 5.0 0.03884307659527562 -1.0 1.0 Success
2006hx 0.0455 0.0035 0.084 1022.44104650226 997.66 1037.6599999999999 0.0015102324134981676 0.0 0.05 -0.13786696802999204 -5.0 5.0 0.15060840919098192 -1.0 1.0 Success
2006is 0.031 0.0035 0.084 1014.2502650968911 993.9 1020.0 0.004246671668016868 0.0 0.05 0.5354884896365246 -5.0 5.0 0.05451886492822486 -1.0 1.0 "Lowered t0_max"
2006kf 0.0213 0.0035 0.084 1041.3118090433081 1021.81 1061.81 0.0032005464120539277 0.0 0.05 -2.108794578466392 -5.0 5.0 0.2205636790572361 -1.0 1.0 Success
2006lu 0.0534 0.0035 0.084 1039.1846290464505 1025.84 1065.84 0.0010273487639353139 0.0 0.05 -0.21880511276847292 -5.0 5.0 0.08085680686649645 -1.0 1.0 Success
2006mr 0.0059 0.0035 0.084 1050.949496301923 1030.86 1070.86 0.009432903865455785 0.0 0.05 -1.8082723032976613 -5.0 5.0 0.5165870273958981 -1.0 1.0 Success
2006ob 0.0592 0.0035 0.084 1063.7470921212255 1045.65 1085.65 0.0008081393468063082 0.0 0.05 -2.2359210782915833 -5.0 5.0 0.02774653859672314 -1.0 1.0 Success
2006os 0.0328 0.0035 0.084 1065.3269961416852 1048.65 1088.65 0.0009349589978500374 0.0 0.05 -0.6775175097429083 -5.0 5.0 0.49589169888526874 -1.0 1.0 Success
2006ot 0.0531 0.0035 0.084 1066.923841644448 1048.72 1088.72 0.0009249741077869134 0.0 0.05 -0.08053273717310741 -5.0 5.0 0.27283616507641034 -1.0 1.0 Success
2007af 0.0055 0.0035 0.084 1176.5351264061028 1147.76 1187.76 0.049999520497420236 0.0 0.7 0.7108827193216882 -5.0 5.0 0.36788077674926717 -1.0 1.0 "Increased x0_max"
2007on 0.0065 0.0035 0.084 1422.2868813405662 1395.73 1435.73 0.049992306427598485 0.0 0.1 -0.3214251176883609 -5.0 5.0 0.30793611799914467 -1.0 1.0 "Increased x0_max"
2007sr 0.0055 0.0035 0.084 1458.7401402793837 1439.84 1479.84 0.04986847642249756 0.0 0.25 0.5375742021407852 -5.0 5.0 0.4615458404897348 -1.0 1.0 "Increased x0_max"
2008J 0.0159 0.0035 0.084 1469.5802183471983 1469.54 1480.0 0.008518156310508665 0.0 0.05 0.06752610609627396 -5.0 5.0 0.9858141643060665 -1.0 2.0 "Increased c_max - Still a failed fit"
2008fw 0.0085 0.0035 0.084 1745.4039223783718 1725.89 1740.0 0.013269141868411567 0.0 0.05 -0.0404207218841095 -5.0 5.0 0.3872395183472699 -1.0 1.0 "Increased t0_max"
2009I 0.0262 0.0035 0.084 1852.6100899682078 1831.58 1867.58 0.0007703343017347572 0.0 0.05 0.8088170963645329 -5.0 5.0 0.7705556060680038 -1.0 1.0 "Unchanged Priors - Flag for underestimated flux in most bands"
2006py 0.0579 0.0035 0.084 1071.559799471232 1054.54 1091.54 0.0009967396730233794 0.0 0.05 -0.17532663454268166 -5.0 5.0 0.08989540298214403 -1.0 1.0 Success
2007A 0.0177 0.0035 0.084 1113.5481625719888 1092.53 1132.53 0.00691854203554176 0.0 0.05 0.7609936206297646 -5.0 5.0 0.25762974356034757 -1.0 1.0 Success
2007N 0.0129 0.0035 0.084 1113.198335993904 1108.82 1148.82 0.0023582899595345846 0.0 0.05 -3.0095228748377827 -5.0 5.0 0.579698446188129 -1.0 1.0 Success
2007S 0.0139 0.0035 0.084 1145.1406869146035 1117.77 1157.77 0.007735594780913399 0.0 0.05 0.8756261596857874 -5.0 5.0 0.4193531082446947 -1.0 1.0 Success
2007ai 0.0317 0.0035 0.084 1176.288655237936 1152.88 1192.88 0.0008385112168949239 0.0 0.05 0.19420886454995615 -5.0 5.0 0.5312520621399224 -1.0 1.0 Success
2007al 0.0122 0.0035 0.084 1162.9514189447361 1155.77 1195.77 0.003120750388740363 0.0 0.05 -2.76430399405239 -5.0 5.0 0.4608770035612611 -1.0 1.0 Success
2007as 0.0176 0.0035 0.084 1181.6781639833275 1160.59 1200.59 0.0069541799341145474 0.0 0.05 -0.6449783055935531 -5.0 5.0 0.17056565692709663 -1.0 1.0 Success
2007ax 0.0069 0.0035 0.084 1189.1153991918056 1169.55 1209.55 0.003970846665711646 0.0 0.05 -2.4597471781929303 -5.0 5.0 0.6433327190529788 -1.0 1.0 Success
2007ba 0.0385 0.0035 0.084 1197.3571189826646 1175.83 1215.83 0.001140038448218796 0.0 0.05 -2.9543341807428836 -5.0 5.0 0.34740240084736157 -1.0 1.0 Success
2007bc 0.0208 0.0035 0.084 1200.733457107721 1181.65 1221.65 0.007275425871457276 0.0 0.05 -1.0160754258276816 -5.0 5.0 0.05922054029895769 -1.0 1.0 Success
2007bd 0.0309 0.0035 0.084 1207.915309706251 1182.53 1222.53 0.003603648502755435 0.0 0.05 -0.635817102385205 -5.0 5.0 -0.007503958857243144 -1.0 1.0 Success
2007bm 0.0062 0.0035 0.084 1224.9930873334602 1202.57 1242.57 0.024971942654277223 0.0 0.05 -0.8957104051163746 -5.0 5.0 0.5197713351738229 -1.0 1.0 Success
2007ca 0.0141 0.0035 0.084 1228.1909247544434 1202.65 1242.65 0.005961644891850677 0.0 0.05 0.6297932753116169 -5.0 5.0 0.3477626888094221 -1.0 1.0 Success
2007cg 0.0332 0.0035 0.084 1228.1255402552893 1220.63 1259.59 0.0007180797684603026 0.0 0.05 0.8108360864507574 -5.0 5.0 0.6949346204891953 -1.0 1.0 Success
2007hj 0.0141 0.0035 0.084 1346.445183288391 1333.76 1373.76 0.00856456284170184 0.0 0.05 -2.1551317796710987 -5.0 5.0 0.2562806536313589 -1.0 1.0 Success
2007hx 0.0794 0.0035 0.084 1354.784418131317 1339.78 1379.78 0.000311970035815841 0.0 0.05 0.4617213422405667 -5.0 5.0 0.19506356213183895 -1.0 1.0 Success
2007if 0.0742 0.0035 0.084 1355.9536312768373 1340.77 1380.77 0.0010645262529861807 0.0 0.05 0.4937240864849535 -5.0 5.0 0.37913547148750637 -1.0 1.0 Success
2007jd 0.0726 0.0035 0.084 1361.510872236735 1347.83 1387.83 0.00037398370517304034 0.0 0.05 -0.6691107326993129 -5.0 5.0 0.17530868880586853 -1.0 1.0 Success
2007jg 0.0371 0.0035 0.084 1366.798308444165 1348.82 1388.82 0.0014649923993809025 0.0 0.05 -0.316515232338385 -5.0 5.0 0.14788253539128088 -1.0 1.0 Success
2007jh 0.0408 0.0035 0.084 1363.5842725215903 1348.86 1388.86 0.0005577415684046895 0.0 0.05 -1.3130930225694304 -5.0 5.0 0.38915534343016944 -1.0 1.0 Success
2007le 0.0067 0.0035 0.084 1399.8671568889604 1373.57 1413.57 0.04245433883644529 0.0 0.05 0.30232663523476005 -5.0 5.0 0.3130017800793294 -1.0 1.0 Success
2007mm 0.0664 0.0035 0.084 1392.5165775048351 1370.72 1410.72 0.00019036720727219522 0.0 0.05 -3.460016040136382 -5.0 5.0 0.43688974821716775 -1.0 1.0 Success
2007nq 0.045 0.0035 0.084 1398.400819261051 1382.65 1422.65 0.0017337530626689082 0.0 0.05 -1.8616379989507352 -5.0 5.0 0.017740755511360538 -1.0 1.0 Success
2007ol 0.0559 0.0035 0.084 1413.2295746767113 1394.79 1422.66 0.0009407067568435239 0.0 0.05 -2.122699925629163 -5.0 5.0 0.020032713302223525 -1.0 1.0 Success
2007so 0.0297 0.0035 0.084 1434.683883986636 1434.68 1474.68 0.0016709792659544622 0.0 0.05 -1.3753877546531887 -5.0 5.0 0.4133038851266595 -1.0 1.0 Success
2007st 0.0212 0.0035 0.084 1453.172347751406 1443.66 1483.66 0.008671132707677297 0.0 0.05 -1.584478015524786 -5.0 5.0 0.08878226204204055 -1.0 1.0 Success
2007ux 0.0309 0.0035 0.084 1463.6374602454832 1451.82 1491.82 0.0019212134976150875 0.0 0.05 -2.117075461846539 -5.0 5.0 0.15490339693298716 -1.0 1.0 Success
2008C 0.0166 0.0035 0.084 1470.751199173556 1454.81 1494.81 0.006170185664497067 0.0 0.05 -1.6489639645050007 -5.0 5.0 0.25778612008441804 -1.0 1.0 Success
2008O 0.0389 0.0035 0.084 1490.8974473966387 1474.71 1514.71 0.0007025656617755792 0.0 0.05 -2.0962876304062696 -5.0 5.0 0.4211091136613604 -1.0 1.0 Success
2008R 0.0135 0.0035 0.084 1492.381237583532 1478.63 1518.63 0.011613782599520414 0.0 0.05 -2.170749806807266 -5.0 5.0 0.13158854244590412 -1.0 1.0 Success
2008ae 0.03 0.0035 0.084 1513.12807407987 1493.74 1533.74 0.0004413994278781924 0.0 0.05 -1.87289745720067 -5.0 5.0 0.8162593847620129 -1.0 1.0 Success
2008ar 0.0261 0.0035 0.084 1535.3493310850583 1512.79 1552.79 0.004845423379664864 0.0 0.05 -0.07609402437291149 -5.0 5.0 0.06358742503097446 -1.0 1.0 Success
2008bc 0.0151 0.0035 0.084 1550.5352688914973 1526.67 1566.67 0.009144486326935503 0.0 0.05 0.6240017887287778 -5.0 5.0 0.18602897684825054 -1.0 1.0 Success
2008bd 0.0301 0.0035 0.084 1526.7038105737745 1526.7 1566.7 0.0011483737480906583 0.0 0.05 -2.65443066664657 -5.0 5.0 0.2100679710644328 -1.0 1.0 Success
2008bf 0.0235 0.0035 0.084 1555.4768348460755 1531.79 1571.79 0.007880015652114018 0.0 0.05 0.5787351065784264 -5.0 5.0 -0.025253074077096652 -1.0 1.0 Success
2008bi 0.0134 0.0035 0.084 1536.5276329017593 1536.52 1576.52 0.004645100008494688 0.0 0.05 -2.6479960038569224 -5.0 5.0 0.2451384478392838 -1.0 1.0 Success
2008bq 0.034 0.0035 0.084 1563.9401811731104 1547.49 1587.49 0.0025669419646838793 0.0 0.05 0.45424008650118114 -5.0 5.0 0.17430022174040494 -1.0 1.0 Success
