analysis_pipeline/results/priors/sdss_sako18_salt2_2.0.ecsv
# %ECSV 0.9
# ---
# datatype:
# - {name: obj_id, datatype: string}
# - {name: z, datatype: float64}
# - {name: z_min, datatype: float64}
# - {name: z_max, datatype: float64}
# - {name: t0, datatype: float64}
# - {name: t0_min, datatype: float64}
# - {name: t0_max, datatype: float64}
# - {name: x0, datatype: float64}
# - {name: x0_min, datatype: float64}
# - {name: x0_max, datatype: float64}
# - {name: x1, datatype: float64}
# - {name: x1_min, datatype: float64}
# - {name: x1_max, datatype: float64}
# - {name: c, datatype: float64}
# - {name: c_min, datatype: float64}
# - {name: c_max, datatype: float64}
# - {name: message, datatype: string}
# schema: astropy-2.0
obj_id z z_min z_max t0 t0_min t0_max x0 x0_min x0_max x1 x1_min x1_max c c_min c_max message
1000 0.128293 0.01 0.8 53614.18592109892 53601.374975 53641.374975 0.00011351882950204491 0.0 0.02 -2.165948595335788 -6.0 6.0 0.04543950134934676 -1.0 1.2 Success
10028 0.064256 0.01 0.8 53641.23601520312 53601.360389 53641.360389 7.257862666854726e-06 0.0 0.02 5.7930006193193 -6.0 6.0 1.1376334661378533 -1.0 1.2 Success
10037 0.252461 0.01 0.8 53647.69952551649 53608.189643 53648.189643 5.713219140251631e-06 0.0 0.02 5.418157556864043 -6.0 6.0 0.5644771982573527 -1.0 1.2 Success
10045 0.114762 0.01 0.8 53647.93365169631 53608.211122 53648.211122 3.3442149938101885e-06 0.0 0.02 5.445149510981383 -6.0 6.0 0.9189480369203183 -1.0 1.2 Success
10054 0.077478 0.01 0.8 53627.871724757366 53601.439447 53641.439447 2.5710891172250906e-06 0.0 0.02 1.594762251986003 -6.0 6.0 0.27722502428473567 -1.0 1.2 Success
10066 0.440777 0.01 0.8 53624.106355979886 53608.202299 53648.202299 1.7729993054995882e-06 0.0 0.02 -3.678100539673627 -6.0 6.0 -0.7134124283133002 -1.0 1.2 Success
1008 0.225039 0.01 0.8 53623.10830665181 53601.388725 53641.388725 7.095012625861025e-05 0.0 0.02 0.7307761537836516 -6.0 6.0 -0.02008035645088355 -1.0 1.2 Success
10096 0.076658 0.01 0.8 53641.04161292166 53601.391972 53641.391972 3.121375775177291e-06 0.0 0.02 5.503603224328206 -6.0 6.0 1.0216067607171853 -1.0 1.2 Success
10106 0.146889 0.01 0.8 53641.24111948766 53601.441047 53641.441047 2.078859085535032e-06 0.0 0.02 5.7791683809329415 -6.0 6.0 1.0638958295395147 -1.0 1.2 Success
10146 0.282991 0.01 0.8 53640.911593555626 53601.382258 53641.382258 4.825680421504816e-06 0.0 0.02 5.483943172481789 -6.0 6.0 0.27924301568959714 -1.0 1.2 Success
10157 0.203148 0.01 0.8 53620.0949186717 53601.415729 53641.415729 1.2853968465410052e-06 0.0 0.02 -1.11250882252054 -6.0 6.0 -0.46581284961142844 -1.0 1.2 Success
10182 1.437993 0.01 0.8 0.0 53601.283039 53641.283039 1.0 0.0 0.02 0.0 -6.0 6.0 0.0 -1.0 1.2 "Fail bandpass 'sdss_sako18_g1' [3677.2, .., 5573.8] outside spectral range [4875.99, .., 22429.5] -"
10231 0.143635 0.01 0.8 53641.022625579084 53601.367682 53641.367682 2.137521625977483e-06 0.0 0.02 5.191486590392129 -6.0 6.0 0.7773846336047404 -1.0 1.2 Success
1027 0.185416 0.01 0.8 53625.89090885253 53601.423368 53641.423368 8.43084500526928e-06 0.0 0.02 5.194566076726645 -6.0 6.0 0.8866382979761727 -1.0 1.2 Success
10299 0.259705 0.01 0.8 53646.75215905438 53607.276362 53647.276362 6.5269024582662804e-06 0.0 0.02 5.509080506228764 -6.0 6.0 0.5123170857512781 -1.0 1.2 Success
1031 0.114804 0.01 0.8 53618.64320598037 53601.436217 53641.436217 2.625647116968243e-05 0.0 0.02 0.12875433176529832 -6.0 6.0 0.8397731681415649 -1.0 1.2 Success
1032 0.129033 0.01 0.8 53626.82227651721 53601.438624 53641.438624 0.00010294272905434389 0.0 0.02 -2.4516864758465053 -6.0 6.0 0.12055881513456669 -1.0 1.2 Success
10324 0.250218 0.01 0.8 53646.38950462582 53607.260522 53647.260522 3.522679647330158e-06 0.0 0.02 5.327303327694697 -6.0 6.0 0.6732220674985032 -1.0 1.2 Success
10342 1.577478 0.01 0.8 0.0 53601.397609 53641.397609 1.0 0.0 0.02 0.0 -6.0 6.0 0.0 -1.0 1.2 "Fail bandpass 'sdss_sako18_g5' [3677.2, .., 5573.8] outside spectral range [5154.96, .., 23712.8] -"
1041 0.065187 0.01 0.8 53620.16401089573 53601.447043 53641.447043 5.271767163373482e-05 0.0 0.02 0.36049622426344663 -6.0 6.0 0.82382120773028 -1.0 1.2 Success
10434 0.102877 0.01 0.8 53647.19078173951 53607.242121 53647.242121 7.944459606291255e-06 0.0 0.02 5.900405103005339 -6.0 6.0 1.0736114800705772 -1.0 1.2 Success
10448 0.432113 0.01 0.8 53646.85734057617 53607.276376 53647.276376 8.646998083760522e-06 0.0 0.02 5.097875388794069 -6.0 6.0 0.4316612197912779 -1.0 1.2 Success
10449 0.240535 0.01 0.8 53646.918454798 53607.261788 53647.261788 7.580074653096249e-06 0.0 0.02 5.660447042102497 -6.0 6.0 0.5975022937749559 -1.0 1.2 Success
10450 0.270471 0.01 0.8 53646.84587698018 53607.262623 53647.262623 6.5173275559659085e-06 0.0 0.02 5.554552409735993 -6.0 6.0 0.6979950772410125 -1.0 1.2 Success
10460 0.218851 0.01 0.8 53646.73981422564 53607.284279 53647.284279 5.80604566830059e-06 0.0 0.02 5.752628577087091 -6.0 6.0 1.032281637544701 -1.0 1.2 Success
10471 0.238529 0.01 0.8 53622.628802758096 53607.411656 53647.411656 1.2105037862699728e-06 0.0 0.02 -1.1470535070202026 -6.0 6.0 0.00933962624396451 -1.0 1.2 Success
10550 0.299222 0.01 0.8 53646.68980360261 53607.297139 53647.297139 4.899201546232228e-06 0.0 0.02 5.406221322121191 -6.0 6.0 0.6423501294984298 -1.0 1.2 Success
10559 0.279534 0.01 0.8 53646.95829666609 53607.309134 53647.309134 6.8009847870854925e-06 0.0 0.02 5.508776221411008 -6.0 6.0 0.5504706693471629 -1.0 1.2 Success
10621 2.421863 0.01 0.8 0.0 53607.32973 53647.32973 1.0 0.0 0.02 0.0 -6.0 6.0 0.0 -1.0 1.2 "Fail bandpass 'sdss_sako18_g4' [3677.2, .., 5573.8] outside spectral range [6843.73, .., 31481.1] -"
10672 0.083642 0.01 0.8 53633.06868922705 53601.260272 53641.260272 6.491343110364016e-06 0.0 0.02 4.56241638809811 -6.0 6.0 0.7354945600807669 -1.0 1.2 Success
10690 0.310439 0.01 0.8 53633.91288652052 53601.277643 53641.277643 2.2870272994893258e-06 0.0 0.02 2.176417153884634 -6.0 6.0 0.42686886406768876 -1.0 1.2 Success
10805 0.043968 0.01 0.8 53641.041454059865 53601.270627 53641.270627 2.272866641417948e-05 0.0 0.02 5.942735907949418 -6.0 6.0 0.7992785968674792 -1.0 1.2 Success
10843 0.35031 0.01 0.8 53644.59550050318 53607.470403 53647.470403 2.85041247552319e-06 0.0 0.02 4.635490663656139 -6.0 6.0 0.8519823690645904 -1.0 1.2 Success
10868 0.084847 0.01 0.8 53616.34055305579 53601.454255 53641.454255 1.8516089878372645e-07 0.0 0.02 -1.3056806258269724 -6.0 6.0 -0.2595048326194756 -1.0 1.2 Success
10915 0.223131 0.01 0.8 53607.086429655355 53601.367692 53641.367692 1.012395885240015e-05 0.0 0.02 -3.716935488532888 -6.0 6.0 -0.36011062033067626 -1.0 1.2 Success
10928 0.080628 0.01 0.8 53647.22875304978 53607.343694 53647.343694 7.579078938620137e-06 0.0 0.02 5.759873310360371 -6.0 6.0 1.1389253017761554 -1.0 1.2 Success
10936 0.065023 0.01 0.8 53640.75151211663 53607.371072 53647.371072 4.264005997490779e-06 0.0 0.02 1.388706340457279 -6.0 6.0 0.540530006398088 -1.0 1.2 Success
10976 0.094496 0.01 0.8 53612.0530917325 53601.372571 53641.372571 7.122423759749555e-06 0.0 0.02 -1.5567378212150995 -6.0 6.0 -0.29146928875830286 -1.0 1.2 Success
11016 0.050385 0.01 0.8 53625.30772071429 53607.220266 53647.220266 2.1876111700147255e-07 0.0 0.02 -1.0320415042571145 -6.0 6.0 -0.3006672535175928 -1.0 1.2 Success
11017 0.208659 0.01 0.8 53646.80941511181 53607.222372 53647.222372 6.576532283184772e-06 0.0 0.02 5.093499729528881 -6.0 6.0 0.5495923523166552 -1.0 1.2 Success
11026 0.28274 0.01 0.8 53644.64871288859 53607.23035 53647.23035 2.819709359135928e-06 0.0 0.02 3.420246766066155 -6.0 6.0 0.48549884744247007 -1.0 1.2 Success
11067 0.116797 0.01 0.8 53647.200913598914 53607.4165 53647.4165 3.5315695307959327e-06 0.0 0.02 5.773256945250573 -6.0 6.0 1.0794434714776109 -1.0 1.2 Success
11083 0.120676 0.01 0.8 53646.093945955756 53607.224046 53647.224046 3.654996801150885e-06 0.0 0.02 4.8050439775307385 -6.0 6.0 0.9437051604109467 -1.0 1.2 Success
11097 0.194866 0.01 0.8 53648.04622885678 53608.158322 53648.158322 7.807236541546295e-06 0.0 0.02 5.746644738958586 -6.0 6.0 0.6528924554517637 -1.0 1.2 Success
11100 0.208564 0.01 0.8 53625.61793600377 53601.266052 53641.266052 1.503654409054281e-06 0.0 0.02 -0.4046359490567631 -6.0 6.0 -0.20932267277298408 -1.0 1.2 Success
11102 0.152731 0.01 0.8 53648.03858596512 53608.177405 53648.177405 4.370452445365049e-06 0.0 0.02 5.7973192681021155 -6.0 6.0 1.1190970692981452 -1.0 1.2 Success
11119 0.114106 0.01 0.8 53644.53519610523 53608.191758 53648.191758 2.4049523108537676e-06 0.0 0.02 2.216567644511882 -6.0 6.0 0.6952960898707553 -1.0 1.2 Success
1112 0.256085 0.01 0.8 53629.90686793724 53607.267208 53647.267208 3.7638111597195306e-05 0.0 0.02 -0.331050472645003 -6.0 6.0 -0.0007703137597746755 -1.0 1.2 Success
11120 0.106009 0.01 0.8 53648.10981028112 53608.206503 53648.206503 3.7494632242954267e-06 0.0 0.02 5.77322850544754 -6.0 6.0 1.1362588474151674 -1.0 1.2 Success
1113 0.055632 0.01 0.8 53634.47152459738 53607.270544 53647.270544 0.00014635035592251185 0.0 0.02 5.978109996200509 -6.0 6.0 0.4844037053026836 -1.0 1.2 Success
11141 0.331546 0.01 0.8 53640.3676301748 53601.273946 53641.273946 8.354602143494098e-06 0.0 0.02 5.427104433071946 -6.0 6.0 0.07722986738316269 -1.0 1.2 Success
11142 0.236502 0.01 0.8 53637.7979465895 53601.277255 53641.277255 3.2484707644863648e-06 0.0 0.02 4.093680664924817 -6.0 6.0 0.3106879916579692 -1.0 1.2 Success
11156 0.307784 0.01 0.8 53640.30583387038 53601.37743 53641.37743 3.2951140952395363e-06 0.0 0.02 4.494970145244904 -6.0 6.0 0.4834585112010784 -1.0 1.2 Success
11172 0.135072 0.01 0.8 53647.86862945944 53608.197666 53648.197666 2.4712996453892953e-06 0.0 0.02 5.494191321023611 -6.0 6.0 0.9781879101226182 -1.0 1.2 Success
11181 0.342312 0.01 0.8 53628.879588792035 53601.304037 53641.304037 1.2443138219219887e-06 0.0 0.02 0.7589222283672786 -6.0 6.0 0.1349916475755636 -1.0 1.2 Success
1119 0.296391 0.01 0.8 53622.81751202952 53607.215192 53647.215192 3.535413087699433e-05 0.0 0.02 1.0113820223511518 -6.0 6.0 -0.08559960020875063 -1.0 1.2 Success
11192 0.130192 0.01 0.8 53638.28678534557 53601.299086 53641.299086 4.774672165046592e-06 0.0 0.02 4.417323876450115 -6.0 6.0 0.489854187008463 -1.0 1.2 Success
11206 0.381739 0.01 0.8 53620.41521184819 53601.320836 53641.320836 2.112377756404541e-06 0.0 0.02 -0.5211187258931155 -6.0 6.0 0.19167701554310684 -1.0 1.2 Success
11217 0.143595 0.01 0.8 53628.45550410819 53601.354692 53641.354692 1.8759294503257945e-06 0.0 0.02 1.4978756684593777 -6.0 6.0 0.5452291477379075 -1.0 1.2 Success
11241 0.088219 0.01 0.8 53618.11453440397 53601.389146 53641.389146 2.6071086680842075e-06 0.0 0.02 -1.2408412414841106 -6.0 6.0 0.6524474475960733 -1.0 1.2 Success
1126 0.113914 0.01 0.8 53613.893818270466 53607.225302 53647.225302 8.707326929961092e-05 0.0 0.02 -2.5673321043552857 -6.0 6.0 0.3466473647692007 -1.0 1.2 Success
1127 0.076085 0.01 0.8 53646.803570053424 53607.326445 53647.326445 3.604634122309374e-05 0.0 0.02 1.6932190024466809 -6.0 6.0 1.1794151897625311 -1.0 1.2 Success
11291 0.14354 0.01 0.8 53651.20035559723 53611.329719 53651.329719 3.4840680858417254e-06 0.0 0.02 5.812811343959055 -6.0 6.0 1.062479650211396 -1.0 1.2 Success
11294 0.115586 0.01 0.8 53620.237577479675 53601.367287 53641.367287 2.1817639064014785e-06 0.0 0.02 -0.9940354684277207 -6.0 6.0 0.28747358261339834 -1.0 1.2 Success
11296 0.174784 0.01 0.8 53620.016694883285 53601.368098 53641.368098 7.830111243833925e-07 0.0 0.02 -0.49344055494968253 -6.0 6.0 -0.26621541017713446 -1.0 1.2 Success
11300 0.135523 0.01 0.8 53628.36150018687 53601.330671 53641.330671 1.7311742172139457e-06 0.0 0.02 0.7597350492750987 -6.0 6.0 0.06284924071350356 -1.0 1.2 Success
11301 0.111355 0.01 0.8 53613.532273437275 53601.355119 53641.355119 3.335933778286766e-06 0.0 0.02 -1.1965269568341592 -6.0 6.0 -0.2446246606612072 -1.0 1.2 Success
11306 0.272946 0.01 0.8 53641.18199852879 53601.465085 53641.465085 3.410757238716079e-06 0.0 0.02 5.617124467459946 -6.0 6.0 0.894601634524542 -1.0 1.2 Success
1131 0.172432 0.01 0.8 53634.293243310065 53607.237489 53647.237489 1.53231195727689e-05 0.0 0.02 5.339596953740507 -6.0 6.0 0.3149814247310667 -1.0 1.2 Success
11311 0.203769 0.01 0.8 53646.9872187296 53607.453144 53647.453144 2.5789395900527204e-06 0.0 0.02 5.574723020320709 -6.0 6.0 1.1056191582090773 -1.0 1.2 Success
11320 0.273754 0.01 0.8 53652.40098010352 53612.438597 53652.438597 1.9739396599866265e-05 0.0 0.02 5.894176483855301 -6.0 6.0 0.3189193522045121 -1.0 1.2 Success
11332 0.046915 0.01 0.8 53646.360366449866 53607.480429 53647.480429 2.691191176579653e-06 0.0 0.02 5.270473819933783 -6.0 6.0 1.1005167947005388 -1.0 1.2 Success
11334 0.144769 0.01 0.8 53639.36794548931 53607.210144 53647.210144 0.0001303468180612058 0.0 0.02 5.976436209414611 -6.0 6.0 0.38141731019647307 -1.0 1.2 Success
11356 0.488395 0.01 0.8 53636.7515728902 53607.342054 53647.342054 2.1605658975985384e-06 0.0 0.02 -5.350777090584784 -6.0 6.0 -0.7309574847892755 -1.0 1.2 Success
11360 0.134735 0.01 0.8 53625.40645270238 53607.211395 53647.211395 8.590355832518626e-07 0.0 0.02 -1.484252541074232 -6.0 6.0 -0.1740820502493527 -1.0 1.2 Success
11382 0.112162 0.01 0.8 53637.23709398284 53607.327256 53647.327256 2.905542522872791e-06 0.0 0.02 -0.03544116647736061 -6.0 6.0 -0.019389463210608675 -1.0 1.2 Success
11404 0.194277 0.01 0.8 53634.831733534265 53607.398688 53647.398688 1.6285163286093592e-06 0.0 0.02 0.5995644915924492 -6.0 6.0 0.1413347366555983 -1.0 1.2 Success
11405 0.215032 0.01 0.8 53646.79022755662 53607.423754 53647.423754 6.0144700967155265e-06 0.0 0.02 5.337591729701063 -6.0 6.0 0.5976585143277697 -1.0 1.2 Success
11411 0.212603 0.01 0.8 53645.62914248329 53607.276378 53647.276378 2.801271526041805e-06 0.0 0.02 3.5392516405392906 -6.0 6.0 0.5741991479561496 -1.0 1.2 Success
11434 0.082506 0.01 0.8 53646.64066715847 53607.341238 53647.341238 4.841426196430937e-06 0.0 0.02 3.437761599318971 -6.0 6.0 0.4197558595727524 -1.0 1.2 Success
11444 0.181039 0.01 0.8 53621.9793647954 53601.421787 53641.421787 1.1284927182974855e-06 0.0 0.02 -0.9347498854140621 -6.0 6.0 -0.1610494466960226 -1.0 1.2 Success
11452 0.297519 0.01 0.8 53644.56583434094 53607.351069 53647.351069 2.8581719334896017e-06 0.0 0.02 4.621105895020445 -6.0 6.0 -0.49621105128055787 -1.0 1.2 Success
11467 0.394297 0.01 0.8 53623.60948565119 53607.389377 53647.389377 1.4340300364481e-06 0.0 0.02 -0.5244284155568123 -6.0 6.0 -0.1111660109392047 -1.0 1.2 Success
1150 0.456315 0.01 0.8 53615.14830935344 53607.324375 53647.324375 2.3484569047825073e-05 0.0 0.02 -2.504116151044406 -6.0 6.0 -0.5832252147860443 -1.0 1.2 Success
11501 0.361733 0.01 0.8 53644.88490966504 53607.440694 53647.440694 2.7165552664613718e-06 0.0 0.02 4.83000982121153 -6.0 6.0 0.8092802599691884 -1.0 1.2 Success
11503 0.211082 0.01 0.8 53636.86065833133 53611.303073 53651.303073 1.211229415996663e-06 0.0 0.02 -0.7287231070538749 -6.0 6.0 0.1924501063880597 -1.0 1.2 Success
1151 0.361362 0.01 0.8 53616.264577968774 53607.368625 53647.368625 3.972160597335408e-05 0.0 0.02 1.3119080841407935 -6.0 6.0 -0.16607314906431955 -1.0 1.2 Success
11515 0.252537 0.01 0.8 53646.101328488236 53607.345323 53647.345323 5.7122322823909465e-06 0.0 0.02 2.8710818498820188 -6.0 6.0 -0.046089461814914204 -1.0 1.2 Success
11518 0.210711 0.01 0.8 53646.127717677875 53607.3486 53647.3486 4.45717652925898e-06 0.0 0.02 4.34022712137479 -6.0 6.0 0.5687012227106001 -1.0 1.2 Success
1153 0.338423 0.01 0.8 53633.61785486733 53607.370256 53647.370256 2.195990542383922e-05 0.0 0.02 5.232196833604797 -6.0 6.0 0.40751849503431636 -1.0 1.2 Success
11532 0.044315 0.01 0.8 53646.19996349264 53607.379611 53647.379611 2.943296550277659e-06 0.0 0.02 4.346349192084908 -6.0 6.0 0.8286445909499247 -1.0 1.2 Success
11539 0.582137 0.01 0.8 53627.915547420416 53601.41332 53641.41332 5.2701803191918125e-06 0.0 0.02 -3.3290703848607412 -6.0 6.0 -0.5908352307571026 -1.0 1.2 Success
11540 0.215618 0.01 0.8 53646.57977594667 53607.434239 53647.434239 3.660893128443904e-06 0.0 0.02 4.84546062336205 -6.0 6.0 0.7584678081917675 -1.0 1.2 Success
11543 0.132377 0.01 0.8 53623.00127568196 53607.213933 53647.213933 5.935657025267374e-06 0.0 0.02 -0.9932451028747257 -6.0 6.0 0.639460608223556 -1.0 1.2 Success
11549 0.071766 0.01 0.8 53638.926523334834 53607.386524 53647.386524 2.311049248164363e-06 0.0 0.02 1.2552157677147984 -6.0 6.0 0.1674090584915945 -1.0 1.2 Success
11557 0.378965 0.01 0.8 53622.86544892997 53601.421369 53641.421369 5.748407090990584e-07 0.0 0.02 0.14580892395464598 -6.0 6.0 0.03488823191661025 -1.0 1.2 Success
1158 0.410115 0.01 0.8 53627.66833359663 53607.3727 53647.3727 2.2115651432462895e-05 0.0 0.02 -3.9471713807973408 -6.0 6.0 -0.024465594684404218 -1.0 1.2 Success
