analysis_pipeline/results/priors/sdss_sako18_salt2_2.0.ecsv
# %ECSV 0.9
# ---
# datatype:
# - {name: obj_id, datatype: string}
# - {name: z, datatype: float64}
# - {name: z_min, datatype: float64}
# - {name: z_max, datatype: float64}
# - {name: t0, datatype: float64}
# - {name: t0_min, datatype: float64}
# - {name: t0_max, datatype: float64}
# - {name: x0, datatype: float64}
# - {name: x0_min, datatype: float64}
# - {name: x0_max, datatype: float64}
# - {name: x1, datatype: float64}
# - {name: x1_min, datatype: float64}
# - {name: x1_max, datatype: float64}
# - {name: c, datatype: float64}
# - {name: c_min, datatype: float64}
# - {name: c_max, datatype: float64}
# - {name: message, datatype: string}
# schema: astropy-2.0
obj_id z z_min z_max t0 t0_min t0_max x0 x0_min x0_max x1 x1_min x1_max c c_min c_max message
[from data line 679]
15063 0.341572 0.01 0.8 54001.524243467946 53974.396462 54014.396462 7.646472255408535e-06 0.0 0.02 2.1247182651591676 -6.0 6.0 -0.03199326406193257 -1.0 1.2 Success
15064 0.538293 0.01 0.8 53993.89876935114 53974.399293 54014.399293 6.26508740391819e-06 0.0 0.02 -2.071916377109236 -6.0 6.0 -0.660750569487434 -1.0 1.2 Success
15073 0.378311 0.01 0.8 54008.38214628719 53974.435585 54014.435585 1.3695635341988797e-05 0.0 0.02 5.613824420629811 -6.0 6.0 0.0654422826977621 -1.0 1.2 Success
15081 0.180773 0.01 0.8 53999.22600332621 53959.278039 53999.278039 1.3689458589969764e-05 0.0 0.02 5.890950299549343 -6.0 6.0 0.45791228143955615 -1.0 1.2 Success
15082 0.299857 0.01 0.8 54013.15131736231 53974.351767 54014.351767 1.6681002416150384e-05 0.0 0.02 5.604362620895807 -6.0 6.0 -0.08742694629324352 -1.0 1.2 Success
15087 0.726978 0.01 0.8 53975.73783444425 53974.375388 54014.375388 1.8324860948919768e-05 0.0 0.02 -0.453812925686208 -6.0 6.0 -0.40311052163588806 -1.0 1.2 Success
15101 0.18064 0.01 0.8 53998.79866338061 53959.200153 53999.200153 9.225653438039804e-06 0.0 0.02 5.731503536034429 -6.0 6.0 0.4580583998258874 -1.0 1.2 Success
15102 0.581558 0.01 0.8 54011.301656739844 53974.229247 54014.229247 1.1102316769318837e-05 0.0 0.02 0.024672022121828948 -6.0 6.0 -0.08088168799222833 -1.0 1.2 Success
15103 0.395314 0.01 0.8 54014.10838343651 53974.250599 54014.250599 1.7955100605454204e-05 0.0 0.02 0.5732673141268186 -6.0 6.0 0.004804166566551653 -1.0 1.2 Success
15108 0.418666 0.01 0.8 53994.1005362351 53974.378228 54014.378228 1.9039291344135695e-05 0.0 0.02 2.959236280070884 -6.0 6.0 0.002933484567739075 -1.0 1.2 Success
1511 0.185727 0.01 0.8 53613.97922695488 53607.440281 53647.440281 3.033242782397735e-05 0.0 0.02 -1.4002467242638792 -6.0 6.0 0.43170584299867953 -1.0 1.2 Success
15120 0.533587 0.01 0.8 54007.84138438643 53974.416668 54014.416668 1.1300517088109353e-05 0.0 0.02 -1.7612975125606518 -6.0 6.0 -0.24806549569742334 -1.0 1.2 Success
15129 0.196112 0.01 0.8 54000.083295856995 53960.187333 54000.187333 2.4716383384237594e-05 0.0 0.02 5.976869847658383 -6.0 6.0 0.4935473871552834 -1.0 1.2 Success
15132 0.153037 0.01 0.8 54000.19648949202 53960.217418 54000.217418 3.2395224396035245e-05 0.0 0.02 5.992977074583652 -6.0 6.0 0.6184323965115164 -1.0 1.2 Success
15134 0.041897 0.01 0.8 53976.78978232339 53960.38553 54000.38553 4.481549993735321e-07 0.0 0.02 -0.9996045184821125 -6.0 6.0 -0.26816374175484614 -1.0 1.2 Success
15136 0.147338 0.01 0.8 54000.155981514676 53960.277013 54000.277013 1.83986065416654e-05 0.0 0.02 5.985810704291293 -6.0 6.0 0.895887087524157 -1.0 1.2 Success
15137 0.277353 0.01 0.8 54000.03498285679 53960.290555 54000.290555 1.0563608680277393e-05 0.0 0.02 5.8876771573483335 -6.0 6.0 0.29011135906811636 -1.0 1.2 Success
1514 0.041224 0.01 0.8 53630.034649594214 53607.442695 53647.442695 0.0002190137248586454 0.0 0.02 1.2077574682291063 -6.0 6.0 0.5955897832976753 -1.0 1.2 Success
15160 0.250717 0.01 0.8 53999.174030797556 53959.303458 53999.303458 1.5967912556421025e-05 0.0 0.02 5.922280184711133 -6.0 6.0 0.38153689994631157 -1.0 1.2 Success
15161 0.248522 0.01 0.8 54014.376631848834 53974.408989 54014.408989 2.3227193724688092e-05 0.0 0.02 5.887266909769463 -6.0 6.0 0.3236460542660396 -1.0 1.2 Success
15163 0.133652 0.01 0.8 54000.25361300368 53960.377872 54000.377872 1.0414027667150892e-05 0.0 0.02 5.981528202907003 -6.0 6.0 0.93029888365687 -1.0 1.2 Success
15170 0.394414 0.01 0.8 54014.03198665135 53974.468494 54014.468494 1.3042698840081152e-05 0.0 0.02 5.827708700748658 -6.0 6.0 -0.015650437486831075 -1.0 1.2 Success
15171 0.138185 0.01 0.8 54000.13006185269 53960.147774 54000.147774 4.01391287129399e-05 0.0 0.02 5.994244971544513 -6.0 6.0 0.6589583332922824 -1.0 1.2 Success
15181 0.211243 0.01 0.8 53973.8272383353 53960.267145 54000.267145 2.4474688578397026e-06 0.0 0.02 -0.8905764901314751 -6.0 6.0 -0.3393979940004325 -1.0 1.2 Success
15192 0.138331 0.01 0.8 54000.18159573939 53960.1869 54000.1869 7.665989466603716e-06 0.0 0.02 5.422498853493461 -6.0 6.0 1.0720118846066315 -1.0 1.2 Success
15196 0.134991 0.01 0.8 53999.96317350036 53960.31955 54000.31955 7.95069515427411e-06 0.0 0.02 5.606874634228732 -6.0 6.0 0.7384845969638888 -1.0 1.2 Success
15198 0.288316 0.01 0.8 54000.32607096642 53960.394769 54000.394769 9.049905607939842e-06 0.0 0.02 5.963856751099927 -6.0 6.0 0.566395049754969 -1.0 1.2 Success
15201 0.207354 0.01 0.8 54000.08768756875 53960.239027 54000.239027 6.829299933792138e-06 0.0 0.02 5.936392338200639 -6.0 6.0 0.6204685168168179 -1.0 1.2 Success
15203 0.20313 0.01 0.8 54000.289863590755 53960.343916 54000.343916 2.2398628106663257e-05 0.0 0.02 5.977324251104951 -6.0 6.0 0.5950886675317254 -1.0 1.2 Success
15208 0.405077 0.01 0.8 53985.71431855716 53960.187312 54000.187312 1.434139665443037e-05 0.0 0.02 -2.4560827101316094 -6.0 6.0 -0.9386804779057998 -1.0 1.2 Success
15210 0.124573 0.01 0.8 54000.14187115736 53960.274519 54000.274519 9.6792220241509e-06 0.0 0.02 5.957373131867642 -6.0 6.0 0.9826254607093314 -1.0 1.2 Success
15213 0.306322 0.01 0.8 54014.32566163347 53974.455268 54014.455268 1.2975257821151918e-05 0.0 0.02 5.6716553365154265 -6.0 6.0 0.33484031824366 -1.0 1.2 Success
15216 0.107543 0.01 0.8 53996.18499723024 53959.33686 53999.33686 4.726300112325113e-06 0.0 0.02 4.7818423597809625 -6.0 6.0 0.21053112768382953 -1.0 1.2 Success
15217 0.380037 0.01 0.8 54014.18383153684 53974.373347 54014.373347 1.3253145016450877e-05 0.0 0.02 -0.23136715844168534 -6.0 6.0 0.17373372751930077 -1.0 1.2 Success
15219 0.246368 0.01 0.8 54014.38234388103 53974.405761 54014.405761 2.156532063598822e-05 0.0 0.02 5.961054968210682 -6.0 6.0 0.32825995942039043 -1.0 1.2 Success
15220 0.463496 0.01 0.8 54014.110883171124 53974.42633 54014.42633 1.055283662915549e-05 0.0 0.02 3.7155947539866614 -6.0 6.0 0.1658381080007056 -1.0 1.2 Success
15222 0.198005 0.01 0.8 53999.177167725175 53959.31528 53999.31528 8.56740387278119e-06 0.0 0.02 5.956254089049557 -6.0 6.0 1.0045388687724315 -1.0 1.2 Success
15224 0.234627 0.01 0.8 54001.403784677495 53962.391666 54002.391666 7.723373114704333e-06 0.0 0.02 5.679614138142305 -6.0 6.0 -0.023845469054410984 -1.0 1.2 Success
15225 0.198086 0.01 0.8 54014.30985757434 53974.353387 54014.353387 2.0447957267212468e-05 0.0 0.02 5.822584406993712 -6.0 6.0 -0.018579793472042982 -1.0 1.2 Success
15226 0.287489 0.01 0.8 54014.263404789854 53974.402929 54014.402929 1.2368918131077453e-05 0.0 0.02 5.470868253701417 -6.0 6.0 0.3733817446747332 -1.0 1.2 Success
15229 0.222559 0.01 0.8 53999.26194564662 53959.320574 53999.320574 1.4229518431519577e-05 0.0 0.02 5.956608256107724 -6.0 6.0 0.6635172787357355 -1.0 1.2 Success
15231 0.158627 0.01 0.8 53998.28050728089 53959.322203 53999.322203 1.4305204124513365e-05 0.0 0.02 4.692660626771317 -6.0 6.0 0.4159296921624546 -1.0 1.2 Success
15232 0.692416 0.01 0.8 53998.12965197562 53959.32424 53999.32424 1.1255544203430295e-05 0.0 0.02 5.6462079298052155 -6.0 6.0 0.10039690895679432 -1.0 1.2 Success
15233 0.315991 0.01 0.8 54000.11250149601 53960.348763 54000.348763 1.060834662457152e-05 0.0 0.02 5.871996602543884 -6.0 6.0 0.3282755233420052 -1.0 1.2 Success
15234 0.135136 0.01 0.8 54014.34964137074 53974.357874 54014.357874 2.8517389296216023e-05 0.0 0.02 5.981556666648467 -6.0 6.0 0.6112881868977541 -1.0 1.2 Success
15236 0.381117 0.01 0.8 53999.00559357627 53959.321832 53999.321832 1.8806308491964446e-05 0.0 0.02 5.797530675076044 -6.0 6.0 0.2729472683930997 -1.0 1.2 Success
15239 0.332634 0.01 0.8 53998.890054706615 53959.309187 53999.309187 9.700116328092208e-06 0.0 0.02 5.717758428965712 -6.0 6.0 0.38083769474401497 -1.0 1.2 Success
15246 0.166973 0.01 0.8 54007.88391198579 53974.379446 54014.379446 2.205517022615837e-06 0.0 0.02 0.9755102060381676 -6.0 6.0 0.7109590480364845 -1.0 1.2 Success
1525 0.106504 0.01 0.8 53632.00871661587 53607.453549 53647.453549 0.0001326617786524839 0.0 0.02 2.8257317624329445 -6.0 6.0 0.19989591943757828 -1.0 1.2 Success
15254 0.201785 0.01 0.8 54000.05395770821 53960.172217 54000.172217 1.1700552336525045e-05 0.0 0.02 5.956767646271977 -6.0 6.0 0.5568840412490303 -1.0 1.2 Success
15259 0.210539 0.01 0.8 54000.17028203006 53960.239447 54000.239447 1.8041652891708984e-05 0.0 0.02 5.977291298997683 -6.0 6.0 0.5082064356771675 -1.0 1.2 Success
15260 0.25218 0.01 0.8 54000.11675574152 53960.24359 54000.24359 1.3637947335005827e-05 0.0 0.02 5.950521998834505 -6.0 6.0 0.619394095674212 -1.0 1.2 Success
15262 0.246151 0.01 0.8 53999.57187137242 53960.252691 54000.252691 5.64404077109016e-06 0.0 0.02 5.740558805985814 -6.0 6.0 1.0628687387612727 -1.0 1.2 Success
15263 0.466308 0.01 0.8 53999.82242826358 53960.206575 54000.206575 8.073617430638511e-06 0.0 0.02 5.756858594280503 -6.0 6.0 0.37540703877219267 -1.0 1.2 Success
15264 0.208355 0.01 0.8 53999.79249123666 53960.208662 54000.208662 1.1485907576799222e-05 0.0 0.02 5.809389622911112 -6.0 6.0 0.3960664428191099 -1.0 1.2 Success
15265 0.230045 0.01 0.8 53999.71740357222 53960.229897 54000.229897 5.3985617779342155e-06 0.0 0.02 5.620896422889367 -6.0 6.0 0.3102315757594382 -1.0 1.2 Success
15268 0.296992 0.01 0.8 54000.097252468426 53960.241927 54000.241927 1.0276446310204183e-05 0.0 0.02 5.913981820841077 -6.0 6.0 0.4316647189499027 -1.0 1.2 Success
15272 0.27889 0.01 0.8 54000.06046110737 53960.275766 54000.275766 8.034345469111342e-06 0.0 0.02 5.891126037320651 -6.0 6.0 0.6161382901429352 -1.0 1.2 Success
15287 0.236296 0.01 0.8 53999.162124164446 53959.203503 53999.203503 2.113064653931185e-05 0.0 0.02 5.98411883822252 -6.0 6.0 0.5878268654007673 -1.0 1.2 Success
15301 0.246604 0.01 0.8 54000.112386947985 53960.200299 54000.200299 1.628440640830878e-05 0.0 0.02 5.973091217186078 -6.0 6.0 0.6546519820886291 -1.0 1.2 Success
15303 0.232836 0.01 0.8 53999.95934837472 53960.274937 54000.274937 8.034958956194332e-06 0.0 0.02 5.918787118793478 -6.0 6.0 0.7190626265428657 -1.0 1.2 Success
15319 0.328504 0.01 0.8 54000.089039335755 53960.291756 54000.291756 9.085627112194181e-06 0.0 0.02 5.890279971646801 -6.0 6.0 0.44469505691245464 -1.0 1.2 Success
15324 0.391568 0.01 0.8 54000.10766867258 53960.386731 54000.386731 5.192030494917231e-06 0.0 0.02 5.840184115848078 -6.0 6.0 0.5792378507926663 -1.0 1.2 Success
15325 0.212933 0.01 0.8 54000.2171583792 53960.388341 54000.388341 1.2871464574014813e-05 0.0 0.02 5.952497949595841 -6.0 6.0 0.7509701425505958 -1.0 1.2 Success
1533 0.143081 0.01 0.8 53631.2254882528 53607.310371 53647.310371 1.2232383201745105e-05 0.0 0.02 5.504402436254318 -6.0 6.0 0.9560608956432081 -1.0 1.2 Success
15336 0.06311 0.01 0.8 53994.199145182414 53959.205584 53999.205584 1.8706711632498782e-06 0.0 0.02 3.918647008824117 -6.0 6.0 0.6515705694128594 -1.0 1.2 Success
15340 0.146121 0.01 0.8 54014.23163177622 53974.244737 54014.244737 2.4436269077084366e-05 0.0 0.02 5.975090950919391 -6.0 6.0 0.5422554103549262 -1.0 1.2 Success
15343 0.173561 0.01 0.8 53998.51985623619 53959.202638 53999.202638 7.688584345262673e-06 0.0 0.02 5.915246326875752 -6.0 6.0 0.9996155326519468 -1.0 1.2 Success
15345 0.278666 0.01 0.8 54014.19279981493 53974.242646 54014.242646 1.768907777441388e-05 0.0 0.02 5.44375777352275 -6.0 6.0 0.1779139305293857 -1.0 1.2 Success
15347 0.268565 0.01 0.8 53999.02683133435 53959.207226 53999.207226 1.0115770583760074e-05 0.0 0.02 5.89877006227546 -6.0 6.0 0.5829736850751704 -1.0 1.2 Success
1535 0.234585 0.01 0.8 53635.71851954445 53607.457565 53647.457565 4.684253497573709e-05 0.0 0.02 5.9507664426371605 -6.0 6.0 0.36449140207954595 -1.0 1.2 Success
15351 0.314852 0.01 0.8 54014.11462141285 53974.218322 54014.218322 1.3397424219914104e-05 0.0 0.02 2.7212317905368053 -6.0 6.0 0.3796886388987155 -1.0 1.2 Success
15353 0.31154 0.01 0.8 53999.10412738435 53959.2809 53999.2809 1.3004235032237909e-05 0.0 0.02 5.885947468833894 -6.0 6.0 0.1698969174154159 -1.0 1.2 Success
15354 0.220681 0.01 0.8 53999.24333106501 53959.325891 53999.325891 1.082461640197167e-05 0.0 0.02 5.913957899456258 -6.0 6.0 0.3848196460966241 -1.0 1.2 Success
15356 0.273401 0.01 0.8 54014.184086448775 53974.242231 54014.242231 1.4580851643681577e-05 0.0 0.02 5.833230723153717 -6.0 6.0 0.41522122545476775 -1.0 1.2 Success
15358 0.087762 0.01 0.8 54014.15475120271 53974.257687 54014.257687 1.1928162400691936e-05 0.0 0.02 4.685424368858601 -6.0 6.0 0.3232002038368688 -1.0 1.2 Success
15359 0.310362 0.01 0.8 54014.2259689624 53974.276829 54014.276829 2.0328186305590434e-05 0.0 0.02 5.843879659430556 -6.0 6.0 0.1765261028396972 -1.0 1.2 Success
15362 0.132804 0.01 0.8 53999.16263578499 53959.2932 53999.2932 9.463123157076164e-06 0.0 0.02 5.952487055940413 -6.0 6.0 1.0651963179224584 -1.0 1.2 Success
15363 0.177355 0.01 0.8 54002.02069651405 53962.391666 54002.391666 4.541375496591174e-06 0.0 0.02 5.7173598762316935 -6.0 6.0 0.6686689750039522 -1.0 1.2 Success
15365 0.186507 0.01 0.8 53999.225115655696 53959.292784 53999.292784 1.750964869074182e-05 0.0 0.02 5.969077320575313 -6.0 6.0 0.6598446991803352 -1.0 1.2 Success
15366 0.295572 0.01 0.8 53999.01864799929 53959.333189 53999.333189 6.108265763334356e-06 0.0 0.02 5.779942094958267 -6.0 6.0 0.323971591513481 -1.0 1.2 Success
15367 0.185375 0.01 0.8 53983.99675499116 53959.288719 53999.288719 2.846985827149144e-06 0.0 0.02 3.2560932158697873 -6.0 6.0 0.7504844480009447 -1.0 1.2 Success
15369 0.230491 0.01 0.8 53999.234702526264 53959.276798 53999.276798 1.9007371131033918e-05 0.0 0.02 5.980494667050962 -6.0 6.0 0.6188329769801757 -1.0 1.2 Success
15370 0.517891 0.01 0.8 53998.676772676044 53959.309588 53999.309588 7.022732583102304e-06 0.0 0.02 5.589959149306429 -6.0 6.0 0.5594389419512471 -1.0 1.2 Success
15381 0.160921 0.01 0.8 53999.892314911114 53960.154082 54000.154082 1.6148971980744635e-05 0.0 0.02 5.964911259485783 -6.0 6.0 0.8779575928978968 -1.0 1.2 Success
15383 0.314944 0.01 0.8 54014.31659538029 53974.404553 54014.404553 1.3070462189470336e-05 0.0 0.02 5.830584095227463 -6.0 6.0 0.200828806327283 -1.0 1.2 Success
15386 0.285817 0.01 0.8 54000.007127437304 53960.169704 54000.169704 1.3634856708073655e-05 0.0 0.02 5.932493884849561 -6.0 6.0 0.5596106914767844 -1.0 1.2 Success
15391 0.086841 0.01 0.8 54000.070174861874 53960.244846 54000.244846 1.6327722515067514e-05 0.0 0.02 5.964912370544127 -6.0 6.0 0.6172765965547382 -1.0 1.2 Success
15413 0.072297 0.01 0.8 53999.17226936542 53959.27801 53999.27801 6.672597707946528e-06 0.0 0.02 5.971501704427506 -6.0 6.0 0.9599256930309354 -1.0 1.2 Success
15419 0.276453 0.01 0.8 54000.17161239791 53960.355238 54000.355238 8.863119116672018e-06 0.0 0.02 5.891040981218408 -6.0 6.0 0.7056766302164922 -1.0 1.2 Success
15421 0.184428 0.01 0.8 54000.272054000496 53960.392342 54000.392342 1.467487194382086e-05 0.0 0.02 5.977625342183792 -6.0 6.0 0.8454336367975807 -1.0 1.2 Success
15422 0.333202 0.01 0.8 53999.767133506466 53960.394754 54000.394754 6.229150487187383e-06 0.0 0.02 5.682239932189319 -6.0 6.0 0.6184729448511037 -1.0 1.2 Success
15423 0.393921 0.01 0.8 53972.94857523927 53960.399577 54000.399577 7.72199519017376e-06 0.0 0.02 -5.965149186666578 -6.0 6.0 -0.9980452909573815 -1.0 1.2 Success
15425 0.159347 0.01 0.8 54000.41375241206 53960.45087 54000.45087 1.6544622914801083e-05 0.0 0.02 5.988679651363865 -6.0 6.0 1.023770664066422 -1.0 1.2 Success
15428 0.382219 0.01 0.8 54000.18464379976 53960.406798 54000.406798 5.926246044939017e-06 0.0 0.02 5.854695501867443 -6.0 6.0 0.47071048235826735 -1.0 1.2 Success
15433 0.219346 0.01 0.8 54000.33067209373 53960.341491 54000.341491 9.97877533130731e-06 0.0 0.02 5.936151540416114 -6.0 6.0 0.7086271470492284 -1.0 1.2 Success
15436 0.166598 0.01 0.8 53999.64008051685 53960.376246 54000.376246 4.147978693536247e-06 0.0 0.02 5.800604627189544 -6.0 6.0 0.8280477994785839 -1.0 1.2 Success
