analysis_pipeline/results/priors/sdss_sako18_salt2_2.0.ecsv
# %ECSV 0.9
# ---
# datatype:
# - {name: obj_id, datatype: string}
# - {name: z, datatype: float64}
# - {name: z_min, datatype: float64}
# - {name: z_max, datatype: float64}
# - {name: t0, datatype: float64}
# - {name: t0_min, datatype: float64}
# - {name: t0_max, datatype: float64}
# - {name: x0, datatype: float64}
# - {name: x0_min, datatype: float64}
# - {name: x0_max, datatype: float64}
# - {name: x1, datatype: float64}
# - {name: x1_min, datatype: float64}
# - {name: x1_max, datatype: float64}
# - {name: c, datatype: float64}
# - {name: c_min, datatype: float64}
# - {name: c_max, datatype: float64}
# - {name: message, datatype: string}
# schema: astropy-2.0
obj_id z z_min z_max t0 t0_min t0_max x0 x0_min x0_max x1 x1_min x1_max c c_min c_max message
[from data line 195]
1293 0.979868 0.01 0.8 0.0 53607.256765 53647.256765 1.0 0.0 0.02 0.0 -6.0 6.0 0.0 -1.0 1.2 "Fail bandpass 'sdss_sako18_g4' [3677.2, .., 5573.8] outside spectral range [3959.74, .., 18214.8] -"
12930 0.146065 0.01 0.8 53979.93062864008 53959.163217 53999.163217 0.00013601584776382563 0.0 0.02 1.6147529798140925 -6.0 6.0 0.0643380892494954 -1.0 1.2 Success
12944 0.372926 0.01 0.8 53994.087563119836 53959.330779 53999.330779 3.396828080953069e-05 0.0 0.02 5.884680408092494 -6.0 6.0 -0.3510671688590714 -1.0 1.2 Success
12946 0.066985 0.01 0.8 53983.618292530344 53959.332812 53999.332812 4.463268106513261e-05 0.0 0.02 5.303168777447066 -6.0 6.0 0.3177094293370911 -1.0 1.2 Success
12947 0.158156 0.01 0.8 53991.659365059946 53959.150985 53999.150985 0.00010683760048654813 0.0 0.02 -0.10159951024130176 -6.0 6.0 0.049241767730829326 -1.0 1.2 Success
12950 0.081411 0.01 0.8 53999.28127587639 53959.284614 53999.284614 0.0004341429773574148 0.0 0.02 -0.14521745116511697 -6.0 6.0 0.017482606356404157 -1.0 1.2 Success
12964 0.215525 0.01 0.8 53974.99998278373 53959.164053 53999.164053 4.824826988983231e-05 0.0 0.02 -0.5574723993344001 -6.0 6.0 0.0719571928496787 -1.0 1.2 Success
12969 0.164668 0.01 0.8 53973.71867682615 53959.164888 53999.164888 6.935123228111797e-05 0.0 0.02 -0.5240478417132964 -6.0 6.0 0.2264146380958749 -1.0 1.2 Success
12971 0.233804 0.01 0.8 53976.7975584863 53960.319142 54000.319142 8.116831749875367e-05 0.0 0.02 1.1193566006479765 -6.0 6.0 -0.06434379493556726 -1.0 1.2 Success
12972 0.25655 0.01 0.8 53980.56588428153 53960.322806 54000.322806 5.0111299198348045e-05 0.0 0.02 0.6155613552455775 -6.0 6.0 -0.055008547842312815 -1.0 1.2 Success
12973 0.17605 0.01 0.8 53971.800415717036 53960.348784 54000.348784 3.813270944807599e-05 0.0 0.02 -0.36544542727891893 -6.0 6.0 0.3700034883126433 -1.0 1.2 Success
12974 0.304993 0.01 0.8 53977.22379626058 53960.359707 54000.359707 3.208073097133046e-05 0.0 0.02 -1.708817382408792 -6.0 6.0 -0.01907218473954833 -1.0 1.2 Success
12977 0.246425 0.01 0.8 53994.611752481316 53960.338247 54000.338247 5.859060903144904e-05 0.0 0.02 0.2819850099926935 -6.0 6.0 -0.034106849278226714 -1.0 1.2 Success
12979 0.115286 0.01 0.8 53989.03603450066 53959.338899 53999.338899 1.574496463768466e-05 0.0 0.02 -1.2734555260620268 -6.0 6.0 0.7281558181220521 -1.0 1.2 Success
1298 0.225088 0.01 0.8 53608.51117279428 53607.232873 53647.232873 7.817730603230794e-05 0.0 0.02 -0.36331833394164104 -6.0 6.0 -0.13944624373936282 -1.0 1.2 Success
12982 0.265755 0.01 0.8 53990.780137972346 53960.343916 54000.343916 2.654411111310626e-05 0.0 0.02 5.693342207625232 -6.0 6.0 -0.14815523753407958 -1.0 1.2 Success
12983 0.263944 0.01 0.8 53975.882241585015 53960.345942 54000.345942 3.9927813940329225e-05 0.0 0.02 -0.177688864808102 -6.0 6.0 -0.005769768746726022 -1.0 1.2 Success
12987 0.195044 0.01 0.8 53973.67543874059 53960.370197 54000.370197 2.4974131235033815e-05 0.0 0.02 0.6340237648783056 -6.0 6.0 0.4978764813064887 -1.0 1.2 Success
12989 0.071486 0.01 0.8 53973.57917868031 53960.308555 54000.308555 4.037103913227353e-05 0.0 0.02 -4.706367182064967 -6.0 6.0 0.5526061903993176 -1.0 1.2 Success
12995 1.783472 0.01 0.8 0.0 53960.335818 54000.335818 1.0 0.0 0.02 0.0 -6.0 6.0 0.0 -1.0 1.2 "Fail bandpass 'sdss_sako18_r2' [5434.6, .., 6981.7] outside spectral range [5566.94, .., 25607.9] -"
12999 0.090548 0.01 0.8 53985.98087933523 53960.356074 54000.356074 2.9022122444199143e-05 0.0 0.02 5.663596101550203 -6.0 6.0 0.6219601143048291 -1.0 1.2 Success
13000 0.350407 0.01 0.8 53991.03711973227 53960.357287 54000.357287 2.265271849556713e-05 0.0 0.02 5.882019197050369 -6.0 6.0 0.1342034787936138 -1.0 1.2 Success
13002 0.09414 0.01 0.8 54000.170680695934 53960.364156 54000.364156 1.4725496317014016e-05 0.0 0.02 5.860965060367496 -6.0 6.0 1.062482705623671 -1.0 1.2 Success
13005 0.126217 0.01 0.8 53974.43034306319 53960.375454 54000.375454 0.00011087736695782023 0.0 0.02 -0.8259694066157056 -6.0 6.0 0.12968511301822733 -1.0 1.2 Success
13010 0.108439 0.01 0.8 53999.89086929172 53960.334579 54000.334579 1.26966557828857e-05 0.0 0.02 4.076775218723079 -6.0 6.0 1.194854338305877 -1.0 1.2 Success
13011 0.08899 0.01 0.8 53984.79565809787 53960.337014 54000.337014 2.0065724806879963e-05 0.0 0.02 1.5726717547171576 -6.0 6.0 1.0061931834946896 -1.0 1.2 Success
13013 0.105704 0.01 0.8 53982.506269031095 53960.339847 54000.339847 1.7725548774419574e-05 0.0 0.02 4.2568183317520765 -6.0 6.0 0.9003364581254277 -1.0 1.2 Success
13015 0.175355 0.01 0.8 53984.623736914225 53960.36978 54000.36978 8.984656700614435e-05 0.0 0.02 -0.6873276184990205 -6.0 6.0 -0.3020383771096279 -1.0 1.2 Success
13016 0.24976 0.01 0.8 53985.75805788663 53960.370183 54000.370183 4.8315760993900843e-05 0.0 0.02 -0.06075397681385957 -6.0 6.0 -0.11217712906133447 -1.0 1.2 Success
13018 0.139863 0.01 0.8 53986.6458945204 53960.221574 54000.221574 1.3202090075311163e-05 0.0 0.02 0.9387789333796609 -6.0 6.0 0.7721635094011784 -1.0 1.2 Success
13024 0.400468 0.01 0.8 53986.29986816204 53960.250197 54000.250197 1.2546040056488755e-05 0.0 0.02 1.3461752414530879 -6.0 6.0 -0.4743418056827276 -1.0 1.2 Success
13025 0.222864 0.01 0.8 53990.9067055541 53960.250197 54000.250197 4.543226751034988e-05 0.0 0.02 0.7550824049371626 -6.0 6.0 0.09310844794474359 -1.0 1.2 Success
13033 0.280688 0.01 0.8 53989.685536123936 53960.219902 54000.219902 2.5062802054946477e-05 0.0 0.02 5.6992036261901005 -6.0 6.0 -0.26206455197132306 -1.0 1.2 Success
13035 0.02967 0.01 0.8 53981.23795029861 53960.239427 54000.239427 3.098677942674087e-05 0.0 0.02 0.507899473403209 -6.0 6.0 0.45512747111193214 -1.0 1.2 Success
13038 0.102644 0.01 0.8 53988.49735832899 53960.26753 54000.26753 0.0003335958215035756 0.0 0.02 1.4046754994344308 -6.0 6.0 -0.01159385497112027 -1.0 1.2 Success
13040 0.07608 0.01 0.8 53983.355512247916 53960.279457 54000.279457 3.981712897338313e-05 0.0 0.02 -0.2573959441030021 -6.0 6.0 0.853599340255995 -1.0 1.2 Success
13044 0.12455 0.01 0.8 54000.21876994549 53960.225318 54000.225318 0.0001894214802100855 0.0 0.02 1.594504828891016 -6.0 6.0 0.06128542727078582 -1.0 1.2 Success
13045 0.179152 0.01 0.8 53994.51096207777 53960.26011 54000.26011 7.90501173651989e-05 0.0 0.02 -0.49493739928134883 -6.0 6.0 0.12299563578916058 -1.0 1.2 Success
13047 0.226463 0.01 0.8 53989.01611980443 53960.219091 54000.219091 2.6953357092865363e-05 0.0 0.02 5.908844733880953 -6.0 6.0 0.5430138243570732 -1.0 1.2 Success
13051 0.283599 0.01 0.8 53972.88472312454 53960.238204 54000.238204 4.449722086282813e-05 0.0 0.02 -0.341007616111167 -6.0 6.0 -0.08662946984680109 -1.0 1.2 Success
13052 0.189861 0.01 0.8 53971.83915363616 53960.240691 54000.240691 3.898860440919564e-05 0.0 0.02 -0.6142899929199643 -6.0 6.0 0.3760048106313865 -1.0 1.2 Success
13058 0.18565 0.01 0.8 53981.94997153407 53960.25806 54000.25806 2.2688719431126008e-05 0.0 0.02 4.704640000613179 -6.0 6.0 0.5498149558029212 -1.0 1.2 Success
13062 0.414648 0.01 0.8 53993.14227489263 53960.241948 54000.241948 2.51891050818738e-05 0.0 0.02 5.906365808113854 -6.0 6.0 -0.2983972385039933 -1.0 1.2 Success
13063 0.13304 0.01 0.8 53973.77822783533 53960.24319 54000.24319 7.866606046785466e-05 0.0 0.02 -1.289800367612059 -6.0 6.0 0.1503677197748526 -1.0 1.2 Success
13067 0.202016 0.01 0.8 53977.274519630366 53960.293823 54000.293823 3.141393247125571e-05 0.0 0.02 -0.4660789759857631 -6.0 6.0 0.2992473132627891 -1.0 1.2 Success
13068 0.073836 0.01 0.8 53976.624132780045 53960.260956 54000.260956 0.0001880289358328924 0.0 0.02 0.30054767559689316 -6.0 6.0 0.4154037761215824 -1.0 1.2 Success
13069 0.332682 0.01 0.8 53989.97462563016 53960.262605 54000.262605 2.5756759338398907e-05 0.0 0.02 5.815960851183397 -6.0 6.0 -0.11259993476692996 -1.0 1.2 Success
13070 0.197181 0.01 0.8 53986.673245569655 53960.29506 54000.29506 0.00012168161843743123 0.0 0.02 1.0907465109934713 -6.0 6.0 -0.13785318539603414 -1.0 1.2 Success
13071 0.177535 0.01 0.8 53981.44426583674 53960.297106 54000.297106 1.957045344497004e-05 0.0 0.02 4.881590223037214 -6.0 6.0 0.24601255080112674 -1.0 1.2 Success
13072 0.229162 0.01 0.8 53989.80357344777 53960.231974 54000.231974 6.392685422303055e-05 0.0 0.02 0.23805533203574963 -6.0 6.0 -0.1842760923081835 -1.0 1.2 Success
13074 0.19268 0.01 0.8 53976.827460530054 53960.237783 54000.237783 4.564862185678238e-05 0.0 0.02 -2.1231523148436797 -6.0 6.0 0.2604173981619095 -1.0 1.2 Success
13096 0.390331 0.01 0.8 53993.071685956886 53960.296703 54000.296703 2.026981522904359e-05 0.0 0.02 0.9338021307854907 -6.0 6.0 -0.20872956778020663 -1.0 1.2 Success
13099 0.26451 0.01 0.8 53996.88935301518 53960.300384 54000.300384 3.8156889585228925e-05 0.0 0.02 -0.07553617394257298 -6.0 6.0 -0.026411985592050272 -1.0 1.2 Success
13101 0.366749 0.01 0.8 53994.3263582265 53960.305288 54000.305288 1.6946571153876585e-05 0.0 0.02 -0.7050029391664822 -6.0 6.0 0.09278429115198505 -1.0 1.2 Success
13106 0.104899 0.01 0.8 53999.08269006075 53960.317118 54000.317118 1.087668716921994e-05 0.0 0.02 5.652695658710948 -6.0 6.0 1.0590571527326176 -1.0 1.2 Success
13108 0.204617 0.01 0.8 53996.08105106092 53960.3277 54000.3277 2.6579033879301228e-05 0.0 0.02 -0.26405402498964387 -6.0 6.0 0.29724492323103957 -1.0 1.2 Success
1311 0.260328 0.01 0.8 53615.828875742984 53607.250905 53647.250905 3.0077863596248847e-05 0.0 0.02 -3.8455878239646184 -6.0 6.0 -0.46091476942845594 -1.0 1.2 Success
13120 0.10896 0.01 0.8 53976.23140448674 53960.330944 54000.330944 1.647679024970381e-05 0.0 0.02 0.47811275900514166 -6.0 6.0 0.685868998626846 -1.0 1.2 Success
13131 0.156637 0.01 0.8 53981.52103818703 53960.286447 54000.286447 2.5676372492998427e-05 0.0 0.02 5.347776582411339 -6.0 6.0 0.2986093854618059 -1.0 1.2 Success
13134 0.520234 0.01 0.8 53996.21318219653 53959.309588 53999.309588 9.6462653804279e-05 0.0 0.02 5.9945023788186855 -6.0 6.0 -0.07252086392871125 -1.0 1.2 Success
13135 0.10337 0.01 0.8 53999.31823493653 53959.318973 53999.318973 0.00024248670007685983 0.0 0.02 0.5770769987411639 -6.0 6.0 0.043930564488807625 -1.0 1.2 Success
13136 0.370458 0.01 0.8 53993.83501647336 53960.31792 54000.31792 2.024172406591849e-05 0.0 0.02 0.6741091574926116 -6.0 6.0 -0.07811199505698091 -1.0 1.2 Success
13140 0.323141 0.01 0.8 53991.56207260963 53960.328907 54000.328907 1.8841368448462493e-05 0.0 0.02 5.633103409769322 -6.0 6.0 -0.24148948080132968 -1.0 1.2 Success
13150 0.072194 0.01 0.8 53983.79503780077 53960.313837 54000.313837 1.718428568757007e-05 0.0 0.02 2.0093556402158383 -6.0 6.0 1.1870650038740438 -1.0 1.2 Success
13152 0.202152 0.01 0.8 54000.280820009386 53960.320356 54000.320356 9.161795109569801e-05 0.0 0.02 0.4944804453044392 -6.0 6.0 0.0324563062988578 -1.0 1.2 Success
13155 0.102092 0.01 0.8 53999.828063221525 53960.347967 54000.347967 1.4934689524458396e-05 0.0 0.02 4.040322866243269 -6.0 6.0 0.5781196597550341 -1.0 1.2 Success
13159 0.583352 0.01 0.8 53979.53513768728 53960.360911 54000.360911 1.6129771405487482e-05 0.0 0.02 -1.8613877852983403 -6.0 6.0 -0.4707320436144434 -1.0 1.2 Success
1316 0.215653 0.01 0.8 53620.64786106563 53607.255925 53647.255925 6.36920823325766e-05 0.0 0.02 0.2539821377365439 -6.0 6.0 -0.05111706767213548 -1.0 1.2 Success
13164 0.23089 0.01 0.8 53991.86390976683 53960.298721 54000.298721 2.1836801279346692e-05 0.0 0.02 5.872036783420487 -6.0 6.0 0.49958149581808636 -1.0 1.2 Success
13166 0.255789 0.01 0.8 53966.78141656829 53960.304035 54000.304035 2.7837447012027933e-05 0.0 0.02 -2.809578789705614 -6.0 6.0 0.4597675240592251 -1.0 1.2 Success
13172 0.213152 0.01 0.8 53985.69045894956 53960.326859 54000.326859 2.358245846686604e-05 0.0 0.02 2.3269767025880546 -6.0 6.0 -0.21637246255231446 -1.0 1.2 Success
13173 1.430184 0.01 0.8 0.0 53960.330111 54000.330111 1.0 0.0 0.02 0.0 -6.0 6.0 0.0 -1.0 1.2 "Fail bandpass 'sdss_sako18_g5' [3677.2, .., 5573.8] outside spectral range [4860.37, .., 22357.7] -"
13174 0.234759 0.01 0.8 53999.707938518346 53960.337014 54000.337014 7.898871046341366e-05 0.0 0.02 -0.1843983389842845 -6.0 6.0 -0.12046122951799051 -1.0 1.2 Success
13177 0.317321 0.01 0.8 53988.422929509135 53960.359692 54000.359692 2.2052103450087108e-05 0.0 0.02 0.397678796384637 -6.0 6.0 0.2701450718739343 -1.0 1.2 Success
13180 0.249487 0.01 0.8 53985.074412525166 53960.288478 54000.288478 3.4781119124810796e-05 0.0 0.02 1.0220838357114976 -6.0 6.0 0.2976902762696218 -1.0 1.2 Success
13185 0.148234 0.01 0.8 53976.21380480865 53960.310561 54000.310561 1.1696167387140796e-05 0.0 0.02 0.4996281300709709 -6.0 6.0 0.9420807965512232 -1.0 1.2 Success
13193 0.251474 0.01 0.8 53967.06880235076 53960.345928 54000.345928 4.251678332642428e-05 0.0 0.02 0.36238575653692207 -6.0 6.0 0.08854308533453352 -1.0 1.2 Success
13195 0.019904 0.01 0.8 54000.403557356454 53960.403995 54000.403995 0.0009018371406760198 0.0 0.02 2.457778006710416 -6.0 6.0 0.6564494304439531 -1.0 1.2 Success
13199 0.261825 0.01 0.8 54000.12112870871 53960.406002 54000.406002 2.304737428104195e-05 0.0 0.02 5.849389226599892 -6.0 6.0 0.26134422766666443 -1.0 1.2 Success
13205 0.417044 0.01 0.8 53983.91466681666 53960.367393 54000.367393 2.5349103463203544e-05 0.0 0.02 -1.1952409891518283 -6.0 6.0 -0.19541920745737337 -1.0 1.2 Success
13208 0.250088 0.01 0.8 54000.24799859629 53960.422074 54000.422074 1.4704037915274451e-05 0.0 0.02 5.876428486988559 -6.0 6.0 0.7245547480687785 -1.0 1.2 Success
13213 0.101475 0.01 0.8 53982.628281393365 53960.377059 54000.377059 1.1350295558443469e-05 0.0 0.02 2.5103609116902685 -6.0 6.0 0.9448193792765703 -1.0 1.2 Success
13214 0.649045 0.01 0.8 53980.183438585525 53960.394769 54000.394769 3.931284010389858e-05 0.0 0.02 0.005885908682909369 -6.0 6.0 -0.37040213843347514 -1.0 1.2 Success
13224 0.23523 0.01 0.8 53987.25545017801 53960.429274 54000.429274 3.165840498948506e-05 0.0 0.02 1.4661984286936864 -6.0 6.0 0.24085214406356598 -1.0 1.2 Success
13227 1.412926 0.01 0.8 0.0 53960.400803 54000.400803 1.0 0.0 0.02 0.0 -6.0 6.0 0.0 -1.0 1.2 "Fail bandpass 'sdss_sako18_g2' [3677.2, .., 5573.8] outside spectral range [4825.85, .., 22198.9] -"
13231 0.359617 0.01 0.8 53988.66114218868 53960.381483 54000.381483 2.2675864159758693e-05 0.0 0.02 5.49371375040067 -6.0 6.0 -0.17655095048708436 -1.0 1.2 Success
13240 0.19881 0.01 0.8 53984.34650388259 53960.398379 54000.398379 9.020784059805545e-06 0.0 0.02 0.5445935035256821 -6.0 6.0 0.6136262491890949 -1.0 1.2 Success
13244 0.364525 0.01 0.8 53983.420348171785 53960.410023 54000.410023 1.3241489695777632e-05 0.0 0.02 3.5129132673559433 -6.0 6.0 -0.27722866090396836 -1.0 1.2 Success
13254 0.179896 0.01 0.8 53993.226356146035 53960.414444 54000.414444 5.616565142990353e-05 0.0 0.02 0.8754596904111746 -6.0 6.0 0.1138118164810166 -1.0 1.2 Success
13258 0.259991 0.01 0.8 53971.514578441456 53960.364129 54000.364129 4.153748549666652e-05 0.0 0.02 -1.0246955526717314 -6.0 6.0 0.09903458120003815 -1.0 1.2 Success
13262 0.306277 0.01 0.8 53973.507144280375 53960.397561 54000.397561 4.236452933403903e-05 0.0 0.02 -0.344569153183481 -6.0 6.0 -0.10781873354766365 -1.0 1.2 Success
13267 0.059482 0.01 0.8 54000.365364430385 53960.382275 54000.382275 4.3727958595761264e-05 0.0 0.02 3.2971965444789513 -6.0 6.0 0.7751212775524731 -1.0 1.2 Success
13280 0.126321 0.01 0.8 54003.91776570781 53974.218327 54014.218327 7.621291467981429e-06 0.0 0.02 5.014927226918111 -6.0 6.0 1.0609430561648194 -1.0 1.2 Success
13286 0.083936 0.01 0.8 53998.50067937153 53974.241822 54014.241822 9.384182630112443e-06 0.0 0.02 3.0181840986419437 -6.0 6.0 1.1652809310925851 -1.0 1.2 Success
13289 0.127572 0.01 0.8 54004.15495483375 53974.254776 54014.254776 6.209907459067783e-05 0.0 0.02 5.7355542470779675 -6.0 6.0 0.10238379866033083 -1.0 1.2 Success
