analysis_pipeline/results/priors/sdss_sako18_salt2_2.0.ecsv
# %ECSV 0.9
# ---
# datatype:
# - {name: obj_id, datatype: string}
# - {name: z, datatype: float64}
# - {name: z_min, datatype: float64}
# - {name: z_max, datatype: float64}
# - {name: t0, datatype: float64}
# - {name: t0_min, datatype: float64}
# - {name: t0_max, datatype: float64}
# - {name: x0, datatype: float64}
# - {name: x0_min, datatype: float64}
# - {name: x0_max, datatype: float64}
# - {name: x1, datatype: float64}
# - {name: x1_min, datatype: float64}
# - {name: x1_max, datatype: float64}
# - {name: c, datatype: float64}
# - {name: c_min, datatype: float64}
# - {name: c_max, datatype: float64}
# - {name: message, datatype: string}
# schema: astropy-2.0
obj_id z z_min z_max t0 t0_min t0_max x0 x0_min x0_max x1 x1_min x1_max c c_min c_max message
[from data line 1651]
19107 0.389936 0.01 0.8 54373.02303782917 54342.329374 54382.329374 1.642208264068313e-05 0.0 0.02 5.654851086805742 -6.0 6.0 0.1504856623789528 -1.0 1.2 Success
19128 0.285433 0.01 0.8 54381.82583695329 54342.264433 54382.264433 3.669685682474203e-05 0.0 0.02 4.038790502875452 -6.0 6.0 -0.06164931805960988 -1.0 1.2 Success
19129 0.09993 0.01 0.8 54371.21748600419 54331.285501 54371.285501 6.36950935679682e-06 0.0 0.02 3.598067490606935 -6.0 6.0 1.1780868870991879 -1.0 1.2 Success
19132 0.379088 0.01 0.8 54370.299404959296 54342.294969 54382.294969 1.9572826370096712e-05 0.0 0.02 -0.14753220009835483 -6.0 6.0 0.09177496161839914 -1.0 1.2 Success
19135 0.152369 0.01 0.8 54372.576405530046 54342.328971 54382.328971 1.8672306515687374e-05 0.0 0.02 5.762424488571786 -6.0 6.0 0.2500085804653249 -1.0 1.2 Success
19137 0.054331 0.01 0.8 54372.36232774801 54332.369033 54372.369033 2.8528011549408428e-05 0.0 0.02 5.953771019528643 -6.0 6.0 0.6961846214346764 -1.0 1.2 Success
19138 0.191473 0.01 0.8 54372.31344249603 54332.385611 54372.385611 1.1415204050336313e-05 0.0 0.02 5.6656955007308865 -6.0 6.0 0.5548922830677956 -1.0 1.2 Success
19141 0.107281 0.01 0.8 54372.37110129185 54332.404565 54372.404565 1.9371629736848203e-05 0.0 0.02 5.665615715277732 -6.0 6.0 0.5555244439787362 -1.0 1.2 Success
19143 0.135188 0.01 0.8 54347.2085941278 54332.411003 54372.411003 3.126766466937497e-06 0.0 0.02 0.15577589803544617 -6.0 6.0 0.30233177891110413 -1.0 1.2 Success
19144 0.366469 0.01 0.8 54372.29839483476 54332.420248 54372.420248 1.926350133471214e-05 0.0 0.02 -0.8880625622525133 -6.0 6.0 0.21620907237108442 -1.0 1.2 Success
19149 0.210227 0.01 0.8 54382.35148332398 54342.366374 54382.366374 6.121113513020167e-05 0.0 0.02 5.9909284591919425 -6.0 6.0 0.2628650803763084 -1.0 1.2 Success
19153 0.137649 0.01 0.8 54348.331917074305 54332.446311 54372.446311 6.912588145378229e-07 0.0 0.02 -0.830701199822884 -6.0 6.0 -0.24725673891440392 -1.0 1.2 Success
19155 0.076639 0.01 0.8 54382.36303085973 54342.36556 54382.36556 0.00013737337478502201 0.0 0.02 5.9987915793503435 -6.0 6.0 0.6010380038102935 -1.0 1.2 Success
19157 1.679201 0.01 0.8 0.0 54332.415008 54372.415008 1.0 0.0 0.02 0.0 -6.0 6.0 0.0 -1.0 1.2 "Fail bandpass 'sdss_sako18_g4' [3677.2, .., 5573.8] outside spectral range [5358.4, .., 24648.6] - d"
19158 0.366275 0.01 0.8 54372.31298363473 54332.425052 54372.425052 1.4320729395303191e-05 0.0 0.02 5.372665758324165 -6.0 6.0 -0.1784597170456244 -1.0 1.2 Success
19159 0.17577 0.01 0.8 54347.36918734146 54331.447747 54371.447747 2.534354823429806e-07 0.0 0.02 -1.308417916618429 -6.0 6.0 -0.3367991853149431 -1.0 1.2 Success
19165 0.415371 0.01 0.8 54372.30717004481 54332.37428 54372.37428 2.4209441546716617e-05 0.0 0.02 -2.1399053524653717 -6.0 6.0 -0.12962700710680922 -1.0 1.2 Success
19169 0.210673 0.01 0.8 54372.338691282355 54332.406154 54372.406154 1.612721030410641e-05 0.0 0.02 2.681451625542065 -6.0 6.0 0.10129742630689595 -1.0 1.2 Success
19174 0.163565 0.01 0.8 54382.31265367612 54342.350544 54382.350544 5.9404087471092444e-05 0.0 0.02 5.961322094913233 -6.0 6.0 0.23031933393568865 -1.0 1.2 Success
19191 0.161381 0.01 0.8 54371.00061103394 54331.204967 54371.204967 2.095155605788469e-05 0.0 0.02 2.3346821929042396 -6.0 6.0 0.31540833810369945 -1.0 1.2 Success
19197 0.178262 0.01 0.8 54369.73584638167 54331.250319 54371.250319 5.131837141487055e-06 0.0 0.02 0.4730294045464979 -6.0 6.0 0.6324249065417402 -1.0 1.2 Success
19201 0.098771 0.01 0.8 54371.22639707765 54331.248062 54371.248062 2.031752800770942e-05 0.0 0.02 5.17175689826379 -6.0 6.0 0.49005777623140373 -1.0 1.2 Success
19205 0.333129 0.01 0.8 54371.16465223471 54331.186858 54371.186858 2.562821892499013e-05 0.0 0.02 3.7712061764053795 -6.0 6.0 0.06756001720418128 -1.0 1.2 Success
19207 0.257208 0.01 0.8 54371.195120373224 54331.218236 54371.218236 3.087955984941609e-05 0.0 0.02 0.7355956978846075 -6.0 6.0 0.2147360777855286 -1.0 1.2 Success
19208 0.213888 0.01 0.8 54362.354777093205 54331.246499 54371.246499 3.1991973585685206e-06 0.0 0.02 1.5811655076791793 -6.0 6.0 0.2527670608405844 -1.0 1.2 Success
19209 0.127005 0.01 0.8 54371.22711756858 54331.248155 54371.248155 2.7304625833998334e-05 0.0 0.02 3.1105366147090985 -6.0 6.0 0.5843637357229077 -1.0 1.2 Success
19211 0.402588 0.01 0.8 54370.95890355178 54331.161004 54371.161004 9.391433269195636e-06 0.0 0.02 4.962968954665652 -6.0 6.0 0.001411318515925746 -1.0 1.2 Success
19220 0.201533 0.01 0.8 54371.224953266705 54331.241203 54371.241203 3.1250205241214825e-05 0.0 0.02 5.954738723021109 -6.0 6.0 0.45915182774214547 -1.0 1.2 Success
19221 0.041723 0.01 0.8 54371.244748654266 54331.25767 54371.25767 3.2935953662884084e-05 0.0 0.02 5.9589022056276155 -6.0 6.0 0.49767199204814816 -1.0 1.2 Success
19228 0.063776 0.01 0.8 54351.33299626002 54331.193223 54371.193223 1.1171325455238535e-06 0.0 0.02 -1.2799557540472228 -6.0 6.0 -0.25503962586313106 -1.0 1.2 Success
19230 0.219552 0.01 0.8 54371.195819889304 54331.216221 54371.216221 2.6001171285381377e-05 0.0 0.02 5.160722461865119 -6.0 6.0 0.28365340478749396 -1.0 1.2 Success
1924 1.192208 0.01 0.8 0.0 53607.212661 53647.212661 1.0 0.0 0.02 0.0 -6.0 6.0 0.0 -1.0 1.2 "Fail bandpass 'sdss_sako18_g6' [3767, .., 5573.8] outside spectral range [4384.42, .., 20168.3] - de"
19246 0.333585 0.01 0.8 54370.88618395573 54331.268813 54371.268813 1.926251667391958e-05 0.0 0.02 1.7801359934984375 -6.0 6.0 0.20205561433420957 -1.0 1.2 Success
19254 0.920639 0.01 0.8 0.0 54331.298801 54371.298801 1.0 0.0 0.02 0.0 -6.0 6.0 0.0 -1.0 1.2 "Fail bandpass 'sdss_sako18_g1' [3677.2, .., 5573.8] outside spectral range [3841.28, .., 17669.9] -"
19274 0.253057 0.01 0.8 54371.21829831374 54331.274812 54371.274812 2.3192903880297643e-05 0.0 0.02 5.309502390099092 -6.0 6.0 0.09402822982799011 -1.0 1.2 Success
19282 0.175584 0.01 0.8 54371.28393413127 54331.288784 54371.288784 5.1144296578499535e-05 0.0 0.02 5.983166820597441 -6.0 6.0 0.3915540832640762 -1.0 1.2 Success
19289 1.635318 0.01 0.8 0.0 54332.392064 54372.392064 1.0 0.0 0.02 0.0 -6.0 6.0 0.0 -1.0 1.2 "Fail bandpass 'sdss_sako18_g3' [3677.2, .., 5573.8] outside spectral range [5270.64, .., 24244.9] -"
19305 0.151346 0.01 0.8 54354.41274755624 54331.342464 54371.342464 1.7489054547539832e-06 0.0 0.02 0.27147691726919193 -6.0 6.0 -0.23126869544974896 -1.0 1.2 Success
19309 0.524485 0.01 0.8 54340.26590093926 54331.270526 54371.270526 1.589107545698608e-05 0.0 0.02 -0.6579912834227098 -6.0 6.0 -0.838263209371158 -1.0 1.2 Success
19311 1.28557 0.01 0.8 0.0 54331.277936 54371.277936 1.0 0.0 0.02 0.0 -6.0 6.0 0.0 -1.0 1.2 "Fail bandpass 'sdss_sako18_g5' [3677.2, .., 5573.8] outside spectral range [4571.14, .., 21027.2] -"
19317 0.177537 0.01 0.8 54371.04874210919 54331.153509 54371.153509 1.6579391168073127e-05 0.0 0.02 2.0931841096706996 -6.0 6.0 0.5795143755696784 -1.0 1.2 Success
19319 0.149468 0.01 0.8 54371.20515750247 54331.231485 54371.231485 2.6525127021899246e-05 0.0 0.02 2.887879413868266 -6.0 6.0 0.41943406771515435 -1.0 1.2 Success
19323 0.085488 0.01 0.8 54371.27688124641 54331.292172 54371.292172 2.365710331081634e-05 0.0 0.02 5.910016762828115 -6.0 6.0 0.7332264689247724 -1.0 1.2 Success
19335 0.349035 0.01 0.8 54371.17906448758 54331.264183 54371.264183 2.1265703720338977e-05 0.0 0.02 -0.6773179763763825 -6.0 6.0 0.07377328196209679 -1.0 1.2 Success
19341 0.23542 0.01 0.8 54371.28463786145 54331.334598 54371.334598 1.9065243853168674e-05 0.0 0.02 5.87990850303108 -6.0 6.0 0.3965852775563009 -1.0 1.2 Success
19342 0.210901 0.01 0.8 54371.244190497186 54331.336223 54371.336223 1.3736818189822585e-05 0.0 0.02 5.825247797146301 -6.0 6.0 0.5685273307998184 -1.0 1.2 Success
19343 0.413478 0.01 0.8 54353.07284844081 54333.386964 54373.386964 7.231663437499351e-06 0.0 0.02 -4.729329136599088 -6.0 6.0 -0.982797538471536 -1.0 1.2 Success
19344 0.297739 0.01 0.8 54371.25096179696 54331.384759 54371.384759 1.4277363394762755e-05 0.0 0.02 5.746804748017344 -6.0 6.0 0.4756792739246774 -1.0 1.2 Success
19346 0.360718 0.01 0.8 54371.25610526431 54331.397689 54371.397689 1.2151944270850352e-05 0.0 0.02 5.1929407575919235 -6.0 6.0 0.26905060934734404 -1.0 1.2 Success
19347 0.257907 0.01 0.8 54371.360117594944 54331.401321 54371.401321 2.2646581230998335e-05 0.0 0.02 5.874552487864983 -6.0 6.0 0.24842635665055582 -1.0 1.2 Success
19348 0.178572 0.01 0.8 54371.34526866442 54331.407369 54371.407369 1.4500975431991405e-05 0.0 0.02 5.565605995225987 -6.0 6.0 0.5606840762358524 -1.0 1.2 Success
19353 0.153245 0.01 0.8 54371.428079792524 54331.434318 54371.434318 3.903638794777706e-05 0.0 0.02 5.983500165829328 -6.0 6.0 0.6324478067855235 -1.0 1.2 Success
19364 0.403229 0.01 0.8 54373.075686078446 54333.386164 54373.386164 1.1561255508942293e-05 0.0 0.02 5.082312342860916 -6.0 6.0 0.1407704814015083 -1.0 1.2 Success
19365 0.378399 0.01 0.8 54371.21851208971 54331.397602 54371.397602 1.2700100392378745e-05 0.0 0.02 5.69636046235345 -6.0 6.0 0.09565456801439132 -1.0 1.2 Success
19371 0.066766 0.01 0.8 54371.38899193949 54331.464297 54371.464297 1.521753678481917e-05 0.0 0.02 4.211029856639644 -6.0 6.0 1.1606696527072309 -1.0 1.2 Success
19374 0.127759 0.01 0.8 54351.759351767454 54333.384954 54373.384954 1.4309588527911472e-06 0.0 0.02 -0.6158668975298587 -6.0 6.0 0.027015816589516933 -1.0 1.2 Success
19375 0.161275 0.01 0.8 54360.68519585946 54331.401011 54371.401011 1.2344465537540052e-05 0.0 0.02 5.263785837895004 -6.0 6.0 0.36505025505787086 -1.0 1.2 Success
19377 0.380644 0.01 0.8 54371.277465994935 54331.432404 54371.432404 1.0851910140923905e-05 0.0 0.02 5.5024059090812845 -6.0 6.0 -0.0501955861620019 -1.0 1.2 Success
19381 0.209304 0.01 0.8 54371.44431910764 54331.453592 54371.453592 2.742349813420479e-05 0.0 0.02 5.95922540692393 -6.0 6.0 0.33099238540275294 -1.0 1.2 Success
19389 0.463192 0.01 0.8 54371.22816570822 54331.456564 54371.456564 1.0777864232668555e-05 0.0 0.02 5.600211074232197 -6.0 6.0 0.25924278388319716 -1.0 1.2 Success
19397 0.325652 0.01 0.8 54352.324173467816 54331.458523 54371.458523 8.290972277472792e-07 0.0 0.02 -1.6263569770332331 -6.0 6.0 -0.08022910210077398 -1.0 1.2 Success
19402 0.18097 0.01 0.8 54383.389583230906 54343.431719 54383.431719 5.8958661026138205e-05 0.0 0.02 5.969572307477871 -6.0 6.0 0.1338295506949657 -1.0 1.2 Success
19405 0.342604 0.01 0.8 54368.92021955027 54331.411015 54371.411015 1.3152972696649184e-05 0.0 0.02 5.646390857095153 -6.0 6.0 -0.1785511610111074 -1.0 1.2 Success
1941 0.229542 0.01 0.8 53623.97810634467 53607.225723 53647.225723 2.0310062558456706e-05 0.0 0.02 2.3481164921183026 -6.0 6.0 0.49344957921153276 -1.0 1.2 Success
19414 0.290313 0.01 0.8 54373.078289039215 54333.231768 54373.231768 2.287494541340864e-05 0.0 0.02 1.6340168851468406 -6.0 6.0 0.21844610337063894 -1.0 1.2 Success
19423 0.241061 0.01 0.8 54373.14188713734 54333.209554 54373.209554 2.668594733162379e-05 0.0 0.02 5.887845036347635 -6.0 6.0 0.22089440309443242 -1.0 1.2 Success
19424 0.362909 0.01 0.8 54373.147668678386 54333.245943 54373.245943 1.8315235178382116e-05 0.0 0.02 4.182071576788365 -6.0 6.0 -0.04616539242455053 -1.0 1.2 Success
19425 0.210052 0.01 0.8 54373.159562623216 54333.209155 54373.209155 1.9350730511968397e-05 0.0 0.02 5.784272807307274 -6.0 6.0 0.3303534951832181 -1.0 1.2 Success
19428 0.089121 0.01 0.8 54382.276141342474 54342.325289 54382.325289 2.4585024277270003e-05 0.0 0.02 5.970708307781716 -6.0 6.0 0.42119014874667193 -1.0 1.2 Success
19432 0.280652 0.01 0.8 54381.76892456351 54342.251987 54382.251987 1.4353279533447474e-05 0.0 0.02 5.849574099410383 -6.0 6.0 0.3475685161525705 -1.0 1.2 Success
19434 0.156293 0.01 0.8 54382.09498117093 54342.296198 54382.296198 1.9014662046352227e-05 0.0 0.02 5.922230466485363 -6.0 6.0 0.5516490078791404 -1.0 1.2 Success
19435 0.211655 0.01 0.8 54377.06231237023 54342.298664 54382.298664 2.3864968275566332e-05 0.0 0.02 5.784431120452816 -6.0 6.0 0.35480749738346684 -1.0 1.2 Success
19441 0.089405 0.01 0.8 54382.14778784421 54342.323664 54382.323664 2.1722979578244197e-05 0.0 0.02 5.933995408649656 -6.0 6.0 0.5661879651491444 -1.0 1.2 Success
19445 0.077653 0.01 0.8 54347.02764510291 54332.363751 54372.363751 6.0940257583784e-07 0.0 0.02 -0.7337774517851908 -6.0 6.0 -0.35940445310030106 -1.0 1.2 Success
19447 0.404705 0.01 0.8 54381.9529560533 54342.27146 54382.27146 1.979281190903168e-05 0.0 0.02 5.8505273856067435 -6.0 6.0 0.06017797988762227 -1.0 1.2 Success
19449 0.329396 0.01 0.8 54381.75986255844 54342.306461 54382.306461 3.1857494815763975e-05 0.0 0.02 0.24927334683866786 -6.0 6.0 -0.09710644097520388 -1.0 1.2 Success
19452 0.706332 0.01 0.8 54381.72410196923 54342.264837 54382.264837 1.3050609382482716e-05 0.0 0.02 5.516576487381008 -6.0 6.0 -0.11136582789889435 -1.0 1.2 Success
19453 0.103336 0.01 0.8 54363.69214162092 54342.288787 54382.288787 4.707160011655108e-06 0.0 0.02 3.195728543800152 -6.0 6.0 0.7882881138103153 -1.0 1.2 Success
19464 0.237806 0.01 0.8 54370.785805774205 54331.19776 54371.19776 1.722751471661797e-05 0.0 0.02 5.656802791560442 -6.0 6.0 -0.06266421695181361 -1.0 1.2 Success
19474 1.900904 0.01 0.8 0.0 54331.333473 54371.333473 1.0 0.0 0.02 0.0 -6.0 6.0 0.0 -1.0 1.2 "Fail bandpass 'sdss_sako18_g1' [3677.2, .., 5573.8] outside spectral range [5801.81, .., 26688.3] -"
19475 0.136604 0.01 0.8 54347.8497916376 54331.338754 54371.338754 6.470636637178747e-07 0.0 0.02 -0.34627222014527176 -6.0 6.0 -0.34771866412599123 -1.0 1.2 Success
19476 0.072463 0.01 0.8 54357.50344080667 54331.343624 54371.343624 2.3426672293321035e-06 0.0 0.02 -1.4817034228722987 -6.0 6.0 -0.2914908693405223 -1.0 1.2 Success
19484 0.266106 0.01 0.8 54371.03143738987 54331.401011 54371.401011 7.324829328976872e-06 0.0 0.02 5.325247285173788 -6.0 6.0 -0.020547537008823512 -1.0 1.2 Success
19485 0.162912 0.01 0.8 54370.2877330095 54331.404641 54371.404641 2.81239331920518e-06 0.0 0.02 3.5515628264013412 -6.0 6.0 0.896787801844017 -1.0 1.2 Success
19488 0.874758 0.01 0.8 0.0 54331.429191 54371.429191 1.0 0.0 0.02 0.0 -6.0 6.0 0.0 -1.0 1.2 "Fail bandpass 'sdss_sako18_g1' [3677.2, .., 5573.8] outside spectral range [3749.52, .., 17247.8] -"
19501 0.142325 0.01 0.8 54371.2531460551 54331.308028 54371.308028 1.6186345521655602e-05 0.0 0.02 5.525168780776353 -6.0 6.0 0.7143182846950321 -1.0 1.2 Success
19505 0.176874 0.01 0.8 54351.547449738304 54331.250319 54371.250319 3.1359796009620505e-06 0.0 0.02 1.871204546106266 -6.0 6.0 0.5020535922044436 -1.0 1.2 Success
19509 0.268306 0.01 0.8 54347.525276278044 54331.276731 54371.276731 4.5574118765066513e-07 0.0 0.02 -1.5280466607627357 -6.0 6.0 -0.20365833649084455 -1.0 1.2 Success
19511 0.082826 0.01 0.8 54353.39383736381 54331.277143 54371.277143 8.231286686497847e-06 0.0 0.02 1.248708010021492 -6.0 6.0 1.1120333713961428 -1.0 1.2 Success
19516 0.500649 0.01 0.8 54371.15340096307 54331.298894 54371.298894 1.3060657501047718e-05 0.0 0.02 5.844229589735705 -6.0 6.0 -0.049155698394732564 -1.0 1.2 Success
19517 0.172242 0.01 0.8 54371.12155153784 54331.317282 54371.317282 8.979719930342722e-06 0.0 0.02 4.950782243762363 -6.0 6.0 0.585048719341434 -1.0 1.2 Success
19521 0.204121 0.01 0.8 54367.77420328273 54331.338036 54371.338036 1.7806171188830847e-05 0.0 0.02 3.9626395058913273 -6.0 6.0 0.25420804590303936 -1.0 1.2 Success
19523 0.420335 0.01 0.8 54371.07251455531 54331.341689 54371.341689 1.2819040682620323e-05 0.0 0.02 4.4331093916597 -6.0 6.0 0.2714624215990977 -1.0 1.2 Success
19525 0.152346 0.01 0.8 54373.323946719785 54333.386564 54373.386564 1.1478468753460067e-05 0.0 0.02 5.88492615147995 -6.0 6.0 0.9506417978144781 -1.0 1.2 Success
19528 0.042077 0.01 0.8 54371.19932659769 54331.388991 54371.388991 9.695751165447973e-06 0.0 0.02 2.1953800917684894 -6.0 6.0 1.068804997663982 -1.0 1.2 Success
