pipeline_outputs/sdss/salt2_2.4_4param_blue.ecsv
# %ECSV 0.9
# ---
# datatype:
# - {name: cid, datatype: string}
# - {name: num_points, datatype: int64}
# - {name: z, datatype: float64}
# - {name: t0, datatype: float64}
# - {name: x0, datatype: float64}
# - {name: x1, datatype: float64}
# - {name: c, datatype: float64}
# - {name: z_err, datatype: float64}
# - {name: t0_err, datatype: float64}
# - {name: x0_err, datatype: float64}
# - {name: x1_err, datatype: float64}
# - {name: c_err, datatype: float64}
# - {name: chi, datatype: float64}
# - {name: dof, datatype: float64}
# - {name: b_max, datatype: float64}
# - {name: delta_15, datatype: float64}
# - {name: tmin, datatype: float64}
# - {name: tmax, datatype: float64}
# - {name: pre_max, datatype: int64}
# - {name: post_max, datatype: int64}
# - {name: message, datatype: string}
# meta: !!omap
# - {bounds: null}
# - {warn: false}
# schema: astropy-2.0
cid num_points z t0 x0 x1 c z_err t0_err x0_err x1_err c_err chi dof b_max delta_15 tmin tmax pre_max post_max message
[from data line 991]
12995 22 1.783472 nan nan nan nan 0.001532 nan nan nan nan nan nan nan nan nan nan 0 0 "No data points with S/N > 5.0. Initial guessing failed."
12999 43 0.090548 53980.86446318465 3.37529896737916e-05 6.716666701821405 -0.09324823539199123 0.0 0.0015904895299172495 5.764549472475785e-06 2.7328886102676444 0.15799472772546183 87.83691758341877 39.0 21.562477660655908 0.09760604871375023 53975.357733 54068.280262 2 41 "Covariance may not be accurate."
13000 83 0.350407 53991.53439969901 1.5643576884993794e-05 13.537556054542941 0.09924237950420745 0.0 0.6615205023044837 1.3681903951331115e-06 2.0518389775626344 0.04809335556612163 246.43665472334843 79.0 21.99456399559108 0.30163761067584716 53975.357287 54068.281535 6 77 "Minimization exited successfully."
13002 39 0.09414 53975.62015930831 3.4515424829764965e-05 6.0036412795775265 0.21514222327036023 0.0 35.95950551857095 3.686343277648453 3.833150707993092 1.0000009999991732 193.3484853556059 35.0 21.56219059654529 0.1311383478499657 53975.365815 54068.288745 2 37 "Covariance may not be accurate."
13005 47 0.126217 53974.023659918385 0.000111820371979518 -0.7457127058542131 0.26798210556180535 0.0 0.0025002633228723425 4.58171802544212e-06 0.3490263999352234 0.20213422556355717 112.08219088332275 43.0 20.377297044629834 1.1816723258142368 53975.377112 54068.300181 0 47 "Covariance may not be accurate."
13010 43 0.108439 54012.065921439775 1.7257364205206518e-11 55.204118838451706 34.42313587899507 0.0 0.5569544047066302 1.3914589553567885e-11 30.857226745928777 1.753738420876583 89.32174207178133 39.0 6.659672549690856 2.365620314101583 53975.336237 54068.25778 13 30 "Covariance may not be accurate. Covariance not positive definite. Covariance forced positive definite."
13011 57 0.08899 53987.31748359726 1.0720614719826534e-05 13.091572976477906 -0.10181901951472022 0.0 1.221659111633926 2.604271154778653e-06 4.979693464645437 0.17968920403132696 49.49807639147572 53.0 22.433803244056143 0.28006863084544165 53975.338673 54068.260333 3 54 "Minimization exited successfully."
13013 40 0.105704 54001.94013815269 8.531643688135386e-06 18.39074848036102 0.3062655075147742 0.0 94.26446591046624 3.279279439211596 1.6212416986335598 4.396916217136777 89.5877755737296 36.0 22.4015718586266 0.4554108959301324 53975.341506 54068.263327 7 33 "Covariance may not be accurate. Covariance not positive definite. Covariance forced positive definite."
13015 69 0.175355 53984.67698576689 8.635813003778827e-05 -0.5486907974767911 -0.42712502550211295 0.0 0.1816137664791313 3.526019597212531e-06 0.3001498812224749 0.020870528008353553 89.57893634194681 65.0 20.65261809167381 1.1858198489581646 53975.36978 54068.294315 3 66 "Minimization exited successfully."
13016 46 0.24976 53985.86119600745 4.767900970017749e-05 0.0659821134118206 -0.11028485860661662 0.0 0.3538770184459281 2.9709982836927436e-06 0.5589852937281665 0.056509059715354276 44.94466332027625 42.0 21.3056393151663 1.0463871854553872 53975.370183 54068.295162 2 44 "Minimization exited successfully."
13018 42 0.139863 nan nan nan nan 1e-05 nan nan nan nan nan nan nan nan nan nan 0 0 "No data points with S/N > 5.0. Initial guessing failed."
13024 66 0.400468 53987.21989734333 1.221755265242163e-05 0.4093713987671564 -0.535924633853187 0.0 0.9933168325915176 2.18028280806393e-06 1.6557724270670382 0.09098476649636916 93.83617358538578 62.0 22.769924007372758 1.0005995322743715 53975.250197 54068.17873 3 63 "Minimization exited successfully."
13025 123 0.222864 53990.659900679675 4.569820576063173e-05 0.8858978048299436 0.12950593665960178 0.0 0.4665626004243677 1.474216933532067e-06 0.3430976076378014 0.03537530375011357 167.68687079959204 119.0 21.35068734585007 0.890408146761704 53975.250197 54068.179159 6 117 "Minimization exited successfully."
13033 43 0.280688 54009.35030287277 1.4283529613980132e-05 11.127905170060227 -0.262213951155639 0.0 0.9215437367674895 1.951548850567476e-06 2.624831852475592 0.0726574026293626 252.84946950548917 39.0 22.23673489708265 0.20728629787629416 53975.219902 54068.147898 10 33 "Minimization exited successfully."
13035 45 0.02967 53978.71426573889 2.4445778935494716e-05 5.534799812105095 0.3374866825924599 0.0 0.001046102446707664 3.3445025548868986e-06 1.818884968412986 0.39274700599930484 38.48169264294357 41.0 21.950354194462676 0.15642650206124742 53975.241085 54068.167606 2 43 "Covariance may not be accurate."
13038 38 0.102644 53988.742972710636 0.00030758434863838044 1.8831060368685555 -0.0014524348734232463 0.0 0.11865750547804055 8.336599637779837e-06 0.21963672438799775 0.026945617230214047 192.080742798576 34.0 19.280270881077485 0.7297963391541202 53975.269188 54062.207679 2 36 "Minimization exited successfully."
13040 43 0.07608 53977.681928121165 1.3539163526418906e-06 10.218231634639192 9.643208574862662 0.0 1.1505667548553902 1.0691993823552223e-06 4.228854217499148 1.8530966310341759 59.56122527104675 39.0 20.095655504473434 0.3536639023718102 53975.281116 54062.22008 2 41 "Covariance may not be accurate. Covariance not positive definite. Covariance forced positive definite."
13044 42 0.12455 54003.356412456116 0.00022920140222478197 0.0074173523857751136 -0.07969613745734433 0.0 0.11119561833402258 4.303065602638416e-06 0.16120138973274198 0.018617625827187265 103.03909386075817 38.0 19.6012375028868 1.0558714369945932 53975.226977 54068.153454 8 34 "Minimization exited successfully."
13045 66 0.179152 53993.73424207895 8.196968437680998e-05 -0.5813395311914153 0.12396265803274584 0.0 0.5848822889420262 2.2293878490959198e-06 0.3300173454045316 0.0298400059696798 127.50619260584104 62.0 20.717415067047114 1.158547550142714 53975.26011 54062.199548 6 60 "Minimization exited successfully."
13047 64 0.226463 53990.90614183545 1.8716668035889754e-05 15.132850396639059 0.7502530534432904 0.0 0.4324311711679911 1.334247471446814e-06 1.8023440096766496 0.07056084246879547 358.9563938149 60.0 21.669303971811658 0.3791912754844802 53975.219091 54068.146569 3 61 "Minimization exited successfully."
13051 49 0.283599 53975.00143908342 4.2985649496627483e-05 -0.7518361291852286 -0.03595739714244521 0.0 0.014532785458868602 2.2047683715918903e-06 0.5342675967535423 0.06568553542265201 43.7084748535513 45.0 21.419163552466877 1.204461053456079 53975.238204 54068.166277 0 49 "Minimization exited successfully."
13052 68 0.189861 53968.69567899703 4.534617180110608e-05 -0.8685284533036839 0.37548693457260485 0.0 0.0002431521497783251 3.9700253494173065e-06 0.7918392476380438 0.10160393475808142 84.25988282790979 64.0 21.35361428688569 1.198534259356748 53975.240691 54068.168848 0 68 "Minimization exited successfully."
13058 65 0.18565 53985.49816605245 1.3390699934076947e-05 8.34980557874503 0.9409007220607499 0.0 3.3885753651702544 2.126048494218384e-06 2.6639843115167325 0.12614063188196023 84.77271399138003 61.0 22.405635909967522 0.15301740274533415 53975.25806 54062.197809 2 63 "Minimization exited successfully."
13062 69 0.414648 54011.86363289166 1.624956832558482e-05 10.343916864817668 -0.297549865135198 0.0 0.396645180950145 1.1741084955744848e-06 1.3557065022271895 0.019870214646988727 360.60184181595 65.0 22.144565712448113 0.17843615146377445 53975.241948 54068.170101 21 48 "Minimization exited successfully."
13063 46 0.13304 53973.54600329168 8.170622769582856e-05 -2.1100806710992517 0.4149975245165086 0.0 0.00011506678129080683 4.446171125248356e-06 0.43855464885153217 0.2814783553892252 46.921730146374045 42.0 20.71321848102055 1.4802814417487902 53975.244849 54068.171386 0 46 "Covariance may not be accurate."
13067 65 0.202016 53968.14990951704 4.3020801559566115e-05 0.03416607943052072 0.38528004099033714 0.0 0.0029407245419861283 3.9328244159098625e-06 0.8542597076063497 0.09720593433012543 96.87719880202555 61.0 21.409839593706714 1.0257168145924425 53975.293823 54062.235004 0 65 "Minimization exited successfully."
13068 40 0.073836 53976.52581525321 2.2675248472638034e-08 1.114873037533883 21.021462323092578 0.0 107.34030788240125 1.000000999999501 1.028955877723345 1.0033960161874753 624.6698535662614 36.0 14.274978259268236 0.45339092151267124 53975.262614 54062.200362 2 38 "Covariance may not be accurate."
13069 42 0.332682 53992.5657895897 1.287907425550448e-05 24.832663803304527 -0.07737297442525284 0.0 0.004932871219352819 1.8624632049213858e-06 4.993214548763826 0.049686809415054295 140.01208416812275 38.0 21.707366051685277 0.5919645134898381 53975.262605 54062.202074 2 40 "Minimization exited successfully."
13070 64 0.197181 53986.607874645895 0.00012462904010325713 0.8198781148103618 -0.1622149412163823 0.0 0.22608001963817514 3.980295513667355e-06 0.2972387795192845 0.022796702376874343 93.60137751625808 60.0 20.261104175209624 0.9128415163690065 53975.29506 54062.235842 3 61 "Minimization exited successfully."
13071 65 0.177535 54003.87577943362 1.1176617559375185e-05 7.647506284864352 0.3593822018281848 0.0 2.637004556185275 1.5430729438361955e-06 2.6669664682616983 0.1255850173005017 92.93619147196388 61.0 22.69819931104371 0.11290005725891206 53975.297106 54068.218491 14 51 "Minimization exited successfully."
13072 64 0.229162 53989.77541099691 6.323208550836388e-05 -0.008703765625697241 -0.23842175070943739 0.0 0.4041054165827518 2.3123867612871342e-06 0.3391787362544518 0.03266316236448298 669.0033569229058 60.0 20.996939473897903 1.0668988777067874 53975.231974 54068.160293 3 61 "Minimization exited successfully."
13074 111 0.19268 53969.56187675889 5.635460878640164e-05 -0.9241924947229283 0.22491583642828597 0.0 0.004244568706781138 3.163334786058091e-06 0.49647467177139776 0.06739444285439034 137.55298834582698 107.0 21.122503367327077 1.2217599185521806 53975.237783 54068.165863 0 111 "Minimization exited successfully."
13096 68 0.390331 53993.010802317964 2.0247654900800993e-05 1.0684185242102107 -0.21705091470773002 0.0 1.015935773113597 1.3826028809532057e-06 0.8606871870421415 0.04760245679620178 45.48461420962546 64.0 22.23292541457127 0.8719904617627492 53975.296703 54068.21762 3 65 "Minimization exited successfully."
13099 43 0.26451 53996.597766155086 3.827951544743005e-05 -0.2935913966701062 -0.08104864525969256 0.0 1.083758686319925 1.4353917961732868e-06 0.7391482815924969 0.045860468120660546 63.547724109408016 39.0 21.544548413143186 1.1139643306713403 53975.300384 54068.221893 7 36 "Minimization exited successfully."
13101 41 0.366749 53994.6031808427 1.6282284194147464e-05 -1.0965099089112371 -0.005325804341553961 0.0 2.142741536084941 1.4255211764549745e-06 1.4327704302582915 0.12011558777554987 40.07047200751532 37.0 22.47340497663326 1.2769584963522753 53975.305288 54068.227018 7 34 "Minimization exited successfully."
13106 41 0.104899 53991.712227999014 2.1537626006582363e-08 63.25257176832206 18.402538498576313 0.0 0.7987833374681941 2.008919372431167e-08 46.074981788577844 2.3812071791656044 41.332755565429494 37.0 15.111941240094522 1.785406329474453 53975.318777 54068.239395 4 37 "Covariance may not be accurate. Covariance not positive definite. Covariance forced positive definite."
13108 65 0.204617 53996.65977428332 2.7204338731634158e-05 -1.3230844498125722 0.29533509427343163 0.0 0.9623847845068667 1.2764587375614557e-06 0.9032860493309193 0.06339972858608278 75.93427200446558 61.0 21.911459168226138 1.3022970540660452 53975.3277 54068.250478 12 53 "Minimization exited successfully."
13120 46 0.10896 53974.87251370862 3.7395211979517206e-10 0.7680259309837568 30.604326403534433 0.0 0.0022644646633125376 8.433819977465827e-10 2.553177055107095 4.411307581430251 73.68188043370569 42.0 8.71554337570902 0.5925099083482035 53975.332603 54068.253476 0 46 "Covariance may not be accurate."
13131 66 0.156637 53982.41092636729 2.404137446774201e-05 6.501894478944154 0.20057390577992062 0.0 0.019912208892492345 4.905712313261824e-06 3.057750734512667 0.09919353023331086 157.73815242060772 62.0 21.93317579120581 0.11374276471637046 53975.286447 54062.22689 3 63 "Minimization exited successfully."
13134 96 0.520234 54010.56960358183 0.00011467512921290308 0.572486910875734 -0.2135351987839822 0.0 0.11370291144703515 1.1127051848522436e-06 0.10665024884854678 0.004949213365650061 11434.762819765252 92.0 20.350726909532266 0.9583297854213377 53974.309588 54068.224487 36 60 "Minimization exited successfully."
13135 82 0.10337 54003.708913340655 0.00028831898734288836 -1.2852592306224442 -0.046096293217455446 0.0 0.0588389828299114 2.1599354638551004e-06 0.07751984099130863 0.012786973702540783 174.9205810888629 78.0 19.35302182459948 1.3232334839163258 53974.320631 54068.234307 18 64 "Minimization exited successfully."
13136 40 0.370458 53994.155817811385 1.9716503516881685e-05 1.8575997427760431 -0.031875436457403435 0.0 1.0983570152602624 1.43541041632573e-06 1.0898417585356557 0.06906194978373346 30.057137529332707 36.0 22.26310924390997 0.7348205743673084 53975.31792 54068.239853 4 36 "Minimization exited successfully."
13140 44 0.323141 54007.56523629935 1.0072024742910636e-05 15.829097873694707 -0.24548926990481415 0.0 1.1289822706312407 1.3516876356481192e-06 3.161024712253264 0.05066566848180854 127.37582321310003 40.0 22.356878994005523 0.3630157857943992 53975.328907 54068.251788 11 33 "Minimization exited successfully."
13150 38 0.072194 53976.67630375193 2.5462359744890714e-07 5.876143682809871 12.533990075897325 0.0 0.006481782791524893 2.4222071372073763e-07 2.54071883639492 1.9456222993978862 125.79219276485128 34.0 19.67035036398527 0.18712100048939817 53975.315496 54068.236028 2 36 "Covariance may not be accurate. Covariance not positive definite. Covariance forced positive definite."
13152 64 0.202152 54001.082106658985 9.265863256465343e-05 0.35192874840206684 0.008144088789776547 0.0 0.20899850836212863 1.5825937904894487e-06 0.27599900686344375 0.01753964139629072 123.99809823068549 60.0 20.58459938672464 0.9882469971274688 53975.320356 54068.242426 15 49 "Minimization exited successfully."
13155 44 0.102092 54001.18690008088 6.815342090982035e-09 3.7955017824225266 23.667579145041266 0.0 89.21008859815629 3.1435553996337453 3.9314976755112556 1.3769618195469957 54.94837005358776 40.0 12.852690368972869 0.47526142790422554 53975.349626 54068.271799 8 36 "Covariance may not be accurate. Covariance not positive definite. Covariance forced positive definite."
13159 64 0.583352 53990.48927589594 1.4193996888449974e-05 -0.03798498941752672 -0.4835746145302555 0.0 0.7138749847363215 1.276422921789313e-06 0.18717586728160743 0.0245043587397594 285.7492145733145 60.0 22.610174058873437 1.0841978843856985 53975.360911 54068.285384 6 58 "Minimization exited successfully."
13164 62 0.23089 54008.79268423128 1.547085757685053e-05 8.360224055441204 0.8221871613584824 0.0 0.7541847806969599 1.3386996641499863e-06 1.3883608609467764 0.09310858202117041 207.95720487498082 58.0 22.26271397874697 0.14810585790927533 53975.298721 54068.220246 18 44 "Minimization exited successfully."
13166 42 0.255789 53972.53817177733 1.9834627928757866e-05 -3.4572551820419055 0.40365838869150916 0.0 0.004109415611310396 2.6571610933692195e-06 1.2004165571740633 0.25708585823887625 25.365386451638855 38.0 22.251258344595453 1.9017548439114087 53975.304035 54068.225799 0 42 "Covariance may not be accurate."
13172 57 0.213152 53985.5245324771 2.4986330912615368e-05 2.0748895420681825 -0.1751169841016702 0.0 0.875554466383619 3.5995474763027235e-06 1.6463119779539366 0.10245575112351228 58.07016634503079 53.0 22.004088452310025 0.7021826091856767 53975.326859 54068.249262 3 54 "Minimization exited successfully."
13173 44 1.430184 54025.13960239118 1.1560910441726813e-05 7.158215775522608 -0.3105223055498406 0.0 0.9786792552040424 2.52259654444907e-06 2.311933724075043 0.05320596748228409 122.64475984166006 40.0 22.704287723251127 0.08384981661832924 53975.33094 54068.252267 20 24 "Minimization exited successfully."
