pipeline_outputs/sdss/salt2_2.4_4param_all.ecsv
# %ECSV 0.9
# ---
# datatype:
# - {name: cid, datatype: string}
# - {name: num_points, datatype: int64}
# - {name: z, datatype: float64}
# - {name: t0, datatype: float64}
# - {name: x0, datatype: float64}
# - {name: x1, datatype: float64}
# - {name: c, datatype: float64}
# - {name: z_err, datatype: float64}
# - {name: t0_err, datatype: float64}
# - {name: x0_err, datatype: float64}
# - {name: x1_err, datatype: float64}
# - {name: c_err, datatype: float64}
# - {name: chi, datatype: float64}
# - {name: dof, datatype: float64}
# - {name: b_max, datatype: float64}
# - {name: delta_15, datatype: float64}
# - {name: tmin, datatype: float64}
# - {name: tmax, datatype: float64}
# - {name: pre_max, datatype: int64}
# - {name: post_max, datatype: int64}
# - {name: message, datatype: string}
# meta: !!omap
# - {bounds: null}
# - {warn: false}
# schema: astropy-2.0
cid num_points z t0 x0 x1 c z_err t0_err x0_err x1_err c_err chi dof b_max delta_15 tmin tmax pre_max post_max message
[from data line 1397]
14815 104 0.135051 54024.97460179651 0.00019459749313357132 4.100908023172723 0.07164360280797796 0.0 0.09435748205942218 2.100174927382301e-06 0.14586359233804716 0.008735996656796847 406.1967766239994 81.0 19.755739295075003 0.27133383480422424 53975.187738 54068.114913 37 67 "Minimization exited successfully."
14816 114 0.105887 54021.36016948164 0.00026758541330776814 -0.6953601846947697 0.06849003395261846 0.0 0.07932499122762238 3.0321131064486726e-06 0.08142757497190226 0.008976494349577658 189.49743553202043 87.0 19.433542903065067 1.1855302753855206 53975.236946 54068.165021 44 70 "Minimization exited successfully."
14820 105 0.535899 nan nan nan nan 3.4e-05 nan nan nan nan nan nan nan nan nan nan 0 0 "No data points with S/N > 5.0. Initial guessing failed."
14823 109 0.348181 54015.49459788117 3.1910135655465306e-05 -0.9205823143093863 -0.04811229092369009 0.0 0.5747541139571695 1.532797696509912e-06 0.5886856862088442 0.03583035573825218 93.41801655377927 105.0 21.742694826505375 1.2414300194332775 53975.357685 54068.281551 35 74 "Minimization exited successfully."
14826 107 0.133732 54004.17536631156 1.5100929397662586e-05 -0.3456023314155533 0.2623871397073842 0.0 0.9454269196066889 2.11059361987612e-06 1.2765538332664932 0.11889337241348344 111.79202504752949 82.0 22.55102757042781 1.1033226765877338 53975.364554 54068.288761 20 87 "Minimization exited successfully."
14827 109 0.409392 54005.41853902393 1.737651281401492e-05 0.2664243272722389 -0.0786919885868282 0.0 0.9951482913093059 1.4599231333890384e-06 1.1614745937546407 0.07323390939563504 86.58517096803178 105.0 22.40169919251627 1.0077518197382247 53975.368187 54068.292999 20 89 "Minimization exited successfully."
14831 112 0.534694 nan nan nan nan 0.000281 nan nan nan nan nan nan nan nan nan nan 0 0 "No data points with S/N > 5.0. Initial guessing failed."
14844 108 0.473083 54007.49768594768 8.766956426221847e-06 0.6394609250450954 0.142626230110621 0.0 1.843005439339322 1.0417717576669974e-06 1.8510537500527007 0.10894475465997006 112.64433523938364 104.0 23.143335836602922 0.9317750914670739 53975.28316 54062.223485 23 85 "Minimization exited successfully."
14845 92 0.35734 54018.07511068891 1.6305325803754764e-05 0.07241036915114726 0.11985430748493126 0.0 1.0219127601521905 1.7539875668951339e-06 1.200195534829455 0.08490883602731451 82.91205189203862 88.0 22.470383191423874 1.033390072058122 53975.317098 54068.239441 43 49 "Minimization exited successfully."
14846 104 0.22334 54025.02846950431 7.213199522412795e-05 0.604935309324265 -0.04128049996688125 0.0 0.2561576956322824 1.7825657763364087e-06 0.2670076268044148 0.02084405303788911 103.20263863834465 100.0 20.8562352447662 0.9455755109720592 53975.321985 54068.244132 55 49 "Minimization exited successfully."
14863 109 0.472538 54008.19641615423 9.173183014423032e-06 -1.7541357611595438 -0.14250287954755336 0.0 1.2367305937914352 1.000484893965264e-06 1.1234333587287826 0.05440261015347148 97.39114127221193 105.0 23.0957640953886 1.447079346213954 53975.397575 54068.323863 19 90 "Minimization exited successfully."
14871 124 0.118447 54027.39416671285 0.00023064434669419295 1.2761454108312025 0.014333558980593597 0.0 0.07494479074011906 2.069149943807281e-06 0.09022933755057616 0.0074498953192298914 124.21959740605871 95.0 19.59360695953405 0.8293951138375206 53975.447277 54068.375875 50 74 "Minimization exited successfully."
14876 101 0.278515 54017.32059526563 2.0545651883062867e-05 -1.022312832730911 -0.29740309757701183 0.0 0.5748119892086834 1.5735550000621723e-06 0.6447351095092904 0.051515085380201775 88.39188017325563 97.0 22.216546028970146 1.281870259703446 53975.290555 54062.231146 40 61 "Minimization exited successfully."
14880 104 0.21842 54004.98529147029 8.946051586820563e-06 -2.019547119078435 0.8217122318660052 0.0 1.0785504176310496 1.799977730534643e-06 1.291057528041233 0.14846425545409003 128.2776198023977 100.0 23.08785407678236 1.4097245633965123 53975.339875 54068.263265 19 85 "Minimization exited successfully."
14884 109 0.38714 54015.75793260961 9.21684000423369e-06 20.537873278720138 -0.04535597251995759 0.0 0.4987753791392606 1.7044404647654888e-06 5.893070717179331 0.02774327577327456 448.3150772829679 105.0 22.237023530744082 0.4974814017568505 53975.366579 54068.290865 35 74 "Minimization exited successfully."
14894 115 0.436574 54012.51920151869 1.2018347920482157e-05 1.1854032086938375 0.1531499924241472 0.0 1.3506880971690407 1.0236931932797606e-06 1.1391940426087042 0.09316758135139526 107.61351147339359 111.0 22.800162469124526 0.8396486134721641 53975.396383 54068.322567 35 80 "Minimization exited successfully."
14919 126 0.242405 53996.199940512895 1.3346170146379927e-05 1.225231450648181 0.1702243340190848 0.0 2.760720632461016 1.561453432277703e-06 1.4063780127788916 0.09273239115024748 161.23276810151594 122.0 22.68604061218719 0.8324902787438724 53975.408037 54068.334764 10 116 "Minimization exited successfully."
14937 209 0.478372 54012.02847702202 9.825743230387333e-06 -0.28377794983419813 -0.13219294852080687 0.0 0.957949962325074 7.118518214351257e-07 0.5167217216557017 0.04133565366954046 196.5459851025795 205.0 23.020513288262542 1.114922585272442 53975.370997 54068.295994 70 139 "Minimization exited successfully."
14938 112 0.183865 54007.22146671859 1.2414227533947335e-05 2.1629301810558816 0.7202034307195282 0.0 1.266939054701652 1.2021179933399336e-06 1.0279272063199234 0.07993988756218108 95.20205160174179 85.0 22.7366245777366 0.6638379284944023 53975.37382 54068.298958 25 87 "Minimization exited successfully."
14947 124 0.231133 nan nan nan nan 2.7e-05 nan nan nan nan nan nan nan nan nan nan 0 0 "No data points with S/N > 5.0. Initial guessing failed."
14961 103 0.369012 54012.823398554545 2.3303052028072247e-05 -1.4534098686344783 -0.02966289451935867 0.0 0.9864272882150544 1.3241785082133821e-06 0.601148143123846 0.05101461553309311 91.67954059346988 99.0 22.084302642467147 1.361548887634008 53975.344307 54068.26758 33 70 "Minimization exited successfully."
14965 106 0.279647 54019.950515511635 4.304611176405583e-05 0.0008430973413168438 0.0158409280337846 0.0 0.3605050385995128 1.947090207872597e-06 0.48962518569887303 0.03416392450917137 108.94424625875574 102.0 21.417212716234076 1.0521406208078226 53975.352406 54068.276503 34 72 "Minimization exited successfully."
14972 113 0.254406 54014.92334850255 1.784866379430467e-05 1.3766093911034998 -0.1763817184697861 0.0 0.9247006050791242 1.4120324859640607e-06 1.0759108989196113 0.06498253737109116 147.78874956366843 109.0 22.37031867779713 0.8186511746570062 53975.377844 54068.302781 35 78 "Minimization exited successfully."
14979 127 0.176531 54025.691719412804 0.00011749031272621703 0.24782040121292967 -0.06787725432466991 0.0 0.1287548681575572 1.6148267855080864e-06 0.13117776911853496 0.012457021279207215 87.81504683413198 98.0 20.32669056004467 1.010644562481911 53975.449263 54068.377575 50 77 "Minimization exited successfully."
14984 109 0.182798 54025.06676241753 6.140669032289787e-05 1.0074956299393552 0.16297847592474896 0.0 0.3148032756835164 1.4760348814274958e-06 0.3385616951743607 0.020852081522331277 753.098922457017 83.0 21.029249119744712 0.8687538342314909 53974.174994 54063.096572 50 59 "Minimization exited successfully."
14986 103 0.101332 53985.02450573465 1.096769814158195e-05 7.704447529793256 0.43306619937739677 0.0 1.3422002720726596 1.8933060406294493e-06 2.3920782646962735 0.10423188976602406 199.0746064759529 79.0 22.710599678354058 0.11677921104813294 53974.20349 54063.125694 5 98 "Minimization exited successfully."
14999 99 0.142596 54024.03630499341 4.7844119215646135e-05 6.748400340455481 0.2925853956627601 0.0 0.22748179849804728 1.621740672391713e-06 0.5238589055917823 0.02638012512922857 632.6785423129922 75.0 21.16985354990493 0.11217523072068758 53989.362357 54063.281619 39 60 "Minimization exited successfully."
15002 92 0.360616 54023.378633377506 3.372770882436662e-05 0.9870123237130095 -0.12299344873108195 0.0 0.45030957509879954 1.4922132408606196e-06 0.4362577862342613 0.03273091690571193 69.77446977569278 88.0 21.680587417318197 0.8826785958293222 53989.372124 54063.291784 32 60 "Minimization exited successfully."
15005 201 0.201417 nan nan nan nan 1.7e-05 nan nan nan nan nan nan nan nan nan nan 0 0 "No data points with S/N > 5.0. Initial guessing failed."
15006 88 0.478367 54021.184408764384 1.2854027469213894e-05 0.08522995259075024 -0.07082635678447796 0.0 1.0490391159473802 1.4480041334134357e-06 1.1066779794100612 0.06930253107090752 65.16614463006343 84.0 22.72919356149254 1.040818843304482 53989.3839 54063.304044 28 60 "Minimization exited successfully."
15009 88 0.291073 nan nan nan nan 4e-05 nan nan nan nan nan nan nan nan nan nan 0 0 "No data points with S/N > 5.0. Initial guessing failed."
15018 91 0.200597 54014.558064656885 1.1665419821528664e-05 0.23508383977113345 0.5616285193459561 0.0 1.4044110308095696 1.636240854427433e-06 1.309553235967694 0.11187672316305289 146.35924864835425 87.0 22.817677717097094 0.9806048557115759 53989.379838 54063.299834 28 63 "Minimization exited successfully."
15024 94 1.057019 nan nan nan nan 0.001038 nan nan nan nan nan nan nan nan nan nan 0 0 "No data points with S/N > 5.0. Initial guessing failed."
15033 94 0.215653 54020.24579091005 3.7990767262494994e-05 -1.5876067197317159 0.07140403228414484 0.0 0.38763126828416716 2.309110039602722e-06 0.4402591764942256 0.05529188725338798 152.88048530890813 90.0 21.55340512203852 1.3846995488363056 53989.35462 54063.273534 34 60 "Minimization exited successfully."
15041 99 0.713011 nan nan nan nan 0.000267 nan nan nan nan nan nan nan nan nan nan 0 0 "No data points with S/N > 5.0. Initial guessing failed."
15057 99 0.297616 54017.34544018199 3.118272961417425e-05 -2.4795488028454518 -0.06690461855045741 0.0 0.35195735351226176 1.6482453947317599e-06 0.4518353583796795 0.039248096660274366 108.2539524470011 95.0 21.76832118188831 1.643739093379029 53989.360323 54063.279485 35 64 "Minimization exited successfully."
15062 92 0.275347 54017.250417536794 1.0536764638257378e-05 -0.5061296476243505 -0.401443374514212 0.0 0.86287477273072 1.2341154271911386e-06 0.8108961766489216 0.0535803010597951 88.821418235972 88.0 22.937639960588577 1.1753755255193994 53989.394033 54063.314579 28 64 "Minimization exited successfully."
15063 97 0.341572 nan nan nan nan 0.000116 nan nan nan nan nan nan nan nan nan nan 0 0 "No data points with S/N > 5.0. Initial guessing failed."
15064 88 0.538293 54024.644674316114 5.210829884706105e-06 0.22386300875823475 -0.6661664132712778 0.0 0.740036174771376 1.110079956353675e-06 0.3673340136223153 0.051606307569324314 205.88858504263027 67.0 23.68746859377147 1.0407465554758204 53989.399293 54063.320056 33 55 "Minimization exited successfully."
15073 74 0.378311 54015.95543703087 6.452299943102934e-06 17.83580950185803 -0.022198033798762458 0.0 0.9586894199892413 1.8172210546700372e-06 7.627545869273531 0.03988614674720422 103.07748944183454 70.0 22.742576268954373 0.4280426841832998 53989.437244 54065.365186 23 51 "Minimization exited successfully."
15081 97 0.180773 54023.20607565164 2.2077402971815204e-05 7.133845140571942 0.19228863171386687 0.0 0.5915310758609849 1.642094891392969e-06 1.3053196074428441 0.051301192070533734 120.39728330455274 74.0 21.995198543969178 0.10395664142471972 53974.278039 54063.197625 39 58 "Minimization exited successfully."
15082 97 0.299857 54019.185099893504 2.151491852674139e-05 1.040916592139996 -0.36802613902992876 0.0 0.8625625789281912 1.1649155071362002e-06 0.773112698949325 0.08149055099465978 341.80647653518497 93.0 22.16256816631966 0.8815981491299212 53989.351767 54063.270532 32 65 "Minimization exited successfully."
15087 94 0.726978 nan nan nan nan 0.000144 nan nan nan nan nan nan nan nan nan nan 0 0 "No data points with S/N > 5.0. Initial guessing failed."
15101 107 0.18064 54013.795339782926 2.052799020145751e-05 -1.4812157202915648 0.21464296752233905 0.0 0.6350819049039274 1.8374103045678088e-06 0.8041083104949565 0.0747052281603277 81.64268644276143 82.0 22.21945981305091 1.3458232207997725 53974.200153 54063.122251 40 67 "Minimization exited successfully."
15102 101 0.581558 nan nan nan nan 0.000254 nan nan nan nan nan nan nan nan nan nan 0 0 "No data points with S/N > 5.0. Initial guessing failed."
15103 95 0.395314 54019.18475182032 1.9497486248242158e-05 0.23012189652989493 -0.08164939591694398 0.0 0.8288918314610783 1.4964000964171613e-06 0.9267654743383725 0.056666182315669736 81.43835537598488 91.0 22.27666279144958 1.0145346343799844 53989.250599 54063.165958 30 65 "Minimization exited successfully."
15108 94 0.418666 53992.95625396358 1.9179203462999118e-05 3.684951327876134 0.006017975526203648 0.0 3.0898080077240593 1.476747420821299e-06 1.8041725873693115 0.05658178492942956 73.9697028915651 90.0 22.282217511292362 0.32528073481269715 53989.378228 54063.298084 5 89 "Minimization exited successfully."
15120 96 0.533587 54008.07729095683 1.1037043564809803e-05 -1.9874250423601003 -0.24572285381626546 0.0 0.8408261973199842 9.544666182914536e-07 0.8747638687897921 0.040606879831045876 58.45215348457546 76.0 22.89308945169576 1.5201947427549456 53989.416668 54060.369203 23 73 "Minimization exited successfully."
15129 107 0.196112 54023.78206523421 7.989537787460236e-05 -0.6883179011651185 -0.05732253489354818 0.0 0.24292256424814695 1.5513296363715394e-06 0.217616140026046 0.018599492987241208 163.70177691417973 103.0 20.74604469722216 1.1925663193307479 53975.187333 54068.114455 39 68 "Minimization exited successfully."
15132 108 0.153037 54026.602197252825 0.00019346167205703727 1.0456548690112455 -0.09449891224463904 0.0 0.11162888724720688 1.7360744835447488e-06 0.13531962812905096 0.008219105723160928 98.7192827460469 82.0 19.78431728729014 0.871710789430594 53975.217418 54068.145298 45 63 "Minimization exited successfully."
15134 112 0.041897 nan nan nan nan 1.5e-05 nan nan nan nan nan nan nan nan nan nan 0 0 "No data points with S/N > 5.0. Initial guessing failed."
15136 102 0.147338 54023.527556206536 0.0001149680520691781 -0.6568616086522564 0.1063787766101195 0.0 0.17618794641748536 2.0644238653301126e-06 0.16903192600161512 0.015966276807806903 109.03109957206023 77.0 20.35036768435345 1.175035956064061 53975.277013 54062.217045 47 55 "Minimization exited successfully."
15137 102 0.277353 54021.867914162096 3.694125920728723e-05 -0.5574005404346377 -0.060412302553806675 0.0 0.46113517846606555 1.6773164125220226e-06 0.445359778876379 0.03553638843979131 87.963383683439 98.0 21.583479594273875 1.165685171040245 53975.290555 54062.231146 46 56 "Minimization exited successfully."
15160 104 0.250717 54020.45790120291 3.294000985267573e-05 -0.7563914254690557 0.13558311387768573 0.0 0.41611454596568365 1.4560928272941689e-06 0.43516644322204967 0.03874565689062963 89.14824377087535 100.0 21.70716801943929 1.1934304210234252 53974.303458 54063.224136 40 64 "Minimization exited successfully."
15161 91 0.248522 54025.31731343338 5.5038197870354796e-05 -0.3297448641049222 -0.04254379865978127 0.0 0.34446583011958865 1.6673912594167909e-06 0.29533977415199364 0.028287006830559753 107.24619202385614 87.0 21.150548897988276 1.1188637501088436 53989.408989 54065.337089 34 57 "Minimization exited successfully."
15163 214 0.133652 54024.50688243446 4.772138127677152e-05 -1.0060044847319294 0.34833547667032405 0.0 0.2651524446118856 1.4094779676453421e-06 0.2044943315217554 0.024488628111734186 448.0820444792402 167.0 21.29930178059665 1.2291357470584536 53975.377872 54068.302719 80 134 "Minimization exited successfully."
