pipeline_outputs/sdss/salt2_2.4_4param_blue.ecsv
# %ECSV 0.9
# ---
# datatype:
# - {name: cid, datatype: string}
# - {name: num_points, datatype: int64}
# - {name: z, datatype: float64}
# - {name: t0, datatype: float64}
# - {name: x0, datatype: float64}
# - {name: x1, datatype: float64}
# - {name: c, datatype: float64}
# - {name: z_err, datatype: float64}
# - {name: t0_err, datatype: float64}
# - {name: x0_err, datatype: float64}
# - {name: x1_err, datatype: float64}
# - {name: c_err, datatype: float64}
# - {name: chi, datatype: float64}
# - {name: dof, datatype: float64}
# - {name: b_max, datatype: float64}
# - {name: delta_15, datatype: float64}
# - {name: tmin, datatype: float64}
# - {name: tmax, datatype: float64}
# - {name: pre_max, datatype: int64}
# - {name: post_max, datatype: int64}
# - {name: message, datatype: string}
# meta: !!omap
# - {bounds: null}
# - {warn: false}
# schema: astropy-2.0
cid num_points z t0 x0 x1 c z_err t0_err x0_err x1_err c_err chi dof b_max delta_15 tmin tmax pre_max post_max message
[from data line 1319]
14456 83 0.327932 54018.61270434994 2.526135386233307e-05 -0.0043261002592819165 -0.017797829911806468 0.0 0.5189513066470681 1.4645146210076374e-06 0.6367197215907674 0.05002378331868489 58.95043128417723 79.0 21.99592475500704 1.0548775915396007 53975.255976 54063.181435 29 54 "Minimization exited successfully."
14465 40 0.05793 nan nan nan nan 8e-06 nan nan nan nan nan nan nan nan nan nan 0 0 "No data points with S/N > 5.0. Initial guessing failed."
14470 77 0.194615 54017.74774657683 7.995544168016669e-05 -0.3372395273255036 0.02805693482291789 0.0 0.15608113370035426 1.9948819364953515e-06 0.22932001526994455 0.021665223941348424 51.695780394559 73.0 20.745104703506513 1.1161605851931533 53975.420459 54068.347401 24 53 "Minimization exited successfully."
14472 55 0.362947 54015.244447423596 1.5197686777355065e-05 6.243088752520736 -0.24173767406166205 0.0 0.5333526237482147 1.4027297583682568e-06 1.4627527683403003 0.03905866560230114 97.59594419178669 51.0 22.450380802979023 0.10651507926372261 53975.167579 54068.094372 17 38 "Minimization exited successfully."
14475 73 0.142671 54015.71462467349 3.452350527087074e-05 -1.2569133339045884 0.20266169543559232 0.0 0.34909416065420373 2.6207934187872663e-06 0.4781468209137634 0.23798289789113095 104.95072126632604 69.0 21.655208153088942 1.2956914731759532 53975.236953 54068.16372 26 47 "Minimization exited successfully."
14478 44 0.280202 54014.834745110835 1.7363718195561886e-05 -0.914315358841582 0.17693882482895176 0.0 0.8955434529016202 1.6221097597949057e-06 1.022876949121317 0.11573284564435923 33.34272918312404 40.0 22.401751480761675 1.2233604358795276 53975.288082 54062.229039 16 28 "Minimization exited successfully."
14479 64 0.196225 54027.48642830912 1.4717946693043156e-05 -1.0386924050140538 -0.5475915700663334 0.0 0.5569477586468565 1.315654877645685e-06 1.4163377904154126 0.06443098518780895 797.350839186589 60.0 22.56826237152456 1.30262802768587 53975.290131 54062.230747 31 33 "Minimization exited successfully."
14480 19 0.329199 54012.628396235465 2.6341743305255902e-05 -0.8929923085910743 -0.03636217143122859 0.0 1.1286740721552633 2.4635032643797594e-06 0.8563023620408861 0.08031157786045119 12.110166596638802 15.0 21.950934165263934 1.2346047596925764 53975.301182 54053.242309 11 8 "Minimization exited successfully."
14481 77 0.242061 54020.04623319532 4.6460272146289085e-05 -1.030755664445586 -0.11950600563329385 0.0 0.3018995397069375 2.2169347125215945e-06 0.3645555244185983 0.04226097994110147 73.17713521670989 73.0 21.33430305037672 1.270945620468293 53975.308126 54068.230053 28 49 "Minimization exited successfully."
14486 45 0.644529 nan nan nan nan 0.000114 nan nan nan nan nan nan nan nan nan nan 0 0 "result is NaN User function arguments:      z = +0.644529     t0 = +54034.785766     x0 = +580825419.929794     x1 = +92.154670      c = -904.968962"
14492 43 0.075811 54014.10251749377 0.00010547103157726854 -2.6131654365334507 0.07610833889327295 0.0 0.22609382194423233 3.2218804184651227e-06 0.3047354555403169 0.05852244675522442 102.64800275820015 39.0 20.445127352779092 1.666585596675116 53975.359344 54068.281551 14 29 "Minimization exited successfully."
14498 44 0.344993 54012.21697630587 2.0928114835951976e-05 -1.0879583427345738 -0.055298760722489765 0.0 1.0060288948443485 1.447658181238042e-06 0.7296599872276216 0.07079607656989075 26.802649744560952 40.0 22.200742594676953 1.2789143952483926 53975.332982 54068.256015 15 29 "Minimization exited successfully."
14500 66 0.401983 53992.86497507167 1.6728282726088902e-05 0.8338029469012623 0.04517394767784828 0.0 1.3836407058952318 1.5670677976063853e-06 1.0159993489299914 0.08445075549559082 65.47265021344658 62.0 22.442667852804806 0.9025472502658012 53975.366182 54068.290849 6 60 "Minimization exited successfully."
14522 70 0.436719 54013.97566747265 1.550842209572249e-05 -0.5530519590900813 -0.15502728690138295 0.0 1.008377297079278 1.0960121334980266e-06 0.7817086090416959 0.04721468262339949 37.227793701198635 66.0 22.524848405861235 1.1706911397004767 53975.378275 54068.303565 21 49 "Minimization exited successfully."
14523 68 0.225975 54008.105280938806 1.2739053954396516e-05 1.0695790516767987 0.515793723277083 0.0 1.6424906921420188 1.2748131071337735e-06 1.3087636861158745 0.13972770561192865 50.380290523481406 64.0 22.72398958989001 0.8447256659688698 53975.382705 54068.307793 12 56 "Minimization exited successfully."
14524 52 0.271248 54008.90933270038 2.834525941639389e-05 -0.6178995465870891 0.017878999316253398 0.0 0.690251016178081 1.0906810787905248e-06 0.5206315462699457 0.05102909578025092 40.02012367772984 48.0 21.871214399219824 1.1730165641943096 53975.413246 54068.340246 10 42 "Minimization exited successfully."
14525 63 0.153123 54016.346819548504 6.686873899498218e-05 1.7219950135091895 0.31460918245403224 0.0 0.30312866466192645 2.495758438807722e-06 0.47148169752181907 0.030607066700431295 52.64015998029328 59.0 20.93196511884702 0.7471063801166373 53975.346745 54068.27054 21 42 "Minimization exited successfully."
14532 64 0.214354 54014.68927018549 2.888316050196617e-05 -1.0485745404059845 0.19067338547899074 0.0 0.6747366218151001 2.0150144167533985e-06 0.7321643934841567 0.08055102628247239 83.08154113287179 60.0 21.849040038772966 1.2509340133462281 53975.313422 54068.235617 27 37 "Minimization exited successfully."
14536 68 0.472659 54008.27949666279 1.4347675950263107e-05 2.0026020586639404 0.18113294400537736 0.0 1.3516184446270927 1.1015373720903195e-06 1.1783777635610084 0.09385914008246016 56.54787917709854 64.0 22.60619820811179 0.7051914992681496 53975.332548 54068.255651 17 51 "Minimization exited successfully."
14537 44 1.24548 nan nan nan nan 0.001615 nan nan nan nan nan nan nan nan nan nan 0 0 "No data points with S/N > 5.0. Initial guessing failed."
14538 65 0.234003 54007.29678134112 1.3123800438422681e-05 5.165431227942972 -0.10234470282558852 0.0 1.2666392851206183 1.6398654432540494e-06 2.017317580798894 0.08650484415779773 62.60543922833894 61.0 22.65176417956381 0.16882783637093368 53975.355244 54068.279035 12 53 "Minimization exited successfully."
14545 40 0.276432 54015.855150392206 5.0566239993314985e-05 1.5124074585678802 -0.03836632499429428 0.0 0.31067382930996246 1.9624190952757486e-06 0.44910458748438714 0.03315692253946292 46.438906668962105 36.0 21.240992472926983 0.7919596471599206 53975.278218 54062.218812 15 25 "Minimization exited successfully."
14548 74 0.338711 54024.270860728604 3.1413923828189965e-05 1.2162622054469114 -0.14076162756633936 0.0 0.5054450809002446 1.606493218787225e-06 0.539000752852535 0.03777070089606209 77.03960751175153 70.0 21.75727808155553 0.8444487248642076 53974.323025 54068.23862 32 42 "Minimization exited successfully."
14549 43 0.266949 54015.95672061141 2.829734083785553e-05 1.498918183349655 0.19061992187595286 0.0 0.6344766687652736 1.9806742363745415e-06 0.8681378745590393 0.06672145849959092 35.65208807522029 39.0 21.869347941699438 0.7870961194807329 53975.323191 54068.24587 18 25 "Minimization exited successfully."
14551 43 0.247321 54014.19157320006 2.0061587590326164e-05 1.1568087684668058 -0.16525664811102964 0.0 0.8003782983396377 1.6426101905428622e-06 1.0371261068706628 0.08098487339679096 77.65779094465367 39.0 22.243856884910297 0.855269962661648 53975.325632 54068.248427 18 25 "Minimization exited successfully."
14554 42 0.249493 53990.805251588485 1.3545627025639147e-05 7.104796090812917 0.17481657806764025 0.0 0.005661335304466775 1.63190956878502e-06 2.0588740577973472 0.12758613687602893 30.542942861843372 38.0 22.527787014024053 0.10337532529754156 53975.341064 54068.264178 4 38 "Minimization exited successfully."
14556 44 0.35029 54043.73062806322 2.713536478428161e-05 9.215445319633908 -0.2945802555841664 0.0 0.6621103074176062 2.0690012200521503e-06 1.3063108471323677 0.024599180631630666 978.1780172285179 40.0 21.659001698090243 0.1348684627887522 53975.364936 54068.289231 28 16 "Minimization exited successfully."
14557 46 0.09639 54005.64549063537 2.4312978765499266e-05 -4.275556136886087 -0.6456986475088105 0.0 0.402635426937195 1.6273749451231905e-06 0.5112668339673149 0.06427416238271887 84.89399414933618 42.0 22.01951937420324 2.5974524376637618 53975.371438 54068.294739 10 36 "Minimization exited successfully."
14570 76 0.185608 nan nan nan nan 1.7e-05 nan nan nan nan nan nan nan nan nan nan 0 0 "No data points with S/N > 5.0. Initial guessing failed."
14573 47 0.053597 53988.950578235264 4.7496110022284757e-07 19.270984157553332 8.257640461961747 0.0 1.0119615232470096 4.681343124863137e-07 7.506687358956804 1.9531249142316685 79.71421036582012 43.0 21.878260536131798 0.697870558342732 53975.442934 54068.369611 2 45 "Covariance may not be accurate. Covariance not positive definite. Covariance forced positive definite."
14574 75 0.177319 54009.94477288579 1.9258447112553708e-05 14.223143040838476 0.39267900537345074 0.0 0.5458807790855644 1.1982815940308608e-06 1.5619010635269517 0.05300509642153554 267.49376750514375 71.0 21.717185749103777 0.3350846974330999 53975.448077 54068.376293 18 57 "Minimization exited successfully."
14577 78 0.200766 54016.31503358367 2.3047073084756574e-05 0.5842540104480253 -0.3233241082061098 0.0 0.5543012450289098 1.5882714809721458e-06 0.8224940323618263 0.03792698742042477 144.91806607136672 74.0 22.089878137572086 0.9605033027721781 53975.413654 54068.34023 24 54 "Minimization exited successfully."
14578 75 0.203391 54014.744182833005 1.81047343937353e-05 1.5241005947921513 -0.05995569523618276 0.0 0.8541562111240637 1.4462043567822914e-06 1.142857879031397 0.07873325485585848 93.59868612519779 71.0 22.356048561397202 0.7906669467241372 53975.419669 54068.34653 24 51 "Minimization exited successfully."
14589 52 0.269223 54011.25538430959 2.2685650716922885e-05 -2.0541335909662113 0.045813110633194126 0.0 0.8110186399499071 1.0574948997886233e-06 0.6028784634853664 0.06774128154585785 44.65663713766139 48.0 22.113587013932797 1.5070312753256125 53975.43048 54068.358286 14 38 "Minimization exited successfully."
14593 52 0.30658 54009.57159310322 2.3992758776364914e-05 -0.9214260764423321 0.15151877330987779 0.0 0.8799605981475906 1.2387658756805172e-06 0.6438418420273373 0.06856372231404878 39.661165304902 48.0 22.05111242794791 1.2267985060113915 53975.449291 54068.377514 12 40 "Minimization exited successfully."
14594 51 0.126328 54012.48541346191 1.019569899834812e-05 -2.3696289713962413 5.600364875765284 0.0 1.542358197439171 2.2162486839266236e-05 1.6873730097747823 11.108830661117379 76.98239202168199 47.0 21.250669601718762 0.960607818506368 53975.452549 54068.377941 16 35 "Minimization exited successfully."
14624 64 0.433262 54009.28981441708 1.6816901826636723e-05 1.8961028956309014 0.00852249390892334 0.0 0.9302599906914111 1.03988312709999e-06 0.8511213891144225 0.05447224825981889 62.245231551615014 60.0 22.435786893329922 0.7273835088803544 53974.20181 54063.123994 21 43 "Minimization exited successfully."
14633 56 0.419329 nan nan nan nan 6.8e-05 nan nan nan nan nan nan nan nan nan nan 0 0 "No data points with S/N > 5.0. Initial guessing failed."
14634 43 0.379467 54010.986964830714 2.854190584273317e-05 -3.5268024658020147 -0.5499140670723045 0.0 0.29779338017397095 1.732393112349093e-06 0.2337448590471977 0.027937439393328718 146.91704586786057 39.0 21.850494765745964 2.1228087915542027 53974.312417 54063.233581 13 30 "Minimization exited successfully."
14638 42 0.276479 54012.123023062784 2.2138260474296778e-05 0.4498672210044587 0.01121032838730197 0.0 0.732071447710041 1.3374112768679675e-06 0.6819647086356214 0.07300442052387562 34.28035743197488 38.0 22.13887601046168 0.9706457716785408 53974.303451 54063.224579 14 28 "Minimization exited successfully."
14644 55 0.447862 54010.91627090283 1.3471738858381436e-05 -1.678357811405743 -0.11967622495849284 0.0 1.025570836613042 9.87149745782228e-07 0.7786672759357616 0.06534279044546527 37.8919217567105 51.0 22.678758091336178 1.4253931186776008 53989.377007 54063.296832 15 40 "Minimization exited successfully."
14645 61 0.123589 54020.20766760688 4.7214544626301474e-05 -0.7650093356398379 0.07822727244488398 0.0 0.3195873798977118 3.2325005001720566e-06 0.45345746701092415 0.20175533523224368 107.43691022055114 57.0 21.31696589796567 1.19929021157321 53975.370645 54068.293437 19 42 "Minimization exited successfully."
14646 43 0.06961 nan nan nan nan 1.6e-05 nan nan nan nan nan nan nan nan nan nan 0 0 "No data points with S/N > 5.0. Initial guessing failed."
14654 64 0.38023 54015.945773935986 1.9704334194386364e-05 0.8328092592813494 -0.10560842725254223 0.0 0.7443708502178197 1.538725606319091e-06 0.8514460239536371 0.05119664324830993 65.18350627113091 60.0 22.264493704882874 0.9084985781195982 53974.27845 54063.198053 23 41 "Minimization exited successfully."
14661 101 0.175646 54006.24265889498 2.1135929840688177e-05 -3.4075584136385224 0.3619884945788344 0.0 0.5516247719933745 1.009898402262555e-06 0.5904831305001526 0.06378733502229421 72.26744359594798 97.0 22.183943040242227 1.8913923646594952 53975.387973 54068.311626 16 85 "Minimization exited successfully."
14671 81 0.370184 53992.805057989324 1.4739458916529089e-05 -0.3463767572315496 0.2568807139182123 0.0 0.015102849229151616 1.2478150382083028e-06 1.0720208001193952 0.1618047731499724 59.13475234379311 77.0 22.577486524090908 1.1038203010257988 53975.368597 54068.293407 6 75 "Minimization exited successfully."
14673 58 0.536128 54030.73791590835 9.862155172505306e-06 17.03561136471687 -0.2084204820352006 0.0 0.35651924861667794 1.0933212082576912e-06 2.8773512062206326 0.016210591535752647 352.6664903730165 54.0 22.320965073570914 0.39953208542321406 53989.392018 54063.312426 27 31 "Minimization exited successfully."
14675 36 0.254349 53985.61889203769 2.3431940013787383e-05 0.8928475906937235 -0.02114135379381361 0.0 0.0031945266819093376 2.9444009378764475e-06 1.2240124436638946 0.13096043735458046 26.43355767099864 32.0 22.07683728795894 0.8950321456054517 53989.401319 54063.31883 0 36 "Covariance may not be accurate."
14676 38 0.374468 53986.6241309343 2.5304532980483092e-05 0.3950083498207504 0.03397746574768395 0.0 0.006337177335808519 3.1700978140479423e-06 1.3220530009786111 0.13281825412779447 30.771288481972583 34.0 21.993715661024318 0.9793593563136582 53989.39728 54063.317906 0 38 "Covariance may not be accurate."
14683 39 0.291219 54014.820867937924 1.6106136795540124e-05 3.1399464465749243 0.31855887834096686 0.0 1.152244096963841 1.3871877674182117e-06 1.3910847512974718 0.08869728080176834 29.771002216354844 35.0 22.472836508320377 0.48452301868668 53989.411418 54065.337093 14 25 "Minimization exited successfully."
14695 63 0.160511 54013.72704604279 1.4278559171721034e-05 -3.3917017494496378 0.5553944324024348 0.0 0.8084580764370912 2.1667491808869126e-06 1.2205606221124046 0.17474329517041137 49.193799117664184 59.0 22.600365178858514 1.8472464346765385 53974.18172 54063.103405 24 39 "Minimization exited successfully."
14701 38 0.092728 nan nan nan nan 1.2e-05 nan nan nan nan nan nan nan nan nan nan 0 0 "No data points with S/N > 5.0. Initial guessing failed."
14702 38 0.247101 54063.46552754446 2.6087251283263382e-05 1.6617477806716043 0.16486845446845902 0.0 1.5172960198578949 2.057831096311453e-06 1.298622325494155 0.08652991061102018 228.99598075662684 34.0 21.95792142345582 0.7614011761181878 53989.261862 54063.177523 38 0 "Minimization exited successfully."
14708 60 0.417836 54012.9413082555 2.0376840097914482e-05 -0.7076538792302932 -0.1833081953575885 0.0 0.7049758021785237 1.078421972585345e-06 0.5807036156765703 0.03782383119805904 44.51311074353937 56.0 22.22804284736212 1.2048929385501417 53989.353397 54063.272244 21 39 "Minimization exited successfully."
