pipeline_outputs/sdss/salt2_2.4_4param_all.ecsv
# %ECSV 0.9
# ---
# datatype:
# - {name: cid, datatype: string}
# - {name: num_points, datatype: int64}
# - {name: z, datatype: float64}
# - {name: t0, datatype: float64}
# - {name: x0, datatype: float64}
# - {name: x1, datatype: float64}
# - {name: c, datatype: float64}
# - {name: z_err, datatype: float64}
# - {name: t0_err, datatype: float64}
# - {name: x0_err, datatype: float64}
# - {name: x1_err, datatype: float64}
# - {name: c_err, datatype: float64}
# - {name: chi, datatype: float64}
# - {name: dof, datatype: float64}
# - {name: b_max, datatype: float64}
# - {name: delta_15, datatype: float64}
# - {name: tmin, datatype: float64}
# - {name: tmax, datatype: float64}
# - {name: pre_max, datatype: int64}
# - {name: post_max, datatype: int64}
# - {name: message, datatype: string}
# meta: !!omap
# - {bounds: null}
# - {warn: false}
# schema: astropy-2.0
cid num_points z t0 x0 x1 c z_err t0_err x0_err x1_err c_err chi dof b_max delta_15 tmin tmax pre_max post_max message
[from data line 2035]
17647 98 0.432787 54369.28497696983 4.925252933050244e-05 0.9141493808070316 -0.25518356404434656 0.0 0.3017211511833011 1.0794243336889375e-06 0.09978057988911547 0.01108068833209869 191.25848691902934 94.0 21.267034012360394 0.8998162215445937 54347.398518 54424.272875 15 83 "Minimization exited successfully."
17649 91 0.036059 54333.664951893305 4.289042661191836e-05 -2.7172310418222976 1.3084029883430188 0.0 0.0002424466802040115 9.749165880664964e-06 0.25841593824519155 0.14086145837207723 539.5710015134769 68.0 21.330346994278855 1.5146296476808985 54347.439504 54424.315925 0 91 "Minimization exited successfully."
17657 161 0.183796 54339.342593594316 1.512138021175e-05 3.875602364025787 0.6236665314024804 0.0 1.2460627272885176 2.1755791308600708e-06 1.5266283445755267 0.09977593832505637 231.69055504057943 124.0 22.51077181711591 0.2961507991571608 54346.312112 54433.260115 0 161 "Minimization exited successfully."
17663 103 0.083358 54364.14059528727 8.593758817657823e-06 4.777382943323495 1.4095648128928797 0.0 0.002001380707952194 1.330530961466101e-06 0.6089620197295889 0.10956151008770162 315.71215138238415 78.0 22.99745004771467 0.22010144500006135 54347.370653 54424.244254 20 83 "Minimization exited successfully."
17669 97 0.233244 54334.79156664129 4.4955445652515276e-05 0.8399411105195984 0.18223361849178427 0.0 0.006607646602788009 6.62948971724839e-06 0.9657661035795414 0.09640642480467415 184.1852310283913 93.0 21.36763185907666 0.8960337980180526 54347.416225 54424.291729 0 97 "Minimization exited successfully."
17670 93 0.135139 54358.69286309709 4.6528335485919175e-06 4.707453599935787 1.5201422044819055 0.0 82.44332629155906 8.02825854241294e-07 0.0057160325398914495 0.05724016820536476 90.05716517197293 70.0 23.647094702239198 0.22550235704725097 54347.422251 54424.297581 10 83 "Covariance may not be accurate. Covariance not positive definite. Covariance forced positive definite."
17682 78 0.303213 54442.8887209856 1.568854082943982e-09 -1.2172549644087811 8.798685599463708 0.0 1.2734353926389304 2.678792468648671e-09 0.8260976535828632 1.0424411881850353 569.8262432001158 74.0 28.537871336851342 0.6881342161311004 54348.26673 54424.182216 78 0 "Covariance may not be accurate. Covariance not positive definite. Covariance forced positive definite."
17687 84 0.301768 54358.56137258983 1.616985531789807e-05 0.2077671342293235 0.0609647124039432 0.0 1.51746766200813 1.9265750749610774e-06 1.45967583393289 0.11073385750351705 87.80082657196712 80.0 22.479935610785553 1.0117156040395017 54348.208714 54424.123938 10 74 "Minimization exited successfully."
17688 82 0.104013 54332.038461840835 3.7886061124489675e-05 3.3692575494779082 0.38145530211711426 0.0 0.0017011002637445927 3.285754378900883e-05 1.2914964089342031 0.9999877671650439 217.65162546569462 61.0 21.53948505679908 0.41594911478268415 54348.212912 54424.126967 0 82 "Covariance may not be accurate."
17692 80 0.143149 54351.41982391035 2.2337820094193438e-05 -3.3903662981578075 0.4529471114859434 0.0 0.7815806489961687 2.045881418410065e-06 0.8985994437501436 0.08480459760549103 48.04764321349681 60.0 22.11995580438564 1.8670255572641068 54348.260916 54424.177496 5 75 "Minimization exited successfully."
17695 95 0.18205 54365.19325732912 5.318772420598895e-05 -0.08457268655619095 0.29273421973717634 0.0 0.004879498192167375 1.8384640277335724e-06 0.36831725770554985 0.028362934749762463 81.20112077707283 71.0 21.182945674585163 1.0525925514041212 54347.419022 54424.294699 15 80 "Minimization exited successfully."
17696 94 0.133073 54372.48275276571 3.234347211889138e-05 10.06902148909805 0.46400301769360797 0.0 0.26187600359116914 1.5245502565386733e-06 0.7548538893305834 0.02722419510726078 526.0653929422314 70.0 21.39109143010211 0.19238234371000473 54347.426251 54424.302216 15 79 "Minimization exited successfully."
17703 79 0.21284 nan nan nan nan 0.005 nan nan nan nan nan nan nan nan nan nan 0 0 "result is NaN User function arguments:      z = +0.212840     t0 = +54311.124606     x0 = +224650.143968     x1 = +39.130510      c = -339.539913"
17704 76 0.066821 54340.95075694586 5.611528925295649e-05 3.693071014068875 0.24029809408714603 0.0 0.002512344319256954 3.8508427592941435e-06 0.6555805457346809 0.049548075358289895 501.4147353306048 57.0 21.112034305056007 0.32194692332220853 54347.280759 54422.214565 0 76 "Minimization exited successfully."
17710 71 0.256364 nan nan nan nan 1.4e-05 nan nan nan nan nan nan nan nan nan nan 0 0 "No data points with S/N > 5.0. Initial guessing failed."
17718 65 1.215356 54394.41330647834 9.66179745524589e-06 25.283721062184075 -0.10712536822273794 0.0 1.0377019249826844 2.8493002456324536e-06 11.608870387840376 0.029402867579982495 129.80227572255018 35.0 22.003547916345635 0.5999684948695503 54357.275176 54422.235059 35 30 "Minimization exited successfully."
17726 78 3.410411 nan nan nan nan 0.000363 nan nan nan nan nan nan nan nan nan nan 0 0 "No bands in data overlap the model."
17728 88 0.318952 54359.46459749973 1.4795889964336382e-05 2.75255395300361 -0.11174012712128055 0.0 2.88003681810369 1.5435367409471302e-06 1.7043652926024162 0.07355343874676992 72.05718699758765 84.0 22.57219104972233 0.5807937237973242 54357.331001 54424.228677 9 79 "Minimization exited successfully."
17729 98 0.403337 54372.466339274826 4.8381017664945864e-05 0.6980263837853854 -0.35851823485706885 0.0 0.4076393938194087 1.1379589942483162e-06 0.03500972884398196 0.012198579635637516 1073.7252649688444 94.0 21.28341650900336 0.9414404693609306 54347.369828 54424.243453 20 78 "Minimization exited successfully."
17730 100 0.068675 54333.97551796559 5.2961796825398154e-05 0.1773348119242352 0.3776843631508395 0.0 0.003944304338801885 7.34498452665354e-06 0.605773202805067 0.09418698802941321 396.8617762078053 75.0 21.184339682525387 1.0007127382806793 54347.375898 54424.248951 0 100 "Covariance may not be accurate."
17731 103 0.556491 54403.0462320288 2.8409452898093792e-05 8.265443413032399 -0.396133746461331 0.0 0.2282728424324887 1.137019005089442e-06 0.7168010265297887 0.007143452496663824 2591.7193248859885 80.0 21.66549733166991 0.09978314013731548 54347.377111 54424.250623 63 40 "Minimization exited successfully."
17733 91 0.368529 54348.9229509993 2.2432694702904535e-05 -2.5804889828065387 0.0957002377321484 0.0 0.007593302048917394 2.4914532120202266e-06 1.1809072153785696 0.1253265014422231 69.94406997793297 87.0 22.125555063232323 1.6537611319612644 54347.408971 54424.28382 5 86 "Minimization exited successfully."
17734 92 0.181105 54335.38457237921 2.6291575691553198e-05 -0.40186984145131244 0.42407127429023894 0.0 0.02114165928651346 4.856354689786244e-06 1.2559308095316124 0.12430605989958202 127.62143624897033 69.0 21.943090493321293 1.10345224040897 54347.419424 54424.294699 0 92 "Covariance may not be accurate."
17735 92 0.832657 nan nan nan nan 0.000194 nan nan nan nan nan nan nan nan nan nan 0 0 "result is NaN User function arguments:      z = +0.832657     t0 = +54444.603308     x0 = +164550.694741     x1 = +21.812336      c = -268.139121"
17741 95 0.120875 54335.71255554875 2.384169606885343e-05 7.56840452248044 0.8075430775785829 0.0 0.8990024682243529 3.574202768197648e-06 1.5990206525205835 0.09952558100616207 214.0998378853663 71.0 21.840624290927025 0.13214355880457873 54347.414596 54424.290113 0 95 "Minimization exited successfully."
17745 71 0.062145 54372.606549845914 0.0011271494738681203 1.3145212010540446 -0.025382653013927357 0.0 0.04059160247561522 1.0612609721918316e-05 0.05562203587746416 0.00546462413103387 135.1017797367508 53.0 17.87096334750309 0.8243187605735116 54357.288383 54422.248646 6 65 "Minimization exited successfully."
17746 73 0.155636 54359.46154939122 6.206462868142171e-05 -1.9040800196982617 -0.24682920272482745 0.0 0.0017172319203382358 1.7447539539455966e-06 0.40231877394138116 0.03798160769957032 71.53769792473972 54.0 21.01804565137378 1.4973015911740752 54357.291265 54422.251198 5 68 "Covariance may not be accurate."
17748 69 0.17823 54365.22761632853 5.352369641948858e-05 1.2217869713698808 0.18527937048259252 0.0 0.48537437480990775 2.4787478935845705e-06 0.5201117597429729 0.03150861106809138 42.411394481983734 51.0 21.177781322015225 0.8325253625454856 54357.307287 54422.268193 9 60 "Minimization exited successfully."
17753 75 0.226343 54394.72032099558 2.5951074513510518e-05 6.929729584676482 0.3616988871063881 0.0 0.5030092532433628 1.598855054298297e-06 0.9225930652603573 0.043122775272525636 552.7968237572591 71.0 21.821118123429386 0.11261180561497142 54357.2925 54422.2529 40 35 "Minimization exited successfully."
17757 102 0.206049 54363.939111345615 8.89984602266494e-06 7.0457419968669 0.9107315645588289 0.0 0.025292244856245816 9.646941504788284e-07 1.462627759097673 0.08122744703371206 73.94950841689268 98.0 22.926506080472237 0.13545521249628223 54347.364978 54424.237935 20 82 "Minimization exited successfully."
17760 61 0.195459 54350.77722183115 4.241154158181503e-05 2.7969829044634476 0.28200244339239466 0.0 3.1487193771317834 4.092379598242355e-06 1.0249828020196758 0.060385041043235395 103.78188485896924 57.0 21.424732762803963 0.56215938562082 54357.264014 54422.223517 0 61 "Minimization exited successfully."
17765 160 0.852918 54383.119243435656 6.5769505188844084e-06 20.127563931920353 -0.3043280755283606 0.0 0.7799024440064386 9.661809831199497e-07 3.9568886604880267 0.03801728019800452 171.67264025300838 92.0 22.620892381929462 0.4790586399568433 54346.318097 54433.266097 41 119 "Minimization exited successfully."
17767 78 0.879003 54374.08439452607 1.001069865102818e-05 6.403872543002257 -0.4027446895347287 0.0 2.8369984153941914 2.0422997010628503e-06 3.0076041797676387 0.05434232285928458 63.14570003642434 43.0 22.894263897524098 0.09530539926219816 54357.313431 54424.210429 10 68 "Minimization exited successfully."
17770 192 0.166694 54371.97922951257 2.1756217274559164e-05 10.702079655609285 0.04002704193401027 0.0 0.35731848553041345 1.5189139655163715e-06 1.2753172833490514 0.03144419558789825 739.4632954621661 149.0 21.803386941024844 0.20135199587052455 54347.370243 54433.306452 36 156 "Minimization exited successfully."
17773 98 0.286916 54355.96955421308 3.904165569500787e-05 -0.5824510125256561 -0.0937869446063328 0.0 0.6505408015545981 1.664840489855216e-06 0.5652204548383782 0.03444527096472632 75.46958900475099 94.0 21.52320836803363 1.1729434232769052 54347.395693 54424.27037 5 93 "Minimization exited successfully."
17781 95 0.213817 54365.352828055795 4.3423361136154964e-05 2.8030652492434327 -0.13227472019008832 0.0 0.412826798754395 1.9089670935081675e-06 0.6231054261537672 0.0323922617469902 246.97052358615542 91.0 21.402805218449707 0.5713120840658696 54347.396493 54424.271224 15 80 "Minimization exited successfully."
17784 87 0.03652 54367.16392325604 0.0014371319256385583 -0.463992622744423 0.11367438295269437 0.0 0.024426570009381976 8.795843481079483e-06 0.030831464999048295 0.0037913492891931393 5335.94688047276 65.0 17.60787484492058 1.1358151162522567 54357.422816 54424.323854 10 77 "Minimization exited successfully."
17790 57 0.17702 54360.56406867346 6.037418031574467e-05 1.5156226962121764 -0.044348896440191986 0.0 0.6271412169553514 2.7873348966263368e-06 0.5973980118294081 0.03684017485761577 101.80653596692707 38.0 21.04848900325511 0.7916064855973488 54346.127613 54425.06237 7 50 "Minimization exited successfully."
17791 92 0.277487 54366.47798154131 3.125871211578756e-05 0.4039526037219852 -0.12375631677839179 0.0 0.5835045634048583 2.199373084493551e-06 0.677635538381026 0.047153161894893554 77.49493905979419 88.0 21.76362562615394 0.9848244166236526 54346.21497 54433.159632 20 72 "Minimization exited successfully."
17800 98 0.215795 54358.4485911579 2.5380068066256506e-05 -1.2223182573795457 0.26326319280035243 0.0 0.8494116983674758 1.5866183249897152e-06 0.6212532261263519 0.059725441645784104 99.09677286940718 94.0 21.987734486662603 1.2827665613695487 54346.158229 54431.106121 15 83 "Minimization exited successfully."
17801 101 0.205146 54365.748797857654 5.000249581049625e-05 -0.36988353048502404 0.002699201434137528 0.0 0.3472126466149348 2.9289412645050877e-06 0.4642989050669051 0.04323520389592551 126.86290680255858 97.0 21.254820436056427 1.1241011671488046 54346.169616 54431.11767 14 87 "Minimization exited successfully."
17804 90 0.16067 54335.23603608822 0.00010537818511849343 0.07138109844990242 0.18211194600535985 0.0 6.435668183257803e-05 9.13111821085473e-06 0.6051281220153125 0.05326583288741859 143.08296154336423 68.0 20.44331351242748 1.0302592937605972 54346.246319 54433.191717 0 90 "Minimization exited successfully."
17809 155 0.287457 54370.71269872769 4.5786919247536094e-05 1.3835749850963757 -0.02819541280825669 0.0 0.30262164807572844 1.948824503926275e-06 0.41359726565318755 0.025231772517346054 198.62935501481405 151.0 21.348977441819777 0.8129550821591067 54348.33937 54433.256688 30 125 "Minimization exited successfully."
17811 99 0.198667 54356.338599512215 9.960152559349463e-05 1.361453141816262 -0.06364341401545806 0.0 5.0267070037079975e-05 2.23529651451256e-06 0.2712455902233126 0.015450091919309386 138.36295455110087 95.0 20.505038925184277 0.8177335969083579 54346.326559 54433.275008 10 89 "Minimization exited successfully."
17814 103 0.105586 54366.88782285826 4.2190092152087096e-05 3.7411503712946335 0.44037639094240416 0.0 0.47361154429017915 1.9753489150689384e-06 0.41262371292082956 0.038088372280878545 476.6258289294606 78.0 21.412035008031015 0.3139580983443615 54346.327192 54433.275874 24 79 "Minimization exited successfully."
17820 98 0.33926 54362.908794851675 3.434714945866786e-05 0.28680845028951485 -0.1120359204192417 0.0 0.7805268595948291 1.8012747319529804e-06 0.5183231134278624 0.04844613655067752 97.28463771146318 94.0 21.661552624357817 1.0055681861678352 54346.335324 54433.284381 19 79 "Minimization exited successfully."
17822 92 0.103569 54357.449399530255 1.3034834034156359e-05 2.028679056782032 1.0639400037433158 0.0 1.425788599277439 1.997727630845538e-06 0.8484773124352103 0.10610273973935401 109.25565311401458 70.0 22.6503334475664 0.6750621759994395 54348.383328 54433.302637 5 87 "Minimization exited successfully."
17825 93 0.159994 54366.98595782993 0.00011277014752169816 -0.06408184944478554 0.030549350539356205 0.0 0.1504979392993846 1.9054103303163564e-06 0.1512568869457598 0.015203591220768035 67.01023609721489 68.0 20.37156100252853 1.0635444486819026 54346.40706 54433.331811 23 70 "Minimization exited successfully."
17831 147 0.108954 54372.99745657224 3.0278934811566474e-05 10.688268190630362 0.15057895567716717 0.0 0.2734757293219445 2.007764095000682e-06 1.0264399084808629 0.036520906044880126 1020.8514207326994 110.0 21.44181750316711 0.20460226141318216 54347.457133 54433.397255 23 124 "Minimization exited successfully."
17835 92 0.586106 54362.34646005336 1.7416252724127203e-05 0.009339702839110935 -0.22427263029259845 0.0 0.9827926909965754 1.2707581220633973e-06 0.5424276608371011 0.030995029758440002 53.27784237571595 72.0 22.397211515974714 1.0627464764616903 54346.417752 54433.343211 20 72 "Minimization exited successfully."
17845 89 0.345384 54365.29840451853 1.3853206141165126e-05 16.539864189471192 -0.03250988031028407 0.0 0.43856807694464806 1.97969224913029e-06 3.6296745041818026 0.025926149139733793 182.09369741127526 85.0 21.97463215198173 0.3908548357798054 54346.254429 54433.200327 25 64 "Minimization exited successfully."
