pipeline_outputs/sdss/salt2_2.4_4param_all.ecsv
# %ECSV 0.9
# ---
# datatype:
# - {name: cid, datatype: string}
# - {name: num_points, datatype: int64}
# - {name: z, datatype: float64}
# - {name: t0, datatype: float64}
# - {name: x0, datatype: float64}
# - {name: x1, datatype: float64}
# - {name: c, datatype: float64}
# - {name: z_err, datatype: float64}
# - {name: t0_err, datatype: float64}
# - {name: x0_err, datatype: float64}
# - {name: x1_err, datatype: float64}
# - {name: c_err, datatype: float64}
# - {name: chi, datatype: float64}
# - {name: dof, datatype: float64}
# - {name: b_max, datatype: float64}
# - {name: delta_15, datatype: float64}
# - {name: tmin, datatype: float64}
# - {name: tmax, datatype: float64}
# - {name: pre_max, datatype: int64}
# - {name: post_max, datatype: int64}
# - {name: message, datatype: string}
# meta: !!omap
# - {bounds: null}
# - {warn: false}
# schema: astropy-2.0
cid num_points z t0 x0 x1 c z_err t0_err x0_err x1_err c_err chi dof b_max delta_15 tmin tmax pre_max post_max message
[from data line 2525]
19899 79 0.090072 54418.547908929926 0.0005975605313535384 0.05589545087905763 -0.11047008994632773 0.0 0.10114890521435882 3.5041616918590785e-06 0.11028307945601694 0.004911695058739365 242.79244450270437 59.0 18.560507595408115 1.0482923295971283 54348.259275 54424.175727 70 9 "Minimization exited successfully."
19908 85 0.234208 54409.31668797932 6.505388639591069e-05 -0.9685025634248593 -0.04985913761980136 0.0 0.3545918677264126 1.2671566637568347e-06 0.40822611570248635 0.021195765270927928 236.73141028777144 81.0 20.96935029677749 1.2520183459083967 54348.200744 54424.115322 55 30 "Minimization exited successfully."
19913 83 0.205566 54406.47411284336 6.586016768998378e-05 0.4671481906500961 0.0008601717841400636 0.0 0.35531259973868146 1.4609214498384358e-06 0.35007643018476564 0.020309958415546465 102.19376905771095 79.0 20.955176032413245 0.9680439549653777 54348.238037 54424.153468 50 33 "Minimization exited successfully."
19940 78 0.145815 54407.83628756759 0.00016312951756428874 1.0105825721866786 0.0852425242611735 0.0 0.16011794827136328 1.57840385904757e-06 0.18656027890455235 0.010362571978203446 136.53733686043168 58.0 19.96950537263221 0.8711604201591925 54348.18642 54424.099924 49 29 "Minimization exited successfully."
19953 84 0.121896 54414.99800561061 0.0003179579258077215 0.45183021786319183 -0.0980232465919036 0.0 0.13181055909808492 2.12591669245025e-06 0.14906591815801293 0.006925714032069595 182.71321606458258 63.0 19.245373614460505 0.9751014015161132 54348.235522 54424.151354 70 14 "Minimization exited successfully."
19968 90 0.054896 54412.6689927731 0.001048102538383208 -1.8020151253450207 -0.03564057272670568 0.0 0.040404428298643325 5.07370033806526e-06 0.058900182992122484 0.003797804935442091 551.5304441043522 67.0 17.951962198494652 1.4489540978069577 54357.346893 54424.245112 63 27 "Minimization exited successfully."
19969 89 0.174279 54409.0158071991 0.00010107121995912079 0.06735467656672271 0.06165912364977453 0.0 0.23049240252294112 1.701913797537587e-06 0.24087755421537 0.015281748679386009 59.51086946428168 67.0 20.490224320328565 1.0373763356114836 54357.367589 54424.266589 55 34 "Minimization exited successfully."
19984 72 0.059213 nan nan nan nan 2.5e-05 nan nan nan nan nan nan nan nan nan nan 0 0 "No data points with S/N > 5.0. Initial guessing failed."
19990 94 0.248828 54403.529645199014 4.5579500314182694e-05 -1.1316676393689313 -0.059543338301208046 0.0 0.28333556265351945 1.599344691061971e-06 0.3141305464608922 0.03156247218665277 73.04112995809913 90.0 21.355643499725222 1.2890874017481835 54357.375278 54424.274568 54 40 "Minimization exited successfully."
19992 44 0.224519 54404.63944255065 5.760378031680931e-05 0.16154415075717557 -0.07168710982700964 0.0 0.4476080409876886 2.5709389782622066e-06 0.5077881469278305 0.03535844847031698 36.471194965472534 40.0 21.1006048348261 1.026686472044453 54357.272295 54422.232006 26 18 "Minimization exited successfully."
19996 97 0.207092 nan nan nan nan 0.0001 nan nan nan nan nan nan nan nan nan nan 0 0 "No data points with S/N > 5.0. Initial guessing failed."
20033 101 0.252385 54409.170259030936 3.733928355414945e-05 -0.9443122451005506 0.08834043448946101 0.0 0.5336521529388847 1.3317593058365155e-06 0.4880518920368011 0.03230971290560907 73.57590944002364 97.0 21.571737775288867 1.2364643869695051 54347.367818 54424.2413 66 35 "Minimization exited successfully."
20039 70 0.245577 54408.12965296186 4.921482523404086e-05 0.7608467460015034 0.04211213707514892 0.0 0.49001488692010753 1.5598535062693656e-06 0.4719523250718735 0.02919244986581205 65.62057731299052 66.0 21.2711368489978 0.9151375113041524 54357.307689 54422.268234 40 30 "Minimization exited successfully."
20040 88 0.286553 54410.91965477899 4.7331871196333964e-05 0.8552407645700386 -0.08012454598008137 0.0 0.5130745410606323 1.5757955016927183e-06 0.6374680889763916 0.026562014938430738 80.53968435328841 84.0 21.313226620391763 0.9036821586180608 54346.204946 54433.14935 55 33 "Minimization exited successfully."
20046 113 0.262562 54406.831521024564 4.493558262862569e-05 1.7244406645573778 0.012489477052678843 0.0 0.47038196515859454 1.3416519785495235e-06 0.4954010472928935 0.026615574211404272 113.33789062785307 109.0 21.368928793180253 0.7555648934445429 54346.184412 54433.128367 74 39 "Minimization exited successfully."
20047 181 0.372685 54397.85665265171 1.8446038378688386e-05 -1.3629098920950307 -0.14331258078109996 0.0 0.5414148792733613 1.046779340567209e-06 0.4515597585788007 0.03249223957297328 166.98552814384476 177.0 22.337112744395007 1.3496198506241193 54346.198669 54433.142925 92 89 "Minimization exited successfully."
20048 89 0.183876 54410.21188085273 6.39288202048318e-05 -0.6370256876597125 0.0541445208756299 0.0 0.3478217697083892 1.843464647214055e-06 0.4674567156644748 0.028569989082260168 54.19658215917324 67.0 20.988026163732346 1.1745204164024834 54346.234121 54433.17934 55 34 "Minimization exited successfully."
20051 83 0.233708 54414.295553410644 5.355166084871987e-05 3.267304997720098 0.032739705041979136 0.0 0.6435763438967115 1.7128327468163199e-06 0.7184258012239793 0.026786357239229328 67.24147658435598 79.0 21.173262097628488 0.4612346992917722 54346.208563 54433.152792 57 26 "Minimization exited successfully."
20052 89 0.156247 54422.0099985929 0.00014244377058142415 3.874970372333832 -0.2499108008160025 0.0 0.15237500859439024 2.015085393814419e-06 0.2341733172431678 0.010832776137837315 1584.6182147786567 67.0 20.099175105833925 0.3018078074575392 54346.244768 54433.190064 79 10 "Minimization exited successfully."
20064 89 0.10351 54412.857942096576 0.0003287713695189585 0.27825380190083177 0.0734145112439347 0.0 0.0875240399109316 3.3120763235139654e-06 0.13891762267917213 0.00819213745142325 477.0791836294194 66.0 19.209321612898147 0.9983784137631808 54346.287733 54433.234489 67 22 "Minimization exited successfully."
20065 115 0.308382 54396.53937907574 1.9934971587892814e-05 0.3898684635756274 0.16953843479751404 0.0 0.7499062344977574 1.756642242466276e-06 0.9320190811256591 0.0688013473811186 90.98874960998165 111.0 22.25116266931138 0.9739166669942847 54346.189795 54433.133443 65 50 "Minimization exited successfully."
20068 99 0.40814 nan nan nan nan 6.4e-05 nan nan nan nan nan nan nan nan nan nan 0 0 "result is NaN User function arguments:      z = +0.408140     t0 = +54455.895379     x0 = -2555970.705693     x1 = +8.887291      c = -74.308192"
20070 94 0.183874 54398.46909726739 6.734342447108088e-06 7.020647239419716 1.0423687117970937 0.0 1.0613138337321288 1.1827199438044496e-06 2.2644698683169 0.11796364832425296 95.03089986889482 71.0 23.213397696573242 0.14127835528006827 54346.335911 54433.28479 49 45 "Minimization exited successfully."
20084 94 0.138333 54407.22909834864 9.262745389630458e-05 0.0816408138969523 0.18038892897533246 0.0 0.25018100734087056 1.6914049671700661e-06 0.27422309771714587 0.018216042510950468 100.31095097527216 71.0 20.583367722460373 1.0284831363285392 54346.258317 54433.204135 69 25 "Minimization exited successfully."
20088 177 0.243149 54407.86880791043 7.041727984124147e-05 -0.20236665674107238 -0.1084310831117369 0.0 0.22250222680304432 1.0638923892148979e-06 0.20146637045744603 0.014646104984453059 252.48708206389546 173.0 20.882457658867047 1.0976233614617144 54346.327431 54433.276346 114 63 "Minimization exited successfully."
20089 96 0.130899 nan nan nan nan 2.6e-05 nan nan nan nan nan nan nan nan nan nan 0 0 "No data points with S/N > 5.0. Initial guessing failed."
20093 104 0.643245 54405.75749872188 2.2328413635985453e-05 1.68600752060118 -0.34357023155117483 0.0 0.5128024269833986 8.7468112451049e-07 0.47835837521281926 0.02723154110015226 409.7562753915586 79.0 22.12237611337711 0.7714569330021561 54346.179388 54431.127543 64 40 "Minimization exited successfully."
20094 108 0.264968 54406.75078539742 2.124196862861983e-05 5.386087879955591 -0.16220645247628548 0.0 0.8224665570196521 1.5459852809670769e-06 1.6128655747771794 0.043256792066192894 110.2698605719407 104.0 22.120991908684047 0.1529160572747621 54346.192405 54433.136042 73 35 "Minimization exited successfully."
20097 96 0.219792 54408.053370764945 5.061110721494909e-05 1.3833952762334363 0.14291029789119467 0.0 0.4746340954734478 1.4073279370810541e-06 0.5001156221111169 0.02467015669589067 93.43141203901101 92.0 21.239101771931004 0.8074887357595557 54346.157477 54431.105295 65 31 "Minimization exited successfully."
20104 103 0.177037 54403.497522044614 2.3707006929408523e-05 -0.15600294496787495 0.1883539564549488 0.0 0.886617229640251 1.9028120792363104e-06 0.9878527154954531 0.06707730399549554 105.34920903059464 78.0 22.063021065804584 1.0719442020926344 54346.175417 54431.123706 65 38 "Minimization exited successfully."
20105 105 0.887231 54403.249885389145 7.544583020484606e-06 5.053442818459231 -0.37557731784066906 0.0 3.1053768660676724 1.3612145496114584e-06 2.3974989807645244 0.06131352893792818 103.12600928405531 59.0 23.25335144172195 0.17239532632526178 54346.176258 54431.124562 65 40 "Minimization exited successfully."
20106 89 0.331364 54404.42639013308 2.4031451738302267e-05 -0.6421906408436471 -0.07502385619708299 0.0 0.7838336126042122 1.6546864541695519e-06 0.7156315919462339 0.05183294296008378 70.54215974435817 85.0 22.05026387757552 1.1841124023881022 54346.254683 54433.200312 59 30 "Minimization exited successfully."
20111 93 0.242669 54410.02007553984 4.440249249552258e-05 -0.06609430514713381 0.031866183718571826 0.0 0.48833854764234275 1.3936960318546622e-06 0.5631416592615132 0.03103411297899146 75.992393532775 89.0 21.38352429074937 1.0638522545419526 54346.276133 54433.222565 65 28 "Minimization exited successfully."
20115 73 0.078565 54371.26009619426 1.5729732510919934e-05 5.9460922542331645 -0.17103745698866732 0.0 1.3311985387954337 5.643881330061689e-06 4.902809240672197 0.11626749415548977 225.84663081873708 54.0 22.42563746413955 0.12171670177867355 54357.282196 54422.242288 9 64 "Minimization exited successfully."
20124 81 0.089189 nan nan nan nan 2.4e-05 nan nan nan nan nan nan nan nan nan nan 0 0 "No data points with S/N > 5.0. Initial guessing failed."
20125 99 0.1651 54394.88283894568 0.00010334564997693583 -0.6677689290056475 0.0493661254077617 0.0 0.17792306904448196 2.057401538455731e-06 0.1948330115815701 0.01919086401707902 132.6529071074504 75.0 20.466582639084816 1.1811508946723528 54347.375083 54424.248951 51 48 "Minimization exited successfully."
20130 84 0.049493 54390.96920740742 1.4305528313200863e-05 4.588379062990947 1.0787375872208427 0.0 0.6519065647989919 1.777536807470116e-06 0.8650912233289104 0.09675396703508533 755.4038384320602 63.0 22.501193264240243 0.22729605983122525 54348.18979 54424.104195 30 54 "Minimization exited successfully."
20131 82 0.177337 54412.92038546387 2.2023345651260546e-06 10.52973790161966 1.686244126897043 0.0 1.9416114245577774 8.274933546648494e-07 2.966899899234482 0.29162808347975167 142.77111373709033 61.0 24.10386217897026 0.2607805002986652 54348.194004 54424.107651 64 18 "Minimization exited successfully."
20141 100 0.33962 54411.2332042458 2.4310334579185015e-05 -0.7307061287338208 0.07088045491026357 0.0 0.8358407031555544 1.318235613394935e-06 0.9300800676112092 0.04560642605056306 85.75726124470083 96.0 22.037721585545313 1.1926745737455775 54346.284679 54433.231513 70 30 "Minimization exited successfully."
20142 94 0.314679 54412.15605887477 4.9088412176316246e-05 1.5500303831382363 -0.09110318536360319 0.0 0.43304203545631026 1.5181862701030345e-06 0.5698548141027497 0.021592279115850786 56.15768576107784 90.0 21.272818038882377 0.7872854490063439 54348.384544 54433.303909 67 27 "Minimization exited successfully."
20144 79 0.218648 54415.65403587159 7.776960858982917e-05 -0.07113477203236085 -0.043587510986310606 0.0 0.5002989097229147 1.488183753836665e-06 0.5664901503150293 0.018049535038001958 58.12449611242373 75.0 20.77501805750284 1.0688633642764103 54348.206199 54424.118436 68 11 "Minimization exited successfully."
20150 92 0.639744 54413.90850041966 4.774883989501001e-06 14.962493331717743 -0.2138725356519979 0.0 0.9312128767633112 1.4553970593674097e-06 9.726449634665626 0.047525794801573804 247.47387846424408 72.0 23.21157188787406 0.3373521596389004 54346.227885 54433.172914 73 19 "Minimization exited successfully."
20152 82 0.293367 54406.85460737822 2.793090469003754e-05 3.873012605843297 0.2729904097787065 0.0 0.9185390833554266 1.797395010502475e-06 1.4008771611540127 0.047187193132784966 82.78644144853644 78.0 21.86405766339453 0.29852552006737554 54348.217945 54424.132939 48 34 "Minimization exited successfully."
20168 91 0.238411 54397.48189079415 1.4413508420595173e-05 5.96199358153803 -0.211450368212672 0.0 0.89314914508941 1.5810826221141841e-06 1.6915919897318814 0.08141242176200296 164.71218255477362 87.0 22.519752174153243 0.11978444930375431 54346.288647 54433.235375 46 45 "Minimization exited successfully."
20170 96 0.02607 nan nan nan nan 6e-06 nan nan nan nan nan nan nan nan nan nan 0 0 "No data points with S/N > 5.0. Initial guessing failed."
20171 162 0.23843 54404.471531214316 2.3334895278214184e-05 0.02717414919916989 0.21372109935790384 0.0 0.5179111471443321 1.068423412620166e-06 0.5394835488445201 0.039439183807812236 160.17374327146 158.0 22.07953215349122 1.0366047389154183 54346.299526 54433.247348 95 67 "Minimization exited successfully."
20172 81 0.195049 54438.745462337676 3.1363815344333993e-08 -8.472579805911757 4.56116175642354 0.0 1.2279074371945171 1.2777817218017186e-07 3.4463860942079854 2.365305774444894 174.5216611085901 77.0 28.112165807255813 2.510083987587773 54346.330127 54433.278883 81 0 "Minimization exited successfully."
20184 95 0.316413 54414.443750150574 2.4392419562477222e-05 0.09630677453685692 0.06301943439530135 0.0 1.0699081466264033 1.767271322903016e-06 1.3597132538251617 0.0539037803710136 76.10071555414632 91.0 22.033626703500712 1.0319709535235084 54346.290942 54433.237984 71 24 "Minimization exited successfully."
20185 87 0.253355 54400.05405404431 2.1642649978376664e-05 0.6611354640193225 0.050838060589587494 0.0 0.9048996478049958 1.7889860207312377e-06 1.118751481430901 0.06266447554376572 68.1648894228415 83.0 22.163139568417783 0.9319474829978596 54346.299956 54433.247378 43 44 "Minimization exited successfully."
20186 95 0.352358 54411.42511557277 2.1998293306384553e-05 0.7890524079781079 -0.10957980425817868 0.0 0.8814969511367963 1.2541193734931992e-06 0.9839886620716684 0.04292338409539277 68.6213962939097 91.0 22.144922941948156 0.9162128678262604 54346.28369 54433.230704 65 30 "Minimization exited successfully."
20208 96 0.042445 54406.78621868194 6.849879416357019e-05 -3.0134776027431007 0.23850331949395645 0.0 0.27626052467894624 2.4054513591898437e-06 0.2492519905519001 0.030150329268313257 193.5505355438872 72.0 20.91111317915752 1.7728704369098978 54346.405851 54433.330545 72 24 "Minimization exited successfully."
20211 85 0.159508 nan nan nan nan 3.6e-05 nan nan nan nan nan nan nan nan nan nan 0 0 "No data points with S/N > 5.0. Initial guessing failed."
20215 81 0.681913 nan nan nan nan 8.8e-05 nan nan nan nan nan nan nan nan nan nan 0 0 "result is NaN User function arguments:      z = +0.681913     t0 = +54426.870551     x0 = -5160237.212053     x1 = -22.326640      c = -370.523360"
20217 174 0.367196 54402.86689959571 1.680789054590585e-05 1.030996887227963 0.04139017663341356 0.0 0.8798075167978823 1.1742200314976412e-06 0.9404120267753043 0.05398773992399859 151.8554435028937 170.0 22.43734580980228 0.8693499388536452 54346.227636 54433.172868 94 80 "Minimization exited successfully."
