pipeline_outputs/sdss/salt2_2.4_4param_all.ecsv
# %ECSV 0.9
# ---
# datatype:
# - {name: cid, datatype: string}
# - {name: num_points, datatype: int64}
# - {name: z, datatype: float64}
# - {name: t0, datatype: float64}
# - {name: x0, datatype: float64}
# - {name: x1, datatype: float64}
# - {name: c, datatype: float64}
# - {name: z_err, datatype: float64}
# - {name: t0_err, datatype: float64}
# - {name: x0_err, datatype: float64}
# - {name: x1_err, datatype: float64}
# - {name: c_err, datatype: float64}
# - {name: chi, datatype: float64}
# - {name: dof, datatype: float64}
# - {name: b_max, datatype: float64}
# - {name: delta_15, datatype: float64}
# - {name: tmin, datatype: float64}
# - {name: tmax, datatype: float64}
# - {name: pre_max, datatype: int64}
# - {name: post_max, datatype: int64}
# - {name: message, datatype: string}
# meta: !!omap
# - {bounds: null}
# - {warn: false}
# schema: astropy-2.0
cid num_points z t0 x0 x1 c z_err t0_err x0_err x1_err c_err chi dof b_max delta_15 tmin tmax pre_max post_max message
679 99 0.123663 53600.61942502753 1.5599746069868605e-05 -0.8135080197364936 0.9643956727248734 0.0 3.7885096651662025 7.647048561083633e-06 0.9613488819316672 0.3080002215039841 123.73081752450125 75.0 22.46968009008402 1.140807322252968 53616.221902 53704.121861 0 99 "Minimization exited successfully."
682 173 0.047317 nan nan nan nan 2.2e-05 nan nan nan nan nan nan nan nan nan nan 0 0 "No data points with S/N > 5.0. Initial guessing failed."
688 98 0.066563 53600.31203731932 4.3280830214199206e-05 1.015185177201594 0.5326190671949138 0.0 3.4930177023234137 1.5716753590118266e-05 0.824870394578794 0.20476747119164576 168.37603515009204 75.0 21.395200117514147 0.852785912987752 53616.265664 53704.166778 0 98 "Minimization exited successfully."
691 97 0.129587 53602.23529343899 0.00018205147637972364 -0.0005819823803731999 -0.013729542830916555 0.0 1.5313173930844641 2.036839231368286e-05 0.35529052184053717 0.05864970084436151 318.63180227299165 74.0 19.851582690628952 1.0539615543261007 53616.228193 53704.128667 0 97 "Minimization exited successfully."
694 170 0.126178 53623.840828334694 0.00012671669040872224 0.8623510873694481 0.31899397386674805 0.0 0.0005490100375027396 1.6323613599692176e-06 0.14317227096968904 0.0115090333015741 931.6235881456987 131.0 20.238796116213425 0.8866528123306665 53616.230276 53705.130756 11 159 "Covariance may not be accurate."
697 200 0.155294 53606.44474882474 4.2231305248661826e-05 0.5106937498669171 0.5037110614819003 0.0 0.017744735425367253 3.934633581610637e-06 0.5604708857459856 0.06753805213665591 479.80943597180044 156.0 21.423939994147307 0.9368907880048347 53616.244046 53705.144463 0 200 "Minimization exited successfully."
701 103 0.205128 53609.93250897395 6.354746726715889e-05 -1.9257095536713333 0.17407749746834206 0.0 0.003538391854817746 4.510582683802861e-06 0.46841481753455005 0.05558033969018498 119.46348257189752 99.0 20.99361196094349 1.4591431486649356 53616.241951 53704.142421 0 103 "Covariance may not be accurate."
703 100 0.296481 53626.56786477881 3.613028215967318e-05 0.740075783981612 0.02509651946355071 0.0 0.6120645587106992 1.730971368694055e-06 0.6167420038908901 0.03746065069717876 82.33630262132147 96.0 21.606784635668177 0.9193907757227322 53616.246533 53704.147134 14 86 "Minimization exited successfully."
704 99 0.204966 53607.94138882646 4.500183787539356e-05 -0.7185276279542212 0.264744185907615 0.0 0.001542008340038592 3.533686490090089e-06 0.6203700369028504 0.04494592050351473 152.0026952805004 95.0 21.365601828261322 1.1764036601183 53616.248214 53704.148801 0 99 "Minimization exited successfully."
711 92 1.111396 53691.077389982034 8.625077061407682e-06 5.710776110754946 -0.26503058302439314 0.0 2.8664926133824338 1.919495149802562e-06 2.832981479113489 0.05176440609347597 236.72716836979802 51.0 23.086693945853355 0.13111950138147677 53616.26274 53704.163841 75 17 "Minimization exited successfully."
716 183 0.322376 53640.556657761015 8.159887899008039e-05 10.234666423563414 0.0015314305770199252 0.0 0.13332094614816015 1.2566930339426697e-06 0.2973642879505102 0.005779741484883219 2841.11042391523 179.0 20.397992163362098 0.18351668374751284 53616.287145 53705.190339 55 128 "Minimization exited successfully."
717 99 0.12901 53613.78984211811 1.4461073340748135e-05 0.1750150464839239 1.090677558020009 0.0 1.0844978802379046 1.8954701429352857e-06 0.7452068941025547 0.10454157410400214 99.39376249650269 75.0 22.537050592463103 0.9597051595206558 53616.294564 53704.196808 0 99 "Minimization exited successfully."
722 99 0.085038 53618.97962512144 0.0002837711658499003 -0.4102270248358254 0.16598593422786953 0.0 1.5000161511125043e-05 0.00027263338034712087 1.0067902105191733 0.9942631930342369 1535.7487113931954 75.0 19.36837132534357 1.121921136435521 53616.316364 53704.216903 1 98 "Covariance may not be accurate."
735 100 0.189482 53610.810967157806 6.387410742031883e-05 -2.61850101703426 0.02034180321167558 0.0 0.0013288056106830481 4.135492940863103e-06 0.437295907635171 0.06071385649120919 76.09371866989608 76.0 20.98997540003989 1.6758474719615108 53616.333922 53704.237819 0 100 "Covariance may not be accurate."
739 100 0.106421 53612.974951312135 0.0002407089526151128 -1.4732096508452024 0.06946524394000167 0.0 1.1141459253849462e-05 5.2268245541050766e-06 0.13882151734035253 0.017133886074770555 700.2157138253253 76.0 19.548835775835446 1.3573780651833154 53616.35185 53704.256563 0 100 "Minimization exited successfully."
744 97 0.12694 53613.8261908562 0.00017357817117714076 1.1876030822526744 0.12268864702450581 0.0 0.000944430834351806 4.01881745095183e-06 0.21145826907808962 0.017595168098657396 618.2866476550937 74.0 19.9014910817669 0.8403620241803793 53616.226928 53704.126985 0 97 "Covariance may not be accurate."
762 100 0.190088 nan nan nan nan 2.4e-05 nan nan nan nan nan nan nan nan nan nan 0 0 "result is NaN User function arguments:      z = +0.190088     t0 = +53722.311603     x0 = +1080862.052765     x1 = +36.614931      c = -130.462873"
764 100 0.185808 53620.99089012694 1.64633618556529e-05 10.207509668256002 0.41200738300424367 0.0 0.001312824613705743 1.6488293512988894e-06 1.8496492601953487 0.06288749192310299 112.90598917803106 76.0 22.119271936302603 0.19629379323557217 53616.360811 53704.265857 4 96 "Minimization exited successfully."
765 116 0.259902 53581.36764619738 0.0002571966296576743 0.09590443340388663 -0.47782958860602726 0.0 0.0014928180717106443 9.047997065029224e-06 0.047971733232610385 0.01103996397109312 814.364478380007 112.0 19.46494180498956 1.0577905762513318 53616.394382 53704.301532 0 116 "Minimization exited successfully."
770 90 0.041464 53618.27539044627 7.892919507974435e-07 2.440240089330903 3.1003677981111264 0.0 0.0002941400271083694 3.858529092629893e-07 0.4813489356154493 0.31123566066232633 483.89509324789697 63.0 25.217089300773953 0.5472435901994395 53616.398013 53704.304914 4 86 "Minimization exited successfully."
772 113 0.20925 53614.86336697581 2.6656298477889452e-05 2.8781125481028154 0.3213399359640894 0.0 0.009797555634577293 1.137475365484985e-06 3.850511720453083e-05 3.858482268372098e-05 215.96602790503877 109.0 21.927270666042887 0.5443574707142567 53616.399626 53704.307026 0 113 "Covariance may not be accurate."
774 112 0.092269 53614.80154662903 0.00035326538903424006 -0.49542126996097746 0.09192488060374412 0.0 0.00028842482424806803 7.323846625050077e-06 0.12019001861336014 0.014315973955094534 1513.3740895722738 85.0 19.131627183562102 1.1434489753861605 53616.381476 53704.287502 0 112 "Minimization exited successfully."
779 111 0.236938 53626.946841857316 5.545360075693478e-05 0.392395927607018 0.03786390771586126 0.0 0.3976811197862844 2.0233074860998254e-06 0.3709646038889262 0.029890979291722308 96.41205766614176 107.0 21.14187250974373 0.9796456279591723 53616.38471 53704.290891 8 103 "Minimization exited successfully."
782 107 0.131251 nan nan nan nan 4.8e-05 nan nan nan nan nan nan nan nan nan nan 0 0 "result is NaN User function arguments:      z = +0.131251     t0 = +53561.625160     x0 = -17612428.311375     x1 = -4.973566      c = -567.760513"
792 104 0.04282 53592.256658153274 0.00010157465200089339 -0.11169248210459254 0.1997065644891128 0.0 0.003003389258083189 1.665220567794095e-05 0.6052443966287032 0.10573612956588739 396.13235334126665 79.0 20.48298472656231 1.0630032418950925 53616.434617 53704.343242 0 104 "Covariance may not be accurate."
799 101 0.146407 53608.012652468584 7.27044747132218e-05 0.3323281039077577 -0.5529716271556311 0.0 1.9784912445393275 9.290152690898617e-06 0.5840046314084518 0.05366098325072185 108.2448284140784 77.0 20.83262172513663 1.0157032220304956 53616.25818 53704.159114 0 101 "Minimization exited successfully."
818 109 0.237174 53611.485045893314 3.6405575279066105e-05 -1.0527922917691757 0.18412256433216123 0.0 0.008395883127377601 nan nan 0.03857318902940671 105.55304134527685 105.0 21.597866271606684 1.2523695843747191 53616.421385 53704.329311 0 109 "Covariance may not be accurate."
822 101 0.236635 53621.57171428167 4.8903930432053387e-05 -0.6794837269230228 -0.06839331142673541 0.0 0.001808056596928509 1.9100110145113956e-06 0.4706549813582584 0.03571564167575921 119.64341014294496 97.0 21.278919949839864 1.1914521439341712 53616.421787 53704.330152 5 96 "Minimization exited successfully."
830 112 0.38623 53679.73395221619 4.455517828847301e-05 0.5878376233584199 -0.3686558809042035 0.0 0.32121024153821054 8.218890457150052e-07 0.06688063525820966 0.007053424163442062 1588.2515119019274 108.0 21.372586511963746 0.9615725002101136 53616.426207 53704.334779 79 33 "Minimization exited successfully."
841 108 0.298318 53624.96064651824 3.6642739841849005e-05 0.13115825539959589 -0.09087361111590693 0.0 0.5705705690888863 1.8858115582795664e-06 0.619106262397562 0.03457451032344713 80.93284375736482 104.0 21.591633033114558 1.0332525988752295 53616.443061 53704.352405 5 103 "Minimization exited successfully."
859 96 0.276728 53624.42735660717 4.5918219691086716e-05 0.43831337342275223 0.032241785817881355 0.0 0.627118648346368 1.63794688854095e-06 0.49083716183077053 0.032655477806977584 105.32645593594802 92.0 21.346722617175722 0.971748044637252 53616.285913 53704.188235 7 89 "Minimization exited successfully."
863 97 0.092949 53625.71730742802 1.6167731854674254e-05 5.895135375755317 0.8554845642985022 0.0 0.8938785568934691 1.937918154508963e-06 0.8013983249231259 0.0881708147906376 271.5187133349619 73.0 22.34126642446281 0.15620572637843821 53616.297451 53704.199788 9 88 "Minimization exited successfully."
875 101 0.104044 53589.36794936932 1.4822389977295601e-06 3.45671871544011 3.1135714537737527 0.0 1.7890492836231715 1.2018759472072139e-06 2.1145573868430017 0.4623409443364652 1045.7302933422159 77.0 24.50941226778945 0.30978012610095007 53616.259017 53704.159957 0 101 "Minimization exited successfully."
879 91 0.451353 53656.24023371552 8.086987446696184e-05 0.7526711444375104 -0.3879620793532505 0.0 0.1357483384635998 1.1192606424619828e-06 0.023188956419131643 0.004124606394267353 5446.5064089249645 87.0 20.72447619876791 0.9327630453604847 53616.271455 53704.173235 39 52 "Minimization exited successfully."
893 103 0.108834 53620.21564885865 5.8537922658758754e-05 -1.19104894896576 0.08653425945449522 0.0 0.48121002644256805 2.4695569045650286e-06 0.4312567972449404 0.040154729127159006 136.2051487771675 79.0 21.08369577346283 1.2907477042241275 53616.32699 53704.230537 5 98 "Minimization exited successfully."
895 100 0.266814 53611.92114697127 2.6242314830256456e-05 1.1962784806240152 0.31090999489222804 0.0 0.00014827296763542108 3.099445116992831e-06 1.1130948592588248 0.08452270681078823 134.58720117948127 96.0 21.94831090084233 0.8321586132182546 53616.348201 53704.253128 0 100 "Covariance may not be accurate."
896 98 0.423446 53652.54046386243 2.8748748320439892e-05 0.6513924837773993 -0.4157401299810909 0.0 0.48530279458282166 9.604418011985747e-07 0.038139244118999126 0.00926463814605553 1182.2047498790337 94.0 21.846364491305632 0.9518515412419042 53616.350236 53704.255256 34 64 "Minimization exited successfully."
904 104 0.383892 53621.7592446611 2.7756291973198172e-05 0.5851319884553079 -0.2706267447321618 0.0 1.1883733946124266 1.4697564086927643e-06 0.30608751484935864 0.027225446662670776 78.53655025165887 100.0 21.889592404783254 0.9583157804593938 53616.369321 53704.275234 5 99 "Minimization exited successfully."
907 92 0.105466 53643.05126110512 3.256774305040641e-05 6.745620957127041 0.9923423169708032 0.0 0.0011171667028975207 1.6227177451517955e-06 0.34391636351553095 0.04313743846230601 1724.1046986560355 64.0 21.52319768967533 0.14115083600101386 53616.398831 53704.305729 27 65 "Covariance may not be accurate."
910 98 0.147747 53615.866038292435 6.355832815711614e-05 0.46743612349153335 0.37363886470780305 0.0 0.001283564830373507 2.7520232237690815e-06 0.3893518207067475 0.03427195046200082 274.01069165345774 74.0 20.986259076713402 0.9506115277728 53616.33353 53704.237346 0 98 "Covariance may not be accurate."
911 112 0.206325 53621.796313268176 3.6563086930154144e-05 -0.3614058495593717 0.2352987713291779 0.0 0.7394676479561895 2.2842146107701223e-06 0.7063003603388913 0.0492224144633854 111.52635518855541 108.0 21.591661326795247 1.1080700021018615 53616.416953 53704.324712 5 107 "Minimization exited successfully."
921 224 0.125781 53601.18838851904 1.2556691098090591e-05 4.549594429828519 0.9556232385914568 0.0 0.0033552103086549323 2.1179153678614673e-06 1.0856683764406099 0.1143060393470056 549.2150814250006 175.0 22.659416998742948 0.22853379565959386 53616.457475 53705.367973 0 224 "Minimization exited successfully."
930 179 0.288698 nan nan nan nan 4.5e-05 nan nan nan nan nan nan nan nan nan nan 0 0 "result is NaN User function arguments:      z = +0.288698     t0 = +53586.982414     x0 = +4768968.444980     x1 = +243.603816      c = +400.535941"
932 112 0.390036 53618.75313984992 2.2591751819374718e-05 3.645894553082245 0.034903468149600124 0.0 1.650533280277159 2.253939262988832e-06 1.3673076835672258 0.05964588909694853 131.7561066206862 108.0 22.10515752670983 0.33653230743337303 53616.38915 53704.295563 5 107 "Minimization exited successfully."
938 109 0.760567 53721.5088999953 1.9242933130572225e-05 0.6455311913445011 -0.4605911494219959 0.0 0.4799554836281459 3.6909876055965583e-06 0.03631792972706876 0.03876212514174042 940.424607810513 84.0 22.280258936689343 0.9545083245515009 53616.411727 53704.319218 109 0 "Minimization exited successfully."
979 99 0.291144 53619.272188532916 2.6293464438373187e-05 -0.39575005983317757 0.17511435099657677 0.0 2.1401829211354197 2.052835459777836e-06 1.5322472317591445 0.07445713212446504 105.32660087528933 95.0 21.95099616351035 1.1185233204544822 53616.247361 53704.148008 5 94 "Minimization exited successfully."
983 98 0.067238 53626.8278600725 1.791012600508356e-05 6.186565949447007 1.1999351172530557 0.0 0.0027472294896142557 2.2262849731802874e-05 1.444422190068055 0.9642352665976568 330.02401485866267 73.0 22.17097665214812 0.15898978909519457 53616.269781 53704.17114 13 85 "Covariance may not be accurate."
986 93 0.279009 53619.31411154305 2.9878000297207674e-05 0.13771482435995921 0.02714721610298856 0.0 1.6568552639837435 1.707023315858374e-06 1.0494808692651003 0.05210658674601083 70.78923620931872 89.0 21.813544543761537 1.026190728617216 53616.292499 53704.194686 5 88 "Minimization exited successfully."
1000 109 0.128293 53611.907380823235 0.0001257806946386784 -1.785039372253755 0.0015252631694109868 0.0 0.0010085213434649631 3.531572090775244e-06 0.21234159390821622 0.025819835454480553 217.61507587893954 83.0 20.253964986429036 1.440834888629027 53616.374975 53704.28122 0 109 "Covariance may not be accurate."
1008 110 0.225039 53623.32296611819 7.327805851769755e-05 0.2990126446374861 -0.024969177090262383 0.0 0.42992934473295463 2.9596388918101787e-06 0.4389930098065291 0.03336769387857252 150.3384538402306 106.0 20.839407035274743 0.9993201238027147 53616.388725 53704.295625 5 105 "Minimization exited successfully."
1027 106 0.185416 nan nan nan nan 1.5e-05 nan nan nan nan nan nan nan nan nan nan 0 0 "No data points with S/N > 5.0. Initial guessing failed."
1031 226 0.114804 53610.72756003935 3.7956306877215595e-05 -0.2812436082049564 0.7742216368332079 0.0 0.0009998511959565803 2.4229486626194283e-06 0.33605347336675423 0.04900705612506596 474.44886477260854 176.0 21.521788271685622 1.0575901863274026 53616.436217 53705.3458 0 226 "Minimization exited successfully."
1032 105 0.129033 53626.50334711332 0.00010494265761796227 -2.632463799962709 0.10208043932944298 0.0 0.15118864709074842 2.656388726998864e-06 0.1633312308477769 0.023678547614266188 145.87875011581596 81.0 20.450326556976492 1.66906680846321 53616.438624 53704.347453 8 97 "Minimization exited successfully."
