pipeline_outputs/sdss/salt2_2.4_4param_blue.ecsv
# %ECSV 0.9
# ---
# datatype:
# - {name: cid, datatype: string}
# - {name: num_points, datatype: int64}
# - {name: z, datatype: float64}
# - {name: t0, datatype: float64}
# - {name: x0, datatype: float64}
# - {name: x1, datatype: float64}
# - {name: c, datatype: float64}
# - {name: z_err, datatype: float64}
# - {name: t0_err, datatype: float64}
# - {name: x0_err, datatype: float64}
# - {name: x1_err, datatype: float64}
# - {name: c_err, datatype: float64}
# - {name: chi, datatype: float64}
# - {name: dof, datatype: float64}
# - {name: b_max, datatype: float64}
# - {name: delta_15, datatype: float64}
# - {name: tmin, datatype: float64}
# - {name: tmax, datatype: float64}
# - {name: pre_max, datatype: int64}
# - {name: post_max, datatype: int64}
# - {name: message, datatype: string}
# meta: !!omap
# - {bounds: null}
# - {warn: false}
# schema: astropy-2.0
cid num_points z t0 x0 x1 c z_err t0_err x0_err x1_err c_err chi dof b_max delta_15 tmin tmax pre_max post_max message
[from data line 1810]
16715 41 0.208678 54057.075626012906 1.6725902288050817e-05 6.934228436893657 -0.05362728544952701 0.0 1.9784763723000651 2.0095186847907146e-06 3.7635580201898198 0.09545800153916513 18.510774416713396 37.0 22.313818621416928 0.09561256659450379 53975.187759 54068.114439 32 9 "Minimization exited successfully."
16721 42 0.365735 54055.14247608838 1.6929127629109277e-05 0.9675326553546553 -0.011390332684173549 0.0 1.655865838038153 1.4819958174126625e-06 1.7356824592941724 0.0954812412755996 32.354390055259074 38.0 22.429712626321706 0.8819801028846044 53975.209503 54068.136717 30 12 "Minimization exited successfully."
16722 43 0.343417 54061.06811357122 2.3925458954190857e-05 -0.46460078269845473 -0.056822046509102546 0.0 2.711206748870609 1.930748258674272e-06 3.0183382090401696 0.11665295493054093 59.00222677595505 39.0 22.055074142019645 1.1466088715929743 53975.175992 54068.102921 37 6 "Minimization exited successfully."
16727 44 0.259215 54051.10983128779 1.830335094556298e-05 -0.38870014794301594 0.2692679225368074 0.0 1.4725519424500817 2.0001884642769467e-06 1.232244623996347 0.15364483989834712 34.64690708130925 40.0 22.34203952174333 1.1111365956142762 53975.24317 54068.171861 32 12 "Minimization exited successfully."
16734 64 0.188717 54062.866750614114 1.616967009024337e-05 4.886567531936385 0.10455692684626743 0.0 2.0702595055299753 1.9957770183992976e-06 3.1098089883874045 0.11899681329312399 53.18950404832938 60.0 22.43222057042609 0.19242565225766128 53974.205996 54063.128265 61 3 "Minimization exited successfully."
16735 60 0.198998 54064.275318721106 4.719187028472628e-05 -1.3179578160218195 0.13555319789749948 0.0 1.2612574155282346 1.962692846158972e-06 1.174817354621765 0.05468211352622329 47.95443472848789 56.0 21.317080825696806 1.3153204608816615 53989.225467 54063.140263 60 0 "Minimization exited successfully."
16737 61 0.1988 54068.83779971254 8.473244023591025e-05 -0.4215148285377191 -0.02132184511977741 0.0 1.1289929558079166 4.5077987700559845e-06 0.8176267964998595 0.0477711419048027 42.03446643420313 57.0 20.68219703870398 1.1358009119210983 53989.160994 54063.093546 61 0 "Minimization exited successfully."
16739 88 0.264252 54050.22321559541 3.34532744443077e-05 1.074449273698766 -0.009699265743895085 0.0 0.5564688639678934 1.306270135450347e-06 0.5822466298630141 0.043720047049957377 108.10856150491011 84.0 21.690098279432085 0.863882111453087 53974.196395 54068.121699 62 26 "Minimization exited successfully."
16740 61 0.219969 54068.67513853573 5.775201538966787e-05 -0.1718857363552015 -0.009574822637684999 0.0 2.3120326551907056 3.733691318092793e-06 1.8251538887077405 0.045217067847467846 62.03009293959348 57.0 21.098263829380386 1.0862593495971637 53989.206537 54063.120951 61 0 "Minimization exited successfully."
16744 36 0.334112 54063.0530585676 2.1417769363801795e-05 1.234885076078041 -0.13990651731830117 0.0 2.3572293645302125 2.3249921221521015e-06 2.1110085158138516 0.08265128746659711 27.48759624780269 32.0 22.173139693606498 0.8412896824515315 53989.406982 54065.335753 34 2 "Minimization exited successfully."
16748 65 0.230679 54068.39315461385 4.935101807536562e-05 1.9235439213115277 0.033037917453270234 0.0 2.7147717077605193 3.793648244752241e-06 2.5686111685609054 0.04870157507395872 65.45638904153014 61.0 21.266800764290316 0.7221980938062913 53977.377854 54063.250991 65 0 "Minimization exited successfully."
16756 40 0.297752 54064.47995448792 3.5862367976518156e-05 -3.3111254605829052 -0.0033224226891212737 0.0 1.0056726866096142 2.5393125971441072e-06 0.9263516356787209 0.07078953565885816 30.565322268336274 36.0 21.616972801189537 1.9242499957844998 53989.235106 54063.150163 40 0 "Minimization exited successfully."
16758 38 0.324882 54059.87787517099 2.4469130757124362e-05 -1.5080357511707334 -0.1018943249428362 0.0 1.3895931923798344 1.739301092654299e-06 1.859726679977787 0.07774644938600644 20.967818724888588 34.0 22.030880806454437 1.3811994909084433 53989.260598 54063.176296 34 4 "Minimization exited successfully."
16761 62 0.420061 54056.982043710144 1.9108702844937145e-05 -3.305790694246455 -0.11689225942916777 0.0 1.0469201234918728 1.201871059041118e-06 1.1035953346351248 0.07229568146981263 66.98574942281783 58.0 22.299915523038933 1.94293898888305 53974.318944 54063.240829 53 9 "Minimization exited successfully."
16768 64 0.16765 54048.83982381316 1.9124118553486545e-05 -3.1034107329701777 0.7054135934813424 0.0 0.7946243974329263 2.1217663521147523e-06 0.8103962738518354 0.12773301706527238 61.58783045326712 60.0 22.27295569244307 1.7225711270017925 53974.199712 54063.121867 46 18 "Minimization exited successfully."
16774 56 0.213813 54072.04729046832 7.016992483579009e-05 1.1163202119587174 -0.08239714931654671 0.0 1.1230767540328088 4.543136674629286e-06 1.026514436039446 0.05813979071186881 51.70972111085922 52.0 20.885460818796826 0.8593512359045015 53989.407373 54065.336234 56 0 "Minimization exited successfully."
16776 37 0.265165 54068.04002677416 3.352646302744806e-05 0.7390925764564046 0.06523894324448544 0.0 2.5415945094391645 2.462257818960547e-06 2.2432612935864826 0.06742452708569593 21.629175400184877 33.0 21.687785119554206 0.9179297974167611 53989.275588 54063.191665 37 0 "Minimization exited successfully."
16779 62 0.399071 54053.46246138555 1.7897815673917093e-05 0.0790035238766072 -0.05753025281154023 0.0 2.0292283107191906 1.7105408404729537e-06 1.7506255697130255 0.11427415790531123 35.933004259002516 58.0 22.36987684889463 1.0413151581734148 53989.434382 54065.364334 51 11 "Minimization exited successfully."
16781 39 0.328287 54059.59882542971 1.928769725060299e-05 1.151608013325622 0.038051051582429926 0.0 1.9687664862904057 1.7107312545892006e-06 2.1366117208428674 0.10468886769931161 28.807398342847115 35.0 22.287820813111708 0.8492962139997111 53989.452459 54065.383141 35 4 "Minimization exited successfully."
16788 42 0.24843 54060.90083596763 2.567271450256381e-05 -4.7739373559646054 0.07240007063030232 0.0 0.8197365569503745 1.4111226210448798e-06 1.2030220494271164 0.09225494001062504 41.16732384787231 38.0 21.97997153251435 2.709679688878186 53974.332797 54063.255277 40 2 "Minimization exited successfully."
16789 37 0.324037 54056.88251465665 1.981695670997082e-05 -0.13667631519522885 0.07750888981568058 0.0 1.9344993281520146 1.6605412933379592e-06 1.6540414615083534 0.12437010566574543 20.080902029783186 33.0 22.25920980307815 1.0746613828101097 53989.430355 54065.360159 32 5 "Minimization exited successfully."
16790 64 0.891845 54077.3671587554 9.988893766688463e-06 11.36284268264795 -0.2647700605926832 0.0 1.0266122950379213 4.810934235360646e-06 8.027374518500647 0.057313868363520405 115.49556730126672 60.0 22.610813467127787 0.21554329932203586 53975.189024 54068.115306 64 0 "Minimization exited successfully."
16793 57 0.220585 54069.07195251779 6.730392142620438e-05 -0.5040207401185278 0.006556622510034395 0.0 1.7517220499976247 4.825518270482746e-06 1.2425535238084058 0.046692388973733324 36.30444947571958 53.0 20.93227229238901 1.1506135233281434 53996.220341 54068.141887 57 0 "Minimization exited successfully."
16794 46 0.320268 54070.19207871346 2.3108136802110286e-05 6.061127644537217 0.1318608857756752 0.0 1.3806668368342798 5.622328609359739e-06 3.699257082094544 0.06663194756310836 32.87196653243977 42.0 21.99843734647716 0.1260412488611493 53975.235695 54068.16375 46 0 "Minimization exited successfully."
16831 68 0.44442 54056.87535249349 1.499340295860383e-05 -3.144389629590859 -0.1477044160067746 0.0 1.1589697520939808 1.0542282074003e-06 1.2775447277534648 0.07238428585528378 71.025145145507 64.0 22.562804470258037 1.8845532669689504 53975.235715 54068.163707 53 15 "Minimization exited successfully."
16836 41 0.329563 54068.66786677589 3.235765378319745e-05 0.21774024557948685 -0.17344249816509977 0.0 1.5097580120745988 2.540799666672407e-06 1.159018334390887 0.055641526074752756 24.522311218785653 37.0 21.725516453721042 1.0210963119187042 53990.358901 54068.268809 41 0 "Minimization exited successfully."
16840 67 0.165025 54070.601185706546 4.878972062290899e-05 1.400485463725352 -0.22213700699900166 0.0 1.0385534466840909 2.3048834432979188e-06 1.023187143696413 0.03911772981478157 87.92851482191126 63.0 21.27756055426545 0.8160033325216887 53994.481926 54068.385866 67 0 "Minimization exited successfully."
16842 8 0.075195 nan nan nan nan 1.4e-05 nan nan nan nan nan nan nan nan nan nan 0 0 "No data points with S/N > 5.0. Initial guessing failed."
16847 41 0.275642 54067.48950138983 3.7298097163687084e-05 1.814764843395869 0.035388536290541166 0.0 2.3107010700805404 3.907046893112982e-06 2.3148255045190287 0.08111160141101931 51.33417248936877 37.0 21.570986252272952 0.7400718458950877 53975.282736 54062.223514 41 0 "Minimization exited successfully."
16849 69 0.159415 54059.89929710677 3.552197667824886e-05 -3.210240581586943 -0.31264672246154096 0.0 0.4407025276632339 1.4157337983454857e-06 0.7942220567712023 0.07792346967386565 100.08611984678083 65.0 21.62269543525148 1.938425936046599 53975.405192 54068.331896 59 10 "Minimization exited successfully."
16857 64 0.074543 54067.682396511955 0.00016223179621072882 -3.3524216907954556 -0.30345302979232286 0.0 0.13521511150247534 2.5447373826728366e-06 0.14090138729752918 0.028799370496763115 416.5994195082317 60.0 19.97393069365942 1.996367262038241 53989.438849 54068.353723 63 1 "Minimization exited successfully."
16867 43 0.117205 54063.86141398287 8.490014870685188e-05 -4.347960572187824 -0.4239605063616077 0.0 0.3454122788607492 3.2064164624379314e-06 0.3719273151073554 0.0370814271009403 65.26275594087662 39.0 20.673205876627037 2.578453678818839 53975.322029 54068.242822 41 2 "Minimization exited successfully."
16872 40 0.119828 54069.43637774547 0.00010041594631584337 -2.01109469901903 0.14187473664282838 0.0 0.8260460251767654 9.337021001417033e-06 0.5223064604244229 0.12360117972741094 32.13613697136674 36.0 20.49743571175497 1.4850332448110102 53989.221234 54063.134293 40 0 "Minimization exited successfully."
16874 60 0.742396 54034.90474202952 6.5691794675216045e-06 14.286224694297736 -0.6069421294204385 0.0 1.2603476796175528 1.307122661783349e-06 3.9210272607713703 0.1135492314925566 104.64991330731979 56.0 22.890603212026903 0.30571433830582606 53989.235525 54063.149762 33 27 "Minimization exited successfully."
16875 59 0.210719 54069.0792810687 5.4303711350027126e-05 -1.9520125663513415 0.10720744996641134 0.0 0.9472470083710505 5.4373097707424634e-06 0.6261770310330071 0.08890924644412176 59.50330839588267 55.0 21.16531808320945 1.473072573214342 53989.241807 54063.157019 59 0 "Minimization exited successfully."
16879 61 0.212987 54052.37173979132 1.9418097304017646e-05 -2.0168253669089196 0.045043637844034555 0.0 1.1882702785478614 1.4909566572570065e-06 1.061579212036791 0.11541399602202523 45.82369350541342 57.0 22.28243793641002 1.4970249213979798 53989.224627 54063.139406 48 13 "Minimization exited successfully."
16881 38 0.255089 54064.88875275112 2.1169799552324895e-05 1.205529974728311 -0.06253502738684463 0.0 2.8129191683801764 1.8451052748203675e-06 2.6258405873702055 0.08586266980080749 37.06132850980437 34.0 22.186592915244194 0.8437010815931352 53989.256024 54063.171113 38 0 "Minimization exited successfully."
16885 66 0.220177 54065.125525222655 1.709678485743109e-05 -3.603652500599102 0.5459363156215019 0.0 1.5559139855540707 2.42422226487508e-06 1.7160788771849291 0.20171400943097723 95.63757881897746 62.0 22.40541216890335 1.9275452541230464 53974.325891 54063.248028 66 0 "Minimization exited successfully."
16886 57 0.212485 54069.48917709643 7.272190976908607e-05 -1.0904905196455754 0.041031592376502744 0.0 0.8327410418496584 4.4590089374989716e-06 0.5602274327710394 0.04637038661070114 91.89339943741714 53.0 20.848409775696247 1.2719871319468794 53989.331304 54063.249306 57 0 "Minimization exited successfully."
16889 40 0.254535 54052.422831162985 1.895491898325634e-05 -4.887469447829462 0.19340462993589472 0.0 0.8508082185326202 1.4610101129635484e-06 1.0847667878520386 0.13511914486481041 27.364768810885785 36.0 22.30759290502233 2.7448523610586406 53989.222102 54063.136849 32 8 "Minimization exited successfully."
16890 112 0.202979 54067.48469421571 1.0484957232673779e-05 8.285080966222443 0.5129517924850152 0.0 1.2996362167177722 2.8051555219246412e-06 4.821625959750552 0.1100336851825552 166.56872862953415 108.0 22.719842006174172 0.13275346600113025 53975.213243 54068.137285 111 1 "Minimization exited successfully."
16894 36 0.289415 54063.20320509851 2.0310142653275687e-05 -1.3137822250017095 0.06798470724357718 0.0 1.830207312872517 1.7716658683781587e-06 1.8704218418525296 0.11541167405220858 36.84891120595905 32.0 22.233224412833565 1.3202126484188454 53989.464089 54065.394807 34 2 "Minimization exited successfully."
16897 56 0.556001 54052.977790006065 9.387308164091911e-06 7.690323905380601 -0.3169793710157366 0.0 0.9745588987025258 1.2305966819718132e-06 1.981028656782474 0.028015764852957373 343.3500488104808 52.0 22.90247116776097 0.08672664101268879 53989.352574 54063.271425 44 12 "Minimization exited successfully."
16899 37 0.274324 54067.33743475841 2.9805011845571667e-05 -0.4061385520539822 -0.08207775150067077 0.0 1.5766161597784958 2.1790061658882187e-06 1.4889088326305306 0.07498127602361157 20.076638811786044 33.0 21.816301525545523 1.1363820002640743 53989.45366 54065.384406 37 0 "Minimization exited successfully."
16924 59 0.222291 54073.942674522106 9.143597616900227e-05 0.23897509064862366 -0.12798691419984268 0.0 1.38862380601131 1.0858021096433933e-05 0.9132084455476985 0.04994871414326605 73.10582598410772 55.0 20.59833278084777 1.01507450830767 53989.294657 54063.211308 59 0 "Minimization exited successfully."
16938 37 0.380051 54065.513896980956 1.1622547720983582e-05 9.22506808167511 -0.04859904671616252 0.0 2.460033305647812 3.4676358911546414e-06 6.10820296777161 0.07455770633061617 44.509476402768236 33.0 22.578331323332176 0.14218441202761767 53989.278497 54063.194645 37 0 "Minimization exited successfully."
16941 62 0.19255 54060.5082825078 2.088512514541354e-05 -1.6897386101753877 0.3654294857278716 0.0 2.8384766519302502 1.4414933315842674e-06 3.176349378774742 0.11045104711800452 50.82985392374437 58.0 22.196151620345766 1.3806261679191145 53974.295681 54063.216449 59 3 "Minimization exited successfully."
16952 69 0.234005 54064.751346972545 1.9470816842872298e-05 -2.663664423610897 -0.38150233082409624 0.0 0.7388715263914492 1.8012077022343503e-06 0.8581638436696138 0.058490510664386854 106.94578296641572 65.0 22.272916565809652 1.74476676783868 53975.233212 54068.161594 66 3 "Minimization exited successfully."
16953 44 0.337707 54062.75653691036 2.001062051856134e-05 0.356441425597846 -0.09036726500820917 0.0 2.027918948300794 1.879860831109796e-06 2.212761224906998 0.08986951796349485 38.794781502985956 40.0 22.24829096591342 0.9919280412172 53975.334173 54068.257354 42 2 "Minimization exited successfully."
16956 39 0.107743 54064.80119721973 6.0219446522762864e-05 -3.097873831745589 0.30796276066813205 0.0 1.2854826602560934 6.715300899833713e-06 1.2284320750311342 0.23882091444845047 86.84966027767226 35.0 21.04898114051408 1.7900611608186097 53994.137752 54068.066663 38 1 "Minimization exited successfully."
16962 44 0.117817 nan nan nan nan 2.3e-05 nan nan nan nan nan nan nan nan nan nan 0 0 "No data points with S/N > 5.0. Initial guessing failed."
