pipeline_outputs/sdss/salt2_2.4_4param_blue.ecsv
# %ECSV 0.9
# ---
# datatype:
# - {name: cid, datatype: string}
# - {name: num_points, datatype: int64}
# - {name: z, datatype: float64}
# - {name: t0, datatype: float64}
# - {name: x0, datatype: float64}
# - {name: x1, datatype: float64}
# - {name: c, datatype: float64}
# - {name: z_err, datatype: float64}
# - {name: t0_err, datatype: float64}
# - {name: x0_err, datatype: float64}
# - {name: x1_err, datatype: float64}
# - {name: c_err, datatype: float64}
# - {name: chi, datatype: float64}
# - {name: dof, datatype: float64}
# - {name: b_max, datatype: float64}
# - {name: delta_15, datatype: float64}
# - {name: tmin, datatype: float64}
# - {name: tmax, datatype: float64}
# - {name: pre_max, datatype: int64}
# - {name: post_max, datatype: int64}
# - {name: message, datatype: string}
# meta: !!omap
# - {bounds: null}
# - {warn: false}
# schema: astropy-2.0
cid num_points z t0 x0 x1 c z_err t0_err x0_err x1_err c_err chi dof b_max delta_15 tmin tmax pre_max post_max message
[from data line 274]
3087 62 0.164306 53649.02484283539 0.00012525144357559612 0.6731248281169263 0.014496218120116559 0.0 0.1425274020548386 2.3364043980008405e-06 0.20156199646614428 0.015262154804160785 56.367788527111124 58.0 20.257090819255072 0.9313822636397262 53616.367708 53704.273079 23 39 "Minimization exited successfully."
3092 47 0.113517 nan nan nan nan 1.8e-05 nan nan nan nan nan nan nan nan nan nan 0 0 "No data points with S/N > 5.0. Initial guessing failed."
3150 79 0.33168 53634.039153515536 1.775352046791469e-05 0.05576436160024385 -0.09841504453256777 0.0 0.8618744106242957 1.6467691230188075e-06 1.0560189424802642 0.07578350001810143 50.45435977157169 75.0 22.378374597720807 1.0477149827944352 53616.24155 53705.143178 13 66 "Minimization exited successfully."
3159 34 1.537698 53687.53098070567 1.467126615889995e-05 5.510970173636342 -0.15605254651821207 0.0 2.2151312963214878 4.1987939924110835e-06 3.230612812844406 0.07473976254154162 77.35275230087119 30.0 22.518215064321442 0.14532407956466287 53622.238752 53705.124788 30 4 "Minimization exited successfully."
3161 40 0.370041 53643.03135246713 1.6997021103447166e-05 -2.835027564905062 0.09222096474543315 0.0 1.3635440575453686 2.0391814061559883e-06 1.0721453685948459 0.15118206093728254 26.751316314049603 36.0 22.426952177850062 1.7358564248707964 53623.187532 53704.097053 10 30 "Minimization exited successfully."
3172 74 0.315382 53620.453106083 2.204619159062925e-05 -2.5189975425391533 0.14224177551277273 0.0 0.02610786133664078 1.6101299441010708e-06 1.0862194563592364 0.10552969729938995 70.30158065479552 70.0 22.143792935559258 1.6287625150079919 53616.248201 53705.146605 1 73 "Covariance may not be accurate."
3175 67 0.220288 53630.36552478788 3.690511233403342e-05 1.665613281347411 -0.15369918745517724 0.0 0.5814193756668828 2.1860190150797396e-06 0.6459822942320189 0.04763156870666031 73.40981682152741 63.0 21.58162835123194 0.7698804807476627 53616.433033 53704.341501 8 59 "Minimization exited successfully."
3180 60 0.245505 53642.126227184475 2.926335962466591e-05 -0.712780362712456 0.4276659994555983 0.0 0.7430653138690104 1.5104671590282072e-06 0.5857021515143931 0.08195114301896914 70.1523936050474 56.0 21.826834120692805 1.1632620363097956 53616.331478 53704.235245 18 42 "Minimization exited successfully."
3193 60 0.528563 53638.4096228959 1.4952457041645303e-05 -2.1320532037325295 -0.5237794379704511 0.0 0.4618468287480937 1.3606136250554012e-06 0.2242641534120872 0.022100663225520546 255.65246719635135 56.0 22.553030770124543 1.590732386955004 53623.222036 53704.132157 15 45 "Minimization exited successfully."
3195 41 0.298507 53637.20471709661 3.2289000206451184e-05 -1.937502029169542 -0.10863588765041243 0.0 0.5492178456952388 1.7407788453051353e-06 0.6425071995721702 0.06436498499539774 40.686466352527916 37.0 21.72991384975123 1.4922465524810598 53616.33556 53704.239936 9 32 "Minimization exited successfully."
3199 77 0.249612 53647.30604311905 4.008942178298985e-05 1.4726155920225141 0.1472818386115615 0.0 0.3850431782884698 1.4362166222359432e-06 0.37861964771711226 0.03960991423032743 65.24661263496748 73.0 21.491964697963553 0.7927662160238462 53616.238193 53705.139814 23 54 "Minimization exited successfully."
3203 60 0.695643 nan nan nan nan 0.000197 nan nan nan nan nan nan nan nan nan nan 0 0 "No data points with S/N > 5.0. Initial guessing failed."
3206 110 0.415501 53584.51814109076 9.375842288757521e-05 0.6452124215674626 -0.5070837051047629 0.0 2.5069234851653164 1.0834197429627739 0.9999085044025283 1.0843597892674781 260.21698196591603 106.0 20.558648186586357 0.9561973176748175 53616.349008 53705.254829 0 110 "Covariance may not be accurate."
3225 44 0.34057 53632.019465172445 2.1675575433205122e-05 0.07223721843926997 0.0327416689783407 0.0 1.2979436761452234 2.0530753679664764e-06 1.105208936253601 0.08609397453925478 35.49274434922575 40.0 22.162021132288842 1.0379746802760152 53616.375795 53704.281613 6 38 "Minimization exited successfully."
3241 34 0.257823 53646.971929663516 4.739187573532468e-05 0.9154236648002201 -0.09734155781579461 0.0 0.3953872736383346 1.973655249937269e-06 0.4243647246332379 0.04558424414270352 29.520302251579043 30.0 21.311644595954622 0.8939954449643928 53622.193232 53705.080721 12 22 "Minimization exited successfully."
3246 30 0.336281 53638.97077575986 9.280429807602565e-06 21.086650722732156 -0.01881296797263369 0.0 1.1681475707773643 2.8433769700820282e-06 8.365039690167537 0.07068331503143072 61.542807720859045 26.0 22.206383119849594 0.5116594938816554 53622.208874 53705.096105 10 20 "Minimization exited successfully."
3248 34 0.650291 53646.38527577437 4.7729182354399394e-06 49.76958508663153 -0.032411534885144394 0.0 0.5993949247567798 3.1517969608894164e-06 37.09203722905154 0.092731287324875 147.88539136765326 30.0 22.12426351696278 0.9234292357885678 53622.210563 53705.095328 10 24 "Minimization exited successfully."
3256 31 0.106938 53652.56588018205 0.00022688716790328874 -0.6878688035541413 0.08536864522884378 0.0 0.30532458926245454 1.053598227669331e-05 0.19091124515765753 0.08800380237880398 36.66544276140654 27.0 19.612524769828823 1.1828272501251575 53622.241677 53705.128203 9 22 "Minimization exited successfully."
3265 20 1.828339 nan nan nan nan 0.00051 nan nan nan nan nan nan nan nan nan nan 0 0 "No data points with S/N > 5.0. Initial guessing failed."
3271 62 0.625249 53677.63248723387 1.0540316643947945e-05 5.3646232880762925 -0.316645869582729 0.0 0.35090267463601776 1.036214721292465e-06 2.022844001647754 0.02797636076334289 301.82376763590196 58.0 22.88092367791249 0.15107848567240012 53616.329016 53704.232717 47 15 "Minimization exited successfully."
3293 45 0.131102 53613.81653607622 8.780840369207939e-07 -0.3705076987990545 15.945040172943294 0.0 0.0071906651864992455 1.6745143128200512e-06 1.9974411543177253 6.231706171967503 35.264395149815556 41.0 15.327025898729081 0.48832451440432934 53616.421018 53704.327253 0 45 "Covariance may not be accurate."
3294 38 0.121619 nan nan nan nan 2.9e-05 nan nan nan nan nan nan nan nan nan nan 0 0 "result is NaN User function arguments:      z = +0.121619     t0 = +53694.496948     x0 = -18838588.452748     x1 = -156.180207      c = -286.189610"
3317 64 0.159901 53646.42765590437 0.00011895110220830342 -0.3919529621889158 -0.00031431307301437936 0.0 0.17404192558387876 2.0477576701596603e-06 0.19371343506211244 0.015956328853860283 59.26473758111423 60.0 20.313893654423467 1.1286481665100112 53616.385498 53704.2918 22 42 "Minimization exited successfully."
3329 42 0.121793 53639.142051921386 3.987668500693096e-05 -2.058796923129848 -0.45424520337248453 0.0 0.6276367659484094 1.7297466564047966e-06 0.6501642182436959 0.048649024962046546 77.2668357824528 38.0 21.491303705718646 1.5619091509392682 53616.404912 53704.310405 8 34 "Minimization exited successfully."
3331 70 0.212097 53649.888241783214 5.9369560022631486e-05 -0.1732060658085169 0.10504390595826096 0.0 0.26846785091765923 2.3497581359905964e-06 0.3419590714752421 0.03537604916563842 58.960135985507065 66.0 21.067637953457492 1.0800183713493752 53616.405671 53704.313359 22 48 "Minimization exited successfully."
3341 66 0.430018 53639.234991856356 1.5292966661830553e-05 2.030833213707215 -0.014375150728286693 0.0 1.7724869646845036 1.0806115825321003e-06 1.153222807188984 0.06498448088296138 45.46698917355617 62.0 22.538700236085283 0.7056167553752886 53616.419354 53704.327268 10 56 "Minimization exited successfully."
3368 46 0.376543 53632.77736544017 2.379136461224051e-05 1.5359239431655847 -0.10184151479218431 0.0 1.0355700869658904 1.90741345383121e-06 1.0414043870871845 0.058650856525823386 33.55708875901915 42.0 22.059132307685335 0.789933010050369 53616.432204 53704.341158 6 40 "Minimization exited successfully."
3372 108 0.156478 53636.82362797801 5.902826674029803e-06 14.798783939108471 0.7505087201690951 0.0 0.9876476612662373 8.528131732715207e-07 3.2082040245487473 0.11793732804592058 107.67263300338693 104.0 22.9395105760411 0.36863968967597316 53622.196609 53705.084168 26 82 "Minimization exited successfully."
3377 60 0.244478 53646.018609025814 6.461758807455414e-05 1.1240521182048138 -0.012132029990357793 0.0 0.33399676434419234 1.6279014515211364e-06 0.3193104826583101 0.02520964444233395 63.07944414484432 56.0 20.975265791931697 0.855642635533556 53616.45826 53704.367961 18 42 "Minimization exited successfully."
3391 59 0.809285 53648.19086913981 2.416751351674376e-06 21.034228737315807 -0.7083263433181279 0.0 1.1314464478455193 1.025142140021469e-06 10.238477891891048 0.09999458574324312 100.84457820858124 55.0 23.6548956045341 0.4906545146317356 53623.210293 53704.119289 18 41 "Minimization exited successfully."
3400 56 0.177075 53644.3986225232 1.2353199197444736e-05 4.221906360176217 0.6139412392735589 0.0 1.3228818493553263 3.207281857290245e-06 3.0227576505730034 0.19622344776475958 52.32993995270269 52.0 22.721164411656417 0.2569044020400071 53622.248812 53705.1368 15 41 "Minimization exited successfully."
3403 55 0.465775 53682.484369436585 4.945503871568617e-06 10.729259167607314 -0.3555397994995362 0.0 1.6003336521753226 1.0543970189740898e-06 3.8153403894484197 0.050363104144114955 147.74750862752273 51.0 23.41134462994991 0.1905875746701433 53622.251742 53705.139798 43 12 "Minimization exited successfully."
3426 59 0.231166 53590.15160365055 0.0011245049657983928 -5.002763468667557 0.0669762480113351 0.0 0.2475395488909271 4.354493570741557e-05 0.06558611556719277 0.01625422964790327 484.85284938984853 55.0 17.876352389276025 2.9141363912915246 53622.275533 53705.164216 0 59 "Minimization exited successfully."
3451 41 0.248351 53645.280056771444 6.371420679966883e-05 0.7949430149005 -0.06578597026538707 0.0 0.3187675799999852 1.8382533214695049e-06 0.332498018833694 0.03168372825266858 40.79503895654152 37.0 20.99067654621919 0.9135196180945115 53616.240284 53704.141136 13 28 "Minimization exited successfully."
3452 62 0.229666 53648.37603660382 7.308380911366003e-05 0.8442454754677672 -0.055184961158561106 0.0 0.27401813255710294 1.8974738112791516e-06 0.268661659193298 0.02410821087985416 54.81715775547522 58.0 20.84173116568987 0.9046309654399955 53616.24361 53704.14285 20 42 "Minimization exited successfully."
3475 39 0.299548 53642.211023125914 2.3119396203559246e-05 -3.9830694291968474 -0.15315699846426697 0.0 0.9225862327220966 1.8051350881854353e-06 0.6305969806917541 0.09183267208450573 55.25329197417806 35.0 22.092832150107302 2.267834410187831 53616.316796 53704.216446 13 26 "Minimization exited successfully."
3479 40 0.252419 nan nan nan nan 5.9e-05 nan nan nan nan nan nan nan nan nan nan 0 0 "No data points with S/N > 5.0. Initial guessing failed."
3480 58 0.17373 nan nan nan nan 2.9e-05 nan nan nan nan nan nan nan nan nan nan 0 0 "No data points with S/N > 5.0. Initial guessing failed."
3488 62 0.15883 53645.74686134239 4.97001466679318e-05 -0.6554378565601651 0.20586541227861366 0.0 0.40504858900385443 2.0893446235922245e-06 0.4675319196260216 0.05020342403640616 67.50203918803203 58.0 21.259235160014647 1.1678643373768907 53623.172749 53704.082438 18 44 "Minimization exited successfully."
3497 57 0.165352 53647.83954462576 2.5486472388779528e-05 2.1720824765066045 -0.004344885268114394 0.0 0.8513605761800136 2.0494447680180863e-06 1.0047651208785993 0.08881204441122821 81.96804888042217 53.0 21.98389389467372 0.6816804420791911 53623.211115 53704.11923 17 40 "Minimization exited successfully."
3508 60 0.495076 53644.387945308146 2.4469135601437965e-05 0.5234754380942934 -0.10903731406207809 0.0 0.7366802046853991 1.249434073269506e-06 0.5838398051244007 0.032392057934149024 44.91968337285123 56.0 22.02958143869402 0.9627874946604855 53616.355115 53704.259936 21 39 "Minimization exited successfully."
3514 40 0.26267 53652.368985245295 4.92754247252873e-05 4.391586682425044 0.09297565461903909 0.0 0.3454931932137697 1.8943623861854068e-06 0.49735133855023395 0.03248422956863322 87.96120144109092 36.0 21.238674675950776 0.2376108967591719 53616.293349 53704.195463 16 24 "Minimization exited successfully."
3517 40 0.11202 53645.434670897484 2.852688824032606e-05 6.46747909207369 -0.3305888637709162 0.0 1.1680198378962814 4.162577985177563e-06 2.3458453866613884 0.04309820574162517 69.15395945076924 36.0 21.755927892230943 0.09557511142789821 53616.302827 53704.203591 16 24 "Minimization exited successfully."
3527 65 0.418798 53636.24878415078 1.2806689234601408e-05 3.9662688540562905 0.10745697599570508 0.0 1.61331334978604 1.2862181552579575e-06 1.8742878447905476 0.10891839542483688 57.98291965596376 61.0 22.712836272120306 0.2877770737386065 53616.413332 53704.321342 10 55 "Minimization exited successfully."
3532 64 0.181326 nan nan nan nan 2.1e-05 nan nan nan nan nan nan nan nan nan nan 0 0 "No data points with S/N > 5.0. Initial guessing failed."
3535 45 0.307551 53638.44100356773 2.7686953028496942e-05 0.4602846510801825 0.0030936927734389738 0.0 0.9130292078662023 1.7465573956349703e-06 0.9171333503610021 0.06884660285717163 23.30086038778734 41.0 21.896048954638655 0.9691609794114591 53616.431417 53704.339853 8 37 "Minimization exited successfully."
3565 39 0.288229 53645.49847770241 3.888252307358327e-05 -1.0235209451948302 -0.1925620897899946 0.0 0.45509886988293147 1.8925030581981824e-06 0.46112697157839 0.04648086027539542 20.916051241543688 35.0 21.52650210663225 1.274668556985059 53623.309648 53704.222456 14 25 "Minimization exited successfully."
3572 62 0.432606 53601.61389986737 4.4958000756017535e-05 0.3332491233012711 -0.6915974655935908 0.0 2.009618856081943 1.025062962672901 0.9999972044802798 1.0256187623473434 484.4035734365117 58.0 21.345895079924645 1.02071125151598 53616.327795 53704.23142 0 62 "Covariance may not be accurate."
3573 60 0.214527 53616.536942030594 2.2278574523373987e-05 2.7774108641718813 0.06138899372182033 0.0 0.007935390680358978 2.439629449906985e-06 1.5587536838275264 0.11644604799806105 74.24562455789152 56.0 22.12804000862345 0.5717126234096135 53616.328204 53704.231847 2 58 "Covariance may not be accurate."
3592 39 0.085433 53645.038852237754 0.0005241908643206158 -0.17053051529530366 0.0018728957479953972 0.0 0.061532102819910506 5.54723576165528e-06 0.08848421659775885 0.01135502211404064 144.02111703647088 35.0 18.703455202143367 1.0853600195106132 53616.365695 53704.269318 15 24 "Minimization exited successfully."
3593 42 0.35505 53626.00607072174 2.2232940282548068e-05 1.0389933882689317 -0.06593674023613025 0.0 1.1925961611741513 2.0321198357068114e-06 1.237210754516986 0.08099374830937767 40.626503616351016 38.0 22.133543611319165 0.8718414041433356 53616.365659 53704.271018 2 40 "Minimization exited successfully."
3596 37 0.116969 nan nan nan nan 1.3e-05 nan nan nan nan nan nan nan nan nan nan 0 0 "No data points with S/N > 5.0. Initial guessing failed."
3607 40 0.087854 53641.99933479169 1.1794283456222442e-05 24.612010951520496 -0.3024791074065305 0.0 0.7495204361548531 4.342382451931256e-06 12.610271382316313 0.09580085131276221 69.84924931539811 36.0 21.810627887946296 0.5800309093645808 53622.278853 53705.165946 10 30 "Minimization exited successfully."
3611 73 0.091615 53649.62662368636 1.5946280476767757e-05 13.887583592475682 -0.23560971073465672 0.0 0.0006972251285333186 2.289827266235763e-06 2.9361245705026398 0.06545866689362535 166.25724199089615 69.0 21.959174275399707 0.3023607894774898 53616.303222 53705.204887 24 49 "Minimization exited successfully."
3644 62 0.214418 nan nan nan nan 8e-05 nan nan nan nan nan nan nan nan nan nan 0 0 "No data points with S/N > 5.0. Initial guessing failed."
3723 16 2.118006 nan nan nan nan 0.000676 nan nan nan nan nan nan nan nan nan nan 0 0 "No data points with S/N > 5.0. Initial guessing failed."
