results/band_fits/with_ext/des_sn3yr_mcmc_fit_class.ecsv
# %ECSV 0.9
# ---
# datatype:
# - {name: obj_id, datatype: string}
# - {name: x, datatype: float64}
# - {name: y, datatype: float64}
# schema: astropy-2.0
obj_id x y
01248677 -271.8807272727273 -60.43831417624521
01250017 40.27090909090907 374.80693693693695
01253039 -4.2780000000000005 -0.3817647058823528
01253101 -3.7302777777777765 -2.7975000000000003
01253920 -52.448454545454545 -7.8267500000000005
01255502 -212.9325 -220.79909523809525
01257366 -3.8249494949494953 -3.812080200501253
01257695 -26.2811111111111 -2.411318518518513
01258906 -2.5244090909090913 -2.3655454545454546
01258940 -2.30117496807152 -0.5235376756066411
01259412 637.604705882353 5.627777777777773
01261579 1177.0860714285714 818.3584821428572
01262214 89.59882456140352 nan
01262715 -44.016195652173906 -14.113333333333335
01263369 -13.76452380952381 -1.9185714285714286
01263715 -28.18944055944056 -2.135714285714286
01275946 -117.73799999999999 -13.701930147058825
01279500 -22.641180555555554 -45.319628482972135
01280217 18.7925 -1.14264367816092
01281668 -9.018071895424836 -1.1013998613998612
01281886 -14.562733077905492 -6.5748778103616825
01282736 -0.4242083333333331 0.16695833333333354
01283373 -18.037166666666668 -11.38401856763926
01283878 -2.611931818181818 -0.46386363636363637
01283936 -2.0975152571926765 -4.632514705882353
01285160 -2.8391570541259985 -1.3134761904761905
01285317 -1.5332968835429195 -0.8071645021645022
01286398 -9.774500000000002 -8.105525210084032
01287626 -19.372 -14.462571428571428
01289288 9.113781979977755 2.6896749226006187
01289555 9.771705685618727 10.836037151702786
01289600 -3.6628000000000003 -5.922681481481481
01289656 -1.298763888888889 -0.16918128654970754
01289664 -5.2995 -7.764855172413792
01290779 -3.308705882352941 -2.8055727554179564
01290816 -25.471160714285713 -32.956785714285715
01291080 -0.6114116379310346 -0.08060606060606057
01291090 -31.25509090909091 24.867694235588974
01291794 24.268649940262844 2.9456426332288403
01291957 -12.262747826086954 -10.866397515527952
01292145 8.281555555555556 6.626397058823531
01292195 -1.4214710221285567 nan
01292332 -4.438888888888889 -3.052431077694236
01292336 3.254777777777778 -2.8793233082706773
01292560 -12.177019607843139 -16.9096066252588
01293319 -10.962500000000002 -13.896190476190478
01293758 -50.33678571428571 180.76966666666667
01294014 -7.793263888888888 -9.361212121212123
01294743 -2.127291666666667 -4.023032581453634
01295027 -0.8118242491657397 -0.5956041666666666
01295256 69.75452305246422 35.89052380952381
01295305 -3.0380542986425336 -6.328303571428571
01295921 -0.5260357142857144 -0.7110000000000001
01296273 40.759038461538466 30.632874074074074
01296321 -5.7677272727272735 -9.30300646551724
01296657 -159.545 12.691602870813398
01297026 16.01204545454545 -2.403664596273292
01297465 92.27841137123747 299.3425
01298281 -2.5592869565217393 -3.634052173913044
01298893 -inf 36.28284615384615
01299643 -24.524734299516908 -10.484637681159422
01299775 -4.543 -3.200320366132723
01299785 0.9838690476190473 6.765297619047621
01300516 -5.71791304347826 -4.6529395604395605
01300912 -5.6906608695652166 -7.63423076923077
01301933 -25.04962121212121 -39.78553043478261
01302058 6.509888888888888 -5.83996794871795
01302141 -0.2977868338557993 -0.37414285714285733
01302187 -4.458256410256411 -2.9395130434782613
01302523 -4.873333333333334 -2.5272348484848486
01302648 -14.419107551487414 2.0649650349650344
01303004 54.80869855394883 -6.9128142380422695
01303279 -10.828333333333333 0.43683076923077024
01303496 -13.978666666666667 -5.955630434782609
01303883 148.18488320355954 38.162555147058825
01303952 -1.4441843971631207 -0.27562499999999995
01304127 1.173094339622642 4.54640522875817
01304442 -29.093333333333334 -8.604166666666666
01304678 16.313636363636363 9.026209523809525
01305504 59.8404732142857 -1.5408333333333333
01305626 -12.6607867494824 -15.421055555555558
01306029 -1.6216827586206901 -1.1042110762800421
01306073 -8.4092 -5.325949656750573
01306141 4.584807692307692 3.571807407407407
01306360 3.636653771760155 -0.4332026143790849
01306390 2.1717032967032965 1.689010989010989
01306537 -2.723574468085107 -1.0786928104575164
01306626 -3.7737803320561936 -0.9508333333333332
01306785 -1.6065555555555555 -0.6007142857142858
01306980 -0.15377358490566007 -0.055714285714285716
01306991 -0.8684983314794218 -0.2257380254154448
01307277 -1.120785185185185 -0.35785317018909896
01307830 -7.077651515151515 -1.2144871794871794
01308314 -3.510192307692307 -2.5323809523809526
01308326 -10.952060439560439 -6.639718518518519
01308568 5.535693196405649 8.643125
01308582 -3.612277432712215 -0.6949679487179485
01308884 -193.83642857142857 -23.709633620689658
01308957 -0.4442383720930234 -0.134945054945055
01309288 -14.682916666666667 -2.3845
01309492 808.1343478260869 211.74692307692305
01309749 -3.369608628659476 nan
01310338 -3.393989898989899 -1.0104166666666667
01310395 83.46553001277138 110.52664112388253
01312274 -1.7095238095238097 -0.3812121212121213
01313594 -19.05288888888889 -9.129227272727272
01314897 -6.857318295739349 -5.847246376811594
01315192 -22.75766666666667 -14.799861111111111
01315259 -13.208923076923076 -12.44638888888889
01315296 -2.9538333333333338 -0.9769423558897243
01316385 -53.17033333333333 74.50066666666666
01316431 -130.14410714285717 -55.13015217391304
01316437 -0.6213262599469498 -0.7785714285714287
01316465 -108.07776785714286 -38.89956862745098
01317164 103.85380952380953 -2.394125
01317277 -2.6862907268170426 -1.954472049689441
01317286 -39.317894736842106 -10.300342105263159
01317454 2.3960434782608697 4.815535714285714
01317666 -13.019428571428572 -648.2766353383458
01319366 -8.60985507246377 -12.662355555555557
01319821 -5.290784313725491 -3.0680555555555555
01320166 -7.951555555555556 -0.8214999999999999
01322229 -8.108769230769232 -1.9124999999999999
01322979 25.92633333333333 -7.262142857142857
01324542 38.18759868421053 26.05785714285714
01325358 102.96020833333333 nan
01327978 -5.631339285714286 -1.184070512820513
01328066 0.37535929345644314 4.315222222222223
01328105 6.9686499215070645 7.032131578947369
01329166 -3.2361025145067703 -1.2089523809523812
01329196 -1.795878653348132 42.01401960784314
01329312 51.79314393939393 17.406817391304347
01329615 -2.070474074074074 -0.5145037037037037
01330031 -117.37699999999998 -113.61634146341463
01330426 -49.033205128205125 31.530934065934062
01330642 -4.446559691912709 -4.8926923076923075
01330903 -0.6462545454545455 -0.26041666666666674
01331123 105.01464285714286 1.1432619047619048
01331993 -1.5498717948717948 -0.3163636363636364
01332059 -6.454361883153716 -1.8014583333333332
01332413 18.229266936299293 21.99133333333333
01333246 -0.4151108870967739 2.462307692307692
01333438 23.31554865424431 -0.19966666666666666
01334084 -14.762500000000001 -9.08938947368421
01334087 494.30500000000006 76.57238095238094
01334302 -1.0727272727272728 -0.053333333333333344
01334423 -6.65344696969697 -2.5147348484848484
01334448 4.897799145299145 1.3237820512820515
01334470 -0.8165656565656563 3.0233333333333334
01334597 -124.7835294117647 -43.100992647058824
01334620 -2.9835454545454545 -2.171294642857143
01334644 32.885252173913045 18.345238095238095
01334645 -7.698777777777777 -6.941818181818181
01334707 -4.33104621309371 -1.3112820512820513
01334879 15.170767857142854 38.98494505494505
01335472 -1.7451508620689649 19.15
01335564 -0.8728060413354535 12.491090909090909
01335694 -42.53300699300699 -16.570089285714285
01335717 -26.523045454545457 -14.267268170426066
01335718 -4.516215277777778 -3.2227272727272727
01335868 1.338016688061617 1.495769230769231
01336008 11.780748847926267 -2.6605454545454545
01336009 -3.7645454545454546 -1.2782205513784461
01336453 -189.201 -38.22579411764706
01336480 -15.16767676767677 -2.8746666666666663
01336687 -8.521403508771932 -16.339603174603177
01337117 -6.904765886287625 -1.88875
01337221 9.99607142857143 3.4499999999999997
01337228 -0.08510368663594492 -0.7997272727272727
01337272 -1.8842857142857143 -0.9678571428571427
01337325 9.83523148148148 -0.1069444444444444
01337649 4.086833333333338 117.00533333333333
01337655 -8.279285714285713 nan
01337687 -36.48225 -28.480140350877193
01337703 -2.613533653846154 -1.29925
01337838 -22.31348717948718 -17.731435897435897
01338128 -3.678809523809524 4.025625000000001
01338170 25.305892857142855 29.285347222222224
01338233 6.766481481481481 3.3841666666666668
01338266 -0.735411320754717 -0.1542397660818714
01338278 -0.5991666666666664 -0.3405357142857144
01338387 -6.497751196172248 -1.5816666666666666
01338430 28.701602870813403 35.91761904761905
01338471 -0.5053846153846154 -0.21416666666666673
01338675 -33.16979797979798 -18.3315873015873
01339002 -3.4504895104895104 -1.7452380952380953
01339149 -2.198235294117647 -1.6533333333333333
01339392 6.219999999999999 0.011057692307693046
01339450 -0.3332891246684351 -0.3724444444444446
01340454 -8.24625 -3.903076923076923
01341370 -14.386500000000002 -3.1952499999999997
01341894 -11.39875 -2.633333333333332
01342255 -41.38314285714285 -58.5975
01343208 -6.62827731092437 -5.527666666666667
01343337 -7.388989898989898 -1.548166666666667
01343401 -11.448333333333332 -4.256666666666667
01343533 0.4099999999999997 6.213
01343759 -37.00895833333333 -0.029999999999999805
01343871 -8.385277777777778 -3.356666666666667
01344692 -2.3537500000000002 -0.05374999999999991
01345553 2.153333333333336 29.24833333333333
01345582 -7.004999999999999 -2.9616666666666664
01345594 -8.103142857142858 -0.125
01346137 143.62208333333334 64.48208333333334
01346387 -15.556161616161619 -4.3369841269841265
01346956 -51.221666666666664 -6.993333333333333
01346966 155.92916666666665 -4.341666666666667
