results/band_fits/with_ext/des_sn3yr_mcmc_fit_fits.ecsv
# %ECSV 0.9
# ---
# datatype:
# - {name: obj_id, datatype: string}
# - {name: message, datatype: string}
# - {name: band, datatype: string}
# - {name: source, datatype: string}
# - {name: pre_max, datatype: int64}
# - {name: post_max, datatype: int64}
# - {name: vparams, datatype: string}
# - {name: c, datatype: float64}
# - {name: mwebv, datatype: float64}
# - {name: z, datatype: float64}
# - {name: t0, datatype: float64}
# - {name: amplitude, datatype: float64}
# - {name: x1, datatype: float64}
# - {name: c_err, datatype: float64}
# - {name: mwebv_err, datatype: float64}
# - {name: z_err, datatype: float64}
# - {name: t0_err, datatype: float64}
# - {name: amplitude_err, datatype: float64}
# - {name: x1_err, datatype: float64}
# - {name: chisq, datatype: float64}
# - {name: ndof, datatype: float64}
# - {name: b_max, datatype: float64}
# - {name: delta_15, datatype: float64}
# meta: !!omap
# - band_names: !!python/tuple [des_sn3yr_g, des_sn3yr_r, des_sn3yr_i, des_sn3yr_z, des_sn3yr_y]
# - lambda_eff: !!python/tuple [5270, 6590, 7890, 9760, 10030]
# - {fit_func: mcmc_fit}
# - {out_path: /global/u1/d/djp81/Photometric-Classification/results/band_fits/with_ext/des_sn3yr_mcmc_fit_fits.ecsv}
# schema: astropy-2.0
obj_id message band source pre_max post_max vparams c mwebv z t0 amplitude x1 c_err mwebv_err z_err t0_err amplitude_err x1_err chisq ndof b_max delta_15
[from data line 464]
01293758 NONE des_sn3yr_g sn91bg 4 6 amplitude,x1,c 0.15370048049009896 0.007273051743118576 0.1472 2456913.4881164813 4.970858184293214e-16 1.093768859846301 0.12399648371361235 "" "" "" 1.3560378355847624e-16 0.017292978472611742 364.38 7.0 -19.15 1.568
01293758 NONE des_sn3yr_i sn91bg 0 1 amplitude,x1,c 0.5287055948594626 0.007273051743118576 0.1472 2456913.4881164813 4.608195459748515e-16 0.8767398503545104 0.27513455147624033 "" "" "" 1.945136945345632e-16 0.15823932575196148 0.14 -2.0 -18.14 1.819
01293758 NONE des_sn3yr_r sn91bg 2 5 amplitude,x1,c 0.5535965853748684 0.007273051743118576 0.1472 2456913.4881164813 3.26618275600429e-16 1.1931016085890267 0.29147760001927814 "" "" "" 7.781812438177658e-17 0.032625226165330784 7.53 4.0 -17.99 1.486
01293758 NONE des_sn3yr_z sn91bg 3 14 amplitude,x1,c 0.45749805609138594 0.007273051743118576 0.1472 2456913.4881164813 1.3891151653193124e-16 1.2361045186386004 0.28668136550039713 "" "" "" 1.1110762273166461e-17 0.012784128696977674 147.41 13.0 -17.28 1.455
01294014 NONE all hsiao_x1 9 30 t0,amplitude,x1 "" 0.04642599927390243 0.3627 2456920.7505887356 2.471107917791048e-05 0.12875226570918563 "" "" "" 2.967122079977081 2.8176127349123918e-05 0.1834352108848329 846.3 34.0 -18.56 0.864
01294014 NONE des_sn3yr_g hsiao_x1 2 9 amplitude,x1 "" 0.04642599927390243 0.3627 2456920.7505887356 3.672342481923207e-05 0.05341072683409983 "" "" "" "" 1.2135817261906871e-06 0.07419059227457062 4.63 8.0 -19.42 0.967
01294014 NONE des_sn3yr_i hsiao_x1 2 7 amplitude,x1 "" 0.04642599927390243 0.3627 2456920.7505887356 3.834711397938972e-05 0.06649870424084241 "" "" "" "" 9.393497245315995e-07 0.05865411218834355 15.81 7.0 -19.51 0.948
01294014 NONE des_sn3yr_r hsiao_x1 3 10 amplitude,x1 "" 0.04642599927390243 0.3627 2456920.7505887356 3.756376236314798e-05 0.13178816214159325 "" "" "" "" 6.570799223356173e-07 0.05339772399855316 18.34 10.0 -19.47 0.86
01294014 NONE des_sn3yr_z hsiao_x1 2 4 amplitude,x1 "" 0.04642599927390243 0.3627 2456920.7505887356 3.9189838203814334e-05 0.08414492662158266 "" "" "" "" 2.6127433037146655e-06 0.09722957582709973 6.91 4.0 -19.56 0.923
01294014 NONE all sn91bg 10 29 t0,amplitude,x1,c 0.03087389599012272 0.04642599927390243 0.3627 2456925.931420924 5.2835941563871326e-17 1.134923125932395 0.0410949099521226 "" "" 1.4989169013348829 9.122081554990154e-18 0.14479146088716652 323.61 33.0 -19.19 1.533
01294014 NONE des_sn3yr_g sn91bg 2 9 amplitude,x1,c 0.652420066787421 0.04642599927390243 0.3627 2456925.931420924 5.029913862683045e-16 1.0626741267827096 0.2520370194589076 "" "" "" 2.8701967011289747e-16 0.09266116065779956 62.15 7.0 -20.38 1.596
01294014 NONE des_sn3yr_i sn91bg 2 7 amplitude,x1,c 0.5670887968127593 0.04642599927390243 0.3627 2456925.931420924 5.89054492112809e-17 1.2344901747449013 0.2917983778108465 "" "" "" 1.3560136923176321e-17 0.014024870994690847 71.23 6.0 -18.35 1.456
01294014 NONE des_sn3yr_r sn91bg 4 9 amplitude,x1,c 0.5277422410849183 0.04642599927390243 0.3627 2456925.931420924 1.1127250757783616e-16 1.2166710683521456 0.2917861943304005 "" "" "" 4.5244477680897507e-17 0.02854736301289031 82.96 9.0 -19.1 1.469
01294014 NONE des_sn3yr_z sn91bg 2 4 amplitude,x1,c 0.5771427388750527 0.04642599927390243 0.3627 2456925.931420924 7.649476067562052e-17 1.142891806631669 0.2869734235669376 "" "" "" 2.2817607690488738e-17 0.07827244891103285 31.61 3.0 -18.54 1.527
01294743 NONE all hsiao_x1 7 40 t0,amplitude,x1 "" 0.02217226855616595 0.3126 2456913.911734339 1.5458811846221576e-05 -0.15101324916616177 "" "" "" 2.4701141401551077 3.0321262865502375e-05 0.12232249462246744 2046.78 44.0 -17.17 1.351
01294743 NONE des_sn3yr_g hsiao_x1 1 10 amplitude,x1 "" 0.02217226855616595 0.3126 2456913.911734339 2.461055918370771e-05 0.22530880106915152 "" "" "" "" 1.1111479506782027e-06 0.13798611680731987 10.33 9.0 -18.17 0.752
01294743 NONE des_sn3yr_i hsiao_x1 2 9 amplitude,x1 "" 0.02217226855616595 0.3126 2456913.911734339 3.556626689463512e-05 -0.045964070327314255 "" "" "" "" 9.716137163420816e-07 0.07320024775803895 4.01 9.0 -18.97 1.131
01294743 NONE des_sn3yr_r hsiao_x1 1 10 amplitude,x1 "" 0.02217226855616595 0.3126 2456913.911734339 3.246391798777181e-05 -0.11214992800321026 "" "" "" "" 1.336477856056032e-06 0.08942844101610445 2.69 9.0 -18.78 1.264
01294743 NONE des_sn3yr_z hsiao_x1 3 11 amplitude,x1 "" 0.02217226855616595 0.3126 2456913.911734339 3.737192001765051e-05 0.03244609503385556 "" "" "" "" 8.487953114878508e-07 0.06370729705616962 11.19 12.0 -19.08 0.998
01294743 NONE all sn91bg 7 40 t0,amplitude,x1,c 0.025916772213830642 0.02217226855616595 0.3126 2456912.8436859637 2.8217824826710533e-17 1.2264233782631189 0.05211942608383272 "" "" 0.6244609222501927 1.8465658876077885e-18 0.04208704475826432 290.76 43.0 -18.22 1.462
01294743 NONE des_sn3yr_g sn91bg 1 10 amplitude,x1,c 0.4605952532737636 0.02217226855616595 0.3126 2456912.8436859637 1.9422747729898556e-16 1.189257797656526 0.26411853857294876 "" "" "" 1.4265474991907783e-16 0.05215914718875409 36.13 8.0 -19.44 1.489
01294743 NONE des_sn3yr_i sn91bg 2 9 amplitude,x1,c 0.5409916831827883 0.02217226855616595 0.3126 2456912.8436859637 4.4160258392512836e-17 1.2204660626564643 0.29825354738375637 "" "" "" 9.895613803342781e-18 0.026707327630231134 21.76 8.0 -17.7 1.466
01294743 NONE des_sn3yr_r sn91bg 1 10 amplitude,x1,c 0.5184594792285634 0.02217226855616595 0.3126 2456912.8436859637 8.766101460673635e-17 1.1925309047829615 0.28569349416083767 "" "" "" 3.09817001365411e-17 0.042101756191719 9.48 8.0 -18.46 1.487
01294743 NONE des_sn3yr_z sn91bg 3 11 amplitude,x1,c 0.5439135336114895 0.02217226855616595 0.3126 2456912.8436859637 3.068550573656214e-17 1.2348720461684544 0.28444444919432355 "" "" "" 4.978987073559597e-18 0.013757070540448979 68.43 11.0 -17.31 1.456
01295027 NONE all hsiao_x1 12 59 t0,amplitude,x1 "" 0.024035123480582527 0.4254 2456910.720880868 -1.2072463917587785e-05 -0.08997592825603616 "" "" "" 1.4318235800299803 2.7950204484489574e-05 0.0766041410170811 829.03 68.0 -17.41 1.217
01295027 NONE des_sn3yr_g hsiao_x1 3 14 amplitude,x1 "" 0.024035123480582527 0.4254 2456910.720880868 -2.767210605346519e-05 -0.12816549149552267 "" "" "" "" 2.8539659000685306e-06 0.12565137944170024 3.75 15.0 -19.22 1.299
01295027 NONE des_sn3yr_i hsiao_x1 3 14 amplitude,x1 "" 0.024035123480582527 0.4254 2456910.720880868 -2.9972656318121748e-05 -0.04430821229275612 "" "" "" "" 1.116235590552915e-06 0.09413527630700481 3.71 15.0 -19.39 1.128
01295027 NONE des_sn3yr_r hsiao_x1 3 15 amplitude,x1 "" 0.024035123480582527 0.4254 2456910.720880868 -3.06791004527936e-05 -0.05810262222288161 "" "" "" "" 1.0904097356656457e-06 0.06475883619465633 10.71 16.0 -19.44 1.154
01295027 NONE des_sn3yr_z hsiao_x1 3 16 amplitude,x1 "" 0.024035123480582527 0.4254 2456910.720880868 -3.019232450062203e-05 0.012306152007908217 "" "" "" "" 1.21032852555812e-06 0.09780373863769067 6.66 17.0 -19.4 1.03
01295027 NONE all sn91bg 12 59 t0,amplitude,x1,c 0.020144781920792405 0.024035123480582527 0.4254 2456910.901523745 2.455955550753013e-17 1.195750563109052 0.02458846280685487 "" "" 0.9739856810496237 2.2098562245045042e-18 0.07038726933749635 186.93 67.0 -18.84 1.484
01295027 NONE des_sn3yr_g sn91bg 3 14 amplitude,x1,c 0.632908273113315 0.024035123480582527 0.4254 2456910.901523745 5.592291925484717e-16 0.9502718177069474 0.26870960262601273 "" "" "" 4.621109890980944e-16 0.18946655073969781 15.98 14.0 -20.85 1.72
01295027 NONE des_sn3yr_i sn91bg 3 14 amplitude,x1,c 0.5996317977993117 0.024035123480582527 0.4254 2456910.901523745 4.61592192221198e-17 1.1867477888633369 0.2853035990339062 "" "" "" 1.1821644228086214e-17 0.05566381054459637 7.25 14.0 -18.4 1.491
01295027 NONE des_sn3yr_r sn91bg 3 15 amplitude,x1,c 0.6017943007111042 0.024035123480582527 0.4254 2456910.901523745 1.2724262421902023e-16 1.2135653403983238 0.27414256350316946 "" "" "" 5.3422580348195763e-17 0.036183362975199675 21.09 15.0 -19.52 1.471
01295027 NONE des_sn3yr_z sn91bg 3 16 amplitude,x1,c 0.5205055928809664 0.024035123480582527 0.4254 2456910.901523745 2.5689540180325678e-17 1.1764684166701884 0.28778030713082364 "" "" "" 5.331212593863602e-18 0.06264269234710078 20.34 16.0 -17.89 1.499
01295256 NONE all hsiao_x1 14 46 t0,amplitude,x1 "" 0.007914813511442671 0.4425 2456927.879388967 -1.4014040527518965e-07 0.0008249914149071439 "" "" "" 1.0298925224688338 2.9165185522555065e-05 0.07338548764964951 3797.05 57.0 -7.84 1.049
01295256 NONE des_sn3yr_g hsiao_x1 3 12 amplitude,x1 "" 0.007914813511442671 0.4425 2456927.879388967 1.1289790811473209e-05 -0.038166194009952366 "" "" "" "" 2.5766073087173277e-05 0.08956277830958005 345.03 13.0 -17.37 1.117
01295256 NONE des_sn3yr_i hsiao_x1 4 12 amplitude,x1 "" 0.007914813511442671 0.4425 2456927.879388967 -1.1515605362702214e-05 -0.14586847794340493 "" "" "" "" 2.1296539990201595e-05 0.2969793623947813 946.69 14.0 -17.41 1.339
01295256 NONE des_sn3yr_r hsiao_x1 3 9 amplitude,x1 "" 0.007914813511442671 0.4425 2456927.879388967 -3.163915476241133e-08 -0.002369493321212753 "" "" "" "" 3.033055404909353e-05 0.048470348173127814 1446.85 10.0 -4.61 1.054
01295256 NONE des_sn3yr_z hsiao_x1 4 13 amplitude,x1 "" 0.007914813511442671 0.4425 2456927.879388967 5.768759332819266e-06 -0.10356457846683395 "" "" "" "" 2.8521019698965603e-05 0.05723541846858894 555.19 15.0 -15.91 1.245
01295256 NONE all sn91bg 10 50 t0,amplitude,x1,c 0.0807862073477661 0.007914813511442671 0.4425 2456926.7081758864 4.033807036674922e-17 0.8861276842840432 0.12415918602253005 "" "" 0.5855872062534861 1.1201533434925993e-17 0.16671697011707007 655.96 56.0 -19.12 1.806
01295256 NONE des_sn3yr_g sn91bg 2 13 amplitude,x1,c 0.44007195429413926 0.007914813511442671 0.4425 2456926.7081758864 3.2528873065092156e-16 0.8615864766866395 0.24517268278698978 "" "" "" 2.289833851800888e-16 0.15194718935735058 62.14 12.0 -20.66 1.842
01295256 NONE des_sn3yr_i sn91bg 3 13 amplitude,x1,c 0.4941170326661178 0.007914813511442671 0.4425 2456926.7081758864 4.0816899033314156e-17 1.2339603242302914 0.2820688137636916 "" "" "" 1.0370739394405704e-17 0.015037191580223578 37.13 13.0 -18.59 1.457
01295256 NONE des_sn3yr_r sn91bg 2 10 amplitude,x1,c 0.5519420488727811 0.007914813511442671 0.4425 2456926.7081758864 1.0405858534181514e-16 1.2198240195768764 0.25584437144659844 "" "" "" 4.306885964880696e-17 0.029873384237887112 45.6 9.0 -19.5 1.467
01295256 NONE des_sn3yr_z sn91bg 3 14 amplitude,x1,c 0.5515397807771831 0.007914813511442671 0.4425 2456926.7081758864 2.5759877737090736e-17 1.182386982588588 0.2885549751615198 "" "" "" 5.242143736490716e-18 0.0502045599226739 15.71 14.0 -17.95 1.495
01295305 NONE all hsiao_x1 10 53 t0,amplitude,x1 "" 0.022906787779436253 0.6117 2456916.1444490366 1.9338317359297984e-05 0.009128538848071396 "" "" "" 2.0130167458792383 2.548143570349534e-06 0.12338385589006472 74.9 60.0 -19.39 1.035
01295305 NONE des_sn3yr_g hsiao_x1 2 13 amplitude,x1 "" 0.022906787779436253 0.6117 2456916.1444490366 1.7516013688443834e-05 -0.05968182358393267 "" "" "" "" 2.514549459197009e-06 0.24296051768370852 20.57 13.0 -19.17 1.157
01295305 NONE des_sn3yr_i hsiao_x1 3 12 amplitude,x1 "" 0.022906787779436253 0.6117 2456916.1444490366 2.0019235705978586e-05 -0.0041711279814834485 "" "" "" "" 3.29667985664519e-07 0.04600692899894694 8.97 13.0 -19.46 1.057
01295305 NONE des_sn3yr_r hsiao_x1 2 13 amplitude,x1 "" 0.022906787779436253 0.6117 2456916.1444490366 1.9645487382634484e-05 -0.03197548873006002 "" "" "" "" 4.3042718368907737e-07 0.06194218024897904 9.1 13.0 -19.42 1.105
01295305 NONE des_sn3yr_z hsiao_x1 3 15 amplitude,x1 "" 0.022906787779436253 0.6117 2456916.1444490366 1.9827692340443993e-05 -0.05818656269813567 "" "" "" "" 3.59932758610175e-07 0.05075192792070425 23.89 16.0 -19.44 1.154
01295305 NONE all sn91bg 12 51 t0,amplitude,x1,c 0.01418130565230488 0.022906787779436253 0.6117 2456920.8034824864 1.1387665445910408e-17 1.2148315786191861 0.035392134764322195 "" "" 1.9145452775251333 5.836080498110926e-19 0.06546750121987509 590.06 56.0 -18.98 1.47
01295305 NONE des_sn3yr_g sn91bg 3 12 amplitude,x1,c 0.7163823951192506 0.022906787779436253 0.6117 2456920.8034824864 1.7149675168409169e-16 0.9460691530438077 0.2306570267974622 "" "" "" 1.1529127806235063e-16 0.19744329560794957 37.01 12.0 -20.34 1.725
01295305 NONE des_sn3yr_i sn91bg 3 12 amplitude,x1,c 0.5849707666521704 0.022906787779436253 0.6117 2456920.8034824864 2.88959734361447e-17 1.2294129269586773 0.30261269512208727 "" "" "" 1.061895232894621e-17 0.017790057787743147 66.91 11.0 -18.9 1.46
01295305 NONE des_sn3yr_r sn91bg 2 13 amplitude,x1,c 0.2948548000770278 0.022906787779436253 0.6117 2456920.8034824864 4.6680955187501503e-17 1.199337621214611 0.19353395229882991 "" "" "" 2.537593126920524e-17 0.043798257770314424 33.06 11.0 -19.96 1.482
01295305 NONE des_sn3yr_z sn91bg 4 14 amplitude,x1,c 0.6014164138375685 0.022906787779436253 0.6117 2456920.8034824864 1.4533112334178312e-17 1.2335795659080189 0.2777441951803329 "" "" "" 3.136241933177108e-18 0.014587187108006565 109.5 14.0 -18.13 1.457
01295921 NONE all hsiao_x1 8 46 t0,amplitude,x1 "" 0.052782907839099884 0.5239 2456914.9496861254 -9.879022029414725e-06 0.17972292661118297 "" "" "" 2.7561902277436436 1.9477711730550127e-05 0.18328654859576002 457.96 51.0 -17.52 0.802
01295921 NONE des_sn3yr_g hsiao_x1 2 11 amplitude,x1 "" 0.052782907839099884 0.5239 2456914.9496861254 -2.768520146038143e-06 -0.02108521993104128 "" "" "" "" 2.0431869503261914e-05 0.24560659651707095 21.99 11.0 -14.76 1.086
01295921 NONE des_sn3yr_i hsiao_x1 2 12 amplitude,x1 "" 0.052782907839099884 0.5239 2456914.9496861254 -2.122577100955479e-05 0.25999275041258046 "" "" "" "" 8.812349016788523e-07 0.13068895511458506 13.95 12.0 -19.18 0.717
01295921 NONE des_sn3yr_r hsiao_x1 2 12 amplitude,x1 "" 0.052782907839099884 0.5239 2456914.9496861254 -2.3419697744384315e-05 -0.11846849080955976 "" "" "" "" 2.0009212192032627e-06 0.15446060054646985 14.38 12.0 -19.4 1.277
01295921 NONE des_sn3yr_z hsiao_x1 2 11 amplitude,x1 "" 0.052782907839099884 0.5239 2456914.9496861254 -2.3293775338358328e-05 0.14867972124141912 "" "" "" "" 1.1093663454063091e-06 0.14516929746405646 8.47 11.0 -19.38 0.839
01295921 NONE all sn91bg 8 46 t0,amplitude,x1,c 0.03819285595082988 0.052782907839099884 0.5239 2456913.113136358 1.8030787232017575e-17 1.198243209433835 0.04317192798610162 "" "" 1.3462069139464994 2.562579716658605e-18 0.06494877375312971 114.72 50.0 -19.02 1.483
01295921 NONE des_sn3yr_g sn91bg 2 11 amplitude,x1,c 0.7160899251794339 0.052782907839099884 0.5239 2456913.113136358 3.7436222004484583e-16 0.9371267819221403 0.23475784636826502 "" "" "" 2.799590166161428e-16 0.1647787541288953 13.63 10.0 -20.77 1.737
01295921 NONE des_sn3yr_i sn91bg 2 12 amplitude,x1,c 0.6081595579189522 0.052782907839099884 0.5239 2456913.113136358 3.679263616773486e-17 1.1909011373589562 0.2748689548186861 "" "" "" 1.0465437354262404e-17 0.04889562074698581 18.39 11.0 -18.68 1.488
01295921 NONE des_sn3yr_r sn91bg 2 12 amplitude,x1,c 0.5225192568478855 0.052782907839099884 0.5239 2456913.113136358 2.734317596232889e-16 0.7891126027183571 0.33067855337279467 "" "" "" 1.8561404567192653e-16 0.11486582186157862 30.82 11.0 -20.68 1.961
01295921 NONE des_sn3yr_z sn91bg 2 11 amplitude,x1,c 0.6107245018038848 0.052782907839099884 0.5239 2456913.113136358 2.3371162888575513e-17 1.1589761229426225 0.27182112210326315 "" "" "" 5.260019416029645e-18 0.077247605734528 14.81 10.0 -18.16 1.513
01296273 NONE all hsiao_x1 16 47 t0,amplitude,x1 "" 0.03053615200080368 0.397 2456928.59286263 7.419550923942094e-06 -0.03128591525484153 "" "" "" 2.9616116610414243 3.840430075155169e-05 0.09314698473737276 6210.57 60.0 -16.18 1.104
01296273 NONE des_sn3yr_g hsiao_x1 4 12 amplitude,x1 "" 0.03053615200080368 0.397 2456928.59286263 1.7029233933154297e-05 -0.06593770593165671 "" "" "" "" 3.9035598085969843e-05 0.054340170520633384 954.46 14.0 -17.98 1.169
