results/band_fits/with_ext/des_sn3yr_mcmc_fit_fits.ecsv
# %ECSV 0.9
# ---
# datatype:
# - {name: obj_id, datatype: string}
# - {name: message, datatype: string}
# - {name: band, datatype: string}
# - {name: source, datatype: string}
# - {name: pre_max, datatype: int64}
# - {name: post_max, datatype: int64}
# - {name: vparams, datatype: string}
# - {name: c, datatype: float64}
# - {name: mwebv, datatype: float64}
# - {name: z, datatype: float64}
# - {name: t0, datatype: float64}
# - {name: amplitude, datatype: float64}
# - {name: x1, datatype: float64}
# - {name: c_err, datatype: float64}
# - {name: mwebv_err, datatype: float64}
# - {name: z_err, datatype: float64}
# - {name: t0_err, datatype: float64}
# - {name: amplitude_err, datatype: float64}
# - {name: x1_err, datatype: float64}
# - {name: chisq, datatype: float64}
# - {name: ndof, datatype: float64}
# - {name: b_max, datatype: float64}
# - {name: delta_15, datatype: float64}
# meta: !!omap
# - band_names: !!python/tuple [des_sn3yr_g, des_sn3yr_r, des_sn3yr_i, des_sn3yr_z, des_sn3yr_y]
# - lambda_eff: !!python/tuple [5270, 6590, 7890, 9760, 10030]
# - {fit_func: mcmc_fit}
# - {out_path: /global/u1/d/djp81/Photometric-Classification/results/band_fits/with_ext/des_sn3yr_mcmc_fit_fits.ecsv}
# schema: astropy-2.0
obj_id message band source pre_max post_max vparams c mwebv z t0 amplitude x1 c_err mwebv_err z_err t0_err amplitude_err x1_err chisq ndof b_max delta_15
[from data line 1326]
01329615 NONE des_sn3yr_r sn91bg 6 11 amplitude,x1,c 0.6501924298117685 0.0203055177965617 0.4039 2457305.9440283505 1.1489810259238685e-16 1.170720145662918 0.2658442137072837 "" "" "" 4.3091169284433486e-17 0.06959597381377662 20.74 13.0 -19.15 1.504
01329615 NONE des_sn3yr_z sn91bg 5 11 amplitude,x1,c 0.5717933897763336 0.0203055177965617 0.4039 2457305.9440283505 2.6886553428093686e-17 1.1294349465286309 0.2828332442132985 "" "" "" 5.740951903713151e-18 0.09961240638274314 16.77 12.0 -17.68 1.537
01330031 NONE all hsiao_x1 27 39 t0,amplitude,x1 "" 0.0059715916479920065 0.1041 2457315.2557443567 0.00012626612889822566 0.09268536026634544 "" "" "" 3.0166354444553996 3.911779853498473e-05 0.13555953006082003 4419.47 56.0 -19.07 0.912
01330031 NONE des_sn3yr_g hsiao_x1 5 8 amplitude,x1 "" 0.0059715916479920065 0.1041 2457315.2557443567 0.00015600609333102906 -0.01574325619687126 "" "" "" "" 1.211057980530092e-06 0.00583499563221219 17.57 10.0 -19.53 1.077
01330031 NONE des_sn3yr_i hsiao_x1 6 7 amplitude,x1 "" 0.0059715916479920065 0.1041 2457315.2557443567 0.00014389616232544334 0.07792861108955966 "" "" "" "" 5.757448192626192e-07 0.015500694391169008 83.27 9.0 -19.35 0.932
01330031 NONE des_sn3yr_r hsiao_x1 6 7 amplitude,x1 "" 0.0059715916479920065 0.1041 2457315.2557443567 0.00014856106202703245 0.01521276327866066 "" "" "" "" 5.519968039372899e-07 0.006557929513077603 92.39 9.0 -19.42 1.025
01330031 NONE des_sn3yr_z hsiao_x1 10 17 amplitude,x1 "" 0.0059715916479920065 0.1041 2457315.2557443567 0.00013727439205789665 0.07309717388951043 "" "" "" "" 4.738658981269969e-07 0.007219122641485303 221.44 23.0 -19.25 0.939
01330031 NONE all sn91bg 24 42 t0,amplitude,x1,c 0.19276473573991967 0.0059715916479920065 0.1041 2457310.532624396 4.803918776847833e-16 1.230728368839889 0.1526004597019472 "" "" 0.37016237065134594 3.406457918086952e-17 0.02571760750687371 15287.96 59.0 -18.33 1.459
01330031 NONE des_sn3yr_g sn91bg 5 8 amplitude,x1,c 0.2420473215047638 0.0059715916479920065 0.1041 2457310.532624396 5.0422813262284064e-15 0.798253715538013 0.20375866801028847 "" "" "" 2.1090103886393485e-15 0.003923720321789301 1191.34 10.0 -20.41 1.944
01330031 NONE des_sn3yr_i sn91bg 5 8 amplitude,x1,c 0.07484011725344529 0.0059715916479920065 0.1041 2457310.532624396 3.779938956526448e-16 1.2487971779649925 0.07166951063593673 "" "" "" 1.4274307002150252e-17 0.0010935285231881686 1183.0 9.0 -18.32 1.446
01330031 NONE des_sn3yr_r sn91bg 6 7 amplitude,x1,c 0.1576870489303608 0.0059715916479920065 0.1041 2457310.532624396 5.796495368459538e-16 1.2419370528599836 0.10595300293715174 "" "" "" 4.8919005189761066e-17 0.006219241882777311 2055.98 9.0 -18.62 1.451
01330031 NONE des_sn3yr_z sn91bg 8 19 amplitude,x1,c 0.15248148467545783 0.0059715916479920065 0.1041 2457310.532624396 4.1718163418266157e-16 1.249134179299965 0.13669524609232372 "" "" "" 9.87079354420464e-18 0.0009106105746122499 1816.39 23.0 -18.28 1.446
01330426 NONE all hsiao_x1 15 51 t0,amplitude,x1 "" 0.008527881329621304 0.2595 2457314.968936939 1.5479786987318607e-05 0.08411330430267863 "" "" "" 5.37423853417322 2.461005911021692e-05 0.4423157407054077 40095.73 59.0 -16.7 0.923
01330426 NONE des_sn3yr_g hsiao_x1 4 12 amplitude,x1 "" 0.008527881329621304 0.2595 2457314.968936939 6.378691344149214e-05 0.09516703155723391 "" "" "" "" 4.0360754707820125e-07 0.013398756289036471 19.64 13.0 -19.78 0.908
01330426 NONE des_sn3yr_i hsiao_x1 4 13 amplitude,x1 "" 0.008527881329621304 0.2595 2457314.968936939 4.7060034040355936e-05 0.1577580845972907 "" "" "" "" 3.655974863446058e-05 0.08231393166010163 2023.41 14.0 -19.12 0.828
01330426 NONE des_sn3yr_r hsiao_x1 3 13 amplitude,x1 "" 0.008527881329621304 0.2595 2457314.968936939 6.184781084493156e-05 0.09997986715527676 "" "" "" "" 3.5256196347109797e-07 0.014656169274197411 11.26 13.0 -19.71 0.902
01330426 NONE des_sn3yr_z hsiao_x1 4 13 amplitude,x1 "" 0.008527881329621304 0.2595 2457314.968936939 5.9575911205555154e-05 0.12414808835226247 "" "" "" "" 4.850901829438133e-07 0.020013566516783373 10.59 14.0 -19.63 0.87
01330426 NONE all sn91bg 15 51 t0,amplitude,x1,c 0.11344579382063841 0.008527881329621304 0.2595 2457314.4462779206 9.954003890248735e-17 1.2422544720990203 0.17074801275493648 "" "" 1.3434450230148614 1.3364431452855907e-17 0.01060596358447854 10266.9 58.0 -18.98 1.451
01330426 NONE des_sn3yr_g sn91bg 4 12 amplitude,x1,c 0.05747244744897114 0.008527881329621304 0.2595 2457314.4462779206 2.858771918362987e-16 1.2486240812302916 0.04874657196459598 "" "" "" 3.355373679565543e-17 0.0013122610124671962 670.9 12.0 -20.23 1.447
01330426 NONE des_sn3yr_i sn91bg 4 13 amplitude,x1,c 0.19191857460259126 0.008527881329621304 0.2595 2457314.4462779206 9.268237752425608e-17 1.2487767010263626 0.1505529118923969 "" "" "" 1.0064624500059893e-17 0.0013199725131299363 615.61 13.0 -18.75 1.446
01330426 NONE des_sn3yr_r sn91bg 3 13 amplitude,x1,c 0.860350267018642 0.008527881329621304 0.2595 2457314.4462779206 3.297251111315957e-16 1.2488644247155565 0.23806211516793202 "" "" "" 6.80692986560104e-17 0.0011209134018686795 534.42 12.0 -18.83 1.446
01330426 NONE des_sn3yr_z sn91bg 4 13 amplitude,x1,c 0.5863116752027312 0.008527881329621304 0.2595 2457314.4462779206 7.742595080158337e-17 1.2469951594554838 0.2588040556136573 "" "" "" 9.629038000661024e-18 0.0029214021200469563 453.3 13.0 -17.78 1.448
01330642 NONE all hsiao_x1 24 44 t0,amplitude,x1 "" 0.022164771017998557 0.6339 2457317.2880955474 8.99188842161108e-06 0.10015245521310095 "" "" "" 0.9652544318393268 2.0255943499343186e-05 0.08045449795369464 3935.6 59.0 -17.82 0.901
01330642 NONE des_sn3yr_g hsiao_x1 5 11 amplitude,x1 "" 0.022164771017998557 0.6339 2457317.2880955474 2.6426296952006466e-05 0.02957220503135413 "" "" "" "" 8.592917682396826e-07 0.11498436823515518 7.01 13.0 -20.16 1.003
01330642 NONE des_sn3yr_i hsiao_x1 6 11 amplitude,x1 "" 0.022164771017998557 0.6339 2457317.2880955474 2.2624583822639442e-05 0.1015741723117412 "" "" "" "" 3.517551316757697e-07 0.045951412419138915 9.99 13.0 -19.82 0.9
01330642 NONE des_sn3yr_r hsiao_x1 7 11 amplitude,x1 "" 0.022164771017998557 0.6339 2457317.2880955474 2.2314293157274867e-05 0.06586011866979329 "" "" "" "" 3.9164847654229047e-07 0.04562809370908954 9.23 15.0 -19.79 0.949
01330642 NONE des_sn3yr_z hsiao_x1 6 11 amplitude,x1 "" 0.022164771017998557 0.6339 2457317.2880955474 2.1973509033770624e-05 0.07048901392143636 "" "" "" "" 3.3944249514512255e-07 0.045532763979773475 14.2 13.0 -19.76 0.942
01330642 NONE all sn91bg 25 43 t0,amplitude,x1,c 0.052510635336844746 0.022164771017998557 0.6339 2457317.90790166 1.8303032543751803e-17 1.2218744398755976 0.15817124963860738 "" "" 0.7336154818942349 2.9207359090001282e-18 0.051448337874967845 1026.47 58.0 -19.53 1.465
01330642 NONE des_sn3yr_g sn91bg 5 11 amplitude,x1,c 0.4085125386852326 0.022164771017998557 0.6339 2457317.90790166 2.630456069748734e-16 1.181730062583969 0.26911988104297674 "" "" "" 2.1907194683235272e-16 0.047436938737490254 58.03 12.0 -21.71 1.495
01330642 NONE des_sn3yr_i sn91bg 6 11 amplitude,x1,c 0.22997926198077048 0.022164771017998557 0.6339 2457317.90790166 2.8684311508831104e-17 1.23642670401133 0.23643624905533683 "" "" "" 1.111986070672043e-17 0.013385597694105609 45.12 12.0 -19.68 1.455
01330642 NONE des_sn3yr_r sn91bg 7 11 amplitude,x1,c 0.14979839853521773 0.022164771017998557 0.6339 2457317.90790166 4.7940013563047176e-17 1.238904075546036 0.12969232286573784 "" "" "" 1.7829098143382127e-17 0.011157350997785745 90.13 14.0 -20.41 1.453
01330642 NONE des_sn3yr_z sn91bg 7 10 amplitude,x1,c 0.5392838359667084 0.022164771017998557 0.6339 2457317.90790166 2.0799857664691623e-17 1.2417551741056423 0.2884244749519378 "" "" "" 4.8794311743452865e-18 0.007269120617030431 71.82 12.0 -18.73 1.451
01330903 NONE all hsiao_x1 30 49 t0,amplitude,x1 "" 0.028325881674294572 0.5638 2457305.6741245403 1.946833661258218e-05 -0.026085851015048536 "" "" "" 2.529626289879624 6.186271923494309e-06 0.12217822570061039 91.15 73.0 -19.19 1.095
01330903 NONE des_sn3yr_g hsiao_x1 6 12 amplitude,x1 "" 0.028325881674294572 0.5638 2457305.6741245403 1.8174731508135545e-05 -0.07233597500671923 "" "" "" "" 2.1692953868040923e-06 0.25152291311286523 12.52 16.0 -19.04 1.182
01330903 NONE des_sn3yr_i hsiao_x1 8 12 amplitude,x1 "" 0.028325881674294572 0.5638 2457305.6741245403 2.2628264857846363e-05 -0.020421659974699146 "" "" "" "" 6.382219645268834e-07 0.07926066819910157 16.95 17.0 -19.51 1.085
01330903 NONE des_sn3yr_r hsiao_x1 8 12 amplitude,x1 "" 0.028325881674294572 0.5638 2457305.6741245403 2.1171162374876577e-05 -0.025145304799689846 "" "" "" "" 7.13521152207261e-07 0.09885073653302556 8.99 17.0 -19.37 1.093
01330903 NONE des_sn3yr_z hsiao_x1 8 13 amplitude,x1 "" 0.028325881674294572 0.5638 2457305.6741245403 2.0011802698098086e-05 0.07937610122797698 "" "" "" "" 1.0485789790813265e-06 0.15753859878922596 15.54 18.0 -19.25 0.93
01330903 NONE all sn91bg 30 49 t0,amplitude,x1,c 0.01380496242840043 0.028325881674294572 0.5638 2457306.6212337604 1.5692120457540224e-17 1.17322041909551 0.012329584193931218 "" "" 0.9437358869406159 2.1119438819813133e-18 0.11299746066863876 152.36 68.0 -19.08 1.502
01330903 NONE des_sn3yr_g sn91bg 6 12 amplitude,x1,c 0.6753670479725911 0.028325881674294572 0.5638 2457306.6212337604 2.2124910901196886e-16 0.9054196598608665 0.24237803307597622 "" "" "" 1.484286303689376e-16 0.16706349932461043 15.11 14.0 -20.46 1.779
01330903 NONE des_sn3yr_i sn91bg 8 12 amplitude,x1,c 0.6035246871241374 0.028325881674294572 0.5638 2457306.6212337604 3.335457486268006e-17 1.1900136822505252 0.2691174578234904 "" "" "" 9.933855162849155e-18 0.05175801130961783 27.35 15.0 -18.78 1.489
01330903 NONE des_sn3yr_r sn91bg 8 12 amplitude,x1,c 0.5443375975234382 0.028325881674294572 0.5638 2457306.6212337604 8.911639021427761e-17 1.183752162120011 0.25622813898730534 "" "" "" 4.730479814500053e-17 0.05675526488533405 19.82 15.0 -19.95 1.494
01330903 NONE des_sn3yr_z sn91bg 8 13 amplitude,x1,c 0.5191779666342161 0.028325881674294572 0.5638 2457306.6212337604 1.6278471211944845e-17 1.1628152861965397 0.2869871431788543 "" "" "" 4.162049686032441e-18 0.0770210092157737 17.98 16.0 -18.12 1.51
01331123 NONE all hsiao_x1 24 42 t0,amplitude,x1 "" 0.007010103039816451 0.2291 2457318.0970960916 -1.0988563385616332e-05 -0.1381454045353228 "" "" "" 1.4491449453149043 5.0612112004814944e-05 0.13902532195377176 8867.94 63.0 -15.65 1.321
01331123 NONE des_sn3yr_g hsiao_x1 6 9 amplitude,x1 "" 0.007010103039816451 0.2291 2457318.0970960916 -5.041060465146758e-05 -0.1904207502705934 "" "" "" "" 6.232780022833621e-07 0.020643052586858116 12.77 13.0 -18.96 1.449
01331123 NONE des_sn3yr_i hsiao_x1 6 11 amplitude,x1 "" 0.007010103039816451 0.2291 2457318.0970960916 -5.507065628852885e-05 -0.16357589536456454 "" "" "" "" 9.253095024955812e-07 0.041486704199531904 8.66 15.0 -19.15 1.381
01331123 NONE des_sn3yr_r hsiao_x1 6 11 amplitude,x1 "" 0.007010103039816451 0.2291 2457318.0970960916 -1.0887062864221076e-05 -0.14261949463975673 "" "" "" "" 5.289378883312582e-05 0.034228964789518194 3139.88 15.0 -15.63 1.331
01331123 NONE des_sn3yr_z hsiao_x1 6 11 amplitude,x1 "" 0.007010103039816451 0.2291 2457318.0970960916 -4.454893300549661e-05 -0.1459601756836086 "" "" "" "" 3.337500632900779e-05 0.036453866405759275 113.42 15.0 -18.69 1.339
01331123 NONE all sn91bg 24 42 t0,amplitude,x1,c 0.0013164501169196906 0.007010103039816451 0.2291 2457317.3724377817 7.081568796028075e-17 1.2243453783108276 0.0019728456451260723 "" "" 0.37143754413962415 2.7110679423387814e-18 0.023936717684632576 1530.75 62.0 -18.48 1.463
01331123 NONE des_sn3yr_g sn91bg 6 9 amplitude,x1,c 0.08872637806751574 0.007010103039816451 0.2291 2457317.3724377817 1.7283445341643453e-16 1.2254900834679128 0.0867662032397308 "" "" "" 4.367417464145165e-17 0.01756195759983166 167.01 12.0 -19.31 1.463
01331123 NONE des_sn3yr_i sn91bg 6 11 amplitude,x1,c 0.5118707593650004 0.007010103039816451 0.2291 2457317.3724377817 8.200013221099428e-17 1.2120061880583495 0.2855827399852094 "" "" "" 1.551370497104344e-17 0.0326792352138979 33.02 14.0 -17.64 1.472
01331123 NONE des_sn3yr_r sn91bg 6 11 amplitude,x1,c 0.5666473236524772 0.007010103039816451 0.2291 2457317.3724377817 1.5460843510246733e-16 1.2162581999596414 0.2977428335455488 "" "" "" 4.3703045772516497e-17 0.023641093636944586 30.07 14.0 -18.24 1.469
01331123 NONE des_sn3yr_z sn91bg 6 11 amplitude,x1,c 0.4768589716341391 0.007010103039816451 0.2291 2457317.3724377817 5.696489828729386e-17 1.1912270660675874 0.28806691438752097 "" "" "" 8.251982756721359e-18 0.05051298574006291 48.91 14.0 -17.3 1.488
01331993 NONE all hsiao_x1 25 39 t0,amplitude,x1 "" 0.0224821810313905 0.7196 2457328.6366323633 1.0537054981990634e-05 -0.05723097214791984 "" "" "" 4.756515606709022 1.1704446504041243e-05 0.21108185206799968 888.37 58.0 -18.5 1.152
01331993 NONE des_sn3yr_g hsiao_x1 6 11 amplitude,x1 "" 0.0224821810313905 0.7196 2457328.6366323633 1.6065165479914185e-05 0.06158278998369065 "" "" "" "" 1.949334945794245e-06 0.23772985057887355 33.85 15.0 -19.42 0.955
01331993 NONE des_sn3yr_i hsiao_x1 6 10 amplitude,x1 "" 0.0224821810313905 0.7196 2457328.6366323633 1.5956015367394675e-05 0.13373487749771204 "" "" "" "" 4.211596132225252e-07 0.05473430000933797 18.11 13.0 -19.4 0.858
01331993 NONE des_sn3yr_r hsiao_x1 8 9 amplitude,x1 "" 0.0224821810313905 0.7196 2457328.6366323633 1.6396012041750847e-05 0.07132906848630785 "" "" "" "" 2.880343855170011e-07 0.053981863861682425 18.11 14.0 -19.46 0.941
01331993 NONE des_sn3yr_z hsiao_x1 5 9 amplitude,x1 "" 0.0224821810313905 0.7196 2457328.6366323633 1.677876204376352e-05 -0.017161405248392773 "" "" "" "" 5.973662674789373e-07 0.08553350700209103 6.75 11.0 -19.51 1.079
01331993 NONE all sn91bg 23 41 t0,amplitude,x1,c 0.06317398342934115 0.0224821810313905 0.7196 2457326.2851210968 1.5553265565969248e-17 1.1078718074297262 0.07996788333917162 "" "" 1.1830410400451892 4.639304043333462e-18 0.14279331814598709 354.44 57.0 -19.58 1.555
01331993 NONE des_sn3yr_g sn91bg 5 12 amplitude,x1,c 0.7522687495312385 0.0224821810313905 0.7196 2457326.2851210968 3.889953064389757e-16 0.9380297784640015 0.21513814354990407 "" "" "" 2.2801342183187387e-16 0.16351938050901638 35.2 14.0 -21.57 1.736
01331993 NONE des_sn3yr_i sn91bg 6 10 amplitude,x1,c 0.542675933084408 0.0224821810313905 0.7196 2457326.2851210968 3.0468709434880154e-17 1.236095177263633 0.26470368739753636 "" "" "" 1.2643443239479827e-17 0.011689049955363118 53.49 12.0 -19.47 1.455
01331993 NONE des_sn3yr_r sn91bg 7 10 amplitude,x1,c 0.3129439288224858 0.0224821810313905 0.7196 2457326.2851210968 4.189061391071384e-17 1.2198538342943366 0.1837045470128644 "" "" "" 2.1233951037225385e-17 0.022710059452823915 36.82 13.0 -20.26 1.467
01331993 NONE des_sn3yr_z sn91bg 5 9 amplitude,x1,c 0.5326367121079898 0.0224821810313905 0.7196 2457326.2851210968 1.5293160340232863e-17 1.1972476164627128 0.30126449349663326 "" "" "" 4.376151320981634e-18 0.04175031482342816 9.3 10.0 -18.71 1.483
01332059 NONE all hsiao_x1 29 42 t0,amplitude,x1 "" 0.028630971367973507 0.5788 2457324.2161366246 9.054740687904433e-06 0.03973161749478598 "" "" "" 2.1859463940103785 2.0207603915834345e-05 0.141019078147485 840.63 61.0 -17.59 0.987
01332059 NONE des_sn3yr_g hsiao_x1 6 11 amplitude,x1 "" 0.028630971367973507 0.5788 2457324.2161366246 2.94587619873811e-05 -0.11166070053735623 "" "" "" "" 2.2933464629519044e-06 0.1098938449122526 12.21 14.0 -20.16 1.263
01332059 NONE des_sn3yr_i hsiao_x1 8 10 amplitude,x1 "" 0.028630971367973507 0.5788 2457324.2161366246 2.285799388025142e-05 -0.02280773693734962 "" "" "" "" 8.787257380765025e-07 0.06935544441300596 7.07 14.0 -19.6 1.089
