results/band_fits/with_ext/des_sn3yr_mcmc_fit_fits.ecsv
# %ECSV 0.9
# ---
# datatype:
# - {name: obj_id, datatype: string}
# - {name: message, datatype: string}
# - {name: band, datatype: string}
# - {name: source, datatype: string}
# - {name: pre_max, datatype: int64}
# - {name: post_max, datatype: int64}
# - {name: vparams, datatype: string}
# - {name: c, datatype: float64}
# - {name: mwebv, datatype: float64}
# - {name: z, datatype: float64}
# - {name: t0, datatype: float64}
# - {name: amplitude, datatype: float64}
# - {name: x1, datatype: float64}
# - {name: c_err, datatype: float64}
# - {name: mwebv_err, datatype: float64}
# - {name: z_err, datatype: float64}
# - {name: t0_err, datatype: float64}
# - {name: amplitude_err, datatype: float64}
# - {name: x1_err, datatype: float64}
# - {name: chisq, datatype: float64}
# - {name: ndof, datatype: float64}
# - {name: b_max, datatype: float64}
# - {name: delta_15, datatype: float64}
# meta: !!omap
# - band_names: !!python/tuple [des_sn3yr_g, des_sn3yr_r, des_sn3yr_i, des_sn3yr_z, des_sn3yr_y]
# - lambda_eff: !!python/tuple [5270, 6590, 7890, 9760, 10030]
# - {fit_func: mcmc_fit}
# - {out_path: /global/u1/d/djp81/Photometric-Classification/results/band_fits/with_ext/des_sn3yr_mcmc_fit_fits.ecsv}
# schema: astropy-2.0
obj_id message band source pre_max post_max vparams c mwebv z t0 amplitude x1 c_err mwebv_err z_err t0_err amplitude_err x1_err chisq ndof b_max delta_15
[from data line 597]
01298893 NONE des_sn3yr_z sn91bg 4 6 amplitude,x1,c 0.5316021977368632 0.025134692626769733 0.1962 2456932.43996063 9.539918660983536e-17 1.0196587200699816 0.2890163673518351 "" "" "" 1.9762704771693016e-17 0.12095087150569425 15.16 7.0 -17.23 1.64
01299643 NONE all hsiao_x1 12 54 t0,amplitude,x1 "" 0.012049667129744045 0.38 2456941.6508574076 3.5453413093791434e-05 0.04637449068487977 "" "" "" 1.8481378429254303 7.093501205759795e-06 0.09559045952496469 124.43 59.0 -19.46 0.977
01299643 NONE des_sn3yr_g hsiao_x1 3 13 amplitude,x1 "" 0.012049667129744045 0.38 2456941.6508574076 3.790346613548998e-05 -0.01057961376271858 "" "" "" "" 7.586562588703989e-07 0.02813036431984663 20.27 13.0 -19.61 1.068
01299643 NONE des_sn3yr_i hsiao_x1 3 13 amplitude,x1 "" 0.012049667129744045 0.38 2456941.6508574076 3.679141656785057e-05 0.08291293171547737 "" "" "" "" 5.459232394946787e-07 0.03603715810358299 13.78 13.0 -19.54 0.925
01299643 NONE des_sn3yr_r hsiao_x1 3 14 amplitude,x1 "" 0.012049667129744045 0.38 2456941.6508574076 3.754417115398382e-05 0.06543421063312028 "" "" "" "" 5.030640173865402e-07 0.029384634778026306 26.5 14.0 -19.59 0.95
01299643 NONE des_sn3yr_z hsiao_x1 3 14 amplitude,x1 "" 0.012049667129744045 0.38 2456941.6508574076 3.5788345366975324e-05 0.08030122131307757 "" "" "" "" 6.423427077743355e-07 0.04407674852477116 10.7 14.0 -19.48 0.929
01299643 NONE all sn91bg 16 50 t0,amplitude,x1,c 0.04672922877647925 0.012049667129744045 0.38 2456947.548565618 3.552327633215087e-17 1.1543940936542818 0.1069051660748953 "" "" 1.7354911760105083 5.1654493264072266e-18 0.101698523249424 1474.18 54.0 -18.87 1.517
01299643 NONE des_sn3yr_g sn91bg 4 12 amplitude,x1,c 0.36390390356767466 0.012049667129744045 0.38 2456947.548565618 2.1681590865571637e-16 1.2398056316212678 0.25345499962720186 "" "" "" 1.7526416774051728e-16 0.010520596479109441 352.78 11.0 -20.3 1.453
01299643 NONE des_sn3yr_i sn91bg 4 12 amplitude,x1,c 0.5820789841182679 0.012049667129744045 0.38 2456947.548565618 5.497506953295812e-17 1.236655042414801 0.27427074262200135 "" "" "" 1.2017696801707993e-17 0.01193944256920312 140.8 11.0 -18.37 1.455
01299643 NONE des_sn3yr_r sn91bg 4 13 amplitude,x1,c 0.5726549202947157 0.012049667129744045 0.38 2456947.548565618 1.2250455058746032e-16 1.2399325090231714 0.26535693455771775 "" "" "" 4.620021390084577e-17 0.010589945996176128 251.13 12.0 -19.26 1.453
01299643 NONE des_sn3yr_z sn91bg 4 13 amplitude,x1,c 0.501703829567011 0.012049667129744045 0.38 2456947.548565618 3.160960147639378e-17 1.2327778801441092 0.2967235986421076 "" "" "" 5.761733239547513e-18 0.015652614500258757 121.2 12.0 -17.9 1.457
01299775 NONE all hsiao_x1 4 33 t0,amplitude,x1 "" 0.009302427418017723 0.1598 2456938.3817987517 -1.7660860381387196e-05 -0.03701325238440611 "" "" "" 0.5766840813786802 8.062978016445806e-05 0.09758646889027298 3768.87 34.0 -15.81 1.115
01299775 NONE des_sn3yr_g hsiao_x1 0 8 amplitude,x1 "" 0.009302427418017723 0.1598 2456938.3817987517 -7.635159880611856e-05 -0.016147072273021913 "" "" "" "" 1.3589175361437518e-06 0.030229997492522035 1.71 6.0 -18.99 1.078
01299775 NONE des_sn3yr_i hsiao_x1 1 8 amplitude,x1 "" 0.009302427418017723 0.1598 2456938.3817987517 -7.317921980692724e-05 -0.058691780703231416 "" "" "" "" 5.612991895626649e-05 0.05016899055191599 130.82 7.0 -18.9 1.155
01299775 NONE des_sn3yr_r hsiao_x1 1 5 amplitude,x1 "" 0.009302427418017723 0.1598 2456938.3817987517 -8.890194875097643e-05 -0.12137757950358281 "" "" "" "" 1.7671930629100304e-06 0.03329875000040893 20.3 4.0 -19.32 1.284
01299775 NONE des_sn3yr_z hsiao_x1 2 12 amplitude,x1 "" 0.009302427418017723 0.1598 2456938.3817987517 -9.042358187088094e-05 -0.045580334304091245 "" "" "" "" 2.5290183367505532e-06 0.04460302594184603 8.88 12.0 -19.36 1.13
01299775 NONE all sn91bg 4 33 t0,amplitude,x1,c 0.006769845435615815 0.009302427418017723 0.1598 2456942.2608487997 2.0006208024577236e-16 1.1293266805179782 0.009406880652337543 "" "" 2.4833144748841276 5.2709080849835684e-17 0.19986416978099292 585.09 32.0 -18.65 1.537
01299775 NONE des_sn3yr_g sn91bg 0 8 amplitude,x1,c 0.27866402533629914 0.009302427418017723 0.1598 2456942.2608487997 4.675818577708464e-16 1.1966769771377863 0.17409535724565003 "" "" "" 1.6997933225762266e-16 0.04222948443413317 24.14 5.0 -19.1 1.484
01299775 NONE des_sn3yr_i sn91bg 1 8 amplitude,x1,c 0.5191355732454767 0.009302427418017723 0.1598 2456942.2608487997 1.8940021413005373e-16 1.2360714217546642 0.2942382548640801 "" "" "" 3.4284919363675736e-17 0.013323051742866767 83.05 6.0 -17.68 1.455
01299775 NONE des_sn3yr_r sn91bg 1 5 amplitude,x1,c 0.5431632523701809 0.009302427418017723 0.1598 2456942.2608487997 3.2563117499295953e-16 1.2414549094272889 0.2967111857693765 "" "" "" 8.197045956289069e-17 0.008032090624682079 64.46 3.0 -18.23 1.451
01299775 NONE des_sn3yr_z sn91bg 2 12 amplitude,x1,c 0.47072500352357166 0.009302427418017723 0.1598 2456942.2608487997 1.3840708340481165e-16 1.2270599326366196 0.2753118836569174 "" "" "" 1.3355473682593367e-17 0.022007731229373897 45.47 10.0 -17.43 1.462
01299785 NONE all hsiao_x1 9 55 t0,amplitude,x1 "" 0.008709617083092017 0.3813 2456943.202007389 6.454793339473303e-06 -0.07769300380747773 "" "" "" 0.5078416425570123 3.162849253267084e-05 0.032716911842808005 1645.38 61.0 -15.77 1.192
01299785 NONE des_sn3yr_g hsiao_x1 2 14 amplitude,x1 "" 0.008709617083092017 0.3813 2456943.202007389 1.7920736640984215e-05 -0.09536046548467264 "" "" "" "" 2.259741174302443e-05 0.0825876862319193 102.13 14.0 -17.99 1.228
01299785 NONE des_sn3yr_i hsiao_x1 3 14 amplitude,x1 "" 0.008709617083092017 0.3813 2456943.202007389 2.0026709412618626e-05 -0.033131313881639826 "" "" "" "" 2.6761996123486333e-05 0.05589925342351266 260.6 15.0 -18.23 1.108
01299785 NONE des_sn3yr_r hsiao_x1 2 14 amplitude,x1 "" 0.008709617083092017 0.3813 2456943.202007389 3.214636984898844e-05 -0.0388833235560677 "" "" "" "" 8.44295042213566e-07 0.05777458879925597 1.8 14.0 -19.26 1.118
01299785 NONE des_sn3yr_z hsiao_x1 2 13 amplitude,x1 "" 0.008709617083092017 0.3813 2456943.202007389 3.2767604028691085e-05 0.07291286914950891 "" "" "" "" 1.0538414227127658e-06 0.09075364803615611 3.74 13.0 -19.3 0.939
01299785 NONE all sn91bg 13 51 t0,amplitude,x1,c 0.04822711141602469 0.008709617083092017 0.3813 2456948.003455071 2.930947042723568e-17 1.1856039847227149 0.08555028446676573 "" "" 2.35688282688814 4.64408637446013e-18 0.09608951651525131 248.66 56.0 -18.69 1.492
01299785 NONE des_sn3yr_g sn91bg 3 13 amplitude,x1,c 0.591731192841647 0.008709617083092017 0.3813 2456948.003455071 2.74707077798576e-16 1.1501255260216035 0.28658386537659447 "" "" "" 1.812534625635738e-16 0.09904627663031648 37.04 12.0 -20.04 1.521
01299785 NONE des_sn3yr_i sn91bg 4 13 amplitude,x1,c 0.6051105573380106 0.008709617083092017 0.3813 2456948.003455071 4.6997690208898216e-17 1.2126133822606195 0.27980718694809636 "" "" "" 1.0491773148129591e-17 0.03682445764179194 36.22 13.0 -18.15 1.472
01299785 NONE des_sn3yr_r sn91bg 3 13 amplitude,x1,c 0.5489174501527146 0.008709617083092017 0.3813 2456948.003455071 9.497489409399241e-17 1.1792350697738898 0.28285842449340115 "" "" "" 3.952773102866181e-17 0.06566540607580663 28.43 12.0 -18.99 1.497
01299785 NONE des_sn3yr_z sn91bg 3 12 amplitude,x1,c 0.5530858428514202 0.008709617083092017 0.3813 2456948.003455071 2.771291734469829e-17 1.1858117544525353 0.27374842528750415 "" "" "" 5.1120865275868244e-18 0.05524425092654325 27.99 11.0 -17.65 1.492
01300516 NONE all hsiao_x1 19 50 t0,amplitude,x1 "" 0.01846447905818172 0.3104 2456949.4757040124 3.775985825951496e-05 0.12464797755071891 "" "" "" 2.428534070271034 9.073836762483868e-06 0.1621880959565574 343.87 58.0 -19.09 0.869
01300516 NONE des_sn3yr_g hsiao_x1 4 12 amplitude,x1 "" 0.01846447905818172 0.3104 2456949.4757040124 3.6850289922678165e-05 0.058138689584542894 "" "" "" "" 5.134604685387771e-07 0.04741414683338056 6.7 12.0 -19.03 0.96
01300516 NONE des_sn3yr_i hsiao_x1 5 13 amplitude,x1 "" 0.01846447905818172 0.3104 2456949.4757040124 4.5320304377464944e-05 0.08440983674758575 "" "" "" "" 6.681179996370483e-07 0.0488540166841322 8.47 14.0 -19.48 0.923
01300516 NONE des_sn3yr_r hsiao_x1 5 12 amplitude,x1 "" 0.01846447905818172 0.3104 2456949.4757040124 4.1147425013709195e-05 0.07411216632605662 "" "" "" "" 5.09866337751398e-07 0.03406433097497647 6.2 13.0 -19.27 0.937
01300516 NONE des_sn3yr_z hsiao_x1 5 13 amplitude,x1 "" 0.01846447905818172 0.3104 2456949.4757040124 4.608821750473016e-05 0.0596928344955858 "" "" "" "" 9.318464640386418e-07 0.050671198724065385 15.28 14.0 -19.52 0.958
01300516 NONE all sn91bg 19 50 t0,amplitude,x1,c 0.021949229121848133 0.01846447905818172 0.3104 2456949.5390443476 5.66804015721778e-17 1.210821111739788 0.03846670746403024 "" "" 0.4958469548692335 6.987806824664837e-18 0.07803263767762536 845.74 57.0 -18.95 1.473
01300516 NONE des_sn3yr_g sn91bg 4 12 amplitude,x1,c 0.2446051303599423 0.01846447905818172 0.3104 2456949.5390443476 1.7121067049402562e-16 1.240219071238018 0.15572834069602762 "" "" "" 7.514571587415305e-17 0.010418203471774868 67.07 11.0 -19.74 1.452
01300516 NONE des_sn3yr_i sn91bg 5 13 amplitude,x1,c 0.5887661050047959 0.01846447905818172 0.3104 2456949.5390443476 7.404836511596507e-17 1.2416813913288 0.272585633886993 "" "" "" 1.4558071221420123e-17 0.00790441623712142 78.69 13.0 -18.17 1.451
01300516 NONE des_sn3yr_r sn91bg 5 12 amplitude,x1,c 0.41950108539774345 0.01846447905818172 0.3104 2456949.5390443476 1.06578714423444e-16 1.2403967982310595 0.2915664080907154 "" "" "" 4.0768046632234584e-17 0.008625704159928254 76.31 12.0 -18.9 1.452
01300516 NONE des_sn3yr_z sn91bg 5 13 amplitude,x1,c 0.516947645222608 0.01846447905818172 0.3104 2456949.5390443476 4.944456037311975e-17 1.2368220455973837 0.2829288071058548 "" "" "" 7.907544396604162e-18 0.012897038172531353 64.34 13.0 -17.85 1.455
01300912 NONE all hsiao_x1 20 45 t0,amplitude,x1 "" 0.007166650394502261 0.3376 2456945.8310423754 -1.981952678182332e-05 -0.07321871575662661 "" "" "" 1.9914826877607623 2.7826031399773465e-05 0.10402312016917233 6362.9 58.0 -17.9 1.183
01300912 NONE des_sn3yr_g hsiao_x1 5 11 amplitude,x1 "" 0.007166650394502261 0.3376 2456945.8310423754 -3.057814595022488e-05 -0.12948216479851307 "" "" "" "" 5.889408490431676e-07 0.038632890739107376 10.8 13.0 -18.84 1.302
01300912 NONE des_sn3yr_i hsiao_x1 5 12 amplitude,x1 "" 0.007166650394502261 0.3376 2456945.8310423754 -3.581672798521286e-05 -0.050628658098789484 "" "" "" "" 2.604581761425247e-07 0.016392766971437583 12.62 14.0 -19.18 1.14
01300912 NONE des_sn3yr_r hsiao_x1 5 10 amplitude,x1 "" 0.007166650394502261 0.3376 2456945.8310423754 -3.439203430456384e-05 -0.06402355643781281 "" "" "" "" 3.314583649079801e-07 0.021042630837754317 7.89 12.0 -19.1 1.165
01300912 NONE des_sn3yr_z hsiao_x1 5 12 amplitude,x1 "" 0.007166650394502261 0.3376 2456945.8310423754 -3.5979731849502294e-05 -0.062213374722283867 "" "" "" "" 5.166972645333034e-07 0.02541204420178362 8.38 14.0 -19.19 1.162
01300912 NONE all sn91bg 20 45 t0,amplitude,x1,c 0.03595653501039128 0.007166650394502261 0.3376 2456945.0109475376 3.484793568372738e-17 1.1211704010679735 0.03087279505028422 "" "" 0.5333320640882115 6.060744493621862e-18 0.1337142886356065 1291.72 57.0 -18.54 1.544
01300912 NONE des_sn3yr_g sn91bg 5 11 amplitude,x1,c 0.5126894486977078 0.007166650394502261 0.3376 2456945.0109475376 2.853163069547956e-16 1.116604166932767 0.2584710076088622 "" "" "" 1.885115342921427e-16 0.058026068841728604 84.72 12.0 -19.88 1.548
01300912 NONE des_sn3yr_i sn91bg 5 12 amplitude,x1,c 0.34093859118820596 0.007166650394502261 0.3376 2456945.0109475376 4.0227504373292235e-17 1.2463441720594883 0.2534201245652139 "" "" "" 8.43806450848199e-18 0.003548120020742608 109.89 13.0 -18.21 1.448
01300912 NONE des_sn3yr_r sn91bg 5 10 amplitude,x1,c 0.15703517570708556 0.007166650394502261 0.3376 2456945.0109475376 5.157330329639121e-17 1.241132765336532 0.1582907839422815 "" "" "" 1.3421345831478488e-17 0.007999046958807878 63.36 11.0 -18.84 1.452
01300912 NONE des_sn3yr_z sn91bg 5 12 amplitude,x1,c 0.4648645330017586 0.007166650394502261 0.3376 2456945.0109475376 2.801823453960568e-17 1.2403223657821547 0.28228678723612877 "" "" "" 4.650098296343741e-18 0.009467068292089304 108.1 13.0 -17.56 1.452
01301933 NONE all hsiao_x1 19 42 t0,amplitude,x1 "" 0.023012674070977075 0.3299 2456952.7174315844 -1.70854355958329e-05 -0.0012600361898819049 "" "" "" 0.32449728374977926 3.828634419575711e-05 0.03460909033995747 33700.06 54.0 -17.52 1.052
01301933 NONE des_sn3yr_g hsiao_x1 4 10 amplitude,x1 "" 0.023012674070977075 0.3299 2456952.7174315844 -4.407186065355182e-05 -0.010016303625594788 "" "" "" "" 3.200170347217035e-07 0.018523920531503982 11.74 11.0 -19.58 1.067
01301933 NONE des_sn3yr_i hsiao_x1 5 10 amplitude,x1 "" 0.023012674070977075 0.3299 2456952.7174315844 -4.190332635629754e-05 -0.050895707939268335 "" "" "" "" 2.047813799955333e-07 0.012000499768862138 37.46 12.0 -19.47 1.14
01301933 NONE des_sn3yr_r hsiao_x1 5 11 amplitude,x1 "" 0.023012674070977075 0.3299 2456952.7174315844 -4.260815577561963e-05 -0.017297504097927734 "" "" "" "" 1.921847753491219e-07 0.010143565873849677 19.84 13.0 -19.5 1.08
01301933 NONE des_sn3yr_z hsiao_x1 5 11 amplitude,x1 "" 0.023012674070977075 0.3299 2456952.7174315844 -4.061237923720545e-05 0.0046080511786053355 "" "" "" "" 2.6970836652790047e-07 0.015588361629251318 68.88 13.0 -19.4 1.043
01301933 NONE all sn91bg 19 42 t0,amplitude,x1,c 0.17434802533732863 0.023012674070977075 0.3299 2456953.15613012 5.523052485215452e-17 1.182747383136862 0.2000364119755891 "" "" 0.9257300950551938 6.968794606745672e-18 0.07434925277933112 9438.92 53.0 -18.77 1.494
01301933 NONE des_sn3yr_g sn91bg 4 10 amplitude,x1,c 0.41046309601081055 0.023012674070977075 0.3299 2456953.15613012 3.703448679041752e-16 1.2220978158251146 0.2018839744507642 "" "" "" 1.9894295486725748e-16 0.023097655775154775 274.88 10.0 -20.41 1.465
01301933 NONE des_sn3yr_i sn91bg 5 10 amplitude,x1,c 0.7580061819043417 0.023012674070977075 0.3299 2456953.15613012 7.813686674597495e-17 1.2484051891593442 0.243572006285886 "" "" "" 1.3037051124956363e-17 0.0015127523171760454 296.22 11.0 -18.04 1.447
01301933 NONE des_sn3yr_r sn91bg 5 11 amplitude,x1,c 0.14134703027144707 0.023012674070977075 0.3299 2456953.15613012 7.525023299568446e-17 1.2482890277692262 0.14978728500925192 "" "" "" 1.6956475475627803e-17 0.00195063166676304 305.16 12.0 -19.23 1.447
01301933 NONE des_sn3yr_z sn91bg 5 11 amplitude,x1,c 0.6323881868277748 0.023012674070977075 0.3299 2456953.15613012 4.062300309998372e-17 1.2484966108481048 0.2296963503091838 "" "" "" 5.399140142719073e-18 0.0014052778734043804 716.68 12.0 -17.6 1.447
01302058 NONE all hsiao_x1 20 36 t0,amplitude,x1 "" 0.00841748083868763 0.1984 2456964.0327848243 7.228254222372455e-05 0.19548787818967905 "" "" "" 4.810378529144953 1.278833221157367e-05 0.19934789820223353 2284.1 51.0 -19.39 0.785
01302058 NONE des_sn3yr_g hsiao_x1 3 8 amplitude,x1 "" 0.00841748083868763 0.1984 2456964.0327848243 7.777185919283276e-05 -0.25153060017966256 "" "" "" "" 5.386351679891683e-07 0.017544567705805172 182.42 9.0 -19.55 1.62
01302058 NONE des_sn3yr_i hsiao_x1 6 10 amplitude,x1 "" 0.00841748083868763 0.1984 2456964.0327848243 7.987937541167185e-05 0.2213203823597687 "" "" "" "" 7.637443779527915e-07 0.02601416945370907 210.3 13.0 -19.61 0.756
01302058 NONE des_sn3yr_r hsiao_x1 6 8 amplitude,x1 "" 0.00841748083868763 0.1984 2456964.0327848243 7.91947731414395e-05 0.2977751399715716 "" "" "" "" 5.167895344740357e-07 0.017014851067233237 641.2 11.0 -19.59 0.681
