results/band_fits/with_ext/des_sn3yr_simple_fit_class.ecsv
# %ECSV 0.9
# ---
# datatype:
# - {name: obj_id, datatype: string}
# - {name: x, datatype: float64}
# - {name: y, datatype: float64}
# schema: astropy-2.0
obj_id x y
01248677 -134.5164090909091 -25.789923371647507
01250017 -279.40909090909093 -23.535317567567567
01253039 -1.5441428571428575 -0.5374999999999999
01253101 -2.235555555555556 -2.692051282051282
01253920 -49.87181818181819 -7.5915446428571425
01255502 -101.71416666666666 -65.75928205128206
01257366 -1.5390909090909093 -4.14794486215539
01257695 -183.7433333333333 -43.80195767195768
01258906 -1.6775909090909094 -2.380318181818182
01258940 -4.073103448275862 -0.7589655172413794
01259412 -22.419969040247675 -34.96505555555555
01261579 -87.07160714285715 -19.072232142857143
01262214 -1.1197976190476193 nan
01262715 -3.8245075757575755 -2.493888888888889
01263369 -10.903333333333332 -1.6785714285714288
01263715 -24.39195804195804 -3.0302380952380945
01275946 -126.54973809523807 -16.151985294117647
01279500 -32.96298611111111 -44.30501547987616
01280217 -0.27548076923076925 -3.9953384418901656
01281668 -6.956423611111111 -5.2758681318681315
01281886 -2.408607918263091 -1.0264613880742912
01282736 -0.7300833333333332 -0.4036875
01283373 -9.142416666666668 -9.686220159151194
01283878 -2.056590909090909 -0.2835227272727272
01283936 -0.25891119691119685 -0.2621184210526315
01285160 -1.8292369121561671 -1.7706190476190478
01285317 -0.4360688901038817 -0.3209090909090909
01286398 -5.55225 -8.600609243697479
01287626 -11.341333333333333 -14.559714285714284
01289288 -0.136687565308255 -0.741138888888889
01289555 -0.7772993311036789 -0.20823529411764707
01289600 -2.6634608695652173 -6.0929142857142855
01289656 -0.7682777777777777 -0.007251461988304175
01289664 -2.338302277432712 -6.195210727969348
01290779 -0.33047058823529407 -2.7244272445820434
01290816 -26.088660714285712 -30.745624999999997
01291080 -0.20224137931034503 -0.030909090909090997
01291090 -34.70645454545455 -5.27203007518797
01291794 -0.0580525686977299 -0.6870219435736677
01291957 -6.509982608695653 -2.6983022774327123
01292145 -0.35356944444444427 -0.742610294117647
01292195 -0.457280719689225 nan
01292332 -8.8195 -2.747869674185464
01292336 -5.537444444444444 -5.076867167919799
01292560 -16.05419607843137 -17.149213250517594
01293319 -11.658681818181817 -13.15616977225673
01293758 -60.10625 -9.959111111111113
01294014 -5.235902777777778 -8.604747474747475
01294743 -0.6695833333333334 -4.051829573934836
01295027 -0.24774193548387102 -0.4410833333333333
01295256 -1.4179491255961842 -0.428047619047619
01295305 -1.802886446886447 -4.749642857142857
01295921 -0.592285714285714 -0.6002727272727273
01296273 -1.1732417582417582 -2.3525925925925923
01296321 -5.154454545454545 -8.963372844827587
01296657 -145.2 -15.782822966507178
01297026 -5.531954545454545 -2.2517391304347827
01297465 -38.009673913043486 -25.884102564102566
01298281 -1.925895652173913 -3.3288521739130434
01298893 -inf -1.4407692307692308
01299643 -15.824296296296296 -7.778903703703704
01299775 -3.9030000000000005 -5.845326086956522
01299785 -0.6991071428571429 -1.6179761904761902
01300516 -4.598608695652173 -4.3774450549450545
01300912 -3.5111652173913046 -7.337362637362637
01301933 -16.21689393939394 -28.620173913043477
01302058 -31.48327777777778 -19.470512820512823
01302141 -0.13428526645768035 -0.27414285714285724
01302187 -2.1493333333333338 -2.569547826086957
01302523 -3.2512878787878794 -2.2331439393939396
01302648 -2.119874686716792 -4.499242424242425
01303004 -15.350344827586207 -7.999999999999999
01303279 -7.213333333333334 -7.534907692307692
01303496 -5.684000000000001 -6.072260869565217
01303883 -10.307486095661845 -3.3919301470588237
01303952 -0.8323194444444442 -0.23624999999999996
01304127 -0.27866792452830214 -0.44552287581699357
01304442 -40.20666666666667 -9.130666666666666
01304678 -1.1074107142857141 -0.9482782608695652
01305504 -5.059383928571428 -3.2826923076923076
01305626 -40.23826086956522 -10.115
01306029 -1.1104888888888889 -1.0188654060066742
01306073 -2.7885904761904765 -3.9541647597254004
01306141 -3.420769230769231 -4.138459259259259
01306360 -0.1423597678916828 -0.25369281045751635
01306390 -0.09592307692307694 -0.19015384615384617
01306537 -1.4810212765957447 -0.9512091503267973
01306626 -1.9657982120051083 -0.8183958333333334
01306785 -0.5351666666666668 -0.5812698412698413
01306980 -0.1689094339622642 -0.060904761904761906
01306991 -0.46791991101223596 -0.13591397849462367
01307277 -0.3154666666666667 -0.2684538375973304
01307830 -2.569393939393939 -1.0497435897435896
01308314 -1.7095604395604396 -2.5713571428571433
01308326 -7.358131868131868 -6.826562962962962
01308568 -0.39145699614890894 -0.2044485294117646
01308582 -2.3504761904761904 -0.5473397435897436
01308884 -209.02410714285713 -138.5025323275862
01308957 -0.5391686046511628 -0.03741758241758236
01309288 -8.056249999999999 -1.9429999999999998
01309492 -52.2143685300207 -17.20467948717949
01309749 -1.6503728813559322 nan
01310338 -0.8801262626262627 -0.7291666666666665
01310395 -0.7368965517241379 -4.196066411238824
01312274 -0.551868131868132 -0.31083333333333335
01313594 -17.078944444444446 -9.255454545454546
01314897 -4.084436090225564 -6.768302277432712
01315192 -16.866666666666667 -14.454722222222223
01315259 -6.659487179487179 -11.099791666666667
01315296 -1.8133333333333335 -0.7607268170426066
01316385 -63.523666666666664 -45.19266666666667
01316431 -192.8176785714286 -40.61641304347826
01316437 -0.2834084880636607 -0.6376785714285713
01316465 -109.3313392857143 -37.76317647058823
01317164 -3.353333333333333 -1.4813749999999999
01317277 -0.14092731829573935 -1.8920289855072463
01317286 -19.72611111111111 -11.254941520467836
01317454 -0.7124347826086959 -1.61375
01317666 -62.92428571428571 -68.81969780219781
01319366 -7.7231055900621115 -11.857125925925926
01319821 -6.1825882352941175 -3.404388888888889
01320166 -3.8077777777777784 -0.8745
01322229 -5.771769230769231 -3.3016666666666667
01322979 -9.20188888888889 -13.241190476190475
01324542 -1.8167763157894736 -0.7023809523809523
01325358 -1.0572916666666665 nan
01327978 -1.9985714285714284 -1.1374679487179487
01328066 -1.0681894821356885 -0.7459444444444443
01328105 -0.2857378335949764 -1.3480263157894739
01329166 -0.8103809995051952 -0.9402857142857144
01329196 -1.4054740740740743 -1.2325490196078432
01329312 -1.3780303030303032 -0.6258782608695651
01329615 -0.40407407407407403 -0.4432592592592593
01330031 -227.78211111111113 -98.28542362002568
01330426 -54.37028846153845 -38.2203021978022
01330642 -2.889955070603338 -5.105238095238095
01330903 -0.3983363636363637 -0.1322916666666667
01331123 -5.579697802197801 -2.1261666666666668
01331993 -1.2897252747252745 -0.2800909090909091
01332059 -0.7558087291399228 -0.5547142857142857
01332413 -1.2341708796764406 -0.5918571428571429
01333246 -0.6031451612903225 -0.6992307692307692
01333438 -0.5425672877846792 -0.7743333333333334
01334084 -5.930000000000001 -7.54943157894737
01334087 -6.890000000000001 -8.091428571428573
01334302 -0.22805555555555562 0.047166666666666635
01334423 -1.7265909090909095 -2.474734848484848
01334448 -0.25608974358974335 -0.06358974358974362
01334470 -1.3828787878787878 -0.28446969696969715
01334597 -140.88882352941178 -42.90705882352941
01334620 -1.496181818181818 -2.2723571428571434
01334644 -1.8614260869565218 -2.008509316770186
01334645 -7.1817777777777785 -6.822272727272727
01334707 -4.31107188703466 -1.5163461538461538
01334879 -1.770669642857143 -3.4657692307692307
01335472 -1.881325431034483 -0.5598181818181819
01335564 -0.7004610492845786 -0.515090909090909
01335694 -50.55524475524476 -15.96517857142857
01335717 -22.290000000000003 -14.723107769423558
01335718 -4.138008928571429 -2.8265909090909096
01335868 -1.6987163029525032 -1.442371794871795
01336008 -4.2857603686635946 -1.7019090909090908
01336009 -1.7657727272727275 -1.1846616541353383
01336453 -142.37766666666664 -39.60073529411764
01336480 -13.901616161616163 -2.6053333333333333
01336687 -12.521176470588236 -15.258125
01337117 -3.7738127090301 -1.7788888888888887
01337221 -0.5085138248847927 -0.14336363636363658
01337228 -0.26544930875576045 -0.5613636363636365
01337272 -1.5620833333333333 -0.54
01337325 -1.116990740740741 0.0043055555555555625
01337649 -28.818333333333335 -26.61666666666666
01337655 -6.694285714285714 nan
01337687 -25.865125 -20.968105263157895
01337703 -1.1604326923076922 -1.0382500000000001
01337838 -17.55666666666667 -12.431333333333331
01338128 -3.3720238095238093 -2.0078571428571426
01338170 -0.979732142857143 -1.2575
01338233 -0.1455555555555556 -0.20722222222222222
01338266 -0.2993283018867925 -0.0656725146198831
01338278 -1.3276190476190477 -0.3214285714285714
01338387 -4.258325358851674 -1.7230952380952382
01338430 -2.6115311004784685 -1.255952380952381
01338471 -0.218294314381271 -0.13138888888888883
01338675 -38.67322222222222 -16.25888888888889
01339002 -0.7465734265734267 -0.864166666666667
01339149 -1.66 -1.1216666666666666
01339392 -99.07 -3.256923076923077
01339450 -0.20007211538461522 -0.3937373737373737
01340454 -3.251517857142857 -3.4969230769230766
01341370 -11.41725 -2.63375
01341894 -5.2775 -7.848333333333334
01342255 -48.70371428571429 -60.079166666666666
01343208 -3.428151260504202 -4.707666666666666
01343337 -2.5139393939393937 -1.555
01343401 -2.725 -4.41625
01343533 -0.4864646464646466 -0.08950000000000002
01343759 -5.214663461538461 -19.8435
01343871 -2.8774999999999995 -2.1125
01344692 -0.1791666666666667 0.14500000000000002
01345553 -5.436666666666667 -7.970833333333334
01345582 -0.4374999999999999 -1.9024999999999999
01345594 -0.7742857142857142 -0.027083333333333348
01346137 -2.212083333333333 -0.9870833333333332
01346387 -13.463636363636365 -8.154603174603174
01346956 -46.30416666666667 -6.362500000000001
01346966 -14.441666666666666 -3.8933333333333335
