results/band_fits/with_ext/des_sn3yr_simple_fit_class.ecsv
# %ECSV 0.9
# ---
# datatype:
# - {name: obj_id, datatype: string}
# - {name: x, datatype: float64}
# - {name: y, datatype: float64}
# schema: astropy-2.0
obj_id x y
01248677 -134.58059090909092 -25.78590038314176
01250017 -279.41621212121214 -23.53435810810811
01253039 -1.5434603174603172 -0.5374999999999999
01253101 -2.1916666666666664 -2.693717948717949
01253920 -49.703818181818185 -7.600687499999999
01255502 -43.303333333333335 -42.252102564102564
01257366 -1.5434343434343436 -4.133032581453635
01257695 -153.35333333333335 -43.818558201058195
01258906 -1.5791818181818182 -2.3791363636363636
01258940 -1.4062579821200512 -0.4485440613026821
01259412 -22.419969040247675 -34.96672222222222
01261579 -87.07160714285715 -19.072232142857143
01262214 -1.1197976190476193 nan
01262715 -3.8245075757575755 -2.493888888888889
01263369 -10.903333333333332 -1.6785714285714288
01263715 -24.401048951048953 -3.027738095238095
01275946 -127.12657142857145 -16.17380514705882
01279500 -15.242361111111109 -44.96030959752322
01280217 -0.2517628205128204 -3.932528735632184
01281668 -6.889270833333334 -5.267208791208791
01281886 -2.409961685823755 -1.026177908113392
01282736 -0.6827291666666666 -0.40245833333333336
01283373 -9.149500000000002 -9.686220159151194
01283878 -1.5775757575757576 -0.28268939393939385
01283936 -0.204942084942085 -0.2580789473684212
01285160 -1.8283673469387753 -1.7664761904761905
01285317 -0.43438217605248775 -0.31995670995671
01286398 -4.3134999999999994 -8.601806722689076
01287626 -11.339333333333332 -14.559714285714284
01289288 -0.10432601880877734 -0.7285277777777778
01289555 -0.7785869565217391 -0.21012383900928788
01289600 -2.667339130434782 -6.081571428571428
01289656 -0.768236111111111 0.006900584795321629
01289664 -2.1631677018633546 -6.183473818646232
01290779 -0.3274509803921566 -2.721640866873065
01290816 -25.608214285714283 -30.695446428571422
01291080 -0.20758620689655194 -0.03174242424242424
01291090 -25.852545454545456 -5.273233082706766
01291794 -0.05591397849462365 -0.6908568443051204
01291957 -4.831878260869566 -2.6959006211180125
01292145 -0.35063888888888906 -0.7416176470588236
01292195 -0.4550541811490494 nan
01292332 -3.838555555555555 -2.7485964912280703
01292336 -2.081166666666667 -5.069323308270676
01292560 -15.704039215686272 -17.147867494824016
01293319 -11.309727272727272 -13.16296066252588
01293758 -60.40660714285714 -10.021222222222223
01294014 -5.236597222222223 -8.601515151515152
01294743 -0.6676388888888889 -4.0565664160401
01295027 -0.24741935483870975 -0.44247916666666665
01295256 -1.4073529411764705 -0.42761904761904757
01295305 -1.806285714285714 -4.739107142857143
01295921 -0.5735089285714287 -0.5976363636363634
01296273 -1.1699175824175827 -2.3483111111111112
01296321 -5.170454545454545 -8.963243534482757
01296657 -145.81 -15.79236842105263
01297026 -5.542454545454546 -2.248447204968944
01297465 -33.65009057971015 -25.876378205128205
01298281 -1.406469565217391 -3.3261217391304356
01298893 -inf -1.446769230769231
01299643 -15.740785185185185 -7.767822222222222
01299775 -3.9030000000000005 -5.819826086956522
01299785 -0.6964285714285716 -1.6142857142857143
01300516 -4.5992173913043475 -4.371538461538461
01300912 -3.3388869565217387 -7.33489010989011
01301933 -16.14689393939394 -28.619617391304352
01302058 -31.00605555555555 -19.433493589743588
01302141 -0.1228777429467085 -0.27554761904761915
01302187 -2.0916410256410254 -2.5704173913043475
01302523 -3.26375 -2.234431818181818
01302648 -2.082005012531328 -4.495037878787878
01303004 -15.325172413793101 -8.00344827586207
01303279 -7.248333333333333 -7.561861538461539
01303496 -5.6963333333333335 -6.038782608695652
01303883 -10.27817575083426 -3.3853492647058827
01303952 -0.8282777777777779 -0.23629166666666668
01304127 -0.279690566037736 -0.4449019607843139
01304442 -22.433333333333334 -9.064
01304678 -1.1136607142857144 -0.9505217391304347
01305504 -5.059383928571428 -3.2835256410256406
01305626 -23.54805383022774 -23.34466666666667
01306029 -0.8980888888888888 -1.018542825361513
01306073 -2.7914476190476196 -3.95837528604119
01306141 -3.4158974358974357 -4.13634074074074
01306360 -0.1362234042553191 -0.25369281045751635
01306390 -0.09592307692307694 -0.1905384615384615
01306537 -1.4857148936170215 -0.9409150326797386
01306626 -1.967675606641124 -0.8181458333333333
01306785 -0.5345000000000002 -0.5812698412698413
01306980 -0.1710452830188678 -0.05645238095238103
01306991 -0.3924916573971079 -0.1349657869012708
01307277 -0.24448888888888887 -0.2664738598442714
01307830 -2.5603409090909093 -1.0555448717948719
01308314 -1.7095329670329666 -2.5699523809523814
01308326 -7.361208791208791 -6.829392592592593
01308568 -0.376181001283697 -0.20452205882352936
01308582 -2.3574534161490686 -0.5473397435897436
01308884 -207.06089285714285 -139.0588254310345
01308957 -0.4704186046511629 -0.03532967032967027
01309288 -8.052916666666667 -1.942
01309492 -49.49960662525881 -17.202852564102564
01309749 -1.6456456086286595 nan
01310338 -0.8772979797979799 -0.7311250000000001
01310395 -0.7372413793103448 -4.195696040868455
01312274 -0.5521245421245422 -0.31083333333333335
01313594 -17.078944444444446 -9.256954545454546
01314897 -4.0762155388471175 -6.75438923395445
01315192 -16.863666666666667 -14.454722222222223
01315259 -6.659487179487179 -11.099791666666667
01315296 -1.8127777777777778 -0.7607268170426066
01316385 -63.523666666666664 -45.19266666666667
01316431 -192.8176785714286 -40.61641304347826
01316437 -0.2834084880636607 -0.6376785714285713
01316465 -109.330625 -37.76317647058823
01317164 -2.8485714285714288 -1.486125
01317277 -0.14250626566416047 -1.873457556935818
01317286 -18.434005847953216 -11.25809941520468
01317454 -0.7124347826086959 -1.61375
01317666 -41.779999999999994 -68.83587912087911
01319366 -7.268902691511387 -11.849955555555557
01319821 -6.074588235294117 -3.4038333333333335
01320166 -3.8091111111111107 -0.8719999999999999
01322229 -5.784769230769231 -3.3016666666666667
01322979 -9.202555555555557 -13.242857142857144
01324542 -1.8167763157894736 -0.7023809523809523
01325358 -1.0512499999999998 nan
01327978 -1.9999107142857144 -1.1374679487179487
01328066 -1.0637213970293056 -0.746
01328105 -0.22962715855573002 -1.3454210526315786
01329166 -0.7819891142998516 -0.9403333333333334
01329196 -1.406259259259259 -1.2319607843137257
01329312 -1.382121212121212 -0.6276869565217392
01329615 -0.317303703703704 -0.44482962962962974
01330031 -77.90155555555556 -98.43306803594353
01330426 -52.445801282051285 -38.184972527472524
01330642 -2.8896919127086003 -5.106071428571429
01330903 -0.4011181818181816 -0.10854166666666665
01331123 -5.573186813186814 -2.126904761904762
01331993 -1.2899816849816854 -0.2800909090909091
01332059 -0.7331001283697048 -0.5522857142857143
01332413 -1.2341708796764406 -0.5918571428571429
01333246 -0.6012701612903225 -0.6984615384615385
01333438 -0.5352795031055901 -0.7728333333333333
01334084 -5.9350000000000005 -7.550463157894738
01334087 -6.8875 -8.074714285714286
01334302 -0.22805555555555562 0.047166666666666635
01334423 -1.7288257575757577 -2.4729166666666664
01334448 -0.25608974358974335 -0.06358974358974362
01334470 -1.3828787878787878 -0.28446969696969715
01334597 -130.8917647058824 -42.90705882352941
01334620 -1.5234545454545456 -2.2692946428571426
01334644 -1.857113043478261 -2.011925465838509
01334645 -7.195166666666667 -6.818863636363637
01334707 -4.322875481386394 -1.756025641025641
01334879 -1.7706964285714284 -3.4657692307692307
01335472 -1.8444612068965514 -0.5598181818181819
01335564 -0.5875198728139905 -0.515090909090909
01335694 -50.16706293706294 -15.955892857142857
01335717 -22.290000000000003 -14.723107769423558
01335718 -4.138008928571429 -2.8265909090909096
01335868 -1.6987163029525032 -1.442371794871795
01336008 -4.2857603686635946 -1.7019090909090908
01336009 -1.7657727272727275 -1.1846616541353383
01336453 -142.38133333333332 -39.60073529411764
01336480 -13.907171717171718 -2.6020000000000003
01336687 -12.521176470588236 -15.258125
01337117 -3.7742474916387954 -1.780138888888889
01337221 -0.5085138248847927 -0.14336363636363658
01337228 -0.2333064516129033 -0.5613636363636365
01337272 -1.2082738095238095 -0.54
01337325 -1.1174074074074076 0.0043055555555555625
01337649 -27.569333333333333 -26.618666666666666
01337655 -6.693019480519481 nan
01337687 -25.86575 -20.96877192982456
01337703 -1.1611298076923078 -1.0382500000000001
01337838 -17.557333333333332 -12.430666666666665
01338128 -3.3728571428571428 -2.007142857142857
01338170 -0.979732142857143 -1.2575
01338233 -0.14513888888888898 -0.2059722222222222
01338266 -0.2993283018867925 -0.0656725146198831
01338278 -1.3276190476190477 -0.3214285714285714
01338387 -4.258253588516746 -1.7230952380952382
01338430 -2.6141626794258372 -1.2576190476190476
01338471 -0.21704013377926423 -0.13138888888888883
01338675 -37.87322222222223 -16.241746031746032
01339002 -0.7465734265734267 -0.864166666666667
01339149 -1.660588235294118 -1.1216666666666666
01339392 -98.99 -3.257692307692308
01339450 -0.20007211538461522 -0.3937373737373737
01340454 -3.250803571428571 -3.4969230769230766
01341370 -11.413499999999999 -2.64125
01341894 -5.279166666666666 -7.845
01342255 -48.455714285714286 -59.986666666666665
01343208 -3.4274369747899156 -4.683666666666667
01343337 -2.5139393939393937 -1.555
01343401 -2.725 -4.41625
01343533 -0.4864646464646466 -0.08950000000000002
01343759 -5.214663461538461 -19.840999999999998
01343871 -2.8763888888888887 -2.1125
01344692 -0.1791666666666667 0.14500000000000002
01345553 -5.433333333333334 -7.974166666666666
01345582 -0.3452777777777777 -1.9024999999999999
01345594 -0.7742857142857142 -0.027083333333333348
01346137 -2.2104166666666663 -0.9870833333333332
01346387 -13.462525252525252 -8.153174603174604
01346956 -46.30416666666667 -6.362500000000001
01346966 -14.444166666666668 -3.8933333333333335
