results/band_fits/with_ext/des_sn3yr_mcmc_fit_fits.ecsv
# %ECSV 0.9
# ---
# datatype:
# - {name: obj_id, datatype: string}
# - {name: message, datatype: string}
# - {name: band, datatype: string}
# - {name: source, datatype: string}
# - {name: pre_max, datatype: int64}
# - {name: post_max, datatype: int64}
# - {name: vparams, datatype: string}
# - {name: c, datatype: float64}
# - {name: mwebv, datatype: float64}
# - {name: z, datatype: float64}
# - {name: t0, datatype: float64}
# - {name: amplitude, datatype: float64}
# - {name: x1, datatype: float64}
# - {name: c_err, datatype: float64}
# - {name: mwebv_err, datatype: float64}
# - {name: z_err, datatype: float64}
# - {name: t0_err, datatype: float64}
# - {name: amplitude_err, datatype: float64}
# - {name: x1_err, datatype: float64}
# - {name: chisq, datatype: float64}
# - {name: ndof, datatype: float64}
# - {name: b_max, datatype: float64}
# - {name: delta_15, datatype: float64}
# meta: !!omap
# - band_names: !!python/tuple [des_sn3yr_g, des_sn3yr_r, des_sn3yr_i, des_sn3yr_z, des_sn3yr_y]
# - lambda_eff: !!python/tuple [5270, 6590, 7890, 9760, 10030]
# - {fit_func: mcmc_fit}
# - {out_path: /global/u1/d/djp81/Photometric-Classification/results/band_fits/with_ext/des_sn3yr_mcmc_fit_fits.ecsv}
# schema: astropy-2.0
obj_id message band source pre_max post_max vparams c mwebv z t0 amplitude x1 c_err mwebv_err z_err t0_err amplitude_err x1_err chisq ndof b_max delta_15
[from data line 862]
01306537 NONE des_sn3yr_z hsiao_x1 4 16 amplitude,x1 "" 0.012567273715327502 0.4795 2457287.2739704037 -2.8221327747214747e-05 0.14226132456348933 "" "" "" "" 9.751277387678688e-07 0.10137660114455804 14.0 18.0 -19.57 0.847
01306537 NONE all sn91bg 12 64 t0,amplitude,x1,c 0.01186211920861588 0.012567273715327502 0.4795 2457286.0513851875 2.845734084203742e-17 1.2176272631129919 0.03282401926107649 "" "" 0.5478140594276869 2.2419997827243595e-18 0.050877624007254374 405.9 72.0 -19.34 1.468
01306537 NONE des_sn3yr_g sn91bg 3 15 amplitude,x1,c 0.6197846278757306 0.012567273715327502 0.4795 2457286.0513851875 6.161178126195308e-16 1.0442622900350131 0.2993550099090642 "" "" "" 4.2259520749402475e-16 0.10339240946322058 59.75 15.0 -21.37 1.614
01306537 NONE des_sn3yr_i sn91bg 3 16 amplitude,x1,c 0.546800169237281 0.012567273715327502 0.4795 2457286.0513851875 4.9745077932159925e-17 1.2185170777735927 0.29203604326009985 "" "" "" 1.3358867369454504e-17 0.025813549051458634 23.26 16.0 -18.91 1.468
01306537 NONE des_sn3yr_r sn91bg 3 16 amplitude,x1,c 0.2846939598616351 0.012567273715327502 0.4795 2457286.0513851875 7.535770570855654e-17 1.228467281792874 0.2374820762919201 "" "" "" 4.2740261336022725e-17 0.01992287101331751 90.4 16.0 -19.88 1.461
01306537 NONE des_sn3yr_z sn91bg 3 17 amplitude,x1,c 0.5555736472201052 0.012567273715327502 0.4795 2457286.0513851875 2.953913215440848e-17 1.2117683872499172 0.29725539704962545 "" "" "" 6.187546296222654e-18 0.03412514916576735 31.56 17.0 -18.33 1.473
01306626 NONE all hsiao_x1 16 57 t0,amplitude,x1 "" 0.011017806922530238 0.4095 2457283.735997551 -1.3531789684342468e-05 0.05846392157307441 "" "" "" 1.6763911713470658 3.0153336345201335e-05 0.08310792083283278 2467.79 66.0 -17.56 0.96
01306626 NONE des_sn3yr_g hsiao_x1 4 13 amplitude,x1 "" 0.011017806922530238 0.4095 2457283.735997551 -3.3011869519931297e-05 0.022641565221295658 "" "" "" "" 7.486811482568066e-07 0.08076588625199177 6.81 14.0 -19.5 1.014
01306626 NONE des_sn3yr_i hsiao_x1 4 14 amplitude,x1 "" 0.011017806922530238 0.4095 2457283.735997551 -3.3895675650777615e-05 0.011343223495435064 "" "" "" "" 7.318526224653428e-07 0.06293379027485212 6.98 15.0 -19.56 1.032
01306626 NONE des_sn3yr_r hsiao_x1 4 14 amplitude,x1 "" 0.011017806922530238 0.4095 2457283.735997551 -3.314453995223982e-05 0.07666209124538072 "" "" "" "" 5.953224145462298e-07 0.048969084863174264 25.41 15.0 -19.51 0.934
01306626 NONE des_sn3yr_z hsiao_x1 4 16 amplitude,x1 "" 0.011017806922530238 0.4095 2457283.735997551 -3.312175212706979e-05 -0.021376427438058856 "" "" "" "" 1.0460120021630995e-06 0.08339568166150114 12.62 17.0 -19.51 1.087
01306626 NONE all sn91bg 16 57 t0,amplitude,x1,c 0.006066810114905851 0.011017806922530238 0.4095 2457282.9452069113 3.553535344148339e-17 1.2071926054500655 0.014398755054775402 "" "" 0.5151424846294709 1.5868779446280556e-18 0.03280426453334409 548.73 65.0 -19.17 1.476
01306626 NONE des_sn3yr_g sn91bg 4 13 amplitude,x1,c 0.5136348047409436 0.011017806922530238 0.4095 2457282.9452069113 5.08266553951599e-16 0.9458274301033269 0.26299566098616217 "" "" "" 3.582431529850865e-16 0.1290392815427061 57.95 13.0 -20.86 1.726
01306626 NONE des_sn3yr_i sn91bg 4 14 amplitude,x1,c 0.5300944375471136 0.011017806922530238 0.4095 2457282.9452069113 5.194997956561638e-17 1.2270886252469901 0.27144641136636277 "" "" "" 1.1956769468035467e-17 0.02017812691452705 20.24 14.0 -18.59 1.462
01306626 NONE des_sn3yr_r sn91bg 4 14 amplitude,x1,c 0.3105773647092099 0.011017806922530238 0.4095 2457282.9452069113 8.045414050865481e-17 1.225850531195012 0.21870119481036768 "" "" "" 3.1472821685300566e-17 0.022156802587608698 73.94 14.0 -19.5 1.462
01306626 NONE des_sn3yr_z sn91bg 4 16 amplitude,x1,c 0.5795653717540697 0.011017806922530238 0.4095 2457282.9452069113 3.38681544474291e-17 1.1812759622199114 0.2860723084691268 "" "" "" 6.787006322992201e-18 0.05588797894576475 26.66 16.0 -18.0 1.496
01306785 NONE all hsiao_x1 22 20 t0,amplitude,x1 "" 0.018678733949584424 0.5787 2457282.7231932245 8.409884103461565e-06 0.15617434313592024 "" "" "" 2.961346648575443 1.8453266601405118e-05 0.23170388926186997 303.39 31.0 -17.43 0.83
01306785 NONE des_sn3yr_g hsiao_x1 5 5 amplitude,x1 "" 0.018678733949584424 0.5787 2457282.7231932245 1.6601646193572415e-05 0.17405038642936044 "" "" "" "" 1.2646430093837864e-05 0.2499574905449727 12.57 6.0 -18.91 0.809
01306785 NONE des_sn3yr_i hsiao_x1 6 5 amplitude,x1 "" 0.018678733949584424 0.5787 2457282.7231932245 2.1884399436513883e-05 0.04745363950044128 "" "" "" "" 1.3297940618044936e-06 0.20723466569761323 0.88 7.0 -19.51 0.976
01306785 NONE des_sn3yr_r hsiao_x1 5 4 amplitude,x1 "" 0.018678733949584424 0.5787 2457282.7231932245 2.148146248798478e-05 -0.0535695583124469 "" "" "" "" 9.419728686542662e-07 0.16007939229622076 1.42 5.0 -19.47 1.145
01306785 NONE des_sn3yr_z hsiao_x1 6 6 amplitude,x1 "" 0.018678733949584424 0.5787 2457282.7231932245 2.369777492404356e-05 -0.04006614765674773 "" "" "" "" 1.6037150935471278e-06 0.23197783344922776 7.08 8.0 -19.68 1.12
01306785 NONE all sn91bg 22 20 t0,amplitude,x1,c 0.03344828930150291 0.018678733949584424 0.5787 2457284.1416035765 2.5481965775714268e-17 0.9866439727780265 0.04222187287553774 "" "" 0.9426608298816468 4.755064047850183e-18 0.12159242074259995 53.07 30.0 -19.49 1.676
01306785 NONE des_sn3yr_g sn91bg 5 5 amplitude,x1,c 0.5823894785412161 0.018678733949584424 0.5787 2457284.1416035765 2.65448878625784e-16 0.9652539482940589 0.2627090109621525 "" "" "" 1.7016665452451347e-16 0.1547935856797879 12.43 5.0 -20.95 1.702
01306785 NONE des_sn3yr_i sn91bg 6 5 amplitude,x1,c 0.6031186005406595 0.018678733949584424 0.5787 2457284.1416035765 4.394189454110057e-17 1.0635430322488788 0.287438889783992 "" "" "" 1.600052411069244e-17 0.12464954471892825 4.36 6.0 -19.04 1.596
01306785 NONE des_sn3yr_r sn91bg 5 4 amplitude,x1,c 0.5331061794331293 0.018678733949584424 0.5787 2457284.1416035765 1.3553472478234725e-16 0.9647146279897508 0.3005641241692646 "" "" "" 9.242597069433619e-17 0.17190080604413838 19.7 4.0 -20.31 1.702
01306785 NONE des_sn3yr_z sn91bg 6 6 amplitude,x1,c 0.5583889649653053 0.018678733949584424 0.5787 2457284.1416035765 2.9206070697352507e-17 1.0406624045029982 0.2876297320930748 "" "" "" 9.468782795232474e-18 0.12553509190731263 10.4 7.0 -18.66 1.618
01306980 NONE all hsiao_x1 24 62 t0,amplitude,x1 "" 0.006497608426653701 0.5489 2457281.790771792 -8.12018543218583e-06 -0.07054792153487274 "" "" "" 1.8944111675429864 1.9148666914494736e-05 0.1241794796137282 309.14 79.0 -17.22 1.178
01306980 NONE des_sn3yr_g hsiao_x1 6 12 amplitude,x1 "" 0.006497608426653701 0.5489 2457281.790771792 -7.389744228140913e-06 -0.12070025096326699 "" "" "" "" 1.2889521747832324e-05 0.22326861241061804 26.05 15.0 -17.01 1.282
01306980 NONE des_sn3yr_i hsiao_x1 6 16 amplitude,x1 "" 0.006497608426653701 0.5489 2457281.790771792 -2.2245644668027516e-05 -0.19065392284453403 "" "" "" "" 1.5977757117547354e-06 0.13734821767788888 11.18 19.0 -19.41 1.449
01306980 NONE des_sn3yr_r hsiao_x1 6 16 amplitude,x1 "" 0.006497608426653701 0.5489 2457281.790771792 -2.1307443106289777e-05 0.012812739873009857 "" "" "" "" 1.1304388411676858e-06 0.13044976591875995 17.31 19.0 -19.31 1.029
01306980 NONE des_sn3yr_z hsiao_x1 6 18 amplitude,x1 "" 0.006497608426653701 0.5489 2457281.790771792 -2.3015061561382323e-05 -0.09797473298237619 "" "" "" "" 1.6614398910718964e-06 0.16546147412201762 12.21 21.0 -19.48 1.234
01306980 NONE all sn91bg 24 62 t0,amplitude,x1,c 0.031411753349744546 0.006497608426653701 0.5489 2457280.458905414 1.7471707985894947e-17 1.132218082321367 0.027737615538356387 "" "" 1.2256463585382693 1.995662755375893e-18 0.08305005984127796 92.02 82.0 -19.06 1.535
01306980 NONE des_sn3yr_g sn91bg 6 12 amplitude,x1,c 0.6805370821960063 0.006497608426653701 0.5489 2457280.458905414 1.9018165064087794e-16 0.8896739392966608 0.2653069918183062 "" "" "" 1.3255063431649826e-16 0.1611484842404595 22.77 15.0 -20.2 1.801
01306980 NONE des_sn3yr_i sn91bg 6 16 amplitude,x1,c 0.5968954981945179 0.006497608426653701 0.5489 2457280.458905414 3.353765969650109e-17 1.059742181728315 0.28083232816496984 "" "" "" 1.0711978675848886e-17 0.1262456797032631 14.43 19.0 -18.62 1.599
01306980 NONE des_sn3yr_r sn91bg 6 16 amplitude,x1,c 0.4827684658539746 0.006497608426653701 0.5489 2457280.458905414 7.56535753731507e-17 1.157611009120392 0.2692017235498708 "" "" "" 4.417828768522975e-17 0.07952546767877355 25.49 19.0 -19.79 1.515
01306980 NONE des_sn3yr_z sn91bg 6 18 amplitude,x1,c 0.5200415108055214 0.006497608426653701 0.5489 2457280.458905414 2.4067303436626494e-17 1.0439840394973081 0.2813113945558205 "" "" "" 7.174990030470208e-18 0.14023597970314866 13.38 21.0 -18.38 1.615
01306991 NONE all hsiao_x1 17 55 t0,amplitude,x1 "" 0.010175714507862966 0.4217 2457288.3129699957 -2.5678021894798346e-05 -0.10609228399453013 "" "" "" 3.310613104869241 1.7787967038921065e-05 0.14875368160007738 111.74 69.0 -19.03 1.251
01306991 NONE des_sn3yr_g hsiao_x1 4 13 amplitude,x1 "" 0.010175714507862966 0.4217 2457288.3129699957 -2.8835690386968417e-05 0.01516587832805838 "" "" "" "" 2.317754132782255e-06 0.1278822080636776 18.61 15.0 -19.28 1.026
01306991 NONE des_sn3yr_i hsiao_x1 4 13 amplitude,x1 "" 0.010175714507862966 0.4217 2457288.3129699957 -3.2231394787120126e-05 0.05820599965275708 "" "" "" "" 2.713748001447017e-06 0.19336798660929064 4.17 15.0 -19.52 0.96
01306991 NONE des_sn3yr_r hsiao_x1 4 14 amplitude,x1 "" 0.010175714507862966 0.4217 2457288.3129699957 -3.1811190776906396e-05 0.03779552903583339 "" "" "" "" 1.7796066782871865e-06 0.10156413681398042 9.08 16.0 -19.5 0.99
01306991 NONE des_sn3yr_z hsiao_x1 5 15 amplitude,x1 "" 0.010175714507862966 0.4217 2457288.3129699957 -3.208859854681918e-05 -0.09165980111434437 "" "" "" "" 2.517748391767962e-06 0.1701908192917243 7.84 18.0 -19.51 1.22
01306991 NONE all sn91bg 16 56 t0,amplitude,x1,c 0.01590995809838582 0.010175714507862966 0.4217 2457285.795634165 3.226353229404141e-17 1.1995832837358513 0.015616671040656414 "" "" 0.7859356185047206 2.3909630289483473e-18 0.04007808621948488 114.52 68.0 -19.12 1.482
01306991 NONE des_sn3yr_g sn91bg 4 13 amplitude,x1,c 0.6378441507100668 0.010175714507862966 0.4217 2457285.795634165 5.46571390210264e-16 1.0385538462792312 0.29784361980811713 "" "" "" 3.447219721452854e-16 0.09432387345481875 30.03 14.0 -20.87 1.62
01306991 NONE des_sn3yr_i sn91bg 4 13 amplitude,x1,c 0.5622895105694506 0.010175714507862966 0.4217 2457285.795634165 6.14033945403703e-17 1.1196775700852397 0.28872714097009594 "" "" "" 1.9485363955886524e-17 0.09815728703288422 8.17 14.0 -18.7 1.545
01306991 NONE des_sn3yr_r sn91bg 4 14 amplitude,x1,c 0.464396879087826 0.010175714507862966 0.4217 2457285.795634165 1.1262192984513425e-16 1.164604864696823 0.2750523263528579 "" "" "" 5.444121456670252e-17 0.0667258498488236 21.06 15.0 -19.58 1.509
01306991 NONE des_sn3yr_z sn91bg 4 16 amplitude,x1,c 0.5439633610482338 0.010175714507862966 0.4217 2457285.795634165 3.533253387132869e-17 1.052963803435165 0.2800980496189699 "" "" "" 1.0141632596735146e-17 0.13002218377518202 10.11 17.0 -18.08 1.606
01307277 NONE all hsiao_x1 15 55 t0,amplitude,x1 "" 0.03049368298288853 0.4107 2457282.7623253115 1.6770867539265063e-05 0.06963855137309355 "" "" "" 1.9968443676943095 2.1530674835237257e-05 0.13630982638999306 298.09 63.0 -18.04 0.944
01307277 NONE des_sn3yr_g hsiao_x1 3 12 amplitude,x1 "" 0.03049368298288853 0.4107 2457282.7623253115 2.6203112191992895e-05 -0.03292280339070088 "" "" "" "" 1.325288875375824e-06 0.20541953205334873 6.5 12.0 -19.01 1.107
01307277 NONE des_sn3yr_i hsiao_x1 4 14 amplitude,x1 "" 0.03049368298288853 0.4107 2457282.7623253115 2.8346978467318602e-05 0.10767580026578803 "" "" "" "" 1.282623922908034e-06 0.15881985140537905 5.57 15.0 -19.18 0.891
01307277 NONE des_sn3yr_r hsiao_x1 4 14 amplitude,x1 "" 0.03049368298288853 0.4107 2457282.7623253115 2.5774867031432426e-05 -0.020698213486766027 "" "" "" "" 1.1621849582634183e-06 0.13267233928085423 8.21 15.0 -18.97 1.085
01307277 NONE des_sn3yr_z hsiao_x1 4 15 amplitude,x1 "" 0.03049368298288853 0.4107 2457282.7623253115 3.11346138055908e-05 0.049042776954409596 "" "" "" "" 1.572639696495952e-06 0.15235726003339076 4.78 16.0 -19.38 0.973
01307277 NONE all sn91bg 15 55 t0,amplitude,x1,c 0.023245122587138133 0.03049368298288853 0.4107 2457283.088927538 2.653863660283235e-17 1.1672493179830212 0.023634948528204934 "" "" 0.8176640392151029 2.1519033441410554e-18 0.060777460181139484 80.96 62.0 -18.8 1.507
01307277 NONE des_sn3yr_g sn91bg 3 12 amplitude,x1,c 0.6585110912586642 0.03049368298288853 0.4107 2457283.088927538 5.039918839266046e-16 0.9177990129662932 0.30650626733573 "" "" "" 3.318772855020766e-16 0.15244947440338352 25.47 11.0 -20.57 1.762
01307277 NONE des_sn3yr_i sn91bg 4 14 amplitude,x1,c 0.5870333817184161 0.03049368298288853 0.4107 2457283.088927538 4.2397331898214114e-17 1.1774527141040736 0.277409794264014 "" "" "" 1.0476772976347675e-17 0.06088622675398942 11.29 14.0 -18.23 1.499
01307277 NONE des_sn3yr_r sn91bg 4 14 amplitude,x1,c 0.5779946281853364 0.03049368298288853 0.4107 2457283.088927538 8.958922233351299e-17 1.0927327778621319 0.29641695074174823 "" "" "" 4.224759300716853e-17 0.11043738327290477 16.17 14.0 -18.99 1.569
01307277 NONE des_sn3yr_z sn91bg 4 15 amplitude,x1,c 0.5181612958525443 0.03049368298288853 0.4107 2457283.088927538 3.0253110446340464e-17 1.1392783118110714 0.2831755268984307 "" "" "" 6.6915337351692966e-18 0.09272229395164644 8.77 15.0 -17.95 1.529
01307830 NONE all hsiao_x1 11 48 t0,amplitude,x1 "" 0.005814789258737768 0.3493 2457285.7145921267 3.174980701059077e-05 -0.15145524066470512 "" "" "" 0.8815503599379584 3.967473213688025e-06 0.0726234035782568 49.74 55.0 -19.01 1.352
01307830 NONE des_sn3yr_g hsiao_x1 2 11 amplitude,x1 "" 0.005814789258737768 0.3493 2457285.7145921267 3.2634151737631655e-05 -0.24369086285461408 "" "" "" "" 7.658913814334937e-07 0.04224946822114266 7.44 11.0 -19.07 1.597
01307830 NONE des_sn3yr_i hsiao_x1 4 12 amplitude,x1 "" 0.005814789258737768 0.3493 2457285.7145921267 3.2603007071658396e-05 -0.15420270959782864 "" "" "" "" 5.736988636067132e-07 0.04640241105799133 2.94 13.0 -19.07 1.358
01307830 NONE des_sn3yr_r hsiao_x1 3 12 amplitude,x1 "" 0.005814789258737768 0.3493 2457285.7145921267 3.252858542615222e-05 -0.14990749950070825 "" "" "" "" 3.281324677939274e-07 0.02333084834845461 8.02 13.0 -19.06 1.348
01307830 NONE des_sn3yr_z hsiao_x1 2 13 amplitude,x1 "" 0.005814789258737768 0.3493 2457285.7145921267 3.4164465137174674e-05 -0.17722467671308717 "" "" "" "" 9.381668817515974e-07 0.04476223267006095 4.57 13.0 -19.17 1.415
01307830 NONE all sn91bg 11 48 t0,amplitude,x1,c 0.0026090745392935385 0.005814789258737768 0.3493 2457285.5755202286 3.7285777749940927e-17 1.046987397334157 0.003020764498725365 "" "" 0.23152849574359674 3.3227308345204976e-18 0.06937942509274193 661.93 54.0 -18.69 1.612
01307830 NONE des_sn3yr_g sn91bg 2 11 amplitude,x1,c 0.44659596817978964 0.005814789258737768 0.3493 2457285.5755202286 2.9970919810662767e-16 0.9533556195001822 0.26903918551127837 "" "" "" 1.9659241850285615e-16 0.058746187749900786 101.84 10.0 -20.03 1.716
01307830 NONE des_sn3yr_i sn91bg 4 12 amplitude,x1,c 0.5864709694734271 0.005814789258737768 0.3493 2457285.5755202286 4.1948871433883473e-17 1.2146967267245872 0.281450321118352 "" "" "" 9.006276121581684e-18 0.028725894472750094 7.1 12.0 -17.84 1.47
01307830 NONE des_sn3yr_r sn91bg 3 12 amplitude,x1,c 0.20519447084970424 0.005814789258737768 0.3493 2457285.5755202286 5.0236905213695696e-17 1.2027300508404903 0.18676741551679754 "" "" "" 1.6365069327111892e-17 0.0307573138726831 68.04 12.0 -18.77 1.479
