results/band_fits/with_ext/sdss_sako18_simple_fit_class.ecsv
# %ECSV 0.9
# ---
# datatype:
# - {name: obj_id, datatype: string}
# - {name: x, datatype: float64}
# - {name: y, datatype: float64}
# schema: astropy-2.0
obj_id x y
[from data line 2816]
18485 -0.8716666666666666 -1.0657142857142852
18486 -3.1839190687361416 -1.1110217113665388
1850 -0.47798245614035095 0.0692105263157895
18516 -36.0625 -5.932083333333333
18539 -5.651250000000001 -11.8113888888889
18582 -0.32627108433734975 -0.8289125214408231
18584 -2.2531410256410247 -1.6129487179487179
18585 -0.9467582417582419 -1.1193406593406592
18586 -3.0392857142857137 -1.4875892857142854
18587 -1.9115714285714276 -1.2320952380952381
18588 -0.43634032634032627 -0.21898601398601403
18589 -0.7479720279720281 -0.10412587412587404
18590 -22.946691729323305 -31.153060606060613
18593 -3.3203787878787883 -0.7156818181818179
18596 -394.4625913043478 -592.5196939586644
18598 -0.32987179487179463 -2.1696703296703292
18601 -1.9585858585858589 -0.9240151515151518
18602 -18.219636363636365 -3.652636363636364
18604 -0.07401656314699778 -0.2934161490683229
18606 -0.13489898989899007 -0.3729166666666667
18607 -2.3256111111111117 -0.5510833333333333
18610 -2.7370196078431377 -0.09458823529411742
18612 -6.055664335664336 -6.221048951048951
18615 -0.44707264957264936 -0.4731730769230773
18617 -0.335793650793651 0.027142857142857135
18618 -3.9864242424242424 -0.7695454545454546
18619 -3.125092592592593 -0.3816666666666667
18620 -1.5032692307692304 -0.9567948717948722
18621 -7.9024090909090905 -1.13930303030303
18623 -1.6065112781954887 -1.439634782608696
18624 -3.0429166666666663 -1.5752777777777776
18626 -0.36009615384615423 -0.3325641025641026
18628 -3.1129304029304024 -1.6758241758241756
18629 -3.474679487179487 -0.697008547008547
18630 -0.31477272727272765 -0.3262500000000004
18635 -4.579957264957265 -1.094647435897436
18642 0.6702424242424243 -0.09245454545454546
18643 0.010181818181818514 -0.963303030303031
18644 -0.8655011655011657 -1.0627622377622377
18647 -0.6491666666666664 -1.5859523809523814
1865 -1.7771368509564853 -0.21874269005847957
18650 -20.652310606060606 -13.38161616161616
18651 -0.35130036630036643 -0.3238736263736264
18653 -2.665000000000001 -0.5718888888888891
1866 -0.09458874458874456 -0.21589285714285733
18660 -3.018142857142859 -2.296507936507936
18661 -5.251190476190479 -2.1739880952380966
18662 -4.566904761904761 -2.5327142857142855
18664 -0.9726190476190473 -4.280809523809525
18666 -0.39949999999999997 -0.31474999999999986
18668 -0.003642857142857281 -0.9461428571428576
18671 -6.399454545454547 -1.534090909090909
18673 -1.112767857142856 -2.7029166666666686
18676 -2.14 -0.6504090909090909
18678 -1.5544444444444445 -2.1430303030303026
18679 -2.298333333333333 -0.2865277777777777
18680 -2.040062111801241 -2.821868686868687
18684 -14.231140819964349 -7.952142857142856
18686 -9.415666666666667 -2.048
18688 -1.669611973392461 -0.885
18689 -8.444107142857145 -1.954017857142857
18690 0.21604767184035478 -0.21904761904761916
18691 -3.372824133504493 -0.6785439560439563
18692 -0.5255686274509803 -5.82110294117647
18693 -0.31064130434782644 0.023794642857142723
18694 -4.390714285714285 -0.6734047619047618
18697 -50.66728571428571 -22.049539682539685
18700 -17.117642857142858 -30.115319444444438
18701 -2.6873226544622426 -0.2533333333333334
18703 -1.8409752747252746 -0.23967032967032953
18704 -0.8784926470588237 -0.27207720588235285
18705 -4.354826700898588 -1.2088736263736264
18709 -33.36112179487179 -7.055192307692308
1871 -1.3636819172113284 -0.22096405228758176
18711 -1.9565010351966878 -0.23277777777777775
18713 -5.493484848484849 -5.782803030303029
18715 -4.988031746031746 -2.4278809523809537
18718 -0.7586764705882352 -0.15166666666666684
18721 -0.24475183823529412 -0.30761029411764707
18722 -1.0875827205882351 -0.06758169934640534
18723 -1.9598495070057087 -1.4274553571428572
18726 -0.7710793650793653 -0.5367857142857142
18727 -2.2795635430038517 -0.5940384615384617
18728 -1.0176929824561416 -0.2196184210526314
18729 -1.7634508348794071 -0.6223839009287926
18733 -3.253331648129424 -1.0258541666666665
18734 -54.50704545454545 -49.50712121212122
18737 -14.723555555555553 -2.626833333333333
18738 -1.668039772727273 0.23511363636363636
18740 -4.224463545981774 -1.946264822134388
18741 -0.2208253968253967 -0.15216666666666634
18743 -5.032751322751324 -0.09857142857142853
18746 -0.7959607843137255 -0.3695735294117647
18747 0.26479020979020984 0.5175
18748 -1.8270822510822509 -0.505141612200436
18749 -0.3600793650793652 -0.8510476190476192
18751 12.280129870129871 3.0360000000000014
18760 -2.999259259259259 -1.2150000000000003
18761 -0.2108333333333332 -0.10138392857142864
18767 -0.449550997782705 -0.22145238095238118
18768 -2.9135806174957115 -0.9541111111111109
18769 -4.3748000000000005 -0.6264216634429403
18770 -1.609351323300467 -0.5283035714285713
18771 -2.9665446428571443 -1.3415151515151513
18772 -7.336869565217391 -1.3008928571428573
18774 -5.071153846153846 -1.3829861111111112
18775 -3.4298488372093017 -0.8767380952380952
18776 0.5993956043956046 0.11670329670329704
18777 -3.275999999999999 -0.8083333333333335
18778 -2.3112002567394097 -0.319037037037037
18779 -0.3389440993788819 -0.5059375
18780 -4.88491452991453 -1.2072527472527472
18782 -1.858499820981024 -0.08666666666666667
18783 -1.4029398436614935 -1.4201610992655773
18784 -1.1858664546899844 -0.3309615384615385
18786 -0.16304029304029322 -0.3281868131868131
18787 -0.7955578619615983 -0.865892857142857
18789 -0.7422619047619048 -0.5565628476084534
18793 -4.659432432432434 -1.1907111111111113
18795 -1.929142857142857 nan
18797 -0.1346943059564416 -0.17364613880742907
18799 -1.2979124849458046 -2.014341013824885
18800 -0.40205128205128204 -0.03533653846153839
18801 -0.21937728937728945 -0.049093406593406774
18802 -0.07631009615384621 -0.5035096153846157
18803 -0.17534920634920637 -0.18999999999999995
18804 -8.239661274014155 -1.1855839822024474
18807 -2.631363636363636 -1.4692347826086958
18809 -6.095619658119658 -5.873822222222222
18812 -2.1658081395348834 -0.3389791666666666
18813 -2.3897006651884705 -0.3796218020022253
18814 -1.5385658536585365 -1.125420168067227
18817 -2.2013540031397176 -0.6757026143790856
18818 -4.001324786324786 -0.3481037037037037
18821 -1.883458333333334 -0.8575208333333334
18822 -2.3344669365721993 -1.4811538461538467
18823 -7.5652467105263135 -1.7709166666666667
18824 -0.21789961389961388 -0.1090643274853802
18827 -4.576184782608696 -2.3120982142857134
18830 -1.4035353535353534 -0.505151515151515
18831 -3.0281111111111105 -1.6345416666666661
18832 -0.7900366300366299 -1.34532967032967
18834 -4.6273614190687375 -1.4310238095238095
18835 -19.124699248120297 -9.183182608695654
18836 -0.24890909090909086 -0.206942084942085
18838 -1.6542105263157896 -0.40692307692307694
18839 -0.14483757682177378 0.028125000000000178
18842 -1.984889705882353 -1.5783455882352941
18848 -1.0940789473684207 -0.1349999999999998
18850 -1.2661000000000002 -0.8750000000000001
18851 -0.19437564499483995 -0.36700366300366305
18852 -0.11470231729055247 -0.12401098901098906
18854 -3.0731785714285715 -0.9845454545454546
18855 -5.540735294117647 -7.915944055944057
1886 -2.672566425120772 -2.5791304347826083
1887 0.15130681818181824 -0.9987247474747478
18878 -1.9883809523809521 -0.43176190476190524
18884 -0.2556798245614036 -0.030146198830409476
1889 -0.03927949709864631 -0.7002291666666669
18890 0.5556818181818177 5.748226495726495
18892 -9.600101010101012 -4.192575757575757
18893 -0.4949145299145299 0.10467948717948716
18894 -6.19493984962406 -1.54125
18898 -40.91445454545455 -29.624030303030302
18903 -3.2983080808080816 -3.685833333333333
18907 -0.1301269841269843 -1.2024285714285716
18909 -4.653151515151515 -0.08200000000000018
18914 -4.019603174603175 -1.318378033205619
18915 -4.420750962772786 -0.6484065934065935
18917 -0.365375 -0.46951124144672507
18918 -1.5738525498891351 -0.6126428571428575
18920 -0.6426562499999999 -0.14651785714285714
18921 -0.289542483660131 -0.4868031189083819
18927 -0.33925396825396836 -1.0769047619047623
18930 -6.441060606060606 -0.4346969696969697
18933 -0.46031512605042013 -0.374327731092437
18934 -3.5266031746031743 -0.49319047619047596
18935 -0.7451481481481483 -0.5821666666666668
18936 -0.29449074074074066 -0.8385069444444444
18940 -3.5749282296650726 -0.7711538461538461
18941 -0.4105000000000001 -0.16345185185185185
18942 -0.2716882369859075 -0.07945833333333341
18943 -0.49392166344294 -0.40514173998044956
18945 -6.8957826086956535 -3.0908035714285718
18946 -0.5616569200779726 -0.23681286549707625
18947 -0.20183035714285724 -0.414107142857143
18948 -0.3953436807095343 -0.6361666666666668
18949 -6.404589861751152 -0.6554166666666665
18950 -3.446442006269593 -2.9833333333333334
18951 -0.5370835495589001 -0.3139289446186
18952 -0.17770940170940175 0.14687179487179503
18953 -0.07588301886792492 -0.2984478764478764
18954 -0.06425925925925924 -0.18027027027027032
18958 -0.3130065359477143 -0.035599415204678575
18959 -0.42726656394452966 -0.46190476190476115
18960 -4.6431565656565645 -0.3723826086956521
18961 -0.37339285714285697 -0.14357142857142857
18964 -2.074670329670329 -0.5507692307692309
18965 -4.030000000000001 -0.32526190476190475
18966 -2.0496825396825398 -1.0420000000000003
18967 -0.8565428276573788 -0.18967492260061913
18970 -4.91608695652174 -0.8013261648745518
18971 -0.13906027527289988 -0.4675098039215687
18972 -0.07775353016688058 -0.08148351648351648
18973 -0.17158644589911431 -0.1256593406593407
18975 -2.6749747474747476 -0.5326608695652175
18978 -3.2663034188034183 -1.492435897435897
18979 -2.144613450659961 -1.1092857142857142
18982 -4.91037037037037 -0.984916985951469
18983 -15.085765550239232 -4.627232142857142
18984 -0.8947985347985348 -0.7987380952380949
18986 -4.282514619883041 -0.8961538461538461
18988 -1.8292499999999996 -1.3968749999999996
1899 -0.6068055555555554 nan
18990 -0.49211111111111094 -0.4328888888888889
18991 -1.8961197339246123 -0.5944160177975526
18993 -1.443403781979978 -0.14128571428571424
18995 -4.640047619047619 -0.7170238095238093
18997 -1.647226190476191 -0.3437619047619048
18999 -0.6504545454545452 -0.5207948717948718
19000 -2.491972972972973 -0.0921153846153846
19001 -0.11464743589743587 -0.42324175824175836
19002 -2.0065263157894737 -0.32089743589743613
19003 -4.220530303030302 -9.107828282828283
19004 -6.499781105990784 -2.7243892339544518
19005 -2.1310227272727276 -0.1743181818181816
19008 -2.9012626262626258 -0.6795454545454546
19011 -3.876560846560846 -1.3910317460317454
19013 -0.042339743589743684 -0.08506410256410257
19014 -0.143034188034188 -0.5487499999999996
19017 -2.9491935483870977 -0.7386363636363635
1902 -0.2566808510638299 -0.7982404692082111
19022 -1.5675754310344825 -1.3101818181818183
19023 -4.088649321266969 -0.7238294573643411
19024 -5.743090909090909 -0.34918181818181826
19025 -0.5261378205128211 -0.15006410256410208
19026 -0.7443910256410255 -0.48115384615384604
19027 -0.6557692307692307 -0.32769230769230784
19029 -1.0660470085470088 -0.7074679487179485
1903 -3.308202614379086 -20.710966783216783
19030 -0.3516287878787878 -0.12151515151515158
19031 -1.2254029304029301 -0.9690384615384615
19032 -0.9989772727272725 -0.05712121212121202
19033 -0.27296474358974354 -0.12788461538461537
19034 -7.758333333333335 -3.266916666666667
19035 -5.17957671957672 -2.472698412698412
19037 -1.433019230769231 -0.04647692307692308
19042 -4.654666666666667 -0.9252272727272732
19045 -0.844559523809524 -1.0732301587301585
19047 -1.1346794871794867 -0.15692307692307694
19048 -0.32762237762237745 -0.9906993006993008
19050 -2.2844761904761905 -0.9980000000000002
19051 -1.452391134289439 -0.8953863636363637
19052 -0.3726599326599326 -0.3040909090909091
19053 -3.252909090909091 -0.8667272727272728
19055 -3.3058838383838376 -0.7322348484848483
19058 -2.0112727272727273 -0.4936217948717948
19059 -0.46793518518518507 -0.09203917050691246
1906 -0.06488888888888888 -0.08497619047619054
19060 -0.7536868686868687 nan
19062 -0.9163048780487801 -0.6310714285714286
19063 -2.678846153846153 -0.5468589743589745
19064 -1.4395787545787546 -0.40967032967032957
19065 -0.21785476718403585 0.6819999999999999
19066 -2.3805555555555564 -1.0872916666666665
19067 -0.3686752136752134 -0.5742307692307695
19068 -0.7492261904761901 -0.3532142857142858
19069 0.1394182900432901 -0.05567099567099565
19070 -0.5361553030303028 -0.1730303030303031
19072 -0.31716424116424147 -0.5460727272727276
19073 -3.1357575757575757 -1.802
19074 -1.2088636363636365 -0.33285714285714296
19076 -1.4865 -0.7121515151515154
19078 -0.15294615384615384 -0.008599999999999941
19079 -2.263454545454546 -0.5304848484848487
19080 -2.639191919191919 -0.5149621212121211
19081 -3.961216931216932 -0.3061111111111111
19082 -5.546736842105263 -0.5355128205128206
19083 -3.3944537815126052 -1.366540616246498
19088 -0.46550505050505053 -0.3042424242424242
19090 -0.235 -0.2580000000000009
19091 -0.43342909256725926 -0.21020979020979003
19092 -1.1770202020202019 -0.12681818181818194
19094 -0.9152930402930406 -0.756456043956044
19097 -2.832055555555555 -0.6179791666666667
19098 -5.458333333333332 -0.8443055555555559
19099 -0.3174954954954954 -0.06766666666666632
19100 -1.179 -0.7196363636363632
19101 -4.486393939393938 -0.6395909090909092
19103 -3.966454545454545 -0.6565151515151515
19104 -0.37633241758241764 -0.2606043956043955
19106 -0.15609523809523806 -0.8775714285714287
19107 -1.2174270833333338 -0.25708333333333333
19109 0.2832773109243698 -0.18566666666666654
19110 -1.1113888888888894 -0.6985185185185185
19112 -2.996727272727273 -1.7239545454545453
19114 -3.324409090909091 -2.089848484848485
19115 0.5633333333333335 -1.045
19117 -5.230499999999999 -1.539696969696969
19118 -6.003575757575758 -0.6903636363636363
19119 -1.9459696969696965 -0.2019545454545454
19120 -2.827787878787878 -0.3997727272727273
19121 -0.857550505050505 -0.05378787878787894
19122 -2.7794196428571425 -0.10464285714285715
19124 -1.8362905405405407 -0.26824175824175833
19128 -0.8453703703703704 -0.29041666666666677
19129 -0.2482222222222219 -0.15969696969696967
19131 -3.3609393939393932 -0.5297727272727273
19132 -0.1225480769230769 -0.06916666666666665
19133 -1.4451666666666667 -1.177875
19134 -4.749861111111111 -0.904949494949495
19135 -0.01933333333333298 0.037000000000000366
19136 -2.039454428754814 -0.12203296703296729
19137 -14.341999999999999 -7.992142857142858
19138 -0.14762790697674455 -0.24159523809523797
19140 -1.1440019860973192 -0.020380952380952166
19141 -5.922727272727272 -3.0485151515151516
19144 -0.09132408575031503 -0.09316176470588222
19145 -0.7800886917960084 -1.2624999999999997
19147 -1.662985074626866 0.007058823529411784
19149 -16.125 -1.2155555555555557
1915 -2.2319444444444443 -0.11565656565656568
19150 -1.2013852813852814 -1.2855194805194798
19152 -2.0573337028824836 -0.5168837803320561
19154 -0.8067461197339247 -0.48661904761904773
19155 -324.2253571428572 -27.755121951219515
19158 -2.8708095238095233 -0.3087142857142853
19161 -2.535382483370288 -0.4049285714285713
19164 -1.0386842105263157 -0.04330952380952402
19165 -0.13603758169934643 -0.18421568627451002
19166 -2.111315453384419 -0.2556031746031747
19167 -1.4809583333333336 0.12447222222222254
19169 -0.924047619047619 -0.2599999999999998
19170 -1.9945512820512825 0.49461538461538446
19173 -1.7896743295019157 -0.36623809523809525
19174 -2.3158974358974356 -1.1324761904761906
19175 -0.19759259259259254 -0.08133333333333337
19176 -5.713307790549171 -0.5396031746031749
19179 -1.2398888888888888 -0.3270238095238096
19180 -0.20672906653174783 -0.25027450980392174
19181 -3.6414534883720924 -0.5969731800766285
19186 -1.1445454545454543 -0.606969696969697
19188 -0.15662280701754394 -0.1189766081871344
19189 -1.5047465886939573 -0.548377192982456
1919 -8.369424242424245 -3.2055353535353532
19190 -3.761105169340463 -0.23401098901098882
19191 -0.339656862745098 -0.4582720588235296
19192 -8.293452380952381 -2.132589285714286
19193 -2.482738095238095 -0.8699107142857141
19195 -0.07152083333333348 -0.02762500000000001
19198 -0.30041666666666655 -0.32477777777777783
19199 -1.0128431372549018 -1.202663398692811
19201 -4.6785 -4.45069696969697
