results/band_fits/with_ext/sdss_sako18_mcmc_fit_class.ecsv
# %ECSV 0.9
# ---
# datatype:
# - {name: obj_id, datatype: string}
# - {name: x, datatype: float64}
# - {name: y, datatype: float64}
# schema: astropy-2.0
obj_id x y
10028 -44.49766666666667 -44.43933333333334
10036 2.422083333333334 0.00037499999999979217
10037 0.9047575757575759 -0.1142727272727273
1008 -1.3681492618917441 -0.7766309523809523
10096 -7.819797979797981 27.312226890756303
10106 -1.8319444444444442 -0.45496527777777795
10113 -2.807714285714285 -0.37833333333333363
10146 3.1582732447817836 1.4199242424242426
10154 -0.23421052631578942 0.003461538461538294
10299 -11.734666666666666 -5.716444444444445
1032 57.08947368421052 22.58736842105263
10324 15.51666666666667 -0.148452380952381
10434 -15.965333333333334 -11.188444444444444
10449 -0.533666666666667 -5.497
10450 -5.490724637681161 -0.3518749999999997
10460 -0.4618787878787878 -0.15363636363636357
10480 10.19559090909091 0.28872727272727294
10506 -0.17722222222222206 2.2888888888888888
10517 3.8377777777777777 1.8103333333333336
10524 -0.533974358974359 -0.22016025641025627
10550 -1.3548148148148147 0.21444444444444466
10559 -3.9491666666666676 4.7475
10620 6.789050925925926 2.7359374999999995
10690 -1.142882352941177 -0.28440476190476205
10805 5919.3754285714285 1950.8139772727272
10843 7.082909090909091 4.655227272727272
10991 -0.6103030303030301 0.084090909090909
10997 0.18636828644501247 -1.2489583333333332
11026 -0.48023809523809513 0.7566071428571426
11067 -56.674166666666665 -69.87333333333332
11092 80.32809523809524 22.529000000000003
11093 -3.9313333333333333 -2.3890000000000002
11098 -0.2013750000000023 -0.19760416666666636
1112 4.244771241830065 3.095196078431372
11120 -5.29880341880342 -20.74095238095238
11156 -20.391666666666666 -5.1685
11172 -2.0519576719576715 9.311428571428571
11181 -3.7005555555555554 -1.344166666666667
1119 -1.2376527777777775 -0.18714583333333334
11192 1.3304761904761904 0.18026785714285687
11206 -1.2279166666666668 0.07999999999999996
11300 -3.167777777777779 -4.1499999999999995
11306 -0.3129032258064517 0.6163636363636367
11311 -1.0659166666666682 -1.9184999999999999
11314 -0.13641666666666685 -0.016499999999999737
11317 -0.4455 0.12285714285714278
11370 -0.49190476190476207 -0.3492857142857142
11452 44.0375 12.834999999999999
11478 2.064364548494984 5.289027777777777
11518 1.119259259259259 0.9902083333333334
11523 -0.6131746031746035 1.2202380952380951
11540 -7.160555555555556 -0.27208333333333345
11557 -1.12 0.0842857142857143
11564 5.475416666666667 2.233303571428572
1158 -0.05745879120879116 -0.28472527472527487
11650 -6.58 -2.0250000000000004
1166 1.3876547619047621 0.28814285714285703
11723 -0.49283333333333335 0.12424999999999997
11771 -1.5683333333333334 0.2616666666666666
11858 -1.6861111111111113 -0.2791666666666668
11864 -0.8668330308529941 -0.12276923076923074
12076 -1.7214999999999998 -0.47699999999999987
12087 4.956666666666666 5.183666666666666
12110 -0.38777777777777767 -0.15312499999999996
12133 -0.6825000000000003 0.16375000000000028
12136 7.600000000000002 0.9175000000000004
1214 -0.21771284271284252 -0.18120129870129864
12199 -1.4540000000000004 -1.0980000000000003
12213 6.149777777777778 5.482166666666666
12308 -3.388000000000001 -0.4570000000000001
12310 4.789722222222221 6.539583333333334
1241 -19.007532679738564 -24.36239651416122
1253 0.1332916666666668 0.26235416666666667
12779 -2.350526315789473 -2.599122807017544
12780 -5.556888888888888 9.718100415733929
12781 136.8899868421053 53.97651754385965
12804 89.73645883777239 15.317092105263155
1282 -0.25286111111111054 -0.07839583333333322
12840 -0.29434126984126974 0.1102619047619049
12841 5.059103335155822 3.7986547619047624
12843 2.5515087719298233 -0.8303452380952381
1285 3.5899027777777786 4.45125
12850 -0.25929365079365085 -0.04464665415884905
12851 -0.09454505940307145 -0.16976923076923067
12852 -0.36654385964912306 0.5438421052631579
12853 1.5704824561403505 10.625631578947369
12855 -3.1079970760233913 0.36450292397660844
12856 23.95643194070081 4.571608187134502
12860 -3.0461502966381016 -3.770868838763576
12864 -0.0919696969696977 -0.9372727272727275
12869 0.15679729729729663 0.03551851851851895
12875 3.5618776223776223 3.648713450292398
12879 1.952580448375782 0.2663095238095239
12881 11.390315789473684 13.6055
12883 4.813149122807017 2.895381578947368
12897 -173.40102164502164 -23.389302832244
12898 -14.550441176470585 -26.790424836601307
12907 -4.301166156645439 -1.0117324561403502
12924 9.29688888888889 7.354313725490195
12927 -2.607919389978214 -1.1448529411764703
12928 -2.13818253968254 -1.8228333333333333
12930 -7.149631578947368 -2.9052499999999997
12936 -0.13148233486943184 -0.1343552631578948
12939 -0.056291423001949226 -0.20408625730994168
12940 -0.13591503267973848 0.049150326797385624
12941 -0.12101428571428596 -1.9118730650154803
12947 -1.153214285714285 -2.3871190476190467
12950 -95.92039464882943 -38.60731313131313
12964 -0.2274561403508777 3.770833333333335
12971 -1.455587719298246 -1.6231578947368424
12972 12.00919298245614 6.511973684210526
12974 -0.2559957627118645 0.19178947368421073
12977 -1.0039830508474579 -0.4849280800500312
12978 -13.129273607748186 -3.5597894736842104
12979 0.5738736572069907 7.476926386554622
12983 -0.09535964912280681 -0.1805526315789474
13005 9.006612903225808 0.40976190476190477
13009 -0.7176708583925642 -0.3328214285714286
13016 1.9303333333333335 0.2940476190476189
1302 -2.809492753623189 -1.8981324110671935
13025 -0.21953410553410535 0.6759420849420845
13038 1.128730548730549 -20.802136222910217
13044 -15.99404761904762 -3.2917073170731705
13045 -1.634037037037037 -0.6189722222222221
13051 1.2689869939549379 3.34472268907563
13066 1.6299031476997579 0.5853421052631578
13070 55.93579824561402 35.38313157894737
13072 -0.01379629629629342 -0.24658333333333315
13079 -0.23702843083652247 0.4091785714285714
13096 0.8590773809523808 0.34826190476190466
13099 11.964548933843629 -0.4749880952380954
13101 -0.1278507131976181 0.27168831168831176
13108 -0.38157407407407407 -0.4275187969924812
13135 344.11109295774645 196.7240935672515
13136 3.9940202531645577 0.3034210526315788
13147 -0.40224561403508785 -0.5369342105263157
13149 1.930520979020979 1.5748947368421053
13152 -2.5463840155945414 -1.3947076023391816
1316 1.1139542483660134 0.4969117647058825
13168 4.798492126430271 3.3640518084066473
13174 -2.409679176755448 -0.38872368421052605
13177 -0.13200968523002432 -0.07469736842105257
13244 0.2789478337754199 -0.005988142292489895
13254 1.7327020202020205 1.7872727272727276
13275 1.4317142857142855 1.643
13302 0.023780701754385847 1.1397631578947367
13305 -1.9847439353099725 3.4894152046783624
13323 0.5625357142857128 -0.9220454545454544
13327 6.863430202387131 1.0029017857142861
13329 -0.31900735294117655 -0.2270588235294118
13333 0.4721052631578946 0.9450782608695643
13334 -0.4638600328048117 -0.1177857142857146
13336 -0.009952380952380935 0.20436904761904784
13339 -0.8454577157802969 0.128857142857143
13344 -0.6578308823529411 -0.6245454545454547
13354 -12.461997549019609 -5.901930147058824
13357 -5.691764705882354 -4.8309477124183
13370 -2.1008823529411775 -1.133125
13378 0.700119825708061 0.15941176470588247
13383 2.7411323476379374 7.538812500000001
13393 1.16078529657477 4.199974937343359
13411 84.2674393939394 27.103749999999998
1342 0.14357699805068225 0.24030701754385975
13423 0.6281537176274021 0.6015413533834584
13425 -0.09032539682539675 0.10423809523809535
13429 2.5376904761904764 2.9264665415884927
13441 8.319040247678018 -0.07673374613003103
13452 1.8303949977123688 0.09388095238095229
13460 -0.9979751815980631 -0.1579473684210525
13465 -0.3060038986354774 0.022982456140351104
13467 39.75453940066592 124.14916429249763
13476 -0.982738791423002 -0.37103801169590667
13477 -0.49944078947368453 0.1462631578947371
13479 -0.10912530266343834 0.045157894736842064
13487 -0.1681697486960645 -0.16239452054794523
13489 -0.046311366651923924 0.010712560386473502
13491 -0.5975296442687745 0.8365810276679837
13492 0.044797588285960366 -0.030330749354005038
13494 1.0931264367816091 1.0815145502645502
13495 0.5274358974358968 0.42394230769230745
13497 -0.06563782051282041 0.01600641025640992
13506 -0.438296004842615 -0.3054342105263157
13507 -0.17630399125205054 -0.19778571428571445
13510 -0.22979797979797967 0.11546536796536788
13511 29.674603174603174 10.452164502164502
13518 -1.090533769063181 -0.4464542483660128
13520 -4.464068627450981 -0.25091503267973825
13529 -1.1589542483660127 -0.6728758169934639
13532 3.7057456140350884 0.8934868421052631
1354 -0.36263480392156866 0.11674632352941183
13545 -0.41770750988142313 -0.11520750988142336
13554 -0.2200185185185185 0.09024175824175829
13558 -0.09727777777777769 0.028888888888888964
13578 31.650222222222222 14.706333333333333
13590 2.7462370062370063 0.5340526315789478
13597 2.06175027430327 0.17257796257796243
13610 0.5709161793372326 0.415842105263158
13615 13.660175438596493 5.580906432748539
13617 -0.14092105263157895 0.20814968814968815
13629 -0.7873787409700721 -0.5511455108359131
13633 -0.4018785151856017 0.13181985294117649
13641 -2.777757352941177 -1.5533823529411768
13646 -1.118059299191375 -0.2133625730994151
13649 -0.2559356725146198 -0.3176754385964913
13655 -0.5702280701754388 0.07911842105263156
13657 -0.27923510971786847 0.044302631578947316
13659 4.684873294346979 8.484722222222222
13660 -0.23341503267973862 0.25673202614379087
13662 -0.12752436647173493 0.1269005847953215
13675 -0.21892520215633393 0.9406725146198831
13677 -0.3667933723196879 -0.013312543312543279
13689 -2.5335664335664343 -1.007295321637427
13703 -1.6491578947368417 -0.754855263157895
1371 -12.937057915057917 -14.522865497076022
13716 -1.5099027777777774 0.24083333333333368
13727 26.863673890608876 12.926656346749226
13729 -0.1212912087912088 -0.04754385964912289
13732 -0.4055263157894733 -0.023157894736841822
13734 2.594345238095237 0.15720779220779224
13736 -52.46128998968008 -2.521377708978327
13737 -0.5544539473684211 0.4649736842105261
13757 -1.7617823450134769 -0.7963450292397662
13766 2.1378597560975607 0.7155927413357135
13768 -2.0693333333333337 0.40969736842105275
1378 -0.38278186274509785 0.8173161764705881
13780 -0.13740902964959556 0.09086257309941503
13784 8.872678571428573 8.596578947368423
13785 -0.005377192982456203 -0.011144736842105374
13786 5.503187046004842 0.9789868421052632
13796 303.23052287581703 63.149529411764696
13806 2.4031091617933718 1.426769005847953
13807 -0.10259523809523807 0.12442857142857155
13813 14.05215873015873 12.068404761904763
13820 -0.9911111111111106 -0.5521041666666662
13830 -0.41850877192982416 -0.2514181286549708
13833 -0.22557526456520915 0.17105952380952383
13834 -0.01597047566976495 0.19080952380952354
13835 -3.1329750673854444 -0.412923976608187
13836 15.604342105263157 1.4484210526315788
13843 2.677536115107914 0.4961502966381015
1385 3.287111111111111 0.6998333333333335
13859 0.7785438596491223 1.9030769230769233
13861 -0.5724605263157895 -0.15802631578947324
13864 0.21781045751633998 5.548627450980392
13867 -0.610377358490566 0.05878654970760255
13894 147.45821895424837 114.8633769063181
13896 -0.9682163742690058 -0.89453216374269
13897 -0.8946491228070177 -0.9714327485380116
13898 -0.7128867102396517 -0.648316993464052
13901 1.628169934640523 0.759607843137255
13902 3.0692830188679245 1.9514542483660133
13903 -0.3513642857142856 0.08082043343653256
13904 -1.4979548517520214 1.9904385964912281
13907 -2.4651143790849677 -0.8460620915032679
13908 -2.18900871459695 -0.4136764705882352
13909 36.287242647058825 11.517922794117647
13931 -0.3281250000000002 -0.14485294117647063
13933 -0.382577480490524 -0.04150735294117647
13934 -0.4468014705882355 0.07665441176470589
13940 -0.30068627450980356 1.8039134199134195
13942 1.4889460784313724 0.6863725490196078
13946 1.4930610021786497 2.2463071895424838
1395 34.0611829787234 18.23509191176471
13952 4.259462962962963 2.594638888888889
13953 -0.3511111111111114 -0.3897222222222223
13956 0.1903812636165576 0.9075163398692814
13958 -0.15242264150943452 2.6882189542483665
13971 -0.5441130298273154 -0.2594112554112554
13996 0.0039642857142858645 1.6486363636363643
13998 -0.06307598039215678 12.678676470588229
14019 17.99466666666667 8.257333333333332
14024 47.33979166666667 8.194128289473685
1403 -0.2312254901960784 -0.2852941176470589
14035 1.9562745098039216 2.1154248366013073
14046 1.143289473684211 -0.024532163742690294
14074 8.927095516569201 6.783932748538011
14087 2.1791578947368424 0.4315526315789474
14093 -0.17021208708708735 0.22884873949579831
14108 28.157500000000006 -1.9071541501976292
14113 -1.1553629032258064 -0.4661528822055139
14126 2.412451690821256 2.6990398550724635
14131 -0.07066666666666654 -0.16435714285714287
14137 3.286471861471862 1.9344588744588742
14149 1.8263735177865614 0.5517786561264821
1415 27.327079365079364 4.5735238095238095
14157 -3.4988274044795786 -0.824100790513834
14173 1.8028743961352658 1.9967753623188407
14205 8.768797385620914 6.873764705882354
14206 21.16932026143791 9.96527450980392
14212 27.984563310069795 10.83114224137931
14227 0.6457858243451463 0.9165060975609756
14231 32.491755952380956 22.46736607142857
14250 -0.9600338028169014 0.6823684210526317
14258 15.534349206349205 2.1082142857142845
14260 -0.12049019607843192 0.7579738562091505
14261 22.997134502923977 10.097192982456141
14268 30.51110021786492 5.448970588235294
14279 -166.19080952380952 -111.42266666666669
14284 130.30452241715398 58.561154970760235
14298 -2.630029239766081 -0.4854980694980694
14303 -0.15886480908152723 0.5972153972153971
14304 -0.7954901960784316 0.06539215686274513
14305 -0.22973856209150356 -0.038447712418300806
14308 5.765414648910412 2.4716842105263157
14311 -0.2097321428571428 1.1786363636363628
14317 -4.435757575757563 -1.503636363636371
14318 1045.8975 599.4722222222222
14322 -0.25980392156862764 -0.08076797385620926
14327 -0.3447149122807016 0.15856725146198825
14330 -0.4460130718954247 -0.17715686274509768
14331 1.0024945533769065 0.2386601307189533
14333 -0.49379901960784256 0.5881250000000002
14340 -0.2670710784313728 0.5829227941176471
14342 -0.42737745098039226 0.036176470588235365
14343 20.453977358490572 13.397908496732025
14346 3.615799220272904 2.648245614035087
14347 26.560277777777777 9.92420138888889
14357 -0.36320662768031176 0.016973684210526252
14361 6.222553606237817 4.944605263157895
14372 15.258344226579519 2.9363071895424833
14375 -1.7051633986928105 -1.7712254901960784
14377 -6.658703703703704 -4.269019607843137
14382 -0.14227092960326382 0.21249390243902444
14389 1.1714126984127002 0.520428571428571
14397 1.0091136150234743 0.18663742690058482
14403 -1.0525599128540306 -0.15339869281045748
14421 133.38277777777776 15.284690476190475
14425 2.9771350762527238 4.159477124183007
14429 1.1179861111111111 0.7557291666666668
14430 5.894499999999999 3.820142857142857
14437 -14.535513942044833 -1.8649761904761903
14438 -1.9628571428571426 -0.045263157894736894
14444 -0.9641754385964914 0.024697368421052524
14445 -0.28951267056530217 0.1921198830409354
14446 -0.46198113207547187 0.12542397660818716
14451 110.37365120593692 37.68282555282555
14452 1.1494890282131662 1.2516666666666665
14453 3.760300751879699 2.578421052631579
14455 5.309134097035041 2.282671814671815
14456 -0.3766322057728888 -0.12461257309941498
14463 1.4902777777777785 3.5299305555555556
14467 -0.5983148148148151 0.7996111111111113
14470 8.775808080808082 16.139242424242422
14478 0.9078333333333333 0.271309523809524
14480 0.7874705882352946 4.856190476190476
14481 -1.1241944601469755 -0.15261842105263157
14491 -0.2469603174603172 0.3392500000000003
14496 3.163681818181818 0.6930994152046785
14498 -0.2166071428571429 -0.019105263157894736
14500 -0.3041380537270948 0.33805263157894727
14522 1.4213390269940522 0.4760714285714286
14523 2.44420174958994 0.28966666666666674
14524 13.758913043478262 5.987549407114625
14525 -2.7725999999999997 -1.5479411764705882
14528 0.6727777777777777 1.725130718954248
14531 -0.46751684636118607 0.08710526315789469
14539 0.10881578947368431 0.22789473684210537
14540 -0.7120955165692013 1.086184210526316
14545 -4.398769063180828 -0.05606209150326813
