results/band_fits/with_ext/sdss_sako18_mcmc_fit_class.ecsv
# %ECSV 0.9
# ---
# datatype:
# - {name: obj_id, datatype: string}
# - {name: x, datatype: float64}
# - {name: y, datatype: float64}
# schema: astropy-2.0
obj_id x y
[from data line 2930]
21683 -0.6488690476190473 0.401190476190477
21685 4.871848484848485 1.1505909090909088
21686 -0.677888888888889 -0.43466666666666676
21687 9.281904761904762 2.765714285714286
21693 16.674333333333333 57.223222222222226
21697 4.73010582010582 0.8618253968253966
21700 -0.5933333333333355 2.060250000000001
21701 -0.11277777777777231 1.6300000000000008
21705 13.559166666666668 2.390833333333333
21709 0.3003840361445782 1.030145502645504
21710 -1.105793650793651 -0.03809523809523796
21711 -2.9321111111111113 0.6119999999999997
21719 4.18 7.815999999999999
21724 -0.17785714285714294 -1.5857142857142854
21725 -0.6473333333333333 -1.6509999999999998
21735 5.168583333333333 0.4514999999999998
21772 3.7905357142857117 2.7619642857142854
21783 -1.2731111111111115 -0.0710714285714289
21798 4.9536495031616985 2.959829059829059
21805 -0.214666666666667 -0.6596666666666667
2181 -0.32939584524490184 0.07542784163473804
21810 -12.199333333333332 -3.239666666666666
21813 8.622222222222224 3.461388888888889
21814 857.0483333333333 546.6544444444444
2182 1.9010136452241717 -0.014269005847953098
21821 -0.8523809523809524 -0.5142857142857145
21822 -2.2607575757575757 0.018787878787878798
2183 4.787982954545454 13.208844696969699
21835 -8.679285714285715 -1.0755357142857154
21842 1.2114285714285722 0.41476190476190533
21846 -0.0742156862745098 2.294357298474946
21858 -0.6397619047619048 -0.23196428571428607
21861 -10.060555555555556 -0.42000000000000015
21866 -5.727500000000001 1.175
21871 -1.2068253968253972 -0.04940476190476151
21872 -0.6749130434782611 -0.07294642857142852
21875 -6.812954545454545 0.3466666666666658
21884 -0.5577777777777777 0.1103333333333334
21889 4.787625000000002 2.173333333333333
21898 -1.4291666666666663 9.217500000000001
2190 -3.887209302325582 -5.597843672456576
21902 0.704878787878787 -2.474590909090912
21938 1.3889473684210523 23.4032
21951 -0.29134920634920625 0.08452380952381011
22003 -14.116503496503483 -6.6388811188811125
22073 -3.239307692307692 -0.3716666666666666
22075 178.46 0.4479999999999995
22102 0.33309523809523833 14.151190476190477
22113 -1.7486666666666666 0.7174999999999998
22116 -2.827076923076924 2.538035714285714
22157 0.7185317460317462 3.4542999096657656
22171 5.419377289377289 3.930714285714285
22282 -0.16351351351351306 1.1233625730994152
2230 0.9819885057471263 47.779803921568636
2235 0.049259259259259114 0.210233918128655
2236 9.703615984405461 3.6894883040935667
2244 151.1766839803171 126.99511904761906
2245 10.284444444444443 0.05999999999999961
2246 -1.3016402405686167 -1.4070714285714288
2272 0.34041064198958937 0.4499209486166009
2290 -0.1346623093681918 0.5002450980392157
2292 26.170980392156867 8.813235294117643
2297 19.001601307189546 15.01531862745098
2306 -27.119245283018873 -23.48527777777778
2308 -18.13908823529412 -9.020158102766798
2309 691.1531707317073 -37.208524590163904
2313 5.249728070175438 1.8849210526315785
2319 106.55239766081873 51.153143274853804
2321 7.027537061994607 3.04983918128655
2325 -0.726923076923077 1.8402777777777777
2329 3.052370370370371 5.676666666666666
2330 -0.3633760107816708 -0.1537760617760615
2342 5.844037717601546 2.6453541666666673
2350 -0.32980392156862726 -0.7594883040935669
2355 0.02076998050682266 0.007763157894736805
2361 -0.9892082210242585 -0.9585784313725494
2366 -3.1564488017429193 -4.256535947712418
2372 -1.6513333333333335 -1.9197499999999996
2401 6.874592592592593 5.377777777777776
2405 4.246789215686274 -1.9990808823529411
2422 -3.0879847494553383 -0.29258169934640543
2423 -4.000660377358491 -5.426461988304094
2427 3.865686274509804 3.3348529411764707
2437 -0.3472336065573769 -0.2148160173160174
2440 -2.8491306724986334 -1.2222738095238093
2441 -0.07605664488017427 -0.11098039215686273
2450 2.0223931623931577 3.9140064102564107
2458 2.748507625272332 2.2857843137254896
2464 -0.22095588235294117 0.11996089931573795
2468 0.06702991452991469 -0.6702243589743597
2481 3.203649237472767 -0.7420915032679742
2488 -0.18411111111111111 -1.6294999999999984
2532 10.244203431372549 6.949301470588236
2533 4.3345972222222215 4.538
2535 -3.3414074074074067 -1.2373544973544977
2537 0.6967786561264815 -0.20686758893280643
2538 86.16176470588235 93.62163235294118
2545 -2.237058823529411 -0.7903308823529412
2551 1.1087622549019605 0.28419117647058845
2561 112.89020562770564 55.44492307692307
2571 -0.137095588235294 0.17799632352941197
2575 4.700888888888889 3.9215203761755486
2582 5.747952380952381 0.46414285714285697
2595 6.504409883466224 2.588459752321981
2603 3.0390073529411765 -0.0918933823529412
2615 -1.0765128205128214 -4.960461538461539
2620 -0.8227936507936511 -1.012142857142857
2621 -0.0029523809523812616 0.29459523809523835
2630 -1.0023809523809524 -0.4718452380952378
2632 -0.8765248868778281 0.03398221343873509
2635 -4.253672328086165 -4.448686594202899
2639 -2.2546428571428567 -0.5913157894736838
2651 -0.5779520697167755 -1.652254901960784
2661 5.356709433962266 3.2696732026143795
2666 2.7281250000000004 9.289999999999996
2671 -0.6968382352941176 -0.6093198529411765
2689 -8.472777777777779 -6.619333333333332
2699 2.040625 32.15468055555555
2718 -0.38180952380952404 -0.5682503192848019
2734 -3.315858208955224 -1.7097924901185773
2744 427.2969196428572 289.47255952380954
2746 5.200879446640316 20.515777338603428
2760 6.804969666329626 2.9195454545454558
2766 42.625666666666675 18.727250000000005
2784 -0.34093555093555095 0.22266666666666668
2789 12.697895104895105 4.098333333333333
2793 -1.6379621848739494 10.382766894320634
2799 1.9088145207033462 0.31547619047619047
2806 -0.4425575060532685 -0.0701578947368422
2808 4.021667577911427 3.9497142857142857
2809 5.053333333333335 2.6050000000000004
2813 1.0242894736842105 3.667956140350876
2826 -42.138119047619085 -63.32229166666667
2834 -0.9604729871767912 -2.746666666666668
2837 23.048541666666665 62.177812500000016
2855 -1.2542673992673992 -0.5804120879120881
2864 -1.1799754901960784 0.2036948529411764
2871 3.0168253968253964 1.136190476190476
2906 -2.0203799019607835 0.05523897058823524
2913 0.6266666666666665 21.136666666666628
2916 -3.37468085106383 -2.1659374999999996
2926 -0.2653968253968251 2.024452380952381
2928 -2.886776556776557 -1.813214285714286
2929 -1.0655865102639295 -2.4500097751710666
2943 1.340174603174603 0.7966904761904761
2970 -74.93419117647059 -158.43770833333332
2986 -0.39756250000000004 9.513152777777776
2992 110.67843414358394 55.89091666666666
2995 -0.8831111111111112 -1.0337380952380952
3019 5.815072533849129 2.5791250000000003
3049 43.24830882352941 15.072591911764706
3050 2.9593993325917687 -1.2238611111111108
3063 -33.1316715542522 -2.752301212938008
3065 -0.11633962264150943 0.6668627450980391
3068 4.594074074074074 2.1367361111111114
3077 -1.0229955808080808 -0.634986631016043
3080 9.539063180827887 8.68952614379085
3087 -20.979999999999997 -2.1279411764705882
3090 4.509906174334139 0.6004296604296604
3102 -0.2727328159645235 0.10246334310850447
3112 -0.8675036075036073 -0.46225541125541114
3118 44.328421052631576 1.1521052631578952
3150 -0.18434077079107514 -0.09921474358974369
3165 0.09548615036743957 0.7428571428571431
3175 -1.7074047619047612 -0.1666547619047618
3180 2.6986943396226413 0.5001633986928107
3184 63.985714285714295 15.428131868131867
3191 -0.051654411764705976 0.14674632352941175
3193 3.3163289473684214 0.27086842105263165
3195 -0.7531334231805933 0.3674853801169593
3196 -2.6937561509021313 -2.4599166666666665
3199 -1.180183486238532 -0.20287671232876725
3205 24.656813725490196 10.485275735294119
3206 2.1232820136852397 0.5751612903225807
3223 3.042727272727273 0.8996590909090907
3225 -0.37721929824561395 -0.1054210526315793
3239 -1.770300187617261 -0.5665833333333332
3241 25.84026388888889 8.9981875
3246 -1.6594852941176472 -1.1414858260019554
3256 36.72708333333334 140.40972222222223
3283 5.605184426229508 1.1046374458874464
3284 0.20405637254902054 -0.32930147058823556
3290 -3.7342766295707475 -1.659478260869566
3294 -5.439458041958042 -5.582470760233917
3312 -2.610833976833976 -0.6820077972709552
3317 -1.2362015738498788 -0.5906973684210526
3323 1.594246779580153 1.9938636363636366
3329 -0.6384682539682536 0.09836904761904752
3331 36.756443411700374 15.619047619047622
3344 6.316738095238095 4.218026315789473
3356 -0.842441224712958 -0.22783333333333333
3361 0.8592648565573768 0.12503119682359642
3368 0.12416666666666698 0.6044761904761904
3370 -0.050447368421052685 0.03939473684210526
3377 10.64702870813397 10.789345114345114
3402 0.11761029411764712 0.9134926470588236
3405 -1.2666666666666675 0.2994318181818181
3409 3.1182748538011698 2.5764912280701755
3417 -0.5783632862644417 -0.1511263736263737
3421 3.8503790849673205 4.34086274509804
3426 0.670830188679246 0.6318137254901961
