results/band_fits/with_ext/sdss_sako18_simple_fit_class.ecsv
# %ECSV 0.9
# ---
# datatype:
# - {name: obj_id, datatype: string}
# - {name: x, datatype: float64}
# - {name: y, datatype: float64}
# schema: astropy-2.0
obj_id x y
[from data line 1384]
20709 -0.0548263888888888 -0.3209722222222222
20719 -0.3487878787878791 -0.12906593406593414
20721 -0.8782142857142856 -0.11187499999999995
20722 -1.185714285714286 -0.5507142857142857
20723 -0.09982371794871803 -0.1479487179487179
20725 -0.22520833333333345 -0.11967407407407415
20726 0.03497899159663853 -0.8580303030303027
20727 -0.472126696832579 -0.06507936507936513
20744 -0.7961688311688311 -0.8235
20750 -1.6471999999999993 -1.106746031746031
20757 -0.3584166666666667 -0.40475524475524494
20759 -0.21391304347826057 -0.17466666666666653
20764 -1.8934126984126984 -1.1754464285714286
20768 -0.5504000000000002 -0.9216666666666669
2078 -0.010203773584905651 -0.11848039215686268
20787 -0.2452727272727273 -0.2975000000000003
20788 -0.17172348484848488 -0.002272727272727204
2079 -0.05297385620915063 -0.309558823529412
20791 -0.49433333333333307 -0.5539166666666666
20805 -0.0683333333333333 -0.27000000000000024
2081 -0.18651416122004372 -0.17679738562091496
20821 -0.3168665667166415 -0.16425000000000012
20825 -0.8102083333333332 0.002777777777777768
20828 -0.39388888888888896 -0.13812500000000005
20829 -0.35866666666666674 -0.897
20830 -0.5996666666666668 -0.0431666666666668
20834 -0.2564444444444445 -0.8488333333333333
20842 -0.3684722222222221 -0.7154444444444443
20844 -0.4314374999999999 -0.22775000000000012
20862 -1.1275 -0.7150000000000003
20867 -0.3077777777777778 -0.3400000000000001
20870 -1.0075084175084175 -0.866212121212121
20877 -1.7976388888888888 -0.48750000000000004
20882 -0.8113545150501671 -0.2082745098039216
20889 -0.2742328042328044 -0.6218253968253968
20891 -0.2796037296037295 -0.13650349650349636
20895 -0.3912500000000001 -0.08499999999999996
20896 -1.3233333333333335 -0.41474999999999995
20915 -0.14466063348416314 -0.21861538461538454
20916 -0.21669580419580425 -0.2905594405594407
20917 -0.29835789473684204 0.23223076923076924
20920 -0.38954166666666645 -0.19606060606060605
20921 -0.11588235294117677 0.5220588235294119
20923 -0.2736240369799692 -0.08357142857142863
20926 0.013564814814814863 0.019393939393939075
20928 -0.3666250000000002 -0.20833333333333331
20932 -0.995608552631579 -0.5292753623188406
20934 -0.7131746031746031 -0.45547619047619026
20936 0.04060010911074752 -0.14949999999999997
20953 -1.3780000000000001 -0.3167142857142856
20961 -0.37092592592592577 -0.6514444444444445
20964 -0.5751388888888889 0.10812499999999992
20965 -0.45439814814814794 -0.48041666666666694
20969 -0.8402884615384615 -0.3428787878787879
20971 -0.3399065934065937 -0.1228349282296648
20978 -0.06634920634920616 -0.22511904761904766
20994 -0.11187500000000017 -0.47875
20998 -0.3450793650793651 -0.14154761904761903
21001 -0.11020454545454539 -0.5091818181818186
21006 -1.0253240740740739 -1.4605555555555556
21013 -0.2726995073891625 -0.2509166666666667
21015 -0.09590909090909083 -0.2638392857142857
21019 -0.01333333333333342 -0.39454545454545453
2102 -8.498909899888766 -28.17945833333333
21027 -4.748799999999999 -2.651190476190475
21033 -1.7798809523809522 -1.5863392857142857
21034 -11.445454545454544 -4.452222222222223
21042 -1.7588888888888892 -0.6666666666666667
21060 -0.1273333333333333 -0.00911111111111107
21062 -10.311904761904762 -1.5257142857142858
21065 0.2570138888888889 0.4722222222222222
21069 -0.2840104166666666 -0.07201388888888882
21081 -0.36944444444444424 -0.13715277777777768
21129 -0.25815789473684225 0.01571428571428568
21150 -0.6520512820512823 -0.05566666666666664
21152 -0.07884259259259274 -0.14076388888888902
21161 -0.8045185185185186 -0.011500000000000066
21166 -0.5149375 -0.3035000000000001
21172 -0.008883183568677788 -0.08895604395604373
21306 -0.629464285714286 -0.9382142857142857
21307 -1.1428240740740738 -0.10520833333333335
21347 -0.21941632466940253 -0.028601398601398653
21351 -0.3452415458937196 -0.08713286713286716
21356 -0.5710231729055257 -0.17890109890109884
21360 -0.4221164021164022 0.01960317460317451
21381 -0.7429910714285713 -0.35517857142857145
21385 -0.46305555555555566 -0.12722222222222213
21391 -0.19553571428571415 0.0892857142857143
21396 -0.06824404761904757 -0.34059523809523795
21401 -0.2353946861763575 0.051648351648351576
21402 -0.07123511904761903 -0.605
21404 0.012503770739064723 -0.41423076923076896
21405 -0.17402472527472512 -0.1332967032967034
21406 -0.35196226415094345 -0.49074898785425103
21409 -0.6554166666666668 -0.4970138888888884
21413 -0.3297916666666667 -0.30966666666666665
21420 -0.4956666666666665 -0.3612857142857142
21422 -0.7846666666666664 -0.3320000000000001
21429 -0.4285096153846153 -0.0731932773109244
21451 -0.15403409090909093 0.06727272727272726
21455 -0.5993650793650794 -0.5727380952380953
21457 -0.49517628205128217 -0.16554945054945058
21465 -0.3516203703703703 -0.0690277777777778
21482 -0.5442857142857143 -0.3192857142857142
21487 -0.4817948717948717 -0.42846153846153845
2149 -0.5235526315789472 -0.2166081871345028
21494 -0.561845238095238 -0.3271428571428572
21502 -36.633750000000006 -7.312499999999999
21510 -12.254444444444443 -6.1466666666666665
21524 -0.9928888888888889 -0.07316666666666671
21543 -2.5336120401337796 -1.4511805555555557
21554 -3.6558193979933105 -0.07513888888888887
21557 -0.043611111111111156 -0.21013888888888888
21563 -3.6728493647912863 -0.6915000000000004
21564 -0.9719444444444436 -0.12555555555555564
21582 -0.08386392811296539 -0.21115384615384603
21589 -1.2208363636363635 -1.1151764705882354
21591 -0.5669308755760367 -0.25569444444444445
21594 -0.5793849021435225 -0.304761904761905
2162 -1.6994662309368191 -1.1195098039215687
21648 -0.277271338876633 -0.22157894736842132
2165 -0.3862378167641326 -0.1831286549707602
21663 -0.39116666666666644 -0.49249999999999994
21669 -1.6886666666666668 -2.6926666666666668
21687 0.07798941798941783 -0.3319047619047618
21709 -0.7968253968253969 -0.10702380952380941
21711 -0.9036666666666662 -0.20616666666666683
21764 -0.514326923076923 0.036923076923076836
2181 -0.20174957118353343 -0.1268710089399745
21810 -101.28888888888888 -80.70000000000002
21813 -0.6378571428571428 -0.9441666666666668
21814 -14.934999999999999 -12.54138888888889
2182 -0.0995029239766081 -0.07350877192982452
21839 -4.7375 -3.0683333333333342
21858 -0.22678571428571426 -0.49517857142857125
21861 -9.32611111111111 -0.4033333333333333
21872 -0.554108695652174 -0.8865178571428567
21874 -0.14035714285714296 -0.24857142857142855
21875 -25.581577540106956 -0.7533333333333334
21878 -0.5239662162162163 -0.1728846153846153
21884 -0.27241666666666653 -0.23433333333333328
21888 -0.22520066889632107 -0.31715277777777773
22075 -3.1992857142857143 -4.021833333333333
22182 -3.168 -4.394
22284 0.29288888888888875 0.7596666666666669
2235 -0.38805068226120865 -0.3514035087719297
2246 -0.9866566429743031 -1.283404761904762
2280 -0.1543542319749217 -0.10859649122807025
2290 -0.24291938997821338 -0.12266339869281051
2308 -22.114819004524886 -9.729160079051383
2319 -3.3655653021442493 -3.45687134502924
2330 -0.1037297843665772 -0.19552123552123546
2342 -0.42744545454545424 -0.5133333333333334
2347 -0.08657089201877932 -0.15014619883040936
2355 -0.05081140350877189 -0.05324561403508765
2372 -1.8361666666666663 -2.980488095238096
2422 -2.033703703703704 -0.14361111111111113
2427 -0.07584150326797379 -0.049836601307189476
2437 -0.19615010245901643 -0.22942640692640692
2440 -2.264010388190268 -1.1542738095238096
2464 -0.06439338235294123 -0.06277614858260017
2532 -0.6722058823529414 -0.3063970588235294
2533 -0.3852083333333334 -0.8081250000000003
2537 1.0941831357048746 -0.07881422924901171
2551 -0.294791666666667 -0.020808823529411824
2561 -3.4364502164502166 -5.45066253101737
2621 -0.3744603174603176 -0.6596428571428571
2630 -0.23284920634920647 -0.43965476190476194
2632 -0.4085475113122172 -0.1243577075098814
2635 -5.2760231980115995 -4.808985507246377
2639 -1.856882566585957 -0.5618815789473683
2651 -1.640424836601307 -0.5384640522875818
2689 -7.7221111111111105 -6.136738095238095
2734 -2.460324160447761 -1.4215810276679843
2766 -0.5335714285714286 -1.9910714285714288
2784 -0.14251905751905747 -0.054547619047618956
2789 -0.28365734265734255 -0.35489766081871355
2799 -0.11411851851851873 -0.06335164835164842
2806 -0.5465496368038738 -0.3549210526315789
2808 -0.5841771459814105 -0.26682142857142876
2855 -0.9039194139194139 -0.5663461538461539
2864 -0.9016176470588235 -0.4148345588235294
2871 -0.2844444444444443 -0.2419285714285715
2912 -0.008853598014888386 -0.1789718614718614
2916 -1.6638297872340424 -2.0571875
2926 -0.442952380952381 -0.523595238095238
2943 -0.9521269841269842 -0.3144285714285714
2992 -0.40898530243075193 -1.7172380952380955
3065 -0.12566037735849056 -0.06465686274509808
3068 -0.2657679738562091 -0.0411111111111111
3077 -0.9815151515151517 -0.7079411764705883
3080 -4.0310348583878 -1.3230882352941173
3087 -4.876078431372548 -1.7899999999999998
3102 -0.35336904761904764 -0.022095588235294006
3118 -1.2801851851851849 -0.85983918128655
3150 -0.1015133294697188 -0.09327884615384618
3161 -0.2700219298245614 -0.11216374269005835
3172 -0.10528423984272628 -0.19917534190651143
3175 -1.1788809523809523 -0.14833333333333343
3180 -0.21350566037735885 -0.27040849673202627
3191 0.04028492647058801 -0.09716911764705882
3195 -0.24660714285714302 -0.1554970760233917
3199 -0.7681651376146785 -0.15397260273972613
3205 0.028405228758169976 -1.1272941176470583
3206 -0.20895894428152495 0.005229716520039229
3225 -0.16838596491228075 -0.12849999999999984
3241 -1.004093137254902 -0.1606249999999998
3256 -2.3031493506493512 -12.223939393939393
3317 -0.8344915254237286 -0.44334210526315787
3323 -0.12045705511450877 -0.15655297157622727
3331 -0.5020967741935483 -0.39023809523809505
3341 -0.188316630355846 -0.021552631578947323
3361 -0.02760775862068976 -0.04552772808586758
3368 -0.2881250000000001 0.022214285714285742
3370 -0.05993859649122801 0.052763157894736734
3377 -1.576025078369906 -0.6037422037422038
3402 -0.14325163398692808 -0.08924836601307196
3417 -0.5039152759948653 -0.18780219780219798
3421 -0.1302875816993465 -0.5135686274509805
3426 -1.8313358490566038 -0.38965686274509803
3451 -1.7356873315363879 -0.7628801169590642
3452 -2.982407547169811 -0.6686764705882353
3475 -0.3000326797385624 0.021699346405228415
3488 -0.1838140161725066 -0.7062719298245614
3506 -2.0246255319148942 -1.1496323529411763
3508 -0.3790499881544658 -0.05327205882352937
3527 -0.30111741349971655 -0.08799999999999986
3533 -0.9339134382566583 -0.7667894736842107
3535 -0.136375068343357 -0.5007023809523808
3539 -0.04629605263157888 -0.1464736842105263
3543 -0.2908412698412697 -0.23245238095238097
3560 -0.1656140350877191 -0.07973684210526322
3565 -0.38794117647058823 -0.09526143790849673
3592 -28.909901960784318 -26.25033769063181
3593 -0.376793372319688 -0.18576023391812863
3669 -0.1909867938371239 -0.8183333333333332
3674 -0.30361519607843124 -0.5276470588235296
3780 -0.3226190476190478 -0.07447619047619047
3808 -0.2155769230769231 -0.06670329670329678
3811 -0.05221428571428577 -0.005380952380952486
3825 -0.18619047619047624 -0.11814285714285755
3881 -0.15881263616557717 -0.4103362573099414
3887 -0.12725675675675707 -0.008190476190476081
3889 -0.5001819407008088 -0.2560947712418302
3901 -247.21239230769234 -97.82787179487178
3945 -0.2766553191489367 -0.268639705882353
3957 -0.28266501240694786 -0.12268398268398262
3959 -0.1802679900744415 -0.4332467532467532
3970 -0.168076923076923 -0.1801098901098902
3975 -0.1277483443708609 -0.01631578947368406
3983 -0.8811111111111114 -0.28666666666666674
4000 -0.07416666666666683 -0.07129166666666664
4019 -2.6841904761904765 -1.4331190476190474
4028 -0.08805147058823537 -0.11610294117647069
4035 -0.2177058823529412 -0.023100840336134576
4044 -0.24782051282051265 -0.17059523809523824
4046 -0.6792401960784313 -0.4835477941176469
4048 -0.9430520833333335 -0.038416666666666655
4054 -0.2770531400966185 -0.15027173913043457
4059 -0.06333333333333335 -0.29798418972331997
4078 -0.2189913043478262 -0.03403846153846157
4079 -0.22139149468417751 -0.16080952380952396
4104 -0.3788970588235292 0.028106617647058796
4110 -0.45391544117647065 -0.017022058823529362
4117 -0.1188095238095237 -0.027904761904761877
4129 -0.2881043956043955 -0.02510989010989012
4175 -0.12953504043126696 -0.06910818713450295
4181 -0.4568852459016395 -0.2728571428571427
4206 -0.019166666666666554 -0.20753472222222213
4211 -0.18361598440545812 -0.20562865497076022
4229 -1.2806349206349208 -0.0758928571428572
4236 -0.9404603174603177 -0.18716666666666681
4241 -0.4206753812636166 -0.16522875816993465
4307 -0.8063492063492061 -0.5097380952380952
4311 -0.6289999999999997 -0.08000000000000007
4313 -0.204784200091505 -0.10695238095238091
4360 -0.27555555555555566 -0.6381666666666664
4361 -0.10420077972709552 -0.07564327485380107
4417 -0.14293708920187798 -0.062017543859649304
4450 0.006067251461988388 -0.1754970760233916
4455 -1.0043914231658606 -0.14950980392156854
4524 -1288.348717948718 -1159.699829059829
4530 -0.09728813559322014 -0.17364473684210524
4534 -0.26088572990705305 -0.27533333333333343
4539 0.5492549019607843 -0.3577601809954749
4540 -0.18415103415103418 -0.04073809523809524
4547 -0.2770248538011698 -0.017514619883040927
4557 -0.1742886075949367 -0.04447368421052622
4558 0.05918016895166878 -0.17004329004328977
4572 -0.04376263675391234 -0.08690476190476182
4577 -0.037585991244527994 -0.19685714285714306
4578 -0.14593233926567262 -0.08152380952380955
4579 -0.15811194143663243 0.007785714285714285
4612 -0.1635989583333335 -0.0858958333333334
4639 -0.2048749999999997 -0.3015416666666666
4651 -0.0772413793103448 -0.4358974358974359
4662 -0.17213932806324106 -0.002766798418972316
4669 0.09499025341130607 0.029254385964912366
4676 -3.4177083333333336 -0.05718749999999995
4679 -0.38901960784313716 -0.2232352941176471
4682 -0.04195175438596477 -0.029590643274853723
4714 -0.2594424806201554 -0.08134469696969693
4737 -0.26102535211267597 -0.058888888888888935
4757 -0.16369079196665381 -0.0984387351778655
4779 -0.19385620915032686 -0.046797385620915066
4803 -0.4735851648351652 -0.059670329670330036
4857 -0.29284868421052623 -0.02134210526315794
4906 -0.2597228381374723 -0.25183333333333346
4907 -0.9694999999999998 -0.695889423076923
4914 -0.1352092352092351 -0.1557034632034633
4953 -0.2418730158730158 -0.24221428571428572
4966 -0.5466285714285712 -0.051130030959752215
4969 -0.30105875831485607 -0.1676648351648351
4978 -0.296861111111111 -0.09272916666666675
5021 -0.044327303561334075 -0.21901190476190502
5103 -3.8970317460317467 -1.1102380952380955
5142 -0.12643617021276576 0.020208333333333273
5183 -0.0840921690921691 -0.12407894736842107
5197 -0.0377777777777778 -0.29149122807017536
5199 -1.0220454545454543 -0.4731034482758619
5230 -0.23507281553398074 -0.060747899159664054
5235 -0.4613432835820894 -0.180217391304348
5292 -0.12470270270270234 -0.13973684210526316
5311 -0.14021929824561408 -0.03663742690058469
5340 -2.724468864468866 -3.2607967032967053
5350 -4.3631034482758615 -0.6775
5359 -0.3084134615384616 -0.07871794871794868
5363 -0.46162393162393167 -0.26391025641025656
5378 -3.6409681372549016 -0.40918128654970753
5391 -0.5222222222222221 -0.040238095238095406
5395 -16.604895833333334 -15.994861111111112
5407 -0.049689440993789025 -0.04032763532763539
5439 -0.36199999999999966 -0.13655555555555554
5468 -0.5186999999999999 -0.5621867321867323
5473 -0.20452380952380944 -0.12225274725274748
5486 -0.8729047619047622 -0.9345952380952383
5487 -0.10106349206349197 -0.20959523809523817
5498 -1.139918414918415 -0.23269230769230775
5524 -0.25944444444444437 -0.2611858974358975
5533 -1.466616161616161 -1.9166856060606063
5549 -249.44170454545457 -52.918989898989906
5550 -73.4940606060606 -30.574727272727273
5588 -0.15123626373626387 -0.23631868131868128
5590 -0.1673937908496732 -0.03888888888888897
5595 -0.08330555555555541 -0.2149791666666666
5597 -0.4920758928571427 -0.5090178571428572
5635 -1.6606837606837608 -1.5139835164835165
5641 -0.18404901960784326 -0.4455769230769233
5659 -0.44565217391304346 -0.23249999999999993
