results/band_fits/with_ext/sdss_sako18_simple_fit_class.ecsv
# %ECSV 0.9
# ---
# datatype:
# - {name: obj_id, datatype: string}
# - {name: x, datatype: float64}
# - {name: y, datatype: float64}
# schema: astropy-2.0
obj_id x y
[from data line 1386]
21065 0.2777777777777777 0.4733333333333334
21081 -0.36902777777777773 -0.13715277777777768
21150 -0.6523290598290601 -0.05566666666666664
21152 -0.05092592592592593 -0.14076388888888902
21161 -0.8015185185185176 0.00794444444444431
21166 -0.5161875 -0.3035000000000001
21172 -0.024210526315789682 -0.023571428571428132
21306 -0.5861309523809524 -0.938928571428572
21307 -1.1428240740740738 -0.10520833333333335
21347 -0.22333789329685327 -0.028601398601398653
21351 -0.3452415458937196 -0.08713286713286716
21356 -0.5710231729055257 -0.17890109890109884
21360 -0.4221164021164022 0.01960317460317451
21381 -0.7429910714285713 -0.35517857142857145
21385 -0.4636111111111113 -0.12722222222222213
21391 -0.19553571428571415 0.0892857142857143
21396 -0.06803571428571442 -0.34059523809523795
21401 -0.23498652291105127 0.051648351648351576
21402 -0.07171130952380944 -0.605
21404 0.012307692307692242 -0.41423076923076896
21405 -0.17019230769230753 -0.1332967032967034
21406 -0.3513908355795148 -0.47651821862348154
21409 -0.6554166666666668 -0.4970138888888884
21413 -0.24879166666666674 -0.30966666666666665
21420 -0.5232592592592591 -0.3446190476190476
21422 -0.6573333333333333 -0.3320000000000001
21429 -0.4247836538461538 0.03913165266106433
21451 -0.14622159090909093 0.06727272727272726
21455 -0.13269841269841276 -0.5727380952380953
21457 -0.4820512820512821 -0.1624725274725275
21482 -0.49206349206349187 -0.18000000000000005
21487 -0.3130769230769226 -0.42846153846153845
2149 -0.5235672514619881 -0.21581871345029224
21494 -0.5664880952380952 -0.3254761904761907
21502 -28.90513888888889 -7.31
21510 -9.563333333333334 -6.1450000000000005
21524 -0.9928888888888889 -0.07216666666666671
21543 -2.4792642140468226 -1.4511805555555557
21554 -3.6558193979933105 -0.07513888888888887
21557 -0.043611111111111156 -0.21013888888888888
21582 -0.08386392811296539 -0.21115384615384603
21591 -0.48854377880184297 -0.2519444444444445
21594 -0.5742124883504192 -0.304761904761905
2162 -1.5903050108932464 -1.1199346405228758
21648 -0.21640590531138626 -0.22157894736842132
21669 0.22244444444444422 -2.6926666666666668
21687 0.07798941798941783 -0.3319047619047618
21697 0.4080423280423282 0.6997619047619048
21709 -0.7998809523809522 -0.07160714285714276
21711 -0.9036666666666662 -0.2011666666666665
21764 -0.514326923076923 0.0361538461538462
2181 -0.20227463312368976 -0.12803320561941256
21810 -19.91422222222222 -7.157999999999998
21813 -0.6378571428571428 -0.9425000000000008
21814 -1.1533333333333333 -12.5425
2182 -0.09967836257309948 -0.07195906432748533
21839 -1.5308333333333333 -3.0683333333333342
21858 -0.21345238095238106 -0.49517857142857125
21861 -6.2666666666666675 -0.4008333333333334
21872 -0.2056086956521742 -0.8608035714285713
21874 -0.14035714285714296 -0.24857142857142855
21875 -1.6927559912854004 -0.1976190476190477
21878 -0.5236959459459459 -0.1728846153846153
21884 -0.26291666666666647 -0.22833333333333328
21888 -0.2204180602006689 -0.31715277777777773
22075 -0.8878571428571429 -4.021833333333333
22182 -inf -inf
22282 -0.46967418546365947 -0.27209090909090916
22284 0.29288888888888875 0.7576666666666672
2235 -0.09656920077972708 -0.040906432748538
2246 -0.9873510114816835 -1.2836547619047618
2280 -0.1550532915360503 -0.10413742690058492
2290 -0.23525054466230944 -0.12181372549019609
2308 -22.091547511312214 -9.730513833992093
2319 -3.3761111111111113 -3.450555555555556
2330 -0.1037297843665772 -0.19582239382239386
2342 -0.4176727272727272 -0.512
2347 -0.08645258215962426 -0.14959064327485394
2355 -0.06398635477582848 -0.034766081871345
2372 -1.8128333333333333 -2.9800119047619056
2422 -2.035740740740741 -0.14388888888888884
2437 -0.19927254098360647 -0.22920995670995647
2440 -2.224018589393111 -1.151214285714286
2464 -0.0695955882352941 -0.002375366568915016
2532 -0.6228431372549018 -0.3063970588235294
2533 -0.3400972222222223 -0.8084583333333336
2537 1.0937285902503293 -0.05245059288537535
2538 -34.52774603174603 -16.262785714285712
2551 -0.29564950980392135 -0.020533088235294095
2561 -3.424264069264069 -5.438786600496279
2621 -0.37403174603174616 -0.6634761904761906
2630 -0.2335238095238097 -0.4291666666666669
2632 -0.3637918552036199 -0.11916996047430839
2635 -5.240134631317316 -4.797925724637681
2639 -1.809963680387409 -0.5621578947368422
2651 -1.6392401960784315 -0.5390522875816995
2689 -7.692777777777776 -6.127571428571429
2699 -0.3529375000000001 -4.008319444444444
2734 -2.460167910447761 -1.419990118577075
2744 -4.363566176470586 -16.392169117647057
2766 -0.5284920634920631 -1.9818571428571428
2784 -0.14251905751905747 -0.054547619047618956
2789 -0.20327272727272727 -0.355190058479532
2799 -0.11411851851851873 -0.05565934065934075
2806 -0.5338529055690072 -0.3545789473684211
2808 -0.5665910333515582 -0.2665714285714287
2855 -0.9039194139194139 -0.5663461538461539
2864 -0.9016176470588235 -0.4151470588235293
2871 -0.2849365079365085 -0.24307142857142838
2912 -0.009052109181141521 -0.16759740259740258
2916 -1.6834042553191488 -2.0553125000000003
2926 -0.4447142857142854 -0.5213809523809523
2929 0.10658357771260984 -2.1736624307592045
2943 -0.9493015873015871 -0.31333333333333346
2986 -0.35535416666666686 -4.020902777777778
2992 -0.34360090446579994 -1.7201071428571426
3068 -0.26665032679738565 -0.0411111111111111
3077 -0.8730303030303028 -0.7077941176470588
3080 -4.030054466230937 -1.3224999999999998
3087 -4.865882352941176 -1.7897058823529413
3102 -0.35479761904761875 -0.022720588235294104
3118 -1.2841228070175443 -0.8545906432748538
3150 -0.08539046653144011 -0.0934070512820514
3161 -0.2700219298245614 -0.11216374269005835
3172 -0.08189465923984274 -0.19833027148397653
3175 -1.1791984126984127 -0.14763095238095247
3180 -0.20271698113207548 -0.27040849673202627
3191 0.04006433823529387 -0.09599264705882349
3199 -0.7583486238532109 -0.15315068493150685
3205 0.028849673202614223 -1.1272941176470583
3206 -0.2092619745845553 0.008563049853372418
3225 -0.1690701754385966 -0.12552631578947393
3241 -1.004093137254902 -0.1606249999999998
3256 -0.8727922077922077 -12.175151515151516
3317 -0.8269128329297817 -0.44317105263157897
3323 -0.11864418961743284 -0.15701808785529714
3331 -0.5020967741935483 -0.3904761904761904
3341 -0.188316630355846 -0.021552631578947323
3361 -0.027952586206896557 -0.045062611806797825
3368 -0.2855238095238095 0.02361904761904754
3370 -0.0624122807017542 0.0501447368421053
3377 -1.4854796238244516 -0.6037422037422038
3402 -0.1387091503267972 -0.08830065359477124
3417 -0.49915917843388957 -0.18741758241758233
3421 -0.12873202614379076 -0.5135686274509805
3426 -0.4191358490566035 -0.2807189542483661
3451 -1.7343665768194068 -0.7639912280701755
3452 -2.9650075471698107 -0.6683660130718952
3475 -0.29983660130719003 0.021993464052287415
3488 -0.17740229110512118 -0.7073245614035084
3506 -2.028668085106383 -1.1483823529411765
3508 -0.3790499881544658 -0.05327205882352937
3527 -0.30111741349971655 -0.08799999999999986
3533 -0.9353420096852301 -0.7712631578947369
3535 -0.13264625478403502 -0.5
3539 -0.04642763157894736 -0.1464736842105263
3543 -0.2913174603174604 -0.2328095238095237
3560 -0.16584795321637424 -0.07868421052631591
3565 -0.38794117647058823 -0.09526143790849673
3592 -28.644003267973854 -26.238594771241825
3593 -0.39161793372319686 -0.18103801169590633
3674 -0.28861519607843134 -0.5357720588235293
3780 -0.3226190476190478 -0.07447619047619047
3808 -0.2121153846153847 -0.06516483516483518
3811 -0.030952380952380842 -0.004761904761904745
3825 -0.18619047619047624 -0.11850000000000005
3881 -0.13959694989106763 -0.41010233918128636
3887 -0.12804729729729702 -0.006404761904762024
3889 -0.5005795148247981 -0.254967320261438
3901 -247.21259230769235 -97.82799999999999
3945 -0.2766553191489367 -0.268639705882353
3957 -0.28266501240694786 -0.12268398268398262
3959 -0.17381637717121579 -0.4337012987012987
3970 -0.1536996336996337 -0.181620879120879
3975 -0.09701986754966896 -0.016578947368420804
3983 -0.8066666666666666 -0.28666666666666674
4000 -0.07416666666666683 -0.07129166666666664
4012 1.8394285714285736 24.954436507936514
4019 -2.6846507936507935 -1.4324285714285714
4028 -0.08471813725490207 -0.11579044117647053
4035 -0.21777941176470583 -0.022815126050420353
4044 -0.24769230769230743 -0.1710952380952382
4046 -0.6792401960784313 -0.4835477941176469
4048 -0.9430520833333335 -0.038416666666666655
4054 -0.27763285024154594 -0.134836956521739
4059 -0.054545454545454564 -0.2973418972332018
4079 -0.22139149468417751 -0.16080952380952396
4104 -0.3793137254901957 0.027812500000000018
4110 -0.45391544117647065 -0.017022058823529362
4117 -0.12309523809523815 -0.029333333333333433
4129 -0.2892582417582418 -0.024340659340659376
4175 -0.12784703504043138 -0.0688450292397661
4181 -0.4568852459016395 -0.2728571428571427
4206 -0.0187962962962962 -0.21638888888888885
4211 -0.18093567251461984 -0.20223684210526338
4229 -1.2552777777777777 0.101607142857143
4236 -0.9404603174603177 -0.18680952380952365
4241 -0.42087145969498896 -0.16552287581699354
4307 -0.8063492063492061 -0.5097380952380952
4311 -0.63 -0.08000000000000007
4313 -0.204784200091505 -0.10695238095238091
4360 -0.2748888888888892 -0.6368571428571429
4361 -0.10438596491228058 -0.07675438596491224
4417 -0.14293708920187798 -0.062017543859649304
4450 0.009400584795321576 -0.17605263157894746
4455 -1.002152617195712 -0.14950980392156854
4524 -1286.6874038461538 -1158.7192307692308
4530 -0.07335956416464884 -0.17314473684210507
4534 -0.2630809185347186 -0.27508333333333357
4540 -0.18441077441077436 -0.04073809523809524
4547 -0.2766154970760234 -0.017514619883040927
4557 -0.15429535864978916 -0.04447368421052622
4558 0.05833679545769266 -0.16911255411255421
4572 -0.04376263675391234 -0.08690476190476182
4577 -0.03746404002501569 -0.19685714285714306
4578 -0.14411415744749068 -0.08152380952380955
4579 -0.15785877687967054 0.00728571428571434
4612 -0.1635989583333335 -0.0858958333333334
4639 -0.2048749999999997 -0.3015416666666666
4651 -0.07758620689655182 -0.4353846153846155
4662 -0.14043478260869557 -0.002312252964426831
4669 0.0989668615984407 0.04026315789473689
4676 -3.1429166666666664 -0.055937500000000195
4682 -0.04195175438596477 -0.029590643274853723
4757 -0.16369079196665381 -0.0984387351778655
4803 -0.4633928571428576 -0.06186813186813178
4808 -0.08083456790123422 -0.23470370370370364
4857 -0.29284868421052623 -0.02134210526315794
4906 -0.25923503325942354 -0.24683333333333335
4907 -0.9675555555555555 -0.695889423076923
4914 -0.13314574314574323 -0.15737012987012977
4953 -0.20352380952380988 -0.2429285714285716
4966 -0.486437037037037 -0.2679248366013073
4969 -0.3005709534368073 -0.16728021978021979
4978 -0.2501944444444444 -0.09272916666666675
5021 -0.0849152063312607 -0.23657142857142865
5103 -3.6377460317460315 -1.1123809523809527
5142 -0.12348162475822044 -0.024125000000000063
5183 -0.08125433125433124 -0.12407894736842107
5199 -1.0218181818181817 -0.4734482758620687
5230 -0.23477281553398077 -0.060747899159664054
5235 -0.426417910447761 -0.1784782608695653
5247 -0.43766666666666687 -0.21150000000000002
5292 -0.12382239382239368 -0.13830409356725148
5311 -0.1409064327485381 -0.03771929824561404
5339 -1.6425151515151515 -1.0809090909090913
5340 -2.7234798534798568 -3.2592582417582463
5350 -1.7496816976127318 -1.7553888888888884
5359 -0.3040384615384616 -0.07871794871794868
5363 -0.4638034188034188 -0.26391025641025656
5378 -3.5655392156862753 -0.40918128654970753
5391 -0.5220634920634919 -0.040238095238095406
5395 -16.604895833333334 -15.995069444444445
5407 -0.04951552795031067 -0.041096866096866136
5439 -0.362694444444444 -0.1376666666666666
5468 -0.5216857142857145 -0.5497870597870596
5486 -0.8486190476190477 -0.9345952380952383
5487 -0.09225396825396814 -0.21280952380952378
5498 -1.1327680652680652 -0.23264102564102562
5524 -0.25944444444444437 -0.2611858974358975
5533 -1.3901010101010098 -1.9000946969696972
5549 -36.97145454545455 -31.80721212121212
5550 -25.966393939393942 -13.460227272727273
5588 -0.15123626373626387 -0.23631868131868128
5590 -0.1673937908496732 -0.03888888888888897
5595 -0.08373611111111123 -0.09497916666666661
5597 -0.4915401785714284 -0.5090178571428572
5635 -1.6601282051282056 -1.5147802197802196
5641 -0.13046805819101825 -0.4455769230769233
5659 -0.42369565217391303 -0.23249999999999993
5689 -1.4580555555555559 -0.25954545454545463
5690 -0.1619206349206348 -0.14107142857142851
5691 -0.3715555555555554 -0.27000000000000013
5702 -7.572045454545456 -1.5995454545454542
5717 -3.3028115942028986 -1.2282934782608697
5731 -0.3854687499999998 -0.2818750000000001
5735 -0.594730392156863 -0.1647242647058822
5736 -1.1967188405797102 -0.8064782608695653
5737 -0.47684523809523816 -0.17833333333333323
5747 -0.2109523809523811 -0.2404761904761905
5751 -21.071587301587307 -12.44734335839599
5776 -0.33539794608472406 -0.13543956043956062
5781 -0.14403080872913998 -0.2543131868131868
5802 -1.8883653846153845 -1.0519450800915333
5803 -0.06866666666666643 nan
5804 0.0034761904761906326 -0.07238095238095232
5807 -1.4050641025641024 0.6596474358974358
5812 -0.771814814814815 -0.826222222222222
5821 -0.07844780219780223 0.0007142857142857229
5844 -0.7839478260869563 -0.5678173913043478
5859 -0.029555555555555557 0.01766666666666694
5869 -0.9504212454212457 -0.12975274725274732
5890 -2.366285714285714 -1.9152857142857147
5897 -0.31500460829493093 0.05250000000000021
5909 -1.092563909774436 -0.44153846153846155
5916 -6.285 -5.691111111111111
5917 -3.5820000000000003 -1.4797222222222222
5925 -0.48215625000000006 -0.03229166666666661
5944 -221.41996798719487 -126.94139487179486
5957 -1.3240277777777778 -0.6942708333333332
5959 -3.3348496732026147 -1.814058823529412
5963 -3.1285925925925926 -2.6403333333333334
5966 -0.42227777777777775 -0.3360833333333334
5978 -0.28183150183150185 -0.4788461538461539
5993 -0.47177380952380965 -0.16214285714285726
5994 -9.729388888888888 -5.751083333333334
6055 -0.22759459459459486 -0.02323529411764702
6057 -10.41128205128205 -25.25623931623932
6085 -0.5042187499999999 0.019471153846154277
6100 -0.7944351732991015 0.006978021978021998
6108 -0.9980303030303028 -0.7200909090909092
6120 -0.2382402772429727 -0.25570512820512814
6121 -0.7870902255639094 -0.8560897435897434
6127 -0.9653338632750403 -0.3931410256410255
6192 -0.22672727272727267 -0.5303030303030303
6196 -0.32480451127819543 -0.7984615384615388
6197 -0.3141159420289854 -0.09882608695652173
6210 -0.17195217391304363 -0.05337391304347816
6213 -0.29416149068323016 -0.34340607210626184
6216 -0.34130303030303 -0.3042424242424243
6225 -0.42042424242424237 -0.3527727272727271
6249 -0.44254545454545446 -0.757909090909091
6274 -0.340915750915751 -0.4222252747252744
6275 -0.6132440476190479 -0.021116071428571415
6282 -0.03821804511278193 -0.29192307692307673
6295 0.6132036613272309 11.058166666666668
6300 -0.5079302325581394 -0.7538441890166032
6304 -0.8809777424483307 -2.25451923076923
6315 -0.8880419580419581 -0.7394405594405593
6326 -0.5568518518518517 -1.0432777777777775
6333 -0.420429292929293 -0.3494696969696969
6367 -0.4193076923076924 -0.23441025641025637
6406 -7.950666666666668 -5.835625
6422 -9.43941724941725 -7.513531468531468
6431 -0.12657575757575767 -0.5814545454545456
6433 -0.3435897435897435 -0.5730384615384616
6469 -1.7963409090909086 -0.31109090909090886
6479 -0.11515151515151512 -1.8370909090909093
6491 -0.669777777777778 -1.068148148148148
6496 -0.833030303030303 -0.6142727272727277
6501 -0.19793939393939397 -0.4780909090909091
6520 -11.62618181818182 -10.028818181818181
6530 -0.39375291375291366 -0.8769230769230767
6535 -0.5569949494949497 -0.9303409090909087
6556 -0.3293602693602691 -1.4333838383838389
6558 -64.80470588235293 -155.67851851851853
6614 -0.13545454545454527 -0.07935606060606082
6618 -0.4195833333333333 -0.6653124999999998
6638 -0.37540338983050847 -0.3264117647058824
6641 -1.369854111405835 -0.19188854489164098
6649 -0.43003325942350323 -0.4149285714285713
6660 -0.6571212121212124 -0.32946969696969686
