results/band_fits/with_ext/sdss_sako18_mcmc_fit_class.ecsv
# %ECSV 0.9
# ---
# datatype:
# - {name: obj_id, datatype: string}
# - {name: x, datatype: float64}
# - {name: y, datatype: float64}
# schema: astropy-2.0
obj_id x y
[from data line 1460]
16749 -0.5514444444444446 -0.06533333333333324
16752 -0.065824881676809 -1.625854348944932
16753 -0.9848504273504277 0.5769230769230766
16758 13.477238095238093 8.360285714285716
16759 6.677321428571429 4.018684210526315
16761 6.159210526315791 2.8528947368421047
16766 5.127222222222223 3.7503333333333333
16767 -1.022722222222221 1.278666666666667
16768 -0.04581818181818198 0.16159090909090912
16773 0.08473214285714281 -0.24571428571428577
16781 1.9554285714285717 4.072285714285714
16788 -0.7460714285714287 0.9257142857142857
16789 4.3487301587301594 0.5010714285714288
16794 22.506269841269837 2.8051190476190473
16841 -0.7752685421994885 -0.7995833333333335
16842 0.6259285714285712 1.1486666666666636
16849 16.159923273657288 7.092708333333333
16857 -7.205208333333328 -0.5151648351648355
16866 10.01075187969925 1.234711538461538
16867 67.7825 36.33583333333333
16868 27.32579051383399 111.3696739130435
16873 -1.482160326086956 1.2708522727272724
16879 -0.49545263157894737 0.30665158371040724
1688 -0.39490253411306053 0.293625730994152
16885 0.13499025341130544 0.9373684210526303
16888 -1.4650595238095239 0.025267857142857286
16889 3.469999999999999 2.125854700854701
16890 0.3612718600953899 0.815950113378686
16894 5.507666666666667 1.2609999999999997
16897 3.0580000000000007 1.1165714285714285
16914 -0.0325816993464052 -0.23681372549019652
16945 -2.470190476190476 -0.03028571428571425
16950 0.9423920265780747 0.5962156862745096
16952 -0.9961904761904758 -0.26742857142857135
16953 -0.7785000000000002 0.15714285714285703
16956 -0.8769999999999998 3.009999999999998
16960 -0.005964912280699508 2.245263157894737
16966 -54.4957277628032 -203.00794117647052
16973 0.3638047138047138 0.2566666666666666
16975 1.526277777777778 0.23275000000000023
16976 6.157436974789915 3.423636363636364
16977 -0.5283333333333337 0.005448717948718151
16984 -0.2676923076923079 -0.32705128205128275
16991 6.258673913043478 0.9668749999999995
17002 162.8895969945355 122.58482142857133
17040 -0.21341269841269828 -0.03952380952380952
17041 1.2365151515151513 0.4473863636363635
17049 -0.8810353535353539 -0.2946212121212124
17053 -4.007333333333333 3.8475000000000006
1706 13.830416666666661 6.298749999999999
17065 -1.6616326530612247 -0.5044117647058823
17067 0.8030209241499557 0.5269407894736835
17097 3.8012514619883033 2.545280701754385
17104 -0.3778571428571428 0.041607142857142954
17108 -0.6528333333333333 -0.11416666666666664
17115 9.769454545454547 1.7818055555555556
17120 4.789780219780219 1.9206944444444445
17121 7.124305555555557 1.9804166666666667
17140 23.913766233766236 3.9033333333333333
17167 2.645624999999999 64.13333333333334
17168 0.1919413919413917 -0.6864560439560441
17170 -1.0873809523809528 -0.17087912087912072
17174 -3.173761904761907 -2.5517142857142856
17176 62.05471428571429 76.906873015873
17178 -13.404981684981685 -13.25434065934066
17186 -8.33250319284802 -8.626056644880176
17196 41.5747441520468 -1.0782163742690045
17202 0.4622700119474312 1.2109821428571426
17206 8.61288675429727 6.8253125
17215 -2.2012380952380948 -0.8121904761904764
17217 -1.0033815350389321 -2.9553194444444437
17218 -0.8882788671023967 16.837745098039214
17220 66.57879999999999 31.394705882352945
17229 -0.4613281853281854 -1.955146198830409
17232 13.284775910364145 18.487277777777777
17234 -1.526382978723404 -0.6834583333333331
17236 3.5137438905180822 6.001985294117645
17244 -51.26063636363635 177.73557575757573
17245 -21.474444444444444 -19.703205128205127
17268 54.34502923976608 43.090964912280704
17272 -0.6057417582417584 -0.7060294117647061
17284 26.203267924528305 3.6536274509803928
17286 -0.6982299843014126 -1.935203463203463
17290 -1.292337987826711 -29.56746206896552
17291 17.585061179087877 24.28744444444444
17292 17.129329501915706 4.661620689655173
17296 -1.9742857142857169 -4.9477142857142855
17300 12.100136452241713 -2.885365497076023
17302 -7.504666442048518 -1.1066959064327482
17306 -0.5028070175438595 -1.0837280701754384
17315 -0.1714332855093259 -0.3004462365591398
17316 0.6539616935483867 4.270836384439358
17317 1.9388383838383838 7.6735185185185095
17319 1.0526301911667764 7.057344470046082
17323 2.3235 8.753458333333334
17324 -3.006452991452994 -0.9187179487179487
17328 0.20744401544401558 3.9334990253411313
17330 -15.906388888888891 -1.5260888888888893
17332 -0.051519148936169934 9.394761029411764
17333 -1.4355769230769226 -7.225170940170948
17337 -0.2589999999999999 -0.16669736842105265
17339 8.625714285714285 3.253000000000002
17340 -1.137604255319149 -0.12851102941176462
17343 -3.051612554112566 nan
17351 -1.273736383442266 -0.918823529411765
17366 -13.070906432748536 -5.745263157894737
17370 -0.34040293040293035 -0.18819047619047624
17371 6.485049019607843 2.293823529411765
17373 -4.490225705329152 1.6216710526315818
17374 -1.4726315789473678 -0.6579239766081871
17382 -0.036236111111112024 -1.0699583333333331
17386 137.62339285714285 611.9718253968256
17389 -0.6938809523809524 -1.829619047619048
17393 -0.49469498910675425 -0.18746732026143775
17394 -1.2714495798319327 12.891456582633051
17395 -0.6788970588235297 -0.20880514705882347
17396 -7.100711500974658 -8.057704678362573
17397 -2.8525146198830402 2.8368859649122804
17399 -1.0950000000000006 11.841725490196083
1740 78.88462962962964 30.359269005847956
17408 -1.2865399610136454 0.1432456140350875
1741 4.5915244755244755 7.202090643274854
17419 4.306694444444444 4.658541666666667
1742 6.73875 3.3174725274725265
17421 2.756263888888889 2.7899583333333333
17422 0.8893125 -0.3704227941176472
17423 -0.9826992955135334 -0.2696662958843159
17432 -0.9544298245614016 -3.0866374269005843
17433 -0.15577205882352896 0.27788602941176466
17434 -2.6956228070175428 -1.277671052631579
17435 6.269882449425916 -0.4865952380952381
17436 14.408431372549018 -6.516862745098038
17440 -0.5428706199460914 0.08071637426900558
17442 -0.5691111111111113 0.41933333333333334
17448 -0.8050050556117281 -3.5558125
17452 -3.7292063492063505 12.578380952380952
17455 -0.4351307189542484 -0.5798039215686275
17457 -3.127380952380952 -3.3012912087912083
17458 -0.3665909090909091 -0.30252525252525264
17459 -0.3975769230769224 5.5692051282051285
17461 -13.529350490196073 -5.021274509803922
17464 -2.072008547008547 -0.46503205128205116
17465 27.220833333333324 20.2789393939394
17466 18.386471042471044 36.9261208576998
17477 -18.72761363636364 -2.9968686868686865
1748 2.5271698113207544 4.0725
17482 37.88644444444445 38.16352380952381
17486 14.30534090909091 8.826623376623377
17487 3.9585185185185185 6.4557142857142855
17497 -9.789387421089549 -4.215890151515152
1750 -0.8435185185185186 -0.07325163398692813
17508 -0.2132358674463939 -0.07858187134502947
17509 -113.77886363636365 17.634053030303033
17526 3.2041876750700284 3.3524579831932773
17528 1.6195047619047624 1.2207261904761904
17529 1.8181864351245087 0.8020056899004269
17530 -0.3021008403361345 -0.6038949579831936
17535 -1.0784068627450973 0.01788602941176487
17536 14.21838383838384 1.6853030303030303
17539 2.5299285714285715 1.2238928571428573
17540 12848.346125000007 10.509416666666667
17541 0.4446491228070175 4.17827485380117
17547 0.29214285714285704 0.920952380952381
17548 -92.3439761904762 -174.21566666666666
17551 0.19884722222222206 -0.39627083333333335
17552 -2.1430476190476195 -0.014178571428571596
17553 2.720623781676413 5.419385964912281
17555 -4.808296296296296 -3.1014444444444447
17558 15.476290726817044 11.130488721804511
17563 -15.64108796296296 -0.4505555555555567
17564 -27.053402777777777 -11.816736111111108
17568 -0.8040155945419103 -0.6785818713450291
17573 1.3514190476190477 nan
17574 19.776931818181815 -0.3220454545454545
17577 -0.1857239888854585 -0.27423333333333344
17579 6.441188811188809 1.4880769230769229
17584 35.446491071428575 8.993674242424241
17585 7.698392857142858 7.540357142857143
17586 5.355238095238095 6.314166666666667
17587 -14.30589285714286 -5.028392857142856
17591 -14.925463659147873 -2.456000000000001
17594 10.538666666666675 1.4750000000000014
17597 -2.508095238095237 -0.7076785714285712
17603 0.5703888888888899 0.4672708333333331
17605 93.94037037037036 21.31222222222222
17606 5.803675213675211 3.4604487179487187
17608 11.087349206349206 3.179047619047619
17613 5.3878730158730175 2.2101428571428574
17616 -0.6300158730158729 0.04978571428571432
17617 -2.5826785714285734 -1.5932936507936515
1762 -0.21070175438596483 0.10830409356725146
17620 21.931990740740737 -3.544444444444445
17621 19.891324786324784 5.233589743589744
17622 9.516192592592589 2.741646273637376
17625 7.7433333333333305 -1.2030555555555558
17627 -6.477083333333332 47.23468253968254
17629 99.57961309523807 26.29562745098039
17635 -1.4004700854700856 -0.3749999999999998
17641 -0.29275849056603775 -1.9504329004329002
17642 -0.10968602825745677 -0.035326797385620834
17644 9.754222222222221 8.309220430107526
17647 1.3262121212121212 0.027647058823529136
1765 0.02104288499025342 0.0932456140350878
17655 3.2376719576719566 0.8388595912986156
17659 1.5899556541019955 0.9925238095238094
17660 27.675274725274726 8.26456043956044
17662 5.611890243902444 14.640292207792207
17663 0.443888888888889 8.588148148148147
17665 -1.805737762237762 -1.993567567567568
17667 -0.13098039215686286 -0.27232026143790855
17669 4.354071698113208 5.249052287581699
17671 19.05961538461539 14.065054945054944
17672 -8.600653594771243 0.5916718913270635
17674 7.0471969696969685 2.3879545454545457
17675 2.2666190476190478 1.4160476190476192
17682 1.0842051282051282 3.689384615384615
17688 3.5334047619047615 5.568888888888889
17692 5.9021794871794855 4.369093406593406
17695 9.513649921507065 3.6379575163398696
17696 -10.6064 -9.65294117647059
17703 0.888406593406593 -1.1487994891443156
17714 7.746087127158557 3.3532352941176478
17715 -0.5585547169811321 0.5140849673202613
17716 -1.5215262803234504 -0.234941520467836
17717 9.721303030303032 1.1904545454545463
17721 9.0231556372549 2.1683088235294115
17723 19.695606060606064 8.61473484848485
17728 0.38805531914893643 0.9068230694037147
1773 -0.41657894736842116 -3.314356469002695
17733 -0.0650432900432899 0.2996323529411764
17734 1.6529411764705884 2.159035947712418
17739 -2.2408754716981134 -1.5177941176470584
17740 3.3968627450980398 4.040016339869281
17745 726.4397692307691 2295.43641025641
17746 -1.8981837606837606 0.27195512820512835
17748 3.4386324786324787 -0.4543304347826085
1775 3.6147076023391813 0.8045467836257312
17753 0.9600769230769277 -1.52173076923077
17756 43.65492063492063 8.528809523809523
17757 3.110370370370371 3.287222222222222
17759 2.8270370370370372 20.17
1776 -0.2482329113924049 0.7300526315789473
17760 -0.7924545454545455 -0.45686363636363636
17761 -2.7400303030303004 -1.3653181818181823
17763 -10.139059829059825 -3.684262820512821
17770 9.803426515590111 1.7977631578947366
17771 -3.3381643356643327 -1.1136403508771926
17773 -1.37931320754717 0.008251633986928075
17776 -1.3194505494505493 -0.6843300653594773
17777 7.778370554177007 4.535228365384615
17781 -1.010698587127159 -1.2469607843137254
17784 -85.75836397058822 -95.28666666666666
17789 29.009805194805168 13.598730158730163
1779 13.040540184453228 7.475996376811594
17790 -1.6112179487179485 -0.6957371794871792
17791 -0.6013690476190474 -0.2949999999999995
17793 -2.588646723646722 -0.7791666666666663
17794 1.3081666666666667 0.0403472222222222
17796 23.410918367346937 -32.56532891381937
17800 -0.18118736383442302 0.26803921568627453
17801 13.693021442495125 8.53703216374269
17803 -0.04721813725490198 -0.1080147058823529
17809 -2.393938953488372 -0.7542145593869729
17810 6.448225108225108 0.14946524064171163
17811 -3.329764150943397 -1.588172514619883
17814 -2.3567567567567576 -5.602982456140351
17816 -0.19117735849056605 0.02323529411764702
17818 9.05517826825127 7.64
1782 -0.2732324455205808 -0.11022368421052597
17820 -0.3816140350877193 -0.32799999999999985
17822 0.29557528957528967 0.9235895883777241
17825 -2.9669200779727096 -0.49756578947368424
17827 2.340056306306307 0.21135384615384623
17829 0.03286738351254481 -0.00032169117647073975
1783 2.406379118844872 1.8032758620689657
17831 1.5853571428571414 7.9714634146341465
17835 -0.5386640926640927 0.47102339181286557
17837 6.917416666666666 2.3436041666666663
1784 0.01809941520467806 0.336608187134503
17840 16.72246825396826 4.849690476190475
17843 -4.102421276595745 -3.9856617647058825
17844 -6.532727272727272 -1.8700175438596482
17845 -2.4392083333333345 -1.1104999999999996
17846 33.096338383838386 15.458598484848483
17848 10.044545454545453 11.367666666666665
17849 -0.6350700280112038 0.2372115384615383
17851 -16.293181818181814 -1.161428571428571
17852 6.330133689839569 17.018544474393536
17853 -22.106 -7.495384615384616
17854 -136.5821590909091 2.1658333333333246
17856 -0.8789230993725372 1.5299487179487183
17859 14.952666666666662 8.19275
17860 14.177094017094017 7.446948717948718
17861 15.44966666666667 3.084833333333332
17862 8.503776223776223 11.205277777777777
17866 9.784236786469341 5.710614035087718
17868 0.33454248366013073 0.2783771929824561
17869 -13.182380952380953 -4.388944444444444
17870 7.355836956521742 0.7948660714285716
17871 14.77242071457246 0.8047569444444451
17872 -1.008500000000001 -0.40917419354838747
17873 14.441786179921772 2.394222222222223
17874 -2.382688977688978 -0.5301851851851851
17875 -1.3238369905956113 -0.7144465290806751
17877 13.119432703003337 8.402944444444444
17879 8.342747111681643 1.9196740740740743
17880 2.0300889877641826 -7.1397916666666665
17882 0.0740350877192979 0.8101447368421053
17884 -2.0802923976608185 -0.6996491228070175
17885 -0.7181469002695418 -1.1111988304093565
17886 4.546666666666667 11.90422222222222
17894 -2.1513194444444443 1.2118402777777781
17895 -2.1413650793650794 -1.8350714285714278
17897 -0.03314695340501794 0.035994623655914104
17898 -8.592424242424244 -2.206363636363636
17899 -1.3657475490196078 -0.18053308823529401
17906 5.556351351351351 4.788844444444445
17908 -0.41654761904761917 -0.10620238095238088
17909 -3.8628888888888895 3.4523333333333337
17910 17.833 4.4944999999999995
17914 -9.996857142857138 -3.6924999999999972
17916 10.805962962962962 4.733166666666667
17922 -0.6944880174291939 -0.743921568627451
17925 9.194791666666667 3.877
17928 0.7573856209150329 6.845359477124184
17934 -0.6238712938005393 -0.16124269005847935
17935 20.96055555555556 1.2188888888888887
17936 14.429172015404363 8.229258241758242
1794 -3.1508089668615984 -3.6447368421052637
17943 -0.40889510489510505 0.9711583011583009
17945 1.1185916442048518 0.8166228070175441
17949 0.12286051212937998 2.4489327485380112
17951 -4.895286388140164 -20.11
17952 0.8284366576819404 4.02937134502924
17953 -4.096741379310343 5.001666666666665
17954 3.5144063545150495 1.8129166666666667
17956 1.2377272727272732 1.798136363636365
17957 4.05876833976834 0.5237719298245613
17958 -0.813830188679245 0.09728758169934659
17959 4.205643642072214 2.03436274509804
17963 -10.74 -3.780000000000001
17965 11.097873015873017 8.265476190476193
17967 -1.056452380952381 -0.09566666666666673
17976 -0.17647435897435915 -0.049198717948717885
17979 0.03976190476190489 49.643878787878776
17981 2.9602272727272734 0.6251904761904761
17987 -8.33546507778881 -0.3981904761904762
17989 18.645888888888884 3.618500000000001
17990 -7.752777777777778 -0.8693333333333335
17991 1.2965714285714283 0.12435714285714283
17996 9.32547619047619 8.804880952380952
17997 -1.5818253968253968 -0.8513095238095238
18002 -8.733636363636364 0.023500000000000076
18003 4.9385042735042735 0.3003652173913043
18005 6.0505087108013935 2.75172619047619
18007 -3.482321428571428 0.3562637362637363
18010 -0.28589668615984387 -0.00435672514619867
18011 -1.563803418803419 -0.09490384615384628
18012 -6.193303030303032 -1.2456363636363639
18014 4.066874999999998 -0.13583333333333325
18019 -3.592363636363636 -0.4835909090909092
18020 -0.5919551282051283 0.3970940170940165
18021 -1.3465555555555557 -0.16349999999999976
18029 -1.4487606837606846 -2.020320512820513
