results/band_fits/with_ext/sdss_sako18_simple_fit_class.ecsv
# %ECSV 0.9
# ---
# datatype:
# - {name: obj_id, datatype: string}
# - {name: x, datatype: float64}
# - {name: y, datatype: float64}
# schema: astropy-2.0
obj_id x y
[from data line 368]
13015 -7.801373015873015 -0.16929761904761897
13016 -0.8621746031746029 -0.14517857142857138
13017 -1.7137857577601943 -0.5991567944250871
13018 0.7962838468720821 0.7721988795518202
1302 -1.7524374176548092 -2.1293181818181814
13021 -0.0299682539682542 -1.080583333333333
13025 -0.9712432432432434 -0.7841737451737449
13027 -4.989022556390978 -1.868910256410256
13033 -1.1213258611262984 -0.2772261904761908
13035 -0.45800751879699253 -0.5596491228070175
13038 -16.753042471042473 -16.886237816764133
13040 0.22899999999999965 -1.0016491228070177
13044 -11.76052380952381 -3.593145716072545
13045 -0.6873148148148149 -0.3918611111111111
13047 -1.5159018759018759 -5.418181818181819
13051 -0.9605211577211943 -0.14384453781512607
13052 -0.04599999999999982 -0.12349999999999972
13055 -4.480476190476191 0.5223015873015876
13058 -0.10831578947368437 -1.1733289473684207
13063 -0.7308333333333332 -0.3055000000000001
13064 -0.4621491228070175 -0.8081710526315788
13066 -0.10760895883777222 -0.10789473684210515
13067 -0.08088377723970952 -0.14298684210526336
13068 -4.520371517027865 -4.396666666666666
13070 -9.645429824561404 -1.638
13071 -0.2967429467084637 -0.10786842105263172
13072 0.7092777777777783 -0.26263888888888864
13073 -0.7050833333333332 -0.6435714285714286
13074 -0.01076190476190475 -0.2023529411764704
13075 -0.09837318153067676 -0.2935826086956522
13076 -1.6856056338028165 -0.6387719298245611
13079 -0.12923728813559343 -0.34051190476190474
13092 -0.749987492182614 -0.29598809523809533
13096 -0.17772023809523818 -0.07314285714285707
13098 -0.3343075183719616 -0.40035714285714274
13099 -0.13544013121924547 -0.6765595238095239
13101 -0.07740063703088218 -0.05969696969696958
13102 -0.6726944444444447 -0.18790909090909103
13104 -1.1230769230769224 -0.5066666666666668
13106 -0.3702197802197802 -2.3906666666666667
13107 0.26175757575757586 -1.2448181818181816
13108 -0.13521052631578945 -0.2730714285714285
1311 -0.1654139433551196 -0.2766666666666664
13112 -2.412678362573101 -0.37554385964912274
13113 -0.34964891041162227 0.06292105263157899
13115 -0.10809364038432245 -0.10411904761904767
13117 -0.6264895104895105 -0.5059691119691119
13120 -0.32035526315789475 -0.2581842105263161
13122 -1.4177144535840203 -0.2534615384615382
13123 -5.820666666666666 -2.189
13124 -0.6112106537530262 -0.2098684210526316
13128 -0.048541666666666705 -0.0192572463768117
13129 -9.027031484257872 -4.1240000000000006
13130 -2.175362294247411 -0.49182539682539694
13131 -0.6151357581967212 -1.3509199134199135
13134 -14.636790527531787 -3.337496296296294
13135 -9.856099530516431 -6.997236842105261
13136 -0.29318481012658226 0.03455263157894739
13139 -0.10524795982423107 -0.12260683760683755
13140 -1.3128508771929828 -0.29132894736842085
13143 -1.1478216374269006 -0.12060428849902527
13144 -0.17931578947368432 -0.1479605263157895
13145 -3.804007936507937 -0.5796309523809526
13147 -0.15907236842105243 -0.19547368421052647
13148 -0.5664169884169885 -0.019035087719298294
13149 -0.11733145539906109 -0.05615789473684196
1315 -0.22632452830188676 -0.6252777777777778
13150 -1.9517956656346749 -6.194696969696969
13152 -1.5777485380116958 -1.5857748538011698
13155 -0.38093567251462 -1.290555555555556
13157 -0.1930526680526683 -0.25797368421052624
13158 -0.3155238095238091 -0.6030606617647059
13159 -1.3515875754961175 -0.1269583333333335
1316 -0.40617647058823536 -0.48436274509803945
13160 -0.6010641110376742 -0.42871541501976296
13164 -1.5583125 -2.2525757575757575
13166 0.025666666666666726 0.017492182614133878
13168 -0.02311082534486797 -0.15673891129032258
13172 -1.5390701754385967 -0.1071578947368419
13174 -1.6801513317191283 -0.5028026315789476
13177 -0.04869249394673125 -0.15215789473684227
13178 -1.1927777777777777 -0.3591140350877192
13179 0.06841450216450173 0.20197619047619042
13180 -0.3056799007444164 -0.3539285714285716
13184 -12.176147186147185 -2.837532467532468
13185 -0.08393762183235864 -0.6591520467836256
13188 -1.060685687988955 -0.8629365079365083
13191 -2.655278195488722 -0.14535256410256425
13193 -0.04722807017543862 -0.12409210526315784
13195 -3.962045028142583 -257.869992063492
13196 -2.9099999999999984 -1.5169047619047615
13199 -3.471256053268764 -2.9037763157894734
13205 -0.3260337552742616 -0.11013157894736847
13207 -6.741538461538461 -1.5989743589743592
13208 -1.9001111111111115 -1.4270833333333335
13213 -0.011774081774081901 -1.0574122807017545
13214 0.012710622710622843 nan
13220 -0.9605751811594203 -0.7412862318840581
13224 -0.40571859903381635 -0.5466576086956519
13226 -1.4817460317460318 -5.232380952380952
13231 0.01657530737704871 -1.0477705627705625
13236 -0.43253787878787886 -1.011098484848485
1324 -1.167793650793651 -1.5985714285714288
13240 -0.10691228070175418 -0.06783333333333341
13243 -8.156153846153847 -0.36769230769230754
13244 -0.3326967285587976 -0.03658102766798432
13246 -0.16749999999999954 -2.131666666666667
13247 -1.0905797101449268 -2.3830434782608694
13252 -11.899642857142856 -3.0185714285714282
13254 -0.31963383838383796 -0.5201704545454546
13258 -0.08940677966101673 -0.18280263157894727
13260 -1.4339999999999997 -0.45875
13262 -0.04590476190476189 -0.33595238095238145
13267 -0.9624545454545457 -5.400371794871796
13269 -0.0477368421052633 -0.8251578947368419
1327 -2.402636165577343 -1.2627450980392156
13272 -1.5161538461538462 -0.26527972027972035
13273 -0.9874849644614541 -0.7090952380952381
13275 -0.026857142857142913 0.0552380952380952
13277 -0.7280324543610548 0.138595238095238
13278 0.6793583535108958 -0.854054054054054
13279 -36.5616081871345 6.629093567251465
13280 -0.6346978557504874 -0.8509502923976606
13283 -5.610312499999999 -1.3066818181818185
13285 -25.142959558823527 -3.228986928104575
13286 -0.29468725868725865 -3.1257517482517483
13287 -2.0071052631578965 -0.2675323149236193
13289 -12.04122549019608 -6.442003676470589
1329 0.011781045751634078 -1.1946514161220043
13291 -34.71213450292398 -10.510102339181286
1330 -8.158666666666665 -7.281000000000001
13301 -0.07212719298245585 -0.05278947368421072
13302 -0.06611184210526311 -0.09194736842105256
13304 -0.8990902964959571 -0.6756679536679535
13305 -1.7220990566037735 -1.1173391812865496
13307 -1.6496284829721362 -8.633851851851851
13308 -1.8627956989247312 -17.229191176470586
13309 -0.15057598039215692 -0.4145404411764704
13311 -0.2474172794117646 -0.07488970588235289
13314 -8.864509803921571 -2.7602941176470592
13315 -0.7006209150326799 -23.608474945533768
13319 -3.3749027777777783 -0.7523125000000004
13323 -0.7461864406779664 -0.6795921052631582
13326 -0.20624183006535957 -0.07143274853801151
13327 -0.3143180878339269 -0.5965131578947365
13329 -0.2677083333333333 -0.23174632352941177
13330 -0.9620343137254901 -1.138952205882353
13331 -1.0883815789473683 -0.24173684210526325
13333 -1.7337998906506296 -0.9608192620387745
13334 -0.27817386550027345 -0.10992857142857149
13336 -0.11677380952380956 -0.28621428571428587
13339 -0.3327241379310344 -0.1254261954261957
13340 -0.25229044834308 -0.5015935672514618
13342 -0.061820175438596414 0.07347953216374259
13344 -0.22737745098039208 -0.6825454545454546
13345 -13.841792279411761 -7.772242647058823
13350 -0.08941176470588252 -0.11700980392156879
13354 -5.430735294117647 -3.17875
13355 -237.79555555555552 -326.80805555555554
13357 -4.649302832244008 -4.890424836601307
13360 -13.84636363636364 -7.364797979797981
13361 -1.372077205882353 -16.247218137254904
13362 -0.0722222222222223 -0.22836601307189552
13363 -2.682346449833018 -1.8638846153846163
13365 -0.40438997821350764 -0.8650000000000002
13366 -0.17241830065359487 -3.0034967320261434
13367 -0.038257080610021865 -0.3355065359477125
13368 0.06618736383442236 -0.06295751633986924
1337 -3.3062731481481484 -0.5098611111111111
13370 -0.977561274509803 -1.0541176470588232
13373 -0.8549448529411765 -0.6724019607843132
13375 -2.015798245614037 -1.8638421052631582
13376 -25.86883116883117 -79.80696078431373
13378 -0.10643790849673196 -0.20519607843137244
13379 -0.12749999999999995 0.2028758169934639
13383 -0.6767327249022164 -1.2545000000000002
13384 -0.3527665390924002 -0.9051071428571431
13386 -9.914368421052632 -3.05803947368421
13388 -1.6924355096957835 -0.7879902979902981
13389 -5.609803921568627 -0.7540992647058824
13390 -3.3552017543859654 -1.0391578947368423
13391 -1.4182870370370373 -1.4868055555555557
13393 -0.24499582289055977 -0.24140350877192984
13395 -0.2801795708955226 -2.1241558441558444
13397 -1.5933344863369077 -1.2144583333333339
13400 -0.40161111111111114 -0.6342857142857146
13404 -1.1014129032258069 -0.3048459383753501
13406 -0.3515726817042606 -0.6221804511278195
13407 -1.1636982416335795 -0.23940061475409813
13409 -0.6518486842105267 -0.3701578947368427
13410 -6.501900584795322 -35.60059649122807
13411 -0.953272727272727 -1.4589090909090907
13413 -0.30001587301587307 -1.2850714285714284
13419 -0.27807894736842087 -0.2792894736842104
1342 -0.25326510721247575 -0.21830409356725156
13423 -0.24011904761904745 -0.17781954887218043
13425 0.0922936507936507 -0.028583333333333294
13428 -0.10079365079365077 -0.3310238095238095
13429 -0.25086842105263174 -0.08166666666666667
13432 -0.08868253968253992 -0.14536904761904768
13433 -1.249189189189189 -2.3594444444444442
13434 0.07266041162227577 -0.21123684210526306
13435 -2.0421323529411772 -3.389188679245282
13437 -0.27589743589743587 -0.09552380952380957
13440 -0.863141186299081 -0.6141353383458649
13441 -0.20085769980506807 -0.20793859649122814
13442 -0.24103801169590633 0.23014619883040932
13444 -0.6230769230769235 -0.5905219780219781
13445 -0.2763498789346246 -0.6725394736842105
13449 -130.02167338709677 -65.95794117647058
13452 -0.08808906512124448 -0.07354761904761897
13457 -1.1667653109669254 -0.3090000000000004
13458 -0.09574672209785728 -0.057777777777777706
13460 -0.5263771186440678 -0.23810526315789482
13461 -1.7215789473684224 -1.0407894736842105
13465 -0.18830409356725153 -0.09871345029239742
13467 -16.332337662337657 -29.442905982905987
13472 -1.5269223156853036 -0.42674242424242426
13474 -0.5181403508771929 -0.7580131578947368
13475 -0.14807017543859646 -0.7707894736842105
13476 -0.36515594541910334 -0.3017690058479532
13477 -0.344184210526316 -0.08713157894736834
13478 -0.4321666666666667 -0.11415476190476181
13479 -0.10147309236947799 -0.06516290726817031
13481 -0.31007411067193735 -0.3321936758893278
13482 -0.10996212121212112 -0.4877840909090909
13483 -5.93102766798419 -4.9573913043478255
13486 -0.030841990158556598 -0.2312023809523811
13487 -0.03279042200094828 -0.15962009132420085
13488 -3.3607932692307694 -0.4179797979797979
13489 -0.01981355722928746 -0.03599999999999981
1349 -0.6563571428571429 -0.20229761904761911
13491 -0.33253952569169964 0.012252964426878066
13492 0.07253535353535356 -0.06673737373737376
13494 0.028099378881987436 -0.03921652421652411
13495 0.003036890645586876 -0.3783893280632411
13496 -1.4393887814313346 -0.12642857142857133
13497 -0.013729166666666681 -0.02956410256410269
13498 -0.6526428571428571 -1.4913809523809527
13500 -0.4010634920634921 -0.7445714285714287
13501 -0.6817619047619046 -3.660769841269841
13502 -0.18905033238366564 -1.0959302628155085
13506 -0.1407294188861985 -0.4780394736842104
13507 -0.2249733109653802 -0.031000000000000028
13509 -0.07532467532467524 -0.03320346320346301
1351 -0.4304027777777779 -0.16774999999999995
13510 -0.9327705627705627 -0.16925324675324682
13511 -0.3216883116883118 -0.6242532467532471
13515 -4.495216346153845 -1.093080808080808
13518 -0.6568300653594767 -0.3576797385620911
13519 -5.799068627450984 -3.8376143790849677
13520 -0.5025980392156861 -0.6280555555555558
13524 -1.5773433962264147 -1.9679575163398697
13528 -0.28721132897603496 -0.16957516339869272
13529 -0.49587145969498936 -0.6715196078431371
13530 -1.4089523809523805 -11.428899782135073
13532 -1.2226705653021437 -0.43710526315789466
13533 -1.7142667238421956 -0.5149444444444444
13535 -2.728857758620689 -0.7631818181818186
13537 -5.011250000000001 -1.8235416666666666
1354 -0.21588235294117653 0.10198529411764712
13545 -0.13582345191040823 -0.1623517786561266
1355 -1.7986948529411766 -1.8884558823529412
13553 -4.4114516129032255 -0.7193788819875775
13554 -0.025605263157894798 -0.07420651420651425
13557 -0.22500000000000053 -2.046296296296296
13558 -0.1090643274853802 -0.07377192982456138
13562 -0.73 -1.3362499999999997
13565 -2.652756916996048 -1.076429512516469
13566 -3.3534426229508196 -1.6965
13578 -1.3730065359477126 -0.3338398692810458
13579 -0.3174673202614371 -2.39893246187364
13588 -1.5850699300699298 -0.870979532163743
13589 -2.750947916666666 -0.6290000000000004
13590 -0.11442827442827452 -0.3685263157894738
13593 -0.0659642857142857 -0.13028571428571434
13594 -1.3842738095238092 -0.8647063492063487
13597 -0.40049418350389265 -0.07980769230769225
13600 -2.076949317738792 -1.6498684210526315
13601 -0.3585511982570808 -0.24821895424836593
13603 0.11838779956427015 -0.2607679738562091
13607 -5.107380952380951 -0.911785714285714
13610 -0.5577582846003892 -0.2963815789473685
13615 -0.13256335282651088 -0.2833187134502926
13617 -0.14822055137844625 -0.10639419907712577
13620 -2.627058823529412 -0.7734782608695663
13626 -13.670363636363636 -1.735681818181818
13628 -6.6318504901960775 -1.7773713235294115
13629 -0.28855750487329446 -0.4556432748538011
1363 -105.76040909090912 -85.4138484848485
13631 -3.1797058823529403 -0.7646241830065361
13633 -0.23981869913319653 -0.17586397058823544
13638 -0.0640277777777778 -0.15199346405228753
1364 -2.2599047619047616 -1.0437857142857143
13641 -2.5334313725490194 -1.4485661764705884
13644 -329.86322167487685 -63.78883333333333
13646 -0.6491273584905661 -0.32662280701754387
13647 -0.17106237816764136 -0.056798245614035126
13649 -0.15616959064327518 -0.33853801169590625
13655 -0.13250000000000006 -0.12507894736842107
13657 -0.3050762300762302 -0.05005263157894757
13659 -0.3310380116959062 -0.1534210526315789
13660 -0.19660947712418297 -0.013202614379084987
13662 -0.1613157894736843 -0.04140350877192989
13664 -1.9587196765498651 -0.5664766081871344
13666 -0.4794989106753814 -0.36648692810457506
13669 -0.0576608187134503 -0.08903508771929836
1367 -5.2238692810457525 -1.5232941176470591
13675 -0.6743632075471697 -1.0405994152046785
13677 -0.06938596491228066 -0.04706860706860705
13681 -1.4729277082891663 -0.27522222222222203
13689 -2.4080979020979028 -1.1948391812865498
13694 -2.221916583912611 -0.20143162393162384
13697 -1.6149561403508772 -0.011169590643274718
13699 -8.736166666666666 -1.019125
13700 -1.5749090909090908 -0.39995454545454545
13702 -0.04499269005847939 -0.051871345029239735
13703 -1.220184210526316 -0.8364868421052634
13705 -10.964364764267991 -2.9747943722943724
13706 -33.026346992153435 -3.1813791793313086
1371 -12.37772972972973 -14.900604288499025
13716 -0.5821587301587303 -0.25130952380952376
13718 -0.7177300242130746 -0.6452631578947363
13719 -0.10433333333333383 -0.25523015873015886
1372 -1.2971428571428554 -35.42399999999999
13720 -3.189111111111112 -0.17766666666666664
13721 -0.15505263157894733 -0.8591987179487184
13722 -37.4928125 -26.134613095238098
13723 -0.19522205663189296 -0.21927318295739373
13724 -0.10002705627705644 -0.06084415584415592
13725 -9.235565476190477 -1.6081600955794513
13726 -0.051565789473684065 -0.21271052631578913
13727 -1.7477807017543858 -0.9712500000000004
13729 -0.12201855287569585 -0.12308333333333343
13730 0.10250156739811911 -0.566188496188496
13732 -0.08770467836257301 -0.11043859649122778
13734 -0.16279761904761925 -0.02647619047619043
13736 -16.80421052631579 -2.5407894736842107
13737 -0.30505263157894746 -0.10426315789473684
13739 -0.8143567251461987 -0.1653801169590643
13740 -0.5811267605633803 -0.5853144208037824
13741 -1.2571596550823096 -0.5018735632183908
13742 -4.9489377749842856 -1.0969743589743592
13743 -0.1142649903288202 -0.301145833333333
13744 -1.5798210831721473 -2.3334705228031143
13746 -0.060779220779221044 -0.07636363636363652
13750 -0.6589592476489028 -0.2867105263157894
