results/band_fits/with_ext/sdss_sako18_simple_fit_class.ecsv
# %ECSV 0.9
# ---
# datatype:
# - {name: obj_id, datatype: string}
# - {name: x, datatype: float64}
# - {name: y, datatype: float64}
# schema: astropy-2.0
obj_id x y
10028 -43.253 -44.16644444444445
10036 -0.3219791666666667 -0.17458333333333353
10037 -0.6953939393939395 -0.5663181818181817
1008 -1.1910169491525422 -0.6668690476190478
10096 -7.67949494949495 -3.788613445378151
10106 -0.9188602941176469 -1.1046139705882352
10113 -0.6787946428571427 -0.2660606060606062
10146 -1.130445920303605 -0.17318181818181821
10154 -0.14304456327985748 -0.07302197802197796
10299 -1.3581018518518517 -0.22763888888888895
1032 -0.23086842105263194 -0.23703947368421052
10324 -0.5088888888888887 -1.3706250000000002
10434 -11.64 -11.346666666666666
10449 -3.714444444444444 -6.189583333333333
10450 -1.6595652173913045 -0.38874999999999993
10506 -0.2242708333333332 -0.1933333333333333
10517 -0.1730208333333334 -0.13224999999999998
10524 -0.5326762820512823 -0.027115384615384652
10550 -0.8959259259259258 0.00666666666666671
10559 -2.488869047619047 -0.39214285714285724
10620 -0.22564236111111102 -0.1629166666666666
10690 -0.36244117647058816 -0.31845238095238093
10805 -90.43761904761905 -414.5387272727273
1000 -0.08099999999999974 -1.0945263157894738
10045 -3.4886666666666666 0.8262499999999995
10054 -0.37624999999999975 1.06375
10058 -7.9404513888888895 -1.2793750000000002
10161 -0.20892105263157879 -0.6760657894736841
1017 -0.06570440573770475 -0.273073593073593
10231 0.03481481481481552 -0.026458333333333472
10238 -0.6813157894736843 -0.06807692307692292
1024 -5.403855751673769 -3.133178571428571
10297 -1.57421052631579 -0.6233031674208145
10301 -1.781555555555556 -0.6094444444444445
1031 0.03596899224806194 -0.5584160305343513
10314 -0.9922946428571429 -0.43806818181818197
10367 -3466.101666666667 -3279.3730555555558
10371 -3.8662714285714284 -0.800851393188855
1039 -1.3125252525252522 -0.3175000000000001
10396 -0.05434294871794898 -0.1348717948717948
10405 -1.6939120370370362 -1.863923611111111
1041 -0.8115453915453918 -1.1474298245614036
10420 -0.6937500000000002 -0.6937878787878787
10444 -33.685833333333335 -3.982499999999999
10460 -0.2566666666666668 -0.4971818181818184
1048 -2.6802339181286543 -1.5744298245614032
10480 -0.12040909090909091 -0.0606363636363636
10507 -1.5731666666666664 -0.10450000000000004
10523 -1.3044074844074833 -0.2159701937406855
10563 -1.5557363636363641 -0.06678431372548999
10654 -1.0639259259259264 -0.21511111111111114
10672 -0.281359649122807 -0.3637894736842102
10738 -0.644107142857143 -0.005148809523809472
10843 -0.14843434343434347 -0.01719696969696982
10907 -15.2625 -10.645
10915 -0.9295238095238094 0.17085714285714282
10928 -15.852333333333334 -16.062888888888885
10936 0.1924999999999999 3.928333333333333
10976 -7.641666666666666 -3.6975000000000002
10991 -0.5625194805194806 -0.23084980237154162
10997 -1.3125217391304345 -0.08446428571428566
10998 -18.780833333333334 -6.071249999999999
11017 -6.338095238095239 -0.6650000000000003
11026 -0.5033333333333334 -0.6321428571428572
11067 -55.693333333333335 -100.40388888888887
11083 -0.6216666666666666 -2.1290000000000004
1109 -3.9758750000000003 -8.281125
11092 -8.970222222222223 -5.505333333333334
11093 -1.8130952380952379 -1.4351785714285716
11094 -15.850444444444445 -3.1181666666666663
11097 -9.295111111111112 -5.658666666666667
11098 -0.5153333333333332 -0.11499999999999999
11100 -5.2555 -9.475000000000001
11102 -2.0458461538461536 -4.85775
11117 -5.769761904761905 -2.737362637362638
11119 -0.6256249999999999 -0.9033333333333333
1112 -0.12168845315904153 -0.11968954248366015
11120 -5.576969696969697 -23.676444444444446
1113 -12.659330065359477 -116.8894880174292
1114 101.4352664576802 -1609.4962614379087
11141 -2.143781818181819 -1.1083333333333334
11142 -1.8542105263157893 -0.5384615384615385
1115 -5.916727941176468 -0.40433823529411783
11156 -8.693666666666667 -4.982499999999999
11157 -4.143 -0.32504761904761925
11172 -0.9965740740740741 -1.75125
11181 -1.7036666666666664 -1.4204999999999999
1119 -0.18768055555555563 -0.24743749999999998
11192 -0.20277777777777795 -0.4995238095238097
11204 -153.2525 -43.396666666666675
11206 -1.0883333333333334 -0.09000000000000008
11217 -14.001666666666669 -16.4175
11241 0.0007070707070708782 1.3898888888888885
1126 -0.12258333333333338 -0.3242638888888889
1127 -3.30825361512792 -50.4092638888889
11291 -6.7733333333333325 -12.594999999999999
11294 -0.6558333333333333 -2.41
11296 -3.978888888888889 -11.781666666666666
11300 -14.02777777777778 -13.333333333333332
11301 -2.9299999999999997 -8.773333333333333
11305 0.06696172248803822 -0.3610000000000001
11306 -0.7083870967741936 -0.11727272727272742
1131 -0.7280269607843137 -0.9623529411764702
11311 -1.3003809523809524 -2.163571428571429
11314 -0.22419047619047627 -0.6952857142857145
11316 -3.3414644877435586 -1.5167179487179485
11317 -0.25784615384615384 -0.4203174603174604
11319 -5.0140625000000005 -0.7440909090909092
11320 -2.3327278562259313 -0.2679407407407408
11322 -1.8500606060606062 -0.7230303030303031
11332 2.2941666666666665 0.2866666666666662
11334 -49.74461206896554 -19.30622727272727
11356 -1.4129166666666664 -0.22833333333333333
11360 -21.538181818181815 -11.075714285714286
11370 -0.9045982142857141 -0.11339285714285716
11382 -2.699333333333333 -1.5442222222222224
11404 -3.2225 -1.2650000000000001
11405 -11.345555555555556 -6.376000000000001
11411 -0.3815555555555552 -2.241666666666667
11414 -1.3488055555555558 -0.6632222222222222
11434 0.07696428571428537 0.2554761904761904
11444 -0.6267142857142856 -0.6205714285714286
11452 -1.731428571428572 -1.1727499999999997
11467 -0.16541666666666666 -2.1975
1147 -0.8322671568627458 -0.43029166666666663
11476 -0.9040844155844159 -0.3029166666666667
11478 -0.3349498327759197 -0.2885416666666667
11488 -inf -inf
11492 -12.167 -4.4895
11501 -0.8457142857142861 -0.25976190476190486
11503 -0.625 -0.3225
1151 0.030989010989010968 -0.14252747252747255
11510 -0.711211199026172 -0.8042857142857145
11515 -3.831666666666667 -2.0374999999999996
11518 -1.2273611111111111 0.027916666666666812
11519 -2.401666666666667 -0.81
11523 -0.4147321428571429 -0.18339285714285702
1153 -0.5670146520146522 -1.2868131868131867
11532 -25.683333333333334 -66.25222222222222
11539 -1.2853304597701136 -0.11952873563218391
11540 -3.7161111111111116 -0.655
11541 -1.401638242894058 -0.19808300395256961
11543 -5.8325 0.1862499999999998
11549 -4.46 -3.0033333333333334
11557 -0.45068965517241366 -0.018571428571428683
11564 -0.07946428571428565 -0.29863636363636337
11568 -48.48045454545455 -19.6475
11570 -4.529611111111112 -33.21233333333332
11572 2.081592592592596 0.8661666666666683
11574 -47.346222222222224 -4.079999999999999
1158 -0.1298076923076924 -0.19296703296703288
11585 -1.7674125874125877 -0.6795804195804195
11589 -0.8257692307692309 -0.3966666666666666
11590 -2.018 -1.44625
11591 -0.7137500000000003 -0.007500000000000062
11607 -1.5711111111111111 -1.0490000000000004
11619 -4.564166666666667 -2.9225
11624 -2.172888888888889 -1.9170000000000003
11628 -3.973 -0.4800000000000001
1164 -10.134079365079364 -19.562238095238097
11650 -inf -inf
11655 -5.285555555555555 -4.151666666666666
1166 -0.23717857142857146 -0.1666190476190476
11674 -1.5365312499999977 -1.134125
1168 -7.020846153846156 -2.528598290598291
11687 -0.30630769230769195 -0.16285714285714303
11697 -2.663333333333333 -6.535
1170 -0.1394603174603175 -0.3612142857142858
11723 -0.00039215686274518546 -1.5291666666666663
1173 -1.0915128205128202 -1.0776068376068375
11732 -0.3632589285714287 -0.1867857142857141
11771 -0.44638888888888895 0.04375000000000018
11773 -47.75750000000001 -15.336250000000003
11785 -1.14875 -0.9216666666666662
11793 -0.7238499025341136 -2.9039766081871337
11798 -2.9430555555555555 -2.7295833333333333
11836 -19.959333333333337 -3.314
11839 -9.411999999999999 -3.1737500000000005
11850 -7.260576923076923 -5.342435897435898
11854 -0.5570833333333334 -1.353333333333333
11855 -0.2200000000000002 -2.07625
11858 -0.3622222222222219 -0.1825000000000001
11860 -0.7527777777777778 -2.6975000000000007
11864 0.031076923076923224 -0.37624999999999975
11877 -1.2350000000000003 -2.2841666666666667
11882 -1.3111666666666668 -0.516
1190 -2.31577205882353 -1.4732720588235295
1191 -0.24722916666666683 -0.09083333333333332
1194 -0.22857407407407382 -0.48758333333333337
11947 -1.601666666666667 0.2833333333333333
11948 -1.2422222222222223 0.29166666666666696
11965 -0.8343333333333331 -0.46399999999999997
1198 -0.26350000000000007 -6.429857142857143
1199 -5.68923076923077 -0.36689743589743606
11993 -26.412173913043475 -7.358888888888888
1200 -0.260909090909091 -0.5329797979797981
12031 -inf -inf
12035 -0.1655050505050506 -0.2674747474747472
12062 -inf -inf
12065 -3.295714285714286 -2.96
12076 -1.6798333333333335 -0.8864999999999998
12077 -0.39 -0.5177777777777777
12081 -1.9171428571428568 nan
12082 -0.28500000000000014 -0.10124999999999995
12083 -inf -inf
12087 -0.23088888888888892 -0.6443333333333332
1209 -0.4139826839826839 -0.7342640692640694
12091 -3.193333333333333 -3.8294444444444444
12094 -2.6799999999999997 -0.9762500000000001
1210 -0.19316964285714278 -0.10583333333333367
12110 -0.0024999999999998357 -0.518125
12124 -2.1841666666666666 -1.2287499999999998
12130 -1.2633333333333334 -2.4583333333333335
12131 -1.1167272727272728 -1.2225000000000001
12133 -0.7938888888888885 -1.0516666666666665
12136 -0.8825000000000003 -2.4125
1214 -0.026334776334776544 -0.11854978354978363
12166 -inf -inf
12172 -inf -inf
12199 -0.6463809523809523 -1.795714285714286
12200 -0.11650000000000027 1.19025
12203 -1.4226785714285712 -1.33
12206 -0.3555555555555556 -0.9833333333333334
12213 -0.3575396825396826 -0.13968253968253963
12215 -1.0597222222222222 -0.5462499999999999
12216 -1.225 -0.15333333333333332
12223 -inf -inf
1225 -0.004367816091954024 -0.015177865612648223
12259 -0.9108333333333334 -0.08500000000000019
1229 -3.96389423076923 -0.47467948717948727
12308 -1.6770476190476193 -0.10671428571428598
12310 -0.7954285714285716 -0.3761428571428571
12323 -0.40676950998185113 -0.22069444444444453
12326 -5.49388888888889 -1.1951428571428568
1237 -1.7826488095238093 -0.8087946428571429
12372 -0.37457364341085264 -1.0210000000000004
12380 -0.6221176470588233 -0.14069444444444457
1241 -10.707401960784315 -16.1952614379085
1243 -0.24453431372549006 -0.37797794117647077
1248 -1.573963636363637 nan
12496 -0.9124999999999999 -0.9083333333333334
1251 -1.3197321972002438 -2.120079365079365
12510 -21.452272727272728 -10.882857142857143
1253 -0.48877777777777776 -0.02820833333333339
1257 -3.1829803921568613 -2.0169215686274513
1261 -0.48550000000000004 -0.08812500000000001
12619 -1.0375 -1.1533333333333333
12634 -0.6194444444444442 -0.33541666666666664
12635 -4.028333333333334 -0.8805555555555554
12689 -inf -inf
1277 -0.17434042553191453 -0.5124816176470587
12778 -0.31925000000000003 -1.4014999999999995
12779 -0.4594736842105265 -2.3666666666666663
12780 2.064875 11.690039668229357
12781 -1.4300657894736841 -1.421701754385965
12782 -22.010548463356972 -91.58638333333332
12783 -0.413602941176471 -2.098088235294118
12788 -0.4280555555555554 -15.31248148148148
12801 -4.761602977667497 -4.733798701298702
12804 -4.411047215496368 -2.3365789473684213
1281 -28.338774468085106 -14.036158088235291
1282 -0.2837291666666666 -0.16922222222222194
12820 -71.46039473684215 -270.78267543859647
12821 -2.303577188940091 -0.950375939849624
12825 0.07440677966101705 -0.23899999999999988
12826 -0.10136866627839258 -0.12013333333333343
12827 -0.7509404761904754 -0.9897854018589389
12828 -0.08007798319327741 -0.12891666666666657
12829 -3.5761779273558556 -2.4358333333333335
12832 -0.07244948699093046 -0.10703765227021034
12833 -0.7581871345029247 -0.9483966861598441
12834 -0.1460877192982455 -0.30698684210526306
12835 -0.6622972972972971 -0.26081578947368445
12837 -1.0158143939393938 -0.4793939393939397
12839 -0.761511904761905 -0.14557142857142846
12840 -0.11031746031746037 -0.11784523809523795
12841 -0.2648086386003283 -0.09597619047619044
12842 -143.01218421052636 -128.24461403508772
12843 -1.8349736842105264 -1.3226309523809525
12844 0.5931081926203876 -3.460976190476191
12848 -1.6103441558441562 -0.33258333333333345
1285 -0.16923958333333333 -0.02375000000000005
12850 -0.19045238095238093 -0.18105065666041287
12851 0.05249492900608521 -0.18494871794871792
12852 -0.47242105263157885 -0.19884210526315793
12853 -2.4569473684210523 -1.0690263157894737
12854 -0.5039999999999998 -0.1925
12855 -0.7701315789473688 -0.9655701754385966
12856 -6.068793800539084 -3.1145029239766076
12860 -2.5889452867501648 -3.1885881370091904
12864 -0.6044411764705879 -2.095205882352941
12865 -0.4009100877192986 -0.618141447368421
12867 -0.10618645049218323 -0.09190476190476216
12868 -2.608709677419355 -1.2573039215686272
12869 -0.4611164499717355 -0.2680050031269543
12874 -3.73798245614035 -0.6931140350877194
12875 -0.10395804195804192 0.04583333333333339
12877 0.40813157894736873 -3.6445000000000007
12878 -0.023840799031476845 0.007710526315789057
12879 -0.37064663718163793 -0.08273809523809517
12881 -1.000642857142857 -0.8208928571428569
12882 -1.751829329329329 -4.551429487179487
12883 -0.3237017543859648 -0.12703947368421054
12885 -1.4244821428571428 -0.28530952380952357
12886 -0.734236842105263 0.035236842105263566
12887 -1.8275555555555547 -1.5639999999999998
12888 -0.18582005215879438 -0.21214423076923095
12889 -0.8830402930402932 -0.3698221343873518
12890 -0.019508771929824587 -0.27017105263157903
12891 -0.49093859649122873 -0.7490789473684218
12892 -1.421119047619047 -3.4317380952380954
12895 -6.451421568627454 -8.75
12896 -0.35288644688644677 -3.091277777777778
12897 4.43851948051946 -26.44312636165577
12898 -12.488823529411766 -24.134705882352943
12903 -13.241166666666667 -22.677529677784058
12907 -2.0069415267554374 -2.106198830409357
12909 0.08964912280701731 -0.2022660818713451
1291 -1.1600757575757574 -0.4867424242424241
12911 -15.44751684636119 -4.194254385964913
12915 -1.464351851851852 -1.5272499999999996
12917 -0.5066122004357301 -0.6480392156862744
12920 0.06999999999999984 -0.4301041666666672
12922 -5.973203463203464 -18.6686165577342
12923 -0.11619883040935663 -0.6381666666666663
12924 -1.5252723311546839 -0.8834313725490199
12927 -7.912494553376906 -1.7469934640522877
12928 -0.4570158730158731 -1.5878214285714285
12929 -3.8540523809523815 -1.5120059523809524
12930 -7.2202631578947365 -2.770236842105263
12936 -0.05533687354795891 0.015789473684210575
12939 -0.10930075187969934 -0.4092067669172932
12940 -0.10772875816993466 -0.244575163398693
12941 -0.2978357142857141 -2.2857585139318886
12942 -4.428703703703705 -3.3587908496732024
12944 -2.590901265822785 -1.6624210526315792
12946 -6.493105263157897 -0.5109285714285714
12947 -3.6739126984126984 -1.2350833333333333
12950 -13.175041248606465 -23.122222222222224
1296 -0.7349591503267976 0.22176470588235286
12963 -1.1012171052631579 -0.3790789473684213
12964 -0.44353947368421043 -0.609065789473684
12967 -47.56313157894739 -23.800912280701755
12969 -0.21963157894736796 -0.3721205821205822
12971 -0.5185614035087719 -1.5458552631578943
12972 -1.6011666666666666 -0.727421052631579
12973 -0.14874999999999994 -0.03842105263157913
12974 -0.105426755447942 -0.11548684210526328
12977 -0.615595954073264 -0.6773733583489682
12978 -19.15269975786925 -5.891157894736843
12979 -0.49007046070460714 -0.5459999999999994
1298 -0.200603174603174 -0.7555273132664446
12980 -5.8823611814346 -1.977921052631579
12982 -0.7571495956873315 0.056096491228070144
12983 -0.07675438596491235 -0.3219210526315788
12984 -0.10510886075949344 -0.06578947368421051
12987 -0.06666666666666665 -0.5920000000000001
12989 -0.9041066066066064 -0.3484012539184951
12991 -23.096806020066886 -13.446499999999999
12999 -0.4365072765072766 -7.286333333333333
13000 -0.49541635961680175 -1.8924871794871794
13002 -1.4814434782608694 -6.916431623931624
13005 -0.7479397443700548 -0.3984920634920637
13007 -1.4077407407407403 -0.3471111111111109
13009 -0.4629797703663203 -0.8256785714285715
13010 -1.3133333333333335 -9.977294117647059
13011 -0.543763736263736 -2.0190549169859517
