results/band_fits/with_ext/sdss_sako18_mcmc_fit_fits.ecsv
# %ECSV 0.9
# ---
# datatype:
# - {name: obj_id, datatype: string}
# - {name: message, datatype: string}
# - {name: band, datatype: string}
# - {name: source, datatype: string}
# - {name: pre_max, datatype: int64}
# - {name: post_max, datatype: int64}
# - {name: vparams, datatype: string}
# - {name: mwebv, datatype: float64}
# - {name: c, datatype: float64}
# - {name: x1, datatype: float64}
# - {name: z, datatype: float64}
# - {name: amplitude, datatype: float64}
# - {name: t0, datatype: float64}
# - {name: mwebv_err, datatype: float64}
# - {name: c_err, datatype: float64}
# - {name: x1_err, datatype: float64}
# - {name: z_err, datatype: float64}
# - {name: amplitude_err, datatype: float64}
# - {name: t0_err, datatype: float64}
# - {name: chisq, datatype: float64}
# - {name: ndof, datatype: float64}
# - {name: b_max, datatype: float64}
# - {name: delta_15, datatype: float64}
# meta: !!omap
# - band_names: !!python/tuple [sdss_sako18_u1, sdss_sako18_u2, sdss_sako18_u3, sdss_sako18_u4, sdss_sako18_u5, sdss_sako18_u6, sdss_sako18_g1,
#     sdss_sako18_g2, sdss_sako18_g3, sdss_sako18_g4, sdss_sako18_g5, sdss_sako18_g6, sdss_sako18_r1, sdss_sako18_r2, sdss_sako18_r3,
#     sdss_sako18_r4, sdss_sako18_r5, sdss_sako18_r6, sdss_sako18_i1, sdss_sako18_i2, sdss_sako18_i3, sdss_sako18_i4, sdss_sako18_i5,
#     sdss_sako18_i6, sdss_sako18_z1, sdss_sako18_z2, sdss_sako18_z3, sdss_sako18_z4, sdss_sako18_z5, sdss_sako18_z6]
# - lambda_eff: !!python/tuple [3551, 3551, 3551, 3551, 3551, 3551, 4686, 4686, 4686, 4686, 4686, 4686, 6166, 6166, 6166, 6166, 6166,
#     6166, 7480, 7480, 7480, 7480, 7480, 7480, 8932, 8932, 8932, 8932, 8932, 8932]
# - {fit_func: mcmc_fit}
# - {out_path: /global/u1/d/djp81/Photometric-Classification/results/band_fits/with_ext/sdss_sako18_mcmc_fit_fits.ecsv}
# schema: astropy-2.0
obj_id message band source pre_max post_max vparams mwebv c x1 z amplitude t0 mwebv_err c_err x1_err z_err amplitude_err t0_err chisq ndof b_max delta_15
[from data line 4732]
13017 NONE sdss_sako18_u5 hsiao_x1 7 17 amplitude,x1 0.049289735442240155 "" 0.40480173820819804 0.1501126252488694 1.2594648771941113e-07 2454016.6235680855 "" "" 0.08708840585104231 "" 6.361656554057518e-05 "" 70.41 20.0 -4.93 0.591
13017 NONE sdss_sako18_z5 hsiao_x1 7 17 amplitude,x1 0.049289735442240155 "" 0.2446438460316868 0.1501126252488694 -2.2337376632552297e-05 2454016.6235680855 "" "" 0.20499973465122287 "" 5.086446880162993e-05 "" 38.29 20.0 -16.17 0.732
13017 NONE all sn91bg 30 88 z,t0,amplitude,x1,c 0.049289735442240155 0.5500787128637555 1.0000011277326815 0.22499793519055233 3.051820235011405e-16 2454011.7046447755 "" 7.834936573758456e-05 5.160917588009258e-05 2.0421569241156012e-05 3.4399822950174715e-18 0.0024290037791711715 2581.0 108.0 -18.78 1.661
13017 NONE sdss_sako18_g5 sn91bg 6 17 amplitude,x1,c 0.049289735442240155 0.6898734034240268 1.2414233449549392 0.22499793519055233 5.843347401882817e-16 2454011.7046447755 "" 0.2204576429282912 0.007922035354621059 "" 2.68778710921972e-16 "" 206.76 19.0 -19.42 1.452
13017 NONE sdss_sako18_i5 sn91bg 6 17 amplitude,x1,c 0.049289735442240155 0.5361713432531284 1.1168064974952485 0.22499793519055233 4.522393501748991e-17 2454011.7046447755 "" 0.283691020776539 0.12358548370762552 "" 1.2697994854194756e-17 "" 35.15 19.0 -16.83 1.548
13017 NONE sdss_sako18_r5 sn91bg 6 18 amplitude,x1,c 0.049289735442240155 0.5815852518669034 1.2278277086031757 0.22499793519055233 7.740183332516293e-17 2454011.7046447755 "" 0.29533460708288967 0.023185890007466136 "" 2.4895856127979296e-17 "" 97.24 20.0 -17.43 1.461
13017 NONE sdss_sako18_u5 sn91bg 6 18 amplitude,x1,c 0.049289735442240155 0.6888245107406399 1.1961495512502995 0.22499793519055233 5.233702626327352e-15 2454011.7046447755 "" 0.249664522339207 0.055090540397974584 "" 2.967770059241597e-15 "" 43.19 20.0 -21.76 1.484
13017 NONE sdss_sako18_z5 sn91bg 6 18 amplitude,x1,c 0.049289735442240155 0.5457476006661804 1.0118626081092832 0.22499793519055233 7.16154696665489e-17 2454011.7046447755 "" 0.2836700144348827 0.16527695621116037 "" 2.393939951083764e-17 "" 31.18 20.0 -17.23 1.648
13018 NONE all hsiao_x1 35 85 t0,amplitude,x1 0.047072858322028906 "" 0.3665172549850444 0.139863 9.253765923404159e-06 2454020.0006487253 "" "" 0.18758085427465168 "" 2.275562228508885e-05 8.755053539647108 339.28 97.0 -14.09 0.621
13018 NONE sdss_sako18_g5 hsiao_x1 7 17 amplitude,x1 0.047072858322028906 "" 0.23999376272567774 0.139863 1.6456410737968935e-05 2454020.0006487253 "" "" 0.21522320239971066 "" 1.2270274281679843e-05 "" 40.05 18.0 -15.34 0.737
13018 NONE sdss_sako18_i5 hsiao_x1 7 17 amplitude,x1 0.047072858322028906 "" 0.27087533013471604 0.139863 6.504512984969972e-06 2454020.0006487253 "" "" 0.17979833842330867 "" 3.214837502142554e-05 "" 50.66 18.0 -13.32 0.706
13018 NONE sdss_sako18_r5 hsiao_x1 7 17 amplitude,x1 0.047072858322028906 "" 0.03574616443850928 0.139863 2.13156266388149e-05 2454020.0006487253 "" "" 0.27744684623342936 "" 1.5389926761767915e-05 "" 108.96 18.0 -15.9 0.993
13018 NONE sdss_sako18_u5 hsiao_x1 7 17 amplitude,x1 0.047072858322028906 "" 0.04759072414898534 0.139863 4.830334681762157e-07 2454020.0006487253 "" "" 0.2754569032618519 "" 2.9309523104851387e-05 "" 39.32 18.0 -7.68 0.976
13018 NONE sdss_sako18_z5 hsiao_x1 7 17 amplitude,x1 0.047072858322028906 "" 0.08100396144332887 0.139863 4.874996057810102e-07 2454020.0006487253 "" "" 0.19474960613076886 "" 5.809136411063001e-05 "" 68.2 18.0 -7.7 0.928
13018 NONE all sn91bg 35 85 t0,amplitude,x1,c 0.047072858322028906 0.15544922843181497 1.2011254846270472 0.139863 3.1325066746020893e-17 2454013.673685873 "" 0.1347463385961571 0.05852054617557021 "" 5.5409800001899334e-18 2.0122670466529082 546.6 111.0 -16.11 1.48
13018 NONE sdss_sako18_g5 sn91bg 7 17 amplitude,x1,c 0.047072858322028906 0.6344096665501997 1.1193049625784433 0.139863 1.3453921701957565e-16 2454013.673685873 "" 0.27800127541752473 0.12632576956097968 "" 7.075223639399274e-17 "" 69.65 20.0 -16.69 1.546
13018 NONE sdss_sako18_i5 sn91bg 7 17 amplitude,x1,c 0.047072858322028906 0.5447676966957803 1.0967193613783148 0.139863 4.28283152089735e-17 2454013.673685873 "" 0.29059526566221017 0.14175638633711682 "" 1.3422235842612253e-17 "" 135.82 20.0 -15.6 1.565
13018 NONE sdss_sako18_r5 sn91bg 7 17 amplitude,x1,c 0.047072858322028906 0.5462968705974547 1.1083868804778878 0.139863 4.513577889336905e-17 2454013.673685873 "" 0.2853367570877851 0.13734687094356515 "" 1.5754651170198203e-17 "" 233.06 20.0 -15.66 1.555
13018 NONE sdss_sako18_u5 sn91bg 7 17 amplitude,x1,c 0.047072858322028906 0.6976910382441849 0.9478588487736759 0.139863 1.3824797031313047e-15 2454013.673685873 "" 0.23788648830529052 0.17840818438813244 "" 1.2369718556401424e-15 "" 39.89 20.0 -18.95 1.723
13018 NONE sdss_sako18_z5 sn91bg 7 17 amplitude,x1,c 0.047072858322028906 0.5408816698479999 0.8913465043761829 0.139863 1.0611002786187032e-16 2454013.673685873 "" 0.28197153545819303 0.17001089108862888 "" 3.807539269259917e-17 "" 66.91 20.0 -16.42 1.798
1302 NONE all hsiao_x1 5 120 z,t0,amplitude,x1 0.08377991257090787 "" -0.01934244559131739 0.25538055914484115 -1.647442786406581e-05 2453623.7176454766 "" "" 0.32449917171593895 0.08507286501521891 7.884678596662664e-05 4.81658882485328 9715.48 121.0 -16.8 1.083
1302 NONE sdss_sako18_g6 hsiao_x1 1 24 amplitude,x1 0.08377991257090787 "" 0.13810723091961338 0.25538055914484115 -9.385483727806638e-05 2453623.7176454766 "" "" 0.03340751265565766 "" 9.089967766922065e-07 "" 36.5 23.0 -20.58 0.852
1302 NONE sdss_sako18_i6 hsiao_x1 1 24 amplitude,x1 0.08377991257090787 "" 0.15306871010563167 0.25538055914484115 -9.42137323400015e-05 2453623.7176454766 "" "" 0.041433532541439895 "" 1.2736345135516466e-06 "" 28.64 23.0 -20.58 0.834
1302 NONE sdss_sako18_r6 hsiao_x1 1 24 amplitude,x1 0.08377991257090787 "" 0.029971790438193056 0.25538055914484115 -9.34213089831945e-05 2453623.7176454766 "" "" 0.03344218850865963 "" 9.891733523874306e-07 "" 43.07 23.0 -20.57 1.002
1302 NONE sdss_sako18_u6 hsiao_x1 1 24 amplitude,x1 0.08377991257090787 "" 0.29440070539326646 0.25538055914484115 -0.00011285519821371712 2453623.7176454766 "" "" 0.21186744454554088 "" 8.532776932992837e-05 "" 32.89 23.0 -20.98 0.684
1302 NONE sdss_sako18_z6 hsiao_x1 1 24 amplitude,x1 0.08377991257090787 "" -0.218000629034109 0.25538055914484115 -0.00010050529290203196 2453623.7176454766 "" "" 0.12244606919721546 "" 7.18771685573603e-05 "" 54.36 23.0 -20.73 1.523
1302 NONE all sn91bg 5 120 z,t0,amplitude,x1,c 0.08377991257090787 0.20580499923611464 1.2455759500579722 0.10220945916313641 3.5085060944541275e-16 2453623.674256432 "" 0.09340987560329285 0.008269385882374521 0.06861947664391266 2.3916393896237828e-17 2.1236610052737275 1182.82 120.0 -17.93 1.449
1302 NONE sdss_sako18_g6 sn91bg 1 24 amplitude,x1,c 0.08377991257090787 0.2316340522413867 1.2361169055658985 0.10220945916313641 6.102356273972045e-16 2453623.674256432 "" 0.13272325572972912 0.012611839351182985 "" 1.5968187397868742e-16 "" 132.87 22.0 -18.46 1.455
1302 NONE sdss_sako18_i6 sn91bg 1 24 amplitude,x1,c 0.08377991257090787 0.39450538013393865 1.2438408718139389 0.10220945916313641 3.078503733938941e-16 2453623.674256432 "" 0.2883913027728837 0.005818288662843781 "" 5.4409646403726164e-17 "" 116.15 22.0 -17.43 1.45
1302 NONE sdss_sako18_r6 sn91bg 1 24 amplitude,x1,c 0.08377991257090787 0.5131440829664533 1.232855128076271 0.10220945916313641 4.248623761403972e-16 2453623.674256432 "" 0.29385846348608585 0.015140407375960339 "" 1.0272493049448319e-16 "" 59.87 22.0 -17.51 1.457
1302 NONE sdss_sako18_u6 sn91bg 1 24 amplitude,x1,c 0.08377991257090787 0.5839502540182057 1.0788883293111615 0.10220945916313641 5.4020089365942364e-15 2453623.674256432 "" 0.30573014341142773 0.13287107949228089 "" 3.673297674049325e-15 "" 38.2 22.0 -20.03 1.581
1302 NONE sdss_sako18_z6 sn91bg 1 24 amplitude,x1,c 0.08377991257090787 0.5345297609861396 1.033140171103334 0.10220945916313641 4.714099048005995e-16 2453623.674256432 "" 0.29406182059909214 0.11385114125869503 "" 8.040294802243117e-17 "" 24.19 22.0 -17.43 1.626
13021 NONE all hsiao_x1 5 110 z,t0,amplitude,x1 0.057978184228768756 "" 0.1657647455478067 0.27003265027555073 -1.0575953144826957e-05 2453976.3688556934 "" "" 0.3003912635868195 0.11394775122231546 2.3685250404503737e-05 6.8832513336269505 810.88 111.0 -15.97 0.819
13021 NONE sdss_sako18_g5 hsiao_x1 1 22 amplitude,x1 0.057978184228768756 "" 0.3940820735236957 0.27003265027555073 -2.035044738355069e-05 2453976.3688556934 "" "" 0.13589238949668966 "" 2.6633048982387384e-05 "" 112.21 21.0 -17.4 0.599
13021 NONE sdss_sako18_i5 hsiao_x1 1 22 amplitude,x1 0.057978184228768756 "" 0.40098077264328164 0.27003265027555073 -3.76498166083665e-05 2453976.3688556934 "" "" 0.09409378743942609 "" 2.9188281038003913e-05 "" 51.28 21.0 -18.73 0.594
13021 NONE sdss_sako18_r5 hsiao_x1 1 22 amplitude,x1 0.057978184228768756 "" 0.4647041984224629 0.27003265027555073 -4.4770823933528995e-05 2453976.3688556934 "" "" 0.032791729917055146 "" 1.3215670021308648e-06 "" 76.14 21.0 -19.11 0.548
13021 NONE sdss_sako18_u5 hsiao_x1 1 22 amplitude,x1 0.057978184228768756 "" 0.031238008773101927 0.27003265027555073 1.983266741552832e-06 2453976.3688556934 "" "" 0.2925063287970695 "" 4.535380881589467e-05 "" 30.33 21.0 -12.34 1.0
13021 NONE sdss_sako18_z5 hsiao_x1 1 22 amplitude,x1 0.057978184228768756 "" 0.38605913165100236 0.27003265027555073 -1.2450118210467996e-05 2453976.3688556934 "" "" 0.10731491622825304 "" 6.08592356085118e-05 "" 54.28 21.0 -16.33 0.606
13021 NONE all sn91bg 20 95 z,t0,amplitude,x1,c 0.057978184228768756 0.5499611553659266 1.0000412618212515 0.22498988353195554 1.8748126503466926e-16 2453999.732919698 "" 0.00011100736414268519 4.193469260864017e-05 3.315040823327894e-05 1.0970436056212148e-18 0.001603083481140213 786.81 105.0 -18.25 1.661
13021 NONE sdss_sako18_g5 sn91bg 4 19 amplitude,x1,c 0.057978184228768756 0.599854282021936 1.1494308511990425 0.22498988353195554 2.505797190953099e-16 2453999.732919698 "" 0.2913022808959274 0.08329888587722546 "" 1.5405302574086504e-16 "" 61.82 19.0 -18.6 1.521
13021 NONE sdss_sako18_i5 sn91bg 4 19 amplitude,x1,c 0.057978184228768756 0.530720145326274 1.1986160598151776 0.22498988353195554 6.184005278793889e-17 2453999.732919698 "" 0.29026908820903863 0.051860834788764375 "" 1.3913222823918256e-17 "" 34.82 19.0 -17.25 1.482
13021 NONE sdss_sako18_r5 sn91bg 4 19 amplitude,x1,c 0.057978184228768756 0.5614576806298065 1.215231628185458 0.22498988353195554 9.184308871845474e-17 2453999.732919698 "" 0.3018387327767499 0.03487933527380455 "" 3.058871756934811e-17 "" 95.67 19.0 -17.64 1.47
13021 NONE sdss_sako18_u5 sn91bg 4 19 amplitude,x1,c 0.057978184228768756 0.7223596893317125 0.9405042145162994 0.22498988353195554 1.2734061527656432e-15 2453999.732919698 "" 0.23825612998276208 0.16966270478628429 "" 1.1348573771186782e-15 "" 27.4 19.0 -19.94 1.732
13021 NONE sdss_sako18_z5 sn91bg 4 19 amplitude,x1,c 0.057978184228768756 0.4951103414033534 1.078142053625657 0.22498988353195554 8.704208499844615e-17 2453999.732919698 "" 0.28652642331947425 0.13440483922008392 "" 2.4714374985331668e-17 "" 28.44 19.0 -17.58 1.582
13025 NONE all hsiao_x1 10 195 t0,amplitude,x1 0.06735414411455247 "" 0.07689016248466839 0.222864 5.2008756471239525e-05 2453990.4294789885 "" "" 0.10886633272491468 "" 1.3849282827081727e-05 1.83724901314952 339.92 202.0 -18.96 0.933
13025 NONE sdss_sako18_g4 hsiao_x1 1 18 amplitude,x1 0.06735414411455247 "" 0.09589346591810527 0.222864 5.0782536601481886e-05 2453990.4294789885 "" "" 0.10209118825178809 "" 1.6561177249194094e-06 "" 12.97 17.0 -18.91 0.907
13025 NONE sdss_sako18_g5 hsiao_x1 1 21 amplitude,x1 0.06735414411455247 "" 0.08017603250991168 0.222864 5.550303943136562e-05 2453990.4294789885 "" "" 0.056826945137453067 "" 1.3009980159631296e-06 "" 4.49 20.0 -19.1 0.929
13025 NONE sdss_sako18_i4 hsiao_x1 1 18 amplitude,x1 0.06735414411455247 "" 0.07242242902403033 0.222864 5.66439314249589e-05 2453990.4294789885 "" "" 0.12105146412295222 "" 2.0157154049778263e-06 "" 19.47 17.0 -19.14 0.94
13025 NONE sdss_sako18_i5 hsiao_x1 1 21 amplitude,x1 0.06735414411455247 "" 0.036259386110109024 0.222864 6.089845172094967e-05 2453990.4294789885 "" "" 0.08487063346225399 "" 1.8358443231132824e-06 "" 19.02 20.0 -19.3 0.993
13025 NONE sdss_sako18_r4 hsiao_x1 1 18 amplitude,x1 0.06735414411455247 "" 0.05657589997797154 0.222864 5.705701929981037e-05 2453990.4294789885 "" "" 0.0771648808900865 "" 1.4554983607513886e-06 "" 17.33 17.0 -19.16 0.962
13025 NONE sdss_sako18_r5 hsiao_x1 1 21 amplitude,x1 0.06735414411455247 "" 0.10351641157551453 0.222864 5.900405433538585e-05 2453990.4294789885 "" "" 0.06189405522754226 "" 1.2677892734381605e-06 "" 11.01 20.0 -19.23 0.897
13025 NONE sdss_sako18_u4 hsiao_x1 1 18 amplitude,x1 0.06735414411455247 "" 0.14410544706673198 0.222864 2.2867373028845985e-06 2453990.4294789885 "" "" 0.2690883925505423 "" 5.702662198671961e-05 "" 61.88 17.0 -12.17 0.845
13025 NONE sdss_sako18_u5 hsiao_x1 1 21 amplitude,x1 0.06735414411455247 "" -0.05656065307437064 0.222864 4.102234778965724e-06 2453990.4294789885 "" "" 0.27647164235562366 "" 3.79175334859789e-05 "" 15.81 20.0 -13.44 1.151
13025 NONE sdss_sako18_z4 hsiao_x1 1 18 amplitude,x1 0.06735414411455247 "" -0.007511167504530374 0.222864 -3.4346006282661135e-06 2453990.4294789885 "" "" 0.26156778687286286 "" 3.5235816727715634e-05 "" 33.18 17.0 -13.06 1.063
13025 NONE sdss_sako18_z5 hsiao_x1 1 21 amplitude,x1 0.06735414411455247 "" 0.0037670405301872814 0.222864 -1.5103676633048053e-06 2453990.4294789885 "" "" 0.27966720319173843 "" 2.3735073978126073e-05 "" 13.17 20.0 -11.27 1.044
13025 NONE all sn91bg 20 185 t0,amplitude,x1,c 0.06735414411455247 0.00762171413643473 1.1376867737745624 0.222864 9.961897491250316e-17 2453996.039268675 "" 0.011068603552294077 0.14920497082870277 "" 1.87328135232564e-17 0.42344025066632884 738.23 201.0 -18.7 1.531
13025 NONE sdss_sako18_g4 sn91bg 2 17 amplitude,x1,c 0.06735414411455247 0.5590399789372527 1.1774707576684251 0.222864 6.603600183063061e-16 2453996.039268675 "" 0.28477420108228757 0.06077407726080971 "" 4.076667240102384e-16 "" 45.65 16.0 -19.73 1.499
13025 NONE sdss_sako18_g5 sn91bg 2 20 amplitude,x1,c 0.06735414411455247 0.44139005988535107 1.193161469428652 0.222864 5.602472966363076e-16 2453996.039268675 "" 0.2643700461517123 0.04742457967032972 "" 3.7312533921982274e-16 "" 85.98 19.0 -19.8 1.486
13025 NONE sdss_sako18_i4 sn91bg 2 17 amplitude,x1,c 0.06735414411455247 0.5061754829168639 1.1540948830539217 0.222864 1.0305492701454853e-16 2453996.039268675 "" 0.29251317990751585 0.068699542754155 "" 2.2742834889733333e-17 "" 49.84 16.0 -17.78 1.518
13025 NONE sdss_sako18_i5 sn91bg 2 20 amplitude,x1,c 0.06735414411455247 0.556815893909213 1.1167439153591183 0.222864 1.230864617196357e-16 2453996.039268675 "" 0.28776598700520123 0.08465803909149051 "" 2.7260673749548596e-17 "" 37.89 19.0 -17.86 1.548
13025 NONE sdss_sako18_r4 sn91bg 2 17 amplitude,x1,c 0.06735414411455247 0.6468080253043091 1.2247265675750545 0.222864 2.072868037171379e-16 2453996.039268675 "" 0.28613445801735077 0.02206489661742585 "" 6.147220256243582e-17 "" 51.59 16.0 -18.35 1.463
13025 NONE sdss_sako18_r5 sn91bg 2 20 amplitude,x1,c 0.06735414411455247 0.6309874701397692 1.2248993007162121 0.222864 2.153910159371888e-16 2453996.039268675 "" 0.2913060088502989 0.020787546101913995 "" 6.468966810115761e-17 "" 45.33 19.0 -18.42 1.463
13025 NONE sdss_sako18_u4 sn91bg 2 17 amplitude,x1,c 0.06735414411455247 0.7271084945598072 0.9818771929727776 0.222864 3.455233078613383e-15 2453996.039268675 "" 0.23697046071146907 0.16483830372156796 "" 2.2373748687030032e-15 "" 55.0 16.0 -21.03 1.682
