results/band_fits/with_ext/sdss_sako18_simple_fit_class.ecsv
# %ECSV 0.9
# ---
# datatype:
# - {name: obj_id, datatype: string}
# - {name: x, datatype: float64}
# - {name: y, datatype: float64}
# schema: astropy-2.0
obj_id x y
[from data line 1759]
16109 -29.38759036144579 -5.46738095238095
16111 -1.9941666666666666 -0.5382371794871794
16114 -2.4102127659574446 -0.03249999999999997
16116 -237.19434782608693 -52.993125
16118 9.682291666666668 -1.3824999999999998
16119 -0.3116339285714287 -0.171904761904762
16121 -0.4077435897435895 -0.5851794871794866
16123 -3.868030303030303 -2.148674242424242
16125 -0.42313501144164756 0.4335
16127 -0.06086458333333322 -0.13975000000000026
16129 -0.14460937500000037 -0.039741379310344715
16130 -1.1414423076923077 -1.0165384615384614
16136 -1.0804761904761906 -0.8150000000000002
16138 -0.32877083333333346 -0.13983333333333325
16142 -0.46538636363636376 -0.029818181818181855
16144 -1.5887179487179486 -4.699865047233469
16148 -0.2913162393162392 -0.14033333333333342
16152 -2.986410256410256 -0.5457692307692308
16153 -0.14338541666666704 -0.05541666666666667
1616 -0.8928874663072777 -0.04932748538011689
16160 -0.21806060606060584 -0.10422727272727283
16163 -0.6472222222222224 -1.2422916666666668
16165 -16.093869047619048 -7.984999999999999
1617 0.07201754385964776 -1.144668615984405
16172 -1.0576262626262622 -0.3215909090909088
16173 -0.526125 -0.17368055555555562
16179 -0.07300892857142838 9.171704545454546
16185 -1.033125 -4.217962962962963
16192 0.9776666666666669 4.480793650793651
16193 -15.303118440779606 -5.030500000000001
16199 -0.8817995689655171 -0.4520454545454544
16200 -38.404274509803926 -3.3371296296296293
16201 -1.1679263157894733 -1.1001131221719462
16202 -0.7141510221109719 -0.2402564102564102
16204 -3.0285714285714285 0.6261904761904749
16206 -4.266095238095238 -3.208428571428572
16211 -0.17609913793103438 -0.05818181818181817
16212 -3.0235555555555553 -0.8545555555555555
16213 -5.148905263157895 -4.163253968253969
16215 -16.89981060606061 -23.59722222222222
16219 -0.34379310344827596 -0.2527222222222223
1622 -7.595058479532161 -8.867046783625732
16220 -0.7456363636363635 -0.3843636363636367
16222 0.032638401708098286 -0.13588095238095255
16225 -0.657125 -0.24324999999999997
16232 -0.40793181818181834 -0.016000000000000014
16236 -0.5293181818181818 -0.1845454545454548
16237 -0.5075134770889489 -0.18586904761904788
16238 -0.3393703703703703 -0.11283333333333356
1624 -0.5752549177037332 -0.10881944444444458
16241 -4.918571428571429 -1.9870634920634922
16247 -0.08000000000000007 -0.14076388888888902
16259 -0.8938461538461537 -8.596825396825398
1627 0.13838206627680338 -0.18179824561403501
16276 -2.173461538461538 -2.5880952380952382
16277 -0.20674866310160434 -0.13186813186813184
16280 -16.68391608391608 -27.028968253968255
16281 -4.011136363636363 -4.487916666666667
16282 -0.1476078431372545 0.3141666666666669
16287 -1.5694035087719298 -9.464583333333334
16290 -0.7280506822612085 -1.0287567567567564
16292 -0.6895833333333332 -2.1386111111111106
16293 -2.011080213903744 -0.14950549450549433
16295 -1.4842738095238097 -0.8349047619047605
16298 -0.28666666666666685 -0.048285714285714376
16301 -0.3572435897435897 -0.04169871794871782
16302 -6.385300925925926 -2.437272727272727
16309 -0.1115239085239077 -2.390636363636361
1631 -1.2442424242424241 -0.9036363636363638
16311 -49.93350000000001 -16.883499999999998
16312 -0.9653478260869568 -0.6573214285714284
16314 -540.7308333333334 -102.52210526315791
1632 -1.7126608187134496 -25.627631578947373
16333 -6.267666666666665 -10.764500000000002
16350 -1.7557692307692307 -1.718235294117647
16352 -3.9819327731092438 -2.62
16356 -0.22545138888888894 -0.33611111111111125
16357 -0.3462962962962961 -0.8285714285714285
16360 -1.3838095238095236 -0.3444047619047619
16362 -0.8056944444444443 -0.7206249999999998
16391 -306.74749999999995 -93.52888888888887
16392 -50.965 -31.622222222222227
16393 -1.1865608465608468 -2.9701249999999995
16395 -0.5005 -0.7985555555555557
16396 -0.04833333333333323 -0.7895138888888888
16398 -1.5792499999999992 -1.4995000000000003
16402 -2.5462605042016806 -3.180699300699301
16405 -0.9073015873015873 -0.4770238095238095
16406 -7.510666666666667 -3.3644999999999996
16408 -0.19573934837092732 -0.6384090909090911
16409 -9.871304347826086 -1.2057142857142857
16410 -1.5271666666666668 -0.2886666666666665
16412 0.1933834586466161 -0.12690909090909108
16413 -1.8461894736842104 -0.5146825396825399
16414 -0.6840952380952383 -0.3758571428571429
16417 -1.2635833333333333 -0.5451250000000001
16418 -3.923055555555556 -0.42541666666666667
1642 -23.29457142857143 -11.345833333333346
16420 -1.1188194444444446 -0.21310185185185182
16421 -0.2995833333333332 -1.224017857142857
16431 -0.26847726324572374 0.10814102564102557
16432 -0.387548076923077 -0.09596153846153843
16433 -0.9752057245080503 -0.24436363636363634
16434 -0.18670930232558147 -0.1852857142857145
16436 -0.9653282828282828 -0.3798863636363635
16439 -0.1742035652673951 -0.3616447368421055
1644 -0.08519122257053269 -0.17690789473684232
16441 -0.8871666666666667 -0.30825000000000014
16442 -0.32513227513227516 -0.7433333333333332
16451 -1.632142857142857 0.07654761904761898
16452 -0.4393956043956042 -2.0622527472527468
16454 -0.5788359788359787 -0.45206349206349183
16455 -1.583260869565217 -0.23480769230769227
16458 -0.33240740740740704 -0.18969040247678026
16460 -1.0291739130434783 -1.5774107142857146
16461 -1.6212457912457912 -0.7861616161616161
16462 -0.4989355322338831 -1.4075
16465 0.4049304347826088 0.42441666666666666
16466 2.4919999999999995 0.9876250000000004
16467 -1.2324934612031386 -0.946748251748252
16468 -0.3070370370370372 -0.3827777777777778
16470 -0.5852777777777778 -0.05090277777777774
16472 -0.6492970822281166 -0.9971666666666672
16473 -1.2774999999999999 -0.6873809523809522
16477 -0.24373106060606065 -0.03962121212121206
16478 -0.39667918231122234 -0.0181410256410256
16481 -1.1293023255813956 -0.118
16482 -0.7844999999999998 -0.8737301587301589
16484 -0.9585547785547788 0.262972027972028
16485 -1.7923406593406586 -0.8091666666666667
1649 -1.1358080808080808 -0.9890555555555556
1650 -0.11824618736383452 -0.027026143790849666
1652 -3.5146478873239437 -1.002280701754386
16541 -3.7644444444444445 -4.736249999999999
16543 -0.45321428571428557 -0.6546428571428572
16546 -0.6297222222222222 -0.06666666666666665
16547 -0.0320300751879703 -0.15544871794871784
16548 -0.14258490566037718 0.010882352941176343
16550 -1.2873333333333332 -0.6912500000000004
16551 -0.09915151515151521 -0.06768181818181818
16552 0.17459090909090913 0.7318181818181821
16556 0.40828282828282836 5.093905723905725
1656 -5.122222222222222 -1.3233333333333337
16563 -0.4947272727272727 -0.4413636363636363
16565 -0.48404761904761895 -0.07261904761904758
16566 -0.3629125138427465 -0.6923295454545455
16567 -0.9167857142857144 -0.25142857142857156
16569 -3.8125 -1.490416666666667
16572 -0.5832222222222221 -0.43766666666666665
16576 -0.5111428571428576 -0.4248571428571424
16577 -2.5225714285714282 -0.3114285714285714
16578 -2.1233566433566438 -1.7177380952380954
16579 -41.66965643274854 -25.36388888888889
1658 -0.7582897603485839 -0.3347385620915033
16582 -1.6747412008281573 -0.06272727272727263
16584 -0.7828571428571429 0.031746031746031744
16585 -0.7222222222222223 -0.2719999999999999
16586 -0.6643055555555555 -0.43121212121212116
16590 -0.7688333333333335 0.10637500000000011
16593 -0.25553330766268756 -0.028626373626373658
16603 -1.3622222222222224 -1.4641923076923078
16604 -0.8288823529411773 -1.8442857142857143
16606 -0.22125925925925916 -0.42955555555555547
16618 -0.8488942307692307 -1.6311666666666667
16619 -12.735 -1.9793333333333334
1662 -0.6493452380952383 -0.6948611111111109
16626 -0.26208333333333356 -0.28520833333333373
16627 -0.1101923076923077 -0.28912698412698434
16631 -0.9272727272727277 -1.3482828282828283
16635 -0.2841666666666668 -0.3383333333333336
16637 -0.6479999999999999 -0.9058333333333333
16638 -0.4705042016806723 -0.4093333333333331
16640 -0.5775412293853075 -0.32262499999999994
16641 -4.877166666666667 -3.0781111111111112
16642 -0.30766666666666653 -0.2739999999999998
16648 -0.6285555555555553 -0.7742222222222219
16650 -0.39568627450980376 -0.6736111111111112
16652 -1.3722857142857143 -1.5911428571428574
16655 -0.20003584229390658 -0.29035714285714276
16656 -0.3218015521064306 -0.3945238095238093
16657 -1.2376190476190478 -0.5436607142857144
16659 -0.1625000000000001 -2.9569272237196778
16665 -1.3301904761904764 -1.3689090909090922
16666 -0.8468452380952385 -0.743035714285714
16668 -3.8791269841269838 -4.517380952380953
1668 -0.027024932614555297 0.08548245614035088
16692 0.8809999999999998 -4.038666666666668
16708 2.82983086680761 0.9923376623376621
1671 -2.0614285714285723 -0.9820000000000002
16711 -0.3285648148148148 -0.14701388888888878
16714 -0.055219780219780246 -0.724285714285714
16715 -0.868877192982456 -0.22775000000000012
16721 -0.29159090909090857 0.48757575757575755
16722 -0.7537500000000006 -0.1409027777777776
16724 -0.310357142857143 -0.35809523809523824
16726 -0.8191666666666664 0.14951388888888872
16727 0.012606060606060954 -0.12550000000000017
16734 -0.8767692307692307 -1.0214285714285716
16735 -8.025555555555556 -3.821666666666667
16736 -3.1647478991596643 -1.5473333333333326
16737 -0.8236363636363636 -1.5669999999999997
16738 -0.5798333333333332 -0.68875
16739 -0.7977111111111108 -0.780475
16740 -0.6384444444444445 -1.5158333333333331
16742 -2.056625 -1.2299999999999998
16743 -0.7563636363636363 -1.2392222222222218
16744 -0.5112222222222222 -0.6715
16748 -0.6939999999999998 -0.8402499999999997
16749 -0.8964285714285716 -0.23583333333333334
16752 -0.11496998799519753 -0.3181641025641042
16753 -1.8922596153846158 -0.9103365384615385
16756 -0.30678571428571455 0.11271428571428554
16757 -3.3207407407407405 -0.7536666666666666
16758 -0.4075238095238096 -0.4901428571428572
16759 -0.6725000000000001 -0.4841428571428572
16761 -0.2136458333333333 -0.2466666666666667
16762 -0.2705736677115991 -0.7123157894736849
16766 -0.28309523809523807 -0.09119047619047616
16767 -0.9420606060606076 -0.4549999999999996
16768 0.1692424242424242 0.12159090909090908
16773 -0.1188392857142857 -0.3967857142857143
16774 -3.0322222222222224 -0.5916666666666668
16776 -0.5463333333333332 -0.7519999999999999
16778 -1.3691666666666669 -0.30861111111111106
16779 -0.32600694444444445 -0.32361111111111107
16780 -0.6429166666666666 -0.3666666666666666
16781 -0.5334285714285716 0.04528571428571426
16788 -0.7714999999999999 -0.42732142857142863
16789 -0.21791666666666654 -0.7037499999999999
16793 -0.1453823529411764 -0.10607142857142848
16794 -1.093904761904762 -0.40914285714285714
16831 -0.2678750000000001 -0.1175
16832 -1.4935000000000005 -1.1876666666666669
16836 -0.5022222222222226 -0.5003333333333333
16838 -4.201050000000003 0.17444444444444462
16840 -1.234 -0.6521428571428567
16841 -0.015132275132275108 -0.5152380952380953
16847 -0.43227272727272703 -0.18674999999999986
16849 -1.2481329923273656 -0.5814583333333334
16857 -22.840555555555554 -3.7774761904761904
1686 -0.4745632798573973 -0.24731283422459882
16866 -2.286725868725868 -0.45761208576998036
16867 -0.8240000000000016 0.2471666666666663
16868 -25.266511904761906 -11.163904761904762
16872 -14.560909090909092 -12.374117647058823
16873 -0.6774767441860483 -0.24911904761904724
16875 -0.32566666666666677 -0.1323333333333333
16876 -0.6140802675585285 -0.11687499999999995
16878 -3.3432880434782613 -2.313295454545454
16879 -0.6086315789473683 0.14031674208144795
1688 -0.2217836257309942 -0.0986111111111111
16881 -0.5740259740259741 -1.1297499999999998
16882 -0.3190000000000002 -0.36299999999999977
16884 -4.8337931034482775 -1.0534999999999999
16885 -0.16861111111111104 0.17833333333333323
16886 -0.6495454545454546 -0.54875
16888 -1.3183333333333334 -0.24312499999999992
16889 -1.1578365384615381 -1.0531818181818178
16890 -0.99139527027027 -0.48845206006931097
16894 -0.6640000000000001 -0.5870000000000001
16897 -1.9312500000000001 -0.16999999999999993
16899 -0.3222222222222221 -1.2579166666666666
16913 -2.5103333333333326 -0.5800000000000001
16914 0.5245261437908493 -0.8875272331154687
16915 0.03416666666666679 -0.6037500000000002
16916 -1.6569966629588437 -0.45245454545454555
16924 -1.1028888888888888 -0.6176666666666667
16927 -0.48305194805194795 -0.23949999999999994
16930 -0.4127777777777777 -0.49416666666666653
16938 -0.8273571428571427 0.03799999999999992
16939 -0.5114285714285716 -0.7771428571428571
16941 -0.21077777777777784 -0.6278333333333335
16945 -2.6065714285714288 -0.3600000000000001
16946 -0.20861111111111108 -0.5192063492063492
1695 -1.8709615384615397 -0.5805405405405405
16950 -0.4061038961038963 -0.511
16952 -0.806571428571428 -0.4888571428571429
16953 -0.022911764705882298 -0.4240476190476191
16954 -0.5483333333333333 -0.14833333333333332
16956 -1.1219999999999999 0.7159999999999993
16957 -1.5873809523809523 -0.5632142857142859
16958 -0.18649305555555562 -0.03013888888888888
16962 -0.05688735177865656 -0.211890645586299
16964 -1.490952380952381 -0.5921428571428571
16966 -79.96316855270993 -142.37646198830407
16973 0.016792929292929193 -0.0519191919191917
16975 -0.452277777777778 -0.8938333333333341
16976 -1.3882731707317075 -1.2833333333333332
16977 -0.269423076923077 -0.21551282051282028
16979 -59.25208333333334 -9.85611111111111
16982 -0.563764817449028 -0.22554054054054062
16984 -0.5343181818181821 -1.0279870129870128
16988 -1.5196666666666667 -0.25844444444444425
16991 -0.9439366515837102 -0.02722222222222248
16994 -2.1901098901098903 0.352
16998 -1.1900000000000008 -0.1283333333333334
17000 -0.27826797385620905 -0.22750000000000004
17002 -129.4458729139924 -28.383489010988797
17004 -0.4102380952380952 -0.534404761904762
17005 -12.933666666666682 -73.7954444444444
17031 -0.20917972350230407 -0.18013888888888896
17035 -0.27704166666666663 -0.2965000000000002
17040 -0.31922619047618994 -0.39523809523809517
17041 -0.10305555555555546 -1.814583333333334
17048 0.10716666666666674 -0.7477142857142858
17049 -0.3536666666666666 -0.7287500000000007
17051 -0.4154545454545455 -0.4012500000000001
17052 -0.1781538461538461 -0.24250000000000016
17053 -4.6875 -0.8453333333333335
17054 -2.5282491582491584 -0.7913636363636363
17055 -0.5376990595611284 -1.2100657894736844
17058 -1.0467499999999998 -0.3207500000000001
1706 -5.956296296296296 -1.7064999999999997
17061 -0.2716017316017316 -0.674025974025974
17065 -1.9404525288376222 -0.890827205882353
17067 -1.0333281853281848 -0.5299707602339181
17068 -0.0691176470588235 0.12470588235294144
17071 -2.4258333333333333 -0.5294444444444444
17073 -1.5129220779220782 -0.7489999999999999
17075 -0.6204166666666666 -0.32562499999999983
17076 -0.3037499999999995 -0.09152960526315801
17077 -0.08323529411764685 -0.610012254901962
17081 -0.3901682692307694 -0.1467171717171717
17086 -0.15222222222222204 -0.6288333333333331
17087 0.08611111111111125 -0.45291666666666663
17089 -0.23183333333333322 -0.18300000000000005
17091 -0.49583333333333335 -0.5127777777777778
17092 0.003214285714285725 0.2232142857142857
17094 1.3404166666666666 15.823333333333334
17097 -2.5025505050505052 -1.0368560606060608
17099 -1.8776190476190477 -0.8574999999999999
17103 -0.26928571428571435 -8.589464285714287
17104 -0.22065476190476185 -0.36241071428571425
17106 -1.0141666666666667 -11.30839285714286
17108 -0.5874999999999999 -0.1552380952380954
17109 -0.0825555555555555 -1.1657142857142857
17110 -0.2719196428571429 -0.24446428571428558
17112 0.006555735930735995 -0.013095238095238049
17113 -0.12314699792960693 0.8197727272727264
17115 -0.5860181818181818 -0.20229166666666654
17117 -0.14388888888888896 -0.9575
17118 -0.7769444444444444 -0.20759259259259244
17119 0.05274999999999985 -0.2851250000000001
17120 -0.21475083056478406 -0.21707070707070697
17121 -0.24366666666666692 -0.016285714285714237
17122 -0.38016666666666676 -2.3582857142857137
17124 -0.13714285714285712 -0.27682539682539686
17131 -0.7658333333333334 -0.34750000000000003
17139 -0.8987815126050419 -0.804
17140 -2.5575598086124405 -0.196736111111111
17141 -0.8849999999999997 -0.02666666666666684
17167 -4.23151098901099 -35.36324175824176
