results/band_fits/with_ext/sdss_sako18_simple_fit_class.ecsv
# %ECSV 0.9
# ---
# datatype:
# - {name: obj_id, datatype: string}
# - {name: x, datatype: float64}
# - {name: y, datatype: float64}
# schema: astropy-2.0
obj_id x y
10028 -38.010333333333335 -44.14288888888889
10036 -0.3219791666666667 -0.17333333333333356
10037 -0.5573939393939393 -0.5663181818181817
1008 -1.1875205030071074 -0.6724166666666669
10096 -6.617070707070705 -4.580042016806722
10106 -0.8926102941176473 -1.1036764705882351
10113 -0.6784821428571426 -0.2660606060606062
10146 -1.130445920303605 -0.21356060606060612
10154 -0.14304456327985748 -0.07302197802197796
10299 -1.3485185185185182 -0.22763888888888895
1032 -0.23679824561403517 -0.2360000000000002
10324 -0.5083333333333333 -1.3714583333333332
10396 -0.05434294871794898 -0.1348717948717948
10434 -11.64 -11.345999999999998
10449 -3.7169444444444446 -6.192083333333334
10450 -1.6591304347826086 -0.38687499999999986
10460 -0.25569696969696976 -0.49763636363636365
10480 -0.11993181818181808 -0.0606363636363636
10506 -0.20989583333333317 -0.1933333333333333
10517 -0.15168749999999998 -0.12891666666666657
10524 -0.5312179487179489 -0.027115384615384652
10550 -0.8959259259259258 0.008333333333333304
10559 -2.489821428571428 -0.39214285714285724
10620 -0.22564236111111102 -0.1160416666666666
10690 -0.36244117647058816 -0.31845238095238093
10805 -76.92428571428572 -414.5367272727272
10843 -0.14479797979797993 -0.01719696969696982
10991 -0.5625194805194806 -0.23084980237154162
10997 -1.28345652173913 -0.08383928571428567
11026 -0.45904761904761915 -0.6321428571428572
11067 -55.70333333333333 -100.41388888888886
11092 -8.97088888888889 -5.504333333333334
11093 -1.8130952380952379 -1.4276785714285714
11098 -0.5079999999999998 -0.10399999999999987
1112 -0.12110021786492364 -0.11947712418300671
11120 -5.576060606060606 -23.677
11156 -8.243666666666668 -4.983499999999999
11172 -0.9969444444444446 -1.6688194444444442
11181 -1.5703333333333334 -1.4204999999999999
1119 -0.18594444444444447 -0.2381458333333334
11206 -1.0883333333333334 -0.09000000000000008
11241 -0.00020202020202031434 1.3893333333333338
11300 -14.021111111111113 -13.328333333333333
11305 0.06741626794258371 -0.3610000000000001
11306 -0.7083870967741936 -0.11727272727272742
11311 -1.3003809523809524 -2.163571428571429
11314 -0.22419047619047627 -0.6952857142857145
11317 -0.21934615384615364 -0.4203174603174604
11332 2.2941666666666665 -0.1716666666666664
11370 -0.8403125000000002 -0.11339285714285716
11452 -1.1708333333333334 -1.0220833333333332
11518 -1.226805555555556 0.026458333333333472
11523 -0.4143749999999997 -0.18339285714285702
11540 -3.3483333333333336 -0.655
11557 -0.45034482758620686 -0.018571428571428683
11564 -0.07923701298701291 -0.29863636363636337
1158 -0.12943681318681322 -0.1922527472527472
11650 -inf -inf
1166 -0.23735714285714293 -0.1632857142857143
11723 0.12210784313725487 -1.0966666666666662
11771 -0.44638888888888895 0.04375000000000018
11864 0.0518461538461541 -0.3770833333333331
12076 -1.682333333333333 -0.8852499999999996
12081 -1.8057142857142856 nan
12087 -0.2308888888888887 -0.6443333333333332
12110 0.01361111111111124 -0.5139583333333333
12133 -0.7938888888888885 -1.0416666666666667
12199 -0.6468571428571426 -1.7947142857142862
12213 -0.3586111111111112 -0.13968253968253963
12308 -1.6437142857142861 -0.10571428571428587
12310 -0.7949523809523812 0.09985714285714287
1241 -6.980718954248367 -16.219313725490196
1253 -0.35287500000000005 -0.030041666666666744
12779 -0.06263157894736837 -2.0929239766081875
12780 2.056437499999999 11.978676523620628
12781 -1.3955921052631577 -1.40390350877193
12804 -4.410254237288136 -2.3194605263157895
1282 -0.28287499999999977 -0.16699999999999982
12840 -0.09346825396825387 -0.09858333333333313
12843 -1.8208245614035083 -1.3243571428571426
12844 0.7252220137585987 -3.442039682539683
1285 -0.15556250000000005 -0.021791666666666543
12850 -0.1973015873015872 -0.17904940587867402
12851 0.0713532309475513 -0.18667628205128217
12852 -0.46962280701754366 -0.1986184210526316
12853 -2.418912280701754 -1.0624605263157894
12855 -0.7702339181286555 -0.9654239766081871
12856 -6.017314690026954 -3.104649122807017
12860 -2.5868622280817397 -3.1816959064327492
12864 -0.20293859649122847 -0.6272368421052636
12869 -0.17476399095534223 -0.2645340838023764
12875 -0.07924475524475527 0.04245614035087719
12879 -0.37134055208174477 -0.08226190476190465
12881 -0.9880158730158728 -0.7999047619047617
12883 -0.3294999999999999 -0.07638157894736841
12897 -1.9220519480519442 -27.432233115468406
12898 -12.50393790849673 -24.12619825708061
12907 -2.0017781821189313 -2.100036549707603
12924 -1.5289760348583878 -0.8843300653594772
12927 -2.282538126361656 -1.6262254901960782
12928 -0.46512698412698417 -1.5157857142857147
12930 -7.215921052631578 -2.7599605263157896
12936 -0.04069453587886751 -0.08189473684210513
12939 -0.11397243107769417 -0.4130225563909775
12940 -0.10127450980392139 -0.251339869281046
12941 -0.30512142857142877 -2.289783281733746
12947 -0.33519047619047626 -2.2244285714285716
12950 -12.97024303232999 -23.116438672438676
12964 -0.41617105263157894 -0.6163815789473688
12971 -0.5214122807017546 -1.4724868421052628
12972 -1.6169736842105262 -0.24756578947368418
12974 -0.056050242130750494 -0.0831710526315792
12977 -0.6161208310552213 -0.6771044402751717
12978 -19.151307506053268 -5.888302631578947
12979 -0.49007046070460714 -0.5459999999999994
12983 -0.07852631578947356 -0.30925
13005 -0.8187522824102255 -0.3983730158730159
13009 -0.4676927282668124 -0.8319642857142859
13016 -0.8175079365079361 -0.14328571428571424
1302 -1.7973978919631093 -2.083409090909091
13025 -0.9600643500643504 -0.7743552123552122
13038 -14.893374517374516 -16.969649122807017
13044 -11.602722222222223 -3.5867354596622887
13045 -0.6915555555555553 -0.395611111111111
13051 -1.039632716614765 -0.1500378151260504
13066 -0.09997276029055668 -0.09959210526315798
13070 -13.275631578947367 -4.713065789473685
13072 0.9453703703703713 -0.26102777777777764
13079 -0.1258583925642427 -0.32698809523809524
13096 -0.1748452380952381 -0.07647619047619048
13099 -0.1322033898305084 -0.6532380952380952
13101 -0.07740617642985725 -0.05878787878787883
13108 0.0005555555555554204 -0.3823308270676691
13135 -8.548760563380284 -6.998957115009746
13136 -0.2843713080168776 0.03507894736842121
13149 -0.08429295774647894 -0.03510526315789464
13152 -1.517573099415205 -1.5833771929824558
1316 -0.3891503267973857 -0.4816830065359481
13168 -0.023993453355155347 -0.15819556451612904
13174 -1.6742857142857137 -0.5046578947368421
13177 -0.04571125907990303 -0.15064473684210522
13195 -1.1213320825516035 -198.23830158730158
13244 -0.31078565113047896 -0.035316205533596934
13254 -0.32353535353535334 -0.49948863636363594
13269 -0.055307017543859915 -0.825986842105263
13302 -0.0684802631578948 -0.08994736842105266
13305 -1.7153066037735856 -1.1173391812865496
13323 -0.6903026634382563 -0.6801315789473681
13329 -0.26791666666666647 -0.2320588235294117
13330 -0.9695343137254904 -1.1383272058823528
13333 -0.6024884792626723 -0.6769940672379697
13334 -0.2786741388737013 -0.11042857142857143
13336 -0.10749999999999993 -0.28921428571428576
13339 -0.17147962382445137 -0.14531531531531527
13354 -5.43094362745098 -3.1759375
13357 -4.649694989106753 -4.891307189542484
13370 -0.9802573529411767 -1.0520772058823533
13378 -0.09237472766884536 -0.18127450980392157
13383 -0.6781486310299871 -1.2389999999999999
13393 -0.24466165413533847 -0.24021303258145366
13411 -0.9546818181818182 -1.446227272727273
1342 -0.25258284600389846 -0.04390350877192983
13423 -0.24065789473684185 -0.17887218045112785
13425 0.09765873015873039 -0.03134523809523804
13429 -0.2483684210526318 -0.0822222222222222
13441 -0.20216374269005843 -0.20488304093567256
13452 -0.08808906512124448 -0.07354761904761897
13458 -0.09469139750559641 -0.05758333333333354
13460 -0.5265466101694916 -0.23760526315789476
13465 -0.1844152046783627 -0.08766081871345022
13467 -16.332467532467533 -29.44247863247864
13476 -0.36515594541910334 -0.3006578947368421
13477 -0.3400000000000001 -0.0856315789473685
13479 -0.10280642570281118 -0.0646365914786966
13482 -0.09806818181818167 -0.4867234848484845
13487 -0.0361356092935039 -0.16508493150684944
13489 -0.019521545869860546 -0.02405314009661841
13491 -0.3142440711462453 0.012707509881423107
13492 0.0694865319865321 -0.042282828282828255
13494 0.026099378881987434 -0.03883190883190868
13495 0.017444005270092156 -0.42987154150197626
13497 -0.013729166666666681 -0.02956410256410269
13506 -0.1140768765133171 -0.4765657894736841
13507 -0.21371358853134037 -0.030500000000000083
13510 -0.9349278499278499 -0.12378787878787878
13511 -0.28898989898989913 -0.6237878787878788
13518 -0.6692374727668844 -0.2946241830065355
13520 -0.5075980392156862 -0.6308823529411762
13529 -0.49753812636165584 -0.6667810457516339
13532 -1.2163742690058474 -0.4362719298245614
1354 -0.21529411764705886 0.1049448529411765
13545 -0.13613965744400547 -0.1634881422924901
13558 -0.10823099415204684 -0.07766081871345021
13578 -1.3726688453159044 -0.3355065359477123
13590 -0.11442827442827452 -0.3685263157894738
13610 -0.5496686159844062 -0.2963947368421054
13615 -0.13311890838206653 -0.2827631578947365
13617 -0.14928989139515436 -0.10669083717864214
13629 -0.28855750487329446 -0.45538011695906433
13633 -0.20612651359756495 -0.17527573529411766
13641 -2.5334313725490194 -1.4485661764705884
13646 -0.647708894878706 -0.3258333333333333
13649 -0.1635769980506825 -0.3319005847953218
13655 -0.1339912280701756 -0.12607894736842107
13657 -0.3050762300762302 -0.05005263157894757
13659 -0.333940058479532 -0.15397660818713443
13662 -0.08003898635477569 -0.21827485380116984
13675 -0.011721698113207779 -0.7105994152046784
13677 -0.06938596491228066 -0.04706860706860705
13689 -2.406877622377622 -1.194576023391813
13703 -1.220184210526316 -0.8364868421052634
1371 -12.406316602316602 -14.885224171539962
13716 -0.5829920634920636 -0.250547619047619
13727 -1.7349736842105263 -0.9705131578947377
13729 -0.12306122448979584 -0.12252777777777779
13732 -0.08756578947368387 -0.11043859649122778
13734 -0.16279761904761925 -0.02647619047619043
13736 -16.80456140350877 -2.5410526315789475
13737 -0.3047894736842107 -0.10426315789473684
13757 -4.0159636118598385 -1.0949415204678365
13768 -0.3409035087719301 -0.17657894736842117
13780 -0.12403975741239892 -0.15998538011695906
13784 -0.9333456873315363 -1.492733918128655
13785 -0.005124999999999935 -0.08055555555555549
13786 -0.7980795148247979 -0.3182456140350878
13796 -15.748779956427017 -3.7355228758169936
13806 -0.08067982456140355 -0.03970760233918125
13807 -0.09224404761904759 -0.026547619047619042
13813 -0.30948412698412664 -0.4752500000000002
13820 -0.02828947368421053 -0.37506578947368396
13830 -0.9876510721247567 -0.3526461988304094
13833 -0.09152600459458471 -0.07988095238095227
13835 -2.6621125336927225 -0.38763157894736844
13836 -1.2226136363636368 -0.12109090909090903
13843 -1.1962307438016522 -0.1513888888888888
1385 -0.237015873015873 -0.213547619047619
13859 -0.32792982456140374 -0.4904573804573804
13861 -0.19589473684210523 -0.1777368421052632
13864 -3.0393246187363836 -0.33009803921568626
13867 -0.3236219676549862 -0.17862573099415213
13894 -9.62797385620915 -2.7838997821350766
13896 -0.5250682261208575 -0.9973976608187134
13897 -0.7170370370370365 -1.092587719298246
13898 -0.30625272331154685 -0.7441176470588233
13901 -0.21128267973856185 -0.322875816993464
13902 -0.08185660377358484 -0.17132352941176454
13903 -0.1905285714285716 -0.09859133126934982
13904 -1.3440296495956874 -0.7199707602339183
13907 -0.9924673202614379 -0.734624183006536
13908 -0.6795969498910681 -0.3319934640522877
13909 -1.327864923747277 -0.524673202614379
13931 -0.2462500000000002 -0.1830698529411765
13933 -0.2542943143812708 -0.003382352941176281
13934 -0.2071691176470587 -0.032095588235294126
13940 -0.05129629629629617 0.04186147186147182
13942 -0.06877450980392152 -0.34859477124183
13946 -0.18299564270152502 -0.27341503267973855
1395 -0.09349361702127679 -0.5304595588235292
13952 -0.3766861598440543 -0.1848538011695906
13953 -0.8777875243664717 -0.6735964912280701
13956 -0.14458605664488022 -0.12531045751633985
13958 -0.8055811320754716 -0.7404738562091495
13971 -0.0623076923076924 -0.23878787878787888
13979 -0.057962962962963216 -1.7914542483660134
13996 -0.43125258215962425 -0.14067251461988262
13998 -0.09960526315789464 -2.7816785714285714
14019 -0.24976984126984125 -0.16648809523809538
14024 -0.5546403508771929 -1.198855263157895
1403 -0.09757352941176478 -0.15571691176470592
14035 -0.2544771241830066 -0.1647712418300653
14046 -0.0903508771929824 -0.09239766081871337
14087 -0.044312865497076026 -0.10080896686159846
14093 -0.0660153903903904 -0.08298319327731107
14108 -2.4120927601809954 -2.5169169960474305
14113 -0.37331797235023045 -0.8406892230576442
14126 -0.14361111111111113 -0.15907608695652198
14137 -0.03733766233766245 -0.09572510822510816
14149 -0.4791666666666665 -0.08179738562091488
1415 -0.7327301587301589 -1.4342619047619047
14157 -3.1226613965744394 -0.7324308300395255
14173 -0.21429227941176432 -0.3920588235294118
14205 -0.2663725490196076 -0.8591666666666664
14206 -1.6715795206971684 -0.5089705882352942
14212 -1.074350749404678 -0.2834603658536585
14227 -0.05689404594467895 -0.014676829268292835
14231 -0.30657738095238096 -0.8380803571428572
14258 -0.3849019607843138 -0.1487254901960786
14260 -0.3357434640522877 -0.07944444444444443
14261 -1.0672904483430796 -0.4036257309941519
14268 -1.2552505446623095 -0.6288725490196079
14279 -137.66323809523809 -166.58831746031746
14284 -3.1321895424836605 -2.294297385620915
14298 -2.2349512670565304 -0.4033436293436292
14304 -0.7386492374727668 -0.42446078431372536
14308 -0.09043886198547213 0.021868421052631648
14311 -0.21597371967654944 -0.2309064327485384
14317 -5.8 -1.0485294117647062
14318 3.607500000000001 -7.505277777777776
14327 -0.15803362573099422 -0.17093567251461983
14330 0.009444444444444366 -0.34879084967320306
14331 -1.9293137254901962 -0.9949183006535951
14333 -0.963014705882353 -0.27036764705882343
14340 -0.2840073529411764 -0.01376838235294131
14342 -0.22316176470588234 -0.06392156862745091
14343 -0.9642301886792453 -0.4766013071895424
14346 -0.4005165692007795 -0.02656432748538018
14347 -1.4465046296296298 -0.658854166666667
14357 -0.2078362573099416 -0.03494152046783633
14361 -0.4415204678362572 0.012836257309941534
14372 -0.11544891640866872 -0.1612229102167183
14375 -1.0620915032679739 -1.5629738562091506
14377 -5.728366013071896 -2.9677614379084973
14382 -0.07656175846134627 -0.05297560975609761
14389 -0.48591911764705875 -0.20996323529411787
14397 -0.10667793427230043 -0.03327485380116957
14403 -0.27639433551198267 -0.17857843137254914
14419 0.08965141612200411 0.8123856209150326
14421 -1.4641666666666662 -1.7965625000000012
14425 -0.16037581699346426 -0.12362745098039218
14429 -0.10831944444444452 -0.0809791666666666
14430 -0.2402698412698412 -0.15596428571428567
14437 -11.509548933843632 -2.144440476190476
14438 -1.368344430992736 -0.4097894736842106
14444 -0.44277192982456126 -0.22561842105263152
14446 -0.10840633423180579 -0.022441520467836318
14451 -4.070260188087775 -1.7169646569646573
14452 -0.5300783699059561 -0.059152046783625956
14453 -0.16114912280701765 -0.21122368421052595
14455 -0.14418532818532825 -0.04239766081871332
14456 -0.10385641461342399 -0.11049549549549553
14463 -1.82974537037037 -0.6022222222222222
14467 -0.5171296296296297 -0.23891666666666667
14470 -2.7873232323232315 -0.5674891774891773
14475 0.01577916487300901 2.0832505175983442
14478 -0.11318421052631589 -0.07553571428571382
14481 -0.317258338044093 -0.28057894736842126
14491 -0.17453968253968244 -0.1402619047619047
14492 1.9546920821114369 3.9749632352941173
14496 -0.9791666666666665 -0.09888888888888869
14498 -0.032003631961259105 -0.031868421052631546
14500 -0.1737680128091088 -0.0776315789473685
14522 -0.10272228153118801 -0.020119047619047592
14523 -0.12757517769272841 -0.11876190476190462
14524 -0.16303689064558624 -0.15869565217391313
14525 -2.7778127659574468 -1.688033088235294
14528 -0.0768954248366015 -0.2592973856209151
