results/band_fits/with_ext/sdss_sako18_simple_fit_class.ecsv
# %ECSV 0.9
# ---
# datatype:
# - {name: obj_id, datatype: string}
# - {name: x, datatype: float64}
# - {name: y, datatype: float64}
# schema: astropy-2.0
obj_id x y
[from data line 691]
16127 -0.06086458333333322 -0.13975000000000026
16129 -0.14460937500000037 -0.039741379310344715
16130 -1.1414423076923077 -1.0165384615384614
16136 -1.0804761904761906 -0.8150000000000002
16138 -0.32877083333333346 -0.13983333333333325
16142 -0.46538636363636376 -0.029818181818181855
16148 -0.2913162393162392 -0.14033333333333342
16152 -2.986410256410256 -0.5457692307692308
16153 -0.14338541666666704 -0.05541666666666667
16163 -0.6472222222222224 -1.2422916666666668
16165 -16.093869047619048 -7.984999999999999
16172 -1.0576262626262622 -0.3215909090909088
16185 -1.033125 -4.217962962962963
16199 -0.8817995689655171 -0.4520454545454544
16202 -0.7141510221109719 -0.2402564102564102
16206 -4.266095238095238 -3.208428571428572
16211 -0.17609913793103438 -0.05818181818181817
16213 -5.148905263157895 -4.163253968253969
16215 -16.89981060606061 -23.59722222222222
16219 -0.34379310344827596 -0.2527222222222223
16220 -0.7456363636363635 -0.3843636363636367
16225 -0.657125 -0.24324999999999997
16232 -0.40793181818181834 -0.016000000000000014
16236 -0.5293181818181818 -0.1845454545454548
16237 -0.5075134770889489 -0.18586904761904788
16238 -0.3393703703703703 -0.11283333333333356
16247 -0.08000000000000007 -0.14076388888888902
16259 -0.8938461538461537 -8.596825396825398
16276 -2.173461538461538 -2.5880952380952382
16277 -0.20674866310160434 -0.13186813186813184
16280 -16.68391608391608 -27.028968253968255
16281 -4.011136363636363 -4.487916666666667
16287 -1.5694035087719298 -9.464583333333334
16298 -0.28666666666666685 -0.048285714285714376
16301 -0.3572435897435897 -0.04169871794871782
16302 -6.385300925925926 -2.437272727272727
16314 -540.7308333333334 -102.52210526315791
16333 -6.267666666666665 -10.764500000000002
16350 -1.7557692307692307 -1.718235294117647
16352 -3.9819327731092438 -2.62
16356 -0.22545138888888894 -0.33611111111111125
16357 -0.3462962962962961 -0.8285714285714285
16360 -1.3838095238095236 -0.3444047619047619
16362 -0.8056944444444443 -0.7206249999999998
16392 -50.965 -31.622222222222227
16393 -1.1865608465608468 -2.9701249999999995
16396 -0.04833333333333323 -0.7895138888888888
16398 -1.5792499999999992 -1.4995000000000003
16402 -2.5462605042016806 -3.180699300699301
16405 -0.9073015873015873 -0.4770238095238095
16408 -0.19573934837092732 -0.6384090909090911
16410 -1.5271666666666668 -0.2886666666666665
16414 -0.6840952380952383 -0.3758571428571429
16417 -1.2635833333333333 -0.5451250000000001
16421 -0.2995833333333332 -1.224017857142857
16431 -0.26847726324572374 0.10814102564102557
16432 -0.387548076923077 -0.09596153846153843
16433 -0.9752057245080503 -0.24436363636363634
16434 -0.18670930232558147 -0.1852857142857145
16436 -0.9653282828282828 -0.3798863636363635
16439 -0.1742035652673951 -0.3616447368421055
1644 -0.08519122257053269 -0.17690789473684232
16441 -0.8871666666666667 -0.30825000000000014
16442 -0.32513227513227516 -0.7433333333333332
16451 -1.632142857142857 0.07654761904761898
16454 -0.5788359788359787 -0.45206349206349183
16455 -1.583260869565217 -0.23480769230769227
16458 -0.33240740740740704 -0.18969040247678026
16460 -1.0291739130434783 -1.5774107142857146
16462 -0.4989355322338831 -1.4075
16467 -1.2324934612031386 -0.946748251748252
16468 -0.3070370370370372 -0.3827777777777778
16472 -0.6492970822281166 -0.9971666666666672
16473 -1.2774999999999999 -0.6873809523809522
16477 -0.24373106060606065 -0.03962121212121206
16478 -0.39667918231122234 -0.0181410256410256
16481 -1.1293023255813956 -0.118
16482 -0.7844999999999998 -0.8737301587301589
16484 -0.9585547785547788 0.262972027972028
1650 -0.11824618736383452 -0.027026143790849666
16541 -3.7644444444444445 -4.736249999999999
16546 -0.6297222222222222 -0.06666666666666665
16547 -0.0320300751879703 -0.15544871794871784
16551 -0.09915151515151521 -0.06768181818181818
16565 -0.48404761904761895 -0.07261904761904758
16567 -0.9167857142857144 -0.25142857142857156
16572 -0.5832222222222221 -0.43766666666666665
16578 -2.1233566433566438 -1.7177380952380954
1658 -0.7582897603485839 -0.3347385620915033
16582 -1.6747412008281573 -0.06272727272727263
16584 -0.7828571428571429 0.031746031746031744
16586 -0.6643055555555555 -0.43121212121212116
16590 -0.7688333333333335 0.10637500000000011
16606 -0.22125925925925916 -0.42955555555555547
16618 -0.8488942307692307 -1.6311666666666667
16619 -12.735 -1.9793333333333334
16626 -0.26208333333333356 -0.28520833333333373
16631 -0.9272727272727277 -1.3482828282828283
16637 -0.6479999999999999 -0.9058333333333333
16640 -0.5775412293853075 -0.32262499999999994
16641 -4.877166666666667 -3.0781111111111112
16652 -1.3722857142857143 -1.5911428571428574
16655 -0.20003584229390658 -0.29035714285714276
16692 0.8809999999999998 -4.038666666666668
16711 -0.3285648148148148 -0.14701388888888878
16715 -0.868877192982456 -0.22775000000000012
16721 -0.29159090909090857 0.48757575757575755
16722 -0.7537500000000006 -0.1409027777777776
16724 -0.310357142857143 -0.35809523809523824
16727 0.012606060606060954 -0.12550000000000017
16734 -0.8767692307692307 -1.0214285714285716
16737 -0.8236363636363636 -1.5669999999999997
16739 -0.7977111111111108 -0.780475
16748 -0.6939999999999998 -0.8402499999999997
16758 -0.4075238095238096 -0.4901428571428572
16759 -0.6725000000000001 -0.4841428571428572
16774 -3.0322222222222224 -0.5916666666666668
16776 -0.5463333333333332 -0.7519999999999999
16779 -0.32600694444444445 -0.32361111111111107
16781 -0.5334285714285716 0.04528571428571426
16789 -0.21791666666666654 -0.7037499999999999
16793 -0.1453823529411764 -0.10607142857142848
16831 -0.2678750000000001 -0.1175
16836 -0.5022222222222226 -0.5003333333333333
16841 -0.015132275132275108 -0.5152380952380953
16847 -0.43227272727272703 -0.18674999999999986
16849 -1.2481329923273656 -0.5814583333333334
1686 -0.4745632798573973 -0.24731283422459882
16872 -14.560909090909092 -12.374117647058823
16879 -0.6086315789473683 0.14031674208144795
1688 -0.2217836257309942 -0.0986111111111111
16889 -1.1578365384615381 -1.0531818181818178
16894 -0.6640000000000001 -0.5870000000000001
16899 -0.3222222222222221 -1.2579166666666666
16938 -0.8273571428571427 0.03799999999999992
16941 -0.21077777777777784 -0.6278333333333335
16945 -2.6065714285714288 -0.3600000000000001
16946 -0.20861111111111108 -0.5192063492063492
16950 -0.4061038961038963 -0.511
16953 -0.022911764705882298 -0.4240476190476191
16956 -1.1219999999999999 0.7159999999999993
16958 -0.18649305555555562 -0.03013888888888888
16973 0.016792929292929193 -0.0519191919191917
16975 -0.452277777777778 -0.8938333333333341
16977 -0.269423076923077 -0.21551282051282028
17031 -0.20917972350230407 -0.18013888888888896
17048 0.10716666666666674 -0.7477142857142858
17049 -0.3536666666666666 -0.7287500000000007
17068 -0.0691176470588235 0.12470588235294144
17081 -0.3901682692307694 -0.1467171717171717
17099 -1.8776190476190477 -0.8574999999999999
17106 -1.0141666666666667 -11.30839285714286
17115 -0.5860181818181818 -0.20229166666666654
17117 -0.14388888888888896 -0.9575
17168 -1.2004761904761905 -1.245164835164835
17169 -0.7358058608058607 -0.9065384615384614
17170 -0.3174725274725274 -0.3151648351648353
17171 -0.6195238095238094 -1.2235714285714288
17174 -3.1445238095238075 -1.700904761904762
17176 0.09454761904761899 0.4498253968253967
17186 -10.961187739463602 -23.334607843137256
17191 -0.17870833333333325 -0.07483333333333331
17205 -1.4398820754716988 -0.5502046783625729
17206 -0.31841759352881693 -0.9542916666666665
17208 -1.7485672514619885 -1.4993859649122807
17215 -1.1296984126984126 -1.263309523809524
17218 -0.9464814814814816 -0.5660130718954247
17219 -0.3104411764705882 -0.7417279411764705
17220 -3.5837698113207557 -7.20156862745098
17223 -0.6916081871345028 -0.8254385964912281
17240 -14.783717948717946 -5.551721804511278
17253 -0.5755341880341882 -0.45141025641025656
17254 -2.1488636363636355 -2.4092628205128195
17258 -5.138511029411763 -7.450453431372548
17263 -24.44477564102565 -15.745293233082707
17272 -2.9380376766091048 -1.4983496732026143
17274 -0.7633012820512819 -1.6085739130434782
17280 -1.9049556344276841 -0.11855327468230681
17322 -0.09729166666666655 -0.09351102941176448
17324 -6.265684523809523 -0.11952380952380948
17332 -1.7856425531914892 -1.2672794117647057
17337 -0.25008150470219426 -0.2886052631578948
17340 -0.5994212765957448 -0.4067830882352941
17341 -0.07308333333333339 -0.13849264705882336
17351 -0.8914488017429198 -0.911388888888889
17366 -4.267553606237817 -4.912119883040935
17370 -0.20853479853479873 -0.152309523809524
17372 -0.19790441176470586 -0.043731617647058796
17374 -0.5356530214424952 -0.5586403508771929
17389 -0.6291190476190476 -1.7209285714285714
17391 -0.18729166666666652 -1.295514705882353
17393 -0.30657952069716754 -0.32310457516339863
17395 -0.24029411764705877 -0.26536764705882376
1740 -1.2626608187134503 -2.469722222222222
17408 -0.17489278752436643 -0.11353801169590638
17421 -0.045958333333333656 -0.11402083333333324
17423 -0.4484612532443455 -0.4459232480533928
17433 -0.4909436274509802 -0.3215992647058824
17435 -2.0897785675232363 -0.5917499999999998
17455 -0.33698257080610017 -0.5505228758169936
17460 -0.39875744680851066 -0.2822610294117647
17464 -0.28698717948717956 -0.720961538461538
17473 -0.15271062271062297 -0.24744505494505487
1748 -0.09372304582210245 -0.23559941520467853
17497 -3.675625438391396 -3.6116145833333335
1750 -0.4658387799564272 -0.3506045751633986
17500 -15.98852941176471 -9.006102941176469
17508 -0.09906432748538008 -0.23823099415204674
17527 -0.1127124183006536 -0.03367647058823531
17528 -0.09288571428571424 -0.049964285714285905
17542 -0.04072984749455322 -0.1473856209150326
17551 -0.027013888888888782 -0.6269583333333331
17552 -1.001095238095238 -0.13567857142857132
17568 -0.5965302144249514 -0.5956725146198831
17576 -0.14531746031746007 -0.13430952380952377
17577 -0.24836986724297616 -0.31758333333333355
17586 -0.07184126984126993 -0.3620714285714285
17605 -2.9416730523627086 -3.9877905491698593
1762 -0.1387865497076024 -0.2721929824561402
17629 -6.784325980392157 -2.4455882352941174
17641 0.038615094339622735 -1.8232380952380955
17642 -0.02708006279434838 -0.048856209150326846
17647 -1.7038484848484845 -0.2966339869281045
1765 -0.007799707602339279 -0.07532163742690057
17667 -0.21070806100217876 -0.40382352941176447
17682 -0.13148351648351664 -0.3643956043956038
17687 -0.12565079365079357 -0.06442857142857139
17692 0.06490842490842486 -0.10563186813186798
17695 0.05040423861852439 0.35655228758169955
17716 -0.15373989218328843 -0.28845029239766096
17733 -0.03383982683982678 0.05805147058823534
17737 -0.3203594771241829 -0.1811601307189542
17740 -0.17527777777777775 -0.419967320261438
17743 -0.1132352941176471 -0.2514379084967322
17745 -91.72657051282052 -144.70074786324784
17748 -1.2003632478632476 -0.7491478260869566
1775 -0.3626023391812865 -0.058961988304093715
17773 -0.301388679245283 -0.1155718954248367
17776 -1.1485321821036105 -0.7131209150326797
1778 -0.3662848101265824 -0.6816666666666669
17784 -79.99704044117648 -112.01884803921567
17790 -0.852435897435897 -0.5998397435897433
17791 -0.5383823529411762 -0.08481617647058837
17800 -0.05340958605664503 0.08898692810457531
17801 -0.3390643274853802 -0.19251461988304097
17803 -0.05064338235294119 -0.02540441176470587
17809 -1.6868924418604654 -0.8180842911877393
17811 -2.9317587601078166 -1.5925877192982456
17816 -0.14747950388900588 -0.14542483660130734
1782 -0.20349878934624677 -0.17086842105263167
17820 -0.08632456140350897 -0.25192105263157893
17825 -3.0705945419103307 -0.3827105263157897
17829 -0.05475724991854036 -0.11588235294117655
1783 -0.19581293706293712 -0.1976349206349206
17835 -0.22433976833976832 -0.04456140350877191
17849 -0.5165861344537812 -0.10645833333333332
17851 -0.6560208894878716 -0.20764478764478755
17875 -1.217510971786834 -0.6324890556597873
17880 -2.2268743047830917 -9.140444444444444
17882 -0.11064035087719293 -0.1347631578947368
17884 -2.465180598555212 -1.3962229102167183
17886 0.028309523809523895 6.916142857142857
17899 -0.8801715686274509 -0.34349264705882343
17902 -0.11719002695417802 -0.21628654970760208
17906 -1.1173581081081083 -1.1228296296296294
17907 -0.6434146341463416 -0.6575549450549452
17908 -0.05269047619047629 -0.09591666666666665
17915 0.1159444444444444 -0.36995833333333317
17925 -1.0252916666666663 -0.10064583333333355
17927 -0.06492374727668859 -0.13168300653594767
17928 -0.285718954248366 -0.43565359477124144
17934 -0.4234939353099729 -0.3736549707602339
1794 -2.7739083820662764 -2.4053801169590647
17945 -0.14171495956873326 -0.14897660818713443
17949 -0.05891509433962272 -0.05866959064327493
17952 -0.6125876010781671 -0.17369883040935696
17955 -0.1665000000000001 -0.4316190476190478
17957 -0.09576447876447869 -0.06494152046783608
17958 -1.158818867924528 -0.231421568627451
17965 -0.46836507936507943 -0.5016190476190474
17967 -0.4195595238095239 -0.046857142857142875
17976 -0.14886752136752146 -0.14262820512820495
18010 -0.12896686159844062 -0.2205116959064326
18011 -0.260213675213675 -0.18391025641025638
18030 -4.1257264957264965 -0.5947756410256412
18033 -0.08840378197997778 -0.01854166666666668
18034 -0.31184973045822084 -0.08324561403508768
18037 -0.12208333333333354 -0.06199346405228767
18038 -0.31933479532163733 -0.06453216374269
18041 -0.13538461538461533 -0.19038461538461549
18047 -0.34533207547169786 -0.058114035087719396
18049 -1.4878632478632483 -0.37945512820512817
18054 -0.3702291360100902 -0.057156862745098014
18067 -0.48751569858712696 -0.5873852813852815
18076 -0.30045446009389676 -0.16991228070175457
18082 -0.1434076098381334 -0.02287581699346397
18083 -0.07115468409586079 -0.03640522875816987
18091 -0.20930555555555586 -0.4317320261437908
18100 -0.1875326797385619 -0.11633040935672523
18129 -0.5804090909090909 0.1843137254901963
18130 -0.23460173160173148 -0.0776470588235294
18139 -0.10848039215686289 -0.09511695906432727
18146 -0.11737558685446015 -0.06027777777777776
18152 -0.10781045751633966 -0.1700653594771242
18170 0.36611708482676253 0.02294642857142848
18175 -0.15602253521126763 -0.11509803921568618
18179 -0.021562770562770672 -0.036470588235294255
18182 -0.05967836871978138 -0.059154411764705817
18188 -0.10297035947025435 -0.15078431372549006
18189 -0.049222919937205845 -0.18256535947712405
18201 -0.1445489361702128 -0.5200183823529412
18218 3.6854999999999993 0.1419999999999999
18221 -0.0952698412698414 -0.7667142857142855
18224 -0.09121794871794875 -0.15698717948717955
1823 -3.0973622641509437 -2.326993464052288
18241 -9.549358974358974 -6.717649572649574
18242 -0.008345238095238128 -0.15704761904761888
18243 -0.27536507936507937 -0.1970952380952381
1825 -0.14146792452830192 -0.5533660130718954
18253 -0.27665441176470584 -0.07163602941176461
18254 -0.042635396518375224 -0.18052083333333324
18256 -0.15222347417840365 -0.05479532163742695
18273 -0.009549019607843157 -0.2587899159663867
18275 -0.2619961538461537 -0.0821367521367522
18276 -0.12201368523949174 -0.34091911764705873
18283 -0.17666666666666664 -0.14161290322580622
18286 -0.06567401960784325 -0.1429177489177489
18288 -0.07294791666666678 -0.13645833333333357
18298 -0.4514112554112555 -0.2944880174291937
18301 -0.2119861111111112 -0.28204166666666675
18304 -0.7840441176470587 -0.5606801470588236
18307 -0.26609638764978527 -0.11032967032967034
18312 -0.48006948356807566 -0.274415204678363
18323 -6.244730158730159 -2.793285714285714
18324 -0.36172765957446806 -0.10514705882352937
18325 -2.63038961038961 -1.8359999999999999
18333 -0.3163586659376707 -0.12853571428571442
18339 -1.13228021978022 -0.2011764705882354
18344 -0.20855987678090115 -0.10160256410256419
1835 -0.3883157894736844 -0.4193815789473684
18351 -0.26144444444444437 -0.3078333333333336
18358 -0.05728937728937711 -0.1200000000000001
18362 -0.34199999999999986 -0.16941176470588226
18363 -0.11268194070080861 -0.24040935672514618
18374 -0.19091911764705893 -0.3254227941176471
18375 -7.261282758620689 -9.947059829059832
