results/band_fits/with_ext/sdss_sako18_mcmc_fit_class.ecsv
# %ECSV 0.9
# ---
# datatype:
# - {name: obj_id, datatype: string}
# - {name: x, datatype: float64}
# - {name: y, datatype: float64}
# schema: astropy-2.0
obj_id x y
[from data line 1825]
18030 0.5961965811965815 19.7825
18032 17.852333333333334 3.4081666666666663
18033 -0.10875631951466125 0.09972916666666687
18034 2.3861253369272237 0.8448538011695907
18035 -4.899878048780488 -0.8876923076923078
18037 -0.05364923747276673 0.02119281045751631
18041 -0.0663919413919416 -0.09560439560439571
18042 -1.2118498168498189 -0.8679120879120878
18043 2.9158974358974366 6.981538461538462
18046 14.089957983193276 2.5421666666666667
18047 1.1817132075471697 0.7603508771929826
18048 7.246609907120742 12.220593645484946
18049 -1.8840811965811965 0.2501282051282052
18053 -3.104058139534883 -0.3811904761904763
18055 5.95154761904762 21.680357142857144
18058 -5.887779083431259 0.16572115384615405
18063 -0.7647267441860464 -0.1662619047619045
18064 5.874421276595745 -1.3715542521994126
18067 -0.44975667189952884 -0.21622510822510832
18070 -2.5068055555555553 0.05958333333333332
18075 -2.4132981132075475 -1.557990196078431
18076 2.8305256064690028 0.7066374269005848
18077 4.451347222222222 -0.01744485294117637
18079 13.691249999999998 3.45
18080 9.822236099919422 nan
18083 -0.4099564270152505 -0.09539215686274505
18084 -0.16987833594976465 0.8362091503267974
18086 5.680476190476191 4.149764705882353
18087 -5.4916279069767455 -0.21790476190476205
18089 1.6777662337662331 0.36993808049535604
18091 0.5445996732026146 0.4523529411764706
18092 4.123246187363835 3.3181725146198824
18096 -0.02399258760107803 2.1262719298245614
18101 -1.7842976190476194 -1.2422916666666666
18107 11.316278195488723 1.416813186813187
18109 -316.5356666666667 -309.32145833333334
18111 3.7991503267973883 0.9536764705882352
18112 -5.568482558139534 -0.22236270753512155
18113 1.7621492921492918 4.077857142857143
18117 -3.894872093023256 -0.6103809523809525
18121 -1.0619166666666664 7.4833750000000006
18122 0.4524747474747475 4.379666666666667
18123 4.261315789473684 1.1775730994152047
18130 -0.2902433281004708 0.10349673202614373
18134 5.016559829059828 -0.28348039215686294
18137 -2.669253968253968 -0.41321428571428576
18140 12.238464523281596 3.3979047619047624
18145 0.9507142857142861 -0.2772268907563027
18146 -0.2727956989247313 -0.18446428571428575
18148 3.610073529411765 0.38686274509803953
18150 -2.3260755813953478 -0.012899106002554062
18153 5.673290043290042 3.9554545454545456
18154 0.03210239651416136 -0.2980228758169934
18160 10.77625 2.3440873015873014
18161 -3.8804345679012355 -0.7352197802197802
18165 -8.708952328159643 -0.9136190476190478
18166 -1.5225776053215068 4.318166666666666
18169 0.6880392156862749 3.803823529411765
18170 3.64938775510204 1.5229411764705885
18172 3.9190961538461533 8.45218253968254
18175 2.8870535211267607 0.16552287581699354
18178 8.104940476190475 0.09476190476190477
18181 2.2706 3.739411764705882
18188 1.6029808702964055 0.0002941176470587781
18189 -1.0254552590266879 -0.35578431372549013
18190 2.771623093681917 0.34441176470588264
18191 12.979212962962963 2.738680555555556
18193 15.551111111111108 3.582013888888889
18195 -2.1712915742793792 -0.7540952380952382
18196 7.1417222222222225 7.160333333333333
18201 3.818714893617021 3.537463235294117
18202 2.9135555555555555 4.2235000000000005
18209 3.5765934065934077 7.89596153846154
18212 6.6787820512820515 8.46653846153846
18216 1.1748484848484857 4.451045454545455
18218 10.380769230769232 1.8343269230769228
18221 7.5264285714285695 6.056428571428571
18224 3.275662393162394 2.686346153846155
18226 -1.7522222222222217 0.3593333333333333
18228 1.8459487179487173 7.946615384615385
18236 2.157047496790757 1.6698076923076925
18238 3.181062271062271 1.5525824175824174
18241 -117.18346153846153 -25.64923076923077
18242 3.2454920634920637 1.962047619047619
18243 -0.26076190476190475 -0.005976190476190579
18244 24.394468864468866 10.379233716475097
18251 1.2456388888888887 1.799854166666666
18252 11.904545454545456 2.8024025974025975
18253 4.059129901960784 3.054466911764705
18255 7.724914893617026 1.1929227941176461
18256 2.10055944055944 0.8303880803880808
18266 22.1005808080808 6.2875378787878775
18267 -0.895125 -0.91025
18268 0.33361111111111175 -0.8391666666666664
18270 7.866666666666653 -5.562500000000002
18271 -0.32192063492063516 -0.6700238095238094
18272 -1.1098113207547167 -0.9958333333333333
18273 0.8568179271708685 0.3751638655462186
18276 -0.7505376344086021 -0.2683272058823528
18277 -7.45063492063492 -1.3937500000000003
18280 -13.317083333333334 -1.6350000000000002
18283 1.205888888888889 -0.03679374389051815
18286 -1.02 -0.5786060606060608
18288 -0.08729166666666632 -0.03816666666666668
18290 7.428484848484848 0.4449090909090918
18291 -0.649097222222222 -0.6312083333333329
18292 -5.931322701688556 -0.21317460317460313
18295 0.4572804054054056 -0.12301282051282048
18296 -2.2406060606060603 0.28943181818181785
18297 -48.251255411255414 -56.08270152505447
18298 -0.946831168831169 -0.44391067538126383
18299 -10.973888888888888 -6.176666666666666
18301 -0.3840694444444446 -0.1764374999999997
18302 0.38602941176470607 6.246764705882354
18304 -0.3052941176470587 8.42235294117647
18309 7.002584033613449 1.399064039408867
1831 0.9313888888888893 0.179978070175439
18311 -4.142571428571431 -0.00416666666666643
18312 -5.453333333333333 -4.9733333333333345
18313 -4.535029761904761 -0.5623636363636362
18314 5.783982843137255 1.9234926470588238
18320 -1.7811616161616164 -1.2785227272727275
18321 43.51029258098224 42.04227450980392
18323 151.40412698412698 35.74183333333333
18324 -0.6978170212765958 -0.016158088235294077
18325 5.6017662337662335 0.6040000000000001
18327 0.7194444444444441 0.5825555555555555
18329 5.803803030303029 nan
18330 1.5302222222222222 2.273859649122807
18331 -13.226214285714285 -1.2195714285714288
18332 7.474328285295552 1.5853024193548386
18333 -0.6595434663750683 -0.010750000000000037
18336 -3.15901048951049 -0.39509652509652504
18339 -1.0107587412587413 -0.09906432748537997
18340 3.460270034843206 1.2843609022556395
18341 -0.35379651162790715 0.2231666666666665
18346 -8.299027027027027 -2.7913185185185174
18351 -0.1955555555555557 -0.1150833333333332
18352 4.011085858585858 3.885757575757575
18353 -0.09827777777777769 3.308541666666666
18354 -1.2269444444444448 -0.6794791666666665
18357 3.0294688644688645 1.4082417582417583
18360 6.01894230769231 4.194158653846153
18361 -2.144775910364145 -0.546890756302521
18362 11.066600000000001 6.8335294117647045
18363 0.8392654986522909 0.4742105263157895
18365 3.4125484261501207 1.503986842105263
18366 -4.341208791208792 -1.6137683397683398
18374 1.2233333333333332 1.0916727941176465
18375 -3.768206896551723 -9.653880341880342
18376 -1.2742603773584906 -0.6015686274509802
1838 0.6792222222222222 -0.7969166666666665
18386 1.0314285714285667 3.1942857142857175
18387 -54.5053125 -31.228939393939392
18389 -0.7609435736677117 -0.2726403326403326
18390 -3.012386363636363 -1.751666666666667
18391 -3.9651424287856116 -2.3298750000000013
18392 -6.602051282051284 -3.0796923076923077
18393 -1.9705697151424264 -0.9887499999999996
18394 2.318736106612028e+28 -3.153095238095238
18395 52.288863157894724 6.420625
18396 -5.692428571428573 -3.3128571428571423
18397 -32.39207070707071 -2.587689393939394
18399 6.224718954248367 3.189764705882352
18405 9.432094943240454 7.860309597523219
18408 -71.8854375 -101.23506944444446
1841 11.654410256410255 2.4782051282051283
18414 -1.7110416666666595 56.931250000000006
18415 -8.977307692307692 -6.058717948717948
18419 1.9177272727272725 0.46121212121212185
18425 -6.573044871794872 -4.903568376068376
18430 -0.3216150234741786 0.0737719298245616
18441 -180.9020476190476 -404.4400476190476
18443 -0.8073333333333328 2.952424242424241
18447 0.37666666666666604 3.2009374999999993
18451 4.076803512102516 0.3332142857142857
18454 -0.4830514705882354 -0.17840073529411749
18456 -1.6649611973392464 -0.7599374999999999
18457 222.48888888888888 223.03761904761905
18459 -1.4097058823529411 -1.4333333333333336
18460 4.525254988913526 1.322285714285714
18463 -2.626056622851365 -0.7115000000000002
18466 1.2948960573476698 7.530193548387097
18468 16.666709433962264 11.29361038961039
18473 -0.18291666666666673 0.011858974358974428
18475 -1.5127777777777789 -0.4370833333333337
18478 8.724615384615385 4.13673076923077
18479 -1.1115384615384618 -0.7421794871794871
1848 -2.7117829457364344 -0.7090686274509801
18480 3.2605769230769237 0.6751282051282055
18485 -3.4735555555555546 -1.094904761904762
18486 -3.7539356984478927 -1.0130779054916985
18516 -72.253 -15.870000000000001
18539 26.725472370766454 45.641951871657746
18547 3.8516393442622885 3.54585365853659
18582 4.830180194805195 1.8106511283758793
18584 9.379939393939395 2.033272727272727
18585 -0.7665934065934066 -0.4646703296703296
18586 -2.741212121212121 -0.517987012987013
18587 12.672063492063494 1.5605952380952375
18588 -0.8195104895104894 -0.3284615384615386
18589 -0.9281351981351983 0.023566433566433398
18590 76.8243157894737 161.32133333333334
18593 14.795777777777793 -4.749333333333333
18596 -334.33707729468597 -526.3539485294118
18598 -0.3233333333333328 -2.28206043956044
18601 3.293571428571428 1.9378571428571432
18602 -17.563393939393936 -0.6315454545454537
18604 15.115141476880607 9.115890269151139
18606 2.9449999999999994 6.201955128205127
18607 9.300794871794873 2.2313076923076927
18610 -4.593908496732025 -0.1540588235294118
18612 -7.445227272727273 -7.319621212121213
18615 6.310761904761906 3.6693095238095252
18617 -0.35265873015873006 0.05321428571428555
18618 7.950611111111112 2.919833333333333
18621 -5.804393939393938 -0.4225757575757576
18624 -2.6096666666666675 4.72525
18626 2.875083333333333 1.5188333333333333
18628 2.088888888888892 1.659583333333332
18629 9.522702020202019 1.608219696969697
18630 4.649949494949494 1.0604545454545458
18635 8.49923076923077 3.4508041958041957
18643 18.564 47.14511111111111
18644 -0.6016161616161617 -0.5143560606060604
18647 4.3398015873015865 0.48017857142857157
1865 2.28232349165597 8.028991060025543
18650 -41.17625 -19.729999999999997
18651 -1.207912087912088 -0.5269505494505493
18653 0.47303703703703803 3.188722222222222
1866 -0.14847041847041842 0.7407575757575757
18660 6.934476190476191 2.042595238095238
18661 0.7589523809523797 -2.2925714285714296
18662 13.326242424242423 7.108303030303029
18664 7.201761904761907 12.713714285714286
18666 -0.3159444444444446 -0.36175
18668 4.5476748768472905 2.7631666666666668
18670 2.4859302325581405 0.5082233883058469
18671 18.540555555555557 2.2674999999999996
18673 3.483272727272725 6.947818181818178
18678 -1.0033838383838383 -1.9450378787878788
18680 8.342222222222224 5.909666666666668
18684 -7.237926829268293 -14.492912087912085
18686 -4.092666666666667 0.6798333333333337
18688 3.5082313829787237 2.845965909090909
18689 15.126727272727273 3.0638181818181813
18690 1.7303425012973535 2.092633928571429
18691 -5.168048780487806 -0.5896428571428569
18693 4.252300940438873 1.0436447368421051
18694 6.586666666666668 2.3332142857142855
18697 -18.152 -15.638809523809526
18700 -11.782333333333332 -27.64040277777778
18701 4.662148337595909 5.333333333333332
18704 -1.6910294117647058 1.0886029411764704
18705 -4.0021393728223 -1.0852380952380951
18709 -37.35692307692308 -9.066666666666666
18711 -2.9811677631578952 0.18251748251748245
18713 -5.889621212121211 -6.572348484848485
18715 1.717416666666665 17.29275
18718 2.6693681917211327 3.266290849673202
18721 -0.5499080882352942 0.2972058823529413
18722 -0.15351698113207535 0.3262719298245613
18723 4.438204787234043 2.0117045454545464
18727 5.48842672413793 4.093272727272726
18728 2.6538157894736853 2.6688684210526317
18729 -1.748805132317563 0.3589166666666668
18733 7.180524296675189 2.4245833333333326
18734 -31.03708333333333 -88.445
18737 15.273935185185184 3.7861111111111105
18738 -3.264519230769231 -0.23812500000000014
18740 15.411799917149956 0.8142094861660083
18743 13.558515406162465 8.505400457665901
18749 -1.6077936507936508 -0.9218571428571429
18751 -1.6720279720279723 3.598650793650793
18760 -2.0246296296296293 -0.1473611111111115
18761 -0.3258630952380952 0.007187499999999902
18767 1.7217294900221733 0.6871904761904761
18768 -3.9341727272727267 -0.945686274509804
18769 8.419583333333332 0.8982352941176468
18771 18.000282146160956 7.094999999999999
18772 -7.58568695652174 -0.9199632352941176
18774 -5.723282608695651 -1.3523214285714285
18775 0.3696153846153827 0.2784999999999993
18777 7.8705 1.707328947368421
18779 -2.49549331103679 -0.8887847222222223
18780 14.538247863247864 5.380164835164835
18782 -0.5538232373386296 0.12989010989010996
18783 3.4046931549960666 0.6003508771929815
18784 7.560720288115245 4.1641176470588235
18786 5.161849816849816 1.5787362637362639
18787 -1.4848417228853141 -0.8105803571428574
18789 -2.5576190476190472 -0.4700889877641825
18793 28.703889961389965 19.002084210526316
18795 -1.2955142857142845 nan
18797 10.076048443599241 0.8517130144605114
18799 4.896580176440062 6.027538829151732
18800 -0.44485576923076897 0.09411057692307678
18801 0.24199633699633694 3.2523901098901105
18802 0.485625 0.24674107142857138
18804 -11.587300303336702 -0.664360400444939
18807 180.64340909090907 36.6036347826087
18809 -19.368333333333347 -32.56742857142858
18812 -2.027912087912089 -1.072679425837321
18813 1.4155555555555566 1.0271428571428558
18814 -1.4674999999999994 -1.4883333333333333
18817 1.9584090909090932 3.9716666666666676
18818 -5.823589743589742 -0.45444444444444443
18821 -0.14826388888888964 -0.7284375000000001
18822 -2.208495726495725 0.475051282051282
18823 -28.783977272727284 -5.8825
18824 -1.8165454545454547 -0.7639473684210527
18827 18.20194565217391 6.637098214285715
18831 -2.4175000000000004 -1.3685208333333332
18832 6.4071388888888885 1.0117916666666669
18834 59.52128048780487 4.191119047619048
18835 -71.41636363636366 2.958571428571446
18836 -0.7422727272727272 -0.17285714285714282
18842 5.268750000000001 2.2780514705882355
18848 3.17071428571429 1.2433333333333336
18850 -4.855770676691728 -1.280857142857143
18851 7.320856553147577 3.4912673992673997
18852 2.0472505543237247 4.702095238095239
18855 -53.980999999999995 -76.84833333333334
1886 -5.4924758454106275 -3.144646739130434
1887 2.5541968599033815 0.07461050724637674
18878 5.989947089947089 2.563095238095238
18884 3.075368421052631 3.578175438596491
18890 -3.620833333333334 1.0968589743589758
18892 -6.54109090909091 -2.3618181818181823
18893 13.877389277389279 3.973461538461538
18894 20.13171428571429 7.844166666666666
18898 -42.09772727272727 -31.721606060606064
18903 -3.564949494949496 -3.5818939393939395
18907 10.218541666666667 10.46830882352941
18909 -7.294090909090908 -0.012272727272727324
18914 17.214333333333332 6.461468710089401
18915 7.121258314855876 3.6726190476190483
18917 -0.6326944444444447 -0.23346041055718492
18920 3.4321666666666664 1.3069166666666667
18927 4.358015873015874 -0.6905476190476192
18930 11.15259259259259 0.2727777777777778
18933 -0.26695238095238105 2.909642857142858
18934 8.776349206349206 1.085
18935 -0.5485185185185182 -0.14016666666666677
18936 13.922708333333334 7.0034375
18940 1.1775609174578248e+31 26.192499999999995
18941 -0.5927027027027026 0.1173481481481482
18942 -0.4772735116479725 0.1565833333333333
18943 3.103215667311412 1.531876832844575
18945 21.400706033376125 12.552280219780222
18947 5.819695378151261 1.0506722689075632
18948 4.4408413926499035 3.9215416666666663
18949 -2.784065804935369 -1.2507692307692309
18950 2.58968899521531 3.0098685782556753
18951 0.22868188894654873 4.224555903866248
18952 7.250015873015872 1.8935714285714285
18953 -0.6888888888888882 0.38285714285714434
18958 -8.274659090909093 -0.27333333333333343
18959 -0.9296338672768876 -3.7639999999999993
18960 9.883757575757574 -0.32544513457556934
18961 6.874052197802197 0.46065934065934055
18964 -2.1523809523809527 -0.5546428571428572
18965 82.03518847006652 17.251785714285713
18966 -4.6143333333333345 -4.040375000000001
18970 -0.5089999999999968 0.8028571428571425
18971 -0.5043983822042466 3.9657083333333336
