results/band_fits/with_ext/sdss_sako18_mcmc_fit_fits.ecsv
# %ECSV 0.9
# ---
# datatype:
# - {name: obj_id, datatype: string}
# - {name: message, datatype: string}
# - {name: band, datatype: string}
# - {name: source, datatype: string}
# - {name: pre_max, datatype: int64}
# - {name: post_max, datatype: int64}
# - {name: vparams, datatype: string}
# - {name: mwebv, datatype: float64}
# - {name: c, datatype: float64}
# - {name: x1, datatype: float64}
# - {name: z, datatype: float64}
# - {name: amplitude, datatype: float64}
# - {name: t0, datatype: float64}
# - {name: mwebv_err, datatype: float64}
# - {name: c_err, datatype: float64}
# - {name: x1_err, datatype: float64}
# - {name: z_err, datatype: float64}
# - {name: amplitude_err, datatype: float64}
# - {name: t0_err, datatype: float64}
# - {name: chisq, datatype: float64}
# - {name: ndof, datatype: float64}
# - {name: b_max, datatype: float64}
# - {name: delta_15, datatype: float64}
# meta: !!omap
# - band_names: !!python/tuple [sdss_sako18_u1, sdss_sako18_u2, sdss_sako18_u3, sdss_sako18_u4, sdss_sako18_u5, sdss_sako18_u6, sdss_sako18_g1,
#     sdss_sako18_g2, sdss_sako18_g3, sdss_sako18_g4, sdss_sako18_g5, sdss_sako18_g6, sdss_sako18_r1, sdss_sako18_r2, sdss_sako18_r3,
#     sdss_sako18_r4, sdss_sako18_r5, sdss_sako18_r6, sdss_sako18_i1, sdss_sako18_i2, sdss_sako18_i3, sdss_sako18_i4, sdss_sako18_i5,
#     sdss_sako18_i6, sdss_sako18_z1, sdss_sako18_z2, sdss_sako18_z3, sdss_sako18_z4, sdss_sako18_z5, sdss_sako18_z6]
# - lambda_eff: !!python/tuple [3551, 3551, 3551, 3551, 3551, 3551, 4686, 4686, 4686, 4686, 4686, 4686, 6166, 6166, 6166, 6166, 6166,
#     6166, 7480, 7480, 7480, 7480, 7480, 7480, 8932, 8932, 8932, 8932, 8932, 8932]
# - {fit_func: mcmc_fit}
# - {out_path: /global/u1/d/djp81/Photometric-Classification/results/band_fits/with_ext/sdss_sako18_mcmc_fit_fits.ecsv}
# schema: astropy-2.0
obj_id message band source pre_max post_max vparams mwebv c x1 z amplitude t0 mwebv_err c_err x1_err z_err amplitude_err t0_err chisq ndof b_max delta_15
[from data line 4927]
13055 NONE sdss_sako18_z3 sn91bg 0 23 amplitude,x1,c 0.04496307722423794 0.5515561551092779 0.8229103782060636 0.11204462904360889 6.730304793976366e-17 2453975.7461449243 "" 0.29014194729061543 0.14944737411020612 "" 6.262341521986972e-17 "" 38.94 20.0 -15.33 1.903
13058 NONE all hsiao_x1 5 105 t0,amplitude,x1 0.04907770863527916 "" -3.112979649381193e-05 0.18565 2.6523252225897795e-09 2453992.145047761 "" "" 0.00013179457623412177 "" 2.691728098921779e-11 0.001641678105990795 1321.33 107.0 2.95 1.05
13058 NONE sdss_sako18_g3 hsiao_x1 1 21 amplitude,x1 0.04907770863527916 "" 0.4428385077638424 0.18565 -1.1344629632886497e-05 2453992.145047761 "" "" 0.057417033604547356 "" 2.6276979970123072e-05 "" 160.97 20.0 -15.21 0.563
13058 NONE sdss_sako18_i3 hsiao_x1 1 21 amplitude,x1 0.04907770863527916 "" 0.4672398035283355 0.18565 2.1576358871808774e-05 2453992.145047761 "" "" 0.03175111915892116 "" 4.947476332348582e-05 "" 373.54 20.0 -16.6 0.546
13058 NONE sdss_sako18_r3 hsiao_x1 1 21 amplitude,x1 0.04907770863527916 "" 0.47099585280900336 0.18565 -4.3611045400080945e-05 2453992.145047761 "" "" 0.026959202723876977 "" 9.665765820325269e-07 "" 55.59 20.0 -18.13 0.543
13058 NONE sdss_sako18_u3 hsiao_x1 1 21 amplitude,x1 0.04907770863527916 "" 0.2064315798853465 0.18565 1.953721402150107e-05 2453992.145047761 "" "" 0.2418077469797719 "" 4.189330678395703e-05 "" 24.94 20.0 -16.39 0.773
13058 NONE sdss_sako18_z3 hsiao_x1 1 21 amplitude,x1 0.04907770863527916 "" 0.14508171716611143 0.18565 -1.1881614762224615e-05 2453992.145047761 "" "" 0.23202658627819658 "" 5.810441691770493e-05 "" 41.13 20.0 -15.31 0.844
13058 NONE all sn91bg 5 105 t0,amplitude,x1,c 0.04907770863527916 0.03657291223781433 1.2339256902179745 0.18565 1.0168480617211997e-16 2453981.720143929 "" 0.06551456562282403 0.017608265226701263 "" 7.905962566901917e-18 0.565787288274178 223.52 106.0 -18.31 1.457
13058 NONE sdss_sako18_g3 sn91bg 1 21 amplitude,x1,c 0.04907770863527916 0.5882093915638509 0.9241397499000424 0.18565 1.1293022875540255e-15 2453981.720143929 "" 0.2871503721188206 0.20705052706458754 "" 8.325369392848943e-16 "" 64.48 19.0 -19.61 1.753
13058 NONE sdss_sako18_i3 sn91bg 1 21 amplitude,x1,c 0.04907770863527916 0.5281413046145271 1.2289608091493927 0.18565 1.3063954570324847e-16 2453981.720143929 "" 0.29677356124921117 0.021123196485377152 "" 2.5733951849037473e-17 "" 102.16 19.0 -17.62 1.46
13058 NONE sdss_sako18_r3 sn91bg 1 21 amplitude,x1,c 0.04907770863527916 0.60500147613729 1.1921275450237527 0.18565 2.0660985872811517e-16 2453981.720143929 "" 0.2767823110280886 0.05094934526401824 "" 5.857308284473569e-17 "" 53.38 19.0 -17.95 1.487
13058 NONE sdss_sako18_u3 sn91bg 1 21 amplitude,x1,c 0.04907770863527916 0.6924903361827948 0.9532100879345782 0.18565 6.4940457026039784e-15 2453981.720143929 "" 0.26063538939842873 0.18006118550325445 "" 5.10549806290314e-15 "" 16.3 19.0 -21.32 1.717
13058 NONE sdss_sako18_z3 sn91bg 1 21 amplitude,x1,c 0.04907770863527916 0.5340028498817557 0.9869632582207559 0.18565 1.5134107855141813e-16 2453981.720143929 "" 0.2816699614452481 0.17067941437252304 "" 6.058549285427698e-17 "" 21.32 19.0 -17.57 1.676
13063 NONE all hsiao_x1 0 115 t0,amplitude,x1 0.046332071843175185 "" -0.19845531527580362 0.13304 5.393059694036805e-05 2453967.013341444 "" "" 0.11133593549594778 "" 7.567870534445212e-05 2.610891652481287 1100.13 107.0 -17.8 1.47
13063 NONE sdss_sako18_g1 hsiao_x1 0 23 amplitude,x1 0.046332071843175185 "" -0.24750322434599994 0.13304 8.99868919095453e-05 2453967.013341444 "" "" 0.10406464351724558 "" 6.5359335686891005e-06 "" 6.65 20.0 -18.91 1.608
13063 NONE sdss_sako18_i1 hsiao_x1 0 23 amplitude,x1 0.046332071843175185 "" 0.17654426923610517 0.13304 8.156022199338735e-05 2453967.013341444 "" "" 0.1732241158997226 "" 6.679817117568193e-06 "" 42.56 20.0 -18.7 0.806
13063 NONE sdss_sako18_r1 hsiao_x1 0 23 amplitude,x1 0.046332071843175185 "" -0.2105534429949354 0.13304 9.598176288494963e-05 2453967.013341444 "" "" 0.05877338930144091 "" 3.6166536778503898e-06 "" 37.28 20.0 -19.05 1.503
13063 NONE sdss_sako18_u1 hsiao_x1 0 23 amplitude,x1 0.046332071843175185 "" -0.014319098225480454 0.13304 1.5207229775972913e-06 2453967.013341444 "" "" 0.29941410126766815 "" 4.965826206999741e-05 "" 25.99 20.0 -10.05 1.074
13063 NONE sdss_sako18_z1 hsiao_x1 0 23 amplitude,x1 0.046332071843175185 "" 0.19966914351562517 0.13304 8.679008461313288e-05 2453967.013341444 "" "" 0.24042099423597 "" 1.2622817536813712e-05 "" 20.47 20.0 -18.83 0.78
13063 NONE all sn91bg 5 110 t0,amplitude,x1,c 0.046332071843175185 0.009780503497724979 0.9828520309684138 0.13304 2.2286129011244236e-16 2453976.2898352905 "" 0.008836777905644654 0.06981097653907845 "" 2.3025765937461376e-17 0.6751609694983505 232.09 111.0 -18.21 1.681
13063 NONE sdss_sako18_g1 sn91bg 1 22 amplitude,x1,c 0.046332071843175185 0.4903637491318809 0.8273363664196016 0.13304 9.208519989178994e-16 2453976.2898352905 "" 0.29125907180730304 0.09705610627851587 "" 5.446082825240496e-16 "" 28.25 20.0 -18.68 1.896
13063 NONE sdss_sako18_i1 sn91bg 1 22 amplitude,x1,c 0.046332071843175185 0.570338190573278 1.1719744120741997 0.13304 1.8758525582469235e-16 2453976.2898352905 "" 0.2854455541259861 0.05700427141847241 "" 3.636449723362445e-17 "" 47.34 20.0 -17.1 1.503
13063 NONE sdss_sako18_r1 sn91bg 1 22 amplitude,x1,c 0.046332071843175185 0.5865156042129706 1.0467703658844085 0.13304 3.7409863696108593e-16 2453976.2898352905 "" 0.28024812265085536 0.0566770690533577 "" 9.236124938334818e-17 "" 56.13 20.0 -17.72 1.612
13063 NONE sdss_sako18_u1 sn91bg 1 22 amplitude,x1,c 0.046332071843175185 0.7324485559306452 0.9185643753002234 0.13304 9.670371274399499e-16 2453976.2898352905 "" 0.23445316342723668 0.1694093008899194 "" 1.1449442110820967e-15 "" 27.16 20.0 -18.34 1.761
13063 NONE sdss_sako18_z1 sn91bg 1 22 amplitude,x1,c 0.046332071843175185 0.5660316445187096 1.0656496670995632 0.13304 2.213692890961614e-16 2453976.2898352905 "" 0.2845288350687887 0.12814111180930624 "" 5.919623314164333e-17 "" 22.53 20.0 -17.2 1.594
13064 NONE all hsiao_x1 5 105 z,t0,amplitude,x1 0.06123945788260108 "" 0.03420376066344912 0.2564349214043915 -1.976133085065512e-05 2453991.969309588 "" "" 0.244217387153257 0.11254483852755745 2.4558523822115306e-05 6.110083044028782 1460.5 106.0 -17.2 0.996
13064 NONE sdss_sako18_g1 hsiao_x1 1 21 amplitude,x1 0.06123945788260108 "" 0.44327691612430253 0.2564349214043915 -4.2769105343879314e-05 2453991.969309588 "" "" 0.04690392591614659 "" 1.1153727846489186e-06 "" 124.21 20.0 -18.88 0.563
13064 NONE sdss_sako18_i1 hsiao_x1 1 21 amplitude,x1 0.06123945788260108 "" 0.3931690919657849 0.2564349214043915 -4.986446204196434e-05 2453991.969309588 "" "" 0.08006653648053526 "" 1.302166028034548e-06 "" 33.07 20.0 -19.21 0.6
13064 NONE sdss_sako18_r1 hsiao_x1 1 21 amplitude,x1 0.06123945788260108 "" 0.09952851066463653 0.2564349214043915 -5.07380785119953e-05 2453991.969309588 "" "" 0.08217188564410126 "" 1.2206499703653772e-06 "" 75.58 20.0 -19.25 0.902
13064 NONE sdss_sako18_u1 hsiao_x1 1 21 amplitude,x1 0.06123945788260108 "" -0.03780752436714462 0.2564349214043915 -6.561758424412028e-07 2453991.969309588 "" "" 0.2966174447200952 "" 2.714482963155517e-05 "" 22.96 20.0 -9.81 1.116
13064 NONE sdss_sako18_z1 hsiao_x1 1 21 amplitude,x1 0.06123945788260108 "" -0.12853477378293177 0.2564349214043915 -4.2596779273390456e-05 2453991.969309588 "" "" 0.22285716878374803 "" 3.2949147059075474e-05 "" 26.06 20.0 -18.87 1.299
13064 NONE all sn91bg 5 105 z,t0,amplitude,x1,c 0.06123945788260108 0.5499855674192735 0.9999974323420089 0.2250033985760484 6.430559772490386e-16 2453976.7792068794 "" 0.00010133293053415698 5.446027180556514e-05 2.3415279251787518e-05 5.1926591824001405e-18 0.002702122222185654 3123.71 105.0 -19.59 1.661
13064 NONE sdss_sako18_g1 sn91bg 1 21 amplitude,x1,c 0.06123945788260108 0.5310927426309731 1.2287709067090171 0.2250033985760484 8.474842906057206e-16 2453976.7792068794 "" 0.28981305049720457 0.019908788099957404 "" 5.355327345682392e-16 "" 187.05 19.0 -20.11 1.46
13064 NONE sdss_sako18_i1 sn91bg 1 21 amplitude,x1,c 0.06123945788260108 0.5579865531047011 1.2303259712895598 0.2250033985760484 1.4937545817152322e-16 2453976.7792068794 "" 0.2765166515384128 0.01618042298735522 "" 3.032659853866887e-17 "" 50.06 19.0 -18.18 1.459
13064 NONE sdss_sako18_r1 sn91bg 1 21 amplitude,x1,c 0.06123945788260108 0.37806756714758294 1.2403836954709764 0.2250033985760484 2.469575903602477e-16 2453976.7792068794 "" 0.29324875499697206 0.00991199762932717 "" 8.844442022852601e-17 "" 140.44 19.0 -19.1 1.452
13064 NONE sdss_sako18_u1 sn91bg 1 21 amplitude,x1,c 0.06123945788260108 0.7331470341951845 0.9305636752045524 0.2250033985760484 -1.6662052542594809e-15 2453976.7792068794 "" 0.22498933651745243 0.16836248369287332 "" 1.9373779783509047e-15 "" 21.58 19.0 -10.79 nan
13064 NONE sdss_sako18_z1 sn91bg 1 21 amplitude,x1,c 0.06123945788260108 0.54860685389076 0.9131816829963596 0.2250033985760484 1.946552200310143e-16 2453976.7792068794 "" 0.2903741855242745 0.16572990369853854 "" 7.199994543505997e-17 "" 17.86 19.0 -18.23 1.768
13066 NONE all hsiao_x1 5 104 z,t0,amplitude,x1 0.04247488871095059 "" -0.114187796072835 0.23044902380203916 -2.087841790561984e-05 2453977.0569703216 "" "" 0.18374171817454837 0.10051962630498573 3.224254980337271e-05 3.800762489618886 250.46 105.0 -17.06 1.268
13066 NONE sdss_sako18_g1 hsiao_x1 1 21 amplitude,x1 0.04247488871095059 "" -0.23261633412525998 0.23044902380203916 -3.6593959888143464e-05 2453977.0569703216 "" "" 0.13527997830324584 "" 2.368044680723215e-06 "" 44.28 20.0 -18.28 1.565
13066 NONE sdss_sako18_i1 hsiao_x1 1 21 amplitude,x1 0.04247488871095059 "" -0.14002000922262658 0.23044902380203916 -4.046291088161683e-05 2453977.0569703216 "" "" 0.22374465717762043 "" 4.135724113806595e-06 "" 15.01 20.0 -18.5 1.325
13066 NONE sdss_sako18_r1 hsiao_x1 1 21 amplitude,x1 0.04247488871095059 "" -0.04153974569247557 0.23044902380203916 -3.9175740070483625e-05 2453977.0569703216 "" "" 0.13531121461362944 "" 2.8265761068597e-06 "" 33.93 20.0 -18.43 1.123
13066 NONE sdss_sako18_u1 hsiao_x1 1 20 amplitude,x1 0.04247488871095059 "" 0.09309873146557991 0.23044902380203916 9.242517216978155e-07 2453977.0569703216 "" "" 0.2860926889879894 "" 4.093982678162824e-05 "" 25.37 19.0 -10.29 0.911
13066 NONE sdss_sako18_z1 hsiao_x1 1 21 amplitude,x1 0.04247488871095059 "" -0.008145011046508329 0.23044902380203916 5.256615435483639e-06 2453977.0569703216 "" "" 0.28519441310868016 "" 4.902106812106237e-05 "" 23.19 20.0 -14.06 1.064
13066 NONE all sn91bg 5 104 z,t0,amplitude,x1,c 0.04247488871095059 0.2571807780680272 0.8573116671621074 0.1379719545085936 1.1371702436087288e-16 2453978.6854525744 "" 0.23446582954205825 0.16295874801582902 0.0757550923770639 4.807000305187137e-17 1.1210611888017685 147.56 104.0 -16.98 1.849
13066 NONE sdss_sako18_g1 sn91bg 1 21 amplitude,x1,c 0.04247488871095059 0.7056867179641778 0.8498951860429305 0.1379719545085936 4.1123206995361385e-16 2453978.6854525744 "" 0.2371223856903879 0.15008317879317778 "" 1.8549793117773505e-16 "" 46.25 19.0 -17.5 1.861
13066 NONE sdss_sako18_i1 sn91bg 1 21 amplitude,x1,c 0.04247488871095059 0.5960273009389656 0.8565591444269463 0.1379719545085936 1.1120959607184576e-16 2453978.6854525744 "" 0.2654282837555962 0.15534474148801464 "" 3.959115915144739e-17 "" 16.15 19.0 -16.31 1.85
13066 NONE sdss_sako18_r1 sn91bg 1 21 amplitude,x1,c 0.04247488871095059 0.5901455823585098 0.9663816373103724 0.1379719545085936 1.2614083819134186e-16 2453978.6854525744 "" 0.2751091922166953 0.13742113453299518 "" 4.2919490929863896e-17 "" 34.73 19.0 -16.55 1.7
13066 NONE sdss_sako18_u1 sn91bg 1 20 amplitude,x1,c 0.04247488871095059 0.6903612329540137 0.953484934230852 0.1379719545085936 1.2990508685421936e-15 2453978.6854525744 "" 0.2386216879212638 0.1705235814790945 "" 1.1502297061598656e-15 "" 22.75 18.0 -18.87 1.716
13066 NONE sdss_sako18_z1 sn91bg 1 21 amplitude,x1,c 0.04247488871095059 0.5191905543065359 0.9050714134972061 0.1379719545085936 1.0831942863558886e-16 2453978.6854525744 "" 0.29129103627483904 0.16829100898026927 "" 5.769253966499059e-17 "" 17.06 19.0 -16.45 1.779
13067 NONE all hsiao_x1 0 109 t0,amplitude,x1 0.02862395661406491 "" 0.14042758580208956 0.202016 2.1241497399759807e-05 2453966.627914457 "" "" 0.08832695621482474 "" 4.967641356979458e-05 1.035544140411724 600.94 106.0 -16.77 0.849
13067 NONE sdss_sako18_g3 hsiao_x1 0 21 amplitude,x1 0.02862395661406491 "" 0.1878079577802434 0.202016 4.6160080002063566e-05 2453966.627914457 "" "" 0.21576376990812118 "" 4.997197574610099e-06 "" 23.85 19.0 -18.46 0.793
13067 NONE sdss_sako18_i3 hsiao_x1 0 22 amplitude,x1 0.02862395661406491 "" 0.2711563451437189 0.202016 5.53850443890713e-05 2453966.627914457 "" "" 0.11785006601326686 "" 2.655440482212934e-06 "" 11.44 20.0 -18.86 0.706
13067 NONE sdss_sako18_r3 hsiao_x1 0 22 amplitude,x1 0.02862395661406491 "" 0.011055644963582956 0.202016 6.142159459425675e-05 2453966.627914457 "" "" 0.09623555139152594 "" 3.429081067188883e-06 "" 14.92 20.0 -19.08 1.032
13067 NONE sdss_sako18_u3 hsiao_x1 0 22 amplitude,x1 0.02862395661406491 "" -0.11036705727514724 0.202016 3.880241737510685e-06 2453966.627914457 "" "" 0.2866037953888238 "" 7.067091208641024e-05 "" 31.83 20.0 -13.08 1.26
13067 NONE sdss_sako18_z3 hsiao_x1 0 22 amplitude,x1 0.02862395661406491 "" -0.0902096493822789 0.202016 3.091234474817086e-05 2453966.627914457 "" "" 0.18843934616259167 "" 7.002288363194373e-05 "" 35.48 20.0 -17.59 1.217
13067 NONE all sn91bg 5 104 t0,amplitude,x1,c 0.02862395661406491 0.03333217168796775 1.1508441348397342 0.202016 8.924190588105986e-17 2453977.8508512606 "" 0.029408215548038786 0.08465809557985975 "" 1.2361178014667158e-17 0.9660021220448471 122.51 105.0 -18.31 1.52
13067 NONE sdss_sako18_g3 sn91bg 1 20 amplitude,x1,c 0.02862395661406491 0.6790822436802048 1.117474706962952 0.202016 5.4440495936034e-16 2453977.8508512606 "" 0.2521990981329656 0.11314293936602982 "" 2.806815847293035e-16 "" 27.94 18.0 -19.0 1.547
13067 NONE sdss_sako18_i3 sn91bg 1 21 amplitude,x1,c 0.02862395661406491 0.5405430165108487 1.1921652150883604 0.202016 1.008847003767591e-16 2453977.8508512606 "" 0.2886800519192828 0.05378620755865421 "" 2.2677249659943044e-17 "" 14.38 19.0 -17.49 1.487
13067 NONE sdss_sako18_r3 sn91bg 1 21 amplitude,x1,c 0.02862395661406491 0.6102160267088812 1.0212421713739503 0.202016 2.4274271567499863e-16 2453977.8508512606 "" 0.2692668648796164 0.10877455359195562 "" 8.318454055887864e-17 "" 18.59 19.0 -18.18 1.638
13067 NONE sdss_sako18_u3 sn91bg 1 21 amplitude,x1,c 0.02862395661406491 0.6791784842610227 0.9116120854929882 0.202016 1.0370923440891067e-15 2453977.8508512606 "" 0.24953515059851958 0.17688121431080966 "" 1.5730571267495845e-15 "" 31.04 19.0 -19.53 1.77
13067 NONE sdss_sako18_z3 sn91bg 1 21 amplitude,x1,c 0.02862395661406491 0.4938293036355317 0.9916064880792633 0.202016 1.4232516723522135e-16 2453977.8508512606 "" 0.28886627379276214 0.1578224158371383 "" 5.1739283647335204e-17 "" 20.92 19.0 -17.78 1.671
13068 NONE all hsiao_x1 5 105 t0,amplitude,x1 0.04603894814742142 "" -0.1454705716750555 0.073836 -0.00011987923244272136 2453978.492759999 "" "" 0.3075832091241087 "" 5.590182092750586e-05 4.402977128553199 4356.62 107.0 -18.17 1.338
13068 NONE sdss_sako18_g2 hsiao_x1 1 21 amplitude,x1 0.04603894814742142 "" 0.17056400019739598 0.073836 -0.0001019938837365364 2453978.492759999 "" "" 0.05389931706309441 "" 2.1905535761613246e-06 "" 529.81 20.0 -17.82 0.813
13068 NONE sdss_sako18_i2 hsiao_x1 1 21 amplitude,x1 0.04603894814742142 "" -0.17794791981934022 0.073836 -0.00016394718928722254 2453978.492759999 "" "" 0.013321658864933021 "" 1.3805135068503108e-06 "" 164.63 20.0 -18.85 1.417
