results/band_fits/with_ext/sdss_sako18_mcmc_fit_fits.ecsv
# %ECSV 0.9
# ---
# datatype:
# - {name: obj_id, datatype: string}
# - {name: message, datatype: string}
# - {name: band, datatype: string}
# - {name: source, datatype: string}
# - {name: pre_max, datatype: int64}
# - {name: post_max, datatype: int64}
# - {name: vparams, datatype: string}
# - {name: t0, datatype: float64}
# - {name: x1, datatype: float64}
# - {name: amplitude, datatype: float64}
# - {name: mwebv, datatype: float64}
# - {name: z, datatype: float64}
# - {name: c, datatype: float64}
# - {name: t0_err, datatype: float64}
# - {name: x1_err, datatype: float64}
# - {name: amplitude_err, datatype: float64}
# - {name: mwebv_err, datatype: float64}
# - {name: z_err, datatype: float64}
# - {name: c_err, datatype: float64}
# - {name: chisq, datatype: float64}
# - {name: ndof, datatype: float64}
# - {name: b_max, datatype: float64}
# - {name: delta_15, datatype: float64}
# meta: !!omap
# - band_names: !!python/tuple [sdss_sako18_u1, sdss_sako18_u2, sdss_sako18_u3, sdss_sako18_u4, sdss_sako18_u5, sdss_sako18_u6, sdss_sako18_g1,
#     sdss_sako18_g2, sdss_sako18_g3, sdss_sako18_g4, sdss_sako18_g5, sdss_sako18_g6, sdss_sako18_r1, sdss_sako18_r2, sdss_sako18_r3,
#     sdss_sako18_r4, sdss_sako18_r5, sdss_sako18_r6, sdss_sako18_i1, sdss_sako18_i2, sdss_sako18_i3, sdss_sako18_i4, sdss_sako18_i5,
#     sdss_sako18_i6, sdss_sako18_z1, sdss_sako18_z2, sdss_sako18_z3, sdss_sako18_z4, sdss_sako18_z5, sdss_sako18_z6]
# - lambda_eff: !!python/tuple [3551, 3551, 3551, 3551, 3551, 3551, 4686, 4686, 4686, 4686, 4686, 4686, 6166, 6166, 6166, 6166, 6166,
#     6166, 7480, 7480, 7480, 7480, 7480, 7480, 8932, 8932, 8932, 8932, 8932, 8932]
# - {fit_func: mcmc_fit}
# - {out_path: /global/u1/d/djp81/Photometric-Classification/results/band_fits/with_ext/sdss_sako18_mcmc_fit_fits.ecsv}
# schema: astropy-2.0
obj_id message band source pre_max post_max vparams t0 x1 amplitude mwebv z c t0_err x1_err amplitude_err mwebv_err z_err c_err chisq ndof b_max delta_15
[from data line 1045]
12853 NONE sdss_sako18_z5 sn91bg 1 21 amplitude,x1,c 2453978.0774451606 1.0391754983890287 1.8617473010382735e-16 0.09518859472942201 0.168171 0.52122875889221 "" 0.15635901422664708 6.349444113002735e-17 "" "" 0.2904544668892301 23.97 19.0 -17.62 1.62
12855 NONE all hsiao_x1 4 80 t0,amplitude,x1 2453995.3631147943 -0.2665383388726747 -1.716592267737025e-05 0.044805447823487755 0.170628 "" 0.6533911810416894 0.19785090554329648 6.415530364459189e-05 "" "" "" 4556.58 81.0 -15.9 1.666
12855 NONE sdss_sako18_g5 hsiao_x1 1 20 amplitude,x1 2453995.3631147943 -0.2036955874686896 -6.735726112732996e-05 0.044805447823487755 0.170628 "" "" 0.03852541091261161 8.753010592095096e-07 "" "" "" 33.84 19.0 -18.87 1.484
12855 NONE sdss_sako18_i5 hsiao_x1 1 20 amplitude,x1 2453995.3631147943 -0.16637572342965706 -7.558781701030971e-05 0.044805447823487755 0.170628 "" "" 0.06795824425057981 1.8151412904164256e-06 "" "" "" 47.52 19.0 -19.12 1.388
12855 NONE sdss_sako18_r5 hsiao_x1 1 20 amplitude,x1 2453995.3631147943 -0.08870986422573798 -7.214834201426206e-05 0.044805447823487755 0.170628 "" "" 0.04174100679812507 1.0682543724651774e-06 "" "" "" 19.13 19.0 -19.02 1.214
12855 NONE sdss_sako18_z5 hsiao_x1 1 20 amplitude,x1 2453995.3631147943 -0.11719763151402533 -3.118627145098858e-05 0.044805447823487755 0.170628 "" "" 0.20678950277545752 7.471118256661311e-05 "" "" "" 75.75 19.0 -17.2 1.274
12855 NONE all sn91bg 8 76 t0,amplitude,x1,c 2453996.339770966 0.9999317023948643 1.9028660185846277e-16 0.044805447823487755 0.170628 0.040557257812821955 0.8131022853399925 0.16564959422903966 4.2105597826557864e-17 "" "" 0.08890221791465576 679.58 80.0 -18.59 1.661
12855 NONE sdss_sako18_g5 sn91bg 2 19 amplitude,x1,c 2453996.339770966 1.0447733615551622 6.180448846112214e-16 0.044805447823487755 0.170628 0.29555855662941616 "" 0.06718781361339782 4.2891895193903447e-16 "" "" 0.2501030247634048 135.12 18.0 -19.41 1.614
12855 NONE sdss_sako18_i5 sn91bg 2 19 amplitude,x1,c 2453996.339770966 1.1515100289691997 1.644427311825601e-16 0.044805447823487755 0.170628 0.5497960550544905 "" 0.060920085933816266 3.1924533094188165e-17 "" "" 0.28470772826129714 65.83 18.0 -17.57 1.52
12855 NONE sdss_sako18_r5 sn91bg 2 19 amplitude,x1,c 2453996.339770966 1.2246020459354132 2.538121701872354e-16 0.044805447823487755 0.170628 0.5470694852300907 "" 0.02336846074309377 6.443281494033144e-17 "" "" 0.26818826207622665 26.95 18.0 -18.1 1.463
12855 NONE sdss_sako18_z5 sn91bg 2 19 amplitude,x1,c 2453996.339770966 1.1440344803722127 1.276281972819075e-16 0.044805447823487755 0.170628 0.5015932727958752 "" 0.08648737244762647 2.5264347412280393e-17 "" "" 0.28479044347145344 37.83 18.0 -17.36 1.526
12856 NONE all hsiao_x1 10 94 t0,amplitude,x1 2453996.6319333888 0.08747340767238969 1.858654016903021e-05 0.04281724635494319 0.170283 "" 0.2732841181130124 0.03200856929571929 9.094332592229067e-05 "" "" "" 14440.28 101.0 -16.07 0.919
12856 NONE sdss_sako18_g5 hsiao_x1 2 18 amplitude,x1 2453996.6319333888 0.1564775245692476 7.390657566706281e-05 0.04281724635494319 0.170283 "" "" 0.03945581789658763 5.607370264217971e-05 "" "" "" 943.61 18.0 -19.07 0.83
12856 NONE sdss_sako18_i5 hsiao_x1 2 19 amplitude,x1 2453996.6319333888 0.049769729153374014 7.214223712655785e-05 0.04281724635494319 0.170283 "" "" 0.04443098353706444 5.4187211140727936e-05 "" "" "" 302.42 19.0 -19.02 0.972
12856 NONE sdss_sako18_r5 hsiao_x1 2 19 amplitude,x1 2453996.6319333888 0.005382218678901594 7.563617796033216e-05 0.04281724635494319 0.170283 "" "" 0.029935449230985907 5.703567184124429e-05 "" "" "" 828.89 19.0 -19.12 1.041
12856 NONE sdss_sako18_u5 hsiao_x1 2 19 amplitude,x1 2453996.6319333888 -0.04789318378358643 0.00010547179035138146 0.04281724635494319 0.170283 "" "" 0.14437797784873865 4.4437446413925125e-06 "" "" "" 24.15 19.0 -19.84 1.135
12856 NONE sdss_sako18_z5 hsiao_x1 2 19 amplitude,x1 2453996.6319333888 0.13227249659742857 7.514218418961607e-05 0.04281724635494319 0.170283 "" "" 0.15935050511945809 5.10508090484338e-06 "" "" "" 23.47 19.0 -19.11 0.86
12856 NONE all sn91bg 10 94 t0,amplitude,x1,c 2453997.10991154 1.091798498881351 3.1498005110831963e-16 0.04281724635494319 0.170283 0.06051309546017486 0.946553105760406 0.20070340431823108 9.904600873819383e-17 "" "" 0.11034080256091476 3518.75 100.0 -19.18 1.569
12856 NONE sdss_sako18_g5 sn91bg 2 18 amplitude,x1,c 2453997.10991154 1.2472739370253247 5.697541466547782e-16 0.04281724635494319 0.170283 0.07772565517690755 "" 0.002369472870011921 9.05016316280663e-17 "" "" 0.06594770017701718 307.5 17.0 -19.92 1.448
12856 NONE sdss_sako18_i5 sn91bg 2 19 amplitude,x1,c 2453997.10991154 1.235899487697192 2.4107821730740093e-16 0.04281724635494319 0.170283 0.6152748219833405 "" 0.012338842459068402 4.036608262727165e-17 "" "" 0.2600567198011969 108.97 18.0 -17.93 1.455
12856 NONE sdss_sako18_r5 sn91bg 2 19 amplitude,x1,c 2453997.10991154 1.2447804477680113 4.2808605981250067e-16 0.04281724635494319 0.170283 0.4969831190307891 "" 0.0048918139796951315 1.156586427895248e-16 "" "" 0.2829472193757767 75.93 18.0 -18.76 1.449
12856 NONE sdss_sako18_u5 sn91bg 2 19 amplitude,x1,c 2453997.10991154 0.9975998083479907 7.79132379253448e-15 0.04281724635494319 0.170283 0.5873340585667826 "" 0.12305863028129466 5.0175081557499536e-15 "" "" 0.2795597268617972 47.28 18.0 -21.56 1.664
12856 NONE sdss_sako18_z5 sn91bg 2 19 amplitude,x1,c 2453997.10991154 1.1145649120109584 1.2478086718743023e-16 0.04281724635494319 0.170283 0.4940819950517508 "" 0.10586681248703066 2.7208297491467012e-17 "" "" 0.2954836987396335 35.19 18.0 -17.33 1.55
12860 NONE all hsiao_x1 10 104 t0,amplitude,x1 2453993.3339681607 0.03287728297225052 3.627140052084254e-05 0.056030244972128426 0.120422 "" 2.4369354077801466 0.13348629473163245 8.50234098429166e-05 "" "" "" 8914.68 111.0 -16.7 0.998
12860 NONE sdss_sako18_g6 hsiao_x1 2 20 amplitude,x1 2453993.3339681607 -0.01701745239821787 8.765028400579134e-05 0.056030244972128426 0.120422 "" "" 0.023893509341358726 8.458045350252435e-07 "" "" "" 45.27 20.0 -18.62 1.079
12860 NONE sdss_sako18_i6 hsiao_x1 2 21 amplitude,x1 2453993.3339681607 -0.04007599620191035 0.0001064398927710977 0.056030244972128426 0.120422 "" "" 0.031814209184367816 1.3657901119899432e-06 "" "" "" 103.05 21.0 -19.04 1.12
12860 NONE sdss_sako18_r6 hsiao_x1 2 21 amplitude,x1 2453993.3339681607 0.027744472884116824 9.859250140726092e-05 0.056030244972128426 0.120422 "" "" 0.02600173165440776 8.640144126295257e-07 "" "" "" 30.76 21.0 -18.87 1.006
12860 NONE sdss_sako18_u6 hsiao_x1 2 21 amplitude,x1 2453993.3339681607 -0.29458879020078443 8.230978740178673e-05 0.056030244972128426 0.120422 "" "" 0.16716035294214177 8.10985672001089e-06 "" "" "" 25.84 21.0 -18.48 1.755
12860 NONE sdss_sako18_z6 hsiao_x1 2 21 amplitude,x1 2453993.3339681607 -0.029965076263953564 0.00011507400947265887 0.056030244972128426 0.120422 "" "" 0.09713424891250239 5.426864041493982e-06 "" "" "" 26.94 21.0 -19.21 1.102
12860 NONE all sn91bg 10 104 t0,amplitude,x1,c 2453995.3085371307 1.2009930435790723 2.643976410371259e-16 0.056030244972128426 0.120422 0.004868920376657976 0.6252740846573376 0.06339794455678266 1.85435089584373e-17 "" "" 0.007016828301564948 1216.59 105.0 -18.35 1.48
12860 NONE sdss_sako18_g6 sn91bg 2 20 amplitude,x1,c 2453995.3085371307 1.2424174715661283 6.050168381761555e-16 0.056030244972128426 0.120422 0.24332553871129858 "" 0.007274452519572533 2.112317923892686e-16 "" "" 0.16365605339155206 143.4 18.0 -18.81 1.451
12860 NONE sdss_sako18_i6 sn91bg 2 21 amplitude,x1,c 2453995.3085371307 1.2299682249032735 2.689186252063347e-16 0.056030244972128426 0.120422 0.5708408627112449 "" 0.01815520174166062 4.4964311043567096e-17 "" "" 0.2782206288613075 227.02 19.0 -17.3 1.459
12860 NONE sdss_sako18_r6 sn91bg 2 21 amplitude,x1,c 2453995.3085371307 1.2405830307266221 4.2393568704817674e-16 0.056030244972128426 0.120422 0.5174647225969754 "" 0.008726042730840577 1.0618852677039309e-16 "" "" 0.29674447049537445 88.74 19.0 -17.89 1.452
12860 NONE sdss_sako18_u6 sn91bg 2 21 amplitude,x1,c 2453995.3085371307 0.9797739610541001 3.7662512651878126e-15 0.056030244972128426 0.120422 0.6473357345968466 "" 0.14693659435314213 2.3354977784521194e-15 "" "" 0.27474298659352075 33.48 19.0 -19.82 1.684
12860 NONE sdss_sako18_z6 sn91bg 2 21 amplitude,x1,c 2453995.3085371307 1.1543010398484335 2.495095265100663e-16 0.056030244972128426 0.120422 0.4964543888478796 "" 0.08102340707808632 3.9469892755196285e-17 "" "" 0.28656886432259715 44.62 19.0 -17.28 1.517
12864 NONE all hsiao_x1 75 35 z,t0,amplitude,x1 2454044.642838975 2.7388699730211957e-05 1.541139360337132e-07 0.07205182304569482 0.2250004044649383 "" 0.001655787019321546 9.097923495216335e-05 1.3972913345964435e-09 "" 2.7063558785218707e-05 "" 482.83 61.0 -6.34 1.05
12864 NONE sdss_sako18_g3 hsiao_x1 15 7 amplitude,x1 2454044.642838975 0.009764738698557067 1.571463687189184e-07 0.07205182304569482 0.2250004044649383 "" "" 0.2890106518019455 1.0310177117429762e-05 "" "" "" 116.98 11.0 -6.38 1.034
12864 NONE sdss_sako18_i3 hsiao_x1 15 7 amplitude,x1 2454044.642838975 0.023502224511393378 -5.116684355668647e-07 0.07205182304569482 0.2250004044649383 "" "" 0.29305133129368455 8.94033623376941e-06 "" "" "" 46.69 11.0 -8.95 1.012
12864 NONE sdss_sako18_r3 hsiao_x1 15 7 amplitude,x1 2454044.642838975 0.056503964890667724 -3.4690155395806977e-06 0.07205182304569482 0.2250004044649383 "" "" 0.26095889398302385 1.8264145982435758e-05 "" "" "" 16.21 11.0 -13.1 0.963
12864 NONE sdss_sako18_u3 hsiao_x1 15 7 amplitude,x1 2454044.642838975 -0.15837540306256495 -2.8910204491920705e-06 0.07205182304569482 0.2250004044649383 "" "" 0.27890304105635844 4.1227112292454744e-05 "" "" "" 28.28 11.0 -12.71 1.368
12864 NONE sdss_sako18_z3 hsiao_x1 15 7 amplitude,x1 2454044.642838975 0.0015362910379347746 2.0624906038060622e-05 0.07205182304569482 0.2250004044649383 "" "" 0.30177777341107287 5.8551364124635936e-05 "" "" "" 270.83 11.0 -16.97 1.048
12864 NONE all sn91bg 75 35 z,t0,amplitude,x1,c 2454042.640848915 1.0000033617287238 1.2537128978361254e-14 0.07205182304569482 0.2249987063141692 0.5499734456632 0.0018135579304888545 6.371780878356974e-05 1.7866544684180427e-16 "" 2.591013621338486e-05 0.00013855049798387596 4470174.1 60.0 -22.82 1.661
12864 NONE sdss_sako18_g3 sn91bg 15 7 amplitude,x1,c 2454042.640848915 0.8978932001741279 1.7663471814780832e-16 0.07205182304569482 0.2249987063141692 0.7245466567509429 "" 0.16568079084852863 1.421354088698543e-16 "" "" 0.21964640916709885 113.36 10.0 -17.76 1.789
12864 NONE sdss_sako18_i3 sn91bg 15 7 amplitude,x1,c 2454042.640848915 0.8239821403083449 -1.5108856848558566e-17 0.07205182304569482 0.2249987063141692 0.5442541213145811 "" 0.1586660239974677 1.2870866329810621e-17 "" "" 0.2874514270227295 45.32 10.0 -4.82 nan
12864 NONE sdss_sako18_r3 sn91bg 15 7 amplitude,x1,c 2454042.640848915 0.9846428308108943 3.728143406598559e-17 0.07205182304569482 0.2249987063141692 0.5726702494181821 "" 0.17806690113814014 2.0788026178137454e-17 "" "" 0.28103930398301796 8.44 10.0 -16.45 1.679
12864 NONE sdss_sako18_u3 sn91bg 15 7 amplitude,x1,c 2454042.640848915 0.8781320586200556 1.4670284817292269e-15 0.07205182304569482 0.2249987063141692 0.7141103317375201 "" 0.16764284735254653 2.4552200736775426e-15 "" "" 0.2382207388911179 27.75 10.0 -20.07 1.817
12864 NONE sdss_sako18_z3 sn91bg 15 7 amplitude,x1,c 2454042.640848915 0.927272492890449 1.0934095631119382e-16 0.07205182304569482 0.2249987063141692 0.558791967555049 "" 0.17845340752440747 4.2497168230952184e-17 "" "" 0.27451710097661236 262.08 10.0 -17.59 1.749
12869 NONE all hsiao_x1 135 89 t0,amplitude,x1 2454041.5458268123 -3.2562106697464846e-05 2.5305267954758597e-08 0.114420714902936 0.278064 "" 0.0022210374789325723 9.102559304303694e-05 2.0229892974514848e-10 "" "" "" 473.72 151.0 -2.94 1.05
12869 NONE sdss_sako18_g3 hsiao_x1 14 9 amplitude,x1 2454041.5458268123 0.05176267599959676 -8.976612451198904e-06 0.114420714902936 0.278064 "" "" 0.2727810155966011 2.0521507561957686e-05 "" "" "" 97.16 13.0 -15.69 0.969
12869 NONE sdss_sako18_g4 hsiao_x1 13 9 amplitude,x1 2454041.5458268123 0.10580003275312394 1.3595884378587872e-07 0.114420714902936 0.278064 "" "" 0.28435888071053866 1.036683367706396e-05 "" "" "" 36.75 14.0 -6.59 0.894
12869 NONE sdss_sako18_i3 hsiao_x1 14 9 amplitude,x1 2454041.5458268123 0.14475737894397792 1.8129766039103126e-06 0.114420714902936 0.278064 "" "" 0.2612302059841261 1.5318032307135484e-05 "" "" "" 112.88 13.0 -12.22 0.844
12869 NONE sdss_sako18_i4 hsiao_x1 13 9 amplitude,x1 2454041.5458268123 0.16663499900477946 -8.308704506477767e-06 0.114420714902936 0.278064 "" "" 0.2511502343423699 2.263820788461337e-05 "" "" "" 30.83 14.0 -15.52 0.818
12869 NONE sdss_sako18_r3 hsiao_x1 14 8 amplitude,x1 2454041.5458268123 0.13719039545235606 2.532979628652599e-07 0.114420714902936 0.278064 "" "" 0.2644774535463559 2.300619429504576e-05 "" "" "" 32.82 12.0 -7.94 0.853
12869 NONE sdss_sako18_r4 hsiao_x1 13 9 amplitude,x1 2454041.5458268123 -0.0171607817309731 3.899773770168477e-08 0.114420714902936 0.278064 "" "" 0.28889138163858824 1.0150259845791134e-05 "" "" "" 53.19 14.0 -3.88 1.079
12869 NONE sdss_sako18_u3 hsiao_x1 14 9 amplitude,x1 2454041.5458268123 -0.0984482031317977 -6.454748111966319e-07 0.114420714902936 0.278064 "" "" 0.30754092503063113 4.411615754522472e-05 "" "" "" 22.44 13.0 -9.98 1.235
12869 NONE sdss_sako18_u4 hsiao_x1 13 9 amplitude,x1 2454041.5458268123 -0.004060197661891859 -9.574918016874896e-07 0.114420714902936 0.278064 "" "" 0.29280362289607276 2.4092036291891763e-05 "" "" "" 9.2 14.0 -10.83 1.057
12869 NONE sdss_sako18_z3 hsiao_x1 14 9 amplitude,x1 2454041.5458268123 0.039446070372527405 -3.5438322867420893e-07 0.114420714902936 0.278064 "" "" 0.28817526366002083 4.1247373697810936e-05 "" "" "" 52.8 13.0 -8.67 0.988
12869 NONE sdss_sako18_z4 hsiao_x1 13 9 amplitude,x1 2454041.5458268123 0.043156057786717494 -2.2448979401724873e-07 0.114420714902936 0.278064 "" "" 0.2876104686195565 3.772162392913513e-05 "" "" "" 17.25 14.0 -7.68 0.982
12869 NONE all sn91bg 140 84 t0,amplitude,x1,c 2454042.552416738 1.000017153465954 3.075666395621128e-15 0.114420714902936 0.278064 0.5499857306079601 0.0012186656247115562 5.496425703716389e-05 4.433044431920241e-17 "" "" 8.76333443482889e-05 394643.22 150.0 -21.82 1.661
12869 NONE sdss_sako18_g3 sn91bg 15 8 amplitude,x1,c 2454042.552416738 0.9524342617016172 4.1013626903448965e-16 0.114420714902936 0.278064 0.7040001296324093 "" 0.1920392277335184 2.7252715786729396e-16 "" "" 0.24842078022897635 88.76 12.0 -19.29 1.717
12869 NONE sdss_sako18_g4 sn91bg 13 9 amplitude,x1,c 2454042.552416738 0.9394887196653237 -1.5361528807652723e-17 0.114420714902936 0.278064 0.7400111940218832 "" 0.1782194544864205 1.3148977701695846e-16 "" "" 0.22872008336535762 36.75 13.0 -6.27 nan
12869 NONE sdss_sako18_i3 sn91bg 15 8 amplitude,x1,c 2454042.552416738 0.9732461331797453 9.078458609404065e-18 0.114420714902936 0.278064 0.6049250836494393 "" 0.16966167104673066 1.0860711767301745e-17 "" "" 0.27710409006861664 111.92 12.0 -15.37 1.692
12869 NONE sdss_sako18_i4 sn91bg 13 9 amplitude,x1,c 2454042.552416738 0.9761132454090761 3.0409224309719574e-17 0.114420714902936 0.278064 0.581639544976831 "" 0.178354157140221 1.4440384467234312e-17 "" "" 0.2830467356016776 24.59 13.0 -16.73 1.689
12869 NONE sdss_sako18_r3 sn91bg 15 7 amplitude,x1,c 2454042.552416738 0.9621442545997012 7.907578437639793e-17 0.114420714902936 0.278064 0.6404053208171854 "" 0.17068048217256132 3.8267893932758316e-17 "" "" 0.26039889444319997 14.48 11.0 -17.64 1.705
