results/band_fits/with_ext/sdss_sako18_simple_fit_class.ecsv
# %ECSV 0.9
# ---
# datatype:
# - {name: obj_id, datatype: string}
# - {name: x, datatype: float64}
# - {name: y, datatype: float64}
# schema: astropy-2.0
obj_id x y
[from data line 1739]
6696 -0.8112373737373739 -0.19499999999999984
6699 -0.08012340425531894 -0.23430395913154545
6709 0.16580086580086584 -0.06639610389610384
6714 -0.2570454545454548 -0.09310276679841878
6743 -0.16286858974358986 -0.10903846153846142
6773 -9.94169642857143 -18.052976190476187
6777 -0.4349198717948719 -0.1067307692307693
6780 -1.7405827505827505 -1.3686013986013987
6807 -0.4532070707070708 -0.3614015151515151
6813 -0.21903174603174613 -0.12149999999999972
6816 -0.19573015873015875 -0.15692857142857153
6831 -0.1011279069767439 -0.29878571428571443
6851 -0.2619797297297297 -0.3205219780219779
6852 -2.0706959706959704 -1.291923076923077
6861 -0.4843686868686867 -0.5705681818181816
6873 -0.28833333333333355 -0.20175824175824175
6877 -1.261338855421687 -0.5797906403940887
6883 -0.17977272727272742 -0.0429090909090909
6895 -0.7022424242424243 -0.06368181818181817
6896 -0.5064141414141412 -0.3338257575757575
6903 -0.3168939393939394 -0.005681818181818343
6912 -0.2666060606060606 -0.31200000000000006
6913 -0.1291657397107897 -0.11749999999999994
6914 -0.05280555555555555 -0.36588888888888893
6924 -0.4056034482758619 -0.33745454545454534
6933 -2.8907037037037036 -1.3103888888888893
6934 -0.015846153846153843 -0.3542307692307691
6936 -2.1581481481481477 -1.3030555555555559
696 -0.05062091503267996 -0.05183006535947715
6962 -6.042725925925926 -9.104223363286263
7017 -37.110683624801275 -8.03448717948718
7024 -0.40252525252525273 -0.16526515151515153
703 -0.28228526645768026 -0.5234868421052631
7092 -0.7521212121212123 -0.20306818181818176
7099 -4.421814814814815 -1.9870175438596491
7121 -0.5435000000000001 -0.4986666666666666
7127 -0.7206969696969698 -0.12963636363636355
7143 -0.0844033886085076 -0.12726690676270513
7147 -5.720681114551084 -3.0501851851851853
7194 -0.3184225177853388 -0.06937500000000008
7195 -0.2455192604006161 -0.19171428571428584
7205 -0.35610397946084704 -0.21945054945054954
722 -6.5215204678362575 -8.225974658869394
7243 -2.8708484848484854 -0.370409090909091
7258 -0.32365384615384607 -0.1695833333333333
7304 -1.7806666666666664 -0.22344444444444445
7335 -0.3736060606060607 -0.3568636363636364
735 0.12088461538461548 -0.09491119691119687
7350 -0.2815925925925927 0.7527777777777778
7357 -0.15806818181818172 -0.050090909090909075
7365 -0.311073725878278 -0.2523484848484849
7373 -2.0182727272727274 -0.09909090909090912
7374 -0.21104166666666668 -0.19401515151515158
739 -0.8567647058823531 -3.1274509803921564
7413 -0.5080425531914893 -0.20027777777777767
744 -3.2780053908355797 -5.935862573099414
7444 -1.151592592592593 -0.2446111111111111
7457 -0.21524242424242424 -0.17359090909090935
7460 -0.15772727272727294 0.028227272727272767
7473 -1.691064814814815 -1.5751388888888889
7475 -0.7225925925925927 -1.0016111111111115
7479 -0.8390740740740739 -3.239375
7499 -0.3556296296296294 -0.1540555555555556
7502 -0.1607828282828282 -0.18797979797979814
7512 -1.4338571428571427 -0.4822857142857142
7527 -0.8376010101010098 -0.4940909090909087
7550 -0.16700704225352125 -0.030561594202898612
7600 -0.4902121212121213 -0.2864090909090906
7611 -0.36236363636363644 -0.374060606060606
762 -3.9196623093681913 -1.485653594771242
7647 -0.21240377632534513 -0.09683982683982673
7654 -0.6332499999999999 -0.20409090909090888
7656 -0.37102777777777773 -0.10655555555555563
7663 -0.033194444444444415 -0.0015555555555555323
7680 -0.1172777777777777 -0.3304444444444443
7699 -0.6717500000000001 -0.08566666666666656
7701 -0.3348148148148148 -0.24055555555555552
7707 -0.6506296296296294 -0.18927777777777782
7712 -0.3822500000000001 -0.1507777777777779
7713 -0.18192592592592582 -0.18594444444444447
7717 -0.25796296296296317 -0.26322222222222225
7725 -0.46550505050505064 -0.5045454545454545
773 -0.6886710526315789 -0.010868421052631527
7736 -0.11883838383838397 -0.13249999999999995
774 -0.8210526315789477 -10.215
7762 -0.13738636363636358 -0.18681818181818177
7780 -0.20284188034188055 -0.4132051282051279
779 -1.049502460360853 -0.7622639149468418
7794 -0.46661428571428576 -0.029888888888888854
7802 -4.2002549019607835 -0.4534722222222223
7804 -0.097547619047619 -0.029952380952380953
7824 -0.1362392241379311 -0.6735454545454547
7835 -0.2784545454545454 -0.12272727272727268
7841 -0.15247727272727285 -0.19754545454545447
7847 -0.8866165413533834 -0.3237179487179491
7857 -0.2253830227743271 -0.017575757575757467
7876 -130.30388888888888 -26.661111111111115
7882 -0.9531481481481482 -0.35644444444444445
7884 -0.16382575757575768 -0.12704545454545446
7919 -0.4989684210526315 -0.27214932126696834
7923 -0.08468403547671866 -0.14223809523809505
7939 0.16985691573926842 0.3121474358974359
7947 -0.30812499999999987 -0.12679487179487192
7954 -0.30051785714285717 -0.27540372670807467
8004 -0.080472906403941 -0.4893142857142858
8030 -0.10608333333333342 -0.08233333333333337
8046 -0.7678205128205128 -0.4865064102564104
8053 -0.44000000000000017 -0.08557142857142863
8062 -0.10596590909090908 -0.2140151515151516
8086 -1.3515789473684208 0.22286324786324796
8092 -0.9682352941176471 -0.22397058823529414
8114 -0.33068922305764414 -0.12199999999999989
8138 -0.44686111111111115 -0.14922222222222215
8151 -213.36776785714278 628.4779166666666
8160 -0.1939791666666668 -0.022458333333333247
8165 -0.4152499999999999 -0.08712500000000012
8195 -0.8897628083491458 -0.5895454545454546
8196 -0.15759398496240573 0.24012121212121218
8213 -1.3132738095238095 -0.5416964285714286
8216 -0.23286527514231503 -0.13900000000000012
822 -0.4093414358394575 -0.07677380952380952
8226 -0.2438434782608696 -0.095576923076923
8252 -2.0638699690402476 -0.5068888888888889
8254 -1.2792307692307694 -0.53125
8264 -0.2432870370370369 -0.2631944444444445
8280 -0.6317037037037038 -0.3325555555555556
8297 -1.4950000000000003 -0.11395454545454542
8323 0.06562271062271063 -0.11436813186813177
8351 -0.27395454545454545 -0.39381818181818184
841 -0.5354999999999998 -0.10515789473684212
8421 -0.237 -0.18145454545454553
8489 -0.22075730471079313 -0.20718181818181813
8495 -4.853703703703703 -0.2283333333333335
8513 -0.9073809523809526 nan
8555 -0.6206666666666669 -0.21766666666666679
8576 -0.23772727272727268 -0.16681818181818175
8577 -0.31127777777777754 -0.051999999999999935
859 -0.49030407523510977 -0.37109210526315795
8598 -0.041401752190237784 -0.06256410256410261
8600 -0.15428571428571436 -0.06489010989011001
8607 -0.49137037037037035 -0.4253888888888888
8662 -0.044501915708812345 -0.038956043956043906
8675 -0.10881445783132548 -0.12090225563909784
8700 -0.31440934065934045 -0.13994505494505494
8705 -0.11565706719629243 -0.2007692307692308
8707 -0.2255813757682914 -0.09403439153439153
8719 -106.83392857142857 -7.509166666666667
8723 -0.9181628787878788 -0.10901515151515162
8730 -0.4813068181818181 -0.008181818181818179
8742 -5.905119047619047 -0.23946428571428569
8793 -0.2741818181818185 -0.18172727272727274
8823 -0.09855555555555551 -0.11811111111111106
8888 -0.19158333333333333 -0.9156666666666669
8912 -0.6239008620689657 -0.5763636363636362
8921 -18.642106854838715 -0.7350694444444444
893 -0.4928801169590642 -0.21088693957115023
9026 -1.2820303030303024 -0.46790909090909083
9032 -1.7425994694960212 -0.15938888888888902
904 -0.2628216374269007 -0.09257309941520464
9045 -0.47212857142857134 -0.28333333333333366
9052 -6.270535714285715 -0.701875
9109 -2.4671481481481488 -0.13761111111111102
911 -0.23303968253968277 -0.14019285309132168
9117 -0.11392857142857138 -0.02767857142857144
9118 -0.28842424242424225 4.745681818181819
9132 -0.7554761904761906 -0.04968253968253966
9133 -0.5569907407407405 -0.2680555555555555
9155 -0.8199999999999997 -0.4683333333333335
9194 -0.2673888888888889 -0.7302962962962962
9207 -1.1187500000000001 -0.18777777777777782
9218 -0.5158571428571428 -0.005214285714285838
9239 -0.4874166666666666 -0.17076190476190478
9273 -0.7131092436974789 0.762760942760943
9324 -0.5111805555555555 -0.21625000000000005
9326 -1.385087719298245 -0.7440540540540539
9334 -0.1834344100197759 -0.08498746867167928
9353 -0.23825490196078436 -0.17361111111111127
9457 -4.514414715719062 -2.5822916666666664
9467 -1.0270000000000001 -0.27721362229102176
9558 -0.11877272727272725 -0.2834545454545454
9594 -0.589464285714286 -1.7816071428571432
9595 -0.2738333333333335 -0.0367777777777778
9632 -0.2397705465164789 -0.17339743589743595
9633 -0.3421245421245419 -0.37637362637362615
9652 -0.15086834733893562 -0.43384615384615355
9677 -0.06883529160435808 -0.06733468286099864
9740 -0.15109090909090894 -0.6928181818181822
9804 -1.3112500000000005 -1.0675000000000003
9814 -0.14389340439706855 -0.08624999999999994
9817 -1.332936507936508 -1.0554761904761902
986 0.001933962264150768 -0.2889034749034749
9895 -1.115408653846154 -0.9912626262626261
9954 -8.554603174603173 -3.544107142857142
9962 -0.1293333333333334 -0.1028181818181817
999 -0.6915734989648037 -0.4861363636363638
