results/band_fits/with_ext/sdss_sako18_mcmc_fit_fits.ecsv
# %ECSV 0.9
# ---
# datatype:
# - {name: obj_id, datatype: string}
# - {name: message, datatype: string}
# - {name: band, datatype: string}
# - {name: source, datatype: string}
# - {name: pre_max, datatype: int64}
# - {name: post_max, datatype: int64}
# - {name: vparams, datatype: string}
# - {name: t0, datatype: float64}
# - {name: x1, datatype: float64}
# - {name: amplitude, datatype: float64}
# - {name: mwebv, datatype: float64}
# - {name: z, datatype: float64}
# - {name: c, datatype: float64}
# - {name: t0_err, datatype: float64}
# - {name: x1_err, datatype: float64}
# - {name: amplitude_err, datatype: float64}
# - {name: mwebv_err, datatype: float64}
# - {name: z_err, datatype: float64}
# - {name: c_err, datatype: float64}
# - {name: chisq, datatype: float64}
# - {name: ndof, datatype: float64}
# - {name: b_max, datatype: float64}
# - {name: delta_15, datatype: float64}
# meta: !!omap
# - band_names: !!python/tuple [sdss_sako18_u1, sdss_sako18_u2, sdss_sako18_u3, sdss_sako18_u4, sdss_sako18_u5, sdss_sako18_u6, sdss_sako18_g1,
#     sdss_sako18_g2, sdss_sako18_g3, sdss_sako18_g4, sdss_sako18_g5, sdss_sako18_g6, sdss_sako18_r1, sdss_sako18_r2, sdss_sako18_r3,
#     sdss_sako18_r4, sdss_sako18_r5, sdss_sako18_r6, sdss_sako18_i1, sdss_sako18_i2, sdss_sako18_i3, sdss_sako18_i4, sdss_sako18_i5,
#     sdss_sako18_i6, sdss_sako18_z1, sdss_sako18_z2, sdss_sako18_z3, sdss_sako18_z4, sdss_sako18_z5, sdss_sako18_z6]
# - lambda_eff: !!python/tuple [3551, 3551, 3551, 3551, 3551, 3551, 4686, 4686, 4686, 4686, 4686, 4686, 6166, 6166, 6166, 6166, 6166,
#     6166, 7480, 7480, 7480, 7480, 7480, 7480, 8932, 8932, 8932, 8932, 8932, 8932]
# - {fit_func: mcmc_fit}
# - {out_path: /global/u1/d/djp81/Photometric-Classification/results/band_fits/with_ext/sdss_sako18_mcmc_fit_fits.ecsv}
# schema: astropy-2.0
obj_id message band source pre_max post_max vparams t0 x1 amplitude mwebv z c t0_err x1_err amplitude_err mwebv_err z_err c_err chisq ndof b_max delta_15
[from data line 391]
11093 NONE sdss_sako18_i1 sn91bg 15 4 amplitude,x1,c 2453698.7758581685 1.1859707988081922 3.126984191043406e-16 0.18954806738067417 0.06087780287059166 0.5300763883590172 "" 0.05301423508850816 5.0440537726676465e-17 "" "" 0.28694164849881343 22.42 4.0 -15.93 1.492
11093 NONE sdss_sako18_r1 sn91bg 15 4 amplitude,x1,c 2453698.7758581685 1.2066372454995873 3.7215988158955624e-16 0.18954806738067417 0.06087780287059166 0.6244417674813332 "" 0.03993286082413479 6.991701787222755e-17 "" "" 0.25482690865374796 29.76 4.0 -15.97 1.476
11093 NONE sdss_sako18_u1 sn91bg 15 4 amplitude,x1,c 2453698.7758581685 0.8961665990765767 1.5834600099072354e-15 0.18954806738067417 0.06087780287059166 0.7132013296941712 "" 0.17012875620943163 1.4056106182325243e-15 "" "" 0.24687537312053742 6.11 4.0 -17.1 1.791
11093 NONE sdss_sako18_z1 sn91bg 15 4 amplitude,x1,c 2453698.7758581685 1.0179406768915429 2.597208195207955e-16 0.18954806738067417 0.06087780287059166 0.5314520296538713 "" 0.16347804711569433 5.726254505670748e-17 "" "" 0.2895501964256951 4.7 4.0 -15.59 1.642
11098 NONE all hsiao_x1 35 70 z,t0,amplitude,x1 2453652.6753096697 4.6957473275543015e-05 2.386685816432691e-08 0.07839845809142797 0.22501241853557835 "" 0.0021877946266491734 0.00011338189731201568 2.1239709911383936e-10 "" 4.1961690773387784e-05 "" 571.9 86.0 -2.29 1.05
11098 NONE sdss_sako18_g6 hsiao_x1 7 14 amplitude,x1 2453652.6753096697 -0.1181185611150161 2.4304005859431894e-06 0.07839845809142797 0.22501241853557835 "" "" 0.2896281043414471 1.2688573160989525e-05 "" "" "" 181.67 16.0 -12.33 1.276
11098 NONE sdss_sako18_i6 hsiao_x1 7 14 amplitude,x1 2453652.6753096697 0.3621071837495479 2.9713519622088873e-06 0.07839845809142797 0.22501241853557835 "" "" 0.15323200295703765 2.392352899650945e-05 "" "" "" 116.67 16.0 -12.77 0.625
11098 NONE sdss_sako18_r6 hsiao_x1 7 14 amplitude,x1 2453652.6753096697 0.2644675095856713 9.351222183438196e-06 0.07839845809142797 0.22501241853557835 "" "" 0.27869937659400784 2.2956833262833338e-05 "" "" "" 221.78 16.0 -15.26 0.713
11098 NONE sdss_sako18_u6 hsiao_x1 7 14 amplitude,x1 2453652.6753096697 0.004702251736422327 -6.583259988245534e-07 0.07839845809142797 0.22501241853557835 "" "" 0.2920641222472224 3.2559449764639436e-05 "" "" "" 21.22 16.0 -9.49 1.042
11098 NONE sdss_sako18_z6 hsiao_x1 7 14 amplitude,x1 2453652.6753096697 -0.01486232213015449 1.2210464836380237e-06 0.07839845809142797 0.22501241853557835 "" "" 0.28633592710172506 2.1304870150044393e-05 "" "" "" 25.06 16.0 -10.84 1.075
11098 NONE all sn91bg 35 70 z,t0,amplitude,x1,c 2453652.6753246477 0.9999969508670605 1.456139827667921e-15 0.07839845809142797 0.22500653685622965 0.5499922237128633 0.0015306829753749152 6.510531046188636e-05 1.2311187373866103e-17 "" 3.6566450993683623e-05 5.753617343395198e-05 27812.21 85.0 -20.48 1.661
11098 NONE sdss_sako18_g6 sn91bg 7 14 amplitude,x1,c 2453652.6753246477 0.8404437779573162 2.307600340011263e-16 0.07839845809142797 0.22500653685622965 0.6792969321763156 "" 0.14394582228033023 1.8570204685753012e-16 "" "" 0.25774580963309307 177.18 15.0 -18.1 1.875
11098 NONE sdss_sako18_i6 sn91bg 7 14 amplitude,x1,c 2453652.6753246477 1.0120688233957762 1.394321675635309e-17 0.07839845809142797 0.22500653685622965 0.5646281974340036 "" 0.1634967598573942 1.2934759867102848e-17 "" "" 0.29312849050408174 114.6 15.0 -15.42 1.648
11098 NONE sdss_sako18_r6 sn91bg 7 14 amplitude,x1,c 2453652.6753246477 0.7933181613930727 1.1554895270079364e-16 0.07839845809142797 0.22500653685622965 0.5608554291426392 "" 0.12408044989480228 5.2198733166998544e-17 "" "" 0.27593292012533177 208.79 15.0 -17.54 1.953
11098 NONE sdss_sako18_u6 sn91bg 7 14 amplitude,x1,c 2453652.6753246477 0.9175830439229938 -3.0089770675163145e-17 0.07839845809142797 0.22500653685622965 0.6996650139843515 "" 0.17181524326637126 2.1970191557028405e-15 "" "" 0.23419506692986167 21.22 15.0 -6.4 nan
11098 NONE sdss_sako18_z6 sn91bg 7 14 amplitude,x1,c 2453652.6753246477 0.9126350654500138 -4.100438560547813e-17 0.07839845809142797 0.22500653685622965 0.5521769238585263 "" 0.17062229791225095 4.425440858482999e-17 "" "" 0.2774348539016621 24.2 15.0 -6.98 nan
1112 NONE all hsiao_x1 15 85 t0,amplitude,x1 2453630.2150067277 -0.005171442736395311 9.666215040449352e-06 0.04477551052670049 0.256085 "" 1.8605737089209693 0.08947999652364619 4.7718290873381885e-05 "" "" "" 1043.47 97.0 -15.65 1.059
1112 NONE sdss_sako18_g3 hsiao_x1 3 17 amplitude,x1 2453630.2150067277 -0.016402366399644718 1.9694407369191597e-05 0.04477551052670049 0.256085 "" "" 0.1305281966173572 4.3444731596852855e-05 "" "" "" 275.5 18.0 -17.19 1.078
1112 NONE sdss_sako18_i3 hsiao_x1 3 17 amplitude,x1 2453630.2150067277 -0.10733999386865503 3.158588384942772e-05 0.04477551052670049 0.256085 "" "" 0.12695427655834676 4.040596169161232e-05 "" "" "" 106.41 18.0 -18.22 1.253
1112 NONE sdss_sako18_r3 hsiao_x1 3 17 amplitude,x1 2453630.2150067277 0.023209231885307515 4.862210364849245e-05 0.04477551052670049 0.256085 "" "" 0.11931384090706022 1.6666228453177306e-06 "" "" "" 11.24 18.0 -19.16 1.013
1112 NONE sdss_sako18_u3 hsiao_x1 3 17 amplitude,x1 2453630.2150067277 0.188378801415689 1.0028777621905718e-05 0.04477551052670049 0.256085 "" "" 0.23215897817277525 6.189126867113979e-05 "" "" "" 27.12 18.0 -15.73 0.793
1112 NONE sdss_sako18_z3 hsiao_x1 3 17 amplitude,x1 2453630.2150067277 0.0017888285616180196 1.3651270427270092e-05 0.04477551052670049 0.256085 "" "" 0.2085768692699612 6.0787739265465046e-05 "" "" "" 41.97 18.0 -16.4 1.047
1112 NONE all sn91bg 15 85 t0,amplitude,x1,c 2453629.737453335 1.1601328430958515 8.721720000052401e-17 0.04477551052670049 0.256085 0.009179557778061011 0.5117930413647174 0.05755513559584423 6.168142566682093e-18 "" "" 0.008992005380739283 165.91 96.0 -18.92 1.512
1112 NONE sdss_sako18_g3 sn91bg 3 17 amplitude,x1,c 2453629.737453335 1.118940307663123 6.136605419609075e-16 0.04477551052670049 0.256085 0.46936912528925695 "" 0.0818032808493584 4.5789752893291215e-16 "" "" 0.2912836013089485 44.18 17.0 -20.11 1.546
1112 NONE sdss_sako18_i3 sn91bg 3 17 amplitude,x1,c 2453629.737453335 1.0860976468641994 1.0977162472013711e-16 0.04477551052670049 0.256085 0.5367548779339306 "" 0.11059493929537076 2.7861229972769284e-17 "" "" 0.2890124461990299 20.4 17.0 -18.09 1.575
1112 NONE sdss_sako18_r3 sn91bg 3 17 amplitude,x1,c 2453629.737453335 1.1462968168242222 1.882617802698175e-16 0.04477551052670049 0.256085 0.594171778589472 "" 0.07561715557352597 5.976340713152599e-17 "" "" 0.2642114988115403 17.21 17.0 -18.62 1.524
1112 NONE sdss_sako18_u3 sn91bg 3 17 amplitude,x1,c 2453629.737453335 0.9961553892651349 4.409350080914311e-15 0.04477551052670049 0.256085 0.698595644553013 "" 0.16125136253152358 2.9620111728281073e-15 "" "" 0.2585848197441303 18.55 17.0 -21.71 1.666
1112 NONE sdss_sako18_z3 sn91bg 3 17 amplitude,x1,c 2453629.737453335 0.9696705079410008 1.3580216275460625e-16 0.04477551052670049 0.256085 0.5415816356764089 "" 0.15941380592575588 4.5225136778395524e-17 "" "" 0.2882342488208924 14.5 17.0 -18.21 1.696
11120 NONE all hsiao_x1 80 24 t0,amplitude,x1 2453697.3878378537 -0.042524393428394106 0.00012669451622660162 0.0529880512680899 0.106009 "" 2.3368736335911855 0.13568779627256577 2.8091867044585898e-05 "" "" "" 622.61 41.0 -19.12 1.125
11120 NONE sdss_sako18_g4 hsiao_x1 16 5 amplitude,x1 2453697.3878378537 -0.126117748689902 0.00013802409046944093 0.0529880512680899 0.106009 "" "" 0.017307102044828392 8.725628023396826e-07 "" "" "" 65.66 7.0 -19.31 1.294
11120 NONE sdss_sako18_i4 hsiao_x1 16 5 amplitude,x1 2453697.3878378537 -0.09646764879819252 0.0001461371231148845 0.0529880512680899 0.106009 "" "" 0.03193379809957531 1.6166278142089493e-06 "" "" "" 20.66 7.0 -19.43 1.23
11120 NONE sdss_sako18_r4 hsiao_x1 16 5 amplitude,x1 2453697.3878378537 -0.12865162035090144 0.00013868636190998636 0.0529880512680899 0.106009 "" "" 0.03147817323165916 1.1300175741280155e-06 "" "" "" 13.45 7.0 -19.32 1.3
11120 NONE sdss_sako18_u4 hsiao_x1 16 4 amplitude,x1 2453697.3878378537 0.002605469208687744 0.00012043469141808136 0.0529880512680899 0.106009 "" "" 0.07952460813607676 5.792635353761569e-06 "" "" "" 10.16 6.0 -19.01 1.046
11120 NONE sdss_sako18_z4 hsiao_x1 16 5 amplitude,x1 2453697.3878378537 -0.3195761334335172 0.00014983353612340464 0.0529880512680899 0.106009 "" "" 0.13105360642794672 9.101063298209395e-06 "" "" "" 6.47 7.0 -19.48 1.839
11120 NONE all sn91bg 90 14 t0,amplitude,x1,c 2453700.0273622083 1.2255304683467847 4.604024149933834e-16 0.0529880512680899 0.106009 0.019428613404354443 0.4173225987732266 0.022796936258876167 2.1274514044048025e-17 "" "" 0.03424964517784345 2601.36 35.0 -18.65 1.463
11120 NONE sdss_sako18_g4 sn91bg 18 3 amplitude,x1,c 2453700.0273622083 1.2397762676189337 1.4387016153244167e-15 0.0529880512680899 0.106009 0.2738230918711751 "" 0.010552125591427066 5.620330230036319e-16 "" "" 0.19026208154729632 76.73 5.0 -19.4 1.453
11120 NONE sdss_sako18_i4 sn91bg 18 3 amplitude,x1,c 2453700.0273622083 1.2429480243393345 4.922753042893532e-16 0.0529880512680899 0.106009 0.5713601213382429 "" 0.007191404414387838 8.01221389240983e-17 "" "" 0.2835413538981194 167.47 5.0 -17.67 1.45
11120 NONE sdss_sako18_r4 sn91bg 18 3 amplitude,x1,c 2453700.0273622083 1.2444986838602898 7.042652409906937e-16 0.0529880512680899 0.106009 0.48418400225613234 "" 0.005125136495727331 1.7224264130317495e-16 "" "" 0.29099486791080814 157.07 5.0 -18.22 1.449
11120 NONE sdss_sako18_u4 sn91bg 18 2 amplitude,x1,c 2453700.0273622083 1.0839584365068717 7.680944638828984e-15 0.0529880512680899 0.106009 0.5950459175232764 "" 0.13149741547889682 5.161269519307157e-15 "" "" 0.27066105139057106 23.45 4.0 -20.48 1.577
11120 NONE sdss_sako18_z4 sn91bg 18 3 amplitude,x1,c 2453700.0273622083 1.179478419157728 3.9866839218158554e-16 0.0529880512680899 0.106009 0.5288341192955244 "" 0.06242414216988035 4.7730530705767855e-17 "" "" 0.291749045457365 15.56 5.0 -17.46 1.497
11156 NONE all hsiao_x1 95 10 t0,amplitude,x1 2453698.7594466484 0.02082868206870072 -3.076353500734643e-05 0.026911314741160725 0.307784 "" 2.5173580766216364 0.18316957998531147 4.234199481622692e-05 "" "" "" 525.14 32.0 -18.62 1.017
11156 NONE sdss_sako18_g1 hsiao_x1 19 2 amplitude,x1 2453698.7594466484 -0.05055726659840157 -5.510573198618402e-05 0.026911314741160725 0.307784 "" "" 0.050674934970811956 1.2180079322998605e-06 "" "" "" 7.41 5.0 -19.89 1.14
11156 NONE sdss_sako18_i1 hsiao_x1 19 2 amplitude,x1 2453698.7594466484 0.1007692983751136 -5.058142834947119e-05 0.026911314741160725 0.307784 "" "" 0.11291443521888087 1.9840133448813934e-06 "" "" "" 3.1 5.0 -19.7 0.901
11156 NONE sdss_sako18_r1 hsiao_x1 19 2 amplitude,x1 2453698.7594466484 0.07787954668105411 -5.025547782792175e-05 0.026911314741160725 0.307784 "" "" 0.07678898622522838 1.2430745858048467e-06 "" "" "" 6.57 5.0 -19.69 0.932
11156 NONE sdss_sako18_u1 hsiao_x1 19 2 amplitude,x1 2453698.7594466484 0.037079083194924645 5.9438367833692215e-06 0.026911314741160725 0.307784 "" "" 0.3131752916240021 5.807881680943555e-05 "" "" "" 11.37 5.0 -15.05 0.991
11156 NONE sdss_sako18_z1 hsiao_x1 19 2 amplitude,x1 2453698.7594466484 -0.07394805913692742 3.3999784984115655e-06 0.026911314741160725 0.307784 "" "" 0.2965035464591349 3.42432413845145e-05 "" "" "" 8.29 5.0 -13.84 1.185
11156 NONE all sn91bg 100 5 t0,amplitude,x1,c 2453701.6741078487 1.224385035808994 9.981812347497975e-17 0.026911314741160725 0.307784 0.014000970805137328 1.0359652564690707 0.02664167943783305 9.567244036567403e-18 "" "" 0.03848835526708408 238.62 21.0 -19.57 1.463
11156 NONE sdss_sako18_g1 sn91bg 20 1 amplitude,x1,c 2453701.6741078487 1.213637525858195 8.038876492485978e-16 0.026911314741160725 0.307784 0.4797370485340273 "" 0.03798326435074888 6.511803275476654e-16 "" "" 0.3014036424316175 93.49 2.0 -20.92 1.471
11156 NONE sdss_sako18_i1 sn91bg 20 1 amplitude,x1,c 2453701.6741078487 1.1957147203927767 1.120638124093277e-16 0.026911314741160725 0.307784 0.5350116834247781 "" 0.04867209316523926 2.7505332716318786e-17 "" "" 0.2873320282124588 21.35 2.0 -18.66 1.484
11156 NONE sdss_sako18_r1 sn91bg 20 1 amplitude,x1,c 2453701.6741078487 1.205215647711898 2.4713342484661365e-16 0.026911314741160725 0.307784 0.6419563619275843 "" 0.03865222620346346 8.770956618390649e-17 "" "" 0.27315969333507895 32.09 2.0 -19.33 1.477
11156 NONE sdss_sako18_u1 sn91bg 20 1 amplitude,x1,c 2453701.6741078487 0.8810339742074437 3.723097839720589e-15 0.026911314741160725 0.307784 0.7483221569767565 "" 0.17405845626481636 2.7981146354632286e-15 "" "" 0.21757846840640985 6.91 2.0 -21.78 1.813
11156 NONE sdss_sako18_z1 sn91bg 20 1 amplitude,x1,c 2453701.6741078487 0.9245058102233313 5.669327939734952e-17 0.026911314741160725 0.307784 0.5577256047889192 "" 0.17091014697742565 3.2068266198962e-17 "" "" 0.28002100355435205 3.88 2.0 -17.66 1.753
11172 NONE all hsiao_x1 75 30 t0,amplitude,x1 2453693.5552078164 -0.08534341553566943 -1.2248576178858819e-05 0.039912327813990824 0.135072 "" 2.2903380455347238 0.2350815054464082 7.036642085064613e-05 "" "" "" 1713.33 52.0 -14.62 1.208
11172 NONE sdss_sako18_g3 hsiao_x1 15 6 amplitude,x1 2453693.5552078164 -0.13257530393390488 -6.691017591841633e-05 0.039912327813990824 0.135072 "" "" 0.03904704337103202 1.6633338006721592e-06 "" "" "" 10.29 9.0 -18.3 1.309
11172 NONE sdss_sako18_i3 hsiao_x1 15 6 amplitude,x1 2453693.5552078164 -0.1557489406899599 -3.0931458680222526e-05 0.039912327813990824 0.135072 "" "" 0.06711780626415342 7.14874400400336e-05 "" "" "" 214.32 9.0 -16.63 1.362
11172 NONE sdss_sako18_r3 hsiao_x1 15 6 amplitude,x1 2453693.5552078164 -0.09132101942033827 -7.60168843738695e-05 0.039912327813990824 0.135072 "" "" 0.048633839887021135 1.63054084855343e-06 "" "" "" 20.9 9.0 -18.58 1.22
11172 NONE sdss_sako18_u3 hsiao_x1 15 6 amplitude,x1 2453693.5552078164 0.023852346743816595 -7.592201690200608e-06 0.039912327813990824 0.135072 "" "" 0.22834874663446422 5.332426110252826e-05 "" "" "" 16.92 9.0 -13.58 1.012
11172 NONE sdss_sako18_z3 hsiao_x1 15 6 amplitude,x1 2453693.5552078164 -0.005844050714737135 -1.1944571665000859e-05 0.039912327813990824 0.135072 "" "" 0.2461479477685606 5.727467908805038e-05 "" "" "" 22.2 9.0 -14.56 1.06
11172 NONE all sn91bg 80 25 t0,amplitude,x1,c 2453694.090930365 1.1961504326489951 1.4816932982786133e-16 0.039912327813990824 0.135072 0.01826636882302386 0.695274566338292 0.11133543895351328 2.2242597278227906e-17 "" "" 0.034360196914523314 318.13 46.0 -17.96 1.484
11172 NONE sdss_sako18_g3 sn91bg 16 5 amplitude,x1,c 2453694.090930365 1.2310976389767663 6.27676137202824e-16 0.039912327813990824 0.135072 0.42107716163887743 "" 0.017327582814748266 3.4577114892815303e-16 "" "" 0.2527982558773517 35.63 7.0 -18.79 1.459
11172 NONE sdss_sako18_i3 sn91bg 16 5 amplitude,x1,c 2453694.090930365 0.98635961532532 1.7152756264145348e-16 0.039912327813990824 0.135072 0.4813658692353199 "" 0.18006464636222502 5.212461122215744e-17 "" "" 0.3065497311399073 34.05 7.0 -17.05 1.677
11172 NONE sdss_sako18_r3 sn91bg 16 5 amplitude,x1,c 2453694.090930365 1.211835184204615 2.7197540992784814e-16 0.039912327813990824 0.135072 0.5640631061893312 "" 0.034607584284224426 6.976879946710058e-17 "" "" 0.2960356170202035 34.5 7.0 -17.58 1.472
11172 NONE sdss_sako18_u3 sn91bg 16 5 amplitude,x1,c 2453694.090930365 1.0082352704242603 2.3769278110042252e-15 0.039912327813990824 0.135072 0.6786840408296897 "" 0.17219578121537674 1.7000232398044415e-15 "" "" 0.24734340956123496 10.38 7.0 -19.55 1.652
11172 NONE sdss_sako18_z3 sn91bg 16 5 amplitude,x1,c 2453694.090930365 0.9409165427481591 6.465218377385814e-17 0.039912327813990824 0.135072 0.5608159147224494 "" 0.1842312551446487 4.269509735668023e-17 "" "" 0.2840305981029133 19.55 7.0 -15.8 1.732
