results/band_fits/with_ext/sdss_sako18_simple_fit_class.ecsv
# %ECSV 0.9
# ---
# datatype:
# - {name: obj_id, datatype: string}
# - {name: x, datatype: float64}
# - {name: y, datatype: float64}
# schema: astropy-2.0
obj_id x y
[from data line 1040]
18855 -5.528676470588236 -7.915944055944057
18884 -0.2556798245614036 -0.030146198830409476
18890 0.5560984848484849 5.754594017094017
18903 -3.2983080808080816 -3.685833333333333
18907 -0.07631746031746034 -1.2024285714285716
18909 -4.6534545454545455 -0.08200000000000018
18917 -0.365375 -0.46951124144672507
18920 -0.641049107142857 -0.14651785714285714
18927 -0.30639682539682567 -1.0783333333333336
18940 -3.573612440191388 -0.7711538461538461
18941 -0.4105000000000001 -0.1638518518518518
18942 -0.24695139488064455 -0.07945833333333341
18943 -0.49255802707930374 -0.40514173998044956
18947 -0.20183035714285724 -0.4119642857142858
18948 -0.36217294900221764 -0.6361666666666668
18952 -0.17591452991452994 0.14687179487179503
18953 -0.07607169811320769 -0.29846332046332025
18954 -0.06462962962962937 -0.18135135135135272
18959 -0.19781201848998453 -0.6290476190476175
18965 -3.983170731707318 -0.32526190476190475
18971 -0.1399905078310394 -0.471176470588235
18972 -0.0572079589216945 -0.08071428571428574
18973 -0.17197920677705048 -0.1256593406593407
18990 -0.4890833333333333 -0.4334444444444445
18993 -1.3182313681868743 -0.14128571428571424
19000 -2.492263513513514 -0.09019230769230768
19002 -1.9882406015037597 -0.32089743589743613
19003 -4.220530303030302 -9.108131313131313
19008 -2.8591414141414138 -0.6795454545454546
19013 -0.041714743589743586 -0.08506410256410257
19014 -0.14247863247863257 -0.5487499999999996
19023 -4.023726244343891 -0.7235968992248061
19027 -0.6277136752136752 -0.32769230769230784
19029 -1.0635470085470087 -0.7074679487179485
19032 -0.9930681818181817 -0.05712121212121202
19033 -0.27296474358974354 -0.12788461538461537
19045 -0.8474642857142856 -1.0666746031746035
19048 -0.32762237762237745 -0.9880419580419577
19051 -1.4305110821382006 -0.8946363636363637
19052 -0.3726599326599326 -0.3040909090909091
19065 -0.21761086474501123 0.6819999999999999
19067 -0.3308974358974355 -0.5742307692307695
19068 -0.7482738095238091 -0.3532142857142858
19069 0.1392532467532468 -0.0559740259740259
19070 -0.4886553030303027 -0.1730303030303031
19072 -0.31670270270270295 -0.5463000000000001
19078 -0.1501461538461537 -0.008599999999999941
19088 -0.46550505050505053 -0.3042424242424242
19091 -0.43249886000911997 -0.21111888111888122
19099 -0.31614414414414416 -0.06566666666666654
19101 -4.429060606060606 -0.639090909090909
19104 -0.37633241758241764 -0.2606043956043955
19128 -0.8312037037037036 -0.29041666666666677
19132 -0.1225480769230769 -0.06916666666666665
19144 -0.08787137452711202 -0.09316176470588222
19149 -16.1255 -1.2155555555555557
19155 -296.2092857142857 -27.761707317073167
19165 -0.12059640522875825 -0.18421568627451002
19174 -2.3161538461538465 -1.1324761904761906
19175 -0.19759259259259276 -0.03990476190476189
19180 -0.20537313432835802 -0.25027450980392174
19188 -0.15842836257309934 -0.11953216374269005
19190 -3.7616327985739737 -0.23401098901098882
19195 -0.07452083333333337 -0.026291666666666658
19205 -0.9016111111111111 -0.6005
19207 -0.6817948717948721 -0.6639010989010988
19209 -0.3305128205128207 -1.459358974358974
1921 -0.2950425613707507 -0.06429437229437229
19211 -0.963080357142857 -0.23017857142857145
19212 -0.5147222222222223 -0.6026458333333333
19220 -3.3638484848484858 -0.7668181818181818
19230 -0.5181410256410255 -0.3096794871794871
19246 -0.42386446886446905 -0.17832417582417603
19274 -0.6053146853146852 -0.3405244755244756
19282 -22.559741071428572 -1.4409848484848486
19308 -0.14804166666666663 -0.08399999999999996
19317 0.09000000000000008 -0.12269230769230743
19322 -1.1686378205128207 -0.316514423076923
19323 -2.007121212121212 0.529040404040404
19332 -0.43582824760244065 0.3747777777777779
19334 -0.2845512820512821 -0.20961538461538465
19336 -0.20120499108734413 -0.1576923076923077
19338 -0.10832107843137262 -0.21601102941176475
19339 -0.3773659673659673 -0.20821678321678339
19341 -1.076686046511627 -0.2231428571428573
19346 -0.4102744148506865 -0.3583750000000001
19347 -0.7604285714285712 -0.6835476190476186
19350 -0.19626984126984093 -0.4477976190476187
19352 -0.1507538802660755 -0.0888809523809524
19353 -17.866885135135135 -2.301348148148148
19359 -0.5901351351351352 -0.5578956521739133
19361 -0.15426923076923094 -0.19364102564102548
19365 -0.2114303959131545 -0.045809523809523744
19377 -0.22749326145552562 -0.049935897435897436
19381 -1.5807272727272732 -0.819734848484849
19389 -0.4630929487179486 -0.11647435897435898
19399 -1.3739456521739133 -0.9709557945041818
19408 -0.27054719562243523 -0.1398601398601398
19414 -0.37134920634920654 -0.11369047619047623
19417 -0.4181818181818182 -0.39689393939393947
19424 -0.42833333333333323 -0.11025641025641025
19425 -0.10851010101010106 -0.0035984848484849064
19434 -1.580700431034483 -1.0369545454545452
19449 -0.17032828282828283 -0.3287121212121211
19459 -0.260521064301552 0.11311904761904756
19461 -0.32241860465116257 -0.34750000000000003
19467 -0.06946386946386951 -0.16772727272727295
19468 -0.6104117647058824 -0.4816078431372548
19484 -0.07628369704749693 -0.14721428571428574
19490 -0.5004464285714286 -0.41999999999999993
19492 -0.3171581196581196 -0.37926282051282056
19499 -1.8856593406593405 -0.3294505494505494
19501 -0.5582983682983684 0.35986013986013954
19517 -0.05518796992481201 -0.09637820512820505
19518 -0.2805946458185262 -0.15628676470588232
19523 -0.16500816993464074 -0.12150326797385624
19525 -0.9855455712451859 -0.6353948832035592
19531 -0.45869318181818164 0.04174242424242425
19543 -6.050277777777777 -5.537424242424243
19545 -0.1873076923076923 -0.05099358974358981
19552 -0.4015909090909091 -0.27636363636363637
19555 -0.8603846153846151 -0.4738392857142859
19556 -0.8787292464878672 -0.18404761904761902
19557 -0.15122510822510726 -0.11101307189542475
19559 -0.37291666666666656 -0.23297619047619045
19565 -0.5257211538461539 -0.0005128205128204222
19573 -0.1632852564102566 -0.22794871794871807
19575 -0.22166964285714286 -0.2689772727272728
1958 -0.00799810471452278 -0.0894117647058823
19582 -0.14566287878787865 -0.08840909090909088
19593 -0.3524160246533128 -0.379142857142857
19596 -1.3674494949494949 -0.24018939393939398
19604 -0.7823660714285718 -0.28882575757575757
19616 -8.36164864864865 -3.2550274725274724
19619 -0.06379711751662986 -0.2660238095238092
19625 -0.32129157427937927 -0.14714285714285713
19626 -27.921641025641026 -3.6153846153846163
19632 -0.8190317460317458 -0.09542857142857142
19636 -3.338661616161618 -0.7498106060606062
19652 -0.4691515151515151 -0.36145454545454536
19658 -10.326 -1.1659999999999997
19668 -0.5212515905147483 -0.18382246376811606
19689 -0.31612877583465826 0.014227330779055025
19690 -0.26621794871794835 -0.05554945054945071
19702 -0.8976969696969698 -0.42693181818181825
19708 -1.2549145299145303 -0.6327747252747254
19723 -0.8156878306878308 -0.3843253968253968
19742 -0.22406060606060596 -0.25986363636363663
19757 -0.31666666666666665 -0.10144444444444456
19764 -0.34196969696969703 -0.07257575757575763
19769 -0.5877777777777776 -0.7807222222222221
19772 -1.0022893772893775 -1.0154395604395605
19775 -5.559388888888888 -2.561666666666667
19776 -4.428083333333332 -0.2693333333333332
19778 -0.5941944444444444 -0.15599999999999992
1978 -0.043801742919389874 -0.592401960784314
19784 -0.1482539682539683 0.03410714285714267
19787 -0.4293181818181815 -0.469810606060606
1979 -0.07406037735849069 -0.007189542483660327
19791 -0.1787878787878785 -0.24443181818181792
19793 -0.06952380952380954 -0.3433653846153846
19804 -0.4627450980392156 -0.04147058823529415
19818 -1.258443223443223 -0.2844505494505494
19821 -1.0145370370370372 -0.25569444444444445
19825 -0.7471587057010786 -0.05019047619047634
19848 0.09083148558758292 -0.1485000000000002
19899 -131.78699999999998 -23.89383333333333
1991 -0.12259259259259248 -0.13767543859649134
19913 -3.525858585858586 -3.7347474747474747
19940 -17.848359788359787 -11.34063492063492
19953 -26.830357142857142 -8.821250000000001
19968 -67.0700892857143 -63.3120568561873
19969 -5.07856157635468 -4.24425
1998 -0.14531250000000007 -0.06327861579414384
19986 -0.2936620689655174 -0.3405952380952382
19987 -0.3567307692307691 -0.2014999999999998
19990 -0.2741014120667523 -0.8042307692307692
19992 -6.227142857142857 -2.2857142857142856
2000 -21.78523897058823 -100.16235294117647
20033 -0.33294871794871794 -1.2638076923076926
20039 -4.541666666666666 -2.7516666666666665
20040 -1.0753703703703703 -0.7438888888888889
20043 -0.9502525252525253 -0.7476136363636363
20046 -2.084040404040404 -0.8828409090909092
20047 -0.17887931034482762 -0.01152709359605919
20048 -1.3212698412698411 -2.087698412698413
20051 -6.555972222222222 -2.198541666666667
20064 -54.839444444444446 -16.21299331103679
20065 -0.304736111111111 -0.17127083333333348
20084 -4.492010582010582 -2.674206349206349
20088 -2.5426909090909096 -1.7714727272727278
20090 -2.058277777777777 -0.5462777777777776
20097 -2.1277104377104377 -1.2026767676767678
20104 -0.40583333333333327 -0.2723214285714287
20106 -0.21959259259259267 -0.1346666666666666
20111 -28.222698412698406 -12.008809523809523
20125 -2.3171245421245423 -1.1278333333333337
20128 -0.8579999999999999 -0.5447500000000001
20141 -0.08437710437710433 -0.3504545454545457
20142 -1.656394088669951 -0.9145904761904765
20144 -1.6158928571428568 -1.5463392857142857
20152 -0.9310909090909092 -1.426818181818182
2017 -0.2569852941176469 -0.4185294117647058
20183 -1.2043097643097642 -0.8271717171717177
20184 -0.1811111111111111 -1.2365277777777788
20185 -0.6728535353535355 -0.17246212121212112
20186 -0.27425925925925926 -0.16661111111111104
20191 -1.2070555555555558 -0.27482517482517466
20208 -0.035250000000000226 1.6859539473684209
20227 -0.361851851851852 -1.0294444444444446
20231 -0.31697009966777423 -0.17212121212121212
20232 -0.9943478260869564 -0.9673611111111111
20245 -0.13245370370370363 -0.3572222222222223
20257 -0.47090909090909083 -0.13541666666666663
20262 -0.6968170426065161 -0.20936363636363642
20267 -0.12605843768634462 -0.2679090909090911
20268 -0.3122245989304815 -0.26335164835164826
20272 -0.08785208012326629 -0.11819047619047629
20273 -0.09986111111111129 -0.2117763157894736
20276 -0.8117105263157898 -0.30013986013986016
20278 -0.9765615763546796 -0.3793333333333334
2030 -0.47994680851063887 -0.36558333333333337
2031 -4.7670972222222225 -4.060895833333334
20316 -0.5610033259423501 -0.369833333333333
20319 -0.7801480263157896 -0.23013986013986032
20331 -0.36220735785953195 -0.42319444444444465
20345 -0.35903010033444804 -0.8070833333333332
20350 0.11574074074074092 -1.4737500000000001
20364 -1.5246153846153845 -0.8505555555555557
20376 -0.5985648148148144 -1.3200694444444443
20386 -0.6023491379310344 -0.2641363636363636
20391 -0.4028125 -0.03410714285714289
20397 -2.1587301587301586 -0.23619047619047612
20399 -0.4242129629629632 -0.003472222222222321
20400 -0.3024999999999999 -0.4503571428571429
20408 -0.22984848484848497 -0.44367424242424247
2041 -0.12530075187969947 -0.4721249999999999
20411 -0.3347777777777774 -0.25775000000000003
20420 0.4706349206349216 3.7632142857142856
20430 -1.10531746031746 -2.370595238095238
20431 -0.21026515151515168 -0.24893939393939402
20432 -0.4117129629629629 -0.7132638888888889
20434 -0.29273148148148165 -0.2577083333333332
20447 -0.5922499999999999 -0.019909090909090932
20467 -3.0811363636363636 -1.0373611111111112
20470 -4.2821428571428575 -6.144642857142857
20476 -2.5796480331262943 -0.2889440993788819
20480 -1.1250833333333332 0.07962499999999983
20491 -2.0737499999999995 -1.7502083333333338
20497 -0.3312222222222223 -0.5504166666666667
20501 -0.8035714285714286 -0.0932857142857142
20514 -0.97102380952381 -0.09995238095238079
20528 -7.011307692307692 -8.978015873015872
20533 -0.2963492063492065 -0.5134523809523811
20536 -0.17466666666666664 -0.02999999999999997
20541 -0.7410185185185185 -0.695416666666667
20542 -0.33891666666666664 -0.12912500000000005
20545 -0.2797948717948717 -0.47394871794871807
20553 -0.24704761904761907 -1.1769999999999998
20557 -0.09703504043126676 -0.3506043956043958
20560 -0.1257434210526318 -0.08805263157894738
20562 -0.44922168545356933 -0.2269671179883943
20572 -1.1330357142857146 -0.5837499999999998
20575 -0.645892857142857 0.2108035714285723
20578 -0.7288888888888889 -0.1407575757575752
20580 -0.03359848484848482 -0.16984848484848492
20581 -1.5288888888888892 -0.8175000000000001
20588 -1.772074074074074 -0.5863333333333332
20590 -0.2377941176470586 -0.29189075630252104
20592 -0.5122518518518516 -0.13994505494505516
20596 -0.8817894736842109 -0.5763461538461536
20608 -0.7427272727272727 -0.23000000000000032
20613 -0.6927777777777777 -0.1566666666666665
20625 -17.764017857142857 -4.5683928571428565
20639 -0.2645791245791248 -0.020202020202020332
20663 -0.3242222222222222 -0.23933333333333318
20677 -1.3755357142857143 -3.081488095238095
20678 -0.38683023872679057 -0.21466666666666667
20685 -0.33685714285714263 -0.10014285714285731
20687 -0.5706944444444448 -2.8710416666666667
20690 -0.474694444444445 -0.5808888888888888
20704 -0.08837037037037043 -0.14283333333333337
20709 -0.04732638888888885 -0.3209722222222222
20721 -0.7996428571428573 -0.11187499999999995
20722 -1.1642857142857141 -0.5507142857142857
20723 -0.09399038461538467 -0.1479487179487179
20725 -0.21197916666666683 -0.09527407407407418
20726 0.0346218487394957 -0.8574747474747475
20744 -0.7961688311688311 -0.8260000000000002
20750 -1.541957894736842 -1.1255555555555552
20764 -1.1167460317460316 -1.1754464285714286
20768 -0.4572421052631581 -0.9191666666666665
2078 -0.009271698113207716 -0.11684640522875811
20787 -0.24587878787878803 -0.2844545454545453
20788 -0.17172348484848488 -0.002272727272727204
2079 -0.052995642701525236 -0.30619281045751623
20805 -0.06770833333333331 -0.27000000000000024
2081 -0.12184095860566446 -0.2392320261437908
20821 -0.31469265367316335 -0.16425000000000012
20825 -0.7505208333333333 0.002777777777777768
20828 -0.36888888888888904 -0.13875000000000004
20829 -0.16133333333333327 -0.897
20830 -0.5803333333333334 -0.0431666666666668
20834 -0.1757777777777778 -0.8488333333333333
20838 -8.33775 -0.8918333333333326
20842 -0.22375 -0.7154444444444443
20844 -0.4314374999999999 -0.2290000000000001
20862 -0.9083333333333333 -0.7137500000000001
20866 -0.12636363636363646 -0.8211818181818182
20867 -0.3077777777777778 -0.3390000000000002
20870 -1.0068350168350169 -0.8645454545454545
20874 -0.15583333333333327 0.8166666666666667
20877 -1.7980555555555555 -0.48750000000000004
20882 -0.8113545150501671 -0.2082745098039216
20889 -0.2788359788359789 -0.6218253968253968
20891 -0.27990675990675973 -0.13650349650349636
20895 -0.39166666666666683 -0.08499999999999996
20896 -1.3069999999999997 -0.41412499999999985
20915 -0.14466063348416314 -0.21861538461538454
20916 -0.21669580419580425 -0.2905594405594407
20920 -0.38954166666666645 -0.19606060606060605
20921 -0.1135294117647061 0.5234733893557423
20923 -0.27380585516178746 -0.08357142857142863
20926 0.022395833333333393 0.019393939393939075
20928 -0.2843749999999998 -0.20833333333333331
20932 -0.954046052631579 -0.5292753623188406
20934 -0.6692857142857143 -0.454642857142857
20936 0.05162575013638859 -0.14949999999999997
20953 -1.3780000000000001 -0.14071428571428568
20961 -0.37092592592592577 -0.6508888888888889
20964 -0.5755555555555556 0.10812499999999992
20965 -0.45439814814814794 -0.48041666666666694
20971 -0.3116923076923075 -0.12309808612440176
20994 -0.10854166666666676 -0.4770833333333331
20998 -0.2673015873015874 -0.1407142857142858
21001 -0.10745454545454536 -0.5091818181818186
21006 -1.0218981481481482 -1.4574305555555558
21013 -0.2143645320197045 -0.2509166666666667
2102 -8.013003337041157 -28.165833333333328
21027 -1.2087090909090907 -0.7508333333333335
21033 -1.1255952380952374 -2.404910714285715
21034 -10.25 -4.452222222222223
21042 -1.6866666666666668 -0.6658333333333333
21046 -0.12367424242424252 -0.16045454545454563
21060 -0.1218055555555555 -0.0024444444444443603
