results/band_fits/with_ext/sdss_sako18_mcmc_fit_fits.ecsv
# %ECSV 0.9
# ---
# datatype:
# - {name: obj_id, datatype: string}
# - {name: message, datatype: string}
# - {name: band, datatype: string}
# - {name: source, datatype: string}
# - {name: pre_max, datatype: int64}
# - {name: post_max, datatype: int64}
# - {name: vparams, datatype: string}
# - {name: mwebv, datatype: float64}
# - {name: c, datatype: float64}
# - {name: x1, datatype: float64}
# - {name: z, datatype: float64}
# - {name: amplitude, datatype: float64}
# - {name: t0, datatype: float64}
# - {name: mwebv_err, datatype: float64}
# - {name: c_err, datatype: float64}
# - {name: x1_err, datatype: float64}
# - {name: z_err, datatype: float64}
# - {name: amplitude_err, datatype: float64}
# - {name: t0_err, datatype: float64}
# - {name: chisq, datatype: float64}
# - {name: ndof, datatype: float64}
# - {name: b_max, datatype: float64}
# - {name: delta_15, datatype: float64}
# meta: !!omap
# - band_names: !!python/tuple [sdss_sako18_u1, sdss_sako18_u2, sdss_sako18_u3, sdss_sako18_u4, sdss_sako18_u5, sdss_sako18_u6, sdss_sako18_g1,
#     sdss_sako18_g2, sdss_sako18_g3, sdss_sako18_g4, sdss_sako18_g5, sdss_sako18_g6, sdss_sako18_r1, sdss_sako18_r2, sdss_sako18_r3,
#     sdss_sako18_r4, sdss_sako18_r5, sdss_sako18_r6, sdss_sako18_i1, sdss_sako18_i2, sdss_sako18_i3, sdss_sako18_i4, sdss_sako18_i5,
#     sdss_sako18_i6, sdss_sako18_z1, sdss_sako18_z2, sdss_sako18_z3, sdss_sako18_z4, sdss_sako18_z5, sdss_sako18_z6]
# - lambda_eff: !!python/tuple [3551, 3551, 3551, 3551, 3551, 3551, 4686, 4686, 4686, 4686, 4686, 4686, 6166, 6166, 6166, 6166, 6166,
#     6166, 7480, 7480, 7480, 7480, 7480, 7480, 8932, 8932, 8932, 8932, 8932, 8932]
# - {fit_func: mcmc_fit}
# - {out_path: /global/u1/d/djp81/Photometric-Classification/results/band_fits/with_ext/sdss_sako18_mcmc_fit_fits.ecsv}
# schema: astropy-2.0
obj_id message band source pre_max post_max vparams mwebv c x1 z amplitude t0 mwebv_err c_err x1_err z_err amplitude_err t0_err chisq ndof b_max delta_15
[from data line 4796]
13025 NONE sdss_sako18_z4 sn91bg 2 17 amplitude,x1,c 0.06735414411455247 0.5369897708189117 0.9060681504941296 0.222864 3.047397080932691e-17 2453996.039268675 "" 0.28198738892289377 0.1707092722146017 "" 2.6715945564782367e-17 "" 31.79 16.0 -16.2 1.778
13025 NONE sdss_sako18_z5 sn91bg 2 20 amplitude,x1,c 0.06735414411455247 0.5130132073457705 0.9075840467912456 0.222864 1.1508367840633261e-17 2453996.039268675 "" 0.2920586782923394 0.17080054020656282 "" 1.9042508904358477e-17 "" 12.81 19.0 -15.19 1.776
13027 NONE all hsiao_x1 25 89 z,t0,amplitude,x1 0.09256087856703223 "" -6.218066519644308e-05 0.22500917439683257 2.0859572550772967e-09 2454006.7371412385 "" "" 9.338960592378375e-05 3.42031637251878e-05 1.807958588929131e-11 0.0022594871388437266 1476.82 105.0 3.0 1.05
13027 NONE sdss_sako18_g5 hsiao_x1 5 18 amplitude,x1 0.09256087856703223 "" 0.4760096384831396 0.22500917439683257 -7.789432729638126e-06 2454006.7371412385 "" "" 0.025215233933070152 "" 3.8541441099332254e-05 "" 487.81 20.0 -14.86 0.54
13027 NONE sdss_sako18_i5 hsiao_x1 5 18 amplitude,x1 0.09256087856703223 "" 0.44393470425964543 0.22500917439683257 -2.7666238033720436e-05 2454006.7371412385 "" "" 0.04747518823448567 "" 3.704402511319701e-05 "" 146.0 20.0 -17.61 0.562
13027 NONE sdss_sako18_r5 hsiao_x1 5 18 amplitude,x1 0.09256087856703223 "" 0.46673680855640476 0.22500917439683257 -8.531861652711802e-06 2454006.7371412385 "" "" 0.03074094041658224 "" 4.141115974634738e-05 "" 464.68 20.0 -15.06 0.546
13027 NONE sdss_sako18_u5 hsiao_x1 5 17 amplitude,x1 0.09256087856703223 "" 0.3254984448187405 0.22500917439683257 1.502926146071539e-05 2454006.7371412385 "" "" 0.13627622637964087 "" 7.679159503006393e-05 "" 97.08 19.0 -16.29 0.656
13027 NONE sdss_sako18_z5 hsiao_x1 5 18 amplitude,x1 0.09256087856703223 "" 0.25211852270790125 0.22500917439683257 -3.4250809680737766e-05 2454006.7371412385 "" "" 0.20475140893297342 "" 4.606671647111499e-05 "" 36.54 20.0 -18.08 0.725
13027 NONE all sn91bg 35 79 z,t0,amplitude,x1,c 0.09256087856703223 0.5500151599334526 0.9999874842899759 0.22499732019444696 3.788658379978355e-16 2454011.7389443084 "" 8.757186900792217e-05 5.170433628662432e-05 3.09139422766198e-05 4.133482541439301e-18 0.0018834671688761273 3492.28 104.0 -19.02 1.661
13027 NONE sdss_sako18_g5 sn91bg 7 16 amplitude,x1,c 0.09256087856703223 0.6153117962657134 1.2390065025706996 0.22499732019444696 5.552802545840936e-16 2454011.7389443084 "" 0.24878700179326801 0.011128913268553203 "" 3.104595184907064e-16 "" 228.22 19.0 -19.51 1.453
13027 NONE sdss_sako18_i5 sn91bg 7 16 amplitude,x1,c 0.09256087856703223 0.49961189541974865 1.2257208004824578 0.22499732019444696 7.291376234400365e-17 2454011.7389443084 "" 0.28976036587965215 0.02080289984223877 "" 1.5738402030576876e-17 "" 107.62 19.0 -17.5 1.462
13027 NONE sdss_sako18_r5 sn91bg 7 16 amplitude,x1,c 0.09256087856703223 0.5798529124944957 1.2380202770849458 0.22499732019444696 1.2480418321644726e-16 2454011.7389443084 "" 0.29423530379535895 0.012556092074114213 "" 3.9683898199550726e-17 "" 196.25 19.0 -17.96 1.454
13027 NONE sdss_sako18_u5 sn91bg 7 15 amplitude,x1,c 0.09256087856703223 0.6666813396304245 1.2093701548790667 0.22499732019444696 5.332554015269718e-15 2454011.7389443084 "" 0.25019204476567686 0.04416281191980464 "" 3.1179853725770998e-15 "" 51.56 18.0 -21.84 1.474
13027 NONE sdss_sako18_z5 sn91bg 7 16 amplitude,x1,c 0.09256087856703223 0.5485341526016773 1.114480816437154 0.22499732019444696 7.857581559246352e-17 2454011.7389443084 "" 0.283451477816394 0.11540354072101452 "" 2.1568493557453103e-17 "" 34.38 19.0 -17.41 1.55
13033 NONE all hsiao_x1 30 89 t0,amplitude,x1 0.04679766691483099 "" -1.3126591877047905e-05 0.280688 2.181705894800375e-09 2454012.5895584305 "" "" 9.653946692603202e-05 "" 2.058663020172074e-11 0.0010145641243206316 975.88 111.0 2.36 1.05
13033 NONE sdss_sako18_g6 hsiao_x1 6 18 amplitude,x1 0.04679766691483099 "" 0.4807876298165561 0.280688 8.933793472078602e-06 2454012.5895584305 "" "" 0.01734813101135846 "" 4.2971965214874477e-05 "" 477.4 21.0 -15.7 0.537
13033 NONE sdss_sako18_i6 hsiao_x1 6 18 amplitude,x1 0.04679766691483099 "" 0.4041640924707708 0.280688 2.0487860850945434e-05 2454012.5895584305 "" "" 0.08404319644714656 "" 2.7842425012724655e-05 "" 90.59 21.0 -17.51 0.592
13033 NONE sdss_sako18_r6 hsiao_x1 6 17 amplitude,x1 0.04679766691483099 "" 0.4586847225577556 0.280688 9.11245681631983e-09 2454012.5895584305 "" "" 0.03516579174667963 "" 3.415478617277703e-05 "" 206.11 20.0 -0.75 0.552
13033 NONE sdss_sako18_u6 hsiao_x1 6 18 amplitude,x1 0.04679766691483099 "" 0.26519985519113154 0.280688 1.5415208779639278e-07 2454012.5895584305 "" "" 0.13177226245929075 "" 9.435332169718001e-05 "" 81.65 21.0 -6.89 0.712
13033 NONE sdss_sako18_z6 hsiao_x1 6 18 amplitude,x1 0.04679766691483099 "" 0.3119690142666638 0.280688 -1.89357387984447e-05 2454012.5895584305 "" "" 0.1878475984828523 "" 4.400208931216719e-05 "" 43.49 21.0 -17.34 0.668
13033 NONE all sn91bg 30 89 t0,amplitude,x1,c 0.04679766691483099 0.5500207329108687 1.0000454955560467 0.280688 6.040316933942345e-16 2454011.5825062864 "" 0.00012667718197119956 7.27994695676552e-05 "" 4.9714891676720234e-18 0.00137931364012867 6989.14 110.0 -20.07 1.661
13033 NONE sdss_sako18_g6 sn91bg 6 18 amplitude,x1,c 0.04679766691483099 0.6674190176273566 1.2433912068672721 0.280688 9.017101460878086e-16 2454011.5825062864 "" 0.23187733206218075 0.006266448329824253 "" 4.731089632648419e-16 "" 216.93 20.0 -20.49 1.45
13033 NONE sdss_sako18_i6 sn91bg 6 18 amplitude,x1,c 0.04679766691483099 0.5585806255328241 1.126475503860093 0.280688 5.354467262746681e-17 2454011.5825062864 "" 0.2812499398992093 0.1299867007626582 "" 1.5859472292515428e-17 "" 83.77 20.0 -17.53 1.54
13033 NONE sdss_sako18_r6 sn91bg 6 17 amplitude,x1,c 0.04679766691483099 0.6334909503739766 1.2266487316531223 0.280688 1.0108347572075963e-16 2454011.5825062864 "" 0.27435044147248844 0.0237039313435002 "" 3.605038586123604e-17 "" 131.64 19.0 -18.16 1.462
13033 NONE sdss_sako18_u6 sn91bg 6 18 amplitude,x1,c 0.04679766691483099 0.6805905852413173 1.1907424721710576 0.280688 6.906250606254066e-15 2454011.5825062864 "" 0.24645656317089537 0.06729731977583256 "" 4.055258128620605e-15 "" 48.18 20.0 -22.63 1.488
13033 NONE sdss_sako18_z6 sn91bg 6 18 amplitude,x1,c 0.04679766691483099 0.4913125003054946 0.9842489481641332 0.280688 5.73396219749511e-17 2454011.5825062864 "" 0.29003157851246814 0.17830028543094717 "" 2.6994970767584135e-17 "" 41.21 20.0 -17.61 1.679
13035 NONE all hsiao_x1 5 110 t0,amplitude,x1 0.06451779177343787 "" 0.034184757836465574 0.02967 -2.4278483554507756e-05 2453977.659769511 "" "" 0.28860832843243195 "" 5.588632701754775e-05 6.600192468484218 769.83 107.0 -12.65 0.996
13035 NONE sdss_sako18_g6 hsiao_x1 1 22 amplitude,x1 0.06451779177343787 "" 0.4170433372394754 0.02967 -4.583012872991502e-05 2453977.659769511 "" "" 0.06032908836329637 "" 1.5159855618759883e-06 "" 15.86 20.0 -14.03 0.582
13035 NONE sdss_sako18_i6 hsiao_x1 1 22 amplitude,x1 0.06451779177343787 "" 0.17073875917197298 0.02967 -7.417033449792468e-05 2453977.659769511 "" "" 0.11480048092102058 "" 3.0096019357236976e-06 "" 17.55 20.0 -15.07 0.813
13035 NONE sdss_sako18_r6 hsiao_x1 1 22 amplitude,x1 0.06451779177343787 "" 0.22498090403321963 0.02967 -5.822575222121057e-05 2453977.659769511 "" "" 0.11547214049549527 "" 2.285542688301742e-06 "" 38.39 20.0 -14.55 0.753
13035 NONE sdss_sako18_u6 hsiao_x1 1 22 amplitude,x1 0.06451779177343787 "" -0.03567021117526767 0.02967 4.182663986350798e-06 2453977.659769511 "" "" 0.2991795393401851 "" 3.639993035800817e-05 "" 25.05 20.0 -8.83 1.112
13035 NONE sdss_sako18_z6 hsiao_x1 1 22 amplitude,x1 0.06451779177343787 "" 0.2947611288798981 0.02967 -3.1514161413808985e-05 2453977.659769511 "" "" 0.16947834622738725 "" 7.45787085351129e-05 "" 51.57 20.0 -13.22 0.684
13035 NONE all sn91bg 5 110 t0,amplitude,x1,c 0.06451779177343787 0.05500649328001471 1.2103978880657715 0.02967 1.0849506051832497e-16 2453980.029117198 "" 0.053342378777307 0.040590184766145565 "" 9.664381332865123e-18 0.6357148689119682 170.99 106.0 -14.12 1.474
13035 NONE sdss_sako18_g6 sn91bg 1 22 amplitude,x1,c 0.06451779177343787 0.5400223935669339 1.191039794520679 0.02967 2.9419743178992095e-16 2453980.029117198 "" 0.28500531997547013 0.05315898803277673 "" 1.2829293621104112e-16 "" 39.01 19.0 -14.24 1.488
13035 NONE sdss_sako18_i6 sn91bg 1 22 amplitude,x1,c 0.06451779177343787 0.5085977628327413 1.1431451169299602 0.02967 1.5088041505467245e-16 2453980.029117198 "" 0.272402729956992 0.11187413362820012 "" 4.331817362099968e-17 "" 26.85 19.0 -13.53 1.526
13035 NONE sdss_sako18_r6 sn91bg 1 22 amplitude,x1,c 0.06451779177343787 0.5347268709539349 1.1467000465485933 0.02967 1.619539703258423e-16 2453980.029117198 "" 0.28015875273227975 0.09012904550254776 "" 4.0446516988915516e-17 "" 48.8 19.0 -13.56 1.524
13035 NONE sdss_sako18_u6 sn91bg 1 22 amplitude,x1,c 0.06451779177343787 0.7382436374098728 0.8999728512303238 0.02967 1.5677716640287031e-15 2453980.029117198 "" 0.22770896265246035 0.1720794337138518 "" 1.236400864814281e-15 "" 21.72 19.0 -15.42 1.786
13035 NONE sdss_sako18_z6 sn91bg 1 22 amplitude,x1,c 0.06451779177343787 0.4539639915890628 0.9544091144810752 0.02967 2.852345043069988e-16 2453980.029117198 "" 0.2835334560735235 0.1741375414729056 "" 1.146434560352146e-16 "" 33.13 19.0 -14.18 1.715
13038 NONE all hsiao_x1 5 99 t0,amplitude,x1 0.033158062138110345 "" 0.14265419208792862 0.102644 -0.00012778094037453472 2453989.280235578 "" "" 0.10246711794849113 "" 4.371160068760666e-05 3.1389157468612305 1855.15 101.0 -19.06 0.847
13038 NONE sdss_sako18_g5 hsiao_x1 1 20 amplitude,x1 0.033158062138110345 "" 0.22845470420484368 0.102644 -0.0001346988270588004 2453989.280235578 "" "" 0.016765273108377023 "" 1.0584140550338707e-06 "" 63.0 19.0 -19.18 0.749
13038 NONE sdss_sako18_i5 hsiao_x1 1 20 amplitude,x1 0.033158062138110345 "" 0.1738804943521236 0.102644 -0.00013725256144215303 2453989.280235578 "" "" 0.022289202724833795 "" 1.1544166642223646e-06 "" 32.88 19.0 -19.22 0.809
13038 NONE sdss_sako18_r5 hsiao_x1 1 20 amplitude,x1 0.033158062138110345 "" 0.12485784372339646 0.102644 -0.00014592875267261228 2453989.280235578 "" "" 0.013270359768568381 "" 7.352214213276304e-07 "" 48.23 19.0 -19.35 0.869
13038 NONE sdss_sako18_u5 hsiao_x1 1 19 amplitude,x1 0.033158062138110345 "" -0.07671949101441879 0.102644 -0.00014751451484047414 2453989.280235578 "" "" 0.053911127183881476 "" 6.792371091764409e-06 "" 8.86 18.0 -19.38 1.19
13038 NONE sdss_sako18_z5 hsiao_x1 1 20 amplitude,x1 0.033158062138110345 "" 0.2487485299745536 0.102644 -0.00011819301713693029 2453989.280235578 "" "" 0.1017298208376771 "" 4.293890793531693e-06 "" 11.13 19.0 -18.89 0.728
13038 NONE all sn91bg 10 94 t0,amplitude,x1,c 0.033158062138110345 0.005979997175853309 1.2462455828193268 0.102644 4.2593376273267183e-16 2453995.4760947046 "" 0.01627316839724146 0.0037858762664357533 "" 2.123773701095112e-17 2.2735431309035046 8312.02 100.0 -18.53 1.448
13038 NONE sdss_sako18_g5 sn91bg 2 19 amplitude,x1,c 0.033158062138110345 0.06386216381111359 1.2474021530878485 0.102644 8.139662926573844e-16 2453995.4760947046 "" 0.05049274896531814 0.002261078134954628 "" 7.530574311240905e-17 "" 1628.79 18.0 -19.13 1.447
13038 NONE sdss_sako18_i5 sn91bg 2 19 amplitude,x1,c 0.033158062138110345 0.40510029666365566 1.2464268912340235 0.102644 3.4604596547595687e-16 2453995.4760947046 "" 0.28929598344262847 0.0031690266712725698 "" 6.115970285839379e-17 "" 755.53 18.0 -17.54 1.448
13038 NONE sdss_sako18_r5 sn91bg 2 19 amplitude,x1,c 0.033158062138110345 0.3790497214330907 1.2464315736193567 0.102644 6.881489657002387e-16 2453995.4760947046 "" 0.26492037876900226 0.0034358111679332268 "" 1.6153035475473155e-16 "" 1156.37 18.0 -18.34 1.448
13038 NONE sdss_sako18_u5 sn91bg 2 18 amplitude,x1,c 0.033158062138110345 0.4958896329357804 0.8660626435647398 0.102644 5.280067745389057e-15 2453995.4760947046 "" 0.2823238614013666 0.14900838479686226 "" 3.799788504773475e-15 "" 41.43 17.0 -19.99 1.835
13038 NONE sdss_sako18_z5 sn91bg 2 19 amplitude,x1,c 0.033158062138110345 0.49162265532302957 1.209698353978062 0.102644 2.3469144104521226e-16 2453995.4760947046 "" 0.2895878654747889 0.0383356476638494 "" 2.3450958197177467e-17 "" 57.13 18.0 -16.9 1.474
13040 NONE all hsiao_x1 0 110 t0,amplitude,x1 0.030533201480895694 "" 0.1382455869478792 0.07608 8.880248780604229e-05 2453970.9231691505 "" "" 0.4153129008925088 "" 1.4238013790324077e-05 7.367332572345578 1012.13 102.0 -17.58 0.852
13040 NONE sdss_sako18_g5 hsiao_x1 0 22 amplitude,x1 0.030533201480895694 "" 0.47702225150465494 0.07608 5.317002904895651e-05 2453970.9231691505 "" "" 0.021917767101932058 "" 1.8136352037468567e-06 "" 72.51 19.0 -16.47 0.539
13040 NONE sdss_sako18_i5 hsiao_x1 0 22 amplitude,x1 0.030533201480895694 "" 0.1390831466031158 0.07608 0.00011195052061248239 2453970.9231691505 "" "" 0.03532826667906855 "" 2.16259853202943e-06 "" 62.75 19.0 -18.09 0.851
13040 NONE sdss_sako18_r5 hsiao_x1 0 22 amplitude,x1 0.030533201480895694 "" 0.4738484679037716 0.07608 7.77382384396101e-05 2453970.9231691505 "" "" 0.02291062652726833 "" 1.1425028177896888e-06 "" 74.82 19.0 -17.29 0.542
13040 NONE sdss_sako18_u5 hsiao_x1 0 22 amplitude,x1 0.030533201480895694 "" 0.011308382319324434 0.07608 2.680248620526899e-06 2453970.9231691505 "" "" 0.2965330641774352 "" 2.7364746270800738e-05 "" 27.95 19.0 -9.98 1.032
13040 NONE sdss_sako18_z5 hsiao_x1 0 22 amplitude,x1 0.030533201480895694 "" 0.11411735727296134 0.07608 0.00011281027526850554 2453970.9231691505 "" "" 0.11249623619806168 "" 7.342541616976923e-06 "" 14.43 19.0 -18.1 0.883
13040 NONE all sn91bg 5 105 t0,amplitude,x1,c 0.030533201480895694 0.36818339503356096 1.2332853291684729 0.07608 2.6171168161897027e-16 2453981.508228377 "" 0.06274643076661839 0.021677384815032476 "" 1.896319656426123e-17 0.3194237455566488 260.38 106.0 -16.61 1.457
13040 NONE sdss_sako18_g5 sn91bg 1 21 amplitude,x1,c 0.030533201480895694 0.5551589555185201 1.0032372687137567 0.07608 7.651562131136338e-16 2453981.508228377 "" 0.3056446895699407 0.23595454866084206 "" 5.424534867489269e-16 "" 110.78 19.0 -17.22 1.658
13040 NONE sdss_sako18_i5 sn91bg 1 21 amplitude,x1,c 0.030533201480895694 0.5068873469913787 1.2320127362993913 0.07608 2.9766169209948914e-16 2453981.508228377 "" 0.2949162080183925 0.017504358810040796 "" 5.216674767296656e-17 "" 68.62 19.0 -16.46 1.458
13040 NONE sdss_sako18_r5 sn91bg 1 21 amplitude,x1,c 0.030533201480895694 0.5813520963747175 1.218722998929022 0.07608 3.127676451116248e-16 2453981.508228377 "" 0.27330086660422825 0.02749601244975832 "" 6.93346686386558e-17 "" 74.5 19.0 -16.37 1.467
13040 NONE sdss_sako18_u5 sn91bg 1 21 amplitude,x1,c 0.030533201480895694 0.7010467404601741 0.913376877976929 0.07608 -1.1589684264051898e-16 2453981.508228377 "" 0.24754880984249994 0.1763615629864009 "" 1.2028114784400631e-15 "" 28.54 19.0 -5.27 nan
13040 NONE sdss_sako18_z5 sn91bg 1 21 amplitude,x1,c 0.030533201480895694 0.5686562778522418 1.0840256882129162 0.07608 3.457113566523171e-16 2453981.508228377 "" 0.28101901258085865 0.11702424340735684 "" 8.644128759683187e-17 "" 18.12 19.0 -16.4 1.576
13044 NONE all hsiao_x1 20 99 t0,amplitude,x1 0.040525384750192954 "" 0.02488754320374685 0.12455 -0.0001191755044708246 2454002.84092308 "" "" 0.07429398263764458 "" 3.2786771722466613e-06 0.27359024451328084 180.86 111.0 -19.36 1.01
13044 NONE sdss_sako18_g5 hsiao_x1 4 20 amplitude,x1 0.040525384750192954 "" 0.016712324110955613 0.12455 -0.00011927458782894722 2454002.84092308 "" "" 0.0171672938434887 "" 8.711182748614999e-07 "" 35.99 21.0 -19.37 1.023
