results/band_fits/with_ext/sdss_sako18_simple_fit_class.ecsv
# %ECSV 0.9
# ---
# datatype:
# - {name: obj_id, datatype: string}
# - {name: x, datatype: float64}
# - {name: y, datatype: float64}
# schema: astropy-2.0
obj_id x y
[from data line 347]
14496 -1.6216666666666666 -0.3433333333333335
14498 -0.03896791767554486 -0.031868421052631546
14500 -0.17322718377512913 -0.0796842105263158
14522 -0.10259569925270695 -0.020119047619047592
14523 -0.12774466921815208 -0.11876190476190462
14524 -0.1651581027667982 -0.15869565217391313
14525 -2.7771744680851063 -1.688658088235294
14528 -0.0716013071895426 -0.2587091503267973
14531 -0.3066049751243778 -0.11554179566563472
14539 0.0020460526315790872 -0.014210526315789451
14540 -1.7636851851851851 -1.5746388888888887
14545 -2.5346623093681915 -0.2543954248366014
14548 -0.7672420634920634 -0.2886440677966101
14549 -0.5693584905660376 -0.10472222222222216
14554 -0.16271186440677976 0.018583333333333396
14561 -0.1499456521739133 -0.1342292490118573
14567 -0.21611660079051398 -0.18608695652173957
1457 -0.04626262626262623 -0.16687229437229423
14579 -0.06322916666666667 -0.06784090909090912
14588 -0.17337450592885373 -0.04899209486166012
14589 -0.004269230769231025 0.009851778656126409
14593 -0.07380764163372866 -0.1915217391304349
1461 -0.14348853016142749 -0.05638888888888882
14617 -0.32518445322793155 -0.5148221343873518
14619 -0.28811503811503814 -0.10192105263157902
14624 -0.4413198312236286 -0.20323684210526305
14635 -0.4668031189083821 -0.25747076023391813
14638 -0.36070188679245296 -0.29344771241830014
1464 -0.7207230392156863 -0.14993464052287597
14644 -0.0759395424836602 -0.36426470588235293
14649 -0.019395833333333057 -0.11902777777777773
14654 -0.25725101482110824 -0.13154074074074074
14671 -0.09759783263094524 -0.008538011695906511
14675 -0.30238970588235303 -0.16409926470588243
14683 -0.5118127659574467 -0.14959558823529406
14708 -0.1809150326797384 -0.031339869281045596
14722 -0.0460620915032679 0.031993464052287535
14727 -0.21330555555555553 -0.05918749999999995
14733 -1.2985845588235292 -0.4070220588235296
14735 -0.5902510638297869 -0.3471323529411763
14750 -1.747193627450981 -0.5223161764705884
14751 -0.0008823529411765563 -0.015349264705882382
14752 -0.16417483660130716 -0.09503267973856205
14753 0.05038011695906419 -0.1510672514619884
14760 -0.05036507936507917 -0.5102857142857141
14763 -0.13848958333333328 -0.23111111111111104
14771 -0.9840849673202616 -0.18949346405228762
1478 -0.29949317738791414 -0.8310233918128649
14782 -5.82856725146199 -4.093908523908524
14784 -1.26577784503632 -1.0960263157894738
14786 -1.7710405717889417 -0.3881372549019604
14790 -0.16395865633074913 -0.11737154150197604
14809 -1.096679653679654 -0.24571895424836576
14815 -42.08274509803921 -20.436290849673203
14816 -10.23779411764706 -8.33764705882353
14821 -0.1213802816901407 -0.08140350877193003
14823 -0.20830188679245287 -0.005833333333333357
14826 -0.2975667189952904 -0.6532352941176467
14827 -0.3715080213903741 -0.04576923076923067
14831 -0.27768749999999986 -0.18745833333333373
14833 -0.23808962607303963 -0.25600000000000045
14844 -0.10573804573804568 -0.05244736842105269
14845 -0.1127350859453995 -0.05746732026143819
14846 -6.747505543237251 -0.5429285714285714
14857 -0.10030956848030026 -0.15307142857142852
14858 -0.20203072196620586 -0.06388080388080386
14863 -0.03391223628691975 -0.044736842105263186
14867 -0.04520750988142297 -0.13286561264822128
14871 -23.802828947368422 -14.347535087719297
14876 -0.1499999999999999 -0.21111111111111103
14883 -0.3766962604250741 -0.052416666666666556
14888 -0.8488012319355602 -0.1364338235294118
14894 -0.26595238095238094 -0.3708095238095239
14900 -0.1564463981849118 -0.04634146341463441
14907 -0.14603571428571427 -0.06961904761904747
14916 -0.1921794871794873 -0.03486842105263177
14925 0.042255905014525696 -0.048003952569170116
14928 -0.10274404761904754 -0.07285714285714284
14937 -0.11488169364881684 -0.07243243243243236
14951 -0.17141206675224652 -0.1705584082156606
14961 -0.11910424710424694 -0.04198830409356713
14963 0.0011737089201878659 -0.040292397660818824
14964 -0.6361358490566034 0.03133986928104571
14965 -0.7574595744680851 -0.6184742647058823
14972 -0.14167070217917677 -0.22947368421052627
14979 -6.8450476190476195 -2.120511904761905
14982 -0.33409774436090256 -0.42172932330826995
14984 -1.9673888888888889 -4.48179166666667
14988 -0.3801656920077976 -0.2268567251461988
14989 -0.6040064102564084 -0.03099190283400821
14996 -0.034095860566448755 -0.09723856209150328
1500 -0.09220779220779218 -0.06715367965367958
15002 -0.9246811945117033 -0.3696666666666668
15003 -0.3059466911764708 -0.06588235294117606
15006 -0.12051172707889124 -0.14904166666666663
15008 -0.21531250000000002 -0.17702205882352917
15018 -0.357561274509804 -0.2637500000000008
15033 -0.3551692456479689 0.009562499999999474
1504 -0.23718753560442085 0.028024447462649427
15048 -1.0159523809523807 -0.09161490683229812
15053 -0.10578431372549024 0.001993464052287619
15055 -0.9279523809523811 -0.22064285714285725
15057 -0.16724264705882352 0.04709558823529414
15071 -0.11600556539337215 -0.12972549019607849
15074 -0.13160845588235293 -0.2834926470588235
15075 -0.17903186274509797 -0.08248161764705886
15080 -0.27187134502924004 -0.16814327485380143
15085 -0.1690624999999999 -0.12979166666666653
15088 -0.04376603773584886 -0.14745098039215687
15093 -0.09318181818181825 -0.055772058823529425
15101 0.016384615384615442 0.02355263157894738
15103 -0.21845833333333342 -0.09416666666666662
15104 -0.08118937897739764 -0.06268884268884267
15108 -0.28063275173428615 -0.20078431372549033
15112 -0.10927083333333343 -0.20954861111111112
15119 -0.22797916666666673 -0.02995833333333331
15120 -0.08707602339181275 -0.032631578947368456
15129 -2.589455337690632 -1.8918954248366031
15132 -9.799150326797387 -5.350196078431373
15136 -2.407079365079365 -3.889833333333333
15137 -0.34277114686040466 -0.2712500000000002
15160 -0.4076838235294119 -0.4118198529411766
15161 -2.1247802197802192 -1.5086538461538461
15170 -0.81422619047619 -0.17538095238095242
15171 -7.18562091503268 -4.759444444444444
15198 -0.12209318996415763 -0.46479334677419337
15201 -0.06096791661026124 -0.24921428571428572
15203 -4.517577369439071 -3.123354166666667
15206 -0.9675918367346936 -0.08425880425880439
15212 -0.12749999999999972 -0.258544891640867
15213 -0.39873611111111107 -0.2977916666666669
15217 -0.10612903225806458 -0.45750000000000024
15219 -1.0747689345314508 -1.1930494505494504
15220 -0.1862591911764705 -0.053639705882353006
15222 -0.9532967032967032 -1.4354120879120877
15226 -0.04668253968253966 -0.43121428571428577
15229 -2.3767894736842115 -0.7399358974358974
15234 -6.003030303030303 -2.9354545454545455
15239 -0.12612745098039224 -0.2429963235294117
15251 -2.4485380116959052 -0.8046486486486488
15254 -0.7585702127659579 -0.7169301470588234
15255 -0.4869172113289757 -0.43681372549019626
15259 -2.4829411764705878 -1.4588786764705883
15260 -1.060343137254902 -1.0824816176470589
15263 -0.33071125975473814 -0.2676143790849672
15268 -0.5903676470588235 -0.2901102941176472
15272 -0.2953650793650793 -0.535857142857143
15286 -1.9405555555555556 -0.015555555555555767
15287 -1.3659740259740265 -0.7735750000000001
15289 -0.37297368421052635 -0.1742631578947369
15291 -0.23063352826510708 -0.28849415204678364
15293 0.032386206896551695 -0.14399521531100445
15294 -0.11611928104575164 -0.20866013071895395
15301 -1.6419068736141904 -0.4435476190476192
15303 -0.8502930402930406 -0.46810439560439554
15309 -0.31292657342657326 -0.1738304093567251
15314 -0.21284926470588217 -0.509828431372549
15324 -0.18877358490566043 -0.061270833333333385
15325 -0.3394741067844239 -1.541979166666667
15340 -3.69039393939394 -0.5547412008281574
15345 -0.8745714285714281 -0.29933259176863203
15347 -0.024716060337178547 -0.25518382352941194
15350 -2.3130454545454535 -1.5666666666666664
15351 -0.3370255319148938 -0.401470588235294
15353 -0.5916117216117218 -0.49354395604395607
15354 -0.39590277777777794 -0.1081875000000001
15356 -0.3386602628918096 -0.31769744160177993
15357 -0.428141097424412 -0.43456774193548386
15359 -1.0187728937728935 -0.5826098901098903
15363 -0.44386111111111104 -0.2959166666666668
15365 -7.407803030303031 -0.5776136363636364
15369 -5.460322580645161 -1.595962732919255
15370 -0.2477380585516178 -0.05552380952380942
15381 -1.0445906432748544 -0.4068128654970762
15383 -0.29614285714285704 -0.13695238095238094
15385 -0.13212499999999994 -0.22525000000000017
15386 -0.4876530612244898 -0.34905228758169926
15401 -0.19270152505446636 -0.06473856209150308
15417 -0.27963249516441013 -0.3992291666666665
15418 -0.25240277777777786 -0.06620833333333331
15419 -0.11344186046511617 -0.29214285714285715
15421 -1.8070898004434588 -0.9020476190476188
15422 -0.4227245283018868 -0.37300653594771216
15423 -0.33580049261083733 -0.03935960591133003
15425 -6.178625 -2.6764999999999994
15428 -0.19671739918206765 -0.03192857142857142
15433 -1.6779914529914528 -0.7756089743589745
15440 -0.24718518518518517 -0.1496388888888891
15443 -13.141444444444446 -2.308041666666666
15448 -1.665696594427244 -0.38620743034055716
15453 -7.24767094017094 -0.9860256410256409
15454 -0.5623283582089551 -0.2217956656346749
15455 -0.10029007633587772 -0.013033613445378123
15456 -0.09746487867177533 -0.24771428571428566
15459 -5.575757575757575 -2.559454545454546
15461 -5.196035714285713 -1.4753030303030301
15466 -1.2030128205128197 -0.777339743589744
15467 -6.358888888888888 -0.7757051282051285
15470 -0.6215384615384616 -0.19038461538461526
15486 -1.2005909090909095 -0.1789090909090909
15489 -0.1313782051282053 0.3126923076923078
15496 -9.555959595959594 -0.22905303030303004
15498 -0.05361111111111083 -1.4888782051282048
15500 -3.4524848484848483 0.5737272727272726
15503 -0.048428571428571376 -0.4647619047619047
15504 -2.211030303030303 -0.985090909090909
15505 -0.4548095238095238 0.006190476190476191
15508 -51.51827272727272 -4.781954545454545
15511 -0.3687412587412586 -0.24523809523809514
15516 -0.5015952380952382 -0.02547619047619054
15522 -0.7847785547785548 -0.5106643356643358
15525 -0.3007142857142857 -0.38026785714285705
15526 -0.3839903846153847 -0.03353365384615381
15529 -0.24704438005185314 -0.20288095238095227
15533 -0.5279059829059827 -0.19614814814814818
15535 -0.26314285714285734 -0.28583333333333316
15549 -0.120597014925373 -0.06400000000000006
15553 -0.4848844672657253 -1.1079111111111128
15558 -0.21699999999999997 -0.11306250000000007
15559 -0.1444852941176471 -0.08698529411764722
15568 -0.02805555555555561 0.014647435897436
15569 -0.32459090909090915 -0.1625833333333334
15580 -0.14811274509803862 -0.1805330882352938
15583 -3.5496336996337003 -1.0952197802197805
15584 -0.8840416666666665 -0.3534999999999999
15586 -0.07842075147816141 -0.04342171717171728
15587 -2.0694444444444446 -0.5874791666666666
15592 -0.3136190476190479 -0.23042483660130708
15603 -0.6296875 -0.2028181818181819
15624 -0.38779303482587046 -0.08812500000000001
15628 -0.20769736842105258 -0.04687134502923984
15633 -0.28174027686222813 -0.11882488479262698
15647 -0.05626838235294129 -0.007389705882352937
15648 -1.2204242424242422 -0.9306363636363639
15657 -0.2576190476190481 -0.2438095238095237
15663 -0.287546511627907 -0.3353639846743295
15674 -5.195151515151515 -0.5830909090909091
15675 -1.4757878787878786 -0.14790909090909088
15685 -0.14207142857142852 -0.034952380952380846
15697 -0.6029020979020981 -0.22328671328671335
15704 -0.43361363636363626 -0.17318181818181821
15710 -0.06604166666666667 -0.1244696969696969
15719 -0.6672424242424242 -0.3022272727272728
15726 -0.5064875283446711 -0.1176136363636362
15730 -0.19609374999999996 -0.18464285714285733
15734 -1.525776515151515 -0.2366666666666668
15737 -0.11640000000000006 -0.0708823529411764
15741 -0.23706959706959718 -0.616565934065934
15745 -0.31604166666666667 -0.14549999999999985
15748 -2.680580808080808 -0.33931818181818185
15749 -23.945111111111117 -8.174037037037039
15751 -0.21597402597402582 0.011590909090909096
15753 -0.14077777777777778 0.02657142857142869
15755 -0.6283681214421253 -0.1726893939393941
15756 -0.35826923076923123 -0.37
15759 -0.16958333333333342 -0.35283333333333333
1576 -0.22130952380952384 -0.008354978354978448
15760 -0.194893162393162 -0.031025641025640982
15761 -0.15990909090909078 -0.277181818181818
15765 -0.16578787878787882 -0.12663636363636366
15773 -0.07777083333333323 -0.043624999999999914
15776 -0.6411868686868688 -0.18431818181818183
15777 -0.6884962406015036 -0.4240705128205129
15779 -0.4417914438502675 -0.4747430830039526
15782 -0.22100328947368442 -0.6877714285714285
15784 -0.6537232142857141 -0.1936363636363635
15785 -0.5327575757575758 -0.12281818181818194
15793 -1.818627450980392 -0.141602564102564
15795 -0.3840435835351089 -0.1349999999999999
1580 -5.153957816377171 -2.3207792207792206
15802 -0.25607843137254926 -0.04190402476780153
15805 -0.07434640522875835 -0.14388888888888896
15806 -0.18117216117216106 -0.3913186813186815
15812 -0.22598412698412695 -0.09357142857142864
15813 0.23214167258943386 -0.015845588235294028
15814 -0.34206249999999994 -0.31629166666666664
15816 -1.090405982905983 -0.3433333333333337
15817 -0.06776716417910467 -0.18492260061919508
15822 -3.7531458333333347 -0.3406875000000005
15823 -3.1108986486486487 -0.16091851851851868
15829 -0.7858869179600888 -0.07997619047619042
15850 -0.865955357142857 -0.28321969696969673
15860 -1.1022413793103447 -0.35318181818181826
15865 -0.1596666666666664 -0.2181666666666664
15866 -1.5905563909774434 -0.3549038461538463
15868 -4.876153846153846 -0.6507692307692308
15872 -16.04590909090909 -0.9349999999999992
15874 -0.4187187499999998 -0.08504166666666668
15884 -0.38650000000000007 -0.7899166666666668
15892 -0.28585714285714303 -0.32685606060606065
15897 -1.1317172675521818 -0.12462121212121213
15901 -9.306037037037036 -0.8678888888888889
15902 -0.7329464285714287 -0.366401515151515
15903 -0.8069583333333332 -0.19650000000000012
15909 -1.5318686868686866 -0.5952651515151515
15916 -0.2077996422182471 -0.40954545454545466
15934 -1.3766390614216704 -0.2905175983436853
15935 -0.13912971175166278 -0.1341428571428569
15941 -0.04998412698412702 -0.1633333333333331
15942 -0.5519504830917874 -0.2391847826086957
15944 -0.7638815789473686 -0.30856643356643343
15945 -0.4932932330827069 -0.3755448717948717
1595 -1.5292495126705659 -0.8814035087719296
15950 -0.7983333333333333 -0.49700000000000033
15953 -0.0628754578754579 -0.16890109890109883
15955 -0.4194444444444444 -0.05733333333333346
15961 -0.1277727856225932 -0.11928571428571433
15967 -0.23162088974854933 -0.05825641025641026
15971 -0.6964444444444446 -0.17479166666666623
15973 -0.21155982905982929 -0.19009615384615375
15987 -0.5545000000000001 -0.06066666666666687
15988 -0.41091013824884803 -0.33345454545454545
15992 -0.2962499999999997 -0.24
15998 -0.20705128205128198 -0.33509615384615343
16000 -0.5995192307692306 -0.18717948717948696
16001 -0.6688328664799255 -0.16581730769230751
16015 -2.891874749096748 -0.7292745098039217
16019 -0.5765757575757577 -0.1873636363636364
16021 -18.76684848484848 -6.58409090909091
16024 -0.12366666666666659 -0.21250000000000002
16032 -2.8552993348115296 -0.6853809523809522
16038 -0.09297916666666683 -0.130625
16039 -0.3411508704061894 -0.049687499999999996
16044 -0.10548155096935574 -0.07264285714285712
16048 -0.31145238095238104 -0.15266666666666673
16052 -2.0492307692307694 -1.163269230769231
16054 -0.5604074074074072 -0.1421111111111113
16069 -19.65047619047619 -11.941111111111113
16072 -0.9821481481481484 -0.2680555555555554
16073 -17.32583728813559 -7.5243529411764705
16090 -0.2148958333333334 0.05404761904761923
16091 -0.9845446950710106 -0.46308270676691743
16093 -1.4031034482758624 -0.11899999999999977
16094 -0.7750349650349655 -0.00993006993006973
16098 -0.3976442307692306 0.049917582417582596
16099 -8.630980392156863 -2.92812091503268
16100 -2.2629166666666665 -0.3669444444444443
16103 -0.3851096491228072 -0.7242628205128208
16104 -0.13704468412942983 -0.509615384615385
16106 -0.9676090225563911 -0.2067628205128207
16111 -1.9941666666666666 -0.5382371794871794
16116 -237.19434782608693 -52.993125
16119 -0.3116339285714287 -0.171904761904762
