results/band_fits/with_ext/sdss_sako18_mcmc_fit_class.ecsv
# %ECSV 0.9
# ---
# datatype:
# - {name: obj_id, datatype: string}
# - {name: x, datatype: float64}
# - {name: y, datatype: float64}
# schema: astropy-2.0
obj_id x y
[from data line 719]
16247 0.04157407407407421 0.010902777777777706
16259 -2.3938461538461535 -9.871349206349207
16276 -5.357307692307693 -2.535714285714286
16277 -0.42918360071301265 0.3930769230769231
16280 -38.984615384615395 -5.8585714285714285
16281 62.81153409090909 20.453333333333333
16287 132.13717647058826 -8.72851851851852
16298 1.4592380952380952 1.0957142857142856
16301 -1.9079047619047622 -2.082
16302 -14.731250000000001 15.703068181818184
16314 -37.27997826086957 -11.177118055555553
16333 -24.665999999999997 -8.157441176470586
16350 -2.6493979933110365 -0.7983921568627452
16352 -4.465630252100841 -2.666166666666667
16356 0.21579861111111143 0.3962500000000002
16357 -1.478888888888889 -0.7128571428571429
16360 -1.8488095238095237 -0.13321428571428573
16362 47.121111111111105 2.268541666666667
16392 57.90666666666665 -12.13111111111111
16393 24.28269841269841 8.291009615384617
16396 -0.12321350762527139 0.29499999999999993
16398 13.864490740740742 5.618680555555555
16402 -4.929957983193278 -3.083706293706294
16405 -4.422460317460317 -0.2779761904761904
16408 -5.663809523809524 0.04590909090909112
16410 -1.4586666666666668 0.321666666666667
16414 -4.7275238095238095 0.0775714285714284
16417 12.673560606060605 5.8255113636363625
16421 2.677440476190476 2.3893750000000002
16431 -0.2837142857142856 0.9575
16432 -0.551073717948718 0.04999999999999982
16433 4.752015503875969 0.3665454545454545
16434 -0.3856220930232557 -0.2521428571428572
16436 -0.08448717948717999 0.4407692307692306
16439 0.6697793679189032 0.4043181818181818
1644 4.236993730407523 2.7979605263157894
16441 -3.780333333333332 -0.4268750000000001
16442 -2.8579166666666667 0.15500000000000025
16451 -5.660238095238095 0.04607142857142854
16454 -1.066666666666667 0.9681250000000001
16455 18.782364864864867 17.002153846153846
16458 6.196407407407408 1.9813931888544893
16460 -2.89895652173913 -1.7651785714285715
16462 28.568708074534165 13.345624999999998
16467 -2.20156931124673 0.018636363636363562
16468 -0.8939351851851853 -0.05673611111111132
16472 7.856312997347479 0.5725000000000002
16473 -2.920382352941177 -0.1551190476190476
16477 3.9796969696969695 0.10742424242424253
16478 6.718852053438891 0.027348484848484844
16481 1.2529326923076933 -0.02179271708683439
16482 -4.406652830188698 0.8735294117647072
16484 1.8218376068376076 0.9167307692307698
1650 -0.07640522875817002 0.18732026143790848
16541 -5.014444444444444 -6.0562499999999995
16546 1.6845000000000003 0.395
16547 -0.08536090225563897 0.02573717948717924
16551 -0.3676666666666666 0.32413636363636367
16565 -1.5769642857142854 1.0207142857142855
16567 34.46791666666667 2.4283333333333337
16572 -3.483555555555556 -1.3976666666666666
16578 -7.003636363636365 -1.7547619047619052
1658 -1.4273638344226582 -0.05718954248366015
16582 -2.3661290322580646 -0.7468181818181815
16584 4.438035714285714 0.5307142857142858
16586 -1.5791666666666666 -0.28563636363636347
16590 -0.7292129629629631 -0.11673611111111104
16606 -1.0048333333333335 0.05437500000000006
16618 -3.88576923076923 -2.6014999999999997
16619 117.07466666666666 -1.6663333333333337
16626 -1.0159722222222218 -0.32895833333333324
16631 -3.7718518518518516 -2.0295000000000005
16637 44.44066666666666 19.143500000000003
16640 -0.6162207357859533 -0.02326388888888875
16641 -7.028500000000001 -2.154333333333333
16644 -4.54495 40.462999999999994
16652 32.91809523809523 11.448571428571427
16655 4.624891304347825 3.5958928571428572
16692 -8.670000000000002 22.242000000000004
16711 6.613842592592593 0.3420833333333333
16715 4.554596491228072 2.7880000000000003
16721 0.2461111111111114 -0.0981699346405227
16722 9.992377450980392 3.8383455882352937
16724 0.7383333333333333 0.6181249999999998
16727 1.3496363636363644 4.459
16734 2.1692307692307695 1.7237301587301581
16737 -2.018311688311688 -1.1550000000000007
16739 -2.3970666666666665 0.8565833333333337
16748 -4.8676666666666675 0.5727500000000001
16758 20.764777777777777 9.279166666666669
16759 6.341785714285715 3.6481578947368423
16774 -3.6700000000000013 0.9049999999999998
16776 33.49666666666667 10.468
16779 5.657812499999999 0.72125
16781 -1.3963809523809525 0.24085714285714266
16789 -0.16472222222222244 3.23125
16793 -1.9341176470588235 -0.2816666666666666
16831 1.270375 0.7035
16836 -0.705888888888889 -0.24516666666666675
16841 11.744413043478259 4.124821428571429
16847 -2.503116883116883 -0.02475000000000005
16849 -4.284552429667519 -0.1327083333333332
1686 0.01425132275132257 -0.3612103174603175
16872 111.8788888888889 62.285194805194806
16879 6.008147368421053 4.650497737556561
1688 1.4506627680311888 1.4637573099415202
16889 2.610789473684208 1.9387606837606843
16894 -1.216 -0.7277499999999999
16899 8.71281045751634 1.349705882352941
16938 4.275297619047619 -0.09547619047619049
16941 -0.32366666666666677 -0.2693333333333334
16945 5.235407407407408 0.6525555555555556
16946 4.748452380952381 3.324732142857143
16950 0.7551257712387311 0.5845490196078433
16953 -0.5510000000000002 0.15357142857142847
16956 -0.31575 7.7555
16958 6.284621212121212 3.912727272727272
16973 4.644747474747475 5.904848484848485
16975 -0.5929444444444445 -0.6149166666666668
16977 -0.49056089743589726 0.002115384615384741
17031 -0.4205529953917051 0.12763888888888875
17048 -1.4087941176470586 4.386666666666667
17049 -1.131 -0.623416666666667
17068 0.22588235294117687 1.7676470588235293
17081 0.5884375 0.7030808080808081
17099 -2.277678571428571 -0.5140178571428571
17106 10.155666666666667 -8.196916666666668
17115 11.182472727272724 0.6972916666666664
17117 1.8405555555555555 1.1249999999999998
17168 -1.536263736263736 -0.9818681318681319
17169 -1.661959706959707 -0.30538461538461537
17170 0.2955494505494509 0.04692307692307662
17171 0.40739898989898915 -0.2671590909090895
17174 -3.320999999999998 -2.5751428571428567
17176 66.0804523809524 84.00341269841269
17186 -8.676334610472543 -24.082712418300652
17191 -0.4040416666666664 -0.1075625
17205 -1.3205727762803237 0.3128362573099417
17206 -0.42591506572295246 -0.800604166666667
17208 -1.8971247563352827 -1.579342105263158
17215 19.43 11.254666666666665
17218 -3.321862745098039 -0.7063562091503269
17219 -0.7001348039215686 -0.379375
17220 88.68719999999999 42.442352941176466
17223 16.257144249512667 11.698230994152048
17240 -2.5957692307692355 -1.6226766917293238
17253 -0.9657051282051283 -0.21326923076923066
17254 -5.3628787878787865 -2.4944230769230766
17258 -4.401323529411765 -7.645563725490195
17263 -3.359647435897436 -22.60809022556391
17272 -1.5451098901098896 -1.0194117647058825
17274 -2.3192948717948716 -1.7827304347826092
17280 67.1038908606921 21.919706744868034
17322 -0.2040686274509802 0.053253676470587985
17324 -3.1386324786324797 -1.3343589743589743
17332 -2.0565234042553193 -1.3987500000000002
17337 -0.1682476489028215 -0.05877631578947362
17340 -2.308842553191489 -0.34319852941176465
17341 0.16724933451641522 -0.04830882352941179
17351 -1.336732026143791 -1.1017156862745099
17366 -4.544707602339181 -4.926593567251463
17370 -0.41144688644688654 -0.1559761904761907
17372 -0.27270833333333333 0.08001838235294123
17374 -1.3221734892787524 -0.6631140350877192
17389 -1.177579365079365 -1.854
17391 2.707634803921569 1.5382169117647058
17393 -0.545065359477124 -0.19029411764705872
17395 -0.8691299019607845 -0.22908088235294133
1740 87.69994152046782 30.909312865497075
17408 5.375545808966862 0.31195906432748544
17421 4.485027777777778 2.1635416666666667
17423 -0.9348535409714493 -0.08974416017797582
17433 -0.9337990196078432 -0.3523713235294117
17435 -2.0586686714051394 -0.5368928571428573
17455 -0.39993464052287586 -0.56890522875817
17460 -0.8948212765957446 0.054264705882353104
17464 -1.5536752136752139 -0.7859615384615384
17473 -0.3812637362637361 0.40557692307692295
1748 3.52377358490566 3.8919444444444444
17497 -4.086225157820902 -3.729744318181818
1750 -0.3380392156862744 2.6602941176470596
17500 -7.658750000000005 -8.523847222222223
17508 -0.29576023391812867 -0.06577485380116954
17527 2.9372113289760358 1.6918954248366016
17528 0.7223714285714287 1.0766190476190476
17542 0.408507625272331 -0.109281045751634
17551 -0.001680555555555574 -0.35375000000000023
17552 -1.131674603174603 0.062071428571428555
17568 -1.1258187134502924 -0.6585380116959068
17576 -0.1516507936507936 0.34890476190476183
17577 -0.25286353812905205 -0.2807083333333332
17586 6.553952380952381 6.259714285714287
17605 95.79259259259258 21.74074074074074
1762 1.1383820662768034 1.1586695906432751
17629 103.10812500000003 13.945313725490195
17641 7.914815094339623 10.112406926406926
17642 -0.1208241758241757 -0.009052287581699403
17647 -5.293861471861471 0.2690522875816994
1765 -0.04566276803118907 0.05653508771929816
17667 -0.06252723311546826 -0.39379084967320277
17682 1.1172307692307688 3.6888461538461534
17687 1.3082698412698415 1.4861190476190476
17692 6.494523809523809 1.3892582417582418
17695 0.41777080062794325 1.2321732026143795
17716 -1.63197102425876 -0.15559941520467824
17733 0.37016017316017336 0.31952205882352935
17737 -0.32002178649237467 0.18400326797385613
17740 -0.07034858387799559 -0.6409313725490196
17743 -0.10563180827886698 1.2297712418300655
17745 723.0481468531469 2190.3294638694633
17748 -1.8486752136752134 -0.7205217391304346
1775 -0.8405847953216375 -0.015409356725146095
17773 -1.5344679245283022 -0.17071895424836592
17776 -1.0892032967032965 -0.5970261437908497
1778 2.9071700968523 1.362342105263158
17784 1212.7545955882351 2447.520551470588
17790 0.2563461538461542 1.4936538461538458
17791 -0.6120833333333326 -0.2925892857142851
17800 -0.044553376906318 0.17655228758169939
17801 9.962621832358675 8.408289473684212
17803 -0.04937500000000006 -0.10808823529411765
17809 22.128691860465118 6.759923371647511
17811 84.57368935309972 17.276725146198828
17816 -0.08652452830188673 0.21248366013071873
1782 -0.3408777239709442 -0.024578947368421256
17820 -0.49846491228070167 -0.3259342105263159
17825 -2.716130604288499 -0.4636842105263157
17829 3.317582274356468 0.6959191176470587
1783 2.342593483894853 2.2779310344827595
17835 -0.4937258687258689 0.37192982456140333
17849 2.3873774509803907 2.060689102564103
17851 -16.283522727272725 -1.1660000000000004
17875 -2.01653605015674 -0.697573483427142
17880 -4.4126251390433815 -9.844972222222223
17882 -2.208026315789474 -0.21577631578947365
17884 -3.6929629629629632 -0.7194444444444447
17886 -26.109690476190472 3.5432539682539694
17899 -1.608382352941177 -0.2323345588235295
17902 0.0468328840970349 0.21687134502923944
17906 -2.1327162162162163 -0.7228444444444442
17907 -1.0452310654685497 -0.8108241758241757
17908 2.9642460317460326 3.826321428571429
17915 0.015958333333333408 -0.3559583333333334
17925 -0.3846250000000002 -0.09149999999999969
17927 1.866437908496732 1.0718137254901963
17928 1.7900435729847501 6.375653594771243
17934 -0.6344946091644204 -0.2382017543859647
1794 -1.012251461988304 4.620906432748537
17945 -0.4991846361185984 0.09425438596491231
17949 -0.7618969002695416 0.020804093567251325
17952 -1.879076819407008 -0.25283625730994097
17955 0.2377499999999988 2.809333333333333
17957 3.9412972972972975 0.4835380116959065
17958 -2.044943396226415 -0.006715686274509691
17965 9.129111111111108 6.295452380952381
17967 5.204642857142857 0.6651428571428571
17976 6.193846153846153 2.7041025641025636
18010 0.1489376218323586 0.4526754385964913
18011 -1.3962179487179482 -0.06721153846153849
18030 89.66910256410257 11.613685897435897
18033 -0.09776541961577345 0.09270833333333339
18034 2.557890835579515 1.054634502923977
18037 1.1844553376906315 2.8182843137254894
18038 2.126323099415205 0.2901461988304094
18041 -0.08426739926739923 -0.11706043956043966
18047 -0.9251471698113208 -0.288391812865497
18049 21.600256410256414 5.84352564102564
18054 -0.001048980449863679 -0.05493464052287589
18067 -0.7207103610675036 -0.2241991341991343
18076 -0.30514824797843665 -0.10842105263157897
18082 2.7409547169811326 0.8624183006535948
18083 -0.29345315904139446 0.011748366013071943
18091 1.1794117647058824 0.8041830065359477
18100 -0.2657965686274508 0.037982456140350784
18129 2.446845283018868 0.5233006535947713
18130 -0.2983006279434852 0.2012254901960785
18139 -0.03421568627450977 -0.02807017543859658
18146 -0.27444444444444427 -0.11107142857142849
18152 0.053954248366013036 -0.14897058823529385
18170 1.6851020408163264 1.9385294117647058
18175 1.0533558685446014 0.1633006535947712
18179 0.3566147186147185 0.24359477124183004
18182 2.262339622641509 0.6381731601731603
18188 1.5916312802186252 -0.020751633986928253
18189 -1.224697802197802 -0.12374183006535966
18201 -0.6133276595744681 -0.569375
18218 4.510363247863247 1.9500320512820513
18221 6.791666666666666 6.774642857142858
18224 2.951217948717949 2.5092307692307694
1823 -7.644626415094341 -2.768431372549019
18241 -116.825 -25.200512820512817
18242 0.4501428571428573 1.136238095238095
18243 -0.29307936507936505 -0.06830952380952393
1825 0.5887471698113207 5.703594771241829
18253 3.5195098039215686 2.3303676470588233
18254 1.7379255319148934 0.0688333333333333
18256 2.124527972027972 2.1656479556479553
18273 0.006159663865546339 -0.18507563025210083
18275 2.1907692307692317 0.42539886039886043
18276 -0.4597653958944281 -0.2113235294117648
18283 -0.27079166666666665 0.009569892473118236
18286 -1.0070588235294118 -0.5523549783549784
18288 -0.10151388888888868 -0.0462499999999999
18298 5.165894428152493 20.186066176470586
18301 -0.3632916666666667 0.03120833333333306
18304 -1.107095588235294 -0.7261029411764708
18307 -0.34413863245188603 0.1152197802197803
18312 -5.4508484848484855 -5.002499999999998
18323 95.87698412698414 26.079119047619045
18324 -0.08317872340425536 0.12454044117647067
18325 -3.8219155844155845 -1.8609166666666666
18333 -0.5990677966101696 0.49477380952380967
18339 -1.0476923076923077 -0.060833333333333295
18344 2.364503496503497 0.2273529411764703
1835 -0.7317543859649123 -0.4646447368421053
18351 -0.2027083333333335 0.17135416666666647
18358 -0.10798534798534787 -0.06302197802197818
18362 -0.9691999999999998 -0.09882352941176464
18363 3.689083557951483 2.708771929824562
18374 -1.0524019607843136 -0.3341176470588235
18375 -9.849848275862069 -13.051111111111116
18380 -1.1735384615384632 -0.5245000000000002
18389 -0.5869686520376174 0.12551628551628546
18405 8.586181630546957 7.3608978328173365
18415 -6.049423076923078 -4.869455128205129
18430 -0.37211643192488264 0.07330409356725154
18446 0.36965141612200436 0.1389052287581698
18450 0.998952205882353 1.9555698529411765
18451 4.492838158519222 0.3492857142857143
18454 -0.49892156862745096 -0.10498161764705882
18456 -2.1325000000000003 -0.7604791666666668
18463 29.05821031344793 12.574583333333335
18466 -1.1506415770609317 -1.2211774193548388
18473 3.851137820512821 0.01602564102564119
18475 -0.8480555555555567 -0.6004166666666673
18479 -0.9541666666666666 -0.873044871794872
18485 -2.140253968253968 1.7785238095238092
18486 7.542078713968958 -0.49272030651341003
18582 -0.4833388554216871 -0.9148507718696395
18588 -0.7129603729603731 -0.37185314685314674
18589 5.863939393939393 2.3095454545454546
18602 -22.218242424242423 -3.7082727272727274
18604 -0.7228985507246382 -0.12347826086956504
18606 4.046410256410256 4.372115384615384
18612 -8.166704545454547 -6.844671717171716
18617 1.5334523809523812 0.03869047619047605
18626 3.2400416666666656 1.5138333333333334
18630 -0.7959343434343433 -0.17655303030303027
18644 1.5603496503496501 0.3348601398601394
18647 -1.6207936507936505 -1.549702380952381
18650 -25.651742424242425 -14.365353535353535
18666 -0.31388888888888866 -0.24883333333333368
18697 -14.017384615384616 -19.994256410256412
18704 -2.280992647058823 -0.6018198529411765
18721 5.068262867647059 0.4626102941176473
18722 -0.018988679245282913 0.33945906432748596
18740 -3.9467543496271746 -2.071037549407115
18741 3.134555555555555 1.796285714285714
18747 1.2197457627118642 1.6879473684210529
18749 -2.5580952380952384 -0.7951904761904762
