results/band_fits/with_ext/sdss_sako18_mcmc_fit_fits.ecsv
# %ECSV 0.9
# ---
# datatype:
# - {name: obj_id, datatype: string}
# - {name: message, datatype: string}
# - {name: band, datatype: string}
# - {name: source, datatype: string}
# - {name: pre_max, datatype: int64}
# - {name: post_max, datatype: int64}
# - {name: vparams, datatype: string}
# - {name: t0, datatype: float64}
# - {name: x1, datatype: float64}
# - {name: amplitude, datatype: float64}
# - {name: mwebv, datatype: float64}
# - {name: z, datatype: float64}
# - {name: c, datatype: float64}
# - {name: t0_err, datatype: float64}
# - {name: x1_err, datatype: float64}
# - {name: amplitude_err, datatype: float64}
# - {name: mwebv_err, datatype: float64}
# - {name: z_err, datatype: float64}
# - {name: c_err, datatype: float64}
# - {name: chisq, datatype: float64}
# - {name: ndof, datatype: float64}
# - {name: b_max, datatype: float64}
# - {name: delta_15, datatype: float64}
# meta: !!omap
# - band_names: !!python/tuple [sdss_sako18_u1, sdss_sako18_u2, sdss_sako18_u3, sdss_sako18_u4, sdss_sako18_u5, sdss_sako18_u6, sdss_sako18_g1,
#     sdss_sako18_g2, sdss_sako18_g3, sdss_sako18_g4, sdss_sako18_g5, sdss_sako18_g6, sdss_sako18_r1, sdss_sako18_r2, sdss_sako18_r3,
#     sdss_sako18_r4, sdss_sako18_r5, sdss_sako18_r6, sdss_sako18_i1, sdss_sako18_i2, sdss_sako18_i3, sdss_sako18_i4, sdss_sako18_i5,
#     sdss_sako18_i6, sdss_sako18_z1, sdss_sako18_z2, sdss_sako18_z3, sdss_sako18_z4, sdss_sako18_z5, sdss_sako18_z6]
# - lambda_eff: !!python/tuple [3551, 3551, 3551, 3551, 3551, 3551, 4686, 4686, 4686, 4686, 4686, 4686, 6166, 6166, 6166, 6166, 6166,
#     6166, 7480, 7480, 7480, 7480, 7480, 7480, 8932, 8932, 8932, 8932, 8932, 8932]
# - {fit_func: mcmc_fit}
# - {out_path: /global/u1/d/djp81/Photometric-Classification/results/band_fits/with_ext/sdss_sako18_mcmc_fit_fits.ecsv}
# schema: astropy-2.0
obj_id message band source pre_max post_max vparams t0 x1 amplitude mwebv z c t0_err x1_err amplitude_err mwebv_err z_err c_err chisq ndof b_max delta_15
[from data line 1436]
12979 NONE sdss_sako18_z3 sn91bg 3 20 amplitude,x1,c 2453992.7636066275 0.981242257608539 1.50472163416332e-16 0.016079461348046383 0.115286 0.526434562662457 "" 0.15648364469014056 3.8157573979012946e-17 "" "" 0.2871468209396448 33.59 20.0 -16.44 1.683
12979 NONE sdss_sako18_z4 sn91bg 2 21 amplitude,x1,c 2453992.7636066275 0.8637331288952494 1.6776416505803739e-16 0.016079461348046383 0.115286 0.5066461183021773 "" 0.14397821351874107 4.562761785618416e-17 "" "" 0.2851394347072523 39.03 20.0 -16.49 1.839
12983 NONE all hsiao_x1 0 110 t0,amplitude,x1 2453975.6910379687 -0.08108811764370936 2.803843644299363e-05 0.025030567717841547 0.263944 "" 3.648891075723807 0.19989594439444594 4.267702291957584e-05 "" "" "" 464.57 107.0 -18.03 1.199
12983 NONE sdss_sako18_g4 hsiao_x1 0 22 amplitude,x1 2453975.6910379687 -0.0059250115675855905 4.70724466433241e-05 0.025030567717841547 0.263944 "" "" 0.0877742832721329 1.5726338357265588e-06 "" "" "" 12.59 20.0 -19.16 1.06
12983 NONE sdss_sako18_i4 hsiao_x1 0 22 amplitude,x1 2453975.6910379687 -0.0935759220171934 5.023961960255345e-05 0.025030567717841547 0.263944 "" "" 0.11601130895618164 2.7466010810237204e-06 "" "" "" 19.02 20.0 -19.3 1.224
12983 NONE sdss_sako18_r4 hsiao_x1 0 22 amplitude,x1 2453975.6910379687 -0.008829645340010179 4.9655949679402336e-05 0.025030567717841547 0.263944 "" "" 0.09702248478741474 1.8697638327293957e-06 "" "" "" 18.79 20.0 -19.28 1.065
12983 NONE sdss_sako18_u4 hsiao_x1 0 22 amplitude,x1 2453975.6910379687 0.04283251461011896 8.937773646940157e-06 0.025030567717841547 0.263944 "" "" 0.27666833057997414 6.817241505598836e-05 "" "" "" 33.13 20.0 -15.55 0.983
12983 NONE sdss_sako18_z4 hsiao_x1 0 22 amplitude,x1 2453975.6910379687 -0.15067934214996634 -1.3798333631544168e-06 0.025030567717841547 0.263944 "" "" 0.24614066579634486 3.681605883341194e-05 "" "" "" 31.8 20.0 -11.5 1.35
12983 NONE all sn91bg 5 105 t0,amplitude,x1,c 2453978.762302966 0.7811918052484853 1.4849337652655046e-16 0.025030567717841547 0.263944 0.013225109324426308 0.748677097584622 0.14522659100642563 2.917493463591721e-17 "" "" 0.014675684215063784 187.5 106.0 -19.25 1.975
12983 NONE sdss_sako18_g4 sn91bg 1 21 amplitude,x1,c 2453978.762302966 1.0165428659790054 1.1517287400169064e-15 0.025030567717841547 0.263944 0.7580614869029532 "" 0.14961937832146613 5.008476029832331e-16 "" "" 0.18142299888476593 18.62 19.0 -20.21 1.643
12983 NONE sdss_sako18_i4 sn91bg 1 21 amplitude,x1,c 2453978.762302966 0.8953218533672244 1.4657134906569093e-16 0.025030567717841547 0.263944 0.5729163613162878 "" 0.14825492169011953 4.645396715916966e-17 "" "" 0.28232613934637046 26.71 19.0 -18.25 1.793
12983 NONE sdss_sako18_r4 sn91bg 1 21 amplitude,x1,c 2453978.762302966 1.177137597809181 1.8574069685319846e-16 0.025030567717841547 0.263944 0.49753537431758804 "" 0.06157366886124688 6.667385863041677e-17 "" "" 0.27891938953764184 20.63 19.0 -18.87 1.499
12983 NONE sdss_sako18_u4 sn91bg 1 21 amplitude,x1,c 2453978.762302966 0.9353645050595835 3.7553346110156665e-15 0.025030567717841547 0.263944 0.7211764141143442 "" 0.17993144260075553 2.5797872481638345e-15 "" "" 0.2449209057967334 27.47 19.0 -21.51 1.739
12983 NONE sdss_sako18_z4 sn91bg 1 21 amplitude,x1,c 2453978.762302966 0.8940364373011759 6.051737678163694e-17 0.025030567717841547 0.263944 0.5580225938803118 "" 0.17076808830539858 3.7215835805239175e-17 "" "" 0.2835494654148464 28.43 19.0 -17.32 1.794
13005 NONE all hsiao_x1 0 119 t0,amplitude,x1 2453971.1041164077 0.11684212696365052 2.0138329060505152e-05 0.028843556260170745 0.126217 "" 5.290820373456429 0.2590168413802104 8.35611180253622e-05 "" "" "" 4279.8 111.0 -15.54 0.879
13005 NONE sdss_sako18_g2 hsiao_x1 0 24 amplitude,x1 2453971.1041164077 0.006303548014310145 8.385234038910366e-05 0.028843556260170745 0.126217 "" "" 0.04413464718829142 1.2521484725347282e-06 "" "" "" 31.14 21.0 -18.63 1.04
13005 NONE sdss_sako18_i2 hsiao_x1 0 24 amplitude,x1 2453971.1041164077 -0.06056202748276636 9.612892892469342e-05 0.028843556260170745 0.126217 "" "" 0.03349484273565803 1.8583852247321558e-06 "" "" "" 35.94 21.0 -18.93 1.159
13005 NONE sdss_sako18_r2 hsiao_x1 0 24 amplitude,x1 2453971.1041164077 0.07732588071587075 6.067053360574397e-05 0.028843556260170745 0.126217 "" "" 0.21048233823889137 6.708997854272155e-05 "" "" "" 604.37 21.0 -17.93 0.933
13005 NONE sdss_sako18_u2 hsiao_x1 0 23 amplitude,x1 2453971.1041164077 -0.016148710096972427 5.245835055636922e-06 0.028843556260170745 0.126217 "" "" 0.28728289085361347 5.800232070612768e-05 "" "" "" 25.23 20.0 -12.61 1.078
13005 NONE sdss_sako18_z2 hsiao_x1 0 24 amplitude,x1 2453971.1041164077 -0.09687296237285073 7.910419900372587e-05 0.028843556260170745 0.126217 "" "" 0.14421003110963204 5.6271243486070706e-05 "" "" "" 49.4 21.0 -18.51 1.231
13005 NONE all sn91bg 5 114 t0,amplitude,x1,c 2453977.9120615013 0.9712732786977957 2.898124545863403e-16 0.028843556260170745 0.126217 0.047932071618875326 0.6651194696176845 0.08102224470533742 3.879177526933721e-17 "" "" 0.082349835771157 396.93 115.0 -18.3 1.694
13005 NONE sdss_sako18_g2 sn91bg 1 23 amplitude,x1,c 2453977.9120615013 1.081053877862369 9.499552423926084e-16 0.028843556260170745 0.126217 0.4744665144541614 "" 0.07305756416326421 4.782158837731129e-16 "" "" 0.24391671773717372 55.49 21.0 -18.84 1.579
13005 NONE sdss_sako18_i2 sn91bg 1 23 amplitude,x1,c 2453977.9120615013 1.187007673253328 2.3785823782757805e-16 0.028843556260170745 0.126217 0.5619072021966652 "" 0.04457719756318239 4.224941775024201e-17 "" "" 0.28356408533988725 25.33 21.0 -17.26 1.491
13005 NONE sdss_sako18_r2 sn91bg 1 23 amplitude,x1,c 2453977.9120615013 1.012715025265185 5.161987089595184e-16 0.028843556260170745 0.126217 0.5672055708651415 "" 0.04619157237562779 1.2649992797863171e-16 "" "" 0.2841047436181511 26.69 21.0 -17.95 1.647
13005 NONE sdss_sako18_u2 sn91bg 1 22 amplitude,x1,c 2453977.9120615013 0.9487222559887781 1.6362555985039774e-15 0.028843556260170745 0.126217 0.6909335471489237 "" 0.16288290546123121 1.2052982932628303e-15 "" "" 0.24717316884201115 20.15 20.0 -18.91 1.722
13005 NONE sdss_sako18_z2 sn91bg 1 23 amplitude,x1,c 2453977.9120615013 1.127652268801279 2.1271723372174859e-16 0.028843556260170745 0.126217 0.5377431481881819 "" 0.09624578260870331 4.4401126995994553e-17 "" "" 0.292282868499231 42.8 21.0 -17.13 1.539
13009 NONE all hsiao_x1 5 109 z,t0,amplitude,x1 2453987.223742081 0.06431198282861086 2.973141154226237e-05 0.017594904908584372 0.24787224858990936 "" 7.395306208009546 0.23561675915139577 2.6021262820336163e-05 "" 0.08585781197547987 "" 1000.26 110.0 -18.01 0.951
13009 NONE sdss_sako18_g5 hsiao_x1 1 22 amplitude,x1 2453987.223742081 0.31930132912883064 4.400423718939727e-05 0.017594904908584372 0.24787224858990936 "" "" 0.07611055217325496 1.3444219472842565e-06 "" "" "" 127.7 21.0 -18.86 0.661
13009 NONE sdss_sako18_i5 hsiao_x1 1 22 amplitude,x1 2453987.223742081 0.4175897225288846 4.943504265372726e-05 0.017594904908584372 0.24787224858990936 "" "" 0.06975658756417645 1.4796386540076714e-06 "" "" "" 53.97 21.0 -19.11 0.581
13009 NONE sdss_sako18_r5 hsiao_x1 1 22 amplitude,x1 2453987.223742081 0.19848308545177704 5.115984151513185e-05 0.017594904908584372 0.24787224858990936 "" "" 0.07438399720722627 1.3589987460180491e-06 "" "" "" 75.69 21.0 -19.18 0.781
13009 NONE sdss_sako18_u5 hsiao_x1 1 21 amplitude,x1 2453987.223742081 -0.06788761110571269 3.930026880848077e-06 0.017594904908584372 0.24787224858990936 "" "" 0.2950327876568853 4.053161150778432e-05 "" "" "" 28.75 20.0 -13.61 1.173
13009 NONE sdss_sako18_z5 hsiao_x1 1 22 amplitude,x1 2453987.223742081 0.11802646317967201 3.0939313788096563e-05 0.017594904908584372 0.24787224858990936 "" "" 0.23292136077718026 4.276416851167168e-05 "" "" "" 21.06 21.0 -18.09 0.878
13009 NONE all sn91bg 5 109 z,t0,amplitude,x1,c 2453976.8560001287 1.0000072220486804 7.070778799802918e-16 0.017594904908584372 0.22498933213225236 0.5500477153291711 0.0016657525480420162 5.530858038976366e-05 6.239179226517261e-18 "" 4.164370855248239e-05 8.24850486932531e-05 5924.33 109.0 -19.7 1.661
13009 NONE sdss_sako18_g5 sn91bg 1 22 amplitude,x1,c 2453976.8560001287 1.2217479379538327 8.903116974671975e-16 0.017594904908584372 0.22498933213225236 0.5921210830102975 "" 0.027652186280971103 5.124504729465471e-16 "" "" 0.242805061741822 109.46 20.0 -20.05 1.465
13009 NONE sdss_sako18_i5 sn91bg 1 22 amplitude,x1,c 2453976.8560001287 1.2265905116821134 1.283642014282268e-16 0.017594904908584372 0.22498933213225236 0.5594619251386337 "" 0.023095187242459972 2.6347721356424294e-17 "" "" 0.2814182666125888 70.34 20.0 -18.01 1.462
13009 NONE sdss_sako18_r5 sn91bg 1 22 amplitude,x1,c 2453976.8560001287 1.2349840999827113 2.158667850582754e-16 0.017594904908584372 0.22498933213225236 0.5092043747331176 "" 0.019649890254624953 7.142679936443674e-17 "" "" 0.30031175882641387 125.06 20.0 -18.67 1.456
13009 NONE sdss_sako18_u5 sn91bg 1 21 amplitude,x1,c 2453976.8560001287 0.9364750743414064 3.1235514359904777e-16 0.017594904908584372 0.22498933213225236 0.6987542196101962 "" 0.16763556759178183 1.4571685194328789e-15 "" "" 0.24193331790905248 28.73 19.0 -18.47 1.738
13009 NONE sdss_sako18_z5 sn91bg 1 22 amplitude,x1,c 2453976.8560001287 1.0197603392908103 1.0969767912576332e-16 0.017594904908584372 0.22498933213225236 0.5014392405708994 "" 0.15292093447502225 4.4180022865507274e-17 "" "" 0.2878985563913466 14.43 20.0 -17.77 1.64
13016 NONE all hsiao_x1 5 110 t0,amplitude,x1 2453985.69687199 0.050430312433774015 -1.0784933063866517e-05 0.029489721662319352 0.24976 "" 1.4178805571597988 0.08319888813595472 5.0788959402916e-05 "" "" "" 1324.29 112.0 -15.82 0.971
13016 NONE sdss_sako18_g6 hsiao_x1 1 22 amplitude,x1 2453985.69687199 0.004916009463789767 -5.4016149175373984e-05 0.029489721662319352 0.24976 "" "" 0.07428761607516639 2.3383253217268906e-06 "" "" "" 26.64 21.0 -19.32 1.042
13016 NONE sdss_sako18_i6 hsiao_x1 1 22 amplitude,x1 2453985.69687199 -0.09373639251433306 -4.320664563439695e-05 0.029489721662319352 0.24976 "" "" 0.12206738830050745 3.119039734626665e-05 "" "" "" 36.33 21.0 -18.84 1.225
13016 NONE sdss_sako18_r6 hsiao_x1 1 22 amplitude,x1 2453985.69687199 0.08520659511681879 -3.100035624232055e-05 0.029489721662319352 0.24976 "" "" 0.08325093464625581 4.1043600528604e-05 "" "" "" 233.89 21.0 -18.12 0.922
13016 NONE sdss_sako18_u6 hsiao_x1 1 22 amplitude,x1 2453985.69687199 -0.034927097544354954 -1.1684443523239868e-06 0.029489721662319352 0.24976 "" "" 0.32206919803835077 4.2273155156028155e-05 "" "" "" 17.3 21.0 -11.0 1.111
13016 NONE sdss_sako18_z6 hsiao_x1 1 22 amplitude,x1 2453985.69687199 0.024562495843347087 -8.748068614982433e-06 0.029489721662319352 0.24976 "" "" 0.2723243101280003 4.621174940307142e-05 "" "" "" 29.36 21.0 -15.37 1.011
13016 NONE all sn91bg 5 110 t0,amplitude,x1,c 2453987.8861606806 1.1880696624782086 9.07118007390557e-17 0.029489721662319352 0.24976 0.0170261835102432 4.926291430860117 0.09469647430644378 9.297516292300525e-18 "" "" 0.02101830665794723 441.61 111.0 -18.91 1.49
13016 NONE sdss_sako18_g6 sn91bg 1 22 amplitude,x1,c 2453987.8861606806 1.239565378164445 1.404515037451211e-15 0.029489721662319352 0.24976 0.7180629894559594 "" 0.010421143898223727 6.804853252987444e-16 "" "" 0.2943566640360276 92.3 20.0 -20.56 1.453
13016 NONE sdss_sako18_i6 sn91bg 1 22 amplitude,x1,c 2453987.8861606806 1.1841680343676249 8.847494824696906e-17 0.029489721662319352 0.24976 0.5345585674288759 "" 0.06248530456621262 1.9573704233402628e-17 "" "" 0.2731229899181661 26.58 20.0 -17.87 1.493
13016 NONE sdss_sako18_r6 sn91bg 1 22 amplitude,x1,c 2453987.8861606806 1.2254465538048 2.1532344732504188e-16 0.029489721662319352 0.24976 0.6098479981676773 "" 0.02105581747641535 7.20394843929691e-17 "" "" 0.28898643771811144 42.49 20.0 -18.74 1.463
13016 NONE sdss_sako18_u6 sn91bg 1 22 amplitude,x1,c 2453987.8861606806 0.8504355601716915 4.549510461045344e-15 0.029489721662319352 0.24976 0.7042121680661351 "" 0.15413454539974464 4.279800769730706e-15 "" "" 0.23485653192686545 13.99 20.0 -21.55 1.86
13016 NONE sdss_sako18_z6 sn91bg 1 22 amplitude,x1,c 2453987.8861606806 0.9942110598128917 5.263622572114689e-17 0.029489721662319352 0.24976 0.5416975533001165 "" 0.16873533398645157 2.6682663928216042e-17 "" "" 0.2894029529814352 24.22 20.0 -17.14 1.668
1302 NONE all hsiao_x1 0 125 z,t0,amplitude,x1 2453620.817322674 0.3240300203594331 4.953543766183623e-05 0.08377991257090787 0.23554570768598715 "" 4.7134375705886855 0.20552070838773576 4.1934298310979836e-05 "" 0.09358272281737612 "" 5522.78 121.0 -18.99 0.657
1302 NONE sdss_sako18_g6 hsiao_x1 0 25 amplitude,x1 2453620.817322674 0.2544755425955073 9.62565332248069e-05 0.08377991257090787 0.23554570768598715 "" "" 0.03712063939666101 9.74870812942418e-07 "" "" "" 28.06 23.0 -20.43 0.722
1302 NONE sdss_sako18_i6 hsiao_x1 0 25 amplitude,x1 2453620.817322674 0.23940131909435172 9.667466306752756e-05 0.08377991257090787 0.23554570768598715 "" "" 0.04223704747607933 1.301232701721598e-06 "" "" "" 36.83 23.0 -20.44 0.738
1302 NONE sdss_sako18_r6 hsiao_x1 0 25 amplitude,x1 2453620.817322674 0.09122985242209253 9.59432814253274e-05 0.08377991257090787 0.23554570768598715 "" "" 0.03281508863914819 1.0258910392493483e-06 "" "" "" 32.9 23.0 -20.42 0.914
1302 NONE sdss_sako18_u6 hsiao_x1 0 25 amplitude,x1 2453620.817322674 0.4009150203858318 0.00014080873761827608 0.08377991257090787 0.23554570768598715 "" "" 0.08334551422589413 6.432390671467219e-06 "" "" "" 16.93 23.0 -21.26 0.594
1302 NONE sdss_sako18_z6 hsiao_x1 0 25 amplitude,x1 2453620.817322674 -0.23316968049263356 0.00013381217797902046 0.08377991257090787 0.23554570768598715 "" "" 0.08035227774946399 4.519212499167123e-06 "" "" "" 21.08 23.0 -21.15 1.566
1302 NONE all sn91bg 5 120 z,t0,amplitude,x1,c 2453625.1824724134 1.010821157996051 3.898752029821615e-16 0.08377991257090787 0.07775736633350186 0.028719605688783543 1.3811203938693966 0.0908985409239469 4.0741169694171485e-17 "" 0.031237819983087355 0.09436464158213204 764.42 120.0 -17.56 1.649
1302 NONE sdss_sako18_g6 sn91bg 1 24 amplitude,x1,c 2453625.1824724134 1.2346278091612364 6.219014251389145e-16 0.08377991257090787 0.07775736633350186 0.2658277592972489 "" 0.013562556614692509 2.1324490296496763e-16 "" "" 0.18327444498696255 144.32 22.0 -17.78 1.456
1302 NONE sdss_sako18_i6 sn91bg 1 24 amplitude,x1,c 2453625.1824724134 1.2423890710428251 3.527954452942152e-16 0.08377991257090787 0.07775736633350186 0.49747722962369956 "" 0.007463084074831501 5.808071086979798e-17 "" "" 0.28398581165857545 110.72 22.0 -16.72 1.451
1302 NONE sdss_sako18_r6 sn91bg 1 24 amplitude,x1,c 2453625.1824724134 1.2028477659998478 4.820911263251945e-16 0.08377991257090787 0.07775736633350186 0.6290163464848005 "" 0.031065635270851617 1.0269449686780741e-16 "" "" 0.28483316528686076 82.9 22.0 -16.79 1.479
1302 NONE sdss_sako18_u6 sn91bg 1 24 amplitude,x1,c 2453625.1824724134 1.0307744298745145 5.384956429158032e-15 0.08377991257090787 0.07775736633350186 0.6395899684350937 "" 0.14961021310694003 3.345717016471521e-15 "" "" 0.29023592113269053 32.71 22.0 -19.25 1.628
1302 NONE sdss_sako18_z6 sn91bg 1 24 amplitude,x1,c 2453625.1824724134 1.0150389211689628 4.853913950903974e-16 0.08377991257090787 0.07775736633350186 0.507456164442164 "" 0.11642573063741628 7.929506151780424e-17 "" "" 0.2952179198453689 28.19 22.0 -16.86 1.645
13025 NONE all hsiao_x1 10 195 t0,amplitude,x1 2453990.0158249713 0.03981445790301752 -1.0956980986917522e-05 0.06735414411455247 0.222864 "" 2.0660871972509915 0.08285726179746596 5.4272341586417326e-05 "" "" "" 3765.51 202.0 -15.58 0.987
13025 NONE sdss_sako18_g4 hsiao_x1 1 18 amplitude,x1 2453990.0158249713 0.12766028234166307 -5.087494651804617e-05 0.06735414411455247 0.222864 "" "" 0.09951316195758302 1.7580772348085278e-06 "" "" "" 12.84 17.0 -18.91 0.865
