results/band_fits/with_ext/sdss_sako18_mcmc_fit_class.ecsv
# %ECSV 0.9
# ---
# datatype:
# - {name: obj_id, datatype: string}
# - {name: x, datatype: float64}
# - {name: y, datatype: float64}
# schema: astropy-2.0
obj_id x y
[from data line 1808]
6530 1.066899766899767 1.4980069930069932
6535 -1.5345707070707069 -1.1518181818181819
6556 -2.5793703703703708 -1.4939444444444445
6558 -46.781331269349835 -152.56333333333336
6560 -0.9805128205128208 -1.0680384615384617
6618 4.1030952380952375 0.5896904761904762
6638 -0.5898406779661018 -0.21158823529411774
6641 -1.7448317307692323 0.06453781512605072
6649 32.849218403547674 5.150380952380951
6683 2.3765340909090913 0.7431060606060607
6687 -0.4386850649350651 0.8616883116883117
6696 16.61951871657754 5.366657754010696
6699 -0.525527659574468 -0.11274584929757347
6709 -0.41227272727272746 -0.10075757575757582
6714 -1.3746541501976284 -0.12543478260869567
6743 -0.3028525641025638 0.0656410256410257
6773 -13.695357142857139 -19.327559523809526
6777 3.832548076923077 -0.02647435897435879
6780 -4.815780885780886 -1.578041958041958
6807 -0.9866161616161616 0.04310606060606004
6816 -0.8016825396825397 -0.1165476190476189
6831 -0.505488372093023 -0.41140476190476194
6851 -1.5809459459459458 -0.0759890109890109
6852 19.288461538461537 -0.7249999999999999
6873 -0.0356593406593404 3.5532692307692315
6877 5.720051593671178 1.9719829222011385
6883 -0.06796969696969701 0.09559090909090906
6895 -1.3015151515151517 -0.24163636363636343
6896 -0.9078787878787877 0.5973484848484847
6903 24.23247474747475 11.595416666666669
6912 -0.37036363636363634 0.15967418546365897
6913 1.2920745272525027 1.9143333333333334
6914 3.968222222222222 0.8732222222222221
6924 -3.9034051724137933 -0.1459999999999999
6933 -3.8510740740740736 -1.4138333333333333
6934 0.33612121212121226 -0.08609090909090922
6936 -5.393740740740741 -0.5822222222222222
696 0.9635620915032677 0.1727287581699346
6962 -28.696436781609194 -1.616352549889136
6987 -0.4814141414141414 -0.14624999999999988
7017 -56.088449920508744 -13.114679487179487
7024 3.348989898989899 0.12299242424242429
703 -0.8170501567398119 -0.49721052631578944
7051 -1.2893333333333332 -0.21986363636363682
7056 -0.47529953917050727 -1.598409090909091
7092 -2.61020202020202 -0.26310606060606057
7099 167.5503703703704 52.7954887218045
7119 -0.6150000000000001 0.9491666666666668
7121 23.166555555555554 5.246666666666666
7127 -0.37024242424242426 0.03645454545454552
7143 -0.4140356885364094 -0.15929171668667463
7147 -25.90910216718266 -4.813777777777779
7194 7.458963810702137 0.06758928571428569
7195 8.962474576271186 0.3392857142857142
7205 -0.22154685494223347 -0.12145604395604392
722 -4.913508771929825 -8.344883040935672
7243 40.94181818181818 1.4590454545454545
7258 31.62380341880342 8.420673076923077
7304 -4.086925925925925 -0.17722222222222228
7335 -2.061 -0.3019090909090909
735 0.10871678321678302 0.1637374517374518
7350 -0.2825185185185184 1.4030555555555557
7357 -0.26842424242424257 0.1164090909090909
7365 -0.7021326076199902 0.6114393939393941
7373 -4.92448484848485 -0.2325454545454546
7374 0.16595959595959608 -0.41333333333333333
739 -2.129117647058824 -3.3484313725490193
7413 0.09696286472148552 0.2500555555555557
744 77.21370619946093 -5.6605116959064325
7444 -1.8744814814814812 0.3475555555555554
7457 -0.6430606060606061 -0.013454545454545386
7460 -0.5134242424242423 0.0656818181818184
7473 134.73553571428573 39.26678571428571
7475 -2.131888888888888 -0.8403888888888889
7479 76.23558333333332 40.593624999999996
7499 -0.9048518518518518 -0.10255555555555551
7502 -0.35250000000000004 0.48131313131313136
7512 -1.8129841269841271 -0.484690476190476
7527 -2.4442424242424243 0.9227272727272731
7550 4.5924587574587585 2.3771923076923076
7594 -0.28000000000000025 -0.06227272727272748
7600 -1.7651818181818189 -0.0828181818181819
7611 4.265090909090909 2.684727272727273
762 -4.466241830065361 -1.5164705882352942
7636 1.6410774410774411 0.5514646464646465
7644 10.160303030303032 6.949962121212121
7647 11.2779709513435 1.2703896103896104
7654 13.81777777777778 5.115333333333332
7656 -0.5797777777777777 -0.10433333333333339
7663 0.34297222222222246 0.3363333333333334
7680 -0.36011111111111105 0.08066666666666689
7699 -1.5523888888888888 0.2979999999999998
7701 -1.1620833333333331 4.611805555555557
7707 7.135185185185184 4.415222222222223
7712 -0.47296296296296303 0.1287222222222223
7713 2.9101111111111106 1.362722222222222
7717 -1.3157777777777782 0.03722222222222227
7721 18.36111111111111 11.723333333333333
7725 -1.0909343434343437 -0.06314393939393925
773 -0.9715394736842105 -0.1645394736842105
7736 -0.28469696969696967 -0.14863636363636357
774 -0.8591184210526315 -10.967595238095237
7762 -0.16353535353535353 -0.07886363636363636
7779 17.46814245994969 0.8511363636363636
7780 10.723568376068375 4.713108974358973
779 0.30585839256424263 -0.2561100687929958
7794 -0.4370857142857145 0.22944444444444434
7802 14.854566563467493 0.8488888888888888
7804 -0.07411111111111113 -0.18878571428571417
7824 -1.9324137931034486 -0.32750000000000035
7835 -0.5679393939393941 0.5742272727272726
7841 -0.5492954545454546 0.37763636363636355
7847 -3.0273233082706765 -0.3590384615384614
7857 -0.5824741200828158 0.36310606060606065
7876 -135.30812500000002 -10.033472222222226
7882 -2.114740740740741 -0.24327777777777793
7884 2.6782765151515147 -0.057803030303030356
7919 3.018577507598784 4.240833333333333
7939 2.9232034976152628 2.5640705128205123
7947 -0.599903846153846 0.025192307692307736
7954 -1.6652321428571426 -0.20207039337474098
8004 -0.32684267241379306 -0.21579710144927544
8030 4.300559523809524 0.08899999999999997
8046 -2.4426068376068377 -0.09124999999999983
8053 -0.44452380952380977 -0.25285714285714267
8062 -0.5202622377622379 0.14377622377622412
8092 -1.1037867647058826 0.22319852941176466
8114 0.393045112781955 0.004666666666666597
8128 2.6207499999999992 0.6299999999999999
8138 14.018388888888891 0.17099999999999982
8151 13207.824285714285 41509.55523809524
8160 -0.3711875 0.13479166666666664
8165 -0.5656666666666665 0.3001250000000002
8195 9.219825632083698 6.20725
8213 -2.6569642857142854 0.5300892857142856
8216 4.8482352941176465 1.1833636363636362
822 7.522416619559072 7.258511904761906
8226 -0.46206677265500784 0.1218589743589743
8252 17.370399999999997 13.596944444444444
8254 16.26807692307692 12.944375
8264 -0.679212962962963 -0.21770833333333317
8280 0.5844444444444445 2.757944444444445
8290 4.720330357142857 3.877537878787879
8297 -1.461121212121212 -0.20204545454545442
8323 0.03428571428571403 -0.038049450549450636
8351 -0.6854318181818182 0.7331818181818184
841 10.102122807017544 4.850723684210526
8421 4.636431818181817 0.2432727272727273
8489 4.550269396551724 0.7430454545454541
8495 -4.394444444444445 -0.125
8513 -0.7775000000000002 -1.6733928571428573
8555 4.202574074074073 3.855916666666667
8576 -0.2436666666666667 0.09581818181818202
8577 0.07011111111111101 0.04138888888888892
859 6.93784012539185 -0.13822368421052622
8598 0.00607843137254882 0.012628205128205061
8600 5.211085164835165 0.06741758241758244
8607 -0.7412592592592593 -0.35855555555555574
8651 -0.06772632457238226 0.017051282051282035
8662 2.6417624521072796 0.19362637362637347
8675 0.751423293172691 0.531203007518797
8700 2.232197802197803 -0.11758241758241739
8705 0.6396491228070176 0.5274725274725274
8707 6.405555674232309 0.2649242424242422
8719 -105.45642857142857 -6.782380952380951
8723 3.2594658119658124 3.2699999999999996
8730 -0.680909090909091 0.5772727272727273
8742 -6.673690476190477 -0.42874999999999974
8793 4.87184090909091 0.45745454545454556
8823 -0.25370370370370354 -0.08500000000000008
8888 3.2968888888888888 1.1515555555555554
8912 5.203362068965518 2.406227272727273
8921 63.6203125 17.867291666666667
893 -0.6264912280701755 -0.3853216374269005
9020 -0.26775362318840523 -0.06401515151515147
9026 6.542457264957264 1.423878205128205
9032 10.18029177718833 7.730666666666666
904 1.5980555555555558 0.09757309941520464
9045 9.843285714285715 -0.0879166666666662
9052 -6.227083333333332 -0.6325
9109 10.747777777777777 1.7708333333333335
911 -0.993166666666667 0.08236528644356211
9117 0.09036507936507943 -0.0029285714285713915
9132 8.629351851851851 4.949027777777778
9133 -0.9854166666666668 -0.1709722222222223
9155 9.993650793650794 7.970714285714285
9207 11.112777777777778 8.770833333333334
9218 9.601682539682539 9.064357142857142
9239 8.385263157894736 3.624421052631579
9268 -0.20894396551724137 0.11977272727272714
932 -0.6254872655177675 0.18133333333333324
9324 -1.0670486111111115 0.7230555555555558
9326 0.8786553030303028 0.5916729182295575
9334 3.129462755438366 0.1284711779448623
9353 -0.15585454545454536 0.4697916666666666
9424 3.1198181818181823 3.4967727272727265
9457 13.71254872563718 6.32625
9467 -2.349444444444445 0.09303405572755397
9557 2.0270256410256406 0.467222222222222
9558 -0.2703863636363635 0.14454545454545475
9594 -2.4733333333333327 0.14249999999999985
9595 -0.33441666666666636 0.967
9632 -0.2156466165413533 -0.43342948717948726
9633 2.449120879120878 0.4026373626373623
9652 -0.12736842105263158 0.03337912087912076
9677 3.003277967757694 3.090623655913978
9704 -0.29788888888888876 0.8586666666666669
9740 -0.44127272727272726 -0.12550000000000017
9804 3.1133333333333337 4.647500000000001
9814 -0.22747614720581577 0.31377976190476176
9817 -3.89031746031746 -0.7344047619047618
986 -0.27108827493261456 -0.3235289575289575
9895 -1.4584047619047618 0.47791666666666677
9954 -14.633849206349202 -4.32577380952381
9962 5.067212121212121 0.19381818181818167
999 -1.064669642857143 -0.4322348484848484
