results/band_fits/with_ext/sdss_sako18_mcmc_fit_class.ecsv
# %ECSV 0.9
# ---
# datatype:
# - {name: obj_id, datatype: string}
# - {name: x, datatype: float64}
# - {name: y, datatype: float64}
# schema: astropy-2.0
obj_id x y
[from data line 2192]
18978 39.09779914529915 21.524679487179483
18979 0.6050405405405401 0.6631089743589742
18982 -5.251022222222223 -1.5014048531289912
18983 21.72181818181819 8.385535714285714
18984 -1.5866153846153845 -0.6627678571428568
18986 -3.663253968253969 -0.7090769230769229
18988 15.987142857142857 1.1182142857142843
1899 3.327361111111112 4.350694444444445
18991 0.1916666666666682 -1.8022222222222215
18993 18.873260869565218 12.116774193548386
18995 9.081641025641026 -0.751897435897436
18997 -2.2376296296296294 -0.4320555555555554
19000 38.39630405405405 17.990274725274723
19001 -0.9142307692307694 -0.4285714285714284
19002 -2.9949774436090237 -0.501826923076923
19003 -32.35053571428571 -174.5297619047619
19004 -3.9658422939068103 -2.59136645962733
19005 -1.8327777777777774 -0.905492424242424
19008 -3.1213131313131317 -0.33045454545454556
19011 -6.469920634920634 -0.9651190476190474
19013 3.604038461538462 3.2299038461538463
19014 -0.18055555555555558 -0.40208333333333335
19017 7.5358439609902454 5.635928571428571
19022 7.715291777188327 11.342555555555554
19023 -4.408791855203621 -0.5600878552971578
19024 -1.8771818181818194 2.6768181818181818
19025 4.246904761904762 1.5350000000000001
19026 0.04488888888888809 1.2719999999999998
19027 -1.1792521367521371 -0.032660256410256494
19029 -1.9645726495726497 -0.7061538461538464
1903 -4.066854575163397 -20.465323426573427
19032 -1.3085101010101006 -0.1468560606060607
19033 1.33470238095238 -0.26761904761904765
19034 -28.696969696969692 -15.777363636363638
19035 -7.0676984126984115 -1.8302380952380957
19037 -1.6600071225071238 0.15816239316239322
19042 15.373666666666665 2.9715
19045 -1.0185000000000004 -0.954674603174603
19047 2.635 0.9883333333333328
19048 -0.7372494172494172 -0.5116783216783221
19050 -7.057070105820108 0.9795833333333337
19051 -3.0955671447196877 -0.7895681818181819
19052 -0.6418484848484847 -0.08372727272727287
19059 -0.5136273029296283 -0.10174074074074069
19060 -3.301186440677965 nan
19063 1.5435664335664327 1.8205244755244756
19065 -0.24150221729490018 0.21038095238095234
19066 5.4217424242424235 1.756420454545454
19067 -1.6704273504273504 -0.6314423076923075
19068 -2.9745454545454555 -0.5690909090909089
19070 1.3953846153846152 0.4638461538461536
19072 -0.12182231852654413 0.4946401515151513
19073 -2.0948787878787885 1.1753181818181817
19078 1.0681814814814816 0.43936296296296296
19079 -1.9032727272727272 -0.1421818181818183
19081 7.727449494949495 0.9208333333333332
19082 11.270937499999999 3.031666666666666
19088 -0.8551262626262628 0.052954545454545476
19090 -0.3089898989898988 -2.728080808080806
19098 -4.654259259259259 -0.8085416666666669
19100 -0.7981818181818183 2.6107727272727272
19101 -3.071242424242424 0.1926363636363635
19103 -2.4366666666666665 0.2557272727272728
19106 8.817666666666664 3.162
19107 3.670375 2.3826666666666667
19109 3.329442700156986 0.8729084967320262
19112 -2.975090909090909 -1.013
19114 13.260185185185184 2.291875
19117 9.792070707070707 1.1123484848484848
19118 11.391185185185185 6.316611111111111
19119 5.044636363636363 1.738409090909091
19120 6.754978632478629 2.058044871794872
19121 4.357402597402597 1.7025974025974027
19122 2.1499999999999995 4.038571428571428
19124 4.882209165687427 0.8952403846153849
19128 4.9191666666666665 2.7002083333333333
19129 -0.2966666666666664 1.4484848484848487
19132 3.275913461538461 0.17628205128205127
19134 6.54782774390244 2.388896103896104
19135 0.4116190476190478 -0.08199999999999985
19137 62.772457142857135 68.23357142857142
19138 -0.3018953488372098 -0.241428571428572
19140 7.668486486486486 5.741274074074074
19141 29.8397619047619 16.93839682539683
19144 4.144098360655739 0.26750000000000007
19145 3.284222996515679 4.894702380952381
19149 240.63800000000006 109.07336700336701
1915 -3.1060370370370376 -1.501777777777778
19150 -1.4528571428571433 -1.0871428571428572
19155 -586.4214285714286 -140.59487804878046
19158 -3.1156904761904753 -0.14342857142857168
19161 -1.3521069019200835 -0.5533482142857145
19164 -1.328491655969191 0.09240476190476188
19165 -0.1875 0.32000000000000006
19169 1.4977936507936502 2.2876500638569603
19170 -3.6131746031746026 -1.2646428571428572
19173 3.2226 2.3024242424242427
19174 -1.0534432234432236 -1.0991666666666662
19175 4.574891304347826 1.8146428571428572
19176 2.82928571428571 0.9303676470588238
19180 2.1177272727272722 3.5103529411764702
19188 -0.18888888888888888 0.042119883040935724
19189 3.9094054580896693 1.227119883040936
1919 14.514969696969693 2.4505454545454555
19190 14.778766233766234 9.101047619047618
19191 2.617878787878788 2.84986013986014
19192 7.311666666666667 3.611166666666667
19198 -0.15842261904761878 0.39879464285714294
19201 3.6027272727272726 -6.557348484848487
19203 -2.7437799564270158 -1.141372549019608
19205 -2.8848333333333342 3.0370000000000004
19207 -1.9671428571428577 -0.8475824175824176
19209 -0.8331410256410257 -1.0577564102564103
1921 3.901520800627944 3.196688311688311
19212 3.2511111111111104 5.3845238095238095
19218 16.724850427350425 10.018846153846154
19219 4.255454545454546 -0.4810606060606055
19220 19.65109090909091 6.813272727272727
19221 93.46018181818184 85.25945454545456
19222 -0.7299494949494951 -0.4915530303030302
19224 3.0996068376068378 2.3796923076923076
19229 -22.809761904761906 -3.4255357142857146
19230 17.950811965811965 18.20355769230769
19232 6.383510101010101 1.2159848484848481
19274 -1.7285547785547788 -0.1284615384615384
19276 1.4375524475524468 6.210664335664335
19282 137.44914285714285 1.3189015151515147
19287 0.04256410256410259 -0.07365384615384607
19306 -1.9529779411764716 -0.6360110294117649
19315 -2.243333333333334 0.8297727272727271
19317 4.171965811965812 2.2481410256410257
19319 6.064682539682539 11.303392857142857
19322 15.86234722222222 3.8527500000000003
19323 39.80590909090909 80.53757575757575
19325 5.5554166666666625 3.3343402777777778
19326 9.160217391304347 0.0993750000000011
19329 -0.20362499999999928 0.9181458333333332
19331 -0.06203296703296668 -0.2716208791208792
19332 -0.6066233766233768 0.5465
19334 -0.1725000000000002 -0.019647435897435894
19335 -0.4713095238095235 -0.1635119047619049
19336 -0.2033119383825417 0.03648351648351622
19338 -0.1857352941176471 -0.23996323529411767
19339 -0.32459207459207473 -0.26409090909090893
19341 -3.154769230769233 -0.34525000000000006
19342 -7.738695652173918 -6.238611111111112
19344 -1.1183607350096714 -0.21047830923248045
19346 1.9312356979405028 1.2573333333333325
19347 1.8818095238095234 10.150166666666667
19348 -158.654090909091 -12.868285714285712
19349 2.054350649350649 -0.7787301587301589
19352 -0.6087679425837322 0.38489743589743575
19353 -72.95147727272729 -5.586857142857156
19359 -3.6510000000000034 -4.180476190476192
19364 -0.4933675464320628 0.5384583333333335
19365 0.520095785440613 0.5283809523809522
19370 -0.528126984126984 -0.8011666666666666
19372 -4.415000000000001 -0.5005952380952383
19377 -0.8812531328320801 0.276904761904762
19379 4.756477272727272 2.8007102272727273
19380 -1.978030303030303 -0.7803977272727273
19381 -1.7709393939393925 -0.8541287878787882
19382 -2.944772727272726 -0.4170833333333328
19387 -18.397777777777776 -1.0916666666666668
19389 0.23741987179487145 0.48589743589743584
19399 -2.274760869565217 -1.2588291517323777
19400 0.9780789473684206 -0.9171153846153843
19402 -4.9374242424242425 -0.34098484848484834
19408 7.615669642857142 3.4342803030303033
19412 -0.14857142857142946 -2.6115714285714287
19414 -0.7999145299145298 -0.053749999999999964
19423 54.232083333333335 18.663125
19424 -0.48520833333333324 0.6808333333333333
19425 17.023914141414142 0.9646212121212119
19428 -4.741863636363636 -1.2684090909090924
19432 6.9998571428571426 13.11607142857143
19433 4.745664335664337 0.382027972027972
19434 -1.982176724137931 0.2623181818181819
19436 6.396245421245421 0.7321978021978008
19438 26.682689075630243 21.577371794871794
19441 -5.768461538461539 -2.3835897435897437
19449 0.698030303030303 -0.49469696969696986
19459 -0.730388026607539 0.44604761904761914
1946 -2.000232843137255 -1.0750735294117648
19461 -0.5035174418604649 0.11930952380952387
19464 4.485333333333334 2.307666666666666
19465 -1.8823992673992676 -0.9954395604395601
19467 -0.2143356643356643 -0.056678321678321764
19468 -0.69159477124183 -0.19490196078431388
19486 5.18054054054054 0.44000000000000017
19490 -0.4771130952380953 -0.4182142857142861
19492 -0.22250000000000003 0.09738095238095212
19494 -0.05547619047619046 0.21697802197802207
19499 -1.6995604395604396 -0.020686813186813202
19501 18.48411616161616 18.26534090909091
19502 5.905750000000001 -0.25749999999999995
19513 0.19327886710239683 -0.36011437908496724
19515 17.427916666666665 2.8413636363636363
19516 6.305151515151515 0.5788636363636364
19517 5.5862105263157895 4.555192307692308
19521 0.6330000000000009 -0.7569999999999997
19523 1.9126143790849675 1.104705882352941
19524 6.777916666666667 2.045576923076924
19525 -1.2836713735558405 0.19427141268075632
19528 -6.837499999999999 -3.1622222222222227
19529 -0.5262828947368421 1.2171328671328674
19531 -3.4326515151515142 -1.171590909090909
19537 -1.2207070707070704 -0.1701515151515154
19538 24.60166666666666 1.4175000000000004
19539 40.19870192307692 20.708711484593838
19541 29.506069518716572 0.2484135472370781
19543 -6.019898989898989 -7.09340909090909
19544 -0.6904545454545454 -3.0704545454545453
19545 -0.6165170940170942 0.03980769230769221
19552 6.185625000000001 0.8300000000000003
19555 -3.0619444444444426 0.04400000000000048
19556 16.32389527458493 0.5568571428571429
19557 -2.6769090909090902 0.24416666666666664
19565 -0.37293055555555643 -30.15587499999998
19573 6.954957264957264 2.264775641025641
19575 0.2701480263157894 -0.18653846153846143
19576 2.2702097902097895 2.9452447552447554
19577 5.1924537037037 1.244166666666667
1958 1.2922696043591564 0.6526470588235295
19580 8.94636752136752 1.818878205128205
19582 -0.3329292929292931 0.37704545454545435
19588 13.045253915519698 2.5482352941176476
19592 -8.494772727272728 -1.1029166666666672
19593 -0.6065675057208235 2.0220000000000002
19596 -5.618156565656566 -0.3953787878787881
19598 72.97480769230769 11.884871794871799
19604 -0.5454553571428571 2.671060606060606
19605 7.4335232383808085 2.26825
1961 7.754558823529415 1.831286764705883
19610 1.6408333333333327 8.261458333333334
19616 -7.106907790143086 -3.881858974358974
19619 7.726895787139689 0.04590476190476167
19625 -0.9148835920177383 -0.015071428571428624
19626 -54.74717948717948 -6.7762271062271076
19629 21.184015873015863 37.65659523809525
1963 -4.074333333333334 -0.9526666666666668
19632 -2.2485555555555554 -0.04988095238095225
19636 53.53381818181818 24.412181818181818
19640 60.113901515151504 19.21214646464646
19645 34.132060606060605 26.93509090909091
19647 1.8989090909090915 0.45254545454545436
19649 12.185555555555553 6.4321527777777785
19652 -0.9706363636363637 -0.13927272727272721
19653 -0.6604761904761904 0.579642857142856
19657 -2.2547727272727274 -0.4356818181818183
19658 -53.573625 -9.930625
19667 8.863916666666668 0.5666666666666669
19668 -1.0434065934065941 -0.1891304347826086
19679 -14.427814814814816 -4.36740909090909
19683 4.927857833655706 0.35987500000000017
19686 -2.766250000000001 5.114999999999998
19687 5.3302121212121225 1.6383636363636365
19689 -0.2745468998410172 0.7544572158365257
19690 -1.4321428571428587 -0.4375
19692 5.067559523809523 1.5249803921568628
19694 2.981111111111111 1.4553125
19697 3.548000000000002 0.6699999999999982
19699 5.171904761904759 1.6614285714285715
19700 -2.354285714285714 -0.3516666666666701
19701 -97.703 1.1771428571428402
19702 -4.047363636363636 -0.18140151515151492
19708 -3.46032634032634 -1.1491071428571427
19721 10.852777777777778 2.1679166666666663
19722 0.6454954954954957 -0.026219969969969892
19723 1.3188148148148149 4.576027777777778
19724 25.589333333333336 3.472999999999999
19725 8.743571428571427 3.9942857142857133
1973 10.99754545454545 1.4365454545454546
19731 -1.3560416666666661 -0.5699999999999998
19733 8.994301587301587 2.3722142857142865
19737 3.865172413793104 2.402899106002555
19742 5.1696060606060605 1.561090909090909
19746 3.5986666666666673 2.081227272727273
19749 9.722812499999998 0.6867857142857141
1975 -1.9309150326797404 -2.52723311546841
19751 30.78350378787879 2.2163636363636368
19752 8.789 3.9725714285714284
19754 10.048611111111109 1.5604166666666668
19755 3.8583492063492066 0.8371666666666664
19757 14.554250000000001 0.6579999999999999
19759 8.83047619047619 1.7986904761904765
19762 -0.6240740740740742 -0.08000000000000007
19763 1.9239999999999995 2.940083333333333
19764 0.8455113636363638 0.8854545454545453
19766 -0.05876172607879937 0.15424603174603146
19768 26.721060606060604 10.408454545454546
19769 -1.6167499999999997 -1.1203750000000001
19772 6.184267399267399 5.105906593406594
19775 -6.340444444444444 50.07816666666667
19776 5.824242424242424 4.448636363636363
19777 0.07592592592592573 0.03788888888888864
19778 -3.2169999999999996 0.9499999999999997
1978 -0.22049019607843157 -0.5483169934640522
19787 11.74977272727273 7.048863636363637
1979 -0.3168452830188677 0.019232026143790826
19791 3.6684343434343436 2.0225378787878787
19794 6.445555555555554 4.755416666666667
19797 7.5333728448275865 2.0108181818181823
1980 10.385151515151517 3.6655303030303035
19802 16.133460317460326 18.87490476190476
19804 12.63607142857143 5.787321428571429
19806 0.05683229813664559 -0.0536111111111115
1981 0.4924494949494944 1.60949494949495
19818 35.76935897435898 5.037472527472527
19821 10.417777777777777 0.4150694444444446
19824 0.14549902152641847 0.04470921985815601
19825 -1.6191802773497685 3.608142857142857
19826 -0.7221726190476185 -0.02747619047619021
19833 19.539 12.641785714285716
19834 -3.4288636363636362 -0.522095238095238
19839 3.3242077294685997 18.893516129032257
19848 1.346812638580931 -0.2146190476190476
19849 10.965641025641025 0.6503846153846153
19885 27.966483516483517 21.176428571428573
19899 123.62500000000006 2471.8135
19908 158.48964285714288 46.63223214285714
1991 -0.696101364522417 0.04959064327485385
19913 -4.061717171717172 -3.6116666666666664
19940 -22.528835978835975 -15.580396825396829
19942 12.611707317073176 5.629731800766287
19943 -3.5557407407407404 -0.9997222222222222
19953 -25.65714285714286 -18.28848214285714
19968 -264.67629166666666 -22.190384615384616
19969 -6.906985221674878 -4.729833333333333
19986 -0.33618478944060315 -0.23106206896551718
19987 0.1191919191919193 0.6406832298136647
19990 -0.704139922978177 -0.7047252747252748
19992 -7.475416666666668 0.06479166666666636
2000 89.4250919117647 -183.2667401960784
2001 4.721851851851852 1.4630000000000005
2002 1.7561111111111107 14.795185185185188
20033 -1.9378888888888888 -1.3282500000000002
20038 -8.162999999999998 -8.901
20039 -6.257962962962962 -2.671666666666666
20040 -2.388037037037037 -0.5970555555555557
20043 -1.199141414141414 -0.7703787878787876
20045 -7.931011904761906 -3.8568750000000005
20046 52.90724747474748 18.925606060606057
20047 -0.35983682266009853 0.0032635467980296484
20048 20.65095238095238 1.2803174603174607
20051 31.378000000000004 15.206
20052 -493.4577777777778 -77.89500000000001
20064 -50.000625 -17.682290969899665
20065 -0.3453333333333335 -0.009000000000000119
20068 -3.9552678571428563 0.7298214285714284
20070 0.5558151476251609 6.875642857142857
20084 -4.974550264550265 -2.9294444444444445
20086 -2.8426062717770035 -0.1304761904761904
20088 -4.520317460317459 -2.1811630036630034
20090 -2.2052222222222233 0.574888888888889
20091 -1.143703703703704 -0.5410416666666668
20092 2.6807797270955174 0.6651023391812867
20093 9.679742424242423 nan
20094 17.264757575757574 2.292409090909091
20097 -2.4998518518518518 5.063333333333334
20104 -0.6403846153846158 -0.3570512820512818
20106 1.6599259259259262 0.5612777777777777
20111 27.829814814814817 17.561722222222222
20115 1.0099038461538452 2.636388888888889
20125 -2.973369963369964 0.5203809523809522
20127 8.573703703703703 2.113194444444444
