results/band_fits/with_ext/sdss_sako18_mcmc_fit_fits.ecsv
# %ECSV 0.9
# ---
# datatype:
# - {name: obj_id, datatype: string}
# - {name: message, datatype: string}
# - {name: band, datatype: string}
# - {name: source, datatype: string}
# - {name: pre_max, datatype: int64}
# - {name: post_max, datatype: int64}
# - {name: vparams, datatype: string}
# - {name: t0, datatype: float64}
# - {name: x1, datatype: float64}
# - {name: amplitude, datatype: float64}
# - {name: mwebv, datatype: float64}
# - {name: z, datatype: float64}
# - {name: c, datatype: float64}
# - {name: t0_err, datatype: float64}
# - {name: x1_err, datatype: float64}
# - {name: amplitude_err, datatype: float64}
# - {name: mwebv_err, datatype: float64}
# - {name: z_err, datatype: float64}
# - {name: c_err, datatype: float64}
# - {name: chisq, datatype: float64}
# - {name: ndof, datatype: float64}
# - {name: b_max, datatype: float64}
# - {name: delta_15, datatype: float64}
# meta: !!omap
# - band_names: !!python/tuple [sdss_sako18_u1, sdss_sako18_u2, sdss_sako18_u3, sdss_sako18_u4, sdss_sako18_u5, sdss_sako18_u6, sdss_sako18_g1,
#     sdss_sako18_g2, sdss_sako18_g3, sdss_sako18_g4, sdss_sako18_g5, sdss_sako18_g6, sdss_sako18_r1, sdss_sako18_r2, sdss_sako18_r3,
#     sdss_sako18_r4, sdss_sako18_r5, sdss_sako18_r6, sdss_sako18_i1, sdss_sako18_i2, sdss_sako18_i3, sdss_sako18_i4, sdss_sako18_i5,
#     sdss_sako18_i6, sdss_sako18_z1, sdss_sako18_z2, sdss_sako18_z3, sdss_sako18_z4, sdss_sako18_z5, sdss_sako18_z6]
# - lambda_eff: !!python/tuple [3551, 3551, 3551, 3551, 3551, 3551, 4686, 4686, 4686, 4686, 4686, 4686, 6166, 6166, 6166, 6166, 6166,
#     6166, 7480, 7480, 7480, 7480, 7480, 7480, 8932, 8932, 8932, 8932, 8932, 8932]
# - {fit_func: mcmc_fit}
# - {out_path: /global/u1/d/djp81/Photometric-Classification/results/band_fits/with_ext/sdss_sako18_mcmc_fit_fits.ecsv}
# schema: astropy-2.0
obj_id message band source pre_max post_max vparams t0 x1 amplitude mwebv z c t0_err x1_err amplitude_err mwebv_err z_err c_err chisq ndof b_max delta_15
[from data line 1632]
13099 NONE sdss_sako18_u1 hsiao_x1 4 18 amplitude,x1 2453996.818082916 0.01515789023906924 1.41317061476126e-06 0.037976112570363846 0.26451 "" "" 0.278209191078083 3.401069867567376e-05 "" "" "" 34.6 20.0 -11.55 1.026
13099 NONE sdss_sako18_z1 hsiao_x1 4 19 amplitude,x1 2453996.818082916 0.2576086088568621 3.297250789388982e-05 0.037976112570363846 0.26451 "" "" 0.20775690785200826 4.394442419048403e-05 "" "" "" 51.43 21.0 -18.39 0.719
13099 NONE all sn91bg 20 94 t0,amplitude,x1,c 2453998.5141445594 1.0247191466862473 1.0735131053680523e-16 0.037976112570363846 0.26451 0.02971306798034435 0.4319543832899593 0.241008874524017 4.0833270452128453e-17 "" "" 0.04702139446809666 423.31 110.0 -19.08 1.634
13099 NONE sdss_sako18_g1 sn91bg 4 19 amplitude,x1,c 2453998.5141445594 1.126568015724773 7.244012573665565e-16 0.037976112570363846 0.26451 0.5245049106068729 "" 0.08016314481081534 4.535715357537302e-16 "" "" 0.26133474856830863 69.52 20.0 -20.27 1.54
13099 NONE sdss_sako18_i1 sn91bg 4 19 amplitude,x1,c 2453998.5141445594 0.9041545684978223 1.4402278533653296e-16 0.037976112570363846 0.26451 0.6076852107478209 "" 0.14838409101295272 3.862250237459033e-17 "" "" 0.2768059940592713 47.77 20.0 -18.19 1.78
13099 NONE sdss_sako18_r1 sn91bg 4 19 amplitude,x1,c 2453998.5141445594 1.2064526798587316 1.499856638315552e-16 0.037976112570363846 0.26451 0.49603133371493113 "" 0.0369517117121829 4.886434819165802e-17 "" "" 0.2566474625241446 40.13 20.0 -18.67 1.476
13099 NONE sdss_sako18_u1 sn91bg 4 18 amplitude,x1,c 2453998.5141445594 0.9157126505888625 1.115092698627923e-15 0.037976112570363846 0.26451 0.7352711981804577 "" 0.17480105033008758 1.255045635526241e-15 "" "" 0.22289583430713097 33.09 19.0 -20.15 1.765
13099 NONE sdss_sako18_z1 sn91bg 4 19 amplitude,x1,c 2453998.5141445594 1.0620196821061418 8.378687220989777e-17 0.037976112570363846 0.26451 0.588851435594914 "" 0.15052917767694132 2.584739646271256e-17 "" "" 0.2889793876410026 44.62 20.0 -17.76 1.597
13101 NONE all hsiao_x1 15 104 t0,amplitude,x1 2453994.434634201 -0.02134661053502833 2.807554266880806e-05 0.03297543165192301 0.366749 "" 4.180329346648138 0.1353792472123685 1.2513473626841795e-05 "" "" "" 140.16 116.0 -18.87 1.087
13101 NONE sdss_sako18_g1 hsiao_x1 3 20 amplitude,x1 2453994.434634201 -0.07491631296079673 2.8835120600156646e-05 0.03297543165192301 0.366749 "" "" 0.2071110930926592 2.251252031450469e-06 "" "" "" 24.95 21.0 -18.92 1.187
13101 NONE sdss_sako18_i1 hsiao_x1 3 21 amplitude,x1 2453994.434634201 -0.04447966607509685 3.474429329953592e-05 0.03297543165192301 0.366749 "" "" 0.18785970677982292 1.962565734999868e-06 "" "" "" 30.33 22.0 -19.33 1.128
13101 NONE sdss_sako18_r1 hsiao_x1 3 21 amplitude,x1 2453994.434634201 -0.09193776591551107 3.149455494144421e-05 0.03297543165192301 0.366749 "" "" 0.13480895025656492 1.4513612153036463e-06 "" "" "" 16.82 22.0 -19.12 1.221
13101 NONE sdss_sako18_u1 hsiao_x1 3 21 amplitude,x1 2453994.434634201 -0.058318022408517536 9.867482989836281e-07 0.03297543165192301 0.366749 "" "" 0.28215622213329183 5.644999281435327e-05 "" "" "" 19.72 22.0 -11.6 1.154
13101 NONE sdss_sako18_z1 hsiao_x1 3 21 amplitude,x1 2453994.434634201 -0.08186438526646658 1.2734230829180193e-05 0.03297543165192301 0.366749 "" "" 0.25690414783569643 3.418473870374081e-05 "" "" "" 32.88 22.0 -17.15 1.201
13101 NONE all sn91bg 25 94 t0,amplitude,x1,c 2453997.0346578574 1.0771644451967193 4.558875610925323e-17 0.03297543165192301 0.366749 0.034709026378895655 1.0154197057329792 0.10434837697867297 6.3267564237775574e-18 "" "" 0.03000883237719331 130.26 115.0 -19.01 1.583
13101 NONE sdss_sako18_g1 sn91bg 5 18 amplitude,x1,c 2453997.0346578574 1.062803009663272 4.523317863949387e-16 0.03297543165192301 0.366749 0.6844974766352504 "" 0.13488555988926168 2.5439424958025135e-16 "" "" 0.23838655355033858 29.52 20.0 -20.23 1.596
13101 NONE sdss_sako18_i1 sn91bg 5 19 amplitude,x1,c 2453997.0346578574 1.0374711038168964 6.957132601887661e-17 0.03297543165192301 0.366749 0.5844306312476616 "" 0.13170349824342298 1.9512172509110643e-17 "" "" 0.2730205874576868 32.22 21.0 -18.37 1.621
13101 NONE sdss_sako18_r1 sn91bg 5 19 amplitude,x1,c 2453997.0346578574 1.0703587280468383 1.3973641613860782e-16 0.03297543165192301 0.366749 0.6134407623215532 "" 0.12000147629677728 5.882614205030101e-17 "" "" 0.2845484747756494 18.35 21.0 -19.1 1.589
13101 NONE sdss_sako18_u1 sn91bg 5 19 amplitude,x1,c 2453997.0346578574 0.9251344740966093 2.722728441813124e-15 0.03297543165192301 0.366749 0.6788329867360832 "" 0.17434464795214383 2.4440446912280455e-15 "" "" 0.2486269699330192 18.12 21.0 -22.08 1.752
13101 NONE sdss_sako18_z1 sn91bg 5 19 amplitude,x1,c 2453997.0346578574 0.9043043611771385 5.793802654951263e-17 0.03297543165192301 0.366749 0.6064092352609207 "" 0.1690998076864736 2.641706608607605e-17 "" "" 0.2723293578208028 25.68 21.0 -18.02 1.78
13108 NONE all hsiao_x1 10 102 t0,amplitude,x1 2453992.5838067834 0.109571691045798 -2.4587200293347615e-05 0.021024907890938044 0.204617 "" 2.511574525011163 0.13719504496593898 3.324854727341996e-05 "" "" "" 734.37 109.0 -17.12 0.889
13108 NONE sdss_sako18_g1 hsiao_x1 2 21 amplitude,x1 2453992.5838067834 0.06006043552275446 -3.826168355901598e-05 0.021024907890938044 0.204617 "" "" 0.09468184380382198 1.209649309842733e-06 "" "" "" 37.25 21.0 -18.08 0.957
13108 NONE sdss_sako18_i1 hsiao_x1 2 21 amplitude,x1 2453992.5838067834 0.16908743742883073 -5.012166991378273e-05 0.021024907890938044 0.204617 "" "" 0.12188794520725446 1.6702396172760556e-06 "" "" "" 10.12 21.0 -18.67 0.815
13108 NONE sdss_sako18_r1 hsiao_x1 2 21 amplitude,x1 2453992.5838067834 0.06662720776293986 -4.5113930225740024e-05 0.021024907890938044 0.204617 "" "" 0.08244498869886 1.1695042687566476e-06 "" "" "" 18.56 21.0 -18.44 0.948
13108 NONE sdss_sako18_u1 hsiao_x1 2 18 amplitude,x1 2453992.5838067834 -0.08451291153301514 5.162596754223464e-06 0.021024907890938044 0.204617 "" "" 0.2812315178856407 3.090510772904494e-05 "" "" "" 24.84 18.0 -13.73 1.206
13108 NONE sdss_sako18_z1 hsiao_x1 2 21 amplitude,x1 2453992.5838067834 0.1582701790421354 -7.081622205015506e-05 0.021024907890938044 0.204617 "" "" 0.28485299194598046 6.3107136767140145e-06 "" "" "" 21.23 21.0 -19.42 0.828
13108 NONE all sn91bg 20 92 t0,amplitude,x1,c 2453997.5513022095 1.2065979424426292 6.307840435867013e-17 0.021024907890938044 0.204617 0.018171688973099898 0.5202228343498323 0.037682196754799675 3.07448445432855e-18 "" "" 0.016334547064353198 143.01 103.0 -18.04 1.476
13108 NONE sdss_sako18_g1 sn91bg 4 19 amplitude,x1,c 2453997.5513022095 1.1497217859463649 4.156044175964417e-16 0.021024907890938044 0.204617 0.611556828002231 "" 0.08082920529684845 2.3680472459780835e-16 "" "" 0.26962620161177064 53.31 19.0 -18.9 1.521
13108 NONE sdss_sako18_i1 sn91bg 4 19 amplitude,x1,c 2453997.5513022095 1.1733803633934485 8.063809532408704e-17 0.021024907890938044 0.204617 0.5116284294135557 "" 0.06588157433066649 1.7313100808332973e-17 "" "" 0.28453847888551004 22.51 19.0 -17.31 1.502
13108 NONE sdss_sako18_r1 sn91bg 4 19 amplitude,x1,c 2453997.5513022095 1.1915370261415434 1.161640654220146e-16 0.021024907890938044 0.204617 0.5655434669150398 "" 0.046817657089917065 3.324596800452031e-17 "" "" 0.2690266780110987 15.3 19.0 -17.63 1.488
13108 NONE sdss_sako18_u1 sn91bg 4 16 amplitude,x1,c 2453997.5513022095 0.9115527298496049 1.1526781193569015e-16 0.021024907890938044 0.204617 0.725480049983743 "" 0.1697673241177218 8.321845268583824e-16 "" "" 0.2552577193735006 24.58 16.0 -17.07 1.77
13108 NONE sdss_sako18_z1 sn91bg 4 19 amplitude,x1,c 2453997.5513022095 1.0660107720802823 1.1282376074125141e-16 0.021024907890938044 0.204617 0.4978061518305589 "" 0.1287583080739242 2.7504545428272424e-17 "" "" 0.29912661951683683 22.1 19.0 -17.61 1.593
13135 NONE all hsiao_x1 45 174 t0,amplitude,x1 2454003.0636381144 0.034953376245156445 -2.0531091883571674e-07 0.024173199684973317 0.10337 "" 7.019848668736357 0.46129463704311535 2.8156095691061236e-06 "" "" "" 88591.6 206.0 -5.11 0.995
13135 NONE sdss_sako18_g2 hsiao_x1 4 18 amplitude,x1 2454003.0636381144 0.12434739928030673 -5.916161975925657e-05 0.024173199684973317 0.10337 "" "" 0.3058807232058544 8.924313857429338e-05 "" "" "" 9460.77 19.0 -17.41 0.87
13135 NONE sdss_sako18_g3 hsiao_x1 5 17 amplitude,x1 2454003.0636381144 -0.014133201304892427 -4.1470084028559875e-05 0.024173199684973317 0.10337 "" "" 0.2831610029527776 0.00011270479070316443 "" "" "" 18184.65 19.0 -16.64 1.074
13135 NONE sdss_sako18_i2 hsiao_x1 4 18 amplitude,x1 2454003.0636381144 -0.1582157481964483 -0.00013649936813231963 0.024173199684973317 0.10337 "" "" 0.01495255022744854 9.621584693215253e-07 "" "" "" 31.39 19.0 -19.22 1.368
13135 NONE sdss_sako18_i3 hsiao_x1 5 17 amplitude,x1 2454003.0636381144 -0.1365668724447035 -2.799660472622778e-05 0.024173199684973317 0.10337 "" "" 0.014254959966701461 0.0001375409405174575 "" "" "" 6763.74 19.0 -15.78 1.318
13135 NONE sdss_sako18_r2 hsiao_x1 4 18 amplitude,x1 2454003.0636381144 -0.12379955098279645 0.00013466916520476745 0.024173199684973317 0.10337 "" "" 0.014471666086968104 7.138171169387803e-07 "" "" "" 23.52 19.0 -19.19 1.289
13135 NONE sdss_sako18_r3 hsiao_x1 5 17 amplitude,x1 2454003.0636381144 -0.16327706803732187 7.513942390203744e-08 0.024173199684973317 0.10337 "" "" 0.011724859756608563 0.00013730805432789412 "" "" "" 15601.37 19.0 -2.93 1.38
13135 NONE sdss_sako18_u2 hsiao_x1 4 18 amplitude,x1 2454003.0636381144 -0.1862205254414529 0.00013117153969521527 0.024173199684973317 0.10337 "" "" 0.07118858902939874 9.785547798308092e-06 "" "" "" 26.88 19.0 -19.14 1.438
13135 NONE sdss_sako18_u3 hsiao_x1 5 16 amplitude,x1 2454003.0636381144 -0.31605097615779254 -5.534439757587269e-05 0.024173199684973317 0.10337 "" "" 0.061091697774912974 0.00012494028316746713 "" "" "" 590.37 18.0 -17.26 1.827
13135 NONE sdss_sako18_z2 hsiao_x1 4 18 amplitude,x1 2454003.0636381144 -0.21153473701771558 -2.750467260089694e-05 0.024173199684973317 0.10337 "" "" 0.04027079367456328 0.000135786101895627 "" "" "" 442.31 19.0 -15.75 1.506
13135 NONE sdss_sako18_z3 hsiao_x1 5 17 amplitude,x1 2454003.0636381144 -0.06441741198474353 -2.6066702979785885e-08 0.024173199684973317 0.10337 "" "" 0.07042347294051715 0.00013066908039716972 "" "" "" 520.36 19.0 -0.63 1.166
13135 NONE all sn91bg 45 174 t0,amplitude,x1,c 2454001.9255272686 1.2017048486826274 6.977826969110822e-16 0.024173199684973317 0.10337 0.5172817688685586 0.665010862926224 0.0903537533173103 8.408061284530634e-17 "" "" 0.07670952818520904 26272.29 205.0 -18.05 1.48
13135 NONE sdss_sako18_g2 sn91bg 4 18 amplitude,x1,c 2454001.9255272686 1.2465723213174422 1.3032855857067779e-15 0.024173199684973317 0.10337 0.23810565965396735 "" 0.003251610717502348 3.3218880134412614e-16 "" "" 0.12552581193999815 647.04 18.0 -19.31 1.448
13135 NONE sdss_sako18_g3 sn91bg 5 17 amplitude,x1,c 2454001.9255272686 1.1348487231564675 1.4417282341226135e-15 0.024173199684973317 0.10337 0.2879792563330488 "" 0.0344801765464357 3.246786327658162e-16 "" "" 0.12425062397727935 1474.12 18.0 -19.24 1.533
13135 NONE sdss_sako18_i2 sn91bg 4 18 amplitude,x1,c 2454001.9255272686 1.2395172468468902 4.1751246906715453e-16 0.024173199684973317 0.10337 0.53458474233194 "" 0.009594246490753949 6.557260173137105e-17 "" "" 0.26744861637408424 208.98 18.0 -17.49 1.453
13135 NONE sdss_sako18_i3 sn91bg 5 17 amplitude,x1,c 2454001.9255272686 1.24449646377449 4.542077548897018e-16 0.024173199684973317 0.10337 0.5721969105736905 "" 0.004820554169021549 6.899152761294481e-17 "" "" 0.25577033419035744 217.91 18.0 -17.52 1.449
13135 NONE sdss_sako18_r2 sn91bg 4 18 amplitude,x1,c 2454001.9255272686 1.2470599925954278 6.590621338043721e-16 0.024173199684973317 0.10337 0.42097733867282405 "" 0.0028639830965114135 1.401800814308253e-16 "" "" 0.24102015735750498 106.21 18.0 -18.23 1.448
13135 NONE sdss_sako18_r3 sn91bg 5 17 amplitude,x1,c 2454001.9255272686 1.2026238679622412 7.320115735709757e-16 0.024173199684973317 0.10337 0.49421848431020965 "" 0.019488964079539896 1.4560266250687525e-16 "" "" 0.23006344936425016 267.8 18.0 -18.14 1.479
13135 NONE sdss_sako18_u2 sn91bg 4 18 amplitude,x1,c 2454001.9255272686 0.8557940592976483 1.3095152852905724e-14 0.024173199684973317 0.10337 0.6489328869559915 "" 0.0875216974669757 7.771127546566945e-15 "" "" 0.2513547827763851 71.0 18.0 -20.71 1.851
13135 NONE sdss_sako18_u3 sn91bg 5 16 amplitude,x1,c 2454001.9255272686 0.8386822267753338 1.140255799177877e-14 0.024173199684973317 0.10337 0.5783468822824298 "" 0.03958623068462069 7.469078699305756e-15 "" "" 0.2933937163443905 131.28 17.0 -20.68 1.878
13135 NONE sdss_sako18_z2 sn91bg 4 18 amplitude,x1,c 2454001.9255272686 1.1713053226619767 3.7846588811188486e-16 0.024173199684973317 0.10337 0.516706805416612 "" 0.06133300912551157 3.856955613935977e-17 "" "" 0.28976096982582344 39.72 18.0 -17.36 1.503
13135 NONE sdss_sako18_z3 sn91bg 5 17 amplitude,x1,c 2454001.9255272686 1.2178146291689669 3.3340125993504147e-16 0.024173199684973317 0.10337 0.49455228694094494 "" 0.02892690457932164 2.825133895069594e-17 "" "" 0.2833280051959997 65.2 18.0 -17.3 1.468
13136 NONE all hsiao_x1 5 104 t0,amplitude,x1 2453988.4699033666 1.053625831718297e-05 1.5478102178553856e-09 0.020652910512096636 0.370458 "" 0.0018686756946527385 5.522356010641966e-05 2.041074670893543e-11 "" "" "" 673.1 106.0 2.4 1.05
13136 NONE sdss_sako18_g3 hsiao_x1 1 21 amplitude,x1 2453988.4699033666 -0.23455143206492352 -1.791186769352424e-05 0.020652910512096636 0.370458 "" "" 0.09080777767720294 4.069165913091285e-05 "" "" "" 111.43 20.0 -17.92 1.57
13136 NONE sdss_sako18_i3 hsiao_x1 1 21 amplitude,x1 2453988.4699033666 -0.2520529712029119 -7.724244936180853e-06 0.020652910512096636 0.370458 "" "" 0.11886298398405319 3.720515998254908e-05 "" "" "" 140.71 20.0 -16.09 1.622
13136 NONE sdss_sako18_r3 hsiao_x1 1 21 amplitude,x1 2453988.4699033666 0.2382080715768043 2.146171708450767e-05 0.020652910512096636 0.370458 "" "" 0.286158952754993 2.6066922001652947e-05 "" "" "" 152.09 20.0 -18.31 0.739
13136 NONE sdss_sako18_u3 hsiao_x1 1 20 amplitude,x1 2453988.4699033666 -0.04122103623012285 -5.184636268676814e-07 0.020652910512096636 0.370458 "" "" 0.28632199785266876 4.4785016989707695e-05 "" "" "" 12.07 19.0 -10.22 1.122
13136 NONE sdss_sako18_z3 hsiao_x1 1 21 amplitude,x1 2453988.4699033666 -0.08702611855248212 -2.0599141940470243e-06 0.020652910512096636 0.370458 "" "" 0.2785413065765049 2.9453414865391505e-05 "" "" "" 26.7 20.0 -13.22 1.211
13136 NONE all sn91bg 20 89 t0,amplitude,x1,c 2453997.8164584585 1.1355017181999074 4.483001815325085e-17 0.020652910512096636 0.370458 0.016671194402120573 0.988873174797214 0.07760521614780173 4.401360072376511e-18 "" "" 0.019159360636687453 167.69 105.0 -19.09 1.532
13136 NONE sdss_sako18_g3 sn91bg 4 18 amplitude,x1,c 2453997.8164584585 1.0030815406187001 5.442813981465587e-16 0.020652910512096636 0.370458 0.5749275162516592 "" 0.12768479976215158 3.4242601914766947e-16 "" "" 0.3032318642155138 31.53 19.0 -20.62 1.658
13136 NONE sdss_sako18_i3 sn91bg 4 18 amplitude,x1,c 2453997.8164584585 1.01145385078415 6.148488852959787e-17 0.020652910512096636 0.370458 0.5140653738319488 "" 0.12663827722255463 1.9460204625151278e-17 "" "" 0.2875821306320173 23.19 19.0 -18.36 1.649
13136 NONE sdss_sako18_r3 sn91bg 4 18 amplitude,x1,c 2453997.8164584585 1.194714945396441 1.382866208428983e-16 0.020652910512096636 0.370458 0.5465258253555496 "" 0.04588940408888899 6.258148493844247e-17 "" "" 0.2728425931733801 28.94 19.0 -19.34 1.485
