results/band_fits/with_ext/sdss_sako18_mcmc_fit_class.ecsv
# %ECSV 0.9
# ---
# datatype:
# - {name: obj_id, datatype: string}
# - {name: x, datatype: float64}
# - {name: y, datatype: float64}
# schema: astropy-2.0
obj_id x y
[from data line 1080]
18761 -0.363720238095238 0.017857142857142794
18767 -0.7261640798226168 0.017238095238095275
18768 23.742851629502567 -0.5826666666666667
18782 -0.6400231711353856 0.7008241758241758
18787 -1.4627763362740012 -0.7373214285714285
18789 -2.3051666666666675 -0.4981090100111232
18797 10.691189070163148 0.9080422691879866
18800 2.904551282051282 1.4112259615384617
18802 0.054642857142857104 -0.3125
18803 2.064669312169313 1.1038558201058204
18804 -18.29639029322548 -0.7680088987764184
18807 -3.3633333333333324 -1.4606434782608695
18809 -33.83722222222222 -19.073142857142855
18824 -1.7821818181818183 -0.7657894736842106
18827 -5.0009565217391305 -1.7424553571428567
18835 -69.34727272727272 4.135714285714272
18836 0.3057377622377626 3.296648648648649
18839 -0.2620895522388058 0.26
18851 3.3765577342047925 0.12657142857142878
18855 -43.39500000000001 -23.178333333333327
18890 59.009734848484854 370.1102564102564
18903 -3.8629797979797975 -3.7790151515151518
18907 4.508995098039216 11.417077205882354
18909 15.644666666666662 2.1256363636363638
18917 -0.5366388888888893 -0.4561485826001954
18920 0.41040277777777745 4.0073125
18927 18.62806349206349 15.766333333333336
18940 1.5953120600096266e+30 36.35457692307692
18941 -0.5124852941176469 0.14814814814814825
18942 -0.6474000575208513 0.1572916666666666
18943 -1.2284816247582202 -0.48234604105571854
18945 21.302689345314512 12.56760989010989
18947 1.1182261904761899 1.3154285714285712
18948 4.067514506769827 1.78025
18952 6.422428571428571 5.460452380952382
18953 -0.669999999999999 0.36857142857142833
18954 -0.11299999999999955 -0.27714285714285225
18959 -0.9574370709382158 -3.762000000000004
18961 3.6939285714285726 0.4736263736263736
18965 90.91238359201775 22.86828571428571
18971 -0.5225935288169866 2.1093125
18972 -0.5594258373205743 0.12461538461538468
18973 -0.33779914529914534 0.07722527472527463
18990 -0.5982222222222222 -0.38416666666666655
18993 15.771521739130435 12.131935483870969
19000 53.504695945945954 17.632582417582416
19002 -3.4496090225563916 -0.19025641025641038
19003 -33.88333333333333 -174.2747619047619
19008 10.730252525252526 -0.45079545454545467
19013 0.0052564102564103266 -0.0329807692307692
19014 4.922029914529914 1.6976282051282048
19023 -3.9625000000000004 -0.38155555555555565
19025 4.362559523809523 1.516666666666667
19027 -2.1266880341880343 -0.21980769230769215
19029 14.424273504273504 6.3128846153846165
19030 1.9328282828282828 3.4916666666666663
19032 -1.0801515151515149 0.02840909090909105
19033 1.2558333333333325 -0.26595238095238116
19048 8.646480186480186 12.008916083916086
19051 -2.56851629726206 -0.8628181818181819
19052 -0.589121212121212 -0.08259090909090905
19059 -0.708095961129669 -0.10767369727047171
19067 -1.0517735042735044 -0.1908653846153845
19068 -3.7517424242424244 -0.9330113636363636
19069 0.07326118326118314 0.25043831168831165
19070 2.6094230769230764 0.5169230769230766
19072 0.5483770314192851 3.348106060606062
19078 -0.3267884615384611 0.15556923076923068
19088 -0.7173737373737374 0.05318181818181822
19091 -0.24361842105263154 0.06639860139860132
19099 -0.29649831649831615 0.008583333333332943
19101 -6.303333333333333 -0.5378636363636362
19104 -0.4501923076923078 -0.1291758241758243
19128 -3.375833333333334 0.20194444444444448
19132 4.312996794871794 0.17211538461538456
19144 -0.21565195460277398 0.18191176470588255
19149 225.40696212121216 108.94011784511785
19155 99.04192307692307 47.689473684210526
19165 -0.26842320261437913 0.29856209150326807
19174 -3.3467582417582413 -1.1678809523809524
19175 4.561347826086957 2.563258928571429
19180 -0.10472920696324972 0.6943958333333333
19188 3.018538011695907 0.4063450292397661
19205 -1.6843333333333321 0.05025000000000057
19207 -1.2538461538461536 -0.8018681318681319
1921 2.4228355572998423 2.5891688311688315
19211 3.819020833333333 0.11070833333333341
19212 2.5883174603174606 5.7040476190476195
19220 -3.835424242424242 -0.850590909090909
19230 -2.6563034188034194 -0.1725320512820514
19246 2.116373626373626 0.7051098901098902
19274 16.20006993006993 9.442692307692308
19282 -22.38541071428571 -0.996818181818182
19308 -0.3584848484848484 0.2181363636363638
19317 -0.1328846153846155 -0.14948717948717904
19322 14.228041666666668 4.0005625
19332 -0.5757142857142856 0.44274999999999953
19334 -0.1282264957264958 0.1216987179487179
19335 -0.43980158730158747 -0.1494642857142856
19336 -0.222599486521181 0.798543956043956
19338 0.5297058823529415 -0.2293750000000001
19339 -0.4111752136752136 -0.28262820512820497
19341 -3.150846153846153 -0.42799999999999905
19344 -1.1539990328820118 -0.2695439377085649
19346 1.893295194508008 1.2389999999999999
19347 0.4784285714285721 1.6344761904761902
19350 0.4338492063492063 0.14797619047619048
19352 -0.2675609756097561 0.3867857142857142
19353 -56.975568181818204 -66.93171428571429
19359 -3.7082307692307683 -4.285555555555561
19361 3.0183173076923078 1.5525721153846153
19365 -0.6407535121328225 0.41747619047619033
19377 -0.7242510589141313 0.44993589743589735
19381 26.19042424242425 3.0635984848484843
19389 -0.5150480769230771 0.49448717948717935
19399 -2.6061195652173916 -1.071553166069295
19408 -0.26440178571428596 0.055492424242423954
19414 1.075238095238095 2.3485714285714288
19417 -0.6707575757575754 -0.18666666666666676
19424 -0.7611698717948716 0.2584615384615385
19425 12.83159090909091 9.90193181818182
19434 21.25768318965517 -0.5009999999999999
19449 0.3145707070707071 -0.46390151515151534
19459 11.951385809312638 3.1912857142857143
19461 6.623063953488373 7.905023809523808
19467 -0.21671717171717164 0.1269318181818182
19468 -0.5660522875816993 -0.5075686274509803
19484 -0.10845956354300368 0.5199761904761906
19490 2.729597222222222 0.6209583333333333
19492 2.551239316239317 2.723685897435897
19494 3.8376190476190484 3.6069230769230773
19499 6.145384615384615 4.943076923076923
19501 16.465454545454545 18.270454545454545
19517 -0.20100751879699252 0.05275641025641031
19518 2.675778529980657 2.6940416666666662
19523 -0.42590686274509804 0.34330065359477124
19531 -3.4146780303030297 -0.13734848484848494
19543 368.0841161616161 140.5857196969697
19545 9.480256410256409 6.134679487179488
19552 5.8339583333333325 0.8749999999999998
19555 -2.993611111111104 0.04025000000000123
19556 14.067349936143042 0.6090000000000001
19557 -2.5970909090909053 0.2549999999999999
19559 2.688060897435898 0.5025
19565 -0.046736111111111533 -27.438645833333283
19573 6.508968253968254 2.4035714285714285
19575 -0.04270535714285706 -0.32378787878787885
19582 -0.2856565656565657 0.37598484848484837
19593 -2.897276887871854 3.244333333333337
19596 -2.4174999999999995 -0.36575757575757595
19604 4.737366071428571 4.001818181818182
19616 4.282464285714298 -17.602214285714286
19619 -0.3634423503325941 0.037809523809524404
19625 0.019118625277162016 2.0077380952380954
19626 -57.30928205128205 -7.117472527472528
19632 -1.2715714285714286 0.07452380952380944
19636 42.483090909090905 29.708272727272725
19652 -1.1072424242424246 -0.07572727272727264
19658 -7.4126666666666665 -2.4300555555555556
19668 -0.9577975708502022 -0.23201086956521721
19689 -0.28236089030206735 0.3214687100893998
19690 5.752259379875604e+21 -0.4408333333333334
19702 24.552757575757578 8.426590909090908
19708 -1.8343162393162398 0.5475549450549453
19723 -2.0717989417989418 -0.4825000000000004
19742 -0.9386969696969696 -0.04327272727272713
19757 -0.9362499999999998 0.6669999999999999
19758 3.464045454545454 0.6006363636363634
19762 -0.6411111111111105 -0.07722222222222186
19764 -0.6333901515151514 0.20227272727272738
19769 -1.6370833333333332 -1.0571249999999999
19775 -6.111818181818181 -2.9765
19776 9.127575757575759 4.804090909090908
19778 -3.2742499999999994 0.9350000000000003
1978 2.9738888888888892 0.5686437908496733
19784 0.7813293650793647 1.351160714285714
19787 0.030631313131313398 1.7118181818181817
1979 2.022049056603774 2.7298366013071895
19791 -0.22646464646464648 -0.16666666666666663
19794 7.550277777777777 4.417083333333333
19804 11.062142857142854 4.281190476190475
19818 -4.305897435897435 -0.3599450549450548
19821 -0.4445833333333331 0.10381944444444446
19825 16.41220030816641 3.5713333333333335
19848 7.091651884700666 1.1185476190476193
19899 18.457249999999988 21.919000000000008
1991 -0.8422709551656918 0.7207748538011693
19913 -3.638407407407407 -2.7013333333333334
19940 81.98703703703706 -12.716666666666665
19953 -35.1095238095238 -7.174285714285715
19968 -242.37 -25.57076923076923
19969 -6.353265086206896 -3.9513181818181815
1998 2.2551106382978725 0.8733333333333331
19986 0.038742928975487256 -0.10964137931034501
19990 5.7870988446726574 1.7027747252747252
19992 -10.069107142857142 -1.8399107142857143
20033 -1.6817948717948719 13.386461538461537
20039 -11.861666666666666 -3.015833333333333
20040 47.67833333333334 15.504944444444446
20043 -0.9643181818181819 -0.583181818181818
20046 2.4376161616161616 10.792060606060607
20047 0.46388238916256164 0.004692118226600983
20048 8.872857142857146 -1.2302380952380951
20051 62.71133333333333 14.805
20064 -97.06708333333334 -14.521923076923077
20065 -0.6701388888888887 -0.09566666666666657
20084 -4.767268518518518 -2.0275694444444445
20088 -3.39449938949939 -2.0604487179487183
20090 -3.8548888888888886 -0.7461666666666664
20097 78.72831649831649 29.93818181818182
20104 -0.7010714285714279 0.06005952380952384
20106 1.312703703703703 3.8081666666666667
20111 44.08737037037037 17.480722222222223
20125 -2.8542124542124547 -1.146595238095238
20128 -0.6495 -0.8973749999999998
20141 13.305666666666665 10.060555555555554
20142 -3.8918318965517242 -1.1958799171842651
20144 -3.51404761904762 0.8883928571428568
20152 11.876333333333335 12.942249999999998
2017 -1.6669485294117647 -0.5452757352941177
20171 0.23924125397546558 3.081279761904762
20183 2.503444444444445 2.4170555555555557
20184 -3.7421885521885523 0.28651515151515117
20185 -4.137444444444444 -2.64425
20186 -1.0457912457912457 -0.15691919191919212
20191 -1.3289225589225584 0.12058333333333326
20208 -0.046363636363636385 1.3092410714285712
20217 -1.0007173913043474 0.08158260869565215
20227 -1.6599537037037035 -0.5945833333333332
20231 -1.2614945054945055 0.06677777777777782
20232 -1.9126755852842807 -0.5906249999999997
20245 -2.0731481481481477 -0.39687500000000003
20257 -1.0152020202020202 0.2597348484848485
20262 -0.8173684210526317 0.24399999999999977
20267 1.8111568276684553 0.28472727272727294
20268 -0.3043279857397505 0.5404945054945054
20272 -0.3054490022172949 0.27095238095238106
20273 -0.22302083333333345 -0.12672794117647057
20276 -8.769659090909087 1.6012500000000003
20278 -1.1300725952813064 0.25430769230769235
2030 0.8852631578947374 1.7740064102564084
2031 -7.723222222222223 -4.0337291666666655
20316 -2.8909756097560972 -0.6999999999999993
20319 -7.047045454545458 -0.5116666666666667
20323 5.9910000000000005 6.188
20331 -0.7954515050167226 -0.11812500000000004
20345 -2.2674749163879597 -0.8903472222222222
20350 13.018888888888888 2.5870833333333336
20364 -2.0253846153846156 -0.7427777777777779
20376 -2.55 -0.7675000000000001
20386 -1.6330064655172416 -0.019863636363636417
20391 -0.7599404761904764 0.2438392857142857
20394 -0.5356666666666667 0.1839090909090908
20397 4.098611111111111 10.494652777777778
20399 -0.6490277777777778 -0.05395833333333333
20400 -2.3861904761904755 -0.14428571428571413
20408 -0.3445454545454545 -0.4950000000000001
2041 3.060097744360902 1.2852916666666667
20411 10.772666666666668 1.2735
20430 -2.842777777777778 -1.2225000000000001
20431 0.12532828282828268 0.13568181818181824
20432 9.782939393939394 11.37190909090909
20434 0.06782407407407387 -0.25680555555555573
20435 -2.8590740740740737 -0.11618055555555529
20447 -0.5138409090909091 0.6556363636363637
20467 -5.158583333333333 -1.1835353535353534
20470 -44.5625 -0.6495535714285712
20476 -0.20164682539682488 1.6810714285714292
20480 -1.6472499999999999 0.4951249999999998
20489 1.3747149460708787 0.3878571428571429
20491 -2.853333333333333 -2.477380952380952
20497 -0.5400757575757575 -0.2753030303030304
20501 -0.6435238095238098 -0.4194523809523809
20514 6.67558333333333 0.5757619047619046
20517 0.5927619047619042 0.490261904761905
20528 -7.672000000000001 -9.609761904761903
20533 -3.1237500000000002 -0.3509821428571427
20541 0.5500000000000003 4.459375
20542 28.24037037037037 5.571666666666667
20545 39.822673992674 25.502857142857142
20553 -2.114190476190476 -0.3340000000000005
20557 0.14658067000385078 0.3132417582417584
20558 0.1561624649859943 0.44325757575757563
20560 -0.5758947368421055 -0.16176315789473683
20562 4.4298863636363635 2.4235374149659865
20572 24.38484126984127 7.137976190476191
20575 123.70050925925926 32.51013888888889
20578 -1.0245791245791245 0.6171212121212122
20580 5.145587121212122 -0.014090909090909154
20581 -3.4605555555555556 -0.8699999999999999
20588 0.6876666666666669 0.3759999999999999
20590 -0.3653809523809525 -0.013309523809523771
20591 -0.2873007518796993 -0.5757692307692308
20592 -0.674054054054054 0.20538461538461505
20596 24.570740740740742 17.936111111111114
20601 0.05176274944567627 0.20092857142857146
20608 -0.6483080808080808 -0.18946969696969695
20613 2.087527777777778 0.08333333333333326
20625 -19.80339285714286 -5.378571428571428
20639 -0.26043771043771047 0.7146969696969697
2064 -0.15893749999999973 0.2735416666666668
20663 -1.0141111111111116 -0.1871666666666666
20678 4.8003846153846155 1.8055555555555558
20685 -0.49755952380952406 0.004999999999999893
20687 -0.5359166666666666 -4.840624999999999
20690 9.401856060606061 2.8357954545454556
20704 2.0060370370370366 2.4797777777777776
20709 4.7625 0.5033333333333334
20719 -0.7367863077434365 -0.18917948717948718
20721 22.637916666666666 2.7921428571428573
20722 11.907619047619045 4.385714285714286
20723 -0.18524038461538472 0.35801282051282046
20725 -4.1675595238095235 -0.5480952380952383
20726 -0.35753861003861 -0.4440277777777777
20727 -0.9021263157894737 0.33452380952380956
20744 -3.299415584415584 0.6649999999999998
20757 -0.6374545454545454 0.5315151515151513
20759 5.398320683111955 3.2922348484848483
20764 14.325714285714287 -0.03776785714285724
20768 2.633301435406699 10.502380952380953
2078 -0.35519999999999996 -0.03905228758169943
20787 -0.5923636363636364 -0.37213636363636304
20788 5.291515151515151 0.5413636363636365
2079 0.9928758169934637 5.422352941176471
20791 2.415722222222222 -0.31233333333333335
20805 8.115625 7.785624999999999
2081 0.27844226579520703 -0.20921568627450982
20821 -0.9123838080959519 1.6315000000000002
20825 1.925555555555551 2.019666666666666
20828 -0.4948148148148146 0.23583333333333334
20829 -3.1060000000000003 -0.5110000000000001
20830 -1.1333333333333333 0.6233333333333331
20834 -1.285777777777778 -0.4295
20842 -0.7387500000000002 -0.8275555555555556
20844 8.2329375 0.7522499999999999
20862 -4.563000000000001 0.1532499999999999
20867 -0.28849999999999987 0.7095000000000002
20870 -1.8026296296296294 -0.5895000000000004
20877 -1.7169841269841273 0.679285714285714
20882 17.93515178571429 6.206459627329192
20889 -1.5125462962962963 7.452708333333334
20891 -0.35077777777777785 -0.24524999999999997
20895 10.977777777777776 5.742999999999999
20896 -2.5050000000000012 -0.3043055555555556
20915 -0.14910560344827584 0.07940909090909098
20916 1.489842657342657 0.030279720279720257
20917 2.4901833976833982 2.096230769230769
20920 -0.3936111111111109 -0.025469107551487236
20921 1.4037156862745102 1.901323529411765
20923 3.8419345898004433 2.315642857142857
20926 4.772476851851851 1.9546464646464647
20928 -1.437090909090909 0.14018181818181819
20932 -1.3384027777777772 0.5421281464530892
20934 -5.268888888888888 0.006309523809524098
20936 1.5846972176759413 -0.045500000000000096
20953 -1.8411111111111114 0.7813333333333334
20961 2.3328518518518524 -0.13083333333333313
20964 7.662738095238094 0.9803571428571428
20965 9.844953703703704 0.5640277777777776
20969 -2.4783289124668437 -0.23722222222222222
20971 -0.7656797235023041 0.15154135338345864
