results/band_fits/with_ext/sdss_sako18_mcmc_fit_fits.ecsv
# %ECSV 0.9
# ---
# datatype:
# - {name: obj_id, datatype: string}
# - {name: message, datatype: string}
# - {name: band, datatype: string}
# - {name: source, datatype: string}
# - {name: pre_max, datatype: int64}
# - {name: post_max, datatype: int64}
# - {name: vparams, datatype: string}
# - {name: mwebv, datatype: float64}
# - {name: c, datatype: float64}
# - {name: x1, datatype: float64}
# - {name: z, datatype: float64}
# - {name: amplitude, datatype: float64}
# - {name: t0, datatype: float64}
# - {name: mwebv_err, datatype: float64}
# - {name: c_err, datatype: float64}
# - {name: x1_err, datatype: float64}
# - {name: z_err, datatype: float64}
# - {name: amplitude_err, datatype: float64}
# - {name: t0_err, datatype: float64}
# - {name: chisq, datatype: float64}
# - {name: ndof, datatype: float64}
# - {name: b_max, datatype: float64}
# - {name: delta_15, datatype: float64}
# meta: !!omap
# - band_names: !!python/tuple [sdss_sako18_u1, sdss_sako18_u2, sdss_sako18_u3, sdss_sako18_u4, sdss_sako18_u5, sdss_sako18_u6, sdss_sako18_g1,
#     sdss_sako18_g2, sdss_sako18_g3, sdss_sako18_g4, sdss_sako18_g5, sdss_sako18_g6, sdss_sako18_r1, sdss_sako18_r2, sdss_sako18_r3,
#     sdss_sako18_r4, sdss_sako18_r5, sdss_sako18_r6, sdss_sako18_i1, sdss_sako18_i2, sdss_sako18_i3, sdss_sako18_i4, sdss_sako18_i5,
#     sdss_sako18_i6, sdss_sako18_z1, sdss_sako18_z2, sdss_sako18_z3, sdss_sako18_z4, sdss_sako18_z5, sdss_sako18_z6]
# - lambda_eff: !!python/tuple [3551, 3551, 3551, 3551, 3551, 3551, 4686, 4686, 4686, 4686, 4686, 4686, 6166, 6166, 6166, 6166, 6166,
#     6166, 7480, 7480, 7480, 7480, 7480, 7480, 8932, 8932, 8932, 8932, 8932, 8932]
# - {fit_func: mcmc_fit}
# - {out_path: /global/u1/d/djp81/Photometric-Classification/results/band_fits/with_ext/sdss_sako18_mcmc_fit_fits.ecsv}
# schema: astropy-2.0
obj_id message band source pre_max post_max vparams mwebv c x1 z amplitude t0 mwebv_err c_err x1_err z_err amplitude_err t0_err chisq ndof b_max delta_15
[from data line 10826]
14054 NONE sdss_sako18_i1 sn91bg 4 19 amplitude,x1,c 0.056076482791582435 0.5128662181934366 1.2199367450926737 0.22501251416778922 8.498641375586612e-17 2453999.7412264873 "" 0.28196721432534083 0.02821273898509655 "" 1.7535762410760908e-17 "" 46.17 19.0 -17.64 1.467
14054 NONE sdss_sako18_r1 sn91bg 4 19 amplitude,x1,c 0.056076482791582435 0.6233865031635744 1.2289722424865248 0.22501251416778922 1.422705168669687e-16 2453999.7412264873 "" 0.2669568521125516 0.018904406985271512 "" 4.130614397139397e-17 "" 104.14 19.0 -18.01 1.46
14054 NONE sdss_sako18_u1 sn91bg 4 19 amplitude,x1,c 0.056076482791582435 0.6964022842824268 0.9270324711080961 0.22501251416778922 5.9304224204413355e-15 2453999.7412264873 "" 0.2526807635785579 0.17094716718318154 "" 3.4884423152798917e-15 "" 26.55 19.0 -21.66 1.75
14054 NONE sdss_sako18_z1 sn91bg 4 19 amplitude,x1,c 0.056076482791582435 0.49717466080277317 1.0761813312668167 0.22501251416778922 1.2236356875371776e-16 2453999.7412264873 "" 0.29718412290363216 0.13405593292214688 "" 2.875164299156993e-17 "" 29.53 19.0 -17.94 1.584
14055 NONE all hsiao_x1 5 104 z,t0,amplitude,x1 0.06113095147129993 "" 0.040165663111269706 0.24466325323181595 -6.411577382545851e-06 2453978.6941297445 "" "" 0.4116577044824154 0.1453826152331987 3.359010938548393e-05 5.1410063515715505 554.9 105.0 -14.64 0.987
14055 NONE sdss_sako18_g1 hsiao_x1 1 21 amplitude,x1 0.06113095147129993 "" 0.09096285729282491 0.24466325323181595 2.4343106335326423e-06 2453978.6941297445 "" "" 0.2647392649805152 "" 1.6754408086745845e-05 "" 39.62 20.0 -12.54 0.914
14055 NONE sdss_sako18_i1 hsiao_x1 1 21 amplitude,x1 0.06113095147129993 "" 0.3886532536116653 0.24466325323181595 -2.1397619932906874e-05 2453978.6941297445 "" "" 0.08184550922968996 "" 4.918507581276897e-05 "" 245.59 20.0 -17.26 0.604
14055 NONE sdss_sako18_r1 hsiao_x1 1 20 amplitude,x1 0.06113095147129993 "" 0.35297776063694414 0.24466325323181595 -7.252122064997364e-06 2453978.6941297445 "" "" 0.12064942552846694 "" 3.493119932632352e-05 "" 125.58 19.0 -14.91 0.633
14055 NONE sdss_sako18_u1 hsiao_x1 1 21 amplitude,x1 0.06113095147129993 "" -0.03306425518744139 0.24466325323181595 8.378965498885915e-08 2453978.6941297445 "" "" 0.28237266594572086 "" 2.484649085774387e-05 "" 23.02 20.0 -5.22 1.107
14055 NONE sdss_sako18_z1 hsiao_x1 1 21 amplitude,x1 0.06113095147129993 "" -0.0539081816918395 0.24466325323181595 -8.38932009944955e-06 2453978.6941297445 "" "" 0.2816894151597054 "" 5.0806314510148354e-05 "" 30.07 20.0 -15.23 1.146
14055 NONE all sn91bg 5 104 z,t0,amplitude,x1,c 0.06113095147129993 0.6614770129025672 1.1738006350763859 0.2185058538503832 1.28928099862513e-16 2453980.984337448 "" 0.1650153346732947 0.07855679334593271 0.02412684256468652 2.5180096778965572e-17 1.5012144665579528 143.2 104.0 -17.71 1.501
14055 NONE sdss_sako18_g1 sn91bg 1 21 amplitude,x1,c 0.06113095147129993 0.6802447589708007 0.8814695389018754 0.2185058538503832 1.9309648228166991e-16 2453980.984337448 "" 0.25614220268690047 0.17398331361308383 "" 1.5903265163235517e-16 "" 36.36 19.0 -17.87 1.812
14055 NONE sdss_sako18_i1 sn91bg 1 21 amplitude,x1,c 0.06113095147129993 0.5731455361882868 1.1855207749415755 0.2185058538503832 1.3115458187857269e-16 2453980.984337448 "" 0.27595974950535107 0.06227527158953485 "" 2.928348497215835e-17 "" 38.5 19.0 -17.91 1.492
14055 NONE sdss_sako18_r1 sn91bg 1 20 amplitude,x1,c 0.06113095147129993 0.6011936398318192 1.0807796221606953 0.2185058538503832 1.459252165417713e-16 2453980.984337448 "" 0.28134465018815397 0.1448073694335695 "" 5.549220373890567e-17 "" 16.16 18.0 -17.89 1.579
14055 NONE sdss_sako18_u1 sn91bg 1 21 amplitude,x1,c 0.06113095147129993 0.7085827888079951 0.8923008500846852 0.2185058538503832 -1.956621133877186e-15 2453980.984337448 "" 0.22520462043883668 0.17311206965570156 "" 2.4383389820437488e-15 "" 22.04 19.0 -10.61 nan
14055 NONE sdss_sako18_z1 sn91bg 1 21 amplitude,x1,c 0.06113095147129993 0.559002350044773 0.8883005460608916 0.2185058538503832 1.1068233847195196e-16 2453980.984337448 "" 0.2822029750707825 0.16848930980704596 "" 5.574945632831642e-17 "" 22.05 19.0 -17.5 1.803
14057 NONE all hsiao_x1 57 118 z,t0,amplitude,x1 0.03773490779195867 "" 0.31237351715742484 0.31734406577061186 2.1353548301116404e-05 2454019.8662537304 "" "" 0.2562532206369802 0.08624574916365148 1.2814302884600748e-05 4.680898203226442 376.16 156.0 -17.9 0.668
14057 NONE sdss_sako18_g1 hsiao_x1 12 24 amplitude,x1 0.03773490779195867 "" 0.46300796209541695 0.31734406577061186 2.9673141024577936e-05 2454019.8662537304 "" "" 0.03377835514014313 "" 1.0101514039598098e-06 "" 72.38 31.0 -18.62 0.549
14057 NONE sdss_sako18_i1 hsiao_x1 11 23 amplitude,x1 0.03773490779195867 "" 0.3941793967685652 0.31734406577061186 3.0213578816308546e-05 2454019.8662537304 "" "" 0.08907276825866332 "" 1.4108485305651075e-06 "" 34.52 29.0 -18.66 0.599
14057 NONE sdss_sako18_r1 hsiao_x1 11 24 amplitude,x1 0.03773490779195867 "" 0.4457988831107148 0.31734406577061186 2.872245452638219e-05 2454019.8662537304 "" "" 0.04766389324452591 "" 1.026783469752468e-06 "" 48.28 30.0 -18.55 0.561
14057 NONE sdss_sako18_u1 hsiao_x1 12 24 amplitude,x1 0.03773490779195867 "" 0.2377524963854678 0.31734406577061186 1.2058517163795628e-05 2454019.8662537304 "" "" 0.22093604770133637 "" 5.53974108115831e-05 "" 38.9 31.0 -16.66 0.739
14057 NONE sdss_sako18_z1 hsiao_x1 11 23 amplitude,x1 0.03773490779195867 "" -0.052833953389359145 0.31734406577061186 4.165492828136491e-05 2454019.8662537304 "" "" 0.29035314294818326 "" 6.184766969219789e-06 "" 35.0 29.0 -19.36 1.144
14057 NONE all sn91bg 57 118 z,t0,amplitude,x1,c 0.03773490779195867 0.05403409873044551 1.234592928830285 0.12227492671109404 3.6766081810394714e-17 2454017.1516909525 "" 0.04252730173794179 0.013437007743100826 0.0912071824155502 2.9834207918184635e-18 2.4521007790184104 332.55 150.0 -16.19 1.456
14057 NONE sdss_sako18_g1 sn91bg 12 24 amplitude,x1,c 0.03773490779195867 0.49141125159967125 1.1909775938149119 0.12227492671109404 1.5175294419691383e-16 2454017.1516909525 "" 0.2671002894196626 0.05863962475117726 "" 8.526065532042973e-17 "" 117.55 29.0 -16.82 1.488
14057 NONE sdss_sako18_i1 sn91bg 11 23 amplitude,x1,c 0.03773490779195867 0.5615192919035703 1.1973347547572655 0.12227492671109404 4.191737623502805e-17 2454017.1516909525 "" 0.28020518466272554 0.048781073027968344 "" 8.604456239743792e-18 "" 58.46 27.0 -15.31 1.483
14057 NONE sdss_sako18_r1 sn91bg 11 24 amplitude,x1,c 0.03773490779195867 0.560551139171037 1.2094797853936368 0.12227492671109404 5.548909157734224e-17 2454017.1516909525 "" 0.28052875975962194 0.039951295008215024 "" 1.4161922912324117e-17 "" 72.02 28.0 -15.62 1.474
14057 NONE sdss_sako18_u1 sn91bg 12 24 amplitude,x1,c 0.03773490779195867 0.7005714335629031 0.8695035582849944 0.12227492671109404 1.6333607656253563e-15 2454017.1516909525 "" 0.22350187092008494 0.173344981150946 "" 1.253048615367872e-15 "" 34.75 29.0 -18.74 1.83
14057 NONE sdss_sako18_z1 sn91bg 11 23 amplitude,x1,c 0.03773490779195867 0.5146393132479318 1.0378687795337282 0.12227492671109404 8.271206277400482e-17 2454017.1516909525 "" 0.2941775820621224 0.15166756173435955 "" 2.790708915973593e-17 "" 34.87 27.0 -15.99 1.621
14058 NONE all hsiao_x1 20 85 z,t0,amplitude,x1 0.034519819916883576 "" -8.048668738305828e-06 0.2250047004218994 6.839567968277852e-10 2454000.7703863503 "" "" 9.203201985879967e-05 3.129716461937728e-05 6.324480316020009e-12 0.0015773654185731905 499.7 96.0 5.42 1.05
14058 NONE sdss_sako18_g1 hsiao_x1 4 17 amplitude,x1 0.034519819916883576 "" 0.44723751183901805 0.2250047004218994 5.389075462116296e-06 2454000.7703863503 "" "" 0.05198503083933993 "" 2.6518215652570443e-05 "" 184.33 18.0 -14.06 0.56
14058 NONE sdss_sako18_i1 hsiao_x1 4 17 amplitude,x1 0.034519819916883576 "" 0.3244536868354951 0.2250047004218994 7.974761615844764e-08 2454000.7703863503 "" "" 0.16168072935274505 "" 2.82247061829677e-05 "" 85.73 18.0 -4.91 0.657
14058 NONE sdss_sako18_r1 hsiao_x1 4 17 amplitude,x1 0.034519819916883576 "" 0.40200889485907093 0.2250047004218994 1.5770204449987972e-05 2454000.7703863503 "" "" 0.09058395344664968 "" 2.126446048575721e-05 "" 81.96 18.0 -16.39 0.593
14058 NONE sdss_sako18_u1 hsiao_x1 4 17 amplitude,x1 0.034519819916883576 "" 0.14890429561767657 0.2250047004218994 -3.701203797979226e-07 2454000.7703863503 "" "" 0.26558525550823003 "" 3.110256709330173e-05 "" 58.52 18.0 -8.24 0.839
14058 NONE sdss_sako18_z1 hsiao_x1 4 17 amplitude,x1 0.034519819916883576 "" 0.10671073327448259 0.2250047004218994 -5.781517980462045e-06 2454000.7703863503 "" "" 0.2641665244097654 "" 3.3326892470310964e-05 "" 25.53 18.0 -14.21 0.893
14058 NONE all sn91bg 20 85 z,t0,amplitude,x1,c 0.034519819916883576 0.549988334241626 1.0000425368067234 0.22500205837581488 1.7224268647962422e-16 2453999.7676764815 "" 0.000122319986162063 7.559561181234749e-05 2.9070968109677295e-05 1.2589892392275686e-18 0.0020503455743546275 1426.58 95.0 -18.16 1.661
14058 NONE sdss_sako18_g1 sn91bg 4 17 amplitude,x1,c 0.034519819916883576 0.7825546225285233 1.1846320762996876 0.22500205837581488 3.415798560005264e-16 2453999.7676764815 "" 0.16829047126571461 0.06832082619514067 "" 1.2779278488887365e-16 "" 91.94 17.0 -18.6 1.493
14058 NONE sdss_sako18_i1 sn91bg 4 17 amplitude,x1,c 0.034519819916883576 0.5609730903674631 1.0786476764756654 0.22500205837581488 3.187303449003783e-17 2453999.7676764815 "" 0.29549076713029937 0.1392231958695662 "" 9.17039422510318e-18 "" 46.75 17.0 -16.38 1.581
14058 NONE sdss_sako18_r1 sn91bg 4 17 amplitude,x1,c 0.034519819916883576 0.5901463294927471 1.1373762592496905 0.22500205837581488 5.195162709823999e-17 2453999.7676764815 "" 0.27305705802387753 0.10189803251590492 "" 1.8376253684189247e-17 "" 57.45 17.0 -16.9 1.531
14058 NONE sdss_sako18_u1 sn91bg 4 17 amplitude,x1,c 0.034519819916883576 0.7153150010351135 1.008100195190685 0.22500205837581488 1.3712097498594138e-15 2453999.7676764815 "" 0.24297111154104611 0.17570373838484107 "" 1.0614882315418237e-15 "" 54.92 17.0 -20.1 1.652
14058 NONE sdss_sako18_z1 sn91bg 4 17 amplitude,x1,c 0.034519819916883576 0.5376296253920173 0.956710568895199 0.22500205837581488 2.9793359544588016e-17 2453999.7676764815 "" 0.29073749410159594 0.17058376623209387 "" 1.965091511006484e-17 "" 23.18 17.0 -16.24 1.712
1406 NONE all hsiao_x1 45 45 z,t0,amplitude,x1 0.03126428738380838 "" 0.16197859918439395 0.13788032039465647 -8.363199433296377e-06 2453671.3885894706 "" "" 0.31253567774629304 0.093920269694342 2.381856395603085e-05 3.995159877192712 355.9 61.0 -13.84 0.823
1406 NONE sdss_sako18_g5 hsiao_x1 9 9 amplitude,x1 0.03126428738380838 "" 0.42207588890074166 0.13788032039465647 -2.8661831622314177e-05 2453671.3885894706 "" "" 0.0717940150409017 "" 1.0409536658450397e-06 "" 19.53 11.0 -16.51 0.578
1406 NONE sdss_sako18_i5 hsiao_x1 9 9 amplitude,x1 0.03126428738380838 "" 0.18213847223892793 0.13788032039465647 -1.955143584392654e-05 2453671.3885894706 "" "" 0.20728089064575253 "" 2.685792007648664e-05 "" 31.78 11.0 -15.68 0.8
1406 NONE sdss_sako18_r5 hsiao_x1 9 9 amplitude,x1 0.03126428738380838 "" 0.20873565856553705 0.13788032039465647 -1.580374179685117e-05 2453671.3885894706 "" "" 0.2008788942971203 "" 2.111693047587446e-05 "" 37.34 11.0 -15.22 0.77
1406 NONE sdss_sako18_u5 hsiao_x1 9 9 amplitude,x1 0.03126428738380838 "" 0.29463845868192384 0.13788032039465647 -1.1258452205865242e-05 2453671.3885894706 "" "" 0.19218276267625534 "" 5.504867733029612e-05 "" 47.65 11.0 -14.48 0.684
1406 NONE sdss_sako18_z5 hsiao_x1 9 9 amplitude,x1 0.03126428738380838 "" 0.021681508676777834 0.13788032039465647 -2.0830695788601403e-06 2453671.3885894706 "" "" 0.2949269236460174 "" 3.4791306590529006e-05 "" 11.58 11.0 -10.82 1.015
1406 NONE all sn91bg 45 45 z,t0,amplitude,x1,c 0.03126428738380838 0.15370454857617313 1.1864303295160596 0.07423661010917186 3.1985884501735513e-17 2453670.7141234265 "" 0.1642478492780942 0.06177484329722599 0.02088183410571371 4.63060415434937e-18 1.793406939726296 163.82 60.0 -14.66 1.492
1406 NONE sdss_sako18_g5 sn91bg 9 9 amplitude,x1,c 0.03126428738380838 0.5871827930778345 1.1853608700838174 0.07423661010917186 1.3265101523066363e-16 2453670.7141234265 "" 0.2754099192924218 0.062352669983408285 "" 6.123087803287897e-17 "" 41.3 10.0 -15.35 1.492
1406 NONE sdss_sako18_i5 sn91bg 9 9 amplitude,x1,c 0.03126428738380838 0.5631834675227682 1.0624716918659334 0.07423661010917186 3.8099468736476196e-17 2453670.7141234265 "" 0.28597504693447406 0.14768041566082238 "" 9.599778211842583e-18 "" 17.27 10.0 -13.94 1.597
1406 NONE sdss_sako18_r5 sn91bg 9 9 amplitude,x1,c 0.03126428738380838 0.5679550620615605 1.0542361902383588 0.07423661010917186 3.7572774623545665e-17 2453670.7141234265 "" 0.27883010165613353 0.15079239311665096 "" 1.1528285435265955e-17 "" 16.86 10.0 -13.91 1.604
1406 NONE sdss_sako18_u5 sn91bg 9 9 amplitude,x1,c 0.03126428738380838 0.7158751660720107 0.9645869807205667 0.07423661010917186 2.0956487737748638e-15 2453670.7141234265 "" 0.23635531690848507 0.1716916564963633 "" 1.210237670381467e-15 "" 16.09 10.0 -17.9 1.702
1406 NONE sdss_sako18_z5 sn91bg 9 9 amplitude,x1,c 0.03126428738380838 0.4991404503798797 0.9513753117731594 0.07423661010917186 3.1363438430837715e-17 2453670.7141234265 "" 0.28446862087276603 0.17564761237881749 "" 2.24170138372597e-17 "" 9.29 10.0 -13.74 1.719
14061 NONE all hsiao_x1 0 204 z,t0,amplitude,x1 0.03223326424223776 "" 0.14817240050949546 0.350342040862194 1.4903784203634595e-05 2453970.137200229 "" "" 0.4103889652197266 0.07340089492659284 2.499681245743965e-05 6.50299504082123 649.26 200.0 -17.37 0.84
14061 NONE sdss_sako18_g1 hsiao_x1 0 40 amplitude,x1 0.03223326424223776 "" 0.007778554003786948 0.350342040862194 3.569125472788971e-05 2453970.137200229 "" "" 0.2693867526285222 "" 3.3892960975983822e-06 "" 39.99 38.0 -19.27 1.037
14061 NONE sdss_sako18_i1 hsiao_x1 0 42 amplitude,x1 0.03223326424223776 "" -0.00919576037881794 0.350342040862194 4.424658781983409e-05 2453970.137200229 "" "" 0.11917031978464249 "" 2.197707532058349e-06 "" 33.54 40.0 -19.74 1.066
14061 NONE sdss_sako18_r1 hsiao_x1 0 42 amplitude,x1 0.03223326424223776 "" 0.3848766035734014 0.350342040862194 3.907253825384116e-05 2453970.137200229 "" "" 0.08008263530392494 "" 1.4385765694540458e-06 "" 40.17 40.0 -19.47 0.607
14061 NONE sdss_sako18_u1 hsiao_x1 0 39 amplitude,x1 0.03223326424223776 "" -0.006530386567955385 0.350342040862194 -1.1102715799305185e-06 2453970.137200229 "" "" 0.29325831530094226 "" 4.3914313700212033e-05 "" 53.51 37.0 -11.73 1.061
14061 NONE sdss_sako18_z1 hsiao_x1 0 41 amplitude,x1 0.03223326424223776 "" 0.1891745106201791 0.350342040862194 2.1729315562874552e-05 2453970.137200229 "" "" 0.22526147161971039 "" 3.615223267064445e-05 "" 55.46 39.0 -18.19 0.792
14061 NONE all sn91bg 5 199 z,t0,amplitude,x1,c 0.03223326424223776 0.43712621431507687 1.1962202469681738 0.12978120837427 8.063019881110083e-17 2453975.2521734755 "" 0.1487697698021871 0.049852882699922864 0.03653904412255641 1.0596310963364161e-17 1.299183617783541 219.9 199.0 -16.4 1.484
14061 NONE sdss_sako18_g1 sn91bg 1 39 amplitude,x1,c 0.03223326424223776 0.5948536584247567 0.9761175463262945 0.12978120837427 1.5402559429009851e-16 2453975.2521734755 "" 0.27142825393889297 0.16363959041928955 "" 8.138684112892434e-17 "" 41.3 37.0 -16.62 1.689
14061 NONE sdss_sako18_i1 sn91bg 1 41 amplitude,x1,c 0.03223326424223776 0.5724974292588296 1.1520024863508056 0.12978120837427 8.92883836771275e-17 2453975.2521734755 "" 0.27055908623136565 0.07436164778928304 "" 1.8848297272006915e-17 "" 38.03 39.0 -16.21 1.519
