results/band_fits/with_ext/sdss_sako18_simple_fit_class.ecsv
# %ECSV 0.9
# ---
# datatype:
# - {name: obj_id, datatype: string}
# - {name: x, datatype: float64}
# - {name: y, datatype: float64}
# schema: astropy-2.0
obj_id x y
[from data line 1038]
18389 -0.3570846394984326 -0.260984060984061
18405 -0.5389869281045753 -0.15995098039215683
18415 -3.9397008547008543 -4.692147435897436
18430 -0.13309295774647878 -0.06666666666666687
18446 -0.09689542483660096 -0.08346405228758202
18450 -0.11129629629629645 -0.07541666666666669
18451 -0.2976563307493545 -0.1066666666666668
18454 -0.27770833333333345 -0.3263602941176471
18456 -1.1365742793791573 -0.6486041666666664
18463 -1.3246916076845299 -0.5644166666666668
18466 -0.8908960573476701 -1.2937634408602152
18473 -0.11527243589743574 -0.11243589743589755
18475 -0.4583699633699636 -0.5217032967032968
18479 -0.9304914529914531 -0.7938141025641023
18485 -0.8716666666666666 -1.0657142857142852
18486 -3.1839190687361416 -1.1110217113665388
18582 -0.32627108433734975 -0.8289125214408231
18588 -0.43634032634032627 -0.21898601398601403
18589 -0.7479720279720281 -0.10412587412587404
18602 -18.219636363636365 -3.652636363636364
18604 -0.07401656314699778 -0.2934161490683229
18606 -0.13489898989899007 -0.3729166666666667
18612 -6.055664335664336 -6.221048951048951
18617 -0.335793650793651 0.027142857142857135
18626 -0.36009615384615423 -0.3325641025641026
18630 -0.31477272727272765 -0.3262500000000004
18644 -0.8655011655011657 -1.0627622377622377
18647 -0.6491666666666664 -1.5859523809523814
18650 -20.652310606060606 -13.38161616161616
18666 -0.39949999999999997 -0.31474999999999986
18697 -50.66728571428571 -22.049539682539685
18704 -0.8784926470588237 -0.27207720588235285
18721 -0.24475183823529412 -0.30761029411764707
18722 -1.0875827205882351 -0.06758169934640534
18740 -4.224463545981774 -1.946264822134388
18741 -0.2208253968253967 -0.15216666666666634
18747 0.26479020979020984 0.5175
18749 -0.3600793650793652 -0.8510476190476192
18751 12.280129870129871 3.0360000000000014
18761 -0.2108333333333332 -0.10138392857142864
18767 -0.449550997782705 -0.22145238095238118
18768 -2.9135806174957115 -0.9541111111111109
18782 -1.858499820981024 -0.08666666666666667
18787 -0.7955578619615983 -0.865892857142857
18789 -0.7422619047619048 -0.5565628476084534
18797 -0.1346943059564416 -0.17364613880742907
18800 -0.40205128205128204 -0.03533653846153839
18802 -0.07631009615384621 -0.5035096153846157
18803 -0.17534920634920637 -0.18999999999999995
18804 -8.239661274014155 -1.1855839822024474
18807 -2.631363636363636 -1.4692347826086958
18809 -6.095619658119658 -5.873822222222222
18824 -0.21789961389961388 -0.1090643274853802
18827 -4.576184782608696 -2.3120982142857134
18835 -19.124699248120297 -9.183182608695654
18836 -0.24890909090909086 -0.206942084942085
18839 -0.14483757682177378 0.028125000000000178
18851 -0.19437564499483995 -0.36700366300366305
18855 -5.540735294117647 -7.915944055944057
18890 0.5556818181818177 5.748226495726495
18903 -3.2983080808080816 -3.685833333333333
18907 -0.1301269841269843 -1.2024285714285716
18909 -4.653151515151515 -0.08200000000000018
18917 -0.365375 -0.46951124144672507
18920 -0.6426562499999999 -0.14651785714285714
18927 -0.33925396825396836 -1.0769047619047623
18940 -3.5749282296650726 -0.7711538461538461
18941 -0.4105000000000001 -0.16345185185185185
18942 -0.2716882369859075 -0.07945833333333341
18943 -0.49392166344294 -0.40514173998044956
18945 -6.8957826086956535 -3.0908035714285718
18947 -0.20183035714285724 -0.414107142857143
18948 -0.3953436807095343 -0.6361666666666668
18952 -0.17770940170940175 0.14687179487179503
18953 -0.07588301886792492 -0.2984478764478764
18954 -0.06425925925925924 -0.18027027027027032
18959 -0.42726656394452966 -0.46190476190476115
18961 -0.37339285714285697 -0.14357142857142857
18965 -4.030000000000001 -0.32526190476190475
18971 -0.13906027527289988 -0.4675098039215687
18972 -0.07775353016688058 -0.08148351648351648
18973 -0.17158644589911431 -0.1256593406593407
18990 -0.49211111111111094 -0.4328888888888889
18993 -1.443403781979978 -0.14128571428571424
19000 -2.491972972972973 -0.0921153846153846
19002 -2.0065263157894737 -0.32089743589743613
19003 -4.220530303030302 -9.107828282828283
19008 -2.9012626262626258 -0.6795454545454546
19013 -0.042339743589743684 -0.08506410256410257
19014 -0.143034188034188 -0.5487499999999996
19023 -4.088649321266969 -0.7238294573643411
19025 -0.5261378205128211 -0.15006410256410208
19027 -0.6557692307692307 -0.32769230769230784
19029 -1.0660470085470088 -0.7074679487179485
19030 -0.3516287878787878 -0.12151515151515158
19032 -0.9989772727272725 -0.05712121212121202
19033 -0.27296474358974354 -0.12788461538461537
19048 -0.32762237762237745 -0.9906993006993008
19051 -1.452391134289439 -0.8953863636363637
19052 -0.3726599326599326 -0.3040909090909091
19059 -0.46793518518518507 -0.09203917050691246
19067 -0.3686752136752134 -0.5742307692307695
19068 -0.7492261904761901 -0.3532142857142858
19069 0.1394182900432901 -0.05567099567099565
19070 -0.5361553030303028 -0.1730303030303031
19072 -0.31716424116424147 -0.5460727272727276
19078 -0.15294615384615384 -0.008599999999999941
19088 -0.46550505050505053 -0.3042424242424242
19091 -0.43342909256725926 -0.21020979020979003
19099 -0.3174954954954954 -0.06766666666666632
19101 -4.486393939393938 -0.6395909090909092
19104 -0.37633241758241764 -0.2606043956043955
19128 -0.8453703703703704 -0.29041666666666677
19132 -0.1225480769230769 -0.06916666666666665
19144 -0.09132408575031503 -0.09316176470588222
19149 -16.125 -1.2155555555555557
19155 -324.2253571428572 -27.755121951219515
19165 -0.13603758169934643 -0.18421568627451002
19174 -2.3158974358974356 -1.1324761904761906
19175 -0.19759259259259254 -0.08133333333333337
19180 -0.20672906653174783 -0.25027450980392174
19188 -0.15662280701754394 -0.1189766081871344
19205 -0.9016111111111111 -0.6007777777777779
19207 -0.6815384615384621 -0.665824175824176
1921 -0.2953479048822011 -0.06459740259740265
19211 -0.963080357142857 -0.23017857142857145
19212 -0.5638333333333332 -0.6026458333333333
19220 -3.363848484848485 -0.767318181818182
19230 -0.5178632478632477 -0.31176282051282056
19246 -0.49976190476190463 -0.17832417582417603
19274 -1.2325874125874128 -0.5932517482517481
19282 -22.727553571428572 -1.4450378787878784
19308 -0.14825 -0.09199999999999997
19317 0.08974358974358965 -0.12310897435897417
19322 -1.1694070512820511 -0.31689903846153844
19332 -0.4372798605056665 0.36344444444444446
19334 -0.2845512820512821 -0.23794871794871797
19335 -0.1595238095238094 -0.26869047619047626
19336 -0.20473440285205013 -0.1576923076923077
19338 -0.10873774509803957 -0.21601102941176475
19339 -0.37766899766899775 -0.20821678321678339
19341 -1.1614360465116276 -0.20100000000000007
19344 -0.44530464216634424 -0.19734149054505012
19346 -1.331520923520924 -0.6579464285714285
19347 -0.7629285714285716 -0.6838809523809517
19350 -0.19626984126984093 -0.4494642857142854
19352 -0.15124168514412428 -0.1674523809523809
19353 -17.92418243243243 -2.301348148148148
19359 -0.5906995230524634 -0.5613739130434787
19361 -0.15426923076923094 -0.19287179487179507
19365 -0.24754150702426558 -0.04514285714285715
19377 -0.2534116288024646 -0.049935897435897436
19381 -1.5803939393939395 -0.825189393939394
19389 -0.4629006410256409 -0.11647435897435898
19399 -1.409728260869565 -0.971278375149343
19408 -0.2684268125854993 -0.15531468531468517
19414 -0.3741269841269843 -0.11369047619047623
19417 -0.4181818181818182 -0.39689393939393947
19424 -0.42833333333333323 -0.11025641025641025
19425 -0.11972222222222217 -0.0035984848484849064
19434 -1.5810129310344831 -1.0424545454545453
19449 -0.17032828282828283 -0.3287121212121211
19459 -0.260521064301552 0.10523809523809524
19461 -0.3221686046511627 -0.3482142857142857
19467 -0.06946386946386951 -0.16811188811188815
19468 -0.6149117647058826 -0.4816078431372548
19484 -0.07603979460847243 -0.14721428571428574
19490 -0.4999702380952379 -0.4203571428571429
19492 -0.3210470085470085 -0.3796794871794871
19494 -0.08364010989010984 -0.07082417582417588
19499 -1.8933516483516486 -0.3355860805860805
19501 -0.5582983682983684 0.35986013986013954
19517 -0.054902255639097786 -0.09596153846153843
19518 -0.28059464581852644 -0.15628676470588232
19523 -0.16515522875817001 -0.12150326797385624
19531 -0.464375 0.04174242424242425
19543 -6.17239898989899 -5.537424242424243
19545 -0.1873076923076923 -0.05099358974358981
19552 -0.40363636363636335 -0.27636363636363637
19555 -0.8603846153846142 -0.47455357142857135
19556 -0.8826181353767563 -0.18404761904761902
19557 -0.16864935064934983 -0.11101307189542475
19559 -0.3895512820512823 -0.17698717948717957
19565 -0.5263461538461538 -0.0005128205128204222
19573 -0.17057692307692307 -0.22794871794871807
19575 -0.22166964285714286 -0.2689772727272728
19582 -0.1458901515151514 -0.08840909090909088
19593 -0.35968875192604033 -0.379142857142857
19596 -1.3674494949494949 -0.24018939393939398
19604 -0.7823660714285718 -0.28882575757575757
19616 -8.36137837837838 -3.255412087912088
19619 -0.06379711751662986 -0.2660238095238092
19625 -0.3127549889135256 -0.14607142857142852
19626 -27.921641025641026 -3.6153846153846163
19632 -0.8545079365079364 -0.09542857142857142
19636 -3.338661616161616 -0.7498106060606062
19652 -0.5138181818181817 -0.36145454545454536
19658 -10.324 -1.1659999999999997
19668 -0.526640832851359 -0.18382246376811606
19689 -0.31585850556438855 0.014227330779054803
19690 -0.26621794871794835 -0.05631868131868134
19702 -0.9253333333333335 -0.42693181818181825
19708 -1.2849145299145301 -0.6327747252747254
19723 -0.8196031746031747 -0.3843253968253968
19742 -0.22472727272727255 -0.2609090909090912
19757 -0.33694444444444427 -0.10144444444444456
19758 -0.24695454545454543 -0.07281818181818167
19762 -0.2579166666666668 -0.26993589743589785
19764 -0.34196969696969703 -0.07257575757575763
19769 -0.5877777777777776 -0.7807222222222221
19775 -5.568777777777779 -2.5612500000000002
19776 -4.491083333333333 -0.2693333333333332
19778 -0.594472222222222 -0.15599999999999992
1978 -0.03632897603485841 -0.5849346405228757
19784 -0.1505753968253969 0.03372023809523794
19787 -0.46661616161616193 -0.469810606060606
1979 -0.07499245283018885 -0.0071405228758170125
19791 -0.25696969696969707 -0.24397727272727265
19794 -0.15536324786324796 -0.1352884615384614
19804 -0.4627450980392158 -0.04176470588235315
19818 -1.2599816849816847 -0.2844505494505494
19821 -1.0432870370370368 -0.2581944444444444
19825 -0.7477164869029274 -0.05019047619047634
19848 0.0035144124168513535 -0.14921428571428585
19899 -154.59449999999998 -25.189666666666664
1991 -0.12007797270955156 -0.1398099415204681
19913 -3.525858585858586 -3.7347474747474747
19940 -17.8526455026455 -11.34063492063492
19953 -26.989404761904762 -8.820535714285713
19968 -69.534375 -65.29857859531772
19969 -5.10407881773399 -4.24375
1998 -0.14623161764705872 -0.06307453416149067
19986 -0.2934620689655174 -0.33976190476190515
19990 -0.2741014120667523 -0.8042307692307692
19992 -6.227857142857142 -2.2864285714285715
20033 -0.36861538461538446 -1.2578076923076924
20039 -4.542777777777777 -2.7525000000000004
20040 -1.08537037037037 -0.755
20043 -0.9508585858585858 -0.7494318181818183
20046 -2.0837626262626263 -0.8823863636363639
20047 -0.214682881773399 -0.01331280788177347
20048 -1.319365079365079 -2.08984126984127
20051 -6.766805555555555 -2.198541666666667
20064 -54.84944444444445 -16.212558528428094
20065 -0.304736111111111 -0.17127083333333348
20084 -4.492010582010582 -2.6806349206349207
20088 -2.5426909090909096 -1.783745454545454
20090 -2.0587777777777774 -0.5462777777777776
20097 -2.1284511784511784 -1.2026767676767678
20104 -0.4158333333333335 -0.27357142857142847
20106 -0.21996296296296303 -0.1346666666666666
20111 -32.23047619047619 -13.392142857142856
20125 -2.3171062271062275 -1.1278333333333337
20128 -0.8579999999999999 -0.5478750000000003
20141 -0.08437710437710433 -0.3504545454545457
20142 -1.655704433497537 -0.9145904761904765
20144 -1.6158928571428568 -1.5470535714285716
20152 -0.9310909090909092 -1.425318181818182
2017 -0.27780637254901974 -0.42909926470588244
20171 -0.6238391640163564 -0.21175595238095246
20183 -1.2043097643097642 -0.8277272727272729
20184 -0.19652777777777786 -1.240972222222223
20185 -0.6840656565656568 -0.17246212121212112
20186 -0.27570370370370373 -0.16661111111111104
20191 -1.2070555555555558 -0.27482517482517466
20208 -0.035250000000000226 1.6850164473684208
20217 -0.22111250000000016 -0.057983333333333276
20227 -0.36518518518518517 -1.03015873015873
20231 -0.4132558139534883 -0.2721212121212122
20232 -1.0356521739130433 -0.9673611111111111
20245 -0.13245370370370363 -0.3572222222222223
20257 -0.47090909090909083 -0.13541666666666663
20262 -0.6978696741854638 -0.20986363636363659
20267 -0.15428741800834822 -0.2679090909090911
20268 -0.3134010695187168 -0.26335164835164826
20272 -0.09112480739599382 -0.11819047619047629
20273 -0.10066666666666668 -0.2117763157894736
20276 -1.3973139745916514 -0.4142307692307692
20278 -1.0289753694581278 -0.3793333333333334
2030 -0.48282882011605444 -0.3868541666666665
2031 -5.009208333333333 -4.066416666666666
20316 -0.5731984478935697 -0.37057142857142833
20319 -1.3374954627949185 -0.7242307692307692
20323 -0.32647727272727267 -0.09538961038961036
20331 -0.4452508361204013 -0.4244444444444444
20345 -3.083076923076923 -0.332222222222222
20350 -0.10555555555555562 -1.4737500000000001
20364 -1.6238461538461537 -0.8511111111111112
20376 -0.9710648148148147 -1.3200694444444443
20386 -0.6116594827586206 -0.26363636363636367
20391 -0.3631696428571429 -0.07125000000000004
20394 -0.855511363636364 -0.01670454545454536
20397 -0.8611111111111116 -0.31326388888888884
20399 -0.42712962962962986 -0.003472222222222321
20400 -0.30345238095238103 -0.44892857142857157
20408 -0.25530303030303014 -0.44367424242424247
2041 -0.12854135338345873 -0.48860416666666673
20411 -0.3347777777777776 -0.25775000000000003
20430 -1.1253174603174605 -2.370595238095238
20431 -0.21026515151515168 -0.24893939393939402
20432 -0.4117129629629629 -0.7132638888888889
20434 -0.3314814814814817 -0.26520833333333305
20435 -2.4186574074074083 -1.3164583333333335
20447 -0.5964999999999998 -0.019909090909090932
20467 -3.1069696969696974 -1.0373611111111112
20470 -4.2821428571428575 -6.14547619047619
20476 -2.591552795031056 -0.28918219461697703
20480 -1.1257499999999998 0.07962499999999983
20489 -0.10944221879815097 -0.04600000000000015
20491 -2.0731944444444443 -1.748541666666666
20497 -0.32172222222222224 -0.5504166666666667
20501 -0.8155357142857145 -0.0932857142857142
20514 -0.9712023809523811 -0.09995238095238079
20517 -0.07736507936507953 -0.11842857142857144
20528 -7.011307692307692 -8.978015873015872
20533 -0.47690476190476205 -0.5134523809523811
20541 -0.7418518518518518 -0.695416666666667
20542 -0.33891666666666664 -0.12912500000000005
20545 -0.2797948717948717 -0.47548717948717956
20553 -0.24704761904761907 -1.178
20557 -0.17254524451289943 -0.3506043956043958
20558 -0.15757548976285163 -0.19221491228070176
20560 -0.18574342105263164 -0.08805263157894738
20562 -0.5163231347289319 -0.22955125725338488
20572 -1.199702380952382 -0.585892857142857
20575 -0.6720833333333331 0.2108035714285723
20578 -0.7277777777777776 -0.14020202020201955
20580 -0.036780303030302997 -0.16984848484848492
20581 -1.5527777777777778 -0.8175000000000001
20588 -1.808740740740741 -0.5863333333333332
20590 -0.23811974789915968 -0.2976050420168068
20591 -0.21019607843137245 -0.486923076923077
20592 -0.5122518518518516 -0.13994505494505516
20596 -0.8817894736842109 -0.5763461538461536
20601 0.026129429892141953 0.07428571428571429
20608 -0.7427272727272727 -0.23030303030303056
20613 -0.7011111111111112 -0.1566666666666665
20625 -21.349017857142854 -4.567916666666666
20639 -0.2645791245791248 -0.020202020202020332
2064 -0.04891666666666672 -0.14275000000000004
20663 -0.43051851851851874 -0.23933333333333318
20678 -0.38952254641909834 -0.21466666666666667
20685 -0.3372142857142856 -0.10014285714285731
20687 -0.8740277777777778 -2.871666666666668
20690 -0.474694444444445 -0.5808888888888888
