results/des_sn3yr_simple_fit_class.ecsv
# %ECSV 0.9
# ---
# datatype:
# - name: obj_id
#   datatype: string
# - name: x
#   datatype: float64
# - name: y
#   datatype: float64
# schema: astropy-2.0
obj_id x y
01248677 -134.25468181818184 -25.79499361430396
01250017 -271.1076515151515 -23.047533783783784
01253039 -1.5453492063492065 -0.5369117647058823
01253101 -2.1919444444444443 -2.695384615384616
01253920 -49.41372727272728 -7.62488392857143
01255502 -43.593333333333334 -42.187794871794864
01257366 -1.5440404040404037 -4.128120300751879
01257695 -152.68555555555554 -43.75816137566137
01258906 -1.574681818181818 -2.379409090909091
01258940 -1.4091954022988507 -0.4547126436781608
01259412 -22.524303405572756 -34.90033333333333
01261579 -85.22419642857143 -19.233928571428574
01262214 -1.1158452380952382 nan
01262715 -3.0055952380952373 -2.273888888888889
01263369 -10.105833333333333 -1.7210714285714284
01263715 -23.922937062937063 -3.1391666666666667
01275946 -126.43033333333335 -16.148823529411764
01279500 -15.155972222222221 -44.84049535603715
01280217 -0.25423076923076926 -3.921685823754789
01281668 -6.912395833333334 -5.262827838827838
01281886 -2.389195402298851 -1.0287781036168135
01282736 -0.6833541666666666 -0.4020208333333334
01283373 -9.035583333333333 -9.645649867374004
01283878 -1.5346212121212124 -0.27428030303030304
01283936 -0.204942084942085 -0.25836842105263147
01285160 -1.8146450754214731 -1.7527142857142857
01285317 -0.4338819026790596 -0.3194805194805196
01286398 -4.2932500000000005 -8.628382352941177
01287626 -11.170666666666666 -14.621142857142857
01289288 -0.09567398119122261 -0.7234444444444447
01289555 -0.7803428093645481 -0.20730650154798758
01289600 -2.655182608695652 -6.0762285714285715
01289656 -0.760875 0.01178362573099423
01289664 -2.2034782608695647 -6.107650063856961
01290779 -0.3183921568627448 -2.7185139318885447
01290816 -25.443035714285713 -30.61196428571429
01291080 -0.18218750000000017 0.0005303030303032141
01291090 -25.684181818181816 -5.274862155388471
01291794 -0.05296296296296299 -0.6902089864158829
01291957 -4.8148347826086955 -2.700579710144927
01292145 -0.3489027777777779 -0.7396691176470589
01292195 -0.4541586587609898 nan
01292332 -3.808777777777777 -2.7568421052631575
01292336 -2.057388888888889 -5.053358395989975
01292560 -15.601686274509802 -17.250414078674947
01293319 -11.327681818181818 -13.193726708074536
01293758 -60.16446428571429 -9.982444444444443
01294014 -5.088263888888889 -8.367272727272727
01294743 -0.6733333333333336 -4.051453634085213
01295027 -0.24877641824249164 -0.4421875
01295256 -1.4038950715421301 -0.42638095238095236
01295305 -1.8029059829059828 -4.6762500000000005
01295921 -0.2745714285714286 -0.6015454545454546
01296273 -1.1910164835164834 -2.3614962962962958
01296321 -5.127909090909091 -8.961713362068965
01296657 -145.695 -15.792440191387557
01297026 -5.532090909090909 -2.24944099378882
01297465 -33.51893115942029 -25.896153846153844
01298281 -1.303286956521739 -3.302782608695652
01298893 -inf -1.3675384615384618
01299643 -15.638103703703704 -7.719940740740742
01299775 -3.9049999999999994 -5.7221086956521745
01299785 -0.6903571428571429 -1.6072619047619048
01300516 -4.600591304347826 -4.362472527472527
01300912 -3.3387826086956522 -7.33173076923077
01301933 -16.107916666666668 -28.838608695652177
01302058 -30.988999999999994 -19.40548076923077
01302141 -0.12252351097178671 -0.2760476190476191
01302187 -2.068051282051282 -2.567008695652174
01302523 -3.2343939393939394 -2.230909090909091
01302648 -2.08062656641604 -4.491477272727273
01303004 -15.283448275862067 -8.044482758620688
01303279 -7.133333333333334 -7.5569538461538475
01303496 -5.726333333333334 -5.973152173913043
01303883 -10.210678531701891 -3.3951838235294116
01303952 -0.8191944444444443 -0.23629166666666668
01304127 -0.28027924528301895 -0.4449346405228758
01304442 -22.18333333333333 -9.180666666666665
01304678 -1.106517857142857 -0.9561043478260869
01305504 -5.0674375000000005 -3.268653846153846
01305626 -23.533623188405794 -23.22961111111111
01306029 -0.8996296296296297 -1.013793103448276
01306073 -2.74887619047619 -3.91370709382151
01306141 -3.412467948717949 -4.138503703703704
01306360 -0.1345067698259188 -0.25254901960784315
01306390 -0.0846666666666667 -0.17582051282051286
01306537 -1.4784936170212766 -0.9431045751633986
01306626 -1.9657982120051083 -0.8165416666666669
01306785 -0.5333333333333334 -0.5841269841269842
01306980 -0.17025660377358487 -0.06297619047619041
01306991 -0.39145717463848695 -0.1349462365591398
01307277 -0.23754074074074083 -0.2678309232480533
01307830 -2.5607196969696964 -1.0552564102564101
01308314 -1.7086813186813188 -2.566714285714286
01308326 -7.273131868131869 -6.752088888888888
01308568 -0.36826059050064197 -0.20514705882352946
01308582 -2.3389026915113873 -0.5504807692307692
01308884 -205.59750000000003 -139.28338362068968
01308957 -0.467918604651163 -0.036758241758241716
01309288 -8.062083333333334 -1.9505909090909088
01309492 -49.41254658385093 -17.20878205128205
01309749 -1.645670261941448 nan
01310338 -0.8669949494949496 -0.7307916666666665
01310395 -0.7407407407407409 -4.20397190293742
01312274 -0.5024358974358973 -0.28174242424242424
01313594 -17.1255 -9.298
01314897 -3.983208020050125 -6.751118012422361
01315192 -15.508666666666668 -14.579166666666667
01315259 -6.595076923076922 -11.072291666666667
01315296 -1.7963333333333336 -0.7546115288220552
01316385 -63.18366666666666 -45.13044444444445
01316431 -150.29535714285714 -41.087
01316437 -0.27624668435013255 -0.625
01316465 -109.18508928571428 -37.82317647058823
01317164 -3.237619047619048 -1.4801249999999997
01317277 -0.12684210526315787 -1.8488405797101448
01317286 -18.297280701754385 -11.327748538011697
01317454 -0.7079565217391306 -1.6166071428571427
01317666 -41.69571428571429 -68.30942307692307
01319366 -7.29223602484472 -11.884251851851852
01319821 -6.091686274509804 -3.3878333333333335
01320166 -3.795666666666667 -0.8855
01322229 -5.773153846153846 -3.2908333333333335
01322979 -9.192444444444444 -13.524761904761904
01324542 -1.8174013157894735 -0.7023809523809523
01325358 -1.0514583333333334 nan
01327978 -1.9813392857142857 -1.1399679487179486
01328066 -1.0649939783219593 -0.7454444444444444
01328105 -0.22907378335949757 -1.345394736842105
01329166 -0.7810192973775358 -0.9403809523809524
01329196 -1.4056592592592596 -1.233169934640523
01329312 -1.3684469696969699 -0.6194260869565218
01329615 -0.3151703703703701 -0.44319999999999987
01330031 -77.19544444444445 -98.33784338896021
01330426 -52.44339743589743 -38.20118131868132
01330642 -2.8833953786906292 -5.12952380952381
01330903 -0.4005545454545455 -0.10298611111111122
01331123 -5.50706043956044 -2.142976190476191
01331993 -1.287893772893773 -0.2790909090909091
01332059 -0.73099486521181 -0.5539047619047617
01332413 -1.234186046511628 -0.5932857142857142
01333246 -0.5962298387096774 -0.696923076923077
01333438 -0.5349275362318839 -0.7728888888888888
01334084 -5.857500000000001 -7.370336842105264
01334087 -6.8100000000000005 -7.984000000000002
01334302 -0.22775252525252526 0.04779166666666662
01334423 -1.7127272727272729 -2.4888257575757575
01334448 -0.25741452991452984 -0.06435897435897442
01334470 -1.3840656565656566 -0.28454545454545443
01334597 -128.68235294117648 -42.75426470588235
01334620 -1.4448181818181816 -2.270866071428571
01334644 -1.8423652173913043 -2.0243892339544516
01334645 -7.003166666666666 -6.838727272727272
01334707 -4.322689345314505 -1.758205128205128
01334879 -1.7701249999999997 -3.4643406593406594
01335472 -1.842737068965517 -0.5617272727272727
01335564 -0.5825914149443561 -0.5179090909090911
01335694 -49.003216783216786 -15.95482142857143
01335717 -22.237499999999997 -14.74531328320802
01335718 -4.138008928571429 -2.829242424242424
01335868 -1.695558408215661 -1.4398076923076923
01336008 -4.263974654377881 -1.710181818181818
01336009 -1.759818181818182 -1.1847117794486217
01336453 -139.10999999999999 -39.994735294117646
01336480 -13.171717171717173 -2.5540833333333337
01336687 -12.45235294117647 -15.285000000000002
01337117 -3.7750668896321065 -1.777638888888889
01337221 -0.4995506912442398 -0.1513636363636366
01337228 -0.2333064516129033 -0.5623636363636364
01337272 -1.2035119047619047 -0.5473214285714285
01337325 -1.1140740740740742 0.0031944444444444997
01337649 -26.544666666666668 -25.64466666666667
01337655 -6.677922077922077 nan
01337687 -25.8585 -20.967578947368423
01337703 -1.1467788461538462 -1.028
01337838 -25.463999999999995 -9.662666666666667
01338128 -3.364880952380953 -2.012053571428571
01338170 -2.164791666666667 -3.998571428571428
01338233 -0.1450925925925926 -0.2061111111111111
01338266 -0.2997056603773586 -0.0651461988304094
01338278 -1.3276190476190477 -0.32000000000000006
01338387 -4.257057416267942 -1.708333333333333
01338430 -2.5920095693779905 -1.2214285714285713
01338471 -0.21167224080267544 -0.13416666666666666
01338675 -37.54044444444445 -16.465079365079365
01339002 -0.7011188811188812 -0.8308333333333335
01339149 -1.6329411764705886 -1.1300000000000003
01339392 -96.445 -3.2816346153846156
01339450 -0.27430288461538466 -0.39707070707070713
01340454 -3.2426785714285713 -3.504564102564103
01341370 -11.377 -2.6495
01341894 -5.267500000000001 -7.854583333333333
01342255 -48.39171428571429 -60.412499999999994
01343208 -3.4250840336134454 -4.700666666666667
01343337 -2.501515151515152 -1.506333333333333
01343401 -2.659583333333333 -4.3445833333333335
01343533 -0.4864646464646466 -0.08700000000000002
01343759 -5.203269230769231 -19.857
01343871 -2.8672222222222223 -2.076666666666666
01344692 -0.22375 0.1545833333333333
01345553 -5.410416666666666 -8.035
01345582 -10.587499999999999 -0.36916666666666664
01345594 -0.7897142857142857 -0.046666666666666634
01346137 -2.2070833333333333 -0.9879166666666666
01346387 -13.366060606060607 -8.22
01346956 -46.27250000000001 -6.369166666666667
01346966 -14.261666666666667 -3.913333333333334
