results/des_sn3yr_simple_fit_class.ecsv
# %ECSV 0.9
# ---
# datatype:
# - {name: obj_id, datatype: string}
# - {name: x, datatype: float64}
# - {name: y, datatype: float64}
# schema: astropy-2.0
obj_id x y
01248677 -70.96983333333334 -68.64164047768699
01250017 -270.9772027972028 -22.518950345694535
01253039 -0.916201923076923 -1.373740740740741
01253101 -0.69047619047619 -2.5556349206349207
01253920 -36.9376923076923 -6.584878048780487
01255502 -41.949333333333335 -38.132905982905974
01257366 -2.625 -3.418833333333333
01257695 -152.79969696969695 -43.73700336700336
01258906 -1.414848484848485 -2.1772972972972973
01258940 -0.41230769230769226 -1.036850025947068
01259412 -13.435252525252526 -32.72634615384616
01261579 -39.286349206349215 -53.271798941798956
01262214 -0.26205741626794254 -1.6891263356379635
01262715 -0.20085714285714285 -3.6929483695652174
01263369 -9.661249999999999 -4.713333333333334
01263715 -16.709142857142854 -12.003333333333334
01275946 -189.88871794871795 -29.023496587715783
01279500 0.17206349206349225 -36.55206730769231
01280217 -0.6435664335664335 -1.706358695652174
01281668 -7.243125000000001 -5.599627450980392
01281886 -2.208452380952381 -1.4553260869565219
01282736 -0.054732142857142896 -0.5063127090301004
01283373 -3.8567142857142853 -9.34797803617571
01283936 -0.15520123839009292 -0.21920506912442395
01285317 -0.09844611528822034 -0.48017616833863475
01286398 -1.4157954545454547 -3.2775
01287626 -21.25333333333333 -12.649010989010991
01289288 0.08815126050420152 -0.5064117647058823
01289555 -1.090378151260504 -0.514936664320901
01289600 -0.38184615384615395 -4.905354691075515
01289664 -3.7312499999999997 -3.135445652173914
01290779 0.19111111111111145 -2.044270967741935
01290816 -34.605714285714285 -23.43767195767196
01291080 -0.2546666666666666 -0.20138888888888884
01291090 -36.041 -7.861467980295566
01291794 0.331298076923077 -0.634396243291592
01291957 -2.3786904761904766 -4.356644736842106
01292332 -3.7870707070707077 -2.929411764705882
01292336 -0.8970707070707071 -4.498970588235294
01292560 -30.625079365079362 -12.936453201970442
01293319 -11.319999999999999 -11.243193548387099
01293758 -54.151269841269844 -6.421333333333333
01294014 -4.351269841269842 -6.928055555555556
01294743 -0.8155000000000001 -2.9187542087542084
01295256 -0.5194047619047617 -1.342063492063492
01296273 -1.5782051282051286 -1.873492822966507
01296321 -4.585333333333333 -8.802206896551724
01296657 -146.26 -15.540294736842103
01297026 -6.791615384615384 -2.4604218362282877
01297465 -28.702666666666666 -27.26822058823529
01298281 -1.3525174825174824 -1.218529616724739
01298893 -inf -0.022749999999999826
01299643 -17.039761904761903 -9.862846889952154
01299775 -3.908571428571428 -5.384653846153846
01299785 -0.10516666666666663 -1.4563888888888892
01300516 -4.443757575757576 -4.305157894736842
01300912 -2.1514999999999995 -6.0385252643948295
01301933 -8.538833333333333 -26.332118466898955
01302058 -43.987249999999996 -19.831008403361345
01302187 -2.607936507936508 -1.7883448275862075
01302523 -1.2423333333333333 -2.9631323529411766
01302648 -0.9332307692307689 -3.2360322580645158
01303004 -13.472499999999998 -10.484632867132866
01303279 -6.1970833333333335 -7.46563870967742
01303496 -5.905500000000001 -5.870258620689654
01303883 -14.230588235294118 -3.9669063545150496
01303952 -0.1677310924369747 -0.8284743083003951
01304442 -10.059999999999999 -15.34375
01304678 -2.1682539682539685 -0.41594444444444456
01305504 -0.07299999999999995 -5.189558823529412
01305626 -17.574692307692306 -23.159500907441018
01306029 -0.03292207792207791 -1.1128220035778178
01306073 0.17584615384615354 -2.9061794871794873
01306141 -2.538102564102564 -4.050119047619047
01306360 -0.4414285714285716 -0.1231678486997635
01306537 -0.2577647058823529 -1.6372430426716142
01306626 -0.8380000000000001 -1.5504818181818183
01306785 -0.98375 -0.45371040723981904
01307277 -0.19084415584415582 -0.30237030411449023
01307830 1.779 -0.8053968253968251
01308314 -0.39980769230769253 -2.550356097560976
01308326 -9.218051282051283 -6.283265550239234
01308582 -3.7945 -0.6882090592334493
01308884 -122.26111111111112 -39.48551724137931
01309288 -12.0775 -1.7835389610389611
01309492 -26.072 -33.512591362126244
01309749 -0.11226190476190478 -1.9680541053630756
01310338 0.02886554621848747 -1.1294257703081234
01310395 -0.818701923076923 -2.850780487804878
01312274 -0.3256410256410254 -0.22852922690131994
01313594 -13.313500000000001 -12.308823529411764
01314897 -4.3785314685314685 -5.531407269338304
01315192 -21.999166666666667 -13.006
01315259 -2.5890476190476184 -10.16567448680352
01315296 -0.5845 -1.27792118226601
01316385 -59.56771428571428 -42.69552380952382
01316431 -722.4909523809523 -173.69838461538464
01316465 -25.455 -83.22484257871064
01317164 12.489999999999998 1.0139402173913048
01317277 1.2145000000000001 -0.6617777777777776
01317286 -13.40111111111111 -14.589970443349753
01317454 -0.08000000000000007 -1.2655555555555553
01317666 -42.032222222222224 -69.44317307692307
01319366 -2.3277777777777775 -9.85053425518542
01319821 -5.618888888888889 -4.028583333333334
01320166 -0.3394999999999998 -4.191397515527951
01322229 -0.134 -6.8983750000000015
01322979 -2.0008333333333335 -12.32715294117647
01324542 -1.7558333333333331 -1.618806818181818
01328066 -1.0086134453781508 -0.8216274509803922
01328105 0.08711111111111103 -0.7617102860620817
01329166 0.06439215686274513 -1.1191496598639454
01329312 -2.0076666666666667 -0.2895548172757474
01329615 -0.2031666666666666 -0.45177491601343767
01330031 -74.92808080808081 -97.06120813397129
01330426 -55.59607142857143 -34.988193779904314
01330642 -1.6991666666666663 -3.7952799552071665
01331123 -6.461190476190476 -0.836815476190476
01332059 -0.2218461538461538 -0.8324444444444447
01334084 -5.556 -7.025657894736842
01334087 -3.2421428571428574 -9.454666666666668
01334302 -0.15966666666666662 -0.046901913875598056
01334423 -0.8948951048951052 -2.392237762237762
01334470 -0.3372077922077923 -1.332835497835498
01334597 -114.29707070707072 -74.3605
01334620 -1.3368461538461536 -2.3151448170731705
01334644 -0.9156643356643359 -0.3576689976689975
01334645 -9.048846153846153 -5.157519305019305
01334707 -2.824974358974359 -3.983746071653048
01335472 -1.3734615384615385 -1.6013157894736847
01335694 -27.017999999999997 -30.37464285714286
01335717 -9.8475 -21.32056157635468
01335718 -0.546103896103896 -4.904496951219513
01336008 -4.051833333333333 -3.118802521008403
01336009 -0.5333333333333334 -1.7985221674876846
01336453 -134.84285714285713 -38.75636828644502
01336480 -11.202 -4.774495614035088
01336687 -13.27975 -13.929690322580647
01337117 -4.4254999999999995 -2.876821589205397
01337649 -18.07125 -28.045666666666666
01337687 -22.050795454545455 -23.307418478260868
01337703 -2.03375 -0.5292510121457491
01337838 -21.75888888888889 -16.24839580209895
01338128 -1.4240000000000004 -2.560846560846561
01338170 0.33924999999999983 -2.035190476190476
01338278 0.3758730158730159 -1.0804761904761904
01338387 -3.256031746031746 -3.499305555555556
01338430 -3.2015873015873013 -1.9018055555555557
01338675 -3.0628571428571423 -39.147990430622016
01339002 0.7054285714285714 -0.9619777777777778
01339149 0.36371428571428566 -1.613044444444444
01339392 -96.29666666666667 -3.167732793522267
01340454 -0.5503174603174603 -3.836115384615385
01341370 -0.9950000000000001 -8.5075
01341894 -4.198333333333333 -7.16
01342255 -49.022 -55.73500000000001
01343208 0.1745833333333333 -5.20497975708502
01343337 -1.7608333333333333 -2.1741904761904762
01343401 -1.3739999999999997 -4.039777777777777
01343759 -0.8282499999999999 -12.287833333333335
01343871 -1.6086666666666667 -2.989777777777778
01345553 -7.488666666666666 -6.306666666666667
01345582 -7.799333333333333 -6.3453333333333335
01345594 -1.1373333333333333 0.03303571428571428
01346137 -0.5166666666666667 -1.5338888888888889
01346387 -0.4285714285714284 -10.461016042780749
01346956 -27.1175 -26.10166666666667
01346966 -3.0475000000000003 -5.920833333333333
