results/des_sn3yr_simple_fit_class.ecsv
# %ECSV 0.9
# ---
# datatype:
# - {name: obj_id, datatype: string}
# - {name: x, datatype: float64}
# - {name: y, datatype: float64}
# schema: astropy-2.0
obj_id x y
01248677 -232.7026086956522 -26.095
01250017 -8.43090909090909 -22.681893939393937
01253039 -1.6066666666666665 -0.6585714285714286
01253101 -1.8488181818181817 -3.363
01253920 -1.54875 -7.995368421052632
01255502 -49.13066666666666 -40.290000000000006
01257366 0.5366666666666667 -3.831176470588235
01257695 -16.948333333333334 -42.089999999999996
01258906 -7.537999999999999 -2.1278888888888887
01258940 -4.170340740740741 -0.8291666666666667
01259412 -14.116666666666667 -42.48
01261579 -78.66333333333334 -33.46
01263369 -5.4399999999999995 -2.0621428571428573
01263715 -15.918 -5.935714285714286
01275946 -20.0975 -35.52766666666667
01279500 -23.976666666666663 -50.59235294117647
01280217 -2.5788461538461545 -4.843636363636364
01281668 -3.717142857142857 -3.1044771241830067
01281886 -3.8425000000000002 -1.6782417582417581
01282736 -1.623846153846154 -0.2138461538461539
01283373 -0.6187499999999999 -3.1804296296296295
01283878 -0.17899999999999996 -0.9603181818181818
01283936 -0.7848571428571429 -0.5706249999999999
01285317 -0.39408496732026144 -0.20438596491228067
01286398 -13.999611111111111 -4.117676767676768
01287626 -inf -13.354285714285714
01289288 -0.12863636363636377 -0.4837142857142857
01289555 -0.6149999999999999 0.002000000000000113
01289600 -9.099935897435897 -5.421111111111112
01289656 0.01642857142857146 0.016874999999999973
01289664 -0.6599999999999999 -5.945185185185186
01290779 -5.673571428571428 -3.554
01290816 -23.0175 -43.89333333333334
01291080 -0.4387500000000002 -0.06555555555555559
01291090 -8.420000000000002 -10.032105263157895
01291794 -2.1672030651340997 -0.5774242424242425
01291957 -15.687042606516291 4.219444444444444
01292145 -0.522967032967033 -0.6371794871794871
01292332 -4.725476190476191 -4.064860681114551
01292336 -4.230238095238096 -7.616470588235293
01292560 -2.7283333333333335 -21.369047619047617
01293319 -13.84513888888889 -16.335652173913044
01293758 -40.57363636363636 -11.122803030303029
01294014 -7.577411764705882 -7.36
01294743 -0.66 -4.592105263157895
01295027 -2.2162499999999996 -0.8837272727272727
01295256 -1.7322222222222223 -0.6799999999999999
01295305 -2.7055555555555553 -0.6366666666666669
01295921 -0.8077777777777777 -0.4406944444444446
01296273 -10.839130434782607 -2.402
01296321 -8.005 -8.740175438596491
01296657 -37.51499999999999 -19.551319444444445
01297026 -3.38875 -2.8844513457556937
01297465 -45.098571428571425 -29.856666666666666
01298281 -0.6644444444444446 -6.5561904761904755
01298893 nan -1.3272727272727272
01299643 -16.620434782608697 -4.855
01299775 -22.41 -5.743333333333333
01299785 -2.240769230769231 -1.6908333333333334
01300516 -5.815 -4.252252747252746
01300912 -14.887587412587413 -9.042727272727273
01301933 -26.154 -55.460151515151516
01302058 -24.93125 -16.170163043478258
01302141 -0.21420833333333333 -0.13578947368421068
01302187 -0.456 -3.321801242236025
01302523 -7.877727272727272 -1.9740000000000002
01302648 -0.9199999999999999 -4.517727272727273
01303004 -17.695874125874127 -11.33978288633461
01303279 -12.24 -6.650555555555556
01303496 -6.2805 -1.9902678571428574
01303883 -1.4708333333333334 -3.5239166666666666
01303952 0.15378205128205114 -0.3090476190476191
01304442 0.0 -2.352
01304678 6.667 -1.0366666666666666
01305504 -3.7511111111111113 -1.4320000000000002
01305626 -29.47455555555556 -34.14085213032581
01306029 -2.033333333333333 -0.8921428571428571
01306073 -3.572 -5.500904761904762
01306141 -8.363977272727272 -4.148222222222222
01306360 -0.1707142857142857 -0.07687500000000003
01306390 -0.3305769230769231 -0.16371212121212125
01306537 -0.6323076923076923 -0.7104583333333333
01306626 -4.348190476190476 -0.5126190476190475
01306785 -0.1666666666666667 -0.07000000000000006
01306980 -0.1322500000000001 0.04444444444444451
01307277 -0.3729120879120879 -0.11538461538461536
01307830 -8.23 -1.5399999999999998
01308314 -7.805555555555556 -2.9825
01308326 -6.529999999999999 -6.24695652173913
01308568 -0.4016666666666666 -0.30587912087912095
01308582 -3.055217391304348 -0.8694444444444445
01308884 -79.84666666666666 -216.40596006144392
01309288 -0.8800000000000001 -1.5314285714285714
01309492 -103.9347619047619 -22.768363636363638
01310338 -4.778710526315789 -0.5785714285714286
01310395 -0.5783333333333333 -4.210383141762452
01312274 -1.334230769230769 -0.066
01313594 -23.204285714285714 -11.123181818181818
01314897 -4.693888888888889 -5.282222222222223
01315192 -8.790000000000001 -16.820555555555554
01315259 -4.248666666666667 -7.2065
01315296 -2.124761904761905 -0.47777777777777763
01316385 -22.782857142857143 -36.83352941176471
01316431 -63.38833333333333 -29.554000000000002
01316437 -1.03625 -0.4516666666666671
01316465 -127.86 -89.0364705882353
01317164 -3.380000000000001 -0.10600000000000032
01317277 0.07750000000000001 -2.657391304347826
01317286 -28.17666666666667 -18.906666666666666
01317454 -0.6816666666666662 -0.7216666666666666
01317666 -59.131875 -73.80662538699691
01319366 -9.831 -14.21368695652174
01319821 -6.372 -3.7335000000000003
01320166 -3.1475000000000004 -0.7316666666666667
01322229 -2.25 -1.9200000000000002
01322979 -11.485 0.3916666666666667
01324542 -1.5125000000000002 -0.09199999999999997
01327978 -0.27749999999999997 -0.8218000000000002
01328066 -1.2780769230769229 -0.9379999999999998
01328105 -2.6786666666666665 -1.0803749999999999
01329312 -1.7244927536231884 -0.47200000000000003
01329615 -1.3067032967032968 -0.2921818181818182
01330031 3.126666666666667 -258.19357142857143
01330426 -53.72222222222222 -60.26511363636364
01330642 -2.509818181818182 -3.66909090909091
01330903 -0.4743406593406594 -0.2744230769230769
01331123 -0.5531060606060605 -2.309203296703297
01332059 -0.5206060606060605 -0.4558333333333333
01332413 -1.945897435897436 -0.4538461538461538
01334084 -13.7775 -8.581666666666667
01334087 11.84 -4.06525
01334302 -0.28181818181818175 0.04384615384615387
01334423 -4.233636363636363 -3.2448611111111108
01334470 -0.608181818181818 -0.229090909090909
01334597 -104.29285714285714 -72.31529411764706
01334620 -1.29625 -2.772857142857143
01334644 -1.1460000000000001 -2.4351378446115284
01334645 -1.8830952380952382 -7.795272727272728
01334879 -2.909 -4.11
01335472 -0.9641666666666666 -0.7066666666666667
01335564 -0.5105555555555555 -1.5999999999999996
01335694 -28.964285714285715 -24.805803571428573
01335717 -21.223333333333333 -18.94666666666667
01335868 -0.6541025641025642 -1.1763636363636363
01336008 -7.057 -0.9833333333333331
01336009 -2.742857142857143 -0.94
01336453 -43.54 -38.26857142857143
01336480 -4.796666666666667 -3.619816176470588
01336687 -11.98125 -19.651666666666664
01337117 -5.491666666666666 -0.9699999999999999
01337228 -0.0837500000000001 -0.10099999999999998
01337272 -0.47571428571428565 -0.17285714285714282
01337325 -0.18571428571428594 0.06999999999999984
01337649 -40.6665 -27.693214285714287
01337687 -28.29 -21.617894736842103
01337703 -0.5966666666666667 -0.4599999999999999
01337838 -28.594761904761906 -16.777568627450982
01338128 -2.355 -2.048125
01338170 -2.14 -1.5357142857142856
01338278 -1.7483333333333335 -0.16166666666666663
01338387 -5.377999999999999 -1.008
01338430 -1.514 -0.52
01338471 -0.15333333333333327 -0.0050000000000000044
01338675 -56.371 -16.87
01339002 -3.1214999999999997 -1.3836666666666666
01339149 -0.8579999999999999 -0.7360000000000002
01339392 0.26 -2.9469230769230768
01339450 -0.1499999999999999 0.014444444444444482
01340454 -5.3475 -4.869999999999999
01341370 -18.653000000000002 -0.22166666666666668
01341894 -9.098333333333333 -2.424
01342255 -58.54 -12.9425
01343208 -0.45 -0.15750000000000003
01343337 -2.9633333333333334 -0.16499999999999998
01343401 -9.39875 -0.445
01343759 -0.841666666666667 -1.1724999999999999
01343871 -4.319999999999999 -3.2650000000000006
01345553 -5.095000000000001 -5.74
01345582 0.19500000000000006 -0.19500000000000006
01345594 -1.062857142857143 0.1
01346137 -4.77 -0.010000000000000009
01346387 -42.775555555555556 -8.043333333333333
01346956 -38.449999999999996 -4.23
01346966 -15.131666666666668 -0.5616666666666668
