results/des_sn3yr_simple_fit_class.ecsv
# %ECSV 0.9
# ---
# datatype:
# - {name: obj_id, datatype: string}
# - {name: x, datatype: float64}
# - {name: y, datatype: float64}
# schema: astropy-2.0
obj_id x y
01248677 -742.042 885.8891304347826
01250017 -39.71249999999998 -350.3946363636363
01253039 -5.4042857142857095 88.16916666666665
01253101 -24.53111111111111 17028651.129454546
01253920 -81.36219298245614 -73.30069444444445
01255502 -1952.9173484848486 -564.7066666666667
01257366 -12.529349845201239 -10.629999999999999
01257695 6806.978245614035 -250.855
01258906 -23.06888888888889 -22.106409090909093
01258940 -22.521212121212123 25.900488888888884
01259412 -625.5097712418301 -436.3233333333333
01261579 -590.360625 -563.0433333333333
01263369 -53.57357142857143 -34.43800000000001
01263715 -314.21214285714285 -130.04600000000002
01275946 -2303.0336666666667 -440.39250000000004
01279500 -1768.254117647059 -360.8266666666666
01280217 -17.395454545454545 13.376153846153848
01281668 -125.60361111111112 -54.386263736263736
01281886 -19.68769230769231 -13.487857142857145
01282736 -6.329230769230769 3.048086658543292e+29
01283373 1120.3536000000001 -103.23857142857143
01283878 -2.643181818181816 -1.2696666666666667
01283936 -4.654999999999999 -0.492
01285317 -11.1259649122807 66.19156862745098
01286398 -88.24799999999999 -74.18805555555556
01287626 -873.3482857142857 -440.07000000000005
01289288 7973.652536796537 -2.4050000000000002
01289555 6529.264666666667 16.999285714285712
01289600 -34.835 -41.73204615384615
01289656 4865.831333333333 17.287857142857145
01289664 -419.22333333333336 1.9172727272727244
01290779 -44.34166666666667 106.60857142857142
01290816 -928.7658333333333 -371.51500000000004
01291080 16738.07777777778 7149848.880000001
01291090 -598.0763157894737 -94.0925
01291794 -6.726666666666667 -8.304750957854406
01291957 -69.66375 -38.86238095238095
01292145 10.63642857142857 -0.2915384615384615
01292332 -175.054520123839 -36.912142857142854
01292336 -116.66247678018574 -16.77166666666667
01292560 -780.117619047619 -159.815
01293319 146297.6271014493 -94.87083333333332
01293758 -431.96333333333325 13.045181818181845
01294014 -6.77 -42.95214285714286
01294743 -132.3453560371517 -24.843333333333334
01295027 -13.084545454545452 17.015757575757576
01295256 -20.392 97.0122222222222
01295305 41.585 1254.9522222222224
01295921 7.486249999999998 1153.7490000000003
01296273 -28.556000000000004 5.184959486849959e+31
01296321 -65.32947368421051 -77.01196428571427
01296657 -507.165 173.98999999999998
01297026 -158.64638528138528 -39.68785714285715
01297465 -879.6668560606059 -162.84625
01298281 -52.889523809523794 -18.276666666666664
01298893 134205.58736363635 nan
01299643 -63.501999999999995 -44.76869565217391
01299775 20.332000000000008 -76.36000000000001
01299785 -16.831111111111113 -10.606057692307694
01300516 82.44208333333333 -23.299166666666665
01300912 -66.22000000000001 274.98249999999996
01301933 -544.7483514492753 -415.6843333333333
01302058 -578.7112500000001 -144.29208333333332
01302141 -1.1038235294117644 9.054705882352941
01302187 13.370000000000005 -13.2325
01302523 -75.128 -35.96454545454545
01302648 693.1333636363636 -30.831428571428575
01303004 -836.6319862068966 -91.93666666666667
01303279 -81.63647058823528 -242.595
01303496 184.35416666666669 -99.97200000000001
01303883 118.47999999999999 -44.08878787878788
01303952 -6.193846153846154 32436.979404761907
01304442 -706.09 69.835
01304678 -4.01095238095238 -4.617500000000001
01305504 56.997 187.37222222222223
01305626 -501.85759398496236 -442.834
01306029 -12.157087912087912 28.620333333333328
01306073 30.98889610389611 -58.629333333333335
01306141 -39.885555555555555 98.52734848484849
01306360 3.9399999999999995 3502.214285714286
01306390 -1.376439393939394 9.063296703296704
01306537 488.3773333333333 16.939725274725273
01306626 -17.042476190476194 49.87933333333332
01306785 3.2526190476190475 -1.981666666666667
01306980 1.6153267973856207 1.7931249999999999
01307277 -1.1961538461538463 -1.8046428571428572
01307830 -25.064999999999998 4445748014.567917
01308314 -34.163333333333334 -29.914814814814815
01308326 -93.69880000000002 -63.82181818181818
01308568 30558.008571428574 1550.1084090909092
01308582 -20.28333333333333 12587806743.926107
01308884 -26051.349285714285 -1653.9166666666667
01309288 -91.95285714285714 nan
01309492 -244.504 -320.93547619047615
01310338 -32.19604395604396 4.910750867540376e+19
01310395 -123.18370370370371 -10.216217948717949
01312274 -6.311 790460751.3192307
01313594 54723.22954545455 -139.73142857142858
01314897 -77.61666666666666 -25.570000000000004
01315192 64032.485555555555 -106.10333333333334
01315259 -241.77444444444444 -45.118333333333325
01315296 -7.297777777777776 21690918730682.43
01316385 -1082.8811764705881 -114.42571428571428
01316431 -2455.197333333333 -660.6049999999999
01316437 5.429999999999996 37.43625
01316465 1576.161176470588 -868.0885714285714
01317164 28.723626373626374 nan
01317277 -60.69565217391305 0.5124999999999993
01317286 -1399.1158809523808 -182.09222222222223
01317454 -15.390000000000002 -0.5016666666666669
01317666 -528.9821052631579 -207.27354166666666
01319366 -562.2944 -112.94977777777777
01319821 -26.07716666666667 -115.212
01320166 118.94333333333334 118.6435
01322229 12609.119999999999 -13.065000000000001
01322979 131.60599999999988 126910.806
01324542 -18.03 269927082.16
01327978 -9.464166666666667 -2.0985
01328066 4.8863392857142856 -3.3704395604395607
01328105 -8.926666666666666 3.9241088130734574e+23
01329312 -10.420777777777777 4.927842531463491e+17
01329615 -6.912181818181819 -7.141098901098902
01330031 -19038.030659340657 -1048.7116666666666
01330426 -2550.8300000000004 -423.7029166666666
01330642 -55.16763636363637 93.60181818181819
01330903 0.5162087912087916 6.614848484848485
01331123 -127.23357142857144 -44.036515151515154
01332059 17.897051282051283 21.704545454545457
01332413 1.096674873138797e+16 20315972.78320513
01334084 -243.07000000000002 79.25
01334087 -42.554464285714275 inf
01334302 11.385384615384615 446771.34
01334423 -21.50444444444444 -16.20759090909091
01334470 1556.1772727272726 24.998181818181816
01334597 -4916.19294117647 -619.5557142857143
01334620 -31.222631578947368 -8.461111111111112
01334644 32.30095238095238 -23.37588888888889
01334645 52.09649999999999 -64.9302380952381
01334879 581.0259090909091 285.602
01335472 24.684888888888885 1043448.16875
01335564 -2.573611111111111 1.2018179185860543e+39
01335694 -1309.5456250000002 -262.48999999999995
01335717 -1308.8152380952379 -196.8488888888889
01335868 0.9638636363636364 2040.7441666666668
01336008 -58.13111111111111 34548730065849.02
01336009 -15.33 -24.448095238095235
01336453 -1425.0092857142859 -340.91249999999997
01336480 -229.18 -61.223333333333336
01336687 -674.05 -114.07375
01337117 60.657142857142865 117.90666666666667
01337228 7.297500000000001 9.917
01337272 -2.197142857142854 -12.195714285714285
01337325 -16.34999999999999 29.842857142857145
01337649 -844.6751190476191 -201.3725
01337687 782292.7547368421 -227.93517857142857
01337703 19.01625 42321034.769
01337838 163608.16094117647 -183.49666666666667
01338128 -180.47249999999997 -18.810000000000002
01338170 -11.405714285714286 -5.881111111111111
01338278 -12.178333333333333 -9.201666666666666
01338387 86.866 12548.807999999999
01338430 6.234000000000002 10686189.764
01338471 3.618333333333334 8.790000000000001
01338675 -382.205 -180.0009090909091
01339002 80275.17233333335 -1.0220000000000002
01339149 57901.816 87.344
01339392 3.5900000000000176 -71.83
01339450 4.233750000000001 -2.206666666666667
01340454 -32.486000000000004 1.2974999999999994
01341370 -78.78 -76.83983333333333
01341894 24015.898250000002 -70.07
01342255 34542.885 -1033.6399999999999
01343208 -37.11 -53.17
01343337 -19.587500000000002 -31.141666666666666
01343401 -80.645 -66.05375
01343759 -357.1166666666667 -169.93666666666667
01343871 1.8969160020581407e+18 -38.88
01345553 -319.57625 -183.525
01345582 -36.845 -31.709999999999997
01345594 -17.86 2.772272480460794e+23
01346137 -30.09 -32.86300000000001
01346387 -418.57000000000005 2.9155708706598384e+20
01346956 -244.47 -194.19
01346966 -296.63 -75.17675
