results/sdss_sako18_simple_fit_class.ecsv
# %ECSV 0.9
# ---
# datatype:
# - {name: obj_id, datatype: string}
# - {name: x, datatype: float64}
# - {name: y, datatype: float64}
# schema: astropy-2.0
obj_id x y
[from data line 348]
15340 -3.707545454545455 -0.5415320910973085
15343 -0.3809361702127658 -0.5423161764705883
15345 -0.8250952380952383 -0.2801334816462736
15347 -0.008056787932564147 -0.24299632352941192
15351 -0.3210936170212766 -0.3963419117647058
15353 -0.5838827838827836 -0.48969780219780246
15354 -0.3302777777777779 -0.09056250000000032
15356 -0.3345652173913043 -0.3169855394883203
15359 -1.016080586080586 -0.5740109890109889
15363 -0.4417361111111109 -0.2880208333333335
15365 -7.342727272727273 -0.5832575757575758
15367 -0.0038243123336290097 -0.1422426470588236
15369 -5.474705882352941 -1.595258799171843
15370 -0.235713405238829 -0.05552380952380942
15381 -0.9262670565302145 -0.39691520467836217
15383 -0.293968253968254 -0.13061904761904763
15386 -0.4652394034536891 -0.3538235294117651
15419 -0.10840697674418598 -0.29214285714285715
15421 -1.7719345898004435 -0.9096190476190475
15422 -0.42085660377358547 -0.3732189542483657
15423 -0.33863300492610837 -0.03935960591133003
15425 -6.218361111111111 -2.7024791666666665
15428 -0.18795620437956195 -0.03193650793650771
15433 -1.596559829059829 -0.7827564102564102
15440 -0.24585185185185177 -0.14855555555555555
15443 -12.98786111111111 -2.3563750000000017
15453 -7.111025641025641 -1.0227564102564104
15454 -0.5559860696517416 -0.2243653250773996
15455 -0.0979327113372912 -0.013033613445378123
15456 -0.09521072796934882 -0.2490000000000001
15459 -5.299666666666666 -2.668363636363636
15461 -4.573669642857142 -1.5264015151515151
15466 -1.1554059829059815 -0.7866987179487186
15467 -6.194829059829061 -0.8034935897435896
15470 -0.6215384615384614 -0.18807692307692303
15475 1.289555555555559 141.79874074074073
15486 -1.1915000000000002 -0.1966363636363635
15496 -9.319545454545453 -0.23446969696969666
15498 0.02017094017094001 -1.4988141025641024
15500 -3.4462727272727283 -0.10204545454545455
15503 -0.03702380952380957 -0.4647619047619047
15504 -2.1996363636363636 -1.046181818181818
15508 -50.90178787878788 -4.893227272727273
15516 -0.5012142857142856 -0.009047619047619193
15533 -0.46094017094017103 -0.19604444444444424
15535 -0.29458035714285713 -0.4234848484848486
15549 -0.16357290470723296 -0.08757142857142841
15553 -0.4792875481386394 -1.1022222222222213
15557 -12.109499999999999 -3.051428571428571
15558 -0.21009722222222227 -0.12024999999999997
15568 -0.05805555555555564 0.07256410256410284
15580 -0.17115196078431527 -0.1777389705882353
15583 -3.2143589743589738 -1.1090384615384608
15584 -0.8857638888888888 -0.3508541666666667
15587 -2.0267777777777773 -0.6131458333333335
15592 -0.15154112554112564 -0.26450980392156853
15603 -0.5027047413793106 -0.2057272727272727
15628 -0.20956871345029238 -0.04739766081871355
15633 -0.2531839156229403 -0.11707373271889399
15648 -1.0984848484848484 -0.9845454545454548
15663 -0.2795523255813954 -0.33427841634738187
15674 -4.565212121212124 -0.6171363636363636
15675 -1.3390303030303032 -0.17590909090909101
15685 -0.13727380952380974 -0.034952380952380846
15704 -0.4005000000000001 -0.1691818181818182
15719 -0.6266363636363637 -0.30286363636363633
15734 -1.5024810606060606 -0.23484848484848508
15737 -0.11420000000000008 -0.07205882352941173
15748 -2.529848484848484 -0.40859848484848404
15749 -23.96777777777778 -8.008148148148148
15753 -0.12325396825396817 0.06119047619047624
15755 -0.5999810246679316 -0.17916666666666692
15756 -0.351346153846154 -0.37
15757 -8.12859090909091 3.5585454545454525
1576 -0.18633116883116874 -0.009783549783549783
15760 -0.19487179487179485 -0.029743589743589705
15761 -0.15300000000000047 -0.26577272727272705
15765 -0.16254545454545477 -0.12909090909090915
15776 -0.5575757575757578 -0.18390151515151487
15779 -0.40636363636363626 -0.4440909090909091
15782 -0.20069078947368424 -0.690228571428571
15784 -0.6288660714285714 -0.19746212121212114
15795 -0.382179176755448 -0.1349999999999999
1580 -4.7164913151364765 -2.368582251082251
15802 -0.22850361197110436 -0.04219814241486053
15803 -0.10777777777777775 -0.2172222222222222
15805 -0.07396514161220069 -0.14411764705882368
15806 -0.18163003663003674 -0.3860439560439559
15812 -0.223793650793651 -0.09392857142857136
15813 0.2285311537550343 -0.015845588235294028
15814 -0.34125000000000005 -0.31629166666666664
15822 -3.731937499999999 -0.2852291666666664
15823 -2.917337837837838 -0.18453333333333322
15829 -0.7739356984478934 -0.08097619047619031
15850 -0.8131160714285716 -0.301628787878788
15865 -0.16468253968253954 -0.22059523809523762
15866 -1.059225563909774 -0.3895192307692307
15868 -4.767948717948719 -0.6634615384615384
15872 -15.782727272727273 -0.9814285714285718
15874 -0.4180833333333336 -0.08504166666666668
15892 -0.09773214285714316 -0.34276515151515174
15897 -1.100370018975332 -0.1291287878787879
15901 -8.986185185185185 -0.9257222222222223
15902 -0.7341696428571429 -0.36681818181818193
15909 -1.084267676767677 -0.609015151515151
15916 -0.20698867024448409 -0.4104545454545456
15941 0.011952380952380937 -0.16378571428571398
15943 -0.18776556776556808 -0.2582417582417582
15945 -0.3723684210526317 -0.3848717948717948
1595 -1.518947368421053 -0.8890789473684211
15950 -0.7973678160919537 -0.5080000000000002
15953 -0.06078754578754586 -0.1685439560439559
15961 -0.08463414634146349 -0.11928571428571433
15971 -0.6803055555555553 -0.1873541666666667
15973 -0.21021367521367518 -0.19250000000000012
15987 -0.5487738095238096 -0.06071428571428572
15988 -0.4105875576036867 -0.3324545454545451
15992 -0.3234778911564624 -0.21775641025641024
15994 -0.11765151515151517 -0.3450000000000001
15998 -0.03202991452991444 -0.3401602564102564
16000 -0.5995032051282051 -0.1864102564102561
16021 -18.21457575757576 -6.730636363636363
16032 -2.7054101995565416 -0.7195952380952381
16038 -0.08766666666666678 -0.13129166666666658
16044 -0.1037179487179486 -0.07264285714285712
16048 -0.2666428571428572 -0.15266666666666673
16052 -1.9027838827838823 -1.4262362637362633
16069 -18.772328042328045 -11.13063492063492
16072 -0.9770370370370374 -0.27083333333333337
16073 -16.93360677966102 -7.3395
16085 -0.24456221198156647 -1.1080454545454543
16090 -0.21729166666666677 0.05446428571428574
16091 -0.9800751879699248 -0.44513784461152905
16093 -1.4986206896551728 -0.09950000000000014
16099 -10.642254901960785 -4.455130718954249
16100 -2.2394444444444446 -0.3661805555555555
16103 -0.20964181286549666 -0.6652564102564098
16106 -0.9779699248120304 -0.2006410256410256
16116 -19.203108695652173 -8.499642857142858
16119 -0.2332589285714286 -0.18455486542443067
16125 -0.42819221967963383 0.44644444444444464
16127 -0.04968750000000011 -0.13908333333333323
16136 -1.0689010989010992 -1.0053021978021979
16152 -2.959199499687305 -0.7198351648351649
16160 -0.21142424242424274 -0.10754545454545439
16163 -0.4535648148148146 -1.2493750000000001
16165 -15.591428571428574 -7.962946428571428
16172 -0.9343181818181818 -0.23068181818181843
16179 1.4836874999999985 11.04560606060606
16185 -0.5763888888888888 -3.7895370370370376
16199 -0.8683297413793103 -0.43727272727272704
16206 -3.8501904761904755 -3.079428571428572
16211 -0.1653879310344828 -0.058318181818181825
16213 -5.074 -4.1433333333333335
16215 -16.608901515151516 -23.386540404040403
16219 -0.28737400530503965 -0.25438888888888855
16232 -0.4105000000000001 -0.015000000000000013
16236 -0.5286363636363635 -0.1863636363636363
16237 -0.4682648247978439 -0.1863095238095238
16238 -0.33870370370370373 -0.11277777777777787
16259 -0.6475524475524481 -8.215555555555556
16276 -1.927769230769231 -2.5381746031746033
16277 -0.19180392156862758 -0.1310989010989012
16280 -6.124055944055944 -26.196984126984123
16281 -3.8426136363636356 -4.432291666666667
16282 0.057490196078431755 0.40796296296296264
16287 -1.3859298245614033 -9.008833333333332
16298 -0.2623650793650796 -0.05042857142857149
16314 -19.230583333333335 -17.049194078947366
16333 -3.9314999999999998 -10.518705882352943
16350 -1.6819230769230766 -1.7056862745098038
16352 -3.8901260504201676 -2.5235000000000003
16356 -0.23305555555555557 -0.34152777777777743
16357 -0.5606451612903229 -0.49392857142857105
16362 -0.6872222222222223 -0.6872916666666666
16392 -3.359166666666667 -32.24888888888889
16393 -0.8957671957671955 -2.9053750000000003
16396 -0.039398148148148016 -0.7667361111111113
16402 -2.482 -3.0764242424242423
16405 -0.8486507936507934 -0.44452380952380965
16408 -0.18957393483709262 -0.6412272727272728
16410 -1.3503888888888889 -0.2576666666666667
16414 -0.6037142857142856 -0.3427142857142855
16417 -1.2397500000000001 -0.5193749999999999
16421 -0.1443915343915343 -1.0854761904761903
16432 -0.3423397435897435 -0.09673076923076906
16433 -0.9137209302325584 0.0427272727272725
16434 -0.19567441860465118 -0.18554761904761863
16439 -0.18690125477359543 -0.3125833333333333
16441 -0.7606666666666666 -0.30037500000000006
16442 -0.26021164021164034 -0.7492857142857143
16451 -1.603452380952381 0.09380952380952379
16452 -0.22346153846153827 -2.1173626373626364
16454 -0.5300529100529101 -0.41920634920634925
16458 -0.31799999999999984 -0.19034055727554144
16460 -1.015673913043478 -1.5560714285714285
16462 -0.4008095952023989 -1.379875
16467 -1.1853530950305133 -0.9653846153846148
16468 -0.2959259259259259 -0.38097222222222227
16472 -0.6318037135278516 -0.9870000000000001
16473 -1.3142710997442453 -0.6441666666666667
16477 -0.2298863636363636 -0.0387121212121212
16478 -0.394831038798498 -0.026730769230769225
16482 -0.629346153846154 -0.8391269841269844
16484 -0.7691608391608398 0.264055944055944
1650 -0.11810457516339867 -0.023627450980391984
16541 -2.947222222222223 -4.4383333333333335
16546 -0.6246996996996996 -0.06777777777777783
16547 -0.013488721804510995 -0.1558333333333335
16551 -0.09687878787878779 -0.06818181818181834
16565 -0.4713095238095242 -0.07261904761904758
16567 -0.8964285714285716 -0.24690476190476196
16578 -2.108391608391608 -1.6445238095238093
1658 -0.7594771241830063 -0.3341830065359478
16584 -0.7431349206349207 0.03158730158730161
16586 -0.5576388888888886 -0.4195757575757577
16590 -0.6326666666666667 0.1140000000000001
16606 -0.12862962962962976 -0.42138888888888903
16618 -0.6375961538461539 -1.641
16619 -1.0839999999999996 -2.0806666666666667
16626 -0.2836111111111109 -0.2839583333333331
16631 -0.7607070707070711 -1.207777777777778
16637 -0.6444444444444444 -0.9020000000000001
16640 -0.27268365817091456 -0.13
16641 -2.9535000000000005 -3.134444444444444
16644 -8.041180952380955 1.0096666666666607
16652 -1.3452380952380953 -1.5798571428571428
16692 0.8610000000000002 -4.0760000000000005
16711 -0.23865740740740737 -0.1307638888888889
16715 -0.8621052631578947 -0.22150000000000003
16721 -0.3611805555555556 0.3252777777777778
16722 2.191833333333334 1.5001250000000002
16727 0.026272727272727447 -0.1207272727272728
16734 -0.8613076923076921 -1.011825396825397
16737 -0.5735064935064935 -1.5525
16739 -0.7754333333333332 -0.7512249999999999
16748 -0.555 -0.8310000000000002
16758 -0.3240952380952382 -0.4475714285714285
16768 0.20627272727272716 0.13109090909090892
16774 -1.7533333333333334 -0.6166666666666667
16776 -0.22299999999999986 -0.75375
16779 -0.31753472222222223 -0.32777777777777783
16781 -0.476952380952381 0.08842857142857141
16789 -0.1843055555555556 -0.6679166666666667
16793 -0.07858823529411751 -0.10452380952380957
16831 -0.24531249999999982 -0.11575000000000002
16836 -0.27966666666666673 -0.4999999999999998
16847 -0.40512987012987034 -0.16249999999999998
16849 -1.208132992327366 -0.5764583333333333
1686 -0.5029144385026738 -0.24684046345811073
16872 -0.5731168831168827 -0.1505882352941177
16879 -0.5221684210526315 0.1680090497737557
1688 -0.22498050682261228 -0.08782163742690052
16889 -1.1125961538461544 -1.0358585858585858
16894 -0.6802777777777775 -0.5883333333333333
16899 -0.30361111111111116 -1.2416666666666665
16938 -0.5388690476190476 -0.09333333333333338
16941 -0.1707777777777777 -0.6183333333333338
16953 0.018823529411764683 -0.42880952380952364
16956 -1.0990000000000002 1.1219999999999999
16975 -0.44633333333333325 -0.886833333333334
16977 -0.26535256410256414 -0.21634615384615374
16988 -1.4828333333333337 -0.2861111111111114
17031 -0.19599999999999995 -0.1811111111111111
17048 0.1690000000000001 -0.7415714285714285
17049 -0.2866111111111109 -0.6626666666666661
17068 -0.06735294117647062 0.12470588235294144
17081 -0.22350961538461545 -0.14287878787878794
17106 -0.8942857142857144 -11.320000000000002
17115 -0.5731818181818182 -0.2034027777777776
17117 -0.09277777777777763 -0.9575
17168 -1.1820146520146517 -1.2387637362637363
17169 -0.7357326007326007 -0.8107967032967035
17170 -0.27652014652014656 -0.2935714285714286
17171 -1.2879206349206351 -1.4458333333333337
17174 -3.2180714285714274 -2.4260476190476186
17176 0.1018809523809523 0.5875079365079365
17186 -7.823014048531292 -23.8799128540305
17205 -0.5557210242587602 -1.1039766081871345
17206 -0.17940343781597567 -0.9233124999999998
17208 -1.7669298245614034 -1.452923976608187
17215 -0.9450158730158733 -1.168357142857143
17218 -0.9452614379084967 -0.5412581699346406
17219 -0.2690073529411765 -0.6995220588235294
17220 -3.596754716981132 -7.205522875816994
17223 -0.6943079922027289 -0.8251461988304094
17240 -16.044615384615383 -5.402127819548872
17253 -0.5732478632478633 -0.44141025641025644
17254 -2.1046212121212124 -1.951057692307692
17258 -4.0562499999999995 -7.427843137254902
17263 -24.467948717948723 0.28554887218045266
17274 -0.801955128205128 -1.5788695652173912
17280 -1.6988997338065661 -0.10486803519061572
17287 -0.28553921568627416 -40.47564270152505
17312 -0.2319852941176468 -0.15914215686274513
17332 -1.7479446808510635 -1.2684375
17340 -0.5972851063829786 -0.4101470588235294
17351 -0.932385620915033 -0.9338235294117648
17366 -3.955682261208577 -4.888099415204678
17372 -0.20879901960784308 -0.05834558823529423
17374 -0.5064230019493176 -0.5570321637426902
17389 -0.624357142857143 -1.7218571428571434
17391 -0.18863970588235313 -1.2724264705882353
17393 -0.27691721132897595 -0.32066993464052296
17395 -0.24095588235294096 -0.2664338235294117
1740 -1.2653411306042894 -2.469649122807017
17408 -0.18406432748538015 -0.06846491228070184
17421 -0.047499999999999876 -0.11410416666666667
17423 -0.45137189469781225 -0.4488264738598444
17433 -0.4911887254901961 -0.32229779411764714
17435 -2.0873810825587755 -0.5915476190476191
17460 -0.36580425531914906 -0.28150735294117646
17464 -0.26938034188034166 -0.6433012820512818
17473 -0.13699633699633695 -0.2273351648351648
1748 -0.08337601078167123 -0.23533625730994157
17497 -3.6789770867430445 -3.6139299242424237
1750 -0.4483660130718955 -0.3517156862745098
17500 -8.915000000000006 -6.776513888888887
17508 -0.09746588693957103 -0.2398391812865498
17528 -0.09290476190476227 -0.05259523809523814
17548 -48.159619047619046 -84.544
17552 -0.9961190476190478 -0.133309523809524
17568 -0.5571539961013646 -0.5681725146198828
17586 -0.016380952380952385 -0.33333333333333337
17605 -2.701736909323116 -3.8049042145593868
17629 -6.565772058823529 -2.500114379084968
17647 -1.689640692640693 -0.2972222222222223
17682 0.014670329670329885 -0.34969780219780233
17687 -0.11606349206349198 -0.06321428571428567
17692 0.04329670329670343 -0.13249999999999995
17695 0.047064364207221376 0.3669771241830062
17733 -0.03827705627705624 0.06683823529411759
17745 -78.30794871794872 -146.0701495726496
17748 -1.191239316239316 -0.7586086956521739
1775 -0.3593372319688112 -0.05925438596491239
17773 -0.275 -0.11320261437908508
17784 -54.61101102941176 -107.31160539215685
17790 -0.8423290598290598 -0.5918269230769231
17791 -0.5318014705882352 -0.07029411764705884
17800 -0.03998910675381229 0.09982026143790823
17801 -0.24170565302144253 -0.1951900584795323
17809 -1.6602063953488375 -0.8201915708812262
17811 -2.8710646900269543 -1.5999853801169588
17820 -0.08314035087719285 -0.25119736842105245
17825 -3.000009746588694 -0.3837236842105263
17835 -0.22433976833976832 -0.04456140350877191
17849 -0.5173004201680671 -0.10652243589743593
17851 -0.6164690026954194 -0.19012355212355225
