results/sdss_salt2_fits_old.ecsv
# %ECSV 0.9
# ---
# datatype:
# - {name: obj_id, datatype: string}
# - {name: band, datatype: string}
# - {name: source, datatype: string}
# - {name: pre_max, datatype: int64}
# - {name: post_max, datatype: int64}
# - {name: vparams, datatype: string}
# - {name: z, datatype: float64}
# - {name: t0, datatype: float64}
# - {name: x0, datatype: float64}
# - {name: x1, datatype: float64}
# - {name: c, datatype: float64}
# - {name: mwebv, datatype: float64}
# - {name: z_err, datatype: float64}
# - {name: t0_err, datatype: float64}
# - {name: x0_err, datatype: float64}
# - {name: x1_err, datatype: float64}
# - {name: c_err, datatype: float64}
# - {name: mwebv_err, datatype: float64}
# - {name: chisq, datatype: float64}
# - {name: ndof, datatype: float64}
# - {name: b_max, datatype: float64}
# - {name: delta_15, datatype: float64}
# - {name: message, datatype: string}
# schema: astropy-2.0
obj_id band source pre_max post_max vparams z t0 x0 x1 c mwebv z_err t0_err x0_err x1_err c_err mwebv_err chisq ndof b_max delta_15 message
[from data line 3539]
21763 "" "" "" "" "" "" "" "" "" "" "" "" "" "" "" "" "" "" "" "" "" "No data points with S/N > 5.0. Initial guessing failed."
21765 all salt2 75 0 z,t0,x0,x1,c 0.254318849787911 2454423.124293501 1.6528683817024606e-05 -0.8012788893157126 0.29500840134176465 0.02346919673789468 0.06637083862128554 2.467425945913419 2.118631950277944e-06 1.7766376001025483 0.12454862870388428 "" 28.89 30.0 -18.12 1.191 "Minimization exited successfully."
21769 "" "" "" "" "" "" "" "" "" "" "" "" "" "" "" "" "" "" "" "" "" "No data points with S/N > 5.0. Initial guessing failed."
21772 all salt2 70 15 t0,x0,x1,c 0.461054 2454418.009986365 1.643860064273541e-05 -4.626276989760593 0.4696587373264727 0.04243879707971661 "" 1.1369801952969283 1.3050188483505232e-06 2.006292005780805 0.18142280877575373 "" 252.05 46.0 -19.63 2.441 "Minimization exited successfully."
21775 all salt2 70 10 z,t0,x0,x1,c 0.2282931663017554 2454421.892746374 1.40929020849445e-05 3.3651539498432506 -0.3140200968204831 0.018205540041569032 0.015639032063107655 1.6972233133856207 1.3882249979038498e-06 1.856207992634983 0.055261082599863454 "" 47.12 35.0 -17.69 0.447 "Minimization exited successfully."
21778 all salt2 80 0 z,t0,x0,x1,c 0.19891580914226292 2454432.5988437524 5.2022350641716527e-05 4.2809646384889195 -0.2229161479060745 0.020190999647021042 0.014487078363397465 0.49233100446872413 5.594596014873807e-06 1.198971796161418 0.037850718791908905 "" 79.15 30.0 -18.79 0.25 "Minimization exited successfully."
21779 "" "" "" "" "" "" "" "" "" "" "" "" "" "" "" "" "" "" "" "" "" "No data points with S/N > 5.0. Initial guessing failed."
21782 all salt2 81 20 z,t0,x0,x1,c 0.2670634605658191 2454417.2027025763 1.3003408562331425e-05 4.999875136361478 -0.3506999878030432 0.02324911404647405 0.03173757941372066 1.01626842841506 1.1808701112594476e-06 8.263127077496318 0.033711952130543316 "" 69.07 53.0 -18.03 0.177 "Minimization exited successfully."
21783 all salt2 93 0 z,t0,x0,x1,c 0.1982772815624882 2454428.160897011 4.141439600002573e-05 4.9999901167182745 -0.11710950961280087 0.10867365964428424 0.016458050652528478 0.4148408288601786 1.6926085030055332e-06 0.28358912369815226 0.04527357415250843 "" 91.44 33.0 -18.55 0.18 "Minimization exited successfully."
21800 all salt2 75 0 z,t0,x0,x1,c 0.2411859407747005 2454426.8988737785 1.9252215757076716e-05 2.4622078661782965 0.023286855189360578 0.029218013135991414 0.03221126154176021 1.9546732883900404 2.4007905393774066e-06 2.1290459774683725 0.10104408406841145 "" 29.83 30.0 -18.15 0.631 "Minimization exited successfully."
21802 "" "" "" "" "" "" "" "" "" "" "" "" "" "" "" "" "" "" "" "" "" "No data points with S/N > 5.0. Initial guessing failed."
21803 "" "" "" "" "" "" "" "" "" "" "" "" "" "" "" "" "" "" "" "" "" "No data points with S/N > 5.0. Initial guessing failed."
21804 all salt2 174 0 z,t0,x0,x1,c 0.14444040791972856 2454429.158429641 5.470030666745053e-05 0.7550577223159092 0.0750590067347503 0.1596908098948035 0.05163576634408928 1.078239798778668 3.355307484887588e-06 0.9236071360798559 0.07057314529606412 "" 79.21 50.0 -18.04 0.915 "Minimization exited successfully."
21805 all salt2 94 5 z,t0,x0,x1,c 0.2248770649632993 2454424.1933050095 2.176384221722725e-05 -1.9314377732354906 0.09362494720935732 0.03295159293205105 0.049637196434517056 2.0761573400814086 1.972446676749699e-06 1.6997294988759393 0.1094160291347677 "" 36.28 35.0 -18.11 1.469 "Minimization exited successfully."
21821 all salt2 85 10 z,t0,x0,x1,c 0.3999999530654376 2454428.9052395644 2.454997108388429e-05 2.975877265054722 -0.08850466227932141 0.09752240554668067 0.020137639668644347 1.2880246660206467 2.4679104434476137e-06 1.2164580174627009 0.05402102863263192 "" 41.76 45.0 -19.69 0.534 "Minimization exited successfully."
21822 all salt2 50 50 z,t0,x0,x1,c 0.23947999331862163 2454401.556291512 1.9773495968638292e-05 4.999999996117527 -0.23422219964591706 0.07785801820780607 0.016166362859485167 1.031681862892583 1.0891942672458023e-06 0.45927624736741635 0.06727527374621292 "" 98.23 65.0 -18.21 0.179 "Minimization exited successfully."
21835 all salt2 80 15 z,t0,x0,x1,c 0.16215189812806396 2454425.144550403 2.630577211426734e-05 -1.2539768936957763 0.24505790153151996 0.06056357724233489 0.04170042367653403 0.851465302053839 3.5858069228711386e-06 1.3051693825860495 0.12194990393879518 "" 24.05 31.0 -17.53 1.291 "Minimization exited successfully."
2184 "" "" "" "" "" "" "" "" "" "" "" "" "" "" "" "" "" "" "" "" "" "No data points with S/N > 5.0. Initial guessing failed."
21842 all salt2 85 15 z,t0,x0,x1,c 0.12033061681432201 2454425.5259087635 4.274046506837982e-05 -4.999999892406394 -0.22134698820318222 0.07672481951621936 0.017002158858772737 0.33317246241495013 2.992195738201947e-06 0.5213189402735141 0.061034418709189714 "" 112.23 35.0 -17.35 3.08 "Minimization exited successfully."
21846 all salt2 25 75 t0,x0,x1,c 0.067401 2454376.7000237033 4.321128182895127e-06 4.999998886787893 0.4999999557155528 0.07981771182923342 "" 17.070809410186484 1.3715021664133874e-06 0.6407348486979716 0.07101941347157342 "" 521.08 64.0 -13.59 0.191 "Minimization exited successfully."
21849 all salt2 175 10 z,t0,x0,x1,c 0.16746567250008304 2454430.904239552 6.916786687538507e-06 -3.881801451064338 -0.3054468594916627 0.05868907781016081 0.03752499180246752 2.33760466449894 2.4975462182067925e-06 2.1144088426534795 0.20587682284844946 "" 189.29 51.0 -16.15 2.252 "Minimization exited successfully."
21851 "" "" "" "" "" "" "" "" "" "" "" "" "" "" "" "" "" "" "" "" "" "No data points with S/N > 5.0. Initial guessing failed."
21852 "" "" "" "" "" "" "" "" "" "" "" "" "" "" "" "" "" "" "" "" "" "No data points with S/N > 5.0. Initial guessing failed."
21866 all salt2 85 5 z,t0,x0,x1,c 0.36871989011823225 2454432.194942313 5.872944226856953e-05 0.7472299112281622 -0.2691788527605122 0.05251265650754073 0.021678635648859718 0.494161160197109 3.3002594044804258e-06 0.1856097558980947 0.02778339089923021 "" 17.87 30.0 -20.43 0.929 "Minimization exited successfully."
21870 "" "" "" "" "" "" "" "" "" "" "" "" "" "" "" "" "" "" "" "" "" "No data points with S/N > 5.0. Initial guessing failed."
21871 all salt2 90 10 t0,x0,x1,c 0.201246 2454428.610703989 4.632735560569693e-05 0.042996858454285025 0.12898965444891752 0.02884038176960056 "" 0.20463828253559768 3.2029263904384366e-06 0.5452873647572374 0.05427096145068705 "" 43.3 41.0 -18.66 1.038 "Minimization exited successfully."
21881 "" "" "" "" "" "" "" "" "" "" "" "" "" "" "" "" "" "" "" "" "" "No data points with S/N > 5.0. Initial guessing failed."
21892 all salt2 97 0 t0,x0,x1,c 0.323351 2454443.9 -7.13542283449954e-05 -4.999999999999979 -0.1297455056215674 0.06741054026942617 "" 0.1155114914290607 1.1594242498552964e-05 0.026611018580535273 0.06145211388951016 "" 445.23 14.0 -18.4 nan "Minimization exited successfully."
21898 all salt2 90 5 t0,x0,x1,c 0.037275 2454432.1691085137 0.00021082440135715256 -1.6693891738984807 0.49999999990841015 0.031182622015997884 "" 0.21360023552551866 3.3783721457829814e-06 0.23075060525933822 0.0010254592318758027 "" 284.14 20.0 -16.42 1.362 "Minimization exited successfully."
2190 all salt2 5 113 t0,x0,x1,c 0.072877 2453625.1208418133 4.915247343821576e-05 4.999956662743562 0.4134168951752173 0.02579063004810798 "" 0.6858174055814743 1.7827322763516306e-06 0.6476245043831534 0.031548862770297614 "" 392.56 64.0 -16.4 0.19 "Minimization exited successfully."
21902 all salt2 35 45 z,t0,x0,x1,c 0.10138482567776622 2454394.2585115125 5.441232741605228e-05 -4.999999833201163 0.4999999988078875 0.07603552684297372 0.0047607032675007765 0.2236505849286914 2.2608844167143262e-06 0.041703008877368664 0.022114639643056266 "" 1059.5 47.0 -17.22 2.683 "Minimization exited successfully."
21903 all salt2 80 0 z,t0,x0,x1,c 0.1757563082893302 2454431.218940805 0.00011547564887578913 -0.7494359075260384 -0.10722486300733525 0.07366106739444721 0.048058440939668295 2.5904826924670488 1.96881929952968e-05 1.4415101676589912 0.058423615476989516 "" 19.68 19.0 -19.32 1.209 "Minimization exited successfully."
21904 all salt2 85 0 t0,x0,x1,c 0.235413 2454429.2164556477 4.005559166087282e-05 0.19902486706464728 0.24367345539254281 0.04304208892151385 "" 1.1955814843531698 3.486279468483886e-06 0.9922746012495645 0.07139694649647604 "" 45.33 36.0 -18.89 1.004 "Minimization exited successfully."
21933 "" "" "" "" "" "" "" "" "" "" "" "" "" "" "" "" "" "" "" "" "" "No data points with S/N > 5.0. Initial guessing failed."
21934 "" "" "" "" "" "" "" "" "" "" "" "" "" "" "" "" "" "" "" "" "" "No data points with S/N > 5.0. Initial guessing failed."
21937 "" "" "" "" "" "" "" "" "" "" "" "" "" "" "" "" "" "" "" "" "" "No data points with S/N > 5.0. Initial guessing failed."
21938 all salt2 38 45 z,t0,x0,x1,c 0.3528518802428404 2454392.9000000143 3.0176138246167373e-05 4.999999849986219 0.4999999996640534 0.030529915751744095 0.0071287375723809165 0.20338115096092224 1.1183644745852606e-06 0.4131766235292824 0.002339118946203589 "" 618.34 68.0 -19.66 0.191 "Minimization exited successfully."
21951 all salt2 75 10 t0,x0,x1,c 0.230533 2454420.2152052135 2.312325488589007e-05 -1.97053055296742 0.4618821711768345 0.0981300967059475 "" 1.3963228850625455 2.2444228912098924e-06 1.4543336177295527 0.08301706344232546 "" 62.31 41.0 -18.25 1.439 "Minimization exited successfully."
22003 all salt2 30 50 z,t0,x0,x1,c 0.06957985858341502 2454388.0525120236 3.709545891452666e-05 -1.4721476673519267 -0.10362968439315468 0.0164511544319358 0.007604249866202513 0.24894368927925825 9.833407860152734e-07 0.36753837709661386 0.030907544466372477 "" 3649.25 51.0 -15.93 1.373 "Minimization exited successfully."
22035 "" "" "" "" "" "" "" "" "" "" "" "" "" "" "" "" "" "" "" "" "" "No data points with S/N > 5.0. Initial guessing failed."
22070 "" "" "" "" "" "" "" "" "" "" "" "" "" "" "" "" "" "" "" "" "" "No data points with S/N > 5.0. Initial guessing failed."
22071 all salt2 95 0 t0,x0,x1,c 0.220526 2454433.8164525353 7.792971922051099e-05 -1.7789881791722233 -0.04003077407863559 0.02071505671097173 "" 0.5983824536669999 3.956323535021732e-06 0.4768036360836996 0.05054016923420768 "" 54.22 26.0 -19.45 1.443 "Minimization exited successfully."
22078 all salt2 40 38 z,t0,x0,x1,c 0.2352371533291392 2454399.605375397 1.7046306918665378e-05 4.999999997831335 0.11375245677746071 0.1345163118125604 0.017427551087899507 2.197116776369512 1.0537766308429546e-06 0.31357881448402214 0.08611018922270675 "" 143.44 63.0 -18.01 0.184 "Minimization exited successfully."
22086 all salt2 80 11 z,t0,x0,x1,c 0.1804082085726298 2454423.1593368747 1.7196124893258857e-05 -3.3060090642054214 -0.36278990693495666 0.08338086104595098 0.03377334097791966 1.0925565285142511 1.6672046521946501e-06 1.0117207892187214 0.11719455896988423 "" 21.29 28.0 -17.32 1.987 "Minimization exited successfully."
22088 all salt2 83 6 z,t0,x0,x1,c 0.39999997409888427 2454427.0859419866 1.53555528053506e-05 1.802718604314598 -0.04838571561114041 0.08224084064769516 0.025930435456936157 1.966067655943334 1.7356853535457006e-06 1.8284435153184622 0.0897657589671168 "" 36.09 36.0 -19.18 0.744 "Minimization exited successfully."
22091 "" "" "" "" "" "" "" "" "" "" "" "" "" "" "" "" "" "" "" "" "" "No data points with S/N > 5.0. Initial guessing failed."
22102 all salt2 20 65 t0,x0,x1,c 0.134312 2454385.1276092893 1.20377037234122e-05 4.999999592885198 0.4999999987744852 0.04260845926282039 "" 1.314737522508949 1.0536797858606704e-06 0.20724331946069885 0.01321024492870243 "" 592.35 56.0 -16.3 0.191 "Minimization exited successfully."
22111 all salt2 65 10 z,t0,x0,x1,c 0.24596501019045186 2454422.3707985156 1.9202857887456417e-05 -3.6143778879176276 0.18119884451026247 0.05312776851854963 0.05325870266848012 1.7648536453489214 2.1750976900868315e-06 1.6023183408575334 0.13101657814337153 "" 23.72 28.0 -18.2 2.011 "Minimization exited successfully."
22113 all salt2 56 4 z,t0,x0,x1,c 0.1965733534500967 2454424.975466572 5.125586511715764e-05 2.3018695124742115 0.08963631027140184 0.11918424670769846 0.03142117339008342 1.207674560835585 3.511545541762462e-06 1.1318592440170545 0.08568748269114673 "" 30.6 27.0 -18.72 0.657 "Minimization exited successfully."
22114 all salt2 100 5 z,t0,x0,x1,c 0.20995237809499379 2454431.5712182373 5.687806168881181e-05 1.1145849339664924 0.1511786512962231 0.05190497272800387 0.030448487931557494 1.4215756019111723 4.806107397288975e-06 1.3593738026939124 0.08313373807287416 "" 30.48 30.0 -18.99 0.851 "Minimization exited successfully."
22116 all salt2 92 9 t0,x0,x1,c 0.452717 2454423.800004977 1.7883589572294446e-05 0.8793656878075318 -0.2716574907318648 0.028623067337414026 "" 1.4476703063119203 1.251619842040425e-06 0.3253090886158896 0.04991179703108589 "" 157.22 48.0 -19.67 0.906 "Minimization exited successfully."
22117 "" "" "" "" "" "" "" "" "" "" "" "" "" "" "" "" "" "" "" "" "" "No data points with S/N > 5.0. Initial guessing failed."
22151 all salt2 99 0 z,t0,x0,x1,c 0.08991815980661175 2454429.8136693435 5.252498899722225e-05 -1.219884277895305 -0.16040864906307128 0.029928506135632964 0.027414828587095874 1.0465337675996125 5.758891762542145e-06 0.6135377047245427 0.07692166023049624 "" 35.0 27.0 -16.89 1.317 "Minimization exited successfully."
22152 all salt2 97 0 z,t0,x0,x1,c 0.39999979026778454 2454427.3246060596 1.710920010825079e-05 0.8303773875941891 -0.19789892853858815 0.0929435723902167 0.23690526233519518 1.3072039121761918 1.8659705194399187e-06 0.6998138312378792 0.058991131362811505 "" 34.5 38.0 -19.3 0.912 "Minimization exited successfully."
22154 "" "" "" "" "" "" "" "" "" "" "" "" "" "" "" "" "" "" "" "" "" "No data points with S/N > 5.0. Initial guessing failed."
22155 all salt2 80 5 t0,x0,x1,c 0.194251 2454422.7758963364 1.7748490161751865e-05 -2.8677042873300596 0.4540976528716332 0.04593589012894794 "" 2.0751954494044185 2.4473266570868047e-06 1.9051368490202725 0.114317633542046 "" 43.15 41.0 -17.54 1.691 "Minimization exited successfully."
22160 "" "" "" "" "" "" "" "" "" "" "" "" "" "" "" "" "" "" "" "" "" "No data points with S/N > 5.0. Initial guessing failed."
22170 all salt2 99 0 z,t0,x0,x1,c 0.2367840215999717 2454429.9334324687 2.130787593829284e-05 -4.99999999205312 -0.21044779855878915 0.02912074604714866 0.015158076019757355 0.6304560590069741 3.3558564329281116e-06 0.10104070745828597 0.11425946249870692 "" 173.95 35.0 -18.21 3.074 "Minimization exited successfully."
22171 all salt2 90 10 z,t0,x0,x1,c 0.19186564299532455 2454421.2596203266 1.4165677186864283e-05 4.851601491828067 0.49999689580093554 0.08008322743337952 0.021906924477652245 2.0766932838596404 9.879368304311765e-07 8.30899273436178 0.08968781527216935 "" 51.33 31.0 -17.32 0.201 "Minimization exited successfully."
22175 all salt2 4 60 z,t0,x0,x1,c 0.235643602315866 2454356.6 -7.521279178217434e-05 4.999919808512704 0.49999997856718914 0.11384070669068169 0.009614017049023288 0.03235182259231806 2.2644728790018208e-06 7.027123398443347 0.007679451465473219 "" 2352.03 47.0 inf nan "Minimization exited successfully."
22248 all salt2 140 0 t0,x0,x1,c 0.437347 2454441.204670196 6.905927235264587e-05 -0.12495603235139185 -0.19782324260710654 0.05491855172895116 "" 0.650081048021093 4.785005022293659e-06 0.25198598584634535 0.02398953133106954 "" 113.48 26.0 -21.04 1.087 "Minimization exited successfully."
22253 all salt2 85 0 z,t0,x0,x1,c 0.09658714591131673 2454439.4847365385 9.473863633345423e-05 -1.9585519940461538 -0.008758953575392192 0.08140163719565534 0.022155329953303167 1.5061134588904679 2.1506972453372365e-05 1.0575820365497481 0.1135441079489796 "" 32.1 11.0 -17.7 1.487 "Minimization exited successfully."
