results/sdss_salt2_mcmc_fits.ecsv
# %ECSV 0.9
# ---
# datatype:
# - {name: obj_id, datatype: string}
# - {name: band, datatype: string}
# - {name: source, datatype: string}
# - {name: pre_max, datatype: int64}
# - {name: post_max, datatype: int64}
# - {name: vparams, datatype: string}
# - {name: z, datatype: float64}
# - {name: t0, datatype: float64}
# - {name: x0, datatype: float64}
# - {name: x1, datatype: float64}
# - {name: c, datatype: float64}
# - {name: mwebv, datatype: float64}
# - {name: z_err, datatype: float64}
# - {name: t0_err, datatype: float64}
# - {name: x0_err, datatype: float64}
# - {name: x1_err, datatype: float64}
# - {name: c_err, datatype: float64}
# - {name: mwebv_err, datatype: float64}
# - {name: chisq, datatype: float64}
# - {name: ndof, datatype: float64}
# - {name: b_max, datatype: float64}
# - {name: delta_15, datatype: float64}
# - {name: message, datatype: string}
# schema: astropy-2.0
obj_id band source pre_max post_max vparams z t0 x0 x1 c mwebv z_err t0_err x0_err x1_err c_err mwebv_err chisq ndof b_max delta_15 message
[from data line 241]
13830 all salt2 5 100 t0,x0,x1,c 0.329841 2453991.4549234905 3.892715158512439e-05 1.3319893388997652 -0.033093765869225904 0.034580974709317966 "" 0.6878091419871941 2.3724384007570796e-06 0.5809497765698487 0.038607912696416044 "" 79.59 91.0 -19.7 0.822 NONE
13833 all salt2 35 184 t0,x0,x1,c 0.514732 2453999.418808366 1.2992129300227931e-05 1.334587931435178 -0.165307764689377 0.03123702291719047 "" 1.555583902295447 1.017029920977525e-06 1.056335647039 0.0418124366581649 "" 165.76 171.0 -19.65 0.825 NONE
13834 all salt2 5 109 z,t0,x0,x1,c 0.3051610234577463 2453982.9105038354 1.947302239761906e-05 -0.03984987297821812 0.10173319302439494 0.027462049340249886 0.059343867416642083 1.3688556736060087 3.1468843136270577e-06 1.6812992896500183 0.14826485487827537 "" 58.65 79.0 -18.75 1.055 NONE
13835 all salt2 40 69 t0,x0,x1,c 0.246034 2454011.841445211 6.600529234890628e-05 0.5138967694594079 -0.05799832770214988 0.021605936386037146 "" 0.2556363203911432 1.2986752393589673e-06 0.2331766733703227 0.017166080217964945 "" 100.49 100.0 -19.54 0.962 NONE
13836 all salt2 30 80 t0,x0,x1,c 0.372747 2454006.2549601467 3.305623657640545e-05 4.15947960601466e-05 -4.895697651224782e-05 0.017248476327783483 "" 0.002054949726137192 2.1168781625235036e-07 0.0011544388575171047 7.576782165597054e-05 "" 181.64 101.0 -19.83 1.053 NONE
13843 all salt2 82 122 z,t0,x0,x1,c 0.35790900624789546 2454026.551574237 1.053409026406066e-05 3.6022913057837394 0.16911046163836246 0.07729041649506246 0.03970642971462643 2.993506081453107 1.968160943540532e-06 1.6330328836004437 0.1645418235943669 "" 597.39 167.0 -18.5 0.345 NONE
1385 all salt2 5 80 t0,x0,x1,c 0.335346 2453626.579112965 3.077984762638773e-05 0.5705658095782357 -0.11161291296660589 0.01754584330336916 "" 1.101134590192732 1.9462591936749353e-06 0.857957099928285 0.04969119242195966 "" 53.59 66.0 -19.48 0.955 NONE
13859 all salt2 35 79 z,t0,x0,x1,c 0.30158719214454477 2454009.7060754336 2.9193133891478257e-05 1.4529686756034619 -0.012595239094142502 0.01810654114929978 0.04176862733281463 0.8771167298204967 1.36574235932219e-06 0.6258713669073493 0.08006703872591152 "" 90.36 104.0 -19.16 0.801 NONE
13861 all salt2 20 95 t0,x0,x1,c 0.391996 2454005.7069424805 2.342162781695658e-05 0.4693399915903402 -0.09151623514327038 0.060570289141977735 "" 0.7705695895151514 1.4169039752078082e-06 0.79174840569184 0.044070575052460474 "" 101.26 106.0 -19.58 0.972 NONE
13864 all salt2 25 80 t0,x0,x1,c 0.299254 2454007.51306244 4.036310064096064e-05 1.1246261650535325 -0.047593377422303566 0.0350516151245756 "" 0.4559765838036113 1.2196239860983788e-06 0.4409322244838125 0.024645189132022235 "" 116.49 96.0 -19.49 0.857 NONE
13867 all salt2 5 99 t0,x0,x1,c 0.345589 2453992.7617783053 2.5666848917692413e-05 1.396240321435309 0.07451406011668059 0.0332949429828276 "" 1.248477430249355 2.2019643907367934e-06 0.938288169923154 0.05989406321408277 "" 85.16 95.0 -19.36 0.808 NONE
13894 all salt2 40 70 t0,x0,x1,c 0.119664 2454014.5790985394 0.00012992586036058386 0.7479065970953075 0.1768277930555566 0.05805912395005484 "" 1.2456318173914223 3.6878418886553917e-06 0.18792849064815778 0.02337828535457076 "" 98.13 76.0 -18.54 0.912 NONE
13896 all salt2 20 90 t0,x0,x1,c 0.155944 2454005.563994586 5.729891633575319e-05 -0.556088336240737 0.09036773213328433 0.02892035838748675 "" 0.4768507145578666 1.41347994098865e-06 0.333220662952468 0.02314501062350759 "" 85.04 76.0 -18.28 1.156 NONE
13897 all salt2 20 90 t0,x0,x1,c 0.230382 2454001.894640669 4.5444440045037e-05 0.6821960272662128 0.08085201094685258 0.023393117355019376 "" 0.662487677052692 1.4944808907821282e-06 0.4885392948142742 0.02976040586004983 "" 132.37 96.0 -18.97 0.927 NONE
13898 all salt2 5 95 t0,x0,x1,c 0.224959 2453991.0151292467 3.620940732328063e-05 1.7800448487766043 0.1674194006293963 0.026125989999424396 "" 1.6994291082699218 2.3738061883916605e-06 0.9133411176897858 0.04553775533715837 "" 64.57 71.0 -18.67 0.742 NONE
13901 all salt2 10 90 t0,x0,x1,c 0.429816 2454000.846911555 1.602183860030046e-05 2.4987390601250365 0.0025043072059932397 0.025624666403098968 "" 2.183273250817278 1.1073857595473272e-06 1.3263578154894013 0.06306516872910314 "" 130.72 96.0 -19.41 0.625 NONE
13902 all salt2 10 89 t0,x0,x1,c 0.323385 2453991.460402056 2.4362256173831874e-05 -0.006803119583752469 -0.05272857415051992 0.038307556005372605 "" 1.3215410152190379 2.908458084393381e-06 0.9410370135623934 0.08188853913891564 "" 85.5 80.0 -19.14 1.057 NONE
13903 all salt2 10 94 t0,x0,x1,c 0.261982 2453997.789112431 2.1227744943897925e-05 1.0633735610949417 -0.037270504665382356 0.03170809476661958 "" 1.1306622454518844 1.7888800914649284e-06 1.0954051760291263 0.061715797043278404 "" 93.48 95.0 -18.46 0.867 NONE
13904 all salt2 30 79 t0,x0,x1,c 0.216231 2454008.1616079467 5.6536733432971164e-05 1.0907299609919952 0.019835224762561096 0.018499643343316035 "" 0.35071305678622194 1.2340603011047528e-06 0.333403789092644 0.021019823818305482 "" 170.48 100.0 -19.05 0.86 NONE
13907 all salt2 20 60 t0,x0,x1,c 0.195808 2454008.3332655085 6.40436635009474e-05 -0.16807503526122 0.12517024346315742 0.01907241886878101 "" 0.35438060425263435 1.8867919698141154e-06 0.26931574499533395 0.03639233320267946 "" 71.84 76.0 -18.95 1.078 NONE
13908 all salt2 15 85 t0,x0,x1,c 0.238429 2454003.662833706 4.626273809732445e-05 0.16263687990488895 0.030878421428440158 0.03164083064759531 "" 0.46106111642977393 1.5498384883036726e-06 0.49373785120040764 0.027321666071940344 "" 235.02 96.0 -19.07 1.021 NONE
13909 all salt2 40 60 t0,x0,x1,c 0.291893 2454022.593016471 6.395103528602462e-05 -0.0001173100140096792 -1.120079494063237e-06 0.025794226360953115 "" 0.002729894162611407 2.8556723540236205e-07 0.00046749873936837024 7.239773838022073e-05 "" 1730.64 86.0 -19.93 1.053 NONE
13931 all salt2 0 95 z,t0,x0,x1,c 0.26300576223130845 2453989.358870755 2.4997574028472594e-05 1.6002254352094574 0.18904557380119072 0.02485564149174804 0.06568320030712477 2.9035789308692173 3.4917476953233797e-06 1.3378834260173058 0.16111684832850573 "" 58.75 65.0 -18.65 0.771 NONE
13933 all salt2 20 76 t0,x0,x1,c 0.43253 2454009.108499142 1.726140372996555e-05 0.8684143636436144 -0.13268123289828612 0.05954412783749713 "" 1.1272302162718602 1.2630820329138305e-06 0.768604052774956 0.04850673249382751 "" 85.04 92.0 -19.51 0.903 NONE
13934 all salt2 20 75 t0,x0,x1,c 0.329309 2454008.287180809 2.214215311551237e-05 -0.16300927926322079 -0.0975572510835175 0.08618980799581352 "" 1.0029040869954045 1.7576126751359156e-06 0.8590226280438059 0.06086786956802685 "" 59.93 91.0 -19.08 1.089 NONE
13940 all salt2 5 94 t0,x0,x1,c 0.233716 2453995.2511828314 3.1211507130358184e-05 -2.161058592368696 0.16460332223967006 0.03334099185061839 "" 1.4791074252634462 2.072799744604408e-06 0.8320117176375055 0.0592409095566114 "" 106.19 80.0 -18.6 1.523 NONE
13942 all salt2 5 95 t0,x0,x1,c 0.528565 2453991.6041308725 1.285119193891852e-05 2.277525093865971 0.16893550375744684 0.025196216721965484 "" 3.6241669115712734 1.7146379726213537e-06 1.5462073219309442 0.1475844148624341 "" 50.78 76.0 -19.71 0.66 NONE
13946 all salt2 10 90 t0,x0,x1,c 0.244831 2453997.8049202864 1.998322006037482e-05 0.0002618741110119421 4.15920106121538e-05 0.029870794201652597 "" 0.0014969722101305922 1.8159950274162584e-07 0.000959307508465619 0.00011128035174989106 "" 107.73 81.0 -18.23 1.053 NONE
1395 all salt2 5 89 t0,x0,x1,c 0.184968 2453623.484236596 9.32707598336635e-05 -1.2743764819311825 0.0344879768978732 0.024267432020080425 "" 0.584821383896731 3.0208921721287136e-06 0.4124777813381268 0.03044996321503553 "" 75.19 55.0 -19.21 1.314 NONE
13952 all salt2 20 90 t0,x0,x1,c 0.327845 2454004.831403946 2.0701137246271047e-05 3.4990354049115573 -0.016678670523077897 0.02225591993329263 "" 1.3649488773433707 1.4630586244901526e-06 0.996297082123454 0.04402914021083997 "" 145.41 101.0 -19.0 0.392 NONE
13953 all salt2 35 80 t0,x0,x1,c 0.260998 2454008.911770237 3.077144823628634e-05 -0.00033112376766796604 1.539873117125171e-05 0.01658889605058741 "" 0.001656642657216152 3.084034433036458e-07 0.0012952049993618614 0.00011344205716265871 "" 246.14 101.0 -18.85 1.053 NONE
13956 all salt2 15 85 t0,x0,x1,c 0.260698 2454002.7978436025 1.7062285103124025e-05 -0.9055630423466655 0.09677917636533294 0.02734102319447885 "" 1.0455206731423008 1.2629502055738313e-06 1.0926789168662858 0.07190551872583582 "" 105.25 96.0 -18.21 1.228 NONE
13958 all salt2 15 84 t0,x0,x1,c 0.301176 2454004.0704629538 4.4777452485127094e-05 -0.5345505139938905 -0.15651153936720077 0.023831646345419916 "" 0.4482792338042979 1.6761120348620413e-06 0.48655462201124455 0.024519715623435617 "" 315.28 95.0 -19.62 1.167 NONE
13971 all salt2 5 92 t0,x0,x1,c 0.260637 2453994.01449887 3.446828990555813e-05 -0.23446212040295078 -0.04170209732541957 0.022987004072350117 "" 1.245422989871191 1.726913174800401e-06 0.7859039948355095 0.04744461281545803 "" 83.83 78.0 -18.97 1.1 NONE
13996 all salt2 70 39 z,t0,x0,x1,c 0.22498174254629613 2454039.872334977 0.0001775565593458564 0.0004137073736603579 7.202774303088283e-05 0.06430142257003647 3.044931840541622e-05 0.00169382526702463 1.3836843398125653e-06 0.001199913875396 0.00010147191039538018 "" 21508.64 64.0 -20.39 1.053 NONE
13998 all salt2 5 107 t0,x0,x1,c 0.121424 2453987.8425462074 8.680090431099073e-06 -0.6297241262552098 0.2942532175164803 0.05428744897551463 "" 3.8702069721130004 2.4945703061585767e-06 2.421867209296856 0.17041661103133365 "" 92.97 56.0 -15.64 1.157 NONE
14019 all salt2 35 85 t0,x0,x1,c 0.215128 2454012.672326277 4.675335108548225e-05 -0.35228421684318567 -0.022803995668876358 0.07617069464164625 "" 0.39065912606657976 1.8328478071010696e-06 0.37360731484655546 0.03590799372963101 "" 94.74 111.0 -18.83 1.122 NONE
14024 all salt2 55 60 t0,x0,x1,c 0.144777 2454031.4805376483 0.00020236025618021564 -0.00011831737888411631 7.503173569219363e-05 0.09909489469599701 "" 0.0015721060119731293 1.5302266254489274e-06 0.0010047886348187578 6.721696136379249e-05 "" 17752.76 72.0 -19.47 1.053 NONE
1403 all salt2 10 85 t0,x0,x1,c 0.359741 2453627.959928018 2.6280536169809366e-05 -0.7843325573142211 0.16324563947793708 0.028874054563447105 "" 1.7459301694050178 2.0713835411313097e-06 1.1813159119648249 0.07570922021917317 "" 73.97 76.0 -19.49 1.197 NONE
14034 "" "" "" "" "" "" "" "" "" "" "" "" "" "" "" "" "" "" "" "" "" "No data points with S/N > 5.0. Initial guessing failed."
14035 all salt2 25 80 t0,x0,x1,c 0.280154 2454008.21274373 1.3415606790344395e-05 0.7832749757000487 0.3807289962230822 0.03295101404427249 "" 1.1831563346545808 1.2793649408605445e-06 1.265294525958247 0.07383534987388564 "" 89.46 96.0 -18.14 0.897 NONE
14043 "" "" "" "" "" "" "" "" "" "" "" "" "" "" "" "" "" "" "" "" "" "No data points with S/N > 5.0. Initial guessing failed."
14046 all salt2 20 85 t0,x0,x1,c 0.472527 2453998.986150441 1.2203333622472584e-05 -3.1699849742872206 -0.09454662219393628 0.03699951053547583 "" 1.335182787922775 1.1985374745984479e-06 1.3044267987651927 0.1088501604358219 "" 129.73 101.0 -19.36 1.885 NONE
14050 "" "" "" "" "" "" "" "" "" "" "" "" "" "" "" "" "" "" "" "" "" "No data points with S/N > 5.0. Initial guessing failed."
14074 all salt2 40 70 t0,x0,x1,c 0.260383 2454013.481458252 3.11087430185352e-05 0.5975499071757848 0.1077398013784157 0.07998610045636169 "" 0.7710051472006837 3.0168572309663544e-06 1.1395786779565689 0.057555691838455075 "" 89.21 101.0 -18.86 0.941 NONE
14087 all salt2 20 90 z,t0,x0,x1,c 0.2249924242943488 2453997.148552518 1.3426624791006566e-05 -0.00047327839773592687 3.5016945218285307e-05 0.02220807697556928 4.23736356994341e-05 0.0014961972147047868 1.5182477775685486e-07 0.001160905847715119 0.00013097507079116378 "" 98.4 90.0 -17.59 1.053 NONE
14093 all salt2 31 167 t0,x0,x1,c 0.452413 2454005.586324771 1.7947506456134544e-05 0.13758600805345328 -0.09889903189705275 0.029184762773216914 "" 0.6841394984970592 7.958495356228e-07 0.6058401818600799 0.03185021305203598 "" 171.71 189.0 -19.67 1.032 NONE
14108 all salt2 30 99 t0,x0,x1,c 0.132428 2454010.723415607 0.0001480737024801419 0.27978101893369695 -0.0011333743737630348 0.1257156587742384 "" 0.2314295460287236 2.105800538812078e-06 0.14769125460510904 0.01577132337062526 "" 109.78 91.0 -18.92 1.002 NONE
14113 all salt2 15 99 t0,x0,x1,c 0.241161 2453998.200516203 5.048962711948236e-05 -0.8919508974211933 0.13482444316965117 0.027661495888746807 "" 0.6791851605755437 1.8763830539370384e-06 0.5526055223303413 0.03104053326027096 "" 86.82 90.0 -19.2 1.222 NONE
14126 all salt2 5 125 z,t0,x0,x1,c 0.25731501596036466 2453988.5543804504 3.0765046885316147e-05 1.022812795362562 0.0505973271569988 0.10570238022334226 0.05283246580939568 1.3242119280071099 3.719961808299936e-06 1.1159152571581326 0.11412583400294193 "" 120.77 90.0 -18.82 0.87 NONE
14131 all salt2 0 115 z,t0,x0,x1,c 0.32769040014757395 2453973.9869668507 2.9506261735281863e-05 0.7468606307307816 0.04410196837376874 0.02739474316709366 0.0586053596038552 3.5939468911114547 3.209584549513526e-06 1.5082626183771644 0.13931722023812387 "" 45.44 65.0 -19.38 0.917 NONE
14137 all salt2 10 110 t0,x0,x1,c 0.311058 2453996.024002105 2.6741685340232322e-05 -0.15562469403998497 -0.07517558310494714 0.15793339936065068 "" 1.6270651294161693 2.2936446920648207e-06 0.9846481507867736 0.06864324122905349 "" 72.03 96.0 -19.14 1.087 NONE
14149 all salt2 20 110 t0,x0,x1,c 0.534992 2454007.509109979 1.5913646177401116e-05 -0.00029199844089613884 2.671770651849259e-05 0.023284179451779803 "" 0.0024852005582923966 1.5208767596473312e-07 0.0010346606146184275 6.475727076617141e-05 "" 132.14 96.0 -19.97 1.053 NONE
1415 all salt2 10 75 t0,x0,x1,c 0.210449 2453632.4203962623 5.921791432781287e-05 0.8633199023386715 0.17948376154365775 0.019425880258971847 "" 0.4609505954588082 2.3799706494578516e-06 0.4906363392777101 0.030771335015341968 "" 56.59 66.0 -19.04 0.892 NONE
14157 all salt2 40 90 t0,x0,x1,c 0.210825 2454014.044547625 0.00011034329387979254 1.3663718194980872 -0.061859701905808105 0.10115022905937637 "" 0.21587552904039412 1.937106930112211e-06 0.2312549118447363 0.014147480243436239 "" 194.86 121.0 -19.72 0.817 NONE
14173 all salt2 5 125 z,t0,x0,x1,c 0.2249951550458708 2453994.244398148 2.6469827409064234e-05 5.044835597064888e-06 -3.466584808390936e-05 0.1140955551854341 3.761193165241715e-05 0.0012366608570135208 2.0844428993560623e-07 0.0008556633494498652 8.955826225584814e-05 "" 197.66 95.0 -18.32 1.053 NONE
14205 all salt2 45 55 t0,x0,x1,c 0.252308 2454026.7743800846 0.00013719923099793282 -0.0006101268330981423 -8.98232828130148e-07 0.0227573072025292 "" 0.002013222851734102 1.6912079490396944e-06 0.0008957143271992366 5.4056695826317056e-05 "" 16932.48 81.0 -20.39 1.053 NONE
14206 all salt2 10 90 z,t0,x0,x1,c 0.2578816034712167 2453999.345376619 6.261140210193881e-05 0.11038673969984714 -0.11076493918868144 0.02491050960580046 0.02184682601865245 0.4681052639853351 1.8271608337558994e-06 0.4407309665041836 0.036072334558806235 "" 186.36 90.0 -19.6 1.038 NONE
14212 all salt2 130 93 t0,x0,x1,c 0.203078 2454038.6573917544 9.027049428013627e-05 -0.00037983664131132684 -8.371446162683988e-05 0.04735805962114377 "" 0.0019778799934288003 7.251331586764555e-07 0.0008724056510652578 6.473659599725093e-05 "" 6492.22 149.0 -19.41 1.053 NONE
14223 "" "" "" "" "" "" "" "" "" "" "" "" "" "" "" "" "" "" "" "" "" "No data points with S/N > 5.0. Initial guessing failed."
14227 all salt2 50 168 z,t0,x0,x1,c 0.3519071067328503 2454007.878914093 1.1129688970808739e-05 -0.3655763004127326 0.10439156612917093 0.06283398861120656 0.04240623454351831 1.2895671716731703 1.0277618952806058e-06 1.1735605640270244 0.1105563747356228 "" 194.16 208.0 -18.5 1.117 NONE
