results/sdss_sako18_simple_fit_class.ecsv
# %ECSV 0.9
# ---
# datatype:
# - {name: obj_id, datatype: string}
# - {name: x, datatype: float64}
# - {name: y, datatype: float64}
# schema: astropy-2.0
obj_id x y
[from data line 1045]
20866 -0.1252045454545454 -0.8210909090909091
20870 -0.9915488215488216 -0.8529292929292929
20874 -0.09916666666666685 0.9141666666666669
20882 -0.7568965517241382 -0.19719298245614025
20889 -0.25862433862433865 -0.6161111111111113
20896 -1.2239999999999998 -0.39049999999999996
20916 -0.21040209790209796 -0.2895104895104894
20921 -0.10859943977591047 0.5282633053221288
20926 0.02646990740740751 0.01929292929292936
20928 -0.2742499999999999 -0.20733333333333331
20934 -0.6674603174603171 -0.45428571428571407
20936 0.05039279869067115 -0.1486666666666666
20961 -0.36896296296296294 -0.6471666666666667
20965 -0.45412037037037023 -0.4801388888888891
20969 -0.8161298076923075 -0.311767676767677
20971 -0.30411813186813186 -0.11831339712918654
20978 -0.07753968253968235 -0.25976190476190464
20998 -0.282063492063492 -0.160595238095238
20999 -0.15540476190476205 0.01004761904761775
21001 -0.10602272727272732 -0.5090909090909088
21006 -0.8605 -1.3871250000000002
21015 -0.07820574162679428 -0.2613392857142858
2102 -8.071256952169076 -28.39013888888889
21027 -1.2034000000000002 -0.7491666666666665
21033 -1.1297619047619043 -2.416607142857142
21034 -5008.884545454545 -1799.678333333333
21042 -1.690793650793651 -0.6659523809523809
21046 -0.12238636363636379 -0.16045454545454563
21060 -0.12183333333333335 -0.0004444444444444695
21062 -10.161904761904761 -1.6207142857142856
21069 -0.2642708333333337 -0.07048611111111114
21129 -0.2454093567251463 0.01571428571428568
21150 -0.6512820512820516 -0.05666666666666664
21152 -0.050138888888888955 -0.141388888888889
21172 -0.00716944801026953 -0.017060439560439455
21185 -0.07467592592592576 0.0640277777777778
21306 -0.5791666666666669 -0.9096428571428572
21347 -0.22062015503875965 -0.030419580419580483
21391 -0.19125000000000014 0.09028571428571419
21396 -0.06223214285714307 -0.3369047619047618
21409 -0.6562500000000002 -0.49763888888888874
21413 -0.24975000000000014 -0.3105
21420 -0.5212074074074076 -0.3466190476190476
21422 -0.6525555555555554 -0.33316666666666667
21455 -0.12269841269841264 -0.5744047619047622
21487 -0.2992307692307692 -0.45269230769230817
2149 -0.5238450292397661 -0.21581871345029224
21494 -0.5578571428571428 -0.3238095238095242
21502 -31.465 -7.616666666666668
21510 -9.256666666666666 -6.335833333333334
21543 -2.478829431438127 -1.4511805555555557
21557 -0.03892361111111109 -0.212361111111111
21563 -0.8577517241379322 -0.29892857142857165
21589 -1.1630545454545456 -1.1151764705882354
21594 -0.5731034482758619 -0.304761904761905
2162 -1.578769063180828 -1.1274019607843138
21648 -0.21576276938740868 -0.2210526315789474
2165 -0.3744054580896684 -0.18149122807017548
21669 0.21822222222222254 -2.744333333333333
21697 0.5362962962962965 0.745079365079365
2181 -0.20246331236897297 -0.12798212005108556
21810 -6.353555555555556 -1.4948333333333337
21813 -0.6397619047619048 -0.9403571428571436
21814 -0.8491666666666662 -12.387222222222222
21839 -1.5400000000000003 -3.1849999999999996
21858 -0.2114880952380953 -0.5001785714285707
21861 -5.407777777777778 -0.43833333333333335
21872 -0.20267391304347815 -0.8722321428571425
21878 -0.5244662162162164 -0.17208333333333337
21888 -0.2174749163879599 -0.32013888888888886
22075 -0.8684033613445379 -4.107
22182 -3.2625 -3.3866666666666667
22282 -0.4685213032581452 -0.2703636363636357
22284 0.2935555555555558 0.7506666666666666
2234 0.046609907120742866 -0.3499277605779154
2235 -0.0962768031189084 -0.03353801169590653
2246 -0.9710962274466919 -1.2869166666666663
2280 -0.14788087774294667 -0.10492690058479548
2290 -0.23505446623093706 -0.12212418300653627
2308 -21.886866515837106 -9.698784584980238
2319 -3.28443469785575 -3.4894883040935665
2330 -0.10282681940700811 -0.19664864864864873
2347 -0.07430422535211267 -0.149561403508772
2372 -1.8039999999999998 -2.9726666666666657
2422 -2.0246127946127945 -0.1580855855855856
2437 -0.1940112704918031 -0.22897186147186133
2440 -2.197435757244396 -1.142904761904762
2532 -0.6108210784313725 -0.3086397058823528
2533 -0.3400972222222223 -0.8087916666666667
2551 -0.2923651960784315 -0.021176470588235352
2561 -3.328268398268398 -5.30837965260546
2630 -0.2296904761904761 -0.43022619047619015
2632 -0.36072850678733026 -0.12123517786561244
2635 -4.874378624689313 -4.658315217391305
2639 -1.808604721549637 -0.5558026315789475
2689 -7.70952380952381 -6.1212380952380965
2699 -0.3543541666666665 -4.011555555555555
2734 -2.459253731343283 -1.4132015810276681
2744 -4.514503676470589 -16.34372549019607
2766 -0.1422380952380955 -2.2199880952380946
2784 -0.13963270963270968 -0.054523809523809474
2789 -0.20349650349650328 -0.3568274853801172
2799 -0.11391851851851875 -0.05565934065934075
2808 -0.5427938764352105 -0.26753571428571443
2855 -0.8993406593406592 -0.5682142857142858
2864 -0.8939583333333334 -0.4172610294117647
2871 -0.2856507936507935 -0.24133333333333318
2916 -1.4380851063829787 -2.0590625
2926 -0.442047619047619 -0.5202857142857142
2929 0.10752688172043001 -2.1721375040729876
2943 -0.941873015873016 -0.31011904761904774
2986 -0.35743749999999985 -4.024569444444445
2992 -0.3353702656868287 -1.6950952380952378
3065 -0.11770566037735852 -0.04915032679738551
3077 -0.8149494949494951 -0.7150000000000001
3080 -3.930392156862745 -1.3458333333333332
3087 -4.738235294117647 -1.822058823529412
3150 -0.0864894233555491 -0.09316346153846156
3161 -0.269919590643275 -0.1126900584795325
3172 -0.07749590432503273 -0.19833027148397653
3175 -1.1816904761904763 -0.1413214285714286
3180 -0.19876226415094345 -0.27013071895424856
3195 -0.22958557951482472 -0.16323099415204678
3199 -0.7511009174311931 -0.15561643835616457
3206 -0.20933773216031282 0.007937438905180727
3225 -0.1657456140350877 -0.1247499999999997
3241 -0.9921813725490196 -0.16154411764705912
3256 -0.7769480519480516 -11.159632034632034
3317 -0.8086198547215497 -0.4411842105263156
3331 -0.46668671405139417 -0.2229642857142855
3341 -0.18682933914306454 -0.021552631578947323
3368 -0.27376785714285734 0.023047619047619095
3377 -1.4636771159874609 -0.6258905058905058
3426 -0.4169358490566042 -0.28266339869281043
3451 -1.7276752021563346 -0.7693274853801173
3452 -2.9394641509433956 -0.6743954248366014
3475 -0.2997494553376905 0.021846405228757915
3488 -0.1768295148247978 -0.7142982456140352
3508 -0.3787230514096187 -0.05327205882352937
3527 -0.2966108905275102 -0.08547619047619048
3535 -0.12877255330781856 -0.49623809523809514
3565 -0.3853812636165578 -0.09671568627450977
3592 -28.466879084967317 -26.337265795206974
3593 -0.3913645224171537 -0.18242690058479522
3780 -0.3215595238095239 -0.07590476190476181
3811 -0.031083333333333574 -0.004809523809523708
3825 -0.18684126984126959 -0.11721428571428572
3881 -0.1412418300653595 -0.40982456140350887
3887 -0.1283175675675674 -0.003095238095238262
3889 -0.5007884097035039 -0.2546732026143792
3901 -246.80690769230773 -97.55880512820514
3945 -0.20436595744680885 -0.26268382352941166
3959 -0.1629826302729529 -0.4393181818181815
3975 -0.09622516556291383 -0.01684210526315777
3983 -0.8036111111111108 -0.2912500000000001
4000 -0.07251388888888866 -0.0703541666666666
4012 2.223928571428573 25.097777777777775
4019 -2.6734920634920627 -1.441761904761905
4028 -0.08474264705882362 -0.11608455882352942
4035 -0.21828151260504214 -0.023134453781512687
4046 -0.6730514705882351 -0.488860294117647
4048 -0.9438645833333333 -0.038416666666666655
4059 -0.05455862977602133 -0.29758893280632437
4079 -0.2181801125703564 -0.1597857142857142
4110 -0.45544117647058824 -0.017022058823529362
4175 -0.12690363881401623 -0.06967836257309934
4181 -0.44868852459016395 -0.2745238095238096
4206 -0.01824074074074078 -0.20524305555555555
4211 -0.18278752436647183 -0.20077485380116977
4236 -0.9416507936507934 -0.18714285714285717
4241 -0.4216557734204791 -0.16493464052287587
4307 -0.8023174603174603 -0.511642857142857
4311 -0.6245 -0.07866666666666655
4313 -0.20415128869909993 -0.10595238095238102
4417 -0.14307793427230064 -0.0603508771929826
4524 -1162.2243269230767 -959.4819444444444
4530 -0.07159200968523005 -0.16998684210526305
4547 -0.27633040935672504 -0.01807017543859657
4572 -0.04260767206758076 -0.08599567099567085
4577 -0.03709193245778619 -0.1973571428571428
4578 -0.14448452781786103 -0.08152380952380955
4612 -0.163921875 -0.08556249999999999
4639 -0.2043645833333334 -0.3022083333333332
4651 -0.07758620689655138 -0.43692307692307675
4669 0.09754385964912271 0.04026315789473689
4676 -3.0797916666666674 -0.06687500000000002
4679 -0.36274509803921584 -0.2229411764705881
4682 -0.04207602339181293 -0.029590643274853723
4737 -0.2597427230046949 -0.059444444444444466
4757 -0.16185171150688415 -0.09798418972332001
4779 -0.19090686274509805 -0.0462091503267974
4808 -0.07946666666666669 -0.23453333333333326
4857 -0.25910526315789484 -0.023973684210526258
4969 -0.2998059866962306 -0.16771978021978018
4978 -0.24488888888888882 -0.09577083333333325
5103 -3.579857142857143 -1.1249523809523807
5183 -0.07871448371448375 -0.1262368421052631
5199 -1.0095454545454543 -0.4810344827586208
5230 -0.20617155439895907 -0.08286580086580075
5235 -0.41850746268656736 -0.17891304347826087
5247 -0.4377708333333332 -0.21150000000000002
5339 -1.6629090909090913 -1.0560454545454545
5340 -2.700000000000001 -3.247527472527473
5350 -1.639721485411141 -1.6599444444444447
5378 -3.5716544117647047 -0.4047660818713452
5391 -0.5104761904761907 -0.04285714285714293
5395 -16.693819444444447 -15.985023148148152
5473 -0.19761904761904747 -0.1241483516483517
5486 -0.8157777777777777 -0.9614761904761904
5533 -1.3515030303030304 -1.8585000000000003
5549 -36.47209090909091 -31.09327272727273
5550 -25.935454545454544 -13.444136363636362
5588 -0.1510576923076925 -0.23560439560439583
5590 -0.1675326797385619 -0.03888888888888897
5635 -1.639615384615385 -1.5397527472527472
5659 -0.42130434782608694 -0.23416666666666686
5689 -1.4508333333333336 -0.2738636363636362
5690 -0.16139682539682543 -0.14080952380952383
5691 -0.3693333333333332 -0.2716666666666667
5717 -3.278391304347825 -1.2129565217391305
5736 -1.0968 -0.7313916666666664
5737 -0.4205641025641025 -0.08994871794871795
5751 -20.604193817878027 -12.254887218045113
5776 -0.31136713735558397 -0.22107142857142859
5802 -1.824302884615385 -1.0256064073226545
5803 -0.0724358974358974 nan
5807 -1.2891025641025644 0.7330769230769227
5821 -0.07902472527472537 0.0007142857142857229
5844 -0.724927536231884 -0.5337913043478262
5859 -0.0303888888888888 0.026333333333333098
5869 -0.9523626373626377 -0.12975274725274732
5890 -2.307539682539683 -1.9261904761904765
5897 -0.3116866359447006 0.05111111111111133
5909 -1.093157894736842 -0.4440384615384617
5916 -6.083296296296297 -5.58738888888889
5917 -3.530111111111111 -1.4394444444444443
5925 -0.48150000000000026 -0.03295833333333331
5944 -220.44725090036016 -127.60866153846155
5957 -1.2864861111111106 -0.6778333333333335
5959 -3.15046568627451 -1.6242095588235292
5963 -3.0974814814814815 -2.6138333333333335
5966 -0.41755555555555557 -0.31799999999999995
5978 -0.27976190476190466 -0.4797252747252747
5993 -0.47384523809523815 -0.1614285714285716
5994 -8.788170940170941 -5.520307692307693
6057 -10.433564102564103 -25.002324786324785
6100 -0.7695314505776634 0.014862637362637376
6108 -0.9563030303030302 -0.6935454545454545
6120 -0.2346592221794378 -0.25551282051282054
6121 -0.786187969924812 -0.8560897435897434
6127 -0.8922655007949123 -0.347147435897436
6137 -0.8377777777777778 -0.40849999999999986
6192 -0.20536363636363664 -0.5266287878787879
6196 -0.2887969924812033 -0.7856089743589747
6213 -0.24136904761904754 -0.2567557603686632
6216 -0.33303030303030323 -0.2988257575757576
6225 -0.3979393939393939 -0.35545454545454547
6249 -0.4229999999999998 -0.7475454545454545
6274 -0.3188644688644686 -0.41535714285714287
6275 -0.5956547619047621 0.004776785714285747
6295 0.7445308924485123 11.511222222222225
6300 -0.5076279069767442 -0.7519923371647512
6304 -0.8074483306836251 -2.227628205128205
6315 -0.8919580419580421 -0.7497552447552448
6326 -0.5518148148148145 -1.0459444444444443
6406 -7.9481111111111105 -5.919791666666666
6422 -9.442773892773891 -7.521748251748252
6431 -0.12290909090909086 -0.5779545454545455
6479 -0.056666666666666754 -1.8302272727272724
6491 -0.6196666666666664 -1.0000000000000002
6496 -0.8067272727272727 -0.606318181818182
6520 -11.0625 -11.193999999999999
6530 -0.39051282051282055 -0.8802097902097901
6535 -0.5554545454545456 -0.9281439393939397
6556 -0.31296296296296244 -1.416616161616162
6558 -66.15411764705884 -153.9225925925926
6560 -0.43161111111111117 -0.6376666666666664
6614 -0.11429292929292911 -0.07431818181818173
6638 -0.2726255196674128 -0.2854722222222221
6649 -0.42802106430155207 -0.40890476190476166
6683 -0.11073863636363646 -0.2936363636363637
6687 -0.0741964285714285 0.01464285714285718
6696 -0.8038888888888889 -0.2026893939393941
6699 -0.07931063829787233 -0.23403575989782888
6709 0.1743073593073593 -0.05824675324675321
6714 -0.2566403162055335 -0.09306324110671949
6743 -0.15844551282051278 -0.10897435897435881
6773 -10.250446428571427 -18.090535714285714
6777 -0.43564102564102547 -0.1067307692307693
6780 -1.4769930069930068 -1.2272377622377622
6807 -0.45525252525252513 -0.3578787878787879
6813 -0.21439682539682536 -0.12321428571428528
6816 -0.19211111111111123 -0.15747619047619055
6831 -0.09744767441860458 -0.2916428571428571
6851 -0.2470743243243243 -0.31868131868131855
6852 -2.0707326007326006 -1.2918131868131866
6861 -0.4870202020202019 -0.5670833333333336
6895 -0.7006060606060609 -0.05686363636363645
6896 -0.4931313131313133 -0.3090909090909092
6903 -0.31979797979797997 -0.011212121212121007
6913 -0.1275194660734147 -0.11816666666666653
6914 -0.05216666666666647 -0.36711111111111105
6924 -0.39523706896551736 -0.3414999999999999
6933 -2.890185185185185 -1.3187222222222221
6936 -2.12937037037037 -1.3451111111111114
6962 -6.018222222222222 -9.172586649550707
6987 -0.16439393939393931 -0.09151515151515166
7017 -37.12198728139904 -8.018974358974361
7024 -0.4050252525252527 -0.1606439393939394
703 -0.2821316614420063 -0.5221842105263157
7051 -0.42806060606060614 -0.36818181818181817
7056 0.0768663594470047 -1.368818181818182
7092 -0.5386616161616161 -0.11246212121212151
7099 -4.4051481481481485 -1.9579197994987467
7121 -0.5384444444444443 -0.49583333333333335
7143 -0.08230894015861567 -0.12685074029611854
7147 -5.716842105263159 -3.080814814814815
7194 -0.30956387256418183 -0.07017857142857131
7195 -0.24036979969183336 -0.19161904761904758
722 -6.328011695906433 -8.174083820662768
7243 -2.759181818181818 -0.40354545454545454
7258 -0.3287820512820514 -0.1695833333333333
7335 -0.3716666666666668 -0.3668181818181817
735 0.12087412587412594 -0.09378378378378371
7350 -0.27855555555555556 0.7612777777777775
7365 -0.3136467095497274 -0.2546969696969697
7373 -2.01669696969697 -0.09977272727272735
739 -0.762941176470588 -3.0649019607843133
744 -3.201203773584906 -5.706339869281045
7444 -1.1516296296296296 -0.24677777777777765
7457 -0.21557575757575753 -0.17513636363636342
7460 -0.15793939393939416 0.032772727272727176
7473 -1.690324074074074 -1.5846527777777777
7475 -0.7122222222222225 -0.9988888888888888
7479 -0.843148148148148 -3.251875
7499 -0.34077777777777796 -0.1497777777777778
7502 -0.1582575757575756 -0.188181818181818
7512 -1.4092063492063491 -0.5186190476190478
7527 -0.8361616161616168 -0.4935606060606059
7550 -0.16698840099420087 -0.030561594202898612
7600 -0.4914848484848484 -0.28777272727272707
762 -3.905991285403049 -1.493888888888889
7644 -0.18661616161616168 -0.16685606060606029
7647 -0.21134495279593346 -0.09683982683982673
7656 -0.367361111111111 -0.10655555555555563
7663 -0.03213888888888883 -0.0016666666666665941
7680 -0.11599999999999999 -0.33144444444444443
7699 -0.6726944444444447 -0.08566666666666656
7701 -0.3352314814814815 -0.23999999999999994
7707 -0.6398518518518519 -0.18927777777777782
7717 -0.2581111111111112 -0.2642777777777775
7721 0.021740740740740616 -0.6996666666666662
774 -0.8118421052631579 -10.059
