results/sdss_salt2_fits_ext.ecsv
# %ECSV 0.9
# ---
# datatype:
# - {name: obj_id, datatype: string}
# - {name: band, datatype: string}
# - {name: source, datatype: string}
# - {name: pre_max, datatype: int64}
# - {name: post_max, datatype: int64}
# - {name: params, datatype: string}
# - {name: z, datatype: float64}
# - {name: t0, datatype: float64}
# - {name: x0, datatype: float64}
# - {name: x1, datatype: float64}
# - {name: c, datatype: float64}
# - {name: mwebv, datatype: float64}
# - {name: z_err, datatype: float64}
# - {name: t0_err, datatype: float64}
# - {name: x0_err, datatype: float64}
# - {name: x1_err, datatype: float64}
# - {name: c_err, datatype: float64}
# - {name: mwebv_err, datatype: float64}
# - {name: chisq, datatype: float64}
# - {name: ndof, datatype: float64}
# - {name: b_max, datatype: float64}
# - {name: delta_15, datatype: float64}
# - {name: message, datatype: string}
# schema: astropy-2.0
obj_id band source pre_max post_max params z t0 x0 x1 c mwebv z_err t0_err x0_err x1_err c_err mwebv_err chisq ndof b_max delta_15 message
10096 all salt2 103 10 t0,x0,x1,c 0.076658 2453695.8287242893 0.00012995979348014148 0.2045698157623955 0.4147999245652078 0.023565475125899158 "" 0.23099031439051032 4.1244370456969365e-06 0.29436056569227587 0.025670232128699105 "" 23.84 26.0 -17.52 0.994 "Minimization exited successfully."
1032 all salt2 10 100 t0,x0,x1,c 0.129033 2453627.0017754105 0.00012920537160115972 -2.628641750784013 0.042064393738007196 0.06359391601103156 "" 0.15110523370094597 3.263246155614822e-06 0.16308341894424658 0.02345078340419341 "" 67.79 60.0 -18.71 1.676 "Minimization exited successfully."
10434 all salt2 80 15 t0,x0,x1,c 0.102877 2453697.0387154343 0.00037707679301921063 0.07532701716545867 -0.08626207108373135 0.080670258647413 "" 0.2069284012541175 7.914594387522319e-06 0.2548950082351822 0.016064045920241528 "" 26.88 28.0 -19.34 1.043 "Minimization exited successfully."
10449 all salt2 89 10 t0,x0,x1,c 0.240535 2453698.899746863 7.228169432381506e-05 0.955324526507849 0.0028466114505021705 0.049119272050730356 "" 0.7008351965341717 2.5025908987234553e-06 0.7792309299926461 0.03401068616232821 "" 55.6 41.0 -19.58 0.884 "Minimization exited successfully."
10550 all salt2 90 15 t0,x0,x1,c 0.299222 2453691.2767217304 2.7300739545642634e-05 1.6340565678458767 0.08038680916579409 0.032392698046171335 "" 0.8400689552072436 2.8044608812578244e-06 1.17128437148654 0.06358260590435144 "" 54.5 56.0 -19.07 0.768 "Minimization exited successfully."
10805 all salt2 90 13 t0,x0,x1,c 0.043968 2453699.326423872 0.0016087474666076362 0.6457177610936011 0.09545637999966539 0.04625113328376231 "" 0.07596419006586075 1.1938314967252234e-05 0.15623874330422072 0.006552932005483458 "" 186.69 19.0 -18.98 0.933 "Minimization exited successfully."
11067 all salt2 105 5 t0,x0,x1,c 0.116797 2453703.1992429984 0.0003990714022645624 1.814844444715999 -0.07480826292484757 0.03139393991151089 "" 0.24423880968242884 3.2712550515708058e-06 0.3067398144531122 0.010144312955659582 "" 23.85 20.0 -19.7 0.743 "Minimization exited successfully."
1112 all salt2 15 85 t0,x0,x1,c 0.256085 2453630.633967469 4.319821193396262e-05 -0.4812321215268621 -0.05044688083275311 0.04477551052670049 "" 0.6654387745074928 2.0841225987804656e-06 0.6754139130404492 0.0405610180256786 "" 67.8 81.0 -19.17 1.15 "Minimization exited successfully."
1119 all salt2 5 85 t0,x0,x1,c 0.296391 2453624.7748264335 4.0235581346753164e-05 0.49686791335222225 -0.10745343549134133 0.057369672852389225 "" 3.7117595572490245 2.092604200869327e-06 1.9098837065709613 0.04828069661521782 "" 48.71 71.0 -19.46 0.967 "Minimization exited successfully."
11206 all salt2 90 15 t0,x0,x1,c 0.381739 2453697.7739689793 2.396038199765829e-05 -1.3505584205514378 -0.17639514574256515 0.021644852498564175 "" 0.9427430753130466 1.5795669813830063e-06 0.5619208210004626 0.043356580738699815 "" 19.43 41.0 -19.54 1.349 "Minimization exited successfully."
11300 all salt2 97 5 t0,x0,x1,c 0.135523 2453700.1336894673 0.00013856785640657435 -1.516677399699475 0.0663253530886675 0.017120011986095352 "" 0.2844995576888323 2.0231296758892113e-06 0.47053513602966623 0.019221753336026035 "" 29.51 20.0 -18.9 1.368 "Minimization exited successfully."
11452 all salt2 80 5 t0,x0,x1,c 0.297519 2453701.4435590254 3.434497104204078e-05 1.188521351372579 -0.015778243722560467 0.018501022179583625 "" 1.5388034812640399 2.0384781075721974e-06 1.6922831751987546 0.056528456847940584 "" 27.91 31.0 -19.3 0.845 "Minimization exited successfully."
11557 all salt2 231 0 t0,x0,x1,c 0.378965 2453710.6356755523 2.2612827799587107e-05 3.4758199818602993 -0.030124889124767868 0.025247703048941517 "" 1.9123206161893904 2.334547981109362e-06 1.916360957274567 0.050266038540160554 "" 40.78 47.0 -19.47 0.401 "Minimization exited successfully."
11650 all salt2 85 0 t0,x0,x1,c 0.271623 2453710.2506390414 4.026826803673548e-05 0.09286112530312593 -0.03081564340871015 0.02906403655991701 "" 2.4856151114217937 2.813515279782199e-06 2.0419971268863635 0.06114693479584053 "" 14.83 16.0 -19.24 1.037 "Minimization exited successfully."
1166 all salt2 10 75 t0,x0,x1,c 0.380494 2453631.772454478 2.712701314302949e-05 1.4813310048046144 -0.03527468828460882 0.01662384253277598 "" 1.192296143155545 1.75460235032034e-06 1.0162785539448564 0.05527474871355552 "" 52.0 76.0 -19.67 0.797 "Minimization exited successfully."
11864 all salt2 204 10 t0,x0,x1,c 0.301755 2453701.5887388317 2.41185108154805e-05 -2.594917599667778 -0.05058690763579689 0.02904853659015491 "" 1.351224838057533 1.187270375340026e-06 0.8744524805759859 0.06301055050289063 "" 71.57 75.0 -18.95 1.678 "Minimization exited successfully."
12136 all salt2 93 5 t0,x0,x1,c 0.348289 2453704.5446143565 2.78250113116922e-05 1.4538514837461551 -0.018616446929405752 0.033243894567666625 "" 1.5224722139537334 1.925911167002768e-06 1.7907344816532433 0.06700450432417679 "" 35.86 31.0 -19.47 0.801 "Minimization exited successfully."
1241 all salt2 20 80 t0,x0,x1,c 0.088477 2453635.8188851248 0.0003989795562299766 -0.5215632437243028 0.0453722217021191 0.05279511138331638 "" 0.0621462925337255 4.539250463402393e-06 0.06713276041850144 0.008383990005371695 "" 91.5 64.0 -19.06 1.152 "Minimization exited successfully."
1253 all salt2 20 70 t0,x0,x1,c 0.261657 2453634.8272040114 5.751697536269917e-05 -0.9176103348497846 -0.11084047196959261 0.05274712824254386 "" 0.40963451587595046 2.141215868335026e-06 0.4398365728338464 0.0304812841857747 "" 66.87 76.0 -19.54 1.245 "Minimization exited successfully."
12779 all salt2 0 110 t0,x0,x1,c 0.078908 2453972.304171788 0.0003777186796936752 -0.6144675911571431 0.10200504439103392 0.08263204762156753 "" 0.6938560726121068 9.837291071139189e-06 0.1850955364432674 0.01556052639163161 "" 57.7 36.0 -18.73 1.167 "Minimization exited successfully."
12780 all salt2 5 109 t0,x0,x1,c 0.048246 2453978.5811296813 0.0006566156757943029 -2.145399566689708 0.18904519708482312 0.04124056589043749 "" 0.1103007139172405 7.531469827287949e-06 0.06576399544001943 0.008288893045198179 "" 829.65 40.0 -18.22 1.516 "Minimization exited successfully."
12781 all salt2 5 105 t0,x0,x1,c 0.082817 2453979.800000052 0.00031698303452960656 -1.8004035449807128 0.02361674697945881 0.02455638567412851 "" 0.1510921991430223 4.4320396804341425e-06 0.09489448401242788 0.010103837510176688 "" 121.91 48.0 -18.65 1.443 "Minimization exited successfully."
12841 all salt2 5 109 t0,x0,x1,c 0.292073 2453979.700000012 3.56883673940065e-05 0.3003870782827521 0.003835062988083077 0.03999030241332896 "" 12.434278592700139 2.4898427133827624e-06 0.7846921306303116 0.04669109270263161 "" 60.65 71.0 -19.3 0.998 "Minimization exited successfully."
12843 all salt2 5 107 t0,x0,x1,c 0.165949 2453982.631634274 0.00012234040289905586 -0.9936132579769233 0.025736888500760096 0.03877984998649935 "" 0.1707094928715378 4.191644251560158e-06 0.2796317342100927 0.023755145776255777 "" 38.15 52.0 -19.25 1.252 "Minimization exited successfully."
12851 all salt2 0 209 t0,x0,x1,c 0.243477 2453969.528559785 5.619708245227612e-05 0.6922965605707023 -0.04011531811553047 0.0415802449248109 "" 0.0024888550397008657 3.1078887122295943e-06 0.46485226816334896 0.04159858143658779 "" 121.49 111.0 -19.34 0.93 "Minimization exited successfully."
12853 all salt2 5 105 t0,x0,x1,c 0.168171 2453979.8398652636 0.00014878802172938122 -0.5948817318441781 -0.07757970978558452 0.09518859472942201 "" 0.29972368222661316 4.4996066404427615e-06 0.3253747497097019 0.021582268618546584 "" 50.35 48.0 -19.49 1.174 "Minimization exited successfully."
12855 all salt2 8 76 t0,x0,x1,c 0.170628 2453996.600133042 8.560321268845178e-05 -1.8778369114538265 0.04568781938378086 0.044805447823487755 "" 0.30118601489812136 1.670420067129476e-06 0.2751152319986745 0.020529437940694204 "" 78.18 47.0 -18.93 1.46 "Minimization exited successfully."
12856 all salt2 10 94 t0,x0,x1,c 0.170283 2453997.486442809 0.00015652642888262883 0.8633162014260651 -0.09298268576103022 0.04281724635494319 "" 0.21818782342597842 1.8311603570360216e-06 0.1876717880431326 0.010304022296093706 "" 74.66 67.0 -19.58 0.903 "Minimization exited successfully."
12860 all salt2 10 104 t0,x0,x1,c 0.120422 2453994.2731397874 0.00014417499718187766 -0.30962813209617834 0.14442997356966888 0.056030244972128426 "" 0.27514551556669176 2.352992363154933e-06 0.19319210407336274 0.01482896614085446 "" 193.3 60.0 -18.67 1.104 "Minimization exited successfully."
12869 all salt2 5 219 t0,x0,x1,c 0.278064 2453979.2631855537 4.808183349895097e-05 0.47718884554606283 -0.04211178900553174 0.114420714902936 "" 1.3582615691702813 2.4972378611023953e-06 0.9154309201639221 0.038468547918414385 "" 340.77 136.0 -19.5 0.968 "Minimization exited successfully."
12881 all salt2 10 105 t0,x0,x1,c 0.236702 2453980.880079955 6.537547205427173e-05 1.1073036508689778 0.021742331149846382 0.020250447872652327 "" 0.5628529004752636 2.105999599541471e-06 0.516642846669611 0.022635476750632984 "" 150.35 76.0 -19.43 0.857 "Minimization exited successfully."
12883 all salt2 5 105 t0,x0,x1,c 0.305691 2453980.315647692 3.889415022807992e-05 -1.5479556609965575 -0.06210205590380198 0.08087111247726221 "" 0.8604027598630637 3.0122567977732367e-06 0.8433080117225259 0.05161221204458534 "" 73.22 71.0 -19.5 1.387 "Minimization exited successfully."
12897 all salt2 10 89 t0,x0,x1,c 0.016541 2453998.773044338 0.0002719124334427792 4.805260699500875 0.07533939571377138 0.025304818456242696 "" 0.16842257953248918 3.127414526697206e-06 0.14479626684351093 0.006806275036497526 "" 6628.5 55.0 -14.93 0.198 "Minimization exited successfully."
12898 all salt2 15 85 t0,x0,x1,c 0.082545 2454002.9759745607 0.00043595933423105936 0.058549019618252464 0.06220983132906551 0.028112268867754968 "" 0.0650113164447248 3.6032279770783775e-06 0.07468625002268128 0.006104325476642126 "" 149.64 64.0 -18.99 1.039 "Minimization exited successfully."
12907 all salt2 25 184 t0,x0,x1,c 0.130868 2453996.122742286 0.000166395220539597 -1.8515195160292208 -0.024927306012778566 0.028329075971515134 "" 0.15599905117414892 1.6723533241952552e-06 0.12371848769635303 0.009959074089493423 "" 628.57 119.0 -19.02 1.461 "Minimization exited successfully."
12927 all salt2 0 100 t0,x0,x1,c 0.188911 2453989.4392385534 0.00013225994813368384 0.04298783804440238 -0.040517779137941606 0.0317574111054019 "" 0.0007117495406419039 3.2536018546133063e-06 0.21439795914828594 0.01904992987161315 "" 67.09 56.0 -19.65 1.047 "Covariance may not be accurate."
12928 all salt2 2 113 t0,x0,x1,c 0.13868 2453974.6516335933 0.00018542500913220716 -0.9039229971834791 -0.05170419060401203 0.08688397194164388 "" 0.00020988634787499905 3.63396850209332e-06 0.16837716368048056 0.018556522749945764 "" 33.41 47.0 -19.27 1.238 "Minimization exited successfully."
12930 all salt2 4 84 t0,x0,x1,c 0.146065 2453980.3905517007 0.00016707238919593954 1.665672395782478 0.016482807648111216 0.06411972446303744 "" 0.2923092113342136 4.377966284967478e-06 0.3192801757557396 0.017486258164451877 "" 44.64 35.0 -19.28 0.765 "Minimization exited successfully."
12950 all salt2 35 169 t0,x0,x1,c 0.081411 2454000.624833226 0.0004913897432763982 -0.4363459625041404 -0.013945310399228274 0.03779198055080809 "" 0.05352856079116464 2.2968820333530314e-06 0.0488475936263071 0.003790057756409919 "" 401.52 119.0 -19.09 1.138 "Minimization exited successfully."
12971 all salt2 5 105 t0,x0,x1,c 0.233804 2453977.3577185892 8.538201683292879e-05 1.1211895571613761 -0.07512095376617325 0.01842549743706961 "" 1.1556407092139125 1.9956376889568503e-06 0.5847709881820827 0.01999756511186637 "" 48.83 66.0 -19.69 0.858 "Minimization exited successfully."
12972 all salt2 5 105 t0,x0,x1,c 0.25655 2453981.9149650494 5.611240343536992e-05 -0.3003853490223219 -0.12709232291624287 0.01758300975213688 "" 0.567514163441956 2.7349421025019127e-06 0.5768858619156815 0.03684122625809402 "" 46.85 71.0 -19.46 1.118 "Minimization exited successfully."
12977 all salt2 15 98 t0,x0,x1,c 0.246425 2453995.068851362 6.230413926679878e-05 0.24051482835105245 -0.04879070133242942 0.021371137325810773 "" 0.5487934588454664 1.46482838617362e-06 0.34794869069832585 0.023427369299458996 "" 70.23 89.0 -19.48 1.011 "Minimization exited successfully."
12983 all salt2 0 110 t0,x0,x1,c 0.263944 2453975.7973575382 4.314845824080137e-05 -0.0019345600205084783 -0.04098555857643358 0.025030567717841547 "" 2.0397985517047346 2.3447561867227093e-06 0.8509057379462656 0.04981916228943755 "" 54.7 61.0 -19.25 1.056 "Minimization exited successfully."
13005 all salt2 0 119 t0,x0,x1,c 0.126217 2453972.6000864957 0.00012987712795601317 -0.4839573993406599 0.08726633280368543 0.028843556260170745 "" 0.0006132230628281832 2.9807226717658197e-06 0.19909982323768732 0.021184990388478105 "" 58.42 40.0 -18.66 1.141 "Minimization exited successfully."
13025 all salt2 10 195 t0,x0,x1,c 0.222864 2453991.1712313388 5.5685561528327566e-05 0.7860053482574901 0.038592311869550915 0.06735414411455247 "" 0.43061892967671156 1.6592320186937361e-06 0.2976885289097812 0.02356375494307085 "" 148.62 141.0 -19.11 0.911 "Minimization exited successfully."
13038 all salt2 5 99 t0,x0,x1,c 0.102644 2453989.1588467895 0.0003654840034883541 1.4631346826908778 -0.021265508567902918 0.033158062138110345 "" 0.08461729623377323 5.2754092255407994e-06 0.10581923794670782 0.008985702635950594 "" 96.28 56.0 -19.31 0.8 "Minimization exited successfully."
13044 all salt2 20 99 t0,x0,x1,c 0.12455 2454003.686152388 0.0002636898286099106 -0.06561013448907994 -0.08284890141500928 0.040525384750192954 "" 0.08389546792022884 3.030827056385087e-06 0.11395006059964921 0.008705605716165554 "" 127.71 76.0 -19.4 1.07 "Minimization exited successfully."
13045 all salt2 10 100 t0,x0,x1,c 0.179152 2453994.591406579 9.210342078469663e-05 -0.4684688873858051 0.07628366782480746 0.04397540210356936 "" 0.545439442852512 2.3210618276416654e-06 0.3011984922652385 0.021219270301173723 "" 105.43 64.0 -19.12 1.139 "Minimization exited successfully."
13070 all salt2 5 105 t0,x0,x1,c 0.197181 2453987.136904904 0.00013135811196870475 1.0113713050349769 -0.15966305813069262 0.022490142403971902 "" 0.21684517385438085 3.758922442791759e-06 0.2615702201013715 0.01709214370378583 "" 62.73 76.0 -19.74 0.88 "Minimization exited successfully."
13072 all salt2 5 105 t0,x0,x1,c 0.229162 2453990.3750808355 7.744627427834434e-05 0.11785986270055272 -0.2258576959032374 0.06611231395669519 "" 0.38334395410493016 2.6000021293048083e-06 0.3078546152218832 0.025743276657348203 "" 705.18 71.0 -19.54 1.042 "Minimization exited successfully."
13099 all salt2 20 94 t0,x0,x1,c 0.26451 2453997.4306792933 4.262931572767609e-05 -0.2261915103151038 -0.05332176054276732 0.037976112570363846 "" 0.7241733907721937 1.3789468409861428e-06 0.625006000365561 0.03160968455402697 "" 161.49 100.0 -19.24 1.099 "Minimization exited successfully."
13135 all salt2 45 174 t0,x0,x1,c 0.10337 2454004.1659823 0.0003165607975503653 -1.3645914290597696 -0.05305484322136528 0.024173199684973317 "" 0.043156260158866644 1.7053506651120088e-06 0.05362528839032513 0.004682335125515764 "" 240.42 143.0 -19.16 1.342 "Minimization exited successfully."
13136 all salt2 10 99 t0,x0,x1,c 0.370458 2453994.430424521 2.126790677625881e-05 0.7191208383043418 -0.09054078053661345 0.020652910512096636 "" 1.1190358374733478 1.3909964103495851e-06 0.8461022269108585 0.05064623011120191 "" 78.68 100.0 -19.34 0.928 "Minimization exited successfully."
13152 all salt2 25 85 t0,x0,x1,c 0.202152 2454001.749407437 9.755623176323424e-05 0.4045217464345539 0.0018651576295770397 0.01769670720058187 "" 0.19268018077127635 1.514533105828476e-06 0.24201450574001968 0.012884056457551089 "" 122.97 91.0 -19.48 0.979 "Minimization exited successfully."
