results/sdss_salt2_fits_old.ecsv
# %ECSV 0.9
# ---
# datatype:
# - {name: obj_id, datatype: string}
# - {name: band, datatype: string}
# - {name: source, datatype: string}
# - {name: pre_max, datatype: int64}
# - {name: post_max, datatype: int64}
# - {name: vparams, datatype: string}
# - {name: z, datatype: float64}
# - {name: t0, datatype: float64}
# - {name: x0, datatype: float64}
# - {name: x1, datatype: float64}
# - {name: c, datatype: float64}
# - {name: mwebv, datatype: float64}
# - {name: z_err, datatype: float64}
# - {name: t0_err, datatype: float64}
# - {name: x0_err, datatype: float64}
# - {name: x1_err, datatype: float64}
# - {name: c_err, datatype: float64}
# - {name: mwebv_err, datatype: float64}
# - {name: chisq, datatype: float64}
# - {name: ndof, datatype: float64}
# - {name: b_max, datatype: float64}
# - {name: delta_15, datatype: float64}
# - {name: message, datatype: string}
# schema: astropy-2.0
obj_id band source pre_max post_max vparams z t0 x0 x1 c mwebv z_err t0_err x0_err x1_err c_err mwebv_err chisq ndof b_max delta_15 message
[from data line 55]
11564 all salt2 109 20 z,t0,x0,x1,c 0.33936093455387134 2453689.226593264 2.8893113002937312e-05 -1.308125289450536 -0.023551648044599527 0.0960144509899417 0.05315838763426439 1.070657246047631 2.8676120324312722e-06 1.0174035572024458 0.14365801987914562 "" 67.19 80.0 -19.44 1.327 "Minimization exited successfully."
1158 all salt2 10 70 t0,x0,x1,c 0.410115 2453628.017572656 2.366286279569206e-05 -4.015554601348006 0.014945883712972341 0.02899596945971254 "" 1.0470648978371173 1.7349122386275934e-06 0.9871240588853922 0.06553335352503858 "" 52.27 66.0 -19.71 2.24 "Minimization exited successfully."
11650 all salt2 85 0 t0,x0,x1,c 0.271623 2453709.2916980446 3.9658467396716395e-05 -0.6151619459323339 -0.04349470458455851 0.02906403655991701 "" 3.5399757181294262 3.023645073619214e-06 2.9209459865895506 0.0753801174010564 "" 14.78 16.0 -19.23 1.176 "Minimization exited successfully."
1166 all salt2 10 75 t0,x0,x1,c 0.380494 2453631.861257297 2.6888393106296833e-05 1.686487767115147 -0.02787911571459245 0.01662384253277598 "" 1.216053012991324 1.7457508357984708e-06 1.0284542621599795 0.05414978760389394 "" 51.94 76.0 -19.66 0.763 "Minimization exited successfully."
11723 all salt2 99 10 z,t0,x0,x1,c 0.09179228933403075 2453699.753249279 3.925902586696852e-05 -2.1348816779521282 0.2200272363673781 0.07876809759348188 0.03669136835734661 0.8767119746189564 3.0944457024777282e-06 0.9323471327170139 0.12143866397747594 "" 21.86 23.0 -16.62 1.51 "Minimization exited successfully."
11771 all salt2 85 15 t0,x0,x1,c 0.256095 2453696.985519104 2.0230782518050372e-05 0.27647275000925475 0.22293357620239296 0.030568395678139317 "" 1.8513432226609439 1.9416652287738663e-06 1.6782309689458472 0.09503400352362174 "" 23.6 36.0 -18.35 0.991 "Minimization exited successfully."
11858 all salt2 90 15 t0,x0,x1,c 0.289718 2453698.3110737856 2.0140212759217064e-05 0.24702227169577906 0.07914801677866146 0.03519241698490381 "" 2.9948904607445 2.9441817026499047e-06 3.046250738427066 0.13261790260752865 "" 33.74 36.0 -18.65 1.004 "Minimization exited successfully."
11864 all salt2 204 10 t0,x0,x1,c 0.301755 2453701.7591288104 2.3895875140532735e-05 -2.4493024041751137 -0.06063561325710387 0.02904853659015491 "" 1.4642933697905391 1.1850528466842965e-06 0.9489228897868638 0.06243680843252716 "" 71.46 75.0 -18.94 1.634 "Minimization exited successfully."
12081 all salt2 21 4 z,t0,x0,x1,c 0.1457262173144896 2453699.806946669 5.6760551666357336e-05 -2.710178030122718 0.07187869004174241 0.13175640546659248 0.057532524648866226 1.3715223476756364 5.198627576793545e-06 1.2895321373651214 0.10971219557336287 "" 5.16 6.0 -18.1 1.698 "Minimization exited successfully."
12087 all salt2 89 10 z,t0,x0,x1,c 0.26254103519800737 2453699.8611180545 3.497929538038e-05 -1.5546142231834894 -0.12045659636464306 0.05473560483176385 0.06509878480665984 1.9299625193234533 2.457027561280904e-06 1.0116492532744927 0.09638567566875256 "" 27.31 40.0 -19.01 1.394 "Minimization exited successfully."
12110 all salt2 85 15 t0,x0,x1,c 0.279839 2453694.9046006505 2.979168765246287e-05 -2.1011140290335906 -0.11531663612585802 0.05035564870364871 "" 0.8086320098955184 2.420869803386164e-06 0.7117184814692952 0.06056020941798537 "" 49.9 51.0 -18.99 1.538 "Minimization exited successfully."
12133 all salt2 94 10 z,t0,x0,x1,c 0.24754574895067905 2453699.334060101 4.194125575891391e-05 -1.5548273663090995 0.005799237104905486 0.03265269118900816 0.060794437866596135 1.1242026321124285 2.518298811170637e-06 0.869137282333345 0.13503227096462686 "" 33.69 40.0 -19.06 1.383 "Minimization exited successfully."
12136 all salt2 93 5 t0,x0,x1,c 0.348289 2453704.4815999107 2.7821922297111377e-05 1.421017811837939 -0.02057469747082541 0.033243894567666625 "" 1.6183473537676036 1.8795399638602896e-06 1.7052139317984363 0.06678503370387981 "" 35.86 31.0 -19.47 0.807 "Minimization exited successfully."
12199 all salt2 95 10 t0,x0,x1,c 0.308801 2453699.3234811276 3.470960907063084e-05 0.40763615846266354 -0.059029149715182416 0.03690805105082132 "" 1.751930298982188 3.939615822524949e-06 1.9958404734517012 0.09832807910200941 "" 48.93 41.0 -19.41 0.981 "Minimization exited successfully."
12213 all salt2 80 15 z,t0,x0,x1,c 0.28166464229230165 2453694.2601920227 2.5058371720239624e-05 0.5218921831832892 0.17369311609495464 0.05656799224736286 0.04983862294636815 1.574834912782535 3.4720307414601515e-06 1.5040258969430302 0.12290683167054839 "" 53.66 50.0 -18.82 0.951 "Minimization exited successfully."
12308 all salt2 90 15 t0,x0,x1,c 0.278425 2453697.4348766473 4.2516812496385036e-05 -0.41134168123629067 -0.14687703873269142 0.03877322508963322 "" 0.8858570801094174 2.84879821843631e-06 0.7600509546707128 0.05992313799467455 "" 43.33 41.0 -19.37 1.141 "Minimization exited successfully."
12310 all salt2 84 15 z,t0,x0,x1,c 0.24258607512966662 2453697.60293208 3.115341405456136e-05 -0.09400960850290563 0.1477750844672987 0.028645339283992592 0.09513510488417687 1.4775005700066686 2.5534514754002324e-06 1.0273160794173304 0.1850715979499275 "" 52.63 40.0 -18.69 1.063 "Minimization exited successfully."
1241 all salt2 20 80 t0,x0,x1,c 0.088477 2453635.8190598157 0.00039897064696124305 -0.5218465598627571 0.04539597857280275 0.05279511138331638 "" 0.06214829767122865 4.5400784306213155e-06 0.06713477132845203 0.008385458890234676 "" 91.5 64.0 -19.06 1.152 "Minimization exited successfully."
1253 all salt2 20 70 t0,x0,x1,c 0.261657 2453634.9004550353 5.747441216475152e-05 -0.8639437866194584 -0.11021735073749045 0.05274712824254386 "" 0.4066354245878756 2.125751469249278e-06 0.4331287577171439 0.03006824301760233 "" 66.84 76.0 -19.54 1.234 "Minimization exited successfully."
12547 "" "" "" "" "" "" "" "" "" "" "" "" "" "" "" "" "" "" "" "" "" "No data points with S/N > 5.0. Initial guessing failed."
12779 all salt2 0 110 t0,x0,x1,c 0.078908 2453972.2948733633 0.00037783152689658725 -0.6121696755210895 0.10187864362168642 0.08263204762156753 "" 0.7007427462376654 9.923201849797755e-06 0.1863163172279494 0.015632753002285782 "" 57.7 36.0 -18.73 1.166 "Minimization exited successfully."
12780 all salt2 5 109 t0,x0,x1,c 0.048246 2453978.5812801435 0.0006566149687604693 -2.1455222687207516 0.18902907331306262 0.04124056589043749 "" 0.110321085434407 7.536209970163344e-06 0.0657869371215054 0.008293132235815959 "" 829.65 40.0 -18.22 1.516 "Minimization exited successfully."
12781 all salt2 5 105 t0,x0,x1,c 0.082817 2453979.8000000007 0.00031698069714486963 -1.8010325627441914 0.023570121583233128 0.02455638567412851 "" 0.15217996528372169 4.432652929949422e-06 0.09489568651506453 0.01010495279543594 "" 121.91 48.0 -18.65 1.443 "Minimization exited successfully."
12804 all salt2 5 104 t0,x0,x1,c 0.132512 2453981.7498986097 0.00018116615606379914 0.5420391374542666 0.015376764693590617 0.02608296317773385 "" 0.20913610118441284 4.840668135372156e-06 0.2918284506995614 0.016599717936083197 "" 65.73 48.0 -19.14 0.954 "Minimization exited successfully."
1282 all salt2 10 80 z,t0,x0,x1,c 0.11868976833423689 2453626.8511093277 2.9235984561169423e-05 -0.7452694846371726 -0.08754086935394434 0.06915699700600722 0.03686294798427048 1.3982547058258206 2.2416843353110696e-06 1.3438473033412528 0.08365562826990175 "" 57.92 47.0 -16.9 1.207 "Minimization exited successfully."
12840 all salt2 5 110 t0,x0,x1,c 0.33786 2453975.537522688 3.0465884621870562e-05 -0.026611964536931154 0.04506264358605694 0.04241801295920899 "" 4.498304972657934 2.3135826926973187e-06 2.203384319919048 0.06909888954747256 "" 86.35 71.0 -19.49 1.056 "Minimization exited successfully."
12841 all salt2 5 109 t0,x0,x1,c 0.292073 2453979.700016659 3.6068489820260626e-05 0.14885580890275385 0.0003534611764803852 0.03999030241332896 "" 16.355586101068184 2.4148350857962684e-06 0.7414146039126988 0.04531357790800625 "" 60.6 71.0 -19.31 1.025 "Minimization exited successfully."
12843 all salt2 5 107 t0,x0,x1,c 0.165949 2453982.6316393153 0.0001223407446328378 -0.9933524944016501 0.025739482137349556 0.03877984998649935 "" 0.17071391851641238 4.194773259528101e-06 0.2796629998250513 0.023757083135894697 "" 38.15 52.0 -19.25 1.252 "Minimization exited successfully."
1285 all salt2 5 85 z,t0,x0,x1,c 0.2785544652689564 2453625.6702675535 2.8279032550960223e-05 -0.9870628922257438 0.16380430287174108 0.03944842657259037 0.034519000791322973 2.0585963488556445 2.1235429797253273e-06 1.2726071105282557 0.08663219326602062 "" 58.07 70.0 -18.92 1.24 "Minimization exited successfully."
12850 all salt2 5 109 t0,x0,x1,c 0.303526 2453978.4055935876 3.6353175401113205e-05 -0.7715842357366576 0.03179193716777118 0.04414878963917318 "" 1.3632263417821378 2.6220185780621327e-06 1.0288578120985203 0.0582792641625377 "" 68.95 71.0 -19.41 1.204 "Minimization exited successfully."
12851 all salt2 0 209 t0,x0,x1,c 0.243477 2453969.5314967926 5.608864599968817e-05 0.7046637728967475 -0.03500689465527218 0.0415802449248109 "" 0.0001867485698312521 3.0870175109334155e-06 0.4841806545642573 0.0475700495974434 "" 121.47 111.0 -19.33 0.928 "Covariance may not be accurate."
12852 all salt2 5 105 t0,x0,x1,c 0.262708 2453985.660140819 3.382986638204401e-05 0.6824793025880735 0.07930640367290753 0.06357981410678144 "" 0.619738528970629 2.701255172856562e-06 0.7389995662611857 0.056726591125588366 "" 118.3 76.0 -18.97 0.927 "Minimization exited successfully."
12853 all salt2 5 105 t0,x0,x1,c 0.168171 2453979.8412274276 0.00014882068683560006 -0.5974088440687577 -0.07771442653436544 0.09518859472942201 "" 0.2995446666609496 4.503042098559267e-06 0.325137486997809 0.021583436656302024 "" 50.35 48.0 -19.49 1.175 "Minimization exited successfully."
12855 all salt2 8 76 t0,x0,x1,c 0.170628 2453996.6001541377 8.560214097597471e-05 -1.8777669612145385 0.045669631938009436 0.044805447823487755 "" 0.3011859848629683 1.6704574309682494e-06 0.2749680015263618 0.02052435293381666 "" 78.18 47.0 -18.93 1.46 "Minimization exited successfully."
12856 all salt2 10 94 t0,x0,x1,c 0.170283 2453997.48644159 0.00015652202029176857 0.86403118171682 -0.09298066554347151 0.04281724635494319 "" 0.2182242930866778 1.8312590842435122e-06 0.18766043030211188 0.010303366634422023 "" 74.66 67.0 -19.58 0.903 "Minimization exited successfully."
12860 all salt2 10 104 t0,x0,x1,c 0.120422 2453994.2725522877 0.00014417545136794296 -0.310887031447697 0.14448407123318874 0.056030244972128426 "" 0.27516410616226494 2.353295161233918e-06 0.1931396667488534 0.014828815142158391 "" 193.3 60.0 -18.67 1.104 "Minimization exited successfully."
12864 all salt2 0 110 z,t0,x0,x1,c 0.21860146571629518 2453964.7628140906 4.35817609106462e-05 2.6025686641565384 0.08659793455380993 0.07205182304569482 0.0001252920029294058 0.02222659788094461 4.61508331967723e-06 1.115841120096161 0.06428483243286237 "" 31.97 40.0 -18.8 0.604 "Minimization exited successfully."
12869 all salt2 0 224 t0,x0,x1,c 0.278064 2453968.7462032638 5.406843222972859e-05 4.06017490063115 -0.10062387790643701 0.114420714902936 "" 0.0008175354450941086 3.443990883814596e-06 0.7706668015746878 0.030784626877008198 "" 111.26 106.0 -19.64 0.277 "Minimization exited successfully."
12875 all salt2 5 98 t0,x0,x1,c 0.263163 2453987.728787416 3.1813897168420476e-05 -1.0434478423860942 0.033483678846379705 0.024020463943024817 "" 0.6752214087173343 3.2398646065095706e-06 0.6074238495210875 0.08033662736709904 "" 73.61 71.0 -18.91 1.262 "Minimization exited successfully."
12879 all salt2 10 104 t0,x0,x1,c 0.36341 2453988.8881119466 2.3213815125627718e-05 0.49544004368040717 0.01467237956445333 0.019050055389592205 "" 0.8340683544520289 3.092594006192441e-06 1.229134246857925 0.09395710074354535 "" 108.15 95.0 -19.38 0.962 "Minimization exited successfully."
12881 all salt2 10 105 t0,x0,x1,c 0.236702 2453980.807493129 6.477952435012115e-05 1.2692571545993676 0.019841246249476696 0.020250447872652327 "" 0.5738325738348067 2.0386235724233625e-06 0.5179753410186798 0.022348214162244723 "" 150.2 76.0 -19.42 0.83 "Minimization exited successfully."
12883 all salt2 5 105 t0,x0,x1,c 0.305691 2453980.443981327 3.900189674784643e-05 -1.520572417800608 -0.0515042837705893 0.08087111247726221 "" 0.8378275139257312 2.9370336414678883e-06 0.8095693925657497 0.05152906333333088 "" 73.1 71.0 -19.51 1.38 "Minimization exited successfully."
12897 all salt2 10 89 t0,x0,x1,c 0.016541 2453998.77342769 0.00027191375690116575 4.805114017340184 0.075333769788138 0.025304818456242696 "" 0.16808112105354667 3.1053860355131713e-06 0.14316780233285087 0.006806359611010726 "" 6628.5 55.0 -14.93 0.198 "Minimization exited successfully."
12898 all salt2 15 85 t0,x0,x1,c 0.082545 2454002.975992158 0.0004359581224899335 0.0585687132033712 0.062207358621894526 0.028112268867754968 "" 0.06501321936957538 3.604123092076961e-06 0.07469410748314598 0.006105301875916125 "" 149.64 64.0 -18.99 1.039 "Minimization exited successfully."
12907 all salt2 25 184 t0,x0,x1,c 0.130868 2453996.122806495 0.00016639370438818152 -1.8515393899589578 -0.024916530944107618 0.028329075971515134 "" 0.1560001343023032 1.6725098649763034e-06 0.12371294965681257 0.00995908748592475 "" 628.57 119.0 -19.02 1.461 "Minimization exited successfully."
12924 all salt2 10 90 z,t0,x0,x1,c 0.29535524699941945 2453996.8000003365 5.410039651775147e-05 -2.4889188512841653 -0.05568109702035451 0.0227573072025292 0.00931491337696519 0.05498814000748098 1.707491910780969e-06 0.3471374554557831 0.032149250614065705 "" 253.56 90.0 -19.77 1.645 "Minimization exited successfully."
12927 all salt2 0 100 t0,x0,x1,c 0.188911 2453989.440158125 0.00013226670694399417 0.04232691824349377 -0.04061769230752521 0.0317574111054019 "" 0.0018454790115356445 3.2268188695080266e-06 0.21358147931695726 0.01914419347400345 "" 67.09 56.0 -19.65 1.047 "Minimization exited successfully."
12928 all salt2 3 112 t0,x0,x1,c 0.13868 2453974.6520058634 0.00018528428438343455 -0.9095476293549396 -0.050861290245564905 0.08688397194164388 "" 0.00016783736646175385 3.1217663018007324e-06 0.13780957087919132 0.01495570524346046 "" 33.42 47.0 -19.27 1.239 "Covariance may not be accurate."
12930 all salt2 4 84 t0,x0,x1,c 0.146065 2453980.390716039 0.00016707520505563418 1.6655215742767187 0.016466569658315056 0.06411972446303744 "" 0.2922883974388242 4.380231496943532e-06 0.3191375862854269 0.017489152141496933 "" 44.64 35.0 -19.28 0.765 "Minimization exited successfully."
12936 all salt2 5 183 z,t0,x0,x1,c 0.24151797750755982 2453978.7679365845 3.709602857265211e-05 -0.16729384481534204 0.08287649709370848 0.03180244861346617 9.45936589694385e-05 0.0031930264085531235 2.1910899032385943e-06 0.5085905611837518 0.045706493342921095 "" 107.33 113.0 -18.86 1.08 "Minimization exited successfully."
12939 all salt2 5 205 z,t0,x0,x1,c 0.2854009894451466 2453977.672626897 4.870094791679894e-05 0.6282531346115867 -0.10380694320501593 0.09727473419744614 9.402621682752521e-06 0.0009143943898379803 2.5770287712273774e-06 0.5398291087724876 0.043209750062258995 "" 78.69 122.0 -19.58 0.944 "Covariance may not be accurate."
12940 all salt2 0 100 z,t0,x0,x1,c 0.19103658083137148 2453964.8006353998 2.3934372777793448e-05 1.7324678555184692 0.3631711889971183 0.03613064010360783 0.24530800933669042 12.89481432759203 1.0601400363930057e-05 2.9915018945731076 0.9309436957711489 "" 24.89 27.0 -17.82 0.744 "Minimization exited successfully."
12941 all salt2 10 94 z,t0,x0,x1,c 0.3358969922478332 2453993.956271773 3.941400063277518e-05 4.489718151620023 -0.04124783698255774 0.03961523137312844 1.1128719787645291e-06 6.220396608114243e-05 1.9491386325133567e-06 0.7334616192004964 0.02911959899821298 "" 106.62 94.0 -19.79 0.226 "Minimization exited successfully."
