results/sdss_salt2_fits_ext.ecsv
# %ECSV 0.9
# ---
# datatype:
# - {name: obj_id, datatype: string}
# - {name: band, datatype: string}
# - {name: source, datatype: string}
# - {name: pre_max, datatype: int64}
# - {name: post_max, datatype: int64}
# - {name: params, datatype: string}
# - {name: z, datatype: float64}
# - {name: t0, datatype: float64}
# - {name: x0, datatype: float64}
# - {name: x1, datatype: float64}
# - {name: c, datatype: float64}
# - {name: mwebv, datatype: float64}
# - {name: z_err, datatype: float64}
# - {name: t0_err, datatype: float64}
# - {name: x0_err, datatype: float64}
# - {name: x1_err, datatype: float64}
# - {name: c_err, datatype: float64}
# - {name: mwebv_err, datatype: float64}
# - {name: chisq, datatype: float64}
# - {name: ndof, datatype: float64}
# - {name: b_max, datatype: float64}
# - {name: delta_15, datatype: float64}
# - {name: message, datatype: string}
# schema: astropy-2.0
obj_id band source pre_max post_max params z t0 x0 x1 c mwebv z_err t0_err x0_err x1_err c_err mwebv_err chisq ndof b_max delta_15 message
[from data line 441]
5717 all salt2 80 110 t0,x0,x1,c 0.250368 2453664.6706349575 5.1727975219401234e-05 1.6382999619401402 -0.026630312294258315 0.023733792899698444 "" 0.29600885114632547 1.2690857797722012e-06 0.32374167565032796 0.019255263185693258 "" 130.72 141.0 -19.32 0.771 "Minimization exited successfully."
5736 all salt2 85 105 t0,x0,x1,c 0.25174 2453666.321963303 4.937315893259572e-05 -0.10648287143349136 -0.024738545332968435 0.032511610742109766 "" 0.2775653733406216 1.2434188537008405e-06 0.2974159204023301 0.021084893326090787 "" 114.61 136.0 -19.28 1.075 "Minimization exited successfully."
5737 all salt2 55 55 t0,x0,x1,c 0.391599 2453665.8263444006 2.184948172989774e-05 1.0536214971916475 0.031049175961134386 0.032803593453920844 "" 0.9746926389634609 1.6746821965503398e-06 1.143771839273382 0.06768208550473706 "" 64.47 81.0 -19.51 0.866 "Minimization exited successfully."
5751 all salt2 80 105 t0,x0,x1,c 0.129282 2453666.624243174 0.0001584337173889385 0.7204938072866743 0.15727189583798865 0.018677365869054205 "" 0.11054191505536437 1.6130436995799697e-06 0.10239509896468194 0.008535963069283286 "" 129.5 100.0 -18.94 0.917 "Minimization exited successfully."
5844 all salt2 75 125 t0,x0,x1,c 0.309294 2453664.192268573 4.124667014093709e-05 0.10521958665251417 -0.14573756256252735 0.09165791160126778 "" 0.5238420388195664 1.682646553053229e-06 0.5011674089583044 0.03172523747848795 "" 131.69 141.0 -19.6 1.041 "Minimization exited successfully."
5944 all salt2 95 109 t0,x0,x1,c 0.04495 2453668.4350240803 0.002091883616847211 0.7797380400574428 -0.03344883144331236 0.028140489118573857 "" 0.02155040786601603 5.683157942925666e-06 0.023834292095859515 0.0018271689071022521 "" 728.87 107.0 -19.32 0.915 "Minimization exited successfully."
5957 all salt2 45 65 t0,x0,x1,c 0.279228 2453667.290890055 4.5516691735175903e-05 0.08702298427114309 -0.08429575754819875 0.031051757844600972 "" 0.4022871027700603 1.4858397021036892e-06 0.41857992757077483 0.027788315148678577 "" 83.84 86.0 -19.45 1.041 "Minimization exited successfully."
5966 all salt2 29 55 t0,x0,x1,c 0.308214 2453660.280480166 3.2788010472050566e-05 0.7176994864428107 -0.004992078440400255 0.0231206176768094 "" 0.9128616305533797 2.2195235342808356e-06 0.7900063086584018 0.049897309424476226 "" 63.39 70.0 -19.34 0.924 "Minimization exited successfully."
5994 all salt2 45 65 t0,x0,x1,c 0.185813 2453666.24632433 0.00011129446642569057 0.7829177861937217 -0.056087059459835185 0.07998299347036585 "" 0.2520589344203472 2.7658517551493837e-06 0.25387389558131845 0.01778341742725962 "" 48.31 64.0 -19.42 0.915 "Minimization exited successfully."
6057 all salt2 45 70 t0,x0,x1,c 0.066511 2453664.16704068 0.0006071035720095044 -0.48417056706459144 0.09794300060469925 0.10055883162463111 "" 0.07621243875473738 4.605799078616189e-06 0.07635888721843241 0.005909337498248318 "" 121.95 64.0 -18.86 1.141 "Minimization exited successfully."
6100 all salt2 50 59 t0,x0,x1,c 0.316132 2453665.83209621 2.4887165373714083e-05 2.4231163277623877 0.02372991495406662 0.03601224313760675 "" 1.1338401602115482 1.8696850788973996e-06 1.1435527678001254 0.053163008129154074 "" 88.85 75.0 -19.11 0.638 "Minimization exited successfully."
6108 all salt2 75 30 t0,x0,x1,c 0.257998 2453675.788925744 4.292827567928274e-05 0.7384835609064739 0.02595611057910935 0.06627013197328958 "" 0.5954421188216656 1.1709110536377223e-06 0.5841117371588732 0.02871614601796916 "" 59.59 61.0 -19.19 0.92 "Minimization exited successfully."
6127 all salt2 60 48 t0,x0,x1,c 0.287037 2453673.3843832063 2.658922328352414e-05 4.264697189443731 0.19052388155312655 0.061313610945876416 "" 1.3576113146264106 1.9333129909012237e-06 1.8921280220545276 0.04743870190253605 "" 87.88 69.0 -18.96 0.252 "Minimization exited successfully."
6137 all salt2 45 55 t0,x0,x1,c 0.298878 2453670.561661904 4.249944153044836e-05 -0.00804347666850639 -0.13759193734387642 0.09648709897354343 "" 0.9491098064463586 1.921890040764664e-06 0.6960826987631769 0.036680302540419346 "" 73.48 71.0 -19.54 1.062 "Minimization exited successfully."
6192 all salt2 60 42 t0,x0,x1,c 0.270906 2453673.398975379 3.6991752835017815e-05 -1.2775319821609588 -0.0466336501327856 0.040555584404283834 "" 0.5552511056885123 1.2101802707778747e-06 0.6863020768487706 0.033739618038579396 "" 68.96 63.0 -19.15 1.321 "Minimization exited successfully."
6196 all salt2 55 54 t0,x0,x1,c 0.2798 2453670.0510638496 4.228795033290268e-05 -1.5062664483270172 -0.03175454053157215 0.05571774539999321 "" 0.5092121339403093 1.5146105753105962e-06 0.5262352662821048 0.033424964763896066 "" 80.44 75.0 -19.37 1.374 "Minimization exited successfully."
6249 all salt2 75 30 t0,x0,x1,c 0.29353 2453675.8400462447 3.487508817050691e-05 0.7823002705600602 -0.006562370711770367 0.033871745930083255 "" 0.6679931862745434 1.1929086614927517e-06 0.6518328193718953 0.03094898874435994 "" 49.26 61.0 -19.28 0.913 "Minimization exited successfully."
6295 all salt2 49 55 t0,x0,x1,c 0.078489 2453665.8938810267 7.79653756994381e-05 -3.8818347432809195 0.5615810578297592 0.027553348743116126 "" 0.17683633277192712 2.3736141794325546e-06 0.2029384286657027 0.0221254328949957 "" 328.2 51.0 -17.02 2.036 "Minimization exited successfully."
6304 all salt2 70 43 t0,x0,x1,c 0.189787 2453673.6096928357 7.467357862379103e-05 -0.4907588360062167 0.06832558636972172 0.01883410937852998 "" 0.2705734169576317 1.275654970348785e-06 0.37706560387577864 0.016651086748972758 "" 56.53 54.0 -19.04 1.144 "Minimization exited successfully."
6315 all salt2 65 45 t0,x0,x1,c 0.265764 2453677.1452598386 7.509245061281298e-05 -0.2564879242732945 -0.18421918427624234 0.07407567306115302 "" 0.3175749673973769 1.4046102814739245e-06 0.34866505802418674 0.016626632662019053 "" 59.59 71.0 -19.87 1.112 "Minimization exited successfully."
6406 all salt2 80 45 t0,x0,x1,c 0.123762 2453675.3112692325 0.0002514699228540358 0.17985573977566377 -0.003787477621695569 0.06476309637332914 "" 0.1011295928619802 2.15003849559441e-06 0.12205988924109687 0.007879654197871393 "" 77.44 68.0 -19.34 1.02 "Minimization exited successfully."
6422 all salt2 45 55 t0,x0,x1,c 0.185002 2453668.568546545 0.00013965332824292207 0.9287026998121426 -0.12089698519453981 0.03458569692274515 "" 0.24125104816630483 1.6368009548163441e-06 0.19503302496135205 0.01036400231315723 "" 55.0 56.0 -19.65 0.893 "Minimization exited successfully."
6558 all salt2 48 35 t0,x0,x1,c 0.056309 2453675.5544309453 0.0015089119346430723 0.8851564871850155 -0.06452787556600537 0.033316975299366156 "" 0.04694143868982792 6.6547464070144126e-06 0.04590118392848652 0.003040120340305407 "" 300.43 43.0 -19.47 0.898 "Minimization exited successfully."
6649 all salt2 80 34 t0,x0,x1,c 0.312883 2453678.22192478 4.072320775591876e-05 0.8128849898271812 -0.10591973585278078 0.029346400402625 "" 0.5895012971013784 1.3719518254528592e-06 0.5813101955191164 0.02546644718848807 "" 72.61 80.0 -19.61 0.912 "Minimization exited successfully."
6699 all salt2 67 62 t0,x0,x1,c 0.309149 2453675.8562233476 3.3672127651900286e-05 -0.7853966632030679 -0.1597694281015214 0.047001720627229814 "" 0.5545594596769661 1.4960466029347415e-06 0.8028711235572444 0.02980312966355249 "" 101.34 85.0 -19.38 1.22 "Minimization exited successfully."
6773 all salt2 65 30 t0,x0,x1,c 0.08932 2453678.8761544176 0.0005791287346640419 0.14571815134516952 -0.06796678277128389 0.11748964715395788 "" 0.10607840330339968 5.6994401692967135e-06 0.12096993298092541 0.008255672785501801 "" 524.43 36.0 -19.48 1.029 "Minimization exited successfully."
6777 all salt2 60 45 t0,x0,x1,c 0.402761 2453676.7 1.4281967748013906e-05 3.829369738367573 0.12783584612796256 0.04685986283323074 "" 0.2163358530960977 1.1633066656337328e-06 1.9617163454202813 0.07032371248158063 "" 81.33 71.0 -19.13 0.305 "Minimization exited successfully."
6780 all salt2 45 60 t0,x0,x1,c 0.202674 2453666.1440152926 7.190070035814114e-05 -1.743201858275871 -0.03992737806743925 0.08990214737151503 "" 0.3572967431973666 2.726927383340574e-06 0.33370642979652076 0.031288120356050976 "" 46.43 71.0 -19.15 1.434 "Minimization exited successfully."
6924 all salt2 59 35 t0,x0,x1,c 0.326398 2453674.9822000097 3.942978396516915e-05 0.7761092004028094 -0.07689524680299116 0.02727766131596708 "" 0.5998828010633588 1.4079087512050448e-06 0.7089560379084385 0.026762958839214174 "" 50.99 60.0 -19.68 0.917 "Minimization exited successfully."
6933 all salt2 75 25 t0,x0,x1,c 0.21163 2453680.4017987554 8.35118732409736e-05 0.12675318737043845 -0.022551868266638558 0.020285969296061107 "" 0.2254652725532651 1.3321044918205092e-06 0.23017404098172967 0.014972494004926503 "" 51.38 56.0 -19.42 1.031 "Minimization exited successfully."
6936 all salt2 60 30 t0,x0,x1,c 0.178899 2453681.205220919 0.00010756350717643945 0.08134189256711988 -0.04020744253452314 0.039713247082027545 "" 0.3011955644469708 1.707367531919509e-06 0.29740382688476497 0.015990723444160738 "" 42.35 44.0 -19.29 1.04 "Minimization exited successfully."
7017 all salt2 95 23 t0,x0,x1,c 0.267869 2453685.6903648935 0.00011248586658290471 4.6648740169172545 -0.056488575334039226 0.02325971194030231 "" 0.14991861721500754 1.5848183279200312e-06 0.23067380485509623 0.008828634889702801 "" 592.49 69.0 -20.36 0.208 "Minimization exited successfully."
7143 all salt2 134 62 t0,x0,x1,c 0.303538 2453678.44069106 2.6394655481705282e-05 -0.3151818836193514 0.007525777066384986 0.04618339563417969 "" 0.5810835254378617 9.239043861125907e-07 0.6085894797233184 0.030550637239177735 "" 104.06 133.0 -19.06 1.113 "Minimization exited successfully."
7147 all salt2 75 29 t0,x0,x1,c 0.108856 2453680.0520064835 0.0002869580339508422 -2.0357793157784236 -0.10263280081668381 0.0371970277970173 "" 0.09653068357147276 2.4060618099621214e-06 0.10282813744211466 0.008324419618670998 "" 315.58 43.0 -19.18 1.518 "Minimization exited successfully."
722 all salt2 0 105 t0,x0,x1,c 0.085038 2453613.8000001065 0.0004844551974259112 -0.6069702963820545 -0.015306112305732348 0.0223303685898671 "" 0.04632778582163155 1.1543473429514715e-05 0.13165451859469265 0.015407109131137428 "" 67.31 40.0 -19.17 1.173 "Minimization exited successfully."
7243 all salt2 75 20 t0,x0,x1,c 0.203226 2453686.840347321 8.459619342217673e-05 0.7427670725705806 -0.023153951381375035 0.086313741727153 "" 0.30190945439971983 2.463244953959883e-06 0.355181727823924 0.02406252546148397 "" 38.08 61.0 -19.34 0.921 "Minimization exited successfully."
739 all salt2 0 100 t0,x0,x1,c 0.106421 2453613.475278295 0.00026153724040276464 -1.4685496665865136 0.04625566351400857 0.025018920804241455 "" 0.00019398005679249763 5.67024556214399e-06 0.13881082443864415 0.01705881225925162 "" 128.9 40.0 -19.02 1.358 "Minimization exited successfully."
744 all salt2 0 104 t0,x0,x1,c 0.12694 2453614.3255935423 0.00020320643971518998 1.2127124934789726 0.08040901236789587 0.049606412192204685 "" 1.8748687580227852e-05 4.65792645487286e-06 0.21125498734689332 0.017250968509515303 "" 41.51 40.0 -19.16 0.838 "Minimization exited successfully."
7473 all salt2 55 25 t0,x0,x1,c 0.214569 2453680.0169846434 7.950682355952523e-05 -0.2054831210061221 -0.08892455944895586 0.0212511579783591 "" 0.23800989496521652 1.3064898965719358e-06 0.27104597647531925 0.015017013007785204 "" 52.29 56.0 -19.4 1.097 "Minimization exited successfully."
7475 all salt2 50 30 t0,x0,x1,c 0.320448 2453677.0322716944 4.417848846908255e-05 0.5395319415558868 -0.14767439974748062 0.023500903445328944 "" 0.5289317213464528 1.304886358163451e-06 0.5495538993137875 0.020831896444936774 "" 71.27 56.0 -19.76 0.962 "Minimization exited successfully."
7512 all salt2 95 30 t0,x0,x1,c 0.218347 2453683.063446398 6.207260452076443e-05 0.5391632210577391 0.01943927066156167 0.08836780389810196 "" 0.3586038963403553 1.634446902782851e-06 0.37222922051871965 0.02337962862858275 "" 77.23 81.0 -19.18 0.955 "Minimization exited successfully."
762 all salt2 5 95 t0,x0,x1,c 0.190088 2453625.706447848 9.940448291615703e-05 1.1369866166110505 -0.04422380874858525 0.028372062730525095 "" 0.26058647339232266 2.0962128270292374e-06 0.25906478286001233 0.0177661135367518 "" 69.61 60.0 -19.35 0.855 "Minimization exited successfully."
774 all salt2 0 113 t0,x0,x1,c 0.092269 2453616.217986772 0.00036607867320598904 -0.6514560861127883 0.08777081876444524 0.023226799756368877 "" 1.0737217962741852e-05 7.471530409297342e-06 0.12051763706063184 0.014174275380154677 "" 198.16 52.0 -19.06 1.175 "Minimization exited successfully."
7779 all salt2 112 71 t0,x0,x1,c 0.379863 2453676.2057394087 3.015302873434191e-05 1.31550105246572 -0.11451620088548663 0.056572878694596575 "" 0.6090489586349577 1.047590156832905e-06 0.657832528851375 0.024660619923086474 "" 178.27 129.0 -19.78 0.827 "Minimization exited successfully."
7847 all salt2 90 29 t0,x0,x1,c 0.211597 2453682.618882 5.890315125253317e-05 0.1370485053783273 0.1193640769456393 0.022768282899613326 "" 0.36613928037695587 1.3669864253843713e-06 0.3797228799602423 0.021671312026367334 "" 69.21 70.0 -19.04 1.022 "Minimization exited successfully."
7876 all salt2 85 20 t0,x0,x1,c 0.074891 2453686.0520928935 0.0007955840518846423 0.29945108574606494 -0.035219260096518434 0.02629211642175848 "" 0.04400449036620557 5.21110800394608e-06 0.059895447365568406 0.004660576835031373 "" 238.62 40.0 -19.42 1.0 "Minimization exited successfully."
8030 all salt2 85 30 t0,x0,x1,c 0.420927 2453678.733582028 1.735708807419472e-05 0.20542526103182202 -0.17517628379325423 0.03505905016244784 "" 0.9436171634588391 1.0387555238540132e-06 0.69240386217855 0.04098180015932479 "" 53.79 81.0 -19.44 1.023 "Minimization exited successfully."
8046 all salt2 94 20 t0,x0,x1,c 0.257598 2453683.8296228372 4.039131633868962e-05 0.31179582221385205 0.03891187395235322 0.02508364542835083 "" 0.46756218979135156 1.4374604865121263e-06 0.47688201673515607 0.03151112295582009 "" 42.92 71.0 -19.12 0.994 "Minimization exited successfully."
8151 all salt2 70 15 t0,x0,x1,c 0.011832 2453686.3100953368 0.00881303755847479 -0.9057129801428753 0.10165573168642394 0.01956095991778929 "" 0.012216077884659171 2.12135504071494e-05 0.00930896628978669 0.0019443921832408572 "" 38917.87 36.0 -17.93 1.227 "Minimization exited successfully."
8213 all salt2 85 15 t0,x0,x1,c 0.18468 2453684.213124102 6.536656464648103e-05 -0.6751908682875372 0.1399531971012339 0.024223361735473348 "" 0.2896043823566288 2.0033987797981546e-06 0.3213524455196091 0.026241810689740932 "" 31.22 36.0 -18.83 1.176 "Minimization exited successfully."
8495 all salt2 85 15 t0,x0,x1,c 0.21353 2453690.527428051 8.418482729867429e-05 0.8257060567069734 -0.04409541941748212 0.06128924618980475 "" 0.34008151572197676 3.259194108470962e-06 0.45390379613858967 0.026295235652914795 "" 73.61 56.0 -19.45 0.907 "Minimization exited successfully."
8598 all salt2 84 29 t0,x0,x1,c 0.36023 2453683.7473088563 1.9516954815138027e-05 -1.2565449949603171 0.09046763335614584 0.0586331462484028 "" 1.1190284045878798 1.3256017629255346e-06 1.0215465004393074 0.06276806413360875 "" 57.48 75.0 -19.17 1.305 "Minimization exited successfully."
8719 all salt2 64 15 t0,x0,x1,c 0.116277 2453690.6358178384 0.00030816934761681295 0.11575807124346604 -0.07510442538475495 0.019824297063508252 "" 0.09313201368786395 4.954944980809208e-06 0.1377289288935974 0.010939131231022768 "" 70.28 36.0 -19.41 1.035 "Minimization exited successfully."
8921 all salt2 103 30 t0,x0,x1,c 0.144093 2453693.2644851063 0.00017952961167760738 1.037066063558261 0.0037158746782961776 0.049241451720963766 "" 0.15496588475070894 4.018135932754425e-06 0.21386780477512443 0.017610434220010615 "" 136.49 58.0 -19.33 0.87 "Minimization exited successfully."
9032 all salt2 85 24 t0,x0,x1,c 0.252487 2453689.5016928054 5.1858165863663235e-05 0.8833529775813489 -0.0093830057785605 0.0532870550032926 "" 0.5006949021480978 2.693848195980486e-06 0.6086078488249966 0.03635471854047664 "" 48.54 55.0 -19.34 0.896 "Minimization exited successfully."
