results/sdss_salt2_fits_old.ecsv
# %ECSV 0.9
# ---
# datatype:
# - {name: obj_id, datatype: string}
# - {name: band, datatype: string}
# - {name: source, datatype: string}
# - {name: pre_max, datatype: int64}
# - {name: post_max, datatype: int64}
# - {name: vparams, datatype: string}
# - {name: z, datatype: float64}
# - {name: t0, datatype: float64}
# - {name: x0, datatype: float64}
# - {name: x1, datatype: float64}
# - {name: c, datatype: float64}
# - {name: mwebv, datatype: float64}
# - {name: z_err, datatype: float64}
# - {name: t0_err, datatype: float64}
# - {name: x0_err, datatype: float64}
# - {name: x1_err, datatype: float64}
# - {name: c_err, datatype: float64}
# - {name: mwebv_err, datatype: float64}
# - {name: chisq, datatype: float64}
# - {name: ndof, datatype: float64}
# - {name: b_max, datatype: float64}
# - {name: delta_15, datatype: float64}
# - {name: message, datatype: string}
# schema: astropy-2.0
obj_id band source pre_max post_max vparams z t0 x0 x1 c mwebv z_err t0_err x0_err x1_err c_err mwebv_err chisq ndof b_max delta_15 message
[from data line 871]
17372 all salt2 0 95 t0,x0,x1,c 0.144782 2454342.12445484 2.5379808782894707e-05 1.6519124631188618 -0.006827909706286106 0.023030943248991267 "" 3.0486490996554494 3.6787818271695786e-06 1.5547558174487728 0.0986677717549222 "" 22.55 32.0 -17.22 0.768 "Minimization exited successfully."
17374 all salt2 5 100 t0,x0,x1,c 0.250707 2454350.3540115515 5.930948320595991e-05 0.29298879839594427 -0.04210515835868428 0.0494148010520371 "" 0.9741924016270787 2.0675793574607947e-06 0.6334505484718305 0.031254203739857656 "" 67.57 71.0 -19.47 1.001 "Minimization exited successfully."
17389 all salt2 5 110 t0,x0,x1,c 0.169599 2454353.5380875855 8.837058235000059e-05 1.1028443002516317 0.036172802993400865 0.03985304968496923 "" 0.3665224676951766 2.1547919929536827e-06 0.36527044621578053 0.02054883151712944 "" 55.44 56.0 -18.95 0.858 "Minimization exited successfully."
17391 all salt2 0 95 t0,x0,x1,c 0.188543 2454346.338240553 9.621425595663211e-05 0.08805780142856534 -0.004501313505394011 0.03170465321987229 "" 0.002146991901099682 2.559239341178939e-06 0.30341497029142417 0.026058110437209903 "" 46.67 48.0 -19.29 1.037 "Minimization exited successfully."
17393 all salt2 5 95 t0,x0,x1,c 0.215988 2454349.2933454807 5.131820096206354e-05 -1.2406924481513522 -0.002335101167495912 0.09620499195544405 "" 1.1712198005989194 2.892035241959573e-06 0.8626071658587355 0.05372548755869014 "" 60.32 61.0 -18.94 1.309 "Minimization exited successfully."
17395 all salt2 10 85 t0,x0,x1,c 0.301135 2454349.8179976894 4.536233772732242e-05 -1.1972998432905757 -0.16179033624188455 0.02934318095431659 "" 1.2510619354434311 2.0994665158062608e-06 0.7028828606233168 0.047241641509542937 "" 72.8 66.0 -19.63 1.312 "Minimization exited successfully."
1740 all salt2 20 85 t0,x0,x1,c 0.166272 2453633.039609716 0.00012506467782321106 -1.106422274870118 -0.07288615307499735 0.021834362899686648 "" 0.1886793307494372 2.273548614677372e-06 0.2085324719738706 0.016833776061339012 "" 249.51 64.0 -19.28 1.284 "Minimization exited successfully."
17408 all salt2 5 100 t0,x0,x1,c 0.238956 2454351.1188061154 5.7276679201719415e-05 0.4628191773741346 -0.037038264624096595 0.09458576955719854 "" 0.9221239150501788 2.611368230934964e-06 0.6859184385407069 0.03961335931012838 "" 85.35 71.0 -19.31 0.97 "Minimization exited successfully."
17421 all salt2 10 80 t0,x0,x1,c 0.276537 2454349.700000003 2.8601143905483896e-05 -2.664974903974993 0.0838563631987016 0.03457914167547838 "" 0.4964457384776324 1.920318694934579e-06 0.9410777175141847 0.07683459634169526 "" 45.94 66.0 -18.92 1.682 "Minimization exited successfully."
17423 all salt2 10 165 t0,x0,x1,c 0.26361 2454349.7000000016 5.1453600974477475e-05 -0.3245339274398802 -0.17467258050984147 0.04911437661596972 "" 1.4364864917006344 1.6246979648528052e-06 0.408909634232717 0.028028000859450092 "" 149.7 126.0 -19.44 1.125 "Minimization exited successfully."
17433 all salt2 10 85 t0,x0,x1,c 0.286487 2454356.065175186 3.648502971103716e-05 0.7772106358402588 0.043368744038647655 0.024671420639202274 "" 0.7230367825832218 2.213348111832289e-06 0.8080204284084238 0.04330545490831389 "" 75.41 71.0 -19.27 0.912 "Minimization exited successfully."
17435 all salt2 15 99 t0,x0,x1,c 0.216737 2454359.7531182673 9.358327723987802e-05 0.8603583948172808 -0.11667958656429583 0.02700658284671418 "" 0.27844105078838766 1.9851545550495617e-06 0.2416885631568153 0.01730001614786092 "" 108.57 86.0 -19.6 0.904 "Minimization exited successfully."
17455 all salt2 5 95 z,t0,x0,x1,c 0.2583895904037105 2454349.466166649 4.162516435158702e-05 0.8008070356900365 0.08193825821688772 0.06136990874278589 0.059726854615755 2.0364463885780424 2.838402976591187e-06 1.4617620255807755 0.10760424146297867 "" 51.69 65.0 -19.16 0.907 "Minimization exited successfully."
17460 all salt2 0 94 t0,x0,x1,c 0.246103 2454353.5646777973 3.828197006708648e-05 -0.2271779380500405 0.030237118186711376 0.03883467093240239 "" 0.004196556285023689 2.0459275470220913e-06 0.7056981329730316 0.048669427582429425 "" 90.53 70.0 -18.95 1.095 "Covariance may not be accurate."
17464 all salt2 5 70 t0,x0,x1,c 0.24555 2454359.019178336 6.626200153180799e-05 0.15017425203865464 0.03389559544923726 0.020232392168025658 "" 1.2467238584067672 1.7487499795268962e-06 0.5639698136038045 0.027508665250151 "" 66.33 66.0 -19.54 1.024 "Minimization exited successfully."
17473 all salt2 0 80 t0,x0,x1,c 0.169106 2454355.8262219373 3.9507171606762464e-05 -1.923990375263791 0.023565897744249553 0.020032320524328975 "" 1.601951896911487 3.0940638064126185e-06 0.8105944907594758 0.062098865968153755 "" 37.65 44.0 -18.07 1.475 "Minimization exited successfully."
1748 all salt2 20 84 t0,x0,x1,c 0.337892 2453631.605317776 1.9397579551004322e-05 1.1530835849765042 0.08298114202428963 0.029067354008812732 "" 1.290359393460676 2.126638994694183e-06 1.3702025025470008 0.07715247590424479 "" 75.55 86.0 -19.0 0.847 "Minimization exited successfully."
17497 all salt2 30 140 t0,x0,x1,c 0.143873 2454365.237604446 0.00017326878749624957 0.9070810965026261 0.022710588899853112 0.030438877952302382 "" 0.1033988082781434 1.6543919513437236e-06 0.11069914271516801 0.00825287372062028 "" 139.36 112.0 -19.29 0.891 "Minimization exited successfully."
1750 all salt2 20 80 t0,x0,x1,c 0.258435 2453628.7868102523 2.489319762526075e-05 0.9390412286979233 0.20715700601365716 0.02836441324932762 "" 0.8564773767720908 1.5852793502871869e-06 0.7575481917186311 0.05513146531353741 "" 54.26 81.0 -18.6 0.878 "Minimization exited successfully."
17500 all salt2 0 95 t0,x0,x1,c 0.042891 2454339.6379764043 0.00015172939218610499 2.794715564943333 0.49999999961310193 0.023900434850763694 "" 0.34581779898144305 2.7107193549196684e-06 0.2503237424646807 0.0017971992980379548 "" 922.79 28.0 -16.38 0.557 "Minimization exited successfully."
17508 all salt2 10 95 t0,x0,x1,c 0.337992 2454349.872809353 2.2083450709954833e-05 0.8198173269889617 -0.07701689392039335 0.017083582246142072 "" 0.018176047131419182 1.7782960848478217e-06 1.1149035502344282 0.06840795491234511 "" 55.73 81.0 -19.14 0.91 "Minimization exited successfully."
17527 all salt2 0 100 z,t0,x0,x1,c 0.23109101269696836 2454344.2436950994 2.3303746334692822e-05 -0.5844700394590712 0.05656781340354111 0.02834813147242308 0.11604191965248187 6.105946049559861 0.07987502590249311 6.980323874366638 0.7248940694561633 "" 57.31 58.0 -18.25 1.164 "Covariance may not be accurate."
17528 all salt2 9 144 t0,x0,x1,c 0.358682 2454350.6592197926 2.1018394436008098e-05 -4.301210276152549 -0.061731170524609635 0.04889721206491884 "" 0.0017661666497588158 1.4286309882285891e-06 0.8960896157478195 0.05601035491307574 "" 118.58 125.0 -19.24 2.427 "Covariance may not be accurate."
17551 all salt2 5 85 z,t0,x0,x1,c 0.34064514581625754 2454349.561252008 3.634373737856691e-05 2.0818511795067813 -0.12002086017679886 0.05517601438296173 0.0001278174124152709 11.305464476114139 1.0000005599030035 8.022810944993537 0.6840000799562638 "" 73.39 68.0 -19.71 0.7 "Covariance may not be accurate."
17552 all salt2 10 105 t0,x0,x1,c 0.251909 2454357.7832490704 5.374792427504463e-05 1.302124999547818 -0.02934442622675848 0.04557598092482043 "" 0.4674466676078737 1.5414940888167476e-06 0.39821893501459504 0.026992358122905402 "" 74.55 86.0 -19.37 0.827 "Minimization exited successfully."
17568 all salt2 15 90 t0,x0,x1,c 0.136854 2454361.7359022913 6.038054882622426e-05 0.6624431187388646 0.2200932997773476 0.08708568576381655 "" 0.4044801152776927 2.6106273553437606e-06 0.3902843441712278 0.03693604323037958 "" 51.76 64.0 -18.03 0.924 "Minimization exited successfully."
17576 all salt2 5 80 z,t0,x0,x1,c 0.27035572208012393 2454350.1401026254 2.7638539385632508e-05 -2.3797462703366423 -0.016760589171647244 0.0808904352285119 4.2689295201875366e-05 0.01005098270252347 2.206481426088359e-06 1.1445239156998603 0.0863201130763733 "" 69.12 65.0 -18.82 1.607 "Minimization exited successfully."
17577 all salt2 25 117 z,t0,x0,x1,c 0.18683652084115548 2454359.7181653758 3.408372546786976e-05 -0.10884246220369231 0.07495769245944994 0.07577054052725589 0.020555577756749377 0.6579761351458728 1.9150699357243576e-06 0.5456662572530409 0.07071529049237152 "" 130.01 90.0 -18.15 1.07 "Minimization exited successfully."
17586 all salt2 5 80 t0,x0,x1,c 0.271659 2454352.8670876804 4.108404377020097e-05 -1.0501540071126025 0.09486444316471787 0.06898599422174903 "" 1.1134009859524667 2.419077650923479e-06 0.9449118150869791 0.05446301642260737 "" 56.64 66.0 -19.27 1.259 "Minimization exited successfully."
17605 all salt2 4 62 t0,x0,x1,c 0.145333 2454352.499354061 0.00016870452933547797 1.034216947224671 -0.008994764439238745 0.07212497545294887 "" 0.7029405764769763 5.405350028023249e-06 0.38640045351425467 0.02513533174728566 "" 187.94 31.0 -19.28 0.871 "Minimization exited successfully."
1762 all salt2 5 100 z,t0,x0,x1,c 0.2674456602006316 2453623.2477587243 1.689834386073433e-05 1.8259930939299451 0.2921065886253005 0.030767081642022298 0.037479265520912936 2.4418858920689672 1.938132811495195e-06 1.572866624694905 0.11112916659306621 "" 81.29 80.0 -18.27 0.731 "Minimization exited successfully."
17629 all salt2 15 82 t0,x0,x1,c 0.13639 2454370.9213619246 0.00017063005978814631 -0.3371252339230262 0.053706210222667417 0.02412992148772833 "" 0.10385115654207766 3.1799705082800047e-06 0.13489648371958385 0.014260022651914839 "" 120.92 73.0 -19.14 1.115 "Minimization exited successfully."
17641 all salt2 5 93 z,t0,x0,x1,c 0.31769917413181614 2454355.6895984095 3.922499331884552e-05 2.375708581560893 0.18478031580935206 0.028357395262557053 0.0176996834609624 1.1882529815193266 2.2324186369590885e-06 0.7310257382342003 0.06071993459742053 "" 83.94 83.0 -19.61 0.642 "Minimization exited successfully."
17642 all salt2 0 98 z,t0,x0,x1,c 0.30076119343019286 2454346.7666743523 4.7925837090272844e-05 -3.4052439477336334 -0.08555415803974153 0.027679135132870965 0.25878496017953023 13.919756010640413 1.0000010000050255 5.753213082328101 0.6881912946035273 "" 67.92 58.0 -19.69 1.978 "Covariance may not be accurate."
17647 all salt2 15 83 t0,x0,x1,c 0.432787 2454369.7682462903 5.292980623923359e-05 0.9146054927052294 -0.26573926146925575 0.030450364525126276 "" 0.3014792026951909 1.1531533908260491e-06 0.09699376482580835 0.010844491462533162 "" 192.81 94.0 -20.73 0.9 "Minimization exited successfully."
1765 all salt2 0 105 z,t0,x0,x1,c 0.13323192505033404 2453614.1025885744 2.0829351277632633e-05 -0.7124203832162559 0.49999983936084735 0.03460445358066695 0.00020245919233063958 0.005019508069381118 9.059734797387123e-07 0.5961374437486731 0.01966857002215644 "" 34.37 43.0 -16.82 1.158 "Covariance may not be accurate."
17667 all salt2 5 95 z,t0,x0,x1,c 0.22229572364455535 2454349.0238066767 4.8931627667234115e-05 -0.6059998518615881 0.142986157971428 0.02713012482567733 0.031135789075159848 1.1285769694950432 3.063865997867108e-06 0.6259558240366716 0.07122871891247379 "" 66.86 60.0 -18.96 1.162 "Minimization exited successfully."
17682 all salt2 5 75 t0,x0,x1,c 0.303213 2454349.86111025 3.7472076056763965e-05 -2.064777065164394 0.06035653238812988 0.04886107757273769 "" 1.500392660498619 2.3954774502539052e-06 0.9156750046504296 0.06055787246967134 "" 43.68 61.0 -19.44 1.508 "Minimization exited successfully."
17687 all salt2 10 75 t0,x0,x1,c 0.301768 2454359.072680769 1.8223089098483804e-05 0.2550294994065716 0.024658781203907965 0.04672122416771527 "" 1.5180935743264854 2.1741526611436796e-06 1.4487037191818555 0.10893895863940864 "" 86.87 76.0 -18.65 1.005 "Minimization exited successfully."
17695 all salt2 15 83 t0,x0,x1,c 0.18205 2454365.6933336533 5.93881090493505e-05 -0.08850583321099226 0.2602742727275472 0.03572703630943498 "" 0.004896972328424454 2.049216790266033e-06 0.3663793784569225 0.02823841634120383 "" 83.36 74.0 -18.69 1.055 "Minimization exited successfully."
17716 all salt2 5 99 z,t0,x0,x1,c 0.2356175743326957 2454354.03263933 3.599778352144862e-05 -0.03661430111556019 0.06705909107893515 0.021288890170939913 5.728670893165311e-05 2.023531123995781e-06 1.06996822785086e-06 0.4537375099779597 0.03131021549756202 "" 67.07 79.0 -18.77 1.056 "Covariance may not be accurate."
17733 all salt2 5 92 t0,x0,x1,c 0.368529 2454349.0807726034 2.4025351478181003e-05 -2.669725771549243 0.07379910430437198 0.022386804149193182 "" 1.839492998784408 2.662046886818882e-06 1.2985497635302998 0.11317549028755927 "" 54.31 73.0 -19.45 1.685 "Minimization exited successfully."
17737 all salt2 5 95 z,t0,x0,x1,c 0.23898683873757975 2454349.8736791457 3.74988938505004e-05 -0.10131108883028617 0.13469436147208202 0.08713474974145202 1.65250477524026e-07 7.606577128171921e-06 2.665197478226757e-06 0.8065273424531494 0.06160442320720255 "" 53.61 64.0 -18.85 1.065 "Covariance may not be accurate."
17740 all salt2 0 100 z,t0,x0,x1,c 0.399999992315593 2454347.85248266 3.162847243949904e-05 1.981307984659595 0.09326312685546767 0.02924497472071764 0.008604998081149284 0.01737494976259768 1.2306998172622645e-06 0.1748307896982806 0.05602611447391087 "" 86.47 80.0 -19.96 0.711 "Covariance may not be accurate."
17743 all salt2 0 100 z,t0,x0,x1,c 0.300114855240829 2454341.6065733414 3.7978241720859076e-05 -0.002910129396934913 0.12559259803687017 0.09626563584847307 0.025082279788275985 3.876780941616744 1.05291613945459e-05 1.1312813705127986 0.17684749079265694 "" 79.73 55.0 -19.43 1.047 "Minimization exited successfully."
17745 all salt2 10 65 t0,x0,x1,c 0.062145 2454373.1088656145 0.0012368084145949747 1.3207113889159352 -0.05022780617991113 0.027225031212334615 "" 0.040134424110874534 1.1382917435860475e-05 0.055399025678305236 0.0052954875769966325 "" 163.24 56.0 -19.48 0.824 "Minimization exited successfully."
17748 all salt2 10 64 t0,x0,x1,c 0.17823 2454365.7641563737 5.647428384425344e-05 1.211005619393739 0.17067723219425823 0.01674495416384514 "" 0.4530151979997754 2.5642360855023366e-06 0.507178189027468 0.03054551385870491 "" 47.0 56.0 -18.58 0.835 "Minimization exited successfully."
1775 all salt2 15 90 t0,x0,x1,c 0.302486 2453634.242517945 3.302848820664474e-05 0.14968363447326816 -0.1796929754962151 0.050692901597366294 "" 0.6747951651923358 2.0725486706480473e-06 0.7646743880686588 0.04109272668597172 "" 74.41 81.0 -19.3 1.034 "Minimization exited successfully."
17773 all salt2 5 94 t0,x0,x1,c 0.286916 2454356.4800130893 4.1907319986051955e-05 -0.5650988287348175 -0.11212067079520616 0.027152826806554203 "" 0.6503246673382819 1.7807670957856954e-06 0.5595240182263925 0.03403338143468845 "" 71.47 85.0 -19.43 1.171 "Minimization exited successfully."
17776 all salt2 5 93 z,t0,x0,x1,c 0.2135724743690008 2454353.4083656804 4.906958073828704e-05 1.5895330402108137 0.03188680889139417 0.044562391356490934 0.019341779303547413 1.1637092232704163 2.188571421351424e-06 0.7383361454546704 0.049547433542399266 "" 67.87 68.0 -18.87 0.777 "Minimization exited successfully."
1778 all salt2 0 109 z,t0,x0,x1,c 0.2464283340609656 2453613.3369687605 2.7311814795026252e-05 1.4167544207609586 0.22499659354927148 0.0500390506418672 5.821068685962771e-07 7.543922401964664e-05 2.6527264422050303e-06 1.0912564588262366 0.07667924321704706 "" 74.13 65.0 -18.59 0.799 "Minimization exited successfully."
17784 all salt2 10 85 t0,x0,x1,c 0.03652 2454367.666332975 0.0019620431153988243 -0.41034767201855704 0.032745987551535904 0.0912791915897275 "" 0.024622665718197823 1.1987166222970298e-05 0.03161533486119161 0.0037288010348152656 "" 1000.82 64.0 -18.78 1.13 "Minimization exited successfully."
17790 all salt2 10 65 t0,x0,x1,c 0.17702 2454362.0400843318 9.799288953677934e-05 1.0269732145164543 -0.2134183582175101 0.16723226247008138 "" 0.5949149236548692 4.365660250233045e-06 0.5749038451445445 0.02911421673431014 "" 144.8 44.0 -19.17 0.879 "Minimization exited successfully."
