results/sdss_salt2_fits_ext.ecsv
# %ECSV 0.9
# ---
# datatype:
# - {name: obj_id, datatype: string}
# - {name: band, datatype: string}
# - {name: source, datatype: string}
# - {name: pre_max, datatype: int64}
# - {name: post_max, datatype: int64}
# - {name: params, datatype: string}
# - {name: z, datatype: float64}
# - {name: t0, datatype: float64}
# - {name: x0, datatype: float64}
# - {name: x1, datatype: float64}
# - {name: c, datatype: float64}
# - {name: mwebv, datatype: float64}
# - {name: z_err, datatype: float64}
# - {name: t0_err, datatype: float64}
# - {name: x0_err, datatype: float64}
# - {name: x1_err, datatype: float64}
# - {name: c_err, datatype: float64}
# - {name: mwebv_err, datatype: float64}
# - {name: chisq, datatype: float64}
# - {name: ndof, datatype: float64}
# - {name: b_max, datatype: float64}
# - {name: delta_15, datatype: float64}
# - {name: message, datatype: string}
# schema: astropy-2.0
obj_id band source pre_max post_max params z t0 x0 x1 c mwebv z_err t0_err x0_err x1_err c_err mwebv_err chisq ndof b_max delta_15 message
[from data line 276]
18485 all salt2 30 65 t0,x0,x1,c 0.278216 2454389.5105947084 5.414364450046837e-05 1.2520191440548767 -0.07459254757064633 0.05836477052546067 "" 0.44194611883722246 1.536968579634482e-06 0.39948318624942347 0.02250427901171265 "" 87.37 81.0 -19.63 0.836 "Minimization exited successfully."
18486 all salt2 30 63 t0,x0,x1,c 0.245403 2454390.6122996355 8.704157300045051e-05 1.139356553773183 -0.11322649670963299 0.08222683725264278 "" 0.260915708495304 1.4945245250947637e-06 0.24691238702742865 0.015251910074917347 "" 64.23 79.0 -19.83 0.857 "Minimization exited successfully."
18602 all salt2 40 40 t0,x0,x1,c 0.136959 2454394.131967546 0.00015973469172448027 1.1194226429353848 0.05884610312307663 0.06443025325754097 "" 0.11837114533409476 2.871678952803959e-06 0.16449879513608176 0.014792102658455165 "" 83.4 48.0 -19.08 0.854 "Minimization exited successfully."
18604 all salt2 70 100 t0,x0,x1,c 0.174828 2454387.8880790966 7.499123408013178e-05 -2.0310064810113198 -0.0388125538678063 0.06035440243720547 "" 0.18705550930462778 1.192147960884661e-06 0.19701206385648282 0.01694649343425074 "" 116.63 112.0 -18.84 1.51 "Minimization exited successfully."
18612 all salt2 20 60 t0,x0,x1,c 0.113643 2454384.2447957373 0.0002486765663715553 -0.7406862444128689 0.039372237007130016 0.02257460231034764 "" 0.15562350768595934 2.169706036553682e-06 0.1204552228261545 0.008433196360071223 "" 109.25 56.0 -19.12 1.197 "Minimization exited successfully."
18617 all salt2 25 60 t0,x0,x1,c 0.325692 2454381.6881689015 2.8635787522116908e-05 -0.22931104174896186 -0.030925466398657838 0.036767992861728604 "" 1.0880224222783 1.5345976609368374e-06 0.8171310869970457 0.04781984207553181 "" 80.65 76.0 -19.33 1.099 "Minimization exited successfully."
18650 all salt2 30 55 t0,x0,x1,c 0.112425 2454388.339378587 0.0003004630922326637 0.9376821047916908 -0.0428742492214083 0.07887755326377335 "" 0.10416923183947802 3.1256058781283112e-06 0.10045669209408058 0.008602306831689166 "" 83.1 52.0 -19.3 0.888 "Minimization exited successfully."
18697 all salt2 35 70 t0,x0,x1,c 0.106377 2454384.992875644 0.00036243996639984696 0.748086278951942 0.003136774107884126 0.01686495300293074 "" 0.14854841330088675 2.1528430835208254e-06 0.09412298763065911 0.005663284746861647 "" 105.0 64.0 -19.38 0.919 "Minimization exited successfully."
18721 all salt2 25 70 t0,x0,x1,c 0.401274 2454371.9140420468 2.506089658865874e-05 0.2177642104172736 -0.1916882336115943 0.02591137456974784 "" 0.7351544564589858 1.722213459138045e-06 0.47827848288574204 0.0428664841141253 "" 77.4 91.0 -19.72 1.022 "Minimization exited successfully."
18740 all salt2 83 77 t0,x0,x1,c 0.153167 2454392.330751674 0.0001558084857614252 0.01599088824052565 0.012986396656531653 0.02226708712356275 "" 0.0964211926329881 1.5765982857189422e-06 0.11473194083355076 0.008809848079877686 "" 140.34 98.0 -19.32 1.049 "Minimization exited successfully."
18749 all salt2 35 70 t0,x0,x1,c 0.189307 2454385.621953789 6.675134843337255e-05 -1.353351657468252 0.05602867598814132 0.01668352340021582 "" 0.4264279352501035 1.2673633792767045e-06 0.36285807630864375 0.0199672851966018 "" 63.5 64.0 -18.91 1.33 "Minimization exited successfully."
18751 all salt2 20 55 t0,x0,x1,c 0.069772 2454379.6498055845 0.00015590318890841513 -2.2234194726667735 0.3245143351117403 0.01952684907640905 "" 0.2871879143640399 5.099440439796687e-06 0.150509784671783 0.019960395401209502 "" 471.6 43.0 -17.5 1.521 "Minimization exited successfully."
18768 all salt2 25 84 t0,x0,x1,c 0.196713 2454379.555251577 7.194198483345931e-05 -0.35525804442346876 -0.03700470468240424 0.020470540631086886 "" 0.36233777878805995 2.420189138910665e-06 0.2777350203379357 0.026325680582290706 "" 100.33 95.0 -19.08 1.124 "Minimization exited successfully."
18782 all salt2 20 71 t0,x0,x1,c 0.366275 2454377.4572169436 2.592164520308687e-05 0.018332515414495258 -0.2068639372189735 0.02531028635290962 "" 0.6139189293608069 1.5832143236436984e-06 0.4553998912870587 0.03606793232689998 "" 99.17 77.0 -19.52 1.06 "Minimization exited successfully."
18787 all salt2 35 69 t0,x0,x1,c 0.189141 2454387.7593480004 5.922010852042034e-05 0.19738792290497112 0.03641038678650454 0.02342888203438732 "" 0.45234838919714093 1.2674773263907645e-06 0.4396335180937736 0.020559869271109237 "" 48.84 67.0 -18.78 1.015 "Minimization exited successfully."
18804 all salt2 50 62 t0,x0,x1,c 0.197257 2454393.4233564814 0.00012157826205607402 0.9441185676096991 -0.0656718403300538 0.02471386431753001 "" 0.15460060397163033 1.6349760109210944e-06 0.18367479098568976 0.010788885938091039 "" 116.91 83.0 -19.66 0.888 "Minimization exited successfully."
18807 all salt2 35 56 t0,x0,x1,c 0.176245 2454390.7843657522 0.00010116008269847363 0.47549953665713046 -0.010049771747033495 0.07061995596608615 "" 0.22557501308619976 1.6592855418150883e-06 0.23745097686531752 0.015527728179346126 "" 27.33 52.0 -19.19 0.967 "Minimization exited successfully."
18809 all salt2 25 66 t0,x0,x1,c 0.128366 2454383.7343031494 0.00022011221250906407 -1.1474729527337928 -0.08656928293869545 0.09775065284329514 "" 0.20508617721498013 2.7252396473847576e-06 0.13563457474812973 0.01088270328392861 "" 61.49 56.0 -19.28 1.295 "Minimization exited successfully."
18835 "" "" "" "" "" "" "" "" "" "" "" "" "" "" "" "" "" "" "" "" "" "result is NaNUser function arguments:        z = +0.122617       t0 = +2454403.501007       x0 = +597427.803521       x1 = +1869.460611        c = +4587.164182    mwebv = +0.100103"
18855 all salt2 25 66 t0,x0,x1,c 0.127151 2454386.5188981965 0.0002280141206888168 0.2662564016533751 -0.02789961772175544 0.08481033397461873 "" 0.19145938474684954 2.079177907813012e-06 0.13464858266370738 0.008775629388099072 "" 136.23 57.0 -19.29 1.005 "Minimization exited successfully."
18890 all salt2 43 45 t0,x0,x1,c 0.065344 2454393.113460347 0.00021658294814970452 -2.578071956874156 0.23715130294131528 0.03133762392916099 "" 0.07712335651740432 3.3106847208545397e-06 0.08711846335251579 0.011425833248334858 "" 712.34 54.0 -17.7 1.634 "Minimization exited successfully."
18927 all salt2 25 70 t0,x0,x1,c 0.213228 2454386.9700963907 5.801170728166673e-05 -0.5733363655094115 0.09937299453618771 0.06131616214049745 "" 0.37906058062799275 1.6570201752507253e-06 0.36270117296696136 0.026305646685323425 "" 147.89 86.0 -19.04 1.159 "Minimization exited successfully."
18940 all salt2 70 49 t0,x0,x1,c 0.210985 2454397.2009270694 7.356668698148858e-05 -0.8827216934679498 -0.030958537703306567 0.015896963133240058 "" 0.18123077414929867 1.4373411165556712e-06 0.20111840600013833 0.017972632589428758 "" 136.36 90.0 -19.28 1.232 "Minimization exited successfully."
18945 all salt2 85 14 t0,x0,x1,c 0.26856 2454421.800000006 3.2663559420433247e-06 66.40883853255211 0.5124786182611434 0.019184052357372153 "" 0.0719309994019568 1.1419714106855271e-06 25.81685654526286 0.07320550199650624 "" 72.48 45.0 -18.49 1.067 "Minimization exited successfully."
18965 all salt2 50 59 t0,x0,x1,c 0.204532 2454395.885599535 9.338131786398168e-05 -0.5799899204673535 -0.1311150785800932 0.02076784058848586 "" 0.17250641994178295 1.9644780651054966e-06 0.2071808236578458 0.017542138004359158 "" 84.37 80.0 -19.46 1.175 "Minimization exited successfully."
19002 all salt2 45 49 t0,x0,x1,c 0.270097 2454393.730579682 5.95279003713228e-05 0.30075007257468317 -0.12658248901532965 0.053046292496135246 "" 0.2720408756285906 1.369697837835639e-06 0.2955979743299157 0.017754535065241862 "" 70.47 70.0 -19.66 1.004 "Minimization exited successfully."
19003 all salt2 35 50 t0,x0,x1,c 0.058773 2454394.215633726 8.751051401086799e-05 -1.5835638944661243 0.8323951560289591 0.05653895691670883 "" 0.10805861721746624 3.2701252654952533e-06 0.16185123235888207 0.025735541203901747 "" 78.69 52.0 -16.51 1.309 "Minimization exited successfully."
19008 all salt2 35 50 t0,x0,x1,c 0.217566 2454393.156090071 6.406138995715882e-05 1.109471941990022 0.08288386263471219 0.07688939655212881 "" 0.3388243594672531 2.2990632070932344e-06 0.3856915301104916 0.028326772449963653 "" 68.93 66.0 -19.2 0.855 "Minimization exited successfully."
19023 all salt2 68 95 t0,x0,x1,c 0.241847 2454390.4560900806 7.888334291306705e-05 1.2150417756817453 -0.1568341250583198 0.12502705000609501 "" 0.2365620385389775 1.5752565434819332e-06 0.2452436158196455 0.016008822420201716 "" 204.86 139.0 -19.69 0.845 "Minimization exited successfully."
19025 all salt2 20 65 t0,x0,x1,c 0.404499 2454385.2691684654 2.01194460427037e-05 1.3709418998995107 -0.0623769082934699 0.06332500438145011 "" 1.5457605216652155 1.5590196823238737e-06 1.2046471278443849 0.06417228446839543 "" 207.43 76.0 -19.5 0.816 "Minimization exited successfully."
19027 all salt2 25 60 t0,x0,x1,c 0.291136 2454387.1436049654 5.025637895424923e-05 0.37169789615121546 -0.009543726490228482 0.09050454774381134 "" 0.5957292222883552 1.9255224599514123e-06 0.5268913587533133 0.03348539208168681 "" 88.41 71.0 -19.66 0.986 "Minimization exited successfully."
19029 all salt2 30 55 t0,x0,x1,c 0.318042 2454389.7144618705 2.7313862959904752e-05 3.5134235786700145 -0.053914813194953795 0.05201594379633776 "" 0.9825028290506452 1.8274091039041324e-06 1.0300293839959782 0.04006470339280857 "" 73.37 71.0 -19.23 0.389 "Minimization exited successfully."
19033 all salt2 25 60 t0,x0,x1,c 0.396541 2454386.2599118706 1.783838359567836e-05 -0.09832649902384727 -0.15021641540097114 0.0656490218894275 "" 1.6314256137702614 1.6261498978462488e-06 1.4801406155825128 0.08829553512317351 "" 160.3 71.0 -19.32 1.08 "Minimization exited successfully."
19070 all salt2 30 55 t0,x0,x1,c 0.46861 2454392.700000158 1.4977211384250123e-05 2.7417326102676447 -0.14615678889919792 0.03162576067361306 "" 0.2437107739970088 1.252978042145289e-06 1.154890820154684 0.04700921286020429 "" 68.72 71.0 -19.56 0.584 "Minimization exited successfully."
19101 all salt2 40 35 t0,x0,x1,c 0.185631 2454395.715786704 8.705216261412873e-05 -0.17085285850924975 0.05602657796341968 0.01939089694886209 "" 0.16466730530373752 1.921001394647301e-06 0.20520686333831933 0.018658408899815775 "" 56.76 48.0 -19.15 1.082 "Minimization exited successfully."
19128 all salt2 20 45 t0,x0,x1,c 0.285433 2454387.73354593 4.1533100601122346e-05 1.31394986378398 -0.08255843132231015 0.029233211124730693 "" 0.5851250488776714 1.4443176219244716e-06 0.588084125080931 0.027874805664202466 "" 40.91 56.0 -19.4 0.826 "Minimization exited successfully."
19149 all salt2 47 45 t0,x0,x1,c 0.210227 2454399.21646778 0.00012624950438655758 1.084916289522181 -0.012464888072786963 0.02074882772723292 "" 0.12914661411195993 2.144363458907065e-06 0.16166663228275469 0.01340393903429964 "" 134.63 78.0 -19.86 0.862 "Minimization exited successfully."
19155 all salt2 49 45 t0,x0,x1,c 0.076639 2454400.4015921033 0.0009325848189568455 1.0138910359482616 -0.1299498951662751 0.021889540792412267 "" 0.03317750059068203 6.372962124202085e-06 0.054666416502207445 0.004318882548963132 "" 587.86 60.0 -19.65 0.878 "Minimization exited successfully."
19174 all salt2 48 49 t0,x0,x1,c 0.163565 2454395.3663251298 0.00011363221783560409 -0.669090034615334 0.024841391452571637 0.030960348373399078 "" 0.17800127645023167 2.2626821267700933e-06 0.19492777806951747 0.01909366514928772 "" 111.14 61.0 -19.13 1.183 "Minimization exited successfully."
19207 all salt2 35 65 t0,x0,x1,c 0.257208 2454383.386752117 4.556049037354561e-05 0.3545501830781725 -0.0037474791078091793 0.08416484349724383 "" 0.7662391643971205 1.927219575905693e-06 0.5508754821894808 0.03893819390387642 "" 95.6 86.0 -19.24 0.988 "Minimization exited successfully."
19211 all salt2 85 20 t0,x0,x1,c 0.402588 2454421.6 4.001771797966751e-06 27.684376610445188 0.2987336246524862 0.0935221438376393 "" 0.3151302032638341 1.6299153232649219e-06 15.154850226675794 0.16478326275339272 "" 93.19 51.0 -18.87 0.661 "Minimization exited successfully."
19230 all salt2 45 55 t0,x0,x1,c 0.219552 2454390.9866706654 5.652843359673916e-05 -1.7750818182726698 0.032744943454231505 0.04241060661730125 "" 0.38081923057325184 1.8232811255877405e-06 0.3925258531612725 0.032141343075729835 "" 76.04 71.0 -19.09 1.435 "Minimization exited successfully."
19282 all salt2 50 49 t0,x0,x1,c 0.175584 2454398.07546784 0.0001378035304706132 1.3156684538458006 -0.04786733147572792 0.027991273634942977 "" 0.1369832174386829 2.2502467365788363e-06 0.20724562985596262 0.011503719135762118 "" 67.38 51.0 -19.51 0.825 "Minimization exited successfully."
19341 all salt2 44 63 t0,x0,x1,c 0.23542 2454393.6998268995 4.795358137710771e-05 -1.5035368003716028 -0.006519774458999975 0.02975330447412336 "" 0.2854585798922926 1.5133331352987678e-06 0.33834499799970164 0.029429811388535225 "" 279.44 79.0 -19.08 1.372 "Minimization exited successfully."
19353 "" "" "" "" "" "" "" "" "" "" "" "" "" "" "" "" "" "" "" "" "" "result is NaNUser function arguments:        z = +0.153245       t0 = +2454400.236023       x0 = -1519346.735819       x1 = +1206.834379        c = +2628.259864    mwebv = +0.062384"
19381 all salt2 45 42 t0,x0,x1,c 0.209304 2454395.1193898413 7.307604274769539e-05 -1.2995411169174795 -0.07156473536064259 0.07986959312957045 "" 0.1641169295180589 1.0510003925416586e-06 0.16155416320466467 0.014030485321134628 "" 248.62 63.0 -19.25 1.329 "Minimization exited successfully."
19543 all salt2 50 50 t0,x0,x1,c 0.121642 2454401.5368056786 0.00018911867627046587 -0.8166577620569937 -0.03411522920420238 0.03034662708685066 "" 0.10113781713880599 2.2370181035191495e-06 0.1143208681913757 0.010849184379421943 "" 71.14 52.0 -18.98 1.218 "Minimization exited successfully."
19596 all salt2 50 40 t0,x0,x1,c 0.291349 2454397.1047503254 4.228502352096066e-05 0.6722240023026889 -0.060390443046723266 0.08616762658856401 "" 0.4203883898444474 1.6772315082429976e-06 0.4971020930068304 0.02935854738843658 "" 55.28 66.0 -19.47 0.935 "Minimization exited successfully."
19604 all salt2 45 49 t0,x0,x1,c 0.294479 2454396.8695128798 1.954234235840374e-05 1.323086411467816 0.11753542320520341 0.01845497305275734 "" 0.7891591398511082 1.5291445838015737e-06 0.9722750923466328 0.06244161185328697 "" 70.58 65.0 -18.66 0.818 "Minimization exited successfully."
19616 all salt2 53 40 t0,x0,x1,c 0.164548 2454403.907565589 0.00014281732057809922 0.35600847660820356 -0.031141390955332558 0.02423076285438402 "" 0.12266454054042697 2.4652113239330955e-06 0.16848650213444122 0.013885847573455878 "" 80.4 58.0 -19.4 0.989 "Minimization exited successfully."
19626 all salt2 45 36 t0,x0,x1,c 0.112296 2454402.7193343015 9.863432664618137e-05 2.2449590473435324 0.31989395634783596 0.031585999314353665 "" 0.1657807209994644 2.8214353551509945e-06 0.2692259291090651 0.02035011568474834 "" 97.48 47.0 -18.1 0.661 "Minimization exited successfully."
19632 all salt2 50 45 t0,x0,x1,c 0.313762 2454397.1725513875 3.373128525392272e-05 0.12222800119077093 -0.07375213708013885 0.025337315140420227 "" 0.4438190988730639 1.6763897392529072e-06 0.48893171596184476 0.038021083887414896 "" 85.21 81.0 -19.41 1.034 "Minimization exited successfully."
19658 all salt2 32 28 t0,x0,x1,c 0.198625 2454402.3763323324 9.401775101246182e-05 0.07738073989368746 -0.10146157330969303 0.015431053279429733 "" 0.17375015444122255 2.3917186798123868e-06 0.2383459391887899 0.021306360788659995 "" 36.44 48.0 -19.4 1.044 "Minimization exited successfully."
19702 all salt2 49 38 t0,x0,x1,c 0.268214 2454397.7446857397 3.966702934203888e-05 -1.0752859753738957 -0.0643712853243647 0.0894241769596721 "" 0.3776905203703791 1.6429829613654705e-06 0.4450174796502485 0.036451647535079845 "" 61.53 63.0 -19.2 1.277 "Minimization exited successfully."
