results/sdss_salt2_mcmc_fits.ecsv
# %ECSV 0.9
# ---
# datatype:
# - {name: obj_id, datatype: string}
# - {name: band, datatype: string}
# - {name: source, datatype: string}
# - {name: pre_max, datatype: int64}
# - {name: post_max, datatype: int64}
# - {name: vparams, datatype: string}
# - {name: z, datatype: float64}
# - {name: t0, datatype: float64}
# - {name: x0, datatype: float64}
# - {name: x1, datatype: float64}
# - {name: c, datatype: float64}
# - {name: mwebv, datatype: float64}
# - {name: z_err, datatype: float64}
# - {name: t0_err, datatype: float64}
# - {name: x0_err, datatype: float64}
# - {name: x1_err, datatype: float64}
# - {name: c_err, datatype: float64}
# - {name: mwebv_err, datatype: float64}
# - {name: chisq, datatype: float64}
# - {name: ndof, datatype: float64}
# - {name: b_max, datatype: float64}
# - {name: delta_15, datatype: float64}
# - {name: message, datatype: string}
# schema: astropy-2.0
obj_id band source pre_max post_max vparams z t0 x0 x1 c mwebv z_err t0_err x0_err x1_err c_err mwebv_err chisq ndof b_max delta_15 message
[from data line 181]
13491 all salt2 15 115 t0,x0,x1,c 0.361052 2454003.231757098 2.698715528579999e-05 -0.22912073757295298 -0.10930281647862207 0.060547807788445686 "" 0.7717205312653355 1.3447096171897255e-06 0.7557553760135717 0.0355465175671344 "" 220.44 121.0 -19.53 1.103 NONE
13492 all salt2 15 220 z,t0,x0,x1,c 0.24872493055349015 2453995.288721829 3.075985912939583e-05 -0.4674262702932122 0.09596366077293615 0.12277340745354925 0.07199508638795668 1.021508362265813 2.78176531123358e-06 0.9433631934624277 0.15986408892062012 "" 205.8 190.0 -18.73 1.138 NONE
13494 all salt2 5 151 z,t0,x0,x1,c 0.3182684179833934 2453991.376447136 1.611626461991251e-05 -0.7074619252052871 0.1530552009145477 0.08088349849469989 0.07908915928686765 2.053434466376272 1.9723927154933644e-06 1.248020889661166 0.1549188056269068 "" 151.09 121.0 -18.65 1.182 NONE
13495 all salt2 95 35 z,t0,x0,x1,c 0.22498318510568024 2454053.1889405292 0.00011028023212295562 0.000456855442422346 4.719184532437342e-06 0.07665109865815464 2.8931723254124405e-05 0.0013821581416435704 9.47271614174548e-07 0.001161221748486477 8.435513004264867e-05 "" 9340.6 75.0 -19.87 1.053 NONE
13497 all salt2 35 180 t0,x0,x1,c 0.394441 2454001.5973318373 1.6352078452104675e-05 0.01789434408964692 0.04368036702514542 0.022624033931254568 "" 1.0395951159249777 9.71667220583393e-07 0.9005099880154889 0.05254486825687606 "" 200.73 211.0 -19.21 1.047 NONE
13506 all salt2 20 94 t0,x0,x1,c 0.243405 2454001.6618744535 3.3259667204667025e-05 0.42741362436284225 0.11585783808252317 0.02726009529350318 "" 1.117469703550573 2.489933696992185e-06 1.4332316276160217 0.0430016819156518 "" 125.07 100.0 -18.77 0.97 NONE
13507 all salt2 10 104 z,t0,x0,x1,c 0.34077176564778416 2453993.35003309 1.9866738923223752e-05 0.3013693541314573 0.006862440185624463 0.024787469879903542 0.03585590359368733 1.22330683069314 2.0866604273605434e-06 1.0806650816809018 0.14246541057904324 "" 96.5 94.0 -19.05 0.997 NONE
13510 all salt2 5 115 t0,x0,x1,c 0.253528 2453993.829078641 1.7752144228092037e-05 -1.511335414408836 -0.36178506970710667 0.02424777202182583 "" 1.0088661275755195 1.867180449914677e-06 0.8364795909443402 0.06645202797747343 "" 113.61 86.0 -18.19 1.404 NONE
13511 all salt2 15 110 t0,x0,x1,c 0.23652 2454003.303484066 4.638022606593e-05 -1.1693274109528629 -0.0962360424707834 0.02913527396381374 "" 0.2799053933107592 1.4412760178000415e-06 0.43200751433463 0.024105738975319514 "" 120.63 111.0 -19.06 1.301 NONE
13518 all salt2 10 90 t0,x0,x1,c 0.297605 2454000.6095458865 2.097955723590971e-05 3.2739140981451738 0.11521648314400132 0.026766681245903607 "" 1.4984410724343267 1.4233118836336543e-06 1.020885890398934 0.05165696745275704 "" 175.67 96.0 -18.77 0.456 NONE
13520 all salt2 8 72 t0,x0,x1,c 0.267969 2453997.457065117 4.485644238785445e-05 -0.27693111545135823 0.061777732634344704 0.028282285646200913 "" 1.281821650529147 2.1188364663743605e-06 0.7063096946028015 0.0495562684275719 "" 85.25 72.0 -19.33 1.102 NONE
13529 all salt2 5 95 t0,x0,x1,c 0.301113 2453994.4995575123 4.483226172633922e-05 -1.8368212044237182 -0.1090219202165274 0.02801154899870108 "" 0.7723610184176116 1.7858384327405628e-06 0.5313679709699693 0.032178601853603786 "" 229.25 86.0 -19.62 1.465 NONE
13532 all salt2 25 85 t0,x0,x1,c 0.263494 2453998.990792198 1.799370736465688e-05 -0.00039434179588892165 -8.470736835661523e-06 0.019035045167228808 "" 0.0024069880568366366 1.3954234484785904e-07 0.0007858971130201879 0.00010246621411285672 "" 120.39 96.0 -18.29 1.053 NONE
1354 all salt2 0 95 t0,x0,x1,c 0.247914 2453622.641075938 2.8574818968817876e-05 -0.5774816380810349 0.13646746580001898 0.030155439480987346 "" 2.1046358378461085 2.5872764007732065e-06 1.1157841867419982 0.07270263929508552 "" 56.78 71.0 -18.65 1.157 NONE
13545 all salt2 15 115 t0,x0,x1,c 0.213371 2454005.7956987326 4.98830240202994e-05 -2.3093291926750554 -0.037017033168438 0.14224975879016621 "" 0.4876582272396193 2.34196329160305e-06 0.5183919250360983 0.04602035649117274 "" 152.58 116.0 -18.88 1.589 NONE
13554 all salt2 14 95 z,t0,x0,x1,c 0.190311243972708 2453995.6908050687 2.293393913410477e-05 -0.6925989917217784 0.2019838828152077 0.021062091743570568 0.10261614672771407 1.4072027538643561 2.2527630271959328e-06 0.853463453117002 0.20423583257633637 "" 61.05 67.0 -17.76 1.176 NONE
13558 all salt2 20 90 z,t0,x0,x1,c 0.3512686812109066 2454002.3262340166 2.057075388462591e-05 0.48784336115601473 -0.07327870094614412 0.02205260377630181 0.05994549860600565 1.1229965188313953 1.7003456959253773e-06 1.352625832034174 0.11451743313351993 "" 90.25 105.0 -19.16 0.968 NONE
13578 all salt2 45 55 t0,x0,x1,c 0.226685 2454026.209862506 0.00012966201182030554 -0.00029360071411361756 2.2841037603718242e-05 0.024909899605658356 "" 0.001321631519105917 1.0453771864752221e-06 0.0008438271883895163 0.00011499316436030216 "" 13078.89 81.0 -20.07 1.053 NONE
13590 all salt2 0 108 t0,x0,x1,c 0.495185 2453987.427030118 7.351585834224933e-05 0.0003419372844824191 3.6385805495523524e-05 0.08470486419212224 "" 0.0017874921423093777 9.683793767283074e-07 0.000952660186861599 8.827200575879e-05 "" 1447.74 79.0 -21.43 1.053 NONE
13597 all salt2 75 154 t0,x0,x1,c 0.561146 2454009.9425793816 1.550800219895717e-05 -0.0003326962629420249 -3.6250815316175935e-05 0.015343222597440802 "" 0.0020321613434221312 1.3698405795242658e-07 0.0009573076059200458 9.90196913919513e-05 "" 267.93 168.0 -20.07 1.053 NONE
13610 all salt2 10 97 t0,x0,x1,c 0.296828 2453997.529252577 4.973739979002583e-05 -0.0756614957002654 -0.11395029995630061 0.05694912700884065 "" 0.5621603124142925 1.58777171594998e-06 0.4828677342459141 0.025879848858004897 "" 300.98 98.0 -19.7 1.073 NONE
13615 all salt2 20 90 z,t0,x0,x1,c 0.22482136601192948 2454003.2579957023 4.183720996683114e-05 -0.2840125977096513 0.058713264807153144 0.07035611536463149 0.025218138229318243 0.568191982655155 2.133995827236598e-06 0.6610087054725572 0.06535982927508832 "" 190.05 100.0 -18.82 1.104 NONE
13617 all salt2 15 99 z,t0,x0,x1,c 0.18910375525905393 2453997.633044955 2.3937643922261518e-05 -0.6412640543352505 0.022071202410719467 0.11646644601106956 0.10066239527679144 1.340462467092714 2.290747526381568e-06 1.082820360975563 0.18524156632669217 "" 81.99 75.0 -17.79 1.178 NONE
13629 all salt2 10 95 t0,x0,x1,c 0.351542 2453995.8317770483 3.539325740994401e-05 1.6343702191327871 -0.10585343215266632 0.02188246772219754 "" 1.0966318431187985 1.8572059239461553e-06 0.6637613804638746 0.036012026304586824 "" 122.83 96.0 -19.76 0.774 NONE
13633 all salt2 30 151 t0,x0,x1,c 0.386024 2453997.3539653867 1.8986475516027156e-05 0.814664471798229 -0.11448127698944875 0.0213476283991899 "" 1.093232894474942 9.839574510393027e-07 0.7377944159692614 0.036519766249714605 "" 189.79 172.0 -19.32 0.912 NONE
13641 all salt2 15 80 t0,x0,x1,c 0.208521 2454005.393044436 8.758001287715985e-05 1.1394295847217948 -0.023486759528442203 0.042793837417027074 "" 0.26578009888314624 1.765445300458728e-06 0.2927910995633856 0.014996821052327424 "" 100.16 91.0 -19.44 0.853 NONE
13646 all salt2 10 94 t0,x0,x1,c 0.303859 2453993.2692625504 4.170183987598782e-05 1.0304223784746538 -0.14861838781110714 0.026668054027782842 "" 0.663069786207384 2.341766136223897e-06 0.5633532211254385 0.03626178003604515 "" 56.43 85.0 -19.57 0.876 NONE
13649 all salt2 10 95 z,t0,x0,x1,c 0.3148455371607126 2453991.034113369 2.611520175314026e-05 -0.06806731990980665 -0.0339318734404897 0.026650067389541662 0.029223170911559643 1.0992415409818157 2.860650364129162e-06 0.8814970449624023 0.1047017275484153 "" 86.75 85.0 -19.14 1.068 NONE
13655 all salt2 15 95 t0,x0,x1,c 0.251036 2454000.2032362986 2.9893293073867434e-05 -1.110937751349982 0.0913974777370909 0.027899290311842247 "" 0.5628510679101838 1.1788866045273036e-06 0.5636026925617023 0.038991205131608364 "" 82.35 101.0 -18.73 1.273 NONE
13657 all salt2 20 88 z,t0,x0,x1,c 0.2641105475524709 2454006.6478195693 1.7983208288029437e-05 1.4039940009269116 0.189092437371464 0.025813727476681758 0.05355221608537641 1.1086356322302697 1.4932707168809204e-06 0.9454804791841717 0.11868059809851933 "" 93.45 103.0 -18.3 0.803 NONE
13659 all salt2 0 105 z,t0,x0,x1,c 0.2249935481742977 2453988.208674527 4.0161991807633726e-05 0.0002597522126574501 -9.357355369583326e-06 0.05965194726553295 3.043093733037091e-05 0.0014102770451631108 3.745063998625852e-07 0.0009646137761521298 0.00011563717744007974 "" 165.24 75.0 -18.78 1.053 NONE
13660 all salt2 0 100 t0,x0,x1,c 0.369555 2453986.3217838174 2.4873889639962864e-05 -0.8104338653776788 -0.03827347090276949 0.024580156940636855 "" 3.264227306425703 4.25209292831288e-06 1.0568214336419541 0.08776092700058347 "" 67.14 76.0 -19.5 1.217 NONE
13662 all salt2 5 100 z,t0,x0,x1,c 0.3292814290502417 2453990.6245031278 2.5801720168978504e-05 1.0061782865388371 0.15521781366482446 0.06567971807078722 0.0590387757224973 4.254512406859815 4.348591652151179e-06 1.4135051305787376 0.15026471562816862 "" 77.35 85.0 -19.25 0.869 NONE
13675 all salt2 25 84 z,t0,x0,x1,c 0.2014452208016528 2454007.4052638197 3.428127067229888e-05 0.2935135332629143 0.1672952866730135 0.053212099494849736 0.0689378635423999 0.9292487980268447 2.273712535191497e-06 0.6158294944310485 0.12492337270109348 "" 96.12 99.0 -18.34 0.991 NONE
13677 all salt2 20 91 t0,x0,x1,c 0.303201 2454001.1363286977 2.586921902347516e-05 -1.0316275041832634 -0.02237894029522359 0.03873821224337595 "" 0.7482865368920202 1.632783208438151e-06 0.863288753424675 0.050193024243167704 "" 80.43 102.0 -19.04 1.264 NONE
13689 all salt2 20 88 t0,x0,x1,c 0.250289 2454001.4414246157 7.354007554545229e-05 0.899937969363688 -0.1314385433959105 0.022168933968330463 "" 0.1884098477246734 1.5294203901405981e-06 0.295605355368684 0.017690030644761438 "" 92.83 99.0 -19.7 0.898 NONE
13703 all salt2 20 90 t0,x0,x1,c 0.234538 2454007.6551558683 6.208586881659094e-05 -0.13456999984235307 -0.03541052596166754 0.02342793953597594 "" 0.23046948473206536 1.2353128177210098e-06 0.2634647228901273 0.018370335057990034 "" 93.69 106.0 -19.35 1.081 NONE
1371 all salt2 10 94 t0,x0,x1,c 0.117969 2453633.7145015723 0.0004257369623111934 0.6889964411113086 -0.11159745098528472 0.03879830862624227 "" 0.17338284684631558 6.153138175156971e-06 0.24664595740626996 0.0079109148554341 "" 190.41 67.0 -19.8 0.934 NONE
13716 all salt2 15 105 z,t0,x0,x1,c 0.27412433330727337 2453999.8441310846 4.4164494178294686e-05 -3.085671296267945 -0.009919579983335708 0.0716981330885603 0.021417967629175444 0.6754726966336029 1.7249566296227343e-06 0.6716861217640252 0.04586554265604435 "" 199.81 110.0 -19.37 1.84 NONE
13727 all salt2 55 60 t0,x0,x1,c 0.225337 2454030.8935672655 0.0001319703673451134 -0.0001148498868578238 9.929905051350981e-06 0.08600307677304009 "" 0.0012288498693251203 1.2019392958722074e-06 0.0009318644869640687 0.00010285116817555033 "" 8207.4 91.0 -20.07 1.053 NONE
13729 all salt2 5 100 z,t0,x0,x1,c 0.18032897306247261 2453996.067037576 2.1567083695514158e-05 1.5234628106524428 0.31436004232641274 0.0761101149787355 0.06062720906735584 2.2000692081538546 2.1915400919381936e-06 1.1963215371859512 0.13515782017290173 "" 43.73 55.0 -17.57 0.779 NONE
13731 "" "" "" "" "" "" "" "" "" "" "" "" "" "" "" "" "" "" "" "" "" "No data points with S/N > 5.0. Initial guessing failed."
13732 all salt2 15 95 t0,x0,x1,c 0.400678 2454004.0334662306 1.882578709785774e-05 3.3499713684064525 0.023840751503839328 0.048743263043937085 "" 1.6093388670740303 1.4339919860086638e-06 1.0969578276255014 0.052698480441121805 "" 155.06 101.0 -19.41 0.438 NONE
13734 all salt2 20 100 t0,x0,x1,c 0.376849 2453999.1228636056 1.3873937848877635e-05 -0.00012244497134543433 5.468105926428597e-06 0.03921916369455466 "" 0.0018067136684394773 1.0897855472511755e-07 0.0007724234930886791 0.00012429681888600174 "" 142.01 111.0 -18.91 1.053 NONE
13736 all salt2 40 75 t0,x0,x1,c 0.14882 2454015.8021838604 0.00018237348290080156 1.100198127538913 -0.01436482269838235 0.05863825482838428 "" 0.20872661254750344 8.213309216660331e-06 0.6225289368408838 0.019894571081950557 "" 190.66 84.0 -19.42 0.86 NONE
13737 all salt2 20 95 t0,x0,x1,c 0.393262 2454004.8227448314 2.6506819819637517e-05 0.4567228525229078 -0.18800023648807093 0.06886122389377043 "" 0.6961054715303661 1.458891543639997e-06 0.632249957359041 0.03593496974809272 "" 124.85 106.0 -19.73 0.978 NONE
13757 all salt2 9 95 t0,x0,x1,c 0.287424 2453994.2807118413 5.570563808970158e-05 1.2308411558001855 -0.17603862516350025 0.03448034614155279 "" 0.6168264675026466 1.8644015647837645e-06 0.41413788198284346 0.02459770488571617 "" 107.44 90.0 -19.74 0.843 NONE
13766 all salt2 15 201 z,t0,x0,x1,c 0.22498886872283055 2453993.9624487045 2.3017070425993576e-05 0.00022973432049093096 -5.826145257301279e-06 0.03795506602132273 2.8976855607980765e-05 0.0018637683997562305 2.2780280100285724e-07 0.0011105864361936166 0.00011306718491442422 "" 279.12 166.0 -18.17 1.053 NONE
13768 all salt2 15 100 z,t0,x0,x1,c 0.25112428821576516 2454004.829084062 5.022206084522004e-05 -0.24231293421853478 -0.038673882823123486 0.04310364356378126 0.020329642237079365 0.40415411052118694 1.90517766509642e-06 0.49323582027812185 0.03843624420960661 "" 87.3 100.0 -19.29 1.102 NONE
1378 all salt2 10 85 t0,x0,x1,c 0.124747 2453628.526869355 2.9877491145814288e-05 0.3357112940292054 0.40982246126568506 0.022290956832541703 "" 2.295417091612717 3.8124409949786347e-06 1.0981074121516168 0.10516468851629303 "" 94.07 56.0 -17.05 0.971 NONE
13780 all salt2 5 99 z,t0,x0,x1,c 0.2735554953478898 2453993.532992423 1.855285326927993e-05 0.345571817429869 0.07648236540868909 0.03258542436901059 0.07136673328318832 1.8277367405063196 2.384008353359331e-06 1.1309119512491026 0.16412124345567355 "" 76.51 89.0 -18.42 0.986 NONE
13784 all salt2 25 84 z,t0,x0,x1,c 0.34301013446450873 2454003.898759217 3.343127520043348e-05 0.2656315843620112 0.04918416663295649 0.025009708086082997 0.023476436880655382 0.8095333795686191 4.120012035454316e-06 2.279092590560154 0.07678339346493138 "" 129.0 99.0 -19.63 1.002 NONE
13785 all salt2 5 105 z,t0,x0,x1,c 0.3413485772575582 2453980.5949374116 2.0217962104221134e-05 2.050854450032955 0.13330508042749775 0.019430517663415026 0.09126916480436775 3.1702180076896553 2.4659815857096597e-06 2.0101374920936137 0.14325814081504312 "" 57.97 70.0 -19.07 0.698 NONE
13786 all salt2 20 89 z,t0,x0,x1,c 0.22499229325323755 2453997.159929224 2.3017569976698336e-05 -4.933051215259318e-05 4.826139767783868e-06 0.020018881709604693 2.2239048825966228e-05 0.0010600759340517773 2.0075271399391843e-07 0.0005131228801530364 5.037683241797559e-05 "" 84.34 89.0 -18.17 1.053 NONE
13787 "" "" "" "" "" "" "" "" "" "" "" "" "" "" "" "" "" "" "" "" "" "No data points with S/N > 5.0. Initial guessing failed."
13796 all salt2 35 70 t0,x0,x1,c 0.14729 2454011.028201416 0.0002070829155222686 0.9230779441388522 -0.02800931261342115 0.036290084574998945 "" 0.10195100854661192 2.2348927998441605e-06 0.1074169715018095 0.009289804126325737 "" 78.9 76.0 -19.54 0.89 NONE
13806 all salt2 25 85 z,t0,x0,x1,c 0.31596152216371604 2454003.2731557763 1.109173195865872e-05 -0.4929115197113663 0.20195359337704263 0.021441899539504726 0.07101456778620627 1.5372510183635582 1.4064283647626127e-06 1.7816337833437985 0.15988136013830817 "" 100.68 100.0 -18.23 1.136 NONE
13807 all salt2 25 90 t0,x0,x1,c 0.512134 2454000.9405749696 1.3203498663592675e-05 0.1269255970480428 -0.11658034732455035 0.01497165382215664 "" 1.5847496034154827 1.127199589713116e-06 1.5435359150609016 0.06081383403432261 "" 67.02 88.0 -19.66 1.035 NONE
13813 all salt2 15 105 t0,x0,x1,c 0.235143 2453999.51255509 5.756060069347897e-05 -0.3886978048871957 -0.08472157056942412 0.05579912605905783 "" 1.2063301746932606 1.5888164295644027e-06 0.7224675381233758 0.025330212463567876 "" 104.77 101.0 -19.28 1.133 NONE
