results/sdss_sako18_simple_fit_class.ecsv
# %ECSV 0.9
# ---
# datatype:
# - {name: obj_id, datatype: string}
# - {name: x, datatype: float64}
# - {name: y, datatype: float64}
# schema: astropy-2.0
obj_id x y
10028 -36.45866666666667 -44.85777777777778
10037 -0.5276060606060606 -0.5955000000000001
1008 -1.1844696555494802 -0.6741071428571426
10096 -6.585151515151515 -4.42781512605042
10106 -0.8225980392156866 -1.0943933823529415
10146 -1.1294497153700191 -0.21265151515151515
10299 -1.2610185185185185 -0.25069444444444455
1032 -0.2022543859649122 -0.24730263157894727
10324 -0.4919444444444443 -1.3504166666666666
10434 -11.533833333333332 -11.669333333333334
10449 -2.7286666666666664 -4.353666666666666
10450 -1.6343478260869562 -0.3756249999999999
10460 -0.2561818181818183 -0.5022727272727272
10550 -0.8903703703703703 0.008888888888888835
10559 -2.4422619047619043 -0.39214285714285724
10690 -0.35358823529411754 -0.3096428571428572
10805 -42.188571428571436 -394.6114545454546
10843 -0.14383838383838377 -0.01640151515151511
11026 -0.5450595238095237 -0.3799999999999999
11067 -51.96583333333333 -97.46888888888891
1112 -0.12093681917211341 -0.12035947712418305
11120 -4.769191919191919 -23.066444444444446
11156 -8.096333333333334 -4.912
11172 -0.9759259259259259 -1.6298611111111108
11181 -1.5203333333333335 -1.4044999999999999
1119 -0.18987500000000013 -0.24302083333333335
11192 -0.08285714285714318 -0.4972619047619049
11206 -1.06875 -0.08833333333333337
11241 0.01898989898989889 1.515666666666667
11300 -5.737222222222223 -5.797499999999999
11306 -0.6519354838709679 -0.1309090909090913
11311 -1.203333333333333 -1.935625
11332 1.6566666666666667 -0.07833333333333314
11452 -1.2553846153846153 -1.0616666666666665
11518 -1.2186111111111106 0.0402083333333334
11540 -2.1916666666666664 -0.11624999999999974
11557 -0.4314165890027959 -0.19825396825396835
1158 -0.12278846153846135 -0.19439560439560444
11650 -inf -inf
1166 -0.23772619047619048 -0.16180952380952385
11771 -0.42000000000000004 0.08124999999999982
11858 -0.33277777777777795 -0.16500000000000004
11864 0.0675274725274726 -0.3729166666666667
12110 0.025277777777777843 -0.5352083333333333
12136 -0.9000000000000002 -2.3695
1214 -0.07042568542568528 -0.11525974025974028
12199 -0.6259047619047617 -1.784857142857143
12308 -1.411619047619047 -0.05814285714285705
1241 -6.6540686274509815 -16.004564270152503
1253 -0.3560416666666665 -0.030583333333333407
12779 -0.04188596491228047 -2.0337524366471733
12780 1.92775 12.039516768842407
12781 -1.282592105263158 -1.3252982456140348
12804 -4.432908595641647 -2.320236842105263
12840 -0.09446825396825398 -0.09905952380952376
12841 -0.16389830508474557 -0.09572619047619035
12843 -1.722780701754386 -1.3361428571428569
12844 0.7387116948092554 -3.4932936507936514
12850 -0.09664285714285692 -0.07340838023764873
12851 0.07143291799478413 -0.1865544871794873
12852 -0.4615350877192981 -0.20361842105263173
12853 -2.75661403508772 -0.8957105263157895
12855 -0.6932456140350878 -0.9825146198830406
12856 -6.015259433962264 -3.1445614035087717
12860 -2.3059224515322083 -2.9328730158730165
12869 -0.21875635952515582 -0.24225140712945548
12875 -0.08126573426573425 0.044824561403508545
12879 -0.3685740430074731 -0.08226190476190465
12881 -0.9747698412698409 -0.7898690476190473
12883 -0.30351754385964913 -0.07365789473684214
12897 -162.04187012987012 -25.222233115468413
12898 -12.509281045751633 -24.164488017429193
12907 -1.9922520883301642 -2.10108187134503
12927 -2.2230283224400873 -1.547565359477124
12928 -0.335174603174603 -1.5775357142857143
12930 -6.952671052631578 -2.783013157894737
12947 -0.29705555555555563 -2.247869047619048
12950 -13.066657748049055 -23.15051659451659
12964 -0.2520657894736842 -0.6283289473684208
12971 -0.5207631578947369 -1.484092105263158
12972 -1.5834561403508771 -0.24968421052631573
12974 -0.05317796610169501 -0.07648684210526313
12977 -0.61273920174959 -0.680293933708568
12979 -0.49007046070460714 -0.5460130010834239
12983 -0.07714035087719318 -0.3117368421052631
13005 -0.5845830797321974 -0.3097619047619047
13016 -0.8011587301587304 -0.14510714285714277
13025 -0.9471428571428571 -0.7620386100386098
13038 -3.404881244881245 -23.239329205366356
13044 -11.192063492063493 -3.6631894934333955
13045 -0.6172962962962962 -0.3558611111111112
13051 -0.14645264700494653 -0.2693907563025211
13070 -13.199842105263157 -4.659013157894737
13072 0.9692222222222231 -0.2554444444444446
13096 -0.17625000000000013 -0.07647619047619048
13099 -0.12655822854018584 -0.6692499999999999
13101 -0.0759063841573191 -0.058311688311688314
13108 0.01507407407407424 -0.3670551378446114
13135 -8.410193427230048 -7.0705604288499035
13136 -0.28601012658227865 0.036578947368421044
13152 -1.5183723196881087 -1.5800146198830407
1316 -0.4035185185185184 -0.5018790849673205
13174 -1.6608928571428574 -0.5099210526315789
13177 -0.019600484261501294 -0.1216447368421052
13195 -1.5915822388993064 -193.3127222222222
13244 -0.3868927624100038 -0.03440711462450574
13254 -0.30328282828282793 -0.49844696969696956
13305 -1.690134770889488 -1.1277777777777778
13323 -0.6805932203389826 -0.6824210526315793
13327 -0.302525845670333 -0.5968640350877195
13333 -0.5960944700460833 -0.6785563612392882
13334 -0.2725123018042648 -0.10126190476190478
13344 -0.15243872549019621 -0.6804675324675322
13354 -5.4411274509803915 -3.178988970588235
13357 -4.629673202614379 -4.888545751633988
13370 -0.9674509803921576 -1.041452205882353
13378 -0.09296296296296291 -0.17862745098039212
13411 -0.9050757575757575 -1.4358181818181819
13425 0.16399206349206352 -0.018726190476190285
13441 -0.19359649122807 -0.20230994152046788
13452 -0.08148848558792143 -0.07354761904761897
13458 -0.08992324912056304 -0.058805555555555444
13460 -0.5253662227602907 -0.23518421052631577
13465 -0.1849512670565301 -0.08233918128654971
13467 -16.368441558441557 -29.392307692307696
13476 -0.3647953216374267 -0.300701754385965
13477 -0.34048684210526303 -0.08613157894736845
13482 -0.09097222222222234 -0.48539772727272723
13487 -0.028283546704599427 -0.1506155251141552
13491 -0.30607213438735137 0.007213438735177213
13497 -0.013727564102564038 -0.02956410256410269
13506 -0.1130962469733654 -0.4777631578947368
13510 -0.9364502164502166 -0.12332251082251089
13511 -0.2865728715728716 -0.6212229437229442
13518 -0.6696405228758167 -0.2943300653594769
13520 -0.48101307189542475 -0.6116176470588237
13529 -0.4915359477124186 -0.6719444444444447
13532 -1.2172319688109163 -0.4362719298245614
1354 -0.2092524509803919 0.10525735294117644
13545 -0.13249670619235832 -0.15571146245059286
13578 -1.3693028322440082 -0.3205882352941176
13590 -0.11134442134442124 -0.3764736842105263
13597 -0.39641651360097985 -0.07980769230769225
13610 -0.5541325536062374 -0.2978947368421053
13629 -0.2901656920077973 -0.45748538011695916
13633 -0.2056487791967181 -0.17496323529411772
13641 -2.540098039215686 -1.4523161764705885
13646 -0.649046495956873 -0.3257602339181286
13655 -0.10852631578947358 -0.10478947368421054
13660 -0.19537581699346407 -0.011470588235294121
13677 -0.06884015594541903 -0.04706860706860705
13689 -2.405374125874126 -1.1887426900584794
13703 -1.2135438596491226 -0.841486842105263
1371 -12.362664092664094 -14.923810916179338
13727 -1.7292017543859648 -0.9767236842105271
13732 -0.06451023391812849 -0.11043859649122778
13734 -0.16328571428571426 -0.02647619047619043
13736 -16.458596491228068 -2.6413157894736843
13737 -0.3070065789473686 -0.10376315789473689
13757 -3.950151617250675 -1.0927046783625731
1378 -0.19973039215686272 0.06700367647058858
13796 -15.591797385620916 -3.7808006535947714
13807 -0.09111309523809519 -0.026547619047619042
13813 -0.3170151515151516 -0.38206818181818214
13820 -0.02212280701754432 -0.3784078947368421
13830 -0.9823586744639379 -0.34508771929824555
13833 -0.09224155462659578 -0.08130952380952383
13835 -2.6596698113207546 -0.38761695906432747
13836 -1.222363636363636 -0.12109090909090903
1385 -0.23657142857142854 -0.21659523809523817
13861 -0.19605263157894737 -0.17876315789473662
13864 -0.7190958605664488 -0.25277777777777777
13867 -0.3218160377358489 -0.1775
13894 -9.3715522875817 -2.8155337690631805
13896 -0.5258284600389864 -0.9983187134502929
13897 -0.7077972709551656 -1.1012719298245617
13898 -0.305740740740741 -0.7383169934640523
13901 -0.2104656862745098 -0.3256862745098039
13902 -0.04722641509433978 -0.17173202614379102
13903 -0.19169285714285733 -0.09698142414860711
13904 -1.3435141509433959 -0.716081871345029
13907 -0.9892483660130715 -0.7334967320261438
13908 -0.6711111111111108 -0.32882352941176474
13909 -1.327156862745098 -0.5255392156862748
13933 -0.2554715719063545 -0.0027573529411764053
13934 -0.20509803921568615 -0.03514705882352942
13940 -0.05188453159041373 0.04487445887445918
13942 -0.067312091503268 -0.3509477124183007
13946 -0.18467320261437914 -0.2698529411764705
1395 -0.0693319148936169 -0.4940441176470589
13952 -0.3743079922027288 -0.18609649122807026
13953 -0.879366471734893 -0.6735964912280701
13956 -0.14419389978213504 -0.12529411764705878
13958 -0.7983584905660384 -0.7407516339869282
13971 -0.06191130298273162 -0.2280779220779221
13998 -0.09874561403508775 -2.7845952380952355
14019 -0.24583333333333346 -0.16920238095238094
14024 -0.48689473684210527 -1.2521315789473686
1403 -0.08796568627450985 -0.1401470588235293
14035 -0.25328976034858375 -0.16687908496732018
14046 -0.08784356725146214 -0.09187134502923988
14074 -0.6263840155945418 -0.2602923976608187
14093 -0.06622372372372354 -0.08298319327731107
14108 -2.398178733031674 -2.494466403162056
14113 -0.3586347926267279 -0.8365664160401003
14137 -0.03759740259740274 -0.08511904761904765
14149 -0.4791666666666665 -0.08179738562091488
1415 -0.7301587301587303 -1.4360714285714287
14157 -3.086660079051382 -0.7466403162055333
14169 -0.13024227234753538 -0.1751002506265662
14177 -0.046473684210526334 -0.1477763157894736
14205 -0.2683877995642696 -0.8591830065359476
14212 -1.0681026754447398 -0.2888384146341465
14250 -0.5890065727699529 -0.2036549707602341
14260 -0.3367156862745099 -0.06937908496732026
14261 -1.0251364522417155 -0.4158625730994153
14279 -137.282 -167.05985714285714
14284 -3.0782352941176465 -2.3390522875816995
14298 -2.2267592592592598 -0.44013492063492077
14311 -0.21576482479784365 -0.2279970760233918
14317 -5.461764705882354 -1.163823529411765
14318 5.662916666666668 -6.843055555555555
14327 -0.1569371345029238 -0.1703801169590642
14330 0.01138344226579524 -0.35977124183006515
14331 -1.9173638344226582 -0.9982516339869285
14333 -0.9928921568627447 -0.26555147058823525
14340 -0.28459558823529396 -0.013455882352941151
14342 -0.2183169934640521 -0.06169934640522867
14343 -0.9675622641509433 -0.47691176470588237
14346 -0.39974658869395685 -0.02355263157894738
14375 -1.06041394335512 -1.5608986928104578
14377 -5.516644880174292 -3.0608496732026147
14382 -0.0755226676657923 -0.05346341463414639
14389 -0.4861274509803919 -0.20843750000000005
14397 -0.10637370892018783 -0.03327485380116957
14403 -0.2785947712418304 -0.17746732026143808
14419 0.11079520697167777 0.8761928104575167
14421 -1.446801470588235 -1.8144301470588236
14437 -11.19702022963368 -2.243904761904762
14438 -1.3695217917675546 -0.41086842105263144
14444 -0.4355438596491228 -0.23196052631578934
14445 -0.1483138401559455 -0.033581871345029324
14446 -0.10777964959568731 -0.02270467836257306
14451 -4.072545454545455 -1.740436590436591
14456 -0.10163381478334732 -0.11132507507507516
14470 -2.6191991341991336 -0.59038961038961
14475 0.054177787343951955 2.195631469979296
14478 -0.11178070175438615 -0.07707142857142824
14480 -0.3995000000000001 -0.47345238095238096
14481 -0.3075522894290561 -0.2827105263157894
14492 1.9892766373411535 3.951188725490196
14498 -0.0313165859564164 -0.03211842105263152
14500 -0.1733926347624979 -0.07494736842105265
14522 -0.10222205276803409 -0.020119047619047592
14523 -0.12774466921815208 -0.11876190476190462
14524 -0.1586758893280631 -0.1558003952569169
14525 -2.748063829787234 -1.7099080882352937
14532 -0.19383442265795225 -0.41870915032679745
14545 -2.4949782135076246 -0.26165032679738576
14548 -0.7629920634920634 -0.29143919119833495
14549 -0.5660037735849057 -0.10566993464052299
14554 -0.158055644387592 0.015833333333333144
1457 -0.03944444444444439 -0.17760822510822505
14589 -0.0014185520361991166 0.012707509881422996
14593 -0.0599868247694334 -0.19324110671936756
1461 -0.1435896346644011 -0.0550525525525527
14624 -0.4078531645569625 -0.20378947368421052
14638 -0.360290566037736 -0.29374183006535914
1464 -0.6818137254901961 -0.14968954248366018
14644 -0.10993464052287583 -0.2622794117647058
14654 -0.26676106863022775 -0.13154074074074074
14661 -0.12545830639948286 -0.035607142857142726
14671 -0.09699069142777772 -0.00802631578947377
14675 -0.11062500000000008 -0.43913602941176477
14683 -0.5118382978723405 -0.14957720588235301
14695 -0.03937908496732023 -0.09834967320261434
14708 -0.18107026143790872 -0.031339869281045596
14733 -1.2989522058823533 -0.4052573529411765
14735 -0.5919276595744678 -0.3477757352941173
14750 -1.688688725490196 -0.5367279411764705
14751 0.053651960784314 -0.009356617647058973
14753 0.053148148148147945 -0.15109649122807023
14763 -0.13776041666666683 -0.23173611111111092
14771 -0.9861002178649236 -0.18949346405228762
1478 -0.27849902534113047 -0.8183333333333334
14782 -5.5930799220272895 -4.156625086625087
14784 -1.258925544794189 -1.10153947368421
14809 -1.098718614718615 -0.24571895424836576
14815 -42.202516339869284 -20.474852941176472
14816 -9.70829044117647 -8.40813725490196
14823 -0.20471698113207548 -0.006388888888888777
14826 -0.2971350078492936 -0.6529575163398693
14827 -0.37188591800356496 -0.04499999999999993
14831 -0.26235416666666644 -0.18745833333333373
14844 -0.10548163548163547 -0.052973684210526395
14845 -0.04088978766430762 -0.05691176470588255
14846 -3.646014412416852 -1.488333333333333
14863 -0.02829873417721529 -0.04523684210526313
14871 -23.87430263157895 -14.381622807017544
14876 -0.1266037735849056 -0.2122222222222221
14894 -0.2659404761904758 -0.3708095238095239
14937 -0.10090909090909106 -0.07243243243243236
14961 -0.1180308880308879 -0.04198830409356713
14965 -0.7121659574468084 -0.6228676470588235
14972 -0.1201089588377724 -0.22898684210526343
14979 -6.719396825396825 -2.0624047619047623
14984 -1.9362916666666665 -4.4488333333333365
15002 -0.9185579768630616 -0.3643333333333332
15006 -0.10003553660270081 -0.1490833333333333
15018 -0.35678921568627486 -0.2643566176470591
15033 -0.3055222437137328 0.01339583333333394
1504 -0.2379406403099007 0.028903568341770658
15057 -0.15824754901960802 0.05009191176470584
15101 0.015433566433566526 0.02274853801169585
15103 -0.2006874999999999 -0.09416666666666662
15108 -0.2785368929997898 -0.19967320261437926
15120 -0.08707602339181275 -0.032631578947368456
15129 -2.553769063180828 -1.9236111111111107
15132 -9.814291938997826 -5.355571895424837
15136 -2.3961428571428574 -3.9102142857142863
15137 -0.34055007784120384 -0.2672767857142857
15160 -0.39801470588235277 -0.41584558823529416
15161 -2.102527472527473 -1.4866758241758242
15170 -0.7087738095238096 -0.14280952380952372
15171 -7.216339869281046 -4.791650326797386
15198 -0.06946594982078835 -0.46623487903225813
15201 -0.058800595640990716 -0.24709523809523826
15203 -4.501305609284333 -3.1059791666666663
15213 -0.3895833333333333 -0.3067916666666668
15217 -0.10486803519061594 -0.4569485294117648
15219 -1.0759178433889602 -1.1977472527472526
15220 -0.18409926470588234 -0.05301470588235291
15222 -0.8640293040293039 -1.4462362637362638
15226 -0.044158730158730286 -0.42942857142857127
15229 -2.3022857142857136 -0.7476282051282053
15234 -5.938787878787878 -2.962272727272727
15239 -0.1094240196078432 -0.24303308823529413
15254 -0.7668042553191485 -0.7163051470588249
15259 -2.412377450980392 -1.3089705882352942
15260 -1.0584436274509803 -1.068161764705882
15263 -0.3277614269788185 -0.2676143790849672
15268 -0.5888235294117645 -0.28797794117647046
15272 -0.26763492063492056 -0.5256666666666667
15287 -1.328673701298701 -0.7735083333333337
15301 -1.6163525498891353 -0.456547619047619
15303 -0.8252564102564097 -0.4688186813186812
15324 -0.16712806812489545 -0.05964583333333329
