results/sdss_salt2_fits_old.ecsv
# %ECSV 0.9
# ---
# datatype:
# - {name: obj_id, datatype: string}
# - {name: band, datatype: string}
# - {name: source, datatype: string}
# - {name: pre_max, datatype: int64}
# - {name: post_max, datatype: int64}
# - {name: vparams, datatype: string}
# - {name: z, datatype: float64}
# - {name: t0, datatype: float64}
# - {name: x0, datatype: float64}
# - {name: x1, datatype: float64}
# - {name: c, datatype: float64}
# - {name: mwebv, datatype: float64}
# - {name: z_err, datatype: float64}
# - {name: t0_err, datatype: float64}
# - {name: x0_err, datatype: float64}
# - {name: x1_err, datatype: float64}
# - {name: c_err, datatype: float64}
# - {name: mwebv_err, datatype: float64}
# - {name: chisq, datatype: float64}
# - {name: ndof, datatype: float64}
# - {name: b_max, datatype: float64}
# - {name: delta_15, datatype: float64}
# - {name: message, datatype: string}
# schema: astropy-2.0
obj_id band source pre_max post_max vparams z t0 x0 x1 c mwebv z_err t0_err x0_err x1_err c_err mwebv_err chisq ndof b_max delta_15 message
[from data line 1633]
4307 all salt2 30 60 t0,x0,x1,c 0.270836 2453648.524174101 4.901766742306307e-05 1.6904476310816063 -0.007392445117568702 0.022645381507494403 "" 0.42467369604855776 1.870853013081541e-06 0.5018014062531435 0.02798569905481843 "" 87.51 81.0 -19.45 0.762 "Minimization exited successfully."
4311 all salt2 29 61 t0,x0,x1,c 0.295144 2453652.6631562896 4.145462815974868e-05 0.003741017942701319 -0.05449231470317106 0.02492876031975752 "" 0.4587470239493996 2.0280200401423966e-06 0.45382962299344287 0.038748167030762865 "" 62.81 81.0 -19.48 1.055 "Minimization exited successfully."
4313 all salt2 25 89 t0,x0,x1,c 0.390746 2453642.2944320356 2.6153029856647386e-05 0.7878269025274047 -0.14834890221323915 0.03332942294015182 "" 0.7606382290832698 1.3269517474102131e-06 0.5071344194790681 0.039812952021471726 "" 130.02 110.0 -19.7 0.918 "Minimization exited successfully."
4361 all salt2 24 60 z,t0,x0,x1,c 0.3999999756398122 2453637.9407977224 1.3917889555464186e-05 -0.6879574256784515 0.05339310526360164 0.022318324795758904 0.02161673379681109 1.4371915962547064 1.3569108121489447e-06 1.2329688256571685 0.1011866072430877 "" 64.52 79.0 -19.07 1.185 "Minimization exited successfully."
4417 all salt2 34 70 t0,x0,x1,c 0.360538 2453641.0365395504 1.555390380549469e-05 0.1334534423844964 0.015578560711373535 0.015336460757711714 "" 1.3622435100842267 1.305046782347569e-06 1.074820285927626 0.06863818491554974 "" 90.4 100.0 -18.93 1.028 "Minimization exited successfully."
4450 all salt2 35 75 z,t0,x0,x1,c 0.17108015929413517 2453646.6814913377 1.6519708792770335e-05 -1.1599118759114546 0.49999993959692635 0.06390498934936523 0.04029751217410313 0.9802663028240204 1.1835578991268852e-06 1.075195296588772 0.07271687351213008 "" 88.01 79.0 -17.16 1.249 "Minimization exited successfully."
4455 all salt2 35 79 z,t0,x0,x1,c 0.3703631611261976 2453657.0000004154 1.7446074447931478e-05 4.999995229744803 0.008846665819440491 0.10715244610793967 0.019011404504464452 0.11632482591085136 9.963720235714912e-07 0.5215140902523956 0.06358379527031965 "" 143.79 94.0 -19.17 0.183 "Minimization exited successfully."
4524 all salt2 65 45 t0,x0,x1,c 0.060897 2453673.4051383254 0.002351657073326651 4.811416950040536 0.40985394219433124 0.10432967563839321 "" 0.043506057700142264 5.682310186425786e-06 0.0317731928934295 0.0019882632107767195 "" 62297.35 56.0 -20.19 0.203 "Minimization exited successfully."
4530 all salt2 20 89 t0,x0,x1,c 0.295229 2453636.203266466 2.2867469278177522e-05 -2.9941660272107846 -0.01952401302935297 0.05892773428387781 "" 0.7538988862652332 1.9876431100420227e-06 0.9543166368588267 0.07712188211107834 "" 93.34 100.0 -18.84 1.808 "Minimization exited successfully."
4534 all salt2 10 104 z,t0,x0,x1,c 0.3699741848605392 2453628.5521549946 2.1455549687995504e-05 2.4675595415231992 -0.1645527335481911 0.08719969103635702 0.02413010127996945 1.1736276138108224 1.9352902715063397e-06 1.2171051529341934 0.06675018759357401 "" 86.61 99.0 -19.35 0.634 "Minimization exited successfully."
4540 all salt2 19 93 z,t0,x0,x1,c 0.3969366643691597 2453638.8583108163 2.0227736270059472e-05 2.2136170721108437 -0.03603793688559581 0.10880214170456995 0.24276818674898204 1.3163153361529112 1.7236158552834485e-06 1.2036967473482383 0.06999983837478291 "" 94.4 107.0 -19.46 0.675 "Minimization exited successfully."
4547 all salt2 5 100 t0,x0,x1,c 0.439751 2453625.2755437843 2.062757442011667e-05 0.4743506016348542 -0.08313095939236409 0.025890664168025972 "" 1.3308911239728332 1.5307308545972054e-06 0.8853928927965331 0.05406413017797651 "" 87.4 91.0 -19.74 0.97 "Minimization exited successfully."
4557 all salt2 40 74 z,t0,x0,x1,c 0.30802426621380635 2453647.900000039 2.016647927061792e-05 -3.3120561990109736 0.0514851863937571 0.029474953015068486 0.029592464086049708 0.36590995034202933 1.9631871533190913e-06 0.7575512248263045 0.07932399811750768 "" 109.47 104.0 -18.81 1.914 "Minimization exited successfully."
4558 all salt2 10 109 z,t0,x0,x1,c 0.33212231599696007 2453628.7416199245 2.2493313052223622e-05 -1.3024490720195425 0.06052699102485237 0.025188098908680248 0.02537864194245401 0.9194258924107999 1.9371250212456375e-06 0.8635637497691782 0.08292123150920436 "" 107.18 104.0 -19.12 1.318 "Minimization exited successfully."
4572 all salt2 35 89 t0,x0,x1,c 0.382993 2453644.3627463304 2.060178926334976e-05 -1.4747150125532604 0.028584626517474288 0.035588039852183666 "" 1.0271761589683592 1.2657583023395314e-06 0.7961260839512003 0.05922158686769621 "" 124.62 120.0 -19.38 1.361 "Minimization exited successfully."
4577 all salt2 34 84 t0,x0,x1,c 0.361934 2453648.4857569546 2.6255931138982682e-05 0.16905252279903937 -0.0800737149534429 0.020947394290103012 "" 0.7130768159404397 1.5862066834410966e-06 0.7095108513734241 0.037245703285954224 "" 100.14 109.0 -19.5 1.026 "Minimization exited successfully."
4578 all salt2 29 88 t0,x0,x1,c 0.412515 2453644.177434536 2.1506222683672883e-05 0.6875556368509983 -0.14626007250736323 0.019361062407527652 "" 0.9416612801142037 1.1621897602606856e-06 0.5645621057733559 0.037653368451980085 "" 131.33 113.0 -19.62 0.935 "Minimization exited successfully."
4579 all salt2 30 89 z,t0,x0,x1,c 0.3999981344697966 2453644.4534584666 1.435960648802376e-05 1.460158354930173 0.1480364544379793 0.018971819298241578 0.06897262724522304 1.567366668023169 1.161197833747845e-06 1.1859940124343562 0.08155748929680101 "" 92.53 114.0 -19.11 0.795 "Minimization exited successfully."
4612 all salt2 50 130 t0,x0,x1,c 0.393403 2453641.146323097 1.3408695289355254e-05 -0.35115223847384325 0.032096860194419485 0.02893739954445238 "" 1.19777499884367 1.0159029629612814e-06 0.8308590000398759 0.07720954407409833 "" 175.24 176.0 -18.99 1.119 "Minimization exited successfully."
4639 all salt2 20 70 t0,x0,x1,c 0.36401 2453642.411853539 2.5742934248254285e-05 0.32476119258407365 -0.2070955142385748 0.022324229617561725 "" 0.8995382345747203 1.5814603129111936e-06 0.46592846883704153 0.055176763740661466 "" 81.5 86.0 -19.5 1.003 "Minimization exited successfully."
4662 all salt2 15 110 z,t0,x0,x1,c 0.20573644018306642 2453637.5875998423 1.972137193380227e-05 0.3606741128797042 0.33316644001112117 0.05452737877746798 9.748035730361426e-05 0.0017573698423802853 4.006757839227248e-07 0.19952428138290834 0.016656371022556238 "" 104.86 110.0 -17.79 0.971 "Covariance may not be accurate."
4676 all salt2 40 65 t0,x0,x1,c 0.24371 2453653.588681161 6.722690139417075e-05 0.6746990325777631 -0.1019352721358282 0.026905531367876816 "" 0.2331110353115946 1.9046700891880243e-06 0.2708014098228966 0.020782861340908038 "" 105.6 91.0 -19.53 0.936 "Minimization exited successfully."
4679 all salt2 40 70 t0,x0,x1,c 0.331035 2453654.8317551883 2.588034893355765e-05 0.9841421199801781 0.10173364080106173 0.025349776586326842 "" 0.6385519113391638 1.8461828370430872e-06 0.7232570729678516 0.047839112831567165 "" 84.14 96.0 -19.26 0.875 "Minimization exited successfully."
4682 all salt2 40 70 t0,x0,x1,c 0.400886 2453647.800000046 1.7209934991894364e-05 -0.4446977703170143 0.043221265552647825 0.024158160759590736 "" 0.3529196619056165 1.368734770059338e-06 0.9494158327908817 0.06275495544183615 "" 89.32 101.0 -19.31 1.136 "Minimization exited successfully."
4714 all salt2 154 77 z,t0,x0,x1,c 0.39999947424928867 2453677.900000018 4.9738070276168804e-06 4.999996373561938 0.4999993651516992 0.022681835026545753 0.016499171328553386 0.2235733272973448 4.320585363865751e-07 0.517386804424433 0.0774949437170348 "" 247.58 167.0 -18.02 0.191 "Minimization exited successfully."
4733 "" "" "" "" "" "" "" "" "" "" "" "" "" "" "" "" "" "" "" "" "" "No data points with S/N > 5.0. Initial guessing failed."
4737 all salt2 40 74 t0,x0,x1,c 0.464087 2453654.374524472 1.8412424589553697e-05 1.642833530860397 -0.10358902966201944 0.025345613758784614 "" 0.7045992570929229 1.4599455189206667e-06 0.6657164917428449 0.046077961520330835 "" 85.46 105.0 -19.76 0.772 "Minimization exited successfully."
4757 all salt2 15 109 t0,x0,x1,c 0.435253 2453634.919282311 1.828714701286198e-05 -0.3480470281783896 -0.09880058851845486 0.03073865790011371 "" 1.3508238338399678 1.3112159202384923e-06 0.797755157731292 0.06601176229564532 "" 111.11 120.0 -19.59 1.126 "Minimization exited successfully."
4803 all salt2 85 35 z,t0,x0,x1,c 0.3999999900988145 2453677.9000006244 6.6167458992065476e-06 4.9999990147155025 0.48583867280672366 0.022492175329237092 0.04663911199641538 0.2415535063482821 6.605733713308036e-07 0.448664792008155 0.7164786081054573 "" 125.42 75.0 -18.33 0.191 "Minimization exited successfully."
4808 all salt2 49 120 t0,x0,x1,c 0.34803 2453654.8184621925 1.861399552563396e-05 0.5109380996994775 0.18002484735507174 0.030898657604145802 "" 0.8853061515837908 2.6557206245984395e-06 1.1621562352461354 0.08198451553579239 "" 167.95 156.0 -19.03 0.952 "Minimization exited successfully."
4857 all salt2 25 85 t0,x0,x1,c 0.515438 2453638.762780929 1.2365134093572423e-05 0.001679974367582382 -0.27111772942139006 0.0323533456254561 "" 1.2832966311834753 1.1177485661879684e-06 1.278749575232626 0.05670337400088968 "" 56.71 84.0 -19.6 1.066 "Minimization exited successfully."
4906 all salt2 29 65 z,t0,x0,x1,c 0.1836321026505917 2453652.592329159 4.001514768434513e-05 1.008241602235346 -0.016570880633146934 0.10402052074227741 0.02171152523062686 0.5875906064175069 3.7313027917308525e-06 0.8097009114764715 0.08311940046026911 "" 56.12 62.0 -18.28 0.875 "Minimization exited successfully."
4907 all salt2 41 60 z,t0,x0,x1,c 0.37729883390106767 2453659.9473838722 2.5947035105798948e-05 1.4891922831369167 -0.15915277854352483 0.059688369926736706 0.019460568956752744 0.7611274877563119 2.1352825081594207e-06 0.7212398454052922 0.05662145216285719 "" 80.68 82.0 -19.6 0.799 "Minimization exited successfully."
4914 all salt2 30 95 z,t0,x0,x1,c 0.1770523064752006 2453647.8567949706 2.2687803365935724e-05 -0.40419147737765293 0.18191774319095855 0.05491065556656784 0.02488178323303976 0.8646055010613054 2.121174404887664e-06 0.9484719635511465 0.09432153532081183 "" 123.38 91.0 -17.58 1.12 "Minimization exited successfully."
4953 all salt2 30 65 z,t0,x0,x1,c 0.22502463622080254 2453652.740131766 7.86111945300679e-05 -1.1432213809051852 -0.04886018222014232 0.20407998519984333 0.029926562589974087 0.5122087041381747 4.242321397665226e-06 0.391988554946856 0.057970189396204935 "" 112.09 85.0 -19.51 1.291 "Minimization exited successfully."
4966 all salt2 35 74 z,t0,x0,x1,c 0.22455822138378123 2453649.870277525 3.5417641197740536e-05 1.954282412759496 0.03009658833359463 0.09102996592018141 0.02736882375930605 0.753771441290155 2.482492715945871e-06 0.7709623254075808 0.07041928033970546 "" 120.56 99.0 -18.64 0.717 "Minimization exited successfully."
4969 all salt2 40 62 t0,x0,x1,c 0.305176 2453654.7913358966 2.3259668725432294e-05 -0.7209058184198538 0.11934768782001659 0.03965344152285097 "" 0.7901425280142576 2.118859441678413e-06 0.8756746725626114 0.07732845503940627 "" 90.3 83.0 -18.94 1.187 "Minimization exited successfully."
4978 all salt2 50 60 t0,x0,x1,c 0.28063 2453657.4777882406 3.060227469479225e-05 -0.9968988527365932 0.0476693745099277 0.03680985539172136 "" 0.5939644775353372 1.8239126550576542e-06 0.5046286687321602 0.05498922203729975 "" 59.73 86.0 -19.03 1.251 "Minimization exited successfully."
5021 all salt2 5 108 z,t0,x0,x1,c 0.26173193362583985 2453617.7607012913 4.201194301330678e-05 -1.0276261291937416 -0.15160707008797913 0.025779357553354525 5.518914694968569e-07 0.0026524378918111324 1.1365164674656739e-07 0.000361241661285705 3.517492517718379e-05 "" 75.47 79.0 -19.2 1.273 "Covariance may not be accurate."
5103 all salt2 44 60 t0,x0,x1,c 0.160592 2453655.1051220223 0.0001290099386466381 -0.2093328604001483 0.01035410601974851 0.02447499044294521 "" 0.1398117681965232 2.177911229844761e-06 0.14397119724793273 0.015149349171674181 "" 60.25 64.0 -19.23 1.092 "Minimization exited successfully."
5116 all salt2 5 104 z,t0,x0,x1,c 0.2512531434376874 2453619.719084626 2.963697824480408e-05 -1.478751815647703 0.19745311552998634 0.05717704669879687 0.03190432389877662 1.607211924623698 2.4677993698330993e-06 1.1792505237543804 0.09325391831778612 "" 80.84 75.0 -18.72 1.347 "Minimization exited successfully."
5142 all salt2 35 74 z,t0,x0,x1,c 0.3217389251394186 2453654.2768080933 2.658985819217079e-05 -1.8399041371421028 -0.04324535848072103 0.04085460645608628 0.034816019254970965 0.6971178269013762 2.0884039160621998e-06 0.646107297446116 0.12121120608462455 "" 83.8 89.0 -19.22 1.46 "Minimization exited successfully."
5178 "" "" "" "" "" "" "" "" "" "" "" "" "" "" "" "" "" "" "" "" "" "No data points with S/N > 5.0. Initial guessing failed."
5183 all salt2 34 79 t0,x0,x1,c 0.389088 2453647.684160563 2.154175552542653e-05 0.6267686321111476 -0.07392388422582497 0.10422312965815424 "" 1.0214105919003487 1.7164676136248741e-06 0.9721218823771847 0.05651129561168766 "" 70.75 104.0 -19.47 0.943 "Minimization exited successfully."
5197 all salt2 0 105 z,t0,x0,x1,c 0.216048003116586 2453615.080753415 3.4506965177697075e-05 -0.38698239923416367 0.17453679757329088 0.1488018688767264 7.062369584581729e-05 0.0034085882361978292 3.390758155394267e-06 1.075379792870156 0.08845371758497078 "" 44.09 60.0 -18.51 1.117 "Minimization exited successfully."
5199 all salt2 35 68 t0,x0,x1,c 0.220456 2453651.685243672 3.9716237833994785e-05 0.7975923768350812 0.1053982187049306 0.03625353170200989 "" 0.49481307924725115 2.060640570831058e-06 0.5334159328183254 0.04345430065582717 "" 79.72 84.0 -18.72 0.906 "Minimization exited successfully."
5209 "" "" "" "" "" "" "" "" "" "" "" "" "" "" "" "" "" "" "" "" "" "No data points with S/N > 5.0. Initial guessing failed."
5230 all salt2 65 143 t0,x0,x1,c 0.320475 2453649.617369146 2.5594221651434206e-05 0.665004176368881 0.046774639328053036 0.0555807767862737 "" 0.6353246062062681 1.7086121803304282e-06 0.6632280819475254 0.04933135428724422 "" 171.99 194.0 -19.17 0.931 "Minimization exited successfully."
5235 all salt2 49 96 t0,x0,x1,c 0.250714 2453650.3107511336 4.345346689558443e-05 -0.5223590772919398 0.029819171589272053 0.053477556805800894 "" 0.4289796606171876 1.8905459346523167e-06 0.38272961068042566 0.038531762642525724 "" 117.29 126.0 -19.13 1.153 "Minimization exited successfully."
5247 all salt2 45 60 t0,x0,x1,c 0.375936 2453658.8000001945 2.2707062199335937e-05 1.4222133465529696 0.038123729229571746 0.030870205432606233 "" 0.25699408492073417 2.0541602126248916e-06 0.808782883667329 0.07758830873851644 "" 69.54 86.0 -19.44 0.804 "Minimization exited successfully."
5292 all salt2 30 79 z,t0,x0,x1,c 0.18912449066792864 2453643.7115835776 1.7869312681630948e-05 -2.3415975424488633 -0.1500766297785362 0.07219490351388788 0.04354282427504172 1.2407002435065806 1.4932168974160375e-06 1.235369867881966 0.11992422043164516 "" 91.47 74.0 -17.47 1.612 "Minimization exited successfully."
5311 all salt2 15 90 z,t0,x0,x1,c 0.2626473997341869 2453634.8148588524 2.5808454959366493e-05 -2.0917655128012846 0.19972964794599746 0.08815380630484575 0.035210832556722776 0.9351826678030193 2.633912282768983e-06 0.9108583025504591 0.1040620089499058 "" 91.03 90.0 -18.68 1.5 "Minimization exited successfully."
5340 all salt2 20 60 t0,x0,x1,c 0.192595 2453643.955377571 0.00014084725163891952 -0.37191463576730044 -0.08946443896195061 0.14636000539685914 "" 0.2646956262178719 3.278487963700226e-06 0.2681674437411483 0.02049998596785682 "" 1491.35 71.0 -19.76 1.13 "Minimization exited successfully."
5350 all salt2 30 49 t0,x0,x1,c 0.17431 2453659.238018733 0.0001252222759672793 -0.6996830281934452 -0.11463842479310277 0.16619963075101807 "" 0.29003932047635317 4.029776642057363e-06 0.2872704778702113 0.026603242685686868 "" 47.26 47.0 -19.39 1.199 "Minimization exited successfully."
