results/sdss_salt2_mcmc_fits.ecsv
# %ECSV 0.9
# ---
# datatype:
# - {name: obj_id, datatype: string}
# - {name: band, datatype: string}
# - {name: source, datatype: string}
# - {name: pre_max, datatype: int64}
# - {name: post_max, datatype: int64}
# - {name: vparams, datatype: string}
# - {name: z, datatype: float64}
# - {name: t0, datatype: float64}
# - {name: x0, datatype: float64}
# - {name: x1, datatype: float64}
# - {name: c, datatype: float64}
# - {name: mwebv, datatype: float64}
# - {name: z_err, datatype: float64}
# - {name: t0_err, datatype: float64}
# - {name: x0_err, datatype: float64}
# - {name: x1_err, datatype: float64}
# - {name: c_err, datatype: float64}
# - {name: mwebv_err, datatype: float64}
# - {name: chisq, datatype: float64}
# - {name: ndof, datatype: float64}
# - {name: b_max, datatype: float64}
# - {name: delta_15, datatype: float64}
# - {name: message, datatype: string}
# schema: astropy-2.0
obj_id band source pre_max post_max vparams z t0 x0 x1 c mwebv z_err t0_err x0_err x1_err c_err mwebv_err chisq ndof b_max delta_15 message
[from data line 1945]
7119 all salt2 65 35 z,t0,x0,x1,c 0.24888313592711325 2453678.330478266 2.606934013102863e-05 1.06263627506562 0.047717458784446214 0.06768189095105742 0.06304326065643802 1.4158220862705986 1.6923362489536848e-06 1.2822361331747127 0.10807937548230473 "" 55.79 65.0 -18.56 0.864 NONE
7121 all salt2 65 35 t0,x0,x1,c 0.25319 2453677.9354294967 4.5569185860196974e-05 0.5336335264685743 -0.03756774233704004 0.07098788810444191 "" 0.5762251083030607 1.4444720101780984e-06 0.6009543822060356 0.02859008963160224 "" 64.05 66.0 -19.21 0.958 NONE
7127 all salt2 65 40 z,t0,x0,x1,c 0.265311454711936 2453671.0688888617 1.5149636813757234e-05 2.5619696914116963 -0.30163281331049585 0.01892132115330525 0.043321137008920145 1.107518983985156 1.0995690375026891e-06 1.1803196986740088 0.06463346809083685 "" 47.24 60.0 -18.13 0.621 NONE
7143 all salt2 134 62 t0,x0,x1,c 0.303538 2453678.5018857718 2.6229359117021055e-05 -0.18462043270028103 0.010910577743652712 0.04618339563417969 "" 0.6028523369390829 9.176481920198542e-07 0.6443427121253799 0.030243939094984268 "" 104.09 133.0 -19.06 1.088 NONE
7147 all salt2 75 29 t0,x0,x1,c 0.108856 2453680.060855981 0.00028699106355649324 -2.0079370087609725 -0.10314986856629252 0.0371970277970173 "" 0.10613087025421133 2.5851683368591054e-06 0.17409285541912153 0.009035076713833424 "" 315.7 43.0 -19.18 1.511 NONE
7194 all salt2 49 67 t0,x0,x1,c 0.363247 2453668.3561673025 1.872422344329021e-05 0.7354881716985815 -0.01540312514622316 0.023072717718052034 "" 1.4443635508531862 1.4454863792021944e-06 1.2783363582069427 0.059712238609722204 "" 78.9 88.0 -19.15 0.922 NONE
7195 all salt2 63 54 t0,x0,x1,c 0.361269 2453673.6988548357 2.0473093428419944e-05 1.1729804231763488 -0.03309326453057314 0.02345705742691158 "" 1.2645903122693187 1.2076906084545563e-06 1.2974606679555791 0.050307545129299705 "" 70.61 80.0 -19.23 0.848 NONE
7205 all salt2 65 49 z,t0,x0,x1,c 0.27501847555085135 2453671.999975827 3.322688157669576e-05 0.5487788572176081 -0.05367606379803061 0.0733530949048247 0.10004211823301572 1.2012052887705378 2.059821863999529e-06 0.8186012121562677 0.17640970091392544 "" 64.87 74.0 -19.07 0.956 NONE
722 all salt2 0 105 t0,x0,x1,c 0.085038 2453614.5743250246 0.0004532053776111937 -0.6050927966563534 0.010076129040865118 0.0223303685898671 "" 0.07039284950531731 1.0803353142679517e-05 0.13371106110713657 0.015222660051367088 "" 93.29 44.0 -19.1 1.171 NONE
7243 all salt2 75 20 t0,x0,x1,c 0.203226 2453686.8500091652 8.458219294297767e-05 0.7646818612403816 -0.01780750993914712 0.086313741727153 "" 0.275609632747757 2.5791935078429562e-06 0.35099326285850874 0.024474897671083184 "" 38.07 61.0 -19.34 0.917 NONE
7258 all salt2 50 55 t0,x0,x1,c 0.253123 2453672.5208263793 4.419491496120116e-05 -0.0004146971261594003 -5.564902501420826e-05 0.040639725653460364 "" 0.0015677430210545142 2.990259815964845e-07 0.0009984136074802819 7.873041741105264e-05 "" 99.27 71.0 -19.17 1.053 NONE
7304 all salt2 45 40 z,t0,x0,x1,c 0.25522177305020616 2453674.557725441 6.129613986074082e-05 0.655779020418766 -0.1160698007105022 0.030279617836015096 0.038245419205263725 0.6640121038086326 1.9319823360728077e-06 0.4633583628730453 0.05747002202450206 "" 52.71 55.0 -19.55 0.94 NONE
7335 all salt2 50 40 t0,x0,x1,c 0.19561 2453675.633351622 5.6268028144996185e-05 -2.349546398337474 0.022034115648145957 0.05013340041397669 "" 0.3592619499811135 1.6273721918687882e-06 0.5791162748911695 0.031731944156594284 "" 71.92 61.0 -18.8 1.593 NONE
735 all salt2 0 102 t0,x0,x1,c 0.189482 2453614.48735379 5.606238648779396e-05 -3.0654017618616707 0.07790848269802275 0.019628595316452207 "" 1.73813308026564 7.071082417421646e-06 0.5478955771541487 0.07424187578309731 "" 48.1 49.0 -18.72 1.818 NONE
7350 all salt2 30 50 t0,x0,x1,c 0.154889 2453668.2763830028 1.080885485387106e-05 -2.323643445569637 0.3899181494944653 0.017752105078698666 "" 1.7967351365457371 1.4247250795272807e-06 1.5211744543230286 0.08270171097977903 "" 55.68 44.0 -16.46 1.54 NONE
7357 all salt2 45 45 z,t0,x0,x1,c 0.33352739684920907 2453669.9327273304 1.9672758712428788e-05 -0.1773727333086878 0.03988122926181495 0.03680699146246223 0.0664892577466174 1.6092467389381315 1.5802999288374885e-06 1.633298284638797 0.1291711788114219 "" 45.49 60.0 -18.98 1.085 NONE
7365 all salt2 42 55 t0,x0,x1,c 0.392218 2453666.9693539725 2.015881849923545e-05 1.9031184337891653 -0.07779392690204094 0.03200685026862281 "" 2.687628408408318 1.3665624577415524e-06 1.708628042184141 0.050910907638126175 "" 54.65 69.0 -19.42 0.728 NONE
7373 all salt2 75 25 t0,x0,x1,c 0.278495 2453684.418682329 5.040817713841288e-05 1.4383383156975638 -0.06691819372950757 0.03039530714200179 "" 0.45521404798631704 1.5511689977040626e-06 0.5179061084013937 0.0253740787038122 "" 45.94 61.0 -19.55 0.805 NONE
7374 all salt2 64 35 z,t0,x0,x1,c 0.31989535521823265 2453677.232854305 2.509549750587632e-05 -1.0617321811320237 0.07250705803642249 0.03209831893658572 0.03461712121763414 1.145163268122704 2.057978299422651e-06 1.4716213926636812 0.09162978510232482 "" 62.71 65.0 -19.14 1.263 NONE
739 all salt2 0 100 t0,x0,x1,c 0.106421 2453615.642223926 0.00022750881974946058 -1.7157038383514722 0.11136976141753008 0.025018920804241455 "" 0.22779787427934262 1.6558868060875642e-05 0.4357831915546272 0.045724760209968414 "" 228.08 44.0 -18.87 1.412 NONE
7413 all salt2 29 54 z,t0,x0,x1,c 0.32834082430683115 2453662.3662604345 2.0245376915859113e-05 1.7658090614055901 0.13224863551818547 0.024070314577637655 0.040844579214207775 1.4838771648870048 2.2542518956184e-06 1.5187394936956828 0.10128290716871924 "" 50.94 64.0 -18.98 0.745 NONE
744 all salt2 5 99 t0,x0,x1,c 0.12694 2453618.5302618756 0.00017703065387439682 0.23051059244604766 0.11588149678631396 0.049606412192204685 "" 0.9762857640146815 7.162082724672118e-06 0.2030863509080965 0.02285482995513402 "" 144.24 44.0 -19.01 1.005 NONE
7444 all salt2 75 20 t0,x0,x1,c 0.249173 2453683.466734571 4.145310129701779e-05 0.9740907937151342 -0.0066794232639715845 0.0312431417822832 "" 0.5001303322377817 1.4013500795179777e-06 0.49787111645626286 0.031285119395068096 "" 57.81 56.0 -19.06 0.881 NONE
7457 all salt2 67 25 t0,x0,x1,c 0.252968 2453682.4307040717 2.552356736394405e-05 0.8690555037339868 0.3185861149849298 0.03220503294919711 "" 1.3558068803750085 1.5740166830808029e-06 1.4547906039300142 0.05032043713776208 "" 65.14 61.0 -18.58 0.886 NONE
7460 all salt2 55 35 t0,x0,x1,c 0.248054 2453676.9798570476 1.9707164025001687e-05 -0.5390813681107757 -0.18513213265837122 0.04061337004075651 "" 1.113113942076617 1.3239813432408997e-06 1.4308977727068357 0.06055491999057474 "" 79.2 61.0 -18.25 1.17 NONE
7473 all salt2 5 75 t0,x0,x1,c 0.214569 2453627.126990346 0.0006119466153990273 0.0001330941765257484 6.669900265233146e-05 0.0212511579783591 "" 0.0017501120770330894 5.977260141312234e-06 0.0006852961864698367 7.526613102223189e-05 "" 126816.86 61.0 -21.62 1.053 NONE
7475 all salt2 50 30 t0,x0,x1,c 0.320448 2453677.141233439 4.376891539588805e-05 0.7232798373912251 -0.1468232879314576 0.023500903445328944 "" 0.5514617149124762 1.264978527579781e-06 0.5475969164469151 0.019030706090285725 "" 71.17 56.0 -19.75 0.929 NONE
7479 all salt2 45 35 t0,x0,x1,c 0.225995 2453675.0979084605 9.421597282861318e-05 3.121778748481896e-05 2.433947092427393e-05 0.01672372803194823 "" 0.0013817414037884544 1.3929823540582017e-06 0.0009794965160845961 0.00012580462619836278 "" 1606.27 56.0 -19.71 1.053 NONE
7499 all salt2 30 50 t0,x0,x1,c 0.351122 2453666.709865947 1.96703591340016e-05 1.602600312009999 0.07709155756106599 0.028510331392524853 "" 1.4593120172952205 1.8623870226302307e-06 1.3651048928408678 0.07609136184055058 "" 44.86 61.0 -19.11 0.774 NONE
7502 all salt2 30 50 t0,x0,x1,c 0.448354 2453665.7779134535 1.3906412004974456e-05 -0.36399883877644795 -0.15643830203777911 0.028177100310170476 "" 1.711613530903095 1.4967845780523356e-06 1.162170828423245 0.08100633660111704 "" 60.05 61.0 -19.37 1.132 NONE
7512 all salt2 95 30 t0,x0,x1,c 0.218347 2453683.0328883193 6.197983714247722e-05 0.534824892033769 0.01569665473270088 0.08836780389810196 "" 0.340362089055684 1.6414883452229692e-06 0.38436774617478414 0.022896937565289262 "" 77.24 81.0 -19.17 0.955 NONE
7527 all salt2 65 35 t0,x0,x1,c 0.235524 2453678.91919928 2.890891788955484e-05 1.9274729712876681 0.2360431890676473 0.0660104287494804 "" 0.7987543157049374 1.2676937171866906e-06 0.8225891437997446 0.04392196813333434 "" 77.04 66.0 -18.54 0.716 NONE
7550 all salt2 95 99 t0,x0,x1,c 0.161089 2453672.7540316777 2.2180846381063537e-05 -0.00044210774079591155 -1.6439355094059698e-06 0.03956261552638331 "" 0.0012054222789011201 1.0546218698605447e-07 0.0008540772035316933 0.00010365286920190982 "" 317.12 107.0 -17.32 1.053 NONE
7594 all salt2 50 50 z,t0,x0,x1,c 0.19526478158550215 2453671.528929447 1.760801081776481e-05 0.4099593569483711 0.22250002194981458 0.049477820571935276 0.11046336475249335 1.965360160434259 2.245868252961848e-06 1.3590585017469383 0.21328004317729046 "" 154.67 70.0 -17.54 0.968 NONE
7600 all salt2 74 30 t0,x0,x1,c 0.186623 2453681.405652434 7.017562863893652e-05 -2.2733254398744593 0.005977805665464819 0.030307636422768354 "" 0.3730727039441684 1.6041508924501105e-06 0.4075437902721972 0.024822732053018267 "" 53.96 48.0 -18.93 1.573 NONE
7611 all salt2 45 50 z,t0,x0,x1,c 0.22500060856893414 2453669.002364704 2.1905632109314406e-05 2.5248521802773756e-05 -8.810848892635104e-06 0.025679201749405595 2.4402696343346762e-05 0.0009342552921594182 2.2932995730730197e-07 0.0007318999825147218 4.963520360634986e-05 "" 280.39 60.0 -18.12 1.053 NONE
762 all salt2 5 95 t0,x0,x1,c 0.190088 2453625.7132833605 9.959384171149732e-05 1.1418132021584124 -0.04645701961555848 0.028372062730525095 "" 0.26667204626207025 2.011743618464167e-06 0.2576617309089786 0.017576916881157197 "" 69.64 60.0 -19.35 0.854 NONE
7636 all salt2 55 35 z,t0,x0,x1,c 0.3369019972572195 2453679.421563768 1.9569476973639637e-05 -0.34146696107990326 0.15602808979777694 0.05132139380865139 0.06573809196726506 1.3876792252484227 1.9467883783164597e-06 1.1318517688202006 0.12801803344738605 "" 51.16 60.0 -19.0 1.109 NONE
7644 all salt2 65 35 t0,x0,x1,c 0.308461 2453678.2731338823 2.7425334543420844e-05 1.1704706908147924 0.028973846818252186 0.031906152824681344 "" 1.0733941514107521 1.4841151424440682e-06 1.134646422649636 0.04156243245796081 "" 71.89 66.0 -19.15 0.846 NONE
7647 all salt2 114 67 t0,x0,x1,c 0.384983 2453675.1475316472 2.7012850349527017e-05 6.507370071222265e-05 -5.850383395613096e-06 0.025436623297013773 "" 0.002186325596694252 2.558854658923795e-07 0.0008069072807393659 8.06148440860581e-05 "" 187.19 113.0 -19.69 1.053 NONE
7654 all salt2 30 60 z,t0,x0,x1,c 0.22499796337399383 2453664.0641264357 3.181672307668108e-05 -0.00022146366101152203 -5.468895133326212e-06 0.019694403235317424 2.6653290959350906e-05 0.001994399625787164 3.2756419196430457e-07 0.0011660014574172155 7.17436007857368e-05 "" 96.53 65.0 -18.52 1.053 NONE
7656 all salt2 35 50 t0,x0,x1,c 0.385547 2453666.0132331145 1.9739093558463177e-05 -1.4287891343270298 -0.18645841374769928 0.021697812956023278 "" 1.2567467983235052 1.6367467166548151e-06 0.793006932614614 0.05281483105534346 "" 77.36 66.0 -19.36 1.369 NONE
7663 all salt2 45 40 t0,x0,x1,c 0.486465 2453673.075353305 1.2245397333220562e-05 0.9026350177234873 0.06611178927004498 0.022549963614957688 "" 2.1857695333538834 1.0206149496104682e-06 1.6134824285072527 0.09165720380916306 "" 38.79 56.0 -19.44 0.89 NONE
7680 all salt2 65 25 t0,x0,x1,c 0.377647 2453678.317015695 1.641446888280605e-05 1.1715322852009875 0.04802435465326444 0.02280886265181813 "" 1.589958457773015 1.4182199980578904e-06 1.525545599495261 0.07778120510464229 "" 35.36 56.0 -19.1 0.846 NONE
7699 all salt2 55 30 t0,x0,x1,c 0.404925 2453678.2462237244 2.3812608905274623e-05 0.815819133270747 -0.17129011508147754 0.019589870261987732 "" 0.9522445585144518 9.994945191022213e-07 0.6902867074747285 0.030697190558352287 "" 52.36 56.0 -19.69 0.914 NONE
7701 all salt2 65 20 t0,x0,x1,c 0.35904 2453681.8560478725 2.581744876483918e-05 0.1454784140626276 -0.04048802697598407 0.019019724194122574 "" 0.69699974781904 1.4399114139730585e-06 0.7557953337569485 0.040759153450366625 "" 34.8 56.0 -19.47 1.028 NONE
7707 all salt2 45 40 t0,x0,x1,c 0.210284 2453673.86601723 2.1325499050424605e-05 0.00044518622710811154 2.621520432292606e-05 0.021013384609351923 "" 0.001309276439827401 1.5786833538657019e-07 0.0007154939456955688 0.00010954734496112096 "" 76.12 56.0 -17.92 1.053 NONE
7712 all salt2 49 35 z,t0,x0,x1,c 0.3646207855926455 2453675.8098872625 1.5321731688640636e-05 2.942894644004036 0.16643427055672674 0.019227004250534342 0.04325182510265698 1.8620147589029117 1.2960464340239533e-06 1.3365292139229183 0.10443890849339983 "" 44.82 55.0 -18.94 0.535 NONE
7713 all salt2 50 35 z,t0,x0,x1,c 0.26879627121150124 2453675.590218904 1.915908207489784e-05 -2.5031182020520415 0.05807447456169955 0.01980795540451092 0.06018235281291802 0.8761188089368669 1.7612188017334864e-06 1.2409276608950217 0.11595859572758546 "" 63.91 55.0 -18.41 1.635 NONE
7717 all salt2 60 25 t0,x0,x1,c 0.331173 2453680.298527982 2.4781842926262544e-05 1.00373197775002 -0.08906197040027512 0.04466622883839654 "" 0.9659812395216029 1.578960296313279e-06 1.0385648019247853 0.038789271969418886 "" 52.69 56.0 -19.22 0.879 NONE
7721 all salt2 55 30 t0,x0,x1,c 0.300653 2453679.8294128072 4.3031921069565875e-05 -0.00026932243035457176 4.833813367661047e-05 0.03087036077598299 "" 0.001572549595541304 4.255579954802655e-07 0.0008858573531554927 8.593753567800518e-05 "" 256.07 56.0 -19.57 1.053 NONE
7725 all salt2 65 35 z,t0,x0,x1,c 0.2257879600239117 2453678.0311023667 2.2610431879612732e-05 2.3164112211586265 -0.07243829233890475 0.05287287304471583 0.03602177334779576 1.1778651903867567 1.2925617905697436e-06 1.0753989666302304 0.0820614384342051 "" 69.6 65.0 -18.16 0.659 NONE
773 all salt2 4 84 z,t0,x0,x1,c 0.22241903002235008 2453618.429604403 8.526734465238845e-05 -1.4077675706692843 -0.09044442016100449 0.03092798922718601 0.028098354359704543 0.7039125596808283 3.228663376679004e-06 0.44633627926832886 0.048291917222168086 "" 66.72 63.0 -19.57 1.356 NONE
7736 all salt2 54 40 z,t0,x0,x1,c 0.20008750117114715 2453674.6320563476 2.265510266813916e-05 -0.22332789748807896 0.24565023229404787 0.12525325541306798 0.09241730840069881 1.1285481022022692 2.6776763622611837e-06 1.1847810695950443 0.17313199855956393 "" 74.02 65.0 -17.87 1.081 NONE
774 all salt2 0 113 t0,x0,x1,c 0.092269 2453616.2702614856 0.0003689427900906759 -0.7123135817212958 0.08237043787033199 0.023226799756368877 "" 0.051727621971164796 1.1522390429027406e-05 0.17577373762481452 0.02113415996006476 "" 200.7 52.0 -19.07 1.188 NONE
7762 all salt2 70 35 z,t0,x0,x1,c 0.30725425067638673 2453677.5014012814 1.9419444380742058e-05 -1.0549237787054704 0.16429869980037268 0.059875344981812836 0.06401514874180335 1.2048086309940018 1.980514992511919e-06 1.3199113664240274 0.13274762393886014 "" 48.17 65.0 -18.76 1.254 NONE
7779 all salt2 102 81 t0,x0,x1,c 0.379863 2453674.067360123 4.2998569023340034e-05 0.0004849280389875385 -2.255549392448963e-05 0.056572878694596575 "" 0.0016700545555509237 2.861649328637346e-07 0.0010882625271881306 0.0001286015376009862 "" 472.39 129.0 -20.16 1.053 NONE
7780 all salt2 65 45 z,t0,x0,x1,c 0.23598047779609083 2453675.6432323838 2.4085504343853068e-05 -0.1599578302505625 0.08098644522057888 0.055659089434767176 0.12528900147806926 1.8808055614847259 1.855748387862433e-06 1.2776476378095099 0.21668062888688647 "" 169.63 70.0 -18.34 1.079 NONE
