results/sdss_salt2_mcmc_fits.ecsv
# %ECSV 0.9
# ---
# datatype:
# - {name: obj_id, datatype: string}
# - {name: band, datatype: string}
# - {name: source, datatype: string}
# - {name: pre_max, datatype: int64}
# - {name: post_max, datatype: int64}
# - {name: vparams, datatype: string}
# - {name: z, datatype: float64}
# - {name: t0, datatype: float64}
# - {name: x0, datatype: float64}
# - {name: x1, datatype: float64}
# - {name: c, datatype: float64}
# - {name: mwebv, datatype: float64}
# - {name: z_err, datatype: float64}
# - {name: t0_err, datatype: float64}
# - {name: x0_err, datatype: float64}
# - {name: x1_err, datatype: float64}
# - {name: c_err, datatype: float64}
# - {name: mwebv_err, datatype: float64}
# - {name: chisq, datatype: float64}
# - {name: ndof, datatype: float64}
# - {name: b_max, datatype: float64}
# - {name: delta_15, datatype: float64}
# - {name: message, datatype: string}
# schema: astropy-2.0
obj_id band source pre_max post_max vparams z t0 x0 x1 c mwebv z_err t0_err x0_err x1_err c_err mwebv_err chisq ndof b_max delta_15 message
[from data line 1397]
20408 all salt2 40 45 z,t0,x0,x1,c 0.27916692444653934 2454401.185372566 2.466322353195922e-05 -0.08453207374592825 0.17978241940236742 0.05124373494259016 0.057103074265186966 1.1343029357895806 2.855517048342141e-06 1.133305477973024 0.14028181741186377 "" 67.48 65.0 -18.78 1.059 NONE
2041 all salt2 4 76 t0,x0,x1,c 0.208513 2453622.9505486647 4.719718229838367e-05 -0.5827197531907413 0.06970691386415727 0.04297630206261707 "" 1.3151415463734895 2.6236517883165057e-06 0.7874885714916051 0.04553154105944546 "" 51.56 55.0 -18.77 1.162 NONE
20411 all salt2 55 30 z,t0,x0,x1,c 0.22500583066476537 2454409.9337961273 4.017084400796523e-05 -0.0001218226774733415 -4.556550803443793e-06 0.10252834328603527 3.578618411324485e-05 0.0011091457086101345 4.5991300763980946e-07 0.0005771367824562083 0.00010545927546511721 "" 322.1 60.0 -18.78 1.053 NONE
20430 all salt2 65 15 t0,x0,x1,c 0.162837 2454415.607309559 8.795228949100196e-05 -1.2618453052459266 0.008709098086964814 0.07725313257624927 "" 0.3383643606675374 1.8982546370016405e-06 0.47754072246263696 0.022340508664672784 "" 24.07 36.0 -18.84 1.313 NONE
20431 all salt2 40 45 z,t0,x0,x1,c 0.33662283809675864 2454398.0122546754 2.8097065662112187e-05 -0.5835762751146438 0.12673700964905812 0.06745448162430848 0.05798814301810637 1.0212027261424506 3.6163746196882246e-06 1.2299386959216396 0.14619983721964475 "" 89.36 65.0 -19.39 1.159 NONE
20432 all salt2 50 35 t0,x0,x1,c 0.301646 2454408.6071412093 4.157367729477805e-05 -0.001045667548776005 -2.1353377242007527e-05 0.07177289957123195 "" 0.0024777939345208707 5.243780419647579e-07 0.0005462656437116197 8.948929710197105e-05 "" 117.53 61.0 -19.54 1.053 NONE
20434 all salt2 65 20 t0,x0,x1,c 0.279469 2454413.395267724 2.3409279102663587e-05 2.033642734392956 0.02242833608996889 0.07946394331280318 "" 0.7125606275046618 1.5266007841944493e-06 1.5108640264314648 0.06881680447369533 "" 92.9 51.0 -18.73 0.704 NONE
20435 all salt2 70 15 t0,x0,x1,c 0.338705 2454415.0510452683 1.6681740513385818e-05 4.693234410208461 0.15542807916912724 0.03837996897084732 "" 0.48766319120470203 8.611396051946134e-07 0.28157697628576106 0.0772155131798377 "" 126.82 51.0 -18.89 0.208 NONE
20447 all salt2 40 35 t0,x0,x1,c 0.417658 2454401.5727074016 1.853532060028074e-05 1.4206382598930902 -0.09454194017501881 0.03012442299852704 "" 0.8979718910286721 1.5033647519665836e-06 0.9508693053556678 0.060647172061562754 "" 33.63 61.0 -19.49 0.809 NONE
20467 all salt2 67 30 t0,x0,x1,c 0.269625 2454409.4697838146 4.218313487875922e-05 1.0324645401298123 -0.058866676758095614 0.023805199198488322 "" 0.5737536459507886 1.480427741237851e-06 0.5417287276366912 0.033901237114087095 "" 97.68 63.0 -19.28 0.873 NONE
20470 all salt2 85 10 t0,x0,x1,c 0.124405 2454419.880108062 0.00017298858232197426 0.8286083442083364 0.07305598048026327 0.10096709034818921 "" 0.48442071792433955 2.8481488628115934e-06 0.5165923005351978 0.021893849181737327 "" 69.35 32.0 -18.94 0.902 NONE
20476 all salt2 115 75 t0,x0,x1,c 0.167795 2454404.662153937 2.58324957095256e-05 3.8377886555924268 0.08760307976344602 0.0602021940419162 "" 0.04036318479902427 1.1708881981517579e-06 0.7492237983698794 0.04969592638829629 "" 596.89 112.0 -17.6 0.304 NONE
20480 all salt2 40 25 t0,x0,x1,c 0.166378 2454407.3140896983 2.8261393309819777e-05 0.044757368699577374 0.2715916255491787 0.022852662574468278 "" 0.9982378636318858 2.2210054265542687e-06 0.9752964341523279 0.06466548593845502 "" 40.94 36.0 -17.67 1.03 NONE
20489 all salt2 54 45 t0,x0,x1,c 0.378367 2454398.735876595 1.943019373044145e-05 0.2558671459098883 -0.06827452266910261 0.030156719852802986 "" 0.7632874271426989 1.5173776742509777e-06 0.7346057146814441 0.04540077329501109 "" 73.57 80.0 -19.29 1.009 NONE
20491 all salt2 50 25 z,t0,x0,x1,c 0.2134246752177779 2454410.4722188297 5.857972682533773e-05 0.3451745446972946 0.015269321510248545 0.03292633925462494 0.025548162737077548 0.5619708185509811 1.7972956692569856e-06 0.5561401745865371 0.0523244773700449 "" 45.04 45.0 -19.06 0.989 NONE
20497 all salt2 45 35 z,t0,x0,x1,c 0.35753623458274847 2454404.021611111 2.834515252145124e-05 1.1689063065982492 -0.14225577729935993 0.018683728024682725 0.0404182858374684 0.8642232724952201 2.108365496215883e-06 0.8021857316172682 0.0864764033243433 "" 67.5 65.0 -19.56 0.852 NONE
20501 all salt2 60 45 z,t0,x0,x1,c 0.3740322045233248 2454398.8042669566 2.1349436713630806e-05 2.432473658432799 -0.025621727741053202 0.028472655186419806 0.02062755564098576 1.2889353593657755 2.6795114003795523e-06 1.5335842850675456 0.06792330290901107 "" 103.17 80.0 -19.37 0.637 NONE
20514 all salt2 60 45 t0,x0,x1,c 0.402996 2454398.8861042964 3.028205876548543e-05 -0.000454210881696065 -4.665554675584616e-05 0.030416082410298646 "" 0.0011729827513699209 2.8242546186969083e-07 0.0007799131457151328 0.0001200154084989196 "" 143.59 81.0 -19.93 1.053 NONE
20517 all salt2 55 50 z,t0,x0,x1,c 0.2692216001250742 2454396.6464838255 2.159066641998253e-05 -0.9403364594562359 0.04160267769684805 0.023357295020141264 0.05100996757498158 0.8458242475146638 1.8653747207790255e-06 0.7658258035516278 0.10570600501394825 "" 88.63 80.0 -18.55 1.239 NONE
20528 all salt2 72 20 t0,x0,x1,c 0.134897 2454416.2016639765 0.00016752364220367174 0.024119229456151556 0.05783048159856088 0.05795178483718014 "" 0.22714140070113603 2.0543240120397087e-06 0.40609970524817346 0.015338333812247022 "" 130.62 39.0 -19.1 1.046 NONE
20533 all salt2 83 10 t0,x0,x1,c 0.30131 2454422.381700449 4.723553978424601e-05 -0.1723922632135555 -0.12840095832834844 0.0850445067150292 "" 1.0020566470473002 1.8633991717211087e-06 0.9819703074220965 0.032988683063061776 "" 37.48 46.0 -19.68 1.093 NONE
20541 all salt2 70 15 t0,x0,x1,c 0.331562 2454416.3509536744 1.819323430472036e-05 2.8563942486020695 0.04204752481764861 0.04401801749716288 "" 1.345029099839675 1.3394755159351744e-06 1.2156608781563158 0.06053139745757523 "" 88.25 51.0 -18.89 0.556 NONE
20542 all salt2 60 25 z,t0,x0,x1,c 0.3041474011021294 2454410.809214598 2.8780492155804218e-05 -0.05927072033215078 -0.3212203621276121 0.05123706406144951 0.06205259577123586 1.0064299169487174 2.5875868328747043e-06 0.81715730826261 0.07607883860809952 "" 52.91 60.0 -19.17 1.081 NONE
20545 all salt2 144 35 t0,x0,x1,c 0.188069 2454418.7905203737 4.919714209379607e-05 -1.113944021103725 0.1892279809099157 0.05184519946722167 "" 0.6576269572711158 1.4842145846578218e-06 0.7124085300789265 0.03202043614917055 "" 79.7 72.0 -18.56 1.265 NONE
20553 all salt2 45 20 t0,x0,x1,c 0.347168 2454411.636584376 2.7198249525858275e-05 0.10249476414909843 -0.1262772377038347 0.025830480216445045 "" 1.3120812950095475 1.561788430377473e-06 1.2151528233502074 0.052361146366423444 "" 34.23 46.0 -19.44 1.04 NONE
20557 all salt2 47 40 t0,x0,x1,c 0.434173 2454398.440263645 2.7497199216888497e-05 0.0002127158984788188 -1.1038910911097572e-05 0.02714651465586118 "" 0.0015570780216365226 1.4700851643215688e-07 0.0010806060775544316 9.949225091847463e-05 "" 213.91 73.0 -20.02 1.053 NONE
20558 all salt2 122 65 z,t0,x0,x1,c 0.2669367770771974 2454409.16038406 1.2998880559757261e-05 -1.0557256919897304 0.09993025066669121 0.03008765643045819 0.12119873980361934 1.5750709389532511 1.7320015626672795e-06 1.3981419411017855 0.23093301228462668 "" 152.95 132.0 -17.97 1.26 NONE
20560 all salt2 160 40 t0,x0,x1,c 0.372367 2454418.379573245 2.406353311185532e-05 -1.1073454277299828 -0.022135268015319898 0.02349546832522815 "" 0.7681838912730212 9.389721917989554e-07 0.826008286571979 0.034520215150955845 "" 139.97 111.0 -19.48 1.281 NONE
20562 all salt2 159 52 t0,x0,x1,c 0.336199 2454414.3558866186 2.179240733802191e-05 0.0004433463281342114 6.462427562507942e-05 0.031628776067329584 "" 0.0009823826025596558 2.0198935118422464e-07 0.0006006469445658808 8.873614031206256e-05 "" 314.84 137.0 -19.11 1.053 NONE
20572 all salt2 75 5 z,t0,x0,x1,c 0.22499544837045582 2454422.867844168 3.643492271928959e-05 0.00036626453313797885 3.159495352286124e-05 0.06794056409478683 2.5665368802034192e-05 0.0024840007934148517 2.852625820651293e-07 0.0009804092934713865 9.81587600632386e-05 "" 493.4 35.0 -18.67 1.053 NONE
20575 all salt2 70 15 t0,x0,x1,c 0.197347 2454416.0196186914 0.00010053331688739218 -0.474192663757755 -0.010252196217212954 0.051340428442961286 "" 0.37951337266630925 1.906579697424107e-06 0.4621496990934459 0.018237886450340947 "" 226.72 51.0 -19.45 1.146 NONE
20578 all salt2 50 35 t0,x0,x1,c 0.288868 2454407.948298352 2.42589182828615e-05 -0.7222381649291929 -0.01886947184315699 0.04027669368665181 "" 1.1141435924477348 1.5611670970458954e-06 1.0724364523919512 0.05770133636006342 "" 132.29 61.0 -18.85 1.197 NONE
20580 all salt2 40 45 t0,x0,x1,c 0.374055 2454399.055765616 1.70664391487508e-05 0.7611179294660874 -0.06646836366418492 0.06389535801423668 "" 1.2433028218742928 1.9164427215674327e-06 1.352923034958727 0.06919715697809156 "" 63.23 66.0 -19.12 0.919 NONE
20581 all salt2 70 15 t0,x0,x1,c 0.203353 2454417.3756015245 9.915238752816908e-05 -0.48298659259975213 -0.11644234012815063 0.061294926270767255 "" 0.4038468832767134 1.6305824111740968e-06 0.4289061654689561 0.017400099386476634 "" 53.54 41.0 -19.51 1.154 NONE
20588 all salt2 45 30 t0,x0,x1,c 0.285149 2454403.8900031843 1.2321752232172623e-05 3.8460333092576757 0.02300605071906542 0.021456818281249943 "" 0.19113781532826896 1.503279545664815e-06 1.463604026078483 0.11520015420698564 "" 162.25 61.0 -18.1 0.304 NONE
20590 all salt2 140 30 z,t0,x0,x1,c 0.27062644401207503 2454418.2241591467 2.4386858004556136e-05 0.16074815606627718 0.13693278022281086 0.018051972987818042 0.07835468549033105 1.4888126249850384 2.068900413650347e-06 1.224234403332301 0.1417339744279729 "" 92.88 95.0 -18.69 1.016 NONE
20591 all salt2 49 40 z,t0,x0,x1,c 0.36015616096714886 2454400.106633311 2.6902737440522402e-05 0.09012614803942853 0.08671129267755273 0.0235887894488536 0.029301009434954922 0.8265498750375749 2.483773773489728e-06 1.0646783477177095 0.09104270123247003 "" 69.45 69.0 -19.52 1.032 NONE
20592 all salt2 53 40 z,t0,x0,x1,c 0.3740062981250698 2454399.3243234195 1.2257341025108556e-05 3.567887646420172 0.3468932314485304 0.02854274491250082 0.01728416054572581 0.475228127239266 1.18405626655923e-06 1.032406355944607 0.08561328446345698 "" 86.8 73.0 -18.78 0.347 NONE
20596 all salt2 84 20 t0,x0,x1,c 0.213809 2454416.786539502 4.854958329333102e-05 -0.000202866241210008 4.7719946075555525e-05 0.026696496731118995 "" 0.0027299093458450266 2.89093478343223e-07 0.0017725041930983557 9.658094310786645e-05 "" 1027.27 51.0 -18.86 1.053 NONE
20601 all salt2 44 55 z,t0,x0,x1,c 0.31074914459268455 2454392.9112057122 1.3734483126155084e-05 -1.0108575209479307 0.19473002118463242 0.09497850345754869 0.09652744451023712 1.394167465375452 2.185315034725848e-06 1.3240278942656163 0.1674303153925002 "" 72.78 79.0 -18.42 1.243 NONE
20608 all salt2 55 40 z,t0,x0,x1,c 0.21163847393809637 2454395.7441443847 1.5605491288065213e-05 2.2259827687567713 -0.19403420542259311 0.03095786566374582 0.058293028472297 1.2443278346132625 1.8201600407393726e-06 1.2923432288634247 0.10405538003907396 "" 61.89 65.0 -17.6 0.677 NONE
20613 all salt2 90 25 t0,x0,x1,c 0.373538 2454417.9102006988 2.3989566571576666e-05 2.283385122390502 0.07560513576458695 0.03664232190906693 "" 1.1866252626445595 1.3780500529306754e-06 1.0738090842757404 0.05254332620349695 "" 54.95 56.0 -19.49 0.661 NONE
20619 "" "" "" "" "" "" "" "" "" "" "" "" "" "" "" "" "" "" "" "" "" "No data points with S/N > 5.0. Initial guessing failed."
20624 "" "" "" "" "" "" "" "" "" "" "" "" "" "" "" "" "" "" "" "" "" "No data points with S/N > 5.0. Initial guessing failed."
20625 all salt2 85 10 t0,x0,x1,c 0.106834 2454424.05671468 0.0002893998021778265 -0.010713054898524269 -0.006308412071112689 0.02102879567571979 "" 0.14703714556644665 4.151329396149118e-06 0.1558797191362674 0.01141904448999367 "" 31.3 36.0 -19.14 1.055 NONE
20639 all salt2 55 30 z,t0,x0,x1,c 0.20737300823368388 2454406.6674693273 3.326815905921233e-05 -1.374228089245454 -0.026495171435243974 0.09023140964145318 0.06054318861547216 0.8677643328701481 2.083528798165326e-06 0.7412158872615353 0.11725343671053827 "" 56.36 65.0 -18.37 1.342 NONE
2064 all salt2 5 85 t0,x0,x1,c 0.455074 2453624.033065114 1.8986100025942594e-05 1.353990867672432 -0.03500359607405914 0.039551017912244676 "" 3.520632821096371 1.6740377100098933e-06 1.6194168082251301 0.07279468474085056 "" 60.0 71.0 -19.74 0.818 NONE
20663 all salt2 85 25 t0,x0,x1,c 0.298164 2454420.4702854496 3.659832216273204e-05 0.26595398934398906 -0.03443885755985408 0.022261052829410398 "" 1.1946167181425629 1.7284247506324558e-06 1.0807348129276888 0.04023718543841994 "" 59.21 56.0 -19.37 1.006 NONE
20678 all salt2 85 24 t0,x0,x1,c 0.204442 2454416.9413640983 5.1540574518249284e-05 -4.011119495173777 -0.1932320123390483 0.0273159906572187 "" 0.3991153961898232 1.6476640423316284e-06 0.4832853827760622 0.04392622499583709 "" 83.26 60.0 -18.81 2.294 NONE
20685 all salt2 75 35 t0,x0,x1,c 0.420471 2454407.126895836 1.7718048426207982e-05 0.00030136495836536866 1.3890749414930417e-05 0.024198137913300277 "" 0.0009639359433167568 1.8249386683514742e-07 0.0010010833007839638 0.00013031276898819194 "" 102.0 81.0 -19.46 1.053 NONE
20687 all salt2 85 25 t0,x0,x1,c 0.19025 2454419.4600975155 6.487140705843986e-05 -2.226798502674376 0.21582805179140915 0.019488867724325228 "" 0.49493630416462153 2.0207476103510034e-06 0.45685111102445863 0.04205119126101217 "" 224.29 44.0 -18.89 1.535 NONE
20690 all salt2 65 35 z,t0,x0,x1,c 0.38510284986915827 2454412.3991491194 2.559587321652364e-05 0.46957255035991063 -0.0827244997781473 0.0411326656562241 0.016846729412214864 1.0630000053583673 1.7136963169148337e-06 1.1324296283891826 0.06171429994615385 "" 142.3 60.0 -19.64 0.971 NONE
20704 all salt2 76 24 t0,x0,x1,c 0.313136 2454416.719218503 1.5202751280726789e-05 0.00036414509334286855 1.5873730487390746e-05 0.0228019574978742 "" 0.0013023478535861598 8.330256120648563e-08 0.0014878651249860344 7.143271165759237e-05 "" 63.96 51.0 -18.54 1.053 NONE
20709 all salt2 75 20 t0,x0,x1,c 0.388917 2454418.4261895292 1.7449404340656936e-05 -0.3061529394286747 0.07586258260761175 0.02329812918064609 "" 1.7713951133493 1.5671836438548488e-06 1.744559388388147 0.07975582573911927 "" 33.36 51.0 -19.24 1.107 NONE
20719 all salt2 80 29 t0,x0,x1,c 0.371946 2454407.497841874 1.691593649659687e-05 1.2461733350504083 -0.007485618040131616 0.030010717454330718 "" 1.0739410315433235 1.3382381582972079e-06 0.9273056624644364 0.06471911826303872 "" 143.77 80.0 -19.1 0.835 NONE
20721 all salt2 90 25 t0,x0,x1,c 0.210432 2454420.9695220296 3.600589565958879e-05 -0.10954879804651732 0.19180427853516174 0.042148389031256804 "" 0.7166529910094772 1.9389146271541676e-06 0.9229725610869076 0.04411716502012478 "" 47.45 46.0 -18.5 1.063 NONE
20722 all salt2 85 25 t0,x0,x1,c 0.299872 2454420.5645012795 3.967573517693108e-05 -0.014343320159298832 -0.07834730203223529 0.054854209961879966 "" 0.6420897115929295 1.956984048683292e-06 0.6344932237113745 0.04001069948221913 "" 55.97 46.0 -19.48 1.06 NONE
20723 all salt2 60 35 t0,x0,x1,c 0.376293 2454405.6933308253 1.765826867163971e-05 -1.4780045157764974 -0.004329222657555739 0.02632921029337401 "" 1.218929432827516 1.5002441828262904e-06 1.0397812637969457 0.06163816413717842 "" 56.79 71.0 -19.17 1.365 NONE
20725 all salt2 191 0 t0,x0,x1,c 0.362145 2454437.0084803873 0.009861894791935213 6.547647677558336e-05 6.337702006287583e-05 0.03881646195713477 "" 0.001840529605184646 0.00011021242659654105 0.0009033113934711815 7.578399687245869e-05 "" 16163077.17 61.0 -25.94 1.053 NONE
