results/sdss_salt2_fits_ext.ecsv
# %ECSV 0.9
# ---
# datatype:
# - {name: obj_id, datatype: string}
# - {name: band, datatype: string}
# - {name: source, datatype: string}
# - {name: pre_max, datatype: int64}
# - {name: post_max, datatype: int64}
# - {name: params, datatype: string}
# - {name: z, datatype: float64}
# - {name: t0, datatype: float64}
# - {name: x0, datatype: float64}
# - {name: x1, datatype: float64}
# - {name: c, datatype: float64}
# - {name: mwebv, datatype: float64}
# - {name: z_err, datatype: float64}
# - {name: t0_err, datatype: float64}
# - {name: x0_err, datatype: float64}
# - {name: x1_err, datatype: float64}
# - {name: c_err, datatype: float64}
# - {name: mwebv_err, datatype: float64}
# - {name: chisq, datatype: float64}
# - {name: ndof, datatype: float64}
# - {name: b_max, datatype: float64}
# - {name: delta_15, datatype: float64}
# - {name: message, datatype: string}
# schema: astropy-2.0
obj_id band source pre_max post_max params z t0 x0 x1 c mwebv z_err t0_err x0_err x1_err c_err mwebv_err chisq ndof b_max delta_15 message
[from data line 331]
19775 all salt2 65 40 t0,x0,x1,c 0.136869 2454404.920852948 0.00013540376672793635 -0.1869105486660856 0.09502360945905386 0.07507604047960362 "" 0.17856901185587049 2.2263205350573075e-06 0.18889899787318343 0.01603129483625504 "" 45.17 56.0 -18.9 1.083 "Minimization exited successfully."
19794 all salt2 50 50 t0,x0,x1,c 0.295674 2454396.520305762 2.2116502755338354e-05 -2.3836809114328807 0.0578784867119491 0.030293969576597576 "" 0.597326303832233 1.4640873229313295e-06 0.6876361317600286 0.062215942301885055 "" 56.89 71.0 -18.81 1.599 "Minimization exited successfully."
19818 all salt2 50 45 t0,x0,x1,c 0.303942 2454402.8379316633 4.477395461728561e-05 1.2454595830250266 -0.03598146504496319 0.029972388912916544 "" 0.39694860321469605 2.14093563004965e-06 0.5391568229977287 0.031280900156377765 "" 76.23 81.0 -19.64 0.836 "Minimization exited successfully."
19899 all salt2 70 10 t0,x0,x1,c 0.090072 2454419.1914603836 0.0007142641112382643 0.2450516681659412 -0.15198366710377628 0.055973138897157416 "" 0.10384680260904133 4.146967052274186e-06 0.11148979426526272 0.004815937769046427 "" 159.26 24.0 -19.73 1.015 "Minimization exited successfully."
19913 all salt2 50 35 t0,x0,x1,c 0.205566 2454406.944319793 8.081224599166208e-05 0.42603329208198987 -0.06473296084616904 0.0690234515519229 "" 0.3474972879048437 1.7773224919888674e-06 0.34496607938505286 0.01982502402842384 "" 109.08 61.0 -19.32 0.978 "Minimization exited successfully."
19940 all salt2 50 30 t0,x0,x1,c 0.145815 2454408.2046380807 0.00020417750406520363 0.8839578168664469 0.020400101705573832 0.06899764738592258 "" 0.15662776632234454 1.94702832258342e-06 0.1766973639457562 0.010202248431309267 "" 130.11 44.0 -19.5 0.895 "Minimization exited successfully."
19953 all salt2 70 15 t0,x0,x1,c 0.121896 2454415.62692904 0.00036623135900585343 0.6034365190299201 -0.12910845020597242 0.04456842014147287 "" 0.1346294437535107 2.4590977505402283e-06 0.15150463533586409 0.006759476693498852 "" 144.88 36.0 -19.71 0.949 "Minimization exited successfully."
19968 all salt2 64 28 t0,x0,x1,c 0.054896 2454413.173334736 0.001124076678253111 -1.7858118592973493 -0.053686455030256146 0.020548018224377126 "" 0.04034028830938041 5.414804804856734e-06 0.05883754086297829 0.003763823689428774 "" 276.5 37.0 -19.09 1.447 "Minimization exited successfully."
19969 all salt2 59 35 t0,x0,x1,c 0.174279 2454409.6055035633 0.00010971104243346825 -0.033247519989849185 0.03925013313466085 0.027012969915014683 "" 0.21167538594454527 1.8312878595267804e-06 0.2271847081639472 0.015143638536542102 "" 59.48 51.0 -19.25 1.057 "Minimization exited successfully."
19990 all salt2 54 40 t0,x0,x1,c 0.248828 2454404.02435256 4.954994571331526e-05 -1.1243217648351513 -0.08710110162364158 0.03009863524904639 "" 0.2829831631388515 1.7374110016696474e-06 0.31487004429497945 0.03156393745965323 "" 61.72 75.0 -19.25 1.29 "Minimization exited successfully."
19992 all salt2 31 20 t0,x0,x1,c 0.224519 2454405.1344694784 6.364372900239113e-05 0.062299369376435404 -0.09240716700688408 0.02919397967145604 "" 0.42733886372298 2.6641958876492697e-06 0.4768189001763857 0.0339882971001215 "" 29.57 36.0 -19.27 1.046 "Minimization exited successfully."
20039 all salt2 45 30 t0,x0,x1,c 0.245577 2454408.672122231 5.150375742442483e-05 0.8175459650786827 0.027085428034938956 0.017329641636650062 "" 0.49882816313765943 1.6534213909789785e-06 0.48543715378553515 0.02962148615780274 "" 46.28 51.0 -19.26 0.906 "Minimization exited successfully."
20040 all salt2 60 35 t0,x0,x1,c 0.286553 2454411.4714923394 5.5318865339433906e-05 0.9775180189422196 -0.11867399103104669 0.059705508321858586 "" 0.5278489671181887 1.9045730102680697e-06 0.6650987759975632 0.025962789244766395 "" 50.93 61.0 -19.72 0.884 "Minimization exited successfully."
20048 all salt2 55 35 t0,x0,x1,c 0.183876 2454410.7872614134 7.715017985671336e-05 -0.6122816988395194 0.007944839407635984 0.0608981793240017 "" 0.34496290516108274 2.2240621974440727e-06 0.4707584915014629 0.027882734341291522 "" 37.31 40.0 -18.99 1.173 "Minimization exited successfully."
20051 all salt2 65 30 t0,x0,x1,c 0.233708 2454415.6 6.058800918823946e-05 3.7161235953873852 0.02517939386797355 0.043147779961031744 "" 0.1674644702579826 1.6317993865638343e-06 0.4547131618857141 0.024001637105356865 "" 74.02 51.0 -19.33 0.321 "Minimization exited successfully."
20064 all salt2 74 25 t0,x0,x1,c 0.10351 2454413.3696655207 0.0003606723189972879 0.3008311257110276 0.04431775837018391 0.026676937080218323 "" 0.0868806722573936 3.523985518138231e-06 0.13383961592544227 0.007926931394741992 "" 234.21 39.0 -19.31 0.996 "Minimization exited successfully."
20084 all salt2 70 25 t0,x0,x1,c 0.138333 2454407.7307528662 0.00010721517691177391 0.08724497230799416 0.138594441146449 0.04536378279340056 "" 0.2502559572458267 1.9543041197407827e-06 0.27441095693018974 0.018132215696193044 "" 59.17 40.0 -18.67 1.03 "Minimization exited successfully."
20088 all salt2 120 70 t0,x0,x1,c 0.243149 2454408.423635464 7.438777743809887e-05 -0.1386874124504707 -0.128410268554137 0.021178947283130956 "" 0.22432683501392603 1.132998951241141e-06 0.20447102348316618 0.014534680313211893 "" 211.81 136.0 -19.64 1.086 "Minimization exited successfully."
20106 all salt2 60 30 t0,x0,x1,c 0.331364 2454404.8391747926 2.7152582774920823e-05 -0.8173961424847391 -0.07503138387740574 0.037182946987504 "" 0.7692333345767111 1.8349875515820879e-06 0.6845606699716424 0.053071088092603226 "" 49.81 56.0 -19.32 1.221 "Minimization exited successfully."
20111 all salt2 75 20 t0,x0,x1,c 0.242669 2454421.7 2.503307769844766e-05 18.419662459792125 0.19537968893862595 0.03335578520680926 "" 0.034413906978443265 1.5515745843361146e-06 1.6561257632182473 0.032303032940784585 "" 168.38 41.0 -19.22 0.452 "Minimization exited successfully."
20142 all salt2 74 31 t0,x0,x1,c 0.314679 2454412.7095959345 5.329382940107982e-05 1.5335322157750613 -0.11342631425620048 0.03236483964815183 "" 0.43233617302030325 1.6782559343421375e-06 0.5718650201947864 0.021275408052277952 "" 58.02 71.0 -19.92 0.791 "Minimization exited successfully."
20144 all salt2 70 15 t0,x0,x1,c 0.218648 2454416.2580615203 8.654846209843855e-05 -0.0073030740167879535 -0.07166013707697924 0.03674083197855416 "" 0.44896550569683313 1.6349192580873615e-06 0.5077630876352439 0.017219679215025617 "" 36.49 51.0 -19.54 1.058 "Minimization exited successfully."
2017 all salt2 20 75 t0,x0,x1,c 0.261621 2453636.336445632 5.347774956528272e-05 1.292338626851459 -0.11639307464404523 0.057619922376028976 "" 0.5251326719298959 2.3559559083906564e-06 0.5298880057391845 0.032312435420256386 "" 56.33 81.0 -19.46 0.831 "Minimization exited successfully."
20184 all salt2 75 25 t0,x0,x1,c 0.316413 2454415.046562591 2.3793675273451164e-05 0.5896136893120663 -0.02182260446957252 0.0215418385898472 "" 1.0647121218498796 1.8108064728306957e-06 1.3542253705120677 0.0511741577230301 "" 167.2 56.0 -19.06 0.947 "Minimization exited successfully."
20186 all salt2 65 30 t0,x0,x1,c 0.352358 2454411.9501755214 2.3333848708046914e-05 0.8168686060041644 -0.1188636048699957 0.02267966545781634 "" 0.8848848603665829 1.3593480393359946e-06 0.9986086417601131 0.0434563573337506 "" 38.89 61.0 -19.31 0.912 "Minimization exited successfully."
20208 all salt2 79 28 t0,x0,x1,c 0.042445 2454407.2790482854 7.685422003055163e-05 -2.9690340025982485 0.19529217546291733 0.029994915591285795 "" 0.27151829190552235 2.614784223719073e-06 0.24886207263963933 0.029338218249599517 "" 179.36 53.0 -15.6 1.765 "Minimization exited successfully."
20227 all salt2 65 25 t0,x0,x1,c 0.275735 2454409.038923033 4.422674670266008e-05 -1.0656647517790159 -0.1490455294215607 0.03629444214866842 "" 0.5222152327187359 1.2939575932192657e-06 0.45060100520534974 0.030402539525329595 "" 35.35 51.0 -19.38 1.281 "Minimization exited successfully."
20245 all salt2 55 30 t0,x0,x1,c 0.30041 2454412.3398543694 3.86804618282969e-05 -0.8427216203347622 0.007527118260337783 0.07087029791267221 "" 0.5482655237428844 1.845219331481136e-06 0.8185090555191263 0.04085120007830819 "" 35.66 56.0 -19.45 1.221 "Minimization exited successfully."
2030 all salt2 0 89 t0,x0,x1,c 0.232382 2453614.9228633153 7.310556042986919e-05 1.4068392895897344 0.01623255928687173 0.06458044651301555 "" 3.074552438687533 1.0834502293538072e-05 0.6539103925525427 0.05483955377500919 "" 99.65 55.0 -19.51 0.808 "Minimization exited successfully."
2031 all salt2 25 65 t0,x0,x1,c 0.151859 2453637.463136191 0.00023502618147168064 0.5313647789905178 -0.13091552866130282 0.06267246814232916 "" 0.13187330402433872 2.7163702412162758e-06 0.13551199859953517 0.009753510160651612 "" 125.6 56.0 -19.75 0.962 "Minimization exited successfully."
20345 all salt2 85 19 t0,x0,x1,c 0.263567 2454418.987033788 5.614221700525757e-05 -1.3231289296110056 -0.14074399390029124 0.014486484952834795 "" 0.47712936089374125 1.3599767835135686e-06 0.4487632237047652 0.02610962321789313 "" 64.62 55.0 -19.53 1.34 "Minimization exited successfully."
20350 all salt2 65 35 t0,x0,x1,c 0.12826 2454412.1682818127 0.00010704111585420785 -3.2140154524100373 0.037027452341596274 0.0789262909931111 "" 0.17564032692462206 2.2330131269014053e-06 0.3360144185520767 0.02126621902958108 "" 71.02 40.0 -18.49 1.879 "Minimization exited successfully."
20364 all salt2 85 24 t0,x0,x1,c 0.217279 2454420.29936339 6.557943551707675e-05 0.27311697633367754 0.01897118019598034 0.021822312731717718 "" 0.7749091112054884 1.7972258993034739e-06 0.7247782238533365 0.02677608318389173 "" 64.32 55.0 -19.22 1.002 "Minimization exited successfully."
20376 all salt2 80 25 t0,x0,x1,c 0.208309 2454415.753287715 5.719929920555443e-05 -1.0900490438165311 0.17001617062844585 0.05102439212779077 "" 0.4961409540846944 1.6380727761710758e-06 0.5758381829007754 0.027574910640282318 "" 84.01 51.0 -18.97 1.262 "Minimization exited successfully."
20430 all salt2 65 15 t0,x0,x1,c 0.162837 2454415.5421329224 8.82710625514329e-05 -1.3676459622175667 0.010449394709368237 0.07725313257624927 "" 0.3110882940236479 1.8444654221265624e-06 0.42709382805428625 0.02136867754030796 "" 23.96 36.0 -18.85 1.338 "Minimization exited successfully."
20432 all salt2 65 20 t0,x0,x1,c 0.301646 2454412.60000318 3.088675576972544e-05 1.3799191667108917 0.0512522708339761 0.07177289957123195 "" 19.402449648594484 1.5705302645940817e-06 1.1699292906912309 0.039723831443189306 "" 33.99 56.0 -19.22 0.811 "Minimization exited successfully."
20470 all salt2 85 10 t0,x0,x1,c 0.124405 2454419.739810507 0.00017330597557901585 0.6902023865068332 0.06939201785725468 0.10096709034818921 "" 0.36412234092131257 2.5367731326646434e-06 0.40604441886843495 0.01826983239547256 "" 69.2 32.0 -18.94 0.926 "Minimization exited successfully."
20528 all salt2 72 20 t0,x0,x1,c 0.134897 2454416.2496425794 0.00016736682454670293 -0.08238503017323495 0.06025108419858635 0.05795178483718014 "" 0.1743597041349858 1.7482890285606882e-06 0.25683361644128005 0.011436886570107942 "" 129.63 39.0 -19.1 1.065 "Minimization exited successfully."
20533 all salt2 83 10 t0,x0,x1,c 0.30131 2454422.2620952846 4.713769403560334e-05 -0.2397655114286499 -0.1444699372143122 0.0850445067150292 "" 0.9844905922655016 1.6876623534871003e-06 0.9440281984775953 0.031133956559898226 "" 37.49 46.0 -19.68 1.107 "Minimization exited successfully."
20575 all salt2 70 15 t0,x0,x1,c 0.197347 2454416.0195289315 0.00010043240601869107 -0.4624140191322616 -0.023936526260216206 0.051340428442961286 "" 0.34307308634743094 1.874627128035312e-06 0.4134426069380826 0.018444465255119242 "" 227.23 51.0 -19.45 1.144 "Minimization exited successfully."
20581 all salt2 70 15 t0,x0,x1,c 0.203353 2454417.266383245 9.932609994314597e-05 -0.5487139305966716 -0.11711587790315181 0.061294926270767255 "" 0.36119466344825923 1.6559199963368563e-06 0.39540821514243957 0.01639180338532474 "" 53.5 41.0 -19.51 1.167 "Minimization exited successfully."
20625 all salt2 85 10 t0,x0,x1,c 0.106834 2454424.0360368537 0.0002892954371693307 -0.02583758632776859 -0.006570309857278156 0.02102879567571979 "" 0.15305494028143585 3.739818266147273e-06 0.1582144863268433 0.01093563471857611 "" 31.28 36.0 -19.14 1.058 "Minimization exited successfully."
20687 all salt2 85 25 t0,x0,x1,c 0.19025 2454419.495284488 6.47802409878192e-05 -2.177943805756194 0.22033816360764516 0.019488867724325228 "" 0.493146417895332 1.9492086120584552e-06 0.4248396288818582 0.0326672474303295 "" 224.26 44.0 -18.89 1.521 "Minimization exited successfully."
20764 all salt2 87 14 t0,x0,x1,c 0.164775 2454422.0091863 0.0001388309752885986 -1.5408478676784412 -0.11445149224336663 0.02749685490434095 "" 0.2828341454733163 2.3550451400045377e-06 0.26524474779692814 0.018453977490186707 "" 45.4 33.0 -19.37 1.39 "Minimization exited successfully."
20768 all salt2 80 16 t0,x0,x1,c 0.23734 2454417.3145599673 3.0158993137747017e-05 -0.9337836863414445 0.04373502722576998 0.02881794009617629 "" 0.6776323786471039 1.387040292479239e-06 0.9430434491046222 0.046932273826810374 "" 57.51 52.0 -18.6 1.238 "Minimization exited successfully."
20821 all salt2 59 25 t0,x0,x1,c 0.194437 2454411.762003108 3.430715127127848e-05 -0.8170166375103268 0.2130204910550218 0.121655052779954 "" 0.8054071448277682 2.039537944731117e-06 0.9035222081194211 0.05797203326699298 "" 54.42 55.0 -18.25 1.2 "Minimization exited successfully."
20829 all salt2 70 10 t0,x0,x1,c 0.303351 2454419.812865354 4.1354560792099536e-05 -0.2517273290569603 -0.2023849867004935 0.07287418416481542 "" 0.7998650236986578 1.9409395508164373e-06 0.9444191977885151 0.03358163743786605 "" 23.08 36.0 -19.55 1.112 "Minimization exited successfully."
20834 all salt2 84 5 t0,x0,x1,c 0.1896 2454424.538307409 5.2419122559185213e-05 -0.13998960995787368 0.04057155762213213 0.03715407044343591 "" 1.6064801493193954 1.9496394771476682e-06 1.420952526668536 0.0435081411352191 "" 33.31 28.0 -18.65 1.077 "Minimization exited successfully."
20862 all salt2 74 0 t0,x0,x1,c 0.264545 2454424.2528103 4.756696378107237e-05 0.7896014153754288 -0.0767406791701477 0.02940999376140524 "" 1.4854416134767234 1.881850915366999e-06 1.272420935030209 0.03445536009698833 "" 37.64 31.0 -19.36 0.915 "Minimization exited successfully."
20889 all salt2 73 20 t0,x0,x1,c 0.208746 2454417.6358075207 4.661355531726678e-05 -1.4140003102908907 0.1341517975753008 0.13301382736130796 "" 0.674984319601208 1.9778422925831572e-06 1.0562900998147895 0.04071878231964722 "" 39.93 51.0 -18.76 1.338 "Minimization exited successfully."
20934 all salt2 88 5 t0,x0,x1,c 0.300916 2454423.062233842 4.4615291620406024e-05 0.03490081735774291 -0.11296801914827331 0.032259735068162196 "" 0.8608051675837487 1.4302503271378608e-06 0.818690412260922 0.027551870569235568 "" 35.61 41.0 -19.61 1.052 "Minimization exited successfully."
20978 all salt2 94 0 t0,x0,x1,c 0.322901 2454426.8665207545 4.0236557935606914e-05 4.464637593485951 -0.10822026753028456 0.031475106677050474 "" 0.5876948940567672 2.2904531081284984e-06 0.9592666584227697 0.02093085861602421 "" 51.28 41.0 -19.71 0.229 "Minimization exited successfully."
21006 all salt2 70 25 t0,x0,x1,c 0.290206 2454415.7138293213 5.115654573355891e-05 -0.14224994992550116 -0.13130890464852368 0.064411921436031 "" 0.5213250578381121 1.5129376864274546e-06 0.7845085565792433 0.02446585416521164 "" 76.92 61.0 -19.67 1.087 "Minimization exited successfully."
2102 all salt2 0 89 t0,x0,x1,c 0.094009 2453620.8224216592 0.0006067949018026586 1.2572088111499278 -0.11138787571141268 0.07600269653121627 "" 0.27413308061659336 6.911909991109599e-06 0.12136630696788796 0.006931277112099218 "" 60.93 43.0 -19.65 0.837 "Minimization exited successfully."
