results/sdss_sako18_simple_fit_class.ecsv
# %ECSV 0.9
# ---
# datatype:
# - {name: obj_id, datatype: string}
# - {name: x, datatype: float64}
# - {name: y, datatype: float64}
# schema: astropy-2.0
obj_id x y
[from data line 1399]
779 -1.0475013668671405 -0.7673921200750469
7802 -4.196039215686273 -0.4534722222222223
7824 -0.13533405172413793 -0.6775
7835 -0.26418181818181796 -0.12209090909090925
7841 -0.15109090909090916 -0.19745454545454555
7847 -0.8891654135338346 -0.32413461538461563
7857 -0.22457556935817813 0.029090909090909167
7876 -126.82277777777777 -26.538148148148146
7882 -0.9512222222222223 -0.35144444444444445
7884 -0.1600189393939393 -0.12704545454545446
7919 -0.4996315789473683 -0.26945701357466056
7939 0.16926868044515064 0.3121474358974359
7947 -0.3099038461538465 -0.1268589743589743
7954 -0.29783928571428553 -0.2825465838509318
8004 -0.07854187192118223 -0.48626666666666685
8030 -0.10567857142857162 -0.08300000000000007
8046 -0.7647863247863247 -0.49105769230769236
8062 -0.10592803030303044 -0.2140151515151516
8086 -1.3538345864661652 0.2234188034188036
8114 -0.32670426065162883 -0.12188888888888894
8128 -0.28189393939393903 -0.15999999999999992
8138 -0.44452777777777785 -0.14822222222222203
8151 -215.48848214285715 640.1261309523809
8160 -0.19162500000000016 -0.0245833333333334
8165 -0.415888888888889 -0.08931250000000013
8195 -0.8900284629981026 -0.589590909090909
8196 -0.1933583959899745 0.2695757575757576
8213 -1.2788690476190476 -0.558392857142857
8216 -0.23025616698292195 -0.13577272727272727
822 -0.40726399095534194 -0.07977380952380964
8254 -1.2315384615384615 -0.556875
8264 -0.24291666666666656 -0.262013888888889
8280 -0.6331481481481481 -0.3309444444444445
8351 -0.27256818181818177 -0.39381818181818184
841 -0.5382105263157895 -0.10490789473684214
8421 -0.23604545454545445 -0.18045454545454565
8495 -4.6685185185185185 -0.26
8555 -0.6165740740740742 -0.22311111111111126
859 -0.4902068965517239 -0.36609210526315783
8598 -0.03279098873592001 -0.06179487179487175
8600 -0.14822802197802176 -0.06489010989011001
8651 -0.0029536921151439577 -0.15916666666666668
8662 -0.044674329501915855 -0.038956043956043906
8675 -0.10781204819277102 -0.12037593984962414
8700 -0.31189560439560426 -0.13923076923076927
8705 -0.1153061900033101 -0.20291208791208803
8707 -0.22820156605203334 -0.09440476190476188
8719 -104.62955357142857 -7.5964285714285715
8730 -0.48083333333333333 -0.009015151515151476
8742 -5.885238095238094 -0.230089285714286
8793 -0.27440909090909127 -0.1826363636363636
8888 -0.19080555555555545 -0.9169999999999998
8921 -18.205423387096772 -0.839375
893 -0.4854824561403508 -0.21530214424951266
9020 -0.22110766045548647 -0.06492424242424233
9032 -1.6760079575596813 -0.15627777777777796
904 -0.2629824561403509 -0.09257309941520464
9045 -0.46857142857142864 -0.28208333333333346
9109 -2.431962962962963 -0.1410555555555555
911 -0.23171428571428576 -0.1419001701644922
9118 -0.23912121212121207 4.765045454545454
9133 -0.5026851851851852 -0.31576388888888896
9155 -0.7796296296296295 -0.4655555555555555
9194 -0.26666666666666683 -0.7300000000000002
9207 -1.1185648148148146 -0.18652777777777785
9273 -0.7343977591036415 0.7842087542087541
932 -0.5100701540338572 0.0
9324 -0.5064236111111109 -0.22611111111111115
9326 -1.384385964912281 -0.7440540540540539
9334 -0.18492419248516812 -0.08546365914786969
9424 -0.13778787878787857 -0.20363636363636373
9457 -4.524782608695651 -2.5810416666666667
9467 -0.9733333333333329 -0.2983900928792569
9557 -0.0767545787545787 -0.25722222222222224
9558 -0.1182727272727272 -0.2844545454545455
9594 -0.5901190476190474 -1.7816071428571432
9633 -0.33886446886446875 -0.3771153846153845
9704 -0.09525925925925927 -0.0591666666666667
9740 -0.14409090909090905 -0.7047727272727276
9817 -1.3182539682539682 -1.0492857142857144
986 0.009430592991913622 -0.28888803088803083
9954 -8.358492063492063 -3.475476190476191
9962 -0.1293333333333334 -0.10236363636363621
