results/spec_class/sdss_sako18spec_rv3_1_bin5.0_methgauss_step5.ecsv
# %ECSV 0.9
# ---
# datatype:
# - {name: obj_id, datatype: string}
# - {name: sid, datatype: string}
# - {name: date, datatype: string}
# - {name: type, datatype: string}
# - {name: feat_name, datatype: string}
# - {name: feat_start, datatype: float64}
# - {name: feat_end, datatype: float64}
# - {name: vel, datatype: float64}
# - {name: vel_err, datatype: float64}
# - {name: vel_samperr, datatype: float64}
# - {name: pew, datatype: float64}
# - {name: pew_err, datatype: float64}
# - {name: pew_samperr, datatype: float64}
# - {name: area, datatype: float64}
# - {name: area_err, datatype: float64}
# - {name: area_samperr, datatype: float64}
# - {name: msg, datatype: string}
# meta: !!omap
# - {bin_size: 5.0}
# - {method: gauss}
# - {nstep: 5}
# - {rv: 3.1}
# schema: astropy-2.0
obj_id sid date type feat_name feat_start feat_end vel vel_err vel_samperr pew pew_err pew_samperr area area_err area_samperr msg
[from data line 819]
7475 418 2005-11-05 Ia pW6 5551.294771495257 5855.261719848846 12902.900654971922 0.0 0.0 41.193077431208565 0.0 2.5109181584261995 2.6004792937534745e-15 0.0 1.811010498715057e-16 ""
7475 448 2005-11-05 Ia pW7 5840.442031795269 6228.18922062815 19414.778422550764 0.0 0.0 43.232793743467234 0.0 4.149818673704333 0.19369997200252428 0.0 0.023068680360206578 ""
7475 448 2005-11-05 Ia pW6 5611.731775882125 5844.985944164405 11494.04061964926 0.0 0.0 14.935959211471602 0.0 1.1598850228012811 0.09193053277812042 0.0 0.007593380831655823 ""
7512 449 2005-11-05 Ia pW7 5801.302912881141 6416.891082753928 10174.862703459645 0.0 0.0 185.96640693986555 0.0 6.48561453315898 0.6012334874597255 0.0 0.030242282492537555 ""
7512 449 2005-11-05 Ia pW6 5604.314698521849 5802.944481334135 nan nan nan nan nan nan nan nan nan "Optimal parameters not found: Number of calls to function has reached maxfev = 1000."
762 61 2005-09-09 Ia pW6 5609.558269138593 5837.489017750141 12206.653838778784 0.0 0.0 5.2906716195784576 0.0 0.5680829537971341 1.8021941665773743e-16 0.0 1.9734180274535272e-17 ""
762 61 2005-09-09 Ia pW7 5837.489017750141 6305.561090791706 9650.637716354246 0.0 0.0 51.21774343400016 0.0 2.5360109370783346 1.6784574272983168e-15 0.0 9.452272825578867e-17 ""
774 62 2005-09-09 Ia pW6 5551.245534074006 5855.064134681668 13631.057944424583 0.0 0.0 25.247776707725453 0.0 0.7736683369194862 2.3920998730144895e-15 0.0 8.021362108197025e-17 ""
774 62 2005-09-09 Ia pW7 5855.064134681668 6371.777521116603 10202.839622649211 0.0 0.0 35.86999714698902 0.0 1.2901521859066893 3.4006722779010104e-15 0.0 1.3196924652101424e-16 ""
7779 430 2005-11-05 Ia pW6 5315.531963936231 5315.531963936231 nan nan nan nan nan nan nan nan nan "Range too small. Please select a wider range"
7779 430 2005-11-05 Ia pW7 5874.410976264433 5874.410976264433 nan nan nan nan nan nan nan nan nan "Range too small. Please select a wider range"
7876 435 2005-11-06 Ia pW6 5574.648823656649 5830.573874346338 12006.37681115526 0.0 0.0 6.252918594596271 0.0 1.5437777092342722 8.193904784239542e-16 0.0 2.081425035937796e-16 ""
7876 435 2005-11-06 Ia pW7 5830.573874346338 6304.035218122256 12764.249432098863 0.0 0.0 72.73040839938355 0.0 1.6039752211058755 8.453149107807092e-15 0.0 2.227397619281574e-16 ""
7947 420 2005-11-03 Ia? pW7 5977.605515455194 6291.10626076914 9820.922231756762 0.0 0.0 100.29786610284468 0.0 2.473411459235932 1.6381036041889022e-15 0.0 6.00350826643766e-17 ""
7947 420 2005-11-03 Ia? pW6 5604.704628923873 5977.605515455194 10361.796138163148 0.0 0.0 109.73361253681142 0.0 3.9995592911417583 1.6405147357524844e-15 0.0 8.879007398787782e-17 ""
8030 431 2005-11-05 Ia pW6 5584.037606380595 5926.813008304416 nan nan nan nan nan nan nan nan nan "Optimal parameters not found: Number of calls to function has reached maxfev = 1000."
8030 431 2005-11-05 Ia pW7 5926.813008304416 6279.10994917057 11913.519865136503 0.0 0.0 176.69573235518368 0.0 8.260985769805329 1.3027214658887143e-14 0.0 1.2435581780089886e-15 ""
8151 391 2005-11-06 Ia pW6 5597.717802955431 5999.3160919994625 7313.134441647578 0.0 0.0 22.091191792523002 0.0 1.144613825098737 2.2319432879667076e-14 0.0 1.220756687402309e-15 ""
8151 391 2005-11-06 Ia pW7 5999.3160919994625 6360.443235635955 5658.555639595828 0.0 0.0 12.662094930716531 0.0 1.148802352763101 1.1297376552748897e-14 0.0 1.0865474603159727e-15 ""
8151 455 2005-11-06 Ia pW6 5592.540307228196 6021.011009760137 8036.308025004537 0.0 0.0 25.106709842911567 0.0 1.1376944080442597 2.990643524008766e-14 0.0 1.4475276443731704e-15 ""
8151 455 2005-11-06 Ia pW7 6021.011009760137 6365.702524646166 5486.1242969608975 0.0 0.0 18.415034379553287 0.0 0.9190961368968986 1.9141605376788944e-14 0.0 1.0237651336993596e-15 ""
8151 480 2005-11-10 Ia pW6 5610.004044850617 5917.656240824346 9898.996206793061 0.0 0.0 20.76772850748284 0.0 0.2015965414130389 2.8902909163440256e-14 0.0 3.0108089909473294e-16 ""
8151 480 2005-11-10 Ia pW7 5917.656240824346 6344.267285907917 8815.166691116909 0.0 0.0 65.97367469863897 0.0 0.5914703165425651 7.515883242346991e-14 0.0 8.085490151845254e-16 ""
8151 567 2005-11-14 Ia pW6 5617.736995538241 5893.464276886162 10353.57321480728 0.0 0.0 22.30321294516379 0.0 0.7507879310627003 4.600332070274341e-14 0.0 1.6849124066732942e-15 ""
8151 567 2005-11-14 Ia pW7 5893.464276886162 6399.469287711468 nan nan nan nan nan nan nan nan nan "Optimal parameters not found: Number of calls to function has reached maxfev = 1000."
8598 454 2005-11-06 Ia pW6 5504.980198706299 5813.3190566243575 12630.386864239463 0.0 0.0 162.17284108439335 0.0 6.631666608201778 4.540655702870239e-16 0.0 4.744693640747351e-17 ""
8598 454 2005-11-06 Ia pW7 5810.00358503384 6436.627715641509 6308.709505068633 0.0 0.0 338.6315069247266 0.0 25.76785806576937 1.0680675364101167e-15 0.0 1.6883170942729281e-16 ""
8921 504 2005-11-24 Ia pW6 5622.8940947053 5914.970121205269 11992.504667879946 0.0 0.0 22.36963217590064 0.0 1.3772007647874223 3.050537811142117e-15 0.0 1.9812540316491825e-16 ""
8921 504 2005-11-24 Ia pW7 5914.970121205269 6363.666625683489 8276.719049319765 0.0 0.0 40.75040060307365 0.0 2.194121606922591 4.819251649498137e-15 0.0 2.8666386884077526e-16 ""
9457 514 2005-11-23 Ia pW6 5552.897165196842 5800.507387202111 15234.748893280437 0.0 0.0 22.099883644489747 0.0 5.546405899026176 6.38499998506011e-17 0.0 1.7469656433997745e-17 ""
9457 514 2005-11-23 Ia pW7 5800.507387202111 6206.013982660006 14808.314924378215 0.0 0.0 104.6528614905044 0.0 19.22299556547566 3.0074411646090727e-16 0.0 7.685666183218401e-17 ""
