results/spec_class/sdss_sako18spec_rv3_1_bin5.0_methgauss_step5.ecsv
# %ECSV 0.9
# ---
# datatype:
# - {name: obj_id, datatype: string}
# - {name: sid, datatype: string}
# - {name: date, datatype: string}
# - {name: type, datatype: string}
# - {name: feat_name, datatype: string}
# - {name: feat_start, datatype: float64}
# - {name: feat_end, datatype: float64}
# - {name: vel, datatype: float64}
# - {name: vel_err, datatype: float64}
# - {name: vel_samperr, datatype: float64}
# - {name: pew, datatype: float64}
# - {name: pew_err, datatype: float64}
# - {name: pew_samperr, datatype: float64}
# - {name: area, datatype: float64}
# - {name: area_err, datatype: float64}
# - {name: area_samperr, datatype: float64}
# - {name: msg, datatype: string}
# meta: !!omap
# - {bin_size: 5.0}
# - {method: gauss}
# - {nstep: 5}
# - {rv: 3.1}
# schema: astropy-2.0
obj_id sid date type feat_name feat_start feat_end vel vel_err vel_samperr pew pew_err pew_samperr area area_err area_samperr msg
10096 532 2005-11-26 Ia pW6 5651.18828689816 5885.0877455622585 7607.291965358945 0.0 0.0 9.38064130544843 0.0 1.2275952750740275 8.603846863745067e-16 0.0 1.1772968421153113e-16 ""
10096 532 2005-11-26 Ia pW7 5885.0877455622585 6319.151164044682 8571.577005967498 0.0 0.0 38.48134821334291 0.0 2.4417800507657965 3.602613834780379e-15 0.0 2.480660943354851e-16 ""
10434 505 2005-11-24 Ia pW6 5641.615828324945 5970.899193420981 8523.125784561491 0.0 0.0 33.70691644429929 0.0 1.5713335057584592 3.3640034097871137e-15 0.0 1.7363171480134257e-16 ""
10434 505 2005-11-24 Ia pW7 5970.899193420981 6401.16279047981 8844.113771577076 0.0 0.0 109.14929369805193 0.0 1.5498064692270341 9.817423909326383e-15 0.0 1.8691272505423263e-16 ""
10449 546 2005-11-27 Ia pW6 5637.1995571807975 5935.511966583546 9200.152932861365 0.0 0.0 38.07060999257034 0.0 2.3943837243988333 2.5930378995725163e-16 0.0 1.84817511913469e-17 ""
10449 546 2005-11-27 Ia pW7 5934.4311245204935 6301.917425958663 9569.950298379523 0.0 0.0 70.18654012744825 0.0 3.0693769756761893 4.041324162117304e-16 0.0 2.211343097750886e-17 ""
10805 495 2005-11-22 Ia pW6 5607.798961454767 5857.440534315735 11502.525403383957 0.0 0.0 5.918994817472474 0.0 0.44546543679092115 4.182697966480491e-15 0.0 3.2309057247852285e-16 ""
10805 495 2005-11-22 Ia pW7 5857.440534315735 6306.795365465493 11721.614796382686 0.0 0.0 59.08803097011009 0.0 1.2783938262782322 3.685999803230252e-14 0.0 9.216907577276598e-16 ""
11067 549 2005-12-04 Ia pW7 5824.997305669312 6184.8704963301925 19123.884342512287 0.0 0.0 52.309631780022066 0.0 13.6257058895507 1.878926988660859e-15 0.0 5.937379085591559e-16 ""
11067 549 2005-12-04 Ia pW6 5551.84054649297 5829.333127243536 14778.334652612299 0.0 0.0 32.80917122302795 0.0 1.2585401156727845 1.4350096365868254e-15 0.0 6.268247514752855e-17 ""
11206 560 2005-12-02 Ia pW7 6480.634515306783 6480.634515306783 nan nan nan nan nan nan nan nan nan "Range too small. Please select a wider range"
11206 560 2005-12-02 Ia pW6 5463.107968793534 5463.107968793534 nan nan nan nan nan nan nan nan nan "Range too small. Please select a wider range"
11300 506 2005-11-24 Ia pW7 5795.407100743032 6151.528401815348 17911.993914771057 0.0 0.0 82.57302976216789 0.0 7.664874674401498 1.820622008400511e-15 0.0 2.14992306566615e-16 ""
11300 506 2005-11-24 Ia pW6 5639.73731045394 5801.80448938505 nan nan nan nan nan nan nan nan nan "Optimal parameters not found: Number of calls to function has reached maxfev = 1000."
11452 557 2005-12-02 Ia pW6 5550.289886369387 5894.115826224742 9436.815077283924 0.0 0.0 49.075393639100824 0.0 6.6018759307943355 4.1125673909957325e-16 0.0 6.079799687558212e-17 ""
11452 557 2005-12-02 Ia pW7 5894.115826224742 6387.280305613221 11441.291456661178 0.0 0.0 204.2402758236891 0.0 9.098129667841794 1.5347421905305657e-15 0.0 9.486448970431704e-17 ""
11557 554 2005-12-01 Ia pW7 5900.06926280873 6266.644560582429 11046.042989251071 0.0 0.0 89.41304403143249 0.0 6.908237715384559 4.200647672514872e-16 0.0 4.6899460863501766e-17 ""
11557 554 2005-12-01 Ia pW6 5553.131927415765 5900.06926280873 12178.920167691675 0.0 0.0 79.56007336305923 0.0 9.158663087257036 4.481238491109998e-16 0.0 6.745745079547218e-17 ""
11650 559 2005-12-03 Ia pW6 5682.871879665035 5888.568558201818 9419.588891630046 0.0 0.0 45.91444239550629 0.0 2.8658486409836934 2.7162946223440255e-16 0.0 2.210366434474506e-17 ""
11650 559 2005-12-03 Ia pW7 5888.568558201818 6342.519848765751 9532.4183735342 0.0 0.0 174.94808000841138 0.0 5.824215371935511 9.403349527473003e-16 0.0 5.2936528612690673e-17 ""
1166 190 2005-09-28 Ia pW7 5970.390577974014 6432.721137658201 10126.509260134497 0.0 0.0 151.9226428035677 0.0 8.571430861881659 1.9214429232384841e-16 0.0 1.6239002568111968e-17 ""
1166 190 2005-09-28 Ia pW6 5588.133764709357 5970.390577974014 14168.131720182333 0.0 0.0 65.78983157607395 0.0 6.456862449534749 9.13598074072516e-17 0.0 1.0670584355269374e-17 ""
11864 555 2005-12-01 Ia pW6 5584.328081374668 5837.428009803012 15796.687473371452 0.0 0.0 26.24594660021202 0.0 5.114368287228022 3.2250498289934585e-16 0.0 6.683107762738664e-17 ""
11864 555 2005-12-01 Ia pW7 5837.428009803012 6458.042902798553 9463.710620657828 0.0 0.0 217.72422066926822 0.0 16.724122180481203 2.292965009031606e-15 0.0 2.737551224187445e-16 ""
12136 563 2005-12-07 Ia pW7 5901.59737528779 6359.839738204717 5644.958040767079 0.0 0.0 170.72244926687424 0.0 16.915126579793295 1.5649372598450883e-15 0.0 2.1381526593699225e-16 ""
12136 563 2005-12-07 Ia pW6 5560.424229174457 5904.9422100536085 9266.013013255219 0.0 0.0 103.4637167956439 0.0 8.904945392128669 1.1817889871776746e-15 0.0 1.5631269709406707e-16 ""
1241 112 2005-09-23 Ia pW6 5565.941888467961 5996.7667211117005 9908.257306396636 0.0 0.0 55.55334170036086 0.0 2.8701338896255746 3.424053074406503e-15 0.0 2.0354233622441625e-16 ""
1241 112 2005-09-23 Ia pW7 5996.7667211117005 6311.214899499273 10344.634961606025 0.0 0.0 123.57351740404609 0.0 1.092201844487576 6.681258720867811e-15 0.0 9.89072647260474e-17 ""
1253 140 2005-09-24 Ia pW6 5554.456675346706 5962.334291780745 11306.156344932178 0.0 0.0 69.55593458637303 0.0 2.8796121554089416 9.91210249721579e-16 0.0 4.904106251467133e-17 ""
1253 140 2005-09-24 Ia pW7 5962.334291780745 6299.820126023745 10211.564596469887 0.0 0.0 111.04967918791783 0.0 3.717190187261282 1.529091201486631e-15 0.0 7.599081009535458e-17 ""
1253 86 2005-09-26 Ia pW6 5618.761551879957 5822.348871390061 nan nan nan nan nan nan nan nan nan "Optimal parameters not found: Number of calls to function has reached maxfev = 1000."
1253 86 2005-09-26 Ia pW7 5822.348871390061 6275.955706088009 13337.272267954997 0.0 0.0 54.87552521612071 0.0 6.636208696298208 8.51959388104192e-16 0.0 1.2155639799717934e-16 ""
12781 680 2006-09-13 Ia pW6 5564.99780273024 5899.159646157929 10743.123362168639 0.0 0.0 53.84519108562056 0.0 1.0721506818284259 1.6124811146904982e-15 0.0 3.883727218618953e-17 ""
12781 680 2006-09-13 Ia pW7 5899.159646157929 6432.003260456578 8706.914034376747 0.0 0.0 109.49921878180007 0.0 1.2663601328757097 3.1677528908891256e-15 0.0 4.6270040292519e-17 ""
12843 683 2006-09-13 Ia pW7 5832.941008771413 6303.25508830376 10169.287450454483 0.0 0.0 64.86445822888155 0.0 2.3669898079638525 1.2442808133282115e-15 0.0 5.446189839370158e-17 ""
12843 683 2006-09-13 Ia pW6 5551.974156063782 5832.941008771413 10763.270910204143 0.0 0.0 7.568532505510398 0.0 0.6187670749666465 1.6141629789737167e-16 0.0 1.364635687072295e-17 ""
12843 727 2006-09-16 Ia pW6 5552.900816484932 5847.9631289644485 12917.699716912424 0.0 0.0 30.001016552754233 0.0 2.079384001682161 5.534048481030107e-16 0.0 4.2772308735557726e-17 ""
12843 727 2006-09-16 Ia pW7 5847.9631289644485 6321.71172014294 10535.775011051128 0.0 0.0 96.27240732378235 0.0 2.1601143096512914 1.7054255330882972e-15 0.0 4.748055246708281e-17 ""
12844 684 2006-09-16 Ia-pec pW7 5867.498258221509 6375.815188647551 11498.503081985218 0.0 0.0 19.49014822217593 0.0 2.1528522909161305 3.02382419368283e-15 0.0 3.465323255392559e-16 ""
12844 684 2006-09-16 Ia-pec pW6 5559.647827797093 5870.82292598634 12579.45377422256 0.0 0.0 5.92811405135515 0.0 1.003267195507102 9.68833646423403e-16 0.0 1.6647712698089782e-16 ""
12856 695 2006-09-15 Ia pW7 5942.23046226846 6334.554618127222 10150.336529342523 0.0 0.0 27.40155324516882 0.0 1.4307756012435808 8.729171915965288e-16 0.0 4.8946664651349594e-17 ""
12856 695 2006-09-15 Ia pW6 5693.438148831266 5951.468279319165 4691.50767550085 0.0 0.0 4.393840577437519 0.0 0.4145116658214003 1.4346054247447487e-16 0.0 1.3723929877914739e-17 ""
12860 688 2006-09-13 Ia pW6 5688.393611267629 5933.933857315476 9235.011201263009 0.0 0.0 11.337314714703307 0.0 1.0370475959550987 3.437399152537268e-16 0.0 3.310228273244547e-17 ""
12860 688 2006-09-13 Ia pW7 5933.933857315476 6386.782324954445 9948.11939220241 0.0 0.0 64.93951346265257 0.0 0.42429605247662766 1.883929958388334e-15 0.0 1.4372887756544482e-17 ""
12860 721 2006-09-15 Ia pW6 nan nan nan nan nan nan nan nan nan nan nan "Feature not in spectral wavelength range."
12860 721 2006-09-15 Ia pW7 nan nan nan nan nan nan nan nan nan nan nan "Feature not in spectral wavelength range."
12874 689 2006-09-13 Ia pW7 5815.629263002047 6226.961144597726 14915.674640011646 0.0 0.0 19.05096811044255 0.0 4.622752959369616 5.758972949736769e-16 0.0 1.4614210269907927e-16 ""
12874 689 2006-09-13 Ia pW6 5566.057679976542 5821.4463106924595 nan nan nan nan nan nan nan nan nan "Optimal parameters not found: Number of calls to function has reached maxfev = 1000."
12897 719 2006-09-15 Ia pW7 5919.1605042001265 6532.5701653155365 5327.760666602596 0.0 0.0 108.42353811370668 0.0 3.0254426065885878 4.567441989828921e-14 0.0 1.5471576027418621e-15 ""
12897 719 2006-09-15 Ia pW6 5563.8782004795585 5919.1605042001265 13423.53298570958 0.0 0.0 72.75665002473512 0.0 1.5906528615876245 3.000479659906129e-14 0.0 8.401174362534579e-16 ""
12907 714 2006-09-17 Ia pW7 5834.85745689275 6462.33958701745 12095.127512996405 0.0 0.0 32.9531778972037 0.0 1.253627281057815 3.910204710390525e-15 0.0 1.5697402459422105e-16 ""
12907 714 2006-09-17 Ia pW6 5560.312959464694 5834.85745689275 14316.793772077841 0.0 0.0 5.748594852477884 0.0 0.4934696833150593 6.870904977733865e-16 0.0 6.028522752060235e-17 ""
12927 690 2006-09-14 Ia pW7 5861.1751768382155 6201.628156082642 14503.611812879342 0.0 0.0 26.518477959094742 0.0 0.5750365913726497 6.930183009417894e-16 0.0 1.6348789631909803e-17 ""
12927 690 2006-09-14 Ia pW6 5558.996375782342 5861.1751768382155 nan nan nan nan nan nan nan nan nan "Optimal parameters not found: Number of calls to function has reached maxfev = 1000."
12950 700 2006-09-17 Ia pW7 5944.060367831584 6318.4094958430705 9997.931074387845 0.0 0.0 69.43900697629468 0.0 1.0743065893104164 4.4493029244402616e-15 0.0 8.540176144011581e-17 ""
12950 700 2006-09-17 Ia pW6 5661.342654560135 5944.060367831584 9057.57175638374 0.0 0.0 14.793810012739309 0.0 0.9488591517336153 1.0180212358139925e-15 0.0 6.806861470682366e-17 ""
12977 772 2006-09-18 Ia pW7 5916.757355432826 6308.366960806363 9510.44787799098 0.0 0.0 74.88953422783747 0.0 1.4738961903894852 1.4176660164724108e-15 0.0 3.521098892860905e-17 ""
12977 772 2006-09-18 Ia pW6 5619.822599710035 5914.605654304399 9849.2125668851 0.0 0.0 15.515186995263324 0.0 0.9047359404532324 3.4521799489892363e-16 0.0 2.1162936167159793e-17 ""
13025 746 2006-09-17 Ia pW7 5881.015837404798 6355.00668886061 9407.087082598662 0.0 0.0 84.49717797377276 0.0 2.269635029039996 1.1174046363814778e-15 0.0 3.6514005706894603e-17 ""
13025 746 2006-09-17 Ia pW6 5627.999741872441 5881.015837404798 10671.063645332777 0.0 0.0 22.907811050962863 0.0 1.2869502057385902 3.6299139980676354e-16 0.0 2.253210457300166e-17 ""
13025 761 2006-09-17 Ia pW6 5569.873475035695 5843.964713393444 11747.809673244603 0.0 0.0 5.238982079127194 0.0 1.2818648372399504 6.890367665207903e-17 0.0 1.730805700191643e-17 ""
13025 761 2006-09-17 Ia pW7 5843.964713393444 6330.304781196895 8314.835444367234 0.0 0.0 64.11203235463962 0.0 2.044859304420245 7.582923370003641e-16 0.0 2.9267273362599614e-17 ""
13038 786 2006-09-17 Ia pW6 5563.013155021657 5917.829518049299 7787.68476246093 0.0 0.0 48.68711532059638 0.0 2.497429952726006 9.481797666645687e-15 0.0 5.588939727987178e-16 ""
13038 786 2006-09-17 Ia pW7 5917.829518049299 6329.87432672656 9975.673788298327 0.0 0.0 125.24589942295633 0.0 2.407192047866656 2.0617651126158563e-14 0.0 5.696438619906704e-16 ""
13045 734 2006-09-16 Ia pW6 5615.154351043148 5984.165034729 10565.117705883622 0.0 0.0 9.810793136019939 0.0 1.3039855223034267 2.909412661681236e-16 0.0 3.967900648270361e-17 ""
13045 734 2006-09-16 Ia pW7 5984.165034729 6340.173586346765 8948.798749671227 0.0 0.0 31.06213402759252 0.0 1.1637140018571142 9.337650984414147e-16 0.0 3.8321081096530435e-17 ""
13070 736 2006-09-17 Ia pW6 5638.368249864749 5854.791109540137 11491.784110103625 0.0 0.0 10.507034522748066 0.0 0.7134463644974997 3.405071258169135e-16 0.0 2.428639253013554e-17 ""
13070 736 2006-09-17 Ia pW7 5851.779061920444 6226.4219047892675 12595.66513095562 0.0 0.0 23.18624520166304 0.0 1.2703325547760305 6.95034645384855e-16 0.0 4.1559249919042697e-17 ""
13072 723 2006-09-16 Ia pW7 5975.9886676531405 6330.513594160647 9440.10819731266 0.0 0.0 112.57121637259051 0.0 3.8104121280187946 3.21979259791117e-16 0.0 1.6068601150601277e-17 ""
13072 723 2006-09-16 Ia pW6 5643.851305812968 5975.9886676531405 nan nan nan nan nan nan nan nan nan "Optimal parameters not found: Number of calls to function has reached maxfev = 1000."
13099 747 2006-09-17 Ia pW7 5849.607025155933 6333.806362482969 9564.752685409365 0.0 0.0 82.51118818528475 0.0 1.6010900895361868 8.023070011937632e-16 0.0 1.870489533563415e-17 ""
13099 747 2006-09-17 Ia pW6 5693.5164493070915 5849.607025155933 9794.90619925663 0.0 0.0 14.416258855356787 0.0 0.6859216026141145 1.5784947412223633e-16 0.0 8.20650550912899e-18 ""
13135 849 2006-09-24 Ia pW7 5917.542273692733 6338.864596488341 10682.783980773407 0.0 0.0 100.73035393805907 0.0 0.5891327432019816 1.1883757127817844e-14 0.0 9.222966206876806e-17 ""
13135 849 2006-09-24 Ia pW6 5651.659254452786 5917.542273692733 10472.508116966103 0.0 0.0 19.565146792305548 0.0 1.2037592502876096 2.535991518848209e-15 0.0 1.6718861086631986e-16 ""
13135 891 2006-09-28 Ia pW7 5863.227867928347 6327.572409345804 10214.334069087203 0.0 0.0 122.8219925559304 0.0 1.7739377478595628 5.9518882910007246e-15 0.0 1.2048864295594357e-16 ""
13135 891 2006-09-28 Ia pW6 5571.2747131449105 5863.227867928347 10545.205521857888 0.0 0.0 25.828634564877827 0.0 1.8222030458607565 1.5163613439449469e-15 0.0 1.193042128882263e-16 ""
13135 911 2006-09-27 Ia pW6 5682.090339219528 5883.979384693729 10323.781630422192 0.0 0.0 20.148303350181205 0.0 0.81700635335534 1.451082188518363e-15 0.0 6.500926275494199e-17 ""
13135 911 2006-09-27 Ia pW7 5883.979384693729 6309.270242782838 9791.67614756497 0.0 0.0 111.56354291949609 0.0 1.9345938315665532 7.093362825495237e-15 0.0 1.7207939967147913e-16 ""
13136 818 2006-09-20 Ia pW6 5229.578209060825 5229.578209060825 nan nan nan nan nan nan nan nan nan "Range too small. Please select a wider range"
13136 818 2006-09-20 Ia pW7 6543.0077340809285 6543.0077340809285 nan nan nan nan nan nan nan nan nan "Range too small. Please select a wider range"
13152 771 2006-09-18 Ia pW7 5884.883711741627 6302.6459843855855 9710.567062181173 0.0 0.0 29.171701114340316 0.0 1.686849614726681 9.21909325471237e-16 0.0 5.84529699649436e-17 ""
13152 771 2006-09-18 Ia pW6 5659.247404056917 5884.883711741627 10782.103030624492 0.0 0.0 4.58684015035112 0.0 0.47337522621043754 1.6988840475787147e-16 0.0 1.783628456398526e-17 ""
13174 766 2006-09-17 Ia? pW6 5725.329587316618 5836.503209006106 9597.263031295373 0.0 0.0 1.0698709018697825 0.0 0.2803793503416148 5.295397132753532e-17 0.0 1.3963609619516226e-17 ""
13174 766 2006-09-17 Ia? pW7 5836.503209006106 6294.8822048384345 18169.351043208895 0.0 0.0 18.186729513515235 0.0 1.0677897762418744 8.844735355730533e-16 0.0 5.415187672678178e-17 ""
13174 767 2006-09-17 Ia pW6 5685.069102713963 5844.807970586503 10398.424000938625 0.0 0.0 4.266846375752407 0.0 0.4162696642893056 1.8696599174250304e-16 0.0 1.8745041101112376e-17 ""
13174 767 2006-09-17 Ia pW7 5843.721311621386 6209.925382866609 17146.5134632544 0.0 0.0 14.535406869625941 0.0 1.3149799842714176 6.050412413416211e-16 0.0 5.774622441990516e-17 ""
13254 822 2006-09-21 Ia pW7 5818.8910501517075 6319.599853067804 19296.307479941363 0.0 0.0 15.95466034698131 0.0 2.3196467942763594 6.856824564493488e-16 0.0 1.0505104836833946e-16 ""
13254 822 2006-09-21 Ia pW6 5589.558774006929 5826.535459356527 9753.36282204914 0.0 0.0 2.6626248736955964 0.0 0.5366071840971008 1.2273385927065603e-16 0.0 2.500723352957119e-17 ""
