results/spec_class/sdss_sako18spec_0_steps.ecsv
# %ECSV 0.9
# ---
# datatype:
# - {name: obj_id, datatype: string}
# - {name: date, datatype: string}
# - {name: feat_name, datatype: string}
# - {name: vel, datatype: float64}
# - {name: vel_err, datatype: float64}
# - {name: vel_samperr, datatype: float64}
# - {name: pew, datatype: float64}
# - {name: pew_err, datatype: float64}
# - {name: pew_samperr, datatype: float64}
# - {name: area, datatype: float64}
# - {name: area_err, datatype: float64}
# - {name: area_samperr, datatype: float64}
# - {name: msg, datatype: string}
# schema: astropy-2.0
obj_id date feat_name vel vel_err vel_samperr pew pew_err pew_samperr area area_err area_samperr msg
[from data line 1638]
4524 2005-10-12 pW6 13063.463453621118 0.0 0.0 6.58349881103166 0.0 0.0 3.6363826417186365e-15 0.0 0.0 ""
4524 2005-10-12 pW7 -1462.6370129847248 0.0 0.0 289.2219240384314 0.0 0.0 2.1227729187055571e-13 0.0 0.0 ""
4524 2005-10-22 pW6 10821.054166179092 0.0 0.0 4.023646040354947 0.0 0.0 2.538345396589605e-15 0.0 0.0 ""
4524 2005-10-22 pW7 -2059.100341051731 0.0 0.0 310.38737920371705 0.0 0.0 2.8672777732096793e-13 0.0 0.0 ""
4524 2005-10-25 pW6 12065.4188881237 0.0 0.0 18.28290160525694 0.0 0.0 7.228251014893521e-15 0.0 0.0 ""
4524 2005-10-25 pW7 -1637.3136861550875 0.0 0.0 278.97498214749515 0.0 0.0 1.4842633164292584e-13 0.0 0.0 ""
4524 2005-11-02 pW6 15949.113182995841 0.0 0.0 8.810204971671055 0.0 0.0 5.0436145733945575e-15 0.0 0.0 ""
4524 2005-11-02 pW7 -1410.5726475673296 0.0 0.0 253.9985801670515 0.0 0.0 1.8585208429366796e-13 0.0 0.0 ""
4524 2005-11-10 pW6 11456.973228055813 0.0 0.0 35.91740478886308 0.0 0.0 6.742333130426786e-15 0.0 0.0 ""
4524 2005-11-10 pW7 -3563.9467033756787 0.0 0.0 381.3762303514629 0.0 0.0 1.0563502876576463e-13 0.0 0.0 ""
4524 2005-11-12 pW6 13575.000647705187 0.0 0.0 6.266838067279139 0.0 0.0 5.7198303969881216e-15 0.0 0.0 ""
4524 2005-11-12 pW7 -1590.6358058418414 0.0 0.0 259.9649246487908 0.0 0.0 3.157629500722567e-13 0.0 0.0 ""
4524 2005-11-26 pW6 11794.563956900696 0.0 0.0 11.959171501589111 0.0 0.0 5.911754199438927e-15 0.0 0.0 ""
4524 2005-11-26 pW7 -914.5628589476661 0.0 0.0 243.08834550547817 0.0 0.0 1.5343010032417447e-13 0.0 0.0 ""
4524 2005-11-28 pW6 12423.74888684136 0.0 0.0 11.827075748070797 0.0 0.0 5.5621934653716725e-15 0.0 0.0 ""
4524 2005-11-28 pW7 -1016.206798245202 0.0 0.0 243.48987581277356 0.0 0.0 1.5115119481977071e-13 0.0 0.0 ""
4524 2005-12-08 pW6 10777.487421077241 0.0 0.0 20.83960515655201 0.0 0.0 9.070368955818068e-15 0.0 0.0 ""
4524 2005-12-08 pW7 -73.90233514314998 0.0 0.0 260.3418506007562 0.0 0.0 1.618416422793924e-13 0.0 0.0 ""
4524 2005-12-25 pW6 11171.302694799688 0.0 0.0 37.161442791406216 0.0 0.0 1.548146954241669e-14 0.0 0.0 ""
4524 2005-12-25 pW7 -602.91244413973 0.0 0.0 273.2882539763326 0.0 0.0 1.7044683605378026e-13 0.0 0.0 ""
4524 2006-10-11 pW6 10930.141221154563 0.0 0.0 140.5160477512064 0.0 0.0 1.2251201824041886e-14 0.0 0.0 ""
4524 2006-10-11 pW7 5535.134090570693 0.0 0.0 403.3629370105717 0.0 0.0 7.254438737955954e-14 0.0 0.0 ""
4577 2005-10-08 pW6 12280.898396175662 0.0 0.0 114.57801949423958 0.0 0.0 1.0272670662969074e-15 0.0 0.0 ""
4577 2005-10-08 pW7 8131.60695865358 0.0 0.0 441.1822509852365 0.0 0.0 9.417704807002569e-15 0.0 0.0 ""
4679 2005-10-08 pW6 8075.81827630482 0.0 0.0 241.72239026967725 0.0 0.0 4.937569049444219e-15 0.0 0.0 ""
4679 2005-10-08 pW7 1363.8112642693259 0.0 0.0 418.73512668101944 0.0 0.0 1.3261290806974322e-14 0.0 0.0 ""
5103 2005-10-05 pW6 9325.375272895375 0.0 0.0 185.72546640495221 0.0 0.0 1.3352152136931263e-14 0.0 0.0 ""
5103 2005-10-05 pW7 3271.3686898621727 0.0 0.0 457.99941589149614 0.0 0.0 4.81953681047433e-14 0.0 0.0 ""
5183 2005-10-08 pW6 3588.452468254006 0.0 0.0 135.96489921014617 0.0 0.0 1.3703799371673555e-15 0.0 0.0 ""
5183 2005-10-08 pW7 3820.8957637221033 0.0 0.0 350.58270618549295 0.0 0.0 8.007856290024349e-15 0.0 0.0 ""
5350 2005-10-22 pW6 12068.754032446737 0.0 0.0 37.69400886103159 0.0 0.0 4.708090931994519e-15 0.0 0.0 ""
5350 2005-10-22 pW7 nan nan nan nan nan nan nan nan nan "Optimal parameters not found: Number of calls to function has reached maxfev = 1000."
5391 2005-10-26 pW6 12226.780220710834 0.0 0.0 104.87274363607021 0.0 0.0 6.010568916194338e-16 0.0 0.0 ""
5391 2005-10-26 pW7 13897.560587901076 0.0 0.0 172.16035571772403 0.0 0.0 9.754199106035184e-16 0.0 0.0 ""
5395 2005-10-23 pW6 7259.380073986889 0.0 0.0 81.1478152391359 0.0 0.0 8.245099931688008e-15 0.0 0.0 ""
5395 2005-10-23 pW7 nan nan nan nan nan nan nan nan nan "Feature not in spectral wavelength range."
5533 2005-10-26 pW6 12030.827734745124 0.0 0.0 49.13234160091349 0.0 0.0 5.115609686084231e-16 0.0 0.0 ""
5533 2005-10-26 pW7 109.27301297915582 0.0 0.0 275.09559384751515 0.0 0.0 3.2343212927522566e-15 0.0 0.0 ""
5549 2005-10-22 pW6 nan nan nan nan nan nan nan nan nan "Optimal parameters not found: Number of calls to function has reached maxfev = 1000."
5549 2005-10-22 pW7 nan nan nan nan nan nan nan nan nan "Feature not in spectral wavelength range."
5550 2005-10-24 pW6 10858.648874153407 0.0 0.0 90.45527473137338 0.0 0.0 5.2888699630675585e-15 0.0 0.0 ""
5550 2005-10-24 pW7 5198.513130611306 0.0 0.0 229.860660332767 0.0 0.0 1.473965448575566e-14 0.0 0.0 ""
5588 2005-10-27 pW6 12317.323352759815 0.0 0.0 -628.0045802228675 0.0 0.0 -2.888921436435969e-16 0.0 0.0 ""
5588 2005-10-27 pW7 13538.383105605786 0.0 0.0 233.22768146743107 0.0 0.0 6.334444401620199e-15 0.0 0.0 ""
5635 2005-10-23 pW6 6040.744836227485 0.0 0.0 185.270646130254 0.0 0.0 1.3790068964726606e-14 0.0 0.0 ""
5635 2005-10-23 pW7 11436.641240131323 0.0 0.0 356.0689951938991 0.0 0.0 2.571195803793166e-14 0.0 0.0 ""
5717 2005-10-27 pW6 11927.525697735948 0.0 0.0 26.754425385681856 0.0 0.0 3.1442196015483676e-16 0.0 0.0 ""
5717 2005-10-27 pW7 8693.071715319316 0.0 0.0 399.1096409708518 0.0 0.0 6.8032889796467855e-15 0.0 0.0 ""
5736 2005-11-05 pW6 13039.452409919399 0.0 0.0 89.82286682720115 0.0 0.0 4.148266436328515e-15 0.0 0.0 ""
5736 2005-11-05 pW7 8603.204015577649 0.0 0.0 326.29812736422036 0.0 0.0 2.0172158930338735e-14 0.0 0.0 ""
5737 2005-10-27 pW6 9080.089831204941 0.0 0.0 162.95790074207764 0.0 0.0 1.1188064138222153e-15 0.0 0.0 ""
5737 2005-10-27 pW7 nan nan nan nan nan nan nan nan nan "Feature not in spectral wavelength range."
5751 2005-10-24 pW6 12227.01847518539 0.0 0.0 40.16583986007578 0.0 0.0 1.8164583230063748e-15 0.0 0.0 ""
5751 2005-10-24 pW7 -2716.857459181303 0.0 0.0 290.4327425860038 0.0 0.0 1.8247095876906145e-14 0.0 0.0 ""
5751 2005-11-27 pW6 13799.218474821737 0.0 0.0 44.0700680779122 0.0 0.0 9.96944956417202e-16 0.0 0.0 ""
5751 2005-11-27 pW7 1973.271003808139 0.0 0.0 315.0988460559272 0.0 0.0 1.0265194510302909e-14 0.0 0.0 ""
5821 2005-10-25 pW6 6443.381192310356 0.0 0.0 292.0152601949213 0.0 0.0 1.462929237602316e-14 0.0 0.0 ""
5821 2005-10-25 pW7 nan nan nan nan nan nan nan nan nan "Optimal parameters not found: Number of calls to function has reached maxfev = 1000."
5821 2005-10-27 pW6 14032.625913860133 0.0 0.0 162.36218588032474 0.0 0.0 9.311740638111122e-15 0.0 0.0 ""
5821 2005-10-27 pW7 12120.706660899663 0.0 0.0 388.627991761108 0.0 0.0 4.140448304757711e-14 0.0 0.0 ""
5844 2005-10-26 pW6 5079.663252647492 0.0 0.0 58.704911150041994 0.0 0.0 4.975893771238261e-16 0.0 0.0 ""
5844 2005-10-26 pW7 10645.668944323452 0.0 0.0 182.3926168094672 0.0 0.0 1.4353823513086473e-15 0.0 0.0 ""
5916 2005-10-25 pW6 8203.433215851273 0.0 0.0 76.71723887201688 0.0 0.0 1.6788940756814446e-14 0.0 0.0 ""
5916 2005-10-25 pW7 nan nan nan nan nan nan nan nan nan "Feature not in spectral wavelength range."
5916 2005-10-31 pW6 17009.33413942138 0.0 0.0 36.66670596538381 0.0 0.0 2.6395602072594126e-15 0.0 0.0 ""
5916 2005-10-31 pW7 1471.7235531224871 0.0 0.0 187.81297836809676 0.0 0.0 1.7029516114676864e-14 0.0 0.0 ""
5944 2005-10-22 pW6 10354.756250563889 0.0 0.0 21.466757903618202 0.0 0.0 7.777601142113673e-15 0.0 0.0 ""
5944 2005-10-22 pW7 10858.071815226396 0.0 0.0 79.89670339706907 0.0 0.0 2.2935893324291822e-14 0.0 0.0 ""
5944 2005-10-24 pW6 10826.325440645041 0.0 0.0 18.38802497695363 0.0 0.0 5.3017431365108606e-15 0.0 0.0 ""
5944 2005-10-24 pW7 10544.391096814385 0.0 0.0 88.9110367196518 0.0 0.0 1.9700062979539727e-14 0.0 0.0 ""
5944 2005-11-27 pW6 13523.68779377484 0.0 0.0 68.69162456493541 0.0 0.0 2.405693310926525e-15 0.0 0.0 ""
5944 2005-11-27 pW7 8915.224069788224 0.0 0.0 257.5666617713979 0.0 0.0 1.1197818076814129e-14 0.0 0.0 ""
5957 2005-10-26 pW6 9791.347349601163 0.0 0.0 116.32800282720757 0.0 0.0 4.660441427390658e-16 0.0 0.0 ""
5957 2005-10-26 pW7 9549.362754253898 0.0 0.0 161.890299962161 0.0 0.0 6.175185237878013e-16 0.0 0.0 ""
5966 2005-10-30 pW6 11688.047653601 0.0 0.0 136.81181908720404 0.0 0.0 3.461292424963858e-16 0.0 0.0 ""
5966 2005-10-30 pW7 12589.812769761329 0.0 0.0 446.67051261113096 0.0 0.0 1.5561741769606545e-15 0.0 0.0 ""
5994 2005-10-23 pW6 13413.959572758522 0.0 0.0 56.08732804037703 0.0 0.0 1.6505587442340074e-15 0.0 0.0 ""
5994 2005-10-23 pW7 9809.401387668899 0.0 0.0 247.99330258128248 0.0 0.0 5.803012606119483e-15 0.0 0.0 ""
6057 2005-10-23 pW6 11956.94727902908 0.0 0.0 20.308769185012807 0.0 0.0 5.4814764350846755e-15 0.0 0.0 ""
6057 2005-10-23 pW7 9935.896033646193 0.0 0.0 270.3279627604264 0.0 0.0 8.18023950523329e-14 0.0 0.0 ""
6057 2005-11-26 pW6 13733.456434899452 0.0 0.0 42.04218734284052 0.0 0.0 2.5085686197203653e-15 0.0 0.0 ""
6057 2005-11-26 pW7 1783.6190529767125 0.0 0.0 427.91750283977785 0.0 0.0 5.1002143029784885e-14 0.0 0.0 ""
6100 2005-11-04 pW6 14114.798106348979 0.0 0.0 51.75891828933891 0.0 0.0 3.47207512131544e-15 0.0 0.0 ""
6100 2005-11-04 pW7 183.23075792662493 0.0 0.0 468.678157280729 0.0 0.0 5.1616139316081336e-14 0.0 0.0 ""
6108 2005-10-28 pW6 18422.524515772122 0.0 0.0 87.14150749866906 0.0 0.0 4.825219691447569e-16 0.0 0.0 ""
6108 2005-10-28 pW7 -1914.1532494577473 0.0 0.0 460.1705176941957 0.0 0.0 3.747116102489702e-15 0.0 0.0 ""
6127 2005-10-30 pW6 7032.9713978653535 0.0 0.0 131.46781431675595 0.0 0.0 8.831897372493394e-16 0.0 0.0 ""
6127 2005-10-30 pW7 3093.893215489741 0.0 0.0 452.5578662710732 0.0 0.0 4.037730439448997e-15 0.0 0.0 ""
6137 2005-11-02 pW6 16151.452716773285 0.0 0.0 77.14557627998155 0.0 0.0 1.8049314179022674e-14 0.0 0.0 ""
6137 2005-11-02 pW7 14605.301752665297 0.0 0.0 278.425680531105 0.0 0.0 6.628521459582882e-14 0.0 0.0 ""
6192 2005-11-05 pW6 12181.161623939732 0.0 0.0 99.1447206864137 0.0 0.0 4.969928540058428e-15 0.0 0.0 ""
6192 2005-11-05 pW7 8896.960175080174 0.0 0.0 336.0818526270775 0.0 0.0 1.6878953731494213e-14 0.0 0.0 ""
6196 2005-10-27 pW6 12717.221222841246 0.0 0.0 106.64657384131914 0.0 0.0 1.209159416909709e-15 0.0 0.0 ""
6196 2005-10-27 pW7 11654.382096519454 0.0 0.0 161.80579041360306 0.0 0.0 1.598520541799475e-15 0.0 0.0 ""
6249 2005-10-28 pW6 13156.600635881821 0.0 0.0 52.63007382250717 0.0 0.0 4.73205556533072e-16 0.0 0.0 ""
6249 2005-10-28 pW7 623.749008353209 0.0 0.0 444.8387358751447 0.0 0.0 7.452035709956165e-15 0.0 0.0 ""
6295 2005-11-07 pW6 13118.621907926472 0.0 0.0 34.41182626392384 0.0 0.0 1.3558030175548183e-15 0.0 0.0 ""
6295 2005-11-07 pW7 10420.732090165178 0.0 0.0 109.30339494341138 0.0 0.0 4.133644232521779e-15 0.0 0.0 ""
6304 2005-11-05 pW6 11161.412622325506 0.0 0.0 21.30164339951429 0.0 0.0 0.22602800340603868 0.0 0.0 ""
6304 2005-11-05 pW7 10850.597703129057 0.0 0.0 211.7943492394014 0.0 0.0 2.221026630670168 0.0 0.0 ""
6315 2005-11-01 pW6 nan nan nan nan nan nan nan nan nan "Optimal parameters not found: Number of calls to function has reached maxfev = 1000."
6315 2005-11-01 pW7 10182.472787820296 0.0 0.0 345.0454351054441 0.0 0.0 6.231524777816798e-15 0.0 0.0 ""
6315 2005-11-05 pW6 12874.118223941186 0.0 0.0 39.03184181701383 0.0 0.0 0.43591032952001996 0.0 0.0 ""
6315 2005-11-05 pW7 12602.987730256025 0.0 0.0 251.72545687768502 0.0 0.0 2.603518947147224 0.0 0.0 ""
6406 2005-10-24 pW6 10735.96433374557 0.0 0.0 60.19835965788798 0.0 0.0 2.338693123225218e-15 0.0 0.0 ""
6406 2005-10-24 pW7 -5066.359423710447 0.0 0.0 296.54709679089274 0.0 0.0 1.55243876974941e-14 0.0 0.0 ""
6406 2005-11-26 pW6 12804.644535826837 0.0 0.0 59.209589583969944 0.0 0.0 2.365336766350749e-15 0.0 0.0 ""
6406 2005-11-26 pW7 8133.397261839948 0.0 0.0 224.3217421648518 0.0 0.0 9.421875163399409e-15 0.0 0.0 ""
6422 2005-10-23 pW6 8915.3848083009 0.0 0.0 78.84353272746893 0.0 0.0 1.230646411808691e-15 0.0 0.0 ""
6422 2005-10-23 pW7 2425.7338994310307 0.0 0.0 334.858473597468 0.0 0.0 6.022361158755722e-15 0.0 0.0 ""
6520 2006-07-01 pW6 11264.357822168478 0.0 0.0 43.629847363856214 0.0 0.0 8.864337595210997e-16 0.0 0.0 ""
6520 2006-07-01 pW7 706.3251364500477 0.0 0.0 171.44047074127752 0.0 0.0 4.001285562546333e-15 0.0 0.0 ""
6649 2005-11-01 pW6 10780.926974713853 0.0 0.0 104.45455477967295 0.0 0.0 9.76305042416465e-16 0.0 0.0 ""
6649 2005-11-01 pW7 11865.954357654993 0.0 0.0 280.8443243428646 0.0 0.0 3.6691949557309055e-15 0.0 0.0 ""
6649 2005-11-05 pW6 12350.434682995945 0.0 0.0 41.68242491339427 0.0 0.0 0.16516258845741272 0.0 0.0 ""
6649 2005-11-05 pW7 9611.753753025692 0.0 0.0 243.47754031884529 0.0 0.0 1.1663790079227907 0.0 0.0 ""
6696 2005-10-31 pW6 9511.629131620219 0.0 0.0 77.70722902389686 0.0 0.0 4.517314643875454e-16 0.0 0.0 ""
6696 2005-10-31 pW7 3710.23099875008 0.0 0.0 633.8344354715131 0.0 0.0 8.976446360191076e-15 0.0 0.0 ""
6699 2005-10-28 pW6 13248.211009660696 0.0 0.0 74.98403433723252 0.0 0.0 4.555469477360424e-16 0.0 0.0 ""
6699 2005-10-28 pW7 15649.71637803856 0.0 0.0 262.7805761992785 0.0 0.0 1.6541119787591187e-15 0.0 0.0 ""
6699 2005-11-05 pW6 32782.473285079046 0.0 0.0 58.098198889869906 0.0 0.0 0.5321067220615501 0.0 0.0 ""
6699 2005-11-05 pW7 9557.874176395218 0.0 0.0 211.70534971463962 0.0 0.0 2.016331883293484 0.0 0.0 ""
6773 2005-10-31 pW6 11259.7770900776 0.0 0.0 7.418215287092025 0.0 0.0 4.140616716807989e-15 0.0 0.0 ""
6773 2005-10-31 pW7 -239.2839216628485 0.0 0.0 102.3754356941065 0.0 0.0 5.690461577638473e-14 0.0 0.0 ""
6777 2005-10-30 pW6 8155.581261688478 0.0 0.0 1181.5388794433227 0.0 0.0 -1.2283668997931034e-16 0.0 0.0 ""
6777 2005-10-30 pW7 10739.489690479664 0.0 0.0 332.5077120355754 0.0 0.0 2.9548772363049744e-15 0.0 0.0 ""
6780 2005-11-01 pW6 11359.158476222583 0.0 0.0 128.82357260401005 0.0 0.0 1.2126111575520532e-15 0.0 0.0 ""
6780 2005-11-01 pW7 11509.526461776642 0.0 0.0 322.9791735408006 0.0 0.0 3.8565070961713896e-15 0.0 0.0 ""
6852 2005-10-31 pW6 14482.809861893218 0.0 0.0 -201.82249777946174 0.0 0.0 -3.7759956209894326e-16 0.0 0.0 ""
6852 2005-10-31 pW7 5594.865405627474 0.0 0.0 321.7687182840782 0.0 0.0 4.984042919633286e-15 0.0 0.0 ""
6924 2005-10-31 pW6 5200.090142217511 0.0 0.0 197.42653086743792 0.0 0.0 2.0738010614993774e-15 0.0 0.0 ""
6924 2005-10-31 pW7 8451.705540151675 0.0 0.0 405.24170047079826 0.0 0.0 5.7502597153132564e-15 0.0 0.0 ""
6933 2005-11-02 pW6 15310.23469031935 0.0 0.0 56.63740002035465 0.0 0.0 1.1470618238257082e-15 0.0 0.0 ""
6933 2005-11-02 pW7 9687.988992479604 0.0 0.0 285.3623267220862 0.0 0.0 5.342596104966112e-15 0.0 0.0 ""
6933 2005-11-05 pW6 10883.264223201264 0.0 0.0 24.044276721265646 0.0 0.0 0.26852841065203936 0.0 0.0 ""
6933 2005-11-05 pW7 9922.85524174243 0.0 0.0 145.47176718344724 0.0 0.0 1.3885696047480955 0.0 0.0 ""
6936 2005-11-05 pW6 9138.289744955304 0.0 0.0 23.34463687821409 0.0 0.0 0.6391736105149208 0.0 0.0 ""
6936 2005-11-05 pW7 8734.10094304491 0.0 0.0 231.11935266170747 0.0 0.0 7.485857959593844 0.0 0.0 ""
6962 2005-11-02 pW6 11810.776546261683 0.0 0.0 32.152933097482844 0.0 0.0 4.2647984515808564e-15 0.0 0.0 ""
6962 2005-11-02 pW7 9003.613213814884 0.0 0.0 99.71555897521353 0.0 0.0 1.2535708574818398e-14 0.0 0.0 ""
6968 2005-11-24 pW6 8961.372067066179 0.0 0.0 67.68840951932776 0.0 0.0 8.343298276334156e-15 0.0 0.0 ""
6968 2005-11-24 pW7 -2434.104578802106 0.0 0.0 195.3984611479517 0.0 0.0 2.657675021222892e-14 0.0 0.0 ""
7017 2006-10-02 pW6 7284.360224610307 0.0 0.0 83.83789293789778 0.0 0.0 1.497905330240478e-15 0.0 0.0 ""
7017 2006-10-02 pW7 4192.075501999641 0.0 0.0 376.1228115511823 0.0 0.0 1.3531645148812645e-14 0.0 0.0 ""
7143 2005-11-01 pW6 8958.763050059659 0.0 0.0 138.45711233615697 0.0 0.0 1.0955390193104908e-15 0.0 0.0 ""
7143 2005-11-01 pW7 9518.67965639568 0.0 0.0 195.90425810937813 0.0 0.0 1.4076486417837026e-15 0.0 0.0 ""
7147 2005-11-03 pW6 11007.789803356227 0.0 0.0 14.849409621305881 0.0 0.0 2.177529223382995e-15 0.0 0.0 ""
7147 2005-11-03 pW7 8322.165627841317 0.0 0.0 74.23178208779399 0.0 0.0 1.0194212761536673e-14 0.0 0.0 ""
7147 2005-11-05 pW6 9898.591201701804 0.0 0.0 10.64017974535966 0.0 0.0 0.804774205555038 0.0 0.0 ""
