results/spec_class/sdss_sako18spec_rv3_1_bin5_methavg_step0.ecsv
# %ECSV 0.9
# ---
# datatype:
# - {name: obj_id, datatype: string}
# - {name: sid, datatype: string}
# - {name: date, datatype: string}
# - {name: type, datatype: string}
# - {name: feat_name, datatype: string}
# - {name: vel, datatype: float64}
# - {name: vel_err, datatype: float64}
# - {name: vel_samperr, datatype: float64}
# - {name: pew, datatype: float64}
# - {name: pew_err, datatype: float64}
# - {name: pew_samperr, datatype: float64}
# - {name: area, datatype: float64}
# - {name: area_err, datatype: float64}
# - {name: area_samperr, datatype: float64}
# - {name: msg, datatype: string}
# schema: astropy-2.0
obj_id sid date type feat_name vel vel_err vel_samperr pew pew_err pew_samperr area area_err area_samperr msg
[from data line 792]
18643 2123 2007-10-08 Ia? pW6 0.0 0.0 0.0 16.052932999618577 0.0 0.0 2.4633456011584108e-15 0.0 0.0 ""
18643 2123 2007-10-08 Ia? pW7 0.0 0.0 0.0 42.40949688546198 0.0 0.0 6.2025449699313524e-15 0.0 0.0 ""
18643 2123 2007-10-11 Ia? pW6 0.0 0.0 0.0 5.547379138905853 0.0 0.0 2.522293574955612e-15 0.0 0.0 ""
18643 2123 2007-10-11 Ia? pW7 nan nan nan nan nan nan nan nan nan "Feature not in spectral wavelength range."
18650 2845 2007-10-10 Ia pW6 0.0 0.0 0.0 26.301573504275495 0.0 0.0 1.2532881811363058e-15 0.0 0.0 ""
18650 2845 2007-10-10 Ia pW7 nan nan nan nan nan nan nan nan nan "Feature not in spectral wavelength range."
18650 2845 2007-10-20 Ia pW6 0.0 0.0 0.0 41.129590673852505 0.0 0.0 2.9725018831492997e-15 0.0 0.0 ""
18650 2845 2007-10-20 Ia pW7 0.0 0.0 0.0 166.6743995717752 0.0 0.0 9.70289273285586e-15 0.0 0.0 ""
18697 2132 2007-10-09 Ia pW6 0.0 0.0 0.0 10.291048761878699 0.0 0.0 1.4640034024797238e-15 0.0 0.0 ""
18697 2132 2007-10-09 Ia pW7 0.0 0.0 0.0 183.94282513514543 0.0 0.0 2.8603867296766094e-14 0.0 0.0 ""
18697 2132 2007-10-16 Ia pW6 0.0 0.0 0.0 16.67566022513148 0.0 0.0 1.3819980742672495e-15 0.0 0.0 ""
18697 2132 2007-10-16 Ia pW7 0.0 0.0 0.0 220.9289658522731 0.0 0.0 2.4052607850475852e-14 0.0 0.0 ""
18697 2132 2007-10-20 Ia pW6 0.0 0.0 0.0 33.7265161964705 0.0 0.0 3.5017691639816755e-15 0.0 0.0 ""
18697 2132 2007-10-20 Ia pW7 0.0 0.0 0.0 251.8430559484625 0.0 0.0 3.3432933375732037e-14 0.0 0.0 ""
18721 2223 2007-10-15 Ia pW6 0.0 0.0 0.0 72.32980512288435 0.0 0.0 3.1843563682879086e-15 0.0 0.0 ""
18721 2223 2007-10-15 Ia pW7 0.0 0.0 0.0 159.2564171147801 0.0 0.0 7.60700178258521e-15 0.0 0.0 ""
18740 2396 2007-10-11 Ia pW6 0.0 0.0 0.0 83.60078106416597 0.0 0.0 1.9380211418177612e-15 0.0 0.0 ""
18740 2396 2007-10-11 Ia pW7 nan nan nan nan nan nan nan nan nan "Feature not in spectral wavelength range."
18740 2396 2007-10-20 Ia pW6 0.0 0.0 0.0 55.58054451624224 0.0 0.0 1.5737052693392155e-15 0.0 0.0 ""
18740 2396 2007-10-20 Ia pW7 nan nan nan nan nan nan nan nan nan "Feature not in spectral wavelength range."
18740 2396 2007-11-04 Ia pW6 0.0 0.0 0.0 68.7369634968648 0.0 0.0 8.158177344162239e-16 0.0 0.0 ""
18740 2396 2007-11-04 Ia pW7 0.0 0.0 0.0 170.83746484301463 0.0 0.0 2.088583542434008e-15 0.0 0.0 ""
18749 2144 2007-10-11 Ia pW6 0.0 0.0 0.0 3.7680013008221636 0.0 0.0 1.5748389460822686e-16 0.0 0.0 ""
18749 2144 2007-10-11 Ia pW7 0.0 0.0 0.0 94.43152361920716 0.0 0.0 4.174651607794253e-15 0.0 0.0 ""
18751 2163 2007-10-10 Ia pW6 0.0 0.0 0.0 10.321446783177805 0.0 0.0 1.4872346399448628e-15 0.0 0.0 ""
18751 2163 2007-10-10 Ia pW7 0.0 0.0 0.0 39.04026588704585 0.0 0.0 5.097147456255496e-15 0.0 0.0 ""
18768 2135 2007-10-14 Ia pW6 0.0 0.0 0.0 65.38676359232949 0.0 0.0 3.353207976477106e-16 0.0 0.0 ""
18768 2135 2007-10-14 Ia pW7 0.0 0.0 0.0 93.28780135419663 0.0 0.0 5.328554888001609e-16 0.0 0.0 ""
18782 2303 2007-10-19 Ia pW6 0.0 0.0 0.0 27.627363532730584 0.0 0.0 1.2374212894149682e-15 0.0 0.0 ""
18782 2303 2007-10-19 Ia pW7 0.0 0.0 0.0 314.5828511460438 0.0 0.0 2.230844716121464e-14 0.0 0.0 ""
18787 2150 2007-10-14 Ia pW6 0.0 0.0 0.0 74.53046899287085 0.0 0.0 1.135665732838234e-16 0.0 0.0 ""
18787 2150 2007-10-14 Ia pW7 0.0 0.0 0.0 321.05360324567556 0.0 0.0 6.137396689640617e-16 0.0 0.0 ""
18804 2148 2007-10-14 Ia pW6 0.0 0.0 0.0 36.24727713851183 0.0 0.0 6.206285508020201e-16 0.0 0.0 ""
18804 2148 2007-10-14 Ia pW7 0.0 0.0 0.0 202.84769361105492 0.0 0.0 3.565632489881115e-15 0.0 0.0 ""
18807 2147 2007-10-10 Ia pW6 0.0 0.0 0.0 34.341407377480294 0.0 0.0 8.135334272731246e-16 0.0 0.0 ""
18807 2147 2007-10-10 Ia pW7 0.0 0.0 0.0 116.95030588972861 0.0 0.0 2.6312659504143127e-15 0.0 0.0 ""
18809 2145 2007-10-09 Ia pW6 0.0 0.0 0.0 60.35559825883061 0.0 0.0 2.8712325057945354e-15 0.0 0.0 ""
18809 2145 2007-10-09 Ia pW7 nan nan nan nan nan nan nan nan nan "Feature not in spectral wavelength range."
18835 2146 2007-10-09 Ia pW6 0.0 0.0 0.0 23.34222494854697 0.0 0.0 3.0473400240950775e-15 0.0 0.0 ""
18835 2146 2007-10-09 Ia pW7 nan nan nan nan nan nan nan nan nan "Feature not in spectral wavelength range."
18839 2222 2007-10-20 Ia-pec pW6 0.0 0.0 0.0 243.69928435207623 0.0 0.0 4.934308428176417e-15 0.0 0.0 ""
18839 2222 2007-10-20 Ia-pec pW7 nan nan nan nan nan nan nan nan nan "Feature not in spectral wavelength range."
18855 2149 2007-10-09 Ia pW6 0.0 0.0 0.0 33.56372973609834 0.0 0.0 1.358231204479854e-15 0.0 0.0 ""
18855 2149 2007-10-09 Ia pW7 nan nan nan nan nan nan nan nan nan "Feature not in spectral wavelength range."
18890 2197 2007-10-11 Ia pW6 0.0 0.0 0.0 48.17320835071092 0.0 0.0 1.1767502571721727e-15 0.0 0.0 ""
18890 2197 2007-10-11 Ia pW7 0.0 0.0 0.0 97.68003928442977 0.0 0.0 2.0035347332659965e-15 0.0 0.0 ""
18890 2197 2007-10-16 Ia pW6 0.0 0.0 0.0 -108.77159603450116 0.0 0.0 -1.786558524026341e-15 0.0 0.0 ""
18890 2197 2007-10-16 Ia pW7 0.0 0.0 0.0 187.422674471088 0.0 0.0 8.012102272334068e-15 0.0 0.0 ""
18903 2247 2007-10-14 Ia pW6 0.0 0.0 0.0 10.193254317397816 0.0 0.0 2.3574697065949845e-16 0.0 0.0 ""
18903 2247 2007-10-14 Ia pW7 0.0 0.0 0.0 172.40516980781194 0.0 0.0 3.76887596505103e-15 0.0 0.0 ""
18909 2189 2007-10-12 Ia? pW6 0.0 0.0 0.0 10.122316564419123 0.0 0.0 3.035359298252438e-16 0.0 0.0 ""
18909 2189 2007-10-12 Ia? pW7 0.0 0.0 0.0 -25.632635148325676 0.0 0.0 -5.780394153674352e-16 0.0 0.0 ""
18927 2320 2007-10-18 Ia pW6 0.0 0.0 0.0 107.38114238244125 0.0 0.0 7.602480942385085e-15 0.0 0.0 ""
18927 2320 2007-10-18 Ia pW7 0.0 0.0 0.0 69.19816696460578 0.0 0.0 3.5288919338630117e-15 0.0 0.0 ""
18940 2379 2007-11-17 Ia pW6 0.0 0.0 0.0 59.295823300483704 0.0 0.0 2.7529001827082258e-14 0.0 0.0 ""
18940 2379 2007-11-17 Ia pW7 0.0 0.0 0.0 282.7023874062803 0.0 0.0 1.584033958662275e-13 0.0 0.0 ""
18945 2244 2007-10-15 Ia pW6 0.0 0.0 0.0 84.22243875867031 0.0 0.0 2.188824344490052e-14 0.0 0.0 ""
18945 2244 2007-10-15 Ia pW7 0.0 0.0 0.0 373.170788945019 0.0 0.0 8.228270261343998e-14 0.0 0.0 ""
18959 2242 2007-10-16 Ia? pW6 0.0 0.0 0.0 116.8533448604758 0.0 0.0 4.849971491336304e-15 0.0 0.0 ""
18959 2242 2007-10-16 Ia? pW7 0.0 0.0 0.0 244.19457430267383 0.0 0.0 1.3251738971411939e-14 0.0 0.0 ""
18965 2279 2007-10-17 Ia pW6 0.0 0.0 0.0 16.03289815477035 0.0 0.0 4.033991926331999e-16 0.0 0.0 ""
18965 2279 2007-10-17 Ia pW7 0.0 0.0 0.0 162.781682925229 0.0 0.0 5.09584991088436e-15 0.0 0.0 ""
19002 2240 2007-10-16 Ia pW6 0.0 0.0 0.0 13.092857123925612 0.0 0.0 6.573564758949145e-16 0.0 0.0 ""
19002 2240 2007-10-16 Ia pW7 0.0 0.0 0.0 126.75349773280101 0.0 0.0 5.8896064229162694e-15 0.0 0.0 ""
19003 2290 2007-10-14 Ia pW6 0.0 0.0 0.0 3.4207570968292487 0.0 0.0 3.2420211743761534e-16 0.0 0.0 ""
19003 2290 2007-10-14 Ia pW7 0.0 0.0 0.0 135.9377524293949 0.0 0.0 1.5449653045428814e-14 0.0 0.0 ""
19003 2290 2007-10-16 Ia pW6 0.0 0.0 0.0 12.475052106809613 0.0 0.0 1.2311090666716655e-15 0.0 0.0 ""
19003 2290 2007-10-16 Ia pW7 0.0 0.0 0.0 138.65906455029005 0.0 0.0 1.5871597901967652e-14 0.0 0.0 ""
19008 2284 2007-10-17 Ia pW6 0.0 0.0 0.0 25.02335667041399 0.0 0.0 6.298907901881831e-16 0.0 0.0 ""
19008 2284 2007-10-17 Ia pW7 0.0 0.0 0.0 53.79743540271215 0.0 0.0 1.3265306065749984e-15 0.0 0.0 ""
19023 2236 2007-10-15 Ia pW6 0.0 0.0 0.0 78.61082016288526 0.0 0.0 4.444802252518756e-16 0.0 0.0 ""
19023 2236 2007-10-15 Ia pW7 0.0 0.0 0.0 156.61010761144513 0.0 0.0 8.224056762999837e-16 0.0 0.0 ""
19025 2264 2007-10-16 Ia pW6 0.0 0.0 0.0 205.41225602843542 0.0 0.0 4.4605721183417065e-15 0.0 0.0 ""
19025 2264 2007-10-16 Ia pW7 0.0 0.0 0.0 189.8200995794711 0.0 0.0 6.899224317183968e-15 0.0 0.0 ""
19027 2294 2007-10-16 Ia pW6 0.0 0.0 0.0 11.604184061441856 0.0 0.0 0.12542422530678676 0.0 0.0 ""
19027 2294 2007-10-16 Ia pW7 0.0 0.0 0.0 97.22081845364175 0.0 0.0 0.8822154018359778 0.0 0.0 ""
19029 2272 2007-10-14 Ia pW6 0.0 0.0 0.0 30.15345521107008 0.0 0.0 0.34805769283538535 0.0 0.0 ""
19029 2272 2007-10-14 Ia pW7 0.0 0.0 0.0 160.9513163383702 0.0 0.0 1.8567614590163997 0.0 0.0 ""
19033 2257 2007-10-30 Ia pW6 0.0 0.0 0.0 179.78119781247412 0.0 0.0 6.244211271841818e-15 0.0 0.0 ""
19033 2257 2007-10-30 Ia pW7 0.0 0.0 0.0 276.5592988579084 0.0 0.0 1.1302320737548907e-14 0.0 0.0 ""
19051 2297 2007-10-17 Ia pW6 0.0 0.0 0.0 21.745830568749113 0.0 0.0 8.630498181774652e-16 0.0 0.0 ""
19051 2297 2007-10-17 Ia pW7 0.0 0.0 0.0 64.68882382794413 0.0 0.0 2.8429732742425665e-15 0.0 0.0 ""
19067 2262 2007-11-02 Ia? pW6 0.0 0.0 0.0 141.30245458791705 0.0 0.0 2.451587685826501e-15 0.0 0.0 ""
19067 2262 2007-11-02 Ia? pW7 0.0 0.0 0.0 431.9472572472309 0.0 0.0 1.3509014464159263e-14 0.0 0.0 ""
19070 2256 2007-10-16 Ia pW6 0.0 0.0 0.0 73.70189835391582 0.0 0.0 1.4303368577837569e-15 0.0 0.0 ""
19070 2256 2007-10-16 Ia pW7 0.0 0.0 0.0 113.42854329557588 0.0 0.0 2.318197465929507e-15 0.0 0.0 ""
19101 2268 2007-10-15 Ia pW6 0.0 0.0 0.0 92.98763807108145 0.0 0.0 7.17144444380365e-16 0.0 0.0 ""
19101 2268 2007-10-15 Ia pW7 0.0 0.0 0.0 182.85855205293922 0.0 0.0 1.2315543643773025e-15 0.0 0.0 ""
19128 2273 2007-10-14 Ia pW6 0.0 0.0 0.0 6.513239131899695 0.0 0.0 0.0662619518376446 0.0 0.0 ""
19128 2273 2007-10-14 Ia pW7 0.0 0.0 0.0 182.17473776887732 0.0 0.0 1.60127030589583 0.0 0.0 ""
19149 2275 2007-10-17 Ia pW6 0.0 0.0 0.0 3.7991066429861178 0.0 0.0 4.8853836905933794e-17 0.0 0.0 ""
19149 2275 2007-10-17 Ia pW7 0.0 0.0 0.0 -71.51149512411041 0.0 0.0 -3.8357779485576567e-16 0.0 0.0 ""
19155 2286 2007-10-14 Ia pW6 0.0 0.0 0.0 17.327434735592362 0.0 0.0 7.356010860182121e-16 0.0 0.0 ""
19155 2286 2007-10-14 Ia pW7 0.0 0.0 0.0 162.88236482462753 0.0 0.0 7.017046280701985e-15 0.0 0.0 ""
19155 2286 2007-10-19 Ia pW6 0.0 0.0 0.0 9.422459715640201 0.0 0.0 1.6986593050959405e-15 0.0 0.0 ""
19155 2286 2007-10-19 Ia pW7 0.0 0.0 0.0 99.32460388514778 0.0 0.0 1.626338718236591e-14 0.0 0.0 ""
19155 2286 2007-11-11 Ia pW6 0.0 0.0 0.0 54.33959160691265 0.0 0.0 8.930967006146144e-15 0.0 0.0 ""
19155 2286 2007-11-11 Ia pW7 0.0 0.0 0.0 79.33017464970357 0.0 0.0 1.0839084674313141e-14 0.0 0.0 ""
19155 2286 2007-11-16 Ia pW6 0.0 0.0 0.0 82.75079553933185 0.0 0.0 9.317322251312415e-15 0.0 0.0 ""
19155 2286 2007-11-16 Ia pW7 0.0 0.0 0.0 158.19403210300015 0.0 0.0 1.7975729666920928e-14 0.0 0.0 ""
19155 2286 2007-11-17 Ia pW6 0.0 0.0 0.0 24.78776694047079 0.0 0.0 1.4227200416686486e-15 0.0 0.0 ""
19155 2286 2007-11-17 Ia pW7 0.0 0.0 0.0 214.93665677511342 0.0 0.0 1.5678488037521402e-14 0.0 0.0 ""
19155 2286 2007-12-03 Ia pW6 0.0 0.0 0.0 43.09470632986 0.0 0.0 8.678402373071246e-15 0.0 0.0 ""
19155 2286 2007-12-03 Ia pW7 0.0 0.0 0.0 238.75069782547916 0.0 0.0 3.268397295214726e-14 0.0 0.0 ""
19155 2286 2007-12-07 Ia pW6 0.0 0.0 0.0 42.89512547822227 0.0 0.0 2.0549052223912427e-15 0.0 0.0 ""
19155 2286 2007-12-07 Ia pW7 0.0 0.0 0.0 172.6639842935723 0.0 0.0 7.919779790510692e-15 0.0 0.0 ""
19174 2316 2007-11-04 Ia pW6 0.0 0.0 0.0 23.611156048530177 0.0 0.0 2.0843094073993128e-15 0.0 0.0 ""
19174 2316 2007-11-04 Ia pW7 0.0 0.0 0.0 58.736077272322916 0.0 0.0 5.278059130385537e-15 0.0 0.0 ""
19207 2344 2007-10-19 Ia pW6 0.0 0.0 0.0 29.615496147372994 0.0 0.0 1.741528428924277e-16 0.0 0.0 ""
19207 2344 2007-10-19 Ia pW7 0.0 0.0 0.0 115.6802595112 0.0 0.0 6.2152671128232995e-16 0.0 0.0 ""
19211 2302 2007-10-31 Ia pW6 0.0 0.0 0.0 177.95511314483565 0.0 0.0 5.315445178218226e-15 0.0 0.0 ""
19211 2302 2007-10-31 Ia pW7 0.0 0.0 0.0 112.23936847182932 0.0 0.0 3.3243034985383332e-15 0.0 0.0 ""
19220 2389 2007-11-04 Ia? pW6 0.0 0.0 0.0 18.530611342753673 0.0 0.0 2.202475153669816e-15 0.0 0.0 ""
19220 2389 2007-11-04 Ia? pW7 0.0 0.0 0.0 92.75787476782614 0.0 0.0 1.1667762992707967e-14 0.0 0.0 ""
19230 2282 2007-10-15 Ia pW6 0.0 0.0 0.0 24.896302002088987 0.0 0.0 4.564681314484619e-16 0.0 0.0 ""
19230 2282 2007-10-15 Ia pW7 0.0 0.0 0.0 44.1893746065241 0.0 0.0 7.811500859890514e-16 0.0 0.0 ""
19282 2280 2007-10-15 Ia pW6 0.0 0.0 0.0 83.42102542606276 0.0 0.0 5.636550967050738e-16 0.0 0.0 ""
19282 2280 2007-10-15 Ia pW7 0.0 0.0 0.0 148.0494642024941 0.0 0.0 9.874533569448913e-16 0.0 0.0 ""
19341 2298 2007-10-17 Ia pW6 0.0 0.0 0.0 23.485273650705466 0.0 0.0 2.1872950299775072e-16 0.0 0.0 ""
19341 2298 2007-10-17 Ia pW7 0.0 0.0 0.0 79.93119878223723 0.0 0.0 6.728825281384712e-16 0.0 0.0 ""
19353 2281 2007-10-17 Ia pW6 0.0 0.0 0.0 18.88054097557722 0.0 0.0 4.744360698439371e-16 0.0 0.0 ""
19353 2281 2007-10-17 Ia pW7 0.0 0.0 0.0 179.23876701099107 0.0 0.0 4.865955461513485e-15 0.0 0.0 ""
19365 2329 2007-11-03 Ia? pW6 0.0 0.0 0.0 22.92134617461889 0.0 0.0 1.7502969641010037e-16 0.0 0.0 ""
19365 2329 2007-11-03 Ia? pW7 0.0 0.0 0.0 102.53743637941409 0.0 0.0 8.635069315034583e-16 0.0 0.0 ""
19381 2283 2007-10-17 Ia pW6 0.0 0.0 0.0 43.29687535410318 0.0 0.0 3.698884353805008e-16 0.0 0.0 ""
19381 2283 2007-10-17 Ia pW7 0.0 0.0 0.0 155.87982788605 0.0 0.0 1.3491814783738355e-15 0.0 0.0 ""
19389 2304 2007-10-19 Ia? pW6 0.0 0.0 0.0 209.0696164650788 0.0 0.0 2.3423687426127606e-15 0.0 0.0 ""
19389 2304 2007-10-19 Ia? pW7 0.0 0.0 0.0 373.4084646475373 0.0 0.0 7.795388731963294e-15 0.0 0.0 ""
19425 2332 2007-11-03 Ia? pW6 0.0 0.0 0.0 9.43293111743003 0.0 0.0 9.965070980219185e-16 0.0 0.0 ""
19425 2332 2007-11-03 Ia? pW7 0.0 0.0 0.0 51.20938069270147 0.0 0.0 5.397962191792718e-15 0.0 0.0 ""
19543 2357 2007-10-27 Ia pW6 0.0 0.0 0.0 76.85976833112761 0.0 0.0 5.6596006569862884e-15 0.0 0.0 ""
19543 2357 2007-10-27 Ia pW7 nan nan nan nan nan nan nan nan nan "Feature not in spectral wavelength range."
19596 2333 2007-11-08 Ia pW6 0.0 0.0 0.0 120.45621621330872 0.0 0.0 1.3138044623501347e-15 0.0 0.0 ""
19596 2333 2007-11-08 Ia pW7 0.0 0.0 0.0 377.2957088731469 0.0 0.0 4.698130258729686e-15 0.0 0.0 ""
19604 2380 2007-10-31 Ia pW6 0.0 0.0 0.0 143.3159655662713 0.0 0.0 1.0807883214765737e-15 0.0 0.0 ""
19604 2380 2007-10-31 Ia pW7 0.0 0.0 0.0 281.5140689979032 0.0 0.0 1.6644141533440183e-15 0.0 0.0 ""
19616 2359 2007-10-28 Ia pW6 0.0 0.0 0.0 116.39595964302498 0.0 0.0 3.853406956827554e-15 0.0 0.0 ""
19616 2359 2007-10-28 Ia pW7 nan nan nan nan nan nan nan nan nan "Feature not in spectral wavelength range."
19625 2387 2007-11-07 Ia? pW6 0.0 0.0 0.0 74.78212970133924 0.0 0.0 3.2229003892534468e-15 0.0 0.0 ""
19625 2387 2007-11-07 Ia? pW7 0.0 0.0 0.0 207.1954413575527 0.0 0.0 1.2991893721496245e-14 0.0 0.0 ""
19626 2428 2007-11-04 Ia pW6 0.0 0.0 0.0 14.777868224121704 0.0 0.0 1.0646433498895682e-15 0.0 0.0 ""
19626 2428 2007-11-04 Ia pW7 0.0 0.0 0.0 325.37019774511407 0.0 0.0 4.3347190660775586e-14 0.0 0.0 ""
19632 2369 2007-11-05 Ia pW6 0.0 0.0 0.0 17.56832245578994 0.0 0.0 9.51640923876836e-16 0.0 0.0 ""
19632 2369 2007-11-05 Ia pW7 0.0 0.0 0.0 186.93458013852864 0.0 0.0 1.1852361409279957e-14 0.0 0.0 ""
19658 2412 2007-11-05 Ia pW6 0.0 0.0 0.0 20.059960559661874 0.0 0.0 2.7759777840618347e-16 0.0 0.0 ""
19658 2412 2007-11-05 Ia pW7 nan nan nan nan nan nan nan nan nan "Feature not in spectral wavelength range."
19702 2438 2007-11-10 Ia pW6 0.0 0.0 0.0 71.00976154481162 0.0 0.0 6.703162253281405e-15 0.0 0.0 ""
19702 2438 2007-11-10 Ia pW7 0.0 0.0 0.0 313.24300187785326 0.0 0.0 3.786606419228827e-14 0.0 0.0 ""
19757 2386 2007-11-05 Ia pW6 0.0 0.0 0.0 188.10045890099957 0.0 0.0 2.6730590012821387e-15 0.0 0.0 ""
19757 2386 2007-11-05 Ia pW7 0.0 0.0 0.0 383.94237182337673 0.0 0.0 8.267797582143018e-15 0.0 0.0 ""
19775 2945 2007-11-03 Ia pW6 0.0 0.0 0.0 19.336418403281414 0.0 0.0 8.595313712235104e-16 0.0 0.0 ""
19775 2945 2007-11-03 Ia pW7 0.0 0.0 0.0 189.49460824764702 0.0 0.0 9.897912971865816e-15 0.0 0.0 ""
19794 2384 2007-11-04 Ia pW6 0.0 0.0 0.0 72.93633957714076 0.0 0.0 5.162397034592361e-16 0.0 0.0 ""
19794 2384 2007-11-04 Ia pW7 0.0 0.0 0.0 258.3383064683754 0.0 0.0 2.0923807414800353e-15 0.0 0.0 ""
19818 2381 2007-11-04 Ia pW6 0.0 0.0 0.0 72.73178052349584 0.0 0.0 2.8581547153336677e-15 0.0 0.0 ""
19818 2381 2007-11-04 Ia pW7 0.0 0.0 0.0 317.4730814150346 0.0 0.0 1.8378793753470443e-14 0.0 0.0 ""
