results/spec_class/sdss_sako18spec_3_1_2.ecsv
# %ECSV 0.9
# ---
# datatype:
# - {name: obj_id, datatype: string}
# - {name: sid, datatype: string}
# - {name: date, datatype: string}
# - {name: type, datatype: string}
# - {name: feat_name, datatype: string}
# - {name: vel, datatype: float64}
# - {name: vel_err, datatype: float64}
# - {name: vel_samperr, datatype: float64}
# - {name: pew, datatype: float64}
# - {name: pew_err, datatype: float64}
# - {name: pew_samperr, datatype: float64}
# - {name: area, datatype: float64}
# - {name: area_err, datatype: float64}
# - {name: area_samperr, datatype: float64}
# - {name: msg, datatype: string}
# schema: astropy-2.0
obj_id sid date type feat_name vel vel_err vel_samperr pew pew_err pew_samperr area area_err area_samperr msg
[from data line 1103]
21033 2565 2007-11-13 Ia pW7 0.0 0.0 0.0 69.12585477250157 0.0 107.8806386498762 4.510308062093197e-16 0.0 5.226595736265423e-16 ""
21034 2489 2007-11-10 Ia pW6 0.0 0.0 0.0 5.36197766995224 0.0 12.446505390901013 8.7398391756965685e-16 0.0 1.5837744328424781e-15 ""
21034 2489 2007-11-10 Ia pW7 0.0 0.0 0.0 220.7099230704386 0.0 86.9135625162974 3.967859415263478e-14 0.0 2.0207791294576493e-14 ""
21034 2489 2007-11-23 Ia? pW6 0.0 0.0 0.0 -39.46812768260132 0.0 102.6099948663775 1.4228177110266405e-16 0.0 3.2554508545598372e-15 ""
21034 2489 2007-11-23 Ia? pW7 0.0 0.0 0.0 166.10199008308075 0.0 144.06564429179838 1.0709752762808073e-14 0.0 8.136400193203356e-15 ""
21034 2489 2007-12-07 Ia pW6 0.0 0.0 0.0 66.30467202485812 0.0 10.502683023082652 1.92911588552482e-15 0.0 3.8995385542502194e-16 ""
21034 2489 2007-12-07 Ia pW7 0.0 0.0 0.0 178.53588389777053 0.0 53.30046267218802 5.909312145945129e-15 0.0 2.299642217743952e-15 ""
21034 2489 2007-12-09 Ia pW6 0.0 0.0 0.0 49.38788977319984 0.0 9.889870420556608 1.4829072053812316e-15 0.0 3.6054881040863397e-16 ""
21034 2489 2007-12-09 Ia pW7 0.0 0.0 0.0 167.81013414422623 0.0 58.28508120512575 6.214681302815641e-15 0.0 2.8577295642839424e-15 ""
21042 2564 2007-11-14 Ia pW6 0.0 0.0 0.0 74.0553638966747 0.0 31.118282001554736 4.948574370357172e-16 0.0 2.6145023865804016e-16 ""
21042 2564 2007-11-14 Ia pW7 0.0 0.0 0.0 439.74352374080604 0.0 63.03591090537609 5.146796992611192e-15 0.0 2.2486434186689356e-15 ""
21062 2848 2007-11-16 Ia pW6 0.0 0.0 0.0 26.24111558498058 0.0 15.087007443177862 4.596526803931417e-16 0.0 2.778980027077287e-16 ""
21062 2848 2007-11-16 Ia pW7 0.0 0.0 0.0 178.1900810167967 0.0 111.17904364191129 4.659948390573496e-15 0.0 3.3684880334618135e-15 ""
21422 2599 2007-11-15 Ia pW6 0.0 0.0 0.0 19.022686089480214 0.0 41.379716140664954 8.774998819790877e-17 0.0 1.4548121253732582e-16 ""
21422 2599 2007-11-15 Ia pW7 0.0 0.0 0.0 1158.0315140894788 0.0 4884.9218906695505 3.793663935590774e-16 0.0 6.0892422711255715e-16 ""
21455 2644 2007-12-08 Ia pW6 0.0 0.0 0.0 -1.1318635636391041 0.0 5.51375146230414 -1.7076284285404157e-17 0.0 1.118181141443293e-16 ""
21455 2644 2007-12-08 Ia pW7 0.0 0.0 0.0 160.71005415793869 0.0 43.02267325745673 3.28446042721163e-15 0.0 1.0926978510477802e-15 ""
21502 2703 2007-11-13 Ia pW6 nan nan nan nan nan nan nan nan nan "Range too small. Please select a wider range"
21502 2703 2007-11-13 Ia pW7 nan nan nan nan nan nan nan nan nan "Range too small. Please select a wider range"
21502 2703 2007-11-14 Ia pW6 nan nan nan nan nan nan nan nan nan "Range too small. Please select a wider range"
21502 2703 2007-11-14 Ia pW7 nan nan nan nan nan nan nan nan nan "Range too small. Please select a wider range"
21502 2703 2007-11-17 Ia pW6 0.0 0.0 0.0 10.749404591705606 0.0 6.078624490176783 2.048680281455084e-15 0.0 1.1857640046832298e-15 ""
21502 2703 2007-11-17 Ia pW7 0.0 0.0 0.0 135.20999407499107 0.0 11.403537213640746 2.86652763634434e-14 0.0 2.8774971522804462e-15 ""
21502 2703 2007-12-02 Ia pW6 nan nan nan nan nan nan nan nan nan "Feature not in spectral wavelength range."
21502 2703 2007-12-02 Ia pW7 nan nan nan nan nan nan nan nan nan "Feature not in spectral wavelength range."
21502 2703 2007-12-08 Ia pW6 0.0 0.0 0.0 43.916156900661726 0.0 5.196419171216909 4.752717197932114e-15 0.0 6.674901825650551e-16 ""
21502 2703 2007-12-08 Ia pW7 0.0 0.0 0.0 136.3302978567798 0.0 16.639074379379622 1.6357812772687406e-14 0.0 2.5086935515448207e-15 ""
21510 2662 2007-11-23 Ia pW6 0.0 0.0 0.0 36.04657905785528 0.0 43.968946561008835 4.2158604244219004e-15 0.0 4.362946216228328e-15 ""
21510 2662 2007-11-23 Ia pW7 nan nan nan nan nan nan nan nan nan "Feature not in spectral wavelength range."
2165 209 2005-09-28 Ia pW6 0.0 0.0 0.0 32.282226417048015 0.0 39.48126113160413 1.9975936332355787e-16 0.0 2.148351540927498e-16 ""
2165 209 2005-09-28 Ia pW7 0.0 0.0 0.0 225.14682080011863 0.0 68.38937289163083 1.2300818287351922e-15 0.0 5.758972655327457e-16 ""
21669 2712 2007-11-15 Ia pW6 0.0 0.0 0.0 4.240659531644368 0.0 10.813132860061923 9.660901636173332e-17 0.0 2.234414899154832e-16 ""
21669 2712 2007-11-15 Ia pW7 0.0 0.0 0.0 31.218644278841676 0.0 50.70519506928076 6.77861030716869e-16 0.0 8.809943551647561e-16 ""
21669 2712 2007-12-03 Ia pW6 nan nan nan nan nan nan nan nan nan "Feature not in spectral wavelength range."
21669 2712 2007-12-03 Ia pW7 nan nan nan nan nan nan nan nan nan "Feature not in spectral wavelength range."
21669 2712 2007-12-10 Ia pW6 0.0 0.0 0.0 25.792195741490136 0.0 13.251151087009115 9.034147229683814e-16 0.0 5.087315375178002e-16 ""
21669 2712 2007-12-10 Ia pW7 0.0 0.0 0.0 94.15347911165182 0.0 31.543765082482228 3.295890128490855e-15 0.0 1.2900510706493015e-15 ""
21766 2638 2007-11-15 Ia pW6 nan nan nan nan nan nan nan nan nan "Range too small. Please select a wider range"
21766 2638 2007-11-15 Ia pW7 nan nan nan nan nan nan nan nan nan "Range too small. Please select a wider range"
21810 2724 2007-12-07 Ia pW6 0.0 0.0 0.0 16.450718071409085 0.0 34.37945994027414 2.488711796688545e-16 0.0 4.2445182178947736e-16 ""
21810 2724 2007-12-07 Ia pW7 0.0 0.0 0.0 -18.196803722615154 0.0 343.50571447385465 1.1707404649109237e-15 0.0 1.897794551554624e-15 ""
21814 2652 2007-11-17 Ia pW6 0.0 0.0 0.0 6.620119115861623 0.0 6.024951585912423 3.6506999981655743e-16 0.0 3.3924954908412733e-16 ""
21814 2652 2007-11-17 Ia pW7 0.0 0.0 0.0 82.20193951740742 0.0 56.18523656927796 4.53021276292122e-15 0.0 3.164941727809546e-15 ""
21814 2652 2007-12-09 Ia pW6 0.0 0.0 0.0 20.669446475108952 0.0 6.289122745196443 2.668126018115173e-15 0.0 8.7988358605881e-16 ""
21814 2652 2007-12-09 Ia pW7 0.0 0.0 0.0 56.65977344428693 0.0 24.009006473292608 7.321785632032203e-15 0.0 3.32218031019832e-15 ""
21839 2716 2007-12-08 Ia pW6 0.0 0.0 0.0 21.47533041139132 0.0 8.320932166832614 1.3064040904050037e-15 0.0 5.451520925175287e-16 ""
21839 2716 2007-12-08 Ia pW7 0.0 0.0 0.0 194.9838530175831 0.0 87.59110543084618 1.4056808500235662e-14 0.0 8.355460083754473e-15 ""
21861 2723 2007-12-07 Ia pW6 0.0 0.0 0.0 8.939464701245056 0.0 38.038544848743705 1.4766208011618145e-16 0.0 3.5215491639400095e-16 ""
21861 2723 2007-12-07 Ia pW7 0.0 0.0 0.0 102.70446382101514 0.0 72.67677145855501 1.0617257336809963e-15 0.0 8.358225659903189e-16 ""
22075 2661 2007-11-25 Ia pW6 0.0 0.0 0.0 24.706378266414763 0.0 23.09832598301398 4.144288517927807e-15 0.0 3.627846390051158e-15 ""
22075 2661 2007-11-25 Ia pW7 nan nan nan nan nan nan nan nan nan "Feature not in spectral wavelength range."
22182 2690 2007-12-03 Ia pW6 0.0 0.0 0.0 57.62938981519906 0.0 20.009709428863825 5.755684884037898e-15 0.0 2.411543749880614e-15 ""
22182 2690 2007-12-03 Ia pW7 0.0 0.0 0.0 148.12237485365975 0.0 22.46521041872477 1.0504096342685024e-14 0.0 2.266227273689907e-15 ""
22182 2690 2007-12-10 Ia pW6 0.0 0.0 0.0 -12.399477157323677 0.0 86.02461649429472 1.7465008289051575e-16 0.0 3.4145478646842936e-16 ""
22182 2690 2007-12-10 Ia pW7 0.0 0.0 0.0 205.27225988554585 0.0 95.841683082475 2.450099893596327e-15 0.0 1.4166286969815473e-15 ""
22284 2735 2007-12-08 Ia pW6 0.0 0.0 0.0 18.566926079552918 0.0 37.278094117003995 6.898434673938835e-16 0.0 9.389784776877844e-16 ""
22284 2735 2007-12-08 Ia pW7 0.0 0.0 0.0 113.59203183349504 0.0 107.73450456144425 4.130390544523148e-15 0.0 4.096723942451628e-15 ""
2246 1683 2005-09-25 Ia pW6 0.0 0.0 0.0 2.6039531892784087 0.0 32.313885104671755 1.7578230492093173e-16 0.0 7.392022279186229e-16 ""
2246 1683 2005-09-25 Ia pW7 0.0 0.0 0.0 275.2994379630504 0.0 70.40537821108964 9.10253229693718e-15 0.0 3.666400924802099e-15 ""
2308 2970 2005-09-24 Ia pW6 0.0 0.0 0.0 24.069514635772947 0.0 17.715779802089525 1.4567994044212643e-15 0.0 1.0788290816006968e-15 ""
2308 2970 2005-09-24 Ia pW7 0.0 0.0 0.0 251.9770920126408 0.0 63.75951623887242 1.3218983454176641e-14 0.0 4.72852514434037e-15 ""
2330 196 2005-09-28 Ia pW6 0.0 0.0 0.0 31.278962513014793 0.0 55.78800702011012 3.5555037042361684e-16 0.0 4.281704509949188e-16 ""
2330 196 2005-09-28 Ia pW7 0.0 0.0 0.0 122.02965341896648 0.0 26.279413815029088 1.0483360627259236e-15 0.0 2.859702211213245e-16 ""
2372 159 2005-09-24 Ia pW6 0.0 0.0 0.0 15.550553835093565 0.0 12.126378635739753 4.690381722522554e-16 0.0 3.8595157901325043e-16 ""
2372 159 2005-09-24 Ia pW7 0.0 0.0 0.0 174.93097144501112 0.0 42.26678322491918 6.038799285422904e-15 0.0 2.1029763687521968e-15 ""
2372 159 2005-09-25 Ia pW6 0.0 0.0 0.0 25.490619508079703 0.0 27.26015752961773 7.250963364290973e-16 0.0 7.44042772517148e-16 ""
2372 159 2005-09-25 Ia pW7 0.0 0.0 0.0 203.57656604252747 0.0 71.99403283028815 7.155959884189376e-15 0.0 3.3166077911542657e-15 ""
2422 210 2005-09-28 Ia pW6 0.0 0.0 0.0 16.301094013664578 0.0 16.00616355735119 1.4678480440435848e-16 0.0 1.370921039909504e-16 ""
2422 210 2005-09-28 Ia pW7 0.0 0.0 0.0 106.1258128449163 0.0 26.882757473373864 7.846394031170361e-16 0.0 2.553324487163697e-16 ""
2440 121 2005-09-25 Ia pW6 0.0 0.0 0.0 30.837070027114688 0.0 11.052700171159307 3.5238426919182344e-15 0.0 1.451732837895958e-15 ""
2440 121 2005-09-25 Ia pW7 0.0 0.0 0.0 104.27945881331523 0.0 60.47158484342311 1.0743853084721565e-14 0.0 6.027240952146982e-15 ""
2533 229 2005-10-01 Ia pW6 0.0 0.0 0.0 140.1132219460776 0.0 69.82400600379366 5.1909853435227984e-15 0.0 3.1572658292493106e-15 ""
2533 229 2005-10-01 Ia pW7 0.0 0.0 0.0 -62.2476455165832 0.0 278.09685212616097 1.8351825169069173e-15 0.0 2.5687378418209012e-15 ""
2561 162 2005-09-23 Ia pW6 0.0 0.0 0.0 48.279090792067734 0.0 48.003668082376265 6.089976049448411e-15 0.0 5.573559775351283e-15 ""
2561 162 2005-09-23 Ia pW7 nan nan nan nan nan nan nan nan nan "Feature not in spectral wavelength range."
2561 162 2005-09-25 Ia pW6 0.0 0.0 0.0 41.35856843695234 0.0 26.231620149355695 2.3792014914929108e-15 0.0 1.5180018652697203e-15 ""
2561 162 2005-09-25 Ia pW7 0.0 0.0 0.0 88.70191920294707 0.0 9.785404196083856 4.529337281395551e-15 0.0 6.547241266321021e-16 ""
2635 357 2005-09-25 Ia pW6 0.0 0.0 0.0 37.922596572039055 0.0 17.760608265411733 2.900858639166138e-15 0.0 1.4748174002423008e-15 ""
2635 357 2005-09-25 Ia pW7 0.0 0.0 0.0 345.169843304004 0.0 35.51510437910146 3.446172057883005e-14 0.0 7.018772933349037e-15 ""
2635 357 2005-10-27 Ia pW6 0.0 0.0 0.0 67.80709165395018 0.0 16.554382580290973 9.058940998694698e-16 0.0 2.7615049501349585e-16 ""
2635 357 2005-10-27 Ia pW7 0.0 0.0 0.0 238.9505989798926 0.0 41.60043983546758 3.364809813233209e-15 0.0 7.917540874081638e-16 ""
2689 122 2005-09-24 Ia pW6 0.0 0.0 0.0 23.5186942262922 0.0 76.72280848754808 6.482089948617863e-16 0.0 1.0879988947512695e-15 ""
2689 122 2005-09-24 Ia pW7 0.0 0.0 0.0 27.607834362597522 0.0 192.5106282051981 1.1825163835808544e-15 0.0 1.8980217523371883e-15 ""
2746 1656 2005-09-25 Ia? pW6 0.0 0.0 0.0 10.203659853112878 0.0 11.918569951064 3.78111152855976e-16 0.0 4.117939639652297e-16 ""
2746 1656 2005-09-25 Ia? pW7 0.0 0.0 0.0 260.0910042949034 0.0 74.9147275681446 1.6199349070490907e-14 0.0 7.001194438709306e-15 ""
2789 201 2005-09-27 Ia pW6 0.0 0.0 0.0 16.536632532914453 0.0 96.8332984953407 2.20699509053923e-16 0.0 2.8062272367295853e-16 ""
2789 201 2005-09-27 Ia pW7 0.0 0.0 0.0 335.1345212746283 0.0 55.795543323193904 1.855369907179098e-15 0.0 6.94975409455936e-16 ""
2916 184 2005-09-25 Ia pW6 0.0 0.0 0.0 49.01866171448526 0.0 50.353506681865035 2.865735913769635e-15 0.0 2.7247767754149805e-15 ""
2916 184 2005-09-25 Ia pW7 0.0 0.0 0.0 146.00861512090435 0.0 27.328733368091033 7.156480118688586e-15 0.0 1.9291522323335206e-15 ""
2916 184 2005-09-27 Ia pW6 0.0 0.0 0.0 41.43832606434586 0.0 24.70324578665498 1.2940517317863417e-15 0.0 8.304656693844397e-16 ""
2916 184 2005-09-27 Ia pW7 0.0 0.0 0.0 25.339299087494734 0.0 82.84212965542302 1.1389791354348598e-15 0.0 1.8794801152517877e-15 ""
2916 184 2005-10-01 Ia pW6 0.0 0.0 0.0 20.65298417633409 0.0 14.67507836557785 1.075628967425164e-15 0.0 8.009116173173847e-16 ""
2916 184 2005-10-01 Ia pW7 0.0 0.0 0.0 108.48934386807429 0.0 41.98062613674596 5.192241437981383e-15 0.0 2.179731386931052e-15 ""
2943 223 2005-10-09 Ia pW6 0.0 0.0 0.0 5.310789337713505 0.0 63.557776944215895 8.802071011223173e-16 0.0 2.218461993729656e-15 ""
2943 223 2005-10-09 Ia pW7 0.0 0.0 0.0 496.043658219279 0.0 83.47388337660131 2.9683960533572516e-14 0.0 1.4903461745220902e-14 ""
2992 355 2005-10-07 Ia pW6 0.0 0.0 0.0 32.84069731158025 0.0 17.341505553328787 3.1928970822872655e-15 0.0 1.7018873206829193e-15 ""
2992 355 2005-10-07 Ia pW7 0.0 0.0 0.0 164.8798434391825 0.0 67.9674721499124 1.8221317576761016e-14 0.0 8.476048271905374e-15 ""
2992 355 2005-10-26 Ia pW6 0.0 0.0 0.0 52.523853666248705 0.0 20.621181226650915 7.492185880802063e-16 0.0 3.336186303911391e-16 ""
2992 355 2005-10-26 Ia pW7 0.0 0.0 0.0 272.94367825117 0.0 46.47180552208643 4.102137605860205e-15 0.0 1.0040429616810313e-15 ""
3080 1662 2005-09-26 Ia pW6 0.0 0.0 0.0 11.778090928075306 0.0 19.28320633093216 4.2957777580941746e-16 0.0 6.246271458034198e-16 ""
3080 1662 2005-09-26 Ia pW7 0.0 0.0 0.0 116.87887389108256 0.0 54.40498191383534 4.7278179912444e-15 0.0 2.5816942918026915e-15 ""
3080 1662 2005-09-28 Ia pW6 0.0 0.0 0.0 13.158136705920738 0.0 14.523824744665683 5.027134515383607e-16 0.0 5.431605388261364e-16 ""
3080 1662 2005-09-28 Ia pW7 0.0 0.0 0.0 129.95878297855808 0.0 37.28705154957056 4.8551419036042265e-15 0.0 1.758891366948996e-15 ""
3080 1662 2005-10-27 Ia pW6 0.0 0.0 0.0 77.53861230238199 0.0 8.76791124105842 1.1491676446843526e-15 0.0 1.7052684973119272e-16 ""
3080 1662 2005-10-27 Ia pW7 0.0 0.0 0.0 193.16547521815613 0.0 29.812319466455758 3.0405691238626122e-15 0.0 6.840454408501443e-16 ""
3087 1666 2005-10-03 Ia pW6 0.0 0.0 0.0 24.447537401771434 0.0 33.599091148063295 1.2252152720015053e-15 0.0 1.4899144291366136e-15 ""
3087 1666 2005-10-03 Ia pW7 nan nan nan nan nan nan nan nan nan "Feature not in spectral wavelength range."
3199 254 2005-10-09 Ia pW6 0.0 0.0 0.0 30.749038306047787 0.0 36.32076050719913 8.445965373855472e-16 0.0 8.094104667048287e-16 ""
3199 254 2005-10-09 Ia pW7 0.0 0.0 0.0 194.40515305512704 0.0 96.7408588204256 4.31183530957337e-15 0.0 2.5821902498127787e-15 ""
3241 246 2005-09-25 Ia? pW6 0.0 0.0 0.0 167.9767064937879 0.0 8.452887229883887 1.5788108215155202e-14 0.0 2.0465654974748196e-15 ""
3241 246 2005-09-25 Ia? pW7 0.0 0.0 0.0 270.79968938740535 0.0 38.35087332153527 2.8591943282170413e-14 0.0 1.024048111411233e-14 ""
3256 2943 2005-10-25 Ia pW6 0.0 0.0 0.0 28.796465977874828 0.0 12.576497187899522 5.138715226324127e-15 0.0 2.7590549043679114e-15 ""
3256 2943 2005-10-25 Ia pW7 0.0 0.0 0.0 268.60295912659717 0.0 33.306212679316545 5.643949980643944e-14 0.0 1.0976055914865009e-14 ""
3317 1665 2005-09-27 Ia pW6 0.0 0.0 0.0 16.40981955375692 0.0 27.415382932483382 9.813720655089049e-16 0.0 1.3339066695533008e-15 ""
3317 1665 2005-09-27 Ia pW7 0.0 0.0 0.0 234.7822761741898 0.0 41.43143980362676 1.6258746992332193e-14 0.0 4.024943349002778e-15 ""
3331 1668 2005-09-26 Ia? pW6 0.0 0.0 0.0 70.26718922791326 0.0 191.73077648230606 1.317791861527997e-15 0.0 9.590456077154723e-16 ""
3331 1668 2005-09-26 Ia? pW7 0.0 0.0 0.0 234.14345154895597 0.0 97.94609615248379 3.242676468568879e-15 0.0 2.092803100996014e-15 ""
3377 224 2005-10-12 Ia pW6 0.0 0.0 0.0 15.611554151647242 0.0 15.678289662381426 3.736147581588386e-16 0.0 3.500706149649713e-16 ""
3377 224 2005-10-12 Ia pW7 0.0 0.0 0.0 80.3158235119662 0.0 121.79835685216382 2.177195903703367e-15 0.0 2.1792572893221156e-15 ""
3451 203 2005-09-27 Ia pW6 0.0 0.0 0.0 15.914929726806381 0.0 21.67722242782776 1.4550760684195374e-16 0.0 1.826967908476609e-16 ""
3451 203 2005-09-27 Ia pW7 0.0 0.0 0.0 30.95084919532844 0.0 156.70886450715727 5.749177757169709e-16 0.0 7.980755420595537e-16 ""
3452 204 2005-09-27 Ia pW6 0.0 0.0 0.0 34.058797024324775 0.0 37.016470345502505 3.181065987141796e-16 0.0 2.773274920184664e-16 ""
