results/spec_class/sdss_sako18spec_auto_5.ecsv
# %ECSV 0.9
# ---
# datatype:
# - {name: obj_id, datatype: string}
# - {name: date, datatype: string}
# - {name: feat_name, datatype: string}
# - {name: vel, datatype: float64}
# - {name: vel_err, datatype: float64}
# - {name: vel_samperr, datatype: float64}
# - {name: pew, datatype: float64}
# - {name: pew_err, datatype: float64}
# - {name: pew_samperr, datatype: float64}
# - {name: area, datatype: float64}
# - {name: area_err, datatype: float64}
# - {name: area_samperr, datatype: float64}
# - {name: msg, datatype: string}
# schema: astropy-2.0
obj_id date feat_name vel vel_err vel_samperr pew pew_err pew_samperr area area_err area_samperr msg
[from data line 1303]
5751 2005-11-27 pW7 0.0 0.0 0.0 218.37068386386696 0.0 67.74965215806839 6.0843875697537964e-15 0.0 2.721640411843195e-15 ""
5821 2005-10-25 pW6 0.0 0.0 0.0 2623.359454314031 0.0 25074.718623797267 2.695047096850331e-15 0.0 7.376692240780275e-15 ""
5821 2005-10-25 pW7 0.0 0.0 0.0 147.20011721657022 0.0 2172.0051851802214 4.982461718709636e-15 0.0 1.4363808155044525e-14 ""
5821 2005-10-27 pW6 0.0 0.0 0.0 124.73182489113985 0.0 5216.921909502992 9.591321992053596e-16 0.0 4.7809907460074695e-15 ""
5821 2005-10-27 pW7 0.0 0.0 0.0 20.664450101493976 0.0 4687.391522843314 3.5060164267114436e-15 0.0 1.9933051595875993e-14 ""
5844 2005-10-26 pW6 0.0 0.0 0.0 24.02895705543634 0.0 32.649421758419585 2.2196425024585847e-16 0.0 2.628734441814403e-16 ""
5844 2005-10-26 pW7 0.0 0.0 0.0 70.08827535831998 0.0 97.35342363868182 5.238149848337409e-16 0.0 6.253016849422201e-16 ""
5916 2005-10-25 pW6 0.0 0.0 0.0 10.666485798685603 0.0 35.738644995334155 2.8155774699719264e-15 0.0 7.085642061994639e-15 ""
5916 2005-10-25 pW7 nan nan nan nan nan nan nan nan nan "Feature not in spectral wavelength range."
5916 2005-10-31 pW6 0.0 0.0 0.0 12.48517396741542 0.0 17.549876775817335 9.149940114117673e-16 0.0 1.1622663856607332e-15 ""
5916 2005-10-31 pW7 0.0 0.0 0.0 76.4458627835835 0.0 88.13027842152363 6.852010208398549e-15 0.0 6.6874834707735165e-15 ""
5944 2005-10-22 pW6 0.0 0.0 0.0 4.913670756884215 0.0 6.789547281153815 1.7216543551821763e-15 0.0 2.3927733866204037e-15 ""
5944 2005-10-22 pW7 0.0 0.0 0.0 65.47200066451401 0.0 9.146824996716132 1.790313258205008e-14 0.0 3.129542023877146e-15 ""
5944 2005-10-24 pW6 0.0 0.0 0.0 10.550686012931019 0.0 4.20601790600608 2.9647362065401413e-15 0.0 1.2316995022949904e-15 ""
5944 2005-10-24 pW7 0.0 0.0 0.0 71.96718886236059 0.0 10.471598068230474 1.521091342266636e-14 0.0 2.6938811345652127e-15 ""
5944 2005-11-27 pW6 0.0 0.0 0.0 59.929127593105456 0.0 10.210712392843199 2.0435939456480143e-15 0.0 4.722171187235482e-16 ""
5944 2005-11-27 pW7 0.0 0.0 0.0 203.6782541904046 0.0 23.869898289395916 8.008161792425763e-15 0.0 1.3026643720985133e-15 ""
5957 2005-10-26 pW6 0.0 0.0 0.0 45.89679060389585 0.0 65.99349641912679 1.91812859807684e-16 0.0 1.9056995855919838e-16 ""
5957 2005-10-26 pW7 0.0 0.0 0.0 97.37758478988093 0.0 55.97180638261654 3.060149160571467e-16 0.0 1.8232223981285723e-16 ""
5966 2005-10-30 pW6 0.0 0.0 0.0 -63.840779867737496 0.0 527.0169937819444 1.5208796997416535e-17 0.0 1.5642712918704722e-16 ""
5966 2005-10-30 pW7 0.0 0.0 0.0 39.555618656822084 0.0 2500.5681282897076 1.3144494118107382e-16 0.0 5.625417441181131e-16 ""
5994 2005-10-23 pW6 0.0 0.0 0.0 16.40027145166685 0.0 17.60986691841688 4.2057746629541456e-16 0.0 4.486023171273033e-16 ""
5994 2005-10-23 pW7 0.0 0.0 0.0 146.59186616246825 0.0 63.49246170620819 2.9629050562171674e-15 0.0 1.7025861000384254e-15 ""
6057 2005-10-23 pW6 0.0 0.0 0.0 5.393714056611295 0.0 8.378603532973495 1.440892576484369e-15 0.0 2.2712096293157536e-15 ""
6057 2005-10-23 pW7 0.0 0.0 0.0 164.0809727102146 0.0 75.16005016519318 4.527351754539668e-14 0.0 2.7257146490524157e-14 ""
6057 2005-11-26 pW6 0.0 0.0 0.0 30.513083212516236 0.0 5.325832168592404 1.7457566457414135e-15 0.0 3.4050934246578454e-16 ""
6057 2005-11-26 pW7 0.0 0.0 0.0 341.56050667397113 0.0 83.91696722277004 3.419360350736551e-14 0.0 1.4152480585052875e-14 ""
6100 2005-11-04 pW6 0.0 0.0 0.0 9.830270224201815 0.0 26.41123210538913 7.706834077507078e-16 0.0 1.576614885680267e-15 ""
6100 2005-11-04 pW7 0.0 0.0 0.0 200.14050489586558 0.0 164.3585595753213 1.6704318837009532e-14 0.0 1.6777982852963234e-14 ""
6108 2005-10-28 pW6 0.0 0.0 0.0 5.427218528171612 0.0 97.21713186817394 1.3588576581412602e-16 0.0 2.6429110060041776e-16 ""
6108 2005-10-28 pW7 0.0 0.0 0.0 216.72474255391828 0.0 231.3972944602599 1.6380783265098321e-15 0.0 1.195733286265393e-15 ""
6127 2005-10-30 pW6 0.0 0.0 0.0 -239.1673564994721 0.0 7500.348165140579 -1.758293695362331e-16 0.0 5.999793811181641e-16 ""
6127 2005-10-30 pW7 0.0 0.0 0.0 331.95898254708777 0.0 4543.021417528341 -5.249543735884106e-16 0.0 2.152478489879696e-15 ""
6137 2005-11-02 pW6 0.0 0.0 0.0 1.7727459814301512 0.0 56.04797471776683 2.9274220679593898e-15 0.0 9.922230795082737e-15 ""
6137 2005-11-02 pW7 0.0 0.0 0.0 0.4772119627286846 0.0 255.43204303227523 1.7666393853229274e-14 0.0 3.387080929191976e-14 ""
6192 2005-11-05 pW6 0.0 0.0 0.0 39.83152983133567 0.0 29.579413805930777 1.7258491556873799e-15 0.0 1.402756143758394e-15 ""
6192 2005-11-05 pW7 0.0 0.0 0.0 116.7753039291944 0.0 204.95111241668383 7.256634008060256e-15 0.0 7.188145763860644e-15 ""
6196 2005-10-27 pW6 0.0 0.0 0.0 43.96818039180507 0.0 33.81029737820042 4.537633838022751e-16 0.0 3.5672727521040126e-16 ""
6196 2005-10-27 pW7 0.0 0.0 0.0 108.23817957359338 0.0 47.45281155301873 9.946202358333928e-16 0.0 5.007657356653554e-16 ""
6249 2005-10-28 pW6 0.0 0.0 0.0 33.19803126510557 0.0 26.72023126925151 3.2035726805272963e-16 0.0 2.5524804214506314e-16 ""
6249 2005-10-28 pW7 0.0 0.0 0.0 317.2071249917278 0.0 97.61319043191035 4.071470097899232e-15 0.0 1.8755300415649296e-15 ""
6295 2005-11-07 pW6 0.0 0.0 0.0 9.851430824132393 0.0 15.458739417026662 3.962272326347893e-16 0.0 5.351594173230323e-16 ""
6295 2005-11-07 pW7 0.0 0.0 0.0 84.99770644337464 0.0 33.339148063898136 3.17736364763785e-15 0.0 1.2634504362345383e-15 ""
6304 2005-11-05 pW6 0.0 0.0 0.0 11.336281321778504 0.0 7.184189492931881 0.11619323978154783 0.0 0.07701193234582268 ""
6304 2005-11-05 pW7 0.0 0.0 0.0 129.73377971114363 0.0 51.18211147169355 1.196164018608733 0.0 0.5779878635858567 ""
6315 2005-11-01 pW6 0.0 0.0 0.0 4.623031938662216 0.0 15.559588012976858 9.995358383581463e-17 0.0 2.2074131004749335e-16 ""
6315 2005-11-01 pW7 0.0 0.0 0.0 -316.46413072520727 0.0 3780.127624681164 1.050552586441252e-15 0.0 3.206162022868939e-15 ""
6315 2005-11-05 pW6 0.0 0.0 0.0 6.711933485765994 0.0 18.303837267222935 0.08528660331325945 0.0 0.18021048786823204 ""
6315 2005-11-05 pW7 0.0 0.0 0.0 109.36694128735668 0.0 80.85315793132422 1.0030036192841523 0.0 0.82998626080267 ""
6406 2005-10-24 pW6 0.0 0.0 0.0 23.627950019845862 0.0 20.375325546244294 8.564226700921047e-16 0.0 7.548886177490947e-16 ""
6406 2005-10-24 pW7 0.0 0.0 0.0 172.68470621048868 0.0 81.69838231232427 7.552332087597816e-15 0.0 4.152893569948274e-15 ""
6406 2005-11-26 pW6 0.0 0.0 0.0 50.20376060159504 0.0 5.579752229250414 1.9372439430947206e-15 0.0 2.5804961790933183e-16 ""
6406 2005-11-26 pW7 0.0 0.0 0.0 189.26495668884365 0.0 37.75121551087378 7.607122739074733e-15 0.0 2.0009509005162875e-15 ""
6422 2005-10-23 pW6 0.0 0.0 0.0 38.637061466761814 0.0 43.26801306132988 6.81372080264074e-16 0.0 6.920365792208535e-16 ""
6422 2005-10-23 pW7 0.0 0.0 0.0 180.36108846485948 0.0 103.94250929202381 2.7945352459034283e-15 0.0 1.662209265098887e-15 ""
6649 2005-11-01 pW6 0.0 0.0 0.0 268.7136327233556 0.0 4594.858013592422 -5.413549626937666e-16 0.0 9.333309338794015e-16 ""
6649 2005-11-01 pW7 0.0 0.0 0.0 -120.9676115121876 0.0 5670.818692609645 -6.663013841841378e-16 0.0 1.9239132620370045e-15 ""
6649 2005-11-05 pW6 0.0 0.0 0.0 -23.181217854924437 0.0 70.18861388548426 0.003914561103263219 0.0 0.17325711846436714 ""
6649 2005-11-05 pW7 0.0 0.0 0.0 -60.41417660497337 0.0 504.38319125966575 0.1273638364798109 0.0 0.5297258195710793 ""
6696 2005-10-31 pW6 0.0 0.0 0.0 6.030808750317368 0.0 45.927902378914474 9.758440281693585e-17 0.0 2.2854424842699413e-16 ""
6696 2005-10-31 pW7 0.0 0.0 0.0 368.4483559124253 0.0 174.592620424453 2.831025914808905e-15 0.0 2.454692350851009e-15 ""
6699 2005-10-28 pW6 0.0 0.0 0.0 27.824405597553593 0.0 42.14517789515722 1.965449011022463e-16 0.0 2.286370200770342e-16 ""
6699 2005-10-28 pW7 0.0 0.0 0.0 76.4193932189891 0.0 158.70928618847745 5.351145223672567e-16 0.0 6.868421751623902e-16 ""
6699 2005-11-05 pW6 0.0 0.0 0.0 10.95606089676118 0.0 23.673748831703843 0.10543938031913107 0.0 0.1917074211973584 ""
6699 2005-11-05 pW7 0.0 0.0 0.0 83.53230693252938 0.0 67.3610112128331 0.6740731715553064 0.0 0.5920075516845832 ""
6773 2005-10-31 pW6 0.0 0.0 0.0 2.639028580923432 0.0 2.7701683175382446 1.4497495532880042e-15 0.0 1.526634845756863e-15 ""
6773 2005-10-31 pW7 0.0 0.0 0.0 43.29765386953525 0.0 39.93151790433208 2.363955725950877e-14 0.0 2.250331834545541e-14 ""
6777 2005-10-30 pW6 0.0 0.0 0.0 -2063.534406510869 0.0 25041.936867659086 -5.698879535773319e-16 0.0 1.2156616023665048e-15 ""
6777 2005-10-30 pW7 0.0 0.0 0.0 1031.2409717377152 0.0 8085.084765558458 8.614884407308074e-16 0.0 1.796345823429153e-15 ""
6780 2005-11-01 pW6 0.0 0.0 0.0 95.53040820778075 0.0 34.59744849893329 8.716351709159912e-16 0.0 5.207772350651985e-16 ""
6780 2005-11-01 pW7 0.0 0.0 0.0 222.60050520100737 0.0 58.324913750027136 1.6843994370729742e-15 0.0 1.0154556068581028e-15 ""
6852 2005-10-31 pW6 0.0 0.0 0.0 -171.19525980364276 0.0 711.8283763671614 -2.985032385034043e-16 0.0 1.0757063021412207e-15 ""
6852 2005-10-31 pW7 0.0 0.0 0.0 184.83199236247435 0.0 2813.4423384707443 4.755314181141392e-16 0.0 2.1974290612175363e-15 ""
6924 2005-10-31 pW6 0.0 0.0 0.0 75.08083118111696 0.0 513.6707952553327 3.54412538755234e-16 0.0 9.207430057573963e-16 ""
6924 2005-10-31 pW7 0.0 0.0 0.0 199.2442873362331 0.0 1414.2313470995234 1.927483648568906e-15 0.0 2.9504607879370057e-15 ""
6933 2005-11-02 pW6 0.0 0.0 0.0 1.8626364015476935 0.0 48.74815629665832 1.9416862523126077e-16 0.0 6.973647593194389e-16 ""
6933 2005-11-02 pW7 0.0 0.0 0.0 133.93818937878933 0.0 132.6450633900815 2.323227864387916e-15 0.0 1.8396794125668355e-15 ""
6933 2005-11-05 pW6 0.0 0.0 0.0 7.288167632388164 0.0 8.549868392011954 0.07810281257852639 0.0 0.09115791951270717 ""
6933 2005-11-05 pW7 0.0 0.0 0.0 94.24029444703702 0.0 31.09908022658095 0.8300627374508054 0.0 0.33224318278075704 ""
6936 2005-11-05 pW6 0.0 0.0 0.0 6.596721745493792 0.0 7.393504936426614 0.17419592182108365 0.0 0.1980805123724588 ""
6936 2005-11-05 pW7 0.0 0.0 0.0 115.5310648348624 0.0 80.94582200644167 3.355957585332243 0.0 2.6032457281962516 ""
6962 2005-11-02 pW6 0.0 0.0 0.0 9.307327361928333 0.0 11.338676330814106 1.2069212213672528e-15 0.0 1.4203934176357852e-15 ""
6962 2005-11-02 pW7 0.0 0.0 0.0 50.1823421397563 0.0 40.67046815386562 6.284392000380272e-15 0.0 5.043542767101813e-15 ""
6968 2005-11-24 pW6 0.0 0.0 0.0 21.13441533395372 0.0 21.776867514782946 2.4492373753843883e-15 0.0 2.4979695283752766e-15 ""
6968 2005-11-24 pW7 0.0 0.0 0.0 94.15164844891987 0.0 72.54524124675743 1.1800298408049645e-14 0.0 8.926875310422156e-15 ""
7017 2006-10-02 pW6 0.0 0.0 0.0 16.977011072156486 0.0 33.55069117987512 3.1535441470800085e-16 0.0 5.299981435436888e-16 ""
7017 2006-10-02 pW7 0.0 0.0 0.0 -499.09033235143124 0.0 1626.6944534340728 4.956818601254663e-15 0.0 5.5610476655392996e-15 ""
7143 2005-11-01 pW6 0.0 0.0 0.0 34.620411398808734 0.0 71.71150064234452 3.144120575136408e-16 0.0 4.596067652605738e-16 ""
7143 2005-11-01 pW7 0.0 0.0 0.0 263.0772793902123 0.0 506.79564176447207 4.940605880389869e-16 0.0 1.2126292847396566e-15 ""
7147 2005-11-03 pW6 0.0 0.0 0.0 2.4044421838488588 0.0 6.27458799318948 3.6436994193135416e-16 0.0 8.602899017044984e-16 ""
7147 2005-11-03 pW7 0.0 0.0 0.0 49.30682071731236 0.0 14.04596354140942 6.4981947965889164e-15 0.0 2.0305232924886947e-15 ""
7147 2005-11-05 pW6 0.0 0.0 0.0 5.62005337399255 0.0 3.404872149231143 0.4178277787747046 0.0 0.25741470009287276 ""
7147 2005-11-05 pW7 0.0 0.0 0.0 38.245628693969415 0.0 11.421930884883823 2.6666988551575534 0.0 0.8507940422872967 ""
722 2005-09-09 pW6 0.0 0.0 0.0 23.145760668785794 0.0 15.466279011159738 2.002457545669172e-15 0.0 1.3213820898797999e-15 ""
722 2005-09-09 pW7 0.0 0.0 0.0 76.43895500518389 0.0 32.47766187814241 7.0031052038932475e-15 0.0 3.174997523943089e-15 ""
7243 2005-11-05 pW6 0.0 0.0 0.0 9.15515186794298 0.0 5.248395350350399 0.15842679762472836 0.0 0.09465637758247114 ""
7243 2005-11-05 pW7 0.0 0.0 0.0 144.16452434749598 0.0 91.59654692138587 2.7101565952612385 0.0 2.032822260436426 ""
7335 2005-11-09 pW6 0.0 0.0 0.0 -245.19076516943252 0.0 2785.1770571282455 3.887070239157715e-16 0.0 1.2500029856877416e-15 ""
7335 2005-11-09 pW7 0.0 0.0 0.0 143.40044245171794 0.0 747.2973908226003 7.583182904841067e-16 0.0 1.189110078715711e-15 ""
739 2005-09-09 pW6 0.0 0.0 0.0 25.155043825842053 0.0 8.377859760450162 2.0801378910450856e-15 0.0 7.424019217663894e-16 ""
739 2005-09-09 pW7 0.0 0.0 0.0 43.56058529992514 0.0 16.14582618606214 3.601042821615014e-15 0.0 1.4432843514803632e-15 ""
744 2005-09-08 pW6 0.0 0.0 0.0 19.002680621643332 0.0 32.77476386289902 1.0716301015577482e-15 0.0 1.6609976320200105e-15 ""
744 2005-09-08 pW7 0.0 0.0 0.0 -22.745356070261238 0.0 144.51308031998633 9.945934091955303e-16 0.0 4.451238015103231e-15 ""
7473 2005-11-04 pW6 0.0 0.0 0.0 22.70890637930966 0.0 85.81062454775764 8.217288515917616e-16 0.0 1.3068837948425843e-15 ""
7473 2005-11-04 pW7 nan nan nan nan nan nan nan nan nan "Feature not in spectral wavelength range."
7473 2005-11-05 pW6 0.0 0.0 0.0 11.926373097247902 0.0 13.832644817694836 0.12696611227448426 0.0 0.1438883320108763 ""
7473 2005-11-05 pW7 0.0 0.0 0.0 116.49571436965306 0.0 78.35245981839095 1.2118060424151202 0.0 0.9148612760790431 ""
7475 2005-11-05 pW6 0.0 0.0 0.0 16.803344788971604 0.0 20.616095874099674 0.12156068879525053 0.0 0.15291207687577832 ""
7475 2005-11-05 pW7 0.0 0.0 0.0 100.17580044562675 0.0 81.70480574557236 0.6388296176620378 0.0 0.5963680122291622 ""
7512 2005-11-05 pW6 0.0 0.0 0.0 15.837866591146557 0.0 28.700766977256226 0.07617644181118739 0.0 0.10670572142036829 ""
7512 2005-11-05 pW7 0.0 0.0 0.0 158.07614489962535 0.0 98.22584762959644 0.59296597607421 0.0 0.3949547679779645 ""
762 2005-09-09 pW6 0.0 0.0 0.0 12.609374574026935 0.0 24.357136742705933 5.052494760453509e-16 0.0 8.863101004599257e-16 ""
762 2005-09-09 pW7 0.0 0.0 0.0 79.66008669592489 0.0 63.29695998178633 3.0921753456423566e-15 0.0 2.8541817954706603e-15 ""
774 2005-09-09 pW6 0.0 0.0 0.0 22.356857911818246 0.0 8.729161970839657 2.135547654371072e-15 0.0 9.327011313626838e-16 ""
774 2005-09-09 pW7 0.0 0.0 0.0 61.31644958107846 0.0 41.08490657724351 6.318119398712492e-15 0.0 4.508697186274306e-15 ""
7779 2005-11-05 pW6 0.0 0.0 0.0 -314.2414319228038 0.0 4615.629902396581 -8.822083308866256e-16 0.0 4.567187152217698e-15 ""
7779 2005-11-05 pW7 0.0 0.0 0.0 256.48324113048847 0.0 663.8573483644172 1.2367816608050476e-14 0.0 1.4102802568489746e-14 ""
7847 2005-11-05 pW6 0.0 0.0 0.0 10.521444166476984 0.0 4.780801015982738 0.31980335600423754 0.0 0.14914409402988435 ""
7847 2005-11-05 pW7 0.0 0.0 0.0 137.62464410720926 0.0 56.410585192710165 4.346891073105339 0.0 2.079400926145475 ""
7876 2005-11-02 pW6 0.0 0.0 0.0 -3.768868277159105 0.0 4.132216192450633 -5.026735558457684e-16 0.0 5.439898845201171e-16 ""
7876 2005-11-02 pW7 0.0 0.0 0.0 6.784406138909953 0.0 29.75143570910145 1.4153629219809838e-15 0.0 4.3821498179928165e-15 ""
7876 2005-11-06 pW6 0.0 0.0 0.0 11.946673613764446 0.0 14.206516335422647 1.7665344179360177e-15 0.0 2.0041439231050172e-15 ""
7876 2005-11-06 pW7 0.0 0.0 0.0 220.19017657241034 0.0 114.81918803101372 4.049005244508676e-14 0.0 3.119966893201273e-14 ""
7947 2005-11-03 pW6 0.0 0.0 0.0 33.63903885912097 0.0 512.2235676865824 8.225742703964415e-16 0.0 9.745785346218386e-16 ""
7947 2005-11-03 pW7 0.0 0.0 0.0 3583.7574343632796 0.0 41775.60006830614 6.828377638073854e-16 0.0 1.171835398000718e-14 ""
8030 2005-11-05 pW6 0.0 0.0 0.0 86.02146561349646 0.0 3160.958315208869 1.318910236849148e-15 0.0 1.7395584299375528e-14 ""
8030 2005-11-05 pW7 0.0 0.0 0.0 281.6028499160727 0.0 3812.349390282303 7.322197743307529e-14 0.0 2.8645000125280735e-13 ""
8046 2005-11-04 pW6 0.0 0.0 0.0 -2.8494040667347655 0.0 12.857642404625025 -1.7549036703002852e-16 0.0 1.5276314208216985e-15 ""
8046 2005-11-04 pW7 0.0 0.0 0.0 62.81994854803455 0.0 54.138400356794435 8.48576478193132e-15 0.0 7.131657816534296e-15 ""
