results/spec_class/sdss_sako18spec_rv3_1_bin5_methavg_step5.ecsv
# %ECSV 0.9
# ---
# datatype:
# - {name: obj_id, datatype: string}
# - {name: sid, datatype: string}
# - {name: date, datatype: string}
# - {name: type, datatype: string}
# - {name: feat_name, datatype: string}
# - {name: vel, datatype: float64}
# - {name: vel_err, datatype: float64}
# - {name: vel_samperr, datatype: float64}
# - {name: pew, datatype: float64}
# - {name: pew_err, datatype: float64}
# - {name: pew_samperr, datatype: float64}
# - {name: area, datatype: float64}
# - {name: area_err, datatype: float64}
# - {name: area_samperr, datatype: float64}
# - {name: msg, datatype: string}
# schema: astropy-2.0
obj_id sid date type feat_name vel vel_err vel_samperr pew pew_err pew_samperr area area_err area_samperr msg
[from data line 1093]
20889 2498 2007-11-10 Ia pW7 0.0 0.0 0.0 115.98030342337236 0.0 181.365410661107 2.6250570141948975e-15 0.0 2.8515973331745543e-15 ""
20934 2503 2007-11-13 Ia pW6 0.0 0.0 0.0 29.927248784599463 0.0 56.021330838773025 7.829839535489751e-16 0.0 9.650968627786395e-16 ""
20934 2503 2007-11-13 Ia pW7 0.0 0.0 0.0 145.2194018079527 0.0 1065.5799920642398 3.608008754015464e-15 0.0 5.5114255495723574e-15 ""
20978 2609 2007-11-15 Ia pW6 0.0 0.0 0.0 7.202217456924297 0.0 92.22692274843916 1.6596612015914923e-16 0.0 3.2540099469876384e-16 ""
20978 2609 2007-11-15 Ia pW7 0.0 0.0 0.0 -239.59056448447714 0.0 2169.61320898409 1.9605549780316072e-16 0.0 7.177638402733868e-16 ""
21006 2566 2007-11-13 Ia pW6 0.0 0.0 0.0 -12.465349156070612 0.0 57.83196102391163 6.711257039305845e-18 0.0 1.8436789410115698e-16 ""
21006 2566 2007-11-13 Ia pW7 0.0 0.0 0.0 79.29946972469479 0.0 146.77929735644358 5.279114148763571e-16 0.0 5.305518074680572e-16 ""
2102 187 2005-09-27 Ia pW6 0.0 0.0 0.0 28.276113563423813 0.0 64.43267015231173 9.690756142793793e-16 0.0 1.43172848700207e-15 ""
2102 187 2005-09-27 Ia pW7 0.0 0.0 0.0 119.57863720972405 0.0 115.94472374016797 4.122709393943374e-15 0.0 4.422829535354209e-15 ""
21033 2565 2007-11-13 Ia pW6 0.0 0.0 0.0 8.8046703152881 0.0 44.72599449531627 8.512715031470249e-17 0.0 1.940987840715053e-16 ""
21033 2565 2007-11-13 Ia pW7 0.0 0.0 0.0 41.889677162749614 0.0 117.42307485449767 3.2206200722963265e-16 0.0 4.457460602421781e-16 ""
21034 2489 2007-11-10 Ia pW6 0.0 0.0 0.0 2.2305737278978963 0.0 8.665932716228069 3.357566765741227e-16 0.0 1.046199359402144e-15 ""
21034 2489 2007-11-10 Ia pW7 0.0 0.0 0.0 75.4858298703219 0.0 88.21482096675378 1.1854573092929765e-14 0.0 1.5447294742572047e-14 ""
21034 2489 2007-11-23 Ia? pW6 0.0 0.0 0.0 6.6648715701469765 0.0 15.960309825264796 4.380371006853976e-16 0.0 7.240705321188314e-16 ""
21034 2489 2007-11-23 Ia? pW7 0.0 0.0 0.0 24.98788196754311 0.0 70.44911254124732 1.7877798969059953e-15 0.0 3.0501322240940123e-15 ""
21034 2489 2007-12-07 Ia pW6 0.0 0.0 0.0 60.85842850104705 0.0 11.082801430798844 1.7352259358561964e-15 0.0 3.7752456246175325e-16 ""
21034 2489 2007-12-07 Ia pW7 0.0 0.0 0.0 131.36851772611533 0.0 46.356212665005806 3.975401897579386e-15 0.0 1.7653178720088643e-15 ""
21034 2489 2007-12-09 Ia pW6 0.0 0.0 0.0 34.402124073000365 0.0 9.586505960679965 9.795888152313804e-16 0.0 3.2293817436817173e-16 ""
21034 2489 2007-12-09 Ia pW7 0.0 0.0 0.0 99.09048616936921 0.0 64.29535683860666 3.3696222098130815e-15 0.0 2.4624509086834766e-15 ""
21042 2564 2007-11-14 Ia pW6 0.0 0.0 0.0 20.390960242995412 0.0 57.07950725575635 1.7411110771685528e-16 0.0 2.9421562280541186e-16 ""
21042 2564 2007-11-14 Ia pW7 0.0 0.0 0.0 173.17125260290473 0.0 228.57838796004285 2.0179188949870888e-15 0.0 2.57647432470592e-15 ""
21062 2848 2007-11-16 Ia pW6 0.0 0.0 0.0 20.524851242326697 0.0 17.880672541339017 3.591393022990509e-16 0.0 3.10737922286556e-16 ""
21062 2848 2007-11-16 Ia pW7 0.0 0.0 0.0 85.44901345713816 0.0 79.41930678459131 1.825098182097287e-15 0.0 2.195511081130858e-15 ""
21422 2599 2007-11-15 Ia pW6 0.0 0.0 0.0 -33.311303509567885 0.0 106.19143118327614 -1.4490059212060057e-17 0.0 1.7816448115399122e-16 ""
21422 2599 2007-11-15 Ia pW7 0.0 0.0 0.0 -34.02103323895995 0.0 148.69109005038914 7.243507909530474e-17 0.0 2.5495170506124333e-16 ""
21455 2644 2007-12-08 Ia pW6 0.0 0.0 0.0 -1.9004394220740193 0.0 6.9229421696139335 -2.7927887087186336e-17 0.0 1.4859393500808153e-16 ""
21455 2644 2007-12-08 Ia pW7 0.0 0.0 0.0 104.84467893532972 0.0 72.68645980089973 2.113937763012381e-15 0.0 1.4519737213195993e-15 ""
21502 2703 2007-11-13 Ia pW6 0.0 0.0 0.0 11.957408983898702 0.0 6.225204153722975 1.6147715480330973e-15 0.0 8.541882247619694e-16 ""
21502 2703 2007-11-13 Ia pW7 0.0 0.0 0.0 41.78757296511731 0.0 21.65974005447988 5.346474361654718e-15 0.0 3.0008220416127714e-15 ""
21502 2703 2007-11-14 Ia pW6 0.0 0.0 0.0 10.272326093534115 0.0 7.699064179441343 1.589059826804536e-15 0.0 1.2266194471017194e-15 ""
21502 2703 2007-11-14 Ia pW7 0.0 0.0 0.0 47.78408703329184 0.0 17.30776241919149 6.9568785905454995e-15 0.0 2.9364210795966257e-15 ""
21502 2703 2007-11-17 Ia pW6 0.0 0.0 0.0 4.15383959555987 0.0 3.6842030689914154 7.641572304181229e-16 0.0 6.943109343044688e-16 ""
21502 2703 2007-11-17 Ia pW7 0.0 0.0 0.0 78.51348736151854 0.0 25.40159672877896 1.5362094913340763e-14 0.0 5.711217467401576e-15 ""
21502 2703 2007-12-02 Ia pW6 nan nan nan nan nan nan nan nan nan "Feature not in spectral wavelength range."
21502 2703 2007-12-02 Ia pW7 nan nan nan nan nan nan nan nan nan "Feature not in spectral wavelength range."
21502 2703 2007-12-08 Ia pW6 0.0 0.0 0.0 38.33865207266744 0.0 8.510902836371814 4.079270641413297e-15 0.0 1.0126206224286104e-15 ""
21502 2703 2007-12-08 Ia pW7 0.0 0.0 0.0 111.93831631249087 0.0 25.454216185662062 1.2999433184698658e-14 0.0 3.5219287088297787e-15 ""
21510 2662 2007-11-23 Ia pW6 0.0 0.0 0.0 -17.074418201363226 0.0 45.7582929142989 -6.071660526928133e-16 0.0 3.4199058623496186e-15 ""
21510 2662 2007-11-23 Ia pW7 nan nan nan nan nan nan nan nan nan "Feature not in spectral wavelength range."
2165 209 2005-09-28 Ia pW6 0.0 0.0 0.0 -1.1784611206946682 0.0 42.01736765061933 2.968325675876888e-17 0.0 1.3396325756814599e-16 ""
2165 209 2005-09-28 Ia pW7 0.0 0.0 0.0 120.38721939344684 0.0 107.14034531069679 5.880144515196155e-16 0.0 4.306650606397366e-16 ""
21669 2712 2007-11-15 Ia pW6 0.0 0.0 0.0 4.974234302575772 0.0 7.742544832637206 1.0483296908146617e-16 0.0 1.5818048552226292e-16 ""
21669 2712 2007-11-15 Ia pW7 0.0 0.0 0.0 50.0984450999717 0.0 38.018116817262786 9.626119654089868e-16 0.0 6.915971363595972e-16 ""
21669 2712 2007-12-03 Ia pW6 nan nan nan nan nan nan nan nan nan "Feature not in spectral wavelength range."
21669 2712 2007-12-03 Ia pW7 nan nan nan nan nan nan nan nan nan "Feature not in spectral wavelength range."
21669 2712 2007-12-10 Ia pW6 0.0 0.0 0.0 23.288706045609985 0.0 15.273510396174084 7.883603937232947e-16 0.0 5.344597457161406e-16 ""
21669 2712 2007-12-10 Ia pW7 0.0 0.0 0.0 65.45208751047 0.0 35.25555060090429 2.2170149053638743e-15 0.0 1.271256691471294e-15 ""
21766 2638 2007-11-15 Ia pW6 0.0 0.0 0.0 7.076649186385177 0.0 10.047583469558305 2.026581415782976e-15 0.0 2.645943658420301e-15 ""
21766 2638 2007-11-15 Ia pW7 0.0 0.0 0.0 131.86479803778496 0.0 90.139472362067 4.9192607767897293e-14 0.0 4.084488075143556e-14 ""
21810 2724 2007-12-07 Ia pW6 0.0 0.0 0.0 40.93460231476057 0.0 32.4088987798629 4.829796048496508e-16 0.0 3.872329359699188e-16 ""
21810 2724 2007-12-07 Ia pW7 0.0 0.0 0.0 71.37444903966774 0.0 67.369688220664 8.520159002453373e-16 0.0 8.222325040241419e-16 ""
21814 2652 2007-11-17 Ia pW6 0.0 0.0 0.0 0.06903450768113817 0.0 5.61861681799296 1.601732228629504e-17 0.0 2.7499697960913977e-16 ""
21814 2652 2007-11-17 Ia pW7 0.0 0.0 0.0 14.34652474144633 0.0 40.03767143287753 8.099517655747066e-16 0.0 1.8952001740787557e-15 ""
21814 2652 2007-12-09 Ia pW6 0.0 0.0 0.0 17.166983406280526 0.0 5.533938502863835 2.184483508902209e-15 0.0 7.589461197506869e-16 ""
21814 2652 2007-12-09 Ia pW7 0.0 0.0 0.0 33.12019360164981 0.0 21.47725615298408 4.1892564744618056e-15 0.0 2.809861455854156e-15 ""
21839 2716 2007-12-08 Ia pW6 0.0 0.0 0.0 17.266608780766482 0.0 8.47329790834579 1.0362814723156366e-15 0.0 5.319488423350549e-16 ""
21839 2716 2007-12-08 Ia pW7 0.0 0.0 0.0 125.0276597439263 0.0 79.26560443115139 7.962111597089663e-15 0.0 6.782958590838559e-15 ""
21861 2723 2007-12-07 Ia pW6 0.0 0.0 0.0 12.059952160522492 0.0 16.725246105848257 1.2136059069972754e-16 0.0 1.4336173376491012e-16 ""
21861 2723 2007-12-07 Ia pW7 0.0 0.0 0.0 105.07053248792198 0.0 71.56771127908364 1.0706533656442723e-15 0.0 6.60081816004034e-16 ""
22075 2661 2007-11-25 Ia pW6 0.0 0.0 0.0 3.2418400243419647 0.0 20.13875333251953 7.730436929563971e-16 0.0 2.7663268643558642e-15 ""
22075 2661 2007-11-25 Ia pW7 nan nan nan nan nan nan nan nan nan "Feature not in spectral wavelength range."
22182 2690 2007-12-03 Ia pW6 0.0 0.0 0.0 34.54066975856786 0.0 13.411738835290146 3.0369416539146596e-15 0.0 1.4647487555767504e-15 ""
22182 2690 2007-12-03 Ia pW7 0.0 0.0 0.0 107.67647832308448 0.0 19.43790418846643 6.569211666955422e-15 0.0 1.7928742328868096e-15 ""
22182 2690 2007-12-10 Ia pW6 0.0 0.0 0.0 53.589622130015535 0.0 48.16494046974156 5.490194388287706e-16 0.0 4.513367923983911e-16 ""
22182 2690 2007-12-10 Ia pW7 0.0 0.0 0.0 89.82052512650029 0.0 182.8808030777858 1.5527144673906713e-15 0.0 1.2840808657166005e-15 ""
22284 2735 2007-12-08 Ia pW6 0.0 0.0 0.0 14.843236974221758 0.0 25.475276290717304 4.954297495931256e-16 0.0 7.127043290764101e-16 ""
22284 2735 2007-12-08 Ia pW7 0.0 0.0 0.0 79.09255145105142 0.0 81.19582742198115 2.6060676426787734e-15 0.0 3.0757470176024427e-15 ""
2246 1683 2005-09-25 Ia pW6 0.0 0.0 0.0 -8.868875743808063 0.0 22.12312085735598 -1.4451738772148947e-16 0.0 4.356516380698754e-16 ""
2246 1683 2005-09-25 Ia pW7 0.0 0.0 0.0 69.56745683243005 0.0 101.19428505918872 1.7575095127983262e-15 0.0 2.048687931368816e-15 ""
2308 2970 2005-09-24 Ia pW6 0.0 0.0 0.0 0.49644980225794566 0.0 11.770050129851475 6.892771605360635e-17 0.0 5.591636169580224e-16 ""
2308 2970 2005-09-24 Ia pW7 0.0 0.0 0.0 120.60189649139265 0.0 49.357539993262456 5.017461860051577e-15 0.0 2.4010877764975607e-15 ""
2330 196 2005-09-28 Ia pW6 0.0 0.0 0.0 25.68086633556875 0.0 21.128764817141157 2.1520426374644712e-16 0.0 1.6945199505339847e-16 ""
2330 196 2005-09-28 Ia pW7 0.0 0.0 0.0 107.88228972516369 0.0 53.446612657936505 8.386412449905805e-16 0.0 4.570394724838655e-16 ""
2372 159 2005-09-24 Ia pW6 0.0 0.0 0.0 1.8816710531046696 0.0 11.344503101487224 7.157978847465418e-17 0.0 2.8433663599072165e-16 ""
2372 159 2005-09-24 Ia pW7 0.0 0.0 0.0 93.64896811228807 0.0 60.197595458422086 2.5013127990276697e-15 0.0 1.988166942158174e-15 ""
2372 159 2005-09-25 Ia pW6 0.0 0.0 0.0 -2.669522692881373 0.0 24.92177322986399 3.725977889129071e-18 0.0 5.869319788162792e-16 ""
2372 159 2005-09-25 Ia pW7 0.0 0.0 0.0 90.61955642814881 0.0 96.5482763653499 2.9064893765933126e-15 0.0 3.0837120425321175e-15 ""
2422 210 2005-09-28 Ia pW6 0.0 0.0 0.0 -2.9004736871871923 0.0 11.199824421721276 -1.3925928455867334e-17 0.0 8.102661850860804e-17 ""
2422 210 2005-09-28 Ia pW7 0.0 0.0 0.0 56.80350861460268 0.0 28.928628876013736 3.651549613396514e-16 0.0 2.1344374790488965e-16 ""
2440 121 2005-09-25 Ia pW6 0.0 0.0 0.0 12.26145473451794 0.0 10.080653184252768 1.2575791506191684e-15 0.0 9.9684951402395e-16 ""
2440 121 2005-09-25 Ia pW7 0.0 0.0 0.0 76.18202158168872 0.0 16.365076880279606 6.350757595499609e-15 0.0 1.6272564979063612e-15 ""
2533 229 2005-10-01 Ia pW6 0.0 0.0 0.0 95.66510047140125 0.0 72.81155377864523 3.1021289568151957e-15 0.0 2.795336254461875e-15 ""
2533 229 2005-10-01 Ia pW7 0.0 0.0 0.0 -18.290321410597752 0.0 187.09060728872458 1.1469037553120869e-15 0.0 1.9443933750967785e-15 ""
2561 162 2005-09-23 Ia pW6 0.0 0.0 0.0 -9.171903796034298 0.0 31.617370670725144 -2.0700401432215167e-16 0.0 2.417290435405905e-15 ""
2561 162 2005-09-23 Ia pW7 nan nan nan nan nan nan nan nan nan "Feature not in spectral wavelength range."
2561 162 2005-09-25 Ia pW6 0.0 0.0 0.0 11.93283008202252 0.0 8.845031198201768 4.666160533321531e-16 0.0 3.5451205959898713e-16 ""
2561 162 2005-09-25 Ia pW7 0.0 0.0 0.0 50.902343587402584 0.0 37.15084123002115 1.9027200040118494e-15 0.0 1.2611693617782937e-15 ""
2635 357 2005-09-25 Ia pW6 0.0 0.0 0.0 11.354770658945625 0.0 11.903163938047678 7.84493238013719e-16 0.0 8.595866300009791e-16 ""
2635 357 2005-09-25 Ia pW7 0.0 0.0 0.0 125.57979626431896 0.0 70.3487467661052 8.152543437946769e-15 0.0 6.6976215389849276e-15 ""
2635 357 2005-10-27 Ia pW6 0.0 0.0 0.0 58.14989489830192 0.0 10.13586145930926 7.269077214012559e-16 0.0 1.5925192515262316e-16 ""
2635 357 2005-10-27 Ia pW7 0.0 0.0 0.0 169.59547855998915 0.0 33.45761190472103 2.0816781354947273e-15 0.0 5.498486853950245e-16 ""
2689 122 2005-09-24 Ia pW6 0.0 0.0 0.0 2.4970918951911845 0.0 35.10274693514621 8.571808579079985e-17 0.0 4.2877670128980256e-16 ""
2689 122 2005-09-24 Ia pW7 0.0 0.0 0.0 52.316500032747044 0.0 33.75892414622065 6.15454252009128e-16 0.0 3.9584729047745575e-16 ""
2746 1656 2005-09-25 Ia? pW6 0.0 0.0 0.0 -20.823119672026667 0.0 38.257655093799215 -2.0963995991508748e-16 0.0 5.156537439109068e-16 ""
2746 1656 2005-09-25 Ia? pW7 0.0 0.0 0.0 58.824776905538435 0.0 139.68688644980034 1.9839454584610545e-15 0.0 4.042929697122727e-15 ""
2789 201 2005-09-27 Ia pW6 0.0 0.0 0.0 22.144659268027528 0.0 51.119854564958516 1.1030290569459445e-16 0.0 1.7856109122104857e-16 ""
2789 201 2005-09-27 Ia pW7 0.0 0.0 0.0 160.90080890547225 0.0 102.8095017562019 6.494482193533126e-16 0.0 5.746115992114176e-16 ""
2916 184 2005-09-25 Ia pW6 0.0 0.0 0.0 17.219680921577336 0.0 12.827945311001038 7.665216840188281e-16 0.0 5.877147552087577e-16 ""
2916 184 2005-09-25 Ia pW7 0.0 0.0 0.0 82.38138704168891 0.0 27.193259000720335 3.352081527406293e-15 0.0 1.3500982694854494e-15 ""
2916 184 2005-09-27 Ia pW6 0.0 0.0 0.0 12.446954677860557 0.0 26.75544191481926 4.141795555951425e-16 0.0 6.920832576911672e-16 ""
2916 184 2005-09-27 Ia pW7 0.0 0.0 0.0 44.20022843205014 0.0 29.80347109806909 1.1738930098284794e-15 0.0 7.809918063462532e-16 ""
2916 184 2005-10-01 Ia pW6 0.0 0.0 0.0 8.061511541914872 0.0 15.699190485599889 4.305970839084856e-16 0.0 6.984793377627705e-16 ""
2916 184 2005-10-01 Ia pW7 0.0 0.0 0.0 71.71363729694579 0.0 30.9699588904022 3.2407062028005198e-15 0.0 1.493590267211803e-15 ""
2943 223 2005-10-09 Ia pW6 0.0 0.0 0.0 -22.97106738888782 0.0 56.128335292260864 -1.846948424271045e-16 0.0 1.674539969585173e-15 ""
2943 223 2005-10-09 Ia pW7 0.0 0.0 0.0 355.51033079208344 0.0 1398.3711371064057 1.55411727738104e-14 0.0 1.4270946046986905e-14 ""
2992 355 2005-10-07 Ia pW6 0.0 0.0 0.0 14.168671421837342 0.0 15.696552071807636 1.3233607526862261e-15 0.0 1.398862825764587e-15 ""
2992 355 2005-10-07 Ia pW7 0.0 0.0 0.0 68.85650752588901 0.0 68.45425392702448 6.979686449626354e-15 0.0 7.254691298303886e-15 ""
2992 355 2005-10-26 Ia pW6 0.0 0.0 0.0 30.399669771942353 0.0 13.720028752020237 3.826263219320675e-16 0.0 1.835905150783095e-16 ""
2992 355 2005-10-26 Ia pW7 0.0 0.0 0.0 174.24899368071567 0.0 46.2120927272062 2.1564168819399606e-15 0.0 8.095355484013625e-16 ""
3080 1662 2005-09-26 Ia pW6 0.0 0.0 0.0 5.451759417519906 0.0 6.398587863160166 1.652029042307339e-16 0.0 1.8706894561832633e-16 ""
3080 1662 2005-09-26 Ia pW7 0.0 0.0 0.0 23.693640101208132 0.0 28.733151645714937 6.552631223490076e-16 0.0 8.896570004429552e-16 ""
3080 1662 2005-09-28 Ia pW6 0.0 0.0 0.0 4.792261801879505 0.0 5.622222345397221 1.747174142142802e-16 0.0 1.967205814034637e-16 ""
3080 1662 2005-09-28 Ia pW7 0.0 0.0 0.0 58.214959655549215 0.0 43.14511943943196 2.023630758147479e-15 0.0 1.5980933506667321e-15 ""
3080 1662 2005-10-27 Ia pW6 0.0 0.0 0.0 60.77149833105673 0.0 11.093532940791334 8.45075211561983e-16 0.0 1.9113229729346095e-16 ""
3080 1662 2005-10-27 Ia pW7 0.0 0.0 0.0 83.18052395209997 0.0 63.69337309117453 1.1878280965703412e-15 0.0 8.389016785223448e-16 ""
3087 1666 2005-10-03 Ia pW6 0.0 0.0 0.0 -8.959589276584888 0.0 38.8412498506478 -9.811347134756064e-17 0.0 1.4776534380501846e-15 ""
3087 1666 2005-10-03 Ia pW7 nan nan nan nan nan nan nan nan nan "Feature not in spectral wavelength range."
3199 254 2005-10-09 Ia pW6 0.0 0.0 0.0 -39.5563742688362 0.0 82.80021927900677 -1.516318773545602e-16 0.0 1.0371323757222555e-15 ""
3199 254 2005-10-09 Ia pW7 0.0 0.0 0.0 -12014.149185598713 0.0 97945.95354263014 1.4983855386575355e-15 0.0 3.2761366886523915e-15 ""
3241 246 2005-09-25 Ia? pW6 0.0 0.0 0.0 52.62016005987709 0.0 49.298884790884905 3.039638361446327e-15 0.0 3.5925612152154394e-15 ""
3241 246 2005-09-25 Ia? pW7 0.0 0.0 0.0 -3076.5729718570415 0.0 31524.57473806191 1.3937878389939228e-15 0.0 8.085796788393415e-15 ""
