results/spec_class/sdss_sako18spec_rv3_1_bin5_methavg_step5.ecsv
# %ECSV 0.9
# ---
# datatype:
# - {name: obj_id, datatype: string}
# - {name: sid, datatype: string}
# - {name: date, datatype: string}
# - {name: type, datatype: string}
# - {name: feat_name, datatype: string}
# - {name: vel, datatype: float64}
# - {name: vel_err, datatype: float64}
# - {name: vel_samperr, datatype: float64}
# - {name: pew, datatype: float64}
# - {name: pew_err, datatype: float64}
# - {name: pew_samperr, datatype: float64}
# - {name: area, datatype: float64}
# - {name: area_err, datatype: float64}
# - {name: area_samperr, datatype: float64}
# - {name: msg, datatype: string}
# schema: astropy-2.0
obj_id sid date type feat_name vel vel_err vel_samperr pew pew_err pew_samperr area area_err area_samperr msg
[from data line 488]
16287 1449 2006-11-20 Ia pW6 0.0 0.0 0.0 42.369903367448046 0.0 24.80944575739113 1.3687884376433865e-15 0.0 8.782631570502901e-16 ""
16287 1449 2006-11-20 Ia pW7 0.0 0.0 0.0 194.49071035515536 0.0 20.287173043685883 4.258157037701587e-15 0.0 1.0784442859057368e-15 ""
16287 1449 2006-11-24 Ia pW6 0.0 0.0 0.0 26.243559557350313 0.0 9.754436540497524 1.0035769525019629e-15 0.0 4.0196607530479447e-16 ""
16287 1449 2006-11-24 Ia pW7 0.0 0.0 0.0 123.38124304252705 0.0 7.823740611740453 4.4296389541209274e-15 0.0 4.2664136078005447e-16 ""
16287 1449 2006-11-25 Ia pW6 0.0 0.0 0.0 27.070063625713562 0.0 11.49605572255308 6.700330525900038e-16 0.0 3.0427500731378134e-16 ""
16287 1449 2006-11-25 Ia pW7 0.0 0.0 0.0 126.15842505873333 0.0 24.51182732962223 2.992158052534201e-15 0.0 7.612522963406489e-16 ""
16287 1449 2006-12-13 Ia pW6 0.0 0.0 0.0 43.372701466536455 0.0 11.394272173696221 1.0317587241029922e-15 0.0 3.147790581623242e-16 ""
16287 1449 2006-12-13 Ia pW7 0.0 0.0 0.0 117.64789100835154 0.0 40.029411708296664 2.6900735327283785e-15 0.0 1.0492748427411468e-15 ""
16314 1335 2006-11-16 Ia pW6 0.0 0.0 0.0 0.6905985134114054 0.0 25.105401001451195 2.2132252925996044e-16 0.0 2.092483886843514e-15 ""
16314 1335 2006-11-16 Ia pW7 0.0 0.0 0.0 48.384778632299366 0.0 47.42913543050712 3.794308041811799e-15 0.0 3.6507220403409906e-15 ""
16314 1335 2006-11-22 Ia pW6 0.0 0.0 0.0 9.033184949285491 0.0 7.251907377275443 1.4907028700297448e-15 0.0 1.2218772983575012e-15 ""
16314 1335 2006-11-22 Ia pW7 0.0 0.0 0.0 45.361443083221296 0.0 11.253467719472935 5.897716308810227e-15 0.0 1.7022851736687167e-15 ""
16314 1335 2006-12-01 Ia pW6 0.0 0.0 0.0 -1.3600982677165483 0.0 9.421546686077855 -3.365772843208913e-16 0.0 2.823031802118407e-15 ""
16314 1335 2006-12-01 Ia pW7 0.0 0.0 0.0 66.07565631212502 0.0 24.4836531249196 1.394484451527415e-14 0.0 5.763629012023209e-15 ""
16333 1367 2006-11-16 Ia pW6 0.0 0.0 0.0 0.37952445753759184 0.0 7.5717482169283725 2.3996507584930094e-16 0.0 2.529159511049946e-15 ""
16333 1367 2006-11-16 Ia pW7 0.0 0.0 0.0 7.879448401015004 0.0 14.13001976132891 2.6533105821004317e-15 0.0 4.5001081954800566e-15 ""
16333 1367 2006-11-19 Ia pW6 0.0 0.0 0.0 -0.18031231933693836 0.0 2.101267619546289 -4.0073395473629557e-17 0.0 6.327616990402177e-16 ""
16333 1367 2006-11-19 Ia pW7 0.0 0.0 0.0 4.927661113098031 0.0 23.96805296682129 1.7539415919736187e-15 0.0 6.064641586374813e-15 ""
16333 1367 2006-11-28 Ia pW6 0.0 0.0 0.0 -1.5834871745608567 0.0 4.864281392257003 -3.738024150146937e-15 0.0 1.2759700726316609e-14 ""
16333 1367 2006-11-28 Ia pW7 0.0 0.0 0.0 32.07649520579145 0.0 9.937960331730551 7.364128810722321e-14 0.0 2.43200992883292e-14 ""
16350 1508 2006-11-21 Ia pW6 0.0 0.0 0.0 38.78189796943939 0.0 24.369225811936374 1.0545331250173664e-15 0.0 6.952546279489111e-16 ""
16350 1508 2006-11-21 Ia pW7 0.0 0.0 0.0 191.39140434981613 0.0 466.58433824177473 2.0574658565841544e-15 0.0 3.5614926987946865e-15 ""
16352 1478 2006-11-24 Ia pW6 0.0 0.0 0.0 -13.488091737096672 0.0 36.39944857710867 -2.6560525552162e-16 0.0 8.853005968551482e-16 ""
16352 1478 2006-11-24 Ia pW7 0.0 0.0 0.0 8.920414268746121 0.0 82.87879789406294 5.600726045909192e-16 0.0 1.9942918139676942e-15 ""
16352 1478 2006-11-25 Ia pW6 0.0 0.0 0.0 6.6399186751982 0.0 48.979724524814 9.385472199216738e-17 0.0 3.333222272423077e-16 ""
16352 1478 2006-11-25 Ia pW7 0.0 0.0 0.0 58.652309248022554 0.0 91.59420659017927 4.425422870936216e-16 0.0 5.119254772459517e-16 ""
16357 1437 2006-11-23 Ia pW6 0.0 0.0 0.0 51.219277062274834 0.0 24.603188641490977 1.3121451621328146e-15 0.0 7.604335757219843e-16 ""
16357 1437 2006-11-23 Ia pW7 0.0 0.0 0.0 77.31242497638516 0.0 240.0733879057113 4.594556589150693e-15 0.0 5.8007200278071695e-15 ""
16392 1448 2006-11-17 Ia pW6 0.0 0.0 0.0 60.33002419475451 0.0 24.06345400880492 3.726113240312725e-15 0.0 1.874532908224268e-15 ""
16392 1448 2006-11-17 Ia pW7 0.0 0.0 0.0 144.6239293917654 0.0 24.69677740143931 7.552723853676687e-15 0.0 2.2081381278028204e-15 ""
16392 1448 2006-11-18 Ia pW6 0.0 0.0 0.0 15.653579290587444 0.0 14.686108625429014 2.0774177551978875e-15 0.0 1.9516769176642163e-15 ""
16392 1448 2006-11-18 Ia pW7 0.0 0.0 0.0 86.82092055622756 0.0 25.76802346978971 1.047473296861453e-14 0.0 3.55531296311967e-15 ""
16392 1448 2006-11-24 Ia pW6 0.0 0.0 0.0 10.42790959195044 0.0 8.249728733523723 6.419927556360714e-16 0.0 5.642502079353295e-16 ""
16392 1448 2006-11-24 Ia pW7 0.0 0.0 0.0 75.28866267541629 0.0 12.263666410783806 3.5081311856877347e-15 0.0 6.678649489228562e-16 ""
16392 1448 2006-12-13 Ia pW6 0.0 0.0 0.0 3.499091711763995 0.0 10.359138926061293 7.105540173242489e-16 0.0 1.8311555068378226e-15 ""
16392 1448 2006-12-13 Ia pW7 0.0 0.0 0.0 30.748319773196506 0.0 26.005948345970957 5.84863669086286e-15 0.0 4.663402240841019e-15 ""
16392 1448 2006-12-15 Ia pW6 0.0 0.0 0.0 10.22329180703006 0.0 5.11850091990032 1.6664596797104475e-15 0.0 8.602074509289359e-16 ""
16392 1448 2006-12-15 Ia pW7 0.0 0.0 0.0 61.002943068489685 0.0 21.715952331719386 9.72605582049092e-15 0.0 3.709570588872258e-15 ""
16392 1448 2006-12-27 Ia pW6 0.0 0.0 0.0 14.234061417849325 0.0 17.65794076083743 2.0384878921754757e-15 0.0 2.3860254876407634e-15 ""
16392 1448 2006-12-27 Ia pW7 0.0 0.0 0.0 90.22409377486817 0.0 55.93460232185416 1.138027752949462e-14 0.0 7.291688746883192e-15 ""
16402 1510 2006-12-13 Ia pW6 0.0 0.0 0.0 -5.002054812124297 0.0 56.77263716718465 1.5461862582185433e-16 0.0 1.3719291485164695e-15 ""
16402 1510 2006-12-13 Ia pW7 0.0 0.0 0.0 37.02230859010247 0.0 107.26929274940169 1.8580551748488714e-15 0.0 3.220452130301881e-15 ""
16414 1434 2006-11-21 Ia pW6 0.0 0.0 0.0 10.801624177289384 0.0 48.33138010782838 9.839787179995634e-16 0.0 2.5892436708727286e-15 ""
16414 1434 2006-11-21 Ia pW7 0.0 0.0 0.0 226.6533479814601 0.0 122.00587769672921 2.2222781249626706e-14 0.0 1.823999079384216e-14 ""
16421 1436 2006-11-25 Ia pW6 0.0 0.0 0.0 -17.128400205373698 0.0 30.689774887091595 -9.215209511745461e-16 0.0 2.2121491307323998e-15 ""
16421 1436 2006-11-25 Ia pW7 0.0 0.0 0.0 29.87438264707516 0.0 49.93644138803934 3.0305312962518368e-15 0.0 4.395726713044316e-15 ""
16442 1433 2006-11-19 Ia pW6 0.0 0.0 0.0 27.037804567296195 0.0 28.412083499965416 9.38590380375234e-16 0.0 9.749280491430728e-16 ""
16442 1433 2006-11-19 Ia pW7 0.0 0.0 0.0 63.91830183428455 0.0 41.82355443957412 2.072816752311829e-15 0.0 1.4968397530309041e-15 ""
16473 1520 2006-11-24 Ia pW6 0.0 0.0 0.0 14.239404500373134 0.0 14.723212752007761 9.803853418844368e-16 0.0 1.01439703445135e-15 ""
16473 1520 2006-11-24 Ia pW7 0.0 0.0 0.0 47.02217343261976 0.0 21.60957296619326 2.736410417920933e-15 0.0 1.4542134850780546e-15 ""
16473 1520 2006-11-25 Ia pW6 0.0 0.0 0.0 5.11541087231515 0.0 20.313726607179948 1.0115809004750059e-16 0.0 3.105803177685445e-16 ""
16473 1520 2006-11-25 Ia pW7 0.0 0.0 0.0 43.863172983309134 0.0 33.66973284282381 6.27979196094721e-16 0.0 5.240500772644155e-16 ""
16482 1512 2006-11-22 Ia pW6 0.0 0.0 0.0 29.657815409673855 0.0 26.045786404003756 4.721014593913664e-16 0.0 3.4835310197778336e-16 ""
16482 1512 2006-11-22 Ia pW7 0.0 0.0 0.0 84.63540380353206 0.0 83.31955751942928 1.2181520763042315e-15 0.0 1.0185357975133792e-15 ""
16541 2859 2006-11-23 Ia pW6 0.0 0.0 0.0 32.806223736105125 0.0 19.06820780804368 8.8864260224747e-16 0.0 5.518372777139799e-16 ""
16541 2859 2006-11-23 Ia pW7 0.0 0.0 0.0 95.93714961102923 0.0 47.33917647707601 2.0987373063383175e-15 0.0 1.2064352742471472e-15 ""
16567 1546 2006-11-23 Ia pW6 0.0 0.0 0.0 0.5419503885788646 0.0 12.794900628761281 0.018459274364695015 0.0 0.1799938020281597 ""
16567 1546 2006-11-23 Ia pW7 0.0 0.0 0.0 86.37046287782246 0.0 63.32550284704076 1.38875926207306 0.0 1.135588717765965 ""
16578 1516 2006-11-26 Ia pW6 0.0 0.0 0.0 8.171806251293686 0.0 15.527406575044012 1.570431704193281e-16 0.0 2.6365394021319783e-16 ""
16578 1516 2006-11-26 Ia pW7 0.0 0.0 0.0 54.84264456997298 0.0 100.97150506733918 1.1627209033591399e-15 0.0 1.812637619379879e-15 ""
16618 1548 2006-11-23 Ia pW6 0.0 0.0 0.0 4.791996326791796 0.0 3.7452896364244235 0.09414531992001157 0.0 0.07409092728052531 ""
16618 1548 2006-11-23 Ia pW7 0.0 0.0 0.0 66.1009779734564 0.0 53.80123512659596 1.2244732747737204 0.0 1.1525994954915653 ""
16619 2855 2006-11-23 Ia pW6 0.0 0.0 0.0 -2.6164827394004484 0.0 11.861968231690792 -7.582165275752578e-17 0.0 4.547861228397792e-16 ""
16619 2855 2006-11-23 Ia pW7 0.0 0.0 0.0 107.27015603486771 0.0 24.868482357249523 3.615538398544745e-15 0.0 1.0270648791208876e-15 ""
16619 2855 2006-11-26 Ia pW6 0.0 0.0 0.0 1.2316922922802092 0.0 7.573623276584672 4.681134261021218e-17 0.0 2.1553963513381084e-16 ""
16619 2855 2006-11-26 Ia pW7 0.0 0.0 0.0 83.89191574261912 0.0 15.02594006158153 1.9186106014919826e-15 0.0 4.291892686282117e-16 ""
16631 1607 2006-11-26 Ia pW6 0.0 0.0 0.0 0.026528613913370223 0.0 20.3360942662993 1.7828969781163272e-17 0.0 1.5054168430067754e-16 ""
16631 1607 2006-11-26 Ia pW7 0.0 0.0 0.0 72.42747424030105 0.0 74.87666227754914 5.505277115780576e-16 0.0 4.968051419851384e-16 ""
16637 1514 2006-11-24 Ia pW6 0.0 0.0 0.0 -0.2693911716205689 0.0 19.62178547775107 1.9607175332431187e-17 0.0 2.693514148078234e-16 ""
16637 1514 2006-11-24 Ia pW7 0.0 0.0 0.0 66.42760460562292 0.0 61.20481265309648 9.690708893729424e-16 0.0 9.448838123449985e-16 ""
16641 1518 2006-11-22 Ia pW6 0.0 0.0 0.0 9.181178904430555 0.0 5.554579086812095 8.715075684100253e-16 0.0 5.378985195111415e-16 ""
16641 1518 2006-11-22 Ia pW7 0.0 0.0 0.0 58.65863983652232 0.0 27.596838470701776 5.440509424257288e-15 0.0 2.8856081582067585e-15 ""
16641 1518 2006-11-26 Ia pW6 0.0 0.0 0.0 9.408177665764025 0.0 45.49195689498746 1.8383893508716456e-16 0.0 4.743311373155851e-16 ""
16641 1518 2006-11-26 Ia pW7 0.0 0.0 0.0 17.38298339231429 0.0 102.11648453824992 3.381463149611863e-16 0.0 8.080115190855549e-16 ""
16641 1518 2006-12-13 Ia pW6 0.0 0.0 0.0 28.10168245002126 0.0 14.562590822532188 9.215434401020194e-16 0.0 4.980344107656733e-16 ""
16641 1518 2006-12-13 Ia pW7 0.0 0.0 0.0 44.13426896189527 0.0 32.58991176692049 1.5390360061077486e-15 0.0 1.1722531059513936e-15 ""
16644 1553 2006-11-23 Ia pW6 0.0 0.0 0.0 4.099680089500274 0.0 27.827368671084418 0.05315179395293311 0.0 0.1673816947375488 ""
16644 1553 2006-11-23 Ia pW7 0.0 0.0 0.0 114.61255508203419 0.0 93.46866018283755 0.9099262458988404 0.0 0.7702187663380072 ""
16692 1489 2006-11-20 Ia pW6 0.0 0.0 0.0 9.794117490423663 0.0 11.729268537453338 8.271393438998323e-16 0.0 9.310370426160698e-16 ""
16692 1489 2006-11-20 Ia pW7 0.0 0.0 0.0 161.8843838561054 0.0 68.50071961897544 1.339464227951923e-14 0.0 6.830872375299053e-15 ""
16692 1489 2006-11-25 Ia pW6 0.0 0.0 0.0 9.537936430597915 0.0 7.6379931326329915 7.356664157170313e-16 0.0 6.031266843157071e-16 ""
16692 1489 2006-11-25 Ia pW7 0.0 0.0 0.0 75.20752105732709 0.0 29.594942797025883 5.560807919731796e-15 0.0 2.5245241828839787e-15 ""
16737 1599 2006-11-26 Ia pW6 0.0 0.0 0.0 22.960941952300253 0.0 52.732205193380835 1.5849242844160012e-16 0.0 2.0313476007961425e-16 ""
16737 1599 2006-11-26 Ia pW7 0.0 0.0 0.0 170.9653119880748 0.0 168.8806677025487 1.1811823297201794e-15 0.0 9.645599241023446e-16 ""
16748 1574 2006-12-14 Ia pW6 0.0 0.0 0.0 17.872698159061606 0.0 15.419799780810498 7.8708139317617e-16 0.0 6.838853352491063e-16 ""
16748 1574 2006-12-14 Ia pW7 0.0 0.0 0.0 94.5791476496464 0.0 114.95107526021262 5.438530216609854e-15 0.0 6.338788953623253e-15 ""
16758 1586 2006-11-26 Ia pW6 0.0 0.0 0.0 8.771944999339668 0.0 15.764259130860182 7.798221595443171e-17 0.0 1.1896716927889838e-16 ""
16758 1586 2006-11-26 Ia pW7 0.0 0.0 0.0 85.15824258581186 0.0 39.41819769402119 5.468548835457227e-16 0.0 3.024754732511667e-16 ""
16774 1606 2006-12-15 Ia pW6 0.0 0.0 0.0 -22.756645859268193 0.0 48.938723753099744 -6.724729542323135e-16 0.0 2.0973553235019175e-15 ""
16774 1606 2006-12-15 Ia pW7 0.0 0.0 0.0 92.27867507235418 0.0 73.6534858472115 5.468867240351547e-15 0.0 4.377621461648977e-15 ""
16776 1581 2006-11-27 Ia pW6 0.0 0.0 0.0 2.287974717857692 0.0 12.992172804720845 1.8050481580866618e-17 0.0 6.844929169855653e-17 ""
16776 1581 2006-11-27 Ia pW7 0.0 0.0 0.0 120.92764115952615 0.0 114.0587007620162 7.378579761738563e-16 0.0 7.59723077648695e-16 ""
16779 1588 2006-11-26 Ia pW6 0.0 0.0 0.0 2.302914345270223 0.0 38.474155172642604 4.2526806711986805e-17 0.0 1.997506021825517e-16 ""
16779 1588 2006-11-26 Ia pW7 nan nan nan nan nan nan nan nan nan "Feature not in spectral wavelength range."
16781 1584 2006-11-26 Ia pW6 0.0 0.0 0.0 7.569996325480847 0.0 27.4580691830282 6.316988648284857e-17 0.0 1.7844767562948824e-16 ""
16781 1584 2006-11-26 Ia pW7 0.0 0.0 0.0 102.22618486831958 0.0 72.79855520960758 6.802855350761375e-16 0.0 4.822358240564799e-16 ""
16789 1552 2006-11-23 Ia pW6 0.0 0.0 0.0 -19.2682392648307 0.0 190.54218940894168 0.07038989398812757 0.0 0.14917539867026738 ""
16789 1552 2006-11-23 Ia pW7 0.0 0.0 0.0 726.2317589471268 0.0 2575.3790590324634 0.7323861588751013 0.0 0.5319467593606417 ""
16793 1603 2006-11-26 Ia pW6 0.0 0.0 0.0 -3.386601101798741 0.0 31.107420211887444 1.6590039341361197e-17 0.0 2.2109269342367585e-16 ""
16793 1603 2006-11-26 Ia pW7 0.0 0.0 0.0 100.72344019539082 0.0 110.36840859696456 7.822118655499826e-16 0.0 7.513050671255326e-16 ""
16836 1646 2006-12-18 Ia pW6 0.0 0.0 0.0 6.92302022876993 0.0 132.73659011680834 8.511129004309068e-16 0.0 1.4411276654783473e-15 ""
16836 1646 2006-12-18 Ia pW7 0.0 0.0 0.0 205.56428522647005 0.0 4648.257989872075 1.2844877074152411e-15 0.0 2.8583947267908774e-15 ""
16847 1582 2006-11-27 Ia pW6 0.0 0.0 0.0 -12.902370380403358 0.0 35.05059977847346 -4.663286840844723e-17 0.0 1.9675463363233587e-16 ""
16847 1582 2006-11-27 Ia pW7 0.0 0.0 0.0 61.78448084950423 0.0 81.0301963322875 4.376014336339849e-16 0.0 5.701217585142522e-16 ""
1686 192 2005-09-27 Ia? pW6 0.0 0.0 0.0 85.75172855735141 0.0 22.951690110548835 2.8865636224550367e-16 0.0 1.1920603076518422e-16 ""
1686 192 2005-09-27 Ia? pW7 0.0 0.0 0.0 106.71348929302488 0.0 71.52299912294194 3.0415092766801673e-16 0.0 2.252823725178332e-16 ""
16872 1539 2006-11-26 Ia pW6 0.0 0.0 0.0 1.8551074184170178 0.0 24.432005813555232 3.9721352380760005e-17 0.0 1.9321201168243358e-16 ""
16872 1539 2006-11-26 Ia pW7 0.0 0.0 0.0 64.65608138763737 0.0 43.71676698623295 4.574399300156236e-16 0.0 3.466277771209443e-16 ""
1688 193 2005-09-28 Ia pW6 0.0 0.0 0.0 -2.0124022484275113 0.0 38.940582451948586 2.907736276054593e-17 0.0 1.6638076982186778e-16 ""
1688 193 2005-09-28 Ia pW7 0.0 0.0 0.0 115.83263033258318 0.0 184.67570222006856 9.912025273044802e-16 0.0 1.4416162828674962e-15 ""
16894 1642 2006-12-14 Ia pW6 0.0 0.0 0.0 42.7628350459418 0.0 81.32242355009068 1.4581757956513768e-15 0.0 1.5133133225681094e-15 ""
16894 1642 2006-12-14 Ia pW7 0.0 0.0 0.0 -17.795770203385228 0.0 3030.3947210323686 4.602547929726464e-15 0.0 1.2578397280177798e-14 ""
16899 1641 2006-12-13 Ia pW6 0.0 0.0 0.0 4.284366367662807 0.0 29.723627003827644 5.778685494419128e-16 0.0 2.1199879230110004e-15 ""
16899 1641 2006-12-13 Ia pW7 0.0 0.0 0.0 50.708067580540515 0.0 54.22011452836547 4.361895043746417e-15 0.0 4.278027138902437e-15 ""
16938 1580 2006-11-26 Ia pW6 0.0 0.0 0.0 33.07153790908253 0.0 39.284875374381215 1.4985203863150245e-16 0.0 1.8091251982780207e-16 ""
16938 1580 2006-11-26 Ia pW7 nan nan nan nan nan nan nan nan nan "Feature not in spectral wavelength range."
16941 1643 2006-12-14 Ia? pW6 0.0 0.0 0.0 -33.83878707101879 0.0 178.55908278866536 1.348468974243273e-15 0.0 3.906393522391021e-15 ""
16941 1643 2006-12-14 Ia? pW7 0.0 0.0 0.0 121.34272855469005 0.0 1951.0053366712416 9.731652202263348e-15 0.0 2.3974858010253482e-14 ""
16953 1579 2006-11-26 Ia pW6 0.0 0.0 0.0 22.282545560426897 0.0 16.399977164058463 1.1972161355254322e-16 0.0 9.086422376999197e-17 ""
16953 1579 2006-11-26 Ia pW7 0.0 0.0 0.0 68.30949691188196 0.0 54.48341853452068 3.3423656327747095e-16 0.0 2.6922760443265777e-16 ""
