results/spec_class/sdss_sako18spec_rv3_1_bin5_methavg_step3.ecsv
# %ECSV 0.9
# ---
# datatype:
# - {name: obj_id, datatype: string}
# - {name: sid, datatype: string}
# - {name: date, datatype: string}
# - {name: type, datatype: string}
# - {name: feat_name, datatype: string}
# - {name: feat_start, datatype: float64}
# - {name: feat_end, datatype: float64}
# - {name: vel, datatype: float64}
# - {name: vel_err, datatype: float64}
# - {name: vel_samperr, datatype: float64}
# - {name: pew, datatype: float64}
# - {name: pew_err, datatype: float64}
# - {name: pew_samperr, datatype: float64}
# - {name: area, datatype: float64}
# - {name: area_err, datatype: float64}
# - {name: area_samperr, datatype: float64}
# - {name: msg, datatype: string}
# meta: !!omap
# - {bin_size: 5}
# - {method: avg}
# - {nstep: 3}
# - {rv: 3.1}
# schema: astropy-2.0
obj_id sid date type feat_name feat_start feat_end vel vel_err vel_samperr pew pew_err pew_samperr area area_err area_samperr msg
10028 489 2005-11-10 Ia? pW6 5654.1847074388115 5950.166125443502 7686.275179900162 0.0 0.0 31.962980053142243 0.0 1.914788211309488 1.2210021595245821e-14 0.0 8.26763747895204e-16 ""
10028 489 2005-11-10 Ia? pW7 5954.864243189608 6372.9967225930595 10159.968649753848 0.0 0.0 36.56712212181503 0.0 3.907055415796581 1.2628808414217546e-14 0.0 1.4668975741113727e-15 ""
10096 532 2005-11-26 Ia pW6 5711.655883298131 5957.787895506279 7347.784413015541 0.0 0.0 4.488507552119742 0.0 9.076563211368082 4.471585120837168e-16 0.0 8.300228758590475e-16 ""
10096 532 2005-11-26 Ia pW7 5962.431895736621 6361.815915546069 8742.251172026828 0.0 0.0 32.8704695650756 0.0 16.921144170803114 3.1406935300205967e-15 0.0 1.7302673742823877e-15 ""
10106 528 2005-12-28 Ia? pW6 5547.616203486126 5852.789589925442 13958.440681850807 0.0 0.0 23.678173666804753 0.0 10.465249143062282 7.37858758128236e-16 0.0 3.4231098432554996e-16 ""
10106 528 2005-12-28 Ia? pW7 5857.149209731718 6463.136362804073 10034.870583612923 0.0 0.0 44.95158523134976 0.0 28.419923015361633 1.2344798272860668e-15 0.0 7.876295555761539e-16 ""
1032 149 2005-09-25 Ia pW6 5570.696339256691 5933.8389577629705 11113.426957938618 0.0 0.0 18.899561385024935 0.0 9.653446325654674 1.0298160930543173e-15 0.0 5.548938290912089e-16 ""
1032 149 2005-09-25 Ia pW7 5929.410389244602 6354.5529670080505 7354.78212479018 0.0 0.0 16.998393123274102 0.0 11.605789412626715 9.46618790176767e-16 0.0 6.620451321684399e-16 ""
10434 505 2005-11-24 Ia pW6 5594.005496533159 5983.894849561647 7640.752747829097 0.0 0.0 21.1912711967036 0.0 20.7293874394734 2.199120552279209e-15 0.0 2.22558250582958e-15 ""
10434 505 2005-11-24 Ia pW7 5979.3612524334085 6396.4521882313265 8936.065788594238 0.0 0.0 108.10403025248841 0.0 13.55455292930197 9.796653158965003e-15 0.0 1.72471455155035e-15 ""
10449 546 2005-11-27 Ia pW6 5587.508615234557 5922.041699750511 10408.064848718901 0.0 0.0 12.299130734797034 0.0 19.474010843353412 8.716439754522745e-17 0.0 1.292744515705151e-16 ""
10449 546 2005-11-27 Ia pW7 5918.011180659957 6313.002051534218 9328.95406340777 0.0 0.0 42.19841722883556 0.0 22.51719997105956 2.317498064141846e-16 0.0 1.3290021573740566e-16 ""
10550 543 2005-11-26 Ia pW6 5596.81101459181 5923.929859562108 9574.311407183948 0.0 0.0 22.72806660225305 0.0 13.756801182965988 1.0933254475687851e-16 0.0 6.862082326011876e-17 ""
10550 543 2005-11-26 Ia pW7 5923.929859562108 6339.563215524368 9263.521898333362 0.0 0.0 90.979407399048 0.0 18.376946826844243 3.7691389962990737e-16 0.0 9.554717152514075e-17 ""
10805 495 2005-11-22 Ia pW6 5598.351673614517 5876.137965914664 11426.361853676179 0.0 0.0 7.327937128766481 0.0 4.054764756115895 5.255467987742664e-15 0.0 2.9399178644170553e-15 ""
10805 495 2005-11-22 Ia pW7 5880.927384747425 6311.97507969593 11699.319508371076 0.0 0.0 61.41756448718618 0.0 6.378914191360775 3.863701050062613e-14 0.0 4.6981119575790574e-15 ""
11067 549 2005-12-04 Ia pW7 5907.519450714856 5907.519450714856 nan nan nan nan nan nan nan nan nan "Range too small. Please select a wider range"
11067 549 2005-12-04 Ia pW6 5509.058494963722 5509.058494963722 nan nan nan nan nan nan nan nan nan "Range too small. Please select a wider range"
1112 87 2005-09-26 Ia pW6 5622.629041824398 5972.923806907971 8313.04842825375 0.0 0.0 31.5571952301781 0.0 20.901868767817785 3.728892074686986e-16 0.0 2.635429673932749e-16 ""
1112 87 2005-09-26 Ia pW7 5972.923806907971 6530.210933177293 6291.069724535609 0.0 0.0 84.39607227756407 0.0 38.53002580180199 9.988018844549954e-16 0.0 5.007257488070424e-16 ""
1119 189 2005-09-27 Ia pW7 5878.241981007273 6275.4986728541 12560.676561105622 0.0 0.0 111.47519487120194 0.0 44.76937794285425 2.769488642407782e-16 0.0 1.1945045088722418e-16 ""
1119 189 2005-09-27 Ia pW6 5546.551927620601 5878.241981007273 13288.552126073972 0.0 0.0 73.27374280338833 0.0 80.42491590837514 2.238809907455498e-16 0.0 1.4262790488595484e-16 ""
11206 560 2005-12-02 Ia pW6 5639.632376302616 5639.632376302616 nan nan nan nan nan nan nan nan nan "Range too small. Please select a wider range"
11206 560 2005-12-02 Ia pW7 5664.962775169551 5664.962775169551 nan nan nan nan nan nan nan nan nan "Range too small. Please select a wider range"
11300 506 2005-11-24 Ia pW7 5772.230064912819 5772.230064912819 nan nan nan nan nan nan nan nan nan "Range too small. Please select a wider range"
11300 506 2005-11-24 Ia pW6 5644.535601656681 5644.535601656681 nan nan nan nan nan nan nan nan nan "Range too small. Please select a wider range"
11452 557 2005-12-02 Ia pW7 5901.647683001174 6298.559019174287 12398.327900770018 0.0 0.0 185.63483075660332 0.0 38.940444510341806 1.57114749723586e-15 0.0 5.170859757026227e-16 ""
11452 557 2005-12-02 Ia pW6 5651.169655319113 5901.647683001174 9077.841090130189 0.0 0.0 30.35169582342466 0.0 58.857523026190314 4.50640124956751e-16 0.0 5.333782542803655e-16 ""
11557 554 2005-12-01 Ia pW6 5509.566957827066 5509.566957827066 nan nan nan nan nan nan nan nan nan "Range too small. Please select a wider range"
11557 554 2005-12-01 Ia pW7 6397.914377812344 6397.914377812344 nan nan nan nan nan nan nan nan nan "Range too small. Please select a wider range"
11650 559 2005-12-03 Ia pW7 5903.872452763123 6367.846445054864 10056.534068251778 0.0 0.0 153.15548650159826 0.0 46.16382177870494 8.714709585278778e-16 0.0 3.677236837033757e-16 ""
11650 559 2005-12-03 Ia pW6 5632.56562676202 5903.872452763123 9725.352629397 0.0 0.0 47.91879803083964 0.0 27.740046192966332 3.194636020340002e-16 0.0 2.0423042801978609e-16 ""
1166 190 2005-09-28 Ia pW7 nan nan nan nan nan nan nan nan nan nan nan "Feature not in spectral wavelength range."
1166 190 2005-09-28 Ia pW6 5553.446809620324 5553.446809620324 nan nan nan nan nan nan nan nan nan "Range too small. Please select a wider range"
11864 555 2005-12-01 Ia pW6 5605.893582125669 5932.375907908939 nan nan nan nan nan nan nan nan nan "Optimal parameters not found: Number of calls to function has reached maxfev = 1000."
11864 555 2005-12-01 Ia pW7 5932.375907908939 6354.8824471578755 nan nan nan nan nan nan nan nan nan "Optimal parameters not found: Number of calls to function has reached maxfev = 1000."
12136 563 2005-12-07 Ia pW6 5779.5472632351075 5779.5472632351075 nan nan nan nan nan nan nan nan nan "Range too small. Please select a wider range"
12136 563 2005-12-07 Ia pW7 6076.219564203223 6076.219564203223 nan nan nan nan nan nan nan nan nan "Range too small. Please select a wider range"
1241 112 2005-09-23 Ia pW6 5559.603004932581 5995.992565759314 9979.671652133913 0.0 0.0 39.71141706147481 0.0 19.32125566676395 2.4348275523578976e-15 0.0 1.293488696766961e-15 ""
1241 112 2005-09-23 Ia pW7 5995.992565759314 6340.510640096209 10454.257534148339 0.0 0.0 103.20854931423042 0.0 10.579971514810834 5.169327708732601e-15 0.0 8.049201587038792e-16 ""
1253 140 2005-09-24 Ia pW6 5587.4932727357755 5856.98014595092 12515.581382336251 0.0 0.0 16.719723603004457 0.0 11.4684226387048 2.184905627856029e-16 0.0 1.5300596418575925e-16 ""
1253 140 2005-09-24 Ia pW7 5960.019244533181 6265.173498026801 11036.884344533497 0.0 0.0 61.09971637011916 0.0 24.702678090831967 7.296146045405663e-16 0.0 3.1768330018163706e-16 ""
1253 86 2005-09-26 Ia pW7 5958.434027631915 5958.434027631915 nan nan nan nan nan nan nan nan nan "Range too small. Please select a wider range"
1253 86 2005-09-26 Ia pW6 5863.321013555982 5863.321013555982 nan nan nan nan nan nan nan nan nan "Range too small. Please select a wider range"
12778 692 2006-09-17 Ia? pW6 5568.046361988123 5873.107369636504 12863.597744452209 0.0 0.0 17.394972336442944 0.0 5.3783947877454406 1.9884848206654407e-15 0.0 6.451678540431097e-16 ""
12778 692 2006-09-17 Ia? pW7 5932.298311419026 6401.272696311311 6870.787167574761 0.0 0.0 30.499263074183723 0.0 12.153764194316084 3.5354915268612427e-15 0.0 1.4828947230375532e-15 ""
12779 693 2006-09-15 Ia pW6 5582.959807509074 5874.921680069107 11799.902301988686 0.0 0.0 69.6020444064498 0.0 12.78384962361409 1.203726031965045e-15 0.0 2.7981260839019865e-16 ""
12779 693 2006-09-15 Ia pW7 5874.921680069107 6546.897418500929 9232.506898966687 0.0 0.0 237.9175672291633 0.0 31.04295260511895 4.051610751730558e-15 0.0 7.699656620308499e-16 ""
12781 680 2006-09-13 Ia pW6 5582.199023473034 5900.812417980139 10682.873225007903 0.0 0.0 57.735327176753195 0.0 9.031449243612338 1.7702704506760122e-15 0.0 3.4680620101395275e-16 ""
12781 680 2006-09-13 Ia pW7 5900.812417980139 6436.452327586287 8748.119459241274 0.0 0.0 113.61367216572731 0.0 14.311003670561256 3.3539142355417078e-15 0.0 5.408232926731981e-16 ""
12841 703 2006-09-19 Ia pW6 5547.287188881743 5903.304225070874 14202.937188888249 0.0 0.0 29.048420454952563 0.0 74.7903957158087 4.546108124365862e-16 0.0 6.703036981198599e-16 ""
12841 703 2006-09-19 Ia pW7 5907.173975464235 6464.418032108093 8632.835134810839 0.0 0.0 69.23048890788921 0.0 117.89873638935119 1.0066792135293357e-15 0.0 1.199970549746772e-15 ""
12843 683 2006-09-13 Ia pW7 5982.6802029934415 6308.594972850443 10050.60614171887 0.0 0.0 68.33237648858899 0.0 12.364671806912298 1.3593536073569113e-15 0.0 3.151372246321436e-16 ""
12843 683 2006-09-13 Ia pW6 5601.016854081954 5986.968555228403 nan nan nan nan nan nan nan nan nan "Optimal parameters not found: Number of calls to function has reached maxfev = 1000."
12843 727 2006-09-16 Ia pW6 5599.30151318797 5843.73759058072 11903.124264063352 0.0 0.0 21.974794624982234 0.0 16.00746956084928 4.218050052219221e-16 0.0 3.1138984456967686e-16 ""
12843 727 2006-09-16 Ia pW7 5963.811453159616 6302.591279721498 9877.390555036749 0.0 0.0 68.51842598757663 0.0 14.568073434217277 1.1591246811178963e-15 0.0 3.2199412703337973e-16 ""
12844 684 2006-09-16 Ia-pec pW6 5558.604967351553 5563.2803857781255 nan nan nan nan nan nan nan nan nan "Range too small. Please select a wider range"
12844 684 2006-09-16 Ia-pec pW7 5507.17536465926 5507.17536465926 nan nan nan nan nan nan nan nan nan "Range too small. Please select a wider range"
12851 704 2006-09-18 Ia pW6 5567.051099457409 5896.77171350978 11380.100588040417 0.0 0.0 50.76420856113725 0.0 28.553014732185584 9.10343000880597e-16 0.0 5.973458690069381e-16 ""
12851 704 2006-09-18 Ia pW7 5900.792696607979 6511.982127534326 7230.385153113767 0.0 0.0 106.85484085632575 0.0 100.21292991197384 2.1578399815773956e-15 0.0 1.7509644362572821e-15 ""
12853 685 2006-09-13 Ia pW6 5572.3862345495645 5884.840489962514 12477.049127666793 0.0 0.0 44.5444105309979 0.0 20.76903750321954 7.241100891317246e-16 0.0 3.9289054588304573e-16 ""
12853 685 2006-09-13 Ia pW7 6013.246348351397 6355.6619707217515 9248.469068239661 0.0 0.0 69.1919715009005 0.0 15.170082838948746 8.709118292754156e-16 0.0 2.3745811957262397e-16 ""
12855 720 2006-09-15 Ia pW7 5925.451979621194 6365.3867838459355 9355.957967230624 0.0 0.0 34.88413654085459 0.0 9.628633219697575 1.0546389754834989e-15 0.0 3.175183364948518e-16 ""
12855 720 2006-09-15 Ia pW6 5575.212620918003 5921.180767929693 12490.43471065272 0.0 0.0 1.165127063030381 0.0 12.714080078458176 5.658101832147566e-17 0.0 3.9634132348674425e-16 ""
12856 695 2006-09-15 Ia pW7 5937.4527357912575 6347.609937083595 10461.048239010368 0.0 0.0 29.99576392065375 0.0 17.285330265206824 1.002423629159927e-15 0.0 5.933204313796706e-16 ""
12856 695 2006-09-15 Ia pW6 5591.382597200848 5928.907794097667 nan nan nan nan nan nan nan nan nan "Optimal parameters not found: Number of calls to function has reached maxfev = 1000."
12860 688 2006-09-13 Ia pW6 5631.360326734034 5925.89220847145 9080.512875851971 0.0 0.0 6.0777461845561405 0.0 9.032162413043311 1.9116070509883587e-16 0.0 2.655955952747757e-16 ""
12860 688 2006-09-13 Ia pW7 5979.443459696436 6340.914405465083 10004.396202129512 0.0 0.0 62.689694028099765 0.0 8.015665843282072 1.8143734794139545e-15 0.0 2.705082613774455e-16 ""
12860 721 2006-09-15 Ia pW6 nan nan nan nan nan nan nan nan nan nan nan "Feature not in spectral wavelength range."
12860 721 2006-09-15 Ia pW7 nan nan nan nan nan nan nan nan nan nan nan "Feature not in spectral wavelength range."
12869 740 2006-09-18 Ia pW6 5568.187508606768 5885.073047985077 12495.794521979282 0.0 0.0 60.83445963318918 0.0 23.080143811120983 6.878189196161047e-16 0.0 3.104655963414082e-16 ""
12869 740 2006-09-18 Ia pW7 5982.877226805543 6319.3236019479455 9312.492419472506 0.0 0.0 67.83188101387015 0.0 21.640665282586337 6.078438834830182e-16 0.0 2.468168486570329e-16 ""
12874 689 2006-09-13 Ia pW6 5607.92532094687 5607.92532094687 nan nan nan nan nan nan nan nan nan "Range too small. Please select a wider range"
12874 689 2006-09-13 Ia pW7 5720.51004094867 5720.51004094867 nan nan nan nan nan nan nan nan nan "Range too small. Please select a wider range"
12881 817 2006-09-21 Ia pW7 5900.774802660625 6438.495288274783 9448.592515287566 0.0 0.0 75.73396334843251 0.0 33.41768460576484 1.1852136712763717e-15 0.0 5.553735092019211e-16 ""
12881 817 2006-09-21 Ia pW6 5569.247886718062 5896.731791490593 13593.36322938126 0.0 0.0 29.809696176260314 0.0 27.710865788461938 4.833603186730926e-16 0.0 4.0342081192681663e-16 ""
12883 742 2006-09-17 Ia pW6 5649.499000912161 5649.499000912161 nan nan nan nan nan nan nan nan nan "Range too small. Please select a wider range"
12883 742 2006-09-17 Ia pW7 5959.679587283668 5959.679587283668 nan nan nan nan nan nan nan nan nan "Range too small. Please select a wider range"
12897 719 2006-09-15 Ia pW6 5564.4582953368335 5879.251304177599 13305.35222997449 0.0 0.0 69.49876917459966 0.0 7.941672704840391 2.854160277295348e-14 0.0 4.08441497300396e-15 ""
12897 719 2006-09-15 Ia pW7 5953.030915624653 6548.1864479642245 4575.4269213624875 0.0 0.0 90.16416389640906 0.0 13.611824266773674 3.6635784787161955e-14 0.0 6.369983867472238e-15 ""
12898 1078 2006-10-17 Ia pW6 5586.37285286062 5886.5913195294415 12069.574919797078 0.0 0.0 31.837989222991606 0.0 10.970829744659301 7.132766203416179e-15 0.0 2.8052529199538736e-15 ""
12898 1078 2006-10-17 Ia pW7 5891.2100651705005 6399.272085686968 9620.755610723929 0.0 0.0 79.78853085732497 0.0 18.27200585589946 1.8508828973628794e-14 0.0 5.103287491852656e-15 ""
12898 1079 2006-10-20 Ia pW6 5569.745368552808 5888.4388177858655 11722.832742672512 0.0 0.0 30.77889870721622 0.0 8.425916066385211 4.064156378146508e-15 0.0 1.190459176956253e-15 ""
12898 1079 2006-10-20 Ia pW7 5930.007528555395 6317.982162404333 9816.733658663663 0.0 0.0 54.24629081103795 0.0 8.675424971874776 6.314653252864213e-15 0.0 1.1723261510508224e-15 ""
12898 712 2006-09-17 Ia pW6 5605.7715845530665 5882.896323016595 10884.172976547372 0.0 0.0 7.796868412679626 0.0 6.158995373000267 6.82111728031837e-16 0.0 5.455222608924024e-16 ""
12898 712 2006-09-17 Ia pW7 5882.896323016595 6344.770887122475 11870.456840151179 0.0 0.0 50.76194996456358 0.0 14.85153707963379 4.2227105011418725e-15 0.0 1.3405425366669142e-15 ""
12907 714 2006-09-17 Ia pW6 5680.1501147790905 5834.898502743025 nan nan nan nan nan nan nan nan nan "Optimal parameters not found: Number of calls to function has reached maxfev = 1000."
12907 714 2006-09-17 Ia pW7 5927.747535521387 6378.728551873428 11319.482246075999 0.0 0.0 19.61600490639979 0.0 11.25386965447806 2.3334093599281477e-15 0.0 1.3701081900509025e-15 ""
