results/spec_class/sdss_sako18spec_rv3_1_bin5.0_methgauss_step5.ecsv
# %ECSV 0.9
# ---
# datatype:
# - {name: obj_id, datatype: string}
# - {name: sid, datatype: string}
# - {name: date, datatype: string}
# - {name: type, datatype: string}
# - {name: feat_name, datatype: string}
# - {name: feat_start, datatype: float64}
# - {name: feat_end, datatype: float64}
# - {name: vel, datatype: float64}
# - {name: vel_err, datatype: float64}
# - {name: vel_samperr, datatype: float64}
# - {name: pew, datatype: float64}
# - {name: pew_err, datatype: float64}
# - {name: pew_samperr, datatype: float64}
# - {name: area, datatype: float64}
# - {name: area_err, datatype: float64}
# - {name: area_samperr, datatype: float64}
# - {name: msg, datatype: string}
# meta: !!omap
# - {bin_size: 5.0}
# - {method: gauss}
# - {nstep: 5}
# - {rv: 3.1}
# schema: astropy-2.0
obj_id sid date type feat_name feat_start feat_end vel vel_err vel_samperr pew pew_err pew_samperr area area_err area_samperr msg
[from data line 272]
16280 1373 2006-11-20 Ia pW6 5589.958600081724 5844.257815507714 11543.274960712826 0.0 0.0 7.374552266882349 0.0 0.4364760029668147 7.474628419383112e-15 0.0 4.569682695283362e-16 ""
16280 1373 2006-11-20 Ia pW7 5844.257815507714 6346.942311117229 11794.976300172008 0.0 0.0 70.69415096038895 0.0 1.1715994582787241 6.775904509506394e-14 0.0 1.3042627283861508e-15 ""
16280 1407 2006-11-17 Ia pW7 5830.765076854834 6336.820890628917 12360.771419939781 0.0 0.0 79.20079458235685 0.0 1.1056223537566885 45.34067575385844 0.0 0.7513059645713837 ""
16280 1407 2006-11-17 Ia pW6 5555.765559005612 5830.765076854834 12704.268247730693 0.0 0.0 18.592062082624032 0.0 0.6552869714356174 10.938571478519277 0.0 0.4156425778316831 ""
16280 1471 2006-11-24 Ia pW6 5633.973613225396 5844.600752664761 11064.00673194879 0.0 0.0 8.201407657366866 0.0 0.5414489246242217 4.257830186545163e-15 0.0 2.9280143531706034e-16 ""
16280 1471 2006-11-24 Ia pW7 5844.600752664761 6400.621860973172 11055.650677270663 0.0 0.0 76.99755646213079 0.0 1.0293797755322254 3.803612070692219e-14 0.0 5.938401912610963e-16 ""
16281 1429 2006-11-21 Ia pW7 5950.478158352675 6285.749170023221 9645.23461337512 0.0 0.0 29.172083799899543 0.0 2.590005175232072 4.464583828691424e-15 0.0 4.381712414045056e-16 ""
16281 1429 2006-11-21 Ia pW6 5546.62898520406 5946.668260492782 11215.03718649609 0.0 0.0 5.40227511583329 0.0 1.8593776262514108 9.06728267622831e-16 0.0 3.153070994741041e-16 ""
16287 1338 2006-11-20 Ia pW7 5898.869409358694 6325.430732777414 11209.475755427244 0.0 0.0 209.01861829969116 0.0 1.7665300649071565 4.754155698429725e-15 0.0 7.757120149396385e-17 ""
16287 1338 2006-11-20 Ia pW6 5637.91424679665 5898.869409358694 10822.59624919053 0.0 0.0 51.436956251127356 0.0 2.063671201093277 1.5684797622402867e-15 0.0 7.992868452551954e-17 ""
16287 1405 2006-11-18 Ia pW7 5864.42671460505 6371.464125742268 11666.450324354515 0.0 0.0 150.9429280305318 0.0 2.2764193400834722 5.79003946931826e-15 0.0 1.214987546277145e-16 ""
16287 1405 2006-11-18 Ia pW6 5562.420824911309 5864.42671460505 11159.177414709278 0.0 0.0 33.66495390993777 0.0 1.265436397977886 1.4090174693084788e-15 0.0 6.008577644793251e-17 ""
16287 1449 2006-11-24 Ia pW7 5926.7511613914085 6319.344301576924 10915.236758041574 0.0 0.0 123.17011925731296 0.0 1.1076098819801241 4.413995058116423e-15 0.0 5.843532229976433e-17 ""
16287 1449 2006-11-24 Ia pW6 5640.12669799386 5926.7511613914085 10742.406685654772 0.0 0.0 26.30975724582505 0.0 0.868493122699181 9.855880851085726e-16 0.0 3.5715589629146575e-17 ""
16287 1569 2006-11-25 Ia pW7 5875.155660485203 6355.256057115072 10759.111985276488 0.0 0.0 132.02631319044028 0.0 1.4897816552834469 3.105951264603338e-15 0.0 4.748707136383492e-17 ""
16287 1569 2006-11-25 Ia pW6 5637.001201161498 5875.155660485203 10798.750080503827 0.0 0.0 26.157525092038533 0.0 1.0815816456966012 6.208799311483701e-16 0.0 2.884606387060034e-17 ""
16314 1363 2006-12-01 Ia pW6 5585.812729212617 5968.913527641073 10555.562787719296 0.0 0.0 11.74311827339164 0.0 2.7181760824821164 3.134836840548632e-15 0.0 7.462867924402786e-16 ""
16314 1363 2006-12-01 Ia pW7 5963.1526133789985 6303.046554841839 9822.304662724566 0.0 0.0 59.45054521153 0.0 2.509955202114994 1.1919888130571463e-14 0.0 6.196167327701649e-16 ""
16333 1368 2006-11-19 Ia pW6 5529.866302164372 5529.866302164372 nan nan nan nan nan nan nan nan nan "Range too small. Please select a wider range"
16333 1368 2006-11-19 Ia pW7 6082.618797461125 6082.618797461125 nan nan nan nan nan nan nan nan nan "Range too small. Please select a wider range"
16333 1440 2006-11-28 Ia pW6 5050.65364663459 5050.65364663459 nan nan nan nan nan nan nan nan nan "Range too small. Please select a wider range"
16333 1440 2006-11-28 Ia pW7 6024.3089854610125 6018.581601114969 nan nan nan nan nan nan nan nan nan "Range too small. Please select a wider range"
16350 1508 2006-11-21 Ia pW6 5569.999472450575 5942.343413900525 10125.614259173506 0.0 0.0 43.345366764296145 0.0 1.350700160306092 1.1164732242609117e-15 0.0 3.9542911727244655e-17 ""
16350 1508 2006-11-21 Ia pW7 5942.343413900525 6391.346402119577 7154.135261717103 0.0 0.0 160.9474181796353 0.0 7.2792039380881635 3.2489902716537498e-15 0.0 2.3229393282312956e-16 ""
16392 1412 2006-11-18 Ia pW7 5876.121433548037 6278.746184827993 11150.827071262658 0.0 0.0 81.7620286066241 0.0 1.8769560750615133 9.562462301938391e-15 0.0 2.6660607247657593e-16 ""
16392 1412 2006-11-18 Ia pW6 5598.049662879863 5881.914595436957 10364.39749690685 0.0 0.0 20.260408851443536 0.0 1.301197244896865 2.570928762050821e-15 0.0 1.7928992795111387e-16 ""
16392 1448 2006-11-24 Ia pW7 5854.735378235201 6293.016515264774 10236.720966444596 0.0 0.0 62.69614933041144 0.0 2.573584511357557 2.8082926678910518e-15 0.0 1.423329302578635e-16 ""
16392 1448 2006-11-24 Ia pW6 5670.777550290866 5851.38217015018 10054.00867605033 0.0 0.0 10.902438920497902 0.0 1.1448583827834122 6.525255982025001e-16 0.0 7.19985172626397e-17 ""
16414 1434 2006-11-21 Ia pW7 5858.625237257707 6245.778746701138 nan nan nan nan nan nan nan nan nan "Optimal parameters not found: Number of calls to function has reached maxfev = 1000."
16414 1434 2006-11-21 Ia pW6 5699.615760164867 5858.625237257707 9621.441420056844 0.0 0.0 8.096142686946475 0.0 2.094167155708949 4.250984743840465e-16 0.0 1.1644024491161347e-16 ""
16421 1436 2006-11-25 Ia pW6 5614.945839937171 5895.763529381645 nan nan nan nan nan nan nan nan nan "Optimal parameters not found: Number of calls to function has reached maxfev = 1000."
16421 1436 2006-11-25 Ia pW7 5895.763529381645 6408.862517502426 nan nan nan nan nan nan nan nan nan "Optimal parameters not found: Number of calls to function has reached maxfev = 1000."
16442 1433 2006-11-19 Ia pW7 5939.0359156087725 6242.543625878326 11599.626573095982 0.0 0.0 62.58004079973447 0.0 4.5958824812789585 1.657681060709938e-15 0.0 1.5333056774703962e-16 ""
16442 1433 2006-11-19 Ia pW6 5677.878118400085 5939.0359156087725 6523.803877785688 0.0 0.0 26.299352852005836 0.0 3.5204131860219663 7.563257753507979e-16 0.0 1.1385868850975964e-16 ""
16473 1439 2006-11-24 Ia pW7 5945.045816881294 6512.620682644959 9495.549077243695 0.0 0.0 84.63955152554887 0.0 3.733174432340022 4.6995181527920066e-15 0.0 2.359447245907758e-16 ""
16473 1439 2006-11-24 Ia pW6 5574.0818523298785 5945.045816881294 7677.604106856836 0.0 0.0 14.43809087453493 0.0 1.6642611329390982 9.322956356620921e-16 0.0 1.121160524769638e-16 ""
16473 1520 2006-11-25 Ia pW7 5815.736247259993 6340.0343989154335 9836.82100348632 0.0 0.0 57.93016788777957 0.0 1.5561232564104117 7.678922288806325e-16 0.0 2.3416410968909045e-17 ""
16473 1520 2006-11-25 Ia pW6 5593.694197165374 5815.736247259993 12675.18821359966 0.0 0.0 7.723019296174669 0.0 0.7348485803344418 1.143578005091034e-16 0.0 1.126871291876283e-17 ""
16482 1512 2006-11-22 Ia pW7 5970.860282212818 6325.248569965022 9979.12368559284 0.0 0.0 121.57867724501598 0.0 2.903370527725702 1.516877029665802e-15 0.0 5.416353061643226e-17 ""
16482 1512 2006-11-22 Ia pW6 5582.898367199881 5970.860282212818 9193.079617315896 0.0 0.0 41.222603326386064 0.0 1.8551433220456337 6.007641371037895e-16 0.0 3.0350350286229854e-17 ""
16541 1485 2006-11-23 Ia pW6 5565.175369791046 5882.181253745148 nan nan nan nan nan nan nan nan nan "Range too small. Please select a wider range"
16541 1485 2006-11-23 Ia pW7 5876.494239289609 6297.029546904083 nan nan nan nan nan nan nan nan nan "Range too small. Please select a wider range"
16567 1546 2006-11-23 Ia pW6 5641.2838207716195 5641.2838207716195 nan nan nan nan nan nan nan nan nan "Range too small. Please select a wider range"
16567 1546 2006-11-23 Ia pW7 5877.253344061885 5877.253344061885 nan nan nan nan nan nan nan nan nan "Range too small. Please select a wider range"
16578 1516 2006-11-26 Ia pW7 5842.167919485002 6377.766462960861 9246.846102537816 0.0 0.0 44.95827608567846 0.0 2.0168249307569073 6.665511269826532e-16 0.0 3.3087102670267845e-17 ""
16578 1516 2006-11-26 Ia pW6 5603.780431635874 5842.167919485002 9559.248295711526 0.0 0.0 10.269652551674062 0.0 1.0147365156023054 1.7040958309937616e-16 0.0 1.764036657655866e-17 ""
16618 1548 2006-11-23 Ia pW7 5876.208654067999 6307.443840845692 10352.103131741578 0.0 0.0 59.95190780663372 0.0 1.3314944226016032 1.0202850892763118 0.0 0.026734571313145238 ""
16618 1548 2006-11-23 Ia pW6 5658.074123791346 5876.208654067999 9569.027398020507 0.0 0.0 6.723845367461688 0.0 0.7231741918914113 0.1307540575914178 0.0 0.014463420318107618 ""
16619 1519 2006-11-26 Ia pW7 5877.945903248414 6264.631218401193 12764.02244725276 0.0 0.0 90.5773341079607 0.0 2.2911026153565324 2.093095809157695e-15 0.0 7.017088229350583e-17 ""
16619 1519 2006-11-26 Ia pW6 5590.105477959362 5877.945903248414 12470.55699428313 0.0 0.0 5.4037670473656885 0.0 1.779205879742212 1.5549478948424086e-16 0.0 5.1063942933778154e-17 ""
16619 1528 2006-11-23 Ia pW7 5859.963298172338 6338.131792693309 nan nan nan nan nan nan nan nan nan "Range too small. Please select a wider range"
16619 1528 2006-11-23 Ia pW6 5624.784458291258 5859.963298172338 nan nan nan nan nan nan nan nan nan "Range too small. Please select a wider range"
16631 1607 2006-11-26 Ia pW6 5664.088045017648 5850.797573331855 10190.406730693214 0.0 0.0 14.878139366638646 0.0 0.883462322180367 1.130345133781182e-16 0.0 7.283252778562721e-18 ""
16631 1607 2006-11-26 Ia pW7 5850.797573331855 6332.486060580315 11978.154293434176 0.0 0.0 100.64074946873362 0.0 2.438419361917619 6.862578559541947e-16 0.0 2.1144951714381133e-17 ""
16637 1514 2006-11-24 Ia pW7 5912.296260605438 6298.347399835723 9562.322056310457 0.0 0.0 24.396393131847915 0.0 1.4466853491883656 2.9845059824072243e-16 0.0 1.91715669198904e-17 ""
16637 1514 2006-11-24 Ia pW6 5688.1180862553865 5912.296260605438 6861.661533178984 0.0 0.0 4.750009587725491 0.0 1.253912008417966 6.334032574613789e-17 0.0 1.7298320016039566e-17 ""
16641 1518 2006-11-26 Ia pW6 5814.531371502162 5814.531371502162 nan nan nan nan nan nan nan nan nan "Range too small. Please select a wider range"
16641 1518 2006-11-26 Ia pW7 5728.08611881165 5728.08611881165 nan nan nan nan nan nan nan nan nan "Range too small. Please select a wider range"
16692 1489 2006-11-25 Ia pW6 5659.4510784070935 5935.991810324378 10104.508749647177 0.0 0.0 8.9537955596723 0.0 0.7687371221673549 6.695470044300084e-16 0.0 5.922912499076838e-17 ""
16692 1489 2006-11-25 Ia pW7 5935.991810324378 6401.416514458409 10344.729729935922 0.0 0.0 61.08744351429405 0.0 1.3602634313783124 4.293208344176401e-15 0.0 1.0793765277500443e-16 ""
16737 1599 2006-11-26 Ia pW7 5848.670794457598 6292.311850937321 11756.68612966813 0.0 0.0 56.067729796517895 0.0 12.265616232175535 2.245377918409025e-16 0.0 5.527148741742974e-17 ""
16737 1599 2006-11-26 Ia pW6 5596.701209154228 5857.692589168869 13284.251946706403 0.0 0.0 39.05568589908142 0.0 3.1689042610842497 1.7463578387988246e-16 0.0 1.626405322213149e-17 ""
16758 1586 2006-11-26 Ia pW7 5892.144204971974 6269.306306011968 11620.582946620338 0.0 0.0 96.82269380673712 0.0 2.239784250204395 5.947837646424487e-16 0.0 1.8622371466906143e-17 ""
16758 1586 2006-11-26 Ia pW6 5644.758310741447 5893.158081587672 12145.241414442593 0.0 0.0 23.805398659412855 0.0 2.085251679247207 1.813785539866207e-16 0.0 1.703471501342424e-17 ""
16776 1581 2006-11-27 Ia pW7 5915.718697653057 6327.406196930044 10700.028762735194 0.0 0.0 122.32534545243303 0.0 1.4568211910072049 6.094684937153634e-16 0.0 1.0226408570893357e-17 ""
16776 1581 2006-11-27 Ia pW6 5638.784580871365 5915.718697653057 8484.389721925245 0.0 0.0 22.205299892106407 0.0 0.9988688960871096 1.2107717952738143e-16 0.0 5.946025447417322e-18 ""
16789 1552 2006-11-23 Ia pW6 5569.330766436285 5883.521381955337 9550.835175616023 0.0 0.0 93.82100892709056 0.0 8.586352085034715 0.12921719167922868 0.0 0.01661905994788518 ""
16789 1552 2006-11-23 Ia pW7 5875.968722928437 6214.327847333571 18174.124790218564 0.0 0.0 158.33500137452364 0.0 14.761346939954446 0.1660743682935923 0.0 0.030650856901878847 ""
16793 1603 2006-11-26 Ia pW6 5664.620681825051 5664.620681825051 nan nan nan nan nan nan nan nan nan "Range too small. Please select a wider range"
16793 1603 2006-11-26 Ia pW7 6147.3040939356215 6147.3040939356215 nan nan nan nan nan nan nan nan nan "Range too small. Please select a wider range"
16847 1582 2006-11-27 Ia pW7 5932.7857866243585 6372.484511003143 8976.22097445103 0.0 0.0 86.76525585724907 0.0 2.0111305125884424 5.190156488950903e-16 0.0 1.4877395073015707e-17 ""
16847 1582 2006-11-27 Ia pW6 5590.91476886574 5932.7857866243585 8479.467794223465 0.0 0.0 27.11030033363954 0.0 1.5531018891785824 1.821047510851765e-16 0.0 1.1304442952552974e-17 ""
16872 1539 2006-11-26 Ia pW7 5917.806893288451 6299.789595868446 10756.778717441688 0.0 0.0 88.33220647295869 0.0 1.8494561658489774 6.025744624942326e-16 0.0 1.663438503484248e-17 ""
16872 1539 2006-11-26 Ia pW6 5551.655591544148 5917.806893288451 9749.73063808197 0.0 0.0 17.37080861529499 0.0 3.6731571548376647 1.4139078847407016e-16 0.0 3.2478699959553634e-17 ""
16953 1579 2006-11-26 Ia pW6 5625.951576258306 5870.96706982565 9119.771379018011 0.0 0.0 28.221669326111556 0.0 1.2895363819781196 1.4453547056265384e-16 0.0 7.50796269014773e-18 ""
16953 1579 2006-11-26 Ia pW7 5870.96706982565 6303.760831004032 8680.624880221681 0.0 0.0 108.63701635996102 0.0 5.409931841033214 5.19622054315131e-16 0.0 3.7420928889053996e-17 ""
16956 1562 2006-11-25 Ia pW6 5570.626964933844 5917.78201971887 9832.151199765676 0.0 0.0 27.82763645821396 0.0 1.5075703371761122 4.570536886506679e-16 0.0 2.711497080133278e-17 ""
16956 1562 2006-11-25 Ia pW7 5917.78201971887 6378.2922616204305 11539.48440971561 0.0 0.0 120.71275479430363 0.0 1.2566813229127374 1.9724114014565115e-15 0.0 2.879534286036756e-17 ""
17048 1605 2006-11-26 Ia pW6 5567.05450544773 5832.776327473736 11666.37176291367 0.0 0.0 2.9239213347555952 0.0 0.7884520529564689 7.170655456899867e-17 0.0 1.9199737109580977e-17 ""
17048 1605 2006-11-26 Ia pW7 5832.776327473736 6246.243892866894 nan nan nan nan nan nan nan nan nan "Optimal parameters not found: Number of calls to function has reached maxfev = 1000."
17081 1590 2006-11-26 Ia pW6 5566.687521675048 5970.92051329466 9876.60389006843 0.0 0.0 47.801165757457255 0.0 4.559090385194856 2.9064673195265803e-16 0.0 3.097742376184601e-17 ""
17081 1590 2006-11-26 Ia pW7 5970.92051329466 6296.201748738558 10526.071452804232 0.0 0.0 98.40257787289578 0.0 3.249383972194313 5.758802716247522e-16 0.0 2.7060168281746252e-17 ""
17117 1621 2006-11-27 Ia pW7 5966.835719767947 5966.835719767947 nan nan nan nan nan nan nan nan nan "Range too small. Please select a wider range"
17117 1621 2006-11-27 Ia pW6 3158.672971404873 3158.672971404873 nan nan nan nan nan nan nan nan nan "Range too small. Please select a wider range"
17168 1736 2007-09-11 Ia pW6 5699.248827916955 5955.789169145593 4908.760190428856 0.0 0.0 25.22286018236658 0.0 3.0838490130309815 7.334421696751865e-16 0.0 9.912661159933006e-17 ""
17168 1736 2007-09-11 Ia pW7 6103.49421409541 6103.49421409541 nan nan nan nan nan nan nan nan nan "Range too small. Please select a wider range"
17171 1744 2007-09-10 Ia pW7 5898.775835275123 6319.637682712067 8096.224898547182 0.0 0.0 134.57104666439258 0.0 5.872121821872964 1.5254966783566572e-15 0.0 1.0077440848965394e-16 ""
17171 1744 2007-09-10 Ia pW6 5562.615743297188 5898.775835275123 13318.244361768366 0.0 0.0 66.16254993033628 0.0 2.5969086880446026 8.373871333187891e-16 0.0 4.164224816670101e-17 ""
17176 1777 2007-09-09 Ia pW6 5644.030967413248 5879.863543362043 9317.05131507548 0.0 0.0 10.755305189112214 0.0 0.8238427130805438 6.67833632422895e-16 0.0 5.361576856459581e-17 ""
