results/spec_class/sdss_sako18spec_5_steps.ecsv
# %ECSV 0.9
# ---
# datatype:
# - {name: obj_id, datatype: string}
# - {name: date, datatype: string}
# - {name: feat_name, datatype: string}
# - {name: vel, datatype: float64}
# - {name: vel_err, datatype: float64}
# - {name: vel_samperr, datatype: float64}
# - {name: pew, datatype: float64}
# - {name: pew_err, datatype: float64}
# - {name: pew_samperr, datatype: float64}
# - {name: area, datatype: float64}
# - {name: area_err, datatype: float64}
# - {name: area_samperr, datatype: float64}
# - {name: msg, datatype: string}
# schema: astropy-2.0
obj_id date feat_name vel vel_err vel_samperr pew pew_err pew_samperr area area_err area_samperr msg
[from data line 1401]
20530 2007-11-13 pW7 2347.9536417937825 0.0 0.0 139.46484356785467 0.0 105.73891726865695 1.3223855220890814e-14 0.0 1.3786234121404643e-14 ""
20530 2007-11-14 pW6 6296.8273964791415 0.0 0.0 2.7909723770082304 0.0 9.071785270344456 3.350166538509522e-16 0.0 9.645950535960576e-16 ""
20530 2007-11-14 pW7 3932.0601869708535 0.0 0.0 87.88145364839154 0.0 88.43278599171082 1.230871391605997e-14 0.0 1.4464454746314145e-14 ""
20533 2007-11-12 pW6 nan nan nan nan nan nan nan nan nan "Optimal parameters not found: Number of calls to function has reached maxfev = 1000."
20533 2007-11-12 pW7 nan nan nan nan nan nan nan nan nan "Optimal parameters not found: Number of calls to function has reached maxfev = 1000."
20575 2007-11-14 pW6 nan nan nan nan nan nan nan nan nan "Range too small. Please select a wider range"
20575 2007-11-14 pW7 nan nan nan nan nan nan nan nan nan "Range too small. Please select a wider range"
20581 2007-11-12 pW6 nan nan nan nan nan nan nan nan nan "Optimal parameters not found: Number of calls to function has reached maxfev = 1000."
20581 2007-11-12 pW7 6400.1094146932855 0.0 0.0 86.82361627104017 0.0 136.5282060121749 1.732130776704921e-15 0.0 2.042356668033129e-15 ""
20625 2007-11-09 pW6 nan nan nan nan nan nan nan nan nan "Optimal parameters not found: Number of calls to function has reached maxfev = 1000."
20625 2007-11-09 pW7 -781.6834202386602 0.0 0.0 143.06379477781823 0.0 78.13719303181924 1.791263367304093e-14 0.0 1.1517626665572696e-14 ""
20625 2007-11-13 pW6 nan nan nan nan nan nan nan nan nan "Range too small. Please select a wider range"
20625 2007-11-13 pW7 nan nan nan nan nan nan nan nan nan "Range too small. Please select a wider range"
20625 2007-11-15 pW6 nan nan nan nan nan nan nan nan nan "Range too small. Please select a wider range"
20625 2007-11-15 pW7 nan nan nan nan nan nan nan nan nan "Range too small. Please select a wider range"
20625 2007-12-03 pW6 12258.363123388264 0.0 0.0 14.46860184430741 0.0 8.703579725023259 1.847461444410486e-15 0.0 1.1837187175816038e-15 ""
20625 2007-12-03 pW7 3030.9212415540383 0.0 0.0 187.7328929906015 0.0 65.0210675109197 2.1140475708571824e-14 0.0 9.515778601235408e-15 ""
2063 2005-09-25 pW6 nan nan nan nan nan nan nan nan nan "Optimal parameters not found: Number of calls to function has reached maxfev = 1000."
2063 2005-09-25 pW7 1855.246175946937 0.0 0.0 142.96252216335327 0.0 82.45227358563152 3.1709062052651827e-15 0.0 2.2350051241017557e-15 ""
20677 2007-11-13 pW6 15171.209233493179 0.0 0.0 10.379665742493543 0.0 8.320080913637502 4.659589774100544e-16 0.0 3.7662481159731087e-16 ""
20677 2007-11-13 pW7 nan nan nan nan nan nan nan nan nan "Optimal parameters not found: Number of calls to function has reached maxfev = 1000."
20687 2007-11-14 pW6 nan nan nan nan nan nan nan nan nan "Range too small. Please select a wider range"
20687 2007-11-14 pW7 nan nan nan nan nan nan nan nan nan "Range too small. Please select a wider range"
20687 2007-11-16 pW6 nan nan nan nan nan nan nan nan nan "Optimal parameters not found: Number of calls to function has reached maxfev = 1000."
20687 2007-11-16 pW7 4561.8536132547515 0.0 0.0 89.05751199295115 0.0 79.66602199326917 4.343858484157507e-15 0.0 4.606443852429023e-15 ""
20718 2007-11-14 pW6 14544.568904531614 0.0 0.0 4.050414914717344 0.0 11.868400361832666 3.1686065640570055e-16 0.0 8.061946203973445e-16 ""
20718 2007-11-14 pW7 1726.4421998588332 0.0 0.0 75.85162593486658 0.0 76.02472087706373 6.940527730207315e-15 0.0 7.531670004279559e-15 ""
20718 2007-11-15 pW6 15758.953503012584 0.0 0.0 7.8805624346488194 0.0 10.581855017248039 5.366413323647766e-16 0.0 6.555719735549683e-16 ""
20718 2007-11-15 pW7 4054.748672960467 0.0 0.0 84.84928875837588 0.0 75.08534700306366 6.6504944416964475e-15 0.0 6.641764310085999e-15 ""
20718 2007-12-04 pW6 13883.979730568823 0.0 0.0 22.776766164605334 0.0 7.294941521863551 3.650262755163112e-15 0.0 1.2940168364728408e-15 ""
20718 2007-12-04 pW7 2811.9708870086965 0.0 0.0 202.35949256313228 0.0 49.451534612560714 2.3869968218603034e-14 0.0 7.841018804930563e-15 ""
20764 2007-11-14 pW6 nan nan nan nan nan nan nan nan nan "Range too small. Please select a wider range"
20764 2007-11-14 pW7 nan nan nan nan nan nan nan nan nan "Range too small. Please select a wider range"
20768 2007-11-14 pW6 9369.48273438495 0.0 0.0 10.946930106107478 0.0 11.264322674663205 1.104702860332126e-15 0.0 1.2468165563574117e-15 ""
20768 2007-11-14 pW7 10392.505701667202 0.0 0.0 66.15263971725403 0.0 77.75576608893802 7.304596863039328e-15 0.0 7.786562551539853e-15 ""
20821 2007-11-13 pW6 12045.125603242943 0.0 0.0 7.37567693350764 0.0 8.407078079123043 2.610279090697853e-16 0.0 2.986718285725297e-16 ""
20821 2007-11-13 pW7 8955.325348326433 0.0 0.0 96.79758048093629 0.0 113.48717926149698 4.551634915727798e-15 0.0 5.3345928538908845e-15 ""
20829 2007-11-12 pW6 7515.72749615132 0.0 0.0 28.06191481297531 0.0 20.88658498291458 0.18411072900127495 0.0 0.13848643905095837 ""
20829 2007-11-12 pW7 8322.75423594825 0.0 0.0 137.263772137901 0.0 51.941788088615645 1.0108038213063102 0.0 0.5659669729530048 ""
20834 2007-11-15 pW6 13220.744963683854 0.0 0.0 6.115303707287567 0.0 12.649083506575032 1.6485915527147207e-16 0.0 3.220241156983848e-16 ""
20834 2007-11-15 pW7 9075.775055029068 0.0 0.0 29.28257972751786 0.0 53.393574539482074 7.717628235050056e-16 0.0 1.2251145045801204e-15 ""
20838 2007-11-09 pW6 nan nan nan nan nan nan nan nan nan "Optimal parameters not found: Number of calls to function has reached maxfev = 1000."
20838 2007-11-09 pW7 nan nan nan nan nan nan nan nan nan "Optimal parameters not found: Number of calls to function has reached maxfev = 1000."
20838 2007-11-11 pW6 11308.42981315498 0.0 0.0 8.530935434013005 0.0 35.68641768638723 5.20476815525206e-16 0.0 1.3295983204167945e-15 ""
20838 2007-11-11 pW7 nan nan nan nan nan nan nan nan nan "Optimal parameters not found: Number of calls to function has reached maxfev = 1000."
20862 2007-11-16 pW6 nan nan nan nan nan nan nan nan nan "Optimal parameters not found: Number of calls to function has reached maxfev = 1000."
20862 2007-11-16 pW7 10437.913739902811 0.0 0.0 23.278894883590112 0.0 38.58558862838413 5.257265344553925e-16 0.0 7.391991876320297e-16 ""
20889 2007-11-10 pW6 11657.686839711934 0.0 0.0 18.35105287252625 0.0 16.139226485083096 3.241363090457908e-16 0.0 2.6111311927731984e-16 ""
20889 2007-11-10 pW7 7682.972813441403 0.0 0.0 76.9657787421853 0.0 244.56561851261398 2.452127095790272e-15 0.0 3.0316784314776815e-15 ""
20934 2007-11-13 pW6 7024.311383454082 0.0 0.0 32.46900950927928 0.0 56.02721567590792 8.367439256953662e-16 0.0 9.733595178158226e-16 ""
20934 2007-11-13 pW7 8155.671875659619 0.0 0.0 72.9487607948453 0.0 222.78043096712616 4.342817256689662e-15 0.0 5.412462890287089e-15 ""
20978 2007-11-15 pW6 nan nan nan nan nan nan nan nan nan "Optimal parameters not found: Number of calls to function has reached maxfev = 1000."
20978 2007-11-15 pW7 nan nan nan nan nan nan nan nan nan "Optimal parameters not found: Number of calls to function has reached maxfev = 1000."
21006 2007-11-13 pW6 nan nan nan nan nan nan nan nan nan "Optimal parameters not found: Number of calls to function has reached maxfev = 1000."
21006 2007-11-13 pW7 9424.859239834901 0.0 0.0 395.27288418804784 0.0 2027.510498525652 4.501105215882356e-16 0.0 6.693541459214071e-16 ""
2102 2005-09-27 pW6 12848.703800878695 0.0 0.0 32.26732472943489 0.0 70.68200911613205 1.1870747805510802e-15 0.0 1.783245317829718e-15 ""
2102 2005-09-27 pW7 5490.396754144703 0.0 0.0 128.9330760016125 0.0 164.73803010059348 5.604391267411059e-15 0.0 6.1524505910368424e-15 ""
21033 2007-11-13 pW6 8730.003412175198 0.0 0.0 13.7743989341355 0.0 40.23255165351857 1.0385610937622811e-16 0.0 1.9378990515947063e-16 ""
21033 2007-11-13 pW7 9815.745161696841 0.0 0.0 81.61141247843861 0.0 94.03184436056785 4.895403613960477e-16 0.0 4.809694138224184e-16 ""
21034 2007-11-10 pW6 nan nan nan nan nan nan nan nan nan "Optimal parameters not found: Number of calls to function has reached maxfev = 1000."
21034 2007-11-10 pW7 6515.031329423441 0.0 0.0 141.74110768740223 0.0 116.02334950243787 2.4563896164311618e-14 0.0 2.192150850005137e-14 ""
21034 2007-11-23 pW6 nan nan nan nan nan nan nan nan nan "Optimal parameters not found: Number of calls to function has reached maxfev = 1000."
21034 2007-11-23 pW7 nan nan nan nan nan nan nan nan nan "Optimal parameters not found: Number of calls to function has reached maxfev = 1000."
21034 2007-12-07 pW6 13056.500069827765 0.0 0.0 58.53989299085833 0.0 17.888012755287196 1.68311898514129e-15 0.0 5.630653559946537e-16 ""
21034 2007-12-07 pW7 9432.770894364487 0.0 0.0 131.39910671410263 0.0 57.94891612890987 4.077757937409616e-15 0.0 2.179584198538294e-15 ""
21034 2007-12-09 pW6 13050.720358380084 0.0 0.0 41.2123726122046 0.0 12.119641901356534 1.2077517193037615e-15 0.0 4.1423610477702656e-16 ""
21034 2007-12-09 pW7 6657.445958247848 0.0 0.0 104.17621706463109 0.0 77.36496007838767 3.714509686934118e-15 0.0 3.114308206523914e-15 ""
21042 2007-11-14 pW6 nan nan nan nan nan nan nan nan nan "Optimal parameters not found: Number of calls to function has reached maxfev = 1000."
21042 2007-11-14 pW7 5603.575454440755 0.0 0.0 211.03957950461222 0.0 235.99539305286007 2.430955865247301e-15 0.0 2.6294914771621066e-15 ""
21062 2007-11-16 pW6 8924.513015232127 0.0 0.0 12.3952127580143 0.0 19.21452023646673 2.2569165388998314e-16 0.0 3.270693853969582e-16 ""
21062 2007-11-16 pW7 5339.716323115918 0.0 0.0 111.11025710228657 0.0 98.3569048527945 2.605073918893997e-15 0.0 2.950200916059526e-15 ""
21064 2007-11-10 pW6 nan nan nan nan nan nan nan nan nan "Optimal parameters not found: Number of calls to function has reached maxfev = 1000."
21064 2007-11-10 pW7 nan nan nan nan nan nan nan nan nan "Optimal parameters not found: Number of calls to function has reached maxfev = 1000."
21064 2007-11-14 pW6 nan nan nan nan nan nan nan nan nan "Range too small. Please select a wider range"
21064 2007-11-14 pW7 nan nan nan nan nan nan nan nan nan "Range too small. Please select a wider range"
21064 2007-11-16 pW6 14465.172854528695 0.0 0.0 7.542773107919779 0.0 17.032776637481998 1.9426607962993543e-16 0.0 3.694274158961171e-16 ""
21064 2007-11-16 pW7 5294.395468232935 0.0 0.0 158.55890967705005 0.0 107.53745868302701 5.077223564670381e-15 0.0 4.608930559039465e-15 ""
21362 2007-11-16 pW6 nan nan nan nan nan nan nan nan nan "Range too small. Please select a wider range"
21362 2007-11-16 pW7 nan nan nan nan nan nan nan nan nan "Range too small. Please select a wider range"
21362 2007-11-19 pW6 11116.388159664026 0.0 0.0 4.873413526890115 0.0 14.494511128193801 3.1955184241906124e-16 0.0 7.980611895496826e-16 ""
21362 2007-11-19 pW7 nan nan nan nan nan nan nan nan nan "Optimal parameters not found: Number of calls to function has reached maxfev = 1000."
21362 2007-12-07 pW6 nan nan nan nan nan nan nan nan nan "Optimal parameters not found: Number of calls to function has reached maxfev = 1000."
21362 2007-12-07 pW7 4891.566491377173 0.0 0.0 122.47077881734785 0.0 71.68914373500799 2.409679928030597e-15 0.0 1.6701670175800814e-15 ""
21422 2007-11-15 pW6 10494.95880770208 0.0 0.0 18.09391894333635 0.0 39.64205401806535 7.802908707309086e-17 0.0 1.2258814607857377e-16 ""
21422 2007-11-15 pW7 nan nan nan nan nan nan nan nan nan "Optimal parameters not found: Number of calls to function has reached maxfev = 1000."
21455 2007-12-08 pW6 nan nan nan nan nan nan nan nan nan "Optimal parameters not found: Number of calls to function has reached maxfev = 1000."
21455 2007-12-08 pW7 5858.211774928666 0.0 0.0 101.50660152216707 0.0 74.8183608082839 2.0507367666859662e-15 0.0 1.4539371617198614e-15 ""
21502 2007-11-13 pW6 nan nan nan nan nan nan nan nan nan "Range too small. Please select a wider range"
21502 2007-11-13 pW7 nan nan nan nan nan nan nan nan nan "Range too small. Please select a wider range"
21502 2007-11-14 pW6 nan nan nan nan nan nan nan nan nan "Range too small. Please select a wider range"
21502 2007-11-14 pW7 nan nan nan nan nan nan nan nan nan "Range too small. Please select a wider range"
21502 2007-11-17 pW6 9266.07314446913 0.0 0.0 7.0605277425966895 0.0 6.641671254578734 1.338606549959151e-15 0.0 1.2557043667030169e-15 ""
21502 2007-11-17 pW7 8490.420641486457 0.0 0.0 102.27741831956901 0.0 27.254386355880463 2.0838371468315205e-14 0.0 6.3868705604831516e-15 ""
21502 2007-12-02 pW6 nan nan nan nan nan nan nan nan nan "Feature not in spectral wavelength range."
21502 2007-12-02 pW7 nan nan nan nan nan nan nan nan nan "Feature not in spectral wavelength range."
21502 2007-12-08 pW6 12884.746679971584 0.0 0.0 41.01415170906159 0.0 5.84913004049272 4.3795668982387845e-15 0.0 7.338100699563509e-16 ""
21502 2007-12-08 pW7 8079.727076328214 0.0 0.0 122.28108045636012 0.0 20.36198467507741 1.435793865331208e-14 0.0 2.9277105009805797e-15 ""
21510 2007-11-23 pW6 nan nan nan nan nan nan nan nan nan "Optimal parameters not found: Number of calls to function has reached maxfev = 1000."
21510 2007-11-23 pW7 nan nan nan nan nan nan nan nan nan "Feature not in spectral wavelength range."
2165 2005-09-28 pW6 nan nan nan nan nan nan nan nan nan "Optimal parameters not found: Number of calls to function has reached maxfev = 1000."
2165 2005-09-28 pW7 8580.07239427172 0.0 0.0 148.77522033931658 0.0 109.12511167241581 7.905863598407553e-16 0.0 6.094199245586321e-16 ""
21669 2007-11-15 pW6 nan nan nan nan nan nan nan nan nan "Optimal parameters not found: Number of calls to function has reached maxfev = 1000."
21669 2007-11-15 pW7 16854.882697064328 0.0 0.0 51.67044420590202 0.0 42.4400840746464 1.0040647882453916e-15 0.0 7.504384591344159e-16 ""
21669 2007-12-03 pW6 nan nan nan nan nan nan nan nan nan "Feature not in spectral wavelength range."
21669 2007-12-03 pW7 nan nan nan nan nan nan nan nan nan "Feature not in spectral wavelength range."
21669 2007-12-10 pW6 11369.713512825349 0.0 0.0 7.627224570187711 0.0 22.266371919004236 3.3196855135919424e-16 0.0 6.629945693960312e-16 ""
21669 2007-12-10 pW7 10771.110314482159 0.0 0.0 71.85925317049258 0.0 39.58028294920375 2.476098257798394e-15 0.0 1.4267767198145935e-15 ""
21766 2007-11-15 pW6 nan nan nan nan nan nan nan nan nan "Range too small. Please select a wider range"
21766 2007-11-15 pW7 nan nan nan nan nan nan nan nan nan "Range too small. Please select a wider range"
21810 2007-12-07 pW6 13246.574135059143 0.0 0.0 -6.593396526207572 0.0 34.66197205528869 4.684919745254213e-18 0.0 3.6236480390184567e-16 ""
21810 2007-12-07 pW7 5895.219595997158 0.0 0.0 -42.53624069998231 0.0 252.98701610867298 3.3652554772303596e-16 0.0 1.491652330985984e-15 ""
21814 2007-11-17 pW6 nan nan nan nan nan nan nan nan nan "Optimal parameters not found: Number of calls to function has reached maxfev = 1000."
21814 2007-11-17 pW7 7683.695409896669 0.0 0.0 24.66792648362031 0.0 70.2217723882632 1.5982252632813488e-15 0.0 3.4929588412570996e-15 ""
21814 2007-12-09 pW6 13323.171155344571 0.0 0.0 18.579705291839318 0.0 5.612245313854879 2.3735198809217985e-15 0.0 7.72994558621933e-16 ""
21814 2007-12-09 pW7 8901.004222037449 0.0 0.0 40.479337558273556 0.0 24.339995431251218 5.1760728519186154e-15 0.0 3.2283364901073393e-15 ""
21839 2007-12-08 pW6 10615.931268803895 0.0 0.0 19.396968173224284 0.0 7.232466587862068 1.165293891087701e-15 0.0 4.682751249581294e-16 ""
21839 2007-12-08 pW7 7780.681053100364 0.0 0.0 151.73590749563056 0.0 92.4075515371646 1.0343967644587747e-14 0.0 8.035104974146173e-15 ""
21861 2007-12-07 pW6 10352.373192961397 0.0 0.0 6.439595789260331 0.0 34.23709857739445 1.0791550929097579e-16 0.0 3.004308468586466e-16 ""
21861 2007-12-07 pW7 nan nan nan nan nan nan nan nan nan "Optimal parameters not found: Number of calls to function has reached maxfev = 1000."
