results/spec_class/sdss_sako18spec_rv3_1_bin5_methavg_step2.ecsv
# %ECSV 0.9
# ---
# datatype:
# - {name: obj_id, datatype: string}
# - {name: sid, datatype: string}
# - {name: date, datatype: string}
# - {name: type, datatype: string}
# - {name: feat_name, datatype: string}
# - {name: vel, datatype: float64}
# - {name: vel_err, datatype: float64}
# - {name: vel_samperr, datatype: float64}
# - {name: pew, datatype: float64}
# - {name: pew_err, datatype: float64}
# - {name: pew_samperr, datatype: float64}
# - {name: area, datatype: float64}
# - {name: area_err, datatype: float64}
# - {name: area_samperr, datatype: float64}
# - {name: msg, datatype: string}
# schema: astropy-2.0
obj_id sid date type feat_name vel vel_err vel_samperr pew pew_err pew_samperr area area_err area_samperr msg
[from data line 609]
16956 1562 2006-11-25 Ia pW7 0.0 0.0 0.0 130.3034555406296 0.0 26.564980278052737 2.2316606621622345e-15 0.0 6.094891340886946e-16 ""
17048 1605 2006-11-26 Ia pW6 0.0 0.0 0.0 2.373010375229368 0.0 6.252439244177444 6.335129005624084e-17 0.0 1.5602763318667112e-16 ""
17048 1605 2006-11-26 Ia pW7 0.0 0.0 0.0 51.90753597328538 0.0 37.72226167354813 1.2957850234310468e-15 0.0 8.801224334969025e-16 ""
17081 1590 2006-11-26 Ia pW6 0.0 0.0 0.0 26.268650414307185 0.0 49.95752753613441 2.0432725242716083e-16 0.0 2.819380778495833e-16 ""
17081 1590 2006-11-26 Ia pW7 0.0 0.0 0.0 82.06953777438926 0.0 40.12215945076932 5.092901314532179e-16 0.0 2.6887014598811597e-16 ""
17106 1645 2006-12-15 Ia pW6 0.0 0.0 0.0 1.8512876404167946 0.0 7.2745042943354905 2.722464701984621e-16 0.0 8.467668737923345e-16 ""
17106 1645 2006-12-15 Ia pW7 0.0 0.0 0.0 274.2056363171355 0.0 68.04698780224939 5.628345679925554e-14 0.0 2.2277554666409797e-14 ""
17117 1621 2006-11-27 Ia pW6 0.0 0.0 0.0 -5.5077401473667145 0.0 12.91711228435802 -3.335091976724516e-17 0.0 1.0351775311052072e-16 ""
17117 1621 2006-11-27 Ia pW7 0.0 0.0 0.0 57.554068257008076 0.0 23.235626283303873 4.1734416967708544e-16 0.0 1.827948888632156e-16 ""
17117 1621 2006-12-16 Ia pW6 0.0 0.0 0.0 13.548128188513797 0.0 7.718362458027151 2.6189687538241013e-16 0.0 1.541708308008705e-16 ""
17117 1621 2006-12-16 Ia pW7 0.0 0.0 0.0 78.10191490364103 0.0 28.380998179212668 1.1762536970899866e-15 0.0 4.957204061653107e-16 ""
17168 1736 2007-09-11 Ia pW6 0.0 0.0 0.0 -8.500624001598778 0.0 34.407679203776794 -5.500273171690193e-17 0.0 1.0059750433370963e-15 ""
17168 1736 2007-09-11 Ia pW7 nan nan nan nan nan nan nan nan nan "Feature not in spectral wavelength range."
17171 1744 2007-09-10 Ia pW6 0.0 0.0 0.0 75.39798336831676 0.0 21.404629257354287 1.0698797984898599e-15 0.0 3.473249991717148e-16 ""
17171 1744 2007-09-10 Ia pW7 nan nan nan nan nan nan nan nan nan "Feature not in spectral wavelength range."
17176 1812 2007-09-09 Ia pW6 0.0 0.0 0.0 7.359140256020663 0.0 9.465550389765927 4.838014063688488e-16 0.0 6.257408168089214e-16 ""
17176 1812 2007-09-09 Ia pW7 0.0 0.0 0.0 115.59092885315455 0.0 100.57216766973387 9.211989957304402e-15 0.0 8.711772781932134e-15 ""
17176 1812 2007-09-18 Ia pW6 0.0 0.0 0.0 20.09263877326543 0.0 9.104840087268144 8.194791995946524e-16 0.0 3.941394573359329e-16 ""
17176 1812 2007-09-18 Ia pW7 0.0 0.0 0.0 208.41033204299146 0.0 67.64885845015829 1.134765869634154e-14 0.0 5.287054234181354e-15 ""
17186 1746 2007-09-09 Ia pW6 0.0 0.0 0.0 8.128542476603307 0.0 4.349536436851897 9.39790922729308e-16 0.0 5.223384149322422e-16 ""
17186 1746 2007-09-09 Ia pW7 0.0 0.0 0.0 86.01789010166114 0.0 11.157822174856507 8.477789024955617e-15 0.0 1.3614883840515575e-15 ""
17186 1746 2007-09-11 Ia pW6 0.0 0.0 0.0 21.230228742799255 0.0 17.185437537526774 1.944583238440978e-15 0.0 1.5904745933874322e-15 ""
17186 1746 2007-09-11 Ia pW7 0.0 0.0 0.0 83.1982146136179 0.0 21.74613649632058 6.272809929449579e-15 0.0 2.0616539025611604e-15 ""
17208 1758 2007-09-10 Ia pW6 0.0 0.0 0.0 27.015863285549404 0.0 35.842339867512386 7.890835754275673e-16 0.0 9.04378600362633e-16 ""
17208 1758 2007-09-10 Ia pW7 nan nan nan nan nan nan nan nan nan "Feature not in spectral wavelength range."
17215 1755 2007-09-10 Ia pW6 0.0 0.0 0.0 21.028733300658722 0.0 47.41003208539252 8.278566026008296e-16 0.0 1.3412152282921365e-15 ""
17215 1755 2007-09-10 Ia pW7 nan nan nan nan nan nan nan nan nan "Feature not in spectral wavelength range."
17218 1794 2007-09-19 Ia pW6 0.0 0.0 0.0 18.866301472898336 0.0 9.665507902308985 5.559653167764406e-16 0.0 2.9500156118053293e-16 ""
17218 1794 2007-09-19 Ia pW7 0.0 0.0 0.0 223.65473242824135 0.0 74.14228665639313 7.758665020459468e-15 0.0 4.115946774026218e-15 ""
17220 1791 2007-09-19 Ia pW6 0.0 0.0 0.0 5.474123218326445 0.0 8.33050695750765 2.8747283725391144e-16 0.0 4.3109574461530727e-16 ""
17220 1791 2007-09-19 Ia pW7 0.0 0.0 0.0 133.37342831062963 0.0 51.47698221606365 8.260197273763054e-15 0.0 3.839278671203752e-15 ""
17223 1793 2007-09-19 Ia pW6 0.0 0.0 0.0 42.736220233351425 0.0 73.0866196388435 2.845553052472037e-16 0.0 3.6055720443042443e-16 ""
17223 1793 2007-09-19 Ia pW7 0.0 0.0 0.0 -41.89751562320752 0.0 396.2899069544954 9.667987516127162e-16 0.0 1.5071949658459567e-15 ""
17253 1898 2007-09-19 Ia pW6 0.0 0.0 0.0 77.04451958426475 0.0 10.46249731084653 1.911882315623299e-15 0.0 3.4447881378078174e-16 ""
17253 1898 2007-09-19 Ia pW7 0.0 0.0 0.0 167.53708636588587 0.0 60.12143435843701 4.18661570211488e-15 0.0 1.7196100794262433e-15 ""
17254 1813 2007-09-19 Ia pW6 0.0 0.0 0.0 13.86152040906906 0.0 20.01116739148402 2.3724561922272195e-16 0.0 3.2969082465808356e-16 ""
17254 1813 2007-09-19 Ia pW7 0.0 0.0 0.0 275.4855668595541 0.0 94.96010200040617 9.217720250896362e-15 0.0 5.309702489534694e-15 ""
17258 1900 2007-09-19 Ia pW6 0.0 0.0 0.0 45.54136114066617 0.0 9.720613754433623 2.815511368210879e-15 0.0 7.109736528643584e-16 ""
17258 1900 2007-09-19 Ia pW7 0.0 0.0 0.0 220.93854366440698 0.0 67.56734209742241 1.6481569034594726e-14 0.0 7.388872626924074e-15 ""
17274 1751 2007-09-11 Ia pW6 0.0 0.0 0.0 26.154734992529367 0.0 19.386989516802572 7.306375537154695e-16 0.0 5.488075499828252e-16 ""
17274 1751 2007-09-11 Ia pW7 nan nan nan nan nan nan nan nan nan "Feature not in spectral wavelength range."
17280 1752 2007-09-09 Ia pW6 0.0 0.0 0.0 57.566761374494035 0.0 82.01536420776755 1.7302356445317038e-15 0.0 1.9539954689469944e-15 ""
17280 1752 2007-09-09 Ia pW7 nan nan nan nan nan nan nan nan nan "Feature not in spectral wavelength range."
17332 1899 2007-09-19 Ia pW6 0.0 0.0 0.0 7.423656863230283 0.0 46.42870537759722 2.1342086930561817e-16 0.0 6.976886574877809e-16 ""
17332 1899 2007-09-19 Ia pW7 0.0 0.0 0.0 125.65019318296386 0.0 70.41971377416418 1.90864941277947e-15 0.0 1.2539880398795998e-15 ""
17340 2114 2007-10-07 Ia pW6 0.0 0.0 0.0 147.05986546910216 0.0 419.6175371416313 5.841611861062305e-16 0.0 1.2131002990587454e-15 ""
17340 2114 2007-10-07 Ia pW7 0.0 0.0 0.0 170.08504413947034 0.0 730.0213490692861 2.102304580891427e-15 0.0 3.724840571206717e-15 ""
17366 1782 2007-09-09 Ia pW6 0.0 0.0 0.0 21.380999232982703 0.0 28.804058220952587 8.662426665436135e-16 0.0 1.0881366142749798e-15 ""
17366 1782 2007-09-09 Ia pW7 nan nan nan nan nan nan nan nan nan "Feature not in spectral wavelength range."
17366 1782 2007-09-11 Ia pW6 0.0 0.0 0.0 22.067905901621995 0.0 26.836327170861225 1.1804497843770546e-15 0.0 1.2974603764150245e-15 ""
17366 1782 2007-09-11 Ia pW7 nan nan nan nan nan nan nan nan nan "Feature not in spectral wavelength range."
17366 1782 2007-09-18 Ia pW6 0.0 0.0 0.0 21.060612983190005 0.0 23.47627596151512 3.606858862491384e-16 0.0 3.807657239200438e-16 ""
17366 1782 2007-09-18 Ia pW7 0.0 0.0 0.0 98.14944371872751 0.0 43.95760881092217 1.3823508525106842e-15 0.0 7.186513955583733e-16 ""
17389 1811 2007-09-11 Ia pW6 0.0 0.0 0.0 11.953535065072623 0.0 23.542560204028284 6.352691276312636e-16 0.0 9.66697964955328e-16 ""
17389 1811 2007-09-11 Ia pW7 nan nan nan nan nan nan nan nan nan "Feature not in spectral wavelength range."
17389 1811 2007-09-18 Ia pW6 0.0 0.0 0.0 18.61085400683338 0.0 11.440706269951088 3.5421170180091534e-16 0.0 2.3100187094832925e-16 ""
17389 1811 2007-09-18 Ia pW7 0.0 0.0 0.0 180.01816154748064 0.0 92.68853719105718 4.380342317943372e-15 0.0 3.1294372176521787e-15 ""
17391 1872 2007-09-19 Ia pW6 0.0 0.0 0.0 52.719128776298795 0.0 40.25104157585772 3.611264992060506e-16 0.0 3.1055929118053137e-16 ""
17391 1872 2007-09-19 Ia pW7 0.0 0.0 0.0 101.88382567115212 0.0 100.1871128326522 8.145719136540477e-16 0.0 7.888873957747778e-16 ""
17435 1902 2007-09-20 Ia pW6 0.0 0.0 0.0 3.999113487067772 0.0 45.7432980594908 9.838517346155255e-17 0.0 4.2224156037542526e-16 ""
17435 1902 2007-09-20 Ia pW7 0.0 0.0 0.0 126.07724566551333 0.0 58.5472259164952 1.2986891435117506e-15 0.0 7.191569812667204e-16 ""
17460 1999 2007-09-22 Ia pW6 0.0 0.0 0.0 49.666696626780215 0.0 37.67164672744474 1.0053538580575765e-15 0.0 8.751556715705075e-16 ""
17460 1999 2007-09-22 Ia pW7 0.0 0.0 0.0 84.20855313323072 0.0 103.14705239550588 2.7233496078709185e-15 0.0 3.694315970385287e-15 ""
17464 1853 2007-09-18 Ia pW6 0.0 0.0 0.0 12.151042292227185 0.0 62.96253701779863 1.7271077035570646e-16 0.0 3.2650601030047947e-16 ""
17464 1853 2007-09-18 Ia pW7 0.0 0.0 0.0 106.05513150090214 0.0 143.92856384856395 9.306462074685924e-16 0.0 9.978786259243969e-16 ""
17497 1837 2007-09-19 Ia pW6 0.0 0.0 0.0 7.117333314082146 0.0 7.767663662097238 3.113151103139832e-16 0.0 3.48260146524021e-16 ""
17497 1837 2007-09-19 Ia pW7 0.0 0.0 0.0 65.11511180351933 0.0 27.469632872148267 2.391766642197175e-15 0.0 1.1437031800214823e-15 ""
17500 2249 2007-10-14 Ia pW6 0.0 0.0 0.0 121.27005321856866 0.0 10.518718076348948 6.627629402555902e-16 0.0 1.0267192879109468e-16 ""
17500 2249 2007-10-14 Ia pW7 0.0 0.0 0.0 198.01702128177362 0.0 40.4414899531801 9.907094762022528e-16 0.0 2.8495446541527133e-16 ""
17528 1803 2007-09-15 Ia pW6 0.0 0.0 0.0 37.64182162073365 0.0 15.825221345913288 1.8489167709132697e-15 0.0 8.769760581209196e-16 ""
17528 1803 2007-09-15 Ia pW7 0.0 0.0 0.0 90.22474839642278 0.0 95.15654088544369 5.503370025672415e-15 0.0 5.440343817720606e-15 ""
17552 1789 2007-09-19 Ia pW6 0.0 0.0 0.0 28.17431396300027 0.0 16.901447900733974 3.1073326418284243e-16 0.0 2.0570418113495078e-16 ""
17552 1789 2007-09-19 Ia pW7 0.0 0.0 0.0 162.17218496277167 0.0 69.69872237103826 1.5691505750673922e-15 0.0 8.119981129168979e-16 ""
17568 2941 2007-09-20 Ia pW6 0.0 0.0 0.0 6.90036391908734 0.0 28.701861443035725 1.5522374938915547e-16 0.0 4.402223455869132e-16 ""
17568 2941 2007-09-20 Ia pW7 0.0 0.0 0.0 53.91405603913218 0.0 61.101446996616424 8.690856644887308e-16 0.0 9.457431703646583e-16 ""
17605 1809 2007-09-19 Ia pW6 0.0 0.0 0.0 4.541818766550888 0.0 6.683094137650729 5.3891239333197e-16 0.0 7.519466111364594e-16 ""
17605 1809 2007-09-19 Ia pW7 0.0 0.0 0.0 206.6212633604974 0.0 74.112786641138 3.5580303448324534e-14 0.0 1.850160998770715e-14 ""
17629 1983 2007-09-19 Ia pW6 0.0 0.0 0.0 11.384746189754464 0.0 10.58013490422003 6.459131940311427e-16 0.0 6.011849992437094e-16 ""
17629 1983 2007-09-19 Ia pW7 0.0 0.0 0.0 120.39787748057812 0.0 53.193965035306654 8.961392348427761e-15 0.0 5.00670605808566e-15 ""
17745 2944 2007-09-19 Ia pW6 0.0 0.0 0.0 1.9918271588114862 0.0 1.9946509023961068 2.470708749258247e-16 0.0 2.4918605264238864e-16 ""
17745 2944 2007-09-19 Ia pW7 0.0 0.0 0.0 104.97616571578888 0.0 53.19352191977362 1.3017892488192076e-14 0.0 6.9042936144956064e-15 ""
17745 2944 2007-09-30 Ia pW6 0.0 0.0 0.0 -1.1516118026508013 0.0 5.267346208754866 -2.5160662358700115e-16 0.0 1.3724384477543336e-15 ""
17745 2944 2007-09-30 Ia pW7 0.0 0.0 0.0 50.35633631360217 0.0 15.75372566053378 1.1581404519809085e-14 0.0 4.015284912604826e-15 ""
17745 2944 2007-10-10 Ia pW6 0.0 0.0 0.0 29.61559353468224 0.0 6.596086828647896 5.792223868272372e-15 0.0 1.425248317615918e-15 ""
17745 2944 2007-10-10 Ia pW7 0.0 0.0 0.0 73.7288087784654 0.0 14.271286406726075 1.0423575137578168e-14 0.0 2.5897543323252144e-15 ""
17745 2944 2007-10-16 Ia pW6 0.0 0.0 0.0 48.00033857744653 0.0 7.612425744274385 2.643012811155242e-15 0.0 4.9530602173004e-16 ""
17745 2944 2007-10-16 Ia pW7 0.0 0.0 0.0 163.7833309286467 0.0 45.735501074990616 9.558975979314919e-15 0.0 3.190146281525753e-15 ""
17745 2944 2007-10-19 Ia pW6 0.0 0.0 0.0 81.54898519727288 0.0 10.928134490160822 1.5197456598648872e-14 0.0 2.789928899280072e-15 ""
17745 2944 2007-10-19 Ia pW7 0.0 0.0 0.0 183.48894630081915 0.0 46.20927935510115 3.453154451747925e-14 0.0 1.0191649301133517e-14 ""
17745 2944 2007-11-10 Ia pW6 0.0 0.0 0.0 35.33362329218624 0.0 4.963394847840219 2.6921885580150855e-15 0.0 4.219937142275536e-16 ""
17745 2944 2007-11-10 Ia pW7 0.0 0.0 0.0 215.70436463549737 0.0 26.925615748225226 1.6534625009827484e-14 0.0 2.9378786447875094e-15 ""
17745 2944 2007-11-17 Ia pW6 0.0 0.0 0.0 44.0733945127637 0.0 7.791319881013281 3.805664154678773e-15 0.0 7.917630168697498e-16 ""
17745 2944 2007-11-17 Ia pW7 0.0 0.0 0.0 212.3982294896384 0.0 66.45644247102763 2.0426137422138052e-14 0.0 9.43648077267864e-15 ""
17784 2093 2007-09-18 Ia pW6 0.0 0.0 0.0 7.862038355107234 0.0 7.335368333562864 1.6809564354489645e-15 0.0 1.7684694099399155e-15 ""
17784 2093 2007-09-18 Ia pW7 0.0 0.0 0.0 118.31491420813458 0.0 7.718808374255615 1.9235796931033852e-14 0.0 1.7889993423100843e-15 ""
17784 2093 2007-09-29 Ia pW6 0.0 0.0 0.0 9.94262004802328 0.0 23.124668311547847 7.163230292701866e-15 0.0 1.3742427849379042e-14 ""
17784 2093 2007-09-29 Ia pW7 0.0 0.0 0.0 95.1887017917596 0.0 28.792965529605603 4.7906528155308235e-14 0.0 1.8061793166522352e-14 ""
17784 2093 2007-10-07 Ia pW6 0.0 0.0 0.0 83.44812121472069 0.0 8.549912068212684 1.1682581846614858e-14 0.0 1.539385746039986e-15 ""
17784 2093 2007-10-07 Ia pW7 0.0 0.0 0.0 132.98748711897443 0.0 12.720666101676187 1.6892854918403344e-14 0.0 2.3291147325237215e-15 ""
17784 2093 2007-10-11 Ia pW6 0.0 0.0 0.0 84.46447467755686 0.0 5.924328980727123 2.2419308747268475e-14 0.0 2.1291839317745502e-15 ""
17784 2093 2007-10-11 Ia pW7 0.0 0.0 0.0 140.81197572644382 0.0 7.135106072755456 3.522685440811043e-14 0.0 2.282138452928778e-15 ""
17784 2093 2007-10-20 Ia pW6 0.0 0.0 0.0 67.55988365164735 0.0 5.1403273141366865 1.4010523176772594e-14 0.0 1.3963927939287698e-15 ""
17784 2093 2007-10-20 Ia pW7 0.0 0.0 0.0 210.18853890668674 0.0 8.438322835924037 3.7778582842336474e-14 0.0 2.2304522697682884e-15 ""
17784 2093 2007-11-09 Ia pW6 0.0 0.0 0.0 67.89299050745996 0.0 8.529042268729217 4.030052917019334e-15 0.0 6.718764514357252e-16 ""
17784 2093 2007-11-09 Ia pW7 0.0 0.0 0.0 235.97311206045066 0.0 17.254718673254224 1.2019640976051867e-14 0.0 1.3438820247792439e-15 ""
17784 2093 2007-12-02 Ia pW6 0.0 0.0 0.0 102.15667701107719 0.0 9.240643548964414 3.845263255270522e-15 0.0 4.734120455278225e-16 ""
17784 2093 2007-12-02 Ia pW7 0.0 0.0 0.0 216.24402611574246 0.0 15.780086275457135 7.547132406899135e-15 0.0 8.191014089006822e-16 ""
17790 1887 2007-09-18 Ia pW6 0.0 0.0 0.0 18.538058569744464 0.0 18.14552171415965 5.413597745777498e-16 0.0 5.21930690438181e-16 ""
17790 1887 2007-09-18 Ia pW7 0.0 0.0 0.0 126.0589585757562 0.0 61.53337518451679 3.4565126916997785e-15 0.0 1.8898438145939087e-15 ""
17791 1864 2007-10-04 Ia pW6 0.0 0.0 0.0 62.85348555002795 0.0 45.873660923295645 1.0421027295780855e-15 0.0 7.826975784220709e-16 ""
17791 1864 2007-10-04 Ia pW7 0.0 0.0 0.0 218.3994420734819 0.0 274.1607569087463 5.718673196294322e-15 0.0 3.92187068113169e-15 ""
17801 2106 2007-10-07 Ia pW6 0.0 0.0 0.0 39.696477737759466 0.0 10.04501096940612 7.821119300442856e-16 0.0 2.2528500048611736e-16 ""
17801 2106 2007-10-07 Ia pW7 0.0 0.0 0.0 128.33645746100882 0.0 239.83427042785968 4.180568699195373e-15 0.0 3.5065855997368854e-15 ""
17809 2108 2007-10-08 Ia pW6 0.0 0.0 0.0 22.977759474685232 0.0 55.94602466267899 3.5123381243713813e-16 0.0 5.285292311671089e-16 ""
17809 2108 2007-10-08 Ia pW7 0.0 0.0 0.0 18860.278303666077 0.0 91331.12300120789 2.0587652710599133e-15 0.0 2.9872978256635368e-15 ""
17811 1816 2007-09-18 Ia pW6 0.0 0.0 0.0 19.039545312298582 0.0 21.95576042388047 2.3855324471598676e-16 0.0 2.4921861227037476e-16 ""
17811 1816 2007-09-18 Ia pW7 0.0 0.0 0.0 44.073118019364 0.0 186.63006299647603 1.032420735872565e-15 0.0 1.0160534576358051e-15 ""
17825 1819 2007-09-18 Ia pW6 0.0 0.0 0.0 13.365598685349163 0.0 53.560297870091176 2.2784269466836394e-16 0.0 5.290192122485151e-16 ""
17825 1819 2007-09-18 Ia pW7 0.0 0.0 0.0 102.9068372582131 0.0 39.22246999318498 9.794900976297099e-16 0.0 5.348203770721336e-16 ""
17875 1817 2007-09-20 Ia pW6 0.0 0.0 0.0 10.574797774162755 0.0 21.128474620681665 1.1515849433294374e-16 0.0 1.960710447999328e-16 ""
