results/spec_class/sdss_sako18spec_auto_5.ecsv
# %ECSV 0.9
# ---
# datatype:
# - {name: obj_id, datatype: string}
# - {name: date, datatype: string}
# - {name: feat_name, datatype: string}
# - {name: vel, datatype: float64}
# - {name: vel_err, datatype: float64}
# - {name: vel_samperr, datatype: float64}
# - {name: pew, datatype: float64}
# - {name: pew_err, datatype: float64}
# - {name: pew_samperr, datatype: float64}
# - {name: area, datatype: float64}
# - {name: area_err, datatype: float64}
# - {name: area_samperr, datatype: float64}
# - {name: msg, datatype: string}
# schema: astropy-2.0
obj_id date feat_name vel vel_err vel_samperr pew pew_err pew_samperr area area_err area_samperr msg
[from data line 388]
15704 2006-11-12 pW6 0.0 0.0 0.0 25.774899460566864 0.0 518.0747603984477 3.1628226382384485e-16 0.0 9.094732887051067e-16 ""
15704 2006-11-12 pW7 0.0 0.0 0.0 -64.01873162725708 0.0 2362.0588772141264 1.8489365711011377e-15 0.0 1.026317675579631e-14 ""
15749 2006-10-27 pW6 0.0 0.0 0.0 2.1441734031628927 0.0 26.667693668925292 1.1016585141756194e-16 0.0 5.439133390400307e-16 ""
15749 2006-10-27 pW7 0.0 0.0 0.0 46.34325750106086 0.0 77.38224988465424 1.069230836963679e-15 0.0 1.5209663057545859e-15 ""
15756 2006-11-14 pW6 0.0 0.0 0.0 10.056167440882191 0.0 71.26170149519675 1.5662826946636514e-15 0.0 3.542487678571186e-15 ""
15756 2006-11-14 pW7 nan nan nan nan nan nan nan nan nan "Feature not in spectral wavelength range."
15776 2006-10-31 pW6 nan nan nan nan nan nan nan nan nan "Feature not in spectral wavelength range."
15776 2006-10-31 pW7 nan nan nan nan nan nan nan nan nan "Feature not in spectral wavelength range."
1580 2005-09-24 pW6 0.0 0.0 0.0 23.286169763928758 0.0 46.88558157027461 1.1064442759096421e-15 0.0 1.4119022555413664e-15 ""
1580 2005-09-24 pW7 0.0 0.0 0.0 -26.084584563835357 0.0 1744.8961350368322 4.028705136823611e-15 0.0 5.810778738253645e-15 ""
15868 2006-11-09 pW6 nan nan nan nan nan nan nan nan nan "Feature not in spectral wavelength range."
15868 2006-11-09 pW7 nan nan nan nan nan nan nan nan nan "Feature not in spectral wavelength range."
15868 2006-11-14 pW6 0.0 0.0 0.0 0.5919733238757837 0.0 17.006805270530105 7.626439557971801e-17 0.0 4.750376885471726e-16 ""
15868 2006-11-14 pW7 0.0 0.0 0.0 81.062589237056 0.0 57.49529097555116 2.4207944371140857e-15 0.0 1.865295905830999e-15 ""
15868 2006-11-25 pW6 0.0 0.0 0.0 14.829666843536156 0.0 46.82248069645647 6.405514672839003e-16 0.0 1.1613630800293242e-15 ""
15868 2006-11-25 pW7 0.0 0.0 0.0 30.673159001855264 0.0 169.82745910087877 2.4536933456935042e-15 0.0 3.923443815194689e-15 ""
15872 2006-11-08 pW6 0.0 0.0 0.0 22.320985976913008 0.0 26.028710231055555 9.72220036051873e-16 0.0 1.1731217826579368e-15 ""
15872 2006-11-08 pW7 nan nan nan nan nan nan nan nan nan "Feature not in spectral wavelength range."
15897 2006-11-21 pW6 0.0 0.0 0.0 7.5214837451430245 0.0 3.7202533853973425 1.9652655641868336e-15 0.0 9.785965633160188e-16 ""
15897 2006-11-21 pW7 0.0 0.0 0.0 20.249179780495506 0.0 8.658338757362626 5.117755851264914e-15 0.0 2.247514479551531e-15 ""
15901 2006-11-18 pW6 0.0 0.0 0.0 -13.182585858911477 0.0 92.53144116667455 1.268678702272196e-16 0.0 6.928988072114639e-16 ""
15901 2006-11-18 pW7 0.0 0.0 0.0 55.14924648253145 0.0 845.9190538347315 2.6466016030586044e-15 0.0 3.6391009506175126e-15 ""
16000 2006-11-12 pW6 0.0 0.0 0.0 171.03708120259157 0.0 3330.472411627674 -6.684736376863472e-17 0.0 2.274322159345122e-15 ""
16000 2006-11-12 pW7 0.0 0.0 0.0 175.58220851559904 0.0 1872.0841530218001 1.3980852449233843e-15 0.0 3.755375927743761e-15 ""
16021 2006-11-08 pW6 0.0 0.0 0.0 36.41063885275131 0.0 12.106622845026859 3.5506972526069017e-15 0.0 1.3222690714556673e-15 ""
16021 2006-11-08 pW7 nan nan nan nan nan nan nan nan nan "Feature not in spectral wavelength range."
16021 2006-11-22 pW6 nan nan nan nan nan nan nan nan nan "Range too small. Please select a wider range"
16021 2006-11-22 pW7 nan nan nan nan nan nan nan nan nan "Range too small. Please select a wider range"
16032 2006-11-13 pW6 0.0 0.0 0.0 15.308163322401237 0.0 19.406459597384185 3.44133048859764e-16 0.0 3.9419792967926706e-16 ""
16032 2006-11-13 pW7 0.0 0.0 0.0 90.63916453195297 0.0 42.5724925783455 1.8074121993735308e-15 0.0 1.1966138123079755e-15 ""
16069 2006-11-08 pW6 0.0 0.0 0.0 -1.0288126971494964 0.0 20.92421455157847 8.818318827423845e-17 0.0 1.2305171766837637e-15 ""
16069 2006-11-08 pW7 nan nan nan nan nan nan nan nan nan "Feature not in spectral wavelength range."
16069 2006-11-17 pW6 nan nan nan nan nan nan nan nan nan "Range too small. Please select a wider range"
16069 2006-11-17 pW7 nan nan nan nan nan nan nan nan nan "Range too small. Please select a wider range"
16069 2006-11-25 pW6 0.0 0.0 0.0 30.451016991324636 0.0 19.253815774855497 3.6571135056070555e-16 0.0 2.428933057308038e-16 ""
16069 2006-11-25 pW7 0.0 0.0 0.0 157.30235587681165 0.0 94.73433676896096 2.212152002454786e-15 0.0 1.696418334457871e-15 ""
16069 2006-12-14 pW6 0.0 0.0 0.0 24.41673100368229 0.0 19.20926677520741 7.442450862405268e-16 0.0 5.677774497958163e-16 ""
16069 2006-12-14 pW7 0.0 0.0 0.0 165.92893934968384 0.0 77.72313526246019 6.0520342047730525e-15 0.0 3.785836851132376e-15 ""
16072 2006-11-16 pW6 0.0 0.0 0.0 0.7116834852381753 0.0 14.690210068749032 1.4619629820127086e-16 0.0 1.2618606581428686e-15 ""
16072 2006-11-16 pW7 0.0 0.0 0.0 113.3289137856561 0.0 54.61185812529918 1.0320954595285014e-14 0.0 5.8444780066403426e-15 ""
16073 2006-11-19 pW6 0.0 0.0 0.0 6.836320460782143 0.0 18.473479112717254 2.6910116960511483e-16 0.0 5.97424526643659e-16 ""
16073 2006-11-19 pW7 nan nan nan nan nan nan nan nan nan "Feature not in spectral wavelength range."
16093 2006-11-19 pW6 0.0 0.0 0.0 26.582539489094845 0.0 36.50772094623924 2.430334714226955e-15 0.0 2.725380695182457e-15 ""
16093 2006-11-19 pW7 0.0 0.0 0.0 35.859207898262994 0.0 203.0971522874898 1.2111282453725264e-14 0.0 1.9340260614143938e-14 ""
16099 2006-11-13 pW6 0.0 0.0 0.0 0.07594750260354632 0.0 5.806411661491066 2.5316148339162326e-17 0.0 5.791002511431942e-16 ""
16099 2006-11-13 pW7 0.0 0.0 0.0 116.9908689882874 0.0 92.29148695653718 1.546807521994113e-14 0.0 1.4420621888673164e-14 ""
16100 2006-11-13 pW6 0.0 0.0 0.0 15.352877103494722 0.0 7.577115769681737 9.179716107723697e-16 0.0 4.849820652762348e-16 ""
16100 2006-11-13 pW7 0.0 0.0 0.0 114.1491837344788 0.0 18.021912039986777 6.2392296897229626e-15 0.0 1.2716519187953549e-15 ""
16106 2006-11-11 pW6 0.0 0.0 0.0 -5.312790574320634 0.0 22.155423562426527 -5.238080686072505e-16 0.0 4.035027070672028e-15 ""
16106 2006-11-11 pW7 0.0 0.0 0.0 39.203554250404295 0.0 50.96651583977266 7.190884513008014e-15 0.0 8.88471076891929e-15 ""
16108 2006-11-19 pW6 0.0 0.0 0.0 35.72204389159891 0.0 34.92843753475657 7.486228297029138e-16 0.0 7.124178432599364e-16 ""
16108 2006-11-19 pW7 0.0 0.0 0.0 -97.09945517045986 0.0 1908.50644768751 3.499528747788941e-15 0.0 4.55390151468306e-15 ""
16116 2006-11-19 pW6 0.0 0.0 0.0 6.521664332675312 0.0 22.53057569362882 3.558875517017229e-16 0.0 8.114246574802513e-16 ""
16116 2006-11-19 pW7 nan nan nan nan nan nan nan nan nan "Feature not in spectral wavelength range."
16165 2006-11-17 pW6 nan nan nan nan nan nan nan nan nan "Range too small. Please select a wider range"
16165 2006-11-17 pW7 nan nan nan nan nan nan nan nan nan "Range too small. Please select a wider range"
16185 2006-11-19 pW6 0.0 0.0 0.0 21.46653896813445 0.0 25.973126826003174 1.3021992506350649e-15 0.0 1.4649040519289805e-15 ""
16185 2006-11-19 pW7 0.0 0.0 0.0 63.85939599510156 0.0 26.23924142685838 3.436977069338343e-15 0.0 1.6239484188864638e-15 ""
16206 2006-11-25 pW6 0.0 0.0 0.0 11.487422458471091 0.0 11.185953958266309 8.901925168523934e-16 0.0 8.54331513909043e-16 ""
16206 2006-11-25 pW7 0.0 0.0 0.0 27.713993745808512 0.0 12.29164860644313 2.072957733457769e-15 0.0 9.690765775421364e-16 ""
16211 2006-11-13 pW6 0.0 0.0 0.0 24.21346579902709 0.0 89.02792197669073 4.920150860694078e-16 0.0 8.471553166355129e-16 ""
16211 2006-11-13 pW7 0.0 0.0 0.0 1708.2222882414865 0.0 17189.292188350377 4.5351887432956985e-17 0.0 2.1396513193193098e-15 ""
16213 2006-11-19 pW6 0.0 0.0 0.0 218.64678309731786 0.0 3711.223820302253 1.360002028109407e-16 0.0 7.067523658679946e-16 ""
16213 2006-11-19 pW7 0.0 0.0 0.0 301.9294682040801 0.0 3915.6234868749107 -1.5265459209748466e-15 0.0 6.5136465576886725e-15 ""
16215 2006-11-10 pW6 0.0 0.0 0.0 10.221369853040423 0.0 7.7921525240861635 1.026625901819268e-15 0.0 7.866218646856963e-16 ""
16215 2006-11-10 pW7 0.0 0.0 0.0 50.00803112583797 0.0 28.13858518802934 5.033930163780663e-15 0.0 2.8371833488480847e-15 ""
16215 2006-11-20 pW6 0.0 0.0 0.0 2.674521840867533 0.0 11.519794418058455 5.971216876107836e-16 0.0 1.94179796488193e-15 ""
16215 2006-11-20 pW7 0.0 0.0 0.0 65.30176180774137 0.0 28.9330793059081 1.0768420362808944e-14 0.0 4.935473622958945e-15 ""
16215 2006-11-25 pW6 0.0 0.0 0.0 11.203141578708129 0.0 4.10406377547894 1.2893328400521365e-15 0.0 4.893888167523277e-16 ""
16215 2006-11-25 pW7 0.0 0.0 0.0 92.14791382681429 0.0 8.857659130865505 1.0025823813035207e-14 0.0 1.1708206814379544e-15 ""
16215 2006-11-30 pW6 0.0 0.0 0.0 4.939034393781517 0.0 19.758999514005453 1.7686944843171258e-15 0.0 4.355784245701542e-15 ""
16215 2006-11-30 pW7 0.0 0.0 0.0 80.40361216143522 0.0 32.747339950078604 1.7803678754847177e-14 0.0 7.829454915933629e-15 ""
16215 2006-12-02 pW6 0.0 0.0 0.0 25.93051008842589 0.0 12.340722541184304 3.24580868550654e-15 0.0 1.6947758957126292e-15 ""
16215 2006-12-02 pW7 0.0 0.0 0.0 88.55007299551795 0.0 24.95973393313612 1.061564556625492e-14 0.0 3.5553851378473844e-15 ""
16215 2006-12-04 pW6 0.0 0.0 0.0 15.339769048444241 0.0 20.0293105148925 1.874662821204253e-15 0.0 2.122013352790405e-15 ""
16215 2006-12-04 pW7 0.0 0.0 0.0 72.54625123985637 0.0 52.30363601996865 8.34647414778775e-15 0.0 5.958603066558046e-15 ""
16215 2006-12-08 pW6 0.0 0.0 0.0 22.136161956277345 0.0 9.304877008475364 2.484707949204972e-15 0.0 1.130533251523529e-15 ""
16215 2006-12-08 pW7 0.0 0.0 0.0 79.42432329790819 0.0 20.883006030498553 8.411912659545768e-15 0.0 2.616561937017429e-15 ""
16215 2006-12-16 pW6 0.0 0.0 0.0 31.223236747518566 0.0 6.678594488185337 1.650972600083024e-15 0.0 3.9220943726543627e-16 ""
16215 2006-12-16 pW7 0.0 0.0 0.0 134.80969072543502 0.0 32.098062486230326 8.14483234111129e-15 0.0 2.537926148471449e-15 ""
16232 2006-11-18 pW6 0.0 0.0 0.0 -279.2116394750155 0.0 3130.3358463464524 4.1490784381473197e-16 0.0 1.0258927369089831e-15 ""
16232 2006-11-18 pW7 0.0 0.0 0.0 304.12926123356885 0.0 3440.57864102577 9.345380239623096e-16 0.0 8.21777664546848e-15 ""
16259 2006-11-18 pW6 0.0 0.0 0.0 32.205677624601115 0.0 13.66472383107137 1.2068607282673013e-15 0.0 6.01730779783277e-16 ""
16259 2006-11-18 pW7 nan nan nan nan nan nan nan nan nan "Feature not in spectral wavelength range."
16276 2006-11-18 pW6 0.0 0.0 0.0 47.91770695552787 0.0 55.44395930061949 9.04480714205573e-16 0.0 9.214770912523363e-16 ""
16276 2006-11-18 pW7 0.0 0.0 0.0 55.582874798422104 0.0 239.04799314891753 2.087071239412139e-15 0.0 2.420482029483746e-15 ""
16280 2006-11-17 pW6 0.0 0.0 0.0 14.174935224964251 0.0 9.284284173159909 8.468946878898493 0.0 5.65967522204018 ""
16280 2006-11-17 pW7 0.0 0.0 0.0 73.97146148782004 0.0 12.140059748637425 42.0934055475021 0.0 8.213634576956137 ""
16280 2006-11-20 pW6 0.0 0.0 0.0 8.168538431129619 0.0 3.1513527010968785 8.370337974110864e-15 0.0 3.309258394776e-15 ""
16280 2006-11-20 pW7 0.0 0.0 0.0 73.03045666492984 0.0 4.889935110585225 7.04370781551383e-14 0.0 5.53037216076731e-15 ""
16280 2006-11-24 pW6 0.0 0.0 0.0 8.022885343499746 0.0 2.672230649816306 4.182690168644494e-15 0.0 1.4382785960614676e-15 ""
16280 2006-11-24 pW7 0.0 0.0 0.0 78.57788682716915 0.0 4.294407574998504 3.8990888387888824e-14 0.0 2.485164238158688e-15 ""
16280 2006-12-13 pW6 0.0 0.0 0.0 7.804009648567681 0.0 4.09179149175575 1.6034087007523936e-15 0.0 8.558739405076025e-16 ""
16280 2006-12-13 pW7 0.0 0.0 0.0 46.4151575589871 0.0 7.0329414739986005 8.304265115960398e-15 0.0 1.3628560220881881e-15 ""
16281 2006-11-21 pW6 0.0 0.0 0.0 4.554699776891619 0.0 5.311620978181052 7.938906287313313e-16 0.0 9.148181684875135e-16 ""
16281 2006-11-21 pW7 0.0 0.0 0.0 32.15723961107532 0.0 15.47503343405209 5.046749759008128e-15 0.0 2.565927929093872e-15 ""
16287 2006-11-14 pW6 0.0 0.0 0.0 11.929937300788362 0.0 19.970925920729748 6.872647405592536e-16 0.0 1.0552565909882612e-15 ""
16287 2006-11-14 pW7 0.0 0.0 0.0 101.96469491762467 0.0 53.949676242240606 5.153138712407167e-15 0.0 2.8669726388781578e-15 ""
16287 2006-11-18 pW6 0.0 0.0 0.0 33.610377081219134 0.0 14.828770237387012 1.4804868330590157e-15 0.0 7.45487593308009e-16 ""
16287 2006-11-18 pW7 nan nan nan nan nan nan nan nan nan "Feature not in spectral wavelength range."
16287 2006-11-20 pW6 0.0 0.0 0.0 50.17664831701388 0.0 20.324231717178407 1.6512918074044367e-15 0.0 8.065707330696916e-16 ""
16287 2006-11-20 pW7 0.0 0.0 0.0 191.09000801158257 0.0 29.50544789777216 4.270784513857294e-15 0.0 1.4413459010712561e-15 ""
16287 2006-11-24 pW6 0.0 0.0 0.0 23.86191007696808 0.0 6.45736524231496 9.005186632735548e-16 0.0 2.807534398748585e-16 ""
16287 2006-11-24 pW7 0.0 0.0 0.0 122.5591760550104 0.0 10.856945149637685 4.409763429054375e-15 0.0 5.325068900470524e-16 ""
16287 2006-11-25 pW6 0.0 0.0 0.0 26.234477181572313 0.0 14.60562802739132 6.590074018897817e-16 0.0 3.849151675056999e-16 ""
16287 2006-11-25 pW7 0.0 0.0 0.0 134.7122944580761 0.0 19.71623254028384 3.2454895061903243e-15 0.0 6.500152143937865e-16 ""
16287 2006-12-13 pW6 0.0 0.0 0.0 41.21617093351715 0.0 18.381171828022467 1.0043363374868774e-15 0.0 4.920493651312543e-16 ""
16287 2006-12-13 pW7 0.0 0.0 0.0 113.35499078958591 0.0 56.1289493307422 2.644122772751637e-15 0.0 1.5032433321718796e-15 ""
16314 2006-11-16 pW6 nan nan nan nan nan nan nan nan nan "Range too small. Please select a wider range"
16314 2006-11-16 pW7 nan nan nan nan nan nan nan nan nan "Range too small. Please select a wider range"
16314 2006-11-22 pW6 nan nan nan nan nan nan nan nan nan "Range too small. Please select a wider range"
16314 2006-11-22 pW7 nan nan nan nan nan nan nan nan nan "Range too small. Please select a wider range"
16314 2006-12-01 pW6 0.0 0.0 0.0 2.6812084002079457 0.0 11.868584354182731 9.48335574700208e-16 0.0 3.669770442211008e-15 ""
16314 2006-12-01 pW7 0.0 0.0 0.0 68.49690347485976 0.0 29.410244059148077 1.4748028106285403e-14 0.0 7.0236972541912604e-15 ""
16333 2006-11-16 pW6 nan nan nan nan nan nan nan nan nan "Range too small. Please select a wider range"
16333 2006-11-16 pW7 nan nan nan nan nan nan nan nan nan "Range too small. Please select a wider range"
16333 2006-11-19 pW6 0.0 0.0 0.0 0.33169900484521764 0.0 2.1485743954261842 1.1613302051877073e-16 0.0 6.552000661909344e-16 ""
16333 2006-11-19 pW7 0.0 0.0 0.0 1.4059027789886407 0.0 8.936452383208842 4.564909324915695e-16 0.0 2.5341798144038177e-15 ""
16333 2006-11-28 pW6 0.0 0.0 0.0 -0.46225498840890406 0.0 4.70889383453841 -7.062014883183997e-16 0.0 1.2683990921169381e-14 ""
16333 2006-11-28 pW7 0.0 0.0 0.0 37.27438751533667 0.0 12.768834290934441 8.695966067010903e-14 0.0 3.178211127313673e-14 ""
16350 2006-11-21 pW6 0.0 0.0 0.0 41.73069737472243 0.0 25.16859055506643 1.1466160942854492e-15 0.0 7.295615542756621e-16 ""
16350 2006-11-21 pW7 0.0 0.0 0.0 -55.92586220535548 0.0 829.2511647417367 3.1713026915206264e-15 0.0 2.4559777848174853e-15 ""
16352 2006-11-24 pW6 0.0 0.0 0.0 -15.509263378196533 0.0 37.2450384205974 -3.150424927505859e-16 0.0 9.266144615486735e-16 ""
16352 2006-11-24 pW7 0.0 0.0 0.0 16.765352753099222 0.0 75.95004145461733 7.475705438404069e-16 0.0 2.013201810488498e-15 ""
16352 2006-11-25 pW6 0.0 0.0 0.0 4.882989165737709 0.0 54.605283015186565 9.22142049971476e-17 0.0 3.484515860933022e-16 ""
16352 2006-11-25 pW7 0.0 0.0 0.0 84.83851565353532 0.0 74.21160999202128 5.548432527703153e-16 0.0 4.803669013197957e-16 ""
16357 2006-11-23 pW6 0.0 0.0 0.0 0.4026907425042705 0.0 34.95252462822022 2.1312760698626837e-16 0.0 6.308872168521128e-16 ""
16357 2006-11-23 pW7 0.0 0.0 0.0 111.19115714161676 0.0 671.6906069051682 3.2783664023771833e-15 0.0 5.950787817857396e-15 ""
16392 2006-11-17 pW6 nan nan nan nan nan nan nan nan nan "Range too small. Please select a wider range"
16392 2006-11-17 pW7 nan nan nan nan nan nan nan nan nan "Range too small. Please select a wider range"
16392 2006-11-18 pW6 0.0 0.0 0.0 14.699772903755603 0.0 19.181252636881815 2.037521633658542e-15 0.0 2.4808438633108705e-15 ""
16392 2006-11-18 pW7 0.0 0.0 0.0 95.38778126935316 0.0 25.492916046312782 1.1693346490045756e-14 0.0 3.610402615139054e-15 ""
