results/spec_class/sdss_sako18spec_rv3_1_bin5_methavg_step3.ecsv
# %ECSV 0.9
# ---
# datatype:
# - {name: obj_id, datatype: string}
# - {name: sid, datatype: string}
# - {name: date, datatype: string}
# - {name: type, datatype: string}
# - {name: feat_name, datatype: string}
# - {name: feat_start, datatype: float64}
# - {name: feat_end, datatype: float64}
# - {name: vel, datatype: float64}
# - {name: vel_err, datatype: float64}
# - {name: vel_samperr, datatype: float64}
# - {name: pew, datatype: float64}
# - {name: pew_err, datatype: float64}
# - {name: pew_samperr, datatype: float64}
# - {name: area, datatype: float64}
# - {name: area_err, datatype: float64}
# - {name: area_samperr, datatype: float64}
# - {name: msg, datatype: string}
# meta: !!omap
# - {bin_size: 5}
# - {method: avg}
# - {nstep: 3}
# - {rv: 3.1}
# schema: astropy-2.0
obj_id sid date type feat_name feat_start feat_end vel vel_err vel_samperr pew pew_err pew_samperr area area_err area_samperr msg
10028 489 2005-11-10 Ia? pW6 5649.486589692705 5954.864243189608 7687.726635731847 0.0 0.0 31.52909068182988 0.0 2.1590145574054387 1.2026407715558358e-14 0.0 9.308020995335734e-16 ""
10028 489 2005-11-10 Ia? pW7 5954.864243189608 6377.694840339166 10162.445993541985 0.0 0.0 36.57125173869997 0.0 3.927562010655859 1.2630007505655513e-14 0.0 1.4746582023081194e-15 ""
10096 532 2005-11-26 Ia pW6 5683.791881916077 5957.787895506279 7254.075515137617 0.0 0.0 5.095204339821831 0.0 8.297691351117173 4.926171014487402e-16 0.0 7.692065709578852e-16 ""
10096 532 2005-11-26 Ia pW7 5957.787895506279 6347.883914855041 8864.368455641625 0.0 0.0 30.458582111968692 0.0 16.331687311416367 2.8963156535068485e-15 0.0 1.655229166126999e-15 ""
10106 528 2005-12-28 Ia? pW6 5547.616203486126 5852.789589925442 13958.440681850807 0.0 0.0 23.678173666804753 0.0 10.465249143062282 7.37858758128236e-16 0.0 3.4231098432554996e-16 ""
10106 528 2005-12-28 Ia? pW7 5852.789589925442 6524.1710400919355 8814.598345515562 0.0 0.0 65.48208987280614 0.0 26.722919383153823 1.8130049358793468e-15 0.0 7.794338282387895e-16 ""
1032 149 2005-09-25 Ia pW6 5552.982065183214 5929.410389244602 12429.850245042066 0.0 0.0 18.259656115548673 0.0 11.63924657489698 1.003592450092504e-15 0.0 6.661418249558257e-16 ""
1032 149 2005-09-25 Ia pW7 5929.410389244602 6589.267098481621 4329.986502264963 0.0 0.0 40.8880468083004 0.0 22.64522541665573 2.3917334585570346e-15 0.0 1.3939372672303224e-15 ""
10434 505 2005-11-24 Ia pW7 5974.827655305171 6396.4521882313265 8937.451780713709 0.0 0.0 109.0394631167073 0.0 13.909878802963815 9.914505517863729e-15 0.0 1.7665802827325824e-15 ""
10434 505 2005-11-24 Ia pW6 5621.207079302589 5974.827655305171 8081.657441746638 0.0 0.0 25.953458558917813 0.0 19.97519889272851 2.700660283313723e-15 0.0 2.143813200027095e-15 ""
10449 546 2005-11-27 Ia pW6 5583.478096144003 5950.255333384387 9692.104882141943 0.0 0.0 19.822602800544274 0.0 28.06426200717988 1.4710621193949902e-16 0.0 1.793380529145369e-16 ""
10449 546 2005-11-27 Ia pW7 5950.255333384387 6296.879975172003 9581.38233705745 0.0 0.0 48.43448452907802 0.0 26.677926775301483 2.760823303311996e-16 0.0 1.580453666207148e-16 ""
10550 543 2005-11-26 Ia pW7 5931.626773561409 6358.8055005226215 9251.673432400969 0.0 0.0 89.25633104808458 0.0 24.192234842940945 3.73593516575615e-16 0.0 1.2052472897967204e-16 ""
10550 543 2005-11-26 Ia pW6 5619.901756589714 5931.626773561409 9195.104517613405 0.0 0.0 9.25862798532007 0.0 28.722652156406426 5.643606198554952e-17 0.0 1.1888572719658255e-16 ""
10805 495 2005-11-22 Ia pW6 5593.562254781756 5885.716803580186 11387.186257424384 0.0 0.0 5.521191737278737 0.0 4.20598176459243 3.946978443748798e-15 0.0 3.031325222491518e-15 ""
10805 495 2005-11-22 Ia pW7 5885.716803580186 6321.553917361452 11654.214735913685 0.0 0.0 60.59026253702194 0.0 7.619832695324961 3.8087372132479683e-14 0.0 5.546778742974519e-15 ""
11067 549 2005-12-04 Ia pW7 6346.274210980151 6337.320032199226 nan nan nan nan nan nan nan nan nan "Range too small. Please select a wider range"
11067 549 2005-12-04 Ia pW6 5647.84826606805 5647.84826606805 nan nan nan nan nan nan nan nan nan "Range too small. Please select a wider range"
1112 87 2005-09-26 Ia pW6 5566.900329197466 6044.575008856884 8870.284892475212 0.0 0.0 32.25346085126371 0.0 36.13538870830435 3.968392542856521e-16 0.0 4.375913655744641e-16 ""
1112 87 2005-09-26 Ia pW7 6044.575008856884 6546.133422499273 4768.545838210468 0.0 0.0 88.08856393102276 0.0 28.076457146140104 1.037333168268934e-15 0.0 4.013590869868134e-16 ""
1119 189 2005-09-27 Ia pW7 5893.669425350839 6406.631949774412 9859.26109159501 0.0 0.0 138.72946977602862 0.0 113.28462197585357 4.3126414960215237e-16 0.0 2.8830770917236147e-16 ""
1119 189 2005-09-27 Ia pW6 5554.2656497923845 5893.669425350839 13571.203601648567 0.0 0.0 96.76480008182527 0.0 24.629403796949624 2.4784339653380354e-16 0.0 8.128467655542296e-17 ""
11206 560 2005-12-02 Ia pW6 5476.794097872319 5476.794097872319 nan nan nan nan nan nan nan nan nan "Range too small. Please select a wider range"
11206 560 2005-12-02 Ia pW7 5636.013747893054 5636.013747893054 nan nan nan nan nan nan nan nan nan "Range too small. Please select a wider range"
11300 506 2005-11-24 Ia pW7 6547.20335915697 6547.20335915697 nan nan nan nan nan nan nan nan nan "Range too small. Please select a wider range"
11300 506 2005-11-24 Ia pW6 5596.099770766422 5596.099770766422 nan nan nan nan nan nan nan nan nan "Range too small. Please select a wider range"
11452 557 2005-12-02 Ia pW6 5655.023163437299 5901.647683001174 8936.044422667892 0.0 0.0 20.64059161149928 0.0 66.77006432026816 3.998515716057743e-16 0.0 5.597465802320093e-16 ""
11452 557 2005-12-02 Ia pW7 5901.647683001174 6387.189705892554 nan nan nan nan nan nan nan nan nan "Optimal parameters not found: Number of calls to function has reached maxfev = 1000."
11557 554 2005-12-01 Ia pW7 6521.195244259281 6521.195244259281 nan nan nan nan nan nan nan nan nan "Range too small. Please select a wider range"
11557 554 2005-12-01 Ia pW6 5172.357529016327 5172.357529016327 nan nan nan nan nan nan nan nan nan "Range too small. Please select a wider range"
11650 559 2005-12-03 Ia pW6 5605.041745863357 5892.076503806553 9274.326377671361 0.0 0.0 38.87002866538277 0.0 27.566478892257457 2.5543425154782553e-16 0.0 1.8359730977289992e-16 ""
11650 559 2005-12-03 Ia pW7 5892.076503806553 6352.11851311277 9380.7708903991 0.0 0.0 169.72828819635157 0.0 39.826019560998425 9.90810909533865e-16 0.0 3.5733765100421267e-16 ""
1166 190 2005-09-28 Ia pW7 nan nan nan nan nan nan nan nan nan nan nan "Feature not in spectral wavelength range."
1166 190 2005-09-28 Ia pW6 5586.043836481723 5937.367348210133 12974.063945117967 0.0 0.0 9.477194281076772 0.0 76.98259495662755 3.363649023595842e-17 0.0 7.041681484127903e-17 ""
11864 555 2005-12-01 Ia pW6 5671.190047282323 5671.190047282323 nan nan nan nan nan nan nan nan nan "Range too small. Please select a wider range"
11864 555 2005-12-01 Ia pW7 5993.831404526965 5993.831404526965 nan nan nan nan nan nan nan nan nan "Range too small. Please select a wider range"
12136 563 2005-12-07 Ia pW6 5557.04303750902 5901.924587384455 8890.629212414393 0.0 0.0 115.6167104218517 0.0 63.14770529496083 1.9077155048481445e-15 0.0 1.2663179537258457e-15 ""
12136 563 2005-12-07 Ia pW7 5898.216183622354 6402.5590952681505 nan nan nan nan nan nan nan nan nan "Optimal parameters not found: Number of calls to function has reached maxfev = 1000."
1241 112 2005-09-23 Ia pW6 5550.415856283596 5995.992565759314 9888.167070180418 0.0 0.0 38.95682090344396 0.0 21.13708854041861 2.3985439736313703e-15 0.0 1.413203917372439e-15 ""
1241 112 2005-09-23 Ia pW7 5995.992565759314 6312.949194149257 10306.8184585701 0.0 0.0 113.83189714127558 0.0 8.795129126616258 5.883035865079965e-15 0.0 7.477299798992068e-16 ""
1253 140 2005-09-24 Ia pW6 5551.8258924573 5963.982286786345 10405.947726622071 0.0 0.0 36.429664637153245 0.0 27.535377754432364 5.113846689092347e-16 0.0 3.9902693555066924e-16 ""
1253 140 2005-09-24 Ia pW7 5963.982286786345 6300.840878305276 10264.259175875797 0.0 0.0 84.91002843335416 0.0 22.471949912797143 1.0954789017420112e-15 0.0 3.9440448437241593e-16 ""
1253 86 2005-09-26 Ia pW6 5562.129802315526 5589.871098087673 nan nan nan nan nan nan nan nan nan "Range too small. Please select a wider range"
1253 86 2005-09-26 Ia pW7 5637.42760512564 5637.42760512564 nan nan nan nan nan nan nan nan nan "Range too small. Please select a wider range"
12778 692 2006-09-17 Ia? pW7 5877.66051900439 6419.485293782856 7886.061890436407 0.0 0.0 32.7288039060556 0.0 7.757963319577098 3.762401481679517e-15 0.0 9.357449403399651e-16 ""
12778 692 2006-09-17 Ia? pW6 5568.046361988123 5877.66051900439 13010.814828322787 0.0 0.0 15.884679692446307 0.0 5.882783613640193 1.8105736817686793e-15 0.0 6.985432615148411e-16 ""
12779 693 2006-09-15 Ia pW6 5555.153914884309 5870.287364631647 12243.634517175542 0.0 0.0 86.98214027768717 0.0 15.247231128684748 1.6389420258165405e-15 0.0 3.9767521371820226e-16 ""
12779 693 2006-09-15 Ia pW7 5870.287364631647 6528.360156751086 9220.953350020212 0.0 0.0 232.5927195132026 0.0 29.117365903293948 3.912684278666094e-15 0.0 7.529485299517997e-16 ""
12781 680 2006-09-13 Ia pW6 5586.816608900674 5896.1948325525 10757.28361745074 0.0 0.0 56.81880205620801 0.0 9.433353781409588 1.736552266279594e-15 0.0 3.6208464918591754e-16 ""
12781 680 2006-09-13 Ia pW7 5896.1948325525 6436.452327586287 8875.264175924214 0.0 0.0 118.17554941273318 0.0 17.110947345877282 3.536072238791451e-15 0.0 6.612081390724759e-16 ""
12841 703 2006-09-19 Ia pW7 5942.001729004475 5942.001729004475 nan nan nan nan nan nan nan nan nan "Range too small. Please select a wider range"
12841 703 2006-09-19 Ia pW6 5547.287188881743 5551.156939275103 nan nan nan nan nan nan nan nan nan "Range too small. Please select a wider range"
12843 683 2006-09-13 Ia pW6 5601.016854081954 5982.6802029934415 nan nan nan nan nan nan nan nan nan "Optimal parameters not found: Number of calls to function has reached maxfev = 1000."
12843 683 2006-09-13 Ia pW7 5982.6802029934415 6321.460029555325 10221.816996274747 0.0 0.0 62.123791863656706 0.0 14.196579458330069 1.2208192454065784e-15 0.0 3.494212342834543e-16 ""
12843 727 2006-09-16 Ia pW7 5856.602647285602 6328.321393131261 10441.273332681358 0.0 0.0 101.17727958064786 0.0 24.993822025201922 1.8580978888336734e-15 0.0 5.706198194144575e-16 ""
12843 727 2006-09-16 Ia pW6 5577.859752013167 5852.314295050642 12542.170199048955 0.0 0.0 31.289938386133585 0.0 9.745982364017477 5.936335354126274e-16 0.0 2.0740970427793496e-16 ""
12844 684 2006-09-16 Ia-pec pW6 5652.113335882995 5652.113335882995 nan nan nan nan nan nan nan nan nan "Range too small. Please select a wider range"
12844 684 2006-09-16 Ia-pec pW7 5932.63844147732 5932.63844147732 nan nan nan nan nan nan nan nan nan "Range too small. Please select a wider range"
12851 704 2006-09-18 Ia pW6 5667.5756769124 5896.77171350978 9914.147215217334 0.0 0.0 31.606267015768164 0.0 18.88328574508295 5.478368904209943e-16 0.0 3.8100783946973233e-16 ""
12851 704 2006-09-18 Ia pW7 5896.77171350978 6511.982127534326 7178.652639149138 0.0 0.0 103.51460974135075 0.0 102.29880993436231 2.1029580089556433e-15 0.0 1.777024999844774e-15 ""
12853 685 2006-09-13 Ia pW7 5876.280099403255 6347.101580162493 9527.508572787221 0.0 0.0 91.55603636637126 0.0 35.614329580221536 1.3186322914579038e-15 0.0 6.383214588830091e-16 ""
12853 685 2006-09-13 Ia pW6 5585.226820388453 5876.280099403255 12339.564931790743 0.0 0.0 46.923767320310674 0.0 18.830067987357957 7.596515284414138e-16 0.0 3.610522573735852e-16 ""
12855 720 2006-09-15 Ia pW7 5946.808038078707 6378.200418920443 9680.392704702905 0.0 0.0 37.372278367023576 0.0 11.019959491279407 1.1410695744086319e-15 0.0 3.627856582732907e-16 ""
12855 720 2006-09-15 Ia pW6 5583.755044301008 5946.808038078707 10957.408087703941 0.0 0.0 7.764422738265413 0.0 12.635850154784203 2.6011700054241304e-16 0.0 4.1185913266083765e-16 ""
12856 695 2006-09-15 Ia pW7 5924.635323250872 6351.8824079303895 9809.713267156587 0.0 0.0 24.40023669804482 0.0 18.011781940768667 8.092996933082129e-16 0.0 6.081341833043759e-16 ""
12856 695 2006-09-15 Ia pW6 5591.382597200848 5924.635323250872 nan nan nan nan nan nan nan nan nan "Optimal parameters not found: Number of calls to function has reached maxfev = 1000."
12860 688 2006-09-13 Ia pW6 5609.047305390291 5885.728770052712 10131.918392536581 0.0 0.0 9.91998806973097 0.0 11.800391562312072 3.2017433885480376e-16 0.0 3.703566588324856e-16 ""
12860 688 2006-09-13 Ia pW7 5885.728770052712 6403.390865227566 9880.709721072288 0.0 0.0 69.10024393155292 0.0 17.855953793080552 2.050390815794838e-15 0.0 6.084355867670138e-16 ""
12860 721 2006-09-15 Ia pW6 nan nan nan nan nan nan nan nan nan nan nan "Feature not in spectral wavelength range."
12860 721 2006-09-15 Ia pW7 nan nan nan nan nan nan nan nan nan nan nan "Feature not in spectral wavelength range."
12869 740 2006-09-18 Ia pW7 5885.073047985077 6311.499267642309 9384.083622699885 0.0 0.0 90.10396715072051 0.0 30.888757200697132 8.906732726026232e-16 0.0 3.9297591242665923e-16 ""
12869 740 2006-09-18 Ia pW6 5560.36317430113 5885.073047985077 12601.071241804455 0.0 0.0 63.332694779412144 0.0 25.600781576198546 7.306050532222088e-16 0.0 3.3956704589489865e-16 ""
12874 689 2006-09-13 Ia pW6 5571.7373752320045 5825.0529952360575 nan nan nan nan nan nan nan nan nan "Optimal parameters not found: Number of calls to function has reached maxfev = 1000."
12874 689 2006-09-13 Ia pW7 5825.0529952360575 6516.644846675695 10312.993748482231 0.0 0.0 82.93880353006075 0.0 50.11850751976836 2.8653177339285705e-15 0.0 1.865128850346211e-15 ""
12881 817 2006-09-21 Ia pW7 5908.860825000687 6454.667332954908 9376.65886538199 0.0 0.0 70.43372250417359 0.0 34.65760198455929 1.0904039237329133e-15 0.0 5.512838556225202e-16 ""
12881 817 2006-09-21 Ia pW6 5557.118853207968 5908.860825000687 13402.397680978518 0.0 0.0 39.30913619318049 0.0 18.538209533600583 6.159801403747613e-16 0.0 3.061771956552891e-16 ""
12883 742 2006-09-17 Ia pW7 5863.944838403573 5863.944838403573 nan nan nan nan nan nan nan nan nan "Range too small. Please select a wider range"
12883 742 2006-09-17 Ia pW6 5641.840221001753 5641.840221001753 nan nan nan nan nan nan nan nan nan "Range too small. Please select a wider range"
12897 719 2006-09-15 Ia pW6 5559.539654573697 5918.600430282694 13481.3973258721 0.0 0.0 62.36657367973534 0.0 12.527107587094267 2.5019394307244008e-14 0.0 6.091453209608328e-15 ""
12897 719 2006-09-15 Ia pW7 5918.600430282694 6248.14936141287 12697.661284719827 0.0 0.0 24.83049659185037 0.0 12.403258610722286 1.0149317036440314e-14 0.0 5.2996448873547366e-15 ""
12898 1078 2006-10-17 Ia pW6 5581.754107219561 5881.972573888383 12044.654893259865 0.0 0.0 31.673142287191286 0.0 11.086103609355623 7.0949885428103825e-15 0.0 2.832752143729357e-15 ""
12898 1078 2006-10-17 Ia pW7 5881.972573888383 6403.890831328027 9699.561685574938 0.0 0.0 78.92742926833994 0.0 17.673501373788262 1.8261126480581963e-14 0.0 4.910377445213361e-15 ""
12898 1079 2006-10-20 Ia pW7 5888.4388177858655 6313.3634167632745 9561.139907984325 0.0 0.0 48.42604117119879 0.0 17.098164503108915 5.623898711644087e-15 0.0 2.1944811562745274e-15 ""
12898 1079 2006-10-20 Ia pW6 5569.745368552808 5888.4388177858655 11722.832742672512 0.0 0.0 30.77889870721622 0.0 8.425916066385211 4.064156378146508e-15 0.0 1.190459176956253e-15 ""
12898 712 2006-09-17 Ia pW6 5601.152838912008 5878.277577375536 11199.027184549572 0.0 0.0 6.922467146718217 0.0 6.631838766815108 6.084228387988439e-16 0.0 5.873555300788662e-16 ""
12898 712 2006-09-17 Ia pW7 5882.896323016595 6312.439667635063 11716.661796010183 0.0 0.0 54.52797343318198 0.0 15.185749052482782 4.590887753239614e-15 0.0 1.4058868395818738e-15 ""
12907 714 2006-09-17 Ia pW7 6431.785142032492 6431.785142032492 nan nan nan nan nan nan nan nan nan "Range too small. Please select a wider range"
12907 714 2006-09-17 Ia pW6 5772.999147557452 5772.999147557452 nan nan nan nan nan nan nan nan nan "Range too small. Please select a wider range"
12927 690 2006-09-14 Ia pW7 5882.273778272722 6260.771411821406 14712.571230069763 0.0 0.0 23.79212614497481 0.0 20.096824062200476 6.573295530236999e-16 0.0 5.415855868505744e-16 ""
12927 690 2006-09-14 Ia pW6 5571.06461291047 5878.068249011069 11666.772812961986 0.0 0.0 10.01632976437605 0.0 11.41252954431309 2.9715870077145737e-16 0.0 3.1500876207993664e-16 ""
12928 686 2006-09-13 Ia pW6 5593.757684336249 5887.95798644044 12329.260389784651 0.0 0.0 32.106698142565506 0.0 15.387211059340647 4.654237563661141e-16 0.0 2.4487016960314586e-16 ""
12928 686 2006-09-13 Ia pW7 5887.95798644044 6458.794393508273 9532.525196068422 0.0 0.0 98.73484622237284 0.0 26.921894573625938 1.5224535459353219e-15 0.0 4.788346519729863e-16 ""
