results/spec_class/sdss_sako18spec_0_steps.ecsv
# %ECSV 0.9
# ---
# datatype:
# - {name: obj_id, datatype: string}
# - {name: date, datatype: string}
# - {name: feat_name, datatype: string}
# - {name: vel, datatype: float64}
# - {name: vel_err, datatype: float64}
# - {name: vel_samperr, datatype: float64}
# - {name: pew, datatype: float64}
# - {name: pew_err, datatype: float64}
# - {name: pew_samperr, datatype: float64}
# - {name: area, datatype: float64}
# - {name: area_err, datatype: float64}
# - {name: area_samperr, datatype: float64}
# - {name: msg, datatype: string}
# schema: astropy-2.0
obj_id date feat_name vel vel_err vel_samperr pew pew_err pew_samperr area area_err area_samperr msg
[from data line 1339]
20111 2007-11-08 pW7 8100.427333744964 0.0 0.0 192.38722461792418 0.0 0.0 3.2138018142468184e-15 0.0 0.0 ""
20142 2007-11-14 pW6 15381.919379978655 0.0 0.0 -24.407945410341767 0.0 0.0 1.1695848117853345e-19 0.0 0.0 ""
20142 2007-11-14 pW7 1964.0409537414894 0.0 0.0 322.1500882435424 0.0 0.0 2.3823145636985276e-15 0.0 0.0 ""
20144 2007-11-13 pW6 40678.711179515565 0.0 0.0 29.918477156729892 0.0 0.0 3.8943732614980694e-16 0.0 0.0 ""
20144 2007-11-13 pW7 9503.608511513903 0.0 0.0 73.21545210664647 0.0 0.0 8.693300295444654e-16 0.0 0.0 ""
2017 2005-09-23 pW6 11366.855506139294 0.0 0.0 32.36932122368296 0.0 0.0 3.95693955052378e-16 0.0 0.0 ""
2017 2005-09-23 pW7 -5889.472825593887 0.0 0.0 273.11396873589047 0.0 0.0 3.844854008190611e-15 0.0 0.0 ""
20184 2007-11-14 pW6 13685.187453781358 0.0 0.0 56.64338586060413 0.0 0.0 3.226232640990478e-14 0.0 0.0 ""
20184 2007-11-14 pW7 620.3427642019598 0.0 0.0 293.94287911156334 0.0 0.0 3.13383355764307e-13 0.0 0.0 ""
20186 2007-11-05 pW6 10962.664991455806 0.0 0.0 89.39031136178012 0.0 0.0 8.44798179446671e-16 0.0 0.0 ""
20186 2007-11-05 pW7 8724.280299338048 0.0 0.0 269.88036524739346 0.0 0.0 2.8562529874435606e-15 0.0 0.0 ""
20208 2007-11-05 pW6 11359.082101380809 0.0 0.0 52.7694287812613 0.0 0.0 9.154881080196236e-16 0.0 0.0 ""
20208 2007-11-05 pW7 8366.02778223093 0.0 0.0 75.72033330321676 0.0 0.0 1.0091344201904972e-15 0.0 0.0 ""
20208 2007-11-10 pW6 10182.107897328713 0.0 0.0 69.56415628853517 0.0 0.0 1.5963632927407938e-15 0.0 0.0 ""
20208 2007-11-10 pW7 9859.688915687357 0.0 0.0 158.6341714099641 0.0 0.0 5.9826018871823295e-15 0.0 0.0 ""
20208 2007-11-13 pW6 9852.914440889937 0.0 0.0 91.69181693650023 0.0 0.0 1.2301260659740132 0.0 0.0 ""
20208 2007-11-13 pW7 5242.178000095537 0.0 0.0 220.0224556018722 0.0 0.0 2.6875343612958282 0.0 0.0 ""
20208 2007-11-17 pW6 12173.298090713848 0.0 0.0 91.25520939621777 0.0 0.0 4.0126564448215e-15 0.0 0.0 ""
20208 2007-11-17 pW7 nan nan nan nan nan nan nan nan nan "Optimal parameters not found: Number of calls to function has reached maxfev = 1000."
20227 2007-11-14 pW6 13764.434851518448 0.0 0.0 23.180024144033055 0.0 0.0 3.594098048114489e-16 0.0 0.0 ""
20227 2007-11-14 pW7 3773.658757878098 0.0 0.0 207.5608213249052 0.0 0.0 3.4449767140509656e-15 0.0 0.0 ""
20245 2007-11-05 pW6 9513.53020316721 0.0 0.0 40.64136046843112 0.0 0.0 1.1130542603550823e-15 0.0 0.0 ""
20245 2007-11-05 pW7 5591.768829734302 0.0 0.0 176.21833006910316 0.0 0.0 6.181854542446093e-15 0.0 0.0 ""
2030 2005-09-27 pW6 10603.162288223499 0.0 0.0 76.39125271721048 0.0 0.0 1.5299606505147881e-15 0.0 0.0 ""
2030 2005-09-27 pW7 13711.779521902174 0.0 0.0 359.73646964091216 0.0 0.0 1.0640880595592406e-14 0.0 0.0 ""
2031 2005-09-23 pW6 10032.903342164638 0.0 0.0 55.55796338732773 0.0 0.0 5.633017098545814e-15 0.0 0.0 ""
2031 2005-09-23 pW7 9892.655193156887 0.0 0.0 135.07861637524286 0.0 0.0 1.163551243791633e-14 0.0 0.0 ""
20345 2007-11-13 pW6 11007.02818741581 0.0 0.0 13.18316563252003 0.0 0.0 9.548600710211081e-17 0.0 0.0 ""
20345 2007-11-13 pW7 10756.88454474411 0.0 0.0 207.61506437942876 0.0 0.0 1.2740875283236448e-15 0.0 0.0 ""
20350 2007-11-04 pW6 12669.865853783987 0.0 0.0 43.620382190321834 0.0 0.0 8.652699379719088e-16 0.0 0.0 ""
20350 2007-11-04 pW7 10718.266301490568 0.0 0.0 172.03601965306657 0.0 0.0 3.2178966049077706e-15 0.0 0.0 ""
20364 2007-11-14 pW6 10028.037422514464 0.0 0.0 130.49245398236974 0.0 0.0 7.794182195994765e-16 0.0 0.0 ""
20364 2007-11-14 pW7 10041.49497673725 0.0 0.0 196.70962794717843 0.0 0.0 9.307370205473412e-16 0.0 0.0 ""
20376 2007-11-16 pW6 32525.312517635513 0.0 0.0 16.69258411869933 0.0 0.0 3.0442281916754803e-16 0.0 0.0 ""
20376 2007-11-16 pW7 13095.70305966747 0.0 0.0 153.90735606420992 0.0 0.0 3.1188974998198493e-15 0.0 0.0 ""
20388 2007-11-15 pW6 18683.955541682608 0.0 0.0 -3.7563480502631137 0.0 0.0 6.3732677930049754e-18 0.0 0.0 ""
20388 2007-11-15 pW7 -8193.106963782935 0.0 0.0 262.90521330357547 0.0 0.0 4.594659206666024e-15 0.0 0.0 ""
20420 2007-11-12 pW6 6336.265649575427 0.0 0.0 43.07780559088209 0.0 0.0 2.015199376730653e-15 0.0 0.0 ""
20420 2007-11-12 pW7 -1028.189467868115 0.0 0.0 534.3612047971343 0.0 0.0 1.1659484166359713e-13 0.0 0.0 ""
20430 2007-11-13 pW6 10529.676784468746 0.0 0.0 39.856347297470535 0.0 0.0 3.7003769902181683e-16 0.0 0.0 ""
20430 2007-11-13 pW7 9715.110612285816 0.0 0.0 165.99000047572855 0.0 0.0 1.6359137594824547e-15 0.0 0.0 ""
20432 2007-11-14 pW6 10168.512077435 0.0 0.0 104.77201671108693 0.0 0.0 1.7804353727509113e-15 0.0 0.0 ""
20432 2007-11-14 pW7 9152.96667691188 0.0 0.0 349.594912406748 0.0 0.0 6.046050812996915e-15 0.0 0.0 ""
20470 2007-11-09 pW6 19095.879686931563 0.0 0.0 32.63216368511928 0.0 0.0 1.5897263941761994e-15 0.0 0.0 ""
20470 2007-11-09 pW7 nan nan nan nan nan nan nan nan nan "Feature not in spectral wavelength range."
20474 2007-11-15 pW6 14705.622726812273 0.0 0.0 35.58255742759778 0.0 0.0 2.677622463083905e-16 0.0 0.0 ""
20474 2007-11-15 pW7 5698.624959049902 0.0 0.0 268.1888636254396 0.0 0.0 2.0991873139565743e-15 0.0 0.0 ""
20474 2007-12-07 pW6 13835.39417267858 0.0 0.0 88.54355740765502 0.0 0.0 8.072993778439978e-16 0.0 0.0 ""
20474 2007-12-07 pW7 14745.866793875672 0.0 0.0 417.0103411780319 0.0 0.0 5.093699481818819e-15 0.0 0.0 ""
20474 2007-12-09 pW6 17210.14724477043 0.0 0.0 21.022014944462143 0.0 0.0 3.310107388194816e-16 0.0 0.0 ""
20474 2007-12-09 pW7 14357.20622322534 0.0 0.0 184.67582290372505 0.0 0.0 3.927601350380429e-15 0.0 0.0 ""
20528 2007-11-08 pW6 17307.445725257436 0.0 0.0 25.91637611884329 0.0 0.0 2.2741782348883278e-15 0.0 0.0 ""
20528 2007-11-08 pW7 -1737.0334561148088 0.0 0.0 392.4880651668176 0.0 0.0 7.544653858419524e-14 0.0 0.0 ""
20528 2007-11-11 pW6 13535.288443236994 0.0 0.0 35.86304408967334 0.0 0.0 7.51301303619625e-15 0.0 0.0 ""
20528 2007-11-11 pW7 nan nan nan nan nan nan nan nan nan "Feature not in spectral wavelength range."
2053 2005-09-27 pW6 9184.183727132884 0.0 0.0 163.0034148897432 0.0 0.0 3.4712569627008303e-15 0.0 0.0 ""
2053 2005-09-27 pW7 11095.29151483416 0.0 0.0 -54.82433759469677 0.0 0.0 9.912344289637154e-16 0.0 0.0 ""
20530 2007-11-08 pW6 7503.749721967997 0.0 0.0 111.73553720066946 0.0 0.0 1.8940373319266254e-14 0.0 0.0 ""
20530 2007-11-08 pW7 -2814.8768679926975 0.0 0.0 408.2576542234806 0.0 0.0 1.3685367514322124e-13 0.0 0.0 ""
20530 2007-11-11 pW6 8526.022163309139 0.0 0.0 16.623958562719565 0.0 0.0 5.4420626998126655e-15 0.0 0.0 ""
20530 2007-11-11 pW7 -2013.746646244707 0.0 0.0 411.19584056581954 0.0 0.0 2.56428778123189e-13 0.0 0.0 ""
20530 2007-11-13 pW6 13048.288989823759 0.0 0.0 13.811755783136505 0.0 0.0 1.0306146152518016e-15 0.0 0.0 ""
20530 2007-11-13 pW7 -3908.6254471554707 0.0 0.0 317.2838367362492 0.0 0.0 3.601872247934283e-14 0.0 0.0 ""
20530 2007-11-14 pW6 8057.116277007414 0.0 0.0 18.380689383499174 0.0 0.0 2.0465161647629566e-15 0.0 0.0 ""
20530 2007-11-14 pW7 -3623.1547474106223 0.0 0.0 263.15075334042376 0.0 0.0 4.283931086897201e-14 0.0 0.0 ""
20533 2007-11-12 pW6 11426.936951485119 0.0 0.0 64.1248495111987 0.0 0.0 3.0226681256790556e-15 0.0 0.0 ""
20533 2007-11-12 pW7 8923.308473895131 0.0 0.0 182.14220638651182 0.0 0.0 1.0159433433087252e-14 0.0 0.0 ""
20575 2007-11-14 pW6 nan nan nan nan nan nan nan nan nan "Range too small. Please select a wider range"
20575 2007-11-14 pW7 nan nan nan nan nan nan nan nan nan "Range too small. Please select a wider range"
20581 2007-11-12 pW6 8853.891453902095 0.0 0.0 26.730069953117038 0.0 0.0 5.587010772634553e-16 0.0 0.0 ""
20581 2007-11-12 pW7 8188.905524795879 0.0 0.0 195.04040306808076 0.0 0.0 3.3659139077228485e-15 0.0 0.0 ""
20625 2007-11-09 pW6 11155.624715929569 0.0 0.0 27.550707522586436 0.0 0.0 2.905966468727958e-15 0.0 0.0 ""
20625 2007-11-09 pW7 -2903.1912507195316 0.0 0.0 274.5812521717285 0.0 0.0 3.968421068702883e-14 0.0 0.0 ""
20625 2007-11-13 pW6 nan nan nan nan nan nan nan nan nan "Range too small. Please select a wider range"
20625 2007-11-13 pW7 nan nan nan nan nan nan nan nan nan "Range too small. Please select a wider range"
20625 2007-11-15 pW6 nan nan nan nan nan nan nan nan nan "Range too small. Please select a wider range"
20625 2007-11-15 pW7 nan nan nan nan nan nan nan nan nan "Range too small. Please select a wider range"
20625 2007-12-03 pW6 13586.41551695451 0.0 0.0 32.982067275878734 0.0 0.0 4.513094870670151e-15 0.0 0.0 ""
20625 2007-12-03 pW7 -831.7105698677024 0.0 0.0 281.4979951361189 0.0 0.0 3.651008291994703e-14 0.0 0.0 ""
2063 2005-09-25 pW6 13012.37005657358 0.0 0.0 31.041448956896176 0.0 0.0 6.633937808230715e-16 0.0 0.0 ""
2063 2005-09-25 pW7 -3082.4782528464107 0.0 0.0 257.21202875962706 0.0 0.0 6.379878693393096e-15 0.0 0.0 ""
20677 2007-11-13 pW6 15509.941299202797 0.0 0.0 19.026053118479467 0.0 0.0 8.598388838878674e-16 0.0 0.0 ""
20677 2007-11-13 pW7 -4302.320096783889 0.0 0.0 225.78205672283593 0.0 0.0 1.3766272449292797e-14 0.0 0.0 ""
20687 2007-11-14 pW6 nan nan nan nan nan nan nan nan nan "Range too small. Please select a wider range"
20687 2007-11-14 pW7 nan nan nan nan nan nan nan nan nan "Range too small. Please select a wider range"
20687 2007-11-16 pW6 9727.886565224557 0.0 0.0 16.43426735208223 0.0 0.0 6.128949480692261e-16 0.0 0.0 ""
20687 2007-11-16 pW7 -4708.880901405903 0.0 0.0 200.50195816587916 0.0 0.0 1.0151814724100604e-14 0.0 0.0 ""
20718 2007-11-14 pW6 15470.551447953074 0.0 0.0 27.37908707841177 0.0 0.0 2.006511327053331e-15 0.0 0.0 ""
20718 2007-11-14 pW7 -3605.0045927692904 0.0 0.0 198.9535412124913 0.0 0.0 1.9451885707451372e-14 0.0 0.0 ""
20718 2007-11-15 pW6 16426.07050990115 0.0 0.0 20.151253559264973 0.0 0.0 1.3575385191959439e-15 0.0 0.0 ""
20718 2007-11-15 pW7 -2551.4595155332227 0.0 0.0 213.70674747896817 0.0 0.0 1.8421789027501558e-14 0.0 0.0 ""
20718 2007-12-04 pW6 14405.499960287965 0.0 0.0 33.58581839568373 0.0 0.0 5.682507582559747e-15 0.0 0.0 ""
20718 2007-12-04 pW7 901.2007259716853 0.0 0.0 264.8015799062424 0.0 0.0 3.438215597483605e-14 0.0 0.0 ""
20764 2007-11-14 pW6 nan nan nan nan nan nan nan nan nan "Range too small. Please select a wider range"
20764 2007-11-14 pW7 nan nan nan nan nan nan nan nan nan "Range too small. Please select a wider range"
20768 2007-11-14 pW6 8896.07942653654 0.0 0.0 27.389809184844097 0.0 0.0 2.7274088879896062e-15 0.0 0.0 ""
20768 2007-11-14 pW7 11851.15738301446 0.0 0.0 189.34561041194723 0.0 0.0 2.1285411851787238e-14 0.0 0.0 ""
20821 2007-11-13 pW6 11671.276648337554 0.0 0.0 28.357096692407396 0.0 0.0 1.0530626314668688e-15 0.0 0.0 ""
20821 2007-11-13 pW7 9287.302830448727 0.0 0.0 253.29130516242628 0.0 0.0 1.1898848339548293e-14 0.0 0.0 ""
20829 2007-11-12 pW6 8261.48902874194 0.0 0.0 68.81839556274082 0.0 0.0 0.5019843509307644 0.0 0.0 ""
20829 2007-11-12 pW7 6715.279802874016 0.0 0.0 221.0667957037972 0.0 0.0 1.9380252336488804 0.0 0.0 ""
20834 2007-11-15 pW6 7912.511941671313 0.0 0.0 6.561079592251986 0.0 0.0 1.7153333653403e-16 0.0 0.0 ""
20834 2007-11-15 pW7 9918.93435318266 0.0 0.0 111.14057417525555 0.0 0.0 2.7989600985410515e-15 0.0 0.0 ""
20838 2007-11-09 pW6 10708.691118906103 0.0 0.0 44.79213062100456 0.0 0.0 1.4348240833472977e-15 0.0 0.0 ""
20838 2007-11-09 pW7 41522.82318457151 0.0 0.0 131.87498387846256 0.0 0.0 4.239560927225549e-15 0.0 0.0 ""
20838 2007-11-11 pW6 14673.137768739902 0.0 0.0 65.05188177615545 0.0 0.0 3.031523781153251e-15 0.0 0.0 ""
20838 2007-11-11 pW7 6370.73396604405 0.0 0.0 148.67783820041836 0.0 0.0 6.04680659939331e-15 0.0 0.0 ""
20862 2007-11-16 pW6 9700.324656663977 0.0 0.0 12.41020550940101 0.0 0.0 2.6650536337635003e-16 0.0 0.0 ""
20862 2007-11-16 pW7 22477.03016240458 0.0 0.0 16.792646611526607 0.0 0.0 4.0023469735279475e-16 0.0 0.0 ""
20889 2007-11-10 pW6 11919.797569690949 0.0 0.0 46.61007683613042 0.0 0.0 9.255150671550483e-16 0.0 0.0 ""
20889 2007-11-10 pW7 -9022.974276922392 0.0 0.0 365.16138294841676 0.0 0.0 7.879725305509533e-15 0.0 0.0 ""
20934 2007-11-13 pW6 7572.681775490427 0.0 0.0 113.4175370337338 0.0 0.0 2.8760007815506142e-15 0.0 0.0 ""
20934 2007-11-13 pW7 4544.537639600203 0.0 0.0 297.6674074960614 0.0 0.0 1.04999460299978e-14 0.0 0.0 ""
20978 2007-11-15 pW6 8208.162561270616 0.0 0.0 45.21296530393411 0.0 0.0 2.387420108805882e-16 0.0 0.0 ""
20978 2007-11-15 pW7 14464.849976660644 0.0 0.0 214.76937814297742 0.0 0.0 1.7844237625037132e-16 0.0 0.0 ""
21006 2007-11-13 pW6 11804.987944783323 0.0 0.0 -3.889398307363706 0.0 0.0 2.6798011373656042e-17 0.0 0.0 ""
21006 2007-11-13 pW7 10760.80584364109 0.0 0.0 146.5068481564822 0.0 0.0 8.03140246544797e-16 0.0 0.0 ""
2102 2005-09-27 pW6 13997.320102610209 0.0 0.0 133.30010304250396 0.0 0.0 4.336622970627131e-15 0.0 0.0 ""
2102 2005-09-27 pW7 1937.3901925560506 0.0 0.0 363.72435820206965 0.0 0.0 1.6070969289851428e-14 0.0 0.0 ""
21033 2007-11-13 pW6 13306.109155534796 0.0 0.0 36.43012514927014 0.0 0.0 2.1591809430194676e-16 0.0 0.0 ""
21033 2007-11-13 pW7 10890.512860656645 0.0 0.0 171.9587442198042 0.0 0.0 9.549206591284223e-16 0.0 0.0 ""
21034 2007-11-10 pW6 nan nan nan nan nan nan nan nan nan "Optimal parameters not found: Number of calls to function has reached maxfev = 1000."
21034 2007-11-10 pW7 11279.423053225593 0.0 0.0 273.07218779710894 0.0 0.0 4.855147474989754e-14 0.0 0.0 ""
21034 2007-11-23 pW6 16738.508606449188 0.0 0.0 83.68082765273925 0.0 0.0 5.7926118545776665e-15 0.0 0.0 ""
21034 2007-11-23 pW7 7314.407368372468 0.0 0.0 275.01244843279926 0.0 0.0 1.639372251666628e-14 0.0 0.0 ""
21034 2007-12-07 pW6 13244.65458181867 0.0 0.0 85.02711239241475 0.0 0.0 2.6464798071966372e-15 0.0 0.0 ""
21034 2007-12-07 pW7 9509.486824715843 0.0 0.0 192.7316638893771 0.0 0.0 6.205323394869336e-15 0.0 0.0 ""
21034 2007-12-09 pW6 13348.966771541795 0.0 0.0 50.55582401302871 0.0 0.0 1.5008408987424713e-15 0.0 0.0 ""
21034 2007-12-09 pW7 8615.442370308683 0.0 0.0 183.17285794900477 0.0 0.0 6.422222385354012e-15 0.0 0.0 ""
21042 2007-11-14 pW6 11513.299531428698 0.0 0.0 123.6351426679947 0.0 0.0 9.264295477834567e-16 0.0 0.0 ""
21042 2007-11-14 pW7 822.4596491263484 0.0 0.0 514.8847086695159 0.0 0.0 7.743027908514278e-15 0.0 0.0 ""
21062 2007-11-16 pW6 13286.074236567936 0.0 0.0 32.17004598438905 0.0 0.0 5.651361907130421e-16 0.0 0.0 ""
21062 2007-11-16 pW7 -921.282679751398 0.0 0.0 254.63063469332326 0.0 0.0 6.240341132935658e-15 0.0 0.0 ""
21064 2007-11-10 pW6 17565.85180000213 0.0 0.0 62.50122652174724 0.0 0.0 1.2085593983359636e-14 0.0 0.0 ""
21064 2007-11-10 pW7 -1036.3853501699882 0.0 0.0 406.2955951715136 0.0 0.0 1.0530157882618306e-13 0.0 0.0 ""
21064 2007-11-14 pW6 nan nan nan nan nan nan nan nan nan "Range too small. Please select a wider range"
21064 2007-11-14 pW7 nan nan nan nan nan nan nan nan nan "Range too small. Please select a wider range"
21064 2007-11-16 pW6 17474.141107064243 0.0 0.0 2.3486894850915405 0.0 0.0 1.2480878766046887e-16 0.0 0.0 ""
21064 2007-11-16 pW7 3368.430167434834 0.0 0.0 250.00003644620728 0.0 0.0 7.485193487303035e-15 0.0 0.0 ""
21362 2007-11-16 pW6 nan nan nan nan nan nan nan nan nan "Range too small. Please select a wider range"
21362 2007-11-16 pW7 nan nan nan nan nan nan nan nan nan "Range too small. Please select a wider range"
21362 2007-11-19 pW6 7195.778224449251 0.0 0.0 32.385305434451936 0.0 0.0 1.932899730749624e-15 0.0 0.0 ""
21362 2007-11-19 pW7 -10615.50129997716 0.0 0.0 308.84176991308067 0.0 0.0 2.0715443097666135e-14 0.0 0.0 ""
21362 2007-12-07 pW6 13487.273793275883 0.0 0.0 11.009892486803352 0.0 0.0 1.976771965813417e-16 0.0 0.0 ""
21362 2007-12-07 pW7 8654.038258937395 0.0 0.0 206.47838220591575 0.0 0.0 4.12831155196125e-15 0.0 0.0 ""
21422 2007-11-15 pW6 12251.592904285535 0.0 0.0 51.67205522315379 0.0 0.0 1.7708171790228228e-16 0.0 0.0 ""
21422 2007-11-15 pW7 -295005.88602645404 0.0 0.0 25074.102404791087 0.0 0.0 -9.06617221134453e-17 0.0 0.0 ""
21455 2007-12-08 pW6 11066.161470474766 0.0 0.0 2.5486903707937785 0.0 0.0 5.569001789214741e-17 0.0 0.0 ""
