results/spec_class/sdss_sako18spec_rv3_1_bin5_methavg_step0.ecsv
# %ECSV 0.9
# ---
# datatype:
# - {name: obj_id, datatype: string}
# - {name: sid, datatype: string}
# - {name: date, datatype: string}
# - {name: type, datatype: string}
# - {name: feat_name, datatype: string}
# - {name: vel, datatype: float64}
# - {name: vel_err, datatype: float64}
# - {name: vel_samperr, datatype: float64}
# - {name: pew, datatype: float64}
# - {name: pew_err, datatype: float64}
# - {name: pew_samperr, datatype: float64}
# - {name: area, datatype: float64}
# - {name: area_err, datatype: float64}
# - {name: area_samperr, datatype: float64}
# - {name: msg, datatype: string}
# schema: astropy-2.0
obj_id sid date type feat_name vel vel_err vel_samperr pew pew_err pew_samperr area area_err area_samperr msg
[from data line 1267]
4524 236 2005-12-25 Ia pW7 0.0 0.0 0.0 237.468297652285 0.0 0.0 1.3255811386236022e-13 0.0 0.0 ""
4524 236 2006-10-11 Ia-pec pW6 0.0 0.0 0.0 147.27799219322432 0.0 0.0 1.2502973122496046e-14 0.0 0.0 ""
4524 236 2006-10-11 Ia-pec pW7 0.0 0.0 0.0 504.8124029038616 0.0 0.0 8.766911284251179e-14 0.0 0.0 ""
4577 256 2005-10-08 Ia? pW6 0.0 0.0 0.0 114.58283912139547 0.0 0.0 1.024201145856181e-15 0.0 0.0 ""
4577 256 2005-10-08 Ia? pW7 0.0 0.0 0.0 414.52083305740405 0.0 0.0 7.693018774266206e-15 0.0 0.0 ""
4679 253 2005-10-08 Ia pW6 0.0 0.0 0.0 239.78070183758993 0.0 0.0 4.898400419333213e-15 0.0 0.0 ""
4679 253 2005-10-08 Ia pW7 0.0 0.0 0.0 411.5308375490033 0.0 0.0 1.3072009198981173e-14 0.0 0.0 ""
5103 679 2005-10-05 Ia pW6 0.0 0.0 0.0 154.57180161763665 0.0 0.0 9.332235701612101e-15 0.0 0.0 ""
5103 679 2005-10-05 Ia pW7 0.0 0.0 0.0 344.5301633249752 0.0 0.0 2.346619431484426e-14 0.0 0.0 ""
5183 257 2005-10-08 Ia pW6 0.0 0.0 0.0 136.04500051244506 0.0 0.0 1.370932570847743e-15 0.0 0.0 ""
5183 257 2005-10-08 Ia pW7 0.0 0.0 0.0 354.1716437739599 0.0 0.0 8.08302904243933e-15 0.0 0.0 ""
5350 296 2005-10-22 Ia pW6 0.0 0.0 0.0 23.936330320623767 0.0 0.0 2.9799859790580714e-15 0.0 0.0 ""
5350 296 2005-10-22 Ia pW7 0.0 0.0 0.0 96.62311869174664 0.0 0.0 1.1634098182413524e-14 0.0 0.0 ""
5391 345 2005-10-26 Ia pW6 0.0 0.0 0.0 59.712739176878785 0.0 0.0 2.512563267103194e-16 0.0 0.0 ""
5391 345 2005-10-26 Ia pW7 0.0 0.0 0.0 122.85879174589076 0.0 0.0 4.914229524173472e-16 0.0 0.0 ""
5395 2856 2005-10-23 Ia pW6 0.0 0.0 0.0 74.63970328577335 0.0 0.0 7.338310938157519e-15 0.0 0.0 ""
5395 2856 2005-10-23 Ia pW7 nan nan nan nan nan nan nan nan nan "Feature not in spectral wavelength range."
5533 340 2005-10-26 Ia pW6 0.0 0.0 0.0 34.76079886001219 0.0 0.0 3.436765034080956e-16 0.0 0.0 ""
5533 340 2005-10-26 Ia pW7 0.0 0.0 0.0 108.41749130620872 0.0 0.0 9.247546343394038e-16 0.0 0.0 ""
5549 2853 2005-10-22 Ia pW6 0.0 0.0 0.0 59.693765031459634 0.0 0.0 2.3944734119785142e-15 0.0 0.0 ""
5549 2853 2005-10-22 Ia pW7 nan nan nan nan nan nan nan nan nan "Feature not in spectral wavelength range."
5550 1658 2005-10-24 Ia pW6 0.0 0.0 0.0 38.71453398783089 0.0 0.0 1.803206120282033e-15 0.0 0.0 ""
5550 1658 2005-10-24 Ia pW7 0.0 0.0 0.0 137.7940435687932 0.0 0.0 5.84053371139932e-15 0.0 0.0 ""
5588 302 2005-10-27 Ia pW6 0.0 0.0 0.0 -3022.1172245326525 0.0 0.0 -3.360170367018925e-16 0.0 0.0 ""
5588 302 2005-10-27 Ia pW7 0.0 0.0 0.0 232.6995086127843 0.0 0.0 6.318832076216709e-15 0.0 0.0 ""
5635 312 2005-10-23 Ia pW6 0.0 0.0 0.0 95.35952979686192 0.0 0.0 5.283517980440129e-15 0.0 0.0 ""
5635 312 2005-10-23 Ia pW7 0.0 0.0 0.0 224.11293119797222 0.0 0.0 1.2826466262045677e-14 0.0 0.0 ""
5717 348 2005-10-27 Ia pW6 0.0 0.0 0.0 14.755365692716182 0.0 0.0 1.5928593523183913e-16 0.0 0.0 ""
5717 348 2005-10-27 Ia pW7 0.0 0.0 0.0 292.3814829261827 0.0 0.0 3.743436951639036e-15 0.0 0.0 ""
5736 303 2005-11-05 Ia pW6 0.0 0.0 0.0 62.26236652386123 0.0 0.0 2.6969076756139968e-15 0.0 0.0 ""
5736 303 2005-11-05 Ia pW7 0.0 0.0 0.0 325.1380006449059 0.0 0.0 2.007837391718763e-14 0.0 0.0 ""
5737 349 2005-10-27 Ia pW6 0.0 0.0 0.0 87.88580207255274 0.0 0.0 5.054388670563965e-16 0.0 0.0 ""
5737 349 2005-10-27 Ia pW7 nan nan nan nan nan nan nan nan nan "Feature not in spectral wavelength range."
5751 1659 2005-10-24 Ia pW6 0.0 0.0 0.0 16.951312391183478 0.0 0.0 7.0615883149917e-16 0.0 0.0 ""
5751 1659 2005-10-24 Ia pW7 0.0 0.0 0.0 149.5788581319439 0.0 0.0 6.449430874099515e-15 0.0 0.0 ""
5751 1659 2005-11-27 Ia pW6 0.0 0.0 0.0 17.98402793305712 0.0 0.0 3.6682917231105227e-16 0.0 0.0 ""
5751 1659 2005-11-27 Ia pW7 0.0 0.0 0.0 131.67011244699324 0.0 0.0 2.7747225236972134e-15 0.0 0.0 ""
5821 606 2005-10-25 Ia? pW6 0.0 0.0 0.0 280.67761816559903 0.0 0.0 1.1490521865711384e-14 0.0 0.0 ""
5821 606 2005-10-25 Ia? pW7 0.0 0.0 0.0 284.2491030971057 0.0 0.0 3.476759008989754e-14 0.0 0.0 ""
5821 606 2005-10-27 Ia? pW6 0.0 0.0 0.0 163.00561562657347 0.0 0.0 9.33186863173621e-15 0.0 0.0 ""
5821 606 2005-10-27 Ia? pW7 0.0 0.0 0.0 381.5074773158319 0.0 0.0 4.0674466109963426e-14 0.0 0.0 ""
5844 339 2005-10-26 Ia pW6 0.0 0.0 0.0 48.763668297500345 0.0 0.0 3.7442594458464717e-16 0.0 0.0 ""
5844 339 2005-10-26 Ia pW7 0.0 0.0 0.0 138.95041706186834 0.0 0.0 8.774181489216511e-16 0.0 0.0 ""
5916 381 2005-10-25 Ia pW6 0.0 0.0 0.0 51.20968147498701 0.0 0.0 1.056859457405509e-14 0.0 0.0 ""
5916 381 2005-10-25 Ia pW7 nan nan nan nan nan nan nan nan nan "Feature not in spectral wavelength range."
5916 381 2005-10-31 Ia pW6 0.0 0.0 0.0 23.963995809778197 0.0 0.0 1.6452049947872417e-15 0.0 0.0 ""
5916 381 2005-10-31 Ia pW7 0.0 0.0 0.0 159.4509580630306 0.0 0.0 1.3554836918643017e-14 0.0 0.0 ""
5944 535 2005-10-22 Ia pW6 0.0 0.0 0.0 4.64062976663439 0.0 0.0 1.649813581432846e-15 0.0 0.0 ""
5944 535 2005-10-22 Ia pW7 0.0 0.0 0.0 77.55899915752616 0.0 0.0 2.2078761418325978e-14 0.0 0.0 ""
5944 535 2005-10-24 Ia pW6 0.0 0.0 0.0 11.180540051760289 0.0 0.0 3.1824419328443793e-15 0.0 0.0 ""
5944 535 2005-10-24 Ia pW7 0.0 0.0 0.0 78.34682809740218 0.0 0.0 1.686895481724453e-14 0.0 0.0 ""
5944 535 2005-11-27 Ia pW6 0.0 0.0 0.0 60.379898841356976 0.0 0.0 2.0295442964515233e-15 0.0 0.0 ""
5944 535 2005-11-27 Ia pW7 0.0 0.0 0.0 225.1610887865831 0.0 0.0 9.148738249114023e-15 0.0 0.0 ""
5957 344 2005-10-26 Ia pW6 0.0 0.0 0.0 85.45521331713198 0.0 0.0 2.9490743545824976e-16 0.0 0.0 ""
5957 344 2005-10-26 Ia pW7 0.0 0.0 0.0 125.9670040985016 0.0 0.0 3.196364656022269e-16 0.0 0.0 ""
5966 307 2005-10-30 Ia pW6 0.0 0.0 0.0 133.1672564391559 0.0 0.0 3.366089494536146e-16 0.0 0.0 ""
5966 307 2005-10-30 Ia pW7 0.0 0.0 0.0 447.0218747156644 0.0 0.0 1.5563653418860975e-15 0.0 0.0 ""
5994 309 2005-10-23 Ia pW6 0.0 0.0 0.0 33.487734569019665 0.0 0.0 8.105368647095656e-16 0.0 0.0 ""
5994 309 2005-10-23 Ia pW7 0.0 0.0 0.0 176.26210247647305 0.0 0.0 3.400475391037604e-15 0.0 0.0 ""
6057 536 2005-10-23 Ia pW6 0.0 0.0 0.0 14.540579846454534 0.0 0.0 3.857046787787143e-15 0.0 0.0 ""
6057 536 2005-10-23 Ia pW7 0.0 0.0 0.0 245.9912413124258 0.0 0.0 7.02131612081744e-14 0.0 0.0 ""
6057 536 2005-11-26 Ia pW6 0.0 0.0 0.0 27.972962725930813 0.0 0.0 1.6026645113862675e-15 0.0 0.0 ""
6057 536 2005-11-26 Ia pW7 0.0 0.0 0.0 367.62816139719325 0.0 0.0 3.7113649196312465e-14 0.0 0.0 ""
6100 395 2005-11-04 Ia pW6 0.0 0.0 0.0 50.30555391992527 0.0 0.0 3.3890513860417522e-15 0.0 0.0 ""
6100 395 2005-11-04 Ia pW7 0.0 0.0 0.0 469.0554882634712 0.0 0.0 5.1608463520398153e-14 0.0 0.0 ""
6108 350 2005-10-28 Ia pW6 0.0 0.0 0.0 21.68910825639071 0.0 0.0 9.549740182606691e-17 0.0 0.0 ""
6108 350 2005-10-28 Ia pW7 0.0 0.0 0.0 313.27751895087795 0.0 0.0 1.6424561281912691e-15 0.0 0.0 ""
6127 362 2005-10-30 Ia pW6 0.0 0.0 0.0 128.336659202413 0.0 0.0 8.660913002208274e-16 0.0 0.0 ""
6127 362 2005-10-30 Ia pW7 0.0 0.0 0.0 457.0406112312843 0.0 0.0 4.077381511525885e-15 0.0 0.0 ""
6137 363 2005-11-02 Ia pW6 0.0 0.0 0.0 75.202885377814 0.0 0.0 1.7641959006322634e-14 0.0 0.0 ""
6137 363 2005-11-02 Ia pW7 0.0 0.0 0.0 269.5533141494152 0.0 0.0 5.979064958603358e-14 0.0 0.0 ""
6192 415 2005-11-05 Ia pW6 0.0 0.0 0.0 98.43168474323019 0.0 0.0 4.930191292889321e-15 0.0 0.0 ""
6192 415 2005-11-05 Ia pW7 0.0 0.0 0.0 340.5127906733551 0.0 0.0 1.7101718269157152e-14 0.0 0.0 ""
6196 352 2005-10-27 Ia pW6 0.0 0.0 0.0 28.47598537040591 0.0 0.0 2.5453843451770176e-16 0.0 0.0 ""
6196 352 2005-10-27 Ia pW7 0.0 0.0 0.0 127.04726229734416 0.0 0.0 1.200989415403884e-15 0.0 0.0 ""
6249 342 2005-10-28 Ia pW6 0.0 0.0 0.0 48.23311778951884 0.0 0.0 4.2888068136876247e-16 0.0 0.0 ""
6249 342 2005-10-28 Ia pW7 0.0 0.0 0.0 311.6044192110233 0.0 0.0 3.1958969709108317e-15 0.0 0.0 ""
6295 364 2005-11-07 Ia-pec pW6 0.0 0.0 0.0 34.027319086419254 0.0 0.0 1.3405795563179746e-15 0.0 0.0 ""
6295 364 2005-11-07 Ia-pec pW7 0.0 0.0 0.0 109.667056214745 0.0 0.0 4.147430679739908e-15 0.0 0.0 ""
6304 1663 2005-11-05 Ia pW6 0.0 0.0 0.0 13.925542688511996 0.0 0.0 0.14103112424956343 0.0 0.0 ""
6304 1663 2005-11-05 Ia pW7 0.0 0.0 0.0 160.34337748300823 0.0 0.0 1.4631156194345216 0.0 0.0 ""
6315 438 2005-11-01 Ia pW6 0.0 0.0 0.0 23.85414344591794 0.0 0.0 3.8485262925002565e-16 0.0 0.0 ""
6315 438 2005-11-01 Ia pW7 0.0 0.0 0.0 193.80937975207144 0.0 0.0 3.021105317753885e-15 0.0 0.0 ""
6315 438 2005-11-05 Ia pW6 0.0 0.0 0.0 6.820719681904478 0.0 0.0 0.07262249787497588 0.0 0.0 ""
6315 438 2005-11-05 Ia pW7 0.0 0.0 0.0 123.05630334992907 0.0 0.0 1.0364803228051418 0.0 0.0 ""
6406 539 2005-10-24 Ia pW6 0.0 0.0 0.0 20.072708173368085 0.0 0.0 6.790660097572621e-16 0.0 0.0 ""
6406 539 2005-10-24 Ia pW7 0.0 0.0 0.0 102.67867713247256 0.0 0.0 3.1997048262653394e-15 0.0 0.0 ""
6406 539 2005-11-26 Ia pW6 0.0 0.0 0.0 53.230746619517674 0.0 0.0 2.0697641692135585e-15 0.0 0.0 ""
6406 539 2005-11-26 Ia pW7 0.0 0.0 0.0 177.46508854970205 0.0 0.0 6.843212368334762e-15 0.0 0.0 ""
6422 310 2005-10-23 Ia pW6 0.0 0.0 0.0 19.49702127176431 0.0 0.0 2.49042911331488e-16 0.0 0.0 ""
6422 310 2005-10-23 Ia pW7 0.0 0.0 0.0 124.87282863818746 0.0 0.0 1.7730761253492393e-15 0.0 0.0 ""
6649 439 2005-11-01 Ia pW6 0.0 0.0 0.0 105.42085855201154 0.0 0.0 9.863285146558873e-16 0.0 0.0 ""
6649 439 2005-11-01 Ia pW7 0.0 0.0 0.0 274.7256218290883 0.0 0.0 3.587561655278392e-15 0.0 0.0 ""
6649 439 2005-11-05 Ia pW6 0.0 0.0 0.0 18.480812184022682 0.0 0.0 0.09981850288025496 0.0 0.0 ""
6649 439 2005-11-05 Ia pW7 0.0 0.0 0.0 190.7045596075173 0.0 0.0 0.7325399609358517 0.0 0.0 ""
6696 394 2005-10-31 Ia? pW6 0.0 0.0 0.0 65.37591835758403 0.0 0.0 3.7272926833699387e-16 0.0 0.0 ""
6696 394 2005-10-31 Ia? pW7 0.0 0.0 0.0 632.9631521511159 0.0 0.0 8.965780767094697e-15 0.0 0.0 ""
6699 371 2005-10-28 Ia pW6 0.0 0.0 0.0 71.86929740064204 0.0 0.0 4.0805346168406012e-16 0.0 0.0 ""
6699 371 2005-10-28 Ia pW7 0.0 0.0 0.0 135.73481017308643 0.0 0.0 6.304933372433322e-16 0.0 0.0 ""
6699 371 2005-11-05 Ia pW6 0.0 0.0 0.0 20.788556560327322 0.0 0.0 0.16189186650183918 0.0 0.0 ""
6699 371 2005-11-05 Ia pW7 0.0 0.0 0.0 134.01864619469228 0.0 0.0 1.029798279173952 0.0 0.0 ""
6773 386 2005-10-31 Ia pW6 0.0 0.0 0.0 7.10839971463993 0.0 0.0 3.947609505079598e-15 0.0 0.0 ""
6773 386 2005-10-31 Ia pW7 0.0 0.0 0.0 40.773836734786755 0.0 0.0 2.079376155293374e-14 0.0 0.0 ""
6777 424 2005-10-30 Ia pW6 0.0 0.0 0.0 222.80828787197444 0.0 0.0 7.133311292793478e-15 0.0 0.0 ""
6777 424 2005-10-30 Ia pW7 0.0 0.0 0.0 269.8563465171095 0.0 0.0 1.3941399502435695e-14 0.0 0.0 ""
6780 367 2005-11-01 Ia pW6 0.0 0.0 0.0 124.95410276689057 0.0 0.0 1.153407267838576e-15 0.0 0.0 ""
6780 367 2005-11-01 Ia pW7 0.0 0.0 0.0 359.9187326932263 0.0 0.0 4.876498087679339e-15 0.0 0.0 ""
6852 396 2005-10-31 Ia? pW6 0.0 0.0 0.0 -238.66437139640277 0.0 0.0 -4.0825617322052617e-16 0.0 0.0 ""
6852 396 2005-10-31 Ia? pW7 0.0 0.0 0.0 318.69593257158294 0.0 0.0 4.933745143414519e-15 0.0 0.0 ""
6924 397 2005-10-31 Ia pW6 0.0 0.0 0.0 197.91767760120203 0.0 0.0 2.081431485116782e-15 0.0 0.0 ""
6924 397 2005-10-31 Ia pW7 0.0 0.0 0.0 400.8451426866966 0.0 0.0 5.687198419522217e-15 0.0 0.0 ""
6933 405 2005-11-02 Ia pW6 0.0 0.0 0.0 73.46412975949784 0.0 0.0 1.3503582399312425e-15 0.0 0.0 ""
6933 405 2005-11-02 Ia pW7 0.0 0.0 0.0 172.04824259821385 0.0 0.0 2.3233384781733e-15 0.0 0.0 ""
6933 405 2005-11-05 Ia pW6 0.0 0.0 0.0 20.31802568207428 0.0 0.0 0.2168176232805874 0.0 0.0 ""
6933 405 2005-11-05 Ia pW7 0.0 0.0 0.0 84.74666243225931 0.0 0.0 0.7339791789364343 0.0 0.0 ""
6936 446 2005-11-05 Ia pW6 0.0 0.0 0.0 20.464387458593364 0.0 0.0 0.5464655905921418 0.0 0.0 ""
6936 446 2005-11-05 Ia pW7 0.0 0.0 0.0 142.197308020469 0.0 0.0 3.6672461422821723 0.0 0.0 ""
6962 387 2005-11-02 Ia? pW6 0.0 0.0 0.0 27.22273759261114 0.0 0.0 3.539693434448825e-15 0.0 0.0 ""
6962 387 2005-11-02 Ia? pW7 0.0 0.0 0.0 71.73721661623199 0.0 0.0 8.702457278424995e-15 0.0 0.0 ""
6968 508 2005-11-24 Ia? pW6 0.0 0.0 0.0 43.02522493891149 0.0 0.0 5.191431697554871e-15 0.0 0.0 ""
6968 508 2005-11-24 Ia? pW7 0.0 0.0 0.0 152.70782026749134 0.0 0.0 1.8306760709856097e-14 0.0 0.0 ""
7017 805 2006-10-02 Ia pW6 0.0 0.0 0.0 83.02266000853632 0.0 0.0 1.4837629287777781e-15 0.0 0.0 ""
7017 805 2006-10-02 Ia pW7 0.0 0.0 0.0 362.1047493938621 0.0 0.0 1.2343130081956778e-14 0.0 0.0 ""
7143 414 2005-11-01 Ia pW6 0.0 0.0 0.0 136.00653370940327 0.0 0.0 1.076393362779883e-15 0.0 0.0 ""
7143 414 2005-11-01 Ia pW7 0.0 0.0 0.0 200.12773183596858 0.0 0.0 1.436727981160551e-15 0.0 0.0 ""
7147 1654 2005-11-03 Ia pW6 0.0 0.0 0.0 27.75056277387523 0.0 0.0 4.027303004011373e-15 0.0 0.0 ""
7147 1654 2005-11-03 Ia pW7 0.0 0.0 0.0 49.34077646856224 0.0 0.0 6.5160343880253576e-15 0.0 0.0 ""
7147 1654 2005-11-05 Ia pW6 0.0 0.0 0.0 3.9350567073676643 0.0 0.0 0.2851459300792314 0.0 0.0 ""
7147 1654 2005-11-05 Ia pW7 0.0 0.0 0.0 49.70409984730003 0.0 0.0 3.520659597206233 0.0 0.0 ""
722 58 2005-09-09 Ia pW6 0.0 0.0 0.0 42.467230461061206 0.0 0.0 3.742022269233611e-15 0.0 0.0 ""
722 58 2005-09-09 Ia pW7 0.0 0.0 0.0 112.29934848089556 0.0 0.0 1.0588880515236582e-14 0.0 0.0 ""
7243 447 2005-11-05 Ia pW6 0.0 0.0 0.0 14.734266478209037 0.0 0.0 0.2563918305628565 0.0 0.0 ""
7243 447 2005-11-05 Ia pW7 0.0 0.0 0.0 153.8386899981117 0.0 0.0 2.468471653564851 0.0 0.0 ""
7335 492 2005-11-09 Ia? pW6 0.0 0.0 0.0 187.55828337830548 0.0 0.0 2.9850513687735177e-15 0.0 0.0 ""
7335 492 2005-11-09 Ia? pW7 0.0 0.0 0.0 191.56481890157755 0.0 0.0 2.6948145256557005e-15 0.0 0.0 ""
739 59 2005-09-09 Ia pW6 0.0 0.0 0.0 34.60918808117171 0.0 0.0 2.9403078732236243e-15 0.0 0.0 ""
739 59 2005-09-09 Ia pW7 0.0 0.0 0.0 64.49841247423115 0.0 0.0 5.384603919052473e-15 0.0 0.0 ""
744 60 2005-09-08 Ia pW6 0.0 0.0 0.0 61.825009474712544 0.0 0.0 3.2591242581511893e-15 0.0 0.0 ""
744 60 2005-09-08 Ia pW7 0.0 0.0 0.0 77.12346449717052 0.0 0.0 3.394570337303818e-15 0.0 0.0 ""
7473 443 2005-11-04 Ia pW6 0.0 0.0 0.0 45.25214539412855 0.0 0.0 8.923267975999181e-16 0.0 0.0 ""
7473 443 2005-11-04 Ia pW7 nan nan nan nan nan nan nan nan nan "Feature not in spectral wavelength range."
7473 443 2005-11-05 Ia pW6 0.0 0.0 0.0 13.921885599212828 0.0 0.0 0.14780098888427107 0.0 0.0 ""
7473 443 2005-11-05 Ia pW7 0.0 0.0 0.0 79.6855953946773 0.0 0.0 0.7381311043469161 0.0 0.0 ""
7475 418 2005-11-05 Ia pW6 0.0 0.0 0.0 22.317552933391312 0.0 0.0 0.10128642205252858 0.0 0.0 ""
7475 418 2005-11-05 Ia pW7 0.0 0.0 0.0 151.13697124264138 0.0 0.0 0.6128767261170585 0.0 0.0 ""
7512 449 2005-11-05 Ia pW6 0.0 0.0 0.0 50.57380243850602 0.0 0.0 0.21471428214614063 0.0 0.0 ""
7512 449 2005-11-05 Ia pW7 0.0 0.0 0.0 126.45240380640968 0.0 0.0 0.3758836876238534 0.0 0.0 ""
762 61 2005-09-09 Ia pW6 0.0 0.0 0.0 16.45916635220277 0.0 0.0 5.882225965756671e-16 0.0 0.0 ""
762 61 2005-09-09 Ia pW7 0.0 0.0 0.0 115.87038886252697 0.0 0.0 4.1413674779077375e-15 0.0 0.0 ""
774 62 2005-09-09 Ia pW6 0.0 0.0 0.0 32.02807226088231 0.0 0.0 3.109677720507894e-15 0.0 0.0 ""
774 62 2005-09-09 Ia pW7 0.0 0.0 0.0 79.8986493306445 0.0 0.0 8.005230040871801e-15 0.0 0.0 ""
7779 430 2005-11-05 Ia pW6 0.0 0.0 0.0 106.55225290667227 0.0 0.0 7.983425285857595e-15 0.0 0.0 ""
7779 430 2005-11-05 Ia pW7 0.0 0.0 0.0 400.0283875534592 0.0 0.0 3.5366428618132944e-14 0.0 0.0 ""
7847 450 2005-11-05 Ia pW6 0.0 0.0 0.0 14.677073235826981 0.0 0.0 0.4485332603467507 0.0 0.0 ""
7847 450 2005-11-05 Ia pW7 0.0 0.0 0.0 123.75735188787348 0.0 0.0 3.614842626482904 0.0 0.0 ""
7876 435 2005-11-02 Ia pW6 0.0 0.0 0.0 -2.0317115159623995 0.0 0.0 -2.972206312321341e-16 0.0 0.0 ""
7876 435 2005-11-02 Ia pW7 0.0 0.0 0.0 41.01059017134827 0.0 0.0 6.409405693543613e-15 0.0 0.0 ""
7876 435 2005-11-06 Ia pW6 0.0 0.0 0.0 31.492347533976385 0.0 0.0 4.622920068747841e-15 0.0 0.0 ""
7876 435 2005-11-06 Ia pW7 0.0 0.0 0.0 243.99351773606264 0.0 0.0 3.601211126344721e-14 0.0 0.0 ""
7947 420 2005-11-03 Ia? pW6 0.0 0.0 0.0 93.19973824083401 0.0 0.0 2.4635461634916864e-15 0.0 0.0 ""
7947 420 2005-11-03 Ia? pW7 0.0 0.0 0.0 440.07523433057395 0.0 0.0 1.88945211542645e-14 0.0 0.0 ""
