results/spec_class/sdss_sako18spec_rv3_1_bin5_methavg_step5.ecsv
# %ECSV 0.9
# ---
# datatype:
# - {name: obj_id, datatype: string}
# - {name: sid, datatype: string}
# - {name: date, datatype: string}
# - {name: type, datatype: string}
# - {name: feat_name, datatype: string}
# - {name: vel, datatype: float64}
# - {name: vel_err, datatype: float64}
# - {name: vel_samperr, datatype: float64}
# - {name: pew, datatype: float64}
# - {name: pew_err, datatype: float64}
# - {name: pew_samperr, datatype: float64}
# - {name: area, datatype: float64}
# - {name: area_err, datatype: float64}
# - {name: area_samperr, datatype: float64}
# - {name: msg, datatype: string}
# schema: astropy-2.0
obj_id sid date type feat_name vel vel_err vel_samperr pew pew_err pew_samperr area area_err area_samperr msg
[from data line 851]
18959 2242 2007-10-16 Ia? pW7 0.0 0.0 0.0 154.6606154882909 0.0 1896.8328709305154 9.77625217087793e-16 0.0 6.7479734902358056e-15 ""
18965 2279 2007-10-17 Ia pW6 0.0 0.0 0.0 0.790986835571937 0.0 10.50725891617936 3.275897862899571e-17 0.0 2.4977635907838465e-16 ""
18965 2279 2007-10-17 Ia pW7 0.0 0.0 0.0 77.71271369140128 0.0 42.808508669501514 2.2135945565345846e-15 0.0 1.3764859102186637e-15 ""
19002 2240 2007-10-16 Ia pW6 0.0 0.0 0.0 0.9956722866663527 0.0 9.544559812757157 9.240091243140794e-17 0.0 4.3097705395789753e-16 ""
19002 2240 2007-10-16 Ia pW7 0.0 0.0 0.0 36.10435384774367 0.0 84.13741915857582 2.205004727138317e-15 0.0 3.4509183147990077e-15 ""
19003 2290 2007-10-14 Ia pW6 0.0 0.0 0.0 3.1773317838165287 0.0 3.7005607534557696 3.0928380280157913e-16 0.0 3.5096119037183104e-16 ""
19003 2290 2007-10-14 Ia pW7 0.0 0.0 0.0 77.77031368643922 0.0 33.7763685052661 8.244810417483646e-15 0.0 4.198832533640318e-15 ""
19003 2290 2007-10-16 Ia pW6 0.0 0.0 0.0 0.11761611244746661 0.0 6.854259596149873 3.5234142727392374e-17 0.0 6.487076755174976e-16 ""
19003 2290 2007-10-16 Ia pW7 0.0 0.0 0.0 71.58812723759743 0.0 40.76217923263496 7.750242287815291e-15 0.0 5.029252351043676e-15 ""
19008 2284 2007-10-17 Ia pW6 0.0 0.0 0.0 -2.1239991454500164 0.0 16.78178912409967 -1.8412934918558267e-17 0.0 3.846427839028838e-16 ""
19008 2284 2007-10-17 Ia pW7 0.0 0.0 0.0 13.500787514444552 0.0 31.21601899669242 3.5630608746311733e-16 0.0 7.516839241067912e-16 ""
19023 2236 2007-10-15 Ia pW6 0.0 0.0 0.0 -43.80279350348014 0.0 98.93931597993824 -3.80563313449698e-17 0.0 2.597368622951034e-16 ""
19023 2236 2007-10-15 Ia pW7 0.0 0.0 0.0 -83.39805713045313 0.0 413.4105194202794 4.857426454456936e-16 0.0 9.928549139025602e-16 ""
19025 2264 2007-10-16 Ia pW6 0.0 0.0 0.0 -844.487492476202 0.0 12169.272959029788 1.0879757266784498e-15 0.0 3.143937950158027e-15 ""
19025 2264 2007-10-16 Ia pW7 0.0 0.0 0.0 -47.0262300525492 0.0 1591.6795689394528 2.7504496977415137e-15 0.0 3.5246419221115488e-15 ""
19027 2294 2007-10-16 Ia pW6 0.0 0.0 0.0 -1.6514169910420546 0.0 21.29182890068579 0.00515400519299285 0.0 0.1880842501888992 ""
19027 2294 2007-10-16 Ia pW7 0.0 0.0 0.0 73.33252106813998 0.0 66.84065095512614 0.7397223512501141 0.0 0.7108875425301544 ""
19029 2272 2007-10-14 Ia pW6 0.0 0.0 0.0 4.839979718965488 0.0 18.199755573247096 0.06520295029907273 0.0 0.20153081116909438 ""
19029 2272 2007-10-14 Ia pW7 0.0 0.0 0.0 142.82446817762025 0.0 81.07722111769078 2.065904708090513 0.0 1.8640978636027363 ""
19033 2257 2007-10-30 Ia pW6 0.0 0.0 0.0 -18.770833363486293 0.0 171.44419434390662 1.223939971183675e-15 0.0 2.6679318485746897e-15 ""
19033 2257 2007-10-30 Ia pW7 0.0 0.0 0.0 -1081.368907633551 0.0 8468.168460056366 2.2351020028227435e-15 0.0 7.296319715300533e-15 ""
19051 2297 2007-10-17 Ia pW6 0.0 0.0 0.0 -2.7304467171403224 0.0 23.86299272431585 -2.934897746826559e-17 0.0 9.441161406079711e-16 ""
19051 2297 2007-10-17 Ia pW7 0.0 0.0 0.0 1.1728678230269978 0.0 35.693922495570675 1.6815735964731665e-16 0.0 1.3846087199045023e-15 ""
19067 2262 2007-11-02 Ia? pW6 0.0 0.0 0.0 -235.100357048707 0.0 1071.1031712647816 3.740636106060852e-16 0.0 1.4920965450779982e-15 ""
19067 2262 2007-11-02 Ia? pW7 0.0 0.0 0.0 3636.0103246379776 0.0 58694.933067860955 6.552835349148463e-17 0.0 9.034676776432076e-15 ""
19070 2256 2007-10-16 Ia pW6 0.0 0.0 0.0 -50.317619312375435 0.0 115.97936747488792 -2.0628250634764034e-16 0.0 9.354555693606598e-16 ""
19070 2256 2007-10-16 Ia pW7 0.0 0.0 0.0 -403.6640140164549 0.0 4346.916790478577 1.8033204024125684e-15 0.0 7.999744369414005e-15 ""
19101 2268 2007-10-15 Ia pW6 0.0 0.0 0.0 -12.43124686224968 0.0 106.48345829368883 1.1432647096071785e-16 0.0 4.032578492609931e-16 ""
19101 2268 2007-10-15 Ia pW7 0.0 0.0 0.0 100.2684804510831 0.0 126.43899131907803 7.349033944751668e-16 0.0 6.612164526116008e-16 ""
19128 2273 2007-10-14 Ia pW6 0.0 0.0 0.0 4.852646242121398 0.0 10.876176995319033 0.04686260434807688 0.0 0.09912948759263546 ""
19128 2273 2007-10-14 Ia pW7 0.0 0.0 0.0 109.35451864950544 0.0 58.86393882750733 0.9317318976238863 0.0 0.5650280778603075 ""
19149 2275 2007-10-17 Ia pW6 0.0 0.0 0.0 5.845287420062377 0.0 8.880002021244914 7.014232982229639e-17 0.0 1.0077422749395e-16 ""
19149 2275 2007-10-17 Ia pW7 0.0 0.0 0.0 9.283080958133647 0.0 40.45793502637519 1.412457462319446e-16 0.0 3.2467304371396715e-16 ""
19155 2286 2007-10-14 Ia pW6 0.0 0.0 0.0 3.6997641002771875 0.0 8.320814848531834 1.6383668030665052e-16 0.0 3.311768565920649e-16 ""
19155 2286 2007-10-14 Ia pW7 0.0 0.0 0.0 76.6153205877019 0.0 49.86032543694115 3.1031386071890705e-15 0.0 2.2131343378512432e-15 ""
19155 2286 2007-10-19 Ia pW6 0.0 0.0 0.0 0.005412594638802976 0.0 10.826306553256135 1.219001846167852e-16 0.0 1.8146000211469974e-15 ""
19155 2286 2007-10-19 Ia pW7 0.0 0.0 0.0 44.28298778372342 0.0 49.540322403083294 7.39002886010865e-15 0.0 7.794119324352809e-15 ""
19155 2286 2007-11-11 Ia pW6 0.0 0.0 0.0 42.47864792530638 0.0 7.858067873943373 6.639927218464821e-15 0.0 1.4928273564567481e-15 ""
19155 2286 2007-11-11 Ia pW7 0.0 0.0 0.0 67.2002106455091 0.0 13.29536154930771 8.748133087018556e-15 0.0 2.189972050281627e-15 ""
19155 2286 2007-11-16 Ia pW6 0.0 0.0 0.0 78.79073240174172 0.0 8.52609741956455 8.763121116670258e-15 0.0 1.2510126141405026e-15 ""
19155 2286 2007-11-16 Ia pW7 0.0 0.0 0.0 149.88435956692365 0.0 19.660200579848585 1.6578523609774385e-14 0.0 2.610196640981311e-15 ""
19155 2286 2007-11-17 Ia pW6 0.0 0.0 0.0 16.983532852187242 0.0 9.917168763551581 9.73657765271989e-16 0.0 5.851766321735004e-16 ""
19155 2286 2007-11-17 Ia pW7 0.0 0.0 0.0 122.40062161588786 0.0 84.1510548913155 8.975310344390368e-15 0.0 8.05461366496461e-15 ""
19155 2286 2007-12-03 Ia pW6 0.0 0.0 0.0 36.24829417377064 0.0 7.167719669879566 7.076542286142187e-15 0.0 1.598826144544258e-15 ""
19155 2286 2007-12-03 Ia pW7 0.0 0.0 0.0 190.6231990266222 0.0 39.80883013983272 2.4667058274790057e-14 0.0 7.19667638502329e-15 ""
19155 2286 2007-12-07 Ia pW6 0.0 0.0 0.0 35.94629609469458 0.0 7.074661346995449 1.6782437799925259e-15 0.0 3.7634444427673915e-16 ""
19155 2286 2007-12-07 Ia pW7 0.0 0.0 0.0 163.56190338676524 0.0 32.811705296401044 7.511656661622457e-15 0.0 2.008806327239564e-15 ""
19174 2316 2007-11-04 Ia pW6 0.0 0.0 0.0 15.355547933837817 0.0 8.272337613738427 1.3458617806216285e-15 0.0 7.687831680458511e-16 ""
19174 2316 2007-11-04 Ia pW7 0.0 0.0 0.0 19.078145163140526 0.0 15.81654385156929 1.6091378629865745e-15 0.0 1.3637534166768413e-15 ""
19207 2344 2007-10-19 Ia pW6 0.0 0.0 0.0 19.530275129886707 0.0 19.142030357407045 1.1865126194915187e-16 0.0 1.121971821174388e-16 ""
19207 2344 2007-10-19 Ia pW7 0.0 0.0 0.0 120.10152292947596 0.0 133.17764380557705 1.3741377069173447e-15 0.0 2.2737382923297694e-15 ""
19211 2302 2007-10-31 Ia pW6 0.0 0.0 0.0 26.624552702292387 0.0 114.82638560800049 1.2913225725863897e-15 0.0 2.0240266317117517e-15 ""
19211 2302 2007-10-31 Ia pW7 0.0 0.0 0.0 -268.4878806062742 0.0 764.614906028312 3.6858291115003637e-16 0.0 2.793200170747037e-15 ""
19220 2389 2007-11-04 Ia? pW6 0.0 0.0 0.0 1.3670889082962652 0.0 17.357643230930492 2.7457011399317147e-16 0.0 1.8765384006368965e-15 ""
19220 2389 2007-11-04 Ia? pW7 0.0 0.0 0.0 14.984063580152291 0.0 39.82655680551195 2.0476870904797892e-15 0.0 4.487170186601082e-15 ""
19230 2282 2007-10-15 Ia pW6 0.0 0.0 0.0 -0.5253091436006124 0.0 16.41937652033324 1.5593615221147236e-17 0.0 2.637866303051015e-16 ""
19230 2282 2007-10-15 Ia pW7 0.0 0.0 0.0 32.529520440372785 0.0 50.26742625691345 5.971916781880115e-16 0.0 8.529083167935109e-16 ""
19282 2280 2007-10-15 Ia pW6 0.0 0.0 0.0 30.62019041753239 0.0 39.11989449334123 2.191449547345888e-16 0.0 2.3822049403802284e-16 ""
19282 2280 2007-10-15 Ia pW7 0.0 0.0 0.0 87.61431638091925 0.0 88.518906826671 5.931219254953788e-16 0.0 4.885798210684215e-16 ""
19341 2298 2007-10-17 Ia pW6 0.0 0.0 0.0 7.610560893938202 0.0 11.23931491930176 7.267757931769698e-17 0.0 9.299337768478415e-17 ""
19341 2298 2007-10-17 Ia pW7 0.0 0.0 0.0 78.26202349172239 0.0 35.006230388695585 6.857791420574891e-16 0.0 3.7296425201210153e-16 ""
19353 2281 2007-10-17 Ia pW6 0.0 0.0 0.0 6.706078591160059 0.0 6.582853013226371 1.6385902985976128e-16 0.0 1.5640887404465835e-16 ""
19353 2281 2007-10-17 Ia pW7 0.0 0.0 0.0 57.90990849442367 0.0 61.55909550767573 1.4683556708641433e-15 0.0 1.5710452715596043e-15 ""
19365 2329 2007-11-03 Ia? pW6 0.0 0.0 0.0 9.846296530466805 0.0 13.078926086489743 7.283770712069462e-17 0.0 9.194966141646128e-17 ""
19365 2329 2007-11-03 Ia? pW7 0.0 0.0 0.0 29.322717639504596 0.0 51.91662539661528 2.7543816374208795e-16 0.0 4.4215539049478836e-16 ""
19381 2283 2007-10-17 Ia pW6 0.0 0.0 0.0 15.278828913405144 0.0 35.93885204807093 1.500140122625799e-16 0.0 2.801753616094888e-16 ""
19381 2283 2007-10-17 Ia pW7 0.0 0.0 0.0 102.65092383829607 0.0 37.116377376945124 7.533648829067446e-16 0.0 3.812596839475844e-16 ""
19389 2304 2007-10-19 Ia? pW6 0.0 0.0 0.0 402.1822139801095 0.0 4613.610308924583 -9.672956521692376e-17 0.0 1.0556711605805936e-15 ""
19389 2304 2007-10-19 Ia? pW7 0.0 0.0 0.0 596.7384150223139 0.0 1849.6936824058905 -7.71997553563152e-16 0.0 6.023649424760906e-15 ""
19425 2332 2007-11-03 Ia? pW6 0.0 0.0 0.0 3.7540782384111884 0.0 11.213080302668487 4.32311526443716e-16 0.0 1.1481572154383473e-15 ""
19425 2332 2007-11-03 Ia? pW7 0.0 0.0 0.0 27.023173711951166 0.0 27.189836178511207 2.8523886218899033e-15 0.0 2.8256904048567017e-15 ""
19543 2357 2007-10-27 Ia pW6 0.0 0.0 0.0 26.89460522744559 0.0 30.547427329651313 1.86757335856148e-15 0.0 1.9721162140500873e-15 ""
19543 2357 2007-10-27 Ia pW7 nan nan nan nan nan nan nan nan nan "Feature not in spectral wavelength range."
19596 2333 2007-11-08 Ia pW6 0.0 0.0 0.0 -115.18068261648784 0.0 402.40930557720156 2.61463590948476e-16 0.0 8.547430695215405e-16 ""
19596 2333 2007-11-08 Ia pW7 0.0 0.0 0.0 -319.77240823300906 0.0 10563.805420975606 1.4202782036966545e-15 0.0 2.318181425838995e-15 ""
19604 2380 2007-10-31 Ia pW6 0.0 0.0 0.0 67.9395542797579 0.0 49.95071340888034 3.7766023911311693e-16 0.0 3.500206848896935e-16 ""
19604 2380 2007-10-31 Ia pW7 0.0 0.0 0.0 -7.047422811287079 0.0 640.103948439551 8.046884957971796e-16 0.0 9.682890443589008e-16 ""
19616 2359 2007-10-28 Ia pW6 0.0 0.0 0.0 4.101050456785816 0.0 92.05683627555266 7.949044081156054e-16 0.0 2.075249689091559e-15 ""
19616 2359 2007-10-28 Ia pW7 nan nan nan nan nan nan nan nan nan "Feature not in spectral wavelength range."
19625 2387 2007-11-07 Ia? pW6 0.0 0.0 0.0 -21.23527301191829 0.0 79.60186104722408 1.7624838877395817e-16 0.0 2.4924890006184218e-15 ""
19625 2387 2007-11-07 Ia? pW7 0.0 0.0 0.0 6.5891723116484275 0.0 182.92722825391328 3.0108619864079008e-15 0.0 5.461302633710997e-15 ""
19626 2428 2007-11-04 Ia pW6 0.0 0.0 0.0 1.0130884606258348 0.0 9.233422351317609 9.92284332046383e-17 0.0 6.275647645864817e-16 ""
19626 2428 2007-11-04 Ia pW7 0.0 0.0 0.0 126.44921427490816 0.0 118.9753553787884 1.441825846883409e-14 0.0 1.8045620593254358e-14 ""
19632 2369 2007-11-05 Ia pW6 0.0 0.0 0.0 2.4696704214942393 0.0 9.527842310747259 1.523038239974701e-16 0.0 4.844959144116215e-16 ""
19632 2369 2007-11-05 Ia pW7 0.0 0.0 0.0 86.06431901136033 0.0 55.3674084380217 4.9617925121536195e-15 0.0 3.5223363763779276e-15 ""
19658 2412 2007-11-05 Ia pW6 0.0 0.0 0.0 7.675508590729522 0.0 11.402402596651681 1.04831008210332e-16 0.0 1.483984789511492e-16 ""
19658 2412 2007-11-05 Ia pW7 nan nan nan nan nan nan nan nan nan "Feature not in spectral wavelength range."
19702 2438 2007-11-10 Ia pW6 0.0 0.0 0.0 6.3012709299395 0.0 37.7826501192706 9.576096589967473e-16 0.0 2.9168625922783646e-15 ""
19702 2438 2007-11-10 Ia pW7 0.0 0.0 0.0 54.28853940982219 0.0 222.24788796147715 1.092265231475901e-14 0.0 1.550593814650038e-14 ""
19757 2386 2007-11-05 Ia pW6 0.0 0.0 0.0 19.259387116730892 0.0 589.482216913022 6.552089715285411e-16 0.0 1.1366614965461537e-15 ""
19757 2386 2007-11-05 Ia pW7 0.0 0.0 0.0 1121.0644032643008 0.0 6979.257304658259 1.178852396876147e-15 0.0 3.9263787667430055e-15 ""
19775 2945 2007-11-03 Ia pW6 0.0 0.0 0.0 0.5940566423095689 0.0 12.25367643927251 5.645095209224182e-17 0.0 5.056149255436922e-16 ""
19775 2945 2007-11-03 Ia pW7 0.0 0.0 0.0 81.68133584847847 0.0 63.3397752751909 3.968175806549488e-15 0.0 3.385528216900104e-15 ""
19794 2384 2007-11-04 Ia pW6 0.0 0.0 0.0 52.07154534612642 0.0 19.553249995470377 3.459840984139973e-16 0.0 1.5223970858619406e-16 ""
19794 2384 2007-11-04 Ia pW7 0.0 0.0 0.0 255.55721834912248 0.0 1565.9800936578588 4.866654240063734e-16 0.0 1.0270438005105213e-15 ""
19818 2381 2007-11-04 Ia pW6 0.0 0.0 0.0 -9.903667799709241 0.0 46.30565791353732 -6.642546813770392e-17 0.0 1.4614013020439846e-15 ""
19818 2381 2007-11-04 Ia pW7 0.0 0.0 0.0 124.46884550114535 0.0 102.87601063846081 6.241585946422162e-15 0.0 6.5167277111837135e-15 ""
19899 2851 2007-11-12 Ia pW6 0.0 0.0 0.0 1.885255344675949 0.0 1.4257894704891403 2.399744099439373e-16 0.0 1.8283571065607566e-16 ""
19899 2851 2007-11-12 Ia pW7 0.0 0.0 0.0 54.70675960333451 0.0 5.783745745450858 5.466290073293467e-15 0.0 6.890083442653544e-16 ""
19899 2851 2007-11-15 Ia pW6 0.0 0.0 0.0 1.733412186638046 0.0 3.589560341513079 2.426900294347508e-16 0.0 5.046041482430908e-16 ""
19899 2851 2007-11-15 Ia pW7 0.0 0.0 0.0 62.31269014987391 0.0 15.111138313378357 6.942610283934864e-15 0.0 2.1601927477369955e-15 ""
19899 2851 2007-11-23 Ia pW6 0.0 0.0 0.0 8.403215708169748 0.0 14.203432425371833 9.169843477173321e-16 0.0 1.4049369614539563e-15 ""
19899 2851 2007-11-23 Ia pW7 0.0 0.0 0.0 45.4815428626741 0.0 68.8602227730944 3.929601292250899e-15 0.0 5.84815109223058e-15 ""
19899 2851 2007-12-03 Ia pW6 0.0 0.0 0.0 26.35997295020743 0.0 80.34440512679627 7.88473093098828e-16 0.0 1.073869041516883e-15 ""
19899 2851 2007-12-03 Ia pW7 0.0 0.0 0.0 305.16303304321946 0.0 132.95559749134407 3.289226160231614e-15 0.0 2.978774823557306e-15 ""
19913 2585 2007-11-14 Ia pW6 0.0 0.0 0.0 41.90203930686375 0.0 10.32304967518396 4.361302663740769e-16 0.0 1.23359649270959e-16 ""
19913 2585 2007-11-14 Ia pW7 0.0 0.0 0.0 166.91617031647036 0.0 101.20664622718469 2.2222935202833267e-15 0.0 1.934183814778132e-15 ""
19940 2404 2007-11-03 Ia pW6 0.0 0.0 0.0 7.201722018303644 0.0 8.914724276789746 2.515131202388191e-16 0.0 3.0328654361176034e-16 ""
19940 2404 2007-11-03 Ia pW7 0.0 0.0 0.0 45.844550438135414 0.0 28.523234925339246 1.2480549759057e-15 0.0 8.41013214779731e-16 ""
19953 2700 2007-11-03 Ia pW6 0.0 0.0 0.0 0.023097597002303297 0.0 3.071271389820567 5.595574935053466e-18 0.0 1.363943971504518e-16 ""
19953 2700 2007-11-03 Ia pW7 0.0 0.0 0.0 52.095153233342536 0.0 12.916976895226936 1.87547718053942e-15 0.0 5.336139116834046e-16 ""
19953 2700 2007-11-15 Ia pW6 0.0 0.0 0.0 4.203891169511279 0.0 17.012317390921126 3.9645245440654755e-16 0.0 1.3175583411703629e-15 ""
19953 2700 2007-11-15 Ia pW7 0.0 0.0 0.0 68.01226350338912 0.0 10.431246688147857 4.320521139812585e-15 0.0 8.742084754552911e-16 ""
19953 2700 2007-11-25 Ia pW6 0.0 0.0 0.0 21.634603810121018 0.0 32.66468207128483 1.2788048579414932e-15 0.0 1.4304909414644898e-15 ""
19953 2700 2007-11-25 Ia pW7 nan nan nan nan nan nan nan nan nan "Feature not in spectral wavelength range."
19953 2700 2007-12-03 Ia pW6 0.0 0.0 0.0 26.808456068110267 0.0 15.662124263691089 1.2278634119430135e-15 0.0 7.618569570428382e-16 ""
19953 2700 2007-12-03 Ia pW7 0.0 0.0 0.0 184.68400853569088 0.0 77.77708609555381 7.848837090521581e-15 0.0 4.7906108023874e-15 ""
19968 2400 2007-11-02 Ia pW6 0.0 0.0 0.0 6.3970392024979725 0.0 3.6866423222253695 1.6333493774293839e-15 0.0 9.666299597674666e-16 ""
19968 2400 2007-11-02 Ia pW7 0.0 0.0 0.0 45.89386876042251 0.0 7.678484513362517 1.136849534250268e-14 0.0 2.032620949099128e-15 ""
19968 2400 2007-11-09 Ia pW6 0.0 0.0 0.0 10.05071689524478 0.0 4.110969909102424 3.651590412784556e-15 0.0 1.588245964053732e-15 ""
