results/spec_class/sdss_sako18spec_rv3_1_bin5_methavg_step3.ecsv
# %ECSV 0.9
# ---
# datatype:
# - {name: obj_id, datatype: string}
# - {name: sid, datatype: string}
# - {name: date, datatype: string}
# - {name: type, datatype: string}
# - {name: feat_name, datatype: string}
# - {name: feat_start, datatype: float64}
# - {name: feat_end, datatype: float64}
# - {name: vel, datatype: float64}
# - {name: vel_err, datatype: float64}
# - {name: vel_samperr, datatype: float64}
# - {name: pew, datatype: float64}
# - {name: pew_err, datatype: float64}
# - {name: pew_samperr, datatype: float64}
# - {name: area, datatype: float64}
# - {name: area_err, datatype: float64}
# - {name: area_samperr, datatype: float64}
# - {name: msg, datatype: string}
# meta: !!omap
# - {bin_size: 5}
# - {method: avg}
# - {nstep: 3}
# - {rv: 3.1}
# schema: astropy-2.0
obj_id sid date type feat_name feat_start feat_end vel vel_err vel_samperr pew pew_err pew_samperr area area_err area_samperr msg
[from data line 183]
13727 841 2006-09-24 Ia pW7 6563.500490069262 6555.33946987645 nan nan nan nan nan nan nan nan nan "Range too small. Please select a wider range"
13727 847 2006-09-25 Ia pW7 5988.1485664759975 6261.5427429352085 10220.27282902278 0.0 0.0 72.56732728683497 0.0 20.80110702958052 2.3226473606456433e-15 0.0 9.618622477511311e-16 ""
13727 847 2006-09-25 Ia pW6 5584.17806693179 5988.1485664759975 nan nan nan nan nan nan nan nan nan "Optimal parameters not found: Number of calls to function has reached maxfev = 1000."
13736 1077 2006-10-17 Ia pW6 5634.912344840794 5869.93610835466 11191.72676934353 0.0 0.0 17.5624064527237 0.0 24.990686176185893 6.821175582817361e-16 0.0 8.3294274715579e-16 ""
13736 1077 2006-10-17 Ia pW7 5869.93610835466 6479.256976723943 7282.2562828855325 0.0 0.0 114.25264777693573 0.0 54.2133385019518 3.726338336037412e-15 0.0 1.932895779783423e-15 ""
13736 935 2006-09-29 Ia pW6 5629.689594540485 5921.293152974356 10459.796090140118 0.0 0.0 12.101045733595244 0.0 16.710453926999662 5.335902284377428e-16 0.0 7.221387198659488e-16 ""
13736 935 2006-09-29 Ia pW7 5921.293152974356 6321.704009331314 10026.630985739055 0.0 0.0 44.145550045943786 0.0 28.812046706397034 1.7046223713501085e-15 0.0 1.1402792979267102e-15 ""
13757 842 2006-09-26 Ia pW6 5613.923618015509 5924.621569894611 10701.404472811433 0.0 0.0 29.56610743543747 0.0 65.37920008704427 3.1486038472168345e-16 0.0 3.8247063870486894e-16 ""
13757 842 2006-09-26 Ia pW7 5924.621569894611 6382.901048916285 10994.351145408762 0.0 0.0 111.28561912630303 0.0 65.03667900400531 7.245567231220932e-16 0.0 4.499837202543199e-16 ""
13796 1058 2006-10-17 Ia pW7 5876.892503203201 6351.924971018661 8976.622183874371 0.0 0.0 96.83109854286757 0.0 42.23245264334581 2.7160727154020796e-16 0.0 1.3644064034262286e-16 ""
13796 1058 2006-10-17 Ia pW6 5567.467684717901 5876.892503203201 12821.350432644518 0.0 0.0 56.27861774141295 0.0 13.755827045631728 1.646206997017246e-16 0.0 4.8520875472822415e-17 ""
13796 1076 2006-10-31 Ia? pW7 6539.323100523844 6539.323100523844 nan nan nan nan nan nan nan nan nan "Range too small. Please select a wider range"
13796 1076 2006-10-31 Ia? pW6 5576.183876787909 5576.183876787909 nan nan nan nan nan nan nan nan nan "Range too small. Please select a wider range"
13796 875 2006-09-26 Ia pW7 5930.061274830253 6492.255663345798 8592.48158837994 0.0 0.0 50.24034673278816 0.0 26.91328861611892 1.887979012348741e-15 0.0 1.0822902878949884e-15 ""
13796 875 2006-09-26 Ia pW6 5563.981207889898 5925.703178795248 nan nan nan nan nan nan nan nan nan "Optimal parameters not found: Number of calls to function has reached maxfev = 1000."
13830 843 2006-09-24 Ia pW6 5912.360951422012 5912.360951422012 nan nan nan nan nan nan nan nan nan "Range too small. Please select a wider range"
13830 843 2006-09-24 Ia pW7 5983.798063076713 5983.798063076713 nan nan nan nan nan nan nan nan nan "Range too small. Please select a wider range"
13835 941 2006-09-29 Ia pW6 5567.665087790541 5567.665087790541 nan nan nan nan nan nan nan nan nan "Range too small. Please select a wider range"
13835 941 2006-09-29 Ia pW7 5864.607225806037 5864.607225806037 nan nan nan nan nan nan nan nan nan "Range too small. Please select a wider range"
13894 1039 2006-10-16 Ia pW7 5906.6827191014445 6335.382757684448 8842.921842382351 0.0 0.0 69.27845078567002 0.0 14.555993241428746 2.495385380164153e-16 0.0 6.559019430854888e-17 ""
13894 1039 2006-10-16 Ia pW6 5603.020191771818 5902.217093699538 11025.263906194921 0.0 0.0 24.82532295704765 0.0 12.044280975244316 9.837584652201905e-17 0.0 5.0762630198454896e-17 ""
13903 880 2006-09-30 Ia? pW6 5750.874418177122 5750.874418177122 nan nan nan nan nan nan nan nan nan "Range too small. Please select a wider range"
13903 880 2006-09-30 Ia? pW7 5917.279327280421 5917.279327280421 nan nan nan nan nan nan nan nan nan "Range too small. Please select a wider range"
13934 960 2006-10-15 Ia pW6 5544.610019190422 5920.745289469943 12820.412636693141 0.0 0.0 28.95072298193028 0.0 33.42287737118993 7.963066260276353e-17 0.0 9.099596430905918e-17 ""
13934 960 2006-10-15 Ia pW7 5920.745289469943 6402.198435427729 8498.103613434183 0.0 0.0 74.26533428110335 0.0 50.07672105496032 1.8211282484665017e-16 0.0 1.3495452014178348e-16 ""
13956 883 2006-09-26 Ia pW7 6803.770609614673 6803.770609614673 nan nan nan nan nan nan nan nan nan "Range too small. Please select a wider range"
13956 883 2006-09-26 Ia pW6 5558.428743442125 5558.428743442125 nan nan nan nan nan nan nan nan nan "Range too small. Please select a wider range"
14019 943 2006-10-18 Ia pW6 5602.290458289168 5890.325957429999 10964.28657282931 0.0 0.0 47.77954002033391 0.0 12.838852464932318 2.3159705490347884e-15 0.0 7.348071476565314e-16 ""
14019 943 2006-10-18 Ia pW7 5890.325957429999 6367.641927434805 10151.115439024046 0.0 0.0 112.76540507416958 0.0 40.95574295525907 5.515903913786924e-15 0.0 2.2858144652165892e-15 ""
14024 905 2006-09-28 Ia pW6 5627.733611000222 5946.573000680482 8322.537303932577 0.0 0.0 17.100800130450892 0.0 19.681189264292897 4.1787643685924876e-16 0.0 4.478812335459513e-16 ""
14024 905 2006-09-28 Ia pW7 5942.20533780815 6418.280590892375 11655.882463847114 0.0 0.0 69.34900767198765 0.0 53.03314316493219 1.689549165613677e-15 0.0 1.2710047162668738e-15 ""
14108 914 2006-10-01 Ia pW7 6002.589127079161 6267.5066317682 9314.619738991203 0.0 0.0 66.6998959766471 0.0 11.64864553010054 3.3419802972610886e-15 0.0 7.544660768867301e-16 ""
14108 914 2006-10-01 Ia pW6 5591.96699481115 6011.419710568795 6876.732808427311 0.0 0.0 6.825024615388739 0.0 19.377143226223094 3.989722680403567e-16 0.0 9.349632782764167e-16 ""
14157 1040 2006-10-17 Ia pW6 5544.566721037309 5870.790576672929 14133.583243772844 0.0 0.0 15.477441982599712 0.0 5.608098791663992 9.142317140126336e-17 0.0 3.4116202565336073e-17 ""
14157 1040 2006-10-17 Ia pW7 5870.790576672929 6362.191068073421 9541.25099068717 0.0 0.0 27.428358096697732 0.0 10.601002825376572 1.5349717851371969e-16 0.0 6.182612653881178e-17 ""
14186 944 2006-09-30 Ia? pW6 5476.090090735744 5476.090090735744 nan nan nan nan nan nan nan nan nan "Range too small. Please select a wider range"
14186 944 2006-09-30 Ia? pW7 6657.842912265908 6657.842912265908 nan nan nan nan nan nan nan nan nan "Range too small. Please select a wider range"
14212 962 2006-10-09 Ia pW6 5641.778837282371 5907.7632539203605 nan nan nan nan nan nan nan nan nan "Optimal parameters not found: Number of calls to function has reached maxfev = 1000."
14212 962 2006-10-09 Ia pW7 5903.607247410392 6352.455950487 8905.748275242657 0.0 0.0 75.34623793492752 0.0 39.86615589025643 1.5364741716630442e-15 0.0 8.3593841939571e-16 ""
14261 1024 2006-10-15 Ia pW6 5661.565820228253 5953.539578405465 7923.825558403527 0.0 0.0 13.308674393980162 0.0 11.291475719353608 1.1677932354740454e-16 0.0 9.499737831737274e-17 ""
14261 1024 2006-10-15 Ia pW7 5957.432561847828 6307.801071660482 9198.118704278551 0.0 0.0 65.24513281605888 0.0 9.48340240937881 4.885871656496943e-16 0.0 8.70388878605035e-17 ""
14279 1080 2006-10-17 Ia pW7 5930.863568592038 6361.781241291872 9699.958001430974 0.0 0.0 58.690959672525295 0.0 5.53901574090718 5.619542758974517e-14 0.0 6.010865160876234e-15 ""
14279 1080 2006-10-17 Ia pW6 5624.433223561045 5873.407878898727 11596.243797034793 0.0 0.0 10.1251281796994 0.0 2.6479345007042565 1.0536880551157814e-14 0.0 2.8128654335899915e-15 ""
14279 1081 2006-10-20 Ia pW7 5852.340792677846 6326.350232647663 10275.665207300457 0.0 0.0 76.79118475605229 0.0 4.053648268198895 3.826181613893452e-14 0.0 2.448931326873424e-15 ""
14279 1081 2006-10-20 Ia pW6 5589.002214916837 5842.764844395628 11429.47799718387 0.0 0.0 10.715455609520344 0.0 3.280259877305223 6.3103855844096295e-15 0.0 1.99793886302332e-15 ""
14279 1119 2006-10-27 Ia pW6 5538.24968902108 5873.407878898727 13292.193212726534 0.0 0.0 33.63444128840908 0.0 3.8593627666548724 1.140994647751007e-14 0.0 1.4671114061432859e-15 ""
14279 1119 2006-10-27 Ia pW7 5882.983827180946 6467.116672396275 9269.726594562939 0.0 0.0 68.23280972255282 0.0 9.79498275073221 2.4996949058186063e-14 0.0 4.053979594645697e-15 ""
14279 1206 2006-11-09 Ia pW7 5874.365473726949 6463.286293083388 9429.76099465553 0.0 0.0 95.8223619626109 0.0 6.193011824426799 3.832514710911484e-14 0.0 2.9569630262616127e-15 ""
14279 1206 2006-11-09 Ia pW6 5558.359180413738 5869.57749958584 13221.312097035805 0.0 0.0 28.283428940285862 0.0 3.4450210184061696 1.198977648828854e-14 0.0 1.6246008353615366e-15 ""
14279 1459 2006-11-26 Ia pW6 5565.062344211291 5828.4009219723 14295.32393391131 0.0 0.0 7.487209589986756 0.0 2.2411694263400395 1.7797612557173733e-15 0.0 5.477897824536283e-16 ""
14279 1459 2006-11-26 Ia pW7 5833.188896113409 6479.565405163159 5413.361704484987 0.0 0.0 35.79269200323984 0.0 5.9805621031044085 8.272618875320446e-15 0.0 1.4425636863247424e-15 ""
14279 954 2006-10-01 Ia pW6 5634.009171843264 5868.619904757618 12547.784184611579 0.0 0.0 5.282266613442057 0.0 3.873009220836142 1.5751101058075897e-15 0.0 1.1743783473303029e-15 ""
14279 954 2006-10-01 Ia pW7 5863.8319306165085 6251.657836046359 12934.380193454825 0.0 0.0 38.85341639573286 0.0 4.860586143112361 1.226728960987814e-14 0.0 1.6925305235354995e-15 ""
14284 947 2006-10-02 Ia pW6 5669.851554517836 6021.437418563394 9832.011041420154 0.0 0.0 -2.399791648860687 0.0 8.03777227688685 -3.6943568603457627e-16 0.0 1.403198374088029e-15 ""
14284 947 2006-10-02 Ia pW7 6017.201444297785 6402.675102468217 8555.293760418625 0.0 0.0 27.842821289430596 0.0 11.555975969423717 5.284169984290368e-15 0.0 2.3398925524877764e-15 ""
14298 1048 2006-10-15 Ia pW6 5613.155876224221 5882.847531409163 9319.58118834937 0.0 0.0 19.79665071742252 0.0 7.597424909194082 1.5554154511530556e-16 0.0 6.255837325308666e-17 ""
14298 1048 2006-10-15 Ia pW7 5898.711746420042 6307.215282950173 14248.114951713944 0.0 0.0 50.436219614155945 0.0 15.96167668670089 3.264793726425413e-16 0.0 1.197632734923115e-16 ""
14318 1594 2006-11-26 Ia pW6 5670.65974243289 5921.469194447363 nan nan nan nan nan nan nan nan nan "Optimal parameters not found: Number of calls to function has reached maxfev = 1000."
14318 1594 2006-11-26 Ia pW7 5926.201448258957 6323.710768432838 11556.962042365276 0.0 0.0 49.88206178803724 0.0 5.0781012847472535 6.198171582734658e-15 0.0 7.07919404213999e-16 ""
14318 1653 2006-12-13 Ia pW6 5552.353397143044 5874.146656331424 13065.931893991083 0.0 0.0 28.06244059207243 0.0 4.025915437819541 4.619558370884505e-15 0.0 7.285232645458862e-16 ""
14318 1653 2006-12-13 Ia pW7 5874.146656331424 6314.246260809651 10448.278739079828 0.0 0.0 62.467706560743125 0.0 4.947716901951959 9.585886784620312e-15 0.0 8.962244151434376e-16 ""
14318 1713 2006-12-15 Ia pW6 5567.4966093401445 5889.289868528525 13605.902093745428 0.0 0.0 24.981627535672487 0.0 8.960181305523976 1.6952533475763665e-15 0.0 6.416668463803996e-16 ""
14318 1713 2006-12-15 Ia pW7 5889.289868528525 6324.657219195157 9730.77816958341 0.0 0.0 44.618823276356785 0.0 11.546872543441253 2.926045570581427e-15 0.0 8.17245898734691e-16 ""
14331 1089 2006-10-20 Ia pW6 5548.268087722895 5884.402541504407 13082.488923306011 0.0 0.0 25.585842223356423 0.0 9.427431881398405 1.446398150489034e-15 0.0 5.704291250322211e-16 ""
14331 1089 2006-10-20 Ia pW7 5884.402541504407 6327.116212338595 12114.126637224646 0.0 0.0 -102.57208273636904 0.0 684.6556737974133 -5.243509455928017e-16 0.0 4.518574397755815e-15 ""
