results/spec_class/sdss_sako18spec_rv3_1_bin5_methavg_step2.ecsv
# %ECSV 0.9
# ---
# datatype:
# - {name: obj_id, datatype: string}
# - {name: sid, datatype: string}
# - {name: date, datatype: string}
# - {name: type, datatype: string}
# - {name: feat_name, datatype: string}
# - {name: vel, datatype: float64}
# - {name: vel_err, datatype: float64}
# - {name: vel_samperr, datatype: float64}
# - {name: pew, datatype: float64}
# - {name: pew_err, datatype: float64}
# - {name: pew_samperr, datatype: float64}
# - {name: area, datatype: float64}
# - {name: area_err, datatype: float64}
# - {name: area_samperr, datatype: float64}
# - {name: msg, datatype: string}
# schema: astropy-2.0
obj_id sid date type feat_name vel vel_err vel_samperr pew pew_err pew_samperr area area_err area_samperr msg
[from data line 242]
14318 1713 2006-12-13 Ia pW6 0.0 0.0 0.0 26.68828571738655 0.0 3.1131781846933366 4.371397866479164e-15 0.0 5.588497835801548e-16 ""
14318 1713 2006-12-13 Ia pW7 0.0 0.0 0.0 106.66532393247293 0.0 14.698219063515763 1.7185948572489654e-14 0.0 2.709699845130661e-15 ""
14318 1713 2006-12-15 Ia pW6 0.0 0.0 0.0 31.212894236814808 0.0 5.287639468653701 2.146717715028814e-15 0.0 4.12706069672806e-16 ""
14318 1713 2006-12-15 Ia pW7 0.0 0.0 0.0 93.4412130484339 0.0 14.554443759585943 6.568307850071795e-15 0.0 1.1711062586109109e-15 ""
14331 1089 2006-10-20 Ia pW6 0.0 0.0 0.0 24.65535550566002 0.0 34.74852552405765 1.6852402047617612e-15 0.0 2.0403690312594612e-15 ""
14331 1089 2006-10-20 Ia pW7 0.0 0.0 0.0 151.37356474245152 0.0 73.2214878041314 7.790048027939005e-15 0.0 4.989273764745893e-15 ""
14377 945 2006-10-01 Ia? pW6 0.0 0.0 0.0 13.260253384600714 0.0 9.934798022770536 1.0006009332688916e-15 0.0 7.852845995538035e-16 ""
14377 945 2006-10-01 Ia? pW7 0.0 0.0 0.0 81.03645221416892 0.0 39.348110638886716 6.0904738367822686e-15 0.0 3.231063256735551e-15 ""
14397 1092 2006-10-17 Ia pW6 0.0 0.0 0.0 9.712226099584262 0.0 22.993171483938898 1.9512756768974915e-16 0.0 2.932122120859439e-16 ""
14397 1092 2006-10-17 Ia pW7 0.0 0.0 0.0 155.64235112961688 0.0 110.33218673479404 3.067203324560654e-15 0.0 3.0045088837110977e-15 ""
14421 946 2006-10-02 Ia pW6 0.0 0.0 0.0 6.934374272757878 0.0 18.18666234283758 7.596687103637536e-16 0.0 1.8124963160641983e-15 ""
14421 946 2006-10-02 Ia pW7 0.0 0.0 0.0 42.029508316046304 0.0 28.48561254219077 4.72648863347405e-15 0.0 3.3071241963970825e-15 ""
14437 2847 2006-10-02 Ia pW6 0.0 0.0 0.0 29.443445901771156 0.0 18.598092124208197 2.1676923378079463e-15 0.0 1.440137108241145e-15 ""
14437 2847 2006-10-02 Ia pW7 0.0 0.0 0.0 74.18207076547792 0.0 29.82883083785914 5.361924956857557e-15 0.0 2.5115795069463078e-15 ""
14437 2847 2006-10-18 Ia pW6 0.0 0.0 0.0 34.94241573864276 0.0 17.13755890302646 2.0223973320873786e-16 0.0 1.0442891021163944e-16 ""
14437 2847 2006-10-18 Ia pW7 0.0 0.0 0.0 90.1171282365946 0.0 41.30457794284521 5.324856178675193e-16 0.0 2.661380605733416e-16 ""
14451 989 2006-10-15 Ia pW6 0.0 0.0 0.0 14.965006233079372 0.0 22.749972077745085 6.011670586241862e-17 0.0 8.637911708189411e-17 ""
14451 989 2006-10-15 Ia pW7 0.0 0.0 0.0 174.3635930299137 0.0 90.42612342628478 9.219738794931505e-16 0.0 6.112169033896186e-16 ""
14456 1018 2006-10-15 Ia pW6 0.0 0.0 0.0 20.844722739185094 0.0 15.488975236823162 1.4030045012634229e-16 0.0 1.0453287481879586e-16 ""
14456 1018 2006-10-15 Ia pW7 0.0 0.0 0.0 100.74220715821801 0.0 43.621530930396695 6.4891285946414e-16 0.0 3.366204200052123e-16 ""
14481 1091 2006-10-24 Ia pW6 0.0 0.0 0.0 17.497540081701917 0.0 15.282536152872378 8.062410531823071e-16 0.0 6.861223547387359e-16 ""
14481 1091 2006-10-24 Ia pW7 0.0 0.0 0.0 68.2964075268021 0.0 30.146038024426744 2.833229154814734e-15 0.0 1.37916579865056e-15 ""
14735 1093 2006-10-20 Ia pW6 0.0 0.0 0.0 73.68143877019854 0.0 102.83292419429239 9.717761263492826e-15 0.0 9.826923630443134e-15 ""
14735 1093 2006-10-20 Ia pW7 0.0 0.0 0.0 6.198610881742197 0.0 582.0663286133621 3.0519311195761195e-14 0.0 1.9575250722217914e-14 ""
14782 990 2006-10-16 Ia pW6 0.0 0.0 0.0 19.096225006444733 0.0 10.13202576958197 1.3973964460098022e-16 0.0 7.799027173906901e-17 ""
14782 990 2006-10-16 Ia pW7 0.0 0.0 0.0 33.68140173069336 0.0 19.871930925901065 2.3696214261086806e-16 0.0 1.4700923403238086e-16 ""
14815 2844 2006-10-10 Ia pW6 0.0 0.0 0.0 36.99453377316162 0.0 17.661672726630265 1.5713019770073054e-15 0.0 8.507165726107097e-16 ""
14815 2844 2006-10-10 Ia pW7 nan nan nan nan nan nan nan nan nan "Feature not in spectral wavelength range."
14815 2844 2006-10-17 Ia pW6 nan nan nan nan nan nan nan nan nan "Feature not in spectral wavelength range."
14815 2844 2006-10-17 Ia pW7 nan nan nan nan nan nan nan nan nan "Feature not in spectral wavelength range."
14815 2844 2006-10-29 Ia pW6 0.0 0.0 0.0 17.194992872552447 0.0 17.820753351683987 6.090974757730736e-16 0.0 6.245915914662338e-16 ""
14815 2844 2006-10-29 Ia pW7 nan nan nan nan nan nan nan nan nan "Feature not in spectral wavelength range."
14816 1071 2006-10-10 Ia pW6 0.0 0.0 0.0 7.730913865347715 0.0 9.865010441417011 1.3929190181543033e-15 0.0 1.7389985840576186e-15 ""
14816 1071 2006-10-10 Ia pW7 nan nan nan nan nan nan nan nan nan "Feature not in spectral wavelength range."
14816 1071 2006-10-17 Ia pW6 0.0 0.0 0.0 10.575459197217217 0.0 13.517401600176528 9.399274739900475e-16 0.0 1.134654791147467e-15 ""
14816 1071 2006-10-17 Ia pW7 0.0 0.0 0.0 53.414837036034605 0.0 60.24576858905205 4.519043291289875e-15 0.0 4.4615736628140465e-15 ""
14816 1071 2006-10-29 Ia pW6 0.0 0.0 0.0 17.805248595560105 0.0 5.1421236953299125 2.7487741612199796e-15 0.0 8.482757243388173e-16 ""
14816 1071 2006-10-29 Ia pW7 nan nan nan nan nan nan nan nan nan "Feature not in spectral wavelength range."
14846 1014 2006-10-15 Ia pW6 0.0 0.0 0.0 22.869702162212324 0.0 25.128574640222446 5.268909887860639e-17 0.0 5.533285682748031e-17 ""
14846 1014 2006-10-15 Ia pW7 0.0 0.0 0.0 84.04378170434471 0.0 37.79401699816203 1.661090017277068e-16 0.0 8.4877639252721e-17 ""
14871 2858 2006-10-15 Ia pW6 0.0 0.0 0.0 10.457177884342888 0.0 20.450982384087215 5.157261118153756e-17 0.0 9.331307542539814e-17 ""
14871 2858 2006-10-15 Ia pW7 0.0 0.0 0.0 75.71000870889333 0.0 43.56253547501976 3.156284748431858e-16 0.0 1.9681021460411005e-16 ""
14871 2858 2006-10-27 Ia pW6 0.0 0.0 0.0 6.428548772696026 0.0 42.611780480162295 1.3132785616030014e-15 0.0 3.91773143810744e-15 ""
14871 2858 2006-10-27 Ia pW7 nan nan nan nan nan nan nan nan nan "Feature not in spectral wavelength range."
14979 1009 2006-10-15 Ia pW6 0.0 0.0 0.0 19.357096429534767 0.0 30.001462434902567 1.4888338137387597e-17 0.0 2.222423914732006e-17 ""
14979 1009 2006-10-15 Ia pW7 0.0 0.0 0.0 207.0984931739978 0.0 63.996932301325494 1.604267675441487e-16 0.0 7.86169067914753e-17 ""
14984 1027 2006-10-16 Ia pW6 0.0 0.0 0.0 20.40710369259487 0.0 21.262466623142732 3.3744037892938255e-17 0.0 3.4763957793355664e-17 ""
14984 1027 2006-10-16 Ia pW7 0.0 0.0 0.0 58.74189407460127 0.0 74.47221148807104 1.0084642902698687e-16 0.0 1.1124918854298318e-16 ""
15002 1094 2006-10-18 Ia? pW6 0.0 0.0 0.0 129.85774039039913 0.0 1088.5016316074484 1.6195798110335634e-15 0.0 3.3292688835726445e-15 ""
15002 1094 2006-10-18 Ia? pW7 0.0 0.0 0.0 222.37993167091292 0.0 273.89696950375105 1.3399828406380048e-14 0.0 9.144825195102367e-15 ""
15009 1117 2006-10-18 Ia? pW6 0.0 0.0 0.0 81.21957720742483 0.0 29.123692814955188 4.409287210259821e-15 0.0 1.7581488737157916e-15 ""
15009 1117 2006-10-18 Ia? pW7 0.0 0.0 0.0 9.587759398398957 0.0 202.65578168525198 4.671119122074922e-15 0.0 7.60007832264166e-15 ""
15129 1015 2006-10-18 Ia pW6 0.0 0.0 0.0 1.3645990331920688 0.0 14.393196311072266 9.32031943196738e-18 0.0 5.720590793883459e-17 ""
15129 1015 2006-10-18 Ia pW7 0.0 0.0 0.0 126.03557036975744 0.0 45.76738639422698 6.408954216888846e-16 0.0 2.882499881563871e-16 ""
15132 2846 2006-10-16 Ia pW6 0.0 0.0 0.0 6.075251000832805 0.0 10.237496983337362 3.372998151511232e-17 0.0 5.482652989465509e-17 ""
15132 2846 2006-10-16 Ia pW7 0.0 0.0 0.0 71.44462653290435 0.0 12.828321326620738 3.0408468248186394e-16 0.0 7.42427469785559e-17 ""
15132 2846 2006-10-27 Ia pW6 0.0 0.0 0.0 56.09150206024643 0.0 43.13227101962389 4.340590945887845e-15 0.0 3.3436611677044844e-15 ""
15132 2846 2006-10-27 Ia pW7 nan nan nan nan nan nan nan nan nan "Feature not in spectral wavelength range."
15136 1022 2006-10-15 Ia pW6 0.0 0.0 0.0 10.870554928950094 0.0 10.830681961954655 1.5059031512230696e-16 0.0 1.5039547947049776e-16 ""
15136 1022 2006-10-15 Ia pW7 0.0 0.0 0.0 202.35132136062668 0.0 96.62742782490001 5.753003172426755e-15 0.0 4.133926125299025e-15 ""
15161 1010 2006-10-16 Ia pW6 0.0 0.0 0.0 18.281723266722274 0.0 25.149861101018093 5.503715846376967e-17 0.0 6.741679965313653e-17 ""
15161 1010 2006-10-16 Ia pW7 0.0 0.0 0.0 6.994009225377546 0.0 42.487307842596906 4.4993651491177576e-17 0.0 1.4610879440304888e-16 ""
15170 1021 2006-10-15 Ia-pec pW6 0.0 0.0 0.0 20.62211681375569 0.0 44.075582165536666 1.4475965558431102e-16 0.0 2.646052889739309e-16 ""
15170 1021 2006-10-15 Ia-pec pW7 nan nan nan nan nan nan nan nan nan "Feature not in spectral wavelength range."
15171 2843 2006-10-15 Ia pW6 0.0 0.0 0.0 23.82211951864138 0.0 12.762052019820901 7.02056578120651e-17 0.0 3.9112362128914557e-17 ""
15171 2843 2006-10-15 Ia pW7 0.0 0.0 0.0 76.33988863415316 0.0 58.932697327813976 2.2695046238252524e-16 0.0 2.0552530626160187e-16 ""
15171 2843 2006-10-28 Ia pW6 0.0 0.0 0.0 32.617566819088104 0.0 40.33462313145971 1.8380052785929444e-15 0.0 1.9231484751973777e-15 ""
15171 2843 2006-10-28 Ia pW7 nan nan nan nan nan nan nan nan nan "Feature not in spectral wavelength range."
15201 1116 2006-10-18 Ia pW6 0.0 0.0 0.0 12.23230872052711 0.0 21.962143356337002 6.696148203151811e-16 0.0 1.090842058924641e-15 ""
15201 1116 2006-10-18 Ia pW7 0.0 0.0 0.0 82.25571448399276 0.0 55.41695312844412 4.240567993183459e-15 0.0 2.900025582362214e-15 ""
15203 1026 2006-10-16 Ia pW6 0.0 0.0 0.0 22.051186712687397 0.0 12.671309243521641 5.682073740843261e-17 0.0 3.4319979858716867e-17 ""
15203 1026 2006-10-16 Ia pW7 0.0 0.0 0.0 59.33082767482967 0.0 43.37879634484406 1.510933959275555e-16 0.0 1.116132076456479e-16 ""
15213 1233 2006-10-26 Ia pW6 0.0 0.0 0.0 20.41110955119864 0.0 35.837599197318674 1.0454805818500708e-15 0.0 1.5789036373267072e-15 ""
15213 1233 2006-10-26 Ia pW7 0.0 0.0 0.0 177.96391195020885 0.0 52.07501728284821 9.788982141404223e-15 0.0 3.783047113311304e-15 ""
15217 1016 2006-10-15 Ia pW6 0.0 0.0 0.0 -16.213798721703043 0.0 81.27448549840578 1.5599667882470488e-17 0.0 1.0366141714531867e-16 ""
15217 1016 2006-10-15 Ia pW7 nan nan nan nan nan nan nan nan nan "Feature not in spectral wavelength range."
15219 1006 2006-10-15 Ia pW6 0.0 0.0 0.0 11.385335868874668 0.0 28.374067827036665 8.997637432512756e-17 0.0 1.487911299005356e-16 ""
15219 1006 2006-10-15 Ia pW7 0.0 0.0 0.0 52.629369223732716 0.0 42.88382968267855 3.083386616056645e-16 0.0 2.1968726792653105e-16 ""
15222 1004 2006-10-16 Ia pW6 0.0 0.0 0.0 4.263915573903291 0.0 30.31762624334908 5.8987531610854365e-18 0.0 1.765840571357822e-17 ""
15222 1004 2006-10-16 Ia pW7 0.0 0.0 0.0 100.12489268713328 0.0 153.23818991479013 1.2612715435386485e-16 0.0 1.4502699793958045e-16 ""
15229 1154 2006-10-23 Ia pW6 0.0 0.0 0.0 21.227237600826356 0.0 93.84130547634705 2.4970481662562907e-15 0.0 4.192296099144863e-15 ""
15229 1154 2006-10-23 Ia pW7 0.0 0.0 0.0 -2088.8414207331866 0.0 10744.892969136194 1.1139353039889175e-14 0.0 1.2726590151417547e-14 ""
15234 1219 2006-10-16 Ia pW6 0.0 0.0 0.0 -0.2425834219981948 0.0 22.406267416442205 1.4311941572540394e-17 0.0 1.0434517578588613e-16 ""
15234 1219 2006-10-16 Ia pW7 0.0 0.0 0.0 119.18306072285094 0.0 90.860621271941 7.622013447185468e-16 0.0 6.470742095577207e-16 ""
15234 1219 2006-10-27 Ia? pW6 0.0 0.0 0.0 18.62561619441493 0.0 8.771966056839338 1.3128262934352194e-15 0.0 6.574590949532286e-16 ""
15234 1219 2006-10-27 Ia? pW7 0.0 0.0 0.0 130.98726259017502 0.0 86.77601294157807 1.2168065028369014e-14 0.0 9.840797789428526e-15 ""
15254 1235 2006-11-20 Ia? pW6 0.0 0.0 0.0 5.828561802756562 0.0 16.66914068852609 7.163971124037452e-17 0.0 1.489343696065778e-16 ""
15254 1235 2006-11-20 Ia? pW7 0.0 0.0 0.0 214.6569329141994 0.0 116.88390843437341 2.8983538410669805e-15 0.0 1.8485185481568026e-15 ""
15259 1051 2006-10-16 Ia pW6 0.0 0.0 0.0 24.933002979385 0.0 24.470616947709413 2.813689437255742e-17 0.0 2.3529241566538325e-17 ""
15259 1051 2006-10-16 Ia pW7 0.0 0.0 0.0 169.9335103009159 0.0 87.32374992512246 2.0031747512615642e-16 0.0 1.3224294200537163e-16 ""
15287 1057 2006-10-18 Ia pW6 0.0 0.0 0.0 -7.627017019026883 0.0 108.90660413309286 1.0477446096181384e-17 0.0 2.041317103171621e-17 ""
15287 1057 2006-10-18 Ia pW7 0.0 0.0 0.0 186.98624653875152 0.0 156.19147127935926 1.2609930940974453e-16 0.0 1.2565973386765942e-16 ""
15340 1146 2006-10-29 Ia pW6 0.0 0.0 0.0 16.677368219137644 0.0 23.994351887717265 4.079461823768978e-16 0.0 5.4078433347819915e-16 ""
15340 1146 2006-10-29 Ia pW7 0.0 0.0 0.0 90.39534866236453 0.0 61.51790089637078 2.126267647539454e-15 0.0 1.6251923547705342e-15 ""
15354 1217 2006-10-18 Ia pW6 0.0 0.0 0.0 5.2840382312386165 0.0 4.94743558409052 1.633773931048665e-17 0.0 1.5285436319173968e-17 ""
15354 1217 2006-10-18 Ia pW7 0.0 0.0 0.0 31.043586225900807 0.0 32.053775249922126 9.653666962743179e-17 0.0 9.367345447251922e-17 ""
15354 1217 2006-10-28 Ia pW6 0.0 0.0 0.0 26.58928970457232 0.0 13.61891994923084 5.894677895704281e-16 0.0 3.164565129323943e-16 ""
15354 1217 2006-10-28 Ia pW7 0.0 0.0 0.0 66.46368902169303 0.0 30.837077778464945 1.4676692966928308e-15 0.0 7.362343721481423e-16 ""
15356 1212 2006-10-28 Ia pW6 0.0 0.0 0.0 18.44698073893232 0.0 30.213511575446454 7.196305507320918e-16 0.0 1.03555691917886e-15 ""
15356 1212 2006-10-28 Ia pW7 0.0 0.0 0.0 61.09924835488829 0.0 34.31371749050237 2.764821589565634e-15 0.0 1.5925803678445838e-15 ""
15365 1167 2006-10-23 Ia pW6 0.0 0.0 0.0 19.85344265597108 0.0 8.432875585258945 2.159563509430498e-15 0.0 9.601223723164718e-16 ""
15365 1167 2006-10-23 Ia pW7 nan nan nan nan nan nan nan nan nan "Feature not in spectral wavelength range."
15369 1133 2006-10-19 Ia pW6 nan nan nan nan nan nan nan nan nan "Feature not in spectral wavelength range."
15369 1133 2006-10-19 Ia pW7 nan nan nan nan nan nan nan nan nan "Feature not in spectral wavelength range."
15369 1133 2006-10-20 Ia pW6 0.0 0.0 0.0 28.217241148515832 0.0 57.97213977297609 7.611606585230104e-16 0.0 1.041889049600934e-15 ""
15369 1133 2006-10-20 Ia pW7 nan nan nan nan nan nan nan nan nan "Feature not in spectral wavelength range."
15383 1241 2006-10-27 Ia pW6 0.0 0.0 0.0 22.17998246710277 0.0 55.7382773003841 1.3914830237195095e-15 0.0 2.379512977980613e-15 ""
15383 1241 2006-10-27 Ia pW7 0.0 0.0 0.0 239.7259621038691 0.0 1462.3082589095684 1.6926098045168069e-15 0.0 9.255182112246991e-15 ""
15421 1140 2006-10-22 Ia pW6 0.0 0.0 0.0 11.687145354871722 0.0 7.833268782954376 4.1774258149200797e-16 0.0 2.8392275882581243e-16 ""
15421 1140 2006-10-22 Ia pW7 nan nan nan nan nan nan nan nan nan "Feature not in spectral wavelength range."
15425 1141 2006-10-22 Ia pW6 0.0 0.0 0.0 9.167996182037466 0.0 7.802950128441796 1.0425789352874204e-15 0.0 8.871700817081495e-16 ""
15425 1141 2006-10-22 Ia pW7 nan nan nan nan nan nan nan nan nan "Feature not in spectral wavelength range."
15433 1171 2006-10-31 Ia pW6 0.0 0.0 0.0 14.923642225686804 0.0 20.45015071924627 1.449595556245782e-15 0.0 1.9469790935002647e-15 ""
15433 1171 2006-10-31 Ia pW7 0.0 0.0 0.0 72.22905758887218 0.0 59.85269599891367 7.495501277310387e-15 0.0 6.459593066744783e-15 ""
15440 1240 2006-10-28 Ia pW6 0.0 0.0 0.0 11.626224941602215 0.0 8.274580665169248 4.618936532300283e-16 0.0 3.467033955628214e-16 ""
15440 1240 2006-10-28 Ia pW7 0.0 0.0 0.0 56.591135570994304 0.0 71.67964697528208 2.4978813749382496e-15 0.0 2.599673227831028e-15 ""
15443 1174 2006-10-23 Ia? pW6 0.0 0.0 0.0 14.252949106047335 0.0 17.025904230096636 1.6628686884990623e-15 0.0 1.85700752056858e-15 ""
15443 1174 2006-10-23 Ia? pW7 0.0 0.0 0.0 240.00265615349952 0.0 106.88192778301018 4.936538744553758e-14 0.0 3.719265818155646e-14 ""
15453 1143 2006-10-23 Ia pW6 0.0 0.0 0.0 24.16637908409587 0.0 70.1981106447829 5.500455508998628e-16 0.0 8.115727448753136e-16 ""
15453 1143 2006-10-23 Ia pW7 nan nan nan nan nan nan nan nan nan "Feature not in spectral wavelength range."
15456 1237 2006-10-28 Ia pW6 0.0 0.0 0.0 68.45523422111624 0.0 42.17984669703958 9.82727484991964e-16 0.0 6.36444782872211e-16 ""
15456 1237 2006-10-28 Ia pW7 0.0 0.0 0.0 -46.43754994544751 0.0 279.9517923746926 9.293024263915105e-16 0.0 1.5598580871585372e-15 ""
