results/spec_class/sdss_sako18spec_auto_5.ecsv
# %ECSV 0.9
# ---
# datatype:
# - {name: obj_id, datatype: string}
# - {name: date, datatype: string}
# - {name: feat_name, datatype: string}
# - {name: vel, datatype: float64}
# - {name: vel_err, datatype: float64}
# - {name: vel_samperr, datatype: float64}
# - {name: pew, datatype: float64}
# - {name: pew_err, datatype: float64}
# - {name: pew_samperr, datatype: float64}
# - {name: area, datatype: float64}
# - {name: area_err, datatype: float64}
# - {name: area_samperr, datatype: float64}
# - {name: msg, datatype: string}
# schema: astropy-2.0
obj_id date feat_name vel vel_err vel_samperr pew pew_err pew_samperr area area_err area_samperr msg
[from data line 652]
17332 2007-09-19 pW6 nan nan nan nan nan nan nan nan nan "Range too small. Please select a wider range"
17332 2007-09-19 pW7 nan nan nan nan nan nan nan nan nan "Range too small. Please select a wider range"
17340 2007-10-07 pW6 0.0 0.0 0.0 42.31799037936446 0.0 214.5245074467452 5.125127894032411e-16 0.0 1.2124246048344043e-15 ""
17340 2007-10-07 pW7 0.0 0.0 0.0 -2938.480720443409 0.0 24555.996416159327 1.3020561235210645e-15 0.0 4.235755745513059e-15 ""
17366 2007-09-09 pW6 0.0 0.0 0.0 6.815423368407263 0.0 36.22199579964291 4.351509054670188e-16 0.0 1.1624941951063936e-15 ""
17366 2007-09-09 pW7 nan nan nan nan nan nan nan nan nan "Feature not in spectral wavelength range."
17366 2007-09-11 pW6 0.0 0.0 0.0 13.7152835674219 0.0 30.809580461602515 8.136282256462957e-16 0.0 1.4023853330844277e-15 ""
17366 2007-09-11 pW7 nan nan nan nan nan nan nan nan nan "Feature not in spectral wavelength range."
17366 2007-09-18 pW6 0.0 0.0 0.0 26.843250466192224 0.0 17.518158994677957 4.459263763101266e-16 0.0 2.9441489919268156e-16 ""
17366 2007-09-18 pW7 0.0 0.0 0.0 120.50104008729878 0.0 58.34207184792211 1.7931047188301838e-15 0.0 9.811364034912014e-16 ""
17389 2007-09-11 pW6 0.0 0.0 0.0 26.518027753197902 0.0 37.37973893690529 1.3183367776568049e-15 0.0 1.6247448534290342e-15 ""
17389 2007-09-11 pW7 nan nan nan nan nan nan nan nan nan "Feature not in spectral wavelength range."
17389 2007-09-18 pW6 0.0 0.0 0.0 8.99904370030173 0.0 6.255054951307926 1.6855529572664614e-16 0.0 1.2175599936411506e-16 ""
17389 2007-09-18 pW7 0.0 0.0 0.0 134.6592053969064 0.0 109.24407287595749 3.3129934570318106e-15 0.0 3.3710885199169274e-15 ""
17391 2007-09-19 pW6 0.0 0.0 0.0 18.01804115027593 0.0 39.690051115187686 1.2957666969193282e-16 0.0 2.661724834657866e-16 ""
17391 2007-09-19 pW7 0.0 0.0 0.0 78.781560358164 0.0 126.01905559681393 6.893853759457142e-16 0.0 7.271088595411663e-16 ""
17435 2007-09-20 pW6 nan nan nan nan nan nan nan nan nan "Range too small. Please select a wider range"
17435 2007-09-20 pW7 nan nan nan nan nan nan nan nan nan "Range too small. Please select a wider range"
17460 2007-09-22 pW6 0.0 0.0 0.0 57.519647181913584 0.0 47.95414373242113 1.2230349549963734e-15 0.0 1.019594921421096e-15 ""
17460 2007-09-22 pW7 0.0 0.0 0.0 5707.994374597152 0.0 60309.47950691254 9.071340635231314e-16 0.0 3.0113626530505204e-15 ""
17464 2007-09-18 pW6 0.0 0.0 0.0 -7.899641300223484 0.0 91.5586745131017 1.2800685436569532e-16 0.0 3.481748773006845e-16 ""
17464 2007-09-18 pW7 0.0 0.0 0.0 -53.16702349754334 0.0 370.786890494714 5.121033378888624e-16 0.0 9.8549601144007e-16 ""
17497 2007-09-19 pW6 nan nan nan nan nan nan nan nan nan "Range too small. Please select a wider range"
17497 2007-09-19 pW7 nan nan nan nan nan nan nan nan nan "Range too small. Please select a wider range"
17500 2007-10-14 pW6 0.0 0.0 0.0 113.53570640260548 0.0 17.42146504077286 5.9869192299707e-16 0.0 1.4832423800136574e-16 ""
17500 2007-10-14 pW7 0.0 0.0 0.0 192.10563314843407 0.0 43.41852160867291 9.720325984918767e-16 0.0 2.784116372925095e-16 ""
17528 2007-09-15 pW6 0.0 0.0 0.0 28.02528667661337 0.0 22.21021013280662 1.37789940026848e-15 0.0 1.09725669780801e-15 ""
17528 2007-09-15 pW7 0.0 0.0 0.0 -14.331635772962912 0.0 169.3281867037444 1.7739905422229558e-15 0.0 6.7955925077680806e-15 ""
17552 2007-09-19 pW6 0.0 0.0 0.0 19.61912569388013 0.0 33.34881120294064 2.493779201276898e-16 0.0 3.783014826056653e-16 ""
17552 2007-09-19 pW7 0.0 0.0 0.0 54.15754366082811 0.0 63.73039764673264 5.816318479263333e-16 0.0 6.482337222466431e-16 ""
17568 2007-09-20 pW6 0.0 0.0 0.0 -5.9153573685738525 0.0 27.09257626664343 -3.287730847884124e-17 0.0 3.7760750261824206e-16 ""
17568 2007-09-20 pW7 0.0 0.0 0.0 39.763551003737746 0.0 58.27949752835716 6.291775197598297e-16 0.0 7.942456219446384e-16 ""
17605 2007-09-19 pW6 0.0 0.0 0.0 2.8886266960505114 0.0 8.559287137201524 3.5978269863776295e-16 0.0 9.567130533945477e-16 ""
17605 2007-09-19 pW7 0.0 0.0 0.0 159.79615775923958 0.0 76.03633158115133 2.616685828934095e-14 0.0 1.8535752423963853e-14 ""
17629 2007-09-19 pW6 0.0 0.0 0.0 11.32928631869141 0.0 10.649578487802385 6.408145455128593e-16 0.0 6.027709739753645e-16 ""
17629 2007-09-19 pW7 0.0 0.0 0.0 88.4764867427294 0.0 56.0504174842532 6.369110766128191e-15 0.0 4.8864279146000156e-15 ""
17745 2007-09-19 pW6 0.0 0.0 0.0 1.2615950855846163 0.0 2.4982194326927063 1.590917063614325e-16 0.0 3.094040041680408e-16 ""
17745 2007-09-19 pW7 0.0 0.0 0.0 84.61247396065826 0.0 54.25516239566646 1.0433438269967976e-14 0.0 6.988569959864837e-15 ""
17745 2007-09-30 pW6 0.0 0.0 0.0 -0.7169342668006765 0.0 5.2349960271327225 -1.39399668183001e-16 0.0 1.3624420956278105e-15 ""
17745 2007-09-30 pW7 0.0 0.0 0.0 50.25414342358104 0.0 16.247536749974532 1.1586316065091884e-14 0.0 4.120596354238311e-15 ""
17745 2007-10-10 pW6 0.0 0.0 0.0 25.081107895087545 0.0 8.229812633173905 4.838327946393978e-15 0.0 1.7182741163400777e-15 ""
17745 2007-10-10 pW7 0.0 0.0 0.0 71.5868302096646 0.0 13.495746962119743 1.0032554707294103e-14 0.0 2.444467830803828e-15 ""
17745 2007-10-16 pW6 0.0 0.0 0.0 52.47806152812893 0.0 7.404081077733938 2.944935805014232e-15 0.0 4.86896182973851e-16 ""
17745 2007-10-16 pW7 0.0 0.0 0.0 142.95281510637773 0.0 48.15310783813362 8.134001412833632e-15 0.0 3.332334426985158e-15 ""
17745 2007-10-19 pW6 0.0 0.0 0.0 77.50834180258614 0.0 13.1645961314274 1.429224472458082e-14 0.0 3.242975946279143e-15 ""
17745 2007-10-19 pW7 0.0 0.0 0.0 170.4305135290268 0.0 46.835630909056974 3.1569331792678297e-14 0.0 1.0335794271595929e-14 ""
17745 2007-11-10 pW6 0.0 0.0 0.0 31.64388931741552 0.0 7.656431156144361 2.386608759763628e-15 0.0 6.595470412769128e-16 ""
17745 2007-11-10 pW7 0.0 0.0 0.0 206.29355450289125 0.0 31.999616699367948 1.5574590359722833e-14 0.0 3.3586733633931294e-15 ""
17745 2007-11-17 pW6 0.0 0.0 0.0 34.760846591203304 0.0 10.978875169507175 2.9372488282691326e-15 0.0 1.0397491094145853e-15 ""
17745 2007-11-17 pW7 0.0 0.0 0.0 238.34614630428 0.0 65.26461806285793 2.4107658056814078e-14 0.0 9.886655803224531e-15 ""
17784 2007-09-18 pW6 nan nan nan nan nan nan nan nan nan "Range too small. Please select a wider range"
17784 2007-09-18 pW7 nan nan nan nan nan nan nan nan nan "Range too small. Please select a wider range"
17784 2007-09-29 pW6 0.0 0.0 0.0 14.200115028577047 0.0 20.94630268637134 9.571874164089388e-15 0.0 1.2875960775089577e-14 ""
17784 2007-09-29 pW7 0.0 0.0 0.0 82.06473700142311 0.0 34.8131394059897 4.036503950656121e-14 0.0 2.0583826565098627e-14 ""
17784 2007-10-07 pW6 0.0 0.0 0.0 80.66374504134131 0.0 12.489997740985586 1.1249079814445658e-14 0.0 2.25448639316643e-15 ""
17784 2007-10-07 pW7 0.0 0.0 0.0 131.6362814510996 0.0 15.081533831322536 1.6696654798110177e-14 0.0 2.8185088810592323e-15 ""
17784 2007-10-11 pW6 0.0 0.0 0.0 84.51970330470135 0.0 6.817283048406305 2.2403518491343027e-14 0.0 2.442508593929662e-15 ""
17784 2007-10-11 pW7 0.0 0.0 0.0 133.90365172997465 0.0 9.217742342907355 3.297821225212039e-14 0.0 2.9985032952689904e-15 ""
17784 2007-10-20 pW6 0.0 0.0 0.0 67.24960823456198 0.0 6.0083720302326356 1.3941556065403371e-14 0.0 1.6211580655692192e-15 ""
17784 2007-10-20 pW7 0.0 0.0 0.0 207.66915801141036 0.0 9.840631261124031 3.722499575811048e-14 0.0 2.548223631267076e-15 ""
17784 2007-11-09 pW6 0.0 0.0 0.0 69.83745863997063 0.0 9.312301203464472 4.191957905458953e-15 0.0 7.370335881876188e-16 ""
17784 2007-11-09 pW7 0.0 0.0 0.0 240.64571475347967 0.0 17.408332949797988 1.2411226438655526e-14 0.0 1.3790437362218912e-15 ""
17784 2007-12-02 pW6 0.0 0.0 0.0 101.56346140853088 0.0 11.845163868692408 3.834828275811679e-15 0.0 6.180107049296339e-16 ""
17784 2007-12-02 pW7 0.0 0.0 0.0 194.84828252778368 0.0 27.766663041081287 6.725681832629071e-15 0.0 1.2608819870409276e-15 ""
17790 2007-09-18 pW6 nan nan nan nan nan nan nan nan nan "Range too small. Please select a wider range"
17790 2007-09-18 pW7 nan nan nan nan nan nan nan nan nan "Range too small. Please select a wider range"
17791 2007-10-04 pW6 0.0 0.0 0.0 -0.42930469378251435 0.0 130.89574734372738 4.92297409609526e-16 0.0 9.405456512410654e-16 ""
17791 2007-10-04 pW7 0.0 0.0 0.0 110.1183471840287 0.0 1246.4641762673648 3.6377604670048435e-15 0.0 3.679030671563999e-15 ""
17801 2007-10-07 pW6 0.0 0.0 0.0 55.386068178783816 0.0 7.880279370737571 1.1397721665089797e-15 0.0 1.9544537235537073e-16 ""
17801 2007-10-07 pW7 0.0 0.0 0.0 149.70379813985707 0.0 250.17752340464014 4.894407910480843e-15 0.0 3.88106960348798e-15 ""
17809 2007-10-08 pW6 0.0 0.0 0.0 35.67441550467482 0.0 373.530470896852 4.467406044486324e-16 0.0 6.828569196598443e-16 ""
17809 2007-10-08 pW7 0.0 0.0 0.0 306.4613114929476 0.0 2077.8062858813837 2.6612260125249465e-15 0.0 4.1101614978121584e-15 ""
17811 2007-09-18 pW6 0.0 0.0 0.0 12.142709070100521 0.0 20.305481442091693 1.605422384917539e-16 0.0 2.3430452752782855e-16 ""
17811 2007-09-18 pW7 0.0 0.0 0.0 81.0853586549683 0.0 142.304669064607 1.1040696438760362e-15 0.0 8.410074381603137e-16 ""
17825 2007-09-18 pW6 0.0 0.0 0.0 -4.8648689572291035 0.0 51.193224540503344 4.2911239937059274e-17 0.0 4.605448379327625e-16 ""
17825 2007-09-18 pW7 0.0 0.0 0.0 76.8130839409112 0.0 54.34984578878474 7.137653462097886e-16 0.0 5.03335416540187e-16 ""
17875 2007-09-20 pW6 0.0 0.0 0.0 -4.122636800563313 0.0 32.02181164684893 -1.3861754314912763e-18 0.0 2.622709851306702e-16 ""
17875 2007-09-20 pW7 0.0 0.0 0.0 45.60475409112346 0.0 98.97111102824938 5.426943844550376e-16 0.0 7.398428835012908e-16 ""
17880 2007-09-18 pW6 nan nan nan nan nan nan nan nan nan "Range too small. Please select a wider range"
17880 2007-09-18 pW7 nan nan nan nan nan nan nan nan nan "Range too small. Please select a wider range"
17880 2007-09-21 pW6 0.0 0.0 0.0 8.261999185317203 0.0 4.191681236853563 5.729261998819327e-16 0.0 2.9855029943724737e-16 ""
17880 2007-09-21 pW7 0.0 0.0 0.0 139.0949742262042 0.0 33.764481076501085 8.781289401372321e-15 0.0 2.420462250092188e-15 ""
17880 2007-10-07 pW6 0.0 0.0 0.0 51.50777169586871 0.0 34.878517707121844 9.40127638528532e-16 0.0 7.15049183367604e-16 ""
17880 2007-10-07 pW7 0.0 0.0 0.0 120.57289032257938 0.0 87.98887854139342 2.4324542491359452e-15 0.0 1.799468812130076e-15 ""
17880 2007-10-16 pW6 0.0 0.0 0.0 23.341596501819293 0.0 20.79267091178306 8.434331575589533e-16 0.0 7.25600578895065e-16 ""
17880 2007-10-16 pW7 0.0 0.0 0.0 129.87987568275 0.0 63.34482833254081 4.942621407574166e-15 0.0 2.921324982849256e-15 ""
17884 2007-10-07 pW6 0.0 0.0 0.0 186.35377757612736 0.0 577.7694368704725 6.613459213697653e-16 0.0 7.840318237006428e-16 ""
17884 2007-10-07 pW7 nan nan nan nan nan nan nan nan nan "Feature not in spectral wavelength range."
17886 2007-09-18 pW6 nan nan nan nan nan nan nan nan nan "Range too small. Please select a wider range"
17886 2007-09-18 pW7 nan nan nan nan nan nan nan nan nan "Range too small. Please select a wider range"
17886 2007-10-06 pW6 0.0 0.0 0.0 62.792914428258264 0.0 8.620196900455037 4.948763578108477e-15 0.0 8.279520657760039e-16 ""
17886 2007-10-06 pW7 0.0 0.0 0.0 197.873093560413 0.0 11.719683292767831 1.4447349633146656e-14 0.0 1.3170380020991338e-15 ""
17886 2007-10-10 pW6 0.0 0.0 0.0 16.594703847121842 0.0 7.459611245817348 3.1253764112392214e-15 0.0 1.5218342048712231e-15 ""
17886 2007-10-10 pW7 0.0 0.0 0.0 157.2601025527488 0.0 15.280473690334695 2.4433827298921373e-14 0.0 3.0531551074307295e-15 ""
17886 2007-10-19 pW6 0.0 0.0 0.0 7.24173455176947 0.0 1.5724025907312602 2.098073042356265e-14 0.0 4.670234709317828e-15 ""
17886 2007-10-19 pW7 0.0 0.0 0.0 33.382418413880536 0.0 13.919973152373327 9.564700922558844e-14 0.0 3.994719135418669e-14 ""
1794 2005-09-24 pW6 0.0 0.0 0.0 41.66212619928682 0.0 23.965912545549035 1.6834599905197007e-15 0.0 1.0885582666507504e-15 ""
1794 2005-09-24 pW7 0.0 0.0 0.0 192.10276291874754 0.0 89.6074232863516 8.089968303536341e-15 0.0 4.719702975110301e-15 ""
18030 2007-10-08 pW6 0.0 0.0 0.0 11.779637147311462 0.0 6.231692191067397 6.618225707043771e-16 0.0 3.600870866522211e-16 ""
18030 2007-10-08 pW7 0.0 0.0 0.0 76.5273809725899 0.0 15.49899351760017 3.727161296989024e-15 0.0 9.350117040722679e-16 ""
18091 2007-10-08 pW6 0.0 0.0 0.0 13.56993981911467 0.0 14.289828355575764 1.8327538350187987e-15 0.0 1.9467840803523677e-15 ""
18091 2007-10-08 pW7 0.0 0.0 0.0 227.1239049269292 0.0 119.7249410167016 5.4997882763018714e-14 0.0 4.692158250801959e-14 ""
18241 2007-09-28 pW6 0.0 0.0 0.0 -90.11837988120189 0.0 201.73279426744062 -1.1595532358120679e-15 0.0 5.236223701219881e-15 ""
18241 2007-09-28 pW7 0.0 0.0 0.0 92.66771781155336 0.0 122.48886892392461 8.18446090537199e-15 0.0 7.48521048163984e-15 ""
18298 2007-10-11 pW6 0.0 0.0 0.0 12.491917588829246 0.0 9.538844442289156 3.253040355488282e-15 0.0 2.5597894040142412e-15 ""
18298 2007-10-11 pW7 nan nan nan nan nan nan nan nan nan "Feature not in spectral wavelength range."
18323 2007-10-06 pW6 0.0 0.0 0.0 18.068817779700982 0.0 7.799349984347379 5.597759981829415e-16 0.0 2.628032392000362e-16 ""
18323 2007-10-06 pW7 0.0 0.0 0.0 103.46303100963667 0.0 19.308613945205323 2.6657333053675353e-15 0.0 6.346748387695786e-16 ""
18325 2007-10-17 pW6 0.0 0.0 0.0 38.075529590792 0.0 22.391385007469005 2.858198395684031e-16 0.0 1.89188714650162e-16 ""
18325 2007-10-17 pW7 0.0 0.0 0.0 77.64925442028638 0.0 31.925355423464943 5.385044193597241e-16 0.0 3.1862736559296026e-16 ""
18375 2007-10-10 pW6 0.0 0.0 0.0 5.380086705672074 0.0 4.706913806494415 7.954162814247618e-16 0.0 7.071891635756477e-16 ""
18375 2007-10-10 pW7 0.0 0.0 0.0 73.05097939447285 0.0 33.75198441763872 9.833182857438135e-15 0.0 4.957678162770815e-15 ""
18375 2007-10-16 pW6 0.0 0.0 0.0 6.1171245085176 0.0 5.038204980408626 7.516064728423873e-16 0.0 6.247259771759476e-16 ""
18375 2007-10-16 pW7 0.0 0.0 0.0 88.54591195891133 0.0 53.69386062406859 1.1756343228684204e-14 0.0 8.145417971974816e-15 ""
18375 2007-10-21 pW6 0.0 0.0 0.0 4.729396504746762 0.0 18.909751905479993 8.36342202889185e-16 0.0 2.2865249250536704e-15 ""
18375 2007-10-21 pW7 0.0 0.0 0.0 68.05891371751396 0.0 57.553224161176594 9.822337820905682e-15 0.0 7.662912863694247e-15 ""
18415 2007-10-04 pW6 0.0 0.0 0.0 -2.411096104894622 0.0 52.00546888582295 3.0760322560079027e-16 0.0 1.5437669663247724e-15 ""
18415 2007-10-04 pW7 0.0 0.0 0.0 39.533866092648736 0.0 145.41412174257601 2.7949267416671357e-15 0.0 4.933385272674724e-15 ""
18415 2007-10-06 pW6 0.0 0.0 0.0 14.415108228288206 0.0 10.80042612602175 7.684708695258783e-16 0.0 5.972380960298603e-16 ""
18415 2007-10-06 pW7 0.0 0.0 0.0 84.26976165118322 0.0 7.933899163265634 3.662197091789629e-15 0.0 4.465115257326428e-16 ""
18451 2007-10-15 pW6 0.0 0.0 0.0 -247.3599919026208 0.0 2565.7850632332606 2.605171671245963e-17 0.0 1.1961045442921508e-15 ""
18451 2007-10-15 pW7 0.0 0.0 0.0 117.14337249944977 0.0 414.0904580161616 3.5169386139905434e-15 0.0 5.567836453669362e-15 ""
18456 2007-10-12 pW6 0.0 0.0 0.0 19.406343989122522 0.0 35.354194586952104 9.454911341643858e-16 0.0 1.3445657961153926e-15 ""
18456 2007-10-12 pW7 0.0 0.0 0.0 148.15335958147926 0.0 107.59940693088954 7.623104243012084e-15 0.0 5.789529649161406e-15 ""
18463 2007-10-08 pW6 0.0 0.0 0.0 1.6368986287661773 0.0 63.420182448042404 2.1641209271699958e-16 0.0 8.021799134784441e-16 ""
18463 2007-10-08 pW7 0.0 0.0 0.0 -156.02746450892465 0.0 2570.1205870235635 1.271446620124548e-15 0.0 1.4665271015825973e-15 ""
18466 2007-10-14 pW6 0.0 0.0 0.0 -69.28610634880141 0.0 142.4611441219573 -8.143950145806944e-17 0.0 3.443965260522072e-16 ""
18466 2007-10-14 pW7 0.0 0.0 0.0 -16.037226497813908 0.0 253.3335782076848 2.908022620808918e-16 0.0 6.0554378039908945e-16 ""
18485 2007-10-20 pW6 0.0 0.0 0.0 2.1342318368058883 0.0 13.932540486200383 3.5250983792991583e-17 0.0 1.5028840930727322e-16 ""
18485 2007-10-20 pW7 0.0 0.0 0.0 140.58831893717016 0.0 83.21872033630699 2.0199405171170855e-15 0.0 1.2741794844042852e-15 ""
