results/spec_class/sdss_sako18spec_rv3_1_bin5.0_methgauss_step5.ecsv
# %ECSV 0.9
# ---
# datatype:
# - {name: obj_id, datatype: string}
# - {name: sid, datatype: string}
# - {name: date, datatype: string}
# - {name: type, datatype: string}
# - {name: feat_name, datatype: string}
# - {name: feat_start, datatype: float64}
# - {name: feat_end, datatype: float64}
# - {name: vel, datatype: float64}
# - {name: vel_err, datatype: float64}
# - {name: vel_samperr, datatype: float64}
# - {name: pew, datatype: float64}
# - {name: pew_err, datatype: float64}
# - {name: pew_samperr, datatype: float64}
# - {name: area, datatype: float64}
# - {name: area_err, datatype: float64}
# - {name: area_samperr, datatype: float64}
# - {name: msg, datatype: string}
# meta: !!omap
# - {bin_size: 5.0}
# - {method: gauss}
# - {nstep: 5}
# - {rv: 3.1}
# schema: astropy-2.0
obj_id sid date type feat_name feat_start feat_end vel vel_err vel_samperr pew pew_err pew_samperr area area_err area_samperr msg
[from data line 180]
15171 1229 2006-10-28 Ia pW7 5868.190453457769 6291.685060047796 9572.89748536349 0.0 0.0 88.26283060877535 0.0 2.520546339688979 3.3380840009863894e-15 0.0 1.2723456924114496e-16 ""
15171 1229 2006-10-28 Ia pW6 5614.633173079025 5868.190453457769 12246.79418850152 0.0 0.0 28.07361380956063 0.0 2.574165705779937 1.2200809592753839e-15 0.0 1.2280267340281138e-16 ""
15201 1116 2006-10-18 Ia pW6 5581.085468438958 5992.100466114668 nan nan nan nan nan nan nan nan nan "Optimal parameters not found: Number of calls to function has reached maxfev = 1000."
15201 1116 2006-10-18 Ia pW7 5992.100466114668 6459.16296347343 8870.563768571023 0.0 0.0 66.51315169248895 0.0 6.124356557724799 2.9119004055957637e-15 0.0 2.9584136983253887e-16 ""
15203 1026 2006-10-16 Ia pW7 5791.375583457981 6263.405502054166 11310.389489169931 0.0 0.0 27.55648659594777 0.0 1.9567594535961121 6.19559594522031e-17 0.0 4.702171093920448e-18 ""
15203 1026 2006-10-16 Ia pW6 5552.377789627155 5800.360246903925 12460.208412643142 0.0 0.0 9.971719944324132 0.0 1.2120397383826509 2.4704308136925118e-17 0.0 3.1227169038790287e-18 ""
15213 1233 2006-10-26 Ia pW7 5847.80954240479 6338.502598784641 nan nan nan nan nan nan nan nan nan "Optimal parameters not found: Number of calls to function has reached maxfev = 1000."
15213 1233 2006-10-26 Ia pW6 5554.084825557696 5847.80954240479 13349.093618643172 0.0 0.0 11.849065908499472 0.0 1.9781023529642696 4.929982827768838e-16 0.0 8.563713918399849e-17 ""
15217 1016 2006-10-15 Ia pW7 5824.294276930322 6347.933191827343 11267.538086784005 0.0 0.0 180.90162491355971 0.0 11.949154175506202 3.80668197224154e-16 0.0 3.8573858387344814e-17 ""
15217 1016 2006-10-15 Ia pW6 5580.9676436138525 5824.294276930322 14080.457657520656 0.0 0.0 30.238797705704727 0.0 5.098785509243537 6.541847130013246e-17 0.0 1.2337176869464597e-17 ""
15229 1154 2006-10-23 Ia pW6 5690.889356019047 5955.314600324802 6778.669197043159 0.0 0.0 51.07480273305557 0.0 8.032683181350587 2.285476059164177e-15 0.0 4.544209648901681e-16 ""
15229 1154 2006-10-23 Ia pW7 5955.314600324802 6316.845160336058 8769.347084194382 0.0 0.0 185.41083843904914 0.0 9.65208980365869 1.0831625589445266e-14 0.0 1.159499378236539e-15 ""
15234 1219 2006-10-27 Ia? pW6 5581.818541961316 5851.962585318253 13485.79963564611 0.0 0.0 16.09924490992306 0.0 1.0083414244738906 1.1015550623607862e-15 0.0 7.376127032336365e-17 ""
15234 1219 2006-10-27 Ia? pW7 5851.962585318253 6382.6026704836695 7081.098994711163 0.0 0.0 47.08728572773332 0.0 3.2493663535123223 3.1357148985517667e-15 0.0 2.3983129945084726e-16 ""
15259 1051 2006-10-16 Ia pW7 5851.252562768485 6363.137165430762 7537.473554281302 0.0 0.0 144.88498704100138 0.0 7.118536597796785 1.2558707144528646e-16 0.0 9.200881473849408e-18 ""
15259 1051 2006-10-16 Ia pW6 5639.98268906806 5851.252562768485 12138.780609629037 0.0 0.0 14.024475999460194 0.0 1.8917698447936517 1.2676241494010219e-17 0.0 1.8058682492967743e-18 ""
15287 1057 2006-10-18 Ia pW6 5644.736880030478 5884.277780025552 7811.677254859308 0.0 0.0 40.71524396867235 0.0 1.512148633078765 9.42915322904158e-18 0.0 4.1527152239925793e-19 ""
15287 1057 2006-10-18 Ia pW7 5878.423655485021 6386.597766056098 11656.155639892208 0.0 0.0 224.51180176431512 0.0 20.666927979502326 8.345394677839677e-17 0.0 1.494646271126032e-17 ""
15340 1146 2006-10-29 Ia pW6 5611.352147645249 5963.57232852595 8312.81568445516 0.0 0.0 19.6551285680962 0.0 3.858008828716209 4.1891412413369325e-16 0.0 8.564513062873443e-17 ""
15340 1146 2006-10-29 Ia pW7 5961.978572051372 6322.167535304938 9656.742576438945 0.0 0.0 82.60230658409344 0.0 6.473022798095624 1.6841947410921207e-15 0.0 1.668465448036421e-16 ""
15354 1110 2006-10-18 Ia pW6 2962.736672985563 5607.883743833852 nan nan nan nan nan nan nan nan nan "index -1 is out of bounds for axis 0 with size 0"
15354 1110 2006-10-18 Ia pW7 6369.891799486713 6369.891799486713 nan nan nan nan nan nan nan nan nan "Range too small. Please select a wider range"
15356 1212 2006-10-28 Ia pW7 5968.269225483559 6212.715551101907 11362.4509184641 0.0 0.0 33.145358778823166 0.0 4.036948326529952 1.0925089215337297e-15 0.0 1.5564421377003296e-16 ""
15356 1212 2006-10-28 Ia pW6 5628.169989840655 5968.269225483559 7417.65918542469 0.0 0.0 12.921471343618565 0.0 2.5828311265781405 4.069375505684377e-16 0.0 8.37144990932328e-17 ""
15365 1167 2006-10-23 Ia pW6 5013.2697699205655 5013.2697699205655 nan nan nan nan nan nan nan nan nan "Range too small. Please select a wider range"
15365 1167 2006-10-23 Ia pW7 nan nan nan nan nan nan nan nan nan nan nan "Feature not in spectral wavelength range."
15383 1241 2006-10-27 Ia pW6 5596.624380127853 5843.7951143805585 11801.802952010163 0.0 0.0 2.539227837885028 0.0 2.2775666454126955 9.077697970309177e-17 0.0 8.59950432608635e-17 ""
15383 1241 2006-10-27 Ia pW7 5843.7951143805585 6320.971948562874 12356.957273226546 0.0 0.0 55.29454247436328 0.0 14.944001505617656 1.945282123093191e-15 0.0 5.660094186444467e-16 ""
15421 1140 2006-10-22 Ia pW6 5668.618500012512 5958.372607921461 8174.543140278247 0.0 0.0 16.40275443845033 0.0 1.5868395577008132 5.545955488367828e-16 0.0 5.656542212117715e-17 ""
15421 1140 2006-10-22 Ia pW7 nan nan nan nan nan nan nan nan nan nan nan "Feature not in spectral wavelength range."
15433 1171 2006-10-31 Ia pW6 5593.820629748988 5968.171292497896 7975.380490644933 0.0 0.0 18.626655854974967 0.0 1.9765940029319466 1.6266096373151885e-15 0.0 1.822841825101471e-16 ""
15433 1171 2006-10-31 Ia pW7 5968.171292497896 6391.936242729651 6037.057573312204 0.0 0.0 52.74436086438629 0.0 3.2218617992173137 4.7263371836085045e-15 0.0 3.297489064636402e-16 ""
15440 1240 2006-10-28 Ia pW6 5567.739473094648 5832.415739267451 nan nan nan nan nan nan nan nan nan "Optimal parameters not found: Number of calls to function has reached maxfev = 1000."
15440 1240 2006-10-28 Ia pW7 5832.415739267451 6461.916048002782 8971.07986131642 0.0 0.0 53.29681641158047 0.0 2.114940758865398 1.9093482822760377e-15 0.0 8.292217092769488e-17 ""
15456 1237 2006-10-28 Ia pW6 5642.603947344588 5995.539020498958 nan nan nan nan nan nan nan nan nan "Optimal parameters not found: Number of calls to function has reached maxfev = 1000."
15456 1237 2006-10-28 Ia pW7 5995.539020498958 6266.776160052786 10774.349668935325 0.0 0.0 67.26685763532596 0.0 3.84818138832932 7.550096613627034e-16 0.0 5.753868482432597e-17 ""
15459 1144 2006-10-23 Ia pW6 5607.122569073217 6006.83322217918 6934.809922903442 0.0 0.0 24.46032930290129 0.0 5.771620068952734 7.16909834969354e-16 0.0 1.812333319530776e-16 ""
15459 1144 2006-10-23 Ia pW7 6006.83322217918 6310.722828307679 9150.547194287628 0.0 0.0 36.87058384596016 0.0 2.6399576200262085 1.0045484492719942e-15 0.0 8.097262351269464e-17 ""
15467 1180 2006-10-29 Ia pW7 5942.828755596218 6226.971477473083 10654.141213215627 0.0 0.0 29.78436143746921 0.0 5.600061178908689 1.010497477180479e-15 0.0 2.101505291009796e-16 ""
15467 1180 2006-10-29 Ia pW6 5640.549264237854 5945.851550509803 7342.821978191244 0.0 0.0 33.95347890322606 0.0 3.815424582983674 1.2577686720301057e-15 0.0 1.5697616029198268e-16 ""
15508 1148 2006-10-29 Ia pW7 5828.501483499673 6329.027211170851 12049.777937494471 0.0 0.0 63.27483394814243 0.0 2.5292211168458927 1.5245349118602295e-15 0.0 7.080793120384379e-17 ""
15508 1148 2006-10-29 Ia pW6 5674.2854484874715 5828.501483499673 10514.381251898 0.0 0.0 8.770278634944553 0.0 1.204347527899745 2.3896510131167178e-16 0.0 3.469855198646468e-17 ""
15508 1275 2006-11-08 Ia pW7 5997.442855565034 6259.889054074383 9932.093128709303 0.0 0.0 33.95874990999953 0.0 1.201017653610888 1.5827550811765754e-15 0.0 6.26963782536005e-17 ""
15508 1275 2006-11-08 Ia pW6 5572.65880230764 5997.442855565034 5984.779667512023 0.0 0.0 28.215705007670618 0.0 3.597797182465826 1.3952900906288762e-15 0.0 1.9500586888798478e-16 ""
15648 1313 2006-11-13 Ia pW6 5590.511331063325 5894.135867962732 9158.085770596213 0.0 0.0 22.28637737826184 0.0 0.6717308269900572 7.577802757351804e-16 0.0 2.4808935120492063e-17 ""
15648 1313 2006-11-13 Ia pW7 5894.135867962732 6374.554439006106 8501.103919982346 0.0 0.0 98.23601526343269 0.0 1.9671541407065338 3.2653705914547525e-15 0.0 8.502901619323657e-17 ""
15776 1286 2006-10-31 Ia pW7 nan nan nan nan nan nan nan nan nan nan nan "Feature not in spectral wavelength range."
15776 1286 2006-10-31 Ia pW6 nan nan nan nan nan nan nan nan nan nan nan "Feature not in spectral wavelength range."
1580 114 2005-09-24 Ia pW6 5592.729849796098 5850.246763537036 9647.022911630427 0.0 0.0 53.83282777300199 0.0 3.536195536004817 1.6555774225892176e-15 0.0 1.3445056871666465e-16 ""
1580 114 2005-09-24 Ia pW7 5849.545082573163 6335.809990536309 11737.659269905513 0.0 0.0 93.85924289073387 0.0 29.761437497582367 2.3653737533002553e-15 0.0 7.140568257933392e-16 ""
15868 1279 2006-11-09 Ia pW6 5636.715742799926 5636.715742799926 nan nan nan nan nan nan nan nan nan "Range too small. Please select a wider range"
15868 1279 2006-11-09 Ia pW7 nan nan nan nan nan nan nan nan nan nan nan "Feature not in spectral wavelength range."
15868 1627 2006-11-14 Ia? pW6 5481.990496117202 5481.990496117202 nan nan nan nan nan nan nan nan nan "Range too small. Please select a wider range"
15868 1627 2006-11-14 Ia? pW7 7326.655596172823 7326.655596172823 nan nan nan nan nan nan nan nan nan "Range too small. Please select a wider range"
15872 1272 2006-11-08 Ia pW6 5776.712118905556 5776.712118905556 nan nan nan nan nan nan nan nan nan "Range too small. Please select a wider range"
15872 1272 2006-11-08 Ia pW7 nan nan nan nan nan nan nan nan nan nan nan "Feature not in spectral wavelength range."
16021 1265 2006-11-08 Ia pW7 5970.752286525019 6287.460089258089 10342.138083013111 0.0 0.0 35.78013393431626 0.0 1.035113569874033 3.24597739485432e-15 0.0 1.0590645054765971e-16 ""
16021 1265 2006-11-08 Ia pW6 5651.314244113229 5970.752286525019 8712.798381698147 0.0 0.0 40.113843084974754 0.0 1.2342785339138884 3.88928938746407e-15 0.0 1.3522103996437927e-16 ""
16032 1310 2006-11-13 Ia pW7 5915.342877152071 6219.060314929171 11281.038475300902 0.0 0.0 87.33156613387138 0.0 5.018919669475014 1.523526426556001e-15 0.0 1.3601334936888645e-16 ""
16032 1310 2006-11-13 Ia pW6 5559.131067413496 5915.342877152071 11273.504057118427 0.0 0.0 19.535913191785404 0.0 2.558687396374203 3.841729228063506e-16 0.0 5.3287671338913954e-17 ""
16069 1269 2006-11-08 Ia pW7 5831.014587475311 6304.978104164839 11618.36564226151 0.0 0.0 111.09380011901594 0.0 1.3647336872345557 6.041585093164263e-15 0.0 1.0052430499262233e-16 ""
16069 1269 2006-11-08 Ia pW6 5697.542102890328 5831.014587475311 10926.66902943387 0.0 0.0 1.7984781728698438 0.0 0.8410272067336181 1.0902328078592767e-16 0.0 5.1628379122243175e-17 ""
16069 1358 2006-11-17 Ia? pW7 5820.079524274781 6307.585574483205 nan nan nan nan nan nan nan nan nan "Range too small. Please select a wider range"
16069 1358 2006-11-17 Ia? pW6 5601.504599608894 5822.927484069763 nan nan nan nan nan nan nan nan nan "Range too small. Please select a wider range"
16072 1306 2006-11-16 Ia pW7 5828.029392199204 6538.144271611789 3819.873383588311 0.0 0.0 109.37583524737579 0.0 21.29755471171385 9.059580183654614e-15 0.0 2.048387549498493e-15 ""
16072 1306 2006-11-16 Ia pW6 5557.342037175593 5828.029392199204 14595.007071656333 0.0 0.0 3.8572338153612216 0.0 0.6591020287533224 3.367970065932001e-16 0.0 5.816078737171465e-17 ""
16099 1318 2006-11-13 Ia pW7 5861.2798867719885 6314.006685288163 11396.307584045526 0.0 0.0 30.215579353448984 0.0 2.095712515288349 2.834248075651412e-15 0.0 2.1110124763863939e-16 ""
16099 1318 2006-11-13 Ia pW6 5578.325637699383 5872.598056734892 11945.634024638373 0.0 0.0 -0.25670662448058273 0.0 0.5225812357630726 -2.5522264047445726e-17 0.0 5.19087106290218e-17 ""
16100 1319 2006-11-13 Ia pW6 5636.232144376169 5912.074617500773 9002.264157094834 0.0 0.0 16.95594320186387 0.0 1.0294392502176903 9.947130048239509e-16 0.0 6.483299257113889e-17 ""
16100 1319 2006-11-13 Ia pW7 5912.074617500773 6373.071627380254 9370.780264808227 0.0 0.0 111.48005348545603 0.0 1.5469015850746137 5.949124565156262e-15 0.0 1.1094393789726788e-16 ""
16106 1302 2006-11-11 Ia pW7 6047.230703899577 6047.230703899577 nan nan nan nan nan nan nan nan nan "Range too small. Please select a wider range"
16106 1302 2006-11-11 Ia pW6 5508.927449237554 5508.927449237554 nan nan nan nan nan nan nan nan nan "Range too small. Please select a wider range"
16116 1389 2006-11-19 Ia pW6 5551.674104284063 5830.3983906125595 13432.760852216015 0.0 0.0 18.68715584609769 0.0 2.348147845287503 7.100602681423888e-16 0.0 9.521586787143877e-17 ""
16116 1389 2006-11-19 Ia pW7 5830.3983906125595 6300.247901852031 nan nan nan nan nan nan nan nan nan "Optimal parameters not found: Number of calls to function has reached maxfev = 1000."
16165 1326 2006-11-17 Ia pW6 5604.312820736056 5899.293075084385 nan nan nan nan nan nan nan nan nan "Range too small. Please select a wider range"
16165 1326 2006-11-17 Ia pW7 5899.293075084385 6349.539874413332 nan nan nan nan nan nan nan nan nan "Range too small. Please select a wider range"
16185 1384 2006-11-19 Ia pW7 5936.696010643257 6343.682364953376 8884.314512299845 0.0 0.0 70.23912933137919 0.0 1.0510974720771238 3.681338528454828e-15 0.0 6.549203648654255e-17 ""
16185 1384 2006-11-19 Ia pW6 5627.2748782567905 5936.696010643257 9682.001585565036 0.0 0.0 22.69673343828108 0.0 1.3264911726737887 1.2242228357014513e-15 0.0 7.685930665910474e-17 ""
16206 1501 2006-11-25 Ia pW7 5841.615778791297 6421.097609484942 6989.612644070241 0.0 0.0 35.15824607493715 0.0 0.772032340542333 2.6044561382820527e-15 0.0 6.040228151761475e-17 ""
16206 1501 2006-11-25 Ia pW6 5560.448736863319 5841.615778791297 11879.181684333875 0.0 0.0 5.524786837521069 0.0 0.6927104442974411 4.1055817461974586e-16 0.0 5.2429401067123355e-17 ""
16213 1377 2006-11-19 Ia pW6 5673.61236335077 5947.167151705027 6839.575155904522 0.0 0.0 67.03053890340199 0.0 3.52708675813779 5.245714086756958e-16 0.0 3.714230083599709e-17 ""
16213 1377 2006-11-19 Ia pW7 5942.7191063659375 6331.923073536639 9405.218566251719 0.0 0.0 151.19037195911906 0.0 7.233392518226328 1.1060622684683958e-15 0.0 8.879186833190354e-17 ""
16215 1295 2006-11-20 Ia pW6 5601.871851304151 5830.500677174034 12196.473020046458 0.0 0.0 5.118456586061526 0.0 0.7552328319827419 8.798004552674877e-16 0.0 1.3295682235821157e-16 ""
16215 1295 2006-11-20 Ia pW7 5830.500677174034 6378.623631503104 11090.626846013103 0.0 0.0 71.62787209155871 0.0 1.604904182922593 1.1544693470048461e-14 0.0 2.974855174917946e-16 ""
16215 1456 2006-11-25 Ia pW6 5609.665049252755 5842.317386800297 11652.788766292733 0.0 0.0 9.129517257222979 0.0 0.5548811201939752 1.0312412583976024e-15 0.0 6.544322078159432e-17 ""
16215 1456 2006-11-25 Ia pW7 5842.317386800297 6383.932862854181 11237.451333591296 0.0 0.0 89.949320951329 0.0 1.204479428853794 9.709546111647624e-15 0.0 1.5648773689989425e-16 ""
16215 1482 2006-11-30 Ia pW7 5803.307908073078 6413.116817857039 10615.574421099102 0.0 0.0 78.2343406272635 0.0 3.977075803439355 1.653967111461594e-14 0.0 9.598102220654947e-16 ""
16215 1482 2006-11-30 Ia pW6 5592.220208532472 5803.307908073078 nan nan nan nan nan nan nan nan nan "Optimal parameters not found: Number of calls to function has reached maxfev = 1000."
16259 1375 2006-11-18 Ia pW6 5650.010291662789 5842.110287638278 11037.390541871824 0.0 0.0 33.25881787864294 0.0 1.4263589559632937 1.1935829879228557e-15 0.0 6.143330968690223e-17 ""
16259 1375 2006-11-18 Ia pW7 5839.366001981486 6344.314562831352 10567.042484627978 0.0 0.0 146.39027027029633 0.0 3.083373608527458 4.434662034736204e-15 0.0 1.319673840065155e-16 ""
16276 1400 2006-11-18 Ia pW6 5635.363366469206 5998.882646761638 9344.926251530906 0.0 0.0 43.31634965732635 0.0 6.905523033817831 6.373367353541012e-16 0.0 1.1293060682553648e-16 ""
