results/spec_class/sdss_sako18spec_0_steps.ecsv
# %ECSV 0.9
# ---
# datatype:
# - {name: obj_id, datatype: string}
# - {name: date, datatype: string}
# - {name: feat_name, datatype: string}
# - {name: vel, datatype: float64}
# - {name: vel_err, datatype: float64}
# - {name: vel_samperr, datatype: float64}
# - {name: pew, datatype: float64}
# - {name: pew_err, datatype: float64}
# - {name: pew_samperr, datatype: float64}
# - {name: area, datatype: float64}
# - {name: area_err, datatype: float64}
# - {name: area_samperr, datatype: float64}
# - {name: msg, datatype: string}
# schema: astropy-2.0
obj_id date feat_name vel vel_err vel_samperr pew pew_err pew_samperr area area_err area_samperr msg
[from data line 444]
15222 2006-10-16 pW6 11779.612761741404 0.0 0.0 63.40269044742337 0.0 0.0 4.742477057517411e-17 0.0 0.0 ""
15222 2006-10-16 pW7 -29.945279405683326 0.0 0.0 299.4035688906972 0.0 0.0 3.533875934264932e-16 0.0 0.0 ""
15229 2006-10-23 pW6 6607.056833704686 0.0 0.0 154.42412902556805 0.0 0.0 1.0045970252888487e-14 0.0 0.0 ""
15229 2006-10-23 pW7 9621.196641698474 0.0 0.0 350.04006441258593 0.0 0.0 3.5046907927195006e-14 0.0 0.0 ""
15234 2006-10-16 pW6 15192.976444622773 0.0 0.0 30.107787913136747 0.0 0.0 1.8040324730583662e-16 0.0 0.0 ""
15234 2006-10-16 pW7 -3062.369592278805 0.0 0.0 232.6073301003762 0.0 0.0 1.5373828842407814e-15 0.0 0.0 ""
15234 2006-10-27 pW6 13664.77841805726 0.0 0.0 40.0690046372992 0.0 0.0 2.9794956275373005e-15 0.0 0.0 ""
15234 2006-10-27 pW7 -2788.567842404173 0.0 0.0 284.4802890629678 0.0 0.0 3.19855047595317e-14 0.0 0.0 ""
15254 2006-11-20 pW6 13237.769247973338 0.0 0.0 25.29175999259391 0.0 0.0 2.4676232011754547e-16 0.0 0.0 ""
15254 2006-11-20 pW7 4375.682615992547 0.0 0.0 392.5285541221064 0.0 0.0 6.237079639300457e-15 0.0 0.0 ""
15259 2006-10-16 pW6 13496.235693172612 0.0 0.0 46.7451074115078 0.0 0.0 5.283592900600349e-17 0.0 0.0 ""
15259 2006-10-16 pW7 8981.362832443516 0.0 0.0 203.67993936901632 0.0 0.0 2.0760826478820978e-16 0.0 0.0 ""
15287 2006-10-18 pW6 12788.319230146599 0.0 0.0 53.81777362961378 0.0 0.0 1.607908607443861e-17 0.0 0.0 ""
15287 2006-10-18 pW7 11505.330907619711 0.0 0.0 324.1197571855462 0.0 0.0 1.7873227390538532e-16 0.0 0.0 ""
15320 2006-10-17 pW6 18815.84737498184 0.0 0.0 55.6632847105534 0.0 0.0 3.602680305814323e-15 0.0 0.0 ""
15320 2006-10-17 pW7 nan nan nan nan nan nan nan nan nan "Feature not in spectral wavelength range."
15320 2006-10-18 pW6 14181.652197877698 0.0 0.0 51.90060045448803 0.0 0.0 6.140443297728369e-17 0.0 0.0 ""
15320 2006-10-18 pW7 13112.219721391939 0.0 0.0 273.40242870544273 0.0 0.0 3.1788505282736227e-16 0.0 0.0 ""
15320 2006-10-20 pW6 14626.53442274951 0.0 0.0 49.17844383170902 0.0 0.0 2.9684301848166135e-15 0.0 0.0 ""
15320 2006-10-20 pW7 20557.510370135435 0.0 0.0 81.79804347458747 0.0 0.0 3.824804294298223e-15 0.0 0.0 ""
15320 2006-10-21 pW6 17150.537123710532 0.0 0.0 59.508370172527634 0.0 0.0 2.701617778885814e-15 0.0 0.0 ""
15320 2006-10-21 pW7 5223.8584340325315 0.0 0.0 194.80563071005247 0.0 0.0 9.746419279016692e-15 0.0 0.0 ""
15339 2006-10-18 pW6 14961.14730110985 0.0 0.0 18.755343130252072 0.0 0.0 2.5507789735842055e-16 0.0 0.0 ""
15339 2006-10-18 pW7 -6323.419873292189 0.0 0.0 308.13113790050096 0.0 0.0 7.33790457383325e-15 0.0 0.0 ""
15339 2006-11-16 pW6 16925.89225269118 0.0 0.0 4.901094499644017 0.0 0.0 1.526205602370239e-15 0.0 0.0 ""
15339 2006-11-16 pW7 -829.1474801768637 0.0 0.0 309.4456012408834 0.0 0.0 1.5971456473394952e-13 0.0 0.0 ""
15340 2006-10-29 pW6 8866.265499692943 0.0 0.0 63.44560501888833 0.0 0.0 1.6635950930589452e-15 0.0 0.0 ""
15340 2006-10-29 pW7 8829.649789063056 0.0 0.0 213.4965038063827 0.0 0.0 6.23844101177049e-15 0.0 0.0 ""
15354 2006-10-18 pW6 12636.840299267824 0.0 0.0 11.691880108449567 0.0 0.0 3.64911175125084e-17 0.0 0.0 ""
15354 2006-10-18 pW7 13220.477848647522 0.0 0.0 40.32544906744903 0.0 0.0 1.180313478046658e-16 0.0 0.0 ""
15354 2006-10-28 pW6 10322.029487352544 0.0 0.0 50.5341893814348 0.0 0.0 1.1818275765008633e-15 0.0 0.0 ""
15354 2006-10-28 pW7 9393.36151896685 0.0 0.0 89.68681332795194 0.0 0.0 1.9905858907498516e-15 0.0 0.0 ""
15356 2006-10-28 pW6 nan nan nan nan nan nan nan nan nan "Optimal parameters not found: Number of calls to function has reached maxfev = 1000."
15356 2006-10-28 pW7 11557.549768441055 0.0 0.0 105.08234285877069 0.0 0.0 5.2625316906587206e-15 0.0 0.0 ""
15365 2006-10-23 pW6 8955.891072205937 0.0 0.0 26.968955828431092 0.0 0.0 2.956259297588186e-15 0.0 0.0 ""
15365 2006-10-23 pW7 nan nan nan nan nan nan nan nan nan "Feature not in spectral wavelength range."
15369 2006-10-19 pW6 nan nan nan nan nan nan nan nan nan "Feature not in spectral wavelength range."
15369 2006-10-19 pW7 nan nan nan nan nan nan nan nan nan "Feature not in spectral wavelength range."
15369 2006-10-20 pW6 16575.835537930754 0.0 0.0 188.62845456083812 0.0 0.0 7.29508751618751e-15 0.0 0.0 ""
15369 2006-10-20 pW7 nan nan nan nan nan nan nan nan nan "Feature not in spectral wavelength range."
15383 2006-10-27 pW6 14616.939122314589 0.0 0.0 91.17358176317398 0.0 0.0 4.350787534154932e-15 0.0 0.0 ""
15383 2006-10-27 pW7 15475.485634745366 0.0 0.0 181.61061515404677 0.0 0.0 1.1293284970278574e-14 0.0 0.0 ""
15421 2006-10-22 pW6 19329.623710425138 0.0 0.0 34.931568886968165 0.0 0.0 1.340699495298923e-15 0.0 0.0 ""
15421 2006-10-22 pW7 nan nan nan nan nan nan nan nan nan "Feature not in spectral wavelength range."
15425 2006-10-22 pW6 16969.67578675314 0.0 0.0 16.84857831266504 0.0 0.0 1.935752777273716e-15 0.0 0.0 ""
15425 2006-10-22 pW7 nan nan nan nan nan nan nan nan nan "Feature not in spectral wavelength range."
15433 2006-10-31 pW6 3547.766133604589 0.0 0.0 69.0928373287694 0.0 0.0 7.215952170050646e-15 0.0 0.0 ""
15433 2006-10-31 pW7 429.6848083375673 0.0 0.0 216.16001103796782 0.0 0.0 2.6812460599642785e-14 0.0 0.0 ""
15440 2006-10-28 pW6 6481.910069420584 0.0 0.0 16.821453193839773 0.0 0.0 6.579847399368789e-16 0.0 0.0 ""
15440 2006-10-28 pW7 8886.079780145055 0.0 0.0 153.94914175714456 0.0 0.0 6.581138690560991e-15 0.0 0.0 ""
15443 2006-10-23 pW6 10854.669026797486 0.0 0.0 38.999916533876785 0.0 0.0 5.8002119899848595e-15 0.0 0.0 ""
15443 2006-10-23 pW7 -1780.4726472214938 0.0 0.0 432.029714558519 0.0 0.0 1.3026936099047012e-13 0.0 0.0 ""
1545 2005-09-12 pW6 17510.873024528628 0.0 0.0 28.153956868217676 0.0 0.0 8.960168732274158e-16 0.0 0.0 ""
1545 2005-09-12 pW7 -3640.5554008604954 0.0 0.0 261.6317801632559 0.0 0.0 9.870873328955364e-15 0.0 0.0 ""
15453 2006-10-23 pW6 21249.927429134044 0.0 0.0 124.28861745198694 0.0 0.0 2.1232205308587774e-15 0.0 0.0 ""
15453 2006-10-23 pW7 nan nan nan nan nan nan nan nan nan "Feature not in spectral wavelength range."
15456 2006-10-28 pW6 30405.01320834369 0.0 0.0 40.0168330404677 0.0 0.0 5.2069281906332e-16 0.0 0.0 ""
15456 2006-10-28 pW7 11711.578326000777 0.0 0.0 124.30357878704945 0.0 0.0 1.7704426508226588e-15 0.0 0.0 ""
15459 2006-10-23 pW6 9349.977774113051 0.0 0.0 42.20611879314893 0.0 0.0 1.4403154913232098e-15 0.0 0.0 ""
15459 2006-10-23 pW7 nan nan nan nan nan nan nan nan nan "Feature not in spectral wavelength range."
15461 2006-10-22 pW6 9883.475609968185 0.0 0.0 83.98383652012987 0.0 0.0 3.8825147805387304e-15 0.0 0.0 ""
15461 2006-10-22 pW7 nan nan nan nan nan nan nan nan nan "Feature not in spectral wavelength range."
15466 2006-11-10 pW6 17110.015983793186 0.0 0.0 50.79554036747288 0.0 0.0 7.340978829017209e-16 0.0 0.0 ""
15466 2006-11-10 pW7 135.65502742888287 0.0 0.0 254.67166729315954 0.0 0.0 5.269091365195112e-15 0.0 0.0 ""
15467 2006-10-29 pW6 6025.704812987153 0.0 0.0 73.50327191084693 0.0 0.0 3.1970845474971663e-15 0.0 0.0 ""
15467 2006-10-29 pW7 -2667.8182201030672 0.0 0.0 393.2478463903336 0.0 0.0 3.403359328689571e-14 0.0 0.0 ""
15475 2006-10-22 pW6 16207.608983471111 0.0 0.0 65.52915152540874 0.0 0.0 9.363841798909403e-15 0.0 0.0 ""
15475 2006-10-22 pW7 2173.382244640609 0.0 0.0 159.16048754353778 0.0 0.0 2.0284629025640538e-14 0.0 0.0 ""
15475 2006-10-27 pW6 14693.370025325226 0.0 0.0 70.09996581746677 0.0 0.0 4.050655456125868e-14 0.0 0.0 ""
15475 2006-10-27 pW7 11438.975762230342 0.0 0.0 153.63901875204886 0.0 0.0 9.158624701851646e-14 0.0 0.0 ""
15475 2006-11-04 pW6 13168.166123244175 0.0 0.0 69.70566701596118 0.0 0.0 2.4200669278330006e-14 0.0 0.0 ""
15475 2006-11-04 pW7 5298.2675998955265 0.0 0.0 153.75761184969213 0.0 0.0 5.197800558830994e-14 0.0 0.0 ""
15475 2006-11-20 pW6 12729.013325904969 0.0 0.0 127.92444673261352 0.0 0.0 2.8941774735654254e-14 0.0 0.0 ""
15475 2006-11-20 pW7 16605.684084649194 0.0 0.0 28.584048321848115 0.0 0.0 6.412091606115184e-15 0.0 0.0 ""
15475 2006-12-13 pW6 12631.334958610845 0.0 0.0 63.415990450820516 0.0 0.0 3.664215442225924e-15 0.0 0.0 ""
15475 2006-12-13 pW7 2484.6361126392553 0.0 0.0 118.6592197736797 0.0 0.0 8.041954958193626e-15 0.0 0.0 ""
15504 2006-11-18 pW6 15421.304115540077 0.0 0.0 5.62453912946242 0.0 0.0 6.452173969737516e-16 0.0 0.0 ""
15504 2006-11-18 pW7 nan nan nan nan nan nan nan nan nan "Feature not in spectral wavelength range."
15508 2006-10-29 pW6 11002.037679806099 0.0 0.0 23.78535363845711 0.0 0.0 7.409697050043726e-16 0.0 0.0 ""
15508 2006-10-29 pW7 nan nan nan nan nan nan nan nan nan "Feature not in spectral wavelength range."
15508 2006-11-08 pW6 9489.243017945868 0.0 0.0 96.81276911409248 0.0 0.0 6.132023961297367e-15 0.0 0.0 ""
15508 2006-11-08 pW7 nan nan nan nan nan nan nan nan nan "Feature not in spectral wavelength range."
15557 2006-11-22 pW6 nan nan nan nan nan nan nan nan nan "Range too small. Please select a wider range"
15557 2006-11-22 pW7 nan nan nan nan nan nan nan nan nan "Range too small. Please select a wider range"
15583 2006-10-31 pW6 7911.090281570943 0.0 0.0 36.58156048033017 0.0 0.0 9.196351586687576e-16 0.0 0.0 ""
15583 2006-10-31 pW7 8442.2793484201 0.0 0.0 475.5117958973033 0.0 0.0 2.5598304075315752e-14 0.0 0.0 ""
15584 2006-11-16 pW6 12758.579527283673 0.0 0.0 75.85178801853215 0.0 0.0 3.0279621626808006e-15 0.0 0.0 ""
15584 2006-11-16 pW7 3107.9951738182544 0.0 0.0 554.9242965630849 0.0 0.0 5.308813325843957e-14 0.0 0.0 ""
15640 2006-11-09 pW6 -9640.034813595512 0.0 0.0 38.37702643070517 0.0 0.0 1.85813039371887e-15 0.0 0.0 ""
15640 2006-11-09 pW7 nan nan nan nan nan nan nan nan nan "Feature not in spectral wavelength range."
15648 2006-11-13 pW6 9046.006431823713 0.0 0.0 40.438247583235295 0.0 0.0 1.4543488707971115e-15 0.0 0.0 ""
15648 2006-11-13 pW7 8615.33107085382 0.0 0.0 145.02390349998916 0.0 0.0 5.507909732904203e-15 0.0 0.0 ""
15674 2006-11-16 pW6 12846.29608738972 0.0 0.0 76.42271919817853 0.0 0.0 2.1477003784924345e-15 0.0 0.0 ""
15674 2006-11-16 pW7 1290.083093298536 0.0 0.0 349.62845841937775 0.0 0.0 1.479771708796023e-14 0.0 0.0 ""
15704 2006-11-12 pW6 12778.846046217093 0.0 0.0 93.14584767592487 0.0 0.0 1.8441004084656017e-15 0.0 0.0 ""
15704 2006-11-12 pW7 15251.894878888206 0.0 0.0 -490.3577142855688 0.0 0.0 2.009732070122698e-15 0.0 0.0 ""
15749 2006-10-27 pW6 -55032.47196571564 0.0 0.0 37.256607606122486 0.0 0.0 8.62455784697831e-16 0.0 0.0 ""
15749 2006-10-27 pW7 9835.540417096858 0.0 0.0 155.79082477007825 0.0 0.0 3.373568156061513e-15 0.0 0.0 ""
15756 2006-11-14 pW6 -13590.155097898813 0.0 0.0 96.59230674645852 0.0 0.0 6.610032463261224e-15 0.0 0.0 ""
15756 2006-11-14 pW7 nan nan nan nan nan nan nan nan nan "Feature not in spectral wavelength range."
15776 2006-10-31 pW6 nan nan nan nan nan nan nan nan nan "Feature not in spectral wavelength range."
15776 2006-10-31 pW7 nan nan nan nan nan nan nan nan nan "Feature not in spectral wavelength range."
1580 2005-09-24 pW6 13324.597931787455 0.0 0.0 80.96635992891032 0.0 0.0 3.2968716738273977e-15 0.0 0.0 ""
1580 2005-09-24 pW7 9913.055501236646 0.0 0.0 360.05875310553336 0.0 0.0 1.369402419591495e-14 0.0 0.0 ""
15868 2006-11-09 pW6 nan nan nan nan nan nan nan nan nan "Feature not in spectral wavelength range."
15868 2006-11-09 pW7 nan nan nan nan nan nan nan nan nan "Feature not in spectral wavelength range."
15868 2006-11-14 pW6 12428.905359459093 0.0 0.0 33.10701587540811 0.0 0.0 1.1106244317050438e-15 0.0 0.0 ""
15868 2006-11-14 pW7 671.874320768544 0.0 0.0 199.26899239318186 0.0 0.0 6.541641771356124e-15 0.0 0.0 ""
15868 2006-11-25 pW6 15762.687388643624 0.0 0.0 -31.909117483961495 0.0 0.0 -3.0871098915660914e-16 0.0 0.0 ""
15868 2006-11-25 pW7 7018.303723691401 0.0 0.0 215.74874411499195 0.0 0.0 8.457131641829846e-15 0.0 0.0 ""
15872 2006-11-08 pW6 15030.507665055255 0.0 0.0 46.697534295618084 0.0 0.0 1.859845131275692e-15 0.0 0.0 ""
15872 2006-11-08 pW7 nan nan nan nan nan nan nan nan nan "Feature not in spectral wavelength range."
15897 2006-11-21 pW6 14171.80412229672 0.0 0.0 10.947702502022366 0.0 0.0 2.8705835666778467e-15 0.0 0.0 ""
15897 2006-11-21 pW7 12870.120871545596 0.0 0.0 39.60953078559692 0.0 0.0 1.0314356478468127e-14 0.0 0.0 ""
15901 2006-11-18 pW6 13970.832743301542 0.0 0.0 70.24642957105141 0.0 0.0 1.0926122691172487e-15 0.0 0.0 ""
15901 2006-11-18 pW7 10757.810434529358 0.0 0.0 213.6405162813087 0.0 0.0 3.1486436208975075e-15 0.0 0.0 ""
16000 2006-11-12 pW6 15166.6022206508 0.0 0.0 154.54406299342565 0.0 0.0 3.547606222265682e-15 0.0 0.0 ""
16000 2006-11-12 pW7 7808.437555261763 0.0 0.0 218.002933111878 0.0 0.0 5.328228950787926e-15 0.0 0.0 ""
16021 2006-11-08 pW6 9045.30344352426 0.0 0.0 61.41615433440268 0.0 0.0 6.431501285324961e-15 0.0 0.0 ""
16021 2006-11-08 pW7 nan nan nan nan nan nan nan nan nan "Feature not in spectral wavelength range."
16021 2006-11-22 pW6 nan nan nan nan nan nan nan nan nan "Range too small. Please select a wider range"
16021 2006-11-22 pW7 nan nan nan nan nan nan nan nan nan "Range too small. Please select a wider range"
16032 2006-11-13 pW6 11374.948911632786 0.0 0.0 45.32727443894589 0.0 0.0 1.0290757785346417e-15 0.0 0.0 ""
16032 2006-11-13 pW7 10871.795079232614 0.0 0.0 167.89000528436293 0.0 0.0 4.242823606817193e-15 0.0 0.0 ""
16069 2006-11-08 pW6 7049.198153172316 0.0 0.0 28.4460383766137 0.0 0.0 1.946519973366717e-15 0.0 0.0 ""
16069 2006-11-08 pW7 nan nan nan nan nan nan nan nan nan "Feature not in spectral wavelength range."
16069 2006-11-17 pW6 nan nan nan nan nan nan nan nan nan "Range too small. Please select a wider range"
16069 2006-11-17 pW7 nan nan nan nan nan nan nan nan nan "Range too small. Please select a wider range"
16069 2006-11-25 pW6 17270.794317922868 0.0 0.0 37.83585428794419 0.0 0.0 4.545438261718972e-16 0.0 0.0 ""
16069 2006-11-25 pW7 10609.249751144513 0.0 0.0 263.0749049702648 0.0 0.0 3.777289644384888e-15 0.0 0.0 ""
16069 2006-12-14 pW6 15128.300630865837 0.0 0.0 32.67055197767169 0.0 0.0 9.841221954447617e-16 0.0 0.0 ""
16069 2006-12-14 pW7 5688.652151617656 0.0 0.0 211.11733996998169 0.0 0.0 7.273218690570419e-15 0.0 0.0 ""
16072 2006-11-16 pW6 6311.341116876569 0.0 0.0 15.897764238456944 0.0 0.0 1.4787959088277474e-15 0.0 0.0 ""
16072 2006-11-16 pW7 229.59855949766 0.0 0.0 204.70281543938995 0.0 0.0 2.08388687304176e-14 0.0 0.0 ""
16073 2006-11-19 pW6 12311.847302285285 0.0 0.0 39.667485720415215 0.0 0.0 1.4067411248816987e-15 0.0 0.0 ""
16073 2006-11-19 pW7 nan nan nan nan nan nan nan nan nan "Feature not in spectral wavelength range."
16087 2006-11-24 pW6 14206.1185122447 0.0 0.0 27.82167635805922 0.0 0.0 3.914970947609135e-16 0.0 0.0 ""
16087 2006-11-24 pW7 1759.2397846113022 0.0 0.0 252.5937247794236 0.0 0.0 4.8401621523532326e-15 0.0 0.0 ""
16093 2006-11-19 pW6 10806.494188254212 0.0 0.0 40.50432917251078 0.0 0.0 3.4908176892650426e-15 0.0 0.0 ""
16093 2006-11-19 pW7 10221.834742786888 0.0 0.0 251.4537722793885 0.0 0.0 2.8147971897866038e-14 0.0 0.0 ""
16099 2006-11-13 pW6 4132.590432500718 0.0 0.0 9.297889893335082 0.0 0.0 9.703434589657742e-16 0.0 0.0 ""
16099 2006-11-13 pW7 -3616.8863408296374 0.0 0.0 223.51853085655478 0.0 0.0 3.053252888700234e-14 0.0 0.0 ""
16100 2006-11-13 pW6 9953.534385595594 0.0 0.0 25.832153161409593 0.0 0.0 1.604665173164249e-15 0.0 0.0 ""
16100 2006-11-13 pW7 9584.715003514084 0.0 0.0 130.45072832689448 0.0 0.0 7.343151693875758e-15 0.0 0.0 ""
16105 2006-11-05 pW6 13152.07281241459 0.0 0.0 90.2982540769525 0.0 0.0 2.6375038544257393e-15 0.0 0.0 ""
16105 2006-11-05 pW7 nan nan nan nan nan nan nan nan nan "Feature not in spectral wavelength range."
16105 2006-11-08 pW6 10465.030200736508 0.0 0.0 152.48870797038043 0.0 0.0 8.69832021261332e-15 0.0 0.0 ""
16105 2006-11-08 pW7 nan nan nan nan nan nan nan nan nan "Feature not in spectral wavelength range."
16105 2006-11-10 pW6 13977.355670054243 0.0 0.0 112.37887988490718 0.0 0.0 3.12804534706652e-15 0.0 0.0 ""
16105 2006-11-10 pW7 nan nan nan nan nan nan nan nan nan "Feature not in spectral wavelength range."
