results/spec_class/sdss_sako18spec_5_steps.ecsv
# %ECSV 0.9
# ---
# datatype:
# - {name: obj_id, datatype: string}
# - {name: date, datatype: string}
# - {name: feat_name, datatype: string}
# - {name: vel, datatype: float64}
# - {name: vel_err, datatype: float64}
# - {name: vel_samperr, datatype: float64}
# - {name: pew, datatype: float64}
# - {name: pew_err, datatype: float64}
# - {name: pew_samperr, datatype: float64}
# - {name: area, datatype: float64}
# - {name: area_err, datatype: float64}
# - {name: area_samperr, datatype: float64}
# - {name: msg, datatype: string}
# schema: astropy-2.0
obj_id date feat_name vel vel_err vel_samperr pew pew_err pew_samperr area area_err area_samperr msg
[from data line 818]
17200 2007-09-18 pW6 nan nan nan nan nan nan nan nan nan "Optimal parameters not found: Number of calls to function has reached maxfev = 1000."
17200 2007-09-18 pW7 -1155.4851907163193 0.0 0.0 130.52244049010076 0.0 48.96344415311785 4.9758656657149945e-15 0.0 2.374063926853455e-15 ""
17204 2007-09-10 pW6 11186.60003611306 0.0 0.0 9.05382695201898 0.0 25.698558562302054 5.000830226503979e-16 0.0 9.279614771341846e-16 ""
17204 2007-09-10 pW7 1232.9992271714684 0.0 0.0 64.4589228547394 0.0 101.39784732274461 2.888443276887825e-15 0.0 3.55613644321048e-15 ""
17208 2007-09-10 pW6 11677.689164413443 0.0 0.0 29.129759969284887 0.0 22.500887147083287 7.915344690129262e-16 0.0 6.098043110871838e-16 ""
17208 2007-09-10 pW7 nan nan nan nan nan nan nan nan nan "Feature not in spectral wavelength range."
17215 2007-09-10 pW6 nan nan nan nan nan nan nan nan nan "Optimal parameters not found: Number of calls to function has reached maxfev = 1000."
17215 2007-09-10 pW7 nan nan nan nan nan nan nan nan nan "Feature not in spectral wavelength range."
17218 2007-09-19 pW6 nan nan nan nan nan nan nan nan nan "Range too small. Please select a wider range"
17218 2007-09-19 pW7 nan nan nan nan nan nan nan nan nan "Range too small. Please select a wider range"
17220 2007-09-19 pW6 nan nan nan nan nan nan nan nan nan "Optimal parameters not found: Number of calls to function has reached maxfev = 1000."
17220 2007-09-19 pW7 456.1425687369335 0.0 0.0 122.58788103750614 0.0 55.45573033755705 7.44143685573083e-15 0.0 4.1247414440206006e-15 ""
17223 2007-09-19 pW6 11107.40355525174 0.0 0.0 14.963620578875041 0.0 89.20171082494893 1.768230810675429e-16 0.0 3.330974201235408e-16 ""
17223 2007-09-19 pW7 nan nan nan nan nan nan nan nan nan "Optimal parameters not found: Number of calls to function has reached maxfev = 1000."
17236 2007-09-11 pW6 nan nan nan nan nan nan nan nan nan "Optimal parameters not found: Number of calls to function has reached maxfev = 1000."
17236 2007-09-11 pW7 nan nan nan nan nan nan nan nan nan "Optimal parameters not found: Number of calls to function has reached maxfev = 1000."
17237 2007-09-18 pW6 nan nan nan nan nan nan nan nan nan "Optimal parameters not found: Number of calls to function has reached maxfev = 1000."
17237 2007-09-18 pW7 6058.377374405022 0.0 0.0 88.18007730852362 0.0 46.18955191486534 2.721202274686035e-15 0.0 1.5490633161010672e-15 ""
17244 2007-09-09 pW6 9037.777199141316 0.0 0.0 -93.63641046825613 0.0 300.7563801381285 7.636013488548912e-17 0.0 1.1892976482147059e-15 ""
17244 2007-09-09 pW7 3773.458808528836 0.0 0.0 167.9642502182621 0.0 128.27775752341205 4.379934149102284e-15 0.0 3.021108429180448e-15 ""
17244 2007-10-12 pW6 10960.889633442996 0.0 0.0 6.008414990274842 0.0 8.253639368337595 3.2683776666858647e-16 0.0 4.2847302612276303e-16 ""
17244 2007-10-12 pW7 nan nan nan nan nan nan nan nan nan "Optimal parameters not found: Number of calls to function has reached maxfev = 1000."
17244 2007-10-19 pW6 18899.650695985325 0.0 0.0 48.52252748507488 0.0 10.366250669424197 1.5137574695827222e-15 0.0 3.8281780287222774e-16 ""
17244 2007-10-19 pW7 2.757780163558968 0.0 0.0 288.28836725765353 0.0 24.342051928919425 1.4460556548817975e-14 0.0 2.116116203219211e-15 ""
17253 2007-09-19 pW6 nan nan nan nan nan nan nan nan nan "Range too small. Please select a wider range"
17253 2007-09-19 pW7 nan nan nan nan nan nan nan nan nan "Range too small. Please select a wider range"
17254 2007-09-19 pW6 15650.691120153535 0.0 0.0 -15.45549702414287 0.0 45.283398089798496 -1.2748556003300018e-16 0.0 6.028976869598957e-16 ""
17254 2007-09-19 pW7 2095.514425796899 0.0 0.0 171.77063546363573 0.0 125.71661050465177 5.5953827593047415e-15 0.0 5.226914253164132e-15 ""
17258 2007-09-19 pW6 12135.014416558683 0.0 0.0 43.7920785397552 0.0 11.295761729194394 2.7032727773135426e-15 0.0 8.140478255579062e-16 ""
17258 2007-09-19 pW7 3375.23319949531 0.0 0.0 198.72455214826567 0.0 71.46248451795505 1.4171312329457503e-14 0.0 7.560724254304306e-15 ""
17274 2007-09-11 pW6 10602.37510536277 0.0 0.0 32.03594789918822 0.0 21.05480809065391 9.022196924013066e-16 0.0 6.275399858339605e-16 ""
17274 2007-09-11 pW7 nan nan nan nan nan nan nan nan nan "Feature not in spectral wavelength range."
17280 2007-09-09 pW6 13259.618472799468 0.0 0.0 46.19079001547578 0.0 61.383165379791976 1.3635581358996905e-15 0.0 1.389820408789238e-15 ""
17280 2007-09-09 pW7 nan nan nan nan nan nan nan nan nan "Feature not in spectral wavelength range."
17332 2007-09-19 pW6 nan nan nan nan nan nan nan nan nan "Range too small. Please select a wider range"
17332 2007-09-19 pW7 nan nan nan nan nan nan nan nan nan "Range too small. Please select a wider range"
17340 2007-10-07 pW6 nan nan nan nan nan nan nan nan nan "Optimal parameters not found: Number of calls to function has reached maxfev = 1000."
17340 2007-10-07 pW7 nan nan nan nan nan nan nan nan nan "Optimal parameters not found: Number of calls to function has reached maxfev = 1000."
17351 2007-09-20 pW6 13570.400225654339 0.0 0.0 6.484610667591382 0.0 27.212966918285034 1.5606155946260091e-16 0.0 4.0183396475996766e-16 ""
17351 2007-09-20 pW7 4267.340233730863 0.0 0.0 177.29282942654353 0.0 187.7745793651292 7.022135297286324e-15 0.0 9.430633364397467e-15 ""
17366 2007-09-09 pW6 nan nan nan nan nan nan nan nan nan "Optimal parameters not found: Number of calls to function has reached maxfev = 1000."
17366 2007-09-09 pW7 nan nan nan nan nan nan nan nan nan "Feature not in spectral wavelength range."
17366 2007-09-11 pW6 11098.770842937385 0.0 0.0 13.7152835674219 0.0 30.809580461602515 8.136282256462957e-16 0.0 1.4023853330844277e-15 ""
17366 2007-09-11 pW7 nan nan nan nan nan nan nan nan nan "Feature not in spectral wavelength range."
17366 2007-09-18 pW6 11851.40404868246 0.0 0.0 26.843250466192224 0.0 17.518158994677957 4.459263763101266e-16 0.0 2.9441489919268156e-16 ""
17366 2007-09-18 pW7 8757.33589968902 0.0 0.0 120.50104008729878 0.0 58.34207184792211 1.7931047188301838e-15 0.0 9.811364034912014e-16 ""
17386 2007-09-19 pW6 8901.837286472506 0.0 0.0 15.083166765141355 0.0 11.743845163779795 7.660913113434865e-16 0.0 6.290806168286871e-16 ""
17386 2007-09-19 pW7 5173.2510963590585 0.0 0.0 303.9478598379189 0.0 47.18444854012816 3.7703325262198483e-14 0.0 1.1209606604272633e-14 ""
17389 2007-09-11 pW6 6751.76840952467 0.0 0.0 26.518027753197902 0.0 37.37973893690529 1.3183367776568049e-15 0.0 1.6247448534290342e-15 ""
17389 2007-09-11 pW7 nan nan nan nan nan nan nan nan nan "Feature not in spectral wavelength range."
17389 2007-09-18 pW6 10646.336078435837 0.0 0.0 8.99904370030173 0.0 6.255054951307926 1.6855529572664614e-16 0.0 1.2175599936411506e-16 ""
17389 2007-09-18 pW7 7378.299367524381 0.0 0.0 134.6592053969064 0.0 109.24407287595749 3.3129934570318106e-15 0.0 3.3710885199169274e-15 ""
17391 2007-09-19 pW6 12244.188048937394 0.0 0.0 18.01804115027593 0.0 39.690051115187686 1.2957666969193282e-16 0.0 2.661724834657866e-16 ""
17391 2007-09-19 pW7 7065.487253514655 0.0 0.0 78.781560358164 0.0 126.01905559681393 6.893853759457142e-16 0.0 7.271088595411663e-16 ""
17422 2007-09-20 pW6 11170.7747836634 0.0 0.0 12.26955180756246 0.0 58.146871376648505 1.0640856932135746e-16 0.0 2.65205018775636e-16 ""
17422 2007-09-20 pW7 1282.238779380818 0.0 0.0 117.09363577292464 0.0 74.34768475009295 6.395071390177434e-16 0.0 4.540466303085298e-16 ""
17435 2007-09-20 pW6 nan nan nan nan nan nan nan nan nan "Range too small. Please select a wider range"
17435 2007-09-20 pW7 nan nan nan nan nan nan nan nan nan "Range too small. Please select a wider range"
17436 2007-09-18 pW6 13351.43737666268 0.0 0.0 18.52991400569285 0.0 68.35968551143341 1.7694820526846808e-16 0.0 2.837592006038831e-16 ""
17436 2007-09-18 pW7 nan nan nan nan nan nan nan nan nan "Optimal parameters not found: Number of calls to function has reached maxfev = 1000."
17460 2007-09-22 pW6 12111.617032056978 0.0 0.0 57.519647181913584 0.0 47.95414373242113 1.2230349549963734e-15 0.0 1.019594921421096e-15 ""
17460 2007-09-22 pW7 nan nan nan nan nan nan nan nan nan "Optimal parameters not found: Number of calls to function has reached maxfev = 1000."
17464 2007-09-18 pW6 nan nan nan nan nan nan nan nan nan "Optimal parameters not found: Number of calls to function has reached maxfev = 1000."
17464 2007-09-18 pW7 9946.203192874591 0.0 0.0 -53.16702349754334 0.0 370.786890494714 5.121033378888624e-16 0.0 9.8549601144007e-16 ""
17497 2007-09-19 pW6 nan nan nan nan nan nan nan nan nan "Range too small. Please select a wider range"
17497 2007-09-19 pW7 nan nan nan nan nan nan nan nan nan "Range too small. Please select a wider range"
17500 2007-10-14 pW6 13654.875333068578 0.0 0.0 113.53570640260548 0.0 17.42146504077286 5.9869192299707e-16 0.0 1.4832423800136574e-16 ""
17500 2007-10-14 pW7 8806.793485584405 0.0 0.0 192.10563314843407 0.0 43.41852160867291 9.720325984918767e-16 0.0 2.784116372925095e-16 ""
17528 2007-09-15 pW6 12409.47799712641 0.0 0.0 28.02528667661337 0.0 22.21021013280662 1.37789940026848e-15 0.0 1.09725669780801e-15 ""
17528 2007-09-15 pW7 8823.086290127098 0.0 0.0 -14.331635772962912 0.0 169.3281867037444 1.7739905422229558e-15 0.0 6.7955925077680806e-15 ""
17531 2007-09-19 pW6 11644.241858378406 0.0 0.0 39.883235725879196 0.0 27.545504302281557 1.3878347911873235e-15 0.0 9.740708549630033e-16 ""
17531 2007-09-19 pW7 1221.57734964683 0.0 0.0 242.95344506441052 0.0 64.14933659472798 1.4902334479099377e-14 0.0 6.931401599647458e-15 ""
17548 2007-09-18 pW6 nan nan nan nan nan nan nan nan nan "Optimal parameters not found: Number of calls to function has reached maxfev = 1000."
17548 2007-09-18 pW7 2789.229262954309 0.0 0.0 175.43550495715388 0.0 156.93953668957275 2.1328858448547128e-14 0.0 2.645820374468127e-14 ""
17548 2007-10-14 pW6 13911.062342995514 0.0 0.0 21.725825240011364 0.0 5.5787252861529995 2.5971783072218926e-15 0.0 7.056401600561573e-16 ""
17548 2007-10-14 pW7 2993.594565968902 0.0 0.0 143.26740171211864 0.0 113.71812722775364 2.6660976226953157e-14 0.0 3.002149713745309e-14 ""
17548 2007-10-16 pW6 13887.498366844775 0.0 0.0 20.161884427927195 0.0 3.916898236840398 1.9459886204250147e-15 0.0 4.065055043942975e-16 ""
17548 2007-10-16 pW7 2950.1311983171922 0.0 0.0 182.72360409473515 0.0 128.47885877119086 2.8136931580346446e-14 0.0 2.556502364220645e-14 ""
17552 2007-09-19 pW6 11067.3705063894 0.0 0.0 19.61912569388013 0.0 33.34881120294064 2.493779201276898e-16 0.0 3.783014826056653e-16 ""
17552 2007-09-19 pW7 11502.413455109583 0.0 0.0 54.15754366082811 0.0 63.73039764673264 5.816318479263333e-16 0.0 6.482337222466431e-16 ""
17564 2007-09-15 pW6 11479.627017987425 0.0 0.0 34.28781620174761 0.0 44.10363945018149 2.4545659981302942e-15 0.0 2.5265655116687224e-15 ""
17564 2007-09-15 pW7 6219.943000807279 0.0 0.0 329.16359667031463 0.0 75.97616932198022 4.469407474662875e-14 0.0 1.9973109992361966e-14 ""
17568 2007-09-20 pW6 9147.008855139522 0.0 0.0 -5.9153573685738525 0.0 27.09257626664343 -3.287730847884124e-17 0.0 3.7760750261824206e-16 ""
17568 2007-09-20 pW7 10518.694983245765 0.0 0.0 39.763551003737746 0.0 58.27949752835716 6.291775197598297e-16 0.0 7.942456219446384e-16 ""
17605 2007-09-19 pW6 nan nan nan nan nan nan nan nan nan "Optimal parameters not found: Number of calls to function has reached maxfev = 1000."
17605 2007-09-19 pW7 -441.1950476610466 0.0 0.0 159.79615775923958 0.0 76.03633158115133 2.616685828934095e-14 0.0 1.8535752423963853e-14 ""
17627 2007-09-18 pW6 nan nan nan nan nan nan nan nan nan "Range too small. Please select a wider range"
17627 2007-09-18 pW7 nan nan nan nan nan nan nan nan nan "Range too small. Please select a wider range"
17629 2007-09-19 pW6 11484.173268440609 0.0 0.0 11.32928631869141 0.0 10.649578487802385 6.408145455128593e-16 0.0 6.027709739753645e-16 ""
17629 2007-09-19 pW7 nan nan nan nan nan nan nan nan nan "Optimal parameters not found: Number of calls to function has reached maxfev = 1000."
17745 2007-09-19 pW6 nan nan nan nan nan nan nan nan nan "Optimal parameters not found: Number of calls to function has reached maxfev = 1000."
17745 2007-09-19 pW7 12904.084140819423 0.0 0.0 84.61247396065826 0.0 54.25516239566646 1.0433438269967976e-14 0.0 6.988569959864837e-15 ""
17745 2007-09-30 pW6 nan nan nan nan nan nan nan nan nan "Optimal parameters not found: Number of calls to function has reached maxfev = 1000."
17745 2007-09-30 pW7 9906.29908335183 0.0 0.0 50.25414342358104 0.0 16.247536749974532 1.1586316065091884e-14 0.0 4.120596354238311e-15 ""
17745 2007-10-10 pW6 11635.888091235878 0.0 0.0 25.081107895087545 0.0 8.229812633173905 4.838327946393978e-15 0.0 1.7182741163400777e-15 ""
17745 2007-10-10 pW7 9688.65097920562 0.0 0.0 71.5868302096646 0.0 13.495746962119743 1.0032554707294103e-14 0.0 2.444467830803828e-15 ""
17745 2007-10-16 pW6 13322.274416159238 0.0 0.0 52.47806152812893 0.0 7.404081077733938 2.944935805014232e-15 0.0 4.86896182973851e-16 ""
17745 2007-10-16 pW7 8466.010531682761 0.0 0.0 142.95281510637773 0.0 48.15310783813362 8.134001412833632e-15 0.0 3.332334426985158e-15 ""
17745 2007-10-19 pW6 13732.253077157367 0.0 0.0 77.50834180258614 0.0 13.1645961314274 1.429224472458082e-14 0.0 3.242975946279143e-15 ""
17745 2007-10-19 pW7 7129.802146937216 0.0 0.0 170.4305135290268 0.0 46.835630909056974 3.1569331792678297e-14 0.0 1.0335794271595929e-14 ""
17745 2007-11-10 pW6 13428.858348795218 0.0 0.0 31.64388931741552 0.0 7.656431156144361 2.386608759763628e-15 0.0 6.595470412769128e-16 ""
17745 2007-11-10 pW7 7427.718602204239 0.0 0.0 206.29355450289125 0.0 31.999616699367948 1.5574590359722833e-14 0.0 3.3586733633931294e-15 ""
17745 2007-11-17 pW6 12897.07986777384 0.0 0.0 34.760846591203304 0.0 10.978875169507175 2.9372488282691326e-15 0.0 1.0397491094145853e-15 ""
17745 2007-11-17 pW7 5826.747949149209 0.0 0.0 238.34614630428 0.0 65.26461806285793 2.4107658056814078e-14 0.0 9.886655803224531e-15 ""
17746 2007-09-19 pW6 12406.030546148471 0.0 0.0 24.404407053346457 0.0 64.0505927462839 8.419076903880708e-17 0.0 1.0646895844546929e-16 ""
17746 2007-09-19 pW7 14203.076228114309 0.0 0.0 -50.16442331695835 0.0 581.618967064925 6.332881936609925e-17 0.0 2.29915840976946e-16 ""
17784 2007-09-18 pW6 nan nan nan nan nan nan nan nan nan "Range too small. Please select a wider range"
17784 2007-09-18 pW7 nan nan nan nan nan nan nan nan nan "Range too small. Please select a wider range"
17784 2007-09-29 pW6 11251.485415438126 0.0 0.0 14.200115028577047 0.0 20.94630268637134 9.571874164089388e-15 0.0 1.2875960775089577e-14 ""
17784 2007-09-29 pW7 10662.26045719898 0.0 0.0 82.06473700142311 0.0 34.8131394059897 4.036503950656121e-14 0.0 2.0583826565098627e-14 ""
17784 2007-10-07 pW6 12256.08648210091 0.0 0.0 80.66374504134131 0.0 12.489997740985586 1.1249079814445658e-14 0.0 2.25448639316643e-15 ""
17784 2007-10-07 pW7 10223.946131530785 0.0 0.0 131.6362814510996 0.0 15.081533831322536 1.6696654798110177e-14 0.0 2.8185088810592323e-15 ""
17784 2007-10-11 pW6 12784.278184950432 0.0 0.0 84.51970330470135 0.0 6.817283048406305 2.2403518491343027e-14 0.0 2.442508593929662e-15 ""
17784 2007-10-11 pW7 9946.485641765039 0.0 0.0 133.90365172997465 0.0 9.217742342907355 3.297821225212039e-14 0.0 2.9985032952689904e-15 ""
17784 2007-10-20 pW6 12279.86325426002 0.0 0.0 67.24960823456198 0.0 6.0083720302326356 1.3941556065403371e-14 0.0 1.6211580655692192e-15 ""
17784 2007-10-20 pW7 9121.273096213923 0.0 0.0 207.66915801141036 0.0 9.840631261124031 3.722499575811048e-14 0.0 2.548223631267076e-15 ""
17784 2007-11-09 pW6 12550.895180568883 0.0 0.0 69.83745863997063 0.0 9.312301203464472 4.191957905458953e-15 0.0 7.370335881876188e-16 ""
17784 2007-11-09 pW7 nan nan nan nan nan nan nan nan nan "Optimal parameters not found: Number of calls to function has reached maxfev = 1000."
