results/spec_class/sdss_sako18spec_5_steps.ecsv
# %ECSV 0.9
# ---
# datatype:
# - {name: obj_id, datatype: string}
# - {name: date, datatype: string}
# - {name: feat_name, datatype: string}
# - {name: vel, datatype: float64}
# - {name: vel_err, datatype: float64}
# - {name: vel_samperr, datatype: float64}
# - {name: pew, datatype: float64}
# - {name: pew_err, datatype: float64}
# - {name: pew_samperr, datatype: float64}
# - {name: area, datatype: float64}
# - {name: area_err, datatype: float64}
# - {name: area_samperr, datatype: float64}
# - {name: msg, datatype: string}
# schema: astropy-2.0
obj_id date feat_name vel vel_err vel_samperr pew pew_err pew_samperr area area_err area_samperr msg
[from data line 1054]
18590 2007-10-09 pW6 nan nan nan nan nan nan nan nan nan "Optimal parameters not found: Number of calls to function has reached maxfev = 1000."
18590 2007-10-09 pW7 -101.77456936188328 0.0 0.0 132.50148154255908 0.0 67.27482578362581 5.898149506664022e-14 0.0 3.787877637550191e-14 ""
18590 2007-10-10 pW6 12476.482848947508 0.0 0.0 1.985014011953642 0.0 5.883901407734675 2.073682133495832e-16 0.0 5.643401188103147e-16 ""
18590 2007-10-10 pW7 -3152.855876362488 0.0 0.0 173.81020193445 0.0 71.34608798740464 2.174871313589866e-14 0.0 1.1876705097812044e-14 ""
18590 2007-10-14 pW6 12399.481380657871 0.0 0.0 -8.109563985651322 0.0 19.031592097746653 -2.671237607299026e-16 0.0 7.439567510905088e-16 ""
18590 2007-10-14 pW7 44.05672659594574 0.0 0.0 126.46303922427666 0.0 82.30858291790655 8.245909188422819e-15 0.0 7.24385120200149e-15 ""
18590 2007-10-19 pW6 nan nan nan nan nan nan nan nan nan "Optimal parameters not found: Number of calls to function has reached maxfev = 1000."
18590 2007-10-19 pW7 2547.97900676284 0.0 0.0 199.0276754233131 0.0 111.22692317603158 5.163742445713275e-15 0.0 3.041390424089203e-15 ""
18596 2007-10-07 pW6 nan nan nan nan nan nan nan nan nan "Optimal parameters not found: Number of calls to function has reached maxfev = 1000."
18596 2007-10-07 pW7 5610.835934026616 0.0 0.0 65.36759689874798 0.0 5.5711189053819 3.0297825210371256e-14 0.0 2.8790552242014613e-15 ""
18596 2007-10-10 pW6 nan nan nan nan nan nan nan nan nan "Optimal parameters not found: Number of calls to function has reached maxfev = 1000."
18596 2007-10-10 pW7 4443.630534393994 0.0 0.0 94.0753471630962 0.0 17.96287276242982 2.0517471333298095e-14 0.0 4.6130068354080156e-15 ""
18596 2007-10-12 pW6 nan nan nan nan nan nan nan nan nan "Optimal parameters not found: Number of calls to function has reached maxfev = 1000."
18596 2007-10-12 pW7 5047.093842957574 0.0 0.0 119.72783716247069 0.0 13.000422324565402 2.995954974899594e-14 0.0 3.880798090675933e-15 ""
18596 2007-10-16 pW6 10513.993131488744 0.0 0.0 11.270448459203763 0.0 3.4310536347393144 1.2644173852819044e-15 0.0 3.998472656194947e-16 ""
18596 2007-10-16 pW7 3718.8970914326437 0.0 0.0 138.633215471475 0.0 11.430217964942008 1.8628063605702956e-14 0.0 1.9954143149846648e-15 ""
18602 2007-10-11 pW6 nan nan nan nan nan nan nan nan nan "Optimal parameters not found: Number of calls to function has reached maxfev = 1000."
18602 2007-10-11 pW7 10506.421516977405 0.0 0.0 118.39391685706255 0.0 49.20465815063598 3.0276680764378427e-15 0.0 1.4767212803050703e-15 ""
18604 2007-10-10 pW6 8179.464992342113 0.0 0.0 36.536016277416216 0.0 25.057839756190642 8.428151877423178e-16 0.0 5.95925922358978e-16 ""
18604 2007-10-10 pW7 9699.215968458757 0.0 0.0 77.75383319990426 0.0 34.718405921702356 1.6712762180510309e-15 0.0 8.323297191036696e-16 ""
18612 2007-10-08 pW6 nan nan nan nan nan nan nan nan nan "Optimal parameters not found: Number of calls to function has reached maxfev = 1000."
18612 2007-10-08 pW7 -831.0872189754988 0.0 0.0 153.18269831974345 0.0 52.34904367924724 1.7658045371737255e-14 0.0 7.72797654923612e-15 ""
18617 2007-10-15 pW6 9201.364958020598 0.0 0.0 10.677887963616483 0.0 34.37560545971455 6.980492974091235e-16 0.0 1.264036285851188e-15 ""
18617 2007-10-15 pW7 nan nan nan nan nan nan nan nan nan "Optimal parameters not found: Number of calls to function has reached maxfev = 1000."
18643 2007-10-08 pW6 10840.09835140887 0.0 0.0 2.203436682195586 0.0 12.28723076292356 4.525499573752812e-16 0.0 1.7478106593274122e-15 ""
18643 2007-10-08 pW7 7166.473141947004 0.0 0.0 37.597985806364065 0.0 32.68370076108548 5.7801739059386e-15 0.0 4.972094005859795e-15 ""
18643 2007-10-11 pW6 14175.948692790913 0.0 0.0 3.571834852800834 0.0 5.338514516151771 1.6566544452088626e-15 0.0 2.4374436030088056e-15 ""
18643 2007-10-11 pW7 nan nan nan nan nan nan nan nan nan "Feature not in spectral wavelength range."
18650 2007-10-10 pW6 7623.622795293242 0.0 0.0 8.706665823598922 0.0 19.324920173091986 4.2347080527447977e-16 0.0 8.472961826789862e-16 ""
18650 2007-10-10 pW7 9824.681960260683 0.0 0.0 47.04258054064684 0.0 18.945245266678423 1.664965938944871e-15 0.0 8.06648170766456e-16 ""
18650 2007-10-20 pW6 13553.887379082062 0.0 0.0 9.804502542024588 0.0 18.532269395224567 7.498528156413173e-16 0.0 1.176459647434086e-15 ""
18650 2007-10-20 pW7 10450.93589151428 0.0 0.0 39.906239763450266 0.0 112.56979879696858 3.2500233113098267e-15 0.0 5.736196579243041e-15 ""
18697 2007-10-09 pW6 11497.943144549745 0.0 0.0 3.7002687186845606 0.0 7.205749710945625 5.476705590078237e-16 0.0 1.0192846233689644e-15 ""
18697 2007-10-09 pW7 5154.87166662632 0.0 0.0 146.33666706877506 0.0 80.97811795549143 2.448416434554576e-14 0.0 1.7245128877534742e-14 ""
18697 2007-10-16 pW6 12639.675969329335 0.0 0.0 6.707098665380949 0.0 10.920755192245462 5.749029265747205e-16 0.0 8.783753753330505e-16 ""
18697 2007-10-16 pW7 4453.4738674956825 0.0 0.0 145.57496043587437 0.0 69.97496243611863 1.5292564227411976e-14 0.0 9.728305272762227e-15 ""
18697 2007-10-20 pW6 nan nan nan nan nan nan nan nan nan "Optimal parameters not found: Number of calls to function has reached maxfev = 1000."
18697 2007-10-20 pW7 1017.5398208809286 0.0 0.0 131.02785099669333 0.0 88.12451736348204 1.680515919976032e-14 0.0 1.429541767044177e-14 ""
18700 2007-10-09 pW6 nan nan nan nan nan nan nan nan nan "Optimal parameters not found: Number of calls to function has reached maxfev = 1000."
18700 2007-10-09 pW7 708.5644412059936 0.0 0.0 138.48239347048434 0.0 109.18307961505353 8.556353731752515e-15 0.0 7.634220404215492e-15 ""
18700 2007-10-16 pW6 8743.824322768896 0.0 0.0 -4.017417668236624 0.0 23.137587317132763 -1.6342202065546387e-16 0.0 1.7918006991343024e-15 ""
18700 2007-10-16 pW7 777.5433841922709 0.0 0.0 133.16471518145036 0.0 84.58754241061239 1.6980611132168458e-14 0.0 1.3352712307298718e-14 ""
18709 2007-10-10 pW6 11441.683879639198 0.0 0.0 2.5464990949055335 0.0 14.008551692419257 1.20755872498242e-16 0.0 5.075190809962035e-16 ""
18709 2007-10-10 pW7 -1095.505346579209 0.0 0.0 156.71689029659547 0.0 54.389586509149915 7.340035317828547e-15 0.0 3.3713795926580456e-15 ""
18709 2007-10-19 pW6 13415.44500506021 0.0 0.0 15.781310266541853 0.0 18.488810692926688 2.8777201082411346e-15 0.0 3.2354614995987483e-15 ""
18709 2007-10-19 pW7 -2092.2094999733126 0.0 0.0 154.23124654523826 0.0 73.91517912800683 3.2756603521256867e-14 0.0 1.9718545227109814e-14 ""
18713 2007-10-10 pW6 nan nan nan nan nan nan nan nan nan "Optimal parameters not found: Number of calls to function has reached maxfev = 1000."
18713 2007-10-10 pW7 5551.101972363693 0.0 0.0 62.97158976723343 0.0 62.675676701641606 1.2101914861420876e-15 0.0 1.1402207250277457e-15 ""
18721 2007-10-15 pW6 12579.884807365317 0.0 0.0 13.252005670094897 0.0 32.27835393987891 6.452097173684606e-16 0.0 1.2177357343240248e-15 ""
18721 2007-10-15 pW7 nan nan nan nan nan nan nan nan nan "Optimal parameters not found: Number of calls to function has reached maxfev = 1000."
18734 2007-10-09 pW6 14662.5099709411 0.0 0.0 13.706467029612218 0.0 13.478155099071971 3.1032479140994613e-15 0.0 3.0078786928030533e-15 ""
18734 2007-10-09 pW7 -213.55839565860316 0.0 0.0 295.9867351804374 0.0 130.29485181399437 1.4439873443756618e-13 0.0 1.0534440351590934e-13 ""
18734 2007-10-11 pW6 nan nan nan nan nan nan nan nan nan "Optimal parameters not found: Number of calls to function has reached maxfev = 1000."
18734 2007-10-11 pW7 264.88952830258876 0.0 0.0 276.2892966248137 0.0 116.78955351401208 1.4765233546236506e-13 0.0 1.080249402732542e-13 ""
18734 2007-10-19 pW6 10014.513326654089 0.0 0.0 35.03111190571515 0.0 13.643378336221298 9.938620594553207e-16 0.0 4.126378819696636e-16 ""
18734 2007-10-19 pW7 1925.4798962145892 0.0 0.0 415.87805833647263 0.0 105.26319739135756 4.240802949162268e-14 0.0 2.3736048761489912e-14 ""
18740 2007-10-11 pW6 nan nan nan nan nan nan nan nan nan "Optimal parameters not found: Number of calls to function has reached maxfev = 1000."
18740 2007-10-11 pW7 nan nan nan nan nan nan nan nan nan "Feature not in spectral wavelength range."
18740 2007-10-20 pW6 8239.472272520972 0.0 0.0 22.151388224258746 0.0 45.05066550084377 6.917629367968463e-16 0.0 1.1199889587508584e-15 ""
18740 2007-10-20 pW7 nan nan nan nan nan nan nan nan nan "Feature not in spectral wavelength range."
18740 2007-11-04 pW6 11809.609864323127 0.0 0.0 55.871603192982924 0.0 22.293407898721277 6.84198008031512e-16 0.0 3.0644821889215565e-16 ""
18740 2007-11-04 pW7 10193.162392756749 0.0 0.0 103.40496882713127 0.0 61.8277911539183 1.3053064232375411e-15 0.0 8.116918636631357e-16 ""
18749 2007-10-11 pW6 5201.682149895914 0.0 0.0 11.652898096876378 0.0 5.580513412105477 4.961987546387932e-16 0.0 2.4289827166758375e-16 ""
18749 2007-10-11 pW7 6918.444922122273 0.0 0.0 64.52200789891464 0.0 22.029345511922692 2.8110253194975803e-15 0.0 1.120550832825648e-15 ""
18751 2007-10-10 pW6 7552.225235071511 0.0 0.0 11.46567025998447 0.0 7.2649138226617005 1.653141839628404e-15 0.0 1.1059723209704686e-15 ""
18751 2007-10-10 pW7 7746.689034897471 0.0 0.0 31.497877157442463 0.0 11.436268939482426 4.076185636422763e-15 0.0 1.6035772379087256e-15 ""
18768 2007-10-14 pW6 nan nan nan nan nan nan nan nan nan "Optimal parameters not found: Number of calls to function has reached maxfev = 1000."
18768 2007-10-14 pW7 10576.181004974116 0.0 0.0 60.79246873847388 0.0 91.77600881191745 3.7639559219060488e-16 0.0 4.112515455139317e-16 ""
18771 2007-10-19 pW6 nan nan nan nan nan nan nan nan nan "Optimal parameters not found: Number of calls to function has reached maxfev = 1000."
18771 2007-10-19 pW7 177.54457425196472 0.0 0.0 248.33940870700076 0.0 62.38960379775847 2.659720234577879e-15 0.0 1.040873224164264e-15 ""
18782 2007-10-19 pW6 13363.779403043047 0.0 0.0 14.466796784444888 0.0 12.493403752163367 6.304750106057907e-16 0.0 5.471190640813875e-16 ""
18782 2007-10-19 pW7 2885.8400691549696 0.0 0.0 222.22712947514674 0.0 63.84044842066612 1.3514257511397266e-14 0.0 5.599748785471977e-15 ""
18787 2007-10-14 pW6 nan nan nan nan nan nan nan nan nan "Optimal parameters not found: Number of calls to function has reached maxfev = 1000."
18787 2007-10-14 pW7 nan nan nan nan nan nan nan nan nan "Optimal parameters not found: Number of calls to function has reached maxfev = 1000."
18793 2007-10-19 pW6 13450.113764252717 0.0 0.0 51.7311960659228 0.0 66.25146352852914 2.084387548747799e-15 0.0 3.33484136385991e-15 ""
18793 2007-10-19 pW7 3857.561149112689 0.0 0.0 445.76083412589145 0.0 165.71777558671997 2.8076824302624972e-14 0.0 1.7965320693009428e-14 ""
18804 2007-10-14 pW6 nan nan nan nan nan nan nan nan nan "Optimal parameters not found: Number of calls to function has reached maxfev = 1000."
18804 2007-10-14 pW7 5941.402915327039 0.0 0.0 60.36668105034864 0.0 124.7605539918203 1.2910630392942272e-15 0.0 1.6934906109499531e-15 ""
18807 2007-10-10 pW6 nan nan nan nan nan nan nan nan nan "Optimal parameters not found: Number of calls to function has reached maxfev = 1000."
18807 2007-10-10 pW7 nan nan nan nan nan nan nan nan nan "Optimal parameters not found: Number of calls to function has reached maxfev = 1000."
18809 2007-10-09 pW6 10173.189293026597 0.0 0.0 30.38807783231346 0.0 29.170525080846886 1.4813170207399757e-15 0.0 1.3280372526459942e-15 ""
18809 2007-10-09 pW7 nan nan nan nan nan nan nan nan nan "Feature not in spectral wavelength range."
18834 2007-10-19 pW6 nan nan nan nan nan nan nan nan nan "Optimal parameters not found: Number of calls to function has reached maxfev = 1000."
18834 2007-10-19 pW7 4584.444771205359 0.0 0.0 133.2758231611775 0.0 38.63602758998088 9.79449403736389e-16 0.0 3.636063751724888e-16 ""
18835 2007-10-09 pW6 14172.449894044903 0.0 0.0 7.296139574733796 0.0 10.058196984302276 9.5817435856797e-16 0.0 1.2654765156672423e-15 ""
18835 2007-10-09 pW7 nan nan nan nan nan nan nan nan nan "Feature not in spectral wavelength range."
18839 2007-10-20 pW6 nan nan nan nan nan nan nan nan nan "Optimal parameters not found: Number of calls to function has reached maxfev = 1000."
18839 2007-10-20 pW7 nan nan nan nan nan nan nan nan nan "Feature not in spectral wavelength range."
18855 2007-10-09 pW6 11036.158424700287 0.0 0.0 5.023929126877571 0.0 17.818325615312617 2.420702781783799e-16 0.0 6.768796885768079e-16 ""
18855 2007-10-09 pW7 nan nan nan nan nan nan nan nan nan "Feature not in spectral wavelength range."
18890 2007-10-11 pW6 11021.573761849342 0.0 0.0 32.32267155027389 0.0 21.517276986544697 7.686833839870061e-16 0.0 5.437551176549056e-16 ""
18890 2007-10-11 pW7 9742.000262117946 0.0 0.0 72.97147719407984 0.0 29.656728118356245 1.434631916822785e-15 0.0 6.472799317078773e-16 ""
18890 2007-10-16 pW6 nan nan nan nan nan nan nan nan nan "Optimal parameters not found: Number of calls to function has reached maxfev = 1000."
18890 2007-10-16 pW7 8787.87591492252 0.0 0.0 -158.50471187005024 0.0 488.751449582604 1.6333578945761395e-15 0.0 5.29985612682008e-15 ""
18892 2007-10-19 pW6 13207.970563735658 0.0 0.0 11.249749209839422 0.0 11.96166341566194 7.457666785649046e-17 0.0 7.878799209341237e-17 ""
18892 2007-10-19 pW7 5832.25944964757 0.0 0.0 121.5219555817508 0.0 46.52433354679713 8.603171333790258e-16 0.0 3.7068302976269815e-16 ""
18898 2007-10-11 pW6 nan nan nan nan nan nan nan nan nan "Optimal parameters not found: Number of calls to function has reached maxfev = 1000."
18898 2007-10-11 pW7 3088.8724692343976 0.0 0.0 42.39665200984274 0.0 37.65912570808755 1.972594428402889e-15 0.0 1.9923451657040463e-15 ""
18898 2007-10-12 pW6 nan nan nan nan nan nan nan nan nan "Optimal parameters not found: Number of calls to function has reached maxfev = 1000."
18898 2007-10-12 pW7 2573.5664975991162 0.0 0.0 54.57856155694836 0.0 86.01578787669041 2.1981947857356813e-15 0.0 2.788386285169098e-15 ""
18903 2007-10-14 pW6 7108.888876545023 0.0 0.0 11.888715140803289 0.0 28.1863336900618 2.524960784657426e-16 0.0 5.095385527180509e-16 ""
18903 2007-10-14 pW7 nan nan nan nan nan nan nan nan nan "Optimal parameters not found: Number of calls to function has reached maxfev = 1000."
18909 2007-10-12 pW6 11348.668173319913 0.0 0.0 8.447611819645253 0.0 23.689696600423257 3.0571752271070245e-16 0.0 7.217404022973622e-16 ""
18909 2007-10-12 pW7 nan nan nan nan nan nan nan nan nan "Optimal parameters not found: Number of calls to function has reached maxfev = 1000."
18927 2007-10-18 pW6 10511.976456153068 0.0 0.0 47.724046593971075 0.0 49.82955049631934 3.3176016863517654e-15 0.0 3.332404249272038e-15 ""
18927 2007-10-18 pW7 nan nan nan nan nan nan nan nan nan "Optimal parameters not found: Number of calls to function has reached maxfev = 1000."
18940 2007-11-17 pW6 12554.047821565475 0.0 0.0 44.359527566186145 0.0 21.375282125926713 2.0044589076199372e-14 0.0 9.929417827292168e-15 ""
18940 2007-11-17 pW7 -429.5780178030234 0.0 0.0 151.80548306315328 0.0 90.4088309126458 7.950194533199944e-14 0.0 5.59620658060848e-14 ""
18945 2007-10-15 pW6 nan nan nan nan nan nan nan nan nan "Optimal parameters not found: Number of calls to function has reached maxfev = 1000."
18945 2007-10-15 pW7 11244.848815991956 0.0 0.0 85.00685115840884 0.0 109.41127814810076 1.7179391132641015e-14 0.0 2.0080400547380758e-14 ""
18952 2007-10-16 pW6 10344.503486346664 0.0 0.0 21.635822269240737 0.0 38.29869763111016 0.09765885139016256 0.0 0.15443418627315533 ""
18952 2007-10-16 pW7 6461.733741705526 0.0 0.0 218.26363968532908 0.0 95.73045567530109 0.961791549808631 0.0 0.6205761177772959 ""
18959 2007-10-16 pW6 nan nan nan nan nan nan nan nan nan "Optimal parameters not found: Number of calls to function has reached maxfev = 1000."
18959 2007-10-16 pW7 nan nan nan nan nan nan nan nan nan "Optimal parameters not found: Number of calls to function has reached maxfev = 1000."
