results/spec_class/sdss_sako18spec_rv3_1_bin5_methavg_step3.ecsv
# %ECSV 0.9
# ---
# datatype:
# - {name: obj_id, datatype: string}
# - {name: sid, datatype: string}
# - {name: date, datatype: string}
# - {name: type, datatype: string}
# - {name: feat_name, datatype: string}
# - {name: feat_start, datatype: float64}
# - {name: feat_end, datatype: float64}
# - {name: vel, datatype: float64}
# - {name: vel_err, datatype: float64}
# - {name: vel_samperr, datatype: float64}
# - {name: pew, datatype: float64}
# - {name: pew_err, datatype: float64}
# - {name: pew_samperr, datatype: float64}
# - {name: area, datatype: float64}
# - {name: area_err, datatype: float64}
# - {name: area_samperr, datatype: float64}
# - {name: msg, datatype: string}
# meta: !!omap
# - {bin_size: 5}
# - {method: avg}
# - {nstep: 3}
# - {rv: 3.1}
# schema: astropy-2.0
obj_id sid date type feat_name feat_start feat_end vel vel_err vel_samperr pew pew_err pew_samperr area area_err area_samperr msg
[from data line 461]
16215 1629 2006-12-02 Ia pW6 5564.94652564914 5875.677153745691 13445.96929145951 0.0 0.0 35.20335688329084 0.0 10.090630606534605 4.469123367081726e-15 0.0 1.4118990659184432e-15 ""
16215 1630 2006-12-16 Ia pW6 5527.658850277554 5852.73089197856 13001.688788709085 0.0 0.0 33.429674741458065 0.0 7.65154483976412 1.7827942568316344e-15 0.0 4.491949558884582e-16 ""
16215 1630 2006-12-16 Ia pW7 5857.511363180046 6526.777331388 9186.079516919277 0.0 0.0 123.48909422904968 0.0 11.41945422399307 7.157849189953319e-15 0.0 8.136325357728489e-16 ""
16215 1633 2006-12-04 Ia pW6 5535.307604199931 5869.940588303908 14018.775923436502 0.0 0.0 28.291705835181652 0.0 28.65872219009213 3.26391964860528e-15 0.0 3.0898731608351553e-15 ""
16215 1633 2006-12-04 Ia pW7 5869.940588303908 6391.011949265815 9663.833220185597 0.0 0.0 74.19971297703933 0.0 28.00108348857139 7.944151720617852e-15 0.0 3.4403166999088527e-15 ""
16215 1638 2006-12-08 Ia pW7 5875.677153745691 6444.553226722452 10124.471252109292 0.0 0.0 101.05194489581304 0.0 13.466699520396451 1.1101083552472391e-14 0.0 1.8289476429133476e-15 ""
16215 1638 2006-12-08 Ia pW6 5545.824640843199 5875.677153745691 13230.281927753658 0.0 0.0 28.4639964416302 0.0 8.780930659315386 3.2450936992730207e-15 0.0 1.08158227869062e-15 ""
16232 1314 2006-11-18 Ia pW7 6536.273498203388 6536.273498203388 nan nan nan nan nan nan nan nan nan "Range too small. Please select a wider range"
16232 1314 2006-11-18 Ia pW6 5266.493675841583 5266.493675841583 nan nan nan nan nan nan nan nan nan "Range too small. Please select a wider range"
16259 1375 2006-11-18 Ia pW6 5624.466541290822 5901.820335580197 10844.631548065687 0.0 0.0 32.22002261517973 0.0 17.367161414598172 1.2025464285391355e-15 0.0 6.799698573532112e-16 ""
16259 1375 2006-11-18 Ia pW7 5901.820335580197 6362.5855099641585 10624.431510025282 0.0 0.0 142.661807524068 0.0 30.183993317443825 4.463036799457276e-15 0.0 1.251120869483205e-15 ""
16276 1400 2006-11-18 Ia pW6 5607.2390231950485 5896.726110812301 9959.634740462978 0.0 0.0 14.51189486738424 0.0 45.66750924442907 3.4062873254395706e-16 0.0 6.243875277672074e-16 ""
16276 1400 2006-11-18 Ia pW7 5896.726110812301 6286.904359339903 8688.850723143643 0.0 0.0 39.967698478237956 0.0 58.989286976361285 5.872141951354338e-16 0.0 6.792246154100277e-16 ""
16280 1373 2006-11-20 Ia pW7 5851.863994908487 6353.300804227498 11747.917319650565 0.0 0.0 73.7349368841205 0.0 3.5615617463250118 7.123075480858455e-14 0.0 4.044915934937392e-15 ""
16280 1373 2006-11-20 Ia pW6 5581.859559121328 5851.863994908487 11520.582173524455 0.0 0.0 8.534495624511338 0.0 2.777070315858571 8.744990687319156e-15 0.0 2.9376140216640493e-15 ""
16280 1407 2006-11-17 Ia pW6 5566.430734219205 5841.256677788278 12740.552346539087 0.0 0.0 16.5215396708019 0.0 4.9290481295794 9.723405254488654 0.0 3.0585620815952956 ""
16280 1407 2006-11-17 Ia pW7 5846.078185570192 6342.693487107288 12310.138237679781 0.0 0.0 73.0202012104986 0.0 10.20043523732104 41.38794316120385 0.0 6.787978595030198 ""
16280 1471 2006-11-24 Ia pW7 5840.292376231895 6409.230294497695 11100.863670180785 0.0 0.0 78.90857760900138 0.0 3.1845835912735865 3.920352544660575e-14 0.0 1.849006029462502e-15 ""
16280 1471 2006-11-24 Ia pW6 5623.324526045785 5840.292376231895 11057.926711813998 0.0 0.0 8.976013474701121 0.0 2.1598786302414057 4.694575738568857e-15 0.0 1.1697247301791305e-15 ""
16280 1564 2006-12-13 Ia pW6 5555.8234170989945 5830.649360668068 13858.800788233295 0.0 0.0 7.892397700129141 0.0 2.8665449419686246 1.6143353711000949e-15 0.0 6.036030809888524e-16 ""
16280 1564 2006-12-13 Ia pW7 5830.649360668068 6462.266880098744 8021.085949919482 0.0 0.0 47.29594900469119 0.0 5.2156682274533335 8.451820571013956e-15 0.0 1.0180062475873912e-15 ""
16281 1429 2006-11-21 Ia pW6 5592.510803186655 5955.359486003745 10195.508357703311 0.0 0.0 7.561184997696024 0.0 4.5388304689327645 1.2856626952056107e-15 0.0 7.826929146600215e-16 ""
16281 1429 2006-11-21 Ia pW7 5955.359486003745 6368.83821758601 9541.733322373751 0.0 0.0 35.48147580198827 0.0 7.055484333128838 5.555904529125306e-15 0.0 1.192851422085654e-15 ""
16287 1311 2006-11-14 Ia pW6 5564.099876383457 5839.706934815767 13346.46745337373 0.0 0.0 18.778230184103094 0.0 10.567460155362461 1.0071420728850214e-15 0.0 5.780638685210011e-16 ""
16287 1311 2006-11-14 Ia pW7 5839.706934815767 6395.439200179279 12693.579309079743 0.0 0.0 100.22438722322028 0.0 19.771397903199688 4.8888869992408604e-15 0.0 1.1456191503271503e-15 ""
16287 1338 2006-11-20 Ia pW7 5883.984790104893 6313.208897499476 11165.848203345273 0.0 0.0 199.12839103490813 0.0 31.2251909854983 4.560191677423316e-15 0.0 1.2049368470329914e-15 ""
16287 1338 2006-11-20 Ia pW6 5585.78698917813 5883.984790104893 10533.162117766346 0.0 0.0 32.373603453429396 0.0 20.04841203176982 9.684026971473705e-16 0.0 6.592097261518247e-16 ""
16287 1405 2006-11-18 Ia pW6 5572.232543681459 5870.430344608222 11065.123593627706 0.0 0.0 35.81603250225672 0.0 13.428425942210717 1.5497286636830453e-15 0.0 6.189331571000155e-16 ""
16287 1405 2006-11-18 Ia pW7 5874.948493107112 6335.7996399939275 11726.982923935555 0.0 0.0 149.35508494242626 0.0 12.586167312486085 5.8084488547834e-15 0.0 7.05079116319531e-16 ""
16287 1449 2006-11-24 Ia pW7 5938.202572091577 6331.281491495037 10936.264504287254 0.0 0.0 125.95469330681783 0.0 5.694070899577364 4.5728587705147855e-15 0.0 3.085458463804504e-16 ""
16287 1449 2006-11-24 Ia pW6 5599.341434674801 5938.202572091577 10615.97849117458 0.0 0.0 28.872900670694754 0.0 6.8012425223975495 1.0994099351449041e-15 0.0 2.7940004470826396e-16 ""
16287 1569 2006-11-25 Ia pW7 5920.129978096015 6385.499273481721 10758.22206575405 0.0 0.0 126.39200876493892 0.0 10.391727717851344 2.942267989683861e-15 0.0 3.3248349153939017e-16 ""
16287 1569 2006-11-25 Ia pW6 5608.377731672582 5920.129978096015 10841.504650549507 0.0 0.0 18.12693310451082 0.0 11.614344142911854 4.342500336147361e-16 0.0 2.772480857934252e-16 ""
16287 1650 2006-12-13 Ia pW6 5554.159949685898 5856.875899111551 13099.47049225706 0.0 0.0 46.07078523646853 0.0 12.884783299116418 1.1151260165070728e-15 0.0 3.594749954095545e-16 ""
16287 1650 2006-12-13 Ia pW7 5856.875899111551 6462.307797962857 10196.474090426631 0.0 0.0 140.27320561924304 0.0 20.6481985872249 3.255712741383831e-15 0.0 6.317862075765195e-16 ""
16314 1335 2006-11-16 Ia pW6 5675.913756636189 5967.976710334789 8233.312400698356 0.0 0.0 -2.8610129777821767 0.0 15.733063777371397 -1.1026397217528731e-16 0.0 1.1096979114318151e-15 ""
16314 1335 2006-11-16 Ia pW7 5967.976710334789 6316.567977652473 11240.590061069162 0.0 0.0 14.891708671159959 0.0 18.83315714297475 1.0741246001843952e-15 0.0 1.2779027807084953e-15 ""
16314 1363 2006-12-01 Ia pW7 5985.8773429808325 6320.336531893746 9902.937247316744 0.0 0.0 66.25083084634598 0.0 12.70505112676665 1.3758427269209912e-14 0.0 3.3540979459309156e-15 ""
16314 1363 2006-12-01 Ia pW6 5604.311226052016 5985.8773429808325 8583.678438404708 0.0 0.0 17.075748089551112 0.0 12.51556436326106 4.826499174970736e-15 0.0 3.5518455480204545e-15 ""
16314 1475 2006-11-22 Ia pW7 5919.927643758568 6325.047224695336 10461.23344383772 0.0 0.0 61.34583402630506 0.0 10.6234150764488 8.279270532860789e-15 0.0 1.7194089328793552e-15 ""
16314 1475 2006-11-22 Ia pW6 5674.9716180758705 5919.927643758568 8250.272409281479 0.0 0.0 11.13366584812367 0.0 7.523973716874807 1.845460030662465e-15 0.0 1.2829822006428145e-15 ""
16333 1367 2006-11-16 Ia pW7 5856.585798678404 6356.270576972471 11528.540533010484 0.0 0.0 17.22561271205858 0.0 6.398352733998305 5.561105134034071e-15 0.0 2.12549452973942e-15 ""
16333 1367 2006-11-16 Ia pW6 5609.078385130875 5856.585798678404 9846.17520809029 0.0 0.0 2.540656726952443 0.0 3.2142477432310437 9.072198179811314e-16 0.0 1.1366146895963897e-15 ""
16333 1368 2006-11-19 Ia pW7 5827.632101244541 5827.632101244541 nan nan nan nan nan nan nan nan nan "Range too small. Please select a wider range"
16333 1368 2006-11-19 Ia pW6 5622.154248488103 5622.154248488103 nan nan nan nan nan nan nan nan nan "Range too small. Please select a wider range"
16333 1440 2006-11-28 Ia pW6 5628.692180166717 5969.598617694445 11792.579860845357 0.0 0.0 5.445060066929024 0.0 8.53983550273991 1.3946700975663407e-14 0.0 2.2643832585336246e-14 ""
16333 1440 2006-11-28 Ia pW7 5964.928666495435 6319.844957620193 9171.996708613677 0.0 0.0 21.731396337986805 0.0 7.885407526422591 4.8728763087681485e-14 0.0 1.91733096603701e-14 ""
16350 1508 2006-11-21 Ia pW6 5576.729655346384 5936.518665368731 10128.82178535075 0.0 0.0 44.44363233150189 0.0 22.611806127956804 1.2078992083923331e-15 0.0 6.345808606742746e-16 ""
16350 1508 2006-11-21 Ia pW7 5936.518665368731 6365.031418878493 nan nan nan nan nan nan nan nan nan "Optimal parameters not found: Number of calls to function has reached maxfev = 1000."
16352 1478 2006-11-25 Ia pW6 5597.899478467496 5901.720345684184 10938.913608359544 0.0 0.0 23.440844391050142 0.0 36.139493335898514 1.7927321967469513e-16 0.0 2.1788689150058538e-16 ""
16352 1478 2006-11-25 Ia pW7 5897.722702694491 6269.503500735967 11423.82313866432 0.0 0.0 22.826851956380775 0.0 94.56048291689483 2.2931116434553606e-16 0.0 3.7284508400460735e-16 ""
16352 1509 2006-11-24 Ia pW7 5898.52223129243 6394.229962014397 9370.439075296656 0.0 0.0 49.16723224634961 0.0 70.25790925742882 1.6949576958878017e-15 0.0 2.0412666224415962e-15 ""
16352 1509 2006-11-24 Ia pW6 5594.701364075741 5902.519874282123 13376.3870280469 0.0 0.0 2.2589451069437025 0.0 23.964089510180607 1.5768573015276852e-16 0.0 7.175626042818011e-16 ""
16357 1437 2006-11-23 Ia pW6 5607.8056263214485 5959.09393961793 9295.485082515323 0.0 0.0 -6.272707195009048 0.0 60.30349926902007 1.254480915892734e-16 0.0 1.0753393536597318e-15 ""
16357 1437 2006-11-23 Ia pW7 6317.700759441423 6317.700759441423 nan nan nan nan nan nan nan nan nan "Range too small. Please select a wider range"
16392 1365 2006-11-17 Ia pW7 5949.797607599856 6356.378930010335 11069.474871794742 0.0 0.0 151.87916112531005 0.0 21.175172816784944 8.006418793283542e-15 0.0 1.7427674930691426e-15 ""
16392 1365 2006-11-17 Ia pW6 5614.131632121437 5949.797607599856 9603.924850456528 0.0 0.0 68.33364686397685 0.0 20.39742743233788 4.2655624844498005e-15 0.0 1.4491961784258796e-15 ""
16392 1412 2006-11-18 Ia pW7 5904.411785563338 6301.537728382875 11182.692237577769 0.0 0.0 78.1209906016008 0.0 9.648134654017772 9.067744869111e-15 0.0 1.4489198794610663e-15 ""
16392 1412 2006-11-18 Ia pW6 5601.839638653214 5904.411785563338 10396.313342272926 0.0 0.0 21.546603686595514 0.0 9.759823036029527 2.8238222800002e-15 0.0 1.3526218244527817e-15 ""
16392 1425 2006-12-27 Ia pW7 5856.189349649537 6466.061333265255 8939.37955492972 0.0 0.0 88.10087274148933 0.0 37.18513789720101 1.0489724581323882e-14 0.0 4.809222395581741e-15 ""
16392 1425 2006-12-27 Ia pW6 5558.344892534884 5856.189349649537 13659.181678851655 0.0 0.0 20.178617935656955 0.0 12.882864913320603 2.7949322259689376e-15 0.0 1.7702441962934416e-15 ""
16392 1448 2006-11-24 Ia pW6 5669.918371707991 5896.847481890584 9961.425853172528 0.0 0.0 11.138854973887284 0.0 3.6588446089793045 6.738366796110174e-16 0.0 2.1398128010161719e-16 ""
16392 1448 2006-11-24 Ia pW7 5896.847481890584 6312.884183892004 10149.86194804077 0.0 0.0 62.697468485724514 0.0 8.77966772127399 2.827752416795431e-15 0.0 4.720735761950933e-16 ""
16392 1566 2006-12-13 Ia pW6 5641.552232935168 5641.552232935168 nan nan nan nan nan nan nan nan nan "Range too small. Please select a wider range"
16392 1566 2006-12-13 Ia pW7 6492.536396119891 6483.0810165289495 nan nan nan nan nan nan nan nan nan "Range too small. Please select a wider range"
16392 1682 2006-12-15 Ia pW6 5547.943974984848 5841.06074230403 13750.920984340597 0.0 0.0 12.857082447102059 0.0 4.226855186541604 2.1053299853352235e-15 0.0 7.190613340406973e-16 ""
16392 1682 2006-12-15 Ia pW7 5841.06074230403 6564.397281011045 8315.40039773226 0.0 0.0 59.103325150291404 0.0 16.978255755404795 9.342460576474917e-15 0.0 2.8776426783357073e-15 ""
16402 1510 2006-12-13 Ia pW7 5919.908354929066 6358.420084923811 7953.559432524411 0.0 0.0 25.388235850015025 0.0 35.62865473021154 7.843311263881646e-16 0.0 1.0287370142934778e-15 ""
16402 1510 2006-12-13 Ia pW6 5605.576937853187 5919.908354929066 10893.666010930234 0.0 0.0 30.802473919226383 0.0 17.92974210932191 9.147686456406226e-16 0.0 5.750906321701714e-16 ""
16414 1434 2006-11-21 Ia pW6 5652.133302300512 5652.133302300512 nan nan nan nan nan nan nan nan nan "Range too small. Please select a wider range"
16414 1434 2006-11-21 Ia pW7 6463.682411740207 6456.026288066247 nan nan nan nan nan nan nan nan nan "Range too small. Please select a wider range"
16421 1436 2006-11-25 Ia pW7 6407.098796502858 6407.098796502858 nan nan nan nan nan nan nan nan nan "Range too small. Please select a wider range"
16421 1436 2006-11-25 Ia pW6 5584.838441209537 5584.838441209537 nan nan nan nan nan nan nan nan nan "Range too small. Please select a wider range"
16442 1433 2006-11-19 Ia pW6 5622.052672595259 5622.052672595259 nan nan nan nan nan nan nan nan nan "Range too small. Please select a wider range"
16442 1433 2006-11-19 Ia pW7 6306.000686292979 6306.000686292979 nan nan nan nan nan nan nan nan nan "Range too small. Please select a wider range"
16473 1439 2006-11-24 Ia pW6 5609.981120532571 5959.448614299716 7497.436225471734 0.0 0.0 20.819334246392604 0.0 15.080880346660033 1.4390666686794142e-15 0.0 1.0712793480177488e-15 ""
16473 1439 2006-11-24 Ia pW7 5959.448614299716 6391.143753659129 10109.490485658975 0.0 0.0 80.94125906264401 0.0 17.409458438447245 4.797346154223568e-15 0.0 1.2490921393581863e-15 ""
16473 1520 2006-11-25 Ia pW6 5617.381608635876 5896.9556036495915 nan nan nan nan nan nan nan nan nan "Optimal parameters not found: Number of calls to function has reached maxfev = 1000."
16473 1520 2006-11-25 Ia pW7 5896.9556036495915 6349.207654407072 9476.94604883338 0.0 0.0 47.00806896949864 0.0 39.02513117433759 6.889532513581287e-16 0.0 6.085339046361524e-16 ""
16482 1512 2006-11-22 Ia pW7 5959.729346013244 6418.647110430497 10109.584102626133 0.0 0.0 127.10658995958657 0.0 37.27228994981837 1.6796785396168828e-15 0.0 5.934001436282296e-16 ""
16482 1512 2006-11-22 Ia pW6 5624.843409816871 5959.729346013244 8402.607174440029 0.0 0.0 43.642083973688926 0.0 13.1087747544667 6.576871974956439e-16 0.0 2.1602684047122696e-16 ""
16541 1485 2006-11-23 Ia pW6 5555.167539114268 5886.700574392035 12076.019917595588 0.0 0.0 36.1118001904702 0.0 17.831601457189876 9.894149140629722e-16 0.0 5.216341622448588e-16 ""
16541 1485 2006-11-23 Ia pW7 5886.700574392035 6403.892109425352 10956.891965313504 0.0 0.0 33.10098658070187 0.0 54.73526044237602 8.07753399590802e-16 0.0 9.418311361671532e-16 ""
16567 1546 2006-11-23 Ia pW6 5641.650233074865 5641.650233074865 nan nan nan nan nan nan nan nan nan "Range too small. Please select a wider range"
16567 1546 2006-11-23 Ia pW7 6260.887025560189 6260.887025560189 nan nan nan nan nan nan nan nan nan "Range too small. Please select a wider range"
16578 1516 2006-11-26 Ia pW7 5948.612643624296 6383.160011417519 8790.693238427839 0.0 0.0 41.53405270919142 0.0 18.40750897480552 6.30348900901465e-16 0.0 3.027270623514428e-16 ""
16578 1516 2006-11-26 Ia pW6 5637.613056870322 5952.872911935994 8027.158737454404 0.0 0.0 3.000730492000203 0.0 14.025744038058374 6.032562533721363e-17 0.0 2.2476596930124864e-16 ""
16618 1548 2006-11-23 Ia pW7 5952.136250183527 6346.456362606708 10350.864721855041 0.0 0.0 59.85440822495554 0.0 7.304064704586901 1.0218393887091175 0.0 0.14754576383788653 ""
16618 1548 2006-11-23 Ia pW6 5650.103823646623 5952.136250183527 9178.321063790503 0.0 0.0 5.909506931288364 0.0 4.420382491938061 0.11547672355822887 0.0 0.08721004753755651 ""
