results/spec_class/sdss_sako18spec_rv3_1_bin5.0_methgauss_step5.ecsv
# %ECSV 0.9
# ---
# datatype:
# - {name: obj_id, datatype: string}
# - {name: sid, datatype: string}
# - {name: date, datatype: string}
# - {name: type, datatype: string}
# - {name: feat_name, datatype: string}
# - {name: feat_start, datatype: float64}
# - {name: feat_end, datatype: float64}
# - {name: vel, datatype: float64}
# - {name: vel_err, datatype: float64}
# - {name: vel_samperr, datatype: float64}
# - {name: pew, datatype: float64}
# - {name: pew_err, datatype: float64}
# - {name: pew_samperr, datatype: float64}
# - {name: area, datatype: float64}
# - {name: area_err, datatype: float64}
# - {name: area_samperr, datatype: float64}
# - {name: msg, datatype: string}
# meta: !!omap
# - {bin_size: 5.0}
# - {method: gauss}
# - {nstep: 5}
# - {rv: 3.1}
# schema: astropy-2.0
obj_id sid date type feat_name feat_start feat_end vel vel_err vel_samperr pew pew_err pew_samperr area area_err area_samperr msg
[from data line 455]
18486 2186 2007-10-11 Ia pW7 5879.5221138102925 6292.681941268625 10199.61376173618 0.0 0.0 145.8927249982866 0.0 4.885732672205186 1.114920893325586e-15 0.0 5.930306535258329e-17 ""
18612 2121 2007-10-08 Ia pW6 5293.188305424728 5293.188305424728 nan nan nan nan nan nan nan nan nan "Range too small. Please select a wider range"
18612 2121 2007-10-08 Ia pW7 5370.295042589349 5370.295042589349 nan nan nan nan nan nan nan nan nan "Range too small. Please select a wider range"
18643 2123 2007-10-08 Ia? pW7 6506.131694810757 6506.131694810757 nan nan nan nan nan nan nan nan nan "Range too small. Please select a wider range"
18643 2123 2007-10-08 Ia? pW6 5568.8995842599015 5568.8995842599015 nan nan nan nan nan nan nan nan nan "Range too small. Please select a wider range"
18643 2126 2007-10-11 Ia? pW6 5583.145819272066 5583.145819272066 nan nan nan nan nan nan nan nan nan "Range too small. Please select a wider range"
18643 2126 2007-10-11 Ia? pW7 5745.2459010813045 5745.2459010813045 nan nan nan nan nan nan nan nan nan "Range too small. Please select a wider range"
18650 2165 2007-10-10 Ia pW6 5612.884800570312 5803.072641879939 12297.17766582172 0.0 0.0 2.6589899238643366 0.0 1.4249936385721 1.1124899380684716e-16 0.0 6.125753979060601e-17 ""
18650 2165 2007-10-10 Ia pW7 5803.072641879939 6279.9204179171 19544.45133027805 0.0 0.0 52.50093624935371 0.0 1.8836116761761652 1.810416043759324e-15 0.0 7.602630424218914e-17 ""
18697 2132 2007-10-09 Ia pW6 5597.186589752218 5840.947419514145 9623.76462626323 0.0 0.0 4.412670291125119 0.0 0.2932078936393892 6.020694816773763e-16 0.0 4.078292034647986e-17 ""
18697 2132 2007-10-09 Ia pW7 5843.717428943254 6248.138805593727 11417.128123571425 0.0 0.0 30.736991732735003 0.0 1.5193531334992911 3.771608158437972e-15 0.0 2.0482490022154293e-16 ""
18697 2171 2007-10-16 Ia pW6 5554.35221396486 5850.284727221445 12096.018975009109 0.0 0.0 7.7708396357105896 0.0 0.46910680031666463 6.196850147165545e-16 0.0 3.848814539780947e-17 ""
18697 2171 2007-10-16 Ia pW7 5850.284727221445 6307.771522155875 10256.746401567698 0.0 0.0 36.67038393580435 0.0 0.8396330186434219 2.7881531964569152e-15 0.0 7.001389937178572e-17 ""
18740 2228 2007-10-20 Ia pW6 5700.508580388417 5966.582074164193 6857.578158668087 0.0 0.0 21.710424247348396 0.0 1.8260169529261328 4.921207494633931e-16 0.0 4.5743335659192044e-17 ""
18740 2228 2007-10-20 Ia pW7 5966.582074164193 6349.72790520131 10130.607974500468 0.0 0.0 105.28055756325483 0.0 2.471910460405687 2.1639541699646034e-15 0.0 6.74092348562905e-17 ""
18749 2144 2007-10-11 Ia pW6 5682.201782644666 5933.681761300598 4581.165681011972 0.0 0.0 9.085129691995133 0.0 0.9010468022127494 3.7657931041006816e-16 0.0 3.8899253263164285e-17 ""
18749 2144 2007-10-11 Ia pW7 5933.681761300598 6539.3969787084425 10507.797577786085 0.0 0.0 51.69671198877142 0.0 4.511640789695109 2.1470589445879385e-15 0.0 2.0904810683747459e-16 ""
18751 2163 2007-10-10 Ia pW7 5952.0892951962005 6439.5295422885065 7622.524418810912 0.0 0.0 36.97747242382361 0.0 1.0018962231277215 4.770797419077098e-15 0.0 1.3928346779140666e-16 ""
18751 2163 2007-10-10 Ia pW6 5579.340870949137 5952.0892951962005 6839.082079464862 0.0 0.0 11.785722951972254 0.0 1.3322439039568452 1.6758176694492091e-15 0.0 2.0161597625770026e-16 ""
18768 2135 2007-10-14 Ia pW6 5590.361073530914 5863.906353002617 10496.393414178054 0.0 0.0 23.60630968874081 0.0 1.4797819237403624 1.0721646778834993e-16 0.0 7.378028945381727e-18 ""
18768 2135 2007-10-14 Ia pW7 5863.906353002617 6287.30759802789 10259.519985491708 0.0 0.0 103.12629746401596 0.0 1.9326679712881625 4.4144190172614484e-16 0.0 1.091924704602789e-17 ""
18787 2150 2007-10-14 Ia pW6 5622.969839218554 5995.336163207467 7435.755040260543 0.0 0.0 27.439914301830427 0.0 4.7206535566271395 2.7708189071230768e-17 0.0 5.074144675111445e-18 ""
18787 2150 2007-10-14 Ia pW7 5995.336163207467 6342.573920039036 7730.354708536937 0.0 0.0 110.1477368496315 0.0 5.195413301109431 1.2044111648677614e-16 0.0 8.552324312557221e-18 ""
18804 2148 2007-10-14 Ia pW6 5650.784091293198 5909.462724700627 7831.993307218838 0.0 0.0 8.87969939051732 0.0 1.2824779082634374 1.330382564503124e-16 0.0 1.9914833726593793e-17 ""
18804 2148 2007-10-14 Ia pW7 5909.462724700627 6475.705622431625 10594.440922609858 0.0 0.0 57.61620214484767 0.0 5.217761989189933 7.718227287713246e-16 0.0 7.574221717274027e-17 ""
18809 2145 2007-10-09 Ia pW6 5638.245303728541 5945.3659619407445 10543.419552555872 0.0 0.0 28.862544817600323 0.0 2.2067340578589456 1.2214677595762785e-15 0.0 1.0180809744461324e-16 ""
18809 2145 2007-10-09 Ia pW7 5945.3659619407445 6401.970126362422 10771.990688274076 0.0 0.0 129.65015266256844 0.0 2.4072286941133085 4.965682124444267e-15 0.0 1.3036474676664716e-16 ""
18855 2149 2007-10-09 Ia pW6 5633.727691453639 5832.4466047881515 10512.880020628048 0.0 0.0 6.387965865677886 0.0 1.0687840073082653 2.1799489868378314e-16 0.0 3.8227364677460075e-17 ""
18855 2149 2007-10-09 Ia pW7 5832.4466047881515 6306.10538451699 11040.530481538357 0.0 0.0 102.62822498911756 0.0 1.9630318358572165 3.2740553907849247e-15 0.0 8.083005135219421e-17 ""
18890 2197 2007-10-16 Ia pW6 5644.62035030683 5845.267835600003 12757.57607002173 0.0 0.0 6.776294375897072 0.0 1.2023873901593367 2.0203252634592148e-16 0.0 3.6968168268790043e-17 ""
18890 2197 2007-10-16 Ia pW7 5845.267835600003 6440.350548392585 nan nan nan nan nan nan nan nan nan "Optimal parameters not found: Number of calls to function has reached maxfev = 1000."
18903 2247 2007-10-14 Ia pW6 5674.517661315845 5991.558579889002 5602.774183191864 0.0 0.0 11.9210804554616 0.0 0.8210251583225858 2.0308505923972193e-16 0.0 1.4498878461265177e-17 ""
18903 2247 2007-10-14 Ia pW7 5988.440541542325 6279.138852765891 8912.600065239096 0.0 0.0 20.22720032700149 0.0 1.63018841164601 3.263869245223889e-16 0.0 2.852600472830271e-17 ""
18909 2189 2007-10-12 Ia? pW6 5815.04217700294 6062.221992766162 3141.019827048529 0.0 0.0 12.671361846062288 0.0 0.4871689602488891 3.846178047249206e-16 0.0 1.5613457027703835e-17 ""
18909 2189 2007-10-12 Ia? pW7 6063.7110278008795 6404.700050751342 6326.230885916643 0.0 0.0 22.861673056678832 0.0 1.6443976851857656 6.915704463695931e-16 0.0 5.2822129796175185e-17 ""
