results/spec_class/sdss_sako18spec_rv3_1_bin5.0_methgauss_step5.ecsv
# %ECSV 0.9
# ---
# datatype:
# - {name: obj_id, datatype: string}
# - {name: sid, datatype: string}
# - {name: date, datatype: string}
# - {name: type, datatype: string}
# - {name: feat_name, datatype: string}
# - {name: feat_start, datatype: float64}
# - {name: feat_end, datatype: float64}
# - {name: vel, datatype: float64}
# - {name: vel_err, datatype: float64}
# - {name: vel_samperr, datatype: float64}
# - {name: pew, datatype: float64}
# - {name: pew_err, datatype: float64}
# - {name: pew_samperr, datatype: float64}
# - {name: area, datatype: float64}
# - {name: area_err, datatype: float64}
# - {name: area_samperr, datatype: float64}
# - {name: msg, datatype: string}
# meta: !!omap
# - {bin_size: 5.0}
# - {method: gauss}
# - {nstep: 5}
# - {rv: 3.1}
# schema: astropy-2.0
obj_id sid date type feat_name feat_start feat_end vel vel_err vel_samperr pew pew_err pew_samperr area area_err area_samperr msg
[from data line 639]
21033 2565 2007-11-13 Ia pW7 5914.79813028356 6393.860972135568 9542.9839705942 0.0 0.0 102.12885600432472 0.0 6.166496634168831 4.348314687783291e-16 0.0 3.2742993427810224e-17 ""
21034 2489 2007-11-23 Ia? pW6 5685.823029275054 5824.244509794349 11639.436322415842 0.0 0.0 9.86315461339564 0.0 1.325261639844012 4.546911442287929e-16 0.0 6.510943716557327e-17 ""
21034 2489 2007-11-23 Ia? pW7 5824.244509794349 6200.750936806844 16774.593501128027 0.0 0.0 61.776187561257835 0.0 2.9542995256747098 2.8957662367563105e-15 0.0 1.6594985779201115e-16 ""
21062 2613 2007-11-16 Ia pW7 5919.932101499513 6309.523947571637 8450.074897545093 0.0 0.0 37.9773069079852 0.0 2.272261037293742 5.805678420186457e-16 0.0 3.9300033503898816e-17 ""
21062 2613 2007-11-16 Ia pW6 5674.435950772442 5919.932101499513 nan nan nan nan nan nan nan nan nan "Optimal parameters not found: Number of calls to function has reached maxfev = 1000."
21422 2599 2007-11-15 Ia pW7 5867.215789507464 6257.83664738047 11035.744976782169 0.0 0.0 103.48309586388983 0.0 4.63093302272667 3.1311689469685457e-16 0.0 2.0101183027874615e-17 ""
21422 2599 2007-11-15 Ia pW6 5678.409429234138 5867.215789507464 9641.457956918604 0.0 0.0 21.598887794773084 0.0 1.6024167992260834 6.142180229353623e-17 0.0 5.157069310693083e-18 ""
21502 2703 2007-12-02 Ia pW7 nan nan nan nan nan nan nan nan nan nan nan "Feature not in spectral wavelength range."
21502 2703 2007-12-02 Ia pW6 nan nan nan nan nan nan nan nan nan nan nan "Feature not in spectral wavelength range."
21510 2662 2007-11-23 Ia pW6 5509.612388896173 5768.487415996614 18207.79076724604 0.0 0.0 16.048617342133753 0.0 1.8957883310131753 1.4860558380875743e-15 0.0 1.8521678648932087e-16 ""
21510 2662 2007-11-23 Ia pW7 5765.8186012842425 6350.289023294523 21713.790193979272 0.0 0.0 83.89772387409987 0.0 4.220091704796949 7.723942248544272e-15 0.0 4.573046069147733e-16 ""
2165 209 2005-09-28 Ia pW7 5920.973825347318 6353.638494570218 9612.489095485438 0.0 0.0 101.78562349177639 0.0 13.285393972970374 4.0521612058864353e-16 0.0 6.679826461930664e-17 ""
2165 209 2005-09-28 Ia pW6 5579.012351841019 5923.058956283329 8644.055413678823 0.0 0.0 41.449822950465546 0.0 7.481051972811485 1.8699127547742806e-16 0.0 3.7460010186409774e-17 ""
21669 2591 2007-11-15 Ia pW6 5560.44697135443 5801.636252656209 13490.264410345146 0.0 0.0 3.749709674559423 0.0 0.8406130699290679 7.302941592690798e-17 0.0 1.6857634205303067e-17 ""
21669 2591 2007-11-15 Ia pW7 5801.636252656209 6294.344265794903 16444.3109691606 0.0 0.0 64.15484428750986 0.0 1.8203270327318786 1.1678748844735425e-15 0.0 3.758521634103338e-17 ""
22075 2661 2007-11-25 Ia pW6 5626.771335218784 5968.677412188074 7884.661123886505 0.0 0.0 18.31904293561227 0.0 3.7716858505131743 2.40882443306117e-15 0.0 5.179846985661559e-16 ""
22075 2661 2007-11-25 Ia pW7 5965.963871894671 6383.849077079371 10846.474400478306 0.0 0.0 43.5760208372911 0.0 3.0565717778703143 5.221424355030489e-15 0.0 4.109137621938524e-16 ""
22182 2699 2007-12-03 Ia pW7 5885.409796254747 6336.878831809503 9763.194826757062 0.0 0.0 122.31944678045359 0.0 3.4082728531685746 7.716773290500614e-15 0.0 3.0932526521476157e-16 ""
22182 2699 2007-12-03 Ia pW6 5569.708622841451 5885.409796254747 9391.115851685458 0.0 0.0 44.04937450253315 0.0 2.727914714164854 3.9485678638095235e-15 0.0 2.967149802810022e-16 ""
2246 171 2005-09-25 Ia pW6 5633.633892244837 5779.168741223791 13452.74631546673 0.0 0.0 9.52459861066377 0.0 0.48396622650088383 2.369184720274698e-16 0.0 1.2991640535883858e-17 ""
2246 171 2005-09-25 Ia pW7 5768.773394868148 6336.359305886063 11055.819164457072 0.0 0.0 92.64217688809663 0.0 2.1105178876645048 2.0589726460493593e-15 0.0 5.601074749371061e-17 ""
2246 174 2005-09-25 Ia pW6 5655.802776973865 5963.045255147184 7799.042290710994 0.0 0.0 39.19196845870995 0.0 2.5783879580858695 5.897414252381663e-16 0.0 4.415612595510234e-17 ""
2246 174 2005-09-25 Ia pW7 5963.045255147184 6262.60667136616 11366.079591591397 0.0 0.0 61.012110857426826 0.0 2.0171270890320177 8.411006249953217e-16 0.0 3.5463764364902594e-17 ""
2330 196 2005-09-28 Ia pW6 5636.770403538911 5948.313546701238 9940.877097511802 0.0 0.0 30.978702264939244 0.0 1.0318396365124607 2.4789579531057154e-16 0.0 9.271459662743697e-18 ""
2330 196 2005-09-28 Ia pW7 5949.418309620255 6287.475762838962 10023.10677833693 0.0 0.0 108.74321868505214 0.0 5.175294141893463 7.976657269135247e-16 0.0 5.69351578481318e-17 ""
2372 132 2005-09-24 Ia pW7 5818.6746433107155 6316.663219599369 9448.617506474755 0.0 0.0 123.51405683788894 0.0 6.9601837700620734 3.3938422015377762e-15 0.0 2.6305055654940614e-16 ""
2372 132 2005-09-24 Ia pW6 5676.291994033818 5818.6746433107155 11228.555603333902 0.0 0.0 13.455160614330355 0.0 0.9486594438138909 3.6494029183274084e-16 0.0 2.813007137071674e-17 ""
2372 159 2005-09-25 Ia pW6 5655.876653214114 5972.752003251619 nan nan nan nan nan nan nan nan nan "Optimal parameters not found: Number of calls to function has reached maxfev = 1000."
2372 159 2005-09-25 Ia pW7 5966.919941594485 6301.291476603391 9908.675665357225 0.0 0.0 44.45074133649805 0.0 3.9518468236667785 1.0223297143227389e-15 0.0 1.0380974564387472e-16 ""
2422 210 2005-09-28 Ia pW6 5626.6945328073225 5818.503971058772 11599.886983562064 0.0 0.0 10.956641488309234 0.0 0.7171168040377193 8.632354970563378e-17 0.0 5.977175059738559e-18 ""
2422 210 2005-09-28 Ia pW7 5818.503971058772 6277.363013947607 9798.975192304144 0.0 0.0 85.90566209677966 0.0 1.734036896474065 5.722012628329751e-16 0.0 1.4890619828614973e-17 ""
2440 121 2005-09-25 Ia pW6 5635.878711568643 5856.307196789656 9710.849431550847 0.0 0.0 22.25718553664253 0.0 1.0810790678328341 2.2919264881997393e-15 0.0 1.2563674636172595e-16 ""
2440 121 2005-09-25 Ia pW7 5856.307196789656 6305.534869202102 9472.54720427413 0.0 0.0 92.5829607167931 0.0 2.7284103022316657 8.004277931397237e-15 0.0 3.089865352103195e-16 ""
2533 229 2005-10-01 Ia pW7 5995.097051989965 6361.979547457886 8317.764928865878 0.0 0.0 102.26310551144631 0.0 7.9996777539325254 1.9618835618715192e-15 0.0 2.0752513643774358e-16 ""
2533 229 2005-10-01 Ia pW6 5671.971184421891 5995.097051989965 6880.180075656544 0.0 0.0 114.36082121191856 0.0 5.990463539417875 2.546372951385833e-15 0.0 2.062455198107202e-16 ""
2561 161 2005-09-23 Ia pW6 5645.995205791969 5901.178110686663 9156.61736701731 0.0 0.0 30.60438316250759 0.0 2.3333167869179476 2.7079208784801576e-15 0.0 2.349096519378566e-16 ""
2561 161 2005-09-23 Ia pW7 5901.178110686663 6323.739049974647 9387.394773597602 0.0 0.0 80.23051270401344 0.0 4.308296710357076 6.037125296372752e-15 0.0 4.0246300242989525e-16 ""
2561 162 2005-09-25 Ia pW6 5634.342721711571 5978.99918029215 7639.230227951794 0.0 0.0 27.913313019294144 0.0 2.3414544627077425 8.900622467185202e-16 0.0 7.895362929201347e-17 ""
2561 162 2005-09-25 Ia pW7 5978.99918029215 6395.188111408325 8328.08624671199 0.0 0.0 74.750597184523 0.0 2.14128354733653 2.5161039186957543e-15 0.0 8.770575978445539e-17 ""
2561 169 2005-09-25 Ia pW6 5681.191965859294 5900.464325603022 9432.35210042674 0.0 0.0 29.562396174681115 0.0 1.1081957844782133 1.1920359508683105e-15 0.0 5.1594546350973e-17 ""
2561 169 2005-09-25 Ia pW7 5900.464325603022 6365.677305059299 9617.562533034592 0.0 0.0 95.43301739248243 0.0 1.2412936478848176 3.4816329669728776e-15 0.0 5.65621318799927e-17 ""
2561 575 2005-09-25 Ia pW6 5588.340756664866 5989.07034059768 8509.399011541158 0.0 0.0 25.664473196945654 0.0 2.5927925053972336 1.3350185484951019e-15 0.0 1.4414656441794839e-16 ""
2561 575 2005-09-25 Ia pW7 5989.07034059768 6376.076308642383 9451.613920782156 0.0 0.0 63.95986259526846 0.0 1.6693267930828941 3.011676611850228e-15 0.0 9.253539349795677e-17 ""
2635 170 2005-09-25 Ia pW7 5882.454476390223 6249.0868108868735 11774.141321881214 0.0 0.0 77.36398930633395 0.0 2.5639373614587373 4.484423402391123e-15 0.0 1.95118131867276e-16 ""
2635 170 2005-09-25 Ia pW6 5591.177404319756 5882.454476390223 9094.549755570923 0.0 0.0 29.526873778336434 0.0 2.1712338808220535 2.064680958844161e-15 0.0 1.7046813054513287e-16 ""
2689 122 2005-09-24 Ia pW7 5853.608044596113 6438.693169294972 7651.615109860841 0.0 0.0 126.92151537013748 0.0 7.635211673865188 1.5276916218198537e-15 0.0 1.1809009790835798e-16 ""
2689 122 2005-09-24 Ia pW6 5645.46651490496 5855.7538335619965 12395.731783320103 0.0 0.0 18.077859358755493 0.0 2.671368912946085 2.3811922205551564e-16 0.0 3.922196174425309e-17 ""
2789 201 2005-09-27 Ia pW6 5603.34851437978 5912.212260930251 9075.193719997633 0.0 0.0 60.45674124898834 0.0 7.620257639687726 2.266181685169117e-16 0.0 3.501426896522457e-17 ""
2789 201 2005-09-27 Ia pW7 5911.172315655668 6302.191738898004 9919.831427332318 0.0 0.0 120.96562445708145 0.0 10.563011730307784 3.7203621023399524e-16 0.0 4.556128498519396e-17 ""
2916 184 2005-09-27 Ia pW7 5909.048863242167 6368.611318804342 9342.871699161746 0.0 0.0 60.14247070816683 0.0 1.7726951605256942 1.5290761794064073e-15 0.0 5.108746494712138e-17 ""
2916 184 2005-09-27 Ia pW6 5669.5585694985 5913.364003669983 9055.47149217539 0.0 0.0 17.08929251758261 0.0 2.422891188374495 4.634939082157822e-16 0.0 7.098468932597341e-17 ""
2916 230 2005-10-01 Ia pW7 5926.8494690894 6334.387995121039 10072.173454311867 0.0 0.0 74.78209617965511 0.0 1.984299482327488 3.370372975807293e-15 0.0 1.0936633504861266e-16 ""
2916 230 2005-10-01 Ia pW6 5672.407426381815 5933.318334581962 8985.657824730115 0.0 0.0 17.124223225325974 0.0 1.2504377442249974 8.50450340214205e-16 0.0 6.513464027873235e-17 ""
3080 185 2005-09-26 Ia pW6 5661.297882868876 5849.409876978126 9783.870126324196 0.0 0.0 10.532694855923088 0.0 1.096536290450052 3.096249643143053e-16 0.0 3.407845263041862e-17 ""
3080 185 2005-09-26 Ia pW7 5847.288313134784 6291.402344340082 9771.144087731724 0.0 0.0 44.323150912906655 0.0 4.422311133948713 1.1317720739952467e-15 0.0 1.2759026438876434e-16 ""
3080 186 2005-09-28 Ia pW6 5673.9166412873765 5857.646272410067 9327.564642817442 0.0 0.0 4.418088205509379 0.0 1.1733169154604617 1.5325473499107262e-16 0.0 4.1613325591666484e-17 ""
3080 186 2005-09-28 Ia pW7 5861.7750281656245 6336.581940055713 9145.718104754804 0.0 0.0 53.6169596272952 0.0 1.677828995506919 1.7735511732107193e-15 0.0 6.287721285694495e-17 ""
3199 254 2005-10-09 Ia pW6 5624.177117126173 5782.971504943367 14363.156768678879 0.0 0.0 6.4148853628654825 0.0 2.2428603312053617 1.1347575372992124e-16 0.0 4.091449887843978e-17 ""
3199 254 2005-10-09 Ia pW7 5782.971504943367 6454.238689806956 6886.594956898451 0.0 0.0 250.43712701316775 0.0 7.960546358870315 4.2625592147592315e-15 0.0 2.321663640544659e-16 ""
3241 246 2005-09-25 Ia? pW7 6334.355933383123 6334.355933383123 nan nan nan nan nan nan nan nan nan "Range too small. Please select a wider range"
3241 246 2005-09-25 Ia? pW6 5453.855779503554 5453.855779503554 nan nan nan nan nan nan nan nan nan "Range too small. Please select a wider range"
3317 179 2005-09-27 Ia pW7 5934.485890785411 6341.866468030021 9735.521481371408 0.0 0.0 43.05938716057123 0.0 1.2960208729125984 2.018930040585194e-15 0.0 6.870194393428974e-17 ""
3317 179 2005-09-27 Ia pW6 5662.898839289008 5938.664153116128 10411.711951099165 0.0 0.0 15.532024350766427 0.0 0.8830214054932756 7.415001582654513e-16 0.0 4.4978487009102836e-17 ""
3331 181 2005-09-26 Ia? pW6 5635.2260909465 5911.663648301019 10046.238356040194 0.0 0.0 69.91678467637294 0.0 5.543287807418665 4.621908978086093e-16 0.0 4.756396444349797e-17 ""
3331 181 2005-09-26 Ia? pW7 5911.663648301019 6285.264901557375 12769.582209091863 0.0 0.0 141.19894429335417 0.0 8.61506760373532 1.0146823617204823e-15 0.0 9.802134281924548e-17 ""
3451 203 2005-09-27 Ia pW7 5928.138187528564 6311.630351893698 11385.32915289663 0.0 0.0 86.79510631105471 0.0 2.4102859305864164 5.781823784887614e-16 0.0 2.066699322110564e-17 ""
3451 203 2005-09-27 Ia pW6 5654.215212982038 5925.989772041926 7930.271545561353 0.0 0.0 23.357131499125124 0.0 3.6804685674020607 1.7283043760602651e-16 0.0 2.95065816614768e-17 ""
3452 204 2005-09-27 Ia pW7 5897.529397767337 6308.636122192791 10018.988380606856 0.0 0.0 71.82802892867937 0.0 1.7890535131662761 4.271449504219509e-16 0.0 1.2943280260550204e-17 ""
3452 204 2005-09-27 Ia pW6 5652.173925630131 5898.619866532392 9041.023172627494 0.0 0.0 17.06510067676358 0.0 5.874962279919042 1.152168863113529e-16 0.0 4.155414282768256e-17 ""
3592 178 2005-09-27 Ia pW7 5837.303110090184 6359.741658216213 10287.173264491397 0.0 0.0 71.49390311793007 0.0 1.6342139515968281 5.672778068733088e-15 0.0 1.5192000014787556e-16 ""
3592 178 2005-09-27 Ia pW6 5645.295780437033 5837.303110090184 9980.012602183133 0.0 0.0 3.965215103306782 0.0 0.8698696023077046 3.4802296124749487e-16 0.0 7.947096423904881e-17 ""
3592 244 2005-10-01 Ia pW6 5684.908421021131 5905.308134359753 9194.620844430481 0.0 0.0 14.061683484790368 0.0 0.7767684626216695 1.5138428062713628e-15 0.0 8.793486430617544e-17 ""
3592 244 2005-10-01 Ia pW7 5905.308134359753 6391.317758644918 10011.39850899723 0.0 0.0 100.72334707430745 0.0 1.5901477785474205 9.451038323764687e-15 0.0 1.862890719445291e-16 ""
3901 285 2005-10-20 Ia pW7 5871.161236345671 6304.266394317644 8941.650899309585 0.0 0.0 49.301087972994104 0.0 2.7221373486870353 1.2749568719171068e-14 0.0 8.176063413421362e-16 ""
3901 285 2005-10-20 Ia pW6 5605.5234061228575 5871.161236345671 10788.602465224101 0.0 0.0 9.579654850255924 0.0 0.820259221036228 2.8979049977869157e-15 0.0 2.574412750376302e-16 ""
4524 422 2005-11-02 Ia pW7 5856.0647237185885 6399.416755698433 7466.878026471556 0.0 0.0 34.76061477277407 0.0 1.9849478695460183 1.622584439801139e-14 0.0 9.783264153050848e-16 ""
4524 422 2005-11-02 Ia pW6 5572.8280261971895 5856.0647237185885 12801.876033626173 0.0 0.0 4.799469865716025 0.0 0.5570485302484666 2.657711904885847e-15 0.0 3.099010214037652e-16 ""
4577 256 2005-10-08 Ia? pW6 5588.873701653296 5975.994914810284 10309.934408720497 0.0 0.0 102.83903791566678 0.0 4.1691596688641415 7.948290322050134e-16 0.0 4.367125610306185e-17 ""
4577 256 2005-10-08 Ia? pW7 5975.994914810284 6287.015376662914 8522.235167233535 0.0 0.0 73.19454992863159 0.0 3.756250912828763 5.55092163429654e-16 0.0 3.954880455289752e-17 ""
4679 253 2005-10-08 Ia pW6 5617.049159648837 5989.458341355111 5833.51225281307 0.0 0.0 147.06854423385968 0.0 8.946417739750006 1.7034171477086483e-15 0.0 1.9018244503578176e-16 ""
4679 253 2005-10-08 Ia pW7 5989.458341355111 6449.891511464694 6329.98993062353 0.0 0.0 199.3349451971246 0.0 14.259551015559788 2.0507925765179603e-15 0.0 2.593609117671972e-16 ""
5103 249 2005-10-05 Ia pW6 5665.025389440932 5921.758855678317 8479.72257528489 0.0 0.0 39.29754976878941 0.0 6.271202333084354 1.590048424646438e-15 0.0 2.979943300045481e-16 ""
5103 249 2005-10-05 Ia pW7 5921.758855678317 6276.5937277137355 11975.793775899207 0.0 0.0 111.92732084600775 0.0 11.72525269990135 4.975604128736051e-15 0.0 7.344483294861517e-16 ""
5350 296 2005-10-22 Ia pW7 5957.941760042315 6338.139994099156 9692.177478429148 0.0 0.0 37.36501790213152 0.0 1.4666760580685834 4.186566931659075e-15 0.0 1.8215877634603783e-16 ""
5350 296 2005-10-22 Ia pW6 5608.466615606219 5961.78214624491 nan nan nan nan nan nan nan nan nan "Optimal parameters not found: Number of calls to function has reached maxfev = 1000."
5391 345 2005-10-26 Ia pW7 5862.6973294610425 6272.884324464265 10551.180027043232 0.0 0.0 119.72361111429973 0.0 6.884884740135712 3.5836787325809442e-16 0.0 2.961979019097073e-17 ""
5391 345 2005-10-26 Ia pW6 5648.8214907565925 5862.6973294610425 11733.5734585703 0.0 0.0 47.870230080333656 0.0 4.535601327834469 1.781986868696712e-16 0.0 2.0796221977878598e-17 ""
5395 282 2005-10-23 Ia pW6 5654.27912832821 5964.711788591219 7107.833802876138 0.0 0.0 21.410356813307644 0.0 3.9231592485156916 1.731608773091767e-15 0.0 3.3762292731422564e-16 ""
