results/spec_class/sdss_sako18spec_rv3_1_bin5.0_methgauss_step5.ecsv
# %ECSV 0.9
# ---
# datatype:
# - {name: obj_id, datatype: string}
# - {name: sid, datatype: string}
# - {name: date, datatype: string}
# - {name: type, datatype: string}
# - {name: feat_name, datatype: string}
# - {name: feat_start, datatype: float64}
# - {name: feat_end, datatype: float64}
# - {name: vel, datatype: float64}
# - {name: vel_err, datatype: float64}
# - {name: vel_samperr, datatype: float64}
# - {name: pew, datatype: float64}
# - {name: pew_err, datatype: float64}
# - {name: pew_samperr, datatype: float64}
# - {name: area, datatype: float64}
# - {name: area_err, datatype: float64}
# - {name: area_samperr, datatype: float64}
# - {name: msg, datatype: string}
# meta: !!omap
# - {bin_size: 5.0}
# - {method: gauss}
# - {nstep: 5}
# - {rv: 3.1}
# schema: astropy-2.0
obj_id sid date type feat_name feat_start feat_end vel vel_err vel_samperr pew pew_err pew_samperr area area_err area_samperr msg
[from data line 545]
19899 2550 2007-11-15 Ia pW6 5686.715055527351 5812.152413172185 nan nan nan nan nan nan nan nan nan "Range too small. Please select a wider range"
19940 2404 2007-11-03 Ia pW7 5866.95682507993 6403.968759226481 8106.72905259661 0.0 0.0 52.717094838898795 0.0 2.9434234465878886 1.3811576423917164e-15 0.0 8.712620399999478e-17 ""
19940 2404 2007-11-03 Ia pW6 5604.814334855269 5866.95682507993 10921.05779417769 0.0 0.0 8.74777092282092 0.0 0.8984659158169253 2.896760580944039e-16 0.0 3.082111987916029e-17 ""
19953 2602 2007-11-15 Ia pW6 5579.185265485375 5852.381807919683 nan nan nan nan nan nan nan nan nan "Range too small. Please select a wider range"
19953 2602 2007-11-15 Ia pW7 5852.381807919683 6303.88469455724 nan nan nan nan nan nan nan nan nan "Range too small. Please select a wider range"
19968 2481 2007-11-09 Ia pW6 5621.125572292321 5842.1307363445685 10722.098624397988 0.0 0.0 11.089894390610867 0.0 0.7514019435044371 4.019084896207593e-15 0.0 2.89288042470839e-16 ""
19968 2481 2007-11-09 Ia pW7 5842.1307363445685 6342.30031814703 10398.247309364095 0.0 0.0 61.82261740635894 0.0 1.46921075623306 2.064409874565918e-14 0.0 5.631304316325116e-16 ""
19968 2549 2007-11-14 Ia pW7 5869.52364290038 6354.201744548485 nan nan nan nan nan nan nan nan nan "Range too small. Please select a wider range"
19968 2549 2007-11-14 Ia pW6 5612.026176660419 5869.52364290038 nan nan nan nan nan nan nan nan nan "Range too small. Please select a wider range"
19969 2402 2007-11-08 Ia pW6 5609.440502061546 5833.475397539009 10731.427477714253 0.0 0.0 6.786127994842484 0.0 1.0513883357585494 3.8925311673296603e-16 0.0 6.241382197212231e-17 ""
19969 2402 2007-11-08 Ia pW7 5833.475397539009 6318.884337740179 10613.472560368433 0.0 0.0 65.86621202999399 0.0 2.1575362732139265 3.4561646680683475e-15 0.0 1.3192377109721805e-16 ""
19969 2414 2007-11-04 Ia? pW7 5431.232955737018 5431.232955737018 nan nan nan nan nan nan nan nan nan "Range too small. Please select a wider range"
19969 2414 2007-11-04 Ia? pW6 5331.285212806172 5331.285212806172 nan nan nan nan nan nan nan nan nan "Range too small. Please select a wider range"
19992 2408 2007-11-04 Ia pW6 5460.359005857467 5460.359005857467 nan nan nan nan nan nan nan nan nan "Range too small. Please select a wider range"
19992 2408 2007-11-04 Ia pW7 5762.258780658643 5762.258780658643 nan nan nan nan nan nan nan nan nan "Range too small. Please select a wider range"
20040 2612 2007-11-15 Ia pW6 5650.557236391885 5833.654595941122 12631.006017873027 0.0 0.0 12.991904218836583 0.0 0.9482292731510682 1.3740674332602985e-16 0.0 1.0757020403551561e-17 ""
20040 2612 2007-11-15 Ia pW7 5836.475368324514 6269.215293640542 22493.373404558817 0.0 0.0 44.01175822633769 0.0 3.85922483479137 4.144470106607885e-16 0.0 4.070933050914922e-17 ""
20048 2475 2007-11-08 Ia pW7 5842.9989164771905 6308.105011613075 13259.303628941589 0.0 0.0 16.739178148300784 0.0 1.8039867324650016 2.1611000420018536e-15 0.0 2.438005930101537e-16 ""
20048 2475 2007-11-08 Ia pW6 5656.194009414416 5842.9989164771905 10641.369262221137 0.0 0.0 2.5616318388020605 0.0 0.44277654760145324 3.449265898156657e-16 0.0 6.054574379674929e-17 ""
20084 2405 2007-11-04 Ia pW6 5952.627885743468 5952.627885743468 nan nan nan nan nan nan nan nan nan "Range too small. Please select a wider range"
20084 2405 2007-11-04 Ia pW7 5754.993895754739 5754.993895754739 nan nan nan nan nan nan nan nan nan "Range too small. Please select a wider range"
20097 2587 2007-11-15 Ia? pW6 5578.375600243935 5578.375600243935 nan nan nan nan nan nan nan nan nan "Range too small. Please select a wider range"
20097 2587 2007-11-15 Ia? pW7 5942.034057112917 5942.034057112917 nan nan nan nan nan nan nan nan nan "Range too small. Please select a wider range"
20106 2433 2007-11-06 Ia pW6 5678.534253916562 5980.008943798218 7903.77737356489 0.0 0.0 38.52290315473718 0.0 6.982853251886353 5.466158789174698e-15 0.0 1.0996537604893292e-15 ""
20106 2433 2007-11-06 Ia pW7 5980.008943798218 6410.2031641911535 4079.5528677038237 0.0 0.0 92.09343585728834 0.0 8.405594366701134 1.291218509779507e-14 0.0 1.4500195382522015e-15 ""
20142 2586 2007-11-14 Ia pW6 5587.613402538589 5891.420614323603 10906.491678787987 0.0 0.0 33.89486044639722 0.0 1.8212056241617214 1.7968990072806516e-16 0.0 1.0678171262668744e-17 ""
20142 2586 2007-11-14 Ia pW7 5888.653136851095 6560.539535374818 1246.7869956742327 0.0 0.0 170.05653741889486 0.0 16.03219664069965 9.050930707417887e-16 0.0 1.1810895011794267e-16 ""
20144 2541 2007-11-13 Ia pW7 5823.095471647202 6319.8015217041675 15269.114957715483 0.0 0.0 54.350249178384004 0.0 2.691027961763869 5.53503700965419e-16 0.0 3.1944681336750765e-17 ""
20144 2541 2007-11-13 Ia pW6 5574.781434828606 5823.095471647202 nan nan nan nan nan nan nan nan nan "Optimal parameters not found: Number of calls to function has reached maxfev = 1000."
2017 152 2005-09-23 Ia pW6 5643.924546601191 5643.924546601191 nan nan nan nan nan nan nan nan nan "Range too small. Please select a wider range"
2017 152 2005-09-23 Ia pW7 5858.2331032506045 5858.2331032506045 nan nan nan nan nan nan nan nan nan "Range too small. Please select a wider range"
20184 2506 2007-11-14 Ia pW6 5587.289500902817 5851.285277704991 9895.336361993555 0.0 0.0 15.734356270837907 0.0 3.0476515644024684 7.261830000053681e-15 0.0 1.5195737844247718e-15 ""
20184 2506 2007-11-14 Ia pW7 5851.285277704991 6310.706499672406 11479.595650343246 0.0 0.0 88.4126836138478 0.0 19.56494919892516 3.685657756670633e-14 0.0 9.749851237982068e-15 ""
20208 2403 2007-11-05 Ia-pec pW6 5663.334127808286 5882.502309026961 9846.108617906437 0.0 0.0 30.88486379029374 0.0 2.525240162429978 4.375310983030425e-16 0.0 4.1200551937151906e-17 ""
20208 2403 2007-11-05 Ia-pec pW7 5882.502309026961 6419.779605111185 9163.803870258582 0.0 0.0 94.03061963242793 0.0 3.8274784257985845 1.2269019786359174e-15 0.0 6.129345548127525e-17 ""
20227 2568 2007-11-14 Ia pW6 5661.705699808142 5834.892162459672 9520.530984154984 0.0 0.0 6.250697162975762 0.0 0.7796855484608916 7.919380807658415e-17 0.0 1.0253811931410842e-17 ""
20227 2568 2007-11-14 Ia pW7 5834.892162459672 6305.393981093377 13189.054407432921 0.0 0.0 32.01587035901938 0.0 2.4849587369593293 3.9144925129685476e-16 0.0 3.288414237904312e-17 ""
20245 2430 2007-11-05 Ia pW7 5944.116139581985 6246.067762930044 10786.856052512258 0.0 0.0 24.43789219648584 0.0 1.002265665857387 6.068356532920392e-16 0.0 2.730930777954448e-17 ""
20245 2430 2007-11-05 Ia pW6 5680.34230769172 5947.586847896332 6738.820926401884 0.0 0.0 8.001917316545542 0.0 0.7002818964521829 1.9518113309335198e-16 0.0 1.7621974339829582e-17 ""
2031 118 2005-09-23 Ia pW7 5879.242357053242 6303.680072603644 9563.770803407695 0.0 0.0 90.72630278946166 0.0 2.9436271360738733 6.489248167865928e-15 0.0 2.7791106815258333e-16 ""
2031 118 2005-09-23 Ia pW6 5669.537089810064 5879.242357053242 8491.982629237473 0.0 0.0 16.01418928336486 0.0 1.0001297833363108 1.4373898145197112e-15 0.0 9.714634453563977e-17 ""
20345 2567 2007-11-13 Ia pW7 5873.763256402936 6328.516943649636 10687.934743812455 0.0 0.0 95.68606104461495 0.0 2.6703497252839608 4.983217069362559e-16 0.0 1.7680140866782183e-17 ""
20345 2567 2007-11-13 Ia pW6 5550.341525012888 5873.763256402936 16440.41685906882 0.0 0.0 17.20511033070647 0.0 2.441732705242042 9.951950950076202e-17 0.0 1.4944244804012508e-17 ""
20364 2581 2007-11-14 Ia pW7 5957.360734652664 6365.788915913213 8210.873915335886 0.0 0.0 118.99220692565304 0.0 6.593953155598626 3.9829827050845827e-16 0.0 3.121373856445919e-17 ""
20364 2581 2007-11-14 Ia pW6 5551.5658138794315 5957.360734652664 9704.844231795856 0.0 0.0 44.49647995733671 0.0 2.7818703617617855 1.8753186794911774e-16 0.0 1.3009479569183331e-17 ""
20376 2582 2007-11-16 Ia pW6 5554.145443826479 5872.899014218284 13375.332659704085 0.0 0.0 9.156726092625087 0.0 1.424132698588133 1.5932732958376874e-16 0.0 2.548820351135986e-17 ""
20376 2582 2007-11-16 Ia pW7 5872.899014218284 6373.8021854232475 11206.10021117907 0.0 0.0 58.1029037350369 0.0 2.4403516522291073 9.853541734077322e-16 0.0 4.726173002119446e-17 ""
20430 2543 2007-11-13 Ia pW7 5894.872739445743 6320.275432985491 9679.594408534595 0.0 0.0 119.12895991223361 0.0 2.8730997036475583 9.879986035122611e-16 0.0 3.566061553827232e-17 ""
20430 2543 2007-11-13 Ia pW6 5675.725474025379 5894.872739445743 9803.890143927441 0.0 0.0 32.26842431306472 0.0 1.0958147858463454 2.798301121152618e-16 0.0 1.1345983470017092e-17 ""
20432 2469 2007-11-14 Ia pW7 5813.644948248387 6406.572510457259 9183.256190948521 0.0 0.0 167.5585142057029 0.0 20.444902534972197 1.6439921125520362e-15 0.0 2.724293212765493e-16 ""
20432 2469 2007-11-14 Ia pW6 5563.991237844644 5813.644948248387 12630.603177782992 0.0 0.0 20.32741851684852 0.0 5.200368485844932 2.1220907138216134e-16 0.0 5.932588998864926e-17 ""
20474 2563 2007-11-15 Ia pW6 5908.51506213031 5908.51506213031 nan nan nan nan nan nan nan nan nan "Range too small. Please select a wider range"
20474 2563 2007-11-15 Ia pW7 6631.444298459699 6631.444298459699 nan nan nan nan nan nan nan nan nan "Range too small. Please select a wider range"
20528 2451 2007-11-08 Ia pW6 5699.429248703081 5816.942287467506 11241.778562509755 0.0 0.0 2.0138190286833155 0.0 0.5613872565239767 1.6435499885527584e-16 0.0 4.649043930854397e-17 ""
20528 2451 2007-11-08 Ia pW7 5816.942287467506 6200.066989192623 16377.632576014541 0.0 0.0 27.49519928504724 0.0 1.2315883391852374 2.2509182778470813e-15 0.0 1.0820119744746316e-16 ""
20528 2511 2007-11-11 Ia pW7 5867.706776847661 5867.706776847661 nan nan nan nan nan nan nan nan nan "Range too small. Please select a wider range"
20528 2511 2007-11-11 Ia pW6 3445.440153980678 5624.6699919446255 nan nan nan nan nan nan nan nan nan "index -1 is out of bounds for axis 0 with size 0"
20533 2501 2007-11-12 Ia pW6 6144.635293064865 6144.635293064865 nan nan nan nan nan nan nan nan nan "Range too small. Please select a wider range"
20533 2501 2007-11-12 Ia pW7 6373.543616783142 6373.543616783142 nan nan nan nan nan nan nan nan nan "Range too small. Please select a wider range"
20575 2540 2007-11-14 Ia pW6 5562.4815764696705 5810.417215898182 nan nan nan nan nan nan nan nan nan "Range too small. Please select a wider range"
20575 2540 2007-11-14 Ia pW7 5810.417215898182 6441.44393752492 nan nan nan nan nan nan nan nan nan "Range too small. Please select a wider range"
20581 2527 2007-11-12 Ia pW7 5925.030591129404 6357.527266904217 7916.4957880121465 0.0 0.0 74.41555087500352 0.0 2.6103569899598953 1.0776805673935108e-15 0.0 4.7073611329734205e-17 ""
20581 2527 2007-11-12 Ia pW6 5607.8663622278755 5925.030591129404 11159.472984420572 0.0 0.0 8.7293376857918 0.0 2.1521352854669638 1.5119225302703073e-16 0.0 3.827273485735513e-17 ""
20625 2551 2007-11-13 Ia pW6 5683.167255088911 5954.450987739462 nan nan nan nan nan nan nan nan nan "Range too small. Please select a wider range"
20625 2551 2007-11-13 Ia pW7 5957.348583804391 6341.922384494196 nan nan nan nan nan nan nan nan nan "Range too small. Please select a wider range"
20625 2604 2007-11-15 Ia pW6 5629.328186508843 5934.934785630176 nan nan nan nan nan nan nan nan nan "Range too small. Please select a wider range"
20625 2604 2007-11-15 Ia pW7 5934.934785630176 6327.898499327731 nan nan nan nan nan nan nan nan nan "Range too small. Please select a wider range"
20687 2596 2007-11-16 Ia pW7 5989.313662279378 6372.800119956429 9195.235268569953 0.0 0.0 21.227780290392527 0.0 1.1835245157145275 7.28926878349048e-16 0.0 4.2801805233976744e-17 ""
20687 2596 2007-11-16 Ia pW6 5686.675420413115 5989.313662279378 5574.696841732957 0.0 0.0 6.1597067045148535 0.0 0.7213310293911875 2.1900574188748272e-16 0.0 2.6161987764611763e-17 ""
20687 2597 2007-11-14 Ia pW6 5571.305076296887 5823.229141534653 nan nan nan nan nan nan nan nan nan "Range too small. Please select a wider range"
20687 2597 2007-11-14 Ia pW7 5817.791479738391 6343.9784657334085 nan nan nan nan nan nan nan nan nan "Range too small. Please select a wider range"
20718 2577 2007-11-14 Ia pW7 5831.054555134268 6467.264008693328 7417.7613358149065 0.0 0.0 23.91239868202393 0.0 1.9404983990717672 1.6238451286898078e-15 0.0 1.358569996170203e-16 ""
20718 2577 2007-11-14 Ia pW6 5553.838184671703 5837.602239356882 13859.627007353907 0.0 0.0 8.448151505481027 0.0 0.3960018322503551 5.793088180134681e-16 0.0 2.7971636807193396e-17 ""
20718 2593 2007-11-15 Ia pW7 6453.961064082778 6453.961064082778 nan nan nan nan nan nan nan nan nan "Range too small. Please select a wider range"
20718 2593 2007-11-15 Ia pW6 3323.5332759658536 5234.039235459546 nan nan nan nan nan nan nan nan nan "index -1 is out of bounds for axis 0 with size 0"
20764 2594 2007-11-14 Ia pW7 5839.647747309094 6305.528524704548 nan nan nan nan nan nan nan nan nan "Range too small. Please select a wider range"
20764 2594 2007-11-14 Ia pW6 5605.020021819467 5839.647747309094 nan nan nan nan nan nan nan nan nan "Range too small. Please select a wider range"
20768 2485 2007-11-14 Ia pW6 5699.95837782266 5860.453574905563 8958.422312309256 0.0 0.0 7.944584853966096 0.0 1.47442833326448 7.288447491459175e-16 0.0 1.4152680697795358e-16 ""
20768 2485 2007-11-14 Ia pW7 5860.453574905563 6436.777237157798 9064.427126188144 0.0 0.0 88.88507322441862 0.0 7.183939189966328 7.891109513188285e-15 0.0 7.389482690448695e-16 ""
20829 2552 2007-11-12 Ia pW7 5918.589850316607 6464.87400554417 7802.6893402232 0.0 0.0 129.50547785461063 0.0 8.076019193109033 0.8172629895479723 0.0 0.06681333687621897 ""
20829 2552 2007-11-12 Ia pW6 5685.344930107086 5918.589850316607 8094.634719779634 0.0 0.0 26.237021332681564 0.0 2.5603703962995907 0.1535292766566962 0.0 0.016772611451318156 ""
20834 2598 2007-11-15 Ia pW7 5843.9638960151315 6382.356879612356 9334.050866145955 0.0 0.0 41.370765108915315 0.0 1.975718397385857 8.926759425626609e-16 0.0 4.6738016574496006e-17 ""
20834 2598 2007-11-15 Ia pW6 5563.117204217771 5843.9638960151315 10163.018198724385 0.0 0.0 12.764315172403474 0.0 1.3483706676198486 3.087188596878125e-16 0.0 3.460430581746616e-17 ""
20862 2600 2007-11-16 Ia pW6 5697.420551754995 5992.614592980733 6666.880356891999 0.0 0.0 5.776241363956241 0.0 1.1057079796449483 1.1291263892437883e-16 0.0 2.1958417227619067e-17 ""
20862 2600 2007-11-16 Ia pW7 5992.614592980733 6309.140364689623 10135.342606157223 0.0 0.0 26.951695445645186 0.0 1.4805879758122766 5.24051470359564e-16 0.0 3.1444706085377396e-17 ""
20889 2498 2007-11-10 Ia pW7 5825.407115387865 6337.354063389182 12525.169815841196 0.0 0.0 133.53876259013708 0.0 3.9153981798319024 2.0592671458289766e-15 0.0 8.127860517759647e-17 ""
20889 2498 2007-11-10 Ia pW6 5552.61786572293 5825.407115387865 11956.17942090779 0.0 0.0 29.311089703066568 0.0 2.532930617610386 4.769836827931135e-16 0.0 4.579001987244409e-17 ""
20934 2503 2007-11-13 Ia pW6 5685.071617186283 5685.071617186283 nan nan nan nan nan nan nan nan nan "Range too small. Please select a wider range"
20934 2503 2007-11-13 Ia pW7 5452.624607128062 5452.624607128062 nan nan nan nan nan nan nan nan nan "Range too small. Please select a wider range"
20978 2609 2007-11-15 Ia pW6 5552.740585806436 5989.463362546306 10866.527235360385 0.0 0.0 67.05331697272813 0.0 7.224421160113989 2.497007725175283e-16 0.0 3.101766805244378e-17 ""
20978 2609 2007-11-15 Ia pW7 5989.463362546306 6320.482389676499 8977.286136037465 0.0 0.0 94.44164563749422 0.0 7.632274596235075 3.0257849427622456e-16 0.0 3.3451545361745424e-17 ""
21006 2566 2007-11-13 Ia pW7 5856.631739749808 6302.527542428728 9577.185526184612 0.0 0.0 99.22916365246363 0.0 3.6991013201063176 4.4383587764882934e-16 0.0 2.1448661194500717e-17 ""
21006 2566 2007-11-13 Ia pW6 5558.940751513681 5856.631739749808 10411.394385263333 0.0 0.0 10.932956705543992 0.0 2.4588976819390105 5.574561763997323e-17 0.0 1.3002124212930732e-17 ""
