results/spec_class/sdss_sako18spec_3_1_2.ecsv
# %ECSV 0.9
# ---
# datatype:
# - {name: obj_id, datatype: string}
# - {name: sid, datatype: string}
# - {name: date, datatype: string}
# - {name: type, datatype: string}
# - {name: feat_name, datatype: string}
# - {name: vel, datatype: float64}
# - {name: vel_err, datatype: float64}
# - {name: vel_samperr, datatype: float64}
# - {name: pew, datatype: float64}
# - {name: pew_err, datatype: float64}
# - {name: pew_samperr, datatype: float64}
# - {name: area, datatype: float64}
# - {name: area_err, datatype: float64}
# - {name: area_samperr, datatype: float64}
# - {name: msg, datatype: string}
# schema: astropy-2.0
obj_id sid date type feat_name vel vel_err vel_samperr pew pew_err pew_samperr area area_err area_samperr msg
[from data line 859]
19003 2290 2007-10-16 Ia pW7 0.0 0.0 0.0 114.44241845512956 0.0 43.98308789313212 1.3152900712991287e-14 0.0 5.78909141614657e-15 ""
19008 2284 2007-10-17 Ia pW6 0.0 0.0 0.0 22.192537835035264 0.0 16.80653868699111 5.827203082702958e-16 0.0 4.634921407660278e-16 ""
19008 2284 2007-10-17 Ia pW7 0.0 0.0 0.0 28.36244773383454 0.0 40.114508290943434 7.575014083827402e-16 0.0 1.019342338488028e-15 ""
19023 2236 2007-10-15 Ia pW6 0.0 0.0 0.0 -19.687755835553908 0.0 98.92432228184556 6.848741813167116e-17 0.0 3.068630164541526e-16 ""
19023 2236 2007-10-15 Ia pW7 0.0 0.0 0.0 118.22005928187532 0.0 873.5148811349368 6.1265970732717185e-16 0.0 1.2515057067472282e-15 ""
19025 2264 2007-10-16 Ia pW6 0.0 0.0 0.0 96.56284119283957 0.0 188.86942194314244 3.4344469391517487e-15 0.0 2.728252587406704e-15 ""
19025 2264 2007-10-16 Ia pW7 0.0 0.0 0.0 159.28675529129194 0.0 53.61127187009657 6.532932738187731e-15 0.0 2.563649363571518e-15 ""
19027 2294 2007-10-16 Ia pW6 0.0 0.0 0.0 20.99381842041005 0.0 11.72004722085985 0.2313756415844724 0.0 0.1407529704380792 ""
19027 2294 2007-10-16 Ia pW7 0.0 0.0 0.0 181.16992766093307 0.0 34.78050789267718 2.002043788410079 0.0 0.5424184164044213 ""
19029 2272 2007-10-14 Ia pW6 0.0 0.0 0.0 30.819539684825724 0.0 23.336950980681625 0.3780748596010089 0.0 0.28868491527259255 ""
19029 2272 2007-10-14 Ia pW7 0.0 0.0 0.0 299.6985077090554 0.0 39.28441984112132 6.008021473924092 0.0 1.5002192894429824 ""
19033 2257 2007-10-30 Ia pW6 0.0 0.0 0.0 55.14475411564237 0.0 138.803815910101 3.147408948377025e-15 0.0 2.722120939278501e-15 ""
19033 2257 2007-10-30 Ia pW7 0.0 0.0 0.0 376.2943610261065 0.0 638.4802641042663 7.0942007432896516e-15 0.0 8.690344862852341e-15 ""
19051 2297 2007-10-17 Ia pW6 0.0 0.0 0.0 11.782951998526492 0.0 27.77381994315092 5.903174195119256e-16 0.0 1.1201000463770295e-15 ""
19051 2297 2007-10-17 Ia pW7 0.0 0.0 0.0 39.427933797649494 0.0 32.70798189712784 1.7206098755605823e-15 0.0 1.4239194024784122e-15 ""
19067 2262 2007-11-02 Ia? pW6 0.0 0.0 0.0 96.24527167183155 0.0 52.415452260969616 1.5936627622359748e-15 0.0 1.0857973139234142e-15 ""
19067 2262 2007-11-02 Ia? pW7 0.0 0.0 0.0 349.5946700516426 0.0 420.7563105745575 1.9867860662902025e-15 0.0 9.601437202490099e-15 ""
19070 2256 2007-10-16 Ia pW6 0.0 0.0 0.0 12.695047516434922 0.0 58.90493310998819 4.468923168616991e-16 0.0 8.705232481611812e-16 ""
19070 2256 2007-10-16 Ia pW7 0.0 0.0 0.0 484.7001978291947 0.0 713.4876238376162 2.7922813431476188e-15 0.0 9.256634192325622e-15 ""
19101 2268 2007-10-15 Ia pW6 0.0 0.0 0.0 58.22545776533131 0.0 55.220749239805414 4.9744901381865e-16 0.0 3.8662263479658707e-16 ""
19101 2268 2007-10-15 Ia pW7 0.0 0.0 0.0 96.5275105324186 0.0 122.33700905064785 7.863662118850436e-16 0.0 8.538315503078032e-16 ""
19128 2273 2007-10-14 Ia pW6 0.0 0.0 0.0 9.358045181277323 0.0 14.716475607349212 0.09548906092738772 0.0 0.13808067767754428 ""
19128 2273 2007-10-14 Ia pW7 0.0 0.0 0.0 192.17705460744466 0.0 32.95893216761616 1.7914819301411269 0.0 0.46839458856018773 ""
19149 2275 2007-10-17 Ia pW6 0.0 0.0 0.0 5.785912763907871 0.0 16.7305405134862 8.264799155469788e-17 0.0 1.78569491651243e-16 ""
19149 2275 2007-10-17 Ia pW7 0.0 0.0 0.0 -26.925758028616595 0.0 74.50817920028723 -7.478883380642777e-17 0.0 5.424851099486532e-16 ""
19155 2286 2007-10-14 Ia pW6 0.0 0.0 0.0 5.214171191732685 0.0 9.112493239724879 2.308325818249628e-16 0.0 3.690160423028196e-16 ""
19155 2286 2007-10-14 Ia pW7 0.0 0.0 0.0 113.96969160385754 0.0 75.75154132603048 5.1138574336653455e-15 0.0 3.831430330925723e-15 ""
19155 2286 2007-10-19 Ia pW6 0.0 0.0 0.0 10.87074924934634 0.0 8.69431721880473 2.0448305829882414e-15 0.0 1.6427433030211591e-15 ""
19155 2286 2007-10-19 Ia pW7 0.0 0.0 0.0 110.26508488233338 0.0 33.51455590131306 1.8370757204645518e-14 0.0 6.477594036988443e-15 ""
19155 2286 2007-11-11 Ia pW6 0.0 0.0 0.0 52.437949798435376 0.0 11.869198845713111 8.58110506067902e-15 0.0 2.298631644224142e-15 ""
19155 2286 2007-11-11 Ia pW7 0.0 0.0 0.0 79.00505137523243 0.0 15.040125558608088 1.0711765893738601e-14 0.0 2.595982466770034e-15 ""
19155 2286 2007-11-16 Ia pW6 nan nan nan nan nan nan nan nan nan "Range too small. Please select a wider range"
19155 2286 2007-11-16 Ia pW7 nan nan nan nan nan nan nan nan nan "Range too small. Please select a wider range"
19155 2286 2007-11-17 Ia pW6 0.0 0.0 0.0 37.62048425525933 0.0 8.393819708588572 2.2907347512583913e-15 0.0 5.672852056302978e-16 ""
19155 2286 2007-11-17 Ia pW7 0.0 0.0 0.0 303.5842866997411 0.0 19.159998755776787 2.881102162951057e-14 0.0 3.4310334525182754e-15 ""
19155 2286 2007-12-03 Ia pW6 0.0 0.0 0.0 45.67882615681845 0.0 5.2414546168066725 9.227139581010848e-15 0.0 1.2272951526868008e-15 ""
19155 2286 2007-12-03 Ia pW7 0.0 0.0 0.0 275.4490633489626 0.0 26.02294019156654 4.0934269489338204e-14 0.0 6.124153761310052e-15 ""
19155 2286 2007-12-07 Ia pW6 0.0 0.0 0.0 37.68447330202465 0.0 11.227435893382147 1.79377440764829e-15 0.0 6.094719493510727e-16 ""
19155 2286 2007-12-07 Ia pW7 0.0 0.0 0.0 192.7817429431344 0.0 44.13538073687005 9.464066839333502e-15 0.0 2.969051234132081e-15 ""
19174 2316 2007-11-04 Ia pW6 0.0 0.0 0.0 32.562915180980056 0.0 6.808852840778112 3.0008991011834054e-15 0.0 6.878384854298696e-16 ""
19174 2316 2007-11-04 Ia pW7 0.0 0.0 0.0 50.03550765020844 0.0 21.89597792056754 4.5605404845195345e-15 0.0 2.0531221115164775e-15 ""
19207 2344 2007-10-19 Ia pW6 0.0 0.0 0.0 25.910560635795676 0.0 21.453479036181008 1.8271077520832936e-16 0.0 1.6398930904758509e-16 ""
19207 2344 2007-10-19 Ia pW7 0.0 0.0 0.0 324.4495038970902 0.0 193.73912331246476 8.189237368609343e-15 0.0 6.2868337721381804e-15 ""
19211 2302 2007-10-31 Ia pW6 0.0 0.0 0.0 91.80156318201891 0.0 86.13250782530339 2.7452151118540663e-15 0.0 2.129719143917244e-15 ""
19211 2302 2007-10-31 Ia pW7 0.0 0.0 0.0 -43.1881033303943 0.0 318.7846175755536 2.583461461041597e-15 0.0 3.265118907415322e-15 ""
19220 2389 2007-11-04 Ia? pW6 0.0 0.0 0.0 7.993982403471347 0.0 6.1426719373911975 9.538388058475383e-16 0.0 7.448438288301759e-16 ""
19220 2389 2007-11-04 Ia? pW7 0.0 0.0 0.0 46.00044470514703 0.0 33.35853735408951 5.630428760471742e-15 0.0 4.2296204529579714e-15 ""
19230 2282 2007-10-15 Ia pW6 0.0 0.0 0.0 8.083099014471179 0.0 26.185784906704455 1.8657227137050016e-16 0.0 4.3630733111335363e-16 ""
19230 2282 2007-10-15 Ia pW7 0.0 0.0 0.0 69.22848644952987 0.0 49.93150312993984 1.273769795554987e-15 0.0 9.187925589816687e-16 ""
19282 2280 2007-10-15 Ia pW6 0.0 0.0 0.0 33.733910785827895 0.0 45.047875645730684 2.510016583516372e-16 0.0 2.8643785191950474e-16 ""
19282 2280 2007-10-15 Ia pW7 0.0 0.0 0.0 35.80643820410375 0.0 141.29733844917757 5.354182324424034e-16 0.0 7.542224426964414e-16 ""
19341 2298 2007-10-17 Ia pW6 0.0 0.0 0.0 17.17240824535988 0.0 20.576479201811253 1.677106551299633e-16 0.0 1.9891086170644062e-16 ""
19341 2298 2007-10-17 Ia pW7 0.0 0.0 0.0 92.49837818831804 0.0 35.36415594156319 8.996288650280397e-16 0.0 4.901648521024263e-16 ""
19353 2281 2007-10-17 Ia pW6 0.0 0.0 0.0 3.2155891012980478 0.0 9.466014916394156 8.882643363221205e-17 0.0 2.3650513586407673e-16 ""
19353 2281 2007-10-17 Ia pW7 0.0 0.0 0.0 124.19966021571861 0.0 57.599871098777726 3.2388112950258814e-15 0.0 1.6975544175675467e-15 ""
19365 2329 2007-11-03 Ia? pW6 0.0 0.0 0.0 13.29776058099928 0.0 15.152767327815921 1.0163232920797771e-16 0.0 1.127259419014819e-16 ""
19365 2329 2007-11-03 Ia? pW7 0.0 0.0 0.0 9.032579767796541 0.0 166.4768536094761 3.969965724482082e-16 0.0 1.0386490321642091e-15 ""
19381 2283 2007-10-17 Ia pW6 0.0 0.0 0.0 34.70783825333589 0.0 47.49663347787237 3.4552918115503694e-16 0.0 3.9641120801483163e-16 ""
19381 2283 2007-10-17 Ia pW7 0.0 0.0 0.0 132.4604539370668 0.0 48.02786890195505 1.1222868524394864e-15 0.0 5.374823299225912e-16 ""
19389 2304 2007-10-19 Ia? pW6 0.0 0.0 0.0 -38.80401198019874 0.0 368.7514132285536 8.414575294671119e-16 0.0 1.0008818099218457e-15 ""
19389 2304 2007-10-19 Ia? pW7 0.0 0.0 0.0 276.3023604114953 0.0 49.70348876015026 4.8681265031722585e-15 0.0 2.222450466571864e-15 ""
19425 2332 2007-11-03 Ia? pW6 0.0 0.0 0.0 2.4494729489583005 0.0 13.83506030972522 3.3294997173410503e-16 0.0 1.4206260146823292e-15 ""
19425 2332 2007-11-03 Ia? pW7 0.0 0.0 0.0 43.201686949967325 0.0 26.35248772560835 4.6003968130072965e-15 0.0 3.1233656859836406e-15 ""
19543 2357 2007-10-27 Ia pW6 0.0 0.0 0.0 14.298169648001435 0.0 28.358084741553473 1.2805785487364178e-15 0.0 1.832719414688362e-15 ""
19543 2357 2007-10-27 Ia pW7 nan nan nan nan nan nan nan nan nan "Feature not in spectral wavelength range."
19596 2333 2007-11-08 Ia pW6 0.0 0.0 0.0 -58.37086986609293 0.0 358.5268810186276 8.6394247972827e-16 0.0 9.886678393883263e-16 ""
19596 2333 2007-11-08 Ia pW7 0.0 0.0 0.0 441.6928444312411 0.0 2035.6055534984591 3.7783018613659296e-15 0.0 2.1590882308124455e-15 ""
19604 2380 2007-10-31 Ia pW6 0.0 0.0 0.0 90.14239118420923 0.0 79.41865807848546 6.487576842763847e-16 0.0 5.296610742972327e-16 ""
19604 2380 2007-10-31 Ia pW7 0.0 0.0 0.0 150.0499339604099 0.0 301.2772426224455 1.2622045487198545e-15 0.0 1.2090770743340488e-15 ""
19616 2359 2007-10-28 Ia pW6 0.0 0.0 0.0 59.08474092700075 0.0 97.64612315601129 2.73221337282448e-15 0.0 2.8807635524814216e-15 ""
19616 2359 2007-10-28 Ia pW7 nan nan nan nan nan nan nan nan nan "Feature not in spectral wavelength range."
19625 2387 2007-11-07 Ia? pW6 0.0 0.0 0.0 27.84404276153756 0.0 81.55729368311982 2.2410861516091226e-15 0.0 2.9987491224464456e-15 ""
19625 2387 2007-11-07 Ia? pW7 0.0 0.0 0.0 94.54170147199649 0.0 117.73447874456399 6.741226136029622e-15 0.0 6.129029314929349e-15 ""
19626 2428 2007-11-04 Ia pW6 0.0 0.0 0.0 11.12906838974954 0.0 6.825622104619947 8.180153846147499e-16 0.0 5.199733594566906e-16 ""
19626 2428 2007-11-04 Ia pW7 0.0 0.0 0.0 310.94250863621784 0.0 83.81612622666411 4.488051497319926e-14 0.0 1.9635862048531158e-14 ""
19632 2369 2007-11-05 Ia pW6 0.0 0.0 0.0 5.875056528038422 0.0 8.082404507426142 3.2502099794896896e-16 0.0 4.329879298574186e-16 ""
19632 2369 2007-11-05 Ia pW7 0.0 0.0 0.0 130.2979409231957 0.0 48.82135345485975 7.820168365283942e-15 0.0 3.3764641947135134e-15 ""
19658 2412 2007-11-05 Ia pW6 0.0 0.0 0.0 22.123405019521975 0.0 34.94264737606799 3.718714911677415e-16 0.0 4.919552880142242e-16 ""
19658 2412 2007-11-05 Ia pW7 nan nan nan nan nan nan nan nan nan "Feature not in spectral wavelength range."
19702 2438 2007-11-10 Ia pW6 0.0 0.0 0.0 41.19595525003632 0.0 29.028478318878445 3.859092677079179e-15 0.0 2.799964640718732e-15 ""
19702 2438 2007-11-10 Ia pW7 0.0 0.0 0.0 164.9840009089209 0.0 1401.823597132651 1.5261354045190397e-14 0.0 2.1670877719726913e-14 ""
19757 2386 2007-11-05 Ia pW6 0.0 0.0 0.0 1838.8740563082235 0.0 7551.635043520294 9.889706773513757e-16 0.0 1.3874609256885207e-15 ""
19757 2386 2007-11-05 Ia pW7 0.0 0.0 0.0 382.4637020165282 0.0 293.68538480319023 4.139620860677129e-15 0.0 3.776444639777731e-15 ""
19775 2945 2007-11-03 Ia pW6 0.0 0.0 0.0 10.727762177384625 0.0 12.434542466988662 4.969285695970519e-16 0.0 5.445629697353389e-16 ""
19775 2945 2007-11-03 Ia pW7 0.0 0.0 0.0 150.58553445047932 0.0 48.84728067642026 7.82183551875327e-15 0.0 3.0182095957265763e-15 ""
19794 2384 2007-11-04 Ia pW6 0.0 0.0 0.0 8.864656273592102 0.0 83.82896302116573 1.9849417383286179e-16 0.0 4.477089134638223e-16 ""
19794 2384 2007-11-04 Ia pW7 0.0 0.0 0.0 99.20820276944032 0.0 168.2756774501558 1.0406306709932088e-15 0.0 9.938656384117713e-16 ""
19818 2381 2007-11-04 Ia pW6 0.0 0.0 0.0 22.801692002935724 0.0 48.526001352568564 1.0919843473774616e-15 0.0 1.714382702083479e-15 ""
19818 2381 2007-11-04 Ia pW7 0.0 0.0 0.0 234.02042794272734 0.0 106.19028643670902 1.4002901463699987e-14 0.0 8.519949967451245e-15 ""
19899 2851 2007-11-12 Ia pW6 0.0 0.0 0.0 1.745648332985154 0.0 2.4100875552007945 2.258569083215729e-16 0.0 3.12999930025931e-16 ""
19899 2851 2007-11-12 Ia pW7 0.0 0.0 0.0 55.216867302348255 0.0 11.171556080054895 5.5639394399093776e-15 0.0 1.348393940057358e-15 ""
19899 2851 2007-11-15 Ia pW6 nan nan nan nan nan nan nan nan nan "Range too small. Please select a wider range"
19899 2851 2007-11-15 Ia pW7 nan nan nan nan nan nan nan nan nan "Range too small. Please select a wider range"
19899 2851 2007-11-23 Ia pW6 0.0 0.0 0.0 32.903397156798334 0.0 16.338885418081727 3.62393225074651e-15 0.0 2.0729521794074944e-15 ""
19899 2851 2007-11-23 Ia pW7 0.0 0.0 0.0 57.502561974847595 0.0 64.14203498433267 5.352051731555689e-15 0.0 6.15450896899628e-15 ""
19899 2851 2007-12-03 Ia pW6 0.0 0.0 0.0 52.59602647479109 0.0 60.72321127686594 1.1245173007823296e-15 0.0 1.0522773999294777e-15 ""
19899 2851 2007-12-03 Ia pW7 0.0 0.0 0.0 334.1056467302702 0.0 538.5517526138472 3.682154122996643e-15 0.0 2.475296031028713e-15 ""
19913 2585 2007-11-14 Ia pW6 0.0 0.0 0.0 49.50275410688421 0.0 11.669723810991345 5.368744354747415e-16 0.0 1.49784345593147e-16 ""
19913 2585 2007-11-14 Ia pW7 0.0 0.0 0.0 285.032569055056 0.0 75.23152672441886 4.420043791159023e-15 0.0 1.793336964860655e-15 ""
19940 2404 2007-11-03 Ia pW6 0.0 0.0 0.0 11.038568833240943 0.0 11.25317313467427 3.983804304513865e-16 0.0 4.049653054883486e-16 ""
19940 2404 2007-11-03 Ia pW7 0.0 0.0 0.0 69.84687682751462 0.0 43.072387246935776 2.0815629840129276e-15 0.0 1.3925122136268056e-15 ""
19953 2700 2007-11-03 Ia pW6 0.0 0.0 0.0 2.9437227808059006 0.0 5.369263008319956 1.4480388857522722e-16 0.0 2.4539965415838345e-16 ""
19953 2700 2007-11-03 Ia pW7 0.0 0.0 0.0 56.24769808317611 0.0 17.569134170952406 2.0627302934762405e-15 0.0 7.456865533114642e-16 ""
19953 2700 2007-11-15 Ia pW6 nan nan nan nan nan nan nan nan nan "Range too small. Please select a wider range"
19953 2700 2007-11-15 Ia pW7 nan nan nan nan nan nan nan nan nan "Range too small. Please select a wider range"
19953 2700 2007-11-25 Ia pW6 0.0 0.0 0.0 13.972974233155924 0.0 78.27379403488793 1.865055195096096e-15 0.0 2.8312392983726296e-15 ""
19953 2700 2007-11-25 Ia pW7 nan nan nan nan nan nan nan nan nan "Feature not in spectral wavelength range."
19953 2700 2007-12-03 Ia pW6 0.0 0.0 0.0 62.042785329491856 0.0 21.18580808284747 3.2206306864004915e-15 0.0 1.3512803108747052e-15 ""
19953 2700 2007-12-03 Ia pW7 0.0 0.0 0.0 344.2460419015952 0.0 23.758737202145465 1.917966922143651e-14 0.0 2.2131194500275384e-15 ""
19968 2400 2007-11-02 Ia pW6 0.0 0.0 0.0 13.955330831784176 0.0 6.106298010494149 3.675364281347405e-15 0.0 1.66457722352434e-15 ""
19968 2400 2007-11-02 Ia pW7 0.0 0.0 0.0 54.1270453345273 0.0 5.808363005753111 1.3637043078953087e-14 0.0 1.6501094741703355e-15 ""
19968 2400 2007-11-09 Ia pW6 0.0 0.0 0.0 16.975123159693684 0.0 3.4917401038875022 6.366588738279039e-15 0.0 1.4302038244995172e-15 ""
19968 2400 2007-11-09 Ia pW7 0.0 0.0 0.0 71.85754476853687 0.0 5.310568683940545 2.4629519743582744e-14 0.0 2.126708369069064e-15 ""
19968 2400 2007-11-14 Ia pW6 nan nan nan nan nan nan nan nan nan "Range too small. Please select a wider range"
19968 2400 2007-11-14 Ia pW7 nan nan nan nan nan nan nan nan nan "Range too small. Please select a wider range"
19968 2400 2007-12-03 Ia pW6 0.0 0.0 0.0 13.68368228504054 0.0 4.658632630046796 1.8720760042536406e-14 0.0 6.7013198311545025e-15 ""
19968 2400 2007-12-03 Ia pW7 0.0 0.0 0.0 13.800782900399588 0.0 5.928542655837088 1.3875247125456242e-14 0.0 6.031660099081009e-15 ""
19969 2414 2007-11-04 Ia? pW6 0.0 0.0 0.0 2.873116389626357 0.0 72.54494538540389 2.0205682260719304e-16 0.0 4.027278317464718e-16 ""
19969 2414 2007-11-04 Ia? pW7 nan nan nan nan nan nan nan nan nan "Feature not in spectral wavelength range."
19969 2414 2007-11-08 Ia pW6 0.0 0.0 0.0 16.1512063945459 0.0 7.114551593605994 9.944931785458692e-16 0.0 4.749880548161968e-16 ""
19969 2414 2007-11-08 Ia pW7 0.0 0.0 0.0 335.5486592264166 0.0 94.49448365270476 3.591568765670232e-14 0.0 1.572939666974125e-14 ""
