results/spec_class/sdss_sako18spec_rv3_1_bin5_methavg_step2.ecsv
# %ECSV 0.9
# ---
# datatype:
# - {name: obj_id, datatype: string}
# - {name: sid, datatype: string}
# - {name: date, datatype: string}
# - {name: type, datatype: string}
# - {name: feat_name, datatype: string}
# - {name: vel, datatype: float64}
# - {name: vel_err, datatype: float64}
# - {name: vel_samperr, datatype: float64}
# - {name: pew, datatype: float64}
# - {name: pew_err, datatype: float64}
# - {name: pew_samperr, datatype: float64}
# - {name: area, datatype: float64}
# - {name: area_err, datatype: float64}
# - {name: area_samperr, datatype: float64}
# - {name: msg, datatype: string}
# schema: astropy-2.0
obj_id sid date type feat_name vel vel_err vel_samperr pew pew_err pew_samperr area area_err area_samperr msg
[from data line 1094]
20934 2503 2007-11-13 Ia pW6 0.0 0.0 0.0 53.478771195821665 0.0 57.631921450972726 1.3520890971731404e-15 0.0 1.0823450554187426e-15 ""
20934 2503 2007-11-13 Ia pW7 0.0 0.0 0.0 201.4210739720243 0.0 121.23222028694603 7.77148612247731e-15 0.0 6.081089584471753e-15 ""
20978 2609 2007-11-15 Ia pW6 0.0 0.0 0.0 -24.38833586094156 0.0 119.2474871457048 1.1878141100534726e-16 0.0 3.8648004269874523e-16 ""
20978 2609 2007-11-15 Ia pW7 0.0 0.0 0.0 -972.9053070617945 0.0 4466.586561903946 2.1858124949178981e-16 0.0 9.585398935150206e-16 ""
21006 2566 2007-11-13 Ia pW6 0.0 0.0 0.0 19.807427673300964 0.0 30.184818465176015 1.3518424601455989e-16 0.0 1.6636298857067948e-16 ""
21006 2566 2007-11-13 Ia pW7 0.0 0.0 0.0 88.56591989263246 0.0 174.00680041446228 7.03469617729883e-16 0.0 6.447360807315445e-16 ""
2102 187 2005-09-27 Ia pW6 0.0 0.0 0.0 56.955290203466824 0.0 40.74645843045945 1.5734209060466507e-15 0.0 1.1940859426713088e-15 ""
2102 187 2005-09-27 Ia pW7 0.0 0.0 0.0 155.29312195998418 0.0 148.92209285046934 6.109918383786119e-15 0.0 5.697278058837717e-15 ""
21033 2565 2007-11-13 Ia pW6 0.0 0.0 0.0 5.284067246334667 0.0 43.91761094673935 6.77644398863479e-17 0.0 2.0488521882965832e-16 ""
21033 2565 2007-11-13 Ia pW7 0.0 0.0 0.0 128.97097653974586 0.0 51.047829565172776 6.628969190746841e-16 0.0 3.388826876676573e-16 ""
21034 2489 2007-11-10 Ia pW6 0.0 0.0 0.0 2.3981371950257993 0.0 11.441829883780747 4.09618319824126e-16 0.0 1.3898607673395632e-15 ""
21034 2489 2007-11-10 Ia pW7 0.0 0.0 0.0 133.92811017545148 0.0 96.07206339970246 2.1904941607242712e-14 0.0 1.8034564798140956e-14 ""
21034 2489 2007-11-23 Ia? pW6 0.0 0.0 0.0 4.690622362277946 0.0 19.549272273482508 4.1449135992337213e-16 0.0 8.98812622263609e-16 ""
21034 2489 2007-11-23 Ia? pW7 0.0 0.0 0.0 72.59079519596116 0.0 50.35412142663441 4.078169333445414e-15 0.0 2.7883930251448062e-15 ""
21034 2489 2007-12-07 Ia pW6 0.0 0.0 0.0 59.49244558490224 0.0 13.131800326453629 1.6938498962335323e-15 0.0 4.476012697009746e-16 ""
21034 2489 2007-12-07 Ia pW7 0.0 0.0 0.0 145.65918507902597 0.0 57.92021113684597 4.6170547126587085e-15 0.0 2.2496535563091225e-15 ""
21034 2489 2007-12-09 Ia pW6 0.0 0.0 0.0 37.71012779310272 0.0 10.174774796412809 1.0901130021241696e-15 0.0 3.505750816326161e-16 ""
21034 2489 2007-12-09 Ia pW7 0.0 0.0 0.0 147.88866583980453 0.0 53.6879202296344 5.266994486864027e-15 0.0 2.4096682993327805e-15 ""
21042 2564 2007-11-14 Ia pW6 0.0 0.0 0.0 76.23110229975822 0.0 25.45841371535169 4.879704422265259e-16 0.0 2.0934646164918628e-16 ""
21042 2564 2007-11-14 Ia pW7 0.0 0.0 0.0 355.5610797305693 0.0 146.78405922408808 4.080085166314509e-15 0.0 2.8440629050276813e-15 ""
21062 2848 2007-11-16 Ia pW6 0.0 0.0 0.0 27.328087066587923 0.0 18.629475317407604 4.834161532022198e-16 0.0 3.302380832816709e-16 ""
21062 2848 2007-11-16 Ia pW7 0.0 0.0 0.0 146.53078110051146 0.0 81.10480495440002 3.353771707955493e-15 0.0 2.541542817537119e-15 ""
21422 2599 2007-11-15 Ia pW6 0.0 0.0 0.0 4.183341556689768 0.0 58.581908829346176 4.838771852774143e-17 0.0 1.7047064930936743e-16 ""
21422 2599 2007-11-15 Ia pW7 0.0 0.0 0.0 -1.589305715854797 0.0 127.01001694744555 1.4948319222593982e-16 0.0 2.766430713191406e-16 ""
21455 2644 2007-12-08 Ia pW6 0.0 0.0 0.0 -0.7072565260486715 0.0 5.364248734942751 -8.702053820155802e-18 0.0 1.0873400795472663e-16 ""
21455 2644 2007-12-08 Ia pW7 0.0 0.0 0.0 160.85992751580628 0.0 43.06697341387026 3.286934885695043e-15 0.0 1.0944053749864963e-15 ""
21502 2703 2007-11-13 Ia pW6 0.0 0.0 0.0 13.008296462092803 0.0 6.69582883286144 1.769952436929691e-15 0.0 9.21474808206027e-16 ""
21502 2703 2007-11-13 Ia pW7 0.0 0.0 0.0 51.8881060487711 0.0 23.30680601297231 6.819029147145964e-15 0.0 3.422875487554262e-15 ""
21502 2703 2007-11-14 Ia pW6 0.0 0.0 0.0 16.01332949155262 0.0 6.688559327474495 2.512730528067132e-15 0.0 1.0984835675218572e-15 ""
21502 2703 2007-11-14 Ia pW7 0.0 0.0 0.0 55.09331446612941 0.0 19.650670224967588 8.211185401840887e-15 0.0 3.4022291732366042e-15 ""
21502 2703 2007-11-17 Ia pW6 0.0 0.0 0.0 5.771469488472565 0.0 3.759623771871897 1.0678385119571054e-15 0.0 7.245440566220712e-16 ""
21502 2703 2007-11-17 Ia pW7 0.0 0.0 0.0 100.17633751536621 0.0 23.97623401129547 2.0221717338398522e-14 0.0 5.67323732727505e-15 ""
21502 2703 2007-12-02 Ia pW6 nan nan nan nan nan nan nan nan nan "Feature not in spectral wavelength range."
21502 2703 2007-12-02 Ia pW7 nan nan nan nan nan nan nan nan nan "Feature not in spectral wavelength range."
21502 2703 2007-12-08 Ia pW6 0.0 0.0 0.0 43.80307352490143 0.0 5.554712713712231 4.737300599808815e-15 0.0 7.15088886068475e-16 ""
21502 2703 2007-12-08 Ia pW7 0.0 0.0 0.0 132.4668978269899 0.0 18.770137622661817 1.582370426086333e-14 0.0 2.7896741205725133e-15 ""
21510 2662 2007-11-23 Ia pW6 0.0 0.0 0.0 20.84381983133356 0.0 22.287353649785288 2.2095809430604677e-15 0.0 2.3458094171181486e-15 ""
21510 2662 2007-11-23 Ia pW7 nan nan nan nan nan nan nan nan nan "Feature not in spectral wavelength range."
2165 209 2005-09-28 Ia pW6 0.0 0.0 0.0 12.341468977584215 0.0 50.76318267225685 1.0511419006974174e-16 0.0 1.6315226652798932e-16 ""
2165 209 2005-09-28 Ia pW7 0.0 0.0 0.0 181.27619032039743 0.0 57.86337798781139 8.545553324600329e-16 0.0 3.5997821857417696e-16 ""
21669 2712 2007-11-15 Ia pW6 0.0 0.0 0.0 8.806502629193865 0.0 8.854448494158074 1.8534684708393257e-16 0.0 1.864957060425095e-16 ""
21669 2712 2007-11-15 Ia pW7 0.0 0.0 0.0 43.951695816176716 0.0 41.97669576188855 8.894704156997612e-16 0.0 7.647943408308386e-16 ""
21669 2712 2007-12-03 Ia pW6 nan nan nan nan nan nan nan nan nan "Feature not in spectral wavelength range."
21669 2712 2007-12-03 Ia pW7 nan nan nan nan nan nan nan nan nan "Feature not in spectral wavelength range."
21669 2712 2007-12-10 Ia pW6 0.0 0.0 0.0 29.334209730034218 0.0 15.126369480687462 1.009222104036686e-15 0.0 5.554067976637977e-16 ""
21669 2712 2007-12-10 Ia pW7 0.0 0.0 0.0 87.08639572400995 0.0 35.52515991289749 3.030676517746146e-15 0.0 1.3759290238150958e-15 ""
21766 2638 2007-11-15 Ia pW6 0.0 0.0 0.0 13.485539692783753 0.0 4.4956487069987325 3.722058125157517e-15 0.0 1.2870481943356724e-15 ""
21766 2638 2007-11-15 Ia pW7 0.0 0.0 0.0 197.17860113913096 0.0 74.02125279078203 7.817519097526067e-14 0.0 4.012551000406052e-14 ""
21810 2724 2007-12-07 Ia pW6 0.0 0.0 0.0 66.66368048713734 0.0 21.852745665029218 7.931197803360687e-16 0.0 3.1856485482587607e-16 ""
21810 2724 2007-12-07 Ia pW7 0.0 0.0 0.0 126.84177817274262 0.0 53.785103378750115 1.5373928215002957e-15 0.0 8.011197696253446e-16 ""
21814 2652 2007-11-17 Ia pW6 0.0 0.0 0.0 2.3908411536240384 0.0 7.048540664163885 1.3680681469591624e-16 0.0 3.491109422299668e-16 ""
21814 2652 2007-11-17 Ia pW7 0.0 0.0 0.0 17.663511887107557 0.0 40.67067452367443 9.773440612458597e-16 0.0 1.9857976296867186e-15 ""
21814 2652 2007-12-09 Ia pW6 0.0 0.0 0.0 19.583344161220854 0.0 6.08242611790226 2.5169148600839593e-15 0.0 8.498120147624127e-16 ""
21814 2652 2007-12-09 Ia pW7 0.0 0.0 0.0 52.92431017644451 0.0 19.751991890536885 6.769811294214517e-15 0.0 2.728955446733321e-15 ""
21839 2716 2007-12-08 Ia pW6 0.0 0.0 0.0 21.887374159061586 0.0 9.264477260380055 1.3382099054308641e-15 0.0 6.016873563489206e-16 ""
21839 2716 2007-12-08 Ia pW7 0.0 0.0 0.0 181.73635163452818 0.0 86.47425102814324 1.2760158200018514e-14 0.0 7.71828920575921e-15 ""
21861 2723 2007-12-07 Ia pW6 0.0 0.0 0.0 19.312665557650497 0.0 13.985229533440256 1.884417412816828e-16 0.0 1.4386946767034044e-16 ""
21861 2723 2007-12-07 Ia pW7 0.0 0.0 0.0 96.1385687101308 0.0 74.80110905494966 9.922097855370347e-16 0.0 7.162153096053246e-16 ""
22075 2661 2007-11-25 Ia pW6 0.0 0.0 0.0 4.628218855933668 0.0 24.047406957701853 1.1250052485585718e-15 0.0 3.3438632019866863e-15 ""
22075 2661 2007-11-25 Ia pW7 nan nan nan nan nan nan nan nan nan "Feature not in spectral wavelength range."
22182 2690 2007-12-03 Ia pW6 0.0 0.0 0.0 42.118333649261565 0.0 15.294194270910612 3.855371491527142e-15 0.0 1.7353802566355687e-15 ""
22182 2690 2007-12-03 Ia pW7 0.0 0.0 0.0 122.78348390813476 0.0 19.02334043223187 7.899999655728777e-15 0.0 1.917092744441453e-15 ""
22182 2690 2007-12-10 Ia pW6 0.0 0.0 0.0 66.46555935052075 0.0 30.535706871610223 6.481825373335176e-16 0.0 3.793266087500019e-16 ""
22182 2690 2007-12-10 Ia pW7 0.0 0.0 0.0 136.10820089431036 0.0 64.5913334594444 1.780015471951077e-15 0.0 9.420730070389721e-16 ""
22284 2735 2007-12-08 Ia pW6 0.0 0.0 0.0 21.78448288580279 0.0 30.149058106618035 7.412462152631769e-16 0.0 8.351259647859663e-16 ""
22284 2735 2007-12-08 Ia pW7 0.0 0.0 0.0 122.54120091996579 0.0 97.27609400801289 4.323866539116455e-15 0.0 3.8968681012101885e-15 ""
2246 1683 2005-09-25 Ia pW6 0.0 0.0 0.0 -3.8205883712375295 0.0 26.56240350684836 -2.9432339851968133e-17 0.0 5.30557401839495e-16 ""
2246 1683 2005-09-25 Ia pW7 0.0 0.0 0.0 51.715536485956875 0.0 96.3379304203102 1.4205724536815711e-15 0.0 2.0302903615568596e-15 ""
2308 2970 2005-09-24 Ia pW6 0.0 0.0 0.0 2.326092261413663 0.0 13.025825821148738 1.7118554731370977e-16 0.0 6.466670998975656e-16 ""
2308 2970 2005-09-24 Ia pW7 0.0 0.0 0.0 128.08804287491577 0.0 58.24687828399074 5.4696915494996094e-15 0.0 2.9810178305378064e-15 ""
2330 196 2005-09-28 Ia pW6 0.0 0.0 0.0 36.26354875867765 0.0 12.985957465726585 2.996798658960179e-16 0.0 1.2178439772507693e-16 ""
2330 196 2005-09-28 Ia pW7 0.0 0.0 0.0 144.42125604665756 0.0 53.02092557929989 1.1585487614198673e-15 0.0 5.057225954732668e-16 ""
2372 159 2005-09-24 Ia pW6 0.0 0.0 0.0 4.258444320616803 0.0 10.855300167619303 1.3280307361531344e-16 0.0 2.8220709108113356e-16 ""
2372 159 2005-09-24 Ia pW7 0.0 0.0 0.0 130.96391696411592 0.0 69.14182420509847 3.706312172405984e-15 0.0 2.4781063396529697e-15 ""
2372 159 2005-09-25 Ia pW6 0.0 0.0 0.0 -0.9902273828770114 0.0 28.369572333126015 6.340957425825154e-17 0.0 7.021741817628521e-16 ""
2372 159 2005-09-25 Ia pW7 0.0 0.0 0.0 114.95508975798812 0.0 124.69351454450502 4.1797691462544125e-15 0.0 4.015308714589865e-15 ""
2422 210 2005-09-28 Ia pW6 0.0 0.0 0.0 -1.046575323423317 0.0 12.856162001381131 2.1603095482599652e-18 0.0 9.460012038271069e-17 ""
2422 210 2005-09-28 Ia pW7 0.0 0.0 0.0 69.8221306519321 0.0 29.156398882234278 4.706989502329186e-16 0.0 2.280264310550292e-16 ""
2440 121 2005-09-25 Ia pW6 0.0 0.0 0.0 19.74451853726239 0.0 5.582708410024002 2.0238408908117623e-15 0.0 6.245916696515752e-16 ""
2440 121 2005-09-25 Ia pW7 0.0 0.0 0.0 79.82430043760652 0.0 16.57491056678952 6.7227670956336974e-15 0.0 1.7583107859684465e-15 ""
2533 229 2005-10-01 Ia pW6 0.0 0.0 0.0 143.6066611928163 0.0 64.32235449347253 5.24418591888897e-15 0.0 3.0985937334876162e-15 ""
2533 229 2005-10-01 Ia pW7 0.0 0.0 0.0 -55.37208933887066 0.0 265.7270594341188 1.8313529903120224e-15 0.0 2.5732294169281613e-15 ""
2561 162 2005-09-23 Ia pW6 0.0 0.0 0.0 10.426556890950916 0.0 26.6902843934348 1.4275705160377684e-15 0.0 2.543109734246866e-15 ""
2561 162 2005-09-23 Ia pW7 nan nan nan nan nan nan nan nan nan "Feature not in spectral wavelength range."
2561 162 2005-09-25 Ia pW6 0.0 0.0 0.0 15.481125826375612 0.0 8.607997526533417 6.113759827683101e-16 0.0 3.550856249179213e-16 ""
2561 162 2005-09-25 Ia pW7 0.0 0.0 0.0 57.83741234185141 0.0 34.91052569656101 2.112675193862564e-15 0.0 1.325161677072752e-15 ""
2635 357 2005-09-25 Ia pW6 0.0 0.0 0.0 17.73857586870291 0.0 12.952742043016615 1.2411536770227748e-15 0.0 9.782676963269085e-16 ""
2635 357 2005-09-25 Ia pW7 0.0 0.0 0.0 166.8803863873172 0.0 87.976314032508 1.2033978589081944e-14 0.0 8.81302440564884e-15 ""
2635 357 2005-10-27 Ia pW6 0.0 0.0 0.0 65.05900774281787 0.0 8.764979465219378 8.380413108432014e-16 0.0 1.4496715561573432e-16 ""
2635 357 2005-10-27 Ia pW7 0.0 0.0 0.0 194.95928821362438 0.0 38.39308479709535 2.5111049426479552e-15 0.0 6.463783461051563e-16 ""
2689 122 2005-09-24 Ia pW6 0.0 0.0 0.0 37.24909501999403 0.0 23.912626258489226 5.132105490571892e-16 0.0 3.658608806660299e-16 ""
2689 122 2005-09-24 Ia pW7 0.0 0.0 0.0 77.8761007818756 0.0 18.331190136932655 9.343740214430549e-16 0.0 3.0238158476787966e-16 ""
2746 1656 2005-09-25 Ia? pW6 0.0 0.0 0.0 9.831138906533717 0.0 24.958619235089415 2.319491866783203e-16 0.0 4.3410943973873737e-16 ""
2746 1656 2005-09-25 Ia? pW7 0.0 0.0 0.0 170.58916726470855 0.0 128.58581018456087 4.8948909338365256e-15 0.0 4.634146428606391e-15 ""
2789 201 2005-09-27 Ia pW6 0.0 0.0 0.0 38.47374742123836 0.0 40.803074135874944 1.6418848763377482e-16 0.0 1.6954984140844778e-16 ""
2789 201 2005-09-27 Ia pW7 0.0 0.0 0.0 224.24769374062674 0.0 96.07136563248915 1.0027298191417632e-15 0.0 6.661714658739753e-16 ""
2916 184 2005-09-25 Ia pW6 0.0 0.0 0.0 18.545124429514225 0.0 16.771249182488592 8.549481766085993e-16 0.0 7.725919237272784e-16 ""
2916 184 2005-09-25 Ia pW7 0.0 0.0 0.0 99.50002662043062 0.0 31.07872968332089 4.234021836578374e-15 0.0 1.5727056813985365e-15 ""
2916 184 2005-09-27 Ia pW6 0.0 0.0 0.0 11.240272116579696 0.0 31.185660097379305 4.158693613712233e-16 0.0 8.030757351159266e-16 ""
2916 184 2005-09-27 Ia pW7 0.0 0.0 0.0 47.51401538055799 0.0 28.820334031329914 1.2736257469092328e-15 0.0 8.285623698615416e-16 ""
2916 184 2005-10-01 Ia pW6 0.0 0.0 0.0 16.357476276422982 0.0 7.910573129737673 8.212235212495007e-16 0.0 4.1331524614618225e-16 ""
2916 184 2005-10-01 Ia pW7 0.0 0.0 0.0 89.07888772542587 0.0 35.36908783005625 4.128539782161673e-15 0.0 1.7540969679406056e-15 ""
2943 223 2005-10-09 Ia pW6 0.0 0.0 0.0 3.1596653587940478 0.0 61.897778967241024 7.773324434297559e-16 0.0 2.1655626586406975e-15 ""
2943 223 2005-10-09 Ia pW7 0.0 0.0 0.0 461.656102594564 0.0 108.18877424963263 2.5029262912315834e-14 0.0 1.3181186384650909e-14 ""
2992 355 2005-10-07 Ia pW6 0.0 0.0 0.0 14.896451162841068 0.0 19.29588899579082 1.4764233122332526e-15 0.0 1.7488417443213048e-15 ""
2992 355 2005-10-07 Ia pW7 0.0 0.0 0.0 121.8175499889774 0.0 66.40851554801381 1.2627011290451104e-14 0.0 7.809317069292054e-15 ""
2992 355 2005-10-26 Ia pW6 0.0 0.0 0.0 37.105365515474595 0.0 12.228857893480523 4.771633959768353e-16 0.0 1.7347803087559246e-16 ""
2992 355 2005-10-26 Ia pW7 0.0 0.0 0.0 212.3517776831849 0.0 43.84939094509545 2.8081069601082747e-15 0.0 8.720526635345949e-16 ""
3080 1662 2005-09-26 Ia pW6 0.0 0.0 0.0 3.8262070245226902 0.0 6.822496557988621 1.185280188295728e-16 0.0 2.0005143815689143e-16 ""
3080 1662 2005-09-26 Ia pW7 0.0 0.0 0.0 38.97622679263562 0.0 35.69980533111219 1.1355413334928993e-15 0.0 1.1520682163707515e-15 ""
3080 1662 2005-09-28 Ia pW6 0.0 0.0 0.0 5.983332851740618 0.0 6.681014830529759 2.2167394718075792e-16 0.0 2.3648054017195846e-16 ""
3080 1662 2005-09-28 Ia pW7 0.0 0.0 0.0 81.56038074199309 0.0 45.51073337231673 2.8851650254584797e-15 0.0 1.7435076111517397e-15 ""
3080 1662 2005-10-27 Ia pW6 0.0 0.0 0.0 59.58558065722065 0.0 12.995220868222487 8.280562636961657e-16 0.0 2.19989349037713e-16 ""
3080 1662 2005-10-27 Ia pW7 0.0 0.0 0.0 110.66110482018368 0.0 71.71945411374682 1.6324705765894336e-15 0.0 9.734358355946775e-16 ""
3087 1666 2005-10-03 Ia pW6 0.0 0.0 0.0 17.191325201477863 0.0 25.629406026517735 8.218770312400782e-16 0.0 1.146615026707875e-15 ""
3087 1666 2005-10-03 Ia pW7 nan nan nan nan nan nan nan nan nan "Feature not in spectral wavelength range."
3199 254 2005-10-09 Ia pW6 0.0 0.0 0.0 29.149681545095955 0.0 36.39608541296724 8.105462683262925e-16 0.0 8.047938663310446e-16 ""
3199 254 2005-10-09 Ia pW7 0.0 0.0 0.0 198.38069905822195 0.0 94.84721407382088 4.395697255145015e-15 0.0 2.5692531023511837e-15 ""
3241 246 2005-09-25 Ia? pW6 0.0 0.0 0.0 66.76024353656975 0.0 61.4015973258849 4.540368303123701e-15 0.0 4.685636780275948e-15 ""
3241 246 2005-09-25 Ia? pW7 0.0 0.0 0.0 -68.03627950750662 0.0 253.52548977542838 4.548713981404321e-15 0.0 1.0977060272650786e-14 ""
