results/spec_class/sdss_sako18spec_3_1_2.ecsv
# %ECSV 0.9
# ---
# datatype:
# - {name: obj_id, datatype: string}
# - {name: sid, datatype: string}
# - {name: date, datatype: string}
# - {name: type, datatype: string}
# - {name: feat_name, datatype: string}
# - {name: vel, datatype: float64}
# - {name: vel_err, datatype: float64}
# - {name: vel_samperr, datatype: float64}
# - {name: pew, datatype: float64}
# - {name: pew_err, datatype: float64}
# - {name: pew_samperr, datatype: float64}
# - {name: area, datatype: float64}
# - {name: area_err, datatype: float64}
# - {name: area_samperr, datatype: float64}
# - {name: msg, datatype: string}
# schema: astropy-2.0
obj_id sid date type feat_name vel vel_err vel_samperr pew pew_err pew_samperr area area_err area_samperr msg
[from data line 490]
16287 1449 2006-11-24 Ia pW6 0.0 0.0 0.0 28.525498106868564 0.0 6.188751426394894 1.1056402970560325e-15 0.0 2.8514598001119255e-16 ""
16287 1449 2006-11-24 Ia pW7 0.0 0.0 0.0 125.64590713570304 0.0 13.035438587068704 4.571696225915949e-15 0.0 6.456447585616391e-16 ""
16287 1449 2006-11-25 Ia pW6 0.0 0.0 0.0 32.16885982539976 0.0 17.43439228265739 8.417307425764331e-16 0.0 4.682862613637255e-16 ""
16287 1449 2006-11-25 Ia pW7 0.0 0.0 0.0 131.94351042410287 0.0 25.173360443372026 3.1874184827565055e-15 0.0 8.233349706152113e-16 ""
16287 1449 2006-12-13 Ia pW6 0.0 0.0 0.0 38.52258959485048 0.0 19.478694898786156 9.39818814800238e-16 0.0 5.180732284784669e-16 ""
16287 1449 2006-12-13 Ia pW7 0.0 0.0 0.0 128.40919572451935 0.0 57.8548948381357 3.045219007078775e-15 0.0 1.5411823097903122e-15 ""
16314 1335 2006-11-16 Ia pW6 nan nan nan nan nan nan nan nan nan "Range too small. Please select a wider range"
16314 1335 2006-11-16 Ia pW7 nan nan nan nan nan nan nan nan nan "Range too small. Please select a wider range"
16314 1335 2006-11-22 Ia pW6 nan nan nan nan nan nan nan nan nan "Range too small. Please select a wider range"
16314 1335 2006-11-22 Ia pW7 nan nan nan nan nan nan nan nan nan "Range too small. Please select a wider range"
16314 1335 2006-12-01 Ia pW6 0.0 0.0 0.0 8.242923933150811 0.0 13.479625509533399 2.7159798523575937e-15 0.0 4.426547702012915e-15 ""
16314 1335 2006-12-01 Ia pW7 0.0 0.0 0.0 80.021406472612 0.0 31.3009364378621 1.7511647827578043e-14 0.0 7.814371027274508e-15 ""
16333 1367 2006-11-16 Ia pW6 nan nan nan nan nan nan nan nan nan "Range too small. Please select a wider range"
16333 1367 2006-11-16 Ia pW7 nan nan nan nan nan nan nan nan nan "Range too small. Please select a wider range"
16333 1367 2006-11-19 Ia pW6 0.0 0.0 0.0 1.3389287176279316 0.0 2.760867245709038 4.32023453016895e-16 0.0 8.456915461256481e-16 ""
16333 1367 2006-11-19 Ia pW7 0.0 0.0 0.0 8.302043357067703 0.0 9.140040967295397 2.439024601516796e-15 0.0 2.6433801393395123e-15 ""
16333 1367 2006-11-28 Ia pW6 0.0 0.0 0.0 1.4959873657655054 0.0 4.6400776004254105 4.51566251496092e-15 0.0 1.2722827930246262e-14 ""
16333 1367 2006-11-28 Ia pW7 0.0 0.0 0.0 38.611222558500515 0.0 14.736036959077731 9.061361875796233e-14 0.0 3.6835449111497774e-14 ""
16350 1508 2006-11-21 Ia pW6 0.0 0.0 0.0 47.45316109422155 0.0 27.796411325917877 1.3298339627724836e-15 0.0 8.180087962786776e-16 ""
16350 1508 2006-11-21 Ia pW7 0.0 0.0 0.0 179.92454651631107 0.0 62.46820953216828 4.67276224007253e-15 0.0 2.447661577198251e-15 ""
16352 1478 2006-11-24 Ia pW6 0.0 0.0 0.0 4.7783871862973175 0.0 22.472556073039645 2.4762214743268046e-16 0.0 7.5558874110806415e-16 ""
16352 1478 2006-11-24 Ia pW7 0.0 0.0 0.0 78.06492674112695 0.0 44.81511247176982 2.6205462755312397e-15 0.0 1.890704836873393e-15 ""
16352 1478 2006-11-25 Ia pW6 0.0 0.0 0.0 23.895047085861652 0.0 63.686352916538915 2.463820795187732e-16 0.0 4.3474909348477346e-16 ""
16352 1478 2006-11-25 Ia pW7 0.0 0.0 0.0 103.20391421021563 0.0 62.92640643088828 6.841297853258859e-16 0.0 5.77226164522084e-16 ""
16357 1437 2006-11-23 Ia pW6 0.0 0.0 0.0 17.334662641169487 0.0 26.24802217647522 5.859959894363402e-16 0.0 6.51557331504192e-16 ""
16357 1437 2006-11-23 Ia pW7 0.0 0.0 0.0 257.0363256017452 0.0 82.68848666939509 9.507709247550711e-15 0.0 4.084717444703442e-15 ""
16392 1448 2006-11-17 Ia pW6 nan nan nan nan nan nan nan nan nan "Range too small. Please select a wider range"
16392 1448 2006-11-17 Ia pW7 nan nan nan nan nan nan nan nan nan "Range too small. Please select a wider range"
16392 1448 2006-11-18 Ia pW6 0.0 0.0 0.0 16.931276208735152 0.0 18.983618268347318 2.3731792794176836e-15 0.0 2.505088676457663e-15 ""
16392 1448 2006-11-18 Ia pW7 0.0 0.0 0.0 108.14664455755234 0.0 24.65832698351692 1.3601439564053451e-14 0.0 3.688291091733518e-15 ""
16392 1448 2006-11-24 Ia pW6 0.0 0.0 0.0 11.679463087376599 0.0 10.579939111344629 7.346999140073868e-16 0.0 7.361139098728613e-16 ""
16392 1448 2006-11-24 Ia pW7 0.0 0.0 0.0 69.96338246170657 0.0 9.141247076162871 3.231494141951312e-15 0.0 5.233682962843191e-16 ""
16392 1448 2006-12-13 Ia pW6 0.0 0.0 0.0 7.255952056401209 0.0 11.313413504052383 1.4076604785075142e-15 0.0 2.065879672080316e-15 ""
16392 1448 2006-12-13 Ia pW7 0.0 0.0 0.0 15.843580695971614 0.0 38.06316118422586 3.363103480250298e-15 0.0 6.812028267943454e-15 ""
16392 1448 2006-12-15 Ia pW6 0.0 0.0 0.0 14.010123579576963 0.0 5.543364425869547 2.3107560308964627e-15 0.0 9.6476631882998e-16 ""
16392 1448 2006-12-15 Ia pW7 0.0 0.0 0.0 84.00409192581888 0.0 17.93410383079114 1.3773892884209984e-14 0.0 3.312502456828054e-15 ""
16392 1448 2006-12-27 Ia pW6 0.0 0.0 0.0 31.075200321320686 0.0 12.358705547231562 4.392127655563607e-15 0.0 1.924479696630408e-15 ""
16392 1448 2006-12-27 Ia pW7 0.0 0.0 0.0 154.4570256273517 0.0 26.810105155397054 2.040146321647629e-14 0.0 4.581894645770779e-15 ""
16402 1510 2006-12-13 Ia pW6 0.0 0.0 0.0 1.1790415077525598 0.0 68.58077815885487 5.314910351634496e-16 0.0 1.7998676648395116e-15 ""
16402 1510 2006-12-13 Ia pW7 0.0 0.0 0.0 92.60160811648515 0.0 109.26424018379446 4.044842995531687e-15 0.0 3.685315368295963e-15 ""
16414 1434 2006-11-21 Ia pW6 0.0 0.0 0.0 56.57282459124436 0.0 35.260817062096734 3.603442152253008e-15 0.0 2.305218809130997e-15 ""
16414 1434 2006-11-21 Ia pW7 0.0 0.0 0.0 320.6600937464375 0.0 90.62112719063782 3.541639837848972e-14 0.0 1.8198528364529012e-14 ""
16421 1436 2006-11-25 Ia pW6 0.0 0.0 0.0 -5.14620276280499 0.0 34.52800372934086 3.638622581090322e-17 0.0 2.6579499998562787e-15 ""
16421 1436 2006-11-25 Ia pW7 0.0 0.0 0.0 78.76998185924197 0.0 40.813027998912126 7.922314153660317e-15 0.0 4.443339618421572e-15 ""
16442 1433 2006-11-19 Ia pW6 0.0 0.0 0.0 48.25559869928362 0.0 18.773970522756894 1.6910438928138689e-15 0.0 7.738762953603224e-16 ""
16442 1433 2006-11-19 Ia pW7 0.0 0.0 0.0 80.6798731182259 0.0 46.728036388751285 2.8379198983349294e-15 0.0 1.7783442598172032e-15 ""
16473 1520 2006-11-24 Ia pW6 0.0 0.0 0.0 15.807151633536122 0.0 18.62057827192265 1.119873322403599e-15 0.0 1.27062341734656e-15 ""
16473 1520 2006-11-24 Ia pW7 0.0 0.0 0.0 102.8126966712398 0.0 51.02887219237379 6.373967915032564e-15 0.0 3.37341617813591e-15 ""
16473 1520 2006-11-25 Ia pW6 0.0 0.0 0.0 11.357322348712442 0.0 14.7931110653545 1.9397719254345252e-16 0.0 2.511361661996232e-16 ""
16473 1520 2006-11-25 Ia pW7 0.0 0.0 0.0 61.33203511087632 0.0 46.25806391420571 9.3149636454192e-16 0.0 7.620985717019417e-16 ""
16482 1512 2006-11-22 Ia pW6 0.0 0.0 0.0 26.109922564116115 0.0 34.10710492481642 4.72112049963457e-16 0.0 4.633486676065274e-16 ""
16482 1512 2006-11-22 Ia pW7 0.0 0.0 0.0 115.91382674425185 0.0 76.05484587232554 1.6340993815784464e-15 0.0 1.0904079534907295e-15 ""
16541 2859 2006-11-23 Ia pW6 nan nan nan nan nan nan nan nan nan "Range too small. Please select a wider range"
16541 2859 2006-11-23 Ia pW7 nan nan nan nan nan nan nan nan nan "Range too small. Please select a wider range"
16567 1546 2006-11-23 Ia pW6 0.0 0.0 0.0 23.377856029489543 0.0 13.689182999381813 0.37723962239288794 0.0 0.21758256205434934 ""
16567 1546 2006-11-23 Ia pW7 0.0 0.0 0.0 224.87306057027442 0.0 33.69888826175736 4.249660227104445 0.0 0.8058918685841701 ""
16578 1516 2006-11-26 Ia pW6 0.0 0.0 0.0 22.22722303533662 0.0 13.092615544453558 4.0827661809610286e-16 0.0 2.4776151839306374e-16 ""
16578 1516 2006-11-26 Ia pW7 0.0 0.0 0.0 165.86391816707655 0.0 83.48467224440513 3.3475354924783367e-15 0.0 2.042151088371142e-15 ""
16618 1548 2006-11-23 Ia pW6 0.0 0.0 0.0 6.305770076864589 0.0 7.226522182722235 0.1279213867504065 0.0 0.14474403869201138 ""
16618 1548 2006-11-23 Ia pW7 0.0 0.0 0.0 150.14243031910866 0.0 72.96090145409511 3.120216371189872 0.0 1.684426792650863 ""
16619 2855 2006-11-23 Ia pW6 nan nan nan nan nan nan nan nan nan "Range too small. Please select a wider range"
16619 2855 2006-11-23 Ia pW7 nan nan nan nan nan nan nan nan nan "Range too small. Please select a wider range"
16619 2855 2006-11-26 Ia pW6 0.0 0.0 0.0 8.49822818346888 0.0 8.710786956647567 2.661033312417236e-16 0.0 2.69069414568868e-16 ""
16619 2855 2006-11-26 Ia pW7 0.0 0.0 0.0 101.41469362768274 0.0 13.327912604726249 2.4440085325103226e-15 0.0 4.205922373964783e-16 ""
16631 1607 2006-11-26 Ia pW6 0.0 0.0 0.0 37.01031187921192 0.0 25.45974838647475 3.4001551629231807e-16 0.0 2.528044277558838e-16 ""
16631 1607 2006-11-26 Ia pW7 0.0 0.0 0.0 115.23922739286216 0.0 129.94580992720006 1.1413404152424178e-15 0.0 1.084886715112698e-15 ""
16637 1514 2006-11-24 Ia pW6 0.0 0.0 0.0 13.756932484851081 0.0 17.416764640533124 2.1296444337151105e-16 0.0 2.6035776149794807e-16 ""
16637 1514 2006-11-24 Ia pW7 0.0 0.0 0.0 128.18595978416107 0.0 57.16388953592577 1.9751314544658504e-15 0.0 1.0148321883493535e-15 ""
16641 1518 2006-11-22 Ia pW6 nan nan nan nan nan nan nan nan nan "Range too small. Please select a wider range"
16641 1518 2006-11-22 Ia pW7 nan nan nan nan nan nan nan nan nan "Range too small. Please select a wider range"
16641 1518 2006-11-26 Ia pW6 0.0 0.0 0.0 23.471884026442268 0.0 33.490991691826345 3.427374776959166e-16 0.0 4.2487808950081835e-16 ""
16641 1518 2006-11-26 Ia pW7 0.0 0.0 0.0 2270.99249959195 0.0 12523.769186897516 4.694127941767526e-16 0.0 1.813630988097044e-15 ""
16641 1518 2006-12-13 Ia pW6 0.0 0.0 0.0 34.69459955916538 0.0 17.398801642909 1.174222804740853e-15 0.0 5.939854413104493e-16 ""
16641 1518 2006-12-13 Ia pW7 0.0 0.0 0.0 59.700174318074424 0.0 33.90384935174717 2.123785735588255e-15 0.0 1.2895133797420162e-15 ""
16644 1553 2006-11-23 Ia pW6 0.0 0.0 0.0 37.59618094427313 0.0 17.86494348522282 0.30985016583211084 0.0 0.15442715850489844 ""
16644 1553 2006-11-23 Ia pW7 0.0 0.0 0.0 193.76500140714379 0.0 110.17343602303815 1.811263074515252 0.0 0.936548761393308 ""
16692 1489 2006-11-20 Ia pW6 0.0 0.0 0.0 22.326297437638218 0.0 22.111205241397474 1.8816331292391697e-15 0.0 1.8495915404393074e-15 ""
16692 1489 2006-11-20 Ia pW7 0.0 0.0 0.0 200.05739653640066 0.0 37.33273230243013 1.7530193585702315e-14 0.0 4.582815688618657e-15 ""
16692 1489 2006-11-25 Ia pW6 0.0 0.0 0.0 10.276154025593478 0.0 6.173639505665669 7.961246761921178e-16 0.0 4.953989389379474e-16 ""
16692 1489 2006-11-25 Ia pW7 0.0 0.0 0.0 105.34142270995875 0.0 35.05278207820459 8.142616765211604e-15 0.0 3.219181484298728e-15 ""
16737 1599 2006-11-26 Ia pW6 0.0 0.0 0.0 31.383166180093728 0.0 42.74883944821517 2.053101428754127e-16 0.0 1.7129559123022032e-16 ""
16737 1599 2006-11-26 Ia pW7 0.0 0.0 0.0 312.7141505638973 0.0 85.04106849053522 2.22556932466449e-15 0.0 9.213640491931626e-16 ""
16748 1574 2006-12-14 Ia pW6 0.0 0.0 0.0 28.810568085339437 0.0 15.471653131430758 1.2952117013406327e-15 0.0 7.29284996193447e-16 ""
16748 1574 2006-12-14 Ia pW7 0.0 0.0 0.0 169.61114079706556 0.0 100.2724679688599 9.791550823439811e-15 0.0 6.5817599106952774e-15 ""
16758 1586 2006-11-26 Ia pW6 0.0 0.0 0.0 67.24131940899595 0.0 32.36391776369334 6.205533901814575e-16 0.0 3.3180510420268843e-16 ""
16758 1586 2006-11-26 Ia pW7 0.0 0.0 0.0 104.65812597291155 0.0 67.3382959619157 8.94203292869496e-16 0.0 5.13086778080219e-16 ""
16774 1606 2006-12-15 Ia pW6 0.0 0.0 0.0 4.837076241320762 0.0 36.452849578787756 5.066876772964439e-16 0.0 1.8709331137452403e-15 ""
16774 1606 2006-12-15 Ia pW7 0.0 0.0 0.0 141.90165117360468 0.0 51.97967751877143 8.488888137072378e-15 0.0 3.817609079138321e-15 ""
16776 1581 2006-11-27 Ia pW6 0.0 0.0 0.0 9.68937357555685 0.0 19.805207778616833 7.197132488792898e-17 0.0 1.1261396271074806e-16 ""
16776 1581 2006-11-27 Ia pW7 0.0 0.0 0.0 271.4083740493972 0.0 91.60495913796092 1.965213916262742e-15 0.0 9.145657230158034e-16 ""
16779 1588 2006-11-26 Ia pW6 0.0 0.0 0.0 108.42935556272305 0.0 26.83228640934986 7.216689877282346e-16 0.0 2.4095732673997094e-16 ""
16779 1588 2006-11-26 Ia pW7 nan nan nan nan nan nan nan nan nan "Feature not in spectral wavelength range."
16781 1584 2006-11-26 Ia pW6 0.0 0.0 0.0 41.275087196063296 0.0 21.57885992642482 3.2860316259588785e-16 0.0 2.0588706956185752e-16 ""
16781 1584 2006-11-26 Ia pW7 0.0 0.0 0.0 216.04334086853487 0.0 52.55841396727199 1.8243674753568694e-15 0.0 6.290296175321002e-16 ""
16789 1552 2006-11-23 Ia pW6 0.0 0.0 0.0 189.7548605641389 0.0 585.5462313125352 0.4625969358616498 0.0 0.3959429748065179 ""
16789 1552 2006-11-23 Ia pW7 0.0 0.0 0.0 325.763749725886 0.0 253.67425288494528 0.8818627629545368 0.0 0.6188714843780063 ""
16793 1603 2006-11-26 Ia pW6 0.0 0.0 0.0 -13.214456981052644 0.0 42.03754616867671 -1.606834028985661e-17 0.0 2.953373018643994e-16 ""
16793 1603 2006-11-26 Ia pW7 0.0 0.0 0.0 79.68000823780432 0.0 130.75743474792952 7.454271142357715e-16 0.0 9.867731510944097e-16 ""
16836 1646 2006-12-18 Ia pW6 0.0 0.0 0.0 -67.2553147898855 0.0 396.66783986121965 1.505858588244309e-15 0.0 1.982279729886708e-15 ""
16836 1646 2006-12-18 Ia pW7 0.0 0.0 0.0 144.54357783532515 0.0 114.27111870051229 3.866883413558965e-15 0.0 3.011135593458078e-15 ""
16847 1582 2006-11-27 Ia pW6 0.0 0.0 0.0 48.71440933328483 0.0 25.938925177526954 3.6600229735834253e-16 0.0 2.0864986398893717e-16 ""
16847 1582 2006-11-27 Ia pW7 0.0 0.0 0.0 238.4981407501175 0.0 37.60428767557091 1.965724939351063e-15 0.0 5.032762930539426e-16 ""
1686 192 2005-09-27 Ia? pW6 0.0 0.0 0.0 120.86184449423328 0.0 19.67028911393889 4.956207543361292e-16 0.0 1.3682044840254285e-16 ""
1686 192 2005-09-27 Ia? pW7 0.0 0.0 0.0 18.619618582002175 0.0 470.6953374562845 7.358876198696299e-16 0.0 5.619072687534326e-16 ""
16872 1539 2006-11-26 Ia pW6 0.0 0.0 0.0 32.71867335080585 0.0 27.000594682939727 3.161000496747386e-16 0.0 2.421619674402927e-16 ""
16872 1539 2006-11-26 Ia pW7 0.0 0.0 0.0 105.99665478784338 0.0 23.98027699893379 8.157879117667492e-16 0.0 2.792610812895994e-16 ""
1688 193 2005-09-28 Ia pW6 0.0 0.0 0.0 51.53787792201595 0.0 32.9810440687698 3.256816001818712e-16 0.0 2.2974423160060523e-16 ""
1688 193 2005-09-28 Ia pW7 0.0 0.0 0.0 434.52362135616715 0.0 30.79502876144027 4.522380296544758e-15 0.0 5.856552352189339e-16 ""
16894 1642 2006-12-14 Ia pW6 0.0 0.0 0.0 806.0141254165114 0.0 4157.382055857531 7.477177696190614e-16 0.0 1.7016282650317186e-15 ""
16894 1642 2006-12-14 Ia pW7 0.0 0.0 0.0 259.96190135167274 0.0 124.8884042209319 1.542460819243144e-14 0.0 1.2499503812107136e-14 ""
16899 1641 2006-12-13 Ia pW6 0.0 0.0 0.0 8.592148896428315 0.0 25.784821127920424 8.522275269764933e-16 0.0 1.9222518803364236e-15 ""
16899 1641 2006-12-13 Ia pW7 0.0 0.0 0.0 49.777522684355674 0.0 67.24925032244766 4.604181488737848e-15 0.0 5.160268541592496e-15 ""
16938 1580 2006-11-26 Ia pW6 0.0 0.0 0.0 77.7310871511354 0.0 18.595378131547438 4.223210002263111e-16 0.0 1.4420409817909474e-16 ""
16938 1580 2006-11-26 Ia pW7 nan nan nan nan nan nan nan nan nan "Feature not in spectral wavelength range."
16941 1643 2006-12-14 Ia? pW6 0.0 0.0 0.0 105.8471568896658 0.0 97.74655556472216 5.161282866870225e-15 0.0 3.897759447584603e-15 ""
16941 1643 2006-12-14 Ia? pW7 0.0 0.0 0.0 582.2139189357248 0.0 805.4745659842268 2.904384813844767e-14 0.0 2.664024865507419e-14 ""
16953 1579 2006-11-26 Ia pW6 0.0 0.0 0.0 32.553033308784194 0.0 29.680764259424752 2.1262239059189716e-16 0.0 1.9024151852343748e-16 ""
16953 1579 2006-11-26 Ia pW7 0.0 0.0 0.0 119.61970806360168 0.0 183.90098127744972 8.83132215209783e-16 0.0 9.356673574095638e-16 ""
16956 1562 2006-11-25 Ia pW6 0.0 0.0 0.0 6.617479550191595 0.0 58.29490270241875 4.1548922046978927e-16 0.0 8.104570342323838e-16 ""
16956 1562 2006-11-25 Ia pW7 0.0 0.0 0.0 121.61684205028482 0.0 40.147120578267426 2.1345687747216687e-15 0.0 9.162358371131156e-16 ""
17048 1605 2006-11-26 Ia pW6 0.0 0.0 0.0 11.528578780082885 0.0 5.059754635331048 3.005747990170086e-16 0.0 1.3464589313063213e-16 ""
17048 1605 2006-11-26 Ia pW7 0.0 0.0 0.0 100.77198736271157 0.0 9.718877986216036 2.6321906738841142e-15 0.0 3.406023329068457e-16 ""
