results/spec_class/sdss_sako18spec_rv3_1_bin5_methavg_step3.ecsv
# %ECSV 0.9
# ---
# datatype:
# - {name: obj_id, datatype: string}
# - {name: sid, datatype: string}
# - {name: date, datatype: string}
# - {name: type, datatype: string}
# - {name: feat_name, datatype: string}
# - {name: feat_start, datatype: float64}
# - {name: feat_end, datatype: float64}
# - {name: vel, datatype: float64}
# - {name: vel_err, datatype: float64}
# - {name: vel_samperr, datatype: float64}
# - {name: pew, datatype: float64}
# - {name: pew_err, datatype: float64}
# - {name: pew_samperr, datatype: float64}
# - {name: area, datatype: float64}
# - {name: area_err, datatype: float64}
# - {name: area_samperr, datatype: float64}
# - {name: msg, datatype: string}
# meta: !!omap
# - {bin_size: 5}
# - {method: avg}
# - {nstep: 3}
# - {rv: 3.1}
# schema: astropy-2.0
obj_id sid date type feat_name feat_start feat_end vel vel_err vel_samperr pew pew_err pew_samperr area area_err area_samperr msg
[from data line 93]
12930 687 2006-09-13 Ia pW6 5522.810660826392 5911.095792996034 13913.94177799214 0.0 0.0 32.13977753500044 0.0 14.705272448179928 6.992899767948047e-16 0.0 3.491603024616766e-16 ""
12950 1055 2006-10-16 Ia pW7 5884.441715499473 6416.154450065702 9094.17529876475 0.0 0.0 77.27392113190423 0.0 22.502305394458855 6.655269481512478e-16 0.0 2.274140664632836e-16 ""
12950 1055 2006-10-16 Ia pW6 5574.661252752192 5884.441715499473 11995.331360707143 0.0 0.0 31.891794506595243 0.0 10.856014451721522 3.2797755742666237e-16 0.0 1.1966044937904402e-16 ""
12950 700 2006-09-17 Ia pW7 5940.849501253456 6343.101743925298 9985.870114920235 0.0 0.0 67.80005739328435 0.0 6.8441178280010595 4.349881464959225e-15 0.0 5.306357982418825e-16 ""
12950 700 2006-09-17 Ia pW6 5654.186983487315 5940.849501253456 8992.78310406366 0.0 0.0 16.529799222352946 0.0 4.337077230722202 1.1493045535533858e-15 0.0 3.1861145991928567e-16 ""
12971 717 2006-09-14 Ia pW7 nan nan nan nan nan nan nan nan nan nan nan "Feature not in spectral wavelength range."
12971 717 2006-09-14 Ia pW6 5601.781158109391 5601.781158109391 nan nan nan nan nan nan nan nan nan "Range too small. Please select a wider range"
12972 744 2006-09-17 Ia pW6 5568.023556563607 5866.459750905256 12210.309266898686 0.0 0.0 46.68111595503803 0.0 4.882775273826578 4.86575175485156e-16 0.0 5.998638269620243e-17 ""
12972 744 2006-09-17 Ia pW7 5866.459750905256 6328.0410648203415 8596.067610570795 0.0 0.0 75.73146220417102 0.0 12.30968778605651 7.026312224783282e-16 0.0 1.3818407055049035e-16 ""
12977 772 2006-09-18 Ia pW7 5933.369436588644 6322.482299376216 9509.291984777396 0.0 0.0 74.06533398107118 0.0 10.44702594803796 1.4068942733929009e-15 0.0 2.5341430226218775e-16 ""
12977 772 2006-09-18 Ia pW6 5616.463084421446 5933.369436588644 9590.79104613858 0.0 0.0 15.019408497699995 0.0 7.085308754726425 3.378744709174156e-16 0.0 1.6537272484552022e-16 ""
12979 769 2006-09-18 Ia-pec pW6 5614.254998269502 5941.525312789724 10013.368049678918 0.0 0.0 33.583132532364004 0.0 12.845710630795981 8.704993206940343e-16 0.0 3.5914127386517884e-16 ""
12979 769 2006-09-18 Ia-pec pW7 5941.525312789724 6555.717546889318 5275.009820586949 0.0 0.0 93.93805343376282 0.0 15.516949285114695 2.1980424555800377e-15 0.0 4.297265939685464e-16 ""
12983 709 2006-09-19 Ia pW6 5559.977340768262 5559.977340768262 nan nan nan nan nan nan nan nan nan "Range too small. Please select a wider range"
12983 709 2006-09-19 Ia pW7 5821.064857303805 5821.064857303805 nan nan nan nan nan nan nan nan nan "Range too small. Please select a wider range"
13005 702 2006-09-15 Ia pW6 5582.849486377847 5880.305482868755 12489.126332800135 0.0 0.0 56.31318657859559 0.0 21.627908838935358 5.034177534333944e-16 0.0 2.1884646557531539e-16 ""
13005 702 2006-09-15 Ia pW7 5880.305482868755 6524.053534975941 8929.563017793731 0.0 0.0 162.67773507897707 0.0 62.61186570811483 1.368507094671039e-15 0.0 5.632571839390283e-16 ""
13025 746 2006-09-17 Ia pW7 5917.66541496029 6346.985437464837 9181.66834419436 0.0 0.0 63.64643581551146 0.0 11.402904439125129 7.900544651892784e-16 0.0 1.6873643635418578e-16 ""
13025 746 2006-09-17 Ia pW6 5611.008256028471 5917.66541496029 10836.698401270343 0.0 0.0 7.941887975976272 0.0 7.43999958078772 1.1935974492851846e-16 0.0 1.097977273275572e-16 ""
13038 786 2006-09-17 Ia pW7 5925.303180355582 6410.500578609234 10016.592473931063 0.0 0.0 122.85142150368489 0.0 23.31305564006664 2.0247859267935255e-14 0.0 4.665769631806461e-15 ""
13038 786 2006-09-17 Ia pW6 5626.022542180432 5925.303180355582 7693.620819782256 0.0 0.0 37.9663148484317 0.0 9.49032027043904 7.270286152607555e-15 0.0 2.106619695207409e-15 ""
13044 1062 2006-10-18 Ia pW7 5867.680405495532 6459.028055666711 9963.658040220542 0.0 0.0 138.54757952014714 0.0 10.996814784918781 2.325720098784379e-16 0.0 2.4333268127757626e-17 ""
13044 1062 2006-10-18 Ia pW6 5534.21368547419 5867.680405495532 13213.174271738771 0.0 0.0 85.9471664699518 0.0 17.839781297913543 1.7137583814176184e-16 0.0 4.7396761173493146e-17 ""
13044 724 2006-09-16 Ia pW7 5908.585656484816 6326.530612244898 10242.437569009366 0.0 0.0 62.19168262290917 0.0 17.091388422455825 1.0327561676849573e-15 0.0 3.3981566034944513e-16 ""
13044 724 2006-09-16 Ia pW6 5659.597172202214 5908.585656484816 9870.15234803682 0.0 0.0 9.827988471312349 0.0 12.281058491346688 1.9793314161009355e-16 0.0 2.314516861933228e-16 ""
13045 734 2006-09-16 Ia pW7 5991.169925505787 6398.2421265451785 8844.89864447476 0.0 0.0 33.85753021932852 0.0 16.868733679638005 1.06237233954249e-15 0.0 5.691710159423175e-16 ""
13045 734 2006-09-16 Ia pW6 5605.299401603865 5991.169925505787 8857.869229162605 0.0 0.0 17.585638471148936 0.0 16.851017251555625 5.660955749438346e-16 0.0 5.288871956045571e-16 ""
13070 736 2006-09-17 Ia pW7 5846.651425306616 6222.534437148602 13626.180948431578 0.0 0.0 26.025388480927194 0.0 7.38539414000695 7.974147766804904e-16 0.0 2.502106102038824e-16 ""
13070 736 2006-09-17 Ia pW6 5633.651051929491 5850.827903215972 11529.280349235423 0.0 0.0 11.317220839230398 0.0 4.426481431136675 3.735415938064994e-16 0.0 1.5338666027199236e-16 ""
13072 723 2006-09-16 Ia pW6 5629.44510162208 5983.344750325831 7039.587771637054 0.0 0.0 35.28865240430033 0.0 47.175853255337344 1.5009801177578418e-16 0.0 1.7963078690778102e-16 ""
13072 723 2006-09-16 Ia pW7 5983.344750325831 6337.244399029582 8966.77533418462 0.0 0.0 125.31115679639463 0.0 58.16230714970338 4.689020363095164e-16 0.0 2.6714901316396686e-16 ""
13099 747 2006-09-17 Ia pW7 5975.832535923006 6343.563910131197 9579.68159385173 0.0 0.0 79.60719234280597 0.0 9.892665630950455 7.779636025960485e-16 0.0 1.237002744891257e-16 ""
13099 747 2006-09-17 Ia pW6 5687.183177673565 5975.832535923006 9129.519195898418 0.0 0.0 21.668022202350482 0.0 6.7613532965804 2.4014348100315103e-16 0.0 8.117937218535945e-17 ""
13135 1047 2006-10-23 Ia pW7 5867.025567126168 6460.661428170061 8746.01917648819 0.0 0.0 166.112045279954 0.0 36.6970569063885 7.761303453595748e-15 0.0 2.4259858111645087e-15 ""
13135 1047 2006-10-23 Ia pW6 5581.536565250098 5867.025567126168 11904.6706667187 0.0 0.0 40.053891685968644 0.0 17.906696580079025 1.75115765604137e-15 0.0 8.669019482923986e-16 ""
13135 739 2006-09-17 Ia pW6 5577.911308083418 5863.400309959488 11478.428064507954 0.0 0.0 32.718680898269035 0.0 10.253176303159757 6.031528415016731e-16 0.0 2.0877031261065836e-16 ""
13135 739 2006-09-17 Ia pW7 5863.400309959488 6325.620598711222 12951.419222888326 0.0 0.0 125.62334993146261 0.0 21.83928625264225 2.2468515312036707e-15 0.0 5.047338494039367e-16 ""
13135 849 2006-09-24 Ia pW7 5934.092824709753 6350.997398877983 10711.43270333917 0.0 0.0 104.61312911928727 0.0 4.130240944788859 1.2523699465157629e-14 0.0 6.482657884137959e-16 ""
13135 849 2006-09-24 Ia pW6 5657.6669657503835 5934.092824709753 10557.1181732744 0.0 0.0 26.293860559401622 0.0 3.2936260039837624 3.498606008230393e-15 0.0 4.822022301943054e-16 ""
13135 891 2006-09-28 Ia pW6 5644.978565667002 5876.088710042869 10504.257252927695 0.0 0.0 19.79267324650673 0.0 10.019035223067089 1.1743863335545548e-15 0.0 6.100262380179012e-16 ""
13135 891 2006-09-28 Ia pW7 5876.088710042869 6338.308998794602 10124.686284656538 0.0 0.0 126.12314289430995 0.0 15.826634528874921 6.25156034230419e-15 0.0 1.055284297480929e-15 ""
13135 911 2006-09-27 Ia pW7 5898.7465673346205 6333.777427336252 9834.73141855601 0.0 0.0 98.3441828996334 0.0 13.152826775327064 6.034937690804306e-15 0.0 1.0632966972333628e-15 ""
13135 911 2006-09-27 Ia pW6 5672.167994417104 5898.7465673346205 10276.533265283479 0.0 0.0 18.56271213291719 0.0 7.924939324509296 1.3657009617805814e-15 0.0 6.199525082432424e-16 ""
13135 912 2006-10-11 Ia pW6 5564.316593708367 5944.968596209794 12840.764563856974 0.0 0.0 73.83393064752867 0.0 20.99256089764519 4.0168262746649385e-15 0.0 1.2979624943487965e-15 ""
13135 912 2006-10-11 Ia pW7 nan nan nan nan nan nan nan nan nan nan nan "Feature not in spectral wavelength range."
13135 998 2006-10-15 Ia pW7 5876.088710042869 6442.53514233666 10027.841770432844 0.0 0.0 174.0012948866954 0.0 44.33563738923466 3.128676706246549e-16 0.0 1.0511891890490712e-16 ""
13135 998 2006-10-15 Ia pW6 5572.473422333397 5876.088710042869 12799.663899928937 0.0 0.0 49.8648738976525 0.0 31.77065341424868 8.828565415275347e-17 0.0 5.206256766935042e-17 ""
13136 818 2006-09-20 Ia pW7 5496.337720674403 5496.337720674403 nan nan nan nan nan nan nan nan nan "Range too small. Please select a wider range"
13136 818 2006-09-20 Ia pW6 5427.01782907612 5427.01782907612 nan nan nan nan nan nan nan nan nan "Range too small. Please select a wider range"
13152 771 2006-09-18 Ia pW7 5986.347816249527 6302.447610618292 9772.512009498825 0.0 0.0 31.61516574854017 0.0 8.753407297946433 1.021118022107622e-15 0.0 3.138844382297855e-16 ""
13152 771 2006-09-18 Ia pW6 5578.745449826644 5986.347816249527 11167.480005586178 0.0 0.0 14.058026414072007 0.0 8.945698606640622 5.446776519136269e-16 0.0 3.437211860643678e-16 ""
1316 141 2005-09-26 Ia pW6 5608.919650591081 5892.717741000104 11896.357818162574 0.0 0.0 43.109856567151574 0.0 30.051185866278267 3.6035526820929365e-16 0.0 2.651440132306758e-16 ""
1316 141 2005-09-26 Ia pW7 5896.830756803133 6320.471384515153 10412.040023403526 0.0 0.0 111.50655019625415 0.0 28.671978464023912 9.68249865493252e-16 0.0 3.3010989517100165e-16 ""
13174 767 2006-09-17 Ia pW6 5552.905465762955 5937.595919527616 nan nan nan nan nan nan nan nan nan "Optimal parameters not found: Number of calls to function has reached maxfev = 1000."
13174 767 2006-09-17 Ia pW7 5937.595919527616 6289.891387712097 9949.959017941359 0.0 0.0 14.706773156901061 0.0 7.266057164109449 6.425436457190983e-16 0.0 3.2970314380842505e-16 ""
13254 822 2006-09-21 Ia pW6 5693.298392400686 5900.943811996989 8808.529604729798 0.0 0.0 4.603539279358238 0.0 5.695220790861044 2.25558904697907e-16 0.0 2.754423040196647e-16 ""
13254 822 2006-09-21 Ia pW7 5900.943811996989 6320.47231281401 8459.46977619792 0.0 0.0 23.264635545455214 0.0 13.602871792571266 1.0519947926394626e-15 0.0 6.463532931851934e-16 ""
13305 819 2006-09-24 Ia pW6 5589.739109795415 5911.15425949246 9525.952783830668 0.0 0.0 -3.794431910288736 0.0 11.746415288126348 -1.4397688219105776e-16 0.0 5.502432142033813e-16 ""
13305 819 2006-09-24 Ia pW7 5907.033552445063 6240.810823284302 12401.482164755898 0.0 0.0 32.97424084799978 0.0 20.0098849568089 1.2936613346558448e-15 0.0 7.717525787773846e-16 ""
13327 779 2006-09-18 Ia pW7 5982.3033449051845 6349.291868315147 10766.20375523142 0.0 0.0 58.78242425194075 0.0 10.315077738592484 9.983264462908774e-16 0.0 2.063338749569564e-16 ""
13327 779 2006-09-18 Ia pW6 5630.9313544062825 5974.495078449653 nan nan nan nan nan nan nan nan nan "Optimal parameters not found: Number of calls to function has reached maxfev = 1000."
13354 796 2006-09-27 Ia pW6 5558.423322118781 5951.840544108988 nan nan nan nan nan nan nan nan nan "Optimal parameters not found: Number of calls to function has reached maxfev = 1000."
13354 796 2006-09-27 Ia pW7 5956.163810284705 6470.632485194975 7122.585173429643 0.0 0.0 37.75588370767968 0.0 22.725522541353868 1.8213442935997724e-15 0.0 1.1493366416425337e-15 ""
13357 820 2006-09-21 Ia? pW7 5583.693125207572 5583.693125207572 nan nan nan nan nan nan nan nan nan "Range too small. Please select a wider range"
13357 820 2006-09-21 Ia? pW6 5606.33736904079 5606.33736904079 nan nan nan nan nan nan nan nan nan "Range too small. Please select a wider range"
13370 824 2006-09-22 Ia pW7 5937.682095874469 6309.1785503790925 10103.534799411897 0.0 0.0 33.7411044296814 0.0 34.48696094815064 8.619891044362905e-16 0.0 7.548516612761162e-16 ""
13370 824 2006-09-22 Ia pW6 5678.886812961136 5937.682095874469 9040.521608354711 0.0 0.0 16.453976957923594 0.0 19.74679880919739 4.582067048319088e-16 0.0 5.213159267289911e-16 ""
13411 802 2006-09-22 Ia pW7 5865.467378206232 6265.708383542778 11288.650283863388 0.0 0.0 38.98735151156034 0.0 24.442551024765713 9.061616746962057e-16 0.0 5.920122850016767e-16 ""
13411 802 2006-09-22 Ia pW6 5564.21070752281 5865.467378206232 13813.656501925949 0.0 0.0 31.323812034800536 0.0 11.42721360222601 8.066182749028373e-16 0.0 3.188239541655161e-16 ""
13425 816 2006-09-20 Ia pW6 5678.515519211588 5926.215214706096 8164.32862187636 0.0 0.0 3.639337513525148 0.0 10.702204679846743 1.810443120395161e-16 0.0 4.6865961902422765e-16 ""
13425 816 2006-09-20 Ia pW7 5922.086886447854 6351.433025305001 9647.29020948306 0.0 0.0 60.158226323470615 0.0 15.247469670210407 2.6367727203717554e-15 0.0 7.660479787324203e-16 ""
13467 886 2006-09-28 Ia? pW7 5966.679908258256 6369.54908633018 6536.156349095908 0.0 0.0 22.169614529160704 0.0 13.730527534851138 1.3060726164692525e-15 0.0 8.24721674013584e-16 ""
13467 886 2006-09-28 Ia? pW6 5554.4416795334955 5966.679908258256 1925.136866962337 0.0 0.0 6.824826366558891 0.0 13.40985463663981 4.104564670869359e-16 0.0 7.620132377745268e-16 ""
13506 837 2006-09-25 Ia pW6 5627.691701416674 5844.837361921497 12584.464241291653 0.0 0.0 18.16618557027363 0.0 21.475471025642527 3.8953817178853744e-16 0.0 3.903438085051555e-16 ""
13506 837 2006-09-25 Ia pW7 5840.816145986223 6415.850024730477 6972.947649023706 0.0 0.0 161.10134282264252 0.0 75.97625461215434 2.64196793548697e-15 0.0 1.4267587428543111e-15 ""
13511 838 2006-09-25 Ia pW7 5962.297415326885 6326.221977808688 10439.00591962774 0.0 0.0 49.85109416333858 0.0 50.891074501748555 9.982557590100178e-16 0.0 8.832074425846455e-16 ""
13511 838 2006-09-25 Ia pW6 5679.244977841037 5962.297415326885 8361.748759224465 0.0 0.0 18.798110807820088 0.0 26.14526986518279 4.289899011150093e-16 0.0 5.228252049898418e-16 ""
13578 871 2006-09-27 Ia pW7 5920.427819692912 5920.427819692912 nan nan nan nan nan nan nan nan nan "Range too small. Please select a wider range"
13578 871 2006-09-27 Ia pW6 5631.029971019455 5631.029971019455 nan nan nan nan nan nan nan nan nan "Range too small. Please select a wider range"
13610 839 2006-09-23 Ia pW7 5927.925677113695 6336.615187210639 10058.588260080383 0.0 0.0 95.80826271774076 0.0 25.788612773962317 9.742174062816944e-16 0.0 3.136458623117891e-16 ""
13610 839 2006-09-23 Ia pW6 5646.469693745045 5927.925677113695 9408.966732308603 0.0 0.0 41.14410530944995 0.0 26.383318696383906 5.19610804981833e-16 0.0 3.4556133870133763e-16 ""
13641 873 2006-09-27 Ia pW7 5902.669461267119 6361.908481524111 7479.911839090432 0.0 0.0 120.68851802492875 0.0 110.7891997209914 1.2924572450598448e-15 0.0 1.082174425107693e-15 ""
13641 873 2006-09-27 Ia pW6 5613.0592683122595 5902.669461267119 10834.53334180154 0.0 0.0 8.27791937385201 0.0 41.16489180028552 1.614599546699043e-16 0.0 3.787638599741642e-16 ""
13655 840 2006-09-27 Ia pW6 5617.344345006858 5921.092598454401 11340.607775810491 0.0 0.0 7.92587957528736 0.0 14.388543529057227 2.7172167405590695e-16 0.0 4.508044676672516e-16 ""
13655 840 2006-09-27 Ia pW7 5925.089285999763 6428.671916715426 6242.2926490978225 0.0 0.0 65.73835789447793 0.0 50.23682449395109 2.1929018435136084e-15 0.0 1.6131882685112958e-15 ""
13689 874 2006-09-27 Ia pW7 5900.6357730092805 6276.548861903128 11222.173568693433 0.0 0.0 99.12979188477368 0.0 47.898299866490895 1.384081193142664e-15 0.0 8.081125072092778e-16 ""
13689 874 2006-09-27 Ia pW6 5632.697720287069 5900.6357730092805 8537.253020765791 0.0 0.0 28.709156943212303 0.0 32.18480042347302 4.1299972535511447e-16 0.0 3.8150732500134156e-16 ""
1371 154 2005-09-25 Ia pW7 5974.673716355283 6359.299765914798 7902.941943162459 0.0 0.0 22.085581179699105 0.0 6.309465195699531 2.410466669421035e-15 0.0 7.279471631569576e-16 ""
1371 154 2005-09-25 Ia pW6 5590.04766679577 5974.673716355283 nan nan nan nan nan nan nan nan nan "Optimal parameters not found: Number of calls to function has reached maxfev = 1000."
