results/spec_class/sdss_sako18spec_rv3_1_bin5.0_methgauss_step5.ecsv
# %ECSV 0.9
# ---
# datatype:
# - {name: obj_id, datatype: string}
# - {name: sid, datatype: string}
# - {name: date, datatype: string}
# - {name: type, datatype: string}
# - {name: feat_name, datatype: string}
# - {name: feat_start, datatype: float64}
# - {name: feat_end, datatype: float64}
# - {name: vel, datatype: float64}
# - {name: vel_err, datatype: float64}
# - {name: vel_samperr, datatype: float64}
# - {name: pew, datatype: float64}
# - {name: pew_err, datatype: float64}
# - {name: pew_samperr, datatype: float64}
# - {name: area, datatype: float64}
# - {name: area_err, datatype: float64}
# - {name: area_samperr, datatype: float64}
# - {name: msg, datatype: string}
# meta: !!omap
# - {bin_size: 5.0}
# - {method: gauss}
# - {nstep: 5}
# - {rv: 3.1}
# schema: astropy-2.0
obj_id sid date type feat_name feat_start feat_end vel vel_err vel_samperr pew pew_err pew_samperr area area_err area_samperr msg
[from data line 89]
13327 779 2006-09-18 Ia pW7 5841.091560943941 6295.841430203397 11005.874139947242 0.0 0.0 66.89793332918144 0.0 2.26281181322894 1.15699279185854e-15 0.0 4.653598489371693e-17 ""
13354 796 2006-09-27 Ia pW6 5673.241146366701 5951.246175344949 4936.352189724776 0.0 0.0 9.84087573144722 0.0 1.949145510264744 4.617233567640924e-16 0.0 9.480655261949636e-17 ""
13354 796 2006-09-27 Ia pW7 5952.825749373231 6344.560108388036 6780.515092422084 0.0 0.0 40.377766226217034 0.0 5.690926296926211 1.920146161343659e-15 0.0 3.0070885139599273e-16 ""
13357 820 2006-09-21 Ia? pW7 6085.424459148275 6085.424459148275 nan nan nan nan nan nan nan nan nan "Range too small. Please select a wider range"
13357 820 2006-09-21 Ia? pW6 5639.6159086818025 5639.6159086818025 nan nan nan nan nan nan nan nan nan "Range too small. Please select a wider range"
13411 802 2006-09-22 Ia pW6 5584.084634198916 5584.084634198916 nan nan nan nan nan nan nan nan nan "Range too small. Please select a wider range"
13411 802 2006-09-22 Ia pW7 6010.381702175513 6010.381702175513 nan nan nan nan nan nan nan nan nan "Range too small. Please select a wider range"
13425 816 2006-09-20 Ia pW6 5618.2853486182485 5923.8594104331605 10107.885252509892 0.0 0.0 5.922587366509286 0.0 0.41020833805297036 2.5023902305075836e-16 0.0 1.764681769821674e-17 ""
13425 816 2006-09-20 Ia pW7 5923.8594104331605 6333.775834819022 9644.622953108754 0.0 0.0 53.59072534284954 0.0 1.7777681112088262 2.272322722902826e-15 0.0 8.821858092996574e-17 ""
13467 886 2006-09-28 Ia? pW7 5822.028501605686 6389.126285042928 23092.167792298307 0.0 0.0 37.073984895075725 0.0 1.412268441235481 2.1590800843786087e-15 0.0 8.692456736537472e-17 ""
13467 886 2006-09-28 Ia? pW6 5564.4932696777605 5824.629867584752 13983.286046246289 0.0 0.0 11.159827447544798 0.0 0.6626149684659118 6.271137443494133e-16 0.0 3.897995365790979e-17 ""
13506 837 2006-09-25 Ia pW6 5627.886862009449 5809.431599493632 12227.897538195391 0.0 0.0 16.557173160381325 0.0 1.8264822829897627 2.862835755579732e-16 0.0 3.477721075304856e-17 ""
13506 837 2006-09-25 Ia pW7 5809.431599493632 6408.529233191405 7289.3590574054515 0.0 0.0 167.46754147179016 0.0 8.26781819003716 2.344256260839379e-15 0.0 1.717272003389645e-16 ""
13511 838 2006-09-25 Ia pW6 5593.503182564552 5936.707685933393 8136.078938535524 0.0 0.0 32.565980508775176 0.0 2.600354268708489 6.511448486492818e-16 0.0 5.754861815768358e-17 ""
13511 838 2006-09-25 Ia pW7 5936.707685933393 6294.5166362541 10079.24031573756 0.0 0.0 91.32722983145776 0.0 3.725456254302861 1.5898590468732689e-15 0.0 8.905032830318131e-17 ""
13610 839 2006-09-23 Ia pW7 5915.29069366643 6343.366959203688 10099.84412121676 0.0 0.0 84.65354728685718 0.0 4.216592429499313 8.028674200436976e-16 0.0 4.9316476256199404e-17 ""
13610 839 2006-09-23 Ia pW6 5643.827696008661 5922.251283349966 10093.91956702172 0.0 0.0 25.835153724381787 0.0 3.2892122198846643 2.7994251383045386e-16 0.0 3.902590469543404e-17 ""
13641 873 2006-09-27 Ia pW6 5660.6820575692445 5860.575107336629 nan nan nan nan nan nan nan nan nan "Optimal parameters not found: Number of calls to function has reached maxfev = 1000."
13641 873 2006-09-27 Ia pW7 5860.575107336629 6391.325618787965 6652.108005983495 0.0 0.0 254.50270143888963 0.0 6.959354868754086 3.1242471803387514e-15 0.0 1.7875074144326445e-16 ""
13655 840 2006-09-27 Ia pW6 5613.392732884937 5901.875442926134 12750.773244022284 0.0 0.0 5.292037531315284 0.0 1.084175505158735 1.6055167632052792e-16 0.0 3.3512956820047585e-17 ""
13655 840 2006-09-27 Ia pW7 5901.875442926134 6439.174490377863 6014.733970554167 0.0 0.0 67.00613762825118 0.0 3.4473118211681015 1.999220540704552e-15 0.0 1.1895902658445517e-16 ""
13689 874 2006-09-27 Ia pW6 5569.289901385816 5898.007834243179 8248.367901013587 0.0 0.0 31.558279130868762 0.0 2.2655544045023457 3.8122944006189672e-16 0.0 3.077278576719195e-17 ""
13689 874 2006-09-27 Ia pW7 5898.007834243179 6302.242048973181 10483.817310537923 0.0 0.0 142.32007294835796 0.0 8.12128632744161 2.106809406712808e-15 0.0 1.999059208101814e-16 ""
1371 154 2005-09-25 Ia pW7 5964.995478033648 6391.782748084902 7868.022357327887 0.0 0.0 23.355262333621774 0.0 0.7103232583383468 2.5396043641266664e-15 0.0 8.162917206724812e-17 ""
1371 154 2005-09-25 Ia pW6 5566.371834940092 5964.995478033648 nan nan nan nan nan nan nan nan nan "Optimal parameters not found: Number of calls to function has reached maxfev = 1000."
13727 841 2006-09-24 Ia pW6 5586.359250115209 5586.359250115209 nan nan nan nan nan nan nan nan nan "Range too small. Please select a wider range"
13727 841 2006-09-24 Ia pW7 6149.9116452978315 6149.9116452978315 nan nan nan nan nan nan nan nan nan "Range too small. Please select a wider range"
13727 847 2006-09-25 Ia pW6 5685.080883751368 5884.040292515193 nan nan nan nan nan nan nan nan nan "Optimal parameters not found: Number of calls to function has reached maxfev = 1000."
13727 847 2006-09-25 Ia pW7 5884.040292515193 6248.799208582193 10249.031780548637 0.0 0.0 56.944657977949845 0.0 3.924369942782592 1.5977843058020204e-15 0.0 1.4120013736421577e-16 ""
13736 1077 2006-10-17 Ia pW6 5641.298018637175 5847.884976177608 11707.445126937066 0.0 0.0 30.064957818619288 0.0 2.384662176914589 1.009697583783404e-15 0.0 9.309956679688143e-17 ""
13736 1077 2006-10-17 Ia pW7 5847.884976177608 6396.134978881052 7870.160372810982 0.0 0.0 122.86999281816179 0.0 9.620603014425965 3.903099975826239e-15 0.0 4.0098554302259974e-16 ""
13796 875 2006-09-26 Ia pW7 5829.599203909849 6216.793995767017 10951.050017002734 0.0 0.0 18.001352454348805 0.0 2.1405807293518504 6.690007563768325e-16 0.0 8.635116864311261e-17 ""
13796 875 2006-09-26 Ia pW6 5689.241091861631 5945.757641466997 10517.143002892617 0.0 0.0 3.136333725271738 0.0 1.1193807081707146 1.4042620184542224e-16 0.0 4.999486688530447e-17 ""
13830 843 2006-09-24 Ia pW6 5632.133455395013 5801.878285274307 12586.954210875687 0.0 0.0 9.918063092372622 0.0 1.3752969541046665 3.1783417305903936e-16 0.0 4.6190115238139366e-17 ""
13830 843 2006-09-24 Ia pW7 5795.088492079135 6429.9341558276965 6672.916214016664 0.0 0.0 67.86659464525506 0.0 5.168996658015792 1.7328132588069345e-15 0.0 1.510121287166565e-16 ""
13835 941 2006-09-29 Ia pW7 5892.982970655006 6537.433698963375 5816.977244840119 0.0 0.0 136.90559095113466 0.0 9.919072471230916 2.793653150447855e-15 0.0 2.6117574607093667e-16 ""
13835 941 2006-09-29 Ia pW6 5574.378116210416 5892.982970655006 10491.318142033022 0.0 0.0 18.150737843128276 0.0 2.35832166225449 3.8467880310733306e-16 0.0 5.343634732272767e-17 ""
13956 883 2006-09-26 Ia pW6 5788.653873411594 5788.653873411594 nan nan nan nan nan nan nan nan nan "Range too small. Please select a wider range"
13956 883 2006-09-26 Ia pW7 6321.835056476705 6321.835056476705 nan nan nan nan nan nan nan nan nan "Range too small. Please select a wider range"
14024 905 2006-09-28 Ia pW6 5660.186801857769 5883.356535840902 9697.995835211279 0.0 0.0 26.73634824347154 0.0 1.2851889988811476 6.114574294124585e-16 0.0 3.3307194949469187e-17 ""
14024 905 2006-09-28 Ia pW7 5883.356535840902 6353.953583587948 10709.480907232963 0.0 0.0 92.61248451946365 0.0 5.717413098282769 2.0279423254475405e-15 0.0 1.5603666005827722e-16 ""
14108 914 2006-10-01 Ia pW7 5936.368438517177 6268.5414366126415 9284.14517739445 0.0 0.0 66.76224858230584 0.0 4.2365608595653965 3.2992585362552423e-15 0.0 2.7951018498551114e-16 ""
14108 914 2006-10-01 Ia pW6 5675.145012830459 5946.043380209277 8043.539170473167 0.0 0.0 13.468482335445906 0.0 1.7187341579325544 6.748059524230372e-16 0.0 8.926844661703046e-17 ""
14212 962 2006-10-09 Ia pW6 5618.4049642802875 5832.242929701523 10706.977548770916 0.0 0.0 10.72110544645248 0.0 1.3735222574072088 2.0958660263242452e-16 0.0 2.833259975282076e-17 ""
14212 962 2006-10-09 Ia pW7 5832.242929701523 6319.943552592067 9945.810606501575 0.0 0.0 83.22219974094615 0.0 6.21384288262092 1.5705631710371656e-15 0.0 1.4627523651216907e-16 ""
14261 1024 2006-10-15 Ia pW7 5876.175628176667 6301.40015750244 9030.298180626243 0.0 0.0 60.029943977279785 0.0 3.1678725704308364 4.3841998383214767e-16 0.0 2.7413553122326396e-17 ""
14261 1024 2006-10-15 Ia pW6 5609.757311277233 5878.265183603329 9963.249385951893 0.0 0.0 8.237718359391524 0.0 1.9515585179303176 6.924465411316836e-17 0.0 1.6799273025813346e-17 ""
14279 1080 2006-10-17 Ia pW6 5605.234399199939 5844.805990295054 11207.110143777869 0.0 0.0 13.061366317312984 0.0 0.37687695851831204 1.3673244478100727e-14 0.0 4.190697811688642e-16 ""
14279 1080 2006-10-17 Ia pW7 5844.805990295054 6397.394477784527 9708.964185487113 0.0 0.0 65.97449446619943 0.0 1.0143350515985374 6.379384413784957e-14 0.0 1.1168001038734022e-15 ""
14279 1081 2006-10-20 Ia pW6 5578.01542620576 5844.921912344077 11413.938839277855 0.0 0.0 10.229047387749954 0.0 0.6593661415049222 5.982019124701996e-15 0.0 4.0312827736686983e-16 ""
14279 1081 2006-10-20 Ia pW7 5844.921912344077 6331.80627167331 10258.6444548178 0.0 0.0 75.29477688597089 0.0 1.8765303814782837 3.7280814160024093e-14 0.0 1.1228131930005048e-15 ""
14318 1594 2006-11-26 Ia pW6 5663.026964674558 5850.435750478715 10616.772427268696 0.0 0.0 1.9628828279646175 0.0 0.22163763318730137 2.499308015859115e-16 0.0 2.849445898111796e-17 ""
14318 1594 2006-11-26 Ia pW7 5850.435750478715 6329.7118679199 11457.183103351812 0.0 0.0 48.267810046663634 0.0 0.6976195361705146 5.93819194145635e-15 0.0 9.58821901639854e-17 ""
14377 945 2006-10-01 Ia? pW6 5660.4838275859065 5876.947361100906 11518.632429009172 0.0 0.0 11.163922937446562 0.0 0.4898589687283101 7.920195864194143e-16 0.0 3.680721788705799e-17 ""
14377 945 2006-10-01 Ia? pW7 5876.947361100906 6285.822924406995 11479.666131697266 0.0 0.0 50.583848114279 0.0 1.019602059623346 3.5448038987411567e-15 0.0 8.255255298349537e-17 ""
14421 946 2006-10-02 Ia pW6 5853.869738787893 6043.638449919038 3041.275548200118 0.0 0.0 9.638823002152673 0.0 0.43948519143462206 9.656091710003461e-16 0.0 4.6504305508748094e-17 ""
14421 946 2006-10-02 Ia pW7 4453.936623886049 6042.082968680252 57260.69951894856 0.0 0.0 277.20230989787564 0.0 6.364461784639737 2.6631109542803597e-14 0.0 7.50848963539664e-16 ""
14437 955 2006-10-02 Ia pW6 5579.377922304979 5989.7687828895605 nan nan nan nan nan nan nan nan nan "Optimal parameters not found: Number of calls to function has reached maxfev = 1000."
14437 955 2006-10-02 Ia pW7 5988.178120639237 6501.962027495137 -792.6501272480733 0.0 0.0 65.78866531050271 0.0 1.8477556868267633 4.549489012298855e-15 0.0 1.469369110534651e-16 ""
14456 1018 2006-10-15 Ia pW6 5607.557667402856 5933.94237320228 11462.938162642473 0.0 0.0 41.62385169557792 0.0 2.5980462357021437 2.6758290285117654e-16 0.0 1.8910961578679785e-17 ""
14456 1018 2006-10-15 Ia pW7 5933.94237320228 6349.2492279501585 8683.882885593643 0.0 0.0 106.3747834158259 0.0 4.522016147334697 6.51829202642514e-16 0.0 3.800113711190802e-17 ""
14782 990 2006-10-16 Ia pW6 5589.672111818274 5922.04411854284 13727.828762983689 0.0 0.0 10.776714585796132 0.0 0.9337551736736617 7.504913109144975e-17 0.0 6.7309412240609904e-18 ""
14782 990 2006-10-16 Ia pW7 5922.04411854284 6278.005456118688 12839.290395897406 0.0 0.0 37.031742323672944 0.0 0.8274491060548785 2.488473167015367e-16 0.0 6.1579443590549925e-18 ""
14815 1067 2006-10-17 Ia pW6 5455.819480761499 5455.819480761499 nan nan nan nan nan nan nan nan nan "Range too small. Please select a wider range"
14815 1067 2006-10-17 Ia pW7 nan nan nan nan nan nan nan nan nan nan nan "Feature not in spectral wavelength range."
14815 978 2006-10-10 Ia pW7 5815.9156111792245 6221.543948116472 14157.473872774946 0.0 0.0 81.9670746168868 0.0 3.803747338152937 2.706642827397594e-15 0.0 1.597875439135456e-16 ""
14815 978 2006-10-10 Ia pW6 5550.905097713548 5815.9156111792245 14661.632517964787 0.0 0.0 26.082256154304066 0.0 4.970235000402885 1.0082001243727206e-15 0.0 2.125841985008838e-16 ""
14816 1071 2006-10-17 Ia pW6 5615.003443636719 5857.74354312219 11533.359594101612 0.0 0.0 16.55722336519129 0.0 1.0766549178855982 1.3628683984912746e-15 0.0 9.502386216292705e-17 ""
14816 1071 2006-10-17 Ia pW7 5857.74354312219 6391.111244712697 10418.065766452737 0.0 0.0 68.51609405760476 0.0 2.344859867501312 5.308576901705556e-15 0.0 2.0677187294655144e-16 ""
14816 979 2006-10-10 Ia pW6 5717.078095523882 5717.078095523882 nan nan nan nan nan nan nan nan nan "Range too small. Please select a wider range"
14816 979 2006-10-10 Ia pW7 5863.780869041656 5863.780869041656 nan nan nan nan nan nan nan nan nan "Range too small. Please select a wider range"
14846 1014 2006-10-15 Ia pW6 5575.215321701718 5884.6614987509765 12045.632538646423 0.0 0.0 8.682833805181163 0.0 0.8536587354277727 1.758873838750813e-17 0.0 1.7650365320135977e-18 ""
14846 1014 2006-10-15 Ia pW7 5884.6614987509765 6341.33539353931 10635.94886230959 0.0 0.0 58.53162755533581 0.0 2.419570489687866 1.0323867050573946e-16 0.0 4.865588244399852e-18 ""
14871 1222 2006-10-27 Ia pW7 5897.108803817598 6219.30022621367 14417.108747797198 0.0 0.0 51.63008107426528 0.0 5.930215927005123 3.789274652242795e-15 0.0 5.599899115230729e-16 ""
14871 1222 2006-10-27 Ia pW6 5580.424927103502 5897.108803817598 13546.606121693296 0.0 0.0 24.72433338173364 0.0 1.322590524494936 2.2996568411613434e-15 0.0 1.3236364320574012e-16 ""
14979 1009 2006-10-15 Ia pW6 5582.899602443157 5912.581182341868 15174.2780484881 0.0 0.0 19.490328078359603 0.0 1.2760195238896936 1.2646959344354755e-17 0.0 8.928126221925727e-19 ""
14979 1009 2006-10-15 Ia pW7 5912.581182341868 6305.905737836674 10343.147205386069 0.0 0.0 61.170800304085105 0.0 3.129230191975336 3.464817668530376e-17 0.0 2.117123730341717e-18 ""
14984 1027 2006-10-16 Ia pW6 5635.70971124591 5881.80441948692 9709.346563767846 0.0 0.0 11.267499357198536 0.0 0.9512198811671179 1.6093344670560616e-17 0.0 1.4295883096592877e-18 ""
14984 1027 2006-10-16 Ia pW7 5881.80441948692 6368.019649396947 8256.884289928226 0.0 0.0 73.13498373614404 0.0 3.2415230729064564 9.954901801546973e-17 0.0 5.254723606264285e-18 ""
15002 1094 2006-10-18 Ia? pW6 5463.027560139605 5463.027560139605 nan nan nan nan nan nan nan nan nan "Range too small. Please select a wider range"
15002 1094 2006-10-18 Ia? pW7 5821.11393066059 5821.11393066059 nan nan nan nan nan nan nan nan nan "Range too small. Please select a wider range"
15009 1117 2006-10-18 Ia? pW6 5362.445245680678 5362.445245680678 nan nan nan nan nan nan nan nan nan "Range too small. Please select a wider range"
15009 1117 2006-10-18 Ia? pW7 6253.468402271839 6253.468402271839 nan nan nan nan nan nan nan nan nan "Range too small. Please select a wider range"
15129 1015 2006-10-18 Ia pW6 5699.00227214642 5939.942260048206 3491.1627051710316 0.0 0.0 4.972540541070654 0.0 0.7863554368336929 2.0390633537476598e-17 0.0 3.287091318319047e-18 ""
15129 1015 2006-10-18 Ia pW7 5933.905761676138 6327.477284402489 9307.030785247378 0.0 0.0 32.81532234248973 0.0 1.9512430149972613 1.3212186239615075e-16 0.0 8.494541477804695e-18 ""
15132 1012 2006-10-16 Ia pW6 5598.159068314434 5939.97173232297 9773.99826287875 0.0 0.0 3.592703701173359 0.0 2.1960896690445315 1.7876499554967792e-17 0.0 1.110695969487436e-17 ""
15132 1012 2006-10-16 Ia pW7 5933.734851084752 6262.126659697937 11176.610436614063 0.0 0.0 70.48660980276586 0.0 2.3917931537064736 2.944322005524028e-16 0.0 1.3015446950489724e-17 ""
15132 1192 2006-10-27 Ia pW6 5929.013489189384 5929.013489189384 nan nan nan nan nan nan nan nan nan "Range too small. Please select a wider range"
15132 1192 2006-10-27 Ia pW7 5642.012941421254 5642.012941421254 nan nan nan nan nan nan nan nan nan "Range too small. Please select a wider range"
15136 1022 2006-10-15 Ia pW6 5560.761269912424 5831.860837412131 13697.364831849643 0.0 0.0 5.296657949344985 0.0 0.616772941607396 7.017254463280866e-17 0.0 8.324968422785764e-18 ""
