results/spec_class/sdss_sako18spec_0_steps.ecsv
# %ECSV 0.9
# ---
# datatype:
# - {name: obj_id, datatype: string}
# - {name: date, datatype: string}
# - {name: feat_name, datatype: string}
# - {name: vel, datatype: float64}
# - {name: vel_err, datatype: float64}
# - {name: vel_samperr, datatype: float64}
# - {name: pew, datatype: float64}
# - {name: pew_err, datatype: float64}
# - {name: pew_samperr, datatype: float64}
# - {name: area, datatype: float64}
# - {name: area_err, datatype: float64}
# - {name: area_samperr, datatype: float64}
# - {name: msg, datatype: string}
# schema: astropy-2.0
obj_id date feat_name vel vel_err vel_samperr pew pew_err pew_samperr area area_err area_samperr msg
[from data line 1190]
19051 2007-10-17 pW6 11474.99618466438 0.0 0.0 34.817690012812136 0.0 0.0 1.4592485414660227e-15 0.0 0.0 ""
19051 2007-10-17 pW7 13280.291820246339 0.0 0.0 64.60459799300111 0.0 0.0 2.839769618492008e-15 0.0 0.0 ""
19067 2007-11-02 pW6 11240.333240280292 0.0 0.0 143.21708058398173 0.0 0.0 2.4800547884979927e-15 0.0 0.0 ""
19067 2007-11-02 pW7 9407.369596454979 0.0 0.0 433.8040963859675 0.0 0.0 1.3564479769924504e-14 0.0 0.0 ""
19070 2007-10-16 pW6 7546.670775192467 0.0 0.0 73.45140051417013 0.0 0.0 1.4253554946746004e-15 0.0 0.0 ""
19070 2007-10-16 pW7 13116.005480193766 0.0 0.0 100.00395586553213 0.0 0.0 2.113940351420608e-15 0.0 0.0 ""
19101 2007-10-15 pW6 6386.000468240036 0.0 0.0 93.26073445186219 0.0 0.0 7.217920633043597e-16 0.0 0.0 ""
19101 2007-10-15 pW7 13828.562614099073 0.0 0.0 181.25226506972592 0.0 0.0 1.2291940010680428e-15 0.0 0.0 ""
19128 2007-10-14 pW6 15988.362952518328 0.0 0.0 20.3753927243728 0.0 0.0 0.19798123499811515 0.0 0.0 ""
19128 2007-10-14 pW7 9261.928177417434 0.0 0.0 197.80638562233912 0.0 0.0 1.7973515883123081 0.0 0.0 ""
19149 2007-10-17 pW6 17153.382951844473 0.0 0.0 -5.85049449142565 0.0 0.0 -3.2509337020391434e-17 0.0 0.0 ""
19149 2007-10-17 pW7 17472.055705553947 0.0 0.0 -53.09023398368521 0.0 0.0 -2.911801386026395e-16 0.0 0.0 ""
19155 2007-10-14 pW6 13216.520739617341 0.0 0.0 19.63182525290773 0.0 0.0 8.439267447958034e-16 0.0 0.0 ""
19155 2007-10-14 pW7 14126.909441128168 0.0 0.0 69.02390540941337 0.0 0.0 2.7002904153611274e-15 0.0 0.0 ""
19155 2007-10-19 pW6 11577.974798018764 0.0 0.0 16.610781046576108 0.0 0.0 3.0746985830939593e-15 0.0 0.0 ""
19155 2007-10-19 pW7 11182.84311550957 0.0 0.0 119.64181064534353 0.0 0.0 2.035993245563764e-14 0.0 0.0 ""
19155 2007-11-11 pW6 14165.19465691219 0.0 0.0 67.07264962015401 0.0 0.0 1.1474888083636451e-14 0.0 0.0 ""
19155 2007-11-11 pW7 11527.429124784934 0.0 0.0 85.85349630379926 0.0 0.0 1.2014473949427724e-14 0.0 0.0 ""
19155 2007-11-16 pW6 nan nan nan nan nan nan nan nan nan "Range too small. Please select a wider range"
19155 2007-11-16 pW7 nan nan nan nan nan nan nan nan nan "Range too small. Please select a wider range"
19155 2007-11-17 pW6 13222.525936823522 0.0 0.0 46.310660885610616 0.0 0.0 2.854135528768516e-15 0.0 0.0 ""
19155 2007-11-17 pW7 -1673.2954675677372 0.0 0.0 330.94406497362763 0.0 0.0 3.350816078953395e-14 0.0 0.0 ""
19155 2007-12-03 pW6 14028.260444503996 0.0 0.0 47.120777966095204 0.0 0.0 9.591980681997153e-15 0.0 0.0 ""
19155 2007-12-03 pW7 4292.259720727956 0.0 0.0 314.5426947915553 0.0 0.0 5.0448242757852275e-14 0.0 0.0 ""
19155 2007-12-07 pW6 14043.16752096186 0.0 0.0 41.36191262993728 0.0 0.0 1.9749294937515645e-15 0.0 0.0 ""
19155 2007-12-07 pW7 7416.525743977832 0.0 0.0 237.16537236085355 0.0 0.0 1.22629711640755e-14 0.0 0.0 ""
19174 2007-11-04 pW6 11680.747534612537 0.0 0.0 43.22416884068258 0.0 0.0 4.10515963000172e-15 0.0 0.0 ""
19174 2007-11-04 pW7 13167.409965888344 0.0 0.0 72.20420733960964 0.0 0.0 6.69415062844797e-15 0.0 0.0 ""
19207 2007-10-19 pW6 12524.940171237069 0.0 0.0 43.76587435848006 0.0 0.0 3.025936603906575e-16 0.0 0.0 ""
19207 2007-10-19 pW7 4218.250161795727 0.0 0.0 465.5380699315299 0.0 0.0 1.0658280146007718e-14 0.0 0.0 ""
19211 2007-10-31 pW6 11440.71422062486 0.0 0.0 179.66496341555813 0.0 0.0 5.366749932106699e-15 0.0 0.0 ""
19211 2007-10-31 pW7 18528.292356404825 0.0 0.0 108.09694707506446 0.0 0.0 3.2527819948908213e-15 0.0 0.0 ""
19220 2007-11-04 pW6 13590.379508115568 0.0 0.0 12.840777870124583 0.0 0.0 1.5238594999944515e-15 0.0 0.0 ""
19220 2007-11-04 pW7 5216.1818866824315 0.0 0.0 92.99920643184066 0.0 0.0 1.1699049439506019e-14 0.0 0.0 ""
19221 2007-10-15 pW6 12644.137172433262 0.0 0.0 43.06306978593204 0.0 0.0 1.0663652059690487e-15 0.0 0.0 ""
19221 2007-10-15 pW7 10265.761133729007 0.0 0.0 148.84812577964067 0.0 0.0 2.700112582123515e-15 0.0 0.0 ""
19222 2007-10-17 pW6 16663.364089630926 0.0 0.0 50.26821145020995 0.0 0.0 1.9619536983673642e-16 0.0 0.0 ""
19222 2007-10-17 pW7 15034.492027578492 0.0 0.0 169.8342905309513 0.0 0.0 7.479875044323994e-16 0.0 0.0 ""
19222 2007-10-19 pW6 18773.323127798016 0.0 0.0 59.74483458505023 0.0 0.0 1.6845032485026754e-16 0.0 0.0 ""
19222 2007-10-19 pW7 11640.926757460282 0.0 0.0 259.7303836577428 0.0 0.0 8.080711154929009e-16 0.0 0.0 ""
19230 2007-10-15 pW6 12790.03604606112 0.0 0.0 31.365637824318526 0.0 0.0 5.747687143281058e-16 0.0 0.0 ""
19230 2007-10-15 pW7 9891.943389080154 0.0 0.0 96.57679518800398 0.0 0.0 1.7157255777329723e-15 0.0 0.0 ""
19282 2007-10-15 pW6 nan nan nan nan nan nan nan nan nan "Optimal parameters not found: Number of calls to function has reached maxfev = 1000."
19282 2007-10-15 pW7 12663.24264065152 0.0 0.0 73.31155027723969 0.0 0.0 6.959044516597745e-16 0.0 0.0 ""
19323 2007-10-17 pW6 16527.66327078325 0.0 0.0 8.036006635433523 0.0 0.0 1.3129999388450373e-16 0.0 0.0 ""
19323 2007-10-17 pW7 125.80580057782299 0.0 0.0 221.81168425060548 0.0 0.0 4.178873745949135e-15 0.0 0.0 ""
19341 2007-10-17 pW6 12159.363464838108 0.0 0.0 23.43498777956333 0.0 0.0 2.174628147610466e-16 0.0 0.0 ""
19341 2007-10-17 pW7 12664.984938680454 0.0 0.0 119.44560796764262 0.0 0.0 1.1668815059681566e-15 0.0 0.0 ""
19353 2007-10-17 pW6 18271.09639458707 0.0 0.0 18.550874602598185 0.0 0.0 4.727255531862527e-16 0.0 0.0 ""
19353 2007-10-17 pW7 11438.854495197937 0.0 0.0 177.72912715034545 0.0 0.0 4.728797503666507e-15 0.0 0.0 ""
19365 2007-11-03 pW6 13044.297717139038 0.0 0.0 22.45951630957765 0.0 0.0 1.716975365808986e-16 0.0 0.0 ""
19365 2007-11-03 pW7 2124.427176143413 0.0 0.0 113.68947766331667 0.0 0.0 9.031132820734499e-16 0.0 0.0 ""
19381 2007-10-17 pW6 11023.021237850295 0.0 0.0 43.339594815939506 0.0 0.0 3.7064911222463625e-16 0.0 0.0 ""
19381 2007-10-17 pW7 10169.804606075793 0.0 0.0 187.00229320770782 0.0 0.0 1.811634830238993e-15 0.0 0.0 ""
19389 2007-10-19 pW6 7153.240306433072 0.0 0.0 208.93168711433105 0.0 0.0 2.339475495129816e-15 0.0 0.0 ""
19389 2007-10-19 pW7 8319.833306117762 0.0 0.0 320.18820868694917 0.0 0.0 7.596507925209424e-15 0.0 0.0 ""
19425 2007-11-03 pW6 -3966.0712247240494 0.0 0.0 9.261554889837441 0.0 0.0 9.785068285386052e-16 0.0 0.0 ""
19425 2007-11-03 pW7 9284.366883043973 0.0 0.0 65.32466234838853 0.0 0.0 6.984243059675603e-15 0.0 0.0 ""
19504 2007-11-03 pW6 10888.185236624788 0.0 0.0 112.26806025423124 0.0 0.0 7.354464709505638e-16 0.0 0.0 ""
19504 2007-11-03 pW7 3022.6198040399386 0.0 0.0 451.9216814779106 0.0 0.0 5.353338259343726e-15 0.0 0.0 ""
19543 2007-10-27 pW6 13316.45354825795 0.0 0.0 37.12581915758386 0.0 0.0 2.8985280529703537e-15 0.0 0.0 ""
19543 2007-10-27 pW7 nan nan nan nan nan nan nan nan nan "Feature not in spectral wavelength range."
19596 2007-11-08 pW6 12025.073333954628 0.0 0.0 120.73681429201966 0.0 0.0 1.316282561372792e-15 0.0 0.0 ""
19596 2007-11-08 pW7 8745.87649461448 0.0 0.0 444.4837133631464 0.0 0.0 6.846835581408229e-15 0.0 0.0 ""
19604 2007-10-31 pW6 13107.560800904197 0.0 0.0 189.19443917206647 0.0 0.0 1.5668756664924163e-15 0.0 0.0 ""
19604 2007-10-31 pW7 7712.976056330914 0.0 0.0 285.35913591776915 0.0 0.0 1.764525159984775e-15 0.0 0.0 ""
19616 2007-10-28 pW6 12288.993428499736 0.0 0.0 141.03363037409176 0.0 0.0 5.2876525037399534e-15 0.0 0.0 ""
19616 2007-10-28 pW7 nan nan nan nan nan nan nan nan nan "Feature not in spectral wavelength range."
19625 2007-11-07 pW6 15093.156379276665 0.0 0.0 99.12607433488625 0.0 0.0 4.9655530049761936e-15 0.0 0.0 ""
19625 2007-11-07 pW7 7984.881896351712 0.0 0.0 207.88676815543826 0.0 0.0 1.308992056399795e-14 0.0 0.0 ""
19626 2007-11-04 pW6 11537.315762924973 0.0 0.0 22.584826846605495 0.0 0.0 1.716837852859445e-15 0.0 0.0 ""
19626 2007-11-04 pW7 -3612.680144389031 0.0 0.0 362.3678800003349 0.0 0.0 5.549612690636511e-14 0.0 0.0 ""
19632 2007-11-05 pW6 15148.563507228204 0.0 0.0 17.896518277272946 0.0 0.0 9.695206501699182e-16 0.0 0.0 ""
19632 2007-11-05 pW7 1111.2276372014226 0.0 0.0 187.69459025828473 0.0 0.0 1.1902351654332256e-14 0.0 0.0 ""
19658 2007-11-05 pW6 14643.631081045021 0.0 0.0 6.643547060205606 0.0 0.0 1.6701788614533343e-16 0.0 0.0 ""
19658 2007-11-05 pW7 nan nan nan nan nan nan nan nan nan "Feature not in spectral wavelength range."
19702 2007-11-10 pW6 12590.69672264468 0.0 0.0 71.87031058065858 0.0 0.0 6.7858754205715295e-15 0.0 0.0 ""
19702 2007-11-10 pW7 2960.9198483974433 0.0 0.0 313.64631351661 0.0 0.0 3.791182499731263e-14 0.0 0.0 ""
19757 2007-11-05 pW6 13237.61647219297 0.0 0.0 190.74011441374768 0.0 0.0 2.7078469504961972e-15 0.0 0.0 ""
19757 2007-11-05 pW7 8065.768637919684 0.0 0.0 381.6322564907088 0.0 0.0 8.191255744623997e-15 0.0 0.0 ""
19775 2007-11-03 pW6 11903.853983530567 0.0 0.0 16.568290625594273 0.0 0.0 7.320114960443859e-16 0.0 0.0 ""
19775 2007-11-03 pW7 1250.3258554510705 0.0 0.0 213.3392443744308 0.0 0.0 1.1829852383061036e-14 0.0 0.0 ""
19794 2007-11-04 pW6 14918.226787491858 0.0 0.0 60.76775846488289 0.0 0.0 4.212929779151519e-16 0.0 0.0 ""
19794 2007-11-04 pW7 11129.015457181556 0.0 0.0 167.194086434884 0.0 0.0 1.1668068332672594e-15 0.0 0.0 ""
19818 2007-11-04 pW6 19842.298802691043 0.0 0.0 72.860059265551 0.0 0.0 2.86356001547007e-15 0.0 0.0 ""
19818 2007-11-04 pW7 -343.3973888916599 0.0 0.0 317.80312547574584 0.0 0.0 1.840608952578898e-14 0.0 0.0 ""
19849 2007-11-05 pW6 nan nan nan nan nan nan nan nan nan "zero-size array to reduction operation maximum which has no identity"
19849 2007-11-05 pW7 nan nan nan nan nan nan nan nan nan "zero-size array to reduction operation maximum which has no identity"
19899 2007-11-12 pW6 10477.059215968442 0.0 0.0 5.363443328665113 0.0 0.0 6.997551375621889e-16 0.0 0.0 ""
19899 2007-11-12 pW7 10216.351048934546 0.0 0.0 64.05665569956125 0.0 0.0 6.6211068334479775e-15 0.0 0.0 ""
19899 2007-11-15 pW6 nan nan nan nan nan nan nan nan nan "Range too small. Please select a wider range"
19899 2007-11-15 pW7 nan nan nan nan nan nan nan nan nan "Range too small. Please select a wider range"
19899 2007-11-23 pW6 10965.114973215896 0.0 0.0 61.224235969760684 0.0 0.0 7.596711347249868e-15 0.0 0.0 ""
19899 2007-11-23 pW7 20657.883285448283 0.0 0.0 149.7304396144557 0.0 0.0 1.5113429385202483e-14 0.0 0.0 ""
19899 2007-12-03 pW6 14935.417387713513 0.0 0.0 131.7777803134647 0.0 0.0 3.3650019434561315e-15 0.0 0.0 ""
19899 2007-12-03 pW7 4730.938553721313 0.0 0.0 461.75301992935215 0.0 0.0 6.890103224612702e-15 0.0 0.0 ""
19913 2007-11-14 pW6 12793.241152520734 0.0 0.0 70.13083668824996 0.0 0.0 8.14268014050223e-16 0.0 0.0 ""
19913 2007-11-14 pW7 8675.723482678428 0.0 0.0 341.2801103832892 0.0 0.0 5.6955961200548665e-15 0.0 0.0 ""
19940 2007-11-03 pW6 16985.319481864968 0.0 0.0 19.674706571339925 0.0 0.0 7.043561936500809e-16 0.0 0.0 ""
19940 2007-11-03 pW7 8237.981995247368 0.0 0.0 109.89536398909377 0.0 0.0 3.3343934297433626e-15 0.0 0.0 ""
19953 2007-11-03 pW6 14146.32378304403 0.0 0.0 3.4077087291511248 0.0 0.0 1.7450458982517495e-16 0.0 0.0 ""
19953 2007-11-03 pW7 10441.70483344613 0.0 0.0 76.83367494166407 0.0 0.0 2.943033736433507e-15 0.0 0.0 ""
19953 2007-11-15 pW6 nan nan nan nan nan nan nan nan nan "Range too small. Please select a wider range"
19953 2007-11-15 pW7 nan nan nan nan nan nan nan nan nan "Range too small. Please select a wider range"
19953 2007-11-25 pW6 12562.048447960826 0.0 0.0 84.59352259168918 0.0 0.0 5.100214613128901e-15 0.0 0.0 ""
19953 2007-11-25 pW7 nan nan nan nan nan nan nan nan nan "Feature not in spectral wavelength range."
19953 2007-12-03 pW6 14855.596400995651 0.0 0.0 80.14553325182663 0.0 0.0 4.460801136455678e-15 0.0 0.0 ""
19953 2007-12-03 pW7 2244.307324597945 0.0 0.0 370.5536466276943 0.0 0.0 2.1589747606133325e-14 0.0 0.0 ""
19968 2007-11-02 pW6 12003.884128078622 0.0 0.0 22.31567344510171 0.0 0.0 6.009930363601419e-15 0.0 0.0 ""
19968 2007-11-02 pW7 11530.127978988288 0.0 0.0 61.60009825711694 0.0 0.0 1.5786555841657734e-14 0.0 0.0 ""
19968 2007-11-09 pW6 11057.938570930039 0.0 0.0 21.771424713088976 0.0 0.0 8.342565923287465e-15 0.0 0.0 ""
19968 2007-11-09 pW7 10520.505122302167 0.0 0.0 75.45034670002536 0.0 0.0 2.6068238730976777e-14 0.0 0.0 ""
19968 2007-11-14 pW6 nan nan nan nan nan nan nan nan nan "Range too small. Please select a wider range"
19968 2007-11-14 pW7 nan nan nan nan nan nan nan nan nan "Range too small. Please select a wider range"
19968 2007-12-03 pW6 14598.570816999365 0.0 0.0 19.223387653089475 0.0 0.0 2.688208160984752e-14 0.0 0.0 ""
19968 2007-12-03 pW7 13832.947124593322 0.0 0.0 22.927710864489427 0.0 0.0 2.3379205998016414e-14 0.0 0.0 ""
19969 2007-11-04 pW6 15318.276902260164 0.0 0.0 20.439022240355598 0.0 0.0 1.706144560543487e-16 0.0 0.0 ""
19969 2007-11-04 pW7 nan nan nan nan nan nan nan nan nan "Feature not in spectral wavelength range."
19969 2007-11-08 pW6 11301.045404758786 0.0 0.0 15.673232387809776 0.0 0.0 9.504252884916909e-16 0.0 0.0 ""
19969 2007-11-08 pW7 -1678.3675086947537 0.0 0.0 404.9740305356976 0.0 0.0 4.6261182985737784e-14 0.0 0.0 ""
19990 2007-11-08 pW6 11889.735216685374 0.0 0.0 63.410257493548045 0.0 0.0 1.4336143646500203e-15 0.0 0.0 ""
19990 2007-11-08 pW7 10340.610319426976 0.0 0.0 203.9950711331456 0.0 0.0 4.835614919262857e-15 0.0 0.0 ""
19992 2007-11-04 pW6 11782.124898100748 0.0 0.0 189.29386316708047 0.0 0.0 4.7929859738329534e-15 0.0 0.0 ""
19992 2007-11-04 pW7 nan nan nan nan nan nan nan nan nan "Feature not in spectral wavelength range."
2000 2005-10-22 pW6 10829.4156123659 0.0 0.0 75.32515683685881 0.0 0.0 1.5394458588963157e-14 0.0 0.0 ""
2000 2005-10-22 pW7 -3812.6887955199195 0.0 0.0 318.43823622615076 0.0 0.0 1.147058887267782e-13 0.0 0.0 ""
20038 2007-11-08 pW6 12978.949513122338 0.0 0.0 40.86643250883611 0.0 0.0 2.186280377587566e-15 0.0 0.0 ""
20038 2007-11-08 pW7 -5577.992067356196 0.0 0.0 230.38868776773245 0.0 0.0 1.4789238027475442e-14 0.0 0.0 ""
20039 2007-11-14 pW6 17935.77351662793 0.0 0.0 18.35314840283752 0.0 0.0 2.7526162364312154e-16 0.0 0.0 ""
20039 2007-11-14 pW7 8495.274549894664 0.0 0.0 271.56839651741365 0.0 0.0 4.856356878276049e-15 0.0 0.0 ""
20040 2007-11-15 pW6 13466.104330929575 0.0 0.0 -49.88901162204627 0.0 0.0 -2.5334841284442215e-16 0.0 0.0 ""
20040 2007-11-15 pW7 15189.822455663498 0.0 0.0 40.45019557812782 0.0 0.0 7.821391196516965e-16 0.0 0.0 ""
20048 2007-11-08 pW6 12918.500331694853 0.0 0.0 6.890882190718116 0.0 0.0 9.52225739567223e-16 0.0 0.0 ""
20048 2007-11-08 pW7 9634.624824487752 0.0 0.0 24.86788091290282 0.0 0.0 3.3674102809969387e-15 0.0 0.0 ""
20051 2007-11-10 pW6 973.5688017571017 0.0 0.0 28.362214314947067 0.0 0.0 7.592130149443768e-16 0.0 0.0 ""
20051 2007-11-10 pW7 1581.8391289705153 0.0 0.0 205.15261898975592 0.0 0.0 5.893158442159519e-15 0.0 0.0 ""
20064 2007-11-02 pW6 7515.297690290724 0.0 0.0 7.946407472452734 0.0 0.0 1.2034726958151498e-15 0.0 0.0 ""
20064 2007-11-02 pW7 1633.0106819729624 0.0 0.0 117.42132500791888 0.0 0.0 2.2438803472332926e-14 0.0 0.0 ""
20064 2007-12-02 pW6 nan nan nan nan nan nan nan nan nan "Feature not in spectral wavelength range."
20064 2007-12-02 pW7 nan nan nan nan nan nan nan nan nan "Feature not in spectral wavelength range."
20084 2007-11-04 pW6 3164.9713904943674 0.0 0.0 147.708094573921 0.0 0.0 6.082112211478891e-16 0.0 0.0 ""
20084 2007-11-04 pW7 10358.830804392139 0.0 0.0 251.9109523463232 0.0 0.0 1.0099429713654585e-15 0.0 0.0 ""
20088 2007-11-14 pW6 15022.95554583688 0.0 0.0 26.881697808696288 0.0 0.0 1.4675480296582342e-15 0.0 0.0 ""
20088 2007-11-14 pW7 5431.476862622663 0.0 0.0 143.19032981918224 0.0 0.0 8.413216312859169e-15 0.0 0.0 ""
20097 2007-11-15 pW6 7162.244655885477 0.0 0.0 283.63895040724526 0.0 0.0 8.448087372215786e-16 0.0 0.0 ""
20097 2007-11-15 pW7 13243.884956699116 0.0 0.0 1215.6250006888922 0.0 0.0 -1.628717621883963e-18 0.0 0.0 ""
20106 2007-11-06 pW6 -3147.045678455179 0.0 0.0 28.450124235386966 0.0 0.0 4.7693061803979804e-15 0.0 0.0 ""
20106 2007-11-06 pW7 7637.794762975289 0.0 0.0 305.1894544260833 0.0 0.0 7.390218499605993e-14 0.0 0.0 ""
