results/spec_class/sdss_sako18spec_5_steps.ecsv
# %ECSV 0.9
# ---
# datatype:
# - {name: obj_id, datatype: string}
# - {name: date, datatype: string}
# - {name: feat_name, datatype: string}
# - {name: vel, datatype: float64}
# - {name: vel_err, datatype: float64}
# - {name: vel_samperr, datatype: float64}
# - {name: pew, datatype: float64}
# - {name: pew_err, datatype: float64}
# - {name: pew_samperr, datatype: float64}
# - {name: area, datatype: float64}
# - {name: area_err, datatype: float64}
# - {name: area_samperr, datatype: float64}
# - {name: msg, datatype: string}
# schema: astropy-2.0
obj_id date feat_name vel vel_err vel_samperr pew pew_err pew_samperr area area_err area_samperr msg
[from data line 1636]
4524 2005-10-07 pW6 nan nan nan nan nan nan nan nan nan "Optimal parameters not found: Number of calls to function has reached maxfev = 1000."
4524 2005-10-07 pW7 -863.8632831827346 0.0 0.0 211.42388691544448 0.0 61.58742048519149 1.5602934486291284e-13 0.0 7.062354302177212e-14 ""
4524 2005-10-12 pW6 nan nan nan nan nan nan nan nan nan "Optimal parameters not found: Number of calls to function has reached maxfev = 1000."
4524 2005-10-12 pW7 -193.30763626542503 0.0 0.0 227.04153024311188 0.0 67.62647613520357 1.5467656212293864e-13 0.0 7.29506044215304e-14 ""
4524 2005-10-22 pW6 nan nan nan nan nan nan nan nan nan "Optimal parameters not found: Number of calls to function has reached maxfev = 1000."
4524 2005-10-22 pW7 -267.4326292421325 0.0 0.0 208.3215801869408 0.0 64.19099195347808 1.594678572280208e-13 0.0 7.726465234437537e-14 ""
4524 2005-10-25 pW6 10556.428450403399 0.0 0.0 2.608626769860891 0.0 9.052535834946513 1.0814027884924376e-15 0.0 3.3969104992020034e-15 ""
4524 2005-10-25 pW7 -289.83034648977446 0.0 0.0 192.59330037578073 0.0 51.595659576232585 8.567533492702074e-14 0.0 3.5257465560940904e-14 ""
4524 2005-11-02 pW6 12624.33078669244 0.0 0.0 6.454031392042377 0.0 4.1523973706674235 3.641092811140671e-15 0.0 2.3631999852298802e-15 ""
4524 2005-11-02 pW7 329.6599140487616 0.0 0.0 185.0084619727842 0.0 53.81234273462824 1.2171597561652613e-13 0.0 5.197180928178965e-14 ""
4524 2005-11-10 pW6 13036.666631549757 0.0 0.0 -14.941280592599224 0.0 23.903349768993227 -1.8135976983021277e-15 0.0 3.59104868051951e-15 ""
4524 2005-11-10 pW7 nan nan nan nan nan nan nan nan nan "Optimal parameters not found: Number of calls to function has reached maxfev = 1000."
4524 2005-11-12 pW6 11728.937192647367 0.0 0.0 3.266031487704386 0.0 2.7251899549764604 2.929954043737238e-15 0.0 2.4507755873949272e-15 ""
4524 2005-11-12 pW7 816.3153247797936 0.0 0.0 173.59513660583465 0.0 55.61538991384869 1.8101939843132472e-13 0.0 8.561410550790211e-14 ""
4524 2005-11-26 pW6 11942.803497244502 0.0 0.0 3.232331034665564 0.0 3.8197600872362085 1.5475173176832647e-15 0.0 1.8653803461087265e-15 ""
4524 2005-11-26 pW7 875.7546147801627 0.0 0.0 179.65889579358796 0.0 55.05982565632175 1.0406672982583876e-13 0.0 4.618550839189628e-14 ""
4524 2005-11-28 pW6 11801.034551376164 0.0 0.0 5.9117147762007605 0.0 4.82748388650227 2.7430775611328544e-15 0.0 2.264558920529047e-15 ""
4524 2005-11-28 pW7 539.7031838088247 0.0 0.0 178.26146210568257 0.0 46.42612122278204 9.862624863058078e-14 0.0 3.756426617424697e-14 ""
4524 2005-12-08 pW6 10711.9019901402 0.0 0.0 14.83470638037443 0.0 5.34782464241006 6.3262903931113996e-15 0.0 2.394068175671677e-15 ""
4524 2005-12-08 pW7 1011.1524474918216 0.0 0.0 193.27279895994184 0.0 42.82230083043563 1.0531630001340887e-13 0.0 3.5600499018123883e-14 ""
4524 2005-12-25 pW6 10764.365725266262 0.0 0.0 25.364038870316644 0.0 5.662508006701046 1.0078293390936019e-14 0.0 2.5128748739799887e-15 ""
4524 2005-12-25 pW7 411.6077143925543 0.0 0.0 203.59791697452388 0.0 45.85870805284367 1.0991294400484393e-13 0.0 3.922127442257972e-14 ""
4524 2006-10-11 pW6 nan nan nan nan nan nan nan nan nan "Optimal parameters not found: Number of calls to function has reached maxfev = 1000."
4524 2006-10-11 pW7 1824.9212204848022 0.0 0.0 305.09217034963217 0.0 59.10323579003905 4.7081484389187e-14 0.0 1.1868285668427707e-14 ""
4577 2005-10-08 pW6 nan nan nan nan nan nan nan nan nan "Optimal parameters not found: Number of calls to function has reached maxfev = 1000."
4577 2005-10-08 pW7 nan nan nan nan nan nan nan nan nan "Optimal parameters not found: Number of calls to function has reached maxfev = 1000."
4679 2005-10-08 pW6 6673.962158334574 0.0 0.0 -12.22902250818009 0.0 1266.6486845789943 1.7484621533334957e-15 0.0 2.1763870565062506e-15 ""
4679 2005-10-08 pW7 nan nan nan nan nan nan nan nan nan "Optimal parameters not found: Number of calls to function has reached maxfev = 1000."
5103 2005-10-05 pW6 nan nan nan nan nan nan nan nan nan "Optimal parameters not found: Number of calls to function has reached maxfev = 1000."
5103 2005-10-05 pW7 nan nan nan nan nan nan nan nan nan "Optimal parameters not found: Number of calls to function has reached maxfev = 1000."
5183 2005-10-08 pW6 nan nan nan nan nan nan nan nan nan "Optimal parameters not found: Number of calls to function has reached maxfev = 1000."
5183 2005-10-08 pW7 nan nan nan nan nan nan nan nan nan "Optimal parameters not found: Number of calls to function has reached maxfev = 1000."
5350 2005-10-22 pW6 10136.905756423212 0.0 0.0 18.13432880715206 0.0 17.307818545544052 2.2514095233561426e-15 0.0 2.038970048971062e-15 ""
5350 2005-10-22 pW7 nan nan nan nan nan nan nan nan nan "Optimal parameters not found: Number of calls to function has reached maxfev = 1000."
5391 2005-10-26 pW6 11094.678593391263 0.0 0.0 41.43492349024361 0.0 43.72797780619919 2.1055483039160935e-16 0.0 1.915998136898965e-16 ""
5391 2005-10-26 pW7 nan nan nan nan nan nan nan nan nan "Optimal parameters not found: Number of calls to function has reached maxfev = 1000."
5395 2005-10-23 pW6 7888.51316286959 0.0 0.0 24.837674952353208 0.0 33.11848906607932 2.479371868305127e-15 0.0 2.860937812369385e-15 ""
5395 2005-10-23 pW7 nan nan nan nan nan nan nan nan nan "Feature not in spectral wavelength range."
5533 2005-10-26 pW6 10989.023004461631 0.0 0.0 28.60165247419319 0.0 30.011981936781538 3.164625750173757e-16 0.0 3.003549550297513e-16 ""
5533 2005-10-26 pW7 -1661.0922009368255 0.0 0.0 139.33429568362925 0.0 75.30126488505847 1.3294887957226456e-15 0.0 8.548644204765471e-16 ""
5549 2005-10-22 pW6 nan nan nan nan nan nan nan nan nan "Optimal parameters not found: Number of calls to function has reached maxfev = 1000."
5549 2005-10-22 pW7 nan nan nan nan nan nan nan nan nan "Feature not in spectral wavelength range."
5550 2005-10-24 pW6 9635.53059013303 0.0 0.0 18.434626213583265 0.0 38.577224377276664 1.1531768915482607e-15 0.0 1.7260168492895564e-15 ""
5550 2005-10-24 pW7 6521.884498250688 0.0 0.0 120.12595098479514 0.0 76.61741750789064 6.5723397056915075e-15 0.0 5.008972586660856e-15 ""
5588 2005-10-27 pW6 nan nan nan nan nan nan nan nan nan "Optimal parameters not found: Number of calls to function has reached maxfev = 1000."
5588 2005-10-27 pW7 nan nan nan nan nan nan nan nan nan "Optimal parameters not found: Number of calls to function has reached maxfev = 1000."
5635 2005-10-23 pW6 nan nan nan nan nan nan nan nan nan "Optimal parameters not found: Number of calls to function has reached maxfev = 1000."
5635 2005-10-23 pW7 nan nan nan nan nan nan nan nan nan "Optimal parameters not found: Number of calls to function has reached maxfev = 1000."
5717 2005-10-27 pW6 11854.794470784733 0.0 0.0 11.489012245080087 0.0 9.788940783804197 1.3051882920921106e-16 0.0 1.1316867688175782e-16 ""
5717 2005-10-27 pW7 5188.228332510384 0.0 0.0 226.18345228133902 0.0 120.39525670706949 3.2289716763805312e-15 0.0 2.2472190210205762e-15 ""
5736 2005-11-05 pW6 11334.381088970484 0.0 0.0 55.847927234079286 0.0 42.79771543577944 2.812359120002771e-15 0.0 2.3562816538431077e-15 ""
5736 2005-11-05 pW7 8913.860309370924 0.0 0.0 185.2363795898078 0.0 99.93809840828 8.528154528030806e-15 0.0 5.487347235617389e-15 ""
5737 2005-10-27 pW6 6251.4497879207165 0.0 0.0 31.84489475724577 0.0 112.8017789936108 3.251187862917559e-16 0.0 4.906763873129455e-16 ""
5737 2005-10-27 pW7 nan nan nan nan nan nan nan nan nan "Feature not in spectral wavelength range."
5751 2005-10-24 pW6 9144.755487669658 0.0 0.0 15.423535729831908 0.0 19.594815954921625 7.063689950974002e-16 0.0 8.421539449707739e-16 ""
5751 2005-10-24 pW7 -2180.6659449818317 0.0 0.0 204.29267880631122 0.0 51.497885926134686 1.0967656050317828e-14 0.0 3.845227895431434e-15 ""
5751 2005-11-27 pW6 12640.761897439479 0.0 0.0 16.465746842024473 0.0 11.282066629617999 3.4609011506941557e-16 0.0 2.4751103845420207e-16 ""
5751 2005-11-27 pW7 4153.389348904521 0.0 0.0 218.37068386386696 0.0 67.74965215806839 6.0843875697537964e-15 0.0 2.721640411843195e-15 ""
5821 2005-10-25 pW6 nan nan nan nan nan nan nan nan nan "Optimal parameters not found: Number of calls to function has reached maxfev = 1000."
5821 2005-10-25 pW7 nan nan nan nan nan nan nan nan nan "Optimal parameters not found: Number of calls to function has reached maxfev = 1000."
5821 2005-10-27 pW6 nan nan nan nan nan nan nan nan nan "Optimal parameters not found: Number of calls to function has reached maxfev = 1000."
5821 2005-10-27 pW7 nan nan nan nan nan nan nan nan nan "Optimal parameters not found: Number of calls to function has reached maxfev = 1000."
5844 2005-10-26 pW6 nan nan nan nan nan nan nan nan nan "Optimal parameters not found: Number of calls to function has reached maxfev = 1000."
5844 2005-10-26 pW7 9981.79309526013 0.0 0.0 70.08827535831998 0.0 97.35342363868182 5.238149848337409e-16 0.0 6.253016849422201e-16 ""
5916 2005-10-25 pW6 nan nan nan nan nan nan nan nan nan "Optimal parameters not found: Number of calls to function has reached maxfev = 1000."
5916 2005-10-25 pW7 nan nan nan nan nan nan nan nan nan "Feature not in spectral wavelength range."
5916 2005-10-31 pW6 13713.06698081651 0.0 0.0 12.48517396741542 0.0 17.549876775817335 9.149940114117673e-16 0.0 1.1622663856607332e-15 ""
5916 2005-10-31 pW7 5796.986614550432 0.0 0.0 76.4458627835835 0.0 88.13027842152363 6.852010208398549e-15 0.0 6.6874834707735165e-15 ""
5944 2005-10-22 pW6 10046.859362848361 0.0 0.0 4.913670756884215 0.0 6.789547281153815 1.7216543551821763e-15 0.0 2.3927733866204037e-15 ""
5944 2005-10-22 pW7 10699.935928969238 0.0 0.0 65.47200066451401 0.0 9.146824996716132 1.790313258205008e-14 0.0 3.129542023877146e-15 ""
5944 2005-10-24 pW6 11270.527965574936 0.0 0.0 10.550686012931019 0.0 4.20601790600608 2.9647362065401413e-15 0.0 1.2316995022949904e-15 ""
5944 2005-10-24 pW7 10483.162642788002 0.0 0.0 71.96718886236059 0.0 10.471598068230474 1.521091342266636e-14 0.0 2.6938811345652127e-15 ""
5944 2005-11-27 pW6 13497.387217445172 0.0 0.0 59.929127593105456 0.0 10.210712392843199 2.0435939456480143e-15 0.0 4.722171187235482e-16 ""
5944 2005-11-27 pW7 nan nan nan nan nan nan nan nan nan "Optimal parameters not found: Number of calls to function has reached maxfev = 1000."
5957 2005-10-26 pW6 7333.014331083677 0.0 0.0 45.89679060389585 0.0 65.99349641912679 1.91812859807684e-16 0.0 1.9056995855919838e-16 ""
5957 2005-10-26 pW7 9615.07463779307 0.0 0.0 97.37758478988093 0.0 55.97180638261654 3.060149160571467e-16 0.0 1.8232223981285723e-16 ""
5966 2005-10-30 pW6 nan nan nan nan nan nan nan nan nan "Optimal parameters not found: Number of calls to function has reached maxfev = 1000."
5966 2005-10-30 pW7 nan nan nan nan nan nan nan nan nan "Optimal parameters not found: Number of calls to function has reached maxfev = 1000."
5994 2005-10-23 pW6 12547.601030628037 0.0 0.0 16.40027145166685 0.0 17.60986691841688 4.2057746629541456e-16 0.0 4.486023171273033e-16 ""
5994 2005-10-23 pW7 9093.768824802266 0.0 0.0 146.59186616246825 0.0 63.49246170620819 2.9629050562171674e-15 0.0 1.7025861000384254e-15 ""
6057 2005-10-23 pW6 11359.895054301936 0.0 0.0 5.393714056611295 0.0 8.378603532973495 1.440892576484369e-15 0.0 2.2712096293157536e-15 ""
6057 2005-10-23 pW7 9554.325113057195 0.0 0.0 164.0809727102146 0.0 75.16005016519318 4.527351754539668e-14 0.0 2.7257146490524157e-14 ""
6057 2005-11-26 pW6 13813.478420971875 0.0 0.0 30.513083212516236 0.0 5.325832168592404 1.7457566457414135e-15 0.0 3.4050934246578454e-16 ""
6057 2005-11-26 pW7 3047.2374229829256 0.0 0.0 341.56050667397113 0.0 83.91696722277004 3.419360350736551e-14 0.0 1.4152480585052875e-14 ""
6100 2005-11-04 pW6 12246.667763228586 0.0 0.0 9.830270224201815 0.0 26.41123210538913 7.706834077507078e-16 0.0 1.576614885680267e-15 ""
6100 2005-11-04 pW7 nan nan nan nan nan nan nan nan nan "Optimal parameters not found: Number of calls to function has reached maxfev = 1000."
6108 2005-10-28 pW6 13927.126676629268 0.0 0.0 5.427218528171612 0.0 97.21713186817394 1.3588576581412602e-16 0.0 2.6429110060041776e-16 ""
6108 2005-10-28 pW7 1412.9306616210158 0.0 0.0 216.72474255391828 0.0 231.3972944602599 1.6380783265098321e-15 0.0 1.195733286265393e-15 ""
6127 2005-10-30 pW6 nan nan nan nan nan nan nan nan nan "Optimal parameters not found: Number of calls to function has reached maxfev = 1000."
6127 2005-10-30 pW7 nan nan nan nan nan nan nan nan nan "Optimal parameters not found: Number of calls to function has reached maxfev = 1000."
6137 2005-11-02 pW6 nan nan nan nan nan nan nan nan nan "Optimal parameters not found: Number of calls to function has reached maxfev = 1000."
6137 2005-11-02 pW7 13147.24575373022 0.0 0.0 0.4772119627286846 0.0 255.43204303227523 1.7666393853229274e-14 0.0 3.387080929191976e-14 ""
6192 2005-11-05 pW6 nan nan nan nan nan nan nan nan nan "Optimal parameters not found: Number of calls to function has reached maxfev = 1000."
6192 2005-11-05 pW7 8072.87503560179 0.0 0.0 116.7753039291944 0.0 204.95111241668383 7.256634008060256e-15 0.0 7.188145763860644e-15 ""
6196 2005-10-27 pW6 nan nan nan nan nan nan nan nan nan "Optimal parameters not found: Number of calls to function has reached maxfev = 1000."
6196 2005-10-27 pW7 9614.380597779125 0.0 0.0 108.23817957359338 0.0 47.45281155301873 9.946202358333928e-16 0.0 5.007657356653554e-16 ""
6249 2005-10-28 pW6 nan nan nan nan nan nan nan nan nan "Optimal parameters not found: Number of calls to function has reached maxfev = 1000."
6249 2005-10-28 pW7 644.8188569907161 0.0 0.0 317.2071249917278 0.0 97.61319043191035 4.071470097899232e-15 0.0 1.8755300415649296e-15 ""
6295 2005-11-07 pW6 13321.916871075722 0.0 0.0 9.851430824132393 0.0 15.458739417026662 3.962272326347893e-16 0.0 5.351594173230323e-16 ""
6295 2005-11-07 pW7 7114.633677174009 0.0 0.0 84.99770644337464 0.0 33.339148063898136 3.17736364763785e-15 0.0 1.2634504362345383e-15 ""
6304 2005-11-05 pW6 10703.947406047591 0.0 0.0 11.336281321778504 0.0 7.184189492931881 0.11619323978154783 0.0 0.07701193234582268 ""
6304 2005-11-05 pW7 10898.810900887567 0.0 0.0 129.73377971114363 0.0 51.18211147169355 1.196164018608733 0.0 0.5779878635858567 ""
6315 2005-11-01 pW6 nan nan nan nan nan nan nan nan nan "Optimal parameters not found: Number of calls to function has reached maxfev = 1000."
6315 2005-11-01 pW7 nan nan nan nan nan nan nan nan nan "Optimal parameters not found: Number of calls to function has reached maxfev = 1000."
6315 2005-11-05 pW6 14160.104359242932 0.0 0.0 6.711933485765994 0.0 18.303837267222935 0.08528660331325945 0.0 0.18021048786823204 ""
6315 2005-11-05 pW7 12563.74296613687 0.0 0.0 109.36694128735668 0.0 80.85315793132422 1.0030036192841523 0.0 0.82998626080267 ""
6406 2005-10-24 pW6 9100.052936641448 0.0 0.0 23.627950019845862 0.0 20.375325546244294 8.564226700921047e-16 0.0 7.548886177490947e-16 ""
6406 2005-10-24 pW7 nan nan nan nan nan nan nan nan nan "Optimal parameters not found: Number of calls to function has reached maxfev = 1000."
6406 2005-11-26 pW6 12644.693303429933 0.0 0.0 50.20376060159504 0.0 5.579752229250414 1.9372439430947206e-15 0.0 2.5804961790933183e-16 ""
6406 2005-11-26 pW7 8317.877902954826 0.0 0.0 189.26495668884365 0.0 37.75121551087378 7.607122739074733e-15 0.0 2.0009509005162875e-15 ""
6422 2005-10-23 pW6 nan nan nan nan nan nan nan nan nan "Optimal parameters not found: Number of calls to function has reached maxfev = 1000."
6422 2005-10-23 pW7 nan nan nan nan nan nan nan nan nan "Optimal parameters not found: Number of calls to function has reached maxfev = 1000."
6520 2006-07-01 pW6 nan nan nan nan nan nan nan nan nan "Optimal parameters not found: Number of calls to function has reached maxfev = 1000."
6520 2006-07-01 pW7 1263.6288023718005 0.0 0.0 66.8086345436428 0.0 79.86332128186696 1.609799052648027e-15 0.0 1.728472769969948e-15 ""
