results/spec_class/sdss_sako18spec_rv3_1_bin5_methavg_step0.ecsv
# %ECSV 0.9
# ---
# datatype:
# - {name: obj_id, datatype: string}
# - {name: sid, datatype: string}
# - {name: date, datatype: string}
# - {name: type, datatype: string}
# - {name: feat_name, datatype: string}
# - {name: vel, datatype: float64}
# - {name: vel_err, datatype: float64}
# - {name: vel_samperr, datatype: float64}
# - {name: pew, datatype: float64}
# - {name: pew_err, datatype: float64}
# - {name: pew_samperr, datatype: float64}
# - {name: area, datatype: float64}
# - {name: area_err, datatype: float64}
# - {name: area_samperr, datatype: float64}
# - {name: msg, datatype: string}
# schema: astropy-2.0
obj_id sid date type feat_name vel vel_err vel_samperr pew pew_err pew_samperr area area_err area_samperr msg
[from data line 1429]
8030 431 2005-11-05 Ia pW7 0.0 0.0 0.0 586.7735469144709 0.0 0.0 -3.6255373858184565e-13 0.0 0.0 ""
8046 432 2005-11-04 Ia pW6 0.0 0.0 0.0 17.297359441059513 0.0 0.0 2.4385786297402712e-15 0.0 0.0 ""
8046 432 2005-11-04 Ia pW7 0.0 0.0 0.0 142.5128625945735 0.0 0.0 2.0170280160909542e-14 0.0 0.0 ""
8151 391 2005-11-03 Ia pW6 0.0 0.0 0.0 30.114953581359316 0.0 0.0 2.640183131920566e-14 0.0 0.0 ""
8151 391 2005-11-03 Ia pW7 0.0 0.0 0.0 5.2822178426176265 0.0 0.0 3.759194903048314e-15 0.0 0.0 ""
8151 391 2005-11-04 Ia pW6 0.0 0.0 0.0 22.195916162778644 0.0 0.0 2.609932621890993e-14 0.0 0.0 ""
8151 391 2005-11-04 Ia pW7 0.0 0.0 0.0 14.606644908708233 0.0 0.0 1.5095080352346764e-14 0.0 0.0 ""
8151 391 2005-11-06 Ia pW6 0.0 0.0 0.0 27.226313532407346 0.0 0.0 3.110085783567598e-14 0.0 0.0 ""
8151 391 2005-11-06 Ia pW7 0.0 0.0 0.0 14.463830741573645 0.0 0.0 1.4034769383922533e-14 0.0 0.0 ""
8151 391 2005-11-10 Ia pW6 0.0 0.0 0.0 20.033553871338142 0.0 0.0 2.7817014798119806e-14 0.0 0.0 ""
8151 391 2005-11-10 Ia pW7 0.0 0.0 0.0 69.51625482892945 0.0 0.0 7.986699929175248e-14 0.0 0.0 ""
8151 391 2005-11-14 Ia pW6 0.0 0.0 0.0 23.455227060443917 0.0 0.0 4.862318236460721e-14 0.0 0.0 ""
8151 391 2005-11-14 Ia pW7 0.0 0.0 0.0 50.84701517244463 0.0 0.0 9.4467921764291e-14 0.0 0.0 ""
8151 391 2006-01-04 Ia pW6 0.0 0.0 0.0 112.11136110554924 0.0 0.0 4.044831423645398e-14 0.0 0.0 ""
8151 391 2006-01-04 Ia pW7 0.0 0.0 0.0 199.43304376706146 0.0 0.0 6.760432042778233e-14 0.0 0.0 ""
8151 391 2006-11-13 Ia-pec pW6 0.0 0.0 0.0 105.36816369043903 0.0 0.0 2.197685830374097e-15 0.0 0.0 ""
8151 391 2006-11-13 Ia-pec pW7 0.0 0.0 0.0 248.7134665909303 0.0 0.0 5.782900212239477e-15 0.0 0.0 ""
8213 502 2005-11-21 Ia pW6 0.0 0.0 0.0 22.085758178375244 0.0 0.0 8.412586794316605e-16 0.0 0.0 ""
8213 502 2005-11-21 Ia pW7 0.0 0.0 0.0 124.25731215755195 0.0 0.0 5.086351814325664e-15 0.0 0.0 ""
8495 520 2005-12-07 Ia pW6 0.0 0.0 0.0 16.461054180712438 0.0 0.0 2.527759553928525e-15 0.0 0.0 ""
8495 520 2005-12-07 Ia pW7 0.0 0.0 0.0 216.5230268174737 0.0 0.0 3.606161494548145e-14 0.0 0.0 ""
8598 454 2005-11-06 Ia pW6 0.0 0.0 0.0 120.57715941131329 0.0 0.0 5.562476305256599e-16 0.0 0.0 ""
8598 454 2005-11-06 Ia pW7 0.0 0.0 0.0 433.68498858721057 0.0 0.0 2.7230049672670168e-15 0.0 0.0 ""
8707 564 2005-12-07 Ia? pW6 0.0 0.0 0.0 234.73259899299595 0.0 0.0 2.7783956876274664e-15 0.0 0.0 ""
8707 564 2005-12-07 Ia? pW7 0.0 0.0 0.0 284.21478002640936 0.0 0.0 4.602421201224124e-15 0.0 0.0 ""
8719 456 2005-11-09 Ia pW6 0.0 0.0 0.0 55.54328234749954 0.0 0.0 6.115632557179384e-15 0.0 0.0 ""
8719 456 2005-11-09 Ia pW7 0.0 0.0 0.0 94.89633569290476 0.0 0.0 9.911858456723989e-15 0.0 0.0 ""
8921 504 2005-11-24 Ia pW6 0.0 0.0 0.0 43.84887374533997 0.0 0.0 6.7557477801860006e-15 0.0 0.0 ""
8921 504 2005-11-24 Ia pW7 0.0 0.0 0.0 230.130839226177 0.0 0.0 3.958294562377659e-14 0.0 0.0 ""
9032 545 2005-11-26 Ia pW6 0.0 0.0 0.0 52.33558846637584 0.0 0.0 4.2137851145419293e-16 0.0 0.0 ""
9032 545 2005-11-26 Ia pW7 0.0 0.0 0.0 290.16964652725864 0.0 0.0 2.4105986325542673e-15 0.0 0.0 ""
9045 511 2005-11-22 Ia pW6 0.0 0.0 0.0 102.74293498461253 0.0 0.0 9.273011792591804e-16 0.0 0.0 ""
9045 511 2005-11-22 Ia pW7 0.0 0.0 0.0 252.6327765933285 0.0 0.0 3.788551669999296e-15 0.0 0.0 ""
9207 544 2005-11-26 Ia pW6 0.0 0.0 0.0 24.589434561136102 0.0 0.0 1.520422076141746e-16 0.0 0.0 ""
9207 544 2005-11-26 Ia pW7 0.0 0.0 0.0 333.5028052729547 0.0 0.0 2.7432879592060723e-15 0.0 0.0 ""
9457 514 2005-11-23 Ia pW6 0.0 0.0 0.0 31.724558880091138 0.0 0.0 1.1685220340251083e-16 0.0 0.0 ""
9457 514 2005-11-23 Ia pW7 0.0 0.0 0.0 254.1489267369045 0.0 0.0 2.1926847175507106e-15 0.0 0.0 ""
9467 553 2005-12-01 Ia pW6 0.0 0.0 0.0 33.42434509468342 0.0 0.0 1.563162595568197e-15 0.0 0.0 ""
9467 553 2005-12-01 Ia pW7 0.0 0.0 0.0 170.22871451105095 0.0 0.0 7.12449723964258e-15 0.0 0.0 ""
