results/spec_class/sdss_sako18spec_auto_5.ecsv
# %ECSV 0.9
# ---
# datatype:
# - {name: obj_id, datatype: string}
# - {name: date, datatype: string}
# - {name: feat_name, datatype: string}
# - {name: vel, datatype: float64}
# - {name: vel_err, datatype: float64}
# - {name: vel_samperr, datatype: float64}
# - {name: pew, datatype: float64}
# - {name: pew_err, datatype: float64}
# - {name: pew_samperr, datatype: float64}
# - {name: area, datatype: float64}
# - {name: area_err, datatype: float64}
# - {name: area_samperr, datatype: float64}
# - {name: msg, datatype: string}
# schema: astropy-2.0
obj_id date feat_name vel vel_err vel_samperr pew pew_err pew_samperr area area_err area_samperr msg
[from data line 1174]
2533 2005-10-01 pW6 0.0 0.0 0.0 98.33757537723065 0.0 70.50636755468635 3.151969081443704e-15 0.0 2.7769009922065532e-15 ""
2533 2005-10-01 pW7 0.0 0.0 0.0 -10.861583557855324 0.0 191.2773633575253 1.3418960932709237e-15 0.0 1.9610297341635344e-15 ""
2561 2005-09-23 pW6 0.0 0.0 0.0 11.23702360480464 0.0 60.308786102594425 2.4145037418774044e-15 0.0 5.511557090968829e-15 ""
2561 2005-09-23 pW7 nan nan nan nan nan nan nan nan nan "Feature not in spectral wavelength range."
2561 2005-09-25 pW6 0.0 0.0 0.0 31.77001907960331 0.0 25.440947833431842 1.811752905378428e-15 0.0 1.428074775355703e-15 ""
2561 2005-09-25 pW7 0.0 0.0 0.0 64.84483804947196 0.0 22.7662667643669 3.1826539554652885e-15 0.0 1.2396745715802557e-15 ""
2635 2005-09-25 pW6 0.0 0.0 0.0 29.33879863352399 0.0 17.15180492901784 2.20191740802227e-15 0.0 1.3877741224705717e-15 ""
2635 2005-09-25 pW7 0.0 0.0 0.0 276.2623872440878 0.0 82.42478424929995 2.450479571770451e-14 0.0 1.115405235098371e-14 ""
2635 2005-10-27 pW6 0.0 0.0 0.0 66.57167183804567 0.0 14.513654075295214 8.779714868025086e-16 0.0 2.377232507663713e-16 ""
2635 2005-10-27 pW7 0.0 0.0 0.0 212.2547791894298 0.0 54.135126573855096 2.890126427427667e-15 0.0 9.487071263670509e-16 ""
2689 2005-09-24 pW6 0.0 0.0 0.0 -27.063508193597723 0.0 76.55950806299381 -3.471175571830493e-17 0.0 9.006457475767387e-16 ""
2689 2005-09-24 pW7 0.0 0.0 0.0 -10.208246900142342 0.0 169.3460485102799 5.115272508807214e-16 0.0 1.5371430254443602e-15 ""
2746 2005-09-25 pW6 0.0 0.0 0.0 4.634825476126465 0.0 14.880211124544008 2.0224909566499308e-16 0.0 4.798283104544111e-16 ""
2746 2005-09-25 pW7 0.0 0.0 0.0 172.67374379444658 0.0 113.47594619775501 9.985918690476131e-15 0.0 8.175804776168494e-15 ""
2789 2005-09-27 pW6 0.0 0.0 0.0 -50.60236244529028 0.0 1056.7498696797768 7.767133137979695e-17 0.0 2.878823854792208e-16 ""
2789 2005-09-27 pW7 0.0 0.0 0.0 52.46981786313297 0.0 577.3474205624311 9.999124018047206e-16 0.0 9.146574738377436e-16 ""
2916 2005-09-25 pW6 0.0 0.0 0.0 39.814574042441365 0.0 37.64600401573859 2.1120092216460686e-15 0.0 2.0409761701814824e-15 ""
2916 2005-09-25 pW7 0.0 0.0 0.0 121.61345919948985 0.0 30.44941069618875 5.5471898102845525e-15 0.0 1.9430294506107937e-15 ""
2916 2005-09-27 pW6 0.0 0.0 0.0 16.79869710162933 0.0 31.133802949894235 5.664728779784838e-16 0.0 8.776202709857983e-16 ""
2916 2005-09-27 pW7 0.0 0.0 0.0 10.699534375543491 0.0 61.42851913775047 5.837900594133953e-16 0.0 1.407621332882481e-15 ""
2916 2005-10-01 pW6 0.0 0.0 0.0 18.09588689825728 0.0 12.347618755630409 9.273276081176265e-16 0.0 6.640832525539488e-16 ""
2916 2005-10-01 pW7 0.0 0.0 0.0 82.48697846473372 0.0 40.58500599713573 3.8486490730999205e-15 0.0 1.9981939259071888e-15 ""
2943 2005-10-09 pW6 0.0 0.0 0.0 -16.02089286339265 0.0 58.11857689193727 3.165663626036568e-17 0.0 1.7311700584621366e-15 ""
2943 2005-10-09 pW7 0.0 0.0 0.0 350.0996065641373 0.0 1124.8919154200983 1.81761553117974e-14 0.0 1.5647910661897165e-14 ""
2992 2005-10-07 pW6 0.0 0.0 0.0 16.392265800465804 0.0 20.29781770324358 1.6246092174556588e-15 0.0 1.8232245453519196e-15 ""
2992 2005-10-07 pW7 0.0 0.0 0.0 113.39710690158535 0.0 68.57889226083644 1.1748041660233395e-14 0.0 8.114720834239348e-15 ""
2992 2005-10-26 pW6 0.0 0.0 0.0 41.651197021570226 0.0 19.01320950969222 5.649481779148761e-16 0.0 2.9302765588223554e-16 ""
2992 2005-10-26 pW7 0.0 0.0 0.0 224.58046013584806 0.0 66.05148445477569 3.160899960470154e-15 0.0 1.239314375579697e-15 ""
3080 2005-09-26 pW6 0.0 0.0 0.0 5.658815841482546 0.0 15.538573348472537 2.1217411823077575e-16 0.0 4.971029988218032e-16 ""
3080 2005-09-26 pW7 0.0 0.0 0.0 68.2513062478968 0.0 60.460371862304875 2.535824974085785e-15 0.0 2.586095815181435e-15 ""
3080 2005-09-28 pW6 0.0 0.0 0.0 8.868815826950353 0.0 14.916652683159729 3.4788962712300997e-16 0.0 5.343539764942284e-16 ""
3080 2005-09-28 pW7 0.0 0.0 0.0 65.28233378674442 0.0 60.27776944909311 2.401931423406041e-15 0.0 2.2687367817585402e-15 ""
3080 2005-10-27 pW6 0.0 0.0 0.0 69.21751751704126 0.0 11.63590722637964 9.968654538319477e-16 0.0 2.089594143192181e-16 ""
3080 2005-10-27 pW7 0.0 0.0 0.0 167.60485225883602 0.0 35.624453506038385 2.5106945888592998e-15 0.0 7.190611184802459e-16 ""
3087 2005-10-03 pW6 0.0 0.0 0.0 5.842633551190143 0.0 30.96563235318403 3.87078453925203e-16 0.0 1.2771522064858466e-15 ""
3087 2005-10-03 pW7 nan nan nan nan nan nan nan nan nan "Feature not in spectral wavelength range."
3199 2005-10-09 pW6 0.0 0.0 0.0 -39.2800014833392 0.0 97.51986176843613 -7.719917344344381e-17 0.0 1.0658791088683185e-15 ""
3199 2005-10-09 pW7 0.0 0.0 0.0 1094.3490620193706 0.0 10672.512367300604 1.966023660629654e-15 0.0 2.8580306759515835e-15 ""
3241 2005-09-25 pW6 0.0 0.0 0.0 137.20124365509596 0.0 27.54091489154509 1.0638902742407138e-14 0.0 4.491400318674128e-15 ""
3241 2005-09-25 pW7 0.0 0.0 0.0 -9.513945648574326 0.0 567.8590114238025 1.667227339886071e-14 0.0 1.4665150580869238e-14 ""
3256 2005-10-25 pW6 0.0 0.0 0.0 19.93731566693432 0.0 15.601445451683322 3.5215222732636186e-15 0.0 2.864614596701451e-15 ""
3256 2005-10-25 pW7 0.0 0.0 0.0 194.32673451452638 0.0 69.07555269005341 3.6576126811023104e-14 0.0 1.8021068356259555e-14 ""
3317 2005-09-27 pW6 0.0 0.0 0.0 5.542537057054608 0.0 23.64177503910991 3.880411260909919e-16 0.0 1.1196558720938452e-15 ""
3317 2005-09-27 pW7 0.0 0.0 0.0 106.91568500859913 0.0 125.98278389045961 7.583451416173955e-15 0.0 7.615258716459436e-15 ""
3331 2005-09-26 pW6 0.0 0.0 0.0 358.84324850596323 0.0 4548.88456245135 5.274561405923681e-16 0.0 1.169762332744839e-15 ""
3331 2005-09-26 pW7 0.0 0.0 0.0 1775.5297805954344 0.0 24561.84153321599 1.1596908959868687e-15 0.0 2.211429402471603e-15 ""
3377 2005-10-12 pW6 0.0 0.0 0.0 11.436117161903681 0.0 14.479494242456852 2.7058724872829723e-16 0.0 3.1558925161206063e-16 ""
3377 2005-10-12 pW7 0.0 0.0 0.0 89.62273874625053 0.0 92.26928695648306 1.9835760193492116e-15 0.0 1.6471951109641917e-15 ""
3451 2005-09-27 pW6 0.0 0.0 0.0 1.1736310638613279 0.0 22.722854632124143 3.418154445185465e-17 0.0 1.721672448904915e-16 ""
3451 2005-09-27 pW7 0.0 0.0 0.0 27.89890921377149 0.0 131.6943711397052 4.072000507985809e-16 0.0 6.612757227839458e-16 ""
3452 2005-09-27 pW6 0.0 0.0 0.0 21.744299807041326 0.0 34.35177912176569 2.0187527825622807e-16 0.0 2.477789021851918e-16 ""
3452 2005-09-27 pW7 0.0 0.0 0.0 35.69706524140752 0.0 146.22527764533743 4.740249033717164e-16 0.0 7.745181899917924e-16 ""
3592 2005-09-27 pW6 0.0 0.0 0.0 4.351560237021265 0.0 13.222592702305011 4.66507674166706e-16 0.0 1.1600962263760964e-15 ""
3592 2005-09-27 pW7 0.0 0.0 0.0 90.94357037257092 0.0 51.867694489111685 7.768434946687624e-15 0.0 4.836668857875142e-15 ""
3592 2005-10-01 pW6 0.0 0.0 0.0 14.735042131440803 0.0 8.408750395517204 1.6024756971550062e-15 0.0 9.667021431950483e-16 ""
3592 2005-10-01 pW7 0.0 0.0 0.0 91.75448714375919 0.0 13.081264590585283 8.605989580088772e-15 0.0 1.559796027435203e-15 ""
3592 2005-10-13 pW6 0.0 0.0 0.0 19.05054797458245 0.0 10.320557132166332 1.4643829705314457e-15 0.0 8.227819721764883e-16 ""
3592 2005-10-13 pW7 0.0 0.0 0.0 165.99411326535733 0.0 44.203548241453994 1.7320288660034408e-14 0.0 6.004360347041835e-15 ""
3901 2005-09-28 pW6 0.0 0.0 0.0 6.636185721784454 0.0 11.83067158266217 7.420206296518689e-16 0.0 1.2567454019120637e-15 ""
3901 2005-09-28 pW7 0.0 0.0 0.0 174.57041266013746 0.0 112.74470336369107 2.736474005652249e-14 0.0 2.3429171651769743e-14 ""
3901 2005-10-20 pW6 0.0 0.0 0.0 10.399522584455486 0.0 8.400721881983856 3.272656581050382e-15 0.0 2.5761257467747097e-15 ""
3901 2005-10-20 pW7 0.0 0.0 0.0 181.52316999917676 0.0 107.65367547777682 7.362723018395142e-14 0.0 5.785471377505666e-14 ""
4000 2005-10-10 pW6 0.0 0.0 0.0 -31.65857390627271 0.0 85.07949948469081 -4.9942446546703505e-17 0.0 4.668270891391594e-16 ""
4000 2005-10-10 pW7 0.0 0.0 0.0 159.80474944926115 0.0 221.42125018237027 2.482458232950271e-15 0.0 2.3427389012462642e-15 ""
4046 2005-10-10 pW6 0.0 0.0 0.0 357.7080536423842 0.0 3975.5150837415126 3.4248178847517695e-16 0.0 9.495642341608337e-16 ""
4046 2005-10-10 pW7 0.0 0.0 0.0 -497.3798872870262 0.0 3503.4771005643506 6.66253943975966e-16 0.0 1.6666972511303538e-15 ""
4241 2005-10-10 pW6 0.0 0.0 0.0 67.92249340385222 0.0 146.95883835186055 4.6097334270905e-16 0.0 3.736649942036808e-16 ""
4241 2005-10-10 pW7 0.0 0.0 0.0 140.44786443030617 0.0 1134.8347270476122 1.0843258515731277e-15 0.0 1.5067835242162663e-15 ""
4524 2005-10-01 pW6 0.0 0.0 0.0 0.6588116789477069 0.0 4.409286069939238 2.235909949200374e-16 0.0 1.213169990696294e-15 ""
4524 2005-10-01 pW7 0.0 0.0 0.0 215.8461806790973 0.0 59.540172084404006 7.483259791974477e-14 0.0 3.2154726852465714e-14 ""
4524 2005-10-03 pW6 0.0 0.0 0.0 3.448836551739532 0.0 5.14283762539763 1.0546930613639768e-15 0.0 1.5735729074100276e-15 ""
4524 2005-10-03 pW7 0.0 0.0 0.0 218.20507369902094 0.0 60.81232399515115 8.674269761544163e-14 0.0 4.0012318176248096e-14 ""
4524 2005-10-07 pW6 0.0 0.0 0.0 -0.2217183915301518 0.0 11.592658152010559 1.9025327697520758e-16 0.0 5.48207666822871e-15 ""
4524 2005-10-07 pW7 0.0 0.0 0.0 211.42388691544448 0.0 61.58742048519149 1.5602934486291284e-13 0.0 7.062354302177212e-14 ""
4524 2005-10-12 pW6 0.0 0.0 0.0 0.9651228703187729 0.0 2.7484359997294185 5.439606923796706e-16 0.0 1.4651219446252014e-15 ""
4524 2005-10-12 pW7 0.0 0.0 0.0 227.04153024311188 0.0 67.62647613520357 1.5467656212293864e-13 0.0 7.29506044215304e-14 ""
4524 2005-10-22 pW6 0.0 0.0 0.0 -0.25073578494472937 0.0 3.6268246664595702 -1.2939743473383851e-16 0.0 2.2410299631142198e-15 ""
4524 2005-10-22 pW7 0.0 0.0 0.0 208.3215801869408 0.0 64.19099195347808 1.594678572280208e-13 0.0 7.726465234437537e-14 ""
4524 2005-10-25 pW6 0.0 0.0 0.0 2.608626769860891 0.0 9.052535834946513 1.0814027884924376e-15 0.0 3.3969104992020034e-15 ""
4524 2005-10-25 pW7 0.0 0.0 0.0 192.59330037578073 0.0 51.595659576232585 8.567533492702074e-14 0.0 3.5257465560940904e-14 ""
4524 2005-11-02 pW6 0.0 0.0 0.0 6.454031392042377 0.0 4.1523973706674235 3.641092811140671e-15 0.0 2.3631999852298802e-15 ""
4524 2005-11-02 pW7 0.0 0.0 0.0 185.0084619727842 0.0 53.81234273462824 1.2171597561652613e-13 0.0 5.197180928178965e-14 ""
4524 2005-11-10 pW6 0.0 0.0 0.0 -14.941280592599224 0.0 23.903349768993227 -1.8135976983021277e-15 0.0 3.59104868051951e-15 ""
4524 2005-11-10 pW7 0.0 0.0 0.0 241.3405563841303 0.0 103.8520212378212 5.700833230398345e-14 0.0 3.363949835478582e-14 ""
4524 2005-11-12 pW6 0.0 0.0 0.0 3.266031487704386 0.0 2.7251899549764604 2.929954043737238e-15 0.0 2.4507755873949272e-15 ""
4524 2005-11-12 pW7 0.0 0.0 0.0 173.59513660583465 0.0 55.61538991384869 1.8101939843132472e-13 0.0 8.561410550790211e-14 ""
4524 2005-11-26 pW6 0.0 0.0 0.0 3.232331034665564 0.0 3.8197600872362085 1.5475173176832647e-15 0.0 1.8653803461087265e-15 ""
4524 2005-11-26 pW7 0.0 0.0 0.0 179.65889579358796 0.0 55.05982565632175 1.0406672982583876e-13 0.0 4.618550839189628e-14 ""
4524 2005-11-28 pW6 0.0 0.0 0.0 5.9117147762007605 0.0 4.82748388650227 2.7430775611328544e-15 0.0 2.264558920529047e-15 ""
4524 2005-11-28 pW7 0.0 0.0 0.0 178.26146210568257 0.0 46.42612122278204 9.862624863058078e-14 0.0 3.756426617424697e-14 ""
4524 2005-12-08 pW6 0.0 0.0 0.0 14.83470638037443 0.0 5.34782464241006 6.3262903931113996e-15 0.0 2.394068175671677e-15 ""
4524 2005-12-08 pW7 0.0 0.0 0.0 193.27279895994184 0.0 42.82230083043563 1.0531630001340887e-13 0.0 3.5600499018123883e-14 ""
4524 2005-12-25 pW6 0.0 0.0 0.0 25.364038870316644 0.0 5.662508006701046 1.0078293390936019e-14 0.0 2.5128748739799887e-15 ""
4524 2005-12-25 pW7 0.0 0.0 0.0 203.59791697452388 0.0 45.85870805284367 1.0991294400484393e-13 0.0 3.922127442257972e-14 ""
4524 2006-10-11 pW6 0.0 0.0 0.0 65.00965217709488 0.0 3936.0295904346003 1.9185188350103787e-15 0.0 6.525870079896401e-15 ""
4524 2006-10-11 pW7 0.0 0.0 0.0 305.09217034963217 0.0 59.10323579003905 4.7081484389187e-14 0.0 1.1868285668427707e-14 ""
4577 2005-10-08 pW6 0.0 0.0 0.0 56.370495982957145 0.0 108.35686603406948 7.575990446786421e-16 0.0 6.7313963958611e-16 ""
4577 2005-10-08 pW7 0.0 0.0 0.0 -48.70162141375478 0.0 2898.2348531668335 1.7252300811125146e-15 0.0 4.280632337720891e-15 ""
4679 2005-10-08 pW6 0.0 0.0 0.0 -12.22902250818009 0.0 1266.6486845789943 1.7484621533334957e-15 0.0 2.1763870565062506e-15 ""
4679 2005-10-08 pW7 0.0 0.0 0.0 1135.6444806322115 0.0 5174.303140376958 1.4004988546386162e-16 0.0 5.307958733047579e-15 ""
5103 2005-10-05 pW6 0.0 0.0 0.0 5.1763298797269215 0.0 142.53793971202595 2.8071574347397265e-15 0.0 5.415756575387243e-15 ""
5103 2005-10-05 pW7 0.0 0.0 0.0 230.39375165386824 0.0 164.04245844875152 1.7828756114622043e-14 0.0 1.345548254414688e-14 ""
5183 2005-10-08 pW6 0.0 0.0 0.0 -208.9399797287082 0.0 1118.1495343305608 -6.928606290687744e-17 0.0 7.16979143296009e-16 ""
5183 2005-10-08 pW7 0.0 0.0 0.0 178.3333729286139 0.0 704.044334421458 2.4068252130565652e-15 0.0 3.695779940786464e-15 ""
5350 2005-10-22 pW6 0.0 0.0 0.0 18.13432880715206 0.0 17.307818545544052 2.2514095233561426e-15 0.0 2.038970048971062e-15 ""
5350 2005-10-22 pW7 0.0 0.0 0.0 40.125076568100795 0.0 71.67697227371319 5.692631520182335e-15 0.0 7.160900138254208e-15 ""
5391 2005-10-26 pW6 0.0 0.0 0.0 41.43492349024361 0.0 43.72797780619919 2.1055483039160935e-16 0.0 1.915998136898965e-16 ""
5391 2005-10-26 pW7 0.0 0.0 0.0 445.7592836377409 0.0 2054.619447904136 6.330660286676708e-16 0.0 5.975716047832576e-16 ""
5395 2005-10-23 pW6 0.0 0.0 0.0 24.837674952353208 0.0 33.11848906607932 2.479371868305127e-15 0.0 2.860937812369385e-15 ""
5395 2005-10-23 pW7 nan nan nan nan nan nan nan nan nan "Feature not in spectral wavelength range."
5533 2005-10-26 pW6 0.0 0.0 0.0 28.60165247419319 0.0 30.011981936781538 3.164625750173757e-16 0.0 3.003549550297513e-16 ""
5533 2005-10-26 pW7 0.0 0.0 0.0 139.33429568362925 0.0 75.30126488505847 1.3294887957226456e-15 0.0 8.548644204765471e-16 ""
5549 2005-10-22 pW6 0.0 0.0 0.0 11.78247537339371 0.0 37.53221432620415 6.032309655815492e-16 0.0 1.3306468122226263e-15 ""
5549 2005-10-22 pW7 nan nan nan nan nan nan nan nan nan "Feature not in spectral wavelength range."
5550 2005-10-24 pW6 0.0 0.0 0.0 18.434626213583265 0.0 38.577224377276664 1.1531768915482607e-15 0.0 1.7260168492895564e-15 ""
5550 2005-10-24 pW7 0.0 0.0 0.0 120.12595098479514 0.0 76.61741750789064 6.5723397056915075e-15 0.0 5.008972586660856e-15 ""
5588 2005-10-27 pW6 0.0 0.0 0.0 2180.8954602892327 0.0 22280.438707456153 -1.1503871291565449e-16 0.0 1.3826822001668721e-15 ""
5588 2005-10-27 pW7 0.0 0.0 0.0 329.17129963818263 0.0 1958.211955670747 1.161809722813517e-15 0.0 2.258286849171728e-15 ""
5635 2005-10-23 pW6 0.0 0.0 0.0 103.88211032298351 0.0 61.373373923431274 6.892836699303516e-15 0.0 4.372491756794325e-15 ""
5635 2005-10-23 pW7 0.0 0.0 0.0 256.1327039668091 0.0 121.76082023188215 1.6673326508019617e-14 0.0 9.248114451577645e-15 ""
5717 2005-10-27 pW6 0.0 0.0 0.0 11.489012245080087 0.0 9.788940783804197 1.3051882920921106e-16 0.0 1.1316867688175782e-16 ""
5717 2005-10-27 pW7 0.0 0.0 0.0 226.18345228133902 0.0 120.39525670706949 3.2289716763805312e-15 0.0 2.2472190210205762e-15 ""
5736 2005-11-05 pW6 0.0 0.0 0.0 55.847927234079286 0.0 42.79771543577944 2.812359120002771e-15 0.0 2.3562816538431077e-15 ""
5736 2005-11-05 pW7 0.0 0.0 0.0 185.2363795898078 0.0 99.93809840828 8.528154528030806e-15 0.0 5.487347235617389e-15 ""
5737 2005-10-27 pW6 0.0 0.0 0.0 31.84489475724577 0.0 112.8017789936108 3.251187862917559e-16 0.0 4.906763873129455e-16 ""
5737 2005-10-27 pW7 nan nan nan nan nan nan nan nan nan "Feature not in spectral wavelength range."
5751 2005-10-24 pW6 0.0 0.0 0.0 15.423535729831908 0.0 19.594815954921625 7.063689950974002e-16 0.0 8.421539449707739e-16 ""
5751 2005-10-24 pW7 0.0 0.0 0.0 204.29267880631122 0.0 51.497885926134686 1.0967656050317828e-14 0.0 3.845227895431434e-15 ""
