results/spec_class/sdss_sako18spec_3_1_0.ecsv
# %ECSV 0.9
# ---
# datatype:
# - {name: obj_id, datatype: string}
# - {name: date, datatype: string}
# - {name: feat_name, datatype: string}
# - {name: vel, datatype: float64}
# - {name: vel_err, datatype: float64}
# - {name: vel_samperr, datatype: float64}
# - {name: pew, datatype: float64}
# - {name: pew_err, datatype: float64}
# - {name: pew_samperr, datatype: float64}
# - {name: area, datatype: float64}
# - {name: area_err, datatype: float64}
# - {name: area_samperr, datatype: float64}
# - {name: msg, datatype: string}
# schema: astropy-2.0
obj_id date feat_name vel vel_err vel_samperr pew pew_err pew_samperr area area_err area_samperr msg
[from data line 344]
15369 2006-10-19 pW6 nan nan nan nan nan nan nan nan nan "Feature not in spectral wavelength range."
15369 2006-10-19 pW7 nan nan nan nan nan nan nan nan nan "Feature not in spectral wavelength range."
15369 2006-10-20 pW6 0.0 0.0 0.0 188.62845456083812 0.0 0.0 7.29508751618751e-15 0.0 0.0 ""
15369 2006-10-20 pW7 nan nan nan nan nan nan nan nan nan "Feature not in spectral wavelength range."
15383 2006-10-27 pW6 0.0 0.0 0.0 91.17358176317398 0.0 0.0 4.350787534154932e-15 0.0 0.0 ""
15383 2006-10-27 pW7 0.0 0.0 0.0 181.61061515404677 0.0 0.0 1.1293284970278574e-14 0.0 0.0 ""
15421 2006-10-22 pW6 0.0 0.0 0.0 34.931568886968165 0.0 0.0 1.340699495298923e-15 0.0 0.0 ""
15421 2006-10-22 pW7 nan nan nan nan nan nan nan nan nan "Feature not in spectral wavelength range."
15425 2006-10-22 pW6 0.0 0.0 0.0 16.84857831266504 0.0 0.0 1.935752777273716e-15 0.0 0.0 ""
15425 2006-10-22 pW7 nan nan nan nan nan nan nan nan nan "Feature not in spectral wavelength range."
15433 2006-10-31 pW6 0.0 0.0 0.0 69.0928373287694 0.0 0.0 7.215952170050646e-15 0.0 0.0 ""
15433 2006-10-31 pW7 0.0 0.0 0.0 216.16001103796782 0.0 0.0 2.6812460599642785e-14 0.0 0.0 ""
15440 2006-10-28 pW6 0.0 0.0 0.0 16.821453193839773 0.0 0.0 6.579847399368789e-16 0.0 0.0 ""
15440 2006-10-28 pW7 0.0 0.0 0.0 153.94914175714456 0.0 0.0 6.581138690560991e-15 0.0 0.0 ""
15443 2006-10-23 pW6 0.0 0.0 0.0 38.999916533876785 0.0 0.0 5.8002119899848595e-15 0.0 0.0 ""
15443 2006-10-23 pW7 0.0 0.0 0.0 432.029714558519 0.0 0.0 1.3026936099047012e-13 0.0 0.0 ""
15453 2006-10-23 pW6 0.0 0.0 0.0 124.28861745198694 0.0 0.0 2.1232205308587774e-15 0.0 0.0 ""
15453 2006-10-23 pW7 nan nan nan nan nan nan nan nan nan "Feature not in spectral wavelength range."
15456 2006-10-28 pW6 0.0 0.0 0.0 40.0168330404677 0.0 0.0 5.2069281906332e-16 0.0 0.0 ""
15456 2006-10-28 pW7 0.0 0.0 0.0 124.30357878704945 0.0 0.0 1.7704426508226588e-15 0.0 0.0 ""
15459 2006-10-23 pW6 0.0 0.0 0.0 42.20611879314893 0.0 0.0 1.4403154913232098e-15 0.0 0.0 ""
15459 2006-10-23 pW7 nan nan nan nan nan nan nan nan nan "Feature not in spectral wavelength range."
15461 2006-10-22 pW6 0.0 0.0 0.0 83.98383652012987 0.0 0.0 3.8825147805387304e-15 0.0 0.0 ""
15461 2006-10-22 pW7 nan nan nan nan nan nan nan nan nan "Feature not in spectral wavelength range."
15466 2006-11-10 pW6 0.0 0.0 0.0 50.79554036747288 0.0 0.0 7.340978829017209e-16 0.0 0.0 ""
15466 2006-11-10 pW7 0.0 0.0 0.0 254.67166729315954 0.0 0.0 5.269091365195112e-15 0.0 0.0 ""
15467 2006-10-29 pW6 0.0 0.0 0.0 73.50327191084693 0.0 0.0 3.1970845474971663e-15 0.0 0.0 ""
15467 2006-10-29 pW7 0.0 0.0 0.0 393.2478463903336 0.0 0.0 3.403359328689571e-14 0.0 0.0 ""
15504 2006-11-18 pW6 0.0 0.0 0.0 5.62453912946242 0.0 0.0 6.452173969737516e-16 0.0 0.0 ""
15504 2006-11-18 pW7 nan nan nan nan nan nan nan nan nan "Feature not in spectral wavelength range."
15508 2006-10-29 pW6 0.0 0.0 0.0 23.78535363845711 0.0 0.0 7.409697050043726e-16 0.0 0.0 ""
15508 2006-10-29 pW7 nan nan nan nan nan nan nan nan nan "Feature not in spectral wavelength range."
15508 2006-11-08 pW6 0.0 0.0 0.0 96.81276911409248 0.0 0.0 6.132023961297367e-15 0.0 0.0 ""
15508 2006-11-08 pW7 nan nan nan nan nan nan nan nan nan "Feature not in spectral wavelength range."
15583 2006-10-31 pW6 0.0 0.0 0.0 36.58156048033017 0.0 0.0 9.196351586687576e-16 0.0 0.0 ""
15583 2006-10-31 pW7 0.0 0.0 0.0 475.5117958973033 0.0 0.0 2.5598304075315752e-14 0.0 0.0 ""
15584 2006-11-16 pW6 0.0 0.0 0.0 75.85178801853215 0.0 0.0 3.0279621626808006e-15 0.0 0.0 ""
15584 2006-11-16 pW7 0.0 0.0 0.0 554.9242965630849 0.0 0.0 5.308813325843957e-14 0.0 0.0 ""
15640 2006-11-09 pW6 0.0 0.0 0.0 38.37702643070517 0.0 0.0 1.85813039371887e-15 0.0 0.0 ""
15640 2006-11-09 pW7 nan nan nan nan nan nan nan nan nan "Feature not in spectral wavelength range."
15648 2006-11-13 pW6 0.0 0.0 0.0 40.438247583235295 0.0 0.0 1.4543488707971115e-15 0.0 0.0 ""
15648 2006-11-13 pW7 0.0 0.0 0.0 145.02390349998916 0.0 0.0 5.507909732904203e-15 0.0 0.0 ""
15674 2006-11-16 pW6 0.0 0.0 0.0 76.42271919817853 0.0 0.0 2.1477003784924345e-15 0.0 0.0 ""
15674 2006-11-16 pW7 0.0 0.0 0.0 349.62845841937775 0.0 0.0 1.479771708796023e-14 0.0 0.0 ""
15704 2006-11-12 pW6 0.0 0.0 0.0 93.14584767592487 0.0 0.0 1.8441004084656017e-15 0.0 0.0 ""
15704 2006-11-12 pW7 0.0 0.0 0.0 -490.3577142855688 0.0 0.0 2.009732070122698e-15 0.0 0.0 ""
15749 2006-10-27 pW6 0.0 0.0 0.0 37.256607606122486 0.0 0.0 8.62455784697831e-16 0.0 0.0 ""
15749 2006-10-27 pW7 0.0 0.0 0.0 155.79082477007825 0.0 0.0 3.373568156061513e-15 0.0 0.0 ""
15756 2006-11-14 pW6 0.0 0.0 0.0 96.59230674645852 0.0 0.0 6.610032463261224e-15 0.0 0.0 ""
15756 2006-11-14 pW7 nan nan nan nan nan nan nan nan nan "Feature not in spectral wavelength range."
15776 2006-10-31 pW6 nan nan nan nan nan nan nan nan nan "Feature not in spectral wavelength range."
15776 2006-10-31 pW7 nan nan nan nan nan nan nan nan nan "Feature not in spectral wavelength range."
1580 2005-09-24 pW6 0.0 0.0 0.0 80.96635992891032 0.0 0.0 3.2968716738273977e-15 0.0 0.0 ""
1580 2005-09-24 pW7 0.0 0.0 0.0 360.05875310553336 0.0 0.0 1.369402419591495e-14 0.0 0.0 ""
15868 2006-11-09 pW6 nan nan nan nan nan nan nan nan nan "Feature not in spectral wavelength range."
15868 2006-11-09 pW7 nan nan nan nan nan nan nan nan nan "Feature not in spectral wavelength range."
15868 2006-11-14 pW6 0.0 0.0 0.0 33.10701587540811 0.0 0.0 1.1106244317050438e-15 0.0 0.0 ""
15868 2006-11-14 pW7 0.0 0.0 0.0 199.26899239318186 0.0 0.0 6.541641771356124e-15 0.0 0.0 ""
15868 2006-11-25 pW6 0.0 0.0 0.0 -31.909117483961495 0.0 0.0 -3.0871098915660914e-16 0.0 0.0 ""
15868 2006-11-25 pW7 0.0 0.0 0.0 215.74874411499195 0.0 0.0 8.457131641829846e-15 0.0 0.0 ""
15872 2006-11-08 pW6 0.0 0.0 0.0 46.697534295618084 0.0 0.0 1.859845131275692e-15 0.0 0.0 ""
15872 2006-11-08 pW7 nan nan nan nan nan nan nan nan nan "Feature not in spectral wavelength range."
15897 2006-11-21 pW6 0.0 0.0 0.0 10.947702502022366 0.0 0.0 2.8705835666778467e-15 0.0 0.0 ""
15897 2006-11-21 pW7 0.0 0.0 0.0 39.60953078559692 0.0 0.0 1.0314356478468127e-14 0.0 0.0 ""
15901 2006-11-18 pW6 0.0 0.0 0.0 70.24642957105141 0.0 0.0 1.0926122691172487e-15 0.0 0.0 ""
15901 2006-11-18 pW7 0.0 0.0 0.0 213.6405162813087 0.0 0.0 3.1486436208975075e-15 0.0 0.0 ""
16000 2006-11-12 pW6 0.0 0.0 0.0 154.54406299342565 0.0 0.0 3.547606222265682e-15 0.0 0.0 ""
16000 2006-11-12 pW7 0.0 0.0 0.0 218.002933111878 0.0 0.0 5.328228950787926e-15 0.0 0.0 ""
16021 2006-11-08 pW6 0.0 0.0 0.0 61.41615433440268 0.0 0.0 6.431501285324961e-15 0.0 0.0 ""
16021 2006-11-08 pW7 nan nan nan nan nan nan nan nan nan "Feature not in spectral wavelength range."
16021 2006-11-22 pW6 nan nan nan nan nan nan nan nan nan "Range too small. Please select a wider range"
16021 2006-11-22 pW7 nan nan nan nan nan nan nan nan nan "Range too small. Please select a wider range"
16032 2006-11-13 pW6 0.0 0.0 0.0 45.32727443894589 0.0 0.0 1.0290757785346417e-15 0.0 0.0 ""
16032 2006-11-13 pW7 0.0 0.0 0.0 167.89000528436293 0.0 0.0 4.242823606817193e-15 0.0 0.0 ""
16069 2006-11-08 pW6 0.0 0.0 0.0 28.4460383766137 0.0 0.0 1.946519973366717e-15 0.0 0.0 ""
16069 2006-11-08 pW7 nan nan nan nan nan nan nan nan nan "Feature not in spectral wavelength range."
16069 2006-11-17 pW6 nan nan nan nan nan nan nan nan nan "Range too small. Please select a wider range"
16069 2006-11-17 pW7 nan nan nan nan nan nan nan nan nan "Range too small. Please select a wider range"
16069 2006-11-25 pW6 0.0 0.0 0.0 37.83585428794419 0.0 0.0 4.545438261718972e-16 0.0 0.0 ""
16069 2006-11-25 pW7 0.0 0.0 0.0 263.0749049702648 0.0 0.0 3.777289644384888e-15 0.0 0.0 ""
16069 2006-12-14 pW6 0.0 0.0 0.0 32.67055197767169 0.0 0.0 9.841221954447617e-16 0.0 0.0 ""
16069 2006-12-14 pW7 0.0 0.0 0.0 211.11733996998169 0.0 0.0 7.273218690570419e-15 0.0 0.0 ""
16072 2006-11-16 pW6 0.0 0.0 0.0 15.897764238456944 0.0 0.0 1.4787959088277474e-15 0.0 0.0 ""
16072 2006-11-16 pW7 0.0 0.0 0.0 204.70281543938995 0.0 0.0 2.08388687304176e-14 0.0 0.0 ""
16073 2006-11-19 pW6 0.0 0.0 0.0 39.667485720415215 0.0 0.0 1.4067411248816987e-15 0.0 0.0 ""
16073 2006-11-19 pW7 nan nan nan nan nan nan nan nan nan "Feature not in spectral wavelength range."
16093 2006-11-19 pW6 0.0 0.0 0.0 40.50432917251078 0.0 0.0 3.4908176892650426e-15 0.0 0.0 ""
16093 2006-11-19 pW7 0.0 0.0 0.0 251.4537722793885 0.0 0.0 2.8147971897866038e-14 0.0 0.0 ""
16099 2006-11-13 pW6 0.0 0.0 0.0 9.297889893335082 0.0 0.0 9.703434589657742e-16 0.0 0.0 ""
16099 2006-11-13 pW7 0.0 0.0 0.0 223.51853085655478 0.0 0.0 3.053252888700234e-14 0.0 0.0 ""
16100 2006-11-13 pW6 0.0 0.0 0.0 25.832153161409593 0.0 0.0 1.604665173164249e-15 0.0 0.0 ""
16100 2006-11-13 pW7 0.0 0.0 0.0 130.45072832689448 0.0 0.0 7.343151693875758e-15 0.0 0.0 ""
16106 2006-11-11 pW6 0.0 0.0 0.0 29.113541030157847 0.0 0.0 6.325867725831811e-15 0.0 0.0 ""
16106 2006-11-11 pW7 0.0 0.0 0.0 98.13413810871646 0.0 0.0 1.832950841294807e-14 0.0 0.0 ""
16108 2006-11-19 pW6 0.0 0.0 0.0 90.96248982885677 0.0 0.0 2.0058792569637607e-15 0.0 0.0 ""
16108 2006-11-19 pW7 0.0 0.0 0.0 -118.4126847588708 0.0 0.0 9.02136558636528e-16 0.0 0.0 ""
16116 2006-11-19 pW6 0.0 0.0 0.0 44.2731026442429 0.0 0.0 1.9849401509007626e-15 0.0 0.0 ""
16116 2006-11-19 pW7 nan nan nan nan nan nan nan nan nan "Feature not in spectral wavelength range."
16165 2006-11-17 pW6 nan nan nan nan nan nan nan nan nan "Range too small. Please select a wider range"
16165 2006-11-17 pW7 nan nan nan nan nan nan nan nan nan "Range too small. Please select a wider range"
16185 2006-11-19 pW6 0.0 0.0 0.0 64.75245905518722 0.0 0.0 3.990025500363904e-15 0.0 0.0 ""
16185 2006-11-19 pW7 0.0 0.0 0.0 116.516970927648 0.0 0.0 6.959996907046841e-15 0.0 0.0 ""
16206 2006-11-25 pW6 0.0 0.0 0.0 23.420937943840954 0.0 0.0 1.807293388346406e-15 0.0 0.0 ""
16206 2006-11-25 pW7 0.0 0.0 0.0 41.31033340595167 0.0 0.0 3.150442579199625e-15 0.0 0.0 ""
16211 2006-11-13 pW6 0.0 0.0 0.0 147.19135656868028 0.0 0.0 1.951660559813515e-15 0.0 0.0 ""
16211 2006-11-13 pW7 0.0 0.0 0.0 231.7917918318827 0.0 0.0 3.188928190476332e-15 0.0 0.0 ""
16213 2006-11-19 pW6 0.0 0.0 0.0 120.8749729315369 0.0 0.0 1.6356447597377217e-15 0.0 0.0 ""
16213 2006-11-19 pW7 0.0 0.0 0.0 380.8464069861826 0.0 0.0 4.3236082005520815e-15 0.0 0.0 ""
16215 2006-11-10 pW6 0.0 0.0 0.0 8.440424021194985 0.0 0.0 8.656542966868948e-16 0.0 0.0 ""
16215 2006-11-10 pW7 0.0 0.0 0.0 70.70019399624834 0.0 0.0 7.182563701761321e-15 0.0 0.0 ""
16215 2006-11-20 pW6 0.0 0.0 0.0 23.4650910304739 0.0 0.0 4.43348821585499e-15 0.0 0.0 ""
16215 2006-11-20 pW7 0.0 0.0 0.0 106.8536502897465 0.0 0.0 1.8302199854138347e-14 0.0 0.0 ""
16215 2006-11-25 pW6 0.0 0.0 0.0 17.56653513291647 0.0 0.0 2.063784356153391e-15 0.0 0.0 ""
16215 2006-11-25 pW7 0.0 0.0 0.0 100.74304415746889 0.0 0.0 1.1188872590769742e-14 0.0 0.0 ""
16215 2006-11-30 pW6 0.0 0.0 0.0 33.114889952388864 0.0 0.0 9.16862475145022e-15 0.0 0.0 ""
16215 2006-11-30 pW7 0.0 0.0 0.0 127.3604959596044 0.0 0.0 3.0085515270966685e-14 0.0 0.0 ""
16215 2006-12-02 pW6 0.0 0.0 0.0 46.383479750824705 0.0 0.0 6.162864807854269e-15 0.0 0.0 ""
16215 2006-12-02 pW7 0.0 0.0 0.0 128.39421732682683 0.0 0.0 1.6577486799319688e-14 0.0 0.0 ""
16215 2006-12-04 pW6 0.0 0.0 0.0 51.144874126540344 0.0 0.0 6.5631011688316034e-15 0.0 0.0 ""
16215 2006-12-04 pW7 0.0 0.0 0.0 150.67014998611057 0.0 0.0 1.8526746731927845e-14 0.0 0.0 ""
16215 2006-12-08 pW6 0.0 0.0 0.0 37.324123627453645 0.0 0.0 4.3885806903566936e-15 0.0 0.0 ""
16215 2006-12-08 pW7 0.0 0.0 0.0 124.47957184475865 0.0 0.0 1.450950423870659e-14 0.0 0.0 ""
16215 2006-12-16 pW6 0.0 0.0 0.0 42.688624122130534 0.0 0.0 2.345233409777201e-15 0.0 0.0 ""
16215 2006-12-16 pW7 0.0 0.0 0.0 177.1142024767032 0.0 0.0 1.1322855530567025e-14 0.0 0.0 ""
16232 2006-11-18 pW6 0.0 0.0 0.0 55.77703809809968 0.0 0.0 1.4197387495669066e-15 0.0 0.0 ""
16232 2006-11-18 pW7 0.0 0.0 0.0 369.94763294748253 0.0 0.0 1.4964876606175322e-14 0.0 0.0 ""
16259 2006-11-18 pW6 0.0 0.0 0.0 57.18887577707537 0.0 0.0 2.4103204833130967e-15 0.0 0.0 ""
16259 2006-11-18 pW7 nan nan nan nan nan nan nan nan nan "Feature not in spectral wavelength range."
16276 2006-11-18 pW6 0.0 0.0 0.0 141.08794771691578 0.0 0.0 2.8563753351837156e-15 0.0 0.0 ""
16276 2006-11-18 pW7 0.0 0.0 0.0 241.8702472884035 0.0 0.0 4.076498086234376e-15 0.0 0.0 ""
16280 2006-11-17 pW6 0.0 0.0 0.0 29.73591268888248 0.0 0.0 18.219831201027603 0.0 0.0 ""
16280 2006-11-17 pW7 0.0 0.0 0.0 91.08258344884439 0.0 0.0 54.054003535791026 0.0 0.0 ""
16280 2006-11-20 pW6 0.0 0.0 0.0 13.562487008278254 0.0 0.0 1.4141253466211896e-14 0.0 0.0 ""
16280 2006-11-20 pW7 0.0 0.0 0.0 80.7156656117877 0.0 0.0 7.927203113489556e-14 0.0 0.0 ""
16280 2006-11-24 pW6 0.0 0.0 0.0 12.073665467808098 0.0 0.0 6.387870902593194e-15 0.0 0.0 ""
16280 2006-11-24 pW7 0.0 0.0 0.0 84.64721115292423 0.0 0.0 4.255678621121301e-14 0.0 0.0 ""
16280 2006-12-13 pW6 0.0 0.0 0.0 13.875762183079786 0.0 0.0 2.8978306056685256e-15 0.0 0.0 ""
16280 2006-12-13 pW7 0.0 0.0 0.0 56.838087546019096 0.0 0.0 1.0384948584837135e-14 0.0 0.0 ""
16281 2006-11-21 pW6 0.0 0.0 0.0 11.987471396494811 0.0 0.0 2.090116460658448e-15 0.0 0.0 ""
16281 2006-11-21 pW7 0.0 0.0 0.0 50.24008682551391 0.0 0.0 8.079782761205805e-15 0.0 0.0 ""
16287 2006-11-14 pW6 0.0 0.0 0.0 49.77133708309458 0.0 0.0 2.8223352516152543e-15 0.0 0.0 ""
16287 2006-11-14 pW7 0.0 0.0 0.0 69.06103936600744 0.0 0.0 4.357953248109448e-15 0.0 0.0 ""
16287 2006-11-18 pW6 0.0 0.0 0.0 43.81308657493764 0.0 0.0 2.057305501588973e-15 0.0 0.0 ""
16287 2006-11-18 pW7 nan nan nan nan nan nan nan nan nan "Feature not in spectral wavelength range."
16287 2006-11-20 pW6 0.0 0.0 0.0 77.54135343816199 0.0 0.0 2.8438404082394526e-15 0.0 0.0 ""
16287 2006-11-20 pW7 0.0 0.0 0.0 209.58650333109344 0.0 0.0 4.9149049525941606e-15 0.0 0.0 ""
16287 2006-11-24 pW6 0.0 0.0 0.0 31.216256429960765 0.0 0.0 1.2276345750618378e-15 0.0 0.0 ""
16287 2006-11-24 pW7 0.0 0.0 0.0 150.23391860648815 0.0 0.0 5.800067417756415e-15 0.0 0.0 ""
16287 2006-11-25 pW6 0.0 0.0 0.0 49.272091308524466 0.0 0.0 1.3185565090006526e-15 0.0 0.0 ""
16287 2006-11-25 pW7 0.0 0.0 0.0 152.3988990816348 0.0 0.0 3.879536582161551e-15 0.0 0.0 ""
16287 2006-12-13 pW6 0.0 0.0 0.0 35.911145525765846 0.0 0.0 8.929926124099613e-16 0.0 0.0 ""
16287 2006-12-13 pW7 0.0 0.0 0.0 146.5119120513708 0.0 0.0 3.589402339577927e-15 0.0 0.0 ""
16314 2006-11-16 pW6 nan nan nan nan nan nan nan nan nan "Range too small. Please select a wider range"
16314 2006-11-16 pW7 nan nan nan nan nan nan nan nan nan "Range too small. Please select a wider range"
16314 2006-11-22 pW6 nan nan nan nan nan nan nan nan nan "Range too small. Please select a wider range"
16314 2006-11-22 pW7 nan nan nan nan nan nan nan nan nan "Range too small. Please select a wider range"
16314 2006-12-01 pW6 0.0 0.0 0.0 32.65503306608912 0.0 0.0 1.1040566353939114e-14 0.0 0.0 ""
16314 2006-12-01 pW7 0.0 0.0 0.0 124.97805402655405 0.0 0.0 2.951708036127711e-14 0.0 0.0 ""
16333 2006-11-16 pW6 nan nan nan nan nan nan nan nan nan "Range too small. Please select a wider range"
16333 2006-11-16 pW7 nan nan nan nan nan nan nan nan nan "Range too small. Please select a wider range"
16333 2006-11-19 pW6 0.0 0.0 0.0 3.106833446357271 0.0 0.0 9.650847929759157e-16 0.0 0.0 ""
16333 2006-11-19 pW7 0.0 0.0 0.0 21.35029990350324 0.0 0.0 6.287252175061545e-15 0.0 0.0 ""
16333 2006-11-28 pW6 0.0 0.0 0.0 4.585084958019223 0.0 0.0 1.3529370082522922e-14 0.0 0.0 ""
16333 2006-11-28 pW7 0.0 0.0 0.0 62.649154225228244 0.0 0.0 1.5207821120670016e-13 0.0 0.0 ""
16350 2006-11-21 pW6 0.0 0.0 0.0 77.34368196268247 0.0 0.0 2.219849898652516e-15 0.0 0.0 ""
16350 2006-11-21 pW7 0.0 0.0 0.0 240.44694753071866 0.0 0.0 6.8064623805393964e-15 0.0 0.0 ""
16352 2006-11-24 pW6 0.0 0.0 0.0 30.063982540750743 0.0 0.0 1.1062219811904728e-15 0.0 0.0 ""
16352 2006-11-24 pW7 0.0 0.0 0.0 124.21655621572114 0.0 0.0 4.443647114681482e-15 0.0 0.0 ""
