results/spec_class/sdss_sako18spec_rv3_1_bin5_methavg_step5.ecsv
# %ECSV 0.9
# ---
# datatype:
# - {name: obj_id, datatype: string}
# - {name: sid, datatype: string}
# - {name: date, datatype: string}
# - {name: type, datatype: string}
# - {name: feat_name, datatype: string}
# - {name: vel, datatype: float64}
# - {name: vel_err, datatype: float64}
# - {name: vel_samperr, datatype: float64}
# - {name: pew, datatype: float64}
# - {name: pew_err, datatype: float64}
# - {name: pew_samperr, datatype: float64}
# - {name: area, datatype: float64}
# - {name: area_err, datatype: float64}
# - {name: area_samperr, datatype: float64}
# - {name: msg, datatype: string}
# schema: astropy-2.0
obj_id sid date type feat_name vel vel_err vel_samperr pew pew_err pew_samperr area area_err area_samperr msg
[from data line 122]
13072 723 2006-09-16 Ia pW6 0.0 0.0 0.0 19.19744004409009 0.0 72.61730664036907 1.20803283341165e-16 0.0 2.1723946930482247e-16 ""
13072 723 2006-09-16 Ia pW7 0.0 0.0 0.0 87.36522096779036 0.0 72.6038450014884 3.303160434533203e-16 0.0 2.8188238160380226e-16 ""
13099 747 2006-09-17 Ia pW6 0.0 0.0 0.0 12.045998386483808 0.0 4.567243466544994 1.3219254034940025e-16 0.0 5.422560622550814e-17 ""
13099 747 2006-09-17 Ia pW7 0.0 0.0 0.0 82.54411156630779 0.0 73.33277333487503 9.219970686362833e-16 0.0 9.2574532433878e-16 ""
13135 1099 2006-09-17 Ia pW6 0.0 0.0 0.0 25.508441417256957 0.0 12.359676414094505 4.640224629645883e-16 0.0 2.3769447748760597e-16 ""
13135 1099 2006-09-17 Ia pW7 0.0 0.0 0.0 122.14440833953549 0.0 19.676212197049452 2.1557988888867428e-15 0.0 4.551918950543291e-16 ""
13135 1099 2006-09-24 Ia pW6 0.0 0.0 0.0 14.919247413139427 0.0 4.94528042157094 1.9211540118499026e-15 0.0 6.870687782479374e-16 ""
13135 1099 2006-09-24 Ia pW7 0.0 0.0 0.0 98.44003902794087 0.0 10.06065554897909 1.1619089324614377e-14 0.0 1.4128803946658858e-15 ""
13135 1099 2006-09-27 Ia pW6 0.0 0.0 0.0 22.186383237066714 0.0 10.25064380047756 1.6521641432769998e-15 0.0 8.135389717591542e-16 ""
13135 1099 2006-09-27 Ia pW7 0.0 0.0 0.0 102.76671834754323 0.0 15.401669573739984 6.402792324171917e-15 0.0 1.3044215427932223e-15 ""
13135 1099 2006-09-28 Ia pW6 0.0 0.0 0.0 23.84331129084989 0.0 11.261495900442375 1.4299451145035018e-15 0.0 7.587304107323909e-16 ""
13135 1099 2006-09-28 Ia pW7 0.0 0.0 0.0 118.7745434535188 0.0 23.51083496660948 5.800193897292089e-15 0.0 1.4382284237768944e-15 ""
13135 1099 2006-10-11 Ia pW6 0.0 0.0 0.0 72.49178041323364 0.0 20.042051794735915 3.9410474036580546e-15 0.0 1.2680935250334386e-15 ""
13135 1099 2006-10-11 Ia pW7 nan nan nan nan nan nan nan nan nan "Feature not in spectral wavelength range."
13135 1099 2006-10-15 Ia pW6 0.0 0.0 0.0 39.87551541427958 0.0 22.18183951275308 6.541849715404645e-17 0.0 4.176377809999678e-17 ""
13135 1099 2006-10-15 Ia pW7 0.0 0.0 0.0 162.21985757426643 0.0 50.752990680177675 2.8839318698594343e-16 0.0 1.1479605174352342e-16 ""
13135 1099 2006-10-23 Ia pW6 0.0 0.0 0.0 37.73616996260374 0.0 20.52856255169284 1.657301974805941e-15 0.0 9.787679957080203e-16 ""
13135 1099 2006-10-23 Ia pW7 0.0 0.0 0.0 163.89056710028555 0.0 32.645205594624066 7.543699396998118e-15 0.0 2.1282701655645634e-15 ""
13136 818 2006-09-20 Ia pW6 0.0 0.0 0.0 -2.2481393506637053 0.0 14.450440752038737 -8.171357274725965e-18 0.0 5.067204595434208e-16 ""
13136 818 2006-09-20 Ia pW7 0.0 0.0 0.0 -69.18994094116138 0.0 632.037333051628 6.785920424406132e-16 0.0 9.964248287299249e-15 ""
13152 771 2006-09-18 Ia pW6 0.0 0.0 0.0 11.17168904616482 0.0 9.23583171571019 4.317777998194823e-16 0.0 3.543447349845608e-16 ""
13152 771 2006-09-18 Ia pW7 0.0 0.0 0.0 78.73429941250566 0.0 95.58384714264386 3.9036118490911526e-15 0.0 5.813506245565396e-15 ""
1316 141 2005-09-26 Ia pW6 0.0 0.0 0.0 12.062220960356807 0.0 32.897713948143526 1.2120117853799685e-16 0.0 2.4174287364629007e-16 ""
1316 141 2005-09-26 Ia pW7 0.0 0.0 0.0 85.84408241708354 0.0 93.60678107422066 8.869884192228787e-16 0.0 8.603340020111422e-16 ""
13174 766 2006-09-17 Ia pW6 0.0 0.0 0.0 -0.8140308800397393 0.0 9.245105751601557 -2.039591945373892e-17 0.0 4.0453700027761204e-16 ""
13174 766 2006-09-17 Ia pW7 0.0 0.0 0.0 99.47206857253094 0.0 55.42334398861252 5.47861831684303e-15 0.0 3.653307138819886e-15 ""
13254 822 2006-09-21 Ia pW6 0.0 0.0 0.0 1.0151944010433365 0.0 7.036769579371585 6.08890685922698e-17 0.0 3.233848468487502e-16 ""
13254 822 2006-09-21 Ia pW7 0.0 0.0 0.0 108.95584088811374 0.0 81.17729918274344 6.825709848574885e-15 0.0 6.628686035709393e-15 ""
13305 819 2006-09-24 Ia pW6 0.0 0.0 0.0 1.7241888647837058 0.0 9.236060724194282 1.0687350614557425e-16 0.0 4.573550670494523e-16 ""
13305 819 2006-09-24 Ia pW7 0.0 0.0 0.0 153.65234353207427 0.0 100.47741066325091 7.931762296498758e-15 0.0 6.83595753163231e-15 ""
13327 779 2006-09-18 Ia pW6 0.0 0.0 0.0 9.258682500074825 0.0 27.018451004560582 2.4162479191484373e-16 0.0 5.571365278774899e-16 ""
13327 779 2006-09-18 Ia pW7 0.0 0.0 0.0 41.713503320263705 0.0 78.12639727095343 9.294653445380022e-16 0.0 1.3967468237749912e-15 ""
13354 796 2006-09-27 Ia pW6 0.0 0.0 0.0 4.637971479227587 0.0 18.943800442777906 2.6739661333695394e-16 0.0 8.64747322895973e-16 ""
13354 796 2006-09-27 Ia pW7 0.0 0.0 0.0 141.4489205485381 0.0 123.60176286554145 1.3032557695607715e-14 0.0 1.4637003510178446e-14 ""
13357 820 2006-09-21 Ia? pW6 0.0 0.0 0.0 14.109100322699087 0.0 95.97057587318442 3.469446322258508e-16 0.0 9.036023123259078e-16 ""
13357 820 2006-09-21 Ia? pW7 0.0 0.0 0.0 -67.34013158269325 0.0 284.08479899389886 1.0594028039481915e-16 0.0 7.769165684767808e-16 ""
13370 824 2006-09-22 Ia pW6 0.0 0.0 0.0 13.5733896814776 0.0 13.15141875522491 3.6822818616469347e-16 0.0 3.5036433396814627e-16 ""
13370 824 2006-09-22 Ia pW7 0.0 0.0 0.0 70.42940795236585 0.0 80.43040956623834 1.895666045573498e-15 0.0 1.987789026340966e-15 ""
13411 1689 2006-09-22 Ia pW6 0.0 0.0 0.0 17.095909097028823 0.0 23.526567625371257 4.59362832983165e-16 0.0 6.014236250721168e-16 ""
13411 1689 2006-09-22 Ia pW7 0.0 0.0 0.0 62.55994663056827 0.0 26.802505609317013 1.625259314109651e-15 0.0 1.0545749398884935e-15 ""
13425 816 2006-09-20 Ia pW6 0.0 0.0 0.0 2.2322162844276336 0.0 10.165317156397158 1.1787204577721821e-16 0.0 4.3602930415709565e-16 ""
13425 816 2006-09-20 Ia pW7 0.0 0.0 0.0 57.27616315907806 0.0 63.50063556093746 2.7979682579013246e-15 0.0 2.987439765614591e-15 ""
13467 886 2006-09-28 Ia? pW6 0.0 0.0 0.0 7.8668802940964335 0.0 12.424120822598564 4.646994780430287e-16 0.0 7.066767228652647e-16 ""
13467 886 2006-09-28 Ia? pW7 0.0 0.0 0.0 87.39232909345188 0.0 87.64221751139543 8.139544952822005e-15 0.0 1.0975823759088834e-14 ""
13506 837 2006-09-25 Ia pW6 0.0 0.0 0.0 2.826071758947431 0.0 34.02804382428326 1.7761988504266373e-16 0.0 5.819917638504795e-16 ""
13506 837 2006-09-25 Ia pW7 0.0 0.0 0.0 32.793223877591984 0.0 93.38237199943367 7.041547850420762e-16 0.0 1.2981072400363801e-15 ""
13511 838 2006-09-25 Ia pW6 0.0 0.0 0.0 36.855034475243194 0.0 31.410591414249655 8.354386372451765e-16 0.0 7.249350404143175e-16 ""
13511 838 2006-09-25 Ia pW7 0.0 0.0 0.0 94.94084956951873 0.0 31.25394770898996 1.812951714022704e-15 0.0 8.204751341307451e-16 ""
13578 871 2006-09-27 Ia pW6 0.0 0.0 0.0 21.906409880547006 0.0 809.0156323905426 6.967144840498405e-18 0.0 1.2967263611394298e-15 ""
13578 871 2006-09-27 Ia pW7 0.0 0.0 0.0 -8.384902465466633 0.0 1078.0428399826385 6.899210860420783e-16 0.0 3.5502551193666345e-15 ""
13610 839 2006-09-23 Ia pW6 0.0 0.0 0.0 -18.612274868098766 0.0 83.57712216257518 9.330869389328197e-17 0.0 4.868053852218958e-16 ""
13610 839 2006-09-23 Ia pW7 0.0 0.0 0.0 -1527.6295720547866 0.0 15371.343938719438 -2.50210692702492e-16 0.0 2.451052824246089e-15 ""
13641 873 2006-09-27 Ia pW6 0.0 0.0 0.0 11.557610247733622 0.0 39.971845911352744 2.27065744571069e-16 0.0 4.0666787056151297e-16 ""
13641 873 2006-09-27 Ia pW7 0.0 0.0 0.0 710.0897232999471 0.0 3511.9725156064387 2.989848996974572e-15 0.0 3.464858342544527e-15 ""
13655 840 2006-09-27 Ia pW6 0.0 0.0 0.0 1.4914009322085304 0.0 15.36787777913056 7.595872994495287e-17 0.0 4.627926026269157e-16 ""
13655 840 2006-09-27 Ia pW7 0.0 0.0 0.0 60.7618035779348 0.0 43.89016531706707 1.967208027677292e-15 0.0 1.4084319537830502e-15 ""
13689 874 2006-09-27 Ia pW6 0.0 0.0 0.0 -9.562893011544919 0.0 58.35833083500745 5.940716827953602e-17 0.0 6.260920928565897e-16 ""
13689 874 2006-09-27 Ia pW7 0.0 0.0 0.0 186.9728421619425 0.0 187.4272472561632 5.489010847379295e-15 0.0 6.477646411546913e-15 ""
1371 154 2005-09-25 Ia pW6 0.0 0.0 0.0 9.499995172281126 0.0 8.318914777016287 1.0700690696845178e-15 0.0 9.327424047122589e-16 ""
1371 154 2005-09-25 Ia pW7 0.0 0.0 0.0 20.043528218526784 0.0 6.688428379147554 2.178467975738439e-15 0.0 7.652656695878882e-16 ""
13727 841 2006-09-24 Ia pW6 0.0 0.0 0.0 -199.16795390461544 0.0 2105.817777930083 1.5569587688015747e-16 0.0 2.3282642358148635e-15 ""
13727 841 2006-09-24 Ia pW7 0.0 0.0 0.0 223.868209519962 0.0 2911.907290879202 1.879424653831506e-15 0.0 5.389770021194103e-15 ""
13727 841 2006-09-25 Ia pW6 0.0 0.0 0.0 -9.67421978493742 0.0 43.566884960262996 -1.3239458677711104e-16 0.0 1.5197451119469454e-15 ""
13727 841 2006-09-25 Ia pW7 0.0 0.0 0.0 81.84937134180086 0.0 104.8371310848687 3.2066659878026465e-15 0.0 3.0712693317631925e-15 ""
13736 1077 2006-09-29 Ia pW6 0.0 0.0 0.0 8.093543498020928 0.0 15.887950057140563 3.628425898144325e-16 0.0 6.678466956087896e-16 ""
13736 1077 2006-09-29 Ia pW7 0.0 0.0 0.0 94.7350620719615 0.0 63.63797609540976 4.0553211867698335e-15 0.0 3.2765904151910394e-15 ""
13736 1077 2006-10-17 Ia pW6 0.0 0.0 0.0 6.342091875972806 0.0 22.45005265525579 3.204336842838174e-16 0.0 7.011673058408772e-16 ""
13736 1077 2006-10-17 Ia pW7 0.0 0.0 0.0 37.37918301650163 0.0 267.2904944568578 4.223101143802932e-15 0.0 7.50713382602911e-15 ""
13757 842 2006-09-26 Ia pW6 0.0 0.0 0.0 10.150336527571843 0.0 64.3753372607351 1.68148734853812e-16 0.0 3.5953809307589994e-16 ""
13757 842 2006-09-26 Ia pW7 0.0 0.0 0.0 87.59095633420961 0.0 125.46586450465308 7.012740184403485e-16 0.0 7.1308097446513e-16 ""
13796 1058 2006-09-26 Ia pW6 0.0 0.0 0.0 3.0752922934972022 0.0 4.811899454258695 1.503350434078724e-16 0.0 2.2962440444955684e-16 ""
13796 1058 2006-09-26 Ia pW7 0.0 0.0 0.0 54.917413713943866 0.0 76.88165522285502 2.4917326225910664e-15 0.0 3.4298162497391025e-15 ""
13796 1058 2006-10-17 Ia pW6 0.0 0.0 0.0 52.066962445813886 0.0 16.173088109295893 1.5093613867653062e-16 0.0 5.5322312397815446e-17 ""
13796 1058 2006-10-17 Ia pW7 0.0 0.0 0.0 81.77536272932896 0.0 38.628711755784174 2.1889443705796818e-16 0.0 1.222654137593941e-16 ""
13796 1058 2006-10-31 Ia? pW6 0.0 0.0 0.0 11.13202173700494 0.0 64.14859283239417 1.04521029406581e-15 0.0 2.747881797577734e-15 ""
13796 1058 2006-10-31 Ia? pW7 0.0 0.0 0.0 20.382918640421384 0.0 74.59091942308372 2.1563238753533217e-15 0.0 4.139475183936029e-15 ""
13830 843 2006-09-24 Ia pW6 0.0 0.0 0.0 12.807597605732933 0.0 22.92051646835652 5.1695980606830705e-16 0.0 7.97919350147874e-16 ""
13830 843 2006-09-24 Ia pW7 0.0 0.0 0.0 157.40953592249681 0.0 90.33558759064496 5.57429936074537e-15 0.0 4.004938282527374e-15 ""
13835 941 2006-09-29 Ia pW6 0.0 0.0 0.0 -2.693822150379563 0.0 49.099085894897215 1.5009127264027994e-16 0.0 9.264357923992809e-16 ""
13835 941 2006-09-29 Ia pW7 0.0 0.0 0.0 150.92006643960215 0.0 106.6738509860741 3.967786985784734e-15 0.0 3.0705341163529413e-15 ""
13894 2852 2006-10-16 Ia pW6 0.0 0.0 0.0 22.570328289824353 0.0 12.277253276320721 8.850684807134026e-17 0.0 5.078971065112428e-17 ""
13894 2852 2006-10-16 Ia pW7 0.0 0.0 0.0 64.62341504236686 0.0 13.204455046583213 2.2902293854184705e-16 0.0 5.841655216531987e-17 ""
13903 880 2006-09-30 Ia? pW6 0.0 0.0 0.0 -109.93980602873712 0.0 484.24479041232973 3.333009004670681e-06 0.0 2.076898935101934e-05 ""
13903 880 2006-09-30 Ia? pW7 0.0 0.0 0.0 1001.5257314662922 0.0 8500.967065211038 2.7299550459341117e-05 0.0 8.019972062235081e-05 ""
13934 1049 2006-10-15 Ia pW6 0.0 0.0 0.0 65.18397532792925 0.0 43.29530640651272 1.9411908788880753e-16 0.0 1.5825845849265897e-16 ""
13934 1049 2006-10-15 Ia pW7 0.0 0.0 0.0 -53.284872908435304 0.0 259.46801537948323 1.670181663704413e-16 0.0 4.258916341356105e-16 ""
13956 883 2006-09-26 Ia pW6 0.0 0.0 0.0 14.900015311411932 0.0 47.45450697420221 2.3479210498462903e-16 0.0 4.209714620184202e-16 ""
13956 883 2006-09-26 Ia pW7 0.0 0.0 0.0 194.68229037387513 0.0 85.56317384749266 2.699081123867003e-15 0.0 1.6882200442966925e-15 ""
14019 943 2006-10-18 Ia pW6 0.0 0.0 0.0 7.28580423525968 0.0 39.614591470107435 6.048247696109793e-16 0.0 1.6928614028042852e-15 ""
14019 943 2006-10-18 Ia pW7 0.0 0.0 0.0 77.77449401514842 0.0 91.02816793950325 4.429377416375429e-15 0.0 5.2830362552181475e-15 ""
14024 905 2006-09-28 Ia pW6 0.0 0.0 0.0 -29.684039837973252 0.0 80.97731262668752 -1.1978047616707022e-16 0.0 1.1721803827405387e-15 ""
14024 905 2006-09-28 Ia pW7 0.0 0.0 0.0 29.879749528853612 0.0 73.3370460870379 1.0077408291961956e-15 0.0 1.764033367792796e-15 ""
14108 2857 2006-10-01 Ia pW6 0.0 0.0 0.0 4.2631774308799475 0.0 26.68433007843437 3.1204577429197903e-16 0.0 1.2586175069894825e-15 ""
14108 2857 2006-10-01 Ia pW7 0.0 0.0 0.0 56.78953948360515 0.0 70.08449531406434 3.4927083058205674e-15 0.0 3.761360323838335e-15 ""
14157 1040 2006-10-17 Ia pW6 0.0 0.0 0.0 8.642727119764931 0.0 7.173205196568334 5.10824445433004e-17 0.0 4.211153050214529e-17 ""
14157 1040 2006-10-17 Ia pW7 0.0 0.0 0.0 98.9691227857511 0.0 68.77327103497876 6.876043532281487e-16 0.0 6.211999488480132e-16 ""
14186 2059 2006-09-30 Ia? pW6 0.0 0.0 0.0 -0.5440300342965665 0.0 88.83017628544607 3.375238104258703e-16 0.0 1.0789578500251555e-15 ""
14186 2059 2006-09-30 Ia? pW7 0.0 0.0 0.0 156.19235811267765 0.0 200.94453803464947 4.624166276297685e-15 0.0 4.514595742660023e-15 ""
14212 962 2006-10-09 Ia pW6 0.0 0.0 0.0 11.221209223598269 0.0 19.482522491470473 2.760078812066957e-16 0.0 3.9932428094479555e-16 ""
14212 962 2006-10-09 Ia pW7 0.0 0.0 0.0 66.59256841051949 0.0 70.09697619569101 1.5189058931291197e-15 0.0 1.472838895752308e-15 ""
14261 1024 2006-10-15 Ia pW6 0.0 0.0 0.0 4.117359521564236 0.0 36.66019350940745 7.89528742332574e-17 0.0 2.892591910096803e-16 ""
14261 1024 2006-10-15 Ia pW7 0.0 0.0 0.0 111.54113705301212 0.0 104.40547483126139 1.11024646235261e-15 0.0 1.0753647564667964e-15 ""
14279 1119 2006-10-01 Ia pW6 0.0 0.0 0.0 5.1990471811633565 0.0 6.136715256704181 1.5746855120879799e-15 0.0 1.816691815496349e-15 ""
14279 1119 2006-10-01 Ia pW7 0.0 0.0 0.0 61.9824539196191 0.0 29.055115064499407 2.1475421239177872e-14 0.0 1.1673966947200843e-14 ""
14279 1119 2006-10-17 Ia pW6 0.0 0.0 0.0 10.961925782696122 0.0 2.8651974975405605 1.140466720054115e-14 0.0 3.119265869192972e-15 ""
14279 1119 2006-10-17 Ia pW7 0.0 0.0 0.0 73.69811533254601 0.0 20.96805537530584 7.172226858889823e-14 0.0 2.240508943600904e-14 ""
14279 1119 2006-10-20 Ia pW6 0.0 0.0 0.0 9.28576710845466 0.0 4.145577058833105 5.454608805836204e-15 0.0 2.5032022702337783e-15 ""
14279 1119 2006-10-20 Ia pW7 0.0 0.0 0.0 77.10098720406766 0.0 6.777962090193872 3.8410609016610446e-14 0.0 4.056601609030628e-15 ""
14279 1119 2006-10-27 Ia pW6 0.0 0.0 0.0 13.18916065226757 0.0 5.7212571459934205 4.284667677168726e-15 0.0 2.007589312740464e-15 ""
14279 1119 2006-10-27 Ia pW7 0.0 0.0 0.0 89.33989800350062 0.0 24.638874501330747 3.41450452800837e-14 0.0 1.1146197925979282e-14 ""
14279 1119 2006-11-09 Ia pW6 0.0 0.0 0.0 27.795091995684864 0.0 3.8173235276184547 1.1760969253312268e-14 0.0 1.790661852536306e-15 ""
14279 1119 2006-11-09 Ia pW7 0.0 0.0 0.0 93.8464126048384 0.0 29.280885414783132 3.834610945099263e-14 0.0 1.2268633524887283e-14 ""
14279 1119 2006-11-26 Ia pW6 0.0 0.0 0.0 7.20704633726342 0.0 2.1652668253368637 1.7113094212892613e-15 0.0 5.2747554429897e-16 ""
14279 1119 2006-11-26 Ia pW7 0.0 0.0 0.0 58.31087959439756 0.0 30.75644089068384 1.4307667405026822e-14 0.0 8.004593776102931e-15 ""
14284 947 2006-10-02 Ia pW6 0.0 0.0 0.0 1.5941878918970844 0.0 3.5338636686746057 3.039931573777211e-16 0.0 6.316020189514615e-16 ""
14284 947 2006-10-02 Ia pW7 0.0 0.0 0.0 37.177113482615276 0.0 15.41040213693698 7.106745832041576e-15 0.0 3.096463875178644e-15 ""
14298 1048 2006-10-15 Ia pW6 0.0 0.0 0.0 18.312730013657813 0.0 10.389509890419665 1.4474786418677232e-16 0.0 8.449608561606229e-17 ""
14298 1048 2006-10-15 Ia pW7 0.0 0.0 0.0 50.30927704796186 0.0 17.11044313629571 3.259196896114869e-16 0.0 1.269686952282873e-16 ""
14318 1713 2006-11-26 Ia pW6 0.0 0.0 0.0 0.1568344149264663 0.0 5.214428637085063 4.218520332290601e-17 0.0 6.512129511525104e-16 ""
