results/spec_class/sdss_sako18spec_rv3_1_bin5_methavg_step3.ecsv
# %ECSV 0.9
# ---
# datatype:
# - {name: obj_id, datatype: string}
# - {name: sid, datatype: string}
# - {name: date, datatype: string}
# - {name: type, datatype: string}
# - {name: feat_name, datatype: string}
# - {name: feat_start, datatype: float64}
# - {name: feat_end, datatype: float64}
# - {name: vel, datatype: float64}
# - {name: vel_err, datatype: float64}
# - {name: vel_samperr, datatype: float64}
# - {name: pew, datatype: float64}
# - {name: pew_err, datatype: float64}
# - {name: pew_samperr, datatype: float64}
# - {name: area, datatype: float64}
# - {name: area_err, datatype: float64}
# - {name: area_samperr, datatype: float64}
# - {name: msg, datatype: string}
# meta: !!omap
# - {bin_size: 5}
# - {method: avg}
# - {nstep: 3}
# - {rv: 3.1}
# schema: astropy-2.0
obj_id sid date type feat_name feat_start feat_end vel vel_err vel_samperr pew pew_err pew_samperr area area_err area_samperr msg
[from data line 273]
14815 978 2006-10-10 Ia pW7 5872.423353664284 6264.476221773295 14166.674149497841 0.0 0.0 79.80013923309234 0.0 26.719215295179403 2.7289207458436126e-15 0.0 1.1212922769279231e-15 ""
14816 1071 2006-10-17 Ia pW6 5645.69436117795 5853.672210632732 11108.273534353437 0.0 0.0 12.289112999753844 0.0 9.242045302766694 1.0376013303915406e-15 0.0 7.775652765593509e-16 ""
14816 1071 2006-10-17 Ia pW7 5853.672210632732 6378.138091866528 10401.438680436773 0.0 0.0 63.936525791709144 0.0 21.680454421538048 5.023239416621789e-15 0.0 1.8659400853177458e-15 ""
14816 1072 2006-10-29 Ia pW6 5551.652203163614 5881.7040077331585 14969.293839776617 0.0 0.0 9.211753574443332 0.0 7.289065361435125 1.435252615609985e-15 0.0 1.1118093166895223e-15 ""
14816 1072 2006-10-29 Ia pW7 5881.7040077331585 6406.169888966955 6717.311699333081 0.0 0.0 23.60613946286251 0.0 22.324526444116422 3.4718260263601396e-15 0.0 3.10221445203527e-15 ""
14816 979 2006-10-10 Ia pW6 5557.981963799194 5933.24634433717 nan nan nan nan nan nan nan nan nan "Optimal parameters not found: Number of calls to function has reached maxfev = 1000."
14816 979 2006-10-10 Ia pW7 5933.24634433717 6385.372104021478 8081.5751703294145 0.0 0.0 38.2428486271428 0.0 15.655509829544044 5.668227597074265e-15 0.0 2.534924569327371e-15 ""
14846 1014 2006-10-15 Ia pW6 5581.032255955008 5944.79049160495 12745.754604995886 0.0 0.0 8.534379504573803 0.0 13.981889704724136 1.8893305059776105e-17 0.0 2.857422321979935e-17 ""
14846 1014 2006-10-15 Ia pW7 5944.79049160495 6357.594781499828 10348.101279806255 0.0 0.0 51.776793414669164 0.0 23.942469968464156 9.366746313756584e-17 0.0 4.790632489612544e-17 ""
14871 1008 2006-10-15 Ia pW7 5953.344235354916 6391.451718320135 8752.040967999652 0.0 0.0 76.21772464646556 0.0 14.613381054383936 3.0752765395485023e-16 0.0 7.341010681058536e-17 ""
14871 1008 2006-10-15 Ia pW6 5577.823535670444 5953.344235354916 nan nan nan nan nan nan nan nan nan "Optimal parameters not found: Number of calls to function has reached maxfev = 1000."
14871 1222 2006-10-27 Ia pW6 5565.306179014294 5967.649785819087 11075.81871559907 0.0 0.0 -7.420351132796864 0.0 54.32531446356012 2.191175821594704e-16 0.0 4.677183840940508e-15 ""
14871 1222 2006-10-27 Ia pW7 5967.649785819087 6329.7590319434 9358.32611455938 0.0 0.0 50.15676017959461 0.0 28.1658847021943 3.8574553758459226e-15 0.0 2.5308921895212983e-15 ""
14979 1009 2006-10-15 Ia pW7 5951.819374075141 6330.049951934968 10478.875015853704 0.0 0.0 53.95061254240533 0.0 22.83267079435977 3.156272635894836e-17 0.0 1.468982576785932e-17 ""
14979 1009 2006-10-15 Ia pW6 5654.334649915727 5951.819374075141 7495.814741224771 0.0 0.0 10.311506058881614 0.0 24.53655917695109 8.210379567591094e-18 0.0 1.5478404576003933e-17 ""
14984 1027 2006-10-16 Ia pW7 5899.993067286215 6369.219427154932 7915.107044396366 0.0 0.0 67.69203613855333 0.0 35.96491512604553 9.771490130217306e-17 0.0 5.896586828411034e-17 ""
14984 1027 2006-10-16 Ia pW6 5642.129932583585 5899.993067286215 10301.346158554885 0.0 0.0 8.847690433453073 0.0 13.450366278016023 1.4005500609065147e-17 0.0 1.963099519622964e-17 ""
15002 1094 2006-10-18 Ia? pW7 6223.284159527743 6223.284159527743 nan nan nan nan nan nan nan nan nan "Range too small. Please select a wider range"
15002 1094 2006-10-18 Ia? pW6 5605.916731833228 5605.916731833228 nan nan nan nan nan nan nan nan nan "Range too small. Please select a wider range"
15009 1117 2006-10-18 Ia? pW6 5721.984736726738 5721.984736726738 nan nan nan nan nan nan nan nan nan "Range too small. Please select a wider range"
15009 1117 2006-10-18 Ia? pW7 6891.554544165977 6891.554544165977 nan nan nan nan nan nan nan nan nan "Range too small. Please select a wider range"
15129 1015 2006-10-18 Ia pW7 5947.185547841674 6348.485760530786 9565.812355133581 0.0 0.0 35.08471386710125 0.0 15.229920553412274 1.4554595832372223e-16 0.0 6.278795947982643e-17 ""
15129 1015 2006-10-18 Ia pW6 5658.751019971373 5947.185547841674 nan nan nan nan nan nan nan nan nan "Optimal parameters not found: Number of calls to function has reached maxfev = 1000."
15132 1012 2006-10-16 Ia pW6 5605.631042195523 5961.2137338177345 7696.318754158314 0.0 0.0 13.807966366011435 0.0 8.217593170012382 7.220163840378472e-17 0.0 4.438132156477795e-17 ""
15132 1012 2006-10-16 Ia pW7 5961.2137338177345 6308.123676863795 11226.752816088001 0.0 0.0 79.18792399876585 0.0 13.55362606671754 3.4672082230391535e-16 0.0 6.82198542911908e-17 ""
15132 1192 2006-10-27 Ia pW7 5899.637218927059 6294.247279141952 11074.398911059043 0.0 0.0 78.68578766170914 0.0 57.71270783404139 4.66635956145649e-15 0.0 3.4498810542457904e-15 ""
15132 1192 2006-10-27 Ia pW6 5643.79113593059 5899.637218927059 11117.632637924804 0.0 0.0 4.557625441822606 0.0 39.29064388064687 6.916642877414541e-16 0.0 2.107628691959181e-15 ""
15136 1022 2006-10-15 Ia pW6 5659.62253494611 5659.62253494611 nan nan nan nan nan nan nan nan nan "Range too small. Please select a wider range"
15136 1022 2006-10-15 Ia pW7 6016.971459151532 6016.971459151532 nan nan nan nan nan nan nan nan nan "Range too small. Please select a wider range"
15161 1010 2006-10-16 Ia pW7 6246.185489723049 6246.185489723049 nan nan nan nan nan nan nan nan nan "Range too small. Please select a wider range"
15161 1010 2006-10-16 Ia pW6 5613.437328296979 5613.437328296979 nan nan nan nan nan nan nan nan nan "Range too small. Please select a wider range"
15170 1021 2006-10-15 Ia-pec pW6 5576.894666863643 5576.894666863643 nan nan nan nan nan nan nan nan nan "Range too small. Please select a wider range"
15170 1021 2006-10-15 Ia-pec pW7 5749.009978385186 5749.009978385186 nan nan nan nan nan nan nan nan nan "Range too small. Please select a wider range"
15171 1045 2006-10-15 Ia pW6 5626.062546949749 5951.141510387151 7213.218246623764 0.0 0.0 11.35359449913708 0.0 14.673015064328911 3.321142767508224e-17 0.0 3.979621131955761e-17 ""
15171 1045 2006-10-15 Ia pW7 5951.141510387151 6346.507817270479 10822.753491684913 0.0 0.0 50.406117906819 0.0 28.545932629488604 1.3112626295642667e-16 0.0 7.75200890132681e-17 ""
15171 1229 2006-10-28 Ia pW7 5914.240655078041 6322.78583885748 10191.578858660669 0.0 0.0 64.78320557265538 0.0 52.921936092839445 2.800064872398276e-15 0.0 2.302868470248573e-15 ""
15171 1229 2006-10-28 Ia pW6 5619.91240439823 5914.240655078041 11797.012669450185 0.0 0.0 29.753542026274868 0.0 38.09792539823949 1.6553560189819408e-15 0.0 1.8245570656557173e-15 ""
15201 1116 2006-10-18 Ia pW7 5973.80718496812 6445.913957298357 7468.063200372391 0.0 0.0 55.58033041963287 0.0 73.83742848283609 3.1548206532140088e-15 0.0 3.335636107730088e-15 ""
15201 1116 2006-10-18 Ia pW6 5679.775774130868 5973.80718496812 8520.333250702499 0.0 0.0 13.662271010363428 0.0 18.507155966492274 7.064742211318184e-16 0.0 9.203432163385665e-16 ""
15203 1026 2006-10-16 Ia pW6 5625.742854055671 5625.742854055671 nan nan nan nan nan nan nan nan nan "Range too small. Please select a wider range"
15203 1026 2006-10-16 Ia pW7 6735.348632317372 6735.348632317372 nan nan nan nan nan nan nan nan nan "Range too small. Please select a wider range"
15213 1233 2006-10-26 Ia pW6 5567.157255255595 5957.566358064857 nan nan nan nan nan nan nan nan nan "Optimal parameters not found: Number of calls to function has reached maxfev = 1000."
15213 1233 2006-10-26 Ia pW7 5953.738817841237 6355.630541321359 6996.380608771125 0.0 0.0 48.91338211611607 0.0 35.84972214678864 2.2866113183453454e-15 0.0 1.7507130199560384e-15 ""
15217 1016 2006-10-15 Ia pW7 5928.464236828433 6298.019545852756 11488.175290761672 0.0 0.0 99.12435456134965 0.0 27.018143053056324 1.7438260961569005e-16 0.0 6.105847722835823e-17 ""
15217 1016 2006-10-15 Ia pW6 5642.24002689783 5928.464236828433 10519.855945032841 0.0 0.0 5.3595245768993856 0.0 36.815888954564265 2.2883332125103154e-17 0.0 6.930490928201214e-17 ""
15219 1006 2006-10-15 Ia pW6 5645.603866594778 5942.466430460346 8058.89180667355 0.0 0.0 13.35331498053114 0.0 16.509142415879538 8.642709077950548e-17 0.0 9.904633847847777e-17 ""
15219 1006 2006-10-15 Ia pW7 5938.454774191892 6359.678682379523 10204.993371457425 0.0 0.0 61.50533555440104 0.0 19.426696723311025 3.289656611912397e-16 0.0 1.166344202873361e-16 ""
15222 1004 2006-10-16 Ia pW6 5628.9414484914505 5628.9414484914505 nan nan nan nan nan nan nan nan nan "Range too small. Please select a wider range"
15222 1004 2006-10-16 Ia pW7 6709.905217423968 6709.905217423968 nan nan nan nan nan nan nan nan nan "Range too small. Please select a wider range"
15229 1154 2006-10-23 Ia pW6 5611.590115487269 5611.590115487269 nan nan nan nan nan nan nan nan nan "Range too small. Please select a wider range"
15229 1154 2006-10-23 Ia pW7 5848.797481348549 5848.797481348549 nan nan nan nan nan nan nan nan nan "Range too small. Please select a wider range"
15234 1043 2006-10-16 Ia pW7 5927.483579060131 6297.483297155583 11297.394154866932 0.0 0.0 21.602245043929376 0.0 15.308778577284478 1.0543790724827656e-16 0.0 7.144216829153024e-17 ""
15234 1043 2006-10-16 Ia pW6 5610.340963549743 5931.888337608886 3792.3478017102643 0.0 0.0 -0.4136749301507377 0.0 32.98573025463189 1.9011523971421657e-17 0.0 1.503132359332748e-16 ""
15234 1219 2006-10-27 Ia? pW7 5953.912130352663 6420.816536520734 7305.281777750933 0.0 0.0 24.105415282259308 0.0 17.173727049256808 1.5964567496128836e-15 0.0 1.1633024680985645e-15 ""
15234 1219 2006-10-27 Ia? pW6 5588.317170805965 5953.912130352663 nan nan nan nan nan nan nan nan nan "Optimal parameters not found: Number of calls to function has reached maxfev = 1000."
15254 1235 2006-11-20 Ia? pW7 5901.637980171162 6317.685775741917 11459.775327958438 0.0 0.0 83.95613233018253 0.0 28.73380523986629 7.170260478616113e-16 0.0 2.77121287736402e-16 ""
15254 1235 2006-11-20 Ia? pW6 5556.318309847435 5901.637980171162 15040.094465257229 0.0 0.0 36.17852252335854 0.0 19.050926206257454 3.1814197553779046e-16 0.0 1.7691317173165194e-16 ""
15259 1051 2006-10-16 Ia pW7 5863.916817219437 6371.954972123987 8551.971840634846 0.0 0.0 152.8667418874768 0.0 79.98220615642073 1.6867395373871008e-16 0.0 1.187202584195085e-16 ""
15259 1051 2006-10-16 Ia pW6 5645.006067545118 5863.916817219437 11505.486484909476 0.0 0.0 20.35739855943373 0.0 27.525585530596107 2.3836824019404518e-17 0.0 2.6622855778171026e-17 ""
15287 1057 2006-10-18 Ia pW6 5628.506441822994 5628.506441822994 nan nan nan nan nan nan nan nan nan "Range too small. Please select a wider range"
15287 1057 2006-10-18 Ia pW7 6963.138277564596 6963.138277564596 nan nan nan nan nan nan nan nan nan "Range too small. Please select a wider range"
15340 1146 2006-10-29 Ia pW7 5931.74717154646 6311.288249669974 9808.373238321228 0.0 0.0 74.65804420054916 0.0 29.042505042046084 1.5658382480678396e-15 0.0 8.151068299495731e-16 ""
15340 1146 2006-10-29 Ia pW6 5608.91912808508 5931.74717154646 8256.740372380582 0.0 0.0 11.879714984335436 0.0 21.088740566152534 2.88716958247403e-16 0.0 4.745154982305457e-16 ""
15354 1110 2006-10-18 Ia pW6 5360.532358576893 5360.532358576893 nan nan nan nan nan nan nan nan nan "Range too small. Please select a wider range"
15354 1110 2006-10-18 Ia pW7 6736.813303393762 6736.813303393762 nan nan nan nan nan nan nan nan nan "Range too small. Please select a wider range"
15354 1217 2006-10-28 Ia pW6 5625.957969363004 5933.163537402484 9262.97721435875 0.0 0.0 19.08404145207449 0.0 15.0615702704973 4.212454058898711e-16 0.0 3.378682547867859e-16 ""
15354 1217 2006-10-28 Ia pW7 5933.163537402484 6383.731703860387 8881.984306784256 0.0 0.0 59.017530187432364 0.0 28.47458414666888 1.2745090944685373e-15 0.0 6.704172024267528e-16 ""
15356 1212 2006-10-28 Ia pW6 5628.627588638614 5824.952234213732 12560.14418762454 0.0 0.0 6.057960762709893 0.0 5.598078119917841 1.995279813098511e-16 0.0 1.8303651647499893e-16 ""
15356 1212 2006-10-28 Ia pW7 5824.952234213732 6429.632142585093 11419.11792190574 0.0 0.0 4.880936152913014 0.0 27.73718072049383 2.248793945467353e-16 0.0 8.251932109919227e-16 ""
15365 1167 2006-10-23 Ia pW6 5582.352232224504 5582.352232224504 nan nan nan nan nan nan nan nan nan "Range too small. Please select a wider range"
15365 1167 2006-10-23 Ia pW7 nan nan nan nan nan nan nan nan nan nan nan "Feature not in spectral wavelength range."
15369 1128 2006-10-19 Ia pW6 5186.141142031921 5186.141142031921 nan nan nan nan nan nan nan nan nan "Range too small. Please select a wider range"
15369 1128 2006-10-19 Ia pW7 nan nan nan nan nan nan nan nan nan nan nan "Feature not in spectral wavelength range."
15369 1133 2006-10-20 Ia pW6 5571.353224038209 5571.353224038209 nan nan nan nan nan nan nan nan nan "Range too small. Please select a wider range"
15369 1133 2006-10-20 Ia pW7 5416.943317748769 5416.943317748769 nan nan nan nan nan nan nan nan nan "Range too small. Please select a wider range"
15383 1241 2006-10-27 Ia pW6 5610.505086148155 5610.505086148155 nan nan nan nan nan nan nan nan nan "Range too small. Please select a wider range"
15383 1241 2006-10-27 Ia pW7 6188.476467438917 6188.476467438917 nan nan nan nan nan nan nan nan nan "Range too small. Please select a wider range"
15421 1140 2006-10-22 Ia pW6 5592.995099744349 5592.995099744349 nan nan nan nan nan nan nan nan nan "Range too small. Please select a wider range"
15421 1140 2006-10-22 Ia pW7 nan nan nan nan nan nan nan nan nan nan nan "Feature not in spectral wavelength range."
15425 1141 2006-10-22 Ia pW6 5669.1396104876285 5669.1396104876285 nan nan nan nan nan nan nan nan nan "Range too small. Please select a wider range"
15425 1141 2006-10-22 Ia pW7 5884.7782415445945 5884.7782415445945 nan nan nan nan nan nan nan nan nan "Range too small. Please select a wider range"
15433 1171 2006-10-31 Ia pW6 5623.916427330716 5976.56448620818 8289.451833091945 0.0 0.0 12.620726463325052 0.0 18.05533888949001 1.2064223432542273e-15 0.0 1.7091651730743584e-15 ""
15433 1171 2006-10-31 Ia pW7 5976.56448620818 6431.726515689558 7406.526976680221 0.0 0.0 46.730080512066 0.0 46.81060574925373 4.858725072484117e-15 0.0 4.847907247270062e-15 ""
15440 1240 2006-10-28 Ia pW6 5579.587312712183 5976.00559425479 nan nan nan nan nan nan nan nan nan "Optimal parameters not found: Number of calls to function has reached maxfev = 1000."
15440 1240 2006-10-28 Ia pW7 5976.00559425479 6423.958252397934 9079.973849781236 0.0 0.0 35.74716162188086 0.0 9.94667845360305 1.2474713239053229e-15 0.0 3.752185356796253e-16 ""
15443 1173 2006-10-23 Ia? pW6 5630.172067133696 5630.172067133696 nan nan nan nan nan nan nan nan nan "Range too small. Please select a wider range"
15443 1173 2006-10-23 Ia? pW7 6773.053397955512 6773.053397955512 nan nan nan nan nan nan nan nan nan "Range too small. Please select a wider range"
15453 1143 2006-10-23 Ia pW6 5737.671397437579 5737.671397437579 nan nan nan nan nan nan nan nan nan "Range too small. Please select a wider range"
15453 1143 2006-10-23 Ia pW7 nan nan nan nan nan nan nan nan nan nan nan "Feature not in spectral wavelength range."
15456 1237 2006-10-28 Ia pW6 5572.357340770386 5572.357340770386 nan nan nan nan nan nan nan nan nan "Range too small. Please select a wider range"
15456 1237 2006-10-28 Ia pW7 6380.050344989949 6380.050344989949 nan nan nan nan nan nan nan nan nan "Range too small. Please select a wider range"
15459 1144 2006-10-23 Ia pW7 5959.113894469527 6314.537074636202 8980.042505723997 0.0 0.0 23.89235278422442 0.0 32.15696989369226 7.431317429763487e-16 0.0 8.725140746411129e-16 ""
15459 1144 2006-10-23 Ia pW6 5630.347452815352 5959.113894469527 8184.412140739413 0.0 0.0 13.793233171057247 0.0 21.826850381143245 4.579669761014285e-16 0.0 6.656359693123639e-16 ""
15461 1145 2006-10-22 Ia pW6 5649.414717765588 5927.939683308673 8971.78331513699 0.0 0.0 13.15062049163407 0.0 16.607685463114347 5.185401729808572e-16 0.0 6.1560496516147e-16 ""
