results/spec_class/sdss_sako18spec_3_1_2.ecsv
# %ECSV 0.9
# ---
# datatype:
# - {name: obj_id, datatype: string}
# - {name: sid, datatype: string}
# - {name: date, datatype: string}
# - {name: type, datatype: string}
# - {name: feat_name, datatype: string}
# - {name: vel, datatype: float64}
# - {name: vel_err, datatype: float64}
# - {name: vel_samperr, datatype: float64}
# - {name: pew, datatype: float64}
# - {name: pew_err, datatype: float64}
# - {name: pew_samperr, datatype: float64}
# - {name: area, datatype: float64}
# - {name: area_err, datatype: float64}
# - {name: area_samperr, datatype: float64}
# - {name: msg, datatype: string}
# schema: astropy-2.0
obj_id sid date type feat_name vel vel_err vel_samperr pew pew_err pew_samperr area area_err area_samperr msg
10028 489 2005-11-10 Ia? pW6 0.0 0.0 0.0 37.000982714632514 0.0 4.231992034882405 1.446355950379752e-14 0.0 1.8932308775131736e-15 ""
10028 489 2005-11-10 Ia? pW7 0.0 0.0 0.0 37.591784221100234 0.0 9.20161238789275 1.3112199512327658e-14 0.0 3.4785357783870416e-15 ""
10096 532 2005-11-26 Ia pW6 0.0 0.0 0.0 23.84198793133641 0.0 11.34625762703957 2.308505135221362e-15 0.0 1.1197749011442616e-15 ""
10096 532 2005-11-26 Ia pW7 0.0 0.0 0.0 247.68512917875546 0.0 77.20835976269466 4.0827682095284876e-14 0.0 1.8003840389433993e-14 ""
10106 1660 2005-12-28 Ia? pW6 0.0 0.0 0.0 26.244652030524968 0.0 11.183067435620567 8.297046734118338e-16 0.0 3.843264479581143e-16 ""
10106 1660 2005-12-28 Ia? pW7 0.0 0.0 0.0 153.95553835962556 0.0 39.6375363625608 5.020791802697214e-15 0.0 1.550234419544278e-15 ""
1032 149 2005-09-25 Ia pW6 0.0 0.0 0.0 15.984650364650081 0.0 18.10795156670324 9.377752449800374e-16 0.0 1.031232582570976e-15 ""
1032 149 2005-09-25 Ia pW7 0.0 0.0 0.0 62.88058177173091 0.0 23.165056912781235 3.8057916161464424e-15 0.0 1.4941398518984092e-15 ""
10434 505 2005-11-24 Ia pW6 0.0 0.0 0.0 48.694630443544526 0.0 28.102917353292387 5.6074778576202896e-15 0.0 3.4945766994676276e-15 ""
10434 505 2005-11-24 Ia pW7 0.0 0.0 0.0 98.36262958760233 0.0 27.67128470799667 9.044564667491438e-15 0.0 3.3936668337275685e-15 ""
10449 546 2005-11-27 Ia pW6 0.0 0.0 0.0 35.439108351319106 0.0 30.817728848872054 2.757143704870114e-16 0.0 2.4268738784912556e-16 ""
10449 546 2005-11-27 Ia pW7 0.0 0.0 0.0 243.67021070059243 0.0 52.60849857832729 1.9305718536480228e-15 0.0 6.169680917070847e-16 ""
10550 543 2005-11-26 Ia pW6 0.0 0.0 0.0 63.063620690104436 0.0 16.11129751427107 3.823784259088693e-16 0.0 1.32664115859394e-16 ""
10550 543 2005-11-26 Ia pW7 0.0 0.0 0.0 302.62166493578275 0.0 26.961293969247507 1.8117445377282184e-15 0.0 2.952220401195315e-16 ""
10805 495 2005-11-22 Ia pW6 0.0 0.0 0.0 9.302943246419462 0.0 3.480710916101128 6.678325243074398e-15 0.0 2.5907977171218672e-15 ""
10805 495 2005-11-22 Ia pW7 0.0 0.0 0.0 234.078922068086 0.0 49.58072964568851 2.0836391183223388e-13 0.0 6.470498814355204e-14 ""
11067 549 2005-12-04 Ia pW6 0.0 0.0 0.0 35.67806570095735 0.0 19.63765439934775 1.922964221784935e-15 0.0 1.1291178958566166e-15 ""
11067 549 2005-12-04 Ia pW7 0.0 0.0 0.0 281.30914813597303 0.0 102.57159498005575 1.6873505307394613e-14 0.0 9.384880425211149e-15 ""
1112 87 2005-09-26 Ia pW6 0.0 0.0 0.0 51.20304476550255 0.0 24.32106055105634 6.281110276837342e-16 0.0 3.4927799434997185e-16 ""
1112 87 2005-09-26 Ia pW7 0.0 0.0 0.0 120.48497613412103 0.0 65.94746741288229 1.6472247777361728e-15 0.0 1.0458715424377004e-15 ""
1119 189 2005-09-27 Ia pW6 0.0 0.0 0.0 152.4919818921026 0.0 53.537875137819874 5.629621446629032e-16 0.0 3.233884246281812e-16 ""
1119 189 2005-09-27 Ia pW7 0.0 0.0 0.0 273.0875453046526 0.0 143.215609592994 1.713309207514097e-15 0.0 8.546228017153398e-16 ""
11206 560 2005-12-02 Ia pW6 0.0 0.0 0.0 31.75643223722357 0.0 30.267661070638834 5.031418070926353e-16 0.0 4.448133091316557e-16 ""
11206 560 2005-12-02 Ia pW7 0.0 0.0 0.0 86.13909429606963 0.0 46.51925521049632 1.4791197357069544e-15 0.0 1.0086783502821e-15 ""
11300 506 2005-11-24 Ia pW6 0.0 0.0 0.0 76.268379326082 0.0 72.33281439265943 2.5121619964173995e-15 0.0 2.218924728932064e-15 ""
11300 506 2005-11-24 Ia pW7 0.0 0.0 0.0 291.9252373968552 0.0 97.17083298976581 1.3124946324651786e-14 0.0 7.689335336560923e-15 ""
11452 557 2005-12-02 Ia pW6 0.0 0.0 0.0 62.06214926224708 0.0 38.423780795517786 7.579760473134386e-16 0.0 4.3613413006471627e-16 ""
11452 557 2005-12-02 Ia pW7 0.0 0.0 0.0 1046.3488039714016 0.0 2488.1453493486465 3.519518293231782e-15 0.0 2.6879950864162357e-15 ""
11557 554 2005-12-01 Ia pW6 0.0 0.0 0.0 -55.7382778157941 0.0 113.34967918751326 1.3991513372200112e-17 0.0 2.185386629884551e-16 ""
11557 554 2005-12-01 Ia pW7 0.0 0.0 0.0 -2624.3963185342172 0.0 14246.19267595813 1.7779587849799133e-15 0.0 2.42033226593756e-15 ""
11650 559 2005-12-03 Ia pW6 0.0 0.0 0.0 51.849116842776695 0.0 39.92134031664982 4.584633370491902e-16 0.0 3.9089180103299753e-16 ""
11650 559 2005-12-03 Ia pW7 0.0 0.0 0.0 235.90660906927792 0.0 169.71630548037882 2.0025611353900907e-15 0.0 1.276993857302571e-15 ""
1166 190 2005-09-28 Ia pW6 0.0 0.0 0.0 42.70105697358927 0.0 58.4865045086812 9.713754269053733e-17 0.0 1.0458518941243634e-16 ""
1166 190 2005-09-28 Ia pW7 nan nan nan nan nan nan nan nan nan "Feature not in spectral wavelength range."
11864 555 2005-12-01 Ia pW6 0.0 0.0 0.0 69.14125579710937 0.0 57.59472458598484 1.4252844439719787e-15 0.0 1.080210864416985e-15 ""
11864 555 2005-12-01 Ia pW7 0.0 0.0 0.0 339.0521716112617 0.0 66.68968212793352 5.813223621195112e-15 0.0 2.09583497689799e-15 ""
12136 563 2005-12-07 Ia pW6 0.0 0.0 0.0 140.22162823786775 0.0 51.935877879857316 2.3769634486122845e-15 0.0 1.2500579033185038e-15 ""
12136 563 2005-12-07 Ia pW7 0.0 0.0 0.0 380.45077657042316 0.0 110.94731199354375 8.8133894570338e-15 0.0 5.155426653838202e-15 ""
1241 676 2005-09-23 Ia pW6 0.0 0.0 0.0 68.04586606154555 0.0 56.14355484174553 5.0814362796160526e-15 0.0 3.8297247699769915e-15 ""
1241 676 2005-09-23 Ia pW7 0.0 0.0 0.0 125.3227002967901 0.0 25.20453046370656 7.151512214948523e-15 0.0 1.8769395423476494e-15 ""
1253 86 2005-09-24 Ia pW6 0.0 0.0 0.0 100.46719361561023 0.0 33.2012888089454 1.6867504868349725e-15 0.0 7.579485821969281e-16 ""
1253 86 2005-09-24 Ia pW7 0.0 0.0 0.0 134.73930009522658 0.0 48.64643529231216 2.3645042331468834e-15 0.0 1.365850438706069e-15 ""
1253 86 2005-09-26 Ia pW6 0.0 0.0 0.0 14.2352374111749 0.0 18.444936929059065 2.7482024610876644e-16 0.0 3.432247960887583e-16 ""
1253 86 2005-09-26 Ia pW7 0.0 0.0 0.0 115.3660868986636 0.0 38.83526775514413 2.3231060096553994e-15 0.0 9.62407651225115e-16 ""
12778 692 2006-09-17 Ia? pW6 0.0 0.0 0.0 20.9813342924575 0.0 7.925607143857071 2.426405272039628e-15 0.0 9.737795852478921e-16 ""
12778 692 2006-09-17 Ia? pW7 0.0 0.0 0.0 170.1758050413851 0.0 80.01044055971455 3.194344246550943e-14 0.0 2.3337375143919103e-14 ""
12779 693 2006-09-15 Ia pW6 0.0 0.0 0.0 58.41974520526135 0.0 44.003156109605044 1.1920499982365858e-15 0.0 9.503782408323678e-16 ""
12779 693 2006-09-15 Ia pW7 0.0 0.0 0.0 193.45071533348903 0.0 100.30221182272022 3.624122562010664e-15 0.0 2.1481412300837313e-15 ""
12781 680 2006-09-13 Ia pW6 0.0 0.0 0.0 54.38749633452484 0.0 11.234511651717627 1.6549586771329756e-15 0.0 4.304259150080254e-16 ""
12781 680 2006-09-13 Ia pW7 0.0 0.0 0.0 124.040314660651 0.0 19.34978613371789 3.763534809483358e-15 0.0 7.638855552061086e-16 ""
12841 703 2006-09-19 Ia pW6 0.0 0.0 0.0 18.514330031122356 0.0 66.98509309896993 3.802190287527099e-16 0.0 6.161449012704381e-16 ""
12841 703 2006-09-19 Ia pW7 0.0 0.0 0.0 10.920628784016579 0.0 179.1316184875418 6.713361138517634e-16 0.0 1.4347679657961078e-15 ""
12843 683 2006-09-13 Ia pW6 0.0 0.0 0.0 27.54035814271118 0.0 16.127606674970917 6.279539064194012e-16 0.0 3.791290388937915e-16 ""
12843 683 2006-09-13 Ia pW7 0.0 0.0 0.0 69.40264940510075 0.0 13.926516057110721 1.4002040726405095e-15 0.0 3.490500269322722e-16 ""
12843 683 2006-09-16 Ia pW6 0.0 0.0 0.0 16.959299121761745 0.0 19.29930514766354 3.341068265844084e-16 0.0 3.657121778990397e-16 ""
12843 683 2006-09-16 Ia pW7 0.0 0.0 0.0 95.37840943036244 0.0 30.142969523008812 1.7701401500905723e-15 0.0 6.904814379313853e-16 ""
12844 763 2006-09-16 Ia-pec pW6 0.0 0.0 0.0 18.807610719087062 0.0 12.241226925988045 3.326482084187493e-15 0.0 2.2818433859153167e-15 ""
12844 763 2006-09-16 Ia-pec pW7 0.0 0.0 0.0 364.8155762573801 0.0 106.09873109554154 1.796843913385938e-13 0.0 1.0037858551133683e-13 ""
12851 704 2006-09-18 Ia pW6 0.0 0.0 0.0 43.62533831049429 0.0 40.60793410328551 8.999307791857376e-16 0.0 8.139101889833492e-16 ""
12851 704 2006-09-18 Ia pW7 0.0 0.0 0.0 251.58305069687785 0.0 52.04851756020131 5.4205998764532875e-15 0.0 1.6827459711490003e-15 ""
12853 685 2006-09-13 Ia pW6 0.0 0.0 0.0 52.238096816815776 0.0 24.056763655040868 8.743126965001874e-16 0.0 4.486764471514358e-16 ""
12853 685 2006-09-13 Ia pW7 0.0 0.0 0.0 122.98368521515826 0.0 99.54722862662683 2.1652327623129474e-15 0.0 1.516367689071555e-15 ""
12855 716 2006-09-15 Ia pW6 0.0 0.0 0.0 19.444844996750074 0.0 12.330836611748477 6.556594296409319e-16 0.0 4.252881249228451e-16 ""
12855 716 2006-09-15 Ia pW7 0.0 0.0 0.0 38.65137114091354 0.0 23.593674734584194 1.240754322464132e-15 0.0 8.193060183108434e-16 ""
12856 695 2006-09-15 Ia pW6 0.0 0.0 0.0 12.166051273393924 0.0 13.331095189824227 4.3108924402806623e-16 0.0 4.68803715909694e-16 ""
12856 695 2006-09-15 Ia pW7 0.0 0.0 0.0 159.53126254791997 0.0 60.83178850511175 7.108610458063235e-15 0.0 3.466493961143678e-15 ""
12860 688 2006-09-13 Ia pW6 0.0 0.0 0.0 17.423228125903478 0.0 13.950931541914423 5.764872069979837e-16 0.0 4.523781823225313e-16 ""
12860 688 2006-09-13 Ia pW7 0.0 0.0 0.0 141.9173964945882 0.0 46.22996985790021 4.94760138609318e-15 0.0 2.0440387330164323e-15 ""
12860 688 2006-09-15 Ia pW6 nan nan nan nan nan nan nan nan nan "Feature not in spectral wavelength range."
12860 688 2006-09-15 Ia pW7 nan nan nan nan nan nan nan nan nan "Feature not in spectral wavelength range."
12869 740 2006-09-18 Ia pW6 0.0 0.0 0.0 80.10205396828258 0.0 36.44419230904128 1.1039290731178064e-15 0.0 5.329590889427611e-16 ""
12869 740 2006-09-18 Ia pW7 0.0 0.0 0.0 206.89015389357934 0.0 95.95772875279557 3.4304043004886527e-15 0.0 2.478814946576955e-15 ""
12874 689 2006-09-13 Ia pW6 0.0 0.0 0.0 16.887115369243258 0.0 27.631501089606843 6.98853971954325e-16 0.0 1.062159234396752e-15 ""
12874 689 2006-09-13 Ia pW7 0.0 0.0 0.0 208.21674425484358 0.0 53.802355935054784 9.26733556755093e-15 0.0 3.1343875875606627e-15 ""
12881 817 2006-09-21 Ia pW6 0.0 0.0 0.0 25.329748556273444 0.0 19.889211320405895 4.2827342346754577e-16 0.0 3.6042245383717864e-16 ""
12881 817 2006-09-21 Ia pW7 0.0 0.0 0.0 226.93120447893887 0.0 77.36380916934692 4.982971013661089e-15 0.0 2.2331920830594056e-15 ""
12883 742 2006-09-17 Ia pW6 0.0 0.0 0.0 39.37868298148492 0.0 6.1350277491031315 8.327421244830281e-16 0.0 1.5466833610986084e-16 ""
12883 742 2006-09-17 Ia pW7 0.0 0.0 0.0 130.84509236230292 0.0 24.389542845412144 2.8331514801199357e-15 0.0 6.360522316900263e-16 ""
12897 719 2006-09-15 Ia pW6 0.0 0.0 0.0 76.26761522725647 0.0 22.496566558043426 3.345107727685483e-14 0.0 1.171914020204317e-14 ""
12897 719 2006-09-15 Ia pW7 0.0 0.0 0.0 213.0321885309915 0.0 34.56226447563014 1.1337066344843525e-13 0.0 2.826758715689906e-14 ""
12898 712 2006-09-17 Ia pW6 0.0 0.0 0.0 10.18230782762064 0.0 6.622304975352916 8.954962250794195e-16 0.0 5.955718374780248e-16 ""
12898 712 2006-09-17 Ia pW7 0.0 0.0 0.0 256.8086896907708 0.0 54.18168302320574 3.505413577880725e-14 0.0 1.1537928784071489e-14 ""
12898 712 2006-10-17 Ia pW6 0.0 0.0 0.0 47.11035471329351 0.0 13.442162086583018 1.1111900016305605e-14 0.0 3.724473145814122e-15 ""
12898 712 2006-10-17 Ia pW7 0.0 0.0 0.0 385.5024323784627 0.0 42.0489039993771 2.1686425357583452e-13 0.0 5.863027970401501e-14 ""
12898 712 2006-10-20 Ia pW6 0.0 0.0 0.0 36.64414229579409 0.0 6.817373312492209 4.9000438677738266e-15 0.0 1.0357246602274767e-15 ""
12898 712 2006-10-20 Ia pW7 0.0 0.0 0.0 288.19127035962356 0.0 52.96008288142387 6.103686335891354e-14 0.0 1.9090582677851442e-14 ""
12907 714 2006-09-17 Ia pW6 0.0 0.0 0.0 9.921842524642873 0.0 5.961837079440968 1.22557052737255e-15 0.0 7.47326234645212e-16 ""
12907 714 2006-09-17 Ia pW7 0.0 0.0 0.0 37.48467968848247 0.0 14.002846959310412 4.5561542728387204e-15 0.0 1.7666482244107782e-15 ""
12927 690 2006-09-14 Ia pW6 0.0 0.0 0.0 22.816387319972026 0.0 10.208294663223645 6.782008185497622e-16 0.0 3.1414708359250774e-16 ""
12927 690 2006-09-14 Ia pW7 0.0 0.0 0.0 190.83340490658898 0.0 102.7174255087223 7.67245413014605e-15 0.0 4.2230410837866545e-15 ""
12928 686 2006-09-13 Ia pW6 0.0 0.0 0.0 55.04295726041623 0.0 13.787192635866083 8.446428048953469e-16 0.0 2.5371905753200303e-16 ""
12928 686 2006-09-13 Ia pW7 0.0 0.0 0.0 94.94813010286686 0.0 30.649262893142243 1.492382726324755e-15 0.0 5.568912095358084e-16 ""
12930 687 2006-09-13 Ia pW6 0.0 0.0 0.0 21.2238642112696 0.0 13.38209585307817 4.487217463314006e-16 0.0 3.073096520337114e-16 ""
12930 687 2006-09-13 Ia pW7 0.0 0.0 0.0 97.801026471528 0.0 27.31516575215128 1.9847728772570963e-15 0.0 6.392064830753489e-16 ""
12950 1055 2006-09-17 Ia pW6 0.0 0.0 0.0 13.417534106246308 0.0 4.731722264709013 9.376129840986027e-16 0.0 3.5674950597239336e-16 ""
12950 1055 2006-09-17 Ia pW7 0.0 0.0 0.0 185.53694262132183 0.0 67.57487374265418 1.6184556455111322e-14 0.0 7.910973200542046e-15 ""
12950 1055 2006-10-16 Ia pW6 0.0 0.0 0.0 37.21453902245236 0.0 10.718361221299533 3.8777396186898613e-16 0.0 1.2550543374727476e-16 ""
12950 1055 2006-10-16 Ia pW7 0.0 0.0 0.0 240.26313772676872 0.0 118.12747251997511 3.877245675388865e-15 0.0 3.1713632940543787e-15 ""
12971 717 2006-09-14 Ia pW6 0.0 0.0 0.0 137.7343997827125 0.0 343.997171874606 3.650333976884044e-15 0.0 3.386602395007326e-15 ""
12971 717 2006-09-14 Ia pW7 nan nan nan nan nan nan nan nan nan "Feature not in spectral wavelength range."
12972 744 2006-09-17 Ia pW6 0.0 0.0 0.0 47.79090801929904 0.0 13.19587675713004 5.094649957985998e-16 0.0 1.7960426956712492e-16 ""
12972 744 2006-09-17 Ia pW7 0.0 0.0 0.0 412.10361318599894 0.0 68.15827670549389 9.889367422686049e-15 0.0 3.516309498249311e-15 ""
12977 772 2006-09-18 Ia pW6 0.0 0.0 0.0 9.279822327108992 0.0 10.13082202028612 2.256132328666339e-16 0.0 2.4576893175885926e-16 ""
12977 772 2006-09-18 Ia pW7 0.0 0.0 0.0 183.72166601478818 0.0 92.41450421671247 4.5773375805366605e-15 0.0 2.5487399727366946e-15 ""
12979 769 2006-09-18 Ia-pec pW6 0.0 0.0 0.0 40.78103729509033 0.0 15.042525961652016 1.0978914079608156e-15 0.0 4.628292547094792e-16 ""
12979 769 2006-09-18 Ia-pec pW7 0.0 0.0 0.0 128.8856434069094 0.0 30.241884973262614 3.2817149779675166e-15 0.0 9.170480954064313e-16 ""
12983 709 2006-09-19 Ia pW6 0.0 0.0 0.0 29.96806373778192 0.0 8.858627794438853 1.2728024817723313e-15 0.0 4.329637905300893e-16 ""
12983 709 2006-09-19 Ia pW7 0.0 0.0 0.0 223.10241239668255 0.0 185.85622993415714 1.9850312953736188e-14 0.0 1.6578441434420703e-14 ""
13005 702 2006-09-15 Ia pW6 0.0 0.0 0.0 44.68941690063944 0.0 26.274443839962554 4.082198253990393e-16 0.0 3.171572470861199e-16 ""
13005 702 2006-09-15 Ia pW7 0.0 0.0 0.0 234.80833952283535 0.0 71.29205655784838 2.3439616767752715e-15 0.0 1.0391833824873213e-15 ""
13025 761 2006-09-17 Ia pW6 0.0 0.0 0.0 30.533963714735037 0.0 26.16684266434744 5.629176532319503e-16 0.0 4.140828123371873e-16 ""
13025 761 2006-09-17 Ia pW7 0.0 0.0 0.0 3634856.7987307664 0.0 22460304.617389716 3.804559362861688e-11 0.0 2.115187581459551e-15 ""
13038 786 2006-09-17 Ia pW6 0.0 0.0 0.0 62.102782000800325 0.0 23.673411205389765 1.432475657614321e-14 0.0 6.715660885185087e-15 ""
13038 786 2006-09-17 Ia pW7 0.0 0.0 0.0 138.1614997308999 0.0 21.03780011614723 2.465760577262339e-14 0.0 5.827880927748439e-15 ""
13044 724 2006-09-16 Ia pW6 0.0 0.0 0.0 4.81748677526389 0.0 16.324606523543874 1.0950436807748378e-16 0.0 3.1427018645853976e-16 ""
13044 724 2006-09-16 Ia pW7 0.0 0.0 0.0 113.55255493929148 0.0 74.12477239781776 2.2668145398590505e-15 0.0 1.5836461487118626e-15 ""
13044 724 2006-10-18 Ia pW6 0.0 0.0 0.0 77.54337009716848 0.0 16.933927401805608 1.4764358672655145e-16 0.0 4.3145534009563235e-17 ""
13044 724 2006-10-18 Ia pW7 0.0 0.0 0.0 206.0922366525349 0.0 60.92332847914823 4.0067240312463907e-16 0.0 1.4661712391958693e-16 ""
13045 734 2006-09-16 Ia pW6 0.0 0.0 0.0 16.23849213948435 0.0 16.949659254636853 5.2526294270667095e-16 0.0 5.415306826041613e-16 ""
13045 734 2006-09-16 Ia pW7 0.0 0.0 0.0 37.784495285526845 0.0 14.359208568593434 1.1919274973735954e-15 0.0 5.020467846410709e-16 ""
13070 736 2006-09-17 Ia pW6 0.0 0.0 0.0 16.83737410867042 0.0 3.545542868498901 5.663875399844009e-16 0.0 1.2998532851460925e-16 ""
