results/spec_class/sdss_sako18spec_rv3_1_bin5_methavg_step3.ecsv
# %ECSV 0.9
# ---
# datatype:
# - {name: obj_id, datatype: string}
# - {name: sid, datatype: string}
# - {name: date, datatype: string}
# - {name: type, datatype: string}
# - {name: feat_name, datatype: string}
# - {name: feat_start, datatype: float64}
# - {name: feat_end, datatype: float64}
# - {name: vel, datatype: float64}
# - {name: vel_err, datatype: float64}
# - {name: vel_samperr, datatype: float64}
# - {name: pew, datatype: float64}
# - {name: pew_err, datatype: float64}
# - {name: pew_samperr, datatype: float64}
# - {name: area, datatype: float64}
# - {name: area_err, datatype: float64}
# - {name: area_samperr, datatype: float64}
# - {name: msg, datatype: string}
# meta: !!omap
# - {bin_size: 5}
# - {method: avg}
# - {nstep: 3}
# - {rv: 3.1}
# schema: astropy-2.0
obj_id sid date type feat_name feat_start feat_end vel vel_err vel_samperr pew pew_err pew_samperr area area_err area_samperr msg
[from data line 368]
15466 1234 2006-11-10 Ia pW6 5579.186680349771 5575.168540860863 nan nan nan nan nan nan nan nan nan "Range too small. Please select a wider range"
15466 1234 2006-11-10 Ia pW7 6214.052719597351 6214.052719597351 nan nan nan nan nan nan nan nan nan "Range too small. Please select a wider range"
15467 1180 2006-10-29 Ia pW6 5625.717851031223 5625.717851031223 nan nan nan nan nan nan nan nan nan "Range too small. Please select a wider range"
15467 1180 2006-10-29 Ia pW7 6403.562196102835 6403.562196102835 nan nan nan nan nan nan nan nan nan "Range too small. Please select a wider range"
15504 1315 2006-11-18 Ia? pW7 5864.611260053619 5864.611260053619 nan nan nan nan nan nan nan nan nan "Range too small. Please select a wider range"
15504 1315 2006-11-18 Ia? pW6 5691.137044630184 5691.137044630184 nan nan nan nan nan nan nan nan nan "Range too small. Please select a wider range"
15508 1148 2006-10-29 Ia pW7 5829.156102286141 6371.710926789505 13002.532379413955 0.0 0.0 58.24043822270156 0.0 67.45457933380878 1.750731213877707e-15 0.0 1.5305599607957307e-15 ""
15508 1148 2006-10-29 Ia pW6 5639.482464451631 5829.156102286141 10538.568593570992 0.0 0.0 2.861135812675197 0.0 13.445032470558695 1.127929696932824e-16 0.0 3.6084177964547623e-16 ""
15508 1275 2006-11-08 Ia pW7 6010.007710453929 6270.257585622208 9828.816520049108 0.0 0.0 41.50002721421801 0.0 15.775830744867003 2.08227892493542e-15 0.0 8.860946249219165e-16 ""
15508 1275 2006-11-08 Ia pW6 5599.783330951385 6010.007710453929 5930.357599644778 0.0 0.0 41.080455962088884 0.0 20.69008233680811 2.210758421809984e-15 0.0 1.2730541430623857e-15 ""
15583 1263 2006-10-31 Ia pW7 5894.761703291755 6400.257590509251 10090.98556306942 0.0 0.0 57.55089214790317 0.0 113.69902133281666 2.0230875049205108e-15 0.0 2.805787402303319e-15 ""
15583 1263 2006-10-31 Ia pW6 5627.146233588375 5894.761703291755 9467.972585192783 0.0 0.0 -6.298561422324204 0.0 18.368780921908606 -8.697120163301672e-17 0.0 3.094187945257418e-16 ""
15584 1236 2006-11-16 Ia pW6 5666.9331625266295 5900.7014607401725 nan nan nan nan nan nan nan nan nan "Optimal parameters not found: Number of calls to function has reached maxfev = 1000."
15584 1236 2006-11-16 Ia pW7 5904.597599043732 6360.44578056014 4796.080248014258 0.0 0.0 60.39190546838762 0.0 94.40459140656841 9.702319352049512e-16 0.0 1.699649509702676e-15 ""
15640 1205 2006-11-09 Ia? pW6 5609.32234957266 5609.32234957266 nan nan nan nan nan nan nan nan nan "Range too small. Please select a wider range"
15640 1205 2006-11-09 Ia? pW7 5883.973585417392 5883.973585417392 nan nan nan nan nan nan nan nan nan "Range too small. Please select a wider range"
15648 1313 2006-11-13 Ia pW7 5893.11712884437 6408.52527672306 8913.490671230611 0.0 0.0 91.871828210651 0.0 29.38733053486028 3.12826385123097e-15 0.0 1.1450054735506756e-15 ""
15648 1313 2006-11-13 Ia pW6 5607.725840349558 5893.11712884437 9198.623415922993 0.0 0.0 26.984543754020066 0.0 10.554489063747912 9.538738953685323e-16 0.0 4.097800537870051e-16 ""
15674 1309 2006-11-16 Ia pW6 5568.13347808391 5910.787845965997 11476.71011205157 0.0 0.0 78.39977820503397 0.0 18.977099715671415 2.2655242395942433e-15 0.0 6.829817017390514e-16 ""
15674 1309 2006-11-16 Ia pW7 5906.609134162556 6374.624856147846 10066.306270893807 0.0 0.0 80.1280731718029 0.0 77.82847023754614 2.4892430475861768e-15 0.0 1.9167774895697296e-15 ""
15704 1304 2006-11-12 Ia pW7 6511.424474047766 6511.424474047766 nan nan nan nan nan nan nan nan nan "Range too small. Please select a wider range"
15704 1304 2006-11-12 Ia pW6 5540.2784633403335 5540.2784633403335 nan nan nan nan nan nan nan nan nan "Range too small. Please select a wider range"
15749 1199 2006-10-27 Ia? pW6 5639.2877687350765 5943.4612979442345 nan nan nan nan nan nan nan nan nan "Optimal parameters not found: Number of calls to function has reached maxfev = 1000."
15749 1199 2006-10-27 Ia? pW7 5943.4612979442345 6328.15134959111 9567.420548820855 0.0 0.0 36.41706034530446 0.0 21.342090084255734 6.929959012951968e-16 0.0 4.2804352511896546e-16 ""
15756 1316 2006-11-14 Ia pW6 5582.879314502562 5582.879314502562 nan nan nan nan nan nan nan nan nan "Range too small. Please select a wider range"
15756 1316 2006-11-14 Ia pW7 nan nan nan nan nan nan nan nan nan nan nan "Feature not in spectral wavelength range."
15776 1286 2006-10-31 Ia pW6 nan nan nan nan nan nan nan nan nan nan nan "Feature not in spectral wavelength range."
15776 1286 2006-10-31 Ia pW7 nan nan nan nan nan nan nan nan nan nan nan "Feature not in spectral wavelength range."
1580 114 2005-09-24 Ia pW6 5588.577581288978 5892.832844693746 12811.645740547141 0.0 0.0 8.458060966851786 0.0 38.429393976625235 3.984177207242724e-16 0.0 9.479007332454039e-16 ""
1580 114 2005-09-24 Ia pW7 5892.832844693746 6290.054994138861 9298.127992147758 0.0 0.0 42.89086435652703 0.0 49.081358017492164 9.978912214531415e-16 0.0 1.044666907775278e-15 ""
15868 1279 2006-11-09 Ia pW7 nan nan nan nan nan nan nan nan nan nan nan "Feature not in spectral wavelength range."
15868 1279 2006-11-09 Ia pW6 5575.19086076786 5575.19086076786 nan nan nan nan nan nan nan nan nan "Range too small. Please select a wider range"
15868 1506 2006-11-25 Ia? pW7 7259.550640016708 7259.550640016708 nan nan nan nan nan nan nan nan nan "Range too small. Please select a wider range"
15868 1506 2006-11-25 Ia? pW6 5699.217352826564 5699.217352826564 nan nan nan nan nan nan nan nan nan "Range too small. Please select a wider range"
15868 1627 2006-11-14 Ia? pW6 5675.212225331331 5911.262645701122 8799.478505434265 0.0 0.0 2.2032998435303335 0.0 24.676193434439295 1.5866107822714437e-16 0.0 6.833169630117355e-16 ""
15868 1627 2006-11-14 Ia? pW7 5911.262645701122 6507.389978499407 2021.36656966671 0.0 0.0 19.699345068276184 0.0 31.267171261443732 5.221767796570933e-16 0.0 7.639041191069675e-16 ""
15872 1272 2006-11-08 Ia pW6 5597.355410292995 5597.355410292995 nan nan nan nan nan nan nan nan nan "Range too small. Please select a wider range"
15872 1272 2006-11-08 Ia pW7 nan nan nan nan nan nan nan nan nan nan nan "Feature not in spectral wavelength range."
15897 1507 2006-11-21 Ia pW7 5843.291568958935 6380.116022250096 13111.357646503186 0.0 0.0 22.362957255295203 0.0 6.5905478014320815 5.665518702438169e-15 0.0 1.7401111889168413e-15 ""
15897 1507 2006-11-21 Ia pW6 5553.576784643072 5843.291568958935 12943.285873480601 0.0 0.0 8.037275781138007 0.0 3.410575090568064 2.1020355255630828e-15 0.0 9.08689459715369e-16 ""
15901 1398 2006-11-18 Ia pW7 5898.17210250582 6521.262330955621 4506.435965288622 0.0 0.0 231.22233146746413 0.0 725.7744278999083 3.1866401469635237e-15 0.0 2.8738848335828575e-15 ""
15901 1398 2006-11-18 Ia pW6 5594.934857993583 5898.17210250582 12392.81411915367 0.0 0.0 16.000517269258406 0.0 45.55298311761331 3.058875623475426e-16 0.0 4.944846543992288e-16 ""
16000 1303 2006-11-12 Ia pW6 5557.87208576299 5557.87208576299 nan nan nan nan nan nan nan nan nan "Range too small. Please select a wider range"
16000 1303 2006-11-12 Ia pW7 6605.711915343184 6605.711915343184 nan nan nan nan nan nan nan nan nan "Range too small. Please select a wider range"
16021 1265 2006-11-08 Ia pW7 6002.99459832858 6296.7572167683265 10198.335677325456 0.0 0.0 36.25353078168736 0.0 10.915446374474042 3.355783882841071e-15 0.0 1.0967766847634769e-15 ""
16021 1265 2006-11-08 Ia pW6 5633.565850896777 6002.99459832858 8530.556802240937 0.0 0.0 36.47395182216639 0.0 15.232564976623095 3.604100564701054e-15 0.0 1.5948377172520426e-15 ""
16021 1355 2006-11-22 Ia pW6 5610.420917322736 5873.026894412813 11421.69994289067 0.0 0.0 38.34272703009915 0.0 11.97014163653328 2.3184872147608604e-15 0.0 7.985245814883223e-16 ""
16021 1355 2006-11-22 Ia pW7 5873.026894412813 6367.082207243296 9507.21775653253 0.0 0.0 77.15232748815592 0.0 26.913486792790724 4.372963830251475e-15 0.0 1.7505864667150082e-15 ""
16032 1310 2006-11-13 Ia pW7 5932.216068139657 6277.1365120314895 11377.574149754775 0.0 0.0 91.77775190952008 0.0 26.49406839867147 1.7379481831418002e-15 0.0 6.582621837089998e-16 ""
16032 1310 2006-11-13 Ia pW6 5645.474976229579 5932.216068139657 10319.871147213727 0.0 0.0 21.961419301770533 0.0 18.16670335348209 4.704713479892516e-16 0.0 3.7775050318247382e-16 ""
16069 1269 2006-11-08 Ia pW6 5670.085253163827 5927.433202677484 nan nan nan nan nan nan nan nan nan "Optimal parameters not found: Number of calls to function has reached maxfev = 1000."
16069 1269 2006-11-08 Ia pW7 5927.433202677484 6317.892160560274 11564.236591756195 0.0 0.0 106.41543025415156 0.0 17.391837511277096 5.843512589202946e-15 0.0 1.204487420811475e-15 ""
16069 1358 2006-11-17 Ia? pW7 5831.593276651708 6301.918839555978 11368.704472701484 0.0 0.0 23.698329841389278 0.0 11.907622808229863 2.7769765361086026e-15 0.0 1.4957248030913714e-15 ""
16069 1358 2006-11-17 Ia? pW6 5596.430495199574 5827.156243039403 13723.565638220216 0.0 0.0 14.37960501409259 0.0 7.914204345433412 2.0837024836368616e-15 0.0 1.195150071153503e-15 ""
16069 1467 2006-11-25 Ia pW7 5862.652511937839 6253.111469820628 11080.759185138802 0.0 0.0 47.60147741209525 0.0 17.763981514838395 5.080050838954217e-16 0.0 2.1683205931788853e-16 ""
16069 1467 2006-11-25 Ia pW6 5636.3637977103135 5862.652511937839 11881.504127205662 0.0 0.0 17.531819396552848 0.0 16.13892505861398 2.1095767578694605e-16 0.0 1.877144758484497e-16 ""
16069 1651 2006-12-14 Ia pW6 5556.497192688834 5853.77844471323 13114.847135422293 0.0 0.0 22.39497630088042 0.0 18.386712771353846 6.766796805994723e-16 0.0 5.580131867344041e-16 ""
16069 1651 2006-12-14 Ia pW7 5853.77844471323 6550.392721845025 6498.9426228659695 0.0 0.0 93.99519664941575 0.0 42.8956632781398 2.7688613330885856e-15 0.0 1.4132222318500574e-15 ""
16072 1306 2006-11-16 Ia pW7 5853.214537928908 6538.39296072604 -71.29099138845139 0.0 0.0 130.4226352742075 0.0 32.87861256215019 1.1350206226120938e-14 0.0 3.404337617257149e-15 ""
16072 1306 2006-11-16 Ia pW6 5549.555918734724 5853.214537928908 13559.387664965232 0.0 0.0 2.577825854690513 0.0 8.046809157551772 2.4925109919418357e-16 0.0 6.938529753967278e-16 ""
16073 1396 2006-11-19 Ia pW7 5857.08724463299 6303.597485323685 10516.02418871381 0.0 0.0 49.997056423594515 0.0 29.247773409495007 1.4533911196946768e-15 0.0 8.986025691470278e-16 ""
16073 1396 2006-11-19 Ia pW6 5627.329547966904 5857.08724463299 11909.343736465917 0.0 0.0 7.2768569312587275 0.0 15.118726380760432 2.6458748202354644e-16 0.0 4.708585198769137e-16 ""
16093 1317 2006-11-19 Ia pW7 5783.55021178248 5783.55021178248 nan nan nan nan nan nan nan nan nan "Range too small. Please select a wider range"
16093 1317 2006-11-19 Ia pW6 5599.945443154465 5599.945443154465 nan nan nan nan nan nan nan nan nan "Range too small. Please select a wider range"
16099 1318 2006-11-13 Ia pW6 5588.304408509443 5960.439905970978 9279.460874955073 0.0 0.0 2.8144784897945647 0.0 6.9025117540109955 2.979581747634531e-16 0.0 7.036050205141776e-16 ""
16099 1318 2006-11-13 Ia pW7 5960.439905970978 6328.394105708225 11419.30605789382 0.0 0.0 37.796933240731256 0.0 9.149716083028176 3.653053365488706e-15 0.0 9.314440755498754e-16 ""
16100 1319 2006-11-13 Ia pW7 5923.758774659294 6380.237888436504 9432.773992427556 0.0 0.0 119.74578666236685 0.0 13.129838524667969 6.60110096668704e-15 0.0 9.74804040556467e-16 ""
16100 1319 2006-11-13 Ia pW6 5643.170695548533 5919.570892881522 9061.859331861642 0.0 0.0 21.448885162561346 0.0 9.389912632562467 1.3069387933576982e-15 0.0 6.094159370705153e-16 ""
16106 1302 2006-11-11 Ia pW6 5567.211425206125 5831.268884109182 13592.246986453289 0.0 0.0 8.515874933432903 0.0 13.101232571925749 1.845680408033539e-15 0.0 2.600417281968182e-15 ""
16106 1302 2006-11-11 Ia pW7 5831.268884109182 6271.364648947611 18486.229633556304 0.0 0.0 43.20285169118369 0.0 31.07383907011146 7.482272291577707e-15 0.0 5.5956451356267675e-15 ""
16108 1392 2006-11-19 Ia pW7 6018.300900698669 6018.300900698669 nan nan nan nan nan nan nan nan nan "Range too small. Please select a wider range"
16108 1392 2006-11-19 Ia pW6 5600.568453689506 5912.812909029688 10107.376886045866 0.0 0.0 33.84876593822884 0.0 26.625658757842267 6.665521211790635e-16 0.0 5.538421409507075e-16 ""
16116 1389 2006-11-19 Ia pW7 5832.023187843696 6299.520036568641 nan nan nan nan nan nan nan nan nan "Optimal parameters not found: Number of calls to function has reached maxfev = 1000."
16116 1389 2006-11-19 Ia pW6 5542.001994653221 5832.023187843696 14237.285221356862 0.0 0.0 29.4453949121025 0.0 13.653899232398492 1.2026865039962813e-15 0.0 5.95568258326396e-16 ""
16165 1326 2006-11-17 Ia pW6 5598.3819495328125 5914.137093097593 10701.45457628231 0.0 0.0 23.218040463856024 0.0 20.906498090706666 5.392594625985087e-16 0.0 4.632093511328893e-16 ""
16165 1326 2006-11-17 Ia pW7 5918.462506023137 6312.075082247727 9114.037555609297 0.0 0.0 96.3984762911992 0.0 30.212279003171677 1.6381046317705264e-15 0.0 7.08722050064099e-16 ""
16185 1384 2006-11-19 Ia pW6 5620.428601423582 5938.557494525911 9686.302990184742 0.0 0.0 27.554224699360958 0.0 11.800218712798861 1.5451778242831321e-15 0.0 7.338787779503522e-16 ""
16185 1384 2006-11-19 Ia pW7 5938.557494525911 6343.035658613158 8998.496951635401 0.0 0.0 73.13896367858028 0.0 14.172315912813202 3.898362697701355e-15 0.0 9.437772677446011e-16 ""
16206 1501 2006-11-25 Ia pW6 5578.077546630017 5979.502302365212 14285.04523112022 0.0 0.0 5.97099701272161 0.0 7.899387714412818 4.557082599125979e-16 0.0 5.895654100988133e-16 ""
16206 1501 2006-11-25 Ia pW7 5979.502302365212 6411.14182466112 6974.02578456562 0.0 0.0 28.73529223784456 0.0 9.89563553179797 2.1369943499844165e-15 0.0 7.738743581118842e-16 ""
16211 1312 2006-11-13 Ia pW7 5913.094879874628 6272.042841584808 nan nan nan nan nan nan nan nan nan "Optimal parameters not found: Number of calls to function has reached maxfev = 1000."
16211 1312 2006-11-13 Ia pW6 5611.425848224582 5913.094879874628 nan nan nan nan nan nan nan nan nan "Optimal parameters not found: Number of calls to function has reached maxfev = 1000."
16213 1377 2006-11-19 Ia pW6 5643.669903177002 5952.023399625331 6487.118353481427 0.0 0.0 44.06946683352026 0.0 62.047013623857445 4.973749039936742e-16 0.0 5.829326904407538e-16 ""
16213 1377 2006-11-19 Ia pW7 5952.023399625331 6332.4595316070345 9578.762246415583 0.0 0.0 127.88727431263113 0.0 107.4097121299293 1.3915872406750564e-15 0.0 1.0436577490274602e-15 ""
16215 1287 2006-11-10 Ia pW6 5588.848881656567 5866.11621134272 13275.650647842309 0.0 0.0 9.801522070968645 0.0 6.77520092048285 9.674224400495046e-16 0.0 6.727971495419478e-16 ""
16215 1287 2006-11-10 Ia pW7 5866.11621134272 6325.041446685317 12526.575967797007 0.0 0.0 42.27168289559122 0.0 9.380727005182106 4.118509413407313e-15 0.0 9.93506283593065e-16 ""
16215 1295 2006-11-20 Ia pW7 5855.599174699451 6304.963467639078 11018.808155166093 0.0 0.0 64.56444972636407 0.0 11.331634812035173 1.0347198740583744e-14 0.0 2.1175327367379077e-15 ""
16215 1295 2006-11-20 Ia pW6 5607.014672222212 5855.599174699451 14675.119278475986 0.0 0.0 6.538591176534986 0.0 6.71431203068206 1.1957686893234322e-15 0.0 1.19224419802061e-15 ""
16215 1456 2006-11-25 Ia pW6 5613.707331904291 5843.169949575589 11645.765302203112 0.0 0.0 11.178747344292734 0.0 3.7748145620950404 1.2854249082025575e-15 0.0 4.514286739993393e-16 ""
16215 1456 2006-11-25 Ia pW7 5838.389478374104 6354.680368134526 11341.550971951576 0.0 0.0 88.49588102334839 0.0 5.74913425100951 9.54278261514085e-15 0.0 7.470712314553603e-16 ""
16215 1482 2006-11-30 Ia pW6 5607.970766462508 5861.335740141234 nan nan nan nan nan nan nan nan nan "Optimal parameters not found: Number of calls to function has reached maxfev = 1000."
16215 1482 2006-11-30 Ia pW7 5861.335740141234 6387.187572304627 11211.298944567772 0.0 0.0 48.43181525756156 0.0 37.84666381941541 1.0681058400592706e-14 0.0 8.217532876526273e-15 ""
