results/spec_class/sdss_sako18spec_rv3_1_bin5_methavg_step2.ecsv
# %ECSV 0.9
# ---
# datatype:
# - {name: obj_id, datatype: string}
# - {name: sid, datatype: string}
# - {name: date, datatype: string}
# - {name: type, datatype: string}
# - {name: feat_name, datatype: string}
# - {name: vel, datatype: float64}
# - {name: vel_err, datatype: float64}
# - {name: vel_samperr, datatype: float64}
# - {name: pew, datatype: float64}
# - {name: pew_err, datatype: float64}
# - {name: pew_samperr, datatype: float64}
# - {name: area, datatype: float64}
# - {name: area_err, datatype: float64}
# - {name: area_samperr, datatype: float64}
# - {name: msg, datatype: string}
# schema: astropy-2.0
obj_id sid date type feat_name vel vel_err vel_samperr pew pew_err pew_samperr area area_err area_samperr msg
10028 489 2005-11-10 Ia? pW6 0.0 0.0 0.0 29.156971944376902 0.0 3.135959469591519 1.1003636376380189e-14 0.0 1.3434107915542194e-15 ""
10028 489 2005-11-10 Ia? pW7 0.0 0.0 0.0 37.27191998829823 0.0 4.232586948879834 1.2904813127770913e-14 0.0 1.5865034015525333e-15 ""
10096 532 2005-11-26 Ia pW6 0.0 0.0 0.0 17.417938040757637 0.0 8.701465119803672 1.6568562449861125e-15 0.0 8.574742198365468e-16 ""
10096 532 2005-11-26 Ia pW7 0.0 0.0 0.0 173.4166558607547 0.0 81.65172698446568 2.4610462052793848e-14 0.0 1.7838042114624312e-14 ""
10106 1660 2005-12-28 Ia? pW6 0.0 0.0 0.0 27.961006503781956 0.0 8.88554576851407 8.789273515459369e-16 0.0 2.991755536096216e-16 ""
10106 1660 2005-12-28 Ia? pW7 0.0 0.0 0.0 149.5130900230464 0.0 48.68010007426767 4.8887891353594576e-15 0.0 1.8150443053729455e-15 ""
1032 149 2005-09-25 Ia pW6 0.0 0.0 0.0 10.538865650212442 0.0 11.902005171246733 5.879968781711455e-16 0.0 6.611524782444823e-16 ""
1032 149 2005-09-25 Ia pW7 0.0 0.0 0.0 34.620623860545436 0.0 24.334546293220864 2.0241998071466503e-15 0.0 1.4878642470273e-15 ""
10434 505 2005-11-24 Ia pW6 0.0 0.0 0.0 31.59557703008285 0.0 19.858995582185944 3.3342155070200894e-15 0.0 2.253384631339863e-15 ""
10434 505 2005-11-24 Ia pW7 0.0 0.0 0.0 114.85961054637723 0.0 12.995378919870301 1.0646101212839794e-14 0.0 1.685682709078144e-15 ""
10449 546 2005-11-27 Ia pW6 0.0 0.0 0.0 15.166928771965113 0.0 21.885985831591775 1.111933575015184e-16 0.0 1.514094337942063e-16 ""
10449 546 2005-11-27 Ia pW7 0.0 0.0 0.0 109.01564757819474 0.0 80.09703490241716 7.327619131320825e-16 0.0 6.329659621652759e-16 ""
10550 543 2005-11-26 Ia pW6 0.0 0.0 0.0 8.352607778296838 0.0 51.89571002293588 1.053995305874804e-16 0.0 1.9730635983949985e-16 ""
10550 543 2005-11-26 Ia pW7 0.0 0.0 0.0 166.27206220187873 0.0 90.89735333717653 8.523811124419576e-16 0.0 5.324126007582597e-16 ""
10805 495 2005-11-22 Ia pW6 0.0 0.0 0.0 5.897932122687726 0.0 3.5592684474662555 4.2034407576093896e-15 0.0 2.5766016859816792e-15 ""
10805 495 2005-11-22 Ia pW7 0.0 0.0 0.0 196.05881063573162 0.0 79.34675450214021 1.68476358097331e-13 0.0 8.880429237200442e-14 ""
11067 549 2005-12-04 Ia pW6 0.0 0.0 0.0 35.756440155625924 0.0 53.63847861363224 2.1290977689815185e-15 0.0 2.4148014460717057e-15 ""
11067 549 2005-12-04 Ia pW7 0.0 0.0 0.0 185.0902647144827 0.0 96.14596746104618 9.726024853080768e-15 0.0 6.636927814409423e-15 ""
1112 87 2005-09-26 Ia pW6 0.0 0.0 0.0 37.72256201849912 0.0 17.304443854302907 4.455211699935949e-16 0.0 2.3398734373857036e-16 ""
1112 87 2005-09-26 Ia pW7 0.0 0.0 0.0 110.37251140340658 0.0 64.58432033417688 1.4856408948192237e-15 0.0 9.96568437358924e-16 ""
1119 189 2005-09-27 Ia pW6 0.0 0.0 0.0 2.3992417703097657 0.0 69.85024070618832 5.2263244351945145e-17 0.0 1.5414876407166052e-16 ""
1119 189 2005-09-27 Ia pW7 0.0 0.0 0.0 207.17184887582755 0.0 98.2932892346864 8.555040917928209e-16 0.0 6.146423962734183e-16 ""
11206 560 2005-12-02 Ia pW6 0.0 0.0 0.0 29.61255082203731 0.0 30.044506366441297 4.685964768387552e-16 0.0 4.3779135098443147e-16 ""
11206 560 2005-12-02 Ia pW7 0.0 0.0 0.0 64.74517880048616 0.0 52.50241057373192 1.1227831746460001e-15 0.0 1.028095796783139e-15 ""
11300 506 2005-11-24 Ia pW6 0.0 0.0 0.0 -7.1782933393164345 0.0 114.61742577237784 6.424650091519444e-16 0.0 2.1441532252842476e-15 ""
11300 506 2005-11-24 Ia pW7 0.0 0.0 0.0 -135.70031773506253 0.0 756.6485525457861 5.643252550509992e-15 0.0 7.463925539539965e-15 ""
11452 557 2005-12-02 Ia pW6 0.0 0.0 0.0 61.489432866760815 0.0 38.94363314684093 7.576454400446619e-16 0.0 4.3556050110626445e-16 ""
11452 557 2005-12-02 Ia pW7 0.0 0.0 0.0 468.88852848703687 0.0 1264.8392645132149 3.4275111722401628e-15 0.0 2.712894690393271e-15 ""
11557 554 2005-12-01 Ia pW6 0.0 0.0 0.0 -39.41348977076834 0.0 79.18876730018842 3.252284063921716e-17 0.0 2.1775884520494076e-16 ""
11557 554 2005-12-01 Ia pW7 0.0 0.0 0.0 -2237.5676378295 0.0 12466.455853272204 1.3625695301433761e-15 0.0 2.3100756868491115e-15 ""
11650 559 2005-12-03 Ia pW6 0.0 0.0 0.0 34.0102480053804 0.0 96.25526786416341 4.790158023343358e-16 0.0 6.450872915684826e-16 ""
11650 559 2005-12-03 Ia pW7 0.0 0.0 0.0 252.98133000204777 0.0 535.4468727967252 1.6479856556053348e-15 0.0 1.2054330134324008e-15 ""
1166 190 2005-09-28 Ia pW6 0.0 0.0 0.0 38.006365986658864 0.0 27.781192807464404 5.753854565160452e-17 0.0 4.3869830041765475e-17 ""
1166 190 2005-09-28 Ia pW7 nan nan nan nan nan nan nan nan nan "Feature not in spectral wavelength range."
11864 555 2005-12-01 Ia pW6 0.0 0.0 0.0 47.539128096696146 0.0 70.78796791665029 1.0441392358722289e-15 0.0 1.0219754887040216e-15 ""
11864 555 2005-12-01 Ia pW7 0.0 0.0 0.0 324.92431400895066 0.0 71.54237796309079 5.326341716914874e-15 0.0 2.232899487852522e-15 ""
12136 563 2005-12-07 Ia pW6 0.0 0.0 0.0 140.37738955698956 0.0 51.84041679952672 2.3781877667843873e-15 0.0 1.2497853791344876e-15 ""
12136 563 2005-12-07 Ia pW7 0.0 0.0 0.0 374.05837730593004 0.0 112.8075694897439 8.711589328239647e-15 0.0 5.142592930981975e-15 ""
1241 676 2005-09-23 Ia pW6 0.0 0.0 0.0 43.62679398326154 0.0 22.086526042541408 2.7131019871492704e-15 0.0 1.4962593527950919e-15 ""
1241 676 2005-09-23 Ia pW7 0.0 0.0 0.0 116.42487377987081 0.0 7.47184886811905 6.105229128910638e-15 0.0 6.477002478613501e-16 ""
1253 86 2005-09-24 Ia pW6 0.0 0.0 0.0 41.45164958158779 0.0 30.95160451817838 5.954756185130202e-16 0.0 4.5038501335829e-16 ""
1253 86 2005-09-24 Ia pW7 0.0 0.0 0.0 90.68874575466994 0.0 22.530257842008243 1.1956572220337168e-15 0.0 4.196908804587231e-16 ""
1253 86 2005-09-26 Ia pW6 0.0 0.0 0.0 18.402304903924716 0.0 17.846417655245293 3.436248834607021e-16 0.0 3.424311375305163e-16 ""
1253 86 2005-09-26 Ia pW7 0.0 0.0 0.0 115.7084450678465 0.0 38.967391907863075 2.331015511020385e-15 0.0 9.65052921293806e-16 ""
12778 692 2006-09-17 Ia? pW6 0.0 0.0 0.0 21.40542906116704 0.0 7.659400109438092 2.4752132486435368e-15 0.0 9.4420473701302e-16 ""
12778 692 2006-09-17 Ia? pW7 0.0 0.0 0.0 165.48363916730798 0.0 78.49062700825908 3.0578263471145646e-14 0.0 2.356139610497295e-14 ""
12779 693 2006-09-15 Ia pW6 0.0 0.0 0.0 71.00209896234006 0.0 26.468989784861815 1.3384741642416085e-15 0.0 6.886789409216635e-16 ""
12779 693 2006-09-15 Ia pW7 0.0 0.0 0.0 198.07219162137065 0.0 64.84777782635271 3.3331655995228418e-15 0.0 1.6327143965389916e-15 ""
12781 680 2006-09-13 Ia pW6 0.0 0.0 0.0 55.48025940844086 0.0 9.712394969840117 1.686900590157543e-15 0.0 3.752480401801111e-16 ""
12781 680 2006-09-13 Ia pW7 0.0 0.0 0.0 112.03336747554094 0.0 19.781056383779998 3.3168250331752058e-15 0.0 7.510810917945134e-16 ""
12841 703 2006-09-19 Ia pW6 0.0 0.0 0.0 16.728996332539577 0.0 67.85042767194042 3.6231689472028354e-16 0.0 6.215513182368325e-16 ""
12841 703 2006-09-19 Ia pW7 0.0 0.0 0.0 11.340574586005905 0.0 178.45501046891695 6.741871741118405e-16 0.0 1.4321031950571336e-15 ""
12843 683 2006-09-13 Ia pW6 0.0 0.0 0.0 23.31127097148029 0.0 15.209671793459275 5.241452980431005e-16 0.0 3.58623184262441e-16 ""
12843 683 2006-09-13 Ia pW7 0.0 0.0 0.0 68.07584500953969 0.0 14.243610389425008 1.3662592684168401e-15 0.0 3.570226967763067e-16 ""
12843 683 2006-09-16 Ia pW6 0.0 0.0 0.0 17.64959421163584 0.0 17.15466500299291 3.4291400916614947e-16 0.0 3.2916048681773266e-16 ""
12843 683 2006-09-16 Ia pW7 0.0 0.0 0.0 102.2689041723995 0.0 26.936696227900264 1.897591586269162e-15 0.0 6.388291372443158e-16 ""
12844 763 2006-09-16 Ia-pec pW6 0.0 0.0 0.0 16.32329367905833 0.0 12.673620609168156 2.890892053301448e-15 0.0 2.335237211600215e-15 ""
12844 763 2006-09-16 Ia-pec pW7 0.0 0.0 0.0 324.95307829967567 0.0 108.18723490830327 1.4240971948285982e-13 0.0 9.794840052720776e-14 ""
12851 704 2006-09-18 Ia pW6 0.0 0.0 0.0 21.987931928258345 0.0 52.803214417053645 5.619491173993464e-16 0.0 8.353483807543731e-16 ""
12851 704 2006-09-18 Ia pW7 0.0 0.0 0.0 210.9302351163675 0.0 58.784730596241836 4.246936093969024e-15 0.0 1.673335522704015e-15 ""
12853 685 2006-09-13 Ia pW6 0.0 0.0 0.0 53.15916728177013 0.0 19.248789238702187 8.809986355157594e-16 0.0 3.797357230150575e-16 ""
12853 685 2006-09-13 Ia pW7 0.0 0.0 0.0 110.05576738383968 0.0 79.10640516696772 1.808524406071517e-15 0.0 1.232815411873647e-15 ""
12855 716 2006-09-15 Ia pW6 0.0 0.0 0.0 8.635320394157112 0.0 12.920568658428987 2.9442614339770555e-16 0.0 4.2262465972140465e-16 ""
12855 716 2006-09-15 Ia pW7 0.0 0.0 0.0 49.28747419390999 0.0 18.38787044114017 1.5549946532102825e-15 0.0 6.394088145706388e-16 ""
12856 695 2006-09-15 Ia pW6 0.0 0.0 0.0 6.290087494655718 0.0 14.89372030942397 2.3727006050346547e-16 0.0 5.116459276884763e-16 ""
12856 695 2006-09-15 Ia pW7 0.0 0.0 0.0 152.83918668480962 0.0 70.08903288099428 6.917173641415063e-15 0.0 3.785309742123092e-15 ""
12860 688 2006-09-13 Ia pW6 0.0 0.0 0.0 15.83632330290523 0.0 10.01913108545843 5.047352771288296e-16 0.0 3.2797124122358717e-16 ""
12860 688 2006-09-13 Ia pW7 0.0 0.0 0.0 119.7987897444205 0.0 72.8232592196918 4.2219811198814656e-15 0.0 2.7532118369647016e-15 ""
12860 688 2006-09-15 Ia pW6 nan nan nan nan nan nan nan nan nan "Feature not in spectral wavelength range."
12860 688 2006-09-15 Ia pW7 nan nan nan nan nan nan nan nan nan "Feature not in spectral wavelength range."
12869 740 2006-09-18 Ia pW6 0.0 0.0 0.0 26.001675110361887 0.0 28.38905486985895 3.0686069092745725e-16 0.0 3.20789876329836e-16 ""
12869 740 2006-09-18 Ia pW7 0.0 0.0 0.0 264.5234511421724 0.0 82.0496163520438 3.5192242641717695e-15 0.0 1.8444751145106116e-15 ""
12874 689 2006-09-13 Ia pW6 0.0 0.0 0.0 25.196362494210952 0.0 20.496207579399425 9.170932655475258e-16 0.0 7.046115986083984e-16 ""
12874 689 2006-09-13 Ia pW7 0.0 0.0 0.0 208.6762914536678 0.0 69.43545449815993 9.141149916690235e-15 0.0 3.962738015032856e-15 ""
12881 817 2006-09-21 Ia pW6 0.0 0.0 0.0 22.251432249371366 0.0 19.12803209207852 3.7326934605822507e-16 0.0 3.449969931167277e-16 ""
12881 817 2006-09-21 Ia pW7 0.0 0.0 0.0 223.11277088941242 0.0 76.19864033014807 4.865668862207668e-15 0.0 2.19411909015148e-15 ""
12883 742 2006-09-17 Ia pW6 0.0 0.0 0.0 12.588460492026584 0.0 21.271771725689604 2.8045869559246093e-16 0.0 3.8490471180172896e-16 ""
12883 742 2006-09-17 Ia pW7 0.0 0.0 0.0 63.08033232222904 0.0 45.35510458207602 1.2669798584784042e-15 0.0 9.475681838241516e-16 ""
12897 719 2006-09-15 Ia pW6 0.0 0.0 0.0 67.69829172272134 0.0 10.687994798265061 2.7623918158546683e-14 0.0 5.416883416106773e-15 ""
12897 719 2006-09-15 Ia pW7 0.0 0.0 0.0 140.72567453048023 0.0 44.73246770252653 6.565355761743767e-14 0.0 2.867915529619226e-14 ""
12898 712 2006-09-17 Ia pW6 0.0 0.0 0.0 6.820567126903799 0.0 7.06270861303985 6.017653975868939e-16 0.0 6.257085670462814e-16 ""
12898 712 2006-09-17 Ia pW7 0.0 0.0 0.0 215.3057110682977 0.0 85.07779098616713 2.8259788980567915e-14 0.0 1.5305059132021356e-14 ""
12898 712 2006-10-17 Ia pW6 0.0 0.0 0.0 34.43609085845096 0.0 11.68019841816448 7.803070749344728e-15 0.0 3.008125470329382e-15 ""
12898 712 2006-10-17 Ia pW7 0.0 0.0 0.0 261.29080723880384 0.0 107.4978339763396 1.1752104806889876e-13 0.0 8.52377532150379e-14 ""
12898 712 2006-10-20 Ia pW6 0.0 0.0 0.0 33.93762853085639 0.0 6.345175693869325 4.506103857248455e-15 0.0 9.380646386933756e-16 ""
12898 712 2006-10-20 Ia pW7 0.0 0.0 0.0 249.3242455220621 0.0 70.60187185113318 4.9236574767272564e-14 0.0 2.1671584032386214e-14 ""
12907 714 2006-09-17 Ia pW6 0.0 0.0 0.0 3.1615379662663723 0.0 3.4287463338053996 3.9416323475730555e-16 0.0 4.210971023166624e-16 ""
12907 714 2006-09-17 Ia pW7 0.0 0.0 0.0 44.15117061543577 0.0 12.689654568046508 5.382611447145262e-15 0.0 1.6441842705644985e-15 ""
12927 690 2006-09-14 Ia pW6 0.0 0.0 0.0 15.800868855288394 0.0 8.099912244091545 4.56953717022354e-16 0.0 2.398461274279545e-16 ""
12927 690 2006-09-14 Ia pW7 0.0 0.0 0.0 152.24379248189902 0.0 102.57186873010704 5.8169899077533785e-15 0.0 4.1368860465986156e-15 ""
12928 686 2006-09-13 Ia pW6 0.0 0.0 0.0 58.92246531650328 0.0 11.096209011748208 9.097121151243497e-16 0.0 2.0371749947194101e-16 ""
12928 686 2006-09-13 Ia pW7 0.0 0.0 0.0 92.03046951040628 0.0 28.765694624894667 1.4242979951883284e-15 0.0 5.160190030316385e-16 ""
12930 687 2006-09-13 Ia pW6 0.0 0.0 0.0 24.107927580304246 0.0 11.672690869141745 5.081208116386821e-16 0.0 2.655034882474464e-16 ""
12930 687 2006-09-13 Ia pW7 0.0 0.0 0.0 99.91254026878032 0.0 24.165948154009463 2.030378595222523e-15 0.0 5.643377035028974e-16 ""
12950 1055 2006-09-17 Ia pW6 0.0 0.0 0.0 8.97671367013025 0.0 8.471201635009125 6.259269897063145e-16 0.0 5.977090548050278e-16 ""
12950 1055 2006-09-17 Ia pW7 0.0 0.0 0.0 144.67081879449069 0.0 71.06751227771898 1.1814360794512126e-14 0.0 7.708449174655173e-15 ""
12950 1055 2006-10-16 Ia pW6 0.0 0.0 0.0 33.579119840479315 0.0 10.159026439624462 3.45164681190673e-16 0.0 1.1598201941940335e-16 ""
12950 1055 2006-10-16 Ia pW7 0.0 0.0 0.0 212.76080783700607 0.0 101.55611470735937 2.9968764414577054e-15 0.0 2.426142800797787e-15 ""
12971 717 2006-09-14 Ia pW6 0.0 0.0 0.0 39.7213656274053 0.0 110.30948307418342 1.0760975213445954e-15 0.0 1.6641502816292462e-15 ""
12971 717 2006-09-14 Ia pW7 nan nan nan nan nan nan nan nan nan "Feature not in spectral wavelength range."
12972 744 2006-09-17 Ia pW6 0.0 0.0 0.0 41.68961192663735 0.0 8.295180380606196 4.2777268614323173e-16 0.0 9.803285133862291e-17 ""
12972 744 2006-09-17 Ia pW7 0.0 0.0 0.0 207.70796953904238 0.0 134.49385979059304 3.4956218773422793e-15 0.0 3.2924871760082625e-15 ""
12977 772 2006-09-18 Ia pW6 0.0 0.0 0.0 4.251917922276177 0.0 6.866303472758756 9.827465556859182e-17 0.0 1.5278718168193665e-16 ""
12977 772 2006-09-18 Ia pW7 0.0 0.0 0.0 111.78370362897695 0.0 72.3366553613636 2.3509581263777868e-15 0.0 1.6905687743100585e-15 ""
12979 769 2006-09-18 Ia-pec pW6 0.0 0.0 0.0 37.951683956993136 0.0 11.228818010197326 9.912552043677017e-16 0.0 3.2478793641678144e-16 ""
12979 769 2006-09-18 Ia-pec pW7 0.0 0.0 0.0 85.8632771234433 0.0 20.23305247579016 1.9904194865184423e-15 0.0 5.537095561244844e-16 ""
12983 709 2006-09-19 Ia pW6 0.0 0.0 0.0 28.10802163928649 0.0 8.197124418217179 1.1817890284894503e-15 0.0 3.993374480113881e-16 ""
12983 709 2006-09-19 Ia pW7 0.0 0.0 0.0 249.09794235020271 0.0 148.0701302895288 2.064338471843204e-14 0.0 1.5512202318978418e-14 ""
13005 702 2006-09-15 Ia pW6 0.0 0.0 0.0 59.290772421750454 0.0 15.419898523383207 5.268030391074279e-16 0.0 1.7680287882031249e-16 ""
13005 702 2006-09-15 Ia pW7 0.0 0.0 0.0 205.20332222983532 0.0 67.0315195751468 1.907844330247529e-15 0.0 9.044411970212426e-16 ""
13025 761 2006-09-17 Ia pW6 0.0 0.0 0.0 12.131907529674946 0.0 5.321421359825719 1.8056577860855538e-16 0.0 8.479629548407132e-17 ""
13025 761 2006-09-17 Ia pW7 0.0 0.0 0.0 165.59118327566753 0.0 74.70856342161197 2.6179020312263433e-15 0.0 1.439079299882184e-15 ""
13038 786 2006-09-17 Ia pW6 0.0 0.0 0.0 37.3237754582912 0.0 18.615602517254153 7.308282708332742e-15 0.0 4.078124237904008e-15 ""
13038 786 2006-09-17 Ia pW7 0.0 0.0 0.0 126.24796639018638 0.0 22.63098864751616 2.0782907917112177e-14 0.0 4.661198169007636e-15 ""
13044 724 2006-09-16 Ia pW6 0.0 0.0 0.0 13.256369762354517 0.0 12.708559248455892 2.6704121884188886e-16 0.0 2.4239123308151464e-16 ""
13044 724 2006-09-16 Ia pW7 0.0 0.0 0.0 116.42337313195229 0.0 53.96928010092126 2.2101660521007024e-15 0.0 1.345199192136069e-15 ""
13044 724 2006-10-18 Ia pW6 0.0 0.0 0.0 78.33640588292435 0.0 18.637737665546815 1.5098219083405594e-16 0.0 4.482377815636771e-17 ""
13044 724 2006-10-18 Ia pW7 0.0 0.0 0.0 129.90952741640533 0.0 116.3357074384371 2.6864142579774683e-16 0.0 1.8910821413847757e-16 ""
13045 734 2006-09-16 Ia pW6 0.0 0.0 0.0 20.175382814532234 0.0 17.23815440270456 6.536184546102479e-16 0.0 5.468555935689106e-16 ""
13045 734 2006-09-16 Ia pW7 0.0 0.0 0.0 42.45778791770944 0.0 12.711999593861043 1.3518363824517173e-15 0.0 4.578988164939988e-16 ""
13070 736 2006-09-17 Ia pW6 0.0 0.0 0.0 13.80724045950435 0.0 3.9381412420821498 4.59371268227605e-16 0.0 1.3865710532631882e-16 ""
