results/spec_class/sdss_sako18spec_rv3_1_bin5_methavg_step0.ecsv
# %ECSV 0.9
# ---
# datatype:
# - {name: obj_id, datatype: string}
# - {name: sid, datatype: string}
# - {name: date, datatype: string}
# - {name: type, datatype: string}
# - {name: feat_name, datatype: string}
# - {name: vel, datatype: float64}
# - {name: vel_err, datatype: float64}
# - {name: vel_samperr, datatype: float64}
# - {name: pew, datatype: float64}
# - {name: pew_err, datatype: float64}
# - {name: pew_samperr, datatype: float64}
# - {name: area, datatype: float64}
# - {name: area_err, datatype: float64}
# - {name: area_samperr, datatype: float64}
# - {name: msg, datatype: string}
# schema: astropy-2.0
obj_id sid date type feat_name vel vel_err vel_samperr pew pew_err pew_samperr area area_err area_samperr msg
[from data line 634]
17215 1755 2007-09-10 Ia pW6 0.0 0.0 0.0 50.31788576195305 0.0 0.0 1.693252205417735e-15 0.0 0.0 ""
17215 1755 2007-09-10 Ia pW7 nan nan nan nan nan nan nan nan nan "Feature not in spectral wavelength range."
17218 1794 2007-09-19 Ia pW6 0.0 0.0 0.0 14.429797617807395 0.0 0.0 4.2173769483471396e-16 0.0 0.0 ""
17218 1794 2007-09-19 Ia pW7 0.0 0.0 0.0 272.12592818879193 0.0 0.0 9.371767159372716e-15 0.0 0.0 ""
17220 1791 2007-09-19 Ia pW6 0.0 0.0 0.0 17.984983783641297 0.0 0.0 9.391647839826408e-16 0.0 0.0 ""
17220 1791 2007-09-19 Ia pW7 0.0 0.0 0.0 168.25108914709426 0.0 0.0 1.0458104521343166e-14 0.0 0.0 ""
17223 1793 2007-09-19 Ia pW6 0.0 0.0 0.0 58.02397133033969 0.0 0.0 2.552670342840772e-16 0.0 0.0 ""
17223 1793 2007-09-19 Ia pW7 0.0 0.0 0.0 28.625898234610986 0.0 0.0 1.2462603850569216e-15 0.0 0.0 ""
17253 1898 2007-09-19 Ia pW6 0.0 0.0 0.0 83.29828413854977 0.0 0.0 2.10154061947338e-15 0.0 0.0 ""
17253 1898 2007-09-19 Ia pW7 0.0 0.0 0.0 153.2292216123268 0.0 0.0 3.8098856551087185e-15 0.0 0.0 ""
17254 1813 2007-09-19 Ia pW6 0.0 0.0 0.0 27.21552079340148 0.0 0.0 4.499370040087388e-16 0.0 0.0 ""
17254 1813 2007-09-19 Ia pW7 0.0 0.0 0.0 378.73608939826397 0.0 0.0 1.4874210561074012e-14 0.0 0.0 ""
17258 1900 2007-09-19 Ia pW6 0.0 0.0 0.0 43.23933769413867 0.0 0.0 2.600121215976131e-15 0.0 0.0 ""
17258 1900 2007-09-19 Ia pW7 0.0 0.0 0.0 280.31651594225036 0.0 0.0 2.168231310507724e-14 0.0 0.0 ""
17274 1751 2007-09-11 Ia pW6 0.0 0.0 0.0 28.171049494139197 0.0 0.0 7.742134019790191e-16 0.0 0.0 ""
17274 1751 2007-09-11 Ia pW7 nan nan nan nan nan nan nan nan nan "Feature not in spectral wavelength range."
17280 1752 2007-09-09 Ia pW6 0.0 0.0 0.0 155.79145663065094 0.0 0.0 4.467777378003748e-15 0.0 0.0 ""
17280 1752 2007-09-09 Ia pW7 nan nan nan nan nan nan nan nan nan "Feature not in spectral wavelength range."
17332 1899 2007-09-19 Ia pW6 0.0 0.0 0.0 37.27036057582808 0.0 0.0 6.707917650557682e-16 0.0 0.0 ""
17332 1899 2007-09-19 Ia pW7 0.0 0.0 0.0 188.36879433030614 0.0 0.0 3.0242819854520957e-15 0.0 0.0 ""
17340 2114 2007-10-07 Ia pW6 0.0 0.0 0.0 -221.8882439873929 0.0 0.0 -7.653926006627811e-16 0.0 0.0 ""
17340 2114 2007-10-07 Ia pW7 0.0 0.0 0.0 355.61215894015044 0.0 0.0 6.3211920625074765e-15 0.0 0.0 ""
17366 1782 2007-09-09 Ia pW6 0.0 0.0 0.0 58.070404599806096 0.0 0.0 2.25967130554296e-15 0.0 0.0 ""
17366 1782 2007-09-09 Ia pW7 nan nan nan nan nan nan nan nan nan "Feature not in spectral wavelength range."
17366 1782 2007-09-11 Ia pW6 0.0 0.0 0.0 54.419075923818355 0.0 0.0 2.8736070738576595e-15 0.0 0.0 ""
17366 1782 2007-09-11 Ia pW7 nan nan nan nan nan nan nan nan nan "Feature not in spectral wavelength range."
17366 1782 2007-09-18 Ia pW6 0.0 0.0 0.0 39.14370305249179 0.0 0.0 6.627247551066128e-16 0.0 0.0 ""
17366 1782 2007-09-18 Ia pW7 0.0 0.0 0.0 88.59070778792375 0.0 0.0 1.29017193021083e-15 0.0 0.0 ""
17389 1811 2007-09-11 Ia pW6 0.0 0.0 0.0 10.650339315288107 0.0 0.0 6.161663253989701e-16 0.0 0.0 ""
17389 1811 2007-09-11 Ia pW7 nan nan nan nan nan nan nan nan nan "Feature not in spectral wavelength range."
17389 1811 2007-09-18 Ia pW6 0.0 0.0 0.0 20.13430353080392 0.0 0.0 3.682049501731856e-16 0.0 0.0 ""
17389 1811 2007-09-18 Ia pW7 0.0 0.0 0.0 196.0512343327532 0.0 0.0 4.0602037550277025e-15 0.0 0.0 ""
17391 1872 2007-09-19 Ia pW6 0.0 0.0 0.0 62.28574153548021 0.0 0.0 4.329631250637286e-16 0.0 0.0 ""
17391 1872 2007-09-19 Ia pW7 0.0 0.0 0.0 253.44458205761902 0.0 0.0 2.1567960144158834e-15 0.0 0.0 ""
17435 1902 2007-09-20 Ia pW6 0.0 0.0 0.0 45.507840672768 0.0 0.0 4.898240725230199e-16 0.0 0.0 ""
17435 1902 2007-09-20 Ia pW7 0.0 0.0 0.0 192.03163240939753 0.0 0.0 2.1925358144502135e-15 0.0 0.0 ""
17460 1999 2007-09-22 Ia pW6 0.0 0.0 0.0 78.07047240572183 0.0 0.0 1.425649698105001e-15 0.0 0.0 ""
17460 1999 2007-09-22 Ia pW7 0.0 0.0 0.0 192.01739589445413 0.0 0.0 4.707155555368877e-15 0.0 0.0 ""
17464 1853 2007-09-18 Ia pW6 0.0 0.0 0.0 72.98807423710343 0.0 0.0 5.059198364511494e-16 0.0 0.0 ""
17464 1853 2007-09-18 Ia pW7 0.0 0.0 0.0 224.72079177676534 0.0 0.0 1.5629978032444756e-15 0.0 0.0 ""
17497 1837 2007-09-19 Ia pW6 0.0 0.0 0.0 15.001471226747213 0.0 0.0 6.652640553217229e-16 0.0 0.0 ""
17497 1837 2007-09-19 Ia pW7 0.0 0.0 0.0 91.90285232272913 0.0 0.0 3.477822230936104e-15 0.0 0.0 ""
17500 2249 2007-10-14 Ia pW6 0.0 0.0 0.0 137.03968916465823 0.0 0.0 8.219200627679886e-16 0.0 0.0 ""
17500 2249 2007-10-14 Ia pW7 0.0 0.0 0.0 219.5592713196155 0.0 0.0 1.1431931759239101e-15 0.0 0.0 ""
17528 1803 2007-09-15 Ia pW6 0.0 0.0 0.0 43.187217209936705 0.0 0.0 2.0844776212605216e-15 0.0 0.0 ""
17528 1803 2007-09-15 Ia pW7 0.0 0.0 0.0 159.89353332929875 0.0 0.0 8.350783979807541e-15 0.0 0.0 ""
17552 1789 2007-09-19 Ia pW6 0.0 0.0 0.0 38.77860511412757 0.0 0.0 4.4775861884278e-16 0.0 0.0 ""
17552 1789 2007-09-19 Ia pW7 0.0 0.0 0.0 251.17570819704412 0.0 0.0 2.6668878359076766e-15 0.0 0.0 ""
17568 2941 2007-09-20 Ia pW6 0.0 0.0 0.0 15.802917320876247 0.0 0.0 2.678169835157876e-16 0.0 0.0 ""
17568 2941 2007-09-20 Ia pW7 0.0 0.0 0.0 59.96364713189149 0.0 0.0 1.0374117882057573e-15 0.0 0.0 ""
17605 1809 2007-09-19 Ia pW6 0.0 0.0 0.0 12.039590841845694 0.0 0.0 1.3952694148041854e-15 0.0 0.0 ""
17605 1809 2007-09-19 Ia pW7 0.0 0.0 0.0 289.22885515083146 0.0 0.0 5.5697391295062644e-14 0.0 0.0 ""
17629 1983 2007-09-19 Ia pW6 0.0 0.0 0.0 17.773040722872395 0.0 0.0 1.0086572219931602e-15 0.0 0.0 ""
17629 1983 2007-09-19 Ia pW7 0.0 0.0 0.0 127.0966315344881 0.0 0.0 8.649634590087227e-15 0.0 0.0 ""
17745 2944 2007-09-19 Ia pW6 0.0 0.0 0.0 3.0857375362625987 0.0 0.0 3.823977605823068e-16 0.0 0.0 ""
17745 2944 2007-09-19 Ia pW7 0.0 0.0 0.0 131.53155490381744 0.0 0.0 1.5971855007653094e-14 0.0 0.0 ""
17745 2944 2007-09-30 Ia pW6 0.0 0.0 0.0 6.623388585789172 0.0 0.0 1.847433229036772e-15 0.0 0.0 ""
17745 2944 2007-09-30 Ia pW7 0.0 0.0 0.0 57.89680881125787 0.0 0.0 1.3361183175054824e-14 0.0 0.0 ""
17745 2944 2007-10-10 Ia pW6 0.0 0.0 0.0 39.67008694825893 0.0 0.0 8.028516474786558e-15 0.0 0.0 ""
17745 2944 2007-10-10 Ia pW7 0.0 0.0 0.0 93.11225078961479 0.0 0.0 1.4049633013709094e-14 0.0 0.0 ""
17745 2944 2007-10-16 Ia pW6 0.0 0.0 0.0 46.19046573945758 0.0 0.0 2.5093972013717674e-15 0.0 0.0 ""
17745 2944 2007-10-16 Ia pW7 0.0 0.0 0.0 200.06946112286323 0.0 0.0 1.2033855594738364e-14 0.0 0.0 ""
17745 2944 2007-10-19 Ia pW6 0.0 0.0 0.0 79.59552367746602 0.0 0.0 1.45423407275966e-14 0.0 0.0 ""
17745 2944 2007-10-19 Ia pW7 0.0 0.0 0.0 226.9532406891251 0.0 0.0 4.499882476018646e-14 0.0 0.0 ""
17745 2944 2007-11-10 Ia pW6 0.0 0.0 0.0 40.265331483693615 0.0 0.0 3.1184611802154154e-15 0.0 0.0 ""
17745 2944 2007-11-10 Ia pW7 0.0 0.0 0.0 244.77282122784203 0.0 0.0 1.9594432167545466e-14 0.0 0.0 ""
17745 2944 2007-11-17 Ia pW6 0.0 0.0 0.0 49.747221453118584 0.0 0.0 4.35900471700471e-15 0.0 0.0 ""
17745 2944 2007-11-17 Ia pW7 0.0 0.0 0.0 290.41484343709453 0.0 0.0 3.0882778861644666e-14 0.0 0.0 ""
17784 2093 2007-09-18 Ia pW6 0.0 0.0 0.0 17.588695710313004 0.0 0.0 4.101579732498891e-15 0.0 0.0 ""
17784 2093 2007-09-18 Ia pW7 0.0 0.0 0.0 119.29161674902184 0.0 0.0 1.9608796581345314e-14 0.0 0.0 ""
17784 2093 2007-09-29 Ia pW6 0.0 0.0 0.0 39.614485888909655 0.0 0.0 2.6014254109627418e-14 0.0 0.0 ""
17784 2093 2007-09-29 Ia pW7 0.0 0.0 0.0 121.2481809443994 0.0 0.0 6.243483390707824e-14 0.0 0.0 ""
17784 2093 2007-10-07 Ia pW6 0.0 0.0 0.0 94.75697963966479 0.0 0.0 1.376790543041327e-14 0.0 0.0 ""
17784 2093 2007-10-07 Ia pW7 0.0 0.0 0.0 140.83342984354545 0.0 0.0 1.839560682473167e-14 0.0 0.0 ""
17784 2093 2007-10-11 Ia pW6 0.0 0.0 0.0 86.51697504437942 0.0 0.0 2.3099103151343332e-14 0.0 0.0 ""
17784 2093 2007-10-11 Ia pW7 0.0 0.0 0.0 140.7888499323289 0.0 0.0 3.530633678238151e-14 0.0 0.0 ""
17784 2093 2007-10-20 Ia pW6 0.0 0.0 0.0 65.80293586345164 0.0 0.0 1.3583968257750906e-14 0.0 0.0 ""
17784 2093 2007-10-20 Ia pW7 0.0 0.0 0.0 213.35938195956248 0.0 0.0 3.8718394654265417e-14 0.0 0.0 ""
17784 2093 2007-11-09 Ia pW6 0.0 0.0 0.0 72.94113696954327 0.0 0.0 4.445885686062551e-15 0.0 0.0 ""
17784 2093 2007-11-09 Ia pW7 0.0 0.0 0.0 239.41447067085733 0.0 0.0 1.2462840692629882e-14 0.0 0.0 ""
17784 2093 2007-12-02 Ia pW6 0.0 0.0 0.0 114.33624482796546 0.0 0.0 4.50335522191135e-15 0.0 0.0 ""
17784 2093 2007-12-02 Ia pW7 0.0 0.0 0.0 241.696636709149 0.0 0.0 8.89797797544564e-15 0.0 0.0 ""
17790 1887 2007-09-18 Ia pW6 0.0 0.0 0.0 49.488570704914025 0.0 0.0 1.5007828335093166e-15 0.0 0.0 ""
17790 1887 2007-09-18 Ia pW7 0.0 0.0 0.0 204.39936714179203 0.0 0.0 6.071827655217957e-15 0.0 0.0 ""
17791 1864 2007-10-04 Ia pW6 0.0 0.0 0.0 95.46709514677386 0.0 0.0 1.4688578447106848e-15 0.0 0.0 ""
17791 1864 2007-10-04 Ia pW7 0.0 0.0 0.0 382.28590883065 0.0 0.0 7.802995666428064e-15 0.0 0.0 ""
17801 2106 2007-10-07 Ia pW6 0.0 0.0 0.0 52.83932928543794 0.0 0.0 1.0879371587976227e-15 0.0 0.0 ""
17801 2106 2007-10-07 Ia pW7 0.0 0.0 0.0 251.98621768146108 0.0 0.0 5.089354291878912e-15 0.0 0.0 ""
17809 2108 2007-10-08 Ia pW6 0.0 0.0 0.0 72.7012071900619 0.0 0.0 8.304960954040929e-16 0.0 0.0 ""
17809 2108 2007-10-08 Ia pW7 0.0 0.0 0.0 111.43994390976394 0.0 0.0 9.174563524280547e-16 0.0 0.0 ""
17811 1816 2007-09-18 Ia pW6 0.0 0.0 0.0 43.33052241871454 0.0 0.0 5.257047203127946e-16 0.0 0.0 ""
17811 1816 2007-09-18 Ia pW7 0.0 0.0 0.0 177.6072676603289 0.0 0.0 1.9666533031102197e-15 0.0 0.0 ""
17825 1819 2007-09-18 Ia pW6 0.0 0.0 0.0 61.317978141708124 0.0 0.0 6.82474648874341e-16 0.0 0.0 ""
17825 1819 2007-09-18 Ia pW7 0.0 0.0 0.0 105.38515719669172 0.0 0.0 1.0730825464411696e-15 0.0 0.0 ""
17875 1817 2007-09-20 Ia pW6 0.0 0.0 0.0 26.259574995633614 0.0 0.0 2.5656772210958935e-16 0.0 0.0 ""
17875 1817 2007-09-20 Ia pW7 0.0 0.0 0.0 70.88121755883094 0.0 0.0 6.606537231466907e-16 0.0 0.0 ""
17880 2099 2007-09-18 Ia pW6 0.0 0.0 0.0 18.563990331518767 0.0 0.0 2.063229556087258e-15 0.0 0.0 ""
17880 2099 2007-09-18 Ia pW7 0.0 0.0 0.0 197.3479573490165 0.0 0.0 1.7889899429624213e-14 0.0 0.0 ""
17880 2099 2007-09-21 Ia pW6 0.0 0.0 0.0 13.529134926626654 0.0 0.0 9.601800978528269e-16 0.0 0.0 ""
17880 2099 2007-09-21 Ia pW7 0.0 0.0 0.0 191.34321759112913 0.0 0.0 1.271215615636532e-14 0.0 0.0 ""
17880 2099 2007-10-07 Ia pW6 0.0 0.0 0.0 74.4161745247707 0.0 0.0 1.3132466590368415e-15 0.0 0.0 ""
17880 2099 2007-10-07 Ia pW7 0.0 0.0 0.0 219.67023744580774 0.0 0.0 4.553177012550827e-15 0.0 0.0 ""
17880 2099 2007-10-16 Ia pW6 0.0 0.0 0.0 19.98160475357676 0.0 0.0 7.137551054553345e-16 0.0 0.0 ""
17880 2099 2007-10-16 Ia pW7 0.0 0.0 0.0 226.54906189759572 0.0 0.0 9.217102040899057e-15 0.0 0.0 ""
17884 2087 2007-10-07 Ia pW6 0.0 0.0 0.0 193.6373433674682 0.0 0.0 1.0709044863096798e-15 0.0 0.0 ""
17884 2087 2007-10-07 Ia pW7 nan nan nan nan nan nan nan nan nan "Feature not in spectral wavelength range."
17886 1844 2007-09-18 Ia pW6 0.0 0.0 0.0 64.62765082067006 0.0 0.0 1.2373806194377433e-14 0.0 0.0 ""
17886 1844 2007-09-18 Ia pW7 0.0 0.0 0.0 133.39466068011274 0.0 0.0 2.3205333143241563e-14 0.0 0.0 ""
17886 1844 2007-10-06 Ia pW6 0.0 0.0 0.0 65.70309286183607 0.0 0.0 5.234101035385738e-15 0.0 0.0 ""
17886 1844 2007-10-06 Ia pW7 0.0 0.0 0.0 207.71952925680563 0.0 0.0 1.55616183907457e-14 0.0 0.0 ""
17886 1844 2007-10-10 Ia pW6 0.0 0.0 0.0 11.558195306275934 0.0 0.0 2.129991097679737e-15 0.0 0.0 ""
17886 1844 2007-10-10 Ia pW7 0.0 0.0 0.0 178.75816901406893 0.0 0.0 2.8948902913641195e-14 0.0 0.0 ""
17886 1844 2007-10-19 Ia pW6 0.0 0.0 0.0 8.889191498560024 0.0 0.0 2.587320211291009e-14 0.0 0.0 ""
17886 1844 2007-10-19 Ia pW7 0.0 0.0 0.0 46.68423865143882 0.0 0.0 1.3378397887480453e-13 0.0 0.0 ""
1794 116 2005-09-24 Ia pW6 0.0 0.0 0.0 38.89965262867463 0.0 0.0 1.4195347804817608e-15 0.0 0.0 ""
1794 116 2005-09-24 Ia pW7 0.0 0.0 0.0 127.95667728500598 0.0 0.0 4.222039728792983e-15 0.0 0.0 ""
18030 2124 2007-10-08 Ia pW6 0.0 0.0 0.0 20.621367493645067 0.0 0.0 1.1813561366349859e-15 0.0 0.0 ""
18030 2124 2007-10-08 Ia pW7 0.0 0.0 0.0 69.96162279625906 0.0 0.0 3.324899579253924e-15 0.0 0.0 ""
18091 2112 2007-10-08 Ia pW6 0.0 0.0 0.0 27.125973508633194 0.0 0.0 1.698268590117396e-15 0.0 0.0 ""
18091 2112 2007-10-08 Ia pW7 0.0 0.0 0.0 387.2347474060409 0.0 0.0 3.929834281900072e-14 0.0 0.0 ""
18241 2942 2007-09-28 Ia pW6 0.0 0.0 0.0 21.010727982702065 0.0 0.0 1.877611396145602e-15 0.0 0.0 ""
18241 2942 2007-09-28 Ia pW7 0.0 0.0 0.0 176.68667605703894 0.0 0.0 1.2742339549898787e-14 0.0 0.0 ""
18298 2191 2007-10-11 Ia pW6 0.0 0.0 0.0 22.95718150433649 0.0 0.0 6.216773603493945e-15 0.0 0.0 ""
18298 2191 2007-10-11 Ia pW7 nan nan nan nan nan nan nan nan nan "Feature not in spectral wavelength range."
18323 2117 2007-10-06 Ia pW6 0.0 0.0 0.0 24.272878115280577 0.0 0.0 7.622268071312406e-16 0.0 0.0 ""
18323 2117 2007-10-06 Ia pW7 0.0 0.0 0.0 99.2760177714984 0.0 0.0 2.502445435731089e-15 0.0 0.0 ""
18325 2277 2007-10-17 Ia pW6 0.0 0.0 0.0 39.87926758440841 0.0 0.0 3.016547271533994e-16 0.0 0.0 ""
18325 2277 2007-10-17 Ia pW7 0.0 0.0 0.0 112.90456962907811 0.0 0.0 8.207246837258536e-16 0.0 0.0 ""
18375 2287 2007-10-10 Ia pW6 0.0 0.0 0.0 12.384061034168639 0.0 0.0 1.86123580676126e-15 0.0 0.0 ""
18375 2287 2007-10-10 Ia pW7 0.0 0.0 0.0 112.92469466577222 0.0 0.0 1.562513096327507e-14 0.0 0.0 ""
18375 2287 2007-10-16 Ia pW6 0.0 0.0 0.0 14.4625464557611 0.0 0.0 1.779704112174515e-15 0.0 0.0 ""
18375 2287 2007-10-16 Ia pW7 0.0 0.0 0.0 93.03489969873544 0.0 0.0 1.144365166656874e-14 0.0 0.0 ""
18375 2287 2007-10-21 Ia pW6 0.0 0.0 0.0 29.199579422638237 0.0 0.0 4.14440150576465e-15 0.0 0.0 ""
18375 2287 2007-10-21 Ia pW7 0.0 0.0 0.0 117.59127653773407 0.0 0.0 1.6594621576686935e-14 0.0 0.0 ""
18415 2024 2007-10-04 Ia? pW6 0.0 0.0 0.0 49.31969412054195 0.0 0.0 1.8763916687721303e-15 0.0 0.0 ""
18415 2024 2007-10-04 Ia? pW7 0.0 0.0 0.0 89.27222476183022 0.0 0.0 3.2219896352389903e-15 0.0 0.0 ""
18415 2024 2007-10-06 Ia pW6 0.0 0.0 0.0 21.089417903897413 0.0 0.0 1.1233574678816961e-15 0.0 0.0 ""
18415 2024 2007-10-06 Ia pW7 0.0 0.0 0.0 91.06602111243626 0.0 0.0 4.032587161794549e-15 0.0 0.0 ""
18451 2292 2007-10-15 Ia? pW6 0.0 0.0 0.0 83.16350663836621 0.0 0.0 1.953534267314135e-15 0.0 0.0 ""
18451 2292 2007-10-15 Ia? pW7 0.0 0.0 0.0 542.5230625149368 0.0 0.0 -2.4130295768837657e-15 0.0 0.0 ""
18456 2187 2007-10-12 Ia pW6 0.0 0.0 0.0 50.4000167080211 0.0 0.0 2.050335614936342e-15 0.0 0.0 ""
18456 2187 2007-10-12 Ia pW7 0.0 0.0 0.0 137.18329434644255 0.0 0.0 5.519367136079202e-15 0.0 0.0 ""
18463 2110 2007-10-08 Ia pW6 0.0 0.0 0.0 -54.51648227849114 0.0 0.0 -5.436751945162211e-16 0.0 0.0 ""
18463 2110 2007-10-08 Ia pW7 0.0 0.0 0.0 -1277.3954511110423 0.0 0.0 1.7900892682810382e-16 0.0 0.0 ""
18466 2270 2007-10-14 Ia pW6 0.0 0.0 0.0 75.75277830237115 0.0 0.0 3.913623361596404e-16 0.0 0.0 ""
18466 2270 2007-10-14 Ia pW7 0.0 0.0 0.0 155.54968222618072 0.0 0.0 7.14121794490661e-16 0.0 0.0 ""
18485 2219 2007-10-20 Ia pW6 0.0 0.0 0.0 22.568068831971857 0.0 0.0 2.6675069955485025e-16 0.0 0.0 ""
18485 2219 2007-10-20 Ia pW7 0.0 0.0 0.0 230.7260273627818 0.0 0.0 3.4320012189145427e-15 0.0 0.0 ""
18486 2186 2007-10-11 Ia pW6 0.0 0.0 0.0 7.691936776152204 0.0 0.0 1.330266991060446e-16 0.0 0.0 ""
18486 2186 2007-10-11 Ia pW7 0.0 0.0 0.0 225.24757489797375 0.0 0.0 2.5128995897714934e-15 0.0 0.0 ""
18602 2849 2007-10-11 Ia pW6 0.0 0.0 0.0 8.09610737141611 0.0 0.0 2.540093251647115e-16 0.0 0.0 ""
18602 2849 2007-10-11 Ia pW7 0.0 0.0 0.0 159.8323705651917 0.0 0.0 4.2058947818010666e-15 0.0 0.0 ""
18604 2139 2007-10-10 Ia pW6 0.0 0.0 0.0 62.16760953695126 0.0 0.0 1.4333366676230346e-15 0.0 0.0 ""
18604 2139 2007-10-10 Ia pW7 0.0 0.0 0.0 203.2216960521323 0.0 0.0 4.768361516354729e-15 0.0 0.0 ""
18612 2121 2007-10-08 Ia pW6 0.0 0.0 0.0 9.29534503218676 0.0 0.0 8.599646338527326e-16 0.0 0.0 ""
18612 2121 2007-10-08 Ia pW7 0.0 0.0 0.0 152.34873043539164 0.0 0.0 1.6545079891620235e-14 0.0 0.0 ""
18617 2155 2007-10-15 Ia pW6 0.0 0.0 0.0 64.31627269367999 0.0 0.0 2.9014902584426344e-15 0.0 0.0 ""
